{"type": "list", "data": [{"type": "dict", "image_number": {"type": "int", "data": 5}, "Hcamera2end": {"type": "ndarray", "data": [[0.9997845909219141, 0.0033554084486525654, -0.020482016239708627, -0.014152244339013728], [0.020507824745838503, -0.007846782054815815, 0.9997588995030643, 0.02773717063532621], [0.003193881540531983, -0.9999635839596995, -0.007913903915143017, 0.025715420626112474], [0.0, 0.0, 0.0, 1.0]]}, "Hobj2base": {"type": "ndarray", "data": [[0.999913217690556, 0.001290253667574773, 0.013110771647468364, -0.7232651513872413], [0.001507241061550556, -0.9998618381931272, -0.016553934560786722, 0.08051778643066515], [0.013087601464788209, 0.016572259065490827, -0.9997770125969916, -0.005124164411382281], [0.0, 0.0, 0.0, 1.0]]}, "mean_rme": {"type": "float", "data": 0.0012548640200372443}, "max_rme": {"type": "float", "data": 0.004577009266211102}, "simu": {"type": "float", "data": 0.002}}, {"type": "dict", "image_number": {"type": "int", "data": 6}, "Hcamera2end": {"type": "ndarray", "data": [[0.9996160508671638, 0.002678207000446268, -0.027578579658832682, -0.014579792609365283], [0.027571760005346682, 0.002550742885142343, 0.9996165723720977, 0.027061730774658097], [0.0027475259677361506, -0.9999931604356084, 0.002475920648962515, 0.026048586547625548], [0.0, 0.0, 0.0, 1.0]]}, "Hobj2base": {"type": "ndarray", "data": [[0.9999966225293587, 0.0014843546494528524, 0.0021334528703060313, -0.7286916071634085], [0.0015378633457377704, -0.9996786721319688, -0.02530192602932219, 0.07633447931276562], [0.0020952103009019346, 0.025305121531778964, -0.9996775784812104, -0.004725600963211285], [0.0, 0.0, 0.0, 1.0]]}, "mean_rme": {"type": "float", "data": 0.0012878163217236694}, "max_rme": {"type": "float", "data": 0.004303896661664447}, "simu": {"type": "float", "data": 0.002}}, {"type": "dict", "image_number": {"type": "int", "data": 7}, "Hcamera2end": {"type": "ndarray", "data": [[0.9995976856195185, 0.0021925484383572523, -0.028278253755277448, -0.014617860888073481], [0.028257547135344663, 0.008960827464812526, 0.9995605107251083, 0.027013395614772565], [0.002444981389741141, -0.9999574472458771, 0.008895266354219, 0.02626749478994046], [0.0, 0.0, 0.0, 1.0]]}, "Hobj2base": {"type": "ndarray", "data": [[0.9999880952683372, 0.0022864708029266736, -0.004310611658482836, -0.7321543646490862], [0.0021718113323486036, -0.999648599269739, -0.026418955573329534, 0.07581730937381079], [-0.004369503076960408, 0.026409279227503375, -0.9996416645046085, -0.003817498647798242], [0.0, 0.0, 0.0, 1.0]]}, "mean_rme": {"type": "float", "data": 0.0011887625955893408}, "max_rme": {"type": "float", "data": 0.004298760557326697}, "simu": {"type": "float", "data": 0.002}}, {"type": "dict", "image_number": {"type": "int", "data": 8}, "Hcamera2end": {"type": "ndarray", "data": [[0.9995504470182306, 0.0020841768919925598, -0.029909197119585652, -0.01404465857585728], [0.029861299754390776, 0.020117343219862138, 0.9993515874199396, 0.027327977704181466], [0.002684519069361943, -0.99979545343458, 0.020046063177319384, 0.02686514268863365], [0.0, 0.0, 0.0, 1.0]]}, "Hobj2base": {"type": "ndarray", "data": [[0.9998803345143544, 0.003740969518793207, -0.015010722784801757, -0.7381526082449601], [0.003302539596958721, -0.9995702628927645, -0.02912701104990329, 0.07533602151982835], [-0.015113235380725938, 0.02907395204560482, -0.9994630035317855, -0.00193002650467574], [0.0, 0.0, 0.0, 1.0]]}, "mean_rme": {"type": "float", "data": 0.0013051271268450426}, "max_rme": {"type": "float", "data": 0.004361515023881213}, "simu": {"type": "float", "data": 0.002}}, {"type": "dict", "image_number": {"type": "int", "data": 9}, "Hcamera2end": {"type": "ndarray", "data": [[0.9996406252481934, 0.0017436075784750971, -0.02675033057764451, -0.014498814834582902], [0.026739728312710584, 0.005844061543174739, 0.9996253467546938, 0.027186105850250743], [0.0018992849084333036, -0.9999814032157257, 0.005795337742075746, 0.026211007467511704], [0.0, 0.0, 0.0, 1.0]]}, "Hobj2base": {"type": "ndarray", "data": [[0.9999975212280758, 0.0015140252240325672, -0.001632564033946539, -0.7305202567986694], [0.0014700526938149845, -0.9996448759134788, -0.026607536620334132, 0.07685183509632781], [-0.0016722687527278527, 0.026605070711163456, -0.9996446237186853, -0.004144605125878393], [0.0, 0.0, 0.0, 1.0]]}, "mean_rme": {"type": "float", "data": 0.0015539498419968353}, "max_rme": {"type": "float", "data": 0.0058039051681078035}, "simu": {"type": "float", "data": 0.002}}, {"type": "dict", "image_number": {"type": "int", "data": 10}, "Hcamera2end": {"type": "ndarray", "data": [[0.999769847554654, 0.0008854743912015076, -0.02143520132040409, -0.014421210856388747], [0.02142683200134482, 0.008573534938157157, 0.9997336572152857, 0.027521052234931544], [0.001069013998913279, -0.9999628545269903, 0.008552588807104078, 0.026272143991739497], [0.0, 0.0, 0.0, 1.0]]}, "Hobj2base": {"type": "ndarray", "data": [[0.9999872412111452, 0.0003895633548394811, -0.005036432796677982, -0.7319696114566321], [0.00027951555066284083, -0.9997616009765347, -0.021832615140956423, 0.0798044657100873], [-0.005043737302816736, 0.021830928821943155, -0.9997489541183784, -0.0029105023443624254], [0.0, 0.0, 0.0, 1.0]]}, "mean_rme": {"type": "float", "data": 0.001631726175813449}, "max_rme": {"type": "float", "data": 0.005735853427098703}, "simu": {"type": "float", "data": 0.002}}, {"type": "dict", "image_number": {"type": "int", "data": 11}, "Hcamera2end": {"type": "ndarray", "data": [[0.9997778982266821, -0.00048763581282689275, -0.02106932435443156, -0.014471942877522624], [0.021073440267729622, 0.011099478891162362, 0.9997163156033951, 0.027623473575321585], [-0.00025363895723250034, -0.9999382799851492, 0.011107289841391754, 0.02639471102033893], [0.0, 0.0, 0.0, 1.0]]}, "Hobj2base": {"type": "ndarray", "data": [[0.9999659868889761, -0.0005090930803733564, -0.008232003971786825, -0.7333492734227459], [-0.0006851933455499734, -0.9997706840409895, -0.02140350070178468, 0.08018110219480298], [-0.008219219867798411, 0.02140841321648102, -0.9997370275569057, -0.002378580875088314], [0.0, 0.0, 0.0, 1.0]]}, "mean_rme": {"type": "float", "data": 0.001635686011302863}, "max_rme": {"type": "float", "data": 0.005662604451147635}, "simu": {"type": "float", "data": 0.002}}, {"type": "dict", "image_number": {"type": "int", "data": 12}, "Hcamera2end": {"type": "ndarray", "data": [[0.9999074643391832, -0.0006402116368865287, -0.013588704421136043, -0.013915717859747842], [0.013594894380861262, 0.01093410448158183, 0.9998478005206386, 0.028215252955982578], [-0.0004915338830986816, -0.9999400159450793, 0.010941796296582984, 0.0264853715030309], [0.0, 0.0, 0.0, 1.0]]}, "Hobj2base": {"type": "ndarray", "data": [[0.9999621702636351, -0.00129241213439816, -0.008601611041881719, -0.7332253245871554], [-0.001407684206954542, -0.9999091086709646, -0.013408684574194939, 0.08448157953229113], [-0.00858349968337227, 0.013420285679210518, -0.9998731016811453, -0.0009215318445148732], [0.0, 0.0, 0.0, 1.0]]}, "mean_rme": {"type": "float", "data": 0.0017174325922931833}, "max_rme": {"type": "float", "data": 0.005451890007035998}, "simu": {"type": "float", "data": 0.002}}, {"type": "dict", "image_number": {"type": "int", "data": 13}, "Hcamera2end": {"type": "ndarray", "data": [[0.9999529529413452, -0.0009569652129607685, -0.009652777914409768, -0.013645711410780035], [0.009662218463115525, 0.010407223359615636, 0.9998991605338582, 0.0284794245120279], [-0.0008564100973035491, -0.9999453854683887, 0.010415980137317038, 0.026546643685364576], [0.0, 0.0, 0.0, 1.0]]}, "Hobj2base": {"type": "ndarray", "data": [[0.9999619995488753, -0.0017866233059548693, -0.008532727311805564, -0.7328955742698972], [-0.0018688158452309193, -0.9999518419352755, -0.009634383093191043, 0.08668375529167546], [-0.008515103378798614, 0.00964996307829053, -0.9999171821841226, -0.00023853553171474188], [0.0, 0.0, 0.0, 1.0]]}, "mean_rme": {"type": "float", "data": 0.001695486975350597}, "max_rme": {"type": "float", "data": 0.005398592021030879}, "simu": {"type": "float", "data": 0.002}}, {"type": "dict", "image_number": {"type": "int", "data": 14}, "Hcamera2end": {"type": "ndarray", "data": [[0.999997274451164, 0.00029797409563787035, -0.00231566441470585, -0.013117934579325068], [0.0023117062053881945, 0.012661192517975928, 0.9999171716789559, 0.028947947097524983], [0.0003272684879054308, -0.9999197994916698, 0.012660469180711509, 0.0264326765105157], [0.0, 0.0, 0.0, 1.0]]}, "Hobj2base": {"type": "ndarray", "data": [[0.9999343735369175, -0.0006229265645236224, -0.011439431009779497, -0.7342447108246336], [-0.0006444953691809363, -0.999998021557511, -0.001881889152680786, 0.09041446918222586], [-0.011438236098778441, 0.00188913831126365, -0.9999327966975531, 0.0016012130186651191], [0.0, 0.0, 0.0, 1.0]]}, "mean_rme": {"type": "float", "data": 0.0017869898408852433}, "max_rme": {"type": "float", "data": 0.0054423912192381185}, "simu": {"type": "float", "data": 0.002}}, {"type": "dict", "image_number": {"type": "int", "data": 15}, "Hcamera2end": {"type": "ndarray", "data": [[0.9999934799661291, 0.0010414517184458858, -0.0034576586802534336, -0.013054902517258339], [0.0034433414418838385, 0.01344898875920586, 0.9999036294068889, 0.028827902727274785], [0.0010878533658499816, -0.9999090159007832, 0.013445314997481805, 0.026341479254752772], [0.0, 0.0, 0.0, 1.0]]}, "Hobj2base": {"type": "ndarray", "data": [[0.999923123416813, 0.0004620101368507724, -0.01239087579626289, -0.7347724904591425], [0.00041928810135389167, -0.9999939600071839, -0.0034502386351471606, 0.08960770333863208], [-0.012392395000686082, 0.0034447780458029833, -0.999917277603684, 0.001598471175196048], [0.0, 0.0, 0.0, 1.0]]}, "mean_rme": {"type": "float", "data": 0.001783885521917431}, "max_rme": {"type": "float", "data": 0.005512952880435573}, "simu": {"type": "float", "data": 0.002}}, {"type": "dict", "image_number": {"type": "int", "data": 16}, "Hcamera2end": {"type": "ndarray", "data": [[0.9999907363869688, 0.0010716424936119183, -0.004168779511298917, -0.013197665211711194], [0.004154047669216852, 0.013400046547347721, 0.9999015864776346, 0.028854139167067607], [0.0011273988689964399, -0.9999096410850805, 0.013395470760499073, 0.02634109374897227], [0.0, 0.0, 0.0, 1.0]]}, "Hobj2base": {"type": "ndarray", "data": [[0.9999234363596411, 0.00041354866076043434, -0.012367311600828448, -0.7347505755314521], [0.0003640909304090563, -0.99999192947386, -0.004001052979035506, 0.08932024714454528], [-0.012368866420218005, 0.003996243817866758, -0.9999155170207266, 0.001398629968000907], [0.0, 0.0, 0.0, 1.0]]}, "mean_rme": {"type": "float", "data": 0.0017348484749771247}, "max_rme": {"type": "float", "data": 0.005506624967866136}, "simu": {"type": "float", "data": 0.002}}, {"type": "dict", "image_number": {"type": "int", "data": 17}, "Hcamera2end": {"type": "ndarray", "data": [[0.9999999627265056, 4.532909498743323e-05, 0.00026924386816506795, -0.012903538283365629], [-0.00026981081439383665, 0.013010036664162228, 0.9999153294895131, 0.028992504383290714], [4.182238435339233e-05, -0.999915364864082, 0.013010048409512809, 0.02645758555002922], [0.0, 0.0, 0.0, 1.0]]}, "Hobj2base": {"type": "ndarray", "data": [[0.9999268957059765, -0.0006224330223465654, -0.012075422184833236, -0.7344253955749976], [-0.0006226104842088769, -0.9999998061182662, -1.0936846661228473e-05, 0.09162349696832672], [-0.012075413036174926, 1.8454331584300097e-05, -0.9999270893717416, 0.002159308001284933], [0.0, 0.0, 0.0, 1.0]]}, "mean_rme": {"type": "float", "data": 0.0017641636649393267}, "max_rme": {"type": "float", "data": 0.005432221936269244}, "simu": {"type": "float", "data": 0.002}}, {"type": "dict", "image_number": {"type": "int", "data": 18}, "Hcamera2end": {"type": "ndarray", "data": [[0.99999895519562, 0.0010945058718001054, -0.0009442799188269034, -0.012982828387897986], [0.0009295353252714533, 0.013394577842662625, 0.999909856561328, 0.02898371861050201], [0.0011070554401551647, -0.9999096895926718, 0.013393546466077488, 0.026340278515707683], [0.0, 0.0, 0.0, 1.0]]}, "Hobj2base": {"type": "ndarray", "data": [[0.9999221201535398, 0.00039232135342057113, -0.012473961343758003, -0.7347310868194733], [0.00038168566319543774, -0.9999995616449568, -0.0008550005548375497, 0.09093165586443779], [-0.012474291310708988, 0.0008501728353174491, -0.9999218315760716, 0.0020067401764219148], [0.0, 0.0, 0.0, 1.0]]}, "mean_rme": {"type": "float", "data": 0.0017303985333837434}, "max_rme": {"type": "float", "data": 0.00552280760546342}, "simu": {"type": "float", "data": 0.002}}, {"type": "dict", "image_number": {"type": "int", "data": 19}, "Hcamera2end": {"type": "ndarray", "data": [[0.9999994544102692, 0.0010149013591955944, -0.00024729414701747123, -0.013083381701750283], [0.0002297119924982881, 0.01728770647946143, 0.9998505300479069, 0.0288108081462889], [0.001019024810565783, -0.9998500413461565, 0.01728746391245284, 0.02845492909034341], [0.0, 0.0, 0.0, 1.0]]}, "Hobj2base": {"type": "ndarray", "data": [[0.9998646636579275, 0.00022829480731048258, -0.016449992392112506, -0.7384727953255347], [0.00022362005687882265, -0.9999999340937906, -0.00028601832718066675, 0.0910754309097898], [-0.01645005660445476, 0.00028230107027212004, -0.9998646488119354, 0.0027646957350386395], [0.0, 0.0, 0.0, 1.0]]}, "mean_rme": {"type": "float", "data": 0.0017326982735196986}, "max_rme": {"type": "float", "data": 0.005694092821397545}, "simu": {"type": "float", "data": 0.002}}, {"type": "dict", "image_number": {"type": "int", "data": 20}, "Hcamera2end": {"type": "ndarray", "data": [[0.9999989111370878, 0.0012784498158462576, -0.0007370825646402985, -0.013094995177367086], [0.0007207608294838381, 0.012720632876662141, 0.9999188297072136, 0.02913989773627049], [0.0012877222004049707, -0.9999182721929255, 0.012719697569087085, 0.027081126504702194], [0.0, 0.0, 0.0, 1.0]]}, "Hobj2base": {"type": "ndarray", "data": [[0.9999317561008384, 0.0005173143959736966, -0.01167114077153892, -0.7351799823563503], [0.0005117977640908024, -0.9999997559078091, -0.00047565467627905825, 0.09100928973593617], [-0.011671383985716148, 0.0004696489519980319, -0.9999317767856566, 0.001692668975926881], [0.0, 0.0, 0.0, 1.0]]}, "mean_rme": {"type": "float", "data": 0.0017755380210175565}, "max_rme": {"type": "float", "data": 0.00536503707803937}, "simu": {"type": "float", "data": 0.002}}, {"type": "dict", "image_number": {"type": "int", "data": 21}, "Hcamera2end": {"type": "ndarray", "data": [[0.9999980665907998, 0.0018046352673567415, -0.0007810929612292034, -0.013097759809073439], [0.0007607884007210629, 0.01122475947676771, 0.9999367109850993, 0.029337926409972365], [0.0018132886343872094, -0.9999353719447274, 0.011223364829135551, 0.02755320999078629], [0.0, 0.0, 0.0, 1.0]]}, "Hobj2base": {"type": "ndarray", "data": [[0.9999455680475308, 0.0009485798168779178, -0.010390434949124295, -0.7350342390174325], [0.0009415339209847578, -0.9999993235229458, -0.0006829842797786837, 0.09086734939255312], [-0.010391075785336512, 0.0006731641566524436, -0.9999457847273729, 0.0011961833506299129], [0.0, 0.0, 0.0, 1.0]]}, "mean_rme": {"type": "float", "data": 0.001753486522028897}, "max_rme": {"type": "float", "data": 0.005492473839191436}, "simu": {"type": "float", "data": 0.002}}, {"type": "dict", "image_number": {"type": "int", "data": 22}, "Hcamera2end": {"type": "ndarray", "data": [[0.9999961835625989, 0.00270977738661136, -0.000538485609768276, -0.013106391055980856], [0.000510729235192977, 0.010233334109344905, 0.9999475076366037, 0.029901298607323157], [0.0027151456471498914, -0.99994396641988, 0.010231911091933665, 0.028239206728125608], [0.0, 0.0, 0.0, 1.0]]}, "Hobj2base": {"type": "ndarray", "data": [[0.9999537092688839, 0.0018444799810272176, -0.009443368731541906, -0.7352977054388848], [0.0018408672458712254, -0.9999982290654603, -0.0003912463759933031, 0.09078384979868481], [-0.009444073654062217, 0.00037384427672393193, -0.9999553338591047, 0.00044235434902298814], [0.0, 0.0, 0.0, 1.0]]}, "mean_rme": {"type": "float", "data": 0.0017852348474454896}, "max_rme": {"type": "float", "data": 0.005646297250276933}, "simu": {"type": "float", "data": 0.002}}, {"type": "dict", "image_number": {"type": "int", "data": 23}, "Hcamera2end": {"type": "ndarray", "data": [[0.9999971092296406, 0.0023997734915369925, -0.00015039797758876106, -0.013174139672345039], [0.0001257505208371167, 0.010267590346473732, 0.9999472789978897, 0.029962582052121933], [0.0024011911978965, -0.9999444072925586, 0.010267258892461384, 0.028434997136552984], [0.0, 0.0, 0.0, 1.0]]}, "Hobj2base": {"type": "ndarray", "data": [[0.9999537983617011, 0.0014008433829603175, -0.00950993058980468, -0.7354491518296027], [0.0013992311849764163, -0.9999990055560009, -0.00017617917196011224, 0.09104788547553311], [-0.009510167932138526, 0.00016286444074551767, -0.9999547640673934, 0.0004181439539836952], [0.0, 0.0, 0.0, 1.0]]}, "mean_rme": {"type": "float", "data": 0.0017596069366704475}, "max_rme": {"type": "float", "data": 0.005672629663286022}, "simu": {"type": "float", "data": 0.002}}, {"type": "dict", "image_number": {"type": "int", "data": 24}, "Hcamera2end": {"type": "ndarray", "data": [[0.9999978811640583, 0.002050714731512615, 0.00017954521381993293, -0.013217733878236942], [-0.00020190826293935225, 0.010910006359432511, 0.9999404637248612, 0.0295716866613234], [0.0020486338001715477, -0.9999383812667295, 0.010910397299168095, 0.028227112800781932], [0.0, 0.0, 0.0, 1.0]]}, "Hobj2base": {"type": "ndarray", "data": [[0.9999463702029597, 0.0013164215969077295, -0.010272475461377599, -0.7355813913105614], [0.001320237487079297, -0.9999990619848103, 0.00036469504752093457, 0.09126946282970921], [-0.010271985733202735, -0.00037823759618876737, -0.9999471702272167, 0.0010235616033150822], [0.0, 0.0, 0.0, 1.0]]}, "mean_rme": {"type": "float", "data": 0.0017839688695157091}, "max_rme": {"type": "float", "data": 0.00568132777376662}, "simu": {"type": "float", "data": 0.002}}, {"type": "dict", "image_number": {"type": "int", "data": 25}, "Hcamera2end": {"type": "ndarray", "data": [[0.9999979289816329, 0.002027757603992583, 0.00017387220756664794, -0.013231216839700174], [-0.0001961871688604378, 0.011009746197285897, 0.9999393716617353, 0.02950122725529993], [0.0020257203755425788, -0.9999373348804268, 0.011010121215922819, 0.028271009350722798], [0.0, 0.0, 0.0, 1.0]]}, "Hobj2base": {"type": "ndarray", "data": [[0.9999434103716894, 0.0013411127721375884, -0.010553552518821858, -0.7356839635715235], [0.0013456908394806509, -0.9999990035190895, 0.00042670480711399535, 0.09126817626041575], [-0.010552969743141481, -0.00044088247899611894, -0.9999442186703416, 0.0011364937067207426], [0.0, 0.0, 0.0, 1.0]]}, "mean_rme": {"type": "float", "data": 0.0017307068526238626}, "max_rme": {"type": "float", "data": 0.005714646032738913}, "simu": {"type": "float", "data": 0.002}}, {"type": "dict", "image_number": {"type": "int", "data": 26}, "Hcamera2end": {"type": "ndarray", "data": [[0.9999978953948204, 0.0010453270684867987, 0.0017653603738611897, -0.01323341963597206], [-0.0017761118825872098, 0.01037529387406444, 0.9999445978171027, 0.030265150334949458], [0.0010269530224129248, -0.99994562880606, 0.010377128655994716, 0.027330179637399452], [0.0, 0.0, 0.0, 1.0]]}, "Hobj2base": {"type": "ndarray", "data": [[0.999951885455902, 0.00016212072592458078, -0.009808184850258427, -0.7341915598328707], [0.00018329123479087617, -0.9999976555958583, 0.002157592897327995, 0.09227540172352575], [-0.009807812065382476, -0.002159286840041652, -0.9999495708798682, 0.0006029401529308437], [0.0, 0.0, 0.0, 1.0]]}, "mean_rme": {"type": "float", "data": 0.0018458985512649722}, "max_rme": {"type": "float", "data": 0.0057587288783421675}, "simu": {"type": "float", "data": 0.002}}, {"type": "dict", "image_number": {"type": "int", "data": 27}, "Hcamera2end": {"type": "ndarray", "data": [[0.9999994556495015, 0.0008364056266188665, 0.0006237999105263756, -0.01322850192124398], [-0.0006322733255269672, 0.01016904898330917, 0.9999480939894916, 0.03048348026226717], [0.0008300187602936953, -0.999947944079292, 0.01016957228474935, 0.027986106978008334], [0.0, 0.0, 0.0, 1.0]]}, "Hobj2base": {"type": "ndarray", "data": [[0.9999554667480278, -1.0112251209955828e-05, -0.009437394686898741, -0.7346715437351136], [1.1283316751613925e-07, -0.9999994130531591, 0.0010834635782993075, 0.0916932526845185], [-0.009437400103905619, -0.001083416392993908, -0.9999548798261846, 0.00010181724112378959], [0.0, 0.0, 0.0, 1.0]]}, "mean_rme": {"type": "float", "data": 0.0018877215597271721}, "max_rme": {"type": "float", "data": 0.005727164254947625}, "simu": {"type": "float", "data": 0.002}}, {"type": "dict", "image_number": {"type": "int", "data": 28}, "Hcamera2end": {"type": "ndarray", "data": [[0.9999998794777911, 0.00016916447213087015, -0.0004608988876788762, -0.013336687030766693], [0.0004591363252301083, 0.010275424177818793, 0.9999471010267498, 0.03063304055518643], [0.00017389145507796936, -0.9999471921263379, 0.010275345269847858, 0.028610274790032104], [0.0, 0.0, 0.0, 1.0]]}, "Hobj2base": {"type": "ndarray", "data": [[0.9999538488105874, -0.0006985697231331716, -0.00958187086298211, -0.7352170128657605], [-0.0006967024376161762, -0.9999997376585317, 0.00019821347276645427, 0.09130875381732388], [-0.009582006815190834, -0.00019152861219176543, -0.9999540731764553, -0.0002220528457863758], [0.0, 0.0, 0.0, 1.0]]}, "mean_rme": {"type": "float", "data": 0.001888601496608755}, "max_rme": {"type": "float", "data": 0.005717864016285268}, "simu": {"type": "float", "data": 0.002}}, {"type": "dict", "image_number": {"type": "int", "data": 29}, "Hcamera2end": {"type": "ndarray", "data": [[0.9999910886792667, 0.00032005599741399935, -0.004209528027400065, -0.013537191062989659], [0.004205741348246714, 0.011031726892426041, 0.9999303039419709, 0.030237133309978216], [0.00036647205431692147, -0.999939097428403, 0.011030282512427325, 0.029957099444593863], [0.0, 0.0, 0.0, 1.0]]}, "Hobj2base": {"type": "ndarray", "data": [[0.9999442672403025, -0.00013591201958915164, -0.010556701245063938, -0.7370197451305415], [-0.00016988045016458166, -0.9999948113902324, -0.0032168825351039133, 0.08957358903089133], [-0.010556209257458626, 0.0032184966265223734, -0.9999391020085056, -0.0003270439735742577], [0.0, 0.0, 0.0, 1.0]]}, "mean_rme": {"type": "float", "data": 0.001964006415039612}, "max_rme": {"type": "float", "data": 0.008301460833476715}, "simu": {"type": "float", "data": 0.002}}, {"type": "dict", "image_number": {"type": "int", "data": 30}, "Hcamera2end": {"type": "ndarray", "data": [[0.9999969666097686, -0.0005453584707177621, -0.0024019482508585723, -0.013422938309061265], [0.0024075267780765347, 0.010469880805709098, 0.9999422910402017, 0.03069019397641726], [-0.0005201788867597285, -0.9999450405797575, 0.010471162011596924, 0.029543404303001616], [0.0, 0.0, 0.0, 1.0]]}, "Hobj2base": {"type": "ndarray", "data": [[0.9999503818201559, -0.0010048116674483674, -0.009910814862430669, -0.7361472255015051], [-0.0010207514935028548, -0.9999981935869509, -0.001603399271280183, 0.09041390225936083], [-0.009909185845110018, 0.0016134361925994349, -0.999949601159748, -0.0005880667498206631], [0.0, 0.0, 0.0, 1.0]]}, "mean_rme": {"type": "float", "data": 0.00203645766731005}, "max_rme": {"type": "float", "data": 0.008814837643822737}, "simu": {"type": "float", "data": 0.002}}, {"type": "dict", "image_number": {"type": "int", "data": 31}, "Hcamera2end": {"type": "ndarray", "data": [[0.9999971600508192, -0.0007711416779838375, -0.002255045633424544, -0.012973216574404521], [0.0022634175122811214, 0.011033637452121381, 0.9999365658809266, 0.030911458979323656], [-0.0007462114053336174, -0.9999388302216731, 0.011035351532730053, 0.029498749834944778], [0.0, 0.0, 0.0, 1.0]]}, "Hobj2base": {"type": "ndarray", "data": [[0.999944752081393, -0.0013107719037752806, -0.01042950918777285, -0.7362876385171053], [-0.0013281532277509692, -0.9999977405325648, -0.0016598008217865053, 0.09090407316876871], [-0.010427310002353418, 0.001673561107537398, -0.9999442336447235, -0.0007482049474337207], [0.0, 0.0, 0.0, 1.0]]}, "mean_rme": {"type": "float", "data": 0.0020178498573727773}, "max_rme": {"type": "float", "data": 0.00883266840933461}, "simu": {"type": "float", "data": 0.002}}]}