{"type": "list", "data": [{"type": "dict", "image_number": {"type": "int", "data": 5}, "Hcamera2end": {"type": "ndarray", "data": [[0.9998181163648212, -0.0037708999803906414, 0.018695306952246103, -0.01640175179728921], [-0.018646287086410432, 0.012640759123538903, 0.9997462313940831, 0.02779902244726446], [-0.004006265916283531, -0.999912991975861, 0.01256814669270967, 0.03291786021947504], [0.0, 0.0, 0.0, 1.0]]}, "Hobj2base": {"type": "ndarray", "data": [[0.9999396515246689, -0.007974037297279624, -0.007556986033161334, -0.7416115719087033], [-0.007823281606647386, -0.9997738855382956, 0.019773064015534345, 0.10093292071953255], [-0.007712948439273706, -0.019712750311433457, -0.9997759338479459, 0.0015552415600648128], [0.0, 0.0, 0.0, 1.0]]}, "mean_rme": {"type": "float", "data": 0.0010339855832542434}, "max_rme": {"type": "float", "data": 0.003483383318932387}, "simu": {"type": "float", "data": 0.002}}, {"type": "dict", "image_number": {"type": "int", "data": 6}, "Hcamera2end": {"type": "ndarray", "data": [[0.9998981052225165, -0.002940164077885058, 0.013969058938108448, -0.01699008213243695], [-0.014019119131626685, -0.017756513849029876, 0.9997440525027907, 0.026361473369275704], [-0.0026913697617555014, -0.9998380177064305, -0.01779592306347677, 0.03176599735802715], [0.0, 0.0, 0.0, 1.0]]}, "Hobj2base": {"type": "ndarray", "data": [[0.9997983771114072, 0.005641776020955017, 0.019271105020881512, -0.7233692341508294], [0.005339561880620595, -0.9998625236861258, 0.015697859947613343, 0.0954826031077467], [0.01935701951023171, -0.015591795641979045, -0.9996910531280849, -0.0030811419146329067], [0.0, 0.0, 0.0, 1.0]]}, "mean_rme": {"type": "float", "data": 0.0013570160776272754}, "max_rme": {"type": "float", "data": 0.004197751595187316}, "simu": {"type": "float", "data": 0.002}}, {"type": "dict", "image_number": {"type": "int", "data": 7}, "Hcamera2end": {"type": "ndarray", "data": [[0.999887810638923, -0.0030146491962248292, 0.014672355841005949, -0.017048845279470794], [-0.014706318768506116, -0.01157086585896927, 0.9998249042965237, 0.02653210184530803], [-0.0028443494828317376, -0.9999285109214044, -0.011613902122976416, 0.031908445358498724], [0.0, 0.0, 0.0, 1.0]]}, "Hobj2base": {"type": "ndarray", "data": [[0.9998933616058547, 0.0030969266309880204, 0.014271456197099085, -0.726938963349216], [0.0028618596406552333, -0.9998603928259766, 0.016462217872467825, 0.0962936416147467], [0.014320446080364584, -0.01641961946348598, -0.9997626322886515, -0.0022093292875667936], [0.0, 0.0, 0.0, 1.0]]}, "mean_rme": {"type": "float", "data": 0.001251683393053046}, "max_rme": {"type": "float", "data": 0.004097984434647872}, "simu": {"type": "float", "data": 0.002}}, {"type": "dict", "image_number": {"type": "int", "data": 8}, "Hcamera2end": {"type": "ndarray", "data": [[0.9998794137540974, -0.003048604941921421, 0.01522707978144696, -0.016697348198629287], [-0.015250473898499631, -0.007803449628801085, 0.9998532538426638, 0.026718640499102705], [-0.0029293338207927013, -0.9999649054750867, -0.007849001310198833, 0.032302194727998966], [0.0, 0.0, 0.0, 1.0]]}, "Hobj2base": {"type": "ndarray", "data": [[0.9999361989191522, 0.001539187217787397, 0.011190576116814765, -0.7293459712156664], [0.0013488902266266633, -0.9998547017791606, 0.016992816872504358, 0.09714717286700238], [0.011215105272539183, -0.01697663785366695, -0.9997929861630914, -0.001510556785467243], [0.0, 0.0, 0.0, 1.0]]}, "mean_rme": {"type": "float", "data": 0.0011810091871209186}, "max_rme": {"type": "float", "data": 0.004645364137769559}, "simu": {"type": "float", "data": 0.002}}, {"type": "dict", "image_number": {"type": "int", "data": 9}, "Hcamera2end": {"type": "ndarray", "data": [[0.999903552229479, -0.002745758621830828, 0.013614222286280555, -0.016781547144881788], [-0.013626679665084407, -0.004570456653095523, 0.9998967069289143, 0.026775179558414016], [-0.002683251791165268, -0.9999857857667641, -0.0046074314159183505, 0.03214892189939246], [0.0, 0.0, 0.0, 1.0]]}, "Hobj2base": {"type": "ndarray", "data": [[0.9999714055505959, 0.00099410139895022, 0.007496655492563135, -0.7314274321621218], [0.000879329258147755, -0.999882598748363, 0.015297565174726514, 0.09624639100125826], [0.007510982706765948, -0.015290535720760254, -0.999854881798429, -0.000739475523852747], [0.0, 0.0, 0.0, 1.0]]}, "mean_rme": {"type": "float", "data": 0.001262498755195614}, "max_rme": {"type": "float", "data": 0.00560511522481183}, "simu": {"type": "float", "data": 0.002}}, {"type": "dict", "image_number": {"type": "int", "data": 10}, "Hcamera2end": {"type": "ndarray", "data": [[0.9998666768889216, -0.003391183071799272, 0.015972736912578445, -0.01664711804779293], [-0.015995935106310734, -0.006927521042632723, 0.9998480582129857, 0.026746901875179294], [-0.003280016338312922, -0.9999702542223828, -0.00698084258832532, 0.03249486740025802], [0.0, 0.0, 0.0, 1.0]]}, "Hobj2base": {"type": "ndarray", "data": [[0.9999477907122576, 0.0017725873080350343, 0.010063487661372125, -0.7298566235315967], [0.001595240679972578, -0.9998437731230043, 0.01760353811957123, 0.0976270256694988], [0.010093119282370366, -0.01758656536648444, -0.9997943996951384, -0.0013667275581916826], [0.0, 0.0, 0.0, 1.0]]}, "mean_rme": {"type": "float", "data": 0.0015012468894791042}, "max_rme": {"type": "float", "data": 0.006554587713364257}, "simu": {"type": "float", "data": 0.002}}, {"type": "dict", "image_number": {"type": "int", "data": 11}, "Hcamera2end": {"type": "ndarray", "data": [[0.9998801720982837, -0.0027574099749788266, 0.015232798000903564, -0.016425480758969536], [-0.015241349780777812, -0.0031074000017625725, 0.999879015342401, 0.026772324343672042], [-0.002709741974142286, -0.999991370340494, -0.0031490542984582426, 0.03274302123435661], [0.0, 0.0, 0.0, 1.0]]}, "Hobj2base": {"type": "ndarray", "data": [[0.9999833198988439, 0.0008406594742284569, 0.0057142992339179605, -0.7321877980465357], [0.0007438912838697741, -0.9998566463871557, 0.01691547519842951, 0.09755485350552821], [0.00572770022296454, -0.016910942229198565, -0.9998405940364081, -0.00032269865790882346], [0.0, 0.0, 0.0, 1.0]]}, "mean_rme": {"type": "float", "data": 0.0014907057129340266}, "max_rme": {"type": "float", "data": 0.0069751439434738716}, "simu": {"type": "float", "data": 0.002}}, {"type": "dict", "image_number": {"type": "int", "data": 12}, "Hcamera2end": {"type": "ndarray", "data": [[0.9998854875508819, -0.0030889789682559668, 0.014814519704287994, -0.01646965812267068], [-0.014818320279203299, -0.0012111296401648985, 0.9998894691660162, 0.026855278049790415], [-0.003070695236915776, -0.9999944956718153, -0.001256764430430879, 0.0327869983049855], [0.0, 0.0, 0.0, 1.0]]}, "Hobj2base": {"type": "ndarray", "data": [[0.9999918342293139, -0.0006695613917001297, 0.0039853685193477085, -0.7333161916774641], [-0.0007344029788728238, -0.9998670272935513, 0.016290745330469984, 0.09753811439053693], [0.0039739309199941925, -0.016293539170491828, -0.9998593543365706, 1.1123003052000239e-05], [0.0, 0.0, 0.0, 1.0]]}, "mean_rme": {"type": "float", "data": 0.0014531545813372536}, "max_rme": {"type": "float", "data": 0.0074213321627130124}, "simu": {"type": "float", "data": 0.002}}, {"type": "dict", "image_number": {"type": "int", "data": 13}, "Hcamera2end": {"type": "ndarray", "data": [[0.9999419297425586, -0.0032453219010377585, 0.010276430726992473, -0.016443288162739118], [-0.010284887144252117, -0.0025998756186300653, 0.9999437292884021, 0.026594736373016174], [-0.0032184218427713735, -0.9999913542288883, -0.002633102412682442, 0.032985125492900905], [0.0, 0.0, 0.0, 1.0]]}, "Hobj2base": {"type": "ndarray", "data": [[0.9999843968479945, 6.073926290398987e-05, 0.005585908278407778, -0.7326739500869751], [-5.1245372415317695e-06, -0.9999304920602374, 0.011790293546376259, 0.09500481752998964], [0.005586236147171074, -0.011790138205828865, -0.9999148896815142, 0.00040889324046649276], [0.0, 0.0, 0.0, 1.0]]}, "mean_rme": {"type": "float", "data": 0.00163728542124967}, "max_rme": {"type": "float", "data": 0.007105702751549814}, "simu": {"type": "float", "data": 0.002}}, {"type": "dict", "image_number": {"type": "int", "data": 14}, "Hcamera2end": {"type": "ndarray", "data": [[0.9999562121753492, -0.0027050374419188812, 0.008958599464517835, -0.016395706058896564], [-0.008970775671095537, -0.004523236107175643, 0.9999495314859534, 0.026449540814908395], [-0.002664379062131116, -0.9999861114573325, -0.004547304328579527, 0.03290744710185915], [0.0, 0.0, 0.0, 1.0]]}, "Hobj2base": {"type": "ndarray", "data": [[0.999971115090132, 0.001611735240333377, 0.007427738209780247, -0.7316254241816094], [0.001536016449580922, -0.9999469160276684, 0.010188512169236951, 0.0940408190408407], [0.0074437651000403525, -0.01017680874690785, -0.9999205083029676, 0.00024397134600437353], [0.0, 0.0, 0.0, 1.0]]}, "mean_rme": {"type": "float", "data": 0.0017032615184412116}, "max_rme": {"type": "float", "data": 0.006788768657426392}, "simu": {"type": "float", "data": 0.002}}, {"type": "dict", "image_number": {"type": "int", "data": 15}, "Hcamera2end": {"type": "ndarray", "data": [[0.9999467920235228, -0.0018009658401124985, 0.01015724588204635, -0.01619448594861351], [-0.010165204240356232, -0.004466267285321512, 0.9999383586398154, 0.026656015763197063], [-0.0017554898511365196, -0.9999884044220608, -0.0044843368298714825, 0.032677116406732064], [0.0, 0.0, 0.0, 1.0]]}, "Hobj2base": {"type": "ndarray", "data": [[0.9999739679614235, 0.002035913542731148, 0.006922315763721187, -0.7319086901643596], [0.0019563397690475306, -0.9999321583537357, 0.011482657564704025, 0.09469317498455415], [0.0069452238404663375, -0.011468816246096867, -0.9999101110198454, 9.841784717030677e-05], [0.0, 0.0, 0.0, 1.0]]}, "mean_rme": {"type": "float", "data": 0.001738100925912815}, "max_rme": {"type": "float", "data": 0.007225592194562758}, "simu": {"type": "float", "data": 0.002}}, {"type": "dict", "image_number": {"type": "int", "data": 16}, "Hcamera2end": {"type": "ndarray", "data": [[0.999946505606182, -0.0028503270557957263, 0.009942915149024368, -0.01636888161187382], [-0.009954645968305323, -0.004131392427930036, 0.9999419166232869, 0.026605029855806647], [-0.0028090834148173597, -0.9999874035368054, -0.004159545418330968, 0.03299515466952392], [0.0, 0.0, 0.0, 1.0]]}, "Hobj2base": {"type": "ndarray", "data": [[0.9999707985631231, 0.0008296717432671418, 0.007596951087655636, -0.7318503916227218], [0.0007417710347351531, -0.9999328359840072, 0.01156604066710106, 0.0948116262277872], [0.007606036863034259, -0.01156006772382548, -0.9999042519348835, 8.624794865850008e-05], [0.0, 0.0, 0.0, 1.0]]}, "mean_rme": {"type": "float", "data": 0.0018235138394834998}, "max_rme": {"type": "float", "data": 0.006883131824362898}, "simu": {"type": "float", "data": 0.002}}, {"type": "dict", "image_number": {"type": "int", "data": 17}, "Hcamera2end": {"type": "ndarray", "data": [[0.9999493369044827, -0.002523424544230974, 0.009744534511959021, -0.016372810838272297], [-0.009755347685715664, -0.004308863343350566, 0.9999431318271148, 0.026638191674546834], [-0.0024812931741311343, -0.9999875329349148, -0.004333261926783072, 0.03292201568209499], [0.0, 0.0, 0.0, 1.0]]}, "Hobj2base": {"type": "ndarray", "data": [[0.9999710474341257, 0.0012877926066199232, 0.0074997255749655245, -0.7318161474912356], [0.0011995180725862, -0.9999300941021592, 0.011762995589574556, 0.09464903788657841], [0.007514349598667604, -0.01175365896430326, -0.9999026882907454, 9.610515852539535e-05], [0.0, 0.0, 0.0, 1.0]]}, "mean_rme": {"type": "float", "data": 0.001744678329797988}, "max_rme": {"type": "float", "data": 0.006931723413800217}, "simu": {"type": "float", "data": 0.002}}, {"type": "dict", "image_number": {"type": "int", "data": 18}, "Hcamera2end": {"type": "ndarray", "data": [[0.9999284190832483, -0.002262965062003678, 0.01174885946822034, -0.016126292146982173], [-0.011759584043560239, -0.004785647198567666, 0.9999194016339583, 0.02658283181272302], [-0.0022065567743168157, -0.999985988186844, -0.004811916165388119, 0.032748886979115335], [0.0, 0.0, 0.0, 1.0]]}, "Hobj2base": {"type": "ndarray", "data": [[0.9999708113356841, 0.0016120894866407747, 0.00746844322069769, -0.7315404520745391], [0.00151119530839533, -0.9999077909641778, 0.013495401360416161, 0.09556920962627799], [0.007489510357400339, -0.013483721171319909, -0.9998810411733894, -1.1955809917165964e-05], [0.0, 0.0, 0.0, 1.0]]}, "mean_rme": {"type": "float", "data": 0.0017869653775156775}, "max_rme": {"type": "float", "data": 0.007006248458609532}, "simu": {"type": "float", "data": 0.002}}, {"type": "dict", "image_number": {"type": "int", "data": 19}, "Hcamera2end": {"type": "ndarray", "data": [[0.9999431722159465, -0.0030696760628714545, 0.010209281442828922, -0.016256785738672726], [-0.010221211451804005, -0.003896165311046529, 0.9999401715764431, 0.02642346132963741], [-0.0030297153607835216, -0.9999876984167044, -0.003927319708732835, 0.03292444219087988], [0.0, 0.0, 0.0, 1.0]]}, "Hobj2base": {"type": "ndarray", "data": [[0.9999769795134847, 0.0006691313909206888, 0.006752237130720543, -0.7319304401346045], [0.0005892797976365546, -0.999929955735003, 0.011821014047649197, 0.0947826772589233], [0.006759673986805433, -0.01181676296522473, -0.9999073311665514, 0.00039756789408814487], [0.0, 0.0, 0.0, 1.0]]}, "mean_rme": {"type": "float", "data": 0.0018449249308771746}, "max_rme": {"type": "float", "data": 0.006941403682439562}, "simu": {"type": "float", "data": 0.002}}, {"type": "dict", "image_number": {"type": "int", "data": 20}, "Hcamera2end": {"type": "ndarray", "data": [[0.9999747128681924, -0.001952842531595588, 0.006838130608794429, -0.016363575789500456], [-0.006847731729801338, -0.004952863937172092, 0.9999642882168227, 0.02645016565340543], [-0.0019189044616165496, -0.999985827672006, -0.004966111235215953, 0.03277822644374998], [0.0, 0.0, 0.0, 1.0]]}, "Hobj2base": {"type": "ndarray", "data": [[0.9999745022177058, 0.00207726604704691, 0.0068322675753654085, -0.7315968077790499], [0.0020174424414131295, -0.9999596714604211, 0.008751307260203489, 0.09281799766113262], [0.006850170833430977, -0.008737300414698545, -0.9999383654711005, 0.0005668554696251743], [0.0, 0.0, 0.0, 1.0]]}, "mean_rme": {"type": "float", "data": 0.0018893312188638439}, "max_rme": {"type": "float", "data": 0.007039740932284655}, "simu": {"type": "float", "data": 0.002}}, {"type": "dict", "image_number": {"type": "int", "data": 21}, "Hcamera2end": {"type": "ndarray", "data": [[0.999973757676367, -0.0020976605057733575, 0.00693424682348579, -0.016390254272331064], [-0.006946423960626827, -0.005854613747730664, 0.999958734494591, 0.027005029579913048], [-0.0020569766079694724, -0.9999806614721443, -0.005869031348260334, 0.03219878709542952], [0.0, 0.0, 0.0, 1.0]]}, "Hobj2base": {"type": "ndarray", "data": [[0.9999656023101388, 0.0022538489352541637, 0.007982127629808964, -0.7305035856778361], [0.0021823308246196097, -0.9999575022311031, 0.008957185043652977, 0.0926559497798472], [0.008001976549167154, -0.008939457294007233, -0.9999280246470723, -0.00014745800838758405], [0.0, 0.0, 0.0, 1.0]]}, "mean_rme": {"type": "float", "data": 0.001882737311312767}, "max_rme": {"type": "float", "data": 0.006925492672228306}, "simu": {"type": "float", "data": 0.002}}, {"type": "dict", "image_number": {"type": "int", "data": 22}, "Hcamera2end": {"type": "ndarray", "data": [[0.9999762655682126, -0.0017631007738448702, 0.006660313499587572, -0.016336831723329545], [-0.006670199109804407, -0.005661738008154504, 0.9999617258508261, 0.026812543376539152], [-0.0017253243425760048, -0.9999824179446298, -0.00567336386323225, 0.032332046697516346], [0.0, 0.0, 0.0, 1.0]]}, "Hobj2base": {"type": "ndarray", "data": [[0.9999679165943015, 0.002172145602266799, 0.007710224739567505, -0.7307604786609813], [0.002106070331476167, -0.9999610793938016, 0.00856762308586358, 0.09259750770169131], [0.0077285347777545565, -0.008551109931763227, -0.9999335719282174, 0.00010508962768218666], [0.0, 0.0, 0.0, 1.0]]}, "mean_rme": {"type": "float", "data": 0.001845742184634623}, "max_rme": {"type": "float", "data": 0.006985206403741673}, "simu": {"type": "float", "data": 0.002}}, {"type": "dict", "image_number": {"type": "int", "data": 23}, "Hcamera2end": {"type": "ndarray", "data": [[0.9999806857706001, -0.0009387605810779343, 0.006143843612262565, -0.016190550603065037], [-0.006148717574817955, -0.005280366135589798, 0.9999671549634315, 0.026857216069921957], [-0.00090628800369977, -0.9999856181276037, -0.005286036323070453, 0.031830466092741275], [0.0, 0.0, 0.0, 1.0]]}, "Hobj2base": {"type": "ndarray", "data": [[0.9999715374587912, 0.002569924335683562, 0.0070936423091555595, -0.7304883097382543], [0.002512461777827186, -0.99996405730688, 0.008097631146045493, 0.09229497781576192], [0.007114197643890551, -0.008079578161717973, -0.9999420526253568, 0.0002821970916750067], [0.0, 0.0, 0.0, 1.0]]}, "mean_rme": {"type": "float", "data": 0.0018480578200102988}, "max_rme": {"type": "float", "data": 0.006984662819891296}, "simu": {"type": "float", "data": 0.002}}, {"type": "dict", "image_number": {"type": "int", "data": 24}, "Hcamera2end": {"type": "ndarray", "data": [[0.9999850986986655, 0.00015478525959434402, 0.005456960888959927, -0.016045595097605277], [-0.00545605129916546, -0.005368854865404282, 0.9999707030216711, 0.026939752727761127], [0.00018407835587296072, -0.9999855756154474, -0.005367930346163341, 0.031846281848541116], [0.0, 0.0, 0.0, 1.0]]}, "Hobj2base": {"type": "ndarray", "data": [[0.9999709948638577, 0.0036592017109352945, 0.006679795941903893, -0.7305622630076617], [0.0036106355951018606, -0.999967067482757, 0.007268236411597816, 0.09174921515195957], [0.006706171902521658, -0.007243907286415328, -0.999951275345774, 0.00035022054705144873], [0.0, 0.0, 0.0, 1.0]]}, "mean_rme": {"type": "float", "data": 0.0018570643400098443}, "max_rme": {"type": "float", "data": 0.006918797285030087}, "simu": {"type": "float", "data": 0.002}}, {"type": "dict", "image_number": {"type": "int", "data": 25}, "Hcamera2end": {"type": "ndarray", "data": [[0.9999857500972599, 0.000768064157409553, 0.005282961278540305, -0.015978137969140948], [-0.0052798925508461365, -0.003943991785607892, 0.9999782835959221, 0.026308003828134148], [0.0007888834337042017, -0.9999919274705396, -0.003939880287885167, 0.031683804635286895], [0.0, 0.0, 0.0, 1.0]]}, "Hobj2base": {"type": "ndarray", "data": [[0.9999810299340413, 0.003337473984174723, 0.005176972035770734, -0.7311897022835987], [0.0033014116901258174, -0.9999703369016799, 0.006958879047166406, 0.09204735026057305], [0.0052000435485191725, -0.006941655720773534, -0.9999623857740589, 0.0012254465398451098], [0.0, 0.0, 0.0, 1.0]]}, "mean_rme": {"type": "float", "data": 0.0018664960074739854}, "max_rme": {"type": "float", "data": 0.007103957995728882}, "simu": {"type": "float", "data": 0.002}}, {"type": "dict", "image_number": {"type": "int", "data": 26}, "Hcamera2end": {"type": "ndarray", "data": [[0.999985406497098, 0.0006932957864914887, 0.005357810540342203, -0.01597914470272486], [-0.005354966899143677, -0.004040460407237267, 0.9999774992514614, 0.026233626076320436], [0.0007149282081750654, -0.9999915969750195, -0.004036688866778659, 0.031427510638599755], [0.0, 0.0, 0.0, 1.0]]}, "Hobj2base": {"type": "ndarray", "data": [[0.9999791607607869, 0.0036660863644596537, 0.005313930270587538, -0.7309302634496254], [0.003627663160301818, -0.9999673383307741, 0.007222349455817377, 0.09210055272785261], [0.0053402344656140865, -0.007202921798470363, -0.9999597990986522, 0.001275756319680506], [0.0, 0.0, 0.0, 1.0]]}, "mean_rme": {"type": "float", "data": 0.00182104758445225}, "max_rme": {"type": "float", "data": 0.0070793761713431325}, "simu": {"type": "float", "data": 0.002}}, {"type": "dict", "image_number": {"type": "int", "data": 27}, "Hcamera2end": {"type": "ndarray", "data": [[0.9999876541997839, 0.0006638975141696826, 0.00492449876679547, -0.01594070332047631], [-0.004921810015781246, -0.0039925123322059886, 0.999979917614072, 0.02612668030852805], [0.00068354530357995, -0.999991809509142, -0.003989195464011885, 0.03132499856549074], [0.0, 0.0, 0.0, 1.0]]}, "Hobj2base": {"type": "ndarray", "data": [[0.9999795422637451, 0.003646460173974871, 0.005255319418508734, -0.7308655955109425], [0.0036103948135630076, -0.9999699806367823, 0.0068558642463139655, 0.09194568570813708], [0.005280161293098646, -0.006836750212879213, -0.9999626886755557, 0.0014586395754192763], [0.0, 0.0, 0.0, 1.0]]}, "mean_rme": {"type": "float", "data": 0.001796782133052593}, "max_rme": {"type": "float", "data": 0.007096963595606687}, "simu": {"type": "float", "data": 0.002}}, {"type": "dict", "image_number": {"type": "int", "data": 28}, "Hcamera2end": {"type": "ndarray", "data": [[0.9999861082286811, 0.0004672377576551783, 0.0052502417596214605, -0.015978317725727487], [-0.005248365516640702, -0.003930106371303532, 0.999978504230623, 0.026048409432018624], [0.0004878617226104676, -0.9999921679457234, -0.003927599540629156, 0.031100317545198573], [0.0, 0.0, 0.0, 1.0]]}, "Hobj2base": {"type": "ndarray", "data": [[0.9999797109148383, 0.003427978233180613, 0.0053690524219182295, -0.7306665913956741], [0.0033886255037592614, -0.9999674553498787, 0.007321574849982892, 0.09220555671983337], [0.005393975887204018, -0.00730323259395931, -0.9999587830594854, 0.0014817487393414877], [0.0, 0.0, 0.0, 1.0]]}, "mean_rme": {"type": "float", "data": 0.0017732586979273869}, "max_rme": {"type": "float", "data": 0.007126134292136321}, "simu": {"type": "float", "data": 0.002}}, {"type": "dict", "image_number": {"type": "int", "data": 29}, "Hcamera2end": {"type": "ndarray", "data": [[0.9999938967326437, 0.00021921221672391842, 0.0034868959644375978, -0.01591820536515372], [-0.0034859654055636, -0.004111007409147938, 0.9999854737261302, 0.025959062623934475], [0.00023354368753195358, -0.9999915257461365, -0.004110218152366674, 0.030830232885652103], [0.0, 0.0, 0.0, 1.0]]}, "Hobj2base": {"type": "ndarray", "data": [[0.9999791052418251, 0.0034194152071993717, 0.005486044057398008, -0.7303221142736613], [0.0033894410743417914, -0.9999793294485355, 0.005463731770571056, 0.09144780461708694], [0.005504613425346332, -0.005445022984153183, -0.9999700250286203, 0.0017746528449440583], [0.0, 0.0, 0.0, 1.0]]}, "mean_rme": {"type": "float", "data": 0.0017976209045768188}, "max_rme": {"type": "float", "data": 0.007132160576852176}, "simu": {"type": "float", "data": 0.002}}, {"type": "dict", "image_number": {"type": "int", "data": 30}, "Hcamera2end": {"type": "ndarray", "data": [[0.9999957529860739, -0.0002141473571696448, 0.0029065702682972844, -0.016024743803640305], [-0.002907332831631684, -0.0036510984563087323, 0.9999891083886209, 0.026543378527036695], [-0.00020353285054011986, -0.99999331178812, -0.0036517055476852356, 0.031606172524356144], [0.0, 0.0, 0.0, 1.0]]}, "Hobj2base": {"type": "ndarray", "data": [[0.9999809621044038, 0.002778259924139797, 0.00550969151086901, -0.7311554924780039], [0.002751935798760575, -0.9999847908994355, 0.004779625421698499, 0.09097234346694592], [0.005522886755178247, -0.004764372110379844, -0.9999733988863322, 0.001319279095774332], [0.0, 0.0, 0.0, 1.0]]}, "mean_rme": {"type": "float", "data": 0.0018338234459694797}, "max_rme": {"type": "float", "data": 0.007073293219835852}, "simu": {"type": "float", "data": 0.002}}, {"type": "dict", "image_number": {"type": "int", "data": 31}, "Hcamera2end": {"type": "ndarray", "data": [[0.9999973386508391, -0.000440653003149676, 0.002264622743409234, -0.01608499625382951], [-0.002266049490402758, -0.0032646984496929043, 0.9999921033506913, 0.026726125409924816], [-0.00043325621310789627, -0.9999945737697598, -0.0032656883027035732, 0.03223193920671335], [0.0, 0.0, 0.0, 1.0]]}, "Hobj2base": {"type": "ndarray", "data": [[0.9999841702596246, 0.002383969826832834, 0.005096657535558247, -0.7318988460908922], [0.0023624138680887565, -0.9999882575857197, 0.0042312753859708825, 0.0906195305340994], [0.0051066849213431955, -0.004219167991537163, -0.9999780599546038, 0.0013072383115098726], [0.0, 0.0, 0.0, 1.0]]}, "mean_rme": {"type": "float", "data": 0.0018258525166711325}, "max_rme": {"type": "float", "data": 0.007070980936246141}, "simu": {"type": "float", "data": 0.002}}]}