{"type": "list", "data": [{"type": "dict", "image_number": {"type": "int", "data": 5}, "Hcamera2end": {"type": "ndarray", "data": [[0.9998869374312639, -0.003525473332670834, -0.014617913397897246, -0.008991140261731971], [0.01458292340180244, -0.009754388787706514, 0.9998460832770389, 0.0338407493589334], [-0.003667519513916696, -0.9999462100218987, -0.009701874223888352, 0.033265840591574176], [0.0, 0.0, 0.0, 1.0]]}, "Hobj2base": {"type": "ndarray", "data": [[0.9999354003592905, -0.00935544829715424, 0.0064552843054860665, -0.7320622892902285], [-0.009293718604699025, -0.9999114247925533, -0.009527295724526126, 0.09133565927198503], [0.0065438446499020845, 0.009466686668796872, -0.9999337777776649, -0.005801187562523591], [0.0, 0.0, 0.0, 1.0]]}, "mean_rme": {"type": "float", "data": 0.0013221051938217766}, "max_rme": {"type": "float", "data": 0.004612205824118587}, "simu": {"type": "float", "data": 0.002}}, {"type": "dict", "image_number": {"type": "int", "data": 6}, "Hcamera2end": {"type": "ndarray", "data": [[0.9999907914607136, -0.0033386459458148235, -0.0026963747929835556, -0.00887617317919626], [0.002638697914133882, -0.017161063679242305, 0.999849256221514, 0.033228272160987296], [-0.003384415325235419, -0.9998471639888995, -0.01715209597281997, 0.03304746147214717], [0.0, 0.0, 0.0, 1.0]]}, "Hobj2base": {"type": "ndarray", "data": [[0.9998367944328006, -0.012439404771219116, 0.013101362802375357, -0.7277591999918712], [-0.012454878946668536, -0.9999218297415635, 0.0011001803071726687, 0.09784214206616469], [0.013086653077296976, -0.001263176639361586, -0.9999135682127798, -0.0031115459462330852], [0.0, 0.0, 0.0, 1.0]]}, "mean_rme": {"type": "float", "data": 0.0013196908564999158}, "max_rme": {"type": "float", "data": 0.004815566890483347}, "simu": {"type": "float", "data": 0.002}}, {"type": "dict", "image_number": {"type": "int", "data": 7}, "Hcamera2end": {"type": "ndarray", "data": [[0.9999625248004355, -0.004233498250421408, -0.007551588395972392, -0.008766404284782293], [0.007463991990787301, -0.020338654792848354, 0.9997652864271587, 0.0333343347059194], [-0.004386093740444798, -0.9997841850188374, -0.020306293800667063, 0.03293802681248437], [0.0, 0.0, 0.0, 1.0]]}, "Hobj2base": {"type": "ndarray", "data": [[0.999777193858953, -0.013464984002511997, 0.016255978756429826, -0.7256511603447281], [-0.013386447283974794, -0.9998982417179891, -0.004930439979061307, 0.09564397350028986], [0.01632071287140257, 0.004711731644083546, -0.9998557065478415, -0.005380002419947627], [0.0, 0.0, 0.0, 1.0]]}, "mean_rme": {"type": "float", "data": 0.0015046686525720739}, "max_rme": {"type": "float", "data": 0.0044909419135699125}, "simu": {"type": "float", "data": 0.002}}, {"type": "dict", "image_number": {"type": "int", "data": 8}, "Hcamera2end": {"type": "ndarray", "data": [[0.9999615799954855, -0.004282016807846861, -0.007648716558319123, -0.008796892281748543], [0.007553100798130871, -0.021917333842913278, 0.9997312544606933, 0.033300220571528094], [-0.004448505509209015, -0.999750616308525, -0.021884149274279174, 0.03297405848204731], [0.0, 0.0, 0.0, 1.0]]}, "Hobj2base": {"type": "ndarray", "data": [[0.9997334963884131, -0.014778235638291483, 0.017735274185019106, -0.7245873368791698], [-0.014696780012320675, -0.9998808822261394, -0.004714447576039677, 0.09575094113469351], [0.017802832815822463, 0.0044525397355786095, -0.9998316028380156, -0.0055856706123037295], [0.0, 0.0, 0.0, 1.0]]}, "mean_rme": {"type": "float", "data": 0.0014218949200735765}, "max_rme": {"type": "float", "data": 0.004573449558424758}, "simu": {"type": "float", "data": 0.002}}, {"type": "dict", "image_number": {"type": "int", "data": 9}, "Hcamera2end": {"type": "ndarray", "data": [[0.9999748020969597, -0.005839383351127067, -0.0040369262099864845, -0.009482672548475202], [0.003965276733102591, -0.012230013049799204, 0.9999173482649611, 0.03323236724262735], [-0.00588827237619075, -0.999908159974145, -0.012206550108178282, 0.03358114057101611], [0.0, 0.0, 0.0, 1.0]]}, "Hobj2base": {"type": "ndarray", "data": [[0.9998897200944765, -0.011978540642539831, 0.008778508612763827, -0.7302285994596072], [-0.011975139389517364, -0.9999281986781028, -0.0004399147259278962, 0.09662676891903514], [0.008783147840664925, 0.000334742347903557, -0.9999613713846998, -0.002506928384453507], [0.0, 0.0, 0.0, 1.0]]}, "mean_rme": {"type": "float", "data": 0.0016344520231027396}, "max_rme": {"type": "float", "data": 0.005676432768823625}, "simu": {"type": "float", "data": 0.002}}, {"type": "dict", "image_number": {"type": "int", "data": 10}, "Hcamera2end": {"type": "ndarray", "data": [[0.9999533804210519, -0.005196273640338684, -0.008138533330146023, -0.009800509847815966], [0.008107040093963517, -0.0060533023527575835, 0.9999488154058389, 0.03341569706708926], [-0.0052452726741366255, -0.9999681776291085, -0.0060108937516092364, 0.03413965878190997], [0.0, 0.0, 0.0, 1.0]]}, "Hobj2base": {"type": "ndarray", "data": [[0.9999525205425502, -0.009013686595363066, 0.0037027171862218313, -0.7337731558005572], [-0.0089989835904199, -0.9999516333985734, -0.003968520866075112, 0.09387052898532641], [0.00373830910170945, 0.003935011751658737, -0.9999852702553045, -0.0027272547568985284], [0.0, 0.0, 0.0, 1.0]]}, "mean_rme": {"type": "float", "data": 0.0016548222449260656}, "max_rme": {"type": "float", "data": 0.005674995253520554}, "simu": {"type": "float", "data": 0.002}}, {"type": "dict", "image_number": {"type": "int", "data": 11}, "Hcamera2end": {"type": "ndarray", "data": [[0.999978564267778, -0.004891139623695715, -0.00435290226573114, -0.009549675675353392], [0.004324660110513467, -0.005769962272905049, 0.999974002087203, 0.03323268103292133], [-0.004916128546125212, -0.9999713917350588, -0.005748686073113296, 0.03423855667335328], [0.0, 0.0, 0.0, 1.0]]}, "Hobj2base": {"type": "ndarray", "data": [[0.9999562922163305, -0.008379804102446875, 0.004146388811137909, -0.7338347363463963], [-0.008378724401612813, -0.9999648593131532, -0.0002776980858000847, 0.09574478286948737], [0.004148570159745783, 0.0002429444991217696, -0.9999913651345191, -0.0016441297725689474], [0.0, 0.0, 0.0, 1.0]]}, "mean_rme": {"type": "float", "data": 0.001674628826024659}, "max_rme": {"type": "float", "data": 0.005620027393471394}, "simu": {"type": "float", "data": 0.002}}, {"type": "dict", "image_number": {"type": "int", "data": 12}, "Hcamera2end": {"type": "ndarray", "data": [[0.9999814869162629, -0.004458559165439625, -0.004140902668280444, -0.009435850777569867], [0.004118026924737112, -0.0051277616303082585, 0.999978373723607, 0.03330895179937765], [-0.004479696305224048, -0.9999769133889196, -0.005109306232939037, 0.034445525463234976], [0.0, 0.0, 0.0, 1.0]]}, "Hobj2base": {"type": "ndarray", "data": [[0.9999618210938306, -0.007925733828262772, 0.0036795513304506144, -0.7341399131557055], [-0.007924537979563752, -0.9999685427360578, -0.0003394644829842361, 0.09568018696464343], [0.0036821260869695062, 0.00031029277833568214, -0.9999931728096305, -0.0016370749391307893], [0.0, 0.0, 0.0, 1.0]]}, "mean_rme": {"type": "float", "data": 0.0017015457784230273}, "max_rme": {"type": "float", "data": 0.005471972306240247}, "simu": {"type": "float", "data": 0.002}}, {"type": "dict", "image_number": {"type": "int", "data": 13}, "Hcamera2end": {"type": "ndarray", "data": [[0.9999668795213547, -0.004185117799467057, -0.0069803043865621145, -0.009560344969093054], [0.006960078553508036, -0.004828041383712733, 0.9999641230178843, 0.03332268050293258], [-0.004218668848519847, -0.9999795871943596, -0.004798752728031319, 0.034490664946727194], [0.0, 0.0, 0.0, 1.0]]}, "Hobj2base": {"type": "ndarray", "data": [[0.9999706997764676, -0.006727524328916057, 0.0036523971533346782, -0.7343711321192917], [-0.006716472169021372, -0.9999728540427444, -0.0030298810556820986, 0.09413174669198726], [0.0036726816040334957, 0.003005261055659305, -0.999988739844516, -0.0023911896430752286], [0.0, 0.0, 0.0, 1.0]]}, "mean_rme": {"type": "float", "data": 0.001641587094338771}, "max_rme": {"type": "float", "data": 0.005542066398722234}, "simu": {"type": "float", "data": 0.002}}, {"type": "dict", "image_number": {"type": "int", "data": 14}, "Hcamera2end": {"type": "ndarray", "data": [[0.9999654538714209, -0.004997727093144795, -0.006641821107628983, -0.009626750021008906], [0.006608534296086768, -0.006647684806819543, 0.9999560668155211, 0.03323222114631357], [-0.005041660260345235, -0.9999654149072416, -0.006614427504147757, 0.03421896938782183], [0.0, 0.0, 0.0, 1.0]]}, "Hobj2base": {"type": "ndarray", "data": [[0.9999549210031878, -0.008513959872963144, 0.004203385396318611, -0.7332800681734133], [-0.00850326401765085, -0.9999605800871927, -0.0025559289370447767, 0.09466055620332837], [0.0042249807756409375, 0.0025200712225395367, -0.999987899316026, -0.0023331017775288787], [0.0, 0.0, 0.0, 1.0]]}, "mean_rme": {"type": "float", "data": 0.0016606701821142273}, "max_rme": {"type": "float", "data": 0.005511328473567889}, "simu": {"type": "float", "data": 0.002}}, {"type": "dict", "image_number": {"type": "int", "data": 15}, "Hcamera2end": {"type": "ndarray", "data": [[0.9999610682102973, -0.005910204907999042, -0.006552216546078732, -0.009680671850794551], [0.0064999527372260274, -0.008819258489412674, 0.9999399838460858, 0.033212810283561246], [-0.005967635891630097, -0.9999436434907929, -0.008780499087326588, 0.03396427848155714], [0.0, 0.0, 0.0, 1.0]]}, "Hobj2base": {"type": "ndarray", "data": [[0.9999353117427563, -0.010150113805558662, 0.005132983503878995, -0.7320161047809715], [-0.010135453241522674, -0.9999445044084685, -0.002874141766023286, 0.09498260200245244], [0.005161871511941571, 0.0028219307285082974, -0.9999826957450102, -0.002525302233171112], [0.0, 0.0, 0.0, 1.0]]}, "mean_rme": {"type": "float", "data": 0.001633305901525088}, "max_rme": {"type": "float", "data": 0.005421334673986256}, "simu": {"type": "float", "data": 0.002}}, {"type": "dict", "image_number": {"type": "int", "data": 16}, "Hcamera2end": {"type": "ndarray", "data": [[0.9999701187010515, -0.005265795212659905, -0.005659779658546546, -0.009687160252669186], [0.005626691031011385, -0.006277427666772972, 0.9999644664936498, 0.03315899937525299], [-0.005301136957908677, -0.9999664320879309, -0.006247611086386051, 0.03402610066491418], [0.0, 0.0, 0.0, 1.0]]}, "Hobj2base": {"type": "ndarray", "data": [[0.9999596524519759, -0.008378892745023866, 0.0032384602036810727, -0.7336388044835042], [-0.008373272995186419, -0.999963420975654, -0.0017449957061709755, 0.09523161127250471], [0.003252962875828973, 0.0017178087885034504, -0.9999932336598554, -0.0018180276213274789], [0.0, 0.0, 0.0, 1.0]]}, "mean_rme": {"type": "float", "data": 0.0016654421056106557}, "max_rme": {"type": "float", "data": 0.00550953330508247}, "simu": {"type": "float", "data": 0.002}}, {"type": "dict", "image_number": {"type": "int", "data": 17}, "Hcamera2end": {"type": "ndarray", "data": [[0.9999640795023407, -0.00524898078300618, -0.006654915910522336, -0.009609870512045404], [0.006623847396358777, -0.005914301792030674, 0.9999605720627104, 0.03309582048416787], [-0.005288133007616445, -0.999968734128749, -0.005879320899673912, 0.03396294135462097], [0.0, 0.0, 0.0, 1.0]]}, "Hobj2base": {"type": "ndarray", "data": [[0.9999630393032946, -0.008193001204235465, 0.0026066757729184212, -0.7337773432713339], [-0.008185897438825805, -0.9999627838983249, -0.00272431669104948, 0.09486154214629927], [0.002628899092538309, 0.0027028780178731506, -0.9999928916447267, -0.0020049755947751315], [0.0, 0.0, 0.0, 1.0]]}, "mean_rme": {"type": "float", "data": 0.0016033162925744337}, "max_rme": {"type": "float", "data": 0.005340836703647045}, "simu": {"type": "float", "data": 0.002}}, {"type": "dict", "image_number": {"type": "int", "data": 18}, "Hcamera2end": {"type": "ndarray", "data": [[0.9999657134928004, -0.0058041253692993015, -0.005906265108521216, -0.009665582570888395], [0.005857981964034583, -0.008300848250481163, 0.99994838865095, 0.032987211983149065], [-0.005852852820951882, -0.9999487027078039, -0.008266563181657638, 0.0338586962673704], [0.0, 0.0, 0.0, 1.0]]}, "Hobj2base": {"type": "ndarray", "data": [[0.9999405181915111, -0.009877039871360712, 0.004626463257381464, -0.7322782259811382], [-0.009868294814228623, -0.9999494844758225, -0.0019092548273942954, 0.09550003550168837], [0.004645087335219691, 0.001863485958093259, -0.9999874752134308, -0.002037787597536922], [0.0, 0.0, 0.0, 1.0]]}, "mean_rme": {"type": "float", "data": 0.0016245786355619102}, "max_rme": {"type": "float", "data": 0.005443473796921838}, "simu": {"type": "float", "data": 0.002}}, {"type": "dict", "image_number": {"type": "int", "data": 19}, "Hcamera2end": {"type": "ndarray", "data": [[0.9999639779909231, -0.005467524825865053, -0.00649221786813842, -0.009498828119878589], [0.006456163693927597, -0.00658627368622744, 0.9999574685701824, 0.03198715684340964], [-0.005510051807926821, -0.9999633629144664, -0.006550737200140544, 0.034846049830235946], [0.0, 0.0, 0.0, 1.0]]}, "Hobj2base": {"type": "ndarray", "data": [[0.9999614569602804, -0.00829152859429695, 0.0028870655418915866, -0.734396196315894], [-0.008283728345944734, -0.999962035157425, -0.0027033476489685742, 0.09455855668151981], [0.002909370819234533, 0.0026793277870667967, -0.9999921783514336, -0.0011287852495038334], [0.0, 0.0, 0.0, 1.0]]}, "mean_rme": {"type": "float", "data": 0.0016761623027991344}, "max_rme": {"type": "float", "data": 0.005365476907739974}, "simu": {"type": "float", "data": 0.002}}, {"type": "dict", "image_number": {"type": "int", "data": 20}, "Hcamera2end": {"type": "ndarray", "data": [[0.9999627981886866, -0.0055718250074008316, -0.006584603612896138, -0.009456392897056111], [0.006552605968855363, -0.005741657638138387, 0.9999620476411007, 0.03209015904683212], [-0.005609420083126529, -0.9999679935546203, -0.005704934064273415, 0.035308776672841706], [0.0, 0.0, 0.0, 1.0]]}, "Hobj2base": {"type": "ndarray", "data": [[0.9999630522262528, -0.0083133121212611, 0.0021870125584673886, -0.7352320477378089], [-0.008306531583217662, -0.9999607216435507, -0.0030913917846739506, 0.09459131819706776], [0.002212626361003655, 0.0030731110757399238, -0.9999928301107477, -0.001167939215612282], [0.0, 0.0, 0.0, 1.0]]}, "mean_rme": {"type": "float", "data": 0.0016320636014973322}, "max_rme": {"type": "float", "data": 0.005363379930703349}, "simu": {"type": "float", "data": 0.002}}, {"type": "dict", "image_number": {"type": "int", "data": 21}, "Hcamera2end": {"type": "ndarray", "data": [[0.999961859506174, -0.00581501501352057, -0.006516527706325085, -0.009513477043633421], [0.006487136626971167, -0.00505897086560414, 0.9999661613635553, 0.0320105576006771], [-0.0058477851651528075, -0.999970295765916, -0.005021055117076401, 0.03476439184131478], [0.0, 0.0, 0.0, 1.0]]}, "Hobj2base": {"type": "ndarray", "data": [[0.9999650993494889, -0.008199684900909766, 0.001601639938528176, -0.7350402878782978], [-0.008194832197237868, -0.9999618817800826, -0.0030132560621190874, 0.09450749982324742], [0.0016262866370999026, 0.00300002572698573, -0.9999941775017553, -0.0009538653700742816], [0.0, 0.0, 0.0, 1.0]]}, "mean_rme": {"type": "float", "data": 0.0015770373024985272}, "max_rme": {"type": "float", "data": 0.005228501287077525}, "simu": {"type": "float", "data": 0.002}}, {"type": "dict", "image_number": {"type": "int", "data": 22}, "Hcamera2end": {"type": "ndarray", "data": [[0.9999623611229435, -0.0035952701009463336, -0.007896225068297975, -0.009329312856715594], [0.00787573059752327, -0.005679312054704955, 0.9999528580298876, 0.032112832065184005], [-0.0036399457390477352, -0.9999774094685773, -0.005650782913036334, 0.034772287984926584], [0.0, 0.0, 0.0, 1.0]]}, "Hobj2base": {"type": "ndarray", "data": [[0.9999725794883388, -0.006625248243337167, 0.0033085279433688326, -0.7348285381776385], [-0.006610278100393385, -0.9999679574753897, -0.004515334531652147, 0.09365881370146005], [0.003338337141954691, 0.004493340429060378, -0.9999843325757236, -0.0017531060064226547], [0.0, 0.0, 0.0, 1.0]]}, "mean_rme": {"type": "float", "data": 0.0016384476122508949}, "max_rme": {"type": "float", "data": 0.005523219522357348}, "simu": {"type": "float", "data": 0.002}}, {"type": "dict", "image_number": {"type": "int", "data": 23}, "Hcamera2end": {"type": "ndarray", "data": [[0.9999548208321353, -0.0018859308827231503, -0.009316628106664634, -0.009268420642544357], [0.009311312755061283, -0.0028078515167913043, 0.9999527065939856, 0.03239072759485519], [-0.0019120013989888766, -0.9999942796009212, -0.002790164168112952, 0.033633135963474406], [0.0, 0.0, 0.0, 1.0]]}, "Hobj2base": {"type": "ndarray", "data": [[0.9999904004723487, -0.0038778221274885197, 0.00203996536720129, -0.7351772418629325], [-0.003865686156901029, -0.9999750059937882, -0.005919785322076601, 0.09256574234452625], [0.0020628702548061606, 0.005911842629053163, -0.9999803971493846, -0.002119834417907932], [0.0, 0.0, 0.0, 1.0]]}, "mean_rme": {"type": "float", "data": 0.0016988120826349781}, "max_rme": {"type": "float", "data": 0.006522118769965807}, "simu": {"type": "float", "data": 0.002}}, {"type": "dict", "image_number": {"type": "int", "data": 24}, "Hcamera2end": {"type": "ndarray", "data": [[0.999962879171054, -0.001447553397053789, -0.008493813578059436, -0.009117714990120757], [0.008490475350627306, -0.0022968671453751366, 0.9999613173666454, 0.0325704080800208], [-0.0014670065632228554, -0.9999963144884482, -0.002284491467326344, 0.034933465147344404], [0.0, 0.0, 0.0, 1.0]]}, "Hobj2base": {"type": "ndarray", "data": [[0.9999930609175958, -0.003377026085455692, 0.001572835489091528, -0.73670588266698], [-0.003368664498589283, -0.9999803396279068, -0.00528889942733467, 0.0930227618343607], [0.0015906653178900318, 0.005283564372151492, -0.9999847767498122, -0.0020310504305780658], [0.0, 0.0, 0.0, 1.0]]}, "mean_rme": {"type": "float", "data": 0.0017093502428184048}, "max_rme": {"type": "float", "data": 0.0065891177590690075}, "simu": {"type": "float", "data": 0.002}}, {"type": "dict", "image_number": {"type": "int", "data": 25}, "Hcamera2end": {"type": "ndarray", "data": [[0.9999628184273862, -0.001660448185859518, -0.00846195453665291, -0.009091422305513094], [0.008456758900985514, -0.0031115189743087246, 0.9999594000151021, 0.03194529555004575], [-0.0016867103037887824, -0.9999937806614071, -0.0030973612731646227, 0.03470870429769803], [0.0, 0.0, 0.0, 1.0]]}, "Hobj2base": {"type": "ndarray", "data": [[0.9999899657935809, -0.003917503050183036, 0.0021728971454255475, -0.7361929501245738], [-0.003906156403744053, -0.9999788414417956, -0.005201789199334353, 0.0927737035976671], [0.0021932291951096243, 0.005193249327408497, -0.9999841098273119, -0.0015973971426223477], [0.0, 0.0, 0.0, 1.0]]}, "mean_rme": {"type": "float", "data": 0.0017247524488482927}, "max_rme": {"type": "float", "data": 0.006613904039897256}, "simu": {"type": "float", "data": 0.002}}, {"type": "dict", "image_number": {"type": "int", "data": 26}, "Hcamera2end": {"type": "ndarray", "data": [[0.999962372816576, -0.0016496295059982976, -0.00851655291395313, -0.009109491495088766], [0.008512133048665754, -0.002668050126526822, 0.99996021175819, 0.03210366537187145], [-0.0016722864602202593, -0.999995080103405, -0.0026539078694791662, 0.034859450581477595], [0.0, 0.0, 0.0, 1.0]]}, "Hobj2base": {"type": "ndarray", "data": [[0.9999921582567216, -0.003593219011874119, 0.001664993152093604, -0.7365415040287062], [-0.003584399560463151, -0.9999796891803701, -0.005270038569141223, 0.09281059564927091], [0.001683895737497956, 0.005264029242129159, -0.9999847271290108, -0.001658859138451278], [0.0, 0.0, 0.0, 1.0]]}, "mean_rme": {"type": "float", "data": 0.0016892983356260058}, "max_rme": {"type": "float", "data": 0.006652747537581577}, "simu": {"type": "float", "data": 0.002}}, {"type": "dict", "image_number": {"type": "int", "data": 27}, "Hcamera2end": {"type": "ndarray", "data": [[0.9999826038465438, -0.0009794492930546598, -0.005816586917469413, -0.008985099321606627], [0.005814347186051743, -0.0022742531334656313, 0.9999805103798198, 0.032246752228425796], [-0.0009926585949830832, -0.9999969342211841, -0.0022685187119682038, 0.035714157055729986], [0.0, 0.0, 0.0, 1.0]]}, "Hobj2base": {"type": "ndarray", "data": [[0.9999949257379878, -0.002813390236544238, 0.0014944342251589655, -0.7375911916339614], [-0.0028093787524853817, -0.9999924634487107, -0.002679633707195713, 0.0940028824087259], [0.0015019618175881179, 0.002675421678273037, -0.999995293103694, -0.0009984571533188122], [0.0, 0.0, 0.0, 1.0]]}, "mean_rme": {"type": "float", "data": 0.0017117133383949966}, "max_rme": {"type": "float", "data": 0.006843057672160563}, "simu": {"type": "float", "data": 0.002}}, {"type": "dict", "image_number": {"type": "int", "data": 28}, "Hcamera2end": {"type": "ndarray", "data": [[0.9999917241794568, -0.0012928078528648083, -0.003857488879135059, -0.008939916288697355], [0.003853006787732984, -0.003451684677276079, 0.9999866200162792, 0.03195612861390252], [-0.0013061053903736565, -0.9999932072373015, -0.003446674914320935, 0.036059162409516364], [0.0, 0.0, 0.0, 1.0]]}, "Hobj2base": {"type": "ndarray", "data": [[0.9999908711923066, -0.0037372350897476162, 0.0020713777868183723, -0.7373742330406615], [-0.0037357181349664454, -0.999992751531757, -0.0007357268256207732, 0.09487264473075596], [0.0020741123566114434, 0.000727982025749483, -0.9999975840471329, -0.0003208222748079585], [0.0, 0.0, 0.0, 1.0]]}, "mean_rme": {"type": "float", "data": 0.0017353505704815596}, "max_rme": {"type": "float", "data": 0.007208547241339874}, "simu": {"type": "float", "data": 0.002}}, {"type": "dict", "image_number": {"type": "int", "data": 29}, "Hcamera2end": {"type": "ndarray", "data": [[0.9999965332590047, -0.0007710358160697861, -0.0025177318647124514, -0.0088918807949879], [0.0025155769344447423, -0.0027831826253501557, 0.9999929628588198, 0.032099320180725206], [-0.0007780376977630516, -0.9999958296904263, -0.0027812333768624242, 0.03637426998638343], [0.0, 0.0, 0.0, 1.0]]}, "Hobj2base": {"type": "ndarray", "data": [[0.9999941469687531, -0.0029594528294934652, 0.001716877160957055, -0.7380186148180883], [-0.0029602745980751373, -0.9999955049472289, 0.0004762978489020239, 0.09544150528784649], [0.0017154598624870003, -0.000481377488963428, -0.999998412735327, 8.465508245535342e-06], [0.0, 0.0, 0.0, 1.0]]}, "mean_rme": {"type": "float", "data": 0.0017243342256658299}, "max_rme": {"type": "float", "data": 0.007231755229589271}, "simu": {"type": "float", "data": 0.002}}, {"type": "dict", "image_number": {"type": "int", "data": 30}, "Hcamera2end": {"type": "ndarray", "data": [[0.9999971599548547, -0.000968277127794432, -0.00217773313988864, -0.008910495375835114], [0.002174436523444903, -0.003392737311270544, 0.9999918805467083, 0.03235622446096785], [-0.00097565774239121, -0.9999937758671003, -0.0033906222185917656, 0.036254852038397775], [0.0, 0.0, 0.0, 1.0]]}, "Hobj2base": {"type": "ndarray", "data": [[0.9999922362969372, -0.003194550858527414, 0.002306987356431159, -0.73755279059514], [-0.003196071773433817, -0.9999946774597799, 0.0006558790516989833, 0.09574828751328028], [0.0023048798384104714, -0.0006632472568203391, -0.9999971238118674, -0.00022664015064107016], [0.0, 0.0, 0.0, 1.0]]}, "mean_rme": {"type": "float", "data": 0.001701845705621836}, "max_rme": {"type": "float", "data": 0.007377033299401564}, "simu": {"type": "float", "data": 0.002}}, {"type": "dict", "image_number": {"type": "int", "data": 31}, "Hcamera2end": {"type": "ndarray", "data": [[0.9999965390128739, -0.0009450316588178571, -0.002455377249572821, -0.00890299617826526], [0.0024524091768289256, -0.003129160387842944, 0.9999920969910192, 0.032296849236868874], [-0.0009527074594507459, -0.9999946576209446, -0.0031268319535466826, 0.036408122813142395], [0.0, 0.0, 0.0, 1.0]]}, "Hobj2base": {"type": "ndarray", "data": [[0.9999934734289383, -0.003020950386884438, 0.001981655441106718, -0.737853547517777], [-0.003021762373801398, -0.9999953516872411, 0.00040688581657457614, 0.09558592120648222], [0.001980417047887448, -0.0004128712528551553, -0.9999979537407291, -0.0002053582479319022], [0.0, 0.0, 0.0, 1.0]]}, "mean_rme": {"type": "float", "data": 0.0016611947141385865}, "max_rme": {"type": "float", "data": 0.007355040127116741}, "simu": {"type": "float", "data": 0.002}}]}