{"type": "list", "data": [{"type": "dict", "image_number": {"type": "int", "data": 5}, "Hcamera2end": {"type": "ndarray", "data": [[0.9998964075358999, 0.011445486440727888, 0.008727831170265083, -0.017225106603203515], [-0.008643373464986373, -0.007407948548430632, 0.9999352050975346, 0.02549395335940483], [0.011509400155799007, -0.999907057250042, -0.007308253526990827, 0.03770533714729093], [0.0, 0.0, 0.0, 1.0]]}, "Hobj2base": {"type": "ndarray", "data": [[0.999954100055763, 0.009416036817264283, 0.0017708846165231183, -0.738896539356263], [0.009395935905459337, -0.9998949583591155, 0.011035788892627563, 0.09356126543661367], [0.0018746119944177194, -0.011018643232179964, -0.9999375357147025, 0.00441471496688659], [0.0, 0.0, 0.0, 1.0]]}, "mean_rme": {"type": "float", "data": 0.0014230360701517695}, "max_rme": {"type": "float", "data": 0.004996167771149251}, "simu": {"type": "float", "data": 0.002}}, {"type": "dict", "image_number": {"type": "int", "data": 6}, "Hcamera2end": {"type": "ndarray", "data": [[0.9999147713161937, 0.013008786169205356, 0.0011052538567901012, -0.017371720587847913], [-0.0007002634434646335, -0.031095548573721432, 0.9995161711998507, 0.024492275704949273], [0.013036860618791817, -0.9994317577210078, -0.031083788763646147, 0.03710244083376532], [0.0, 0.0, 0.0, 1.0]]}, "Hobj2base": {"type": "ndarray", "data": [[0.9995031615248352, 0.021422803577988737, 0.02311911738622623, -0.7275055557588733], [0.021336743189325956, -0.9997644921351585, 0.003962783844809189, 0.08794180961337787], [0.023198566592182963, -0.003467528310892536, -0.9997248635277012, 0.0015784766955903213], [0.0, 0.0, 0.0, 1.0]]}, "mean_rme": {"type": "float", "data": 0.0015452178971071488}, "max_rme": {"type": "float", "data": 0.005230603944017614}, "simu": {"type": "float", "data": 0.002}}, {"type": "dict", "image_number": {"type": "int", "data": 7}, "Hcamera2end": {"type": "ndarray", "data": [[0.9998996048840939, 0.009902540481506463, -0.010135079903242718, -0.017567743354203417], [0.010208691494334557, -0.007411553832841866, 0.999920422577595, 0.023968806329405505], [0.009826635772556647, -0.9999235013548761, -0.007511901729821524, 0.03805757501988598], [0.0, 0.0, 0.0, 1.0]]}, "Hobj2base": {"type": "ndarray", "data": [[0.999943179435997, 0.009963857577441507, 0.0037893853863220873, -0.7388147366565427], [0.009994023550495012, -0.9999178414332179, -0.008026822335537566, 0.08417874749329475], [0.0037090959412990395, 0.008064237453758113, -0.9999606045647935, 0.006116253843061422], [0.0, 0.0, 0.0, 1.0]]}, "mean_rme": {"type": "float", "data": 0.001954810627293794}, "max_rme": {"type": "float", "data": 0.006087098156038695}, "simu": {"type": "float", "data": 0.002}}, {"type": "dict", "image_number": {"type": "int", "data": 8}, "Hcamera2end": {"type": "ndarray", "data": [[0.9997633984302629, 0.01099607373610172, -0.018767885377999515, -0.018240518275244495], [0.01896338950239961, -0.01795347262064939, 0.9996589731900776, 0.02319259714673951], [0.010655375063872426, -0.9997783550283783, -0.018157747630099808, 0.037228574174991834], [0.0, 0.0, 0.0, 1.0]]}, "Hobj2base": {"type": "ndarray", "data": [[0.9998119714394679, 0.014976237688694195, 0.012318038440288986, -0.7335703429750455], [0.015181901229940519, -0.9997440115657494, -0.016775613653951083, 0.07866700253506105], [0.012063649587460343, 0.016959470602410764, -0.99978339889974, 0.005191194327297248], [0.0, 0.0, 0.0, 1.0]]}, "mean_rme": {"type": "float", "data": 0.0019006230802345958}, "max_rme": {"type": "float", "data": 0.005593339443983603}, "simu": {"type": "float", "data": 0.002}}, {"type": "dict", "image_number": {"type": "int", "data": 9}, "Hcamera2end": {"type": "ndarray", "data": [[0.9996880487333114, 0.012032692657969694, -0.0218865147335822, -0.017513798308891163], [0.02198061347109743, -0.007744418155502197, 0.9997284014265408, 0.023154845378777225], [0.011859926273745495, -0.9998976139059597, -0.008006488240780207, 0.0379100182547202], [0.0, 0.0, 0.0, 1.0]]}, "Hobj2base": {"type": "ndarray", "data": [[0.9999187949971378, 0.012343764413667283, 0.0031677896981825177, -0.7388570774436649], [0.012407686978445286, -0.9997020184259446, -0.021021980376212397, 0.07821218566679293], [0.002907355381949273, 0.02105957822922437, -0.9997739951856572, 0.007345317298826408], [0.0, 0.0, 0.0, 1.0]]}, "mean_rme": {"type": "float", "data": 0.0020587807027058094}, "max_rme": {"type": "float", "data": 0.006043434886885579}, "simu": {"type": "float", "data": 0.002}}, {"type": "dict", "image_number": {"type": "int", "data": 10}, "Hcamera2end": {"type": "ndarray", "data": [[0.9996767855326126, 0.01198269552828273, -0.022421852623261844, -0.017648373658694344], [0.022547053767879077, -0.010417576551759122, 0.9996915046478971, 0.023096669531892537], [0.011745417556271497, -0.9998739366073428, -0.010684383920662732, 0.037732939881830706], [0.0, 0.0, 0.0, 1.0]]}, "Hobj2base": {"type": "ndarray", "data": [[0.9998828114055951, 0.014097485234724013, 0.005968615057095309, -0.7376306786485659], [0.014222416217417684, -0.9996691066047148, -0.02143362258390785, 0.07757106767051684], [0.005664479903890631, 0.021515998935387793, -0.999752457089869, 0.006864946871692557], [0.0, 0.0, 0.0, 1.0]]}, "mean_rme": {"type": "float", "data": 0.0019122144015195003}, "max_rme": {"type": "float", "data": 0.0060905775351633995}, "simu": {"type": "float", "data": 0.002}}, {"type": "dict", "image_number": {"type": "int", "data": 11}, "Hcamera2end": {"type": "ndarray", "data": [[0.9997040474099813, 0.012254874588969403, -0.021015128857813488, -0.017610059749133315], [0.02115359671129798, -0.01128100757052608, 0.9997125908051622, 0.02315266149712128], [0.012014280597590375, -0.9998612688353333, -0.011536903601920168, 0.03770027616329872], [0.0, 0.0, 0.0, 1.0]]}, "Hobj2base": {"type": "ndarray", "data": [[0.9998768888307938, 0.014264393235192888, 0.006537145224334802, -0.7371765882244031], [0.014393319388306106, -0.9996939870815351, -0.020118761145004268, 0.078227815167267], [0.0062481628530690145, 0.020210375519898318, -0.9997762255536518, 0.006626032603770366], [0.0, 0.0, 0.0, 1.0]]}, "mean_rme": {"type": "float", "data": 0.0017904562645374275}, "max_rme": {"type": "float", "data": 0.006156151450479763}, "simu": {"type": "float", "data": 0.002}}, {"type": "dict", "image_number": {"type": "int", "data": 12}, "Hcamera2end": {"type": "ndarray", "data": [[0.9997976203310888, 0.009849863420509853, -0.01754133891381417, -0.017885069995996386], [0.017578571356297822, -0.0037062230805697816, 0.9998386158473522, 0.023292260270177972], [0.009783261693501565, -0.9999446205170939, -0.003878619543356887, 0.03777748330254197], [0.0, 0.0, 0.0, 1.0]]}, "Hobj2base": {"type": "ndarray", "data": [[0.999956412121891, 0.009336272182335298, -8.875839178007695e-05, -0.7405014884205213], [0.009333439561485324, -0.9998136660147989, -0.01689734168438957, 0.08026367854016246], [-0.0002465000341985976, 0.016895776744034613, -0.9998572257907365, 0.007493344081325788], [0.0, 0.0, 0.0, 1.0]]}, "mean_rme": {"type": "float", "data": 0.0019924568006729378}, "max_rme": {"type": "float", "data": 0.006924222372515165}, "simu": {"type": "float", "data": 0.002}}, {"type": "dict", "image_number": {"type": "int", "data": 13}, "Hcamera2end": {"type": "ndarray", "data": [[0.9998532965469864, 0.009942306346685064, -0.013947613725393743, -0.017476601953401883], [0.013987841584944899, -0.003988137629267641, 0.9998942119274641, 0.023368861728821477], [0.009885629566123353, -0.9999426210052047, -0.0041266239618726885, 0.03775543309412304], [0.0, 0.0, 0.0, 1.0]]}, "Hobj2base": {"type": "ndarray", "data": [[0.9999533347153571, 0.009660609339414745, 3.1919089945965156e-05, -0.7405671480684703], [0.009660126024098522, -0.9998575863333363, -0.013837955660923247, 0.08200648218435876], [-0.00010176853946499288, 0.013837618251214908, -0.9999042503981559, 0.007369075670615254], [0.0, 0.0, 0.0, 1.0]]}, "mean_rme": {"type": "float", "data": 0.0019997486156590623}, "max_rme": {"type": "float", "data": 0.006785913367291313}, "simu": {"type": "float", "data": 0.002}}, {"type": "dict", "image_number": {"type": "int", "data": 14}, "Hcamera2end": {"type": "ndarray", "data": [[0.9998977107513234, 0.010055732940142463, -0.010171050550423732, -0.017265108060695464], [0.010214445421200249, -0.004273536046661919, 0.9999386991182985, 0.023567347912181992], [0.010011650163687422, -0.9999403077807666, -0.0043758126451576285, 0.03776954950091575], [0.0, 0.0, 0.0, 1.0]]}, "Hobj2base": {"type": "ndarray", "data": [[0.9999497567963039, 0.010019674372791595, 0.000300014126154143, -0.7405289767352539], [0.010022124267432698, -0.9999022081703959, -0.00975351839772102, 0.08383871947257839], [0.00020225770888964264, 0.009756035128563713, -0.999952388301758, 0.007088983448131085], [0.0, 0.0, 0.0, 1.0]]}, "mean_rme": {"type": "float", "data": 0.0019501186873833085}, "max_rme": {"type": "float", "data": 0.006798356340441181}, "simu": {"type": "float", "data": 0.002}}, {"type": "dict", "image_number": {"type": "int", "data": 15}, "Hcamera2end": {"type": "ndarray", "data": [[0.9999650783851567, 0.008356172302401599, 0.00012804147806775353, -0.016764432211214576], [-0.00010883096178933814, -0.002299375466598308, 0.9999973505106328, 0.023428891954672244], [0.00835644457824531, -0.999962442923191, -0.0022983857584253364, 0.038000903027029354], [0.0, 0.0, 0.0, 1.0]]}, "Hobj2base": {"type": "ndarray", "data": [[0.9999703956574811, 0.0076656139790838235, -0.0006679602864976294, -0.7410495752539153], [0.007665711420778785, -0.9999706077145134, 0.00014344155610760225, 0.08883071385045407], [-0.000666841086020515, -0.00014855770041147535, -0.9999997666267606, 0.007234729160607967], [0.0, 0.0, 0.0, 1.0]]}, "mean_rme": {"type": "float", "data": 0.0021624294454229533}, "max_rme": {"type": "float", "data": 0.006720340312524081}, "simu": {"type": "float", "data": 0.002}}, {"type": "dict", "image_number": {"type": "int", "data": 16}, "Hcamera2end": {"type": "ndarray", "data": [[0.9999605105367428, 0.008881176968986073, 0.00031947259997686106, -0.01672089607525272], [-0.00029072800242656207, -0.003237677888034751, 0.9999947164456031, 0.023453254151284176], [0.008882164394177225, -0.9999553200706215, -0.0032349680270333803, 0.037862433132083755], [0.0, 0.0, 0.0, 1.0]]}, "Hobj2base": {"type": "ndarray", "data": [[0.9999634584732698, 0.008531686509359156, -0.0005404104765258368, -0.7407027869597707], [0.008531864637119323, -0.9999635491300161, 0.0003281723872319057, 0.0887949377238343], [-0.0005375909141649284, -0.00033277110434604514, -0.9999998001296806, 0.007146535141356273], [0.0, 0.0, 0.0, 1.0]]}, "mean_rme": {"type": "float", "data": 0.0020618655172113523}, "max_rme": {"type": "float", "data": 0.006777555335219648}, "simu": {"type": "float", "data": 0.002}}, {"type": "dict", "image_number": {"type": "int", "data": 17}, "Hcamera2end": {"type": "ndarray", "data": [[0.9999804094232432, 0.0060969772630144956, 0.0014169114217764357, -0.016878252513025858], [-0.0014289583575146686, 0.0019719842646572783, 0.9999970346736394, 0.023349740523679923], [0.006094165056458943, -0.9999794688623932, 0.0019806579589637385, 0.03850216436371096], [0.0, 0.0, 0.0, 1.0]]}, "Hobj2base": {"type": "ndarray", "data": [[0.9999852625609286, 0.004097902663253789, -0.0035611591811095683, -0.7426710389194353], [0.004102809557023404, -0.9999906426787575, 0.0013716809631256904, 0.08987592521717205], [-0.0035555048431271876, -0.001386271505983409, -0.9999927182917996, 0.007871323619226848], [0.0, 0.0, 0.0, 1.0]]}, "mean_rme": {"type": "float", "data": 0.0021434851610712554}, "max_rme": {"type": "float", "data": 0.006336995089135544}, "simu": {"type": "float", "data": 0.002}}, {"type": "dict", "image_number": {"type": "int", "data": 18}, "Hcamera2end": {"type": "ndarray", "data": [[0.9999834875307327, 0.005581663562421776, -0.001367368914658927, -0.016976216459036565], [0.0013506842785552743, 0.0029918628962828375, 0.9999946121896803, 0.023284871289456544], [0.005585724469798534, -0.9999799466930752, 0.002984274428016853, 0.038676828931935914], [0.0, 0.0, 0.0, 1.0]]}, "Hobj2base": {"type": "ndarray", "data": [[0.9999854329092409, 0.00344579874041809, -0.004154568612816399, -0.7431416393096546], [0.0034391979189264447, -0.9999928140654886, -0.0015949091068903302, 0.08871966437988121], [-0.00416003449415003, 0.0015805974899773824, -0.9999900978632648, 0.008129818276148806], [0.0, 0.0, 0.0, 1.0]]}, "mean_rme": {"type": "float", "data": 0.002105774972601943}, "max_rme": {"type": "float", "data": 0.006304337436760066}, "simu": {"type": "float", "data": 0.002}}, {"type": "dict", "image_number": {"type": "int", "data": 19}, "Hcamera2end": {"type": "ndarray", "data": [[0.9999867062481305, 0.005085161897920286, -0.000853496038165349, -0.017152908038276054], [0.0008456365880209092, 0.0015475150720707376, 0.9999984450467224, 0.0241971797064422], [0.00508647478871414, -0.9999858730630017, 0.0015431943008323845, 0.03836140661329684], [0.0, 0.0, 0.0, 1.0]]}, "Hobj2base": {"type": "ndarray", "data": [[0.9999891197597379, 0.0037770393581371105, -0.0027375784612675346, -0.7420540569754712], [0.003774775487674459, -0.9999925296807428, -0.0008316566152363555, 0.08859831006601158], [-0.0027406992104506414, 0.0008213138225413879, -0.9999959069973448, 0.0069872004334832], [0.0, 0.0, 0.0, 1.0]]}, "mean_rme": {"type": "float", "data": 0.0022198324114681423}, "max_rme": {"type": "float", "data": 0.006386804338072483}, "simu": {"type": "float", "data": 0.002}}, {"type": "dict", "image_number": {"type": "int", "data": 20}, "Hcamera2end": {"type": "ndarray", "data": [[0.9999822903346759, 0.005744234529574028, -0.001556530335427827, -0.017008540204711323], [0.0015546882876746062, 0.00032512902665171595, 0.9999987386169267, 0.025409486862016866], [0.005744733357086734, -0.9999834488934232, 0.0003161927745807258, 0.03758800394015083], [0.0, 0.0, 0.0, 1.0]]}, "Hobj2base": {"type": "ndarray", "data": [[0.9999853835825485, 0.005087846052951625, -0.001829328785299125, -0.7406429646439909], [0.005084750281446916, -0.9999856394533178, -0.0016929860348738014, 0.08761480304176507], [-0.001837916167452942, 0.0016836596094272674, -0.9999968936724157, 0.005791272256336943], [0.0, 0.0, 0.0, 1.0]]}, "mean_rme": {"type": "float", "data": 0.0022428325247037762}, "max_rme": {"type": "float", "data": 0.006815420067201372}, "simu": {"type": "float", "data": 0.002}}, {"type": "dict", "image_number": {"type": "int", "data": 21}, "Hcamera2end": {"type": "ndarray", "data": [[0.9999815074593749, 0.00582772868813778, -0.001738481410234638, -0.017003811464468704], [0.0017440088657116625, -0.0009435274546885086, 0.9999980340925769, 0.025805200779262943], [0.00582607692642267, -0.9999825735152987, -0.0009536736169677429, 0.0379441966500687], [0.0, 0.0, 0.0, 1.0]]}, "Hobj2base": {"type": "ndarray", "data": [[0.9999831566987369, 0.005753123810551902, -0.0007667367539080579, -0.7404129451910931], [0.005751328663285529, -0.999980762119715, -0.002323275506879429, 0.08721843585773156], [-0.0007800880951552761, 0.002318826620180204, -0.9999970072483564, 0.005202551146654191], [0.0, 0.0, 0.0, 1.0]]}, "mean_rme": {"type": "float", "data": 0.002191667061466555}, "max_rme": {"type": "float", "data": 0.007030091667101918}, "simu": {"type": "float", "data": 0.002}}, {"type": "dict", "image_number": {"type": "int", "data": 22}, "Hcamera2end": {"type": "ndarray", "data": [[0.9999784971447823, 0.00596646111860431, -0.002721505058403343, -0.016845750720172376], [0.002734953645218646, -0.002247031586214865, 0.9999937354191819, 0.026023775203000383], [0.0059603084333981595, -0.9999796758888504, -0.0022633012632053973, 0.03675577327634412], [0.0, 0.0, 0.0, 1.0]]}, "Hobj2base": {"type": "ndarray", "data": [[0.9999775084473768, 0.006680606058569917, 0.0005933818893858266, -0.7386857945788268], [0.006682288721401039, -0.9999735245004859, -0.002880506122166936, 0.08667943718045233], [0.0005741226526524064, 0.0028844064842188342, -0.9999956752818553, 0.004895257580911374], [0.0, 0.0, 0.0, 1.0]]}, "mean_rme": {"type": "float", "data": 0.002163643011112128}, "max_rme": {"type": "float", "data": 0.00719192744226152}, "simu": {"type": "float", "data": 0.002}}, {"type": "dict", "image_number": {"type": "int", "data": 23}, "Hcamera2end": {"type": "ndarray", "data": [[0.9999752648787376, 0.006170008761289375, -0.003376480798727236, -0.016767503931532642], [0.0033851717474892313, -0.0013986795565177346, 0.9999932921313714, 0.025776252402722803], [0.006165244759015011, -0.9999799871434347, -0.0014195314993497021, 0.037014756242058], [0.0, 0.0, 0.0, 1.0]]}, "Hobj2base": {"type": "ndarray", "data": [[0.9999766305217056, 0.006825778763114092, -0.0003836075252268817, -0.7393757508113914], [0.006824402340279381, -0.9999706524082455, -0.003481645433671534, 0.08645213964586108], [-0.0004073612087316857, 0.0034789461773412356, -0.9999938654763543, 0.00535618165092218], [0.0, 0.0, 0.0, 1.0]]}, "mean_rme": {"type": "float", "data": 0.0021470621354225837}, "max_rme": {"type": "float", "data": 0.007066632191078559}, "simu": {"type": "float", "data": 0.002}}, {"type": "dict", "image_number": {"type": "int", "data": 24}, "Hcamera2end": {"type": "ndarray", "data": [[0.9999782149190538, 0.005514920586055977, -0.003627028843572304, -0.016901179241736678], [0.0036352942365765746, -0.0014894479909797198, 0.9999922830604722, 0.02600552637822796], [0.005509475756923028, -0.9999836834646911, -0.0015094639022563694, 0.03757456384425893], [0.0, 0.0, 0.0, 1.0]]}, "Hobj2base": {"type": "ndarray", "data": [[0.9999788756037685, 0.006496189525202421, 0.00021878728345549857, -0.7398072282949714], [0.006496940964802486, -0.9999723078495999, -0.0036295030024083826, 0.08630770616935163], [0.00019520328537920347, 0.0036308477794132965, -0.9999933893981898, 0.0050483259357305575], [0.0, 0.0, 0.0, 1.0]]}, "mean_rme": {"type": "float", "data": 0.0021548594165081538}, "max_rme": {"type": "float", "data": 0.0069913551422237374}, "simu": {"type": "float", "data": 0.002}}, {"type": "dict", "image_number": {"type": "int", "data": 25}, "Hcamera2end": {"type": "ndarray", "data": [[0.9999863401011444, 0.004426532780325456, -0.0027794637366087647, -0.016973081044988153], [0.002784158249613425, -0.001054730760778222, 0.9999955679931103, 0.027155647549515258], [0.004423581576000207, -0.9999896466216871, -0.001067040521020246, 0.03650883290098646], [0.0, 0.0, 0.0, 1.0]]}, "Hobj2base": {"type": "ndarray", "data": [[0.9999861152458811, 0.005244525847035084, 0.0005140662322528631, -0.7385696542229963], [0.005245829643764008, -0.9999829416773536, -0.0025685843678324768, 0.08640925389595638], [0.0005005864560378242, 0.0025712454075501063, -0.9999965690492412, 0.003995943275134104], [0.0, 0.0, 0.0, 1.0]]}, "mean_rme": {"type": "float", "data": 0.002245471930000768}, "max_rme": {"type": "float", "data": 0.0070172106080763075}, "simu": {"type": "float", "data": 0.002}}, {"type": "dict", "image_number": {"type": "int", "data": 26}, "Hcamera2end": {"type": "ndarray", "data": [[0.9999894939674298, 0.0033188061416953955, -0.003161879276252238, -0.017091098421151755], [0.0031655663031536115, -0.0011062853351209156, 0.9999943776455633, 0.027523861843931977], [0.0033152895415162202, -0.9999938808105533, -0.001116779613340002, 0.036345919908978966], [0.0, 0.0, 0.0, 1.0]]}, "Hobj2base": {"type": "ndarray", "data": [[0.9999899587208053, 0.004330090495147465, 0.001154458256439419, -0.7382019650295096], [0.004333301213111072, -0.9999867098869075, -0.0027933045224341935, 0.08630248926728291], [0.0011423476521959855, 0.002798279089446723, -0.9999954323275582, 0.0035891544278583943], [0.0, 0.0, 0.0, 1.0]]}, "mean_rme": {"type": "float", "data": 0.002280209226910474}, "max_rme": {"type": "float", "data": 0.0069127089476678505}, "simu": {"type": "float", "data": 0.002}}, {"type": "dict", "image_number": {"type": "int", "data": 27}, "Hcamera2end": {"type": "ndarray", "data": [[0.9999856406771536, 0.00224467491270468, -0.004866197081802363, -0.017176932807609287], [0.004867462473383724, -0.0005586123575429536, 0.9999879978086258, 0.027853912228236636], [0.0022419296538626703, -0.9999973246898065, -0.0005695302071502262, 0.0370721395084833], [0.0, 0.0, 0.0, 1.0]]}, "Hobj2base": {"type": "ndarray", "data": [[0.9999931988883679, 0.0034931257186335274, 0.001183321479119037, -0.7389931281156185], [0.00349817613768799, -0.9999846656384528, -0.004293163362944743, 0.08558748007598442], [0.0011683067742822523, 0.004297273631622925, -0.9999900842001463, 0.0034102794631077865], [0.0, 0.0, 0.0, 1.0]]}, "mean_rme": {"type": "float", "data": 0.0022818953849118562}, "max_rme": {"type": "float", "data": 0.006723373588345544}, "simu": {"type": "float", "data": 0.002}}, {"type": "dict", "image_number": {"type": "int", "data": 28}, "Hcamera2end": {"type": "ndarray", "data": [[0.9999930721466732, 0.003246886488558592, -0.0018202710756419335, -0.017119736183569906], [0.001818408139273542, 0.0005766206989340494, 0.9999981804485488, 0.027954013890590147], [0.003247930186661456, -0.9999945626035672, 0.0005707125393722423, 0.036361503411564224], [0.0, 0.0, 0.0, 1.0]]}, "Hobj2base": {"type": "ndarray", "data": [[0.9999930577419253, 0.003723751207625297, -0.00013470299974391645, -0.7388195779009512], [0.0037235353872123664, -0.9999918375860011, -0.0015684532486653585, 0.08667989481858687], [-0.00014054242992108708, 0.001567940788671818, -0.9999987609039866, 0.003403204664763953], [0.0, 0.0, 0.0, 1.0]]}, "mean_rme": {"type": "float", "data": 0.0023256431941022504}, "max_rme": {"type": "float", "data": 0.0068132533967295295}, "simu": {"type": "float", "data": 0.002}}, {"type": "dict", "image_number": {"type": "int", "data": 29}, "Hcamera2end": {"type": "ndarray", "data": [[0.9999955377557801, 0.0025966997414017057, -0.001477030460477429, -0.017155442992142243], [0.00146850246219612, 0.0032830128482813636, 0.9999935326426647, 0.02846813076073438], [0.0026015320575956363, -0.9999912394501717, 0.003279184938712487, 0.036704417102605386], [0.0, 0.0, 0.0, 1.0]]}, "Hobj2base": {"type": "ndarray", "data": [[0.999996505767113, 0.0018242895577974432, -0.0019132227193412162, -0.7400580884642631], [0.0018216297750868742, -0.9999973733424925, -0.0013910330974382793, 0.08678573600015715], [-0.0019157553411146041, 0.0013875430533727584, -0.9999972022989603, 0.003316681848020364], [0.0, 0.0, 0.0, 1.0]]}, "mean_rme": {"type": "float", "data": 0.0023326752006399784}, "max_rme": {"type": "float", "data": 0.006586424513497835}, "simu": {"type": "float", "data": 0.002}}, {"type": "dict", "image_number": {"type": "int", "data": 30}, "Hcamera2end": {"type": "ndarray", "data": [[0.9999948412844203, 0.0010916995885581053, -0.0030208602343269157, -0.017249214251514197], [0.0030163854491115495, 0.004077577332242011, 0.9999871373082365, 0.02875859218943144], [0.0011040033375781617, -0.9999910907378664, 0.004074263310426596, 0.036731219397804285], [0.0, 0.0, 0.0, 1.0]]}, "Hobj2base": {"type": "ndarray", "data": [[0.9999980101726373, 0.00043401503614378414, -0.001947121391777898, -0.7402063575579437], [0.00042824582047247425, -0.9999955204296704, -0.0029623852062022962, 0.08630138761717158], [-0.0019483983892330248, 0.002961545464969173, -0.9999937164763466, 0.0031751524922701], [0.0, 0.0, 0.0, 1.0]]}, "mean_rme": {"type": "float", "data": 0.002371615154779559}, "max_rme": {"type": "float", "data": 0.006644116797664516}, "simu": {"type": "float", "data": 0.002}}, {"type": "dict", "image_number": {"type": "int", "data": 31}, "Hcamera2end": {"type": "ndarray", "data": [[0.9999938768573161, 0.0018765214803385722, -0.0029537967107880533, -0.017291757522189723], [0.0029435418073930513, 0.005444304400207267, 0.9999808473722013, 0.028687852424119937], [0.0018925669084509638, -0.9999834189709004, 0.005438747444524772, 0.036687209227938423], [0.0, 0.0, 0.0, 1.0]]}, "Hobj2base": {"type": "ndarray", "data": [[0.9999927720675583, 0.0006798614321543898, -0.003740802196521113, -0.7409200244039684], [0.0006695250256760695, -0.9999959568101311, -0.002763711206311142, 0.08638978189763241], [-0.003742666012406351, 0.00276118666970658, -0.9999891840911561, 0.0035284961534132937], [0.0, 0.0, 0.0, 1.0]]}, "mean_rme": {"type": "float", "data": 0.002373204105510985}, "max_rme": {"type": "float", "data": 0.006494928670856964}, "simu": {"type": "float", "data": 0.002}}]}