{"type": "list", "data": [{"type": "dict", "image_number": {"type": "int", "data": 5}, "Hcamera2end": {"type": "ndarray", "data": [[0.999901089984049, 0.008659321792843098, 0.01108270701583146, -0.017618178803919065], [-0.01098436558789824, -0.01132291432269028, 0.9998755599192695, 0.022240667835726455], [0.008783732768143862, -0.9998983987172543, -0.011226677216738201, 0.03275575598597787], [0.0, 0.0, 0.0, 1.0]]}, "Hobj2base": {"type": "ndarray", "data": [[0.9999370055406376, 0.007868754586105425, 0.008004227113629752, -0.7304618650867845], [0.007736191822577638, -0.9998345982118877, 0.016459877112441432, 0.09525831972905455], [0.008132421933667958, -0.016396917995039045, -0.9998324883668044, 0.004359406641499875], [0.0, 0.0, 0.0, 1.0]]}, "mean_rme": {"type": "float", "data": 0.0013403573427387275}, "max_rme": {"type": "float", "data": 0.0035392795581184328}, "simu": {"type": "float", "data": 0.002}}, {"type": "dict", "image_number": {"type": "int", "data": 6}, "Hcamera2end": {"type": "ndarray", "data": [[0.9999410782087481, 0.008424692289219124, 0.006845777571492342, -0.017662237532391732], [-0.006767590515535266, -0.009274476124050413, 0.9999340897335378, 0.021979612133824447], [0.008487628016142841, -0.9999215012452012, -0.009216914787671282, 0.03286574911842447], [0.0, 0.0, 0.0, 1.0]]}, "Hobj2base": {"type": "ndarray", "data": [[0.9999419815766779, 0.008935559145795085, 0.00601575126303724, -0.7317802650469823], [0.008859670515155476, -0.9998823007562994, 0.012525608673936981, 0.0929153540615943], [0.006126966530806337, -0.012471584383778931, -0.9999034552716024, 0.005296614440186892], [0.0, 0.0, 0.0, 1.0]]}, "mean_rme": {"type": "float", "data": 0.0012240386028638216}, "max_rme": {"type": "float", "data": 0.003601283352392008}, "simu": {"type": "float", "data": 0.002}}, {"type": "dict", "image_number": {"type": "int", "data": 7}, "Hcamera2end": {"type": "ndarray", "data": [[0.9999393496261139, 0.008438055059501931, 0.007077873700294441, -0.01790564442414539], [-0.006942075108091778, -0.01601568766691064, 0.9998476410642522, 0.021761801752586157], [0.00855012646094304, -0.9998361350618253, -0.015956138697476252, 0.03252191738943175], [0.0, 0.0, 0.0, 1.0]]}, "Hobj2base": {"type": "ndarray", "data": [[0.9998408740005766, 0.013353694394686987, 0.011828166543315395, -0.728153212474185], [0.013217059140573618, -0.9998458780499613, 0.011555496275580899, 0.0921529690698457], [0.011980652129065418, -0.011397323918959661, -0.999863273143907, 0.003916257323882828], [0.0, 0.0, 0.0, 1.0]]}, "mean_rme": {"type": "float", "data": 0.001248634162516483}, "max_rme": {"type": "float", "data": 0.0036962324383843365}, "simu": {"type": "float", "data": 0.002}}, {"type": "dict", "image_number": {"type": "int", "data": 8}, "Hcamera2end": {"type": "ndarray", "data": [[0.9999525412487944, 0.008970178233084157, 0.003801467156876255, -0.01760415375676489], [-0.0036730400973846496, -0.014290412997991941, 0.9998911405112008, 0.02153203873721608], [0.00902352627973733, -0.9998576498676266, -0.014256786968505963, 0.03286516059018558], [0.0, 0.0, 0.0, 1.0]]}, "Hobj2base": {"type": "ndarray", "data": [[0.9998648786465232, 0.01297713615060457, 0.010090509724600037, -0.729228081734252], [0.012899794221047582, -0.9998872040509468, 0.0076924953190798395, 0.09075715023016868], [0.010189198115072812, -0.007561290399667891, -0.9999195003245325, 0.00482073387083691], [0.0, 0.0, 0.0, 1.0]]}, "mean_rme": {"type": "float", "data": 0.0013264690697695387}, "max_rme": {"type": "float", "data": 0.003735167248177018}, "simu": {"type": "float", "data": 0.002}}, {"type": "dict", "image_number": {"type": "int", "data": 9}, "Hcamera2end": {"type": "ndarray", "data": [[0.9999497389655447, 0.009823042009512256, 0.0020068354238056904, -0.01714995309816529], [-0.0019258148291594682, -0.008250535963352013, 0.9999641093027095, 0.021424469840949346], [0.009839246921521659, -0.9999177148655768, -0.008231203922910213, 0.03350336166233987], [0.0, 0.0, 0.0, 1.0]]}, "Hobj2base": {"type": "ndarray", "data": [[0.9999167088568102, 0.011370035983197408, 0.006107178620763688, -0.7325257673537533], [0.011341474029608374, -0.9999246788167198, 0.004691232259822101, 0.09053022807597332], [0.006160058100443183, -0.004621577114002641, -0.9999703469149364, 0.006170146083802551], [0.0, 0.0, 0.0, 1.0]]}, "mean_rme": {"type": "float", "data": 0.0015309813810012313}, "max_rme": {"type": "float", "data": 0.007293142446377965}, "simu": {"type": "float", "data": 0.002}}, {"type": "dict", "image_number": {"type": "int", "data": 10}, "Hcamera2end": {"type": "ndarray", "data": [[0.9999482767402714, 0.008860719318307201, 0.0049931450333261795, -0.017180196721859043], [-0.004981093052243735, -0.0013817060614735865, 0.9999866397109336, 0.02176386043059935], [0.008867499995294138, -0.9999597884622771, -0.0013374985276977114, 0.03387994914224392], [0.0, 0.0, 0.0, 1.0]]}, "Hobj2base": {"type": "ndarray", "data": [[0.9999690646659656, 0.00783659912844133, 0.0006763321477069586, -0.7359790566501132], [0.007831272480085489, -0.9999408435443875, 0.007548548408858269, 0.09273499507724943], [0.0007354470861761395, -0.0075430183506560305, -0.99997128058347, 0.006947948831261558], [0.0, 0.0, 0.0, 1.0]]}, "mean_rme": {"type": "float", "data": 0.001636091320397289}, "max_rme": {"type": "float", "data": 0.006418034620474966}, "simu": {"type": "float", "data": 0.002}}, {"type": "dict", "image_number": {"type": "int", "data": 11}, "Hcamera2end": {"type": "ndarray", "data": [[0.9999428916891686, 0.0092622859611101, 0.0053313618408704425, -0.017202951594066377], [-0.00529775115303268, -0.0036495215960739014, 0.9999793071983243, 0.021522890657219778], [0.009281551218638382, -0.9999504442975635, -0.003600243891930033, 0.03379725007176265], [0.0, 0.0, 0.0, 1.0]]}, "Hobj2base": {"type": "ndarray", "data": [[0.9999532145813057, 0.009294029082432879, 0.002681356359776482, -0.7345816227480142], [0.009273687823422253, -0.9999288612142829, 0.007501414857298639, 0.09259804333981898], [0.0027508839791840997, -0.0074761978386398255, -0.9999682690481786, 0.006609659997906747], [0.0, 0.0, 0.0, 1.0]]}, "mean_rme": {"type": "float", "data": 0.0017254493704655276}, "max_rme": {"type": "float", "data": 0.006701037294592094}, "simu": {"type": "float", "data": 0.002}}, {"type": "dict", "image_number": {"type": "int", "data": 12}, "Hcamera2end": {"type": "ndarray", "data": [[0.9999556188559479, 0.008539346666846212, 0.003979934286104612, -0.017280710081703246], [-0.003968585089498836, -0.0013455809812095154, 0.9999912198335597, 0.02162869182123367], [0.00854462701384303, -0.9999626337870464, -0.0013116321389301522, 0.03396031418164123], [0.0, 0.0, 0.0, 1.0]]}, "Hobj2base": {"type": "ndarray", "data": [[0.9999724290347807, 0.007417462015649733, 0.00034989645185384057, -0.7358558541647903], [0.007415129884671759, -0.9999529610784486, 0.006252317909097857, 0.09225128253775776], [0.0003962563237025906, -0.006249550999021564, -0.9999803928543984, 0.007115957556124884], [0.0, 0.0, 0.0, 1.0]]}, "mean_rme": {"type": "float", "data": 0.0017234160213909183}, "max_rme": {"type": "float", "data": 0.0065333183102570525}, "simu": {"type": "float", "data": 0.002}}, {"type": "dict", "image_number": {"type": "int", "data": 13}, "Hcamera2end": {"type": "ndarray", "data": [[0.9999680941421076, 0.007905091060427616, -0.0011490139805152805, -0.017325944780107103], [0.0011541604892277408, -0.0006465061076486034, 0.999999124971326, 0.02160199142795695], [0.00790434129869009, -0.9999685452878901, -0.0006556092240823652, 0.034344451066515576], [0.0, 0.0, 0.0, 1.0]]}, "Hobj2base": {"type": "ndarray", "data": [[0.9999778626575799, 0.006653175160912817, -9.723711453949004e-05, -0.7365112621261933], [0.00665327977544182, -0.9999772413100425, 0.0011183604905735571, 0.09004724988849278], [-8.97942533133176e-05, -0.0011189826787720162, -0.9999993699071799, 0.007657261609347692], [0.0, 0.0, 0.0, 1.0]]}, "mean_rme": {"type": "float", "data": 0.0017041379931536512}, "max_rme": {"type": "float", "data": 0.006342508931503288}, "simu": {"type": "float", "data": 0.002}}, {"type": "dict", "image_number": {"type": "int", "data": 14}, "Hcamera2end": {"type": "ndarray", "data": [[0.9999685518172432, 0.007917177243697303, 0.0004622564411246874, -0.017098576384966913], [-0.00045280050068757837, -0.001196108390794759, 0.9999991821478775, 0.0217188691317307], [0.007917723677425017, -0.9999679433007886, -0.0011924858735394839, 0.034390605079179515], [0.0, 0.0, 0.0, 1.0]]}, "Hobj2base": {"type": "ndarray", "data": [[0.9999736336306645, 0.007261635047543393, -2.6456035026951878e-05, -0.7364056900475118], [0.007261680787268716, -0.9999696540760232, 0.002821155653697184, 0.09085981980903265], [-5.9690294246615615e-06, -0.0028212733853465286, -0.9999960201825084, 0.007520183352671441], [0.0, 0.0, 0.0, 1.0]]}, "mean_rme": {"type": "float", "data": 0.0016323748734601072}, "max_rme": {"type": "float", "data": 0.006287074412790916}, "simu": {"type": "float", "data": 0.002}}, {"type": "dict", "image_number": {"type": "int", "data": 15}, "Hcamera2end": {"type": "ndarray", "data": [[0.9999697695656906, 0.00761148158033942, 0.0015891201627613758, -0.017023722154532055], [-0.0015790522411801493, -0.0013285551964787867, 0.999997870765288, 0.02176116095560225], [0.0076135766075586956, -0.9999701496991008, -0.001316496106630094, 0.03450587597822336], [0.0, 0.0, 0.0, 1.0]]}, "Hobj2base": {"type": "ndarray", "data": [[0.9999732155572144, 0.007314563144127884, 0.00025560550741894535, -0.7363428616663528], [0.00731353431491259, -0.9999659685885951, 0.00381757521174638, 0.091481895790348], [0.00028352070374654134, -0.0038156035804719525, -0.9999926803658752, 0.007397431383258379], [0.0, 0.0, 0.0, 1.0]]}, "mean_rme": {"type": "float", "data": 0.0015880380139964866}, "max_rme": {"type": "float", "data": 0.0062331042897020295}, "simu": {"type": "float", "data": 0.002}}, {"type": "dict", "image_number": {"type": "int", "data": 16}, "Hcamera2end": {"type": "ndarray", "data": [[0.9999731337016876, 0.0070079345816125745, 0.0021495878038765123, -0.017059312724319122], [-0.0021433704877845167, -0.0008945721004280927, 0.9999973028482172, 0.02178227216613197], [0.007009838641426094, -0.9999750439854271, -0.0008795274664246122, 0.03470520523397086], [0.0, 0.0, 0.0, 1.0]]}, "Hobj2base": {"type": "ndarray", "data": [[0.9999749155491255, 0.007082942752480612, -1.3945760480924449e-05, -0.7365146768612932], [0.007082933933479797, -0.9999648258506173, 0.004492116253899421, 0.09187494066931318], [1.787213231319523e-05, -0.004492102348530066, -0.9999899102976375, 0.007429701494924987], [0.0, 0.0, 0.0, 1.0]]}, "mean_rme": {"type": "float", "data": 0.0015759544858175252}, "max_rme": {"type": "float", "data": 0.006256097227327617}, "simu": {"type": "float", "data": 0.002}}, {"type": "dict", "image_number": {"type": "int", "data": 17}, "Hcamera2end": {"type": "ndarray", "data": [[0.999976562249329, 0.00577764775506118, -0.0036733824239085274, -0.017615401331518454], [0.0036655715820208485, 0.0013619157137960691, 0.999992354356055, 0.021514895907219847], [0.005782606418469508, -0.9999823818308037, 0.0013407054121332695, 0.0350697732463617], [0.0, 0.0, 0.0, 1.0]]}, "Hobj2base": {"type": "ndarray", "data": [[0.9999851626500258, 0.0052863144056064255, -0.00131505125625244, -0.7374165970797382], [0.005284958009670609, -0.9999855011817378, -0.0010327851398208362, 0.08924466852420627], [-0.001320491816525801, 0.0010258198253564096, -0.999998601996547, 0.008231020450172115], [0.0, 0.0, 0.0, 1.0]]}, "mean_rme": {"type": "float", "data": 0.0017141413197734108}, "max_rme": {"type": "float", "data": 0.006377378610094742}, "simu": {"type": "float", "data": 0.002}}, {"type": "dict", "image_number": {"type": "int", "data": 18}, "Hcamera2end": {"type": "ndarray", "data": [[0.999969855029782, 0.005931193600464569, -0.005010985351262181, -0.017663880744179447], [0.005003355358882493, 0.0013005575473373776, 0.9999866374033298, 0.021433358080719386], [0.005937631419134893, -0.9999815645763374, 0.0012708424727834178, 0.03500716190597846], [0.0, 0.0, 0.0, 1.0]]}, "Hobj2base": {"type": "ndarray", "data": [[0.9999854980195427, 0.005271941972500187, -0.0011001720073494797, -0.7373715314081957], [0.0052692671109796085, -0.9999831885622774, -0.0024202101010687466, 0.08852488219723335], [-0.0011129127190903875, 0.002414377903054411, -0.9999964660960659, 0.008328876488236568], [0.0, 0.0, 0.0, 1.0]]}, "mean_rme": {"type": "float", "data": 0.0017007046891134815}, "max_rme": {"type": "float", "data": 0.006365361471174669}, "simu": {"type": "float", "data": 0.002}}, {"type": "dict", "image_number": {"type": "int", "data": 19}, "Hcamera2end": {"type": "ndarray", "data": [[0.9999880025830787, 0.004749287884079654, -0.0011995642953117373, -0.017558855732984307], [0.001188267526049309, 0.002380731447958473, 0.999996460062764, 0.021382398771366495], [0.004752126912340325, -0.9999858880916104, 0.0023750594607662157, 0.035112260400353215], [0.0, 0.0, 0.0, 1.0]]}, "Hobj2base": {"type": "ndarray", "data": [[0.9999908039487102, 0.003917332098611237, -0.001745430388573873, -0.7376542893851011], [0.0039192293690649095, -0.9999917312805762, 0.001084901667684396, 0.09047590200442485], [-0.001741166035973059, -0.0010917324329135726, -0.9999978882283354, 0.008330174884135644], [0.0, 0.0, 0.0, 1.0]]}, "mean_rme": {"type": "float", "data": 0.001737955379693347}, "max_rme": {"type": "float", "data": 0.006217730761635287}, "simu": {"type": "float", "data": 0.002}}, {"type": "dict", "image_number": {"type": "int", "data": 20}, "Hcamera2end": {"type": "ndarray", "data": [[0.9999886291891275, 0.0046386090849465655, -0.0011067060164287967, -0.017662913806419666], [0.0010988942410479331, 0.0016862876018456374, 0.999997974430734, 0.022319289896725707], [0.004640465913756958, -0.9999878197957618, 0.0016811710865782814, 0.035412127492668165], [0.0, 0.0, 0.0, 1.0]]}, "Hobj2base": {"type": "ndarray", "data": [[0.9999905428033221, 0.004272353860655612, -0.000813201332042558, -0.7374912495835979], [0.004273476962305747, -0.9999899103697085, 0.0013843964152196525, 0.09006375964603833], [-0.0008072784957725239, -0.0013878585198686738, -0.9999987110742488, 0.0072970955263929], [0.0, 0.0, 0.0, 1.0]]}, "mean_rme": {"type": "float", "data": 0.0017945847547157733}, "max_rme": {"type": "float", "data": 0.006398850187565863}, "simu": {"type": "float", "data": 0.002}}, {"type": "dict", "image_number": {"type": "int", "data": 21}, "Hcamera2end": {"type": "ndarray", "data": [[0.9999923391430173, 0.003860592368047788, -0.0006461283497228411, -0.017821873123941456], [0.0006407902453427837, 0.0013837933633571442, 0.9999988372512184, 0.02231830769671922], [0.0038614819872709394, -0.9999915904358873, 0.0013813089323834182, 0.035781827894186144], [0.0, 0.0, 0.0, 1.0]]}, "Hobj2base": {"type": "ndarray", "data": [[0.9999940693902417, 0.0034349783797109515, -0.00024921451685959466, -0.7376238588874181], [0.003435446876041861, -0.9999922853178629, 0.0019044709291869757, 0.09039194711889043], [-0.00024267077778226782, -0.001905315797746508, -0.9999981554396011, 0.007124791716873159], [0.0, 0.0, 0.0, 1.0]]}, "mean_rme": {"type": "float", "data": 0.0017852537188325834}, "max_rme": {"type": "float", "data": 0.006615196692114467}, "simu": {"type": "float", "data": 0.002}}, {"type": "dict", "image_number": {"type": "int", "data": 22}, "Hcamera2end": {"type": "ndarray", "data": [[0.9999930572140017, 0.003697033194120672, -0.0004663360976146175, -0.01783025113725704], [0.0004600537633068307, 0.001699959091231218, 0.9999984492436091, 0.022398757294196537], [0.0036978202132115284, -0.999991721008054, 0.0016982464547450338, 0.03535781128977129], [0.0, 0.0, 0.0, 1.0]]}, "Hobj2base": {"type": "ndarray", "data": [[0.9999944182357755, 0.0033176420183785417, -0.0003959150551171871, -0.7373190480219112], [0.0033184390109886313, -0.9999924342055373, 0.0020296537177899284, 0.09050626932488769], [-0.0003891783952483574, -0.0020309562087053564, -0.9999978618762415, 0.007084372960080455], [0.0, 0.0, 0.0, 1.0]]}, "mean_rme": {"type": "float", "data": 0.0017326338297842673}, "max_rme": {"type": "float", "data": 0.006572218362480453}, "simu": {"type": "float", "data": 0.002}}, {"type": "dict", "image_number": {"type": "int", "data": 23}, "Hcamera2end": {"type": "ndarray", "data": [[0.9999948594021004, 0.0032059891005592894, 5.2945825523009965e-05, -0.017895114993120693], [-6.421789325796118e-05, 0.0035159398946609244, 0.9999938170022449, 0.02223936906934261], [0.003205783123595666, -0.999988679836199, 0.0035161277024935433, 0.03449461078316704], [0.0, 0.0, 0.0, 1.0]]}, "Hobj2base": {"type": "ndarray", "data": [[0.9999967480169595, 0.0017594343868641026, -0.0018461706703058636, -0.7371788823047811], [0.0017636828280259446, -0.9999957948268487, 0.002302118915548229, 0.09114565418595427], [-0.0018421124796558623, -0.002305367488605382, -0.9999956459416985, 0.007494328326309153], [0.0, 0.0, 0.0, 1.0]]}, "mean_rme": {"type": "float", "data": 0.00173057025433808}, "max_rme": {"type": "float", "data": 0.006388767905136983}, "simu": {"type": "float", "data": 0.002}}, {"type": "dict", "image_number": {"type": "int", "data": 24}, "Hcamera2end": {"type": "ndarray", "data": [[0.9999937736526021, 0.0035284081322861306, 5.469991173841552e-05, -0.01787967951532091], [-7.28609999519807e-05, 0.00514718213437293, 0.9999867505159006, 0.022028396281387055], [0.003528079832290234, -0.9999805282364889, 0.005147407169573626, 0.03408636650209004], [0.0, 0.0, 0.0, 1.0]]}, "Hobj2base": {"type": "ndarray", "data": [[0.9999929669739952, 0.0008240351470218894, -0.0036588206600777387, -0.7374981727601922], [0.0008318094838244118, -0.9999973987642994, 0.002123807340223631, 0.09142656079704271], [-0.0036570610507289662, -0.0021268358451560433, -0.9999910511968395, 0.008031230613803925], [0.0, 0.0, 0.0, 1.0]]}, "mean_rme": {"type": "float", "data": 0.0017047789671254822}, "max_rme": {"type": "float", "data": 0.0061726651712259994}, "simu": {"type": "float", "data": 0.002}}, {"type": "dict", "image_number": {"type": "int", "data": 25}, "Hcamera2end": {"type": "ndarray", "data": [[0.9999934000258258, 0.003606180441081709, -0.0004420038630628823, -0.017784249745026667], [0.0004275662393418405, 0.004003366853232437, 0.9999918950876299, 0.022375916885860377], [0.00360792071691963, -0.9999854841528775, 0.0040017985501049624, 0.03346336755607727], [0.0, 0.0, 0.0, 1.0]]}, "Hobj2base": {"type": "ndarray", "data": [[0.9999956851450874, 0.0014059228606443117, -0.0025793549808474023, -0.7363382929812974], [0.0014096085040370494, -0.9999979874217446, 0.001427640124635815, 0.09102533528980236], [-0.002577342637805656, -0.0014312698452917424, -0.9999956543763364, 0.007554310709512655], [0.0, 0.0, 0.0, 1.0]]}, "mean_rme": {"type": "float", "data": 0.0017081065787892238}, "max_rme": {"type": "float", "data": 0.00618514790988367}, "simu": {"type": "float", "data": 0.002}}, {"type": "dict", "image_number": {"type": "int", "data": 26}, "Hcamera2end": {"type": "ndarray", "data": [[0.9999932685474319, 0.0036554373803606415, -0.0003172339549067998, -0.017807478209237084], [0.0002987028004646311, 0.005068907920429244, 0.9999871083914688, 0.022164552943866933], [0.0036569982855995794, -0.9999804717843507, 0.005067781909933622, 0.03409456581382615], [0.0, 0.0, 0.0, 1.0]]}, "Hobj2base": {"type": "ndarray", "data": [[0.9999929470551814, 0.0010580269959474507, -0.003603667405451891, -0.7374594810825277], [0.0010637904400058959, -0.9999981577127304, 0.0015977862951858184, 0.0911250158696736], [-0.0036019702654272443, -0.0016016085730221272, -0.9999922302999087, 0.007944243312221362], [0.0, 0.0, 0.0, 1.0]]}, "mean_rme": {"type": "float", "data": 0.0017076128855938227}, "max_rme": {"type": "float", "data": 0.006078613599072635}, "simu": {"type": "float", "data": 0.002}}, {"type": "dict", "image_number": {"type": "int", "data": 27}, "Hcamera2end": {"type": "ndarray", "data": [[0.9999951055935499, 0.0030710033870293236, 0.0005981029526005283, -0.017924433900478726], [-0.0006167954991835602, 0.006089453026346114, 0.9999812688871487, 0.021827785682220883], [0.003067303743883535, -0.9999767434795853, 0.00609131740315505, 0.03396074754418965], [0.0, 0.0, 0.0, 1.0]]}, "Hobj2base": {"type": "ndarray", "data": [[0.9999899711943737, -0.00016512002712889255, -0.004475516288898865, -0.73773607435013], [-0.0001523420223363582, -0.9999959120721804, 0.0028552812183947297, 0.091892976003243], [-0.004475969457423563, -0.002854570774131932, -0.99998590846227, 0.008366419270684801], [0.0, 0.0, 0.0, 1.0]]}, "mean_rme": {"type": "float", "data": 0.0017314118969439473}, "max_rme": {"type": "float", "data": 0.006152724307746826}, "simu": {"type": "float", "data": 0.002}}, {"type": "dict", "image_number": {"type": "int", "data": 28}, "Hcamera2end": {"type": "ndarray", "data": [[0.9999955611222964, 0.002905357558411578, 0.000660782234462452, -0.01791844411606824], [-0.0006783790508156672, 0.0060598702737778565, 0.9999814087142461, 0.02226829309410098], [0.002901299289458934, -0.999977418179892, 0.006061814308457536, 0.03385499501291325], [0.0, 0.0, 0.0, 1.0]]}, "Hobj2base": {"type": "ndarray", "data": [[0.999990857721073, -0.00027909707685117637, -0.004266916813625859, -0.7375117673147659], [-0.00026662081906124896, -0.999995688855353, 0.002924240764223205, 0.09172747804012661], [-0.004267714565379581, -0.0029230763811427733, -0.999986621028931, 0.007958412921601227], [0.0, 0.0, 0.0, 1.0]]}, "mean_rme": {"type": "float", "data": 0.0017149028270251753}, "max_rme": {"type": "float", "data": 0.006138130269249142}, "simu": {"type": "float", "data": 0.002}}, {"type": "dict", "image_number": {"type": "int", "data": 29}, "Hcamera2end": {"type": "ndarray", "data": [[0.9999949359157634, 0.0029263148683232577, 0.001250929302404758, -0.017852631617543684], [-0.0012688153179536321, 0.006118278915617892, 0.9999804781948496, 0.022521174795334872], [0.0029186042069987567, -0.9999770014077336, 0.006121960885268174, 0.03350832960826076], [0.0, 0.0, 0.0, 1.0]]}, "Hobj2base": {"type": "ndarray", "data": [[0.9999905116357063, -0.0003566319940621434, -0.004341595579862181, -0.7371295897214468], [-0.0003409400935253371, -0.9999934094799154, 0.003614520242991965, 0.09186138878474907], [-0.004342856020051149, -0.0036130057231041055, -0.9999840427683004, 0.007746923874633562], [0.0, 0.0, 0.0, 1.0]]}, "mean_rme": {"type": "float", "data": 0.0017202253068717833}, "max_rme": {"type": "float", "data": 0.006102156705748096}, "simu": {"type": "float", "data": 0.002}}, {"type": "dict", "image_number": {"type": "int", "data": 30}, "Hcamera2end": {"type": "ndarray", "data": [[0.9999954226595703, 0.0029624898249305596, 0.0006150723083866415, -0.01785774783513853], [-0.0006352029419653253, 0.00679903321533204, 0.999976684560475, 0.02259893317756579], [0.0029582388561236505, -0.9999724980225078, 0.006800883876094788, 0.03424381658645592], [0.0, 0.0, 0.0, 1.0]]}, "Hobj2base": {"type": "ndarray", "data": [[0.9999870030132829, -0.00047780032450637453, -0.00507597393239946, -0.7381396443004662], [-0.0004631368017043599, -0.999995717870588, 0.0028895924954284863, 0.09145795877318477], [-0.0050773328446541985, -0.0028872040691006193, -0.9999829422264397, 0.007870348090916583], [0.0, 0.0, 0.0, 1.0]]}, "mean_rme": {"type": "float", "data": 0.0017374170548045975}, "max_rme": {"type": "float", "data": 0.006000502186654599}, "simu": {"type": "float", "data": 0.002}}, {"type": "dict", "image_number": {"type": "int", "data": 31}, "Hcamera2end": {"type": "ndarray", "data": [[0.9999935398352224, 0.0029850796578623343, 0.0020023953799397096, -0.017791713726320282], [-0.0020245599492596336, 0.00744068083664462, 0.9999702682708616, 0.022906785265721173], [0.002970091721351587, -0.9999678622676447, 0.007446676241341099, 0.03392687003765594], [0.0, 0.0, 0.0, 1.0]]}, "Hobj2base": {"type": "ndarray", "data": [[0.999984010667538, -0.0008060264149148688, -0.0055972074004685705, -0.7380169274466095], [-0.0007830181810414469, -0.9999912406172662, 0.004111638513815712, 0.0919139511142981], [-0.0056004724616374275, -0.004107190056302923, -0.9999758825581981, 0.007631769132391006], [0.0, 0.0, 0.0, 1.0]]}, "mean_rme": {"type": "float", "data": 0.001762455361856192}, "max_rme": {"type": "float", "data": 0.005874746489867744}, "simu": {"type": "float", "data": 0.002}}]}