{"type": "list", "data": [{"type": "dict", "image_number": {"type": "int", "data": 5}, "Hcamera2end": {"type": "ndarray", "data": [[0.9999171376821653, 0.00940881954400294, 0.00878589120659935, -0.015953300908722205], [-0.0086654948955354, -0.012761327162044589, 0.9998810217857317, 0.034181812444342013], [0.009519819731552765, -0.9998743034221111, -0.012678737651165672, 0.03472552435321876], [0.0, 0.0, 0.0, 1.0]]}, "Hobj2base": {"type": "ndarray", "data": [[0.9998259072094073, 0.01151148069371391, 0.014684722848041563, -0.7314528432213174], [0.011325973914378513, -0.9998557906218024, 0.012653864032043055, 0.09155064772941976], [0.014828269884796385, -0.012485342297625138, -0.9998121016670758, -0.007111011260284727], [0.0, 0.0, 0.0, 1.0]]}, "mean_rme": {"type": "float", "data": 0.0013965452920865476}, "max_rme": {"type": "float", "data": 0.003798962655145649}, "simu": {"type": "float", "data": 0.002}}, {"type": "dict", "image_number": {"type": "int", "data": 6}, "Hcamera2end": {"type": "ndarray", "data": [[0.9999496348456569, 0.009704051696491247, 0.0025610842839113067, -0.01591110543745079], [-0.0023046072365085547, -0.02634951797732632, 0.9996501346410392, 0.034238657510894305], [0.00976813992134145, -0.9996056894010928, -0.02632582685202345, 0.03415057808334906], [0.0, 0.0, 0.0, 1.0]]}, "Hobj2base": {"type": "ndarray", "data": [[0.9995380660192543, 0.011447976889424307, 0.028153124224996374, -0.7241800218046978], [0.01126898391378945, -0.9999153223995974, 0.006508304852999919, 0.08841854483220575], [0.02822524720953964, -0.006188041341816866, -0.999582434601725, -0.009824495419787268], [0.0, 0.0, 0.0, 1.0]]}, "mean_rme": {"type": "float", "data": 0.0014032885514404592}, "max_rme": {"type": "float", "data": 0.0037063736517881363}, "simu": {"type": "float", "data": 0.002}}, {"type": "dict", "image_number": {"type": "int", "data": 7}, "Hcamera2end": {"type": "ndarray", "data": [[0.9999347339253268, 0.00931866139929797, 0.00660987438694231, -0.015639326840232212], [-0.006459657701565798, -0.016058957923366757, 0.9998501801233994, 0.03448802178110592], [0.00942341297325569, -0.9998276213528714, -0.015997714455343592, 0.03435004335568818], [0.0, 0.0, 0.0, 1.0]]}, "Hobj2base": {"type": "ndarray", "data": [[0.9997888077035437, 0.01148863459492064, 0.01703969676581627, -0.7300758383700224], [0.011322111476088236, -0.9998875138690102, 0.009837143923599807, 0.09072313124957099], [0.01715079538824972, -0.009642141048282697, -0.9998064209303499, -0.00750784727464466], [0.0, 0.0, 0.0, 1.0]]}, "mean_rme": {"type": "float", "data": 0.0016850172413706383}, "max_rme": {"type": "float", "data": 0.0050644988654096335}, "simu": {"type": "float", "data": 0.002}}, {"type": "dict", "image_number": {"type": "int", "data": 8}, "Hcamera2end": {"type": "ndarray", "data": [[0.999947004851776, 0.009682539021557286, 0.0034979888590913736, -0.015608433595901198], [-0.0033765569122807884, -0.012529396216719668, 0.9999158030023642, 0.03439170187037584], [0.009725551469219405, -0.9998746234746337, -0.012496038575448232, 0.03451517526512461], [0.0, 0.0, 0.0, 1.0]]}, "Hobj2base": {"type": "ndarray", "data": [[0.9998290984444226, 0.012106422998692974, 0.013971700898237696, -0.7320231386426674], [0.012010474629303387, -0.9999038506956346, 0.006930935234198793, 0.08906016742585168], [0.014054266362637288, -0.006761943967419163, -0.9998783694584004, -0.007261948648669643], [0.0, 0.0, 0.0, 1.0]]}, "mean_rme": {"type": "float", "data": 0.0016238561805753413}, "max_rme": {"type": "float", "data": 0.004801410341474438}, "simu": {"type": "float", "data": 0.002}}, {"type": "dict", "image_number": {"type": "int", "data": 9}, "Hcamera2end": {"type": "ndarray", "data": [[0.9999438625623253, 0.010106590141383865, 0.0031825398114903834, -0.015287119544172919], [-0.003109806703518791, -0.007204181207234983, 0.9999692139638103, 0.03454463791462189], [0.01012920659303523, -0.9999229753380248, -0.00717234724118998, 0.03517786234976807], [0.0, 0.0, 0.0, 1.0]]}, "Hobj2base": {"type": "ndarray", "data": [[0.999885201755812, 0.011923216224687417, 0.009349878319989034, -0.7345112455543324], [0.011865321520053535, -0.9999102386580159, 0.006223244499088317, 0.08918736590997817], [0.009423240152145372, -0.0061115907691066205, -0.9999369235123314, -0.006235857624331554], [0.0, 0.0, 0.0, 1.0]]}, "mean_rme": {"type": "float", "data": 0.00181781221063162}, "max_rme": {"type": "float", "data": 0.005274888319676818}, "simu": {"type": "float", "data": 0.002}}, {"type": "dict", "image_number": {"type": "int", "data": 10}, "Hcamera2end": {"type": "ndarray", "data": [[0.9999468012015396, 0.010302284760175511, 0.0005076372021986962, -0.015355377532157561], [-0.0004277110784597351, -0.007758817870058277, 0.9999698084484814, 0.034559765479875146], [0.010305912382810343, -0.9999168283782305, -0.007753998708944776, 0.0351883768927886], [0.0, 0.0, 0.0, 1.0]]}, "Hobj2base": {"type": "ndarray", "data": [[0.9998769063009239, 0.011998628909954323, 0.010109656293596874, -0.7342181147622906], [0.011966119122722661, -0.99992305628045, 0.00327009356205025, 0.08792980456546805], [0.010148115058190146, -0.003148717682638409, -0.9999435490755066, -0.006661247227775585], [0.0, 0.0, 0.0, 1.0]]}, "mean_rme": {"type": "float", "data": 0.0017166783050528002}, "max_rme": {"type": "float", "data": 0.005223691850438222}, "simu": {"type": "float", "data": 0.002}}, {"type": "dict", "image_number": {"type": "int", "data": 11}, "Hcamera2end": {"type": "ndarray", "data": [[0.9999415926071136, 0.010807282265565899, -0.0001184245826728646, -0.015348376823424981], [0.0002130616438984663, -0.008756055131888818, 0.9999616423159755, 0.03450000651698197], [0.010805830791072741, -0.9999032623951977, -0.008757846330862185, 0.03514925554252432], [0.0, 0.0, 0.0, 1.0]]}, "Hobj2base": {"type": "ndarray", "data": [[0.9998628133943585, 0.012114435881532246, 0.011295788347461661, -0.7336416574644226], [0.012082585208560613, -0.9999228447574557, 0.0028836897950878662, 0.08752752337841807], [0.01132985109329681, -0.0027468118662670833, -0.9999320424402722, -0.00689388332926193], [0.0, 0.0, 0.0, 1.0]]}, "mean_rme": {"type": "float", "data": 0.0016301319439952018}, "max_rme": {"type": "float", "data": 0.005442926743742721}, "simu": {"type": "float", "data": 0.002}}, {"type": "dict", "image_number": {"type": "int", "data": 12}, "Hcamera2end": {"type": "ndarray", "data": [[0.9998852022308636, 0.008180619108699189, -0.012753816320748014, -0.01618513256046367], [0.012796781414342671, -0.005221393373134209, 0.9999044851567956, 0.0343588122568895], [0.008113245046128382, -0.9999529061522056, -0.005325479563391244, 0.03537705721011449], [0.0, 0.0, 0.0, 1.0]]}, "Hobj2base": {"type": "ndarray", "data": [[0.9999253204368301, 0.009564186211366177, 0.007607883504420004, -0.7355100976336649], [0.009633982950481328, -0.999911350713508, -0.009191141757062544, 0.08182815645909436], [0.007519303279716011, 0.009263749586581927, -0.9999288189775237, -0.00798250180575496], [0.0, 0.0, 0.0, 1.0]]}, "mean_rme": {"type": "float", "data": 0.0020156928571997013}, "max_rme": {"type": "float", "data": 0.006384979211993103}, "simu": {"type": "float", "data": 0.002}}, {"type": "dict", "image_number": {"type": "int", "data": 13}, "Hcamera2end": {"type": "ndarray", "data": [[0.9999067733308021, 0.008442000478467498, -0.010732067606262306, -0.015998166553223905], [0.010769444407346515, -0.004394552362432691, 0.9999323512001652, 0.034495358584215464], [0.008394266754214036, -0.9999547092431011, -0.00448505832779289, 0.03537191936847193], [0.0, 0.0, 0.0, 1.0]]}, "Hobj2base": {"type": "ndarray", "data": [[0.9999333802387244, 0.009687869237469107, 0.006275370427020292, -0.73602243400487], [0.00973447485334949, -0.9999249457568578, -0.007439277684991355, 0.08292754244845074], [0.006202828684409038, 0.007499869517705199, -0.9999526373151526, -0.007463215177431008], [0.0, 0.0, 0.0, 1.0]]}, "mean_rme": {"type": "float", "data": 0.0019553188001772627}, "max_rme": {"type": "float", "data": 0.006260391741829047}, "simu": {"type": "float", "data": 0.002}}, {"type": "dict", "image_number": {"type": "int", "data": 14}, "Hcamera2end": {"type": "ndarray", "data": [[0.9998224847488971, 0.008914816302980398, -0.016598946979417932, -0.01648532725738761], [0.016633068979384342, -0.0037671507984926578, 0.999854564219811, 0.03416358853779956], [0.008850989033348482, -0.999953166215871, -0.003914762826278784, 0.03531701166336272], [0.0, 0.0, 0.0, 1.0]]}, "Hobj2base": {"type": "ndarray", "data": [[0.9999320553439671, 0.010404919075167694, 0.005255697349415005, -0.7363979522063279], [0.010474331665675431, -0.9998559300974379, -0.013356924239687798, 0.07968127986119618], [0.0051159624458028815, 0.01341106662523686, -0.9998969798035329, -0.008256566159130571], [0.0, 0.0, 0.0, 1.0]]}, "mean_rme": {"type": "float", "data": 0.001944880425235624}, "max_rme": {"type": "float", "data": 0.006252144403821214}, "simu": {"type": "float", "data": 0.002}}, {"type": "dict", "image_number": {"type": "int", "data": 15}, "Hcamera2end": {"type": "ndarray", "data": [[0.9998480641824024, 0.009709629051208363, -0.014476589874363534, -0.01622316449167091], [0.014503806629418947, -0.0027385317978723123, 0.9998910640849075, 0.03423409248014216], [0.00966892672218676, -0.9999491104787683, -0.002878942299006537, 0.035277110708026915], [0.0, 0.0, 0.0, 1.0]]}, "Hobj2base": {"type": "ndarray", "data": [[0.9999300807881766, 0.011074592999288627, 0.0041457116217552496, -0.7370557627830346], [0.01112171791470514, -0.9998717657112668, -0.011522131923359337, 0.08065725214827978], [0.004017577077838825, 0.011567433740189608, -0.9999250239648421, -0.007726036069482878], [0.0, 0.0, 0.0, 1.0]]}, "mean_rme": {"type": "float", "data": 0.0019203365612938533}, "max_rme": {"type": "float", "data": 0.0061918439239439516}, "simu": {"type": "float", "data": 0.002}}, {"type": "dict", "image_number": {"type": "int", "data": 16}, "Hcamera2end": {"type": "ndarray", "data": [[0.9998734630555767, 0.009359909081952321, -0.012862736070755054, -0.016151115760596777], [0.0128915569142151, -0.0030253866754232916, 0.9999123235543163, 0.03432080111252962], [0.009320173688074144, -0.9999516183983311, -0.0031456676528796024, 0.03529949081081343], [0.0, 0.0, 0.0, 1.0]]}, "Hobj2base": {"type": "ndarray", "data": [[0.999931751945028, 0.010704275642722035, 0.004680804964052046, -0.7368679090201972], [0.010752507151957615, -0.9998880712739866, -0.01040329341768129, 0.08158129757876435], [0.004568921327180726, 0.010452913801993119, -0.9999349286583374, -0.00763437435725978], [0.0, 0.0, 0.0, 1.0]]}, "mean_rme": {"type": "float", "data": 0.0018644169599748824}, "max_rme": {"type": "float", "data": 0.006183239393959983}, "simu": {"type": "float", "data": 0.002}}, {"type": "dict", "image_number": {"type": "int", "data": 17}, "Hcamera2end": {"type": "ndarray", "data": [[0.9999258693762832, 0.009679849200587141, -0.0073862217363141105, -0.015806935279778597], [0.00741295826150359, -0.0027291181162392153, 0.9999687994953247, 0.034550817296689136], [0.009659389312855768, -0.9999494249379622, -0.0028006721231126352, 0.035280646139841054], [0.0, 0.0, 0.0, 1.0]]}, "Hobj2base": {"type": "ndarray", "data": [[0.9999324595747051, 0.010843446661360143, 0.004182816441466988, -0.7370707049699297], [0.010865800379968555, -0.9999266050848605, -0.005358994828195689, 0.08443267496295966], [0.004124399469431176, 0.00540408252788487, -0.9999768923435426, -0.006824805270671873], [0.0, 0.0, 0.0, 1.0]]}, "mean_rme": {"type": "float", "data": 0.0018831772333198751}, "max_rme": {"type": "float", "data": 0.006165581144277649}, "simu": {"type": "float", "data": 0.002}}, {"type": "dict", "image_number": {"type": "int", "data": 18}, "Hcamera2end": {"type": "ndarray", "data": [[0.9999214796162296, 0.00941202303854273, -0.008273356296697338, -0.015918390090885786], [0.008300985289382706, -0.002900230973831741, 0.9999613404044797, 0.03454285718571478], [0.009387664529349806, -0.9999515000651883, -0.0029781323113688973, 0.03529550243040495], [0.0, 0.0, 0.0, 1.0]]}, "Hobj2base": {"type": "ndarray", "data": [[0.9999348452949541, 0.010670254247984944, 0.00405596341692205, -0.7369572513235242], [0.010695580531795897, -0.9999231136091655, -0.006274665508160674, 0.08404137090619175], [0.003988699292240432, 0.006317637567539936, -0.9999720884772338, -0.006970121493161767], [0.0, 0.0, 0.0, 1.0]]}, "mean_rme": {"type": "float", "data": 0.0018254251138849794}, "max_rme": {"type": "float", "data": 0.0061587473999926146}, "simu": {"type": "float", "data": 0.002}}, {"type": "dict", "image_number": {"type": "int", "data": 19}, "Hcamera2end": {"type": "ndarray", "data": [[0.9999244627886457, 0.009306825094410817, -0.008028183075913634, -0.016052149809022666], [0.008038324947230165, -0.0010528296722529529, 0.9999671379009032, 0.035069196647103375], [0.009298066943245687, -0.9999561363161602, -0.001127561428771573, 0.03661165448129716], [0.0, 0.0, 0.0, 1.0]]}, "Hobj2base": {"type": "ndarray", "data": [[0.9999427480804077, 0.010385982645868501, 0.002575252586035097, -0.7389190567092819], [0.010401389637219925, -0.9999276422521111, -0.006043289977274329, 0.08418181935467635], [0.0025123007417298033, 0.006069730192884087, -0.9999784231274038, -0.007335985105371523], [0.0, 0.0, 0.0, 1.0]]}, "mean_rme": {"type": "float", "data": 0.001839472027383563}, "max_rme": {"type": "float", "data": 0.006208509809897289}, "simu": {"type": "float", "data": 0.002}}, {"type": "dict", "image_number": {"type": "int", "data": 20}, "Hcamera2end": {"type": "ndarray", "data": [[0.9999262353634457, 0.009086359661452813, -0.008059894539608698, -0.01588152867483203], [0.008101919830602393, -0.004597813402964501, 0.9999566085620766, 0.03400037970117767], [0.00904890750010092, -0.9999481477456791, -0.004671091204458966, 0.035208475935360646], [0.0, 0.0, 0.0, 1.0]]}, "Hobj2base": {"type": "ndarray", "data": [[0.9999312208460562, 0.010155711298392746, 0.005866438897586803, -0.7362075361626434], [0.010193198820536934, -0.9999275922633861, -0.0063960087673608145, 0.0841936485991474], [0.005801058103520941, 0.006455366633340812, -0.9999623372740138, -0.006710574672317083], [0.0, 0.0, 0.0, 1.0]]}, "mean_rme": {"type": "float", "data": 0.0019267203047370943}, "max_rme": {"type": "float", "data": 0.006092095254539853}, "simu": {"type": "float", "data": 0.002}}, {"type": "dict", "image_number": {"type": "int", "data": 21}, "Hcamera2end": {"type": "ndarray", "data": [[0.9999334161336098, 0.00819482161486813, -0.008124542945281928, -0.015845564443204042], [0.008135817346840844, -0.0013433985261610548, 0.9999660013002936, 0.03406071802650438], [0.008183628502570473, -0.9999655194950976, -0.0014099806493417244, 0.03357485279816901], [0.0, 0.0, 0.0, 1.0]]}, "Hobj2base": {"type": "ndarray", "data": [[0.9999520772914224, 0.00934290388318928, 0.0029245969976536427, -0.7358580671124997], [0.009361312050155815, -0.9999360503743742, -0.006345155506119283, 0.08445543748639658], [0.0028651277927529747, 0.006372229494197068, -0.9999755925691409, -0.0061484411009622136], [0.0, 0.0, 0.0, 1.0]]}, "mean_rme": {"type": "float", "data": 0.0019739242566026013}, "max_rme": {"type": "float", "data": 0.006211440839068216}, "simu": {"type": "float", "data": 0.002}}, {"type": "dict", "image_number": {"type": "int", "data": 22}, "Hcamera2end": {"type": "ndarray", "data": [[0.9999442670632406, 0.007245075614560557, -0.007679299883311643, -0.015897610652742443], [0.007687206953583782, -0.0010641556668693486, 0.9999698867575809, 0.0345132941529078], [0.007236685471353817, -0.9999731878665826, -0.001119790753992378, 0.03337309768180575], [0.0, 0.0, 0.0, 1.0]]}, "Hobj2base": {"type": "ndarray", "data": [[0.9999625774808287, 0.008406580753601588, 0.0020428014908056864, -0.7355963096255418], [0.008418563591630217, -0.999946980936832, -0.005929848427148631, 0.08487151540545285], [0.0019928434337249633, 0.0059468239715376086, -0.99998033173643, -0.00639992712611045], [0.0, 0.0, 0.0, 1.0]]}, "mean_rme": {"type": "float", "data": 0.001982355512717037}, "max_rme": {"type": "float", "data": 0.006186705096271505}, "simu": {"type": "float", "data": 0.002}}, {"type": "dict", "image_number": {"type": "int", "data": 23}, "Hcamera2end": {"type": "ndarray", "data": [[0.9999383577446919, 0.007709939189742408, -0.007989840332520426, -0.015887982990373164], [0.008002091772440809, -0.0015595067035363286, 0.9999667666808268, 0.03488748830537768], [0.007697222753313759, -0.9999690619096834, -0.0016211062129820597, 0.03320822772604976], [0.0, 0.0, 0.0, 1.0]]}, "Hobj2base": {"type": "ndarray", "data": [[0.9999560966857451, 0.00895971442974527, 0.002743759892194339, -0.735210431280356], [0.008976395862719125, -0.999940927859803, -0.006129038113057109, 0.08463840861406001], [0.0026886833812033045, 0.006153398102915339, -0.9999774530825494, -0.006892473683577625], [0.0, 0.0, 0.0, 1.0]]}, "mean_rme": {"type": "float", "data": 0.0019462731511897735}, "max_rme": {"type": "float", "data": 0.006088629324610184}, "simu": {"type": "float", "data": 0.002}}, {"type": "dict", "image_number": {"type": "int", "data": 24}, "Hcamera2end": {"type": "ndarray", "data": [[0.9999583989796901, 0.006583431956688284, -0.006313377356578443, -0.015851084056570004], [0.006315428492391085, -0.00029081779474915415, 0.9999800151942877, 0.0340948328579945], [0.00658146434559945, -0.9999782866886071, -0.0003323828901893311, 0.0340219302172633], [0.0, 0.0, 0.0, 1.0]]}, "Hobj2base": {"type": "ndarray", "data": [[0.9999675667041272, 0.007937003435660193, 0.0013673025594742227, -0.7365883123289155], [0.007942945758027845, -0.9999587878666907, -0.004396837598080177, 0.08552409766574902], [0.0013323484948968652, 0.00440755540421017, -0.999989399095234, -0.005748485080002213], [0.0, 0.0, 0.0, 1.0]]}, "mean_rme": {"type": "float", "data": 0.0020165262574084095}, "max_rme": {"type": "float", "data": 0.006331901807449802}, "simu": {"type": "float", "data": 0.002}}, {"type": "dict", "image_number": {"type": "int", "data": 25}, "Hcamera2end": {"type": "ndarray", "data": [[0.9999706661881307, 0.0060200403482716875, -0.004735596844240429, -0.015805883408854957], [0.004733796618958488, 0.0003132526085664056, 0.9999887464578657, 0.03378766102527287], [0.006021456039558556, -0.9999818303284357, 0.0002847457730267289, 0.034588616705221946], [0.0, 0.0, 0.0, 1.0]]}, "Hobj2base": {"type": "ndarray", "data": [[0.9999737657790388, 0.007211127358965093, 0.0006836635874589685, -0.7373876785415215], [0.007213065043207524, -0.9999698511950446, -0.002875481462806603, 0.08632681720074867], [0.0006629075127721733, 0.0028803373367145522, -0.9999956320956889, -0.005196647932644554], [0.0, 0.0, 0.0, 1.0]]}, "mean_rme": {"type": "float", "data": 0.002020600990630109}, "max_rme": {"type": "float", "data": 0.006570665065722903}, "simu": {"type": "float", "data": 0.002}}, {"type": "dict", "image_number": {"type": "int", "data": 26}, "Hcamera2end": {"type": "ndarray", "data": [[0.9999715939864614, 0.0059121333125105036, -0.004675243295355521, -0.01584476031796732], [0.004671414177724443, 0.0006613144906253421, 0.9999888702144265, 0.03350290340330517], [0.005915159317872871, -0.9999823045148549, 0.0006336776819403367, 0.034660667258236785], [0.0, 0.0, 0.0, 1.0]]}, "Hobj2base": {"type": "ndarray", "data": [[0.9999740705598463, 0.007200994010536283, 6.239576624407653e-05, -0.7376601717590895], [0.00720113886642998, -0.9999702585815402, -0.0027614400941971882, 0.0863903743912705], [4.250879692671385e-05, 0.0027618178121789285, -0.9999961852704111, -0.004815570401324683], [0.0, 0.0, 0.0, 1.0]]}, "mean_rme": {"type": "float", "data": 0.002002504526933356}, "max_rme": {"type": "float", "data": 0.006541900774552245}, "simu": {"type": "float", "data": 0.002}}, {"type": "dict", "image_number": {"type": "int", "data": 27}, "Hcamera2end": {"type": "ndarray", "data": [[0.9999765252015279, 0.00530314370774412, -0.00433886075981349, -0.015930592391862116], [0.004335323563992483, 0.0006783134646927147, 0.9999903723838742, 0.0336117416744888], [0.005306035758787049, -0.9999857081767013, 0.0006553066975414357, 0.03464012797961321], [0.0, 0.0, 0.0, 1.0]]}, "Hobj2base": {"type": "ndarray", "data": [[0.9999789397632523, 0.006489056085986232, 0.00011036790673653782, -0.7375617594535526], [0.0064892857084922085, -0.9999764670932036, -0.002225855069350744, 0.08674031792427385], [9.592161107458146e-05, 0.0022265244011958787, -0.9999975166909849, -0.004866992309167538], [0.0, 0.0, 0.0, 1.0]]}, "mean_rme": {"type": "float", "data": 0.0020019301021000353}, "max_rme": {"type": "float", "data": 0.006589705975315829}, "simu": {"type": "float", "data": 0.002}}, {"type": "dict", "image_number": {"type": "int", "data": 28}, "Hcamera2end": {"type": "ndarray", "data": [[0.9999836780195469, 0.004963951774425504, -0.0028289357151214875, -0.015809377834022507], [0.002829067299021491, -1.9486358601383813e-05, 0.9999959979912416, 0.03402670250028294], [0.004963876782991221, -0.9999876793256319, -3.3529394184439454e-05, 0.03385239504877101], [0.0, 0.0, 0.0, 1.0]]}, "Hobj2base": {"type": "ndarray", "data": [[0.9999823385450115, 0.005898878863600493, 0.0007251387470477322, -0.7363507627358753], [0.005899482430413459, -0.999982250914176, -0.0008330448196891074, 0.08755168449082981], [0.0007202118460185804, 0.0008373080502033412, -0.9999993901048772, -0.005133231137570021], [0.0, 0.0, 0.0, 1.0]]}, "mean_rme": {"type": "float", "data": 0.0020139972107106074}, "max_rme": {"type": "float", "data": 0.00680373737742318}, "simu": {"type": "float", "data": 0.002}}, {"type": "dict", "image_number": {"type": "int", "data": 29}, "Hcamera2end": {"type": "ndarray", "data": [[0.9999867818138446, 0.005107454346704463, -0.0005916989832266272, -0.015642338800544466], [0.0005945983030134737, -0.0005661645721248831, 0.9999996629552108, 0.034144527463769524], [0.005107117626261924, -0.9999867965967217, -0.0005691939721432782, 0.03286783342685201], [0.0, 0.0, 0.0, 1.0]]}, "Hobj2base": {"type": "ndarray", "data": [[0.9999822201786667, 0.005760446853717322, 0.001541615577892733, -0.7351174670500245], [0.005758360503561003, -0.9999825033070944, 0.0013543869415888934, 0.08865611427943866], [0.0015493904787147802, -0.0013454856825756438, -0.9999978945264945, -0.005016231197696627], [0.0, 0.0, 0.0, 1.0]]}, "mean_rme": {"type": "float", "data": 0.0020092950956244315}, "max_rme": {"type": "float", "data": 0.007191300436637016}, "simu": {"type": "float", "data": 0.002}}, {"type": "dict", "image_number": {"type": "int", "data": 30}, "Hcamera2end": {"type": "ndarray", "data": [[0.9999892010289542, 0.004634487024974698, 0.0003454786379463873, -0.015680587879596412], [-0.00034257878658484116, -0.0006264906499928724, 0.9999997450745878, 0.03423144014678169], [0.004634702282662629, -0.9999890644599475, -0.0006248962075969811, 0.03264348080963155], [0.0, 0.0, 0.0, 1.0]]}, "Hobj2base": {"type": "ndarray", "data": [[0.999985329311784, 0.005174503464536654, 0.0016017724865204184, -0.7348020541270696], [0.005170801168616826, -0.9999839702697233, 0.0023069501242186977, 0.08927415012873151], [0.001613684131949778, -0.0022986338326275372, -0.9999960561452359, -0.004971942558960935], [0.0, 0.0, 0.0, 1.0]]}, "mean_rme": {"type": "float", "data": 0.002026452297864588}, "max_rme": {"type": "float", "data": 0.007346381255076695}, "simu": {"type": "float", "data": 0.002}}, {"type": "dict", "image_number": {"type": "int", "data": 31}, "Hcamera2end": {"type": "ndarray", "data": [[0.9999841527566351, 0.005557726638471272, 0.0008977250173379694, -0.015631106165947605], [-0.0008941569684783081, -0.0006444493806856411, 0.9999993925839714, 0.033981238125352684], [0.005558301800950478, -0.9999843480573123, -0.0006394696879366002, 0.03238294412843543], [0.0, 0.0, 0.0, 1.0]]}, "Hobj2base": {"type": "ndarray", "data": [[0.999979490892822, 0.006191980981762028, 0.0016362045269366979, -0.7346983353988671], [0.006187642006060939, -0.9999773616017922, 0.0026437417277590837, 0.08940159015165931], [0.001652537484386043, -0.0026335632591152573, -0.9999951667205311, -0.004661615685033314], [0.0, 0.0, 0.0, 1.0]]}, "mean_rme": {"type": "float", "data": 0.0020040276800341807}, "max_rme": {"type": "float", "data": 0.007462409208897736}, "simu": {"type": "float", "data": 0.002}}]}