{"type": "list", "data": [{"type": "dict", "image_number": {"type": "int", "data": 5}, "Hcamera2end": {"type": "ndarray", "data": [[0.9998932258844593, 0.006878402862969755, -0.012892804366175317, -0.015544152580583035], [0.012978020562685199, -0.012491607529182769, 0.9998377521996313, 0.02650774235180452], [0.006716235005142391, -0.9998983184881309, -0.012579541802631322, 0.024227287999111006], [0.0, 0.0, 0.0, 1.0]]}, "Hobj2base": {"type": "ndarray", "data": [[0.999872263304653, 0.0065388512071086384, 0.014584255172002864, -0.7190856318381286], [0.006678040376730149, -0.9999324262476859, -0.009515603771846348, 0.08277676366441619], [0.014521048541946281, 0.00961178252496947, -0.999848364896365, 0.0006983079610050735], [0.0, 0.0, 0.0, 1.0]]}, "mean_rme": {"type": "float", "data": 0.0010163546260766672}, "max_rme": {"type": "float", "data": 0.0034565155631553213}, "simu": {"type": "float", "data": 0.002}}, {"type": "dict", "image_number": {"type": "int", "data": 6}, "Hcamera2end": {"type": "ndarray", "data": [[0.9996796029069728, 0.006614640726006496, -0.02443231589152301, -0.015813930608929848], [0.02445875594899088, -0.003946248509875794, 0.9996930510812435, 0.027268260410022237], [0.006516194379007948, -0.999970336385417, -0.00410677002653248, 0.024455309117864428], [0.0, 0.0, 0.0, 1.0]]}, "Hobj2base": {"type": "ndarray", "data": [[0.9999528050747322, 0.007322386420283024, 0.006385160944460805, -0.7239711290176235], [0.007461921328607483, -0.9997276940939503, -0.022110119666771396, 0.07603592778020256], [0.00622152338742575, 0.022156721749964126, -0.9997351510915453, 0.0019629527519711234], [0.0, 0.0, 0.0, 1.0]]}, "mean_rme": {"type": "float", "data": 0.0009866308510941733}, "max_rme": {"type": "float", "data": 0.00345399167214952}, "simu": {"type": "float", "data": 0.002}}, {"type": "dict", "image_number": {"type": "int", "data": 7}, "Hcamera2end": {"type": "ndarray", "data": [[0.9998184228097772, 0.006870320553577321, -0.017774141488711228, -0.015472257770951755], [0.017875395371306037, -0.014968691853007865, 0.9997281673057576, 0.026624923723448695], [0.006602397328934653, -0.999864359280648, -0.015088783576222786, 0.0241307438012991], [0.0, 0.0, 0.0, 1.0]]}, "Hobj2base": {"type": "ndarray", "data": [[0.9998283829598575, 0.007761558721828244, 0.016821499162799035, -0.7175734704576422], [0.00802225135904126, -0.999847903316474, -0.015485919952733402, 0.07993334241321728], [0.01669874579148977, 0.015618208599507107, -0.9997385775537189, 0.00012299872898247871], [0.0, 0.0, 0.0, 1.0]]}, "mean_rme": {"type": "float", "data": 0.0012319643901571031}, "max_rme": {"type": "float", "data": 0.0035898904447252064}, "simu": {"type": "float", "data": 0.002}}, {"type": "dict", "image_number": {"type": "int", "data": 8}, "Hcamera2end": {"type": "ndarray", "data": [[0.9999117546356533, 0.0062164498771275275, -0.011740472408480222, -0.015278800727427861], [0.0118143006785687, -0.011975821728882785, 0.9998584909842965, 0.026305378868116642], [0.006074968388847418, -0.9999089635786067, -0.012048207926132593, 0.024013802742049704], [0.0, 0.0, 0.0, 1.0]]}, "Hobj2base": {"type": "ndarray", "data": [[0.9998778024315772, 0.0072822284665056, 0.013832908340675742, -0.7193374945307921], [0.007410688972972474, -0.9999296817876211, -0.009258140690873724, 0.08358058395646564], [0.013764515739603234, 0.009359520749897567, -0.9998614591421082, 0.0005585308781417067], [0.0, 0.0, 0.0, 1.0]]}, "mean_rme": {"type": "float", "data": 0.0012959795236015428}, "max_rme": {"type": "float", "data": 0.003915848139193406}, "simu": {"type": "float", "data": 0.002}}, {"type": "dict", "image_number": {"type": "int", "data": 9}, "Hcamera2end": {"type": "ndarray", "data": [[0.9999847331145669, 0.004341199521651285, -0.003418702166251808, -0.015368833905901508], [0.003450094438740142, -0.007244462999814738, 0.9999678067839025, 0.026008531436926406], [0.004316293103126164, -0.999964335235291, -0.007259329947755244, 0.024098576949457207], [0.0, 0.0, 0.0, 1.0]]}, "Hobj2base": {"type": "ndarray", "data": [[0.9999420617272, 0.005115180390563045, 0.009471436972731322, -0.7219342120079595], [0.005129423257131497, -0.9999857490747839, -0.001480089318869458, 0.0885032720675703], [0.009463731072131176, 0.0015285865741371163, -0.9999540495529178, 0.0014387049329820626], [0.0, 0.0, 0.0, 1.0]]}, "mean_rme": {"type": "float", "data": 0.001427287040322907}, "max_rme": {"type": "float", "data": 0.00517934126540881}, "simu": {"type": "float", "data": 0.002}}, {"type": "dict", "image_number": {"type": "int", "data": 10}, "Hcamera2end": {"type": "ndarray", "data": [[0.9999683301533272, 0.0053035914221047685, -0.005933852744522967, -0.01534021393628758], [0.005965500990585861, -0.0059715586216617655, 0.9999643760082454, 0.02616060513089595], [0.005267968137491449, -0.9999681056942044, -0.006003008083198091, 0.024142928372534164], [0.0, 0.0, 0.0, 1.0]]}, "Hobj2base": {"type": "ndarray", "data": [[0.9999562117551055, 0.005663102215206198, 0.007450090313452598, -0.7227722115734345], [0.005693343312298741, -0.9999756147183447, -0.0040442317685025165, 0.08703105957054696], [0.00742700574301493, 0.004086470600553545, -0.9999640695263627, 0.0016694491285482505], [0.0, 0.0, 0.0, 1.0]]}, "mean_rme": {"type": "float", "data": 0.0014309436603639366}, "max_rme": {"type": "float", "data": 0.0052476220644372025}, "simu": {"type": "float", "data": 0.002}}, {"type": "dict", "image_number": {"type": "int", "data": 11}, "Hcamera2end": {"type": "ndarray", "data": [[0.9999572448028834, 0.004855634592585053, -0.00786964922532236, -0.015276854823217695], [0.007889157945659834, -0.004011762068275138, 0.9999608327089695, 0.02628290167399688], [0.004823873250279048, -0.9999801640921737, -0.004049897412824466, 0.024046400518788036], [0.0, 0.0, 0.0, 1.0]]}, "Hobj2base": {"type": "ndarray", "data": [[0.9999727491283803, 0.004809417665198355, 0.005600937631417799, -0.7238091741777466], [0.004842421150411022, -0.9999709059382553, -0.005893915033958467, 0.08608446893054804], [0.005572428378311023, 0.005920876518485049, -0.9999669450852973, 0.0018749317204680529], [0.0, 0.0, 0.0, 1.0]]}, "mean_rme": {"type": "float", "data": 0.0014693855237534901}, "max_rme": {"type": "float", "data": 0.005516571447444149}, "simu": {"type": "float", "data": 0.002}}, {"type": "dict", "image_number": {"type": "int", "data": 12}, "Hcamera2end": {"type": "ndarray", "data": [[0.9999766129899477, 0.004626930921148964, -0.005036366091067135, -0.015218228962993281], [0.005050426065932973, -0.0030320839660604726, 0.9999826496811709, 0.026156917392803344], [0.004611579957550346, -0.9999846988714746, -0.00305538102721159, 0.024002071533496427], [0.0, 0.0, 0.0, 1.0]]}, "Hobj2base": {"type": "ndarray", "data": [[0.9999788604284525, 0.004424472354257845, 0.004764739300299813, -0.7243834269728923], [0.0044384461789647505, -0.9999858687107941, -0.0029261876623323697, 0.08778092755374141], [0.00475172513197541, 0.0029472738429200994, -0.9999843672203907, 0.0020322935889728146], [0.0, 0.0, 0.0, 1.0]]}, "mean_rme": {"type": "float", "data": 0.0014933889841714679}, "max_rme": {"type": "float", "data": 0.0053297370354205564}, "simu": {"type": "float", "data": 0.002}}, {"type": "dict", "image_number": {"type": "int", "data": 13}, "Hcamera2end": {"type": "ndarray", "data": [[0.999986662136873, 0.004198218189328607, -0.003008406952206358, -0.015146540984183346], [0.0030178430024564717, -0.0022431103236610905, 0.9999929305148553, 0.026087177430273664], [0.0041914403213952145, -0.9999886716458893, -0.002255749968748111, 0.023937825481764145], [0.0, 0.0, 0.0, 1.0]]}, "Hobj2base": {"type": "ndarray", "data": [[0.9999884839018169, 0.0032122541972068193, 0.0035655976663235586, -0.7247512717346696], [0.0032154167361820598, -0.9999944419394655, -0.0008815811871809691, 0.08910177537627469], [0.0035627459856471867, 0.0008930359172162497, -0.999993254641196, 0.002192544080330291], [0.0, 0.0, 0.0, 1.0]]}, "mean_rme": {"type": "float", "data": 0.0014842685430531766}, "max_rme": {"type": "float", "data": 0.005582814300299999}, "simu": {"type": "float", "data": 0.002}}, {"type": "dict", "image_number": {"type": "int", "data": 14}, "Hcamera2end": {"type": "ndarray", "data": [[0.9999923941659234, 0.0021956373900223272, -0.003223474329970383, -0.015050623831458181], [0.0032238780649172585, -0.00018036610067073688, 0.9999947870255584, 0.026194945111708324], [0.002195044538725221, -0.9999975733193162, -0.00018744319605623616, 0.023674268031177274], [0.0, 0.0, 0.0, 1.0]]}, "Hobj2base": {"type": "ndarray", "data": [[0.9999979372602773, 0.0014498741076912217, 0.0014224416551820176, -0.7257772464421457], [0.0014519674608285435, -0.9999978628915505, -0.0014717346310435878, 0.08917660266437462], [0.0014203047853349948, 0.0014737969342363544, -0.9999979053262626, 0.002367307191141671], [0.0, 0.0, 0.0, 1.0]]}, "mean_rme": {"type": "float", "data": 0.0015538400379647961}, "max_rme": {"type": "float", "data": 0.005912696745312085}, "simu": {"type": "float", "data": 0.002}}, {"type": "dict", "image_number": {"type": "int", "data": 15}, "Hcamera2end": {"type": "ndarray", "data": [[0.9999850388833789, 0.003211070231825382, -0.004428435093080581, -0.015011981273886673], [0.004431517587721896, -0.0009534799228276825, 0.9999897262111781, 0.026241509158981803], [0.003206814818017131, -0.9999943899362653, -0.0009676955719111202, 0.02380676869528793], [0.0, 0.0, 0.0, 1.0]]}, "Hobj2base": {"type": "ndarray", "data": [[0.9999934731760498, 0.0026568994958476545, 0.0024483648359620498, -0.7254252913005014], [0.002663506073065507, -0.9999928103667108, -0.0026990647058072028, 0.08831978756470736], [0.0024411760894606023, 0.002705568324096703, -0.999993360257629, 0.0021775615734480466], [0.0, 0.0, 0.0, 1.0]]}, "mean_rme": {"type": "float", "data": 0.0015764550423493636}, "max_rme": {"type": "float", "data": 0.005745459076718362}, "simu": {"type": "float", "data": 0.002}}, {"type": "dict", "image_number": {"type": "int", "data": 16}, "Hcamera2end": {"type": "ndarray", "data": [[0.9999818137092407, 0.00426140508210158, -0.004267631369250496, -0.014990252962033655], [0.004274216353674146, -0.0015373516644781038, 0.9999896837589983, 0.02621834676814142], [0.004254800270230851, -0.9999897384356431, -0.0015555378730454095, 0.023943093186012326], [0.0, 0.0, 0.0, 1.0]]}, "Hobj2base": {"type": "ndarray", "data": [[0.9999882835464632, 0.003444417596262264, 0.00340128758280188, -0.7251697728103382], [0.0034528864378757748, -0.9999909457450129, -0.0024871677149463376, 0.08830913570609458], [0.0033926899424346034, 0.0024988828339273387, -0.9999911225803644, 0.0020541170484840027], [0.0, 0.0, 0.0, 1.0]]}, "mean_rme": {"type": "float", "data": 0.0015395466907518168}, "max_rme": {"type": "float", "data": 0.005687462091385487}, "simu": {"type": "float", "data": 0.002}}, {"type": "dict", "image_number": {"type": "int", "data": 17}, "Hcamera2end": {"type": "ndarray", "data": [[0.9999903888556634, 0.0014910818683714076, -0.004122968731506275, -0.014885535047924166], [0.004123664685317434, -0.00046397139912590646, 0.9999913900229862, 0.026351264310488738], [0.0014891560906198857, -0.9999987807019581, -0.0004701156614734803, 0.023608791929838405], [0.0, 0.0, 0.0, 1.0]]}, "Hobj2base": {"type": "ndarray", "data": [[0.9999973173040813, 0.001186097550836689, 0.0019896123342514416, -0.7255592923816087], [0.0011913520815174138, -0.9999958005682528, -0.002641879269936161, 0.08855822701464906], [0.001986470452478563, 0.002644242511373249, -0.9999945309433858, 0.002081129249889585], [0.0, 0.0, 0.0, 1.0]]}, "mean_rme": {"type": "float", "data": 0.0017083328914129976}, "max_rme": {"type": "float", "data": 0.006085608983274177}, "simu": {"type": "float", "data": 0.002}}, {"type": "dict", "image_number": {"type": "int", "data": 18}, "Hcamera2end": {"type": "ndarray", "data": [[0.9999911148231788, 0.0019244850136306236, -0.003750550909969338, -0.014812537098852408], [0.003750368309712946, 9.848266850864817e-05, 0.9999929624945896, 0.026591559625934447], [0.001924840834318919, -0.9999981433275746, 9.1264265865032e-05, 0.02373100096851334], [0.0, 0.0, 0.0, 1.0]]}, "Hobj2base": {"type": "ndarray", "data": [[0.9999977049592279, 0.0013547795575204163, 0.0016597134172732077, -0.7260442115672556], [0.0013592763376743878, -0.999995400745626, -0.002711246103290989, 0.08845742384294476], [0.001656032643032868, 0.0027134958900460592, -0.9999949472352048, 0.002026306674975112], [0.0, 0.0, 0.0, 1.0]]}, "mean_rme": {"type": "float", "data": 0.0017932052867330303}, "max_rme": {"type": "float", "data": 0.005967348588250487}, "simu": {"type": "float", "data": 0.002}}, {"type": "dict", "image_number": {"type": "int", "data": 19}, "Hcamera2end": {"type": "ndarray", "data": [[0.9999934538550196, 0.002621665827062566, -0.0024938154302224574, -0.014842262216881029], [0.0024924059679394934, 0.0005407506160005626, 0.9999967477453428, 0.026739587407529786], [0.002623005832967755, -0.9999964172221133, 0.0005342128206153873, 0.023887848353437022], [0.0, 0.0, 0.0, 1.0]]}, "Hobj2base": {"type": "ndarray", "data": [[0.9999970222764525, 0.002199292537676789, 0.0010576155076373352, -0.7265523144216083], [0.002201135274400331, -0.999996056108071, -0.0017443542667164736, 0.08882808413210276], [0.0010537749911942163, 0.0017466770273123116, -0.9999979193366506, 0.002128890759748466], [0.0, 0.0, 0.0, 1.0]]}, "mean_rme": {"type": "float", "data": 0.0017762552040897165}, "max_rme": {"type": "float", "data": 0.006147279975729836}, "simu": {"type": "float", "data": 0.002}}, {"type": "dict", "image_number": {"type": "int", "data": 20}, "Hcamera2end": {"type": "ndarray", "data": [[0.999992403781632, 0.0028866930476057645, -0.002619042245255915, -0.014734395358963485], [0.00261784455130539, 0.00041860214315159183, 0.9999964858249006, 0.026888052474959158], [0.002887779239957806, -0.9999957458786983, 0.00041104204969233393, 0.02382248356063611], [0.0, 0.0, 0.0, 1.0]]}, "Hobj2base": {"type": "ndarray", "data": [[0.9999950454855021, 0.002869743246710356, 0.0012936684840533098, -0.7264682961693352], [0.002872281625145992, -0.9999939451810309, -0.00196458635412158, 0.0885700662655631], [0.0012880227927025134, 0.0019682924007657825, -0.9999972334073282, 0.001938516407040225], [0.0, 0.0, 0.0, 1.0]]}, "mean_rme": {"type": "float", "data": 0.0017662639153142345}, "max_rme": {"type": "float", "data": 0.006110810782321785}, "simu": {"type": "float", "data": 0.002}}, {"type": "dict", "image_number": {"type": "int", "data": 21}, "Hcamera2end": {"type": "ndarray", "data": [[0.999991910903658, 0.0029573675026325977, -0.002726188677399834, -0.014712860134454704], [0.002723820736472265, 0.0008044245519489568, 0.9999959668427346, 0.02674344035424471], [0.002959548588209714, -0.9999953034282684, 0.0007963627059522915, 0.023983349240734943], [0.0, 0.0, 0.0, 1.0]]}, "Hobj2base": {"type": "ndarray", "data": [[0.9999951659988151, 0.003011034600026399, 0.0007756607761136023, -0.7268314793619559], [0.003012619057140145, -0.9999933613761538, -0.002049714623599094, 0.08849573893879685], [0.0007694838651416402, 0.0020520414857121707, -0.9999975985072778, 0.0021589395588634424], [0.0, 0.0, 0.0, 1.0]]}, "mean_rme": {"type": "float", "data": 0.0017078428260152746}, "max_rme": {"type": "float", "data": 0.006149230623613611}, "simu": {"type": "float", "data": 0.002}}, {"type": "dict", "image_number": {"type": "int", "data": 22}, "Hcamera2end": {"type": "ndarray", "data": [[0.9999908204005863, 0.0032816989705560617, -0.00275491677353498, -0.01465944161279076], [0.002753109720036785, 0.0005550359704500352, 0.9999960561531935, 0.027175449658191523], [0.003283215105942965, -0.9999944611781297, 0.0005459959981081175, 0.02381522882694006], [0.0, 0.0, 0.0, 1.0]]}, "Hobj2base": {"type": "ndarray", "data": [[0.9999928615924578, 0.003671510946744741, 0.0008926205775342254, -0.7265266204400229], [0.0036733908197790644, -0.9999910194540353, -0.0021135778110984555, 0.08832864785061433], [0.0008848525372438554, 0.002116841667753728, -0.9999973680052066, 0.0017125298766028465], [0.0, 0.0, 0.0, 1.0]]}, "mean_rme": {"type": "float", "data": 0.0016886958701269534}, "max_rme": {"type": "float", "data": 0.006084698510993896}, "simu": {"type": "float", "data": 0.002}}, {"type": "dict", "image_number": {"type": "int", "data": 23}, "Hcamera2end": {"type": "ndarray", "data": [[0.9999833209201058, 0.004480292396490544, -0.003644840413334105, -0.01449586710309726], [0.00364777583114668, -0.0006471875122531223, 0.9999931374163573, 0.027025738656131764], [0.004477902754909563, -0.9999897540116929, -0.000663519820081282, 0.024810582977299746], [0.0, 0.0, 0.0, 1.0]]}, "Hobj2base": {"type": "ndarray", "data": [[0.9999870717479014, 0.004668950090547662, 0.0020142596927075645, -0.7270489994883276], [0.004675102562314387, -0.9999843878282602, -0.0030606397651662446, 0.08776108963059576], [0.0019999382714306064, 0.0030700170670943205, -0.9999932875985311, 0.0015595796798608891], [0.0, 0.0, 0.0, 1.0]]}, "mean_rme": {"type": "float", "data": 0.0017251245812945463}, "max_rme": {"type": "float", "data": 0.00635250130729945}, "simu": {"type": "float", "data": 0.002}}, {"type": "dict", "image_number": {"type": "int", "data": 24}, "Hcamera2end": {"type": "ndarray", "data": [[0.999981343194111, 0.004739221897471901, -0.0038539641290549578, -0.0144514733169308], [0.003856918995004122, -0.0006145104522372602, 0.9999923732473015, 0.027008538759952964], [0.0047368174513586535, -0.9999885810111588, -0.0006327777823929015, 0.024644155366610642], [0.0, 0.0, 0.0, 1.0]]}, "Hobj2base": {"type": "ndarray", "data": [[0.9999860263709331, 0.004940473487227126, 0.0018811657538526027, -0.7269161434074479], [0.004946609481923565, -0.9999824148551444, -0.0032712436635220768, 0.08757147072508509], [0.0018649711806904342, 0.0032805033447316128, -0.999992880064803, 0.0016048544475957365], [0.0, 0.0, 0.0, 1.0]]}, "mean_rme": {"type": "float", "data": 0.0016922344607147972}, "max_rme": {"type": "float", "data": 0.006479733806729195}, "simu": {"type": "float", "data": 0.002}}, {"type": "dict", "image_number": {"type": "int", "data": 25}, "Hcamera2end": {"type": "ndarray", "data": [[0.9999837273327163, 0.004657961396749016, -0.0032937008658951313, -0.01435078963724532], [0.0032920462651119912, 0.0003628425169405203, 0.9999945153733076, 0.026284892767150937], [0.0046591309442818385, -0.9999890858109075, 0.0003475023881057693, 0.025962059912236064], [0.0, 0.0, 0.0, 1.0]]}, "Hobj2base": {"type": "ndarray", "data": [[0.9999878539179006, 0.004887079357034196, 0.0006391181656101795, -0.7287869041270487], [0.004888818192736467, -0.9999842737915199, -0.0027480222570175467, 0.08788917495532282], [0.0006256783118597226, 0.002751113411828945, -0.9999960199429023, 0.0024534161975863244], [0.0, 0.0, 0.0, 1.0]]}, "mean_rme": {"type": "float", "data": 0.0017721471340237745}, "max_rme": {"type": "float", "data": 0.006487597478819537}, "simu": {"type": "float", "data": 0.002}}, {"type": "dict", "image_number": {"type": "int", "data": 26}, "Hcamera2end": {"type": "ndarray", "data": [[0.9999829873050529, 0.005117695631842342, -0.0027989805076805005, -0.014304931825201208], [0.0027984643707350066, 0.00010801151247008534, 0.9999960784576502, 0.026798686703347237], [0.005117977884700197, -0.9999868986766441, 9.368798601716577e-05, 0.02653186290895427], [0.0, 0.0, 0.0, 1.0]]}, "Hobj2base": {"type": "ndarray", "data": [[0.9999863721773636, 0.005067263870510186, 0.0012563026792503256, -0.7291412264055723], [0.00507004226930106, -0.9999846867108395, -0.0022183361358697057, 0.08812943562159245], [0.0012450425465701854, 0.002224675412465134, -0.9999967503389031, 0.0018249286776613194], [0.0, 0.0, 0.0, 1.0]]}, "mean_rme": {"type": "float", "data": 0.0017769447443639046}, "max_rme": {"type": "float", "data": 0.00645428692489761}, "simu": {"type": "float", "data": 0.002}}, {"type": "dict", "image_number": {"type": "int", "data": 27}, "Hcamera2end": {"type": "ndarray", "data": [[0.9999833368708775, 0.005261912106917195, -0.0023745023824427143, -0.01431419919919953], [0.0023746686684147046, -2.535433919170771e-05, 0.9999971801489606, 0.02699711014943951], [0.005261837065170054, -0.9999861557232362, -3.784921452543166e-05, 0.026787290461363304], [0.0, 0.0, 0.0, 1.0]]}, "Hobj2base": {"type": "ndarray", "data": [[0.9999851576110863, 0.005255039206359174, 0.0014384437669074357, -0.7293075119561481], [0.005257504362624307, -0.9999847079367037, -0.0017153835204417344, 0.08834935993440325], [0.0014294073624804404, 0.0017229206844322936, -0.9999974941663139, 0.0015970803448066048], [0.0, 0.0, 0.0, 1.0]]}, "mean_rme": {"type": "float", "data": 0.0017670626110382003}, "max_rme": {"type": "float", "data": 0.006386300582931884}, "simu": {"type": "float", "data": 0.002}}, {"type": "dict", "image_number": {"type": "int", "data": 28}, "Hcamera2end": {"type": "ndarray", "data": [[0.9999920376793806, 0.003916968821576487, -0.0007628453913209174, -0.014306448985576667], [0.0007608462121524117, 0.0005118540968617191, 0.9999995795591242, 0.026219826193209537], [0.003917357640261505, -0.999992197649879, 0.0005088698104243061, 0.027394977165690178], [0.0, 0.0, 0.0, 1.0]]}, "Hobj2base": {"type": "ndarray", "data": [[0.999991872696493, 0.003954220169510385, 0.0007865645631367638, -0.7302552220767577], [0.003954178778617998, -0.9999921807373, 5.417052732774519e-05, 0.08932372435961876], [0.0007867726149735665, -5.1059870163860136e-05, -0.9999996891908227, 0.002485474286749088], [0.0, 0.0, 0.0, 1.0]]}, "mean_rme": {"type": "float", "data": 0.0018683891345093657}, "max_rme": {"type": "float", "data": 0.006328671784197493}, "simu": {"type": "float", "data": 0.002}}, {"type": "dict", "image_number": {"type": "int", "data": 29}, "Hcamera2end": {"type": "ndarray", "data": [[0.9999914900166023, 0.004076865829195433, 0.0006317114740060116, -0.01423387471486882], [-0.0006339963294419645, 0.0005591760810901292, 0.9999996426853184, 0.026234536957488907], [0.004076511134525003, -0.9999915332077172, 0.000561756040482253, 0.027994644539943818], [0.0, 0.0, 0.0, 1.0]]}, "Hobj2base": {"type": "ndarray", "data": [[0.9999919258558071, 0.003965041723369157, 0.0006531977693775861, -0.7308709152197169], [0.003964039801836921, -0.9999909756222325, 0.0015280911442164976, 0.09000628131457664], [0.0006592508198180877, -0.0015254895042319755, -0.999998619134111, 0.002493279842692783], [0.0, 0.0, 0.0, 1.0]]}, "mean_rme": {"type": "float", "data": 0.0018483122307613312}, "max_rme": {"type": "float", "data": 0.006362776314653262}, "simu": {"type": "float", "data": 0.002}}, {"type": "dict", "image_number": {"type": "int", "data": 30}, "Hcamera2end": {"type": "ndarray", "data": [[0.9999975277864936, 0.002116712568354431, 0.0006811378743981152, -0.014357804621076952], [-0.0006827852717836709, 0.000777655950894629, 0.999999464527604, 0.025615435940342227], [0.0021161817439918746, -0.9999974573863302, 0.0007790992885293724, 0.027702072692025397], [0.0, 0.0, 0.0, 1.0]]}, "Hobj2base": {"type": "ndarray", "data": [[0.9999979671716495, 0.002016120251405692, 3.0194381204838382e-05, -0.7307167520383605], [0.0020160711401894125, -0.9999967716285916, 0.00154667047342638, 0.09030176708203458], [3.331255738988754e-05, -0.0015466064552902496, -0.9999988034486578, 0.0032100495089327865], [0.0, 0.0, 0.0, 1.0]]}, "mean_rme": {"type": "float", "data": 0.0019367996715160664}, "max_rme": {"type": "float", "data": 0.006319905712732943}, "simu": {"type": "float", "data": 0.002}}, {"type": "dict", "image_number": {"type": "int", "data": 31}, "Hcamera2end": {"type": "ndarray", "data": [[0.9999954215560843, 0.00292337923208092, 0.0007814862344581472, -0.014336232087160663], [-0.0007850489411834135, 0.0012177457630558886, 0.9999989503961576, 0.0251470472363252], [0.0029224245121399466, -0.9999949854619884, 0.0012200351834460443, 0.02743722931180174], [0.0, 0.0, 0.0, 1.0]]}, "Hobj2base": {"type": "ndarray", "data": [[0.9999960903000003, 0.0027105973739541133, -0.0006870564678449203, -0.730748342595272], [0.0027118740194000145, -0.9999945854817718, 0.0018640671777057083, 0.09023101829757879], [-0.0006820000121683879, -0.0018659231003472737, -0.9999980266015367, 0.0038407879083488562], [0.0, 0.0, 0.0, 1.0]]}, "mean_rme": {"type": "float", "data": 0.0019422874452541291}, "max_rme": {"type": "float", "data": 0.0065002897468564025}, "simu": {"type": "float", "data": 0.002}}]}