{"type": "list", "data": [{"type": "dict", "image_number": {"type": "int", "data": 5}, "Hcamera2end": {"type": "ndarray", "data": [[0.9999733290411819, 0.003998552446040223, -0.006111692452378915, -0.015059883090966824], [0.006070323319294989, 0.010277626046649613, 0.9999287582511288, 0.024191852094452983], [0.004061081271708694, -0.9999391891416104, 0.010253079426351897, 0.03684521857071927], [0.0, 0.0, 0.0, 1.0]]}, "Hobj2base": {"type": "ndarray", "data": [[0.9999679138397831, 0.001540814585238298, -0.007861118325403127, -0.7446143098919906], [0.0015189230904965132, -0.9999949543960651, -0.002789991945600793, 0.08922143767417397], [-0.007865377521596053, 0.002777961991330643, -0.999965208776594, 0.006695787721011004], [0.0, 0.0, 0.0, 1.0]]}, "mean_rme": {"type": "float", "data": 0.0016451497475078484}, "max_rme": {"type": "float", "data": 0.005102591989144423}, "simu": {"type": "float", "data": 0.002}}, {"type": "dict", "image_number": {"type": "int", "data": 6}, "Hcamera2end": {"type": "ndarray", "data": [[0.9999277359983185, 0.004148789552713986, 0.011283187782016188, -0.014310690888974402], [-0.011290194070976974, 0.0016692297697198377, 0.99993487047398, 0.024843448838959448], [0.004129685111073784, -0.999990000558617, 0.001715949783706705, 0.03706240433530046], [0.0, 0.0, 0.0, 1.0]]}, "Hobj2base": {"type": "ndarray", "data": [[0.9999905611797214, 0.0042767312392255254, 0.0007662384572254063, -0.739631910517753], [0.0042653644452161545, -0.9998891073084917, 0.014268137649217902, 0.09908561566148932], [0.0008271744769905274, -0.014264734688558912, -0.9998979113522788, 0.0017470171770298342], [0.0, 0.0, 0.0, 1.0]]}, "mean_rme": {"type": "float", "data": 0.0016667243344049385}, "max_rme": {"type": "float", "data": 0.004809125553075305}, "simu": {"type": "float", "data": 0.002}}, {"type": "dict", "image_number": {"type": "int", "data": 7}, "Hcamera2end": {"type": "ndarray", "data": [[0.9999789187510941, 0.002953114866576057, -0.005782833732483662, -0.014562947835686022], [0.0057675320622410774, 0.005164027763747137, 0.999970033746595, 0.024345036120433785], [0.0029828890867353106, -0.9999823058083778, 0.0051468867149160324, 0.03731422214821058], [0.0, 0.0, 0.0, 1.0]]}, "Hobj2base": {"type": "ndarray", "data": [[0.9999853860950403, 0.003997348442015456, -0.0036398903535998623, -0.7421972075252761], [0.003987395299689468, -0.9999883029742587, -0.0027376255013993114, 0.08921752229393985], [-0.0036507910207415413, 0.0027230718123130897, -0.9999896282486271, 0.006042690590150842], [0.0, 0.0, 0.0, 1.0]]}, "mean_rme": {"type": "float", "data": 0.0019740942698604196}, "max_rme": {"type": "float", "data": 0.006310886070669652}, "simu": {"type": "float", "data": 0.002}}, {"type": "dict", "image_number": {"type": "int", "data": 8}, "Hcamera2end": {"type": "ndarray", "data": [[0.9999766361438736, 0.0029475538725265817, -0.00616758401254314, -0.014584266120630867], [0.006170687020594065, -0.0010448077888560725, 0.999980415307409, 0.024001088261388106], [0.0029410522057753633, -0.9999951101394711, -0.0010629718105408248, 0.03725440891781829], [0.0, 0.0, 0.0, 1.0]]}, "Hobj2base": {"type": "ndarray", "data": [[0.999978879191138, 0.006359388098661568, 0.0013414002556943316, -0.7382099003787681], [0.006364258685473451, -0.9999730554130961, -0.0036585050473074833, 0.08849492048163232], [0.0013180982587618286, 0.0036669647949496577, -0.9999924079642668, 0.005039210315757124], [0.0, 0.0, 0.0, 1.0]]}, "mean_rme": {"type": "float", "data": 0.0019362874104126206}, "max_rme": {"type": "float", "data": 0.006365768089150792}, "simu": {"type": "float", "data": 0.002}}, {"type": "dict", "image_number": {"type": "int", "data": 9}, "Hcamera2end": {"type": "ndarray", "data": [[0.999980818256714, 0.0028073122660914602, -0.005521061172763919, -0.014647269699076548], [0.005525692922053819, -0.001644816697001783, 0.9999833805097785, 0.02398810351722252], [0.002798184476390576, -0.999994706773928, -0.0016602974920687519, 0.037174972008705294], [0.0, 0.0, 0.0, 1.0]]}, "Hobj2base": {"type": "ndarray", "data": [[0.9999799809237151, 0.006017370694080907, 0.0019567835180144223, -0.7377478926015484], [0.006023484837785104, -0.9999769480331022, -0.0031338527104945676, 0.08885424769712984], [0.0019378808568458433, 0.003145576629509678, -0.9999931749594357, 0.004728236669641759], [0.0, 0.0, 0.0, 1.0]]}, "mean_rme": {"type": "float", "data": 0.0017752195765151676}, "max_rme": {"type": "float", "data": 0.006468407028337703}, "simu": {"type": "float", "data": 0.002}}, {"type": "dict", "image_number": {"type": "int", "data": 10}, "Hcamera2end": {"type": "ndarray", "data": [[0.999998998549747, 0.0013146749620647378, -0.000523955386596535, -0.014776921803585436], [0.0005238189002610688, 0.00010415972970245768, 0.9999998573822453, 0.024200253954192178], [0.0013147293496201906, -0.9999991303898694, 0.00010347097379881376, 0.0372742042967749], [0.0, 0.0, 0.0, 1.0]]}, "Hobj2base": {"type": "ndarray", "data": [[0.9999906318373287, 0.004104699171670925, 0.0013739295070242911, -0.73862015550254], [0.004101084554457822, -0.9999881493177842, 0.0026234194232204067, 0.09203532223349434], [0.0013846815725557548, -0.002617760245520324, -0.9999956149845055, 0.003969948137255297], [0.0, 0.0, 0.0, 1.0]]}, "mean_rme": {"type": "float", "data": 0.001806555456494924}, "max_rme": {"type": "float", "data": 0.007096064239707683}, "simu": {"type": "float", "data": 0.002}}, {"type": "dict", "image_number": {"type": "int", "data": 11}, "Hcamera2end": {"type": "ndarray", "data": [[0.9999984925402062, 0.0014509991803286762, -0.000953686895050079, -0.014788936559014788], [0.0009562716822964844, -0.001781734663517609, 0.9999979554809393, 0.02410712620855393], [0.0014492969967341413, -0.999997360007999, -0.0017831195270514577, 0.03719442468814332], [0.0, 0.0, 0.0, 1.0]]}, "Hobj2base": {"type": "ndarray", "data": [[0.9999850769183168, 0.004440671213622092, 0.003182197328973571, -0.737400859695185], [0.0044345306567865365, -0.9999882969824898, 0.0019341240688517513, 0.09166776161273558], [0.003190748896738633, -0.001919983654149009, -0.9999930663680852, 0.0036466702030021237], [0.0, 0.0, 0.0, 1.0]]}, "mean_rme": {"type": "float", "data": 0.0017123660151242882}, "max_rme": {"type": "float", "data": 0.007243365827329068}, "simu": {"type": "float", "data": 0.002}}, {"type": "dict", "image_number": {"type": "int", "data": 12}, "Hcamera2end": {"type": "ndarray", "data": [[0.9999946817148523, 0.0014249703108361992, -0.002933598749739505, -0.014597795979978205], [0.0029391746730093784, -0.003926805446305748, 0.9999879706532615, 0.024192584393923917], [0.0014134334978264853, -0.9999912747912354, -0.003930972799082166, 0.03750770113345448], [0.0, 0.0, 0.0, 1.0]]}, "Hobj2base": {"type": "ndarray", "data": [[0.9999711575017816, 0.005742615463155142, 0.004970566586375251, -0.7364701215379169], [0.005741937423900806, -0.9999835035904203, 0.00015067065786276423, 0.09058002174110678], [0.004971349833522688, -0.00012212562984428429, -0.9999876353066386, 0.003790021981283443], [0.0, 0.0, 0.0, 1.0]]}, "mean_rme": {"type": "float", "data": 0.001761550959165811}, "max_rme": {"type": "float", "data": 0.0071754225703671015}, "simu": {"type": "float", "data": 0.002}}, {"type": "dict", "image_number": {"type": "int", "data": 13}, "Hcamera2end": {"type": "ndarray", "data": [[0.9999987011809659, 0.0012558502642272516, -0.0010101863664909467, -0.01461334015012435], [0.0010133689743188291, -0.0025361775124617125, 0.999996270436519, 0.02426407135274283], [0.0012532835685078788, -0.999995995313851, -0.0025374468581200738, 0.03743973114742911], [0.0, 0.0, 0.0, 1.0]]}, "Hobj2base": {"type": "ndarray", "data": [[0.9999812902894376, 0.004777918236172062, 0.0038197602542664674, -0.7372243519663348], [0.004770996103162603, -0.9999869638718546, 0.0018192532904345968, 0.09177976928299933], [0.0038284027028548896, -0.0018009951914439723, -0.9999910498344804, 0.0036121598161391686], [0.0, 0.0, 0.0, 1.0]]}, "mean_rme": {"type": "float", "data": 0.0017685403178209855}, "max_rme": {"type": "float", "data": 0.007367234391401828}, "simu": {"type": "float", "data": 0.002}}, {"type": "dict", "image_number": {"type": "int", "data": 14}, "Hcamera2end": {"type": "ndarray", "data": [[0.9999987323724151, 0.0011817399298784728, 0.001067119628251341, -0.014608946732104807], [-0.0010647446718161006, -0.0020085204214861374, 0.999997416078912, 0.024154972617948117], [0.0011838802079212586, -0.9999972846645409, -0.0020072596241362817, 0.03726026401754123], [0.0, 0.0, 0.0, 1.0]]}, "Hobj2base": {"type": "ndarray", "data": [[0.9999819938760829, 0.004592783668596383, 0.0038624165734984597, -0.73731323415341], [0.004576181693096959, -0.999980300214786, 0.0042962476021121635, 0.09278423680507776], [0.003882072220544781, -0.0042784951233307035, -0.9999833118581303, 0.0033121516107445315], [0.0, 0.0, 0.0, 1.0]]}, "mean_rme": {"type": "float", "data": 0.001726969251249594}, "max_rme": {"type": "float", "data": 0.007364633102136725}, "simu": {"type": "float", "data": 0.002}}, {"type": "dict", "image_number": {"type": "int", "data": 15}, "Hcamera2end": {"type": "ndarray", "data": [[0.9999995797676803, 0.00030747471945703964, -0.000863668779011752, -0.014765948733488748], [0.000863620345229704, 0.00015761912213163587, 0.9999996146579816, 0.024348936297240435], [0.000307610731688871, -0.9999999403077527, 0.00015735351447165868, 0.03756970409892707], [0.0, 0.0, 0.0, 1.0]]}, "Hobj2base": {"type": "ndarray", "data": [[0.9999943247969527, 0.0024302141052680876, 0.0023333309429440408, -0.7387372365513702], [0.0024240720617572905, -0.9999935994243221, 0.002631536628451377, 0.09225421355620354], [0.0023397112057157526, -0.0026258655315970596, -0.999993815271716, 0.003999308792524847], [0.0, 0.0, 0.0, 1.0]]}, "mean_rme": {"type": "float", "data": 0.001817842475801992}, "max_rme": {"type": "float", "data": 0.0072096183156298566}, "simu": {"type": "float", "data": 0.002}}, {"type": "dict", "image_number": {"type": "int", "data": 16}, "Hcamera2end": {"type": "ndarray", "data": [[0.9999983859744991, 0.0006238654085854519, 0.0016848858563091758, -0.014450106437211726], [-0.0016845988911697906, -0.0004602193704934532, 0.9999984751611908, 0.024552393456303893], [0.0006246398743994092, -0.9999996994949962, -0.00045916766471210124, 0.0375963045008486], [0.0, 0.0, 0.0, 1.0]]}, "Hobj2base": {"type": "ndarray", "data": [[0.9999934447010388, 0.0024826871803626856, 0.002635681944954754, -0.7385868657041784], [0.002469229342907312, -0.9999839613605952, 0.0050970509143548745, 0.09375906942833215], [0.0026482940551651787, -0.0050905093984652565, -0.9999835364908072, 0.0035170937255688192], [0.0, 0.0, 0.0, 1.0]]}, "mean_rme": {"type": "float", "data": 0.0018832869738910868}, "max_rme": {"type": "float", "data": 0.007729822344000242}, "simu": {"type": "float", "data": 0.002}}, {"type": "dict", "image_number": {"type": "int", "data": 17}, "Hcamera2end": {"type": "ndarray", "data": [[0.9999992246525536, 0.0009549564269724454, 0.0007992199410839023, -0.01439043847476922], [-0.0007988126606828457, -0.00042679641083265274, 0.9999995898714944, 0.02448892128784799], [0.0009552971395199133, -0.9999994529513736, -0.00042603324863277336, 0.03745952987666932], [0.0, 0.0, 0.0, 1.0]]}, "Hobj2base": {"type": "ndarray", "data": [[0.999993827853484, 0.0026204598128732057, 0.0023403942628548923, -0.7386409753928564], [0.0026109331743449935, -0.9999883319813616, 0.004064348544747586, 0.09311231084494119], [0.002351017417118033, -0.004058212845970941, -0.9999890017523199, 0.0037265260469636205], [0.0, 0.0, 0.0, 1.0]]}, "mean_rme": {"type": "float", "data": 0.001917419428300394}, "max_rme": {"type": "float", "data": 0.0074564427270694955}, "simu": {"type": "float", "data": 0.002}}, {"type": "dict", "image_number": {"type": "int", "data": 18}, "Hcamera2end": {"type": "ndarray", "data": [[0.9999982592842676, 0.0015493709873687135, -0.0010396528162416848, -0.014506560356714573], [0.0010404340152056835, -0.0005034832573636017, 0.9999993320006116, 0.024470909225211394], [0.001548846504603393, -0.9999986729761959, -0.0005050943992199741, 0.03733960802069658], [0.0, 0.0, 0.0, 1.0]]}, "Hobj2base": {"type": "ndarray", "data": [[0.9999923151695043, 0.0031860923378637406, 0.0022843855956126797, -0.7386529981242341], [0.003181049319105634, -0.999992503135497, 0.002207849187132421, 0.09199641802295311], [0.002291402881261677, -0.002200565476942159, -0.9999949534794752, 0.0039392743100013505], [0.0, 0.0, 0.0, 1.0]]}, "mean_rme": {"type": "float", "data": 0.0019118693848225706}, "max_rme": {"type": "float", "data": 0.00736908473097006}, "simu": {"type": "float", "data": 0.002}}, {"type": "dict", "image_number": {"type": "int", "data": 19}, "Hcamera2end": {"type": "ndarray", "data": [[0.9999965794033019, 0.0022674324638639544, 0.0013038142956423545, -0.014193024648459831], [-0.001300533275533935, -0.0014478929259862383, 0.9999981061078439, 0.02453815703881504], [0.002269315953086856, -0.9999963811715006, -0.0014449391019593083, 0.03716233389206123], [0.0, 0.0, 0.0, 1.0]]}, "Hobj2base": {"type": "ndarray", "data": [[0.9999879327967476, 0.004068508151592402, 0.002753452797482001, -0.738230025701825], [0.00405634332274064, -0.9999820519847649, 0.004409284203423849, 0.0930998852080975], [0.002771342587193561, -0.004398062045825621, -0.9999864882639691, 0.003432810977948172], [0.0, 0.0, 0.0, 1.0]]}, "mean_rme": {"type": "float", "data": 0.0019121272184540654}, "max_rme": {"type": "float", "data": 0.0076805727006431235}, "simu": {"type": "float", "data": 0.002}}, {"type": "dict", "image_number": {"type": "int", "data": 20}, "Hcamera2end": {"type": "ndarray", "data": [[0.9999954960564527, 0.0027988230105017056, 0.001083723472557962, -0.014103413654386231], [-0.001078196308374513, -0.0019755717146228147, 0.9999974673013532, 0.024501923048041933], [0.0028009568953653126, -0.9999941318358605, -0.0019725451361216617, 0.037019571408601196], [0.0, 0.0, 0.0, 1.0]]}, "Hobj2base": {"type": "ndarray", "data": [[0.9999844448848613, 0.004683906594184445, 0.0030283671066907163, -0.7379733073174328], [0.004671941007128459, -0.9999812998949926, 0.0039462422058124174, 0.09279335299649924], [0.003046794305797874, -0.003932032469090153, -0.9999876280060271, 0.003383944186202148], [0.0, 0.0, 0.0, 1.0]]}, "mean_rme": {"type": "float", "data": 0.0018974398669960328}, "max_rme": {"type": "float", "data": 0.00762457599692265}, "simu": {"type": "float", "data": 0.002}}, {"type": "dict", "image_number": {"type": "int", "data": 21}, "Hcamera2end": {"type": "ndarray", "data": [[0.9999959140680504, 0.002514435051528762, 0.0013599498431867952, -0.01418145089606499], [-0.0013532163380362563, -0.0026777043327141925, 0.9999954993423965, 0.024627036886785726], [0.002518065278504905, -0.999993253735183, -0.0026742908172039392, 0.03612909390380604], [0.0, 0.0, 0.0, 1.0]]}, "Hobj2base": {"type": "ndarray", "data": [[0.9999821217240673, 0.004731568781470082, 0.003656294449138521, -0.7367264081914365], [0.004716042672791026, -0.9999798759476184, 0.004243423298941461, 0.09295728730943173], [0.0036762989188853386, -0.004226104193202397, -0.9999843123117518, 0.0030701032734442393], [0.0, 0.0, 0.0, 1.0]]}, "mean_rme": {"type": "float", "data": 0.001887179891689497}, "max_rme": {"type": "float", "data": 0.007843283434225606}, "simu": {"type": "float", "data": 0.002}}, {"type": "dict", "image_number": {"type": "int", "data": 22}, "Hcamera2end": {"type": "ndarray", "data": [[0.9999939822155529, 0.0032324214135909793, 0.001259755724494641, -0.013973077485569743], [-0.0012529523742041031, -0.0021058850998412204, 0.99999699767464, 0.024608605022795466], [0.0032350646096198487, -0.9999925583221861, -0.0021018223569939654, 0.03383945932473647], [0.0, 0.0, 0.0, 1.0]]}, "Hobj2base": {"type": "ndarray", "data": [[0.9999850532870364, 0.004687949485776517, 0.0028135977221201204, -0.7347256643105166], [0.004677076613072913, -0.9999816178333687, 0.0038586201827246567, 0.09304371085375308], [0.002831635018599369, -0.0038454030969316266, -0.9999885972940612, 0.0033672000403725307], [0.0, 0.0, 0.0, 1.0]]}, "mean_rme": {"type": "float", "data": 0.0019210594586757867}, "max_rme": {"type": "float", "data": 0.00791356947146063}, "simu": {"type": "float", "data": 0.002}}, {"type": "dict", "image_number": {"type": "int", "data": 23}, "Hcamera2end": {"type": "ndarray", "data": [[0.999986857556525, 0.005125296546833905, 0.000126686751798874, -0.013719179754440897], [-0.0001165884523343175, -0.001970536690879321, 0.9999980516942433, 0.02385945542044675], [0.005125536202081807, -0.9999849240465861, -0.0019699132428201427, 0.034904793392405986], [0.0, 0.0, 0.0, 1.0]]}, "Hobj2base": {"type": "ndarray", "data": [[0.9999779662107542, 0.006477529219491789, 0.001452139185590993, -0.7361083520232828], [0.0064738635800175815, -0.9999758817689139, 0.002514949468749887, 0.09244774167936626], [0.0014683948212319184, -0.0025054931038966145, -0.9999957831515867, 0.004415745577420058], [0.0, 0.0, 0.0, 1.0]]}, "mean_rme": {"type": "float", "data": 0.0020253494568132032}, "max_rme": {"type": "float", "data": 0.007738542956118893}, "simu": {"type": "float", "data": 0.002}}, {"type": "dict", "image_number": {"type": "int", "data": 24}, "Hcamera2end": {"type": "ndarray", "data": [[0.9999928481576786, 0.003593406079561895, 0.0011794347125751211, -0.01388559888941278], [-0.001175753665591472, -0.0010263297000907556, 0.9999987821245908, 0.023913132018967876], [0.003594612192115829, -0.9999930170156661, -0.0010220973995724858, 0.03404254723901476], [0.0, 0.0, 0.0, 1.0]]}, "Hobj2base": {"type": "ndarray", "data": [[0.9999888503877139, 0.004591417652038036, 0.0011036232160325026, -0.7355705802097101], [0.004587069660916294, -0.9999818332072172, 0.003910504757629935, 0.09335812600323197], [0.0011215579273107874, -0.0039053987604466983, -0.9999917449500959, 0.004342228692954919], [0.0, 0.0, 0.0, 1.0]]}, "mean_rme": {"type": "float", "data": 0.0020400029985568587}, "max_rme": {"type": "float", "data": 0.00836914107910644}, "simu": {"type": "float", "data": 0.002}}, {"type": "dict", "image_number": {"type": "int", "data": 25}, "Hcamera2end": {"type": "ndarray", "data": [[0.9999949611153988, 0.0026486527630102466, 0.001749966386281065, -0.013988361813376832], [-0.001748472512571606, -0.0005662231726597522, 0.9999983111161699, 0.02410126362796306], [0.00264963916126271, -0.999996332008203, -0.0005615892229751118, 0.03368394324188073], [0.0, 0.0, 0.0, 1.0]]}, "Hobj2base": {"type": "ndarray", "data": [[0.9999932673242766, 0.0034099070711640397, 0.0013556695334513704, -0.7353198931386552], [0.003404027444589073, -0.9999848923853345, 0.004315970139811392, 0.09377773527844259], [0.0013703661096171208, -0.004311326345486347, -0.9999897672285794, 0.004070564115039965], [0.0, 0.0, 0.0, 1.0]]}, "mean_rme": {"type": "float", "data": 0.002019375015308784}, "max_rme": {"type": "float", "data": 0.008714922368655315}, "simu": {"type": "float", "data": 0.002}}, {"type": "dict", "image_number": {"type": "int", "data": 26}, "Hcamera2end": {"type": "ndarray", "data": [[0.9999952337442757, 0.0024201980563251413, 0.0019170628835649551, -0.01402291900493256], [-0.0019165270966766605, -0.00022368120839844075, 0.9999981384435699, 0.02358356229618347], [0.0024206223619322575, -0.9999970462996806, -0.00021904176712239654, 0.03352195147125014], [0.0, 0.0, 0.0, 1.0]]}, "Hobj2base": {"type": "ndarray", "data": [[0.9999952273306468, 0.002841599889300367, 0.0012126936946320155, -0.73536837365755], [0.002836022691713005, -0.999985507495629, 0.004576218307802652, 0.0942330430383267], [0.0012256799011002122, -0.004572757240189708, -0.9999887937372105, 0.004546172221735002], [0.0, 0.0, 0.0, 1.0]]}, "mean_rme": {"type": "float", "data": 0.0020195576211908027}, "max_rme": {"type": "float", "data": 0.008879012512059109}, "simu": {"type": "float", "data": 0.002}}, {"type": "dict", "image_number": {"type": "int", "data": 27}, "Hcamera2end": {"type": "ndarray", "data": [[0.9999947919678432, 0.0027940853805812566, 0.0016152783277315634, -0.013959682742892377], [-0.001614754210204329, -0.0001898267873994275, 0.9999986782664421, 0.023855250771749565], [0.002794388310640555, -0.9999960785186492, -0.00018531403764354692, 0.034043828254956554], [0.0, 0.0, 0.0, 1.0]]}, "Hobj2base": {"type": "ndarray", "data": [[0.9999943880012729, 0.0031795831357181387, 0.001055564797959538, -0.7358838720596578], [0.0031753057376767103, -0.9999868402825014, 0.00402947829027469, 0.09383365135812331], [0.001068362968242495, -0.004026103935888204, -0.9999913245062009, 0.004370981315168476], [0.0, 0.0, 0.0, 1.0]]}, "mean_rme": {"type": "float", "data": 0.0020203712011571044}, "max_rme": {"type": "float", "data": 0.0086191917760364}, "simu": {"type": "float", "data": 0.002}}, {"type": "dict", "image_number": {"type": "int", "data": 28}, "Hcamera2end": {"type": "ndarray", "data": [[0.9999952792751888, 0.00263143683573349, 0.001586495356625662, -0.013980601067506742], [-0.0015861322185010342, -0.00014008110764951454, 0.9999987322801308, 0.023745660254515237], [0.0026316557378355658, -0.9999965279527038, -0.0001359066396191544, 0.03383950633220551], [0.0, 0.0, 0.0, 1.0]]}, "Hobj2base": {"type": "ndarray", "data": [[0.9999946271607142, 0.003077782873949402, 0.001128229712907006, -0.7357168837530687], [0.003073270485382683, -0.9999873584988401, 0.0039796797655488655, 0.09391043210109261], [0.0011404640406159907, -0.003976191028291668, -0.9999914445867419, 0.004468429745630396], [0.0, 0.0, 0.0, 1.0]]}, "mean_rme": {"type": "float", "data": 0.001977773481144318}, "max_rme": {"type": "float", "data": 0.008692444390748039}, "simu": {"type": "float", "data": 0.002}}, {"type": "dict", "image_number": {"type": "int", "data": 29}, "Hcamera2end": {"type": "ndarray", "data": [[0.9999948029459288, 0.002879058364626064, 0.0014508976759799153, -0.013950745584979168], [-0.001449750497628935, -0.0004005030605382931, 0.999998868909757, 0.02387897645800895], [0.002879636197110996, -0.9999957753011919, -0.00039632706280534613, 0.03395663698038119], [0.0, 0.0, 0.0, 1.0]]}, "Hobj2base": {"type": "ndarray", "data": [[0.9999925567406682, 0.003672911003270795, 0.0011816040045520046, -0.7357304843318468], [0.003668223667535913, -0.9999854907163295, 0.003944932438725502, 0.09366798502782576], [0.0011960762460856715, -0.003940568687795161, -0.999991520624065, 0.004355282492276415], [0.0, 0.0, 0.0, 1.0]]}, "mean_rme": {"type": "float", "data": 0.0019394465677757614}, "max_rme": {"type": "float", "data": 0.00855051517768704}, "simu": {"type": "float", "data": 0.002}}, {"type": "dict", "image_number": {"type": "int", "data": 30}, "Hcamera2end": {"type": "ndarray", "data": [[0.9999952160088399, 0.0025541100755880567, 0.001744844163652237, -0.013987491794184933], [-0.0017433885254594089, -0.0005720354181073528, 0.9999983166845483, 0.024229590036108677], [0.002555103888875787, -0.9999965746427348, -0.0005675798752964312, 0.033553319249490544], [0.0, 0.0, 0.0, 1.0]]}, "Hobj2base": {"type": "ndarray", "data": [[0.999993337290338, 0.0034390253054440868, 0.001224124127995477, -0.735169153847498], [0.003433819454351182, -0.9999851591038376, 0.004229711104527401, 0.09371207881266094], [0.0012386520444195909, -0.004225479501945106, -0.9999903054850541, 0.003978724913140314], [0.0, 0.0, 0.0, 1.0]]}, "mean_rme": {"type": "float", "data": 0.001934684747582682}, "max_rme": {"type": "float", "data": 0.008723820419245826}, "simu": {"type": "float", "data": 0.002}}, {"type": "dict", "image_number": {"type": "int", "data": 31}, "Hcamera2end": {"type": "ndarray", "data": [[0.9999962897787626, 0.002135010790348897, 0.0016917912501470782, -0.014044535532554966], [-0.0016912152962499814, -0.000271542827714244, 0.9999985330265813, 0.0246427288032602], [0.002135467052124786, -0.999997683994027, -0.0002679310573239224, 0.03358586882534851], [0.0, 0.0, 0.0, 1.0]]}, "Hobj2base": {"type": "ndarray", "data": [[0.9999953155830241, 0.0028280444878318336, 0.0011708870068997343, -0.7352362298186763], [0.0028231942550519256, -0.9999875131120615, 0.004123492955295838, 0.09358798313594366], [0.0011825338076877285, -0.004120167997664244, -0.9999908128725306, 0.003657341833859584], [0.0, 0.0, 0.0, 1.0]]}, "mean_rme": {"type": "float", "data": 0.0019162624782964484}, "max_rme": {"type": "float", "data": 0.008831421355034147}, "simu": {"type": "float", "data": 0.002}}]}