{"type": "list", "data": [{"type": "dict", "image_number": {"type": "int", "data": 5}, "Hcamera2end": {"type": "ndarray", "data": [[0.999674049758946, 0.0006687469649514794, 0.02552150105392015, -0.014353502294370664], [-0.02548063308542043, -0.03616560547412262, 0.999020913854288, 0.02700190361363539], [0.0015910927422865817, -0.9993455867507433, -0.03613677719025943, 0.03057351015283292], [0.0, 0.0, 0.0, 1.0]]}, "Hobj2base": {"type": "ndarray", "data": [[0.9993627319325586, -0.002240198623961119, 0.0356245917087913, -0.7109511163026621], [-0.0028477408189675622, -0.9998512228086811, 0.01701242546529657, 0.10329389318624001], [0.0355811803699774, -0.01710303359376599, -0.9992204290572568, 0.002118079453172261], [0.0, 0.0, 0.0, 1.0]]}, "mean_rme": {"type": "float", "data": 0.0024921498121111343}, "max_rme": {"type": "float", "data": 0.00805082285253994}, "simu": {"type": "float", "data": 0.002}}, {"type": "dict", "image_number": {"type": "int", "data": 6}, "Hcamera2end": {"type": "ndarray", "data": [[0.999625137743086, -0.0011996130745728847, 0.027352237944776522, -0.014495359998450754], [-0.027349335407207544, 0.0023726736183135033, 0.9996231211174966, 0.027225943897742598], [-0.0012640588991113116, -0.9999964656679405, 0.002338975572190649, 0.032115692617129675], [0.0, 0.0, 0.0, 1.0]]}, "Hobj2base": {"type": "ndarray", "data": [[0.9999943122456328, -0.00305301600351271, -0.0014333770146305897, -0.734818484963437], [-0.0030229901408623757, -0.9997852375821594, 0.02050220094024714, 0.10408600598382872], [-0.0014956627266950575, -0.02049775124418084, -0.9997887802865866, 0.008875327620208984], [0.0, 0.0, 0.0, 1.0]]}, "mean_rme": {"type": "float", "data": 0.002389170942081902}, "max_rme": {"type": "float", "data": 0.006133106937702748}, "simu": {"type": "float", "data": 0.002}}, {"type": "dict", "image_number": {"type": "int", "data": 7}, "Hcamera2end": {"type": "ndarray", "data": [[0.9997635141795513, -0.001324411713399521, 0.02170625829035145, -0.014869883538815954], [-0.021692344729951043, 0.009744049294712509, 0.9997172078560315, 0.02682224311276438], [-0.001535544030956541, -0.9999516485495465, 0.009713015369769096, 0.032076351215238205], [0.0, 0.0, 0.0, 1.0]]}, "Hobj2base": {"type": "ndarray", "data": [[0.9999502198674529, -0.0018030138160212614, -0.009813609336622606, -0.7394560734558147], [-0.0016470602215117752, -0.999872603662117, 0.015876512166310933, 0.10013727729035926], [-0.009840984689517787, -0.015859558225863102, -0.9998257995437116, 0.009218277346877793], [0.0, 0.0, 0.0, 1.0]]}, "mean_rme": {"type": "float", "data": 0.0023807757533664516}, "max_rme": {"type": "float", "data": 0.0060093607043306685}, "simu": {"type": "float", "data": 0.002}}, {"type": "dict", "image_number": {"type": "int", "data": 8}, "Hcamera2end": {"type": "ndarray", "data": [[0.99973501075377, -0.0013474540810782306, 0.02298026633132805, -0.014831433573490425], [-0.022970450871416977, 0.006896202399160112, 0.9997123590209505, 0.026863199556358908], [-0.0015055430658745712, -0.9999753130752624, 0.006863423351913589, 0.03203166239531275], [0.0, 0.0, 0.0, 1.0]]}, "Hobj2base": {"type": "ndarray", "data": [[0.9999673983397549, -0.0017437640597009177, -0.007884259288360162, -0.7376796780972199], [-0.0016043578322811833, -0.9998428781417348, 0.017653471760466024, 0.10094584758936209], [-0.007913803988474579, -0.017640247054836525, -0.99981307922545, 0.009116939931741931], [0.0, 0.0, 0.0, 1.0]]}, "mean_rme": {"type": "float", "data": 0.0022268893906446877}, "max_rme": {"type": "float", "data": 0.005854518404845521}, "simu": {"type": "float", "data": 0.002}}, {"type": "dict", "image_number": {"type": "int", "data": 9}, "Hcamera2end": {"type": "ndarray", "data": [[0.9998138668629127, -0.0005339126533597856, 0.01928591625794314, -0.014886030852999787], [-0.019282060352577367, 0.006471843326978366, 0.9997931373001671, 0.026630128096882106], [-0.0006586176351854722, -0.9999789148683235, 0.0064603437664720875, 0.031894771191434225], [0.0, 0.0, 0.0, 1.0]]}, "Hobj2base": {"type": "ndarray", "data": [[0.9999713116099235, -0.0010408819752653648, -0.007502834253989024, -0.7374653210750649], [-0.0009290137488135208, -0.9998885837171632, 0.014898224241148804, 0.0985893934491085], [-0.007517505609161779, -0.014890826598903301, -0.9998608655171064, 0.008500363406742003], [0.0, 0.0, 0.0, 1.0]]}, "mean_rme": {"type": "float", "data": 0.0021185486291407964}, "max_rme": {"type": "float", "data": 0.005859582502259764}, "simu": {"type": "float", "data": 0.002}}, {"type": "dict", "image_number": {"type": "int", "data": 10}, "Hcamera2end": {"type": "ndarray", "data": [[0.999863082182521, -0.0013416508077430537, 0.016492933686258947, -0.01504052807062428], [-0.01648122026937001, 0.008317553664740074, 0.9998295793181288, 0.02643514601538206], [-0.0014786030237220193, -0.9999645085072489, 0.008294302800958553, 0.03196737180117267], [0.0, 0.0, 0.0, 1.0]]}, "Hobj2base": {"type": "ndarray", "data": [[0.9999483874612212, -0.0008824803904192149, -0.010121444662897256, -0.738628383645326], [-0.0007555848677130784, -0.9999211574467852, 0.01253427228796059, 0.09674455918090438], [-0.010131707911860114, -0.012525977751919383, -0.9998702157660999, 0.008455706981681466], [0.0, 0.0, 0.0, 1.0]]}, "mean_rme": {"type": "float", "data": 0.0020929271637055357}, "max_rme": {"type": "float", "data": 0.006134594847156338}, "simu": {"type": "float", "data": 0.002}}, {"type": "dict", "image_number": {"type": "int", "data": 11}, "Hcamera2end": {"type": "ndarray", "data": [[0.9998731648414682, -0.0006276140634931711, 0.01591415503549168, -0.014980037118736045], [-0.015909785773410706, 0.00644145279098296, 0.9998526823500478, 0.026528647671315717], [-0.000730031883233763, -0.9999790566739528, 0.0064306505829985205, 0.03189229515298668], [0.0, 0.0, 0.0, 1.0]]}, "Hobj2base": {"type": "ndarray", "data": [[0.9999673676891873, -9.335219063299398e-05, -0.008078046925236892, -0.737580291956617], [8.018875387151943e-06, -0.9999212705272391, 0.012548015097596104, 0.09650881226072605], [-0.008078582329558989, -0.01254767040371902, -0.9998886400369713, 0.008083009663891826], [0.0, 0.0, 0.0, 1.0]]}, "mean_rme": {"type": "float", "data": 0.0020523505972131193}, "max_rme": {"type": "float", "data": 0.0058756876388613155}, "simu": {"type": "float", "data": 0.002}}, {"type": "dict", "image_number": {"type": "int", "data": 12}, "Hcamera2end": {"type": "ndarray", "data": [[0.9998948987841316, -0.0007227773777233005, 0.014479950909222128, -0.015042047280055374], [-0.014474684608333139, 0.006825482770415503, 0.999871939945531, 0.02642775219526418], [-0.0008215174742602967, -0.9999764449114853, 0.0068143034292929006, 0.03188135730495149], [0.0, 0.0, 0.0, 1.0]]}, "Hobj2base": {"type": "ndarray", "data": [[0.9999603631786411, -0.000347431247674261, -0.008896705186091416, -0.7377838230142787], [-0.00024477751760634554, -0.9999334179223034, 0.011536888930161297, 0.09562177663676759], [-0.008900121100690757, -0.011534253931145409, -0.9998938687834049, 0.007987424564826331], [0.0, 0.0, 0.0, 1.0]]}, "mean_rme": {"type": "float", "data": 0.0019652769920893375}, "max_rme": {"type": "float", "data": 0.0060500020953068445}, "simu": {"type": "float", "data": 0.002}}, {"type": "dict", "image_number": {"type": "int", "data": 13}, "Hcamera2end": {"type": "ndarray", "data": [[0.9999177552906093, -0.0006234181018660865, 0.01280991820658102, -0.015472288972576045], [-0.012805178168584386, 0.007091239697304852, 0.9998928651268727, 0.026309984966392905], [-0.0007141895125525747, -0.9999746625137188, 0.007082673500488745, 0.03175803071328471], [0.0, 0.0, 0.0, 1.0]]}, "Hobj2base": {"type": "ndarray", "data": [[0.9999608969260199, -0.00044249418990028515, -0.008832260061939143, -0.7377707903983227], [-0.00035180792568556866, -0.9999472358924948, 0.010266531164068416, 0.09459471827988389], [-0.00883633691601025, -0.010263022452049282, -0.9999082905547165, 0.007455548646027253], [0.0, 0.0, 0.0, 1.0]]}, "mean_rme": {"type": "float", "data": 0.001964401748782659}, "max_rme": {"type": "float", "data": 0.005810264392237086}, "simu": {"type": "float", "data": 0.002}}, {"type": "dict", "image_number": {"type": "int", "data": 14}, "Hcamera2end": {"type": "ndarray", "data": [[0.9999375306110614, -0.00036662306020796703, 0.011171412756873578, -0.015715398767626922], [-0.01116830882941117, 0.007590877385936556, 0.9999088195722661, 0.02623898383417233], [-0.00045139045582563535, -0.9999711216670426, 0.007586308628904304, 0.031664951321988544], [0.0, 0.0, 0.0, 1.0]]}, "Hobj2base": {"type": "ndarray", "data": [[0.9999584105992436, -0.00028137470614549286, -0.009115804962225119, -0.738015769576427], [-0.00020788822824107284, -0.9999674849325728, 0.008061380781865322, 0.09359332836751635], [-0.009117776829860738, -0.008059150445326749, -0.9999259553785875, 0.007025419398959267], [0.0, 0.0, 0.0, 1.0]]}, "mean_rme": {"type": "float", "data": 0.0018958591380059888}, "max_rme": {"type": "float", "data": 0.005808196838910956}, "simu": {"type": "float", "data": 0.002}}, {"type": "dict", "image_number": {"type": "int", "data": 15}, "Hcamera2end": {"type": "ndarray", "data": [[0.9999517505164897, -0.0023180040144235897, 0.009545862789560496, -0.015981032363391448], [-0.009533282609491616, 0.00537888031356093, 0.9999400902900433, 0.026129635748148927], [-0.0023692111969101275, -0.9999828471048697, 0.005356522598004454, 0.03181924607306906], [0.0, 0.0, 0.0, 1.0]]}, "Hobj2base": {"type": "ndarray", "data": [[0.9999749563270148, -0.002525421754687046, -0.00661127550066077, -0.7364066054656864], [-0.0024834562006133504, -0.9999767667303023, 0.0063481056158882325, 0.09292510158913811], [-0.006627153543137431, -0.0063315278228710335, -0.9999579954134796, 0.006241001619638931], [0.0, 0.0, 0.0, 1.0]]}, "mean_rme": {"type": "float", "data": 0.0019266889612058562}, "max_rme": {"type": "float", "data": 0.0060716435395005985}, "simu": {"type": "float", "data": 0.002}}, {"type": "dict", "image_number": {"type": "int", "data": 16}, "Hcamera2end": {"type": "ndarray", "data": [[0.9999783558419983, -0.0029706927404674057, 0.0058705052742904565, -0.01632660408852571], [-0.005855910515380781, 0.004897992319410571, 0.9999708585670259, 0.025979327126753826], [-0.0029993598599685582, -0.9999835921933324, 0.00488049019563408, 0.031804844637050945], [0.0, 0.0, 0.0, 1.0]]}, "Hobj2base": {"type": "ndarray", "data": [[0.9999753844155749, -0.003030620103317539, -0.006328183365905365, -0.7360097561165215], [-0.0030117408320571313, -0.9999909923309009, 0.0029907648220243947, 0.09081046847515198], [-0.006337190235717529, -0.0029716323543645803, -0.9999755044105165, 0.005440403809429697], [0.0, 0.0, 0.0, 1.0]]}, "mean_rme": {"type": "float", "data": 0.0019456397711081976}, "max_rme": {"type": "float", "data": 0.006339993814544337}, "simu": {"type": "float", "data": 0.002}}, {"type": "dict", "image_number": {"type": "int", "data": 17}, "Hcamera2end": {"type": "ndarray", "data": [[0.9999846961478495, -0.0035996234049906523, 0.004201211900791106, -0.016543295631498138], [-0.00418527930791104, 0.00442234203058034, 0.9999814629922295, 0.02594038551592035], [-0.003618135874711866, -0.999983742669003, 0.004407208922358574, 0.03182386743840281], [0.0, 0.0, 0.0, 1.0]]}, "Hobj2base": {"type": "ndarray", "data": [[0.9999763212838852, -0.003600010337076646, -0.005864878269899824, -0.735639202204317], [-0.0035916381899761306, -0.9999925169611985, 0.0014374132039247788, 0.08993896109233096], [-0.0058700090851809454, -0.0014163146470518501, -0.9999817683568837, 0.004989235339305159], [0.0, 0.0, 0.0, 1.0]]}, "mean_rme": {"type": "float", "data": 0.0018950901934965945}, "max_rme": {"type": "float", "data": 0.006467852670891644}, "simu": {"type": "float", "data": 0.002}}, {"type": "dict", "image_number": {"type": "int", "data": 18}, "Hcamera2end": {"type": "ndarray", "data": [[0.9999833659970986, -0.00415905677298523, 0.003996245221693294, -0.016585454238443632], [-0.003979137661765172, 0.004113505029140652, 0.999983622635813, 0.025928560310795958], [-0.004175427233414898, -0.9999828905152, 0.004096887145643269, 0.031877842940145215], [0.0, 0.0, 0.0, 1.0]]}, "Hobj2base": {"type": "ndarray", "data": [[0.9999779168765975, -0.004378504322821449, -0.004999445872860549, -0.7353831993726364], [-0.004374436803315487, -0.9999900924169405, 0.0008242394143761305, 0.08992181821362726], [-0.005003005276274199, -0.0008023514525730047, -0.9999871630027817, 0.004785546370806042], [0.0, 0.0, 0.0, 1.0]]}, "mean_rme": {"type": "float", "data": 0.001831894227178498}, "max_rme": {"type": "float", "data": 0.006535682660521014}, "simu": {"type": "float", "data": 0.002}}, {"type": "dict", "image_number": {"type": "int", "data": 19}, "Hcamera2end": {"type": "ndarray", "data": [[0.9999855539857021, -0.003773667576265815, 0.003827695511959628, -0.016551857365835195], [-0.0038116987181450457, 0.004237175081974853, 0.9999837585182106, 0.02636482650287786], [-0.0037898249023572586, -0.9999839027606138, 0.00422272978781979, 0.032686158410294076], [0.0, 0.0, 0.0, 1.0]]}, "Hobj2base": {"type": "ndarray", "data": [[0.9999794460666002, -0.004200393038898977, -0.004843980042721341, -0.7361841994479927], [-0.0041982751045751944, -0.9999910871577202, 0.0004473156228759391, 0.08972693191978821], [-0.004845815770519734, -0.0004269700679600017, -0.9999881678130389, 0.004228924432663417], [0.0, 0.0, 0.0, 1.0]]}, "mean_rme": {"type": "float", "data": 0.001826724927552113}, "max_rme": {"type": "float", "data": 0.006582424140290893}, "simu": {"type": "float", "data": 0.002}}, {"type": "dict", "image_number": {"type": "int", "data": 20}, "Hcamera2end": {"type": "ndarray", "data": [[0.9999843175009211, -0.003979638414298668, 0.0039404606721272425, -0.016560909278394192], [-0.003921873203240558, 0.0046676960534047796, 0.9999814155893751, 0.026076208648747667], [-0.003997957327792123, -0.9999811873688647, 0.00465201521501013, 0.03267071130086136], [0.0, 0.0, 0.0, 1.0]]}, "Hobj2base": {"type": "ndarray", "data": [[0.99997658032342, -0.004507074885809471, -0.005150250542693902, -0.7363792796712939], [-0.004504389895668107, -0.9999897132383018, 0.0005328125821945541, 0.08981763687711586], [-0.005152598989501933, -0.0005096013673915317, -0.999986595425209, 0.004597932938532834], [0.0, 0.0, 0.0, 1.0]]}, "mean_rme": {"type": "float", "data": 0.00176680994054203}, "max_rme": {"type": "float", "data": 0.00656478887498077}, "simu": {"type": "float", "data": 0.002}}, {"type": "dict", "image_number": {"type": "int", "data": 21}, "Hcamera2end": {"type": "ndarray", "data": [[0.9999838451588802, -0.004122199202473599, 0.003913680492317576, -0.01661078633630006], [-0.0038983327515987425, 0.003724669970900818, 0.9999854648120468, 0.027017574861470547], [-0.004136716453738846, -0.999984567034583, 0.0037085400952895364, 0.03238329237163913], [0.0, 0.0, 0.0, 1.0]]}, "Hobj2base": {"type": "ndarray", "data": [[0.9999786261794917, -0.004773998996122312, -0.00446722707744053, -0.7354703710311489], [-0.004770420033661721, -0.9999882922340471, 0.0008114724495517728, 0.08993830225030022], [-0.00447104874485099, -0.0007901445557401502, -0.9999896926442302, 0.003565927980513409], [0.0, 0.0, 0.0, 1.0]]}, "mean_rme": {"type": "float", "data": 0.0017903033464848899}, "max_rme": {"type": "float", "data": 0.006930349846039324}, "simu": {"type": "float", "data": 0.002}}, {"type": "dict", "image_number": {"type": "int", "data": 22}, "Hcamera2end": {"type": "ndarray", "data": [[0.9999841556770602, -0.0036845111376435954, 0.004255910303753676, -0.016596203805920418], [-0.0042413283300581205, 0.003956450145847223, 0.9999831786766418, 0.027308145683961588], [-0.003701287456232331, -0.9999853853331659, 0.0039407602371028805, 0.03338692928710266], [0.0, 0.0, 0.0, 1.0]]}, "Hobj2base": {"type": "ndarray", "data": [[0.9999779051075354, -0.004479350785370401, -0.004911691489347751, -0.7365533441554507], [-0.004474107283117703, -0.999989410058107, 0.0010780239595551881, 0.09001278656174248], [-0.004916468322290167, -0.0010560247060668094, -0.9999873564955986, 0.003315925957421864], [0.0, 0.0, 0.0, 1.0]]}, "mean_rme": {"type": "float", "data": 0.0017976183904444653}, "max_rme": {"type": "float", "data": 0.006926829548857011}, "simu": {"type": "float", "data": 0.002}}, {"type": "dict", "image_number": {"type": "int", "data": 23}, "Hcamera2end": {"type": "ndarray", "data": [[0.9999884045838944, -0.0026500059465209167, 0.004020965834353843, -0.01660655006194201], [-0.0040132852767194955, 0.002897289617208365, 0.9999877495520441, 0.02818719180922383], [-0.002661623385324009, -0.9999922915609686, 0.0028866207920813514, 0.03341500995988013], [0.0, 0.0, 0.0, 1.0]]}, "Hobj2base": {"type": "ndarray", "data": [[0.9999877713423766, -0.0036005800375070248, -0.003390131133195115, -0.736072834074127], [-0.0035977001966135884, -0.9999931625755296, 0.0008551932445706155, 0.08985337909664178], [-0.0033931871451541593, -0.0008429861112607838, -0.9999938878090278, 0.0021363236290957107], [0.0, 0.0, 0.0, 1.0]]}, "mean_rme": {"type": "float", "data": 0.001835730455463214}, "max_rme": {"type": "float", "data": 0.007392973519293772}, "simu": {"type": "float", "data": 0.002}}, {"type": "dict", "image_number": {"type": "int", "data": 24}, "Hcamera2end": {"type": "ndarray", "data": [[0.9999881235776183, -0.002949168994883686, 0.0038800909723265783, -0.016726849111833312], [-0.0038726013272619127, 0.0025410601136159894, 0.9999892729286947, 0.0290299360871507], [-0.0029589969033445664, -0.9999924226791616, 0.0025296089791487786, 0.03422996964061659], [0.0, 0.0, 0.0, 1.0]]}, "Hobj2base": {"type": "ndarray", "data": [[0.9999868656670288, -0.004094080540944214, -0.0030833420108696405, -0.7365139268016879], [-0.004091097871691664, -0.9999911580203129, 0.0009730361752461157, 0.0898858091848476], [-0.0030872984364929213, -0.0009604091411266306, -0.9999947730876626, 0.0011797772831570186], [0.0, 0.0, 0.0, 1.0]]}, "mean_rme": {"type": "float", "data": 0.0018958830968082581}, "max_rme": {"type": "float", "data": 0.0078057514042223775}, "simu": {"type": "float", "data": 0.002}}, {"type": "dict", "image_number": {"type": "int", "data": 25}, "Hcamera2end": {"type": "ndarray", "data": [[0.9999889265514341, -0.0027563783232640144, 0.003814335204139785, -0.016672739617857615], [-0.0038074903652640774, 0.0024842679380177035, 0.999989665661566, 0.02895548379984806], [-0.0027658256685700665, -0.9999931153719764, 0.0024737455446957046, 0.03410354938318491], [0.0, 0.0, 0.0, 1.0]]}, "Hobj2base": {"type": "ndarray", "data": [[0.9999886326742343, -0.003772262949118248, -0.0029162569430570755, -0.7364097879570954], [-0.003769256475352294, -0.9999923599393237, 0.001035745434426385, 0.08977286071726889], [-0.002920141766804088, -0.0010247415404042125, -0.9999952113269528, 0.001238169748665412], [0.0, 0.0, 0.0, 1.0]]}, "mean_rme": {"type": "float", "data": 0.0018588737697014723}, "max_rme": {"type": "float", "data": 0.007698307604431381}, "simu": {"type": "float", "data": 0.002}}, {"type": "dict", "image_number": {"type": "int", "data": 26}, "Hcamera2end": {"type": "ndarray", "data": [[0.9999915333970824, -0.002111858024505986, 0.0035317403410161353, -0.01660049241452344], [-0.0035256827562349996, 0.002865243503042292, 0.9999896799171334, 0.02843653874902627], [-0.002121955526022699, -0.9999936651976115, 0.002857773502742633, 0.03412437898109248], [0.0, 0.0, 0.0, 1.0]]}, "Hobj2base": {"type": "ndarray", "data": [[0.9999895327216504, -0.003056366470358999, -0.0034048599287303943, -0.7367875969603144], [-0.0030541828103225976, -0.9999951270868126, 0.0006463512906827749, 0.08946668724439233], [-0.0034068188235564616, -0.0006359454604780191, -0.9999939945614047, 0.0017815170031583193], [0.0, 0.0, 0.0, 1.0]]}, "mean_rme": {"type": "float", "data": 0.0018803832821165387}, "max_rme": {"type": "float", "data": 0.007459810236079917}, "simu": {"type": "float", "data": 0.002}}, {"type": "dict", "image_number": {"type": "int", "data": 27}, "Hcamera2end": {"type": "ndarray", "data": [[0.9999924153623078, -0.002040284235940484, 0.0033175982418474767, -0.016613638733288947], [-0.0033115062111815875, 0.002982038237408169, 0.999990070637986, 0.02836859379998871], [-0.0020501571820332413, -0.9999934723227885, 0.0029752592058086558, 0.034280120688121425], [0.0, 0.0, 0.0, 1.0]]}, "Hobj2base": {"type": "ndarray", "data": [[0.9999896500610739, -0.002873586083942177, -0.0035273607341871566, -0.7370290942359553], [-0.002871872892903711, -0.9999957557926675, 0.000490655417125201, 0.0893227594767195], [-0.0035287557039155263, -0.00048052020719559495, -0.9999936584716487, 0.0018320157902623304], [0.0, 0.0, 0.0, 1.0]]}, "mean_rme": {"type": "float", "data": 0.001827556494043213}, "max_rme": {"type": "float", "data": 0.007445960772137328}, "simu": {"type": "float", "data": 0.002}}, {"type": "dict", "image_number": {"type": "int", "data": 28}, "Hcamera2end": {"type": "ndarray", "data": [[0.9999920659240321, -0.0029783450211106973, 0.0026452882492279304, -0.01676906194407657], [-0.0026364285297822477, 0.002974719024404826, 0.9999921001144625, 0.028775954180215713], [-0.002986190481805952, -0.9999911402145827, 0.002966843228972893, 0.03490904933925843], [0.0, 0.0, 0.0, 1.0]]}, "Hobj2base": {"type": "ndarray", "data": [[0.9999865783965983, -0.0038690151476744126, -0.003445830589420399, -0.7374569554119875], [-0.0038696475023289245, -0.9999924972453842, -0.00017686477494324048, 0.08913686029744572], [-0.0034451204437056923, 0.0001901965508681747, -0.9999940474674842, 0.001271337117666832], [0.0, 0.0, 0.0, 1.0]]}, "mean_rme": {"type": "float", "data": 0.0018496383437018025}, "max_rme": {"type": "float", "data": 0.0077469176008563845}, "simu": {"type": "float", "data": 0.002}}, {"type": "dict", "image_number": {"type": "int", "data": 29}, "Hcamera2end": {"type": "ndarray", "data": [[0.9999961759701816, -0.0015306021556765117, 0.0023033241314580183, -0.016689754548313267], [-0.002298263243402144, 0.0033000421264480773, 0.9999919138213207, 0.028145858332294865], [-0.0015381908456186697, -0.9999933834676131, 0.003296511780313982, 0.03480282255103345], [0.0, 0.0, 0.0, 1.0]]}, "Hobj2base": {"type": "ndarray", "data": [[0.9999894665438482, -0.002409493154392112, -0.003906551431730542, -0.7378104369465526], [-0.0024107195378364013, -0.9999970463930448, -0.0003092515105959259, 0.08874497095424126], [-0.003905794753915296, 0.0003186658529707348, -0.9999923215802282, 0.001943184631877332], [0.0, 0.0, 0.0, 1.0]]}, "mean_rme": {"type": "float", "data": 0.0018902390393282288}, "max_rme": {"type": "float", "data": 0.007577498029046642}, "simu": {"type": "float", "data": 0.002}}, {"type": "dict", "image_number": {"type": "int", "data": 30}, "Hcamera2end": {"type": "ndarray", "data": [[0.9999980071307333, -0.0010013165753024, 0.0017271652144008344, -0.01678513044906384], [-0.0017235420138276977, 0.003608077340196858, 0.9999920055584611, 0.02786393206199712], [-0.0010075403160084324, -0.9999929895469383, 0.0036063443385837557, 0.03502513542988374], [0.0, 0.0, 0.0, 1.0]]}, "Hobj2base": {"type": "ndarray", "data": [[0.9999900474804225, -0.00169360582974648, -0.004127546413523337, -0.7383261499550745], [-0.0016954517335583342, -0.9999984642600575, -0.0004437577557945526, 0.08842280052984873], [-0.004126788523963236, 0.000450751395008951, -0.9999913831827045, 0.0022015800464595687], [0.0, 0.0, 0.0, 1.0]]}, "mean_rme": {"type": "float", "data": 0.0019203354940180001}, "max_rme": {"type": "float", "data": 0.0077047000033139135}, "simu": {"type": "float", "data": 0.002}}, {"type": "dict", "image_number": {"type": "int", "data": 31}, "Hcamera2end": {"type": "ndarray", "data": [[0.9999970529980245, -0.0011157483842280974, 0.0021561773602988468, -0.0155262301960504], [-0.0021512739976184566, 0.0043773804917658365, 0.9999881052093658, 0.027847268516476068], [-0.0011251735213484262, -0.9999897967707339, 0.0043749673111299625, 0.03479485397320105], [0.0, 0.0, 0.0, 1.0]]}, "Hobj2base": {"type": "ndarray", "data": [[0.9999873017774686, -0.0017350039048120024, -0.004731389359183237, -0.7383826062708417], [-0.0017351747909216558, -0.999998494070677, -3.201285199428064e-05, 0.08986000714804508], [-0.00473132669162205, 4.022223303005187e-05, -0.9999888064023059, 0.0023141191547028078], [0.0, 0.0, 0.0, 1.0]]}, "mean_rme": {"type": "float", "data": 0.0019045758575077427}, "max_rme": {"type": "float", "data": 0.007592256742083664}, "simu": {"type": "float", "data": 0.002}}]}