{"type": "list", "data": [{"type": "dict", "image_number": {"type": "int", "data": 5}, "Hcamera2end": {"type": "ndarray", "data": [[0.9994000689397328, -0.0015870173562916312, 0.034597450472082646, -0.017941328585821335], [-0.03463370878081935, -0.048441661431808614, 0.998225381190947, 0.03624552488985942], [9.175697673153432e-05, -0.9988247528038323, -0.048467564071452696, 0.03750534386332128], [0.0, 0.0, 0.0, 1.0]]}, "Hobj2base": {"type": "ndarray", "data": [[0.9988541797748778, 0.022614422126889702, 0.04217719120713205, -0.7147097660254617], [0.021102563036061096, -0.9991306685619656, 0.03595259340059939, 0.09539633188325583], [0.04295357237256528, -0.03502135135580288, -0.9984630667028445, -0.019195423611248617], [0.0, 0.0, 0.0, 1.0]]}, "mean_rme": {"type": "float", "data": 0.0026454406012275124}, "max_rme": {"type": "float", "data": 0.007793583048531616}, "simu": {"type": "float", "data": 0.002}}, {"type": "dict", "image_number": {"type": "int", "data": 6}, "Hcamera2end": {"type": "ndarray", "data": [[0.999982966265634, -0.0008329209479312942, 0.005776973366602756, -0.018680939270465845], [-0.005793117977426762, -0.020895369752907733, 0.9997648840137308, 0.036457138507926194], [-0.0007120131203532712, -0.9997813209725332, -0.020899839036047085, 0.03802314381595015], [0.0, 0.0, 0.0, 1.0]]}, "Hobj2base": {"type": "ndarray", "data": [[0.9997627419830198, 0.010546780445809706, 0.01905846701132276, -0.7288810617925358], [0.010403479609183105, -0.9999169807328447, 0.007602582070154345, 0.08361936948717234], [0.01913706755527354, -0.007402503923673865, -0.9997894656281616, -0.008378342486764981], [0.0, 0.0, 0.0, 1.0]]}, "mean_rme": {"type": "float", "data": 0.0027962257860793542}, "max_rme": {"type": "float", "data": 0.007675286466808318}, "simu": {"type": "float", "data": 0.002}}, {"type": "dict", "image_number": {"type": "int", "data": 7}, "Hcamera2end": {"type": "ndarray", "data": [[0.9999786090550401, 0.0006989100139165325, 0.006503303555856817, -0.018844918734950204], [-0.006492126638372653, -0.014954052138614005, 0.9998671054776965, 0.036958857606095845], [0.0007960678730516155, -0.9998879376457285, -0.014949194844988467, 0.037935854562233355], [0.0, 0.0, 0.0, 1.0]]}, "Hobj2base": {"type": "ndarray", "data": [[0.999887792536555, 0.008184242213568253, 0.012546733270647854, -0.732772645000667], [0.008078027763366363, -0.9999313053601595, 0.008492939902127029, 0.08427118234422211], [0.012615379654588943, -0.008390634071183576, -0.9998852181405893, -0.007556888955046954], [0.0, 0.0, 0.0, 1.0]]}, "mean_rme": {"type": "float", "data": 0.00281255107131609}, "max_rme": {"type": "float", "data": 0.008224171997152308}, "simu": {"type": "float", "data": 0.002}}, {"type": "dict", "image_number": {"type": "int", "data": 8}, "Hcamera2end": {"type": "ndarray", "data": [[0.9999820988330431, -0.0006672444575582118, -0.005946158280417737, -0.019401046359157768], [0.005945839713280448, -0.000478409226368548, 0.9999822088990963, 0.037423493260744414], [-0.0006700772835275407, -0.999999662954666, -0.00047443333369079355, 0.038738801244428425], [0.0, 0.0, 0.0, 1.0]]}, "Hobj2base": {"type": "ndarray", "data": [[0.9999986791533613, 0.00019562223116892683, 0.0016135127750984903, -0.7402531171851128], [0.0002025351454897981, -0.9999907973880404, -0.0042853376466555505, 0.07963128869247733], [0.0016126596192547783, 0.004285658779426379, -0.9999895161739341, -0.0021371625940927175], [0.0, 0.0, 0.0, 1.0]]}, "mean_rme": {"type": "float", "data": 0.002784630857036378}, "max_rme": {"type": "float", "data": 0.008322194066168187}, "simu": {"type": "float", "data": 0.002}}, {"type": "dict", "image_number": {"type": "int", "data": 9}, "Hcamera2end": {"type": "ndarray", "data": [[0.9999978577858765, -0.0005679650329377625, -0.001990436981992279, -0.019830144769850132], [0.001995686883460731, 0.009397557280181101, 0.9999538505106269, 0.03823121398607315], [-0.0005492335760906469, -0.9999556806843428, 0.009398670628967709, 0.03950216951008687], [0.0, 0.0, 0.0, 1.0]]}, "Hobj2base": {"type": "ndarray", "data": [[0.999958272920373, -0.005447756865830492, -0.007333100519950978, -0.7464534785477248], [-0.005449853819847833, -0.9999851140565044, -0.0002660051541117768, 0.08232071539285818], [-0.0073315422284263325, 0.00030595838037351296, -0.9999730770765891, -0.0008977787466349918], [0.0, 0.0, 0.0, 1.0]]}, "mean_rme": {"type": "float", "data": 0.0029754165520107525}, "max_rme": {"type": "float", "data": 0.009031730354141954}, "simu": {"type": "float", "data": 0.002}}, {"type": "dict", "image_number": {"type": "int", "data": 10}, "Hcamera2end": {"type": "ndarray", "data": [[0.9999864732553351, 0.00017388382362384805, -0.005198371934845482, -0.019697093236923507], [0.005197156923828409, 0.006379644506893656, 0.9999661442748321, 0.03821821853338416], [0.00020704170161983063, -0.9999796347428188, 0.006378654509553439, 0.039183146116137976], [0.0, 0.0, 0.0, 1.0]]}, "Hobj2base": {"type": "ndarray", "data": [[0.9999812935930312, -0.0030246641524379683, -0.005316377598782996, -0.7448403991564427], [-0.0030453599550993122, -0.9999878004061962, -0.0038890643504034894, 0.08026770832740175], [-0.005304549627608592, 0.0039051818834285436, -0.9999783054185254, -0.000817451886037518], [0.0, 0.0, 0.0, 1.0]]}, "mean_rme": {"type": "float", "data": 0.002809897139952786}, "max_rme": {"type": "float", "data": 0.008861699421891078}, "simu": {"type": "float", "data": 0.002}}, {"type": "dict", "image_number": {"type": "int", "data": 11}, "Hcamera2end": {"type": "ndarray", "data": [[0.9999654432459303, 0.00016983193442871025, -0.00831164671314543, -0.019974186242517945], [0.00831012378111708, 0.0075670613623256555, 0.9999368387178668, 0.038400483307719155], [0.00023271594832632771, -0.9999713549594572, 0.007565388544850005, 0.03936563099071809], [0.0, 0.0, 0.0, 1.0]]}, "Hobj2base": {"type": "ndarray", "data": [[0.9999736661497628, -0.0034904151111633266, -0.006362704562878289, -0.7456769542550498], [-0.003536714640793547, -0.9999672458243181, -0.007280036268937993, 0.07886527283902255], [-0.006337085809132307, 0.007302347627935741, -0.9999532574388506, 0.0002100703648924209], [0.0, 0.0, 0.0, 1.0]]}, "mean_rme": {"type": "float", "data": 0.002645041907682728}, "max_rme": {"type": "float", "data": 0.008917502686677514}, "simu": {"type": "float", "data": 0.002}}, {"type": "dict", "image_number": {"type": "int", "data": 12}, "Hcamera2end": {"type": "ndarray", "data": [[0.9999352084411035, 0.00015315690337113462, 0.011382243311836428, -0.018774731275030005], [-0.011382776907909007, 0.004111540834785488, 0.9999267611289482, 0.037839490952213305], [0.00010634712816435989, -0.9999915358516425, 0.004113017792508278, 0.03879335894657418], [0.0, 0.0, 0.0, 1.0]]}, "Hobj2base": {"type": "ndarray", "data": [[0.9999934092479342, -0.0017721715392760246, -0.003168732984793271, -0.7434327413485571], [-0.0017328602241652778, -0.99992203650569, 0.012366006055157563, 0.0879634221172077], [-0.003190400623282708, -0.012360433582527261, -0.9999185171930332, -0.005341379768467579], [0.0, 0.0, 0.0, 1.0]]}, "mean_rme": {"type": "float", "data": 0.00260350819596785}, "max_rme": {"type": "float", "data": 0.008886376455978728}, "simu": {"type": "float", "data": 0.002}}, {"type": "dict", "image_number": {"type": "int", "data": 13}, "Hcamera2end": {"type": "ndarray", "data": [[0.9999082223031693, 0.00023260980521795475, 0.013545953757276451, -0.018719761021217373], [-0.013546730759471355, 0.003748208482513893, 0.9999012136300776, 0.03779839896539693], [0.00018181376776292557, -0.9999929483880625, 0.0037510155829754144, 0.038820299477831145], [0.0, 0.0, 0.0, 1.0]]}, "Hobj2base": {"type": "ndarray", "data": [[0.999994689485821, -0.0015784118762483237, -0.002851248166218505, -0.7432661951995705], [-0.0015362863246821438, -0.9998905235624964, 0.014716681495675017, 0.0890043915342956], [-0.0028741650065785664, -0.01471222300896323, -0.9998876385222737, -0.005863182654749525], [0.0, 0.0, 0.0, 1.0]]}, "mean_rme": {"type": "float", "data": 0.0024562713004216952}, "max_rme": {"type": "float", "data": 0.008840980566565515}, "simu": {"type": "float", "data": 0.002}}, {"type": "dict", "image_number": {"type": "int", "data": 14}, "Hcamera2end": {"type": "ndarray", "data": [[0.9999921347197516, 0.000708088289028226, 0.0039024491808527864, -0.019371565674966697], [-0.003905016740610342, 0.0036616363758658066, 0.9999856715290008, 0.03789569601525114], [0.0006937887933301334, -0.9999930454908303, 0.00366437267269204, 0.039115519433419316], [0.0, 0.0, 0.0, 1.0]]}, "Hobj2base": {"type": "ndarray", "data": [[0.9999949684322929, -0.0009916548065050414, -0.003013259172773179, -0.7434282098193513], [-0.0009752694398970307, -0.9999847581311017, 0.005434367948710631, 0.08447388840400993], [-0.0030186022621685664, -0.005431401865734656, -0.9999806937707127, -0.0034133547216386013], [0.0, 0.0, 0.0, 1.0]]}, "mean_rme": {"type": "float", "data": 0.002455705573122833}, "max_rme": {"type": "float", "data": 0.008556798314111214}, "simu": {"type": "float", "data": 0.002}}, {"type": "dict", "image_number": {"type": "int", "data": 15}, "Hcamera2end": {"type": "ndarray", "data": [[0.9999745144995394, 0.0009938613986442309, 0.0070698366975938485, -0.019313183151702076], [-0.007072594540878031, 0.002799303666527586, 0.9999710707342702, 0.037845994825437206], [0.0009740420271744051, -0.9999955880595188, 0.0028062615035751026, 0.039189467999223807], [0.0, 0.0, 0.0, 1.0]]}, "Hobj2base": {"type": "ndarray", "data": [[0.9999968251811528, -0.0005656703950715599, -0.0024555334693121948, -0.7430591747761315], [-0.0005442829181503758, -0.9999619899885714, 0.008701858088969451, 0.0859667141841385], [-0.0024603625179600076, -0.008700493957224094, -0.9999591231751326, -0.00419816729464381], [0.0, 0.0, 0.0, 1.0]]}, "mean_rme": {"type": "float", "data": 0.002390309901869771}, "max_rme": {"type": "float", "data": 0.008454958266256918}, "simu": {"type": "float", "data": 0.002}}, {"type": "dict", "image_number": {"type": "int", "data": 16}, "Hcamera2end": {"type": "ndarray", "data": [[0.9999915241221444, -0.00011614118843035915, 0.004115603855455837, -0.019495269636816838], [-0.0041147403668178794, 0.006651267308904862, 0.9999694143097076, 0.03797268757214323], [-0.00014351161755213684, -0.9999778733324104, 0.006650733042739332, 0.0392476905178699], [0.0, 0.0, 0.0, 1.0]]}, "Hobj2base": {"type": "ndarray", "data": [[0.9999783625025793, -0.003332039804512588, -0.0056720399682268175, -0.744971466810014], [-0.0032997290108185036, -0.9999783313914861, 0.005696361641835938, 0.08498858384212038], [-0.005690897566744767, -0.005677522191991926, -0.9999676891913278, -0.0028744016211159733], [0.0, 0.0, 0.0, 1.0]]}, "mean_rme": {"type": "float", "data": 0.0024458151970285177}, "max_rme": {"type": "float", "data": 0.008877413252776578}, "simu": {"type": "float", "data": 0.002}}, {"type": "dict", "image_number": {"type": "int", "data": 17}, "Hcamera2end": {"type": "ndarray", "data": [[0.9999950426131454, -0.0010244786972762152, 0.0029774473181409748, -0.019560568684620593], [-0.002969166348335078, 0.007991848353347542, 0.9999636565451231, 0.03777347857075627], [-0.0010482367716275719, -0.999967539874818, 0.007988766886991017, 0.0393311000240318], [0.0, 0.0, 0.0, 1.0]]}, "Hobj2base": {"type": "ndarray", "data": [[0.9999724504082368, -0.004521357539162526, -0.005886913499405823, -0.7453148889365203], [-0.004495474877983115, -0.9999802042514638, 0.004402477804847973, 0.08480586303275102], [-0.005906702139760479, -0.004375892046636264, -0.999972980854297, -0.0024968084984301996], [0.0, 0.0, 0.0, 1.0]]}, "mean_rme": {"type": "float", "data": 0.0024361948073104286}, "max_rme": {"type": "float", "data": 0.00880482746764888}, "simu": {"type": "float", "data": 0.002}}, {"type": "dict", "image_number": {"type": "int", "data": 18}, "Hcamera2end": {"type": "ndarray", "data": [[0.9999917526267114, -0.0010119774849376545, 0.00393326583491162, -0.019400247270652024], [-0.003925379979662939, 0.0076799421526829725, 0.9999628042485113, 0.03783544254061824], [-0.0010421470977578576, -0.999969996744953, 0.007675906417173972, 0.03927903715557002], [0.0, 0.0, 0.0, 1.0]]}, "Hobj2base": {"type": "ndarray", "data": [[0.9999746805295207, -0.00426908131428245, -0.005693263090277412, -0.7451630873052102], [-0.004241530658613785, -0.9999792796204063, 0.004842493936508392, 0.08507363807485922], [-0.005713818124083929, -0.004818223177181154, -0.9999720681138349, -0.002816940403945691], [0.0, 0.0, 0.0, 1.0]]}, "mean_rme": {"type": "float", "data": 0.0023921577239509073}, "max_rme": {"type": "float", "data": 0.008833198021977795}, "simu": {"type": "float", "data": 0.002}}, {"type": "dict", "image_number": {"type": "int", "data": 19}, "Hcamera2end": {"type": "ndarray", "data": [[0.9999979238426039, -0.001898658276571319, 0.0007398697390109592, -0.01962328890761558], [-0.0007217481499016998, 0.00952741980501981, 0.9999543526338925, 0.03762655914139945], [-0.0019056206574264432, -0.9999528105708828, 0.009526029671498293, 0.039297813602160725], [0.0, 0.0, 0.0, 1.0]]}, "Hobj2base": {"type": "ndarray", "data": [[0.9999603403157225, -0.005704372005464502, -0.006839439720312742, -0.7457708166730187], [-0.005692096789678685, -0.9999821565661489, 0.001812893668176154, 0.08404369902568269], [-0.006849659101112138, -0.0017738910165104524, -0.9999749674271159, -0.0018479004655832959], [0.0, 0.0, 0.0, 1.0]]}, "mean_rme": {"type": "float", "data": 0.00240633592276658}, "max_rme": {"type": "float", "data": 0.008838085798022255}, "simu": {"type": "float", "data": 0.002}}, {"type": "dict", "image_number": {"type": "int", "data": 20}, "Hcamera2end": {"type": "ndarray", "data": [[0.9999985710562426, -0.0008399313453428718, 0.001467106270179612, -0.019377337733451187], [-0.0014594911839493248, 0.00899625853168362, 0.9999584677464934, 0.03705290074165714], [-0.000853094928401299, -0.9999591800907506, 0.008995019804142523, 0.03825496876335992], [0.0, 0.0, 0.0, 1.0]]}, "Hobj2base": {"type": "ndarray", "data": [[0.9999652771393216, -0.005000522666693122, -0.0066662799775884405, -0.7446312325307831], [-0.004986035070515637, -0.9999851756906533, 0.0021881163606556325, 0.0844039422649187], [-0.006677122880050685, -0.0021548020772379608, -0.9999753861261045, -0.0014370212410463683], [0.0, 0.0, 0.0, 1.0]]}, "mean_rme": {"type": "float", "data": 0.002485201578239099}, "max_rme": {"type": "float", "data": 0.008650661889961497}, "simu": {"type": "float", "data": 0.002}}, {"type": "dict", "image_number": {"type": "int", "data": 21}, "Hcamera2end": {"type": "ndarray", "data": [[0.9999992373208724, -0.0004525900149869815, 0.0011491387870991967, -0.0193630798206909], [-0.0011453929322148507, 0.008191562525618479, 0.9999657926041371, 0.03543914840519082], [-0.0004619877752863118, -0.9999663461665435, 0.008191037884680341, 0.038271197957495215], [0.0, 0.0, 0.0, 1.0]]}, "Hobj2base": {"type": "ndarray", "data": [[0.9999678404854577, -0.004319406228527542, -0.006757271985290067, -0.7446069303986383], [-0.004306416111027184, -0.9999888537424193, 0.0019357611423609492, 0.08487794566615112], [-0.006765558005731235, -0.0019065992642782951, -0.9999752957469079, -1.6376785793214054e-05], [0.0, 0.0, 0.0, 1.0]]}, "mean_rme": {"type": "float", "data": 0.0024991065143581404}, "max_rme": {"type": "float", "data": 0.008840352204294133}, "simu": {"type": "float", "data": 0.002}}, {"type": "dict", "image_number": {"type": "int", "data": 22}, "Hcamera2end": {"type": "ndarray", "data": [[0.9999998388013088, -0.0002592247287667752, 0.0005051731350552626, -0.019443510212954714], [-0.0005029654798381066, 0.008446917570322343, 0.9999641976637393, 0.03526265519500887], [-0.00026348260374642183, -0.9999642905554676, 0.008446785827600167, 0.038360144059303714], [0.0, 0.0, 0.0, 1.0]]}, "Hobj2base": {"type": "ndarray", "data": [[0.9999663966316378, -0.0043488815404968675, -0.006949304777077189, -0.7448365643251019], [-0.00433930724853603, -0.9999896160166295, 0.0013922181998788684, 0.08473506643957657], [-0.006955287207641747, -0.0013620162480664, -0.9999748841303959, 0.0003015368812960904], [0.0, 0.0, 0.0, 1.0]]}, "mean_rme": {"type": "float", "data": 0.002456692806086536}, "max_rme": {"type": "float", "data": 0.008790304780316338}, "simu": {"type": "float", "data": 0.002}}, {"type": "dict", "image_number": {"type": "int", "data": 23}, "Hcamera2end": {"type": "ndarray", "data": [[0.9999961752927097, -0.0011756421198483827, 0.002503450730133432, -0.019234757844242528], [-0.002492423486825025, 0.009289377061045268, 0.9999537465798006, 0.035565260279217754], [-0.0011988432401653678, -0.9999561617088141, 0.00928641133386554, 0.03873697596510442], [0.0, 0.0, 0.0, 1.0]]}, "Hobj2base": {"type": "ndarray", "data": [[0.9999596046452486, -0.005496638888575217, -0.007111683249895101, -0.745525341834379], [-0.005474314714945545, -0.9999800395108058, 0.00315475171279518, 0.08553126149491895], [-0.007128881828166786, -0.0031156926832176563, -0.9999697352935157, -0.0002625288257567852], [0.0, 0.0, 0.0, 1.0]]}, "mean_rme": {"type": "float", "data": 0.002527096407541913}, "max_rme": {"type": "float", "data": 0.009051979085304473}, "simu": {"type": "float", "data": 0.002}}, {"type": "dict", "image_number": {"type": "int", "data": 24}, "Hcamera2end": {"type": "ndarray", "data": [[0.9999890698495512, -0.004042185361280795, 0.0023496635789993312, -0.019531403443997317], [-0.0023258136851465037, 0.005894864501463926, 0.9999799203800103, 0.03617785640383707], [-0.004055955144157038, -0.9999744553287423, 0.005885398699676858, 0.04013281336366096], [0.0, 0.0, 0.0, 1.0]]}, "Hobj2base": {"type": "ndarray", "data": [[0.9999792040027178, -0.005916101749719203, -0.0025673531463086523, -0.7451556201228183], [-0.005907315163644802, -0.9999767148867491, 0.0034166228739718214, 0.08518104066747711], [-0.002587506453762721, -0.0034013856577201993, -0.9999908676512799, -0.001887473909897031], [0.0, 0.0, 0.0, 1.0]]}, "mean_rme": {"type": "float", "data": 0.0026070943078478808}, "max_rme": {"type": "float", "data": 0.010060573436164955}, "simu": {"type": "float", "data": 0.002}}, {"type": "dict", "image_number": {"type": "int", "data": 25}, "Hcamera2end": {"type": "ndarray", "data": [[0.9999887613702823, -0.004307723956917205, 0.00198006248376046, -0.019507597018726015], [-0.0019637273100587696, 0.0037929965336013227, 0.9999908784345725, 0.03603410457108829], [-0.004315195033868505, -0.9999835282101436, 0.00378449471033937, 0.041018267487633785], [0.0, 0.0, 0.0, 1.0]]}, "Hobj2base": {"type": "ndarray", "data": [[0.9999864601123891, -0.005180299342827731, -0.0004940552720947026, -0.745093717640663], [-0.0051787652747114065, -0.9999819162810721, 0.003057368323236992, 0.0848811423066236], [-0.0005098844208536743, -0.003054768330526598, -0.9999952041926621, -0.002257625384592623], [0.0, 0.0, 0.0, 1.0]]}, "mean_rme": {"type": "float", "data": 0.0025678479669074858}, "max_rme": {"type": "float", "data": 0.01026720874082554}, "simu": {"type": "float", "data": 0.002}}, {"type": "dict", "image_number": {"type": "int", "data": 26}, "Hcamera2end": {"type": "ndarray", "data": [[0.9999756540300061, -0.006547147484121019, 0.0024137537327993514, -0.019815014219037596], [-0.0023902563582809838, 0.003594401956303117, 0.9999906834311599, 0.03533407775476431], [-0.006555762488309984, -0.9999721071781941, 0.003578665086198418, 0.040696432174984636], [0.0, 0.0, 0.0, 1.0]]}, "Hobj2base": {"type": "ndarray", "data": [[0.9999745084782581, -0.007096460447902275, 0.0007890771683454607, -0.7447013694935289], [-0.007099301536950155, -0.9999681090344219, 0.0036579819313770977, 0.08575434262567727], [0.0007630932798174877, -0.0036634905806051696, -0.9999929982381939, -0.0019430739859001224], [0.0, 0.0, 0.0, 1.0]]}, "mean_rme": {"type": "float", "data": 0.002608716529970159}, "max_rme": {"type": "float", "data": 0.011225908147193875}, "simu": {"type": "float", "data": 0.002}}, {"type": "dict", "image_number": {"type": "int", "data": 27}, "Hcamera2end": {"type": "ndarray", "data": [[0.9999721120739598, -0.0070550637520838694, 0.002449724433093197, -0.019918868492340928], [-0.0024253584807958166, 0.0034601700549373726, 0.9999910723898644, 0.03516576552308213], [-0.007063477230351445, -0.9999691261727262, 0.0034429624992671215, 0.040691578731917366], [0.0, 0.0, 0.0, 1.0]]}, "Hobj2base": {"type": "ndarray", "data": [[0.9999686206119319, -0.0077792696996580825, 0.0014969149642242408, -0.7446101381549611], [-0.007784846783220206, -0.9999626410739597, 0.0037566763173722643, 0.08598880723090427], [0.0014676348428416463, -0.0037682116888122508, -0.9999918232808891, -0.0019352751619665838], [0.0, 0.0, 0.0, 1.0]]}, "mean_rme": {"type": "float", "data": 0.0025753060922546547}, "max_rme": {"type": "float", "data": 0.011475554419567935}, "simu": {"type": "float", "data": 0.002}}, {"type": "dict", "image_number": {"type": "int", "data": 28}, "Hcamera2end": {"type": "ndarray", "data": [[0.9999630404982617, -0.008058193105453502, 0.0029971922439198414, -0.020120577189343725], [-0.002971451910510453, 0.0032043830089691916, 0.9999904511559475, 0.03501534775451229], [-0.008067720310925224, -0.9999623980197491, 0.0031803200432712897, 0.04034257216826334], [0.0, 0.0, 0.0, 1.0]]}, "Hobj2base": {"type": "ndarray", "data": [[0.999961913307375, -0.00846009991154559, 0.0021444449492681837, -0.7441243619028023], [-0.008469607247974896, -0.9999541688210885, 0.004463856000276658, 0.0865028778946709], [0.0021065819990749553, -0.0044818485932504575, -0.999987737597551, -0.0020466564947075505], [0.0, 0.0, 0.0, 1.0]]}, "mean_rme": {"type": "float", "data": 0.002585202721366458}, "max_rme": {"type": "float", "data": 0.01186753516019623}, "simu": {"type": "float", "data": 0.002}}, {"type": "dict", "image_number": {"type": "int", "data": 29}, "Hcamera2end": {"type": "ndarray", "data": [[0.9999705618003101, -0.0074219231897818885, 0.0019469434858699003, -0.020051313001582395], [-0.0019247316165697391, 0.0029987065774490507, 0.9999936515633819, 0.035304302942884766], [-0.007427714384409934, -0.9999679608942614, 0.002984333090706892, 0.04025334388379667], [0.0, 0.0, 0.0, 1.0]]}, "Hobj2base": {"type": "ndarray", "data": [[0.9999671794974925, -0.007851793932295846, 0.0019973131638093525, -0.7439169921431737], [-0.007858077532938114, -0.9999641385692208, 0.003157877927095337, 0.08573966908510502], [0.001972446530554686, -0.0031734693256536845, -0.9999930192491961, -0.0020561666268594236], [0.0, 0.0, 0.0, 1.0]]}, "mean_rme": {"type": "float", "data": 0.0025918832485116177}, "max_rme": {"type": "float", "data": 0.011597663271582737}, "simu": {"type": "float", "data": 0.002}}, {"type": "dict", "image_number": {"type": "int", "data": 30}, "Hcamera2end": {"type": "ndarray", "data": [[0.9999660322678321, -0.008027068268054771, 0.0018709584572817956, -0.02018702311693918], [-0.0018450785108583153, 0.003230279415834092, 0.9999930804661523, 0.03511824109959043], [-0.008033056443076631, -0.9999625650342696, 0.0032153591194015174, 0.039807514344831256], [0.0, 0.0, 0.0, 1.0]]}, "Hobj2base": {"type": "ndarray", "data": [[0.9999622259082636, -0.008442779488940443, 0.0020654856794505507, -0.7435855744427443], [-0.008449196057800005, -0.9999594443224971, 0.0031178191448280523, 0.08592684043911535], [0.0020390788527532675, -0.0031351530655019137, -0.9999930064618894, -0.0018405019757049038], [0.0, 0.0, 0.0, 1.0]]}, "mean_rme": {"type": "float", "data": 0.0025621203254200496}, "max_rme": {"type": "float", "data": 0.011836838027799168}, "simu": {"type": "float", "data": 0.002}}, {"type": "dict", "image_number": {"type": "int", "data": 31}, "Hcamera2end": {"type": "ndarray", "data": [[0.999962785881954, -0.008037689494317771, 0.0031340706428440875, -0.02016110276517952], [-0.003112282023781885, 0.0027218831242268315, 0.9999914524899013, 0.03522428106240702], [-0.00804615136607854, -0.9999639928016663, 0.0026967662752210853, 0.03992789732540642], [0.0, 0.0, 0.0, 1.0]]}, "Hobj2base": {"type": "ndarray", "data": [[0.9999615905231624, -0.00832947865478627, 0.0027271347100688028, -0.7434414274182667], [-0.008341615664488393, -0.9999552183726859, 0.004469753610742735, 0.0864656453701357], [0.002689781867245745, -0.004492330639461633, -0.9999862919255109, -0.0023731599811954683], [0.0, 0.0, 0.0, 1.0]]}, "mean_rme": {"type": "float", "data": 0.0025447354611895386}, "max_rme": {"type": "float", "data": 0.011855875713009334}, "simu": {"type": "float", "data": 0.002}}]}