{"type": "list", "data": [{"type": "dict", "image_number": {"type": "int", "data": 5}, "Hcamera2end": {"type": "ndarray", "data": [[0.999477975650982, -0.006335415812078053, -0.031680257181772836, -0.018017460806427174], [0.031631104560079434, -0.007713684876814009, 0.9994698456131281, 0.032331139853084744], [-0.0065764285843092525, -0.9999501795450156, -0.007509261945504386, 0.03248057032862602], [0.0, 0.0, 0.0, 1.0]]}, "Hobj2base": {"type": "ndarray", "data": [[0.9999384792367392, -0.005603752837741364, 0.009572653542821727, -0.7304123010757508], [-0.005300810653065537, -0.9994933415193588, -0.03138409891787306, 0.071744375923554], [0.009743672210093002, 0.03133142532027549, -0.9994615563588538, -0.009509521778853692], [0.0, 0.0, 0.0, 1.0]]}, "mean_rme": {"type": "float", "data": 0.0013651782826343195}, "max_rme": {"type": "float", "data": 0.004245454028359685}, "simu": {"type": "float", "data": 0.002}}, {"type": "dict", "image_number": {"type": "int", "data": 6}, "Hcamera2end": {"type": "ndarray", "data": [[0.9998121763640968, -0.005919300323544023, -0.018454643799537592, -0.01767357618583037], [0.018388518572535924, -0.011037503894696155, 0.9997699914942847, 0.03287283575011976], [-0.006121632036934351, -0.9999215646196727, -0.010926583626647446, 0.032331489280490455], [0.0, 0.0, 0.0, 1.0]]}, "Hobj2base": {"type": "ndarray", "data": [[0.9998969003546408, -0.004491618110247204, 0.013638695976268943, -0.7286108081195249], [-0.0042338848136847925, -0.9998130257300375, -0.01886763896019293, 0.07871576317748956], [0.013720892119896747, 0.018807949045534983, -0.9997289623553651, -0.008627834187899438], [0.0, 0.0, 0.0, 1.0]]}, "mean_rme": {"type": "float", "data": 0.0013343237627142298}, "max_rme": {"type": "float", "data": 0.0042363776042784185}, "simu": {"type": "float", "data": 0.002}}, {"type": "dict", "image_number": {"type": "int", "data": 7}, "Hcamera2end": {"type": "ndarray", "data": [[0.9999381650621914, -0.005820386817881413, -0.009475713659032112, -0.01749069482631492], [0.009488197047248978, 0.0021209137884109497, 0.9999527368038426, 0.033258922178167824], [-0.005800014556043051, -0.9999808122269109, 0.0021760076188579447, 0.03275811366760256], [0.0, 0.0, 0.0, 1.0]]}, "Hobj2base": {"type": "ndarray", "data": [[0.999994238789451, -0.0033825241489455157, -0.00028446139996795975, -0.735869480018646], [-0.0033849705948955397, -0.9999529444237416, -0.009091254718750892, 0.08342703124626023], [-0.00025369662584247125, 0.00909216523559258, -0.9999586332290704, -0.005253540444902441], [0.0, 0.0, 0.0, 1.0]]}, "mean_rme": {"type": "float", "data": 0.0014837766490265539}, "max_rme": {"type": "float", "data": 0.004536885611531871}, "simu": {"type": "float", "data": 0.002}}, {"type": "dict", "image_number": {"type": "int", "data": 8}, "Hcamera2end": {"type": "ndarray", "data": [[0.9998292317814954, -0.0041841048766734805, -0.018000015044597577, -0.01772976721834358], [0.01797260417882031, -0.00649898867535037, 0.9998173576434993, 0.032795685577942324], [-0.0043003225758299355, -0.999970127760114, -0.00642267959384113, 0.03237307818623752], [0.0, 0.0, 0.0, 1.0]]}, "Hobj2base": {"type": "ndarray", "data": [[0.9999603031765807, -0.0022907777622227345, 0.008610714734849227, -0.7312024471977044], [-0.002133811778507126, -0.9998321923237712, -0.018194340887626434, 0.07861788538655382], [0.008650948982322578, 0.0181752449855664, -0.9997973902503545, -0.007851033685802984], [0.0, 0.0, 0.0, 1.0]]}, "mean_rme": {"type": "float", "data": 0.0016912221460548245}, "max_rme": {"type": "float", "data": 0.004830142903573337}, "simu": {"type": "float", "data": 0.002}}, {"type": "dict", "image_number": {"type": "int", "data": 9}, "Hcamera2end": {"type": "ndarray", "data": [[0.9999179570125646, -0.005400802857617954, -0.011615101046143916, -0.01729893545388871], [0.011617844865725353, 0.000476942917437162, 0.9999323968179696, 0.033209581604378036], [-0.005394898005979984, -0.9999853018189551, 0.0005396494773656224, 0.03318757072468578], [0.0, 0.0, 0.0, 1.0]]}, "Hobj2base": {"type": "ndarray", "data": [[0.9999926037514281, -0.003238150821823377, 0.0020752883401021376, -0.7346018188122942], [-0.0032123807425818033, -0.9999191564211085, -0.012302895271589105, 0.082438764327956], [0.0021149591967999947, 0.012296137660018474, -0.9999221629438173, -0.005717892139505508], [0.0, 0.0, 0.0, 1.0]]}, "mean_rme": {"type": "float", "data": 0.001883784171959929}, "max_rme": {"type": "float", "data": 0.004903639527265663}, "simu": {"type": "float", "data": 0.002}}, {"type": "dict", "image_number": {"type": "int", "data": 10}, "Hcamera2end": {"type": "ndarray", "data": [[0.9999760205677732, -0.004825568458027505, -0.004967109672354545, -0.017014486714753436], [0.004957361739481445, -0.0020299243513042242, 0.9999856518829217, 0.03326127655803731], [-0.0048355820770858106, -0.9999862965542002, -0.002005953586425635, 0.033019153766172], [0.0, 0.0, 0.0, 1.0]]}, "Hobj2base": {"type": "ndarray", "data": [[0.9999848378312607, -0.0034423312929268966, 0.004298192975780143, -0.7330065963011674], [-0.003417752482754138, -0.9999778416782412, -0.005712715684610605, 0.0857104071217807], [0.004317762795005933, 0.0056979389077371064, -0.9999744448817929, -0.00530592198313074], [0.0, 0.0, 0.0, 1.0]]}, "mean_rme": {"type": "float", "data": 0.0018815954361507815}, "max_rme": {"type": "float", "data": 0.005436989293818334}, "simu": {"type": "float", "data": 0.002}}, {"type": "dict", "image_number": {"type": "int", "data": 11}, "Hcamera2end": {"type": "ndarray", "data": [[0.9999878854346594, -0.004844938559728236, -0.0008692262483447864, -0.016788192943593433], [0.0008585973927377785, -0.002195454446009215, 0.9999972213912862, 0.03332720913225996], [-0.004846833444171251, -0.9999858531749979, -0.0021912679974176452, 0.032952819900575844], [0.0, 0.0, 0.0, 1.0]]}, "Hobj2base": {"type": "ndarray", "data": [[0.9999830479602366, -0.0036991480398971244, 0.004496676098414655, -0.7328222853489482], [-0.003691812453865281, -0.9999918428162773, -0.0016385425571965335, 0.08772776991860264], [0.004502700629690319, 0.0016219138957368241, -0.9999885474755972, -0.004809274087822294], [0.0, 0.0, 0.0, 1.0]]}, "mean_rme": {"type": "float", "data": 0.0017680189072537859}, "max_rme": {"type": "float", "data": 0.005500036001876679}, "simu": {"type": "float", "data": 0.002}}, {"type": "dict", "image_number": {"type": "int", "data": 12}, "Hcamera2end": {"type": "ndarray", "data": [[0.9999890474389954, -0.004230942350501518, 0.002001031953083359, -0.01647393626468845], [-0.0020144072361770854, -0.0031594065927140758, 0.9999929801320949, 0.03329211385603189], [-0.004224590576300301, -0.999986058541222, -0.003167894830007345, 0.032831939018112856], [0.0, 0.0, 0.0, 1.0]]}, "Hobj2base": {"type": "ndarray", "data": [[0.9999794565652548, -0.0027528274638013574, 0.005788643054486944, -0.7322741760084672], [-0.002760666075085957, -0.9999952827084946, 0.0013465821847146997, 0.08882682150295544], [0.0057849088393498865, -0.0013625350317927629, -0.9999823390080487, -0.004562465894475273], [0.0, 0.0, 0.0, 1.0]]}, "mean_rme": {"type": "float", "data": 0.0018236367039645967}, "max_rme": {"type": "float", "data": 0.0056461653150393365}, "simu": {"type": "float", "data": 0.002}}, {"type": "dict", "image_number": {"type": "int", "data": 13}, "Hcamera2end": {"type": "ndarray", "data": [[0.9999847454444137, -0.003488686141109331, 0.004282282975222859, -0.01643742544161339], [-0.0042850176612563165, -0.0007767756409595705, 0.999990517576665, 0.03347118285932426], [-0.003485326686807609, -0.9999936128239082, -0.0007917128733216927, 0.03281530432361429], [0.0, 0.0, 0.0, 1.0]]}, "Hobj2base": {"type": "ndarray", "data": [[0.999992639345532, -0.001892329395757913, 0.0033377154184955414, -0.7337257579896104], [-0.001906123508267823, -0.9999896363602143, 0.004134472800508034, 0.09000347796836351], [0.003329857043198873, -0.004140804465905445, -0.9999858827955761, -0.0038361831655297197], [0.0, 0.0, 0.0, 1.0]]}, "mean_rme": {"type": "float", "data": 0.0018768921457893502}, "max_rme": {"type": "float", "data": 0.005742714793226383}, "simu": {"type": "float", "data": 0.002}}, {"type": "dict", "image_number": {"type": "int", "data": 14}, "Hcamera2end": {"type": "ndarray", "data": [[0.9999877745739001, -0.0031686495999264865, 0.0037960983195511433, -0.016429603772330024], [-0.003796816491949693, -0.00022066471041792823, 0.9999927677196531, 0.033434060971168716], [-0.0031677890184278567, -0.9999949554706756, -0.0002326927937561507, 0.03278800948106308], [0.0, 0.0, 0.0, 1.0]]}, "Hobj2base": {"type": "ndarray", "data": [[0.9999964299369749, -0.0015062815875929133, 0.0022070861070116574, -0.7340756532251421], [-0.0015149676108134988, -0.9999910939697478, 0.0039391438569168855, 0.0896579397706511], [0.002201132990773465, -0.003942473457891451, -0.9999898059063359, -0.00370487956710433], [0.0, 0.0, 0.0, 1.0]]}, "mean_rme": {"type": "float", "data": 0.001818681842868844}, "max_rme": {"type": "float", "data": 0.0056812521480402445}, "simu": {"type": "float", "data": 0.002}}, {"type": "dict", "image_number": {"type": "int", "data": 15}, "Hcamera2end": {"type": "ndarray", "data": [[0.9999901322508037, -0.003602930696816135, 0.002598901963134306, -0.01656779790106785], [-0.002601857096138388, -0.0008157581625418686, 0.9999962824322257, 0.03337567364490738], [-0.003600797227187011, -0.9999931766912284, -0.0008251244236452404, 0.03281913764725169], [0.0, 0.0, 0.0, 1.0]]}, "Hobj2base": {"type": "ndarray", "data": [[0.9999945351201502, -0.001924577068084881, 0.002688072347173096, -0.7337034661059435], [-0.0019319924695195537, -0.9999943282952748, 0.0027587646473151875, 0.08912974661023579], [0.0026827476460439975, -0.002763942906530118, -0.9999925817148227, -0.003997573078474866], [0.0, 0.0, 0.0, 1.0]]}, "mean_rme": {"type": "float", "data": 0.0017575500728814518}, "max_rme": {"type": "float", "data": 0.005573401951670193}, "simu": {"type": "float", "data": 0.002}}, {"type": "dict", "image_number": {"type": "int", "data": 16}, "Hcamera2end": {"type": "ndarray", "data": [[0.9999838978471378, -0.004153246955585306, 0.003867116001747158, -0.01646226104481544], [-0.0038726320613303826, -0.001320912014491027, 0.9999916289211462, 0.033438998430234824], [-0.004148104068439403, -0.9999905028204897, -0.0013369747422828926, 0.03285100590134686], [0.0, 0.0, 0.0, 1.0]]}, "Hobj2base": {"type": "ndarray", "data": [[0.9999936751483248, -0.0022191295374649964, 0.002779411348200813, -0.733389314263468], [-0.0022304996690187574, -0.9999891301385118, 0.004094444534903768, 0.08981579761698813], [0.002770295033577522, -0.004100618114241622, -0.9999877551232856, -0.0038045469349834785], [0.0, 0.0, 0.0, 1.0]]}, "mean_rme": {"type": "float", "data": 0.0016887710540836659}, "max_rme": {"type": "float", "data": 0.00548816734252941}, "simu": {"type": "float", "data": 0.002}}, {"type": "dict", "image_number": {"type": "int", "data": 17}, "Hcamera2end": {"type": "ndarray", "data": [[0.9999500321413468, -0.004910205198238192, 0.008707646377220109, -0.016002895339925476], [-0.008716797053653377, -0.001845292213746852, 0.9999603053850542, 0.03363627524798373], [-0.004893942137473599, -0.9999862422961411, -0.0018880012706510296, 0.03286088374097888], [0.0, 0.0, 0.0, 1.0]]}, "Hobj2base": {"type": "ndarray", "data": [[0.9999922789182653, -0.0026494631131161717, 0.0029021455970923192, -0.7330247710721933], [-0.0026746195133629095, -0.9999585869249834, 0.008698899094110554, 0.09224630256072439], [0.0028789779980444314, -0.008706594064444248, -0.9999579524687447, -0.003044682733252868], [0.0, 0.0, 0.0, 1.0]]}, "mean_rme": {"type": "float", "data": 0.0017297505709171963}, "max_rme": {"type": "float", "data": 0.0054156329475129605}, "simu": {"type": "float", "data": 0.002}}, {"type": "dict", "image_number": {"type": "int", "data": 18}, "Hcamera2end": {"type": "ndarray", "data": [[0.999976616554513, -0.0033177726558873072, 0.0059798602652793836, -0.016211885456092246], [-0.005983101954267577, -0.0009680042919004705, 0.9999816325606666, 0.03352525859378427], [-0.0033119231864975726, -0.9999940276583131, -0.0009878322286862584, 0.03277443260569629], [0.0, 0.0, 0.0, 1.0]]}, "Hobj2base": {"type": "ndarray", "data": [[0.9999967083042037, -0.000990181962250751, 0.0023670488881544975, -0.733687319841399], [-0.001003626364435897, -0.9999833343877436, 0.00568539188542052, 0.09065999154093232], [0.0023613798673422655, -0.005687748803510011, -0.9999810365195283, -0.003408218433846061], [0.0, 0.0, 0.0, 1.0]]}, "mean_rme": {"type": "float", "data": 0.0017410018804469738}, "max_rme": {"type": "float", "data": 0.005600049824148551}, "simu": {"type": "float", "data": 0.002}}, {"type": "dict", "image_number": {"type": "int", "data": 19}, "Hcamera2end": {"type": "ndarray", "data": [[0.9999762742590599, -0.0034900231729341497, 0.005938910440630401, -0.01627758988224718], [-0.005947544867756234, -0.0024688827066832175, 0.9999792654491525, 0.033939768938467695], [-0.003475288335587799, -0.9999908621364663, -0.002489581200022295, 0.03217190217616963], [0.0, 0.0, 0.0, 1.0]]}, "Hobj2base": {"type": "ndarray", "data": [[0.9999907497528998, -0.0013707137912689002, 0.0040769538059334375, -0.7323478498247339], [-0.001394813384926855, -0.9999815380847359, 0.005914218909289549, 0.09082267353109245], [0.00406877183613419, -0.005919850791041478, -0.999974199898356, -0.003998768218529411], [0.0, 0.0, 0.0, 1.0]]}, "mean_rme": {"type": "float", "data": 0.0017274832816063545}, "max_rme": {"type": "float", "data": 0.005783789223937491}, "simu": {"type": "float", "data": 0.002}}, {"type": "dict", "image_number": {"type": "int", "data": 20}, "Hcamera2end": {"type": "ndarray", "data": [[0.9999760347797985, -0.00347772168474126, 0.0059862607656801575, -0.016242815975747494], [-0.0059903155465887755, -0.0011566861263634376, 0.9999813889252427, 0.033988860092470576], [-0.003470732735826542, -0.9999932837419903, -0.001177491056400637, 0.0325931364511049], [0.0, 0.0, 0.0, 1.0]]}, "Hobj2base": {"type": "ndarray", "data": [[0.9999946006488519, -0.001419660736370024, 0.0029636525668165522, -0.733298314972684], [-0.0014363138558061701, -0.9999831504396184, 0.00562457459393897, 0.09080823191397631], [0.0029556176428638787, -0.005628800960131194, -0.9999797902578331, -0.003935375184905282], [0.0, 0.0, 0.0, 1.0]]}, "mean_rme": {"type": "float", "data": 0.001690276928093765}, "max_rme": {"type": "float", "data": 0.005721914972301179}, "simu": {"type": "float", "data": 0.002}}, {"type": "dict", "image_number": {"type": "int", "data": 21}, "Hcamera2end": {"type": "ndarray", "data": [[0.9999756111899485, -0.00355188651845861, 0.006013412296610763, -0.016271341874205807], [-0.0060183735496057295, -0.0013877608454941903, 0.9999809264679269, 0.0335502105563409], [-0.0035434735933041316, -0.9999927290845649, -0.0014091035795325002, 0.03306235856375045], [0.0, 0.0, 0.0, 1.0]]}, "Hobj2base": {"type": "ndarray", "data": [[0.9999932484380936, -0.0020967964001381697, 0.003017701623046177, -0.7336887399129333], [-0.002113412921155528, -0.9999825659527106, 0.005513735254576878, 0.09085980561381587], [0.0030060878320602633, -0.005520075677854309, -0.9999802459051161, -0.0035674522392322348], [0.0, 0.0, 0.0, 1.0]]}, "mean_rme": {"type": "float", "data": 0.0016872359367572775}, "max_rme": {"type": "float", "data": 0.005778178402606138}, "simu": {"type": "float", "data": 0.002}}, {"type": "dict", "image_number": {"type": "int", "data": 22}, "Hcamera2end": {"type": "ndarray", "data": [[0.9999764738731406, -0.003404649668447314, 0.005954835083803503, -0.0162685215963562], [-0.005955203798963363, -9.81699810072012e-05, 0.9999822627978796, 0.03226610427951188], [-0.003404004693440918, -0.9999941993448211, -0.00011844305408748035, 0.03332093665066531], [0.0, 0.0, 0.0, 1.0]]}, "Hobj2base": {"type": "ndarray", "data": [[0.9999971852647362, -0.0019127058145489604, 0.0014039298670876356, -0.7347569518245415], [-0.0019200778691186961, -0.9999842775379506, 0.005268584048840954, 0.0906938393571905], [0.0013938305425089223, -0.005271264873839231, -0.999985135391046, -0.0021031064722924738], [0.0, 0.0, 0.0, 1.0]]}, "mean_rme": {"type": "float", "data": 0.0017752559014307986}, "max_rme": {"type": "float", "data": 0.006335431431446069}, "simu": {"type": "float", "data": 0.002}}, {"type": "dict", "image_number": {"type": "int", "data": 23}, "Hcamera2end": {"type": "ndarray", "data": [[0.9999731281055657, -0.0037015405309705875, 0.006327848328416769, -0.01631376255159208], [-0.006327880807119736, 2.93717065646959e-06, 0.9999799787575071, 0.032370140321675754], [-0.00370148500750045, -0.9999931492710693, -2.048581555347262e-05, 0.03360631699310965], [0.0, 0.0, 0.0, 1.0]]}, "Hobj2base": {"type": "ndarray", "data": [[0.999996464735533, -0.0024100192444630984, 0.001123531787341293, -0.7350133612626181], [-0.0024165145907664998, -0.9999801663696781, 0.005816126245489704, 0.09098303826751745], [0.0011094925274473108, -0.0058188207149025535, -0.9999824550219965, -0.0021237373835723936], [0.0, 0.0, 0.0, 1.0]]}, "mean_rme": {"type": "float", "data": 0.0017519121686528911}, "max_rme": {"type": "float", "data": 0.006358467535976707}, "simu": {"type": "float", "data": 0.002}}, {"type": "dict", "image_number": {"type": "int", "data": 24}, "Hcamera2end": {"type": "ndarray", "data": [[0.9999810306516268, -0.003977567177576076, 0.0047029029607426375, -0.016418285859491816], [-0.004705081420591437, -0.0005385064683223195, 0.9999887860469282, 0.03257006655021838], [-0.003974990029660155, -0.9999919444526199, -0.0005572110306317768, 0.03254051222125714], [0.0, 0.0, 0.0, 1.0]]}, "Hobj2base": {"type": "ndarray", "data": [[0.999995120961911, -0.002531409781844067, 0.0018303051355933922, -0.7336733456333268], [-0.0025395329959076035, -0.9999868760243316, 0.004449556299291146, 0.09033671804924892], [0.0018190174643724357, -0.004454182710020901, -0.999988425648942, -0.002517114672177148], [0.0, 0.0, 0.0, 1.0]]}, "mean_rme": {"type": "float", "data": 0.001792657360329883}, "max_rme": {"type": "float", "data": 0.006525862198777703}, "simu": {"type": "float", "data": 0.002}}, {"type": "dict", "image_number": {"type": "int", "data": 25}, "Hcamera2end": {"type": "ndarray", "data": [[0.9999751637419798, -0.004481741533302854, 0.005439291500671265, -0.016373274457831204], [-0.0054395227181854595, -3.94031934829453e-05, 0.9999852049105459, 0.03222575834834496], [-0.004481460900080547, -0.9999899561696691, -6.37807497425591e-05, 0.03280783799833552], [0.0, 0.0, 0.0, 1.0]]}, "Hobj2base": {"type": "ndarray", "data": [[0.999993402001637, -0.0033980618595521547, 0.0012841840954578433, -0.7341210243955006], [-0.003404311647483497, -0.9999822182999047, 0.004896299236066012, 0.09074977026807611], [0.0012675233327943602, -0.004900638693165349, -0.9999871884804326, -0.0020428417995566406], [0.0, 0.0, 0.0, 1.0]]}, "mean_rme": {"type": "float", "data": 0.0017956864936893263}, "max_rme": {"type": "float", "data": 0.0063375574653453046}, "simu": {"type": "float", "data": 0.002}}, {"type": "dict", "image_number": {"type": "int", "data": 26}, "Hcamera2end": {"type": "ndarray", "data": [[0.9999761244032447, -0.004652428169573339, 0.005109357649794281, -0.016480753421313183], [-0.005105325590430045, 0.0008781211669289801, 0.999986582186897, 0.03171863421748363], [-0.004656852379263379, -0.99998879184486, 0.0008543480406704163, 0.033465694360514935], [0.0, 0.0, 0.0, 1.0]]}, "Hobj2base": {"type": "ndarray", "data": [[0.9999936211322195, -0.003561195336191114, 0.00027492298666381536, -0.7352417964040959], [-0.00356238716917177, -0.9999836920793987, 0.004463739789826984, 0.09062868946109273], [0.0002590222539200748, -0.004464690698341259, -0.9999899996722168, -0.0014987042943518103], [0.0, 0.0, 0.0, 1.0]]}, "mean_rme": {"type": "float", "data": 0.0018499601336240392}, "max_rme": {"type": "float", "data": 0.00607757755854222}, "simu": {"type": "float", "data": 0.002}}, {"type": "dict", "image_number": {"type": "int", "data": 27}, "Hcamera2end": {"type": "ndarray", "data": [[0.9999725391235846, -0.0051150058175103135, 0.00536262195366138, -0.01651582088067436], [-0.0053590309373988485, 0.0007155029113286027, 0.9999853843146888, 0.03194785301211507], [-0.005118768029815119, -0.9999866622965882, 0.0006880717885705545, 0.03342917553170821], [0.0, 0.0, 0.0, 1.0]]}, "Hobj2base": {"type": "ndarray", "data": [[0.9999912574773786, -0.004160750831582038, 0.0004160785126198796, -0.7350286589337658], [-0.004162673026216679, -0.9999801453209829, 0.004730868535800084, 0.09088602328606603], [0.0003963862863201301, -0.004732559174876161, -0.9999887228171969, -0.0017052719215896934], [0.0, 0.0, 0.0, 1.0]]}, "mean_rme": {"type": "float", "data": 0.0018296676956106215}, "max_rme": {"type": "float", "data": 0.00616134060379863}, "simu": {"type": "float", "data": 0.002}}, {"type": "dict", "image_number": {"type": "int", "data": 28}, "Hcamera2end": {"type": "ndarray", "data": [[0.9999786053268838, -0.004905840812327435, 0.004326848093544151, -0.016541602768367306], [-0.004322481558296933, 0.0009003224070897042, 0.9999902527388663, 0.03186365239407821], [-0.004909688552106649, -0.9999875609953793, 0.0008790977385468857, 0.0338982942907099], [0.0, 0.0, 0.0, 1.0]]}, "Hobj2base": {"type": "ndarray", "data": [[0.9999909375523438, -0.004241160357535001, 0.0003706372970916153, -0.7355801475799305], [-0.004242437624936497, -0.9999848192008687, 0.003516118713044608, 0.09034168751407103], [0.00035571924722310587, -0.003517659254017204, -0.9999937497490619, -0.001814566871972813], [0.0, 0.0, 0.0, 1.0]]}, "mean_rme": {"type": "float", "data": 0.0018313698205162166}, "max_rme": {"type": "float", "data": 0.006206149765801243}, "simu": {"type": "float", "data": 0.002}}, {"type": "dict", "image_number": {"type": "int", "data": 29}, "Hcamera2end": {"type": "ndarray", "data": [[0.9999800639394371, -0.004809042553367394, 0.004092045136509597, -0.016493370183124884], [-0.0040885149927589485, 0.0007436656445903855, 0.9999913654660036, 0.03193770856185429], [-0.004812044142910113, -0.9999881599654711, 0.0007239889762468144, 0.033933463166634065], [0.0, 0.0, 0.0, 1.0]]}, "Hobj2base": {"type": "ndarray", "data": [[0.9999906775069484, -0.00426196849485907, 0.0006931981991314971, -0.7355297570824607], [-0.004264216250097484, -0.9999855482853683, 0.0032740922687824817, 0.09017275016926174], [0.0006792341031301273, -0.00327701769310533, -0.9999943998823559, -0.0019722057922480496], [0.0, 0.0, 0.0, 1.0]]}, "mean_rme": {"type": "float", "data": 0.0018256087323303305}, "max_rme": {"type": "float", "data": 0.006276889352625763}, "simu": {"type": "float", "data": 0.002}}, {"type": "dict", "image_number": {"type": "int", "data": 30}, "Hcamera2end": {"type": "ndarray", "data": [[0.9999871003698036, -0.00474275688897101, 0.0018180624534004375, -0.01669522371433054], [-0.0018114174301782442, 0.0014050082625075566, 0.9999973723558857, 0.03168244489787984], [-0.0047452988194625675, -0.9999877660296022, 0.0013963990259248105, 0.03475419617456258], [0.0, 0.0, 0.0, 1.0]]}, "Hobj2base": {"type": "ndarray", "data": [[0.9999919448303154, -0.004013075178849905, 7.417609011401913e-05, -0.7366946350763023], [-0.004013156491299212, -0.9999913080652436, 0.0011306497861434818, 0.08907367022055422], [6.963806278753902e-05, -0.001130938358825141, -0.9999993580642781, -0.0019914006063678972], [0.0, 0.0, 0.0, 1.0]]}, "mean_rme": {"type": "float", "data": 0.0018643889126878895}, "max_rme": {"type": "float", "data": 0.0062197977439111055}, "simu": {"type": "float", "data": 0.002}}, {"type": "dict", "image_number": {"type": "int", "data": 31}, "Hcamera2end": {"type": "ndarray", "data": [[0.9999887010920369, -0.00450564368467517, 0.0015155405793714017, -0.01786646540920022], [-0.0015152470237340852, 6.85657614277746e-05, 0.999998849661935, 0.03093882211518638], [-0.0045057424158555315, -0.9999898471853217, 6.173782352636437e-05, 0.03500726538382794], [0.0, 0.0, 0.0, 1.0]]}, "Hobj2base": {"type": "ndarray", "data": [[0.9999922418928787, -0.003617901284957176, 0.0015578653172428892, -0.7362676959940224], [-0.0036194864607598403, -0.9999929335907916, 0.0010159164546609746, 0.08782204762175051], [0.001554178823282339, -0.0010215472454957412, -0.9999982704832096, -0.0014293792294642624], [0.0, 0.0, 0.0, 1.0]]}, "mean_rme": {"type": "float", "data": 0.0018858262597925457}, "max_rme": {"type": "float", "data": 0.006202018445472142}, "simu": {"type": "float", "data": 0.002}}]}