{"type": "list", "data": [{"type": "dict", "image_number": {"type": "int", "data": 5}, "Hcamera2end": {"type": "ndarray", "data": [[0.9994619697281703, -0.013250442033481743, -0.030003280704007426, -0.013749816943112232], [0.030077936437908837, 0.005471286359637895, 0.9995325821428774, 0.030073153650838423], [-0.013080091999800304, -0.9998972401259482, 0.0058668885952077865, 0.03651401207659352], [0.0, 0.0, 0.0, 1.0]]}, "Hobj2base": {"type": "ndarray", "data": [[0.9999413133386662, -0.010415813254894712, 0.0029800524798330326, -0.7384525207853911], [-0.010325658206196207, -0.9995313383121844, -0.028818128226218376, 0.07909136321635234], [0.0032788200853679553, 0.028785665983143603, -0.9995802292826501, 0.0043748400053056245], [0.0, 0.0, 0.0, 1.0]]}, "mean_rme": {"type": "float", "data": 0.0011959641731546348}, "max_rme": {"type": "float", "data": 0.003924402629043255}, "simu": {"type": "float", "data": 0.002}}, {"type": "dict", "image_number": {"type": "int", "data": 6}, "Hcamera2end": {"type": "ndarray", "data": [[0.9996416166210392, -0.012715032703434423, -0.023557721932009626, -0.013604244070646393], [0.023607371734841384, 0.003768928200509003, 0.999714202749962, 0.030303960281204596], [-0.012622611419524338, -0.9999120576948605, 0.004067745982936133, 0.03627149334438319], [0.0, 0.0, 0.0, 1.0]]}, "Hobj2base": {"type": "ndarray", "data": [[0.9999412225452432, -0.009946149690761711, 0.004315734126823121, -0.7379114931726435], [-0.009846167228664679, -0.9996960855218535, -0.022600654485824368, 0.08205828113146758], [0.004539212005363344, 0.022556832636950696, -0.9997352573835527, 0.0029647737555963858], [0.0, 0.0, 0.0, 1.0]]}, "mean_rme": {"type": "float", "data": 0.0013375544413593624}, "max_rme": {"type": "float", "data": 0.003915419434501355}, "simu": {"type": "float", "data": 0.002}}, {"type": "dict", "image_number": {"type": "int", "data": 7}, "Hcamera2end": {"type": "ndarray", "data": [[0.9997886261677258, -0.011467961088011007, -0.017064256624163495, -0.013489874126487807], [0.017014856097803996, -0.004391554244362439, 0.9998455925408132, 0.030459307290970985], [-0.011541128957882087, -0.9999245972171116, -0.00419550027706439, 0.03576731112565282], [0.0, 0.0, 0.0, 1.0]]}, "Hobj2base": {"type": "ndarray", "data": [[0.9999256897508004, -0.005249488591943351, 0.011002629045330578, -0.7341878530279365], [-0.005071611724511516, -0.9998569957874328, -0.016132784305382907, 0.08439624866738749], [0.01108574449019518, 0.016075784411694143, -0.9998093195328026, 0.0005337339017070231], [0.0, 0.0, 0.0, 1.0]]}, "mean_rme": {"type": "float", "data": 0.0013819109875131128}, "max_rme": {"type": "float", "data": 0.0045217493331281}, "simu": {"type": "float", "data": 0.002}}, {"type": "dict", "image_number": {"type": "int", "data": 8}, "Hcamera2end": {"type": "ndarray", "data": [[0.9997964786679989, -0.011513574878442897, -0.01656619559790247, -0.013435051506282467], [0.016557228366986535, -0.0008737300875381049, 0.9998625379443604, 0.030558728622164556], [-0.01152646658230227, -0.9999333348725068, -0.0006829193762440955, 0.03570591549305577], [0.0, 0.0, 0.0, 1.0]]}, "Hobj2base": {"type": "ndarray", "data": [[0.9999337356156267, -0.008305428350400705, 0.00797146396180575, -0.7360376886658728], [-0.008170420367053444, -0.9998251150190374, -0.016822116638363537, 0.08506964740893316], [0.008109784756924554, 0.016755871719651868, -0.9998267210642608, 0.0008431132391533841], [0.0, 0.0, 0.0, 1.0]]}, "mean_rme": {"type": "float", "data": 0.001441319419455269}, "max_rme": {"type": "float", "data": 0.0050508347668428155}, "simu": {"type": "float", "data": 0.002}}, {"type": "dict", "image_number": {"type": "int", "data": 9}, "Hcamera2end": {"type": "ndarray", "data": [[0.9998668861657607, -0.01225208461382529, -0.01077480263398927, -0.013360499917020754], [0.010795578285025026, 0.0016308105977476117, 0.9999403961968365, 0.03067569441493029], [-0.012233782680661477, -0.9999236105220288, 0.0017628618528993112, 0.03561603239211262], [0.0, 0.0, 0.0, 1.0]]}, "Hobj2base": {"type": "ndarray", "data": [[0.9999364638333156, -0.00971127327718274, 0.005723588722137834, -0.7374247852791586], [-0.009649191217504785, -0.9998953767637411, -0.010776299705550899, 0.08809939604733952], [0.005827641493120138, 0.010720387018746304, -0.9999255531772331, 0.00016068816277037268], [0.0, 0.0, 0.0, 1.0]]}, "mean_rme": {"type": "float", "data": 0.001526780064689791}, "max_rme": {"type": "float", "data": 0.0053502910281010285}, "simu": {"type": "float", "data": 0.002}}, {"type": "dict", "image_number": {"type": "int", "data": 10}, "Hcamera2end": {"type": "ndarray", "data": [[0.9998246703385045, -0.012333878850605919, -0.014089145289876336, -0.013509477337880516], [0.014039731308948325, -0.0040838256399682304, 0.9998930984424861, 0.030473401719144488], [-0.01239009795252663, -0.999915595338247, -0.003909945279141569, 0.03539831411885634], [0.0, 0.0, 0.0, 1.0]]}, "Hobj2base": {"type": "ndarray", "data": [[0.9999219368507608, -0.00658428827064023, 0.010619197361021014, -0.7344520301230553], [-0.006434676093353428, -0.9998804204152192, -0.014061998928245341, 0.08600880162077984], [0.010710515776414879, 0.01399257010893484, -0.9998447343630656, -0.0002530484328439886], [0.0, 0.0, 0.0, 1.0]]}, "mean_rme": {"type": "float", "data": 0.0015223936533368394}, "max_rme": {"type": "float", "data": 0.0051793948743690255}, "simu": {"type": "float", "data": 0.002}}, {"type": "dict", "image_number": {"type": "int", "data": 11}, "Hcamera2end": {"type": "ndarray", "data": [[0.9999165834480284, -0.012842511512996545, 0.00137696901225102, -0.012970904476697277], [-0.0014272994760299506, -0.003910709785241995, 0.9999913345450455, 0.030401233370212125], [-0.012837015300601343, -0.999909884063066, -0.003928713677269435, 0.0352580587628289], [0.0, 0.0, 0.0, 1.0]]}, "Hobj2base": {"type": "ndarray", "data": [[0.9999107589910526, -0.007588108537593382, 0.010995210901062135, -0.7342839647372116], [-0.007608717056404655, -0.9999693720155851, 0.0018336999513527275, 0.0932612698913615], [0.010980959825657775, -0.0019171957588406399, -0.9999378695107657, -0.0031533344821742426], [0.0, 0.0, 0.0, 1.0]]}, "mean_rme": {"type": "float", "data": 0.0015703313824724978}, "max_rme": {"type": "float", "data": 0.005294486136622201}, "simu": {"type": "float", "data": 0.002}}, {"type": "dict", "image_number": {"type": "int", "data": 12}, "Hcamera2end": {"type": "ndarray", "data": [[0.9999099271358732, -0.012751050449262044, -0.00418907240007949, -0.013225995015174779], [0.004142573562967835, -0.0036708976419093098, 0.9999846816800633, 0.030426152013464308], [-0.01276623278058698, -0.9999119637362794, -0.0036177448291536685, 0.03530431487511246], [0.0, 0.0, 0.0, 1.0]]}, "Hobj2base": {"type": "ndarray", "data": [[0.9999081621145235, -0.008397361642762129, 0.010637276634382468, -0.7344162022831334], [-0.008356271225190446, -0.9999574748282167, -0.0039014441413456028, 0.09086264843962695], [0.010669586119750194, 0.003812197872311076, -0.9999358114796251, -0.002100868484370822], [0.0, 0.0, 0.0, 1.0]]}, "mean_rme": {"type": "float", "data": 0.0014928516117269765}, "max_rme": {"type": "float", "data": 0.005383581425835726}, "simu": {"type": "float", "data": 0.002}}, {"type": "dict", "image_number": {"type": "int", "data": 13}, "Hcamera2end": {"type": "ndarray", "data": [[0.9999289052765029, -0.011910506710844605, -0.000569405326150507, -0.012998334200370916], [0.0004901383104256689, -0.006657078349404655, 0.9999777212879726, 0.03037163443135237], [-0.011914031935964249, -0.9999069072357389, -0.006650767270624636, 0.03520574007102668], [0.0, 0.0, 0.0, 1.0]]}, "Hobj2base": {"type": "ndarray", "data": [[0.9998967926369173, -0.006133752418543754, 0.01299158018385272, -0.7328917344050379], [-0.0061336892904909944, -0.9999811877516536, -4.470435993063928e-05, 0.09209656448360129], [0.012991609988495734, -3.498657012871991e-05, -0.9999156048616538, -0.003159861873186637], [0.0, 0.0, 0.0, 1.0]]}, "mean_rme": {"type": "float", "data": 0.0014934502731808557}, "max_rme": {"type": "float", "data": 0.005296053089884789}, "simu": {"type": "float", "data": 0.002}}, {"type": "dict", "image_number": {"type": "int", "data": 14}, "Hcamera2end": {"type": "ndarray", "data": [[0.9998917119395906, -0.01190432856930002, 0.008651667806208933, -0.012594237114217073], [-0.00873534191568892, -0.006994929580787623, 0.9999373804202824, 0.030431129198791786], [-0.011843065318187391, -0.9999046744172538, -0.007098160493760108, 0.03518103810988902], [0.0, 0.0, 0.0, 1.0]]}, "Hobj2base": {"type": "ndarray", "data": [[0.9998950159662611, -0.006033745249024562, 0.013173874301065983, -0.732639531301378], [-0.006155209707496821, -0.9999387430431932, 0.009199106187839676, 0.09628693015831327], [0.013117562246360799, -0.00927922838754855, -0.9998709044077863, -0.004777348778351156], [0.0, 0.0, 0.0, 1.0]]}, "mean_rme": {"type": "float", "data": 0.0014820108045389372}, "max_rme": {"type": "float", "data": 0.005287746842245589}, "simu": {"type": "float", "data": 0.002}}, {"type": "dict", "image_number": {"type": "int", "data": 15}, "Hcamera2end": {"type": "ndarray", "data": [[0.9999042718543477, -0.01180114695029669, 0.00722357654379723, -0.012513628916406472], [-0.0073117173377173945, -0.00744283894676534, 0.9999455699876797, 0.030341027028519055], [-0.01174674069688768, -0.9999026638023673, -0.007528413108355947, 0.03512157045601344], [0.0, 0.0, 0.0, 1.0]]}, "Hobj2base": {"type": "ndarray", "data": [[0.9998911623707343, -0.005730767394144108, 0.013594915151486158, -0.7324047371559737], [-0.005840830863015467, -0.9999503779695078, 0.008070086335895326, 0.09543866981222551], [0.013547992756550291, -0.008148613606827435, -0.9998750181840508, -0.004614243066806234], [0.0, 0.0, 0.0, 1.0]]}, "mean_rme": {"type": "float", "data": 0.0014940341693129497}, "max_rme": {"type": "float", "data": 0.005309415501896786}, "simu": {"type": "float", "data": 0.002}}, {"type": "dict", "image_number": {"type": "int", "data": 16}, "Hcamera2end": {"type": "ndarray", "data": [[0.9999265989902936, -0.011409787309873066, 0.004075952066451988, -0.012665112201033855], [-0.004176121813100313, -0.008769267969439554, 0.9999528288603832, 0.030177469764951774], [-0.011373505981301563, -0.99989645298542, -0.008816272957983706, 0.034877811066097206], [0.0, 0.0, 0.0, 1.0]]}, "Hobj2base": {"type": "ndarray", "data": [[0.9998864504961167, -0.004606998098374566, 0.01434788077725768, -0.7318068561210349], [-0.00467689341248793, -0.9999773418768574, 0.004841735319337363, 0.09382162574145947], [0.014325249815799175, -0.0049082890517842355, -0.9998853413848503, -0.004446139452237142], [0.0, 0.0, 0.0, 1.0]]}, "mean_rme": {"type": "float", "data": 0.0015363169894521155}, "max_rme": {"type": "float", "data": 0.005510435995183638}, "simu": {"type": "float", "data": 0.002}}, {"type": "dict", "image_number": {"type": "int", "data": 17}, "Hcamera2end": {"type": "ndarray", "data": [[0.9999249199420628, -0.011827915888917118, 0.003202324871716118, -0.012755535107793937], [-0.00329913473402052, -0.008174439684656809, 0.999961146368122, 0.03012786345571685], [-0.011801279119912765, -0.9998966341285316, -0.008212847835392001, 0.03494718074294257], [0.0, 0.0, 0.0, 1.0]]}, "Hobj2base": {"type": "ndarray", "data": [[0.9998856029633657, -0.005239037969219721, 0.014189202505552887, -0.7320014753018409], [-0.005299132791184476, -0.9999771352623146, 0.0042009694401272165, 0.09354603957206696], [0.014166869034755268, -0.004275679329950207, -0.9998905031992356, -0.004250074574088612], [0.0, 0.0, 0.0, 1.0]]}, "mean_rme": {"type": "float", "data": 0.0015083825910481212}, "max_rme": {"type": "float", "data": 0.0053844515462299625}, "simu": {"type": "float", "data": 0.002}}, {"type": "dict", "image_number": {"type": "int", "data": 18}, "Hcamera2end": {"type": "ndarray", "data": [[0.9999231082810194, -0.010851353992920957, 0.006002136465055763, -0.012449225374221305], [-0.006107559485438152, -0.009708301231841299, 0.9999342211387324, 0.030229758169920483], [-0.010792369654374714, -0.9998939928831015, -0.009773830033880326, 0.03479414243753447], [0.0, 0.0, 0.0, 1.0]]}, "Hobj2base": {"type": "ndarray", "data": [[0.999876786192241, -0.0037608310556740622, 0.01524036035159297, -0.7314355891073752], [-0.003864051149748486, -0.9999697593629961, 0.006749034614192964, 0.09447265815545358], [0.015214517494414893, -0.006807092571878605, -0.9998610813248658, -0.004897078482912699], [0.0, 0.0, 0.0, 1.0]]}, "mean_rme": {"type": "float", "data": 0.0015654721592911415}, "max_rme": {"type": "float", "data": 0.0056444312008097075}, "simu": {"type": "float", "data": 0.002}}, {"type": "dict", "image_number": {"type": "int", "data": 19}, "Hcamera2end": {"type": "ndarray", "data": [[0.9999272341605829, -0.010705877552832739, 0.005559727492461726, -0.012478295479896331], [-0.005659426417600274, -0.009304873940115588, 0.9999406933481517, 0.029247999997247216], [-0.010653510059621231, -0.9998993966928785, -0.009364785989398605, 0.03549847534636873], [0.0, 0.0, 0.0, 1.0]]}, "Hobj2base": {"type": "ndarray", "data": [[0.999881758371926, -0.0042845414020838786, 0.014768614696008892, -0.7324265136777705], [-0.004372088065523438, -0.9999730328981293, 0.005900705251428852, 0.09482648889531296], [0.014742934613320654, -0.005964577226489873, -0.9998735268510197, -0.003987014811760617], [0.0, 0.0, 0.0, 1.0]]}, "mean_rme": {"type": "float", "data": 0.0015785404256564123}, "max_rme": {"type": "float", "data": 0.005816951218100386}, "simu": {"type": "float", "data": 0.002}}, {"type": "dict", "image_number": {"type": "int", "data": 20}, "Hcamera2end": {"type": "ndarray", "data": [[0.9999297624583349, -0.010144063887979383, 0.006129283633072816, -0.012292940841619538], [-0.006190810471248702, -0.006045058677190962, 0.9999625648649547, 0.03048854683670622], [-0.010106632264366755, -0.9999302751859384, -0.006107434064068995, 0.03692180187879307], [0.0, 0.0, 0.0, 1.0]]}, "Hobj2base": {"type": "ndarray", "data": [[0.999913839356764, -0.005324354064809127, 0.011998546437303338, -0.7350908598380264], [-0.005398999172094217, -0.9999662209573423, 0.0061973988278688375, 0.09456764701741271], [0.011965143992250994, -0.0062616449982807725, -0.9999088094077182, -0.004684085665045387], [0.0, 0.0, 0.0, 1.0]]}, "mean_rme": {"type": "float", "data": 0.0016762178115136267}, "max_rme": {"type": "float", "data": 0.005473714312480615}, "simu": {"type": "float", "data": 0.002}}, {"type": "dict", "image_number": {"type": "int", "data": 21}, "Hcamera2end": {"type": "ndarray", "data": [[0.9999432166269753, -0.00937153436051305, 0.0050732499867108885, -0.01239323140012531], [-0.00510711173217163, -0.0035928645533114256, 0.9999805041769848, 0.02964945247526167], [-0.009353124154690437, -0.999949631565526, -0.0036405220114243964, 0.037807406166109565], [0.0, 0.0, 0.0, 1.0]]}, "Hobj2base": {"type": "ndarray", "data": [[0.9999370703684846, -0.006191331413117148, 0.009355357728343856, -0.7371700694132445], [-0.006241648278607452, -0.9999661619190892, 0.005358809902639881, 0.09472177485797244], [0.009321862992904953, -0.005416865527168221, -0.9999418785300487, -0.0033988669555561476], [0.0, 0.0, 0.0, 1.0]]}, "mean_rme": {"type": "float", "data": 0.0017541465447471745}, "max_rme": {"type": "float", "data": 0.005500854223015161}, "simu": {"type": "float", "data": 0.002}}, {"type": "dict", "image_number": {"type": "int", "data": 22}, "Hcamera2end": {"type": "ndarray", "data": [[0.9999570434868399, -0.007777230180993034, 0.005042407338777041, -0.012280768970507585], [-0.0050526153886235, -0.001293466834318746, 0.999986398918147, 0.029711897336602847], [-0.007770602215590919, -0.9999689203341575, -0.0013327066243868924, 0.03682607616900532], [0.0, 0.0, 0.0, 1.0]]}, "Hobj2base": {"type": "ndarray", "data": [[0.9999588519526441, -0.005921728736706633, 0.006872228919270383, -0.7372978179858269], [-0.005959726274168937, -0.999966994601295, 0.0055218992014241745, 0.09466127069671691], [0.006839302909432639, -0.005562628589306619, -0.9999611397943875, -0.002884807737850767], [0.0, 0.0, 0.0, 1.0]]}, "mean_rme": {"type": "float", "data": 0.001755122454297892}, "max_rme": {"type": "float", "data": 0.005389269668025387}, "simu": {"type": "float", "data": 0.002}}, {"type": "dict", "image_number": {"type": "int", "data": 23}, "Hcamera2end": {"type": "ndarray", "data": [[0.9999407973712995, -0.009369559613731232, 0.005532911086800234, -0.012386790830975486], [-0.00554993942423428, -0.0017923859238027084, 0.9999829926179182, 0.028708092653635126], [-0.009359483150101312, -0.9999544983174709, -0.001844280298132217, 0.03686128522138623], [0.0, 0.0, 0.0, 1.0]]}, "Hobj2base": {"type": "ndarray", "data": [[0.9999419763470497, -0.0071184567833664295, 0.00808526512735447, -0.7371235140012955], [-0.007168633375040975, -0.9999551215422313, 0.00619399685140301, 0.09558720702644956], [0.008040810574221886, -0.006251597754517338, -0.9999481301001691, -0.0022971140896707863], [0.0, 0.0, 0.0, 1.0]]}, "mean_rme": {"type": "float", "data": 0.0018400234178791491}, "max_rme": {"type": "float", "data": 0.005564159913636901}, "simu": {"type": "float", "data": 0.002}}, {"type": "dict", "image_number": {"type": "int", "data": 24}, "Hcamera2end": {"type": "ndarray", "data": [[0.9999510021845703, -0.008727888033637035, 0.0046708886248527735, -0.012347760798658469], [-0.004676121659834952, -0.0005792657113594668, 0.9999888991071141, 0.027829543752558143], [-0.008725085460664897, -0.9999617434790732, -0.0006200499948838534, 0.035959552667203847], [0.0, 0.0, 0.0, 1.0]]}, "Hobj2base": {"type": "ndarray", "data": [[0.9999501792883753, -0.007292663003036506, 0.00681586439642256, -0.7369175255139098], [-0.00732686984402006, -0.999960621253829, 0.005007286685041351, 0.09563228471318737], [0.006779079541874956, -0.00505697616976247, -0.9999642348967208, -0.0011060394861503152], [0.0, 0.0, 0.0, 1.0]]}, "mean_rme": {"type": "float", "data": 0.0019259152056756682}, "max_rme": {"type": "float", "data": 0.005852776606948773}, "simu": {"type": "float", "data": 0.002}}, {"type": "dict", "image_number": {"type": "int", "data": 25}, "Hcamera2end": {"type": "ndarray", "data": [[0.9999643599828932, -0.007881428781959233, 0.003026853871188197, -0.0123373244759487], [-0.0030319460090779083, -0.0006342251758002515, 0.9999952025194045, 0.028116648498971664], [-0.007879471264029008, -0.9999687399307948, -0.0006580986385453791, 0.035497069554661524], [0.0, 0.0, 0.0, 1.0]]}, "Hobj2base": {"type": "ndarray", "data": [[0.9999594246946942, -0.00641755822731794, 0.0063217015632814864, -0.7364805758263389], [-0.006438785720592117, -0.9999736819563492, 0.0033432668315260088, 0.09457182069902227], [0.006300079578903018, -0.003383835259209103, -0.9999744290011812, -0.0009766457435587594], [0.0, 0.0, 0.0, 1.0]]}, "mean_rme": {"type": "float", "data": 0.0019452492469158242}, "max_rme": {"type": "float", "data": 0.005610191752963789}, "simu": {"type": "float", "data": 0.002}}, {"type": "dict", "image_number": {"type": "int", "data": 26}, "Hcamera2end": {"type": "ndarray", "data": [[0.9999607445616637, -0.007944011529485435, 0.003924540291863206, -0.012344367837632068], [-0.003937046496553392, -0.001559267765355088, 0.9999910341342667, 0.028456454677900807], [-0.007937820895373737, -0.9999672301454962, -0.0015904824983763444, 0.035628503546717295], [0.0, 0.0, 0.0, 1.0]]}, "Hobj2base": {"type": "ndarray", "data": [[0.9999536966527834, -0.006205428071287727, 0.007355080753144899, -0.7361460239005009], [-0.0062362502794260566, -0.9999718384614915, 0.004175100764838087, 0.09479860856143577], [0.007328965335268457, -0.00422077556809971, -0.999964235020792, -0.001631056362847748], [0.0, 0.0, 0.0, 1.0]]}, "mean_rme": {"type": "float", "data": 0.001930108050545348}, "max_rme": {"type": "float", "data": 0.00566289860865643}, "simu": {"type": "float", "data": 0.002}}, {"type": "dict", "image_number": {"type": "int", "data": 27}, "Hcamera2end": {"type": "ndarray", "data": [[0.9999684270469468, -0.006918543332676606, 0.003908793600198836, -0.012284393904134052], [-0.003929121136749572, -0.002926974296700413, 0.9999879973422476, 0.028944112216050075], [-0.00690701935336995, -0.9999717828917074, -0.0029540656783222374, 0.03600931992627217], [0.0, 0.0, 0.0, 1.0]]}, "Hobj2base": {"type": "ndarray", "data": [[0.9999557795136255, -0.0046008644434132094, 0.008201893907569004, -0.7359706243035362], [-0.004635108340992324, -0.999980600683952, 0.004161012668770855, 0.09427243689591344], [0.00818259054120056, -0.004198845333629738, -0.999957706560582, -0.002248449660411534], [0.0, 0.0, 0.0, 1.0]]}, "mean_rme": {"type": "float", "data": 0.0019127412590800783}, "max_rme": {"type": "float", "data": 0.005666978146282364}, "simu": {"type": "float", "data": 0.002}}, {"type": "dict", "image_number": {"type": "int", "data": 28}, "Hcamera2end": {"type": "ndarray", "data": [[0.9999730074068816, -0.007153806834584107, 0.0016755612224573484, -0.012416750754754697], [-0.0016987278124025174, -0.003233511123000854, 0.9999933293425696, 0.028932920856512723], [-0.007148341168139305, -0.9999691832519595, -0.003245576212785206, 0.03548743110589708], [0.0, 0.0, 0.0, 1.0]]}, "Hobj2base": {"type": "ndarray", "data": [[0.999953915180011, -0.004584366948430277, 0.008435110897285316, -0.7353111165891766], [-0.004600921430528991, -0.9999875257047965, 0.0019442110968235673, 0.09326518500448998], [0.008426092698128862, -0.001982930780701358, -0.9999625337718216, -0.0019075813035136443], [0.0, 0.0, 0.0, 1.0]]}, "mean_rme": {"type": "float", "data": 0.0019065336272403343}, "max_rme": {"type": "float", "data": 0.005782864944094246}, "simu": {"type": "float", "data": 0.002}}, {"type": "dict", "image_number": {"type": "int", "data": 29}, "Hcamera2end": {"type": "ndarray", "data": [[0.9999716875637872, -0.007244931932990962, 0.0020334778380507786, -0.012453529667017012], [-0.0020622356951068847, -0.00396411888863013, 0.9999900164228513, 0.028459105418912105], [-0.007236798654746645, -0.9999658977798808, -0.003978947412007772, 0.0348400768108101], [0.0, 0.0, 0.0, 1.0]]}, "Hobj2base": {"type": "ndarray", "data": [[0.9999486601286061, -0.0045386002744587425, 0.009059702785086821, -0.7343998234457704], [-0.004558568132837877, -0.9999872234121401, 0.002184598145449351, 0.09371253371287312], [0.009049672015255684, -0.0022257852608705956, -0.9999565737152734, -0.001675856250286742], [0.0, 0.0, 0.0, 1.0]]}, "mean_rme": {"type": "float", "data": 0.0019472888268081267}, "max_rme": {"type": "float", "data": 0.006050792598261301}, "simu": {"type": "float", "data": 0.002}}, {"type": "dict", "image_number": {"type": "int", "data": 30}, "Hcamera2end": {"type": "ndarray", "data": [[0.999967945298533, -0.00747363858888654, 0.0028728212044937546, -0.012447858634748798], [-0.0029005640705467243, -0.003703909432526409, 0.9999889338302639, 0.028560507147727534], [-0.007462915214776083, -0.9999652122854865, -0.0037254684723824205, 0.034326872610690236], [0.0, 0.0, 0.0, 1.0]]}, "Hobj2base": {"type": "ndarray", "data": [[0.9999479309340048, -0.004888966048347836, 0.008957311638036859, -0.7339602805160611], [-0.0049154394209394246, -0.999983609407072, 0.002935876786138626, 0.09413096133359575], [0.008942811420458507, -0.0029797530405077403, -0.9999555726109612, -0.0018510885460009453], [0.0, 0.0, 0.0, 1.0]]}, "mean_rme": {"type": "float", "data": 0.0019372514579594255}, "max_rme": {"type": "float", "data": 0.00613084303192718}, "simu": {"type": "float", "data": 0.002}}, {"type": "dict", "image_number": {"type": "int", "data": 31}, "Hcamera2end": {"type": "ndarray", "data": [[0.9999638549543064, -0.007542353310811968, 0.003924498879839035, -0.012355550508542215], [-0.00394022952725019, -0.0020719151591226392, 0.9999900908303272, 0.02904244975491964], [-0.0075341473436321815, -0.9999694095691669, -0.002101558872874776, 0.03431306390640351], [0.0, 0.0, 0.0, 1.0]]}, "Hobj2base": {"type": "ndarray", "data": [[0.9999521307163699, -0.006019786160588924, 0.0077135238621931865, -0.7345310653885042], [-0.006048917743221991, -0.9999746401543395, 0.0037589416510423446, 0.09451509444667042], [0.007690700223489133, -0.0038054201845510887, -0.999963185275984, -0.002169405652515388], [0.0, 0.0, 0.0, 1.0]]}, "mean_rme": {"type": "float", "data": 0.0019542285208259155}, "max_rme": {"type": "float", "data": 0.005959155715123177}, "simu": {"type": "float", "data": 0.002}}]}