{"type": "list", "data": [{"type": "dict", "image_number": {"type": "int", "data": 5}, "Hcamera2end": {"type": "ndarray", "data": [[0.9999597309461454, 0.008623740996008086, -0.0024834607599708396, -0.01209890886581643], [0.002573865617022419, -0.0104880270779244, 0.9999416865516702, 0.024826893165986852], [0.008597191512235567, -0.9999078119403042, -0.010509801085436976, 0.03489496696149656], [0.0, 0.0, 0.0, 1.0]]}, "Hobj2base": {"type": "ndarray", "data": [[0.9999031695538436, 0.012272794171975658, 0.006559728606416827, -0.7308573652074832], [0.012273129076360667, -0.9999246822566263, -1.0800901528483781e-05, 0.0919027452343801], [0.0065591019852197195, 9.130825156481909e-05, -0.9999784846905209, 0.0019958023088304743], [0.0, 0.0, 0.0, 1.0]]}, "mean_rme": {"type": "float", "data": 0.0013830485282434327}, "max_rme": {"type": "float", "data": 0.004683973660555951}, "simu": {"type": "float", "data": 0.002}}, {"type": "dict", "image_number": {"type": "int", "data": 6}, "Hcamera2end": {"type": "ndarray", "data": [[0.9999518161826327, 0.007966754694315632, 0.005735515033095821, -0.011745626164129419], [-0.005836135355513225, 0.012664729661694074, 0.9999027673462597, 0.026228399464888353], [0.007893341318250266, -0.9998880614559995, 0.012710614485413219, 0.035679685474685356], [0.0, 0.0, 0.0, 1.0]]}, "Hobj2base": {"type": "ndarray", "data": [[0.9999093433784884, 0.000984597532096904, -0.013428908820153393, -0.7444836190797216], [0.0010929389008604263, -0.9999668976585276, 0.008062820334030357, 0.09878514358471342], [-0.0134205256588254, -0.008076766362824672, -0.999877320142907, 0.0046726816537219955], [0.0, 0.0, 0.0, 1.0]]}, "mean_rme": {"type": "float", "data": 0.0014475567987228628}, "max_rme": {"type": "float", "data": 0.004889965617741243}, "simu": {"type": "float", "data": 0.002}}, {"type": "dict", "image_number": {"type": "int", "data": 7}, "Hcamera2end": {"type": "ndarray", "data": [[0.9999297984743519, 0.00775105325456107, -0.008962103351723087, -0.012459962579873564], [0.008920437027910334, 0.005393538973582301, 0.99994566629421, 0.024855360271720646], [0.0077989695648267654, -0.9999554144614576, 0.005324017556460392, 0.03531527087213145], [0.0, 0.0, 0.0, 1.0]]}, "Hobj2base": {"type": "ndarray", "data": [[0.9999723809472439, 0.004336799547121117, -0.006035686571397158, -0.7398321259784881], [0.004294733477182081, -0.9999665203802177, -0.006965154918552086, 0.08932453953716857], [-0.006065690979602027, 0.006939040882394979, -0.9999575276503359, 0.005318724880139942], [0.0, 0.0, 0.0, 1.0]]}, "mean_rme": {"type": "float", "data": 0.0017753171461484768}, "max_rme": {"type": "float", "data": 0.004497731788741688}, "simu": {"type": "float", "data": 0.002}}, {"type": "dict", "image_number": {"type": "int", "data": 8}, "Hcamera2end": {"type": "ndarray", "data": [[0.9999229332346373, 0.007844308476296951, -0.009622599231378622, -0.012560109733402516], [0.009595359095395127, 0.0035028696776716606, 0.9999478281329741, 0.024729284619314854], [0.007877605935146201, -0.9999630976833846, 0.0034273307661510932, 0.03518063342934992], [0.0, 0.0, 0.0, 1.0]]}, "Hobj2base": {"type": "ndarray", "data": [[0.9999746968024248, 0.005374273583134222, -0.004660787310342971, -0.7386888512067085], [0.005338371591150739, -0.9999562470646548, -0.007681519714603673, 0.08869438228235163], [-0.004701865975697644, 0.007656444333022726, -0.999959634843588, 0.005089175316206479], [0.0, 0.0, 0.0, 1.0]]}, "mean_rme": {"type": "float", "data": 0.001592996100106862}, "max_rme": {"type": "float", "data": 0.004349818808489392}, "simu": {"type": "float", "data": 0.002}}, {"type": "dict", "image_number": {"type": "int", "data": 9}, "Hcamera2end": {"type": "ndarray", "data": [[0.9999588800484827, 0.006865679993648377, -0.005924580188427647, -0.012823730868423708], [0.005895418961366925, 0.0042598740155176396, 0.9999735484044776, 0.02495091192926742], [0.006890736350655732, -0.9999673574230297, 0.004219222789687449, 0.035047541413579936], [0.0, 0.0, 0.0, 1.0]]}, "Hobj2base": {"type": "ndarray", "data": [[0.9999818188842264, 0.0038949372954992204, -0.004603407917856524, -0.7389347146244565], [0.0038770314905350596, -0.9999849094768598, -0.003892228844560476, 0.09084044137834003], [-0.0046184984373121105, 0.0038743105220359277, -0.9999818294299971, 0.004426315726003525], [0.0, 0.0, 0.0, 1.0]]}, "mean_rme": {"type": "float", "data": 0.001665953274515802}, "max_rme": {"type": "float", "data": 0.004079686621059619}, "simu": {"type": "float", "data": 0.002}}, {"type": "dict", "image_number": {"type": "int", "data": 10}, "Hcamera2end": {"type": "ndarray", "data": [[0.9999872616904991, 0.0049850192320488925, -0.0007912268911445842, -0.0130497655043858], [0.0007601244720347035, 0.006237985719420469, 0.9999802546775368, 0.025288673773610916], [0.0049898564632844524, -0.9999681180504808, 0.006234117022915875, 0.03518104627327769], [0.0, 0.0, 0.0, 1.0]]}, "Hobj2base": {"type": "ndarray", "data": [[0.9999840352807102, 0.0015019368244264342, -0.005447326819894308, -0.739869303503285], [0.0015069473727671336, -0.9999984451812596, 0.0009158300490086867, 0.09402496905831234], [-0.005445942831412962, -0.0009240242628788808, -0.9999847438265437, 0.003786007656464163], [0.0, 0.0, 0.0, 1.0]]}, "mean_rme": {"type": "float", "data": 0.0017383471363681755}, "max_rme": {"type": "float", "data": 0.004709971956269404}, "simu": {"type": "float", "data": 0.002}}, {"type": "dict", "image_number": {"type": "int", "data": 11}, "Hcamera2end": {"type": "ndarray", "data": [[0.9999833865185097, 0.005089416243240358, -0.0027063867565170294, -0.013159240005158971], [0.002682426565309195, 0.0047087943723935766, 0.9999853158138274, 0.02503449855983815], [0.005102085328033341, -0.9999759622600244, 0.004695064157592688, 0.03508329161670483], [0.0, 0.0, 0.0, 1.0]]}, "Hobj2base": {"type": "ndarray", "data": [[0.9999914556107551, 0.0020635444629340774, -0.003581967299225311, -0.7388424629949651], [0.002059855478228776, -0.9999973446804855, -0.0010332605613720034, 0.09271869353855043], [-0.0035840899670678277, 0.00102587339782743, -0.9999930509172952, 0.0037455530744200634], [0.0, 0.0, 0.0, 1.0]]}, "mean_rme": {"type": "float", "data": 0.0017701424912733165}, "max_rme": {"type": "float", "data": 0.004904724450604185}, "simu": {"type": "float", "data": 0.002}}, {"type": "dict", "image_number": {"type": "int", "data": 12}, "Hcamera2end": {"type": "ndarray", "data": [[0.9999719974621304, 0.004307878095028281, -0.006119352736649704, -0.013104387427541137], [0.006088281803873376, 0.007189123065899583, 0.9999556236824811, 0.025188197258191592], [0.004351679707169528, -0.999964878731179, 0.0071626941763893726, 0.0354981866111695], [0.0, 0.0, 0.0, 1.0]]}, "Hobj2base": {"type": "ndarray", "data": [[0.999980359736562, 0.0006609037934859833, -0.006232443125450124, -0.7405641737388016], [0.0006350359167827367, -0.9999911804949704, -0.004151585439417078, 0.09130666408616701], [-0.006235131956952521, 0.004147546075951396, -0.9999719601023962, 0.004679173061735297], [0.0, 0.0, 0.0, 1.0]]}, "mean_rme": {"type": "float", "data": 0.001839730756878061}, "max_rme": {"type": "float", "data": 0.004955781774119039}, "simu": {"type": "float", "data": 0.002}}, {"type": "dict", "image_number": {"type": "int", "data": 13}, "Hcamera2end": {"type": "ndarray", "data": [[0.9999526046033943, 0.004237165837251238, -0.008765556032305522, -0.012975386404853637], [0.008734569855641349, 0.007276957713495236, 0.9999353744997089, 0.025455049854337525], [0.004300678588871551, -0.9999645455275422, 0.007239602998202921, 0.035851238621053036], [0.0, 0.0, 0.0, 1.0]]}, "Hobj2base": {"type": "ndarray", "data": [[0.9999819731774898, 0.00037374455389813067, -0.005992798600183706, -0.7409814251352207], [0.0003375697324896269, -0.999981724653124, -0.006036257651922684, 0.09031871028673485], [-0.005994945098133859, 0.006034125849957038, -0.9999638243249094, 0.004934263821358676], [0.0, 0.0, 0.0, 1.0]]}, "mean_rme": {"type": "float", "data": 0.0018932206332722974}, "max_rme": {"type": "float", "data": 0.005315736916034597}, "simu": {"type": "float", "data": 0.002}}, {"type": "dict", "image_number": {"type": "int", "data": 14}, "Hcamera2end": {"type": "ndarray", "data": [[0.9999477955811641, 0.0039039449319828476, -0.009442739345048922, -0.012835454081252863], [0.00941397705542803, 0.0073213681979477085, 0.9999288847731672, 0.02530324706316628], [0.003972801073595817, -0.999965577798395, 0.007284234342160412, 0.03593570425971306], [0.0, 0.0, 0.0, 1.0]]}, "Hobj2base": {"type": "ndarray", "data": [[0.9999833386336617, -0.00012267448418202344, -0.005771256886186714, -0.7409943861979383], [-0.00016463622712989867, -0.9999735530885203, -0.007270902174713721, 0.08994870045740987], [-0.005770212300092894, 0.007271731189508517, -0.999956912359488, 0.0051531891752553405], [0.0, 0.0, 0.0, 1.0]]}, "mean_rme": {"type": "float", "data": 0.0019249980505670935}, "max_rme": {"type": "float", "data": 0.005289224418052747}, "simu": {"type": "float", "data": 0.002}}, {"type": "dict", "image_number": {"type": "int", "data": 15}, "Hcamera2end": {"type": "ndarray", "data": [[0.9999639310452803, 0.002930070623327663, -0.007971906585774497, -0.012778864772441514], [0.007950055811695295, 0.007394911837927176, 0.9999410542084467, 0.025290713954953015], [0.0029888494543774545, -0.9999683644821226, 0.007371350886199224, 0.036207048284683935], [0.0, 0.0, 0.0, 1.0]]}, "Hobj2base": {"type": "ndarray", "data": [[0.9999842082936551, -0.0005079081593621211, -0.005596891334789745, -0.7409576035450256], [-0.0005419882918568031, -0.9999813132557218, -0.006089284691446639, 0.09087718296189745], [-0.005593693949733154, 0.006092221980825193, -0.9999657971247482, 0.005053204905940278], [0.0, 0.0, 0.0, 1.0]]}, "mean_rme": {"type": "float", "data": 0.0019533437597523727}, "max_rme": {"type": "float", "data": 0.005231316372842798}, "simu": {"type": "float", "data": 0.002}}, {"type": "dict", "image_number": {"type": "int", "data": 16}, "Hcamera2end": {"type": "ndarray", "data": [[0.9999733822528446, 0.0010137120966115963, -0.007225453175517006, -0.012844068899022267], [0.0072166699365325245, 0.008415886314029453, 0.9999385443778913, 0.025158822340466735], [0.0010744583907965526, -0.9999640719772557, 0.008408346676483491, 0.0366439573476488], [0.0, 0.0, 0.0, 1.0]]}, "Hobj2base": {"type": "ndarray", "data": [[0.9999824540049239, -0.002432340912717502, -0.005401425735355672, -0.7412462579479395], [-0.002463827480000619, -0.999979968238597, -0.0058303238059839125, 0.09153809677030102], [-0.005387136200156422, 0.005843529688309072, -0.9999684154633797, 0.005157705754643704], [0.0, 0.0, 0.0, 1.0]]}, "mean_rme": {"type": "float", "data": 0.002035439676556027}, "max_rme": {"type": "float", "data": 0.005277115179508407}, "simu": {"type": "float", "data": 0.002}}, {"type": "dict", "image_number": {"type": "int", "data": 17}, "Hcamera2end": {"type": "ndarray", "data": [[0.9999626959196202, 0.0015801173526681753, -0.008491760613509142, -0.012843752977088735], [0.008478862204110763, 0.007998039964451253, 0.9999320678188346, 0.02508275766711992], [0.0016479274526053083, -0.9999667667407144, 0.007984344007625932, 0.03647126942468578], [0.0, 0.0, 0.0, 1.0]]}, "Hobj2base": {"type": "ndarray", "data": [[0.9999830279792499, -0.0019694173770478537, -0.005483169580255324, -0.7410457649401545], [-0.0020107420853111356, -0.9999695419240726, -0.007541361974247775, 0.09069337839876576], [-0.0054681504841412355, 0.0075522592219317815, -0.999956530410661, 0.0052613307955412855], [0.0, 0.0, 0.0, 1.0]]}, "mean_rme": {"type": "float", "data": 0.0020062635805497995}, "max_rme": {"type": "float", "data": 0.005385017588676044}, "simu": {"type": "float", "data": 0.002}}, {"type": "dict", "image_number": {"type": "int", "data": 18}, "Hcamera2end": {"type": "ndarray", "data": [[0.9999539945921994, 0.0044634991533495875, -0.008490340064561244, -0.012563459827683228], [0.008466951559677149, 0.005232987767791353, 0.9999504620581501, 0.02513907696593399], [0.004507707886490319, -0.9999763462274145, 0.005194954790937012, 0.035803790845120934], [0.0, 0.0, 0.0, 1.0]]}, "Hobj2base": {"type": "ndarray", "data": [[0.9999872336938759, 0.0016504517919339722, -0.004775820154916518, -0.7398859982673984], [0.001615035289479148, -0.9999712400848846, -0.0074101730149659945, 0.09015335506646202], [-0.004787912936065348, 0.007402365296342457, -0.999961139683806, 0.0049098855760442706], [0.0, 0.0, 0.0, 1.0]]}, "mean_rme": {"type": "float", "data": 0.001965761404119039}, "max_rme": {"type": "float", "data": 0.006506052981718663}, "simu": {"type": "float", "data": 0.002}}, {"type": "dict", "image_number": {"type": "int", "data": 19}, "Hcamera2end": {"type": "ndarray", "data": [[0.9999696758759506, 0.004502517926512123, -0.006354105827541072, -0.012355170556156562], [0.006331074503795154, 0.005111132127446738, 0.999966896364076, 0.024967971649757902], [0.004534845551234284, -0.9999768015612647, 0.005082471360394636, 0.03567650945741903], [0.0, 0.0, 0.0, 1.0]]}, "Hobj2base": {"type": "ndarray", "data": [[0.9999875851776904, 0.0016182193259783755, -0.004712839558526816, -0.7397268875828754], [0.0015919383606778914, -0.9999831930617216, -0.005574883526958016, 0.09115165232595768], [-0.004721781734386642, 0.005567311765688693, -0.9999733545534881, 0.004860612626600977], [0.0, 0.0, 0.0, 1.0]]}, "mean_rme": {"type": "float", "data": 0.001999515723667122}, "max_rme": {"type": "float", "data": 0.006451876461496947}, "simu": {"type": "float", "data": 0.002}}, {"type": "dict", "image_number": {"type": "int", "data": 20}, "Hcamera2end": {"type": "ndarray", "data": [[0.9999733073453496, 0.00420843039377103, -0.005972747309559309, -0.012437299528535884], [0.005950750357207059, 0.005220155303117813, 0.9999686687835762, 0.024634635053587303], [0.0042394772070697365, -0.9999775192934249, 0.005194972644646079, 0.035339871164923126], [0.0, 0.0, 0.0, 1.0]]}, "Hobj2base": {"type": "ndarray", "data": [[0.9999875594214442, 0.0010191395145995306, -0.004882863605847922, -0.7394535798014318], [0.0009941823842374588, -0.9999864452093721, -0.005110870660710808, 0.09165768206020243], [-0.004888006109898417, 0.005105952621541297, -0.9999750180099982, 0.005112985787669014], [0.0, 0.0, 0.0, 1.0]]}, "mean_rme": {"type": "float", "data": 0.0019899425043218262}, "max_rme": {"type": "float", "data": 0.006415340110205531}, "simu": {"type": "float", "data": 0.002}}, {"type": "dict", "image_number": {"type": "int", "data": 21}, "Hcamera2end": {"type": "ndarray", "data": [[0.9999798344872216, 0.0032593377921642866, -0.005450443657663692, -0.012695413577846091], [0.005436430387784784, 0.004292936281547477, 0.9999760076735449, 0.024665607675968457], [0.003282658000396463, -0.9999854736021114, 0.0042751305492686464, 0.03769717228781577], [0.0, 0.0, 0.0, 1.0]]}, "Hobj2base": {"type": "ndarray", "data": [[0.999993001373535, 0.001005597286492778, -0.00360360625578827, -0.7413326151872768], [0.0009893870410200608, -0.9999893976346867, -0.004497302691498561, 0.0917446079251178], [-0.003608090524421409, 0.004493705855226508, -0.9999833940073475, 0.004684352186994137], [0.0, 0.0, 0.0, 1.0]]}, "mean_rme": {"type": "float", "data": 0.0020110864644045092}, "max_rme": {"type": "float", "data": 0.006587219521391269}, "simu": {"type": "float", "data": 0.002}}, {"type": "dict", "image_number": {"type": "int", "data": 22}, "Hcamera2end": {"type": "ndarray", "data": [[0.9999819816102365, 0.0028536356716953428, -0.005281403063377118, -0.012758831197062347], [0.005270688017741641, 0.0037494383268837916, 0.9999790805612148, 0.025040390952020684], [0.0028733782703041413, -0.9999888991762289, 0.003734330144700815, 0.037670769282034555], [0.0, 0.0, 0.0, 1.0]]}, "Hobj2base": {"type": "ndarray", "data": [[0.9999954017684448, 0.0008552806737420625, -0.0029094564673977936, -0.740960302150807], [0.0008417593839300634, -0.9999888557242504, -0.004645413699891977, 0.09166581342934563], [-0.002913397176171695, 0.004642943276920547, -0.9999849774844722, 0.00416069861949184], [0.0, 0.0, 0.0, 1.0]]}, "mean_rme": {"type": "float", "data": 0.0019767319133707074}, "max_rme": {"type": "float", "data": 0.006683404437294621}, "simu": {"type": "float", "data": 0.002}}, {"type": "dict", "image_number": {"type": "int", "data": 23}, "Hcamera2end": {"type": "ndarray", "data": [[0.999985910541595, 0.002280580603775434, -0.004793502936971297, -0.012830476601243052], [0.0047825228071268645, 0.004795955829675069, 0.9999770628785838, 0.02428803238817227], [0.0023035177221763584, -0.9999858987804726, 0.004784981328503801, 0.037711300543164725], [0.0, 0.0, 0.0, 1.0]]}, "Hobj2base": {"type": "ndarray", "data": [[0.9999928861739875, -0.0003678737146067564, -0.003753967281215949, -0.7415206674753037], [-0.00038298487493624607, -0.9999918244656185, -0.0040254595402416955, 0.09246815191693321], [-0.0037524557297733047, 0.004026868616512618, -0.999984851587834, 0.004951483128249776], [0.0, 0.0, 0.0, 1.0]]}, "mean_rme": {"type": "float", "data": 0.0019863717227230795}, "max_rme": {"type": "float", "data": 0.00670575954553404}, "simu": {"type": "float", "data": 0.002}}, {"type": "dict", "image_number": {"type": "int", "data": 24}, "Hcamera2end": {"type": "ndarray", "data": [[0.9999837600727323, 0.0024916015005591284, -0.005125574383674892, -0.012818533179207735], [0.005119589797735107, 0.0024023765363823113, 0.9999840090657852, 0.024464275008717496], [0.0025038752171582662, -0.9999940102365312, 0.0023895815443398805, 0.03846554177026192], [0.0, 0.0, 0.0, 1.0]]}, "Hobj2base": {"type": "ndarray", "data": [[0.9999977386123446, 0.0010953831712799977, -0.0018228839526822282, -0.7412036327870818], [0.0010874271314084251, -0.9999899046973164, -0.004359817161976146, 0.09189024898080317], [-0.0018276412204660552, 0.004357825049271881, -0.9999888344818704, 0.004374817823228305], [0.0, 0.0, 0.0, 1.0]]}, "mean_rme": {"type": "float", "data": 0.001983423848283481}, "max_rme": {"type": "float", "data": 0.006565391964469924}, "simu": {"type": "float", "data": 0.002}}, {"type": "dict", "image_number": {"type": "int", "data": 25}, "Hcamera2end": {"type": "ndarray", "data": [[0.9999856373937701, 0.0023487400882898466, -0.004817512446577286, -0.012861190544293797], [0.004810371038452527, 0.003036754012538778, 0.9999838190968592, 0.024196852796632546], [0.0023633316838065745, -0.9999926307453796, 0.003025412085539192, 0.03881681415511201], [0.0, 0.0, 0.0, 1.0]]}, "Hobj2base": {"type": "ndarray", "data": [[0.9999971454081231, 0.0006675949431724509, -0.002294230284193066, -0.7418687299649236], [0.0006583857398498222, -0.9999917332132633, -0.004012484685437639, 0.09222544394608702], [-0.0022968900327661372, 0.004010962742928406, -0.9999893181799755, 0.004669477841900524], [0.0, 0.0, 0.0, 1.0]]}, "mean_rme": {"type": "float", "data": 0.001954523936240477}, "max_rme": {"type": "float", "data": 0.006588615177292423}, "simu": {"type": "float", "data": 0.002}}, {"type": "dict", "image_number": {"type": "int", "data": 26}, "Hcamera2end": {"type": "ndarray", "data": [[0.9999864591194177, 0.0022191733460144763, -0.0047071060609974735, -0.012871306410577243], [0.0046985341399378286, 0.0038521821222109454, 0.9999815420645688, 0.02393058240133601], [0.0022372650144716695, -0.9999901179324511, 0.003841703098544147, 0.03920009241833766], [0.0, 0.0, 0.0, 1.0]]}, "Hobj2base": {"type": "ndarray", "data": [[0.999995714279204, 1.144528770409352e-05, -0.0029276769340453937, -0.7426292741464995], [1.4481243935434924e-07, -0.9999925507554344, -0.0038598489113356557, 0.09247781329118328], [-0.002927699302145189, 0.003859831945136868, -0.9999882650682212, 0.005040115085475657], [0.0, 0.0, 0.0, 1.0]]}, "mean_rme": {"type": "float", "data": 0.0019256786733136018}, "max_rme": {"type": "float", "data": 0.006608394617940105}, "simu": {"type": "float", "data": 0.002}}, {"type": "dict", "image_number": {"type": "int", "data": 27}, "Hcamera2end": {"type": "ndarray", "data": [[0.9999811573156032, 0.0026597829247209733, -0.005532681857840526, -0.012797626132034353], [0.005525338286262499, 0.002760431542349173, 0.9999809251453362, 0.024239797835085716], [0.0026750047792624123, -0.9999926527592558, 0.0027456833279817516, 0.038992567582446645], [0.0, 0.0, 0.0, 1.0]]}, "Hobj2base": {"type": "ndarray", "data": [[0.9999972930041053, 0.0010956282267191905, -0.0020527014518237057, -0.7419422260332268], [0.0010862976933035445, -0.999989099106656, -0.004541103960498725, 0.09176907385786066], [-0.0020576544372237007, 0.004538861822896791, -0.9999875823186855, 0.004698646296514381], [0.0, 0.0, 0.0, 1.0]]}, "mean_rme": {"type": "float", "data": 0.0019336673682067394}, "max_rme": {"type": "float", "data": 0.0065250994953715}, "simu": {"type": "float", "data": 0.002}}, {"type": "dict", "image_number": {"type": "int", "data": 28}, "Hcamera2end": {"type": "ndarray", "data": [[0.9999785231768594, 0.0032387143103218986, -0.005697711351352272, -0.012739754659408617], [0.005690474867135031, 0.0022392101547981103, 0.9999813020420276, 0.02446019782027141], [0.003251412126094896, -0.9999922483037049, 0.002220732241292822, 0.03935708298028052], [0.0, 0.0, 0.0, 1.0]]}, "Hobj2base": {"type": "ndarray", "data": [[0.9999965899351794, 0.00180051961018341, -0.0018916255300616047, -0.7420828608682255], [0.0017914242043040793, -0.9999868801605234, -0.004798990116946443, 0.09142835816119901], [-0.0019002413880529394, 0.0047955850483190395, -0.9999866956348524, 0.004456656797548165], [0.0, 0.0, 0.0, 1.0]]}, "mean_rme": {"type": "float", "data": 0.0019315225568598206}, "max_rme": {"type": "float", "data": 0.006419454313649986}, "simu": {"type": "float", "data": 0.002}}, {"type": "dict", "image_number": {"type": "int", "data": 29}, "Hcamera2end": {"type": "ndarray", "data": [[0.9999752631430256, 0.002617962405445937, -0.006528351620451969, -0.012925302346896516], [0.006520653496602764, 0.0029383350391768426, 0.9999744233055037, 0.025090065772196624], [0.002637077930935731, -0.9999922562000374, 0.002921191528290179, 0.040646750654868655], [0.0, 0.0, 0.0, 1.0]]}, "Hobj2base": {"type": "ndarray", "data": [[0.9999968499071645, 0.0012328722549673312, -0.002186367249748104, -0.7435578419958836], [0.0012207399028787548, -0.9999838991529335, -0.005541771285846334, 0.09082253865943715], [-0.0021931643434450797, 0.005539084843008196, -0.9999822541271739, 0.0040485431260360895], [0.0, 0.0, 0.0, 1.0]]}, "mean_rme": {"type": "float", "data": 0.001976479672230503}, "max_rme": {"type": "float", "data": 0.006708500409887824}, "simu": {"type": "float", "data": 0.002}}, {"type": "dict", "image_number": {"type": "int", "data": 30}, "Hcamera2end": {"type": "ndarray", "data": [[0.9999742202508838, 0.00268628195161725, -0.006659033181578957, -0.012929942529963398], [0.0066512255066861455, 0.0029050364956417773, 0.9999736606342279, 0.024959489421134344], [0.002705555931072535, -0.9999921722954811, 0.0028870945374949164, 0.04076652295500177], [0.0, 0.0, 0.0, 1.0]]}, "Hobj2base": {"type": "ndarray", "data": [[0.999996335915755, 0.001317274799652902, -0.0023649402036367614, -0.7436934172221387], [0.0013039000948412303, -0.9999831994251298, -0.005648071531377271, 0.09081369951440164], [-0.0023723405335767268, 0.005644967190611543, -0.9999812529971797, 0.004194443726586017], [0.0, 0.0, 0.0, 1.0]]}, "mean_rme": {"type": "float", "data": 0.0019279816873783635}, "max_rme": {"type": "float", "data": 0.006670692192264738}, "simu": {"type": "float", "data": 0.002}}, {"type": "dict", "image_number": {"type": "int", "data": 31}, "Hcamera2end": {"type": "ndarray", "data": [[0.9999756249670702, 0.0024334698704549483, -0.006544287287938846, -0.012957089185625577], [0.006536959968735058, 0.003006918514828927, 0.9999741129626367, 0.02515248464551697], [0.0024530850137419527, -0.9999925183047293, 0.0029909377259628167, 0.04063512174345433], [0.0, 0.0, 0.0, 1.0]]}, "Hobj2base": {"type": "ndarray", "data": [[0.9999966093973918, 0.0009775485174139062, -0.002413626445071576, -0.7435459955435094], [0.0009647887015050243, -0.9999855842437138, -0.005282091207119832, 0.09083681713733001], [-0.0024187551512493423, 0.0052797446581237485, -0.9999831368177485, 0.0040501859973817], [0.0, 0.0, 0.0, 1.0]]}, "mean_rme": {"type": "float", "data": 0.0018995818895524673}, "max_rme": {"type": "float", "data": 0.0067486531752221635}, "simu": {"type": "float", "data": 0.002}}]}