{"type": "list", "data": [{"type": "dict", "image_number": {"type": "int", "data": 5}, "Hcamera2end": {"type": "ndarray", "data": [[0.9996910244864237, -0.001607378550193413, 0.024804674871506643, -0.011767303934327329], [-0.024780578968991822, 0.013589838332128013, 0.9996005398158148, 0.028759532187619306], [-0.0019438279878464717, -0.9999063619301074, 0.013545807633753792, 0.031534756335095684], [0.0, 0.0, 0.0, 1.0]]}, "Hobj2base": {"type": "ndarray", "data": [[0.9999513436041206, -0.0058101602624084665, -0.007971979806739566, -0.7392889341626525], [-0.005597733685695822, -0.9996353879800781, 0.0264150804561133, 0.1079203149095949], [-0.008122548977873885, -0.026369170173595566, -0.9996192730547258, 0.0004597707539575113], [0.0, 0.0, 0.0, 1.0]]}, "mean_rme": {"type": "float", "data": 0.0014541224315274223}, "max_rme": {"type": "float", "data": 0.005017426315667234}, "simu": {"type": "float", "data": 0.002}}, {"type": "dict", "image_number": {"type": "int", "data": 6}, "Hcamera2end": {"type": "ndarray", "data": [[0.999947116663839, -0.002071378321517838, 0.010073394041933616, -0.01223093656369885], [-0.01006062464508314, 0.006085368084183251, 0.9999308736742909, 0.02742362237352823], [-0.0021325354453475007, -0.9999793386301183, 0.006064206909826453, 0.031304627502895734], [0.0, 0.0, 0.0, 1.0]]}, "Hobj2base": {"type": "ndarray", "data": [[0.9999956367221368, -0.0024559471193659893, -0.001641603007773145, -0.734995960284245], [-0.002436230092518292, -0.9999261435001305, 0.011906818546187406, 0.09865519344734026], [-0.0016707242814301387, -0.011902767270782115, -0.9999277637968016, 0.0013761632059916817], [0.0, 0.0, 0.0, 1.0]]}, "mean_rme": {"type": "float", "data": 0.001323141820959127}, "max_rme": {"type": "float", "data": 0.005025041928033713}, "simu": {"type": "float", "data": 0.002}}, {"type": "dict", "image_number": {"type": "int", "data": 7}, "Hcamera2end": {"type": "ndarray", "data": [[0.999961770496569, -0.0023664085347399077, 0.008417698973817517, -0.012412962033052245], [-0.00838567679734631, 0.013230991538959014, 0.9998773031165106, 0.02745768735846763], [-0.0024774926876877166, -0.9999096664066923, 0.013210641787579802, 0.03144655065832175], [0.0, 0.0, 0.0, 1.0]]}, "Hobj2base": {"type": "ndarray", "data": [[0.9999455995133382, -0.005482666358147396, -0.008873465135785252, -0.739014498587302], [-0.00539231731862439, -0.9999337038117602, 0.010174030431962543, 0.09813630148595807], [-0.008928657673246358, -0.010125628420027826, -0.9999088712083983, 0.0029546743075018317], [0.0, 0.0, 0.0, 1.0]]}, "mean_rme": {"type": "float", "data": 0.0013727705369957696}, "max_rme": {"type": "float", "data": 0.00491179231736219}, "simu": {"type": "float", "data": 0.002}}, {"type": "dict", "image_number": {"type": "int", "data": 8}, "Hcamera2end": {"type": "ndarray", "data": [[0.999959790324389, -0.0023972356663224544, 0.008641238080512979, -0.01250787905209931], [-0.008612615440268983, 0.011703724264398807, 0.9998944172729544, 0.027400491549166257], [-0.0024981172274407787, -0.9999286355033058, 0.011682607192528893, 0.03134723521854544], [0.0, 0.0, 0.0, 1.0]]}, "Hobj2base": {"type": "ndarray", "data": [[0.99996281781213, -0.0048211663451278065, -0.007149779597817712, -0.738061518789965], [-0.004751118410605571, -0.9999408674346868, 0.009782050286854813, 0.09807881039723639], [-0.007196517704638002, -0.00974771711934433, -0.999926593377678, 0.0025100187286480682], [0.0, 0.0, 0.0, 1.0]]}, "mean_rme": {"type": "float", "data": 0.001264723037598258}, "max_rme": {"type": "float", "data": 0.0049436269491990315}, "simu": {"type": "float", "data": 0.002}}, {"type": "dict", "image_number": {"type": "int", "data": 9}, "Hcamera2end": {"type": "ndarray", "data": [[0.999979587040893, -0.0019188440546629442, 0.006094549943931151, -0.012444865680988362], [-0.006075693143138706, 0.009684234883821086, 0.9999346486383724, 0.027157843535720143], [-0.0019777397087594297, -0.9999512656285849, 0.009672378892264799, 0.03132593429696067], [0.0, 0.0, 0.0, 1.0]]}, "Hobj2base": {"type": "ndarray", "data": [[0.9999767080828175, -0.002945499507017552, -0.006156892439041349, -0.7370159468646139], [-0.002902728575040936, -0.9999716752527659, 0.006944268067777239, 0.09638566203395917], [-0.006177172384789499, -0.006926234534844252, -0.9999569339809076, 0.0026774541369984795], [0.0, 0.0, 0.0, 1.0]]}, "mean_rme": {"type": "float", "data": 0.0012631799845910844}, "max_rme": {"type": "float", "data": 0.005204178115530034}, "simu": {"type": "float", "data": 0.002}}, {"type": "dict", "image_number": {"type": "int", "data": 10}, "Hcamera2end": {"type": "ndarray", "data": [[0.9999889173449183, -0.0017745228113917467, 0.004360763250842193, -0.012837976714296548], [-0.004349631064934717, 0.006229574970955332, 0.9999711361360788, 0.027036863855929644], [-0.001801637293408502, -0.999979021512188, 0.006221787411178736, 0.030691728102776705], [0.0, 0.0, 0.0, 1.0]]}, "Hobj2base": {"type": "ndarray", "data": [[0.9999926056703066, -0.0017839926379289986, -0.003406754317312004, -0.7350232015840975], [-0.0017643241458763946, -0.999981810316189, 0.005767685590113938, 0.09481701863625872], [-0.0034169818581588018, -0.0057616323230440135, -0.9999775636622832, 0.0021133487149049167], [0.0, 0.0, 0.0, 1.0]]}, "mean_rme": {"type": "float", "data": 0.001366748464116933}, "max_rme": {"type": "float", "data": 0.004684170227939766}, "simu": {"type": "float", "data": 0.002}}, {"type": "dict", "image_number": {"type": "int", "data": 11}, "Hcamera2end": {"type": "ndarray", "data": [[0.9999889090931179, -0.001533358786708671, 0.004453145134303705, -0.012925992498348096], [-0.004446141487029777, 0.004541030342684604, 0.9999798052307378, 0.026892560691867823], [-0.001553549688057029, -0.9999885138611635, 0.004534162448423862, 0.03054937863447798], [0.0, 0.0, 0.0, 1.0]]}, "Hobj2base": {"type": "ndarray", "data": [[0.999996464559655, -0.001449860027108259, -0.002229074716652425, -0.7338601494611279], [-0.0014368340882278939, -0.9999819487007215, 0.005834190647426581, 0.09467104149555015], [-0.002237493238767833, -0.005830967210455493, -0.9999804965325061, 0.001860912687338446], [0.0, 0.0, 0.0, 1.0]]}, "mean_rme": {"type": "float", "data": 0.0013524406221494046}, "max_rme": {"type": "float", "data": 0.004777536104352664}, "simu": {"type": "float", "data": 0.002}}, {"type": "dict", "image_number": {"type": "int", "data": 12}, "Hcamera2end": {"type": "ndarray", "data": [[0.9999974642815822, -0.002001146326164567, 0.0010328813033955915, -0.012721579062818388], [-0.0010214864304681744, 0.005686851645256841, 0.9999833080026074, 0.027099809367948143], [-0.0020069867657748785, -0.9999818274007516, 0.005684793081184858, 0.031017001075971724], [0.0, 0.0, 0.0, 1.0]]}, "Hobj2base": {"type": "ndarray", "data": [[0.9999901238744365, -0.002902541005544029, -0.003365621681101094, -0.7349095686291904], [-0.0028953382415067117, -0.9999935122623227, 0.0021430001705772233, 0.09345859032328858], [-0.003371819991700494, -0.0021332343928787204, -0.9999920400388038, 0.002462885408859324], [0.0, 0.0, 0.0, 1.0]]}, "mean_rme": {"type": "float", "data": 0.0014839863557653242}, "max_rme": {"type": "float", "data": 0.005506068249927498}, "simu": {"type": "float", "data": 0.002}}, {"type": "dict", "image_number": {"type": "int", "data": 13}, "Hcamera2end": {"type": "ndarray", "data": [[0.9999971588519543, -0.002202468155568159, 0.0009118234714244992, -0.012668678966663592], [-0.0008976094510268804, 0.0064460678444936415, 0.9999788210290346, 0.027243743141959147], [-0.002208299185518044, -0.999976798402527, 0.00644407257402857, 0.031164617340029656], [0.0, 0.0, 0.0, 1.0]]}, "Hobj2base": {"type": "ndarray", "data": [[0.9999865673086208, -0.0037326204693317764, -0.003596212834782434, -0.7354241781950479], [-0.003724200362643487, -0.999990315043428, 0.0023452400741344717, 0.09368466785808047], [-0.0036049318967235153, -0.0023318155541049057, -0.9999907835086492, 0.002528051372323071], [0.0, 0.0, 0.0, 1.0]]}, "mean_rme": {"type": "float", "data": 0.0014833857702832081}, "max_rme": {"type": "float", "data": 0.005484064261266575}, "simu": {"type": "float", "data": 0.002}}, {"type": "dict", "image_number": {"type": "int", "data": 14}, "Hcamera2end": {"type": "ndarray", "data": [[0.9999968124088424, -0.0021591433508110743, 0.0013089202210480335, -0.01275367160308589], [-0.0012953315044421825, 0.006283006463747687, 0.9999794227613238, 0.027313517015619133], [-0.0021673228758123833, -0.9999779307213571, 0.006280189629686905, 0.031149404936599647], [0.0, 0.0, 0.0, 1.0]]}, "Hobj2base": {"type": "ndarray", "data": [[0.9999865022829371, -0.0037968473131668036, -0.003546717132508133, -0.7352736878545708], [-0.0037870025211361844, -0.9999889696262685, 0.002778351615352158, 0.09394779685465006], [-0.0035572269877584242, -0.002764882687225588, -0.9999898507284377, 0.0023648256981475624], [0.0, 0.0, 0.0, 1.0]]}, "mean_rme": {"type": "float", "data": 0.0014850123045727082}, "max_rme": {"type": "float", "data": 0.005615208267539307}, "simu": {"type": "float", "data": 0.002}}, {"type": "dict", "image_number": {"type": "int", "data": 15}, "Hcamera2end": {"type": "ndarray", "data": [[0.9999988348139844, -0.0015219155922900154, 0.00011892688282645397, -0.01278714302746472], [-0.00010942182247003127, 0.00624401827547616, 0.9999804999411942, 0.02728686208346278], [-0.0015226284964762818, -0.999979347791096, 0.006243844469255633, 0.030955317681146708], [0.0, 0.0, 0.0, 1.0]]}, "Hobj2base": {"type": "ndarray", "data": [[0.9999868795915334, -0.0034754348051202243, -0.0037632429769316003, -0.7353331112740011], [-0.00346826674341216, -0.9999921622266552, 0.0019096101841373982, 0.0931819487315622], [-0.0037698502071842692, -0.001896533198807499, -0.999991095655977, 0.0025071096169671367], [0.0, 0.0, 0.0, 1.0]]}, "mean_rme": {"type": "float", "data": 0.0014940569299659917}, "max_rme": {"type": "float", "data": 0.0056145260765491645}, "simu": {"type": "float", "data": 0.002}}, {"type": "dict", "image_number": {"type": "int", "data": 16}, "Hcamera2end": {"type": "ndarray", "data": [[0.9999981270663966, -0.0014886185493559025, 0.0012368825787430968, -0.012545441151297404], [-0.0012276222022868707, 0.006205704471881401, 0.9999799908876857, 0.02716933459301887], [-0.0014962644911702535, -0.9999796364160732, 0.006203865387827023, 0.03091410915216619], [0.0, 0.0, 0.0, 1.0]]}, "Hobj2base": {"type": "ndarray", "data": [[0.9999872202949907, -0.0035762033025489603, -0.0035735160048218704, -0.7353235179754372], [-0.0035673076268623364, -0.9999905305481638, 0.0024926151523662187, 0.09369234690963958], [-0.003582396264124052, -0.0024798354665811536, -0.9999905083814877, 0.002522289683161677], [0.0, 0.0, 0.0, 1.0]]}, "mean_rme": {"type": "float", "data": 0.001579994304069037}, "max_rme": {"type": "float", "data": 0.005501060909050781}, "simu": {"type": "float", "data": 0.002}}, {"type": "dict", "image_number": {"type": "int", "data": 17}, "Hcamera2end": {"type": "ndarray", "data": [[0.9999986384755912, 0.0011007615470243774, -0.0012293782901738833, -0.012487072388091864], [0.0012250037830870036, 0.003965967125983849, 0.9999913851981361, 0.027210719236121814], [0.0011056277380659782, -0.9999915296785129, 0.003964613289163421, 0.03026984915012097], [0.0, 0.0, 0.0, 1.0]]}, "Hobj2base": {"type": "ndarray", "data": [[0.9999949642115453, -0.000853355564172599, -0.0030566870679207573, -0.7344442586539628], [-0.0008540782859348478, -0.9999996076291737, -0.000235142041214429, 0.09190090675845976], [-0.003056485208796687, 0.00023775150714046162, -0.9999953006751525, 0.0023674121243873665], [0.0, 0.0, 0.0, 1.0]]}, "mean_rme": {"type": "float", "data": 0.0016924437000204718}, "max_rme": {"type": "float", "data": 0.007632606096700328}, "simu": {"type": "float", "data": 0.002}}, {"type": "dict", "image_number": {"type": "int", "data": 18}, "Hcamera2end": {"type": "ndarray", "data": [[0.9999993605372366, -0.0004905088754399898, 0.001018982905195313, -0.012389371292450296], [-0.001016213452783409, 0.005613599971663108, 0.9999837272703875, 0.027010622334523116], [-0.0004962210559294167, -0.9999841233221662, 0.005613097920257104, 0.030577672098814082], [0.0, 0.0, 0.0, 1.0]]}, "Hobj2base": {"type": "ndarray", "data": [[0.999988086019682, -0.0029286371805087134, -0.003905240448159518, -0.7350759283175657], [-0.0029233880429244564, -0.9999948167738839, 0.0013491581512290358, 0.09325638908832715], [-0.003909171401139313, -0.001337725544154482, -0.9999914643982344, 0.0025961481693571997], [0.0, 0.0, 0.0, 1.0]]}, "mean_rme": {"type": "float", "data": 0.0018302254728212203}, "max_rme": {"type": "float", "data": 0.008202376684426138}, "simu": {"type": "float", "data": 0.002}}, {"type": "dict", "image_number": {"type": "int", "data": 19}, "Hcamera2end": {"type": "ndarray", "data": [[0.9999995435888818, -0.0006386145789117888, -0.0007106289099646405, -0.012535965590722025], [0.0007143236132042918, 0.005804013987535606, 0.9999829014355236, 0.027042200301509743], [-0.0006344791593858539, -0.99998295265122, 0.005804467515992506, 0.03066635272829199], [0.0, 0.0, 0.0, 1.0]]}, "Hobj2base": {"type": "ndarray", "data": [[0.9999875470529616, -0.0029357282129988194, -0.004035745143149633, -0.7352279120972421], [-0.0029365707772345115, -0.9999956676894297, -0.00020286557566363245, 0.09238527655173723], [-0.0040351321008543686, 0.00021471430064110212, -0.9999918357700215, 0.002750748619717358], [0.0, 0.0, 0.0, 1.0]]}, "mean_rme": {"type": "float", "data": 0.0017756780631232461}, "max_rme": {"type": "float", "data": 0.008283279355982054}, "simu": {"type": "float", "data": 0.002}}, {"type": "dict", "image_number": {"type": "int", "data": 20}, "Hcamera2end": {"type": "ndarray", "data": [[0.9999995699460441, -0.0007924645681760983, -0.00048177550277499334, -0.0126575121291782], [0.00048697725590782963, 0.0065769766190371115, 0.999978252879384, 0.02697739754197961], [-0.0007892787081361741, -0.9999780574484928, 0.006577359702803043, 0.03159774307770303], [0.0, 0.0, 0.0, 1.0]]}, "Hobj2base": {"type": "ndarray", "data": [[0.9999815243440955, -0.0035940771449644113, -0.004902405525366793, -0.7364879126615835], [-0.0035929592815716017, -0.9999935172609347, 0.0002368115411619198, 0.09260201408654427], [-0.004903224863298733, -0.00021919302247897657, -0.9999879550976396, 0.002914839611501055], [0.0, 0.0, 0.0, 1.0]]}, "mean_rme": {"type": "float", "data": 0.0017427883447217354}, "max_rme": {"type": "float", "data": 0.008307391945379883}, "simu": {"type": "float", "data": 0.002}}, {"type": "dict", "image_number": {"type": "int", "data": 21}, "Hcamera2end": {"type": "ndarray", "data": [[0.9999985542372232, -0.0016959962669547898, 0.00012296392100270565, -0.012846757595808441], [-0.00011297240298285794, 0.005890076381031117, 0.9999826469681671, 0.02727412604631114], [-0.0016966911031643978, -0.9999812151220083, 0.0058898762646041325, 0.03201903009845313], [0.0, 0.0, 0.0, 1.0]]}, "Hobj2base": {"type": "ndarray", "data": [[0.999984008283599, -0.003892211377520372, -0.004102909657742712, -0.736481979490198], [-0.0038892741644041516, -0.999992174928793, 0.0007236212108346753, 0.0927774573633123], [-0.004105694038892309, -0.0007076522983587468, -0.9999913212146814, 0.0023573843486048296], [0.0, 0.0, 0.0, 1.0]]}, "mean_rme": {"type": "float", "data": 0.0017531338869953587}, "max_rme": {"type": "float", "data": 0.008469964817176795}, "simu": {"type": "float", "data": 0.002}}, {"type": "dict", "image_number": {"type": "int", "data": 22}, "Hcamera2end": {"type": "ndarray", "data": [[0.9999974838811636, -0.002192576510332162, 0.00047417253014564985, -0.012919968322632548], [-0.00046130772677342637, 0.005864224259972017, 0.9999826988848408, 0.027280569159236306], [-0.0021953192303681536, -0.9999804015489879, 0.005863198052401097, 0.03198179257788874], [0.0, 0.0, 0.0, 1.0]]}, "Hobj2base": {"type": "ndarray", "data": [[0.9999827641488688, -0.004291014113274084, -0.004007318688034789, -0.736388599162659], [-0.004286841191471012, -0.9999902608972235, 0.0010493346947332666, 0.09301689549574127], [-0.004011782370330878, -0.0010321378697374622, -0.999991420110008, 0.0022776926649639884], [0.0, 0.0, 0.0, 1.0]]}, "mean_rme": {"type": "float", "data": 0.0017079710604430832}, "max_rme": {"type": "float", "data": 0.008537987294074068}, "simu": {"type": "float", "data": 0.002}}, {"type": "dict", "image_number": {"type": "int", "data": 23}, "Hcamera2end": {"type": "ndarray", "data": [[0.9999984477288852, -0.0017537259763951638, 0.00017024987396626874, -0.012877501915726569], [-0.00016074253810249536, 0.005419936001801795, 0.9999852991197282, 0.02707313726219297], [-0.0017546229385007675, -0.9999837742378301, 0.005419645690227126, 0.032412025023178095], [0.0, 0.0, 0.0, 1.0]]}, "Hobj2base": {"type": "ndarray", "data": [[0.9999854275249133, -0.0036725759054346105, -0.003956883121246924, -0.736699459966702], [-0.003670070995031077, -0.9999930603843321, 0.0006401266043916837, 0.09282235808339231], [-0.003959206575542536, -0.0006255952341886725, -0.9999919666246804, 0.002439110985483946], [0.0, 0.0, 0.0, 1.0]]}, "mean_rme": {"type": "float", "data": 0.0016872420638750717}, "max_rme": {"type": "float", "data": 0.00842698384480356}, "simu": {"type": "float", "data": 0.002}}, {"type": "dict", "image_number": {"type": "int", "data": 24}, "Hcamera2end": {"type": "ndarray", "data": [[0.9999981614742479, -0.0019145075553115485, 0.00010820787680630858, -0.012911726298956865], [-0.00010039711731055592, 0.004079400541673883, 0.9999916741711602, 0.02697988383122072], [-0.0019149330387205872, -0.9999898465244742, 0.004079200830551355, 0.032878517481017035], [0.0, 0.0, 0.0, 1.0]]}, "Hobj2base": {"type": "ndarray", "data": [[0.9999912762084758, -0.003327019903957809, -0.0025255584535841527, -0.7365534664085157], [-0.003325377136161604, -0.9999942568116493, 0.000654378040143855, 0.09270236712540698], [-0.002527721077590535, -0.0006459738971486663, -0.9999965966661477, 0.0022215532599283556], [0.0, 0.0, 0.0, 1.0]]}, "mean_rme": {"type": "float", "data": 0.0016586708024010411}, "max_rme": {"type": "float", "data": 0.008361469306390923}, "simu": {"type": "float", "data": 0.002}}, {"type": "dict", "image_number": {"type": "int", "data": 25}, "Hcamera2end": {"type": "ndarray", "data": [[0.9999976917311372, -0.0020154215661766298, 0.0007447202884604636, -0.01302532508646707], [-0.0007372957541331543, 0.003682100799294208, 0.9999929492394806, 0.027406680593288126], [-0.0020181494910912123, -0.9999911900659995, 0.003680606338252068, 0.03305596210720795], [0.0, 0.0, 0.0, 1.0]]}, "Hobj2base": {"type": "ndarray", "data": [[0.9999930556903747, -0.003224644401461688, -0.001868218271883093, -0.7364733164365886], [-0.003221992165169888, -0.9999937998353177, 0.0014209353995877322, 0.09280536156616712], [-0.0018727887000032644, -0.0014149061475375252, -0.9999972453477453, 0.0016172060060856363], [0.0, 0.0, 0.0, 1.0]]}, "mean_rme": {"type": "float", "data": 0.0017075652132827008}, "max_rme": {"type": "float", "data": 0.008428310760321661}, "simu": {"type": "float", "data": 0.002}}, {"type": "dict", "image_number": {"type": "int", "data": 26}, "Hcamera2end": {"type": "ndarray", "data": [[0.9999958488214079, -0.0025062305288475885, 0.0014216710196504176, -0.013098863940253875], [-0.0014098827739700737, 0.004699084501661233, 0.9999879653452884, 0.02694931109168763], [-0.0025128809194834463, -0.9999858186061353, 0.004695531503671968, 0.033027787772613545], [0.0, 0.0, 0.0, 1.0]]}, "Hobj2base": {"type": "ndarray", "data": [[0.9999866690167313, -0.00427421453706852, -0.0028970465846165725, -0.7369230884399874], [-0.00426792698623233, -0.999988531261027, 0.0021730498508460414, 0.09354615060708787], [-0.0029063014404077615, -0.00216065649865598, -0.9999934424662156, 0.0021376256836165585], [0.0, 0.0, 0.0, 1.0]]}, "mean_rme": {"type": "float", "data": 0.0017393939280540508}, "max_rme": {"type": "float", "data": 0.008437766557981535}, "simu": {"type": "float", "data": 0.002}}, {"type": "dict", "image_number": {"type": "int", "data": 27}, "Hcamera2end": {"type": "ndarray", "data": [[0.9999954241727177, -0.0026226722928577857, 0.0015077213505000362, -0.013112666979622736], [-0.0014953505570749373, 0.0047124488290613, 0.9999877783016875, 0.026904913623807626], [-0.0026297452990609645, -0.999985457102291, 0.004708505451235245, 0.03287758148238116], [0.0, 0.0, 0.0, 1.0]]}, "Hobj2base": {"type": "ndarray", "data": [[0.999986989224933, -0.004234503974411395, -0.0028443552774523252, -0.7367912797645197], [-0.004227764565921186, -0.9999882515306033, 0.002371245989249585, 0.09362488796180249], [-0.00285436291119718, -0.002359189873046487, -0.9999931433942504, 0.0021693145164444947], [0.0, 0.0, 0.0, 1.0]]}, "mean_rme": {"type": "float", "data": 0.0016947636957461178}, "max_rme": {"type": "float", "data": 0.008459758667085843}, "simu": {"type": "float", "data": 0.002}}, {"type": "dict", "image_number": {"type": "int", "data": 28}, "Hcamera2end": {"type": "ndarray", "data": [[0.9999955842489998, -0.0024957855292900735, 0.0016132380770641735, -0.01304666176405247], [-0.0016015639161348944, 0.004672498295904215, 0.9999878013019443, 0.02709024694079182], [-0.0025032929361219606, -0.999985969308703, 0.004668480503269068, 0.0327199711113784], [0.0, 0.0, 0.0, 1.0]]}, "Hobj2base": {"type": "ndarray", "data": [[0.9999878066252966, -0.004017668895626641, -0.0028713998978585433, -0.7365941783053761], [-0.004011110615677665, -0.9999893422627686, 0.002286121716871456, 0.09352108925858962], [-0.002880554175346436, -0.002274576338720589, -0.9999932643323766, 0.0020093607820241117], [0.0, 0.0, 0.0, 1.0]]}, "mean_rme": {"type": "float", "data": 0.0017093885037559248}, "max_rme": {"type": "float", "data": 0.008492657561951722}, "simu": {"type": "float", "data": 0.002}}, {"type": "dict", "image_number": {"type": "int", "data": 29}, "Hcamera2end": {"type": "ndarray", "data": [[0.9999957786479399, -0.002787944257793654, 0.0008185677222679493, -0.013098272421781241], [-0.0008033088789172009, 0.005469881450627434, 0.999984717429102, 0.02754054675744089], [-0.0027923791192379912, -0.9999811537042743, 0.005467618779955941, 0.03367030538865498], [0.0, 0.0, 0.0, 1.0]]}, "Hobj2base": {"type": "ndarray", "data": [[0.9999843720694945, -0.004650660656854404, -0.0031027362494321273, -0.7377845456089048], [-0.00464595760585415, -0.9999880503440404, 0.0015212649508564572, 0.09296346590535529], [-0.0031097740598570113, -0.0015068259955565162, -0.9999940293725342, 0.001793187820934595], [0.0, 0.0, 0.0, 1.0]]}, "mean_rme": {"type": "float", "data": 0.0017506285276833256}, "max_rme": {"type": "float", "data": 0.008659074533319489}, "simu": {"type": "float", "data": 0.002}}, {"type": "dict", "image_number": {"type": "int", "data": 30}, "Hcamera2end": {"type": "ndarray", "data": [[0.9999977653396376, -0.0014162097224774083, 0.0015696068785027782, -0.012951903259648805], [-0.0015643655840061803, 0.0036944794715669804, 0.9999919517584898, 0.026227765815864106], [-0.0014219972048705913, -0.9999921725550937, 0.0036922557459105887, 0.03276098369225846], [0.0, 0.0, 0.0, 1.0]]}, "Hobj2base": {"type": "ndarray", "data": [[0.999992401976147, -0.003111319088767816, -0.0023485492338715048, -0.7364201139121614], [-0.0031056564284327455, -0.9999922711045584, 0.0024109395047413576, 0.09376237236131814], [-0.0023560322842830035, -0.0024036273993398283, -0.9999943358275587, 0.0026187003562601987], [0.0, 0.0, 0.0, 1.0]]}, "mean_rme": {"type": "float", "data": 0.0018750825374709284}, "max_rme": {"type": "float", "data": 0.01018741865910891}, "simu": {"type": "float", "data": 0.002}}, {"type": "dict", "image_number": {"type": "int", "data": 31}, "Hcamera2end": {"type": "ndarray", "data": [[0.9999978489327973, -0.0006626704786652513, 0.001965450995336896, -0.012861833658814416], [-0.0019634992441823216, 0.0029331789337950775, 0.9999937705466272, 0.025741000785341393], [-0.0006684313700453319, -0.9999954786543682, 0.0029318714713461036, 0.032495823311928726], [0.0, 0.0, 0.0, 1.0]]}, "Hobj2base": {"type": "ndarray", "data": [[0.9999954869355716, -0.00224872463901437, -0.001992321757906142, -0.7359621979272367], [-0.002243091409606371, -0.9999934933525818, 0.002825206793705657, 0.0940437254858438], [-0.0019986619066982374, -0.002820725083545042, -0.9999940244124388, 0.0028955232291970434], [0.0, 0.0, 0.0, 1.0]]}, "mean_rme": {"type": "float", "data": 0.0018956407403680862}, "max_rme": {"type": "float", "data": 0.009899619410207755}, "simu": {"type": "float", "data": 0.002}}]}