{"type": "list", "data": [{"type": "dict", "image_number": {"type": "int", "data": 5}, "Hcamera2end": {"type": "ndarray", "data": [[0.9998630946915976, 0.0016836024013840208, 0.016460782384058244, -0.02258944214185256], [-0.01647209560772167, 0.006942340174734385, 0.9998402242254452, 0.030146841913562903], [0.00156905705165389, -0.9999744843724026, 0.006969122191232691, 0.028993754807841294], [0.0, 0.0, 0.0, 1.0]]}, "Hobj2base": {"type": "ndarray", "data": [[0.9999893553207095, 0.0006961408041985845, -0.004561209626004172, -0.7346059144552202], [0.0007729074947264518, -0.9998577257842214, 0.016850246396104458, 0.09117818435656573], [-0.004548830539404502, -0.01685359242374056, -0.9998476206718394, 0.0021830293575556105], [0.0, 0.0, 0.0, 1.0]]}, "mean_rme": {"type": "float", "data": 0.002278929933313435}, "max_rme": {"type": "float", "data": 0.005932222549353508}, "simu": {"type": "float", "data": 0.002}}, {"type": "dict", "image_number": {"type": "int", "data": 6}, "Hcamera2end": {"type": "ndarray", "data": [[0.999959446883889, 0.0014807634596145855, 0.008883238556035827, -0.023108920224013278], [-0.008893848979750865, 0.007319935437850811, 0.9999336567970453, 0.029427335895719133], [0.001415640488314647, -0.9999721125535265, 0.007332808278243563, 0.028878046526188753], [0.0, 0.0, 0.0, 1.0]]}, "Hobj2base": {"type": "ndarray", "data": [[0.9999783353467041, 0.002040625034089505, -0.0062581695969976875, -0.7347590968777583], [0.0021046942147080667, -0.9999452703533922, 0.010248246686355336, 0.0867091619192401], [-0.00623691426084353, -0.010261196194989448, -0.9999279017774987, 0.0034169247509966785], [0.0, 0.0, 0.0, 1.0]]}, "mean_rme": {"type": "float", "data": 0.0020115227616258244}, "max_rme": {"type": "float", "data": 0.005834249680770252}, "simu": {"type": "float", "data": 0.002}}, {"type": "dict", "image_number": {"type": "int", "data": 7}, "Hcamera2end": {"type": "ndarray", "data": [[0.9999946228490021, 0.0018295236355017437, 0.0027216017984364317, -0.022968218675858985], [-0.0027234794023646034, 0.0010245734906628723, 0.9999957664455918, 0.02871298522406603], [0.0018267274090590744, -0.9999978015437978, 0.0010295506513139374, 0.028945159409686318], [0.0, 0.0, 0.0, 1.0]]}, "Hobj2base": {"type": "ndarray", "data": [[0.9999859320412414, 0.005173562096186141, -0.0011704592460383115, -0.7315810443044543], [0.005177670823726956, -0.9999803475936855, 0.0035349895689335666, 0.08309315863182985], [-0.001152147755653386, -0.003541000091534673, -0.9999930669129165, 0.003323509219711101], [0.0, 0.0, 0.0, 1.0]]}, "mean_rme": {"type": "float", "data": 0.002059934915544187}, "max_rme": {"type": "float", "data": 0.005702467097251342}, "simu": {"type": "float", "data": 0.002}}, {"type": "dict", "image_number": {"type": "int", "data": 8}, "Hcamera2end": {"type": "ndarray", "data": [[0.9999854266957529, 0.0017685904602855644, 0.005100831686781395, -0.022313601273699777], [-0.005123504521080625, 0.013061385742584308, 0.9999015701077312, 0.02928028091626156], [0.0017017924478480416, -0.9999131323721413, 0.013070256776255285, 0.029915229183072194], [0.0, 0.0, 0.0, 1.0]]}, "Hobj2base": {"type": "ndarray", "data": [[0.9999240036613433, -0.00010883198452494893, -0.012327816411232038, -0.7380725698218009], [-3.602697704991257e-05, -0.9999825598523342, 0.005905818590968777, 0.08581267477688867], [-0.012328244154250932, -0.005904925636420169, -0.9999065687599524, 0.005549777304319173], [0.0, 0.0, 0.0, 1.0]]}, "mean_rme": {"type": "float", "data": 0.0020808162287589403}, "max_rme": {"type": "float", "data": 0.0062192669724640826}, "simu": {"type": "float", "data": 0.002}}, {"type": "dict", "image_number": {"type": "int", "data": 9}, "Hcamera2end": {"type": "ndarray", "data": [[0.9999872416245907, 0.0014597449290521406, 0.0048358797322261195, -0.02264895142347926], [-0.00484778070843114, 0.008262417645894526, 0.9999541146856927, 0.02919085166241373], [0.0014197218901642948, -0.9999648001801797, 0.008269388754174711, 0.029412190923453832], [0.0, 0.0, 0.0, 1.0]]}, "Hobj2base": {"type": "ndarray", "data": [[0.9999626243534568, 0.0021579056506562553, -0.008372176500179261, -0.7356127035523747], [0.002208996217983558, -0.9999789672473198, 0.0060979831660512036, 0.08499121929870018], [-0.008358841537929904, -0.0061162493562129504, -0.9999463591923106, 0.004569480280306977], [0.0, 0.0, 0.0, 1.0]]}, "mean_rme": {"type": "float", "data": 0.002031718271240681}, "max_rme": {"type": "float", "data": 0.005997151182845772}, "simu": {"type": "float", "data": 0.002}}, {"type": "dict", "image_number": {"type": "int", "data": 10}, "Hcamera2end": {"type": "ndarray", "data": [[0.9999955544333057, 0.002826291523798585, 0.000950363008561218, -0.022537759456506955], [-0.0009740004390133141, 0.00837382550343213, 0.9999644645534074, 0.028915018709733994], [0.002818232916268478, -0.9999609447986759, 0.008376541086217326, 0.02928454562959643], [0.0, 0.0, 0.0, 1.0]]}, "Hobj2base": {"type": "ndarray", "data": [[0.9999539669145115, 0.0025612626346681678, -0.009246836521107374, -0.73579569992981], [0.0025772110624824006, -0.999995211383429, 0.001713240599161151, 0.08295437619111384], [-0.009242404182421952, -0.0017369927827853516, -0.9999557794327714, 0.005190451641505967], [0.0, 0.0, 0.0, 1.0]]}, "mean_rme": {"type": "float", "data": 0.0020618805131331114}, "max_rme": {"type": "float", "data": 0.006136363925807839}, "simu": {"type": "float", "data": 0.002}}, {"type": "dict", "image_number": {"type": "int", "data": 11}, "Hcamera2end": {"type": "ndarray", "data": [[0.9999691897205802, 0.004451628633913981, 0.006465493954211945, -0.022068405017793842], [-0.006478013130254583, 0.0028036166178960764, 0.9999750872295488, 0.02915472610997523], [0.004433390965218756, -0.9999861612724275, 0.002832367946426273, 0.02909612214814737], [0.0, 0.0, 0.0, 1.0]]}, "Hobj2base": {"type": "ndarray", "data": [[0.9999729361425709, 0.005821023612270351, -0.004499185094140931, -0.7328827728542102], [0.005855714829105103, -0.9999529295563689, 0.00773623134834196, 0.08555034184522124], [-0.004453940530153889, -0.00776236792095436, -0.9999599532271346, 0.0036757893640558814], [0.0, 0.0, 0.0, 1.0]]}, "mean_rme": {"type": "float", "data": 0.0022522109612572168}, "max_rme": {"type": "float", "data": 0.006695841216848977}, "simu": {"type": "float", "data": 0.002}}, {"type": "dict", "image_number": {"type": "int", "data": 12}, "Hcamera2end": {"type": "ndarray", "data": [[0.9999766202606063, 0.0035752185670839833, 0.00582895740015154, -0.022110400305437976], [-0.005850694750910419, 0.006099984657200186, 0.9999642791410669, 0.02947263075569896], [0.003539534306497496, -0.999975003687282, 0.006120759553652322, 0.029325412894457236], [0.0, 0.0, 0.0, 1.0]]}, "Hobj2base": {"type": "ndarray", "data": [[0.9999729644035598, 0.003098630134345782, -0.006668504573555739, -0.734781094584633], [0.003145338205924593, -0.9999705163801491, 0.007005227904108385, 0.08581727290110704], [-0.006646601351620288, -0.007026013215805385, -0.9999532278205638, 0.00404002466318656], [0.0, 0.0, 0.0, 1.0]]}, "mean_rme": {"type": "float", "data": 0.0023166098266586958}, "max_rme": {"type": "float", "data": 0.006541508007750885}, "simu": {"type": "float", "data": 0.002}}, {"type": "dict", "image_number": {"type": "int", "data": 13}, "Hcamera2end": {"type": "ndarray", "data": [[0.9999858670467595, 0.00432577696224311, 0.003090851082381508, -0.022029313322640586], [-0.0031035009637854975, 0.002920651690957121, 0.9999909189965017, 0.02920152240976449], [0.004316710380407127, -0.9999863786309158, 0.0029340354664948443, 0.029301748791107498], [0.0, 0.0, 0.0, 1.0]]}, "Hobj2base": {"type": "ndarray", "data": [[0.9999782990176194, 0.005186023855853947, -0.004062837726904763, -0.7332414190777612], [0.005207355356756223, -0.9999726205453188, 0.005257528879165288, 0.08416099391575607], [-0.004035460818433151, -0.005278571425424544, -0.9999779256262051, 0.003989092387226607], [0.0, 0.0, 0.0, 1.0]]}, "mean_rme": {"type": "float", "data": 0.0024022883807044678}, "max_rme": {"type": "float", "data": 0.006327374505604971}, "simu": {"type": "float", "data": 0.002}}, {"type": "dict", "image_number": {"type": "int", "data": 14}, "Hcamera2end": {"type": "ndarray", "data": [[0.9999649688141407, 0.0043462709043510335, 0.007153395960018388, -0.021496829674270353], [-0.007159471837075334, 0.0013840049326904191, 0.9999734128932428, 0.029490573302195032], [0.004336255014288354, -0.9999895971756766, 0.0014150734534923437, 0.02936152446815953], [0.0, 0.0, 0.0, 1.0]]}, "Hobj2base": {"type": "ndarray", "data": [[0.9999825075888852, 0.005199555703098464, -0.0028194213476572688, -0.732611030259202], [0.005225375111160657, -0.9999437589499724, 0.009228997342508368, 0.0864459912510153], [-0.0027712760946740854, -0.009243568439230597, -0.9999534371516092, 0.003434312333065792], [0.0, 0.0, 0.0, 1.0]]}, "mean_rme": {"type": "float", "data": 0.002391245238672175}, "max_rme": {"type": "float", "data": 0.006441145874251035}, "simu": {"type": "float", "data": 0.002}}, {"type": "dict", "image_number": {"type": "int", "data": 15}, "Hcamera2end": {"type": "ndarray", "data": [[0.9999573288018759, 0.003564068881380212, 0.008522792290422054, -0.021506518829169062], [-0.00852784879783894, 0.0014059633223466594, 0.9999626488334541, 0.02957267142412665], [0.0035519530258855277, -0.9999926603131373, 0.0014362971687327253, 0.029640380934891422], [0.0, 0.0, 0.0, 1.0]]}, "Hobj2base": {"type": "ndarray", "data": [[0.999988770544314, 0.004229252572354263, -0.0021382721881236804, -0.732434642522524], [0.004252249134444649, -0.9999319101262243, 0.01086708280173288, 0.08740570234526515], [-0.002092166955547077, -0.010876053236369277, -0.9999386652707407, 0.0032499045169141335], [0.0, 0.0, 0.0, 1.0]]}, "mean_rme": {"type": "float", "data": 0.0024209700715828644}, "max_rme": {"type": "float", "data": 0.006607173470582456}, "simu": {"type": "float", "data": 0.002}}, {"type": "dict", "image_number": {"type": "int", "data": 16}, "Hcamera2end": {"type": "ndarray", "data": [[0.9999708428478609, 0.0038892210573611375, 0.006571713148468444, -0.021634222839813172], [-0.006577659529991438, 0.001518127884340137, 0.9999772145818294, 0.029481123184756118], [0.003879155738854412, -0.9999912845856677, 0.0015436655920066933, 0.029557124529048313], [0.0, 0.0, 0.0, 1.0]]}, "Hobj2base": {"type": "ndarray", "data": [[0.9999876653668847, 0.004294931719461493, -0.0024945291364751295, -0.7325210350256094], [0.004316189759432266, -0.9999538765449372, 0.008579935239416333, 0.08635325816790566], [-0.0024575638441619065, -0.008590596270176462, -0.9999600802210429, 0.003412015836831827], [0.0, 0.0, 0.0, 1.0]]}, "mean_rme": {"type": "float", "data": 0.0023524978794881666}, "max_rme": {"type": "float", "data": 0.006517600884465069}, "simu": {"type": "float", "data": 0.002}}, {"type": "dict", "image_number": {"type": "int", "data": 17}, "Hcamera2end": {"type": "ndarray", "data": [[0.999957310445024, 0.006838242476331181, 0.006214155404296344, -0.02130080422621099], [-0.006203254434985985, -0.0016141757235332843, 0.999979456824563, 0.029493178781580705], [0.006848132735912189, -0.9999753161336375, -0.001571687457121218, 0.028738794538417725], [0.0, 0.0, 0.0, 1.0]]}, "Hobj2base": {"type": "ndarray", "data": [[0.9999659539482667, 0.008065944615573185, -0.0017411151000053624, -0.731407708863968], [0.008079388825588469, -0.9999364867651508, 0.007857856703419236, 0.08552154012215923], [-0.001677623479186227, -0.007871656320306446, -0.9999676107785873, 0.00304786183308826], [0.0, 0.0, 0.0, 1.0]]}, "mean_rme": {"type": "float", "data": 0.002475739433459246}, "max_rme": {"type": "float", "data": 0.008527525051536117}, "simu": {"type": "float", "data": 0.002}}, {"type": "dict", "image_number": {"type": "int", "data": 18}, "Hcamera2end": {"type": "ndarray", "data": [[0.999978059306968, 0.005444730385380885, 0.0037730379935166525, -0.021611720831533655], [-0.0037749565733740387, 0.00034213982162856205, 0.999992816295803, 0.02935768199724489], [0.005443400365502265, -0.9999851188149617, 0.00036268593560229156, 0.02914326751194716], [0.0, 0.0, 0.0, 1.0]]}, "Hobj2base": {"type": "ndarray", "data": [[0.9999777821409055, 0.006151716280805415, -0.002567413359051144, -0.7322283285806617], [0.006166041438710371, -0.9999652561378747, 0.005609496420442678, 0.08455756764396741], [-0.0025328161267386216, -0.0056252025666038265, -0.9999809707882212, 0.003551100663308977], [0.0, 0.0, 0.0, 1.0]]}, "mean_rme": {"type": "float", "data": 0.002448721758080896}, "max_rme": {"type": "float", "data": 0.009099472526881563}, "simu": {"type": "float", "data": 0.002}}, {"type": "dict", "image_number": {"type": "int", "data": 19}, "Hcamera2end": {"type": "ndarray", "data": [[0.9999901678430506, 0.0033987384932178417, 0.002848296663291372, -0.021862554827234818], [-0.0028587591984462167, 0.003077481344861299, 0.9999911782632971, 0.02920137962171467], [0.003389942930595823, -0.9999894887873706, 0.003087167261512369, 0.02962208670600658], [0.0, 0.0, 0.0, 1.0]]}, "Hobj2base": {"type": "ndarray", "data": [[0.9999872956675312, 0.0033410940538814715, -0.0037743335915965933, -0.7333266716686451], [0.003358038128969788, -0.9999842730482369, 0.004491907847852156, 0.08441144371362048], [-0.003759266346233218, -0.004504525137273471, -0.999982788436794, 0.004089351005999845], [0.0, 0.0, 0.0, 1.0]]}, "mean_rme": {"type": "float", "data": 0.0024297791047856133}, "max_rme": {"type": "float", "data": 0.0098589175828879}, "simu": {"type": "float", "data": 0.002}}, {"type": "dict", "image_number": {"type": "int", "data": 20}, "Hcamera2end": {"type": "ndarray", "data": [[0.9999906841372772, 0.0036574504584354225, 0.0022923121088604353, -0.021690773491220772], [-0.0023030415091661927, 0.002932063845607402, 0.999993049476551, 0.029170726006262197], [0.0036507038317830118, -0.9999890129685169, 0.0029404597911266706, 0.029454910494541218], [0.0, 0.0, 0.0, 1.0]]}, "Hobj2base": {"type": "ndarray", "data": [[0.9999877055871215, 0.003440570577267577, -0.00357087506183421, -0.7330950511235506], [0.0034542035389682696, -0.9999867429101923, 0.0038187015824477995, 0.08407065387443857], [-0.003557689210114889, -0.0038309891630296865, -0.9999863330913659, 0.004190382342853261], [0.0, 0.0, 0.0, 1.0]]}, "mean_rme": {"type": "float", "data": 0.0024348189839439468}, "max_rme": {"type": "float", "data": 0.009809677870745825}, "simu": {"type": "float", "data": 0.002}}, {"type": "dict", "image_number": {"type": "int", "data": 21}, "Hcamera2end": {"type": "ndarray", "data": [[0.9999916621406247, 0.0033441921487624973, 0.002343507649413365, -0.02169555572602052], [-0.0023499952216451646, 0.0019373430007796344, 0.9999953621015227, 0.030142958190810306], [0.003339636460596959, -0.9999925315125955, 0.0019451856830560166, 0.028620216953177322], [0.0, 0.0, 0.0, 1.0]]}, "Hobj2base": {"type": "ndarray", "data": [[0.9999899922719979, 0.0038066081845936936, -0.002350550994685387, -0.7316530226231501], [0.0038155488036260804, -0.9999854590937443, 0.0038109301226811917, 0.08366867583252297], [-0.002336010097747812, -0.0038198606259647228, -0.9999899758105681, 0.003115947343322035], [0.0, 0.0, 0.0, 1.0]]}, "mean_rme": {"type": "float", "data": 0.002445544305465943}, "max_rme": {"type": "float", "data": 0.009985539742586785}, "simu": {"type": "float", "data": 0.002}}, {"type": "dict", "image_number": {"type": "int", "data": 22}, "Hcamera2end": {"type": "ndarray", "data": [[0.9999924842171705, 0.0018120420023242491, 0.003427537447479886, -0.021904259134335698], [-0.0034320940209158508, 0.0025175063435219913, 0.9999909414051918, 0.02954069023523276], [0.001803396740503285, -0.9999951893212248, 0.0025237065210128584, 0.028477270448596288], [0.0, 0.0, 0.0, 1.0]]}, "Hobj2base": {"type": "ndarray", "data": [[0.9999961270228216, 0.001844840255607205, -0.002083867507339635, -0.7316614812149139], [0.0018554899227868353, -0.9999851701926887, 0.005120210136889748, 0.08479854057984772], [-0.002074390634208336, -0.005124056901593031, -0.9999847203554493, 0.0035291486054757374], [0.0, 0.0, 0.0, 1.0]]}, "mean_rme": {"type": "float", "data": 0.002489277183528358}, "max_rme": {"type": "float", "data": 0.010059390737321261}, "simu": {"type": "float", "data": 0.002}}, {"type": "dict", "image_number": {"type": "int", "data": 23}, "Hcamera2end": {"type": "ndarray", "data": [[0.9999919136893825, 0.0032982366199843173, 0.002300910916406827, -0.02172696176708173], [-0.002304680067437941, 0.0011394328134237686, 0.9999966950658641, 0.03000008568812864], [0.0032956039861306036, -0.9999939116454972, 0.0011470249798118948, 0.02901112477556135], [0.0, 0.0, 0.0, 1.0]]}, "Hobj2base": {"type": "ndarray", "data": [[0.9999915064918274, 0.00392255624882417, -0.001265107378970198, -0.7317117067064672], [0.003927315406714722, -0.9999851378302751, 0.003781575367670481, 0.08368295955800222], [-0.0012502551346407563, -0.0037865117245297684, -0.9999920495639243, 0.003019999112675765], [0.0, 0.0, 0.0, 1.0]]}, "mean_rme": {"type": "float", "data": 0.002529513551387288}, "max_rme": {"type": "float", "data": 0.009894998958153184}, "simu": {"type": "float", "data": 0.002}}, {"type": "dict", "image_number": {"type": "int", "data": 24}, "Hcamera2end": {"type": "ndarray", "data": [[0.9999940656081625, 0.0020094345143131854, 0.0027983783501827945, -0.021846908917643404], [-0.002797199383147243, -0.0005892867322279116, 0.9999959142000322, 0.030095520528397292], [0.002011075351399228, -0.9999978074546364, -0.0005836624461856843, 0.02945832582626039], [0.0, 0.0, 0.0, 1.0]]}, "Hobj2base": {"type": "ndarray", "data": [[0.9999930152249572, 0.003607769405585527, 0.0009764738678302887, -0.731256274339469], [0.0036034961877161454, -0.9999840759616827, 0.004343113892834203, 0.08386314395615813], [0.0009921272718505416, -0.0043395648373005455, -0.9999900918811648, 0.0024615314801892524], [0.0, 0.0, 0.0, 1.0]]}, "mean_rme": {"type": "float", "data": 0.0024936167634264073}, "max_rme": {"type": "float", "data": 0.009990124673723372}, "simu": {"type": "float", "data": 0.002}}, {"type": "dict", "image_number": {"type": "int", "data": 25}, "Hcamera2end": {"type": "ndarray", "data": [[0.9999932444405241, 0.0019527784901566029, 0.0031141177695512973, -0.0218989151475729], [-0.00311319108660326, -0.00047740613280833344, 0.9999950400500208, 0.03013272442126767], [0.001954255503394442, -0.9999979793677349, -0.0004713235350730649, 0.029579094212325144], [0.0, 0.0, 0.0, 1.0]]}, "Hobj2base": {"type": "ndarray", "data": [[0.9999940466023677, 0.003291957977690512, 0.0010342980686588298, -0.7313966094400469], [0.0032869870330680547, -0.9999832136490059, 0.004771596845003567, 0.08404502902861843], [0.001049988602868649, -0.004768168713450198, -0.9999880809744954, 0.002388712780268063], [0.0, 0.0, 0.0, 1.0]]}, "mean_rme": {"type": "float", "data": 0.0024354277353034796}, "max_rme": {"type": "float", "data": 0.009983374003901452}, "simu": {"type": "float", "data": 0.002}}, {"type": "dict", "image_number": {"type": "int", "data": 26}, "Hcamera2end": {"type": "ndarray", "data": [[0.9999918637380263, 0.002206754360794532, 0.0033767873696557292, -0.021909353251033773], [-0.0033761553509635074, -0.0002900643799188529, 0.9999942587023696, 0.030296564350612686], [0.002207721176895447, -0.9999975230458555, -0.0002826116743357421, 0.029995747372114013], [0.0, 0.0, 0.0, 1.0]]}, "Hobj2base": {"type": "ndarray", "data": [[0.9999935984326402, 0.0034600877485479, 0.0009115297646055123, -0.7318931487350037], [0.0034555730358237125, -0.9999819813459765, 0.004908767499927292, 0.0840155115853995], [0.0009284981063530206, -0.004905586218445565, -0.9999875364798898, 0.0022279551547913735], [0.0, 0.0, 0.0, 1.0]]}, "mean_rme": {"type": "float", "data": 0.0023884712970194616}, "max_rme": {"type": "float", "data": 0.009998017441578522}, "simu": {"type": "float", "data": 0.002}}, {"type": "dict", "image_number": {"type": "int", "data": 27}, "Hcamera2end": {"type": "ndarray", "data": [[0.999992056607917, 0.00238935905554953, 0.0031902483245207823, -0.02188589306888075], [-0.0031884916060563534, -0.0007386745386923632, 0.9999946439262583, 0.03043315745550154], [0.002391702813175662, -0.9999968726567247, -0.0007310502198185631, 0.029962264549145943], [0.0, 0.0, 0.0, 1.0]]}, "Hobj2base": {"type": "ndarray", "data": [[0.999991578978021, 0.0038963892904577664, 0.0012884578151459547, -0.7316743731838293], [0.0038901689594095894, -0.9999809346826445, 0.0047955037995737896, 0.08380623925912746], [0.0013071183999358185, -0.004790451097932903, -0.9999876714338867, 0.00205321580073352], [0.0, 0.0, 0.0, 1.0]]}, "mean_rme": {"type": "float", "data": 0.0023254255681342236}, "max_rme": {"type": "float", "data": 0.009980680225472632}, "simu": {"type": "float", "data": 0.002}}, {"type": "dict", "image_number": {"type": "int", "data": 28}, "Hcamera2end": {"type": "ndarray", "data": [[0.9999925528279733, 0.0023265403000442258, 0.0030792042519639114, -0.02191515551749481], [-0.003077690387624011, -0.0006539936173575178, 0.9999950500448622, 0.030451958706514806], [0.0023285425637014387, -0.9999970797470266, -0.0006468283762366411, 0.03011204078243568], [0.0, 0.0, 0.0, 1.0]]}, "Hobj2base": {"type": "ndarray", "data": [[0.9999921744853195, 0.0037945843961901937, 0.0011189715735494407, -0.7318495070195981], [0.0037892890475715035, -0.9999817891968026, 0.004697080292606162, 0.08376218576210928], [0.0011367746637643073, -0.004692803428807182, -0.9999883426017238, 0.002065265332133623], [0.0, 0.0, 0.0, 1.0]]}, "mean_rme": {"type": "float", "data": 0.0022561492761265464}, "max_rme": {"type": "float", "data": 0.009995119094924065}, "simu": {"type": "float", "data": 0.002}}, {"type": "dict", "image_number": {"type": "int", "data": 29}, "Hcamera2end": {"type": "ndarray", "data": [[0.9999914621479176, 0.002022372652806449, 0.003603559368607732, -0.02191452587153114], [-0.003602079111515158, -0.000735106526412066, 0.9999932422994013, 0.030877608860708], [0.002025007986227739, -0.999997684810944, -0.0007278155038927814, 0.02959323474859238], [0.0, 0.0, 0.0, 1.0]]}, "Hobj2base": {"type": "ndarray", "data": [[0.9999929148295154, 0.0034347483428139795, 0.0015403878054583828, -0.731171488511983], [0.003426577298674661, -0.9999802101006094, 0.005276170501170345, 0.08387343667775612], [0.0015584796392239888, -0.005270854860717499, -0.9999848945010377, 0.001612568679946555], [0.0, 0.0, 0.0, 1.0]]}, "mean_rme": {"type": "float", "data": 0.002257162761811773}, "max_rme": {"type": "float", "data": 0.010095359121726488}, "simu": {"type": "float", "data": 0.002}}, {"type": "dict", "image_number": {"type": "int", "data": 30}, "Hcamera2end": {"type": "ndarray", "data": [[0.9999921518334342, 0.002289102039574042, 0.0032336176939153777, -0.021922710733138853], [-0.0032301276886348633, -0.0015266764142463085, 0.9999936177467541, 0.030392374742298847], [0.0022940241178111094, -0.9999962146283248, -0.0015192703407553854, 0.029511789968819375], [0.0, 0.0, 0.0, 1.0]]}, "Hobj2base": {"type": "ndarray", "data": [[0.9999901999554677, 0.003993247867689981, 0.001911534590580872, -0.7308864862103983], [0.003983793698132603, -0.9999799397778828, 0.004924370984555408, 0.0839286502146837], [0.0019311604787061898, -0.004916707566044746, -0.9999860482056318, 0.0019333928019795868], [0.0, 0.0, 0.0, 1.0]]}, "mean_rme": {"type": "float", "data": 0.002264764601740662}, "max_rme": {"type": "float", "data": 0.00990639601027471}, "simu": {"type": "float", "data": 0.002}}, {"type": "dict", "image_number": {"type": "int", "data": 31}, "Hcamera2end": {"type": "ndarray", "data": [[0.9999896387897877, 0.0022636466821150817, 0.003949457781554723, -0.021887977664002387], [-0.003947015146744233, -0.0010825241773020355, 0.9999916245713447, 0.030605262722268475], [0.0022679031066395604, -0.9999968520175972, -0.0010735783133002386, 0.02936602092625316], [0.0, 0.0, 0.0, 1.0]]}, "Hobj2base": {"type": "ndarray", "data": [[0.9999927017706594, 0.003448330218041698, 0.0016448173529000738, -0.7308501364389631], [0.00343932599704584, -0.9999792554720255, 0.005446068517755535, 0.08418496921231675], [0.0016635630745797851, -0.0054403717080162665, -0.9999838173258484, 0.001760984275998813], [0.0, 0.0, 0.0, 1.0]]}, "mean_rme": {"type": "float", "data": 0.002246903397749622}, "max_rme": {"type": "float", "data": 0.009948255828335972}, "simu": {"type": "float", "data": 0.002}}]}