{"type": "list", "data": [{"type": "dict", "image_number": {"type": "int", "data": 5}, "Hcamera2end": {"type": "ndarray", "data": [[0.9998858235382267, 0.00811343250222544, -0.012748023388506249, -0.016188519408755122], [0.012850621859079843, -0.012721564595205237, 0.9998364982896378, 0.024869978029115905], [0.007949931139136352, -0.9998861605239279, -0.012824374745036726, 0.02671324034927134], [0.0, 0.0, 0.0, 1.0]]}, "Hobj2base": {"type": "ndarray", "data": [[0.9998489836114561, 0.014147715454127834, 0.010092181060961424, -0.7228270287432312], [0.01421491298852991, -0.9998770615440464, -0.006618009275580646, 0.08193528148877745], [0.009997310631700894, 0.006760469323366554, -0.9999271722653911, 0.001508509519635215], [0.0, 0.0, 0.0, 1.0]]}, "mean_rme": {"type": "float", "data": 0.0016510587317710448}, "max_rme": {"type": "float", "data": 0.005136492931270914}, "simu": {"type": "float", "data": 0.002}}, {"type": "dict", "image_number": {"type": "int", "data": 6}, "Hcamera2end": {"type": "ndarray", "data": [[0.9997714176450072, 0.007999097978307406, -0.01982742776121033, -0.01595709881725972], [0.01997255529501807, -0.018490538547755397, 0.999629529885548, 0.024428643796650183], [0.007629514734242375, -0.9997970366108051, -0.018646074363591225, 0.026733148108467924], [0.0, 0.0, 0.0, 1.0]]}, "Hobj2base": {"type": "ndarray", "data": [[0.9997320140079012, 0.01730668500700271, 0.01537461615046054, -0.7204026972376675], [0.017536670646728914, -0.9997344150117042, -0.014952077575800969, 0.0782080613509848], [0.015111761986405521, 0.015217690208208385, -0.9997700018276166, 0.0013454903413974983], [0.0, 0.0, 0.0, 1.0]]}, "mean_rme": {"type": "float", "data": 0.001538903928906144}, "max_rme": {"type": "float", "data": 0.005295885987363913}, "simu": {"type": "float", "data": 0.002}}, {"type": "dict", "image_number": {"type": "int", "data": 7}, "Hcamera2end": {"type": "ndarray", "data": [[0.9999642864369049, 0.006659778075519439, -0.005203191973821214, -0.01516415948783671], [0.005233868809663392, -0.004597175103447926, 0.9999757360048052, 0.025652400827757275], [0.006635696498095705, -0.9999672561324462, -0.004631867326693406, 0.027810983543564538], [0.0, 0.0, 0.0, 1.0]]}, "Hobj2base": {"type": "ndarray", "data": [[0.9999285832318456, 0.011177081052637742, 0.004230992211847329, -0.7273959580105699], [0.011183023920678806, -0.9999365108519889, -0.0013835610359548196, 0.08690657157072104], [0.004215259415916418, 0.001430777513610382, -0.9999900921827993, 0.001945382124186379], [0.0, 0.0, 0.0, 1.0]]}, "mean_rme": {"type": "float", "data": 0.0015302941900682938}, "max_rme": {"type": "float", "data": 0.004685170951263279}, "simu": {"type": "float", "data": 0.002}}, {"type": "dict", "image_number": {"type": "int", "data": 8}, "Hcamera2end": {"type": "ndarray", "data": [[0.9999601659369302, 0.006548937259083946, -0.006064483503457481, -0.014944438782149794], [0.00604414028443264, 0.003121675739008123, 0.999976861486706, 0.02576940779375388], [0.006567717077434473, -0.9999736829343846, 0.0030819686944719704, 0.028097924956518954], [0.0, 0.0, 0.0, 1.0]]}, "Hobj2base": {"type": "ndarray", "data": [[0.9999707008209923, 0.007135630242616749, -0.0027713319206091043, -0.7311437126827671], [0.007128813191581326, -0.9999715589245715, -0.0024619838426921076, 0.08726345971455578], [-0.0027888209073136604, 0.002442155401032898, -0.9999931291538677, 0.0032715773087082303], [0.0, 0.0, 0.0, 1.0]]}, "mean_rme": {"type": "float", "data": 0.0015395065934740858}, "max_rme": {"type": "float", "data": 0.0046234593847121475}, "simu": {"type": "float", "data": 0.002}}, {"type": "dict", "image_number": {"type": "int", "data": 9}, "Hcamera2end": {"type": "ndarray", "data": [[0.9999855088379256, 0.004093282728496122, 0.0034967342849709392, -0.015181353552131767], [-0.0035090122801133524, 0.002996218459714428, 0.9999893546972187, 0.026439896732440724], [0.004082762174448761, -0.9999871337729533, 0.003010538420387343, 0.028312647370935216], [0.0, 0.0, 0.0, 1.0]]}, "Hobj2base": {"type": "ndarray", "data": [[0.9999866632385288, 0.004877693573931204, -0.0016974835704903501, -0.7308951231203379], [0.004890563992087622, -0.9999586845124524, 0.007662352900035154, 0.09204503458157949], [-0.001660038828627337, -0.007670552361089219, -0.999969202974553, 0.00211351907831572], [0.0, 0.0, 0.0, 1.0]]}, "mean_rme": {"type": "float", "data": 0.0017289411669254404}, "max_rme": {"type": "float", "data": 0.005401005611039261}, "simu": {"type": "float", "data": 0.002}}, {"type": "dict", "image_number": {"type": "int", "data": 10}, "Hcamera2end": {"type": "ndarray", "data": [[0.9999934263957282, 0.003343406458319647, 0.0014031388334253278, -0.015346823758922622], [-0.001423019057407015, 0.005951157225806525, 0.9999812791969839, 0.02634116895150074], [0.0033349935672585887, -0.9999767024090754, 0.005955875836360813, 0.028330587245241713], [0.0, 0.0, 0.0, 1.0]]}, "Hobj2base": {"type": "ndarray", "data": [[0.9999864426760541, 0.002561491330561106, -0.004533566615183412, -0.7321641988476176], [0.0025855795013413844, -0.9999825303273548, 0.005315432131451205, 0.0912375697486743], [-0.0045198719819358295, -0.005327081965324071, -0.9999755961797281, 0.0027294152851280117], [0.0, 0.0, 0.0, 1.0]]}, "mean_rme": {"type": "float", "data": 0.0016976465882986497}, "max_rme": {"type": "float", "data": 0.005311995199264979}, "simu": {"type": "float", "data": 0.002}}, {"type": "dict", "image_number": {"type": "int", "data": 11}, "Hcamera2end": {"type": "ndarray", "data": [[0.9999927751033765, 0.0021448372976748007, -0.003138377608647717, -0.015544498832383584], [0.003118158338261794, 0.009366156150380056, 0.9999512749167053, 0.026166657788176978], [0.002174127325040269, -0.9999538363304245, 0.00935940053856621, 0.028480349524070477], [0.0, 0.0, 0.0, 1.0]]}, "Hobj2base": {"type": "ndarray", "data": [[0.999977823548544, -0.000446485227619195, -0.006644777051074907, -0.7336303145663318], [-0.00044359161072906337, -0.9999998061550235, 0.00043693981103024504, 0.08943393832661566], [-0.006644970850189239, -0.00043398255390071465, -0.9999778277649676, 0.0034390388341215346], [0.0, 0.0, 0.0, 1.0]]}, "mean_rme": {"type": "float", "data": 0.0016803060503171883}, "max_rme": {"type": "float", "data": 0.0058420689311734775}, "simu": {"type": "float", "data": 0.002}}, {"type": "dict", "image_number": {"type": "int", "data": 12}, "Hcamera2end": {"type": "ndarray", "data": [[0.9999888968936532, 0.003264086456338992, 0.0033987981729191674, -0.015052104317981645], [-0.0034242249680080956, 0.007816129760644275, 0.9999635907366493, 0.026768727437101524], [0.0032374021658058277, -0.9999641262841232, 0.007827219943665864, 0.028383094169914795], [0.0, 0.0, 0.0, 1.0]]}, "Hobj2base": {"type": "ndarray", "data": [[0.9999815067142974, 0.0007207554446276694, -0.006038769824438253, -0.7334115808309164], [0.0007626066133953432, -0.9999756896844214, 0.006930979102503047, 0.0927048679341293], [-0.006033627479113384, -0.006935456131731194, -0.9999577465011651, 0.0026871602550999955], [0.0, 0.0, 0.0, 1.0]]}, "mean_rme": {"type": "float", "data": 0.00186053106341928}, "max_rme": {"type": "float", "data": 0.005486845677282803}, "simu": {"type": "float", "data": 0.002}}, {"type": "dict", "image_number": {"type": "int", "data": 13}, "Hcamera2end": {"type": "ndarray", "data": [[0.9998958920566222, 0.004566758263033543, 0.013687577114255556, -0.014251014120506821], [-0.013710267347554598, 0.004974814478930001, 0.9998936342382418, 0.027296908407435053], [0.004498179359502659, -0.9999771977099614, 0.005036908037923782, 0.028181705038585865], [0.0, 0.0, 0.0, 1.0]]}, "Hobj2base": {"type": "ndarray", "data": [[0.9999878314669263, 0.002274636215026747, -0.004377550475266269, -0.7325854775821214], [0.002349548288987678, -0.9998495764453399, 0.01718441459325869, 0.0976150248663356], [-0.004337803696795214, -0.017194490750370477, -0.9998427541103272, 0.0018207922381258722], [0.0, 0.0, 0.0, 1.0]]}, "mean_rme": {"type": "float", "data": 0.0020535102906769054}, "max_rme": {"type": "float", "data": 0.005710357756392753}, "simu": {"type": "float", "data": 0.002}}, {"type": "dict", "image_number": {"type": "int", "data": 14}, "Hcamera2end": {"type": "ndarray", "data": [[0.9999283810062773, 0.0035222809254648844, 0.011437936669133519, -0.014419492266125572], [-0.011461784015549063, 0.006826350439752105, 0.9999110102638408, 0.02705335358644149], [0.0034438881146034534, -0.9999704968031585, 0.006866233166612501, 0.028407147947301252], [0.0, 0.0, 0.0, 1.0]]}, "Hobj2base": {"type": "ndarray", "data": [[0.9999814693257385, 0.000660315817410029, -0.006051858240107199, -0.7331973291666928], [0.0007488609336363622, -0.9998925417942808, 0.014640494235979018, 0.09666361585563289], [-0.006041540568360736, -0.014644754937961225, -0.9998745075960118, 0.002354977460612465], [0.0, 0.0, 0.0, 1.0]]}, "mean_rme": {"type": "float", "data": 0.0020283999198970407}, "max_rme": {"type": "float", "data": 0.005632571452487578}, "simu": {"type": "float", "data": 0.002}}, {"type": "dict", "image_number": {"type": "int", "data": 15}, "Hcamera2end": {"type": "ndarray", "data": [[0.9999471269267408, 0.0037829825152043244, 0.009562028772503672, -0.014485955528232725], [-0.009585750933383276, 0.006303124953098704, 0.9999341898319452, 0.02699076946053557], [0.0037224628943310365, -0.9999729794645029, 0.006339054415687384, 0.028315886686745697], [0.0, 0.0, 0.0, 1.0]]}, "Hobj2base": {"type": "ndarray", "data": [[0.9999824516696414, 0.0010784593244307088, -0.005825227743084307, -0.7329908988317377], [0.0011513875179695958, -0.9999208265345252, 0.012530561411800098, 0.09570053908776457], [-0.005811252838821802, -0.012537048615881582, -0.9999045213181335, 0.0023633566151785245], [0.0, 0.0, 0.0, 1.0]]}, "mean_rme": {"type": "float", "data": 0.0019352379369992389}, "max_rme": {"type": "float", "data": 0.005470606907720471}, "simu": {"type": "float", "data": 0.002}}, {"type": "dict", "image_number": {"type": "int", "data": 16}, "Hcamera2end": {"type": "ndarray", "data": [[0.9999598085139041, 0.003035874267299022, 0.008435924624447647, -0.014556578436121317], [-0.008459227156583515, 0.007746535419424272, 0.9999342141685665, 0.026777147130311502], [0.0029703253608873445, -0.9999653867291749, 0.007771905224699505, 0.028433641377501616], [0.0, 0.0, 0.0, 1.0]]}, "Hobj2base": {"type": "ndarray", "data": [[0.9999744225696787, 0.00020265541941644186, -0.007149345230060781, -0.7335283091952325], [0.00028479191727188893, -0.9999339526448312, 0.011489527477160548, 0.09516338239167219], [-0.007146544619707365, -0.011491269680307383, -0.999908434618457, 0.0028374691811214534], [0.0, 0.0, 0.0, 1.0]]}, "mean_rme": {"type": "float", "data": 0.001909518416665295}, "max_rme": {"type": "float", "data": 0.005403777820124883}, "simu": {"type": "float", "data": 0.002}}, {"type": "dict", "image_number": {"type": "int", "data": 17}, "Hcamera2end": {"type": "ndarray", "data": [[0.999964546942082, 0.003970667334953956, 0.007425541046399709, -0.014514162791057906], [-0.007447277800364291, 0.005487859766774905, 0.999957209808772, 0.026728246819821274], [0.0039297471013843175, -0.9999770583348878, 0.005517235868060966, 0.028175525571537196], [0.0, 0.0, 0.0, 1.0]]}, "Hobj2base": {"type": "ndarray", "data": [[0.9999836731010043, 0.0016561156453102216, -0.0054690778375431634, -0.7325978642876196], [0.001713450127586831, -0.9999434537454692, 0.010495399003507213, 0.09446546953095916], [-0.005451386987182232, -0.010504598638306285, -0.9999299654412621, 0.002581035781452056], [0.0, 0.0, 0.0, 1.0]]}, "mean_rme": {"type": "float", "data": 0.0018730376478275418}, "max_rme": {"type": "float", "data": 0.0052576498609136005}, "simu": {"type": "float", "data": 0.002}}, {"type": "dict", "image_number": {"type": "int", "data": 18}, "Hcamera2end": {"type": "ndarray", "data": [[0.9999629773762198, 0.004293551004851159, 0.007457164116107962, -0.014517496350279784], [-0.007489020742728239, 0.00745200208474972, 0.9999441895592193, 0.02633452357913761], [0.004237740577337506, -0.9999630158584355, 0.007483880684615363, 0.02934952652448878], [0.0, 0.0, 0.0, 1.0]]}, "Hobj2base": {"type": "ndarray", "data": [[0.9999696522201587, 0.0008016295257668898, -0.007749324409159098, -0.7346464876288938], [0.000882617504375333, -0.9999449741957467, 0.010453208455225196, 0.09463748063524348], [-0.00774051839581436, -0.010459730912926967, -0.9999153356180677, 0.003316219642390955], [0.0, 0.0, 0.0, 1.0]]}, "mean_rme": {"type": "float", "data": 0.001851801235150579}, "max_rme": {"type": "float", "data": 0.0054166784233816365}, "simu": {"type": "float", "data": 0.002}}, {"type": "dict", "image_number": {"type": "int", "data": 19}, "Hcamera2end": {"type": "ndarray", "data": [[0.9999655932030277, 0.004800584709705278, 0.006765116152880677, -0.014555323268376262], [-0.006786589811017309, 0.004471032022181576, 0.9999669754903878, 0.02716178420275122], [0.0047701791217960796, -0.9999784818980365, 0.004503457787568332, 0.03162918566191691], [0.0, 0.0, 0.0, 1.0]]}, "Hobj2base": {"type": "ndarray", "data": [[0.9999834468240203, 0.0025833392446906645, -0.0051412485155564345, -0.7355786047741684], [0.0026326347046951933, -0.9999504085489912, 0.009604669552765331, 0.09345646637796984], [-0.005116181433794606, -0.009618045594247513, -0.999940657182457, 0.0020869420408943357], [0.0, 0.0, 0.0, 1.0]]}, "mean_rme": {"type": "float", "data": 0.0019639925470068867}, "max_rme": {"type": "float", "data": 0.005506669927060635}, "simu": {"type": "float", "data": 0.002}}, {"type": "dict", "image_number": {"type": "int", "data": 20}, "Hcamera2end": {"type": "ndarray", "data": [[0.9999656099479391, 0.005069832627190558, 0.006563209472385076, -0.014563996658665292], [-0.006579892098207977, 0.003280926291490238, 0.9999729699060098, 0.026973512771575402], [0.005048162182623625, -0.9999817659936614, 0.0033141724119071236, 0.03260082182080537], [0.0, 0.0, 0.0, 1.0]]}, "Hobj2base": {"type": "ndarray", "data": [[0.9999845090270097, 0.00359148718217057, -0.0042524023599126845, -0.7361442701949354], [0.0036308116933943505, -0.9999503827058778, 0.009276277961281176, 0.09319604732784684], [-0.004218875733817876, -0.009291573934923216, -0.9999479325151654, 0.002068255399221161], [0.0, 0.0, 0.0, 1.0]]}, "mean_rme": {"type": "float", "data": 0.0019263302636056245}, "max_rme": {"type": "float", "data": 0.0056156683620939216}, "simu": {"type": "float", "data": 0.002}}, {"type": "dict", "image_number": {"type": "int", "data": 21}, "Hcamera2end": {"type": "ndarray", "data": [[0.9999613431250426, 0.005106762511179292, 0.007157739322952541, -0.014674372389348574], [-0.007165541410546854, 0.0015111378687578947, 0.999973185379806, 0.027782504770858446], [0.0050958092443365195, -0.9999858186189425, 0.001547672171137937, 0.03279553800852833], [0.0, 0.0, 0.0, 1.0]]}, "Hobj2base": {"type": "ndarray", "data": [[0.9999871650254795, 0.004401402156935409, -0.0025094707325142847, -0.7354768773185912], [0.004426053921694811, -0.9999411581112951, 0.009904057841333974, 0.09298023114927434], [-0.0024657313289714734, -0.009915037775780953, -0.9999478047352863, 0.0009669835822368018], [0.0, 0.0, 0.0, 1.0]]}, "mean_rme": {"type": "float", "data": 0.002008422250181951}, "max_rme": {"type": "float", "data": 0.005535868563275981}, "simu": {"type": "float", "data": 0.002}}, {"type": "dict", "image_number": {"type": "int", "data": 22}, "Hcamera2end": {"type": "ndarray", "data": [[0.9999720928996831, 0.004942499020191204, 0.005602242877887923, -0.01453012605027625], [-0.005608237756797871, 0.0011999000364971701, 0.9999835538193445, 0.02756668473220053], [0.004935695603525784, -0.9999870658880234, 0.0012275852603844672, 0.032090644173027885], [0.0, 0.0, 0.0, 1.0]]}, "Hobj2base": {"type": "ndarray", "data": [[0.9999866521522007, 0.004705225004201483, -0.0021345667226139848, -0.7346839791840335], [0.004722990751666595, -0.9999536023617626, 0.008395622793662105, 0.09244015277049199], [-0.0020949643894648128, -0.008405592269056595, -0.9999624778674514, 0.00122763384605885], [0.0, 0.0, 0.0, 1.0]]}, "mean_rme": {"type": "float", "data": 0.0019844877939900487}, "max_rme": {"type": "float", "data": 0.0056021708643732016}, "simu": {"type": "float", "data": 0.002}}, {"type": "dict", "image_number": {"type": "int", "data": 23}, "Hcamera2end": {"type": "ndarray", "data": [[0.9999734173283314, 0.004933510739728829, 0.005368901980824998, -0.014535615953756199], [-0.005375847263495562, 0.0013955958913196564, 0.9999845761702064, 0.027866992984560725], [0.004925941828553559, -0.999986856305566, 0.001422080592861974, 0.032438444694811996], [0.0, 0.0, 0.0, 1.0]]}, "Hobj2base": {"type": "ndarray", "data": [[0.9999871001377446, 0.004633155782874997, -0.002081688160102856, -0.7350453391641038], [0.0046498430920844085, -0.9999565112588134, 0.008084216122889733, 0.09217956175248328], [-0.002044142197425452, -0.008093791360926432, -0.9999651554049682, 0.0009685503720198525], [0.0, 0.0, 0.0, 1.0]]}, "mean_rme": {"type": "float", "data": 0.0019508715495918506}, "max_rme": {"type": "float", "data": 0.005610649403488278}, "simu": {"type": "float", "data": 0.002}}, {"type": "dict", "image_number": {"type": "int", "data": 24}, "Hcamera2end": {"type": "ndarray", "data": [[0.9999741200614638, 0.004689356187226925, 0.0054561108722664085, -0.01454858206866439], [-0.005463120038242486, 0.0014831894132302237, 0.9999839771059396, 0.028126052128480277], [0.00468118860428637, -0.9999879049707121, 0.0015087695441322602, 0.032265398927523226], [0.0, 0.0, 0.0, 1.0]]}, "Hobj2base": {"type": "ndarray", "data": [[0.9999895476065994, 0.004110795216302598, -0.0020015094899036457, -0.7348030560629418], [0.004127036059713684, -0.9999580354264754, 0.00817893387829966, 0.09219080894684532], [-0.001967803575150127, -0.008187108690703859, -0.9999645488717968, 0.0007312275749344297], [0.0, 0.0, 0.0, 1.0]]}, "mean_rme": {"type": "float", "data": 0.0019095672048557392}, "max_rme": {"type": "float", "data": 0.005584010668815229}, "simu": {"type": "float", "data": 0.002}}, {"type": "dict", "image_number": {"type": "int", "data": 25}, "Hcamera2end": {"type": "ndarray", "data": [[0.9999696199228832, 0.0044494814205982836, 0.006400105184457791, -0.01455412594183109], [-0.006408639977884505, 0.001906550341491342, 0.9999776469498852, 0.028456701931753526], [0.004437179838392095, -0.9999882835218036, 0.0019350075448578696, 0.031579136160679894], [0.0, 0.0, 0.0, 1.0]]}, "Hobj2base": {"type": "ndarray", "data": [[0.9999904205096332, 0.0037545093138059878, -0.0022500108398605776, -0.7342017045280548], [0.003774709647953455, -0.9999519965297279, 0.009041913695958097, 0.09253193613647212], [-0.002215954882346009, -0.00905032021665817, -0.99995658968174, 0.0004488283408036842], [0.0, 0.0, 0.0, 1.0]]}, "mean_rme": {"type": "float", "data": 0.0019137747445710496}, "max_rme": {"type": "float", "data": 0.0054697594775580186}, "simu": {"type": "float", "data": 0.002}}, {"type": "dict", "image_number": {"type": "int", "data": 26}, "Hcamera2end": {"type": "ndarray", "data": [[0.9999811285369423, 0.004358674243054644, 0.0043294952160824254, -0.014555207592879956], [-0.004337789043535316, 0.0018951806834603957, 0.9999887958754292, 0.028348005103833736], [0.004350420232222808, -0.9999887050607221, 0.0019140519280039792, 0.032830773534976224], [0.0, 0.0, 0.0, 1.0]]}, "Hobj2base": {"type": "ndarray", "data": [[0.9999902677519628, 0.003792924598206406, -0.0022534694029624947, -0.735454625535836], [0.003808227565980059, -0.9999694523449005, 0.006825817155812954, 0.09163028660994556], [-0.002227510754963254, -0.006834332449566792, -0.9999741647141713, 0.0006258422771862999], [0.0, 0.0, 0.0, 1.0]]}, "mean_rme": {"type": "float", "data": 0.0019356201475339081}, "max_rme": {"type": "float", "data": 0.005609115642373312}, "simu": {"type": "float", "data": 0.002}}, {"type": "dict", "image_number": {"type": "int", "data": 27}, "Hcamera2end": {"type": "ndarray", "data": [[0.9999786876050376, 0.005095082013502906, 0.004082214470392827, -0.01449469856338405], [-0.004088737062741304, 0.0012704150277431658, 0.9999908340954377, 0.02805148182868709], [0.005089849205857775, -0.9999862129974258, 0.0012912204028225904, 0.03313261781473573], [0.0, 0.0, 0.0, 1.0]]}, "Hobj2base": {"type": "ndarray", "data": [[0.9999869946284241, 0.00462475967659746, -0.0021499237069593446, -0.7356365049911112], [0.00463843279700121, -0.9999687687663179, 0.006398940003008417, 0.09148832093057283], [-0.0021202630024907735, -0.006408829059049397, -0.9999772154378781, 0.0008487542297340908], [0.0, 0.0, 0.0, 1.0]]}, "mean_rme": {"type": "float", "data": 0.0019261336056564705}, "max_rme": {"type": "float", "data": 0.0057839255430676886}, "simu": {"type": "float", "data": 0.002}}, {"type": "dict", "image_number": {"type": "int", "data": 28}, "Hcamera2end": {"type": "ndarray", "data": [[0.999965619041508, 0.006273707899692189, 0.005422298785847608, -0.014430808922150408], [-0.0054245294169976265, 0.0003385906787214399, 0.999985229809399, 0.02773859460578909], [0.006271779296004603, -0.9999802627779919, 0.00037261095070495465, 0.03281899690997764], [0.0, 0.0, 0.0, 1.0]]}, "Hobj2base": {"type": "ndarray", "data": [[0.9999813868985363, 0.0058099798949304655, -0.0018627909437890135, -0.7351302740726259], [0.005824016829565257, -0.9999540017834203, 0.007620705039114586, 0.09199028890547341], [-0.0018184291156652867, -0.007631412119965057, -0.9999692269588136, 0.0009720270243682498], [0.0, 0.0, 0.0, 1.0]]}, "mean_rme": {"type": "float", "data": 0.0019264637718325796}, "max_rme": {"type": "float", "data": 0.006053859934210513}, "simu": {"type": "float", "data": 0.002}}, {"type": "dict", "image_number": {"type": "int", "data": 29}, "Hcamera2end": {"type": "ndarray", "data": [[0.999971274935187, 0.005306757095721792, 0.005411805024548132, -0.0144717084324905], [-0.005428696508592018, 0.003173792685760346, 0.9999802279516358, 0.028195525915426706], [0.005289476223060166, -0.999980882501818, 0.0032025102920772985, 0.033085020653747355], [0.0, 0.0, 0.0, 1.0]]}, "Hobj2base": {"type": "ndarray", "data": [[0.9999859404674143, 0.0037956904721375595, -0.0037029179495071934, -0.7363346937178568], [0.003823251679726881, -0.9999648303333404, 0.007464639509517965, 0.0920358932330783], [-0.003674454258053023, -0.007478691747445884, -0.9999652831751971, 0.0009464467889948246], [0.0, 0.0, 0.0, 1.0]]}, "mean_rme": {"type": "float", "data": 0.001943144725630081}, "max_rme": {"type": "float", "data": 0.005761195781939312}, "simu": {"type": "float", "data": 0.002}}, {"type": "dict", "image_number": {"type": "int", "data": 30}, "Hcamera2end": {"type": "ndarray", "data": [[0.9999713060930601, 0.005325972063880892, 0.005387115379708622, -0.015335521781717137], [-0.005399431240993792, 0.0023007475332709193, 0.9999827762032013, 0.027804447011797854], [0.005313485937998999, -0.9999831701495595, 0.002329438735785727, 0.03337685649620372], [0.0, 0.0, 0.0, 1.0]]}, "Hobj2base": {"type": "ndarray", "data": [[0.999986088105221, 0.004361609247100118, -0.0029664727864570717, -0.736191717668433], [0.0043840889081005, -0.9999614018792096, 0.007614099829423366, 0.09146852073537627], [-0.0029331485579577815, -0.00762699918330699, -0.9999666122041253, 0.0016443458298469992], [0.0, 0.0, 0.0, 1.0]]}, "mean_rme": {"type": "float", "data": 0.0019427547710253637}, "max_rme": {"type": "float", "data": 0.005709183949246872}, "simu": {"type": "float", "data": 0.002}}, {"type": "dict", "image_number": {"type": "int", "data": 31}, "Hcamera2end": {"type": "ndarray", "data": [[0.9999764446293944, 0.004534670563009444, 0.005152373165899033, -0.01532279695397042], [-0.005158071059497879, 0.0012457206699333367, 0.999985921142372, 0.028307487165219976], [0.004528188302276225, -0.9999889424103138, 0.0012690814795167649, 0.033359083587658454], [0.0, 0.0, 0.0, 1.0]]}, "Hobj2base": {"type": "ndarray", "data": [[0.9999896274062631, 0.004221863523603888, -0.0017090781934239858, -0.735745169295962], [0.004233956401564332, -0.9999655821204574, 0.007134997385089225, 0.09105467400249252], [-0.0016788963853754777, -0.0071421595392178565, -0.9999730850698154, 0.001035349089748283], [0.0, 0.0, 0.0, 1.0]]}, "mean_rme": {"type": "float", "data": 0.0019304529305565637}, "max_rme": {"type": "float", "data": 0.005796633450507422}, "simu": {"type": "float", "data": 0.002}}]}