{"type": "list", "data": [{"type": "dict", "image_number": {"type": "int", "data": 5}, "Hcamera2end": {"type": "ndarray", "data": [[0.9992532479148346, -0.001072915291275834, -0.038623767092707845, -0.010605287219301351], [0.0386368557253034, 0.01806896929400925, 0.9990899387584253, 0.023956403334759915], [-0.0003740472110366523, -0.9998361671801184, 0.018096930326826688, 0.03428534262963601], [0.0, 0.0, 0.0, 1.0]]}, "Hobj2base": {"type": "ndarray", "data": [[0.999857192364797, -0.0004967592226003979, -0.016892249899293707, -0.7440661757576045], [-0.0010930139771291075, -0.9993759283229062, -0.035306645396803484, 0.0753789472750628], [-0.01686416902284922, 0.0353200668035125, -0.9992337527746771, 0.00026853625236800127], [0.0, 0.0, 0.0, 1.0]]}, "mean_rme": {"type": "float", "data": 0.001200738945580905}, "max_rme": {"type": "float", "data": 0.004849583677203867}, "simu": {"type": "float", "data": 0.002}}, {"type": "dict", "image_number": {"type": "int", "data": 6}, "Hcamera2end": {"type": "ndarray", "data": [[0.9994287051609894, 0.0002627630902498103, -0.03379636453506038, -0.01052730442928731], [0.03379728312545266, -0.00530297371541244, 0.9994146397382381, 0.024220309240009532], [8.338804637261082e-05, -0.9999859046133263, -0.00530882483245354, 0.03374305797677705], [0.0, 0.0, 0.0, 1.0]]}, "Hobj2base": {"type": "ndarray", "data": [[0.999984377697024, -0.0015494584880263514, 0.005370618240900855, -0.7315950900001978], [-0.0013768597457615719, -0.999487124429395, -0.031993629945644204, 0.07802465429881815], [0.005417436583488106, 0.03198573554339814, -0.9994736435257365, -0.0028610266785310166], [0.0, 0.0, 0.0, 1.0]]}, "mean_rme": {"type": "float", "data": 0.0014058470362852235}, "max_rme": {"type": "float", "data": 0.004562007774441462}, "simu": {"type": "float", "data": 0.002}}, {"type": "dict", "image_number": {"type": "int", "data": 7}, "Hcamera2end": {"type": "ndarray", "data": [[0.9997995788353358, 0.0006641340872702867, -0.020009025128661338, -0.00994104579303263], [0.02001650978418274, -0.014382099645153579, 0.9996962011260503, 0.02508642391392656], [0.00037616053087963404, -0.99989635169637, -0.014392510814448256, 0.033040810333457925], [0.0, 0.0, 0.0, 1.0]]}, "Hobj2base": {"type": "ndarray", "data": [[0.9999079045222158, -0.0011789843092983783, 0.013520076552659202, -0.7272027351576817], [-0.0009348123673478133, -0.9998366110557668, -0.018052072411720636, 0.08563413906148895], [0.013539150631749042, 0.01803777116271797, -0.9997456327544787, -0.0020842603237247737], [0.0, 0.0, 0.0, 1.0]]}, "mean_rme": {"type": "float", "data": 0.0018494418170853435}, "max_rme": {"type": "float", "data": 0.004871457828799275}, "simu": {"type": "float", "data": 0.002}}, {"type": "dict", "image_number": {"type": "int", "data": 8}, "Hcamera2end": {"type": "ndarray", "data": [[0.9995819932463191, 0.002216081129168313, -0.02882581763184696, -0.010049167488613708], [0.02885477916010799, -0.014389555510958107, 0.9994800360246413, 0.024873726887750473], [0.0018001381438524523, -0.9998940092212903, -0.014447485111155123, 0.03306299192858418], [0.0, 0.0, 0.0, 1.0]]}, "Hobj2base": {"type": "ndarray", "data": [[0.9998933997774759, 0.0005110808056035729, 0.014592048446013459, -0.7272167520553003], [0.0009231116710492506, -0.9996006348316193, -0.028243914549277074, 0.08078229536110874], [0.014571785967527551, 0.028254373831926204, -0.9994945489661677, -0.003381489333587874], [0.0, 0.0, 0.0, 1.0]]}, "mean_rme": {"type": "float", "data": 0.0018245578351004617}, "max_rme": {"type": "float", "data": 0.004997756020174715}, "simu": {"type": "float", "data": 0.002}}, {"type": "dict", "image_number": {"type": "int", "data": 9}, "Hcamera2end": {"type": "ndarray", "data": [[0.9997526825536124, 0.0006723866886328075, -0.022228846641177854, -0.009752758588510437], [0.022234417425742954, -0.009900280498088332, 0.9997037636859215, 0.0251839259106382], [0.00045211568638188135, -0.9999507649590554, -0.00991278211230373, 0.03336479573261072], [0.0, 0.0, 0.0, 1.0]]}, "Hobj2base": {"type": "ndarray", "data": [[0.9999490333886389, -0.00036726355664608697, 0.010089387622978157, -0.729399919376279], [-0.00014736335077063153, -0.9997626177037411, -0.02178730194873693, 0.08456228850604705], [0.010094994262979787, 0.021784704717818557, -0.9997117173121395, -0.0017547273232456824], [0.0, 0.0, 0.0, 1.0]]}, "mean_rme": {"type": "float", "data": 0.001826276043536666}, "max_rme": {"type": "float", "data": 0.005224206608354043}, "simu": {"type": "float", "data": 0.002}}, {"type": "dict", "image_number": {"type": "int", "data": 10}, "Hcamera2end": {"type": "ndarray", "data": [[0.9996761631226336, 0.0010182450540286644, -0.025426994738259684, -0.0098287053017542], [0.02543637340624212, -0.010605484102231166, 0.9996201851777983, 0.025335583452110098], [0.0007481927210003844, -0.999943241831239, -0.010627950116789853, 0.033357273311385126], [0.0, 0.0, 0.0, 1.0]]}, "Hobj2base": {"type": "ndarray", "data": [[0.9999340336996679, 0.00016996037114368236, 0.011484744776594846, -0.7290418109137308], [0.000458290693629037, -0.9996846509827093, -0.025107539887824385, 0.08311920546131], [0.011476855786817872, 0.025111146987957366, -0.9996187833760417, -0.0023145142389298214], [0.0, 0.0, 0.0, 1.0]]}, "mean_rme": {"type": "float", "data": 0.0018329026642372583}, "max_rme": {"type": "float", "data": 0.004951636311237406}, "simu": {"type": "float", "data": 0.002}}, {"type": "dict", "image_number": {"type": "int", "data": 11}, "Hcamera2end": {"type": "ndarray", "data": [[0.9996997042225556, -0.00044351569557565633, -0.024501115712609555, -0.009731132906435918], [0.024496594466291932, -0.008299419875194891, 0.9996654622869038, 0.02518901086016259], [-0.0006467123695588217, -0.9999654608653056, -0.008286062970317198, 0.0333903176466477], [0.0, 0.0, 0.0, 1.0]]}, "Hobj2base": {"type": "ndarray", "data": [[0.9999576420285579, -0.001010659544753401, 0.009148372312663343, -0.7302490333088049], [-0.0007845772602181946, -0.9996950258156125, -0.024682783433886687, 0.08354271482676869], [0.009170528185947357, 0.02467456031636636, -0.9996534737027547, -0.0018472619080795046], [0.0, 0.0, 0.0, 1.0]]}, "mean_rme": {"type": "float", "data": 0.0019140720588038946}, "max_rme": {"type": "float", "data": 0.005363840468341263}, "simu": {"type": "float", "data": 0.002}}, {"type": "dict", "image_number": {"type": "int", "data": 12}, "Hcamera2end": {"type": "ndarray", "data": [[0.9997551352830655, -0.0029712924880737623, -0.02192808464252355, -0.009668710048612108], [0.02191025410171566, -0.005906188275140112, 0.9997424956983958, 0.025234371858018117], [-0.003100038763888712, -0.9999781439416608, -0.005839640284595715, 0.03348915120418598], [0.0, 0.0, 0.0, 1.0]]}, "Hobj2base": {"type": "ndarray", "data": [[0.999972715846725, -0.003939748579338292, 0.006248675320152413, -0.731373997775937], [-0.0038005032819127694, -0.9997476244690533, -0.022141444019963357, 0.0852595107577558], [0.006334330030022923, 0.02211709179834914, -0.9997353202290367, -0.0010653898114499905], [0.0, 0.0, 0.0, 1.0]]}, "mean_rme": {"type": "float", "data": 0.0019442247940356018}, "max_rme": {"type": "float", "data": 0.005540903234487804}, "simu": {"type": "float", "data": 0.002}}, {"type": "dict", "image_number": {"type": "int", "data": 13}, "Hcamera2end": {"type": "ndarray", "data": [[0.9997537805337019, -0.00251570773591857, -0.022046530864469643, -0.009621678241071656], [0.022034738673303876, -0.0046226310095554, 0.9997465186606795, 0.025212591328594252], [-0.0026169830281795505, -0.9999861511526731, -0.004566059865275918, 0.03344724664906556], [0.0, 0.0, 0.0, 1.0]]}, "Hobj2base": {"type": "ndarray", "data": [[0.9999824626831075, -0.0035078118959471108, 0.004771748309587487, -0.7321292460568987], [-0.0033981000104820135, -0.9997340666806673, -0.022808963905755063, 0.08511729648321212], [0.004850488897643333, 0.022792349019746236, -0.9997284539231721, -0.0008682412043899455], [0.0, 0.0, 0.0, 1.0]]}, "mean_rme": {"type": "float", "data": 0.0018852556990964291}, "max_rme": {"type": "float", "data": 0.005668486378766879}, "simu": {"type": "float", "data": 0.002}}, {"type": "dict", "image_number": {"type": "int", "data": 14}, "Hcamera2end": {"type": "ndarray", "data": [[0.9998331717087026, -0.001523420167140967, -0.018201866440295006, -0.009451096142093012], [0.018197678892044815, -0.00271892916360561, 0.9998307116242957, 0.025425671322091756], [-0.0015726518553119267, -0.9999951432958052, -0.002690752858279799, 0.033377318414100944], [0.0, 0.0, 0.0, 1.0]]}, "Hobj2base": {"type": "ndarray", "data": [[0.9999916287363594, -0.0027451879692128676, 0.00303420503870019, -0.7332547584220555], [-0.002688574263261167, -0.9998251034240591, -0.018507677636579123, 0.08715430079387709], [0.003084481420614227, 0.018499365018353746, -0.9998241142662456, 3.2585895520679094e-06], [0.0, 0.0, 0.0, 1.0]]}, "mean_rme": {"type": "float", "data": 0.001942938503626434}, "max_rme": {"type": "float", "data": 0.005673756232003502}, "simu": {"type": "float", "data": 0.002}}, {"type": "dict", "image_number": {"type": "int", "data": 15}, "Hcamera2end": {"type": "ndarray", "data": [[0.999834897510889, -0.0011430411152575422, -0.018134805662007945, -0.009515751047961912], [0.01813216550651965, -0.0022792901869364, 0.9998330007607711, 0.025451798747693315], [-0.0011841847128483008, -0.9999967491413423, -0.002258188059770516, 0.033356069952398114], [0.0, 0.0, 0.0, 1.0]]}, "Hobj2base": {"type": "ndarray", "data": [[0.9999924453225372, -0.0026880744865882982, 0.0028077666226257523, -0.7335091878031862], [-0.002636427282418086, -0.9998301810738179, -0.018238921708273875, 0.087231529134656], [0.002856317390819821, 0.018231381446576544, -0.9998297145921959, 2.368565256729201e-05], [0.0, 0.0, 0.0, 1.0]]}, "mean_rme": {"type": "float", "data": 0.001871172039411263}, "max_rme": {"type": "float", "data": 0.0057439873878956105}, "simu": {"type": "float", "data": 0.002}}, {"type": "dict", "image_number": {"type": "int", "data": 16}, "Hcamera2end": {"type": "ndarray", "data": [[0.999872261166448, 0.0009301269204482418, -0.01595607137757452, -0.009465096807192274], [0.015956357805153542, -0.0003013411406596056, 0.9998726438097559, 0.02556953890337684], [0.0009252002422778455, -0.9999995220286003, -0.00031614408564073493, 0.033222266537448725], [0.0, 0.0, 0.0, 1.0]]}, "Hobj2base": {"type": "ndarray", "data": [[0.9999994516345635, -0.0006097956970147018, 0.0008513987198672221, -0.7347846872515739], [-0.0005962906756297049, -0.999875415776051, -0.01577331176702682, 0.08818717820101997], [0.0008609111466616404, 0.01577279543636993, -0.9998752310944203, 0.0006279695192192639], [0.0, 0.0, 0.0, 1.0]]}, "mean_rme": {"type": "float", "data": 0.0019023153232654779}, "max_rme": {"type": "float", "data": 0.005864662640928275}, "simu": {"type": "float", "data": 0.002}}, {"type": "dict", "image_number": {"type": "int", "data": 17}, "Hcamera2end": {"type": "ndarray", "data": [[0.9999511721153314, 0.0020898357934563817, -0.009658466313616611, -0.009069784153105992], [0.009656849243944346, 0.000782490563418281, 0.9999530653841697, 0.025771731728511316], [0.002097295366563764, -0.9999975101443375, 0.000762271126857228, 0.033131285064157], [0.0, 0.0, 0.0, 1.0]]}, "Hobj2base": {"type": "ndarray", "data": [[0.9999998755891755, 0.000494518472860614, -6.536905661207031e-05, -0.7354530313315881], [0.0004938877808057372, -0.9999564491414299, -0.00931965103009692, 0.09129268351470216], [-6.997494932852831e-05, 0.009319617585653146, -0.9999565689726546, 0.0017664865388373001], [0.0, 0.0, 0.0, 1.0]]}, "mean_rme": {"type": "float", "data": 0.001985185263507702}, "max_rme": {"type": "float", "data": 0.005856951239249564}, "simu": {"type": "float", "data": 0.002}}, {"type": "dict", "image_number": {"type": "int", "data": 18}, "Hcamera2end": {"type": "ndarray", "data": [[0.9999853473783629, 0.0016638591300665276, -0.005151368883141676, -0.00870863941776821], [0.005150115054704585, 0.0007569740092743249, 0.9999864515608562, 0.025851174767492113], [0.0016677360397290828, -0.9999983292801767, 0.0007483938516659183, 0.03314744868528942], [0.0, 0.0, 0.0, 1.0]]}, "Hobj2base": {"type": "ndarray", "data": [[0.9999999213075351, 0.0003471525885271477, -0.00019201563429990746, -0.7354027099959075], [0.000346168721413338, -0.9999869329171978, -0.005100408029955682, 0.09351043739940931], [-0.00019378374506585854, 0.005100341158785385, -0.9999869743991288, 0.0025143957459856834], [0.0, 0.0, 0.0, 1.0]]}, "mean_rme": {"type": "float", "data": 0.002019252016530005}, "max_rme": {"type": "float", "data": 0.005800228815613484}, "simu": {"type": "float", "data": 0.002}}, {"type": "dict", "image_number": {"type": "int", "data": 19}, "Hcamera2end": {"type": "ndarray", "data": [[0.9999822180324672, 0.0022108376301242716, -0.0055385752536562605, -0.008699932162735671], [0.00554087150797512, -0.0010338651871388826, 0.9999841148066839, 0.027036089640600017], [0.0022050763704000225, -0.9999970216554388, -0.0010460967702152768, 0.032710398540117605], [0.0, 0.0, 0.0, 1.0]]}, "Hobj2base": {"type": "ndarray", "data": [[0.9999981619053003, 0.00092122450816653, 0.0016815265166689258, -0.7340712459871583], [0.0009299686539785019, -0.9999860122529336, -0.0052067702829178605, 0.09324960463765262], [0.0016767063915083074, 0.005208324479332336, -0.9999850308938607, 0.0010550880272590043], [0.0, 0.0, 0.0, 1.0]]}, "mean_rme": {"type": "float", "data": 0.0020080526046950794}, "max_rme": {"type": "float", "data": 0.005552482175624152}, "simu": {"type": "float", "data": 0.002}}, {"type": "dict", "image_number": {"type": "int", "data": 20}, "Hcamera2end": {"type": "ndarray", "data": [[0.999982134829906, 0.002196827390044674, -0.005559133965093997, -0.008652565408477364], [0.005559926840208289, -0.00035497606999124187, 0.999984480482333, 0.02695386682347531], [0.0021948199368156986, -0.9999975239676389, -0.00036718392785273224, 0.03294526580751378], [0.0, 0.0, 0.0, 1.0]]}, "Hobj2base": {"type": "ndarray", "data": [[0.9999990016527274, 0.000725979383709182, 0.0012122901810569327, -0.7345804564313978], [0.0007322667711688742, -0.9999862429434614, -0.005194007046313276, 0.09320680754734395], [0.0012085027614779067, 0.005194889580707109, -0.9999857762205022, 0.0011967800454690369], [0.0, 0.0, 0.0, 1.0]]}, "mean_rme": {"type": "float", "data": 0.0019532726039030108}, "max_rme": {"type": "float", "data": 0.005664011514314171}, "simu": {"type": "float", "data": 0.002}}, {"type": "dict", "image_number": {"type": "int", "data": 21}, "Hcamera2end": {"type": "ndarray", "data": [[0.9999876945979916, 0.0013809920649286724, -0.004764820406942979, -0.008719504675162389], [0.004766440032964786, -0.0011718902194073344, 0.9999879537888072, 0.02626754762717281], [0.0013753915827744738, -0.9999983597657698, -0.0011784582146905365, 0.03400492716091087], [0.0, 0.0, 0.0, 1.0]]}, "Hobj2base": {"type": "ndarray", "data": [[0.9999984684238422, 0.00020065830682972327, 0.0017386449360607152, -0.7353465330579689], [0.00020818635376435038, -0.9999906006431021, -0.0043307371069516345, 0.09363726647271976], [0.0017377595955412372, 0.004331092436247665, -0.9999891108556613, 0.001820654599803779], [0.0, 0.0, 0.0, 1.0]]}, "mean_rme": {"type": "float", "data": 0.001981392920923891}, "max_rme": {"type": "float", "data": 0.0056601105502089855}, "simu": {"type": "float", "data": 0.002}}, {"type": "dict", "image_number": {"type": "int", "data": 22}, "Hcamera2end": {"type": "ndarray", "data": [[0.9999847897176919, 0.0018471293779416572, -0.005196965107121414, -0.00868068379531014], [0.005196717168120169, 0.0001390035678631163, 0.9999864873130448, 0.026758640362794524], [0.0018478268149525572, -0.9999982843940629, 0.00012940244462955608, 0.033372150740496646], [0.0, 0.0, 0.0, 1.0]]}, "Hobj2base": {"type": "ndarray", "data": [[0.999999552090099, 0.0007657644733808562, 0.0005562592674929984, -0.7352441688679793], [0.0007683547239657178, -0.9999887939477741, -0.004671360604140112, 0.09338160422283641], [0.0005526758720295945, 0.004671785916227375, -0.9999889344216428, 0.0015185155147230652], [0.0, 0.0, 0.0, 1.0]]}, "mean_rme": {"type": "float", "data": 0.0019637764565018537}, "max_rme": {"type": "float", "data": 0.0057206368119852025}, "simu": {"type": "float", "data": 0.002}}, {"type": "dict", "image_number": {"type": "int", "data": 23}, "Hcamera2end": {"type": "ndarray", "data": [[0.9999838347683273, 0.002398291894538515, -0.005155424135724411, -0.008654674409233244], [0.005155644125743748, -8.555441720625723e-05, 0.9999867059186792, 0.027036127042727814], [0.002397818942143656, -0.9999971204340695, -9.791777371725985e-05, 0.03370605700871927], [0.0, 0.0, 0.0, 1.0]]}, "Hobj2base": {"type": "ndarray", "data": [[0.9999982130344321, 0.001475343721107928, 0.0011820697301786471, -0.7355069041931522], [0.0014808407486957898, -0.9999880315104159, -0.004663040488786, 0.09325771487052517], [0.0011751759950829918, 0.004664782613117454, -0.9999884293153358, 0.0011291444582456247], [0.0, 0.0, 0.0, 1.0]]}, "mean_rme": {"type": "float", "data": 0.0019419333874801036}, "max_rme": {"type": "float", "data": 0.005792888120116024}, "simu": {"type": "float", "data": 0.002}}, {"type": "dict", "image_number": {"type": "int", "data": 24}, "Hcamera2end": {"type": "ndarray", "data": [[0.9999845621744861, 0.0016484994740634151, -0.005306398230949305, -0.008700782203822465], [0.0053061867050356575, 0.00013266138223710922, 0.9999859132925869, 0.02683512890836986], [0.0016491802062576725, -0.9999986324242859, 0.00012391208824136246, 0.033371746251381736], [0.0, 0.0, 0.0, 1.0]]}, "Hobj2base": {"type": "ndarray", "data": [[0.9999992534951003, 0.000839566704812453, 0.0008877707982659973, -0.7352305600398058], [0.0008439475272917157, -0.999987413199489, -0.0049458260347195575, 0.09333398730654215], [0.0008836072732055149, 0.004946571574606188, -0.9999873752542301, 0.0013698277516053237], [0.0, 0.0, 0.0, 1.0]]}, "mean_rme": {"type": "float", "data": 0.0019428442028506447}, "max_rme": {"type": "float", "data": 0.005781299281032104}, "simu": {"type": "float", "data": 0.002}}, {"type": "dict", "image_number": {"type": "int", "data": 25}, "Hcamera2end": {"type": "ndarray", "data": [[0.9999851501170333, 0.0020881291584265377, -0.00503381187889812, -0.008647719151672133], [0.005031951791291615, 0.0008950907738015657, 0.9999869390515442, 0.02570461105514733], [0.0020926076040490853, -0.9999974192612321, 0.0008845701165491882, 0.03282359680904555], [0.0, 0.0, 0.0, 1.0]]}, "Hobj2base": {"type": "ndarray", "data": [[0.9999990034053045, 0.0013979598101349546, -0.00019722263341822528, -0.7352667685784224], [0.0013970610623911814, -0.9999889626442422, -0.004485845525561926, 0.09339527913618442], [-0.00020349148836106617, 0.0044855655229303, -0.999989919095764, 0.0027466555501575707], [0.0, 0.0, 0.0, 1.0]]}, "mean_rme": {"type": "float", "data": 0.0019954606111957677}, "max_rme": {"type": "float", "data": 0.006824067574831394}, "simu": {"type": "float", "data": 0.002}}, {"type": "dict", "image_number": {"type": "int", "data": 26}, "Hcamera2end": {"type": "ndarray", "data": [[0.9999836176714499, 0.0027006721203813146, -0.005046856330203272, -0.00860874841516048], [0.005043688957229026, 0.0011783374805556246, 0.9999865862712781, 0.025188120802928548], [0.002706582794270983, -0.9999956589360176, 0.0011646968264932278, 0.03262513297389574], [0.0, 0.0, 0.0, 1.0]]}, "Hobj2base": {"type": "ndarray", "data": [[0.9999981379372181, 0.0018601441429857313, -0.0005137955466823111, -0.7353347465730901], [0.0018578041147166216, -0.9999880683585933, -0.004517931420615062, 0.0933087755288108], [-0.0005221934199285599, 0.004516968476462363, -0.9999896621014717, 0.003317862528367508], [0.0, 0.0, 0.0, 1.0]]}, "mean_rme": {"type": "float", "data": 0.0019915375460563584}, "max_rme": {"type": "float", "data": 0.006612338406256524}, "simu": {"type": "float", "data": 0.002}}, {"type": "dict", "image_number": {"type": "int", "data": 27}, "Hcamera2end": {"type": "ndarray", "data": [[0.9999835440035041, 0.0027372088212426282, -0.005041766561518927, -0.008600624868855685], [0.005038598064907013, 0.0011632292814897083, 0.9999866296242063, 0.025191889350649577], [0.002743036954226857, -0.9999955772829737, 0.001149418444322703, 0.03261481087842813], [0.0, 0.0, 0.0, 1.0]]}, "Hobj2base": {"type": "ndarray", "data": [[0.9999978992772146, 0.001970874354729419, -0.0005631122762104439, -0.7353276323028324], [0.001968330551133968, -0.9999880150340923, -0.0044827963391716845, 0.09328966673100918], [-0.0005719405556713595, 0.004481678530962289, -0.9999897936686888, 0.0033245122118106224], [0.0, 0.0, 0.0, 1.0]]}, "mean_rme": {"type": "float", "data": 0.0019257022483905677}, "max_rme": {"type": "float", "data": 0.006606737221431402}, "simu": {"type": "float", "data": 0.002}}, {"type": "dict", "image_number": {"type": "int", "data": 28}, "Hcamera2end": {"type": "ndarray", "data": [[0.9999836789704645, 0.0024474721655530123, -0.005162525805635386, -0.008606084325440858], [0.005159860252127201, 0.0010941709626123286, 0.9999860892192867, 0.025345576484267524], [0.0024530868051346787, -0.9999964063284945, 0.0010815244902704357, 0.032719019244120545], [0.0, 0.0, 0.0, 1.0]]}, "Hobj2base": {"type": "ndarray", "data": [[0.9999981109320059, 0.0018396314829871594, -0.0006276053111310787, -0.7353546740819288], [0.0018368108623716102, -0.9999883421320155, -0.004465615961949608, 0.09323990934618724], [-0.0006358130823057474, 0.004464454733844651, -0.9999898321411345, 0.0031693096199440596], [0.0, 0.0, 0.0, 1.0]]}, "mean_rme": {"type": "float", "data": 0.0018794556048850881}, "max_rme": {"type": "float", "data": 0.006662011196769568}, "simu": {"type": "float", "data": 0.002}}, {"type": "dict", "image_number": {"type": "int", "data": 29}, "Hcamera2end": {"type": "ndarray", "data": [[0.9999896787764816, 0.002060555851760712, -0.004049253028757747, -0.00858599430821068], [0.0040472841838385286, 0.0009587666226008595, 0.9999913500912389, 0.02547759529269943], [0.002064420316791035, -0.9999974174347378, 0.0009504170718475091, 0.032393433116739215], [0.0, 0.0, 0.0, 1.0]]}, "Hobj2base": {"type": "ndarray", "data": [[0.9999993050064597, 0.0011238419339475096, -0.0003563227538864583, -0.7348807189671905], [0.001122630553006398, -0.9999936514110823, -0.003381839465775243, 0.09390147932704336], [-0.0003601211447452887, 0.0033814370966084154, -0.9999942180812462, 0.003163211372937764], [0.0, 0.0, 0.0, 1.0]]}, "mean_rme": {"type": "float", "data": 0.0018787981014925174}, "max_rme": {"type": "float", "data": 0.006727234957315198}, "simu": {"type": "float", "data": 0.002}}, {"type": "dict", "image_number": {"type": "int", "data": 30}, "Hcamera2end": {"type": "ndarray", "data": [[0.9999865215550812, 0.003811986037229168, -0.0035249781022197234, -0.008454050574518646], [0.003521669498813065, 0.0008743117047790294, 0.999993416689822, 0.025086668041301503], [0.003815042871356551, -0.9999923521415025, 0.0008608753654596457, 0.032001163312057865], [0.0, 0.0, 0.0, 1.0]]}, "Hobj2base": {"type": "ndarray", "data": [[0.9999962735937971, 0.0027127910333902237, -0.00030588123344253384, -0.7347063574309584], [0.0027119506038834227, -0.9999926362113245, -0.00271529870308321, 0.0938689058595276], [-0.0003132450189724713, 0.0027144590499815287, -0.9999962667878433, 0.003645735527595982], [0.0, 0.0, 0.0, 1.0]]}, "mean_rme": {"type": "float", "data": 0.0019461261838765594}, "max_rme": {"type": "float", "data": 0.00656500579140934}, "simu": {"type": "float", "data": 0.002}}, {"type": "dict", "image_number": {"type": "int", "data": 31}, "Hcamera2end": {"type": "ndarray", "data": [[0.9999872153217362, 0.003656746578375673, -0.003492477278556031, -0.008278675326010945], [0.0034881062139858064, 0.0012010385429408466, 0.999993195287577, 0.025471428675333637], [0.0036609162950886945, -0.9999925928280068, 0.0011882680675865398, 0.031952505547922096], [0.0, 0.0, 0.0, 1.0]]}, "Hobj2base": {"type": "ndarray", "data": [[0.9999968832488153, 0.0024177448224079563, -0.0006228985704473831, -0.7348285800551722], [0.0024159645166935487, -0.9999930397212602, -0.0028431715544318488, 0.0940380808348353], [-0.0006297682982046515, 0.0028416577921298383, -0.9999957641774702, 0.0032886342928484585], [0.0, 0.0, 0.0, 1.0]]}, "mean_rme": {"type": "float", "data": 0.0019125804985900524}, "max_rme": {"type": "float", "data": 0.00661266782389075}, "simu": {"type": "float", "data": 0.002}}]}