{"type": "list", "data": [{"type": "dict", "image_number": {"type": "int", "data": 5}, "Hcamera2end": {"type": "ndarray", "data": [[0.9994352759212879, 0.007807015283247773, 0.03268301939090591, -0.010713575759884394], [-0.03255419094856543, -0.016094997022582547, 0.9993403703055967, 0.039018906872335765], [0.008327898643927922, -0.9998399879896833, -0.015831756723947876, 0.03585138044285197], [0.0, 0.0, 0.0, 1.0]]}, "Hobj2base": {"type": "ndarray", "data": [[0.9999209735274914, 0.006260671654365336, 0.010901866366364622, -0.7364099668095353], [0.005923023636646456, -0.999510075230553, 0.0307331629289036, 0.1078959061949722], [0.011088935513996513, -0.03066616218327676, -0.9994681695812608, -0.003700084367725043], [0.0, 0.0, 0.0, 1.0]]}, "mean_rme": {"type": "float", "data": 0.0016473417831949174}, "max_rme": {"type": "float", "data": 0.0046209752234006585}, "simu": {"type": "float", "data": 0.002}}, {"type": "dict", "image_number": {"type": "int", "data": 6}, "Hcamera2end": {"type": "ndarray", "data": [[0.9997719904405222, 0.008057193452869644, 0.01977495295214105, -0.01193201586946329], [-0.019680290688457357, -0.011663401496378345, 0.9997382913662716, 0.03765775465391886], [0.008285728031632224, -0.9998995183013129, -0.011502174220055617, 0.035821696246836884], [0.0, 0.0, 0.0, 1.0]]}, "Hobj2base": {"type": "ndarray", "data": [[0.9999369327570395, 0.008097143860579147, 0.007782465531235213, -0.738236221498651], [0.007948397630404787, -0.9997886946544952, 0.018957558286079878, 0.09987703227533944], [0.007934323131354956, -0.018894504554558333, -0.9997900000570545, -0.005270669187121685], [0.0, 0.0, 0.0, 1.0]]}, "mean_rme": {"type": "float", "data": 0.0019898217886700972}, "max_rme": {"type": "float", "data": 0.005876894702040447}, "simu": {"type": "float", "data": 0.002}}, {"type": "dict", "image_number": {"type": "int", "data": 7}, "Hcamera2end": {"type": "ndarray", "data": [[0.9999497189577725, 0.009752527122930699, 0.0023340460553185533, -0.01276019804799914], [-0.0021428119494332084, -0.019573320841105968, 0.9998061279409126, 0.03650717204652371], [0.00979632141271474, -0.9997608580685521, -0.01955143884247801, 0.035125664095592216], [0.0, 0.0, 0.0, 1.0]]}, "Hobj2base": {"type": "ndarray", "data": [[0.9998257612553707, 0.010192991294554971, 0.015638096386314502, -0.73401386224526], [0.0101687655241393, -0.9999469716906007, 0.0016278865170080714, 0.0899811153307611], [0.0156538601575973, -0.0014685827407086266, -0.9998763923240215, -0.009311986408043482], [0.0, 0.0, 0.0, 1.0]]}, "mean_rme": {"type": "float", "data": 0.0019254317504464186}, "max_rme": {"type": "float", "data": 0.0059419689441198575}, "simu": {"type": "float", "data": 0.002}}, {"type": "dict", "image_number": {"type": "int", "data": 8}, "Hcamera2end": {"type": "ndarray", "data": [[0.9998436049761548, 0.007776842282729053, 0.01588352329920647, -0.012307949194510498], [-0.015735628309723207, -0.018722874276478896, 0.9997008772530539, 0.03725182150687188], [0.008071901262101442, -0.999794466229403, -0.018597572612525592, 0.03544758187044884], [0.0, 0.0, 0.0, 1.0]]}, "Hobj2base": {"type": "ndarray", "data": [[0.9998533045948521, 0.008179090390915819, 0.015048979072716757, -0.7343723944627605], [0.007947893469091959, -0.9998504524138587, 0.015359160042333776, 0.09760427175429609], [0.01517235249253733, -0.015237299241640086, -0.9997687854857558, -0.0072416611701656974], [0.0, 0.0, 0.0, 1.0]]}, "mean_rme": {"type": "float", "data": 0.0019268465310168703}, "max_rme": {"type": "float", "data": 0.005884261382622269}, "simu": {"type": "float", "data": 0.002}}, {"type": "dict", "image_number": {"type": "int", "data": 9}, "Hcamera2end": {"type": "ndarray", "data": [[0.9999040256428813, 0.009411222879992825, 0.010167024494089147, -0.01239721906958998], [-0.009944709532961445, -0.023375124909741585, 0.9996773010765818, 0.036915629348289236], [0.009645841356011141, -0.9996824657956931, -0.023279289619264176, 0.035298742955431034], [0.0, 0.0, 0.0, 1.0]]}, "Hobj2base": {"type": "ndarray", "data": [[0.9997634477039204, 0.009041177653925408, 0.01978144943629062, -0.7317948993464708], [0.008857199308739884, -0.9999168873540294, 0.009368479312812374, 0.09450495574909977], [0.0198645074335011, -0.009191054937247168, -0.9997604342309037, -0.008816720583133387], [0.0, 0.0, 0.0, 1.0]]}, "mean_rme": {"type": "float", "data": 0.0019424948420482884}, "max_rme": {"type": "float", "data": 0.006225507460049129}, "simu": {"type": "float", "data": 0.002}}, {"type": "dict", "image_number": {"type": "int", "data": 10}, "Hcamera2end": {"type": "ndarray", "data": [[0.9998947217718889, 0.010847910055663094, 0.009636815871501933, -0.01229363521048011], [-0.009332596600989014, -0.027753711442398465, 0.9995712251469904, 0.03695426704872557], [0.011110716151544704, -0.9995559285745828, -0.027649550412320867, 0.03524871234146291], [0.0, 0.0, 0.0, 1.0]]}, "Hobj2base": {"type": "ndarray", "data": [[0.9996457264812825, 0.010154615767572888, 0.024602953203261238, -0.7294403183889958], [0.009934584212338586, -0.9999097049759433, 0.009049084564192612, 0.09427815835183435], [0.024692621655807538, -0.008801458602692859, -0.9996563453318488, -0.009597292247553891], [0.0, 0.0, 0.0, 1.0]]}, "mean_rme": {"type": "float", "data": 0.0020270510617756213}, "max_rme": {"type": "float", "data": 0.006539438176271728}, "simu": {"type": "float", "data": 0.002}}, {"type": "dict", "image_number": {"type": "int", "data": 11}, "Hcamera2end": {"type": "ndarray", "data": [[0.9998925753993261, 0.01286003014895147, 0.0070325874236324155, -0.012336463499872372], [-0.006626656144393701, -0.03134005936291295, 0.9994868123729663, 0.0369563468333328], [0.01307383224792726, -0.9994260454399302, -0.031251473671747076, 0.035124980417235725], [0.0, 0.0, 0.0, 1.0]]}, "Hobj2base": {"type": "ndarray", "data": [[0.9994965420810596, 0.01184666543454648, 0.02943329553560769, -0.727577385835557], [0.011659932277921845, -0.9999108430131767, 0.006507841727695258, 0.0929063194300456], [0.02950776757531444, -0.0061613750705809935, -0.9995455612977133, -0.010726452141915623], [0.0, 0.0, 0.0, 1.0]]}, "mean_rme": {"type": "float", "data": 0.0020986555381740336}, "max_rme": {"type": "float", "data": 0.006701624714358034}, "simu": {"type": "float", "data": 0.002}}, {"type": "dict", "image_number": {"type": "int", "data": 12}, "Hcamera2end": {"type": "ndarray", "data": [[0.999921051259042, 0.01239333486535052, 0.002072800021131471, -0.012878775954807532], [-0.0016751773504843316, -0.03200832706605028, 0.9994861983935932, 0.03658216918946413], [0.012453314011006859, -0.9994107625242725, -0.03198503901506489, 0.035125710790734496], [0.0, 0.0, 0.0, 1.0]]}, "Hobj2base": {"type": "ndarray", "data": [[0.9994597830941014, 0.01176353494291138, 0.030688128374642763, -0.7269407842311332], [0.011708932577356425, -0.9999295303564488, 0.001958371525146488, 0.09012812165360384], [0.030709003165042215, -0.0015979883536766225, -0.999527089956961, -0.011761420481541213], [0.0, 0.0, 0.0, 1.0]]}, "mean_rme": {"type": "float", "data": 0.0021265926158961974}, "max_rme": {"type": "float", "data": 0.006296460720488617}, "simu": {"type": "float", "data": 0.002}}, {"type": "dict", "image_number": {"type": "int", "data": 13}, "Hcamera2end": {"type": "ndarray", "data": [[0.999914771881404, 0.012737171046563004, 0.0028659112146964157, -0.012922481294495134], [-0.002461508867459064, -0.031652822215597176, 0.9994958928479312, 0.03666348172835448], [0.01282146432570578, -0.9994177621593077, -0.031618771845634, 0.03508289352447081], [0.0, 0.0, 0.0, 1.0]]}, "Hobj2base": {"type": "ndarray", "data": [[0.9994699344272723, 0.012224566621984937, 0.030173003609992484, -0.7271694228961093], [0.012139914071648624, -0.9999218465753106, 0.002987177221722271, 0.09053964233991703], [0.030207162433385816, -0.0026192961508085468, -0.9995402276173768, -0.011618005633504295], [0.0, 0.0, 0.0, 1.0]]}, "mean_rme": {"type": "float", "data": 0.0020479047987255953}, "max_rme": {"type": "float", "data": 0.006249079526428891}, "simu": {"type": "float", "data": 0.002}}, {"type": "dict", "image_number": {"type": "int", "data": 14}, "Hcamera2end": {"type": "ndarray", "data": [[0.99993794013366, 0.01113895080330424, -0.00019913878218775702, -0.013188405982221381], [0.0005701883527901427, -0.03331774990859149, 0.9994446470046606, 0.03648032209144017], [0.011126129897468655, -0.9993827351500674, -0.03332203351349583, 0.035224541444025585], [0.0, 0.0, 0.0, 1.0]]}, "Hobj2base": {"type": "ndarray", "data": [[0.9994339911935214, 0.010526532191238214, 0.03195135939228621, -0.7260142018670127], [0.010518500058985122, -0.9999445910683271, 0.00041946359308011694, 0.08914592555465127], [0.03195400449861239, -8.314579734001917e-05, -0.9994893369532662, -0.012318699809643409], [0.0, 0.0, 0.0, 1.0]]}, "mean_rme": {"type": "float", "data": 0.0020412138381773436}, "max_rme": {"type": "float", "data": 0.006205340716851471}, "simu": {"type": "float", "data": 0.002}}, {"type": "dict", "image_number": {"type": "int", "data": 15}, "Hcamera2end": {"type": "ndarray", "data": [[0.9999514190363201, 0.00969939976448845, 0.0017553379898112955, -0.013017336702659914], [-0.001419988604354331, -0.034473601428455236, 0.9994045999678587, 0.03651610161152836], [0.0097541375637899, -0.9993585404892285, -0.03445815363054172, 0.035384008526692906], [0.0, 0.0, 0.0, 1.0]]}, "Hobj2base": {"type": "ndarray", "data": [[0.999402140552299, 0.0089803073687559, 0.0333873559756589, -0.725267800906114], [0.008908657042733234, -0.9999576853990695, 0.0022941754577777513, 0.09037684849772615], [0.03340654560378336, -0.0019953673593548398, -0.9994398537280389, -0.012155009527820455], [0.0, 0.0, 0.0, 1.0]]}, "mean_rme": {"type": "float", "data": 0.0020025394424966}, "max_rme": {"type": "float", "data": 0.006289603569848312}, "simu": {"type": "float", "data": 0.002}}, {"type": "dict", "image_number": {"type": "int", "data": 16}, "Hcamera2end": {"type": "ndarray", "data": [[0.9999393169335822, 0.010995089810546418, 0.0006858939124846338, -0.013109943500707035], [-0.0003144292001958015, -0.033750792182346334, 0.9994302302618937, 0.03651869340080219], [0.011011974604004014, -0.9993697974359251, -0.03374528690348755, 0.035250570215978355], [0.0, 0.0, 0.0, 1.0]]}, "Hobj2base": {"type": "ndarray", "data": [[0.999424961057932, 0.0105463841973703, 0.03222609183119344, -0.7257923595652179], [0.01050792199525041, -0.9999438618159311, 0.0013626415464853719, 0.08962709860589609], [0.03223865365819093, -0.001023228715358106, -0.9994796757379831, -0.012202118308616935], [0.0, 0.0, 0.0, 1.0]]}, "mean_rme": {"type": "float", "data": 0.0019597198110836178}, "max_rme": {"type": "float", "data": 0.0062790456098675285}, "simu": {"type": "float", "data": 0.002}}, {"type": "dict", "image_number": {"type": "int", "data": 17}, "Hcamera2end": {"type": "ndarray", "data": [[0.9999276297116649, 0.012017022954060477, -0.0005714005015399794, -0.013208208620742684], [0.0009727024489287889, -0.03341517438794783, 0.9994410837916206, 0.03651356315218735], [0.011991212997750664, -0.9993693097548797, -0.03342444510979892, 0.03514874853880974], [0.0, 0.0, 0.0, 1.0]]}, "Hobj2base": {"type": "ndarray", "data": [[0.999437125400261, 0.011332622437072743, 0.031575370787398666, -0.7260390515769947], [0.011335626770037625, -0.9999357462019975, 8.386407877898313e-05, 0.08889669554643845], [0.03157429234984309, 0.0002741097445522924, -0.9995013701473616, -0.012353046793485804], [0.0, 0.0, 0.0, 1.0]]}, "mean_rme": {"type": "float", "data": 0.0019063255551438891}, "max_rme": {"type": "float", "data": 0.00630362636091486}, "simu": {"type": "float", "data": 0.002}}, {"type": "dict", "image_number": {"type": "int", "data": 18}, "Hcamera2end": {"type": "ndarray", "data": [[0.999938790856049, 0.011059832267182974, 0.0003076549437556822, -0.013297237500264129], [2.7452900191595603e-05, -0.03028662823791728, 0.9995412544744295, 0.0349450127530468], [0.011064076449523931, -0.9994800649638791, -0.030285078043801095, 0.03601204598285052], [0.0, 0.0, 0.0, 1.0]]}, "Hobj2base": {"type": "ndarray", "data": [[0.9995468957286617, 0.01033517001207945, 0.028269904492538345, -0.7284020432400664], [0.010310000225608972, -0.9999463139019784, 0.001035958104053549, 0.0893706335495988], [0.02827909359480549, -0.0007440259853156605, -0.9995997895611968, -0.010175841927642645], [0.0, 0.0, 0.0, 1.0]]}, "mean_rme": {"type": "float", "data": 0.0019079819204320485}, "max_rme": {"type": "float", "data": 0.006020765947519546}, "simu": {"type": "float", "data": 0.002}}, {"type": "dict", "image_number": {"type": "int", "data": 19}, "Hcamera2end": {"type": "ndarray", "data": [[0.9999311009211767, 0.01171198372786942, -0.0007892070208512002, -0.013131740379204655], [0.001131402439009427, -0.02923974471604862, 0.9995717869455206, 0.035142890499074514], [0.011683892291725492, -0.9995038102809305, -0.029250981091527795, 0.03385199610690552], [0.0, 0.0, 0.0, 1.0]]}, "Hobj2base": {"type": "ndarray", "data": [[0.9995631657690538, 0.010883751486232579, 0.02747765621978964, -0.7267243661586434], [0.0108917201026855, -0.9999406736080116, -0.00014034799599745148, 0.08886091329093876], [0.02747449855687581, 0.0004395656278123192, -0.9996224080677196, -0.010214926116129184], [0.0, 0.0, 0.0, 1.0]]}, "mean_rme": {"type": "float", "data": 0.0019379142567777527}, "max_rme": {"type": "float", "data": 0.0061715649680533224}, "simu": {"type": "float", "data": 0.002}}, {"type": "dict", "image_number": {"type": "int", "data": 20}, "Hcamera2end": {"type": "ndarray", "data": [[0.9999412441730511, 0.010824349687103243, -0.0005845130468783858, -0.013162498250151868], [0.0008767395992475861, -0.027012112238406383, 0.9996347218459826, 0.03517681529037505], [0.010804606856604004, -0.9995764999469882, -0.02702001525542097, 0.033078625411421425], [0.0, 0.0, 0.0, 1.0]]}, "Hobj2base": {"type": "ndarray", "data": [[0.9996333542821441, 0.0098458602529794, 0.025223323383493017, -0.7267915501765395], [0.009844770461980418, -0.9999515250631612, 0.0001673870018658983, 0.0891894574574062], [0.025223748753513683, 8.099219886035266e-05, -0.9996818273526247, -0.009756390551545407], [0.0, 0.0, 0.0, 1.0]]}, "mean_rme": {"type": "float", "data": 0.0019085451975646914}, "max_rme": {"type": "float", "data": 0.006093158700896717}, "simu": {"type": "float", "data": 0.002}}, {"type": "dict", "image_number": {"type": "int", "data": 21}, "Hcamera2end": {"type": "ndarray", "data": [[0.9999425874095398, 0.010700721511720772, -0.0005625334154776051, -0.013170817204334016], [0.0008494592062792492, -0.026828069555725476, 0.9996397016440323, 0.03517060594372007], [0.010681774373754577, -0.9995827875884226, -0.02683561911315735, 0.03305363141507477], [0.0, 0.0, 0.0, 1.0]]}, "Hobj2base": {"type": "ndarray", "data": [[0.9996598660387837, 0.009547359350678816, 0.02426932551082114, -0.7268192423431044], [0.009555449237461584, -0.9999543220229437, -0.0002173879138685866, 0.08924588998925594], [0.02426614145659509, 0.0004492182808024048, -0.9997054329059858, -0.009643890598825547], [0.0, 0.0, 0.0, 1.0]]}, "mean_rme": {"type": "float", "data": 0.0018456230436578417}, "max_rme": {"type": "float", "data": 0.006245099498759343}, "simu": {"type": "float", "data": 0.002}}, {"type": "dict", "image_number": {"type": "int", "data": 22}, "Hcamera2end": {"type": "ndarray", "data": [[0.9999343926610843, 0.011454331097719976, 9.312686167627267e-05, -0.013133203487016349], [0.00020220909027176496, -0.02577991937955937, 0.9996676221966315, 0.035570026822122305], [0.011452924735296747, -0.999602017833041, -0.025780544197522293, 0.033977857581774074], [0.0, 0.0, 0.0, 1.0]]}, "Hobj2base": {"type": "ndarray", "data": [[0.9996685452063695, 0.010560902210809183, 0.023479077270509633, -0.7282194894620514], [0.010556352591662467, -0.9999442296843128, 0.0003177121434669955, 0.08928938303354887], [0.02348112316183656, -6.975341805966103e-05, -0.9997242779834441, -0.009897764150104342], [0.0, 0.0, 0.0, 1.0]]}, "mean_rme": {"type": "float", "data": 0.0018910001164636305}, "max_rme": {"type": "float", "data": 0.006041243282356112}, "simu": {"type": "float", "data": 0.002}}, {"type": "dict", "image_number": {"type": "int", "data": 23}, "Hcamera2end": {"type": "ndarray", "data": [[0.9999379987911057, 0.01113541905677436, 3.187583390045108e-05, -0.013090769605810647], [0.0002531437158462225, -0.025593415985890156, 0.9996724028282625, 0.03518210724477036], [0.011132586936462161, -0.9996104138616219, -0.02559464802451683, 0.03393745115628662], [0.0, 0.0, 0.0, 1.0]]}, "Hobj2base": {"type": "ndarray", "data": [[0.9996761706172921, 0.010152352363671747, 0.023334173253634134, -0.7282726490948528], [0.010150681606604718, -0.9999484624442339, 0.0001900482417549892, 0.08926128802128008], [0.02333490010409521, 4.6871064700814794e-05, -0.9997277030473024, -0.009494115733191411], [0.0, 0.0, 0.0, 1.0]]}, "mean_rme": {"type": "float", "data": 0.0018720972635585583}, "max_rme": {"type": "float", "data": 0.006038146026005109}, "simu": {"type": "float", "data": 0.002}}, {"type": "dict", "image_number": {"type": "int", "data": 24}, "Hcamera2end": {"type": "ndarray", "data": [[0.9999357081278639, 0.011339077700935504, 7.019771773709212e-05, -0.013055017488328702], [0.00021774140024115752, -0.025390291360939177, 0.9996775908728219, 0.034689481020443905], [0.01133720421929716, -0.9996133044440227, -0.02539112795822951, 0.033823987906503934], [0.0, 0.0, 0.0, 1.0]]}, "Hobj2base": {"type": "ndarray", "data": [[0.9996695997998876, 0.010297486028550913, 0.02355107253235851, -0.7283483960890872], [0.010292024646395486, -0.999946973369455, 0.00035309764171267076, 0.08923927916563616], [0.02355345971636865, -0.0001105927592291081, -0.9997225726693537, -0.009003248667320411], [0.0, 0.0, 0.0, 1.0]]}, "mean_rme": {"type": "float", "data": 0.0018543286997615017}, "max_rme": {"type": "float", "data": 0.005954477554874493}, "simu": {"type": "float", "data": 0.002}}, {"type": "dict", "image_number": {"type": "int", "data": 25}, "Hcamera2end": {"type": "ndarray", "data": [[0.9999337911171228, 0.01146594645511582, -0.0009723446028107154, -0.013097527721860977], [0.0012542634073888642, -0.02460598670908465, 0.9996964400463659, 0.03465872763053575], [0.011438540354568122, -0.9996314708381089, -0.024618738891262426, 0.03469892922336088], [0.0, 0.0, 0.0, 1.0]]}, "Hobj2base": {"type": "ndarray", "data": [[0.9996852599615313, 0.010589246981370008, 0.022743105856785635, -0.7295741683977621], [0.010610299126550425, -0.999943385020595, -0.0008051745148723963, 0.08859155812998773], [0.022733292064514854, 0.0010462322504219078, -0.9997410178791244, -0.009055296574028027], [0.0, 0.0, 0.0, 1.0]]}, "mean_rme": {"type": "float", "data": 0.0018590604618767277}, "max_rme": {"type": "float", "data": 0.005906247888620042}, "simu": {"type": "float", "data": 0.002}}, {"type": "dict", "image_number": {"type": "int", "data": 26}, "Hcamera2end": {"type": "ndarray", "data": [[0.9999329179877087, 0.011561150907060148, -0.0007066217449572471, -0.013106826515517124], [0.0009912726713680112, -0.024634157596068684, 0.9996960416336673, 0.034516370145590794], [0.011540229767091428, -0.9996296804663396, -0.024643965340149787, 0.034530273511087964], [0.0, 0.0, 0.0, 1.0]]}, "Hobj2base": {"type": "ndarray", "data": [[0.9996894513922616, 0.010420160728957897, 0.02263671852150049, -0.72941494927452], [0.010432959681954191, -0.9999454751161168, -0.00044737800386779976, 0.08878328153213359], [0.022630822506344704, 0.0006834070429181261, -0.99974365655777, -0.008843677798970143], [0.0, 0.0, 0.0, 1.0]]}, "mean_rme": {"type": "float", "data": 0.001832512094593689}, "max_rme": {"type": "float", "data": 0.0059176519655521065}, "simu": {"type": "float", "data": 0.002}}, {"type": "dict", "image_number": {"type": "int", "data": 27}, "Hcamera2end": {"type": "ndarray", "data": [[0.9999321396189695, 0.011559817795610201, 0.0014445655270686987, -0.012942363551528342], [-0.001151263533234862, -0.025339095837806358, 0.9996782506458763, 0.0346817788123424], [0.01159270241603506, -0.9996120751744924, -0.02532406792042874, 0.03356525843849416], [0.0, 0.0, 0.0, 1.0]]}, "Hobj2base": {"type": "ndarray", "data": [[0.9996723392274055, 0.010364910856605783, 0.023404760339334307, -0.7281276733457264], [0.010327054491772137, -0.9999451645707147, 0.0017377563607164578, 0.08985195847407924], [0.02342148861902312, -0.0014954847307335516, -0.9997245607647578, -0.008768861058069281], [0.0, 0.0, 0.0, 1.0]]}, "mean_rme": {"type": "float", "data": 0.001836951150748941}, "max_rme": {"type": "float", "data": 0.005910414086611859}, "simu": {"type": "float", "data": 0.002}}, {"type": "dict", "image_number": {"type": "int", "data": 28}, "Hcamera2end": {"type": "ndarray", "data": [[0.9999285940528916, 0.011940568966768239, 0.0004791744539315891, -0.013046037243410217], [-0.00018001672557164082, -0.025042382985137612, 0.999686374143613, 0.03440790814923988], [0.01194882376579234, -0.9996150768506722, -0.025038445307935753, 0.033869600138334344], [0.0, 0.0, 0.0, 1.0]]}, "Hobj2base": {"type": "ndarray", "data": [[0.9996799230211603, 0.010662166865464066, 0.022942748443464778, -0.7286490283739366], [0.010642826317468986, -0.9999428979447691, 0.0009649340881021972, 0.08938950559609403], [0.022951726653637518, -0.0007204495479853205, -0.9997363148330998, -0.008563589090327815], [0.0, 0.0, 0.0, 1.0]]}, "mean_rme": {"type": "float", "data": 0.0018362837569548954}, "max_rme": {"type": "float", "data": 0.005922138718393588}, "simu": {"type": "float", "data": 0.002}}, {"type": "dict", "image_number": {"type": "int", "data": 29}, "Hcamera2end": {"type": "ndarray", "data": [[0.9999207164850857, 0.01259207312516892, -2.0937126986513704e-05, -0.013067967679566727], [0.00033492515437142517, -0.02493378021584003, 0.9996890488693416, 0.03415300454175527], [0.012587635564070684, -0.9996097970200964, -0.02493602078013968, 0.033939905844207294], [0.0, 0.0, 0.0, 1.0]]}, "Hobj2base": {"type": "ndarray", "data": [[0.9996703016810211, 0.011309406323869162, 0.023051795278844815, -0.7288881589743255], [0.011297029388945255, -0.9999359640168894, 0.0006670776564054288, 0.08907763934011496], [0.02305786338673753, -0.0004064409132904243, -0.9997340495060787, -0.008381554526408763], [0.0, 0.0, 0.0, 1.0]]}, "mean_rme": {"type": "float", "data": 0.0018019459039843098}, "max_rme": {"type": "float", "data": 0.005879112467564285}, "simu": {"type": "float", "data": 0.002}}, {"type": "dict", "image_number": {"type": "int", "data": 30}, "Hcamera2end": {"type": "ndarray", "data": [[0.999914088301347, 0.01309397642598539, 0.0006031565649308535, -0.011896312607248022], [-0.0003018592979630221, -0.023000164703781634, 0.9997354156498425, 0.032805241274617314], [0.013104384665077316, -0.9996497087504977, -0.022994236182031225, 0.03397518054433925], [0.0, 0.0, 0.0, 1.0]]}, "Hobj2base": {"type": "ndarray", "data": [[0.999707957189426, 0.011605086391246742, 0.02119722392193529, -0.7294854468513132], [0.011574761669396706, -0.9999318046305543, 0.0015527332610630485, 0.0906242807962744], [0.021213797973055903, -0.0013069269815281803, -0.999774107845079, -0.006676982478424615], [0.0, 0.0, 0.0, 1.0]]}, "mean_rme": {"type": "float", "data": 0.0018643230893738826}, "max_rme": {"type": "float", "data": 0.006555929838673563}, "simu": {"type": "float", "data": 0.002}}, {"type": "dict", "image_number": {"type": "int", "data": 31}, "Hcamera2end": {"type": "ndarray", "data": [[0.9999128676379022, 0.013189490891501213, 0.000542643686147478, -0.012232000500560095], [-0.00024304668351893266, -0.022705824437895483, 0.9997421599917176, 0.03260236272253879], [0.013198411285330506, -0.9996551819835771, -0.022700640363760405, 0.0340194037800948], [0.0, 0.0, 0.0, 1.0]]}, "Hobj2base": {"type": "ndarray", "data": [[0.9997124240821686, 0.011691002793222261, 0.020937755119471838, -0.7297045553592574], [0.011660310418423525, -0.9999307563032829, 0.0015873750948049389, 0.09031525285588997], [0.02095486331857365, -0.00134277787979713, -0.9997795210199427, -0.0064104016592594565], [0.0, 0.0, 0.0, 1.0]]}, "mean_rme": {"type": "float", "data": 0.0018538970833081353}, "max_rme": {"type": "float", "data": 0.006666500277552778}, "simu": {"type": "float", "data": 0.002}}]}