{"type": "list", "data": [{"type": "dict", "image_number": {"type": "int", "data": 5}, "Hcamera2end": {"type": "ndarray", "data": [[0.9999816044094522, -0.0060232234759406665, 0.000715277328625934, -0.017966895869522558], [-0.000620950754156465, 0.015647814667821613, 0.9998773726394062, 0.03145661334479455], [-0.00603367739101798, -0.9998594234566577, 0.015643786691870165, 0.03562133424968403], [0.0, 0.0, 0.0, 1.0]]}, "Hobj2base": {"type": "ndarray", "data": [[0.9998657528245579, 0.003918931137333247, -0.015909692244693813, -0.7474685540581195], [0.003976440121746001, -0.9999856688565967, 0.0035846904167007704, 0.08667639375753429], [-0.01589541608572104, -0.0036474731207039256, -0.999867007000079, 0.0014215059080871617], [0.0, 0.0, 0.0, 1.0]]}, "mean_rme": {"type": "float", "data": 0.0008282926835157936}, "max_rme": {"type": "float", "data": 0.0022081898698693703}, "simu": {"type": "float", "data": 0.002}}, {"type": "dict", "image_number": {"type": "int", "data": 6}, "Hcamera2end": {"type": "ndarray", "data": [[0.9999639824674972, -0.007026678194433249, -0.004760206013921706, -0.017400437031460457], [0.004818596532444644, 0.008316425806428884, 0.9999538080277828, 0.03130924873868734], [-0.006986765718171215, -0.9999407296711931, 0.008349984996474435, 0.03523994012640747], [0.0, 0.0, 0.0, 1.0]]}, "Hobj2base": {"type": "ndarray", "data": [[0.9999566481911294, 0.0001892648823361064, -0.009309453107794618, -0.7425422978045999], [0.00016543321782627602, -0.9999967078567054, -0.002560645934399512, 0.08489249776545911], [-0.00930990710009247, 0.002558994832982553, -0.9999533875012536, -0.00178758321281694], [0.0, 0.0, 0.0, 1.0]]}, "mean_rme": {"type": "float", "data": 0.0013621732821288766}, "max_rme": {"type": "float", "data": 0.005243879859510525}, "simu": {"type": "float", "data": 0.002}}, {"type": "dict", "image_number": {"type": "int", "data": 7}, "Hcamera2end": {"type": "ndarray", "data": [[0.9999554540336316, -0.007144776967457948, 0.006167828668089382, -0.017000472748755473], [-0.006266251906772566, -0.01383606670295845, 0.9998846420188842, 0.030522668034328973], [-0.007058614271547356, -0.9998787503594005, -0.01388022133429212, 0.034587740261582366], [0.0, 0.0, 0.0, 1.0]]}, "Hobj2base": {"type": "ndarray", "data": [[0.9998925174748954, -0.0099082113644196, 0.010806518647283323, -0.729170631896455], [-0.009990723150963035, -0.9999211464881164, 0.007608301835003192, 0.09216111292388163], [0.010730281852631232, -0.007715449011540935, -0.9999126626350494, -0.0018867181364995195], [0.0, 0.0, 0.0, 1.0]]}, "mean_rme": {"type": "float", "data": 0.001697401264348388}, "max_rme": {"type": "float", "data": 0.005815653084108585}, "simu": {"type": "float", "data": 0.002}}, {"type": "dict", "image_number": {"type": "int", "data": 8}, "Hcamera2end": {"type": "ndarray", "data": [[0.9998540763865871, -0.008625954428193765, 0.014745129478155428, -0.01769351921961258], [-0.014811862087214642, -0.007724212044201373, 0.9998604629096031, 0.03037641823562398], [-0.008510856280902483, -0.9999329624822351, -0.007850851346630217, 0.03528182739913895], [0.0, 0.0, 0.0, 1.0]]}, "Hobj2base": {"type": "ndarray", "data": [[0.9999536414965002, -0.008197326650917484, 0.005051603078919618, -0.7328513391166058], [-0.008278983117430635, -0.999831868695674, 0.01636131960011479, 0.09565953388656308], [0.004916634665102824, -0.016402383250429184, -0.9998533835154408, 0.0022764072876642477], [0.0, 0.0, 0.0, 1.0]]}, "mean_rme": {"type": "float", "data": 0.0019624241829839196}, "max_rme": {"type": "float", "data": 0.006729943188885812}, "simu": {"type": "float", "data": 0.002}}, {"type": "dict", "image_number": {"type": "int", "data": 9}, "Hcamera2end": {"type": "ndarray", "data": [[0.9996838478109868, -0.01035160293914408, 0.022913942096678942, -0.017578493214203336], [-0.023066270400605254, -0.014843847436085467, 0.9996237328930822, 0.02998972000140543], [-0.010007576910811812, -0.9998362388460844, -0.015077927393699175, 0.03502790171958101], [0.0, 0.0, 0.0, 1.0]]}, "Hobj2base": {"type": "ndarray", "data": [[0.9998477978037853, -0.013394114613543926, 0.01117939715011568, -0.7283324397296567], [-0.013670238108405886, -0.9995939886187475, 0.024999650144023864, 0.10058425023992336], [0.01084001000830963, -0.02514867016331786, -0.9996249489543751, 0.003947994463468718], [0.0, 0.0, 0.0, 1.0]]}, "mean_rme": {"type": "float", "data": 0.00204466694640139}, "max_rme": {"type": "float", "data": 0.006858976125424465}, "simu": {"type": "float", "data": 0.002}}, {"type": "dict", "image_number": {"type": "int", "data": 10}, "Hcamera2end": {"type": "ndarray", "data": [[0.9997825928667177, -0.008976193597906485, 0.018820067725596672, -0.01754041011380916], [-0.018929517193990764, -0.01226832408762668, 0.9997455484286406, 0.03017101757130202], [-0.008743018901131966, -0.9998844514105487, -0.01243557187750488, 0.035052504456785094], [0.0, 0.0, 0.0, 1.0]]}, "Hobj2base": {"type": "ndarray", "data": [[0.9999046182766194, -0.01032220459021689, 0.0091764067851145, -0.7301272218169761], [-0.01051402927264965, -0.999721922895298, 0.021107630634013184, 0.09814583355550845], [0.008955977754665112, -0.021202098361383266, -0.9997350956566107, 0.0029101297647488754], [0.0, 0.0, 0.0, 1.0]]}, "mean_rme": {"type": "float", "data": 0.002069235349223259}, "max_rme": {"type": "float", "data": 0.0068796327923014156}, "simu": {"type": "float", "data": 0.002}}, {"type": "dict", "image_number": {"type": "int", "data": 11}, "Hcamera2end": {"type": "ndarray", "data": [[0.9996735334967445, -0.00984852055380438, 0.023576112254452386, -0.017305684432205332], [-0.023682219256156604, -0.010799910598634055, 0.9996611998183009, 0.030172358664578777], [-0.009590563968639837, -0.9998931785815737, -0.011029619612689334, 0.0346781841263578], [0.0, 0.0, 0.0, 1.0]]}, "Hobj2base": {"type": "ndarray", "data": [[0.9999193321429437, -0.010808091896032733, 0.006671908001197159, -0.7311233262391835], [-0.010974324651869278, -0.9996170528379318, 0.025402989470596375, 0.10067566309022478], [0.006394795168330362, -0.025474159950325502, -0.9996550273817366, 0.004507439224130287], [0.0, 0.0, 0.0, 1.0]]}, "mean_rme": {"type": "float", "data": 0.0022075733451462536}, "max_rme": {"type": "float", "data": 0.0074692487380818295}, "simu": {"type": "float", "data": 0.002}}, {"type": "dict", "image_number": {"type": "int", "data": 12}, "Hcamera2end": {"type": "ndarray", "data": [[0.999644322817654, -0.009686061104206996, 0.024847697654299988, -0.017094712133054794], [-0.024948871592088074, -0.010468290839826588, 0.9996339173383296, 0.03027824387393478], [-0.009422402279431575, -0.9998982923813694, -0.01070622380235875, 0.03478675231617127], [0.0, 0.0, 0.0, 1.0]]}, "Hobj2base": {"type": "ndarray", "data": [[0.9999153470273354, -0.011556299133893345, 0.005979191377720957, -0.7311683750675219], [-0.011710038165678829, -0.9995841838742898, 0.026350224942658127, 0.10127744465023192], [0.005672194051844657, -0.026418010877019362, -0.9996348908056081, 0.004787624981435007], [0.0, 0.0, 0.0, 1.0]]}, "mean_rme": {"type": "float", "data": 0.002204406516646932}, "max_rme": {"type": "float", "data": 0.0074967812916903465}, "simu": {"type": "float", "data": 0.002}}, {"type": "dict", "image_number": {"type": "int", "data": 13}, "Hcamera2end": {"type": "ndarray", "data": [[0.9997361998763722, -0.00836548897867736, 0.02139040090550129, -0.01720682966108537], [-0.021461699393393277, -0.008528103274849874, 0.9997332978918335, 0.03020084841395981], [-0.00818083833711835, -0.9999286424783927, -0.008705391169890664, 0.035077771492132134], [0.0, 0.0, 0.0, 1.0]]}, "Hobj2base": {"type": "ndarray", "data": [[0.9999372104437971, -0.010123132654904145, 0.00480597077899929, -0.7322010062092935], [-0.010231082190967463, -0.9996832244516378, 0.022995123552120265, 0.0994208654826269], [0.004571665678836337, -0.023042849980564925, -0.9997240253878534, 0.004118535788872352], [0.0, 0.0, 0.0, 1.0]]}, "mean_rme": {"type": "float", "data": 0.0021660417088606196}, "max_rme": {"type": "float", "data": 0.0077182206798575015}, "simu": {"type": "float", "data": 0.002}}, {"type": "dict", "image_number": {"type": "int", "data": 14}, "Hcamera2end": {"type": "ndarray", "data": [[0.9998296888077857, -0.005090573322223546, 0.017739206345764907, -0.017213956770481056], [-0.01775192348201631, -0.002463955647272753, 0.9998393861692272, 0.029981383688582632], [-0.005046047088087651, -0.9999840073650275, -0.0025539034761445922, 0.03577625083340148], [0.0, 0.0, 0.0, 1.0]]}, "Hobj2base": {"type": "ndarray", "data": [[0.9999875778842415, -0.0048424664410708865, 0.0011809301313640609, -0.7356398071912994], [-0.0048643672034075994, -0.9998017684018612, 0.019307041001172406, 0.09703071143348672], [0.0010872023355722737, -0.01931254564467466, -0.9998129042834982, 0.003970591332863792], [0.0, 0.0, 0.0, 1.0]]}, "mean_rme": {"type": "float", "data": 0.002261303165557008}, "max_rme": {"type": "float", "data": 0.008169284825117834}, "simu": {"type": "float", "data": 0.002}}, {"type": "dict", "image_number": {"type": "int", "data": 15}, "Hcamera2end": {"type": "ndarray", "data": [[0.9999180885896801, -0.004388461861214707, 0.01202320729478458, -0.017391886764586473], [-0.012028165342842505, -0.0011051520792833003, 0.9999270482777066, 0.02985054773690708], [-0.004374854242822225, -0.999989759968258, -0.0011578466995851855, 0.035817379406693634], [0.0, 0.0, 0.0, 1.0]]}, "Hobj2base": {"type": "ndarray", "data": [[0.9999909439239358, -0.004255259550939456, -6.954329547694167e-05, -0.7363002874035474], [-0.004253924844385805, -0.9998989584320988, 0.013563813985093756, 0.0943663170175709], [-0.00012725381772056603, -0.013563395318210198, -0.9999080048253977, 0.0026674978211301157], [0.0, 0.0, 0.0, 1.0]]}, "mean_rme": {"type": "float", "data": 0.0022212860338717876}, "max_rme": {"type": "float", "data": 0.008159915027115772}, "simu": {"type": "float", "data": 0.002}}, {"type": "dict", "image_number": {"type": "int", "data": 16}, "Hcamera2end": {"type": "ndarray", "data": [[0.9998811622469969, -0.004578001210694933, 0.01472084537347166, -0.01760091318322071], [-0.014737395960023235, -0.00360276865648701, 0.9998849079860768, 0.029665792892668404], [-0.004524438519007315, -0.9999830308374851, -0.0036698083281028193, 0.035804691258530634], [0.0, 0.0, 0.0, 1.0]]}, "Hobj2base": {"type": "ndarray", "data": [[0.9999817695612473, -0.005680272219966122, 0.0020481827710598617, -0.734767865634339], [-0.0057141544853136494, -0.9998402690298491, 0.01693472364218127, 0.09588286091242751], [0.0019516617725813083, -0.01694611854750711, -0.9998544994560457, 0.003412837450515644], [0.0, 0.0, 0.0, 1.0]]}, "mean_rme": {"type": "float", "data": 0.0023176990770954237}, "max_rme": {"type": "float", "data": 0.008399151140008804}, "simu": {"type": "float", "data": 0.002}}, {"type": "dict", "image_number": {"type": "int", "data": 17}, "Hcamera2end": {"type": "ndarray", "data": [[0.9999351456316552, -0.004110003717811344, 0.01062131818750045, -0.017330899151141433], [-0.010622232162349619, -0.0002006126281266507, 0.9999435623766287, 0.029663261258369638], [-0.004107640988413699, -0.9999915337761681, -0.00024425703120023456, 0.03574756338841792], [0.0, 0.0, 0.0, 1.0]]}, "Hobj2base": {"type": "ndarray", "data": [[0.9999935343567878, -0.003556414595270297, -0.0005321276598823429, -0.7366994710575322], [-0.003549229334638949, -0.9999099238572184, 0.012944000269695477, 0.09385394140895684], [-0.0005781139593556009, -0.012942027935307765, -0.9999160813274142, 0.002508499412454483], [0.0, 0.0, 0.0, 1.0]]}, "mean_rme": {"type": "float", "data": 0.0023937087009585243}, "max_rme": {"type": "float", "data": 0.008169960766068601}, "simu": {"type": "float", "data": 0.002}}, {"type": "dict", "image_number": {"type": "int", "data": 18}, "Hcamera2end": {"type": "ndarray", "data": [[0.9999737574512448, -0.003885198453108755, 0.006114707010054738, -0.017127868662444597], [-0.006108609314761716, 0.0015794013005484553, 0.999980094993781, 0.029313693878262475], [-0.0038947786944135377, -0.9999912053235828, 0.0015556266935724539, 0.03549597354902436], [0.0, 0.0, 0.0, 1.0]]}, "Hobj2base": {"type": "ndarray", "data": [[0.9999947129137018, -0.0027153227673478663, -0.0017891805141483047, -0.7374091013386637], [-0.002699958053422247, -0.9999599333953471, 0.008534742555193119, 0.0921434932383925], [-0.0018122834085335594, -0.008529866718934496, -0.9999619777784579, 0.0015181775224307192], [0.0, 0.0, 0.0, 1.0]]}, "mean_rme": {"type": "float", "data": 0.0025196383621180008}, "max_rme": {"type": "float", "data": 0.008081643953204154}, "simu": {"type": "float", "data": 0.002}}, {"type": "dict", "image_number": {"type": "int", "data": 19}, "Hcamera2end": {"type": "ndarray", "data": [[0.9999799015314378, -0.0033380718843742264, 0.005390158557095594, -0.01698349798442925], [-0.005383480147327278, 0.0020064428453099303, 0.9999834960281153, 0.02883612292300717], [-0.003348831838001668, -0.9999924157028408, 0.001988432075161639, 0.0356737790392968], [0.0, 0.0, 0.0, 1.0]]}, "Hobj2base": {"type": "ndarray", "data": [[0.9999955226409618, -0.002246122621476, -0.0019772787357605244, -0.73792165735796], [-0.002230838124768268, -0.9999678767330604, 0.0076986273604815495, 0.0914435367723623], [-0.0019945072801765733, -0.007694181902175727, -0.9999684102538267, 0.001685750185693952], [0.0, 0.0, 0.0, 1.0]]}, "mean_rme": {"type": "float", "data": 0.002519732106902006}, "max_rme": {"type": "float", "data": 0.007971147544265117}, "simu": {"type": "float", "data": 0.002}}, {"type": "dict", "image_number": {"type": "int", "data": 20}, "Hcamera2end": {"type": "ndarray", "data": [[0.9999818146718766, -0.00317061496825237, 0.005130061038970809, -0.016993333804607203], [-0.005124594826572778, 0.0017297490273826543, 0.9999853731411106, 0.027970418017572315], [-0.0031794423102072095, -0.9999934775632418, 0.0017134694542656481, 0.03522534191432795], [0.0, 0.0, 0.0, 1.0]]}, "Hobj2base": {"type": "ndarray", "data": [[0.9999961326027558, -0.002108320877808789, -0.001813770274285854, -0.7375245507660078], [-0.002094442769887153, -0.9999687762826865, 0.0076196961349913345, 0.09084417670800146], [-0.0018297784060794995, -0.007615867828562287, -0.9999693247636161, 0.0023517648084767], [0.0, 0.0, 0.0, 1.0]]}, "mean_rme": {"type": "float", "data": 0.002485500157655772}, "max_rme": {"type": "float", "data": 0.007806430750289556}, "simu": {"type": "float", "data": 0.002}}, {"type": "dict", "image_number": {"type": "int", "data": 21}, "Hcamera2end": {"type": "ndarray", "data": [[0.9999805545453322, -0.003482359032509264, 0.005173365130998478, -0.01702776244378448], [-0.005164485443061554, 0.002554086837137204, 0.9999834022275252, 0.027413426079522213], [-0.003495514456891154, -0.9999906748645194, 0.0025360525792264, 0.03511913341406986], [0.0, 0.0, 0.0, 1.0]]}, "Hobj2base": {"type": "ndarray", "data": [[0.9999944695537102, -0.0019513432488668708, -0.002693161992675758, -0.7379266324529432], [-0.0019301572017126664, -0.99996734968603, 0.007846913729168094, 0.09056876921062466], [-0.0027083860822209784, -0.007841672106217633, -0.9999655858195358, 0.0030291970844571366], [0.0, 0.0, 0.0, 1.0]]}, "mean_rme": {"type": "float", "data": 0.0024336852317661116}, "max_rme": {"type": "float", "data": 0.007692972110188712}, "simu": {"type": "float", "data": 0.002}}, {"type": "dict", "image_number": {"type": "int", "data": 22}, "Hcamera2end": {"type": "ndarray", "data": [[0.9999784597555442, -0.0037327715998052504, 0.005398744401535907, -0.016990104561384646], [-0.005398664510508731, 3.147837066308501e-05, 0.9999854266091156, 0.026769452263329108], [-0.0037328871443430313, -0.999993032688376, 1.1325711049670062e-05, 0.03678352826916487], [0.0, 0.0, 0.0, 1.0]]}, "Hobj2base": {"type": "ndarray", "data": [[0.9999932302199482, -0.003525261563690218, -0.0010545355286774533, -0.7383951813226427], [-0.003516431209942786, -0.9999596902615557, 0.008261510973117383, 0.09078957421261427], [-0.0010836170077176477, -0.008257746842860165, -0.9999653170941778, 0.003304555680654179], [0.0, 0.0, 0.0, 1.0]]}, "mean_rme": {"type": "float", "data": 0.0024792554667265785}, "max_rme": {"type": "float", "data": 0.007743993616086686}, "simu": {"type": "float", "data": 0.002}}, {"type": "dict", "image_number": {"type": "int", "data": 23}, "Hcamera2end": {"type": "ndarray", "data": [[0.9999749980201112, -0.004196067276385192, 0.005691779518791137, -0.017037301672704994], [-0.005687838870114344, 0.000950465065406636, 0.9999833724143352, 0.02726379580999596], [-0.004201407343509707, -0.9999907447749561, 0.0009265747473420349, 0.036312358964091], [0.0, 0.0, 0.0, 1.0]]}, "Hobj2base": {"type": "ndarray", "data": [[0.9999915525086469, -0.0035531142500008165, -0.002066468115554029, -0.7382673109035344], [-0.0035352743270632755, -0.9999569970100273, 0.008573562043872263, 0.09110717752942044], [-0.0020968420967177265, -0.008566184087104418, -0.9999611111155307, 0.0031558491227561703], [0.0, 0.0, 0.0, 1.0]]}, "mean_rme": {"type": "float", "data": 0.0024311718345132976}, "max_rme": {"type": "float", "data": 0.0076757693425062445}, "simu": {"type": "float", "data": 0.002}}, {"type": "dict", "image_number": {"type": "int", "data": 24}, "Hcamera2end": {"type": "ndarray", "data": [[0.9999765368577669, -0.003759387294405365, 0.005726494662336736, -0.01699668115068059], [-0.0057231369867579525, 0.0009032955064049997, 0.9999832147392568, 0.02798401608514295], [-0.003764496909005334, -0.9999925255042651, 0.0008817588237819418, 0.03624432184277542], [0.0, 0.0, 0.0, 1.0]]}, "Hobj2base": {"type": "ndarray", "data": [[0.9999932149032696, -0.0033625129896303987, -0.0015045443887484356, -0.7380496400876823], [-0.0033493092755495454, -0.9999565973694184, 0.008693992451783858, 0.09141439871771045], [-0.001533712750115009, -0.008688894277727389, -0.9999610746631244, 0.002462647852064961], [0.0, 0.0, 0.0, 1.0]]}, "mean_rme": {"type": "float", "data": 0.002421895559774877}, "max_rme": {"type": "float", "data": 0.007834680750194362}, "simu": {"type": "float", "data": 0.002}}, {"type": "dict", "image_number": {"type": "int", "data": 25}, "Hcamera2end": {"type": "ndarray", "data": [[0.9999807865617925, -0.003891070738192843, 0.004825564813496855, -0.017082140201494764], [-0.004821726936992794, 0.000995107576010068, 0.999987880281685, 0.028214472072463557], [-0.0038958255356159903, -0.9999919346321863, 0.0009763267759800298, 0.03567314629308304], [0.0, 0.0, 0.0, 1.0]]}, "Hobj2base": {"type": "ndarray", "data": [[0.9999936574538, -0.003250435254614782, -0.0014559267934029267, -0.7374890084943984], [-0.0032387372273472107, -0.9999630234766099, 0.007966320398386927, 0.09109025655315774], [-0.0014817669669642695, -0.00796155450732567, -0.9999672084705993, 0.0020433327463542537], [0.0, 0.0, 0.0, 1.0]]}, "mean_rme": {"type": "float", "data": 0.0023917495690038383}, "max_rme": {"type": "float", "data": 0.00786016187778557}, "simu": {"type": "float", "data": 0.002}}, {"type": "dict", "image_number": {"type": "int", "data": 26}, "Hcamera2end": {"type": "ndarray", "data": [[0.9999833108324186, -0.004299304825147749, 0.00385927903304299, -0.01717025379231333], [-0.0038540918564207577, 0.0012141475872268215, 0.9999918358774728, 0.028229448550003994], [-0.004303955459422779, -0.9999900208620368, 0.0011975574083993301, 0.03550415787850647], [0.0, 0.0, 0.0, 1.0]]}, "Hobj2base": {"type": "ndarray", "data": [[0.9999917866197978, -0.0035573311062886363, -0.001942186485636005, -0.7373952642610048], [-0.0035437278052657534, -0.9999694774704457, 0.006963197593472177, 0.09074001854619043], [-0.0019668976045900902, -0.006956257821830758, -0.9999738705540906, 0.0018428231401795686], [0.0, 0.0, 0.0, 1.0]]}, "mean_rme": {"type": "float", "data": 0.0023617910019282672}, "max_rme": {"type": "float", "data": 0.007870365853480027}, "simu": {"type": "float", "data": 0.002}}, {"type": "dict", "image_number": {"type": "int", "data": 27}, "Hcamera2end": {"type": "ndarray", "data": [[0.9999816745288852, -0.004313437363597094, 0.004247924730610432, -0.017158908539370542], [-0.004242320879639396, 0.0013074808632247414, 0.9999901465551281, 0.02822928034790601], [-0.0043189489416735165, -0.9999898423243622, 0.0012891579176312895, 0.03570750507163982], [0.0, 0.0, 0.0, 1.0]]}, "Hobj2base": {"type": "ndarray", "data": [[0.9999909114075312, -0.003721437039686086, -0.0020803866695305114, -0.7376245643617723], [-0.0037060562637585793, -0.9999661293371924, 0.00734883156450595, 0.09095532018762949], [-0.002107664419437685, -0.007341054743923085, -0.9999708329076114, 0.0019769135816915836], [0.0, 0.0, 0.0, 1.0]]}, "mean_rme": {"type": "float", "data": 0.002293233630741843}, "max_rme": {"type": "float", "data": 0.007892212663984932}, "simu": {"type": "float", "data": 0.002}}, {"type": "dict", "image_number": {"type": "int", "data": 28}, "Hcamera2end": {"type": "ndarray", "data": [[0.9999891753801113, -0.0043285921538497125, 0.0017065792013638737, -0.017242663276455433], [-0.0016978509089034127, 0.0020193013338746235, 0.9999965198561512, 0.028390400573041055], [-0.004332023187384031, -0.9999885927909821, 0.002011930171582521, 0.03521790936022314], [0.0, 0.0, 0.0, 1.0]]}, "Hobj2base": {"type": "ndarray", "data": [[0.9999911244271792, -0.0033923012416185003, -0.002498671477406506, -0.7374634953190415], [-0.003380426281106187, -0.9999830453089633, 0.004741499000411437, 0.08984207841822453], [-0.0025147137061498313, -0.004733010342161704, -0.9999856373108957, 0.0011915526299208976], [0.0, 0.0, 0.0, 1.0]]}, "mean_rme": {"type": "float", "data": 0.0022980272235938698}, "max_rme": {"type": "float", "data": 0.007927827276531657}, "simu": {"type": "float", "data": 0.002}}, {"type": "dict", "image_number": {"type": "int", "data": 29}, "Hcamera2end": {"type": "ndarray", "data": [[0.9999800430300697, -0.002915887468350346, 0.005604564376644415, -0.01703237175559846], [-0.005599748067379396, 0.0016572978191280452, 0.9999829479473741, 0.02850128499086116], [-0.00292512617880236, -0.9999943754662877, 0.0016409365092696637, 0.035243985847742236], [0.0, 0.0, 0.0, 1.0]]}, "Hobj2base": {"type": "ndarray", "data": [[0.9999953187344809, -0.002565191826933075, -0.0016680227861170412, -0.7373518898316911], [-0.002551233980057161, -0.99996215975465, 0.00831686623644368, 0.09140007702395678], [-0.0016892940250209862, -0.00831257178657309, -0.9999640230708253, 0.0020507202049371057], [0.0, 0.0, 0.0, 1.0]]}, "mean_rme": {"type": "float", "data": 0.002323025396667217}, "max_rme": {"type": "float", "data": 0.00797247152331551}, "simu": {"type": "float", "data": 0.002}}, {"type": "dict", "image_number": {"type": "int", "data": 30}, "Hcamera2end": {"type": "ndarray", "data": [[0.9999809943963746, -0.0022330481392874605, 0.005746680959089527, -0.016993367239058234], [-0.005742261816891195, 0.0019803707479770782, 0.999981552110301, 0.028106643513918596], [-0.0022443875031310325, -0.999995545803934, 0.0019675103627700974, 0.03463633221554697], [0.0, 0.0, 0.0, 1.0]]}, "Hobj2base": {"type": "ndarray", "data": [[0.99999683038982, -0.001802547354745707, -0.0017578490684253777, -0.7370291437879615], [-0.0017879563030757752, -0.9999642288452222, 0.008267057653037002, 0.09107898929849138], [-0.0017726879510382868, -0.008263888492365161, -0.9999642822243273, 0.0024519285832287556], [0.0, 0.0, 0.0, 1.0]]}, "mean_rme": {"type": "float", "data": 0.0023430769068270405}, "max_rme": {"type": "float", "data": 0.00789558196086787}, "simu": {"type": "float", "data": 0.002}}, {"type": "dict", "image_number": {"type": "int", "data": 31}, "Hcamera2end": {"type": "ndarray", "data": [[0.9999858238735944, -0.0019055982861217746, 0.004971996281244469, -0.0169634690164067], [-0.004965513573667642, 0.003391693355897396, 0.9999819198821196, 0.027706758660055834], [-0.0019224273194327728, -0.9999924325270426, 0.0033821830006679487, 0.03504053990159234], [0.0, 0.0, 0.0, 1.0]]}, "Hobj2base": {"type": "ndarray", "data": [[0.9999958437040133, -0.0006787752498589218, -0.002802113284436355, -0.7382486438755013], [-0.0006575951615493196, -0.9999712622879202, 0.007552626490721008, 0.0904262629336244], [-0.0028071592940449005, -0.007550752443631878, -0.9999675524706959, 0.002767335412061376], [0.0, 0.0, 0.0, 1.0]]}, "mean_rme": {"type": "float", "data": 0.0023258004594983056}, "max_rme": {"type": "float", "data": 0.007808256785345524}, "simu": {"type": "float", "data": 0.002}}]}