{"type": "list", "data": [{"type": "dict", "image_number": {"type": "int", "data": 5}, "Hcamera2end": {"type": "ndarray", "data": [[0.9999372881539266, 0.0008821660589697173, -0.011164297667813128, -0.009189181702070856], [0.011150715723277325, 0.014137195543973302, 0.9998378874802705, 0.029583686281675414], [0.0010398549080480766, -0.9998996757101164, 0.014126472191398176, 0.032447219043216353], [0.0, 0.0, 0.0, 1.0]]}, "Hobj2base": {"type": "ndarray", "data": [[0.9999060945565268, -0.0037412802496265903, -0.013183508289067255, -0.7415043352364034], [-0.0038334691184799988, -0.999968330464295, -0.006974423486386589, 0.09177149745296605], [-0.013156997500638633, 0.007024307121955495, -0.9998887700770642, 0.0007586402494716094], [0.0, 0.0, 0.0, 1.0]]}, "mean_rme": {"type": "float", "data": 0.0017784134586943739}, "max_rme": {"type": "float", "data": 0.005274636536995531}, "simu": {"type": "float", "data": 0.002}}, {"type": "dict", "image_number": {"type": "int", "data": 6}, "Hcamera2end": {"type": "ndarray", "data": [[0.9999109491186791, -2.4234484040740363e-05, -0.013345158120912595, -0.00834758348773868], [0.01334329257110169, 0.018634022674373196, 0.9997373303735001, 0.029820036859616057], [0.00022444586064031182, -0.999826371232356, 0.018632686666042342, 0.03312788025952142], [0.0, 0.0, 0.0, 1.0]]}, "Hobj2base": {"type": "ndarray", "data": [[0.9998302446432756, -0.008006855573524138, -0.016594341215975732, -0.7444404137300054], [-0.008173492994790872, -0.999916609066906, -0.00999844609953043, 0.09195224175822665], [-0.016512901284499042, 0.010132382541428061, -0.9998123118441797, 0.0018728232039361508], [0.0, 0.0, 0.0, 1.0]]}, "mean_rme": {"type": "float", "data": 0.0018430825500847087}, "max_rme": {"type": "float", "data": 0.005410912817783248}, "simu": {"type": "float", "data": 0.002}}, {"type": "dict", "image_number": {"type": "int", "data": 7}, "Hcamera2end": {"type": "ndarray", "data": [[0.9998809938542228, 0.00026573799711320043, -0.015424899105299043, -0.009047060787695368], [0.015421627184847481, 0.009626299629419521, 0.9998347402298121, 0.02938032430572771], [0.00041417878185404013, -0.999953630794329, 0.009621055928282218, 0.03231212235122636], [0.0, 0.0, 0.0, 1.0]]}, "Hobj2base": {"type": "ndarray", "data": [[0.9999505674272919, -0.004021433801246603, -0.009093446652351586, -0.739321984043273], [-0.004132867178006948, -0.9999161938981096, -0.012268846286695426, 0.08956394217361453], [-0.00904334621287529, 0.012305821813263776, -0.9998833855199185, 0.0003488408098031383], [0.0, 0.0, 0.0, 1.0]]}, "mean_rme": {"type": "float", "data": 0.0017860688047077436}, "max_rme": {"type": "float", "data": 0.005376642087860581}, "simu": {"type": "float", "data": 0.002}}, {"type": "dict", "image_number": {"type": "int", "data": 8}, "Hcamera2end": {"type": "ndarray", "data": [[0.9999250857290646, -0.0002581395195774272, -0.01223749540189012, -0.009530856775123183], [0.012238827852397254, 0.006019496232477217, 0.99990698405297, 0.029545427975262998], [-0.00018445195101891507, -0.9999818493498247, 0.006022204611447535, 0.03182947733256259], [0.0, 0.0, 0.0, 1.0]]}, "Hobj2base": {"type": "ndarray", "data": [[0.9999759947417666, -0.0034159311165433094, -0.006028379120574739, -0.7371544123273083], [-0.003469408704918517, -0.9999545273953436, -0.008882924337947162, 0.09067380946169147], [-0.005997761536822375, 0.008903626012052033, -0.999942374489843, -0.0009164970981139567], [0.0, 0.0, 0.0, 1.0]]}, "mean_rme": {"type": "float", "data": 0.0017971943893339399}, "max_rme": {"type": "float", "data": 0.005123101478145653}, "simu": {"type": "float", "data": 0.002}}, {"type": "dict", "image_number": {"type": "int", "data": 9}, "Hcamera2end": {"type": "ndarray", "data": [[0.9999039714310706, -0.00011709091053226876, -0.01385764071159067, -0.009813327797437281], [0.013857363827273768, -0.002103801989597809, 0.9999017689178007, 0.029297213567627635], [-0.0001462331406655911, -0.9999977801509896, -0.0021019773931554298, 0.03129409454400191], [0.0, 0.0, 0.0, 1.0]]}, "Hobj2base": {"type": "ndarray", "data": [[0.9999987796680645, 0.000578728749806198, 0.0014511152317575019, -0.7328280569875789], [0.0005939078150527266, -0.9999448885187985, -0.010481755512998717, 0.08887619150081266], [0.001444969165383874, 0.010482604550454409, -0.9999440119656446, -0.002317662286193974], [0.0, 0.0, 0.0, 1.0]]}, "mean_rme": {"type": "float", "data": 0.0017901230989289686}, "max_rme": {"type": "float", "data": 0.005084690208611822}, "simu": {"type": "float", "data": 0.002}}, {"type": "dict", "image_number": {"type": "int", "data": 10}, "Hcamera2end": {"type": "ndarray", "data": [[0.9999012310715025, -8.283463333007106e-05, -0.014054224991698897, -0.009852421132073791], [0.01405294736896236, -0.008822297131082957, 0.9998623313954657, 0.02914739104568321], [-0.00020681377842555072, -0.9999610793484687, -0.008820261691505848, 0.031092981493102172], [0.0, 0.0, 0.0, 1.0]]}, "Hobj2base": {"type": "ndarray", "data": [[0.9999649927678581, 0.003989358837659596, 0.007355151585241798, -0.7292613560328591], [0.00407120069829464, -0.9999295939889783, -0.011145958456368038, 0.08815980238530993], [0.0073101685104861236, 0.011175512565482812, -0.9999108307020417, -0.003488709519520644], [0.0, 0.0, 0.0, 1.0]]}, "mean_rme": {"type": "float", "data": 0.0018240665540838036}, "max_rme": {"type": "float", "data": 0.005436075633464127}, "simu": {"type": "float", "data": 0.002}}, {"type": "dict", "image_number": {"type": "int", "data": 11}, "Hcamera2end": {"type": "ndarray", "data": [[0.9998979528836384, -0.0005653510145719057, -0.014274599726075553, -0.009802720620587678], [0.014270671648507208, -0.006430650510899305, 0.9998774898279824, 0.029350002700682172], [-0.0006570767153432338, -0.9999791633390352, -0.0064219263428633155, 0.031173174741013675], [0.0, 0.0, 0.0, 1.0]]}, "Hobj2base": {"type": "ndarray", "data": [[0.9999817209613716, 0.002783294480397518, 0.005367589307034648, -0.7307356662661562], [0.002844602921046784, -0.9999304191948799, -0.011448362458149688, 0.0883486597246134], [0.005335351661809752, 0.011463421853311853, -0.9999200587957306, -0.003201297594702446], [0.0, 0.0, 0.0, 1.0]]}, "mean_rme": {"type": "float", "data": 0.001861055991701333}, "max_rme": {"type": "float", "data": 0.0050934231572727535}, "simu": {"type": "float", "data": 0.002}}, {"type": "dict", "image_number": {"type": "int", "data": 12}, "Hcamera2end": {"type": "ndarray", "data": [[0.9999051374485786, -0.0011028776880689832, -0.013729521650237369, -0.010133069176000837], [0.013724963942389728, -0.004038967898878365, 0.999897650813868, 0.029134834665598398], [-0.001158217906647471, -0.9999912351611474, -0.004023447795576951, 0.031054209176936572], [0.0, 0.0, 0.0, 1.0]]}, "Hobj2base": {"type": "ndarray", "data": [[0.9999938366338026, 0.001490659004743393, 0.0031787780890173553, -0.7316740660804566], [0.0015266190275835406, -0.9999345317021686, -0.011340270892224362, 0.08841017693246384], [0.003161665502904961, 0.011345053781097235, -0.9999306444078766, -0.0027556996605371067], [0.0, 0.0, 0.0, 1.0]]}, "mean_rme": {"type": "float", "data": 0.0018677633379207052}, "max_rme": {"type": "float", "data": 0.005567958960001812}, "simu": {"type": "float", "data": 0.002}}, {"type": "dict", "image_number": {"type": "int", "data": 13}, "Hcamera2end": {"type": "ndarray", "data": [[0.999950193856452, 0.0002014140748391683, -0.009978438696232057, -0.009976717183829215], [0.009979589597568528, -0.006889069523537739, 0.9999264715530657, 0.029147369365827996], [0.0001326571072603538, -0.999976249794699, -0.006890736435358091, 0.03075837404474591], [0.0, 0.0, 0.0, 1.0]]}, "Hobj2base": {"type": "ndarray", "data": [[0.9999794577455947, 0.003876057592016781, 0.005104925500897216, -0.7301273955579783], [0.003914890620107882, -0.9999633109819432, -0.007619076155403231, 0.08986159511635607], [0.005075206228217031, 0.007638904867362326, -0.9999579438227233, -0.003482623452587853], [0.0, 0.0, 0.0, 1.0]]}, "mean_rme": {"type": "float", "data": 0.0018700758391531338}, "max_rme": {"type": "float", "data": 0.005289236660265945}, "simu": {"type": "float", "data": 0.002}}, {"type": "dict", "image_number": {"type": "int", "data": 14}, "Hcamera2end": {"type": "ndarray", "data": [[0.999945068965964, 3.3455230672633715e-05, -0.010481313438735686, -0.00992487598248629], [0.010481304946610976, -0.0066280135487772895, 0.9999231028849235, 0.029047017252136518], [-3.60176294190084e-05, -0.999978033917318, -0.006628000119614175, 0.030751655611173698], [0.0, 0.0, 0.0, 1.0]]}, "Hobj2base": {"type": "ndarray", "data": [[0.9999810160402934, 0.0036651392501094804, 0.004953212422219089, -0.7302914148325816], [0.003707161100357372, -0.9999569908790031, -0.00850137334702682, 0.08957010204864735], [0.004921840671772675, 0.008519574313711208, -0.9999515949974354, -0.003323126687664078], [0.0, 0.0, 0.0, 1.0]]}, "mean_rme": {"type": "float", "data": 0.0018522270222229022}, "max_rme": {"type": "float", "data": 0.005524628430902324}, "simu": {"type": "float", "data": 0.002}}, {"type": "dict", "image_number": {"type": "int", "data": 15}, "Hcamera2end": {"type": "ndarray", "data": [[0.9999233196635177, -0.0006592870448538374, -0.01236608805092336, -0.01004316923620198], [0.012362019929365501, -0.005853653294800809, 0.999906453227686, 0.028737031007686716], [-0.0007316121627418447, -0.9999826498913353, -0.005845054315108733, 0.03081051417304571], [0.0, 0.0, 0.0, 1.0]]}, "Hobj2base": {"type": "ndarray", "data": [[0.9999851067525396, 0.002581476807400474, 0.004808560138434687, -0.7305203768145982], [0.0026333544125268678, -0.9999380628662862, -0.010813689275934162, 0.08855786863395886], [0.004780347021934164, 0.010826190868042262, -0.9999299684846124, -0.002893689037479996], [0.0, 0.0, 0.0, 1.0]]}, "mean_rme": {"type": "float", "data": 0.0018875854224126094}, "max_rme": {"type": "float", "data": 0.006005004964599887}, "simu": {"type": "float", "data": 0.002}}, {"type": "dict", "image_number": {"type": "int", "data": 16}, "Hcamera2end": {"type": "ndarray", "data": [[0.9999330798121697, -2.1559843980268473e-06, -0.011568746375501995, -0.009904246732946159], [0.01156848909314223, -0.006485467586136773, 0.9999120505175896, 0.028801372887780504], [-7.718452441087074e-05, -0.9999789691316214, -0.006485008635945588, 0.03064562649756665], [0.0, 0.0, 0.0, 1.0]]}, "Hobj2base": {"type": "ndarray", "data": [[0.9999805661436354, 0.003241386649021482, 0.005325480977892395, -0.7303128788742506], [0.0032948677821059095, -0.9999439221979005, -0.010064606588352735, 0.0888678735812992], [0.00529255905520089, 0.010081957749932206, -0.9999351693717833, -0.003097472421883605], [0.0, 0.0, 0.0, 1.0]]}, "mean_rme": {"type": "float", "data": 0.0018167706183515704}, "max_rme": {"type": "float", "data": 0.0058868142384855895}, "simu": {"type": "float", "data": 0.002}}, {"type": "dict", "image_number": {"type": "int", "data": 17}, "Hcamera2end": {"type": "ndarray", "data": [[0.9999695851626123, -0.000710923134312944, -0.007766810027956283, -0.009727187621558005], [0.007762163612663056, -0.00632047895916199, 0.9999498989258295, 0.02895804482754573], [-0.0007599774756617697, -0.9999797728624433, -0.006314768421137762, 0.030874945764494552], [0.0, 0.0, 0.0, 1.0]]}, "Hobj2base": {"type": "ndarray", "data": [[0.9999809000795461, 0.0025056859039889363, 0.005649868516299063, -0.7303419354234504], [0.002540590330126574, -0.9999776810223309, -0.006179227943348997, 0.09102731727912809], [0.005634259212654631, 0.006193463921905808, -0.9999649474495456, -0.0034281893768385733], [0.0, 0.0, 0.0, 1.0]]}, "mean_rme": {"type": "float", "data": 0.0018690769738857773}, "max_rme": {"type": "float", "data": 0.006253257532808698}, "simu": {"type": "float", "data": 0.002}}, {"type": "dict", "image_number": {"type": "int", "data": 18}, "Hcamera2end": {"type": "ndarray", "data": [[0.9999859048979227, -0.0010019094169702388, -0.005214037111769591, -0.00959352891644472], [0.00520766925816663, -0.006256554748633514, 0.9999668673028996, 0.028967268561592367], [-0.001034498129660197, -0.999979925648609, -0.006251248948985433, 0.030920860558248768], [0.0, 0.0, 0.0, 1.0]]}, "Hobj2base": {"type": "ndarray", "data": [[0.9999819509564, 0.002280719952925396, 0.0055584240507977395, -0.7303394542884363], [0.0023017165734075164, -0.999990229554313, -0.0037739762490321474, 0.09231566547042214], [0.0055497623595844115, 0.003786702049130031, -0.9999774302579751, -0.003540067825515827], [0.0, 0.0, 0.0, 1.0]]}, "mean_rme": {"type": "float", "data": 0.0018039420958836706}, "max_rme": {"type": "float", "data": 0.0063580406357579}, "simu": {"type": "float", "data": 0.002}}, {"type": "dict", "image_number": {"type": "int", "data": 19}, "Hcamera2end": {"type": "ndarray", "data": [[0.9999982359114784, -0.0007662728972426909, -0.0017149343364110607, -0.00938122447963936], [0.001709679003205504, -0.006807117958876674, 0.9999753697680758, 0.02893773479630619], [-0.0007779277840831926, -0.999976537710231, -0.006805795869834874, 0.030782553415540467], [0.0, 0.0, 0.0, 1.0]]}, "Hobj2base": {"type": "ndarray", "data": [[0.9999777385443196, 0.0023957521841239666, 0.006227582778305889, -0.730009433485139], [0.0023973746491891064, -0.999997094269212, -0.00025307691324630787, 0.0939225165261794], [0.006226958373059215, 0.00026800112846425705, -0.9999805763937692, -0.003796943968986394], [0.0, 0.0, 0.0, 1.0]]}, "mean_rme": {"type": "float", "data": 0.0017798594445997099}, "max_rme": {"type": "float", "data": 0.0063622288125423365}, "simu": {"type": "float", "data": 0.002}}, {"type": "dict", "image_number": {"type": "int", "data": 20}, "Hcamera2end": {"type": "ndarray", "data": [[0.9999933690221577, 0.0025865582085240744, -0.002563518743536044, -0.009074649998189445], [0.002592946264769558, -0.011438621099431945, 0.9999312149228126, 0.029104913216690256], [0.0025570571723294504, -0.9999312314674333, -0.011445252056634159, 0.030023878610822133], [0.0, 0.0, 0.0, 1.0]]}, "Hobj2base": {"type": "ndarray", "data": [[0.9999401503674844, 0.007045007202632764, 0.008370397634973785, -0.7280648144733334], [0.007052315654793447, -0.9999747759901341, -0.0008439356527134857, 0.09289070298438688], [0.008364240967229335, 0.0009029158297527755, -0.9999646114818495, -0.004488712474784778], [0.0, 0.0, 0.0, 1.0]]}, "mean_rme": {"type": "float", "data": 0.0018902802030642827}, "max_rme": {"type": "float", "data": 0.00839572976068978}, "simu": {"type": "float", "data": 0.002}}, {"type": "dict", "image_number": {"type": "int", "data": 21}, "Hcamera2end": {"type": "ndarray", "data": [[0.9999919511458528, 0.0029841163458412005, -0.002681919675301293, -0.00908339687764476], [0.0027112394060868376, -0.009864986922300867, 0.9999476642374369, 0.029009885714771408], [0.0029575030673131553, -0.9999468871308402, -0.009872998174289327, 0.03155389541277397], [0.0, 0.0, 0.0, 1.0]]}, "Hobj2base": {"type": "ndarray", "data": [[0.9999538340052793, 0.0066395885993015364, 0.006945914005694684, -0.7303027395134535], [0.006647771446516684, -0.9999772355369421, -0.0011556568216145198, 0.09274931930235064], [0.006938082799834404, 0.0012017783183648114, -0.9999752090606724, -0.0041206980268039895], [0.0, 0.0, 0.0, 1.0]]}, "mean_rme": {"type": "float", "data": 0.0018931604887374705}, "max_rme": {"type": "float", "data": 0.00849065610720895}, "simu": {"type": "float", "data": 0.002}}, {"type": "dict", "image_number": {"type": "int", "data": 22}, "Hcamera2end": {"type": "ndarray", "data": [[0.9999926628559471, 0.0027598128739791347, -0.00265662702926475, -0.009151948134143342], [0.0026860777513187865, -0.010722949599179632, 0.9999388998024866, 0.029548665375309376], [0.00273115737112881, -0.9999386990134916, -0.010730283995312284, 0.03190930871808393], [0.0, 0.0, 0.0, 1.0]]}, "Hobj2base": {"type": "ndarray", "data": [[0.9999431910906316, 0.007011398867818297, 0.008028379500317661, -0.7301924363189379], [0.007020772133449956, -0.9999747043405309, -0.0011399288214555404, 0.09241333067399954], [0.008020183921515586, 0.0011962294864150268, -0.9999671223019688, -0.004809833309018304], [0.0, 0.0, 0.0, 1.0]]}, "mean_rme": {"type": "float", "data": 0.0018690465000595422}, "max_rme": {"type": "float", "data": 0.008551767884184436}, "simu": {"type": "float", "data": 0.002}}, {"type": "dict", "image_number": {"type": "int", "data": 23}, "Hcamera2end": {"type": "ndarray", "data": [[0.9999933816287162, 0.002541722647694141, -0.0026031413229066023, -0.009161440147225643], [0.00263037713330034, -0.010771604002379087, 0.9999385249420849, 0.029875530322676373], [0.002513526387654591, -0.9999387542210763, -0.0107782184010361, 0.031381409312215565], [0.0, 0.0, 0.0, 1.0]]}, "Hobj2base": {"type": "ndarray", "data": [[0.9999401296721326, 0.0067940329011113975, 0.00857777291709642, -0.729568082248771], [0.006802604628818744, -0.9999763910571893, -0.0009705145557642349, 0.0923731684881857], [0.008570976697123308, 0.0010288076484903774, -0.9999627392624586, -0.0051595238496652505], [0.0, 0.0, 0.0, 1.0]]}, "mean_rme": {"type": "float", "data": 0.0018411647866057883}, "max_rme": {"type": "float", "data": 0.008644228240361873}, "simu": {"type": "float", "data": 0.002}}, {"type": "dict", "image_number": {"type": "int", "data": 24}, "Hcamera2end": {"type": "ndarray", "data": [[0.9999948964147463, 0.002120314263613108, -0.0023898560384139366, -0.009199399984288746], [0.0024118165794932553, -0.0104158257257696, 0.9999428452242848, 0.030428544554284828], [0.0020953007535211275, -0.9999435058251415, -0.010420886376809824, 0.030598672815339126], [0.0, 0.0, 0.0, 1.0]]}, "Hobj2base": {"type": "ndarray", "data": [[0.9999413636341203, 0.006384010901405204, 0.008747210889573469, -0.7288225138478687], [0.00639011046095126, -0.99997935888675, -0.0006695436816371495, 0.09235266420584026], [0.008742755963240336, 0.0007254000658384708, -0.9999615182660342, -0.005641757508957794], [0.0, 0.0, 0.0, 1.0]]}, "mean_rme": {"type": "float", "data": 0.0018402560690837185}, "max_rme": {"type": "float", "data": 0.00888976068056152}, "simu": {"type": "float", "data": 0.002}}, {"type": "dict", "image_number": {"type": "int", "data": 25}, "Hcamera2end": {"type": "ndarray", "data": [[0.9999928752270302, 0.002787956719475753, -0.0025449543232857496, -0.009127885183545303], [0.002570529351706275, -0.009208545870681872, 0.9999542964864941, 0.03020034298456966], [0.002764393971433404, -0.9999537139189382, -0.009215646786461695, 0.030404735940259803], [0.0, 0.0, 0.0, 1.0]]}, "Hobj2base": {"type": "ndarray", "data": [[0.9999509759029958, 0.006436406802732064, 0.00752452378002104, -0.7292566627288184], [0.006442372378981682, -0.999978952133697, -0.0007688483098941145, 0.09241674747418908], [0.007519416784358453, 0.000817286401965387, -0.9999713947979514, -0.005171645713956348], [0.0, 0.0, 0.0, 1.0]]}, "mean_rme": {"type": "float", "data": 0.0018263551176610682}, "max_rme": {"type": "float", "data": 0.008832690613981092}, "simu": {"type": "float", "data": 0.002}}, {"type": "dict", "image_number": {"type": "int", "data": 26}, "Hcamera2end": {"type": "ndarray", "data": [[0.9999930414399861, 0.0024050725489577866, -0.002851788498529863, -0.009045327976732409], [0.0028745115110237335, -0.009498020647797922, 0.9999507611814428, 0.029656861025820856], [0.0023778677799847427, -0.9999520004629262, -0.009504867963977981, 0.029541138579188237], [0.0, 0.0, 0.0, 1.0]]}, "Hobj2base": {"type": "ndarray", "data": [[0.9999513168492823, 0.0060519397638890225, 0.007793456003631938, -0.7283087661510828], [0.006058628364581792, -0.9999812977991638, -0.0008349097197488494, 0.09269309260185718], [0.007788257425520344, 0.0008820867273148519, -0.9999692820128423, -0.004679782818026668], [0.0, 0.0, 0.0, 1.0]]}, "mean_rme": {"type": "float", "data": 0.001854388351664414}, "max_rme": {"type": "float", "data": 0.008778661367202512}, "simu": {"type": "float", "data": 0.002}}, {"type": "dict", "image_number": {"type": "int", "data": 27}, "Hcamera2end": {"type": "ndarray", "data": [[0.9999923377887636, 0.002717726919139366, -0.0028175031776933373, -0.009047167177831507], [0.002843850030713391, -0.009739793522870688, 0.9999485231446338, 0.029954063938520677], [0.0026901451199030603, -0.9999488738843224, -0.00974744770229763, 0.029799737350373237], [0.0, 0.0, 0.0, 1.0]]}, "Hobj2base": {"type": "ndarray", "data": [[0.9999482017746633, 0.006418232188910896, 0.007899371062715228, -0.7284412850244739], [0.006424783970233171, -0.9999790373996238, -0.0008043085583014489, 0.09247315340251401], [0.00789404323227771, 0.0008550186491241624, -0.9999684760153973, -0.004974426095777772], [0.0, 0.0, 0.0, 1.0]]}, "mean_rme": {"type": "float", "data": 0.0018421818616190951}, "max_rme": {"type": "float", "data": 0.008721383711498054}, "simu": {"type": "float", "data": 0.002}}, {"type": "dict", "image_number": {"type": "int", "data": 28}, "Hcamera2end": {"type": "ndarray", "data": [[0.9999912138533287, 0.002547585432858074, -0.0033289674988719272, -0.008990032799516734], [0.0033517906291608826, -0.009007522384426148, 0.9999538139534608, 0.02969944295371062], [0.002517482020695593, -0.9999561862146543, -0.00901598221599409, 0.030059042062844637], [0.0, 0.0, 0.0, 1.0]]}, "Hobj2base": {"type": "ndarray", "data": [[0.9999546044147443, 0.00612586471210545, 0.007298143002255648, -0.7290477552369252], [0.0061360510089745425, -0.9999802300784022, -0.0013741653327921921, 0.09237664878337395], [0.007289580767619931, 0.0014188847294853031, -0.9999724240089611, -0.004562690491158765], [0.0, 0.0, 0.0, 1.0]]}, "mean_rme": {"type": "float", "data": 0.0018576100153928584}, "max_rme": {"type": "float", "data": 0.008843009077071168}, "simu": {"type": "float", "data": 0.002}}, {"type": "dict", "image_number": {"type": "int", "data": 29}, "Hcamera2end": {"type": "ndarray", "data": [[0.999991733641081, 0.002558872311954741, -0.0031598768957704967, -0.00895081910821913], [0.0031832775526608017, -0.009193065475863182, 0.9999526760258102, 0.029949177491611644], [0.002529702260749009, -0.9999544688232795, -0.00920113508347531, 0.029708529050132795], [0.0, 0.0, 0.0, 1.0]]}, "Hobj2base": {"type": "ndarray", "data": [[0.9999536741541427, 0.006281356221233742, 0.007293429210765945, -0.7285778745227488], [0.006291082607060595, -0.9999793510332753, -0.0013114063827757442, 0.09230356650782304], [0.007285041198347849, 0.001357229196419477, -0.9999725426748711, -0.004788332058082683], [0.0, 0.0, 0.0, 1.0]]}, "mean_rme": {"type": "float", "data": 0.0018484617133172187}, "max_rme": {"type": "float", "data": 0.008869814757798938}, "simu": {"type": "float", "data": 0.002}}, {"type": "dict", "image_number": {"type": "int", "data": 30}, "Hcamera2end": {"type": "ndarray", "data": [[0.9999908046520903, 0.0019810790370780565, -0.00380341124699269, -0.009070889645565329], [0.0038207188642059788, -0.008807199577965719, 0.999953916609638, 0.03047611816400421], [0.0019474903403101087, -0.9999592534505809, -0.008814687738749827, 0.030300943900013345], [0.0, 0.0, 0.0, 1.0]]}, "Hobj2base": {"type": "ndarray", "data": [[0.9999556207457676, 0.005628952292677007, 0.0075545638546107375, -0.7291993246233832], [0.00564286541763875, -0.9999824197034837, -0.0018216349372383726, 0.09187563132220583], [0.007544177146981732, 0.0018641834815589008, -0.9999698046496817, -0.005225353392613143], [0.0, 0.0, 0.0, 1.0]]}, "mean_rme": {"type": "float", "data": 0.0018771527674459987}, "max_rme": {"type": "float", "data": 0.009148972745347594}, "simu": {"type": "float", "data": 0.002}}, {"type": "dict", "image_number": {"type": "int", "data": 31}, "Hcamera2end": {"type": "ndarray", "data": [[0.9999906312000701, 0.0023770282940008955, -0.0036176302429722497, -0.009006257433325122], [0.0036381221816156563, -0.008673807050917581, 0.9999557635906875, 0.030304122610312557], [0.0023455445160952284, -0.9999595565860315, -0.00868237370711733, 0.030406591929278796], [0.0, 0.0, 0.0, 1.0]]}, "Hobj2base": {"type": "ndarray", "data": [[0.9999558766644531, 0.005904892501635355, 0.00730595433665765, -0.7294206813166476], [0.005916554466767509, -0.9999812556874188, -0.0015756449649824984, 0.09194342125241053], [0.007296513377426891, 0.001618801519035557, -0.9999720697970398, -0.005024456872567342], [0.0, 0.0, 0.0, 1.0]]}, "mean_rme": {"type": "float", "data": 0.0018808841533837569}, "max_rme": {"type": "float", "data": 0.009044871033964813}, "simu": {"type": "float", "data": 0.002}}]}