{"type": "list", "data": [{"type": "dict", "image_number": {"type": "int", "data": 5}, "Hcamera2end": {"type": "ndarray", "data": [[0.9999833414259399, -0.004863482947906107, 0.0031086016514667667, -0.012981809092875437], [-0.002971037682104677, 0.028041086545166793, 0.9996023561399094, 0.023684550431484184], [-0.004948717581716444, -0.9995949399626742, 0.02802616982954531, 0.02881378463644255], [0.0, 0.0, 0.0, 1.0]]}, "Hobj2base": {"type": "ndarray", "data": [[0.9997540681909075, -0.015333007886865445, -0.016021922633429112, -0.7444102484678996], [-0.015203269892931675, -0.9998508958464327, 0.00818820246743243, 0.1008867193033893], [-0.016145083471228738, -0.007942603113986707, -0.9998381125639688, 0.007376320976306116], [0.0, 0.0, 0.0, 1.0]]}, "mean_rme": {"type": "float", "data": 0.00152170931877697}, "max_rme": {"type": "float", "data": 0.004481614915311405}, "simu": {"type": "float", "data": 0.002}}, {"type": "dict", "image_number": {"type": "int", "data": 6}, "Hcamera2end": {"type": "ndarray", "data": [[0.999977400124208, -0.0040730184380879785, -0.005348809365899012, -0.013305283824084023], [0.005369643138118401, 0.0051214301312974, 0.9999724685639998, 0.022621507625795765], [-0.004045512748588441, -0.9999785905079234, 0.005143185043120058, 0.028029967888199888], [0.0, 0.0, 0.0, 1.0]]}, "Hobj2base": {"type": "ndarray", "data": [[0.9999884467889578, -0.004068044603361666, 0.002560722888713105, -0.7310929020480663], [-0.004066814707468209, -0.999991612707896, -0.0004853163882506224, 0.09424258070538634], [0.0025626756998963856, 0.00047489679578239776, -0.9999966035773775, 0.005297667407115921], [0.0, 0.0, 0.0, 1.0]]}, "mean_rme": {"type": "float", "data": 0.001628287646569976}, "max_rme": {"type": "float", "data": 0.0048199219382972225}, "simu": {"type": "float", "data": 0.002}}, {"type": "dict", "image_number": {"type": "int", "data": 7}, "Hcamera2end": {"type": "ndarray", "data": [[0.9999874514077729, -0.0037719653230152313, -0.003296862840504524, -0.013481625246757768], [0.003315966640386224, 0.0050696867986606, 0.9999816511521615, 0.022523247090996738], [-0.0037551820497779666, -0.9999800350773835, 0.005082130892408054, 0.028032712405287593], [0.0, 0.0, 0.0, 1.0]]}, "Hobj2base": {"type": "ndarray", "data": [[0.9999918864740954, -0.0036034658942344, 0.0018005608928841367, -0.7308137637941589], [-0.0036067198592844045, -0.9999918627160991, 0.0018072281103423214, 0.09519184035750523], [0.0017940339563502505, -0.0018137075660804485, -0.9999967459482195, 0.004926131306261675], [0.0, 0.0, 0.0, 1.0]]}, "mean_rme": {"type": "float", "data": 0.0015835372738832807}, "max_rme": {"type": "float", "data": 0.004707409449000832}, "simu": {"type": "float", "data": 0.002}}, {"type": "dict", "image_number": {"type": "int", "data": 8}, "Hcamera2end": {"type": "ndarray", "data": [[0.9999931524333113, -0.0036207726641541097, -0.0007649129380180239, -0.01335462734037324], [0.0007887480728209671, 0.006586042136068282, 0.9999780007207454, 0.022728901245397677], [-0.0036156552609249437, -0.9999717566283041, 0.006588852915166532, 0.028008266551726273], [0.0, 0.0, 0.0, 1.0]]}, "Hobj2base": {"type": "ndarray", "data": [[0.9999883523782003, -0.004795719722502223, 0.0005442244717398956, -0.7317856223804073], [-0.004797794956662129, -0.9999809701714266, 0.003878203007366247, 0.09679052725300796], [0.0005256153405911991, -0.00388076891295016, -0.9999923316511772, 0.004666268490272983], [0.0, 0.0, 0.0, 1.0]]}, "mean_rme": {"type": "float", "data": 0.0015344256319221364}, "max_rme": {"type": "float", "data": 0.004753773874850431}, "simu": {"type": "float", "data": 0.002}}, {"type": "dict", "image_number": {"type": "int", "data": 9}, "Hcamera2end": {"type": "ndarray", "data": [[0.999993653043799, -0.003447112710139422, -0.0009007142065346593, -0.013137091663506675], [0.0009320613517470465, 0.009102963115266816, 0.9999581327856475, 0.022860008166628743], [-0.003438769220933208, -0.9999526256160767, 0.009106118259690765, 0.02822999801315699], [0.0, 0.0, 0.0, 1.0]]}, "Hobj2base": {"type": "ndarray", "data": [[0.9999801672746419, -0.006196497454953622, -0.001126266695790244, -0.7332739946332707], [-0.006193119218417642, -0.9999763862176598, 0.0029786375100284016, 0.09708364771977052], [-0.001144697220123753, -0.0029716033316099615, -0.9999949296081025, 0.005099475738799837], [0.0, 0.0, 0.0, 1.0]]}, "mean_rme": {"type": "float", "data": 0.0014901147484187014}, "max_rme": {"type": "float", "data": 0.004705714368744118}, "simu": {"type": "float", "data": 0.002}}, {"type": "dict", "image_number": {"type": "int", "data": 10}, "Hcamera2end": {"type": "ndarray", "data": [[0.9999457260246846, -0.0009284201198379522, -0.010377043945539245, -0.013106155387938885], [0.010381413194607562, 0.004832038689124518, 0.9999344366818206, 0.022492452109635894], [-0.0008782169717106384, -0.9999878946458243, 0.004841414748058215, 0.027961146693574055], [0.0, 0.0, 0.0, 1.0]]}, "Hobj2base": {"type": "ndarray", "data": [[0.999997504998536, -0.002027428671427537, 0.0009378324398787008, -0.7311220110343306], [-0.002020845990156767, -0.9999736845451046, -0.006967524579936459, 0.09134312966279397], [0.0009519339194936689, 0.006965611981026864, -0.9999752867303986, 0.006372752240297197], [0.0, 0.0, 0.0, 1.0]]}, "mean_rme": {"type": "float", "data": 0.0016877402782480946}, "max_rme": {"type": "float", "data": 0.005023405312256035}, "simu": {"type": "float", "data": 0.002}}, {"type": "dict", "image_number": {"type": "int", "data": 11}, "Hcamera2end": {"type": "ndarray", "data": [[0.9999736555252409, -0.0019608128079549175, -0.006988810243466486, -0.013051603266678041], [0.007007322496122787, 0.009598675383165944, 0.9999293789374946, 0.022751241152263766], [-0.0018935910124294668, -0.9999520091704504, 0.009612162558804482, 0.028141056282754047], [0.0, 0.0, 0.0, 1.0]]}, "Hobj2base": {"type": "ndarray", "data": [[0.9999805974830922, -0.005396411368238627, -0.0031118164635210426, -0.7338192439624952], [-0.0054076039979879705, -0.999978899803589, -0.0035996897929038226, 0.09374593872009919], [-0.003092325396661908, 0.003616447421010894, -0.9999886793517678, 0.006498553250279007], [0.0, 0.0, 0.0, 1.0]]}, "mean_rme": {"type": "float", "data": 0.0016812933864325803}, "max_rme": {"type": "float", "data": 0.005782058501640375}, "simu": {"type": "float", "data": 0.002}}, {"type": "dict", "image_number": {"type": "int", "data": 12}, "Hcamera2end": {"type": "ndarray", "data": [[0.999981666507633, -0.002251838180579723, -0.005621020674724802, -0.0131326213741929], [0.005645915355011514, 0.011205820361590235, 0.9999212735159843, 0.022730540031329075], [-0.0021886727533474435, -0.9999346772738867, 0.011218328607528916, 0.02805723539464898], [0.0, 0.0, 0.0, 1.0]]}, "Hobj2base": {"type": "ndarray", "data": [[0.9999690604447902, -0.006248113936052309, -0.004779040218047636, -0.7346940388183678], [-0.006263268805366431, -0.9999753839477457, -0.003162746026950479, 0.0944586072453212], [-0.004759161379416719, 0.0031925805865124523, -0.9999835787712534, 0.006410711907210741], [0.0, 0.0, 0.0, 1.0]]}, "mean_rme": {"type": "float", "data": 0.0016752759977064064}, "max_rme": {"type": "float", "data": 0.005956473422311703}, "simu": {"type": "float", "data": 0.002}}, {"type": "dict", "image_number": {"type": "int", "data": 13}, "Hcamera2end": {"type": "ndarray", "data": [[0.9999206487882377, -0.0021158348763879774, -0.012418509157123635, -0.013171457981167707], [0.012441108258567472, 0.011025372913356812, 0.999861820441915, 0.02286726811774257], [-0.0019786238167745504, -0.999936980211702, 0.011050821367410424, 0.028290821983460834], [0.0, 0.0, 0.0, 1.0]]}, "Hobj2base": {"type": "ndarray", "data": [[0.999966650571605, -0.006330649530970088, -0.005159517527990966, -0.7348224998298135], [-0.006384025071472808, -0.9999255902955231, -0.01039509961648643, 0.09125775066990321], [-0.0050933258773049675, 0.010427691435111509, -0.9999326583739736, 0.00762186581375316], [0.0, 0.0, 0.0, 1.0]]}, "mean_rme": {"type": "float", "data": 0.0016915771159789652}, "max_rme": {"type": "float", "data": 0.005622806168226024}, "simu": {"type": "float", "data": 0.002}}, {"type": "dict", "image_number": {"type": "int", "data": 14}, "Hcamera2end": {"type": "ndarray", "data": [[0.9999318922068704, -0.002423618174885677, -0.011416524100179647, -0.013177822479659835], [0.011444348240432077, 0.011794996717939266, 0.9998649433527389, 0.02279237879218817], [-0.00228863298484884, -0.9999274994355172, 0.011821930117138058, 0.028258829375534412], [0.0, 0.0, 0.0, 1.0]]}, "Hobj2base": {"type": "ndarray", "data": [[0.9999563197917262, -0.0071936180846632, -0.0059674422862037, -0.7351544070310514], [-0.007250647762524857, -0.9999277191021632, -0.009590864307718864, 0.09176836984624022], [-0.005898017939185907, 0.009633713198828836, -0.9999362004420038, 0.007602299145811501], [0.0, 0.0, 0.0, 1.0]]}, "mean_rme": {"type": "float", "data": 0.0016727068431828494}, "max_rme": {"type": "float", "data": 0.0057267972421279345}, "simu": {"type": "float", "data": 0.002}}, {"type": "dict", "image_number": {"type": "int", "data": 15}, "Hcamera2end": {"type": "ndarray", "data": [[0.999944532156784, -0.0022641804218739665, -0.01028620905715279, -0.013132776351759577], [0.010311197998375026, 0.011316469967891485, 0.9998828014839061, 0.02273485384298814], [-0.0021475114874096295, -0.99993340327968, 0.01133918868034356, 0.02818912879856965], [0.0, 0.0, 0.0, 1.0]]}, "Hobj2base": {"type": "ndarray", "data": [[0.9999635822126802, -0.006056158649659088, -0.006013084964853938, -0.734916898990958], [-0.006105858882807989, -0.9999470647166355, -0.008281681706476642, 0.09211360632535795], [-0.0059626114821970284, 0.008318095154199337, -0.9999476269071883, 0.007433390673431909], [0.0, 0.0, 0.0, 1.0]]}, "mean_rme": {"type": "float", "data": 0.0016222487522256}, "max_rme": {"type": "float", "data": 0.0058278100349813955}, "simu": {"type": "float", "data": 0.002}}, {"type": "dict", "image_number": {"type": "int", "data": 16}, "Hcamera2end": {"type": "ndarray", "data": [[0.9999518022461173, -0.0019433909139988273, -0.009623742333273492, -0.013086400553675544], [0.009643745452061665, 0.010560139036466465, 0.9998977355895884, 0.022733327847135415], [-0.0018415641171823111, -0.9999423516859789, 0.01057837162877262, 0.028133669894571712], [0.0, 0.0, 0.0, 1.0]]}, "Hobj2base": {"type": "ndarray", "data": [[0.9999694168041837, -0.00533617569848162, -0.005717576865734555, -0.734517332225483], [-0.005380206404447998, -0.9999557771918801, -0.00771343241552051, 0.09235256389182134], [-0.005676163787822329, 0.007743958257777479, -0.9999539050752069, 0.007233994063560269], [0.0, 0.0, 0.0, 1.0]]}, "mean_rme": {"type": "float", "data": 0.001554942754594693}, "max_rme": {"type": "float", "data": 0.005845709282827127}, "simu": {"type": "float", "data": 0.002}}, {"type": "dict", "image_number": {"type": "int", "data": 17}, "Hcamera2end": {"type": "ndarray", "data": [[0.9999680236844662, -0.0022675125421471134, -0.007668767531615711, -0.01272744213397178], [0.0076923872824180076, 0.010598122117553843, 0.9999142498161925, 0.022710143737957274], [-0.002186043567738642, -0.9999412673724656, 0.01061522581329899, 0.028198522766849005], [0.0, 0.0, 0.0, 1.0]]}, "Hobj2base": {"type": "ndarray", "data": [[0.9999667691610735, -0.005915321074599105, -0.00560977273591987, -0.7344723453030867], [-0.005949870958811194, -0.9999633117806743, -0.0061623151655037555, 0.0934365732742734], [-0.005573114850580543, 0.006195487810488057, -0.9999652775580019, 0.007109212799427758], [0.0, 0.0, 0.0, 1.0]]}, "mean_rme": {"type": "float", "data": 0.0016630504191449253}, "max_rme": {"type": "float", "data": 0.005616955802003665}, "simu": {"type": "float", "data": 0.002}}, {"type": "dict", "image_number": {"type": "int", "data": 18}, "Hcamera2end": {"type": "ndarray", "data": [[0.9999819484420054, -0.000906844560836327, -0.005939732575887554, -0.012419213199931957], [0.005948205678646779, 0.009645679154242082, 0.9999357877998256, 0.022776342829524742], [-0.0008494935756628483, -0.9999530681519988, 0.009650899132671809, 0.02790516796420559], [0.0, 0.0, 0.0, 1.0]]}, "Hobj2base": {"type": "ndarray", "data": [[0.9999729134264074, -0.004728301498623381, -0.005640529978721947, -0.7341934324416157], [-0.004753837224609271, -0.9999784742265303, -0.004522401488377964, 0.09415300059678672], [-0.0056190252842165025, 0.004549093153396607, -0.9999738658116704, 0.0068458539127066766], [0.0, 0.0, 0.0, 1.0]]}, "mean_rme": {"type": "float", "data": 0.0017502792809400646}, "max_rme": {"type": "float", "data": 0.0059142836333798965}, "simu": {"type": "float", "data": 0.002}}, {"type": "dict", "image_number": {"type": "int", "data": 19}, "Hcamera2end": {"type": "ndarray", "data": [[0.9999917636140163, -0.0005580325741191905, -0.004020112408309974, -0.012181138300414982], [0.004025117950492738, 0.009279081341455053, 0.9999488472291687, 0.022795722421180276], [-0.0005207010791683096, -0.9999567926911166, 0.009281251062290607, 0.027819309669600247], [0.0, 0.0, 0.0, 1.0]]}, "Hobj2base": {"type": "ndarray", "data": [[0.9999750545202407, -0.004644072663742996, -0.005321928817222445, -0.7340217101495936], [-0.004659536639513596, -0.999984947932385, -0.002897003101492186, 0.0951250274202443], [-0.005308394818279628, 0.0029217285566766863, -0.99998164205484, 0.006540699957933444], [0.0, 0.0, 0.0, 1.0]]}, "mean_rme": {"type": "float", "data": 0.0017381445716458843}, "max_rme": {"type": "float", "data": 0.005748426295959119}, "simu": {"type": "float", "data": 0.002}}, {"type": "dict", "image_number": {"type": "int", "data": 20}, "Hcamera2end": {"type": "ndarray", "data": [[0.9999996430645569, 0.0008430914269160211, -5.5385959831099284e-05, -0.0116888074281313], [4.8902560709094146e-05, 0.007688110007723403, 0.9999704448497709, 0.022823476292779095], [0.0008434923225743066, -0.9999700906333925, 0.007688066034234775, 0.02748811810907912], [0.0, 0.0, 0.0, 1.0]]}, "Hobj2base": {"type": "ndarray", "data": [[0.9999845194900945, -0.0028892277487062856, -0.004755327873134054, -0.733344535358824], [-0.0028842647070225205, -0.9999952890296651, 0.001050207396662014, 0.09687563442825527], [-0.004758339759277845, -0.001036475514561206, -0.999988141890314, 0.005898338396487618], [0.0, 0.0, 0.0, 1.0]]}, "mean_rme": {"type": "float", "data": 0.0018256872896230104}, "max_rme": {"type": "float", "data": 0.005576516330117631}, "simu": {"type": "float", "data": 0.002}}, {"type": "dict", "image_number": {"type": "int", "data": 21}, "Hcamera2end": {"type": "ndarray", "data": [[0.9999998501809793, 0.0005455198561021899, -4.523389891148739e-05, -0.01176230750386932], [4.107002011357382e-05, 0.007630461108369402, 0.9999708867644733, 0.023367538048799857], [0.0005458491297605586, -0.9999707388075715, 0.007630437560669723, 0.027791145423618695], [0.0, 0.0, 0.0, 1.0]]}, "Hobj2base": {"type": "ndarray", "data": [[0.9999839587228841, -0.0029992914527764915, -0.00480484627126832, -0.7335223630293177], [-0.0029932591200652835, -0.999994723651997, 0.0012621679784076828, 0.09664513227765172], [-0.004808606528856899, -0.0012477655816993888, -0.9999876601160151, 0.005413896930771862], [0.0, 0.0, 0.0, 1.0]]}, "mean_rme": {"type": "float", "data": 0.0018008644806989734}, "max_rme": {"type": "float", "data": 0.005618867821812201}, "simu": {"type": "float", "data": 0.002}}, {"type": "dict", "image_number": {"type": "int", "data": 22}, "Hcamera2end": {"type": "ndarray", "data": [[0.9999998246276538, 0.0005805961093614567, -0.00011684528007615741, -0.011764720201567718], [0.00011209900260395638, 0.008168154024231322, 0.9999666337901729, 0.02357974951993943], [0.0005815311473145135, -0.9999664715219176, 0.008168087507518296, 0.028311739675371705], [0.0, 0.0, 0.0, 1.0]]}, "Hobj2base": {"type": "ndarray", "data": [[0.999981555114205, -0.0031730994557988986, -0.0051788870638332755, -0.7342495052489624], [-0.003166590352161805, -0.9999941867672668, 0.0012645699719178625, 0.09650733109665413], [-0.005182869564047187, -0.0012481472332578805, -0.9999857898948192, 0.005318491204966113], [0.0, 0.0, 0.0, 1.0]]}, "mean_rme": {"type": "float", "data": 0.0017522776762698023}, "max_rme": {"type": "float", "data": 0.0056515151672951736}, "simu": {"type": "float", "data": 0.002}}, {"type": "dict", "image_number": {"type": "int", "data": 23}, "Hcamera2end": {"type": "ndarray", "data": [[0.9999998178233354, -0.0003432361548578089, -0.0004965301985109876, -0.011980128954748398], [0.0004984545808633361, 0.005629421262840051, 0.999984030452125, 0.02508857797021868], [-0.00034043549587446144, -0.9999840957761217, 0.005629591324924577, 0.030816321665559997], [0.0, 0.0, 0.0, 1.0]]}, "Hobj2base": {"type": "ndarray", "data": [[0.9999947140050056, -0.002446713928312719, -0.0021413904361251975, -0.7353318667458751], [-0.002444856630682022, -0.9999966332990473, 0.0008695209173833024, 0.09525385917043645], [-0.002143510695643497, -0.0008642809284934459, -0.9999973291866204, 0.003385740627149957], [0.0, 0.0, 0.0, 1.0]]}, "mean_rme": {"type": "float", "data": 0.0018636834068029265}, "max_rme": {"type": "float", "data": 0.007250423118115468}, "simu": {"type": "float", "data": 0.002}}, {"type": "dict", "image_number": {"type": "int", "data": 24}, "Hcamera2end": {"type": "ndarray", "data": [[0.999999557018023, -0.0007943782072814696, -0.0005049029822965403, -0.012052361823244576], [0.0005083199819233388, 0.004307171423795331, 0.999990594898333, 0.025680983497173702], [-0.0007921960323765316, -0.9999904085727971, 0.004307573314112023, 0.03147253476020332], [0.0, 0.0, 0.0, 1.0]]}, "Hobj2base": {"type": "ndarray", "data": [[0.9999977720064613, -0.0019137019269482222, -0.0008909136030808138, -0.735294502609609], [-0.0019129350149500507, -0.9999977997862475, 0.0008608729837251901, 0.09480533043448498], [-0.000892559097168264, -0.0008591668058791161, -0.9999992325850351, 0.0025902420434270393], [0.0, 0.0, 0.0, 1.0]]}, "mean_rme": {"type": "float", "data": 0.0018634273664889667}, "max_rme": {"type": "float", "data": 0.006933233363384084}, "simu": {"type": "float", "data": 0.002}}, {"type": "dict", "image_number": {"type": "int", "data": 25}, "Hcamera2end": {"type": "ndarray", "data": [[0.9999988840278424, -0.0013979771781688697, -0.0005268803270172533, -0.012143372046190447], [0.0005299049095901732, 0.0021640545794098243, 0.999997518031202, 0.02601108099996797], [-0.0013968335106486506, -0.9999966812582863, 0.002164792959355344, 0.03227995159642529], [0.0, 0.0, 0.0, 1.0]]}, "Hobj2base": {"type": "ndarray", "data": [[0.9999985021198838, -0.0012198720234543384, 0.0012278722389061406, -0.7350646546152787], [-0.0012209368397585782, -0.999998878959909, 0.0008668287945144727, 0.09441468985434169], [0.0012268134422165813, -0.0008683266505598547, -0.999998870468165, 0.0018539272080960556], [0.0, 0.0, 0.0, 1.0]]}, "mean_rme": {"type": "float", "data": 0.0018714595679430771}, "max_rme": {"type": "float", "data": 0.006512658162735663}, "simu": {"type": "float", "data": 0.002}}, {"type": "dict", "image_number": {"type": "int", "data": 26}, "Hcamera2end": {"type": "ndarray", "data": [[0.9999990348668215, -0.0013879879611017353, -6.127679306383539e-05, -0.012180800873832043], [6.472288872329908e-05, 0.002482890555531747, 0.9999969155279615, 0.02630408466190095], [-0.001387831536320908, -0.9999959543637711, 0.002482977993802038, 0.03363699766152024], [0.0, 0.0, 0.0, 1.0]]}, "Hobj2base": {"type": "ndarray", "data": [[0.9999986135788126, -0.0012007330458963788, 0.001153724666136294, -0.7365246091622347], [-0.0012023296767729905, -0.9999983191997, 0.0013841969237649483, 0.09443340973799083], [0.001152060675967136, -0.0013855821620899261, -0.9999983764578178, 0.00149690645427505], [0.0, 0.0, 0.0, 1.0]]}, "mean_rme": {"type": "float", "data": 0.001886228847910209}, "max_rme": {"type": "float", "data": 0.006138410510269532}, "simu": {"type": "float", "data": 0.002}}, {"type": "dict", "image_number": {"type": "int", "data": 27}, "Hcamera2end": {"type": "ndarray", "data": [[0.9999996157056965, -0.0008763657634683958, 2.3906230642585513e-05, -0.012123500749126267], [-2.146184789055764e-05, 0.002789129961113024, 0.9999961101391589, 0.026472888166974552], [-0.0008764290321116726, -0.9999957263594222, 0.002789110080837598, 0.03465046304131346], [0.0, 0.0, 0.0, 1.0]]}, "Hobj2base": {"type": "ndarray", "data": [[0.999999172528677, -0.001086440980999965, 0.0006889034446908324, -0.7376649864418637], [-0.0010874808753689436, -0.999998267253646, 0.0015109186119051407, 0.09428058946329115], [0.0006872607270969708, -0.001511666530984395, -0.999998621267546, 0.001403512530582479], [0.0, 0.0, 0.0, 1.0]]}, "mean_rme": {"type": "float", "data": 0.0018991301994546181}, "max_rme": {"type": "float", "data": 0.006169585474083639}, "simu": {"type": "float", "data": 0.002}}, {"type": "dict", "image_number": {"type": "int", "data": 28}, "Hcamera2end": {"type": "ndarray", "data": [[0.9999995479312629, -0.0009284389389075953, -0.00020527641504887922, -0.012106580361693643], [0.0002084789770590836, 0.003450624685705339, 0.9999940248450461, 0.026199461342888967], [-0.0009277250594759091, -0.9999936155748272, 0.0034508166857860623, 0.034790420962150875], [0.0, 0.0, 0.0, 1.0]]}, "Hobj2base": {"type": "ndarray", "data": [[0.9999990427339102, -0.0013796785640136252, -0.00010496820154889716, -0.7381376900161788], [-0.0013795450363565545, -0.9999982524962909, 0.0012616892867706201, 0.09432735151337757], [-0.00010670874377997872, -0.001261543270636828, -0.9999991985605887, 0.0018364335483289581], [0.0, 0.0, 0.0, 1.0]]}, "mean_rme": {"type": "float", "data": 0.0018835855838242295}, "max_rme": {"type": "float", "data": 0.006236898894927956}, "simu": {"type": "float", "data": 0.002}}, {"type": "dict", "image_number": {"type": "int", "data": 29}, "Hcamera2end": {"type": "ndarray", "data": [[0.9999991755343918, -0.001064716600887878, -0.0007178503301381442, -0.012146698589838625], [0.0007211012621759697, 0.003056096259961838, 0.9999950701321579, 0.026244355027584418], [-0.0010625175322665989, -0.9999947633133933, 0.003056861508800357, 0.03433307163658701], [0.0, 0.0, 0.0, 1.0]]}, "Hobj2base": {"type": "ndarray", "data": [[0.9999989518619614, -0.0014145289797017806, 0.00030884096913419754, -0.7374829593419757], [-0.0014147942794269243, -0.9999986289515226, 0.0008604953351602344, 0.09409867749393157], [0.0003076233501097747, -0.0008609313796787252, -0.9999995820824297, 0.0018159552228967043], [0.0, 0.0, 0.0, 1.0]]}, "mean_rme": {"type": "float", "data": 0.0018591709406293746}, "max_rme": {"type": "float", "data": 0.006223977521363722}, "simu": {"type": "float", "data": 0.002}}, {"type": "dict", "image_number": {"type": "int", "data": 30}, "Hcamera2end": {"type": "ndarray", "data": [[0.9999993271527954, -0.0009893090442131517, 0.0006057735316250894, -0.012075495984856176], [-0.0006020825687865535, 0.003726895186129675, 0.9999928738490349, 0.026165367628198714], [-0.0009915596487064498, -0.999992565732309, 0.0037262970327679446, 0.03494668021397572], [0.0, 0.0, 0.0, 1.0]]}, "Hobj2base": {"type": "ndarray", "data": [[0.999998518571632, -0.0016829545262049155, -0.0003612735861171968, -0.7384029737517541], [-0.0016820235251500532, -0.9999953034242617, 0.0025620160576357636, 0.09477332783874035], [-0.0003655836458888451, -0.0025614045915216327, -0.9999966527719562, 0.001828270955442533], [0.0, 0.0, 0.0, 1.0]]}, "mean_rme": {"type": "float", "data": 0.0018588025994465997}, "max_rme": {"type": "float", "data": 0.006249187725881233}, "simu": {"type": "float", "data": 0.002}}, {"type": "dict", "image_number": {"type": "int", "data": 31}, "Hcamera2end": {"type": "ndarray", "data": [[0.9999988332289004, -0.0010425478893613554, 0.0011165279827734526, -0.012025168404363103], [-0.0011125919026049682, 0.0037684209591763995, 0.9999922805415715, 0.026375271955842376], [-0.0010467473889080542, -0.9999923560194715, 0.0037672566319518763, 0.03451136406752523], [0.0, 0.0, 0.0, 1.0]]}, "Hobj2base": {"type": "ndarray", "data": [[0.99999795537113, -0.001989983730025878, -0.00035946948913422494, -0.7379260913628937], [-0.0019889151226613715, -0.9999936737121311, 0.002949025661146773, 0.09497598377996253], [-0.0003653357281118676, -0.002948304677180693, -0.9999955870049306, 0.00158090534992494], [0.0, 0.0, 0.0, 1.0]]}, "mean_rme": {"type": "float", "data": 0.001841607790635989}, "max_rme": {"type": "float", "data": 0.006200698013092143}, "simu": {"type": "float", "data": 0.002}}]}