{"type": "list", "data": [{"type": "dict", "image_number": {"type": "int", "data": 5}, "Hcamera2end": {"type": "ndarray", "data": [[0.9997753348269325, 0.007497924595879951, -0.019825766024280787, -0.016053287957600096], [0.019902463577215722, -0.010296763635356143, 0.9997489027761899, 0.025761638466260443], [0.007291900661187696, -0.9999188756021122, -0.010443677482346203, 0.03335546317486459], [0.0, 0.0, 0.0, 1.0]]}, "Hobj2base": {"type": "ndarray", "data": [[0.999900431635681, 0.011315002659586142, 0.008431935103662806, -0.7304279895794765], [0.011473106170611912, -0.9997547117475714, -0.018944238525971574, 0.07837619293969775], [0.00821551273973143, 0.01903909276579631, -0.9997849860330368, 0.0009445941099720301], [0.0, 0.0, 0.0, 1.0]]}, "mean_rme": {"type": "float", "data": 0.0015299361810790792}, "max_rme": {"type": "float", "data": 0.0043841090156612195}, "simu": {"type": "float", "data": 0.002}}, {"type": "dict", "image_number": {"type": "int", "data": 6}, "Hcamera2end": {"type": "ndarray", "data": [[0.9999594320958458, 0.007771016741241617, -0.0045547185819607245, -0.016269158801595855], [0.004734377190305703, -0.023259482806617715, 0.9997182513749504, 0.025440800935591465], [0.007662886869413437, -0.9996992586565102, -0.023295330142553805, 0.03324168195936002], [0.0, 0.0, 0.0, 1.0]]}, "Hobj2base": {"type": "ndarray", "data": [[0.9996888302037833, 0.011875741855754669, 0.021936488350847754, -0.7243090859069286], [0.011965959686476369, -0.9999204606191361, -0.003986006020678884, 0.0858579189934185], [0.02188740675760893, 0.004247256831266814, -0.9997514202214652, -0.0006911881531969921], [0.0, 0.0, 0.0, 1.0]]}, "mean_rme": {"type": "float", "data": 0.0016351549153928832}, "max_rme": {"type": "float", "data": 0.005177595715505079}, "simu": {"type": "float", "data": 0.002}}, {"type": "dict", "image_number": {"type": "int", "data": 7}, "Hcamera2end": {"type": "ndarray", "data": [[0.9999502955898595, 0.007876033292908853, -0.00611346459232983, -0.016143157991668607], [0.006208749725368113, -0.012131007974884866, 0.9999071407247582, 0.025384144312741993], [0.007801139442441762, -0.9998953979017418, -0.012179305329833356, 0.033554268568546416], [0.0, 0.0, 0.0, 1.0]]}, "Hobj2base": {"type": "ndarray", "data": [[0.9998720295642664, 0.010274733973899967, 0.012261905920392993, -0.7297391914382567], [0.01034433499221817, -0.9999306671241275, -0.005626337909050027, 0.08548961296736061], [0.012203246641929092, 0.005752459166619829, -0.999908990851134, 0.000873515297537375], [0.0, 0.0, 0.0, 1.0]]}, "mean_rme": {"type": "float", "data": 0.0015354200080237462}, "max_rme": {"type": "float", "data": 0.005156146651365767}, "simu": {"type": "float", "data": 0.002}}, {"type": "dict", "image_number": {"type": "int", "data": 8}, "Hcamera2end": {"type": "ndarray", "data": [[0.9999470133241903, 0.007895661177841982, -0.006605231153876874, -0.01617524104317716], [0.0067014859616943145, -0.012227199618355167, 0.9999027881126236, 0.025410024030053397], [0.007814130145872967, -0.9998940714516001, -0.012279464402234597, 0.033582060287766564], [0.0, 0.0, 0.0, 1.0]]}, "Hobj2base": {"type": "ndarray", "data": [[0.9998663564643863, 0.010667297553725495, 0.012388622745612058, -0.7297160033212223], [0.010743060667194652, -0.9999238972449249, -0.0060651765038162, 0.08515527733451052], [0.012322980894807456, 0.006197457657923206, -0.9999048633047272, 0.0008679956830046076], [0.0, 0.0, 0.0, 1.0]]}, "mean_rme": {"type": "float", "data": 0.0013741567090146173}, "max_rme": {"type": "float", "data": 0.00511432188356864}, "simu": {"type": "float", "data": 0.002}}, {"type": "dict", "image_number": {"type": "int", "data": 9}, "Hcamera2end": {"type": "ndarray", "data": [[0.9999796824987116, 0.006281402726214693, 0.0010856194393000997, -0.0160424112034754], [-0.0009995847016085854, -0.013683704992071055, 0.999905874094214, 0.025057674667187866], [0.006295666779634522, -0.9998866436739121, -0.01367714817930743, 0.03342186578194707], [0.0, 0.0, 0.0, 1.0]]}, "Hobj2base": {"type": "ndarray", "data": [[0.9998599304689396, 0.009067564273369192, 0.01406764801931885, -0.7288123194242563], [0.009036450193400755, -0.9999565853991688, 0.0022737380535903244, 0.08948736544535975], [0.014087654543937199, -0.002146297971502536, -0.9998984605421029, 0.0008267886079150867], [0.0, 0.0, 0.0, 1.0]]}, "mean_rme": {"type": "float", "data": 0.0014379140240843966}, "max_rme": {"type": "float", "data": 0.004960024092720505}, "simu": {"type": "float", "data": 0.002}}, {"type": "dict", "image_number": {"type": "int", "data": 10}, "Hcamera2end": {"type": "ndarray", "data": [[0.9999526293614619, 0.00804309154783922, -0.005481579284456708, -0.016248990628464324], [0.005561493566684677, -0.009947271048192263, 0.9999350586853134, 0.025389458284610655], [0.007988042463985313, -0.9999181768910127, -0.00999153144151066, 0.03381177787451788], [0.0, 0.0, 0.0, 1.0]]}, "Hobj2base": {"type": "ndarray", "data": [[0.9998889548415788, 0.010572467598082294, 0.01050242422980375, -0.7308537211386053], [0.010618752830266916, -0.9999341090363778, -0.004361155117146756, 0.08570757213714962], [0.01045562404378463, 0.0044721934790007654, -0.999935337615059, 0.001383037988510788], [0.0, 0.0, 0.0, 1.0]]}, "mean_rme": {"type": "float", "data": 0.001440312556425628}, "max_rme": {"type": "float", "data": 0.004994564371586074}, "simu": {"type": "float", "data": 0.002}}, {"type": "dict", "image_number": {"type": "int", "data": 11}, "Hcamera2end": {"type": "ndarray", "data": [[0.9999567277109322, 0.008304570021956495, -0.004192472110214025, -0.01642679580355215], [0.004278522592252584, -0.010371301723848703, 0.9999370631919694, 0.02533247243324376], [0.008260565965603395, -0.9999117312129623, -0.01040638422434026, 0.033889477311671294], [0.0, 0.0, 0.0, 1.0]]}, "Hobj2base": {"type": "ndarray", "data": [[0.9998828131344827, 0.010749992373762576, 0.010899434032881749, -0.7307338043521402], [0.010778127449887539, -0.9999387240547761, -0.002525886850065549, 0.08635185464288016], [0.01087161289538379, 0.0026430663384409796, -0.9999374091578845, 0.0015539761843581877], [0.0, 0.0, 0.0, 1.0]]}, "mean_rme": {"type": "float", "data": 0.0014570620928190865}, "max_rme": {"type": "float", "data": 0.005024980291131298}, "simu": {"type": "float", "data": 0.002}}, {"type": "dict", "image_number": {"type": "int", "data": 12}, "Hcamera2end": {"type": "ndarray", "data": [[0.9999314435945253, 0.007351268752773096, -0.00911410767399459, -0.016971122858661057], [0.009174799406635698, -0.00826492081609076, 0.9999237541631621, 0.025490483957350776], [0.007275380870900331, -0.9999388230945073, -0.008331800619018948, 0.033743537206965005], [0.0, 0.0, 0.0, 1.0]]}, "Hobj2base": {"type": "ndarray", "data": [[0.9999205015533363, 0.009169268964636983, 0.008655349789484977, -0.7318738256842926], [0.009236506137944685, -0.9999272278706743, -0.00776053588563883, 0.08409045703279446], [0.008583561480405597, 0.007839864126547282, -0.9999324272183543, 0.0020530653675494143], [0.0, 0.0, 0.0, 1.0]]}, "mean_rme": {"type": "float", "data": 0.0016477954778585757}, "max_rme": {"type": "float", "data": 0.005541541218797297}, "simu": {"type": "float", "data": 0.002}}, {"type": "dict", "image_number": {"type": "int", "data": 13}, "Hcamera2end": {"type": "ndarray", "data": [[0.999974286391838, 0.005814901482221696, -0.004196841179538147, -0.01653404465751443], [0.0042365414958800175, -0.00683192814596989, 0.9999676877149392, 0.02550010831134775], [0.0057860410720887495, -0.9999597550294513, -0.0068563875438705235, 0.03351219613557846], [0.0, 0.0, 0.0, 1.0]]}, "Hobj2base": {"type": "ndarray", "data": [[0.9999457409910811, 0.0071994531454967585, 0.007528807887278275, -0.7325096385525635], [0.0072227687449121745, -0.9999691897927572, -0.003074260378489113, 0.08679557947933435], [0.007506442929594986, 0.0031284724104624993, -0.9999669324407294, 0.002010748816926405], [0.0, 0.0, 0.0, 1.0]]}, "mean_rme": {"type": "float", "data": 0.001758025089222167}, "max_rme": {"type": "float", "data": 0.005053161184231214}, "simu": {"type": "float", "data": 0.002}}, {"type": "dict", "image_number": {"type": "int", "data": 14}, "Hcamera2end": {"type": "ndarray", "data": [[0.9999745121464585, 0.006175854199166587, -0.003582440838715651, -0.016404562098681963], [0.0036267021643935317, -0.007170595206710928, 0.9999677142767123, 0.025526623650660402], [0.006149966574140427, -0.9999552196920081, -0.007192810427421481, 0.033567153099568564], [0.0, 0.0, 0.0, 1.0]]}, "Hobj2base": {"type": "ndarray", "data": [[0.9999407231687112, 0.007502469520687017, 0.007890697049434599, -0.732346214217309], [0.007524132038160908, -0.9999679961008909, -0.00271922986165271, 0.08700284129765391], [0.007870043577205539, 0.002778439320796038, -0.999965170737978, 0.0018642557328717962], [0.0, 0.0, 0.0, 1.0]]}, "mean_rme": {"type": "float", "data": 0.0017051015015501021}, "max_rme": {"type": "float", "data": 0.0051397387825610485}, "simu": {"type": "float", "data": 0.002}}, {"type": "dict", "image_number": {"type": "int", "data": 15}, "Hcamera2end": {"type": "ndarray", "data": [[0.9999800482351046, 0.005510974263906958, -0.0030874413971064495, -0.016420540922399033], [0.0031250994199952227, -0.006837797605505624, 0.999971738739411, 0.025518955585275487], [0.005489707217434914, -0.999961436099697, -0.006854883521851152, 0.03348755529681806], [0.0, 0.0, 0.0, 1.0]]}, "Hobj2base": {"type": "ndarray", "data": [[0.9999461521951228, 0.006759580009822453, 0.007874057928353058, -0.7324706540921688], [0.006776127196093173, -0.9999748853893866, -0.002076701881582106, 0.08736780742959885], [0.00785982254192914, 0.002129945673816325, -0.9999668427108148, 0.0018984734556233322], [0.0, 0.0, 0.0, 1.0]]}, "mean_rme": {"type": "float", "data": 0.0016526518713585593}, "max_rme": {"type": "float", "data": 0.005001489841191142}, "simu": {"type": "float", "data": 0.002}}, {"type": "dict", "image_number": {"type": "int", "data": 16}, "Hcamera2end": {"type": "ndarray", "data": [[0.9999630511261592, 0.005121461880496605, -0.006904129971895656, -0.01660794391630935], [0.006936679147816876, -0.006365144643995402, 0.9999556827260202, 0.025536958291658238], [0.005077289125355211, -0.9999666272240627, -0.006400435396901827, 0.0334108529317916], [0.0, 0.0, 0.0, 1.0]]}, "Hobj2base": {"type": "ndarray", "data": [[0.9999519228895628, 0.0065833525917257645, 0.007267143738700473, -0.7326372690558138], [0.006627538393346165, -0.9999595965580972, -0.006072971777628929, 0.08554717104011038], [0.007226869606588898, 0.006120843080832296, -0.9999551528121993, 0.001973653346019906], [0.0, 0.0, 0.0, 1.0]]}, "mean_rme": {"type": "float", "data": 0.0016446760864339582}, "max_rme": {"type": "float", "data": 0.0049981149464577435}, "simu": {"type": "float", "data": 0.002}}, {"type": "dict", "image_number": {"type": "int", "data": 17}, "Hcamera2end": {"type": "ndarray", "data": [[0.9999754181441477, 0.004006864599178632, -0.005753967632928506, -0.016637230072613158], [0.0057788727263205055, -0.0062320189565587825, 0.999963882632637, 0.0255209618379574], [0.003970861046414093, -0.9999725531112388, -0.006255020922517396, 0.03329620539004459], [0.0, 0.0, 0.0, 1.0]]}, "Hobj2base": {"type": "ndarray", "data": [[0.9999622937288783, 0.005489315131511366, 0.00672893304077867, -0.7326362618839765], [0.005523527919711507, -0.9999718598308793, -0.005076434348209105, 0.08627439637577504], [0.006700877539583155, 0.005113410384319851, -0.9999644750062076, 0.002065769587419523], [0.0, 0.0, 0.0, 1.0]]}, "mean_rme": {"type": "float", "data": 0.0016246491868416027}, "max_rme": {"type": "float", "data": 0.005047394914084735}, "simu": {"type": "float", "data": 0.002}}, {"type": "dict", "image_number": {"type": "int", "data": 18}, "Hcamera2end": {"type": "ndarray", "data": [[0.9999777438585866, 0.004752279325776071, -0.004682694598268574, -0.016654081200818478], [0.0047098797669941055, -0.005725470800941546, 0.9999725176307038, 0.025707673213110408], [0.004725338090688528, -0.9999723170294853, -0.005747726038297207, 0.033416154765994716], [0.0, 0.0, 0.0, 1.0]]}, "Hobj2base": {"type": "ndarray", "data": [[0.9999625016975787, 0.006200875224309607, 0.006045191905340968, -0.733182923192092], [0.006225653620413295, -0.9999722615193025, -0.004088695264965342, 0.08650312493849031], [0.006019670731733716, 0.004126177216705366, -0.9999733687583172, 0.0022007394489009452], [0.0, 0.0, 0.0, 1.0]]}, "mean_rme": {"type": "float", "data": 0.0016745915412833274}, "max_rme": {"type": "float", "data": 0.005330387961044347}, "simu": {"type": "float", "data": 0.002}}, {"type": "dict", "image_number": {"type": "int", "data": 19}, "Hcamera2end": {"type": "ndarray", "data": [[0.9999755925083805, 0.005741656623128545, -0.003980925361698799, -0.01670070538327031], [0.004009651059229055, -0.005000229399273248, 0.9999794599912227, 0.025734922122554803], [0.005721633149421231, -0.9999710151225266, -0.00502312939577676, 0.03349749640015441], [0.0, 0.0, 0.0, 1.0]]}, "Hobj2base": {"type": "ndarray", "data": [[0.9999598112197321, 0.007245734572976692, 0.005279704148492745, -0.7337837305881291], [0.007261993484693571, -0.9999689283784852, -0.0030668759694205657, 0.08671545830861345], [0.005257318330281071, 0.0031050938925435857, -0.9999813593242086, 0.0024236393188502422], [0.0, 0.0, 0.0, 1.0]]}, "mean_rme": {"type": "float", "data": 0.0017023761142984056}, "max_rme": {"type": "float", "data": 0.005478504162605591}, "simu": {"type": "float", "data": 0.002}}, {"type": "dict", "image_number": {"type": "int", "data": 20}, "Hcamera2end": {"type": "ndarray", "data": [[0.9999704600397012, 0.006447423329837292, -0.004184468950069742, -0.01649036418777725], [0.00421662618490797, -0.00498211569482776, 0.9999786990665451, 0.025676357837504007], [0.006426438485271326, -0.9999668040768199, -0.005009154897365642, 0.03336636277164916], [0.0, 0.0, 0.0, 1.0]]}, "Hobj2base": {"type": "ndarray", "data": [[0.9999538698032295, 0.008203050896279583, 0.004996821143390034, -0.7337633350514714], [0.008220599823924242, -0.9999600792519745, -0.0035016625936721392, 0.08630067340230518], [0.0049678973500747485, 0.003542577928299202, -0.9999813848955097, 0.0025044736113910976], [0.0, 0.0, 0.0, 1.0]]}, "mean_rme": {"type": "float", "data": 0.0017766105300781488}, "max_rme": {"type": "float", "data": 0.008035541987199801}, "simu": {"type": "float", "data": 0.002}}, {"type": "dict", "image_number": {"type": "int", "data": 21}, "Hcamera2end": {"type": "ndarray", "data": [[0.9999678079381635, 0.006822302362066931, -0.004223656925542322, -0.01645583357895967], [0.0042562626795217065, -0.00477186152104303, 0.9999795565738467, 0.026045294518832997], [0.006802008184871314, -0.9999653421634696, -0.0048007454159137986, 0.032792928104292504], [0.0, 0.0, 0.0, 1.0]]}, "Hobj2base": {"type": "ndarray", "data": [[0.9999545286883096, 0.00831076570229485, 0.004676722055268529, -0.7332209704854501], [0.008326660323602844, -0.9999595881187437, -0.0033895216843032846, 0.0861815758871482], [0.004648363539571069, 0.0034283090342884185, -0.9999833195676666, 0.0022460479109542826], [0.0, 0.0, 0.0, 1.0]]}, "mean_rme": {"type": "float", "data": 0.0017737686810427667}, "max_rme": {"type": "float", "data": 0.007945366302674006}, "simu": {"type": "float", "data": 0.002}}, {"type": "dict", "image_number": {"type": "int", "data": 22}, "Hcamera2end": {"type": "ndarray", "data": [[0.9999663774731364, 0.006984313463281363, -0.0042968929122602735, -0.016464453522754517], [0.0043212037461919225, -0.0034694208508614377, 0.9999846450406843, 0.025899845474803875], [0.006969298489568571, -0.9999695907798428, -0.0034994848416676216, 0.0323514877825441], [0.0, 0.0, 0.0, 1.0]]}, "Hobj2base": {"type": "ndarray", "data": [[0.9999598433964896, 0.008165147130313957, 0.0036935033245505443, -0.7333385883007945], [0.008176316774852114, -0.9999620153867161, -0.003019209786351536, 0.086148775131926], [0.0036687107361322545, 0.0030492877983317257, -0.9999886211379894, 0.0026488313045159155], [0.0, 0.0, 0.0, 1.0]]}, "mean_rme": {"type": "float", "data": 0.001736995589821583}, "max_rme": {"type": "float", "data": 0.007982644036475944}, "simu": {"type": "float", "data": 0.002}}, {"type": "dict", "image_number": {"type": "int", "data": 23}, "Hcamera2end": {"type": "ndarray", "data": [[0.9999682728118447, 0.00672052240202364, -0.004276441083416838, -0.01649406591879815], [0.004295512024057917, -0.0028258494165904757, 0.9999867814883985, 0.025476665109541993], [0.006708348988179642, -0.9999734242237235, -0.00285462784512025, 0.0328732149421713], [0.0, 0.0, 0.0, 1.0]]}, "Hobj2base": {"type": "ndarray", "data": [[0.999967025466949, 0.0075255997976068885, 0.003051774314765054, -0.7341472058238226], [0.007534157765142214, -0.999967690632964, -0.0028025268859937797, 0.08633595338619554], [0.0030305850181025847, 0.0028254270231294005, -0.9999914162214518, 0.0031624620706654145], [0.0, 0.0, 0.0, 1.0]]}, "mean_rme": {"type": "float", "data": 0.0017388289278977692}, "max_rme": {"type": "float", "data": 0.00817062653874584}, "simu": {"type": "float", "data": 0.002}}, {"type": "dict", "image_number": {"type": "int", "data": 24}, "Hcamera2end": {"type": "ndarray", "data": [[0.9999722637367485, 0.006462263937726375, -0.003702823517501414, -0.016509768020604616], [0.00371828673733251, -0.0023824769051026262, 0.999990249026227, 0.025465488956299364], [0.006453379032846087, -0.999976281193007, -0.00240643937438878, 0.03376129279037764], [0.0, 0.0, 0.0, 1.0]]}, "Hobj2base": {"type": "ndarray", "data": [[0.9999706714065443, 0.007205215703255422, 0.0025963808300327345, -0.7351919914547088], [0.007210442185179898, -0.9999719857644842, -0.0020092808983572293, 0.08673852631057678], [0.0025818307921275786, 0.0020279430228402834, -0.9999946107839066, 0.003236588395810936], [0.0, 0.0, 0.0, 1.0]]}, "mean_rme": {"type": "float", "data": 0.0017387800164993773}, "max_rme": {"type": "float", "data": 0.008299341709164826}, "simu": {"type": "float", "data": 0.002}}, {"type": "dict", "image_number": {"type": "int", "data": 25}, "Hcamera2end": {"type": "ndarray", "data": [[0.9999700144061693, 0.006769131185740039, -0.0037615357921744717, -0.016520438166926922], [0.003780049737221099, -0.0027243424207594735, 0.9999891445322588, 0.025905263392216764], [0.006758809992128989, -0.9999733780563185, -0.0027498483822940845, 0.03369262935176679], [0.0, 0.0, 0.0, 1.0]]}, "Hobj2base": {"type": "ndarray", "data": [[0.9999664435744998, 0.007615153789873833, 0.0030201254482612166, -0.7349255757256821], [0.0076204872569466614, -0.9999694176038907, -0.0017584171586693122, 0.08665070790380751], [0.0030066424684984357, 0.001781372979967784, -0.9999938933870418, 0.0027585060886243995], [0.0, 0.0, 0.0, 1.0]]}, "mean_rme": {"type": "float", "data": 0.0017176069571702185}, "max_rme": {"type": "float", "data": 0.00827859969456679}, "simu": {"type": "float", "data": 0.002}}, {"type": "dict", "image_number": {"type": "int", "data": 26}, "Hcamera2end": {"type": "ndarray", "data": [[0.999976168759017, 0.005920003761685206, -0.0035518262203521073, -0.016568565589734945], [0.0035665169665192818, -0.002472836445220228, 0.9999905824739764, 0.025353719723536117], [0.005911164924570946, -0.9999794191059018, -0.002493891308317009, 0.0336913526132082], [0.0, 0.0, 0.0, 1.0]]}, "Hobj2base": {"type": "ndarray", "data": [[0.9999748096122059, 0.006637719922797319, 0.002514123159094125, -0.7350657529082961], [0.006641313985178526, -0.9999769324506798, -0.0014239083814174313, 0.08691614038083213], [0.002504613659402583, 0.001440569593910073, -0.9999958258261192, 0.0034030710036505917], [0.0, 0.0, 0.0, 1.0]]}, "mean_rme": {"type": "float", "data": 0.0017228122112371014}, "max_rme": {"type": "float", "data": 0.008403001014428452}, "simu": {"type": "float", "data": 0.002}}, {"type": "dict", "image_number": {"type": "int", "data": 27}, "Hcamera2end": {"type": "ndarray", "data": [[0.9999815235735146, 0.005112938730431784, -0.0032879125796391, -0.016557856358731443], [0.0032992931079834672, -0.002218989824848805, 0.9999920953433303, 0.024852324580224475], [0.005105602469847336, -0.9999844668502085, -0.0022358179093611152, 0.03372519888481461], [0.0, 0.0, 0.0, 1.0]]}, "Hobj2base": {"type": "ndarray", "data": [[0.9999806667318083, 0.005762697055244352, 0.0023361261219625802, -0.7352493714963987], [0.005765212407887989, -0.9999828070457557, -0.0010714190510678354, 0.08713817329370285], [0.002329911693642535, 0.0010848666003407054, -0.9999966972825258, 0.003951361799640318], [0.0, 0.0, 0.0, 1.0]]}, "mean_rme": {"type": "float", "data": 0.001720203267178785}, "max_rme": {"type": "float", "data": 0.00840426232244229}, "simu": {"type": "float", "data": 0.002}}, {"type": "dict", "image_number": {"type": "int", "data": 28}, "Hcamera2end": {"type": "ndarray", "data": [[0.9999844218637581, 0.004955786766208987, -0.002568308262881883, -0.016472685016740502], [0.0025784584763086215, -0.0020428527475933045, 0.9999945891376304, 0.024671237417276257], [0.0049505132755373665, -0.9999856333618898, -0.0020555992141488844, 0.034003390681697006], [0.0, 0.0, 0.0, 1.0]]}, "Hobj2base": {"type": "ndarray", "data": [[0.999981263971473, 0.005674259318408953, 0.002296625176783071, -0.7356445239265373], [0.005675645413264653, -0.999983714907551, -0.0005974686913568254, 0.08742676538278493], [0.0022931975837403567, 0.0006104923273169771, -0.9999971842680162, 0.004139422546168249], [0.0, 0.0, 0.0, 1.0]]}, "mean_rme": {"type": "float", "data": 0.0017347433620465299}, "max_rme": {"type": "float", "data": 0.008264204629303024}, "simu": {"type": "float", "data": 0.002}}, {"type": "dict", "image_number": {"type": "int", "data": 29}, "Hcamera2end": {"type": "ndarray", "data": [[0.999985178374126, 0.00446897159779646, -0.0031098753874394137, -0.016494128499835854], [0.0031188862401669813, -0.002010762003809452, 0.9999931146686886, 0.02450919838763917], [0.004462687608180743, -0.999987992492421, -0.0020246704150714834, 0.033784661603084826], [0.0, 0.0, 0.0, 1.0]]}, "Hobj2base": {"type": "ndarray", "data": [[0.9999837341802841, 0.005231955078762218, 0.0022711276733854897, -0.7354439355071254], [0.005234971444906388, -0.9999854206392071, -0.0013242292093123141, 0.08722403085574257], [0.002264166254058626, 0.0013360969581566427, -0.9999965441920748, 0.004273829876764603], [0.0, 0.0, 0.0, 1.0]]}, "mean_rme": {"type": "float", "data": 0.00171463749466494}, "max_rme": {"type": "float", "data": 0.00826945274301591}, "simu": {"type": "float", "data": 0.002}}, {"type": "dict", "image_number": {"type": "int", "data": 30}, "Hcamera2end": {"type": "ndarray", "data": [[0.9999906192595712, 0.003849282297954923, -0.001986056054062309, -0.0165160783904919], [0.0019984363188907035, -0.0032150795086665074, 0.9999928347323455, 0.025054884707924715], [0.003842869388694502, -0.999987423065682, -0.003222741894385983, 0.033091438993353185], [0.0, 0.0, 0.0, 1.0]]}, "Hobj2base": {"type": "ndarray", "data": [[0.9999828165656812, 0.004616245257853704, 0.0036134267788930294, -0.7341263151990468], [0.004617584406288923, -0.9999892732513753, -0.00036234850169924977, 0.08770840858489858], [0.0036117153290196394, 0.00037902757845505354, -0.9999934059034974, 0.0035902943134466718], [0.0, 0.0, 0.0, 1.0]]}, "mean_rme": {"type": "float", "data": 0.0017359628122972884}, "max_rme": {"type": "float", "data": 0.008185173653035865}, "simu": {"type": "float", "data": 0.002}}, {"type": "dict", "image_number": {"type": "int", "data": 31}, "Hcamera2end": {"type": "ndarray", "data": [[0.9999892662572031, 0.0037794607918633033, -0.002680120613573329, -0.016465981106403814], [0.002690951653477422, -0.002863595895633786, 0.9999922792690675, 0.025153281289005253], [0.003771756829274628, -0.9999887576841396, -0.0028737355047989688, 0.03351333666968697], [0.0, 0.0, 0.0, 1.0]]}, "Hobj2base": {"type": "ndarray", "data": [[0.9999830323965323, 0.004834609678021658, 0.003249841272594007, -0.734698651879251], [0.0048381379899945995, -0.9999877143337701, -0.001078703995921553, 0.08735852645366958], [0.003244586233350431, 0.0010944088734222805, -0.9999941374475108, 0.0034871140786966468], [0.0, 0.0, 0.0, 1.0]]}, "mean_rme": {"type": "float", "data": 0.001736407730743567}, "max_rme": {"type": "float", "data": 0.00808391658594712}, "simu": {"type": "float", "data": 0.002}}]}