{"type": "list", "data": [{"type": "dict", "image_number": {"type": "int", "data": 5}, "Hcamera2end": {"type": "ndarray", "data": [[0.9989462686371491, -0.011348461063285485, 0.0444698190620557, -0.010713273577131857], [-0.04463277737531567, -0.014534607665436017, 0.9988977226742372, 0.02693184741998925], [-0.010689600538953212, -0.9998299643496923, -0.015025805429682126, 0.03748648849402444], [0.0, 0.0, 0.0, 1.0]]}, "Hobj2base": {"type": "ndarray", "data": [[0.9997327757516832, -0.00753238052942608, 0.02185498413165054, -0.7284621465163946], [-0.008434424512336114, -0.9991037403722229, 0.04147983193529122, 0.11827538463039364], [0.02152295451327437, -0.041653081732258714, -0.9989002869211849, -0.005035009928830036], [0.0, 0.0, 0.0, 1.0]]}, "mean_rme": {"type": "float", "data": 0.0015091614313145084}, "max_rme": {"type": "float", "data": 0.005537452582476288}, "simu": {"type": "float", "data": 0.002}}, {"type": "dict", "image_number": {"type": "int", "data": 6}, "Hcamera2end": {"type": "ndarray", "data": [[0.9995146399246808, -0.01204619578278911, 0.028729318533483525, -0.011723210116066526], [-0.028765188226946885, -0.0028150293547164473, 0.9995822325131637, 0.025719442624042528], [-0.011960289398838244, -0.9999234794607509, -0.0031601741409672535, 0.037485323476432075], [0.0, 0.0, 0.0, 1.0]]}, "Hobj2base": {"type": "ndarray", "data": [[0.9998668784045549, -0.010665183245917836, 0.0123482523403932, -0.7338467781704977], [-0.011001512539685652, -0.9995613373447989, 0.027497265451595677, 0.11034014385521453], [0.012049572248431561, -0.02762945442471442, -0.9995456072920443, -0.0020873682237003235], [0.0, 0.0, 0.0, 1.0]]}, "mean_rme": {"type": "float", "data": 0.0015794434763414023}, "max_rme": {"type": "float", "data": 0.0055046569099255205}, "simu": {"type": "float", "data": 0.002}}, {"type": "dict", "image_number": {"type": "int", "data": 7}, "Hcamera2end": {"type": "ndarray", "data": [[0.9997173894837853, -0.01337067145382578, 0.01965620280215334, -0.011861899155394545], [-0.019625390705208, 0.0024317845187307174, 0.9998044461111995, 0.02516963029840057], [-0.013415856416698416, -0.9999076515203433, 0.0021686926195801925, 0.037689186254818985], [0.0, 0.0, 0.0, 1.0]]}, "Hobj2base": {"type": "ndarray", "data": [[0.9998722135596205, -0.014041547358445067, 0.007641433057029753, -0.7363934880896155], [-0.014188861062044783, -0.9997076418645392, 0.019578228198783416, 0.10633741013098688], [0.007364290403461292, -0.01968414959865407, -0.9997791263481304, -0.0003468744235255846], [0.0, 0.0, 0.0, 1.0]]}, "mean_rme": {"type": "float", "data": 0.001579248985115223}, "max_rme": {"type": "float", "data": 0.005815706034119739}, "simu": {"type": "float", "data": 0.002}}, {"type": "dict", "image_number": {"type": "int", "data": 8}, "Hcamera2end": {"type": "ndarray", "data": [[0.9998830346276003, -0.012238928161312135, 0.009172006397911768, -0.011575018712633257], [-0.0091075957148517, 0.005308170933218004, 0.9999444359671386, 0.024592192282377103], [-0.012286934694866273, -0.9999110120199728, 0.005196082851351758, 0.03768294454885284], [0.0, 0.0, 0.0, 1.0]]}, "Hobj2base": {"type": "ndarray", "data": [[0.999895075114681, -0.013714366582358356, 0.004664215973881157, -0.7382275927548445], [-0.013757077705500756, -0.999862563822268, 0.00925182575304375, 0.10145633356844783], [0.004536692011932247, -0.009315020987875542, -0.9999463229641796, 0.001219119531484937], [0.0, 0.0, 0.0, 1.0]]}, "mean_rme": {"type": "float", "data": 0.0018142348360278757}, "max_rme": {"type": "float", "data": 0.006053320389851069}, "simu": {"type": "float", "data": 0.002}}, {"type": "dict", "image_number": {"type": "int", "data": 9}, "Hcamera2end": {"type": "ndarray", "data": [[0.9999450820561515, -0.010466722269306027, -0.0005297137468136459, -0.011457607222478006], [0.0005959918247827488, 0.0063301626693480495, 0.9999797867128736, 0.02405381414726742], [-0.010463157528258004, -0.9999251855841599, 0.006336053110734818, 0.037443765664363346], [0.0, 0.0, 0.0, 1.0]]}, "Hobj2base": {"type": "ndarray", "data": [[0.9999217449334644, -0.012278636473351121, 0.0023956409520415416, -0.7391301936483133], [-0.012277970301674677, -0.9999245800752432, -0.00029258609049400466, 0.09665126755082906], [0.0023990528312235284, 0.0002631495856873839, -0.9999970876446638, 0.002485040078068564], [0.0, 0.0, 0.0, 1.0]]}, "mean_rme": {"type": "float", "data": 0.001996859891184442}, "max_rme": {"type": "float", "data": 0.00626985383273615}, "simu": {"type": "float", "data": 0.002}}, {"type": "dict", "image_number": {"type": "int", "data": 10}, "Hcamera2end": {"type": "ndarray", "data": [[0.9999336480765715, -0.00929601016918815, -0.0068032080089976445, -0.011726424060565123], [0.006816648741056051, 0.0014149412043582554, 0.9999757653270048, 0.02367581635644368], [-0.00928615874408779, -0.9999557900909032, 0.0014782149563044022, 0.03690211503212311], [0.0, 0.0, 0.0, 1.0]]}, "Hobj2base": {"type": "ndarray", "data": [[0.9999367882077902, -0.009496939903626017, 0.0060189468477338266, -0.7371016979579009], [-0.009455701373545997, -0.9999318773554797, -0.0068432711388483934, 0.09294457297888768], [0.006083526955907194, 0.006785925199439712, -0.9999584700971156, 0.0022162500376652185], [0.0, 0.0, 0.0, 1.0]]}, "mean_rme": {"type": "float", "data": 0.002003839313271938}, "max_rme": {"type": "float", "data": 0.006660809415797109}, "simu": {"type": "float", "data": 0.002}}, {"type": "dict", "image_number": {"type": "int", "data": 11}, "Hcamera2end": {"type": "ndarray", "data": [[0.9999548199292332, -0.0089908985162424, -0.00308574855836253, -0.011534628496058534], [0.0030939691772892955, 0.0009005611488749343, 0.999994808158696, 0.024011560396303155], [-0.008988072931657265, -0.9999591755334254, 0.0009283380243438888, 0.036946746237554416], [0.0, 0.0, 0.0, 1.0]]}, "Hobj2base": {"type": "ndarray", "data": [[0.9999410642889907, -0.009082380463214967, 0.005947967192419294, -0.73696126158286], [-0.009065481043944355, -0.9999548118864934, -0.002862033977590895, 0.09487991283885897], [0.0059736924964858, 0.0028079441177506124, -0.9999782149866008, 0.001851483146195901], [0.0, 0.0, 0.0, 1.0]]}, "mean_rme": {"type": "float", "data": 0.0019549373663372525}, "max_rme": {"type": "float", "data": 0.006647599668677173}, "simu": {"type": "float", "data": 0.002}}, {"type": "dict", "image_number": {"type": "int", "data": 12}, "Hcamera2end": {"type": "ndarray", "data": [[0.9999635926061007, -0.008383212017597518, -0.0015922369699311809, -0.011466988047300952], [0.001585315486040905, -0.0008322166819236809, 0.9999983970938175, 0.02403586185190883], [-0.008384523666263096, -0.9999645139562017, -0.0008188963472488542, 0.03685414402408071], [0.0, 0.0, 0.0, 1.0]]}, "Hobj2base": {"type": "ndarray", "data": [[0.9999384067890353, -0.00817150659087186, 0.007510599725795813, -0.7361132608078287], [-0.00816553735653289, -0.9999663210407377, -0.0008250963162290539, 0.09546801318216834], [0.007517089056599784, 0.0007637174132666308, -0.9999714546464953, 0.0015372300082385677], [0.0, 0.0, 0.0, 1.0]]}, "mean_rme": {"type": "float", "data": 0.0018723600861417433}, "max_rme": {"type": "float", "data": 0.006519158951634296}, "simu": {"type": "float", "data": 0.002}}, {"type": "dict", "image_number": {"type": "int", "data": 13}, "Hcamera2end": {"type": "ndarray", "data": [[0.9999490218212039, -0.008731065820286522, -0.005071710604847487, -0.011758071894887999], [0.005067769198407119, -0.00047348819381842766, 0.9999870466782466, 0.023804953223628786], [-0.008733354119075564, -0.9999617714185738, -0.0004292170298192399, 0.03693132856445347], [0.0, 0.0, 0.0, 1.0]]}, "Hobj2base": {"type": "ndarray", "data": [[0.9999354316617619, -0.008271238594212903, 0.0077922473987577364, -0.7361431803015351], [-0.00823854225320045, -0.9999571631334208, -0.004218805483047285, 0.09367415270714852], [0.00782680835002842, 0.004154336322345839, -0.9999607405097326, 0.0017341644769325955], [0.0, 0.0, 0.0, 1.0]]}, "mean_rme": {"type": "float", "data": 0.0018692630856722541}, "max_rme": {"type": "float", "data": 0.0063913780173802115}, "simu": {"type": "float", "data": 0.002}}, {"type": "dict", "image_number": {"type": "int", "data": 14}, "Hcamera2end": {"type": "ndarray", "data": [[0.9999318202133823, -0.008390076586456834, -0.0081216709872608, -0.01197850581854676], [0.008116527278933468, -0.0006469389812617798, 0.9999668511780205, 0.023782791563574095], [-0.008395052690856315, -0.9999645934156011, -0.000578796587613839, 0.03686475086541523], [0.0, 0.0, 0.0, 1.0]]}, "Hobj2base": {"type": "ndarray", "data": [[0.9999412032884311, -0.007603240174903448, 0.007731798298413579, -0.7361819847191603], [-0.007548184783436027, -0.999946127698464, -0.0071250689344750495, 0.09209435216580573], [0.007785555379015793, 0.007066288961587319, -0.9999447248162023, 0.0017963677421536214], [0.0, 0.0, 0.0, 1.0]]}, "mean_rme": {"type": "float", "data": 0.0017896698305463262}, "max_rme": {"type": "float", "data": 0.006495344632433009}, "simu": {"type": "float", "data": 0.002}}, {"type": "dict", "image_number": {"type": "int", "data": 15}, "Hcamera2end": {"type": "ndarray", "data": [[0.9999266920066268, -0.007349430343318758, -0.009622706808032863, -0.01196962717742116], [0.009606651546795632, -0.0022167462839997043, 0.9999513979599062, 0.023632634380695204], [-0.007370404245569272, -0.9999705355206927, -0.002145980362402211, 0.0365135649974964], [0.0, 0.0, 0.0, 1.0]]}, "Hobj2base": {"type": "ndarray", "data": [[0.9999456238586231, -0.00593480672033717, 0.008574811670316762, -0.7356329058131749], [-0.005863498067356604, -0.9999482187472242, -0.008317404322751973, 0.09099295302198968], [0.008623729842896583, 0.008266673662741782, -0.9999286441492468, 0.0018368753333559361], [0.0, 0.0, 0.0, 1.0]]}, "mean_rme": {"type": "float", "data": 0.0018198327854613337}, "max_rme": {"type": "float", "data": 0.0067555663133291866}, "simu": {"type": "float", "data": 0.002}}, {"type": "dict", "image_number": {"type": "int", "data": 16}, "Hcamera2end": {"type": "ndarray", "data": [[0.9999750235029169, -0.006391311416021736, -0.0030172021351392393, -0.011626665339455942], [0.0029933919376944856, -0.003731696730517875, 0.9999885569566378, 0.02381240643465344], [-0.006402497563311072, -0.9999726124139074, -0.0037124718257413036, 0.036185365687179595], [0.0, 0.0, 0.0, 1.0]]}, "Hobj2base": {"type": "ndarray", "data": [[0.9999479241766902, -0.004310527049194398, 0.009250313037213406, -0.7349970232019115], [-0.00429395261509038, -0.999989141277154, -0.0018108834085686458, 0.09389132695065867], [0.009258018452543468, 0.0017710686994676795, -0.9999555752182165, 0.0013580802722218815], [0.0, 0.0, 0.0, 1.0]]}, "mean_rme": {"type": "float", "data": 0.001870691266528825}, "max_rme": {"type": "float", "data": 0.006914499896289783}, "simu": {"type": "float", "data": 0.002}}, {"type": "dict", "image_number": {"type": "int", "data": 17}, "Hcamera2end": {"type": "ndarray", "data": [[0.9999753593239736, -0.006431916033413953, -0.002812685732347253, -0.011656409932893977], [0.0027903596481319414, -0.003477483788310254, 0.9999900604503708, 0.024019963191379917], [-0.0064416331721011775, -0.999973268424032, -0.003459450741799097, 0.03631409112526262], [0.0, 0.0, 0.0, 1.0]]}, "Hobj2base": {"type": "ndarray", "data": [[0.9999482548941552, -0.004565865505309239, 0.009090676890144495, -0.7351832256604116], [-0.004554871359899396, -0.9999888704012379, -0.0012297237702413614, 0.09419127879875253], [0.009096190467901836, 0.001188253274245692, -0.9999579228013185, 0.0012237228916057326], [0.0, 0.0, 0.0, 1.0]]}, "mean_rme": {"type": "float", "data": 0.001870367864190802}, "max_rme": {"type": "float", "data": 0.006867949653041383}, "simu": {"type": "float", "data": 0.002}}, {"type": "dict", "image_number": {"type": "int", "data": 18}, "Hcamera2end": {"type": "ndarray", "data": [[0.9999769361796884, -0.006789614498545753, 0.0001680584553036958, -0.011609438412748885], [-0.00018510774461281878, -0.0025105331854380353, 0.999996831474104, 0.024224492793607128], [-0.0067891710691472575, -0.9999737988357925, -0.0025117320931784537, 0.03642028237247095], [0.0, 0.0, 0.0, 1.0]]}, "Hobj2base": {"type": "ndarray", "data": [[0.9999522654465659, -0.004987310774290466, 0.008401997353090706, -0.7355879192585292], [-0.005003481841868458, -0.9999856684457369, 0.0019047500075392231, 0.09575997439967097], [0.008392377359174788, -0.0019466983263398258, -0.999962888495312, 0.0010912063332170331], [0.0, 0.0, 0.0, 1.0]]}, "mean_rme": {"type": "float", "data": 0.0019194231696516358}, "max_rme": {"type": "float", "data": 0.006830532385297239}, "simu": {"type": "float", "data": 0.002}}, {"type": "dict", "image_number": {"type": "int", "data": 19}, "Hcamera2end": {"type": "ndarray", "data": [[0.9999635015301469, -0.0078083165941814844, 0.003467823457574692, -0.01157180185526734], [-0.0034707675514315845, -0.00036352681356244254, 0.9999939107918907, 0.02413604104664886], [-0.00780700840090523, -0.999969448553415, -0.00039061439725629477, 0.03647446005097854], [0.0, 0.0, 0.0, 1.0]]}, "Hobj2base": {"type": "ndarray", "data": [[0.9999540943497566, -0.006470072102927372, 0.007067344631540473, -0.7362826377141767], [-0.006504930836289809, -0.9999667363975637, 0.004920566351551185, 0.09735974376821191], [0.007035273127116596, -0.004966313057777647, -0.999962919645843, 0.001304047819938253], [0.0, 0.0, 0.0, 1.0]]}, "mean_rme": {"type": "float", "data": 0.0019607806707334875}, "max_rme": {"type": "float", "data": 0.0067675534311857355}, "simu": {"type": "float", "data": 0.002}}, {"type": "dict", "image_number": {"type": "int", "data": 20}, "Hcamera2end": {"type": "ndarray", "data": [[0.9999558953514465, -0.008576455372397257, 0.0038277624184905146, -0.01164756637071581], [-0.003832117837239912, -0.0004914585704764995, 0.9999925366428266, 0.023080189396623946], [-0.008574510176601217, -0.9999631007600824, -0.0005243028824819529, 0.034977138600400005], [0.0, 0.0, 0.0, 1.0]]}, "Hobj2base": {"type": "ndarray", "data": [[0.9999452269186875, -0.007606289242478925, 0.007189403764870637, -0.7347992934840113], [-0.007644010641257166, -0.9999570864071876, 0.005233970325198004, 0.0982858659620242], [0.007149284149544899, -0.0052886395233987605, -0.999960458232295, 0.00219741386304359], [0.0, 0.0, 0.0, 1.0]]}, "mean_rme": {"type": "float", "data": 0.002013979179582708}, "max_rme": {"type": "float", "data": 0.007013720190938488}, "simu": {"type": "float", "data": 0.002}}, {"type": "dict", "image_number": {"type": "int", "data": 21}, "Hcamera2end": {"type": "ndarray", "data": [[0.9999551570796894, -0.00860591346075908, 0.003952478113731018, -0.011679105515244986], [-0.003957582669137851, -0.0005761962252361919, 0.9999920027366854, 0.022830752511917757], [-0.008603567234033611, -0.9999628024338786, -0.0006102290008791478, 0.03575138135289227], [0.0, 0.0, 0.0, 1.0]]}, "Hobj2base": {"type": "ndarray", "data": [[0.9999469944959606, -0.007434473600795694, 0.007122976960128433, -0.7355873431895703], [-0.007472005226858984, -0.9999582654126842, 0.005257049623675952, 0.09836674352719801], [0.0070835962889792495, -0.0053099938921877645, -0.9999608125464117, 0.0023921258568998173], [0.0, 0.0, 0.0, 1.0]]}, "mean_rme": {"type": "float", "data": 0.0019666778933257263}, "max_rme": {"type": "float", "data": 0.007076021194945825}, "simu": {"type": "float", "data": 0.002}}, {"type": "dict", "image_number": {"type": "int", "data": 22}, "Hcamera2end": {"type": "ndarray", "data": [[0.9999670164060754, -0.007348252457935856, 0.0034596655540695843, -0.011487770938534828], [-0.0034384852315723314, 0.002893042358921183, 0.9999899035116414, 0.022878590827007883], [-0.007358187225386082, -0.9999688162596493, 0.0028676800784322998, 0.033630546123983446], [0.0, 0.0, 0.0, 1.0]]}, "Hobj2base": {"type": "ndarray", "data": [[0.9999615316891312, -0.007908830210514844, 0.003792828315128077, -0.7350454406392302], [-0.007927385131707779, -0.999956561148672, 0.004902283212461385, 0.09839013330253729], [0.0037538922334515706, -0.004932161840699267, -0.9999807908518423, 0.0030492769668418237], [0.0, 0.0, 0.0, 1.0]]}, "mean_rme": {"type": "float", "data": 0.001988972578896899}, "max_rme": {"type": "float", "data": 0.006820141882805053}, "simu": {"type": "float", "data": 0.002}}, {"type": "dict", "image_number": {"type": "int", "data": 23}, "Hcamera2end": {"type": "ndarray", "data": [[0.9999638940280259, -0.007666380216064684, 0.0036656861144671303, -0.011545301634822128], [-0.0036501013570777417, 0.002045875145652465, 0.9999912455391655, 0.023143628300580504], [-0.007673812637152692, -0.9999685200091408, 0.0020178182125113464, 0.03315388846252057], [0.0, 0.0, 0.0, 1.0]]}, "Hobj2base": {"type": "ndarray", "data": [[0.9999572127699086, -0.007986542060070644, 0.0046677377131331835, -0.7341318251915901], [-0.008010757534410077, -0.9999544324661143, 0.005192374706778867, 0.09842448138557346], [0.004626055896849436, -0.005229544654501698, -0.9999756254377128, 0.0026396638376055765], [0.0, 0.0, 0.0, 1.0]]}, "mean_rme": {"type": "float", "data": 0.001962298377343758}, "max_rme": {"type": "float", "data": 0.0068312161168873065}, "simu": {"type": "float", "data": 0.002}}, {"type": "dict", "image_number": {"type": "int", "data": 24}, "Hcamera2end": {"type": "ndarray", "data": [[0.9999720947561056, -0.007310233631974437, 0.0015395432219051774, -0.011333120449324694], [-0.0015365896572840303, 0.0004096307998373572, 0.9999987355466171, 0.02336326549284352], [-0.007310855032846165, -0.9999731959841993, 0.0003983865395987829, 0.03205178616974665], [0.0, 0.0, 0.0, 1.0]]}, "Hobj2base": {"type": "ndarray", "data": [[0.9999597394294532, -0.0068509438668190965, 0.005795178022623937, -0.7323674114726333], [-0.0068695323993407985, -0.999971304218291, 0.003193785306570482, 0.09733569833387475], [0.005773131281602449, -0.0032334668861381984, -0.9999781075839118, 0.0024270192498487783], [0.0, 0.0, 0.0, 1.0]]}, "mean_rme": {"type": "float", "data": 0.0020141666051592586}, "max_rme": {"type": "float", "data": 0.006801602511552929}, "simu": {"type": "float", "data": 0.002}}, {"type": "dict", "image_number": {"type": "int", "data": 25}, "Hcamera2end": {"type": "ndarray", "data": [[0.9999796809971021, -0.006310720567058144, 0.0009013317139255341, -0.011206938891133033], [-0.0008914263244212003, 0.0015722499739575513, 0.9999983666932303, 0.023124694932574723], [-0.006312127378479264, -0.9999788511943363, 0.0015665924849662671, 0.03370970369965488], [0.0, 0.0, 0.0, 1.0]]}, "Hobj2base": {"type": "ndarray", "data": [[0.999972385888945, -0.006211776660248712, 0.004079373762497543, -0.7346607118397689], [-0.0062205701906456416, -0.9999783483538762, 0.0021464691839240494, 0.09692365783194098], [0.004065952050161787, -0.0021717859419091226, -0.9999893756334359, 0.0029378943378318145], [0.0, 0.0, 0.0, 1.0]]}, "mean_rme": {"type": "float", "data": 0.002086623019947562}, "max_rme": {"type": "float", "data": 0.009225512038452927}, "simu": {"type": "float", "data": 0.002}}, {"type": "dict", "image_number": {"type": "int", "data": 26}, "Hcamera2end": {"type": "ndarray", "data": [[0.9999806381642485, -0.0061917692303230035, 0.0006207176657986179, -0.011200214159708649], [-0.0006098338186791216, 0.0017595259035455557, 0.9999982660841511, 0.023066679234460232], [-0.006192850663127962, -0.9999792828165959, 0.0017557158856198463, 0.034262046598695604], [0.0, 0.0, 0.0, 1.0]]}, "Hobj2base": {"type": "ndarray", "data": [[0.9999766157173118, -0.005869088809773474, 0.003510244306985329, -0.7353390699382286], [-0.005874880844661864, -0.999981394618183, 0.0016420086888857567, 0.09674986054151971], [0.0035005419027282375, -0.0016625925587295907, -0.9999924909679925, 0.0030669760676545624], [0.0, 0.0, 0.0, 1.0]]}, "mean_rme": {"type": "float", "data": 0.0020493634406729085}, "max_rme": {"type": "float", "data": 0.009055691098369373}, "simu": {"type": "float", "data": 0.002}}, {"type": "dict", "image_number": {"type": "int", "data": 27}, "Hcamera2end": {"type": "ndarray", "data": [[0.9999783694266082, -0.006316971212200094, 0.001832089955802732, -0.011193610719945225], [-0.001818038031172323, 0.002229497053617413, 0.9999958620317412, 0.023486291383771087], [-0.006321029711932149, -0.9999775623570722, 0.002217964334412237, 0.03309920892289293], [0.0, 0.0, 0.0, 1.0]]}, "Hobj2base": {"type": "ndarray", "data": [[0.9999751695264336, -0.006297425021366499, 0.003162715396715238, -0.734272882324017], [-0.0063063120268325645, -0.99997617288787, 0.0028078613122507153, 0.09716938135271184], [0.003144957742256551, -0.0028277366618683773, -0.9999910565330923, 0.0027030815669832056], [0.0, 0.0, 0.0, 1.0]]}, "mean_rme": {"type": "float", "data": 0.002072593631850355}, "max_rme": {"type": "float", "data": 0.00923543364387533}, "simu": {"type": "float", "data": 0.002}}, {"type": "dict", "image_number": {"type": "int", "data": 28}, "Hcamera2end": {"type": "ndarray", "data": [[0.9999802309421226, -0.005775711576541165, 0.00248573544923805, -0.011158242370592833], [-0.0024740925586185223, 0.002022107780994542, 0.999994894960036, 0.023261089972240336], [-0.005780708516296144, -0.9999812759426582, 0.0020077781607965584, 0.03271504164936235], [0.0, 0.0, 0.0, 1.0]]}, "Hobj2base": {"type": "ndarray", "data": [[0.9999783646961632, -0.005763913557684026, 0.003169769721425799, -0.7338979015563709], [-0.005775313868109519, -0.9999768452748077, 0.0035992588081542216, 0.09745469054862044], [0.0031489505096370433, -0.003617487352127184, -0.9999884988818346, 0.0028759034630166497], [0.0, 0.0, 0.0, 1.0]]}, "mean_rme": {"type": "float", "data": 0.0020472829411668173}, "max_rme": {"type": "float", "data": 0.009191014254280788}, "simu": {"type": "float", "data": 0.002}}, {"type": "dict", "image_number": {"type": "int", "data": 29}, "Hcamera2end": {"type": "ndarray", "data": [[0.9999760399166815, -0.006156894084975049, 0.0031642136112930448, -0.01114890719500529], [-0.003139341975625192, 0.0040451197536588435, 0.9999868906831422, 0.02386778922446265], [-0.006169612995283466, -0.9999728644625336, 0.0040256942362120185, 0.032693814486940594], [0.0, 0.0, 0.0, 1.0]]}, "Hobj2base": {"type": "ndarray", "data": [[0.999975770102959, -0.006731739817626373, 0.0017728186658177581, -0.7345730802180936], [-0.00673888426080565, -0.9999690703763282, 0.004055333478432534, 0.09757419753925578], [0.0017454643833530686, -0.004067182037924227, -0.9999902056442136, 0.0025735197228499975], [0.0, 0.0, 0.0, 1.0]]}, "mean_rme": {"type": "float", "data": 0.002052262498654479}, "max_rme": {"type": "float", "data": 0.009091767605492324}, "simu": {"type": "float", "data": 0.002}}, {"type": "dict", "image_number": {"type": "int", "data": 30}, "Hcamera2end": {"type": "ndarray", "data": [[0.9999787663530904, -0.00479662323192388, 0.004411263823729077, -0.011130589956857426], [-0.004402871666252194, 0.0017587512192219767, 0.9999887606944586, 0.02315731557608911], [-0.004804327636838104, -0.9999869495147022, 0.0017375949579980787, 0.03188516300082149], [0.0, 0.0, 0.0, 1.0]]}, "Hobj2base": {"type": "ndarray", "data": [[0.9999837365760265, -0.004787172575329287, 0.0030999293834203215, -0.7330854263119081], [-0.004803265278604507, -0.9999749187979952, 0.0052048455891366635, 0.09813901634893434], [0.003074935139402116, -0.005219650723699639, -0.9999816498417418, 0.0028322602198725456], [0.0, 0.0, 0.0, 1.0]]}, "mean_rme": {"type": "float", "data": 0.0020908665255917488}, "max_rme": {"type": "float", "data": 0.009136067509054352}, "simu": {"type": "float", "data": 0.002}}, {"type": "dict", "image_number": {"type": "int", "data": 31}, "Hcamera2end": {"type": "ndarray", "data": [[0.9999850127090412, -0.004662188171276012, 0.0028702541271515593, -0.011114361970728742], [-0.0028699595922701735, 6.986421276544696e-05, 0.9999958792169747, 0.02284123594395333], [-0.004662369487455166, -0.9999891295011398, 5.6482874027041774e-05, 0.03229302796668555], [0.0, 0.0, 0.0, 1.0]]}, "Hobj2base": {"type": "ndarray", "data": [[0.9999835391178745, -0.003699483251126865, 0.004385808587359204, -0.7328945054733257], [-0.003715477303954307, -0.9999864572342572, 0.0036442525272548892, 0.09749930614363926], [0.004372267340193458, -0.003660487911909424, -0.9999837419211135, 0.002947118198835528], [0.0, 0.0, 0.0, 1.0]]}, "mean_rme": {"type": "float", "data": 0.0020841262675376643}, "max_rme": {"type": "float", "data": 0.009106946571362767}, "simu": {"type": "float", "data": 0.002}}]}