{"type": "list", "data": [{"type": "dict", "image_number": {"type": "int", "data": 5}, "Hcamera2end": {"type": "ndarray", "data": [[0.9999877470713798, 0.0014620848531117054, -0.004729483585795634, -0.01758302972472785], [0.004692167061064089, 0.024551460248384394, 0.9996875558733053, 0.025071630832460366], [0.0015777437615386689, -0.9996974983001378, 0.024544299074706233, 0.03388127020495135], [0.0, 0.0, 0.0, 1.0]]}, "Hobj2base": {"type": "ndarray", "data": [[0.9997659381453367, 0.002029167661826246, -0.02153953116887608, -0.7464300277848809], [0.001930726104405621, -0.9999876016250666, -0.004590086367100491, 0.08617767543625601], [-0.02154857816851386, 0.004547425067867934, -0.9997574604393649, 0.007132884581073151], [0.0, 0.0, 0.0, 1.0]]}, "mean_rme": {"type": "float", "data": 0.0014987840664036545}, "max_rme": {"type": "float", "data": 0.003847891333808362}, "simu": {"type": "float", "data": 0.002}}, {"type": "dict", "image_number": {"type": "int", "data": 6}, "Hcamera2end": {"type": "ndarray", "data": [[0.9999915403313634, 0.001997314247158917, -0.00359583112858731, -0.017962626344932738], [0.003536369648237257, 0.02901637964471615, 0.9995726806000776, 0.0254038682735617], [0.002100798757198742, -0.9995769407344849, 0.029009070934277625, 0.03409981376996881], [0.0, 0.0, 0.0, 1.0]]}, "Hobj2base": {"type": "ndarray", "data": [[0.9996667838730037, 0.0023917073052571354, -0.025702158609176757, -0.7491818630741219], [0.002323971881780621, -0.9999937485900376, -0.00266494569132722, 0.08637180923156222], [-0.02570837170452443, 0.002604326594536508, -0.9996660928066388, 0.00819250161743515], [0.0, 0.0, 0.0, 1.0]]}, "mean_rme": {"type": "float", "data": 0.0015224467730435224}, "max_rme": {"type": "float", "data": 0.004267571209828458}, "simu": {"type": "float", "data": 0.002}}, {"type": "dict", "image_number": {"type": "int", "data": 7}, "Hcamera2end": {"type": "ndarray", "data": [[0.9999941134012088, 0.001815983640463325, 0.002911248245662503, -0.017763823376178267], [-0.0029348465191407847, 0.0131303525727966, 0.999909486162234, 0.024951449030929586], [0.0017775935529222233, -0.9999121441630416, 0.013135604912945076, 0.03361267183344311], [0.0, 0.0, 0.0, 1.0]]}, "Hobj2base": {"type": "ndarray", "data": [[0.9999387023342073, 0.003523160380003542, -0.01049661445983133, -0.7410265386379532], [0.0035599338924531027, -0.9999875846562543, 0.003486746912428028, 0.08957185999768151], [-0.010484199772177683, -0.0035239004365526534, -0.9999388299695384, 0.005610218768750548], [0.0, 0.0, 0.0, 1.0]]}, "mean_rme": {"type": "float", "data": 0.0015213102392711514}, "max_rme": {"type": "float", "data": 0.004319838767096296}, "simu": {"type": "float", "data": 0.002}}, {"type": "dict", "image_number": {"type": "int", "data": 8}, "Hcamera2end": {"type": "ndarray", "data": [[0.9999974377935514, 0.0020636487922591398, -0.0009304622476981375, -0.01752377419349397], [0.0009196911009952435, 0.005214288644593279, 0.9999859825828609, 0.02486716921498588], [0.0020684715639655853, -0.9999842761501768, 0.0052123773650795124, 0.03338961188535217], [0.0, 0.0, 0.0, 1.0]]}, "Hobj2base": {"type": "ndarray", "data": [[0.9999875320751916, 0.004156333815691569, -0.0027677758905266816, -0.7367390475718181], [0.004155144960723194, -0.9999912726709637, -0.0004351462539434187, 0.08765169809710162], [-0.0027695603483258216, 0.0004236403185287108, -0.9999960750244763, 0.004023842639679989], [0.0, 0.0, 0.0, 1.0]]}, "mean_rme": {"type": "float", "data": 0.0016021347537383197}, "max_rme": {"type": "float", "data": 0.004562034807255949}, "simu": {"type": "float", "data": 0.002}}, {"type": "dict", "image_number": {"type": "int", "data": 9}, "Hcamera2end": {"type": "ndarray", "data": [[0.9999968697764233, 0.0020603367563184634, -0.001419665385078387, -0.01766479013522824], [0.0014032992709898566, 0.007923241863348696, 0.9999676259707266, 0.024963056262660068], [0.0020715184071270014, -0.9999664880638879, 0.007920325792762029, 0.03360263219137502], [0.0, 0.0, 0.0, 1.0]]}, "Hobj2base": {"type": "ndarray", "data": [[0.999976805157097, 0.003184396838739852, -0.006020694692372037, -0.7380646281514762], [0.00317962708401458, -0.9999946236639186, -0.0008016326246318877, 0.08742377924250831], [-0.006023215039489635, 0.0007824704669806444, -0.9999815541401533, 0.004671164139369379], [0.0, 0.0, 0.0, 1.0]]}, "mean_rme": {"type": "float", "data": 0.0014996090664920819}, "max_rme": {"type": "float", "data": 0.004383644744923476}, "simu": {"type": "float", "data": 0.002}}, {"type": "dict", "image_number": {"type": "int", "data": 10}, "Hcamera2end": {"type": "ndarray", "data": [[0.9999971421272654, 0.0012917222327856219, 0.0020117631508511425, -0.017570211649735355], [-0.002021434767800941, 0.007530248387896732, 0.9999696041183935, 0.024824786844396544], [0.001276533893526038, -0.9999708129805042, 0.007532837999636888, 0.03332004147119577], [0.0, 0.0, 0.0, 1.0]]}, "Hobj2base": {"type": "ndarray", "data": [[0.9999812744331668, 0.002373050081664204, -0.0056408701748435685, -0.7378780851205592], [0.0023883263617475135, -0.9999934949561335, 0.0027029507222622955, 0.08939398416849251], [-0.005634419243303437, -0.002716372346919673, -0.9999804371291787, 0.004597688600542232], [0.0, 0.0, 0.0, 1.0]]}, "mean_rme": {"type": "float", "data": 0.0015360729572397938}, "max_rme": {"type": "float", "data": 0.004151378936383149}, "simu": {"type": "float", "data": 0.002}}, {"type": "dict", "image_number": {"type": "int", "data": 11}, "Hcamera2end": {"type": "ndarray", "data": [[0.9999829065151197, 0.0013491769868258507, -0.005689147478455854, -0.01801349213923691], [0.005681518050571264, 0.005592848133320061, 0.9999682196962054, 0.025116746416255158], [0.001380952647426401, -0.9999834497486524, 0.005585087158651025, 0.03352039844893327], [0.0, 0.0, 0.0, 1.0]]}, "Hobj2base": {"type": "ndarray", "data": [[0.9999896552690426, 0.0026298215148545427, -0.003711252309026335, -0.7369123332443721], [0.0026107641016346345, -0.9999834304354107, -0.005130571647843384, 0.08522701166684811], [-0.0037246833028944945, 0.005120829369159515, -0.9999799517194659, 0.00434716056106245], [0.0, 0.0, 0.0, 1.0]]}, "mean_rme": {"type": "float", "data": 0.0016659858143533034}, "max_rme": {"type": "float", "data": 0.004535022713926862}, "simu": {"type": "float", "data": 0.002}}, {"type": "dict", "image_number": {"type": "int", "data": 12}, "Hcamera2end": {"type": "ndarray", "data": [[0.9998951696128717, 0.0008745511471866764, -0.01445285249137756, -0.018711516165591302], [0.014446766632513049, 0.0066053223667537075, 0.9998738223647506, 0.025361892812870733], [0.0009699065482157068, -0.9999778021919897, 0.006591995491921354, 0.03358573612710298], [0.0, 0.0, 0.0, 1.0]]}, "Hobj2base": {"type": "ndarray", "data": [[0.9999865823536448, 0.0019980669511110555, -0.004779418493506425, -0.7375717090756525], [0.001930456067598323, -0.9998985955807869, -0.014109283998136195, 0.08084173477516592], [-0.004807125133410432, 0.014099868227322801, -0.9998890364755095, 0.0047108137823082446], [0.0, 0.0, 0.0, 1.0]]}, "mean_rme": {"type": "float", "data": 0.0017284719811434274}, "max_rme": {"type": "float", "data": 0.004649542362454406}, "simu": {"type": "float", "data": 0.002}}, {"type": "dict", "image_number": {"type": "int", "data": 13}, "Hcamera2end": {"type": "ndarray", "data": [[0.9999222646915109, 0.00032567626004238563, -0.012464289356943378, -0.018570087148890885], [0.012461666864730808, 0.007092429068922379, 0.9998971968701859, 0.025358018212954806], [0.0004140448676621944, -0.9999747953748016, 0.0070878192677023, 0.033477973170267336], [0.0, 0.0, 0.0, 1.0]]}, "Hobj2base": {"type": "ndarray", "data": [[0.9999858942502556, 0.001437464253435988, -0.0051132178749453295, -0.7377801999922519], [0.0013734996531871515, -0.9999210380011596, -0.012491247391093929, 0.08188786710307902], [-0.005130769846646942, 0.012484048189706328, -0.999908907721887, 0.0046594655937220834], [0.0, 0.0, 0.0, 1.0]]}, "mean_rme": {"type": "float", "data": 0.00166659108159569}, "max_rme": {"type": "float", "data": 0.004612182548093591}, "simu": {"type": "float", "data": 0.002}}, {"type": "dict", "image_number": {"type": "int", "data": 14}, "Hcamera2end": {"type": "ndarray", "data": [[0.9999552812655863, -0.000225355069674066, -0.009454347367997261, -0.01847248101054927], [0.009455747770632267, 0.007345214146433743, 0.9999283157623058, 0.025308994271073203], [-0.000155894709234973, -0.9999729981575682, 0.007347016578450716, 0.03338134992545067], [0.0, 0.0, 0.0, 1.0]]}, "Hobj2base": {"type": "ndarray", "data": [[0.9999845145008975, 0.0008553010529462537, -0.00549901977747743, -0.7378799693362532], [0.0008029010619503888, -0.9999543221458156, -0.009524125775518448, 0.08346921498633356], [-0.005506914588858069, 0.009519563120858275, -0.9999395240761813, 0.004705931424506934], [0.0, 0.0, 0.0, 1.0]]}, "mean_rme": {"type": "float", "data": 0.0016183173429308285}, "max_rme": {"type": "float", "data": 0.004513835627299234}, "simu": {"type": "float", "data": 0.002}}, {"type": "dict", "image_number": {"type": "int", "data": 15}, "Hcamera2end": {"type": "ndarray", "data": [[0.9999344032278671, -0.0013958343360255272, -0.011368416241312476, -0.018682838501388552], [0.0113794576012769, 0.00817496341220958, 0.9999018341406869, 0.025300457639728362], [-0.0013027609259209745, -0.999965610218529, 0.008190310998642647, 0.0332581878444832], [0.0, 0.0, 0.0, 1.0]]}, "Hobj2base": {"type": "ndarray", "data": [[0.9999776855608074, -0.000522988619083298, -0.006659944696123762, -0.7382141766700806], [-0.0006019156462214889, -0.9999295515595568, -0.011854518778007101, 0.08276755590601778], [-0.006653275735000876, 0.01185826297598424, -0.999907553487414, 0.004905573374243181], [0.0, 0.0, 0.0, 1.0]]}, "mean_rme": {"type": "float", "data": 0.00162805519409951}, "max_rme": {"type": "float", "data": 0.004503602954455954}, "simu": {"type": "float", "data": 0.002}}, {"type": "dict", "image_number": {"type": "int", "data": 16}, "Hcamera2end": {"type": "ndarray", "data": [[0.9999765532388655, -0.0016761177632812515, -0.006639548310088821, -0.01824497059987356], [0.006652116080120096, 0.007607360471384328, 0.9999489374054632, 0.025450742479803265], [-0.0016255227389974937, -0.9999696588876595, 0.007618331833345815, 0.033193736881654556], [0.0, 0.0, 0.0, 1.0]]}, "Hobj2base": {"type": "ndarray", "data": [[0.9999807604539444, -0.0008426648856166796, -0.006145619402607893, -0.7378976248694128], [-0.000888291052355079, -0.9999720380565846, -0.007425230229888985, 0.08486569663141193], [-0.006139190578363558, 0.00743054647055652, -0.999953547580182, 0.004575950628990754], [0.0, 0.0, 0.0, 1.0]]}, "mean_rme": {"type": "float", "data": 0.001725854650509704}, "max_rme": {"type": "float", "data": 0.006043086937192882}, "simu": {"type": "float", "data": 0.002}}, {"type": "dict", "image_number": {"type": "int", "data": 17}, "Hcamera2end": {"type": "ndarray", "data": [[0.9999933098421583, -0.0007723942614344147, -0.003575426971723252, -0.018032332618571643], [0.003580725553394868, 0.0069710833929353955, 0.9999692907288906, 0.025498943826352392], [-0.000747445942184403, -0.9999754033992208, 0.006973802487156289, 0.033284445860997734], [0.0, 0.0, 0.0, 1.0]]}, "Hobj2base": {"type": "ndarray", "data": [[0.9999838218066989, -0.00039298323062850627, -0.00567465320955298, -0.7376351306278437], [-0.00041671457000266757, -0.9999911710291851, -0.004181412757139996, 0.08619901762826726], [-0.005672959883111517, 0.004183709820108273, -0.9999751567405588, 0.004466685961279171], [0.0, 0.0, 0.0, 1.0]]}, "mean_rme": {"type": "float", "data": 0.0017516712231142827}, "max_rme": {"type": "float", "data": 0.006102924966596063}, "simu": {"type": "float", "data": 0.002}}, {"type": "dict", "image_number": {"type": "int", "data": 18}, "Hcamera2end": {"type": "ndarray", "data": [[0.9999915506318472, -0.00023292056705801075, -0.0041041945523224675, -0.01789679535534359], [0.004105903862493497, 0.007886112354789532, 0.9999604746115716, 0.025572884902265516], [-0.00020054522141659458, -0.9999688770056481, 0.007887002071578886, 0.03329369040122038], [0.0, 0.0, 0.0, 1.0]]}, "Hobj2base": {"type": "ndarray", "data": [[0.9999782417954562, 0.00016054254195167913, -0.006594707101927722, -0.7381946111164421], [0.00013066679613817469, -0.9999897289566726, -0.004530442290643077, 0.08582435224310746], [-0.0065953666961268516, 0.004529482007104566, -0.9999679919531879, 0.004517658049727508], [0.0, 0.0, 0.0, 1.0]]}, "mean_rme": {"type": "float", "data": 0.0017707850867857153}, "max_rme": {"type": "float", "data": 0.0059041693141893}, "simu": {"type": "float", "data": 0.002}}, {"type": "dict", "image_number": {"type": "int", "data": 19}, "Hcamera2end": {"type": "ndarray", "data": [[0.9999931611523102, 0.00022680840709559183, -0.0036913691980461887, -0.017836888198761676], [0.0036893953828753857, 0.008161043098724008, 0.9999598920643016, 0.025702646359718306], [0.00025692473339714093, -0.9999666724113796, 0.00816015050070329, 0.03333713839457315], [0.0, 0.0, 0.0, 1.0]]}, "Hobj2base": {"type": "ndarray", "data": [[0.9999731431535819, 0.0006532349607317679, -0.007299743531947732, -0.7384697146479912], [0.000620726145696934, -0.9999898846886726, -0.004454797345177756, 0.08581484491315776], [-0.007302579722138144, 0.004450146561702471, -0.9999634335939391, 0.004551814166909152], [0.0, 0.0, 0.0, 1.0]]}, "mean_rme": {"type": "float", "data": 0.0017817542417151245}, "max_rme": {"type": "float", "data": 0.005749728598468923}, "simu": {"type": "float", "data": 0.002}}, {"type": "dict", "image_number": {"type": "int", "data": 20}, "Hcamera2end": {"type": "ndarray", "data": [[0.9999928725831222, 0.00039274124720559264, -0.0037550682108773333, -0.017824288183506627], [0.003751792758308429, 0.00803232888407146, 0.9999607020997359, 0.025513341959923795], [0.00042288775615111963, -0.9999676632006711, 0.008030798150547858, 0.03310473074561221], [0.0, 0.0, 0.0, 1.0]]}, "Hobj2base": {"type": "ndarray", "data": [[0.99997465834023, 0.0006190458856290202, -0.007092211187751518, -0.7382127948597174], [0.0005848532223200167, -0.9999882020156259, -0.004822216944943538, 0.08576501602103132], [-0.007095112687514125, 0.004817946839395852, -0.9999632227058175, 0.004692606674152824], [0.0, 0.0, 0.0, 1.0]]}, "mean_rme": {"type": "float", "data": 0.0017220692753424196}, "max_rme": {"type": "float", "data": 0.005747783903757936}, "simu": {"type": "float", "data": 0.002}}, {"type": "dict", "image_number": {"type": "int", "data": 21}, "Hcamera2end": {"type": "ndarray", "data": [[0.9999880302786132, 0.0017175731797759563, -0.004581401736533673, -0.01759399988494629], [0.0045687343642329525, 0.0073079298178140295, 0.9999628597243436, 0.025790878781855518], [0.0017509899509923993, -0.9999718216550656, 0.007299995208320698, 0.0340956246939911], [0.0, 0.0, 0.0, 1.0]]}, "Hobj2base": {"type": "ndarray", "data": [[0.9999774386332289, 0.0020310556803555574, -0.006402892889186532, -0.7389437194901426], [0.001993509447517141, -0.9999808143274265, -0.005864886796776249, 0.08512485406884264], [-0.006414681957023273, 0.0058519902494481215, -0.9999623023221975, 0.004167043182030428], [0.0, 0.0, 0.0, 1.0]]}, "mean_rme": {"type": "float", "data": 0.0017880818583950798}, "max_rme": {"type": "float", "data": 0.005969458551542295}, "simu": {"type": "float", "data": 0.002}}, {"type": "dict", "image_number": {"type": "int", "data": 22}, "Hcamera2end": {"type": "ndarray", "data": [[0.9999908819815393, 0.0009971668092419214, -0.004152302028727244, -0.017666104757498233], [0.004145211882507728, 0.0070101017311616776, 0.9999668372962015, 0.026128201605912334], [0.0010262418001342761, -0.9999749317518282, 0.007005904345218195, 0.03388668369885579], [0.0, 0.0, 0.0, 1.0]]}, "Hobj2base": {"type": "ndarray", "data": [[0.9999809465880184, 0.001268001059043209, -0.006041409955058347, -0.7385030755737557], [0.0012354408516757976, -0.9999847096421077, -0.005390191823296353, 0.08543306406188937], [-0.006048152348678345, 0.005382625317090683, -0.9999672230617678, 0.003805510730234655], [0.0, 0.0, 0.0, 1.0]]}, "mean_rme": {"type": "float", "data": 0.001767514436232203}, "max_rme": {"type": "float", "data": 0.006147649383157927}, "simu": {"type": "float", "data": 0.002}}, {"type": "dict", "image_number": {"type": "int", "data": 23}, "Hcamera2end": {"type": "ndarray", "data": [[0.9999907388477164, 0.0011261787212037658, -0.004153786259097427, -0.0176068743657586], [0.004145109890736876, 0.007600128927008232, 0.9999625273500432, 0.02607861921678593], [0.0011577058314071321, -0.9999704844453061, 0.007595390406500813, 0.03460076185794633], [0.0, 0.0, 0.0, 1.0]]}, "Hobj2base": {"type": "ndarray", "data": [[0.9999773289188311, 0.0014538795739376126, -0.00657479144493717, -0.7394846027205229], [0.0014198184965136381, -0.9999855640446467, -0.005182259907266364, 0.08542427414598629], [-0.006582230913367425, 0.0051728074093271275, -0.9999649575358673, 0.003922275211898368], [0.0, 0.0, 0.0, 1.0]]}, "mean_rme": {"type": "float", "data": 0.0017406010683706978}, "max_rme": {"type": "float", "data": 0.006086314280889321}, "simu": {"type": "float", "data": 0.002}}, {"type": "dict", "image_number": {"type": "int", "data": 24}, "Hcamera2end": {"type": "ndarray", "data": [[0.9999901814617655, 0.0012474672398934618, -0.004252153048812112, -0.01760890813333743], [0.0042429696429595876, 0.007274170469101171, 0.9999645411976344, 0.026378007728682346], [0.0012783538923369126, -0.9999727647638569, 0.007268806081750845, 0.034419609524522506], [0.0, 0.0, 0.0, 1.0]]}, "Hobj2base": {"type": "ndarray", "data": [[0.9999807241791694, 0.001427283083275634, -0.006042692537609394, -0.7391080485654831], [0.001396449918043561, -0.9999860009784411, -0.005103702065245279, 0.08536741364629398], [-0.006049892373446092, 0.0050951653696997895, -0.999968718556798, 0.0035626497972147514], [0.0, 0.0, 0.0, 1.0]]}, "mean_rme": {"type": "float", "data": 0.0017062034976145929}, "max_rme": {"type": "float", "data": 0.006075321634983727}, "simu": {"type": "float", "data": 0.002}}, {"type": "dict", "image_number": {"type": "int", "data": 25}, "Hcamera2end": {"type": "ndarray", "data": [[0.9999894295535856, 0.001372418828206362, -0.004388308062832937, -0.01766137449818757], [0.004378850962851248, 0.006819544192603222, 0.999967159201366, 0.02679369242256024], [0.0014023000176412294, -0.9999758048490798, 0.006813462489469457, 0.034197559761724915], [0.0, 0.0, 0.0, 1.0]]}, "Hobj2base": {"type": "ndarray", "data": [[0.9999833090442027, 0.0015294569462216017, -0.0055715701966562205, -0.7386199818183115], [0.0015009627967816474, -0.9999857928598579, -0.005114800985828857, 0.08531851129727404], [-0.005579313908473941, 0.005106352895326852, -0.9999713977991669, 0.0030865929906856503], [0.0, 0.0, 0.0, 1.0]]}, "mean_rme": {"type": "float", "data": 0.0017063888245172566}, "max_rme": {"type": "float", "data": 0.006134971985261611}, "simu": {"type": "float", "data": 0.002}}, {"type": "dict", "image_number": {"type": "int", "data": 26}, "Hcamera2end": {"type": "ndarray", "data": [[0.9999915908603962, 0.0015062413454474191, -0.003814373540076855, -0.017549572197881766], [0.00380336514547813, 0.007244973978073221, 0.9999665218224192, 0.026596650070981793], [0.0015338259562726842, -0.9999726204197121, 0.007239184268241661, 0.03469738753723135], [0.0, 0.0, 0.0, 1.0]]}, "Hobj2base": {"type": "ndarray", "data": [[0.999979543340596, 0.0017150493054845625, -0.006162102418229336, -0.7393579817331298], [0.001686616541287843, -0.9999879221474897, -0.004616371279408857, 0.08550018376302093], [-0.006169945297621783, 0.004605883740006217, -0.9999703583656858, 0.003368502315934505], [0.0, 0.0, 0.0, 1.0]]}, "mean_rme": {"type": "float", "data": 0.001735255892555225}, "max_rme": {"type": "float", "data": 0.0059661843866823105}, "simu": {"type": "float", "data": 0.002}}, {"type": "dict", "image_number": {"type": "int", "data": 27}, "Hcamera2end": {"type": "ndarray", "data": [[0.9999914496486997, 0.00016107864988456093, -0.004132152364175591, -0.017615237023706907], [0.004130843907439534, 0.007417729471852708, 0.9999639560594648, 0.02588856974741566], [0.00019172403234921434, -0.9999724752927709, 0.007417000656900319, 0.03430590185027196], [0.0, 0.0, 0.0, 1.0]]}, "Hobj2base": {"type": "ndarray", "data": [[0.9999795542234698, 0.0005276263642381998, -0.006372812993515184, -0.7391033276238933], [0.0004957640216368848, -0.999987375653937, -0.005000275071043983, 0.08549960854821705], [-0.006375370817874487, 0.004997013425138487, -0.9999671917136896, 0.004106002050074538], [0.0, 0.0, 0.0, 1.0]]}, "mean_rme": {"type": "float", "data": 0.0017495684078697958}, "max_rme": {"type": "float", "data": 0.006139387904454924}, "simu": {"type": "float", "data": 0.002}}, {"type": "dict", "image_number": {"type": "int", "data": 28}, "Hcamera2end": {"type": "ndarray", "data": [[0.9999873669313544, 0.0010625671751181415, -0.004912934835217024, -0.017571897990309875], [0.004905040955588876, 0.007308279776346294, 0.9999612640597308, 0.026235408705881404], [0.0010984311178782382, -0.999972729627018, 0.007302975514834165, 0.03414664554978385], [0.0, 0.0, 0.0, 1.0]]}, "Hobj2base": {"type": "ndarray", "data": [[0.9999793201395486, 0.0014598433337218023, -0.006263238035328755, -0.7388907750848672], [0.0014238553850266348, -0.9999824749299224, -0.005746517977776087, 0.08499852703390573], [-0.006271517287605244, 0.005737481195381918, -0.9999638740376788, 0.0037225874999528502], [0.0, 0.0, 0.0, 1.0]]}, "mean_rme": {"type": "float", "data": 0.0017645601823822038}, "max_rme": {"type": "float", "data": 0.0059430956150160474}, "simu": {"type": "float", "data": 0.002}}, {"type": "dict", "image_number": {"type": "int", "data": 29}, "Hcamera2end": {"type": "ndarray", "data": [[0.999991198336671, 0.0026401718399890264, -0.003260788531001581, -0.017462578363274164], [0.003241348768262045, 0.007334167276171755, 0.9999678513074947, 0.026693519602675415], [0.0026640021304549693, -0.9999696192800162, 0.007325545005559042, 0.03484977347420942], [0.0, 0.0, 0.0, 1.0]]}, "Hobj2base": {"type": "ndarray", "data": [[0.9999772902402552, 0.002637801656736656, -0.006201693815094769, -0.7395851461131835], [0.002611476639127315, -0.9999875626612003, -0.00424908374537373, 0.085596695754967], [-0.006212824922670819, 0.004232791671181597, -0.9999717417413096, 0.003288574701466724], [0.0, 0.0, 0.0, 1.0]]}, "mean_rme": {"type": "float", "data": 0.0018140075899073032}, "max_rme": {"type": "float", "data": 0.005767718663191118}, "simu": {"type": "float", "data": 0.002}}, {"type": "dict", "image_number": {"type": "int", "data": 30}, "Hcamera2end": {"type": "ndarray", "data": [[0.999991458444455, 0.0029085219488499663, -0.002936586148016335, -0.017512824778012814], [0.0029152503788190207, 0.007312878744014317, 0.9999690110796954, 0.026389105177497752], [0.002929906715316885, -0.9999690306727246, 0.0073043372109411475, 0.03454763051175376], [0.0, 0.0, 0.0, 1.0]]}, "Hobj2base": {"type": "ndarray", "data": [[0.9999758758709161, 0.0026875932813861638, -0.006405038528229704, -0.7393212167233191], [0.0026647386875679044, -0.9999900624825451, -0.0035740878391741864, 0.08577395814883094], [-0.0064145805725111795, 0.00355693386345626, -0.9999731003269883, 0.003688504008745195], [0.0, 0.0, 0.0, 1.0]]}, "mean_rme": {"type": "float", "data": 0.0018195947433210084}, "max_rme": {"type": "float", "data": 0.005867984650306024}, "simu": {"type": "float", "data": 0.002}}, {"type": "dict", "image_number": {"type": "int", "data": 31}, "Hcamera2end": {"type": "ndarray", "data": [[0.9999929456575042, 0.0031605605703903094, -0.002029653199129373, -0.01747736702525454], [0.002008429015818744, 0.006704078512809408, 0.9999755104722229, 0.02641793752874653], [0.003174090124155167, -0.9999725327168617, 0.0066976834583876155, 0.03396761147177376], [0.0, 0.0, 0.0, 1.0]]}, "Hobj2base": {"type": "ndarray", "data": [[0.9999802511832108, 0.0027979793666214085, -0.005627482121404827, -0.7384999831067377], [0.0027832461653256504, -0.9999926835041668, -0.0026242101514296094, 0.08608106209569481], [-0.005634783433812712, 0.0026084956583492733, -0.9999807222972124, 0.0036196113308479667], [0.0, 0.0, 0.0, 1.0]]}, "mean_rme": {"type": "float", "data": 0.001815914080058827}, "max_rme": {"type": "float", "data": 0.005758314725391123}, "simu": {"type": "float", "data": 0.002}}]}