{"type": "list", "data": [{"type": "dict", "image_number": {"type": "int", "data": 5}, "Hcamera2end": {"type": "ndarray", "data": [[0.9999899823784885, 0.0038346361591637865, -0.0023088326481688136, -0.01595482787806767], [0.0022605789907586536, 0.012540653500151655, 0.9999188076001049, 0.027947333180932146], [0.0038632790860818225, -0.9999140100905257, 0.01253185937469281, 0.03621835973225316], [0.0, 0.0, 0.0, 1.0]]}, "Hobj2base": {"type": "ndarray", "data": [[0.999880994125486, 0.004417461821591802, -0.01478119134862149, -0.7436399068581948], [0.004380586102532789, -0.9999872142550315, -0.0025262208652924696, 0.08519184592636138], [-0.014792161844303911, 0.002461169948768531, -0.9998875609739604, 0.004494059202450829], [0.0, 0.0, 0.0, 1.0]]}, "mean_rme": {"type": "float", "data": 0.0012961872106265248}, "max_rme": {"type": "float", "data": 0.003911887659670654}, "simu": {"type": "float", "data": 0.002}}, {"type": "dict", "image_number": {"type": "int", "data": 6}, "Hcamera2end": {"type": "ndarray", "data": [[0.9998235732632875, 0.0037114115628759017, 0.01841324988269347, -0.015052765285333804], [-0.018460864681561766, 0.013231603030688821, 0.9997420273032677, 0.027408544733838233], [0.003466817307073662, -0.9999055705942684, 0.013297784488784492, 0.035992573654568996], [0.0, 0.0, 0.0, 1.0]]}, "Hobj2base": {"type": "ndarray", "data": [[0.9999043795336697, 0.0027173831315657647, -0.013559041938984915, -0.7436906486202056], [0.002964160113617399, -0.9998297284298023, 0.018213398991110595, 0.09847929885311295], [-0.013507240436436661, -0.018251848588700013, -0.999742179003611, 0.0054316811180400715], [0.0, 0.0, 0.0, 1.0]]}, "mean_rme": {"type": "float", "data": 0.0013892894879261857}, "max_rme": {"type": "float", "data": 0.0039384732497178}, "simu": {"type": "float", "data": 0.002}}, {"type": "dict", "image_number": {"type": "int", "data": 7}, "Hcamera2end": {"type": "ndarray", "data": [[0.9998444996834779, 0.003913659887756527, 0.017194758473985938, -0.014765666768763234], [-0.017246141013440283, 0.013497509379701178, 0.9997601651699718, 0.027196429928500153], [0.0036806348420182376, -0.9999012453771762, 0.013562906043023348, 0.03562720283827381], [0.0, 0.0, 0.0, 1.0]]}, "Hobj2base": {"type": "ndarray", "data": [[0.9998931725889282, 0.003456545476102841, -0.014201961252571312, -0.7437868552941076], [0.003706460240147117, -0.9998380843062362, 0.017608728611767623, 0.09792398040982864], [-0.014138796360939376, -0.017659486521592525, -0.9997440857405744, 0.005158168910205564], [0.0, 0.0, 0.0, 1.0]]}, "mean_rme": {"type": "float", "data": 0.0015003630573972415}, "max_rme": {"type": "float", "data": 0.004062581008971}, "simu": {"type": "float", "data": 0.002}}, {"type": "dict", "image_number": {"type": "int", "data": 8}, "Hcamera2end": {"type": "ndarray", "data": [[0.9997987189094326, 0.00358117445780547, 0.019740741033711453, -0.014506451810204768], [-0.019769552110389648, 0.008196519423325221, 0.999770964710767, 0.02698405344530109], [0.003418548875164084, -0.9999599953292361, 0.008265667834016832, 0.03519467412790112], [0.0, 0.0, 0.0, 1.0]]}, "Hobj2base": {"type": "ndarray", "data": [[0.9999500905964028, 0.003811050960778932, -0.00923537800093515, -0.7405113212482956], [0.003996650799961783, -0.9997887339725187, 0.02016219740038768, 0.09962088282203649], [-0.00915658771753844, -0.020198101698015607, -0.9997540665529541, 0.004148447261825991], [0.0, 0.0, 0.0, 1.0]]}, "mean_rme": {"type": "float", "data": 0.0015058371624051524}, "max_rme": {"type": "float", "data": 0.003794113981109515}, "simu": {"type": "float", "data": 0.002}}, {"type": "dict", "image_number": {"type": "int", "data": 9}, "Hcamera2end": {"type": "ndarray", "data": [[0.9998262658970316, 0.004189518310957413, 0.018162762970439266, -0.01433922780038511], [-0.018199698346369017, 0.008953258447193968, 0.999794283912085, 0.026935224028029413], [0.004026040548650768, -0.9999511423562153, 0.00902795093034503, 0.034876331614256996], [0.0, 0.0, 0.0, 1.0]]}, "Hobj2base": {"type": "ndarray", "data": [[0.9999411981253936, 0.003472357531720401, -0.0102734134894032, -0.7410147170232761], [0.0036654667561716687, -0.999815825243705, 0.018838257501899967, 0.09887036840588073], [-0.010206108220656266, -0.01887480663266235, -0.9997697620100177, 0.0039807319402572205], [0.0, 0.0, 0.0, 1.0]]}, "mean_rme": {"type": "float", "data": 0.0016510457356919586}, "max_rme": {"type": "float", "data": 0.004621203166728427}, "simu": {"type": "float", "data": 0.002}}, {"type": "dict", "image_number": {"type": "int", "data": 10}, "Hcamera2end": {"type": "ndarray", "data": [[0.9999084716949713, 0.004117321413425299, 0.012887819714960147, -0.014908681941227927], [-0.012911881078533935, 0.005871804673850178, 0.9998993975580174, 0.027161860663919058], [0.004041232440798638, -0.9999742844564808, 0.005924429601973147, 0.03503588891582031], [0.0, 0.0, 0.0, 1.0]]}, "Hobj2base": {"type": "ndarray", "data": [[0.9999739752528125, 0.0035774064867601612, -0.006265060248395581, -0.7393457665401029], [0.003662040300608209, -0.9999014900253989, 0.013549896893477147, 0.09543276292804456], [-0.006215969588427982, -0.013572487163951442, -0.9998885684486347, 0.0032555045031857134], [0.0, 0.0, 0.0, 1.0]]}, "mean_rme": {"type": "float", "data": 0.001815542015855471}, "max_rme": {"type": "float", "data": 0.005381350167794563}, "simu": {"type": "float", "data": 0.002}}, {"type": "dict", "image_number": {"type": "int", "data": 11}, "Hcamera2end": {"type": "ndarray", "data": [[0.9999437077114478, 0.0034366826485619515, 0.01003845708541021, -0.015127673707168854], [-0.010062318068215378, 0.006997606359524067, 0.9999248888093201, 0.027234266430060022], [0.003366179344095554, -0.9999696108970563, 0.007031793442156986, 0.03505191966810307], [0.0, 0.0, 0.0, 1.0]]}, "Hobj2base": {"type": "ndarray", "data": [[0.9999668560855025, 0.002872717272353434, -0.007618019818104865, -0.7400324161935341], [0.0029574707652600296, -0.9999336017679892, 0.011137568045534594, 0.09377003711640765], [-0.007585518910961101, -0.0111597289738328, -0.9999089560315388, 0.0034004247907530264], [0.0, 0.0, 0.0, 1.0]]}, "mean_rme": {"type": "float", "data": 0.0018118980285022727}, "max_rme": {"type": "float", "data": 0.005242456120082117}, "simu": {"type": "float", "data": 0.002}}, {"type": "dict", "image_number": {"type": "int", "data": 12}, "Hcamera2end": {"type": "ndarray", "data": [[0.9999667619259754, 0.002951095389674869, 0.007600399942143399, -0.015314236326699343], [-0.007622187142012996, 0.007443058643344824, 0.9999432499603185, 0.0272713284634538], [0.0028943576924121534, -0.9999679454432691, 0.007465305051744697, 0.03505844996067631], [0.0, 0.0, 0.0, 1.0]]}, "Hobj2base": {"type": "ndarray", "data": [[0.9999647080044094, 0.002550796775188996, -0.008004759925687752, -0.7403054729521407], [0.002619112458572479, -0.9999601416392292, 0.00853553646712165, 0.09233232523900736], [-0.00798266845018391, -0.00855620059745554, -0.999931531873933, 0.003351732154920517], [0.0, 0.0, 0.0, 1.0]]}, "mean_rme": {"type": "float", "data": 0.0017550033439166484}, "max_rme": {"type": "float", "data": 0.0050433123147685666}, "simu": {"type": "float", "data": 0.002}}, {"type": "dict", "image_number": {"type": "int", "data": 13}, "Hcamera2end": {"type": "ndarray", "data": [[0.9999952833906061, 0.002241786199782364, 0.0020994263921291934, -0.015695114265641772], [-0.0021168695598377052, 0.007807109042565097, 0.9999672834206447, 0.027309073866358148], [0.00222532240543607, -0.9999670111773847, 0.007811817788447195, 0.03506361083560886], [0.0, 0.0, 0.0, 1.0]]}, "Hobj2base": {"type": "ndarray", "data": [[0.9999637831206677, 0.0016282400042687247, -0.008353519108176064, -0.7404640458830917], [0.0016488587231633755, -0.9999956099637828, 0.002461974425807959, 0.0891616691244491], [-0.008349473750675051, -0.0024756590336278885, -0.9999620779811784, 0.0031177459756932193], [0.0, 0.0, 0.0, 1.0]]}, "mean_rme": {"type": "float", "data": 0.0017716078024405553}, "max_rme": {"type": "float", "data": 0.0048057608081001485}, "simu": {"type": "float", "data": 0.002}}, {"type": "dict", "image_number": {"type": "int", "data": 14}, "Hcamera2end": {"type": "ndarray", "data": [[0.9999890399786925, 0.002586354366033861, 0.00390265212211672, -0.015486753494776642], [-0.003922104827741302, 0.007559384088656529, 0.9999637357454122, 0.027319614167507444], [0.0025567589274651855, -0.9999680827322909, 0.007569445190591106, 0.03506028847614939], [0.0, 0.0, 0.0, 1.0]]}, "Hobj2base": {"type": "ndarray", "data": [[0.999968336643328, 0.0019644155418320035, -0.00771147082954504, -0.740324095208659], [0.001995224896417731, -0.9999900510150643, 0.003989605055750313, 0.09013878474947065], [-0.007703556866060642, -0.004004864850049559, -0.9999623074242066, 0.0030285693517729645], [0.0, 0.0, 0.0, 1.0]]}, "mean_rme": {"type": "float", "data": 0.0017238176130315967}, "max_rme": {"type": "float", "data": 0.004860168649294186}, "simu": {"type": "float", "data": 0.002}}, {"type": "dict", "image_number": {"type": "int", "data": 15}, "Hcamera2end": {"type": "ndarray", "data": [[0.9999882743810835, 0.002999693793355928, 0.003801701920049271, -0.015455166090279216], [-0.0038264336909582817, 0.008282558133557383, 0.999958377951789, 0.02734004353023183], [0.002968081122796978, -0.9999611997812267, 0.008293939144830564, 0.035083397264358565], [0.0, 0.0, 0.0, 1.0]]}, "Hobj2base": {"type": "ndarray", "data": [[0.9999594454484761, 0.0024811916050184934, -0.00865743302573781, -0.7408342980387], [0.0025138750383012793, -0.9999897474675017, 0.0037663499802594916, 0.0900081118576738], [-0.008647999229171782, -0.0037879609424043277, -0.9999554307374059, 0.0031633372618831554], [0.0, 0.0, 0.0, 1.0]]}, "mean_rme": {"type": "float", "data": 0.001657889069193048}, "max_rme": {"type": "float", "data": 0.004826337877064046}, "simu": {"type": "float", "data": 0.002}}, {"type": "dict", "image_number": {"type": "int", "data": 16}, "Hcamera2end": {"type": "ndarray", "data": [[0.9999857582508338, 0.0016335882159816246, 0.005080815391812089, -0.015556186324540944], [-0.005090975427661145, 0.0062766486300053215, 0.9999673422923222, 0.027374821041360575], [0.001601644373766874, -0.999978967314571, 0.00628487579701642, 0.035053238223977566], [0.0, 0.0, 0.0, 1.0]]}, "Hobj2base": {"type": "ndarray", "data": [[0.9999769006486485, 0.0010577940056914641, -0.006714107607455889, -0.7395052946443856], [0.001094190749730006, -0.9999847153379215, 0.005419579055522758, 0.09086893429106935], [-0.006708272186351648, -0.005426800381198748, -0.9999627737680519, 0.0029857762164729566], [0.0, 0.0, 0.0, 1.0]]}, "mean_rme": {"type": "float", "data": 0.0017072256620520817}, "max_rme": {"type": "float", "data": 0.005133994238024103}, "simu": {"type": "float", "data": 0.002}}, {"type": "dict", "image_number": {"type": "int", "data": 17}, "Hcamera2end": {"type": "ndarray", "data": [[0.9999933572185947, -4.914303876241599e-05, 0.003644599243490747, -0.01565251483213486], [-0.0036443117782742358, 0.004943479716716381, 0.9999811403221326, 0.027280286198340897], [-6.715911437629079e-05, -0.9999877797219583, 0.004943267785706196, 0.03493160587014449], [0.0, 0.0, 0.0, 1.0]]}, "Hobj2base": {"type": "ndarray", "data": [[0.999987004383902, -0.000560307799814487, -0.005067259464394145, -0.7384173912406817], [-0.000539090966160089, -0.9999910873233258, 0.0041874401302075415, 0.09026777137203319], [-0.005069560556915123, -0.004184653998042732, -0.9999783938799265, 0.0025967829972463707], [0.0, 0.0, 0.0, 1.0]]}, "mean_rme": {"type": "float", "data": 0.0017375792631721062}, "max_rme": {"type": "float", "data": 0.005518467514755071}, "simu": {"type": "float", "data": 0.002}}, {"type": "dict", "image_number": {"type": "int", "data": 18}, "Hcamera2end": {"type": "ndarray", "data": [[0.9999932551535486, -9.983404761820412e-05, 0.003671468449096391, -0.015645751846501764], [-0.003670918003029432, 0.005045688878730137, 0.9999805325028854, 0.027386026186355387], [-0.0001183571916213847, -0.9999872654473667, 0.005045288363730749, 0.035191742474247556], [0.0, 0.0, 0.0, 1.0]]}, "Hobj2base": {"type": "ndarray", "data": [[0.9999874302526653, -0.0006195297464286314, -0.0049754918916690176, -0.7386981472764407], [-0.0005970187250813754, -0.999989585760998, 0.00452459259930267, 0.09031162257378787], [-0.0049782431954130445, -0.004521565264491088, -0.9999773860154271, 0.0024938090564673135], [0.0, 0.0, 0.0, 1.0]]}, "mean_rme": {"type": "float", "data": 0.0016616516426489626}, "max_rme": {"type": "float", "data": 0.005534889343496746}, "simu": {"type": "float", "data": 0.002}}, {"type": "dict", "image_number": {"type": "int", "data": 19}, "Hcamera2end": {"type": "ndarray", "data": [[0.9999927018621099, -0.00036066107285451015, 0.0038034387214557607, -0.015659422133605428], [-0.0038015505742191058, 0.005098874546695664, 0.9999797746412616, 0.027208137138455032], [-0.0003800470352416756, -0.9999869356156347, 0.005097466263097483, 0.03562312723287198], [0.0, 0.0, 0.0, 1.0]]}, "Hobj2base": {"type": "ndarray", "data": [[0.9999890079248495, -0.0009814337956499794, -0.0045848464729089985, -0.7391507701232007], [-0.0009599871887797445, -0.9999885992863964, 0.004677576490871144, 0.09047549858492893], [-0.004589384934037323, -0.004673123680722319, -0.9999785495004339, 0.002597135267689463], [0.0, 0.0, 0.0, 1.0]]}, "mean_rme": {"type": "float", "data": 0.0016210859452288845}, "max_rme": {"type": "float", "data": 0.005504667244162979}, "simu": {"type": "float", "data": 0.002}}, {"type": "dict", "image_number": {"type": "int", "data": 20}, "Hcamera2end": {"type": "ndarray", "data": [[0.9999898180374278, -0.0010936425441977489, 0.004378100896234449, -0.015676324975690065], [-0.0043738215961381275, 0.003885103725164818, 0.9999828876804291, 0.02798854464029174], [-0.001110633205538144, -0.9999918549243438, 0.003880280769805844, 0.035701368640316124], [0.0, 0.0, 0.0, 1.0]]}, "Hobj2base": {"type": "ndarray", "data": [[0.9999930747975233, -0.001761934470941504, -0.0032781006566353975, -0.7384902430226395], [-0.0017442508963200051, -0.9999839552110021, 0.005389518473006717, 0.09093966316835014], [-0.0032875440385814153, -0.005383763319491477, -0.999980103375419, 0.0016257221468069156], [0.0, 0.0, 0.0, 1.0]]}, "mean_rme": {"type": "float", "data": 0.001639181440102009}, "max_rme": {"type": "float", "data": 0.0057195129776115156}, "simu": {"type": "float", "data": 0.002}}, {"type": "dict", "image_number": {"type": "int", "data": 21}, "Hcamera2end": {"type": "ndarray", "data": [[0.9999929299058232, 0.00025232104313091834, 0.0037518625319291725, -0.01567965190705405], [-0.0037535935527996723, 0.007250851269332226, 0.9999666672901204, 0.028320351223896253], [0.00022510843538479236, -0.9999736803986199, 0.007251747115771701, 0.033839604330905465], [0.0, 0.0, 0.0, 1.0]]}, "Hobj2base": {"type": "ndarray", "data": [[0.999978275421371, -8.995713117239175e-05, -0.006590947808570123, -0.7382216368797351], [-6.0802609672894064e-05, -0.9999902144916109, 0.00442348551090039, 0.09022830916150004], [-0.006591281236861392, -0.0044229886657146155, -0.9999684955951962, 0.0020180577266206384], [0.0, 0.0, 0.0, 1.0]]}, "mean_rme": {"type": "float", "data": 0.0017679346582225712}, "max_rme": {"type": "float", "data": 0.006355789192970807}, "simu": {"type": "float", "data": 0.002}}, {"type": "dict", "image_number": {"type": "int", "data": 22}, "Hcamera2end": {"type": "ndarray", "data": [[0.9999907465431341, -4.842421734494503e-05, 0.004301683763424176, -0.01571228914295753], [-0.004301207153451519, 0.007406196659826447, 0.9999633232614379, 0.028400845262537302], [-8.028155722288738e-05, -0.9999725725769338, 0.007405919844315045, 0.03422700690679705], [0.0, 0.0, 0.0, 1.0]]}, "Hobj2base": {"type": "ndarray", "data": [[0.999978106992591, -0.000380014561154411, -0.006606142932714578, -0.7386363532069121], [-0.00034472552676143774, -0.999985671091213, 0.005342169649816906, 0.09065713885030004], [-0.006608078376150149, -0.00533977538755484, -0.9999639093982269, 0.001994432917562872], [0.0, 0.0, 0.0, 1.0]]}, "mean_rme": {"type": "float", "data": 0.0017657156698306809}, "max_rme": {"type": "float", "data": 0.006478289719346053}, "simu": {"type": "float", "data": 0.002}}, {"type": "dict", "image_number": {"type": "int", "data": 23}, "Hcamera2end": {"type": "ndarray", "data": [[0.9999951059735354, -0.0002688778093554501, 0.003117007170576405, -0.015845259742451212], [-0.0031150632260914667, 0.006950292062642749, 0.9999709944900109, 0.028022692822584665], [-0.00029053412061432284, -0.9999758102799124, 0.006949420476353274, 0.03305844087016381], [0.0, 0.0, 0.0, 1.0]]}, "Hobj2base": {"type": "ndarray", "data": [[0.9999812978207809, -0.0005611498437652352, -0.006090083703807087, -0.7373228123349769], [-0.0005368244063756706, -0.9999918751862709, 0.003995169708859191, 0.08993132140124249], [-0.006092276111869339, -0.00399182568491021, -0.9999734743979352, 0.002262904843617729], [0.0, 0.0, 0.0, 1.0]]}, "mean_rme": {"type": "float", "data": 0.0018133897417288406}, "max_rme": {"type": "float", "data": 0.006148369795849207}, "simu": {"type": "float", "data": 0.002}}, {"type": "dict", "image_number": {"type": "int", "data": 24}, "Hcamera2end": {"type": "ndarray", "data": [[0.9999943410194236, 0.00040051153771078745, 0.003340287358407726, -0.015777738304072867], [-0.003342894006286294, 0.00669455498568261, 0.9999720036047043, 0.02854953418962963], [0.00037813858744261525, -0.9999775110091488, 0.006695855968944842, 0.033273905759096806], [0.0, 0.0, 0.0, 1.0]]}, "Hobj2base": {"type": "ndarray", "data": [[0.9999842083846893, -5.395650490606164e-05, -0.005619614750307501, -0.7373661220273648], [-3.120180299246356e-05, -0.9999918016074711, 0.0040491658761156344, 0.09002188248793613], [-0.005619787157338375, -0.004048926591133457, -0.9999760118051666, 0.0016474658531371357], [0.0, 0.0, 0.0, 1.0]]}, "mean_rme": {"type": "float", "data": 0.0018081777033258706}, "max_rme": {"type": "float", "data": 0.006224630657153951}, "simu": {"type": "float", "data": 0.002}}, {"type": "dict", "image_number": {"type": "int", "data": 25}, "Hcamera2end": {"type": "ndarray", "data": [[0.9999984746070418, 0.00022604749512647568, 0.0017319601957044954, -0.015957702962277567], [-0.0017333350930648355, 0.006230886479907438, 0.9999790855828585, 0.028528138030510804], [0.00021525112010771584, -0.99998056228919, 0.006231268791413003, 0.03248146118528307], [0.0, 0.0, 0.0, 1.0]]}, "Hobj2base": {"type": "ndarray", "data": [[0.9999860033683603, -0.00010183578913109195, -0.005289867375057542, -0.7363634787943231], [-8.993433001951021e-05, -0.9999974645929119, 0.0022500487914330273, 0.08913039194433482], [-0.005290083098584564, -0.0022495415576506543, -0.9999834771552929, 0.0015228832088766576], [0.0, 0.0, 0.0, 1.0]]}, "mean_rme": {"type": "float", "data": 0.0018053440148083565}, "max_rme": {"type": "float", "data": 0.006030522082533352}, "simu": {"type": "float", "data": 0.002}}, {"type": "dict", "image_number": {"type": "int", "data": 26}, "Hcamera2end": {"type": "ndarray", "data": [[0.9999997973602013, 3.060187203876916e-05, 0.0006358797698502708, -0.01604843360126921], [-0.0006360548609134233, 0.006109357682168026, 0.9999811354135263, 0.028437150198243465], [2.6716477790237855e-05, -0.9999813372319689, 0.00610937590863847, 0.0321251574592678], [0.0, 0.0, 0.0, 1.0]]}, "Hobj2base": {"type": "ndarray", "data": [[0.9999873885179708, -0.00022343907596782627, -0.005017258214232546, -0.7359589347333997], [-0.00021925724444384165, -0.9999996281650727, 0.0008340239672057806, 0.08851573283549535], [-0.005017442702185268, -0.0008329133787167903, -0.9999870656783689, 0.0014858351083802486], [0.0, 0.0, 0.0, 1.0]]}, "mean_rme": {"type": "float", "data": 0.0017899205139853436}, "max_rme": {"type": "float", "data": 0.0059350220665957965}, "simu": {"type": "float", "data": 0.002}}, {"type": "dict", "image_number": {"type": "int", "data": 27}, "Hcamera2end": {"type": "ndarray", "data": [[0.999999658371267, -0.00031649556203737614, 0.0007636019306017542, -0.016057638060350345], [-0.0007616335640257544, 0.006173402126458893, 0.9999806543231222, 0.028330260889274646], [-0.0003212034609986447, -0.9999808942858581, 0.006173158963804437, 0.032136548136987214], [0.0, 0.0, 0.0, 1.0]]}, "Hobj2base": {"type": "ndarray", "data": [[0.9999864821370387, -0.0007466112808648984, -0.005145688951474842, -0.7359772472789724], [-0.0007417710554704157, -0.9999992807521023, 0.000942481288919508, 0.08864961429749799], [-0.005146388917611192, -0.0009386516254619427, -0.9999863167135015, 0.0016186943276200697], [0.0, 0.0, 0.0, 1.0]]}, "mean_rme": {"type": "float", "data": 0.0017415119106982007}, "max_rme": {"type": "float", "data": 0.005926215678276947}, "simu": {"type": "float", "data": 0.002}}, {"type": "dict", "image_number": {"type": "int", "data": 28}, "Hcamera2end": {"type": "ndarray", "data": [[0.9999997762970458, -0.00018984118908771356, 0.0006413783447601673, -0.016028957784075096], [-0.000640184815300729, 0.00622166108911415, 0.999980440357057, 0.028310230282520908], [-0.00019382791455283376, -0.9999806272591557, 0.006221538163863616, 0.03215551468006819], [0.0, 0.0, 0.0, 1.0]]}, "Hobj2base": {"type": "ndarray", "data": [[0.9999855970688547, -0.0006013489329160261, -0.00533329488281191, -0.7360340878295295], [-0.0005971288137311907, -0.9999995074247212, 0.0007928350997491896, 0.08853665536845677], [-0.0053337690263039065, -0.0007896390165531863, -0.9999854635834453, 0.0016531692547414342], [0.0, 0.0, 0.0, 1.0]]}, "mean_rme": {"type": "float", "data": 0.001704425996109503}, "max_rme": {"type": "float", "data": 0.005926889326920759}, "simu": {"type": "float", "data": 0.002}}, {"type": "dict", "image_number": {"type": "int", "data": 29}, "Hcamera2end": {"type": "ndarray", "data": [[0.9999998423591867, 0.0002811487176465887, -0.000486042179486864, -0.016103532754344677], [0.0004840129796844487, 0.007173124203075698, 0.9999741556763369, 0.027892243616106947], [0.0002846278924695253, -0.9999742332903212, 0.007172986992669994, 0.03284185333698097], [0.0, 0.0, 0.0, 1.0]]}, "Hobj2base": {"type": "ndarray", "data": [[0.9999797373409972, 4.381382676145653e-05, -0.0063657668649421805, -0.7372521874806759], [4.2034353227996085e-05, -0.9999999600084839, -0.0002796714907750769, 0.08792270992907501], [-0.006365778863843763, 0.00027939824299405845, -0.9999796991919774, 0.002128561899805263], [0.0, 0.0, 0.0, 1.0]]}, "mean_rme": {"type": "float", "data": 0.001716969621999577}, "max_rme": {"type": "float", "data": 0.0060385751497091245}, "simu": {"type": "float", "data": 0.002}}, {"type": "dict", "image_number": {"type": "int", "data": 30}, "Hcamera2end": {"type": "ndarray", "data": [[0.9999999663787524, 7.579920836977864e-05, -0.000247985834249155, -0.01603347769147903], [0.0002474621111527174, 0.006832981280101458, 0.9999766242914527, 0.02811329666298346], [7.749191907273049e-05, -0.9999766520380893, 0.006832962292936062, 0.032663775497937995], [0.0, 0.0, 0.0, 1.0]]}, "Hobj2base": {"type": "ndarray", "data": [[0.9999825981837165, -0.00029254926950779425, -0.0058921765646183545, -0.7368663204515458], [-0.00029332204012832476, -0.9999999484935758, -0.00013028824646107764, 0.08801505736437902], [-0.005892138145402079, 0.000132014284459679, -0.9999826324893373, 0.0018476552431360334], [0.0, 0.0, 0.0, 1.0]]}, "mean_rme": {"type": "float", "data": 0.0017267996328073222}, "max_rme": {"type": "float", "data": 0.006008018653287317}, "simu": {"type": "float", "data": 0.002}}, {"type": "dict", "image_number": {"type": "int", "data": 31}, "Hcamera2end": {"type": "ndarray", "data": [[0.9999995950855135, 0.0008999046301566465, 6.823230716958653e-07, -0.01772308906310706], [-6.888811613620473e-06, 0.00689684414616254, 0.9999762164638556, 0.02770229013083309], [0.0008998785213664658, -0.9999758115636997, 0.006896847552803842, 0.033038565209872583], [0.0, 0.0, 0.0, 1.0]]}, "Hobj2base": {"type": "ndarray", "data": [[0.9999828561506652, 0.00031934113433600283, -0.005846830423235734, -0.7373290402737654], [0.00032056404179366365, -0.999999926941274, 0.00020822137783310876, 0.08644308670228497], [-0.005846763502422761, -0.0002100920917093335, -0.9999828854624766, 0.00239102116312012], [0.0, 0.0, 0.0, 1.0]]}, "mean_rme": {"type": "float", "data": 0.0017593040886815764}, "max_rme": {"type": "float", "data": 0.0059117413862532775}, "simu": {"type": "float", "data": 0.002}}]}