{"type": "list", "data": [{"type": "dict", "image_number": {"type": "int", "data": 5}, "Hcamera2end": {"type": "ndarray", "data": [[0.9999698985923107, -0.0036604543161255394, 0.006841270604463239, -0.020692934141225968], [-0.006765270626109493, 0.020386863618151008, 0.9997692768359959, 0.02727897084354932], [-0.003799081815312087, -0.9997854654204642, 0.02036148598079457, 0.03996106555186268], [0.0, 0.0, 0.0, 1.0]]}, "Hobj2base": {"type": "ndarray", "data": [[0.9998032747783787, -0.011493251266794973, -0.016165299803843985, -0.7507007703967649], [-0.011391583961699208, -0.9999148409286931, 0.006367315399036895, 0.08983902265934254], [-0.016237104337701348, -0.006181914417522358, -0.9998490587968074, 0.005236327852223643], [0.0, 0.0, 0.0, 1.0]]}, "mean_rme": {"type": "float", "data": 0.002293738430835815}, "max_rme": {"type": "float", "data": 0.008343982666095873}, "simu": {"type": "float", "data": 0.002}}, {"type": "dict", "image_number": {"type": "int", "data": 6}, "Hcamera2end": {"type": "ndarray", "data": [[0.9997449099897913, -0.0018957237393603735, 0.022506025437827846, -0.020077953996244693], [-0.02249211143763001, 0.007066375542394421, 0.999722047000951, 0.02890510952073807], [-0.002054232844972026, -0.9999732359259413, 0.00702193415098451, 0.039454283192876395], [0.0, 0.0, 0.0, 1.0]]}, "Hobj2base": {"type": "ndarray", "data": [[0.9999712462860904, -0.005715466060316919, -0.004983979209088078, -0.7451364527525297], [-0.00560180896594545, -0.9997305231494236, 0.022527778844985514, 0.0965525489749377], [-0.005111392897470316, -0.02249921178825803, -0.9997337941329953, 0.0019839978988368903], [0.0, 0.0, 0.0, 1.0]]}, "mean_rme": {"type": "float", "data": 0.0021654626505455024}, "max_rme": {"type": "float", "data": 0.008804129660616222}, "simu": {"type": "float", "data": 0.002}}, {"type": "dict", "image_number": {"type": "int", "data": 7}, "Hcamera2end": {"type": "ndarray", "data": [[0.9997785819010828, -0.00033341473933158096, 0.02103986707352222, -0.020335032395009316], [-0.021040719995609664, -0.002803186723075557, 0.9997746897407747, 0.028864140381777193], [-0.00027436094153446104, -0.9999960154814655, -0.0028095813329731545, 0.03910393553122626], [0.0, 0.0, 0.0, 1.0]]}, "Hobj2base": {"type": "ndarray", "data": [[0.9999928006755809, -0.0009339923919960583, 0.0036778057615300228, -0.7406331201801317], [-0.0010145716889092906, -0.999758136538127, 0.02196904800164734, 0.09509320475139346], [0.0036563973110035103, -0.021972621236946557, -0.9997518865572002, 0.0007156013026418344], [0.0, 0.0, 0.0, 1.0]]}, "mean_rme": {"type": "float", "data": 0.002101442957010696}, "max_rme": {"type": "float", "data": 0.008759809989894618}, "simu": {"type": "float", "data": 0.002}}, {"type": "dict", "image_number": {"type": "int", "data": 8}, "Hcamera2end": {"type": "ndarray", "data": [[0.999816616943827, 0.00015751285488767829, 0.019149612860350065, -0.020160323374023244], [-0.01914940634792571, -0.0012220367709279145, 0.9998158864824328, 0.02869050012774241], [0.00018088538570627984, -0.9999992409076276, -0.0012187963924268352, 0.03917429151972948], [0.0, 0.0, 0.0, 1.0]]}, "Hobj2base": {"type": "ndarray", "data": [[0.9999960257084948, -0.00123049642222659, 0.0025366209354825585, -0.7413601671926269], [-0.001280573868043833, -0.9998024345523564, 0.01983562435997432, 0.09442408420505029], [0.0025117121220243578, -0.019838793857904036, -0.9998000367875968, 0.0011431947215523805], [0.0, 0.0, 0.0, 1.0]]}, "mean_rme": {"type": "float", "data": 0.0019367837713809395}, "max_rme": {"type": "float", "data": 0.008614858985101864}, "simu": {"type": "float", "data": 0.002}}, {"type": "dict", "image_number": {"type": "int", "data": 9}, "Hcamera2end": {"type": "ndarray", "data": [[0.9999271487157755, 0.0025489104567379198, 0.011798318381147026, -0.01992402774784183], [-0.011800263362622517, 0.0007493767837201126, 0.9999300936660567, 0.028052059542475756], [0.002539890885870569, -0.9999964707387319, 0.0007794000053362726, 0.03907457449015558], [0.0, 0.0, 0.0, 1.0]]}, "Hobj2base": {"type": "ndarray", "data": [[0.9999994280238989, 0.0004822732953456065, -0.000954654044031917, -0.7424425835813653], [0.0004940620895874079, -0.999923152565616, 0.012387286461981924, 0.09109608787296324], [-0.0009486066238554989, -0.012387751035121937, -0.999922818906422, 0.0024670881056535476], [0.0, 0.0, 0.0, 1.0]]}, "mean_rme": {"type": "float", "data": 0.0019600010161875906}, "max_rme": {"type": "float", "data": 0.008322643983704303}, "simu": {"type": "float", "data": 0.002}}, {"type": "dict", "image_number": {"type": "int", "data": 10}, "Hcamera2end": {"type": "ndarray", "data": [[0.999994958549376, 0.0031548960604460994, -0.000359870364848975, -0.019961076567856444], [0.0003633512689645605, -0.0011028302773563592, 0.9999993258703901, 0.027529141936663688], [0.00315449705770297, -0.9999944151825184, -0.0011039710529789915, 0.03905076697050353], [0.0, 0.0, 0.0, 1.0]]}, "Hobj2base": {"type": "ndarray", "data": [[0.9999967567936857, 0.0025166328469759945, 0.0003911025743386826, -0.7417527204089093], [0.0025163753576018092, -0.9999966177875654, 0.0006574712839995927, 0.085766736479289], [0.0003927558653759494, -0.0006564849908042125, -0.9999997073851006, 0.0031055932629845016], [0.0, 0.0, 0.0, 1.0]]}, "mean_rme": {"type": "float", "data": 0.0020062294249325006}, "max_rme": {"type": "float", "data": 0.008591454227207779}, "simu": {"type": "float", "data": 0.002}}, {"type": "dict", "image_number": {"type": "int", "data": 11}, "Hcamera2end": {"type": "ndarray", "data": [[0.9999222545563733, 0.005695237149815565, -0.01109275063754259, -0.02025081628210766], [0.011145477579810735, -0.009311350902481141, 0.9998945329752978, 0.026923973083399878], [0.005591347996438522, -0.999940429734781, -0.009374103125339373, 0.038591967456115456], [0.0, 0.0, 0.0, 1.0]]}, "Hobj2base": {"type": "ndarray", "data": [[0.9999432325578845, 0.008274111761353953, 0.006713474230903284, -0.7382452413457748], [0.008343507015240798, -0.9999113645336928, -0.010375402018962206, 0.08012251340273256], [0.0066270319431104155, 0.010430826953270848, -0.9999236372327118, 0.0029244790613172037], [0.0, 0.0, 0.0, 1.0]]}, "mean_rme": {"type": "float", "data": 0.0021805865597304434}, "max_rme": {"type": "float", "data": 0.008491714456991345}, "simu": {"type": "float", "data": 0.002}}, {"type": "dict", "image_number": {"type": "int", "data": 12}, "Hcamera2end": {"type": "ndarray", "data": [[0.9999689029083653, 0.005521766828152237, -0.005630569006410697, -0.01986120470846244], [0.005679163081781334, -0.008824624161281713, 0.9999449350414765, 0.027249116856730444], [0.005471775116995132, -0.9999458165818323, -0.008855708755452163, 0.03870577152543456], [0.0, 0.0, 0.0, 1.0]]}, "Hobj2base": {"type": "ndarray", "data": [[0.9999461783273326, 0.008387642193195698, 0.006106382480760882, -0.7385267412773358], [0.008418712334227264, -0.999951656528524, -0.005080343344180311, 0.08273493406549541], [0.006063475174844033, 0.005131477789112093, -0.9999684506045701, 0.0026943491275978615], [0.0, 0.0, 0.0, 1.0]]}, "mean_rme": {"type": "float", "data": 0.0021080188590388805}, "max_rme": {"type": "float", "data": 0.008458177981025328}, "simu": {"type": "float", "data": 0.002}}, {"type": "dict", "image_number": {"type": "int", "data": 13}, "Hcamera2end": {"type": "ndarray", "data": [[0.9998624709823548, 0.005171463545919212, -0.01575738194792678, -0.02056816561643449], [0.01579662250196818, -0.007636859485349978, 0.9998460606987114, 0.027372086983204067], [0.005050330542641008, -0.9999574662664379, -0.007717500852984616, 0.03881771839543803], [0.0, 0.0, 0.0, 1.0]]}, "Hobj2base": {"type": "ndarray", "data": [[0.999953861415696, 0.00817955710154078, 0.0050368527337752685, -0.7388983348599508], [0.0082504647512044, -0.9998648273225117, -0.014221705759608618, 0.07853119483260879], [0.0049198446345631005, 0.014262605966175504, -0.9998861801224304, 0.002880737296865127], [0.0, 0.0, 0.0, 1.0]]}, "mean_rme": {"type": "float", "data": 0.0022888647116664144}, "max_rme": {"type": "float", "data": 0.009599932335241396}, "simu": {"type": "float", "data": 0.002}}, {"type": "dict", "image_number": {"type": "int", "data": 14}, "Hcamera2end": {"type": "ndarray", "data": [[0.999934586636194, 0.006287689270547124, -0.00955444463802391, -0.020257279286762516], [0.009622913946234076, -0.010950787864645095, 0.9998937342399575, 0.02774549713888205], [0.006182392408072382, -0.9999202694259081, -0.011010577429545698, 0.03846914933985222], [0.0, 0.0, 0.0, 1.0]]}, "Hobj2base": {"type": "ndarray", "data": [[0.9999169822202354, 0.010727697068813442, 0.0071375894514389025, -0.7377434589254922], [0.010784648050584558, -0.999909929894446, -0.007988958937705869, 0.08099444143851454], [0.007051243436624715, 0.008065272102235562, -0.9999426140293821, 0.002143709397344853], [0.0, 0.0, 0.0, 1.0]]}, "mean_rme": {"type": "float", "data": 0.0022874560562860416}, "max_rme": {"type": "float", "data": 0.009542688008073064}, "simu": {"type": "float", "data": 0.002}}, {"type": "dict", "image_number": {"type": "int", "data": 15}, "Hcamera2end": {"type": "ndarray", "data": [[0.9999851334156175, 0.005398458824719617, -0.000767847685189017, -0.019919763683093703], [0.0008130517915850722, -0.008376318496550406, 0.9999645874905914, 0.02817691490027475], [0.005391835914977713, -0.999950345732608, -0.00838058319592383, 0.038755757098913685], [0.0, 0.0, 0.0, 1.0]]}, "Hobj2base": {"type": "ndarray", "data": [[0.999948153691175, 0.008665586724604223, 0.0053476664376735875, -0.738746110130517], [0.008661294682069689, -0.9999621497609963, 0.0008252392358890197, 0.08525376334450487], [0.005354615209387953, -0.0007788787354026363, -0.9999853606147813, 0.0018854841604779718], [0.0, 0.0, 0.0, 1.0]]}, "mean_rme": {"type": "float", "data": 0.0022829334463691747}, "max_rme": {"type": "float", "data": 0.009523906982329022}, "simu": {"type": "float", "data": 0.002}}, {"type": "dict", "image_number": {"type": "int", "data": 16}, "Hcamera2end": {"type": "ndarray", "data": [[0.9999900638000981, 0.004285897556854641, 0.0012261252822461039, -0.019868315761027613], [-0.001205431591622337, -0.004827574417874958, 0.9999876206533347, 0.028181585001872435], [0.004291763711288694, -0.999979162586587, -0.004822360093817091, 0.039095277283816565], [0.0, 0.0, 0.0, 1.0]]}, "Hobj2base": {"type": "ndarray", "data": [[0.9999759623174644, 0.006273569928858581, 0.002952474827783604, -0.740123380412703], [0.00626565432455149, -0.9999767721779982, 0.002682662922800824, 0.08643788775540878], [0.0029692361216655857, -0.0026640992511283044, -0.9999920430743607, 0.002195223787689122], [0.0, 0.0, 0.0, 1.0]]}, "mean_rme": {"type": "float", "data": 0.0021952764129754042}, "max_rme": {"type": "float", "data": 0.009509247573338209}, "simu": {"type": "float", "data": 0.002}}, {"type": "dict", "image_number": {"type": "int", "data": 17}, "Hcamera2end": {"type": "ndarray", "data": [[0.9999948416492055, 0.0030410505192823858, 0.0010337730503134632, -0.019887716236607796], [-0.0010311431817943066, -0.0008662302941357947, 0.9999990931939968, 0.02798646562129296], [0.003041943247172962, -0.9999950008159124, -0.0008630900673074482, 0.039444301301518936], [0.0, 0.0, 0.0, 1.0]]}, "Hobj2base": {"type": "ndarray", "data": [[0.9999949659776425, 0.0031723802821069643, 6.342491090776412e-05, -0.7416200683449234], [0.003172211075821014, -0.9999918176192013, 0.0025103329534482857, 0.08667998983478462], [7.13881227040336e-05, -0.002510119119171209, -0.9999968470979017, 0.0028098814417426466], [0.0, 0.0, 0.0, 1.0]]}, "mean_rme": {"type": "float", "data": 0.002157406818888738}, "max_rme": {"type": "float", "data": 0.009325479660531322}, "simu": {"type": "float", "data": 0.002}}, {"type": "dict", "image_number": {"type": "int", "data": 18}, "Hcamera2end": {"type": "ndarray", "data": [[0.9999935787505653, 0.0035745544488452264, -0.00025498652749860037, -0.019581555011579963], [0.0002642830814358469, -0.0026005277450342756, 0.9999965836991144, 0.028037823951030143], [0.0035738791375523275, -0.9999902298602418, -0.002601455740661507, 0.037367052919446954], [0.0, 0.0, 0.0, 1.0]]}, "Hobj2base": {"type": "ndarray", "data": [[0.9999891808437007, 0.00448743788780148, 0.001225192534898563, -0.7389091819670027], [0.0044860553933110635, -0.9999893004839668, 0.0011288155713196108, 0.08601836140104424], [0.0012302449156944724, -0.0011233070769084855, -0.999998612338366, 0.002762924456284291], [0.0, 0.0, 0.0, 1.0]]}, "mean_rme": {"type": "float", "data": 0.0022133877552928606}, "max_rme": {"type": "float", "data": 0.009209953115552227}, "simu": {"type": "float", "data": 0.002}}, {"type": "dict", "image_number": {"type": "int", "data": 19}, "Hcamera2end": {"type": "ndarray", "data": [[0.9999945652911825, 0.0032765331372921164, -0.0003656756749263871, -0.019481173870816288], [0.00037714537152559865, -0.0035006249045346216, 0.9999938016741138, 0.027705445659795762], [0.0032752327348973243, -0.9999885049118705, -0.0035018416089649396, 0.03685698708033866], [0.0, 0.0, 0.0, 1.0]]}, "Hobj2base": {"type": "ndarray", "data": [[0.9999858322153647, 0.004982624272435883, 0.0018731854964333812, -0.7380933840058999], [0.004980884847426504, -0.9999871608932667, 0.0009321130617708877, 0.08605398617900162], [0.001877805815571096, -0.0009227697345381687, -0.9999978111682721, 0.002997492905429628], [0.0, 0.0, 0.0, 1.0]]}, "mean_rme": {"type": "float", "data": 0.0021823192525144996}, "max_rme": {"type": "float", "data": 0.009100008871257892}, "simu": {"type": "float", "data": 0.002}}, {"type": "dict", "image_number": {"type": "int", "data": 20}, "Hcamera2end": {"type": "ndarray", "data": [[0.999994133460039, 0.0034087389469543766, -0.0003369633472752986, -0.019431470516632476], [0.00034354331021811896, -0.001929920432583554, 0.9999980786907132, 0.027095327776082274], [0.003408082085263643, -0.9999923279235272, -0.0019310801600898042, 0.03644275452692909], [0.0, 0.0, 0.0, 1.0]]}, "Hobj2base": {"type": "ndarray", "data": [[0.9999893528686785, 0.004588616071745869, 0.0004886223773890441, -0.7384451135820744], [0.0045881223489711255, -0.9999889676723961, 0.0010068102136222183, 0.08644789499496994], [0.0004932368522743269, -0.001004557634731752, -0.9999993737904869, 0.0037515363325719892], [0.0, 0.0, 0.0, 1.0]]}, "mean_rme": {"type": "float", "data": 0.0021460950143071434}, "max_rme": {"type": "float", "data": 0.009066926962612326}, "simu": {"type": "float", "data": 0.002}}, {"type": "dict", "image_number": {"type": "int", "data": 21}, "Hcamera2end": {"type": "ndarray", "data": [[0.9999956310336962, 0.002883216995164763, -0.0006518997458529279, -0.01944191764970556], [0.0006639523445271217, -0.00418128092407688, 0.9999910379884002, 0.028008670194077597], [0.0028804653797688626, -0.9999871018916157, -0.004183176974885239, 0.0348307100474695], [0.0, 0.0, 0.0, 1.0]]}, "Hobj2base": {"type": "ndarray", "data": [[0.9999811770643237, 0.005169014075445048, 0.003305572648972571, -0.7357421550494085], [0.005165271041079333, -0.9999860102297615, 0.0011398771139309665, 0.08602241037633908], [0.0033114184456168936, -0.0011227814794194503, -0.9999938869161287, 0.0025973115237371796], [0.0, 0.0, 0.0, 1.0]]}, "mean_rme": {"type": "float", "data": 0.002235909945824847}, "max_rme": {"type": "float", "data": 0.009393204879461298}, "simu": {"type": "float", "data": 0.002}}, {"type": "dict", "image_number": {"type": "int", "data": 22}, "Hcamera2end": {"type": "ndarray", "data": [[0.9999957509272169, 0.002778304632232931, -0.0008826952373480217, -0.01947404683071132], [0.0008944973559314367, -0.004249584843505794, 0.9999905704071104, 0.02854904526352799], [0.002774527345649257, -0.9999871109429501, -0.00425205197285794, 0.0353030841850246], [0.0, 0.0, 0.0, 1.0]]}, "Hobj2base": {"type": "ndarray", "data": [[0.9999808091997624, 0.005155698007512356, 0.0034351142984785695, -0.7360662154167553], [0.005153418120207515, -0.9999864951086397, 0.0006722217022217296, 0.08563638433661001], [0.0034385336797239097, -0.0006545062214785635, -0.9999938740351062, 0.0020867691335045417], [0.0, 0.0, 0.0, 1.0]]}, "mean_rme": {"type": "float", "data": 0.0022057497535028126}, "max_rme": {"type": "float", "data": 0.009482736465820651}, "simu": {"type": "float", "data": 0.002}}, {"type": "dict", "image_number": {"type": "int", "data": 23}, "Hcamera2end": {"type": "ndarray", "data": [[0.9999939184790358, 0.0033752248500637703, -0.0008779875596912838, -0.019441920376132467], [0.0008932973805775252, -0.004537112689421141, 0.99998930825696, 0.028079823380453978], [0.0033712052345287414, -0.9999840111050051, -0.004540100176392725, 0.03542654631778014], [0.0, 0.0, 0.0, 1.0]]}, "Hobj2base": {"type": "ndarray", "data": [[0.999976100756845, 0.006009761884474979, 0.0034177005761475087, -0.7362630604403023], [0.006006722223307218, -0.9999815554111109, 0.0008989581231613716, 0.0857061152590795], [0.00342304006232975, -0.0008784074607392448, -0.9999937555790357, 0.002522597268767369], [0.0, 0.0, 0.0, 1.0]]}, "mean_rme": {"type": "float", "data": 0.0021766597412610092}, "max_rme": {"type": "float", "data": 0.009383466681979369}, "simu": {"type": "float", "data": 0.002}}, {"type": "dict", "image_number": {"type": "int", "data": 24}, "Hcamera2end": {"type": "ndarray", "data": [[0.9999945010235601, 0.002201167736160188, -0.0024804804450307086, -0.019525408397232557], [0.0024917602762726324, -0.005136616017061613, 0.9999837030205138, 0.02824261100423644], [0.002188390588190793, -0.9999843848963296, -0.005142072553257604, 0.03641264623297938], [0.0, 0.0, 0.0, 1.0]]}, "Hobj2base": {"type": "ndarray", "data": [[0.9999743199295933, 0.0054416639997398545, 0.004663450896204153, -0.7368435796215405], [0.005444938230894593, -0.9999849383698733, -0.0006896963556893431, 0.08505919645416841], [0.004659627561202132, 0.0007150708463110114, -0.9999888882106023, 0.002231784879729963], [0.0, 0.0, 0.0, 1.0]]}, "mean_rme": {"type": "float", "data": 0.0021869053268470115}, "max_rme": {"type": "float", "data": 0.009544908770079935}, "simu": {"type": "float", "data": 0.002}}, {"type": "dict", "image_number": {"type": "int", "data": 25}, "Hcamera2end": {"type": "ndarray", "data": [[0.9999958021032183, 0.0016762111528857261, -0.002363491508761884, -0.019545611836051927], [0.0023711350142746647, -0.004572757116824588, 0.9999867337175503, 0.028468631614170528], [0.0016653812431778813, -0.9999881400339314, -0.004576712443818076, 0.036281324071882], [0.0, 0.0, 0.0, 1.0]]}, "Hobj2base": {"type": "ndarray", "data": [[0.9999790010220321, 0.004906218909775057, 0.004233973427909717, -0.7368365168045856], [0.0049086101861005775, -0.9999877989211017, -0.0005545763884345708, 0.08510250179873076], [0.004231200895702019, 0.0005753476679931253, -0.9999908829154598, 0.002091710313517685], [0.0, 0.0, 0.0, 1.0]]}, "mean_rme": {"type": "float", "data": 0.0021401900479152947}, "max_rme": {"type": "float", "data": 0.009647216501418393}, "simu": {"type": "float", "data": 0.002}}, {"type": "dict", "image_number": {"type": "int", "data": 26}, "Hcamera2end": {"type": "ndarray", "data": [[0.9999979630491506, 0.0017828266157032472, -0.0009462699446288721, -0.019506951356691258], [0.0009485860073835956, -0.0012986985072247492, 0.9999987067825509, 0.028986955780825833], [0.0017815953907562377, -0.9999975674527644, -0.0013003870262209283, 0.036194274836982634], [0.0, 0.0, 0.0, 1.0]]}, "Hobj2base": {"type": "ndarray", "data": [[0.9999929300468491, 0.0033749658667720944, 0.0016581500884204244, -0.7379037742210814], [0.003374198606973367, -0.9999941991229471, 0.0004653001366621016, 0.08557338520545305], [0.0016597108417746643, -0.0004597019192934333, -0.9999985170159342, 0.001963620335315736], [0.0, 0.0, 0.0, 1.0]]}, "mean_rme": {"type": "float", "data": 0.0021402765548187972}, "max_rme": {"type": "float", "data": 0.009611772733804064}, "simu": {"type": "float", "data": 0.002}}, {"type": "dict", "image_number": {"type": "int", "data": 27}, "Hcamera2end": {"type": "ndarray", "data": [[0.9999940678895726, 0.0029851296859195364, 0.0017184837570491155, -0.019485083042481297], [-0.0017166843400655556, -0.0006052512878276239, 0.9999983433315053, 0.028994994654671702], [0.0029861648550562983, -0.9999953613250597, -0.0006001231720251798, 0.035724666180918255], [0.0, 0.0, 0.0, 1.0]]}, "Hobj2base": {"type": "ndarray", "data": [[0.9999932442297703, 0.0036349296811239644, 0.0005466086645999496, -0.7378211669607505], [0.003633194025359703, -0.9999884591664652, 0.0031434749963114134, 0.08654860534015382], [0.0005580286668463064, -0.0031414678243821812, -0.9999949098790029, 0.002029828819700321], [0.0, 0.0, 0.0, 1.0]]}, "mean_rme": {"type": "float", "data": 0.0021390050921850385}, "max_rme": {"type": "float", "data": 0.009368624722643826}, "simu": {"type": "float", "data": 0.002}}, {"type": "dict", "image_number": {"type": "int", "data": 28}, "Hcamera2end": {"type": "ndarray", "data": [[0.9999912090738878, 0.003655245166323413, 0.00205449695009944, -0.018675196864892968], [-0.0020587940278936215, 0.0011722181598430303, 0.9999971936319303, 0.02848362904790281], [0.0036528265897258438, -0.99999263251654, 0.0011797332518787007, 0.035497689758628395], [0.0, 0.0, 0.0, 1.0]]}, "Hobj2base": {"type": "ndarray", "data": [[0.9999946232696124, 0.0030921633112556603, -0.001091768254905795, -0.7382820909295303], [0.003096229500035347, -0.9999882031977523, 0.0037425697341805825, 0.08776896630745612], [-0.0010801827387097419, -0.0037459299764702066, -0.999992400578056, 0.002185338110910605], [0.0, 0.0, 0.0, 1.0]]}, "mean_rme": {"type": "float", "data": 0.002113877064829136}, "max_rme": {"type": "float", "data": 0.009416646417544056}, "simu": {"type": "float", "data": 0.002}}, {"type": "dict", "image_number": {"type": "int", "data": 29}, "Hcamera2end": {"type": "ndarray", "data": [[0.9999915279056838, 0.003490363519673959, 0.0021820814275713444, -0.018048592842644623], [-0.0021889901121415244, 0.0019767655975767573, 0.9999956503505707, 0.028442072758290204], [0.0034860348743191343, -0.999991954847774, 0.0019843892214645997, 0.03537564417842544], [0.0, 0.0, 0.0, 1.0]]}, "Hobj2base": {"type": "ndarray", "data": [[0.99999537555073, 0.0025382369130577966, -0.0016751807447810813, -0.7383905378638487], [0.002544767026063446, -0.9999891273384733, 0.003907603565082485, 0.08840625352172479], [-0.0016652441074973586, -0.003911848439290046, -0.9999909621610841, 0.0019536602977350158], [0.0, 0.0, 0.0, 1.0]]}, "mean_rme": {"type": "float", "data": 0.002086227516149728}, "max_rme": {"type": "float", "data": 0.009415466895437097}, "simu": {"type": "float", "data": 0.002}}, {"type": "dict", "image_number": {"type": "int", "data": 30}, "Hcamera2end": {"type": "ndarray", "data": [[0.9999924444875391, 0.002887248843855611, 0.0026028372883401423, -0.018079131234528666], [-0.0026059315359617994, 0.0010684503203395312, 0.999996033759506, 0.02755168784249093], [0.002884456389997811, -0.9999952610927847, 0.0010759662204642417, 0.03549885285090091], [0.0, 0.0, 0.0, 1.0]]}, "Hobj2base": {"type": "ndarray", "data": [[0.9999967227031283, 0.0024971190819111045, -0.0005647825186805062, -0.7379507644150841], [0.002499635126028287, -0.999986755575436, 0.004498944092758263, 0.08910184255609176], [-0.0005535406393185647, -0.004500341098605123, -0.9999897202085413, 0.0024980924312963354], [0.0, 0.0, 0.0, 1.0]]}, "mean_rme": {"type": "float", "data": 0.002124557707929242}, "max_rme": {"type": "float", "data": 0.009348611930430267}, "simu": {"type": "float", "data": 0.002}}, {"type": "dict", "image_number": {"type": "int", "data": 31}, "Hcamera2end": {"type": "ndarray", "data": [[0.9999923092825562, 0.0030785420853703337, 0.002429805417922298, -0.01828640520265243], [-0.00243540874720331, 0.0018176847914146421, 0.9999953823924552, 0.027619183106008253], [0.0030741112495169206, -0.9999936092798929, 0.0018251683204377755, 0.03554354511761369], [0.0, 0.0, 0.0, 1.0]]}, "Hobj2base": {"type": "ndarray", "data": [[0.9999965418339484, 0.002254862477506861, -0.001353482675118592, -0.7382851771630831], [0.0022606349542129457, -0.9999882913307319, 0.004278636587288637, 0.08885154469191023], [-0.0013438190905420242, -0.004281681521298137, -0.9999899306261044, 0.0026959637793865054], [0.0, 0.0, 0.0, 1.0]]}, "mean_rme": {"type": "float", "data": 0.0020767201909315264}, "max_rme": {"type": "float", "data": 0.009356990914159397}, "simu": {"type": "float", "data": 0.002}}]}