{"type": "list", "data": [{"type": "dict", "image_number": {"type": "int", "data": 5}, "Hcamera2end": {"type": "ndarray", "data": [[0.9999976800781185, 0.0020398343894403076, -0.0006920361584661232, -0.013873356530243613], [0.0006835955301107845, 0.004135695662094041, 0.9999912143206768, 0.035224530609083725], [0.0020426785190480706, -0.999989367492002, 0.004134291645932486, 0.03261169817311435], [0.0, 0.0, 0.0, 1.0]]}, "Hobj2base": {"type": "ndarray", "data": [[0.9999822085784672, 0.004309948237525006, -0.004123938981210969, -0.7371781556838142], [0.004338316554189562, -0.9999668191433877, 0.0068948982392854725, 0.08994484292655942], [-0.004094085490868635, -0.006912666521995126, -0.9999677262319762, -0.005702528358378501], [0.0, 0.0, 0.0, 1.0]]}, "mean_rme": {"type": "float", "data": 0.0012297650550778245}, "max_rme": {"type": "float", "data": 0.0025135370619371322}, "simu": {"type": "float", "data": 0.002}}, {"type": "dict", "image_number": {"type": "int", "data": 6}, "Hcamera2end": {"type": "ndarray", "data": [[0.99999023986469, 0.0017524196629009371, 0.004055761418608323, -0.013570272155346846], [-0.0040730723619612766, 0.00999032076912476, 0.9999418000926175, 0.035584184161594014], [0.0017117993147039226, -0.9999485599350875, 0.00999736099433779, 0.03288924939094772], [0.0, 0.0, 0.0, 1.0]]}, "Hobj2base": {"type": "ndarray", "data": [[0.9999646475036464, 0.00021226065036012608, -0.008405872252448866, -0.7402742354320434], [0.0003143482828786471, -0.9999261932135688, 0.012145341105885043, 0.09324271486288595], [-0.008402673864028778, -0.01214755410926654, -0.9998909100502402, -0.005502781380082348], [0.0, 0.0, 0.0, 1.0]]}, "mean_rme": {"type": "float", "data": 0.0011297900829443778}, "max_rme": {"type": "float", "data": 0.002994948645808626}, "simu": {"type": "float", "data": 0.002}}, {"type": "dict", "image_number": {"type": "int", "data": 7}, "Hcamera2end": {"type": "ndarray", "data": [[0.9999973090888614, 0.0012150878441929223, -0.00197620256224441, -0.013257672562441269], [0.001967296048345968, 0.007287950841215474, 0.9999715073534817, 0.03519516991318157], [0.0012294556902504102, -0.9999727042945058, 0.007285540792473122, 0.03258381161658452], [0.0, 0.0, 0.0, 1.0]]}, "Hobj2base": {"type": "ndarray", "data": [[0.9999806141957884, -0.0005875237711795943, -0.006198874771448341, -0.7387626267343459], [-0.0005573566018723193, -0.9999879999749173, 0.004867161368093721, 0.09042597520720162], [-0.006201659957797522, -0.004863612030478327, -0.9999689418635884, -0.004991101510543058], [0.0, 0.0, 0.0, 1.0]]}, "mean_rme": {"type": "float", "data": 0.0013438945439225402}, "max_rme": {"type": "float", "data": 0.0045431896658835735}, "simu": {"type": "float", "data": 0.002}}, {"type": "dict", "image_number": {"type": "int", "data": 8}, "Hcamera2end": {"type": "ndarray", "data": [[0.9999648036643883, 0.0013238723740132256, -0.008284853310628245, -0.013520612729011096], [0.008293189901828998, -0.006420859999283213, 0.9999449962663555, 0.0348243832085112], [0.0012706036728676443, -0.9999785097284876, -0.006431613133543124, 0.0319189032669553], [0.0, 0.0, 0.0, 1.0]]}, "Hobj2base": {"type": "ndarray", "data": [[0.9999627529264539, 0.005703680590383689, 0.0064777146796286865, -0.7313797437033813], [0.005708458608672539, -0.9999834478744187, -0.0007193590917612175, 0.08600304780983233], [0.006473504465192635, 0.0007563100638676714, -0.9999787606419581, -0.006111199222117156], [0.0, 0.0, 0.0, 1.0]]}, "mean_rme": {"type": "float", "data": 0.0015785298745453382}, "max_rme": {"type": "float", "data": 0.004287478389518845}, "simu": {"type": "float", "data": 0.002}}, {"type": "dict", "image_number": {"type": "int", "data": 9}, "Hcamera2end": {"type": "ndarray", "data": [[0.9998682996111127, 0.0035281638117783485, -0.015840943560895382, -0.013335890236150512], [0.015871244938885684, -0.008732729509085324, 0.9998359080466207, 0.03436014234303769], [0.0033892501932006446, -0.9999556447640255, -0.008787575757254196, 0.031577700137409785], [0.0, 0.0, 0.0, 1.0]]}, "Hobj2base": {"type": "ndarray", "data": [[0.9999296056854977, 0.008973591186615523, 0.007762624225124926, -0.7301430568556003], [0.009041565549804785, -0.9999206978707684, -0.00876630264389953, 0.08172575291241158], [0.007683343416350946, 0.008835871821804163, -0.9999314444516161, -0.005240929839880769], [0.0, 0.0, 0.0, 1.0]]}, "mean_rme": {"type": "float", "data": 0.0017395023833388413}, "max_rme": {"type": "float", "data": 0.004657509215828054}, "simu": {"type": "float", "data": 0.002}}, {"type": "dict", "image_number": {"type": "int", "data": 10}, "Hcamera2end": {"type": "ndarray", "data": [[0.9999235160040775, 0.0021806078035015476, -0.012174033499656203, -0.013351410140350779], [0.012191137104381088, -0.0080099028147258, 0.9998936031563564, 0.03459747007928548], [0.0020828629685185705, -0.9999655426095974, -0.008035874274054944, 0.03180979565102371], [0.0, 0.0, 0.0, 1.0]]}, "Hobj2base": {"type": "ndarray", "data": [[0.999947972438229, 0.006650203857317639, 0.007734804802390556, -0.7303980881369181], [0.0066911947742127175, -0.999963643497394, -0.005285791890555981, 0.08395297526339073], [0.007699371998320048, 0.005337271969165197, -0.9999561156364605, -0.0057666235789141426], [0.0, 0.0, 0.0, 1.0]]}, "mean_rme": {"type": "float", "data": 0.0017041685977142174}, "max_rme": {"type": "float", "data": 0.004636527583877864}, "simu": {"type": "float", "data": 0.002}}, {"type": "dict", "image_number": {"type": "int", "data": 11}, "Hcamera2end": {"type": "ndarray", "data": [[0.9999146605622661, 0.0016659878040816015, -0.012957471870884491, -0.013394082157185483], [0.012965252731230698, -0.004747673580795864, 0.999904676365295, 0.034448789736802946], [0.0016043111491934386, -0.9999873419599903, -0.004768868369928958, 0.0319259549805852], [0.0, 0.0, 0.0, 1.0]]}, "Hobj2base": {"type": "ndarray", "data": [[0.9999780730760127, 0.00494114809042537, 0.004408902667687012, -0.7322320863961533], [0.004970982124310018, -0.9999646485358029, -0.0067816675964325725, 0.08372445869092429], [0.004375237582628194, 0.0068034354716715725, -0.9999672847457957, -0.005174451177007141], [0.0, 0.0, 0.0, 1.0]]}, "mean_rme": {"type": "float", "data": 0.0017492653011558403}, "max_rme": {"type": "float", "data": 0.004486209420262094}, "simu": {"type": "float", "data": 0.002}}, {"type": "dict", "image_number": {"type": "int", "data": 12}, "Hcamera2end": {"type": "ndarray", "data": [[0.9999289332591325, 0.0016620138157472219, -0.011805343761605063, -0.013429858072602135], [0.011813565126189397, -0.0050269084405871745, 0.9999175815388682, 0.03445104248214013], [0.0016025324529269028, -0.999985983852577, -0.00504618550304059, 0.03192394400535461], [0.0, 0.0, 0.0, 1.0]]}, "Hobj2base": {"type": "ndarray", "data": [[0.9999766755636259, 0.005091597708769577, 0.004552357794687233, -0.7320920582382723], [0.0051195421040204905, -0.999967995622774, -0.0061480093377682095, 0.08420294957912493], [0.004520908909053429, 0.0061711719263180505, -0.9999707385817307, -0.005354070420430859], [0.0, 0.0, 0.0, 1.0]]}, "mean_rme": {"type": "float", "data": 0.0016325963482672322}, "max_rme": {"type": "float", "data": 0.004548453915964451}, "simu": {"type": "float", "data": 0.002}}, {"type": "dict", "image_number": {"type": "int", "data": 13}, "Hcamera2end": {"type": "ndarray", "data": [[0.9999357201873502, 0.0012472171568770106, -0.011269425130364222, -0.013484102543538327], [0.011274118312232923, -0.003822134872917937, 0.9999291402600963, 0.03431982764561635], [0.0012040555166051691, -0.9999919178345278, -0.0038359504605920414, 0.032028138980293455], [0.0, 0.0, 0.0, 1.0]]}, "Hobj2base": {"type": "ndarray", "data": [[0.9999838382552382, 0.004281416796168454, 0.003740681560762386, -0.732737752965301], [0.004304903153652201, -0.9999709306535456, -0.006293302528836071, 0.0844252079842864], [0.0037136285704437925, 0.006309304089934626, -0.9999732004632631, -0.005238272296809044], [0.0, 0.0, 0.0, 1.0]]}, "mean_rme": {"type": "float", "data": 0.001612727730191203}, "max_rme": {"type": "float", "data": 0.004445095852208508}, "simu": {"type": "float", "data": 0.002}}, {"type": "dict", "image_number": {"type": "int", "data": 14}, "Hcamera2end": {"type": "ndarray", "data": [[0.9999244587873788, 0.0006631044777996005, -0.012273427036453902, -0.013585275738722355], [0.012276162742205075, -0.0042923658895679395, 0.9999154321358367, 0.034225739155757315], [0.0006103663609108188, -0.9999905678992785, -0.004300182017528353, 0.032193324865750335], [0.0, 0.0, 0.0, 1.0]]}, "Hobj2base": {"type": "ndarray", "data": [[0.9999813837687287, 0.00383902511486605, 0.004742784218783103, -0.7323248604382363], [0.0038746405984632186, -0.9999641938302579, -0.007523178692231605, 0.08387042769470629], [0.0047137327259032125, 0.007541415223281022, -0.9999604531081312, -0.005278711815141327], [0.0, 0.0, 0.0, 1.0]]}, "mean_rme": {"type": "float", "data": 0.0016256738980002124}, "max_rme": {"type": "float", "data": 0.004308015694774542}, "simu": {"type": "float", "data": 0.002}}, {"type": "dict", "image_number": {"type": "int", "data": 15}, "Hcamera2end": {"type": "ndarray", "data": [[0.9998911771695713, 0.0007598092486296223, -0.014732837756342225, -0.01393827981450673], [0.0147362299309622, -0.0046709426829445455, 0.9998805057715018, 0.034291841661514576], [0.0006909022150926522, -0.9999888024294862, -0.004681631101532524, 0.03214324042628209], [0.0, 0.0, 0.0, 1.0]]}, "Hobj2base": {"type": "ndarray", "data": [[0.9999798342175494, 0.004138816619227949, 0.004816778512118999, -0.7321546131431204], [0.004185011339355899, -0.999944967757342, -0.009620142247281326, 0.08253021564550862], [0.004776697429382705, 0.009640106522278008, -0.9999421240791426, -0.005276583194300048], [0.0, 0.0, 0.0, 1.0]]}, "mean_rme": {"type": "float", "data": 0.0016298734388279876}, "max_rme": {"type": "float", "data": 0.004627828272649792}, "simu": {"type": "float", "data": 0.002}}, {"type": "dict", "image_number": {"type": "int", "data": 16}, "Hcamera2end": {"type": "ndarray", "data": [[0.9999452988953748, 0.0016345958625475767, -0.010330891220310456, -0.013433542410558441], [0.010338894118139944, -0.004965685874948056, 0.9999342224527596, 0.034151775268539936], [0.0015831883822326883, -0.9999863349367117, -0.004982314159994283, 0.03192824899505854], [0.0, 0.0, 0.0, 1.0]]}, "Hobj2base": {"type": "ndarray", "data": [[0.9999765632924029, 0.005056506875804082, 0.004615691078257035, -0.732135963464019], [0.005083399679759339, -0.9999700649747869, -0.0058333696964715355, 0.0846039675391511], [0.004586056433448918, 0.005856696384040734, -0.9999723332142014, -0.005309219283931927], [0.0, 0.0, 0.0, 1.0]]}, "mean_rme": {"type": "float", "data": 0.0017564273037414364}, "max_rme": {"type": "float", "data": 0.0051668320680964275}, "simu": {"type": "float", "data": 0.002}}, {"type": "dict", "image_number": {"type": "int", "data": 17}, "Hcamera2end": {"type": "ndarray", "data": [[0.9999372442423149, -1.6033024465520254e-05, -0.011203004955245038, -0.0135325724821935], [0.011202895326215793, -0.0032186295373499707, 0.9999320654725555, 0.03422681278290102], [-5.209025792560738e-05, -0.9999948200700058, -0.003218247933519658, 0.03238173816744911], [0.0, 0.0, 0.0, 1.0]]}, "Hobj2base": {"type": "ndarray", "data": [[0.9999865685261882, 0.0026637704164114216, 0.004446020061569035, -0.7328040710548731], [0.0026941840093970605, -0.9999729178362988, -0.006848720061647014, 0.08456895187781563], [0.004427656235835409, 0.006860606469398198, -0.9999666634139011, -0.005322529119471685], [0.0, 0.0, 0.0, 1.0]]}, "mean_rme": {"type": "float", "data": 0.001786544883817846}, "max_rme": {"type": "float", "data": 0.005436108774538206}, "simu": {"type": "float", "data": 0.002}}, {"type": "dict", "image_number": {"type": "int", "data": 18}, "Hcamera2end": {"type": "ndarray", "data": [[0.9999570331690727, 0.00024151149739648492, -0.009266794909926018, -0.013379937617248552], [0.00926756739090518, -0.0034222453800185626, 0.9999511990248394, 0.0341356708352629], [0.00020978646533182602, -0.9999941149370609, -0.0034243365610577836, 0.03232388145873134], [0.0, 0.0, 0.0, 1.0]]}, "Hobj2base": {"type": "ndarray", "data": [[0.999984970768583, 0.0035614231917273564, 0.004168273240293257, -0.7327899365110582], [0.0035818412159969943, -0.9999815738334772, -0.004901265859542356, 0.0853433375874692], [0.004150740953095421, 0.004916122290175136, -0.9999793013313669, -0.005288160388037789], [0.0, 0.0, 0.0, 1.0]]}, "mean_rme": {"type": "float", "data": 0.0017772507242801094}, "max_rme": {"type": "float", "data": 0.005009695951450566}, "simu": {"type": "float", "data": 0.002}}, {"type": "dict", "image_number": {"type": "int", "data": 19}, "Hcamera2end": {"type": "ndarray", "data": [[0.9999546416527765, 0.0005864204548828552, -0.00950635303980495, -0.013369520048867515], [0.009507467322750193, -0.0019275583175129007, 0.999952945184942, 0.03350353899105298], [0.0005680688111057144, -0.9999979703129316, -0.0019330462599655984, 0.03348525788796384], [0.0, 0.0, 0.0, 1.0]]}, "Hobj2base": {"type": "ndarray", "data": [[0.9999921198577535, 0.0027570229508255863, 0.0028564045310570446, -0.7346775765826701], [0.002772535240544046, -0.99998135381907, -0.005441053438393009, 0.08551308728314054], [0.0028413501608150317, 0.005448930044341549, -0.9999811177670483, -0.004544823668968865], [0.0, 0.0, 0.0, 1.0]]}, "mean_rme": {"type": "float", "data": 0.0017834378412355347}, "max_rme": {"type": "float", "data": 0.005038825475722153}, "simu": {"type": "float", "data": 0.002}}, {"type": "dict", "image_number": {"type": "int", "data": 20}, "Hcamera2end": {"type": "ndarray", "data": [[0.9999559072402923, 0.00047967511191070004, -0.009378352042391989, -0.013284684924276577], [0.009379577927942096, -0.0026206623087299263, 0.999952576698994, 0.03290595173426785], [0.0004550748704179866, -0.9999964510141278, -0.00262504590658863, 0.03262369229729751], [0.0, 0.0, 0.0, 1.0]]}, "Hobj2base": {"type": "ndarray", "data": [[0.9999892627930392, 0.003082255549417857, 0.0034603467112485145, -0.7336286867888702], [0.0031002153467393017, -0.9999816904775125, -0.005196861989719463, 0.08587465734246155], [0.003444265297245219, 0.0052075340099159845, -0.9999805091231018, -0.0040875417422292035], [0.0, 0.0, 0.0, 1.0]]}, "mean_rme": {"type": "float", "data": 0.0017652205818790405}, "max_rme": {"type": "float", "data": 0.004949722423585545}, "simu": {"type": "float", "data": 0.002}}, {"type": "dict", "image_number": {"type": "int", "data": 21}, "Hcamera2end": {"type": "ndarray", "data": [[0.9999504154403743, 0.0012002095320934993, -0.009885654136266393, -0.013218698507726936], [0.009888493963574996, -0.0023836921729749605, 0.9999482665112014, 0.03286483689393859], [0.001176583084677758, -0.9999964387480105, -0.002395442243361412, 0.032540921729720694], [0.0, 0.0, 0.0, 1.0]]}, "Hobj2base": {"type": "ndarray", "data": [[0.9999888295502898, 0.003757376084565267, 0.002867559868724391, -0.7337526620135821], [0.0037737562558435925, -0.9999764720412172, -0.0057283616961787956, 0.0855481970356158], [0.002845968791653031, 0.00573911917979615, -0.9999794812758296, -0.0039062255910861815], [0.0, 0.0, 0.0, 1.0]]}, "mean_rme": {"type": "float", "data": 0.0017343699272161822}, "max_rme": {"type": "float", "data": 0.004952695090800152}, "simu": {"type": "float", "data": 0.002}}, {"type": "dict", "image_number": {"type": "int", "data": 22}, "Hcamera2end": {"type": "ndarray", "data": [[0.9999491458549049, 0.0014961367440185398, -0.009973328375688952, -0.013218140740762599], [0.009976863712033272, -0.002374422749996663, 0.9999474107707245, 0.03236364582674715], [0.0014723771655518574, -0.9999960618379693, -0.0023892287531472878, 0.032912779382470406], [0.0, 0.0, 0.0, 1.0]]}, "Hobj2base": {"type": "ndarray", "data": [[0.9999886754582886, 0.004007576537962486, 0.0025667655658181813, -0.734249504572614], [0.004022934922347442, -0.999973867990863, -0.006006607195706549, 0.08565542332968286], [0.0025426265530066913, 0.006016865104465027, -0.9999786659646932, -0.0034405241203536063], [0.0, 0.0, 0.0, 1.0]]}, "mean_rme": {"type": "float", "data": 0.001713815691808121}, "max_rme": {"type": "float", "data": 0.004926768875377574}, "simu": {"type": "float", "data": 0.002}}, {"type": "dict", "image_number": {"type": "int", "data": 23}, "Hcamera2end": {"type": "ndarray", "data": [[0.9999526883559503, 0.001212366463466316, -0.009651487826551218, -0.013204816597889156], [0.009653598963642991, -0.0017477237366179121, 0.9999518755864154, 0.03199038789619649], [0.0011954399846730718, -0.9999977378120908, -0.0017593447485699798, 0.03282882866264809], [0.0, 0.0, 0.0, 1.0]]}, "Hobj2base": {"type": "ndarray", "data": [[0.999991190252794, 0.0036003412091791544, 0.002157999068055333, -0.7344719429017005], [0.0036131169524744136, -0.9999757960644884, -0.005945811221453678, 0.08607463528426988], [0.0021365398868224555, 0.005953555943376098, -0.9999799949843704, -0.0031007735817442507], [0.0, 0.0, 0.0, 1.0]]}, "mean_rme": {"type": "float", "data": 0.0016875553971649109}, "max_rme": {"type": "float", "data": 0.004898233662488427}, "simu": {"type": "float", "data": 0.002}}, {"type": "dict", "image_number": {"type": "int", "data": 24}, "Hcamera2end": {"type": "ndarray", "data": [[0.9999444792924141, 0.0019954712076817446, -0.01034680758892091, -0.013179564587588502], [0.01035069399110618, -0.0019472184251014824, 0.999944534198926, 0.03210101170326208], [0.0019752130328945638, -0.9999961132099785, -0.001967764825995477, 0.03334802757571101], [0.0, 0.0, 0.0, 1.0]]}, "Hobj2base": {"type": "ndarray", "data": [[0.9999877329920167, 0.004627285558330168, 0.0017669447780962945, -0.7349946034363927], [0.004639419303561849, -0.999965253509651, -0.006925861816817338, 0.08544269491422901], [0.0017348354426026653, 0.006933974454926967, -0.9999744548458456, -0.0030989202293093404], [0.0, 0.0, 0.0, 1.0]]}, "mean_rme": {"type": "float", "data": 0.0017056353962653845}, "max_rme": {"type": "float", "data": 0.005003288632824648}, "simu": {"type": "float", "data": 0.002}}, {"type": "dict", "image_number": {"type": "int", "data": 25}, "Hcamera2end": {"type": "ndarray", "data": [[0.9999481034030239, 0.0021506093918669048, -0.009958181557845336, -0.013178564395679195], [0.009960972571414753, -0.0012909895831596518, 0.9999495549133106, 0.031958761951708874], [0.002137644995531307, -0.9999968541076216, -0.0013123447463576632, 0.033943760998391234], [0.0, 0.0, 0.0, 1.0]]}, "Hobj2base": {"type": "ndarray", "data": [[0.9999890248850368, 0.004528596545871397, 0.001200800898577357, -0.7359055183507404], [0.004536668689732982, -0.9999665409982741, -0.006807019990152865, 0.08561321891880587], [0.0011699344737629354, 0.006812392918165095, -0.9999761109926855, -0.002936524944579], [0.0, 0.0, 0.0, 1.0]]}, "mean_rme": {"type": "float", "data": 0.0017025680102505539}, "max_rme": {"type": "float", "data": 0.004942171116254723}, "simu": {"type": "float", "data": 0.002}}, {"type": "dict", "image_number": {"type": "int", "data": 26}, "Hcamera2end": {"type": "ndarray", "data": [[0.9999515632792433, 0.003064315957456778, -0.009353131192837112, -0.013016913874441902], [0.009356740920487699, -0.0011657771232571612, 0.9999555451934079, 0.031551225638407975], [0.0030532760675081186, -0.9999946254512628, -0.0011943926673485539, 0.03310145918380503], [0.0, 0.0, 0.0, 1.0]]}, "Hobj2base": {"type": "ndarray", "data": [[0.9999863811360781, 0.005195058381109096, 0.0004989095983140063, -0.735294167366107], [0.00519826317204747, -0.9999643583735074, -0.006652822157050747, 0.08601907133902059], [0.00046433001685943496, 0.006655325016562189, -0.9999777452756431, -0.0025199579005865304], [0.0, 0.0, 0.0, 1.0]]}, "mean_rme": {"type": "float", "data": 0.0017490363178377206}, "max_rme": {"type": "float", "data": 0.0064427513419491045}, "simu": {"type": "float", "data": 0.002}}, {"type": "dict", "image_number": {"type": "int", "data": 27}, "Hcamera2end": {"type": "ndarray", "data": [[0.9999558800431281, 0.003139012556097468, -0.008853505935274609, -0.012994221897952208], [0.008858071319182705, -0.0014434935367348967, 0.9999597246384044, 0.03135172612648454], [0.0031261061526367062, -0.9999940314454792, -0.0014712354469559319, 0.03263607208278893], [0.0, 0.0, 0.0, 1.0]]}, "Hobj2base": {"type": "ndarray", "data": [[0.9999861265677769, 0.005226459051882074, 0.0006563518515699578, -0.7347520622791108], [0.005230279500521587, -0.9999685575010329, -0.005960552461818947, 0.08639289793537008], [0.0006251786308592511, 0.005963902672132751, -0.9999820203466645, -0.0023938073996795373], [0.0, 0.0, 0.0, 1.0]]}, "mean_rme": {"type": "float", "data": 0.0017379304396603586}, "max_rme": {"type": "float", "data": 0.006307474165060889}, "simu": {"type": "float", "data": 0.002}}, {"type": "dict", "image_number": {"type": "int", "data": 28}, "Hcamera2end": {"type": "ndarray", "data": [[0.9999626603369985, 0.003660576078873672, -0.007828033886185106, -0.012898484672634216], [0.007832587497418886, -0.0012312831094745125, 0.9999685667634758, 0.03134780608544806], [0.0036508224892155177, -0.9999925420345271, -0.0012599089162068644, 0.03223396565162397], [0.0, 0.0, 0.0, 1.0]]}, "Hobj2base": {"type": "ndarray", "data": [[0.9999840139381625, 0.005642614358962809, 0.000364377986172013, -0.7345079254997461], [0.005644384944200684, -0.9999712874750504, -0.005056198581155587, 0.08679710938982106], [0.000335837345244198, 0.005058174442071553, -0.9999871509597469, -0.002404564524978315], [0.0, 0.0, 0.0, 1.0]]}, "mean_rme": {"type": "float", "data": 0.001731125772181251}, "max_rme": {"type": "float", "data": 0.006073383347245165}, "simu": {"type": "float", "data": 0.002}}, {"type": "dict", "image_number": {"type": "int", "data": 29}, "Hcamera2end": {"type": "ndarray", "data": [[0.9999634067960186, 0.004122685369989541, -0.007495901162660856, -0.012888744515218096], [0.007503525153636992, -0.0018369297693399123, 0.9999701609544615, 0.031081394141295196], [0.004108792908999324, -0.9999898145253096, -0.0018677972235683349, 0.03200461301673376], [0.0, 0.0, 0.0, 1.0]]}, "Hobj2base": {"type": "ndarray", "data": [[0.9999807158597268, 0.006157348963489864, 0.0008092974793304044, -0.7341217948311916], [0.006161172309591442, -0.9999694520144926, -0.004809884988932563, 0.08700406131302728], [0.0007796566165716252, 0.004814778455655611, -0.9999881049512456, -0.002273807401174503], [0.0, 0.0, 0.0, 1.0]]}, "mean_rme": {"type": "float", "data": 0.00170318663851285}, "max_rme": {"type": "float", "data": 0.0059736241497608256}, "simu": {"type": "float", "data": 0.002}}, {"type": "dict", "image_number": {"type": "int", "data": 30}, "Hcamera2end": {"type": "ndarray", "data": [[0.999969327756765, 0.005696618812084543, -0.005375135327917542, -0.012760649031297127], [0.005388353402696818, -0.0023075345991867557, 0.9999828203182699, 0.030768002150755095], [0.005684117635241933, -0.9999811117307082, -0.002338159217284197, 0.03159859304320942], [0.0, 0.0, 0.0, 1.0]]}, "Hobj2base": {"type": "ndarray", "data": [[0.9999723196714542, 0.007425777117476991, 0.00046661021476722484, -0.7337439639755537], [0.007426999248184867, -0.9999688430857172, -0.002674423298536326, 0.08785199823473737], [0.0004467360053000414, 0.0026778147833350237, -0.9999963148606739, -0.0020728380464805703], [0.0, 0.0, 0.0, 1.0]]}, "mean_rme": {"type": "float", "data": 0.0017567847579912867}, "max_rme": {"type": "float", "data": 0.005676674714105212}, "simu": {"type": "float", "data": 0.002}}, {"type": "dict", "image_number": {"type": "int", "data": 31}, "Hcamera2end": {"type": "ndarray", "data": [[0.9999728572223574, 0.005176289555663773, -0.005243171272299786, -0.011437069571538876], [0.005256387869607806, -0.002543001464072381, 0.9999829516197353, 0.03047175705671108], [0.005162867916089228, -0.9999833694467072, -0.0025701410255791757, 0.03147693325665351], [0.0, 0.0, 0.0, 1.0]]}, "Hobj2base": {"type": "ndarray", "data": [[0.9999737092375041, 0.007161396967049633, 0.001138080519115152, -0.7333306212777723], [0.007164452235693228, -0.9999706802372592, -0.0027035698614827734, 0.08917550148423861], [0.0011186858138581219, 0.002711652506089227, -0.9999956977321136, -0.0026560483716395727], [0.0, 0.0, 0.0, 1.0]]}, "mean_rme": {"type": "float", "data": 0.001778421230037478}, "max_rme": {"type": "float", "data": 0.0056702320289035435}, "simu": {"type": "float", "data": 0.002}}]}