{"type": "list", "data": [{"type": "dict", "image_number": {"type": "int", "data": 5}, "Hcamera2end": {"type": "ndarray", "data": [[0.9992492069489651, -0.0016535034927736177, 0.038707729693997585, -0.017196688708474264], [-0.03869440789047436, 0.007445426771275465, 0.9992233526185221, 0.0291593834828948], [-0.0019404148705346735, -0.9999709153502381, 0.007375855457995906, 0.02694911775732947], [0.0, 0.0, 0.0, 1.0]]}, "Hobj2base": {"type": "ndarray", "data": [[0.9999941280752934, -0.0033386147135120946, -0.0007729597197495577, -0.7296124543862853], [-0.003306829079268244, -0.9992721423732842, 0.038003294043373936, 0.10443057123652122], [-0.0008992754717775288, -0.03800051484521434, -0.9992773149507219, -0.00374537779795594], [0.0, 0.0, 0.0, 1.0]]}, "mean_rme": {"type": "float", "data": 0.0020374024643134286}, "max_rme": {"type": "float", "data": 0.0054827738183115815}, "simu": {"type": "float", "data": 0.002}}, {"type": "dict", "image_number": {"type": "int", "data": 6}, "Hcamera2end": {"type": "ndarray", "data": [[0.9987650515682666, -0.0006289164079804933, 0.04967873015677451, -0.016849413278179317], [-0.049666264962516804, 0.013087108885910248, 0.9986801238162704, 0.029621122278342668], [-0.0012782372670675016, -0.9999141623385279, 0.013039711052357683, 0.026929142966062157], [0.0, 0.0, 0.0, 1.0]]}, "Hobj2base": {"type": "ndarray", "data": [[0.9999594327564877, -0.0057297152243023465, -0.006950050702818935, -0.7328428693894812], [-0.005377705021921826, -0.9987521398757446, 0.04965121732967662, 0.11010781532540526], [-0.007225865347524326, -0.049611827794085364, -0.9987424359728139, -0.0046684376301190655], [0.0, 0.0, 0.0, 1.0]]}, "mean_rme": {"type": "float", "data": 0.002045751506996718}, "max_rme": {"type": "float", "data": 0.006364535630038803}, "simu": {"type": "float", "data": 0.002}}, {"type": "dict", "image_number": {"type": "int", "data": 7}, "Hcamera2end": {"type": "ndarray", "data": [[0.9982906526099026, 0.0009195985275906801, 0.058437378878956975, -0.016674761513348457], [-0.058444125690354516, 0.011619992398961498, 0.9982230512009519, 0.029869066182123098], [0.0002389225497027546, -0.9999320627498632, 0.011653874927212593, 0.02682164183557515], [0.0, 0.0, 0.0, 1.0]]}, "Hobj2base": {"type": "ndarray", "data": [[0.9999704247924079, -0.003953376406805391, -0.006596995943400209, -0.7324044484788074], [-0.0035546685750669263, -0.9982284045032106, 0.05939205985901163, 0.11412580189491847], [-0.006820107903292732, -0.05936685319234213, -0.9982129346338018, -0.006261122456137865], [0.0, 0.0, 0.0, 1.0]]}, "mean_rme": {"type": "float", "data": 0.001981068997744414}, "max_rme": {"type": "float", "data": 0.007109386651816346}, "simu": {"type": "float", "data": 0.002}}, {"type": "dict", "image_number": {"type": "int", "data": 8}, "Hcamera2end": {"type": "ndarray", "data": [[0.9987181171597197, -0.0012924002695174977, 0.050600910648798916, -0.016911824947814263], [-0.05059026812956218, 0.0072481877913223025, 0.9986931903964905, 0.029662611125636968], [-0.0016574762512281266, -0.9999728963703393, 0.007173513587603875, 0.026714836044241828], [0.0, 0.0, 0.0, 1.0]]}, "Hobj2base": {"type": "ndarray", "data": [[0.9999930792455776, -0.003223818754640759, -0.0018570012345566964, -0.7300695597709747], [-0.0031242636627664537, -0.998677081356252, 0.05132568704190462, 0.11009834149976848], [-0.0020200092854825527, -0.05131953006795021, -0.9986802418172152, -0.00564785835853969], [0.0, 0.0, 0.0, 1.0]]}, "mean_rme": {"type": "float", "data": 0.00204978140031556}, "max_rme": {"type": "float", "data": 0.0066011163347312884}, "simu": {"type": "float", "data": 0.002}}, {"type": "dict", "image_number": {"type": "int", "data": 9}, "Hcamera2end": {"type": "ndarray", "data": [[0.9987863817249004, -0.00188922569884609, 0.04921579530130786, -0.01692513282728823], [-0.04920523342037399, 0.005280294618835724, 0.9987747311044594, 0.029791838753389643], [-0.0021467847884518616, -0.9999842745338535, 0.005180926565292898, 0.026308952406378216], [0.0, 0.0, 0.0, 1.0]]}, "Hobj2base": {"type": "ndarray", "data": [[0.9999950028580331, -0.003137447996892361, -0.00038817396764533404, -0.7294010300259997], [-0.0031145227692112795, -0.9987815683024643, 0.04925117833301393, 0.10928685802841807], [-0.0005422240149844998, -0.04924972324122312, -0.9987863489023971, -0.0058214377469155264], [0.0, 0.0, 0.0, 1.0]]}, "mean_rme": {"type": "float", "data": 0.0020874959767907568}, "max_rme": {"type": "float", "data": 0.007356776076650251}, "simu": {"type": "float", "data": 0.002}}, {"type": "dict", "image_number": {"type": "int", "data": 10}, "Hcamera2end": {"type": "ndarray", "data": [[0.9988829915092139, -0.0025447858850656015, 0.047183613028283736, -0.01719570440611747], [-0.047178997132281075, 0.001844411174677929, 0.9988847482953233, 0.029577916107315413], [-0.002628973791400299, -0.9999950610939127, 0.001722290505761559, 0.025877399674956864], [0.0, 0.0, 0.0, 1.0]]}, "Hobj2base": {"type": "ndarray", "data": [[0.9999924355015479, -0.0022926404649829344, 0.0031420915615004335, -0.7276195470971543], [-0.0024408738404831723, -0.9988436558204217, 0.048014511995747036, 0.10821513913754674], [0.0030283782091037326, -0.04802181823914224, -0.99884169611527, -0.006305702938097851], [0.0, 0.0, 0.0, 1.0]]}, "mean_rme": {"type": "float", "data": 0.0021019131502264823}, "max_rme": {"type": "float", "data": 0.0075928001808487355}, "simu": {"type": "float", "data": 0.002}}, {"type": "dict", "image_number": {"type": "int", "data": 11}, "Hcamera2end": {"type": "ndarray", "data": [[0.9995507267769826, 0.0011518313070804347, 0.02995025683105039, -0.017446223548489962], [-0.029946871774239228, -0.0028516494344374976, 0.9995474240707342, 0.029158267377453338], [0.0012367176489098044, -0.9999952706788883, -0.002815874520246453, 0.02551051968485399], [0.0, 0.0, 0.0, 1.0]]}, "Hobj2base": {"type": "ndarray", "data": [[0.9999809524453641, 0.0038807730324722546, 0.004799411123544373, -0.7254704676103635], [0.003733469086131644, -0.999532988867448, 0.030329282455893957, 0.09896514776067217], [0.004914870806569049, -0.030310786304167923, -0.9995284389543793, -0.0037279652655413413], [0.0, 0.0, 0.0, 1.0]]}, "mean_rme": {"type": "float", "data": 0.002285469689288712}, "max_rme": {"type": "float", "data": 0.007424520452591898}, "simu": {"type": "float", "data": 0.002}}, {"type": "dict", "image_number": {"type": "int", "data": 12}, "Hcamera2end": {"type": "ndarray", "data": [[0.9997263017142562, 0.0013145484980586694, 0.02335794560705609, -0.01783616643801997], [-0.023354680957284813, -0.002446325063561794, 0.9997242491662724, 0.02922943910776047], [0.0013713271379862044, -0.9999961437205295, -0.0024149546478104966, 0.025698877651077714], [0.0, 0.0, 0.0, 1.0]]}, "Hobj2base": {"type": "ndarray", "data": [[0.9999800451879826, 0.004341515983108506, 0.004589168204456807, -0.7257733869571085], [0.00423039803461362, -0.9997041680921777, 0.02395161855901301, 0.09603593248680801], [0.004691796916866836, -0.023931726600814503, -0.9997025855241126, -0.0023521519203337734], [0.0, 0.0, 0.0, 1.0]]}, "mean_rme": {"type": "float", "data": 0.002279959984536987}, "max_rme": {"type": "float", "data": 0.007529343111191689}, "simu": {"type": "float", "data": 0.002}}, {"type": "dict", "image_number": {"type": "int", "data": 13}, "Hcamera2end": {"type": "ndarray", "data": [[0.9992882393710624, 0.0006178059969844003, 0.03771780707348239, -0.017228450037616215], [-0.03771719455635919, -0.0009747785968330369, 0.9992879780331019, 0.029424800095740392], [0.0006541326165979723, -0.999999334060997, -0.000950782878819556, 0.025753000257147753], [0.0, 0.0, 0.0, 1.0]]}, "Hobj2base": {"type": "ndarray", "data": [[0.9999874681823, 0.0033323651176526445, 0.0037361505692634837, -0.7265603691067675], [0.0031862522967280892, -0.9992552798339474, 0.038454304314089964, 0.10280424206367506], [0.0038615119649110185, -0.03844191809342628, -0.9992533751049542, -0.004739325999304523], [0.0, 0.0, 0.0, 1.0]]}, "mean_rme": {"type": "float", "data": 0.0021969700229318846}, "max_rme": {"type": "float", "data": 0.007936659628050846}, "simu": {"type": "float", "data": 0.002}}, {"type": "dict", "image_number": {"type": "int", "data": 14}, "Hcamera2end": {"type": "ndarray", "data": [[0.9997690293756518, 0.0010464440011556369, 0.021466086187739826, -0.01801146947497269], [-0.02146396375751837, -0.001998938792496796, 0.9997676242525158, 0.0292313874290247], [0.0010891102253524215, -0.9999974545960886, -0.0019760162602409093, 0.025684054451333743], [0.0, 0.0, 0.0, 1.0]]}, "Hobj2base": {"type": "ndarray", "data": [[0.9999795170547526, 0.004671418736728322, 0.004375307752597956, -0.7260797735130131], [0.004571341890311469, -0.9997339011084163, 0.02261039159034975, 0.09520291768530376], [0.004479766094974576, -0.022589927435324328, -0.9997347782658164, -0.001963665094304492], [0.0, 0.0, 0.0, 1.0]]}, "mean_rme": {"type": "float", "data": 0.0021720686942875702}, "max_rme": {"type": "float", "data": 0.007567106892819975}, "simu": {"type": "float", "data": 0.002}}, {"type": "dict", "image_number": {"type": "int", "data": 15}, "Hcamera2end": {"type": "ndarray", "data": [[0.9998050711719056, 0.001405300343646122, 0.019693775409627697, -0.018057958523545983], [-0.019689642902625537, -0.0028962765760685016, 0.9998019451593209, 0.029172652639100027], [0.0014620606375237172, -0.9999948183430446, -0.0028680421463322947, 0.025627900279641104], [0.0, 0.0, 0.0, 1.0]]}, "Hobj2base": {"type": "ndarray", "data": [[0.9999713257138015, 0.005501165713511416, 0.005204318012454306, -0.7256282951418728], [0.0053902621221435425, -0.9997630679097171, 0.02108917063340536, 0.09423241550469218], [0.005319099964924001, -0.021060513278236805, -0.9997640531425505, -0.0017844886015262683], [0.0, 0.0, 0.0, 1.0]]}, "mean_rme": {"type": "float", "data": 0.002076467947233048}, "max_rme": {"type": "float", "data": 0.007380237603989426}, "simu": {"type": "float", "data": 0.002}}, {"type": "dict", "image_number": {"type": "int", "data": 16}, "Hcamera2end": {"type": "ndarray", "data": [[0.9999588505721502, -0.00035591221145569747, 0.009064793926060532, -0.018735017860039723], [-0.009064635152008903, 0.0004452117655411314, 0.9999588162399715, 0.029159010043821522], [-0.00035993330656068027, -0.9999998375564778, 0.0004419672309887712, 0.025710179918247516], [0.0, 0.0, 0.0, 1.0]]}, "Hobj2base": {"type": "ndarray", "data": [[0.9999941988192842, 0.001735021696719362, 0.0029312160428590357, -0.7271305462617406], [0.0017041743961360917, -0.9999434880170666, 0.010493643880441621, 0.09006988487274216], [0.0029492570938382608, -0.010488587701587318, -0.9999406439437393, 0.0005104311988796371], [0.0, 0.0, 0.0, 1.0]]}, "mean_rme": {"type": "float", "data": 0.0021930964115071017}, "max_rme": {"type": "float", "data": 0.007848691793550078}, "simu": {"type": "float", "data": 0.002}}, {"type": "dict", "image_number": {"type": "int", "data": 17}, "Hcamera2end": {"type": "ndarray", "data": [[0.9999759849446418, 0.0002451459174181423, 0.0069259972186512305, -0.01880942695080576], [-0.0069257091365916915, -0.0011571082350194661, 0.9999753475228715, 0.029054796718289914], [0.0002531540023814442, -0.9999993005017612, -0.0011553826376811127, 0.025396178353652633], [0.0, 0.0, 0.0, 1.0]]}, "Hobj2base": {"type": "ndarray", "data": [[0.999987328317948, 0.003047103875008692, 0.004007288548063331, -0.7264167460693869], [0.003013608762237641, -0.999960695597532, 0.00833819059079186, 0.08881905760973367], [0.004032538376841195, -0.008326008532010548, -0.99995720719247, 0.0005150116721460478], [0.0, 0.0, 0.0, 1.0]]}, "mean_rme": {"type": "float", "data": 0.002218415041279719}, "max_rme": {"type": "float", "data": 0.007575747433611391}, "simu": {"type": "float", "data": 0.002}}, {"type": "dict", "image_number": {"type": "int", "data": 18}, "Hcamera2end": {"type": "ndarray", "data": [[0.9999912146562435, -0.0006654806095045588, 0.004138568096469114, -0.01902270415858575], [-0.004139115604143245, -0.0008234635116286526, 0.9999910947752787, 0.02888668788914868], [-0.00066206672343235, -0.9999994395215445, -0.0008262107783938433, 0.025415764633682343], [0.0, 0.0, 0.0, 1.0]]}, "Hobj2base": {"type": "ndarray", "data": [[0.9999871946496909, 0.002018768345276402, 0.004640593820767306, -0.7263090493125598], [0.001993338662580002, -0.999983009227303, 0.005477942833181128, 0.08774385840676417], [0.004651573671081378, -0.00546862241112391, -0.9999742281835602, 0.0008429734009147766], [0.0, 0.0, 0.0, 1.0]]}, "mean_rme": {"type": "float", "data": 0.0021988787905849877}, "max_rme": {"type": "float", "data": 0.007650644477275426}, "simu": {"type": "float", "data": 0.002}}, {"type": "dict", "image_number": {"type": "int", "data": 19}, "Hcamera2end": {"type": "ndarray", "data": [[0.99998098743446, -0.0007549616782704157, 0.006120032881177726, -0.018888171392712757], [-0.006120170018556699, -0.0001794718007472884, 0.9999812554787298, 0.028957119542068033], [-0.0007538491535533619, -0.9999996989113232, -0.00018408888235654786, 0.025521074461975372], [0.0, 0.0, 0.0, 1.0]]}, "Hobj2base": {"type": "ndarray", "data": [[0.9999903016032825, 0.0016078299883112352, 0.0041001929350640036, -0.7266475673448195], [0.0015780342456188003, -0.9999724020094793, 0.007259822815469992, 0.08869528049894718], [0.004111752338810787, -0.007253282161963053, -0.9999652410912008, 0.0006470178823325094], [0.0, 0.0, 0.0, 1.0]]}, "mean_rme": {"type": "float", "data": 0.0021249943922627373}, "max_rme": {"type": "float", "data": 0.007691015076989827}, "simu": {"type": "float", "data": 0.002}}, {"type": "dict", "image_number": {"type": "int", "data": 20}, "Hcamera2end": {"type": "ndarray", "data": [[0.9999808544358805, -0.001171878855547647, 0.006075974130486453, -0.018959790766939547], [-0.006076674604042399, -0.0005951039874276809, 0.9999813597647712, 0.029084979807524093], [-0.0011682411750175603, -0.9999991362752231, -0.0006022137203065547, 0.025016857616298047], [0.0, 0.0, 0.0, 1.0]]}, "Hobj2base": {"type": "ndarray", "data": [[0.9999885667946086, 0.0013911388006757365, 0.004575042393445207, -0.7259096205056037], [0.0013580492632080602, -0.9999729570142719, 0.007227789588240351, 0.08868362806121353], [0.004584973529178376, -0.0072214938184858996, -0.9999634133530919, 0.00046804755692846366], [0.0, 0.0, 0.0, 1.0]]}, "mean_rme": {"type": "float", "data": 0.0020600189148368697}, "max_rme": {"type": "float", "data": 0.007809777726022982}, "simu": {"type": "float", "data": 0.002}}, {"type": "dict", "image_number": {"type": "int", "data": 21}, "Hcamera2end": {"type": "ndarray", "data": [[0.9999844318390074, -0.0012013858508195998, 0.005449105583020731, -0.01905602067329509], [-0.005448473376985149, 0.0005288770036562251, 0.9999850171012441, 0.02871405421748526], [-0.0012042497572103848, -0.9999991384802052, 0.0005223230511901544, 0.026151099176119373], [0.0, 0.0, 0.0, 1.0]]}, "Hobj2base": {"type": "ndarray", "data": [[0.9999934710794376, 0.0008937822481465726, 0.0035012785937459236, -0.7275701244363115], [0.0008698125090097247, -0.9999762180473835, 0.006841547036370142, 0.08871327832966759], [0.0035073101797952777, -0.006838456912534649, -0.9999704667050713, 0.0010101439986760232], [0.0, 0.0, 0.0, 1.0]]}, "mean_rme": {"type": "float", "data": 0.002076712164277782}, "max_rme": {"type": "float", "data": 0.007950064975178861}, "simu": {"type": "float", "data": 0.002}}, {"type": "dict", "image_number": {"type": "int", "data": 22}, "Hcamera2end": {"type": "ndarray", "data": [[0.9999806580253366, -0.0010651111343526849, 0.00612773314417708, -0.01889668841498654], [-0.0061243627658398095, 0.0031393152340686292, 0.9999763181598719, 0.029505038901639115], [-0.0010843227965709047, -0.9999945051039693, 0.003132731386540244, 0.027301626887629986], [0.0, 0.0, 0.0, 1.0]]}, "Hobj2base": {"type": "ndarray", "data": [[0.9999988605071939, -0.00044322729404691575, 0.0014430987075124242, -0.72969828121547], [-0.0004539164358555199, -0.9999724040534126, 0.007415193288662483, 0.08882616879502384], [0.001439772267781402, -0.007415839885324977, -0.9999714657802052, 0.0005895502856677715], [0.0, 0.0, 0.0, 1.0]]}, "mean_rme": {"type": "float", "data": 0.002095595528760826}, "max_rme": {"type": "float", "data": 0.007947065355085714}, "simu": {"type": "float", "data": 0.002}}, {"type": "dict", "image_number": {"type": "int", "data": 23}, "Hcamera2end": {"type": "ndarray", "data": [[0.9999825168508127, -0.0003782159873552027, 0.005901096964194186, -0.0188640738927036], [-0.005899735968231042, 0.00350386259614599, 0.9999764577540877, 0.028355664773939106], [-0.0003988837162304912, -0.9999937899305047, 0.003501569963129114, 0.027258363203865543], [0.0, 0.0, 0.0, 1.0]]}, "Hobj2base": {"type": "ndarray", "data": [[0.9999998025684411, -0.00011989841549893819, 0.0006168366466666128, -0.7300307282392182], [-0.00012427200548627133, -0.9999748209721842, 0.007095208109484679, 0.08921627095941508], [0.0006159704111095661, -0.00709528336419382, -0.999974638445613, 0.0017679926570417432], [0.0, 0.0, 0.0, 1.0]]}, "mean_rme": {"type": "float", "data": 0.0021198136794837005}, "max_rme": {"type": "float", "data": 0.007875877212735805}, "simu": {"type": "float", "data": 0.002}}, {"type": "dict", "image_number": {"type": "int", "data": 24}, "Hcamera2end": {"type": "ndarray", "data": [[0.9999843145885223, 3.716162675393257e-05, 0.0056008210055951005, -0.018849936074136812], [-0.005600901075259073, 0.0027066306336414048, 0.9999806518417035, 0.027682250187881525], [2.2001554037609852e-05, -0.9999963363781023, 0.002706796317621496, 0.027735451690657036], [0.0, 0.0, 0.0, 1.0]]}, "Hobj2base": {"type": "ndarray", "data": [[0.9999993292922764, 0.0008035787430438964, 0.0008340720598463784, -0.7303193088423888], [0.0007979736529310696, -0.9999772439406285, 0.006698868483092288, 0.08921374092655926], [0.0008394361479685242, -0.006698198422581053, -0.9999772144828327, 0.002296510194051552], [0.0, 0.0, 0.0, 1.0]]}, "mean_rme": {"type": "float", "data": 0.0021180003844825665}, "max_rme": {"type": "float", "data": 0.007711181182267324}, "simu": {"type": "float", "data": 0.002}}, {"type": "dict", "image_number": {"type": "int", "data": 25}, "Hcamera2end": {"type": "ndarray", "data": [[0.9999835252977446, -0.0005615095252952578, 0.0057126036225128496, -0.01892010217139745], [-0.00571084375401951, 0.0030873414882827133, 0.9999789270710419, 0.02681058984092677], [-0.0005791344508148206, -0.9999950765026736, 0.0030840839320855906, 0.02752076631208178], [0.0, 0.0, 0.0, 1.0]]}, "Hobj2base": {"type": "ndarray", "data": [[0.9999997228451543, -0.00038600369816667356, 0.0006366402120505591, -0.7303012354932572], [-0.00039036056173932755, -0.999976409789624, 0.006857658702890123, 0.08989028967346561], [0.0006339781119539427, -0.006857905321487585, -0.999976283321937, 0.0030922623351084953], [0.0, 0.0, 0.0, 1.0]]}, "mean_rme": {"type": "float", "data": 0.002138058155280562}, "max_rme": {"type": "float", "data": 0.007933603346437945}, "simu": {"type": "float", "data": 0.002}}, {"type": "dict", "image_number": {"type": "int", "data": 26}, "Hcamera2end": {"type": "ndarray", "data": [[0.999980848495882, -0.0006402022845873913, 0.006155711371618815, -0.01892081590234711], [-0.00615396390561181, 0.0026966140379645065, 0.9999774282457474, 0.027055358722570887], [-0.0006567874117971175, -0.9999961591995068, 0.0026926226119979857, 0.027765301222649], [0.0, 0.0, 0.0, 1.0]]}, "Hobj2base": {"type": "ndarray", "data": [[0.9999992058298407, -0.0005396987674025079, 0.001138887583733334, -0.730312700890503], [-0.0005480759133536681, -0.9999727049580369, 0.007368103670619693, 0.08999645735954066], [0.001134879941279817, -0.007368722015944289, -0.9999722066054493, 0.0026980190253703107], [0.0, 0.0, 0.0, 1.0]]}, "mean_rme": {"type": "float", "data": 0.0020997662853643566}, "max_rme": {"type": "float", "data": 0.007996569000170928}, "simu": {"type": "float", "data": 0.002}}, {"type": "dict", "image_number": {"type": "int", "data": 27}, "Hcamera2end": {"type": "ndarray", "data": [[0.9999771690269752, -0.001044296271165348, 0.0066761418569694485, -0.018888894939379716], [-0.006672106370041014, 0.0038212072830884347, 0.9999704402488537, 0.02645876273727583], [-0.0010697763239142328, -0.9999921538793181, 0.0038141523854049453, 0.027995488186686082], [0.0, 0.0, 0.0, 1.0]]}, "Hobj2base": {"type": "ndarray", "data": [[0.9999984931426675, -0.0017064787514351719, 0.00031881446824998593, -0.7310480544666847], [-0.0017089206712791803, -0.9999679403971973, 0.00782290022475062, 0.09069700960667423], [0.0003054546341766317, -0.00782343326539115, -0.9999693498249875, 0.0033006083234487565], [0.0, 0.0, 0.0, 1.0]]}, "mean_rme": {"type": "float", "data": 0.0020868581178001056}, "max_rme": {"type": "float", "data": 0.008103458137691366}, "simu": {"type": "float", "data": 0.002}}, {"type": "dict", "image_number": {"type": "int", "data": 28}, "Hcamera2end": {"type": "ndarray", "data": [[0.9999627065506809, -0.0018722600140934262, 0.008430904475592693, -0.01887485244833272], [-0.008422279152541049, 0.004567969544497341, 0.9999540983805795, 0.026154728504525045], [-0.0019106861892038787, -0.9999878140740919, 0.0045520304926718325, 0.02807980826879355], [0.0, 0.0, 0.0, 1.0]]}, "Hobj2base": {"type": "ndarray", "data": [[0.999994422054771, -0.003338520366116834, 0.00010070307700796403, -0.7313748352456084], [-0.0033393310785230935, -0.9999486508561244, 0.009567889995418535, 0.0919303132674812], [6.875531038070374e-05, -0.009568172907166939, -0.9999542216221329, 0.0033391416837389243], [0.0, 0.0, 0.0, 1.0]]}, "mean_rme": {"type": "float", "data": 0.0020976604784152843}, "max_rme": {"type": "float", "data": 0.008395614973306487}, "simu": {"type": "float", "data": 0.002}}, {"type": "dict", "image_number": {"type": "int", "data": 29}, "Hcamera2end": {"type": "ndarray", "data": [[0.9999668825973481, -0.0005787342246139152, 0.008117806060670744, -0.018830048744754732], [-0.008116266217058339, 0.002615178243745242, 0.9999636428718032, 0.026735231593384156], [-0.0005999426932963279, -0.9999964129482918, 0.002610394474798383, 0.028295074452594618], [0.0, 0.0, 0.0, 1.0]]}, "Hobj2base": {"type": "ndarray", "data": [[0.9999984685291045, -0.0012922346382682223, 0.0011802834766793313, -0.730788278541212], [-0.0013031997474992883, -0.9999555581975186, 0.009337199810795272, 0.09115109244806519], [0.0011681651697342476, -0.009338723656274302, -0.9999557108345387, 0.0026161851563281523], [0.0, 0.0, 0.0, 1.0]]}, "mean_rme": {"type": "float", "data": 0.002112541968138086}, "max_rme": {"type": "float", "data": 0.008151197211823225}, "simu": {"type": "float", "data": 0.002}}, {"type": "dict", "image_number": {"type": "int", "data": 30}, "Hcamera2end": {"type": "ndarray", "data": [[0.9999777401536175, -0.0008077824698684501, 0.006623192941899822, -0.018926683152078433], [-0.0066216227564810624, 0.0019312484379115924, 0.9999762119128344, 0.026549345591938715], [-0.0008205542852916764, -0.9999978088810757, 0.001925856617833288, 0.029201052099243986], [0.0, 0.0, 0.0, 1.0]]}, "Hobj2base": {"type": "ndarray", "data": [[0.999997751934076, -0.0010185207277598855, 0.0018597694269302208, -0.7314160660770075], [-0.001033492470853237, -0.9999669256514261, 0.00806718640841908, 0.09048029645374575], [0.0018514913196962495, -0.008069090330552468, -0.9999657302933589, 0.002834822905905589], [0.0, 0.0, 0.0, 1.0]]}, "mean_rme": {"type": "float", "data": 0.0021215655568418653}, "max_rme": {"type": "float", "data": 0.008084591263411212}, "simu": {"type": "float", "data": 0.002}}, {"type": "dict", "image_number": {"type": "int", "data": 31}, "Hcamera2end": {"type": "ndarray", "data": [[0.9999880302435715, -0.0016518844465388952, 0.0046055018572568815, -0.019131043822485816], [-0.004603803826019276, 0.0010302695632866676, 0.9999888717055598, 0.0264210662661353], [-0.001656610972269585, -0.9999981049094055, 0.001022652279275782, 0.029773156495466965], [0.0, 0.0, 0.0, 1.0]]}, "Hobj2base": {"type": "ndarray", "data": [[0.9999950967744264, -0.0010181727873236357, 0.002961376585410027, -0.7315705764239205], [-0.001036019009662986, -0.9999812763828562, 0.0060310486919819654, 0.08962619011757823], [0.0029551804880714235, -0.006034087162827039, -0.9999774280954514, 0.0029929211177096016], [0.0, 0.0, 0.0, 1.0]]}, "mean_rme": {"type": "float", "data": 0.002138947022628138}, "max_rme": {"type": "float", "data": 0.008129785114170618}, "simu": {"type": "float", "data": 0.002}}]}