{"type": "list", "data": [{"type": "dict", "image_number": {"type": "int", "data": 5}, "Hcamera2end": {"type": "ndarray", "data": [[0.9998947688114823, -0.00163034912280988, -0.014415036079385494, -0.018285759429906838], [0.014431503675895282, 0.010585362402727005, 0.999839828074705, 0.03271266068928377], [-0.0014774996057032941, -0.9999426443874373, 0.010607776881819353, 0.02429444412182306], [0.0, 0.0, 0.0, 1.0]]}, "Hobj2base": {"type": "ndarray", "data": [[0.9999885100496434, -0.0023919569684525367, -0.004154312284278984, -0.7289699500133228], [-0.0024575862656362373, -0.9998711182302376, -0.015865282813769047, 0.08077588847511444], [-0.004115827795376776, 0.015875310103270132, -0.9998655082013197, -0.003270576330188524], [0.0, 0.0, 0.0, 1.0]]}, "mean_rme": {"type": "float", "data": 0.0008510970436487015}, "max_rme": {"type": "float", "data": 0.005059040394809922}, "simu": {"type": "float", "data": 0.002}}, {"type": "dict", "image_number": {"type": "int", "data": 6}, "Hcamera2end": {"type": "ndarray", "data": [[0.9996094169042637, -0.0017720399758626368, -0.02789038383819383, -0.01867984618314511], [0.027898965002262258, 0.005017921060107455, 0.9995981533696615, 0.03256691982178386], [-0.0016313761431333527, -0.9999858400710276, 0.005065399226234946, 0.02428159766422757], [0.0, 0.0, 0.0, 1.0]]}, "Hobj2base": {"type": "ndarray", "data": [[0.999995161126585, -0.0024754691399999818, 0.0018840849110721585, -0.7257236592216519], [-0.00242104372345681, -0.9995948202080234, -0.02836078208687716, 0.07361279121039781], [0.0019535277587821517, 0.02835608340069428, -0.9995959765142461, -0.005143155010044596], [0.0, 0.0, 0.0, 1.0]]}, "mean_rme": {"type": "float", "data": 0.00138633768008968}, "max_rme": {"type": "float", "data": 0.004354279381236559}, "simu": {"type": "float", "data": 0.002}}, {"type": "dict", "image_number": {"type": "int", "data": 7}, "Hcamera2end": {"type": "ndarray", "data": [[0.9996612278215017, -0.001643379209699156, -0.025975544174872238, -0.018637966284240824], [0.02598593470108055, 0.006653409132834853, 0.9996401669323928, 0.03263752969174337], [-0.001469961944673439, -0.99997651545008, 0.0066938598877608335, 0.024212138623110214], [0.0, 0.0, 0.0, 1.0]]}, "Hobj2base": {"type": "ndarray", "data": [[0.9999944250187596, -0.0033389539788206404, 3.630051963611039e-05, -0.7266817433131694], [-0.0033367825346024404, -0.999635396134174, -0.026794415052205152, 0.07474360377890106], [0.00012575260307505162, 0.026794144546903972, -0.9996409645489137, -0.00471889177654093], [0.0, 0.0, 0.0, 1.0]]}, "mean_rme": {"type": "float", "data": 0.0013244644408094911}, "max_rme": {"type": "float", "data": 0.004576397184903269}, "simu": {"type": "float", "data": 0.002}}, {"type": "dict", "image_number": {"type": "int", "data": 8}, "Hcamera2end": {"type": "ndarray", "data": [[0.9998118463634521, -0.0012836688439443918, -0.01935520771275564, -0.018408594586183474], [0.01937749085630829, 0.020527466883495937, 0.9996014885700505, 0.0322542360210218], [-0.0008858439018910348, -0.9997884652753531, 0.02054847884723876, 0.024965454297037983], [0.0, 0.0, 0.0, 1.0]]}, "Hobj2base": {"type": "ndarray", "data": [[0.9998991130908453, -0.002587144342958385, -0.013966757830275189, -0.7337667056972542], [-0.0028552961917188233, -0.9998113243278559, -0.01921361573042244, 0.07825664110858327], [-0.013914414245609151, 0.01925155655856116, -0.9997178435169964, -0.002334339352446514], [0.0, 0.0, 0.0, 1.0]]}, "mean_rme": {"type": "float", "data": 0.001472092124219829}, "max_rme": {"type": "float", "data": 0.004537892632672624}, "simu": {"type": "float", "data": 0.002}}, {"type": "dict", "image_number": {"type": "int", "data": 9}, "Hcamera2end": {"type": "ndarray", "data": [[0.9998936168458147, -0.0020446406740367625, -0.01444210633907906, -0.018214724938315257], [0.014474692122583137, 0.016937368208415626, 0.9997517736148953, 0.03208218837245153], [-0.0017995218675033323, -0.9998544619106755, 0.01696516190202002, 0.024705196789177316], [0.0, 0.0, 0.0, 1.0]]}, "Hobj2base": {"type": "ndarray", "data": [[0.9999310922247852, -0.0033972347383681265, -0.011236974605320405, -0.7318328885581435], [-0.0035530543318370842, -0.9998974121677575, -0.013875912407360623, 0.08100204182305958], [-0.011188682096797842, 0.013914881830405732, -0.9998405820212455, -0.002581606361955856], [0.0, 0.0, 0.0, 1.0]]}, "mean_rme": {"type": "float", "data": 0.0014711555872142913}, "max_rme": {"type": "float", "data": 0.004547702442464885}, "simu": {"type": "float", "data": 0.002}}, {"type": "dict", "image_number": {"type": "int", "data": 10}, "Hcamera2end": {"type": "ndarray", "data": [[0.999929057198366, -0.0028078305336948885, -0.011575692552975487, -0.018125256978344245], [0.011619973612501923, 0.016303272331345764, 0.99979956967611, 0.032079347838148406], [-0.002618546091196502, -0.9998631503355766, 0.016334742648240752, 0.024800231787245844], [0.0, 0.0, 0.0, 1.0]]}, "Hobj2base": {"type": "ndarray", "data": [[0.9999389949899158, -0.004148909402963804, -0.01023683785762193, -0.7312801696023995], [-0.0042591612687927945, -0.9999329104067916, -0.010771918616923082, 0.08261455667131887], [-0.010191459357896608, 0.010814861819237324, -0.9998895803637453, -0.0024930075278694398], [0.0, 0.0, 0.0, 1.0]]}, "mean_rme": {"type": "float", "data": 0.0015273007526934038}, "max_rme": {"type": "float", "data": 0.004730370685724128}, "simu": {"type": "float", "data": 0.002}}, {"type": "dict", "image_number": {"type": "int", "data": 11}, "Hcamera2end": {"type": "ndarray", "data": [[0.9997540890060896, -0.00256932663903027, -0.022026349589200307, -0.018639707259644978], [0.022067310005098657, 0.017183689878219832, 0.999608800797246, 0.03229153117721536], [-0.0021898275600073912, -0.999849048288186, 0.017236162347410655, 0.024849465319851008], [0.0, 0.0, 0.0, 1.0]]}, "Hobj2base": {"type": "ndarray", "data": [[0.9999293035232832, -0.003465231273076695, -0.011374538569354468, -0.7318448830144274], [-0.0037101260551169286, -0.9997602390713367, -0.02158006804156077, 0.07706848166632317], [-0.011297031472771226, 0.02162074337869402, -0.9997024159897063, -0.0028483477675747297], [0.0, 0.0, 0.0, 1.0]]}, "mean_rme": {"type": "float", "data": 0.0016034229211571373}, "max_rme": {"type": "float", "data": 0.004843321975567139}, "simu": {"type": "float", "data": 0.002}}, {"type": "dict", "image_number": {"type": "int", "data": 12}, "Hcamera2end": {"type": "ndarray", "data": [[0.9998442623745468, -0.0030558278002987783, -0.017381395604303795, -0.018232240484352524], [0.01743234663405485, 0.017522713757974318, 0.9996944872276663, 0.03218299865006037], [-0.0027503249859874047, -0.9998417956952046, 0.017573255061610893, 0.02477528167047305], [0.0, 0.0, 0.0, 1.0]]}, "Hobj2base": {"type": "ndarray", "data": [[0.9999246596081016, -0.00372222392136007, -0.011697014862833754, -0.7320435469090132], [-0.003923241166042047, -0.999844205875507, -0.017209652986902593, 0.07935935593285671], [-0.011631134354617864, 0.0172542466151318, -0.9997834804033165, -0.0026654026018419577], [0.0, 0.0, 0.0, 1.0]]}, "mean_rme": {"type": "float", "data": 0.0016199700125050604}, "max_rme": {"type": "float", "data": 0.00466224261641357}, "simu": {"type": "float", "data": 0.002}}, {"type": "dict", "image_number": {"type": "int", "data": 13}, "Hcamera2end": {"type": "ndarray", "data": [[0.9999409630231276, -0.004043825813435589, -0.010085531278552353, -0.01790986445939416], [0.010157391401184383, 0.018162105174791332, 0.9997834592228172, 0.03211391524245781], [-0.003859775680426443, -0.9998268777185428, 0.018202107660553524, 0.02472802997132827], [0.0, 0.0, 0.0, 1.0]]}, "Hobj2base": {"type": "ndarray", "data": [[0.999904512023917, -0.00464521760391602, -0.013014944779937145, -0.7323259088770082], [-0.004767703083429595, -0.9999444908060164, -0.009395973286736909, 0.08328615130765349], [-0.012970575990325193, 0.009457127476622399, -0.9998711551486874, -0.0020054180815488173], [0.0, 0.0, 0.0, 1.0]]}, "mean_rme": {"type": "float", "data": 0.001647630583940985}, "max_rme": {"type": "float", "data": 0.004486818627593286}, "simu": {"type": "float", "data": 0.002}}, {"type": "dict", "image_number": {"type": "int", "data": 14}, "Hcamera2end": {"type": "ndarray", "data": [[0.9999908867078462, -0.004174658237222324, -0.0008937168779035412, -0.017296501802126364], [0.0009692064292569236, 0.018115926934459403, 0.9998354233723683, 0.03206068733820197], [-0.004157780676387933, -0.9998271777761933, 0.018119807944328103, 0.024736454926899996], [0.0, 0.0, 0.0, 1.0]]}, "Hobj2base": {"type": "ndarray", "data": [[0.9999057639245572, -0.004465226858049906, -0.01298171866718254, -0.7323149290653894], [-0.004469566551947827, -0.9999899648332558, -0.00030529923539537624, 0.08785704951249193], [-0.012980225163125447, 0.0003632931207352327, -0.9999156873320991, -0.0014803193090147976], [0.0, 0.0, 0.0, 1.0]]}, "mean_rme": {"type": "float", "data": 0.0016230765128184878}, "max_rme": {"type": "float", "data": 0.004745510641540496}, "simu": {"type": "float", "data": 0.002}}, {"type": "dict", "image_number": {"type": "int", "data": 15}, "Hcamera2end": {"type": "ndarray", "data": [[0.9999930103855357, -0.001684216763821745, -0.0033380524211422003, -0.01744593231726975], [0.0033658805404661544, 0.016799853856259372, 0.999853207105221, 0.032072578699417646], [-0.0016278907399278257, -0.9998574540024697, 0.01680540530418917, 0.02483072133425976], [0.0, 0.0, 0.0, 1.0]]}, "Hobj2base": {"type": "ndarray", "data": [[0.9999322978388497, -0.001997305107454153, -0.01146344237241451, -0.731799692097715], [-0.00203295035309912, -0.999993132681547, -0.003098661422004464, 0.08631644449702856], [-0.011457174677020728, 0.0031217562451482527, -0.9999294914074526, -0.001891654185942926], [0.0, 0.0, 0.0, 1.0]]}, "mean_rme": {"type": "float", "data": 0.0016625025148287627}, "max_rme": {"type": "float", "data": 0.004646580967211156}, "simu": {"type": "float", "data": 0.002}}, {"type": "dict", "image_number": {"type": "int", "data": 16}, "Hcamera2end": {"type": "ndarray", "data": [[0.9999945247428532, -0.0011597848438975116, -0.0030992553026451815, -0.01732932824585439], [0.003119150173490309, 0.01756445089779035, 0.9998408678219023, 0.03212200096818015], [-0.0011051635672261494, -0.99984506047876, 0.01756797227100204, 0.024839239091673997], [0.0, 0.0, 0.0, 1.0]]}, "Hobj2base": {"type": "ndarray", "data": [[0.9999195069711508, -0.0016225749437629971, -0.012583593648972966, -0.7322742538453993], [-0.001661282299387663, -0.9999939193374949, -0.0030661750043387364, 0.08626589235805025], [-0.012578542033651656, 0.0030868331000173817, -0.9999161223531303, -0.0017029545011799478], [0.0, 0.0, 0.0, 1.0]]}, "mean_rme": {"type": "float", "data": 0.001676807472672597}, "max_rme": {"type": "float", "data": 0.004597793128088279}, "simu": {"type": "float", "data": 0.002}}, {"type": "dict", "image_number": {"type": "int", "data": 17}, "Hcamera2end": {"type": "ndarray", "data": [[0.9999957142989151, -0.0020052059233745547, -0.0021331978359982197, -0.017303071986404826], [0.0021669826669713696, 0.017000163477611907, 0.9998531385297821, 0.0321617026160719], [-0.0019686467239425002, -0.9998534760608374, 0.01700443586647249, 0.02485682715132915], [0.0, 0.0, 0.0, 1.0]]}, "Hobj2base": {"type": "ndarray", "data": [[0.9999283838733015, -0.0024669846586269206, -0.011710726331935432, -0.7318376518145869], [-0.002490888461846431, -0.9999948432739072, -0.002027042245472052, 0.08688452405103468], [-0.01170566526080542, 0.0020560671896578363, -0.9999293725001352, -0.001716489459463184], [0.0, 0.0, 0.0, 1.0]]}, "mean_rme": {"type": "float", "data": 0.0016713623577687886}, "max_rme": {"type": "float", "data": 0.0048052870475155385}, "simu": {"type": "float", "data": 0.002}}, {"type": "dict", "image_number": {"type": "int", "data": 18}, "Hcamera2end": {"type": "ndarray", "data": [[0.9999998099139675, -0.000615939158955178, -2.8124389266809084e-05, -0.01713302852526203], [3.9422675692901156e-05, 0.01835086256679086, 0.9998316079665152, 0.03223985947250557], [-0.0006153193329054886, -0.9998314190212304, 0.018350883360517822, 0.024902151384526155], [0.0, 0.0, 0.0, 1.0]]}, "Hobj2base": {"type": "ndarray", "data": [[0.9999109700155785, -0.0011357650465694605, -0.013295190117632163, -0.7327415008576529], [-0.0011372335440878274, -0.9999993480561737, -0.00010289360863291202, 0.08769142644349626], [-0.013295064586950841, 0.00011800418419333465, -0.9999116097599039, -0.0012876771599426543], [0.0, 0.0, 0.0, 1.0]]}, "mean_rme": {"type": "float", "data": 0.0016856856613170308}, "max_rme": {"type": "float", "data": 0.004786236266735411}, "simu": {"type": "float", "data": 0.002}}, {"type": "dict", "image_number": {"type": "int", "data": 19}, "Hcamera2end": {"type": "ndarray", "data": [[0.9999994166286966, -0.0004203328432772237, 0.000995018877825561, -0.016993660985606673], [-0.0009870247823966706, 0.018608801057713675, 0.9998263540761831, 0.03228393007430726], [-0.0004387759625384676, -0.9998267529144713, 0.018608375322939907, 0.02491836721373343], [0.0, 0.0, 0.0, 1.0]]}, "Hobj2base": {"type": "ndarray", "data": [[0.9999035288290865, -0.0010288461525572916, -0.01385187751659055, -0.7328882298205535], [-0.0010178341229775702, -0.999999160395717, 0.0008020109470661027, 0.08810157827789715], [-0.013852691032372057, -0.000787834662527262, -0.9999037365005226, -0.0011215201377912888], [0.0, 0.0, 0.0, 1.0]]}, "mean_rme": {"type": "float", "data": 0.0016741510404832977}, "max_rme": {"type": "float", "data": 0.004806253532366633}, "simu": {"type": "float", "data": 0.002}}, {"type": "dict", "image_number": {"type": "int", "data": 20}, "Hcamera2end": {"type": "ndarray", "data": [[0.9999996570021416, -0.0002680607019163372, 0.0007836702491752685, -0.016982714624690465], [-0.0007783829255297173, 0.019186324095291418, 0.9998156225463432, 0.03185975826407589], [-0.0002830470289512069, -0.999815889607267, 0.019186108860549944, 0.025180790417285947], [0.0, 0.0, 0.0, 1.0]]}, "Hobj2base": {"type": "ndarray", "data": [[0.9998929230209964, -0.0010822225065434288, -0.014593535794115035, -0.7334543534907683], [-0.0010737022110649502, -0.9999992485491136, 0.0005916627164480071, 0.08798407639869013], [-0.01459416513849765, -0.0005759302513423441, -0.9998933336352713, -0.000632779545068865], [0.0, 0.0, 0.0, 1.0]]}, "mean_rme": {"type": "float", "data": 0.0016274751173873}, "max_rme": {"type": "float", "data": 0.0046771320180911125}, "simu": {"type": "float", "data": 0.002}}, {"type": "dict", "image_number": {"type": "int", "data": 21}, "Hcamera2end": {"type": "ndarray", "data": [[0.9999996210566771, -0.0002824369188107294, 0.0008234779226454297, -0.017012721318698094], [-0.0008170235275222187, 0.022138089793737548, 0.9997545886130454, 0.031239078345580578], [-0.0003005978337694419, -0.9997548825635567, 0.02213785064704854, 0.026481789066998593], [0.0, 0.0, 0.0, 1.0]]}, "Hobj2base": {"type": "ndarray", "data": [[0.9998430310071033, -0.000811727717858869, -0.017698995582826886, -0.7361053941556481], [-0.0008007032571811511, -0.9999994810098718, 0.0006299637135201711, 0.08802498343247557], [-0.017699497756230413, -0.0006156931853384941, -0.9998431620514678, 0.0003178623190010023], [0.0, 0.0, 0.0, 1.0]]}, "mean_rme": {"type": "float", "data": 0.0016399211779947623}, "max_rme": {"type": "float", "data": 0.004417765938885682}, "simu": {"type": "float", "data": 0.002}}, {"type": "dict", "image_number": {"type": "int", "data": 22}, "Hcamera2end": {"type": "ndarray", "data": [[0.9999997165696434, 0.0007509119148387678, 5.469852911034034e-05, -0.016996475270813858], [-7.13171138047801e-05, 0.022149046975185382, 0.9997546772243479, 0.030200855980425167], [0.000749516178752811, -0.9997543977644644, 0.022149094250343504, 0.027129292511884187], [0.0, 0.0, 0.0, 1.0]]}, "Hobj2base": {"type": "ndarray", "data": [[0.9998378003082311, 0.00023606485482522538, -0.018008813069775156, -0.7370034937337703], [0.00022908625621434394, -0.9999998978765043, -0.00038957216092349884, 0.0874515233117652], [-0.01800890319494782, 0.0003853834008740566, -0.9998377522805135, 0.0012665411082061788], [0.0, 0.0, 0.0, 1.0]]}, "mean_rme": {"type": "float", "data": 0.0017070198341563715}, "max_rme": {"type": "float", "data": 0.004698394937340075}, "simu": {"type": "float", "data": 0.002}}, {"type": "dict", "image_number": {"type": "int", "data": 23}, "Hcamera2end": {"type": "ndarray", "data": [[0.9999996005976077, 0.0008712206132069254, -0.0001994474068769758, -0.017011662919342217], [0.00018209913951964824, 0.01986749390550413, 0.9998026052805715, 0.029543525074427843], [0.0008750111589990179, -0.9998022422762203, 0.019867327321855477, 0.028180641265029692], [0.0, 0.0, 0.0, 1.0]]}, "Hobj2base": {"type": "ndarray", "data": [[0.9998679588394729, 0.0002440860530148556, -0.016248240156545826, -0.7372070558834577], [0.0002363681794395346, -0.9999998583404903, -0.0004769162230663712, 0.08732554509181062], [-0.01624835426342659, 0.0004730126835499042, -0.999867874892844, 0.0015800045143606624], [0.0, 0.0, 0.0, 1.0]]}, "mean_rme": {"type": "float", "data": 0.0017245952921459793}, "max_rme": {"type": "float", "data": 0.0048225992570285064}, "simu": {"type": "float", "data": 0.002}}, {"type": "dict", "image_number": {"type": "int", "data": 24}, "Hcamera2end": {"type": "ndarray", "data": [[0.9999995286303616, 0.0002778516809791813, 0.0009303426777805138, -0.017001016597876017], [-0.0009357621844284038, 0.02018724968504748, 0.9997957787964937, 0.029422847152279726], [0.0002590138778454847, -0.9997961781026155, 0.020187500172486827, 0.029605691777800473], [0.0, 0.0, 0.0, 1.0]]}, "Hobj2base": {"type": "ndarray", "data": [[0.9998565570279564, -0.00039974423161096874, -0.016932382370778598, -0.7387294697593377], [-0.000387972145795527, -0.999999680773564, 0.0006985201388193357, 0.08804770752605595], [-0.016932656194910675, -0.0006918506482927698, -0.9998563929369386, 0.0017575558525650843], [0.0, 0.0, 0.0, 1.0]]}, "mean_rme": {"type": "float", "data": 0.001772877228611336}, "max_rme": {"type": "float", "data": 0.00536931123873069}, "simu": {"type": "float", "data": 0.002}}, {"type": "dict", "image_number": {"type": "int", "data": 25}, "Hcamera2end": {"type": "ndarray", "data": [[0.999997736149638, 0.0004564879629663913, 0.0020782960180247122, -0.016954292808096714], [-0.002087006789670067, 0.019991602076085302, 0.9997979697164281, 0.02986588605448052], [0.0004148472715851232, -0.999800043741333, 0.019992509511567724, 0.030617945794017717], [0.0, 0.0, 0.0, 1.0]]}, "Hobj2base": {"type": "ndarray", "data": [[0.9998595452089586, -0.000524518124798122, -0.016751559189260943, -0.739562640928279], [-0.0004906318182834931, -0.999997825434636, 0.0020269204270229684, 0.08867563301386093], [-0.01675258591840204, -0.002018416888393823, -0.9998576282943039, 0.0013055138522360332], [0.0, 0.0, 0.0, 1.0]]}, "mean_rme": {"type": "float", "data": 0.0018174360930581033}, "max_rme": {"type": "float", "data": 0.004958493465588021}, "simu": {"type": "float", "data": 0.002}}, {"type": "dict", "image_number": {"type": "int", "data": 26}, "Hcamera2end": {"type": "ndarray", "data": [[0.9999991291190954, 0.0009245063938425199, 0.0009418327763679038, -0.017067013423299894], [-0.0009596035258953378, 0.01941343405501872, 0.9998110810244425, 0.030422905681020337], [0.0009060475285468254, -0.9998111140941168, 0.01941430430782498, 0.03004748608465894], [0.0, 0.0, 0.0, 1.0]]}, "Hobj2base": {"type": "ndarray", "data": [[0.99987054432281, -9.824759692874963e-05, -0.01608990189582968, -0.738688070240011], [-8.544215541791649e-05, -0.9999996791008658, 0.0007965537042010441, 0.08808583171495944], [-0.016089974992081358, -0.000795075829903406, -0.9998702318597046, 0.0006212483304095262], [0.0, 0.0, 0.0, 1.0]]}, "mean_rme": {"type": "float", "data": 0.0018363966795097958}, "max_rme": {"type": "float", "data": 0.005213835713627379}, "simu": {"type": "float", "data": 0.002}}, {"type": "dict", "image_number": {"type": "int", "data": 27}, "Hcamera2end": {"type": "ndarray", "data": [[0.9999994996756341, -0.0003025113765782398, 0.0009534858931842349, -0.01711463478330276], [-0.0009473358946421118, 0.019717221354241476, 0.9998051478847118, 0.030061824228497555], [-0.00032125252401067486, -0.9998055509292468, 0.01971692490934962, 0.02981273482006112], [0.0, 0.0, 0.0, 1.0]]}, "Hobj2base": {"type": "ndarray", "data": [[0.9998595873685309, -0.0013353912360620295, -0.016703959934037883, -0.7385561565793024], [-0.0013187427791828508, -0.9999986227760786, 0.0010076524343177976, 0.08830092202840507], [-0.016705282539174467, -0.0009854827206411166, -0.999859971375539, 0.0010980893770529214], [0.0, 0.0, 0.0, 1.0]]}, "mean_rme": {"type": "float", "data": 0.0018404354921388918}, "max_rme": {"type": "float", "data": 0.0051996228600620364}, "simu": {"type": "float", "data": 0.002}}, {"type": "dict", "image_number": {"type": "int", "data": 28}, "Hcamera2end": {"type": "ndarray", "data": [[0.9999984575821752, 0.00016938700715104647, 0.0017481822880927957, -0.016988164129840205], [-0.001751143257453805, 0.019428390508682503, 0.9998097174660455, 0.030275137421361387], [0.00013539040758867808, -0.9998112366593425, 0.019428657162902097, 0.028925154240622322], [0.0, 0.0, 0.0, 1.0]]}, "Hobj2base": {"type": "ndarray", "data": [[0.999868175325121, -0.0007266440984304551, -0.016220479658980786, -0.7375652718831371], [-0.0006997338627670967, -0.9999983696682857, 0.0016646420912991334, 0.08852179324288292], [-0.016221662816570014, -0.001653072631508944, -0.9998670536658065, 0.0009343144458211791], [0.0, 0.0, 0.0, 1.0]]}, "mean_rme": {"type": "float", "data": 0.0018898842777270726}, "max_rme": {"type": "float", "data": 0.005515838425764252}, "simu": {"type": "float", "data": 0.002}}, {"type": "dict", "image_number": {"type": "int", "data": 29}, "Hcamera2end": {"type": "ndarray", "data": [[0.9999994162176019, -0.0004824191282326107, 0.0009668692983694654, -0.0169846023145858], [-0.0009575097072696385, 0.0190383530994378, 0.9998182956349727, 0.030887610973648432], [-0.0005007390696746016, -0.9998186377453894, 0.019037880064184054, 0.029419498479329616], [0.0, 0.0, 0.0, 1.0]]}, "Hobj2base": {"type": "ndarray", "data": [[0.9998784561540142, -0.0013469730309186281, -0.015532500852059022, -0.737748244100632], [-0.001332028671846255, -0.9999986400289826, 0.0009724401279416365, 0.0881673568409012], [-0.015533789578934556, -0.0009516321973480766, -0.9998788905549905, 0.00014342194900613794], [0.0, 0.0, 0.0, 1.0]]}, "mean_rme": {"type": "float", "data": 0.0019376532604278205}, "max_rme": {"type": "float", "data": 0.005384559574107384}, "simu": {"type": "float", "data": 0.002}}, {"type": "dict", "image_number": {"type": "int", "data": 30}, "Hcamera2end": {"type": "ndarray", "data": [[0.999999870304809, 0.0004100864345272918, -0.0003020256303338897, -0.017060445334278307], [0.0002940253069159065, 0.019370743864652873, 0.9998123263049165, 0.030447920591260478], [0.00041585993321657853, -0.9998122854372445, 0.019370620776570813, 0.029831406085817413], [0.0, 0.0, 0.0, 1.0]]}, "Hobj2base": {"type": "ndarray", "data": [[0.9998693148821444, -0.0004934537527951663, -0.016158887972418094, -0.7384278219388888], [-0.0004970898169484245, -0.9999998520295152, -0.0002210037556193147, 0.08742951315982851], [-0.016158776526247025, 0.00022900729238176448, -0.9998694122218328, 0.0005565388523412688], [0.0, 0.0, 0.0, 1.0]]}, "mean_rme": {"type": "float", "data": 0.001954343026417296}, "max_rme": {"type": "float", "data": 0.0052784416506824194}, "simu": {"type": "float", "data": 0.002}}, {"type": "dict", "image_number": {"type": "int", "data": 31}, "Hcamera2end": {"type": "ndarray", "data": [[0.999999632131657, 0.000837676038969222, -0.00018448686773054495, -0.016628706065333648], [0.0001679452856473517, 0.01970430407359891, 0.999805837248091, 0.02996576349504519], [0.000841148578823636, -0.9998055004348742, 0.019704156141267526, 0.02976064058856268], [0.0, 0.0, 0.0, 1.0]]}, "Hobj2base": {"type": "ndarray", "data": [[0.9998605665603605, 7.984817424554921e-05, -0.01669853472206309, -0.7385160005435045], [7.950042638383764e-05, -0.9999999966089554, -2.148886802458391e-05, 0.08793579774466141], [-0.01669853638128449, 2.015833112741195e-05, -0.9998605695177527, 0.0010926066225718126], [0.0, 0.0, 0.0, 1.0]]}, "mean_rme": {"type": "float", "data": 0.0019376637514578832}, "max_rme": {"type": "float", "data": 0.0052576681683723925}, "simu": {"type": "float", "data": 0.002}}]}