{"type": "list", "data": [{"type": "dict", "image_number": {"type": "int", "data": 5}, "Hcamera2end": {"type": "ndarray", "data": [[0.999997852779746, -0.001712571588685176, -0.0011668480839786737, -0.014506347009487984], [0.001143473916323464, -0.013586676568107858, 0.9999070430231185, 0.030744073465778364], [-0.0017282659807287331, -0.9999062302628119, -0.013584689113579351, 0.02966480939578779], [0.0, 0.0, 0.0, 1.0]]}, "Hobj2base": {"type": "ndarray", "data": [[0.9998840632871316, -0.0017293481835255746, 0.015128428182577112, -0.7235373701908687], [-0.0017733621891827735, -0.9999942329332459, 0.002896426556140163, 0.08928863955028891], [0.015123332005918321, -0.002922918936486929, -0.9998813636496728, -0.0021989268169320788], [0.0, 0.0, 0.0, 1.0]]}, "mean_rme": {"type": "float", "data": 0.0010398807890110618}, "max_rme": {"type": "float", "data": 0.003554297142036922}, "simu": {"type": "float", "data": 0.002}}, {"type": "dict", "image_number": {"type": "int", "data": 6}, "Hcamera2end": {"type": "ndarray", "data": [[0.9999958938009952, -0.0020439648023294218, -0.0020086286454935234, -0.014488864892071669], [0.0020115587355512264, 0.0014324879292751946, 0.9999969508002441, 0.030204389426289672], [-0.0020410812335833793, -0.9999968850882582, 0.0014365936024479664, 0.030215328565184007], [0.0, 0.0, 0.0, 1.0]]}, "Hobj2base": {"type": "ndarray", "data": [[0.9999970556043218, -0.002118065621706777, 0.0011843060031208447, -0.731371842352298], [-0.00211988721710966, -0.9999965688062715, 0.0015389781904320363, 0.08894783717559633], [0.0011810422827398036, -0.0015414842542284656, -0.9999981144809325, -0.0005251889924100158], [0.0, 0.0, 0.0, 1.0]]}, "mean_rme": {"type": "float", "data": 0.0010785730460387702}, "max_rme": {"type": "float", "data": 0.0033243174856577573}, "simu": {"type": "float", "data": 0.002}}, {"type": "dict", "image_number": {"type": "int", "data": 7}, "Hcamera2end": {"type": "ndarray", "data": [[0.99994762258454, -0.0013034073182121896, 0.010151513034482154, -0.01423782405124124], [-0.01014534171011099, 0.004657151833776019, 0.999937689547895, 0.030264704318522784], [-0.0013506032398570558, -0.9999883059647049, 0.004643684391568925, 0.0299800002098497], [0.0, 0.0, 0.0, 1.0]]}, "Hobj2base": {"type": "ndarray", "data": [[0.9999943433473422, -0.0012056032863870844, -0.003140030896954367, -0.7334654248646079], [-0.0011642333237603184, -0.9999129402139069, 0.0131436887344312, 0.09518506356965083], [-0.0031556036008696317, -0.013139958656541516, -0.9999086876572374, 0.0010807310991807126], [0.0, 0.0, 0.0, 1.0]]}, "mean_rme": {"type": "float", "data": 0.0015182803255117407}, "max_rme": {"type": "float", "data": 0.004862649503550975}, "simu": {"type": "float", "data": 0.002}}, {"type": "dict", "image_number": {"type": "int", "data": 8}, "Hcamera2end": {"type": "ndarray", "data": [[0.9999520220039747, -0.0014000855777298801, 0.009695021946208783, -0.014258868435098512], [-0.009683575493266991, 0.007963137719111613, 0.9999214053131039, 0.030199298544359522], [-0.0014771783333897403, -0.9999673135648192, 0.007949197829332788, 0.030118322046452116], [0.0, 0.0, 0.0, 1.0]]}, "Hobj2base": {"type": "ndarray", "data": [[0.999973556607992, -0.0007366630721748398, -0.007234874724624747, -0.735215805273365], [-0.0006433751639572507, -0.9999167383695988, 0.012888071876828278, 0.0948728689498612], [-0.007243766503782619, -0.012883076333779248, -0.9998907711300355, 0.0016496535641035565], [0.0, 0.0, 0.0, 1.0]]}, "mean_rme": {"type": "float", "data": 0.0014232171260635468}, "max_rme": {"type": "float", "data": 0.004556250498623404}, "simu": {"type": "float", "data": 0.002}}, {"type": "dict", "image_number": {"type": "int", "data": 9}, "Hcamera2end": {"type": "ndarray", "data": [[0.9999774766398846, -0.0007637293961271466, 0.006668052964585962, -0.014324233149612661], [-0.006663379627910434, 0.005966375934851831, 0.9999600000650717, 0.03016374519957248], [-0.0008034829577412217, -0.9999819093741713, 0.005961152533118685, 0.030032440148782247], [0.0, 0.0, 0.0, 1.0]]}, "Hobj2base": {"type": "ndarray", "data": [[0.9999847577313874, -0.0004268870813819458, -0.005504731811660464, -0.7342584258908553], [-0.00037510057996798657, -0.999955699426746, 0.009405237026382728, 0.09327020528393762], [-0.005508502923069495, -0.009403028841138484, -0.9999406179589665, 0.0010514611088281816], [0.0, 0.0, 0.0, 1.0]]}, "mean_rme": {"type": "float", "data": 0.0013404063163658527}, "max_rme": {"type": "float", "data": 0.004673582581633862}, "simu": {"type": "float", "data": 0.002}}, {"type": "dict", "image_number": {"type": "int", "data": 10}, "Hcamera2end": {"type": "ndarray", "data": [[0.9999618202155189, -0.001141198726030517, 0.008663473710573424, -0.014167956565578541], [-0.008665153964950469, -0.0014757366465505406, 0.9999613679078377, 0.03009947588970806], [-0.0011283696334950374, -0.9999982599318952, -0.0014855689659092342, 0.02978563358954952], [0.0, 0.0, 0.0, 1.0]]}, "Hobj2base": {"type": "ndarray", "data": [[0.9999978169128381, -0.0005952524642856578, 0.0020029588267683317, -0.73030987712125], [-0.000618024605602449, -0.9999349647196294, 0.01138790484421352, 0.09443238313178007], [0.0019960498853578926, -0.011389117861263603, -0.9999331496551145, -0.00010757482945961683], [0.0, 0.0, 0.0, 1.0]]}, "mean_rme": {"type": "float", "data": 0.0014431083866076613}, "max_rme": {"type": "float", "data": 0.005373072169243154}, "simu": {"type": "float", "data": 0.002}}, {"type": "dict", "image_number": {"type": "int", "data": 11}, "Hcamera2end": {"type": "ndarray", "data": [[0.9999678083145955, -0.0018840560655411227, 0.00779952993752385, -0.014171733163608691], [-0.007797416838429905, 0.0011263229026224897, 0.9999689653621091, 0.03004604341243139], [-0.0018927823837416868, -0.9999975908618286, 0.0011115958738999732, 0.029678966446001372], [0.0, 0.0, 0.0, 1.0]]}, "Hobj2base": {"type": "ndarray", "data": [[0.9999992105239423, -0.0012177974154798604, -0.00030971107036366856, -0.7317960518300783], [-0.0012145015011585196, -0.9999448863894245, 0.010428286999522288, 0.0940190818531229], [-0.0003223935420242461, -0.010427902622079497, -0.9999455759736668, 0.0001557917603585146], [0.0, 0.0, 0.0, 1.0]]}, "mean_rme": {"type": "float", "data": 0.001484500567773927}, "max_rme": {"type": "float", "data": 0.004924589673843488}, "simu": {"type": "float", "data": 0.002}}, {"type": "dict", "image_number": {"type": "int", "data": 12}, "Hcamera2end": {"type": "ndarray", "data": [[0.9999288162848009, -0.0017546815878641386, 0.011801841203900454, -0.01403135115565471], [-0.011800970973724807, 0.0005054770530655839, 0.9999302383551694, 0.030026406122976947], [-0.0017605247383029096, -0.9999983327913471, 0.00048473412484439926, 0.0296901883528625], [0.0, 0.0, 0.0, 1.0]]}, "Hobj2base": {"type": "ndarray", "data": [[0.9999989393976524, -0.0014474997444735146, 0.0001610840154776033, -0.7314021623645184], [-0.0014497188062821756, -0.9998901063723449, 0.01475376203154083, 0.09616186729063869], [0.00013971024660010682, -0.014753979910192812, -0.9998911443541523, 0.0003803629856231616], [0.0, 0.0, 0.0, 1.0]]}, "mean_rme": {"type": "float", "data": 0.0014863090428655868}, "max_rme": {"type": "float", "data": 0.0051001836325689776}, "simu": {"type": "float", "data": 0.002}}, {"type": "dict", "image_number": {"type": "int", "data": 13}, "Hcamera2end": {"type": "ndarray", "data": [[0.9999774186942915, -0.002545023750891956, 0.006219723113538971, -0.014278688070171386], [-0.006215585837588169, 0.0016303265955628365, 0.999979354050816, 0.03004241933222382], [-0.0025551113864699616, -0.9999954324342182, 0.0016144709670772306, 0.02965892021615451], [0.0, 0.0, 0.0, 1.0]]}, "Hobj2base": {"type": "ndarray", "data": [[0.9999972028254243, -0.0019729844506677276, -0.0013044821519700338, -0.7320239568173204], [-0.001961983472901034, -0.9999629508094006, 0.008381385888269012, 0.09334453086175366], [-0.001320970165994753, -0.008378803071646637, -0.9999640247013424, 0.00016361903144569595], [0.0, 0.0, 0.0, 1.0]]}, "mean_rme": {"type": "float", "data": 0.0015417101902151127}, "max_rme": {"type": "float", "data": 0.004812628869350549}, "simu": {"type": "float", "data": 0.002}}, {"type": "dict", "image_number": {"type": "int", "data": 14}, "Hcamera2end": {"type": "ndarray", "data": [[0.9998731917414526, 9.073052355357963e-05, 0.01592457863594906, -0.013596131319918226], [-0.015924533499648022, -0.00047819220440614707, 0.9998730822284567, 0.030053289725096348], [9.833401759988362e-05, -0.9999998815500868, -0.00047668672442369164, 0.029730893126429864], [0.0, 0.0, 0.0, 1.0]]}, "Hobj2base": {"type": "ndarray", "data": [[0.9999993264366969, 0.0006687555139999617, 0.0009486264887091989, -0.7310194084128045], [0.0006520855681443619, -0.9998472538935999, 0.01746549930115949, 0.09774343218142903], [0.0009601617386690337, -0.01746486895139724, -0.9998470165190001, 0.0003345526369057502], [0.0, 0.0, 0.0, 1.0]]}, "mean_rme": {"type": "float", "data": 0.0017435847696309432}, "max_rme": {"type": "float", "data": 0.005321125982900993}, "simu": {"type": "float", "data": 0.002}}, {"type": "dict", "image_number": {"type": "int", "data": 15}, "Hcamera2end": {"type": "ndarray", "data": [[0.9999497248216755, -0.00182202535536062, 0.009860428624547907, -0.01393191217112901], [-0.009859397007674728, 0.0005743098496802101, 0.9999512300401662, 0.03002197096199197], [-0.001827599436538368, -0.9999981751942354, 0.000556316904813503, 0.029678299747144903], [0.0, 0.0, 0.0, 1.0]]}, "Hobj2base": {"type": "ndarray", "data": [[0.9999992173051782, -0.0012360832010415873, -0.00019361650551261397, -0.7314757188851071], [-0.0012338089793594493, -0.9999349850686565, 0.01133593186063921, 0.09497529695059241], [-0.0002076160724898892, -0.011335684102280988, -0.999935727515274, 9.490940328810519e-05], [0.0, 0.0, 0.0, 1.0]]}, "mean_rme": {"type": "float", "data": 0.0017496491509633957}, "max_rme": {"type": "float", "data": 0.005671438020595443}, "simu": {"type": "float", "data": 0.002}}, {"type": "dict", "image_number": {"type": "int", "data": 16}, "Hcamera2end": {"type": "ndarray", "data": [[0.9999384461123437, -0.0025671201227078977, 0.010794159564642572, -0.013915641066933222], [-0.010794464418192259, -0.00010492702348030569, 0.9999417325665753, 0.03007791652116052], [-0.002565837944172965, -0.9999966994368509, -0.00013263125163587297, 0.02970027760919847], [0.0, 0.0, 0.0, 1.0]]}, "Hobj2base": {"type": "ndarray", "data": [[0.9999979652553536, -0.0019189646634961736, 0.0006221412805279353, -0.7309760510087646], [-0.0019265339535469858, -0.9999212214333257, 0.012403200966353924, 0.0955730413751522], [0.0005982909647609117, -0.012404374305308, -0.9999228837995535, 0.00010182339325212272], [0.0, 0.0, 0.0, 1.0]]}, "mean_rme": {"type": "float", "data": 0.0017394261646318295}, "max_rme": {"type": "float", "data": 0.005571848691438119}, "simu": {"type": "float", "data": 0.002}}, {"type": "dict", "image_number": {"type": "int", "data": 17}, "Hcamera2end": {"type": "ndarray", "data": [[0.9999461988349884, -0.002513788152619087, 0.010063811632859502, -0.013881753955870399], [-0.01006439249674551, -0.0002185278998434459, 0.9999493288408307, 0.030066887307441746], [-0.0025114615524389366, -0.9999968165522729, -0.0002438158934094936, 0.029694249475393567], [0.0, 0.0, 0.0, 1.0]]}, "Hobj2base": {"type": "ndarray", "data": [[0.9999974824648039, -0.001989037770571724, 0.0010386495084759508, -0.7309125735890142], [-0.002000696475639959, -0.9999336175663909, 0.011347143878675251, 0.09515371454114574], [0.0010160106626311142, -0.011349193334252196, -0.9999350796591724, -6.575501083254468e-05], [0.0, 0.0, 0.0, 1.0]]}, "mean_rme": {"type": "float", "data": 0.0016957910324581916}, "max_rme": {"type": "float", "data": 0.005584331861522074}, "simu": {"type": "float", "data": 0.002}}, {"type": "dict", "image_number": {"type": "int", "data": 18}, "Hcamera2end": {"type": "ndarray", "data": [[0.999946433626647, -0.002591359910124686, 0.010020715102512337, -0.013832455027810903], [-0.010021487224416648, -0.0002851469833793363, 0.9999497429796204, 0.030079092937236134], [-0.002588372299414086, -0.9999966017667331, -0.00031110098932285446, 0.02969315862966581], [0.0, 0.0, 0.0, 1.0]]}, "Hobj2base": {"type": "ndarray", "data": [[0.9999972978171479, -0.0020581436617576397, 0.0010809269494360546, -0.7308621403747605], [-0.0020698667320481865, -0.9999378101646061, 0.010958624682158044, 0.0950903367540608], [0.0010583053028358316, -0.010960832444682758, -0.9999393682328974, -0.00010837120656951058], [0.0, 0.0, 0.0, 1.0]]}, "mean_rme": {"type": "float", "data": 0.0016443801532390588}, "max_rme": {"type": "float", "data": 0.005567123841091648}, "simu": {"type": "float", "data": 0.002}}, {"type": "dict", "image_number": {"type": "int", "data": 19}, "Hcamera2end": {"type": "ndarray", "data": [[0.9999565695609585, -0.0020365929718872576, 0.00909457425869235, -0.013819768809229391], [-0.009089702734555581, 0.0023886125424942284, 0.9999558349418834, 0.02940791760595001], [-0.0020582264397832517, -0.9999950733974586, 0.0023699967792970567, 0.03187554522339364], [0.0, 0.0, 0.0, 1.0]]}, "Hobj2base": {"type": "ndarray", "data": [[0.9999966527327839, -0.0017552588654713836, -0.001900944381941338, -0.7342896064704225], [-0.0017365412369204035, -0.9999504339356549, 0.00980377970113506, 0.09451387858508613], [-0.0019180583308453316, -0.009800445816956339, -0.999950134913751, 0.0006826089965230071], [0.0, 0.0, 0.0, 1.0]]}, "mean_rme": {"type": "float", "data": 0.0017121143079852075}, "max_rme": {"type": "float", "data": 0.0056121425420591065}, "simu": {"type": "float", "data": 0.002}}, {"type": "dict", "image_number": {"type": "int", "data": 20}, "Hcamera2end": {"type": "ndarray", "data": [[0.9999579823792623, -0.001823015667965209, 0.008983879444287114, -0.013841971559222477], [-0.008979885008069385, 0.002187596316346907, 0.9999572871316046, 0.02846137637776525], [-0.0018425909033157263, -0.999995945509896, 0.002171133927688307, 0.031461230140909895], [0.0, 0.0, 0.0, 1.0]]}, "Hobj2base": {"type": "ndarray", "data": [[0.9999973932812558, -0.0014773838973496935, -0.001740909967034473, -0.7339841025111297], [-0.001461059787679466, -0.9999553042687326, 0.009341026127967337, 0.09439030673148205], [-0.0017546324373766075, -0.009338458204992635, -0.999954856212701, 0.0015930578786386845], [0.0, 0.0, 0.0, 1.0]]}, "mean_rme": {"type": "float", "data": 0.0017132839611538613}, "max_rme": {"type": "float", "data": 0.005732810203800731}, "simu": {"type": "float", "data": 0.002}}, {"type": "dict", "image_number": {"type": "int", "data": 21}, "Hcamera2end": {"type": "ndarray", "data": [[0.9999623987573608, -0.0011905703439096006, 0.008589738859894537, -0.013831729596725462], [-0.008586150062258333, 0.0029873788741662244, 0.9999586759434466, 0.02872551446541888], [-0.0012161819491180318, -0.9999948290414898, 0.0029770441293758276, 0.03073873202446571], [0.0, 0.0, 0.0, 1.0]]}, "Hobj2base": {"type": "ndarray", "data": [[0.9999963291056683, -0.001194836354484063, -0.0024319007533072936, -0.7335751354032427], [-0.00117361901700625, -0.9999614011790308, 0.008707397456856997, 0.09411137164372815], [-0.0024422107998398972, -0.008704511367949476, -0.9999591327090591, 0.0014274081516778452], [0.0, 0.0, 0.0, 1.0]]}, "mean_rme": {"type": "float", "data": 0.0016994508728476866}, "max_rme": {"type": "float", "data": 0.005721625333342251}, "simu": {"type": "float", "data": 0.002}}, {"type": "dict", "image_number": {"type": "int", "data": 22}, "Hcamera2end": {"type": "ndarray", "data": [[0.9999627685768162, -0.0015669575593938783, 0.008485641059806683, -0.013833951068217162], [-0.008485899693951356, -0.00015848016311448276, 0.9999639815465464, 0.02902719218073382], [-0.0015655563142266708, -0.9999987597632531, -0.00017177130734613577, 0.03165572991664102], [0.0, 0.0, 0.0, 1.0]]}, "Hobj2base": {"type": "ndarray", "data": [[0.9999980118494095, -0.0018166698429302555, 0.0008221970019911565, -0.7330626454237656], [-0.0018238747844832952, -0.9999591852167968, 0.008848806774388101, 0.09418152609578662], [0.0008060880837858221, -0.008850288766007497, -0.9999605105256704, 0.0006302241695353302], [0.0, 0.0, 0.0, 1.0]]}, "mean_rme": {"type": "float", "data": 0.0016921971871888557}, "max_rme": {"type": "float", "data": 0.005628184861515284}, "simu": {"type": "float", "data": 0.002}}, {"type": "dict", "image_number": {"type": "int", "data": 23}, "Hcamera2end": {"type": "ndarray", "data": [[0.9999610381289428, -0.001972732276941848, 0.008604100850792183, -0.01386270775596489], [-0.008604178782228664, -3.102068251581436e-05, 0.999962982887467, 0.028836389324421036], [-0.001972392347008329, -0.9999980536806463, -4.7993215092301256e-05, 0.03134474123157726], [0.0, 0.0, 0.0, 1.0]]}, "Hobj2base": {"type": "ndarray", "data": [[0.9999972256749824, -0.002228039241035304, 0.0007645151919848897, -0.7328067605463214], [-0.0022349361910557093, -0.9999557107175123, 0.009142300785691972, 0.09432754586496976], [0.0007441119272517164, -0.009143984064649363, -0.9999579160409025, 0.0008786052236542482], [0.0, 0.0, 0.0, 1.0]]}, "mean_rme": {"type": "float", "data": 0.0016708266727422814}, "max_rme": {"type": "float", "data": 0.005717225673976145}, "simu": {"type": "float", "data": 0.002}}, {"type": "dict", "image_number": {"type": "int", "data": 24}, "Hcamera2end": {"type": "ndarray", "data": [[0.9999551853099983, -0.0023665251956029743, 0.009166620432064013, -0.013885655565796302], [-0.009167044135384666, -0.00016825513664064928, 0.9999579676126535, 0.029051059678991135], [-0.0023648833939259586, -0.9999971856203933, -0.00018994163725438717, 0.03148627703535777], [0.0, 0.0, 0.0, 1.0]]}, "Hobj2base": {"type": "ndarray", "data": [[0.9999957093105283, -0.0027783216117145365, 0.0009285954745002124, -0.7328048957640871], [-0.0027875496725841115, -0.9999452226951508, 0.010088665717954417, 0.0947505994803224], [0.0009005150505452677, -0.010091210936633543, -0.9999486769502106, 0.0007152689234449852], [0.0, 0.0, 0.0, 1.0]]}, "mean_rme": {"type": "float", "data": 0.0016781064830699594}, "max_rme": {"type": "float", "data": 0.0057606384534305}, "simu": {"type": "float", "data": 0.002}}, {"type": "dict", "image_number": {"type": "int", "data": 25}, "Hcamera2end": {"type": "ndarray", "data": [[0.9999531574772724, -0.002087046015750634, 0.00945130097718612, -0.013809206833769069], [-0.009451268618264229, 2.5366954836347766e-05, 0.9999553354415501, 0.028860290959410822], [-0.0020871925494869077, -0.9999978217953506, 5.640534070594505e-06, 0.031773570776629886], [0.0, 0.0, 0.0, 1.0]]}, "Hobj2base": {"type": "ndarray", "data": [[0.9999968710102537, -0.002446526975140762, 0.0005219918216470244, -0.7332343487230495], [-0.002451726401527994, -0.9999449306489132, 0.010204151468487438, 0.09478299945410938], [0.000496998344070057, -0.010205399320932639, -0.9999478000462554, 0.0009432876495489672], [0.0, 0.0, 0.0, 1.0]]}, "mean_rme": {"type": "float", "data": 0.0016851196879369829}, "max_rme": {"type": "float", "data": 0.005743965462124412}, "simu": {"type": "float", "data": 0.002}}, {"type": "dict", "image_number": {"type": "int", "data": 26}, "Hcamera2end": {"type": "ndarray", "data": [[0.9999550489597216, -0.0022689763006380637, 0.009206074435274669, -0.013934947431141313], [-0.00920683262192865, -0.0003239351746908703, 0.9999575637491194, 0.02925879173604268], [-0.002265897842460118, -0.9999973734028251, -0.00034481069849090495, 0.03153357556473959], [0.0, 0.0, 0.0, 1.0]]}, "Hobj2base": {"type": "ndarray", "data": [[0.9999956652487854, -0.0027049166593046997, 0.0011631463817904505, -0.7327550135407299], [-0.0027165568245994067, -0.9999450493619386, 0.010125145706005824, 0.0948205787440641], [0.0011356947908565502, -0.010128261569259637, -0.9999480629087323, 0.00047829514471099357], [0.0, 0.0, 0.0, 1.0]]}, "mean_rme": {"type": "float", "data": 0.001740806298507767}, "max_rme": {"type": "float", "data": 0.006189798712826905}, "simu": {"type": "float", "data": 0.002}}, {"type": "dict", "image_number": {"type": "int", "data": 27}, "Hcamera2end": {"type": "ndarray", "data": [[0.9999557204163311, -0.0023805196770018294, 0.009104412815973935, -0.013890299266051018], [-0.00910596393325082, -0.0006415628871019319, 0.9999583340409279, 0.029633813092200072], [-0.002374579436994813, -0.9999969607569461, -0.0006632114052855798, 0.03154757048227373], [0.0, 0.0, 0.0, 1.0]]}, "Hobj2base": {"type": "ndarray", "data": [[0.9999948165228241, -0.002821652484167687, 0.001550872252027986, -0.7325610819540057], [-0.0028369314458409674, -0.9999465769932734, 0.009939566359102427, 0.09475012221322289], [0.0015227433976605228, -0.009943914555847326, -0.999949398627676, 3.580537029426219e-05], [0.0, 0.0, 0.0, 1.0]]}, "mean_rme": {"type": "float", "data": 0.0017305885662340266}, "max_rme": {"type": "float", "data": 0.006266163733953861}, "simu": {"type": "float", "data": 0.002}}, {"type": "dict", "image_number": {"type": "int", "data": 28}, "Hcamera2end": {"type": "ndarray", "data": [[0.999965244507917, -0.0019085424928457699, 0.008115863587732154, -0.013952122812992095], [-0.0081166454572541, -0.00040228022795263385, 0.9999669785733625, 0.029365753301515318], [-0.0019052146185957529, -0.9999980978162766, -0.00041775720925985027, 0.03190279613254879], [0.0, 0.0, 0.0, 1.0]]}, "Hobj2base": {"type": "ndarray", "data": [[0.9999962561131801, -0.0024243251990770523, 0.0012690181055834287, -0.7330923419919391], [-0.002435548206999447, -0.9999572650402182, 0.00891830691433729, 0.09420481312683518], [0.0012473429979601932, -0.008921364279977282, -0.9999594258742848, 0.0002258374384228105], [0.0, 0.0, 0.0, 1.0]]}, "mean_rme": {"type": "float", "data": 0.0017271386249419188}, "max_rme": {"type": "float", "data": 0.006324195079612155}, "simu": {"type": "float", "data": 0.002}}, {"type": "dict", "image_number": {"type": "int", "data": 29}, "Hcamera2end": {"type": "ndarray", "data": [[0.9999661783344981, -0.000525534704645966, 0.008207679353692335, -0.013962533895512998], [-0.008207659563016698, 3.980384461554909e-05, 0.9999663158027634, 0.028850652132033836], [-0.0005258436996249697, -0.9999998611144547, 3.5489088438867e-05, 0.031753721337236085], [0.0, 0.0, 0.0, 1.0]]}, "Hobj2base": {"type": "ndarray", "data": [[0.9999992506492656, -0.0009322789045253546, 0.0007934462498541846, -0.7333433878094481], [-0.00093937361851717, -0.9999591591967047, 0.008988743840141566, 0.09402842668767654], [0.000785033828611623, -0.008989482446894593, -0.9999592856347825, 0.0008194100055863909], [0.0, 0.0, 0.0, 1.0]]}, "mean_rme": {"type": "float", "data": 0.0017602995230303078}, "max_rme": {"type": "float", "data": 0.006511924631661253}, "simu": {"type": "float", "data": 0.002}}, {"type": "dict", "image_number": {"type": "int", "data": 30}, "Hcamera2end": {"type": "ndarray", "data": [[0.9999667194277497, -0.000858981926389819, 0.008113087387307111, -0.014005153522474705], [-0.008113263221723049, -0.00020141458633071707, 0.999967066653727, 0.02915348705662708], [-0.0008573195431006144, -0.9999996107910314, -0.00020837702960951887, 0.0317459034941237], [0.0, 0.0, 0.0, 1.0]]}, "Hobj2base": {"type": "ndarray", "data": [[0.9999986123599629, -0.001228962995769621, 0.001124690225696707, -0.7332233860301145], [-0.0012387371295225734, -0.9999611126708723, 0.008731476184150929, 0.09391402369837397], [0.0011139158283689687, -0.008732857263546775, -0.9999612474468904, 0.0004561106178485097], [0.0, 0.0, 0.0, 1.0]]}, "mean_rme": {"type": "float", "data": 0.001722976734392851}, "max_rme": {"type": "float", "data": 0.006551068225790241}, "simu": {"type": "float", "data": 0.002}}, {"type": "dict", "image_number": {"type": "int", "data": 31}, "Hcamera2end": {"type": "ndarray", "data": [[0.9999665258899985, -0.001034341416779854, 0.008116479367344736, -0.014825855937722753], [-0.008117848516501637, -0.0013264402756663074, 0.9999661699735939, 0.029282137965864725], [-0.001023540399852951, -0.9999985853460137, -0.0013347925011943929, 0.03186562268339313], [0.0, 0.0, 0.0, 1.0]]}, "Hobj2base": {"type": "ndarray", "data": [[0.9999959998937216, -0.0017933189011116314, 0.0021872823034307176, -0.7328262400903544], [-0.0018119867146372429, -0.9999616968692673, 0.008562797351359197, 0.09314030558231191], [0.0021718426973341204, -0.00856672642573473, -0.9999609463862296, 0.0002372755855421587], [0.0, 0.0, 0.0, 1.0]]}, "mean_rme": {"type": "float", "data": 0.0017041682170438606}, "max_rme": {"type": "float", "data": 0.006502689430578218}, "simu": {"type": "float", "data": 0.002}}]}