{"type": "list", "data": [{"type": "dict", "image_number": {"type": "int", "data": 5}, "Hcamera2end": {"type": "ndarray", "data": [[0.999996209700852, -0.000953554376093865, -0.002582889463672418, -0.013055568101081681], [0.0025518920374095412, -0.03119065714618552, 0.9995101954226472, 0.02717203363137971], [-0.0010336493405036014, -0.9995129982350609, -0.03118810555644469, 0.031080430377913772], [0.0, 0.0, 0.0, 1.0]]}, "Hobj2base": {"type": "ndarray", "data": [[0.9995399025510119, -0.005862330987790446, 0.02975930583369293, -0.7148406679335342], [-0.005859108121670795, -0.999982816168602, -0.00019549815929833933, 0.09237229996676452], [0.02975994052971628, 2.104522058848895e-05, -0.9995570746569533, -0.00559274894444024], [0.0, 0.0, 0.0, 1.0]]}, "mean_rme": {"type": "float", "data": 0.0013195400835427085}, "max_rme": {"type": "float", "data": 0.004172206002157064}, "simu": {"type": "float", "data": 0.002}}, {"type": "dict", "image_number": {"type": "int", "data": 6}, "Hcamera2end": {"type": "ndarray", "data": [[0.9999819729776364, -0.0019998235316546465, 0.005661662794276778, -0.012688096645491424], [-0.005691591415421596, -0.015291188022181545, 0.9998668838180562, 0.02790560296217999], [-0.0019129837724760751, -0.9998810830667377, -0.015302294546038153, 0.03168050244289607], [0.0, 0.0, 0.0, 1.0]]}, "Hobj2base": {"type": "ndarray", "data": [[0.9998723222314626, -0.005421812803175681, 0.015031406500710267, -0.7249198908702238], [-0.005539435755902854, -0.9999542784988649, 0.00779458551304556, 0.09759349816500233], [0.01498845845871081, -0.007876855828392124, -0.9998566403516504, -0.0015991822191303295], [0.0, 0.0, 0.0, 1.0]]}, "mean_rme": {"type": "float", "data": 0.0012207592128150174}, "max_rme": {"type": "float", "data": 0.004459501328635929}, "simu": {"type": "float", "data": 0.002}}, {"type": "dict", "image_number": {"type": "int", "data": 7}, "Hcamera2end": {"type": "ndarray", "data": [[0.9999415583021033, -0.0010219816265715194, -0.010762691759792501, -0.012991385094838695], [0.010752018769075493, -0.009930243794498583, 0.9998928864386282, 0.02715366099964083], [-0.001128748311539622, -0.9999501716644369, -0.009918675088560258, 0.03192772905023959], [0.0, 0.0, 0.0, 1.0]]}, "Hobj2base": {"type": "ndarray", "data": [[0.9999390792105407, -0.004096655159836524, 0.01024964799773102, -0.728592658515163], [-0.004003256479235627, -0.9999504317153671, -0.009116361654341463, 0.08721871794553458], [0.010286486530271872, 0.009074774308635684, -0.9999059139069586, -0.0033757594707409166], [0.0, 0.0, 0.0, 1.0]]}, "mean_rme": {"type": "float", "data": 0.0015581693016497311}, "max_rme": {"type": "float", "data": 0.004487389974194178}, "simu": {"type": "float", "data": 0.002}}, {"type": "dict", "image_number": {"type": "int", "data": 8}, "Hcamera2end": {"type": "ndarray", "data": [[0.9999528228672269, -0.0011479897274473058, -0.009645421683375226, -0.012829187228617834], [0.00963488279067111, -0.008856705707238177, 0.9999143602317278, 0.027307604366092936], [-0.0012333180751449378, -0.9999601196465793, -0.008845227126788258, 0.03212293880429479], [0.0, 0.0, 0.0, 1.0]]}, "Hobj2base": {"type": "ndarray", "data": [[0.9999513045214428, -0.003226946465866359, 0.00932606038857083, -0.7293495200104607], [-0.0031494887788421954, -0.9999605256888453, -0.008308296126148173, 0.08793806290060932], [0.00935250267558285, 0.008278519227147707, -0.9999219953641929, -0.0029311036575148594], [0.0, 0.0, 0.0, 1.0]]}, "mean_rme": {"type": "float", "data": 0.0014576414616527499}, "max_rme": {"type": "float", "data": 0.004832655227328703}, "simu": {"type": "float", "data": 0.002}}, {"type": "dict", "image_number": {"type": "int", "data": 9}, "Hcamera2end": {"type": "ndarray", "data": [[0.9999765887078367, -0.0020915420152922675, -0.0065151736919548545, -0.012789740656044457], [0.0065053293763776675, -0.004679522134808156, 0.9999678908656492, 0.027539625412847938], [-0.0021219627571923217, -0.9999868636760126, -0.004665806411434437, 0.03230120051084494], [0.0, 0.0, 0.0, 1.0]]}, "Hobj2base": {"type": "ndarray", "data": [[0.9999785120669249, -0.0043291143264524755, 0.004922821707875727, -0.7318722200463542], [-0.004305171917765531, -0.9999789042773923, -0.004863794294991037, 0.09001711012870066], [0.004943773778957894, 0.0048424961883318214, -0.9999760543790477, -0.0016530485600087395], [0.0, 0.0, 0.0, 1.0]]}, "mean_rme": {"type": "float", "data": 0.0014845903772463163}, "max_rme": {"type": "float", "data": 0.005390549893478036}, "simu": {"type": "float", "data": 0.002}}, {"type": "dict", "image_number": {"type": "int", "data": 10}, "Hcamera2end": {"type": "ndarray", "data": [[0.9999839493833468, -0.0022451693962178922, -0.0052019409902965665, -0.013036338905232328], [0.005194746743973766, -0.0031983464987441756, 0.9999813924198492, 0.02720446209033187], [-0.0022617652288013865, -0.9999923648678807, -0.0031866320768998424, 0.032184229525414665], [0.0, 0.0, 0.0, 1.0]]}, "Hobj2base": {"type": "ndarray", "data": [[0.9999851402854241, -0.004522894096195013, 0.003043458121160631, -0.7324816964970144], [-0.004508038029230043, -0.9999779772118726, -0.00487059384254813, 0.09029745129245118], [0.003065420275862678, 0.004856801441963253, -0.9999835072031369, -0.0014058975162842657], [0.0, 0.0, 0.0, 1.0]]}, "mean_rme": {"type": "float", "data": 0.0015848582408152152}, "max_rme": {"type": "float", "data": 0.006549257711159162}, "simu": {"type": "float", "data": 0.002}}, {"type": "dict", "image_number": {"type": "int", "data": 11}, "Hcamera2end": {"type": "ndarray", "data": [[0.9999888011607512, -0.0014518512485101607, -0.004504406846180571, -0.012926494113374013], [0.004497329804531727, -0.004841447541870325, 0.9999781669668238, 0.027347941597542624], [-0.0014736273996467093, -0.9999872261752406, -0.004834863869385808, 0.032120711341580975], [0.0, 0.0, 0.0, 1.0]]}, "Hobj2base": {"type": "ndarray", "data": [[0.9999833309954038, -0.0038259784146718596, 0.004324305783255685, -0.7315463099434346], [-0.003809528191952585, -0.999985500874875, -0.003805986728825891, 0.09083148324623035], [0.0043388047076760704, 0.003789449722023679, -0.9999834072845974, -0.0014698571129399792], [0.0, 0.0, 0.0, 1.0]]}, "mean_rme": {"type": "float", "data": 0.0016187871925502707}, "max_rme": {"type": "float", "data": 0.0066599005003375455}, "simu": {"type": "float", "data": 0.002}}, {"type": "dict", "image_number": {"type": "int", "data": 12}, "Hcamera2end": {"type": "ndarray", "data": [[0.9999631441328906, -0.0019757754377532676, -0.008355039633867724, -0.01317543225184756], [0.008344441848932127, -0.005312613537164612, 0.9999510720168436, 0.027046058109597194], [-0.0020200658637083606, -0.9999839360953877, -0.005295930992939235, 0.032139911025592334], [0.0, 0.0, 0.0, 1.0]]}, "Hobj2base": {"type": "ndarray", "data": [[0.999980601796837, -0.004200312530629359, 0.004599283061601693, -0.7311753001458107], [-0.004162724545938775, -0.9999581084589952, -0.008151874107390263, 0.08835642187175889], [0.004633330809508111, 0.00813257042718592, -0.9999561958125247, -0.0022578862193388303], [0.0, 0.0, 0.0, 1.0]]}, "mean_rme": {"type": "float", "data": 0.0016808678651144846}, "max_rme": {"type": "float", "data": 0.006639683528471441}, "simu": {"type": "float", "data": 0.002}}, {"type": "dict", "image_number": {"type": "int", "data": 13}, "Hcamera2end": {"type": "ndarray", "data": [[0.9999252472430856, -0.002635221967728487, -0.01193966209886109, -0.013305548031498084], [0.011923972128411058, -0.005891446268014189, 0.9999115509631598, 0.02678508863948309], [-0.0027053307625972698, -0.9999791730161443, -0.005859583552868086, 0.032203020975917374], [0.0, 0.0, 0.0, 1.0]]}, "Hobj2base": {"type": "ndarray", "data": [[0.9999749980637891, -0.004559587138612675, 0.005404943334612523, -0.7307944568236027], [-0.0044950347130659945, -0.9999191390495772, -0.011895798639837269, 0.08608601132665208], [0.005458746216239236, 0.011871205813927262, -0.9999146346375118, -0.0029584314870177006], [0.0, 0.0, 0.0, 1.0]]}, "mean_rme": {"type": "float", "data": 0.0017336454631482273}, "max_rme": {"type": "float", "data": 0.006811817410981025}, "simu": {"type": "float", "data": 0.002}}, {"type": "dict", "image_number": {"type": "int", "data": 14}, "Hcamera2end": {"type": "ndarray", "data": [[0.9999729321388575, -0.0025845852789045188, -0.006888752321853191, -0.012584673498545066], [0.006872543916775353, -0.006228510735606596, 0.9999569859719609, 0.027015876013835226], [-0.0026273807732724586, -0.99997726252798, -0.006210579467306854, 0.032341674957074525], [0.0, 0.0, 0.0, 1.0]]}, "Hobj2base": {"type": "ndarray", "data": [[0.9999714139915543, -0.0046607641560742095, 0.005953862377730758, -0.7307495659559324], [-0.004618703680364892, -0.9999644203553342, -0.007058725078426905, 0.08926571332320751], [0.005986549594256085, 0.007031024171575786, -0.9999573620525293, -0.0018353577109520172], [0.0, 0.0, 0.0, 1.0]]}, "mean_rme": {"type": "float", "data": 0.0017383321190472918}, "max_rme": {"type": "float", "data": 0.006916607098984395}, "simu": {"type": "float", "data": 0.002}}, {"type": "dict", "image_number": {"type": "int", "data": 15}, "Hcamera2end": {"type": "ndarray", "data": [[0.9999899426697437, -0.002544861342482769, -0.003692998796411327, -0.012239446624403936], [0.003676752871392726, -0.006359194722832973, 0.9999730207014584, 0.027147162226441274], [-0.0025682771823664317, -0.9999765418864707, -0.006349773940063308, 0.03239740213213016], [0.0, 0.0, 0.0, 1.0]]}, "Hobj2base": {"type": "ndarray", "data": [[0.9999707103736915, -0.004605805765177012, 0.006112687460389651, -0.7307289700761587], [-0.004582721040404078, -0.999982335403333, -0.0037851749183065875, 0.09122646558995892], [0.006130013262692051, 0.0037570513105095764, -0.9999741534174018, -0.0011512796722220608], [0.0, 0.0, 0.0, 1.0]]}, "mean_rme": {"type": "float", "data": 0.0017166090058680964}, "max_rme": {"type": "float", "data": 0.007048301077944102}, "simu": {"type": "float", "data": 0.002}}, {"type": "dict", "image_number": {"type": "int", "data": 16}, "Hcamera2end": {"type": "ndarray", "data": [[0.9999873990891425, -0.0027021962994762407, -0.004230815298648168, -0.012283365173687123], [0.004213239758302725, -0.006477076083396316, 0.9999701476024916, 0.027121431714056447], [-0.002729518945022304, -0.9999753725070277, -0.0064656094654542695, 0.03240835092963991], [0.0, 0.0, 0.0, 1.0]]}, "Hobj2base": {"type": "ndarray", "data": [[0.9999693906236831, -0.00485434048283161, 0.006136219860516628, -0.7306327141317269], [-0.004828602304625567, -0.9999795122305615, -0.004202346833822722, 0.0909297784961317], [0.006156493765417228, 0.004172588837246891, -0.9999723431610053, -0.0012503574461626941], [0.0, 0.0, 0.0, 1.0]]}, "mean_rme": {"type": "float", "data": 0.0016359276183791098}, "max_rme": {"type": "float", "data": 0.00698241416098086}, "simu": {"type": "float", "data": 0.002}}, {"type": "dict", "image_number": {"type": "int", "data": 17}, "Hcamera2end": {"type": "ndarray", "data": [[0.9999849469064668, -0.002387435445075234, -0.004940254291670632, -0.012300194750697706], [0.004925300829402431, -0.0062292074341423476, 0.9999684686961297, 0.027090300703550806], [-0.0024181340348829712, -0.9999777483158003, -0.006217354827522392, 0.03237565307769237], [0.0, 0.0, 0.0, 1.0]]}, "Hobj2base": {"type": "ndarray", "data": [[0.9999717780942411, -0.004248866052549058, 0.006195978720859702, -0.730842925684566], [-0.004216701611769938, -0.9999776152621302, -0.005195036302081605, 0.0904082961530779], [0.006217913038885864, 0.0051687630947979315, -0.9999673101884432, -0.001398906188172514], [0.0, 0.0, 0.0, 1.0]]}, "mean_rme": {"type": "float", "data": 0.0016021155872913936}, "max_rme": {"type": "float", "data": 0.006962655983145272}, "simu": {"type": "float", "data": 0.002}}, {"type": "dict", "image_number": {"type": "int", "data": 18}, "Hcamera2end": {"type": "ndarray", "data": [[0.9999845821471671, -0.0035771835156096898, -0.004247261005779608, -0.01237926690462429], [0.004222609926881818, -0.00687078623428472, 0.9999674804022017, 0.027138049266356875], [-0.003606249209492438, -0.9999699975772364, -0.006855575250890311, 0.03249155301714062], [0.0, 0.0, 0.0, 1.0]]}, "Hobj2base": {"type": "ndarray", "data": [[0.9999616505749088, -0.005235798814272445, 0.007020241468814203, -0.7303489290689398], [-0.005205565648330542, -0.9999771284392669, -0.004317949124098358, 0.09099627024963673], [0.007042688817839133, 0.004281239205398831, -0.999966035185736, -0.0014367411973237629], [0.0, 0.0, 0.0, 1.0]]}, "mean_rme": {"type": "float", "data": 0.0016254493473627765}, "max_rme": {"type": "float", "data": 0.006973616825222073}, "simu": {"type": "float", "data": 0.002}}, {"type": "dict", "image_number": {"type": "int", "data": 19}, "Hcamera2end": {"type": "ndarray", "data": [[0.9999853462987085, -0.0032140626275266983, -0.004356258633098233, -0.012425043537528078], [0.00433210968708183, -0.007482615438439311, 0.9999626209473329, 0.027944556433567556], [-0.003246538697012324, -0.9999668395840067, -0.007468582118584255, 0.032752218803730276], [0.0, 0.0, 0.0, 1.0]]}, "Hobj2base": {"type": "ndarray", "data": [[0.9999586402516903, -0.00483691608559375, 0.007702079509553431, -0.7302376059122864], [-0.004800094062985825, -0.999976997076369, -0.004792120106410679, 0.09092284979659546], [0.007725081422033467, 0.004754951199402757, -0.9999588559316401, -0.002431510647111691], [0.0, 0.0, 0.0, 1.0]]}, "mean_rme": {"type": "float", "data": 0.0016260389370352758}, "max_rme": {"type": "float", "data": 0.007051185142753019}, "simu": {"type": "float", "data": 0.002}}, {"type": "dict", "image_number": {"type": "int", "data": 20}, "Hcamera2end": {"type": "ndarray", "data": [[0.9999843094292834, -0.0036407059056108313, -0.0042574823250369955, -0.012350706000356544], [0.004236928551221803, -0.0056347451139640015, 0.9999751487331835, 0.026713519953617766], [-0.003664605257185762, -0.9999774972008167, -0.00561923129079922, 0.03186647064235829], [0.0, 0.0, 0.0, 1.0]]}, "Hobj2base": {"type": "ndarray", "data": [[0.9999726551602373, -0.0048208790121436074, 0.005607856750625394, -0.7303972317528419], [-0.004793736013630871, -0.9999767796123773, -0.00484358659367012, 0.09094363516662332], [0.005631076878970837, 0.004816571561706083, -0.9999725454289103, -0.0007633278385460989], [0.0, 0.0, 0.0, 1.0]]}, "mean_rme": {"type": "float", "data": 0.001709554074156475}, "max_rme": {"type": "float", "data": 0.006922092861313456}, "simu": {"type": "float", "data": 0.002}}, {"type": "dict", "image_number": {"type": "int", "data": 21}, "Hcamera2end": {"type": "ndarray", "data": [[0.9999817588516999, -0.00491733338090341, -0.0035073916635812614, -0.012464162657163071], [0.0034842858108379516, -0.004699577055911508, 0.9999828867175096, 0.026443970375642622], [-0.004933732486576426, -0.999976866636382, -0.00468235793530325, 0.031833421699953623], [0.0, 0.0, 0.0, 1.0]]}, "Hobj2base": {"type": "ndarray", "data": [[0.9999705256657052, -0.006152247226441024, 0.004593218252818685, -0.7306664771373791], [-0.006133447170997979, -0.9999728017184226, -0.004095930810908504, 0.09157488992691144], [0.004618292504146407, 0.004067637824576008, -0.9999810626691255, -0.0001898827729279898], [0.0, 0.0, 0.0, 1.0]]}, "mean_rme": {"type": "float", "data": 0.0017395913337127859}, "max_rme": {"type": "float", "data": 0.007082055039777407}, "simu": {"type": "float", "data": 0.002}}, {"type": "dict", "image_number": {"type": "int", "data": 22}, "Hcamera2end": {"type": "ndarray", "data": [[0.9999830010523427, -0.004605411115897356, -0.003576002629176464, -0.012435182211937615], [0.0035540346272499505, -0.004769424212987872, 0.9999823105588141, 0.02656660988625828], [-0.004622385122273589, -0.9999780211490299, -0.004752975347216859, 0.032089099288278966], [0.0, 0.0, 0.0, 1.0]]}, "Hobj2base": {"type": "ndarray", "data": [[0.9999705341766738, -0.005954470885006414, 0.004845106283384417, -0.730891966725636], [-0.005933363019705844, -0.999972895457546, -0.0043593065420627465, 0.09146983694355133], [0.004870932322878996, 0.004330430317057976, -0.9999787604702286, -0.00039847760446429237], [0.0, 0.0, 0.0, 1.0]]}, "mean_rme": {"type": "float", "data": 0.001709296080683784}, "max_rme": {"type": "float", "data": 0.007035437605393324}, "simu": {"type": "float", "data": 0.002}}, {"type": "dict", "image_number": {"type": "int", "data": 23}, "Hcamera2end": {"type": "ndarray", "data": [[0.99998581263666, -0.004091175357045923, -0.0034112768279142285, -0.012433218670860028], [0.0033908275737078606, -0.004994944738665019, 0.9999817762416587, 0.026922840502159137], [-0.004108139939698605, -0.9999791561883955, -0.004981001403359553, 0.03243600461091476], [0.0, 0.0, 0.0, 1.0]]}, "Hobj2base": {"type": "ndarray", "data": [[0.999969806497626, -0.005566013269154714, 0.005422692079392104, -0.7311225304788956], [-0.005542914019454677, -0.9999755405275923, -0.004265495366695245, 0.09149661832391805], [0.005446301247015353, 0.004235309060500715, -0.9999761996967176, -0.0008528536719092372], [0.0, 0.0, 0.0, 1.0]]}, "mean_rme": {"type": "float", "data": 0.0016825137505051134}, "max_rme": {"type": "float", "data": 0.007091352890335273}, "simu": {"type": "float", "data": 0.002}}, {"type": "dict", "image_number": {"type": "int", "data": 24}, "Hcamera2end": {"type": "ndarray", "data": [[0.9999860428166134, -0.0038993431170404706, -0.003565009849324655, -0.012342948951141033], [0.0035411032868062605, -0.006120737316814395, 0.9999749982685621, 0.027596959213834347], [-0.003921066115530647, -0.9999736655022241, -0.0061068439118330264, 0.03174565283308739], [0.0, 0.0, 0.0, 1.0]]}, "Hobj2base": {"type": "ndarray", "data": [[0.9999632527757387, -0.0055063504928944485, 0.0065706318123540065, -0.7298116658341903], [-0.005479145851597742, -0.9999763730465783, -0.004151181680911056, 0.0914266987615766], [0.0065933344296370015, 0.004115027686469842, -0.9999697967880024, -0.0016786555538706078], [0.0, 0.0, 0.0, 1.0]]}, "mean_rme": {"type": "float", "data": 0.0017280450872996956}, "max_rme": {"type": "float", "data": 0.007032271183548072}, "simu": {"type": "float", "data": 0.002}}, {"type": "dict", "image_number": {"type": "int", "data": 25}, "Hcamera2end": {"type": "ndarray", "data": [[0.9999878476256662, -0.0036747553354722893, -0.0032864531355035875, -0.012239058769459094], [0.0032628001297358013, -0.006424195158599266, 0.9999740415890189, 0.02752003109705417], [-0.003695772760985104, -0.9999726125698584, -0.006412127097189524, 0.031062523421507005], [0.0, 0.0, 0.0, 1.0]]}, "Hobj2base": {"type": "ndarray", "data": [[0.9999628724711147, -0.005169363875690518, 0.006894298835841098, -0.7290423164824698], [-0.005142963394710681, -0.9999793959298293, -0.003841567822403179, 0.09152557611779198], [0.006914015247151253, 0.0038059680679379607, -0.9999688550151089, -0.0015645330437600413], [0.0, 0.0, 0.0, 1.0]]}, "mean_rme": {"type": "float", "data": 0.0017200697484049277}, "max_rme": {"type": "float", "data": 0.0069625804786091205}, "simu": {"type": "float", "data": 0.002}}, {"type": "dict", "image_number": {"type": "int", "data": 26}, "Hcamera2end": {"type": "ndarray", "data": [[0.9999874550519355, -0.003460036001070045, -0.0036218627285696295, -0.012297658795509524], [0.0036014636450576, -0.005883777382645228, 0.9999762050285619, 0.02713365985003279], [-0.00348126390361763, -0.9999767043859484, -0.005871242377095021, 0.031483733220259644], [0.0, 0.0, 0.0, 1.0]]}, "Hobj2base": {"type": "ndarray", "data": [[0.9999696701296399, -0.004904900718740866, 0.006049857003152548, -0.7298178240953269], [-0.00488084432020028, -0.9999801494311624, -0.0039847336613320645, 0.09131189457139495], [0.006069281633049109, 0.003955084394684836, -0.9999737602196817, -0.0011079422763572667], [0.0, 0.0, 0.0, 1.0]]}, "mean_rme": {"type": "float", "data": 0.0017166643491768262}, "max_rme": {"type": "float", "data": 0.006981805233714972}, "simu": {"type": "float", "data": 0.002}}, {"type": "dict", "image_number": {"type": "int", "data": 27}, "Hcamera2end": {"type": "ndarray", "data": [[0.9999909507176513, -0.0018160269415151045, -0.0038471455594562905, -0.012257641084728259], [0.0038382524095725533, -0.004875380387308503, 0.9999807490569605, 0.025837799564470753], [-0.0018347482792915883, -0.9999864662645326, -0.004868365898830662, 0.03145701797081111], [0.0, 0.0, 0.0, 1.0]]}, "Hobj2base": {"type": "ndarray", "data": [[0.9999829507148956, -0.0030139234804610004, 0.005001454266955475, -0.7307352018624693], [-0.0029939369449510553, -0.9999875227649067, -0.003998831838736431, 0.09094514303136968], [0.005013444035807962, 0.003983789622804006, -0.9999794971893876, 0.000345858814850164], [0.0, 0.0, 0.0, 1.0]]}, "mean_rme": {"type": "float", "data": 0.0018152547476612407}, "max_rme": {"type": "float", "data": 0.009560809633482575}, "simu": {"type": "float", "data": 0.002}}, {"type": "dict", "image_number": {"type": "int", "data": 28}, "Hcamera2end": {"type": "ndarray", "data": [[0.9999961078777214, -0.002095625712882198, -0.0018418963814732583, -0.012083136556429772], [0.0018304976178904057, -0.005428290450270046, 0.999983591336007, 0.026130473131178077], [-0.0021055896750019586, -0.9999830708645315, -0.005424433284824337, 0.030293528887128055], [0.0, 0.0, 0.0, 1.0]]}, "Hobj2base": {"type": "ndarray", "data": [[0.9999789031119772, -0.0033235122371911524, 0.005581003258916171, -0.7292104807246496], [-0.0033116846748307426, -0.999992253938397, -0.002127159566098948, 0.09205859275792762], [0.005588029668969508, 0.002108632166689043, -0.9999821636383344, 0.000330612360245847], [0.0, 0.0, 0.0, 1.0]]}, "mean_rme": {"type": "float", "data": 0.0018505653541335345}, "max_rme": {"type": "float", "data": 0.009785668020128507}, "simu": {"type": "float", "data": 0.002}}, {"type": "dict", "image_number": {"type": "int", "data": 29}, "Hcamera2end": {"type": "ndarray", "data": [[0.9999983175835505, -0.0011186236188068276, -0.0014537920304526857, -0.01195442868484081], [0.0014477429811461998, -0.005389522513525868, 0.9999844284224313, 0.02576407960736392], [-0.0011264414449504868, -0.9999848507493878, -0.005387893966611879, 0.029914980936248316], [0.0, 0.0, 0.0, 1.0]]}, "Hobj2base": {"type": "ndarray", "data": [[0.9999820070579988, -0.002073944018263395, 0.0056288823460389536, -0.7290629606557711], [-0.0020640839820564283, -0.9999963263691536, -0.0017569307080259992, 0.09205457166411474], [0.005632505443535549, 0.0017452806097863305, -0.9999826142878796, 0.0007687104906914722], [0.0, 0.0, 0.0, 1.0]]}, "mean_rme": {"type": "float", "data": 0.0018947667697655447}, "max_rme": {"type": "float", "data": 0.009494738715045581}, "simu": {"type": "float", "data": 0.002}}, {"type": "dict", "image_number": {"type": "int", "data": 30}, "Hcamera2end": {"type": "ndarray", "data": [[0.99999547065611, -0.0018592167587755165, -0.002366850292880269, -0.012123766805498093], [0.0023569943694278857, -0.005285539206936862, 0.9999832536861977, 0.025954869696588608], [-0.0018716957037682158, -0.9999843030709712, -0.005281133103480329, 0.030431650075183902], [0.0, 0.0, 0.0, 1.0]]}, "Hobj2base": {"type": "ndarray", "data": [[0.9999812254547044, -0.0027969980737430566, 0.005452113341012544, -0.7295112207604083], [-0.0027832867021840087, -0.9999929493153936, -0.0025208400652018026, 0.09172384608048186], [0.005459125684687522, 0.0025056179430149755, -0.9999819597500159, 0.00044999715248762636], [0.0, 0.0, 0.0, 1.0]]}, "mean_rme": {"type": "float", "data": 0.001898649877078914}, "max_rme": {"type": "float", "data": 0.009635911743573755}, "simu": {"type": "float", "data": 0.002}}, {"type": "dict", "image_number": {"type": "int", "data": 31}, "Hcamera2end": {"type": "ndarray", "data": [[0.9999947672292214, -0.0019392994700679384, -0.002589330365298846, -0.012689270436475272], [0.0025785028540500255, -0.005565050860339982, 0.9999811905890799, 0.026162789253209424], [-0.0019536727481644194, -0.9999826345124636, -0.005560021250486047, 0.030529734590954778], [0.0, 0.0, 0.0, 1.0]]}, "Hobj2base": {"type": "ndarray", "data": [[0.9999781975551363, -0.00303802818279421, 0.0058630025704816836, -0.7295053985441919], [-0.003021948905865653, -0.9999916542450906, -0.0027494117511553677, 0.09106959411015106], [0.005871306429685313, 0.002731634113054301, -0.9999790327481277, 0.00018394001514052753], [0.0, 0.0, 0.0, 1.0]]}, "mean_rme": {"type": "float", "data": 0.0018639493376395974}, "max_rme": {"type": "float", "data": 0.009686822757433544}, "simu": {"type": "float", "data": 0.002}}]}