{"type": "list", "data": [{"type": "dict", "image_number": {"type": "int", "data": 5}, "Hcamera2end": {"type": "ndarray", "data": [[0.9999610126347713, -0.002566820539358646, 0.008448943292596984, -0.015664370478881667], [-0.008412904333776481, 0.013740837629179659, 0.9998701977866522, 0.029571797300280752], [-0.0026825829182930915, -0.9999022956337118, 0.013718707494484894, 0.03501001688537184], [0.0, 0.0, 0.0, 1.0]]}, "Hobj2base": {"type": "ndarray", "data": [[0.9999543177033717, -0.004309214946986425, -0.008531891520929077, -0.7419593323212055], [-0.004240530078822633, -0.9999585894707941, 0.008052157985925379, 0.09552694603679432], [-0.008566236690334517, -0.008015610402232016, -0.9999311824214927, -0.0005388961838077355], [0.0, 0.0, 0.0, 1.0]]}, "mean_rme": {"type": "float", "data": 0.001216006315516236}, "max_rme": {"type": "float", "data": 0.003636397899070297}, "simu": {"type": "float", "data": 0.002}}, {"type": "dict", "image_number": {"type": "int", "data": 6}, "Hcamera2end": {"type": "ndarray", "data": [[0.9999586148847268, -0.0027962405725519713, -0.008657341189943117, -0.016643618575789356], [0.008717570181891812, 0.02229768420819822, 0.9997133675454556, 0.030877179328212486], [-0.002602400419317186, -0.9997474652719115, 0.022321137839403593, 0.035558175435766316], [0.0, 0.0, 0.0, 1.0]]}, "Hobj2base": {"type": "ndarray", "data": [[0.9998479901861702, -0.0038890681530894585, -0.01699622515668483, -0.7472726339838], [-0.0040297625508819955, -0.9999578352811112, -0.008251586132209643, 0.08510461624876618], [-0.01696341753478968, 0.008318822561780652, -0.9998215038979337, 0.0011748129202728181], [0.0, 0.0, 0.0, 1.0]]}, "mean_rme": {"type": "float", "data": 0.0013976391360098384}, "max_rme": {"type": "float", "data": 0.003966180441107192}, "simu": {"type": "float", "data": 0.002}}, {"type": "dict", "image_number": {"type": "int", "data": 7}, "Hcamera2end": {"type": "ndarray", "data": [[0.9999955102346382, -0.002453772779457949, -0.001720031892861539, -0.01654595605878502], [0.0017310260067718395, 0.004485428288544369, 0.9999884421742244, 0.03047281918735951], [-0.0024460293394702316, -0.9999869298806936, 0.004489655694519756, 0.035012487933092806], [0.0, 0.0, 0.0, 1.0]]}, "Hobj2base": {"type": "ndarray", "data": [[0.9999938639991652, -0.0035003363050752525, -0.00014003489014170742, -0.737306635423784], [-0.0035006058471930743, -0.9999919259844638, -0.0019732522862707428, 0.08883151042937103], [-0.00013312671288112255, 0.0019737303853483083, -0.9999980433309079, -0.0017579945241608743], [0.0, 0.0, 0.0, 1.0]]}, "mean_rme": {"type": "float", "data": 0.0016061780790057219}, "max_rme": {"type": "float", "data": 0.004004626844257619}, "simu": {"type": "float", "data": 0.002}}, {"type": "dict", "image_number": {"type": "int", "data": 8}, "Hcamera2end": {"type": "ndarray", "data": [[0.9999823401780422, -0.003299727036931388, 0.004942786008720735, -0.01632411371932687], [-0.004934108721336664, 0.0026326801594636073, 0.999984361660873, 0.03008118443511842], [-0.0033126882093385914, -0.9999910903586389, 0.002616352454849813, 0.03477810149485976], [0.0, 0.0, 0.0, 1.0]]}, "Hobj2base": {"type": "ndarray", "data": [[0.9999887198629389, -0.00439606651765696, 0.001798539978152034, -0.7361088274458649], [-0.004405486185583886, -0.9999764228436334, 0.005267394832307768, 0.09288398485319814], [0.0017753417556361504, -0.005275258858400073, -0.9999845097828404, -0.0020326731274633997], [0.0, 0.0, 0.0, 1.0]]}, "mean_rme": {"type": "float", "data": 0.001526333550750241}, "max_rme": {"type": "float", "data": 0.004004296005468255}, "simu": {"type": "float", "data": 0.002}}, {"type": "dict", "image_number": {"type": "int", "data": 9}, "Hcamera2end": {"type": "ndarray", "data": [[0.9999968028847918, -0.002303381863789223, -0.001043384964673454, -0.016800436801940533], [0.0010651573589388636, 0.009471456901416597, 0.9999545774403783, 0.030576934095863526], [-0.0022933948625646922, -0.9999524918395645, 0.009473880084220454, 0.035421586080655376], [0.0, 0.0, 0.0, 1.0]]}, "Hobj2base": {"type": "ndarray", "data": [[0.9999786124674452, -0.0029500669864419567, -0.005837097948340946, -0.7402544195678948], [-0.0029517045078110648, -0.9999956067343716, -0.000271942005221734, 0.08894360133532994], [-0.00583627005728733, 0.000289165577379897, -0.9999829270218001, -0.0005004815952129624], [0.0, 0.0, 0.0, 1.0]]}, "mean_rme": {"type": "float", "data": 0.0017195428677425888}, "max_rme": {"type": "float", "data": 0.00429831325469221}, "simu": {"type": "float", "data": 0.002}}, {"type": "dict", "image_number": {"type": "int", "data": 10}, "Hcamera2end": {"type": "ndarray", "data": [[0.9999939728825843, -0.0014506522394084286, -0.0031543314007150217, -0.01668455762602483], [0.003162272576330591, 0.005504891119061606, 0.9999798478999067, 0.030611970331160376], [-0.0014332587548049258, -0.9999837957596351, 0.005509445298230942, 0.03530630625684849], [0.0, 0.0, 0.0, 1.0]]}, "Hobj2base": {"type": "ndarray", "data": [[0.9999960414445386, -0.0020854795593932183, -0.0018888806897362632, -0.7380563287641246], [-0.0020904680925721212, -0.9999943225296493, -0.00264288698619765, 0.08769922480772788], [-0.0018833582788846497, 0.002646825168995506, -0.9999947236251392, -0.0013181958109607316], [0.0, 0.0, 0.0, 1.0]]}, "mean_rme": {"type": "float", "data": 0.0016951771265225068}, "max_rme": {"type": "float", "data": 0.004133705433327695}, "simu": {"type": "float", "data": 0.002}}, {"type": "dict", "image_number": {"type": "int", "data": 11}, "Hcamera2end": {"type": "ndarray", "data": [[0.9999981661470749, -0.001740193244212497, 0.0007996436455575964, -0.016445327222137988], [-0.0007841163330035937, 0.00890521617369433, 0.9999600403448511, 0.030442311243726584], [-0.0017472447062161771, -0.9999588335788493, 0.008903835328892273, 0.035166228809454574], [0.0, 0.0, 0.0, 1.0]]}, "Hobj2base": {"type": "ndarray", "data": [[0.9999783217238404, -0.00241409133389512, -0.006126030150369444, -0.7400315581484057], [-0.0024038764037923443, -0.9999957090749145, 0.0016742789477828673, 0.09013070450762782], [-0.00613004572633136, -0.0016595164329740756, -0.999979834068969, -0.0007139727570171935], [0.0, 0.0, 0.0, 1.0]]}, "mean_rme": {"type": "float", "data": 0.0018783238947936713}, "max_rme": {"type": "float", "data": 0.0054449391818054416}, "simu": {"type": "float", "data": 0.002}}, {"type": "dict", "image_number": {"type": "int", "data": 12}, "Hcamera2end": {"type": "ndarray", "data": [[0.9999804084638333, -0.0019275261607705645, 0.005955445525284041, -0.015687287076595283], [-0.0059372699932871975, 0.009301682589053506, 0.9999391119093398, 0.030293078585568168], [-0.0019828044613355274, -0.9999548806540782, 0.009290056111566969, 0.034978556093558315], [0.0, 0.0, 0.0, 1.0]]}, "Hobj2base": {"type": "ndarray", "data": [[0.9999730166545729, -0.002823341954737078, -0.006781939468891966, -0.7400505867076367], [-0.002776347085875874, -0.9999721409901237, 0.00692886285667843, 0.09316937863379132], [-0.006801313079975202, -0.006909846874897507, -0.9999529969736343, -0.0010476227862544023], [0.0, 0.0, 0.0, 1.0]]}, "mean_rme": {"type": "float", "data": 0.001869554710085338}, "max_rme": {"type": "float", "data": 0.005404191068939218}, "simu": {"type": "float", "data": 0.002}}, {"type": "dict", "image_number": {"type": "int", "data": 13}, "Hcamera2end": {"type": "ndarray", "data": [[0.9999869748520359, -0.001424227711564633, 0.004901193905508389, -0.015602944250862213], [-0.004889134986040323, 0.008350583198535544, 0.9999531809636553, 0.03035886265801045], [-0.0014650888580757457, -0.9999641190241129, 0.008343511189421116, 0.03503804709990694], [0.0, 0.0, 0.0, 1.0]]}, "Hobj2base": {"type": "ndarray", "data": [[0.9999837282666584, -0.002097975280420431, -0.00530487527061282, -0.7395262322528656], [-0.002071052535230937, -0.9999849748808689, 0.005075505285621997, 0.09244097987054561], [-0.005315443848854782, -0.005064436022975128, -0.9999730484090352, -0.001427252434292784], [0.0, 0.0, 0.0, 1.0]]}, "mean_rme": {"type": "float", "data": 0.001855595629027674}, "max_rme": {"type": "float", "data": 0.005608512376823915}, "simu": {"type": "float", "data": 0.002}}, {"type": "dict", "image_number": {"type": "int", "data": 14}, "Hcamera2end": {"type": "ndarray", "data": [[0.9999994083418734, -0.0007239376171055469, 0.0008119299414094973, -0.015996303029580234], [-0.0008062526956511346, 0.007808279332958912, 0.9999691898905931, 0.030369004591059595], [-0.0007302550882896785, -0.9999692528713995, 0.00780769103647172, 0.03519037756518577], [0.0, 0.0, 0.0, 1.0]]}, "Hobj2base": {"type": "ndarray", "data": [[0.9999884981817326, -0.0013368032371040804, -0.004606133014607509, -0.739314990839165], [-0.00133139466371115, -0.99999842093705, 0.0011770775917101784, 0.09014230963687439], [-0.004607699262368442, -0.0011709314722616398, -0.9999886989496409, -0.0012731055818992595], [0.0, 0.0, 0.0, 1.0]]}, "mean_rme": {"type": "float", "data": 0.0018369760361112185}, "max_rme": {"type": "float", "data": 0.005760555437297532}, "simu": {"type": "float", "data": 0.002}}, {"type": "dict", "image_number": {"type": "int", "data": 15}, "Hcamera2end": {"type": "ndarray", "data": [[0.9999986592173409, -0.00018112106512722568, 0.0016275007466175309, -0.01581354284990913], [-0.0016261460733398379, 0.007243783027220174, 0.9999724412484586, 0.030409799044911416], [-0.00019290533594192862, -0.9999737470566984, 0.007243478785572632, 0.03523702795869825], [0.0, 0.0, 0.0, 1.0]]}, "Hobj2base": {"type": "ndarray", "data": [[0.9999928445008089, -0.0002661229312438737, -0.0037736091167954165, -0.7390675025123988], [-0.00025860220706864427, -0.9999979798841108, 0.0019933270169589625, 0.09038410269989385], [-0.00377413196369636, -0.001992336890062888, -0.999990893219352, -0.0015167698452315432], [0.0, 0.0, 0.0, 1.0]]}, "mean_rme": {"type": "float", "data": 0.00179158613330065}, "max_rme": {"type": "float", "data": 0.005814277049700445}, "simu": {"type": "float", "data": 0.002}}, {"type": "dict", "image_number": {"type": "int", "data": 16}, "Hcamera2end": {"type": "ndarray", "data": [[0.9999992955626654, -0.00043660682706481163, -0.001103743018775325, -0.015973969368301626], [0.0011069921156108959, 0.007512806584796028, 0.9999711657371306, 0.030435262410078535], [-0.0004283020300094112, -0.9999716831549275, 0.007513284612809756, 0.03521252538656683], [0.0, 0.0, 0.0, 1.0]]}, "Hobj2base": {"type": "ndarray", "data": [[0.9999913398165404, 0.00019738155989235508, -0.0041570822027344485, -0.7392456322606874], [0.00019292684031907838, -0.9999994068280886, -0.001071971410856321, 0.08886770006346939], [-0.0041572913242592865, 0.0010711601146529196, -0.9999907847299667, -0.001421575319175604], [0.0, 0.0, 0.0, 1.0]]}, "mean_rme": {"type": "float", "data": 0.0017767128743448202}, "max_rme": {"type": "float", "data": 0.005952953594875132}, "simu": {"type": "float", "data": 0.002}}, {"type": "dict", "image_number": {"type": "int", "data": 17}, "Hcamera2end": {"type": "ndarray", "data": [[0.9999985622788898, -0.00022902689202277152, -0.0016801746444951914, -0.01606349421512472], [0.001681851659141209, 0.007530161104796873, 0.9999702335813464, 0.030388043896582808], [-0.00021636808895517698, -0.9999716217075455, 0.0075305354677837055, 0.03525195564486885], [0.0, 0.0, 0.0, 1.0]]}, "Hobj2base": {"type": "ndarray", "data": [[0.9999907909937468, 0.00024124945880690278, -0.004284825130539932, -0.7392666760097357], [0.00023628575798022422, -0.999999300553126, -0.0011589056475440705, 0.08861067439031561], [-0.004285101718892665, 0.0011578825320209328, -0.9999901485571252, -0.0012835590113134431], [0.0, 0.0, 0.0, 1.0]]}, "mean_rme": {"type": "float", "data": 0.001728604938881635}, "max_rme": {"type": "float", "data": 0.005946167885650888}, "simu": {"type": "float", "data": 0.002}}, {"type": "dict", "image_number": {"type": "int", "data": 18}, "Hcamera2end": {"type": "ndarray", "data": [[0.9999968778362941, -0.0008458636720864496, -0.00235134691444038, -0.016034742046876955], [0.0023570855496545134, 0.006848563519750384, 0.9999737703187156, 0.030242951455776844], [-0.000829738136651407, -0.9999761905627375, 0.006850535910452371, 0.03513766224582657], [0.0, 0.0, 0.0, 1.0]]}, "Hobj2base": {"type": "ndarray", "data": [[0.9999925669319485, 0.0002679558699527214, -0.003846333384439626, -0.73874624993826], [0.0002621958339027245, -0.9999988436755229, -0.0014979656076747855, 0.08842672835550004], [-0.00384673032550775, 0.0014969459806052836, -0.9999914808729791, -0.0013409752356252883], [0.0, 0.0, 0.0, 1.0]]}, "mean_rme": {"type": "float", "data": 0.0017328804347163489}, "max_rme": {"type": "float", "data": 0.005993210364354629}, "simu": {"type": "float", "data": 0.002}}, {"type": "dict", "image_number": {"type": "int", "data": 19}, "Hcamera2end": {"type": "ndarray", "data": [[0.9999998927572852, 0.00035665415476775143, -0.00029543735714691573, -0.016158699010344245], [0.0002927014691403388, 0.0076468166840024665, 0.9999707198315615, 0.03042714631299238], [0.00035890286718573416, -0.9999706990669353, 0.007646711470742029, 0.03537646098758471], [0.0, 0.0, 0.0, 1.0]]}, "Hobj2base": {"type": "ndarray", "data": [[0.9999871207340298, 0.0010535734761886648, -0.004964710363666397, -0.7395353374432482], [0.001056609150199483, -0.9999992564286704, 0.0006088671536006242, 0.08914404790386517], [-0.0049640651857665525, -0.0006141050702369526, -0.9999874903876522, -0.001064020836894269], [0.0, 0.0, 0.0, 1.0]]}, "mean_rme": {"type": "float", "data": 0.001819908961467955}, "max_rme": {"type": "float", "data": 0.005866443087375328}, "simu": {"type": "float", "data": 0.002}}, {"type": "dict", "image_number": {"type": "int", "data": 20}, "Hcamera2end": {"type": "ndarray", "data": [[0.9999998298155505, 0.00021071634253894833, 0.0005440289451252123, -0.016319724740517627], [-0.0005450837899669415, 0.0050387122390210815, 0.9999871570488464, 0.030644794018376137], [0.00020797243101506967, -0.9999872834079419, 0.005038826239573191, 0.032951876746449664], [0.0, 0.0, 0.0, 1.0]]}, "Hobj2base": {"type": "ndarray", "data": [[0.9999960718828669, 0.0013163038458702467, -0.0024745834036224127, -0.736001179830764], [0.0013196273177470091, -0.9999982289555178, 0.0013418902971255634, 0.08935098777122201], [-0.0024728126856662885, -0.0013451505538827598, -0.999996037875855, -0.0015392630118656269], [0.0, 0.0, 0.0, 1.0]]}, "mean_rme": {"type": "float", "data": 0.0018236983204205053}, "max_rme": {"type": "float", "data": 0.006018599386548862}, "simu": {"type": "float", "data": 0.002}}, {"type": "dict", "image_number": {"type": "int", "data": 21}, "Hcamera2end": {"type": "ndarray", "data": [[0.9999998644575476, 0.0002929642141809376, 0.00043041474837605113, -0.016269267187006768], [-0.00043196777009179806, 0.005321804881346592, 0.999985745796734, 0.03047135711371489], [0.0002906694549005677, -0.9999857961815128, 0.00532193071111442, 0.03303211342472595], [0.0, 0.0, 0.0, 1.0]]}, "Hobj2base": {"type": "ndarray", "data": [[0.9999948391051334, 0.0017007341443857201, -0.0027256680774429085, -0.7362722078654552], [0.0017038548788985103, -0.9999978951780786, 0.0011430301676073336, 0.08920133850814521], [-0.0027237183499628764, -0.0011476684114008185, -0.9999956320982444, -0.001338568166683149], [0.0, 0.0, 0.0, 1.0]]}, "mean_rme": {"type": "float", "data": 0.0017847535710794398}, "max_rme": {"type": "float", "data": 0.006026421641436519}, "simu": {"type": "float", "data": 0.002}}, {"type": "dict", "image_number": {"type": "int", "data": 22}, "Hcamera2end": {"type": "ndarray", "data": [[0.9999999073178052, 0.000344762879094462, 0.00025788163607371145, -0.016325834226886132], [-0.0002600424126063724, 0.006282143536660012, 0.9999802333299036, 0.029625009854010148], [0.0003431360148270857, -0.9999802077097036, 0.0062822326073879164, 0.033039862113306284], [0.0, 0.0, 0.0, 1.0]]}, "Hobj2base": {"type": "ndarray", "data": [[0.9999924203615529, 0.001679867768720518, -0.0035124441238267253, -0.736837069394176], [0.0016832419217729885, -0.999998124567187, 0.0009578928654255534, 0.0891450500778775], [-0.003510828403123246, -0.0009637978981410728, -0.9999933725668062, -0.00035327018671074684], [0.0, 0.0, 0.0, 1.0]]}, "mean_rme": {"type": "float", "data": 0.0018071471648578035}, "max_rme": {"type": "float", "data": 0.006053481838797059}, "simu": {"type": "float", "data": 0.002}}, {"type": "dict", "image_number": {"type": "int", "data": 23}, "Hcamera2end": {"type": "ndarray", "data": [[0.9999998747236982, 5.4742525357730015e-05, 0.0004975498404039809, -0.016368824142686346], [-0.000497906499188379, 0.006720441988984249, 0.9999772936165054, 0.029702270498914243], [5.139752751389244e-05, -0.9999774160763475, 0.006720468403731306, 0.03269273075816867], [0.0, 0.0, 0.0, 1.0]]}, "Hobj2base": {"type": "ndarray", "data": [[0.9999914760417518, 0.001314174260059324, -0.0039141780558456475, -0.7366493643354053], [0.0013183327746517399, -0.999998569163441, 0.0010600329081267316, 0.08930366187656281], [-0.0039127793873339105, -0.0010651840616673247, -0.9999917777363878, -0.00033722008084591004], [0.0, 0.0, 0.0, 1.0]]}, "mean_rme": {"type": "float", "data": 0.0017676139266265204}, "max_rme": {"type": "float", "data": 0.006091432844764266}, "simu": {"type": "float", "data": 0.002}}, {"type": "dict", "image_number": {"type": "int", "data": 24}, "Hcamera2end": {"type": "ndarray", "data": [[0.9999996236334663, 0.0008660837081755498, -5.130240063659522e-05, -0.016165053053666893], [4.496123715989225e-05, 0.007320084402837268, 0.9999732068124736, 0.029454254783944284], [0.0008664360409350712, -0.9999728327626434, 0.007320042707607444, 0.03348032123993683], [0.0, 0.0, 0.0, 1.0]]}, "Hobj2base": {"type": "ndarray", "data": [[0.9999873252705965, 0.001898827347660888, -0.0046630197149361684, -0.7377611258427145], [0.0019004679443233156, -0.9999981337567816, 0.00034742559933109604, 0.08888023713985056], [-0.00466235131137796, -0.00035628311529762056, -0.9999890677115384, -5.1243345370460824e-05], [0.0, 0.0, 0.0, 1.0]]}, "mean_rme": {"type": "float", "data": 0.0018689798733353955}, "max_rme": {"type": "float", "data": 0.007701593960132036}, "simu": {"type": "float", "data": 0.002}}, {"type": "dict", "image_number": {"type": "int", "data": 25}, "Hcamera2end": {"type": "ndarray", "data": [[0.9999998911723252, 0.0004662853976475558, 1.5273035688977707e-05, -0.016230733367549034], [-1.8841290077056876e-05, 0.007653466478078519, 0.9999707116190328, 0.02898349134215081], [0.0004661548492365259, -0.9999706030823092, 0.007653474430587948, 0.03341041840999253], [0.0, 0.0, 0.0, 1.0]]}, "Hobj2base": {"type": "ndarray", "data": [[0.9999856099988498, 0.0016150968963091629, -0.005115785105320481, -0.7379133390884016], [0.0016171014722834367, -0.9999986173235089, 0.00038772915552562375, 0.08897769578863153], [-0.005115151811688987, -0.0003959963197283292, -0.9999868391178244, 0.0004958136930306867], [0.0, 0.0, 0.0, 1.0]]}, "mean_rme": {"type": "float", "data": 0.0018722556674002383}, "max_rme": {"type": "float", "data": 0.007848931849646273}, "simu": {"type": "float", "data": 0.002}}, {"type": "dict", "image_number": {"type": "int", "data": 26}, "Hcamera2end": {"type": "ndarray", "data": [[0.9999998792092745, 0.0001645556739143329, -0.0004631445418569559, -0.016338217013573308], [0.0004618971488426463, 0.00750122432163236, 0.9999717587435658, 0.028931571706601423], [0.00016802517775715684, -0.999971851881395, 0.007501147407757425, 0.032728762736291925], [0.0, 0.0, 0.0, 1.0]]}, "Hobj2base": {"type": "ndarray", "data": [[0.9999858684270568, 0.0014791639824442465, -0.005106370540605081, -0.7371748844891086], [0.0014787614759997078, -0.9999989032203456, -8.259904953758652e-05, 0.0887678302423667], [-0.005106487117580824, 7.504677824546635e-05, -0.9999869589936154, 0.0005776892940986011], [0.0, 0.0, 0.0, 1.0]]}, "mean_rme": {"type": "float", "data": 0.0018540862544285423}, "max_rme": {"type": "float", "data": 0.00793692133034582}, "simu": {"type": "float", "data": 0.002}}, {"type": "dict", "image_number": {"type": "int", "data": 27}, "Hcamera2end": {"type": "ndarray", "data": [[0.9999998554461325, 0.00017263947137612876, 0.0005092183491098473, -0.016255399586250465], [-0.0005105364726837648, 0.007723046372507314, 0.999970046505013, 0.028818711001049185], [0.0001687015832966815, -0.9999701619300152, 0.007723133394857862, 0.033453786494521846], [0.0, 0.0, 0.0, 1.0]]}, "Hobj2base": {"type": "ndarray", "data": [[0.9999850793665191, 0.0013954945665111543, -0.005281442913753254, -0.7380136530307536], [0.0014009825010792402, -0.9999984824506596, 0.0010355406359293347, 0.08926248376847999], [-0.005279989807572206, -0.001042924394109669, -0.9999855169032896, 0.000707747309209429], [0.0, 0.0, 0.0, 1.0]]}, "mean_rme": {"type": "float", "data": 0.0018427870256438245}, "max_rme": {"type": "float", "data": 0.00798302311627061}, "simu": {"type": "float", "data": 0.002}}, {"type": "dict", "image_number": {"type": "int", "data": 28}, "Hcamera2end": {"type": "ndarray", "data": [[0.999999838175709, -0.0005408983655805319, 0.00017628815553939753, -0.016266121122174484], [-0.0001719563635391781, 0.00799813571930641, 0.9999679996159999, 0.028339028917761022], [-0.0005422910332188386, -0.9999678681107577, 0.007998041414097767, 0.03319812868769513], [0.0, 0.0, 0.0, 1.0]]}, "Hobj2base": {"type": "ndarray", "data": [[0.9999831416056021, 0.0007930435017384172, -0.00575218102937482, -0.7379596807859498], [0.0007955154000099342, -0.9999995922177598, 0.0004274570872601093, 0.08911164768156137], [-0.005751839691672232, -0.0004320258296124568, -0.999983364708555, 0.0012386070056928675], [0.0, 0.0, 0.0, 1.0]]}, "mean_rme": {"type": "float", "data": 0.001875233068542296}, "max_rme": {"type": "float", "data": 0.007941139987776819}, "simu": {"type": "float", "data": 0.002}}, {"type": "dict", "image_number": {"type": "int", "data": 29}, "Hcamera2end": {"type": "ndarray", "data": [[0.9999997222656489, -0.0002743176484448648, 0.0006929779597309024, -0.016221312605257898], [-0.0006907669733057365, 0.007979618351478535, 0.999967923751534, 0.02842308261410559], [-0.0002798385490084537, -0.9999681247123795, 0.007979426645692622, 0.03345232194484877], [0.0, 0.0, 0.0, 1.0]]}, "Hobj2base": {"type": "ndarray", "data": [[0.999982060535392, 0.0010287165428333293, -0.005900877025164786, -0.7381992077210143], [0.0010346265007282755, -0.9999989661987276, 0.0009985737226510109, 0.08933498139351753], [-0.005899843675522881, -0.0010046610125208288, -0.9999820910900625, 0.0011759271204158364], [0.0, 0.0, 0.0, 1.0]]}, "mean_rme": {"type": "float", "data": 0.001832512882994407}, "max_rme": {"type": "float", "data": 0.007948662049357319}, "simu": {"type": "float", "data": 0.002}}, {"type": "dict", "image_number": {"type": "int", "data": 30}, "Hcamera2end": {"type": "ndarray", "data": [[0.9999998891522661, -0.00016546031812849556, -0.00044081553809785794, -0.016230888285628856], [0.00044212083629040536, 0.007973545968312234, 0.9999681130385393, 0.028453998779968043], [-0.00016194017914513868, -0.9999681970880744, 0.00797361823791698, 0.03312414891909005], [0.0, 0.0, 0.0, 1.0]]}, "Hobj2base": {"type": "ndarray", "data": [[0.9999818370465798, 0.0012249607072570216, -0.005901275134505784, -0.7378733153026239], [0.0012248976870630121, -0.9999992497103973, -1.4293330922351135e-05, 0.08872671925295574], [-0.005901288215609162, 7.0646130502687735e-06, -0.9999825872221417, 0.0011493701057446145], [0.0, 0.0, 0.0, 1.0]]}, "mean_rme": {"type": "float", "data": 0.0018235376949738257}, "max_rme": {"type": "float", "data": 0.0077860176668810566}, "simu": {"type": "float", "data": 0.002}}, {"type": "dict", "image_number": {"type": "int", "data": 31}, "Hcamera2end": {"type": "ndarray", "data": [[0.9999997226673585, -0.0003434901264890499, -0.0006608174778997193, -0.016281771521316765], [0.0006635829301113687, 0.008114261045346516, 0.9999668586635173, 0.028381961537171225], [-0.0003381166972481836, -0.9999670198472652, 0.008114486729181691, 0.03336882701522671], [0.0, 0.0, 0.0, 1.0]]}, "Hobj2base": {"type": "ndarray", "data": [[0.9999817173200283, 0.0010025679525460338, -0.0059632108119399676, -0.738169482183635], [0.0010023119953541406, -0.9999994966312908, -4.591108525834969e-05, 0.08872116700149955], [-0.005963253839228989, 3.9933248153037824e-05, -0.9999822188464071, 0.0012293568416733014], [0.0, 0.0, 0.0, 1.0]]}, "mean_rme": {"type": "float", "data": 0.0018213631268991274}, "max_rme": {"type": "float", "data": 0.007885953386220973}, "simu": {"type": "float", "data": 0.002}}]}