{"type": "list", "data": [{"type": "dict", "image_number": {"type": "int", "data": 5}, "Hcamera2end": {"type": "ndarray", "data": [[0.9991140436862834, 0.0023385593283555967, 0.04201974356312836, -0.014307823777376964], [-0.04194443659486481, -0.026136257682041864, 0.9987780335355386, 0.03240733448741487], [0.0034339405327804377, -0.9996556543003424, -0.02601501254606009, 0.03146613568127429], [0.0, 0.0, 0.0, 1.0]]}, "Hobj2base": {"type": "ndarray", "data": [[0.9995418587801929, 0.013559645581270742, 0.027059352504214002, -0.7190454273926674], [0.012481516391484062, -0.9991367863285332, 0.039621887305631376, 0.10877887036111518], [0.027573253250316735, -0.03926599313402582, -0.9988482855210759, -0.008279803832213429], [0.0, 0.0, 0.0, 1.0]]}, "mean_rme": {"type": "float", "data": 0.0015243669306148613}, "max_rme": {"type": "float", "data": 0.004462774147646842}, "simu": {"type": "float", "data": 0.002}}, {"type": "dict", "image_number": {"type": "int", "data": 6}, "Hcamera2end": {"type": "ndarray", "data": [[0.9994918614625846, 0.0013871781144289969, 0.03184485212615028, -0.014725050740723068], [-0.03186482713069694, 0.01818153946517964, 0.9993268056119615, 0.031019785718388034], [0.0008072558382127386, -0.9998337398585602, 0.018216502915123667, 0.03316625481694568], [0.0, 0.0, 0.0, 1.0]]}, "Hobj2base": {"type": "ndarray", "data": [[0.999912082110596, -0.00491312179902432, -0.012316220339074013, -0.7427649330977574], [-0.004537358571523658, -0.9995289099368583, 0.030354086670985984, 0.10568604183248721], [-0.012459551614969503, -0.030295534895826814, -0.9994633260600061, -0.0006868333176439645], [0.0, 0.0, 0.0, 1.0]]}, "mean_rme": {"type": "float", "data": 0.0017082887359593122}, "max_rme": {"type": "float", "data": 0.004616246370769461}, "simu": {"type": "float", "data": 0.002}}, {"type": "dict", "image_number": {"type": "int", "data": 7}, "Hcamera2end": {"type": "ndarray", "data": [[0.9997231035170194, 0.000692863631114659, 0.023520974348177685, -0.01455228943245549], [-0.023529310409179487, 0.01684391459730561, 0.9995812393661194, 0.030355358504832317], [0.0002963882039351759, -0.9998578911430502, 0.016855553180041727, 0.03302904508045951], [0.0, 0.0, 0.0, 1.0]]}, "Hobj2base": {"type": "ndarray", "data": [[0.9999197839928898, -0.005307732743579297, -0.011500154465717744, -0.7420567904625589], [-0.005046709432432582, -0.9997316521540425, 0.02260872409608506, 0.10153435360112595], [-0.011617069489214031, -0.022548872576495647, -0.9996782442576269, 0.00040500873296735385], [0.0, 0.0, 0.0, 1.0]]}, "mean_rme": {"type": "float", "data": 0.0017393410814548974}, "max_rme": {"type": "float", "data": 0.005279326911966992}, "simu": {"type": "float", "data": 0.002}}, {"type": "dict", "image_number": {"type": "int", "data": 8}, "Hcamera2end": {"type": "ndarray", "data": [[0.9996508234006358, 0.0008264412726825664, 0.026411139113138804, -0.01435927588331672], [-0.026422032563873703, 0.018862497929386657, 0.9994729022675191, 0.030611262572799582], [0.00032782560052737816, -0.999821745696045, 0.01887774784472318, 0.03301921534033608], [0.0, 0.0, 0.0, 1.0]]}, "Hobj2base": {"type": "ndarray", "data": [[0.9998895625889667, -0.0070181374698167435, -0.013099937866250131, -0.7431457127669809], [-0.006669226810430742, -0.999626809315324, 0.026490819387402612, 0.10341752211029201], [-0.01328096530361749, -0.026400527353060744, -0.9995632186690768, 0.00044497790602329723], [0.0, 0.0, 0.0, 1.0]]}, "mean_rme": {"type": "float", "data": 0.0016705127267372336}, "max_rme": {"type": "float", "data": 0.004830957430042929}, "simu": {"type": "float", "data": 0.002}}, {"type": "dict", "image_number": {"type": "int", "data": 9}, "Hcamera2end": {"type": "ndarray", "data": [[0.9997038964348731, 0.0009144049375480034, 0.024316317906760997, -0.014864318062074413], [-0.02432687920803492, 0.01423891551224099, 0.9996026491726763, 0.03040155095527869], [0.0005678036017464014, -0.999898203393048, 0.014256943937057232, 0.03277939844195776], [0.0, 0.0, 0.0, 1.0]]}, "Hobj2base": {"type": "ndarray", "data": [[0.9999438194578544, -0.004805683525063679, -0.009447927492036864, -0.7407605817460403], [-0.004570140825949966, -0.9996820833706761, 0.024796088411195537, 0.10163174675007036], [-0.009564085992338205, -0.02475151699435353, -0.9996478833397335, -3.2878687805030595e-05], [0.0, 0.0, 0.0, 1.0]]}, "mean_rme": {"type": "float", "data": 0.0016050785453447286}, "max_rme": {"type": "float", "data": 0.004970114055750145}, "simu": {"type": "float", "data": 0.002}}, {"type": "dict", "image_number": {"type": "int", "data": 10}, "Hcamera2end": {"type": "ndarray", "data": [[0.9998843631734711, 0.003587795903824292, 0.014777956615673212, -0.015327468653530803], [-0.014803646152235735, 0.007242521190563234, 0.99986418975149, 0.029652275454479432], [0.0034802789804287545, -0.9999673362702187, 0.007294796149423299, 0.03192066764268509], [0.0, 0.0, 0.0, 1.0]]}, "Hobj2base": {"type": "ndarray", "data": [[0.9999886267956907, 0.0009685983173504952, -0.004669913978713844, -0.7373937930189486], [0.0010374175265048793, -0.9998905730120937, 0.014756888778546478, 0.09550985567323597], [-0.0046551094664531445, -0.014761565596044217, -0.9998802058931904, 0.00017666552174213645], [0.0, 0.0, 0.0, 1.0]]}, "mean_rme": {"type": "float", "data": 0.0017334203299929107}, "max_rme": {"type": "float", "data": 0.0056178148937343145}, "simu": {"type": "float", "data": 0.002}}, {"type": "dict", "image_number": {"type": "int", "data": 11}, "Hcamera2end": {"type": "ndarray", "data": [[0.9998980987708402, 0.0038034920462808354, 0.013759561138091937, -0.015306819155202437], [-0.013783516780740097, 0.006345551689600937, 0.9998848676917306, 0.029617893532987973], [0.0037157421350340787, -0.999972633336537, 0.006397330566529358, 0.03187831306506152], [0.0, 0.0, 0.0, 1.0]]}, "Hobj2base": {"type": "ndarray", "data": [[0.9999885767765827, 0.002213887735501134, -0.004236155974354884, -0.7369645726010255], [0.0022730016388993516, -0.9998993968688439, 0.01400105727691496, 0.09485321527038205], [-0.0042047330348103885, -0.014010526129181952, -0.9998930069650898, 0.00023341760291048256], [0.0, 0.0, 0.0, 1.0]]}, "mean_rme": {"type": "float", "data": 0.0016476642046300714}, "max_rme": {"type": "float", "data": 0.00574237127317653}, "simu": {"type": "float", "data": 0.002}}, {"type": "dict", "image_number": {"type": "int", "data": 12}, "Hcamera2end": {"type": "ndarray", "data": [[0.9999609539249102, 0.003933712402346207, 0.007913060869168237, -0.01528699324052743], [-0.007940899445630705, 0.007112407376537733, 0.9999431762741844, 0.029376644856264598], [0.003877207961654353, -0.9999669692385074, 0.007143366879580393, 0.031838014455060806], [0.0, 0.0, 0.0, 1.0]]}, "Hobj2base": {"type": "ndarray", "data": [[0.9999856613277843, 0.0018678701891838307, -0.005018784692543364, -0.7373576090317786], [0.0019061225439562105, -0.9999690904860372, 0.007627894163818246, 0.09207368229771158], [-0.0050043816482329894, -0.007637351208589855, -0.9999583126464997, 0.0009315750326341585], [0.0, 0.0, 0.0, 1.0]]}, "mean_rme": {"type": "float", "data": 0.0017318498800074366}, "max_rme": {"type": "float", "data": 0.006190519201576004}, "simu": {"type": "float", "data": 0.002}}, {"type": "dict", "image_number": {"type": "int", "data": 13}, "Hcamera2end": {"type": "ndarray", "data": [[0.9999664502062617, 0.003783850275911622, 0.0072650491379813616, -0.015274459613876487], [-0.007293822904914128, 0.0076469024850391865, 0.9999441609559085, 0.029373778270523742], [0.003728083867022069, -0.9999636030173666, 0.007674244666849295, 0.031872314328002894], [0.0, 0.0, 0.0, 1.0]]}, "Hobj2base": {"type": "ndarray", "data": [[0.99998226767914, 0.0010432768111290906, -0.00586309651806869, -0.7375884178484629], [0.0010847714470425202, -0.9999743584564493, 0.007078538021326875, 0.0919069987207536], [-0.0058555613046496376, -0.0070847726221135165, -0.9999577583071695, 0.0011184664513900937], [0.0, 0.0, 0.0, 1.0]]}, "mean_rme": {"type": "float", "data": 0.0016387537140748912}, "max_rme": {"type": "float", "data": 0.006176724274560754}, "simu": {"type": "float", "data": 0.002}}, {"type": "dict", "image_number": {"type": "int", "data": 14}, "Hcamera2end": {"type": "ndarray", "data": [[0.999957502732448, 0.003228360696298447, 0.008635416394184293, -0.01510230886103694], [-0.008660197935769966, 0.007742689271459935, 0.9999325235907466, 0.02943271400763547], [0.0031612815122410457, -0.9999648136059889, 0.007770318470960436, 0.03205374521541193], [0.0, 0.0, 0.0, 1.0]]}, "Hobj2base": {"type": "ndarray", "data": [[0.999983762746623, 0.0009234821440166624, -0.005623292970773655, -0.737547503854325], [0.0009720464159202639, -0.999962204905857, 0.008639669298172854, 0.09270436080428064], [-0.00561510185755936, -0.008644995115451276, -0.999946865933677, 0.001039505265849989], [0.0, 0.0, 0.0, 1.0]]}, "mean_rme": {"type": "float", "data": 0.0016359703350741555}, "max_rme": {"type": "float", "data": 0.006256060145556668}, "simu": {"type": "float", "data": 0.002}}, {"type": "dict", "image_number": {"type": "int", "data": 15}, "Hcamera2end": {"type": "ndarray", "data": [[0.9999360198281716, 0.0030237922662412643, 0.01090013442692598, -0.01486544617555429], [-0.0109244806813646, 0.008155412678049534, 0.9999070681647836, 0.029494912908881173], [0.0029346161651788534, -0.9999621722467212, 0.00818792425354209, 0.0321329196210505], [0.0, 0.0, 0.0, 1.0]]}, "Hobj2base": {"type": "ndarray", "data": [[0.999982744784104, 0.0006086885831779491, -0.005842912994248254, -0.7377349974138102], [0.0006715980453903137, -0.99994176684567, 0.010770880819421907, 0.09397630164567936], [-0.005836016630808568, -0.010774619054494299, -0.9999249214286623, 0.0009631387257199253], [0.0, 0.0, 0.0, 1.0]]}, "mean_rme": {"type": "float", "data": 0.0015864033173286513}, "max_rme": {"type": "float", "data": 0.006211192340223003}, "simu": {"type": "float", "data": 0.002}}, {"type": "dict", "image_number": {"type": "int", "data": 16}, "Hcamera2end": {"type": "ndarray", "data": [[0.9999404644308224, 0.0046035806755996105, 0.009893161215423614, -0.01487743938128279], [-0.009923792104138159, 0.006679129967820163, 0.9999284512269601, 0.02933768198174921], [0.0045371735855002674, -0.9999670975926339, 0.0067244172995751805, 0.031686054480301436], [0.0, 0.0, 0.0, 1.0]]}, "Hobj2base": {"type": "ndarray", "data": [[0.9999779957222101, 0.002797245540448451, -0.006015271297117967, -0.7372200174066239], [0.0028530740854960475, -0.9999527520126914, 0.009292669719059904, 0.09304538043661081], [-0.0059889932087255635, -0.009309627255229031, -0.9999387295233215, 0.0011150912382860804], [0.0, 0.0, 0.0, 1.0]]}, "mean_rme": {"type": "float", "data": 0.0016812139659250804}, "max_rme": {"type": "float", "data": 0.006185772694011722}, "simu": {"type": "float", "data": 0.002}}, {"type": "dict", "image_number": {"type": "int", "data": 17}, "Hcamera2end": {"type": "ndarray", "data": [[0.9999183502912874, 0.004369573353420472, 0.012008312931439443, -0.014711817178566369], [-0.012039159203777131, 0.007102867470559993, 0.9999022991869566, 0.029318446707460283], [0.0042838529872541616, -0.9999652274466373, 0.0071548935127543345, 0.03175978011624003], [0.0, 0.0, 0.0, 1.0]]}, "Hobj2base": {"type": "ndarray", "data": [[0.9999778481864579, 0.00231418484489423, -0.006240808031424921, -0.7373993718449189], [0.0023852273894710446, -0.9999321703663755, 0.01140023494014636, 0.09415292145382259], [-0.006214002468775908, -0.011414868150516616, -0.9999155399124593, 0.0011002209398608017], [0.0, 0.0, 0.0, 1.0]]}, "mean_rme": {"type": "float", "data": 0.0016316646026257973}, "max_rme": {"type": "float", "data": 0.006226842074311421}, "simu": {"type": "float", "data": 0.002}}, {"type": "dict", "image_number": {"type": "int", "data": 18}, "Hcamera2end": {"type": "ndarray", "data": [[0.9999740750903632, 0.00554405906172046, 0.004594840181416756, -0.015181121555754202], [-0.0046233781775671745, 0.005145702263698593, 0.999976072774964, 0.02936211800682155], [0.005520282728248831, -0.9999713921694626, 0.0051712011435135485, 0.0314143218810227], [0.0, 0.0, 0.0, 1.0]]}, "Hobj2base": {"type": "ndarray", "data": [[0.9999801162091789, 0.003921748883860415, -0.004938326839006358, -0.7364985898841998], [0.003942847338816967, -0.9999831106993706, 0.004269926330951671, 0.09031807798632058], [-0.004921497855297195, -0.004289312497465069, -0.9999786901015233, 0.0011814801937279783], [0.0, 0.0, 0.0, 1.0]]}, "mean_rme": {"type": "float", "data": 0.0018016849509714223}, "max_rme": {"type": "float", "data": 0.006438300285363685}, "simu": {"type": "float", "data": 0.002}}, {"type": "dict", "image_number": {"type": "int", "data": 19}, "Hcamera2end": {"type": "ndarray", "data": [[0.9999739608495573, 0.004942086677346521, 0.005258650218618571, -0.015327463656461577], [-0.00528490383388416, 0.005314293108862778, 0.9999719136456883, 0.02937141093861668], [0.004914001863530337, -0.9999736666872917, 0.005340273182013577, 0.031851357984961984], [0.0, 0.0, 0.0, 1.0]]}, "Hobj2base": {"type": "ndarray", "data": [[0.9999834431713597, 0.003143367581451593, -0.004820023174209779, -0.7369280996000399], [0.0031670841745612506, -0.999982877906985, 0.004920718514115541, 0.09076268145136566], [-0.004804473018269937, -0.004935902461738374, -0.9999762766715545, 0.0010500035755234983], [0.0, 0.0, 0.0, 1.0]]}, "mean_rme": {"type": "float", "data": 0.0017969112954315416}, "max_rme": {"type": "float", "data": 0.006461881454258633}, "simu": {"type": "float", "data": 0.002}}, {"type": "dict", "image_number": {"type": "int", "data": 20}, "Hcamera2end": {"type": "ndarray", "data": [[0.9999748638369528, 0.004824711098931984, 0.0051955612862991125, -0.015282350455842841], [-0.005215051158704922, 0.004035837729267411, 0.9999782573912469, 0.02926199233437176], [0.004803637754862247, -0.9999802168926316, 0.004060897398999175, 0.03084681866400274], [0.0, 0.0, 0.0, 1.0]]}, "Hobj2base": {"type": "ndarray", "data": [[0.9999878478657215, 0.003083353580168926, -0.003846693590902409, -0.7353509715547695], [0.0031016502752043286, -0.9999838628104587, 0.004759609673413909, 0.09087166552107988], [-0.003831955956552099, -0.004771482932232894, -0.999981274356762, 0.0010090947144426987], [0.0, 0.0, 0.0, 1.0]]}, "mean_rme": {"type": "float", "data": 0.0017684019965511064}, "max_rme": {"type": "float", "data": 0.006537817677208846}, "simu": {"type": "float", "data": 0.002}}, {"type": "dict", "image_number": {"type": "int", "data": 21}, "Hcamera2end": {"type": "ndarray", "data": [[0.999969761573393, 0.001973079730252169, 0.007522160276785618, -0.015537326326345462], [-0.007529939406023525, 0.003965288950083856, 0.9999637875923727, 0.02878404835368357], [0.0019431807412584002, -0.9999901916718584, 0.003980026216796939, 0.031194639273628744], [0.0, 0.0, 0.0, 1.0]]}, "Hobj2base": {"type": "ndarray", "data": [[0.999996703668548, 0.0005085254163891659, -0.0025167546441849523, -0.7353959358249551], [0.0005263784333528288, -0.9999746696674157, 0.007098094764651717, 0.09260659683552344], [-0.0025130813323570173, -0.007099396132345435, -0.9999716410962729, 0.000991823273568956], [0.0, 0.0, 0.0, 1.0]]}, "mean_rme": {"type": "float", "data": 0.0018788203985059258}, "max_rme": {"type": "float", "data": 0.006886385877462674}, "simu": {"type": "float", "data": 0.002}}, {"type": "dict", "image_number": {"type": "int", "data": 22}, "Hcamera2end": {"type": "ndarray", "data": [[0.9999689532800562, 0.0015520465661849935, 0.00772551794024705, -0.015567593050577663], [-0.007731126378499555, 0.003640673339687983, 0.9999634869246744, 0.029026563544756755], [0.0015238638089914735, -0.9999921682938774, 0.003652559376870923, 0.03118336650756408], [0.0, 0.0, 0.0, 1.0]]}, "Hobj2base": {"type": "ndarray", "data": [[0.9999980352004553, 0.0001691969855549969, -0.0019750867345654506, -0.7351413936817353], [0.00018327120828602825, -0.999974579609388, 0.007127871119242461, 0.09264482398243802], [-0.001973830512782364, -0.007128219090936846, -0.9999726458687253, 0.0006598068056594257], [0.0, 0.0, 0.0, 1.0]]}, "mean_rme": {"type": "float", "data": 0.0018286548245317054}, "max_rme": {"type": "float", "data": 0.006915421427062307}, "simu": {"type": "float", "data": 0.002}}, {"type": "dict", "image_number": {"type": "int", "data": 23}, "Hcamera2end": {"type": "ndarray", "data": [[0.9999649578437794, 0.0009680802384436447, 0.008315401682449517, -0.01558750997960397], [-0.008319701323210905, 0.004525497245811971, 0.9999551502165338, 0.02847786401796201], [0.0009304054928428269, -0.9999892912903268, 0.004533392801071234, 0.031042353487093416], [0.0, 0.0, 0.0, 1.0]]}, "Hobj2base": {"type": "ndarray", "data": [[0.9999965530297604, -0.0010077919961023823, -0.002424517248878765, -0.7353738933490308], [-0.0009880912176731926, -0.9999665995063403, 0.008113171234038987, 0.09338987212899244], [-0.002432612657838437, -0.00811074762397848, -0.9999641484416517, 0.001207718277954558], [0.0, 0.0, 0.0, 1.0]]}, "mean_rme": {"type": "float", "data": 0.0018291503023563991}, "max_rme": {"type": "float", "data": 0.006992634806883391}, "simu": {"type": "float", "data": 0.002}}, {"type": "dict", "image_number": {"type": "int", "data": 24}, "Hcamera2end": {"type": "ndarray", "data": [[0.9999801517069598, 0.0018783870182836815, 0.00601397159416175, -0.015477738241419965], [-0.006019816289229128, 0.003121551394179134, 0.9999770086000664, 0.02892915298675166], [0.0018595709101222055, -0.9999933637675317, 0.0031327969814824996, 0.03024023231383078], [0.0, 0.0, 0.0, 1.0]]}, "Hobj2base": {"type": "ndarray", "data": [[0.9999985266105831, 0.00057969010588542, -0.0016157772259858985, -0.7340348523237322], [0.0005895337485866695, -0.9999812308129725, 0.006098399112208318, 0.09194587657169512], [-0.0016122117175338619, -0.006099342682096522, -0.9999800991980909, 0.0009101533025499172], [0.0, 0.0, 0.0, 1.0]]}, "mean_rme": {"type": "float", "data": 0.0019073189362826838}, "max_rme": {"type": "float", "data": 0.0067330012947110635}, "simu": {"type": "float", "data": 0.002}}, {"type": "dict", "image_number": {"type": "int", "data": 25}, "Hcamera2end": {"type": "ndarray", "data": [[0.999966897165608, 0.0027380075860896904, 0.007662107245710777, -0.015531468540096722], [-0.007670794715718529, 0.0031766281313028166, 0.9999655333770983, 0.0290277388286069], [0.002713573550792935, -0.9999912061354208, 0.003197525670030843, 0.0318978448928087], [0.0, 0.0, 0.0, 1.0]]}, "Hobj2base": {"type": "ndarray", "data": [[0.9999973210606034, 0.0010980346516151248, -0.002037692695277905, -0.7357738281302167], [0.0011132147171082683, -0.999971527955716, 0.007463513308385784, 0.09231934198879391], [-0.002029439481765849, -0.007465761703583273, -0.9999700714409283, 0.0007086673000466859], [0.0, 0.0, 0.0, 1.0]]}, "mean_rme": {"type": "float", "data": 0.001980484844605509}, "max_rme": {"type": "float", "data": 0.007176782088809987}, "simu": {"type": "float", "data": 0.002}}, {"type": "dict", "image_number": {"type": "int", "data": 26}, "Hcamera2end": {"type": "ndarray", "data": [[0.9999667827267338, 0.0032994690691746232, 0.00745298242361348, -0.015503298180063909], [-0.007463591017876355, 0.0032146910043869825, 0.9999669797402633, 0.02858198367296596], [0.003275401084295923, -0.9999893895765133, 0.003239210108825885, 0.03207977570170671], [0.0, 0.0, 0.0, 1.0]]}, "Hobj2base": {"type": "ndarray", "data": [[0.999996016574431, 0.0013635333999262463, -0.002471358318294557, -0.7361007806533889], [0.001381157176143425, -0.9999735304244479, 0.007143588406435081, 0.09234346541439001], [-0.0024615523811013346, -0.007146973284758504, -0.999971430358259, 0.001173791904204488], [0.0, 0.0, 0.0, 1.0]]}, "mean_rme": {"type": "float", "data": 0.0019822514291531284}, "max_rme": {"type": "float", "data": 0.007333421855183445}, "simu": {"type": "float", "data": 0.002}}, {"type": "dict", "image_number": {"type": "int", "data": 27}, "Hcamera2end": {"type": "ndarray", "data": [[0.999972638671873, 0.002783339876865321, 0.006853825701133609, -0.015580520084380363], [-0.0068626193540573584, 0.003162224532183733, 0.9999714519883102, 0.02868767776723412], [0.0027615870822745425, -0.9999911266382006, 0.0031812390116287004, 0.032490478223280966], [0.0, 0.0, 0.0, 1.0]]}, "Hobj2base": {"type": "ndarray", "data": [[0.9999969620784299, 0.0011220874764709813, -0.002194710369569469, -0.7364217863297873], [0.0011364362549223458, -0.9999779184262731, 0.0065476081508246825, 0.09206025334180828], [-0.0021873149178037545, -0.006550082408137682, -0.9999761557526747, 0.0010557448330910904], [0.0, 0.0, 0.0, 1.0]]}, "mean_rme": {"type": "float", "data": 0.0019582237466262164}, "max_rme": {"type": "float", "data": 0.007294749246915901}, "simu": {"type": "float", "data": 0.002}}, {"type": "dict", "image_number": {"type": "int", "data": 28}, "Hcamera2end": {"type": "ndarray", "data": [[0.9999893374160269, 0.001643884571563088, 0.0043154023880448665, -0.015728236614721405], [-0.004321203284295768, 0.003541719243114083, 0.9999843915916784, 0.029043362002803857], [0.0016285749694619418, -0.9999923769051036, 0.003548785038644864, 0.03383365783782814], [0.0, 0.0, 0.0, 1.0]]}, "Hobj2base": {"type": "ndarray", "data": [[0.9999981704896056, 6.258549497748983e-05, -0.0019118317126605466, -0.7377146471199699], [7.015058263511924e-05, -0.9999921678983379, 0.0039571733444259466, 0.09085040468052909], [-0.0019115690773477399, -0.003957300220844724, -0.9999903427926813, 0.000833533992565882], [0.0, 0.0, 0.0, 1.0]]}, "mean_rme": {"type": "float", "data": 0.0019995280877665653}, "max_rme": {"type": "float", "data": 0.007324699930654106}, "simu": {"type": "float", "data": 0.002}}, {"type": "dict", "image_number": {"type": "int", "data": 29}, "Hcamera2end": {"type": "ndarray", "data": [[0.9999968015726411, 0.0016447013111776229, 0.001921406277898973, -0.015869159356325643], [-0.0019248353469664245, 0.0020858814515080093, 0.9999959720456163, 0.028512338443000215], [0.0016406868606798864, -0.9999964720218603, 0.0020890405591866834, 0.03444839245510755], [0.0, 0.0, 0.0, 1.0]]}, "Hobj2base": {"type": "ndarray", "data": [[0.9999994766880068, 0.0007292476631678811, -0.0007175106677242872, -0.7378241893503138], [0.0007304501660022848, -0.9999983268793526, 0.0016771049609759473, 0.08992341149125857], [-0.0007162864423686954, -0.0016776281891131548, -0.9999983362473117, 0.0012340096609094148], [0.0, 0.0, 0.0, 1.0]]}, "mean_rme": {"type": "float", "data": 0.0020527153467454207}, "max_rme": {"type": "float", "data": 0.007391149091381603}, "simu": {"type": "float", "data": 0.002}}, {"type": "dict", "image_number": {"type": "int", "data": 30}, "Hcamera2end": {"type": "ndarray", "data": [[0.9999921384940426, 0.002333875825008616, 0.0032056159696890827, -0.015834279078439806], [-0.0032088724748806927, 0.0013929157374720225, 0.9999938814428759, 0.028262848420516705], [0.002329396392123588, -0.9999963063978696, 0.0014003938969513463, 0.03394205388822546], [0.0, 0.0, 0.0, 1.0]]}, "Hobj2base": {"type": "ndarray", "data": [[0.9999985763494952, 0.0016340669851340772, -0.0004208611065653515, -0.7371664736662941], [0.0016353262614041786, -0.9999941346418881, 0.0030093836311606633, 0.09050473959924553], [-0.00041594110362696375, -0.0030100675920701077, -0.9999953832323873, 0.0013202726936570005], [0.0, 0.0, 0.0, 1.0]]}, "mean_rme": {"type": "float", "data": 0.002043907541803397}, "max_rme": {"type": "float", "data": 0.0074055306833199705}, "simu": {"type": "float", "data": 0.002}}, {"type": "dict", "image_number": {"type": "int", "data": 31}, "Hcamera2end": {"type": "ndarray", "data": [[0.9999928769868232, 0.002223333296592842, 0.003050043388003852, -0.016712980915670018], [-0.003052459392249422, 0.001084076428717884, 0.9999947536212156, 0.028627888168948463], [0.0022200151520007016, -0.9999969407789951, 0.0010908553414304967, 0.03405840777586594], [0.0, 0.0, 0.0, 1.0]]}, "Hobj2base": {"type": "ndarray", "data": [[0.9999986837094568, 0.0016184941032055186, -0.00011426369355583513, -0.7371981396954306], [0.001618794597298846, -0.999995096843566, 0.0026806329250456304, 0.08948085528441699], [-0.00010992454472102598, -0.0026808143660036567, -0.999996400568987, 0.001460494694678197], [0.0, 0.0, 0.0, 1.0]]}, "mean_rme": {"type": "float", "data": 0.002020299780375332}, "max_rme": {"type": "float", "data": 0.007421952235793575}, "simu": {"type": "float", "data": 0.002}}]}