{"type": "list", "data": [{"type": "dict", "image_number": {"type": "int", "data": 5}, "Hcamera2end": {"type": "ndarray", "data": [[0.9992292594761443, -0.009348419807011515, 0.03812471709886066, -0.015608179524465323], [-0.037982787350832777, 0.014916819118970581, 0.9991670512844354, 0.032242690936395514], [-0.00990933256166634, -0.9998450357702858, 0.014550243080392544, 0.03498912963612065], [0.0, 0.0, 0.0, 1.0]]}, "Hobj2base": {"type": "ndarray", "data": [[0.9998536832891401, -0.012324611389257882, -0.011862376121317372, -0.7417090373166066], [-0.01188279070663583, -0.9992585477102225, 0.03662177102597694, 0.10947496621877792], [-0.01230492983166157, -0.03647545451616155, -0.9992587902639021, 0.007520379334220473], [0.0, 0.0, 0.0, 1.0]]}, "mean_rme": {"type": "float", "data": 0.0019599237656716902}, "max_rme": {"type": "float", "data": 0.0069630678580107075}, "simu": {"type": "float", "data": 0.002}}, {"type": "dict", "image_number": {"type": "int", "data": 6}, "Hcamera2end": {"type": "ndarray", "data": [[0.9992758611501255, -0.007965788840179013, 0.03720617597696568, -0.01569709417322621], [-0.037347443660235985, -0.01838803092170349, 0.9991331486698196, 0.03215260931325184], [-0.007274735371184175, -0.9997991931017829, -0.018672217284058323, 0.03400656574427142], [0.0, 0.0, 0.0, 1.0]]}, "Hobj2base": {"type": "ndarray", "data": [[0.999713732788845, -0.01170825748459799, 0.02086550215231292, -0.7240060480844731], [-0.012461476908839402, -0.9992617090624567, 0.036342102234577255, 0.10914053158908403], [0.020424594650672562, -0.03659171365558544, -0.9991215553800765, 0.002066739384279028], [0.0, 0.0, 0.0, 1.0]]}, "mean_rme": {"type": "float", "data": 0.0021636492637380268}, "max_rme": {"type": "float", "data": 0.00622918489928187}, "simu": {"type": "float", "data": 0.002}}, {"type": "dict", "image_number": {"type": "int", "data": 7}, "Hcamera2end": {"type": "ndarray", "data": [[0.9995922343811354, -0.008852356238943126, 0.02714775780700922, -0.015905684473994902], [-0.027296122084831197, -0.017093438332043798, 0.9994812334832098, 0.03137494755048039], [-0.008383715409004285, -0.9998147079109246, -0.017328103212220558, 0.03416288317567422], [0.0, 0.0, 0.0, 1.0]]}, "Hobj2base": {"type": "ndarray", "data": [[0.9997348721381885, -0.012804292763056353, 0.019137280832917773, -0.7247981339862638], [-0.013312118578064393, -0.9995562256913342, 0.026648436739504646, 0.10389865796700012], [0.018787573813655988, -0.0268961292481608, -0.9994616677500261, 0.000808079209548483], [0.0, 0.0, 0.0, 1.0]]}, "mean_rme": {"type": "float", "data": 0.0021147092534550714}, "max_rme": {"type": "float", "data": 0.006265823302382734}, "simu": {"type": "float", "data": 0.002}}, {"type": "dict", "image_number": {"type": "int", "data": 8}, "Hcamera2end": {"type": "ndarray", "data": [[0.9997122616526084, -0.008584450897611996, 0.02239868532332204, -0.015723927927872396], [-0.022455360046175547, -0.0065634887309427015, 0.9997263012549363, 0.031170360239421713], [-0.008435087825466703, -0.9999416122046655, -0.006754367099246705, 0.03447721695903914], [0.0, 0.0, 0.0, 1.0]]}, "Hobj2base": {"type": "ndarray", "data": [[0.999889670960168, -0.012669051485383416, 0.0077550655463222064, -0.7305534240622439], [-0.012836855605993085, -0.9996758879989511, 0.021984860510350025, 0.1015454924523582], [0.007474024706805126, -0.02208198559843223, -0.9997282255026678, 0.002065791251322384], [0.0, 0.0, 0.0, 1.0]]}, "mean_rme": {"type": "float", "data": 0.002150909248505113}, "max_rme": {"type": "float", "data": 0.006765147058024945}, "simu": {"type": "float", "data": 0.002}}, {"type": "dict", "image_number": {"type": "int", "data": 9}, "Hcamera2end": {"type": "ndarray", "data": [[0.999673000824206, -0.00897090522435056, 0.02394607029520586, -0.015519521953191933], [-0.023955632503098942, -0.0009599646760993785, 0.9997125617592274, 0.0313709849403589], [-0.008945339261519948, -0.9999592998353865, -0.0011745544772161498, 0.03477027302328159], [0.0, 0.0, 0.0, 1.0]]}, "Hobj2base": {"type": "ndarray", "data": [[0.9999250422185447, -0.012033243250987025, 0.002260752331435857, -0.7335417144638415], [-0.012084209839664, -0.9996371193987634, 0.024074912101463716, 0.10240913796396327], [0.0019702326747075348, -0.02410042690503244, -0.9997076010545296, 0.003377925595137209], [0.0, 0.0, 0.0, 1.0]]}, "mean_rme": {"type": "float", "data": 0.0020414399524759917}, "max_rme": {"type": "float", "data": 0.007112504158142741}, "simu": {"type": "float", "data": 0.002}}, {"type": "dict", "image_number": {"type": "int", "data": 10}, "Hcamera2end": {"type": "ndarray", "data": [[0.9996830262671307, -0.00924700979956687, 0.02341665653243695, -0.015568791688703308], [-0.023418373594319156, -7.743988861630413e-05, 0.9997257492839025, 0.031167134724319166], [-0.00924266041723394, -0.9999572424923129, -0.000293965272322394, 0.03476386322615961], [0.0, 0.0, 0.0, 1.0]]}, "Hobj2base": {"type": "ndarray", "data": [[0.9999304649493147, -0.011697220011135457, 0.001496766601159796, -0.7340338058465508], [-0.011728885143293772, -0.9996605639237501, 0.02326349477067758, 0.10184505379228112], [0.0012241403280171216, -0.023279432545940906, -0.9997282478257761, 0.003378822896725636], [0.0, 0.0, 0.0, 1.0]]}, "mean_rme": {"type": "float", "data": 0.0019788345859733532}, "max_rme": {"type": "float", "data": 0.0071974321045383816}, "simu": {"type": "float", "data": 0.002}}, {"type": "dict", "image_number": {"type": "int", "data": 11}, "Hcamera2end": {"type": "ndarray", "data": [[0.9998104635451799, -0.00814474855995781, 0.017683327075739334, -0.015782462447519855], [-0.017701909822640225, -0.0022151452456933285, 0.9998408550965355, 0.03093730079554104], [-0.008104281226834629, -0.9999643774667352, -0.00235890299945285, 0.034679127673408985], [0.0, 0.0, 0.0, 1.0]]}, "Hobj2base": {"type": "ndarray", "data": [[0.9999364812166905, -0.010735913600160647, 0.0034312812698746114, -0.7330004585226839], [-0.010794149737360752, -0.9997898199041286, 0.017429926778885753, 0.09894878428875055], [0.003243433894893104, -0.017465857414961615, -0.9998421995301705, 0.0020836380520255593], [0.0, 0.0, 0.0, 1.0]]}, "mean_rme": {"type": "float", "data": 0.0019880154968395314}, "max_rme": {"type": "float", "data": 0.006858395341902301}, "simu": {"type": "float", "data": 0.002}}, {"type": "dict", "image_number": {"type": "int", "data": 12}, "Hcamera2end": {"type": "ndarray", "data": [[0.9998724306971128, -0.00846144468952708, 0.013547187369097123, -0.01608304054481352], [-0.013581826282700073, -0.00404977499396475, 0.9998995616147276, 0.03055589435844649], [-0.008405731775039466, -0.9999560006701614, -0.004164180238865667, 0.034708084455376716], [0.0, 0.0, 0.0, 1.0]]}, "Hobj2base": {"type": "ndarray", "data": [[0.9999278728151326, -0.010586776972493836, 0.005671800484738299, -0.7319832831309002], [-0.01065873816530868, -0.9998611223483467, 0.012811218405298678, 0.09662279704288286], [0.005535383286403527, -0.012870748604473079, -0.9999018468640977, 0.000923893894523011], [0.0, 0.0, 0.0, 1.0]]}, "mean_rme": {"type": "float", "data": 0.00201241306871554}, "max_rme": {"type": "float", "data": 0.006511779383315208}, "simu": {"type": "float", "data": 0.002}}, {"type": "dict", "image_number": {"type": "int", "data": 13}, "Hcamera2end": {"type": "ndarray", "data": [[0.9998428508225348, -0.007367346199298831, 0.016124387400647814, -0.016050440170470096], [-0.016135857007753704, -0.0015000340833941639, 0.9998686833861604, 0.03082675853915731], [-0.007342191613668131, -0.9999717356544274, -0.001618676799070462, 0.034565262135826356], [0.0, 0.0, 0.0, 1.0]]}, "Hobj2base": {"type": "ndarray", "data": [[0.9999530849078946, -0.00925665635750336, 0.0028534709152347485, -0.7335123605439464], [-0.009300806166718753, -0.9998308337079636, 0.01586817480014737, 0.09789421421486216], [0.002706101962994825, -0.015893969923150043, -0.9998700209188434, 0.001753980952531623], [0.0, 0.0, 0.0, 1.0]]}, "mean_rme": {"type": "float", "data": 0.0020945521188913793}, "max_rme": {"type": "float", "data": 0.006880251596676268}, "simu": {"type": "float", "data": 0.002}}, {"type": "dict", "image_number": {"type": "int", "data": 14}, "Hcamera2end": {"type": "ndarray", "data": [[0.9998570521536103, -0.006724160952602389, 0.015513249761929805, -0.016164120336159358], [-0.01551815111411825, -0.0006773534795430081, 0.9998793568117421, 0.030826530296519696], [-0.006712841774681446, -0.9999771631651131, -0.0007816031990999228, 0.03447898947265606], [0.0, 0.0, 0.0, 1.0]]}, "Hobj2base": {"type": "ndarray", "data": [[0.9999607294766538, -0.008612401959719216, 0.0020895064016500323, -0.7340307485018255], [-0.00864432667724092, -0.9998380638620976, 0.015783588590343664, 0.09752355250162938], [0.001953233425746349, -0.015801031136489486, -0.9998732481140837, 0.0017457258042520931], [0.0, 0.0, 0.0, 1.0]]}, "mean_rme": {"type": "float", "data": 0.002028567704018393}, "max_rme": {"type": "float", "data": 0.00701060655651331}, "simu": {"type": "float", "data": 0.002}}, {"type": "dict", "image_number": {"type": "int", "data": 15}, "Hcamera2end": {"type": "ndarray", "data": [[0.999942506167715, -0.00461671486095105, 0.009678341951076247, -0.016583929393993425], [-0.009674060853037948, 0.0009487362276034972, 0.9999527551070511, 0.030512925088367247], [-0.0046256789383837885, -0.9999888928600471, 0.0009040193006160102, 0.034194725769681446], [0.0, 0.0, 0.0, 1.0]]}, "Hobj2base": {"type": "ndarray", "data": [[0.9999785134492514, -0.0065462104837376986, 0.00034607532114681335, -0.7351558213965501], [-0.006549341544714802, -0.9999286463801722, 0.009990409083034233, 0.0942347087836535], [0.00028065130674372957, -0.009992460989080859, -0.9999500347308483, 0.0008896188019938042], [0.0, 0.0, 0.0, 1.0]]}, "mean_rme": {"type": "float", "data": 0.002044065156084227}, "max_rme": {"type": "float", "data": 0.007294970547858437}, "simu": {"type": "float", "data": 0.002}}, {"type": "dict", "image_number": {"type": "int", "data": 16}, "Hcamera2end": {"type": "ndarray", "data": [[0.9999591579570688, -0.005423304160627999, 0.00722981256818936, -0.01673123221568794], [-0.007229121013490745, 0.00014710780639182186, 0.9999738587426501, 0.03036112390114492], [-0.00542422595050578, -0.9999852829573417, 0.0001078960761383696, 0.034294910993991505], [0.0, 0.0, 0.0, 1.0]]}, "Hobj2base": {"type": "ndarray", "data": [[0.9999727721950658, -0.00729464663048857, 0.0011148986731925048, -0.7346746662553355], [-0.007302895911180639, -0.9999445783587104, 0.0075833978090770904, 0.09305449326282214], [0.0010595186764025266, -0.0075913333187626435, -0.9999706241078372, 0.0003472692206639427], [0.0, 0.0, 0.0, 1.0]]}, "mean_rme": {"type": "float", "data": 0.002006246065057624}, "max_rme": {"type": "float", "data": 0.007199263010331469}, "simu": {"type": "float", "data": 0.002}}, {"type": "dict", "image_number": {"type": "int", "data": 17}, "Hcamera2end": {"type": "ndarray", "data": [[0.9999814221881185, -0.006009097306196133, -0.0010227551967693406, -0.017301721143736376], [0.0010179147516143853, -0.0008085227080778523, 0.9999991550699374, 0.029998418261376794], [-0.006009919149730564, -0.999981618351355, -0.0008023909387031569, 0.034385578232359784], [0.0, 0.0, 0.0, 1.0]]}, "Hobj2base": {"type": "ndarray", "data": [[0.9999623665904603, -0.008334932197195232, 0.002407136903853332, -0.7341545239680711], [-0.008334155352838324, -0.9999652150187968, -0.00033257625579169935, 0.08904233286783975], [0.002409825172183799, 0.00031250228690099806, -0.9999970475381215, -0.0013262228463061993], [0.0, 0.0, 0.0, 1.0]]}, "mean_rme": {"type": "float", "data": 0.0020503487123076404}, "max_rme": {"type": "float", "data": 0.0071781336081535585}, "simu": {"type": "float", "data": 0.002}}, {"type": "dict", "image_number": {"type": "int", "data": 18}, "Hcamera2end": {"type": "ndarray", "data": [[0.9999758894926221, -0.005756349394431965, 0.0038839252166400946, -0.01679989938485621], [-0.0038855131069980876, -0.00026469259462080785, 0.9999924163341068, 0.030071914162668696], [-0.0057552776939584875, -0.9999833970519109, -0.0002870525837685989, 0.03433024010527208], [0.0, 0.0, 0.0, 1.0]]}, "Hobj2base": {"type": "ndarray", "data": [[0.9999669098213437, -0.007827676899310125, 0.0022151155077574235, -0.7344229961749436], [-0.007837096628501891, -0.9999601460565022, 0.004276238428142009, 0.09125579411898298], [0.002181554213909227, -0.004293457000926033, -0.9999884034568565, -0.0002949941638271114], [0.0, 0.0, 0.0, 1.0]]}, "mean_rme": {"type": "float", "data": 0.0020979399373049407}, "max_rme": {"type": "float", "data": 0.007734319208461515}, "simu": {"type": "float", "data": 0.002}}, {"type": "dict", "image_number": {"type": "int", "data": 19}, "Hcamera2end": {"type": "ndarray", "data": [[0.9999722278043267, -0.006156078203489816, 0.004200752456921817, -0.016805404025241985], [-0.004193350292659017, 0.0012148301566200503, 0.9999904699550958, 0.02932771115790092], [-0.006161122736553268, -0.9999803132506374, 0.0011889818257829754, 0.03463517619689278], [0.0, 0.0, 0.0, 1.0]]}, "Hobj2base": {"type": "ndarray", "data": [[0.9999665678300556, -0.008152776779203041, 0.0006288505126725457, -0.7354534240037659], [-0.00815539025936852, -0.9999576196202296, 0.0042718348706381, 0.09137600972892032], [0.0005939965456110716, -0.004276820575274379, -0.9999906779434853, 0.0006962379694093278], [0.0, 0.0, 0.0, 1.0]]}, "mean_rme": {"type": "float", "data": 0.0020390193783963377}, "max_rme": {"type": "float", "data": 0.007828608578218488}, "simu": {"type": "float", "data": 0.002}}, {"type": "dict", "image_number": {"type": "int", "data": 20}, "Hcamera2end": {"type": "ndarray", "data": [[0.9999724050886053, -0.00619066356780735, 0.004106670902394352, -0.01677764635812301], [-0.004105840923582612, 0.00014677259618434135, 0.9999915602284428, 0.029194747074434188], [-0.006191214066771068, -0.9999808268873935, 0.00012135066618668144, 0.03426853085173334], [0.0, 0.0, 0.0, 1.0]]}, "Hobj2base": {"type": "ndarray", "data": [[0.9999653764759565, -0.008199597281274984, 0.0014186097855172501, -0.7346603325003664], [-0.008205243069840011, -0.999958252534386, 0.004020842516454454, 0.09134008945529784], [0.0013855812727876548, -0.0040323433388283324, -0.9999909101445543, 0.0006932102518912242], [0.0, 0.0, 0.0, 1.0]]}, "mean_rme": {"type": "float", "data": 0.0019618475978277223}, "max_rme": {"type": "float", "data": 0.007896863804147891}, "simu": {"type": "float", "data": 0.002}}, {"type": "dict", "image_number": {"type": "int", "data": 21}, "Hcamera2end": {"type": "ndarray", "data": [[0.9999827152782698, -0.004627262755546937, 0.0036273384305968532, -0.016675518770410694], [-0.0036364688705105707, -0.0019662986975190755, 0.9999914548452833, 0.02941031795562358], [-0.004620090784039232, -0.9999873609745393, -0.001983091607559384, 0.034713957412569815], [0.0, 0.0, 0.0, 1.0]]}, "Hobj2base": {"type": "ndarray", "data": [[0.9999725666589376, -0.006552612865212222, 0.0034538665543310323, -0.7343686133758105], [-0.006562955973803471, -0.999973987829369, 0.0029918678973317467, 0.09075939636226509], [0.0034341721596898127, -0.0030144533945347723, -0.9999895597116553, -4.6998666488162755e-05], [0.0, 0.0, 0.0, 1.0]]}, "mean_rme": {"type": "float", "data": 0.0019964185372651094}, "max_rme": {"type": "float", "data": 0.007799100233080725}, "simu": {"type": "float", "data": 0.002}}, {"type": "dict", "image_number": {"type": "int", "data": 22}, "Hcamera2end": {"type": "ndarray", "data": [[0.9999884600630636, -0.0037578765966165568, 0.002993009219349005, -0.016563151341289658], [-0.002994245479013549, -0.0003233953250876276, 0.9999954649444541, 0.02893149996452516], [-0.0037568916292479745, -0.9999928868641758, -0.00033464359813617506, 0.03437420810426792], [0.0, 0.0, 0.0, 1.0]]}, "Hobj2base": {"type": "ndarray", "data": [[0.9999802604664934, -0.0060580438952482565, 0.0016669677643516853, -0.7348974673596167], [-0.006062127469788618, -0.9999786099630859, 0.002455652018074286, 0.09034265944448705], [0.0016520556601327227, -0.0024657089157245227, -0.999995595486119, 0.0006574525877753111], [0.0, 0.0, 0.0, 1.0]]}, "mean_rme": {"type": "float", "data": 0.001996390164881182}, "max_rme": {"type": "float", "data": 0.007695379791613777}, "simu": {"type": "float", "data": 0.002}}, {"type": "dict", "image_number": {"type": "int", "data": 23}, "Hcamera2end": {"type": "ndarray", "data": [[0.9999848162457314, -0.004358889605339108, 0.0033715514825110988, -0.016561630071801853], [-0.0033691097419335423, 0.0005673964448216218, 0.9999941635633786, 0.02827147307586973], [-0.004360777171280895, -0.9999903390246742, 0.0005527022521800706, 0.0345557222937682], [0.0, 0.0, 0.0, 1.0]]}, "Hobj2base": {"type": "ndarray", "data": [[0.9999775528866571, -0.006675057622347225, 0.0005807999235870722, -0.7355039090302619], [-0.00667651723281053, -0.9999744641911907, 0.0025485453068548264, 0.0905427779737245], [0.0005637734056148484, -0.002552365820068108, -0.9999965837882987, 0.0015052383632147921], [0.0, 0.0, 0.0, 1.0]]}, "mean_rme": {"type": "float", "data": 0.001962096631471278}, "max_rme": {"type": "float", "data": 0.007825051698586327}, "simu": {"type": "float", "data": 0.002}}, {"type": "dict", "image_number": {"type": "int", "data": 24}, "Hcamera2end": {"type": "ndarray", "data": [[0.9999928787920449, -0.002867098833973373, 0.002453998670511077, -0.016482488444888206], [-0.0024556512014190157, -0.0005729993106251552, 0.9999968207194296, 0.02887368586455517], [-0.002865683579115279, -0.9999957256988983, -0.0005800358248739812, 0.03426724206486776], [0.0, 0.0, 0.0, 1.0]]}, "Hobj2base": {"type": "ndarray", "data": [[0.9999843586830637, -0.005213504434047813, 0.0020252804097503777, -0.7348045862578402], [-0.005216782236444328, -0.9999850858690538, 0.0016165464911534922, 0.08992601683166085], [0.0020168223321536715, -0.001627086653102886, -0.9999966425027154, 0.0005505997945686666], [0.0, 0.0, 0.0, 1.0]]}, "mean_rme": {"type": "float", "data": 0.0020239664369831357}, "max_rme": {"type": "float", "data": 0.007591740210991682}, "simu": {"type": "float", "data": 0.002}}, {"type": "dict", "image_number": {"type": "int", "data": 25}, "Hcamera2end": {"type": "ndarray", "data": [[0.9999927987024022, -0.002778245058964017, 0.0025853235250460445, -0.016439065084525424], [-0.0025868127969017086, -0.0005325880441688913, 0.9999965123686827, 0.028704879536762644], [-0.0027768584570697944, -0.9999959988441791, -0.000539771008715384, 0.03386914842488696], [0.0, 0.0, 0.0, 1.0]]}, "Hobj2base": {"type": "ndarray", "data": [[0.9999846958917994, -0.005084066018213607, 0.0021818008405975146, -0.7344771736932539], [-0.005088292801960887, -0.9999851802227979, 0.0019361330377871153, 0.08998232784389153], [0.002171925078611003, -0.0019472050485101389, -0.999995745557926, 0.0007731797545966112], [0.0, 0.0, 0.0, 1.0]]}, "mean_rme": {"type": "float", "data": 0.0019784386463836297}, "max_rme": {"type": "float", "data": 0.007607142250274923}, "simu": {"type": "float", "data": 0.002}}, {"type": "dict", "image_number": {"type": "int", "data": 26}, "Hcamera2end": {"type": "ndarray", "data": [[0.999989101016995, -0.0034331212709384504, 0.0031640994866287443, -0.016543968772189332], [-0.003165464050483997, -0.00039210942074263677, 0.999994913030835, 0.028789332086297033], [-0.0034318631335395313, -0.9999940299464498, -0.00040297256911281387, 0.03363344195402796], [0.0, 0.0, 0.0, 1.0]]}, "Hobj2base": {"type": "ndarray", "data": [[0.9999815507517769, -0.005637125538051041, 0.0022629564157774455, -0.7342265141373294], [-0.005643739264066066, -0.9999797904240015, 0.002926935374994842, 0.09045805001080254], [0.002246411180237171, -0.0029396529112141693, -0.9999931560153656, 0.0008391686734837806], [0.0, 0.0, 0.0, 1.0]]}, "mean_rme": {"type": "float", "data": 0.002027853741637638}, "max_rme": {"type": "float", "data": 0.007688342299441375}, "simu": {"type": "float", "data": 0.002}}, {"type": "dict", "image_number": {"type": "int", "data": 27}, "Hcamera2end": {"type": "ndarray", "data": [[0.9999904713181689, -0.003019406192586111, 0.00315284936377048, -0.016458791869251786], [-0.0031544378961263493, -0.0005214898402738921, 0.9999948887718907, 0.02871409570756697], [-0.0030177465808011858, -0.9999953056062766, -0.0005310094004806754, 0.033472686345042156], [0.0, 0.0, 0.0, 1.0]]}, "Hobj2base": {"type": "ndarray", "data": [[0.9999828698689849, -0.005280911951619231, 0.0025242697058965014, -0.7340686901225695], [-0.005288105600027309, -0.9999819518080344, 0.002851665716294512, 0.09034605899422583], [0.002509164751829073, -0.002864965471654911, -0.9999927480062518, 0.0008776723558465087], [0.0, 0.0, 0.0, 1.0]]}, "mean_rme": {"type": "float", "data": 0.0019956433571330138}, "max_rme": {"type": "float", "data": 0.007683348764749798}, "simu": {"type": "float", "data": 0.002}}, {"type": "dict", "image_number": {"type": "int", "data": 28}, "Hcamera2end": {"type": "ndarray", "data": [[0.9999925921462732, -0.003620259166483997, 0.0013074311242720984, -0.016607346087384987], [-0.0013082899569303971, -0.00023487158664869945, 0.9999991166059731, 0.02885289889723986], [-0.0036199488899460817, -0.9999934192577996, -0.00023960619546326, 0.03462726064671011], [0.0, 0.0, 0.0, 1.0]]}, "Hobj2base": {"type": "ndarray", "data": [[0.9999811683608036, -0.005671975086806311, 0.0023434210839353093, -0.7352442240171188], [-0.005674437468207345, -0.9999833537538645, 0.0010454542515440236, 0.08951862394444007], [0.0023374522843019946, -0.001058732160329232, -0.9999967076960956, 0.0003892858769844485], [0.0, 0.0, 0.0, 1.0]]}, "mean_rme": {"type": "float", "data": 0.0020187365858035764}, "max_rme": {"type": "float", "data": 0.007315523448262667}, "simu": {"type": "float", "data": 0.002}}, {"type": "dict", "image_number": {"type": "int", "data": 29}, "Hcamera2end": {"type": "ndarray", "data": [[0.9999927770663967, -0.002701468702903154, 0.002673552296694461, -0.016541381294112395], [-0.002673943768008854, -0.0001413091413522416, 0.9999964150218001, 0.028480707961209405], [-0.00270108122081734, -0.9999963410425929, -0.0001485316960883054, 0.03388423660891872], [0.0, 0.0, 0.0, 1.0]]}, "Hobj2base": {"type": "ndarray", "data": [[0.9999856378171422, -0.004925537107763812, 0.0021126390234120353, -0.7347407562292502], [-0.004930748880212211, -0.9999847960679478, 0.0024688759438138246, 0.09009908837226886], [0.0021004463629161513, -0.0024792573778650477, -0.9999947206900301, 0.0010697366884386674], [0.0, 0.0, 0.0, 1.0]]}, "mean_rme": {"type": "float", "data": 0.002032165123906665}, "max_rme": {"type": "float", "data": 0.007528140075550194}, "simu": {"type": "float", "data": 0.002}}, {"type": "dict", "image_number": {"type": "int", "data": 30}, "Hcamera2end": {"type": "ndarray", "data": [[0.9999916850257676, -0.003454644143182046, 0.0021668671325180055, -0.01661285411275736], [-0.00216732813869219, -0.00012970723939953466, 0.9999976429296078, 0.028694825773429675], [-0.003454354941988716, -0.9999940242870835, -0.00013719350834784372, 0.034192474788762146], [0.0, 0.0, 0.0, 1.0]]}, "Hobj2base": {"type": "ndarray", "data": [[0.9999814685626583, -0.005709171823250611, 0.002113738006903961, -0.7349050321777935], [-0.005713373213111534, -0.9999817044616741, 0.0019869847641472453, 0.08999012716063567], [0.0021023552975005465, -0.00199902451657177, -0.9999957919927391, 0.0007602235042443024], [0.0, 0.0, 0.0, 1.0]]}, "mean_rme": {"type": "float", "data": 0.0020277490735764307}, "max_rme": {"type": "float", "data": 0.007386487362260052}, "simu": {"type": "float", "data": 0.002}}, {"type": "dict", "image_number": {"type": "int", "data": 31}, "Hcamera2end": {"type": "ndarray", "data": [[0.999994997172446, -0.002727669237140378, 0.001601702410701056, -0.01658432591814544], [-0.001601813442108243, -3.8521470311803085e-05, 0.9999987163540726, 0.028469406212067835], [-0.0027276040358470087, -0.9999962791613922, -4.289049484507146e-05, 0.034247268685350406], [0.0, 0.0, 0.0, 1.0]]}, "Hobj2base": {"type": "ndarray", "data": [[0.9999866594538667, -0.004700338632011717, 0.002141898933400041, -0.7351645576289931], [-0.004703418483747935, -0.9999879090324879, 0.0014351457758858253, 0.0895612640530841], [0.00213512736463666, -0.0014452008772910677, -0.9999966763072565, 0.0008857789380720055], [0.0, 0.0, 0.0, 1.0]]}, "mean_rme": {"type": "float", "data": 0.0020208144060391508}, "max_rme": {"type": "float", "data": 0.007318447120720467}, "simu": {"type": "float", "data": 0.002}}]}