{"type": "list", "data": [{"type": "dict", "image_number": {"type": "int", "data": 5}, "Hcamera2end": {"type": "ndarray", "data": [[0.9998898444868035, 0.0025827202089543063, 0.014616033951732117, -0.014315794831261932], [-0.014627609562751838, 0.004521384436517173, 0.9998827881913245, 0.024585386399715078], [0.0025163327752143446, -0.9999864432276567, 0.004558665403920692, 0.025055181797659754], [0.0, 0.0, 0.0, 1.0]]}, "Hobj2base": {"type": "ndarray", "data": [[0.9999938679293904, 0.003421607890874665, -0.0007461253635461659, -0.7290294766787089], [0.003431036926367082, -0.9999092825990155, 0.013025150975406775, 0.09766927893838313], [-0.0007014907176350906, -0.01302763108793532, -0.9999148907477124, 0.003953852016554293], [0.0, 0.0, 0.0, 1.0]]}, "mean_rme": {"type": "float", "data": 0.0010797761030332672}, "max_rme": {"type": "float", "data": 0.0042878958684368085}, "simu": {"type": "float", "data": 0.002}}, {"type": "dict", "image_number": {"type": "int", "data": 6}, "Hcamera2end": {"type": "ndarray", "data": [[0.9999856158267325, 0.0020820927562938477, -0.004942977785164837, -0.014642266555865856], [0.004915381769377562, 0.013056881196538805, 0.9999026737015362, 0.025614570747215838], [0.0021464299876108473, -0.9999125875511188, 0.013046459103320918, 0.025234750586056683], [0.0, 0.0, 0.0, 1.0]]}, "Hobj2base": {"type": "ndarray", "data": [[0.9999466181185445, 0.0034338907329029616, -0.009745219736891996, -0.7336809782195616], [0.0033809769330534825, -0.9999794819987042, -0.005441008783422964, 0.08657456822579364], [-0.009763703614099848, 0.00540776996899912, -0.9999377111178969, 0.0053543202575484965], [0.0, 0.0, 0.0, 1.0]]}, "mean_rme": {"type": "float", "data": 0.001189916509135314}, "max_rme": {"type": "float", "data": 0.004534195527025275}, "simu": {"type": "float", "data": 0.002}}, {"type": "dict", "image_number": {"type": "int", "data": 7}, "Hcamera2end": {"type": "ndarray", "data": [[0.9999911558722732, 0.0022906000626745256, -0.003527226755960655, -0.01473214686498156], [0.0035028326541250623, 0.01056774606927624, 0.9999380245327271, 0.02561360453274112], [0.0023277329383510547, -0.9999415362381784, 0.01055962901808305, 0.025194129712409762], [0.0, 0.0, 0.0, 1.0]]}, "Hobj2base": {"type": "ndarray", "data": [[0.9999613526196725, 0.002873500584676109, -0.008308806257516494, -0.7323689011470177], [0.002835806935558562, -0.9999856513099197, -0.0045448182912226085, 0.0873205130915454], [-0.008321746575047641, 0.00452108047549031, -0.9999551531770188, 0.005093559643885296], [0.0, 0.0, 0.0, 1.0]]}, "mean_rme": {"type": "float", "data": 0.001137438045541877}, "max_rme": {"type": "float", "data": 0.004135365937740443}, "simu": {"type": "float", "data": 0.002}}, {"type": "dict", "image_number": {"type": "int", "data": 8}, "Hcamera2end": {"type": "ndarray", "data": [[0.9999897522729158, 0.0010317600705210066, 0.004408040416032124, -0.01465691784965026], [-0.0044100136135409515, 0.001918060220951534, 0.9999884363455998, 0.025047548713403877], [0.001023293252629788, -0.9999976282552605, 0.0019225906411507454, 0.024994003218090984], [0.0, 0.0, 0.0, 1.0]]}, "Hobj2base": {"type": "ndarray", "data": [[0.9999996395413044, 0.000605306374458029, 0.0005954170423503781, -0.7270853382589207], [0.0006032237253808763, -0.9999937217715487, 0.0034917815830079633, 0.0920900628346191], [0.0005975269018365722, -0.003491421154678487, -0.9999937264502823, 0.003750812620538814], [0.0, 0.0, 0.0, 1.0]]}, "mean_rme": {"type": "float", "data": 0.00160973842585369}, "max_rme": {"type": "float", "data": 0.006385442889276671}, "simu": {"type": "float", "data": 0.002}}, {"type": "dict", "image_number": {"type": "int", "data": 9}, "Hcamera2end": {"type": "ndarray", "data": [[0.9999901322076763, 0.0010448128894176899, 0.004317852857645899, -0.01463570196686224], [-0.004318740106267706, 0.0008484329896325526, 0.9999903142757717, 0.025022630254258105], [0.0010411393608393662, -0.999999094263334, 0.0008529368928010816, 0.02495783500278009], [0.0, 0.0, 0.0, 1.0]]}, "Hobj2base": {"type": "ndarray", "data": [[0.9999983564311222, 0.000703702610635311, 0.0016709092404871737, -0.7264685009232891], [0.0006968571471551016, -0.9999913771356999, 0.004093903316265795, 0.09204245333074751], [0.0016737757229148798, -0.004092732202607236, -0.9999902239611882, 0.003618499982192411], [0.0, 0.0, 0.0, 1.0]]}, "mean_rme": {"type": "float", "data": 0.0014821569696866527}, "max_rme": {"type": "float", "data": 0.006235172830793445}, "simu": {"type": "float", "data": 0.002}}, {"type": "dict", "image_number": {"type": "int", "data": 10}, "Hcamera2end": {"type": "ndarray", "data": [[0.9999913188576315, 0.003020360890885683, -0.0028704754769064483, -0.014855865684414878], [0.002861631294365201, 0.0029284458438137984, 0.9999916176005053, 0.025461726102088432], [0.0030287416049941934, -0.9999911507733601, 0.0029197772623128504, 0.025478168550440283], [0.0, 0.0, 0.0, 1.0]]}, "Hobj2base": {"type": "ndarray", "data": [[0.9999966436572302, 0.0025755714744799475, -0.000281257629847931, -0.7277831165243179], [0.0025745025728728193, -0.9999897038067249, -0.003736872628477052, 0.08755910833171635], [-0.00029087931651068427, 0.0037361359877599405, -0.9999929783139003, 0.003985948920960403], [0.0, 0.0, 0.0, 1.0]]}, "mean_rme": {"type": "float", "data": 0.0016719706796050598}, "max_rme": {"type": "float", "data": 0.00628779341658392}, "simu": {"type": "float", "data": 0.002}}, {"type": "dict", "image_number": {"type": "int", "data": 11}, "Hcamera2end": {"type": "ndarray", "data": [[0.999994093764594, 0.0026190485751794276, -0.0022255382470533556, -0.014931390531048479], [0.0022097846884258578, 0.00600259257785829, 0.9999795426577363, 0.02551043017224281], [0.0026323539957698217, -0.999978554503498, 0.005996769591693818, 0.025403016312306098], [0.0, 0.0, 0.0, 1.0]]}, "Hobj2base": {"type": "ndarray", "data": [[0.9999878809388539, 0.002505771254533938, -0.00423781616406861, -0.7296747053045002], [0.0024928094614125643, -0.9999922076821588, -0.00306112331525851, 0.08795453879761636], [-0.004245453616468066, 0.0030505221490883597, -0.9999863351257396, 0.004642356431583919], [0.0, 0.0, 0.0, 1.0]]}, "mean_rme": {"type": "float", "data": 0.0017202137213849075}, "max_rme": {"type": "float", "data": 0.007014037308765653}, "simu": {"type": "float", "data": 0.002}}, {"type": "dict", "image_number": {"type": "int", "data": 12}, "Hcamera2end": {"type": "ndarray", "data": [[0.9999796812012035, 0.0029512404461684476, 0.00565043047636779, -0.014213916633412106], [-0.0056671853479613584, 0.005700062435709197, 0.999967695627444, 0.02516592462090578], [0.0029189373016936426, -0.999979399521839, 0.005716671843902343, 0.025312635410414154], [0.0, 0.0, 0.0, 1.0]]}, "Hobj2base": {"type": "ndarray", "data": [[0.9999892579974259, 0.002721883033829869, -0.0037516986163345792, -0.7293967524052302], [0.0027406278569923935, -0.9999837428274738, 0.00500030396136535, 0.0924171885366369], [-0.003738027381806475, -0.005010532257826292, -0.9999804606680003, 0.00422653664431862], [0.0, 0.0, 0.0, 1.0]]}, "mean_rme": {"type": "float", "data": 0.001757940685234364}, "max_rme": {"type": "float", "data": 0.006954890143647086}, "simu": {"type": "float", "data": 0.002}}, {"type": "dict", "image_number": {"type": "int", "data": 13}, "Hcamera2end": {"type": "ndarray", "data": [[0.9999923166320354, 0.003588331871653332, 0.0015781480519990489, -0.014665384586553367], [-0.001595170381306174, 0.004745897077473971, 0.9999874658676402, 0.02522923059412297], [0.0035807971667988978, -0.9999823000110097, 0.004751584613720272, 0.02547079846090966], [0.0, 0.0, 0.0, 1.0]]}, "Hobj2base": {"type": "ndarray", "data": [[0.9999896453310609, 0.0035634981434424628, -0.0028303200597440386, -0.7289717873555729], [0.0035664436179892907, -0.9999931032349474, 0.0010363216001792951, 0.09007855296286357], [-0.002826607609593315, -0.0010464050463261522, -0.9999954576526335, 0.004370051470870102], [0.0, 0.0, 0.0, 1.0]]}, "mean_rme": {"type": "float", "data": 0.00178073375670112}, "max_rme": {"type": "float", "data": 0.006792082963361423}, "simu": {"type": "float", "data": 0.002}}, {"type": "dict", "image_number": {"type": "int", "data": 14}, "Hcamera2end": {"type": "ndarray", "data": [[0.9999947538458704, 0.0032318388559605398, 0.00021794115268819296, -0.01473184577665065], [-0.00023451110145237186, 0.005127603919207524, 0.9999868262545218, 0.025283806259974676], [0.003230678764629344, -0.9999816312791235, 0.005128334921096878, 0.02543050462506674], [0.0, 0.0, 0.0, 1.0]]}, "Hobj2base": {"type": "ndarray", "data": [[0.9999904352132456, 0.003045171640538221, -0.00313949226840878, -0.7291390301860668], [0.003044040428513519, -0.9999953002735937, -0.00036503232074607607, 0.08939454873808496], [-0.0031405890997250785, 0.0003554720878997277, -0.9999950051573767, 0.004429714477555029], [0.0, 0.0, 0.0, 1.0]]}, "mean_rme": {"type": "float", "data": 0.0017123736668347162}, "max_rme": {"type": "float", "data": 0.006827781204189143}, "simu": {"type": "float", "data": 0.002}}, {"type": "dict", "image_number": {"type": "int", "data": 15}, "Hcamera2end": {"type": "ndarray", "data": [[0.9999958382675674, 0.002123344752548248, -0.0019531652789555156, -0.014755755942827116], [0.0019404230572556732, 0.005986601853523843, 0.9999801974822332, 0.025409991535843977], [0.002134995527855294, -0.9999798257991553, 0.005982456751772336, 0.02528542286804582], [0.0, 0.0, 0.0, 1.0]]}, "Hobj2base": {"type": "ndarray", "data": [[0.9999917681448557, 0.0019434363899034535, -0.003561839064798612, -0.729499695976912], [0.0019331537787368558, -0.9999939610082718, -0.002888055306557137, 0.08830498245449811], [-0.0035674303066607813, 0.0028811459498568363, -0.9999894861642404, 0.004414725573317676], [0.0, 0.0, 0.0, 1.0]]}, "mean_rme": {"type": "float", "data": 0.0017366274552688705}, "max_rme": {"type": "float", "data": 0.006935893865617659}, "simu": {"type": "float", "data": 0.002}}, {"type": "dict", "image_number": {"type": "int", "data": 16}, "Hcamera2end": {"type": "ndarray", "data": [[0.9999984785253972, 0.0014834826362385193, -0.0009177288045422106, -0.014831221052606761], [0.0009083475383717143, 0.006312164662083841, 0.999979665534269, 0.025347187125813738], [0.0014892453257410979, -0.9999789777073051, 0.006310807540484742, 0.02520742744229833], [0.0, 0.0, 0.0, 1.0]]}, "Hobj2base": {"type": "ndarray", "data": [[0.9999898902362644, 0.001957873040628009, -0.004047982018323506, -0.7297083578533052], [0.0019512450769690669, -0.9999967504472498, -0.0016406515750005772, 0.08890937854637783], [-0.004051181051680163, 0.0016327363834158684, -0.9999904610064982, 0.004564946474042382], [0.0, 0.0, 0.0, 1.0]]}, "mean_rme": {"type": "float", "data": 0.0017179314521580846}, "max_rme": {"type": "float", "data": 0.007074913494747259}, "simu": {"type": "float", "data": 0.002}}, {"type": "dict", "image_number": {"type": "int", "data": 17}, "Hcamera2end": {"type": "ndarray", "data": [[0.9999983472328555, 0.00043771315899671754, 0.0017646355849723634, -0.014655515006027315], [-0.001767452933358101, 0.0065218812653031755, 0.9999771703268477, 0.02539620881719861], [0.00042619442238664494, -0.9999786365077764, 0.006522644123558852, 0.025075441968199372], [0.0, 0.0, 0.0, 1.0]]}, "Hobj2base": {"type": "ndarray", "data": [[0.9999921280115324, 0.0007788382042668751, -0.003890671666786799, -0.7297431044798605], [0.0007845299792638726, -0.999998624093678, 0.001461616728803434, 0.09038215556481059], [-0.003889527950638669, -0.0014646575715354677, -0.9999913631379618, 0.004451521215084719], [0.0, 0.0, 0.0, 1.0]]}, "mean_rme": {"type": "float", "data": 0.0017466878759345237}, "max_rme": {"type": "float", "data": 0.007103158204568527}, "simu": {"type": "float", "data": 0.002}}, {"type": "dict", "image_number": {"type": "int", "data": 18}, "Hcamera2end": {"type": "ndarray", "data": [[0.9999973585129073, -0.0007687874709449502, 0.0021660870325574946, -0.01470031898058051], [-0.002162438044368194, 0.004715931030792375, 0.9999865418375473, 0.02547127035227768], [-0.0007789922415305094, -0.9999885844150107, 0.004714256118446225, 0.024990966449775845], [0.0, 0.0, 0.0, 1.0]]}, "Hobj2base": {"type": "ndarray", "data": [[0.9999979013393702, 8.318440339012459e-05, -0.0020470459717410448, -0.7286257924119516], [8.691311305589501e-05, -0.9999983373160535, 0.0018214859976215707, 0.09050223732269277], [-0.0020468910489245735, -0.0018216600900785923, -0.9999962458887286, 0.00415005754506833], [0.0, 0.0, 0.0, 1.0]]}, "mean_rme": {"type": "float", "data": 0.0018068683032026118}, "max_rme": {"type": "float", "data": 0.006742871773585513}, "simu": {"type": "float", "data": 0.002}}, {"type": "dict", "image_number": {"type": "int", "data": 19}, "Hcamera2end": {"type": "ndarray", "data": [[0.999997262526345, -0.001781945706439576, 0.0015164462784817744, -0.01474593836092431], [-0.0015096651766010763, 0.0038006511193662273, 0.9999916379460998, 0.025302171791955232], [-0.001787694288959302, -0.9999911898214746, 0.0037979505738042763, 0.024850893786737157], [0.0, 0.0, 0.0, 1.0]]}, "Hobj2base": {"type": "ndarray", "data": [[0.9999991945181111, -0.0007579825374387378, -0.0010180499014602164, -0.7278869648306415], [-0.0007568469028192432, -0.9999990915074484, 0.0011154223607794287, 0.09044976938257691], [-0.0010188944472408036, -0.001114650954412083, -0.9999988597030272, 0.0040172373845465915], [0.0, 0.0, 0.0, 1.0]]}, "mean_rme": {"type": "float", "data": 0.001842646125682528}, "max_rme": {"type": "float", "data": 0.006466473551894225}, "simu": {"type": "float", "data": 0.002}}, {"type": "dict", "image_number": {"type": "int", "data": 20}, "Hcamera2end": {"type": "ndarray", "data": [[0.9999985091252045, -0.001570979198165696, 0.0007167787156565815, -0.014609961180085784], [-0.0007069742799563356, 0.006232665854688291, 0.9999803268383387, 0.025041729226095225], [-0.0015754157342644044, -0.9999793427369899, 0.006231545920676429, 0.0270357022593684], [0.0, 0.0, 0.0, 1.0]]}, "Hobj2base": {"type": "ndarray", "data": [[0.9999937902748953, -0.00084921975823816, -0.0034202686226139883, -0.7311335658321854], [-0.0008488297954438492, -0.9999996330778094, 0.00011546525726537272, 0.09019898068795902], [-0.0034203654230193915, -0.0001125613143425695, -0.9999941441980169, 0.004512766769269353], [0.0, 0.0, 0.0, 1.0]]}, "mean_rme": {"type": "float", "data": 0.0018344183451406415}, "max_rme": {"type": "float", "data": 0.00655945112230516}, "simu": {"type": "float", "data": 0.002}}, {"type": "dict", "image_number": {"type": "int", "data": 21}, "Hcamera2end": {"type": "ndarray", "data": [[0.9999978385631151, -0.001896565336532177, 0.000852002947363, -0.014606111115662339], [-0.0008388744890864036, 0.0069122939756899315, 0.9999757579469541, 0.025764276168637287], [-0.0019024086547350107, -0.999974311286004, 0.006910688054925007, 0.02780706251479584], [0.0, 0.0, 0.0, 1.0]]}, "Hobj2base": {"type": "ndarray", "data": [[0.9999906360008342, -0.0011416014708138954, -0.004174285175814826, -0.7320484428469699], [-0.0011403532090016007, -0.9999993043748734, 0.0003014039288485204, 0.09038604194270869], [-0.004174626355245655, -0.0002966409470068539, -0.9999912422111221, 0.0038780242530213165], [0.0, 0.0, 0.0, 1.0]]}, "mean_rme": {"type": "float", "data": 0.001862659607827989}, "max_rme": {"type": "float", "data": 0.006417359474206352}, "simu": {"type": "float", "data": 0.002}}, {"type": "dict", "image_number": {"type": "int", "data": 22}, "Hcamera2end": {"type": "ndarray", "data": [[0.9999981139702643, -0.0019219438416415236, 0.00027962078584632037, -0.01448407313757819], [-0.0002700434523291304, 0.004981603944443358, 0.9999875552719019, 0.025752980423364213], [-0.0019233128835827147, -0.9999857447753996, 0.004981075540639979, 0.03015103610087252], [0.0, 0.0, 0.0, 1.0]]}, "Hobj2base": {"type": "ndarray", "data": [[0.999995996055675, -0.001343471178880609, -0.0024905737913217575, -0.7335252613189479], [-0.0013440156702407534, -0.9999990732746773, -0.0002169600542950194, 0.09027648643955372], [-0.002490280003664043, 0.0002203065558024686, -0.9999968749803796, 0.003393708550744269], [0.0, 0.0, 0.0, 1.0]]}, "mean_rme": {"type": "float", "data": 0.0018820862440820406}, "max_rme": {"type": "float", "data": 0.0063170038135783035}, "simu": {"type": "float", "data": 0.002}}, {"type": "dict", "image_number": {"type": "int", "data": 23}, "Hcamera2end": {"type": "ndarray", "data": [[0.9999972468711859, -0.0022671683119893206, 0.0006051428704458105, -0.014522873119744525], [-0.0005934229660020928, 0.00516651324422901, 0.9999864774036099, 0.026034185891851774], [-0.0022702641326420984, -0.9999840834177022, 0.005165153630408481, 0.029784213396893487], [0.0, 0.0, 0.0, 1.0]]}, "Hobj2base": {"type": "ndarray", "data": [[0.9999957234848892, -0.001623123616332767, -0.002432792975002172, -0.7331837641535613], [-0.0016232367558701246, -0.9999986815587876, -4.4532245457983556e-05, 0.09045812007053437], [-0.0024327174861683613, 4.848105399160909e-05, -0.9999970397632285, 0.0031337746516056507], [0.0, 0.0, 0.0, 1.0]]}, "mean_rme": {"type": "float", "data": 0.001851302960431434}, "max_rme": {"type": "float", "data": 0.006328219271353547}, "simu": {"type": "float", "data": 0.002}}, {"type": "dict", "image_number": {"type": "int", "data": 24}, "Hcamera2end": {"type": "ndarray", "data": [[0.9999968980717285, -0.0023421944518905963, 0.0008473323259501251, -0.014507790907701901], [-0.0008360653897141763, 0.004807219478842439, 0.9999880957469174, 0.026518838990918375], [-0.002346239882277433, -0.9999857022808034, 0.004805246339475211, 0.03015132519993603], [0.0, 0.0, 0.0, 1.0]]}, "Hobj2base": {"type": "ndarray", "data": [[0.9999965635933499, -0.0016814485203024419, -0.00201135088063111, -0.7333034549734969], [-0.0016812435755320834, -0.9999985813445493, 0.00010358054025280153, 0.09061323707039537], [-0.00201152219256336, -0.00010019861356174233, -0.9999979718672964, 0.0025498548945043845], [0.0, 0.0, 0.0, 1.0]]}, "mean_rme": {"type": "float", "data": 0.0018468678190477997}, "max_rme": {"type": "float", "data": 0.006370254093899769}, "simu": {"type": "float", "data": 0.002}}, {"type": "dict", "image_number": {"type": "int", "data": 25}, "Hcamera2end": {"type": "ndarray", "data": [[0.9999974331496572, -0.001936729141901222, 0.0011759142519543772, -0.014385152148970482], [-0.0011664518160115142, 0.004879685924235488, 0.9999874139485164, 0.02677487868204798], [-0.001942442858351902, -0.9999862187777947, 0.004877414297587257, 0.03102915934403926], [0.0, 0.0, 0.0, 1.0]]}, "Hobj2base": {"type": "ndarray", "data": [[0.9999974437197093, -0.0012599884650649144, -0.0018774938387756703, -0.7341849555960573], [-0.0012595038612512094, -0.9999991732136666, 0.00025927207179294947, 0.09071613079681003], [-0.0018778189663091955, -0.00025690669828144915, -0.9999982038958264, 0.002211103872880593], [0.0, 0.0, 0.0, 1.0]]}, "mean_rme": {"type": "float", "data": 0.0018602586489952612}, "max_rme": {"type": "float", "data": 0.006232216361737347}, "simu": {"type": "float", "data": 0.002}}, {"type": "dict", "image_number": {"type": "int", "data": 26}, "Hcamera2end": {"type": "ndarray", "data": [[0.9999978306200199, -0.0020758487981707525, 0.0001720669091413769, -0.014456835268742694], [-0.00016220362090984598, 0.00475068134069101, 0.9999887022945732, 0.026658743275082147], [-0.0020766427808971287, -0.9999865608489776, 0.004750334324466476, 0.030007055752824457], [0.0, 0.0, 0.0, 1.0]]}, "Hobj2base": {"type": "ndarray", "data": [[0.9999973314607805, -0.0013001181343016753, -0.0019096502702701888, -0.7331359173108825], [-0.0013014372907659826, -0.9999989152839679, -0.0006897041868573659, 0.09017944933464138], [-0.0019087515019212881, 0.0006921876364287445, -0.9999979387698654, 0.002378206263793831], [0.0, 0.0, 0.0, 1.0]]}, "mean_rme": {"type": "float", "data": 0.0018552822835667475}, "max_rme": {"type": "float", "data": 0.006194600681471346}, "simu": {"type": "float", "data": 0.002}}, {"type": "dict", "image_number": {"type": "int", "data": 27}, "Hcamera2end": {"type": "ndarray", "data": [[0.999998101068292, -0.0018121719118355637, -0.0007168631472630989, -0.014575224021763176], [0.0007244594160143187, 0.004194628402605649, 0.9999909400845183, 0.02716391753980517], [-0.0018091485191929128, -0.9999895605082715, 0.004195933282297726, 0.029306010869455626], [0.0, 0.0, 0.0, 1.0]]}, "Hobj2base": {"type": "ndarray", "data": [[0.9999985277345136, -0.0011592933332400068, -0.0012651354760885387, -0.7320877623185728], [-0.0011611753947998022, -0.9999982188854677, -0.001487917200267779, 0.08977822119328431], [-0.0012634082902466734, 0.0014893840538445606, -0.9999980927654974, 0.0018054841425812504], [0.0, 0.0, 0.0, 1.0]]}, "mean_rme": {"type": "float", "data": 0.0019031788512647232}, "max_rme": {"type": "float", "data": 0.006275933010901291}, "simu": {"type": "float", "data": 0.002}}, {"type": "dict", "image_number": {"type": "int", "data": 28}, "Hcamera2end": {"type": "ndarray", "data": [[0.999997120906152, -0.0020504402028972794, -0.0012465449775769203, -0.014659766509651992], [0.001254949442490958, 0.004102691900645272, 0.9999907964681801, 0.02715740328542298], [-0.0020453071416223325, -0.9999894817517546, 0.004105253287399746, 0.028948463285763042], [0.0, 0.0, 0.0, 1.0]]}, "Hobj2base": {"type": "ndarray", "data": [[0.9999978456040178, -0.0014812805313952396, -0.0014541648153508792, -0.7316683552163258], [-0.0014843072742848373, -0.999996729877386, -0.002082562472262072, 0.089596149213552], [-0.001451075200808055, 0.0020847164130112835, -0.9999967741639169, 0.0018396608113826643], [0.0, 0.0, 0.0, 1.0]]}, "mean_rme": {"type": "float", "data": 0.0018768897955498698}, "max_rme": {"type": "float", "data": 0.006320183008030195}, "simu": {"type": "float", "data": 0.002}}, {"type": "dict", "image_number": {"type": "int", "data": 29}, "Hcamera2end": {"type": "ndarray", "data": [[0.9999956084378415, -0.0025483058089987303, -0.001513024300851358, -0.014715176368605391], [0.001523564111419302, 0.004139156635445285, 0.9999902730200657, 0.02699440881190161], [-0.0025420183771048014, -0.9999881866901484, 0.004143020965357236, 0.028744395007575575], [0.0, 0.0, 0.0, 1.0]]}, "Hobj2base": {"type": "ndarray", "data": [[0.9999968468460271, -0.0019364044824797687, -0.0015989483054830679, -0.7314940107441139], [-0.0019397963112419028, -0.9999958661507513, -0.0021224682988602397, 0.0895401130850735], [-0.0015948317385439822, 0.0021255632404157333, -0.9999964692400853, 0.002048138704538464], [0.0, 0.0, 0.0, 1.0]]}, "mean_rme": {"type": "float", "data": 0.001847262073017991}, "max_rme": {"type": "float", "data": 0.00642555351036192}, "simu": {"type": "float", "data": 0.002}}, {"type": "dict", "image_number": {"type": "int", "data": 30}, "Hcamera2end": {"type": "ndarray", "data": [[0.9999985177162569, -0.0016339849825871998, 0.0005428244336046703, -0.014528932298067364], [-0.0005360305928105855, 0.004155405849937677, 0.9999912225981915, 0.027168335574342835], [-0.0016362262962713488, -0.9999900312979619, 0.004154523824508316, 0.029558463279252385], [0.0, 0.0, 0.0, 1.0]]}, "Hobj2base": {"type": "ndarray", "data": [[0.9999978264021053, -0.0012540832298156958, -0.0016656729323380258, -0.7323087526886239], [-0.0012540582769964327, -0.9999992135402098, 1.6024965731110194e-05, 0.0904029509925426], [-0.0016656917189940227, -1.3936079971710997e-05, -0.9999986126374789, 0.001889553961133287], [0.0, 0.0, 0.0, 1.0]]}, "mean_rme": {"type": "float", "data": 0.0019044653812218882}, "max_rme": {"type": "float", "data": 0.0062393603061867975}, "simu": {"type": "float", "data": 0.002}}, {"type": "dict", "image_number": {"type": "int", "data": 31}, "Hcamera2end": {"type": "ndarray", "data": [[0.9999983995427527, -0.0015333814276252246, 0.0009217664186682879, -0.014499310667410855], [-0.0009156958269873563, 0.0039549596875525506, 0.9999917598635614, 0.02723997720403912], [-0.0015370143413802211, -0.999991003477165, 0.00395354924683422, 0.02921465757228785], [0.0, 0.0, 0.0, 1.0]]}, "Hobj2base": {"type": "ndarray", "data": [[0.9999981633520026, -0.0012488128437484907, -0.001453877265353188, -0.7318709314001114], [-0.0012484446357819208, -0.9999991883992687, 0.00025413932200340177, 0.09052271779427754], [-0.0014541934578347557, -0.0002523237699659095, -0.9999989108264578, 0.001802608312884553], [0.0, 0.0, 0.0, 1.0]]}, "mean_rme": {"type": "float", "data": 0.0018892953046058098}, "max_rme": {"type": "float", "data": 0.0063341015178849935}, "simu": {"type": "float", "data": 0.002}}]}