{"type": "list", "data": [{"type": "dict", "image_number": {"type": "int", "data": 5}, "Hcamera2end": {"type": "ndarray", "data": [[0.9999945108973881, 0.0018154426078210442, -0.0027717040302564513, -0.013436457253616162], [0.002810781848178824, -0.021888543000021077, 0.9997564659409502, 0.031426488557323294], [0.0017543319228641896, -0.9997587688304984, -0.02189352566469105, 0.03085420858242415], [0.0, 0.0, 0.0, 1.0]]}, "Hobj2base": {"type": "ndarray", "data": [[0.9997582181268031, -0.003193827107310099, 0.0217555683981895, -0.7233460266966683], [-0.0031290083752391167, -0.9999905661320039, -0.003012798297621983, 0.0907463291093305], [0.021764985515900854, 0.0029439965018799976, -0.9997587800515131, -0.0056475872688298455], [0.0, 0.0, 0.0, 1.0]]}, "mean_rme": {"type": "float", "data": 0.000827979693498824}, "max_rme": {"type": "float", "data": 0.0023121209251768526}, "simu": {"type": "float", "data": 0.002}}, {"type": "dict", "image_number": {"type": "int", "data": 6}, "Hcamera2end": {"type": "ndarray", "data": [[0.9999927955215625, 0.0017458459964309983, -0.0033705973843389673, -0.013805009468955826], [0.003396702617431723, -0.015172114046043239, 0.9998791273782561, 0.03098577692509467], [0.001694495883529763, -0.9998833726876004, -0.015177934858540354, 0.03113281301031811], [0.0, 0.0, 0.0, 1.0]]}, "Hobj2base": {"type": "ndarray", "data": [[0.999865796092143, -0.0017364257301658757, 0.0162903232229692, -0.7261911465091623], [-0.001694383725735545, -0.9999951994712684, -0.0025942432822044052, 0.08975985229952188], [0.016294749731590057, 0.0025662930660620307, -0.9998639383791592, -0.004842724975800998], [0.0, 0.0, 0.0, 1.0]]}, "mean_rme": {"type": "float", "data": 0.0011453379069165414}, "max_rme": {"type": "float", "data": 0.0038670961170034213}, "simu": {"type": "float", "data": 0.002}}, {"type": "dict", "image_number": {"type": "int", "data": 7}, "Hcamera2end": {"type": "ndarray", "data": [[0.9999967173580212, 0.002562027657090033, -3.588127858301167e-05, -0.013699808503699427], [8.834764115220393e-05, -0.02048127744758732, 0.9997902327332516, 0.0313316304347467], [0.0025607553331292382, -0.9997869539498899, -0.020481436563986266, 0.030809308984135503], [0.0, 0.0, 0.0, 1.0]]}, "Hobj2base": {"type": "ndarray", "data": [[0.999764789252612, -0.0008870742387044902, 0.02166977780170369, -0.7238975832539676], [-0.0009115615594302925, -0.9999989571367129, 0.001120170080625679, 0.09148925282041513], [0.021668761529066494, -0.0011396599410292423, -0.9997645552573939, -0.005294440202168397], [0.0, 0.0, 0.0, 1.0]]}, "mean_rme": {"type": "float", "data": 0.001190161848161284}, "max_rme": {"type": "float", "data": 0.004222383810631114}, "simu": {"type": "float", "data": 0.002}}, {"type": "dict", "image_number": {"type": "int", "data": 8}, "Hcamera2end": {"type": "ndarray", "data": [[0.9999845181917947, 0.0017062419833198605, 0.005296424739263674, -0.013308993936716147], [-0.0052716422572326995, -0.014215630437125482, 0.9998850562135562, 0.031872662053670536], [0.00178133787813713, -0.9998974970413563, -0.01420641565612124, 0.031383146318577956], [0.0, 0.0, 0.0, 1.0]]}, "Hobj2base": {"type": "ndarray", "data": [[0.9998796107089607, -0.001535937095072898, 0.015440368704705672, -0.7269662163419751], [-0.0016339777941594676, -0.9999785732045658, 0.006339025818629816, 0.09453219827325052], [0.015430301522182548, -0.006363491887402755, -0.9998606961801897, -0.0032993958479786215], [0.0, 0.0, 0.0, 1.0]]}, "mean_rme": {"type": "float", "data": 0.0012306671200060849}, "max_rme": {"type": "float", "data": 0.0043335683499137745}, "simu": {"type": "float", "data": 0.002}}, {"type": "dict", "image_number": {"type": "int", "data": 9}, "Hcamera2end": {"type": "ndarray", "data": [[0.9998375813894347, -0.000943136793928278, 0.017997814709386897, -0.013118041025317726], [-0.018008818961707848, -0.013366065383316528, 0.9997484837376716, 0.03265567987064029], [-0.0007023396115245235, -0.9999102253648358, -0.013380879265326051, 0.03186061327817021], [0.0, 0.0, 0.0, 1.0]]}, "Hobj2base": {"type": "ndarray", "data": [[0.9998807165076247, -0.0037550452583184537, 0.014981735256876858, -0.7270793466284317], [-0.004054821160311823, -0.9997911673214881, 0.020029482551822395, 0.10122138736363247], [0.014903394967491617, -0.020087841622330918, -0.9996871347763752, -0.0012943734611235867], [0.0, 0.0, 0.0, 1.0]]}, "mean_rme": {"type": "float", "data": 0.001502684222152631}, "max_rme": {"type": "float", "data": 0.005992433339161246}, "simu": {"type": "float", "data": 0.002}}, {"type": "dict", "image_number": {"type": "int", "data": 10}, "Hcamera2end": {"type": "ndarray", "data": [[0.999901449103615, 0.00021979821577372636, 0.014037227975467262, -0.012976446284613868], [-0.014035944904114295, -0.0050312256546953815, 0.9998888333305158, 0.03257379180977292], [0.0002903982430490998, -0.9999873191481758, -0.0050276447472505925, 0.032093710587175715], [0.0, 0.0, 0.0, 1.0]]}, "Hobj2base": {"type": "ndarray", "data": [[0.999975807373526, -0.001514969939782371, 0.0067889272898206485, -0.7314020394559816], [-0.0016208229841990522, -0.9998767845414567, 0.015613733310473145, 0.09902846768651988], [0.006764436452418473, -0.015624359222644695, -0.9998550503939869, -0.00040579146472470297], [0.0, 0.0, 0.0, 1.0]]}, "mean_rme": {"type": "float", "data": 0.0015966919584736265}, "max_rme": {"type": "float", "data": 0.006287531867279178}, "simu": {"type": "float", "data": 0.002}}, {"type": "dict", "image_number": {"type": "int", "data": 11}, "Hcamera2end": {"type": "ndarray", "data": [[0.9998913442131114, 0.0013262681915554297, 0.01468130717549088, -0.012848136374220148], [-0.014672964759430206, -0.00609491968402609, 0.9998737700626084, 0.0324359541413522], [0.0014155821648957753, -0.9999805462941413, -0.0060747971492953745, 0.03213727542676585], [0.0, 0.0, 0.0, 1.0]]}, "Hobj2base": {"type": "ndarray", "data": [[0.9999650311248215, -0.0003542705906927193, 0.008355298910476492, -0.7307518184507811], [-0.0004905834419294583, -0.9998667299909327, 0.01631813669280825, 0.09909956106753301], [0.008348404363789768, -0.016321665037220944, -0.9998319395753423, -0.0004335823425093169], [0.0, 0.0, 0.0, 1.0]]}, "mean_rme": {"type": "float", "data": 0.0016539802141715056}, "max_rme": {"type": "float", "data": 0.006502990827274652}, "simu": {"type": "float", "data": 0.002}}, {"type": "dict", "image_number": {"type": "int", "data": 12}, "Hcamera2end": {"type": "ndarray", "data": [[0.9999685611610085, 0.0017815288803485524, 0.00772676157461542, -0.013252942347190247], [-0.007714610113350064, -0.006729665149065367, 0.9999475968258439, 0.03236736962377235], [0.0018334340406641991, -0.9999757685873344, -0.006715709775488854, 0.03214371068918548], [0.0, 0.0, 0.0, 1.0]]}, "Hobj2base": {"type": "ndarray", "data": [[0.9999596209915065, 0.0004344387230112557, 0.008975948391042592, -0.73059279850627], [0.00034722652883049877, -0.9999527432837327, 0.00971548419142768, 0.09600588119831745], [0.008979744999741811, -0.009711975202406211, -0.9999125170320682, -0.0016944033917645485], [0.0, 0.0, 0.0, 1.0]]}, "mean_rme": {"type": "float", "data": 0.001692158942132838}, "max_rme": {"type": "float", "data": 0.006285356210525478}, "simu": {"type": "float", "data": 0.002}}, {"type": "dict", "image_number": {"type": "int", "data": 13}, "Hcamera2end": {"type": "ndarray", "data": [[0.9999976079200023, 0.0021450862770637426, 0.0004275033771566971, -0.013916152529762154], [-0.00041490173497774096, -0.0058716651781516305, 0.9999826755522249, 0.031982802455732796], [0.0021475592713217557, -0.9999804608855615, -0.005870761132640734, 0.0319386138779196], [0.0, 0.0, 0.0, 1.0]]}, "Hobj2base": {"type": "ndarray", "data": [[0.9999660230202004, 0.0009757813633760102, 0.008185392836935352, -0.7309223851372624], [0.0009554541183946368, -0.9999964512139994, 0.0024868990399040144, 0.09231394969877783], [0.008187790458463582, -0.0024789937752888445, -0.9999634066690992, -0.0029581761645310857], [0.0, 0.0, 0.0, 1.0]]}, "mean_rme": {"type": "float", "data": 0.001725675693402082}, "max_rme": {"type": "float", "data": 0.006313622343382869}, "simu": {"type": "float", "data": 0.002}}, {"type": "dict", "image_number": {"type": "int", "data": 14}, "Hcamera2end": {"type": "ndarray", "data": [[0.9999921180156146, 0.002315228936493361, 0.0032254645582893413, -0.013719448882136694], [-0.0032118389766323885, -0.005864985808405221, 0.999977642766005, 0.032135329822681656], [0.0023340944782381553, -0.9999801206306249, -0.005857503438140732, 0.03193702777451494], [0.0, 0.0, 0.0, 1.0]]}, "Hobj2base": {"type": "ndarray", "data": [[0.9999639101869826, 0.0008482557390095172, 0.008453329862338427, -0.7309754984965114], [0.0008082996133482523, -0.9999884916856425, 0.004728969021731084, 0.09369600489129852], [0.008457243953873287, -0.004721965530864091, -0.9999530879327438, -0.0025720396289605047], [0.0, 0.0, 0.0, 1.0]]}, "mean_rme": {"type": "float", "data": 0.0016393357205597124}, "max_rme": {"type": "float", "data": 0.006321036976806943}, "simu": {"type": "float", "data": 0.002}}, {"type": "dict", "image_number": {"type": "int", "data": 15}, "Hcamera2end": {"type": "ndarray", "data": [[0.9999972276184795, 6.14781442441043e-05, -0.002353927737320314, -0.014107908918859617], [0.0023542770487709453, -0.006487604268872849, 0.9999761839016108, 0.031783949572475836], [4.620532843731479e-05, -0.9999789533841641, -0.006487731019342524, 0.03223261509615383], [0.0, 0.0, 0.0, 1.0]]}, "Hobj2base": {"type": "ndarray", "data": [[0.9999588029697152, -0.001089087064724278, 0.009011451200541152, -0.7302958027605938], [-0.0010836945539749122, -0.9999992308367605, -0.000603267768976469, 0.09125356282852334], [0.00901210128038791, 0.0005934772555464834, -0.9999592140758837, -0.003481460309584931], [0.0, 0.0, 0.0, 1.0]]}, "mean_rme": {"type": "float", "data": 0.0017558615817323412}, "max_rme": {"type": "float", "data": 0.006222901659353297}, "simu": {"type": "float", "data": 0.002}}, {"type": "dict", "image_number": {"type": "int", "data": 16}, "Hcamera2end": {"type": "ndarray", "data": [[0.9999851515718003, 0.00011038105822725125, -0.005448343963588179, -0.01433247854641625], [0.005448944780157354, -0.006478867909722297, 0.9999641659936577, 0.03168652058603878], [7.507800196488975e-05, -0.9999790058229375, -0.006479373169008484, 0.032215744659377425], [0.0, 0.0, 0.0, 1.0]]}, "Hobj2base": {"type": "ndarray", "data": [[0.9999588915290372, -0.0007821986935339721, 0.009033460977012988, -0.7303071993998879], [-0.0007518529795975396, -0.9999940652668009, -0.0033621642247134405, 0.0897741254633584], [0.009036037246296244, 0.003355234176731391, -0.9999535451382242, -0.003993280004931061], [0.0, 0.0, 0.0, 1.0]]}, "mean_rme": {"type": "float", "data": 0.0016926777138136025}, "max_rme": {"type": "float", "data": 0.006155288469513354}, "simu": {"type": "float", "data": 0.002}}, {"type": "dict", "image_number": {"type": "int", "data": 17}, "Hcamera2end": {"type": "ndarray", "data": [[0.9999754072139502, 0.0014964042061214513, -0.006851696267820588, -0.014405218741783889], [0.006861021361689463, -0.006318071572893658, 0.9999565032327528, 0.03168579931553771], [0.001453049609960171, -0.9999789211508668, -0.006328183055134939, 0.032051332121831075], [0.0, 0.0, 0.0, 1.0]]}, "Hobj2base": {"type": "ndarray", "data": [[0.9999582218979902, 0.00022520201399149902, 0.009138038228337982, -0.7305124897952513], [0.00027084957067803064, -0.999987491204487, -0.004994404375541936, 0.08900567078053209], [0.009136799172562333, 0.004996670752537441, -0.9999457746209397, -0.004300507210232801], [0.0, 0.0, 0.0, 1.0]]}, "mean_rme": {"type": "float", "data": 0.001639456502880783}, "max_rme": {"type": "float", "data": 0.0062849615811123305}, "simu": {"type": "float", "data": 0.002}}, {"type": "dict", "image_number": {"type": "int", "data": 18}, "Hcamera2end": {"type": "ndarray", "data": [[0.999983356383833, 0.0030211421997270505, -0.004915247209773757, -0.014156000645249958], [0.004933405703097435, -0.006032699208393222, 0.9999696335631548, 0.03169834329776738], [0.002991398250451784, -0.9999772393610119, -0.006047503322621051, 0.03186958682523577], [0.0, 0.0, 0.0, 1.0]]}, "Hobj2base": {"type": "ndarray", "data": [[0.9999611528415026, 0.0016892274301290534, 0.00865097211777013, -0.7308058127934962], [0.0017173566061708544, -0.9999932597666854, -0.0032451667884650028, 0.08961707529600042], [0.008645431983445244, 0.0032598975270726727, -0.9999573138759132, -0.0038812945723963165], [0.0, 0.0, 0.0, 1.0]]}, "mean_rme": {"type": "float", "data": 0.0016849639364921694}, "max_rme": {"type": "float", "data": 0.006599200816015199}, "simu": {"type": "float", "data": 0.002}}, {"type": "dict", "image_number": {"type": "int", "data": 19}, "Hcamera2end": {"type": "ndarray", "data": [[0.9999783395384453, 0.0036444745329226556, -0.005480717043663462, -0.013983151912276353], [0.005511483149908208, -0.008486084175693076, 0.9999488036538928, 0.032153528004009245], [0.0035977781229674056, -0.9999573511809101, -0.008505986823171607, 0.030528002783274902], [0.0, 0.0, 0.0, 1.0]]}, "Hobj2base": {"type": "ndarray", "data": [[0.9999333795171362, 0.002571858648183029, 0.011252647267755801, -0.7284629070145756], [0.0026130623048011494, -0.9999899300648998, -0.003648516710635583, 0.08927217199369944], [0.011243150485072823, 0.0036776775130951803, -0.9999300306797869, -0.004734320728554], [0.0, 0.0, 0.0, 1.0]]}, "mean_rme": {"type": "float", "data": 0.0017033506352196375}, "max_rme": {"type": "float", "data": 0.0067645630984746186}, "simu": {"type": "float", "data": 0.002}}, {"type": "dict", "image_number": {"type": "int", "data": 20}, "Hcamera2end": {"type": "ndarray", "data": [[0.9999761791337058, 0.00463673913973022, -0.005112906737339152, -0.01390030535881613], [0.005157344907997516, -0.0096231562220499, 0.9999403965526275, 0.030620643791591202], [0.00458726047381074, -0.9999429461296658, -0.009646840253124012, 0.03213459425001834], [0.0, 0.0, 0.0, 1.0]]}, "Hobj2base": {"type": "ndarray", "data": [[0.9999196313889058, 0.0035834820138821036, 0.012160979390286823, -0.7299871894973309], [0.0036262526153914955, -0.9999873112253144, -0.0034968100228049827, 0.0890194947346185], [0.012148294326536697, 0.0035406277723599388, -0.9999199382450243, -0.0034808723478769454], [0.0, 0.0, 0.0, 1.0]]}, "mean_rme": {"type": "float", "data": 0.0018629409382031742}, "max_rme": {"type": "float", "data": 0.007143639461141799}, "simu": {"type": "float", "data": 0.002}}, {"type": "dict", "image_number": {"type": "int", "data": 21}, "Hcamera2end": {"type": "ndarray", "data": [[0.9999635620058521, 0.006255005165346079, -0.0058094380924271685, -0.013775858092192629], [0.005876438652491676, -0.010746952657750164, 0.9999249824248494, 0.030555971655256257], [0.006192102173878574, -0.9999226859707472, -0.010783318214477422, 0.032244210262956596], [0.0, 0.0, 0.0, 1.0]]}, "Hobj2base": {"type": "ndarray", "data": [[0.9998992079659453, 0.0050501516142047054, 0.013269132516811813, -0.7298120873513564], [0.00510500532920821, -0.9999785506136893, -0.004103319769881745, 0.08842405724502454], [0.013248125515102986, 0.004170645180148056, -0.9999035417924658, -0.003713218070905678], [0.0, 0.0, 0.0, 1.0]]}, "mean_rme": {"type": "float", "data": 0.0018484727704282996}, "max_rme": {"type": "float", "data": 0.007493420822910796}, "simu": {"type": "float", "data": 0.002}}, {"type": "dict", "image_number": {"type": "int", "data": 22}, "Hcamera2end": {"type": "ndarray", "data": [[0.9999728598691073, 0.005092564829112807, -0.005324031241448275, -0.01381909747009391], [0.005361035377488098, -0.0072804669929678045, 0.9999591262146896, 0.03052903238487725], [0.005053595242988409, -0.999960529512953, -0.0073075708203518275, 0.03180288451303399], [0.0, 0.0, 0.0, 1.0]]}, "Hobj2base": {"type": "ndarray", "data": [[0.9999454456406691, 0.004156818852520658, 0.009582619658051043, -0.7306957842978854], [0.004191153189560919, -0.999984859939663, -0.0035656873663641284, 0.088817839490697], [0.009567652660144534, 0.0036056550695184723, -0.9999477282708806, -0.0029500514223576076], [0.0, 0.0, 0.0, 1.0]]}, "mean_rme": {"type": "float", "data": 0.001849596139452461}, "max_rme": {"type": "float", "data": 0.007276244836812079}, "simu": {"type": "float", "data": 0.002}}, {"type": "dict", "image_number": {"type": "int", "data": 23}, "Hcamera2end": {"type": "ndarray", "data": [[0.9999794950819526, 0.004539372330888048, -0.004517024959500013, -0.013881447369848386], [0.004545593114437018, -0.006302928674760233, 0.9999698048808069, 0.030147211920272816], [0.004510764777857615, -0.9999698331394616, -0.006323433573335313, 0.032378473158294944], [0.0, 0.0, 0.0, 1.0]]}, "Hobj2base": {"type": "ndarray", "data": [[0.9999564066908095, 0.0037368505915048615, 0.00855690748232282, -0.7316926520190643], [0.003759230530367224, -0.9999895518669173, -0.002600835023844677, 0.08919402598272871], [0.008547099146717408, 0.002632889032692405, -0.9999600066960266, -0.0023139528820206963], [0.0, 0.0, 0.0, 1.0]]}, "mean_rme": {"type": "float", "data": 0.0018511798654683533}, "max_rme": {"type": "float", "data": 0.007166520354160322}, "simu": {"type": "float", "data": 0.002}}, {"type": "dict", "image_number": {"type": "int", "data": 24}, "Hcamera2end": {"type": "ndarray", "data": [[0.9999874526845386, 0.004002325795865097, -0.003012617086768053, -0.013930450364833123], [0.0030328217202463333, -0.005051781883203432, 0.9999826405954344, 0.029873952533002523], [0.00398703723345244, -0.9999792302283224, -0.005063856837507652, 0.03307854723158043], [0.0, 0.0, 0.0, 1.0]]}, "Hobj2base": {"type": "ndarray", "data": [[0.999967996314131, 0.0032498289809290023, 0.007310605932259517, -0.732898683823875], [0.003259456930525114, -0.999993835844821, -0.0013054550469522993, 0.08986383578913625], [0.007306318362905212, 0.0013292418727513019, -0.9999724250338227, -0.0016908242191306909], [0.0, 0.0, 0.0, 1.0]]}, "mean_rme": {"type": "float", "data": 0.001855075310686776}, "max_rme": {"type": "float", "data": 0.007080203143588815}, "simu": {"type": "float", "data": 0.002}}, {"type": "dict", "image_number": {"type": "int", "data": 25}, "Hcamera2end": {"type": "ndarray", "data": [[0.9999842211814804, 0.004570483833907634, -0.003266200482528155, -0.01388214074714622], [0.0032863564086129844, -0.004409481206490318, 0.9999848780541861, 0.02889062986073732], [0.004556012469654418, -0.9999798333731605, -0.004424431868924605, 0.0334916989240772], [0.0, 0.0, 0.0, 1.0]]}, "Hobj2base": {"type": "ndarray", "data": [[0.9999699725431541, 0.00401129356987038, 0.006630500429078986, -0.733836733599168], [0.004022017530266796, -0.9999906239102425, -0.0016048260310005723, 0.08952188181703942], [0.006624000832572914, 0.0016314458311163782, -0.9999767302279938, -0.0006762124911528521], [0.0, 0.0, 0.0, 1.0]]}, "mean_rme": {"type": "float", "data": 0.001924484810844498}, "max_rme": {"type": "float", "data": 0.007257065515946182}, "simu": {"type": "float", "data": 0.002}}, {"type": "dict", "image_number": {"type": "int", "data": 26}, "Hcamera2end": {"type": "ndarray", "data": [[0.9999865607536821, 0.004332862225030984, -0.0028468608960566803, -0.013810860512094576], [0.0028675946694094734, -0.004786571071985879, 0.9999844326979218, 0.029488872347790563], [0.004319168072044832, -0.9999791573039468, -0.004798931636698089, 0.0332242631700695], [0.0, 0.0, 0.0, 1.0]]}, "Hobj2base": {"type": "ndarray", "data": [[0.9999658919171805, 0.0039604041337373075, 0.007247772166333574, -0.7332808333628275], [0.003968424359586528, -0.9999915289556529, -0.0010925314813746234, 0.08970087662097223], [0.007243383903939061, 0.0011212564528379854, -0.9999731377260026, -0.0012790031505261563], [0.0, 0.0, 0.0, 1.0]]}, "mean_rme": {"type": "float", "data": 0.0019402698807406047}, "max_rme": {"type": "float", "data": 0.007329857774330761}, "simu": {"type": "float", "data": 0.002}}, {"type": "dict", "image_number": {"type": "int", "data": 27}, "Hcamera2end": {"type": "ndarray", "data": [[0.9999818175129019, 0.005027676274162494, -0.0033297319524875123, -0.0138439083839629], [0.003352650700591581, -0.0045569909785636575, 0.999983996655197, 0.0288729683115384], [0.005012422256057, -0.9999769778872428, -0.004573764163516847, 0.03337200076051405], [0.0, 0.0, 0.0, 1.0]]}, "Hobj2base": {"type": "ndarray", "data": [[0.9999656587648529, 0.004818728722923389, 0.006742488002856686, -0.7337449867047648], [0.004829128213462132, -0.9999871738863613, -0.0015269523459355571, 0.08937311023841357], [0.006735043553811457, 0.0015594602475495123, -0.9999761033505075, -0.0006692023423263714], [0.0, 0.0, 0.0, 1.0]]}, "mean_rme": {"type": "float", "data": 0.0019412344243063557}, "max_rme": {"type": "float", "data": 0.007370316237276908}, "simu": {"type": "float", "data": 0.002}}, {"type": "dict", "image_number": {"type": "int", "data": 28}, "Hcamera2end": {"type": "ndarray", "data": [[0.9999804579089848, 0.004968290777598149, -0.00379471828812938, -0.013926236104547773], [0.0038163717629499144, -0.004356132717584726, 0.999983229566533, 0.028767254276806153], [0.004951677160719281, -0.9999781698589703, -0.004375008434276628, 0.033588983638001425], [0.0, 0.0, 0.0, 1.0]]}, "Hobj2base": {"type": "ndarray", "data": [[0.9999678827449513, 0.004907284826186397, 0.006336563280993293, -0.7340778445159872], [0.004919709857249084, -0.9999860032101404, -0.0019467508133202123, 0.08920046404568968], [0.006326921328722045, 0.00197786234186241, -0.9999780288221618, -0.0005778846956559859], [0.0, 0.0, 0.0, 1.0]]}, "mean_rme": {"type": "float", "data": 0.0019284689470359085}, "max_rme": {"type": "float", "data": 0.007279772499041187}, "simu": {"type": "float", "data": 0.002}}, {"type": "dict", "image_number": {"type": "int", "data": 29}, "Hcamera2end": {"type": "ndarray", "data": [[0.9999657884942383, 0.006201450324649612, -0.005473925005622885, -0.013985462781655725], [0.005499832776570344, -0.00416837309095075, 0.9999761879690959, 0.028145485842267507], [0.00617848529382751, -0.9999720829501421, -0.004202337424388469, 0.0339552423358278], [0.0, 0.0, 0.0, 1.0]]}, "Hobj2base": {"type": "ndarray", "data": [[0.9999633950207935, 0.006288471977728737, 0.00580204607650001, -0.7348038005549226], [0.0063084675013065725, -0.9999742035715085, -0.0034344474537231903, 0.08828904111752574], [0.0057802989778615735, 0.0034709237549602444, -0.9999772701576841, -0.0001311948816647194], [0.0, 0.0, 0.0, 1.0]]}, "mean_rme": {"type": "float", "data": 0.0019378654027319706}, "max_rme": {"type": "float", "data": 0.007354740301388885}, "simu": {"type": "float", "data": 0.002}}, {"type": "dict", "image_number": {"type": "int", "data": 30}, "Hcamera2end": {"type": "ndarray", "data": [[0.9999755476102503, 0.005111547091230101, -0.004772448838297372, -0.014021871087803815], [0.004793671663713523, -0.004147764953895017, 0.9999799081770933, 0.02850122492981557], [0.005091649394895416, -0.9999783338313992, -0.0041721666095788645, 0.0339084619292272], [0.0, 0.0, 0.0, 1.0]]}, "Hobj2base": {"type": "ndarray", "data": [[0.9999707106547203, 0.004904573201113051, 0.005875627150232116, -0.7345435465045252], [0.004920294873444544, -0.9999843460234978, -0.0026642834525487575, 0.0888082967854451], [0.005862468000081233, 0.0026931152355763517, -0.9999791890830907, -0.0003805132135806392], [0.0, 0.0, 0.0, 1.0]]}, "mean_rme": {"type": "float", "data": 0.0019384702182984547}, "max_rme": {"type": "float", "data": 0.007166604504155932}, "simu": {"type": "float", "data": 0.002}}, {"type": "dict", "image_number": {"type": "int", "data": 31}, "Hcamera2end": {"type": "ndarray", "data": [[0.9999741035818035, 0.005545787743205587, -0.0045865459853645894, -0.01343393405008489], [0.004607519524359045, -0.0037750430029259707, 0.9999822597497212, 0.02894961193033602], [0.0055283749512133815, -0.9999774963911106, -0.0038004975681384945, 0.03363286031889342], [0.0, 0.0, 0.0, 1.0]]}, "Hobj2base": {"type": "ndarray", "data": [[0.999970968601665, 0.005340660390985986, 0.005435006939828096, -0.7347468130221525], [0.005353699273237775, -0.9999828191062399, -0.0023873408696726385, 0.08944038767237876], [0.005422163584728836, 0.0024163689545326893, -0.9999823804963441, -0.0007714500757579659], [0.0, 0.0, 0.0, 1.0]]}, "mean_rme": {"type": "float", "data": 0.0019619806092252643}, "max_rme": {"type": "float", "data": 0.007165115101044034}, "simu": {"type": "float", "data": 0.002}}]}