{"type": "list", "data": [{"type": "dict", "image_number": {"type": "int", "data": 5}, "Hcamera2end": {"type": "ndarray", "data": [[0.9999981402560243, -0.001701281703897849, -0.0009083639450764706, -0.01893057760911789], [0.0008939874155353588, -0.008432192816985262, 0.9999640488091549, 0.029744821206981503], [-0.0017088800407275135, -0.9999630011979749, -0.008430656210831833, 0.03625077731458054], [0.0, 0.0, 0.0, 1.0]]}, "Hobj2base": {"type": "ndarray", "data": [[0.9999623634233071, 0.002056776300312743, 0.008428606535147945, -0.7345173509977407], [0.002082965803240143, -0.9999930267905814, -0.0030996166979822713, 0.08526938300715316], [0.008422172542545004, 0.0031170565382023785, -0.9999596746710349, 0.00031085007745659257], [0.0, 0.0, 0.0, 1.0]]}, "mean_rme": {"type": "float", "data": 0.001269766457776599}, "max_rme": {"type": "float", "data": 0.005497386096478041}, "simu": {"type": "float", "data": 0.002}}, {"type": "dict", "image_number": {"type": "int", "data": 6}, "Hcamera2end": {"type": "ndarray", "data": [[0.9999908942417928, -0.0011581648319450109, -0.004107321234293164, -0.01870962842274325], [0.004086708330483512, -0.017271423793794538, 0.9998424859622425, 0.029555396855056745], [-0.0012289216904206705, -0.9998501670622241, -0.017266533442518828, 0.036014244634110675], [0.0, 0.0, 0.0, 1.0]]}, "Hobj2base": {"type": "ndarray", "data": [[0.9998376479292832, 0.0054520479067371, 0.017174194504007437, -0.7306333713771709], [0.005543050747320675, -0.9999708258120958, -0.005255674370386902, 0.0835068524101421], [0.017145039272380314, 0.005350018532449924, -0.9998386994560928, -0.00046199288060604543], [0.0, 0.0, 0.0, 1.0]]}, "mean_rme": {"type": "float", "data": 0.001212057978922486}, "max_rme": {"type": "float", "data": 0.005493083730735704}, "simu": {"type": "float", "data": 0.002}}, {"type": "dict", "image_number": {"type": "int", "data": 7}, "Hcamera2end": {"type": "ndarray", "data": [[0.9999965202454277, -0.0019489300648469733, 0.0017779675582256333, -0.018818679054906046], [-0.0017757503703718697, 0.0011387842905318246, 0.9999977749380053, 0.029843514089342625], [-0.0019509504498811383, -0.9999974524177258, 0.0011353195145574757, 0.03656260354885157], [0.0, 0.0, 0.0, 1.0]]}, "Hobj2base": {"type": "ndarray", "data": [[0.9999929791934256, -0.0035292742076080802, 0.0012592805186810833, -0.738472559662147], [-0.0035297238926147475, -0.9999937074734437, 0.0003550531775882928, 0.08731386419192841], [0.0012580195146029859, -0.0003594955973629022, -0.9999991440745422, 0.0013026355174146473], [0.0, 0.0, 0.0, 1.0]]}, "mean_rme": {"type": "float", "data": 0.0014497477768092683}, "max_rme": {"type": "float", "data": 0.00525635811552444}, "simu": {"type": "float", "data": 0.002}}, {"type": "dict", "image_number": {"type": "int", "data": 8}, "Hcamera2end": {"type": "ndarray", "data": [[0.999998042333584, -0.0009573281296633685, -0.0017317193340004179, -0.018688253075982028], [0.0017318635694477725, 0.0001498561419600586, 0.9999984890947152, 0.029510629973360226], [-0.0009570671744528875, -0.999999530532884, 0.0001515138103035385, 0.03651846317695727], [0.0, 0.0, 0.0, 1.0]]}, "Hobj2base": {"type": "ndarray", "data": [[0.9999928069140417, -0.00275155168035382, 0.0026105714942232126, -0.7379509683143145], [-0.002741432384157483, -0.9999887461417891, -0.003871968266343956, 0.08572159964022949], [0.0026211960360113026, 0.0038647837097079665, -0.999989096329664, 0.0015098965386565535], [0.0, 0.0, 0.0, 1.0]]}, "mean_rme": {"type": "float", "data": 0.0014386718796771962}, "max_rme": {"type": "float", "data": 0.0054491589238376825}, "simu": {"type": "float", "data": 0.002}}, {"type": "dict", "image_number": {"type": "int", "data": 9}, "Hcamera2end": {"type": "ndarray", "data": [[0.99999237770155, -0.0009555149067935684, -0.0037857007361243606, -0.0189780142366401], [0.003781913011804909, -0.003935223724306436, 0.9999851054631818, 0.029415768725056524], [-0.0009703982541915295, -0.9999918004691352, -0.003931580054597594, 0.03628628377317653], [0.0, 0.0, 0.0, 1.0]]}, "Hobj2base": {"type": "ndarray", "data": [[0.9999800038368372, -0.0005023879761998772, 0.006303929948884743, -0.7362621120841469], [-0.00046757048745439114, -0.9999846366029965, -0.005523398936480154, 0.08428937733285201], [0.006306607988319701, 0.005520340958094729, -0.9999648756488335, 0.0010418821228954963], [0.0, 0.0, 0.0, 1.0]]}, "mean_rme": {"type": "float", "data": 0.0013576129694208678}, "max_rme": {"type": "float", "data": 0.0052251909704906785}, "simu": {"type": "float", "data": 0.002}}, {"type": "dict", "image_number": {"type": "int", "data": 10}, "Hcamera2end": {"type": "ndarray", "data": [[0.9999932227980358, -0.0017569264470362425, -0.003235362028815992, -0.01882342658148814], [0.003233270021547162, -0.0011922576195075862, 0.9999940622257397, 0.029676634040131173], [-0.0017607733998343286, -0.9999977458630738, -0.0011865689217256392, 0.03644064842247316], [0.0, 0.0, 0.0, 1.0]]}, "Hobj2base": {"type": "ndarray", "data": [[0.9999911547109958, -0.002560826590192434, 0.0033365651416314692, -0.7375545843075754], [-0.0025443171337505796, -0.9999845468555595, -0.0049429242766023136, 0.08509596910243382], [0.0033491715531292314, 0.0049343912751508325, -0.9999822172582127, 0.0012940139095984292], [0.0, 0.0, 0.0, 1.0]]}, "mean_rme": {"type": "float", "data": 0.0014342003842692968}, "max_rme": {"type": "float", "data": 0.00540417611335503}, "simu": {"type": "float", "data": 0.002}}, {"type": "dict", "image_number": {"type": "int", "data": 11}, "Hcamera2end": {"type": "ndarray", "data": [[0.999999514983362, -0.0009848422570420512, 1.0898136936072795e-05, -0.018782469871655754], [-1.4675255576961088e-05, -0.003835326573296882, 0.9999926450003085, 0.02974590258724607], [-0.000984793215613364, -0.9999921601471708, -0.003835339165911389, 0.03629096472483702], [0.0, 0.0, 0.0, 1.0]]}, "Hobj2base": {"type": "ndarray", "data": [[0.9999844895710677, -0.0010712817651808931, 0.005465617318365207, -0.7363745788373439], [-0.0010624973269460095, -0.9999981397096984, -0.001609868495461733, 0.0861966438666517], [0.005467331773493845, 0.001604036321919971, -0.9999837675436318, 0.0008233144696940052], [0.0, 0.0, 0.0, 1.0]]}, "mean_rme": {"type": "float", "data": 0.001390883645508973}, "max_rme": {"type": "float", "data": 0.005306421829148145}, "simu": {"type": "float", "data": 0.002}}, {"type": "dict", "image_number": {"type": "int", "data": 12}, "Hcamera2end": {"type": "ndarray", "data": [[0.9999941373983987, -0.0015514693398691309, 0.003052558225481468, -0.018515381186236368], [-0.0030562878304837386, -0.0024072591308770264, 0.9999924320754505, 0.029703023685437303], [-0.001544109299805402, -0.9999958990147733, -0.0024119867549388108, 0.03655025793031517], [0.0, 0.0, 0.0, 1.0]]}, "Hobj2base": {"type": "ndarray", "data": [[0.9999854779069617, -0.0024703810660820693, 0.004789696501218209, -0.7367739255492208], [-0.0024792251759205314, -0.9999952312791975, 0.0018414291709572552, 0.08776273139758255], [0.004785124628734401, -0.0018532771657023498, -0.999986833886344, 0.001016092631205311], [0.0, 0.0, 0.0, 1.0]]}, "mean_rme": {"type": "float", "data": 0.0014149999478907226}, "max_rme": {"type": "float", "data": 0.005384093028367953}, "simu": {"type": "float", "data": 0.002}}, {"type": "dict", "image_number": {"type": "int", "data": 13}, "Hcamera2end": {"type": "ndarray", "data": [[0.9999976297414882, -0.002121191635456411, -0.0004909760189785199, -0.018754564839752037], [0.0004899595267646484, -0.00047970117627160747, 0.9999997649131941, 0.02972288719129462], [-0.00212142665856607, -0.9999976352136174, -0.0004786607412059496, 0.036809368241816555], [0.0, 0.0, 0.0, 1.0]]}, "Hobj2base": {"type": "ndarray", "data": [[0.9999861987183205, -0.003680221909002969, 0.003749445236833824, -0.7374699554403569], [-0.0036754646427413673, -0.9999924327744962, -0.0012748934878122353, 0.08647053940219404], [0.0037541087548816935, 0.0012610949392502211, -0.9999921581227582, 0.0012058992464025497], [0.0, 0.0, 0.0, 1.0]]}, "mean_rme": {"type": "float", "data": 0.001500243778016833}, "max_rme": {"type": "float", "data": 0.00520636689380749}, "simu": {"type": "float", "data": 0.002}}, {"type": "dict", "image_number": {"type": "int", "data": 14}, "Hcamera2end": {"type": "ndarray", "data": [[0.9999061928063085, -0.0018507277128143535, -0.013571307767728098, -0.019408445854558073], [0.013569538983711747, -0.0009649551536707879, 0.9999074639552007, 0.029441257933203933], [-0.0018636521571643305, -0.99999782183187, -0.0009397511120885493, 0.0367629062906039], [0.0, 0.0, 0.0, 1.0]]}, "Hobj2base": {"type": "ndarray", "data": [[0.9999867394195252, -0.0030886632146067874, 0.004120818444607952, -0.737291939716472], [-0.003029863609755207, -0.9998945892920315, -0.014199656017906046, 0.08069370353361567], [0.0041642420214208714, 0.014186982204376981, -0.9998906883376406, 0.0016096509170711354], [0.0, 0.0, 0.0, 1.0]]}, "mean_rme": {"type": "float", "data": 0.0015835249671611019}, "max_rme": {"type": "float", "data": 0.004943940852905615}, "simu": {"type": "float", "data": 0.002}}, {"type": "dict", "image_number": {"type": "int", "data": 15}, "Hcamera2end": {"type": "ndarray", "data": [[0.9999066839140085, -0.0016004782759257352, -0.013566942668830358, -0.019434151631370477], [0.013564756381622394, -0.0013690580813245923, 0.9999070572129578, 0.02981949217327473], [-0.001618903455513799, -0.9999977820721695, -0.001347220228275825, 0.03679270468091422], [0.0, 0.0, 0.0, 1.0]]}, "Hobj2base": {"type": "ndarray", "data": [[0.9999886160040894, -0.0021568453116068815, 0.004256275429019075, -0.7372809427113729], [-0.0020997665943577348, -0.999908416967465, -0.013369691764106302, 0.08083937277469375], [0.004284721983407023, 0.013360602378627694, -0.9999015628858696, 0.0013115597815315683], [0.0, 0.0, 0.0, 1.0]]}, "mean_rme": {"type": "float", "data": 0.0016940435784774082}, "max_rme": {"type": "float", "data": 0.007665721919293378}, "simu": {"type": "float", "data": 0.002}}, {"type": "dict", "image_number": {"type": "int", "data": 16}, "Hcamera2end": {"type": "ndarray", "data": [[0.9998651996546383, -0.0015611543523915312, -0.01634458065165017, -0.01954076977228495], [0.016342690435240687, -0.0012159604651289513, 0.999865709937832, 0.030039805472376595], [-0.001580819068768018, -0.9999980421167008, -0.0011902830909356066, 0.03688328605195805], [0.0, 0.0, 0.0, 1.0]]}, "Hobj2base": {"type": "ndarray", "data": [[0.9999914718123898, -0.0019131354945731425, 0.0036600840249661954, -0.7374508455306258], [-0.0018550199864955182, -0.9998731948370798, -0.01581623049720744, 0.07984881230684632], [0.0036898784993696656, 0.01580930608440791, -0.9998682166354671, 0.0012936318616529746], [0.0, 0.0, 0.0, 1.0]]}, "mean_rme": {"type": "float", "data": 0.001779760355101067}, "max_rme": {"type": "float", "data": 0.007272896072579471}, "simu": {"type": "float", "data": 0.002}}, {"type": "dict", "image_number": {"type": "int", "data": 17}, "Hcamera2end": {"type": "ndarray", "data": [[0.9999602376212134, -0.0012707203623714466, -0.00882657613613462, -0.019369865489127735], [0.008823937751851451, -0.0020671365331521585, 0.9999589316912495, 0.030324881743698368], [-0.0012889139140289225, -0.9999970561038237, -0.0020558415815088438, 0.03678513430019716], [0.0, 0.0, 0.0, 1.0]]}, "Hobj2base": {"type": "ndarray", "data": [[0.9999914900744982, -0.0009659228531718443, 0.0040108317873678925, -0.7371468740125351], [-0.000933046549109879, -0.9999660205500784, -0.008190675758289329, 0.08292843791974992], [0.004018607062407881, 0.008186863763490551, -0.999958412164724, 0.0007738119907290055], [0.0, 0.0, 0.0, 1.0]]}, "mean_rme": {"type": "float", "data": 0.0018433004929439452}, "max_rme": {"type": "float", "data": 0.007010503979264671}, "simu": {"type": "float", "data": 0.002}}, {"type": "dict", "image_number": {"type": "int", "data": 18}, "Hcamera2end": {"type": "ndarray", "data": [[0.9999598109534205, -0.0005839160511829436, -0.00894625732050992, -0.019433021660392936], [0.00894551521083128, -0.0012613918269046565, 0.9999591924915094, 0.031034178913581557], [-0.0005951769588892052, -0.9999990339658853, -0.0012561177028520554, 0.03820872886416797], [0.0, 0.0, 0.0, 1.0]]}, "Hobj2base": {"type": "ndarray", "data": [[0.9999949967071698, -0.000883509338687358, 0.0030374284972493133, -0.7387979385284695], [-0.0008573684318635173, -0.9999626791144571, -0.008596819040155378, 0.08238216485251361], [0.003044910507633006, 0.008594171832444729, -0.9999584335013705, 0.00025160284343437374], [0.0, 0.0, 0.0, 1.0]]}, "mean_rme": {"type": "float", "data": 0.001848749976006004}, "max_rme": {"type": "float", "data": 0.007093680565910115}, "simu": {"type": "float", "data": 0.002}}, {"type": "dict", "image_number": {"type": "int", "data": 19}, "Hcamera2end": {"type": "ndarray", "data": [[0.9999613587137534, -0.0010732247802515897, -0.008725208760557365, -0.019374625056653796], [0.00872348982783125, -0.0015960391601090862, 0.9999606759189198, 0.030236236770056366], [-0.0010871083515352912, -0.9999981504220746, -0.00158661522164949, 0.037754056286911405], [0.0, 0.0, 0.0, 1.0]]}, "Hobj2base": {"type": "ndarray", "data": [[0.9999937165576346, -0.0005500098650087776, 0.003502047172394629, -0.7383641418132371], [-0.000521883337018048, -0.99996764445844, -0.008027308018335793, 0.08282413286038658], [0.0035063489603613467, 0.008025429919143788, -0.9999616482603624, 0.0009255153089296592], [0.0, 0.0, 0.0, 1.0]]}, "mean_rme": {"type": "float", "data": 0.0018555975493835212}, "max_rme": {"type": "float", "data": 0.007060444263497362}, "simu": {"type": "float", "data": 0.002}}, {"type": "dict", "image_number": {"type": "int", "data": 20}, "Hcamera2end": {"type": "ndarray", "data": [[0.999960193288687, -0.000850348301706519, -0.00888193367558301, -0.01931731117189587], [0.008881286212229611, -0.0007621818711114337, 0.9999602701277747, 0.030585857782023485], [-0.0008570841663050888, -0.9999993479930681, -0.0007545993445101651, 0.036851367683217486], [0.0, 0.0, 0.0, 1.0]]}, "Hobj2base": {"type": "ndarray", "data": [[0.9999959078783972, -0.00041146497163991057, 0.002831063940857736, -0.7377808813977303], [-0.0003887036821332959, -0.9999676377401334, -0.008035694236605207, 0.08267480833716397], [0.0028342787279319556, 0.008034560908589061, -0.9999637056889106, 0.0007632315201398232], [0.0, 0.0, 0.0, 1.0]]}, "mean_rme": {"type": "float", "data": 0.0018274503471282194}, "max_rme": {"type": "float", "data": 0.006955514272745045}, "simu": {"type": "float", "data": 0.002}}, {"type": "dict", "image_number": {"type": "int", "data": 21}, "Hcamera2end": {"type": "ndarray", "data": [[0.9999641438648195, -0.0017794717369454417, -0.008279158473903961, -0.01947516067273817], [0.008270141666919811, -0.005016122245180776, 0.9999532205430565, 0.030052837014386498], [-0.0018209177652162684, -0.9999858358986685, -0.0050012259030667305, 0.03882871166197629], [0.0, 0.0, 0.0, 1.0]]}, "Hobj2base": {"type": "ndarray", "data": [[0.9999819135634884, 0.0008942689944561918, 0.005947506105046552, -0.7380882770814269], [0.0009397359649970113, -0.9999703249330671, -0.0076463160785375526, 0.0827608397413617], [0.0059404917490139516, 0.007651766869316202, -0.9999530794100082, 0.0006601559478257236], [0.0, 0.0, 0.0, 1.0]]}, "mean_rme": {"type": "float", "data": 0.0018779865784397077}, "max_rme": {"type": "float", "data": 0.007041237286371849}, "simu": {"type": "float", "data": 0.002}}, {"type": "dict", "image_number": {"type": "int", "data": 22}, "Hcamera2end": {"type": "ndarray", "data": [[0.9999584375035174, -0.0019250701682697107, -0.008911642405932136, -0.019382815063808276], [0.00890313529974409, -0.004383384728540163, 0.9999507588477328, 0.029696326079716447], [-0.0019640385328248016, -0.9999885399559183, -0.004366063383958174, 0.03806952193552793], [0.0, 0.0, 0.0, 1.0]]}, "Hobj2base": {"type": "ndarray", "data": [[0.9999860409789023, 0.0007353441005751237, 0.005232314630720118, -0.737649716345029], [0.0007770274854949854, -0.9999679454333035, -0.007968960671536759, 0.08276409541354583], [0.005226286982924281, 0.007972915084927446, -0.9999545582422336, 0.0011692121809609333], [0.0, 0.0, 0.0, 1.0]]}, "mean_rme": {"type": "float", "data": 0.001862142416049611}, "max_rme": {"type": "float", "data": 0.007181511193368351}, "simu": {"type": "float", "data": 0.002}}, {"type": "dict", "image_number": {"type": "int", "data": 23}, "Hcamera2end": {"type": "ndarray", "data": [[0.9999568012889932, -0.002044578463726912, -0.009067262805862697, -0.019344189918806324], [0.009061202082468692, -0.0029543210315521318, 0.9999545822706464, 0.02930119372465735], [-0.002071273208821575, -0.9999935458222458, -0.002935667070058212, 0.0382701990963161], [0.0, 0.0, 0.0, 1.0]]}, "Hobj2base": {"type": "ndarray", "data": [[0.9999920664128996, 0.0001925876150685351, 0.003978695925751016, -0.7384799739959087], [0.0002249606046874671, -0.9999668627540264, -0.0081377384202692, 0.08292421626488698], [0.003976996855091058, 0.008138568908653967, -0.9999589727544493, 0.0017231574152494428], [0.0, 0.0, 0.0, 1.0]]}, "mean_rme": {"type": "float", "data": 0.0018487701099824119}, "max_rme": {"type": "float", "data": 0.007300868268142913}, "simu": {"type": "float", "data": 0.002}}, {"type": "dict", "image_number": {"type": "int", "data": 24}, "Hcamera2end": {"type": "ndarray", "data": [[0.9999593114733495, -0.0019103426770722453, -0.00881623437761361, -0.01930448648649384], [0.008810944053036486, -0.0027602489527527307, 0.9999573732367861, 0.0295218792897927], [-0.0019345962470553217, -0.9999943657924153, -0.0027433047198399674, 0.03775917997817808], [0.0, 0.0, 0.0, 1.0]]}, "Hobj2base": {"type": "ndarray", "data": [[0.9999919135486782, 0.0002885186439794292, 0.00401118364637813, -0.7380245575106565], [0.0003202653051315496, -0.9999686155171716, -0.007916148735652944, 0.0829400415627187], [0.00400877380095511, 0.007917369365055984, -0.9999606217221506, 0.0015314646243130673], [0.0, 0.0, 0.0, 1.0]]}, "mean_rme": {"type": "float", "data": 0.0018137238963208701}, "max_rme": {"type": "float", "data": 0.0074919167763318195}, "simu": {"type": "float", "data": 0.002}}, {"type": "dict", "image_number": {"type": "int", "data": 25}, "Hcamera2end": {"type": "ndarray", "data": [[0.9999674868725662, -0.0019665221726974653, -0.007820357300555011, -0.019298130668482707], [0.007814094926856625, -0.003172262475574339, 0.9999644377032916, 0.029405260730476303], [-0.0019912604646626112, -0.9999930347464078, -0.0031567927444668964, 0.03661386952560292], [0.0, 0.0, 0.0, 1.0]]}, "Hobj2base": {"type": "ndarray", "data": [[0.999989839147381, 0.00011299459916441904, 0.004506532393711237, -0.7367284489613217], [0.00014374304609702067, -0.9999767103903163, -0.006823343381202917, 0.08352897418962422], [0.00450565643738044, 0.006823921832910059, -0.9999665660165276, 0.0015326991881143193], [0.0, 0.0, 0.0, 1.0]]}, "mean_rme": {"type": "float", "data": 0.0018292213214005572}, "max_rme": {"type": "float", "data": 0.007697192322462909}, "simu": {"type": "float", "data": 0.002}}, {"type": "dict", "image_number": {"type": "int", "data": 26}, "Hcamera2end": {"type": "ndarray", "data": [[0.9999782421043856, -0.0017896130126808063, -0.006349220667735184, -0.019271948952282375], [0.006344672933392529, -0.002535507310679419, 0.9999766578915957, 0.02960560236519641], [-0.0018056697347600226, -0.9999951842323752, -0.0025240976341331933, 0.03573144845767334], [0.0, 0.0, 0.0, 1.0]]}, "Hobj2base": {"type": "ndarray", "data": [[0.9999920899802882, 0.00013430067950017643, 0.003975165428335103, -0.7361015467314578], [0.0001561857879738523, -0.9999848315407176, -0.005505660222188355, 0.08407180304943805], [0.003974365717291225, 0.0055062375366522216, -0.9999769426168461, 0.001374256853775673], [0.0, 0.0, 0.0, 1.0]]}, "mean_rme": {"type": "float", "data": 0.0018191651165107368}, "max_rme": {"type": "float", "data": 0.007894953666801041}, "simu": {"type": "float", "data": 0.002}}, {"type": "dict", "image_number": {"type": "int", "data": 27}, "Hcamera2end": {"type": "ndarray", "data": [[0.9999905033213413, -0.0009209115683738382, -0.004259717010999508, -0.01921989199573382], [0.0042581508790079225, -0.001695956251559938, 0.9999894958865739, 0.02967061619243621], [-0.00092812618870895, -0.999998137825404, -0.0016920187652040841, 0.035020779995683496], [0.0, 0.0, 0.0, 1.0]]}, "Hobj2base": {"type": "ndarray", "data": [[0.999995883608069, 0.000351893879795985, 0.002847619640092984, -0.7358061730413895], [0.0003615566327481557, -0.9999941767997753, -0.003393470692444489, 0.08483095986977755], [0.0028464089162657186, 0.003394486299357532, -0.9999901876613813, 0.0014178684239908395], [0.0, 0.0, 0.0, 1.0]]}, "mean_rme": {"type": "float", "data": 0.0018145097877368878}, "max_rme": {"type": "float", "data": 0.00809447732729529}, "simu": {"type": "float", "data": 0.002}}, {"type": "dict", "image_number": {"type": "int", "data": 28}, "Hcamera2end": {"type": "ndarray", "data": [[0.9999936295653825, -0.000803912912892791, -0.0034777223409787087, -0.019212694553038506], [0.003476721630491875, -0.0012428634195211785, 0.999993183825382, 0.02975134952992202], [-0.0008082297671628529, -0.9999989045066743, -0.0012400605205276083, 0.03478715095353792], [0.0, 0.0, 0.0, 1.0]]}, "Hobj2base": {"type": "ndarray", "data": [[0.999997173700291, 0.00017860937450276654, 0.0023707994688263456, -0.7357449043435428], [0.0001847919156359361, -0.9999965825454866, -0.002607824629008323, 0.08513258480351492], [0.002370325584801201, 0.0026082553630897664, -0.9999937892610047, 0.0013883612335943846], [0.0, 0.0, 0.0, 1.0]]}, "mean_rme": {"type": "float", "data": 0.0017647167894924514}, "max_rme": {"type": "float", "data": 0.008146287986178391}, "simu": {"type": "float", "data": 0.002}}, {"type": "dict", "image_number": {"type": "int", "data": 29}, "Hcamera2end": {"type": "ndarray", "data": [[0.999993980164916, 9.904814801794644e-05, -0.0034684035800328136, -0.019220197103227157], [0.00346870375570144, -0.003210971944980212, 0.9999888288143143, 0.029379558535193747], [8.791009494333907e-05, -0.9999948399110034, -0.003211296184141732, 0.034742143334770006], [0.0, 0.0, 0.0, 1.0]]}, "Hobj2base": {"type": "ndarray", "data": [[0.9999921416671433, 0.0019220143086544261, 0.0034673426362599, -0.7351343514718561], [0.001931214486770076, -0.9999946186753059, -0.002651986243382927, 0.08505010523220648], [0.003462226821857213, 0.002658661585522036, -0.9999904722066142, 0.0015364746475208877], [0.0, 0.0, 0.0, 1.0]]}, "mean_rme": {"type": "float", "data": 0.0017712721141018293}, "max_rme": {"type": "float", "data": 0.00799622605091771}, "simu": {"type": "float", "data": 0.002}}, {"type": "dict", "image_number": {"type": "int", "data": 30}, "Hcamera2end": {"type": "ndarray", "data": [[0.9999928450778127, -0.0014724701762655987, -0.003484483428248113, -0.018581396056574058], [0.0034769252865181517, -0.005104725815759936, 0.9999809262005439, 0.030065417400516138], [-0.001490229423175518, -0.9999858867033702, -0.005099569623054467, 0.03464598791244617], [0.0, 0.0, 0.0, 1.0]]}, "Hobj2base": {"type": "ndarray", "data": [[0.9999816522910222, 0.0014931827053380315, 0.0058707313620667, -0.7340690087914312], [0.001511015880131721, -0.9999942546679492, -0.0030343800194331414, 0.08507115495669322], [0.005866166748999204, 0.003043195113827687, -0.9999781632871647, 0.00031166735972428807], [0.0, 0.0, 0.0, 1.0]]}, "mean_rme": {"type": "float", "data": 0.0018032222802584002}, "max_rme": {"type": "float", "data": 0.007800039285872196}, "simu": {"type": "float", "data": 0.002}}, {"type": "dict", "image_number": {"type": "int", "data": 31}, "Hcamera2end": {"type": "ndarray", "data": [[0.9999928474649102, -0.001549144615288632, -0.003450386932156582, -0.01865073922192907], [0.0034419471788318494, -0.005418015798302589, 0.99997939884001, 0.029882083242004396], [-0.001567806952021245, -0.9999841225018379, -0.0054126449718161496, 0.034712869005814675], [0.0, 0.0, 0.0, 1.0]]}, "Hobj2base": {"type": "ndarray", "data": [[0.9999798104394356, 0.0015194824125804554, 0.006170079959630488, -0.7339271787838794], [0.0015381777722368265, -0.9999942374735322, -0.0030263887506926483, 0.08512338225226392], [0.006165445859901102, 0.0030358183290805025, -0.999976385263383, 0.0004598215776235261], [0.0, 0.0, 0.0, 1.0]]}, "mean_rme": {"type": "float", "data": 0.0017653565274768858}, "max_rme": {"type": "float", "data": 0.007756573144246992}, "simu": {"type": "float", "data": 0.002}}]}