{"type": "list", "data": [{"type": "dict", "image_number": {"type": "int", "data": 5}, "Hcamera2end": {"type": "ndarray", "data": [[0.9999608367551511, 0.008473854714350644, 0.002553182762387911, -0.014204884736518344], [-0.0025602196746380163, 0.0008196825897696103, 0.9999963866913069, 0.027902334732233445], [0.00847173129623891, -0.999963760296708, 0.0008413454178993751, 0.030891185240822617], [0.0, 0.0, 0.0, 1.0]]}, "Hobj2base": {"type": "ndarray", "data": [[0.9999797022059083, 0.006286877292383716, -0.0010345772535830544, -0.7319481423997779], [0.006294042342621755, -0.9999551669754823, 0.007074536735659705, 0.09387591423474176], [-0.0009900541259981258, -0.007080904811210515, -0.9999744399632831, 0.0007976272482392632], [0.0, 0.0, 0.0, 1.0]]}, "mean_rme": {"type": "float", "data": 0.0007969079109936097}, "max_rme": {"type": "float", "data": 0.0024805326425871074}, "simu": {"type": "float", "data": 0.002}}, {"type": "dict", "image_number": {"type": "int", "data": 6}, "Hcamera2end": {"type": "ndarray", "data": [[0.9998680856869848, 0.00803429993006266, -0.014115992677744795, -0.014791514622654534], [0.014108846312741171, 0.0009454691165462492, 0.9999000182737638, 0.028836436878480164], [0.008046842882012756, -0.9999672775210116, 0.0008319896926936021, 0.030875333977120487], [0.0, 0.0, 0.0, 1.0]]}, "Hobj2base": {"type": "ndarray", "data": [[0.9999754632095924, 0.00677742679574676, -0.0017718534898441766, -0.7321181978011961], [0.006758558444959938, -0.9999225938441911, -0.010446444737334687, 0.0846664332062948], [-0.0018425163519599716, 0.010434213239742645, -0.9999438645881877, 0.000533514000924884], [0.0, 0.0, 0.0, 1.0]]}, "mean_rme": {"type": "float", "data": 0.0009977846428656002}, "max_rme": {"type": "float", "data": 0.003046518872706072}, "simu": {"type": "float", "data": 0.002}}, {"type": "dict", "image_number": {"type": "int", "data": 7}, "Hcamera2end": {"type": "ndarray", "data": [[0.9997903091900664, 0.007386779934727626, -0.01909903484020546, -0.014825798408970465], [0.01909905145769424, 6.829800955654441e-05, 0.9998175941484518, 0.02899217555831031], [0.007386736968907472, -0.9999727150365544, -7.279680198846172e-05, 0.030802643509506643], [0.0, 0.0, 0.0, 1.0]]}, "Hobj2base": {"type": "ndarray", "data": [[0.9999745139893409, 0.007133643139707342, 0.0002872409039200121, -0.7315218801207599], [0.0071373016543291095, -0.9998487528952567, -0.015859705510989818, 0.08201598205989712], [0.00017405998014867908, 0.015861351435344857, -0.9998741857022653, 4.2137239257801695e-05], [0.0, 0.0, 0.0, 1.0]]}, "mean_rme": {"type": "float", "data": 0.001010840663224105}, "max_rme": {"type": "float", "data": 0.0031388113047102293}, "simu": {"type": "float", "data": 0.002}}, {"type": "dict", "image_number": {"type": "int", "data": 8}, "Hcamera2end": {"type": "ndarray", "data": [[0.999761690013883, 0.0073826505341228294, -0.020544090431935363, -0.015167698019191959], [0.020510591667726733, 0.004584927651722248, 0.9997791226405301, 0.029270961085949305], [0.007475213042067828, -0.9999622367417278, 0.00443241248714632, 0.03121767606839051], [0.0, 0.0, 0.0, 1.0]]}, "Hobj2base": {"type": "ndarray", "data": [[0.9999667680402308, 0.007351171970528666, -0.003524639816345234, -0.733961737742113], [0.007289500360796402, -0.9998254622372786, -0.017201983795537362, 0.08096550629103463], [-0.0036504793747125334, 0.017175719276690996, -0.9998458224484728, 0.0009508385690004048], [0.0, 0.0, 0.0, 1.0]]}, "mean_rme": {"type": "float", "data": 0.000995421233355745}, "max_rme": {"type": "float", "data": 0.0032924894628513224}, "simu": {"type": "float", "data": 0.002}}, {"type": "dict", "image_number": {"type": "int", "data": 9}, "Hcamera2end": {"type": "ndarray", "data": [[0.9997483043676187, 0.007319999543051284, -0.021207204454170257, -0.015451279532810506], [0.021120000860089652, 0.011791581981025145, 0.999707409274361, 0.029515850534294997], [0.0075679242689830175, -0.9999036834620996, 0.011634015694696576, 0.03165720099592061], [0.0, 0.0, 0.0, 1.0]]}, "Hobj2base": {"type": "ndarray", "data": [[0.9999177761898411, 0.0069287682913538005, -0.010790413779255072, -0.737753609226184], [0.00673231950544659, -0.9998128452803507, -0.018136986698074727, 0.08049224461681347], [-0.010914061280723641, 0.01806285089276569, -0.9997772835406826, 0.0023592642686479895], [0.0, 0.0, 0.0, 1.0]]}, "mean_rme": {"type": "float", "data": 0.0010400605718116364}, "max_rme": {"type": "float", "data": 0.003730778859973971}, "simu": {"type": "float", "data": 0.002}}, {"type": "dict", "image_number": {"type": "int", "data": 10}, "Hcamera2end": {"type": "ndarray", "data": [[0.9995919098472716, 0.009113210510478602, -0.027073292412923857, -0.015520791829191562], [0.026943025847664517, 0.014125775720871592, 0.9995371607991649, 0.029850517319625118], [0.009491423816059424, -0.9998586959438195, 0.013874473664561182, 0.03188358419328975], [0.0, 0.0, 0.0, 1.0]]}, "Hobj2base": {"type": "ndarray", "data": [[0.9998624748139028, 0.009144273926113031, -0.013835234489585404, -0.7392007800874907], [0.008805911986939738, -0.9996653702316769, -0.024322900189800743, 0.07709438139071347], [-0.0140530200702865, 0.024197723321191755, -0.9996084147369786, 0.002723836463681395], [0.0, 0.0, 0.0, 1.0]]}, "mean_rme": {"type": "float", "data": 0.0011917262787975798}, "max_rme": {"type": "float", "data": 0.003874200140981998}, "simu": {"type": "float", "data": 0.002}}, {"type": "dict", "image_number": {"type": "int", "data": 11}, "Hcamera2end": {"type": "ndarray", "data": [[0.9995147886882708, 0.009208169822351836, -0.029755617989953832, -0.015833719695654436], [0.02962969099332853, 0.013522496082603697, 0.9994694710251715, 0.029973685751615287], [0.009605654849160544, -0.9998661668984599, 0.013243099588091334, 0.031984802097188306], [0.0, 0.0, 0.0, 1.0]]}, "Hobj2base": {"type": "ndarray", "data": [[0.9998723714146015, 0.00901333259638157, -0.013190933145468061, -0.7389338410801526], [0.00865426340243401, -0.999597176628203, -0.027029395144662186, 0.07566282717373042], [-0.013429244457619118, 0.026911787611230916, -0.9995476032090045, 0.002771392432441864], [0.0, 0.0, 0.0, 1.0]]}, "mean_rme": {"type": "float", "data": 0.0011885696418266888}, "max_rme": {"type": "float", "data": 0.004146085540771616}, "simu": {"type": "float", "data": 0.002}}, {"type": "dict", "image_number": {"type": "int", "data": 12}, "Hcamera2end": {"type": "ndarray", "data": [[0.9996706581147929, 0.008162896981829478, -0.024329866773180643, -0.015251740278997134], [0.02420404034809576, 0.015174512683906571, 0.9995918660111403, 0.029915351820649364], [0.008528759298071014, -0.9998515396185923, 0.01497193999338664, 0.03168046626677063], [0.0, 0.0, 0.0, 1.0]]}, "Hobj2base": {"type": "ndarray", "data": [[0.9998560940629596, 0.008103017070665576, -0.014904102774559325, -0.739697413670697], [0.007777213119927992, -0.9997323286785109, -0.0217895835464954, 0.07848842043679218], [-0.015076674741113991, 0.021670535512418362, -0.9996514801516359, 0.0026970800717023014], [0.0, 0.0, 0.0, 1.0]]}, "mean_rme": {"type": "float", "data": 0.001347526251537192}, "max_rme": {"type": "float", "data": 0.0037881831168277424}, "simu": {"type": "float", "data": 0.002}}, {"type": "dict", "image_number": {"type": "int", "data": 13}, "Hcamera2end": {"type": "ndarray", "data": [[0.9997815292036308, 0.008266043873662365, -0.019198082766987083, -0.014837285835828716], [0.01907347199458858, 0.014898795941314824, 0.999707071369194, 0.029827656545734275], [0.008549650830358083, -0.999854838663182, 0.014737878833170237, 0.031627908861583495], [0.0, 0.0, 0.0, 1.0]]}, "Hobj2base": {"type": "ndarray", "data": [[0.9998653802331877, 0.0076204690250416445, -0.01453099662725409, -0.739483340858292], [0.007375404157652986, -0.999830916647998, -0.016844629064935692, 0.0810893321855649], [-0.014656903651664083, 0.016735189471959438, -0.9997525236820777, 0.0024800435792427735], [0.0, 0.0, 0.0, 1.0]]}, "mean_rme": {"type": "float", "data": 0.0013315874032165749}, "max_rme": {"type": "float", "data": 0.003940130561776556}, "simu": {"type": "float", "data": 0.002}}, {"type": "dict", "image_number": {"type": "int", "data": 14}, "Hcamera2end": {"type": "ndarray", "data": [[0.9998359244913713, 0.008752743338666663, -0.01585917969292469, -0.0144703111321735], [0.015733432514804156, 0.014253180125135101, 0.9997746275824481, 0.029835516361546705], [0.008976814456540355, -0.9998601083853521, 0.01411313083071819, 0.031640822862847445], [0.0, 0.0, 0.0, 1.0]]}, "Hobj2base": {"type": "ndarray", "data": [[0.9998781692058989, 0.0079837199708218, -0.013412940053818613, -0.7391407107232961], [0.007798762327278036, -0.9998745595128902, -0.013785664476773197, 0.08259772866015536], [-0.013521318412878952, 0.013679380626733021, -0.9998150071358431, 0.002141729176728236], [0.0, 0.0, 0.0, 1.0]]}, "mean_rme": {"type": "float", "data": 0.0013820843297303112}, "max_rme": {"type": "float", "data": 0.004269504343324324}, "simu": {"type": "float", "data": 0.002}}, {"type": "dict", "image_number": {"type": "int", "data": 15}, "Hcamera2end": {"type": "ndarray", "data": [[0.9999388045164022, 0.00771843907697783, -0.007925460272022481, -0.013966940458965488], [0.00781594132735572, 0.014117531664944116, 0.9998697947037187, 0.029845001029808766], [0.007829322031680517, -0.9998705521205753, 0.014056340868802253, 0.03144460335086507], [0.0, 0.0, 0.0, 1.0]]}, "Hobj2base": {"type": "ndarray", "data": [[0.9998873537860274, 0.006838424206761346, -0.013360976504130881, -0.7390193533891718], [0.006759347765716065, -0.999959425655701, -0.005954683879369568, 0.08650815332307746], [-0.01340115504565432, 0.005863701620094172, -0.9998930072996577, 0.0019649270300748736], [0.0, 0.0, 0.0, 1.0]]}, "mean_rme": {"type": "float", "data": 0.0014526596727453696}, "max_rme": {"type": "float", "data": 0.005007701421232691}, "simu": {"type": "float", "data": 0.002}}, {"type": "dict", "image_number": {"type": "int", "data": 16}, "Hcamera2end": {"type": "ndarray", "data": [[0.9999746323344253, 0.006894063020714277, -0.0017906933565949852, -0.013635873718583198], [0.0016954259413478725, 0.013799893438687372, 0.9999033395643592, 0.029874783555505147], [0.006918108015081735, -0.9998810103388039, 0.013787854994319004, 0.031318114925692406], [0.0, 0.0, 0.0, 1.0]]}, "Hobj2base": {"type": "ndarray", "data": [[0.9998972876157639, 0.006167044365838784, -0.01293761115616712, -0.738857415663593], [0.006165941804552101, -0.9999809825739954, -0.00012510799258507135, 0.08947751505312031], [-0.012938136662645075, 4.5322584966015464e-05, -0.9999162977797502, 0.0018082250575107255], [0.0, 0.0, 0.0, 1.0]]}, "mean_rme": {"type": "float", "data": 0.0015231680816106211}, "max_rme": {"type": "float", "data": 0.005584323282530371}, "simu": {"type": "float", "data": 0.002}}, {"type": "dict", "image_number": {"type": "int", "data": 17}, "Hcamera2end": {"type": "ndarray", "data": [[0.9999774306212638, 0.006401153886958817, -0.002040459999898453, -0.01361835316915834], [0.0019512078232393568, 0.013918533587877091, 0.9999012287275147, 0.029908355092755513], [0.006428921847887334, -0.9998826429394995, 0.013905729473679074, 0.03125752258382422], [0.0, 0.0, 0.0, 1.0]]}, "Hobj2base": {"type": "ndarray", "data": [[0.9998969446770917, 0.005971855725937249, -0.013055150884062198, -0.7388872484035744], [0.00596171997993211, -0.9999818965415999, -0.0008151588469228026, 0.08933868228990907], [-0.013059782551708808, 0.0007372436865980695, -0.9999144456159479, 0.0017467517859174396], [0.0, 0.0, 0.0, 1.0]]}, "mean_rme": {"type": "float", "data": 0.0014791753861968598}, "max_rme": {"type": "float", "data": 0.00570949889988865}, "simu": {"type": "float", "data": 0.002}}, {"type": "dict", "image_number": {"type": "int", "data": 18}, "Hcamera2end": {"type": "ndarray", "data": [[0.9999755760600847, 0.00676564898665293, -0.001753076464745212, -0.013496369017705899], [0.0016571242004691238, 0.014161911680505623, 0.9998983419312873, 0.030129662151729835], [0.006789788117906254, -0.9998768255396976, 0.014150354270157983, 0.03126562685927849], [0.0, 0.0, 0.0, 1.0]]}, "Hobj2base": {"type": "ndarray", "data": [[0.9998877971839333, 0.006627469347183092, -0.013433900874789672, -0.7391609093664289], [0.006617143901004352, -0.9999777760409323, -0.0008129150164977989, 0.08912538831707975], [-0.013438989889680219, 0.0007239297499034135, -0.9999094306368264, 0.0016882178122938876], [0.0, 0.0, 0.0, 1.0]]}, "mean_rme": {"type": "float", "data": 0.0015817139984381496}, "max_rme": {"type": "float", "data": 0.006783644334346806}, "simu": {"type": "float", "data": 0.002}}, {"type": "dict", "image_number": {"type": "int", "data": 19}, "Hcamera2end": {"type": "ndarray", "data": [[0.9999706316574338, 0.007341167606951935, -0.0022007000703071753, -0.013469908544404835], [0.0020911277520363073, 0.014900165371765417, 0.999886799721158, 0.030103840339087067], [0.007373127379713034, -0.9998620366480873, 0.014884376459289195, 0.03128347065161254], [0.0, 0.0, 0.0, 1.0]]}, "Hobj2base": {"type": "ndarray", "data": [[0.9998698487723006, 0.007439529577917836, -0.014315687748622666, -0.739630633294129], [0.007426554428915477, -0.999971962616665, -0.0009593069838766984, 0.08886962166054589], [-0.01432242316687841, 0.0008528658946425014, -0.9998970651094015, 0.0018272844042700961], [0.0, 0.0, 0.0, 1.0]]}, "mean_rme": {"type": "float", "data": 0.0015564172823393958}, "max_rme": {"type": "float", "data": 0.006785032309176486}, "simu": {"type": "float", "data": 0.002}}, {"type": "dict", "image_number": {"type": "int", "data": 20}, "Hcamera2end": {"type": "ndarray", "data": [[0.9999658789112229, 0.007925363655231603, -0.0023301554106600177, -0.013378448064941735], [0.0022168144736389008, 0.01427988253776713, 0.9998955798923691, 0.029652197638296626], [0.007957810433464677, -0.9998666278887599, 0.014261826231767638, 0.030510661213894754], [0.0, 0.0, 0.0, 1.0]]}, "Hobj2base": {"type": "ndarray", "data": [[0.9998747722628055, 0.007858881138566485, -0.013736003045017452, -0.7387145395745542], [0.007842953876675671, -0.9999685078434035, -0.001213011098470052, 0.08861675215094796], [-0.01374510337870119, 0.00110512835750305, -0.9999049208921926, 0.002204178098495169], [0.0, 0.0, 0.0, 1.0]]}, "mean_rme": {"type": "float", "data": 0.0016083135685264537}, "max_rme": {"type": "float", "data": 0.006598941207121789}, "simu": {"type": "float", "data": 0.002}}, {"type": "dict", "image_number": {"type": "int", "data": 21}, "Hcamera2end": {"type": "ndarray", "data": [[0.9999721617338826, 0.007180568098453213, -0.002028595338980836, -0.01346587936870965], [0.0019288986508372613, 0.013864034261452773, 0.9999020291528526, 0.02966180975312015], [0.007207989127395861, -0.9998781065688862, 0.013849797722660151, 0.03075796518441768], [0.0, 0.0, 0.0, 1.0]]}, "Hobj2base": {"type": "ndarray", "data": [[0.9998852723700021, 0.007196926779636318, -0.013328403598898718, -0.7387423967170692], [0.007186965733454389, -0.9999738573263113, -0.0007951021846245896, 0.08890870347669805], [-0.013333777450997713, 0.0006992201844884062, -0.9999108567617518, 0.002124737278990168], [0.0, 0.0, 0.0, 1.0]]}, "mean_rme": {"type": "float", "data": 0.0015882359899026496}, "max_rme": {"type": "float", "data": 0.0067204900198366}, "simu": {"type": "float", "data": 0.002}}, {"type": "dict", "image_number": {"type": "int", "data": 22}, "Hcamera2end": {"type": "ndarray", "data": [[0.9999811175634991, 0.005976994128452422, -0.001428305864949059, -0.013593239376583284], [0.0013458016411835305, 0.013784960628400622, 0.9999040772386201, 0.029692731979735563], [0.0059961099387845045, -0.9998871188297518, 0.013776656486249483, 0.030601660590400863], [0.0, 0.0, 0.0, 1.0]]}, "Hobj2base": {"type": "ndarray", "data": [[0.999893492954549, 0.0059160717127765125, -0.013341770596161073, -0.7384653841264643], [0.005914461278229965, -0.9999824965951329, -0.0001601597725665053, 0.08941292265492595], [-0.013342484586448695, 8.123332884830736e-05, -0.9999109817909824, 0.002131642367605814], [0.0, 0.0, 0.0, 1.0]]}, "mean_rme": {"type": "float", "data": 0.0015771284053326315}, "max_rme": {"type": "float", "data": 0.0068930205671296485}, "simu": {"type": "float", "data": 0.002}}, {"type": "dict", "image_number": {"type": "int", "data": 23}, "Hcamera2end": {"type": "ndarray", "data": [[0.9999908943256436, 0.00415688575607013, -0.0009651769840436429, -0.013741891418880768], [0.0009290023004286392, 0.008695508683243203, 0.9999617618106534, 0.02905655046098351], [0.004165119509131114, -0.99995355313612, 0.008691567748342677, 0.03182206230716525], [0.0, 0.0, 0.0, 1.0]]}, "Hobj2base": {"type": "ndarray", "data": [[0.9999551057989047, 0.003955983481441344, -0.008610260239738477, -0.7375231629581103], [0.003961783830083307, -0.9999919364722896, 0.0006567033454257852, 0.0899979126124717], [-0.00860759290307973, -0.0006907858530443409, -0.9999627153845887, 0.0018437770143841538], [0.0, 0.0, 0.0, 1.0]]}, "mean_rme": {"type": "float", "data": 0.001698828952661229}, "max_rme": {"type": "float", "data": 0.007108492066364547}, "simu": {"type": "float", "data": 0.002}}, {"type": "dict", "image_number": {"type": "int", "data": 24}, "Hcamera2end": {"type": "ndarray", "data": [[0.9999914253615592, 0.0040302206354205315, -0.0009521160575905099, -0.01374499847169881], [0.0009110501607812959, 0.010179091861052814, 0.9999477766746065, 0.02824277883194755], [0.004039701840709478, -0.9999400699094492, 0.010175332845862584, 0.03281427683152269], [0.0, 0.0, 0.0, 1.0]]}, "Hobj2base": {"type": "ndarray", "data": [[0.999938354345076, 0.003950880118892725, -0.010376803744276625, -0.7392750158134495], [0.00396009505526745, -0.9999917823943663, 0.0008676352293132297, 0.09008281391402821], [-0.010373290549017774, -0.0009086748725684742, -0.9999457831068448, 0.0029103041850131206], [0.0, 0.0, 0.0, 1.0]]}, "mean_rme": {"type": "float", "data": 0.0017614637836168314}, "max_rme": {"type": "float", "data": 0.007180820521695108}, "simu": {"type": "float", "data": 0.002}}, {"type": "dict", "image_number": {"type": "int", "data": 25}, "Hcamera2end": {"type": "ndarray", "data": [[0.9999911995097174, 0.004071627794111402, -0.0010113111404812993, -0.013665525780352166], [0.000966377404051781, 0.01102269953708146, 0.9999387812309455, 0.027550737014378716], [0.004082525912909826, -0.9999309585876526, 0.011018667802823345, 0.03321171831265856], [0.0, 0.0, 0.0, 1.0]]}, "Hobj2base": {"type": "ndarray", "data": [[0.9999273648257971, 0.003734736973690789, -0.011459354793112615, -0.7401345724909825], [0.003743709679122457, -0.9999927022357276, 0.0007616515776489708, 0.09003308459223718], [-0.011456426597134507, -0.0008044967524094205, -0.9999340493625564, 0.0037475429547645977], [0.0, 0.0, 0.0, 1.0]]}, "mean_rme": {"type": "float", "data": 0.0018190258967473274}, "max_rme": {"type": "float", "data": 0.007096470733868487}, "simu": {"type": "float", "data": 0.002}}, {"type": "dict", "image_number": {"type": "int", "data": 26}, "Hcamera2end": {"type": "ndarray", "data": [[0.9999948271411092, 0.003002458321396526, -0.001153661584435988, -0.013836035118961846], [0.0011206297596102128, 0.010980119343214079, 0.9999390887289837, 0.026846312759377967], [0.003014942779722786, -0.9999352090126824, 0.010976697900459187, 0.032740708318733464], [0.0, 0.0, 0.0, 1.0]]}, "Hobj2base": {"type": "ndarray", "data": [[0.9999304242441669, 0.0028134111758770196, -0.01145562693333751, -0.7397068228358132], [0.002823208869094495, -0.9999956626149238, 0.000839191886234161, 0.09015856735299778], [-0.011453216254040768, -0.0008714751263836235, -0.9999340300082518, 0.004486204376451846], [0.0, 0.0, 0.0, 1.0]]}, "mean_rme": {"type": "float", "data": 0.0018926847868142881}, "max_rme": {"type": "float", "data": 0.007255306328198097}, "simu": {"type": "float", "data": 0.002}}, {"type": "dict", "image_number": {"type": "int", "data": 27}, "Hcamera2end": {"type": "ndarray", "data": [[0.9999941251830797, 0.0033434989806926194, -0.0007553898947985475, -0.01379275468368021], [0.0007182339607906194, 0.011100173853709872, 0.9999381332264486, 0.02704990476868889], [0.0033516770883579112, -0.9999328013196603, 0.011097707227704867, 0.03307671281224232], [0.0, 0.0, 0.0, 1.0]]}, "Hobj2base": {"type": "ndarray", "data": [[0.999928751284003, 0.003090381793571929, -0.011530043190916788, -0.7400745730137045], [0.003104159895780268, -0.9999944890990127, 0.0011772692751304185, 0.09031282474161537], [-0.011526341438456386, -0.0012129764938760411, -0.9999328338148865, 0.004293508163775723], [0.0, 0.0, 0.0, 1.0]]}, "mean_rme": {"type": "float", "data": 0.001854917916631053}, "max_rme": {"type": "float", "data": 0.007270193783312007}, "simu": {"type": "float", "data": 0.002}}, {"type": "dict", "image_number": {"type": "int", "data": 28}, "Hcamera2end": {"type": "ndarray", "data": [[0.9999968736222165, 0.0024827082232658807, -0.00029817053992505166, -0.013824281659133892], [0.0002700106702129843, 0.011335020057346767, 0.9999357201413187, 0.02657507085659077], [0.0024859284041827026, -0.9999326744737257, 0.011334314262080536, 0.033177973784332605], [0.0, 0.0, 0.0, 1.0]]}, "Hobj2base": {"type": "ndarray", "data": [[0.999925067424283, 0.00214590653565174, -0.012052162531402986, -0.7403001384955598], [0.0021649658554610874, -0.9999964262358751, 0.0015685784402586372, 0.0906433321946765], [-0.012048753437090266, -0.0015945534230008493, -0.9999261397423282, 0.004853553814808981], [0.0, 0.0, 0.0, 1.0]]}, "mean_rme": {"type": "float", "data": 0.0018629543913427319}, "max_rme": {"type": "float", "data": 0.007298593259567776}, "simu": {"type": "float", "data": 0.002}}, {"type": "dict", "image_number": {"type": "int", "data": 29}, "Hcamera2end": {"type": "ndarray", "data": [[0.9999994275409608, 0.0009859112693725819, -0.00041580851295765307, -0.013879586727472424], [0.0004045230237582641, 0.011419460000214876, 0.9999347140160834, 0.025928058810347952], [0.0009905952118667754, -0.9999343097985348, 0.011419054639233983, 0.032907446852443734], [0.0, 0.0, 0.0, 1.0]]}, "Hobj2base": {"type": "ndarray", "data": [[0.9999229140826275, 0.0010476433339353974, -0.012372078885591603, -0.7401261535031148], [0.0010621291036079672, -0.9999987581067216, 0.0011643310449823685, 0.09068667845433197], [-0.012370843717132223, -0.0011773820365121614, -0.9999227850175567, 0.0055223451375603205], [0.0, 0.0, 0.0, 1.0]]}, "mean_rme": {"type": "float", "data": 0.0018891368783060167}, "max_rme": {"type": "float", "data": 0.007169011451255203}, "simu": {"type": "float", "data": 0.002}}, {"type": "dict", "image_number": {"type": "int", "data": 30}, "Hcamera2end": {"type": "ndarray", "data": [[0.9999997799197089, 0.0006625739930355213, 3.4003491182579045e-05, -0.013865740119892979], [-4.1196801286890914e-05, 0.010859626611528284, 0.9999410316677085, 0.02623543475949364], [0.0006621656569344013, -0.9999408130012303, 0.010859651517467594, 0.032672785219997724], [0.0, 0.0, 0.0, 1.0]]}, "Hobj2base": {"type": "ndarray", "data": [[0.9999290161225055, 0.000884759954453104, -0.01188191550639533, -0.7396050732336795], [0.0009039780705265005, -0.999998291892567, 0.0016121524731870982, 0.09087094402456532], [-0.011880468842858384, -0.001622779027407069, -0.9999281079399172, 0.005161618551050818], [0.0, 0.0, 0.0, 1.0]]}, "mean_rme": {"type": "float", "data": 0.0018714347846498303}, "max_rme": {"type": "float", "data": 0.007093022700317364}, "simu": {"type": "float", "data": 0.002}}, {"type": "dict", "image_number": {"type": "int", "data": 31}, "Hcamera2end": {"type": "ndarray", "data": [[0.9999994448982064, 0.0004920772106473877, 0.0009316991455789568, -0.013853679229506772], [-0.0009365957879077334, 0.01004628825370113, 0.9999490961447255, 0.02641091591542464], [0.00048269204383805987, -0.999949413696684, 0.010046743554431359, 0.03219694923886485], [0.0, 0.0, 0.0, 1.0]]}, "Hobj2base": {"type": "ndarray", "data": [[0.9999397603866803, 0.0004916295886377622, -0.010965121895168623, -0.7387395646516168], [0.0005177804158334838, -0.9999970285124062, 0.0023821985222453484, 0.09127245029469729], [-0.010963918153165398, -0.002387732544902063, -0.9999370436342607, 0.004892319768529587], [0.0, 0.0, 0.0, 1.0]]}, "mean_rme": {"type": "float", "data": 0.0018598034405436286}, "max_rme": {"type": "float", "data": 0.00709012291679656}, "simu": {"type": "float", "data": 0.002}}]}