{"type": "list", "data": [{"type": "dict", "image_number": {"type": "int", "data": 5}, "Hcamera2end": {"type": "ndarray", "data": [[0.9996501297891839, 0.001785697381767322, -0.02638994689893449, -0.022645784762863858], [0.026407050684880074, -0.010349784030295517, 0.9995976938972261, 0.02675043198049391], [0.00151184873383799, -0.9999448451066625, -0.010393317950443182, 0.027409310780083296], [0.0, 0.0, 0.0, 1.0]]}, "Hobj2base": {"type": "ndarray", "data": [[0.9999442897287868, 0.006677687998626249, 0.008174712336540432, -0.7253300362263646], [0.006875781607763679, -0.9996774298824376, -0.02444912699724521, 0.06844423394046939], [0.008008811776694599, 0.02450397246648161, -0.9996676519060164, 0.0038241567706743585], [0.0, 0.0, 0.0, 1.0]]}, "mean_rme": {"type": "float", "data": 0.0016089102942441465}, "max_rme": {"type": "float", "data": 0.006038694053466492}, "simu": {"type": "float", "data": 0.002}}, {"type": "dict", "image_number": {"type": "int", "data": 6}, "Hcamera2end": {"type": "ndarray", "data": [[0.9994776439915845, 0.0014986754066551988, -0.03228301617037983, -0.022560739291422757], [0.032256753643252714, 0.015099952385234205, 0.9993655453748452, 0.027210717552817988], [0.0019851965721363225, -0.9998848660770844, 0.015043722430995388, 0.027735610964565123], [0.0, 0.0, 0.0, 1.0]]}, "Hobj2base": {"type": "ndarray", "data": [[0.9998732503266816, 0.004277867770906819, -0.015335681546370482, -0.7379682514629627], [0.0038035595618434955, -0.9995175515861208, -0.030825265707623936, 0.06619376245876234], [-0.015460149281832964, 0.03076302843708246, -0.9994071341878454, 0.007772640772098595], [0.0, 0.0, 0.0, 1.0]]}, "mean_rme": {"type": "float", "data": 0.001650035511198319}, "max_rme": {"type": "float", "data": 0.005791990652484674}, "simu": {"type": "float", "data": 0.002}}, {"type": "dict", "image_number": {"type": "int", "data": 7}, "Hcamera2end": {"type": "ndarray", "data": [[0.9998306733206179, 0.002815507191247542, -0.018185092974626775, -0.02188816673913165], [0.018162312408995823, 0.007915629356872178, 0.9998037173464814, 0.025860463211278033], [0.00295890101183245, -0.9999647072427812, 0.007863152908440751, 0.027653888659962617], [0.0, 0.0, 0.0, 1.0]]}, "Hobj2base": {"type": "ndarray", "data": [[0.9999560804279259, 0.0045318234606944036, -0.008203645003314995, -0.7339337034858645], [0.004395561678009384, -0.9998533374448766, -0.0165524209067994, 0.07400775215795105], [-0.008277454485174208, 0.01651563430395982, -0.9998293442236945, 0.006594186284743874], [0.0, 0.0, 0.0, 1.0]]}, "mean_rme": {"type": "float", "data": 0.0019191419512000335}, "max_rme": {"type": "float", "data": 0.006207909882331136}, "simu": {"type": "float", "data": 0.002}}, {"type": "dict", "image_number": {"type": "int", "data": 8}, "Hcamera2end": {"type": "ndarray", "data": [[0.9999952330679908, 0.001526296391821294, -0.002684075375070245, -0.021459423637905588], [0.0026757549230275648, 0.005427559128783677, 0.9999816908011344, 0.024809020886605786], [0.001540836424361434, -0.9999841058843025, 0.005423449260893887, 0.027139205048865266], [0.0, 0.0, 0.0, 1.0]]}, "Hobj2base": {"type": "ndarray", "data": [[0.9999754689647037, 0.0029649092581109284, -0.006345926402982592, -0.732507583399813], [0.0029608851102144902, -0.9999954095668642, -0.0006434318642527349, 0.08268229506484268], [-0.00634780498952304, 0.0006246265212058541, -0.9999796573998514, 0.006384161328331368], [0.0, 0.0, 0.0, 1.0]]}, "mean_rme": {"type": "float", "data": 0.002159213015060638}, "max_rme": {"type": "float", "data": 0.006508101491593671}, "simu": {"type": "float", "data": 0.002}}, {"type": "dict", "image_number": {"type": "int", "data": 9}, "Hcamera2end": {"type": "ndarray", "data": [[0.999996280407457, 0.0012766415274981279, 0.002410260911377622, -0.021023124510632794], [-0.002413089006862944, 0.002218373670385687, 0.9999946278954222, 0.024428822361858817], [0.0012712878099017733, -0.9999967244969701, 0.002221446068575217, 0.026534613632892442], [0.0, 0.0, 0.0, 1.0]]}, "Hobj2base": {"type": "ndarray", "data": [[0.9999904380397637, 0.002321414150891682, -0.003706057930130853, -0.7309120343688543], [0.0023367009539458743, -0.9999887586251126, 0.004125827439180347, 0.08577470095396487], [-0.003696438514742856, -0.004134447937283146, -0.999984621223027, 0.005613519079881557], [0.0, 0.0, 0.0, 1.0]]}, "mean_rme": {"type": "float", "data": 0.00224179892579474}, "max_rme": {"type": "float", "data": 0.006587525827038615}, "simu": {"type": "float", "data": 0.002}}, {"type": "dict", "image_number": {"type": "int", "data": 10}, "Hcamera2end": {"type": "ndarray", "data": [[0.9999948411915266, 0.0014014974359031337, 0.002890224086588777, -0.02086809874313245], [-0.0028875462140652364, -0.0019089961172427117, 0.9999940088873964, 0.02431338102393332], [0.0014070064659334406, -0.999997195765449, -0.0019049393804821957, 0.026335612621145473], [0.0, 0.0, 0.0, 1.0]]}, "Hobj2base": {"type": "ndarray", "data": [[0.9999971283759542, 0.002267348612778669, 0.0007761250629927767, -0.7287797066933117], [0.0022643583204004255, -0.9999900930879395, 0.0038322848759176323, 0.08612748438658424], [0.0007848064997872145, -0.0038305164457921735, -0.9999923555820394, 0.004659688455706618], [0.0, 0.0, 0.0, 1.0]]}, "mean_rme": {"type": "float", "data": 0.002089033216804334}, "max_rme": {"type": "float", "data": 0.006567776790322971}, "simu": {"type": "float", "data": 0.002}}, {"type": "dict", "image_number": {"type": "int", "data": 11}, "Hcamera2end": {"type": "ndarray", "data": [[0.9999794043430283, 0.0007362908889833207, -0.0063756384377572145, -0.02107201942730791], [0.006376751283162164, -0.0015190952916441791, 0.9999785144654698, 0.024844171931012148], [0.0007265898670479783, -0.9999985751115958, -0.0015237591487498037, 0.02632182451266548], [0.0, 0.0, 0.0, 1.0]]}, "Hobj2base": {"type": "ndarray", "data": [[0.9999975527503163, 0.002178729532229582, 0.0003842278018527176, -0.7289265352537199], [0.0021808511900539185, -0.9999818816750532, -0.005610722743621121, 0.08116438678895106], [0.0003719965929498707, 0.005611546956440584, -0.9999841859546028, 0.004526299589396427], [0.0, 0.0, 0.0, 1.0]]}, "mean_rme": {"type": "float", "data": 0.002142820727875634}, "max_rme": {"type": "float", "data": 0.007505668359282319}, "simu": {"type": "float", "data": 0.002}}, {"type": "dict", "image_number": {"type": "int", "data": 12}, "Hcamera2end": {"type": "ndarray", "data": [[0.9999989803861342, 0.0013378939209255586, 0.000499266009454176, -0.020298602673829266], [-0.0004948754148646114, -0.0032800450276431192, 0.9999944981863351, 0.024537987076795557], [0.001339524175074284, -0.9999937256525526, -0.003279379592454612, 0.026330242312238614], [0.0, 0.0, 0.0, 1.0]]}, "Hobj2base": {"type": "ndarray", "data": [[0.999994019572672, 0.0024691502152869396, 0.0024215937117674064, -0.7278213813445314], [0.00246657581722153, -0.9999963903377569, 0.001065511704953454, 0.0846270029101085], [0.002424215879087695, -0.0010595322882495542, -0.9999965002782265, 0.003895181039610678], [0.0, 0.0, 0.0, 1.0]]}, "mean_rme": {"type": "float", "data": 0.0022499899738244356}, "max_rme": {"type": "float", "data": 0.007571735970777149}, "simu": {"type": "float", "data": 0.002}}, {"type": "dict", "image_number": {"type": "int", "data": 13}, "Hcamera2end": {"type": "ndarray", "data": [[0.9999943064003425, 0.001464951448805901, 0.003039915155173021, -0.020118199371759], [-0.003034670587504884, -0.0035690511418406956, 0.9999890262639745, 0.0244466088608215], [0.0014757849854710823, -0.9999925578679069, -0.003564585176018653, 0.026326847871050316], [0.0, 0.0, 0.0, 1.0]]}, "Hobj2base": {"type": "ndarray", "data": [[0.9999928140418902, 0.0026088990689235774, 0.0027505472600304905, -0.7276693984858349], [0.00259868953322062, -0.9999897454489557, 0.003708882532816258, 0.08589848513710902], [0.002760195154589825, -0.003701708062566473, -0.9999893392832384, 0.0038101780127463014], [0.0, 0.0, 0.0, 1.0]]}, "mean_rme": {"type": "float", "data": 0.002116821368369341}, "max_rme": {"type": "float", "data": 0.007671880538996617}, "simu": {"type": "float", "data": 0.002}}, {"type": "dict", "image_number": {"type": "int", "data": 14}, "Hcamera2end": {"type": "ndarray", "data": [[0.9999997564039708, -5.573175536128784e-05, -0.0006957628695597096, -0.02021988900128384], [0.0006956462031339759, -0.00206671443724038, 0.999997622381071, 0.024680353872032962], [-5.716956601982615e-05, -0.9999978627904195, -0.0020666751642128833, 0.026108552586343294], [0.0, 0.0, 0.0, 1.0]]}, "Hobj2base": {"type": "ndarray", "data": [[0.9999986330322679, 0.0011959212523762943, 0.0011417994367007866, -0.7283193584073783], [0.0011967203240477982, -0.9999990393433817, -0.0006994088781561561, 0.0841176593938121], [0.0011409619018821137, 0.0007007743366786743, -0.9999991035602316, 0.003895860873798162], [0.0, 0.0, 0.0, 1.0]]}, "mean_rme": {"type": "float", "data": 0.002183809659987188}, "max_rme": {"type": "float", "data": 0.007192936239584613}, "simu": {"type": "float", "data": 0.002}}, {"type": "dict", "image_number": {"type": "int", "data": 15}, "Hcamera2end": {"type": "ndarray", "data": [[0.9999786685744335, 0.0018616509292199799, -0.006260722955129591, -0.020352169141801796], [0.006266140962055038, -0.002918874423503137, 0.9999761075393468, 0.024820176245679063], [0.0018433321856920369, -0.999994007196002, -0.0029304775268952366, 0.026391804097824486], [0.0, 0.0, 0.0, 1.0]]}, "Hobj2base": {"type": "ndarray", "data": [[0.9999921165879649, 0.003018304116921193, 0.0025800391818326524, -0.7279537074954175], [0.0030348492011784286, -0.9999747024743448, -0.0064330476192853885, 0.08106809944196221], [0.002560557019111619, 0.006440826934770358, -0.9999759793595788, 0.0036757721757557094], [0.0, 0.0, 0.0, 1.0]]}, "mean_rme": {"type": "float", "data": 0.0022359097422888995}, "max_rme": {"type": "float", "data": 0.0075752345553370265}, "simu": {"type": "float", "data": 0.002}}, {"type": "dict", "image_number": {"type": "int", "data": 16}, "Hcamera2end": {"type": "ndarray", "data": [[0.9999829080733255, 0.0014878230937209252, -0.00565419699487223, -0.020113504153495877], [0.005658565703790968, -0.0029486683175903305, 0.9999796427874562, 0.024941568478299685], [0.0014711204542497839, -0.9999945458539233, -0.002957036863899143, 0.026340200648880655], [0.0, 0.0, 0.0, 1.0]]}, "Hobj2base": {"type": "ndarray", "data": [[0.9999928854552433, 0.002478475338872011, 0.0028436242528135348, -0.7278788469013545], [0.002495604746700175, -0.999978668239047, -0.006036143123681515, 0.08126023569165586], [0.002828603161426788, 0.006043196741454257, -0.9999777391408764, 0.003443949446087849], [0.0, 0.0, 0.0, 1.0]]}, "mean_rme": {"type": "float", "data": 0.0022679683103757273}, "max_rme": {"type": "float", "data": 0.00796826990926279}, "simu": {"type": "float", "data": 0.002}}, {"type": "dict", "image_number": {"type": "int", "data": 17}, "Hcamera2end": {"type": "ndarray", "data": [[0.9999819631619685, -0.0015676112955862048, -0.005797925970663646, -0.020334368705865406], [0.005795080393098739, -0.0018137209042365932, 0.9999815635599083, 0.02492865755516523], [-0.0015780982139486756, -0.9999971265015253, -0.00180460375696323, 0.02593882685174972], [0.0, 0.0, 0.0, 1.0]]}, "Hobj2base": {"type": "ndarray", "data": [[0.9999990358093844, -0.0003924649078555768, 0.001332047896101157, -0.7282115966471581], [-0.0003843263448960308, -0.9999812930289038, -0.0061045790601932295, 0.08163866247473754], [0.0013344188105780218, 0.006104061233116253, -0.9999804796909288, 0.0037303775295053875], [0.0, 0.0, 0.0, 1.0]]}, "mean_rme": {"type": "float", "data": 0.0023432364120810527}, "max_rme": {"type": "float", "data": 0.007698350449280564}, "simu": {"type": "float", "data": 0.002}}, {"type": "dict", "image_number": {"type": "int", "data": 18}, "Hcamera2end": {"type": "ndarray", "data": [[0.9999882564617971, -0.0018617092183632325, -0.004474480671696083, -0.020394271665468124], [0.004469334400552672, -0.002759310537864268, 0.9999862055325422, 0.025093773767555057], [-0.0018740300187448853, -0.9999944601067258, -0.0027509575327420155, 0.02603312035573993], [0.0, 0.0, 0.0, 1.0]]}, "Hobj2base": {"type": "ndarray", "data": [[0.9999968211928024, -0.0005279402795785659, 0.002465539160429117, -0.7278693910476105], [-0.0005165051045284711, -0.9999891187382084, -0.004636337741987808, 0.08200960868056341], [0.0024679600416957813, 0.004635049540402247, -0.9999862126494496, 0.003613803597267546], [0.0, 0.0, 0.0, 1.0]]}, "mean_rme": {"type": "float", "data": 0.0023461048946597286}, "max_rme": {"type": "float", "data": 0.007793708371582737}, "simu": {"type": "float", "data": 0.002}}, {"type": "dict", "image_number": {"type": "int", "data": 19}, "Hcamera2end": {"type": "ndarray", "data": [[0.9999895789999935, -0.0024752690393215577, -0.0038360050311213372, -0.02046876987560794], [0.003825075068756927, -0.004405394496834969, 0.9999829805051913, 0.025934179254722634], [-0.0024921260269469255, -0.9999872326897531, -0.004395880498328175, 0.02561159796570141], [0.0, 0.0, 0.0, 1.0]]}, "Hobj2base": {"type": "ndarray", "data": [[0.9999901911602249, -0.0011948723979036846, 0.00426495759528097, -0.726543975015001], [-0.001177513183611299, -0.9999910226567286, -0.004070389250777898, 0.08234924886563362], [0.004269782903057077, 0.004065327281185928, -0.9999826208830123, 0.0025063447443886555], [0.0, 0.0, 0.0, 1.0]]}, "mean_rme": {"type": "float", "data": 0.0023124742359749645}, "max_rme": {"type": "float", "data": 0.007744601926458518}, "simu": {"type": "float", "data": 0.002}}, {"type": "dict", "image_number": {"type": "int", "data": 20}, "Hcamera2end": {"type": "ndarray", "data": [[0.9999896641944435, -0.0014190161870213445, -0.004319478827953976, -0.020342119858246358], [0.0043141695597227955, -0.0037235073205137414, 0.9999837615852788, 0.02582248408644807], [-0.001435076755484695, -0.9999920609116327, -0.0037173469586271324, 0.025495967559469562], [0.0, 0.0, 0.0, 1.0]]}, "Hobj2base": {"type": "ndarray", "data": [[0.9999921729012785, -0.00017945274448658477, 0.003952459094299463, -0.726801664212882], [-0.0001607694655338363, -0.9999888156391947, -0.004726811790141014, 0.08190103241026284], [0.003953263127919298, 0.0047261393581823595, -0.9999810174785362, 0.002679928111355956], [0.0, 0.0, 0.0, 1.0]]}, "mean_rme": {"type": "float", "data": 0.0022852566342821544}, "max_rme": {"type": "float", "data": 0.007985843505486038}, "simu": {"type": "float", "data": 0.002}}, {"type": "dict", "image_number": {"type": "int", "data": 21}, "Hcamera2end": {"type": "ndarray", "data": [[0.9999908015691575, -0.0017812481574480197, -0.003901785754670899, -0.02042031598340362], [0.0038973475675978817, -0.002488324896865235, 0.9999893094034279, 0.02576249634165469], [-0.0017909380254781558, -0.9999953176861424, -0.0024813598650070823, 0.0250205196528591], [0.0, 0.0, 0.0, 1.0]]}, "Hobj2base": {"type": "ndarray", "data": [[0.9999969225783836, -0.00014938227625950582, 0.0024763922746485804, -0.7268798746040156], [-0.0001388750870948808, -0.9999909906108124, -0.004242571262360456, 0.08207460751951753], [0.002477003728819162, 0.004242214296987121, -0.9999879339623983, 0.0030692383558328135], [0.0, 0.0, 0.0, 1.0]]}, "mean_rme": {"type": "float", "data": 0.002230717669074382}, "max_rme": {"type": "float", "data": 0.007844124903594072}, "simu": {"type": "float", "data": 0.002}}, {"type": "dict", "image_number": {"type": "int", "data": 22}, "Hcamera2end": {"type": "ndarray", "data": [[0.9999908590992165, -0.0020476476857612027, -0.003753512616996279, -0.020470787762588177], [0.0037481599494323245, -0.0026116611915445453, 0.9999895652069646, 0.025894599844065242], [-0.002057429222215174, -0.9999944931672251, -0.0026039624075624435, 0.025102235973083975], [0.0, 0.0, 0.0, 1.0]]}, "Hobj2base": {"type": "ndarray", "data": [[0.9999963110468488, -0.0004997505491663146, 0.0026698580641186984, -0.7268530130200026], [-0.0004891805700055507, -0.9999920466802443, -0.003958191332744783, 0.08223617475153715], [0.002671814938176056, 0.003956870688472754, -0.9999886022246911, 0.0029142280857650475], [0.0, 0.0, 0.0, 1.0]]}, "mean_rme": {"type": "float", "data": 0.0021820927334193522}, "max_rme": {"type": "float", "data": 0.00775536575375951}, "simu": {"type": "float", "data": 0.002}}, {"type": "dict", "image_number": {"type": "int", "data": 23}, "Hcamera2end": {"type": "ndarray", "data": [[0.9999927121502581, -0.0019153758134787592, -0.0033025720074170376, -0.02041584510648734], [0.0032979660094671465, -0.0024029424386753373, 0.9999916746092622, 0.02615609712454019], [-0.0019232957576601067, -0.9999952785904188, -0.002396608082063656, 0.025812729372154068], [0.0, 0.0, 0.0, 1.0]]}, "Hobj2base": {"type": "ndarray", "data": [[0.9999968287216608, -0.0002823470135560414, 0.0025025640421749086, -0.7276026485385387], [-0.00027294193769302437, -0.9999929024925707, -0.003757721009078696, 0.08245859059453657], [0.002503607261512718, 0.0037570260376205834, -0.9999898083010808, 0.0026170395174034628], [0.0, 0.0, 0.0, 1.0]]}, "mean_rme": {"type": "float", "data": 0.0021493031274934203}, "max_rme": {"type": "float", "data": 0.0077313332443979775}, "simu": {"type": "float", "data": 0.002}}, {"type": "dict", "image_number": {"type": "int", "data": 24}, "Hcamera2end": {"type": "ndarray", "data": [[0.9999968206451738, -0.001482644649632471, -0.0020397216444770876, -0.020262201107039565], [0.0020369770015558663, -0.0018503393529196721, 0.9999962134773182, 0.02627968275521919], [-0.0014864132127926542, -0.9999971890006101, -0.001847313356981406, 0.02704281174637264], [0.0, 0.0, 0.0, 1.0]]}, "Hobj2base": {"type": "ndarray", "data": [[0.9999982439305817, 0.0004171419664449569, 0.0018270545511154346, -0.7290818560277602], [0.00042171810788621235, -0.999996773593361, -0.0025049863682497665, 0.08296558196998545], [0.0018260037213549323, 0.002505752471308113, -0.9999951934459295, 0.002549214694196516], [0.0, 0.0, 0.0, 1.0]]}, "mean_rme": {"type": "float", "data": 0.00216042753856139}, "max_rme": {"type": "float", "data": 0.007752724935961044}, "simu": {"type": "float", "data": 0.002}}, {"type": "dict", "image_number": {"type": "int", "data": 25}, "Hcamera2end": {"type": "ndarray", "data": [[0.9999992009794031, -0.0011049665695846826, -0.0006140760827431666, -0.02018529960635516], [0.0006122422679240925, -0.0016591847477180899, 0.9999984361314663, 0.026479050493457043], [-0.0011059837072326596, -0.9999980130754526, -0.0016585069147567744, 0.027957193347705075], [0.0, 0.0, 0.0, 1.0]]}, "Hobj2base": {"type": "ndarray", "data": [[0.9999984255109553, 0.0007389835834596418, 0.0016133440035391577, -0.730040282137063], [0.0007404437728007289, -0.9999993166660226, -0.0009046604381139574, 0.0836243661764827], [0.0016126743718740105, 0.0009058536042568143, -0.9999982893538462, 0.0023793307068830562], [0.0, 0.0, 0.0, 1.0]]}, "mean_rme": {"type": "float", "data": 0.002154500455423273}, "max_rme": {"type": "float", "data": 0.007710640118492141}, "simu": {"type": "float", "data": 0.002}}, {"type": "dict", "image_number": {"type": "int", "data": 26}, "Hcamera2end": {"type": "ndarray", "data": [[0.9999987634767364, -0.0010982264575365892, 0.0011255859123366168, -0.02013449947702218], [-0.0011271536059825967, -0.0014279044038396638, 0.999998345305512, 0.026416871524995816], [-0.001096617411226198, -0.9999983774925144, -0.0014291405081143793, 0.028737890050923833], [0.0, 0.0, 0.0, 1.0]]}, "Hobj2base": {"type": "ndarray", "data": [[0.9999991719497654, 0.00043351850924472693, 0.0012116771375491415, -0.7308996686180009], [0.00043243773862122845, -0.9999995085933084, 0.0008920822521742469, 0.08449734569641769], [0.001212063276290974, -0.000891557538564028, -0.9999988680132443, 0.0025090099063998653], [0.0, 0.0, 0.0, 1.0]]}, "mean_rme": {"type": "float", "data": 0.0021470491741118324}, "max_rme": {"type": "float", "data": 0.00767699357476527}, "simu": {"type": "float", "data": 0.002}}, {"type": "dict", "image_number": {"type": "int", "data": 27}, "Hcamera2end": {"type": "ndarray", "data": [[0.9999970302647513, -0.0010354976736000106, 0.0022061745728945785, -0.02006599542568007], [-0.002207543809673127, -0.0013230231781162782, 0.9999966881745153, 0.026354930536564253], [-0.001032575424117515, -0.9999985886761231, -0.001325305155567058, 0.029131525355959254], [0.0, 0.0, 0.0, 1.0]]}, "Hobj2base": {"type": "ndarray", "data": [[0.9999994330010439, 9.825505660382989e-05, 0.0010603506658305392, -0.7313233679519574], [9.624275838057686e-05, -0.9999981948275134, 0.0018976509284271681, 0.08501229881949142], [0.0010605352055140778, -0.0018975478013881426, -0.9999976372859185, 0.0025964065952803947], [0.0, 0.0, 0.0, 1.0]]}, "mean_rme": {"type": "float", "data": 0.002123340523339791}, "max_rme": {"type": "float", "data": 0.007769951967174171}, "simu": {"type": "float", "data": 0.002}}, {"type": "dict", "image_number": {"type": "int", "data": 28}, "Hcamera2end": {"type": "ndarray", "data": [[0.9999965613802838, -0.001915610802845408, 0.0017909949358386752, -0.020129717981728013], [-0.001793309603762604, -0.001207284129917996, 0.9999976632501171, 0.026104251736556304], [-0.0019134440867792874, -0.9999974364468549, -0.0012107152617768513, 0.028905608777387244], [0.0, 0.0, 0.0, 1.0]]}, "Hobj2base": {"type": "ndarray", "data": [[0.9999992720282036, -0.000693380261501211, 0.0009875053801825023, -0.7311649764621745], [-0.0006948183281115987, -0.9999986976774955, 0.0014566642732563887, 0.0849243120181635], [0.000986494071877312, -0.0014573493496831407, -0.9999984514799611, 0.0028557886266606936], [0.0, 0.0, 0.0, 1.0]]}, "mean_rme": {"type": "float", "data": 0.002100933596425475}, "max_rme": {"type": "float", "data": 0.007723737076392061}, "simu": {"type": "float", "data": 0.002}}, {"type": "dict", "image_number": {"type": "int", "data": 29}, "Hcamera2end": {"type": "ndarray", "data": [[0.9999982447439689, -0.0018250658476272358, 0.0004238438780705696, -0.020013397980735415], [-0.0004243036669756377, -0.0002515502150568505, 0.9999998783444363, 0.026174778644803973], [-0.0018249590075791423, -0.9999983029271305, -0.0002523241556535716, 0.029667868245729513], [0.0, 0.0, 0.0, 1.0]]}, "Hobj2base": {"type": "ndarray", "data": [[0.9999997491088656, -0.0007011697159541721, 0.00010071363084235123, -0.7323094635336719], [-0.0007011739033068446, -0.9999997533144491, 4.1547531935015316e-05, 0.0843228896540036], [0.00010068447412658828, -4.1618139280761824e-05, -0.9999999940652831, 0.002821820109838732], [0.0, 0.0, 0.0, 1.0]]}, "mean_rme": {"type": "float", "data": 0.0021327752991223124}, "max_rme": {"type": "float", "data": 0.007912890319654538}, "simu": {"type": "float", "data": 0.002}}, {"type": "dict", "image_number": {"type": "int", "data": 30}, "Hcamera2end": {"type": "ndarray", "data": [[0.9999983448182984, -0.001818011127937859, 7.208468759364265e-05, -0.020023196468291322], [-7.201592416165663e-05, 3.7888873010705204e-05, 0.99999999668907, 0.02611983653948043], [-0.0018180138531261256, -0.9999983466986193, 3.7757884546296694e-05, 0.02983712414519797], [0.0, 0.0, 0.0, 1.0]]}, "Hobj2base": {"type": "ndarray", "data": [[0.9999998099755604, -0.0005658882645873389, -0.0002445798746020494, -0.732617889279111], [-0.0005659306342015195, -0.9999998248621604, -0.0001731997861480878, 0.08418396319906155], [-0.00024448182004044826, 0.000173338168479442, -0.9999999550912586, 0.002920434486802703], [0.0, 0.0, 0.0, 1.0]]}, "mean_rme": {"type": "float", "data": 0.0020842990084473257}, "max_rme": {"type": "float", "data": 0.007863120647482267}, "simu": {"type": "float", "data": 0.002}}, {"type": "dict", "image_number": {"type": "int", "data": 31}, "Hcamera2end": {"type": "ndarray", "data": [[0.9999973374743357, -0.0023054965359540543, -9.864057074017202e-05, -0.0195094529342901], [9.716656705545477e-05, -0.0006394465304502273, 0.9999997908333746, 0.02685864074235234], [-0.0023055591290918453, -0.999997137892833, -0.0006392208107237618, 0.029644062303096956], [0.0, 0.0, 0.0, 1.0]]}, "Hobj2base": {"type": "ndarray", "data": [[0.9999991793616657, -0.0011217304184273358, 0.000618867403896179, -0.7321687707847465], [-0.0011213680936350977, -0.9999991998607636, -0.0005855010089090315, 0.08455443771548109], [0.0006195236830078001, 0.0005848065502635387, -0.9999996370957867, 0.001955763232821052], [0.0, 0.0, 0.0, 1.0]]}, "mean_rme": {"type": "float", "data": 0.0021071827062043164}, "max_rme": {"type": "float", "data": 0.00803638594767387}, "simu": {"type": "float", "data": 0.002}}]}