{"type": "list", "data": [{"type": "dict", "image_number": {"type": "int", "data": 5}, "Hcamera2end": {"type": "ndarray", "data": [[0.9999760454316267, -0.004098943364142873, 0.005577385249631638, -0.014120564937555872], [-0.005526927903950089, 0.012219763234408432, 0.9999100611827243, 0.030589885011899912], [-0.0041667290372422025, -0.9999169345749639, 0.012196815950798467, 0.03399563710076303], [0.0, 0.0, 0.0, 1.0]]}, "Hobj2base": {"type": "ndarray", "data": [[0.9998587736022502, -0.013554614655841884, -0.009935052699203665, -0.7438185121753202], [-0.01348258640353902, -0.9998825937492994, 0.007281385928868782, 0.09561466661639431], [-0.010032582642342023, -0.0071464073985226945, -0.9999241351956754, 0.0007103623474455367], [0.0, 0.0, 0.0, 1.0]]}, "mean_rme": {"type": "float", "data": 0.001601869734666744}, "max_rme": {"type": "float", "data": 0.00403620509137545}, "simu": {"type": "float", "data": 0.002}}, {"type": "dict", "image_number": {"type": "int", "data": 6}, "Hcamera2end": {"type": "ndarray", "data": [[0.9999734091154996, -0.004099447058282268, 0.006031218429315474, -0.014168376129298964], [-0.006009779747783619, 0.005222005252175643, 0.9999683061020131, 0.030221407978562438], [-0.004130812185140304, -0.9999779623546524, 0.0051972296205291535, 0.034219700379046494], [0.0, 0.0, 0.0, 1.0]]}, "Hobj2base": {"type": "ndarray", "data": [[0.9999480063632201, -0.009591712974725827, -0.0034617354653379917, -0.7399330883691113], [-0.009564830445927854, -0.9999246062295883, 0.007700381493352608, 0.09525132179332892], [-0.0035353343211292215, -0.0076668702097395635, -0.9999643596210941, -0.0004115268691610441], [0.0, 0.0, 0.0, 1.0]]}, "mean_rme": {"type": "float", "data": 0.0016557413627222716}, "max_rme": {"type": "float", "data": 0.005745597673268099}, "simu": {"type": "float", "data": 0.002}}, {"type": "dict", "image_number": {"type": "int", "data": 7}, "Hcamera2end": {"type": "ndarray", "data": [[0.9999871242946173, -0.00484435518173745, 0.0015111147722109669, -0.014333421828005831], [-0.0014687279661149417, 0.008741380625365114, 0.9999607147797978, 0.03003491459302682], [-0.0048573740995699055, -0.999950058996766, 0.008734153033990277, 0.0346109086365907], [0.0, 0.0, 0.0, 1.0]]}, "Hobj2base": {"type": "ndarray", "data": [[0.9999150100240934, -0.011474867116141287, -0.006188711754799049, -0.741322736814895], [-0.011450610569445727, -0.9999266742105724, 0.003940776544196132, 0.09341306040118466], [-0.006233477849803144, -0.0038695770894618324, -0.9999730847013057, 0.0010789856374096257], [0.0, 0.0, 0.0, 1.0]]}, "mean_rme": {"type": "float", "data": 0.0016875946601994153}, "max_rme": {"type": "float", "data": 0.005205535396475058}, "simu": {"type": "float", "data": 0.002}}, {"type": "dict", "image_number": {"type": "int", "data": 8}, "Hcamera2end": {"type": "ndarray", "data": [[0.9999853904932777, -0.005405261884663991, -4.409041998297428e-05, -0.014299019888231995], [5.244799041473087e-05, 0.0015460595852982983, 0.9999988034737677, 0.029893995973576504], [-0.005405187250709919, -0.99998419629698, 0.001546320493253872, 0.03431435300802283], [0.0, 0.0, 0.0, 1.0]]}, "Hobj2base": {"type": "ndarray", "data": [[0.9999734317267601, -0.007286025481747241, -0.0002228750453756213, -0.7379808369512585], [-0.007285604985573497, -0.9999717802744796, 0.0018326523626684508, 0.09192730967684853], [-0.00023622150771660202, -0.0018309798927179774, -0.9999982958545639, 0.00021620526917353472], [0.0, 0.0, 0.0, 1.0]]}, "mean_rme": {"type": "float", "data": 0.0016573182978601554}, "max_rme": {"type": "float", "data": 0.004996580755322055}, "simu": {"type": "float", "data": 0.002}}, {"type": "dict", "image_number": {"type": "int", "data": 9}, "Hcamera2end": {"type": "ndarray", "data": [[0.9999853374552702, -0.005363053019652406, -0.0007500245181559918, -0.014275877973435052], [0.0007545232534932958, 0.0008368644172247475, 0.9999993651761023, 0.029744131768748263], [-0.005362421946226893, -0.9999852685516202, 0.0008408986948759134, 0.03459142541435626], [0.0, 0.0, 0.0, 1.0]]}, "Hobj2base": {"type": "ndarray", "data": [[0.9999796002963274, -0.006339282321681879, 0.0007826179420781586, -0.7374022104464028], [-0.006339775293501463, -0.9999797055759347, 0.0006290353689644112, 0.09150292075476597], [0.0007786144265035721, -0.0006339841587227228, -0.999999495911704, 0.00026157262965697474], [0.0, 0.0, 0.0, 1.0]]}, "mean_rme": {"type": "float", "data": 0.0017102222137754435}, "max_rme": {"type": "float", "data": 0.005250357350078505}, "simu": {"type": "float", "data": 0.002}}, {"type": "dict", "image_number": {"type": "int", "data": 10}, "Hcamera2end": {"type": "ndarray", "data": [[0.9999851017475245, -0.005419871124677733, -0.0006490608483063591, -0.014275925894795096], [0.0006528681437578373, 0.0007007300447423592, 0.9999995413701903, 0.02970860638736586], [-0.0054194138225259975, -0.9999850668756989, 0.0007042580662898201, 0.03466424110558994], [0.0, 0.0, 0.0, 1.0]]}, "Hobj2base": {"type": "ndarray", "data": [[0.9999800015468886, -0.006166052724521481, 0.0014058094050059893, -0.7372671066838133], [-0.006168122584012774, -0.9999798923437253, 0.0014728109247199505, 0.0915425029483875], [0.0013966997076586113, -0.0014814526755195655, -0.9999979272618003, 0.00024970332245134453], [0.0, 0.0, 0.0, 1.0]]}, "mean_rme": {"type": "float", "data": 0.0016082320087832686}, "max_rme": {"type": "float", "data": 0.0052847422013886924}, "simu": {"type": "float", "data": 0.002}}, {"type": "dict", "image_number": {"type": "int", "data": 11}, "Hcamera2end": {"type": "ndarray", "data": [[0.9999753841408437, -0.004327033283747513, -0.005523395272229046, -0.014335947863962946], [0.005502839875952475, -0.004748048575305974, 0.9999735870451911, 0.029387137462083678], [-0.004353144343066092, -0.9999793661959671, -0.004724120726712577, 0.034478459005477496], [0.0, 0.0, 0.0, 1.0]]}, "Hobj2base": {"type": "ndarray", "data": [[0.9999802604833833, -0.0021900614850118684, 0.005889165838794319, -0.7345434455581771], [-0.0021693005050245776, -0.999991418827078, -0.003529363615034212, 0.08857884127316339], [0.005896844826163776, 0.0035165185766742164, -0.999976430381335, 0.00022750653483182383], [0.0, 0.0, 0.0, 1.0]]}, "mean_rme": {"type": "float", "data": 0.0016905357536389563}, "max_rme": {"type": "float", "data": 0.005854873284746542}, "simu": {"type": "float", "data": 0.002}}, {"type": "dict", "image_number": {"type": "int", "data": 12}, "Hcamera2end": {"type": "ndarray", "data": [[0.999972703678845, -0.004656542572540127, 0.005736593805633904, -0.014053010791786879], [-0.005757661239376846, -0.00452353880537637, 0.9999731931075597, 0.029467856632884325], [-0.004630468040413774, -0.999978926881935, -0.004550226124087731, 0.03432782713528672], [0.0, 0.0, 0.0, 1.0]]}, "Hobj2base": {"type": "ndarray", "data": [[0.999978663810695, -0.0025235326533014748, 0.006025255706179362, -0.7345276436849001], [-0.0025724371974024662, -0.9999637016132981, 0.0081226856825154, 0.09376465044853378], [0.006004539136565427, -0.008138011967258447, -0.9999488578277285, -0.001771828621519575], [0.0, 0.0, 0.0, 1.0]]}, "mean_rme": {"type": "float", "data": 0.0016985127382715013}, "max_rme": {"type": "float", "data": 0.005860916284082862}, "simu": {"type": "float", "data": 0.002}}, {"type": "dict", "image_number": {"type": "int", "data": 13}, "Hcamera2end": {"type": "ndarray", "data": [[0.9999790564073419, -0.004425219599419793, -0.004722729949844967, -0.01455071894330592], [0.004705264329842937, -0.003948970316196565, 0.9999811328825301, 0.0296335437745909], [-0.004443786028665129, -0.9999824113777895, -0.003928065782637935, 0.03458825805696383], [0.0, 0.0, 0.0, 1.0]]}, "Hobj2base": {"type": "ndarray", "data": [[0.9999845093659085, -0.002469507616986627, 0.0049882422107289355, -0.7351485464955604], [-0.0024594209868591087, -0.9999949208330678, -0.0020272041030657928, 0.08930949928163161], [0.004993223070587757, 0.0020149045128082005, -0.9999855038365164, 0.00019599075073803215], [0.0, 0.0, 0.0, 1.0]]}, "mean_rme": {"type": "float", "data": 0.0018065031656503273}, "max_rme": {"type": "float", "data": 0.005680886229543658}, "simu": {"type": "float", "data": 0.002}}, {"type": "dict", "image_number": {"type": "int", "data": 14}, "Hcamera2end": {"type": "ndarray", "data": [[0.9999868889997519, -0.004676679893988422, -0.0020857837297070885, -0.014413574736532528], [0.0020686185647694425, -0.003672212046603951, 0.9999911177985124, 0.029598828066526844], [-0.004684297794914151, -0.999982321605664, -0.003662489633380561, 0.03452093958528344], [0.0, 0.0, 0.0, 1.0]]}, "Hobj2base": {"type": "ndarray", "data": [[0.9999815993051334, -0.003229469332500515, 0.005135326569763035, -0.735163433858158], [-0.003231688956578081, -0.9999946881965363, 0.00042398726390215275, 0.09051364317897627], [0.005133930038051433, -0.0004405752404058076, -0.999986724239788, -0.0002692083898400223], [0.0, 0.0, 0.0, 1.0]]}, "mean_rme": {"type": "float", "data": 0.0017355987038577725}, "max_rme": {"type": "float", "data": 0.0056590522004914545}, "simu": {"type": "float", "data": 0.002}}, {"type": "dict", "image_number": {"type": "int", "data": 15}, "Hcamera2end": {"type": "ndarray", "data": [[0.9999800327096167, -0.005785037254005968, 0.0025431331156059245, -0.014277933377747241], [-0.00255229230195212, -0.0015764232496462416, 0.9999955003367482, 0.029670099291978915], [-0.00578100216911604, -0.9999820239552848, -0.0015911568787954078, 0.03452346250769124], [0.0, 0.0, 0.0, 1.0]]}, "Hobj2base": {"type": "ndarray", "data": [[0.9999773299892595, -0.005534237304448954, 0.0038355866578282994, -0.7360578890732353], [-0.005553334677504036, -0.9999721479523789, 0.004986360743594119, 0.09289815264257024], [0.0038078841252454127, -0.005007547999137996, -0.999980212044981, -0.0007826959623118782], [0.0, 0.0, 0.0, 1.0]]}, "mean_rme": {"type": "float", "data": 0.0016798908729095535}, "max_rme": {"type": "float", "data": 0.005621200004954002}, "simu": {"type": "float", "data": 0.002}}, {"type": "dict", "image_number": {"type": "int", "data": 16}, "Hcamera2end": {"type": "ndarray", "data": [[0.9999801807227134, -0.004319138010000565, 0.004580743238802107, -0.014120447443651443], [-0.004602088696777822, -0.004945145802044637, 0.9999771828960017, 0.02965829770063005], [-0.0042963870165818015, -0.9999784450576158, -0.0049649248490444275, 0.034433818979365725], [0.0, 0.0, 0.0, 1.0]]}, "Hobj2base": {"type": "ndarray", "data": [[0.9999765702059964, -0.002466259858679428, 0.006385655906914513, -0.7345294491773401], [-0.0025107117063228003, -0.9999726090988017, 0.006962569846155621, 0.09342459050051158], [0.006368309491519656, -0.00697843925561643, -0.9999553720140593, -0.0016165158660290287], [0.0, 0.0, 0.0, 1.0]]}, "mean_rme": {"type": "float", "data": 0.0017401853859062494}, "max_rme": {"type": "float", "data": 0.00566989312345112}, "simu": {"type": "float", "data": 0.002}}, {"type": "dict", "image_number": {"type": "int", "data": 17}, "Hcamera2end": {"type": "ndarray", "data": [[0.9999795563503762, -0.004173714108086404, 0.004844274130228135, -0.013993187517681164], [-0.004866506727580602, -0.005333227449392242, 0.9999739365589703, 0.029615871396735636], [-0.0041477697109711595, -0.9999770681348233, -0.005353429826544742, 0.034331186613354735], [0.0, 0.0, 0.0, 1.0]]}, "Hobj2base": {"type": "ndarray", "data": [[0.9999771673166051, -0.0019021318226643453, 0.006484345764039034, -0.734385167510083], [-0.0019468403274019443, -0.9999743305384827, 0.006895511355420739, 0.09332868993027643], [0.006471063142792291, -0.006907977898223364, -0.9999552015881308, -0.0016891247459232344], [0.0, 0.0, 0.0, 1.0]]}, "mean_rme": {"type": "float", "data": 0.0017431625883217372}, "max_rme": {"type": "float", "data": 0.005603868308465043}, "simu": {"type": "float", "data": 0.002}}, {"type": "dict", "image_number": {"type": "int", "data": 18}, "Hcamera2end": {"type": "ndarray", "data": [[0.9999865074929549, -0.003903126658784605, 0.003427890652837942, -0.014027128348316053], [-0.0034502716455506134, -0.0057418971730422985, 0.9999775628695006, 0.029521042243896175], [-0.0038833564881733777, -0.9999758978191121, -0.005755286547693972, 0.034198818691354944], [0.0, 0.0, 0.0, 1.0]]}, "Hobj2base": {"type": "ndarray", "data": [[0.9999747618451134, -0.0016705390708350216, 0.0069054306181131776, -0.7341536807082407], [-0.001708665803571893, -0.9999833100761288, 0.005519060641145251, 0.09254425957631489], [0.006896095560566522, -0.005530720423394069, -0.999960926735449, -0.0015735412051283272], [0.0, 0.0, 0.0, 1.0]]}, "mean_rme": {"type": "float", "data": 0.0017354151085262257}, "max_rme": {"type": "float", "data": 0.0054743886657171725}, "simu": {"type": "float", "data": 0.002}}, {"type": "dict", "image_number": {"type": "int", "data": 19}, "Hcamera2end": {"type": "ndarray", "data": [[0.9999963607608437, -0.002388511673222319, 0.0012543831373417295, -0.014112926977036852], [-0.00127394315785137, -0.008205373593701326, 0.999965523862207, 0.02952132557016311], [-0.002378136644293225, -0.999963482761333, -0.008208386560488057, 0.033891536945830206], [0.0, 0.0, 0.0, 1.0]]}, "Hobj2base": {"type": "ndarray", "data": [[0.9999667317412478, 0.0009419279529216126, 0.00810235659908439, -0.7332326641167725], [0.0009111073187217088, -0.999992339200489, 0.0038067602746857305, 0.09116949295031125], [0.008105880222467712, -0.003799251514003586, -0.99995992939405, -0.0015960169161099522], [0.0, 0.0, 0.0, 1.0]]}, "mean_rme": {"type": "float", "data": 0.0017936148564117345}, "max_rme": {"type": "float", "data": 0.005366774823722609}, "simu": {"type": "float", "data": 0.002}}, {"type": "dict", "image_number": {"type": "int", "data": 20}, "Hcamera2end": {"type": "ndarray", "data": [[0.9999834820997587, -0.0034098677277406716, -0.004626913627984765, -0.014605134914976082], [0.00460723988215988, -0.005755095610465055, 0.9999728257383712, 0.029363397449557894], [-0.003436403397413332, -0.9999776255879899, -0.0057392904697817215, 0.034056691924301837], [0.0, 0.0, 0.0, 1.0]]}, "Hobj2base": {"type": "ndarray", "data": [[0.9999762539821273, -0.0008852548106065729, 0.00683431019139616, -0.7341652795473295], [-0.0008730382880586081, -0.9999980163046476, -0.001790304699705641, 0.08884802312374893], [0.006835881510054661, 0.0017842955726286862, -0.9999750431952241, -0.0004270540664468248], [0.0, 0.0, 0.0, 1.0]]}, "mean_rme": {"type": "float", "data": 0.0018992401717808118}, "max_rme": {"type": "float", "data": 0.006147757747321736}, "simu": {"type": "float", "data": 0.002}}, {"type": "dict", "image_number": {"type": "int", "data": 21}, "Hcamera2end": {"type": "ndarray", "data": [[0.9999837118043527, -0.003448387258502253, -0.00454804917570651, -0.014599942171190497], [0.0045271965911232994, -0.006030936346877791, 0.9999715657446493, 0.029204389014006352], [-0.0034757182012595516, -0.9999758679248691, -0.00601522658676501, 0.03374263062168241], [0.0, 0.0, 0.0, 1.0]]}, "Hobj2base": {"type": "ndarray", "data": [[0.999976384355313, -0.0006835516379674662, 0.00683838349564264, -0.7337675942562706], [-0.0006721752631702367, -0.9999983867009286, -0.001665765876313868, 0.08894208217244867], [0.006839511100278124, 0.0016611299459529589, -0.9999752305608427, -0.00029910123041662233], [0.0, 0.0, 0.0, 1.0]]}, "mean_rme": {"type": "float", "data": 0.0018296265002606263}, "max_rme": {"type": "float", "data": 0.006215508684514204}, "simu": {"type": "float", "data": 0.002}}, {"type": "dict", "image_number": {"type": "int", "data": 22}, "Hcamera2end": {"type": "ndarray", "data": [[0.9999842500204627, -0.003546122994920794, -0.004350255477302114, -0.014552866699386782], [0.004326235162338482, -0.006753441758411416, 0.9999678368396335, 0.02960854752724178], [-0.003575388137398399, -0.9999709075948763, -0.006737994029851313, 0.03314113477683628], [0.0, 0.0, 0.0, 1.0]]}, "Hobj2base": {"type": "ndarray", "data": [[0.9999692033937098, -0.0006599181604898187, 0.00782027954558041, -0.7327665454442915], [-0.0006460713956968238, -0.9999982195000949, -0.0017730167488727983, 0.08879833128104404], [0.007821435667524856, 0.001767909687053285, -0.9999678493028852, -0.0008300127046270599], [0.0, 0.0, 0.0, 1.0]]}, "mean_rme": {"type": "float", "data": 0.0018168072725065878}, "max_rme": {"type": "float", "data": 0.006318749623039632}, "simu": {"type": "float", "data": 0.002}}, {"type": "dict", "image_number": {"type": "int", "data": 23}, "Hcamera2end": {"type": "ndarray", "data": [[0.999986843651767, -0.0031137944362147445, -0.0040763718654555385, -0.014503045434341175], [0.004066936112007853, -0.0030306519470464366, 0.9999871375069963, 0.030269308282002274], [-0.0031261084493865235, -0.9999905596719324, -0.003017948471696119, 0.03459784128501159], [0.0, 0.0, 0.0, 1.0]]}, "Hobj2base": {"type": "ndarray", "data": [[0.9999889695285156, -0.0018231452208687469, 0.00432862135109841, -0.7357477302715272], [-0.001815848447810867, -0.9999969249215199, -0.0016890357956380329, 0.08875979623546668], [0.004331687397786738, 0.0016811570444152997, -0.9999892050393746, -0.0008180026127035003], [0.0, 0.0, 0.0, 1.0]]}, "mean_rme": {"type": "float", "data": 0.0018586811595313224}, "max_rme": {"type": "float", "data": 0.006364903434826097}, "simu": {"type": "float", "data": 0.002}}, {"type": "dict", "image_number": {"type": "int", "data": 24}, "Hcamera2end": {"type": "ndarray", "data": [[0.9999859690929918, -0.0036644877168466993, -0.003825329648966525, -0.01456108100430447], [0.003815723867916355, -0.002624730921980012, 0.9999892754619676, 0.030308368950844346], [-0.0036744888779252204, -0.9999898411070786, -0.0026107114213795857, 0.034009014945886526], [0.0, 0.0, 0.0, 1.0]]}, "Hobj2base": {"type": "ndarray", "data": [[0.999987781289904, -0.0023306997423114075, 0.0043594850161921585, -0.7352993116997474], [-0.0023246477060962193, -0.9999963280565811, -0.0013927980464322073, 0.08899455929843547], [0.004362715202457753, 0.0013826467613940038, -0.9999895274471611, -0.000852556870104273], [0.0, 0.0, 0.0, 1.0]]}, "mean_rme": {"type": "float", "data": 0.0018153308644656909}, "max_rme": {"type": "float", "data": 0.006394121278330833}, "simu": {"type": "float", "data": 0.002}}, {"type": "dict", "image_number": {"type": "int", "data": 25}, "Hcamera2end": {"type": "ndarray", "data": [[0.9999877902342057, -0.0027561665922558984, -0.004101576309915537, -0.01447549166521582], [0.004094856055921261, -0.002439496635092908, 0.9999886404405046, 0.030754354206013832], [-0.002766141065024129, -0.9999932261779992, -0.0024281807439487935, 0.03407728946118428], [0.0, 0.0, 0.0, 1.0]]}, "Hobj2base": {"type": "ndarray", "data": [[0.9999909523633621, -0.0015367908141644604, 0.003966543256975016, -0.735455296589675], [-0.0015293686947922313, -0.9999970754426017, -0.0018735361321100873, 0.08851090527474557], [0.003969410889709421, 0.0018674528739521794, -0.9999903781521859, -0.0011315797543242413], [0.0, 0.0, 0.0, 1.0]]}, "mean_rme": {"type": "float", "data": 0.0018190253733865935}, "max_rme": {"type": "float", "data": 0.006361192076995814}, "simu": {"type": "float", "data": 0.002}}, {"type": "dict", "image_number": {"type": "int", "data": 26}, "Hcamera2end": {"type": "ndarray", "data": [[0.9999864888506218, -0.002763849897785776, -0.004402641246767468, -0.014477260972026854], [0.004388061514720782, -0.005259237983717524, 0.999976542390857, 0.03109259228758577], [-0.0027869396025488255, -0.9999823506190361, -0.005247038981998742, 0.03509903244648992], [0.0, 0.0, 0.0, 1.0]]}, "Hobj2base": {"type": "ndarray", "data": [[0.9999788298626323, -8.701520747989034e-05, 0.006506324224503792, -0.7352268504110774], [-7.202750772072215e-05, -0.9999973437531016, -0.0023037575350264732, 0.08785801497449844], [0.006506507404040142, 0.0023032401298446812, -0.9999761799394555, -0.0019500672573154487], [0.0, 0.0, 0.0, 1.0]]}, "mean_rme": {"type": "float", "data": 0.0018611239776508924}, "max_rme": {"type": "float", "data": 0.006255768290267416}, "simu": {"type": "float", "data": 0.002}}, {"type": "dict", "image_number": {"type": "int", "data": 27}, "Hcamera2end": {"type": "ndarray", "data": [[0.9999870810113498, -0.0036011918301852284, -0.0035873705972821923, -0.014568586589410433], [0.0035694873001129598, -0.0049601431146069075, 0.999981327696021, 0.030216787651341878], [-0.0036189184592043413, -0.9999812140223858, -0.004947224626071334, 0.03569112322696072], [0.0, 0.0, 0.0, 1.0]]}, "Hobj2base": {"type": "ndarray", "data": [[0.9999778483087383, -0.0011004921248552895, 0.006564435155387856, -0.7360054890196651], [-0.001091738165790525, -0.9999985102980751, -0.0013369777137811861, 0.08883586359532716], [0.006565896709781294, 0.0013297814530676523, -0.9999775600890666, -0.0013674948910898685], [0.0, 0.0, 0.0, 1.0]]}, "mean_rme": {"type": "float", "data": 0.0019488384698134373}, "max_rme": {"type": "float", "data": 0.006322246054945968}, "simu": {"type": "float", "data": 0.002}}, {"type": "dict", "image_number": {"type": "int", "data": 28}, "Hcamera2end": {"type": "ndarray", "data": [[0.999987296794885, -0.0036576744897395728, -0.0034680925861062064, -0.014581285688717019], [0.0034493022836572375, -0.00513108367595172, 0.999980886964379, 0.030316063401346034], [-0.003675399653732019, -0.999980146501738, -0.005118402069772987, 0.03562337614919495], [0.0, 0.0, 0.0, 1.0]]}, "Hobj2base": {"type": "ndarray", "data": [[0.9999777379687346, -0.0008591225903777167, 0.006617059415444612, -0.7358641379154355], [-0.0008508273907039724, -0.9999988488742655, -0.0012563211752627263, 0.08881950404887984], [0.006618131132279668, 0.0012506632316048674, -0.9999773178336584, -0.0014974130989697798], [0.0, 0.0, 0.0, 1.0]]}, "mean_rme": {"type": "float", "data": 0.0019008593214441302}, "max_rme": {"type": "float", "data": 0.006359552166154359}, "simu": {"type": "float", "data": 0.002}}, {"type": "dict", "image_number": {"type": "int", "data": 29}, "Hcamera2end": {"type": "ndarray", "data": [[0.9999820851493397, -0.00478710665017199, -0.0035934649432876825, -0.014664827647081286], [0.0035754318422812435, -0.0037702616819066392, 0.999986500615879, 0.029448175342392503], [-0.004800590330361444, -0.9999814341960405, -0.0037530781646823996, 0.03516216228315412], [0.0, 0.0, 0.0, 1.0]]}, "Hobj2base": {"type": "ndarray", "data": [[0.9999801629338854, -0.0024859433011838565, 0.005787384955526172, -0.7360319247295272], [-0.00247786581027035, -0.9999959466371706, -0.0014024586464540013, 0.08947405661712995], [0.005790847929832454, 0.0013880904624769374, -0.999982269485375, -0.0005075168888907494], [0.0, 0.0, 0.0, 1.0]]}, "mean_rme": {"type": "float", "data": 0.0019552351538512165}, "max_rme": {"type": "float", "data": 0.006389825295093243}, "simu": {"type": "float", "data": 0.002}}, {"type": "dict", "image_number": {"type": "int", "data": 30}, "Hcamera2end": {"type": "ndarray", "data": [[0.9999886194397755, -0.004345259720922791, -0.0019696976645489726, -0.01455695448389626], [0.001953388818616738, -0.003754306619099035, 0.9999910446868677, 0.029565069770914363], [-0.004352615656740989, -0.9999835118139536, -0.0037457759112335953, 0.0358760368805643], [0.0, 0.0, 0.0, 1.0]]}, "Hobj2base": {"type": "ndarray", "data": [[0.9999811454094815, -0.0020923869704692634, 0.005773278298106239, -0.7367668250856249], [-0.002093780214822191, -0.9999977803583706, 0.0002352928896586516, 0.09005456624470397], [0.005772773159720825, -0.00024737642918280236, -0.999983306808143, -0.0008986210252854269], [0.0, 0.0, 0.0, 1.0]]}, "mean_rme": {"type": "float", "data": 0.0019545274615412308}, "max_rme": {"type": "float", "data": 0.006669553211554269}, "simu": {"type": "float", "data": 0.002}}, {"type": "dict", "image_number": {"type": "int", "data": 31}, "Hcamera2end": {"type": "ndarray", "data": [[0.9999906199183477, -0.003787938183619104, -0.0021003808311471535, -0.014471228884133458], [0.002087224295059437, -0.003473886050101571, 0.9999917877715062, 0.029577900563917636], [-0.0037952035598744424, -0.9999867917327848, -0.003465947188161733, 0.036397387226835755], [0.0, 0.0, 0.0, 1.0]]}, "Hobj2base": {"type": "ndarray", "data": [[0.9999850081254841, -0.0018953707518472608, 0.005137226293297143, -0.7374330913333782], [-0.001895754477602891, -0.9999982006179804, 6.98266570246901e-05, 0.08989465390019605], [0.005137084702061096, -7.956452994018748e-05, -0.99998680192803, -0.0007886878183261374], [0.0, 0.0, 0.0, 1.0]]}, "mean_rme": {"type": "float", "data": 0.0019556321864029527}, "max_rme": {"type": "float", "data": 0.006692645644938766}, "simu": {"type": "float", "data": 0.002}}]}