{"type": "list", "data": [{"type": "dict", "image_number": {"type": "int", "data": 5}, "Hcamera2end": {"type": "ndarray", "data": [[0.9989462686371491, -0.011348461063285485, 0.0444698190620557, -0.010713273577131857], [-0.04463277737531567, -0.014534607665436017, 0.9988977226742372, 0.02693184741998925], [-0.010689600538953212, -0.9998299643496923, -0.015025805429682126, 0.03748648849402444], [0.0, 0.0, 0.0, 1.0]]}, "Hobj2base": {"type": "ndarray", "data": [[0.9997327757516832, -0.00753238052942608, 0.02185498413165054, -0.7284621465163946], [-0.008434424512336114, -0.9991037403722229, 0.04147983193529122, 0.11827538463039364], [0.02152295451327437, -0.041653081732258714, -0.9989002869211849, -0.005035009928830036], [0.0, 0.0, 0.0, 1.0]]}, "mean_rme": {"type": "float", "data": 0.0015091614313145084}, "max_rme": {"type": "float", "data": 0.005537452582476288}, "simu": {"type": "float", "data": 0.002}}, {"type": "dict", "image_number": {"type": "int", "data": 6}, "Hcamera2end": {"type": "ndarray", "data": [[0.9998546882622105, -0.01138243414590504, -0.012690254252463076, -0.013707439638693725], [0.012584353465818808, -0.009327743324390347, 0.9998773060992638, 0.023902045711701424], [-0.011499409025048042, -0.9998917108354224, -0.009183147319204776, 0.039716692293115106], [0.0, 0.0, 0.0, 1.0]]}, "Hobj2base": {"type": "ndarray", "data": [[0.9998500403663186, -0.007632124290800753, 0.01554501393633061, -0.7337883283712344], [-0.00745556486940496, -0.9999074006568398, -0.011384404427110239, 0.08906863884578109], [0.01563046166781514, 0.011266800366194553, -0.9998143567070634, 0.0009194975409463716], [0.0, 0.0, 0.0, 1.0]]}, "mean_rme": {"type": "float", "data": 0.0017003856757741925}, "max_rme": {"type": "float", "data": 0.0069284587582501}, "simu": {"type": "float", "data": 0.002}}, {"type": "dict", "image_number": {"type": "int", "data": 7}, "Hcamera2end": {"type": "ndarray", "data": [[0.9999175264202034, -0.009116922436909303, -0.00904555597966588, -0.014499921921910937], [0.008919609544940813, -0.013761836382042647, 0.9998655171696641, 0.024659644125480242], [-0.009240179828752804, -0.9998637375086034, -0.013679382005743035, 0.04008651201544356], [0.0, 0.0, 0.0, 1.0]]}, "Hobj2base": {"type": "ndarray", "data": [[0.9998435572269604, -0.004993789642987013, 0.01696829799183016, -0.7326046137884766], [-0.004855303778522675, -0.9999546504654355, -0.008192865052364934, 0.09003507491951193], [0.017008441932058777, 0.00810919709648217, -0.9998224611527258, 0.000231009363408157], [0.0, 0.0, 0.0, 1.0]]}, "mean_rme": {"type": "float", "data": 0.001818087058332503}, "max_rme": {"type": "float", "data": 0.006740307150918945}, "simu": {"type": "float", "data": 0.002}}, {"type": "dict", "image_number": {"type": "int", "data": 8}, "Hcamera2end": {"type": "ndarray", "data": [[0.9999417954622641, -0.007282596691106993, -0.007960494528499095, -0.01530060489723038], [0.007840129644522813, -0.016409622961385928, 0.9998346146445531, 0.02698081831023304], [-0.007412020970063506, -0.9998388310421333, -0.016351571344660032, 0.04095529370137091], [0.0, 0.0, 0.0, 1.0]]}, "Hobj2base": {"type": "ndarray", "data": [[0.999843587140203, -0.0036259692287320235, 0.017310505531712393, -0.7330235614709978], [-0.003503137907320853, -0.9999685104436986, -0.007120824798647505, 0.08831327218868888], [0.01733578032317693, 0.007059069921953607, -0.9998248047795291, -0.0015072241014701948], [0.0, 0.0, 0.0, 1.0]]}, "mean_rme": {"type": "float", "data": 0.00203787647728423}, "max_rme": {"type": "float", "data": 0.007238539111174974}, "simu": {"type": "float", "data": 0.002}}, {"type": "dict", "image_number": {"type": "int", "data": 9}, "Hcamera2end": {"type": "ndarray", "data": [[0.9999409430151588, -0.00798721640526985, -0.00736986133182592, -0.015252941627689148], [0.007236936081933461, -0.01654529033476204, 0.9998369267655023, 0.02705835781736553], [-0.008107850399518007, -0.9998312146266657, -0.01648651024520409, 0.041209331716388846], [0.0, 0.0, 0.0, 1.0]]}, "Hobj2base": {"type": "ndarray", "data": [[0.999824009998498, -0.003526480758445867, 0.018425877563461996, -0.7329382937856648], [-0.0034279739000193377, -0.9999796791551063, -0.005374967143286596, 0.0887536225978714], [0.018444457852270075, 0.005310857775438476, -0.9998157814138686, -0.0015954450943000717], [0.0, 0.0, 0.0, 1.0]]}, "mean_rme": {"type": "float", "data": 0.0019298921249612225}, "max_rme": {"type": "float", "data": 0.007294099782058805}, "simu": {"type": "float", "data": 0.002}}, {"type": "dict", "image_number": {"type": "int", "data": 10}, "Hcamera2end": {"type": "ndarray", "data": [[0.9999627956775617, -0.005940080216170559, -0.00625481476466706, -0.014490556867618415], [0.006160746626655684, -0.015724583943663717, 0.9998573811603337, 0.026729840038894313], [-0.006037587408641678, -0.9998587164728945, -0.0156874035920187, 0.04159692793679279], [0.0, 0.0, 0.0, 1.0]]}, "Hobj2base": {"type": "ndarray", "data": [[0.9998678658131708, -0.0015123253760055614, 0.016185295368705006, -0.7346444811154319], [-0.0014248117950057247, -0.99998431209252, -0.005417146868799553, 0.08921872753861038], [0.016193233943963964, 0.005393370078756127, -0.9998543347576332, -0.0009175198226832604], [0.0, 0.0, 0.0, 1.0]]}, "mean_rme": {"type": "float", "data": 0.0022723166766054612}, "max_rme": {"type": "float", "data": 0.006914206803556672}, "simu": {"type": "float", "data": 0.002}}, {"type": "dict", "image_number": {"type": "int", "data": 11}, "Hcamera2end": {"type": "ndarray", "data": [[0.9999476515862766, -0.006999589099593701, -0.007463232511936408, -0.014004778242322859], [0.0073592704187832895, -0.014762570278266995, 0.9998639445733015, 0.02727601936335754], [-0.007108813261972552, -0.9998665272281175, -0.014710285612126173, 0.04092404519256666], [0.0, 0.0, 0.0, 1.0]]}, "Hobj2base": {"type": "ndarray", "data": [[0.9998775820131184, -0.003303583511071023, 0.01529402901740177, -0.7347655519885463], [-0.003205045832807959, -0.9999739788411695, -0.006462918982176725, 0.089084876497377], [0.015314981841626456, 0.00641310974067648, -0.9998621521763111, -0.0011292487034151968], [0.0, 0.0, 0.0, 1.0]]}, "mean_rme": {"type": "float", "data": 0.0023108737428092396}, "max_rme": {"type": "float", "data": 0.007204083090123048}, "simu": {"type": "float", "data": 0.002}}, {"type": "dict", "image_number": {"type": "int", "data": 12}, "Hcamera2end": {"type": "ndarray", "data": [[0.9999463258307423, -0.007152342395585861, -0.007495962636996481, -0.01378069219940105], [0.0073950586166311736, -0.014031488031168715, 0.999874207313944, 0.027467902039139038], [-0.007256622193247432, -0.9998759729795929, -0.01397784291144366, 0.04040564378289281], [0.0, 0.0, 0.0, 1.0]]}, "Hobj2base": {"type": "ndarray", "data": [[0.9998920863437416, -0.003614145118893463, 0.01423915805865146, -0.7346589965476831], [-0.0035109159961806908, -0.9999674242590395, -0.007268004513558451, 0.08938170277298181], [0.014264961830563826, 0.0072172277088174246, -0.9998722030780589, -0.0011344339312795437], [0.0, 0.0, 0.0, 1.0]]}, "mean_rme": {"type": "float", "data": 0.002205493315960489}, "max_rme": {"type": "float", "data": 0.007281011125192249}, "simu": {"type": "float", "data": 0.002}}, {"type": "dict", "image_number": {"type": "int", "data": 13}, "Hcamera2end": {"type": "ndarray", "data": [[0.9999443942657592, -0.00762318132545897, -0.007286664735195061, -0.013932770671240323], [0.0071766073398875, -0.01436628587310329, 0.9998710447539231, 0.027574400942763123], [-0.007726880584882528, -0.9998677397219552, -0.014310778446175343, 0.04100910084510382], [0.0, 0.0, 0.0, 1.0]]}, "Hobj2base": {"type": "ndarray", "data": [[0.9998900749873427, -0.0036759196108606227, 0.014364036926321594, -0.7350439530677668], [-0.0035986301814108445, -0.9999789290071479, -0.005402906859697701, 0.08944873162377931], [0.014383594913083412, 0.005350622088282802, -0.9998822345859757, -0.0011865755235416177], [0.0, 0.0, 0.0, 1.0]]}, "mean_rme": {"type": "float", "data": 0.002097297670737738}, "max_rme": {"type": "float", "data": 0.007292867909405587}, "simu": {"type": "float", "data": 0.002}}, {"type": "dict", "image_number": {"type": "int", "data": 14}, "Hcamera2end": {"type": "ndarray", "data": [[0.9999636898579334, -0.006883437190219376, -0.005023669789611575, -0.01494098202918341], [0.004939039759425086, -0.0122570606934711, 0.9999126813624337, 0.027320251201810083], [-0.006944411563377376, -0.9999011864957483, -0.012222618067892155, 0.03988050166546547], [0.0, 0.0, 0.0, 1.0]]}, "Hobj2base": {"type": "ndarray", "data": [[0.9999170170866054, -0.003261550207436507, 0.012462793862922225, -0.7349194567934282], [-0.0032236841653505203, -0.9999901306186172, -0.0030572088189912056, 0.08945409875349926], [0.012472642102914254, 0.00301677901166462, -0.9999176627319708, -0.0006831351531030158], [0.0, 0.0, 0.0, 1.0]]}, "mean_rme": {"type": "float", "data": 0.002154773601809962}, "max_rme": {"type": "float", "data": 0.007046601921931517}, "simu": {"type": "float", "data": 0.002}}, {"type": "dict", "image_number": {"type": "int", "data": 15}, "Hcamera2end": {"type": "ndarray", "data": [[0.999960357503334, -0.006057903573537095, -0.006525735674861665, -0.014389830771672368], [0.006454320750980185, -0.01173434940608531, 0.9999103193725222, 0.027506938806927176], [-0.0061339355594840035, -0.9999127996222018, -0.011694784574435957, 0.03951786083216], [0.0, 0.0, 0.0, 1.0]]}, "Hobj2base": {"type": "ndarray", "data": [[0.9999298593026793, -0.0021428765570056726, 0.011648371344758763, -0.7350744998001135], [-0.002094568057367627, -0.9999891624717838, -0.004157850843140953, 0.08907090679671384], [0.011657154866304932, 0.004133160902044371, -0.9999235109354021, -0.0010608118715976778], [0.0, 0.0, 0.0, 1.0]]}, "mean_rme": {"type": "float", "data": 0.002152863424382685}, "max_rme": {"type": "float", "data": 0.007122221111592997}, "simu": {"type": "float", "data": 0.002}}, {"type": "dict", "image_number": {"type": "int", "data": 16}, "Hcamera2end": {"type": "ndarray", "data": [[0.9999655756680831, -0.006032089920348966, -0.0056974880422963085, -0.014852817227575144], [0.005625770375538363, -0.01184030343770237, 0.9999140752695629, 0.027849428781410352], [-0.006099031601902056, -0.9999117066549906, -0.011805960690390416, 0.039576601202753206], [0.0, 0.0, 0.0, 1.0]]}, "Hobj2base": {"type": "ndarray", "data": [[0.999930828875068, -0.002395769714623005, 0.01151510975605133, -0.7350424011230774], [-0.002350759011392758, -0.9999895506325729, -0.003920785346727974, 0.08891114928805999], [0.011524382729229754, 0.0038934448935687097, -0.9999260121076812, -0.0011692003139722046], [0.0, 0.0, 0.0, 1.0]]}, "mean_rme": {"type": "float", "data": 0.0020792599296510497}, "max_rme": {"type": "float", "data": 0.007067804894369867}, "simu": {"type": "float", "data": 0.002}}, {"type": "dict", "image_number": {"type": "int", "data": 17}, "Hcamera2end": {"type": "ndarray", "data": [[0.9999881417681917, -0.002695518872173003, -0.004055921721205981, -0.014457307323549417], [0.00402702774614269, -0.010639608283654178, 0.9999352887977812, 0.02770114750309676], [-0.0027384978602489774, -0.9999397646426408, -0.0106286271874243, 0.038411353555699274], [0.0, 0.0, 0.0, 1.0]]}, "Hobj2base": {"type": "ndarray", "data": [[0.9999519044390698, 0.0003554727436168035, 0.009801145229311766, -0.7344534923531592], [0.00037478429786200136, -0.9999979921320123, -0.001968570210428504, 0.08950090924992975], [0.009800425776852318, 0.0019721488462730134, -0.9999500298932542, -0.0008347906237284777], [0.0, 0.0, 0.0, 1.0]]}, "mean_rme": {"type": "float", "data": 0.0021606260030868764}, "max_rme": {"type": "float", "data": 0.008312726952195926}, "simu": {"type": "float", "data": 0.002}}, {"type": "dict", "image_number": {"type": "int", "data": 18}, "Hcamera2end": {"type": "ndarray", "data": [[0.9999822007879907, -0.0024130270565442813, -0.005456684673949287, -0.014126256780532533], [0.005435630557189774, -0.00864732626490583, 0.9999478374739925, 0.027811901477762257], [-0.002460086919658039, -0.9999596997123898, -0.008634056025708547, 0.037307737061886004], [0.0, 0.0, 0.0, 1.0]]}, "Hobj2base": {"type": "ndarray", "data": [[0.9999621797702949, 0.00032329297486247366, 0.00869105923883293, -0.7342494069629415], [0.000351977049898422, -0.9999944960602405, -0.00329908493086956, 0.08905042367290658], [0.008689944832784811, 0.003302019212111035, -0.9999567898304031, -0.0009631274494510308], [0.0, 0.0, 0.0, 1.0]]}, "mean_rme": {"type": "float", "data": 0.002192190824446687}, "max_rme": {"type": "float", "data": 0.008486082231662528}, "simu": {"type": "float", "data": 0.002}}, {"type": "dict", "image_number": {"type": "int", "data": 19}, "Hcamera2end": {"type": "ndarray", "data": [[0.9999804214021218, -0.002737029294431005, -0.005627209172956883, -0.013784609361658082], [0.005603406104312022, -0.008627958862244212, 0.9999470786826177, 0.027589610883280144], [-0.0027854357764885455, -0.9999590326590948, -0.008612453252251129, 0.037582885671023684], [0.0, 0.0, 0.0, 1.0]]}, "Hobj2base": {"type": "ndarray", "data": [[0.9999623134351371, 5.920492375452681e-05, 0.008681486291273707, -0.7345906555041123], [9.163092433223589e-05, -0.999993021693595, -0.003734724606502541, 0.0892113826628009], [0.008681204595116747, 0.00373537935017486, -0.9999553408167223, -0.0007671949423381464], [0.0, 0.0, 0.0, 1.0]]}, "mean_rme": {"type": "float", "data": 0.002198137336907564}, "max_rme": {"type": "float", "data": 0.008568623758387961}, "simu": {"type": "float", "data": 0.002}}, {"type": "dict", "image_number": {"type": "int", "data": 20}, "Hcamera2end": {"type": "ndarray", "data": [[0.9999777029664418, -0.0032318156817606027, -0.005843709212287188, -0.013651276513289488], [0.005813359537931045, -0.00932189223358515, 0.9999396517670793, 0.027484797143698766], [-0.0032860950749164343, -0.999951327661794, -0.009302896676522732, 0.03806350401524941], [0.0, 0.0, 0.0, 1.0]]}, "Hobj2base": {"type": "ndarray", "data": [[0.999955339593277, 0.00036582610940851754, 0.009443780501039906, -0.7344934838619254], [0.0004047251700162793, -0.9999914414423532, -0.004117431187290112, 0.08918083864342304], [0.009442193412068079, 0.0041210694368075135, -0.999946929476893, -0.0008443236428021805], [0.0, 0.0, 0.0, 1.0]]}, "mean_rme": {"type": "float", "data": 0.0021706200003309786}, "max_rme": {"type": "float", "data": 0.0084452855759517}, "simu": {"type": "float", "data": 0.002}}, {"type": "dict", "image_number": {"type": "int", "data": 21}, "Hcamera2end": {"type": "ndarray", "data": [[0.9999779018056468, -0.0028120245116360024, -0.006023986929117482, -0.013660195460005024], [0.005997910257630249, -0.009191381332501303, 0.9999397699770433, 0.02764741289581321], [-0.0028672239043426332, -0.9999538044466588, -0.009174311948907166, 0.03747092126933907], [0.0, 0.0, 0.0, 1.0]]}, "Hobj2base": {"type": "ndarray", "data": [[0.9999569761126772, 0.0007835117902225023, 0.009242945032045008, -0.7340384566469208], [0.0008250149133740022, -0.9999895917313786, -0.00448729086456887, 0.08906311986298897], [0.009239332983691714, 0.0044947233713672615, -0.9999472147007715, -0.001104602274881165], [0.0, 0.0, 0.0, 1.0]]}, "mean_rme": {"type": "float", "data": 0.002189247910829661}, "max_rme": {"type": "float", "data": 0.008220598754199726}, "simu": {"type": "float", "data": 0.002}}, {"type": "dict", "image_number": {"type": "int", "data": 22}, "Hcamera2end": {"type": "ndarray", "data": [[0.9999753252466514, -0.0028145425505715456, -0.006436400242740066, -0.013405355438025113], [0.006411147183641895, -0.0088911628756283, 0.9999399204024755, 0.027652979111893874], [-0.0028716005368788263, -0.9999565118408651, -0.008872899041830973, 0.03724037616571568], [0.0, 0.0, 0.0, 1.0]]}, "Hobj2base": {"type": "ndarray", "data": [[0.9999599191549275, 0.0007329578792055829, 0.008923164036259916, -0.7339767176991621], [0.0007731580954033585, -0.999989564639205, -0.004502536979550362, 0.08907520400818157], [0.008919770749868192, 0.0045092555305744995, -0.9999500509047083, -0.0009891050529125635], [0.0, 0.0, 0.0, 1.0]]}, "mean_rme": {"type": "float", "data": 0.002125571124432251}, "max_rme": {"type": "float", "data": 0.008191449955178898}, "simu": {"type": "float", "data": 0.002}}, {"type": "dict", "image_number": {"type": "int", "data": 23}, "Hcamera2end": {"type": "ndarray", "data": [[0.9999776172062754, -0.003044041611494827, -0.005958095092155586, -0.013679845564641448], [0.005930010506212536, -0.009153276763226748, 0.9999405244812773, 0.02721555390461148], [-0.0030983966589010923, -0.9999534745852745, -0.009135020688583628, 0.03739845611282963], [0.0, 0.0, 0.0, 1.0]]}, "Hobj2base": {"type": "ndarray", "data": [[0.9999556170661709, 0.000498604523578307, 0.009408256551690945, -0.7339091081710692], [0.0005377781210093824, -0.9999911955833911, -0.004161676392128939, 0.08937705770710691], [0.009406098686805914, 0.0041665512392513515, -0.9999470811789317, -0.0006599234135508259], [0.0, 0.0, 0.0, 1.0]]}, "mean_rme": {"type": "float", "data": 0.0020968467269613525}, "max_rme": {"type": "float", "data": 0.008179879157170555}, "simu": {"type": "float", "data": 0.002}}, {"type": "dict", "image_number": {"type": "int", "data": 24}, "Hcamera2end": {"type": "ndarray", "data": [[0.9999768899341686, -0.0030148143455625805, -0.006093479469848574, -0.013588248843638696], [0.006068095677132645, -0.008358384862481083, 0.9999466563859014, 0.027284739022993484], [-0.0030655851710301735, -0.9999605233692741, -0.008339897517759098, 0.037108750801629266], [0.0, 0.0, 0.0, 1.0]]}, "Hobj2base": {"type": "ndarray", "data": [[0.9999602073497305, 0.00024144049532901507, 0.008917702819187799, -0.7339541653283445], [0.0002770515910011224, -0.9999919924224265, -0.003992284238484876, 0.08942710391285358], [0.008916667510906666, 0.003994596038668528, -0.9999522669822731, -0.0007482361607409616], [0.0, 0.0, 0.0, 1.0]]}, "mean_rme": {"type": "float", "data": 0.002065940930898264}, "max_rme": {"type": "float", "data": 0.008162501522358256}, "simu": {"type": "float", "data": 0.002}}, {"type": "dict", "image_number": {"type": "int", "data": 25}, "Hcamera2end": {"type": "ndarray", "data": [[0.9999784731693702, -0.002318983989442607, -0.006138038050703962, -0.013906766723005868], [0.006118716256212987, -0.008249197953066112, 0.9999472546312166, 0.027402562691369634], [-0.0023694955647005898, -0.9999632858492294, -0.008234831168944856, 0.03726416024447583], [0.0, 0.0, 0.0, 1.0]]}, "Hobj2base": {"type": "ndarray", "data": [[0.9999659375157824, 0.0007327338763276624, 0.00822112578962593, -0.7343505218897316], [0.0007633882113913818, -0.9999927662764581, -0.003726208957630117, 0.08907207333644966], [0.008218336000741233, 0.0037323579442084726, -0.9999592633990422, -0.0005611728022245988], [0.0, 0.0, 0.0, 1.0]]}, "mean_rme": {"type": "float", "data": 0.002074134208450507}, "max_rme": {"type": "float", "data": 0.008581866906037572}, "simu": {"type": "float", "data": 0.002}}, {"type": "dict", "image_number": {"type": "int", "data": 26}, "Hcamera2end": {"type": "ndarray", "data": [[0.9999788570583727, -0.002265964660095901, -0.006095148922684731, -0.013941045542620531], [0.006077341672140807, -0.0077841095191508725, 0.9999512355896132, 0.027359335244623917], [-0.002313299468415006, -0.9999671359815547, -0.007770173898721255, 0.03707426125657703], [0.0, 0.0, 0.0, 1.0]]}, "Hobj2base": {"type": "ndarray", "data": [[0.9999695249143604, 6.363894533170266e-06, 0.007806996993033092, -0.7342323680459817], [3.4327036022888284e-05, -0.9999935851876522, -0.0035816763114547, 0.08919591569716852], [0.0078069241192020855, 0.0035818351506293855, -0.9999631105159583, -0.0004341288216479265], [0.0, 0.0, 0.0, 1.0]]}, "mean_rme": {"type": "float", "data": 0.0020434584046568273}, "max_rme": {"type": "float", "data": 0.008557148632893696}, "simu": {"type": "float", "data": 0.002}}, {"type": "dict", "image_number": {"type": "int", "data": 27}, "Hcamera2end": {"type": "ndarray", "data": [[0.9999800174020264, -0.0026433325543814366, -0.005742611744665546, -0.014087102146784838], [0.005721804648655075, -0.007812922667273625, 0.9999531084960722, 0.02703186686879224], [-0.0026880751860118295, -0.9999659849376887, -0.007797641912283382, 0.03704223984524921], [0.0, 0.0, 0.0, 1.0]]}, "Hobj2base": {"type": "ndarray", "data": [[0.9999695653559062, -0.0005361510332985302, 0.007783373560970737, -0.7342030982452497], [-0.0005096690751897956, -0.9999940766286253, -0.0034039602077966125, 0.08951152920562463], [0.007785152493941307, 0.0033998896646745018, -0.9999639154244084, -0.00021176857343208888], [0.0, 0.0, 0.0, 1.0]]}, "mean_rme": {"type": "float", "data": 0.002047035911444509}, "max_rme": {"type": "float", "data": 0.008636307086756778}, "simu": {"type": "float", "data": 0.002}}, {"type": "dict", "image_number": {"type": "int", "data": 28}, "Hcamera2end": {"type": "ndarray", "data": [[0.9999839446374312, -0.0021884778638033833, -0.005226952458419252, -0.014357338722053714], [0.005212492542196114, -0.006561669549819404, 0.9999648865906324, 0.026882711059778464], [-0.002222698553669024, -0.99997607724253, -0.006550156775291915, 0.03688146754377437], [0.0, 0.0, 0.0, 1.0]]}, "Hobj2base": {"type": "ndarray", "data": [[0.9999799506021952, -0.00039916177963150306, 0.006319736031265684, -0.7346746047523985], [-0.0003778827081976263, -0.9999942571485767, -0.003367918426105518, 0.0894554091409251], [0.00632104408227324, 0.00336546278240263, -0.9999743587022469, 0.00040122644158939257], [0.0, 0.0, 0.0, 1.0]]}, "mean_rme": {"type": "float", "data": 0.0020720188660300442}, "max_rme": {"type": "float", "data": 0.008674385523680161}, "simu": {"type": "float", "data": 0.002}}, {"type": "dict", "image_number": {"type": "int", "data": 29}, "Hcamera2end": {"type": "ndarray", "data": [[0.9999757918981257, -0.0032594050782430257, -0.006147511386923042, -0.01354256231077893], [0.006124078703437283, -0.007151140112313659, 0.9999556774453198, 0.02743439112081228], [-0.0033032223283531504, -0.9999691182599741, -0.0071310061435596594, 0.03728426920985196], [0.0, 0.0, 0.0, 1.0]]}, "Hobj2base": {"type": "ndarray", "data": [[0.999972691866405, -0.001161209362787428, 0.0072984323160264885, -0.7345407313265954], [-0.0011296635251246117, -0.9999900094435907, -0.004324913100628809, 0.08956232527477788], [0.0073033815302124255, 0.004316550222546064, -0.9999640133586813, -0.0006334702345221851], [0.0, 0.0, 0.0, 1.0]]}, "mean_rme": {"type": "float", "data": 0.002108705191200018}, "max_rme": {"type": "float", "data": 0.008576828318755836}, "simu": {"type": "float", "data": 0.002}}, {"type": "dict", "image_number": {"type": "int", "data": 30}, "Hcamera2end": {"type": "ndarray", "data": [[0.9999829562760811, -0.002546330755168101, -0.005253889705204185, -0.013794783609234973], [0.0052364433965635645, -0.006810457741557752, 0.9999630979820731, 0.027292053091745334], [-0.0025820181842410245, -0.9999735665831551, -0.006797007949127742, 0.03716753112949145], [0.0, 0.0, 0.0, 1.0]]}, "Hobj2base": {"type": "ndarray", "data": [[0.9999755522518062, -0.00034548525062360073, 0.006983948642191883, -0.7344509369955871], [-0.0003221801114424126, -0.9999943776060918, -0.0033378070915969834, 0.08959150096496576], [0.006985062538801157, 0.0033354754003778395, -0.9999700413038295, -0.0005797236157101111], [0.0, 0.0, 0.0, 1.0]]}, "mean_rme": {"type": "float", "data": 0.0022031413888828387}, "max_rme": {"type": "float", "data": 0.007939004172876851}, "simu": {"type": "float", "data": 0.002}}]}