{"type": "list", "data": [{"type": "dict", "image_number": {"type": "int", "data": 5}, "Hcamera2end": {"type": "ndarray", "data": [[0.9999698985923107, -0.0036604543161255394, 0.006841270604463239, -0.020692934141225968], [-0.006765270626109493, 0.020386863618151008, 0.9997692768359959, 0.02727897084354932], [-0.003799081815312087, -0.9997854654204642, 0.02036148598079457, 0.03996106555186268], [0.0, 0.0, 0.0, 1.0]]}, "Hobj2base": {"type": "ndarray", "data": [[0.9998032747783787, -0.011493251266794973, -0.016165299803843985, -0.7507007703967649], [-0.011391583961699208, -0.9999148409286931, 0.006367315399036895, 0.08983902265934254], [-0.016237104337701348, -0.006181914417522358, -0.9998490587968074, 0.005236327852223643], [0.0, 0.0, 0.0, 1.0]]}, "mean_rme": {"type": "float", "data": 0.002293738430835815}, "max_rme": {"type": "float", "data": 0.008343982666095873}, "simu": {"type": "float", "data": 0.002}}, {"type": "dict", "image_number": {"type": "int", "data": 6}, "Hcamera2end": {"type": "ndarray", "data": [[0.9999647671065514, -0.0009743388249956772, 0.008337578149234557, -0.020483256103867017], [-0.008348403121984265, -0.011691249417940863, 0.9998968041014833, 0.02759075967803905], [-0.0008767615715408947, -0.9999311803073756, -0.011698971674684255, 0.037338652306374086], [0.0, 0.0, 0.0, 1.0]]}, "Hobj2base": {"type": "ndarray", "data": [[0.999932921962354, 0.0035556449092477346, 0.011023110500592044, -0.7360496514189258], [0.003486238539981484, -0.9999740192542628, 0.006309275498619434, 0.08844772609118694], [0.011045257655268604, -0.00627042309214238, -0.9999193387856713, 0.0005885016135527646], [0.0, 0.0, 0.0, 1.0]]}, "mean_rme": {"type": "float", "data": 0.002010888833779517}, "max_rme": {"type": "float", "data": 0.00799896838545422}, "simu": {"type": "float", "data": 0.002}}, {"type": "dict", "image_number": {"type": "int", "data": 7}, "Hcamera2end": {"type": "ndarray", "data": [[0.9999569123770979, -0.0011472728194463115, 0.009211794306136938, -0.019762237288117636], [-0.009221718608074015, -0.008968342086282943, 0.9999172609501934, 0.0277009558953373], [-0.0010645633726174544, -0.999959125467287, -0.008978535488848527, 0.0362399098370042], [0.0, 0.0, 0.0, 1.0]]}, "Hobj2base": {"type": "ndarray", "data": [[0.9999709421750254, 0.00204892109079926, 0.007342801097379328, -0.735742288043613], [0.0019892135683612384, -0.9999649762259544, 0.008129535706708811, 0.08973459995088255], [0.00735920070194071, -0.008114693080510436, -0.9999399951603289, 0.0007645932860853895], [0.0, 0.0, 0.0, 1.0]]}, "mean_rme": {"type": "float", "data": 0.001837105418516113}, "max_rme": {"type": "float", "data": 0.008120612368421543}, "simu": {"type": "float", "data": 0.002}}, {"type": "dict", "image_number": {"type": "int", "data": 8}, "Hcamera2end": {"type": "ndarray", "data": [[0.9999607235516659, -0.002027033398408261, 0.008628006121380049, -0.019774572849257238], [-0.008645904745989131, -0.008993681619824612, 0.9999221779828892, 0.027873292582834438], [-0.0019492781105108553, -0.9999575015102008, -0.009010853917632788, 0.03591966385071343], [0.0, 0.0, 0.0, 1.0]]}, "Hobj2base": {"type": "ndarray", "data": [[0.9999601460466624, 0.0010494019857916214, 0.008865950248556234, -0.7351702316828704], [0.0009809651313137382, -0.9999697200328854, 0.007719891499501515, 0.08982417682653679], [0.00887378305734394, -0.0077108866432561264, -0.9999308967130809, 0.00034468476585338553], [0.0, 0.0, 0.0, 1.0]]}, "mean_rme": {"type": "float", "data": 0.0017415463124652807}, "max_rme": {"type": "float", "data": 0.008501774819372726}, "simu": {"type": "float", "data": 0.002}}, {"type": "dict", "image_number": {"type": "int", "data": 9}, "Hcamera2end": {"type": "ndarray", "data": [[0.9999556783201122, -0.0036158111643643884, 0.008692945702575967, -0.01977547542291358], [-0.008731842033030872, -0.01088432933265282, 0.9999026384152053, 0.03017304837463015], [-0.0035208422393614024, -0.9999342264792231, -0.010915419612800736, 0.03677351211657427], [0.0, 0.0, 0.0, 1.0]]}, "Hobj2base": {"type": "ndarray", "data": [[0.9999481866176668, 0.000299383649188214, 0.010175187932923614, -0.7350878654520219], [0.00022560140618903618, -0.9999736815966613, 0.007251566590992543, 0.08851550284571334], [0.010177091138691896, -0.007248895326094345, -0.999921937119346, -0.0016472766894042497], [0.0, 0.0, 0.0, 1.0]]}, "mean_rme": {"type": "float", "data": 0.0018855350484558665}, "max_rme": {"type": "float", "data": 0.008628780233086303}, "simu": {"type": "float", "data": 0.002}}, {"type": "dict", "image_number": {"type": "int", "data": 10}, "Hcamera2end": {"type": "ndarray", "data": [[0.9999270472423252, -0.006532823546587257, 0.010159842998494525, -0.021524467369005144], [-0.010246156759216156, -0.013317462746731401, 0.999858820763039, 0.02969222366204324], [-0.006396597916898657, -0.9998899776487904, -0.01338342753523758, 0.03729600487052399], [0.0, 0.0, 0.0, 1.0]]}, "Hobj2base": {"type": "ndarray", "data": [[0.999927710385266, -0.0014389709146494214, 0.011937477387890963, -0.734724190269618], [-0.0015374561906242176, -0.9999648273137691, 0.008245020546084624, 0.08774331539868414], [0.011925193169987911, -0.008262777865236322, -0.9998947525963959, -0.0012467896074177033], [0.0, 0.0, 0.0, 1.0]]}, "mean_rme": {"type": "float", "data": 0.0022305463667847275}, "max_rme": {"type": "float", "data": 0.008265114874025276}, "simu": {"type": "float", "data": 0.002}}, {"type": "dict", "image_number": {"type": "int", "data": 11}, "Hcamera2end": {"type": "ndarray", "data": [[0.999927112688447, -0.006737827456412097, 0.010018532413149336, -0.02134730301289971], [-0.010107131696413276, -0.013246614854993899, 0.9998611769059517, 0.03006650395540584], [-0.006604180450068173, -0.9998895583393453, -0.013313749454299417, 0.03730148342632283], [0.0, 0.0, 0.0, 1.0]]}, "Hobj2base": {"type": "ndarray", "data": [[0.9999303328318622, -0.0021126636919521625, 0.01161318797256026, -0.7346371176682015], [-0.002214205842095068, -0.9999593732394041, 0.008737800818690666, 0.08773552900036509], [0.011594256131815585, -0.008762906069506067, -0.9998943867739067, -0.0015625207132254652], [0.0, 0.0, 0.0, 1.0]]}, "mean_rme": {"type": "float", "data": 0.002070550958800088}, "max_rme": {"type": "float", "data": 0.00834485576477631}, "simu": {"type": "float", "data": 0.002}}, {"type": "dict", "image_number": {"type": "int", "data": 12}, "Hcamera2end": {"type": "ndarray", "data": [[0.9999359717218204, -0.006435010816062959, 0.00930822714248132, -0.020987019573133692], [-0.009392222287021496, -0.013148229259401623, 0.9998694465918304, 0.030027001475507464], [-0.006311783999001387, -0.999892851611181, -0.013207826452924731, 0.037756153145626005], [0.0, 0.0, 0.0, 1.0]]}, "Hobj2base": {"type": "ndarray", "data": [[0.9999265611196024, -0.001239253579791356, 0.012055563781543219, -0.7351894466353288], [-0.0013250040979648982, -0.9999738631603241, 0.00710755656731548, 0.08757991253064633], [0.012046440622285845, -0.0071230082677326365, -0.9999020682154585, -0.0014951508407754915], [0.0, 0.0, 0.0, 1.0]]}, "mean_rme": {"type": "float", "data": 0.0020238659766030247}, "max_rme": {"type": "float", "data": 0.008278131219316861}, "simu": {"type": "float", "data": 0.002}}, {"type": "dict", "image_number": {"type": "int", "data": 13}, "Hcamera2end": {"type": "ndarray", "data": [[0.9999647319536029, -0.005145163367214328, 0.00663793212406802, -0.019688238166995435], [-0.006702736406426647, -0.012681974913996585, 0.9998971151258247, 0.029067481710604377], [-0.005060451919050436, -0.9999063430172874, -0.012716014319335445, 0.0373644921310275], [0.0, 0.0, 0.0, 1.0]]}, "Hobj2base": {"type": "ndarray", "data": [[0.9999375086731751, -0.0009492436112744886, 0.01113901634124018, -0.7353067205437773], [-0.001007787271853821, -0.9999857040343318, 0.005251294295446043, 0.08790231733392319], [0.011133872340684109, -0.0052621918939876455, -0.99992417023651, -0.0011155085740437059], [0.0, 0.0, 0.0, 1.0]]}, "mean_rme": {"type": "float", "data": 0.002096421062618594}, "max_rme": {"type": "float", "data": 0.008379079092871921}, "simu": {"type": "float", "data": 0.002}}, {"type": "dict", "image_number": {"type": "int", "data": 14}, "Hcamera2end": {"type": "ndarray", "data": [[0.9999608641391818, -0.00548321728795436, 0.006942947370804501, -0.019285677976959428], [-0.0070125454256391145, -0.01277737469032525, 0.9998937758095487, 0.029016836940020652], [-0.0053939221976249015, -0.9999033318397312, -0.012815325947078238, 0.03738035397739595], [0.0, 0.0, 0.0, 1.0]]}, "Hobj2base": {"type": "ndarray", "data": [[0.9999371368354094, -0.001100349676141809, 0.011158476956734116, -0.7349282647442542], [-0.0011651999302306215, -0.9999824608813532, 0.005806913017661903, 0.08842658909084687], [0.01115189161202449, -0.0058195498333045775, -0.9999208809466931, -0.0010241534694436743], [0.0, 0.0, 0.0, 1.0]]}, "mean_rme": {"type": "float", "data": 0.00208687313116058}, "max_rme": {"type": "float", "data": 0.008378609409190853}, "simu": {"type": "float", "data": 0.002}}, {"type": "dict", "image_number": {"type": "int", "data": 15}, "Hcamera2end": {"type": "ndarray", "data": [[0.9999651227570845, -0.005572220348567065, 0.006221224139672035, -0.01903165400768858], [-0.006283660717708018, -0.011258445942901929, 0.9999168780468383, 0.029528790037071425], [-0.005501715859053071, -0.9999210957647299, -0.011293067221462616, 0.036816986800516475], [0.0, 0.0, 0.0, 1.0]]}, "Hobj2base": {"type": "ndarray", "data": [[0.9999465824660799, -0.0011331574092806047, 0.010273663839792332, -0.7348096414941309], [-0.001188972695179777, -0.9999845594407508, 0.005428372133221443, 0.08852101739259441], [0.01026735400857402, -0.005440297268753854, -0.9999324900248463, -0.0012993691008799878], [0.0, 0.0, 0.0, 1.0]]}, "mean_rme": {"type": "float", "data": 0.00211752579392292}, "max_rme": {"type": "float", "data": 0.008590974918474131}, "simu": {"type": "float", "data": 0.002}}, {"type": "dict", "image_number": {"type": "int", "data": 16}, "Hcamera2end": {"type": "ndarray", "data": [[0.9999704445276909, -0.005040822620291231, 0.005805185475340887, -0.018685187509467422], [-0.005861860685882503, -0.011302221649236222, 0.9999189459026621, 0.02926371988594614], [-0.004974802548006673, -0.9999234220144573, -0.011331436206679646, 0.0362317622358476], [0.0, 0.0, 0.0, 1.0]]}, "Hobj2base": {"type": "ndarray", "data": [[0.9999509498957245, -0.0008059288346836366, 0.009871589606118832, -0.7342180108372947], [-0.0008603038374324718, -0.9999844760703263, 0.005505224397169729, 0.08846563943468712], [0.00986699954117293, -0.005513446931758691, -0.9999361200711703, -0.001046369743421871], [0.0, 0.0, 0.0, 1.0]]}, "mean_rme": {"type": "float", "data": 0.0021075568370902574}, "max_rme": {"type": "float", "data": 0.008357771466220465}, "simu": {"type": "float", "data": 0.002}}, {"type": "dict", "image_number": {"type": "int", "data": 17}, "Hcamera2end": {"type": "ndarray", "data": [[0.9999690305328975, -0.005066490012909666, 0.00602234622436856, -0.018818735631159957], [-0.0060806431554685444, -0.01157075558580134, 0.9999145680476853, 0.029112696445290333], [-0.00499637407656124, -0.999920220964714, -0.01160120476348614, 0.03639169657997953], [0.0, 0.0, 0.0, 1.0]]}, "Hobj2base": {"type": "ndarray", "data": [[0.9999486786301521, -0.001001893333894821, 0.01008148379755023, -0.7341560183488536], [-0.0010601697275028812, -0.999982751847361, 0.005776854501187241, 0.08858275625266829], [0.010075522118563243, -0.005787246109031301, -0.9999324935396945, -0.0009179889030996771], [0.0, 0.0, 0.0, 1.0]]}, "mean_rme": {"type": "float", "data": 0.0020202767432474225}, "max_rme": {"type": "float", "data": 0.008410802782383986}, "simu": {"type": "float", "data": 0.002}}, {"type": "dict", "image_number": {"type": "int", "data": 18}, "Hcamera2end": {"type": "ndarray", "data": [[0.9999783011758304, -0.0042251597784787286, 0.005054226186708592, -0.018605051942039947], [-0.005105031472924329, -0.01210142966273442, 0.9999137433067807, 0.02955448966069215], [-0.00416363196746991, -0.9999178483380345, -0.012122736649587074, 0.036010274315420164], [0.0, 0.0, 0.0, 1.0]]}, "Hobj2base": {"type": "ndarray", "data": [[0.9999461413471031, 0.00026425032246427897, 0.010375190446746953, -0.7336636042325875], [0.00021031454791555136, -0.9999864615339482, 0.005199280392954768, 0.0882841366280111], [0.01037642389410373, -0.005196818313228425, -0.9999326591859019, -0.0015350363779732257], [0.0, 0.0, 0.0, 1.0]]}, "mean_rme": {"type": "float", "data": 0.002099092251485831}, "max_rme": {"type": "float", "data": 0.008812803402878683}, "simu": {"type": "float", "data": 0.002}}, {"type": "dict", "image_number": {"type": "int", "data": 19}, "Hcamera2end": {"type": "ndarray", "data": [[0.9999818337444334, -0.0040865490691527374, 0.004430834890384889, -0.018259200474013377], [-0.004481171280723409, -0.012391795524475002, 0.9999131774847417, 0.02941356945808216], [-0.004031288264719468, -0.9999148681364755, -0.012409882938276606, 0.036394212585815114], [0.0, 0.0, 0.0, 1.0]]}, "Hobj2base": {"type": "ndarray", "data": [[0.9999421469365231, 0.0005307600594263393, 0.010743420020468915, -0.73388042013053], [0.0004865724001455442, -0.999991414178121, 0.0041151934755583024, 0.08822677960840418], [0.010745511959711886, -0.00410972794734381, -0.9999338198645562, -0.0014343530974149964], [0.0, 0.0, 0.0, 1.0]]}, "mean_rme": {"type": "float", "data": 0.0020630196414030116}, "max_rme": {"type": "float", "data": 0.00872578801862195}, "simu": {"type": "float", "data": 0.002}}, {"type": "dict", "image_number": {"type": "int", "data": 20}, "Hcamera2end": {"type": "ndarray", "data": [[0.9999879294564823, -0.0015063651143729967, 0.00467673021240802, -0.01748276640603176], [-0.004690912836089391, -0.009553381112198833, 0.9999433625191424, 0.029813837650719033], [-0.0014616012115695977, -0.9999532307930542, -0.009560332025147167, 0.035630338809829146], [0.0, 0.0, 0.0, 1.0]]}, "Hobj2base": {"type": "ndarray", "data": [[0.9999700316699353, 0.0014808627568354666, 0.007598868831872236, -0.7344166180086684], [0.0014458518911957862, -0.99998832492431, 0.004610805502346855, 0.08892743613629092], [0.007605608084650906, -0.004599680485334185, -0.9999604980523455, -0.0014747047286411074], [0.0, 0.0, 0.0, 1.0]]}, "mean_rme": {"type": "float", "data": 0.002117846379437136}, "max_rme": {"type": "float", "data": 0.008994395632069913}, "simu": {"type": "float", "data": 0.002}}, {"type": "dict", "image_number": {"type": "int", "data": 21}, "Hcamera2end": {"type": "ndarray", "data": [[0.9999852248245813, -0.0015606938821591432, 0.005207145776511938, -0.017787183383384933], [-0.0052206249877388995, -0.008760763215078349, 0.9999479956990899, 0.029862518796444134], [-0.0015149941481904508, -0.9999604058473995, -0.008768781570744455, 0.03538291782541535], [0.0, 0.0, 0.0, 1.0]]}, "Hobj2base": {"type": "ndarray", "data": [[0.9999730590233284, 0.0011430977606903588, 0.007250831334159921, -0.7344900825629479], [0.0011097625032965635, -0.9999888050806658, 0.0045997978790592985, 0.08897099575391577], [0.007256008180343212, -0.004591627255279566, -0.9999631329726288, -0.0012697995331954562], [0.0, 0.0, 0.0, 1.0]]}, "mean_rme": {"type": "float", "data": 0.0020698231261038146}, "max_rme": {"type": "float", "data": 0.008977490437289709}, "simu": {"type": "float", "data": 0.002}}, {"type": "dict", "image_number": {"type": "int", "data": 22}, "Hcamera2end": {"type": "ndarray", "data": [[0.9999830901307093, -0.0013122287166717661, 0.005665466303224263, -0.017865239982088124], [-0.005676189417501377, -0.008317432446236506, 0.9999492993103194, 0.02973056970877333], [-0.001265040052517315, -0.9999645485582462, -0.00832474025829577, 0.03517116474979731], [0.0, 0.0, 0.0, 1.0]]}, "Hobj2base": {"type": "ndarray", "data": [[0.9999748149018316, 0.0015082640607020834, 0.006935034359735857, -0.7344791020547372], [0.0014740321061772882, -0.9999867188650919, 0.004938554725622102, 0.08901997426488863], [0.006942390899213398, -0.004928207884332835, -0.9999637573310605, -0.0009036541135628674], [0.0, 0.0, 0.0, 1.0]]}, "mean_rme": {"type": "float", "data": 0.002070896505751189}, "max_rme": {"type": "float", "data": 0.008772537238487643}, "simu": {"type": "float", "data": 0.002}}, {"type": "dict", "image_number": {"type": "int", "data": 23}, "Hcamera2end": {"type": "ndarray", "data": [[0.9999897117454847, -0.0013371497554403985, 0.004334562690047751, -0.017573551878798006], [-0.0043431470918936016, -0.006485252905873651, 0.9999695388201005, 0.029898535378510564], [-0.001308998288999821, -0.9999780765223195, -0.006490993622012997, 0.03417375331344635], [0.0, 0.0, 0.0, 1.0]]}, "Hobj2base": {"type": "ndarray", "data": [[0.9999836421638625, 0.0011986978468973473, 0.005592720998581424, -0.734154255885797], [0.0011766332898583403, -0.9999915189136284, 0.003946851265990608, 0.08876769728877917], [0.005597404648346149, -0.00394020612233652, -0.9999765716440141, -0.0008753004477745919], [0.0, 0.0, 0.0, 1.0]]}, "mean_rme": {"type": "float", "data": 0.0021089144866262293}, "max_rme": {"type": "float", "data": 0.008820204964289452}, "simu": {"type": "float", "data": 0.002}}, {"type": "dict", "image_number": {"type": "int", "data": 24}, "Hcamera2end": {"type": "ndarray", "data": [[0.9999962149088455, -0.0001519265330938936, 0.0027471960815794805, -0.016887079426084244], [-0.0027480130547927906, -0.005667662884792035, 0.9999801628140804, 0.02690148033752412], [-0.00013635333803019636, -0.9999839271287078, -0.005668058928267605, 0.033758060490331886], [0.0, 0.0, 0.0, 1.0]]}, "Hobj2base": {"type": "ndarray", "data": [[0.9999895486330046, 0.001390503564399773, 0.004355355851954499, -0.7342260209465454], [0.0013757417835559352, -0.9999933058864914, 0.003390503908145071, 0.08997747470001867], [0.004360041204477443, -0.003384476627716639, -0.9999847675633122, 0.001980452074387048], [0.0, 0.0, 0.0, 1.0]]}, "mean_rme": {"type": "float", "data": 0.0021920372160317515}, "max_rme": {"type": "float", "data": 0.009937847122432314}, "simu": {"type": "float", "data": 0.002}}, {"type": "dict", "image_number": {"type": "int", "data": 25}, "Hcamera2end": {"type": "ndarray", "data": [[0.999997083283654, 0.0005215431630941973, 0.0023582656580161698, -0.017053570391706383], [-0.0023558319970779875, -0.0046186676370472135, 0.9999865588920983, 0.026880172454378883], [0.0005324281982505063, -0.9999891978926511, -0.004617425497632555, 0.03325983728743596], [0.0, 0.0, 0.0, 1.0]]}, "Hobj2base": {"type": "ndarray", "data": [[0.9999922665513391, 0.0018019872089836285, 0.00349566583273321, -0.7342191288992871], [0.0017919666884068477, -0.9999942829242217, 0.0028675728863663016, 0.08952506011475886], [0.00350081317740881, -0.0028612865934125437, -0.9999897786208249, 0.002160785857765868], [0.0, 0.0, 0.0, 1.0]]}, "mean_rme": {"type": "float", "data": 0.0022126325697327293}, "max_rme": {"type": "float", "data": 0.009703874769496829}, "simu": {"type": "float", "data": 0.002}}, {"type": "dict", "image_number": {"type": "int", "data": 26}, "Hcamera2end": {"type": "ndarray", "data": [[0.9999981396833573, 0.0006615606456820967, 0.0018118960612634274, -0.016809829834859475], [-0.0018094848339131001, -0.0036273425842581197, 0.9999917840414552, 0.027266477348122528], [0.0006681275780685271, -0.9999932023385403, -0.0036261387522971145, 0.03323705785667812], [0.0, 0.0, 0.0, 1.0]]}, "Hobj2base": {"type": "ndarray", "data": [[0.9999947460130334, 0.001623195377840011, 0.0028059192957211004, -0.7345730772821955], [0.0016150752724993565, -0.9999945088061177, 0.002893767349951778, 0.08961253722271928], [0.002810601037661215, -0.0028892203752646888, -0.999991876430719, 0.001744484437690479], [0.0, 0.0, 0.0, 1.0]]}, "mean_rme": {"type": "float", "data": 0.0022734200527207878}, "max_rme": {"type": "float", "data": 0.009524056685827759}, "simu": {"type": "float", "data": 0.002}}, {"type": "dict", "image_number": {"type": "int", "data": 27}, "Hcamera2end": {"type": "ndarray", "data": [[0.9999987599946368, 0.0008471632025440892, 0.0013275254035159153, -0.016450203784906987], [-0.001324738091968685, -0.0032822935680334453, 0.9999937357893401, 0.02738278720867628], [0.0008515152238286869, -0.9999942544152148, -0.0032811672286072735, 0.033128488277351126], [0.0, 0.0, 0.0, 1.0]]}, "Hobj2base": {"type": "ndarray", "data": [[0.9999959793157986, 0.001286001615556054, 0.0025273606947943204, -0.7345497353315957], [0.0012792626370370563, -0.9999956273703039, 0.0026662196793268635, 0.0897747313437297], [0.0025307784063969344, -0.002662975801192355, -0.9999932518375017, 0.0017324745353653327], [0.0, 0.0, 0.0, 1.0]]}, "mean_rme": {"type": "float", "data": 0.0022672300817228406}, "max_rme": {"type": "float", "data": 0.009342904285417813}, "simu": {"type": "float", "data": 0.002}}, {"type": "dict", "image_number": {"type": "int", "data": 28}, "Hcamera2end": {"type": "ndarray", "data": [[0.9999973133271061, 0.0012676005100403427, 0.001940754367908622, -0.01661079676005724], [-0.0019373835796196452, -0.0026550247826557793, 0.9999945986795472, 0.027146361177136237], [0.0012727464142676269, -0.9999956720068094, -0.0026525618210588853, 0.032846617565711105], [0.0, 0.0, 0.0, 1.0]]}, "Hobj2base": {"type": "ndarray", "data": [[0.999996982043105, 0.0016044928695414622, 0.0018605126480295239, -0.7344726828380737], [0.001598747284301726, -0.9999939616479072, 0.0030855590814335187, 0.0897734903743732], [0.0018654521711437908, -0.0030825752798057677, -0.9999935088878535, 0.002174815794821713], [0.0, 0.0, 0.0, 1.0]]}, "mean_rme": {"type": "float", "data": 0.0023096525080482863}, "max_rme": {"type": "float", "data": 0.009274770865770138}, "simu": {"type": "float", "data": 0.002}}, {"type": "dict", "image_number": {"type": "int", "data": 29}, "Hcamera2end": {"type": "ndarray", "data": [[0.9999980875531604, 0.00012141254317973014, 0.0019519603008322866, -0.01623203558963035], [-0.0019515880753235859, -0.0029938639767952413, 0.9999936140208459, 0.027277986549258802], [0.0001272556714705563, -0.9999955110086658, -0.0029936213039178927, 0.033396187951453986], [0.0, 0.0, 0.0, 1.0]]}, "Hobj2base": {"type": "ndarray", "data": [[0.9999962767688352, 0.0007501516684248512, 0.00262368461166634, -0.7345361208013186], [0.0007412888472228545, -0.9999940219867682, 0.003377348304645384, 0.09033993252301603], [0.002626202450710598, -0.003375390821855663, -0.9999908548569265, 0.001755390040664099], [0.0, 0.0, 0.0, 1.0]]}, "mean_rme": {"type": "float", "data": 0.002336006325225929}, "max_rme": {"type": "float", "data": 0.009414877236593872}, "simu": {"type": "float", "data": 0.002}}, {"type": "dict", "image_number": {"type": "int", "data": 30}, "Hcamera2end": {"type": "ndarray", "data": [[0.9999984170225535, -0.0007607377954269405, 0.0016084869890098772, -0.015996167858918994], [-0.0016108998011309318, -0.003181767801181845, 0.9999936406575244, 0.027042025349914706], [-0.0007556151255245137, -0.9999946488015153, -0.00318298823687857, 0.033599209322919904], [0.0, 0.0, 0.0, 1.0]]}, "Hobj2base": {"type": "ndarray", "data": [[0.9999944304650702, -3.116397905120731e-05, 0.003337374364135792, -0.7343485636938157], [-4.102306230102369e-05, -0.9999956357485629, 0.002954115931321746, 0.09062976586887513], [0.003337267736987929, -0.0029542363875863418, -0.9999900675163818, 0.0016745867155759727], [0.0, 0.0, 0.0, 1.0]]}, "mean_rme": {"type": "float", "data": 0.0023710691706134465}, "max_rme": {"type": "float", "data": 0.009226237226665351}, "simu": {"type": "float", "data": 0.002}}]}