{"type": "list", "data": [{"type": "dict", "image_number": {"type": "int", "data": 5}, "Hcamera2end": {"type": "ndarray", "data": [[0.9998181163648212, -0.0037708999803906414, 0.018695306952246103, -0.01640175179728921], [-0.018646287086410432, 0.012640759123538903, 0.9997462313940831, 0.02779902244726446], [-0.004006265916283531, -0.999912991975861, 0.01256814669270967, 0.03291786021947504], [0.0, 0.0, 0.0, 1.0]]}, "Hobj2base": {"type": "ndarray", "data": [[0.9999396515246689, -0.007974037297279624, -0.007556986033161334, -0.7416115719087033], [-0.007823281606647386, -0.9997738855382956, 0.019773064015534345, 0.10093292071953255], [-0.007712948439273706, -0.019712750311433457, -0.9997759338479459, 0.0015552415600648128], [0.0, 0.0, 0.0, 1.0]]}, "mean_rme": {"type": "float", "data": 0.0010339855832542434}, "max_rme": {"type": "float", "data": 0.003483383318932387}, "simu": {"type": "float", "data": 0.002}}, {"type": "dict", "image_number": {"type": "int", "data": 6}, "Hcamera2end": {"type": "ndarray", "data": [[0.999990721950427, -0.0037691513420912617, 0.0020855481831014867, -0.017224037550968827], [-0.002077852793561232, 0.002044440928964386, 0.9999957513855029, 0.026253520480446147], [-0.0037733991084850874, -0.9999908068374672, 0.002036590218894574, 0.03205790991631844], [0.0, 0.0, 0.0, 1.0]]}, "Hobj2base": {"type": "ndarray", "data": [[0.999992120723002, -0.003932942040151124, 0.0005389423175662663, -0.7350576834999428], [-0.003934285590344793, -0.9999890980846646, 0.0025149768809657044, 0.09019424433047522], [0.0005290451837575916, -0.0025170774177602434, -0.9999966922107622, 0.0022174854314406522], [0.0, 0.0, 0.0, 1.0]]}, "mean_rme": {"type": "float", "data": 0.000985832492733703}, "max_rme": {"type": "float", "data": 0.0036960782499671496}, "simu": {"type": "float", "data": 0.002}}, {"type": "dict", "image_number": {"type": "int", "data": 7}, "Hcamera2end": {"type": "ndarray", "data": [[0.9999908580322822, -0.003647020319277906, 0.0022322846258641285, -0.017060588690757328], [-0.002227380235505857, 0.00134827507063906, 0.9999966104600655, 0.02620668670261619], [-0.003650017691268516, -0.9999924406699905, 0.001340139443774313, 0.0321637086810816], [0.0, 0.0, 0.0, 1.0]]}, "Hobj2base": {"type": "ndarray", "data": [[0.9999952893166387, -0.0027557748913978526, 0.001351683868348181, -0.73497819352169], [-0.002759694652128141, -0.9999919676514943, 0.0029066678377539707, 0.09020217631209983], [0.001343662888907365, -0.0029103843801049994, -0.9999948621032011, 0.0018535822148174777], [0.0, 0.0, 0.0, 1.0]]}, "mean_rme": {"type": "float", "data": 0.0009440259356306747}, "max_rme": {"type": "float", "data": 0.003712765331462864}, "simu": {"type": "float", "data": 0.002}}, {"type": "dict", "image_number": {"type": "int", "data": 8}, "Hcamera2end": {"type": "ndarray", "data": [[0.9999912151337527, -0.0033550678448891974, 0.002512603247040833, -0.017717251332863525], [-0.0025064373502444153, 0.0018407277277543432, 0.9999951647349307, 0.026358206501676463], [-0.0033596766407125154, -0.9999926775937852, 0.001832302289848431, 0.03186194219947729], [0.0, 0.0, 0.0, 1.0]]}, "Hobj2base": {"type": "ndarray", "data": [[0.9999974962298339, -0.002139221406980197, 0.0006567083334699738, -0.7351931182952979], [-0.002141963604664201, -0.9999888701367625, 0.0042037595693974, 0.08970060637659745], [0.0006477082519353826, -0.004205155689498778, -0.999990948528859, 0.0023678182492294225], [0.0, 0.0, 0.0, 1.0]]}, "mean_rme": {"type": "float", "data": 0.0009641697347237833}, "max_rme": {"type": "float", "data": 0.0037970589909450125}, "simu": {"type": "float", "data": 0.002}}, {"type": "dict", "image_number": {"type": "int", "data": 9}, "Hcamera2end": {"type": "ndarray", "data": [[0.9999791832008031, -0.0030051981798789595, 0.0057098116391142185, -0.018495927373296507], [-0.00570486766848162, 0.0016511487245146617, 0.9999823639408723, 0.026409111643488064], [-0.0030145729282313113, -0.9999941212286148, 0.0016339700949494773, 0.03223286749801076], [0.0, 0.0, 0.0, 1.0]]}, "Hobj2base": {"type": "ndarray", "data": [[0.9999975864571485, -0.0020710849660829722, 0.0007332713965114527, -0.7357290688894436], [-0.0020755126743697656, -0.9999793023347068, 0.006089921947975405, 0.09052901934821792], [0.0007206434737144477, -0.006091429163765033, -0.9999811874049067, 0.002516302893156729], [0.0, 0.0, 0.0, 1.0]]}, "mean_rme": {"type": "float", "data": 0.001062314459407856}, "max_rme": {"type": "float", "data": 0.004033942925006306}, "simu": {"type": "float", "data": 0.002}}, {"type": "dict", "image_number": {"type": "int", "data": 10}, "Hcamera2end": {"type": "ndarray", "data": [[0.9999811644093285, -0.0031159394193571526, 0.005287886921857224, -0.0183278756045584], [-0.005281582105680464, 0.002028174311965558, 0.9999839955716397, 0.026563984906296925], [-0.00312661430694743, -0.9999930886913645, 0.0020116790202246992, 0.03214558118922478], [0.0, 0.0, 0.0, 1.0]]}, "Hobj2base": {"type": "ndarray", "data": [[0.9999958927624792, -0.002827057951672142, -0.00047138255164950066, -0.7358364676364412], [-0.002824269300873937, -0.9999791033693368, 0.005815180785915638, 0.09064617870486884], [-0.0004878125544236517, -0.005813825590317333, -0.9999829805906284, 0.002719564140622904], [0.0, 0.0, 0.0, 1.0]]}, "mean_rme": {"type": "float", "data": 0.001067561176133518}, "max_rme": {"type": "float", "data": 0.004182106358428139}, "simu": {"type": "float", "data": 0.002}}, {"type": "dict", "image_number": {"type": "int", "data": 11}, "Hcamera2end": {"type": "ndarray", "data": [[0.9999893815744351, -0.0016700071079666712, 0.004295091924304211, -0.018175530251835995], [-0.0042904829621685575, 0.002753702542015235, 0.9999870043546872, 0.025953962599913245], [-0.0016818128106967716, -0.9999948140858377, 0.0027465081649863388, 0.0319965212538694], [0.0, 0.0, 0.0, 1.0]]}, "Hobj2base": {"type": "ndarray", "data": [[0.9999969867329572, -0.002127619479235033, -0.0012246470337881697, -0.7357370395254125], [-0.0021214147944913996, -0.9999850201262033, 0.005045703366885327, 0.09070305806613317], [-0.0012353640254999848, -0.005043090178498156, -0.999986520467739, 0.0035782313435759176], [0.0, 0.0, 0.0, 1.0]]}, "mean_rme": {"type": "float", "data": 0.0013179736675367098}, "max_rme": {"type": "float", "data": 0.004608469520231362}, "simu": {"type": "float", "data": 0.002}}, {"type": "dict", "image_number": {"type": "int", "data": 12}, "Hcamera2end": {"type": "ndarray", "data": [[0.9999931784756483, -0.001949887432719849, 0.003137027441691067, -0.018403965278847596], [-0.003132357070099939, 0.002393657292608986, 0.9999922293417838, 0.025987377838832145], [-0.001957381249423968, -0.9999952341605258, 0.0023875332205316457, 0.031936405900146646], [0.0, 0.0, 0.0, 1.0]]}, "Hobj2base": {"type": "ndarray", "data": [[0.9999986821514059, -0.0015552195859741946, -0.00046581916114266965, -0.7352750575101262], [-0.001553391677371415, -0.9999911921082778, 0.0038990614461754743, 0.08991895318853795], [-0.00047187895498594537, -0.00389833270819475, -0.9999922901364526, 0.003628312907245551], [0.0, 0.0, 0.0, 1.0]]}, "mean_rme": {"type": "float", "data": 0.001390916163956768}, "max_rme": {"type": "float", "data": 0.0045019150338080904}, "simu": {"type": "float", "data": 0.002}}, {"type": "dict", "image_number": {"type": "int", "data": 13}, "Hcamera2end": {"type": "ndarray", "data": [[0.999995666555443, -0.002100129792123916, 0.002063086326715726, -0.017639546380425232], [-0.002057228752572423, 0.0027874982235382983, 0.9999939988137497, 0.026168102546465552], [-0.0021058680383246103, -0.999993909635709, 0.0027831656966768037, 0.03186724132112593], [0.0, 0.0, 0.0, 1.0]]}, "Hobj2base": {"type": "ndarray", "data": [[0.9999986908337615, -0.001503445853926027, -0.0005983154079730019, -0.7355029323461793], [-0.001501467202611548, -0.999993448023915, 0.003293858752601551, 0.09011741626903944], [-0.0006032636261097741, -0.0032929560894309896, -0.9999943962408946, 0.0037098354785707675], [0.0, 0.0, 0.0, 1.0]]}, "mean_rme": {"type": "float", "data": 0.0014567796310801613}, "max_rme": {"type": "float", "data": 0.004671903699607016}, "simu": {"type": "float", "data": 0.002}}, {"type": "dict", "image_number": {"type": "int", "data": 14}, "Hcamera2end": {"type": "ndarray", "data": [[0.9999903469126942, -0.0017526548583179792, 0.004029178871318651, -0.018141509904881222], [-0.004027042959938439, 0.0012204986594058775, 0.9999911466148196, 0.025675097424343162], [-0.0017575569488003818, -0.9999977192893844, 0.0012134288614173983, 0.03169506221818645], [0.0, 0.0, 0.0, 1.0]]}, "Hobj2base": {"type": "ndarray", "data": [[0.9999994280616324, -0.0009570371808403948, 0.00047744763334538047, -0.7343531036075707], [-0.000958981048371646, -0.99999118469749, 0.004087894648849994, 0.09032179275117953], [0.0004735311573297517, -0.004088350174058169, -0.9999915305446834, 0.00385385701143387], [0.0, 0.0, 0.0, 1.0]]}, "mean_rme": {"type": "float", "data": 0.0015987100024454869}, "max_rme": {"type": "float", "data": 0.005193413493042476}, "simu": {"type": "float", "data": 0.002}}, {"type": "dict", "image_number": {"type": "int", "data": 15}, "Hcamera2end": {"type": "ndarray", "data": [[0.9999812501720386, -0.0017500765433304706, 0.0058682652001372775, -0.018630910807794422], [-0.005863114539970676, 0.0029338554246672865, 0.9999785079591653, 0.025458012497194007], [-0.0017672555723047467, -0.9999941648451954, 0.0029235395161556488, 0.030672984990033524], [0.0, 0.0, 0.0, 1.0]]}, "Hobj2base": {"type": "ndarray", "data": [[0.9999993792074097, -0.0010491027511326618, -0.0003754573381706299, -0.7339588082377534], [-0.0010471018307797665, -0.9999854575958533, 0.005290385105888029, 0.09074260579690646], [-0.00038100203568741664, -0.005289988679589977, -0.9999859353297023, 0.004196303335704429], [0.0, 0.0, 0.0, 1.0]]}, "mean_rme": {"type": "float", "data": 0.0016877323969351297}, "max_rme": {"type": "float", "data": 0.005672891226774945}, "simu": {"type": "float", "data": 0.002}}, {"type": "dict", "image_number": {"type": "int", "data": 16}, "Hcamera2end": {"type": "ndarray", "data": [[0.9999767339996906, -0.0028562122896549362, 0.006194635636458511, -0.018726938454893382], [-0.006188197844687712, 0.002257316303797108, 0.999978305129936, 0.025412297573069398], [-0.0028701335765186965, -0.9999933732652737, 0.0022395889783404233, 0.031259035862685074], [0.0, 0.0, 0.0, 1.0]]}, "Hobj2base": {"type": "ndarray", "data": [[0.999998392721636, -0.0016008913545618596, 0.0008072800106048003, -0.7337170245576264], [-0.001605262908903463, -0.9999838933611551, 0.005443909372716811, 0.09095142462029607], [0.0007985519005874226, -0.005445196519497184, -0.9999848559601918, 0.0041402237507120986], [0.0, 0.0, 0.0, 1.0]]}, "mean_rme": {"type": "float", "data": 0.0017471292458635062}, "max_rme": {"type": "float", "data": 0.005514439942822191}, "simu": {"type": "float", "data": 0.002}}, {"type": "dict", "image_number": {"type": "int", "data": 17}, "Hcamera2end": {"type": "ndarray", "data": [[0.9999821899640656, -0.0028980605523118005, 0.005217374790676962, -0.018063094304018083], [-0.005211955527006674, 0.0018743774873424268, 0.9999846609966672, 0.025485804626662965], [-0.0029077954288020025, -0.9999940439592978, 0.0018592395418988161, 0.031453166225134825], [0.0, 0.0, 0.0, 1.0]]}, "Hobj2base": {"type": "ndarray", "data": [[0.999998328397662, -0.0014627817552899161, 0.0010970284491006125, -0.7337162429792735], [-0.0014681037140127976, -0.9999870821199393, 0.004866237225596031, 0.09085312054573294], [0.0010898960347881688, -0.00486783964272301, -0.9999875580545226, 0.003743757226754051], [0.0, 0.0, 0.0, 1.0]]}, "mean_rme": {"type": "float", "data": 0.0017253769826873235}, "max_rme": {"type": "float", "data": 0.005408574199404159}, "simu": {"type": "float", "data": 0.002}}, {"type": "dict", "image_number": {"type": "int", "data": 18}, "Hcamera2end": {"type": "ndarray", "data": [[0.9999843952778297, -0.0028753861152946056, 0.004789713511406934, -0.017947497443868036], [-0.0047842458980648876, 0.0019053994807975982, 0.9999867401340907, 0.025479369359198284], [-0.0028844743056980838, -0.9999940507860567, 0.0018916131933406355, 0.03150851859901912], [0.0, 0.0, 0.0, 1.0]]}, "Hobj2base": {"type": "ndarray", "data": [[0.9999982410651289, -0.0016759545180935393, 0.0008420469711959691, -0.7337938862865508], [-0.0016797107048979942, -0.9999885537798985, 0.0044800536977873655, 0.09076735051935288], [0.0008345289667048925, -0.004481460212976237, -0.9999896099839054, 0.003656339967488422], [0.0, 0.0, 0.0, 1.0]]}, "mean_rme": {"type": "float", "data": 0.0016789305848818944}, "max_rme": {"type": "float", "data": 0.005479331139763621}, "simu": {"type": "float", "data": 0.002}}, {"type": "dict", "image_number": {"type": "int", "data": 19}, "Hcamera2end": {"type": "ndarray", "data": [[0.9999855963515442, -0.0028768174333623645, 0.004531115856126167, -0.01775587133598494], [-0.004525535813961208, 0.0019432138322992287, 0.9999878716492507, 0.02538625116279908], [-0.002885587469318866, -0.9999939739025716, 0.0019301667026053737, 0.03174400103344903], [0.0, 0.0, 0.0, 1.0]]}, "Hobj2base": {"type": "ndarray", "data": [[0.9999979759954056, -0.0016462163986218595, 0.0011567094108233195, -0.7340576302043123], [-0.001650979674801108, -0.9999901121964669, 0.004129137368843605, 0.09076081722558145], [0.001149900519859168, -0.00413103871517752, -0.9999908060817, 0.0036795186129847377], [0.0, 0.0, 0.0, 1.0]]}, "mean_rme": {"type": "float", "data": 0.001628710313028653}, "max_rme": {"type": "float", "data": 0.00528621678031771}, "simu": {"type": "float", "data": 0.002}}, {"type": "dict", "image_number": {"type": "int", "data": 20}, "Hcamera2end": {"type": "ndarray", "data": [[0.9999889563992925, -0.002319253586643186, 0.004087559449671531, -0.017359438831656956], [-0.0040833617325221165, 0.0018118007311667128, 0.9999900217177529, 0.025217320977756544], [-0.0023266362876758987, -0.9999956692110779, 0.001802310371019189, 0.03185748032920905], [0.0, 0.0, 0.0, 1.0]]}, "Hobj2base": {"type": "ndarray", "data": [[0.9999988181049331, -0.001280226835247278, 0.0008513565570801986, -0.7342791733074074], [-0.0012835154594969575, -0.9999916740912824, 0.0038735431041577906, 0.09073212017628372], [0.0008463904549337885, -0.0038746312553388606, -0.9999921353969905, 0.0037482255195827206], [0.0, 0.0, 0.0, 1.0]]}, "mean_rme": {"type": "float", "data": 0.0016292326167760018}, "max_rme": {"type": "float", "data": 0.005192338966784782}, "simu": {"type": "float", "data": 0.002}}, {"type": "dict", "image_number": {"type": "int", "data": 21}, "Hcamera2end": {"type": "ndarray", "data": [[0.9999907106630124, -0.002140947636534326, 0.0037409799386203817, -0.017501209285029157], [-0.0037350885760990575, 0.002749168954571557, 0.9999892455338646, 0.024910762651051334], [-0.0021512091976924014, -0.999993929188211, 0.0027411467875554374, 0.03223808353964758], [0.0, 0.0, 0.0, 1.0]]}, "Hobj2base": {"type": "ndarray", "data": [[0.9999994973174534, -0.0010014411112018408, 4.9805032185016156e-05, -0.735039051396818], [-0.0010016048418878764, -0.9999937051201797, 0.003403895967289608, 0.09027343891986704], [4.639591730842612e-05, -0.0034039441411719018, -0.9999942054890634, 0.004349759934573342], [0.0, 0.0, 0.0, 1.0]]}, "mean_rme": {"type": "float", "data": 0.0017169322712889009}, "max_rme": {"type": "float", "data": 0.007690687900968718}, "simu": {"type": "float", "data": 0.002}}, {"type": "dict", "image_number": {"type": "int", "data": 22}, "Hcamera2end": {"type": "ndarray", "data": [[0.9999927606554786, -0.0020095531693555334, 0.0032311503670179476, -0.01726025046091901], [-0.0032279100927803364, 0.0016135937051454663, 0.9999934884346936, 0.025134378131118622], [-0.002014753847911433, -0.9999966790001927, 0.001607095366827349, 0.032577486061398736], [0.0, 0.0, 0.0, 1.0]]}, "Hobj2base": {"type": "ndarray", "data": [[0.9999991046344964, -0.0008466033757278947, 0.0010363363014360923, -0.7348357749903258], [-0.0008496180479266707, -0.999995399205438, 0.00291199538615981, 0.09030838308125448], [0.0010338662283416455, -0.002912873268885016, -0.9999952231335614, 0.003924018343798514], [0.0, 0.0, 0.0, 1.0]]}, "mean_rme": {"type": "float", "data": 0.0017190596694149681}, "max_rme": {"type": "float", "data": 0.008186830918042232}, "simu": {"type": "float", "data": 0.002}}, {"type": "dict", "image_number": {"type": "int", "data": 23}, "Hcamera2end": {"type": "ndarray", "data": [[0.9999923988190282, -0.0022364580168219767, 0.0031938315084853466, -0.017372969348770737], [-0.0031897382720168523, 0.001831413002872373, 0.9999932357252067, 0.02520829180732894], [-0.002242292113359011, -0.9999958220822484, 0.001824265366240696, 0.032562686628024425], [0.0, 0.0, 0.0, 1.0]]}, "Hobj2base": {"type": "ndarray", "data": [[0.9999992449034759, -0.0009673641743874788, 0.0007578911743079023, -0.7349735255460565], [-0.0009695119682029781, -0.9999955009481833, 0.002838684543190732, 0.09024274182836614], [0.0007551417227867674, -0.002839417184273988, -0.9999956837262012, 0.003934552782148389], [0.0, 0.0, 0.0, 1.0]]}, "mean_rme": {"type": "float", "data": 0.001668127403912926}, "max_rme": {"type": "float", "data": 0.008078818004661759}, "simu": {"type": "float", "data": 0.002}}, {"type": "dict", "image_number": {"type": "int", "data": 24}, "Hcamera2end": {"type": "ndarray", "data": [[0.9999927820915712, -0.0019021135749288133, 0.0032890315759267056, -0.017297801237214177], [-0.0032860035762409855, 0.0015928533947998647, 0.9999933324770519, 0.024946847462850433], [-0.0019073398376542217, -0.9999969223862696, 0.0015865915457202728, 0.032381463829279054], [0.0, 0.0, 0.0, 1.0]]}, "Hobj2base": {"type": "ndarray", "data": [[0.9999996028807415, -0.0006254601538439971, 0.0006348527035945332, -0.7347077443032842], [-0.000627219826800261, -0.9999959519298753, 0.002775377298983174, 0.09018081810668273], [0.000633114245753873, -0.002775774389030191, -0.9999959471132338, 0.004236933458649762], [0.0, 0.0, 0.0, 1.0]]}, "mean_rme": {"type": "float", "data": 0.0017190340127857145}, "max_rme": {"type": "float", "data": 0.008141051173674196}, "simu": {"type": "float", "data": 0.002}}, {"type": "dict", "image_number": {"type": "int", "data": 25}, "Hcamera2end": {"type": "ndarray", "data": [[0.9999923595036254, -0.0020536433576678554, 0.0033261814940597507, -0.017326349115099074], [-0.003321315107725005, 0.0023685160330457755, 0.9999916794642625, 0.02501408747972192], [-0.002061504384452407, -0.9999950863283082, 0.0023616771396979264, 0.031929506334955456], [0.0, 0.0, 0.0, 1.0]]}, "Hobj2base": {"type": "ndarray", "data": [[0.9999992410842619, -0.0012219268202408305, 0.0001572442251311202, -0.7347267016917034], [-0.0012223643226128159, -0.9999952965245416, 0.002812961829952332, 0.09027873038482198], [0.00015380625203243386, -0.002813151904882065, -0.9999960312521228, 0.004300109081562944], [0.0, 0.0, 0.0, 1.0]]}, "mean_rme": {"type": "float", "data": 0.0016906578273529072}, "max_rme": {"type": "float", "data": 0.008201083269174125}, "simu": {"type": "float", "data": 0.002}}, {"type": "dict", "image_number": {"type": "int", "data": 26}, "Hcamera2end": {"type": "ndarray", "data": [[0.999993136592778, -0.001557201309705611, 0.003361828582584831, -0.017439880663031204], [-0.003358736030630761, 0.0019843438563634797, 0.9999923906069168, 0.024779525414620668], [-0.0015638604842427347, -0.9999968187467103, 0.0019791000088575927, 0.03208246515502214], [0.0, 0.0, 0.0, 1.0]]}, "Hobj2base": {"type": "ndarray", "data": [[0.9999997888214623, -0.0006409331709750659, 0.00010752535125763004, -0.7348233304434396], [-0.0006412394159312806, -0.9999956682520985, 0.0028726797682433794, 0.09026301751339692], [0.0001056836897318592, -0.0028727481110885048, -0.9999958680660879, 0.004597118000854277], [0.0, 0.0, 0.0, 1.0]]}, "mean_rme": {"type": "float", "data": 0.0016916696210230457}, "max_rme": {"type": "float", "data": 0.00826181997023201}, "simu": {"type": "float", "data": 0.002}}, {"type": "dict", "image_number": {"type": "int", "data": 27}, "Hcamera2end": {"type": "ndarray", "data": [[0.9999960877326004, -0.00065039161136776, 0.002720571676170671, -0.017210285624301484], [-0.0027200836815131826, 0.0007500197772948303, 0.9999960192996267, 0.024839794716804187], [-0.0006524295049163062, -0.9999995072304213, 0.0007482477234083129, 0.03258993974111144], [0.0, 0.0, 0.0, 1.0]]}, "Hobj2base": {"type": "ndarray", "data": [[0.9999997317735789, 0.000316034657406226, 0.0006607381218034522, -0.7350338945540704], [0.00031451761931724196, -0.9999973174376682, 0.002294819412134729, 0.08997579120706067], [0.0006614615917989787, -0.002294610982822469, -0.9999971486104346, 0.004306819657931359], [0.0, 0.0, 0.0, 1.0]]}, "mean_rme": {"type": "float", "data": 0.0017472253480707465}, "max_rme": {"type": "float", "data": 0.0084166734607104}, "simu": {"type": "float", "data": 0.002}}, {"type": "dict", "image_number": {"type": "int", "data": 28}, "Hcamera2end": {"type": "ndarray", "data": [[0.9999953481448022, -0.0006699118706342112, 0.0029757195502160888, -0.017242181044932657], [-0.002975055125844484, 0.0009906299703276167, 0.9999950838375458, 0.02482887933765404], [-0.0006728564142083591, -0.9999992849349182, 0.0009886323373158312, 0.032462363020493955], [0.0, 0.0, 0.0, 1.0]]}, "Hobj2base": {"type": "ndarray", "data": [[0.9999998621829651, 0.0002455783230946039, 0.00046403161322630427, -0.7349903684620159], [0.0002444516121890731, -0.999997025949021, 0.0024265894835184985, 0.09008244297001443], [0.00046462615094883237, -0.002426475715817171, -0.9999969481644131, 0.004311597202506672], [0.0, 0.0, 0.0, 1.0]]}, "mean_rme": {"type": "float", "data": 0.0017055792243501544}, "max_rme": {"type": "float", "data": 0.008450203523007682}, "simu": {"type": "float", "data": 0.002}}, {"type": "dict", "image_number": {"type": "int", "data": 29}, "Hcamera2end": {"type": "ndarray", "data": [[0.9999965893234705, -0.0005907273237740581, 0.002544087784510403, -0.017050413166614414], [-0.0025434147832227925, 0.0011372456250956509, 0.9999961188492827, 0.025066208788099884], [-0.0005936182837750757, -0.9999991788564715, 0.0011357392817106238, 0.03237357079308818], [0.0, 0.0, 0.0, 1.0]]}, "Hobj2base": {"type": "ndarray", "data": [[0.999999988971324, 0.00014829548206681906, 8.11182540148378e-06, -0.7349926872307715], [0.00014827669902777246, -0.9999974160121634, 0.002268475923683096, 0.08992169153575706], [8.44820917128517e-06, -0.0022684746958701162, -0.9999974269722804, 0.0042200827541133065], [0.0, 0.0, 0.0, 1.0]]}, "mean_rme": {"type": "float", "data": 0.0016791258222491603}, "max_rme": {"type": "float", "data": 0.008413463087086126}, "simu": {"type": "float", "data": 0.002}}, {"type": "dict", "image_number": {"type": "int", "data": 30}, "Hcamera2end": {"type": "ndarray", "data": [[0.9999942994997869, -0.0012153494729548945, 0.003150221196833304, -0.017340738995059005], [-0.0031485980887807348, 0.0013351170167015258, 0.999994151879213, 0.026368915218185022], [-0.0012195482793706438, -0.9999983701927768, 0.0013312827588389808, 0.03232484409256507], [0.0, 0.0, 0.0, 1.0]]}, "Hobj2base": {"type": "ndarray", "data": [[0.9999996985864916, -0.0007763072843061186, -1.3188106656515437e-05, -0.7348868619259841], [-0.0007762671085524664, -0.9999957410701557, 0.0028134055744117883, 0.08952167017871812], [-1.537211773041772e-05, -0.002813394488919922, -0.9999960422797418, 0.003107217583361956], [0.0, 0.0, 0.0, 1.0]]}, "mean_rme": {"type": "float", "data": 0.0016853420299743247}, "max_rme": {"type": "float", "data": 0.008519241480631656}, "simu": {"type": "float", "data": 0.002}}]}