{"type": "list", "data": [{"type": "dict", "image_number": {"type": "int", "data": 5}, "Hcamera2end": {"type": "ndarray", "data": [[0.9999733290411819, 0.003998552446040223, -0.006111692452378915, -0.015059883090966824], [0.006070323319294989, 0.010277626046649613, 0.9999287582511288, 0.024191852094452983], [0.004061081271708694, -0.9999391891416104, 0.010253079426351897, 0.03684521857071927], [0.0, 0.0, 0.0, 1.0]]}, "Hobj2base": {"type": "ndarray", "data": [[0.9999679138397831, 0.001540814585238298, -0.007861118325403127, -0.7446143098919906], [0.0015189230904965132, -0.9999949543960651, -0.002789991945600793, 0.08922143767417397], [-0.007865377521596053, 0.002777961991330643, -0.999965208776594, 0.006695787721011004], [0.0, 0.0, 0.0, 1.0]]}, "mean_rme": {"type": "float", "data": 0.0016451497475078484}, "max_rme": {"type": "float", "data": 0.005102591989144423}, "simu": {"type": "float", "data": 0.002}}, {"type": "dict", "image_number": {"type": "int", "data": 6}, "Hcamera2end": {"type": "ndarray", "data": [[0.9999853402891039, 0.005239974546880098, -0.0013645049040242221, -0.014776930364948843], [0.001390469539574586, -0.004954665150048054, 0.9999867588561913, 0.02402933476940318], [0.005233144498728531, -0.9999739966419121, -0.004961878541084763, 0.03293439076604008], [0.0, 0.0, 0.0, 1.0]]}, "Hobj2base": {"type": "ndarray", "data": [[0.9999508864211166, 0.0080663805287871, 0.005758320135930333, -0.7320188206812118], [0.008063222958569516, -0.9999673284609871, 0.000571354633054598, 0.09051218382510141], [0.0057627407666364676, -0.0005248959526609306, -0.9999832575113923, 0.003040657004070977], [0.0, 0.0, 0.0, 1.0]]}, "mean_rme": {"type": "float", "data": 0.001798556764396111}, "max_rme": {"type": "float", "data": 0.0049649321264025326}, "simu": {"type": "float", "data": 0.002}}, {"type": "dict", "image_number": {"type": "int", "data": 7}, "Hcamera2end": {"type": "ndarray", "data": [[0.9999777750080558, 0.005723780634133747, -0.0034187461429980737, -0.013548194277823942], [0.0034343783228460746, -0.0027234957281772054, 0.9999903937621373, 0.023970191080523513], [0.005714414709619324, -0.9999799102513365, -0.0027430928266412025, 0.03339444364886982], [0.0, 0.0, 0.0, 1.0]]}, "Hobj2base": {"type": "ndarray", "data": [[0.9999667741580334, 0.00691097804110536, 0.004323073269347132, -0.7337179488538735], [0.006922124178676905, -0.9999727427119458, -0.002568663077133346, 0.09039186163926985], [0.004305203459972682, 0.002598502581143819, -0.999987356423822, 0.003353229190491937], [0.0, 0.0, 0.0, 1.0]]}, "mean_rme": {"type": "float", "data": 0.0016552738658371122}, "max_rme": {"type": "float", "data": 0.00530248434503644}, "simu": {"type": "float", "data": 0.002}}, {"type": "dict", "image_number": {"type": "int", "data": 8}, "Hcamera2end": {"type": "ndarray", "data": [[0.9999874957799054, 0.004538028375573598, -0.0021010907396368074, -0.014056024080118213], [0.0021142429648277443, -0.0028953743948476607, 0.9999935733712491, 0.027042734232681637], [0.004531915767021171, -0.9999855114478291, -0.002904932685016126, 0.03356766499492214], [0.0, 0.0, 0.0, 1.0]]}, "Hobj2base": {"type": "ndarray", "data": [[0.9999721020193589, 0.004990086342262363, 0.0055582570363021016, -0.7333904520323888], [0.004999671036663911, -0.9999860363347504, -0.001711848428178869, 0.0891930933200486], [0.005549637151199996, 0.0017395901277832925, -0.9999830875338231, 0.000637516234932925], [0.0, 0.0, 0.0, 1.0]]}, "mean_rme": {"type": "float", "data": 0.0017261629078920621}, "max_rme": {"type": "float", "data": 0.005181378633659417}, "simu": {"type": "float", "data": 0.002}}, {"type": "dict", "image_number": {"type": "int", "data": 9}, "Hcamera2end": {"type": "ndarray", "data": [[0.999985912450168, 0.005075144437055731, -0.0015549309141811656, -0.014613964687825476], [0.001567266007439488, -0.0024274196141162996, 0.9999958256469268, 0.02739773509897587], [0.0050713487818112735, -0.999984175146267, -0.0024353395190805927, 0.03338544598695178], [0.0, 0.0, 0.0, 1.0]]}, "Hobj2base": {"type": "ndarray", "data": [[0.999979305565199, 0.004897338262622795, 0.004171872395443694, -0.7338719257946097], [0.004901697011270145, -0.9999874507734541, -0.0010352110985421801, 0.08913487314692439], [0.0041667502627491014, 0.0010556389298857426, -0.9999907618666772, 0.0010558712891488575], [0.0, 0.0, 0.0, 1.0]]}, "mean_rme": {"type": "float", "data": 0.0018742679492462387}, "max_rme": {"type": "float", "data": 0.00507716933150415}, "simu": {"type": "float", "data": 0.002}}, {"type": "dict", "image_number": {"type": "int", "data": 10}, "Hcamera2end": {"type": "ndarray", "data": [[0.9999827241702257, 0.005865195910969982, 0.0003883787072814604, -0.01505018680421743], [-0.0003772074958007625, -0.001905647380710196, 0.9999981131095024, 0.027575165072417383], [0.005865924956853806, -0.9999809838116853, -0.0019034020632084925, 0.032837477725423704], [0.0, 0.0, 0.0, 1.0]]}, "Hobj2base": {"type": "ndarray", "data": [[0.9999831142267303, 0.0053100129206301895, 0.0023611489137349475, -0.7339882606247308], [0.005307456997249757, -0.9999853240764216, 0.0010874428703616134, 0.08980756507385687], [0.002366888597386, -0.0010748928117241096, -0.9999966212161973, 0.001225494433173907], [0.0, 0.0, 0.0, 1.0]]}, "mean_rme": {"type": "float", "data": 0.0018807886808066205}, "max_rme": {"type": "float", "data": 0.005033380477192956}, "simu": {"type": "float", "data": 0.002}}, {"type": "dict", "image_number": {"type": "int", "data": 11}, "Hcamera2end": {"type": "ndarray", "data": [[0.9999871438429128, 0.005026711025277889, 0.0006665771988302069, -0.015548109405207615], [-0.0006612778419786938, -0.0010558277633858637, 0.9999992239693737, 0.027019852494609666], [0.005027410915109149, -0.9999868086149949, -0.0010524901368793582, 0.03235309895127493], [0.0, 0.0, 0.0, 1.0]]}, "Hobj2base": {"type": "ndarray", "data": [[0.9999893525524238, 0.004482977518946007, 0.0010943922280399283, -0.7341396958554757], [0.0044807584440341025, -0.9999879175357371, 0.002021778006260185, 0.0902451600327862], [0.0011034425904353073, -0.0020168527722679774, -0.9999973573561809, 0.0021890695324929365], [0.0, 0.0, 0.0, 1.0]]}, "mean_rme": {"type": "float", "data": 0.0019297673848008708}, "max_rme": {"type": "float", "data": 0.004850826060419866}, "simu": {"type": "float", "data": 0.002}}, {"type": "dict", "image_number": {"type": "int", "data": 12}, "Hcamera2end": {"type": "ndarray", "data": [[0.9999769325558089, 0.005984588099891215, 0.00321232961413906, -0.015440104387636062], [-0.0032051908659283977, -0.0012020647408597096, 0.9999941408787713, 0.026894769913590154], [0.00598841446362921, -0.9999813696992726, -0.001182855265184246, 0.03198576112188617], [0.0, 0.0, 0.0, 1.0]]}, "Hobj2base": {"type": "ndarray", "data": [[0.9999884186558018, 0.004743430672851832, 0.0008138917131345014, -0.7333647580639822], [0.004740052618003607, -0.9999803467908215, 0.004103405084457139, 0.09154944554416276], [0.0008333399350911645, -0.004099499671964857, -0.999991249785213, 0.002173714548518719], [0.0, 0.0, 0.0, 1.0]]}, "mean_rme": {"type": "float", "data": 0.0019752785818131758}, "max_rme": {"type": "float", "data": 0.005369006674346866}, "simu": {"type": "float", "data": 0.002}}, {"type": "dict", "image_number": {"type": "int", "data": 13}, "Hcamera2end": {"type": "ndarray", "data": [[0.9999764369832396, 0.005249984309199782, 0.004423024198238287, -0.015997689883033725], [-0.004426413197045614, 0.0006340817031226242, 0.999990002353325, 0.026742922702912002], [0.005247127262995037, -0.9999860177048212, 0.0006573053620754221, 0.0318502291802553], [0.0, 0.0, 0.0, 1.0]]}, "Hobj2base": {"type": "ndarray", "data": [[0.9999927555133822, 0.0037775396704107294, -0.0004680969895021793, -0.7341333229075151], [0.0037796286870657708, -0.9999825271926457, 0.00454529607378251, 0.09173404590158134], [-0.00045091877430118287, -0.004547032378255782, -0.9999895605299141, 0.002796201391479979], [0.0, 0.0, 0.0, 1.0]]}, "mean_rme": {"type": "float", "data": 0.0019524957825400864}, "max_rme": {"type": "float", "data": 0.005572117959229295}, "simu": {"type": "float", "data": 0.002}}, {"type": "dict", "image_number": {"type": "int", "data": 14}, "Hcamera2end": {"type": "ndarray", "data": [[0.9999784022630182, 0.0056361791189270165, 0.003380605336458342, -0.015278519660509545], [-0.003386975514934643, 0.0011210684134417281, 0.9999936357809852, 0.026798832576890686], [0.005632353359187681, -0.9999834882089563, 0.0011401338015745166, 0.03157404119581721], [0.0, 0.0, 0.0, 1.0]]}, "Hobj2base": {"type": "ndarray", "data": [[0.9999912108434353, 0.004025670591879784, -0.0011714146002408563, -0.7340816403207603], [0.004029442048714068, -0.999986648366324, 0.0032352257821540165, 0.09178001114960865], [-0.001158375006652923, -0.003239917494494783, -0.9999940805334662, 0.00289168344936611], [0.0, 0.0, 0.0, 1.0]]}, "mean_rme": {"type": "float", "data": 0.0019087080845305608}, "max_rme": {"type": "float", "data": 0.0053891538741895895}, "simu": {"type": "float", "data": 0.002}}, {"type": "dict", "image_number": {"type": "int", "data": 15}, "Hcamera2end": {"type": "ndarray", "data": [[0.9999774374528607, 0.005384118294453815, 0.004016946029191127, -0.015739830810694848], [-0.004023794425572109, 0.0012617341560652306, 0.9999911085131409, 0.02631959045674024], [0.00537900210362865, -0.9999847095316562, 0.001283370273308715, 0.03148145837976335], [0.0, 0.0, 0.0, 1.0]]}, "Hobj2base": {"type": "ndarray", "data": [[0.9999906932669179, 0.004008665796950151, -0.0015949852905811262, -0.7340704261199215], [0.004015058380544038, -0.9999838387411069, 0.0040251164953716365, 0.09211700526854982], [-0.0015788241667871778, -0.004031482993744583, -0.9999906271856362, 0.003501040719748875], [0.0, 0.0, 0.0, 1.0]]}, "mean_rme": {"type": "float", "data": 0.001862217863271693}, "max_rme": {"type": "float", "data": 0.005482135726727622}, "simu": {"type": "float", "data": 0.002}}, {"type": "dict", "image_number": {"type": "int", "data": 16}, "Hcamera2end": {"type": "ndarray", "data": [[0.9999775581298201, 0.004233696446774606, 0.00519221061964944, -0.01642143125328588], [-0.005215782023720362, 0.005575668458353555, 0.9999708533447981, 0.026692352735505718], [0.004204623003702935, -0.999975493567537, 0.0055976253677467724, 0.02891395190020405], [0.0, 0.0, 0.0, 1.0]]}, "Hobj2base": {"type": "ndarray", "data": [[0.9999866458773498, 0.001377593731514247, -0.004980994125555156, -0.7343333873366165], [0.0014020841581743994, -0.9999869303667999, 0.004916630512664639, 0.09259943654449813], [-0.004974155906414546, -0.004923548628333148, -0.9999755079210304, 0.003752039115502582], [0.0, 0.0, 0.0, 1.0]]}, "mean_rme": {"type": "float", "data": 0.0020278816084078883}, "max_rme": {"type": "float", "data": 0.00931703097595002}, "simu": {"type": "float", "data": 0.002}}, {"type": "dict", "image_number": {"type": "int", "data": 17}, "Hcamera2end": {"type": "ndarray", "data": [[0.9999770196274704, 0.004260724103271318, 0.005273181874101177, -0.01640085091514585], [-0.005297817284396949, 0.00579152820925255, 0.9999691951920432, 0.026541709188104463], [0.004230053070907184, -0.9999741518814961, 0.005813967655575181, 0.028991282955441813], [0.0, 0.0, 0.0, 1.0]]}, "Hobj2base": {"type": "ndarray", "data": [[0.9999871893832953, 0.0011863857524419365, -0.00492072739987514, -0.7345165193441933], [0.0012125884687211586, -0.9999850847219907, 0.005325407285743531, 0.09260707121681454], [-0.004914336018528205, -0.005331305881294807, -0.9999737128940427, 0.00391901262459561], [0.0, 0.0, 0.0, 1.0]]}, "mean_rme": {"type": "float", "data": 0.001967229431161401}, "max_rme": {"type": "float", "data": 0.009272534157268753}, "simu": {"type": "float", "data": 0.002}}, {"type": "dict", "image_number": {"type": "int", "data": 18}, "Hcamera2end": {"type": "ndarray", "data": [[0.9999698677375579, 0.005634529470395793, 0.005340008855632788, -0.01611549957585693], [-0.00535703497282319, 0.003010992920261635, 0.9999811178706994, 0.026737524302279006], [0.005618344349623342, -0.9999795927914135, 0.0030410865636610884, 0.029951629023112016], [0.0, 0.0, 0.0, 1.0]]}, "Hobj2base": {"type": "ndarray", "data": [[0.9999885232699399, 0.0031950841137793323, -0.0035699812199511886, -0.7344966534025029], [0.0032150485022695, -0.9999791480328466, 0.0056006216289405655, 0.09264084558671976], [-0.0035520123216261344, -0.005612035014892296, -0.9999779438924934, 0.003311277755457226], [0.0, 0.0, 0.0, 1.0]]}, "mean_rme": {"type": "float", "data": 0.00205972864151852}, "max_rme": {"type": "float", "data": 0.009395515508790364}, "simu": {"type": "float", "data": 0.002}}, {"type": "dict", "image_number": {"type": "int", "data": 19}, "Hcamera2end": {"type": "ndarray", "data": [[0.9999753972712137, 0.005238483828296492, 0.0046650980117379556, -0.015980210026950013], [-0.004687175245690214, 0.0042100935419089325, 0.9999801525533317, 0.02697545974172013], [0.005218739358756497, -0.999977416444766, 0.004234543653844347, 0.02964846913556727], [0.0, 0.0, 0.0, 1.0]]}, "Hobj2base": {"type": "ndarray", "data": [[0.9999849875653715, 0.002647685307899913, -0.0047973332586220925, -0.7348821875585723], [0.002671553033784927, -0.9999840527374175, 0.004975648222828218, 0.09260528252633352], [-0.004784082803592062, -0.004988389856455686, -0.999976113973913, 0.0034147554367408954], [0.0, 0.0, 0.0, 1.0]]}, "mean_rme": {"type": "float", "data": 0.002049056124551586}, "max_rme": {"type": "float", "data": 0.009138553564758845}, "simu": {"type": "float", "data": 0.002}}, {"type": "dict", "image_number": {"type": "int", "data": 20}, "Hcamera2end": {"type": "ndarray", "data": [[0.9999792990860161, 0.004758179348792439, 0.004331411862744891, -0.015830688046922413], [-0.004350564645808972, 0.004022284858128389, 0.9999824467518331, 0.0269134023181008], [0.00474067365493967, -0.999980590288534, 0.004042902360008815, 0.029816610166557424], [0.0, 0.0, 0.0, 1.0]]}, "Hobj2base": {"type": "ndarray", "data": [[0.9999864879700276, 0.0025338367957962638, -0.004539113180138083, -0.7347694003168739], [0.002555853149439989, -0.999984966875308, 0.004851148118583807, 0.09259012931753416], [-0.004526752925478927, -0.004862683876442149, -0.9999779311632184, 0.003337406027406875], [0.0, 0.0, 0.0, 1.0]]}, "mean_rme": {"type": "float", "data": 0.002024549524163329}, "max_rme": {"type": "float", "data": 0.009307238790125127}, "simu": {"type": "float", "data": 0.002}}, {"type": "dict", "image_number": {"type": "int", "data": 21}, "Hcamera2end": {"type": "ndarray", "data": [[0.9999815676800958, 0.004180707977493538, 0.004402951381162818, -0.015461074717936294], [-0.004418736206531807, 0.0037739343516338675, 0.9999831159523876, 0.026862492769228176], [0.00416402094075505, -0.9999841394243792, 0.003792338234977599, 0.029971026805836354], [0.0, 0.0, 0.0, 1.0]]}, "Hobj2base": {"type": "ndarray", "data": [[0.9999897523338687, 0.0020601469262645665, -0.004031255622037643, -0.7345670583687849], [0.0020793847130716227, -0.9999864434063286, 0.004773799616262721, 0.09303754195766172], [-0.004021366243337144, -0.004782133227273025, -0.9999804797171459, 0.003073629010375397], [0.0, 0.0, 0.0, 1.0]]}, "mean_rme": {"type": "float", "data": 0.002020536583815947}, "max_rme": {"type": "float", "data": 0.009451950357238531}, "simu": {"type": "float", "data": 0.002}}, {"type": "dict", "image_number": {"type": "int", "data": 22}, "Hcamera2end": {"type": "ndarray", "data": [[0.9999799890237742, 0.004522015539256565, 0.0044241301376934175, -0.015532753233449544], [-0.004443988349914343, 0.0043908780687016424, 0.9999804853882558, 0.026904164803536645], [0.004502501477884335, -0.9999801355853267, 0.004410885987319535, 0.029736457685796875], [0.0, 0.0, 0.0, 1.0]]}, "Hobj2base": {"type": "ndarray", "data": [[0.9999868968777804, 0.0020155347116351005, -0.004705708509207101, -0.7346910838414339], [0.002038149674899211, -0.999986373974517, 0.004806018227204646, 0.09299460851632674], [-0.0046959576925413565, -0.004815546191628637, -0.9999773789922581, 0.0030741494777276434], [0.0, 0.0, 0.0, 1.0]]}, "mean_rme": {"type": "float", "data": 0.0019876728645869817}, "max_rme": {"type": "float", "data": 0.00937001124709777}, "simu": {"type": "float", "data": 0.002}}, {"type": "dict", "image_number": {"type": "int", "data": 23}, "Hcamera2end": {"type": "ndarray", "data": [[0.9999800712787484, 0.004545831894904186, 0.004380919735903173, -0.015556337357236251], [-0.0044008986178110665, 0.00439433346386886, 0.9999806607753792, 0.026827062690951427], [0.004526492759842079, -0.9999800124231442, 0.004414251635725286, 0.029672496719558114], [0.0, 0.0, 0.0, 1.0]]}, "Hobj2base": {"type": "ndarray", "data": [[0.9999859653046694, 0.0019697027776241385, -0.004918278627343052, -0.734663090269245], [0.0019923069691269277, -0.9999874569143647, 0.0045952939929914385, 0.09291339420948644], [-0.004909165573611058, -0.004605028220225657, -0.9999773466476436, 0.00310105097513307], [0.0, 0.0, 0.0, 1.0]]}, "mean_rme": {"type": "float", "data": 0.0019631876620866753}, "max_rme": {"type": "float", "data": 0.009326827060971127}, "simu": {"type": "float", "data": 0.002}}, {"type": "dict", "image_number": {"type": "int", "data": 24}, "Hcamera2end": {"type": "ndarray", "data": [[0.9999793497658418, 0.004396677223550406, 0.0046871389222209086, -0.015633921391368263], [-0.004702606934161454, 0.003514398312022271, 0.999982767097777, 0.026858188130269956], [0.004380128982925241, -0.9999841589914793, 0.0035350015836729254, 0.030245328132868638], [0.0, 0.0, 0.0, 1.0]]}, "Hobj2base": {"type": "ndarray", "data": [[0.9999896989952912, 0.002147040507293681, -0.003999014924556332, -0.7347652950727879], [0.002167890419849786, -0.9999840427830258, 0.005216745196374865, 0.09300613684689579], [-0.003987750548154649, -0.005225360884801814, -0.9999783964912392, 0.003132661078236706], [0.0, 0.0, 0.0, 1.0]]}, "mean_rme": {"type": "float", "data": 0.0019649958584531117}, "max_rme": {"type": "float", "data": 0.009429478827898963}, "simu": {"type": "float", "data": 0.002}}, {"type": "dict", "image_number": {"type": "int", "data": 25}, "Hcamera2end": {"type": "ndarray", "data": [[0.9999872006935271, 0.003726847393478788, 0.003421850030231802, -0.015497259177223345], [-0.0034309829815336694, 0.002446953409657282, 0.9999911203479716, 0.026656923608955458], [0.0037184411927719593, -0.999990061464371, 0.0024597088403324197, 0.031049204063531094], [0.0, 0.0, 0.0, 1.0]]}, "Hobj2base": {"type": "ndarray", "data": [[0.99999444037566, 0.0019911396631576905, -0.002674804780254663, -0.734698113805064], [0.002002453584535908, -0.9999890324383769, 0.0042338141905091786, 0.0924609027096774], [-0.002666345328807244, -0.0042391468245129085, -0.9999874600397682, 0.003031298232901578], [0.0, 0.0, 0.0, 1.0]]}, "mean_rme": {"type": "float", "data": 0.002041274616742836}, "max_rme": {"type": "float", "data": 0.009776700586208303}, "simu": {"type": "float", "data": 0.002}}, {"type": "dict", "image_number": {"type": "int", "data": 26}, "Hcamera2end": {"type": "ndarray", "data": [[0.9999878001519518, 0.0035444944209439416, 0.0034403643062995105, -0.01540898618234007], [-0.0034497434042456126, 0.002643396183342528, 0.9999905558189353, 0.026593127187954722], [0.003535366700220266, -0.9999902244601784, 0.00265559153056083, 0.03097084555150486], [0.0, 0.0, 0.0, 1.0]]}, "Hobj2base": {"type": "ndarray", "data": [[0.9999942314190089, 0.002068966866275203, -0.002693790045996964, -0.734673878944127], [0.00208018186672176, -0.9999891537715904, 0.004167155214218432, 0.09253788645904229], [-0.0026851391224699942, -0.004172734748852514, -0.9999876890805246, 0.0029532849282412556], [0.0, 0.0, 0.0, 1.0]]}, "mean_rme": {"type": "float", "data": 0.002024928064299154}, "max_rme": {"type": "float", "data": 0.009826988945546844}, "simu": {"type": "float", "data": 0.002}}, {"type": "dict", "image_number": {"type": "int", "data": 27}, "Hcamera2end": {"type": "ndarray", "data": [[0.999986950574917, 0.004009717091979861, 0.0031655724159614725, -0.015254572322009455], [-0.003175403287483058, 0.0024477730347722826, 0.999991962578266, 0.026445368195001397], [0.004001936261393149, -0.9999889652271231, 0.002460473561577192, 0.031238552310136686], [0.0, 0.0, 0.0, 1.0]]}, "Hobj2base": {"type": "ndarray", "data": [[0.9999934652614766, 0.002545145183000112, -0.002567424846304908, -0.7348449717806669], [0.0025550532420257474, -0.9999892733544937, 0.0038632730789377565, 0.09238830850205319], [-0.002557564715581245, -0.00386980774063555, -0.9999892416675173, 0.003081176422754204], [0.0, 0.0, 0.0, 1.0]]}, "mean_rme": {"type": "float", "data": 0.0020014492557616287}, "max_rme": {"type": "float", "data": 0.009930831475619933}, "simu": {"type": "float", "data": 0.002}}, {"type": "dict", "image_number": {"type": "int", "data": 28}, "Hcamera2end": {"type": "ndarray", "data": [[0.9999880964334591, 0.004112124180917383, 0.0026262951295763534, -0.014826810459966193], [-0.002636212039681305, 0.002408066957158672, 0.9999936257794905, 0.027302729369380392], [0.004105773674809812, -0.999988645759666, 0.002418878723847717, 0.031247805549205605], [0.0, 0.0, 0.0, 1.0]]}, "Hobj2base": {"type": "ndarray", "data": [[0.9999932338958031, 0.0027288021123430036, -0.0024669417596161064, -0.7348968212419953], [0.002737427290720005, -0.9999901291960058, 0.0034997146146063447, 0.09202094797735742], [-0.0024573673802845966, -0.003506444008869993, -0.999990833055969, 0.0021595336506695212], [0.0, 0.0, 0.0, 1.0]]}, "mean_rme": {"type": "float", "data": 0.001998246125624381}, "max_rme": {"type": "float", "data": 0.009911774618911545}, "simu": {"type": "float", "data": 0.002}}, {"type": "dict", "image_number": {"type": "int", "data": 29}, "Hcamera2end": {"type": "ndarray", "data": [[0.9999895984739594, 0.0036437738964781663, 0.002743329305948148, -0.014840540406612226], [-0.0027558299478407005, 0.003430106609919048, 0.999990319838119, 0.02694197475712004], [0.003634328712171472, -0.999987478561825, 0.0034401125528028542, 0.031129689172399073], [0.0, 0.0, 0.0, 1.0]]}, "Hobj2base": {"type": "ndarray", "data": [[0.9999936629841002, 0.0018333048078810503, -0.0030517183885853732, -0.7351482490769572], [0.0018433806550199427, -0.9999928488033312, 0.003302164435388306, 0.0920454076034431], [-0.0030456426912111876, -0.0033077689881618622, -0.9999898913113663, 0.0025920007807890967], [0.0, 0.0, 0.0, 1.0]]}, "mean_rme": {"type": "float", "data": 0.0020452639730155742}, "max_rme": {"type": "float", "data": 0.009826694904176064}, "simu": {"type": "float", "data": 0.002}}, {"type": "dict", "image_number": {"type": "int", "data": 30}, "Hcamera2end": {"type": "ndarray", "data": [[0.9999908898119355, 0.0030501256768442164, 0.0029861390605425407, -0.015006059454916206], [-0.0029962890958534585, 0.003328612288310051, 0.9999899712456561, 0.0269697257301483], [0.003040155388711561, -0.9999898084848613, 0.0033377210223325404, 0.031121305832255034], [0.0, 0.0, 0.0, 1.0]]}, "Hobj2base": {"type": "ndarray", "data": [[0.9999950802749409, 0.001242452374092319, -0.002880232284487397, -0.7351363186144247], [0.0012529242563967839, -0.9999926018031389, 0.0036368282604406902, 0.09212616705051387], [-0.0028756923900556015, -0.003640419081138853, -0.9999892388131939, 0.0025040451613686696], [0.0, 0.0, 0.0, 1.0]]}, "mean_rme": {"type": "float", "data": 0.002037009374947107}, "max_rme": {"type": "float", "data": 0.009664089078991578}, "simu": {"type": "float", "data": 0.002}}]}