{"type": "list", "data": [{"type": "dict", "image_number": {"type": "int", "data": 5}, "Hcamera2end": {"type": "ndarray", "data": [[0.9989462686371491, -0.011348461063285485, 0.0444698190620557, -0.010713273577131857], [-0.04463277737531567, -0.014534607665436017, 0.9988977226742372, 0.02693184741998925], [-0.010689600538953212, -0.9998299643496923, -0.015025805429682126, 0.03748648849402444], [0.0, 0.0, 0.0, 1.0]]}, "Hobj2base": {"type": "ndarray", "data": [[0.9997327757516832, -0.00753238052942608, 0.02185498413165054, -0.7284621465163946], [-0.008434424512336114, -0.9991037403722229, 0.04147983193529122, 0.11827538463039364], [0.02152295451327437, -0.041653081732258714, -0.9989002869211849, -0.005035009928830036], [0.0, 0.0, 0.0, 1.0]]}, "mean_rme": {"type": "float", "data": 0.0015091614313145084}, "max_rme": {"type": "float", "data": 0.005537452582476288}, "simu": {"type": "float", "data": 0.002}}, {"type": "dict", "image_number": {"type": "int", "data": 6}, "Hcamera2end": {"type": "ndarray", "data": [[0.9999044385570086, -0.011293555169959751, -0.007973039923165778, -0.013732949855133016], [0.00785853918704369, -0.010146940703475327, 0.9999176380863605, 0.0241248428263483], [-0.011373526974470964, -0.9998847409606685, -0.010057220201315609, 0.039454265520116785], [0.0, 0.0, 0.0, 1.0]]}, "Hobj2base": {"type": "ndarray", "data": [[0.9998412605954097, -0.007409882018420054, 0.01620331013883088, -0.7331390325195225], [-0.007293305800272335, -0.9999471799767923, -0.007241888356290717, 0.09119214889844214], [0.016256115817923984, 0.007122563087425783, -0.9998424914923252, 0.00044205918256323695], [0.0, 0.0, 0.0, 1.0]]}, "mean_rme": {"type": "float", "data": 0.0016609427411437869}, "max_rme": {"type": "float", "data": 0.006506708123514893}, "simu": {"type": "float", "data": 0.002}}, {"type": "dict", "image_number": {"type": "int", "data": 7}, "Hcamera2end": {"type": "ndarray", "data": [[0.9999245281214868, -0.009132636230036642, -0.008217847437843647, -0.013219881827069903], [0.00808676375709811, -0.014298734197790486, 0.9998650661225633, 0.024518099905037755], [-0.009248908744210624, -0.9998560602185852, -0.014223801573788553, 0.03903147203824549], [0.0, 0.0, 0.0, 1.0]]}, "Hobj2base": {"type": "ndarray", "data": [[0.9998367957162517, -0.004521573010267992, 0.01749106370038838, -0.7312740597357629], [-0.004378042424689818, -0.9999565033324831, -0.008235544159343343, 0.09142753439831545], [0.017527540511601852, 0.008157623464324288, -0.9998131017860425, -0.0007472426518249721], [0.0, 0.0, 0.0, 1.0]]}, "mean_rme": {"type": "float", "data": 0.0016104672469915398}, "max_rme": {"type": "float", "data": 0.006727723349287146}, "simu": {"type": "float", "data": 0.002}}, {"type": "dict", "image_number": {"type": "int", "data": 8}, "Hcamera2end": {"type": "ndarray", "data": [[0.9999279829333098, -0.009054573352021155, -0.007876779058445612, -0.013160241159080465], [0.007748288369711884, -0.014139244913806914, 0.9998700144421809, 0.026247108414874817], [-0.009164768096492486, -0.9998590382922387, -0.014068069201466749, 0.03898047831238788], [0.0, 0.0, 0.0, 1.0]]}, "Hobj2base": {"type": "ndarray", "data": [[0.9998423309072095, -0.004651215643549486, 0.017137080237758867, -0.7311665921934625], [-0.004519162758925118, -0.9999598620981129, -0.007736366116059063, 0.09046330998878196], [0.017172375898416893, 0.007657701075424857, -0.9998232189343492, -0.0020412394624310937], [0.0, 0.0, 0.0, 1.0]]}, "mean_rme": {"type": "float", "data": 0.0016654440927123353}, "max_rme": {"type": "float", "data": 0.007708788410324324}, "simu": {"type": "float", "data": 0.002}}, {"type": "dict", "image_number": {"type": "int", "data": 9}, "Hcamera2end": {"type": "ndarray", "data": [[0.9999166483349975, -0.010613965522771007, -0.00735119843198816, -0.01230429582776491], [0.007191965913151726, -0.014963195098507853, 0.9998621797121582, 0.026080994767719894], [-0.010722500119333199, -0.9998317091032497, -0.014885612613039445, 0.0394014013566937], [0.0, 0.0, 0.0, 1.0]]}, "Hobj2base": {"type": "ndarray", "data": [[0.9997987872508528, -0.004383651735142749, 0.019574693080326822, -0.7304094474414835], [-0.004266444128326758, -0.9999727452519482, -0.0060254632836662545, 0.09143569243307503], [0.0196005731095772, 0.005940736549277704, -0.9997902405920098, -0.0023379102623839404], [0.0, 0.0, 0.0, 1.0]]}, "mean_rme": {"type": "float", "data": 0.0018042377148891266}, "max_rme": {"type": "float", "data": 0.007961772457517252}, "simu": {"type": "float", "data": 0.002}}, {"type": "dict", "image_number": {"type": "int", "data": 10}, "Hcamera2end": {"type": "ndarray", "data": [[0.9999236382607679, -0.010312616882244432, -0.00680937444916578, -0.012393334838025082], [0.0066594527275155736, -0.01450292194387881, 0.9998726503632649, 0.026235576931866688], [-0.010410059400353585, -0.9998416450559207, -0.014433138090910846, 0.03904889950360848], [0.0, 0.0, 0.0, 1.0]]}, "Hobj2base": {"type": "ndarray", "data": [[0.9998196644063982, -0.00333713134625938, 0.01869497848768712, -0.7305126310578919], [-0.00321912254279985, -0.9999747276860222, -0.006338867353126077, 0.0915049845830631], [0.018715659655264866, 0.0062775428030323165, -0.9998051392846632, -0.0023165408555821778], [0.0, 0.0, 0.0, 1.0]]}, "mean_rme": {"type": "float", "data": 0.0016973282058566409}, "max_rme": {"type": "float", "data": 0.007824286599722952}, "simu": {"type": "float", "data": 0.002}}, {"type": "dict", "image_number": {"type": "int", "data": 11}, "Hcamera2end": {"type": "ndarray", "data": [[0.9999482933583727, -0.007609317054377192, -0.00674602873132438, -0.012156173351318494], [0.006639048890724837, -0.013997774215980918, 0.9998799854716691, 0.029102091623871538], [-0.007702833212815588, -0.9998730722501554, -0.01394653181013683, 0.038314983265265244], [0.0, 0.0, 0.0, 1.0]]}, "Hobj2base": {"type": "ndarray", "data": [[0.9998615633717233, -0.0015758055370256212, 0.01656414588087339, -0.7310141551905932], [-0.0014681426353954543, -0.9999777325829604, -0.0065099074834813146, 0.08995735241367322], [0.01657403538838715, 0.006484687745052288, -0.9998416125446039, -0.004682306506811159], [0.0, 0.0, 0.0, 1.0]]}, "mean_rme": {"type": "float", "data": 0.0018430480453493943}, "max_rme": {"type": "float", "data": 0.008901339563655436}, "simu": {"type": "float", "data": 0.002}}, {"type": "dict", "image_number": {"type": "int", "data": 12}, "Hcamera2end": {"type": "ndarray", "data": [[0.9999317050033145, -0.008634322646052834, -0.007876153985817159, -0.010260110567309728], [0.007772255448750217, -0.012001426999900477, 0.9998977736724916, 0.029197597102648958], [-0.008727965078058968, -0.9998907011380843, -0.011933499201251418, 0.038257809991250676], [0.0, 0.0, 0.0, 1.0]]}, "Hobj2base": {"type": "ndarray", "data": [[0.9998933723347617, -0.0036957789668209742, 0.014127461868504618, -0.7321666680414981], [-0.0035874706630022526, -0.999964041085075, -0.0076841779683153736, 0.09133383468968202], [0.014155352883617791, 0.007632676767363394, -0.9998706757526721, -0.004676577737614485], [0.0, 0.0, 0.0, 1.0]]}, "mean_rme": {"type": "float", "data": 0.002034818749839864}, "max_rme": {"type": "float", "data": 0.008637388807216234}, "simu": {"type": "float", "data": 0.002}}, {"type": "dict", "image_number": {"type": "int", "data": 13}, "Hcamera2end": {"type": "ndarray", "data": [[0.9999538146003346, -0.006876877413825335, -0.006713957348301482, -0.010531233023692058], [0.006649995840967274, -0.00928196736908693, 0.9999348091936167, 0.02926789046825164], [-0.006938747837665702, -0.9999332745932574, -0.009235807471513535, 0.037266910164875135], [0.0, 0.0, 0.0, 1.0]]}, "Hobj2base": {"type": "ndarray", "data": [[0.9999258400936201, -0.0024712897835547708, 0.011925059323699421, -0.732390571565761], [-0.0024028997623859404, -0.9999806051209101, -0.005745907652427914, 0.09147225472228569], [0.011939027841494395, 0.005716826814238987, -0.9999123849144864, -0.004474292201047951], [0.0, 0.0, 0.0, 1.0]]}, "mean_rme": {"type": "float", "data": 0.002042837084573504}, "max_rme": {"type": "float", "data": 0.009056059412491047}, "simu": {"type": "float", "data": 0.002}}, {"type": "dict", "image_number": {"type": "int", "data": 14}, "Hcamera2end": {"type": "ndarray", "data": [[0.9999496640931226, -0.0069244260166919855, -0.0072609644256608945, -0.011078844363448753], [0.007221918490245758, -0.005647300664626487, 0.9999579750612139, 0.029266529997296224], [-0.006965139867339372, -0.9999600793629425, -0.005597008762341815, 0.03502768347464931], [0.0, 0.0, 0.0, 1.0]]}, "Hobj2base": {"type": "ndarray", "data": [[0.9999531189913432, -0.0036073883594303444, 0.008985909453632385, -0.7322806874422503], [-0.00355887588593376, -0.9999790389920518, -0.005408879640121459, 0.0908527423596551], [0.009005233029364238, 0.005376646329920512, -0.9999449972135117, -0.00349419820707592], [0.0, 0.0, 0.0, 1.0]]}, "mean_rme": {"type": "float", "data": 0.002115781526868411}, "max_rme": {"type": "float", "data": 0.008980927933996713}, "simu": {"type": "float", "data": 0.002}}, {"type": "dict", "image_number": {"type": "int", "data": 15}, "Hcamera2end": {"type": "ndarray", "data": [[0.9999592606961097, -0.006043546580730546, -0.006704662021017902, -0.01139650861852382], [0.006658108962889039, -0.00769042143104226, 0.9999482621632236, 0.0295818302515575], [-0.006094795577198335, -0.9999521653373922, -0.007649869536969778, 0.035906877733941675], [0.0, 0.0, 0.0, 1.0]]}, "Hobj2base": {"type": "ndarray", "data": [[0.9999482817161991, -0.002254366473870068, 0.009917243801699723, -0.7323946597782839], [-0.0022068959005059757, -0.999986068637774, -0.004795012080725951, 0.09081127076032178], [0.009927915355460625, 0.004772877766240041, -0.9999393262266087, -0.0037350162754364274], [0.0, 0.0, 0.0, 1.0]]}, "mean_rme": {"type": "float", "data": 0.0021341204276442167}, "max_rme": {"type": "float", "data": 0.008940700143290625}, "simu": {"type": "float", "data": 0.002}}, {"type": "dict", "image_number": {"type": "int", "data": 16}, "Hcamera2end": {"type": "ndarray", "data": [[0.9999493835475587, -0.005827817607900981, -0.008201639152407595, -0.010746927943388673], [0.008160192662262767, -0.007100377223340448, 0.9999414962381554, 0.03072433491751907], [-0.005885711390479386, -0.999957809702597, -0.007052461712953262, 0.03560875266311649], [0.0, 0.0, 0.0, 1.0]]}, "Hobj2base": {"type": "ndarray", "data": [[0.999951133394981, -0.002515718239588383, 0.009560438474877296, -0.7324505309606842], [-0.0024530294692822283, -0.9999754533488914, -0.006563181096275008, 0.09001358146116294], [0.009576714912523225, 0.006539408338578575, -0.9999327590743621, -0.004546229635296294], [0.0, 0.0, 0.0, 1.0]]}, "mean_rme": {"type": "float", "data": 0.0021893091829604666}, "max_rme": {"type": "float", "data": 0.00970904172360637}, "simu": {"type": "float", "data": 0.002}}, {"type": "dict", "image_number": {"type": "int", "data": 17}, "Hcamera2end": {"type": "ndarray", "data": [[0.9999608088115324, -0.00537923714673696, -0.0070316888942250425, -0.011472014751087284], [0.006990342391425637, -0.00766688375087643, 0.9999461755548651, 0.03079528676740464], [-0.005432858753606639, -0.999956140388802, -0.007628980567129906, 0.03585912805249189], [0.0, 0.0, 0.0, 1.0]]}, "Hobj2base": {"type": "ndarray", "data": [[0.9999513963450722, -0.0019971592435644816, 0.009654859009641518, -0.7324922411119017], [-0.0019429465721061405, -0.9999823134425594, -0.005621188547362384, 0.08988374357170803], [0.009665914657090248, 0.005602156461836993, -0.9999375910209691, -0.00429163683896274], [0.0, 0.0, 0.0, 1.0]]}, "mean_rme": {"type": "float", "data": 0.002150450176836699}, "max_rme": {"type": "float", "data": 0.00959947054447341}, "simu": {"type": "float", "data": 0.002}}, {"type": "dict", "image_number": {"type": "int", "data": 18}, "Hcamera2end": {"type": "ndarray", "data": [[0.999961816828529, -0.0045435302687361675, -0.007464664606296456, -0.011389833074831882], [0.007429763812151253, -0.0076504373559518335, 0.9999431330920566, 0.030644033655357943], [-0.0046003798411722975, -0.9999604127869063, -0.007616387881220321, 0.036098955140743336], [0.0, 0.0, 0.0, 1.0]]}, "Hobj2base": {"type": "ndarray", "data": [[0.9999545899555057, -0.0011015126634862885, 0.009465975743079941, -0.7326667102506238], [-0.0010444301000130222, -0.9999812551541352, -0.006033117446686258, 0.08956611102520748], [0.009472443860091507, 0.006022956932562498, -0.9999369964138265, -0.00398705320240957], [0.0, 0.0, 0.0, 1.0]]}, "mean_rme": {"type": "float", "data": 0.00213723454528549}, "max_rme": {"type": "float", "data": 0.009778549346868476}, "simu": {"type": "float", "data": 0.002}}, {"type": "dict", "image_number": {"type": "int", "data": 19}, "Hcamera2end": {"type": "ndarray", "data": [[0.9999699012080877, -0.004724830959153859, -0.006154075909081817, -0.011797473974204227], [0.006111823020235204, -0.00890568419806459, 0.99994166550271, 0.03056773991600918], [-0.004779361595092277, -0.999949181089405, -0.00887653881710615, 0.036828901595979166], [0.0, 0.0, 0.0, 1.0]]}, "Hobj2base": {"type": "ndarray", "data": [[0.9999472540708899, -0.0007934345307347028, 0.010240094615411635, -0.7328367755954958], [-0.000740345353370807, -0.999986272370379, -0.005187191875367254, 0.0897840022111825], [0.010244069740336934, 0.005179337065645718, -0.9999341145809135, -0.0039007990051870335], [0.0, 0.0, 0.0, 1.0]]}, "mean_rme": {"type": "float", "data": 0.0021294607232575737}, "max_rme": {"type": "float", "data": 0.009417521019682407}, "simu": {"type": "float", "data": 0.002}}, {"type": "dict", "image_number": {"type": "int", "data": 20}, "Hcamera2end": {"type": "ndarray", "data": [[0.9999759853750682, -0.004560824845319294, -0.005218002481007627, -0.012222936518380577], [0.0051729944045334686, -0.009825113813096253, 0.9999383517334707, 0.030404824382956115], [-0.004611811146626555, -0.999941331286636, -0.009801284745268202, 0.0371195158102102], [0.0, 0.0, 0.0, 1.0]]}, "Hobj2base": {"type": "ndarray", "data": [[0.9999395778687632, -0.00027529982770106205, 0.010989304875397005, -0.7326650634917886], [-0.00023097278973888217, -0.9999918338179581, -0.004034717953921784, 0.08972381849722363], [0.010990325891890416, 0.004031935937259708, -0.9999314757669087, -0.0038813579061474147], [0.0, 0.0, 0.0, 1.0]]}, "mean_rme": {"type": "float", "data": 0.0020938124935943746}, "max_rme": {"type": "float", "data": 0.00924437549480181}, "simu": {"type": "float", "data": 0.002}}, {"type": "dict", "image_number": {"type": "int", "data": 21}, "Hcamera2end": {"type": "ndarray", "data": [[0.9999740627616298, -0.004670233169069962, -0.005482948672612382, -0.012125160571225996], [0.005440710867676156, -0.009009238972030875, 0.9999446146054286, 0.030492363233156197], [-0.004719371701226098, -0.9999485099420325, -0.008983595908894637, 0.03666132550810311], [0.0, 0.0, 0.0, 1.0]]}, "Hobj2base": {"type": "ndarray", "data": [[0.999944035116594, -0.0006002002101629615, 0.010562499441486234, -0.7326853073385063], [-0.0005572535442170454, -0.9999915686364174, -0.004068430233526688, 0.08976359989212396], [0.010564852257894298, 0.004062316554053465, -0.9999359386885662, -0.0037437556528979203], [0.0, 0.0, 0.0, 1.0]]}, "mean_rme": {"type": "float", "data": 0.0020816199302097563}, "max_rme": {"type": "float", "data": 0.00926384916446521}, "simu": {"type": "float", "data": 0.002}}, {"type": "dict", "image_number": {"type": "int", "data": 22}, "Hcamera2end": {"type": "ndarray", "data": [[0.9999725726685198, -0.005236329203104727, -0.005237820842549326, -0.011998269303425372], [0.005192456354488409, -0.008639792026283732, 0.999949194904796, 0.03032551371533139], [-0.005281316853651602, -0.9999489661228814, -0.008612365648998921, 0.03694937925498695], [0.0, 0.0, 0.0, 1.0]]}, "Hobj2base": {"type": "ndarray", "data": [[0.9999483203781737, -0.0013253042828025772, 0.010079689550144265, -0.7331288245733041], [-0.0012815208051540896, -0.9999897221081653, -0.004348951880602989, 0.09004264945948115], [0.010085349636738407, 0.004335809796546454, -0.9999397414225082, -0.003548367353472869], [0.0, 0.0, 0.0, 1.0]]}, "mean_rme": {"type": "float", "data": 0.002105614300412024}, "max_rme": {"type": "float", "data": 0.009017339358440596}, "simu": {"type": "float", "data": 0.002}}, {"type": "dict", "image_number": {"type": "int", "data": 23}, "Hcamera2end": {"type": "ndarray", "data": [[0.9999774232055709, -0.003913440962843738, -0.005462422445833881, -0.011799240859531575], [0.005430557783354032, -0.008107238605055134, 0.9999523897288122, 0.03007603070552035], [-0.003957539804988203, -0.9999594780099997, -0.00808580340231524, 0.036546201798597217], [0.0, 0.0, 0.0, 1.0]]}, "Hobj2base": {"type": "ndarray", "data": [[0.9999588881889527, -0.0003319284669182954, 0.009061553697151748, -0.7334108568164532], [-0.00029151957009344653, -0.99999001016377, -0.004460335077417329, 0.08983231631594746], [0.009062943685898517, 0.0044575100847262464, -0.9999489955270668, -0.0031218128600172088], [0.0, 0.0, 0.0, 1.0]]}, "mean_rme": {"type": "float", "data": 0.002164310026502557}, "max_rme": {"type": "float", "data": 0.008798209486379271}, "simu": {"type": "float", "data": 0.002}}, {"type": "dict", "image_number": {"type": "int", "data": 24}, "Hcamera2end": {"type": "ndarray", "data": [[0.9999763216406271, -0.004646235062589432, -0.005076283859706683, -0.012297434203608177], [0.005040958756619427, -0.007583344635612388, 0.999958539950008, 0.030296271190934893], [-0.004684537639427814, -0.9999604519099147, -0.007559743595128898, 0.03598308707600647], [0.0, 0.0, 0.0, 1.0]]}, "Hobj2base": {"type": "ndarray", "data": [[0.9999591350898748, -0.0011677667370370646, 0.008964623313752244, -0.732902868434035], [-0.0011289400484679215, -0.9999899668434682, -0.004334940226287113, 0.08980516465356975], [0.008969595569286594, 0.004324642557066043, -0.9999504206819838, -0.003122916153960704], [0.0, 0.0, 0.0, 1.0]]}, "mean_rme": {"type": "float", "data": 0.0021854919928307745}, "max_rme": {"type": "float", "data": 0.008982201436542547}, "simu": {"type": "float", "data": 0.002}}, {"type": "dict", "image_number": {"type": "int", "data": 25}, "Hcamera2end": {"type": "ndarray", "data": [[0.9999747456905992, -0.004099640022287942, -0.00580525044327109, -0.012177203290349303], [0.005770539932754873, -0.008428394281889018, 0.9999478301585106, 0.030425509231529025], [-0.004148355084358816, -0.9999560765961256, -0.008404524292153548, 0.03651032484916249], [0.0, 0.0, 0.0, 1.0]]}, "Hobj2base": {"type": "ndarray", "data": [[0.9999583981141177, -0.00023127672661043617, 0.009118582791386843, -0.7332384219202681], [-0.0001883393036451494, -0.999988893166446, -0.004709360047041439, 0.08946843659174446], [0.009119570678181642, 0.004707446741249023, -0.9999473353011266, -0.0032453082860393746], [0.0, 0.0, 0.0, 1.0]]}, "mean_rme": {"type": "float", "data": 0.0021772537610951757}, "max_rme": {"type": "float", "data": 0.00896837715341664}, "simu": {"type": "float", "data": 0.002}}, {"type": "dict", "image_number": {"type": "int", "data": 26}, "Hcamera2end": {"type": "ndarray", "data": [[0.9999787314603331, -0.003305088094462231, -0.005622545657506108, -0.01226999437323807], [0.005594857934166905, -0.008327689690865059, 0.9999496723081164, 0.03103659576117316], [-0.0033517445725153947, -0.9999598621830282, -0.008309021074718093, 0.036345594652721615], [0.0, 0.0, 0.0, 1.0]]}, "Hobj2base": {"type": "ndarray", "data": [[0.9999634929878001, 0.0003172729009455765, 0.008538854111898744, -0.7333855853356054], [0.00035722990086049, -0.9999889928163652, -0.004678315178611824, 0.08899749297205381], [0.008537275820535243, 0.004681194721310379, -0.9999525995453715, -0.0036120952237046777], [0.0, 0.0, 0.0, 1.0]]}, "mean_rme": {"type": "float", "data": 0.0022061439624015385}, "max_rme": {"type": "float", "data": 0.009168068468521307}, "simu": {"type": "float", "data": 0.002}}, {"type": "dict", "image_number": {"type": "int", "data": 27}, "Hcamera2end": {"type": "ndarray", "data": [[0.9999795907471288, -0.003104840964842966, -0.005583730991717442, -0.012397190294352161], [0.0055580557008623336, -0.008217473279640286, 0.9999507893640189, 0.031090740440874044], [-0.0031505723338696038, -0.9999614158033707, -0.008200048688125294, 0.03639790933130749], [0.0, 0.0, 0.0, 1.0]]}, "Hobj2base": {"type": "ndarray", "data": [[0.9999638752081813, 0.0003830767416080638, 0.008491262029098752, -0.7335417403154454], [0.00041968664991603067, -0.9999906233300835, -0.004310117750912558, 0.08890573470005737], [0.008489531303473566, 0.004313525718120645, -0.9999546596491895, -0.003588355048974561], [0.0, 0.0, 0.0, 1.0]]}, "mean_rme": {"type": "float", "data": 0.0021493292909423737}, "max_rme": {"type": "float", "data": 0.00917138660180708}, "simu": {"type": "float", "data": 0.002}}, {"type": "dict", "image_number": {"type": "int", "data": 28}, "Hcamera2end": {"type": "ndarray", "data": [[0.9999815216525756, -0.002185889637162641, -0.005672586702172291, -0.01236231997429361], [0.0056575192200751375, -0.006838675665645111, 0.999960611719989, 0.03114502461680957], [-0.002224596519370948, -0.9999742268686899, -0.006826182585585094, 0.03580511549237526], [0.0, 0.0, 0.0, 1.0]]}, "Hobj2base": {"type": "ndarray", "data": [[0.9999720014854939, 0.0010269260320809974, 0.007412264702508942, -0.7334999950115365], [0.0010588668425240767, -0.9999901661809267, -0.0043065464645946515, 0.08880774078138069], [0.007407769306966077, 0.004314274489012489, -0.999963255319678, -0.0033990918438206036], [0.0, 0.0, 0.0, 1.0]]}, "mean_rme": {"type": "float", "data": 0.002159275545900712}, "max_rme": {"type": "float", "data": 0.009555578267521486}, "simu": {"type": "float", "data": 0.002}}, {"type": "dict", "image_number": {"type": "int", "data": 29}, "Hcamera2end": {"type": "ndarray", "data": [[0.9999823190593113, -0.002256255812095792, -0.005501897715511056, -0.012389891049322189], [0.0054853312839968004, -0.007284050594160929, 0.9999584260096248, 0.031215197352730237], [-0.0022962381118620586, -0.9999709255356637, -0.007271545494703657, 0.03603030531751364], [0.0, 0.0, 0.0, 1.0]]}, "Hobj2base": {"type": "ndarray", "data": [[0.9999710742278397, 0.0009637411824855609, 0.007544661062861628, -0.7334973077781144], [0.0009951839825872598, -0.9999908315162487, -0.004164912037813236, 0.08891285747711057], [0.007540577992506992, 0.004172299890360372, -0.9999628651090819, -0.003370697898563462], [0.0, 0.0, 0.0, 1.0]]}, "mean_rme": {"type": "float", "data": 0.002151378488560741}, "max_rme": {"type": "float", "data": 0.00954939128970439}, "simu": {"type": "float", "data": 0.002}}, {"type": "dict", "image_number": {"type": "int", "data": 30}, "Hcamera2end": {"type": "ndarray", "data": [[0.9999818103477772, -0.0025972737119220697, -0.005443633239613209, -0.012223317366664682], [0.005427497601619824, -0.006179648937623794, 0.9999661765323825, 0.03132408738751525], [-0.00263082560548477, -0.999977532801749, -0.006165439835116526, 0.0353352991033065], [0.0, 0.0, 0.0, 1.0]]}, "Hobj2base": {"type": "ndarray", "data": [[0.9999778154407604, 0.00026093872124882336, 0.006655864880567128, -0.7335036517236954], [0.0002898211902398798, -0.9999905453383622, -0.004338806006613171, 0.08920824782308644], [0.006654669789125662, 0.004340638762796049, -0.999968436614441, -0.0034286550752235245], [0.0, 0.0, 0.0, 1.0]]}, "mean_rme": {"type": "float", "data": 0.002167264012023525}, "max_rme": {"type": "float", "data": 0.009437231494734521}, "simu": {"type": "float", "data": 0.002}}]}