{"type": "list", "data": [{"type": "dict", "image_number": {"type": "int", "data": 5}, "Hcamera2end": {"type": "ndarray", "data": [[0.9999976800781185, 0.0020398343894403076, -0.0006920361584661232, -0.013873356530243613], [0.0006835955301107845, 0.004135695662094041, 0.9999912143206768, 0.035224530609083725], [0.0020426785190480706, -0.999989367492002, 0.004134291645932486, 0.03261169817311435], [0.0, 0.0, 0.0, 1.0]]}, "Hobj2base": {"type": "ndarray", "data": [[0.9999822085784672, 0.004309948237525006, -0.004123938981210969, -0.7371781556838142], [0.004338316554189562, -0.9999668191433877, 0.0068948982392854725, 0.08994484292655942], [-0.004094085490868635, -0.006912666521995126, -0.9999677262319762, -0.005702528358378501], [0.0, 0.0, 0.0, 1.0]]}, "mean_rme": {"type": "float", "data": 0.0012297650550778245}, "max_rme": {"type": "float", "data": 0.0025135370619371322}, "simu": {"type": "float", "data": 0.002}}, {"type": "dict", "image_number": {"type": "int", "data": 6}, "Hcamera2end": {"type": "ndarray", "data": [[0.9999947329635879, 0.002692374888822543, -0.0018125017353521008, -0.013984651744832525], [0.0018439957589369426, -0.011741431040160233, 0.9999293667438567, 0.035291449685246425], [0.0026709033534815796, -0.9999274423249855, -0.011746333925491959, 0.031572411122377055], [0.0, 0.0, 0.0, 1.0]]}, "Hobj2base": {"type": "ndarray", "data": [[0.9998898563356564, 0.011544926282971527, 0.009326836236424977, -0.7284290112358521], [0.011488168180062543, -0.9999153029107364, 0.006116289463110592, 0.08819631218188739], [0.009396658391520643, -0.006008467529304987, -0.9999377986300058, -0.007610203619029661], [0.0, 0.0, 0.0, 1.0]]}, "mean_rme": {"type": "float", "data": 0.0010962649944671339}, "max_rme": {"type": "float", "data": 0.0028400968174828733}, "simu": {"type": "float", "data": 0.002}}, {"type": "dict", "image_number": {"type": "int", "data": 7}, "Hcamera2end": {"type": "ndarray", "data": [[0.9999953521902506, -0.0014757109599010465, -0.002667934605555815, -0.014452959025827843], [0.0026631790831409662, -0.003215161792948784, 0.9999912850679332, 0.03438856204017585], [-0.00148427594059015, -0.9999937424863258, -0.0032112167669273717, 0.03232145528360781], [0.0, 0.0, 0.0, 1.0]]}, "Hobj2base": {"type": "ndarray", "data": [[0.9999831193786639, 0.004425947478775033, 0.003764564600589841, -0.732473090058482], [0.004414190250143739, -0.9999853722704874, 0.0031257270338810217, 0.0874912750779321], [0.0037783438372420756, -0.0031090567653106024, -0.9999880288702849, -0.005468114707580732], [0.0, 0.0, 0.0, 1.0]]}, "mean_rme": {"type": "float", "data": 0.0015783382656452871}, "max_rme": {"type": "float", "data": 0.004694703108795842}, "simu": {"type": "float", "data": 0.002}}, {"type": "dict", "image_number": {"type": "int", "data": 8}, "Hcamera2end": {"type": "ndarray", "data": [[0.9999935676511368, -0.0006582442789220568, -0.0035258149158204004, -0.014013503320230467], [0.003524351902676346, -0.0022106840866680244, 0.9999913458723206, 0.0312233468794968], [-0.0006660330453189633, -0.9999973397916309, -0.0022083499823000174, 0.03168444578827662], [0.0, 0.0, 0.0, 1.0]]}, "Hobj2base": {"type": "ndarray", "data": [[0.9999899745866615, 0.00369491428301143, 0.002529492954997445, -0.7326036267295126], [0.0036895610214972953, -0.999990951111069, 0.0021177430080891184, 0.0891828085694534], [0.00253729494478498, -0.002108389058229207, -0.9999945584001657, -0.002700370580366762], [0.0, 0.0, 0.0, 1.0]]}, "mean_rme": {"type": "float", "data": 0.0016387512340462413}, "max_rme": {"type": "float", "data": 0.004681793718659649}, "simu": {"type": "float", "data": 0.002}}, {"type": "dict", "image_number": {"type": "int", "data": 9}, "Hcamera2end": {"type": "ndarray", "data": [[0.9999974611332464, 0.00042259617961182717, -0.0022133999933213523, -0.014276689342803277], [0.0022136791987110967, -0.0006613701268083361, 0.9999973311034189, 0.03119927851587026], [0.0004211311751120676, -0.9999996920009648, -0.0006623039400499575, 0.031012000933179813], [0.0, 0.0, 0.0, 1.0]]}, "Hobj2base": {"type": "ndarray", "data": [[0.9999929710181816, 0.0035793790809294035, 0.0011162256156779461, -0.7324775117154975], [0.0035761849463721625, -0.9999895426200629, 0.002850535343867681, 0.08958309623380298], [0.0011264170894618776, -0.002846523478263034, -0.999995314233336, -0.002607482200894462], [0.0, 0.0, 0.0, 1.0]]}, "mean_rme": {"type": "float", "data": 0.001603409518410178}, "max_rme": {"type": "float", "data": 0.004995505077540541}, "simu": {"type": "float", "data": 0.002}}, {"type": "dict", "image_number": {"type": "int", "data": 10}, "Hcamera2end": {"type": "ndarray", "data": [[0.9999986351889865, 0.001245228211740904, -0.0010858300350259586, -0.014310742987075489], [0.0010849883001566906, 0.0006764447832744436, 0.9999991826110878, 0.03142784257940236], [0.0012459616979678865, -0.9999989959140739, 0.0006750928020143876, 0.029869975583876926], [0.0, 0.0, 0.0, 1.0]]}, "Hobj2base": {"type": "ndarray", "data": [[0.9999949416667457, 0.0031660611833304723, -0.00030446264976851566, -0.7325176943688864], [0.0031671906183423477, -0.9999878266761475, 0.0037835701530089987, 0.09028727563118842], [-0.00029247992885022943, -0.0037845153056982562, -0.9999927959237469, -0.0025539237896360202], [0.0, 0.0, 0.0, 1.0]]}, "mean_rme": {"type": "float", "data": 0.0016165219113079186}, "max_rme": {"type": "float", "data": 0.005227844520915542}, "simu": {"type": "float", "data": 0.002}}, {"type": "dict", "image_number": {"type": "int", "data": 11}, "Hcamera2end": {"type": "ndarray", "data": [[0.9999993618742192, 0.00040022384097032024, -0.001056443103712744, -0.014458606455761623], [0.001056436194058208, 1.747548727182302e-05, 0.9999994418184319, 0.03072708869895662], [0.00040024207943076143, -0.9999999197577392, 1.705266516893733e-05, 0.03006021709930448], [0.0, 0.0, 0.0, 1.0]]}, "Hobj2base": {"type": "ndarray", "data": [[0.9999977153665847, 0.002132539572966487, 0.00014675346968678953, -0.7326161045601794], [0.0021319168586140603, -0.9999892398094434, 0.004120096581270445, 0.09091543573510869], [0.00015553815959549403, -0.0041197743021640365, -0.9999915015976784, -0.002034780582739623], [0.0, 0.0, 0.0, 1.0]]}, "mean_rme": {"type": "float", "data": 0.0017301405586946524}, "max_rme": {"type": "float", "data": 0.005585435314449577}, "simu": {"type": "float", "data": 0.002}}, {"type": "dict", "image_number": {"type": "int", "data": 12}, "Hcamera2end": {"type": "ndarray", "data": [[0.999999076939361, -0.000402989131975248, -0.001297582438811617, -0.013941038870057272], [0.0012970826675458378, -0.0012379557512243178, 0.9999983925197637, 0.030634775072962382], [-0.0004045948338209977, -0.9999991525322995, -0.001237431898297947, 0.03077199637077153], [0.0, 0.0, 0.0, 1.0]]}, "Hobj2base": {"type": "ndarray", "data": [[0.9999966757046993, 0.0016018631792569641, 0.002020547922047679, -0.7322710260818529], [0.0015943174026131985, -0.9999917702844157, 0.0037306186430884273, 0.09131320040364772], [0.0020265072341531685, -0.0037273848466954688, -0.9999909998948162, -0.002485131050420845], [0.0, 0.0, 0.0, 1.0]]}, "mean_rme": {"type": "float", "data": 0.0017065270670070655}, "max_rme": {"type": "float", "data": 0.005687513570437425}, "simu": {"type": "float", "data": 0.002}}, {"type": "dict", "image_number": {"type": "int", "data": 13}, "Hcamera2end": {"type": "ndarray", "data": [[0.999998526929337, -0.00017155802023502138, -0.0017078369365332116, -0.013628757079038276], [0.0017075836301199824, -0.001465957751925373, 0.9999974675598011, 0.030167286476849072], [-0.00017406120257072992, -0.9999989107672642, -0.001465662642799126, 0.03182234947943721], [0.0, 0.0, 0.0, 1.0]]}, "Hobj2base": {"type": "ndarray", "data": [[0.9999968266849599, 0.0009060427800578943, 0.002350682133106586, -0.7331671386928421], [0.0008983526087335035, -0.9999942485117066, 0.0032704596157508785, 0.09121865910762872], [0.0023536317895081374, -0.003268337496125612, -0.9999918891608128, -0.002391690465332074], [0.0, 0.0, 0.0, 1.0]]}, "mean_rme": {"type": "float", "data": 0.0018357712106388557}, "max_rme": {"type": "float", "data": 0.005867080466252034}, "simu": {"type": "float", "data": 0.002}}, {"type": "dict", "image_number": {"type": "int", "data": 14}, "Hcamera2end": {"type": "ndarray", "data": [[0.9999989709188242, -9.192588510260728e-05, -0.0014316811531735483, -0.013356652865473525], [0.0014313298753588638, -0.003713972048685843, 0.9999920788218323, 0.03011736199619005], [-9.724238072680966e-05, -0.9999930989568145, -0.003713836650441449, 0.033154830905445555], [0.0, 0.0, 0.0, 1.0]]}, "Hobj2base": {"type": "ndarray", "data": [[0.9999893911239552, 0.0016202497699146809, 0.004311894041405361, -0.7331591692332633], [0.0016046722384974923, -0.9999921830705225, 0.003613699608164108, 0.09149754985042939], [0.004317715431592393, -0.003606742094209316, -0.9999841742472317, -0.0029284966184906025], [0.0, 0.0, 0.0, 1.0]]}, "mean_rme": {"type": "float", "data": 0.0018328705760475396}, "max_rme": {"type": "float", "data": 0.00576456279051038}, "simu": {"type": "float", "data": 0.002}}, {"type": "dict", "image_number": {"type": "int", "data": 15}, "Hcamera2end": {"type": "ndarray", "data": [[0.9999997209416603, -0.0006400896206088197, -0.00038522964465829556, -0.013733647183093034], [0.0003825740918219026, -0.004143676289432463, 0.9999913417544538, 0.029950853496389252], [-0.0006416803455002699, -0.9999912100774117, -0.004143430251399627, 0.033425655538668275], [0.0, 0.0, 0.0, 1.0]]}, "Hobj2base": {"type": "ndarray", "data": [[0.9999872377379804, 0.000977726091686311, 0.004956653392523307, -0.7330785085076549], [0.0009574579588542291, -0.9999911783612716, 0.004089801204507826, 0.09173919242494537], [0.0049606083720652346, -0.0040850032221532925, -0.9999793523434639, -0.0026878392749478267], [0.0, 0.0, 0.0, 1.0]]}, "mean_rme": {"type": "float", "data": 0.0018058976925398463}, "max_rme": {"type": "float", "data": 0.00562025836099575}, "simu": {"type": "float", "data": 0.002}}, {"type": "dict", "image_number": {"type": "int", "data": 16}, "Hcamera2end": {"type": "ndarray", "data": [[0.9999986035580691, -0.0010139293435474704, -0.0013284687418004893, -0.01357356605501656], [0.001326310039170488, -0.002126757551315972, 0.9999968588970657, 0.02998679012308695], [-0.0010167514896193453, -0.9999972244209502, -0.002125409796755129, 0.032541568489241245], [0.0, 0.0, 0.0, 1.0]]}, "Hobj2base": {"type": "ndarray", "data": [[0.9999921956033518, -2.1329807267721486e-05, 0.00395073125217832, -0.7329562884758294], [-3.225521931232641e-05, -0.9999961758311311, 0.0027653720750659768, 0.0915338635498184], [0.003950657159061473, -0.0027654779247084063, -0.9999883721523259, -0.0026027485229810216], [0.0, 0.0, 0.0, 1.0]]}, "mean_rme": {"type": "float", "data": 0.001791176135124258}, "max_rme": {"type": "float", "data": 0.005498288520745215}, "simu": {"type": "float", "data": 0.002}}, {"type": "dict", "image_number": {"type": "int", "data": 17}, "Hcamera2end": {"type": "ndarray", "data": [[0.9999980933562698, -0.0014520609066033347, -0.0013056810287238806, -0.013269555143357752], [0.0013037413726626084, -0.0013359405324762097, 0.9999982577591457, 0.02955533139962284], [-0.001453802688972258, -0.999998053389114, -0.001334044873434026, 0.032704930219928215], [0.0, 0.0, 0.0, 1.0]]}, "Hobj2base": {"type": "ndarray", "data": [[0.9999944955139122, -0.00039703090398546806, 0.0032941324104464797, -0.7335927157140422], [-0.00040504668004976357, -0.9999969581234096, 0.0024330394807676957, 0.09164832683992105], [0.003293156398237733, -0.0024343603655322186, -0.9999916144701151, -0.0021477897948795916], [0.0, 0.0, 0.0, 1.0]]}, "mean_rme": {"type": "float", "data": 0.0018942493566924251}, "max_rme": {"type": "float", "data": 0.006392750229851585}, "simu": {"type": "float", "data": 0.002}}, {"type": "dict", "image_number": {"type": "int", "data": 18}, "Hcamera2end": {"type": "ndarray", "data": [[0.9999979136781473, -0.0011579440317780489, -0.0016827967708258167, -0.013179127199510103], [0.0016821177903511922, -0.0005870915423726863, 0.9999984129003705, 0.030040491677752357], [-0.0011589301497571896, -0.9999991572442148, -0.0005851425192546778, 0.03227689550609662], [0.0, 0.0, 0.0, 1.0]]}, "Hobj2base": {"type": "ndarray", "data": [[0.9999965147898267, -0.00046695074186079805, 0.0025985313553597957, -0.7336632353488518], [-0.00047222229708294966, -0.999997831249704, 0.002028423523497402, 0.09131089265368014], [0.0025975785459250444, -0.0020296435384607714, -0.999994566551641, -0.0022867650887323726], [0.0, 0.0, 0.0, 1.0]]}, "mean_rme": {"type": "float", "data": 0.0018911492247624426}, "max_rme": {"type": "float", "data": 0.006358635315254241}, "simu": {"type": "float", "data": 0.002}}, {"type": "dict", "image_number": {"type": "int", "data": 19}, "Hcamera2end": {"type": "ndarray", "data": [[0.999997289727754, -0.0016758445890626898, -0.0016161936949547044, -0.013425118634443227], [0.0016134533634435933, -0.0016352589308683552, 0.9999973613447553, 0.029835080331852813], [-0.0016784830622602633, -0.9999972587328139, -0.0016325506017826896, 0.032400031299870555], [0.0, 0.0, 0.0, 1.0]]}, "Hobj2base": {"type": "ndarray", "data": [[0.9999931777318195, -0.0008410124339953035, 0.0035968302578043903, -0.7332550743059971], [-0.0008473633344869283, -0.9999980841950071, 0.001764534412976433, 0.09112505715866388], [0.0035953393715974988, -0.0017675701969302906, -0.9999919745829973, -0.002210101568203329], [0.0, 0.0, 0.0, 1.0]]}, "mean_rme": {"type": "float", "data": 0.0018786187331039296}, "max_rme": {"type": "float", "data": 0.006469270588567083}, "simu": {"type": "float", "data": 0.002}}, {"type": "dict", "image_number": {"type": "int", "data": 20}, "Hcamera2end": {"type": "ndarray", "data": [[0.9999982725443604, -0.0014010558485757626, -0.0012214543808317868, -0.013510503742748946], [0.001217466316388264, -0.002843800441281852, 0.9999952152759624, 0.02986794799569427], [-0.001404522717417381, -0.9999949749081538, -0.0028420897904397613, 0.03320321886654351], [0.0, 0.0, 0.0, 1.0]]}, "Hobj2base": {"type": "ndarray", "data": [[0.9999905771473857, -0.0003204255332913604, 0.0043293121758692125, -0.7332834583211691], [-0.0003300028511483356, -0.9999974998040662, 0.002211669897294815, 0.09117874635018722], [0.004328592676234209, -0.002213077742416889, -0.9999881827163504, -0.002469989640735695], [0.0, 0.0, 0.0, 1.0]]}, "mean_rme": {"type": "float", "data": 0.0018957902858067982}, "max_rme": {"type": "float", "data": 0.00653919035919362}, "simu": {"type": "float", "data": 0.002}}, {"type": "dict", "image_number": {"type": "int", "data": 21}, "Hcamera2end": {"type": "ndarray", "data": [[0.9999990705030863, 0.0007701550093391856, -0.0011251018731410771, -0.013529699955405547], [0.0011278475852899887, -0.0035740406726685325, 0.9999929770718866, 0.029937611001720994], [0.0007661284407404172, -0.9999933165249316, -0.003574905968076303, 0.033349007874193905], [0.0, 0.0, 0.0, 1.0]]}, "Hobj2base": {"type": "ndarray", "data": [[0.9999918957912495, 0.0018329248564204126, 0.003584513676012711, -0.7336817945623294], [0.0018249732378569136, -0.9999958697735496, 0.002220339731472926, 0.0907271269698421], [0.003588568587043029, -0.0022137800958467895, -0.9999911106370813, -0.002420790710525092], [0.0, 0.0, 0.0, 1.0]]}, "mean_rme": {"type": "float", "data": 0.0019690697165612556}, "max_rme": {"type": "float", "data": 0.006582872019313624}, "simu": {"type": "float", "data": 0.002}}, {"type": "dict", "image_number": {"type": "int", "data": 22}, "Hcamera2end": {"type": "ndarray", "data": [[0.9999986245535782, 0.0015792692252043219, -0.0005067540488990625, -0.013828086576375824], [0.0005107852481281646, -0.0025532154100964544, 0.9999966100890042, 0.030121481737673893], [0.001577970019375432, -0.9999954934897376, -0.0025540185657084713, 0.0326596907340139], [0.0, 0.0, 0.0, 1.0]]}, "Hobj2base": {"type": "ndarray", "data": [[0.9999947225863898, 0.002189591833500473, 0.0024001014503703746, -0.7338669945532654], [0.0021832739077608486, -0.9999941533900127, 0.0026318246208318703, 0.09074929144018119], [0.002405850039610244, -0.0026265706527322237, -0.9999936564859762, -0.0022763662517306838], [0.0, 0.0, 0.0, 1.0]]}, "mean_rme": {"type": "float", "data": 0.0020106131446147287}, "max_rme": {"type": "float", "data": 0.00671334481260577}, "simu": {"type": "float", "data": 0.002}}, {"type": "dict", "image_number": {"type": "int", "data": 23}, "Hcamera2end": {"type": "ndarray", "data": [[0.9999981060444959, 0.001439754680314187, -0.0013095853854322606, -0.014411895356768775], [0.0013123305463159803, -0.0019073980916837208, 0.9999973198069368, 0.029719924799914737], [0.0014372529208286095, -0.9999971444654131, -0.001909283913202886, 0.03342456855993293], [0.0, 0.0, 0.0, 1.0]]}, "Hobj2base": {"type": "ndarray", "data": [[0.9999960179860199, 0.002074899982476721, 0.0019127995625448488, -0.7345038596444369], [0.0020724319463175113, -0.9999970187099705, 0.0012913547148011978, 0.08970952702110369], [0.001915473291809696, -0.00128738542568835, -0.9999973367968711, -0.001449096293321688], [0.0, 0.0, 0.0, 1.0]]}, "mean_rme": {"type": "float", "data": 0.0022281369091435035}, "max_rme": {"type": "float", "data": 0.009029426530427487}, "simu": {"type": "float", "data": 0.002}}, {"type": "dict", "image_number": {"type": "int", "data": 24}, "Hcamera2end": {"type": "ndarray", "data": [[0.9999979819920226, 0.001419792542627933, -0.0014213377566117823, -0.014329264392228666], [0.0014234324174674175, -0.0014754094236273385, 0.9999978985013845, 0.029829602405718747], [0.001417692503815608, -0.9999979036758869, -0.0014774274249704789, 0.03333426914239645], [0.0, 0.0, 0.0, 1.0]]}, "Hobj2base": {"type": "ndarray", "data": [[0.9999964411575125, 0.0022348168102952165, 0.0014571431411950406, -0.7346042687654135], [0.00223312114978495, -0.9999968288074275, 0.0011642787549567355, 0.08973447262351812], [0.0014597404700469807, -0.0011610206343051683, -0.9999982605929107, -0.0015403841561642078], [0.0, 0.0, 0.0, 1.0]]}, "mean_rme": {"type": "float", "data": 0.0021759355378221995}, "max_rme": {"type": "float", "data": 0.00896444965540788}, "simu": {"type": "float", "data": 0.002}}, {"type": "dict", "image_number": {"type": "int", "data": 25}, "Hcamera2end": {"type": "ndarray", "data": [[0.9999974666371189, 0.0015315215583820842, -0.0016495942108732031, -0.014499871487339699], [0.0016505408962323382, -0.0006170758667458642, 0.9999984474648571, 0.02971140075574451], [0.0015305012558635889, -0.9999986368286164, -0.0006196021424342835, 0.03323289123961881], [0.0, 0.0, 0.0, 1.0]]}, "Hobj2base": {"type": "ndarray", "data": [[0.9999970661687505, 0.002282731599919815, 0.0008104260202286501, -0.7348398261022214], [0.0022821742852721883, -0.9999971592047348, 0.0006879411258072167, 0.08941043360233335], [0.0008119941029210132, -0.0006860895740805628, -0.9999994349731773, -0.0012118748538298774], [0.0, 0.0, 0.0, 1.0]]}, "mean_rme": {"type": "float", "data": 0.0021889920804361337}, "max_rme": {"type": "float", "data": 0.008408262304044956}, "simu": {"type": "float", "data": 0.002}}, {"type": "dict", "image_number": {"type": "int", "data": 26}, "Hcamera2end": {"type": "ndarray", "data": [[0.9999983348466573, 0.0013059779958299622, -0.0012746471617265515, -0.014737950246282274], [0.0012754659704253524, -0.0006263288328565153, 0.9999989904488663, 0.029942190662475405], [0.0013051783291092875, -0.9999989510662838, -0.0006279935204147602, 0.03365253085627619], [0.0, 0.0, 0.0, 1.0]]}, "Hobj2base": {"type": "ndarray", "data": [[0.9999972764128519, 0.002190124597481734, 0.0008065488985665585, -0.7352296040530005], [0.0021891311488114783, -0.9999968467114497, 0.0012305575851209406, 0.08949254879075451], [0.0008092414297209426, -0.001228788592273225, -0.9999989176028661, -0.001356242671400274], [0.0, 0.0, 0.0, 1.0]]}, "mean_rme": {"type": "float", "data": 0.0021783223792924467}, "max_rme": {"type": "float", "data": 0.00830446490391773}, "simu": {"type": "float", "data": 0.002}}, {"type": "dict", "image_number": {"type": "int", "data": 27}, "Hcamera2end": {"type": "ndarray", "data": [[0.9999972401417819, 0.001714738938409855, -0.0016060445798138261, -0.01449283700162895], [0.0016062176371282174, -9.955106438797046e-05, 0.9999987050764055, 0.030041836441873027], [0.0017145768345065706, -0.9999985248788915, -0.00010230503356711829, 0.03344783145377037], [0.0, 0.0, 0.0, 1.0]]}, "Hobj2base": {"type": "ndarray", "data": [[0.9999972302173875, 0.002311133003098289, 0.00044522106334217654, -0.7352693671243637], [0.002310603779407493, -0.9999966277900496, 0.0011855457405737686, 0.08953749207468684], [0.00044795951585099934, -0.0011845137273981598, -0.9999991981294292, -0.0013667541526534155], [0.0, 0.0, 0.0, 1.0]]}, "mean_rme": {"type": "float", "data": 0.002137982244214379}, "max_rme": {"type": "float", "data": 0.008326453396731881}, "simu": {"type": "float", "data": 0.002}}, {"type": "dict", "image_number": {"type": "int", "data": 28}, "Hcamera2end": {"type": "ndarray", "data": [[0.9999969503910603, 0.0018483814484510934, -0.0016378933421804984, -0.014427169112401002], [0.0016380452146115816, -8.065421450198507e-05, 0.9999986551504818, 0.030623451877165572], [0.0018482468596552415, -0.9999982884889946, -8.368170092465377e-05, 0.03347010567735214], [0.0, 0.0, 0.0, 1.0]]}, "Hobj2base": {"type": "ndarray", "data": [[0.9999964494072879, 0.0025972723831214376, 0.0005961115544957518, -0.7352797252843347], [0.002596704105885273, -0.9999961753006248, 0.0009521091891246257, 0.08917777476639106], [0.0005985821614508915, -0.0009505578832515529, -0.999999369069354, -0.0019193612138652613], [0.0, 0.0, 0.0, 1.0]]}, "mean_rme": {"type": "float", "data": 0.0021229158948493534}, "max_rme": {"type": "float", "data": 0.008217702953804917}, "simu": {"type": "float", "data": 0.002}}, {"type": "dict", "image_number": {"type": "int", "data": 29}, "Hcamera2end": {"type": "ndarray", "data": [[0.9999968975751186, 0.0018573543856340864, -0.0016598418069013114, -0.014478119900087254], [0.0016601882757291463, -0.00018501266072790123, 0.9999986047716289, 0.030737698746656588], [0.0018570447024514698, -0.9999982580009834, -0.00018809564471489182, 0.03349440897661793], [0.0, 0.0, 0.0, 1.0]]}, "Hobj2base": {"type": "ndarray", "data": [[0.999996163022352, 0.002586192031194872, 0.0009927493900639016, -0.7351888334579872], [0.002585296456052833, -0.9999962510037541, 0.0009023417707467264, 0.08916783752775631], [0.0009950792973470843, -0.0008997717570016402, -0.999999100113584, -0.0019794665339329023], [0.0, 0.0, 0.0, 1.0]]}, "mean_rme": {"type": "float", "data": 0.0021211903160695453}, "max_rme": {"type": "float", "data": 0.008316987350654004}, "simu": {"type": "float", "data": 0.002}}, {"type": "dict", "image_number": {"type": "int", "data": 30}, "Hcamera2end": {"type": "ndarray", "data": [[0.9999976141861786, 0.0015107204035308595, -0.001577766083131482, -0.014500140525999591], [0.0015783675571274074, -0.00039702777396644073, 0.9999986755615237, 0.03089844219005472], [0.0015100919857188044, -0.9999987800456606, -0.00039941129880505244, 0.03382363528508051], [0.0, 0.0, 0.0, 1.0]]}, "Hobj2base": {"type": "ndarray", "data": [[0.9999963634570287, 0.002434027710769042, 0.0011612845565936777, -0.7352827739801079], [0.0024326948026842025, -0.9999963822427937, 0.0011478228614739932, 0.0892650113145801], [0.0011640741879999864, -0.0011449936364615711, -0.9999986669595402, -0.0022376209830941907], [0.0, 0.0, 0.0, 1.0]]}, "mean_rme": {"type": "float", "data": 0.0021260702176538115}, "max_rme": {"type": "float", "data": 0.008286619894723013}, "simu": {"type": "float", "data": 0.002}}]}