{"type": "list", "data": [{"type": "dict", "image_number": {"type": "int", "data": 5}, "Hcamera2end": {"type": "ndarray", "data": [[0.9999372881539266, 0.0008821660589697173, -0.011164297667813128, -0.009189181702070856], [0.011150715723277325, 0.014137195543973302, 0.9998378874802705, 0.029583686281675414], [0.0010398549080480766, -0.9998996757101164, 0.014126472191398176, 0.032447219043216353], [0.0, 0.0, 0.0, 1.0]]}, "Hobj2base": {"type": "ndarray", "data": [[0.9999060945565268, -0.0037412802496265903, -0.013183508289067255, -0.7415043352364034], [-0.0038334691184799988, -0.999968330464295, -0.006974423486386589, 0.09177149745296605], [-0.013156997500638633, 0.007024307121955495, -0.9998887700770642, 0.0007586402494716094], [0.0, 0.0, 0.0, 1.0]]}, "mean_rme": {"type": "float", "data": 0.0017784134586943739}, "max_rme": {"type": "float", "data": 0.005274636536995531}, "simu": {"type": "float", "data": 0.002}}, {"type": "dict", "image_number": {"type": "int", "data": 6}, "Hcamera2end": {"type": "ndarray", "data": [[0.9997948522551074, 0.0018402878091183777, -0.02017093812809615, -0.010452675400732902], [0.02018137722850049, -0.005842210977688778, 0.9997792659302618, 0.02866500663186443], [0.0017220387187385344, -0.9999812407798818, -0.0058781520037662904, 0.03138857100786642], [0.0, 0.0, 0.0, 1.0]]}, "Hobj2base": {"type": "ndarray", "data": [[0.99997175851187, 0.005489883071712067, 0.00513257854661047, -0.73081652308369], [0.005560519189063266, -0.9998886110411946, -0.013850853275453852, 0.08435809723341309], [0.005055967269104496, 0.013879001908243286, -0.9998908992990205, -0.0010108704357326415], [0.0, 0.0, 0.0, 1.0]]}, "mean_rme": {"type": "float", "data": 0.0017035218722124957}, "max_rme": {"type": "float", "data": 0.005337294121936936}, "simu": {"type": "float", "data": 0.002}}, {"type": "dict", "image_number": {"type": "int", "data": 7}, "Hcamera2end": {"type": "ndarray", "data": [[0.9997925478863428, 0.0017520112410296246, -0.020292650086827832, -0.009985541315808453], [0.02029183952388697, 0.0004791917480926333, 0.9997939845908281, 0.02856716146623338], [0.0017613743701854704, -0.9999983504145793, 0.000443540807804621, 0.03174356734365685], [0.0, 0.0, 0.0, 1.0]]}, "Hobj2base": {"type": "ndarray", "data": [[0.9999954950268919, 0.002188164724151065, -0.00205471678376886, -0.734202947666159], [0.0021565166734405132, -0.9998809200485816, -0.015280548374913605, 0.08474822105955407], [-0.002087908465113741, 0.015276048505450703, -0.9998811344256373, 0.0010712890666992483], [0.0, 0.0, 0.0, 1.0]]}, "mean_rme": {"type": "float", "data": 0.0018736723424900088}, "max_rme": {"type": "float", "data": 0.0060398883487382295}, "simu": {"type": "float", "data": 0.002}}, {"type": "dict", "image_number": {"type": "int", "data": 8}, "Hcamera2end": {"type": "ndarray", "data": [[0.9997661267071292, 0.0033823849369655577, -0.021360041225677574, -0.008723643521577005], [0.021363899958260955, -0.0011088366023748186, 0.9997711509440361, 0.033012362907317815], [0.0033579260858265583, -0.9999936649566974, -0.0011808382085209956, 0.031947990007915386], [0.0, 0.0, 0.0, 1.0]]}, "Hobj2base": {"type": "ndarray", "data": [[0.9999852975695197, 0.0053020444716156325, -0.0011370880441371354, -0.7344342458876882], [0.005281264736004616, -0.9998318824858317, -0.017558901093907977, 0.082359661940834], [-0.0012299949541943653, 0.017552637672396097, -0.9998451840275842, -0.0036148772978883068], [0.0, 0.0, 0.0, 1.0]]}, "mean_rme": {"type": "float", "data": 0.0019344789814872473}, "max_rme": {"type": "float", "data": 0.006185668567790851}, "simu": {"type": "float", "data": 0.002}}, {"type": "dict", "image_number": {"type": "int", "data": 9}, "Hcamera2end": {"type": "ndarray", "data": [[0.9999220707404423, 0.0044269124442566305, -0.011672827093587763, -0.011293069581437623], [0.011687908737200485, -0.003396377765936709, 0.9999259259602292, 0.03318669657530329], [0.00438693919456189, -0.9999844334109816, -0.0034478544373681697, 0.03374499786863602], [0.0, 0.0, 0.0, 1.0]]}, "Hobj2base": {"type": "ndarray", "data": [[0.999986260708596, 0.005221767496585925, -0.0004599328772332792, -0.7357267628154541], [0.0052171930539479635, -0.9999418205208437, -0.009441211262250107, 0.08447005806355924], [-0.0005092059286756535, 0.009438681988084984, -0.999955324997897, -0.0031497225828562847], [0.0, 0.0, 0.0, 1.0]]}, "mean_rme": {"type": "float", "data": 0.002262029675743107}, "max_rme": {"type": "float", "data": 0.006480720941771184}, "simu": {"type": "float", "data": 0.002}}, {"type": "dict", "image_number": {"type": "int", "data": 10}, "Hcamera2end": {"type": "ndarray", "data": [[0.9999455943071235, 0.003773817273482189, -0.009724542609295544, -0.011977102703587523], [0.009734631860554198, -0.002664391149512557, 0.9999490676841205, 0.033696634295395385], [0.0037477150789674797, -0.9999893296045657, -0.002700982913332428, 0.034202452053436555], [0.0, 0.0, 0.0, 1.0]]}, "Hobj2base": {"type": "ndarray", "data": [[0.9999924552291243, 0.003838164375061847, 0.0005983135113505551, -0.7362146272665504], [0.0038423686620694493, -0.9999667573125879, -0.007191694710807879, 0.0853451256808055], [0.000570690715366179, 0.007193939392205184, -0.9999739604350353, -0.0035357857678150586], [0.0, 0.0, 0.0, 1.0]]}, "mean_rme": {"type": "float", "data": 0.0022858434711194673}, "max_rme": {"type": "float", "data": 0.006310542389355772}, "simu": {"type": "float", "data": 0.002}}, {"type": "dict", "image_number": {"type": "int", "data": 11}, "Hcamera2end": {"type": "ndarray", "data": [[0.999971117571275, 0.0033833040896669737, -0.006805679737708025, -0.012971743025383481], [0.00681269221138734, -0.002065484244013982, 0.9999746601787821, 0.033170476981636325], [0.003369161333078175, -0.9999921434832749, -0.002088473997232887, 0.03380891477449478], [0.0, 0.0, 0.0, 1.0]]}, "Hobj2base": {"type": "ndarray", "data": [[0.9999906266759132, 0.00424677166692672, 0.0008434990950730517, -0.7363151132994432], [0.0042505571723203805, -0.9999806697098641, -0.004537947811153905, 0.08612299062397132], [0.0008242111618004139, 0.00454149061662679, -0.9999893477127344, -0.003358140906831039], [0.0, 0.0, 0.0, 1.0]]}, "mean_rme": {"type": "float", "data": 0.002299028364916438}, "max_rme": {"type": "float", "data": 0.006045062670161305}, "simu": {"type": "float", "data": 0.002}}, {"type": "dict", "image_number": {"type": "int", "data": 12}, "Hcamera2end": {"type": "ndarray", "data": [[0.9999868509608355, 0.004340524940136918, -0.002730887891476859, -0.013914830212268471], [0.002748638052209139, -0.004088713251506837, 0.9999878636327568, 0.033447358258508066], [0.004329306444421956, -0.9999822209755487, -0.004100590020873263, 0.03463693416648047], [0.0, 0.0, 0.0, 1.0]]}, "Hobj2base": {"type": "ndarray", "data": [[0.9999861073786595, 0.005015717762055381, 0.001620995067105144, -0.736410552861558], [0.005017510164031577, -0.9999868032719252, -0.0011035731737386973, 0.08719400957698109], [0.0016154384637047836, 0.0011116912014395182, -0.9999980772487729, -0.0034448041338450883], [0.0, 0.0, 0.0, 1.0]]}, "mean_rme": {"type": "float", "data": 0.0023363389153865637}, "max_rme": {"type": "float", "data": 0.006166238050841821}, "simu": {"type": "float", "data": 0.002}}, {"type": "dict", "image_number": {"type": "int", "data": 13}, "Hcamera2end": {"type": "ndarray", "data": [[0.9999918025160472, 0.0039008404323688326, -0.0010855158349315438, -0.01494777600587534], [0.001101027833145597, -0.003976633700957688, 0.9999914870248244, 0.033744530121739794], [0.0038964905257589553, -0.9999844847938043, -0.00398089603645535, 0.03411258033761934], [0.0, 0.0, 0.0, 1.0]]}, "Hobj2base": {"type": "ndarray", "data": [[0.9999891226972378, 0.004213199439145775, 0.002000859239099207, -0.7358450090502054], [0.004213532703578466, -0.9999911098488199, -0.00016237451160694302, 0.08735218421646261], [0.0020001573349568464, 0.00017080343124942102, -0.999997985096382, -0.0038051980532575616], [0.0, 0.0, 0.0, 1.0]]}, "mean_rme": {"type": "float", "data": 0.0023253210353783626}, "max_rme": {"type": "float", "data": 0.0064846845236848916}, "simu": {"type": "float", "data": 0.002}}, {"type": "dict", "image_number": {"type": "int", "data": 14}, "Hcamera2end": {"type": "ndarray", "data": [[0.9999904809333271, 0.004106121426209653, -0.001475740345208724, -0.01464586967749149], [0.0014915339905839221, -0.003845965930111994, 0.9999914919000159, 0.03387419890596322], [0.004100410843828647, -0.9999841740312183, -0.0038520537397823684, 0.03422148578970397], [0.0, 0.0, 0.0, 1.0]]}, "Hobj2base": {"type": "ndarray", "data": [[0.999988461272791, 0.004533892119380739, 0.0015878109224948553, -0.7359798146319034], [0.004534077062562996, -0.9999897146468848, -0.00011289655637280384, 0.08746431509879975], [0.0015872827304915934, 0.00012009451077360793, -0.9999987330546183, -0.0038146103664207865], [0.0, 0.0, 0.0, 1.0]]}, "mean_rme": {"type": "float", "data": 0.002240650350016846}, "max_rme": {"type": "float", "data": 0.00641949643229367}, "simu": {"type": "float", "data": 0.002}}, {"type": "dict", "image_number": {"type": "int", "data": 15}, "Hcamera2end": {"type": "ndarray", "data": [[0.9999792595076524, 0.0064400312342147385, 8.09458428462596e-05, -0.014273656151251816], [-5.9078908150170684e-05, -0.003395588069420752, 0.999994233229045, 0.03365915668070433], [0.006440268954767905, -0.9999734976384951, -0.0033951371732385827, 0.03370345134800237], [0.0, 0.0, 0.0, 1.0]]}, "Hobj2base": {"type": "ndarray", "data": [[0.9999788861651986, 0.006443467560631161, 0.0008419914512117506, -0.7355619740981797], [0.006442021193083529, -0.9999777889773638, 0.00170936095963307, 0.08816390454311161], [0.0008529869616133735, -0.0017039007416950512, -0.9999981845661048, -0.003618960884429497], [0.0, 0.0, 0.0, 1.0]]}, "mean_rme": {"type": "float", "data": 0.002280237988137582}, "max_rme": {"type": "float", "data": 0.006398273220673656}, "simu": {"type": "float", "data": 0.002}}, {"type": "dict", "image_number": {"type": "int", "data": 16}, "Hcamera2end": {"type": "ndarray", "data": [[0.9999914380016035, 0.004129471092219845, 0.00026719278381540546, -0.01443775874287067], [-0.00024468260223195677, -0.0054506494735593325, 0.9999851151645912, 0.03271407230604724], [0.004130865999928754, -0.9999766186710642, -0.0054495923953747916, 0.03507659621763744], [0.0, 0.0, 0.0, 1.0]]}, "Hobj2base": {"type": "ndarray", "data": [[0.9999811908575492, 0.004609683256999658, 0.004045831359292471, -0.7349860863427874], [0.004601210552950743, -0.9999872072553104, 0.002100996709395744, 0.08909053836061216], [0.004055464531359147, -0.0020823414695035126, -0.9999896084767281, -0.003408783011612432], [0.0, 0.0, 0.0, 1.0]]}, "mean_rme": {"type": "float", "data": 0.0024533673733731455}, "max_rme": {"type": "float", "data": 0.0075908155992802095}, "simu": {"type": "float", "data": 0.002}}, {"type": "dict", "image_number": {"type": "int", "data": 17}, "Hcamera2end": {"type": "ndarray", "data": [[0.9999955253951484, 0.0029886182987903763, -0.00013172070960655873, -0.014378687976256868], [0.0001495069143854159, -0.005951870930547942, 0.999982276282989, 0.032840485376903344], [0.0029877813447029373, -0.9999778214506009, -0.005952291117377495, 0.035489929531847354], [0.0, 0.0, 0.0, 1.0]]}, "Hobj2base": {"type": "ndarray", "data": [[0.9999802185546776, 0.004108667552880756, 0.004762494123788644, -0.7347435345051578], [0.004099313277595595, -0.9999896528669647, 0.001972254968239485, 0.08913054748393401], [0.004770548185622379, -0.0019526929987895509, -0.9999867143417764, -0.003803869024787181], [0.0, 0.0, 0.0, 1.0]]}, "mean_rme": {"type": "float", "data": 0.0024901124412692426}, "max_rme": {"type": "float", "data": 0.00719507356965321}, "simu": {"type": "float", "data": 0.002}}, {"type": "dict", "image_number": {"type": "int", "data": 18}, "Hcamera2end": {"type": "ndarray", "data": [[0.9999942294007451, 0.0033961836765800503, -8.427125827218935e-05, -0.01511791854943231], [9.852652057844541e-05, -0.004197486915411108, 0.9999911856592134, 0.03282446055427765], [0.0033958000139558088, -0.9999854234137764, -0.004197797307557316, 0.03430244766910729], [0.0, 0.0, 0.0, 1.0]]}, "Hobj2base": {"type": "ndarray", "data": [[0.9999881915107252, 0.004046228258227569, 0.0026916307309198554, -0.7347921733482903], [0.004041498400879805, -0.9999902836463659, 0.0017603702837890064, 0.08846054299837053], [0.002698727438071033, -0.001749471275180619, -0.9999948280968618, -0.003128020460941979], [0.0, 0.0, 0.0, 1.0]]}, "mean_rme": {"type": "float", "data": 0.00251424027669187}, "max_rme": {"type": "float", "data": 0.007615685722360488}, "simu": {"type": "float", "data": 0.002}}, {"type": "dict", "image_number": {"type": "int", "data": 19}, "Hcamera2end": {"type": "ndarray", "data": [[0.9999961681447106, 0.0024923099628635995, -0.001205025702913513, -0.014694300022958276], [0.001215093943446021, -0.004042161186304405, 0.9999910922001518, 0.032940000134756064], [0.0024874168537404743, -0.9999887245984291, -0.004045174088068704, 0.034211990415141356], [0.0, 0.0, 0.0, 1.0]]}, "Hobj2base": {"type": "ndarray", "data": [[0.9999912258823552, 0.00326411706774146, 0.002625585281897188, -0.7348217960578056], [0.003261006441083234, -0.9999939770545083, 0.0011881463286347893, 0.08847368970046733], [0.0026294477168504232, -0.0011795738531832425, -0.9999958472964918, -0.0031510372546737645], [0.0, 0.0, 0.0, 1.0]]}, "mean_rme": {"type": "float", "data": 0.002475701274225844}, "max_rme": {"type": "float", "data": 0.007681940584991165}, "simu": {"type": "float", "data": 0.002}}, {"type": "dict", "image_number": {"type": "int", "data": 20}, "Hcamera2end": {"type": "ndarray", "data": [[0.9999950856622071, 0.0028272723228507327, -0.0013546891332127165, -0.014776690699589536], [0.0013651403977958507, -0.003697939035851139, 0.9999922307891106, 0.03295627426016196], [0.0028222407993486642, -0.9999891658303605, -0.003701780486593087, 0.03400240823550445], [0.0, 0.0, 0.0, 1.0]]}, "Hobj2base": {"type": "ndarray", "data": [[0.9999907930213731, 0.0036188372838069343, 0.002306054899352781, -0.7347497644151371], [0.003616983434652607, -0.9999931326079139, 0.0008075690953863545, 0.0882944148337654], [0.0023089615239212506, -0.0007992206977445949, -0.9999970149670232, -0.0031345704282632362], [0.0, 0.0, 0.0, 1.0]]}, "mean_rme": {"type": "float", "data": 0.0024030371763150505}, "max_rme": {"type": "float", "data": 0.007659279732862401}, "simu": {"type": "float", "data": 0.002}}, {"type": "dict", "image_number": {"type": "int", "data": 21}, "Hcamera2end": {"type": "ndarray", "data": [[0.9999964580066532, 0.0022756915343712875, -0.0013802906173198356, -0.01508395255369758], [0.0013895890408526985, -0.0040894717127306635, 0.999990672588204, 0.03313965427394128], [0.002270025648624349, -0.9999890486646099, -0.0040926195038657465, 0.033712722500675016], [0.0, 0.0, 0.0, 1.0]]}, "Hobj2base": {"type": "ndarray", "data": [[0.9999906409778839, 0.003267707123747407, 0.0028354976272752684, -0.7341094609081904], [0.0032656046623712543, -0.9999943897944281, 0.0007457921013074681, 0.08815664162466806], [0.0028379187497129576, -0.0007365255071509251, -0.9999957018644365, -0.0034038935206490944], [0.0, 0.0, 0.0, 1.0]]}, "mean_rme": {"type": "float", "data": 0.00239273416845774}, "max_rme": {"type": "float", "data": 0.007496891436100883}, "simu": {"type": "float", "data": 0.002}}, {"type": "dict", "image_number": {"type": "int", "data": 22}, "Hcamera2end": {"type": "ndarray", "data": [[0.9999913226452068, 0.003155275606418979, -0.0027200864209260514, -0.014216064114359793], [0.0027322687743723123, -0.0038630838900739484, 0.9999888055824437, 0.030924479060300103], [0.003144732362914048, -0.9999875603319801, -0.0038716714297384325, 0.033550216622166194], [0.0, 0.0, 0.0, 1.0]]}, "Hobj2base": {"type": "ndarray", "data": [[0.9999894468726094, 0.00391115606935398, 0.0024101870495646157, -0.7342764618923312], [0.003911269279532347, -0.9999923500641035, -4.2259852252089474e-05, 0.08916270030385226], [0.002410003326910561, 5.168629684337393e-05, -0.9999970946020251, -0.0016262927886770316], [0.0, 0.0, 0.0, 1.0]]}, "mean_rme": {"type": "float", "data": 0.002436215933891987}, "max_rme": {"type": "float", "data": 0.009293339059083805}, "simu": {"type": "float", "data": 0.002}}, {"type": "dict", "image_number": {"type": "int", "data": 23}, "Hcamera2end": {"type": "ndarray", "data": [[0.9999910908914386, 0.0033091271119085122, -0.0026206517334238493, -0.014244750930441552], [0.0026326321930481714, -0.003621278256041416, 0.9999899777455414, 0.030819853007216437], [0.0032996038378556563, -0.9999879679383896, -0.0036299577082459233, 0.033584678203733793], [0.0, 0.0, 0.0, 1.0]]}, "Hobj2base": {"type": "ndarray", "data": [[0.9999893455783119, 0.004072508877550573, 0.002173338745318485, -0.7344163961953152], [0.004072651722177108, -0.9999917048404616, -6.130428992902733e-05, 0.08911213462472203], [0.0021730710548618945, 7.01548885512667e-05, -0.9999976364174474, -0.001427852979529443], [0.0, 0.0, 0.0, 1.0]]}, "mean_rme": {"type": "float", "data": 0.0023898331327580915}, "max_rme": {"type": "float", "data": 0.009309874808600155}, "simu": {"type": "float", "data": 0.002}}, {"type": "dict", "image_number": {"type": "int", "data": 24}, "Hcamera2end": {"type": "ndarray", "data": [[0.9999950199333492, 0.0031559635417878324, -1.6197197657465828e-06, -0.015254661365160927], [9.091620901477502e-06, -0.0023675369817945935, 0.9999971973390636, 0.030550298239906813], [0.003155950861945652, -0.999992217301096, -0.002367553884126794, 0.03261883316831757], [0.0, 0.0, 0.0, 1.0]]}, "Hobj2base": {"type": "ndarray", "data": [[0.9999925636038094, 0.0036043425301648664, 0.0013716603101218174, -0.7339426264759181], [0.0036016107872486633, -0.9999915364111134, 0.001988845363118168, 0.08947641954595902], [0.001378817180881068, -0.0019838903867067104, -0.9999970815167989, -0.00109696803593663], [0.0, 0.0, 0.0, 1.0]]}, "mean_rme": {"type": "float", "data": 0.0024789704036689503}, "max_rme": {"type": "float", "data": 0.00958305170889942}, "simu": {"type": "float", "data": 0.002}}, {"type": "dict", "image_number": {"type": "int", "data": 25}, "Hcamera2end": {"type": "ndarray", "data": [[0.999994741346228, 0.0032429075982801504, 2.881318474605085e-05, -0.015366277631165179], [-2.113312982334652e-05, -0.0023682713777148923, 0.9999971954181034, 0.030877908808931286], [0.0032429667407209424, -0.9999919373879925, -0.002368190391008218, 0.03298117848804111], [0.0, 0.0, 0.0, 1.0]]}, "Hobj2base": {"type": "ndarray", "data": [[0.9999930945069695, 0.003486178171165421, 0.0012874393710070927, -0.7342442010277601], [0.0034833733686922912, -0.9999915689164149, 0.0021744438512123353, 0.08956136687653114], [0.001295009015186666, -0.0021699442035867035, -0.999996807141805, -0.0014153247807296787], [0.0, 0.0, 0.0, 1.0]]}, "mean_rme": {"type": "float", "data": 0.002502328128882389}, "max_rme": {"type": "float", "data": 0.009594355397874399}, "simu": {"type": "float", "data": 0.002}}, {"type": "dict", "image_number": {"type": "int", "data": 26}, "Hcamera2end": {"type": "ndarray", "data": [[0.9999933014665258, 0.003660128228712935, -2.19869849238624e-05, -0.015655195919395272], [2.6789656532434473e-05, -0.0013121155303519316, 0.9999991388172038, 0.03056045667674498], [0.0036600962272090886, -0.9999924408785219, -0.001312204794680305, 0.03309742210395057], [0.0, 0.0, 0.0, 1.0]]}, "Hobj2base": {"type": "ndarray", "data": [[0.9999939859499376, 0.0034375938091752655, 0.0004593612511313135, -0.7347502212436047], [0.0034368049178474165, -0.999992636791867, 0.0017072592084246658, 0.0891233026826795], [0.0004652267324443515, -0.0017056702058753602, -0.9999984371253963, -0.0008739163532883945], [0.0, 0.0, 0.0, 1.0]]}, "mean_rme": {"type": "float", "data": 0.0025580502196679627}, "max_rme": {"type": "float", "data": 0.009719843904550912}, "simu": {"type": "float", "data": 0.002}}, {"type": "dict", "image_number": {"type": "int", "data": 27}, "Hcamera2end": {"type": "ndarray", "data": [[0.9999936821794942, 0.0035546562392978443, 4.485216455994007e-06, -0.015684708602456437], [-2.6602633706042204e-07, -0.001186947022756124, 0.9999992955780991, 0.030614642950137525], [0.003554659059034458, -0.9999929777632369, -0.0011869385782057318, 0.03306073302657331], [0.0, 0.0, 0.0, 1.0]]}, "Hobj2base": {"type": "ndarray", "data": [[0.9999946543441688, 0.003188194732780382, 0.0007257392315578865, -0.7347028371984236], [0.0031867097496651943, -0.9999928452690059, 0.002038207979880188, 0.0891283675371928], [0.0007322322430346778, -0.0020358843640368948, -0.9999976595026603, -0.0008938956039684128], [0.0, 0.0, 0.0, 1.0]]}, "mean_rme": {"type": "float", "data": 0.0024958824643553836}, "max_rme": {"type": "float", "data": 0.009710845607379615}, "simu": {"type": "float", "data": 0.002}}, {"type": "dict", "image_number": {"type": "int", "data": 28}, "Hcamera2end": {"type": "ndarray", "data": [[0.9999930939496654, 0.003704735858141653, 0.00029493252971352513, -0.015798111164052216], [-0.0002892110448944557, -0.001544811314438732, 0.9999987649567241, 0.030467048712407116], [0.003705186897741441, -0.9999919442126639, -0.0015437291953654952, 0.03328450784615687], [0.0, 0.0, 0.0, 1.0]]}, "Hobj2base": {"type": "ndarray", "data": [[0.9999939598861256, 0.0032972429321637712, 0.0010992635317254695, -0.7346704128024436], [0.003294711934496362, -0.9999919357620826, 0.0022963632271501035, 0.08921008627832076], [0.0011068263344232176, -0.0022927276001775817, -0.9999967591625567, -0.0008640574029708288], [0.0, 0.0, 0.0, 1.0]]}, "mean_rme": {"type": "float", "data": 0.0024561427638226923}, "max_rme": {"type": "float", "data": 0.009823711816686814}, "simu": {"type": "float", "data": 0.002}}, {"type": "dict", "image_number": {"type": "int", "data": 29}, "Hcamera2end": {"type": "ndarray", "data": [[0.9999924515266299, 0.0038854662266221826, -6.477858453131672e-06, -0.015698904923523813], [1.1162668499733108e-05, -0.0012057061421155701, 0.9999992730737827, 0.03055886352065552], [0.0038854555917811912, -0.9999917246782098, -0.00120574041304633, 0.03312072371014181], [0.0, 0.0, 0.0, 1.0]]}, "Hobj2base": {"type": "ndarray", "data": [[0.9999936875252384, 0.0034662640014364757, 0.0007809760227600197, -0.7346704166954576], [0.0034646546443609246, -0.9999918912336285, 0.002052714102432909, 0.08914711831046153], [0.0007880849390064136, -0.0020499953325225544, -0.9999975882177246, -0.0009489183006101744], [0.0, 0.0, 0.0, 1.0]]}, "mean_rme": {"type": "float", "data": 0.0024151464503442137}, "max_rme": {"type": "float", "data": 0.009810616998665478}, "simu": {"type": "float", "data": 0.002}}, {"type": "dict", "image_number": {"type": "int", "data": 30}, "Hcamera2end": {"type": "ndarray", "data": [[0.9999926778312149, 0.0038266368382678002, 3.3681806535800635e-05, -0.015734394217898722], [-3.07581581635919e-05, -0.0007640818463323651, 0.9999997076163913, 0.03050772965016826], [0.0038266614550788373, -0.9999923864857374, -0.0007639585512950742, 0.03284997027228571], [0.0, 0.0, 0.0, 1.0]]}, "Hobj2base": {"type": "ndarray", "data": [[0.9999946337307141, 0.0032146333506102606, 0.0006313811813350799, -0.734689826333433], [0.0032133166741789942, -0.9999926835245463, 0.0020754501505236525, 0.08913800838637956], [0.0006380483731215673, -0.002073410185421509, -0.9999976469294694, -0.0009167427490407775], [0.0, 0.0, 0.0, 1.0]]}, "mean_rme": {"type": "float", "data": 0.0023935717822817894}, "max_rme": {"type": "float", "data": 0.009872922030178616}, "simu": {"type": "float", "data": 0.002}}]}