{"type": "list", "data": [{"type": "dict", "image_number": {"type": "int", "data": 5}, "Hcamera2end": {"type": "ndarray", "data": [[0.9997845909219141, 0.0033554084486525654, -0.020482016239708627, -0.014152244339013728], [0.020507824745838503, -0.007846782054815815, 0.9997588995030643, 0.02773717063532621], [0.003193881540531983, -0.9999635839596995, -0.007913903915143017, 0.025715420626112474], [0.0, 0.0, 0.0, 1.0]]}, "Hobj2base": {"type": "ndarray", "data": [[0.999913217690556, 0.001290253667574773, 0.013110771647468364, -0.7232651513872413], [0.001507241061550556, -0.9998618381931272, -0.016553934560786722, 0.08051778643066515], [0.013087601464788209, 0.016572259065490827, -0.9997770125969916, -0.005124164411382281], [0.0, 0.0, 0.0, 1.0]]}, "mean_rme": {"type": "float", "data": 0.0012548640200372443}, "max_rme": {"type": "float", "data": 0.004577009266211102}, "simu": {"type": "float", "data": 0.002}}, {"type": "dict", "image_number": {"type": "int", "data": 6}, "Hcamera2end": {"type": "ndarray", "data": [[0.999982661746028, 0.0020037720930603485, 0.005537247035116994, -0.013568150118477014], [-0.0055612758815291935, 0.012191806654155202, 0.9999102119995962, 0.029362960479852224], [0.0019360831331224064, -0.9999236694607778, 0.012202738798928303, 0.02644496455049354], [0.0, 0.0, 0.0, 1.0]]}, "Hobj2base": {"type": "ndarray", "data": [[0.9999811872948903, 0.0020960936466306785, -0.005764672386714548, -0.7335875894608194], [0.0021538473858477617, -0.9999473719041054, 0.010030671139623297, 0.09355761156983629], [-0.005743343776936173, -0.010042898660115488, -0.9999330748548938, 0.002433414175194104], [0.0, 0.0, 0.0, 1.0]]}, "mean_rme": {"type": "float", "data": 0.0013539741009317675}, "max_rme": {"type": "float", "data": 0.004166640795486981}, "simu": {"type": "float", "data": 0.002}}, {"type": "dict", "image_number": {"type": "int", "data": 7}, "Hcamera2end": {"type": "ndarray", "data": [[0.9999818528970901, 0.005959949696152338, -0.0008791337338249156, -0.0156918979491912], [0.0008392475701563137, 0.006691566752925371, 0.9999772590403778, 0.02947156682298886], [0.005965696943241587, -0.9999598501610004, 0.006686443447074142, 0.027802816466460614], [0.0, 0.0, 0.0, 1.0]]}, "Hobj2base": {"type": "ndarray", "data": [[0.9999792890360273, 0.0059344647663071475, -0.0024907081199804794, -0.7342514551369247], [0.005938389790055861, -0.9999811328723258, 0.0015714407660784172, 0.08759324771389487], [-0.0024813354676137497, -0.0015861990156950268, -0.9999956634640872, 0.0007962869698253661], [0.0, 0.0, 0.0, 1.0]]}, "mean_rme": {"type": "float", "data": 0.0019329893672750205}, "max_rme": {"type": "float", "data": 0.005315314747270428}, "simu": {"type": "float", "data": 0.002}}, {"type": "dict", "image_number": {"type": "int", "data": 8}, "Hcamera2end": {"type": "ndarray", "data": [[0.9999874758711323, 0.004993313513849556, -0.0003390000499089653, -0.015714564446511932], [0.0003032593118379723, 0.0071567384513339105, 0.9999743442351554, 0.02952447324519377], [0.0049956115412644365, -0.9999619232325256, 0.00715513455059924, 0.027879956254466043], [0.0, 0.0, 0.0, 1.0]]}, "Hobj2base": {"type": "ndarray", "data": [[0.9999825222494476, 0.004878881355514003, -0.0033394179660252922, -0.7340506953201078], [0.004883233922493836, -0.9999872365007931, 0.001296480607641218, 0.08801698114690344], [-0.0033330499683023236, -0.001312765107169642, -0.9999935836922569, 0.0009807026427873303], [0.0, 0.0, 0.0, 1.0]]}, "mean_rme": {"type": "float", "data": 0.0018389612648790558}, "max_rme": {"type": "float", "data": 0.004967429051689787}, "simu": {"type": "float", "data": 0.002}}, {"type": "dict", "image_number": {"type": "int", "data": 9}, "Hcamera2end": {"type": "ndarray", "data": [[0.9999831475805856, 0.005773674126110549, -0.0006076527876301557, -0.015977995468789214], [0.0005590810159851753, 0.00841052081844873, 0.9999644746529648, 0.029553899445941233], [0.005778579690754303, -0.9999479625593763, 0.008407151129227963, 0.027057389696786425], [0.0, 0.0, 0.0, 1.0]]}, "Hobj2base": {"type": "ndarray", "data": [[0.999971091714832, 0.005701825320355823, -0.005030399851232744, -0.7342166587159], [0.005705261004906449, -0.999983501149474, 0.0006688988751853864, 0.08743835472535363], [-0.005026502910874224, -0.0006975792825762793, -0.9999871237429163, 0.0011720148783999197], [0.0, 0.0, 0.0, 1.0]]}, "mean_rme": {"type": "float", "data": 0.0017913890692101047}, "max_rme": {"type": "float", "data": 0.004888407930764421}, "simu": {"type": "float", "data": 0.002}}, {"type": "dict", "image_number": {"type": "int", "data": 10}, "Hcamera2end": {"type": "ndarray", "data": [[0.9999821144880554, 0.005869429298489652, -0.0011491317190194862, -0.016096383218900483], [0.0010938677061560118, 0.009410116012493086, 0.9999551255781794, 0.029527815540512165], [0.005879979374033074, -0.9999384978669145, 0.009403527328587513, 0.02673306152516847], [0.0, 0.0, 0.0, 1.0]]}, "Hobj2base": {"type": "ndarray", "data": [[0.9999680612745123, 0.005758559264518758, -0.005542149951980544, -0.7341445399190126], [0.005762377559920377, -0.999983170738695, 0.00067323416679597, 0.087047096907554], [-0.0055381798228424164, -0.0007051486250717342, -0.9999844155433959, 0.0012517998475482794], [0.0, 0.0, 0.0, 1.0]]}, "mean_rme": {"type": "float", "data": 0.0017234135809625357}, "max_rme": {"type": "float", "data": 0.004981032020230369}, "simu": {"type": "float", "data": 0.002}}, {"type": "dict", "image_number": {"type": "int", "data": 11}, "Hcamera2end": {"type": "ndarray", "data": [[0.9999690881680896, 0.007783807798310498, -0.0011113255321840766, -0.015515644544967544], [0.001030067354747314, 0.010435626956890931, 0.9999450168140555, 0.02964525619341886], [0.007794977198440507, -0.9999152514219273, 0.010427286526235924, 0.02576417131417894], [0.0, 0.0, 0.0, 1.0]]}, "Hobj2base": {"type": "ndarray", "data": [[0.9999517490846, 0.0076856679781968605, -0.006118007059325785, -0.7335739691577611], [0.007687476818210345, -0.9999704138668895, 0.0002721967136662718, 0.08697451968357049], [-0.006115734037588563, -0.00031921561736788275, -0.9999812477734624, 0.001407557128700665], [0.0, 0.0, 0.0, 1.0]]}, "mean_rme": {"type": "float", "data": 0.0018336292827961303}, "max_rme": {"type": "float", "data": 0.005001864450390414}, "simu": {"type": "float", "data": 0.002}}, {"type": "dict", "image_number": {"type": "int", "data": 12}, "Hcamera2end": {"type": "ndarray", "data": [[0.9999769016084227, 0.006694475050586813, -0.0011748418685470067, -0.01509296018948574], [0.0011078682352558592, 0.00999925564326043, 0.999949392476716, 0.0297561015841374], [0.006705883803968825, -0.9999275968240786, 0.00999160808027788, 0.027068920571690573], [0.0, 0.0, 0.0, 1.0]]}, "Hobj2base": {"type": "ndarray", "data": [[0.9999610903623627, 0.006882084377046569, -0.005518575535587725, -0.7346069131107646], [0.0068847509670953485, -0.9999761920077732, 0.00046435089603393063, 0.08716982008411196], [-0.005515248447337206, -0.0005023268465644557, -0.9999846647335668, 0.0014463229604847981], [0.0, 0.0, 0.0, 1.0]]}, "mean_rme": {"type": "float", "data": 0.0019347074862960832}, "max_rme": {"type": "float", "data": 0.004670815055642402}, "simu": {"type": "float", "data": 0.002}}, {"type": "dict", "image_number": {"type": "int", "data": 13}, "Hcamera2end": {"type": "ndarray", "data": [[0.9999858892459568, 0.005197606734387003, -0.0010982682767992063, -0.014878253885509807], [0.0010420803444221617, 0.010800736150707424, 0.9999411273505849, 0.029731184178098783], [0.005209162843388332, -0.9999281619110634, 0.01079516742036013, 0.026764143811075083], [0.0, 0.0, 0.0, 1.0]]}, "Hobj2base": {"type": "ndarray", "data": [[0.9999628464014062, 0.00584798191284823, -0.006333002790511593, -0.7344197758100469], [0.00584524735388778, -0.9999828150457744, -0.00045021828146096283, 0.08722937803802364], [-0.006335526826515343, 0.00041318358642825206, -0.9999798449864652, 0.0014040484747636212], [0.0, 0.0, 0.0, 1.0]]}, "mean_rme": {"type": "float", "data": 0.001983591498336693}, "max_rme": {"type": "float", "data": 0.005138248311312904}, "simu": {"type": "float", "data": 0.002}}, {"type": "dict", "image_number": {"type": "int", "data": 14}, "Hcamera2end": {"type": "ndarray", "data": [[0.9999838954586765, 0.005579749994644782, -0.0010369249192207705, -0.014810279958498766], [0.0009809899672419574, 0.01001805037387149, 0.9999493368793192, 0.02998164423294801], [0.005589855273172112, -0.9999342503668446, 0.01001241535900077, 0.02703236368339653], [0.0, 0.0, 0.0, 1.0]]}, "Hobj2base": {"type": "ndarray", "data": [[0.9999649218959646, 0.0062119198754163425, -0.005618454330038694, -0.7345138278047562], [0.006208706430807727, -0.9999805522113534, -0.0005892058490528088, 0.08720095405872683], [-0.005622005163050806, 0.0005543018472986269, -0.9999840427763877, 0.0009464785066798971], [0.0, 0.0, 0.0, 1.0]]}, "mean_rme": {"type": "float", "data": 0.001946490089472432}, "max_rme": {"type": "float", "data": 0.005041808796032193}, "simu": {"type": "float", "data": 0.002}}, {"type": "dict", "image_number": {"type": "int", "data": 15}, "Hcamera2end": {"type": "ndarray", "data": [[0.9999860734372964, 0.005092900609246899, -0.0013839417770743075, -0.014189910959689677], [0.0013434370142176143, 0.00794802671891559, 0.9999675114963807, 0.029842872160875316], [0.005103734754748633, -0.9999554446247393, 0.00794107403903499, 0.028288457137533127], [0.0, 0.0, 0.0, 1.0]]}, "Hobj2base": {"type": "ndarray", "data": [[0.9999799795762379, 0.005157037196429933, -0.003666798884811377, -0.7343955781342576], [0.005151847884889482, -0.9999857163013806, -0.001423255628990284, 0.08784299895374172], [-0.0036740862915799403, 0.001404336344730439, -0.9999922644347568, 0.0004916566819065493], [0.0, 0.0, 0.0, 1.0]]}, "mean_rme": {"type": "float", "data": 0.0019257194021078013}, "max_rme": {"type": "float", "data": 0.00553216029657963}, "simu": {"type": "float", "data": 0.002}}, {"type": "dict", "image_number": {"type": "int", "data": 16}, "Hcamera2end": {"type": "ndarray", "data": [[0.9999872539987964, 0.005036729005396236, 0.0003509998190040016, -0.01531926653742546], [-0.00039257975142701013, 0.008256731754512026, 0.9999658355473315, 0.02902092129059761], [0.005033658816955128, -0.9999532277770098, 0.00825860383202015, 0.028069263871802648], [0.0, 0.0, 0.0, 1.0]]}, "Hobj2base": {"type": "ndarray", "data": [[0.9999799503064056, 0.004526521781126044, -0.004428271193540487, -0.7342922514143473], [0.004526258309666558, -0.9999897540240161, -6.951762997602877e-05, 0.08756930203824642], [-0.004428540494646449, 4.947273688162866e-05, -0.9999901927426762, 0.0012969828081955438], [0.0, 0.0, 0.0, 1.0]]}, "mean_rme": {"type": "float", "data": 0.0019868470338381427}, "max_rme": {"type": "float", "data": 0.005557111759234373}, "simu": {"type": "float", "data": 0.002}}, {"type": "dict", "image_number": {"type": "int", "data": 17}, "Hcamera2end": {"type": "ndarray", "data": [[0.999987553228146, 0.004919451210908157, 0.0008320988939741593, -0.015611805636225612], [-0.0008681911560884555, 0.007339066393996951, 0.9999726918014218, 0.028963836018137075], [0.004913210040528346, -0.9999609677903674, 0.007343246070346088, 0.028416198093749345], [0.0, 0.0, 0.0, 1.0]]}, "Hobj2base": {"type": "ndarray", "data": [[0.9999826546367224, 0.004781012989249049, -0.0034398169268477627, -0.7341853096173152], [0.00477953402357618, -0.9999884820184262, -0.00043804680287777537, 0.08748182890793116], [-0.003441871614554239, 0.00042159848276010476, -0.9999939878691815, 0.0010917220039033653], [0.0, 0.0, 0.0, 1.0]]}, "mean_rme": {"type": "float", "data": 0.0019131176274980043}, "max_rme": {"type": "float", "data": 0.005552423216026364}, "simu": {"type": "float", "data": 0.002}}, {"type": "dict", "image_number": {"type": "int", "data": 18}, "Hcamera2end": {"type": "ndarray", "data": [[0.9999882117962875, 0.004831313990877819, 0.00048443119724060017, -0.015248407275392012], [-0.000521802810216106, 0.007737031276245587, 0.9999699325824041, 0.028957147029963062], [0.004827420666418279, -0.9999583975106925, 0.007739461063762332, 0.028344541087221606], [0.0, 0.0, 0.0, 1.0]]}, "Hobj2base": {"type": "ndarray", "data": [[0.9999799072636383, 0.004838716584499765, -0.004095349902051183, -0.7344279471109868], [0.0048362272835871445, -0.9999881147161285, -0.0006175209671257718, 0.08752822033844183], [-0.00409828923659995, 0.0005977025165076457, -0.9999914233517382, 0.0011430058295443216], [0.0, 0.0, 0.0, 1.0]]}, "mean_rme": {"type": "float", "data": 0.0018702961982037627}, "max_rme": {"type": "float", "data": 0.005522313456375133}, "simu": {"type": "float", "data": 0.002}}, {"type": "dict", "image_number": {"type": "int", "data": 19}, "Hcamera2end": {"type": "ndarray", "data": [[0.9999862638846019, 0.005241316068220156, 2.5455616651661774e-05, -0.015139292457520616], [-6.742456646590973e-05, 0.008007309472708113, 0.9999679387105049, 0.028947805637988336], [0.005240944193868009, -0.9999542047518384, 0.008007552876844848, 0.02843761099958021], [0.0, 0.0, 0.0, 1.0]]}, "Hobj2base": {"type": "ndarray", "data": [[0.9999766794975474, 0.005064650618159895, -0.004581459939292425, -0.7347154615499304], [0.00506107546956042, -0.9999868793492401, -0.0007916087793958669, 0.08752597207183413], [-0.0045854090494505, 0.0007684032041678588, -0.9999891917317731, 0.0011872780110949428], [0.0, 0.0, 0.0, 1.0]]}, "mean_rme": {"type": "float", "data": 0.0018743948512264866}, "max_rme": {"type": "float", "data": 0.005313853312431505}, "simu": {"type": "float", "data": 0.002}}, {"type": "dict", "image_number": {"type": "int", "data": 20}, "Hcamera2end": {"type": "ndarray", "data": [[0.9999849721466049, 0.005397342319431411, -0.0009613411677717085, -0.014623010625642238], [0.0009202859658545893, 0.007603896491254147, 0.999970666485718, 0.02885728320039594], [0.005404493935145919, -0.9999565237819277, 0.007598815122622948, 0.028598404363042625], [0.0, 0.0, 0.0, 1.0]]}, "Hobj2base": {"type": "ndarray", "data": [[0.9999771780784275, 0.005206819525316815, -0.004304921919832888, -0.7347086692310764], [0.0052009848549044975, -0.9999855425678419, -0.0013654346699409955, 0.0875117321512229], [-0.00431196925361628, 0.0013430136743914482, -0.9999898015657092, 0.001018458277497128], [0.0, 0.0, 0.0, 1.0]]}, "mean_rme": {"type": "float", "data": 0.0018279317448685554}, "max_rme": {"type": "float", "data": 0.005804791536147769}, "simu": {"type": "float", "data": 0.002}}, {"type": "dict", "image_number": {"type": "int", "data": 21}, "Hcamera2end": {"type": "ndarray", "data": [[0.9999845941770635, 0.005424883844442473, -0.0011756035929944694, -0.014452410694104328], [0.0011344210914916745, 0.007588249976289707, 0.9999705653423427, 0.02882389355717012], [0.005433644938780347, -0.9999564936023826, 0.007581978970402248, 0.028563457489549297], [0.0, 0.0, 0.0, 1.0]]}, "Hobj2base": {"type": "ndarray", "data": [[0.9999773535713, 0.005363585432755492, -0.0040650087139932145, -0.7347088620869358], [0.00535967496660727, -0.99998516418132, -0.0009722661726772512, 0.08755574614127382], [-0.004070163238941534, 0.0009504570288772643, -0.9999912651631735, 0.000987382540125489], [0.0, 0.0, 0.0, 1.0]]}, "mean_rme": {"type": "float", "data": 0.0017673280683981713}, "max_rme": {"type": "float", "data": 0.005920850548148948}, "simu": {"type": "float", "data": 0.002}}, {"type": "dict", "image_number": {"type": "int", "data": 22}, "Hcamera2end": {"type": "ndarray", "data": [[0.9999879012907672, 0.0048951983146858485, -0.00048405118185737214, -0.014500903695636969], [0.0004462594924884932, 0.007718302649457831, 0.9999701138817482, 0.02884902228471111], [0.004898788069729553, -0.9999582315465335, 0.007716024739242822, 0.02886216699768409], [0.0, 0.0, 0.0, 1.0]]}, "Hobj2base": {"type": "ndarray", "data": [[0.9999802668952167, 0.0045433713422185955, -0.004338616947577787, -0.7350790866912604], [0.004541546709773269, -0.999989594536765, -0.00043031578992176425, 0.0878586126020088], [-0.004340526886686683, 0.00041060326693195343, -0.9999904955704844, 0.0010912758548388161], [0.0, 0.0, 0.0, 1.0]]}, "mean_rme": {"type": "float", "data": 0.001769685699645873}, "max_rme": {"type": "float", "data": 0.005621013189559099}, "simu": {"type": "float", "data": 0.002}}, {"type": "dict", "image_number": {"type": "int", "data": 23}, "Hcamera2end": {"type": "ndarray", "data": [[0.9999883912531404, 0.004809626365558603, -0.00029129569143746285, -0.014647188343934909], [0.0002541478240133282, 0.007722454823239522, 0.9999701491046555, 0.028837804787229266], [0.004811732311722647, -0.9999586147364936, 0.007721142819141269, 0.028865268909869093], [0.0, 0.0, 0.0, 1.0]]}, "Hobj2base": {"type": "ndarray", "data": [[0.9999806706646606, 0.004336044778780856, -0.0044561208166009, -0.7350706676665012], [0.00433474174715577, -0.9999905593512302, -0.00030203046136108373, 0.08795216289424045], [-0.0044573883655344105, 0.0002827084903789236, -0.9999900258326924, 0.001114594760872802], [0.0, 0.0, 0.0, 1.0]]}, "mean_rme": {"type": "float", "data": 0.0017319358892516885}, "max_rme": {"type": "float", "data": 0.00555730210062888}, "simu": {"type": "float", "data": 0.002}}, {"type": "dict", "image_number": {"type": "int", "data": 24}, "Hcamera2end": {"type": "ndarray", "data": [[0.9999878365659423, 0.004931811501377401, 6.28926174006967e-05, -0.014853063492255925], [-0.00010243777370112003, 0.008018540968172339, 0.9999678457366741, 0.02883075835984592], [0.0049311486155824875, -0.9999556891363022, 0.00801894863896857, 0.028574537327210325], [0.0, 0.0, 0.0, 1.0]]}, "Hobj2base": {"type": "ndarray", "data": [[0.999976846359597, 0.0045663269217665085, -0.005045334791500953, -0.7349866493498772], [0.004567877341684452, -0.9999895234395368, 0.0002958171043819431, 0.08800645549163999], [-0.005043931136138294, -0.0003188567256143927, -0.9999872284629852, 0.0012358324089400037], [0.0, 0.0, 0.0, 1.0]]}, "mean_rme": {"type": "float", "data": 0.0017092144448363333}, "max_rme": {"type": "float", "data": 0.00535718604460933}, "simu": {"type": "float", "data": 0.002}}, {"type": "dict", "image_number": {"type": "int", "data": 25}, "Hcamera2end": {"type": "ndarray", "data": [[0.9999859530596327, 0.005299942326961361, 6.553433459614236e-05, -0.014846401468893688], [-0.00010318029122389745, 0.007103126516401548, 0.9999747671554113, 0.028892262028798854], [0.005299343095670493, -0.99996072733134, 0.007103573588799761, 0.02912725931138113], [0.0, 0.0, 0.0, 1.0]]}, "Hobj2base": {"type": "ndarray", "data": [[0.9999788214907117, 0.004827958137417528, -0.004364331594955524, -0.7349192548564822], [0.004829903031498166, -0.9999882412479457, 0.00043520402970465385, 0.08797738864625687], [-0.004362179129025766, -0.00045627411113300737, -0.9999903815573341, 0.0010602335747154745], [0.0, 0.0, 0.0, 1.0]]}, "mean_rme": {"type": "float", "data": 0.0017056699033529616}, "max_rme": {"type": "float", "data": 0.005419313124128355}, "simu": {"type": "float", "data": 0.002}}, {"type": "dict", "image_number": {"type": "int", "data": 26}, "Hcamera2end": {"type": "ndarray", "data": [[0.9999838314444985, 0.005656697901469929, 0.0005819092989771514, -0.01499035555365707], [-0.0006201404548325522, 0.006759161338364406, 0.999976964316588, 0.028808640265443504], [0.00565263437673183, -0.9999611569990375, 0.0067625599996986585, 0.02943847683013025], [0.0, 0.0, 0.0, 1.0]]}, "Hobj2base": {"type": "ndarray", "data": [[0.9999787846682447, 0.005135536611794478, -0.004007053422305526, -0.7349681353060077], [0.005137772137215308, -0.9999866515153557, 0.0005478034058236573, 0.08810095372172813], [-0.0040041866697677776, -0.0005683791114181206, -0.9999918216837067, 0.0009999360403942438], [0.0, 0.0, 0.0, 1.0]]}, "mean_rme": {"type": "float", "data": 0.0017229268870831223}, "max_rme": {"type": "float", "data": 0.005542204372271792}, "simu": {"type": "float", "data": 0.002}}, {"type": "dict", "image_number": {"type": "int", "data": 27}, "Hcamera2end": {"type": "ndarray", "data": [[0.9999849797589758, 0.0054576281453008815, 0.0005045309389082125, -0.014965350825041916], [-0.0005471208137642911, 0.007805057311558894, 0.9999693904011155, 0.028839116489299], [0.005453523196598859, -0.9999546466592328, 0.007807926059668957, 0.02906636158170913], [0.0, 0.0, 0.0, 1.0]]}, "Hobj2base": {"type": "ndarray", "data": [[0.9999777282425034, 0.004861874196814335, -0.00457222027643955, -0.7348223031093524], [0.004864682706180124, -0.9999879853526747, 0.0006033344566289093, 0.08820982863216198], [-0.004569232006598704, -0.0006255634202178435, -0.9999893653380905, 0.001134280000583858], [0.0, 0.0, 0.0, 1.0]]}, "mean_rme": {"type": "float", "data": 0.0017970035387044317}, "max_rme": {"type": "float", "data": 0.006900246454302816}, "simu": {"type": "float", "data": 0.002}}, {"type": "dict", "image_number": {"type": "int", "data": 28}, "Hcamera2end": {"type": "ndarray", "data": [[0.9999860017791771, 0.005242509146886766, 0.0007157817687296507, -0.014986770014370309], [-0.0007556927551534876, 0.007614934898851344, 0.9999707204188262, 0.02875083373105399], [0.005236905016843984, -0.9999572635189622, 0.007618790029492284, 0.02916476032218196], [0.0, 0.0, 0.0, 1.0]]}, "Hobj2base": {"type": "ndarray", "data": [[0.999979917233973, 0.004498891989923873, -0.004463753980644521, -0.734768885096301], [0.0045026905998742685, -0.999989508936016, 0.0008413056921580344, 0.0883442639633459], [-0.004459922207676374, -0.0008613876995014609, -0.9999896834993514, 0.001272608999322312], [0.0, 0.0, 0.0, 1.0]]}, "mean_rme": {"type": "float", "data": 0.0017562315196060798}, "max_rme": {"type": "float", "data": 0.006874052279590148}, "simu": {"type": "float", "data": 0.002}}, {"type": "dict", "image_number": {"type": "int", "data": 29}, "Hcamera2end": {"type": "ndarray", "data": [[0.9999876805135391, 0.004846030273091881, 0.001074621674979807, -0.015721216528450047], [-0.0011139813591191892, 0.008126675065149414, 0.9999663575330505, 0.028688541441620374], [0.004837134139508056, -0.9999552355695617, 0.00813197333607596, 0.029426448278041657], [0.0, 0.0, 0.0, 1.0]]}, "Hobj2base": {"type": "ndarray", "data": [[0.9999770046440427, 0.004291816180965001, -0.0052507615635223135, -0.7354542003575005], [0.004297220529400723, -0.9999902483292642, 0.0010184017372691936, 0.08806626478937404], [-0.005246339566769698, -0.0010409419991444938, -0.9999856960781512, 0.001505013060187257], [0.0, 0.0, 0.0, 1.0]]}, "mean_rme": {"type": "float", "data": 0.0018431669588432704}, "max_rme": {"type": "float", "data": 0.007665723749841147}, "simu": {"type": "float", "data": 0.002}}, {"type": "dict", "image_number": {"type": "int", "data": 30}, "Hcamera2end": {"type": "ndarray", "data": [[0.9999849808103123, 0.005396528860039685, 0.0009568856055446212, -0.01575400705107832], [-0.0010011222351677903, 0.008200502440951163, 0.9999658741747071, 0.028732215038058374], [0.0053884977562946405, -0.9999518134570178, 0.008205781861084005, 0.029522500463848283], [0.0, 0.0, 0.0, 1.0]]}, "Hobj2base": {"type": "ndarray", "data": [[0.9999743741480926, 0.004716081228007223, -0.005386058390069698, -0.7355511950393576], [0.0047210236731967045, -0.9999884461244624, 0.0009052916991218772, 0.08782161924077024], [-0.0053817267310333206, -0.0009306962094156012, -0.9999850852997552, 0.001506491835095225], [0.0, 0.0, 0.0, 1.0]]}, "mean_rme": {"type": "float", "data": 0.001848330448121438}, "max_rme": {"type": "float", "data": 0.007668944841569908}, "simu": {"type": "float", "data": 0.002}}]}