{"type": "list", "data": [{"type": "dict", "image_number": {"type": "int", "data": 5}, "Hcamera2end": {"type": "ndarray", "data": [[0.9996501297891839, 0.001785697381767322, -0.02638994689893449, -0.022645784762863858], [0.026407050684880074, -0.010349784030295517, 0.9995976938972261, 0.02675043198049391], [0.00151184873383799, -0.9999448451066625, -0.010393317950443182, 0.027409310780083296], [0.0, 0.0, 0.0, 1.0]]}, "Hobj2base": {"type": "ndarray", "data": [[0.9999442897287868, 0.006677687998626249, 0.008174712336540432, -0.7253300362263646], [0.006875781607763679, -0.9996774298824376, -0.02444912699724521, 0.06844423394046939], [0.008008811776694599, 0.02450397246648161, -0.9996676519060164, 0.0038241567706743585], [0.0, 0.0, 0.0, 1.0]]}, "mean_rme": {"type": "float", "data": 0.0016089102942441465}, "max_rme": {"type": "float", "data": 0.006038694053466492}, "simu": {"type": "float", "data": 0.002}}, {"type": "dict", "image_number": {"type": "int", "data": 6}, "Hcamera2end": {"type": "ndarray", "data": [[0.9999534634817094, 0.0014427620351178914, 0.009538831618374995, -0.019394308675303656], [-0.009544388591940834, 0.00389506747000834, 0.9999468651362484, 0.025231737181010922], [0.0014055309814151084, -0.9999913734063481, 0.003908656488638584, 0.028673575382784464], [0.0, 0.0, 0.0, 1.0]]}, "Hobj2base": {"type": "ndarray", "data": [[0.9999809429844587, 0.004001591764720249, -0.004701162756306542, -0.7335574713775116], [0.0040472109621079696, -0.9999444262140331, 0.00973470939043428, 0.08926493481556454], [-0.004661947161965021, -0.009753550473368115, -0.9999415655436183, 0.005914697402375231], [0.0, 0.0, 0.0, 1.0]]}, "mean_rme": {"type": "float", "data": 0.0017410407454910657}, "max_rme": {"type": "float", "data": 0.0049746681478966825}, "simu": {"type": "float", "data": 0.002}}, {"type": "dict", "image_number": {"type": "int", "data": 7}, "Hcamera2end": {"type": "ndarray", "data": [[0.9999935515838757, 0.0014081187264306542, 0.0033036331997952292, -0.017289201790773513], [-0.0033142353781862414, 0.007594692185169394, 0.9999656676578803, 0.025711917916064694], [0.0013829803051716432, -0.9999701684811726, 0.007599310048333585, 0.028022280304796202], [0.0, 0.0, 0.0, 1.0]]}, "Hobj2base": {"type": "ndarray", "data": [[0.9999570668842451, 0.0030303058453272328, -0.008756805053275892, -0.7348144711383277], [0.003058852453185224, -0.9999900456690203, 0.0032483818339946544, 0.08866953252692984], [-0.008746874294680662, -0.0032750281454606376, -0.9999563822391047, 0.006707482705817447], [0.0, 0.0, 0.0, 1.0]]}, "mean_rme": {"type": "float", "data": 0.0017582864404246013}, "max_rme": {"type": "float", "data": 0.005609435023272935}, "simu": {"type": "float", "data": 0.002}}, {"type": "dict", "image_number": {"type": "int", "data": 8}, "Hcamera2end": {"type": "ndarray", "data": [[0.999990094278204, 0.002175331418965163, 0.003883204692824411, -0.018122238034511025], [-0.00389719514915003, 0.006464524098907076, 0.9999715104932461, 0.025506233578287574], [0.0021501663745282576, -0.9999767386601512, 0.006472937754183672, 0.028523001787826168], [0.0, 0.0, 0.0, 1.0]]}, "Hobj2base": {"type": "ndarray", "data": [[0.9999700265183301, 0.0038895129191907616, -0.006694606350019387, -0.7344488641598091], [0.0039165373651843215, -0.9999842163044377, 0.004028383927362414, 0.08815815164941611], [-0.006678832233061914, -0.004054482858585659, -0.9999694767185405, 0.00647071553789956], [0.0, 0.0, 0.0, 1.0]]}, "mean_rme": {"type": "float", "data": 0.0017538699431915406}, "max_rme": {"type": "float", "data": 0.005489781012162992}, "simu": {"type": "float", "data": 0.002}}, {"type": "dict", "image_number": {"type": "int", "data": 9}, "Hcamera2end": {"type": "ndarray", "data": [[0.999986852502412, 0.001726222439685315, 0.004828558626328453, -0.01796322054947641], [-0.00483956494005219, 0.006429670660063835, 0.9999676184489147, 0.027081026042869275], [0.0016951205001950974, -0.9999778395001021, 0.006437940291582178, 0.028406871929517873], [0.0, 0.0, 0.0, 1.0]]}, "Hobj2base": {"type": "ndarray", "data": [[0.9999748208275795, 0.004084662467991326, -0.005802865100347764, -0.7343558745396831], [0.004110963612681278, -0.9999812994786035, 0.004527766696599486, 0.08830967327490459], [-0.005784262185055372, -0.00455150805845798, -0.9999729126758226, 0.004570633020249558], [0.0, 0.0, 0.0, 1.0]]}, "mean_rme": {"type": "float", "data": 0.0018141352130127267}, "max_rme": {"type": "float", "data": 0.005006723616513886}, "simu": {"type": "float", "data": 0.002}}, {"type": "dict", "image_number": {"type": "int", "data": 10}, "Hcamera2end": {"type": "ndarray", "data": [[0.9999884269365718, 0.0029289154547759797, 0.0038167325265853606, -0.016332319427046355], [-0.0038262483272032124, 0.0032502195141792534, 0.9999873978690175, 0.02692937435426105], [0.0029164733256614697, -0.9999904287178798, 0.0032613886570420636, 0.02974805237670604], [0.0, 0.0, 0.0, 1.0]]}, "Hobj2base": {"type": "ndarray", "data": [[0.9999836980791287, 0.00526647422857519, -0.0022063148437496617, -0.7334665416666489], [0.005273199829041404, -0.9999814339800346, 0.0030536959240533798, 0.0889070877128941], [-0.002190191670378291, -0.0030652804820009327, -0.9999929035328268, 0.004000732875494512], [0.0, 0.0, 0.0, 1.0]]}, "mean_rme": {"type": "float", "data": 0.001976694779232319}, "max_rme": {"type": "float", "data": 0.006284340065141003}, "simu": {"type": "float", "data": 0.002}}, {"type": "dict", "image_number": {"type": "int", "data": 11}, "Hcamera2end": {"type": "ndarray", "data": [[0.9999846327006529, 0.0023011540859087408, 0.005043714148659326, -0.016550017790519733], [-0.005053732315882967, 0.004368697442058367, 0.9999776868872321, 0.02682688507460719], [0.0022790682788984035, -0.9999878095119623, 0.004380259723744784, 0.029915879315894046], [0.0, 0.0, 0.0, 1.0]]}, "Hobj2base": {"type": "ndarray", "data": [[0.9999833657018347, 0.004877505996531164, -0.0030786774570701636, -0.7342160753702419], [0.004890312483632342, -0.9999793644037345, 0.0041660065429317055, 0.08893335128109732], [-0.0030582942048303897, -0.0041809929391380994, -0.9999865829772916, 0.0043155111650707186], [0.0, 0.0, 0.0, 1.0]]}, "mean_rme": {"type": "float", "data": 0.002019144345041805}, "max_rme": {"type": "float", "data": 0.006226426979505373}, "simu": {"type": "float", "data": 0.002}}, {"type": "dict", "image_number": {"type": "int", "data": 12}, "Hcamera2end": {"type": "ndarray", "data": [[0.9999907376615642, 0.002331715558221643, 0.003617691755275846, -0.01637540108115121], [-0.003617065533592897, -0.00027272800019217946, 0.9999934212065413, 0.02741354574310595], [0.00233268686418431, -0.9999972443571998, -0.00026429150611329, 0.03166714153389358], [0.0, 0.0, 0.0, 1.0]]}, "Hobj2base": {"type": "ndarray", "data": [[0.9999908217460494, 0.004277793323522236, -0.00023855385575060123, -0.7343619572759287], [0.0042784289367796035, -0.999987118745834, 0.0027308218980484056, 0.08857575782365457], [-0.00022686889119455316, -0.002731817469590955, -0.9999962428448517, 0.0029524169714319204], [0.0, 0.0, 0.0, 1.0]]}, "mean_rme": {"type": "float", "data": 0.0021165501698476546}, "max_rme": {"type": "float", "data": 0.008552782787208307}, "simu": {"type": "float", "data": 0.002}}, {"type": "dict", "image_number": {"type": "int", "data": 13}, "Hcamera2end": {"type": "ndarray", "data": [[0.9999933392702631, 0.0020665868362192297, 0.0030084271566374683, -0.0159006602521797], [-0.003006989037468718, -0.0006986459803663969, 0.9999952349440085, 0.027521543673536847], [0.0020686788143574534, -0.9999976205534905, -0.000692427122912731, 0.031169450176373497], [0.0, 0.0, 0.0, 1.0]]}, "Hobj2base": {"type": "ndarray", "data": [[0.9999934179758645, 0.003622330948535249, 0.00020669651022761314, -0.7335603340836042], [0.0036219963343400714, -0.9999921654849737, 0.0015969067685654144, 0.08862330080374005], [0.00021247941567039777, -0.001596147603684156, -0.9999987035818225, 0.002828995450150452], [0.0, 0.0, 0.0, 1.0]]}, "mean_rme": {"type": "float", "data": 0.002118066653433967}, "max_rme": {"type": "float", "data": 0.008456383595324413}, "simu": {"type": "float", "data": 0.002}}, {"type": "dict", "image_number": {"type": "int", "data": 14}, "Hcamera2end": {"type": "ndarray", "data": [[0.9999947560246346, 0.001553894754645234, 0.0028413613502820487, -0.016068113265803496], [-0.0028406695016028505, -0.00044726118798954495, 0.9999958652685583, 0.027530245739619087], [0.0015551591603607693, -0.9999986926834061, -0.00044284474112465944, 0.03093433960016], [0.0, 0.0, 0.0, 1.0]]}, "Hobj2base": {"type": "ndarray", "data": [[0.9999953240418596, 0.0030373685914953865, 0.0003553680563373025, -0.7333301529140221], [0.003037005878919794, -0.9999948713501032, 0.0010167933819541944, 0.08852492756817988], [0.00035845461006134516, -0.0010157093725946264, -0.9999994199222131, 0.002809831343049566], [0.0, 0.0, 0.0, 1.0]]}, "mean_rme": {"type": "float", "data": 0.002021869702993511}, "max_rme": {"type": "float", "data": 0.008566273862330775}, "simu": {"type": "float", "data": 0.002}}, {"type": "dict", "image_number": {"type": "int", "data": 15}, "Hcamera2end": {"type": "ndarray", "data": [[0.9999967107724816, 0.0022082891103748447, 0.0013045702061539831, -0.015104796534110461], [-0.0013044847632552588, -4.01317986993277e-05, 0.9999991483541076, 0.027691756070977427], [0.002208339584443398, -0.9999975609213471, -3.725098719931097e-05, 0.0313863453205443], [0.0, 0.0, 0.0, 1.0]]}, "Hobj2base": {"type": "ndarray", "data": [[0.9999930010739696, 0.0037173509616261935, -0.0004232078733047735, -0.7340999906642742], [0.003717355682220476, -0.9999930905557446, 1.036825247032173e-05, 0.08837927989497321], [-0.0004231664067402739, -1.1941394096279568e-05, -0.9999999103937929, 0.0029058668120195085], [0.0, 0.0, 0.0, 1.0]]}, "mean_rme": {"type": "float", "data": 0.002080258618041589}, "max_rme": {"type": "float", "data": 0.008590388736736565}, "simu": {"type": "float", "data": 0.002}}, {"type": "dict", "image_number": {"type": "int", "data": 16}, "Hcamera2end": {"type": "ndarray", "data": [[0.9999976065300187, 0.002176706051269746, -0.00022109952570345363, -0.014483465069770855], [0.00022232207955193476, -0.0005614272244276464, 0.9999998176861655, 0.02774725755254802], [0.0021765815231330815, -0.999997473371927, -0.0005619098104843179, 0.03168010434689402], [0.0, 0.0, 0.0, 1.0]]}, "Hobj2base": {"type": "ndarray", "data": [[0.9999936118631144, 0.003570158316726546, -0.00017378882673268125, -0.7341553503596094], [0.003569944818093177, -0.9999928912093774, -0.0012136822921390387, 0.08837892311600196], [-0.00017812062923344338, 0.0012130541224489842, -0.9999992483860862, 0.002929100778899508], [0.0, 0.0, 0.0, 1.0]]}, "mean_rme": {"type": "float", "data": 0.002040287250364439}, "max_rme": {"type": "float", "data": 0.008438508461520083}, "simu": {"type": "float", "data": 0.002}}, {"type": "dict", "image_number": {"type": "int", "data": 17}, "Hcamera2end": {"type": "ndarray", "data": [[0.9999956988919348, 0.0027859292277612915, -0.0009169492727397784, -0.014651878286735764], [0.0009221583411721662, -0.0018690688907669895, 0.9999978281003792, 0.02776978152005322], [0.0027842093356425686, -0.9999943725740759, -0.001871629919575124, 0.03221992760376983], [0.0, 0.0, 0.0, 1.0]]}, "Hobj2base": {"type": "ndarray", "data": [[0.9999934481851692, 0.003584930818002857, 0.0005018543269133264, -0.7343702921659548], [0.003585899621188809, -0.9999916829167352, -0.0019430443287058257, 0.08786481827325093], [0.0004948844734543793, 0.0019448311974799466, -0.9999979863584587, 0.002755308926592932], [0.0, 0.0, 0.0, 1.0]]}, "mean_rme": {"type": "float", "data": 0.002034572793545541}, "max_rme": {"type": "float", "data": 0.0077928700564006415}, "simu": {"type": "float", "data": 0.002}}, {"type": "dict", "image_number": {"type": "int", "data": 18}, "Hcamera2end": {"type": "ndarray", "data": [[0.9999918777549271, 0.004003507154054295, -0.00046513937951025487, -0.014749480446560687], [0.00046858077394043075, -0.0008586998658337563, 0.9999995215331849, 0.027724689738624655], [0.0040031058233861985, -0.9999916172473686, -0.0008605688577438819, 0.031983144385943574], [0.0, 0.0, 0.0, 1.0]]}, "Hobj2base": {"type": "ndarray", "data": [[0.9999899456551173, 0.0044669372211200145, -0.0003937772695058893, -0.7345496326257419], [0.004466355829984011, -0.9999889524179482, -0.0014651647189819227, 0.08794994838562403], [-0.00040031771803748664, 0.0014633912383071553, -0.9999988491152416, 0.0029289401108877435], [0.0, 0.0, 0.0, 1.0]]}, "mean_rme": {"type": "float", "data": 0.0020217815645851367}, "max_rme": {"type": "float", "data": 0.00811848297315862}, "simu": {"type": "float", "data": 0.002}}, {"type": "dict", "image_number": {"type": "int", "data": 19}, "Hcamera2end": {"type": "ndarray", "data": [[0.9999916606567419, 0.004082418058835242, 0.00011171286569630493, -0.015213383311770641], [-0.00010545334160844307, -0.001533471447482837, 0.9999988186717584, 0.028607394076569596], [0.004082584544649357, -0.999990491118847, -0.0015330281547119018, 0.03236687322334012], [0.0, 0.0, 0.0, 1.0]]}, "Hobj2base": {"type": "ndarray", "data": [[0.9999909758824082, 0.004239747400832543, 0.0002696214494968877, -0.7344473683770313], [0.004239986845856209, -0.9999906117760298, -0.0008937960329464799, 0.08798287885502672], [0.0002658294488227734, 0.000894931158625203, -0.9999995642163677, 0.0018961225533133338], [0.0, 0.0, 0.0, 1.0]]}, "mean_rme": {"type": "float", "data": 0.0020291979111358833}, "max_rme": {"type": "float", "data": 0.008082806083922867}, "simu": {"type": "float", "data": 0.002}}, {"type": "dict", "image_number": {"type": "int", "data": 20}, "Hcamera2end": {"type": "ndarray", "data": [[0.9999929862883863, 0.0036900095385582767, 0.0006412516204147671, -0.015550552391144992], [-0.000635292860031987, -0.0016157816404285263, 0.9999984928252007, 0.028589102861927576], [0.003691040099664051, -0.9999918865067338, -0.0016134260710889414, 0.03199565037064812], [0.0, 0.0, 0.0, 1.0]]}, "Hobj2base": {"type": "ndarray", "data": [[0.9999922551161499, 0.003930986578312131, 0.00019248957911651628, -0.7340805070983432], [0.003931106072528162, -0.9999920782396405, -0.0006243901113924429, 0.08785086311519338], [0.00019003358511268428, 0.0006251419725169162, -0.9999997865423524, 0.001794300041172786], [0.0, 0.0, 0.0, 1.0]]}, "mean_rme": {"type": "float", "data": 0.0020231306127279775}, "max_rme": {"type": "float", "data": 0.00800514135081315}, "simu": {"type": "float", "data": 0.002}}, {"type": "dict", "image_number": {"type": "int", "data": 21}, "Hcamera2end": {"type": "ndarray", "data": [[0.9999863383828548, 0.005226400967703584, 8.820756989865201e-05, -0.01581545620398111], [-8.733467413967258e-05, -0.00016724459666450642, 0.9999999822009497, 0.028475597228691578], [0.005226415626918061, -0.999986328287627, -0.00016678586580742838, 0.03118607553495024], [0.0, 0.0, 0.0, 1.0]]}, "Hobj2base": {"type": "ndarray", "data": [[0.9999852159745707, 0.005375602883572224, -0.0008189785890728399, -0.7337856045476344], [0.005374814397072859, -0.9999850929038345, -0.0009619461039225742, 0.08721325958208494], [-0.0008241374207303422, 0.000957530024575469, -0.9999992019665636, 0.001936849289828822], [0.0, 0.0, 0.0, 1.0]]}, "mean_rme": {"type": "float", "data": 0.002129137998818975}, "max_rme": {"type": "float", "data": 0.008618919985878354}, "simu": {"type": "float", "data": 0.002}}, {"type": "dict", "image_number": {"type": "int", "data": 22}, "Hcamera2end": {"type": "ndarray", "data": [[0.9999860218569364, 0.00524931045155206, 0.0006331117767669064, -0.016153700759298385], [-0.0006301929650436499, -0.000557672576460666, 0.9999996459289995, 0.028370643560619826], [0.005249661661999193, -0.999986066773473, -0.0005543567027157525, 0.03141234092714171], [0.0, 0.0, 0.0, 1.0]]}, "Hobj2base": {"type": "ndarray", "data": [[0.9999853526935111, 0.0054053186381475896, -0.0002773605132516134, -0.7337418749841287], [0.005405198903004593, -0.999985299077323, -0.00043064376835870135, 0.08729184094470778], [-0.0002796842025836659, 0.00042913827184547427, -0.9999998688085363, 0.001975311132978537], [0.0, 0.0, 0.0, 1.0]]}, "mean_rme": {"type": "float", "data": 0.0020910242017110415}, "max_rme": {"type": "float", "data": 0.008623834430769306}, "simu": {"type": "float", "data": 0.002}}, {"type": "dict", "image_number": {"type": "int", "data": 23}, "Hcamera2end": {"type": "ndarray", "data": [[0.9999859093723606, 0.005267764052538795, 0.0006570529809140188, -0.016139436766572427], [-0.0006541523494714343, -0.0005523421363831105, 0.9999996335013669, 0.0284636362246349], [0.005268125039957664, -0.999985972691643, -0.000548888433304473, 0.03152067346614282], [0.0, 0.0, 0.0, 1.0]]}, "Hobj2base": {"type": "ndarray", "data": [[0.9999844008141707, 0.005571723209028722, -0.00039246503770232644, -0.7338646609795717], [0.005571555459904946, -0.9999843875008216, -0.0004272287022338441, 0.0872118032901706], [-0.0003948393104180473, 0.00042503539709029417, -0.9999998317234011, 0.002003773121026661], [0.0, 0.0, 0.0, 1.0]]}, "mean_rme": {"type": "float", "data": 0.002071643244515663}, "max_rme": {"type": "float", "data": 0.008642100781648787}, "simu": {"type": "float", "data": 0.002}}, {"type": "dict", "image_number": {"type": "int", "data": 24}, "Hcamera2end": {"type": "ndarray", "data": [[0.9999886208378425, 0.00476498096622064, 0.0002305454864064767, -0.01568795540122414], [-0.00022393626675012903, -0.00138752708622647, 0.9999990123100786, 0.028370972426192104], [0.004765296148003962, -0.9999876847866558, -0.0013864442452820036, 0.03197207251939183], [0.0, 0.0, 0.0, 1.0]]}, "Hobj2base": {"type": "ndarray", "data": [[0.9999871486438447, 0.005059223019616099, 0.00032681736646107733, -0.7336737419667916], [0.0050595260367281404, -0.9999867651727594, -0.0009330999968077801, 0.0875093945963199], [0.0003220922801062394, 0.0009347415461822574, -0.9999995112572828, 0.0018109980432156891], [0.0, 0.0, 0.0, 1.0]]}, "mean_rme": {"type": "float", "data": 0.002070435448709793}, "max_rme": {"type": "float", "data": 0.008657264533020848}, "simu": {"type": "float", "data": 0.002}}, {"type": "dict", "image_number": {"type": "int", "data": 25}, "Hcamera2end": {"type": "ndarray", "data": [[0.9999779196669596, 0.006628114781525688, 0.0004777792194798911, -0.016047611403316186], [-0.0004744676137656452, -0.0005011935429724002, 0.9999997618427295, 0.02903790405433741], [0.006628352662851733, -0.999977908205714, -0.0004980376506478201, 0.0316618650923831], [0.0, 0.0, 0.0, 1.0]]}, "Hobj2base": {"type": "ndarray", "data": [[0.9999773930022974, 0.0067196532789779405, -0.0002444261425368628, -0.7336878475080979], [0.006719575854400788, -0.9999773733983757, -0.0003162145196733198, 0.0870501174211317], [-0.00024654546393789226, 0.00031456493100682494, -0.9999999201321159, 0.0011886733258771476], [0.0, 0.0, 0.0, 1.0]]}, "mean_rme": {"type": "float", "data": 0.0021515816898758783}, "max_rme": {"type": "float", "data": 0.0090772057597798}, "simu": {"type": "float", "data": 0.002}}, {"type": "dict", "image_number": {"type": "int", "data": 26}, "Hcamera2end": {"type": "ndarray", "data": [[0.9999840660251185, 0.0056107371629086685, 0.0006223538865928217, -0.015686158305325812], [-0.0006207207059534168, -0.0002928179602976755, 0.9999997644816959, 0.028958965054493562], [0.0056109180778730235, -0.999984216818511, -0.0002893305938109769, 0.031232036897312795], [0.0, 0.0, 0.0, 1.0]]}, "Hobj2base": {"type": "ndarray", "data": [[0.9999855327901628, 0.005378336179345628, -8.780840609332165e-05, -0.733410838019429], [0.005378335267868465, -0.999985536593959, -1.0613130475209026e-05, 0.0878084956391746], [-8.786421706830141e-05, 1.0140713885516385e-05, -0.9999999960885229, 0.0012345392130181676], [0.0, 0.0, 0.0, 1.0]]}, "mean_rme": {"type": "float", "data": 0.002165744071107776}, "max_rme": {"type": "float", "data": 0.008913339767896516}, "simu": {"type": "float", "data": 0.002}}, {"type": "dict", "image_number": {"type": "int", "data": 27}, "Hcamera2end": {"type": "ndarray", "data": [[0.9999853331129555, 0.005367637790702446, 0.0007225119509686297, -0.01573991030454236], [-0.0007197484055425953, -0.0005167670371428734, 0.9999996074569542, 0.02887713057458636], [0.00536800905403376, -0.9999854606024916, -0.0005128961090377082, 0.031530950044428775], [0.0, 0.0, 0.0, 1.0]]}, "Hobj2base": {"type": "ndarray", "data": [[0.9999860892206323, 0.005272705337190472, 0.00014122199821031198, -0.7335716664754507], [0.005272679247208982, -0.9999860823127587, 0.00018448397350922434, 0.08790683647465107], [0.0001421927623584575, -0.00018373678889415908, -0.9999999730110047, 0.0012509374363166468], [0.0, 0.0, 0.0, 1.0]]}, "mean_rme": {"type": "float", "data": 0.0021199961113980486}, "max_rme": {"type": "float", "data": 0.008902560990051406}, "simu": {"type": "float", "data": 0.002}}, {"type": "dict", "image_number": {"type": "int", "data": 28}, "Hcamera2end": {"type": "ndarray", "data": [[0.9999847548310158, 0.005475140725625395, 0.0007161980087909301, -0.015460265492433565], [-0.0007141530969930684, -0.0003754362079160245, 0.9999996745164509, 0.02894836890143648], [0.005475407830221698, -0.9999849408274547, -0.0003715203956220492, 0.031663739968848734], [0.0, 0.0, 0.0, 1.0]]}, "Hobj2base": {"type": "ndarray", "data": [[0.9999848083690116, 0.005512053962270891, -1.7097022097758813e-05, -0.7338939114904193], [0.005512056620640094, -0.999984795772878, 0.0001595458772526081, 0.08804705146949302], [-1.62173366658775e-05, -0.00015963769324436232, -0.9999999871264027, 0.0011868367515562187], [0.0, 0.0, 0.0, 1.0]]}, "mean_rme": {"type": "float", "data": 0.002100375507521078}, "max_rme": {"type": "float", "data": 0.008845230782992236}, "simu": {"type": "float", "data": 0.002}}, {"type": "dict", "image_number": {"type": "int", "data": 29}, "Hcamera2end": {"type": "ndarray", "data": [[0.9999890420054265, 0.004627473067969896, 0.0007087750521279257, -0.015639113210485184], [-0.0007066626628277027, -0.0004581078119025861, 0.999999645382494, 0.028765944044746874], [0.0046277961223751985, -0.999989188256672, -0.00045483272951929443, 0.03191402772755531], [0.0, 0.0, 0.0, 1.0]]}, "Hobj2base": {"type": "ndarray", "data": [[0.9999891933564097, 0.004647081513956901, 0.00013343088024720957, -0.7340939375738483], [0.004647063728208291, -0.9999891934568306, 0.0001332976522048699, 0.0882513904373973], [0.0001340488833760571, -0.00013267614990083141, -0.9999999822139682, 0.001303628343137573], [0.0, 0.0, 0.0, 1.0]]}, "mean_rme": {"type": "float", "data": 0.002117107589252878}, "max_rme": {"type": "float", "data": 0.008760640510688533}, "simu": {"type": "float", "data": 0.002}}, {"type": "dict", "image_number": {"type": "int", "data": 30}, "Hcamera2end": {"type": "ndarray", "data": [[0.9999886192285992, 0.004764792038059502, 0.00024118481233429898, -0.01550246306615624], [-0.00023821936342990164, -0.0006229246446181058, 0.9999997776081861, 0.028607112400532726], [0.004764941218372269, -0.9999884542942088, -0.0006217824895289326, 0.03197045231275781], [0.0, 0.0, 0.0, 1.0]]}, "Hobj2base": {"type": "ndarray", "data": [[0.9999893804554839, 0.0046065731177426465, 0.00013586893798671557, -0.7341223182197708], [0.004606614139423365, -0.9999893435404796, -0.00030316934366131067, 0.08833237077844512], [0.00013447091835624395, 0.0003037920199118078, -0.9999999448139887, 0.0013646528414616942], [0.0, 0.0, 0.0, 1.0]]}, "mean_rme": {"type": "float", "data": 0.0021320704644549604}, "max_rme": {"type": "float", "data": 0.008652048685182767}, "simu": {"type": "float", "data": 0.002}}]}