{"type": "list", "data": [{"type": "dict", "image_number": {"type": "int", "data": 5}, "Hcamera2end": {"type": "ndarray", "data": [[0.9996910244864237, -0.001607378550193413, 0.024804674871506643, -0.011767303934327329], [-0.024780578968991822, 0.013589838332128013, 0.9996005398158148, 0.028759532187619306], [-0.0019438279878464717, -0.9999063619301074, 0.013545807633753792, 0.031534756335095684], [0.0, 0.0, 0.0, 1.0]]}, "Hobj2base": {"type": "ndarray", "data": [[0.9999513436041206, -0.0058101602624084665, -0.007971979806739566, -0.7392889341626525], [-0.005597733685695822, -0.9996353879800781, 0.0264150804561133, 0.1079203149095949], [-0.008122548977873885, -0.026369170173595566, -0.9996192730547258, 0.0004597707539575113], [0.0, 0.0, 0.0, 1.0]]}, "mean_rme": {"type": "float", "data": 0.0014541224315274223}, "max_rme": {"type": "float", "data": 0.005017426315667234}, "simu": {"type": "float", "data": 0.002}}, {"type": "dict", "image_number": {"type": "int", "data": 6}, "Hcamera2end": {"type": "ndarray", "data": [[0.9999960263958262, -0.0012949150607401796, -0.002504074188887697, -0.01424838683255832], [0.002496977346953401, -0.005453424736061363, 0.9999820124696128, 0.02645737386715707], [-0.0013085475485387888, -0.9999842915534392, -0.00545016969273715, 0.029544384905105803], [0.0, 0.0, 0.0, 1.0]]}, "Hobj2base": {"type": "ndarray", "data": [[0.999962061909063, 0.0035289935845026405, 0.007963726945078142, -0.7273595618249903], [0.003534310540475973, -0.9999935406600466, -0.0006536720788902052, 0.08889923453245051], [0.007961368700085736, 0.0006817935639028955, -0.9999680753733875, 0.0018461198165515928], [0.0, 0.0, 0.0, 1.0]]}, "mean_rme": {"type": "float", "data": 0.001462505710997376}, "max_rme": {"type": "float", "data": 0.005068352895809147}, "simu": {"type": "float", "data": 0.002}}, {"type": "dict", "image_number": {"type": "int", "data": 7}, "Hcamera2end": {"type": "ndarray", "data": [[0.9999980537747378, 0.0009646056610024771, 0.0017210411544491982, -0.010735221509419244], [-0.0017255062025878952, 0.004647326396242324, 0.9999877124173635, 0.026991188596980117], [0.0009565955683446147, -0.9999887358832027, 0.004648981784549311, 0.027143534536387633], [0.0, 0.0, 0.0, 1.0]]}, "Hobj2base": {"type": "ndarray", "data": [[0.9999955425863665, 0.0007568505715198059, -0.002888249402467496, -0.7320987932647335], [0.0007664784626304821, -0.9999941490612216, 0.003333819744672835, 0.09381783134523396], [-0.0028857093001179654, -0.00333601866542095, -0.9999902717833307, 0.001828873288576798], [0.0, 0.0, 0.0, 1.0]]}, "mean_rme": {"type": "float", "data": 0.002056710525546146}, "max_rme": {"type": "float", "data": 0.00527044598361457}, "simu": {"type": "float", "data": 0.002}}, {"type": "dict", "image_number": {"type": "int", "data": 8}, "Hcamera2end": {"type": "ndarray", "data": [[0.9999989080257033, 1.1203485474629241e-05, 0.0014777759920597535, -0.011946212957738664], [-0.0014778080332649086, 0.003824686550758627, 0.9999915938927713, 0.02819142068708372], [5.551361335064098e-06, -0.9999926857968864, 0.0038246989309000945, 0.027712487956205206], [0.0, 0.0, 0.0, 1.0]]}, "Hobj2base": {"type": "ndarray", "data": [[0.9999983421258593, 0.0007389556089020141, -0.0016642386069745053, -0.7319163629655643], [0.0007439923767649572, -0.9999951391761841, 0.0030278869442911774, 0.0921613424807814], [-0.0016619930433632443, -0.0030291201052724185, -0.9999940310874418, 0.0015518246196237692], [0.0, 0.0, 0.0, 1.0]]}, "mean_rme": {"type": "float", "data": 0.0020533123931856146}, "max_rme": {"type": "float", "data": 0.0067403609318236815}, "simu": {"type": "float", "data": 0.002}}, {"type": "dict", "image_number": {"type": "int", "data": 9}, "Hcamera2end": {"type": "ndarray", "data": [[0.9999996316283719, -0.0008583228761776221, -4.996077718509313e-06, -0.011057030331327466], [1.127447868787062e-05, 0.007314881912546589, 0.999973245829853, 0.027403591798843788], [-0.000858263366742815, -0.9999728775244084, 0.007314888895094573, 0.027559269448222203], [0.0, 0.0, 0.0, 1.0]]}, "Hobj2base": {"type": "ndarray", "data": [[0.9999906994124821, -0.0013668536308257637, -0.004090574493503611, -0.7335411917771559], [-0.0013613253406683805, -0.9999981568051322, 0.0013539496503614968, 0.09181901427360836], [-0.004092417604773248, -0.0013483684551183807, -0.9999907169672415, 0.0024891836260536714], [0.0, 0.0, 0.0, 1.0]]}, "mean_rme": {"type": "float", "data": 0.0024012131894716312}, "max_rme": {"type": "float", "data": 0.007673978020950573}, "simu": {"type": "float", "data": 0.002}}, {"type": "dict", "image_number": {"type": "int", "data": 10}, "Hcamera2end": {"type": "ndarray", "data": [[0.9999989808838404, -0.00011401869311033759, -0.0014231061162598953, -0.011050237669958052], [0.0014239732811290823, 0.008005330987074677, 0.9999669429415565, 0.027868084629576028], [-0.00010262248849734492, -0.9999679503241716, 0.008005485188285033, 0.027845395828420917], [0.0, 0.0, 0.0, 1.0]]}, "Hobj2base": {"type": "ndarray", "data": [[0.9999854493821855, -0.0008299659951160322, -0.005330307716781535, -0.7346388232617312], [-0.000829963447264675, -0.999999655576661, 2.6899896555283765e-06, 0.09127557541009652], [-0.005330308113499093, 1.734010053084528e-06, -0.9999857938052965, 0.0022991449448884205], [0.0, 0.0, 0.0, 1.0]]}, "mean_rme": {"type": "float", "data": 0.0024215103736727}, "max_rme": {"type": "float", "data": 0.007822216769921592}, "simu": {"type": "float", "data": 0.002}}, {"type": "dict", "image_number": {"type": "int", "data": 11}, "Hcamera2end": {"type": "ndarray", "data": [[0.9999996448405644, 0.0008428006816875067, 2.3992034508209573e-06, -0.011439760248154174], [-7.364836763833725e-06, 0.005891870342277117, 0.9999826427541777, 0.02739074675742797], [0.0008427719171932382, -0.9999822876185763, 0.005891874456813162, 0.028981897415975448], [0.0, 0.0, 0.0, 1.0]]}, "Hobj2base": {"type": "ndarray", "data": [[0.9999920823573394, 0.0007720200460759365, -0.00390374277847933, -0.7342374617792441], [0.0007753384366318895, -0.9999993393540405, 0.0008486116845242877, 0.09158827040575156], [-0.0039030850542556496, -0.0008516316873430913, -0.9999920202934263, 0.0021639906560699906], [0.0, 0.0, 0.0, 1.0]]}, "mean_rme": {"type": "float", "data": 0.0024184608973480673}, "max_rme": {"type": "float", "data": 0.007954598742085789}, "simu": {"type": "float", "data": 0.002}}, {"type": "dict", "image_number": {"type": "int", "data": 12}, "Hcamera2end": {"type": "ndarray", "data": [[0.9999997708649395, 0.00032029551989640615, -0.0005963898459271606, -0.011569485488365942], [0.0005943161188259322, 0.0064359506348699025, 0.9999791124457433, 0.02737350306093724], [0.000324127165313881, -0.9999792377595675, 0.006435758803377656, 0.028780426289761896], [0.0, 0.0, 0.0, 1.0]]}, "Hobj2base": {"type": "ndarray", "data": [[0.9999916151203045, 0.00011539975895344841, -0.0040934547732208474, -0.7341347522214213], [0.00011838225142733038, -0.9999997277346262, 0.0007283655096934653, 0.0912888855783638], [-0.0040933696055106055, -0.0007288439948284621, -0.999991356518497, 0.002384697682774592], [0.0, 0.0, 0.0, 1.0]]}, "mean_rme": {"type": "float", "data": 0.002294155618659795}, "max_rme": {"type": "float", "data": 0.007816072990539408}, "simu": {"type": "float", "data": 0.002}}, {"type": "dict", "image_number": {"type": "int", "data": 13}, "Hcamera2end": {"type": "ndarray", "data": [[0.9999895032989891, 0.0010425975272157291, -0.004461645687122111, -0.010450923922559707], [0.0044535715503121204, 0.007622331297202689, 0.9999610321237732, 0.028025057158160997], [0.0010765650409623143, -0.9999704060900961, 0.007617608005184406, 0.029679205539650824], [0.0, 0.0, 0.0, 1.0]]}, "Hobj2base": {"type": "ndarray", "data": [[0.9999853688410041, 0.0002446036468701918, -0.005403912746975776, -0.7360580586974332], [0.0002303247082112193, -0.9999964812793758, -0.002642797645556811, 0.09061197584541587], [-0.0054045401700585855, 0.0026415143237376185, -0.9999819065101265, 0.0020423157534466764], [0.0, 0.0, 0.0, 1.0]]}, "mean_rme": {"type": "float", "data": 0.002438810341626211}, "max_rme": {"type": "float", "data": 0.007682549472921213}, "simu": {"type": "float", "data": 0.002}}, {"type": "dict", "image_number": {"type": "int", "data": 14}, "Hcamera2end": {"type": "ndarray", "data": [[0.9999887367701041, 0.0015452716242410126, -0.0044875905047985325, -0.010563554329873208], [0.004476457509702192, 0.0071341810595559885, 0.9999645317653889, 0.02783699496028128], [0.001577232099366883, -0.9999733574431955, 0.007127183362867662, 0.03008894936385777], [0.0, 0.0, 0.0, 1.0]]}, "Hobj2base": {"type": "ndarray", "data": [[0.9999873466722575, 0.0007359555996148799, -0.0049764309232201934, -0.7360919941051894], [0.0007234190323296845, -0.9999965618175648, -0.002520519381704617, 0.09034563312204748], [-0.004978268803695705, 0.002516887443903868, -0.9999844409376144, 0.002160578731318264], [0.0, 0.0, 0.0, 1.0]]}, "mean_rme": {"type": "float", "data": 0.002369136165161063}, "max_rme": {"type": "float", "data": 0.007482340931872555}, "simu": {"type": "float", "data": 0.002}}, {"type": "dict", "image_number": {"type": "int", "data": 15}, "Hcamera2end": {"type": "ndarray", "data": [[0.9999902968950174, 0.002599595506740783, -0.0035564334685693377, -0.010764346456793084], [0.003540176137758484, 0.006231867628365806, 0.9999743151595324, 0.02804878121222534], [0.002621691959150126, -0.9999772027046734, 0.006222604133919174, 0.03115295192425826], [0.0, 0.0, 0.0, 1.0]]}, "Hobj2base": {"type": "ndarray", "data": [[0.999988682668008, 0.0017604820948477079, -0.004419868628793345, -0.7363747995806064], [0.0017536512591078033, -0.9999972628291134, -0.0015488839664756261, 0.09065533631236956], [-0.004422583313347591, 0.0015411155290555858, -0.9999890327997412, 0.0016741457979379721], [0.0, 0.0, 0.0, 1.0]]}, "mean_rme": {"type": "float", "data": 0.0024269196041229743}, "max_rme": {"type": "float", "data": 0.007603138269120929}, "simu": {"type": "float", "data": 0.002}}, {"type": "dict", "image_number": {"type": "int", "data": 16}, "Hcamera2end": {"type": "ndarray", "data": [[0.9999882390331973, 0.0026687261611760644, -0.004049653807617215, -0.010498229026955411], [0.004033589307043662, 0.005997676864505808, 0.9999738786736038, 0.027908585277827937], [0.00269294496546015, -0.9999784526543088, 0.005986841780720176, 0.03126510049893605], [0.0, 0.0, 0.0, 1.0]]}, "Hobj2base": {"type": "ndarray", "data": [[0.9999896050876956, 0.0014258151624101697, -0.0043309084124640886, -0.7363332706697078], [0.0014161487980013387, -0.9999965014400098, -0.0022341956767472646, 0.09060695284673526], [-0.004334078810592893, 0.0022280392417365694, -0.9999881257305012, 0.0016384036503932428], [0.0, 0.0, 0.0, 1.0]]}, "mean_rme": {"type": "float", "data": 0.0023582100872790016}, "max_rme": {"type": "float", "data": 0.007420108868215813}, "simu": {"type": "float", "data": 0.002}}, {"type": "dict", "image_number": {"type": "int", "data": 17}, "Hcamera2end": {"type": "ndarray", "data": [[0.9999939663134417, 0.0008642663855932035, -0.0033645772878616344, -0.011009720483821147], [0.003360424771816962, 0.004762010169445885, 0.9999830152580087, 0.027580935063723857], [0.0008802738575123153, -0.9999882880827957, 0.004759077134797507, 0.032165005419802724], [0.0, 0.0, 0.0, 1.0]]}, "Hobj2base": {"type": "ndarray", "data": [[0.9999968319776361, 0.0003141818531268335, -0.0024974636042467053, -0.7359794954833172], [0.0003105368587280552, -0.9999988863736076, -0.0014597323056435455, 0.09100462049462762], [-0.0024979194444061776, 0.0014589521266765053, -0.9999958159198175, 0.00180159235699282], [0.0, 0.0, 0.0, 1.0]]}, "mean_rme": {"type": "float", "data": 0.002353310598745686}, "max_rme": {"type": "float", "data": 0.007386942660157797}, "simu": {"type": "float", "data": 0.002}}, {"type": "dict", "image_number": {"type": "int", "data": 18}, "Hcamera2end": {"type": "ndarray", "data": [[0.9999961277252954, 0.0007002867008812053, -0.002693349763993223, -0.011400690177335204], [0.0026909801813003323, 0.003362938334170007, 0.9999907245926957, 0.027565772518670026], [0.0007093377746054856, -0.9999941001047442, 0.0033610408543156556, 0.03318867195897965], [0.0, 0.0, 0.0, 1.0]]}, "Hobj2base": {"type": "ndarray", "data": [[0.9999990569438614, 0.0004940602589365184, -0.0012814116623398636, -0.7362080421324025], [0.0004930015044334085, -0.9999995369854842, -0.0008264250320616898, 0.09098237052017794], [-0.0012818193727929953, 0.0008257925148191582, -0.9999988375022333, 0.0014783370041798595], [0.0, 0.0, 0.0, 1.0]]}, "mean_rme": {"type": "float", "data": 0.002295081529681075}, "max_rme": {"type": "float", "data": 0.007374916205897086}, "simu": {"type": "float", "data": 0.002}}, {"type": "dict", "image_number": {"type": "int", "data": 19}, "Hcamera2end": {"type": "ndarray", "data": [[0.9999965168936279, 0.0007388663710775444, -0.0025338265721581146, -0.011815213254845422], [0.0025320062534443188, 0.002454279279566096, 0.9999937827094478, 0.027579779303326304], [0.0007450804953846974, -0.9999967152894571, 0.0024523999167782584, 0.03373772272610863], [0.0, 0.0, 0.0, 1.0]]}, "Hobj2base": {"type": "ndarray", "data": [[0.9999993572632673, 0.0009159242156215037, -0.0006682483696881817, -0.7361188565667119], [0.0009154009668218766, -0.999999274552827, -0.0007829015835308139, 0.09068134553760317], [-0.0006689649634280955, 0.0007822893651275183, -0.999999470254473, 0.0016154728034333266], [0.0, 0.0, 0.0, 1.0]]}, "mean_rme": {"type": "float", "data": 0.0022456295608383895}, "max_rme": {"type": "float", "data": 0.007315547717832077}, "simu": {"type": "float", "data": 0.002}}, {"type": "dict", "image_number": {"type": "int", "data": 20}, "Hcamera2end": {"type": "ndarray", "data": [[0.9999969250011052, 0.0009539503249233298, -0.002289097444791202, -0.012191697314908073], [0.002285802690581437, 0.0034406961470023756, 0.9999914683216469, 0.027663212220026795], [0.0009618182748843984, -0.9999936257740851, 0.0034385050246461546, 0.033188530918399156], [0.0, 0.0, 0.0, 1.0]]}, "Hobj2base": {"type": "ndarray", "data": [[0.9999988021513743, 0.0005152098658260948, -0.001459539177566891, -0.736292422346225], [0.0005140047107031192, -0.9999995267910866, -0.0008259641395314304, 0.0905348202298238], [-0.0014599640317734482, 0.0008252129401386958, -0.9999985937633258, 0.0017289721681081004], [0.0, 0.0, 0.0, 1.0]]}, "mean_rme": {"type": "float", "data": 0.0022175527093729963}, "max_rme": {"type": "float", "data": 0.007273713226838646}, "simu": {"type": "float", "data": 0.002}}, {"type": "dict", "image_number": {"type": "int", "data": 21}, "Hcamera2end": {"type": "ndarray", "data": [[0.9999982413792907, 0.0007980444770889963, -0.0016971633210838336, -0.012559092163574091], [0.0016944581023764318, 0.003378354357913449, 0.9999928577412798, 0.027910133067065253], [0.0008037723963507449, -0.9999939749052715, 0.00337699616373921, 0.03323027355748318], [0.0, 0.0, 0.0, 1.0]]}, "Hobj2base": {"type": "ndarray", "data": [[0.9999989581640404, 0.0005264758124352527, -0.0013440587980896195, -0.7362543101023916], [0.0005262055195783741, -0.9999998412632822, -0.00020144766438310124, 0.09063245102264952], [-0.0013441646420609067, 0.00020074020334948786, -0.9999990764619664, 0.0016083053837980096], [0.0, 0.0, 0.0, 1.0]]}, "mean_rme": {"type": "float", "data": 0.0021824886101056945}, "max_rme": {"type": "float", "data": 0.007512531015725049}, "simu": {"type": "float", "data": 0.002}}, {"type": "dict", "image_number": {"type": "int", "data": 22}, "Hcamera2end": {"type": "ndarray", "data": [[0.9999997908565146, -0.0003851213957199923, -0.0005195848704079569, -0.013006900840178443], [0.0005207314051384705, 0.0029829761680835176, 0.9999954153354825, 0.027543733523357938], [-0.00038356972078187077, -0.9999954767571156, 0.0029831760890189907, 0.03300701009209495], [0.0, 0.0, 0.0, 1.0]]}, "Hobj2base": {"type": "ndarray", "data": [[0.9999996918438008, -0.0005274640470707906, -0.0005814584960343115, -0.7356921521662244], [-0.0005272437071448265, -0.9999997891745036, 0.0003790316901626287, 0.09083256796492255], [-0.0005816582990372965, -0.0003787250030286637, -0.9999997591204688, 0.0018910638130497876], [0.0, 0.0, 0.0, 1.0]]}, "mean_rme": {"type": "float", "data": 0.002266759651121782}, "max_rme": {"type": "float", "data": 0.007285859426917812}, "simu": {"type": "float", "data": 0.002}}, {"type": "dict", "image_number": {"type": "int", "data": 23}, "Hcamera2end": {"type": "ndarray", "data": [[0.9999996452959745, -0.0006542452464349853, 0.0005304442313692486, -0.013373232106289679], [-0.0005282373110304586, 0.0033688035807115657, 0.9999941860469879, 0.027723721484876233], [-0.0006560284051098687, -0.9999941115454591, 0.003368456789033636, 0.032799021858303405], [0.0, 0.0, 0.0, 1.0]]}, "Hobj2base": {"type": "ndarray", "data": [[0.9999995980716366, -0.0006105061484720718, -0.0006566116110741373, -0.7356947220037753], [-0.0006097824113880391, -0.9999992070279675, 0.001101866074823563, 0.09089146756922191], [-0.0006572837864129663, -0.0011014652417407887, -0.9999991773758343, 0.0016569546551255796], [0.0, 0.0, 0.0, 1.0]]}, "mean_rme": {"type": "float", "data": 0.0022658730378766726}, "max_rme": {"type": "float", "data": 0.007233197772982286}, "simu": {"type": "float", "data": 0.002}}, {"type": "dict", "image_number": {"type": "int", "data": 24}, "Hcamera2end": {"type": "ndarray", "data": [[0.9999993685763034, -0.0008182475023781224, 0.0007702713932600708, -0.013541762923813561], [-0.0007679649242630275, 0.00281537558834577, 0.9999957419360203, 0.028286424795995795], [-0.0008204126215048915, -0.9999957020564246, 0.0028147454252697157, 0.03310633951850583], [0.0, 0.0, 0.0, 1.0]]}, "Hobj2base": {"type": "ndarray", "data": [[0.9999999260039847, -0.00037483211191126505, -8.656161367279442e-05, -0.7357134693896624], [-0.0003747198256374035, -0.9999990931219538, 0.0012935765620715478, 0.09052642568515885], [-8.704640920664755e-05, -0.0012935440299992544, -0.9999991595830293, 0.0012281922431087514], [0.0, 0.0, 0.0, 1.0]]}, "mean_rme": {"type": "float", "data": 0.002256196704445781}, "max_rme": {"type": "float", "data": 0.007232817241263595}, "simu": {"type": "float", "data": 0.002}}, {"type": "dict", "image_number": {"type": "int", "data": 25}, "Hcamera2end": {"type": "ndarray", "data": [[0.9999990633873447, -0.0009626683155820727, 0.0009728793077996195, -0.013612563195060344], [-0.0009701984878559622, 0.0027813398323510707, 0.9999956614224039, 0.02845659739682604], [-0.0009653700469417396, -0.9999956686998455, 0.00278040324796891, 0.03281394543383776], [0.0, 0.0, 0.0, 1.0]]}, "Hobj2base": {"type": "ndarray", "data": [[0.9999999036920166, -0.00043888024818471247, -2.9174376874835276e-07, -0.7354251500726722], [-0.0004388791356046334, -0.9999984874253405, 0.0016830128150748596, 0.0906369870100033], [-1.0303844094422268e-06, -0.0016830125249470364, -0.9999985837328869, 0.0010739577945270895], [0.0, 0.0, 0.0, 1.0]]}, "mean_rme": {"type": "float", "data": 0.0022043225590291063}, "max_rme": {"type": "float", "data": 0.007514585854836192}, "simu": {"type": "float", "data": 0.002}}, {"type": "dict", "image_number": {"type": "int", "data": 26}, "Hcamera2end": {"type": "ndarray", "data": [[0.9999981452869421, -0.001510026143891752, 0.0011955098161701265, -0.013983290487828247], [-0.0011925326302125857, 0.0019709761694970407, 0.9999973465559123, 0.028612854166985512], [-0.0015123784584798793, -0.9999969175322413, 0.0019691717584527924, 0.0330424426503631], [0.0, 0.0, 0.0, 1.0]]}, "Hobj2base": {"type": "ndarray", "data": [[0.9999992319359374, -0.0005763701731977921, 0.0010972351427963472, -0.735062959334014], [-0.0005784840930905086, -0.9999979755367878, 0.0019272463463909225, 0.09052219776366084], [0.0010961221141737017, -0.0019278795992187518, -0.999997540895257, 0.0006751318937114081], [0.0, 0.0, 0.0, 1.0]]}, "mean_rme": {"type": "float", "data": 0.0022134892600757326}, "max_rme": {"type": "float", "data": 0.007729964329667244}, "simu": {"type": "float", "data": 0.002}}, {"type": "dict", "image_number": {"type": "int", "data": 27}, "Hcamera2end": {"type": "ndarray", "data": [[0.9999982863371986, -0.0014242152808179509, 0.0011827651922756575, -0.014028407474363047], [-0.0011796792772772384, 0.002165641688251174, 0.9999969591718171, 0.028629455917689565], [-0.0014267723956317912, -0.9999966407978139, 0.0021639578598184883, 0.032986378668702465], [0.0, 0.0, 0.0, 1.0]]}, "Hobj2base": {"type": "ndarray", "data": [[0.9999995420811266, -0.0005835555186554991, 0.0007584856582469916, -0.7351301497976055], [-0.0005850762130192417, -0.9999978163504228, 0.0020062353328877524, 0.090472830456884], [0.0007573132522798764, -0.0020066781861112857, -0.9999976998570024, 0.00070602688469155], [0.0, 0.0, 0.0, 1.0]]}, "mean_rme": {"type": "float", "data": 0.0021500435917904126}, "max_rme": {"type": "float", "data": 0.0077028376405268995}, "simu": {"type": "float", "data": 0.002}}, {"type": "dict", "image_number": {"type": "int", "data": 28}, "Hcamera2end": {"type": "ndarray", "data": [[0.999997355275308, -0.0017503015628252566, 0.001491940625078984, -0.014055517627814698], [-0.0014872476652780233, 0.0026794739117826927, 0.999995304245944, 0.028458121714419755], [-0.0017542909598224216, -0.9999948784188823, 0.002676863693399034, 0.03282496511561969], [0.0, 0.0, 0.0, 1.0]]}, "Hobj2base": {"type": "ndarray", "data": [[0.999999559466674, -0.0008470008146268679, 0.0004045442843116928, -0.7353017914900235], [-0.0008478491549151656, -0.999997432464738, 0.0021014794174993787, 0.09058023721502335], [0.00040276329085143424, -0.0021018214842572405, -0.9999977100614679, 0.000840744773362785], [0.0, 0.0, 0.0, 1.0]]}, "mean_rme": {"type": "float", "data": 0.0021890301859093424}, "max_rme": {"type": "float", "data": 0.007503031365547225}, "simu": {"type": "float", "data": 0.002}}, {"type": "dict", "image_number": {"type": "int", "data": 29}, "Hcamera2end": {"type": "ndarray", "data": [[0.9999966521669287, -0.0018141457422648978, 0.001845136894784562, -0.014539586625861632], [-0.0018392915936668913, 0.0032184741506403602, 0.9999931291916837, 0.028406245190934116], [-0.001820071803017502, -0.9999931751263944, 0.003215126632712728, 0.032461284058084], [0.0, 0.0, 0.0, 1.0]]}, "Hobj2base": {"type": "ndarray", "data": [[0.9999992492940717, -0.001205876670267864, -0.00021742297283663776, -0.7353155100919655], [-0.0012053945204382938, -0.9999968442023965, 0.0022042253282814317, 0.09034349290496643], [-0.00022008031059312925, -0.0022039615930963354, -0.9999975470559681, 0.0010212288069503155], [0.0, 0.0, 0.0, 1.0]]}, "mean_rme": {"type": "float", "data": 0.002212937974675509}, "max_rme": {"type": "float", "data": 0.007398463732328171}, "simu": {"type": "float", "data": 0.002}}, {"type": "dict", "image_number": {"type": "int", "data": 30}, "Hcamera2end": {"type": "ndarray", "data": [[0.9999949221290455, -0.0019498427508351476, 0.002520680338981063, -0.014990776610225713], [-0.0025158953042999288, 0.0024526341636912363, 0.999993827409188, 0.02803169286328379], [-0.001956013021968829, -0.9999950913374056, 0.0024477161093104938, 0.032916105201618966], [0.0, 0.0, 0.0, 1.0]]}, "Hobj2base": {"type": "ndarray", "data": [[0.9999991500909223, -0.0012361134333793915, 0.0004145371067100425, -0.7352213476769808], [-0.0012372628666985678, -0.9999953589336068, 0.002784114194041556, 0.09054436912489311], [0.0004110937018604908, -0.00278462471916663, -0.9999960384257238, 0.0013892315831577093], [0.0, 0.0, 0.0, 1.0]]}, "mean_rme": {"type": "float", "data": 0.002218684489660346}, "max_rme": {"type": "float", "data": 0.007633901756176391}, "simu": {"type": "float", "data": 0.002}}]}