{"type": "list", "data": [{"type": "dict", "image_number": {"type": "int", "data": 5}, "Hcamera2end": {"type": "ndarray", "data": [[0.9999608367551511, 0.008473854714350644, 0.002553182762387911, -0.014204884736518344], [-0.0025602196746380163, 0.0008196825897696103, 0.9999963866913069, 0.027902334732233445], [0.00847173129623891, -0.999963760296708, 0.0008413454178993751, 0.030891185240822617], [0.0, 0.0, 0.0, 1.0]]}, "Hobj2base": {"type": "ndarray", "data": [[0.9999797022059083, 0.006286877292383716, -0.0010345772535830544, -0.7319481423997779], [0.006294042342621755, -0.9999551669754823, 0.007074536735659705, 0.09387591423474176], [-0.0009900541259981258, -0.007080904811210515, -0.9999744399632831, 0.0007976272482392632], [0.0, 0.0, 0.0, 1.0]]}, "mean_rme": {"type": "float", "data": 0.0007969079109936097}, "max_rme": {"type": "float", "data": 0.0024805326425871074}, "simu": {"type": "float", "data": 0.002}}, {"type": "dict", "image_number": {"type": "int", "data": 6}, "Hcamera2end": {"type": "ndarray", "data": [[0.9999536067967112, 0.006813870784855999, -0.006808481414798945, -0.016954294891299106], [0.0068477642180024174, -0.005758494239331835, 0.9999599731335801, 0.028036599074103958], [0.006774391445954573, -0.9999602046626771, -0.005804886864884562, 0.032054700952020995], [0.0, 0.0, 0.0, 1.0]]}, "Hobj2base": {"type": "ndarray", "data": [[0.9999683470849797, 0.005536729506719076, 0.00571397011742774, -0.730162986646144], [0.00554281957693586, -0.9999840866359153, -0.0010505360876692385, 0.08683818438648838], [0.005708062654786421, 0.001082174340568635, -0.9999831233173015, -0.00047930242653519234], [0.0, 0.0, 0.0, 1.0]]}, "mean_rme": {"type": "float", "data": 0.000994303053233899}, "max_rme": {"type": "float", "data": 0.003391731236427442}, "simu": {"type": "float", "data": 0.002}}, {"type": "dict", "image_number": {"type": "int", "data": 7}, "Hcamera2end": {"type": "ndarray", "data": [[0.9999903454436322, 0.003216022486582895, -0.0029943645220673197, -0.015736765944162956], [0.0030078081944344827, -0.004183547314320801, 0.99998672542276, 0.028382036818265934], [0.0032034527295895982, -0.9999860774686989, -0.0041931801028161075, 0.032606373000544954], [0.0, 0.0, 0.0, 1.0]]}, "Hobj2base": {"type": "ndarray", "data": [[0.9999919821958533, 0.0018837536445259057, 0.0035336972443881023, -0.7320709117566874], [0.0018772013721079556, -0.9999965145195475, 0.0018566269860298009, 0.08998669320877599], [0.00353718235560689, -0.001849978638642474, -0.999992032928273, -0.00037481447148275074], [0.0, 0.0, 0.0, 1.0]]}, "mean_rme": {"type": "float", "data": 0.0012576113024967662}, "max_rme": {"type": "float", "data": 0.003487186099630779}, "simu": {"type": "float", "data": 0.002}}, {"type": "dict", "image_number": {"type": "int", "data": 8}, "Hcamera2end": {"type": "ndarray", "data": [[0.9999873600756647, 0.002931880539130154, -0.004084576527277172, -0.015309221369566594], [0.004095647454471833, -0.003780030729394701, 0.9999844683991914, 0.02853768503647495], [0.0029163951775423302, -0.999988557656631, -0.00379199089915927, 0.03199868513856527], [0.0, 0.0, 0.0, 1.0]]}, "Hobj2base": {"type": "ndarray", "data": [[0.9999892499462979, 0.0014180187464962561, 0.004414659066691853, -0.731709597386869], [0.0014150134762683905, -0.9999987650785107, 0.0006837969843873301, 0.08969901103744743], [0.004415623251877162, -0.0006775428314605271, -0.9999900215537201, -0.0006119488509796628], [0.0, 0.0, 0.0, 1.0]]}, "mean_rme": {"type": "float", "data": 0.001201376174545826}, "max_rme": {"type": "float", "data": 0.0033483298355913866}, "simu": {"type": "float", "data": 0.002}}, {"type": "dict", "image_number": {"type": "int", "data": 9}, "Hcamera2end": {"type": "ndarray", "data": [[0.9999913207480386, 0.0018269226775383296, -0.0037444334849859005, -0.015364935892961595], [0.003747417223306805, -0.0016325240328129986, 0.9999916458298223, 0.02863054742977784], [0.0018207945374618707, -0.9999969986049021, -0.0016393561052330252, 0.03119776251992601], [0.0, 0.0, 0.0, 1.0]]}, "Hobj2base": {"type": "ndarray", "data": [[0.9999954550603629, 9.022559670117893e-05, 0.003013588883602907, -0.731535547600783], [8.851839934905772e-05, -0.9999998355484028, 0.0005666283262626168, 0.08996932148416822], [0.003013639512392247, -0.0005663589929068046, -0.9999952985961387, -0.0005417443513954358], [0.0, 0.0, 0.0, 1.0]]}, "mean_rme": {"type": "float", "data": 0.0011795869911685717}, "max_rme": {"type": "float", "data": 0.003662289798599519}, "simu": {"type": "float", "data": 0.002}}, {"type": "dict", "image_number": {"type": "int", "data": 10}, "Hcamera2end": {"type": "ndarray", "data": [[0.9999999639371382, 6.03631244231579e-05, -0.00026169068653901723, -0.01639084320618472], [0.0002617585332323894, -0.0011267197871542844, 0.9999993309922719, 0.0285363513918981], [6.006823196512366e-05, -0.9999993634292046, -0.0011267355470843121, 0.03230846159906256], [0.0, 0.0, 0.0, 1.0]]}, "Hobj2base": {"type": "ndarray", "data": [[0.9999974983349884, -0.0006680771414930391, 0.0021347123220542092, -0.7328500991735256], [-0.0006735579908325278, -0.999996476350266, 0.0025678019170268626, 0.09008555033773856], [0.0021329893103110556, -0.0025692333457892984, -0.9999944246827666, 0.0003603878300441177], [0.0, 0.0, 0.0, 1.0]]}, "mean_rme": {"type": "float", "data": 0.0015858231204045007}, "max_rme": {"type": "float", "data": 0.007128168012687203}, "simu": {"type": "float", "data": 0.002}}, {"type": "dict", "image_number": {"type": "int", "data": 11}, "Hcamera2end": {"type": "ndarray", "data": [[0.9999998152920335, -0.0004905726743660597, 0.0003588235639405274, -0.016452791752328517], [-0.0003591935251371071, -0.0007542614722744201, 0.9999996510347606, 0.02797335909804355], [-0.0004903018563836244, -0.9999995952139593, -0.0007544375434846984, 0.03219112967254843], [0.0, 0.0, 0.0, 1.0]]}, "Hobj2base": {"type": "ndarray", "data": [[0.9999968670208397, -0.0009707647028831231, 0.002307285070524953, -0.7327449585673554], [-0.0009774900887435224, -0.9999952721456742, 0.0029155101484236432, 0.09027355361946869], [0.0023044438876742646, -0.002917756362479451, -0.9999930880942018, 0.0010269335469032172], [0.0, 0.0, 0.0, 1.0]]}, "mean_rme": {"type": "float", "data": 0.0015680193799813577}, "max_rme": {"type": "float", "data": 0.006832499381667884}, "simu": {"type": "float", "data": 0.002}}, {"type": "dict", "image_number": {"type": "int", "data": 12}, "Hcamera2end": {"type": "ndarray", "data": [[0.9999998791753595, -0.0004915751223636756, 1.7791743204523714e-06, -0.015981853718934933], [-2.94621269854024e-06, -0.002374088888987158, 0.9999971818426626, 0.02787028549965447], [-0.0004915695131096518, -0.9999970610236045, -0.0023740900504234386, 0.03227884533145162], [0.0, 0.0, 0.0, 1.0]]}, "Hobj2base": {"type": "ndarray", "data": [[0.9999938527138255, -0.0006321986667277591, 0.0034488924897316713, -0.7321395677563197], [-0.0006421862922441948, -0.9999956016688785, 0.002895555156422882, 0.09066322408924167], [0.0034470467542511716, -0.0028977521880970314, -0.9999898603990596, 0.0008427100629207438], [0.0, 0.0, 0.0, 1.0]]}, "mean_rme": {"type": "float", "data": 0.001477939697684487}, "max_rme": {"type": "float", "data": 0.007432532536760322}, "simu": {"type": "float", "data": 0.002}}, {"type": "dict", "image_number": {"type": "int", "data": 13}, "Hcamera2end": {"type": "ndarray", "data": [[0.9999993475044868, -0.0011267314743282637, 0.0001883262733985402, -0.015564533157475023], [-0.0001918550452660685, -0.0031325779555551048, 0.9999950750613693, 0.027769297059759335], [-0.0011261359785123995, -0.9999944587004155, -0.003132792080680069, 0.033009851165221774], [0.0, 0.0, 0.0, 1.0]]}, "Hobj2base": {"type": "ndarray", "data": [[0.9999912955041699, -0.0010600884062504769, 0.00403548367151234, -0.7322279262041552], [-0.0010736626997248173, -0.9999937685351994, 0.0033630550363126332, 0.09136657099602837], [0.00403189338888431, -0.003367358510907544, -0.9999862022709911, 0.0008689257006446567], [0.0, 0.0, 0.0, 1.0]]}, "mean_rme": {"type": "float", "data": 0.001442200004662318}, "max_rme": {"type": "float", "data": 0.007350529616969859}, "simu": {"type": "float", "data": 0.002}}, {"type": "dict", "image_number": {"type": "int", "data": 14}, "Hcamera2end": {"type": "ndarray", "data": [[0.9999996167040599, 0.0001269320293995266, 0.00086630248371556, -0.01566173392792624], [-0.0008660037119990922, -0.002335239418283841, 0.9999968983424049, 0.02791791293866334], [0.00012895465940796343, -0.9999972652688202, -0.0023351285995873994, 0.03282127222725488], [0.0, 0.0, 0.0, 1.0]]}, "Hobj2base": {"type": "ndarray", "data": [[0.999994948846265, 0.0004935567602705602, 0.003139854085809352, -0.732230346954724], [0.0004829833423515981, -0.9999942138087026, 0.0033673544818625355, 0.0908565947832383], [0.003141497898581715, -0.003365820975616507, -0.9999894010638883, 0.0009296385566507677], [0.0, 0.0, 0.0, 1.0]]}, "mean_rme": {"type": "float", "data": 0.0016435698447698091}, "max_rme": {"type": "float", "data": 0.0067850632513849485}, "simu": {"type": "float", "data": 0.002}}, {"type": "dict", "image_number": {"type": "int", "data": 15}, "Hcamera2end": {"type": "ndarray", "data": [[0.9999977348979807, 0.0014888759265680189, 0.0015210020983476387, -0.01640026936887973], [-0.0015155839039363822, -0.0036335062846895028, 0.9999922502887256, 0.027779649972239875], [0.0014943909588928366, -0.9999922904105584, -0.003631241538037955, 0.03358310962928629], [0.0, 0.0, 0.0, 1.0]]}, "Hobj2base": {"type": "ndarray", "data": [[0.9999869749193225, 0.0019186500776697958, 0.004729563783445187, -0.7321398861154321], [0.00190113058840526, -0.9999913257168034, 0.0037059673010543274, 0.090208460779486], [0.004736633212319542, -0.003696927512152722, -0.9999819483534602, 0.0006866227151351693], [0.0, 0.0, 0.0, 1.0]]}, "mean_rme": {"type": "float", "data": 0.001719147751345926}, "max_rme": {"type": "float", "data": 0.006837105823055828}, "simu": {"type": "float", "data": 0.002}}, {"type": "dict", "image_number": {"type": "int", "data": 16}, "Hcamera2end": {"type": "ndarray", "data": [[0.9999973152030812, 0.00176131487925375, 0.0015057743939641654, -0.016670779346637382], [-0.0015000113743153863, -0.0032687558972421815, 0.9999935325794668, 0.02773640945766131], [0.0017662254970199213, -0.9999931064786297, -0.0032661051289437637, 0.03353847113779258], [0.0, 0.0, 0.0, 1.0]]}, "Hobj2base": {"type": "ndarray", "data": [[0.9999887816413224, 0.0020436612962491307, 0.0042731768053514115, -0.732395267486622], [0.0020281215670240526, -0.9999913267051641, 0.0036377516895216965, 0.08996632376639663], [0.004280574075162334, -0.0036290443578798235, -0.9999842532373371, 0.000678730840004884], [0.0, 0.0, 0.0, 1.0]]}, "mean_rme": {"type": "float", "data": 0.001709073897746409}, "max_rme": {"type": "float", "data": 0.006834230418487075}, "simu": {"type": "float", "data": 0.002}}, {"type": "dict", "image_number": {"type": "int", "data": 17}, "Hcamera2end": {"type": "ndarray", "data": [[0.9999964877602404, 0.002557340380565251, 0.000696044079962385, -0.01663264622116448], [-0.0006892541247699597, -0.0026550073271336405, 0.9999962379253455, 0.027653173481017045], [0.0025591787617921307, -0.9999932054500524, -0.002653235344705518, 0.033443254311509685], [0.0, 0.0, 0.0, 1.0]]}, "Hobj2base": {"type": "ndarray", "data": [[0.9999904395856692, 0.0025259559613576565, 0.0035693534066141607, -0.7328763846268727], [0.0025152832562052073, -0.9999923623283842, 0.0029914269235997975, 0.08973138370765991], [0.003576882357735592, -0.002982420389459832, -0.9999891554818083, 0.000592696222084126], [0.0, 0.0, 0.0, 1.0]]}, "mean_rme": {"type": "float", "data": 0.0018273141807499318}, "max_rme": {"type": "float", "data": 0.007097655961504329}, "simu": {"type": "float", "data": 0.002}}, {"type": "dict", "image_number": {"type": "int", "data": 18}, "Hcamera2end": {"type": "ndarray", "data": [[0.9999986946742118, 0.0008040135672195599, 0.001401503498473887, -0.0172133109720561], [-0.0013985588718589505, -0.0036513548084669, 0.9999923557913555, 0.027548480405810222], [0.0008091248077103346, -0.9999930105606971, -0.003650225581951716, 0.03370399594783819], [0.0, 0.0, 0.0, 1.0]]}, "Hobj2base": {"type": "ndarray", "data": [[0.9999917966154893, 0.0008678658336652426, 0.003956451771542725, -0.7327332526618939], [0.0008537809726026716, -0.9999932977347636, 0.0035602729674316614, 0.08975717545938605], [0.003959515093620514, -0.0035568658179019833, -0.9999858353725699, 0.0005528261603140738], [0.0, 0.0, 0.0, 1.0]]}, "mean_rme": {"type": "float", "data": 0.0019068666995653745}, "max_rme": {"type": "float", "data": 0.006910939227646601}, "simu": {"type": "float", "data": 0.002}}, {"type": "dict", "image_number": {"type": "int", "data": 19}, "Hcamera2end": {"type": "ndarray", "data": [[0.9999984720062791, 0.0007218767690710489, 0.001592130345549521, -0.01694260215363369], [-0.0015893708047731354, -0.003807324061587236, 0.9999914890557494, 0.02754537671192273], [0.0007279323813919052, -0.999992491560522, -0.0038061709141585798, 0.03379032064832507], [0.0, 0.0, 0.0, 1.0]]}, "Hobj2base": {"type": "ndarray", "data": [[0.999990781079349, 0.0006826454646431063, 0.004239310260309013, -0.7328761283962685], [0.0006684063901569546, -0.9999941340581626, 0.0033593276355281506, 0.09012148920346064], [0.00424157862253624, -0.0033564630840853893, -0.9999853714761802, 0.00047509059368350845], [0.0, 0.0, 0.0, 1.0]]}, "mean_rme": {"type": "float", "data": 0.0018594018332218853}, "max_rme": {"type": "float", "data": 0.006924858861648786}, "simu": {"type": "float", "data": 0.002}}, {"type": "dict", "image_number": {"type": "int", "data": 20}, "Hcamera2end": {"type": "ndarray", "data": [[0.9999980844530212, 0.0007689319121015532, 0.0017999538890837346, -0.017010204957804018], [-0.0017973197852269324, -0.0034127308000311274, 0.9999925614273719, 0.027580240192788617], [0.0007750689504215906, -0.9999938809873794, -0.003411342246245841, 0.033539928477506246], [0.0, 0.0, 0.0, 1.0]]}, "Hobj2base": {"type": "ndarray", "data": [[0.9999915185978534, 0.0006612527664494311, 0.004065154011588979, -0.7328755850416676], [0.0006483252054451638, -0.9999947317564513, 0.0031805870167712627, 0.09018731645660519], [0.004067235767331355, -0.0031779244991239812, -0.9999866791058225, 0.000522489188650832], [0.0, 0.0, 0.0, 1.0]]}, "mean_rme": {"type": "float", "data": 0.0017994372354893323}, "max_rme": {"type": "float", "data": 0.006962592589255995}, "simu": {"type": "float", "data": 0.002}}, {"type": "dict", "image_number": {"type": "int", "data": 21}, "Hcamera2end": {"type": "ndarray", "data": [[0.9999985922194358, 0.0015453650496949885, 0.0006537629615243842, -0.015225026713338743], [-0.0006522844419283705, -0.0009570550214785811, 0.9999993292851214, 0.027868628018188027], [0.0015459897003208404, -0.9999983479449098, -0.0009560456565760322, 0.032717371205245684], [0.0, 0.0, 0.0, 1.0]]}, "Hobj2base": {"type": "ndarray", "data": [[0.999997345986722, 0.0013839302383117985, 0.0018419437037593268, -0.7338638689124044], [0.0013797735892355349, -0.9999965032809834, 0.0022560254094776593, 0.09097745844854963], [0.0018450594447823264, -0.0022534779566809613, -0.999995758787378, 0.0006403443719840537], [0.0, 0.0, 0.0, 1.0]]}, "mean_rme": {"type": "float", "data": 0.0019532003490485314}, "max_rme": {"type": "float", "data": 0.01077060247688047}, "simu": {"type": "float", "data": 0.002}}, {"type": "dict", "image_number": {"type": "int", "data": 22}, "Hcamera2end": {"type": "ndarray", "data": [[0.9999988069149117, 0.0012606175750387557, 0.0008927553319291744, -0.015376593190451251], [-0.0008920801472578847, -0.000536059079933926, 0.9999994584166902, 0.027855798731668997], [0.001261095461911157, -0.999999061741556, -0.0005349338684577098, 0.03247678034121966], [0.0, 0.0, 0.0, 1.0]]}, "Hobj2base": {"type": "ndarray", "data": [[0.9999983134022931, 0.0009254678492462598, 0.0015864116204015585, -0.7338743397568823], [0.0009218044690025547, -0.9999969107732725, 0.0023084021384477387, 0.09109174599268047], [0.0015885430715786445, -0.002306935883780621, -0.9999960772811751, 0.0006996360891293059], [0.0, 0.0, 0.0, 1.0]]}, "mean_rme": {"type": "float", "data": 0.0019079479174154098}, "max_rme": {"type": "float", "data": 0.010767293183792326}, "simu": {"type": "float", "data": 0.002}}, {"type": "dict", "image_number": {"type": "int", "data": 23}, "Hcamera2end": {"type": "ndarray", "data": [[0.9999971889330959, 0.0015078379309905285, 0.0018299045548914286, -0.015634552826656514], [-0.0018302768741855619, 0.00024557974673400373, 0.9999982948871223, 0.025848944199426314], [0.001507385972459517, -0.9999988330570001, 0.00024833881728802965, 0.032171760811737046], [0.0, 0.0, 0.0, 1.0]]}, "Hobj2base": {"type": "ndarray", "data": [[0.999998618418742, 0.001220163293706044, 0.001128876496280349, -0.7338050146367489], [0.001216821206285253, -0.9999948891898645, 0.002956508126648566, 0.09099374888865108], [0.0011324781495005902, -0.0029551304011323984, -0.9999949923362383, 0.002918193416516349], [0.0, 0.0, 0.0, 1.0]]}, "mean_rme": {"type": "float", "data": 0.002002560313190369}, "max_rme": {"type": "float", "data": 0.01073881727525347}, "simu": {"type": "float", "data": 0.002}}, {"type": "dict", "image_number": {"type": "int", "data": 24}, "Hcamera2end": {"type": "ndarray", "data": [[0.9999966601094991, 0.0016234765335291959, 0.0020109932352300334, -0.015743346540431514], [-0.0020102289793217545, -0.000472247277198079, 0.9999978679787073, 0.026000481201652017], [0.0016244227583224592, -0.9999985706522058, -0.00046898214036894537, 0.03221400951980067], [0.0, 0.0, 0.0, 1.0]]}, "Hobj2base": {"type": "ndarray", "data": [[0.9999974621938812, 0.0014825602462851424, 0.0016963551848699471, -0.7336045876855906], [0.0014777943911726344, -0.9999949676375417, 0.0028072804151542904, 0.09072127033335975], [0.0017005086105394813, -0.002804766426643238, -0.9999946207634107, 0.0027690637730821608], [0.0, 0.0, 0.0, 1.0]]}, "mean_rme": {"type": "float", "data": 0.0020388763253568892}, "max_rme": {"type": "float", "data": 0.010847578821397252}, "simu": {"type": "float", "data": 0.002}}, {"type": "dict", "image_number": {"type": "int", "data": 25}, "Hcamera2end": {"type": "ndarray", "data": [[0.9999962333637603, 0.0020628630304889723, 0.0018104845786023648, -0.015580987021655885], [-0.00180790163903137, -0.0012532914418366126, 0.9999975803731854, 0.02595154064519956], [0.002065127103958208, -0.9999970869240967, -0.001249557267689827, 0.03267755130964382], [0.0, 0.0, 0.0, 1.0]]}, "Hobj2base": {"type": "ndarray", "data": [[0.9999951020014438, 0.001995645640081054, 0.0024110934451547035, -0.7335656387578443], [0.0019893512622526244, -0.9999946147208911, 0.0026101744716332006, 0.0906801140235855], [0.0024162894440477086, -0.0026053651752138795, -0.999993686788885, 0.002718232106879508], [0.0, 0.0, 0.0, 1.0]]}, "mean_rme": {"type": "float", "data": 0.002019281556593271}, "max_rme": {"type": "float", "data": 0.010908773923705345}, "simu": {"type": "float", "data": 0.002}}, {"type": "dict", "image_number": {"type": "int", "data": 26}, "Hcamera2end": {"type": "ndarray", "data": [[0.9999966769448996, 0.0019419511456414348, 0.0016955603516536923, -0.01555114228654159], [-0.0016938806709833976, -0.0008662632259934799, 0.9999981901765101, 0.02595372860662383], [0.0019434164326327255, -0.9999977392043301, -0.0008629709138434638, 0.032675381441707535], [0.0, 0.0, 0.0, 1.0]]}, "Hobj2base": {"type": "ndarray", "data": [[0.9999959620256587, 0.0019226294017789017, 0.0020927084270840495, -0.7337456494457312], [0.0019176296764827415, -0.9999953088537104, 0.002388507273691333, 0.09073747623207051], [0.002097290824193438, -0.0023844845891762456, -0.9999949577895095, 0.0028285574215770114], [0.0, 0.0, 0.0, 1.0]]}, "mean_rme": {"type": "float", "data": 0.0020014811800052384}, "max_rme": {"type": "float", "data": 0.010825065172357873}, "simu": {"type": "float", "data": 0.002}}, {"type": "dict", "image_number": {"type": "int", "data": 27}, "Hcamera2end": {"type": "ndarray", "data": [[0.9999930620158037, 0.0029871311720389765, 0.0022255263687308464, -0.015800638736814455], [-0.0022242271519953612, -0.00043818955275498617, 0.9999974303984447, 0.0276742813995928], [0.00298809869870623, -0.9999954425082531, -0.00043154245434351424, 0.03245147653263815], [0.0, 0.0, 0.0, 1.0]]}, "Hobj2base": {"type": "ndarray", "data": [[0.9999941078084918, 0.0029586546019531993, 0.0017408938062840758, -0.7339185860694156], [0.0029537596656335984, -0.9999916962455921, 0.0028076224284244054, 0.09024217811169696], [0.0017491861353478638, -0.002802463703468221, -0.9999945432576391, 0.0013227700741274611], [0.0, 0.0, 0.0, 1.0]]}, "mean_rme": {"type": "float", "data": 0.002084778164493614}, "max_rme": {"type": "float", "data": 0.010688778314644959}, "simu": {"type": "float", "data": 0.002}}, {"type": "dict", "image_number": {"type": "int", "data": 28}, "Hcamera2end": {"type": "ndarray", "data": [[0.9999891434393157, 0.0033187673029671043, 0.0032709000431939963, -0.016224848816541515], [-0.003270786997920666, -3.948937650455342e-05, 0.9999946501821914, 0.027764862088870367], [0.0033188787139699985, -0.9999944920969205, -2.8633966842050995e-05, 0.032397241297368436], [0.0, 0.0, 0.0, 1.0]]}, "Hobj2base": {"type": "ndarray", "data": [[0.9999940009563086, 0.0031660195320303603, 0.0014051233814164207, -0.7341229690594551], [0.003161076108329257, -0.999988855867235, 0.0035065280799902146, 0.09018904391115697], [0.001416209458925769, -0.0035020653422248075, -0.999992864919099, 0.0014595268715401324], [0.0, 0.0, 0.0, 1.0]]}, "mean_rme": {"type": "float", "data": 0.0021154871392190435}, "max_rme": {"type": "float", "data": 0.010538932388509614}, "simu": {"type": "float", "data": 0.002}}, {"type": "dict", "image_number": {"type": "int", "data": 29}, "Hcamera2end": {"type": "ndarray", "data": [[0.9999870837844541, 0.0038257359402617225, 0.0033460437502501514, -0.016358710017833643], [-0.0033484155624906955, 0.0006137254025384564, 0.9999942057103886, 0.027819874395920628], [0.0038236602207921745, -0.9999924935146491, 0.0006265276292892752, 0.03227084096262429], [0.0, 0.0, 0.0, 1.0]]}, "Hobj2base": {"type": "ndarray", "data": [[0.9999918763071858, 0.0039044295403857085, 0.0010013738554228624, -0.7342825123438557], [0.003900830398807411, -0.9999860145040782, 0.0035713188669709724, 0.08985929779539693], [0.0010153038135952291, -0.003567383665097751, -0.999993121442319, 0.0014973772116084099], [0.0, 0.0, 0.0, 1.0]]}, "mean_rme": {"type": "float", "data": 0.002128725131081004}, "max_rme": {"type": "float", "data": 0.010584513446530913}, "simu": {"type": "float", "data": 0.002}}, {"type": "dict", "image_number": {"type": "int", "data": 30}, "Hcamera2end": {"type": "ndarray", "data": [[0.9999894029241754, 0.0036287369900974307, 0.0028330738091282624, -0.016149592166852716], [-0.0028372775409646655, 0.0011538323765212244, 0.9999953092524997, 0.02784579105733283], [0.0036254510763224185, -0.9999927504430738, 0.001164115883236061, 0.03213463521179011], [0.0, 0.0, 0.0, 1.0]]}, "Hobj2base": {"type": "ndarray", "data": [[0.9999932140112301, 0.003643439856483205, 0.0005452316043255011, -0.7343954854428018], [0.003641712086080165, -0.9999884484908768, 0.0031370077927383552, 0.08994734627319047], [0.0005566548052998105, -0.0031350009285155173, -0.9999949309394556, 0.0015843208941710004], [0.0, 0.0, 0.0, 1.0]]}, "mean_rme": {"type": "float", "data": 0.0021126104395134244}, "max_rme": {"type": "float", "data": 0.010488863031442558}, "simu": {"type": "float", "data": 0.002}}]}