{"type": "list", "data": [{"type": "dict", "image_number": {"type": "int", "data": 5}, "Hcamera2end": {"type": "ndarray", "data": [[0.9998932258844593, 0.006878402862969755, -0.012892804366175317, -0.015544152580583035], [0.012978020562685199, -0.012491607529182769, 0.9998377521996313, 0.02650774235180452], [0.006716235005142391, -0.9998983184881309, -0.012579541802631322, 0.024227287999111006], [0.0, 0.0, 0.0, 1.0]]}, "Hobj2base": {"type": "ndarray", "data": [[0.999872263304653, 0.0065388512071086384, 0.014584255172002864, -0.7190856318381286], [0.006678040376730149, -0.9999324262476859, -0.009515603771846348, 0.08277676366441619], [0.014521048541946281, 0.00961178252496947, -0.999848364896365, 0.0006983079610050735], [0.0, 0.0, 0.0, 1.0]]}, "mean_rme": {"type": "float", "data": 0.0010163546260766672}, "max_rme": {"type": "float", "data": 0.0034565155631553213}, "simu": {"type": "float", "data": 0.002}}, {"type": "dict", "image_number": {"type": "int", "data": 6}, "Hcamera2end": {"type": "ndarray", "data": [[0.9999796320761819, 0.006179151192215402, -0.0015979747581025224, -0.01642213806516794], [0.00154708557568936, 0.008231654949748313, 0.9999649225762921, 0.026064848711489532], [0.006192088420337985, -0.9999470275706268, 0.008221927612347968, 0.027619944874764966], [0.0, 0.0, 0.0, 1.0]]}, "Hobj2base": {"type": "ndarray", "data": [[0.9999781068941165, 0.004213024052798091, -0.005102564138691114, -0.7335079504668774], [0.004212663097178459, -0.9999911233754506, -8.14857892688375e-05, 0.08852169296091845], [-0.005102862146735166, 5.998862164377479e-05, -0.9999869785148587, 0.0037701048616204194], [0.0, 0.0, 0.0, 1.0]]}, "mean_rme": {"type": "float", "data": 0.0012949579798408003}, "max_rme": {"type": "float", "data": 0.0039133083209125785}, "simu": {"type": "float", "data": 0.002}}, {"type": "dict", "image_number": {"type": "int", "data": 7}, "Hcamera2end": {"type": "ndarray", "data": [[0.9999975830703614, 0.0021978544861420164, 5.73506197887087e-05, -0.013761635892356253], [-6.974019100860541e-05, 0.005637458810832552, 0.9999841069709368, 0.02623992294000626], [0.0021974962438199575, -0.9999816940793536, 0.005637598464282911, 0.027475426615428955], [0.0, 0.0, 0.0, 1.0]]}, "Hobj2base": {"type": "ndarray", "data": [[0.9999941844463727, 0.0008353188183302813, -0.0033065565027446545, -0.7328743441695693], [0.0008461247039757647, -0.9999943022092852, 0.0032679690864890827, 0.09284456212403666], [-0.0033038078666020494, -0.0032707478405816716, -0.9999891934726814, 0.0038176456709318857], [0.0, 0.0, 0.0, 1.0]]}, "mean_rme": {"type": "float", "data": 0.0016818569154894935}, "max_rme": {"type": "float", "data": 0.0042327246062540125}, "simu": {"type": "float", "data": 0.002}}, {"type": "dict", "image_number": {"type": "int", "data": 8}, "Hcamera2end": {"type": "ndarray", "data": [[0.9999981910580115, 0.0016707508816098064, 0.0009091051624732614, -0.014471259313294845], [-0.000919271650000472, 0.00609432048714198, 0.999981006918348, 0.028147045714815362], [0.001665178770685265, -0.9999800337253196, 0.006095845336789418, 0.027501114091858982], [0.0, 0.0, 0.0, 1.0]]}, "Hobj2base": {"type": "ndarray", "data": [[0.9999948258339025, 0.0005211013868603927, -0.0031743910861110588, -0.7327523272681246], [0.0005325720040286851, -0.9999933287008633, 0.0036137128867667193, 0.09213865751993795], [-0.0031724867980015368, -0.003615384780638316, -0.9999884320932941, 0.0023019748788010164], [0.0, 0.0, 0.0, 1.0]]}, "mean_rme": {"type": "float", "data": 0.001860249628510594}, "max_rme": {"type": "float", "data": 0.0039848343952619825}, "simu": {"type": "float", "data": 0.002}}, {"type": "dict", "image_number": {"type": "int", "data": 9}, "Hcamera2end": {"type": "ndarray", "data": [[0.9999981284142891, 0.0016993753261589166, 0.0009248196687356224, -0.014525860754006862], [-0.0009346658343235819, 0.005802360643941462, 0.9999827293562303, 0.02815783138546508], [0.0016939798396044133, -0.9999817222001902, 0.005803938132383335, 0.027631342899145216], [0.0, 0.0, 0.0, 1.0]]}, "Hobj2base": {"type": "ndarray", "data": [[0.9999953187378567, 0.00017047000063573388, -0.0030550683054900996, -0.7326570476479624], [0.00018336063472842483, -0.999991080457989, 0.0042196425607437206, 0.09215563095867879], [-0.0030543217332099915, -0.004220182986754376, -0.9999864304950881, 0.0023558294246754435], [0.0, 0.0, 0.0, 1.0]]}, "mean_rme": {"type": "float", "data": 0.0016867120728272873}, "max_rme": {"type": "float", "data": 0.0038378673797281326}, "simu": {"type": "float", "data": 0.002}}, {"type": "dict", "image_number": {"type": "int", "data": 10}, "Hcamera2end": {"type": "ndarray", "data": [[0.9999984933308714, 0.0011583909046473894, 0.0012928520793742682, -0.015350479136508869], [-0.0013020284940673057, 0.00795626906807212, 0.9999675007240569, 0.028258248571601943], [0.0011480669787730115, -0.99996767743414, 0.007957765338572287, 0.02670630278207053], [0.0, 0.0, 0.0, 1.0]]}, "Hobj2base": {"type": "ndarray", "data": [[0.9999840569268905, -0.0005396518762673174, -0.005620913439102505, -0.7331542588427514], [-0.0005173879762485368, -0.9999920189637848, 0.003961605534971478, 0.09175769089344869], [-0.005623006466248766, -0.003958634181775877, -0.9999763552273095, 0.0026934796190946466], [0.0, 0.0, 0.0, 1.0]]}, "mean_rme": {"type": "float", "data": 0.0016417865722146193}, "max_rme": {"type": "float", "data": 0.004011682567297559}, "simu": {"type": "float", "data": 0.002}}, {"type": "dict", "image_number": {"type": "int", "data": 11}, "Hcamera2end": {"type": "ndarray", "data": [[0.9999977968606448, 0.0010106524336882406, 0.0018397976831295772, -0.01515842999250613], [-0.0018457111207173856, 0.005881674254286207, 0.9999809994487022, 0.02855343255782248], [0.0009998121400688713, -0.9999821920862516, 0.005883526668574168, 0.027602493819128864], [0.0, 0.0, 0.0, 1.0]]}, "Hobj2base": {"type": "ndarray", "data": [[0.999993495581972, -0.0010366204907944136, -0.0034545928423623134, -0.7330470659705604], [-0.0010214814807040723, -0.9999898809036407, 0.004381171750450269, 0.09236699012532902], [-0.0034590994974146656, -0.0043776144508659055, -0.9999844354400653, 0.0023359251297081192], [0.0, 0.0, 0.0, 1.0]]}, "mean_rme": {"type": "float", "data": 0.0016538020364238338}, "max_rme": {"type": "float", "data": 0.004409115596041402}, "simu": {"type": "float", "data": 0.002}}, {"type": "dict", "image_number": {"type": "int", "data": 12}, "Hcamera2end": {"type": "ndarray", "data": [[0.9999963402477184, 0.0018989020754990064, 0.0019270864217734538, -0.014737471144442174], [-0.0019384997385147491, 0.0060270853717714346, 0.9999799580295022, 0.028509788676261673], [0.0018872493033768214, -0.999980034007094, 0.006030744335308813, 0.028996117423008932], [0.0, 0.0, 0.0, 1.0]]}, "Hobj2base": {"type": "ndarray", "data": [[0.9999935838700944, 0.00012089402496004853, -0.0035801680518226958, -0.7346926381890401], [0.00013790319734648706, -0.9999887040624118, 0.0047510767502410844, 0.09227647526896886], [-0.003579553233676596, -0.004751539983336847, -0.9999823046766549, 0.002168163599267664], [0.0, 0.0, 0.0, 1.0]]}, "mean_rme": {"type": "float", "data": 0.0018189732238696433}, "max_rme": {"type": "float", "data": 0.00452192930902362}, "simu": {"type": "float", "data": 0.002}}, {"type": "dict", "image_number": {"type": "int", "data": 13}, "Hcamera2end": {"type": "ndarray", "data": [[0.9999971317962519, 0.0012886289374345438, 0.0020188696666912915, -0.01422012784558992], [-0.0020257580718188346, 0.00536679846247945, 0.999983546753894, 0.028368806133444356], [0.001277772868682352, -0.9999847683388605, 0.005369393519879528, 0.02948163907526892], [0.0, 0.0, 0.0, 1.0]]}, "Hobj2base": {"type": "ndarray", "data": [[0.9999961546287006, -0.00022632613870862082, -0.00276396532012477, -0.7345860161834475], [-0.0002140264079928373, -0.9999900779504982, 0.004449516069573229, 0.09294446445335434], [-0.0027649449377151907, -0.004448907397962556, -0.9999862810571232, 0.0019804712715849647], [0.0, 0.0, 0.0, 1.0]]}, "mean_rme": {"type": "float", "data": 0.001835036515342407}, "max_rme": {"type": "float", "data": 0.00462035870920674}, "simu": {"type": "float", "data": 0.002}}, {"type": "dict", "image_number": {"type": "int", "data": 14}, "Hcamera2end": {"type": "ndarray", "data": [[0.999995627024283, 0.001418202745541503, 0.0025951172003411092, -0.014257888476379411], [-0.0026029631307309337, 0.005558749514250283, 0.9999811622659588, 0.02848350394847261], [0.0014037504233385472, -0.9999835443670112, 0.00556241673543223, 0.029453927840056696], [0.0, 0.0, 0.0, 1.0]]}, "Hobj2base": {"type": "ndarray", "data": [[0.9999966075748407, -0.00022212087281346402, -0.0025952844021495136, -0.73453794699009], [-0.0002115133833807783, -0.9999916267252364, 0.004086776419619251, 0.09273350332971737], [-0.0025961704294654446, -0.00408621361815137, -0.99998828131002, 0.0017572284352941456], [0.0, 0.0, 0.0, 1.0]]}, "mean_rme": {"type": "float", "data": 0.0019121443564657403}, "max_rme": {"type": "float", "data": 0.005663767148833793}, "simu": {"type": "float", "data": 0.002}}, {"type": "dict", "image_number": {"type": "int", "data": 15}, "Hcamera2end": {"type": "ndarray", "data": [[0.999999002187179, 0.0012454660063233236, 0.0006666626384674531, -0.013541311777322753], [-0.0006733074342997, 0.005342409080533961, 0.9999855025560697, 0.02825196507527386], [0.0012418863657163285, -0.9999849536266251, 0.0053432423313309885, 0.02930363047403079], [0.0, 0.0, 0.0, 1.0]]}, "Hobj2base": {"type": "ndarray", "data": [[0.9999967400115097, -0.00029180832694060974, -0.0025366935671092897, -0.7341703429576178], [-0.00028397159844708447, -0.9999951882163913, 0.003089159140366057, 0.09266098307592552], [-0.0025375828034491675, -0.003088428720815792, -0.9999920111088645, 0.0016758462387480467], [0.0, 0.0, 0.0, 1.0]]}, "mean_rme": {"type": "float", "data": 0.0019644281116903417}, "max_rme": {"type": "float", "data": 0.005930947387884772}, "simu": {"type": "float", "data": 0.002}}, {"type": "dict", "image_number": {"type": "int", "data": 16}, "Hcamera2end": {"type": "ndarray", "data": [[0.999997389966045, 0.0018994391580008964, -0.0012697212224317802, -0.013281868344927358], [0.0012611330300093837, 0.004515821265672404, 0.9999890083904808, 0.028272113947993272], [0.0019051521142050992, -0.9999879996725869, 0.004513414033764818, 0.030145682017957705], [0.0, 0.0, 0.0, 1.0]]}, "Hobj2base": {"type": "ndarray", "data": [[0.9999977319798398, 6.320755721830562e-05, -0.002128858844830328, -0.7348069476301523], [6.562364561214708e-05, -0.9999993538803431, 0.0011348711088113353, 0.09198469123223006], [-0.0021287857369022356, -0.0011350082383791726, -0.9999970900095587, 0.0016434331301707003], [0.0, 0.0, 0.0, 1.0]]}, "mean_rme": {"type": "float", "data": 0.0019940705413993786}, "max_rme": {"type": "float", "data": 0.006101227175580731}, "simu": {"type": "float", "data": 0.002}}, {"type": "dict", "image_number": {"type": "int", "data": 17}, "Hcamera2end": {"type": "ndarray", "data": [[0.9999985888938204, 0.0014028283684816164, -0.0009242742755359249, -0.013703772362067693], [0.0009177644381799747, 0.004634079976007399, 0.9999888414433494, 0.02836653579612446], [0.0014070958758543952, -0.999988278618977, 0.004632785970839048, 0.030531009317406002], [0.0, 0.0, 0.0, 1.0]]}, "Hobj2base": {"type": "ndarray", "data": [[0.9999974502242341, -0.0002569679502916623, -0.0022435490863561714, -0.7350960686443608], [-0.00025369428603632944, -0.9999989030290168, 0.0014593080456321592, 0.09167046708514125], [-0.002243921620645255, -0.0014587351491402187, -0.9999964184473487, 0.001702858074604832], [0.0, 0.0, 0.0, 1.0]]}, "mean_rme": {"type": "float", "data": 0.0019870590502905987}, "max_rme": {"type": "float", "data": 0.005960625495339517}, "simu": {"type": "float", "data": 0.002}}, {"type": "dict", "image_number": {"type": "int", "data": 18}, "Hcamera2end": {"type": "ndarray", "data": [[0.9999946016797833, 0.001284758989815759, -0.0030242363713286406, -0.012730737509248179], [0.00301947021065599, 0.003695651888200757, 0.9999886124135454, 0.028449610750644554], [0.0012959208843677556, -0.9999923457464358, 0.003691752646390767, 0.031025682200204636], [0.0, 0.0, 0.0, 1.0]]}, "Hobj2base": {"type": "ndarray", "data": [[0.9999988283711947, -0.00042184679554521903, -0.0014714963537179632, -0.7351350562133825], [-0.00042232817266926986, -0.9999998574075664, -0.00032683904594434375, 0.09155639153653995], [-0.0014713582678895262, 0.000327460117376458, -0.9999988639367143, 0.0016440474594202831], [0.0, 0.0, 0.0, 1.0]]}, "mean_rme": {"type": "float", "data": 0.001983324471286983}, "max_rme": {"type": "float", "data": 0.005978320518020969}, "simu": {"type": "float", "data": 0.002}}, {"type": "dict", "image_number": {"type": "int", "data": 19}, "Hcamera2end": {"type": "ndarray", "data": [[0.9999973298609884, 0.0011274297277976343, -0.002017219150796944, -0.01347773821526952], [0.0020131783884341013, 0.003573764400315982, 0.9999915876250096, 0.029478177512686398], [0.0011346293094247424, -0.9999929785304593, 0.00357148514070571, 0.031072173290238144], [0.0, 0.0, 0.0, 1.0]]}, "Hobj2base": {"type": "ndarray", "data": [[0.9999988762069563, -0.00026935197398392637, -0.0014747997622314565, -0.7351498661450023], [-0.0002686405852527467, -0.9999998474937877, 0.00048253977792516665, 0.0915274193176874], [-0.0014749295103570407, -0.00048214304457906443, -0.9999987960597871, 0.0005347354645234398], [0.0, 0.0, 0.0, 1.0]]}, "mean_rme": {"type": "float", "data": 0.0019804753667523553}, "max_rme": {"type": "float", "data": 0.006190009480119579}, "simu": {"type": "float", "data": 0.002}}, {"type": "dict", "image_number": {"type": "int", "data": 20}, "Hcamera2end": {"type": "ndarray", "data": [[0.9999956636152114, 0.0015596458711176124, -0.002498050345695388, -0.013286056593347762], [0.002492043652633025, 0.0038414560018179555, 0.9999895164121572, 0.029501052162680036], [0.0015692256709264338, -0.9999914053233373, 0.003837552638193187, 0.030805302158042284], [0.0, 0.0, 0.0, 1.0]]}, "Hobj2base": {"type": "ndarray", "data": [[0.9999984493782273, 0.00011982704523792476, -0.0017569526516370444, -0.7351415408636827], [0.00011966596442759619, -0.9999999886276227, -9.178676733824843e-05, 0.09129809150156892], [-0.0017569636301934387, 9.157637757817678e-05, -0.9999984523450867, 0.000414398526870266], [0.0, 0.0, 0.0, 1.0]]}, "mean_rme": {"type": "float", "data": 0.0019664552074916577}, "max_rme": {"type": "float", "data": 0.00611202247903328}, "simu": {"type": "float", "data": 0.002}}, {"type": "dict", "image_number": {"type": "int", "data": 21}, "Hcamera2end": {"type": "ndarray", "data": [[0.9999948656957544, 0.001634782305040616, -0.0027560966865152314, -0.013345417961432812], [0.0027516826078266454, 0.002696233232800105, 0.9999925792570562, 0.029447321122864998], [0.0016422012532203538, -0.9999950288942286, 0.002691720987481938, 0.03160071902884071], [0.0, 0.0, 0.0, 1.0]]}, "Hobj2base": {"type": "ndarray", "data": [[0.9999994312681292, 0.00045747060966047366, -0.0009634230947409085, -0.735261015269462], [0.00045744712502683745, -0.9999998950685658, -2.459645764928949e-05, 0.09098451854391272], [-0.0009634342458040174, 2.4155728535626427e-05, -0.9999995356053699, 0.00022478100769204735], [0.0, 0.0, 0.0, 1.0]]}, "mean_rme": {"type": "float", "data": 0.001935909142910958}, "max_rme": {"type": "float", "data": 0.006093103955268936}, "simu": {"type": "float", "data": 0.002}}, {"type": "dict", "image_number": {"type": "int", "data": 22}, "Hcamera2end": {"type": "ndarray", "data": [[0.9999977202623058, 0.0008003515648416971, -0.0019796230863199996, -0.013429892329873908], [0.001977469430271295, 0.0026827830223952187, 0.9999944461295307, 0.029638885825875334], [0.000805658018999497, -0.9999960810486346, 0.002681194235600648, 0.031926347492523564], [0.0, 0.0, 0.0, 1.0]]}, "Hobj2base": {"type": "ndarray", "data": [[0.9999991902110419, -0.00017856973194306335, -0.0012600357579137258, -0.7356389929213151], [-0.00017811368511945236, -0.9999999186032338, 0.00036203458532246585, 0.0911074654904393], [-0.0012601003037697447, -0.0003618098625386319, -0.9999991406200546, 0.00012048856291211784], [0.0, 0.0, 0.0, 1.0]]}, "mean_rme": {"type": "float", "data": 0.0020326452406372636}, "max_rme": {"type": "float", "data": 0.006424915463600661}, "simu": {"type": "float", "data": 0.002}}, {"type": "dict", "image_number": {"type": "int", "data": 23}, "Hcamera2end": {"type": "ndarray", "data": [[0.9999978981588556, 0.0007739540247880413, -0.001898597650520274, -0.013535957361703283], [0.0018969991874022837, 0.0020608489977016475, 0.9999960771400515, 0.029708940507748385], [0.0007778637117399086, -0.9999975769453525, 0.002059376475968322, 0.032023770367491974], [0.0, 0.0, 0.0, 1.0]]}, "Hobj2base": {"type": "ndarray", "data": [[0.9999995891094912, 9.662885599658432e-05, -0.0009013565959945137, -0.7355536340936778], [9.681395184792159e-05, -0.9999999742371943, 0.00020531115171965524, 0.0908735066871025], [-0.0009013367337913251, -0.00020539833125333404, -0.9999995727017175, -2.8266805271985788e-05], [0.0, 0.0, 0.0, 1.0]]}, "mean_rme": {"type": "float", "data": 0.0020217010465894197}, "max_rme": {"type": "float", "data": 0.006365207954680957}, "simu": {"type": "float", "data": 0.002}}, {"type": "dict", "image_number": {"type": "int", "data": 24}, "Hcamera2end": {"type": "ndarray", "data": [[0.9999980978166819, 0.0007118325167026279, -0.001815945342245794, -0.013641089681248367], [0.0018144484281237964, 0.0020979372833471732, 0.9999961532106293, 0.029699655977513114], [0.0007156395178708868, -0.9999975459738003, 0.0020966417092947998, 0.03193691153727934], [0.0, 0.0, 0.0, 1.0]]}, "Hobj2base": {"type": "ndarray", "data": [[0.9999993014163854, 0.0002896225634648081, -0.0011459866980174681, -0.7355398238197716], [0.00028997337109650786, -0.9999999111507016, 0.0003059641044893823, 0.09077053696105876], [-0.0011458979820890833, -0.0003062961963739281, -0.99999929654998, -2.159744928487371e-05], [0.0, 0.0, 0.0, 1.0]]}, "mean_rme": {"type": "float", "data": 0.001970202276642573}, "max_rme": {"type": "float", "data": 0.006323763949771827}, "simu": {"type": "float", "data": 0.002}}, {"type": "dict", "image_number": {"type": "int", "data": 25}, "Hcamera2end": {"type": "ndarray", "data": [[0.9999977200230694, 0.0006802666455338506, -0.0020241506746652713, -0.013579033624396561], [0.002022649371129446, 0.0022004228482130905, 0.9999955335044303, 0.02971303613781938], [0.0006847175945186515, -0.9999973476847724, 0.002199041890396991, 0.03185062721554528], [0.0, 0.0, 0.0, 1.0]]}, "Hobj2base": {"type": "ndarray", "data": [[0.9999991963578323, 0.00032360451927049966, -0.001225791093391241, -0.7354933692274376], [0.0003237327468411325, -0.9999999421477197, 0.00010441104303650798, 0.09075869114564535], [-0.0012257572345910426, -0.00010480778784510797, -0.9999992432669784, 2.7700004185196026e-05], [0.0, 0.0, 0.0, 1.0]]}, "mean_rme": {"type": "float", "data": 0.001928923879804047}, "max_rme": {"type": "float", "data": 0.006370201824714844}, "simu": {"type": "float", "data": 0.002}}, {"type": "dict", "image_number": {"type": "int", "data": 26}, "Hcamera2end": {"type": "ndarray", "data": [[0.9999958790030316, 0.0012196238843498, -0.0025989410410614767, -0.01324619194993028], [0.0025949270040843556, 0.0032813303136915994, 0.999991249574323, 0.029633868168991682], [0.0012281411961431784, -0.9999938726757044, 0.003278151956387032, 0.0317043933866163], [0.0, 0.0, 0.0, 1.0]]}, "Hobj2base": {"type": "ndarray", "data": [[0.9999975718825804, 0.0006716230689276246, -0.0020988452531553355, -0.7357551614935376], [0.0006712033392632726, -0.9999997546069352, -0.00020067921281743907, 0.09097596996379348], [-0.002098979518902049, 0.00019926997360223195, -0.9999977772857582, 0.00032581041202062817], [0.0, 0.0, 0.0, 1.0]]}, "mean_rme": {"type": "float", "data": 0.002013318633174987}, "max_rme": {"type": "float", "data": 0.007474375759221857}, "simu": {"type": "float", "data": 0.002}}, {"type": "dict", "image_number": {"type": "int", "data": 27}, "Hcamera2end": {"type": "ndarray", "data": [[0.9999960665957492, 0.001414149256693015, -0.002422183913268688, -0.013141658341009626], [0.002417116569015702, 0.003574096007403993, 0.999990691649288, 0.028553152025973312], [0.001422793211149386, -0.9999926129825207, 0.0035706637854401313, 0.03158704808941281], [0.0, 0.0, 0.0, 1.0]]}, "Hobj2base": {"type": "ndarray", "data": [[0.9999972896695811, 0.000806854094367095, -0.0021839505402502925, -0.7357598387513031], [0.0008063207457405917, -0.9999996448907114, -0.0002450822447210247, 0.09100463436502514], [-0.002184147510321779, 0.0002433206158388865, -0.99999758514445, 0.001548218933320405], [0.0, 0.0, 0.0, 1.0]]}, "mean_rme": {"type": "float", "data": 0.0020612323253226894}, "max_rme": {"type": "float", "data": 0.00754794376776316}, "simu": {"type": "float", "data": 0.002}}, {"type": "dict", "image_number": {"type": "int", "data": 28}, "Hcamera2end": {"type": "ndarray", "data": [[0.9999960716631247, 0.001397808252900314, -0.0024295658885669187, -0.013129834835447956], [0.002424298103386841, 0.003758035329025855, 0.9999899999245849, 0.02856533473082311], [0.0014069246691557993, -0.999991961618969, 0.003754631862300739, 0.03147135863305189], [0.0, 0.0, 0.0, 1.0]]}, "Hobj2base": {"type": "ndarray", "data": [[0.9999971679608527, 0.0008566001999868614, -0.002220429321439489, -0.7357919661508755], [0.0008554577078171246, -0.9999995012591605, -0.0005154352930310706, 0.09099700042925417], [-0.002220869735995795, 0.0005135343499204543, -0.9999974020066693, 0.0015182289480007141], [0.0, 0.0, 0.0, 1.0]]}, "mean_rme": {"type": "float", "data": 0.0020122315175928073}, "max_rme": {"type": "float", "data": 0.007573460016084804}, "simu": {"type": "float", "data": 0.002}}, {"type": "dict", "image_number": {"type": "int", "data": 29}, "Hcamera2end": {"type": "ndarray", "data": [[0.9999959785313762, 0.0018656947884312914, -0.002135908245175024, -0.013375511726852994], [0.002127975268508059, 0.004243708734309459, 0.9999887312652256, 0.02825420942926384], [0.0018747379368872835, -0.9999892550018401, 0.004239721515999606, 0.031298546825507166], [0.0, 0.0, 0.0, 1.0]]}, "Hobj2base": {"type": "ndarray", "data": [[0.9999961496034863, 0.0012246728235716135, -0.002490171616016281, -0.7357804073092553], [0.0012233765794325503, -0.9999991154321177, -0.0005220006964070181, 0.09079942116584491], [-0.0024908086933572234, 0.0005189522688635545, -0.9999967632750597, 0.0018060983958217865], [0.0, 0.0, 0.0, 1.0]]}, "mean_rme": {"type": "float", "data": 0.0020198395318282796}, "max_rme": {"type": "float", "data": 0.007563461299132018}, "simu": {"type": "float", "data": 0.002}}, {"type": "dict", "image_number": {"type": "int", "data": 30}, "Hcamera2end": {"type": "ndarray", "data": [[0.9999963266173042, 0.001862830028495935, -0.001968912436543218, -0.013331734118996984], [0.0019612942436930017, 0.004082606429387625, 0.9999897427722109, 0.028253313475462033], [0.0018708492155963328, -0.9999899310438218, 0.004078937874599897, 0.03136415065046869], [0.0, 0.0, 0.0, 1.0]]}, "Hobj2base": {"type": "ndarray", "data": [[0.9999959893955569, 0.0011295290039908322, -0.0025971825177141922, -0.7358037254322279], [0.0011287394724516847, -0.9999993163262408, -0.000305441081610505, 0.09094011696453472], [-0.002597525746649347, 0.00030250831418224055, -0.9999965806685118, 0.0018256355014018269], [0.0, 0.0, 0.0, 1.0]]}, "mean_rme": {"type": "float", "data": 0.0019898284055801835}, "max_rme": {"type": "float", "data": 0.007550995279984735}, "simu": {"type": "float", "data": 0.002}}]}