{"type": "list", "data": [{"type": "dict", "image_number": {"type": "int", "data": 5}, "Hcamera2end": {"type": "ndarray", "data": [[0.9999833414259399, -0.004863482947906107, 0.0031086016514667667, -0.012981809092875437], [-0.002971037682104677, 0.028041086545166793, 0.9996023561399094, 0.023684550431484184], [-0.004948717581716444, -0.9995949399626742, 0.02802616982954531, 0.02881378463644255], [0.0, 0.0, 0.0, 1.0]]}, "Hobj2base": {"type": "ndarray", "data": [[0.9997540681909075, -0.015333007886865445, -0.016021922633429112, -0.7444102484678996], [-0.015203269892931675, -0.9998508958464327, 0.00818820246743243, 0.1008867193033893], [-0.016145083471228738, -0.007942603113986707, -0.9998381125639688, 0.007376320976306116], [0.0, 0.0, 0.0, 1.0]]}, "mean_rme": {"type": "float", "data": 0.00152170931877697}, "max_rme": {"type": "float", "data": 0.004481614915311405}, "simu": {"type": "float", "data": 0.002}}, {"type": "dict", "image_number": {"type": "int", "data": 6}, "Hcamera2end": {"type": "ndarray", "data": [[0.9999737308256818, -0.004246039357458003, -0.005874419830238783, -0.013918335368229952], [0.005941735596788316, 0.016018963561065358, 0.9998540336391744, 0.022911167474224028], [-0.004151317461342077, -0.9998626725486877, 0.016043771599314804, 0.02831074570935694], [0.0, 0.0, 0.0, 1.0]]}, "Hobj2base": {"type": "ndarray", "data": [[0.9999306655236391, -0.010042607440033394, -0.0061489983946710226, -0.7376085397485058], [-0.01004195105849313, -0.9999495688693125, 0.00013761182813517512, 0.09436140306441328], [-0.0061500702752984495, -7.585434595309105e-05, -0.9999810852619799, 0.007347356870030815], [0.0, 0.0, 0.0, 1.0]]}, "mean_rme": {"type": "float", "data": 0.0014671668112734627}, "max_rme": {"type": "float", "data": 0.004076055343169571}, "simu": {"type": "float", "data": 0.002}}, {"type": "dict", "image_number": {"type": "int", "data": 7}, "Hcamera2end": {"type": "ndarray", "data": [[0.9999814893342801, -0.0036116902031080194, -0.004896599092412893, -0.012724521603181708], [0.00493588076799761, 0.0109487406440405, 0.9999278784789197, 0.022619940793861173], [-0.003557818129016229, -0.999933538177506, 0.010966364847775911, 0.030079296679196905], [0.0, 0.0, 0.0, 1.0]]}, "Hobj2base": {"type": "ndarray", "data": [[0.999975277931975, -0.006694689849336019, -0.002150500567389751, -0.7364806268935403], [-0.006696748063996778, -0.9999771240203206, -0.0009513156236975723, 0.09518559060605078], [-0.0021440826095329877, 0.0009656934657193014, -0.9999972351691249, 0.005789273532470511], [0.0, 0.0, 0.0, 1.0]]}, "mean_rme": {"type": "float", "data": 0.001414893296426496}, "max_rme": {"type": "float", "data": 0.00425660032085623}, "simu": {"type": "float", "data": 0.002}}, {"type": "dict", "image_number": {"type": "int", "data": 8}, "Hcamera2end": {"type": "ndarray", "data": [[0.9999862435822566, -0.004811193420830624, -0.0020892735855092062, -0.013375317637753318], [0.002139881689744037, 0.010537812948240188, 0.9999421860310832, 0.02649182423847222], [-0.0047888988924019455, -0.9999329012069434, 0.010547963370390212, 0.030386071824332027], [0.0, 0.0, 0.0, 1.0]]}, "Hobj2base": {"type": "ndarray", "data": [[0.9999695928246539, -0.007564762154363881, -0.00189414879135613, -0.7363305175288545], [-0.007561592974490401, -0.9999700083115353, 0.0016747504639463525, 0.09388010605727937], [-0.001906761071563338, -0.0016603767573219765, -0.9999968037005118, 0.0023665404534676457], [0.0, 0.0, 0.0, 1.0]]}, "mean_rme": {"type": "float", "data": 0.0016563102944834487}, "max_rme": {"type": "float", "data": 0.004669725963343585}, "simu": {"type": "float", "data": 0.002}}, {"type": "dict", "image_number": {"type": "int", "data": 9}, "Hcamera2end": {"type": "ndarray", "data": [[0.9999815082185307, -0.00574604852850675, -0.0019915188426667704, -0.013062332662236416], [0.0020541196634438885, 0.01090933191154475, 0.9999383816364147, 0.026442409738330647], [-0.005723968326336594, -0.9999239818123935, 0.010920933249832565, 0.030406871470971812], [0.0, 0.0, 0.0, 1.0]]}, "Hobj2base": {"type": "ndarray", "data": [[0.9999578179507367, -0.008786394035291885, -0.0026761164133820674, -0.736659559786447], [-0.008780577318024374, -0.999959078890351, 0.0021776149160115973, 0.09430954953200538], [-0.0026951402864380898, -0.0021540252126721984, -0.9999940481793974, 0.0025905720933365986], [0.0, 0.0, 0.0, 1.0]]}, "mean_rme": {"type": "float", "data": 0.0016607396344355235}, "max_rme": {"type": "float", "data": 0.004630395801935527}, "simu": {"type": "float", "data": 0.002}}, {"type": "dict", "image_number": {"type": "int", "data": 10}, "Hcamera2end": {"type": "ndarray", "data": [[0.9999754404658993, -0.006347961689361712, -0.0029701594942176273, -0.012724389831419422], [0.0030292432541616727, 0.009318257794388773, 0.9999519957262871, 0.025979034875182012], [-0.006319980248213685, -0.9999364347067606, 0.00933725846244382, 0.030005920257868218], [0.0, 0.0, 0.0, 1.0]]}, "Hobj2base": {"type": "ndarray", "data": [[0.9999609287316843, -0.008597811069271854, -0.002053936436308891, -0.7356402293943778], [-0.008597280005646505, -0.9999630069931378, 0.0002672484725664758, 0.0936869584325898], [-0.0020561582068998868, -0.0002495797641729499, -0.999997854959384, 0.0028742087640250213], [0.0, 0.0, 0.0, 1.0]]}, "mean_rme": {"type": "float", "data": 0.0017701117354622874}, "max_rme": {"type": "float", "data": 0.004707558591740463}, "simu": {"type": "float", "data": 0.002}}, {"type": "dict", "image_number": {"type": "int", "data": 11}, "Hcamera2end": {"type": "ndarray", "data": [[0.9999704632825387, -0.006505459052849428, -0.004092867578691299, -0.011889025119958863], [0.00415402907241889, 0.00941602362764049, 0.9999470398683669, 0.026969397956912236], [-0.006466575985055894, -0.9999345066060855, 0.009442769375245907, 0.029853596968468434], [0.0, 0.0, 0.0, 1.0]]}, "Hobj2base": {"type": "ndarray", "data": [[0.9999610234726551, -0.008204288036708455, -0.0032620842004225125, -0.7358093500851258], [-0.008208112149116353, -0.999965639318732, -0.0011606363888581129, 0.09293758297969776], [-0.0032524499177469554, 0.0011873667042390937, -0.9999940058469561, 0.00190519093977649], [0.0, 0.0, 0.0, 1.0]]}, "mean_rme": {"type": "float", "data": 0.0018340052159515328}, "max_rme": {"type": "float", "data": 0.005517288313999974}, "simu": {"type": "float", "data": 0.002}}, {"type": "dict", "image_number": {"type": "int", "data": 12}, "Hcamera2end": {"type": "ndarray", "data": [[0.999981681958749, -0.005325361607653217, -0.0028768508301482065, -0.012332849952230924], [0.002906475277229606, 0.005563543611869171, 0.9999802994979158, 0.02719243260695158], [-0.005309251210297396, -0.9999703433133537, 0.005578919730502729, 0.03044688250958646], [0.0, 0.0, 0.0, 1.0]]}, "Hobj2base": {"type": "ndarray", "data": [[0.9999799281370959, -0.006311458066233785, -0.0005557157607158575, -0.7345167267061576], [-0.006311496429770315, -0.9999800800428345, -6.730782613741175e-05, 0.0931037915661852], [-0.0005552798803595122, 7.081387318367839e-05, -0.9999998433248127, 0.0013673977366550443], [0.0, 0.0, 0.0, 1.0]]}, "mean_rme": {"type": "float", "data": 0.0019688013958744054}, "max_rme": {"type": "float", "data": 0.005679188214564729}, "simu": {"type": "float", "data": 0.002}}, {"type": "dict", "image_number": {"type": "int", "data": 13}, "Hcamera2end": {"type": "ndarray", "data": [[0.9999661012838266, -0.005598303185553234, -0.006037821185374745, -0.011145234729718203], [0.0060685256836927855, 0.0054839390351957285, 0.9999665491448625, 0.02756908368802775], [-0.005565004874238349, -0.9999692922355671, 0.005517726583369464, 0.030862535549278175], [0.0, 0.0, 0.0, 1.0]]}, "Hobj2base": {"type": "ndarray", "data": [[0.999977682659351, -0.00664745393460271, -0.0006674873942391498, -0.7350318877249856], [-0.006649002887423989, -0.9999751436679727, -0.0023458062197324733, 0.09274391115270617], [-0.0006518771641656784, 0.0023501919931875866, -0.9999970258224562, 0.001212826942303052], [0.0, 0.0, 0.0, 1.0]]}, "mean_rme": {"type": "float", "data": 0.0019663032211979354}, "max_rme": {"type": "float", "data": 0.0058282411209371054}, "simu": {"type": "float", "data": 0.002}}, {"type": "dict", "image_number": {"type": "int", "data": 14}, "Hcamera2end": {"type": "ndarray", "data": [[0.9999719954491401, -0.005448033540655766, -0.0051310084783442265, -0.011461495347532432], [0.0051603682479418635, 0.005388746975731551, 0.999972165615412, 0.02758511272651296], [-0.005420232191574817, -0.9999706397372731, 0.0054167099255897355, 0.030951285434062906], [0.0, 0.0, 0.0, 1.0]]}, "Hobj2base": {"type": "ndarray", "data": [[0.9999774104925091, -0.006675184152914129, -0.000787668217289966, -0.7351266302936563], [-0.006676439117549547, -0.9999764298370148, -0.0016015402357327144, 0.09293437496498988], [-0.0007769590758198892, 0.0016067628766251278, -0.9999984073225578, 0.0013817968432796393], [0.0, 0.0, 0.0, 1.0]]}, "mean_rme": {"type": "float", "data": 0.0019028019219617498}, "max_rme": {"type": "float", "data": 0.00576890153319326}, "simu": {"type": "float", "data": 0.002}}, {"type": "dict", "image_number": {"type": "int", "data": 15}, "Hcamera2end": {"type": "ndarray", "data": [[0.9999764595719193, -0.0049881723193192, -0.004711521932708206, -0.011511952194035585], [0.004733278000633194, 0.004358746805046221, 0.9999792984885527, 0.027165493895485705], [-0.004967532725441735, -0.999978059490908, 0.004382254604582969, 0.031014713118497298], [0.0, 0.0, 0.0, 1.0]]}, "Hobj2base": {"type": "ndarray", "data": [[0.9999821278212979, -0.005978057414532941, 8.287060935564214e-05, -0.7346823650819431], [-0.005977886354198882, -0.9999802695964799, -0.0019301016781443124, 0.09275425700069392], [9.440723293291267e-05, 0.001929571791937376, -0.999998133918246, 0.001533195497058067], [0.0, 0.0, 0.0, 1.0]]}, "mean_rme": {"type": "float", "data": 0.001961383195100358}, "max_rme": {"type": "float", "data": 0.005473821075037993}, "simu": {"type": "float", "data": 0.002}}, {"type": "dict", "image_number": {"type": "int", "data": 16}, "Hcamera2end": {"type": "ndarray", "data": [[0.9999755737702187, -0.00524516963870085, -0.004619530104143882, -0.011532890165362828], [0.004642317035925551, 0.004340533192503604, 0.9999798041281347, 0.027380203234802034], [-0.005225012484176109, -0.9999768237149629, 0.004364776910012469, 0.031058226693322772], [0.0, 0.0, 0.0, 1.0]]}, "Hobj2base": {"type": "ndarray", "data": [[0.9999825238673665, -0.00590779155153667, 0.0002235147319049437, -0.7346506066418386], [-0.005907276092721355, -0.9999800419039651, -0.002240509519909916, 0.09263216826332239], [0.0002367467341893204, 0.0022391500012362265, -0.9999974650759151, 0.0013074470921815677], [0.0, 0.0, 0.0, 1.0]]}, "mean_rme": {"type": "float", "data": 0.0018854198771253584}, "max_rme": {"type": "float", "data": 0.005423269018604293}, "simu": {"type": "float", "data": 0.002}}, {"type": "dict", "image_number": {"type": "int", "data": 17}, "Hcamera2end": {"type": "ndarray", "data": [[0.9999783621571794, -0.005050204984164711, -0.00421552452998825, -0.011827376810651938], [0.004236679502511409, 0.004185584538256348, 0.9999822655571778, 0.027474979660099475], [-0.00503247098729982, -0.9999784879244608, 0.004206890071175806, 0.030826917375358632], [0.0, 0.0, 0.0, 1.0]]}, "Hobj2base": {"type": "ndarray", "data": [[0.9999845903994651, -0.005550873549034162, 8.225847513805759e-05, -0.7343531656528686], [-0.005550740164875179, -0.9999834062505251, -0.001541592429766064, 0.09258668062587526], [9.081429480330869e-05, 0.0015411120790206835, -0.999998808362452, 0.0013078512546648973], [0.0, 0.0, 0.0, 1.0]]}, "mean_rme": {"type": "float", "data": 0.0018417854751949269}, "max_rme": {"type": "float", "data": 0.005369298618589924}, "simu": {"type": "float", "data": 0.002}}, {"type": "dict", "image_number": {"type": "int", "data": 18}, "Hcamera2end": {"type": "ndarray", "data": [[0.9999790258437846, -0.004925083047505506, -0.004206118102330688, -0.011935860783062873], [0.004226709545327092, 0.004178015619429876, 0.9999823394000034, 0.027489412951278106], [-0.004907422840455149, -0.999979143653736, 0.004198744884606032, 0.030828249460983545], [0.0, 0.0, 0.0, 1.0]]}, "Hobj2base": {"type": "ndarray", "data": [[0.9999858893575182, -0.005304092664086328, 0.00029611967884426093, -0.7344254035489216], [-0.005303614281399838, -0.9999846659894644, -0.0015935687912668074, 0.09246095633543375], [0.00030456757467746105, 0.0015919758004296018, -0.9999986864249586, 0.0013141844730577032], [0.0, 0.0, 0.0, 1.0]]}, "mean_rme": {"type": "float", "data": 0.0017637833724075294}, "max_rme": {"type": "float", "data": 0.005371371337860725}, "simu": {"type": "float", "data": 0.002}}, {"type": "dict", "image_number": {"type": "int", "data": 19}, "Hcamera2end": {"type": "ndarray", "data": [[0.999979266075813, -0.004887672193658645, -0.00419262197267906, -0.011955074807585956], [0.004213772910761997, 0.004325169041080601, 0.999981768349115, 0.027525046959668384], [-0.0048694492845683815, -0.9999787015598351, 0.00434567490403992, 0.030822535496846402], [0.0, 0.0, 0.0, 1.0]]}, "Hobj2base": {"type": "ndarray", "data": [[0.9999859005176813, -0.005308536028459353, 0.000134948421610585, -0.7344378748493106], [-0.005308310825306123, -0.9999846022958234, -0.0016177167385138132, 0.0924664891041205], [0.00014353405130495227, 0.0016169775813779685, -0.9999986823898708, 0.001446064569411645], [0.0, 0.0, 0.0, 1.0]]}, "mean_rme": {"type": "float", "data": 0.0017313811409701923}, "max_rme": {"type": "float", "data": 0.005369941659411265}, "simu": {"type": "float", "data": 0.002}}, {"type": "dict", "image_number": {"type": "int", "data": 20}, "Hcamera2end": {"type": "ndarray", "data": [[0.9999726814563892, -0.004981124481377699, -0.005461203147643538, -0.011235549554225982], [0.005478479412335805, 0.0034613212496621415, 0.9999790025388208, 0.02822676914819311], [-0.004962116911906115, -0.999981603657841, 0.0034885156793280636, 0.031298445756593025], [0.0, 0.0, 0.0, 1.0]]}, "Hobj2base": {"type": "ndarray", "data": [[0.9999867742937231, -0.005108715079449636, 0.0005935215846910706, -0.7343739225318143], [-0.00510705148230681, -0.9999831184808035, -0.0027714217585624043, 0.09196727887324342], [0.0006076699692745277, 0.0027683539592633782, -0.9999959834687158, 0.0006513279315187304], [0.0, 0.0, 0.0, 1.0]]}, "mean_rme": {"type": "float", "data": 0.0017361421048647417}, "max_rme": {"type": "float", "data": 0.005986601423428578}, "simu": {"type": "float", "data": 0.002}}, {"type": "dict", "image_number": {"type": "int", "data": 21}, "Hcamera2end": {"type": "ndarray", "data": [[0.9999698917341282, -0.004255741466303026, -0.006488781843145621, -0.010941890397150876], [0.00650413980915166, 0.003604907023849413, 0.9999723500230856, 0.028554167998206804], [-0.004232232339907146, -0.9999844465340056, 0.0036324784238387364, 0.03151229826450776], [0.0, 0.0, 0.0, 1.0]]}, "Hobj2base": {"type": "ndarray", "data": [[0.999989548215901, -0.00456839562435185, 0.00018226458133917096, -0.7348053055790208], [-0.004567747439861995, -0.9999837504935698, -0.003410928339849644, 0.09171791011508486], [0.00019784408973243134, 0.003410060150988269, -0.9999941661567244, 0.00033540012166904677], [0.0, 0.0, 0.0, 1.0]]}, "mean_rme": {"type": "float", "data": 0.0017696958508238135}, "max_rme": {"type": "float", "data": 0.006137542676058816}, "simu": {"type": "float", "data": 0.002}}, {"type": "dict", "image_number": {"type": "int", "data": 22}, "Hcamera2end": {"type": "ndarray", "data": [[0.9999708776333651, -0.004307838363682648, -0.006299715373716426, -0.011083824235432863], [0.006312426868169699, 0.002943580149322278, 0.9999757440072928, 0.0284824642740674], [-0.00428919015566626, -0.9999863888396369, 0.002970687339932665, 0.03183547916167682], [0.0, 0.0, 0.0, 1.0]]}, "Hobj2base": {"type": "ndarray", "data": [[0.9999880915623522, -0.004766250314854554, 0.0010486140475738728, -0.734762664656862], [-0.004762459469212033, -0.9999822211141478, -0.0035883750390082805, 0.09169714724084867], [0.001065698498043907, 0.0035833383251674547, -0.9999930119621636, 0.00019485941812087554], [0.0, 0.0, 0.0, 1.0]]}, "mean_rme": {"type": "float", "data": 0.0017292059182779272}, "max_rme": {"type": "float", "data": 0.0061573435432878965}, "simu": {"type": "float", "data": 0.002}}, {"type": "dict", "image_number": {"type": "int", "data": 23}, "Hcamera2end": {"type": "ndarray", "data": [[0.9999723076533226, -0.0040486936563105605, -0.0062443579466787994, -0.011111679782107923], [0.006254400053148125, 0.0024724336925258106, 0.9999773845200757, 0.02842196493555927], [-0.004033163332184898, -0.9999887475123475, 0.0024976873748541184, 0.03211682190880399], [0.0, 0.0, 0.0, 1.0]]}, "Hobj2base": {"type": "ndarray", "data": [[0.9999875031673494, -0.004787612943823632, 0.00143953861722183, -0.7347199397561923], [-0.0047823382485448485, -0.9999819194730415, -0.003645540822505984, 0.09167313691427667], [0.0014569660280341205, 0.0036386109042030068, -0.9999923188508406, 0.00014822176087095714], [0.0, 0.0, 0.0, 1.0]]}, "mean_rme": {"type": "float", "data": 0.0016940059361247714}, "max_rme": {"type": "float", "data": 0.006190884785385542}, "simu": {"type": "float", "data": 0.002}}, {"type": "dict", "image_number": {"type": "int", "data": 24}, "Hcamera2end": {"type": "ndarray", "data": [[0.9999707180322023, -0.0036368394194112785, -0.006733236755028393, -0.010950234598302999], [0.006745621325138898, 0.003403847463255949, 0.9999714548002783, 0.028270112880255834], [-0.0036138166942555885, -0.9999875935337821, 0.0034282805334477917, 0.0313686384804732], [0.0, 0.0, 0.0, 1.0]]}, "Hobj2base": {"type": "ndarray", "data": [[0.9999886375873486, -0.0047232909185381845, 0.000644374966299076, -0.7346459045168948], [-0.004720443815790145, -0.9999793946620279, -0.004350593240697951, 0.0914541580576601], [0.0006649108062791568, 0.004347502071637555, -0.9999903285129095, 0.00045005738971503245], [0.0, 0.0, 0.0, 1.0]]}, "mean_rme": {"type": "float", "data": 0.0017452485926409392}, "max_rme": {"type": "float", "data": 0.00592456282886783}, "simu": {"type": "float", "data": 0.002}}, {"type": "dict", "image_number": {"type": "int", "data": 25}, "Hcamera2end": {"type": "ndarray", "data": [[0.9999622475938972, -0.004107121969728369, -0.0076573452375639445, -0.010504896349891059], [0.007670541112753081, 0.003206853994352943, 0.9999654388460115, 0.028106838675243724], [-0.004082424034692303, -0.9999864237261347, 0.0032382367758224673, 0.03153174649526397], [0.0, 0.0, 0.0, 1.0]]}, "Hobj2base": {"type": "ndarray", "data": [[0.9999854069594382, -0.005243838113750511, 0.0012992420881694532, -0.7345215976793773], [-0.005236982726321471, -0.9999726371843523, -0.005224834398920683, 0.09140910980813612], [0.0013266047230068077, 0.005217954044327317, -0.9999855064327183, 0.00028799453918162634], [0.0, 0.0, 0.0, 1.0]]}, "mean_rme": {"type": "float", "data": 0.0017976562888256766}, "max_rme": {"type": "float", "data": 0.005956798287223841}, "simu": {"type": "float", "data": 0.002}}, {"type": "dict", "image_number": {"type": "int", "data": 26}, "Hcamera2end": {"type": "ndarray", "data": [[0.9999628061255882, -0.003960179068280129, -0.007661810959986897, -0.010589752545735966], [0.00767557251243425, 0.0034715443215653785, 0.9999645163537703, 0.028077348145645015], [-0.003933440230356015, -0.9999861325847326, 0.003501811842982705, 0.0315180422420638], [0.0, 0.0, 0.0, 1.0]]}, "Hobj2base": {"type": "ndarray", "data": [[0.9999855553645114, -0.005283893367413698, 0.000984648775688291, -0.7345419266131257], [-0.005278690174042557, -0.9999724742255658, -0.0052140407791677595, 0.09132128152145541], [0.0010121721079586635, 0.005208767808432173, -0.9999859220236764, 0.00047735974210301777], [0.0, 0.0, 0.0, 1.0]]}, "mean_rme": {"type": "float", "data": 0.0017842287354802768}, "max_rme": {"type": "float", "data": 0.005957404473394962}, "simu": {"type": "float", "data": 0.002}}, {"type": "dict", "image_number": {"type": "int", "data": 27}, "Hcamera2end": {"type": "ndarray", "data": [[0.9999567015807486, -0.005009427355008061, -0.007842231909639228, -0.011027964925031372], [0.007865097523871815, 0.004561242406042165, 0.99995866680011, 0.028138296221086597], [-0.004973449978601598, -0.9999770500892949, 0.004600444546142057, 0.030988456846720976], [0.0, 0.0, 0.0, 1.0]]}, "Hobj2base": {"type": "ndarray", "data": [[0.9999769927700148, -0.00675540533546457, 0.0006151661492308043, -0.734208519026721], [-0.006752036166609715, -0.9999630348171207, -0.005323439389918673, 0.09113479587474729], [0.0006511054003592758, 0.005319163288236237, -0.9999856411787473, 0.0007579623286554371], [0.0, 0.0, 0.0, 1.0]]}, "mean_rme": {"type": "float", "data": 0.0018353883251167825}, "max_rme": {"type": "float", "data": 0.005965896218190603}, "simu": {"type": "float", "data": 0.002}}, {"type": "dict", "image_number": {"type": "int", "data": 28}, "Hcamera2end": {"type": "ndarray", "data": [[0.9999660555036177, -0.004128170857823, -0.007130641338922583, -0.011729089548286234], [0.007152349194503011, 0.005267805947807291, 0.9999605462824502, 0.028990603841120614], [-0.004090445151279119, -0.9999776039621412, 0.005297153254297027, 0.030579006923971187], [0.0, 0.0, 0.0, 1.0]]}, "Hobj2base": {"type": "ndarray", "data": [[0.9999825584067378, -0.005895417948142832, -0.0003562717110465789, -0.7343784747390231], [-0.005897073280232612, -0.999970903691803, -0.004839038801851959, 0.09037245658888178], [-0.0003277331886508749, 0.0048410553616931125, -0.9999882283176844, 0.0004945949050771213], [0.0, 0.0, 0.0, 1.0]]}, "mean_rme": {"type": "float", "data": 0.0018685210189166976}, "max_rme": {"type": "float", "data": 0.006318824179696869}, "simu": {"type": "float", "data": 0.002}}, {"type": "dict", "image_number": {"type": "int", "data": 29}, "Hcamera2end": {"type": "ndarray", "data": [[0.9999673362137059, -0.004352859410280643, -0.0068102217746180815, -0.011851961079544776], [0.006833418271380277, 0.005336554967625529, 0.999962412081477, 0.028962444147185264], [-0.00431635267251382, -0.9999762866168536, 0.005366125564561508, 0.03055929038176555], [0.0, 0.0, 0.0, 1.0]]}, "Hobj2base": {"type": "ndarray", "data": [[0.999981768658366, -0.006035018213118962, -0.00020225245021478886, -0.734340398679575], [-0.006035873966818226, -0.999971487851812, -0.004537808820357041, 0.09044003406131093], [-0.00017486092468445034, 0.004538946860313143, -0.9999896836393145, 0.0005662827387101394], [0.0, 0.0, 0.0, 1.0]]}, "mean_rme": {"type": "float", "data": 0.0018350781398561345}, "max_rme": {"type": "float", "data": 0.006317522319571528}, "simu": {"type": "float", "data": 0.002}}, {"type": "dict", "image_number": {"type": "int", "data": 30}, "Hcamera2end": {"type": "ndarray", "data": [[0.999965728062021, -0.0057949561097721805, -0.005912798413454176, -0.012203701925678984], [0.005942252513666173, 0.00507874395192176, 0.9999694475307406, 0.02887117041138945], [-0.005764749470372515, -0.999970311981089, 0.005113004986033842, 0.030580516204872933], [0.0, 0.0, 0.0, 1.0]]}, "Hobj2base": {"type": "ndarray", "data": [[0.9999750766426654, -0.007059792051824467, 7.368636629068713e-05, -0.7342998604361164], [-0.007059454051832706, -0.9999675933501073, -0.00386992998434589, 0.09078214000888173], [0.00010100487930701522, 0.0038693133471809547, -0.9999925090780604, 0.00048104489912143743], [0.0, 0.0, 0.0, 1.0]]}, "mean_rme": {"type": "float", "data": 0.0018803443659889192}, "max_rme": {"type": "float", "data": 0.006261523763319399}, "simu": {"type": "float", "data": 0.002}}]}