{"type": "list", "data": [{"type": "dict", "image_number": {"type": "int", "data": 5}, "Hcamera2end": {"type": "ndarray", "data": [[0.9999171376821653, 0.00940881954400294, 0.00878589120659935, -0.015953300908722205], [-0.0086654948955354, -0.012761327162044589, 0.9998810217857317, 0.034181812444342013], [0.009519819731552765, -0.9998743034221111, -0.012678737651165672, 0.03472552435321876], [0.0, 0.0, 0.0, 1.0]]}, "Hobj2base": {"type": "ndarray", "data": [[0.9998259072094073, 0.01151148069371391, 0.014684722848041563, -0.7314528432213174], [0.011325973914378513, -0.9998557906218024, 0.012653864032043055, 0.09155064772941976], [0.014828269884796385, -0.012485342297625138, -0.9998121016670758, -0.007111011260284727], [0.0, 0.0, 0.0, 1.0]]}, "mean_rme": {"type": "float", "data": 0.0013965452920865476}, "max_rme": {"type": "float", "data": 0.003798962655145649}, "simu": {"type": "float", "data": 0.002}}, {"type": "dict", "image_number": {"type": "int", "data": 6}, "Hcamera2end": {"type": "ndarray", "data": [[0.9999525099797925, 0.00854303167031805, 0.004689818226005936, -0.0180371503323629], [-0.004611052105392392, -0.009216406701686441, 0.9999468966130103, 0.03417427148896244], [0.00858580127852905, -0.9999210341108886, -0.009176576650176127, 0.03352590046562375], [0.0, 0.0, 0.0, 1.0]]}, "Hobj2base": {"type": "ndarray", "data": [[0.9998918333008895, 0.009519787048089126, 0.011211393880572594, -0.731551886397135], [0.009447034928398665, -0.9999340913246673, 0.006524303623656261, 0.08788589575638561], [0.011272764933587576, -0.00641768348168349, -0.9999158655154348, -0.0071243628507803676], [0.0, 0.0, 0.0, 1.0]]}, "mean_rme": {"type": "float", "data": 0.0015116151520186225}, "max_rme": {"type": "float", "data": 0.0038391559698293387}, "simu": {"type": "float", "data": 0.002}}, {"type": "dict", "image_number": {"type": "int", "data": 7}, "Hcamera2end": {"type": "ndarray", "data": [[0.9999298175096965, 0.011633124360783422, -0.002242871514747606, -0.01800259738258478], [0.002338461172935455, -0.008209940719488218, 0.9999635635725559, 0.03431798581558786], [0.011614286649114198, -0.9998986285074047, -0.008236568135040923, 0.03467661410002315], [0.0, 0.0, 0.0, 1.0]]}, "Hobj2base": {"type": "ndarray", "data": [[0.9998795946101431, 0.013323360248040539, 0.007955146381859514, -0.7343801067251982], [0.013315053587721396, -0.9999107498197588, 0.00109624032232348, 0.08455576732033208], [0.007969041988343832, -0.0009901851287074663, -0.9999677564317757, -0.007314319570301867], [0.0, 0.0, 0.0, 1.0]]}, "mean_rme": {"type": "float", "data": 0.0016783140795021136}, "max_rme": {"type": "float", "data": 0.004964025302017228}, "simu": {"type": "float", "data": 0.002}}, {"type": "dict", "image_number": {"type": "int", "data": 8}, "Hcamera2end": {"type": "ndarray", "data": [[0.9999382812762906, 0.01106538116113891, -0.0009954787675538115, -0.01823281025636741], [0.0010884108346590135, -0.00839560467477396, 0.9999641639498887, 0.03231968324377921], [0.011056626975390607, -0.9999035309278109, -0.008407130189514112, 0.03477384030657828], [0.0, 0.0, 0.0, 1.0]]}, "Hobj2base": {"type": "ndarray", "data": [[0.9998933367359222, 0.012429468744353661, 0.007669645222363126, -0.7344016119148375], [0.012414976085771728, -0.9999210602331472, 0.0019343399413894308, 0.08448861665606416], [0.007693082600199882, -0.0018389151563554544, -0.9999687169462625, -0.005172633189120368], [0.0, 0.0, 0.0, 1.0]]}, "mean_rme": {"type": "float", "data": 0.0017398335621421398}, "max_rme": {"type": "float", "data": 0.004555832456088704}, "simu": {"type": "float", "data": 0.002}}, {"type": "dict", "image_number": {"type": "int", "data": 9}, "Hcamera2end": {"type": "ndarray", "data": [[0.9999513507084214, 0.00978583048198189, -0.0012384418361261248, -0.01832106566239707], [0.0013325365345529484, -0.009614739936061323, 0.9999528894514712, 0.03242083759842768], [0.009773462169959782, -0.9999058927207801, -0.009627312162413082, 0.03502421272263535], [0.0, 0.0, 0.0, 1.0]]}, "Hobj2base": {"type": "ndarray", "data": [[0.9999054667688012, 0.011206328487064333, 0.007967165600493237, -0.7341624915156133], [0.011190798103172297, -0.9999353984635129, 0.0019912150635849617, 0.08429915699050866], [0.007988965119444923, -0.0019018678859013302, -0.9999662790988828, -0.005267890069374633], [0.0, 0.0, 0.0, 1.0]]}, "mean_rme": {"type": "float", "data": 0.0017407756143254893}, "max_rme": {"type": "float", "data": 0.004829420930911987}, "simu": {"type": "float", "data": 0.002}}, {"type": "dict", "image_number": {"type": "int", "data": 10}, "Hcamera2end": {"type": "ndarray", "data": [[0.9999543635899267, 0.009471116673969292, -0.0012524721205436152, -0.018350838842663905], [0.0013370287215347379, -0.008926783440719399, 0.999959261615992, 0.032434506530294165], [0.009459550288595613, -0.9999153016562705, -0.008939039209387767, 0.034947882984290635], [0.0, 0.0, 0.0, 1.0]]}, "Hobj2base": {"type": "ndarray", "data": [[0.9999186111287363, 0.010639318803644944, 0.007041023631083209, -0.7343136147056702], [0.010634432822166758, -0.9999431856195036, 0.0007310072973855068, 0.08424614447074273], [0.007048401019372227, -0.0006560705087226441, -0.9999749444933892, -0.005290531273752652], [0.0, 0.0, 0.0, 1.0]]}, "mean_rme": {"type": "float", "data": 0.0016497468404125454}, "max_rme": {"type": "float", "data": 0.004492998541794191}, "simu": {"type": "float", "data": 0.002}}, {"type": "dict", "image_number": {"type": "int", "data": 11}, "Hcamera2end": {"type": "ndarray", "data": [[0.9999759776247353, 0.006931048446757215, 6.885407368596328e-05, -0.018563612451021172], [-2.303661195133741e-06, -0.009601331543444003, 0.9999539061513215, 0.03254859339866339], [0.006931390058848503, -0.999929885041957, -0.009601084929867332, 0.03624827855875844], [0.0, 0.0, 0.0, 1.0]]}, "Hobj2base": {"type": "ndarray", "data": [[0.9999362096501306, 0.00819903247749118, 0.0077686869523124185, -0.7346918915908721], [0.008180264377404458, -0.9999635530141484, 0.002444569089893159, 0.08559804986409941], [0.007788446908450491, -0.0023808632368404266, -0.9999668352425499, -0.005225428493836907], [0.0, 0.0, 0.0, 1.0]]}, "mean_rme": {"type": "float", "data": 0.0017062166178931726}, "max_rme": {"type": "float", "data": 0.004316939302767331}, "simu": {"type": "float", "data": 0.002}}, {"type": "dict", "image_number": {"type": "int", "data": 12}, "Hcamera2end": {"type": "ndarray", "data": [[0.9999865325298073, 0.0051722267834121895, -0.00042758521209357173, -0.01716245398320113], [0.00046980206577600624, -0.008163760883919347, 0.9999665655881946, 0.03264857958003794], [0.00516856314962293, -0.9999532994486948, -0.00816608086154047, 0.035565369162142445], [0.0, 0.0, 0.0, 1.0]]}, "Hobj2base": {"type": "ndarray", "data": [[0.9999538518078376, 0.007269770355739787, 0.006280501066310873, -0.7350115397615186], [0.007262186926357307, -0.9999728742169578, 0.0012294190997367335, 0.08692989626353258], [0.0062892682973276, -0.0011837521915331346, -0.9999795217078364, -0.005120181221342067], [0.0, 0.0, 0.0, 1.0]]}, "mean_rme": {"type": "float", "data": 0.001753103061588494}, "max_rme": {"type": "float", "data": 0.004831264332676499}, "simu": {"type": "float", "data": 0.002}}, {"type": "dict", "image_number": {"type": "int", "data": 13}, "Hcamera2end": {"type": "ndarray", "data": [[0.9999911290962251, 0.004171387757567869, -0.0005841686682099168, -0.01570594240049002], [0.0006268244606918024, -0.010231828934452736, 0.9999474570034925, 0.03266527553140187], [0.004165191466473501, -0.9999389527370319, -0.01023435289676411, 0.03682256400920986], [0.0, 0.0, 0.0, 1.0]]}, "Hobj2base": {"type": "ndarray", "data": [[0.9999437896135652, 0.006593027475996388, 0.008303589703425944, -0.7345805019265992], [0.006579331424287502, -0.9999769520294204, 0.001675651503070943, 0.08842533473309759], [0.008314445938934696, -0.0016209252453822846, -0.999964120651375, -0.005417007066241708], [0.0, 0.0, 0.0, 1.0]]}, "mean_rme": {"type": "float", "data": 0.0018624186140285607}, "max_rme": {"type": "float", "data": 0.005876710228438803}, "simu": {"type": "float", "data": 0.002}}, {"type": "dict", "image_number": {"type": "int", "data": 14}, "Hcamera2end": {"type": "ndarray", "data": [[0.9999881320134879, 0.004230774503437434, -0.0024158599454779496, -0.014561174017288547], [0.0024445947366176176, -0.006799901822550636, 0.9999738923050827, 0.03263503474427298], [0.004214236437221151, -0.9999679304269236, -0.006810163650490475, 0.03594989787011345], [0.0, 0.0, 0.0, 1.0]]}, "Hobj2base": {"type": "ndarray", "data": [[0.9999645507812284, 0.006350000303569975, 0.005529437316836388, -0.735344608150388], [0.006346350399704209, -0.9999796322876022, 0.0006773821340149227, 0.08890507117428656], [0.0055336260716040255, -0.0006422663746216181, -0.9999844831178148, -0.004871876192490525], [0.0, 0.0, 0.0, 1.0]]}, "mean_rme": {"type": "float", "data": 0.0019355540014192763}, "max_rme": {"type": "float", "data": 0.005771289806757396}, "simu": {"type": "float", "data": 0.002}}, {"type": "dict", "image_number": {"type": "int", "data": 15}, "Hcamera2end": {"type": "ndarray", "data": [[0.9999910668439382, 0.0038596911290795584, -0.001723083489072684, -0.014721297833421463], [0.0017494123638311606, -0.006828540454341336, 0.9999751549871851, 0.032752708340863614], [0.0038478290896926544, -0.9999692364366275, -0.006835231645305528, 0.03603063957098069], [0.0, 0.0, 0.0, 1.0]]}, "Hobj2base": {"type": "ndarray", "data": [[0.999969495002629, 0.005935611241384308, 0.005077162926111715, -0.7353814714669215], [0.005933719516604842, -0.9999823202220188, 0.0003875771995953178, 0.0888462805746301], [0.005079373670581229, -0.00035743891581021143, -0.9999870360162355, -0.0049390409942011194], [0.0, 0.0, 0.0, 1.0]]}, "mean_rme": {"type": "float", "data": 0.001925009844510637}, "max_rme": {"type": "float", "data": 0.00596305306182518}, "simu": {"type": "float", "data": 0.002}}, {"type": "dict", "image_number": {"type": "int", "data": 16}, "Hcamera2end": {"type": "ndarray", "data": [[0.9999900600134634, 0.004098780570881073, -0.0017549564386837564, -0.014561832589616913], [0.0017845460327542615, -0.007226655879493782, 0.9999722950363454, 0.03282225738581852], [0.00408598454804846, -0.9999654871257462, -0.007233898509238612, 0.03612368164637275], [0.0, 0.0, 0.0, 1.0]]}, "Hobj2base": {"type": "ndarray", "data": [[0.9999696001368931, 0.005629028459252987, 0.005395631628194111, -0.7354472722143018], [0.005628067751513702, -0.9999841436339834, 0.00019322006481526174, 0.08899948148225346], [0.005396633714327867, -0.0001628472105860552, -0.9999854248064517, -0.005162427491506225], [0.0, 0.0, 0.0, 1.0]]}, "mean_rme": {"type": "float", "data": 0.0019006909707874966}, "max_rme": {"type": "float", "data": 0.0059683264077178}, "simu": {"type": "float", "data": 0.002}}, {"type": "dict", "image_number": {"type": "int", "data": 17}, "Hcamera2end": {"type": "ndarray", "data": [[0.999990691272826, 0.003983338011871733, -0.0016584287680656091, -0.014563008880590514], [0.00168702566320144, -0.007186529833969502, 0.9999727534954926, 0.032567890194089115], [0.003971311132015421, -0.9999662428338413, -0.007193182929975173, 0.03610501177626373], [0.0, 0.0, 0.0, 1.0]]}, "Hobj2base": {"type": "ndarray", "data": [[0.9999686829992949, 0.005717741124933366, 0.005471787375608949, -0.7354815489857095], [0.005717884101219336, -0.9999836527121042, -1.048631130634015e-05, 0.08898741502402567], [0.00547163796871201, 4.1773028946768656e-05, -0.9999850296044204, -0.0049255884680375565], [0.0, 0.0, 0.0, 1.0]]}, "mean_rme": {"type": "float", "data": 0.001817646080356337}, "max_rme": {"type": "float", "data": 0.005976098561747606}, "simu": {"type": "float", "data": 0.002}}, {"type": "dict", "image_number": {"type": "int", "data": 18}, "Hcamera2end": {"type": "ndarray", "data": [[0.9999919214440384, 0.0035987520909284885, -0.0017905390384752077, -0.015137102138035152], [0.0018149070493483081, -0.006779418235485224, 0.9999753724971383, 0.03262846160989054], [0.0035865246496422838, -0.9999705438020543, -0.006785894868114317, 0.03634339955886289], [0.0, 0.0, 0.0, 1.0]]}, "Hobj2base": {"type": "ndarray", "data": [[0.9999747160671972, 0.004769165655006546, 0.005274683429675338, -0.7355259751859328], [0.004773579643025697, -0.9999882664566087, -0.0008245523020232379, 0.08837214131806796], [0.005270689112428873, 0.0008497105755415444, -0.999985748812561, -0.00491563730886651], [0.0, 0.0, 0.0, 1.0]]}, "mean_rme": {"type": "float", "data": 0.0018964418518460239}, "max_rme": {"type": "float", "data": 0.006295275583228843}, "simu": {"type": "float", "data": 0.002}}, {"type": "dict", "image_number": {"type": "int", "data": 19}, "Hcamera2end": {"type": "ndarray", "data": [[0.9999947537673942, 0.002938533651880869, -0.0013628857859254275, -0.015245298285304553], [0.0013797459100621382, -0.005743225119179796, 0.9999825556810747, 0.03268604629774512], [0.0029306550312823733, -0.9999791899760749, -0.005747249418672773, 0.03553238374309472], [0.0, 0.0, 0.0, 1.0]]}, "Hobj2base": {"type": "ndarray", "data": [[0.9999825989245488, 0.004006512415822919, 0.004330093112956566, -0.7353436269566697], [0.0040096727132191605, -0.9999917010113515, -0.0007214105328442565, 0.08880347056930035], [0.004327166837306228, 0.0007387602357258634, -0.9999903648838206, -0.0047224578685040155], [0.0, 0.0, 0.0, 1.0]]}, "mean_rme": {"type": "float", "data": 0.0018956340925066744}, "max_rme": {"type": "float", "data": 0.006353685120156882}, "simu": {"type": "float", "data": 0.002}}, {"type": "dict", "image_number": {"type": "int", "data": 20}, "Hcamera2end": {"type": "ndarray", "data": [[0.9999968998946002, 0.0024453683808477495, -0.00046944080678209925, -0.015814080270003035], [0.00048197822461160155, -0.005128942075942611, 0.9999867307370496, 0.032798582398037394], [0.002442928197905624, -0.9999838569330324, -0.005130104789992318, 0.03520962214021649], [0.0, 0.0, 0.0, 1.0]]}, "Hobj2base": {"type": "ndarray", "data": [[0.9999859626634886, 0.003705525433437656, 0.0037872889034545145, -0.7352117063440384], [0.003706677481183044, -0.99999308607902, -0.0002972140771341349, 0.08882886225845024], [0.0037861613841163127, 0.0003112481635332875, -0.9999927840272418, -0.004521437955156438], [0.0, 0.0, 0.0, 1.0]]}, "mean_rme": {"type": "float", "data": 0.0018966174397114129}, "max_rme": {"type": "float", "data": 0.006460349991504688}, "simu": {"type": "float", "data": 0.002}}, {"type": "dict", "image_number": {"type": "int", "data": 21}, "Hcamera2end": {"type": "ndarray", "data": [[0.999996936974797, 0.002474609732126728, 4.8453045519595856e-05, -0.01613860162842536], [-3.556099018209736e-05, -0.005209511049566462, 0.9999864297729448, 0.03277864872544367], [0.0024748285677868094, -0.999983368512346, -0.005209407093130336, 0.03541141887527278], [0.0, 0.0, 0.0, 1.0]]}, "Hobj2base": {"type": "ndarray", "data": [[0.9999871185633789, 0.003438385513060152, 0.003733659381165637, -0.7353445503240599], [0.0034371999578214664, -0.9999940403542122, 0.00032390200307460577, 0.08894905689261899], [0.0037347508298332575, -0.00031106449688401945, -0.9999929774129002, -0.004455330264093764], [0.0, 0.0, 0.0, 1.0]]}, "mean_rme": {"type": "float", "data": 0.0018668612088647446}, "max_rme": {"type": "float", "data": 0.0066634542616623715}, "simu": {"type": "float", "data": 0.002}}, {"type": "dict", "image_number": {"type": "int", "data": 22}, "Hcamera2end": {"type": "ndarray", "data": [[0.9999959266085491, 0.002780426133939009, -0.0006449781570728409, -0.015577033007487112], [0.0006585265363603162, -0.004874612390665556, 0.9999879021752422, 0.031159727387908415], [0.002777248478314713, -0.9999842535683023, -0.004876423518852757, 0.03521644569414903], [0.0, 0.0, 0.0, 1.0]]}, "Hobj2base": {"type": "ndarray", "data": [[0.9999879413676548, 0.0034727458603677924, 0.0034723414966183475, -0.7354270935030344], [0.003473361376963627, -0.999993953199148, -0.0001712480213115663, 0.08884495087434914], [0.0034717257992037225, 0.00018330665313661968, -0.9999939567410623, -0.0027727990840348622], [0.0, 0.0, 0.0, 1.0]]}, "mean_rme": {"type": "float", "data": 0.001961941763278118}, "max_rme": {"type": "float", "data": 0.006563381257826517}, "simu": {"type": "float", "data": 0.002}}, {"type": "dict", "image_number": {"type": "int", "data": 23}, "Hcamera2end": {"type": "ndarray", "data": [[0.9999928500453973, 0.003552932852018785, -0.0012948074113761736, -0.015609675151112624], [0.0013134077469563947, -0.005237876490144622, 0.9999854196986891, 0.03110294056232985], [0.003546099007887954, -0.9999799704584199, -0.00524250548909766, 0.035551270295504], [0.0, 0.0, 0.0, 1.0]]}, "Hobj2base": {"type": "ndarray", "data": [[0.9999856441522808, 0.00414861897271785, 0.0033912313349855074, -0.7358411573821101], [0.004150056520530105, -0.999991301543762, -0.0004169744478402693, 0.08852227551136377], [0.003389471968402697, 0.0004310422635329759, -0.9999941628241353, -0.0027209500331007706], [0.0, 0.0, 0.0, 1.0]]}, "mean_rme": {"type": "float", "data": 0.002002071056926738}, "max_rme": {"type": "float", "data": 0.007064199037540075}, "simu": {"type": "float", "data": 0.002}}, {"type": "dict", "image_number": {"type": "int", "data": 24}, "Hcamera2end": {"type": "ndarray", "data": [[0.9999902970193242, 0.003689761387230172, -0.0024065593923873873, -0.015054287983528978], [0.002427737101888973, -0.005745892506838324, 0.9999805452166878, 0.03120374605046576], [0.0036758617721419293, -0.9999766849183062, -0.005754794525171469, 0.035845350922229686], [0.0, 0.0, 0.0, 1.0]]}, "Hobj2base": {"type": "ndarray", "data": [[0.9999835600731415, 0.004214267736215232, 0.003888384097956518, -0.7358271052063845], [0.004219553653515163, -0.999990183397244, -0.0013522115630316498, 0.08841814608943584], [0.003882647345671845, 0.0013685965780992591, -0.9999915259605929, -0.002815337595406172], [0.0, 0.0, 0.0, 1.0]]}, "mean_rme": {"type": "float", "data": 0.002020444626727152}, "max_rme": {"type": "float", "data": 0.006905082972417598}, "simu": {"type": "float", "data": 0.002}}, {"type": "dict", "image_number": {"type": "int", "data": 25}, "Hcamera2end": {"type": "ndarray", "data": [[0.9999896523376012, 0.0037118350576923215, -0.0026301137291015694, -0.014974971713234881], [0.002651649699543758, -0.0058090284488196975, 0.9999796117633358, 0.031082022517326436], [0.0036964809744447252, -0.9999762384521872, -0.0058188108252699156, 0.035463479599358146], [0.0, 0.0, 0.0, 1.0]]}, "Hobj2base": {"type": "ndarray", "data": [[0.9999837251347015, 0.004170647277071183, 0.00389296378305613, -0.7354194011470851], [0.004176657362643468, -0.9999900965609514, -0.0015369818782937908, 0.088527258408504], [0.003886515020040972, 0.001553216439967761, -0.9999912412214866, -0.0028656084997053634], [0.0, 0.0, 0.0, 1.0]]}, "mean_rme": {"type": "float", "data": 0.0020417483146872853}, "max_rme": {"type": "float", "data": 0.006724782919036443}, "simu": {"type": "float", "data": 0.002}}, {"type": "dict", "image_number": {"type": "int", "data": 26}, "Hcamera2end": {"type": "ndarray", "data": [[0.9999897425577834, 0.0038478609714146495, -0.002389298048123741, -0.01468183852735021], [0.0024141657230171095, -0.006471102091049508, 0.9999761480363365, 0.031029210590634456], [0.0038323078007792234, -0.9999716590002299, -0.006480325088157768, 0.0360196301462184], [0.0, 0.0, 0.0, 1.0]]}, "Hobj2base": {"type": "ndarray", "data": [[0.9999808848269061, 0.004228274587411211, 0.0045112830560105725, -0.7354528741544956], [0.004233271388202646, -0.9999904361453853, -0.0010986496785917784, 0.08898363218188515], [0.004506594518238842, 0.0011177261631980955, -0.9999892205889385, -0.0029250423666893964], [0.0, 0.0, 0.0, 1.0]]}, "mean_rme": {"type": "float", "data": 0.002072285790334381}, "max_rme": {"type": "float", "data": 0.006270655962215321}, "simu": {"type": "float", "data": 0.002}}, {"type": "dict", "image_number": {"type": "int", "data": 27}, "Hcamera2end": {"type": "ndarray", "data": [[0.9999900424344803, 0.003972839648518712, -0.002032628105046866, -0.014816927505691808], [0.002057480654818013, -0.006261569588419391, 0.9999782795239328, 0.031100325456060503], [0.00396002591422308, -0.9999725042677007, -0.006269681279151396, 0.035919914625887256], [0.0, 0.0, 0.0, 1.0]]}, "Hobj2base": {"type": "ndarray", "data": [[0.9999809114945638, 0.004426238797982453, 0.004311038924030288, -0.7355225396867991], [0.004430787424471358, -0.9999896368107579, -0.0010461328252504567, 0.0889812008730952], [0.00430636381421912, 0.0010652141531893348, -0.9999901602263432, -0.0028427179497610153], [0.0, 0.0, 0.0, 1.0]]}, "mean_rme": {"type": "float", "data": 0.0020449403750055608}, "max_rme": {"type": "float", "data": 0.00630994246247174}, "simu": {"type": "float", "data": 0.002}}, {"type": "dict", "image_number": {"type": "int", "data": 28}, "Hcamera2end": {"type": "ndarray", "data": [[0.9999911568188791, 0.00369298696284796, -0.002011996851953097, -0.014770585827454849], [0.0020355202141439394, -0.0063770713604693885, 0.9999775945581587, 0.031078752797619236], [0.003680073572341398, -0.999972847035436, -0.006384532116485708, 0.03589593987632264], [0.0, 0.0, 0.0, 1.0]]}, "Hobj2base": {"type": "ndarray", "data": [[0.9999820262244439, 0.004210002823364299, 0.004268852806410805, -0.7354715770693137], [0.0042152216647073455, -0.9999903786685893, -0.0012142802674159237, 0.08912632599036115], [0.004263699611009037, 0.0012322526030479647, -0.9999901511610745, -0.002836022786586482], [0.0, 0.0, 0.0, 1.0]]}, "mean_rme": {"type": "float", "data": 0.0020056668341960028}, "max_rme": {"type": "float", "data": 0.006266952647524082}, "simu": {"type": "float", "data": 0.002}}, {"type": "dict", "image_number": {"type": "int", "data": 29}, "Hcamera2end": {"type": "ndarray", "data": [[0.9999921980714588, 0.003375987586780213, -0.0020509763592381084, -0.014596566454339802], [0.0020713182629846605, -0.0060330402187072085, 0.9999796558262437, 0.031050819266803316], [0.0033635452822392475, -0.9999761022812161, -0.006039985894102706, 0.03584077311510918], [0.0, 0.0, 0.0, 1.0]]}, "Hobj2base": {"type": "ndarray", "data": [[0.9999846088179456, 0.0040316071625688, 0.003811596897248602, -0.7355065266060767], [0.0040359495903780004, -0.9999912145073193, -0.0011322628142094427, 0.08935418014999547], [0.0038069985716202817, 0.0011476288002824722, -0.9999920948237602, -0.0027701289663323416], [0.0, 0.0, 0.0, 1.0]]}, "mean_rme": {"type": "float", "data": 0.001979378141954723}, "max_rme": {"type": "float", "data": 0.0061333280573718785}, "simu": {"type": "float", "data": 0.002}}, {"type": "dict", "image_number": {"type": "int", "data": 30}, "Hcamera2end": {"type": "ndarray", "data": [[0.9999925288714133, 0.003342551015228141, -0.0019415339467108706, -0.014642713735632841], [0.0019617383578582016, -0.0060519784773438445, 0.9999797623647819, 0.031077633545198654], [0.0033307332482414697, -0.9999761001690095, -0.00605849047277407, 0.035859241489830725], [0.0, 0.0, 0.0, 1.0]]}, "Hobj2base": {"type": "ndarray", "data": [[0.9999844690903203, 0.0041370055980679615, 0.003734536494898818, -0.7355066156864575], [0.004141064805758589, -0.9999908427002819, -0.001079860109242181, 0.08933238934488212], [0.003730034909311759, 0.0010953082956772042, -0.9999924435411067, -0.002740950799275586], [0.0, 0.0, 0.0, 1.0]]}, "mean_rme": {"type": "float", "data": 0.0019370883047316154}, "max_rme": {"type": "float", "data": 0.006105702850823014}, "simu": {"type": "float", "data": 0.002}}]}