{"type": "list", "data": [{"type": "dict", "image_number": {"type": "int", "data": 5}, "Hcamera2end": {"type": "ndarray", "data": [[0.9999608367551511, 0.008473854714350644, 0.002553182762387911, -0.014204884736518344], [-0.0025602196746380163, 0.0008196825897696103, 0.9999963866913069, 0.027902334732233445], [0.00847173129623891, -0.999963760296708, 0.0008413454178993751, 0.030891185240822617], [0.0, 0.0, 0.0, 1.0]]}, "Hobj2base": {"type": "ndarray", "data": [[0.9999797022059083, 0.006286877292383716, -0.0010345772535830544, -0.7319481423997779], [0.006294042342621755, -0.9999551669754823, 0.007074536735659705, 0.09387591423474176], [-0.0009900541259981258, -0.007080904811210515, -0.9999744399632831, 0.0007976272482392632], [0.0, 0.0, 0.0, 1.0]]}, "mean_rme": {"type": "float", "data": 0.0007969079109936097}, "max_rme": {"type": "float", "data": 0.0024805326425871074}, "simu": {"type": "float", "data": 0.002}}, {"type": "dict", "image_number": {"type": "int", "data": 6}, "Hcamera2end": {"type": "ndarray", "data": [[0.9999631913804441, 0.008205305250027141, -0.0025077579610391786, -0.01318756814636399], [0.002404564142074016, 0.01256226198852639, 0.9999182004769284, 0.028432432874599834], [0.008236137172481417, -0.9998874249331701, 0.012542069406225043, 0.0329241677412293], [0.0, 0.0, 0.0, 1.0]]}, "Hobj2base": {"type": "ndarray", "data": [[0.9999173674484154, 0.00638946606832402, -0.011154953984319971, -0.7397484640543249], [0.006428686237149773, -0.9999732677933877, 0.003483631995286296, 0.0923535401406254], [-0.011132397239356898, -0.003555055833040781, -0.9999317133233296, 0.0027903614313235145], [0.0, 0.0, 0.0, 1.0]]}, "mean_rme": {"type": "float", "data": 0.000927025908751525}, "max_rme": {"type": "float", "data": 0.00338731359217892}, "simu": {"type": "float", "data": 0.002}}, {"type": "dict", "image_number": {"type": "int", "data": 7}, "Hcamera2end": {"type": "ndarray", "data": [[0.9999740636548183, 0.006582874245169101, -0.0029219487232994192, -0.013579888060444854], [0.002887038415396294, 0.005306476927522286, 0.999981752989426, 0.028941379976282062], [0.006598259380876733, -0.9999642528957172, 0.005287334286075529, 0.0324011632892288], [0.0, 0.0, 0.0, 1.0]]}, "Hobj2base": {"type": "ndarray", "data": [[0.999977118259037, 0.005696741671018013, -0.0036482999719755238, -0.736038785833867], [0.005699626004863084, -0.9999834522577655, 0.0007806881873392501, 0.09080874154860598], [-0.0036437922219191067, -0.0008014642692281875, -0.9999930401924149, 0.0008217861860347739], [0.0, 0.0, 0.0, 1.0]]}, "mean_rme": {"type": "float", "data": 0.0011796648480694313}, "max_rme": {"type": "float", "data": 0.0038015516393383533}, "simu": {"type": "float", "data": 0.002}}, {"type": "dict", "image_number": {"type": "int", "data": 8}, "Hcamera2end": {"type": "ndarray", "data": [[0.9999803811912058, 0.005986007908836086, -0.001845248494430045, -0.013602620321169712], [0.0018149819711144807, 0.005057709741473682, 0.9999855626020888, 0.028991738233614485], [0.005995254217743724, -0.9999692931692887, 0.005046746018799841, 0.032552570264978195], [0.0, 0.0, 0.0, 1.0]]}, "Hobj2base": {"type": "ndarray", "data": [[0.9999752441994477, 0.005798477358499553, -0.003986056770527532, -0.736341248010314], [0.005803888886713123, -0.9999822495491615, 0.0013473902140238925, 0.0912100776857205], [-0.003978173204573707, -0.0013704914888927604, -0.9999911479063366, 0.0007550735384716928], [0.0, 0.0, 0.0, 1.0]]}, "mean_rme": {"type": "float", "data": 0.001183626179713841}, "max_rme": {"type": "float", "data": 0.004035766518593765}, "simu": {"type": "float", "data": 0.002}}, {"type": "dict", "image_number": {"type": "int", "data": 9}, "Hcamera2end": {"type": "ndarray", "data": [[0.9999904554238828, 0.004368588589776554, -6.704378363815841e-05, -0.014605363419861342], [3.721365439517512e-05, 0.006828045463516008, 0.99997668793342, 0.03049126730987846], [0.004368944526951215, -0.9999671460747506, 0.006827817721570373, 0.03193016791904598], [0.0, 0.0, 0.0, 1.0]]}, "Hobj2base": {"type": "ndarray", "data": [[0.9999786099248797, 0.005093021012755531, -0.004103757993439754, -0.7360332006132588], [0.005103914558710735, -0.9999834677645068, 0.0026484436654195297, 0.09091667334156178], [-0.004090201569907118, -0.0026693322451787176, -0.9999880723871071, -0.00024724642836057884], [0.0, 0.0, 0.0, 1.0]]}, "mean_rme": {"type": "float", "data": 0.0014583281343374488}, "max_rme": {"type": "float", "data": 0.004940266395431436}, "simu": {"type": "float", "data": 0.002}}, {"type": "dict", "image_number": {"type": "int", "data": 10}, "Hcamera2end": {"type": "ndarray", "data": [[0.9999920322802902, 0.003926617962209349, -0.0007190600210821017, -0.014668488915038629], [0.0006877822959629875, 0.007961112659965797, 0.9999680733107076, 0.03068353487199622], [0.003932217116134811, -0.999960600402133, 0.007958348569734208, 0.031366370971739506], [0.0, 0.0, 0.0, 1.0]]}, "Hobj2base": {"type": "ndarray", "data": [[0.9999756476394237, 0.004590992117490037, -0.005256131609111599, -0.7362239737914917], [0.0046009322819641485, -0.9999876472525036, 0.0018806287615482946, 0.09064170823955062], [-0.005247432729624831, -0.0019047660693971968, -0.9999844180365856, -9.477201686562964e-05], [0.0, 0.0, 0.0, 1.0]]}, "mean_rme": {"type": "float", "data": 0.0014696711608402442}, "max_rme": {"type": "float", "data": 0.00505048931998231}, "simu": {"type": "float", "data": 0.002}}, {"type": "dict", "image_number": {"type": "int", "data": 11}, "Hcamera2end": {"type": "ndarray", "data": [[0.9999910630643517, 0.0041279876366620396, -0.0009129674141430924, -0.014674768721412445], [0.0008811351169990282, 0.0077065893854616485, 0.9999699155879389, 0.030719607091561123], [0.004134899313564103, -0.9999617833688024, 0.00770288319729906, 0.03101157221888878], [0.0, 0.0, 0.0, 1.0]]}, "Hobj2base": {"type": "ndarray", "data": [[0.9999797789330208, 0.003926047933910117, -0.005002786492292971, -0.7357293936270616], [0.003928720617735612, -0.9999921449837483, 0.0005245236983650251, 0.09049160542254503], [-0.005000687890141516, -0.000544167642374589, -0.9999873484210702, -0.00023425961239162155], [0.0, 0.0, 0.0, 1.0]]}, "mean_rme": {"type": "float", "data": 0.0014231642155857836}, "max_rme": {"type": "float", "data": 0.005230362314231796}, "simu": {"type": "float", "data": 0.002}}, {"type": "dict", "image_number": {"type": "int", "data": 12}, "Hcamera2end": {"type": "ndarray", "data": [[0.999990851421325, 0.004216906472736607, -0.0007174771449419944, -0.01463835178652859], [0.0006878875879420016, 0.007014153874387641, 0.999975163919631, 0.0310394527325033], [0.004221834236404521, -0.9999665091117935, 0.007011188947226965, 0.031291841784762645], [0.0, 0.0, 0.0, 1.0]]}, "Hobj2base": {"type": "ndarray", "data": [[0.9999828789372113, 0.003628260828377916, -0.004591029928884348, -0.7356965641120619], [0.003631818805245754, -0.9999931108660747, 0.0007668849690232144, 0.09073370502137083], [-0.004588215841971336, -0.0007835456279686764, -0.9999891671071421, -0.0005032619812235795], [0.0, 0.0, 0.0, 1.0]]}, "mean_rme": {"type": "float", "data": 0.0013780830101829374}, "max_rme": {"type": "float", "data": 0.005395703411188946}, "simu": {"type": "float", "data": 0.002}}, {"type": "dict", "image_number": {"type": "int", "data": 13}, "Hcamera2end": {"type": "ndarray", "data": [[0.999986813845245, 0.005122247723617794, -0.0003670339127860118, -0.014140781503982729], [0.0003244347614664283, 0.008314850113727346, 0.9999653784055084, 0.031167445024778896], [0.005125122215205692, -0.999952311785839, 0.008313078637608662, 0.03222917508413452], [0.0, 0.0, 0.0, 1.0]]}, "Hobj2base": {"type": "ndarray", "data": [[0.9999725804303639, 0.004353078494391428, -0.005990750792784829, -0.7375064024466221], [0.004359847972260176, -0.9999898715280253, 0.0011173929577014837, 0.09067793069135921], [-0.005985826016379363, -0.001143481081963708, -0.9999814309965542, -0.000513054692704159], [0.0, 0.0, 0.0, 1.0]]}, "mean_rme": {"type": "float", "data": 0.001596314188606888}, "max_rme": {"type": "float", "data": 0.005543427781942334}, "simu": {"type": "float", "data": 0.002}}, {"type": "dict", "image_number": {"type": "int", "data": 14}, "Hcamera2end": {"type": "ndarray", "data": [[0.999993961834893, 0.001783038086283769, -0.0029827954904033537, -0.012981490950623724], [0.0029728793229184076, 0.005538406426151776, 0.9999802438262421, 0.0313097206506794], [0.001799522793985466, -0.999983073271464, 0.005533072227280611, 0.03320801418980954], [0.0, 0.0, 0.0, 1.0]]}, "Hobj2base": {"type": "ndarray", "data": [[0.9999887677794206, 0.0010153402311259777, -0.0046296219295964775, -0.737379292610144], [0.0010098848006439608, -0.9999987932041605, -0.0011805604227746128, 0.09118002327767903], [-0.004630815013080513, 0.0011758717776401096, -0.9999885863738032, -0.0007947106463245217], [0.0, 0.0, 0.0, 1.0]]}, "mean_rme": {"type": "float", "data": 0.0017643859920523468}, "max_rme": {"type": "float", "data": 0.007315498180723939}, "simu": {"type": "float", "data": 0.002}}, {"type": "dict", "image_number": {"type": "int", "data": 15}, "Hcamera2end": {"type": "ndarray", "data": [[0.9999921986594423, 0.0015733459995472844, -0.0036231481642428074, -0.013252935562624185], [0.0036161176544286357, 0.00444859562804234, 0.9999835667099973, 0.03130850527036859], [0.0015894380653794001, -0.9999888672276828, 0.004442871518787417, 0.033677537882122], [0.0, 0.0, 0.0, 1.0]]}, "Hobj2base": {"type": "ndarray", "data": [[0.9999933802228744, 0.000966428321263648, -0.0035079234212726414, -0.7374803573863139], [0.0009594529690857783, -0.9999975604784481, -0.001989594720809821, 0.09059129037060912], [-0.0035098376643038793, 0.0019862158625943336, -0.9999918679599937, -0.0010321155373992585], [0.0, 0.0, 0.0, 1.0]]}, "mean_rme": {"type": "float", "data": 0.0017670471425563392}, "max_rme": {"type": "float", "data": 0.006993610852533694}, "simu": {"type": "float", "data": 0.002}}, {"type": "dict", "image_number": {"type": "int", "data": 16}, "Hcamera2end": {"type": "ndarray", "data": [[0.9999919530463676, 0.0013316943481902419, -0.0037842347541274545, -0.013237424541199522], [0.0037784672536315842, 0.004307137182719689, 0.9999835857425375, 0.03126818978583195], [0.0013479717076339925, -0.9999898375280883, 0.0043020707599000785, 0.033671903320288694], [0.0, 0.0, 0.0, 1.0]]}, "Hobj2base": {"type": "ndarray", "data": [[0.9999936349519295, 0.001013980829292517, -0.0034208037805552875, -0.7373750784473272], [0.0010065997097724931, -0.9999971632799964, -0.002158747086821802, 0.09060188542621479], [-0.003422983004854103, 0.0021552899662001268, -0.9999918189227901, -0.0010520000375097219], [0.0, 0.0, 0.0, 1.0]]}, "mean_rme": {"type": "float", "data": 0.0016918043217537817}, "max_rme": {"type": "float", "data": 0.006992534794981881}, "simu": {"type": "float", "data": 0.002}}, {"type": "dict", "image_number": {"type": "int", "data": 17}, "Hcamera2end": {"type": "ndarray", "data": [[0.9999900909940065, 0.0006751170574072918, -0.004400242124855339, -0.012573330731651866], [0.004397338394666641, 0.004243907025091032, 0.9999813261597467, 0.031241312741303654], [0.0006937786688449852, -0.9999907666924338, 0.004240896254033455, 0.03349146639051085], [0.0, 0.0, 0.0, 1.0]]}, "Hobj2base": {"type": "ndarray", "data": [[0.9999947391806812, 0.0005473623947616962, -0.0031971871027930933, -0.7369443892718923], [0.0005384190935572325, -0.9999959422320546, -0.0027974317338635467, 0.09078888595801923], [-0.0031987053382827807, 0.002795695590498819, -0.9999909761444472, -0.0012597292205558353], [0.0, 0.0, 0.0, 1.0]]}, "mean_rme": {"type": "float", "data": 0.0017575991071807477}, "max_rme": {"type": "float", "data": 0.007048809886258611}, "simu": {"type": "float", "data": 0.002}}, {"type": "dict", "image_number": {"type": "int", "data": 18}, "Hcamera2end": {"type": "ndarray", "data": [[0.9999951091209754, 0.0006707386454315033, -0.0030548066711332403, -0.01318120708136438], [0.0030526120670119625, 0.0032489232802236367, 0.9999900629791717, 0.031162789240126613], [0.0006806568127980413, -0.9999944972884546, 0.0032468598852500863, 0.0337019222097023], [0.0, 0.0, 0.0, 1.0]]}, "Hobj2base": {"type": "ndarray", "data": [[0.9999979301237433, 0.00050618458670277, -0.0019706662308146277, -0.7366452594101072], [0.000502554844742722, -0.9999981773362401, -0.0018419453915270692, 0.09069107696040833], [-0.0019715950033194454, 0.0018409512110663705, -0.9999963618492724, -0.0014226342822964452], [0.0, 0.0, 0.0, 1.0]]}, "mean_rme": {"type": "float", "data": 0.0017665224344416556}, "max_rme": {"type": "float", "data": 0.006960676867255072}, "simu": {"type": "float", "data": 0.002}}, {"type": "dict", "image_number": {"type": "int", "data": 19}, "Hcamera2end": {"type": "ndarray", "data": [[0.9999943910168513, 0.0010757677198112738, -0.003171854134380277, -0.013345741497477954], [0.0031691566168881467, 0.0025000308625142686, 0.9999918531128263, 0.03117958233434781], [0.00108368868888038, -0.9999962962778911, 0.0024966075634959006, 0.03401432765020811], [0.0, 0.0, 0.0, 1.0]]}, "Hobj2base": {"type": "ndarray", "data": [[0.9999982808449177, 0.0010577150515223598, -0.0015230056069723318, -0.7364848442569502], [0.0010549489419621955, -0.9999977948344234, -0.0018158769288286664, 0.09046982542501542], [-0.0015249229288521282, 0.0018142671139009373, -0.9999971915185066, -0.0013733849705257688], [0.0, 0.0, 0.0, 1.0]]}, "mean_rme": {"type": "float", "data": 0.001766665224465806}, "max_rme": {"type": "float", "data": 0.007130169266349601}, "simu": {"type": "float", "data": 0.002}}, {"type": "dict", "image_number": {"type": "int", "data": 20}, "Hcamera2end": {"type": "ndarray", "data": [[0.9999935802593818, 0.0011563286591800364, -0.003391510586049725, -0.0134632482165787], [0.0033880930197253112, 0.0029447905634284455, 0.9999899244663554, 0.031176043612304173], [0.0011663042969212935, -0.9999949955437625, 0.0029408539095782116, 0.033809785534741794], [0.0, 0.0, 0.0, 1.0]]}, "Hobj2base": {"type": "ndarray", "data": [[0.9999974945258608, 0.0009418020140676622, -0.0020307513307181494, -0.7364109024954064], [0.0009375181354642588, -0.9999973356887317, -0.002109425320732626, 0.09025789290203307], [-0.002032732581180087, 0.00210751616942087, -0.9999957131777362, -0.0013312333447815545], [0.0, 0.0, 0.0, 1.0]]}, "mean_rme": {"type": "float", "data": 0.0017174200348052668}, "max_rme": {"type": "float", "data": 0.0072495905245414105}, "simu": {"type": "float", "data": 0.002}}, {"type": "dict", "image_number": {"type": "int", "data": 21}, "Hcamera2end": {"type": "ndarray", "data": [[0.9999958918406225, 0.0011654460289702928, -0.0026187854878918166, -0.014138671369359233], [0.00261558215586519, 0.0027416772318767935, 0.9999928209422013, 0.0311355046125542], [0.001172617526713212, -0.9999955624609087, 0.002738617648792796, 0.033602697379904574], [0.0, 0.0, 0.0, 1.0]]}, "Hobj2base": {"type": "ndarray", "data": [[0.9999976789088773, 0.0010600472594188611, -0.0018757602900778996, -0.7360183992912515], [0.0010572371483631585, -0.9999983184077073, -0.0014984763495787905, 0.09011614543049234], [-0.0018773455915615273, 0.0014964897480185429, -0.9999971180418292, -0.0011994986646922587], [0.0, 0.0, 0.0, 1.0]]}, "mean_rme": {"type": "float", "data": 0.0017175669850953224}, "max_rme": {"type": "float", "data": 0.007337450429016346}, "simu": {"type": "float", "data": 0.002}}, {"type": "dict", "image_number": {"type": "int", "data": 22}, "Hcamera2end": {"type": "ndarray", "data": [[0.9999989871538817, 0.0005601699739863358, -0.0013083962744494465, -0.014644508575264056], [0.001306625055566947, 0.003150706512342949, 0.999994182872799, 0.028604090166356955], [0.000564289088068976, -0.9999948796159273, 0.0031499713890387193, 0.03333871224783507], [0.0, 0.0, 0.0, 1.0]]}, "Hobj2base": {"type": "ndarray", "data": [[0.9999972559785871, 0.0006891903842572477, -0.0022389845712806936, -0.7359384957472114], [0.000688354325755194, -0.9999996930867006, -0.00037415882633306434, 0.09004140777803069], [-0.0022392417507718448, 0.0003726165849182928, -0.999997423473312, 0.0014779091919787228], [0.0, 0.0, 0.0, 1.0]]}, "mean_rme": {"type": "float", "data": 0.001855788418027504}, "max_rme": {"type": "float", "data": 0.007871683131792623}, "simu": {"type": "float", "data": 0.002}}, {"type": "dict", "image_number": {"type": "int", "data": 23}, "Hcamera2end": {"type": "ndarray", "data": [[0.9999981423139317, 0.0006615892911516624, -0.0018104331789363362, -0.014268804577143284], [0.0018083006328648626, 0.0032098744438824323, 0.9999932133544084, 0.02758975562463693], [0.0006673960643730408, -0.9999946294884109, 0.0032086721286095354, 0.03328985735857879], [0.0, 0.0, 0.0, 1.0]]}, "Hobj2base": {"type": "ndarray", "data": [[0.999997306616666, 0.0008998492658057749, -0.0021393996150039724, -0.7359335183120739], [0.0008979911150139881, -0.9999992189292823, -0.0008693404294994121, 0.08997234461557499], [-0.0021401802193288, 0.0008674169261866497, -0.9999973336046974, 0.0024842375518828535], [0.0, 0.0, 0.0, 1.0]]}, "mean_rme": {"type": "float", "data": 0.0018726726131130707}, "max_rme": {"type": "float", "data": 0.0073090119360569306}, "simu": {"type": "float", "data": 0.002}}, {"type": "dict", "image_number": {"type": "int", "data": 24}, "Hcamera2end": {"type": "ndarray", "data": [[0.9999985155034069, 0.00046759353091584035, -0.001658417098395027, -0.014440402635448418], [0.001657357292140534, 0.002257861924506499, 0.9999960776054756, 0.027706102032841146], [0.00047133617365095184, -0.9999973417043767, 0.002257083603169896, 0.03342166347596724], [0.0, 0.0, 0.0, 1.0]]}, "Hobj2base": {"type": "ndarray", "data": [[0.9999986264319458, 0.0007300723663957979, -0.0014879948122931079, -0.7357297182930211], [0.0007288263779309652, -0.9999993835091987, -0.0008377310621423404, 0.08970325964129537], [-0.001488605499256936, 0.0008366454215922918, -0.9999985420379898, 0.0022535794704150736], [0.0, 0.0, 0.0, 1.0]]}, "mean_rme": {"type": "float", "data": 0.0019163333523061323}, "max_rme": {"type": "float", "data": 0.007210772173556174}, "simu": {"type": "float", "data": 0.002}}, {"type": "dict", "image_number": {"type": "int", "data": 25}, "Hcamera2end": {"type": "ndarray", "data": [[0.9999982993543918, -0.00044321670674685675, -0.0017902087239258066, -0.01507203547450395], [0.0017917841243000451, 0.0035799614732607843, 0.9999919866606439, 0.02788784023650197], [-0.000436804276840228, -0.9999934936962342, 0.0035807495336738215, 0.03210810136602676], [0.0, 0.0, 0.0, 1.0]]}, "Hobj2base": {"type": "ndarray", "data": [[0.99999686739824, -0.00013893496539447943, -0.0024991780213155412, -0.7353627133198043], [-0.0001426238329517272, -0.9999989006665568, -0.0014759146719327378, 0.08898946332231183], [-0.002498970217731693, 0.0014762664908284677, -0.999995787883678, 0.0021907039946532938], [0.0, 0.0, 0.0, 1.0]]}, "mean_rme": {"type": "float", "data": 0.0020792940169048323}, "max_rme": {"type": "float", "data": 0.007985451937934374}, "simu": {"type": "float", "data": 0.002}}, {"type": "dict", "image_number": {"type": "int", "data": 26}, "Hcamera2end": {"type": "ndarray", "data": [[0.9999980180711769, -0.0002119001004565258, -0.0019796343262170083, -0.014840078581914716], [0.0019804811835646557, 0.004073814075114202, 0.999989740813956, 0.028035848137058415], [-0.00020383326435225043, -0.9999916795339994, 0.004074225665266384, 0.03194638594633246], [0.0, 0.0, 0.0, 1.0]]}, "Hobj2base": {"type": "ndarray", "data": [[0.999995900508085, 5.299348000061527e-05, -0.002862893416687992, -0.7355700637610247], [4.8233442554146626e-05, -0.9999986165333341, -0.0016627101227786024, 0.08896598483777057], [-0.002862977568766021, 0.0016625652193067446, -0.9999945196031486, 0.002174881594306254], [0.0, 0.0, 0.0, 1.0]]}, "mean_rme": {"type": "float", "data": 0.002091556181269706}, "max_rme": {"type": "float", "data": 0.007993229643777883}, "simu": {"type": "float", "data": 0.002}}, {"type": "dict", "image_number": {"type": "int", "data": 27}, "Hcamera2end": {"type": "ndarray", "data": [[0.9999980376743217, -0.0003824405009487371, -0.0019438072870426903, -0.014865119340867783], [0.0019453712444085366, 0.004132447992790889, 0.9999895691477528, 0.028023279236204363], [-0.00037440382924666606, -0.9999913882693442, 0.0041331838723353, 0.031882016151028696], [0.0, 0.0, 0.0, 1.0]]}, "Hobj2base": {"type": "ndarray", "data": [[0.9999955056802795, -0.00022397239123882277, -0.0029897250057686286, -0.7355757884659417], [-0.00022927516869377203, -0.9999984011661831, -0.0017734424080609566, 0.08903000643245614], [-0.002989323023558328, 0.0017741199073488144, -0.999993958204956, 0.0021903380546999048], [0.0, 0.0, 0.0, 1.0]]}, "mean_rme": {"type": "float", "data": 0.002045713537911117}, "max_rme": {"type": "float", "data": 0.007991726674701966}, "simu": {"type": "float", "data": 0.002}}, {"type": "dict", "image_number": {"type": "int", "data": 28}, "Hcamera2end": {"type": "ndarray", "data": [[0.9999979088508716, -0.0004603051909583191, -0.0019925895250116703, -0.014836867746095703], [0.001994506295685497, 0.004201894375726045, 0.9999891829556415, 0.027667768880574005], [-0.00045192756109837314, -0.9999910660614855, 0.004202803670539601, 0.03184023733055514], [0.0, 0.0, 0.0, 1.0]]}, "Hobj2base": {"type": "ndarray", "data": [[0.9999955863886605, -0.00044125450317432293, -0.0029381112406586638, -0.7355555606271247], [-0.0004461459213617151, -0.9999985154120876, -0.0016643699823632634, 0.0891305333303135], [-0.0029373724680245637, 0.001665673462827563, -0.9999942986711974, 0.0025229715409968395], [0.0, 0.0, 0.0, 1.0]]}, "mean_rme": {"type": "float", "data": 0.001994843243222283}, "max_rme": {"type": "float", "data": 0.008067357409105747}, "simu": {"type": "float", "data": 0.002}}, {"type": "dict", "image_number": {"type": "int", "data": 29}, "Hcamera2end": {"type": "ndarray", "data": [[0.9999962121743456, -0.0016367403099852157, -0.0022128529365606727, -0.014851569835046263], [0.0022215715546977247, 0.005344321025654963, 0.9999832512860415, 0.02771219929358398], [-0.0016248867002143952, -0.9999843795349669, 0.005347936918013718, 0.031427852296010035], [0.0, 0.0, 0.0, 1.0]]}, "Hobj2base": {"type": "ndarray", "data": [[0.9999916879325204, -0.0015720284178954171, -0.0037620197397208034, -0.735453847405527], [-0.0015788027941443855, -0.999997136499357, -0.001798436772289286, 0.0891452655155213], [-0.003759181773461032, 0.0018043613108381746, -0.9999913063785375, 0.0025934286729083337], [0.0, 0.0, 0.0, 1.0]]}, "mean_rme": {"type": "float", "data": 0.002020570670437383}, "max_rme": {"type": "float", "data": 0.00795769762369719}, "simu": {"type": "float", "data": 0.002}}, {"type": "dict", "image_number": {"type": "int", "data": 30}, "Hcamera2end": {"type": "ndarray", "data": [[0.9999960647643624, -0.001753452177536077, -0.0021899454902191405, -0.014848771848588757], [0.0021997387536012844, 0.005602820958497956, 0.999981884609278, 0.027745390923219853], [-0.0017411505405742, -0.9999827667528919, 0.005606656046784675, 0.031217711883843223], [0.0, 0.0, 0.0, 1.0]]}, "Hobj2base": {"type": "ndarray", "data": [[0.9999911864755103, -0.0016191986525321588, -0.003873650348787915, -0.735384110384133], [-0.0016263379443742793, -0.9999969836030576, -0.0018406003579842683, 0.08919965190500741], [-0.0038706583667013467, 0.0018468840003534098, -0.999990803469361, 0.0026438924364347565], [0.0, 0.0, 0.0, 1.0]]}, "mean_rme": {"type": "float", "data": 0.001985754456175141}, "max_rme": {"type": "float", "data": 0.007895341326193572}, "simu": {"type": "float", "data": 0.002}}]}