{"type": "list", "data": [{"type": "dict", "image_number": {"type": "int", "data": 5}, "Hcamera2end": {"type": "ndarray", "data": [[0.999996209700852, -0.000953554376093865, -0.002582889463672418, -0.013055568101081681], [0.0025518920374095412, -0.03119065714618552, 0.9995101954226472, 0.02717203363137971], [-0.0010336493405036014, -0.9995129982350609, -0.03118810555644469, 0.031080430377913772], [0.0, 0.0, 0.0, 1.0]]}, "Hobj2base": {"type": "ndarray", "data": [[0.9995399025510119, -0.005862330987790446, 0.02975930583369293, -0.7148406679335342], [-0.005859108121670795, -0.999982816168602, -0.00019549815929833933, 0.09237229996676452], [0.02975994052971628, 2.104522058848895e-05, -0.9995570746569533, -0.00559274894444024], [0.0, 0.0, 0.0, 1.0]]}, "mean_rme": {"type": "float", "data": 0.0013195400835427085}, "max_rme": {"type": "float", "data": 0.004172206002157064}, "simu": {"type": "float", "data": 0.002}}, {"type": "dict", "image_number": {"type": "int", "data": 6}, "Hcamera2end": {"type": "ndarray", "data": [[0.999997291027119, -0.0022614828541294278, 0.0005510296942300304, -0.014433438843626663], [-0.0005523353225693081, -0.0005767489128136738, 0.999999681143141, 0.027995694393335886], [-0.0022611643272630326, -0.9999972765242876, -0.000577996447278295, 0.033886571309450254], [0.0, 0.0, 0.0, 1.0]]}, "Hobj2base": {"type": "ndarray", "data": [[0.9999911824065695, -0.0041979244730310245, 0.00011197870220052379, -0.735713363984488], [-0.004198247812747231, -0.9999864957227069, 0.0030631825809122578, 0.09267785249521893], [9.911818088730441e-05, -0.0030636256853552434, -0.9999953021755885, 0.00031752248497161445], [0.0, 0.0, 0.0, 1.0]]}, "mean_rme": {"type": "float", "data": 0.001470113901314982}, "max_rme": {"type": "float", "data": 0.005206683934241452}, "simu": {"type": "float", "data": 0.002}}, {"type": "dict", "image_number": {"type": "int", "data": 7}, "Hcamera2end": {"type": "ndarray", "data": [[0.9999960723698865, -0.002733411884332893, -0.0006194386743830016, -0.015191665490128953], [0.0006142330472975945, -0.0019048716788045983, 0.9999979970888195, 0.028104197301103258], [-0.002734586360739258, -0.9999944499462774, -0.0019031852452620068, 0.03436131013535765], [0.0, 0.0, 0.0, 1.0]]}, "Hobj2base": {"type": "ndarray", "data": [[0.9999858392135103, -0.005085904991579766, 0.0015668257299912057, -0.7349398137825699], [-0.005088826880658994, -0.9999853098301401, 0.0018665382119558331, 0.09150875301904463], [0.0015573096770459315, -0.0018744850851988262, -0.9999970305417085, 2.9464358499312455e-05], [0.0, 0.0, 0.0, 1.0]]}, "mean_rme": {"type": "float", "data": 0.0014776110527620803}, "max_rme": {"type": "float", "data": 0.004820309742637918}, "simu": {"type": "float", "data": 0.002}}, {"type": "dict", "image_number": {"type": "int", "data": 8}, "Hcamera2end": {"type": "ndarray", "data": [[0.9999961710071998, -0.001949683815795963, 0.0019638492705885673, -0.01566671281181296], [-0.0019712490317350616, -0.0038007256680918644, 0.9999908342888202, 0.029221739498748317], [-0.0019422018932262258, -0.9999908765670886, -0.003804554427474738, 0.035098812023160786], [0.0, 0.0, 0.0, 1.0]]}, "Hobj2base": {"type": "ndarray", "data": [[0.9999896678008444, -0.003411293054219072, 0.0030045584126667494, -0.7349658254971171], [-0.0034228134351666755, -0.9999867787245602, 0.0038375414350358622, 0.09249742485445736], [0.002991427710129785, -0.0038477858276951063, -0.9999881228817067, -0.0005992053826639199], [0.0, 0.0, 0.0, 1.0]]}, "mean_rme": {"type": "float", "data": 0.00153883537302227}, "max_rme": {"type": "float", "data": 0.004828555527942091}, "simu": {"type": "float", "data": 0.002}}, {"type": "dict", "image_number": {"type": "int", "data": 9}, "Hcamera2end": {"type": "ndarray", "data": [[0.9999923466079446, -0.003909578117608698, -0.00014806916920496929, -0.015489823021323977], [0.00013969997538437946, -0.002140876067900477, 0.9999976985641411, 0.02916728582324428], [-0.00390988611770617, -0.9999900658749586, -0.002140313514969794, 0.03470968927988203], [0.0, 0.0, 0.0, 1.0]]}, "Hobj2base": {"type": "ndarray", "data": [[0.9999840020486802, -0.005172655605155582, 0.002288947508250058, -0.7348584667604077], [-0.005175550398686524, -0.9999858122171175, 0.0012605723075182357, 0.09177526107681477], [0.0022823945267475935, -0.0012723987041327212, -0.9999965858325528, -0.0008313831760852456], [0.0, 0.0, 0.0, 1.0]]}, "mean_rme": {"type": "float", "data": 0.0015846216986596766}, "max_rme": {"type": "float", "data": 0.004977799361614299}, "simu": {"type": "float", "data": 0.002}}, {"type": "dict", "image_number": {"type": "int", "data": 10}, "Hcamera2end": {"type": "ndarray", "data": [[0.9999920422952806, -0.003980669050008514, -0.000263856074657953, -0.01540611752943147], [0.0002548195711659731, -0.0022704330650362703, 0.9999973900969358, 0.02903496029428022], [-0.003981257728404477, -0.999989499648677, -0.0022694006452201876, 0.03445379841957321], [0.0, 0.0, 0.0, 1.0]]}, "Hobj2base": {"type": "ndarray", "data": [[0.9999839871907081, -0.005171152446576056, 0.00229881372623289, -0.7345727381618766], [-0.005174140973264766, -0.9999857742374156, 0.0012959891917522087, 0.09163521556573971], [0.002292079266174929, -0.0013078628256152419, -0.9999965179276709, -0.0010324521629622551], [0.0, 0.0, 0.0, 1.0]]}, "mean_rme": {"type": "float", "data": 0.0015864030781072014}, "max_rme": {"type": "float", "data": 0.005045673379311777}, "simu": {"type": "float", "data": 0.002}}, {"type": "dict", "image_number": {"type": "int", "data": 11}, "Hcamera2end": {"type": "ndarray", "data": [[0.9999905199969925, -0.003908576120600494, -0.0019191010535916904, -0.01461510029150626], [0.0019103241383577922, -0.0022480498757320166, 0.9999956484572532, 0.029202402180803055], [-0.003912873347149471, -0.9999898346005651, -0.0022405619169025837, 0.03464990087924072], [0.0, 0.0, 0.0, 1.0]]}, "Hobj2base": {"type": "ndarray", "data": [[0.9999834459182518, -0.0052787627797684315, 0.0022896621963832443, -0.73478022375872], [-0.00527882965332685, -0.9999860666133837, 2.3164300634745746e-05, 0.09141123698023025], [0.002289508014786631, -3.525065386938875e-05, -0.9999973784517848, -0.0010051657373858643], [0.0, 0.0, 0.0, 1.0]]}, "mean_rme": {"type": "float", "data": 0.0015606182096264895}, "max_rme": {"type": "float", "data": 0.005002235384977294}, "simu": {"type": "float", "data": 0.002}}, {"type": "dict", "image_number": {"type": "int", "data": 12}, "Hcamera2end": {"type": "ndarray", "data": [[0.9999997438898256, -0.0007155944868976353, -1.2033848966685687e-05, -0.01376276322167193], [1.1164164650083745e-05, -0.0012153227896161134, 0.9999992614326666, 0.02916196136391335], [-0.0007156085833938193, -0.9999990054570292, -0.0012153144893449763, 0.033617017153849266], [0.0, 0.0, 0.0, 1.0]]}, "Hobj2base": {"type": "ndarray", "data": [[0.9999947829363166, -0.0019591843957502187, 0.002568208841294328, -0.7341848956650957], [-0.0019636615025863647, -0.9999965548698091, 0.0017419190614151895, 0.09246803298429873], [0.0025647872528367275, -0.0017469530665447665, -0.9999951849990736, -0.0006373416954439659], [0.0, 0.0, 0.0, 1.0]]}, "mean_rme": {"type": "float", "data": 0.001846707480385068}, "max_rme": {"type": "float", "data": 0.005833369751951534}, "simu": {"type": "float", "data": 0.002}}, {"type": "dict", "image_number": {"type": "int", "data": 13}, "Hcamera2end": {"type": "ndarray", "data": [[0.9999990338735666, -0.0007540738035992966, 0.0011677433931124108, -0.01433062135400572], [-0.0011699758061638102, -0.002966846591392347, 0.9999949144760268, 0.02933903306001235], [-0.0007506054532334142, -0.9999953145860244, -0.0029677259731497596, 0.03444853635128536], [0.0, 0.0, 0.0, 1.0]]}, "Hobj2base": {"type": "ndarray", "data": [[0.9999909081583293, -0.0014095612840805483, 0.00402451707243792, -0.7341091716391099], [-0.0014203769246088128, -0.9999953843699307, 0.002685845905246115, 0.09249085560549472], [0.0040207126323528655, -0.002691537817142778, -0.9999882946785463, -0.0005803099656301709], [0.0, 0.0, 0.0, 1.0]]}, "mean_rme": {"type": "float", "data": 0.0018550094766758803}, "max_rme": {"type": "float", "data": 0.005641237553706546}, "simu": {"type": "float", "data": 0.002}}, {"type": "dict", "image_number": {"type": "int", "data": 14}, "Hcamera2end": {"type": "ndarray", "data": [[0.9999986274264371, -0.0006339993233503647, 0.001530748215710693, -0.014753092407948282], [-0.0015323484748866042, -0.0025313233765424936, 0.9999956221454747, 0.028849624176395406], [-0.0006301217290515288, -0.9999965952176144, -0.0025322914100112115, 0.03419056088857676], [0.0, 0.0, 0.0, 1.0]]}, "Hobj2base": {"type": "ndarray", "data": [[0.9999927498679855, -0.001056534482710892, 0.0036584076251020446, -0.7342012126204225], [-0.0010665673071882846, -0.9999956731927104, 0.0027415378964051103, 0.09213769948770292], [0.003655495266554053, -0.002745419957862741, -0.999989549957204, -0.00023168941939481966], [0.0, 0.0, 0.0, 1.0]]}, "mean_rme": {"type": "float", "data": 0.0018547052810564473}, "max_rme": {"type": "float", "data": 0.00582813152823719}, "simu": {"type": "float", "data": 0.002}}, {"type": "dict", "image_number": {"type": "int", "data": 15}, "Hcamera2end": {"type": "ndarray", "data": [[0.999999821589433, 5.025370628293041e-05, 0.0005952274079905719, -0.014451284705892263], [-0.0005950790375440467, -0.00290254977742066, 0.9999956105332305, 0.02870135996909942], [5.1981162876534406e-05, -0.9999957863307997, -0.0029025193546479144, 0.03433896313852316], [0.0, 0.0, 0.0, 1.0]]}, "Hobj2base": {"type": "ndarray", "data": [[0.9999935140010174, -6.271892843718342e-05, 0.0036011140266470638, -0.7343693951681073], [-7.041657028701699e-05, -0.9999977130962778, 0.0021374853734770806, 0.0920696077393457], [0.003600971730453816, -0.0021377250878480917, -0.9999912315285799, -0.00023346503039823515], [0.0, 0.0, 0.0, 1.0]]}, "mean_rme": {"type": "float", "data": 0.0018588743540333204}, "max_rme": {"type": "float", "data": 0.005985870401270188}, "simu": {"type": "float", "data": 0.002}}, {"type": "dict", "image_number": {"type": "int", "data": 16}, "Hcamera2end": {"type": "ndarray", "data": [[0.9999987698822179, -0.0005661590825429561, -0.0014627706396587617, -0.013650956732005089], [0.0014599924595985457, -0.004876760952050585, 0.9999870427283717, 0.028621762862488957], [-0.0005732853294032329, -0.9999879482606326, -0.004875928365068782, 0.03555817099190405], [0.0, 0.0, 0.0, 1.0]]}, "Hobj2base": {"type": "ndarray", "data": [[0.9999886838732216, -0.0005502967588038016, 0.0047253887648915725, -0.7343569646123475], [-0.0005522079872130279, -0.9999997662624049, 0.00040316432646351477, 0.09176735251278484], [0.0047251658003684485, -0.0004057691616235438, -0.9999887540165371, -0.0008654646325044271], [0.0, 0.0, 0.0, 1.0]]}, "mean_rme": {"type": "float", "data": 0.0018801459270112667}, "max_rme": {"type": "float", "data": 0.006503145201932403}, "simu": {"type": "float", "data": 0.002}}, {"type": "dict", "image_number": {"type": "int", "data": 17}, "Hcamera2end": {"type": "ndarray", "data": [[0.9999982546955484, -0.0006228997843546968, -0.0017614203688296913, -0.012677017165319712], [0.0017580802621598082, -0.005322688132533671, 0.9999842889489994, 0.02870537815179894], [-0.000632265489237989, -0.9999856403903522, -0.005321583735006241, 0.0359192179776067], [0.0, 0.0, 0.0, 1.0]]}, "Hobj2base": {"type": "ndarray", "data": [[0.9999860819198256, -0.0007734866802727712, 0.005218973557235573, -0.7340648622131885], [-0.0007758267716757319, -0.9999995994223865, 0.00044637191578983674, 0.09258076158282968], [0.005218626203900289, -0.00045041472255609634, -0.9999862814394616, -0.0008065275462151268], [0.0, 0.0, 0.0, 1.0]]}, "mean_rme": {"type": "float", "data": 0.0020383306174028906}, "max_rme": {"type": "float", "data": 0.00552481866053256}, "simu": {"type": "float", "data": 0.002}}, {"type": "dict", "image_number": {"type": "int", "data": 18}, "Hcamera2end": {"type": "ndarray", "data": [[0.9999981038006609, -0.0019444956845504429, -0.00010645006097182829, -0.013530943829010838], [9.617015279757832e-05, -0.005285999299709632, 0.9999860243836936, 0.02869467071855598], [-0.0019450312039725973, -0.9999841384481736, -0.005285802273954143, 0.035530589570384], [0.0, 0.0, 0.0, 1.0]]}, "Hobj2base": {"type": "ndarray", "data": [[0.9999842480737436, -0.0023803721489549976, 0.005083053493926551, -0.7337069364695583], [-0.0023878678040419343, -0.9999960699424548, 0.001469076919576879, 0.09265931137922861], [0.005079536567449781, -0.0014811914385699468, -0.9999860020921205, -0.0008962014660948456], [0.0, 0.0, 0.0, 1.0]]}, "mean_rme": {"type": "float", "data": 0.00214544144295801}, "max_rme": {"type": "float", "data": 0.005703623738750441}, "simu": {"type": "float", "data": 0.002}}, {"type": "dict", "image_number": {"type": "int", "data": 19}, "Hcamera2end": {"type": "ndarray", "data": [[0.9999976024486549, -0.0021538495645524137, -0.00039500505732615893, -0.01346293474198878], [0.00038219575765647564, -0.005944337302661973, 0.99998225923285, 0.028608548088608073], [-0.0021561593969058167, -0.9999800126932965, -0.005943499858641843, 0.035869256549488186], [0.0, 0.0, 0.0, 1.0]]}, "Hobj2base": {"type": "ndarray", "data": [[0.9999790614427838, -0.003102866086457568, 0.005678811324446051, -0.7335315764988972], [-0.0031095573634086797, -0.9999944810502663, 0.0011698384554007198, 0.09271743317428387], [0.00567515013130191, -0.0011874725502406278, -0.9999831911486958, -0.0010689227970653887], [0.0, 0.0, 0.0, 1.0]]}, "mean_rme": {"type": "float", "data": 0.0021154729367352516}, "max_rme": {"type": "float", "data": 0.0058172580562949605}, "simu": {"type": "float", "data": 0.002}}, {"type": "dict", "image_number": {"type": "int", "data": 20}, "Hcamera2end": {"type": "ndarray", "data": [[0.9999975334626036, -0.0020291000281617293, -0.0009032285341384844, -0.012967156594957015], [0.0008907421603806155, -0.006146149694813197, 0.9999807155252209, 0.029671535244021347], [-0.0020346122758128533, -0.9999790535791262, -0.006144327130162441, 0.03594665218908245], [0.0, 0.0, 0.0, 1.0]]}, "Hobj2base": {"type": "ndarray", "data": [[0.9999769150695825, -0.0035940869788631128, 0.005766443159280346, -0.7334370706760216], [-0.0035971352941097804, -0.9999933959458849, 0.0005183457273473726, 0.09279724903035624], [0.0057645420977484605, -0.0005390764375820499, -0.9999832395850432, -0.0023330961589727527], [0.0, 0.0, 0.0, 1.0]]}, "mean_rme": {"type": "float", "data": 0.0021117898432631453}, "max_rme": {"type": "float", "data": 0.0056641079658354965}, "simu": {"type": "float", "data": 0.002}}, {"type": "dict", "image_number": {"type": "int", "data": 21}, "Hcamera2end": {"type": "ndarray", "data": [[0.9999973460452877, -0.002163350067066232, -0.0007923502183179241, -0.013202026306075476], [0.0007807764604907254, -0.005345536970810638, 0.9999854077048386, 0.02974058700680946], [-0.002167554036209365, -0.9999833724372525, -0.005343833691189515, 0.035652414070706545], [0.0, 0.0, 0.0, 1.0]]}, "Hobj2base": {"type": "ndarray", "data": [[0.999979660981487, -0.0036625296334224016, 0.005221446163140923, -0.7336332746111228], [-0.0036659820624029005, -0.9999930678524611, 0.0006517841212787803, 0.0926940988255257], [0.005219022788646977, -0.0006709125926033482, -0.9999861557428804, -0.0021792080041532504], [0.0, 0.0, 0.0, 1.0]]}, "mean_rme": {"type": "float", "data": 0.0020618715088727498}, "max_rme": {"type": "float", "data": 0.005936151767717612}, "simu": {"type": "float", "data": 0.002}}, {"type": "dict", "image_number": {"type": "int", "data": 22}, "Hcamera2end": {"type": "ndarray", "data": [[0.999998326074852, -0.001597235974028275, -0.0008925719788168538, -0.013113028022710872], [0.000886255651478894, -0.003950883969064067, 0.9999918024997921, 0.029813367560888218], [-0.001600749329008389, -0.9999909196353266, -0.003949461796171505, 0.03483130924771121], [0.0, 0.0, 0.0, 1.0]]}, "Hobj2base": {"type": "ndarray", "data": [[0.9999882065554324, -0.00293373019746605, 0.003870397547835889, -0.7338636933573618], [-0.0029348421937001067, -0.9999956536750911, 0.0002816597691816161, 0.09249488101473116], [0.0038695544120603597, -0.00029301545347252357, -0.99999247031695, -0.0019735048737059002], [0.0, 0.0, 0.0, 1.0]]}, "mean_rme": {"type": "float", "data": 0.0020776370879178794}, "max_rme": {"type": "float", "data": 0.005921839668708184}, "simu": {"type": "float", "data": 0.002}}, {"type": "dict", "image_number": {"type": "int", "data": 23}, "Hcamera2end": {"type": "ndarray", "data": [[0.9999990386607387, -0.001381311314091029, 0.00012106466009916407, -0.013737353232942324], [-0.00012560377507646108, -0.0032864778169436892, 0.9999945916289998, 0.02876522214535769], [-0.0013809059671271442, -0.9999936455011162, -0.00328664815543922, 0.034508587365726255], [0.0, 0.0, 0.0, 1.0]]}, "Hobj2base": {"type": "ndarray", "data": [[0.9999907935208262, -0.002633898682115671, 0.0033875435525778518, -0.7339216633570423], [-0.0026385099259576715, -0.999995597737023, 0.0013574873646928318, 0.09219853542096997], [0.0033839531555394328, -0.0013664129343017707, -0.9999933408661954, -0.0008854254339996069], [0.0, 0.0, 0.0, 1.0]]}, "mean_rme": {"type": "float", "data": 0.0021017737354216267}, "max_rme": {"type": "float", "data": 0.005876351296562277}, "simu": {"type": "float", "data": 0.002}}, {"type": "dict", "image_number": {"type": "int", "data": 24}, "Hcamera2end": {"type": "ndarray", "data": [[0.9999981594957603, -0.001917931106907501, 5.0451571098479565e-05, -0.01349679913895473], [-5.7168354341190306e-05, -0.003502204791732355, 0.999993865627873, 0.028803986773877827], [-0.0019177426498703251, -0.9999920280191569, -0.003502307990874698, 0.0345479392708386], [0.0, 0.0, 0.0, 1.0]]}, "Hobj2base": {"type": "ndarray", "data": [[0.9999878866802641, -0.003173587400444869, 0.003762291290039741, -0.7336674512873146], [-0.003178313037709548, -0.9999941669705774, 0.0012507402028576879, 0.0923905282837374], [0.003758300011134931, -0.0012626827917004983, -0.9999921403757102, -0.0010012067428674526], [0.0, 0.0, 0.0, 1.0]]}, "mean_rme": {"type": "float", "data": 0.0020995586336564416}, "max_rme": {"type": "float", "data": 0.0056632777317943694}, "simu": {"type": "float", "data": 0.002}}, {"type": "dict", "image_number": {"type": "int", "data": 25}, "Hcamera2end": {"type": "ndarray", "data": [[0.9999983240657112, -0.0018307193120119766, 1.8236489921124102e-05, -0.013682020337784142], [-2.4798451482512104e-05, -0.003584403744745668, 0.9999935756967799, 0.028900572546194485], [-0.001830642183973241, -0.9999919002254944, -0.0035844431365246177, 0.034814509032505256], [0.0, 0.0, 0.0, 1.0]]}, "Hobj2base": {"type": "ndarray", "data": [[0.99998662211002, -0.003137223647408671, 0.004112593923329982, -0.7336968205590955], [-0.003141531029193937, -0.9999945232001017, 0.0010413225216932942, 0.09208271271653469], [0.004109304537836366, -0.0010542284324157809, -0.9999910010688238, -0.0009913944922034213], [0.0, 0.0, 0.0, 1.0]]}, "mean_rme": {"type": "float", "data": 0.002160295555638177}, "max_rme": {"type": "float", "data": 0.005739098326523917}, "simu": {"type": "float", "data": 0.002}}, {"type": "dict", "image_number": {"type": "int", "data": 26}, "Hcamera2end": {"type": "ndarray", "data": [[0.9999981431791178, -0.0018893960400804901, 0.000379237287574834, -0.013884498146804761], [-0.0003860089431666771, -0.003584957268783162, 0.9999934995181102, 0.028975061041220936], [-0.0018880242086250641, -0.9999917890982829, -0.0035856799359281766, 0.034936350306201285], [0.0, 0.0, 0.0, 1.0]]}, "Hobj2base": {"type": "ndarray", "data": [[0.9999872415275881, -0.0031662423556608164, 0.003935948601085061, -0.7337990873495559], [-0.003170237183881366, -0.9999944656059119, 0.0010091351469324217, 0.09204041178285023], [0.003932731651549588, -0.0010216001625184955, -0.9999917449433593, -0.0009225038637001731], [0.0, 0.0, 0.0, 1.0]]}, "mean_rme": {"type": "float", "data": 0.0021291809154951437}, "max_rme": {"type": "float", "data": 0.005778180580405079}, "simu": {"type": "float", "data": 0.002}}, {"type": "dict", "image_number": {"type": "int", "data": 27}, "Hcamera2end": {"type": "ndarray", "data": [[0.999997739037345, -0.0020956204410000298, 0.0003609642160231205, -0.013916800429161635], [-0.00036840937540398057, -0.0035534248928468237, 0.9999936187026711, 0.02897178793713586], [-0.0020943244089922635, -0.9999914907370454, -0.0035541889049035547, 0.03496595139106703], [0.0, 0.0, 0.0, 1.0]]}, "Hobj2base": {"type": "ndarray", "data": [[0.999985514164512, -0.003551826120218474, 0.0040442542388463764, -0.7338290173006881], [-0.0035554962180617137, -0.9999932736094979, 0.0009006566512163565, 0.09210786930045851], [0.004041028059793937, -0.0009150229351033741, -0.9999914163757848, -0.0009411634608796308], [0.0, 0.0, 0.0, 1.0]]}, "mean_rme": {"type": "float", "data": 0.0020696119058889943}, "max_rme": {"type": "float", "data": 0.005919910655408256}, "simu": {"type": "float", "data": 0.002}}, {"type": "dict", "image_number": {"type": "int", "data": 28}, "Hcamera2end": {"type": "ndarray", "data": [[0.9999986424076193, -0.0016450953551690748, 9.404355836378103e-05, -0.013977181128228152], [-0.00010058540479493405, -0.00397694518809133, 0.9999920868634646, 0.028988437839906393], [-0.00164470833122801, -0.9999907387412361, -0.003977105261603109, 0.0353793510779102], [0.0, 0.0, 0.0, 1.0]]}, "Hobj2base": {"type": "ndarray", "data": [[0.9999852736334057, -0.003119090479431853, 0.004441147476035308, -0.7339821120887758], [-0.0031220677223848694, -0.9999949061497766, 0.0006636020161100055, 0.09175971776359085], [0.004439055018764666, -0.0006774578068487245, -0.9999899178699052, -0.0009871946249413713], [0.0, 0.0, 0.0, 1.0]]}, "mean_rme": {"type": "float", "data": 0.002057413921283834}, "max_rme": {"type": "float", "data": 0.006046287408343176}, "simu": {"type": "float", "data": 0.002}}, {"type": "dict", "image_number": {"type": "int", "data": 29}, "Hcamera2end": {"type": "ndarray", "data": [[0.9999984961122992, -0.001734109809793502, 2.5225138891582293e-05, -0.013972880177063432], [-3.1816588229910034e-05, -0.0038011339882684236, 0.9999927751579547, 0.02876042052437829], [-0.0017340013969912376, -0.999991272083697, -0.0038011834452476023, 0.035316336061725906], [0.0, 0.0, 0.0, 1.0]]}, "Hobj2base": {"type": "ndarray", "data": [[0.9999857639120601, -0.0032030679973014875, 0.004267590493283545, -0.7339603628353533], [-0.003205811712596738, -0.9999946589747299, 0.0006362336660888002, 0.091781171712708], [0.004265529800280222, -0.0006499057001983141, -0.9999906913957273, -0.0007206555464334953], [0.0, 0.0, 0.0, 1.0]]}, "mean_rme": {"type": "float", "data": 0.0020127301985822044}, "max_rme": {"type": "float", "data": 0.006061274817730888}, "simu": {"type": "float", "data": 0.002}}, {"type": "dict", "image_number": {"type": "int", "data": 30}, "Hcamera2end": {"type": "ndarray", "data": [[0.9999976277629379, -0.002174238884929996, -0.00013097239403279167, -0.013975882832517295], [0.0001227185125524798, -0.003795915930005167, 0.9999927879552026, 0.028761411347266723], [-0.002174720364418658, -0.9999904318079866, -0.0037956401058307776, 0.03535314219213928], [0.0, 0.0, 0.0, 1.0]]}, "Hobj2base": {"type": "ndarray", "data": [[0.9999839837969078, -0.00361715790064865, 0.0043529666191544645, -0.7338713980286605], [-0.003619205941670076, -0.999993343602692, 0.0004627079645596209, 0.09177757741777176], [0.004351263956309478, -0.0004784548363868234, -0.9999904187455759, -0.0007633855675962698], [0.0, 0.0, 0.0, 1.0]]}, "mean_rme": {"type": "float", "data": 0.0019760999879368272}, "max_rme": {"type": "float", "data": 0.006166224085271621}, "simu": {"type": "float", "data": 0.002}}]}