{"type": "list", "data": [{"type": "dict", "image_number": {"type": "int", "data": 5}, "Hcamera2end": {"type": "ndarray", "data": [[0.9999877470713798, 0.0014620848531117054, -0.004729483585795634, -0.01758302972472785], [0.004692167061064089, 0.024551460248384394, 0.9996875558733053, 0.025071630832460366], [0.0015777437615386689, -0.9996974983001378, 0.024544299074706233, 0.03388127020495135], [0.0, 0.0, 0.0, 1.0]]}, "Hobj2base": {"type": "ndarray", "data": [[0.9997659381453367, 0.002029167661826246, -0.02153953116887608, -0.7464300277848809], [0.001930726104405621, -0.9999876016250666, -0.004590086367100491, 0.08617767543625601], [-0.02154857816851386, 0.004547425067867934, -0.9997574604393649, 0.007132884581073151], [0.0, 0.0, 0.0, 1.0]]}, "mean_rme": {"type": "float", "data": 0.0014987840664036545}, "max_rme": {"type": "float", "data": 0.003847891333808362}, "simu": {"type": "float", "data": 0.002}}, {"type": "dict", "image_number": {"type": "int", "data": 6}, "Hcamera2end": {"type": "ndarray", "data": [[0.9999851847725371, 0.0002283231680288789, 0.00543857554565059, -0.015028505835946669], [-0.0054404071580209405, 0.008982494654549589, 0.999944856859485, 0.02489224888803566], [0.00017945860180517076, -0.9999596305143083, 0.008983603747845792, 0.034311766477087426], [0.0, 0.0, 0.0, 1.0]]}, "Hobj2base": {"type": "ndarray", "data": [[0.9999791628667763, 0.0013005666211375686, -0.006323160501289843, -0.7396703406743542], [0.0013360877729829484, -0.9999833339105464, 0.005616651191893533, 0.09365165964489242], [-0.00631575028986855, -0.005624982454416758, -0.9999642347957569, 0.004782272017780105], [0.0, 0.0, 0.0, 1.0]]}, "mean_rme": {"type": "float", "data": 0.001649388966703348}, "max_rme": {"type": "float", "data": 0.0041156924479898715}, "simu": {"type": "float", "data": 0.002}}, {"type": "dict", "image_number": {"type": "int", "data": 7}, "Hcamera2end": {"type": "ndarray", "data": [[0.9999966814608394, -0.002458993750713649, -0.0007683859982488634, -0.013892983534047618], [0.0007847548548331835, 0.006662702611660354, 0.9999774960236487, 0.02570515080720262], [-0.002453818886179139, -0.9999747805538111, 0.006664610208504729, 0.03159763849590455], [0.0, 0.0, 0.0, 1.0]]}, "Hobj2base": {"type": "ndarray", "data": [[0.9999886007134837, -0.0014563270782756925, -0.004547257913284517, -0.7361700366093428], [-0.0014622511981364757, -0.999998086251058, -0.001299736763898059, 0.09109968410285273], [-0.004545356369130601, 0.0013063711811582275, -0.9999888165023723, 0.003927134999014029], [0.0, 0.0, 0.0, 1.0]]}, "mean_rme": {"type": "float", "data": 0.002100363783330945}, "max_rme": {"type": "float", "data": 0.0051831430418917135}, "simu": {"type": "float", "data": 0.002}}, {"type": "dict", "image_number": {"type": "int", "data": 8}, "Hcamera2end": {"type": "ndarray", "data": [[0.9999949910750475, -0.003145630164599786, 0.0003504792194658228, -0.014202452663473874], [-0.00032766330976114226, 0.007250794837437069, 0.9999736589585652, 0.0270609904856203], [-0.0031480885583404132, -0.9999687650047341, 0.007249727811158846, 0.031465624882563006], [0.0, 0.0, 0.0, 1.0]]}, "Hobj2base": {"type": "ndarray", "data": [[0.9999857200538702, -0.002187755496090887, -0.004875798830152692, -0.7361085472635349], [-0.002188949031889879, -0.9999975755764547, -0.00023946471364899235, 0.09107107772773744], [-0.0048752631189078, 0.000250134169234734, -0.9999880845502207, 0.0027348407327501545], [0.0, 0.0, 0.0, 1.0]]}, "mean_rme": {"type": "float", "data": 0.002014779297534842}, "max_rme": {"type": "float", "data": 0.005239424141397109}, "simu": {"type": "float", "data": 0.002}}, {"type": "dict", "image_number": {"type": "int", "data": 9}, "Hcamera2end": {"type": "ndarray", "data": [[0.9999973730018634, -0.0015467127323194735, -0.0016916468590768559, -0.013331917854310857], [0.00169780912880986, 0.003991512759185745, 0.9999905925907782, 0.0271766102049338], [-0.0015399459517378097, -0.9999908377108349, 0.0039941282964857105, 0.03172735708943576], [0.0, 0.0, 0.0, 1.0]]}, "Hobj2base": {"type": "ndarray", "data": [[0.999996627586803, -0.001135630019383225, -0.0023356282837877613, -0.7349395183039821], [-0.0011383842808563743, -0.9999986579069833, -0.0011782467746250902, 0.09138282651483969], [-0.0023342870967498455, 0.0011809016436143058, -0.9999965782816753, 0.002110954806800569], [0.0, 0.0, 0.0, 1.0]]}, "mean_rme": {"type": "float", "data": 0.00207165745510234}, "max_rme": {"type": "float", "data": 0.005643598052011145}, "simu": {"type": "float", "data": 0.002}}, {"type": "dict", "image_number": {"type": "int", "data": 10}, "Hcamera2end": {"type": "ndarray", "data": [[0.9999910929465788, -0.0018076199816578929, -0.003813992332023919, -0.012358638177086604], [0.0038218263423615215, 0.004350425533779401, 0.9999832335799855, 0.027372942976676737], [-0.0017909971847151777, -0.9999889030922678, 0.004357295193969657, 0.031083637317935293], [0.0, 0.0, 0.0, 1.0]]}, "Hobj2base": {"type": "ndarray", "data": [[0.9999958901079682, -0.0007324843640619118, -0.002771864684420176, -0.73458101625967], [-0.00074118755330273, -0.9999947951666694, -0.0031401083710736574, 0.09096057583084012], [-0.002769550177043207, 0.0031421499371708157, -0.9999912282043226, 0.002118067252772765], [0.0, 0.0, 0.0, 1.0]]}, "mean_rme": {"type": "float", "data": 0.0020516668680808287}, "max_rme": {"type": "float", "data": 0.005675137227390811}, "simu": {"type": "float", "data": 0.002}}, {"type": "dict", "image_number": {"type": "int", "data": 11}, "Hcamera2end": {"type": "ndarray", "data": [[0.9999935565861592, -0.0020943034890175062, -0.0029155924029136806, -0.012685743863536863], [0.0029253153365220975, 0.004654599300600082, 0.9999848885035879, 0.025619015392977704], [-0.0020807009265984087, -0.9999869742142881, 0.004660695807206183, 0.030894207558870717], [0.0, 0.0, 0.0, 1.0]]}, "Hobj2base": {"type": "ndarray", "data": [[0.999995195751044, -0.0011785785061074981, -0.002866954400759255, -0.7345213432658475], [-0.0011863795203938515, -0.9999955947737429, -0.0027208338321309325, 0.09073303661584138], [-0.002863735054903211, 0.002724222056554799, -0.9999921887873535, 0.003834181965307498], [0.0, 0.0, 0.0, 1.0]]}, "mean_rme": {"type": "float", "data": 0.002009304491941072}, "max_rme": {"type": "float", "data": 0.0061533024756721955}, "simu": {"type": "float", "data": 0.002}}, {"type": "dict", "image_number": {"type": "int", "data": 12}, "Hcamera2end": {"type": "ndarray", "data": [[0.999992002524296, -0.00309269862034027, -0.0025357647154658335, -0.013518445881983766], [0.0025552262591901093, 0.006305105513628284, 0.9999768579638363, 0.025726106044658963], [-0.0030766387849082075, -0.9999753401257981, 0.006312957633426541, 0.03013344592247612], [0.0, 0.0, 0.0, 1.0]]}, "Hobj2base": {"type": "ndarray", "data": [[0.9999889285591399, -0.0017732357450072045, -0.004358714734413927, -0.7343735420071803], [-0.0017816056204313859, -0.9999965752408557, -0.0019171301398266949, 0.09024712847397666], [-0.0043553002831740115, 0.0019248744251024194, -0.9999886630446824, 0.004262033942206085], [0.0, 0.0, 0.0, 1.0]]}, "mean_rme": {"type": "float", "data": 0.0019859145532354124}, "max_rme": {"type": "float", "data": 0.006513417792640433}, "simu": {"type": "float", "data": 0.002}}, {"type": "dict", "image_number": {"type": "int", "data": 13}, "Hcamera2end": {"type": "ndarray", "data": [[0.9999906437169652, -0.003000415710457654, -0.0031160847379437732, -0.013222471901130161], [0.0031356313803839724, 0.006532129604415959, 0.9999737492047864, 0.025725822518145532], [-0.002979982277792692, -0.9999741640604498, 0.006541476685618441, 0.029381680852357678], [0.0, 0.0, 0.0, 1.0]]}, "Hobj2base": {"type": "ndarray", "data": [[0.9999887828047495, -0.0017652784900790072, -0.004395231112027922, -0.7337905533953355], [-0.0017789358512882748, -0.9999935960877253, -0.00310534551635409, 0.09000497903334888], [-0.00438972116570917, 0.0031131295172869967, -0.9999855192815021, 0.004025463565908853], [0.0, 0.0, 0.0, 1.0]]}, "mean_rme": {"type": "float", "data": 0.0019504154029356742}, "max_rme": {"type": "float", "data": 0.006403022713033946}, "simu": {"type": "float", "data": 0.002}}, {"type": "dict", "image_number": {"type": "int", "data": 14}, "Hcamera2end": {"type": "ndarray", "data": [[0.9999967422298544, -0.0024716877837482627, -0.0006374081721782674, -0.014319507344450023], [0.0006544801798263731, 0.00691237797299904, 0.9999758950527021, 0.02557878834515294], [-0.0024672221976353237, -0.9999730545321001, 0.006913973124725636, 0.02919042650834057], [0.0, 0.0, 0.0, 1.0]]}, "Hobj2base": {"type": "ndarray", "data": [[0.9999874250890822, -0.0015397471788662787, -0.00477271854736526, -0.7336745410150345], [-0.0015453868639130255, -0.9999981118245704, -0.0011781879030965876, 0.09002863060576817], [-0.0047708954241353985, 0.001185548784036914, -0.9999879164424603, 0.004038211226497224], [0.0, 0.0, 0.0, 1.0]]}, "mean_rme": {"type": "float", "data": 0.0019506453601140364}, "max_rme": {"type": "float", "data": 0.006556881749803206}, "simu": {"type": "float", "data": 0.002}}, {"type": "dict", "image_number": {"type": "int", "data": 15}, "Hcamera2end": {"type": "ndarray", "data": [[0.9999952517837916, -0.002424894527691775, -0.0019016562257278056, -0.013762276675635865], [0.0019182321792461082, 0.006851837724068388, 0.9999746860321562, 0.02574814033080201], [-0.0024118033041240256, -0.9999735857543101, 0.006856456700775726, 0.029220792727664025], [0.0, 0.0, 0.0, 1.0]]}, "Hobj2base": {"type": "ndarray", "data": [[0.9999853813108426, -0.001956719614816352, -0.005040675843349512, -0.7336419299312221], [-0.001965250540723287, -0.9999966441833386, -0.0016880202530134808, 0.09001748385266649], [-0.005037355945426251, 0.0016979017672968638, -0.99998587098752, 0.004219824846703883], [0.0, 0.0, 0.0, 1.0]]}, "mean_rme": {"type": "float", "data": 0.0019486641063565545}, "max_rme": {"type": "float", "data": 0.006581655456216806}, "simu": {"type": "float", "data": 0.002}}, {"type": "dict", "image_number": {"type": "int", "data": 16}, "Hcamera2end": {"type": "ndarray", "data": [[0.9999929699990409, -0.003449251774297194, -0.0014705831138801034, -0.014218282887803935], [0.0014973488878989873, 0.007770175208457353, 0.9999686906716317, 0.025847583941555508], [-0.003437717092087321, -0.9999638628667674, 0.007775285317426439, 0.029473899093875457], [0.0, 0.0, 0.0, 1.0]]}, "Hobj2base": {"type": "ndarray", "data": [[0.9999779747344283, -0.0029437279583536214, -0.005948488189298394, -0.7341392211636867], [-0.0029506243618774653, -0.9999949845975415, -0.0011509107862779865, 0.08976547232091267], [-0.005945070386976967, 0.0011684371913299537, -0.999981645277864, 0.004405309504960951], [0.0, 0.0, 0.0, 1.0]]}, "mean_rme": {"type": "float", "data": 0.0019533079132773154}, "max_rme": {"type": "float", "data": 0.0071345612557734694}, "simu": {"type": "float", "data": 0.002}}, {"type": "dict", "image_number": {"type": "int", "data": 17}, "Hcamera2end": {"type": "ndarray", "data": [[0.9999929681106898, -0.0026015972937492356, -0.002701003645702126, -0.013731953048700417], [0.002720919622696742, 0.007682414789951575, 0.9999667879981824, 0.025908138477739907], [-0.002580760659139732, -0.9999671055562358, 0.007689439505188078, 0.03009507253903789], [0.0, 0.0, 0.0, 1.0]]}, "Hobj2base": {"type": "ndarray", "data": [[0.9999824657455321, -0.002166274218126736, -0.005511393426136894, -0.7347892269537096], [-0.002179662299610844, -0.9999946858612248, -0.0024243187846376226, 0.0896938609650525], [-0.005506112398547703, 0.0024362892524844152, -0.9999818734461803, 0.004392305091218495], [0.0, 0.0, 0.0, 1.0]]}, "mean_rme": {"type": "float", "data": 0.0020136814988228565}, "max_rme": {"type": "float", "data": 0.007031174702720425}, "simu": {"type": "float", "data": 0.002}}, {"type": "dict", "image_number": {"type": "int", "data": 18}, "Hcamera2end": {"type": "ndarray", "data": [[0.9999891981811895, -0.0030579099911887185, -0.003500386753991889, -0.013309952016891967], [0.0035265020996790588, 0.008577026727760395, 0.9999569982731521, 0.0257537732345737], [-0.0030277555850320636, -0.9999585410400761, 0.008587717806276207, 0.030040997646611334], [0.0, 0.0, 0.0, 1.0]]}, "Hobj2base": {"type": "ndarray", "data": [[0.999978142777695, -0.0021922250663518345, -0.006237637063047044, -0.7350605701205901], [-0.0022127573398127535, -0.999992150689379, -0.0032866798725408233, 0.09002255412228757], [-0.00623038295989454, 0.0033004104120425495, -0.9999751445007443, 0.0044432399084977335], [0.0, 0.0, 0.0, 1.0]]}, "mean_rme": {"type": "float", "data": 0.0020905087612128237}, "max_rme": {"type": "float", "data": 0.0070277875490564745}, "simu": {"type": "float", "data": 0.002}}, {"type": "dict", "image_number": {"type": "int", "data": 19}, "Hcamera2end": {"type": "ndarray", "data": [[0.9999974830291366, -0.0010739786809465886, -0.0019698997904941343, -0.013758739117003276], [0.001980832926698437, 0.010275829296090278, 0.9999452403172857, 0.02572928741502159], [-0.0010536775162372561, -0.9999466255266181, 0.010277930804461155, 0.029407624340136523], [0.0, 0.0, 0.0, 1.0]]}, "Hobj2base": {"type": "ndarray", "data": [[0.9999722223028641, -0.0008458446968149089, -0.007405347353114009, -0.7351373786145603], [-0.0008637046551023567, -0.99999672560381, -0.002408899318446467, 0.09012560406089933], [-0.0074032855503591835, 0.0024152284377523025, -0.9999696785576315, 0.004625554701261011], [0.0, 0.0, 0.0, 1.0]]}, "mean_rme": {"type": "float", "data": 0.0021056799979696675}, "max_rme": {"type": "float", "data": 0.0069550869686643285}, "simu": {"type": "float", "data": 0.002}}, {"type": "dict", "image_number": {"type": "int", "data": 20}, "Hcamera2end": {"type": "ndarray", "data": [[0.9999967540018158, -0.0007630981122175353, -0.0024309806875322908, -0.013436395378370327], [0.0024383741685559575, 0.009842166386876738, 0.9999485917247082, 0.025742446807526544], [-0.000739132766249731, -0.9999512735339078, 0.009843995157947427, 0.029949779830513026], [0.0, 0.0, 0.0, 1.0]]}, "Hobj2base": {"type": "ndarray", "data": [[0.9999733155414317, -0.0005632677036772647, -0.0072836072498711135, -0.7354908397232695], [-0.0005800706331666807, -0.9999971751390364, -0.0023050449036614087, 0.0900120006363587], [-0.007282288317343562, 0.002309208401455349, -0.9999708174909014, 0.004558275722716612], [0.0, 0.0, 0.0, 1.0]]}, "mean_rme": {"type": "float", "data": 0.0020798619666954226}, "max_rme": {"type": "float", "data": 0.007161009374618527}, "simu": {"type": "float", "data": 0.002}}, {"type": "dict", "image_number": {"type": "int", "data": 21}, "Hcamera2end": {"type": "ndarray", "data": [[0.9999961659697844, -0.001068375776776506, -0.0025547248249219675, -0.013353513513566744], [0.0025658398772642164, 0.01053505725809778, 0.9999412127891781, 0.025568674257143386], [-0.0010413987976352437, -0.9999439339991857, 0.010537758147541876, 0.029531129155367267], [0.0, 0.0, 0.0, 1.0]]}, "Hobj2base": {"type": "ndarray", "data": [[0.9999699235010548, -0.0010287558643819201, -0.007687246234252796, -0.7355249521257793], [-0.0010472747223830763, -0.9999965586279889, -0.002405399724718039, 0.09007966636271869], [-0.007684745210505774, 0.002413378037381623, -0.9999675596225603, 0.004825868751185857], [0.0, 0.0, 0.0, 1.0]]}, "mean_rme": {"type": "float", "data": 0.002045384704228003}, "max_rme": {"type": "float", "data": 0.007180941122388665}, "simu": {"type": "float", "data": 0.002}}, {"type": "dict", "image_number": {"type": "int", "data": 22}, "Hcamera2end": {"type": "ndarray", "data": [[0.9999956100449066, -0.0013226093010217134, -0.0026515270226722966, -0.013115250206432023], [0.0026648225315777574, 0.010154112217605094, 0.9999448948446846, 0.025202360529189012], [-0.0012956125154945327, -0.9999475709804534, 0.010157592160574214, 0.029737138612233694], [0.0, 0.0, 0.0, 1.0]]}, "Hobj2base": {"type": "ndarray", "data": [[0.9999728507642588, -0.0014824104943104795, -0.007218046378890571, -0.7354463376811856], [-0.0015025947081414458, -0.9999949742009, -0.0027917346013835165, 0.09028334625466927], [-0.007213871605769155, 0.002802504606214737, -0.9999700525637694, 0.005217298793458714], [0.0, 0.0, 0.0, 1.0]]}, "mean_rme": {"type": "float", "data": 0.002019275562190031}, "max_rme": {"type": "float", "data": 0.0071880444373484675}, "simu": {"type": "float", "data": 0.002}}, {"type": "dict", "image_number": {"type": "int", "data": 23}, "Hcamera2end": {"type": "ndarray", "data": [[0.9999916557124953, -0.0011029215278303287, -0.003933455158726079, -0.012630447654591134], [0.003943201892447747, 0.008978855164811783, 0.9999519145032749, 0.02480076941859648], [-0.001067550569133331, -0.9999590810248351, 0.008983129284918623, 0.029762900354955206], [0.0, 0.0, 0.0, 1.0]]}, "Hobj2base": {"type": "ndarray", "data": [[0.9999789345726426, -0.0012379212946740084, -0.0063716529904411946, -0.7349565848605436], [-0.0012591292546042566, -0.9999936776291982, -0.0033255518565807572, 0.09050416738572746], [-0.006367495935028566, 0.0033335045370901503, -0.9999741710379415, 0.005335759944328999], [0.0, 0.0, 0.0, 1.0]]}, "mean_rme": {"type": "float", "data": 0.0021232725717029253}, "max_rme": {"type": "float", "data": 0.009180277158914701}, "simu": {"type": "float", "data": 0.002}}, {"type": "dict", "image_number": {"type": "int", "data": 24}, "Hcamera2end": {"type": "ndarray", "data": [[0.9999909335575428, -0.0010699894157509319, -0.004121641100868796, -0.012500055830184405], [0.004131123480450619, 0.009016577295534733, 0.9999508163668165, 0.02482306700001737], [-0.0010327736942135608, -0.9999587773786096, 0.009020915805654783, 0.029779999579355877], [0.0, 0.0, 0.0, 1.0]]}, "Hobj2base": {"type": "ndarray", "data": [[0.9999779954226368, -0.0012198367309085912, -0.0065207874428536245, -0.7350109057010683], [-0.0012415887728345915, -0.9999936754533227, -0.0033327932239158443, 0.09049197268747954], [-0.006516680738238015, 0.003340816023688601, -0.9999731855507183, 0.005319310785897792], [0.0, 0.0, 0.0, 1.0]]}, "mean_rme": {"type": "float", "data": 0.0020579939725917907}, "max_rme": {"type": "float", "data": 0.00921972905206947}, "simu": {"type": "float", "data": 0.002}}, {"type": "dict", "image_number": {"type": "int", "data": 25}, "Hcamera2end": {"type": "ndarray", "data": [[0.9999896643800726, -0.001035639901773452, -0.00442702869016124, -0.012405702017280475], [0.004436568869727799, 0.009398462122283124, 0.9999459914247367, 0.024917622605640042], [-0.0009939767068791311, -0.9999552971806936, 0.009402959671099276, 0.029395658424226378], [0.0, 0.0, 0.0, 1.0]]}, "Hobj2base": {"type": "ndarray", "data": [[0.9999762751800523, -0.0011396510250887607, -0.00679339919108539, -0.7348701139921222], [-0.0011659426618541029, -0.9999918415905389, -0.0038674707589394105, 0.09033970991725292], [-0.006788936200738233, 0.0038752997178278926, -0.9999694457318977, 0.005281503419865616], [0.0, 0.0, 0.0, 1.0]]}, "mean_rme": {"type": "float", "data": 0.002012248323580344}, "max_rme": {"type": "float", "data": 0.009210055032674136}, "simu": {"type": "float", "data": 0.002}}, {"type": "dict", "image_number": {"type": "int", "data": 26}, "Hcamera2end": {"type": "ndarray", "data": [[0.9999897465847828, -0.0010312070775953023, -0.004409459974298936, -0.012474880702018541], [0.004418844191147766, 0.00928225275513661, 0.9999471554036266, 0.02489901634087408], [-0.0009902228618784074, -0.9999563872468404, 0.009286714323749723, 0.029425670120489574], [0.0, 0.0, 0.0, 1.0]]}, "Hobj2base": {"type": "ndarray", "data": [[0.9999772189422687, -0.0013039223843022121, -0.006622792681476698, -0.734885477541346], [-0.0013304989735585038, -0.9999910744823934, -0.004010078307122887, 0.09030371184919248], [-0.006617504738756553, 0.004018798572162262, -0.9999700284953887, 0.005224973676347478], [0.0, 0.0, 0.0, 1.0]]}, "mean_rme": {"type": "float", "data": 0.0019753982636466936}, "max_rme": {"type": "float", "data": 0.009171981056291828}, "simu": {"type": "float", "data": 0.002}}, {"type": "dict", "image_number": {"type": "int", "data": 27}, "Hcamera2end": {"type": "ndarray", "data": [[0.99999070808505, -0.0012515497718258437, -0.004125211113268714, -0.012628901851532849], [0.00413635105513719, 0.009032877795564276, 0.999950647641512, 0.02475060875070821], [-0.0012142254770257785, -0.9999584195064809, 0.009037970712051369, 0.029721928856500282], [0.0, 0.0, 0.0, 1.0]]}, "Hobj2base": {"type": "ndarray", "data": [[0.9999790927401656, -0.0014977996731201195, -0.006290522926948264, -0.7349967488603452], [-0.0015215112173198, -0.9999917499036135, -0.0037663149528465844, 0.09047489011653917], [-0.006284829844222554, 0.0037758073107174066, -0.9999731217352699, 0.005262742945376648], [0.0, 0.0, 0.0, 1.0]]}, "mean_rme": {"type": "float", "data": 0.001977781631361543}, "max_rme": {"type": "float", "data": 0.009140521999484813}, "simu": {"type": "float", "data": 0.002}}, {"type": "dict", "image_number": {"type": "int", "data": 28}, "Hcamera2end": {"type": "ndarray", "data": [[0.9999900440885207, -0.0017729139918528003, -0.004094935874468784, -0.012562073179559981], [0.0041095195432544395, 0.008301840463662669, 0.9999570947265884, 0.024641193385792567], [-0.0017388424201544763, -0.9999639674612747, 0.008309043635971847, 0.030189939490212748], [0.0, 0.0, 0.0, 1.0]]}, "Hobj2base": {"type": "ndarray", "data": [[0.9999825601990678, -0.0018431182731136581, -0.005610901242139378, -0.734966051036718], [-0.0018638668994913194, -0.9999914366985352, -0.0036949329871776935, 0.09069387938379324], [-0.005604042995793956, 0.0037053265213834773, -0.9999774323740864, 0.005199399092923713], [0.0, 0.0, 0.0, 1.0]]}, "mean_rme": {"type": "float", "data": 0.001971370919230201}, "max_rme": {"type": "float", "data": 0.009135481551543492}, "simu": {"type": "float", "data": 0.002}}, {"type": "dict", "image_number": {"type": "int", "data": 29}, "Hcamera2end": {"type": "ndarray", "data": [[0.9999909773572059, -0.001892139054028723, -0.003803289889067235, -0.012722059391605808], [0.0038185683380497974, 0.008137699105146168, 0.999959597378375, 0.024545130853750735], [-0.0018611125779235869, -0.9999650982224702, 0.008144850943876847, 0.030260174196946314], [0.0, 0.0, 0.0, 1.0]]}, "Hobj2base": {"type": "ndarray", "data": [[0.9999830525863789, -0.001959926503443715, -0.005482082462769347, -0.734946223422281], [-0.0019784231506319336, -0.9999923623087781, -0.0033706328702110214, 0.09077000703170456], [-0.00547543439962054, 0.0033814216255596214, -0.999979292588564, 0.005203155286987372], [0.0, 0.0, 0.0, 1.0]]}, "mean_rme": {"type": "float", "data": 0.001956638145732023}, "max_rme": {"type": "float", "data": 0.009086197829801135}, "simu": {"type": "float", "data": 0.002}}, {"type": "dict", "image_number": {"type": "int", "data": 30}, "Hcamera2end": {"type": "ndarray", "data": [[0.9999907843100998, -0.002017414676114295, -0.0037896349291275952, -0.012711777765210673], [0.003805886320391043, 0.008113603786211732, 0.9999598415251065, 0.02451525754057234], [-0.0019865860635083455, -0.9999650491250305, 0.008121207064673563, 0.03017347871084738], [0.0, 0.0, 0.0, 1.0]]}, "Hobj2base": {"type": "ndarray", "data": [[0.999982621272344, -0.0021874545535998198, -0.0054746868282653975, -0.7348658199731265], [-0.0022049271037826628, -0.9999924889853702, -0.0031875177349436966, 0.09088636137318225], [-0.005467673157628556, 0.0031995336253134465, -0.9999799335660797, 0.005271184073277654], [0.0, 0.0, 0.0, 1.0]]}, "mean_rme": {"type": "float", "data": 0.0019306370280633863}, "max_rme": {"type": "float", "data": 0.008962183547266356}, "simu": {"type": "float", "data": 0.002}}]}