{"type": "list", "data": [{"type": "dict", "image_number": {"type": "int", "data": 5}, "Hcamera2end": {"type": "ndarray", "data": [[0.9999760454316267, -0.004098943364142873, 0.005577385249631638, -0.014120564937555872], [-0.005526927903950089, 0.012219763234408432, 0.9999100611827243, 0.030589885011899912], [-0.0041667290372422025, -0.9999169345749639, 0.012196815950798467, 0.03399563710076303], [0.0, 0.0, 0.0, 1.0]]}, "Hobj2base": {"type": "ndarray", "data": [[0.9998587736022502, -0.013554614655841884, -0.009935052699203665, -0.7438185121753202], [-0.01348258640353902, -0.9998825937492994, 0.007281385928868782, 0.09561466661639431], [-0.010032582642342023, -0.0071464073985226945, -0.9999241351956754, 0.0007103623474455367], [0.0, 0.0, 0.0, 1.0]]}, "mean_rme": {"type": "float", "data": 0.001601869734666744}, "max_rme": {"type": "float", "data": 0.00403620509137545}, "simu": {"type": "float", "data": 0.002}}, {"type": "dict", "image_number": {"type": "int", "data": 6}, "Hcamera2end": {"type": "ndarray", "data": [[0.999986130068201, -0.005018798558584728, 0.00159728903185326, -0.015699702429457587], [-0.001549829592605752, 0.009446036454679896, 0.9999541841622198, 0.03319153638219835], [-0.005033656668547663, -0.999942790391693, 0.009438127156273124, 0.03422111515689866], [0.0, 0.0, 0.0, 1.0]]}, "Hobj2base": {"type": "ndarray", "data": [[0.9999236364273457, -0.010117441855026508, -0.007096385292776529, -0.742678257407379], [-0.010101506149821223, -0.9999463840059748, 0.0022778689339880034, 0.09044931259623105], [-0.007119051019518067, -0.002206010808101683, -0.9999722259287482, -0.000635065326041064], [0.0, 0.0, 0.0, 1.0]]}, "mean_rme": {"type": "float", "data": 0.0016960837585998931}, "max_rme": {"type": "float", "data": 0.004481680812199462}, "simu": {"type": "float", "data": 0.002}}, {"type": "dict", "image_number": {"type": "int", "data": 7}, "Hcamera2end": {"type": "ndarray", "data": [[0.999978308942878, -0.00459552757103266, 0.0047183439982536966, -0.015798520541358677], [-0.004715840824395489, 0.0005553816002650258, 0.9999887261347483, 0.03284592884150951], [-0.004598096243114415, -0.9999892862814189, 0.0005336977769219153, 0.03336213685023924], [0.0, 0.0, 0.0, 1.0]]}, "Hobj2base": {"type": "ndarray", "data": [[0.9999758065039013, -0.006933887318445595, 0.0005546291799389011, -0.7378360491066168], [-0.006936474808035851, -0.9999643838222589, 0.00480795218439836, 0.0913260251531348], [0.0005212716274883553, -0.004811683034560392, -0.9999882879225463, -0.002201993282000119], [0.0, 0.0, 0.0, 1.0]]}, "mean_rme": {"type": "float", "data": 0.00167346210793754}, "max_rme": {"type": "float", "data": 0.004178618942912965}, "simu": {"type": "float", "data": 0.002}}, {"type": "dict", "image_number": {"type": "int", "data": 8}, "Hcamera2end": {"type": "ndarray", "data": [[0.99999009666746, -0.004105975408498406, 0.0017168380671962113, -0.015254735726090285], [-0.0017143952418559654, 0.0005983896448981119, 0.9999983513880347, 0.03318829814241676], [-0.0041069959774595955, -0.9999913914108348, 0.0005913444541429946, 0.03455082342217779], [0.0, 0.0, 0.0, 1.0]]}, "Hobj2base": {"type": "ndarray", "data": [[0.9999768067282281, -0.006791113721913406, -0.0005165075334206369, -0.7393515202827199], [-0.006789787398850121, -0.9999737544741814, 0.002527676776623277, 0.09053358270427617], [-0.0005336597178511213, -0.0025241111751870145, -0.9999966720295022, -0.002244950665641239], [0.0, 0.0, 0.0, 1.0]]}, "mean_rme": {"type": "float", "data": 0.0016059259949564861}, "max_rme": {"type": "float", "data": 0.004155026735822437}, "simu": {"type": "float", "data": 0.002}}, {"type": "dict", "image_number": {"type": "int", "data": 9}, "Hcamera2end": {"type": "ndarray", "data": [[0.9999951170346995, -0.0006261280011304207, 0.0030616777237079066, -0.015122382767559683], [-0.003061023080202995, 0.001043841788411548, 0.9999947702523365, 0.032986804272912416], [-0.0006293206337896248, -0.9999992591787491, 0.001041920099105642, 0.0346853482011048], [0.0, 0.0, 0.0, 1.0]]}, "Hobj2base": {"type": "ndarray", "data": [[0.9999895976756875, -0.004195931778413805, -0.0017884901250962402, -0.7392668632675673], [-0.00418842699523538, -0.9999824944955655, 0.004179447539098268, 0.09073829772373174], [-0.00180599549341994, -0.004171913102808854, -0.9999896667072818, -0.0020089137376948446], [0.0, 0.0, 0.0, 1.0]]}, "mean_rme": {"type": "float", "data": 0.0016916967011636223}, "max_rme": {"type": "float", "data": 0.005212716188742972}, "simu": {"type": "float", "data": 0.002}}, {"type": "dict", "image_number": {"type": "int", "data": 10}, "Hcamera2end": {"type": "ndarray", "data": [[0.9999972472006331, 0.0011977454320569012, 0.0020176711912412754, -0.014965873765971159], [-0.0020185653599956123, 0.0007458043895104405, 0.9999976845821695, 0.0327992718326219], [0.0011962378707447551, -0.999999004590351, 0.0007482200638998515, 0.035559453575770755], [0.0, 0.0, 0.0, 1.0]]}, "Hobj2base": {"type": "ndarray", "data": [[0.9999976390917759, -0.001570735264937549, -0.0015015330838447675, -0.7398743883718888], [-0.001565898860563761, -0.9999936002358272, 0.0032167449615193994, 0.08972618559141046], [-0.0015065761291365015, -0.0032143861181346736, -0.9999936989552738, -0.0015227926393779124], [0.0, 0.0, 0.0, 1.0]]}, "mean_rme": {"type": "float", "data": 0.0017916499074981352}, "max_rme": {"type": "float", "data": 0.0062897387956946105}, "simu": {"type": "float", "data": 0.002}}, {"type": "dict", "image_number": {"type": "int", "data": 11}, "Hcamera2end": {"type": "ndarray", "data": [[0.9999961928604796, 0.0021956066331147504, 0.001671399431362039, -0.014950893582361674], [-0.0016753983948470065, 0.0018207730183869009, 0.9999969389082318, 0.03267582496248223], [0.0021925566731737884, -0.9999959320402899, 0.0018244446022788186, 0.03524882679776527], [0.0, 0.0, 0.0, 1.0]]}, "Hobj2base": {"type": "ndarray", "data": [[0.9999975959160747, -0.0007096967351902418, -0.002074727118213375, -0.7397892498859071], [-0.0007032177122719769, -0.9999948796160589, 0.003121894699325309, 0.0895629698147901], [-0.0020769320932896747, -0.0031204282091707876, -0.9999929746157579, -0.001131440335629644], [0.0, 0.0, 0.0, 1.0]]}, "mean_rme": {"type": "float", "data": 0.0018282991876986837}, "max_rme": {"type": "float", "data": 0.0064695507970168875}, "simu": {"type": "float", "data": 0.002}}, {"type": "dict", "image_number": {"type": "int", "data": 12}, "Hcamera2end": {"type": "ndarray", "data": [[0.9999960641887963, 0.0011027152901206998, 0.0025798499773919525, -0.01664368416054805], [-0.0025798426389159017, -8.077281525409319e-06, 0.9999966721678206, 0.03266857298964718], [0.0011027324586438342, -0.9999993919766883, -5.2324178108076325e-06, 0.034481871144001176], [0.0, 0.0, 0.0, 1.0]]}, "Hobj2base": {"type": "ndarray", "data": [[0.9999996985569561, -0.0007149697525810303, 0.0003028270956244255, -0.7376876525060921], [-0.000715966163791583, -0.9999942883264148, 0.003303135934121767, 0.08875842328743459], [0.000300463723693342, -0.003303351752368363, -0.9999944987792437, -0.0016381083977302275], [0.0, 0.0, 0.0, 1.0]]}, "mean_rme": {"type": "float", "data": 0.0020555122323779535}, "max_rme": {"type": "float", "data": 0.006539478408680632}, "simu": {"type": "float", "data": 0.002}}, {"type": "dict", "image_number": {"type": "int", "data": 13}, "Hcamera2end": {"type": "ndarray", "data": [[0.9999945762374197, -0.0004399176076301898, 0.0032640417034498523, -0.016594295080934462], [-0.0032646215358330104, -0.0013238383162135214, 0.9999937948299181, 0.032845158655505205], [-0.00043559381439386676, -0.9999990269618321, -0.001325267300524624, 0.036170065231919284], [0.0, 0.0, 0.0, 1.0]]}, "Hobj2base": {"type": "ndarray", "data": [[0.9999981408196805, -0.0009974261413119021, 0.0016503024798822472, -0.7383250084259635], [-0.0010041817390330653, -0.9999910997910535, 0.004097799130608986, 0.08945782915379014], [0.0016462005398706363, -0.004099448715675668, -0.9999902422243983, -0.0023142960637077504], [0.0, 0.0, 0.0, 1.0]]}, "mean_rme": {"type": "float", "data": 0.0020807321032234828}, "max_rme": {"type": "float", "data": 0.006830903936222876}, "simu": {"type": "float", "data": 0.002}}, {"type": "dict", "image_number": {"type": "int", "data": 14}, "Hcamera2end": {"type": "ndarray", "data": [[0.9999999972369956, 6.87917110209088e-05, 2.8172846576639984e-05, -0.015604040275735316], [-2.8068989465135067e-05, -0.0015092674553980334, 0.999998860661291, 0.03333574606029368], [6.883415300431362e-05, -0.999998858689073, -0.0015092655203141625, 0.035601365926358236], [0.0, 0.0, 0.0, 1.0]]}, "Hobj2base": {"type": "ndarray", "data": [[0.9999979994073036, -0.0003703441444671499, 0.0019657127473475034, -0.7374914551627488], [-0.00037347088243320814, -0.9999986653984092, 0.0015905096352666853, 0.08897392378545832], [0.0019651210879740046, -0.0015912405897790876, -0.9999968031211373, -0.003142434611619457], [0.0, 0.0, 0.0, 1.0]]}, "mean_rme": {"type": "float", "data": 0.0022709431058405547}, "max_rme": {"type": "float", "data": 0.005990715646288447}, "simu": {"type": "float", "data": 0.002}}, {"type": "dict", "image_number": {"type": "int", "data": 15}, "Hcamera2end": {"type": "ndarray", "data": [[0.9999995699590067, -0.0008538275956032183, 0.0003620224283697757, -0.015358346305969104], [-0.0003637929276326632, -0.0020743598222787707, 0.999997782340558, 0.03328704742692372], [-0.0008530747373242148, -0.9999974840017175, -0.002074669546659802, 0.03587022962251551], [0.0, 0.0, 0.0, 1.0]]}, "Hobj2base": {"type": "ndarray", "data": [[0.999995164728925, -0.0009041460330793453, 0.0029754056397317693, -0.7370860310839767], [-0.0009095821163295244, -0.999997918897829, 0.00182616001051996, 0.08945895662962991], [0.002973748332279354, -0.001828857556300009, -0.999993906031879, -0.0032294636420146], [0.0, 0.0, 0.0, 1.0]]}, "mean_rme": {"type": "float", "data": 0.002270733155591917}, "max_rme": {"type": "float", "data": 0.0060765307459155204}, "simu": {"type": "float", "data": 0.002}}, {"type": "dict", "image_number": {"type": "int", "data": 16}, "Hcamera2end": {"type": "ndarray", "data": [[0.9999991945126457, -0.0008624398997971857, 0.0009312204245207663, -0.015493176339439455], [-0.0009321242508240783, -0.0010481792345409247, 0.9999990162318527, 0.033255511027334234], [-0.0008614629654445201, -0.9999990787584313, -0.001048982291391276, 0.03535458529807066], [0.0, 0.0, 0.0, 1.0]]}, "Hobj2base": {"type": "ndarray", "data": [[0.9999964575145084, -0.0013633230809656453, 0.002286112116900885, -0.7369579036282711], [-0.0013685058680634223, -0.9999964938430168, 0.0022670450727326832, 0.08966771046968966], [0.0022830133865596766, -0.002270165599605434, -0.9999948170855821, -0.003106367628789134], [0.0, 0.0, 0.0, 1.0]]}, "mean_rme": {"type": "float", "data": 0.0022000062049562894}, "max_rme": {"type": "float", "data": 0.006044845092100404}, "simu": {"type": "float", "data": 0.002}}, {"type": "dict", "image_number": {"type": "int", "data": 17}, "Hcamera2end": {"type": "ndarray", "data": [[0.9999995595548898, -0.0009181132891651491, 0.0001948281668696634, -0.015164403739170365], [-0.0001966675375678653, -0.0020037603090927725, 0.9999979731311975, 0.03316883090096532], [-0.0009177210393220994, -0.9999975710033558, -0.0020039399896263355, 0.03570989260656058], [0.0, 0.0, 0.0, 1.0]]}, "Hobj2base": {"type": "ndarray", "data": [[0.9999934538644132, -0.0016159514455077486, 0.0032374263308250135, -0.7368063065694466], [-0.0016213606091131886, -0.9999972929860941, 0.0016688949214528452, 0.08960049377974565], [0.003234720713906195, -0.001674133032168115, -0.9999933669082477, -0.003508525969191731], [0.0, 0.0, 0.0, 1.0]]}, "mean_rme": {"type": "float", "data": 0.002188947602988402}, "max_rme": {"type": "float", "data": 0.005863572661958055}, "simu": {"type": "float", "data": 0.002}}, {"type": "dict", "image_number": {"type": "int", "data": 18}, "Hcamera2end": {"type": "ndarray", "data": [[0.9999994418457788, -0.000702942116248992, -0.0007887841986826119, -0.01483819489405781], [0.000787595963629684, -0.0016890506655411475, 0.9999982633987158, 0.03144051985242348], [-0.0007042731919945635, -0.999998326488715, -0.0016884960884169242, 0.0355799806148644], [0.0, 0.0, 0.0, 1.0]]}, "Hobj2base": {"type": "ndarray", "data": [[0.9999959030601676, -0.001180594440140093, 0.0026076923989985473, -0.7368270515676828], [-0.0011823976372631123, -0.9999990628773807, 0.0006900581040486089, 0.09050233476373316], [0.0026068752765100035, -0.0006931386062533606, -0.9999963618734642, -0.0020828918689972296], [0.0, 0.0, 0.0, 1.0]]}, "mean_rme": {"type": "float", "data": 0.0023204230383203463}, "max_rme": {"type": "float", "data": 0.008775732613623813}, "simu": {"type": "float", "data": 0.002}}, {"type": "dict", "image_number": {"type": "int", "data": 19}, "Hcamera2end": {"type": "ndarray", "data": [[0.9999992403007488, 0.001103301064765889, -0.0005496586991988548, -0.014218393635767958], [0.0005518298275755726, -0.0019685087630469944, 0.9999979102263622, 0.0312617418363641], [0.0011022167511503512, -0.9999974538467639, -0.0019691161020087833, 0.03526570828474797], [0.0, 0.0, 0.0, 1.0]]}, "Hobj2base": {"type": "ndarray", "data": [[0.9999976904070117, 0.0006848041271541527, 0.0020372098443254528, -0.7363139966391202], [0.000683004775085428, -0.9999993761937582, 0.0008838079943952705, 0.09073629896379055], [0.00203781380886341, -0.0008824145291069982, -0.9999975343266996, -0.001986551197015369], [0.0, 0.0, 0.0, 1.0]]}, "mean_rme": {"type": "float", "data": 0.002351716688501953}, "max_rme": {"type": "float", "data": 0.008881944986897108}, "simu": {"type": "float", "data": 0.002}}, {"type": "dict", "image_number": {"type": "int", "data": 20}, "Hcamera2end": {"type": "ndarray", "data": [[0.9999986756560174, 0.000961017718590989, -0.0013134424829216442, -0.013954425600385057], [0.0013157272961382212, -0.0023807363956005467, 0.999996300471105, 0.031194374842915134], [0.000957887202955551, -0.9999967042641484, -0.0023819976799310805, 0.03551421930774725], [0.0, 0.0, 0.0, 1.0]]}, "Hobj2base": {"type": "ndarray", "data": [[0.9999967703521356, 0.0007282453398353548, 0.002434942303878328, -0.736286689510145], [0.0007283730643328491, -0.999999733406651, -5.1568472134696334e-05, 0.09054735696528882], [0.0024349041002393883, 5.334185197403997e-05, -0.9999970341939375, -0.002145221778884743], [0.0, 0.0, 0.0, 1.0]]}, "mean_rme": {"type": "float", "data": 0.0022896910688978366}, "max_rme": {"type": "float", "data": 0.008853049789883705}, "simu": {"type": "float", "data": 0.002}}, {"type": "dict", "image_number": {"type": "int", "data": 21}, "Hcamera2end": {"type": "ndarray", "data": [[0.9999988946624867, 0.001139938307652411, -0.0009545755389896847, -0.014178846005395946], [0.0009564097177869697, -0.0016095561583853168, 0.9999982473031765, 0.03104968746113781], [0.0011383998667487355, -0.9999980549329224, -0.0016106446273576047, 0.0350571302762389], [0.0, 0.0, 0.0, 1.0]]}, "Hobj2base": {"type": "ndarray", "data": [[0.9999974205608051, 0.0008510975477706759, 0.002105826369985661, -0.736369468826784], [0.0008502846438117999, -0.999999563665487, 0.0003868912768837266, 0.0906209982416137], [0.002106154733357947, -0.00038509972709627004, -0.9999977079025928, -0.0018867781088348318], [0.0, 0.0, 0.0, 1.0]]}, "mean_rme": {"type": "float", "data": 0.0022418610936213194}, "max_rme": {"type": "float", "data": 0.008745930305308177}, "simu": {"type": "float", "data": 0.002}}, {"type": "dict", "image_number": {"type": "int", "data": 22}, "Hcamera2end": {"type": "ndarray", "data": [[0.9999998234751156, 0.000269011189203657, -0.0005297949769512776, -0.013721491643700661], [0.0005302167223779314, -0.001570118130066911, 0.9999986267986997, 0.031010278584348384], [0.00026817897909861267, -0.999998731180214, -0.0015702604871330461, 0.035025318425641695], [0.0, 0.0, 0.0, 1.0]]}, "Hobj2base": {"type": "ndarray", "data": [[0.9999964960332118, 0.0002098962473308314, 0.002638913576450047, -0.7360167313266491], [0.00020768160852546928, -0.9999996260794031, 0.0008394697158937952, 0.09135752370302831], [0.0026390887912490207, -0.0008389187206034742, -0.9999961657055154, -0.0021420423561057237], [0.0, 0.0, 0.0, 1.0]]}, "mean_rme": {"type": "float", "data": 0.002284986459150967}, "max_rme": {"type": "float", "data": 0.00885365845626309}, "simu": {"type": "float", "data": 0.002}}, {"type": "dict", "image_number": {"type": "int", "data": 23}, "Hcamera2end": {"type": "ndarray", "data": [[0.9999999168755541, -0.00027042526858014746, -0.00030515415589403176, -0.013556593396066659], [0.0003047870246408935, -0.0013566099613719906, 0.9999990333566736, 0.031113148713057547], [-0.0002708389823430064, -0.9999990432393354, -0.001356527426491505, 0.03452799536963061], [0.0, 0.0, 0.0, 1.0]]}, "Hobj2base": {"type": "ndarray", "data": [[0.9999972234083493, -0.00036166806995919766, 0.0023285986771292224, -0.7357621710634644], [-0.0003638588458758576, -0.9999994915725126, 0.0009404581101602485, 0.09174126678218068], [0.0023282573595360683, -0.0009413027801192801, -0.9999968465784002, -0.0024881747448321887], [0.0, 0.0, 0.0, 1.0]]}, "mean_rme": {"type": "float", "data": 0.0023356744072616717}, "max_rme": {"type": "float", "data": 0.008901064624063981}, "simu": {"type": "float", "data": 0.002}}, {"type": "dict", "image_number": {"type": "int", "data": 24}, "Hcamera2end": {"type": "ndarray", "data": [[0.9999980540269179, 0.0018986915884186815, 0.0005356422589382662, -0.013926651215977007], [-0.0005344673023529095, -0.0006192777364366631, 0.9999996654198381, 0.030879237759697364], [0.0018990226644797971, -0.9999980057306802, -0.0006182617427674675, 0.03429872857286598], [0.0, 0.0, 0.0, 1.0]]}, "Hobj2base": {"type": "ndarray", "data": [[0.9999978617525457, 0.0015137953254173702, 0.0014088697772824661, -0.735815288720894], [0.0015111767480046195, -0.9999971323663712, 0.001857849259320313, 0.09138044871255913], [0.0014116781406842036, -0.0018557162355304678, -0.9999972817373457, -0.0019996511152185806], [0.0, 0.0, 0.0, 1.0]]}, "mean_rme": {"type": "float", "data": 0.002393183844363911}, "max_rme": {"type": "float", "data": 0.00899410408482201}, "simu": {"type": "float", "data": 0.002}}, {"type": "dict", "image_number": {"type": "int", "data": 25}, "Hcamera2end": {"type": "ndarray", "data": [[0.9999988224572031, 0.0015285759753110755, -0.000136160548218006, -0.013638517833772483], [0.0001347509843809603, 0.0009222069421003232, 0.9999995656881697, 0.03074359267222059], [0.0015287008796352527, -0.9999984064936522, 0.0009219998790448436, 0.03318234413518133], [0.0, 0.0, 0.0, 1.0]]}, "Hobj2base": {"type": "ndarray", "data": [[0.9999993625454695, 0.0010647064562273685, 0.0003759106498033574, -0.7356521214642016], [0.0010641907703122903, -0.9999984961521569, 0.0013693762921252054, 0.09128211196346925], [0.00037736806827016784, -0.0013689753785661013, -0.999998991749369, -0.0016368408884566788], [0.0, 0.0, 0.0, 1.0]]}, "mean_rme": {"type": "float", "data": 0.002420981833465024}, "max_rme": {"type": "float", "data": 0.009082074182622552}, "simu": {"type": "float", "data": 0.002}}, {"type": "dict", "image_number": {"type": "int", "data": 26}, "Hcamera2end": {"type": "ndarray", "data": [[0.9999984329105086, 0.000725373094778899, 0.001614933559108975, -0.01463509461339333], [-0.0016159038939118776, 0.0013391162928282352, 0.9999977978086549, 0.03055904932526696], [0.0007232089135277103, -0.9999988403000413, 0.0013402863275214782, 0.03280586441350437], [0.0, 0.0, 0.0, 1.0]]}, "Hobj2base": {"type": "ndarray", "data": [[0.9999999499550541, 0.0002886580103745775, 0.00012948529779935303, -0.735506989801353], [0.00028830018127060976, -0.999996163335418, 0.0027550312972437116, 0.09131894400400141], [0.00013028006286047917, -0.002754993828733492, -0.9999961965108208, -0.0014213853200648779], [0.0, 0.0, 0.0, 1.0]]}, "mean_rme": {"type": "float", "data": 0.002468210597316185}, "max_rme": {"type": "float", "data": 0.009273763805155814}, "simu": {"type": "float", "data": 0.002}}, {"type": "dict", "image_number": {"type": "int", "data": 27}, "Hcamera2end": {"type": "ndarray", "data": [[0.999998636300043, 0.000530135489809526, 0.0015640826118737132, -0.014618764456729185], [-0.0015650620479184581, 0.0018521682785000992, 0.9999970600224054, 0.030605866823979613], [0.0005272369870243978, -0.9999981442127933, 0.0018529954476336208, 0.03250060073996019], [0.0, 0.0, 0.0, 1.0]]}, "Hobj2base": {"type": "ndarray", "data": [[0.9999999182277026, 5.082989475431736e-05, -0.00040119933926528533, -0.7355248048150904], [5.1922502712226795e-05, -0.9999962890640492, 0.0027238139040112463, 0.09135174349558924], [-0.0004010593992661627, -0.002723834512552507, -0.9999962099312707, -0.001354620660650092], [0.0, 0.0, 0.0, 1.0]]}, "mean_rme": {"type": "float", "data": 0.002408240835186235}, "max_rme": {"type": "float", "data": 0.009282799931074528}, "simu": {"type": "float", "data": 0.002}}, {"type": "dict", "image_number": {"type": "int", "data": 28}, "Hcamera2end": {"type": "ndarray", "data": [[0.9999966856788602, -5.3043726727068294e-05, 0.002574066366247126, -0.014966160068798742], [-0.0025739610542499414, 0.0018980438606301941, 0.9999948860639208, 0.030334436801589003], [-5.7929146328150084e-05, -0.999998197306308, 0.001897901037416494, 0.032517975004182985], [0.0, 0.0, 0.0, 1.0]]}, "Hobj2base": {"type": "ndarray", "data": [[0.9999998729122175, -0.0004168551710014091, -0.00028356183681714096, -0.7354844900476672], [-0.0004158778019965954, -0.9999940031410122, 0.0034381285121643183, 0.09151188308478522], [-0.0002849933379856544, -0.003438010148146764, -0.9999940494148041, -0.0009637056818155061], [0.0, 0.0, 0.0, 1.0]]}, "mean_rme": {"type": "float", "data": 0.002442786050499208}, "max_rme": {"type": "float", "data": 0.009478808212325066}, "simu": {"type": "float", "data": 0.002}}, {"type": "dict", "image_number": {"type": "int", "data": 29}, "Hcamera2end": {"type": "ndarray", "data": [[0.9999982853518696, 0.0004468398177493337, 0.0017971164397262308, -0.014431451698033853], [-0.0017979430797264752, 0.0018565015588589695, 0.9999966603957458, 0.03010513318186609], [0.00044350197600937424, -0.9999981768664079, 0.0018573017681701165, 0.03276839701646003], [0.0, 0.0, 0.0, 1.0]]}, "Hobj2base": {"type": "ndarray", "data": [[0.9999998649619396, -9.905581468529514e-05, -0.0005101608061416786, -0.735783238154911], [-9.768929382459366e-05, -0.9999964095491989, 0.0026779368014908855, 0.0914686336255289], [-0.000510424239645951, -0.002677886602618605, -0.9999962841883159, -0.0007354806258029564], [0.0, 0.0, 0.0, 1.0]]}, "mean_rme": {"type": "float", "data": 0.0024404484512604817}, "max_rme": {"type": "float", "data": 0.009527165892545882}, "simu": {"type": "float", "data": 0.002}}, {"type": "dict", "image_number": {"type": "int", "data": 30}, "Hcamera2end": {"type": "ndarray", "data": [[0.9999980034485251, 0.0003839401456453271, 0.0019610428164997078, -0.014417088462204204], [-0.0019617028886413984, 0.0017264445821041363, 0.9999965855496115, 0.030131807294565046], [0.0003805532029549279, -0.9999984359883115, 0.0017271943116614619, 0.03287748607515318], [0.0, 0.0, 0.0, 1.0]]}, "Hobj2base": {"type": "ndarray", "data": [[0.9999999186328876, -0.00012953872685621108, -0.00038203918188480033, -0.7358466120581953], [-0.00012840450322830314, -0.9999955890180279, 0.0029673989909352987, 0.09157991758147928], [-0.0003824218898042165, -0.002967349693935248, -0.9999955242846303, -0.0007095247697158876], [0.0, 0.0, 0.0, 1.0]]}, "mean_rme": {"type": "float", "data": 0.0024051311064607383}, "max_rme": {"type": "float", "data": 0.009533450205035154}, "simu": {"type": "float", "data": 0.002}}]}