{"type": "list", "data": [{"type": "dict", "image_number": {"type": "int", "data": 5}, "Hcamera2end": {"type": "ndarray", "data": [[0.9999945108973881, 0.0018154426078210442, -0.0027717040302564513, -0.013436457253616162], [0.002810781848178824, -0.021888543000021077, 0.9997564659409502, 0.031426488557323294], [0.0017543319228641896, -0.9997587688304984, -0.02189352566469105, 0.03085420858242415], [0.0, 0.0, 0.0, 1.0]]}, "Hobj2base": {"type": "ndarray", "data": [[0.9997582181268031, -0.003193827107310099, 0.0217555683981895, -0.7233460266966683], [-0.0031290083752391167, -0.9999905661320039, -0.003012798297621983, 0.0907463291093305], [0.021764985515900854, 0.0029439965018799976, -0.9997587800515131, -0.0056475872688298455], [0.0, 0.0, 0.0, 1.0]]}, "mean_rme": {"type": "float", "data": 0.000827979693498824}, "max_rme": {"type": "float", "data": 0.0023121209251768526}, "simu": {"type": "float", "data": 0.002}}, {"type": "dict", "image_number": {"type": "int", "data": 6}, "Hcamera2end": {"type": "ndarray", "data": [[0.9999997317505045, 0.0006420286792889697, -0.0003525593481770216, -0.013222753673302513], [0.00035186761366366655, 0.001077214375709179, 0.9999993578989796, 0.03175389667852055], [0.0006424080490398465, -0.9999992137038729, 0.0010769881776476753, 0.03301026266868866], [0.0, 0.0, 0.0, 1.0]]}, "Hobj2base": {"type": "ndarray", "data": [[0.9999984347348629, -0.0017689937836598778, 3.447923335914751e-05, -0.7355333375007967], [-0.0017689898302339106, -0.9999984287975769, -0.00011435627689269588, 0.09187459255406982], [3.468147472823818e-05, 0.00011429510448163586, -0.9999999928669123, -0.0015043834104608484], [0.0, 0.0, 0.0, 1.0]]}, "mean_rme": {"type": "float", "data": 0.0008911820074023344}, "max_rme": {"type": "float", "data": 0.0025979772985452176}, "simu": {"type": "float", "data": 0.002}}, {"type": "dict", "image_number": {"type": "int", "data": 7}, "Hcamera2end": {"type": "ndarray", "data": [[0.9999828596729137, -0.0008722128483465213, -0.005789611828871161, -0.013033021534462595], [0.005790868544645782, 0.001445267470872591, 0.9999821883630908, 0.03162107763749414], [-0.0008638297751627135, -0.9999985752223273, 0.0014502935684631568, 0.03155453236628688], [0.0, 0.0, 0.0, 1.0]]}, "Hobj2base": {"type": "ndarray", "data": [[0.9999959131268363, -0.0028077416261448685, 0.0005388103429007841, -0.7334992231414379], [-0.002805697299454125, -0.99998900223502, -0.0037581207634444047, 0.09023898304355153], [0.0005493562492948663, 0.0037565936657575163, -0.9999927930799009, -0.0022527138711052608], [0.0, 0.0, 0.0, 1.0]]}, "mean_rme": {"type": "float", "data": 0.0011109948628752297}, "max_rme": {"type": "float", "data": 0.0029750818187351813}, "simu": {"type": "float", "data": 0.002}}, {"type": "dict", "image_number": {"type": "int", "data": 8}, "Hcamera2end": {"type": "ndarray", "data": [[0.9999714197281002, -0.0005411479502283574, -0.007541013583298347, -0.012887563528630016], [0.007544527420898158, 0.006815071175380494, 0.9999483161198233, 0.030809824371319655], [-0.0004897274372978504, -0.9999766307088234, 0.0068189591043426034, 0.029375536149273882], [0.0, 0.0, 0.0, 1.0]]}, "Hobj2base": {"type": "ndarray", "data": [[0.9999925842521525, -0.0018591531921031469, -0.0033726829246118147, -0.7334158238368172], [-0.0018782638993705266, -0.9999821499311019, -0.005672031725509338, 0.0892548057857698], [-0.0033620775461010483, 0.0056783244517336, -0.9999782262959502, -0.0014518261178267863], [0.0, 0.0, 0.0, 1.0]]}, "mean_rme": {"type": "float", "data": 0.001432444317010903}, "max_rme": {"type": "float", "data": 0.003532295513413386}, "simu": {"type": "float", "data": 0.002}}, {"type": "dict", "image_number": {"type": "int", "data": 9}, "Hcamera2end": {"type": "ndarray", "data": [[0.9999708908688545, -0.0011159101592764509, -0.007547990425665776, -0.012981470709183252], [0.0075548335949190745, 0.006260900456517171, 0.9999518616487627, 0.030838823403325305], [-0.0010685992244994173, -0.9999797777305247, 0.006269148722705009, 0.029540187523588564], [0.0, 0.0, 0.0, 1.0]]}, "Hobj2base": {"type": "ndarray", "data": [[0.9999922241422984, -0.002106692732568056, -0.0033336917478784, -0.7333684774097533], [-0.002127265515336342, -0.9999786427600807, -0.006179705909996388, 0.08916505837861095], [-0.003320601807893927, 0.006186749504976616, -0.9999753485632514, -0.0015529861983982391], [0.0, 0.0, 0.0, 1.0]]}, "mean_rme": {"type": "float", "data": 0.0013289962667393767}, "max_rme": {"type": "float", "data": 0.003640149570788731}, "simu": {"type": "float", "data": 0.002}}, {"type": "dict", "image_number": {"type": "int", "data": 10}, "Hcamera2end": {"type": "ndarray", "data": [[0.9999784074963517, -0.0036995841813792715, -0.005431170955257571, -0.012959863630042758], [0.005453862278425613, 0.006151256153912876, 0.9999662081460439, 0.03115673440386643], [-0.0036660506418094334, -0.999974237230447, 0.006171300355504616, 0.030636811089275084], [0.0, 0.0, 0.0, 1.0]]}, "Hobj2base": {"type": "ndarray", "data": [[0.9999840247124386, -0.003917294871521989, -0.0040749381347972855, -0.7346188582256185], [-0.00393600471047574, -0.9999817031874632, -0.004593599592771024, 0.09005051460518529], [-0.004056869092291548, 0.004609565184390047, -0.9999811466832653, -0.0017329675269825095], [0.0, 0.0, 0.0, 1.0]]}, "mean_rme": {"type": "float", "data": 0.0015851075635643966}, "max_rme": {"type": "float", "data": 0.005021027141630829}, "simu": {"type": "float", "data": 0.002}}, {"type": "dict", "image_number": {"type": "int", "data": 11}, "Hcamera2end": {"type": "ndarray", "data": [[0.9999786671297578, -0.002987989239839016, -0.005808373756539456, -0.01268212350229423], [0.005827293221317545, 0.006362587569737177, 0.9999627793738776, 0.03118688991093582], [-0.0029509217383449178, -0.9999752943946766, 0.006379863726924784, 0.030111910783147403], [0.0, 0.0, 0.0, 1.0]]}, "Hobj2base": {"type": "ndarray", "data": [[0.9999867013832796, -0.003220934777948315, -0.004027733325800993, -0.7342886430475182], [-0.003243139515754283, -0.9999795131398264, -0.005518636309562848, 0.08977070886243842], [-0.004009875642575212, 0.005531625420441574, -0.9999766607364089, -0.0017666265028419331], [0.0, 0.0, 0.0, 1.0]]}, "mean_rme": {"type": "float", "data": 0.0015353279136127518}, "max_rme": {"type": "float", "data": 0.005106902790919021}, "simu": {"type": "float", "data": 0.002}}, {"type": "dict", "image_number": {"type": "int", "data": 12}, "Hcamera2end": {"type": "ndarray", "data": [[0.9999749165059377, -0.004382795820184863, -0.005563942823345482, -0.011554277305633083], [0.005601401402798176, 0.008581333612443509, 0.9999474911292875, 0.03137665394061317], [-0.004334819634958094, -0.9999535748294669, 0.008605668161268176, 0.028398328606842084], [0.0, 0.0, 0.0, 1.0]]}, "Hobj2base": {"type": "ndarray", "data": [[0.9999660155779758, -0.004683224349690452, -0.0067849170074451735, -0.7339756806713321], [-0.004713978151643211, -0.9999786566284274, -0.0045237923903286605, 0.09146535052716061], [-0.006763586259765065, 0.0045556226023927265, -0.999966749549009, -0.0014459274815093782], [0.0, 0.0, 0.0, 1.0]]}, "mean_rme": {"type": "float", "data": 0.0016888000144963107}, "max_rme": {"type": "float", "data": 0.005311114824388508}, "simu": {"type": "float", "data": 0.002}}, {"type": "dict", "image_number": {"type": "int", "data": 13}, "Hcamera2end": {"type": "ndarray", "data": [[0.999966112834329, -0.00603341807100759, -0.005600986465115373, -0.011989531948575983], [0.005647517845367068, 0.007723045884676427, 0.9999542290047325, 0.03132468348768411], [-0.005989885239988079, -0.9999519750611243, 0.007756858008765577, 0.029296673919467886], [0.0, 0.0, 0.0, 1.0]]}, "Hobj2base": {"type": "ndarray", "data": [[0.9999650347698519, -0.006223541755124514, -0.005585406498291862, -0.7343941090426417], [-0.006250171868062147, -0.9999691237370341, -0.004763079278070553, 0.09149305110952552], [-0.005555590819042005, 0.004797822486474696, -0.9999730577920793, -0.0017328057281674662], [0.0, 0.0, 0.0, 1.0]]}, "mean_rme": {"type": "float", "data": 0.0016600173221241591}, "max_rme": {"type": "float", "data": 0.005157532677566801}, "simu": {"type": "float", "data": 0.002}}, {"type": "dict", "image_number": {"type": "int", "data": 14}, "Hcamera2end": {"type": "ndarray", "data": [[0.9999642631848532, -0.006698445233614597, -0.005157827510279458, -0.012243834985882057], [0.005205831186708691, 0.00716883774563104, 0.9999607527733437, 0.03131119725927837], [-0.006661206709675124, -0.9999518681400766, 0.007203452529301324, 0.029950656472780186], [0.0, 0.0, 0.0, 1.0]]}, "Hobj2base": {"type": "ndarray", "data": [[0.9999669472346164, -0.006414582768227358, -0.004995754816971003, -0.7347250142717213], [-0.006437928398864563, -0.9999683663710683, -0.0046711171156862295, 0.09165301015315273], [-0.004965633515758235, 0.004703125034158069, -0.9999766112758341, -0.0018640974367186425], [0.0, 0.0, 0.0, 1.0]]}, "mean_rme": {"type": "float", "data": 0.0016121389643132546}, "max_rme": {"type": "float", "data": 0.0052103261088082276}, "simu": {"type": "float", "data": 0.002}}, {"type": "dict", "image_number": {"type": "int", "data": 15}, "Hcamera2end": {"type": "ndarray", "data": [[0.999965432208236, -0.007393168234546821, -0.003804661884008616, -0.012787696477532648], [0.003858473121899789, 0.007277927965754771, 0.9999660713992713, 0.03153040941044421], [-0.007365227339567805, -0.9999461849659614, 0.007306202724775113, 0.030003459490641204], [0.0, 0.0, 0.0, 1.0]]}, "Hobj2base": {"type": "ndarray", "data": [[0.9999608641821983, -0.007123485874846196, -0.005246527707164586, -0.7346709762130212], [-0.00714417864812554, -0.9999667338912379, -0.003935965235274602, 0.09169355481715742], [-0.005218315382845893, 0.0039732933292786045, -0.9999784908310199, -0.0018339952704186499], [0.0, 0.0, 0.0, 1.0]]}, "mean_rme": {"type": "float", "data": 0.0016259362197549193}, "max_rme": {"type": "float", "data": 0.005574303443720674}, "simu": {"type": "float", "data": 0.002}}, {"type": "dict", "image_number": {"type": "int", "data": 16}, "Hcamera2end": {"type": "ndarray", "data": [[0.9999705500517445, -0.006656694630697533, -0.0038193514901311582, -0.01295120621590107], [0.0038633168130598186, 0.0066043811228352345, 0.9999707280381694, 0.030596430985449556], [-0.006631275323303489, -0.9999560343167985, 0.006629903544439042, 0.030434448935808205], [0.0, 0.0, 0.0, 1.0]]}, "Hobj2base": {"type": "ndarray", "data": [[0.9999695175042185, -0.006361193738911113, -0.004527612681822668, -0.7346700001810953], [-0.00637908393813627, -0.9999718601253254, -0.003947941945714346, 0.09124892952279397], [-0.0045023716517825635, 0.003976703623927357, -0.9999819570761246, -0.0011819583593114628], [0.0, 0.0, 0.0, 1.0]]}, "mean_rme": {"type": "float", "data": 0.0016632649496151769}, "max_rme": {"type": "float", "data": 0.005376186641303793}, "simu": {"type": "float", "data": 0.002}}, {"type": "dict", "image_number": {"type": "int", "data": 17}, "Hcamera2end": {"type": "ndarray", "data": [[0.9999813952875989, -0.0053947560161740115, -0.002847048681159507, -0.01314031601664483], [0.0028692880476645843, 0.00411915897660986, 0.9999873997783298, 0.031719750192452406], [-0.005382960594920506, -0.9999769643031041, 0.004134561449798957, 0.03142379848704465], [0.0, 0.0, 0.0, 1.0]]}, "Hobj2base": {"type": "ndarray", "data": [[0.999983747109594, -0.004940599957283338, -0.002845345096391653, -0.7350764880175803], [-0.004949020865261345, -0.9999833722400904, -0.002960141181063678, 0.09106256801314597], [-0.0028306729112838147, 0.002974174742464387, -0.9999915707522089, -0.002558629220291816], [0.0, 0.0, 0.0, 1.0]]}, "mean_rme": {"type": "float", "data": 0.001809422093929982}, "max_rme": {"type": "float", "data": 0.007009719921800411}, "simu": {"type": "float", "data": 0.002}}, {"type": "dict", "image_number": {"type": "int", "data": 18}, "Hcamera2end": {"type": "ndarray", "data": [[0.9999833122041695, -0.005053404000990917, -0.002799718053874031, -0.013130391271069863], [0.0028192665800662446, 0.0038654185206596914, 0.9999885550723123, 0.03172217818871127], [-0.005042524083129477, -0.9999797606190154, 0.003879600908360148, 0.031401866436890406], [0.0, 0.0, 0.0, 1.0]]}, "Hobj2base": {"type": "ndarray", "data": [[0.9999865151469207, -0.004473414269354215, -0.002637819002888787, -0.7350374318267034], [-0.004480675673840925, -0.9999861712025291, -0.002753352358721443, 0.09109890696835846], [-0.002625465639293967, 0.0027651344416076496, -0.9999927304544247, -0.0025592756996610667], [0.0, 0.0, 0.0, 1.0]]}, "mean_rme": {"type": "float", "data": 0.001755739794092122}, "max_rme": {"type": "float", "data": 0.006840168840622857}, "simu": {"type": "float", "data": 0.002}}, {"type": "dict", "image_number": {"type": "int", "data": 19}, "Hcamera2end": {"type": "ndarray", "data": [[0.9999799324006068, -0.006088105801233405, -0.001752074151083491, -0.013031700414750082], [0.0017722190515692899, 0.0033050767917270907, 0.9999929678287914, 0.0317381314145543], [-0.006082272249016944, -0.9999760054297072, 0.0033157999238589975, 0.031998421515023016], [0.0, 0.0, 0.0, 1.0]]}, "Hobj2base": {"type": "ndarray", "data": [[0.9999811836156893, -0.005551374857546889, -0.0026104887963839915, -0.7354492004069153], [-0.005555569631652274, -0.9999832838473419, -0.001602395692142261, 0.0917730735457548], [-0.0026015496598975588, 0.0016168682931300593, -0.9999953088271414, -0.00242404738222793], [0.0, 0.0, 0.0, 1.0]]}, "mean_rme": {"type": "float", "data": 0.001736455668495405}, "max_rme": {"type": "float", "data": 0.006658103779944552}, "simu": {"type": "float", "data": 0.002}}, {"type": "dict", "image_number": {"type": "int", "data": 20}, "Hcamera2end": {"type": "ndarray", "data": [[0.9999799873111656, -0.0059474967720161975, -0.0021569096661801243, -0.012798196860902417], [0.0021766752975703675, 0.0033188852209783404, 0.9999921235117499, 0.031781503209629365], [-0.005940291391013684, -0.9999768058725347, 0.003331764570467133, 0.032073743592824513], [0.0, 0.0, 0.0, 1.0]]}, "Hobj2base": {"type": "ndarray", "data": [[0.9999800741725854, -0.005709494223238578, -0.00269312708674366, -0.7355267111579815], [-0.005714168150603459, -0.999982175781174, -0.001731011928051991, 0.09174449893758914], [-0.002683195881253571, 0.0017463664172316581, -0.9999948753189682, -0.0024053963900694947], [0.0, 0.0, 0.0, 1.0]]}, "mean_rme": {"type": "float", "data": 0.0016863608796307758}, "max_rme": {"type": "float", "data": 0.006668781951896657}, "simu": {"type": "float", "data": 0.002}}, {"type": "dict", "image_number": {"type": "int", "data": 21}, "Hcamera2end": {"type": "ndarray", "data": [[0.999981200668256, -0.005559306871370583, -0.002586970657559977, -0.01270262016306066], [0.002607185234006561, 0.0036320028736720467, 0.9999900055201959, 0.03176746913666844], [-0.005549855424127969, -0.9999779510880406, 0.003646428737231533, 0.03212928679632036], [0.0, 0.0, 0.0, 1.0]]}, "Hobj2base": {"type": "ndarray", "data": [[0.9999816462012311, -0.005307686017088546, -0.0029215971351159854, -0.7358075673625544], [-0.0053133670928377725, -0.9999840017582673, -0.00194019526328011, 0.09171435094499567], [-0.0029112524474294373, 0.0019556831714029298, -0.9999938499373491, -0.002411512908703794], [0.0, 0.0, 0.0, 1.0]]}, "mean_rme": {"type": "float", "data": 0.0016864773988001377}, "max_rme": {"type": "float", "data": 0.0066528179607033555}, "simu": {"type": "float", "data": 0.002}}, {"type": "dict", "image_number": {"type": "int", "data": 22}, "Hcamera2end": {"type": "ndarray", "data": [[0.9999879070873248, -0.0042604072627847895, -0.002456544130905638, -0.012363142873521232], [0.002468563684295941, 0.002818261520292187, 0.9999929817730419, 0.031699006790471024], [-0.004253454178482656, -0.9999869530808679, 0.0028287445259509436, 0.03282343656568371], [0.0, 0.0, 0.0, 1.0]]}, "Hobj2base": {"type": "ndarray", "data": [[0.999988328810076, -0.004476081843304721, -0.0018184979965033957, -0.735780050354115], [-0.004479608911426949, -0.9999880844306135, -0.0019401290660780947, 0.09199769282512235], [-0.0018097921515779992, 0.0019482525822938363, -0.9999964644758719, -0.002511497701207843], [0.0, 0.0, 0.0, 1.0]]}, "mean_rme": {"type": "float", "data": 0.0017838561172379111}, "max_rme": {"type": "float", "data": 0.007994684764887572}, "simu": {"type": "float", "data": 0.002}}, {"type": "dict", "image_number": {"type": "int", "data": 23}, "Hcamera2end": {"type": "ndarray", "data": [[0.9999888546830159, -0.004419554099379313, -0.0016607381831184253, -0.012747756081150126], [0.0016731515735173624, 0.0028065292096578487, 0.9999946619645564, 0.030806913176362416], [-0.0044148695974223695, -0.9999862953737707, 0.002813892513895855, 0.0328141639398779], [0.0, 0.0, 0.0, 1.0]]}, "Hobj2base": {"type": "ndarray", "data": [[0.9999874050924772, -0.004701957653144014, -0.001755349150993655, -0.735773530416998], [-0.004704240878381569, -0.9999880914571693, -0.0012988693568666751, 0.09191755239502376], [-0.001749221018630154, 0.001307110582959178, -0.999997615841034, -0.001617124905698049], [0.0, 0.0, 0.0, 1.0]]}, "mean_rme": {"type": "float", "data": 0.001772528082011461}, "max_rme": {"type": "float", "data": 0.008050247375343156}, "simu": {"type": "float", "data": 0.002}}, {"type": "dict", "image_number": {"type": "int", "data": 24}, "Hcamera2end": {"type": "ndarray", "data": [[0.9999889291981497, -0.004480344377694481, -0.0014380526399068363, -0.012933962142832541], [0.0014501807015906655, 0.002704876857485883, 0.9999952902974687, 0.030767754229741], [-0.004476433521299694, -0.9999863049839448, 0.002711344221283163, 0.03276515436230536], [0.0, 0.0, 0.0, 1.0]]}, "Hobj2base": {"type": "ndarray", "data": [[0.9999865812914598, -0.004878536606749524, -0.001742732795123192, -0.7356223225493502], [-0.004879821856072269, -0.9999878242161273, -0.0007340014639360548, 0.09195959583720449], [-0.0017391307229741105, 0.0007424958401672782, -0.9999982120605297, -0.0015509397054183336], [0.0, 0.0, 0.0, 1.0]]}, "mean_rme": {"type": "float", "data": 0.0017538074417934471}, "max_rme": {"type": "float", "data": 0.008037078255385799}, "simu": {"type": "float", "data": 0.002}}, {"type": "dict", "image_number": {"type": "int", "data": 25}, "Hcamera2end": {"type": "ndarray", "data": [[0.9999866848827761, -0.004855007135849482, -0.0017489890984304871, -0.012516015792765463], [0.0017612796381783766, 0.002528398212528704, 0.9999952525369883, 0.03084562171090337], [-0.00485056194597248, -0.9999850179418638, 0.002536915571821674, 0.032213095878928254], [0.0, 0.0, 0.0, 1.0]]}, "Hobj2base": {"type": "ndarray", "data": [[0.9999836794349249, -0.005507139848920785, -0.001520616478167561, -0.7348585419184427], [-0.0055089830708718425, -0.9999840926037391, -0.001210638261931781, 0.09209569794839373], [-0.0015139251349037693, 0.0012189955540667587, -0.9999981110384784, -0.001668025075427102], [0.0, 0.0, 0.0, 1.0]]}, "mean_rme": {"type": "float", "data": 0.0018681185920275652}, "max_rme": {"type": "float", "data": 0.007751783000475854}, "simu": {"type": "float", "data": 0.002}}, {"type": "dict", "image_number": {"type": "int", "data": 26}, "Hcamera2end": {"type": "ndarray", "data": [[0.9999815039543155, -0.005798885069638483, -0.0018343067394601393, -0.01251652773439991], [0.0018450983676369993, 0.0018561815504040124, 0.9999965750951678, 0.030727988743835657], [-0.005795460402681418, -0.9999814635892013, 0.0018668467317612958, 0.03261827809873451], [0.0, 0.0, 0.0, 1.0]]}, "Hobj2base": {"type": "ndarray", "data": [[0.9999801027259649, -0.006246158304396156, -0.0008829827886043747, -0.7346614612186144], [-0.006247239234998866, -0.9999797333136919, -0.0012267696682852804, 0.09231748243717655], [-0.0008753022959180407, 0.0012322614636338107, -0.999998857688136, -0.0017326886822135435], [0.0, 0.0, 0.0, 1.0]]}, "mean_rme": {"type": "float", "data": 0.0019198398173456365}, "max_rme": {"type": "float", "data": 0.007708070999077887}, "simu": {"type": "float", "data": 0.002}}, {"type": "dict", "image_number": {"type": "int", "data": 27}, "Hcamera2end": {"type": "ndarray", "data": [[0.9999862889194318, -0.0052122674000326975, -0.000504223852487295, -0.013116682066624523], [0.0005185299278858079, 0.0027437064073945194, 0.999996101593333, 0.03075995336735529], [-0.005210863638279885, -0.9999826520213739, 0.002746371504854017, 0.03223303683477854], [0.0, 0.0, 0.0, 1.0]]}, "Hobj2base": {"type": "ndarray", "data": [[0.9999821439573415, -0.005737286776285079, -0.0016719171407157225, -0.7347015248898244], [-0.005737520869809854, -0.999983531144929, -0.00013525230783292849, 0.09218621949862096], [-0.00167111362487745, 0.00014484255224939946, -0.9999985931989541, -0.0016391553320560916], [0.0, 0.0, 0.0, 1.0]]}, "mean_rme": {"type": "float", "data": 0.0019568297657270774}, "max_rme": {"type": "float", "data": 0.007601747564400907}, "simu": {"type": "float", "data": 0.002}}, {"type": "dict", "image_number": {"type": "int", "data": 28}, "Hcamera2end": {"type": "ndarray", "data": [[0.9999888207255312, -0.004635104030423175, -0.0009350051275865854, -0.012956640813743944], [0.0009471144879944758, 0.0026110263812707535, 0.9999961427502521, 0.029850200580709713], [-0.004632644828614572, -0.9999858490758072, 0.0026153871660706818, 0.032278529482068816], [0.0, 0.0, 0.0, 1.0]]}, "Hobj2base": {"type": "ndarray", "data": [[0.9999863862431565, -0.0050066366554529125, -0.0014700060383788808, -0.7348157162481634], [-0.005007245249441395, -0.9999873793635765, -0.0004106197487454766, 0.09186880592940282], [-0.0014679316620816085, 0.00041797483942038487, -0.999998835236156, -0.0008749978954555097], [0.0, 0.0, 0.0, 1.0]]}, "mean_rme": {"type": "float", "data": 0.0019706452503605726}, "max_rme": {"type": "float", "data": 0.007616895523614886}, "simu": {"type": "float", "data": 0.002}}, {"type": "dict", "image_number": {"type": "int", "data": 29}, "Hcamera2end": {"type": "ndarray", "data": [[0.9999889355829941, -0.004601967870945698, -0.0009749888744403339, -0.012950521241941827], [0.0009851077093286015, 0.0021970517329759076, 0.9999971012590406, 0.029863589852576918], [-0.004599812430036715, -0.9999869973431642, 0.0022015608579071255, 0.03246740395267514], [0.0, 0.0, 0.0, 1.0]]}, "Hobj2base": {"type": "ndarray", "data": [[0.9999872077786234, -0.0048865110599954015, -0.0013062498891182272, -0.7348369395620062], [-0.004887374412734894, -0.9999878398565092, -0.0006585669762572262, 0.09185496260357481], [-0.001303015910118912, 0.0006649426840073888, -0.99999892999981, -0.0008771084251387479], [0.0, 0.0, 0.0, 1.0]]}, "mean_rme": {"type": "float", "data": 0.0019376775727386927}, "max_rme": {"type": "float", "data": 0.007637695810280509}, "simu": {"type": "float", "data": 0.002}}, {"type": "dict", "image_number": {"type": "int", "data": 30}, "Hcamera2end": {"type": "ndarray", "data": [[0.9999895756180884, -0.004515706628552021, -0.0006760538442500438, -0.013070921667784334], [0.0006864842796348231, 0.0023086619716786716, 0.9999970994054103, 0.029880082718296095], [-0.0045141327505167795, -0.9999871391540719, 0.002311737866916519, 0.032301519728542824], [0.0, 0.0, 0.0, 1.0]]}, "Hobj2base": {"type": "ndarray", "data": [[0.999987079984995, -0.00486720395638372, -0.001466352184869718, -0.7347509611667172], [-0.004867592785593061, -0.9999881189521154, -0.00026171565381212107, 0.09191681234384427], [-0.0014650609396035122, 0.00026884987775815727, -0.9999988906574777, -0.0007802495490084586], [0.0, 0.0, 0.0, 1.0]]}, "mean_rme": {"type": "float", "data": 0.0019018703885706016}, "max_rme": {"type": "float", "data": 0.007623279435451047}, "simu": {"type": "float", "data": 0.002}}]}