{"type": "list", "data": [{"type": "dict", "image_number": {"type": "int", "data": 5}, "Hcamera2end": {"type": "ndarray", "data": [[0.9998898444868035, 0.0025827202089543063, 0.014616033951732117, -0.014315794831261932], [-0.014627609562751838, 0.004521384436517173, 0.9998827881913245, 0.024585386399715078], [0.0025163327752143446, -0.9999864432276567, 0.004558665403920692, 0.025055181797659754], [0.0, 0.0, 0.0, 1.0]]}, "Hobj2base": {"type": "ndarray", "data": [[0.9999938679293904, 0.003421607890874665, -0.0007461253635461659, -0.7290294766787089], [0.003431036926367082, -0.9999092825990155, 0.013025150975406775, 0.09766927893838313], [-0.0007014907176350906, -0.01302763108793532, -0.9999148907477124, 0.003953852016554293], [0.0, 0.0, 0.0, 1.0]]}, "mean_rme": {"type": "float", "data": 0.0010797761030332672}, "max_rme": {"type": "float", "data": 0.0042878958684368085}, "simu": {"type": "float", "data": 0.002}}, {"type": "dict", "image_number": {"type": "int", "data": 6}, "Hcamera2end": {"type": "ndarray", "data": [[0.9999944853325982, 0.0016145294719942301, 0.0029021714243306885, -0.016493700997687284], [-0.002930100055067826, 0.01757360816766096, 0.9998412788086102, 0.025209557345834622], [0.0015632715885063307, -0.9998442686691531, 0.01757824198795166, 0.027185837496380053], [0.0, 0.0, 0.0, 1.0]]}, "Hobj2base": {"type": "ndarray", "data": [[0.9999117349437723, 0.0011419403792245603, -0.013237004718047084, -0.7380540789362625], [0.0011318827004224, -0.9999990650594253, -0.0007672821051513374, 0.08975775183390211], [-0.013237868532652408, 0.0007522316443074165, -0.9999120926282801, 0.005897254016415017], [0.0, 0.0, 0.0, 1.0]]}, "mean_rme": {"type": "float", "data": 0.0012009752843909149}, "max_rme": {"type": "float", "data": 0.004322508999409558}, "simu": {"type": "float", "data": 0.002}}, {"type": "dict", "image_number": {"type": "int", "data": 7}, "Hcamera2end": {"type": "ndarray", "data": [[0.9999939342111673, 0.0034385136064994637, -0.0005551261563696761, -0.01650002446773422], [0.0005105737473180077, 0.01294423413299195, 0.9999160895380965, 0.02510629962746632], [0.0034454107621758783, -0.9999103076910889, 0.01294240000122382, 0.027872023924162454], [0.0, 0.0, 0.0, 1.0]]}, "Hobj2base": {"type": "ndarray", "data": [[0.999960353891018, 0.0029852056428403225, -0.008389230800263181, -0.7359298617711048], [0.002972378956487134, -0.9999943951267019, -0.0015409991954721956, 0.08815493735195024], [-0.008393783979181413, 0.0015160021277583345, -0.9999636224023647, 0.0057329753670386984], [0.0, 0.0, 0.0, 1.0]]}, "mean_rme": {"type": "float", "data": 0.0013379891635560371}, "max_rme": {"type": "float", "data": 0.004326148635743099}, "simu": {"type": "float", "data": 0.002}}, {"type": "dict", "image_number": {"type": "int", "data": 8}, "Hcamera2end": {"type": "ndarray", "data": [[0.9999944005854453, 0.0033092134561552257, -0.0004978996461542516, -0.016779972834907106], [0.00045134192420540737, 0.014055006822418559, 0.9999011216483803, 0.02515931350785915], [0.003315884229507101, -0.9998957475104707, 0.014053434535839848, 0.028010202536462032], [0.0, 0.0, 0.0, 1.0]]}, "Hobj2base": {"type": "ndarray", "data": [[0.9999435674689472, 0.0033213811290970945, -0.010091100280457347, -0.736634292504291], [0.0033070740063908944, -0.9999935032137723, -0.0014341519316392935, 0.08827587864195591], [-0.010095798085898028, 0.0014006989833824925, -0.999948055102547, 0.0064366251525607085], [0.0, 0.0, 0.0, 1.0]]}, "mean_rme": {"type": "float", "data": 0.0014481611670758092}, "max_rme": {"type": "float", "data": 0.004870489087625773}, "simu": {"type": "float", "data": 0.002}}, {"type": "dict", "image_number": {"type": "int", "data": 9}, "Hcamera2end": {"type": "ndarray", "data": [[0.9999956753185102, 0.0027463505655986194, -0.0010520945050220387, -0.0166740415762786], [0.001009048931592471, 0.015628343223830776, 0.9998773608339837, 0.024396983864789154], [0.0027624562494840557, -0.9998740982977055, 0.01562550443412014, 0.027410972863813166], [0.0, 0.0, 0.0, 1.0]]}, "Hobj2base": {"type": "ndarray", "data": [[0.9999345724535094, 0.0034809874381843933, -0.01089649203517912, -0.7364953158165343], [0.0034664992707677373, -0.9999930828158219, -0.001348222279261393, 0.08825015822696221], [-0.010901109806954808, 0.0013103613866916619, -0.9999397225623214, 0.007339332088124157], [0.0, 0.0, 0.0, 1.0]]}, "mean_rme": {"type": "float", "data": 0.0014562772722675889}, "max_rme": {"type": "float", "data": 0.00449732911424805}, "simu": {"type": "float", "data": 0.002}}, {"type": "dict", "image_number": {"type": "int", "data": 10}, "Hcamera2end": {"type": "ndarray", "data": [[0.9999979231106695, 0.0020041703958940593, 0.0003702369131163729, -0.017035414024538276], [-0.0004039834089842483, 0.01686400396040144, 0.999857710960829, 0.024421658930115518], [0.0019976415476450115, -0.9998557839365873, 0.016864778587320273, 0.028111147153546557], [0.0, 0.0, 0.0, 1.0]]}, "Hobj2base": {"type": "ndarray", "data": [[0.9999185182821476, 0.003357772707156457, -0.012315931100876431, -0.7378001026258519], [0.003359728223238649, -0.999994346562328, 0.00013809289771364686, 0.08795244807154351], [-0.012315397788964587, -0.00017945982698219513, -0.9999241465088589, 0.007976868816936562], [0.0, 0.0, 0.0, 1.0]]}, "mean_rme": {"type": "float", "data": 0.0016728857344833535}, "max_rme": {"type": "float", "data": 0.006320732259464307}, "simu": {"type": "float", "data": 0.002}}, {"type": "dict", "image_number": {"type": "int", "data": 11}, "Hcamera2end": {"type": "ndarray", "data": [[0.9999923280734364, 0.0035207052642420348, -0.0017170989229399274, -0.016504134482590263], [0.0016671840864827133, 0.014131763378161466, 0.9998987517549192, 0.025983442787162622], [0.003544614434688466, -0.9998939433251239, 0.014125785296520865, 0.02923930554653304], [0.0, 0.0, 0.0, 1.0]]}, "Hobj2base": {"type": "ndarray", "data": [[0.9999457562799676, 0.003698907840474676, -0.009736661567049647, -0.7379153197854389], [0.0036830406233170584, -0.999991861164641, -0.0016470629147063093, 0.08764398145851873], [-0.009742674655893166, 0.0016111130517997545, -0.9999512411139275, 0.0056847493411924625], [0.0, 0.0, 0.0, 1.0]]}, "mean_rme": {"type": "float", "data": 0.0018273055319735082}, "max_rme": {"type": "float", "data": 0.00726167879788428}, "simu": {"type": "float", "data": 0.002}}, {"type": "dict", "image_number": {"type": "int", "data": 12}, "Hcamera2end": {"type": "ndarray", "data": [[0.9999947641842477, 0.002818058572062441, -0.0015906445156389439, -0.016744274203718], [0.0015505803800321709, 0.014162519843435528, 0.9998985042153875, 0.025885109963682287], [0.002840300085513174, -0.999895735353226, 0.014158076064759384, 0.029129523792241038], [0.0, 0.0, 0.0, 1.0]]}, "Hobj2base": {"type": "ndarray", "data": [[0.9999476472957713, 0.0023829863083984332, -0.009951082549430227, -0.7378282990708387], [0.0023758812955712414, -0.9999969142294511, -0.0007257545350566833, 0.08804638640799527], [-0.009952781305793065, 0.0007020739489442902, -0.9999502233793687, 0.005881228761362438], [0.0, 0.0, 0.0, 1.0]]}, "mean_rme": {"type": "float", "data": 0.0018261298222817088}, "max_rme": {"type": "float", "data": 0.007699402350493517}, "simu": {"type": "float", "data": 0.002}}, {"type": "dict", "image_number": {"type": "int", "data": 13}, "Hcamera2end": {"type": "ndarray", "data": [[0.9999895846289731, 0.003034839894424011, -0.0034088679043021127, -0.015517315458158607], [0.003376266546918387, 0.010683446377380834, 0.9999372304288432, 0.02554145520224082], [0.003071067856288495, -0.999938324958253, 0.01067308867691208, 0.02998432025901975], [0.0, 0.0, 0.0, 1.0]]}, "Hobj2base": {"type": "ndarray", "data": [[0.9999708932187228, 0.003042123168815911, -0.006997013789857334, -0.7369326999397653], [0.0030346180824804545, -0.9999948091107012, -0.0010829795686017277, 0.0883244751973269], [-0.007000272026370324, 0.0010617147819822308, -0.9999749341624913, 0.0053188006061933085], [0.0, 0.0, 0.0, 1.0]]}, "mean_rme": {"type": "float", "data": 0.001832166048352936}, "max_rme": {"type": "float", "data": 0.008519191831851292}, "simu": {"type": "float", "data": 0.002}}, {"type": "dict", "image_number": {"type": "int", "data": 14}, "Hcamera2end": {"type": "ndarray", "data": [[0.9999874718623911, 0.002933399020816325, -0.004056018792869886, -0.014753231205963396], [0.004026816350281526, 0.009893470514402258, 0.9999429503683006, 0.025568935010611978], [0.00297335977381568, -0.9999467557882096, 0.009881534308503248, 0.029564481800418423], [0.0, 0.0, 0.0, 1.0]]}, "Hobj2base": {"type": "ndarray", "data": [[0.9999789238333595, 0.0030826492944130905, -0.005713944557287192, -0.7359711337157455], [0.0030697280967510745, -0.9999927147741692, -0.0022687370933840503, 0.08842597840119841], [-0.005720896650710837, 0.0022511490209522244, -0.999981101656225, 0.004933015270913542], [0.0, 0.0, 0.0, 1.0]]}, "mean_rme": {"type": "float", "data": 0.0018550740699526662}, "max_rme": {"type": "float", "data": 0.008716477597434547}, "simu": {"type": "float", "data": 0.002}}, {"type": "dict", "image_number": {"type": "int", "data": 15}, "Hcamera2end": {"type": "ndarray", "data": [[0.9999893655963953, 0.0025945445469416377, -0.003812746085544552, -0.01507040740344553], [0.0037866700974764946, 0.00998208369009801, 0.9999430079433411, 0.02551924016800824], [0.002632455829026814, -0.9999468117574044, 0.009972152852338656, 0.02958102958195802], [0.0, 0.0, 0.0, 1.0]]}, "Hobj2base": {"type": "ndarray", "data": [[0.9999798832301084, 0.0027784118579752266, -0.0057020665241747735, -0.7361424665309774], [0.0027669564203974977, -0.9999941400245642, -0.002015903941030223, 0.08840669072750908], [-0.005707634121619308, 0.0020000860179759184, -0.9999817111170854, 0.004938937347068495], [0.0, 0.0, 0.0, 1.0]]}, "mean_rme": {"type": "float", "data": 0.0018086722984376133}, "max_rme": {"type": "float", "data": 0.008731073213453261}, "simu": {"type": "float", "data": 0.002}}, {"type": "dict", "image_number": {"type": "int", "data": 16}, "Hcamera2end": {"type": "ndarray", "data": [[0.9999928538667382, 0.0018976032664301018, -0.003269757987923733, -0.014662950119012749], [0.003251221531974408, 0.009690580185023778, 0.9999477597425916, 0.0255605595291552], [0.0019291899871146014, -0.9999512446902203, 0.00968434140624752, 0.029378742848623813], [0.0, 0.0, 0.0, 1.0]]}, "Hobj2base": {"type": "ndarray", "data": [[0.9999852071177368, 0.001761655976724328, -0.005146077527276445, -0.7354803710085012], [0.001751422757840854, -0.9999964814689382, -0.0019923774911093403, 0.08915468784640981], [-0.005149569304357922, 0.0019833350608088047, -0.9999847740430934, 0.004867485023439411], [0.0, 0.0, 0.0, 1.0]]}, "mean_rme": {"type": "float", "data": 0.0018474604846482935}, "max_rme": {"type": "float", "data": 0.00887424770301598}, "simu": {"type": "float", "data": 0.002}}, {"type": "dict", "image_number": {"type": "int", "data": 17}, "Hcamera2end": {"type": "ndarray", "data": [[0.999993554479326, 0.0023146676731760057, -0.002744688209242485, -0.015232722452674615], [0.0027259112576368946, 0.008076667370136126, 0.9999636677659882, 0.02582137025293263], [0.0023367515098292307, -0.9999647042559827, 0.008070305733141714, 0.030315950397250113], [0.0, 0.0, 0.0, 1.0]]}, "Hobj2base": {"type": "ndarray", "data": [[0.9999898982442262, 0.00220953945402979, -0.003914248957749594, -0.7353181341671957], [0.002204321711493861, -0.999996676926244, -0.0013368254419717685, 0.08887819617383885], [-0.003917189718968795, 0.0013281836737258816, -0.99999144573983, 0.00427612041702727], [0.0, 0.0, 0.0, 1.0]]}, "mean_rme": {"type": "float", "data": 0.0019041738562054597}, "max_rme": {"type": "float", "data": 0.0089237662117094}, "simu": {"type": "float", "data": 0.002}}, {"type": "dict", "image_number": {"type": "int", "data": 18}, "Hcamera2end": {"type": "ndarray", "data": [[0.9999912025026174, 0.0033205284566397105, -0.0025630076351703304, -0.015220269491198573], [0.0025414748918179534, 0.0064728047731941185, 0.9999758215595727, 0.025616428753565845], [0.0033370380194948975, -0.9999735380944521, 0.006464308789010942, 0.030284753550027604], [0.0, 0.0, 0.0, 1.0]]}, "Hobj2base": {"type": "ndarray", "data": [[0.9999913661101038, 0.003177808364603344, -0.002677543509686468, -0.7346350776902314], [0.0031761972232566904, -0.9999947723986204, -0.0006057611995875788, 0.08913588584226252], [-0.002679454505563324, 0.000597251563251463, -0.9999962318999625, 0.004348780902591813], [0.0, 0.0, 0.0, 1.0]]}, "mean_rme": {"type": "float", "data": 0.0018838765380100337}, "max_rme": {"type": "float", "data": 0.009807689313517276}, "simu": {"type": "float", "data": 0.002}}, {"type": "dict", "image_number": {"type": "int", "data": 19}, "Hcamera2end": {"type": "ndarray", "data": [[0.9999928440025856, 0.0030624812782616894, -0.002221070021570322, -0.015457919203261346], [0.0022012086430744267, 0.006473577343753867, 0.9999766234652109, 0.025538826042405136], [0.003076787956632076, -0.9999743566736073, 0.00646678985859217, 0.030147463867396817], [0.0, 0.0, 0.0, 1.0]]}, "Hobj2base": {"type": "ndarray", "data": [[0.9999913238061685, 0.0029784204129504914, -0.0029122713181388487, -0.7344716748436179], [0.0029783780207506064, -0.9999955644438683, -1.8893237600943562e-05, 0.0892415123907087], [-0.002912314672600484, 1.021922879514489e-05, -0.9999957591504149, 0.004509372295425584], [0.0, 0.0, 0.0, 1.0]]}, "mean_rme": {"type": "float", "data": 0.0018320989440437847}, "max_rme": {"type": "float", "data": 0.009947367675818886}, "simu": {"type": "float", "data": 0.002}}, {"type": "dict", "image_number": {"type": "int", "data": 20}, "Hcamera2end": {"type": "ndarray", "data": [[0.9999915431482355, 0.003437273115777657, -0.002258049055767811, -0.01536986144589217], [0.002236459334919224, 0.006271998861031247, 0.9999778298942085, 0.025470133464476696], [0.003451359392174974, -0.9999744232648228, 0.006264258498120179, 0.030057413621985368], [0.0, 0.0, 0.0, 1.0]]}, "Hobj2base": {"type": "ndarray", "data": [[0.9999907618242257, 0.0031669363584009174, -0.0029063345138610787, -0.7344102501214261], [0.003167650726931145, -0.9999949538865067, 0.00024122685567295308, 0.08937855986086882], [-0.002905555898067418, -0.000250430879812396, -0.9999957475056072, 0.004566500870001597], [0.0, 0.0, 0.0, 1.0]]}, "mean_rme": {"type": "float", "data": 0.0018053403716371944}, "max_rme": {"type": "float", "data": 0.01022531615722952}, "simu": {"type": "float", "data": 0.002}}, {"type": "dict", "image_number": {"type": "int", "data": 21}, "Hcamera2end": {"type": "ndarray", "data": [[0.9999893148831718, 0.0038047261870818344, -0.0026256766987002903, -0.015349080217152209], [0.0026005330510281877, 0.006598476039497703, 0.9999748483546008, 0.025375560667308342], [0.0038219559567417775, -0.9999709916655571, 0.0065885112178107885, 0.030040471570948], [0.0, 0.0, 0.0, 1.0]]}, "Hobj2base": {"type": "ndarray", "data": [[0.9999881799253563, 0.003418885697137617, -0.0034570551287605535, -0.7346780253444547], [0.0034177099013497614, -0.9999940997661112, -0.000345965309837589, 0.08930117409728647], [-0.0034582175471762357, 0.0003341460089587257, -0.9999939645207072, 0.004610667099521348], [0.0, 0.0, 0.0, 1.0]]}, "mean_rme": {"type": "float", "data": 0.0018082177040088152}, "max_rme": {"type": "float", "data": 0.010321274424039573}, "simu": {"type": "float", "data": 0.002}}, {"type": "dict", "image_number": {"type": "int", "data": 22}, "Hcamera2end": {"type": "ndarray", "data": [[0.9999839591779075, 0.003963944113358667, -0.004045804486539569, -0.014452107545083982], [0.004017017651972689, 0.007243414510437418, 0.9999656976693818, 0.02564522189546346], [0.003993113579761332, -0.9999659094655657, 0.007227375086639065, 0.02966971736415807], [0.0, 0.0, 0.0, 1.0]]}, "Hobj2base": {"type": "ndarray", "data": [[0.9999862582298737, 0.0032580246297071393, -0.0041071434024818184, -0.7347211572809141], [0.0032505573816898697, -0.9999930543774336, -0.0018234784341045794, 0.0891040074321833], [-0.0041130558134639715, 0.0018101028709785116, -0.9999899030987622, 0.004368645709507238], [0.0, 0.0, 0.0, 1.0]]}, "mean_rme": {"type": "float", "data": 0.0018722614924329673}, "max_rme": {"type": "float", "data": 0.010124993580318181}, "simu": {"type": "float", "data": 0.002}}, {"type": "dict", "image_number": {"type": "int", "data": 23}, "Hcamera2end": {"type": "ndarray", "data": [[0.9999803071953242, 0.003995225076380064, -0.004839772529177992, -0.01378417059954713], [0.0048106552836702605, 0.007265730204342735, 0.9999620326594104, 0.025698846297959592], [0.004030237869756254, -0.9999656230797073, 0.007246367471113957, 0.029971917446329165], [0.0, 0.0, 0.0, 1.0]]}, "Hobj2base": {"type": "ndarray", "data": [[0.9999858784888167, 0.0032920903239624594, -0.004171925724214077, -0.7351097106736799], [0.003282870210875117, -0.9999921583226616, -0.002214961932810875, 0.08920917680586653], [-0.004179184864065619, 0.0022012347635191644, -0.9999888444274707, 0.004203725384987562], [0.0, 0.0, 0.0, 1.0]]}, "mean_rme": {"type": "float", "data": 0.001899296551480959}, "max_rme": {"type": "float", "data": 0.009918994331030745}, "simu": {"type": "float", "data": 0.002}}, {"type": "dict", "image_number": {"type": "int", "data": 24}, "Hcamera2end": {"type": "ndarray", "data": [[0.9999790816567328, 0.004052056183481915, -0.0050415364367658476, -0.013595887842413968], [0.005012072782356022, 0.00724884208846277, 0.9999611659533587, 0.025738020640568002], [0.004088444127256439, -0.9999655169699915, 0.0072283812541857895, 0.02987985631889459], [0.0, 0.0, 0.0, 1.0]]}, "Hobj2base": {"type": "ndarray", "data": [[0.999987111957468, 0.0031310935732431298, -0.0039965199859101205, -0.7349647643845371], [0.003121386926521255, -0.9999921694126337, -0.0024327057094278037, 0.08926026349907272], [-0.004004105720023593, 0.0024201996713775526, -0.9999890548255681, 0.00414367482251293], [0.0, 0.0, 0.0, 1.0]]}, "mean_rme": {"type": "float", "data": 0.001857749598692212}, "max_rme": {"type": "float", "data": 0.009980725830904535}, "simu": {"type": "float", "data": 0.002}}, {"type": "dict", "image_number": {"type": "int", "data": 25}, "Hcamera2end": {"type": "ndarray", "data": [[0.9999763737581439, 0.004341443263564003, -0.005329521170072248, -0.013356850265903325], [0.0052977655029288525, 0.007293493208357593, 0.999959368493288, 0.02577649759410524], [0.004380137690640619, -0.9999639777648036, 0.007270320942168507, 0.029918522546307637], [0.0, 0.0, 0.0, 1.0]]}, "Hobj2base": {"type": "ndarray", "data": [[0.9999861970394409, 0.0034149530306691344, -0.003992972125481004, -0.7349349467588927], [0.003403254110118712, -0.9999899076035494, -0.0029330108262202387, 0.08929036369489504], [-0.004002947921033283, 0.0029193812431898523, -0.9999877267352326, 0.004152927251191678], [0.0, 0.0, 0.0, 1.0]]}, "mean_rme": {"type": "float", "data": 0.0018584873039140205}, "max_rme": {"type": "float", "data": 0.00998831116500673}, "simu": {"type": "float", "data": 0.002}}, {"type": "dict", "image_number": {"type": "int", "data": 26}, "Hcamera2end": {"type": "ndarray", "data": [[0.9999776001870115, 0.004036734983125716, -0.005338903904483181, -0.013345905062119896], [0.005312978196828589, 0.006406120713815744, 0.9999653663402949, 0.025769732252446918], [0.0040707968391115726, -0.9999713327831333, 0.006384530132958144, 0.030254043105588612], [0.0, 0.0, 0.0, 1.0]]}, "Hobj2base": {"type": "ndarray", "data": [[0.999987422864352, 0.0032174668583323197, -0.0038473393568811396, -0.7350079558935716], [0.0032064308340694044, -0.9999907374114334, -0.002871217972225024, 0.08933189554486128], [-0.003856541769228283, 0.0028588456329840806, -0.9999884769772245, 0.004126598772587123], [0.0, 0.0, 0.0, 1.0]]}, "mean_rme": {"type": "float", "data": 0.0018656327036170716}, "max_rme": {"type": "float", "data": 0.01005091481817974}, "simu": {"type": "float", "data": 0.002}}, {"type": "dict", "image_number": {"type": "int", "data": 27}, "Hcamera2end": {"type": "ndarray", "data": [[0.9999726558356011, 0.004256400577327509, -0.006047365973686346, -0.012899207436961399], [0.006021080500013876, 0.0061614740539839286, 0.9999628907249983, 0.025874854089945002], [0.004293503313929782, -0.9999719592526622, 0.006135677443108056, 0.030597547347769948], [0.0, 0.0, 0.0, 1.0]]}, "Hobj2base": {"type": "ndarray", "data": [[0.9999849812582041, 0.0037805487986233835, -0.003967960283365291, -0.735269384070793], [0.0037660745721569636, -0.9999862509018294, -0.0036489299280871843, 0.08912412526824748], [-0.003981700685145709, 0.0036339314914242524, -0.9999854701952269, 0.00393292371251708], [0.0, 0.0, 0.0, 1.0]]}, "mean_rme": {"type": "float", "data": 0.0018814037743308777}, "max_rme": {"type": "float", "data": 0.009773493480701584}, "simu": {"type": "float", "data": 0.002}}, {"type": "dict", "image_number": {"type": "int", "data": 28}, "Hcamera2end": {"type": "ndarray", "data": [[0.9999691057948218, 0.005223243711180587, -0.005874111084931848, -0.013225590193903264], [0.005837759483758271, 0.0069478049308623335, 0.9999588234376715, 0.025965433556917022], [0.00526384081392068, -0.9999622221523052, 0.006917098243440334, 0.03007939787145552], [0.0, 0.0, 0.0, 1.0]]}, "Hobj2base": {"type": "ndarray", "data": [[0.999978132755887, 0.004644322904380182, -0.0047078949446118035, -0.7354468534511166], [0.004626326108080953, -0.9999819777461263, -0.003826393822942314, 0.08869676038789967], [-0.004725581106206969, 0.0038045298929581554, -0.9999815970484172, 0.004023036328122031], [0.0, 0.0, 0.0, 1.0]]}, "mean_rme": {"type": "float", "data": 0.0018968433004949543}, "max_rme": {"type": "float", "data": 0.009791559528200128}, "simu": {"type": "float", "data": 0.002}}, {"type": "dict", "image_number": {"type": "int", "data": 29}, "Hcamera2end": {"type": "ndarray", "data": [[0.9999695559999339, 0.005270981064217387, -0.005753592957079436, -0.01332433689479709], [0.0057165531548220945, 0.007015437071356656, 0.9999590514929728, 0.026434616601862925], [0.005311129194736831, -0.9999614994595134, 0.006985091649958419, 0.03005732339434514], [0.0, 0.0, 0.0, 1.0]]}, "Hobj2base": {"type": "ndarray", "data": [[0.9999788061434022, 0.004769366391927034, -0.004431750019538118, -0.7354585501490026], [0.004753628996229103, -0.9999823829396977, -0.00355483074280183, 0.08856719447310352], [-0.0044486262354044865, 0.0035336885068319225, -0.9999838612548475, 0.0036024197300698287], [0.0, 0.0, 0.0, 1.0]]}, "mean_rme": {"type": "float", "data": 0.0018691637814205974}, "max_rme": {"type": "float", "data": 0.009683109319804456}, "simu": {"type": "float", "data": 0.002}}, {"type": "dict", "image_number": {"type": "int", "data": 30}, "Hcamera2end": {"type": "ndarray", "data": [[0.9999736918776662, 0.005147833632085382, -0.0051103191139855305, -0.013655481972694885], [0.005077296665430901, 0.006407596854469788, 0.9999665813221569, 0.026397650359830882], [0.005180406462971752, -0.9999662206852024, 0.0063812912040934755, 0.03030720045645421], [0.0, 0.0, 0.0, 1.0]]}, "Hobj2base": {"type": "ndarray", "data": [[0.9999809245440113, 0.004757784439953751, -0.003938786022027513, -0.7354220587048013], [0.0047453600674745465, -0.9999837550339803, -0.0031577248091692986, 0.08855379512966939], [-0.003953745810545148, 0.0031389736162254207, -0.9999872572881627, 0.003494907566797928], [0.0, 0.0, 0.0, 1.0]]}, "mean_rme": {"type": "float", "data": 0.0018546342797202665}, "max_rme": {"type": "float", "data": 0.00964700731533627}, "simu": {"type": "float", "data": 0.002}}]}