{"type": "list", "data": [{"type": "dict", "image_number": {"type": "int", "data": 5}, "Hcamera2end": {"type": "ndarray", "data": [[0.9999610126347713, -0.002566820539358646, 0.008448943292596984, -0.015664370478881667], [-0.008412904333776481, 0.013740837629179659, 0.9998701977866522, 0.029571797300280752], [-0.0026825829182930915, -0.9999022956337118, 0.013718707494484894, 0.03501001688537184], [0.0, 0.0, 0.0, 1.0]]}, "Hobj2base": {"type": "ndarray", "data": [[0.9999543177033717, -0.004309214946986425, -0.008531891520929077, -0.7419593323212055], [-0.004240530078822633, -0.9999585894707941, 0.008052157985925379, 0.09552694603679432], [-0.008566236690334517, -0.008015610402232016, -0.9999311824214927, -0.0005388961838077355], [0.0, 0.0, 0.0, 1.0]]}, "mean_rme": {"type": "float", "data": 0.001216006315516236}, "max_rme": {"type": "float", "data": 0.003636397899070297}, "simu": {"type": "float", "data": 0.002}}, {"type": "dict", "image_number": {"type": "int", "data": 6}, "Hcamera2end": {"type": "ndarray", "data": [[0.9999873037487796, -0.0028576698075388146, 0.004150429437671423, -0.015387936738138075], [-0.004168618279921673, -0.006388659654251061, 0.9999709034014233, 0.029707318870405276], [-0.002831070977971292, -0.9999755090756439, -0.006400491076820947, 0.0337316237590485], [0.0, 0.0, 0.0, 1.0]]}, "Hobj2base": {"type": "ndarray", "data": [[0.9999487647395437, -0.0034200548038126484, 0.009527387942106664, -0.7301344571311642], [-0.0034594973746635816, -0.9999855017716648, 0.004126514798836246, 0.09338746353249598], [0.009513136905100085, -0.00415926334934887, -0.9999460989246443, -0.0035638006039130734], [0.0, 0.0, 0.0, 1.0]]}, "mean_rme": {"type": "float", "data": 0.0012451088044659628}, "max_rme": {"type": "float", "data": 0.003525298001351325}, "simu": {"type": "float", "data": 0.002}}, {"type": "dict", "image_number": {"type": "int", "data": 7}, "Hcamera2end": {"type": "ndarray", "data": [[0.9999740737999168, -0.006757757018758569, -0.0024868550569014003, -0.016016539376812418], [0.0024634586920792094, -0.0034682705832431715, 0.9999909511942765, 0.029971643379630545], [-0.006766320955366821, -0.9999711514935002, -0.003451533208899349, 0.03229157661435224], [0.0, 0.0, 0.0, 1.0]]}, "Hobj2base": {"type": "ndarray", "data": [[0.9999600169558459, -0.0072744071669578435, 0.005200720145672814, -0.7310531732143831], [-0.007269053266117256, -0.999973031318826, -0.0010476161758492862, 0.09006884321524186], [0.00520820067572715, 0.001009769977204406, -0.999985927406138, -0.002844376857324003], [0.0, 0.0, 0.0, 1.0]]}, "mean_rme": {"type": "float", "data": 0.0015174425472539153}, "max_rme": {"type": "float", "data": 0.003600347648648361}, "simu": {"type": "float", "data": 0.002}}, {"type": "dict", "image_number": {"type": "int", "data": 8}, "Hcamera2end": {"type": "ndarray", "data": [[0.9999760062573068, -0.006671643358008876, -0.0018644260753261322, -0.01631531550622339], [0.0018390415843222165, -0.003808947454299494, 0.9999910548826632, 0.031269813526129016], [-0.006678685180329553, -0.9999704901116802, -0.003796586633823207, 0.032442292608618827], [0.0, 0.0, 0.0, 1.0]]}, "Hobj2base": {"type": "ndarray", "data": [[0.9999615312845169, -0.006891311066952977, 0.005426396861867063, -0.7311510238680998], [-0.006885323257187364, -0.9999756671314122, -0.0011213691322825862, 0.08970919367871946], [0.005433992525576757, 0.0010839634981367433, -0.999984648256345, -0.004060279391050595], [0.0, 0.0, 0.0, 1.0]]}, "mean_rme": {"type": "float", "data": 0.001452640856030568}, "max_rme": {"type": "float", "data": 0.003656171475451886}, "simu": {"type": "float", "data": 0.002}}, {"type": "dict", "image_number": {"type": "int", "data": 9}, "Hcamera2end": {"type": "ndarray", "data": [[0.999979398619333, -0.006224089100129858, -0.0015694112878985216, -0.016396862683049587], [0.0015427679431592308, -0.004283175221961644, 0.9999896370848509, 0.03142566474998088], [-0.006230746663964026, -0.9999714571550988, -0.004273484657499438, 0.033353422088432665], [0.0, 0.0, 0.0, 1.0]]}, "Hobj2base": {"type": "ndarray", "data": [[0.9999581714734822, -0.007066433657641236, 0.005806962955984435, -0.731633367942234], [-0.00706224827013358, -0.9999747875085867, -0.0007409429991883621, 0.09014646533843645], [0.0058120523725286284, 0.0006999017925438415, -0.9999828649455449, -0.003941756950885531], [0.0, 0.0, 0.0, 1.0]]}, "mean_rme": {"type": "float", "data": 0.0015306835127993925}, "max_rme": {"type": "float", "data": 0.003577979047241442}, "simu": {"type": "float", "data": 0.002}}, {"type": "dict", "image_number": {"type": "int", "data": 10}, "Hcamera2end": {"type": "ndarray", "data": [[0.9999729911364257, -0.007277977934057432, 0.001023735737985477, -0.015946544656060022], [-0.0010580236384392888, -0.004708896869331625, 0.9999883533703052, 0.03145150921466493], [-0.007273072504131885, -0.9999624279579035, -0.0047164699600728, 0.03396586026437356], [0.0, 0.0, 0.0, 1.0]]}, "Hobj2base": {"type": "ndarray", "data": [[0.9999535887642388, -0.007903188068376152, 0.00550998510664146, -0.7328405652577755], [-0.007904962621215103, -0.9999687101862647, 0.00030035708002811614, 0.09160701217255211], [0.005507438921742658, -0.0003438993663963151, -0.9999847748089714, -0.003929542819719217], [0.0, 0.0, 0.0, 1.0]]}, "mean_rme": {"type": "float", "data": 0.0018699757087739164}, "max_rme": {"type": "float", "data": 0.007795004099864583}, "simu": {"type": "float", "data": 0.002}}, {"type": "dict", "image_number": {"type": "int", "data": 11}, "Hcamera2end": {"type": "ndarray", "data": [[0.9999742130625566, -0.0070743438226036764, 0.0012356655697397796, -0.01593970705844949], [-0.0012729892537051233, -0.0052738520831663305, 0.9999852828829856, 0.03151624886530819], [-0.0070677229912187705, -0.999961069314043, -0.00528272165033572, 0.03415192194940185], [0.0, 0.0, 0.0, 1.0]]}, "Hobj2base": {"type": "ndarray", "data": [[0.999958729018226, -0.006887972803474346, 0.005924195381029371, -0.7329975142963584], [-0.006892337289665093, -0.9999759907817252, 0.0007166217914059861, 0.09158686830339051], [0.005919117074319786, -0.0007574237684570245, -0.9999821950226389, -0.003962226247629566], [0.0, 0.0, 0.0, 1.0]]}, "mean_rme": {"type": "float", "data": 0.0018222861882084577}, "max_rme": {"type": "float", "data": 0.007440356133118359}, "simu": {"type": "float", "data": 0.002}}, {"type": "dict", "image_number": {"type": "int", "data": 12}, "Hcamera2end": {"type": "ndarray", "data": [[0.9999762123185216, -0.006542955665790246, 0.0021827799381478725, -0.01609379533694211], [-0.0022108143744332355, -0.004280508591448129, 0.9999883947056586, 0.031606756478235354], [-0.0065335363245854, -0.9999694330215069, -0.004294872028510532, 0.03399402509450149], [0.0, 0.0, 0.0, 1.0]]}, "Hobj2base": {"type": "ndarray", "data": [[0.9999726630588863, -0.005849832497872089, 0.004522454495725287, -0.7335415972173108], [-0.005856982989562225, -0.9999816160652093, 0.001569484587833948, 0.09170806755901505], [0.004513190133269926, -0.001595929621978724, -0.9999885419960881, -0.0037084425999313005], [0.0, 0.0, 0.0, 1.0]]}, "mean_rme": {"type": "float", "data": 0.0017666084646824783}, "max_rme": {"type": "float", "data": 0.007110206019225435}, "simu": {"type": "float", "data": 0.002}}, {"type": "dict", "image_number": {"type": "int", "data": 13}, "Hcamera2end": {"type": "ndarray", "data": [[0.9999897835393665, -0.004049983502125533, 0.0020075981976990973, -0.016104417811368177], [-0.0020196121611093095, -0.002964517321441429, 0.999993566381189, 0.03153122822497855], [-0.004044005886443916, -0.9999874045560191, -0.0029726664305000927, 0.033711923249386586], [0.0, 0.0, 0.0, 1.0]]}, "Hobj2base": {"type": "ndarray", "data": [[0.9999889671583976, -0.0030704575617425023, 0.0035549756458744777, -0.7337260468995735], [-0.0030782200581376015, -0.9999928857290592, 0.0021801496605979315, 0.0912785622050963], [0.0035482562978034313, -0.0021910686046913777, -0.9999913045100015, -0.003423625245660862], [0.0, 0.0, 0.0, 1.0]]}, "mean_rme": {"type": "float", "data": 0.0017844545000842164}, "max_rme": {"type": "float", "data": 0.0076581872363408465}, "simu": {"type": "float", "data": 0.002}}, {"type": "dict", "image_number": {"type": "int", "data": 14}, "Hcamera2end": {"type": "ndarray", "data": [[0.9999907148114241, -0.003797057743909528, 0.002037803578990771, -0.016448828417363143], [-0.002046684194682036, -0.0023363989961207032, 0.9999951761501343, 0.03158697928465895], [-0.003792278305236795, -0.9999900617467258, -0.0023441486802862066, 0.03342250020368571], [0.0, 0.0, 0.0, 1.0]]}, "Hobj2base": {"type": "ndarray", "data": [[0.9999926429147235, -0.002756807877451316, 0.0026672320396327305, -0.7339255092445108], [-0.0027625913207026055, -0.9999938359023279, 0.0021670824954447333, 0.09092395570848492], [0.0026612413684593966, -0.002174435024117002, -0.9999940947959163, -0.003271255951793704], [0.0, 0.0, 0.0, 1.0]]}, "mean_rme": {"type": "float", "data": 0.0017181733517000588}, "max_rme": {"type": "float", "data": 0.007722301435284601}, "simu": {"type": "float", "data": 0.002}}, {"type": "dict", "image_number": {"type": "int", "data": 15}, "Hcamera2end": {"type": "ndarray", "data": [[0.9999921062093913, -0.0034666571483598922, 0.0019415991144470846, -0.016573191382511558], [-0.0019511699747416507, -0.0027595884575244423, 0.9999942887873284, 0.03157938087880511], [-0.0034612793350382903, -0.9999901834316979, -0.0027663307112517632, 0.03360129709873478], [0.0, 0.0, 0.0, 1.0]]}, "Hobj2base": {"type": "ndarray", "data": [[0.9999913988582255, -0.0027928488727677506, 0.003066301476250415, -0.7337780278082408], [-0.0027989425617140572, -0.999994113188162, 0.0019848197796136615, 0.0907998715242608], [0.0030607401238264445, -0.0019933851096062645, -0.9999933291205994, -0.003287702731031065], [0.0, 0.0, 0.0, 1.0]]}, "mean_rme": {"type": "float", "data": 0.0016539441649132177}, "max_rme": {"type": "float", "data": 0.007932152748796745}, "simu": {"type": "float", "data": 0.002}}, {"type": "dict", "image_number": {"type": "int", "data": 16}, "Hcamera2end": {"type": "ndarray", "data": [[0.9999955037827755, -0.00280640163640848, 0.00105665703436033, -0.016074361289711018], [-0.0010672892482474173, -0.0037897658213881247, 0.9999922492543026, 0.02987843702885181], [-0.002802375401989324, -0.9999888808306191, -0.0037927440240705934, 0.03421098518771342], [0.0, 0.0, 0.0, 1.0]]}, "Hobj2base": {"type": "ndarray", "data": [[0.9999882053166385, -0.001712183714062831, 0.004545069255554737, -0.7337306661991523], [-0.00171603819790009, -0.9999981711885502, 0.0008442940592311112, 0.09031582975067913], [0.0045436153569419465, -0.0008520836135046519, -0.9999893146994139, -0.001954568939130232], [0.0, 0.0, 0.0, 1.0]]}, "mean_rme": {"type": "float", "data": 0.0017541603510332986}, "max_rme": {"type": "float", "data": 0.008046669458358552}, "simu": {"type": "float", "data": 0.002}}, {"type": "dict", "image_number": {"type": "int", "data": 17}, "Hcamera2end": {"type": "ndarray", "data": [[0.9999945657163055, -0.002925861686525204, 0.0015191679461937291, -0.016292529945436594], [-0.0015310703545265113, -0.004070066478983891, 0.9999905451465162, 0.02992840000413173], [-0.0029196509083978936, -0.999987436867208, -0.004074524061177698, 0.034476528544122996], [0.0, 0.0, 0.0, 1.0]]}, "Hobj2base": {"type": "ndarray", "data": [[0.9999874095607842, -0.001911081478824838, 0.0046398801162927045, -0.7337700614483917], [-0.0019184867750911302, -0.9999968923330742, 0.0015920843846652525, 0.09044359939604363], [0.004636823094110467, -0.0016009658882646968, -0.9999879683175286, -0.0017436445335223718], [0.0, 0.0, 0.0, 1.0]]}, "mean_rme": {"type": "float", "data": 0.0017503909787182248}, "max_rme": {"type": "float", "data": 0.008050106575458044}, "simu": {"type": "float", "data": 0.002}}, {"type": "dict", "image_number": {"type": "int", "data": 18}, "Hcamera2end": {"type": "ndarray", "data": [[0.9999961789692245, -0.0027550742883282174, -0.00022718410265444708, -0.015512973671706084], [0.00021602406917582652, -0.004050340908987371, 0.9999917740022278, 0.03003251692547082], [-0.002755971798158112, -0.9999880020801185, -0.00404973027015143, 0.03458827746169315], [0.0, 0.0, 0.0, 1.0]]}, "Hobj2base": {"type": "ndarray", "data": [[0.9999888172729209, -0.0017055757739144698, 0.0044109341849785716, -0.733921702470066], [-0.0017067217268798606, -0.9999985107692915, 0.0002560471570362278, 0.090312618331134], [0.004410490908251908, -0.0002635725309400914, -0.9999902390020963, -0.001733388191409952], [0.0, 0.0, 0.0, 1.0]]}, "mean_rme": {"type": "float", "data": 0.0017381515370892896}, "max_rme": {"type": "float", "data": 0.008159074790841464}, "simu": {"type": "float", "data": 0.002}}, {"type": "dict", "image_number": {"type": "int", "data": 19}, "Hcamera2end": {"type": "ndarray", "data": [[0.9999954330624178, -0.0030022982962257514, -0.00034649566801683764, -0.015529477678010526], [0.00033136166331749085, -0.005039838474877989, 0.9999872450324528, 0.0301213617608613], [-0.0030040062842074666, -0.9999827929685027, -0.005038820611692918, 0.034769563047761284], [0.0, 0.0, 0.0, 1.0]]}, "Hobj2base": {"type": "ndarray", "data": [[0.9999832381297493, -0.0021232796664511734, 0.005386570615811297, -0.7335649982082731], [-0.002125724017992211, -0.9999976402483992, 0.0004481015873747846, 0.09021265089065925], [0.005385606459853687, -0.0004595444388867591, -0.9999853919242863, -0.0018451919774918918], [0.0, 0.0, 0.0, 1.0]]}, "mean_rme": {"type": "float", "data": 0.0017339928300293777}, "max_rme": {"type": "float", "data": 0.008179926084707162}, "simu": {"type": "float", "data": 0.002}}, {"type": "dict", "image_number": {"type": "int", "data": 20}, "Hcamera2end": {"type": "ndarray", "data": [[0.9999939183583688, -0.003192916498555575, -0.0014030433026821513, -0.0149899484488086], [0.0013930945176438324, -0.0031159864451706376, 0.9999941749411034, 0.03008678648968609], [-0.0031972697635420646, -0.9999900479068311, -0.0031115194603881235, 0.03392242909558262], [0.0, 0.0, 0.0, 1.0]]}, "Hobj2base": {"type": "ndarray", "data": [[0.9999890391480163, -0.00238341234585083, 0.00403000364973589, -0.7337007633951236], [-0.002381160858642578, -0.999997006329554, -0.000563386985771329, 0.09018611880535403], [0.004031334368730444, 0.0005537847236190306, -0.9999917207985713, -0.0018906911719256015], [0.0, 0.0, 0.0, 1.0]]}, "mean_rme": {"type": "float", "data": 0.0017372936333724233}, "max_rme": {"type": "float", "data": 0.008350452531145164}, "simu": {"type": "float", "data": 0.002}}, {"type": "dict", "image_number": {"type": "int", "data": 21}, "Hcamera2end": {"type": "ndarray", "data": [[0.9999931780259986, -0.0034007882958648787, -0.0014417144065818528, -0.014906514856162869], [0.0014348086426750218, -0.002032202678948769, 0.9999969057334281, 0.030113698799714036], [-0.003403707628798671, -0.9999921523648265, -0.0020273093348761595, 0.03327354836123485], [0.0, 0.0, 0.0, 1.0]]}, "Hobj2base": {"type": "ndarray", "data": [[0.9999919391239952, -0.0025052091480016817, 0.0031377721645586888, -0.7338046864943124], [-0.002502783225867153, -0.9999965663049208, -0.0007768233343984242, 0.0902264686875491], [0.003139707495329563, 0.0007689639089817975, -0.9999947754520275, -0.001859491538689264], [0.0, 0.0, 0.0, 1.0]]}, "mean_rme": {"type": "float", "data": 0.001769925347491627}, "max_rme": {"type": "float", "data": 0.008201038075375061}, "simu": {"type": "float", "data": 0.002}}, {"type": "dict", "image_number": {"type": "int", "data": 22}, "Hcamera2end": {"type": "ndarray", "data": [[0.9999920874611286, -0.0038203811743306934, -0.001108919662308675, -0.015319816232248954], [0.0010975997401871625, -0.002963858262303054, 0.9999950053970328, 0.02998645338907345], [-0.0038236487737469075, -0.9999883100476146, -0.0029596415612749283, 0.03367567953838724], [0.0, 0.0, 0.0, 1.0]]}, "Hobj2base": {"type": "ndarray", "data": [[0.9999870628467666, -0.0030861588814043404, 0.004043483950194939, -0.7334956555197647], [-0.0030842190265530844, -0.9999951257371045, -0.00048589610837676404, 0.09019839441387703], [0.004044963793781459, 0.00047341883213160123, -0.9999917070368711, -0.0018973123738213976], [0.0, 0.0, 0.0, 1.0]]}, "mean_rme": {"type": "float", "data": 0.0017566464232358458}, "max_rme": {"type": "float", "data": 0.008441095298532902}, "simu": {"type": "float", "data": 0.002}}, {"type": "dict", "image_number": {"type": "int", "data": 23}, "Hcamera2end": {"type": "ndarray", "data": [[0.9999923185877506, -0.003762325042230765, -0.001098943024571652, -0.015028375115812304], [0.0010908928388448252, -0.0021410676805291295, 0.9999971128868331, 0.029988520331008933], [-0.0037646670913652506, -0.9999906303258367, -0.0021369469406598007, 0.03311215800502045], [0.0, 0.0, 0.0, 1.0]]}, "Hobj2base": {"type": "ndarray", "data": [[0.9999903189667724, -0.0031066179598338785, 0.0031162313111374428, -0.7334818623892786], [-0.0031052075388519917, -0.999995074250569, -0.00045734094658029124, 0.09052813965622945], [0.0031176367449612464, 0.00044765997408724044, -0.9999950399585369, -0.0017625193010209893], [0.0, 0.0, 0.0, 1.0]]}, "mean_rme": {"type": "float", "data": 0.00176103718071664}, "max_rme": {"type": "float", "data": 0.008254781750824253}, "simu": {"type": "float", "data": 0.002}}, {"type": "dict", "image_number": {"type": "int", "data": 24}, "Hcamera2end": {"type": "ndarray", "data": [[0.9999946549815618, -0.0031598911823683897, -0.0008396999599249578, -0.015254780119942687], [0.0008371150202263291, -0.0008192807655076351, 0.9999993140084997, 0.029797914250588878], [-0.003160576964735861, -0.9999946719191772, -0.0008166311940658311, 0.0325535980915196], [0.0, 0.0, 0.0, 1.0]]}, "Hobj2base": {"type": "ndarray", "data": [[0.9999939179562093, -0.002618827115897751, 0.002303431163982863, -0.7334788875801622], [-0.0026190414678930033, -0.9999965662508385, 9.004621844627001e-05, 0.09031654706680635], [0.0023031874390994846, -9.607845251813441e-05, -0.9999973430447457, -0.0014521988195857944], [0.0, 0.0, 0.0, 1.0]]}, "mean_rme": {"type": "float", "data": 0.0017795099560252443}, "max_rme": {"type": "float", "data": 0.008558725106264126}, "simu": {"type": "float", "data": 0.002}}, {"type": "dict", "image_number": {"type": "int", "data": 25}, "Hcamera2end": {"type": "ndarray", "data": [[0.9999973109758957, -0.0023146748583668135, -0.0001425527190986682, -0.015455521471802652], [0.0001403037524878197, -0.0009717456316882256, 0.9999995180125263, 0.0299030911597517], [-0.002314812267704594, -0.9999968489903994, -0.0009714182610722766, 0.03267509332785365], [0.0, 0.0, 0.0, 1.0]]}, "Hobj2base": {"type": "ndarray", "data": [[0.9999965288494409, -0.0013539285317524076, 0.0022603465664100537, -0.7337595024718822], [-0.001355399865600176, -0.9999988705016742, 0.0006495279673455442, 0.09019297716322955], [0.0022594645989052306, -0.0006525893861684992, -0.9999972344695858, -0.001453683331204636], [0.0, 0.0, 0.0, 1.0]]}, "mean_rme": {"type": "float", "data": 0.0017875362651346947}, "max_rme": {"type": "float", "data": 0.008262791508735573}, "simu": {"type": "float", "data": 0.002}}, {"type": "dict", "image_number": {"type": "int", "data": 26}, "Hcamera2end": {"type": "ndarray", "data": [[0.9999972492766794, -0.0023295964160618358, 0.0002727995837847844, -0.015474764814142837], [-0.00027483618818614016, -0.0008739551940513124, 0.9999995803336059, 0.030007614116006186], [-0.002329357023795325, -0.9999969045866375, -0.0008745930474414187, 0.03279131150164157], [0.0, 0.0, 0.0, 1.0]]}, "Hobj2base": {"type": "ndarray", "data": [[0.9999969083822969, -0.0013373216883758037, 0.0020963770056683924, -0.7339894455335353], [-0.0013389365543532905, -0.999998807867361, 0.0007690986678477618, 0.09032938338626322], [0.0020953459741799257, -0.0007719032058932999, -0.9999975068422369, -0.0014345867723824385], [0.0, 0.0, 0.0, 1.0]]}, "mean_rme": {"type": "float", "data": 0.0017957562707223151}, "max_rme": {"type": "float", "data": 0.008066073693409476}, "simu": {"type": "float", "data": 0.002}}, {"type": "dict", "image_number": {"type": "int", "data": 27}, "Hcamera2end": {"type": "ndarray", "data": [[0.9999973415672097, -0.0022945220851446186, 0.00022809409075062173, -0.015435806677296557], [-0.00022874802291769766, -0.000284738714934063, 0.9999999332991009, 0.02995968560836915], [-0.002294456984879648, -0.9999973270425601, -0.0002852628253660061, 0.03257945139360885], [0.0, 0.0, 0.0, 1.0]]}, "Hobj2base": {"type": "ndarray", "data": [[0.9999975094841841, -0.001298761650016424, 0.0018150051254730033, -0.7339353869849112], [-0.001300394807509238, -0.9999987504586518, 0.0008989185057740648, 0.09038061102833723], [0.0018138353766672622, -0.0009012764902440768, -0.9999979488488537, -0.0013526054750593443], [0.0, 0.0, 0.0, 1.0]]}, "mean_rme": {"type": "float", "data": 0.0017909236504134376}, "max_rme": {"type": "float", "data": 0.008242226378830347}, "simu": {"type": "float", "data": 0.002}}, {"type": "dict", "image_number": {"type": "int", "data": 28}, "Hcamera2end": {"type": "ndarray", "data": [[0.999998253892864, -0.0018526178317010825, 0.0002449865154556727, -0.015464698148412611], [-0.0002453528324511564, -0.0001975047033297983, 0.9999999503969387, 0.0300487449561641], [-0.001852569353816512, -0.9999982643980249, -0.00019795890349771916, 0.03274858439822006], [0.0, 0.0, 0.0, 1.0]]}, "Hobj2base": {"type": "ndarray", "data": [[0.9999976884116568, -0.0010443359452185943, 0.0018795035984049222, -0.7340920912736542], [-0.0010458467669997862, -0.9999991306671858, 0.000803037616306741, 0.09015553049454017], [0.0018786633234426976, -0.0008050014327763042, -0.9999979112962241, -0.001486416797527598], [0.0, 0.0, 0.0, 1.0]]}, "mean_rme": {"type": "float", "data": 0.0018005132706896574}, "max_rme": {"type": "float", "data": 0.008331214134180281}, "simu": {"type": "float", "data": 0.002}}, {"type": "dict", "image_number": {"type": "int", "data": 29}, "Hcamera2end": {"type": "ndarray", "data": [[0.9999982458883943, -0.0017123082662323054, 0.0007590919153106748, -0.015518370870429225], [-0.000760293855277717, -0.0007013996649207765, 0.9999994649957388, 0.02998427268817927], [-0.0017117749233250437, -0.9999982880179904, -0.000702700292040559, 0.033021665145335874], [0.0, 0.0, 0.0, 1.0]]}, "Hobj2base": {"type": "ndarray", "data": [[0.9999969464914462, -0.0007512072986183774, 0.0023542929678049807, -0.7340310105546951], [-0.0007544002078462068, -0.999998796596417, 0.0013556127931148411, 0.0903165085095126], [0.002353271788416099, -0.0013573847328438248, -0.99999630980248, -0.0015758174668602215], [0.0, 0.0, 0.0, 1.0]]}, "mean_rme": {"type": "float", "data": 0.0018052032628252572}, "max_rme": {"type": "float", "data": 0.008247108458944469}, "simu": {"type": "float", "data": 0.002}}, {"type": "dict", "image_number": {"type": "int", "data": 30}, "Hcamera2end": {"type": "ndarray", "data": [[0.9999979396541897, -0.0018610720785340003, 0.0008106158733106443, -0.015409508624994666], [-0.000812301003641508, -0.0009048848983108648, 0.9999992606749266, 0.030102633527177083], [-0.0018603371885346596, -0.9999978587947271, -0.0009063947846523757, 0.03300912256292233], [0.0, 0.0, 0.0, 1.0]]}, "Hobj2base": {"type": "ndarray", "data": [[0.9999964712461137, -0.0009115407035994957, 0.0024953133803687143, -0.7338277024229046], [-0.0009148716736644463, -0.9999986916264583, 0.001334074657678277, 0.09035863552419081], [0.0024940940522145947, -0.0013363528415857593, -0.9999959968199581, -0.001644746279018866], [0.0, 0.0, 0.0, 1.0]]}, "mean_rme": {"type": "float", "data": 0.0018307978616533198}, "max_rme": {"type": "float", "data": 0.00824911098450501}, "simu": {"type": "float", "data": 0.002}}]}