{"type": "list", "data": [{"type": "dict", "image_number": {"type": "int", "data": 5}, "Hcamera2end": {"type": "ndarray", "data": [[0.9994352759212879, 0.007807015283247773, 0.03268301939090591, -0.010713575759884394], [-0.03255419094856543, -0.016094997022582547, 0.9993403703055967, 0.039018906872335765], [0.008327898643927922, -0.9998399879896833, -0.015831756723947876, 0.03585138044285197], [0.0, 0.0, 0.0, 1.0]]}, "Hobj2base": {"type": "ndarray", "data": [[0.9999209735274914, 0.006260671654365336, 0.010901866366364622, -0.7364099668095353], [0.005923023636646456, -0.999510075230553, 0.0307331629289036, 0.1078959061949722], [0.011088935513996513, -0.03066616218327676, -0.9994681695812608, -0.003700084367725043], [0.0, 0.0, 0.0, 1.0]]}, "mean_rme": {"type": "float", "data": 0.0016473417831949174}, "max_rme": {"type": "float", "data": 0.0046209752234006585}, "simu": {"type": "float", "data": 0.002}}, {"type": "dict", "image_number": {"type": "int", "data": 6}, "Hcamera2end": {"type": "ndarray", "data": [[0.9998984186454224, 0.006810222524153836, -0.012520912888247623, -0.017002264439126294], [0.012533004212394287, -0.0017356956909631016, 0.9999199523791295, 0.03707171262798351], [0.006787944887496122, -0.999975303809869, -0.0018208719242263083, 0.03506027959170217], [0.0, 0.0, 0.0, 1.0]]}, "Hobj2base": {"type": "ndarray", "data": [[0.9999611916728993, 0.007991881096504698, -0.0037074229128137774, -0.7422250463889482], [0.007945606575350333, -0.9998923792991941, -0.012332767554238115, 0.07965827290379242], [-0.0038055859292460176, 0.012302831216287155, -0.9999170754916624, -0.007502272781769959], [0.0, 0.0, 0.0, 1.0]]}, "mean_rme": {"type": "float", "data": 0.0019520791152795836}, "max_rme": {"type": "float", "data": 0.005881297497703775}, "simu": {"type": "float", "data": 0.002}}, {"type": "dict", "image_number": {"type": "int", "data": 7}, "Hcamera2end": {"type": "ndarray", "data": [[0.999985716340937, 0.0001258343229373713, -0.005343339763310917, -0.014182294815081676], [0.005343744135691572, -0.0034687008984859435, 0.9999797060504224, 0.03708284843597002], [0.00010729732182405494, -0.9999939761217566, -0.003469323779170086, 0.03517050685426661], [0.0, 0.0, 0.0, 1.0]]}, "Hobj2base": {"type": "ndarray", "data": [[0.9999987503720694, 0.0013046466790996932, -0.0008928333227646427, -0.7389963864422217], [0.0013006784972847043, -0.9999893384056171, -0.004430723478390844, 0.0866881799586529], [-0.0008986043324099959, 0.004429556652530454, -0.9999897857168916, -0.006724808255123164], [0.0, 0.0, 0.0, 1.0]]}, "mean_rme": {"type": "float", "data": 0.0023026684469611347}, "max_rme": {"type": "float", "data": 0.006845868599053562}, "simu": {"type": "float", "data": 0.002}}, {"type": "dict", "image_number": {"type": "int", "data": 8}, "Hcamera2end": {"type": "ndarray", "data": [[0.9999884395141498, -0.0005008883649987427, -0.00478225353795212, -0.014354203859245416], [0.004781127028318059, -0.0022265794728486554, 0.9999860914873716, 0.034933508495489006], [-0.0005115294659481552, -0.9999973957239573, -0.0022241589216080992, 0.03471228584981658], [0.0, 0.0, 0.0, 1.0]]}, "Hobj2base": {"type": "ndarray", "data": [[0.9999984748181159, 0.0007357150321566128, -0.0015840091014588456, -0.7389152617782486], [0.0007291424822751144, -0.9999911398926804, -0.004145900068511951, 0.08634531012468902], [-0.001587045267970435, 0.004144738776932089, -0.9999901511653944, -0.004598247270436354], [0.0, 0.0, 0.0, 1.0]]}, "mean_rme": {"type": "float", "data": 0.002222578520996381}, "max_rme": {"type": "float", "data": 0.007433893804712072}, "simu": {"type": "float", "data": 0.002}}, {"type": "dict", "image_number": {"type": "int", "data": 9}, "Hcamera2end": {"type": "ndarray", "data": [[0.9999916655566616, -0.0012995405419194024, -0.0038704019938050668, -0.013469639700884703], [0.003873709661178484, 0.0025524630789802716, 0.9999892395949525, 0.03486762484123433], [-0.001289647500146797, -0.9999958980548921, 0.002557475848373625, 0.033145465383293], [0.0, 0.0, 0.0, 1.0]]}, "Hobj2base": {"type": "ndarray", "data": [[0.9999911224667901, -7.42294441444449e-05, -0.004213012888525229, -0.7389753582693198], [-8.596031844470841e-05, -0.9999961200636582, -0.002784325493555759, 0.08799277771522944], [-0.004212789863369708, 0.002784662927543232, -0.9999872489456794, -0.004031433777966362], [0.0, 0.0, 0.0, 1.0]]}, "mean_rme": {"type": "float", "data": 0.002289975719035899}, "max_rme": {"type": "float", "data": 0.007289530110151238}, "simu": {"type": "float", "data": 0.002}}, {"type": "dict", "image_number": {"type": "int", "data": 10}, "Hcamera2end": {"type": "ndarray", "data": [[0.9999893785150795, -0.0022949089423652254, -0.0039970301439131006, -0.014413900280703665], [0.003996833110111231, -9.043670491126754e-05, 0.9999920085412144, 0.03466642271969796], [-0.002295252080930642, -0.9999973626035963, -8.126337629366098e-05, 0.03465815161132403], [0.0, 0.0, 0.0, 1.0]]}, "Hobj2base": {"type": "ndarray", "data": [[0.9999986480941723, -0.0003603952055800068, -0.0016043456995428803, -0.7385018251832001], [-0.0003648353464650356, -0.9999961021423105, -0.00276813933087262, 0.08705171239292388], [-0.0016033418218884352, 0.0027687209106280687, -0.999994881726662, -0.004359243349945247], [0.0, 0.0, 0.0, 1.0]]}, "mean_rme": {"type": "float", "data": 0.002307144427903851}, "max_rme": {"type": "float", "data": 0.007616716853271199}, "simu": {"type": "float", "data": 0.002}}, {"type": "dict", "image_number": {"type": "int", "data": 11}, "Hcamera2end": {"type": "ndarray", "data": [[0.999997525732544, -0.0006192505531093664, -0.0021365995278846434, -0.01592297335578775], [0.0021361338371190283, -0.0007517114586248486, 0.9999974359277692, 0.0344971997387303], [-0.0006208550716538223, -0.9999995257292054, -0.0007503867966294209, 0.0331919843428097], [0.0, 0.0, 0.0, 1.0]]}, "Hobj2base": {"type": "ndarray", "data": [[0.9999986784049001, 0.0010658621529676927, -0.0012276507337711405, -0.7366732207775009], [0.001064097659892673, -0.999998401290584, -0.0014370499107621009, 0.08670690305667555], [-0.00122918046822616, 0.0014357416712910093, -0.9999982138790198, -0.004358758086134098], [0.0, 0.0, 0.0, 1.0]]}, "mean_rme": {"type": "float", "data": 0.002490853494915929}, "max_rme": {"type": "float", "data": 0.0066660027254611676}, "simu": {"type": "float", "data": 0.002}}, {"type": "dict", "image_number": {"type": "int", "data": 12}, "Hcamera2end": {"type": "ndarray", "data": [[0.9999971898731703, 0.0022688304077090856, 0.000687498613495455, -0.015957782620588504], [-0.0006855828996306931, -0.0008450316068899788, 0.9999994079486603, 0.03450249745828871], [0.0022694100225030996, -0.9999970691607873, -0.000843473760914426, 0.03266079128515258], [0.0, 0.0, 0.0, 1.0]]}, "Hobj2base": {"type": "ndarray", "data": [[0.9999921630624047, 0.003918694114183003, -0.0005636046597403561, -0.7358685120683209], [0.003918861934289774, -0.9999922771361611, 0.00029696662105828685, 0.0872830846258361], [-0.0005624365857482603, -0.00029917298259645456, -0.9999997970802856, -0.004396837480487928], [0.0, 0.0, 0.0, 1.0]]}, "mean_rme": {"type": "float", "data": 0.002466587270485894}, "max_rme": {"type": "float", "data": 0.007452131271054679}, "simu": {"type": "float", "data": 0.002}}, {"type": "dict", "image_number": {"type": "int", "data": 13}, "Hcamera2end": {"type": "ndarray", "data": [[0.9999894284463118, 0.003942880486567562, -0.002365732251834433, -0.014325077937473639], [0.002358491860939327, 0.0018399592915349094, 0.9999955260229656, 0.03442951946045861], [0.0039472156972488615, -0.9999905340768354, 0.0018306405887702493, 0.031851366084289026], [0.0, 0.0, 0.0, 1.0]]}, "Hobj2base": {"type": "ndarray", "data": [[0.9999790993903522, 0.006025938457896154, -0.0023428290935562416, -0.7363001589502336], [0.006022285275225434, -0.999980643986512, -0.001563244185609458, 0.08728388564341115], [-0.002352203758981854, 0.0015491023277004572, -0.9999960337018612, -0.003802879153541272], [0.0, 0.0, 0.0, 1.0]]}, "mean_rme": {"type": "float", "data": 0.00264067812400845}, "max_rme": {"type": "float", "data": 0.008005709541606565}, "simu": {"type": "float", "data": 0.002}}, {"type": "dict", "image_number": {"type": "int", "data": 14}, "Hcamera2end": {"type": "ndarray", "data": [[0.9999837972536678, 0.005314395062300694, -0.0020402047096003927, -0.014520371379815605], [0.002036327824285103, 0.0007348152651863726, 0.9999976567050135, 0.034492694731702245], [0.005315881782670107, -0.9999856085222665, 0.0007239815086264034, 0.03224682822636633], [0.0, 0.0, 0.0, 1.0]]}, "Hobj2base": {"type": "ndarray", "data": [[0.9999678795188524, 0.007690596224079356, -0.0022571354164409355, -0.7365498872879961], [0.007687540156639516, -0.9999695262438002, -0.0013595256854323284, 0.08699584149002851], [-0.0022675221961494705, 0.001342130197660317, -0.9999965285087853, -0.0038023190662605628], [0.0, 0.0, 0.0, 1.0]]}, "mean_rme": {"type": "float", "data": 0.0025611053782349023}, "max_rme": {"type": "float", "data": 0.007871129261886184}, "simu": {"type": "float", "data": 0.002}}, {"type": "dict", "image_number": {"type": "int", "data": 15}, "Hcamera2end": {"type": "ndarray", "data": [[0.9999831392334344, 0.005526156759230825, -0.0017840516579362084, -0.01470645572401614], [0.0017752834686492122, 0.001591169508439183, 0.9999971582700629, 0.034415845329969885], [0.005528979783985314, -0.9999834647488266, 0.0015813321853617168, 0.031711119984825606], [0.0, 0.0, 0.0, 1.0]]}, "Hobj2base": {"type": "ndarray", "data": [[0.9999692066589788, 0.007429882024192573, -0.002526378221709062, -0.736438508832274], [0.007426891732880668, -0.9999717110507682, -0.001190956500705114, 0.08705555153057444], [-0.0025351554194199925, 0.0011721566896465054, -0.9999960995102399, -0.003813131133618371], [0.0, 0.0, 0.0, 1.0]]}, "mean_rme": {"type": "float", "data": 0.0024666696922025382}, "max_rme": {"type": "float", "data": 0.00787812208950392}, "simu": {"type": "float", "data": 0.002}}, {"type": "dict", "image_number": {"type": "int", "data": 16}, "Hcamera2end": {"type": "ndarray", "data": [[0.9999937050596173, 0.002912735781805708, -0.002026280189062148, -0.014133722081733358], [0.0020249999945896762, 0.0004423981518183462, 0.9999978518271412, 0.03280516500891589], [0.0029136259473564637, -0.9999956601176531, 0.00043649707700599283, 0.032091277700444926], [0.0, 0.0, 0.0, 1.0]]}, "Hobj2base": {"type": "ndarray", "data": [[0.9999865271874213, 0.004907329639518848, -0.0016922054986633864, -0.7363570078959525], [0.004904256369177908, -0.9999863259755859, -0.001815525079529259, 0.08768920410357922], [-0.0017010917394381481, 0.0018072016097053529, -0.9999969201498751, -0.002224864597851598], [0.0, 0.0, 0.0, 1.0]]}, "mean_rme": {"type": "float", "data": 0.0026657401368925006}, "max_rme": {"type": "float", "data": 0.007823844133946628}, "simu": {"type": "float", "data": 0.002}}, {"type": "dict", "image_number": {"type": "int", "data": 17}, "Hcamera2end": {"type": "ndarray", "data": [[0.9999895802534184, 0.003930601565107798, -0.0023215847881271046, -0.013827147568023482], [0.0023248803738129594, -0.0008340816780809668, 0.9999969496148485, 0.032818586973269344], [0.003928653183923259, -0.9999919273069612, -0.0008432111655971575, 0.032542297406000606], [0.0, 0.0, 0.0, 1.0]]}, "Hobj2base": {"type": "ndarray", "data": [[0.9999817730729585, 0.005959802781325794, -0.0009665778136522434, -0.7365752661939715], [0.00595757780039699, -0.9999796343816223, -0.0022886871231920783, 0.08762792896992525], [-0.0009801982525797436, 0.002282886944933892, -0.9999969138145282, -0.0025467312782038896], [0.0, 0.0, 0.0, 1.0]]}, "mean_rme": {"type": "float", "data": 0.0026212938097631856}, "max_rme": {"type": "float", "data": 0.007593849524827417}, "simu": {"type": "float", "data": 0.002}}, {"type": "dict", "image_number": {"type": "int", "data": 18}, "Hcamera2end": {"type": "ndarray", "data": [[0.9999883294016609, 0.0037406210105141832, -0.0030575831846390974, -0.013058188962151464], [0.0030679472028069987, -0.0027680743055382706, 0.999991462695857, 0.032699361689086076], [0.0037321254582444877, -0.999989172700932, -0.002779518028220851, 0.033466823280793936], [0.0, 0.0, 0.0, 1.0]]}, "Hobj2base": {"type": "ndarray", "data": [[0.9999797938838572, 0.006318958936354377, 0.0006946811924673634, -0.7362275687465909], [0.006321090184278249, -0.9999751861679396, -0.003109801806532628, 0.08785546022333718], [0.000675013244849238, 0.0031141301119830523, -0.9999949232624954, -0.0028459230921441627], [0.0, 0.0, 0.0, 1.0]]}, "mean_rme": {"type": "float", "data": 0.0025633012064782273}, "max_rme": {"type": "float", "data": 0.007973441981435903}, "simu": {"type": "float", "data": 0.002}}, {"type": "dict", "image_number": {"type": "int", "data": 19}, "Hcamera2end": {"type": "ndarray", "data": [[0.9999929645683514, 0.0025031877392231987, -0.002793718837339093, -0.01358644057777937], [0.0027997631257181644, -0.0024143946725976306, 0.9999931659890503, 0.032707554265123534], [0.0024964254925331727, -0.9999939523564664, -0.002421386019017868, 0.03325625563577686], [0.0, 0.0, 0.0, 1.0]]}, "Hobj2base": {"type": "ndarray", "data": [[0.9999886683379788, 0.004706296603223453, 0.0007169155586732613, -0.735773606995133], [0.004708464547671398, -0.9999842548748632, -0.0030529271146663177, 0.08785636017913108], [0.0007025362902384348, 0.003056268091419766, -0.9999950828219675, -0.002735935959904804], [0.0, 0.0, 0.0, 1.0]]}, "mean_rme": {"type": "float", "data": 0.0025780778422727774}, "max_rme": {"type": "float", "data": 0.008096302566905439}, "simu": {"type": "float", "data": 0.002}}, {"type": "dict", "image_number": {"type": "int", "data": 20}, "Hcamera2end": {"type": "ndarray", "data": [[0.9999935630175385, 0.0026289673136548593, -0.002441813742273377, -0.01402232796416409], [0.002450438380990571, -0.0032824108409810204, 0.9999916105302145, 0.032739483690210715], [0.00262093022211372, -0.9999911571158691, -0.0032888318345678513, 0.033650444456122516], [0.0, 0.0, 0.0, 1.0]]}, "Hobj2base": {"type": "ndarray", "data": [[0.9999873526548264, 0.004838461476243901, 0.0013725235643483335, -0.7356352114801371], [0.0048421660133097615, -0.9999846080375363, -0.0027087111907572064, 0.0876075940065186], [0.0013593964437704005, 0.0027153229197075554, -0.9999953895207472, -0.0027154323724402655], [0.0, 0.0, 0.0, 1.0]]}, "mean_rme": {"type": "float", "data": 0.0025364973578721134}, "max_rme": {"type": "float", "data": 0.008189582771964687}, "simu": {"type": "float", "data": 0.002}}, {"type": "dict", "image_number": {"type": "int", "data": 21}, "Hcamera2end": {"type": "ndarray", "data": [[0.9999974954407044, 0.0018470089431428449, -0.0012639898268615134, -0.01430787752996176], [0.0012692801886216112, -0.0028659265073509577, 0.9999950876844631, 0.03270541052606151], [0.0018433773681022928, -0.9999941874947166, -0.0028682637013277557, 0.03303131196886075], [0.0, 0.0, 0.0, 1.0]]}, "Hobj2base": {"type": "ndarray", "data": [[0.999991940384003, 0.0037736418705243122, 0.0013706910920269237, -0.7350474618169089], [0.003776020730457855, -0.9999913620436403, -0.0017370968733224224, 0.08800109625904078], [0.0013641240705627622, 0.0017422586309672214, -0.9999975518471942, -0.0027081970300127036], [0.0, 0.0, 0.0, 1.0]]}, "mean_rme": {"type": "float", "data": 0.0025194814313227215}, "max_rme": {"type": "float", "data": 0.008211247293633206}, "simu": {"type": "float", "data": 0.002}}, {"type": "dict", "image_number": {"type": "int", "data": 22}, "Hcamera2end": {"type": "ndarray", "data": [[0.99999851039249, 0.0016126012481583359, -0.0006154104447308287, -0.014788099891371864], [0.0006209863361909212, -0.0034594836977652754, 0.9999938231551808, 0.03262329757465511], [0.0016104622849696898, -0.9999927157183492, -0.0034604799478332726, 0.033406480997937055], [0.0, 0.0, 0.0, 1.0]]}, "Hobj2base": {"type": "ndarray", "data": [[0.9999931971152606, 0.003240931060590732, 0.0017612748394617692, -0.735104094431582], [0.0032430854565719067, -0.9999939948727155, -0.0012217263313715255, 0.08799909894413947], [0.0017573047319672916, 0.0012274299849249944, -0.9999977026452165, -0.002794967510053602], [0.0, 0.0, 0.0, 1.0]]}, "mean_rme": {"type": "float", "data": 0.0024722436488440035}, "max_rme": {"type": "float", "data": 0.008139929175979471}, "simu": {"type": "float", "data": 0.002}}, {"type": "dict", "image_number": {"type": "int", "data": 23}, "Hcamera2end": {"type": "ndarray", "data": [[0.9999986165906266, 0.00158726849345423, -0.0004973887440091872, -0.014898818544959785], [0.0005038007696345437, -0.00404182063588987, 0.9999917049009613, 0.03289343706988902], [0.0015852449708152801, -0.9999905720878955, -0.004042614711486037, 0.033737472769389085], [0.0, 0.0, 0.0, 1.0]]}, "Hobj2base": {"type": "ndarray", "data": [[0.9999937756772193, 0.002639007807171961, 0.0023418464110407703, -0.7349841576826909], [0.002641522562965689, -0.9999959372304872, -0.0010713921174757002, 0.08808171824885118], [0.0023390094844960066, 0.0010775714889191008, -0.999996683931661, -0.003164197013812583], [0.0, 0.0, 0.0, 1.0]]}, "mean_rme": {"type": "float", "data": 0.0024098020638298433}, "max_rme": {"type": "float", "data": 0.008074087902555926}, "simu": {"type": "float", "data": 0.002}}, {"type": "dict", "image_number": {"type": "int", "data": 24}, "Hcamera2end": {"type": "ndarray", "data": [[0.9999981278886803, 0.0016857353495125479, 0.000950008140068648, -0.016004250644021938], [-0.0009415986668858116, -0.004982409042369129, 0.9999871444134093, 0.03270967219810827], [0.001690447007543196, -0.9999861668525548, -0.004980812428587056, 0.033967882377915024], [0.0, 0.0, 0.0, 1.0]]}, "Hobj2base": {"type": "ndarray", "data": [[0.9999915217039379, 0.0026574233140401232, 0.0031455717401911343, -0.734504240189597], [0.002657030118458054, -0.9999964617465025, 0.00012917207626612893, 0.08800214378160737], [0.0031459038752479156, -0.00012081310225356504, -0.9999950443342216, -0.0030630054387221564], [0.0, 0.0, 0.0, 1.0]]}, "mean_rme": {"type": "float", "data": 0.0024327259614213828}, "max_rme": {"type": "float", "data": 0.0083711426152131}, "simu": {"type": "float", "data": 0.002}}, {"type": "dict", "image_number": {"type": "int", "data": 25}, "Hcamera2end": {"type": "ndarray", "data": [[0.9999986129077342, 0.0015864905632536823, 0.0005071787655783148, -0.0159223848598747], [-0.0004985688060940375, -0.005422743171636046, 0.9999851725328935, 0.03274920423343724], [0.0015892173398048787, -0.9999840383247064, -0.005421944675084944, 0.034621822100824165], [0.0, 0.0, 0.0, 1.0]]}, "Hobj2base": {"type": "ndarray", "data": [[0.9999906817543166, 0.002393004498951057, 0.0035930396609409384, -0.73481200688603], [0.0023955741524886273, -0.9999968778169479, -0.0007110420780845463, 0.08774113949285285], [0.003591326915921602, 0.000719642845360388, -0.9999932922200823, -0.0032492258142883435], [0.0, 0.0, 0.0, 1.0]]}, "mean_rme": {"type": "float", "data": 0.0024154542927993334}, "max_rme": {"type": "float", "data": 0.008395719961325543}, "simu": {"type": "float", "data": 0.002}}, {"type": "dict", "image_number": {"type": "int", "data": 26}, "Hcamera2end": {"type": "ndarray", "data": [[0.9999993964033623, 0.001046700608830618, 0.00033408194580776947, -0.015838914770543278], [-0.00032785086215264406, -0.005947598186529346, 0.9999822591374429, 0.032658731010232665], [0.0010486690246340167, -0.9999817650805675, -0.0059472514348821726, 0.034946651139482525], [0.0, 0.0, 0.0, 1.0]]}, "Hobj2base": {"type": "ndarray", "data": [[0.9999893933660097, 0.0015471273138963017, 0.004338150822016876, -0.7346516079102864], [0.0015509038613520547, -0.9999984212303326, -0.000867314277023486, 0.08792455770554107], [0.00433680212746823, 0.0008740331325993886, -0.9999902140588128, -0.003363058741024919], [0.0, 0.0, 0.0, 1.0]]}, "mean_rme": {"type": "float", "data": 0.002384114596127783}, "max_rme": {"type": "float", "data": 0.008473681623845236}, "simu": {"type": "float", "data": 0.002}}, {"type": "dict", "image_number": {"type": "int", "data": 27}, "Hcamera2end": {"type": "ndarray", "data": [[0.9999978000082619, 0.0015435621287780165, 0.0014203501648829663, -0.016233883198039974], [-0.001412761925829177, -0.004906077825342692, 0.999986967167129, 0.03264032532297837], [0.0015505103602389202, -0.9999867738206972, -0.00490388634620631, 0.03444391643116757], [0.0, 0.0, 0.0, 1.0]]}, "Hobj2base": {"type": "ndarray", "data": [[0.9999912056382927, 0.0020117459501191037, 0.00367988101790022, -0.7346219199687349], [0.0020114090273956253, -0.9999979725778925, 9.525664609479204e-05, 0.08797775647669973], [0.003680065189400095, -8.785406247424495e-05, -0.9999932246779801, -0.003232722413034537], [0.0, 0.0, 0.0, 1.0]]}, "mean_rme": {"type": "float", "data": 0.0023537409148073956}, "max_rme": {"type": "float", "data": 0.008685252753668882}, "simu": {"type": "float", "data": 0.002}}, {"type": "dict", "image_number": {"type": "int", "data": 28}, "Hcamera2end": {"type": "ndarray", "data": [[0.999998257073038, 0.001306030639944186, 0.0013342169440198346, -0.01617489187459426], [-0.0013283297512321276, -0.00449823478299316, 0.9999890006514617, 0.03260164415549497], [0.0013120178955236244, -0.9999890300237321, -0.004496492103543304, 0.03465136835236839], [0.0, 0.0, 0.0, 1.0]]}, "Hobj2base": {"type": "ndarray", "data": [[0.9999935155229482, 0.0016102243074088735, 0.003221193836914266, -0.7349655798816527], [0.0016094235944448731, -0.999998673338012, 0.000251153159959883, 0.08820931486622499], [0.003221593976401896, -0.00024596726599957055, -0.9999947804025557, -0.0030927308714740476], [0.0, 0.0, 0.0, 1.0]]}, "mean_rme": {"type": "float", "data": 0.002354125394845139}, "max_rme": {"type": "float", "data": 0.008705235172823872}, "simu": {"type": "float", "data": 0.002}}, {"type": "dict", "image_number": {"type": "int", "data": 29}, "Hcamera2end": {"type": "ndarray", "data": [[0.9999968646858015, 0.0019542396746499643, 0.0015657477002677138, -0.0162812494998508], [-0.0015575326296273517, -0.004198183513816733, 0.999989974623392, 0.03340221670359455], [0.0019607933788433037, -0.9999892780437591, -0.004195126559133122, 0.034468254432011396], [0.0, 0.0, 0.0, 1.0]]}, "Hobj2base": {"type": "ndarray", "data": [[0.9999932538019028, 0.0020630097668264983, 0.0030391349731472804, -0.7350722818072944], [0.0020617835821702783, -0.9999977918832617, 0.00040654281603745806, 0.08801122847316564], [0.0030399669641825947, -0.0004002740348274515, -0.9999952991797281, -0.0038067317628270067], [0.0, 0.0, 0.0, 1.0]]}, "mean_rme": {"type": "float", "data": 0.002341021720007056}, "max_rme": {"type": "float", "data": 0.008436260534829182}, "simu": {"type": "float", "data": 0.002}}, {"type": "dict", "image_number": {"type": "int", "data": 30}, "Hcamera2end": {"type": "ndarray", "data": [[0.9999967455191948, 0.002056271315829191, 0.0015101984288156951, -0.016248576007395453], [-0.0015029505843332242, -0.003521745784321073, 0.9999926691962155, 0.03333324549749426], [0.0020615747766578167, -0.9999916844928793, -0.003518643848691383, 0.0345074312536343], [0.0, 0.0, 0.0, 1.0]]}, "Hobj2base": {"type": "ndarray", "data": [[0.999994381342517, 0.002211640366306933, 0.0025191129960769974, -0.735449089481902], [0.0022113719252917605, -0.9999975489362538, 0.00010934209203629808, 0.08783859165797651], [0.002519348646954944, -0.00010377078192437217, -0.9999968210519572, -0.003870479360100511], [0.0, 0.0, 0.0, 1.0]]}, "mean_rme": {"type": "float", "data": 0.0023977806567854884}, "max_rme": {"type": "float", "data": 0.008467961352380926}, "simu": {"type": "float", "data": 0.002}}]}