{"type": "list", "data": [{"type": "dict", "image_number": {"type": "int", "data": 5}, "Hcamera2end": {"type": "ndarray", "data": [[0.9999981402560243, -0.001701281703897849, -0.0009083639450764706, -0.01893057760911789], [0.0008939874155353588, -0.008432192816985262, 0.9999640488091549, 0.029744821206981503], [-0.0017088800407275135, -0.9999630011979749, -0.008430656210831833, 0.03625077731458054], [0.0, 0.0, 0.0, 1.0]]}, "Hobj2base": {"type": "ndarray", "data": [[0.9999623634233071, 0.002056776300312743, 0.008428606535147945, -0.7345173509977407], [0.002082965803240143, -0.9999930267905814, -0.0030996166979822713, 0.08526938300715316], [0.008422172542545004, 0.0031170565382023785, -0.9999596746710349, 0.00031085007745659257], [0.0, 0.0, 0.0, 1.0]]}, "mean_rme": {"type": "float", "data": 0.001269766457776599}, "max_rme": {"type": "float", "data": 0.005497386096478041}, "simu": {"type": "float", "data": 0.002}}, {"type": "dict", "image_number": {"type": "int", "data": 6}, "Hcamera2end": {"type": "ndarray", "data": [[0.9999953823031079, 0.0005769750289515269, -0.002983701103837318, -0.016295679943339594], [0.0029926608819498958, -0.01620732701509353, 0.9998641740415901, 0.029482865548893112], [0.0005285388412600534, -0.999868486177478, -0.01620897886516892, 0.035531130187750684], [0.0, 0.0, 0.0, 1.0]]}, "Hobj2base": {"type": "ndarray", "data": [[0.9998921230672562, 0.006114548659116829, 0.013354943756910164, -0.7313871409817088], [0.00617972559957555, -0.9999691701488207, -0.004844558121598593, 0.08592927206355928], [0.013324909739615191, 0.0049265653933434055, -0.9998990827747853, -0.0019124711030445902], [0.0, 0.0, 0.0, 1.0]]}, "mean_rme": {"type": "float", "data": 0.0016350129781651601}, "max_rme": {"type": "float", "data": 0.00510435223066652}, "simu": {"type": "float", "data": 0.002}}, {"type": "dict", "image_number": {"type": "int", "data": 7}, "Hcamera2end": {"type": "ndarray", "data": [[0.9999887041662887, 0.004377572821048947, -0.0018515928340735034, -0.014140660544430361], [0.001869040640107783, -0.0039850004597021815, 0.9999903131822937, 0.030075532209590212], [0.00437015181800407, -0.999982478160259, -0.003993137307307215, 0.03329818478817943], [0.0, 0.0, 0.0, 1.0]]}, "Hobj2base": {"type": "ndarray", "data": [[0.9999805973796388, 0.005701128728804248, 0.002510377556915204, -0.7341269180272215], [0.0057042084802667, -0.9999829849955579, -0.0012213619393809337, 0.08900274951662669], [0.00250337170118905, 0.0012356579587077274, -0.9999961031321745, -0.002219585351445127], [0.0, 0.0, 0.0, 1.0]]}, "mean_rme": {"type": "float", "data": 0.0019063109025404823}, "max_rme": {"type": "float", "data": 0.0068649554569935045}, "simu": {"type": "float", "data": 0.002}}, {"type": "dict", "image_number": {"type": "int", "data": 8}, "Hcamera2end": {"type": "ndarray", "data": [[0.9999941691142634, 0.0027147564379989444, -0.0020716744330038276, -0.014388255522834063], [0.002071488008566431, 7.148077995655644e-05, 0.999997851911657, 0.02951166540983495], [0.0027148986913665732, -0.9999963124871913, 6.585677775283738e-05, 0.031737944424001074], [0.0, 0.0, 0.0, 1.0]]}, "Hobj2base": {"type": "ndarray", "data": [[0.9999973335811796, 0.0021674986579998663, 0.00079673088211413, -0.7332935306685755], [0.0021679830569164746, -0.9999974653186072, -0.0006076230947831993, 0.08970470250411404], [0.000795411840412676, 0.0006093487736588892, -0.9999994980069118, -0.0010818413365826993], [0.0, 0.0, 0.0, 1.0]]}, "mean_rme": {"type": "float", "data": 0.0020540226041530617}, "max_rme": {"type": "float", "data": 0.006258854516121848}, "simu": {"type": "float", "data": 0.002}}, {"type": "dict", "image_number": {"type": "int", "data": 9}, "Hcamera2end": {"type": "ndarray", "data": [[0.9999924637515656, 0.00325669900631506, -0.0021133744713030455, -0.014155948421347438], [0.0021139485964235655, -0.00017285833236946324, 0.9999977506681346, 0.029297616137883002], [0.003256326366531427, -0.999994682001649, -0.00017974152395949794, 0.032071027147542785], [0.0, 0.0, 0.0, 1.0]]}, "Hobj2base": {"type": "ndarray", "data": [[0.9999952007994474, 0.0030659481902887155, 0.00044535353077449993, -0.7337448624785067], [0.0030663380458302845, -0.9999949138963593, -0.0008773553448589958, 0.08960196641786257], [0.00044266133962847515, 0.0008787167387299985, -0.9999995159537984, -0.0009697327788175484], [0.0, 0.0, 0.0, 1.0]]}, "mean_rme": {"type": "float", "data": 0.0019255670201766201}, "max_rme": {"type": "float", "data": 0.006526390616243105}, "simu": {"type": "float", "data": 0.002}}, {"type": "dict", "image_number": {"type": "int", "data": 10}, "Hcamera2end": {"type": "ndarray", "data": [[0.9999939186057362, 0.002810948198655862, -0.0020642969187665452, -0.014245959033060331], [0.0020649010249744666, -0.00021202668468722763, 0.9999978456119002, 0.029497908772878594], [0.002810504456750618, -0.9999960267995615, -0.00021782972508588294, 0.03250050320587282], [0.0, 0.0, 0.0, 1.0]]}, "Hobj2base": {"type": "ndarray", "data": [[0.9999946863221395, 0.0031518890493624553, 0.0008324199098638351, -0.7341193575764366], [0.0031521264143304167, -0.9999949917110735, -0.00028399267225827975, 0.08969514701316936], [0.0008315206274706285, 0.000286615055998401, -0.999999613212553, -0.001213181626380655], [0.0, 0.0, 0.0, 1.0]]}, "mean_rme": {"type": "float", "data": 0.0018154102656206725}, "max_rme": {"type": "float", "data": 0.006534748035100846}, "simu": {"type": "float", "data": 0.002}}, {"type": "dict", "image_number": {"type": "int", "data": 11}, "Hcamera2end": {"type": "ndarray", "data": [[0.9999918908696397, -0.0007796126966899263, -0.003950999747619602, -0.013363166470331252], [0.003950199884432157, -0.0010248613640695403, 0.9999916727553572, 0.03030874900830471], [-0.0007836554316550583, -0.99999917093127, -0.0010217734273507695, 0.03258408393277756], [0.0, 0.0, 0.0, 1.0]]}, "Hobj2base": {"type": "ndarray", "data": [[0.9999986198498126, -4.012564602493699e-05, 0.0016609299811948376, -0.7342143402761235], [-3.651820818645e-05, -0.9999976407298017, -0.002171911888340368, 0.08966470999717385], [0.0016610132119798608, 0.0021718482365889326, -0.9999962620481873, -0.0020403543733991266], [0.0, 0.0, 0.0, 1.0]]}, "mean_rme": {"type": "float", "data": 0.0020203084154574655}, "max_rme": {"type": "float", "data": 0.007349395044505241}, "simu": {"type": "float", "data": 0.002}}, {"type": "dict", "image_number": {"type": "int", "data": 12}, "Hcamera2end": {"type": "ndarray", "data": [[0.9999906392227657, -0.0008096457077440889, -0.004250404765732498, -0.013171331107217216], [0.00424919607723769, -0.001488776730075303, 0.9999898638869019, 0.03020930907422642], [-0.000815965404792251, -0.9999985640078067, -0.001485322450602622, 0.033263645585166826], [0.0, 0.0, 0.0, 1.0]]}, "Hobj2base": {"type": "ndarray", "data": [[0.9999981787987171, -0.0003422384300866726, 0.001877570799212712, -0.7346146663022736], [-0.00033768739663806054, -0.9999970058758627, -0.0024236762432053084, 0.089690261632283], [0.0018783946526851757, 0.002423037797207835, -0.9999953002496373, -0.001943334763978626], [0.0, 0.0, 0.0, 1.0]]}, "mean_rme": {"type": "float", "data": 0.0018890785625719823}, "max_rme": {"type": "float", "data": 0.007334133725413056}, "simu": {"type": "float", "data": 0.002}}, {"type": "dict", "image_number": {"type": "int", "data": 13}, "Hcamera2end": {"type": "ndarray", "data": [[0.9999975374887192, -8.286288338764315e-05, -0.002217690293990172, -0.014397996294726505], [0.0022175106577002612, -0.002108480173697469, 0.9999953184679617, 0.03039104753703403], [-8.753845147867938e-05, -0.9999977737200718, -0.002108291232214121, 0.033518806586658983], [0.0, 0.0, 0.0, 1.0]]}, "Hobj2base": {"type": "ndarray", "data": [[0.9999978083427802, 0.00022583618793061962, 0.002081419624316647, -0.7347161291340014], [0.00022790307735238259, -0.9999994811688826, -0.000992835410523344, 0.08942952306987315], [0.002081194326247023, 0.0009933075965060918, -0.9999973409815621, -0.0015599952663841305], [0.0, 0.0, 0.0, 1.0]]}, "mean_rme": {"type": "float", "data": 0.0019146286346827497}, "max_rme": {"type": "float", "data": 0.007331481584203603}, "simu": {"type": "float", "data": 0.002}}, {"type": "dict", "image_number": {"type": "int", "data": 14}, "Hcamera2end": {"type": "ndarray", "data": [[0.9999950244271459, -0.0006842430082346777, -0.0030794370358137226, -0.014123784858024725], [0.0030776327791550116, -0.0026224550597613305, 0.9999918254195561, 0.030555554921695153], [-0.00069231310007095, -0.999996327263738, -0.0026203361628340804, 0.033856728095539586], [0.0, 0.0, 0.0, 1.0]]}, "Hobj2base": {"type": "ndarray", "data": [[0.999996882985325, 0.0001278135776587661, 0.0024935282881310234, -0.7348692279024266], [0.00013143357284523823, -0.999998937723457, -0.0014516463665929847, 0.08935298140932425], [0.002493340099198804, 0.0014519695751218568, -0.9999958375110882, -0.001748319390394449], [0.0, 0.0, 0.0, 1.0]]}, "mean_rme": {"type": "float", "data": 0.0018361743775623875}, "max_rme": {"type": "float", "data": 0.007201066279160895}, "simu": {"type": "float", "data": 0.002}}, {"type": "dict", "image_number": {"type": "int", "data": 15}, "Hcamera2end": {"type": "ndarray", "data": [[0.9999927310641702, -0.00014063155290754614, -0.0038102547931117897, -0.013882131289251271], [0.003809760605132229, -0.003361296164764216, 0.9999870936228249, 0.030956851325467393], [-0.00015343713268654315, -0.9999943409394171, -0.003360735959168082, 0.0342189516151786], [0.0, 0.0, 0.0, 1.0]]}, "Hobj2base": {"type": "ndarray", "data": [[0.9999945679501506, 0.0009139020513558244, 0.003166836470703796, -0.7349792285688088], [0.0009211316852174964, -0.9999969715036499, -0.002282213825793315, 0.08923205220895916], [0.0031647411600540785, 0.0022851185021091143, -0.999992381294388, -0.002298166240331386], [0.0, 0.0, 0.0, 1.0]]}, "mean_rme": {"type": "float", "data": 0.0018071664792633068}, "max_rme": {"type": "float", "data": 0.007434773422336338}, "simu": {"type": "float", "data": 0.002}}, {"type": "dict", "image_number": {"type": "int", "data": 16}, "Hcamera2end": {"type": "ndarray", "data": [[0.9999927887943855, -0.00024248415361406163, -0.003789928846673648, -0.013978515427984126], [0.003789214902875022, -0.0028799535331960335, 0.9999886737948916, 0.031044129528989387], [-0.0002533962261613422, -0.9999958235258194, -0.002879013940690456, 0.03409264623297242], [0.0, 0.0, 0.0, 1.0]]}, "Hobj2base": {"type": "ndarray", "data": [[0.999996047361179, 0.0006646143225981376, 0.002731949820358137, -0.7351094042305113], [0.0006694106695105236, -0.9999982357368726, -0.0017551103950003825, 0.08922387095141993], [0.002730778528973544, 0.0017569322540412153, -0.9999947280049437, -0.002189870487085927], [0.0, 0.0, 0.0, 1.0]]}, "mean_rme": {"type": "float", "data": 0.0017321223591616245}, "max_rme": {"type": "float", "data": 0.0073493635617648545}, "simu": {"type": "float", "data": 0.002}}, {"type": "dict", "image_number": {"type": "int", "data": 17}, "Hcamera2end": {"type": "ndarray", "data": [[0.999995771942736, 0.00033441870290620737, -0.0028886434156229013, -0.014341468974868092], [0.002889277904690387, -0.0019126132341156232, 0.9999939969738848, 0.030538982362010046], [0.0003288918377566392, -0.9999981150355973, -0.00191357137604653, 0.034132376303028844], [0.0, 0.0, 0.0, 1.0]]}, "Hobj2base": {"type": "ndarray", "data": [[0.9999982874578655, 0.000799880349894891, 0.0016689136472688288, -0.7356400052729014], [0.0008017160481364051, -0.9999990741123401, -0.0010995571109085728, 0.08908812837763756], [0.001668032587915675, 0.0011008932227246603, -0.9999980028487043, -0.0015141730271485197], [0.0, 0.0, 0.0, 1.0]]}, "mean_rme": {"type": "float", "data": 0.0017709256641488002}, "max_rme": {"type": "float", "data": 0.0073041569273787355}, "simu": {"type": "float", "data": 0.002}}, {"type": "dict", "image_number": {"type": "int", "data": 18}, "Hcamera2end": {"type": "ndarray", "data": [[0.9999956061227555, 8.57394083525172e-05, -0.002963171263467704, -0.014361037271253796], [0.002963336890042124, -0.0020008014751882186, 0.9999936076935358, 0.030659698638678807], [7.981014284476231e-05, -0.9999979947190949, -0.0020010467586637493, 0.033884839942562035], [0.0, 0.0, 0.0, 1.0]]}, "Hobj2base": {"type": "ndarray", "data": [[0.9999979770974338, 0.000749468170782498, 0.0018665740010376155, -0.7353289147376366], [0.0007517469656651021, -0.9999989726991729, -0.001220441353915418, 0.08910412909131457], [0.0018656574015555342, 0.0012218420764229406, -0.9999975132091081, -0.0016679923541742772], [0.0, 0.0, 0.0, 1.0]]}, "mean_rme": {"type": "float", "data": 0.0017323447149795734}, "max_rme": {"type": "float", "data": 0.007249086187875231}, "simu": {"type": "float", "data": 0.002}}, {"type": "dict", "image_number": {"type": "int", "data": 19}, "Hcamera2end": {"type": "ndarray", "data": [[0.999998652137542, -2.253828076387418e-05, -0.0016417110358449948, -0.014668782767084545], [0.0016415902705730198, -0.0045907036687566904, 0.999988115239981, 0.030497490395514797], [-3.0074621777107825e-05, -0.9999894624104055, -0.004590660482497233, 0.035193555551832484], [0.0, 0.0, 0.0, 1.0]]}, "Hobj2base": {"type": "ndarray", "data": [[0.9999932031651679, 0.0011485399102507934, 0.0035034953320647495, -0.7355337003473381], [0.001149794924067561, -0.9999992755376013, -0.0003562245147392894, 0.08944522504109315], [0.00350308365584193, 0.00036025039468940204, -0.9999937992930521, -0.0017195588683551082], [0.0, 0.0, 0.0, 1.0]]}, "mean_rme": {"type": "float", "data": 0.0017761836658496664}, "max_rme": {"type": "float", "data": 0.00787851954115365}, "simu": {"type": "float", "data": 0.002}}, {"type": "dict", "image_number": {"type": "int", "data": 20}, "Hcamera2end": {"type": "ndarray", "data": [[0.9999986293237649, -4.271552710876519e-05, -0.0016551513450846446, -0.014705609235152906], [0.0016549470864289113, -0.004405802873455489, 0.9999889249642625, 0.0304097917194161], [-5.000732458495345e-05, -0.9999902934911039, -0.004405726142589161, 0.03498552228466853], [0.0, 0.0, 0.0, 1.0]]}, "Hobj2base": {"type": "ndarray", "data": [[0.9999942540890617, 0.0011713973059785988, 0.003181134579448124, -0.7354781919541448], [0.0011725499572466087, -0.9999992475833146, -0.0003604988253790034, 0.08936252177653559], [0.0031807098985565294, 0.000364226793199987, -0.9999948751985608, -0.0015939162189693573], [0.0, 0.0, 0.0, 1.0]]}, "mean_rme": {"type": "float", "data": 0.0017343083726024191}, "max_rme": {"type": "float", "data": 0.007903650427713849}, "simu": {"type": "float", "data": 0.002}}, {"type": "dict", "image_number": {"type": "int", "data": 21}, "Hcamera2end": {"type": "ndarray", "data": [[0.9999985358724777, -0.00045564759912646035, -0.0016494357114855565, -0.014693018595194264], [0.0016473290041047594, -0.004585862429968834, 0.9999881280159909, 0.03041124373028451], [-0.0004632062749454001, -0.9999893810691386, -0.004585105114175647, 0.03513402387696945], [0.0, 0.0, 0.0, 1.0]]}, "Hobj2base": {"type": "ndarray", "data": [[0.9999935892982751, 0.001016478069384292, 0.0034333853100356453, -0.7353982455479106], [0.0010175336713252208, -0.9999994355802737, -0.00030571941729712034, 0.089427725696042], [0.00343307261508218, 0.0003092110425807192, -0.9999940591828289, -0.0016352128181969887], [0.0, 0.0, 0.0, 1.0]]}, "mean_rme": {"type": "float", "data": 0.0016922669087045513}, "max_rme": {"type": "float", "data": 0.007803738626469381}, "simu": {"type": "float", "data": 0.002}}, {"type": "dict", "image_number": {"type": "int", "data": 22}, "Hcamera2end": {"type": "ndarray", "data": [[0.9999979551699997, 0.0005765473346584265, -0.0019383624507073147, -0.014390617138965625], [0.0019404741233950817, -0.0036848911428499775, 0.9999913280311193, 0.031009847950424392], [0.0005693996802316379, -0.9999930445610291, -0.0036860023830578292, 0.034569409290256654], [0.0, 0.0, 0.0, 1.0]]}, "Hobj2base": {"type": "ndarray", "data": [[0.9999959251454733, 0.0015174292500097933, 0.0024180779392015553, -0.7355906777390526], [0.0015188300641955958, -0.999998679778598, -0.0005775779573395396, 0.08913764177712286], [0.0024171983131166808, 0.000581248253265013, -0.9999969096466161, -0.002129393430988222], [0.0, 0.0, 0.0, 1.0]]}, "mean_rme": {"type": "float", "data": 0.0017333522620221228}, "max_rme": {"type": "float", "data": 0.007916141571871982}, "simu": {"type": "float", "data": 0.002}}, {"type": "dict", "image_number": {"type": "int", "data": 23}, "Hcamera2end": {"type": "ndarray", "data": [[0.9999972181707273, 0.0008557212737458066, -0.002198042744935809, -0.014415083291321455], [0.0022015206465592317, -0.004084790171472008, 0.9999892338400937, 0.030770106935635436], [0.000846733517512749, -0.9999912910772557, -0.004086662696335175, 0.034766785768113165], [0.0, 0.0, 0.0, 1.0]]}, "Hobj2base": {"type": "ndarray", "data": [[0.9999953611302115, 0.0018206190158679366, 0.002441938667719587, -0.735663999543572], [0.001822111325659668, -0.9999981544938588, -0.0006090313560227072, 0.08916109654743477], [0.002440825347038745, 0.0006134780149085677, -0.9999968330031599, -0.0018061048152034282], [0.0, 0.0, 0.0, 1.0]]}, "mean_rme": {"type": "float", "data": 0.001736970699646452}, "max_rme": {"type": "float", "data": 0.008079328623629312}, "simu": {"type": "float", "data": 0.002}}, {"type": "dict", "image_number": {"type": "int", "data": 24}, "Hcamera2end": {"type": "ndarray", "data": [[0.9999980199846606, 0.0003457905628067781, -0.0019597080509406177, -0.01425097198242007], [0.001961190909466626, -0.00434139153598867, 0.9999886529604963, 0.030758238437113283], [0.00033727877916223993, -0.999990516329239, -0.004342061101275219, 0.03486163429808235], [0.0, 0.0, 0.0, 1.0]]}, "Hobj2base": {"type": "ndarray", "data": [[0.999995457416355, 0.0013925680705703892, 0.002673181779041646, -0.7356758199719637], [0.0013943433856541025, -0.9999988085343181, -0.00066237184960709, 0.08950503725381281], [0.0026722561961486876, 0.0006660961740598169, -0.9999962076741635, -0.0019643007317308816], [0.0, 0.0, 0.0, 1.0]]}, "mean_rme": {"type": "float", "data": 0.001729430952478357}, "max_rme": {"type": "float", "data": 0.008174142945246876}, "simu": {"type": "float", "data": 0.002}}, {"type": "dict", "image_number": {"type": "int", "data": 25}, "Hcamera2end": {"type": "ndarray", "data": [[0.9999976893723489, 0.0005071272002330582, -0.0020890361332606736, -0.014125458509315564], [0.0020910190974969805, -0.003941670282333831, 0.9999900453877123, 0.0308950543598573], [0.0004988878603332038, -0.9999921029975126, -0.003942721587262055, 0.034796116643285635], [0.0, 0.0, 0.0, 1.0]]}, "Hobj2base": {"type": "ndarray", "data": [[0.9999962673575231, 0.001339276126488939, 0.0023815143245982666, -0.7357547274888878], [0.0013402858054941897, -0.9999990125972849, -0.00042241971505910003, 0.08959596032796117], [0.0023809462364448183, 0.00042561004816216863, -0.9999970749712754, -0.0020238984888078914], [0.0, 0.0, 0.0, 1.0]]}, "mean_rme": {"type": "float", "data": 0.0016992334826719147}, "max_rme": {"type": "float", "data": 0.008033981796641054}, "simu": {"type": "float", "data": 0.002}}, {"type": "dict", "image_number": {"type": "int", "data": 26}, "Hcamera2end": {"type": "ndarray", "data": [[0.9999988181427191, 0.0008731658227729602, -0.0012654227005461371, -0.014377110816069122], [0.001268960981259079, -0.0040636588603353285, 0.9999909381662891, 0.030725194656738123], [0.0008680156641203284, -0.9999913620917499, -0.004064762071029682, 0.03459827394843091], [0.0, 0.0, 0.0, 1.0]]}, "Hobj2base": {"type": "ndarray", "data": [[0.9999952135669736, 0.001894606036732662, 0.0024460807648747146, -0.7354960676097192], [0.0018937718555870813, -0.9999981478853395, 0.0003432987749943502, 0.08963303416774243], [0.0024467266503841777, -0.00033866481290874295, -0.9999969494127681, -0.001862576433479507], [0.0, 0.0, 0.0, 1.0]]}, "mean_rme": {"type": "float", "data": 0.0017097264879911101}, "max_rme": {"type": "float", "data": 0.00806468604184446}, "simu": {"type": "float", "data": 0.002}}, {"type": "dict", "image_number": {"type": "int", "data": 27}, "Hcamera2end": {"type": "ndarray", "data": [[0.9999981883831587, 0.0011398119771712217, -0.00152448648974761, -0.014188778766276458], [0.0015286025486404, -0.003619065635825258, 0.9999922828393086, 0.030805935488226653], [0.0011342859643917102, -0.9999928015703814, -0.003620801398958262, 0.03432272421579438], [0.0, 0.0, 0.0, 1.0]]}, "Hobj2base": {"type": "ndarray", "data": [[0.9999960966458188, 0.0019796221931649032, 0.001971747726900832, -0.7355539902074592], [0.0019798876049736008, -0.9999980312206549, -0.00013266456040632687, 0.08957207621374057], [0.001971481219256607, 0.00013656788145418615, -0.9999980473036014, -0.001958757935643635], [0.0, 0.0, 0.0, 1.0]]}, "mean_rme": {"type": "float", "data": 0.0017040243707115053}, "max_rme": {"type": "float", "data": 0.008084806885453322}, "simu": {"type": "float", "data": 0.002}}, {"type": "dict", "image_number": {"type": "int", "data": 28}, "Hcamera2end": {"type": "ndarray", "data": [[0.9999988381327538, 0.0006184227746931154, -0.001393300546959874, -0.014000588405951092], [0.0013956332210224031, -0.003787706795953971, 0.9999918527093811, 0.030821095537261964], [0.0006131403222725182, -0.9999926353881311, -0.003788565486510631, 0.034386326271165966], [0.0, 0.0, 0.0, 1.0]]}, "Hobj2base": {"type": "ndarray", "data": [[0.9999959870433621, 0.001484159210593766, 0.0024131242424540065, -0.7353788642848161], [0.0014835331048644036, -0.9999988654441285, 0.0002612278351635131, 0.08990964248310282], [0.0024135092083273505, -0.0002576468371677067, -0.9999970542913654, -0.0020369697870288744], [0.0, 0.0, 0.0, 1.0]]}, "mean_rme": {"type": "float", "data": 0.0016992751799147538}, "max_rme": {"type": "float", "data": 0.007959929252414455}, "simu": {"type": "float", "data": 0.002}}, {"type": "dict", "image_number": {"type": "int", "data": 29}, "Hcamera2end": {"type": "ndarray", "data": [[0.9999971966905583, 0.00139677401663008, -0.0019119710696915686, -0.013738385268172901], [0.0019180128720446567, -0.00433708304773428, 0.9999887554054094, 0.030536764648380524], [0.0013884659331584105, -0.9999896193126125, -0.004339749920091673, 0.03502752003289869], [0.0, 0.0, 0.0, 1.0]]}, "Hobj2base": {"type": "ndarray", "data": [[0.9999941385040441, 0.0020235206243069005, 0.002761941678923069, -0.7356541019608756], [0.002024463804738302, -0.9999978933989468, -0.0003387387948175201, 0.08970217570337968], [0.0027612504156762545, 0.0003443282602612221, -0.9999961284596008, -0.0017301919670497426], [0.0, 0.0, 0.0, 1.0]]}, "mean_rme": {"type": "float", "data": 0.001774889500478387}, "max_rme": {"type": "float", "data": 0.007982919557668555}, "simu": {"type": "float", "data": 0.002}}, {"type": "dict", "image_number": {"type": "int", "data": 30}, "Hcamera2end": {"type": "ndarray", "data": [[0.9999976526801757, 5.985844636652391e-05, -0.002165883446764171, -0.013514473958098471], [0.0021661804425457537, -0.005511066370889495, 0.9999824677511834, 0.030376115708083715], [4.792106948662048e-05, -0.9999848121668761, -0.005511183098850125, 0.03556911148312999], [0.0, 0.0, 0.0, 1.0]]}, "Hobj2base": {"type": "ndarray", "data": [[0.9999916662933469, 0.0010696240460924685, 0.003939955362126389, -0.7356279733620941], [0.001072308891614968, -0.999999194290291, -0.0006793912050286046, 0.08993831744031187], [0.0039392254944964995, 0.0006836103923489734, -0.9999920075577278, -0.001755694485117145], [0.0, 0.0, 0.0, 1.0]]}, "mean_rme": {"type": "float", "data": 0.0018326316910547492}, "max_rme": {"type": "float", "data": 0.008237494891347064}, "simu": {"type": "float", "data": 0.002}}]}