{"type": "list", "data": [{"type": "dict", "image_number": {"type": "int", "data": 5}, "Hcamera2end": {"type": "ndarray", "data": [[0.9998964075358999, 0.011445486440727888, 0.008727831170265083, -0.017225106603203515], [-0.008643373464986373, -0.007407948548430632, 0.9999352050975346, 0.02549395335940483], [0.011509400155799007, -0.999907057250042, -0.007308253526990827, 0.03770533714729093], [0.0, 0.0, 0.0, 1.0]]}, "Hobj2base": {"type": "ndarray", "data": [[0.999954100055763, 0.009416036817264283, 0.0017708846165231183, -0.738896539356263], [0.009395935905459337, -0.9998949583591155, 0.011035788892627563, 0.09356126543661367], [0.0018746119944177194, -0.011018643232179964, -0.9999375357147025, 0.00441471496688659], [0.0, 0.0, 0.0, 1.0]]}, "mean_rme": {"type": "float", "data": 0.0014230360701517695}, "max_rme": {"type": "float", "data": 0.004996167771149251}, "simu": {"type": "float", "data": 0.002}}, {"type": "dict", "image_number": {"type": "int", "data": 6}, "Hcamera2end": {"type": "ndarray", "data": [[0.9999237603949588, 0.011591907368816743, 0.004254536538551767, -0.017406171417169745], [-0.004137874499821222, -0.01006955782878749, 0.9999407392439595, 0.02516793667323974], [0.011634061725331752, -0.9998821088951865, -0.010020824271769868, 0.03720555151913475], [0.0, 0.0, 0.0, 1.0]]}, "Hobj2base": {"type": "ndarray", "data": [[0.9999339936596678, 0.011336445790593995, 0.0018690427133363449, -0.7373165680121899], [0.0113209982876367, -0.9999032847990754, 0.008078121427094322, 0.09101423326627354], [0.0019604391341428782, -0.008056428790504961, -0.9999656247259427, 0.004836353265454276], [0.0, 0.0, 0.0, 1.0]]}, "mean_rme": {"type": "float", "data": 0.0012721583683594285}, "max_rme": {"type": "float", "data": 0.004951231674408918}, "simu": {"type": "float", "data": 0.002}}, {"type": "dict", "image_number": {"type": "int", "data": 7}, "Hcamera2end": {"type": "ndarray", "data": [[0.9999576093149342, 0.008479644019842707, -0.0035882043501173737, -0.016320733443071403], [0.003621687970600116, -0.003936654787923821, 0.9999856929603165, 0.02420793593843105], [0.008465397179404274, -0.9999562982382667, -0.003967198535172134, 0.036839095406803135], [0.0, 0.0, 0.0, 1.0]]}, "Hobj2base": {"type": "ndarray", "data": [[0.9999705589141591, 0.007621906866934362, -0.000887603862167128, -0.7386513225301137], [0.0076207425232024464, -0.9999701064471684, -0.001307859103130399, 0.08868017486087217], [-0.0008975457088133131, 0.0013010563978421, -0.9999987508311949, 0.005830188163472765], [0.0, 0.0, 0.0, 1.0]]}, "mean_rme": {"type": "float", "data": 0.0016723945120410792}, "max_rme": {"type": "float", "data": 0.00399330350498206}, "simu": {"type": "float", "data": 0.002}}, {"type": "dict", "image_number": {"type": "int", "data": 8}, "Hcamera2end": {"type": "ndarray", "data": [[0.9999522073337842, 0.009469924144078686, -0.0024297294084011144, -0.016158583577594844], [0.002419626610734143, 0.0010781409883749982, 0.9999964915033822, 0.024243709593960033], [0.009472510509747713, -0.9999545780427802, 0.0010551757806820383, 0.03473523000446792], [0.0, 0.0, 0.0, 1.0]]}, "Hobj2base": {"type": "ndarray", "data": [[0.9999664799184881, 0.006792705502643501, -0.00457145396809274, -0.7386294197285952], [0.006790574133101591, -0.9999768278162355, -0.0004815947695338404, 0.0895864206109625], [-0.004574619368962377, 0.0004505358293715148, -0.9999894348817371, 0.0061181101171711855], [0.0, 0.0, 0.0, 1.0]]}, "mean_rme": {"type": "float", "data": 0.0017053767259382325}, "max_rme": {"type": "float", "data": 0.0041637225536546845}, "simu": {"type": "float", "data": 0.002}}, {"type": "dict", "image_number": {"type": "int", "data": 9}, "Hcamera2end": {"type": "ndarray", "data": [[0.9999594100941712, 0.008960227665825611, -0.0009447138686737898, -0.01709522743301553], [0.000942018898095703, 0.0003049859927594101, 0.9999995097918496, 0.026944824635790808], [0.008960511397946094, -0.9999598098442358, 0.0002965329096142888, 0.03506812831130265], [0.0, 0.0, 0.0, 1.0]]}, "Hobj2base": {"type": "ndarray", "data": [[0.9999734725199503, 0.006641703840371527, -0.00299032213799368, -0.7385678601642064], [0.006645893313106899, -0.9999769451981511, 0.001393260293310918, 0.08814083111292174], [-0.0029809995744686036, -0.0014130966955272109, -0.9999945583848275, 0.0039414271949137734], [0.0, 0.0, 0.0, 1.0]]}, "mean_rme": {"type": "float", "data": 0.0017420311705833196}, "max_rme": {"type": "float", "data": 0.004175383478468953}, "simu": {"type": "float", "data": 0.002}}, {"type": "dict", "image_number": {"type": "int", "data": 10}, "Hcamera2end": {"type": "ndarray", "data": [[0.9999661452875063, 0.008221825456934069, -0.00033145889886729545, -0.017397073292196606], [0.00033396007853344224, -0.000302841168296375, 0.9999998983789411, 0.027657791693294676], [0.008221724242023287, -0.9999661543639276, -0.00030557667717090453, 0.033909839902587155], [0.0, 0.0, 0.0, 1.0]]}, "Hobj2base": {"type": "ndarray", "data": [[0.9999778299371181, 0.006317244459505161, -0.0021052450429471497, -0.7373824399628915], [0.006321430713815244, -0.9999780438374966, 0.001987801968042147, 0.08873012629573285], [-0.0020926413888756696, -0.0020010660590221124, -0.9999958082845373, 0.0028911069282613723], [0.0, 0.0, 0.0, 1.0]]}, "mean_rme": {"type": "float", "data": 0.0018022353621022181}, "max_rme": {"type": "float", "data": 0.005974465532383677}, "simu": {"type": "float", "data": 0.002}}, {"type": "dict", "image_number": {"type": "int", "data": 11}, "Hcamera2end": {"type": "ndarray", "data": [[0.9999645547046531, 0.008327506062500354, -0.0012417637069667745, -0.016827621109346887], [0.0012436853407985895, -0.00022558290202545628, 0.9999992011792446, 0.02836770522224861], [0.008327219289655024, -0.9999653002755312, -0.00023593170338820357, 0.03387827407247858], [0.0, 0.0, 0.0, 1.0]]}, "Hobj2base": {"type": "ndarray", "data": [[0.9999778107737122, 0.00639594361436665, -0.0018627574978628235, -0.737435078868813], [0.0063965628200950845, -0.9999794884329669, 0.0003266457257258858, 0.08820018216019822], [-0.0018606300821439234, -0.00033855372306364445, -0.9999982117169379, 0.0021180796506558926], [0.0, 0.0, 0.0, 1.0]]}, "mean_rme": {"type": "float", "data": 0.0017875107366887683}, "max_rme": {"type": "float", "data": 0.006181265877313574}, "simu": {"type": "float", "data": 0.002}}, {"type": "dict", "image_number": {"type": "int", "data": 12}, "Hcamera2end": {"type": "ndarray", "data": [[0.9999687663043895, 0.007856670512679862, -0.0008597349198972795, -0.016378935366218938], [0.0008495232731981638, 0.0013029871093530598, 0.9999987902666689, 0.028709684006283386], [0.007857781231721758, -0.9999682869736661, 0.001296271987800024, 0.03261266282731632], [0.0, 0.0, 0.0, 1.0]]}, "Hobj2base": {"type": "ndarray", "data": [[0.9999775549018571, 0.005916063177886323, -0.0031448193872818954, -0.737144824563308], [0.005917538033693392, -0.9999823854711045, 0.00045988165704505295, 0.08897178394225526], [-0.0031420433038324984, -0.00047848092328946337, -0.9999949492971865, 0.0018933836738841507], [0.0, 0.0, 0.0, 1.0]]}, "mean_rme": {"type": "float", "data": 0.001771118471723509}, "max_rme": {"type": "float", "data": 0.005505996357832055}, "simu": {"type": "float", "data": 0.002}}, {"type": "dict", "image_number": {"type": "int", "data": 13}, "Hcamera2end": {"type": "ndarray", "data": [[0.999975065492894, 0.007016121543250502, -0.0008015179177875138, -0.01695860510886477], [0.0007902695388752523, 0.0016058444950070028, 0.9999983983674742, 0.029143101471535305], [0.007017397419137962, -0.9999740973154995, 0.001600259826929351, 0.033037084717717054], [0.0, 0.0, 0.0, 1.0]]}, "Hobj2base": {"type": "ndarray", "data": [[0.9999808378962641, 0.0048407513137663635, -0.0038588815742259456, -0.7378280154057744], [0.004843595152286701, -0.9999880047620289, 0.0007279547085106276, 0.08887660881571716], [-0.0038553114383115743, -0.0007466316194531574, -0.9999922895277438, 0.0015933275645235638], [0.0, 0.0, 0.0, 1.0]]}, "mean_rme": {"type": "float", "data": 0.0018690591990934069}, "max_rme": {"type": "float", "data": 0.0054025394823198625}, "simu": {"type": "float", "data": 0.002}}, {"type": "dict", "image_number": {"type": "int", "data": 14}, "Hcamera2end": {"type": "ndarray", "data": [[0.9999590430388055, 0.008818417194022439, 0.002036605781345725, -0.017574583766048063], [-0.002039061470513131, 0.0002694909056440986, 0.9999978847992484, 0.028792890210293808], [0.008817849694563309, -0.9999610806890654, 0.000287461162846836, 0.03361481784913173], [0.0, 0.0, 0.0, 1.0]]}, "Hobj2base": {"type": "ndarray", "data": [[0.9999675957088465, 0.007253362955277846, -0.003492314147928072, -0.7376928931064557], [0.007265637008254168, -0.999967427730988, 0.0035148251642810424, 0.08924386023416668], [-0.003466706092691297, -0.0035400851557807014, -0.9999877247976381, 0.001605279213865829], [0.0, 0.0, 0.0, 1.0]]}, "mean_rme": {"type": "float", "data": 0.001956617698009448}, "max_rme": {"type": "float", "data": 0.005833546680781704}, "simu": {"type": "float", "data": 0.002}}, {"type": "dict", "image_number": {"type": "int", "data": 15}, "Hcamera2end": {"type": "ndarray", "data": [[0.9999629335854102, 0.007505739548830801, 0.004218451029174485, -0.018263149127630326], [-0.004226180702109573, 0.0010142725591775203, 0.999990555279323, 0.02812058135169622], [0.007501390000096162, -0.9999713171511474, 0.001045955575366686, 0.033443787421325664], [0.0, 0.0, 0.0, 1.0]]}, "Hobj2base": {"type": "ndarray", "data": [[0.9999753652007639, 0.006014337258202852, -0.003618941688311404, -0.7375864561707279], [0.006031885928319196, -0.999970008129828, 0.004857900058595658, 0.08962462552595585], [-0.003589616100163091, -0.00487960942864814, -0.9999816518657114, 0.002602508470133972], [0.0, 0.0, 0.0, 1.0]]}, "mean_rme": {"type": "float", "data": 0.002141715543426303}, "max_rme": {"type": "float", "data": 0.0069485802286722576}, "simu": {"type": "float", "data": 0.002}}, {"type": "dict", "image_number": {"type": "int", "data": 16}, "Hcamera2end": {"type": "ndarray", "data": [[0.999977903577726, 0.00546855783658993, 0.0037798454312368674, -0.018053903602641735], [-0.0037918930215338122, 0.002194377064629771, 0.9999904030822552, 0.027912736307745347], [0.005460210949168038, -0.999982639641552, 0.002215064763046004, 0.033089696502656876], [0.0, 0.0, 0.0, 1.0]]}, "Hobj2base": {"type": "ndarray", "data": [[0.9999865579063789, 0.0038434352469485845, -0.0034802316093532773, -0.7371851212109805], [0.0038579020010262384, -0.9999839065781997, 0.004159708734171631, 0.09009779882158124], [-0.0034641880293520694, -0.004173079211467149, -0.9999852922974379, 0.0026246647118922176], [0.0, 0.0, 0.0, 1.0]]}, "mean_rme": {"type": "float", "data": 0.0021894098078805626}, "max_rme": {"type": "float", "data": 0.00683165194613386}, "simu": {"type": "float", "data": 0.002}}, {"type": "dict", "image_number": {"type": "int", "data": 17}, "Hcamera2end": {"type": "ndarray", "data": [[0.9999805251196011, 0.005243841601976284, 0.0033840075029622574, -0.018260831612181432], [-0.0034059421956163603, 0.004179674198437011, 0.9999854648350422, 0.028006811365272437], [0.005229621333026136, -0.9999775159716585, 0.004197453021161146, 0.03221100466331927], [0.0, 0.0, 0.0, 1.0]]}, "Hobj2base": {"type": "ndarray", "data": [[0.9999805601945384, 0.003626601612191373, -0.005072178404161499, -0.7370282325819939], [0.0036465074403941125, -0.9999856651062715, 0.003920786331149798, 0.08977941468509265], [-0.005057886564993498, -0.003939205848116044, -0.9999794500092396, 0.0030055585261117945], [0.0, 0.0, 0.0, 1.0]]}, "mean_rme": {"type": "float", "data": 0.0021986110712571352}, "max_rme": {"type": "float", "data": 0.006659818924849542}, "simu": {"type": "float", "data": 0.002}}, {"type": "dict", "image_number": {"type": "int", "data": 18}, "Hcamera2end": {"type": "ndarray", "data": [[0.9999713530847906, 0.006719183319006272, 0.0034850516924003335, -0.017960578356284874], [-0.0035132814510055533, 0.004194151855759443, 0.9999850328598209, 0.02772979880378587], [0.0067044659160245485, -0.9999686303408405, 0.0042176380883673925, 0.03195927803825408], [0.0, 0.0, 0.0, 1.0]]}, "Hobj2base": {"type": "ndarray", "data": [[0.9999726252688068, 0.0049033295105940945, -0.005541306048312725, -0.7367433079636118], [0.004925714984009401, -0.999979734522795, 0.004033345462107427, 0.08975423510163985], [-0.005521416929270545, -0.004060529944592749, -0.9999765127500058, 0.003324901332359526], [0.0, 0.0, 0.0, 1.0]]}, "mean_rme": {"type": "float", "data": 0.002232538941095073}, "max_rme": {"type": "float", "data": 0.006464241190896697}, "simu": {"type": "float", "data": 0.002}}, {"type": "dict", "image_number": {"type": "int", "data": 19}, "Hcamera2end": {"type": "ndarray", "data": [[0.9999799873655677, 0.005817330316407751, 0.0024866717412628647, -0.017269233135391547], [-0.00250548587215733, 0.003229103037410308, 0.9999916476821786, 0.02790787123943056], [0.005809252008943321, -0.9999778655358147, 0.003243613653473032, 0.03234881305805809], [0.0, 0.0, 0.0, 1.0]]}, "Hobj2base": {"type": "ndarray", "data": [[0.9999803559512432, 0.004598194714275762, -0.004259614653291975, -0.7366683731013692], [0.004613307834959085, -0.99998307505058, 0.0035449969260894945, 0.09001788227577874], [-0.004243241973401751, -0.003564578201650974, -0.9999846442219997, 0.0029743540144318422], [0.0, 0.0, 0.0, 1.0]]}, "mean_rme": {"type": "float", "data": 0.002244410411008809}, "max_rme": {"type": "float", "data": 0.006649750019519923}, "simu": {"type": "float", "data": 0.002}}, {"type": "dict", "image_number": {"type": "int", "data": 20}, "Hcamera2end": {"type": "ndarray", "data": [[0.9999804878954399, 0.00597219047300853, 0.0018321488345938138, -0.016775817194005303], [-0.0018458301822731633, 0.0022861361609379793, 0.9999956832368788, 0.027810367407640854], [0.005967976150773957, -0.9999795530521651, 0.002297115203039546, 0.03278299223526557], [0.0, 0.0, 0.0, 1.0]]}, "Hobj2base": {"type": "ndarray", "data": [[0.9999810749035164, 0.004977380296568301, -0.003616008875988984, -0.7367189248641177], [0.004988033957173775, -0.9999832283207899, 0.0029432285628174354, 0.09001523041695333], [-0.0036012986615912308, -0.0029612096369957858, -0.999989130883649, 0.002639796674076644], [0.0, 0.0, 0.0, 1.0]]}, "mean_rme": {"type": "float", "data": 0.0022386092559300162}, "max_rme": {"type": "float", "data": 0.006635646693640723}, "simu": {"type": "float", "data": 0.002}}, {"type": "dict", "image_number": {"type": "int", "data": 21}, "Hcamera2end": {"type": "ndarray", "data": [[0.9999867037253709, 0.004921814898876154, 0.0015388666506222766, -0.016572718554684573], [-0.0015423382235974718, 0.0007016262912944438, 0.9999985644556453, 0.027629241802031537], [0.004920728124091688, -0.9999876416529598, 0.0007092080655266564, 0.03317732819257612], [0.0, 0.0, 0.0, 1.0]]}, "Hobj2base": {"type": "ndarray", "data": [[0.9999865252234611, 0.00457167874922685, -0.0024594968839431693, -0.7362172856564656], [0.004577909008161183, -0.9999863119546866, 0.0025335059458671287, 0.09010703749850843], [-0.0024478808429446125, -0.002544731160381196, -0.9999937660919194, 0.002677300277904854], [0.0, 0.0, 0.0, 1.0]]}, "mean_rme": {"type": "float", "data": 0.0022325108500976616}, "max_rme": {"type": "float", "data": 0.006583522007920367}, "simu": {"type": "float", "data": 0.002}}, {"type": "dict", "image_number": {"type": "int", "data": 22}, "Hcamera2end": {"type": "ndarray", "data": [[0.9999872189335337, 0.004764042804684663, 0.001692886804240374, -0.016208420546157024], [-0.001693540700451022, 0.0001332258489874505, 0.9999985570843436, 0.027793913531384322], [0.004763810394290978, -0.9999886430090236, 0.00014129224660741624, 0.03298034561539484], [0.0, 0.0, 0.0, 1.0]]}, "Hobj2base": {"type": "ndarray", "data": [[0.999988296583813, 0.004388276996473427, -0.002037086253995605, -0.7359215144911432], [0.00439413063390678, -0.9999862042476018, 0.002878008069203787, 0.09059000665951732], [-0.0020244286542522786, -0.0028869256097901557, -0.9999937836552524, 0.0021829311848593617], [0.0, 0.0, 0.0, 1.0]]}, "mean_rme": {"type": "float", "data": 0.0022781468679382924}, "max_rme": {"type": "float", "data": 0.00679216155255688}, "simu": {"type": "float", "data": 0.002}}, {"type": "dict", "image_number": {"type": "int", "data": 23}, "Hcamera2end": {"type": "ndarray", "data": [[0.9999872183329548, 0.004741387663049512, 0.001755680423088373, -0.016242975308593595], [-0.0017552020064119376, -0.00010506143677857516, 0.9999984541128107, 0.027773417090570705], [0.0047415647877068375, -0.9999887540393259, -9.673800077902861e-05, 0.03312060978400968], [0.0, 0.0, 0.0, 1.0]]}, "Hobj2base": {"type": "ndarray", "data": [[0.9999893553451508, 0.004304108309451773, -0.001662482496220452, -0.7359217357014234], [0.004308743774534191, -0.9999868117261066, 0.0027948346896407017, 0.09060088898477348], [-0.0016504312997347216, -0.0028019681506959316, -0.9999947125115254, 0.002108106946188913], [0.0, 0.0, 0.0, 1.0]]}, "mean_rme": {"type": "float", "data": 0.0021949531941344966}, "max_rme": {"type": "float", "data": 0.0068163124931248376}, "simu": {"type": "float", "data": 0.002}}, {"type": "dict", "image_number": {"type": "int", "data": 24}, "Hcamera2end": {"type": "ndarray", "data": [[0.9999848460384746, 0.005408345006865989, 0.001028347069272738, -0.015792168470455833], [-0.0010332667195357957, 0.0009069251388345023, 0.9999990549228931, 0.028234448561822834], [0.005407407261754364, -0.9999849635324921, 0.0009124996582292599, 0.03249694813197275], [0.0, 0.0, 0.0, 1.0]]}, "Hobj2base": {"type": "ndarray", "data": [[0.999984840580168, 0.0048310559086174295, -0.0026418759743331885, -0.7360836179819423], [0.004836915070298534, -0.9999858468538778, 0.002215929722643279, 0.09023531853565814], [-0.00263113330309683, -0.0022286746601484077, -0.9999940550557291, 0.001747089999370878], [0.0, 0.0, 0.0, 1.0]]}, "mean_rme": {"type": "float", "data": 0.0021960312349975876}, "max_rme": {"type": "float", "data": 0.006662282896555932}, "simu": {"type": "float", "data": 0.002}}, {"type": "dict", "image_number": {"type": "int", "data": 25}, "Hcamera2end": {"type": "ndarray", "data": [[0.9999864672737889, 0.005122316542413923, 0.0009094737636763843, -0.015569298490316696], [-0.0009114605372059444, 0.00038554516089839286, 0.999999510297189, 0.027983170405452396], [0.005121963390792564, -0.9999868065270501, 0.0003902087328087056, 0.032921919397002765], [0.0, 0.0, 0.0, 1.0]]}, "Hobj2base": {"type": "ndarray", "data": [[0.9999879628172119, 0.004606348206332008, -0.0016899044009937615, -0.7359097993748753], [0.00460962551187328, -0.9999874926299528, 0.0019406020459236646, 0.09037429780252834], [-0.0016809441759806291, -0.0019483685129815667, -0.9999966891379266, 0.0019430631064877835], [0.0, 0.0, 0.0, 1.0]]}, "mean_rme": {"type": "float", "data": 0.002305974094362009}, "max_rme": {"type": "float", "data": 0.0068833142037174055}, "simu": {"type": "float", "data": 0.002}}, {"type": "dict", "image_number": {"type": "int", "data": 26}, "Hcamera2end": {"type": "ndarray", "data": [[0.999980952432753, 0.0061509331218043625, 0.0005106793664920784, -0.01539886471843044], [-0.0005175701999269784, 0.0011187510626211594, 0.9999992402582852, 0.03088888110022351], [0.006150357125599965, -0.9999804570179313, 0.001121913292820631, 0.032431164229012634], [0.0, 0.0, 0.0, 1.0]]}, "Hobj2base": {"type": "ndarray", "data": [[0.9999823150481518, 0.005379388907440919, -0.00253609264839208, -0.7361040130405243], [0.0053829517153911035, -0.9999845316349383, 0.0014001148822301013, 0.08881782642513032], [-0.0025285216567185517, -0.0014137417855378802, -0.9999958039473944, -0.000510249157522067], [0.0, 0.0, 0.0, 1.0]]}, "mean_rme": {"type": "float", "data": 0.002374347214664384}, "max_rme": {"type": "float", "data": 0.007911349400580886}, "simu": {"type": "float", "data": 0.002}}, {"type": "dict", "image_number": {"type": "int", "data": 27}, "Hcamera2end": {"type": "ndarray", "data": [[0.9999823301041277, 0.0059262150527131414, 0.0004684598898398026, -0.015228136334311212], [-0.00047466890001009307, 0.0010463562305783602, 0.9999993399138192, 0.03070408021249225], [0.005925720964975971, -0.9999818923929511, 0.0010491507315529836, 0.03233605962732472], [0.0, 0.0, 0.0, 1.0]]}, "Hobj2base": {"type": "ndarray", "data": [[0.99998367474794, 0.005214305283003138, -0.0023369334653951415, -0.7358759169902199], [0.005216905541930828, -0.9999857780497903, 0.0011079687368930858, 0.08891348319914828], [-0.0023311229424055695, -0.001120142210170925, -0.9999966555680355, -0.00041763878428393615], [0.0, 0.0, 0.0, 1.0]]}, "mean_rme": {"type": "float", "data": 0.002365947181091118}, "max_rme": {"type": "float", "data": 0.007933943797750281}, "simu": {"type": "float", "data": 0.002}}, {"type": "dict", "image_number": {"type": "int", "data": 28}, "Hcamera2end": {"type": "ndarray", "data": [[0.999980976860845, 0.006147713113301206, 0.0005015375427538621, -0.015427021817853928], [-0.000503648910735041, 0.0003418962275600901, 0.999999814722355, 0.03063776476584361], [0.0061475405004735514, -0.9999810441855617, 0.00034498601263366346, 0.03275735173292415], [0.0, 0.0, 0.0, 1.0]]}, "Hobj2base": {"type": "ndarray", "data": [[0.9999806644842527, 0.005926986192008785, -0.0018818853079013093, -0.735839624622043], [0.005929191478856884, -0.9999817395500752, 0.0011684411893881407, 0.0886440605018404], [-0.0018749256090332019, -0.001179576655306918, -0.9999975466234281, -0.00041607378710710664], [0.0, 0.0, 0.0, 1.0]]}, "mean_rme": {"type": "float", "data": 0.002367976467667356}, "max_rme": {"type": "float", "data": 0.007811402545898766}, "simu": {"type": "float", "data": 0.002}}, {"type": "dict", "image_number": {"type": "int", "data": 29}, "Hcamera2end": {"type": "ndarray", "data": [[0.9999802876473679, 0.0062440788091794805, 0.0006601488559829344, -0.015517576587573344], [-0.0006646928425201944, 0.0007256800673841601, 0.9999995157858151, 0.030615590071118273], [0.006243596728841658, -0.9999802422389475, 0.0007298161570152839, 0.03256455099301053], [0.0, 0.0, 0.0, 1.0]]}, "Hobj2base": {"type": "ndarray", "data": [[0.9999788703809702, 0.0061466870120236205, -0.0021158994245845868, -0.7358534379851777], [0.0061495781795742254, -0.999980162783555, 0.0013626179173050928, 0.08859213421156122], [-0.002107481865175075, -0.001375601014639216, -0.9999968331160038, -0.00036498576901568605], [0.0, 0.0, 0.0, 1.0]]}, "mean_rme": {"type": "float", "data": 0.00231468809046205}, "max_rme": {"type": "float", "data": 0.007822523966529354}, "simu": {"type": "float", "data": 0.002}}, {"type": "dict", "image_number": {"type": "int", "data": 30}, "Hcamera2end": {"type": "ndarray", "data": [[0.9999796265060967, 0.006365996080358526, 0.0004697516706609361, -0.015430983026249404], [-0.00047505549126031395, 0.0008316620766536387, 0.9999995413301301, 0.030154597011693398], [0.006365602485817998, -0.9999793910036823, 0.0008346693341866329, 0.03250297222074388], [0.0, 0.0, 0.0, 1.0]]}, "Hobj2base": {"type": "ndarray", "data": [[0.9999788999553626, 0.0060568113264729065, -0.0023483357124672493, -0.7358528725945076], [0.006060173596816317, -0.9999806183603581, 0.0014273050172171923, 0.08886185744350492], [-0.002339645280676099, -0.001441506223098773, -0.9999962240527558, 1.095129010306728e-05], [0.0, 0.0, 0.0, 1.0]]}, "mean_rme": {"type": "float", "data": 0.0022999168580650855}, "max_rme": {"type": "float", "data": 0.008366434087401814}, "simu": {"type": "float", "data": 0.002}}]}