{"type": "list", "data": [{"type": "dict", "image_number": {"type": "int", "data": 5}, "Hcamera2end": {"type": "ndarray", "data": [[0.9991140436862834, 0.0023385593283555967, 0.04201974356312836, -0.014307823777376964], [-0.04194443659486481, -0.026136257682041864, 0.9987780335355386, 0.03240733448741487], [0.0034339405327804377, -0.9996556543003424, -0.02601501254606009, 0.03146613568127429], [0.0, 0.0, 0.0, 1.0]]}, "Hobj2base": {"type": "ndarray", "data": [[0.9995418587801929, 0.013559645581270742, 0.027059352504214002, -0.7190454273926674], [0.012481516391484062, -0.9991367863285332, 0.039621887305631376, 0.10877887036111518], [0.027573253250316735, -0.03926599313402582, -0.9988482855210759, -0.008279803832213429], [0.0, 0.0, 0.0, 1.0]]}, "mean_rme": {"type": "float", "data": 0.0015243669306148613}, "max_rme": {"type": "float", "data": 0.004462774147646842}, "simu": {"type": "float", "data": 0.002}}, {"type": "dict", "image_number": {"type": "int", "data": 6}, "Hcamera2end": {"type": "ndarray", "data": [[0.9999618731963259, 0.0032212984447275547, 0.008116365567488617, -0.017034111420425317], [-0.008106666266137603, -0.003012712872414225, 0.9999626020622957, 0.029804780002866835], [0.0032456302538313875, -0.9999902733514351, -0.002986484015867097, 0.03326968228398908], [0.0, 0.0, 0.0, 1.0]]}, "Hobj2base": {"type": "ndarray", "data": [[0.9999806815238069, 0.0039487601207443546, 0.00480040338841897, -0.7322988768595741], [0.00391548069221628, -0.999968374374437, 0.006922374007102032, 0.0906879355760483], [0.004827586367078979, -0.006903444390602372, -0.9999645178032137, -0.0005426606087458782], [0.0, 0.0, 0.0, 1.0]]}, "mean_rme": {"type": "float", "data": 0.001664224124830196}, "max_rme": {"type": "float", "data": 0.005037850254676925}, "simu": {"type": "float", "data": 0.002}}, {"type": "dict", "image_number": {"type": "int", "data": 7}, "Hcamera2end": {"type": "ndarray", "data": [[0.999993584479184, 0.0018734320954245205, 0.0030530726583124523, -0.016559382472854507], [-0.0030538224611569827, 0.00039749956330470404, 0.9999952580699938, 0.029212712408691586], [0.0018722096166922347, -0.9999981661214592, 0.00040321814215038554, 0.03238377007217007], [0.0, 0.0, 0.0, 1.0]]}, "Hobj2base": {"type": "ndarray", "data": [[0.9999906923798468, 0.0026753429993448506, 0.0033849214924910813, -0.7324308697590789], [0.0026682193190031246, -0.999994219925517, 0.0021073018820828423, 0.08868414067158979], [0.003390539682730472, -0.002098250555197802, -0.9999920507610385, 0.00020500659704669744], [0.0, 0.0, 0.0, 1.0]]}, "mean_rme": {"type": "float", "data": 0.0016127791246179194}, "max_rme": {"type": "float", "data": 0.006542388013347496}, "simu": {"type": "float", "data": 0.002}}, {"type": "dict", "image_number": {"type": "int", "data": 8}, "Hcamera2end": {"type": "ndarray", "data": [[0.9999854077137138, 0.004939056021710335, 0.0021886263390402485, -0.01571647135743979], [-0.0021816953371455406, -0.0014082567278290714, 0.9999966285035385, 0.028109017994949782], [0.004942121517467094, -0.9999868111823288, -0.0013974606626514507, 0.032713750041283435], [0.0, 0.0, 0.0, 1.0]]}, "Hobj2base": {"type": "ndarray", "data": [[0.9999716669058321, 0.006792774165221883, 0.0032440105906136694, -0.7332564997829859], [0.0067850501828422526, -0.9999741344821036, 0.002386097396246088, 0.08870820463793176], [0.0032601349033486047, -0.0023640190160728806, -0.9999918914343775, 0.0008542116641391401], [0.0, 0.0, 0.0, 1.0]]}, "mean_rme": {"type": "float", "data": 0.0018712124795564474}, "max_rme": {"type": "float", "data": 0.006590434463204259}, "simu": {"type": "float", "data": 0.002}}, {"type": "dict", "image_number": {"type": "int", "data": 9}, "Hcamera2end": {"type": "ndarray", "data": [[0.9999771525169981, 0.006126033034909752, 0.002857649952552572, -0.016427819384086727], [-0.00286515994776787, 0.0012174895008325581, 0.9999951542771538, 0.02826527463172635], [0.006122524191037232, -0.9999804945290535, 0.001235013748752234, 0.03094361242790596], [0.0, 0.0, 0.0, 1.0]]}, "Hobj2base": {"type": "ndarray", "data": [[0.9999804802364982, 0.0062401228529633335, -0.0003162479444216785, -0.7334811889776844], [0.006241084584113457, -0.9999756029833469, 0.003137244221530031, 0.08845734909516037], [-0.0002966634395532153, -0.003139156713435467, -0.9999950288306099, 0.0019125064361756193], [0.0, 0.0, 0.0, 1.0]]}, "mean_rme": {"type": "float", "data": 0.002018089382693054}, "max_rme": {"type": "float", "data": 0.0063699517957473695}, "simu": {"type": "float", "data": 0.002}}, {"type": "dict", "image_number": {"type": "int", "data": 10}, "Hcamera2end": {"type": "ndarray", "data": [[0.9999767639427163, 0.006093207394519866, 0.003056860857212201, -0.016777765698901614], [-0.003061173502356341, 0.0006985785622288798, 0.999995070590241, 0.028609301725940728], [0.006091041901141307, -0.9999811922289539, 0.0007172146950378266, 0.03023946363062224], [0.0, 0.0, 0.0, 1.0]]}, "Hobj2base": {"type": "ndarray", "data": [[0.9999784586747511, 0.006535766553861022, -0.0006049314196128375, -0.7325942523493018], [0.006538241968875174, -0.9999698690751053, 0.004184774052780304, 0.08850468249723667], [-0.0005775624861800398, -0.004188639095197345, -0.9999910608220977, 0.0014233874396423984], [0.0, 0.0, 0.0, 1.0]]}, "mean_rme": {"type": "float", "data": 0.0020694636023042986}, "max_rme": {"type": "float", "data": 0.0061972449875768165}, "simu": {"type": "float", "data": 0.002}}, {"type": "dict", "image_number": {"type": "int", "data": 11}, "Hcamera2end": {"type": "ndarray", "data": [[0.9999771956908563, 0.0056909141115899535, 0.003636151100456518, -0.016982080310855876], [-0.003640849877961546, 0.0008155209541484965, 0.9999930395446458, 0.028496755852070996], [0.005687909142821483, -0.9999834740745209, 0.0008362221207052212, 0.030122351867415673], [0.0, 0.0, 0.0, 1.0]]}, "Hobj2base": {"type": "ndarray", "data": [[0.999980129850373, 0.006278835915515531, -0.0005622490348259922, -0.7326248764320283], [0.006281314692166409, -0.9999700517444321, 0.00452113923422292, 0.08869644509170588], [-0.0005338447050453192, -0.00452458106163296, -0.9999896215341673, 0.0014272980550786296], [0.0, 0.0, 0.0, 1.0]]}, "mean_rme": {"type": "float", "data": 0.001960398065654154}, "max_rme": {"type": "float", "data": 0.006146434897061043}, "simu": {"type": "float", "data": 0.002}}, {"type": "dict", "image_number": {"type": "int", "data": 12}, "Hcamera2end": {"type": "ndarray", "data": [[0.9999755378296395, 0.004246821601063371, 0.0055577197313255505, -0.01769218054858783], [-0.005565044332674096, 0.001714859296585991, 0.9999830446258419, 0.029243916482532863], [0.004237218887265058, -0.9999895118269401, 0.0017384510978886158, 0.03194110461564893], [0.0, 0.0, 0.0, 1.0]]}, "Hobj2base": {"type": "ndarray", "data": [[0.9999903518455724, 0.004213318129982213, -0.0012426448020293201, -0.7345554247779611], [0.004221030300065815, -0.9999714324428717, 0.006270343001536945, 0.08981047926286258], [-0.0012161903528533655, -0.006275527745660937, -0.9999795691075588, 0.001028208683604102], [0.0, 0.0, 0.0, 1.0]]}, "mean_rme": {"type": "float", "data": 0.0022233880079122184}, "max_rme": {"type": "float", "data": 0.008330915182822793}, "simu": {"type": "float", "data": 0.002}}, {"type": "dict", "image_number": {"type": "int", "data": 13}, "Hcamera2end": {"type": "ndarray", "data": [[0.9999771627606554, 0.004316492008574969, 0.005200178255567806, -0.017623307645868284], [-0.005202572461821715, 0.0005436217008063515, 0.9999863187640248, 0.02900911703128177], [0.004313606023881427, -0.9999905361413108, 0.0005660661484429008, 0.03264631194225296], [0.0, 0.0, 0.0, 1.0]]}, "Hobj2base": {"type": "ndarray", "data": [[0.9999912610106456, 0.0041771554871917705, 0.0001710975587745358, -0.7346181370260906], [0.004176150686734601, -0.9999761360793495, 0.005503365993176081, 0.08960345690493814], [0.00019408189117238987, -0.005502603370131679, -0.999984841729298, 0.000739953793304792], [0.0, 0.0, 0.0, 1.0]]}, "mean_rme": {"type": "float", "data": 0.0021765473433041963}, "max_rme": {"type": "float", "data": 0.008430186535287265}, "simu": {"type": "float", "data": 0.002}}, {"type": "dict", "image_number": {"type": "int", "data": 14}, "Hcamera2end": {"type": "ndarray", "data": [[0.9999932255767291, 0.0021986268986494036, 0.0029520908538764996, -0.016881046733938813], [-0.002948665362354789, -0.0015596292955273316, 0.9999944364490442, 0.029007717124478843], [0.0022032188338553843, -0.9999963667915105, -0.001553135714957632, 0.033543463909148516], [0.0, 0.0, 0.0, 1.0]]}, "Hobj2base": {"type": "ndarray", "data": [[0.999994794829445, 0.002636849641646648, 0.0018593918316665722, -0.7345717863725252], [0.0026292295792266743, -0.9999881845587781, 0.004088752212919067, 0.08947507810695686], [0.0018701512869390945, -0.00408384216226325, -0.9999899123327984, 0.000572686365278697], [0.0, 0.0, 0.0, 1.0]]}, "mean_rme": {"type": "float", "data": 0.002213140826658491}, "max_rme": {"type": "float", "data": 0.008506633220515238}, "simu": {"type": "float", "data": 0.002}}, {"type": "dict", "image_number": {"type": "int", "data": 15}, "Hcamera2end": {"type": "ndarray", "data": [[0.9999866372607287, 0.003406160573155159, 0.0038888777468211364, -0.01659269283626712], [-0.0038849317232169424, -0.0011643473084990141, 0.9999917757666064, 0.0289243921306165], [0.003410660564433224, -0.9999935211617597, -0.0011510990483645234, 0.03275301431574062], [0.0, 0.0, 0.0, 1.0]]}, "Hobj2base": {"type": "ndarray", "data": [[0.999992653939896, 0.0036570145344035185, 0.001148177224372557, -0.7339008971372682], [0.003651364824353765, -0.9999814033467709, 0.0048847206206603985, 0.08991748163797575], [0.0011660193664251256, -0.004880492323279929, -0.9999874105175119, 0.0007842028783626831], [0.0, 0.0, 0.0, 1.0]]}, "mean_rme": {"type": "float", "data": 0.0022219248931979177}, "max_rme": {"type": "float", "data": 0.008824021115202023}, "simu": {"type": "float", "data": 0.002}}, {"type": "dict", "image_number": {"type": "int", "data": 16}, "Hcamera2end": {"type": "ndarray", "data": [[0.9999841395372622, 0.003925029827642193, 0.004039160156961856, -0.016635665804854344], [-0.004032304128805704, -0.0017530919064185913, 0.9999903335493702, 0.028916024967361457], [0.0039320729055150406, -0.9999907603621244, -0.0017372371875901127, 0.0329526507229256], [0.0, 0.0, 0.0, 1.0]]}, "Hobj2base": {"type": "ndarray", "data": [[0.9999890291445651, 0.004522218694699205, 0.0012211177614660001, -0.7340521739810599], [0.004516029877090727, -0.9999771810595508, 0.005024224750398862, 0.08982407144275083], [0.0012438105399451445, -0.005018655026061226, -0.9999866329291953, 0.0008051771471248789], [0.0, 0.0, 0.0, 1.0]]}, "mean_rme": {"type": "float", "data": 0.0021547007168104503}, "max_rme": {"type": "float", "data": 0.00894026774918489}, "simu": {"type": "float", "data": 0.002}}, {"type": "dict", "image_number": {"type": "int", "data": 17}, "Hcamera2end": {"type": "ndarray", "data": [[0.999983589099749, 0.003412772285356055, 0.004601577611260459, -0.01672246257966585], [-0.0045982195542135645, -0.0009911620505627106, 0.9999889369261644, 0.028619516550715703], [0.00341729543870528, -0.9999936852716208, -0.0009754531084447127, 0.03294672019394821], [0.0, 0.0, 0.0, 1.0]]}, "Hobj2base": {"type": "ndarray", "data": [[0.9999916644548992, 0.003975571450533259, 0.0009305118817037917, -0.7344306318815486], [0.0039706476039718195, -0.9999784146934279, 0.005234893009795621, 0.08996290048757041], [0.0009513034875158955, -0.005231154639335285, -0.9999858649215068, 0.0011680350846011156], [0.0, 0.0, 0.0, 1.0]]}, "mean_rme": {"type": "float", "data": 0.0021560577051797838}, "max_rme": {"type": "float", "data": 0.008851458277099399}, "simu": {"type": "float", "data": 0.002}}, {"type": "dict", "image_number": {"type": "int", "data": 18}, "Hcamera2end": {"type": "ndarray", "data": [[0.99998944067096, 0.003076749336261958, 0.003413526051225024, -0.01639592481043929], [-0.0034155020621549864, 0.000637214440677436, 0.9999939641334942, 0.028714097887424656], [0.0030745556173202237, -0.9999950637734561, 0.0006477163558231691, 0.032129293957777506], [0.0, 0.0, 0.0, 1.0]]}, "Hobj2base": {"type": "ndarray", "data": [[0.9999943541128428, 0.0033515289220020024, 0.00024289158786505206, -0.7342299410602884], [0.003350479750352345, -0.9999855740503614, 0.0041983302170840444, 0.08975461889209341], [0.00025695890906991, -0.004197492710438716, -0.9999911574744373, 0.0011061243824337713], [0.0, 0.0, 0.0, 1.0]]}, "mean_rme": {"type": "float", "data": 0.0021120293021711107}, "max_rme": {"type": "float", "data": 0.008979786253520312}, "simu": {"type": "float", "data": 0.002}}, {"type": "dict", "image_number": {"type": "int", "data": 19}, "Hcamera2end": {"type": "ndarray", "data": [[0.9999924483862053, 0.003264302865677458, 0.0021089090458542635, -0.015473235910378694], [-0.0021126063326500173, 0.001129608682603478, 0.9999971304352365, 0.029003064318747933], [0.0032619112565799593, -0.9999940341377168, 0.0011364963391407024, 0.0318398449067642], [0.0, 0.0, 0.0, 1.0]]}, "Hobj2base": {"type": "ndarray", "data": [[0.999994640678021, 0.0032735869366166347, -4.736880931675386e-05, -0.7343288583852022], [0.0032737043280818908, -0.999990895691768, 0.002737041020515676, 0.0896218424593757], [-3.840843632676927e-05, -0.0027371814233076537, -0.9999962531743047, 0.0005017852541027507], [0.0, 0.0, 0.0, 1.0]]}, "mean_rme": {"type": "float", "data": 0.002129791932389286}, "max_rme": {"type": "float", "data": 0.009089790005821927}, "simu": {"type": "float", "data": 0.002}}, {"type": "dict", "image_number": {"type": "int", "data": 20}, "Hcamera2end": {"type": "ndarray", "data": [[0.9999942773401358, 0.0032462302134589685, 0.0009525105672721565, -0.01463443676439723], [-0.0009570988375671361, 0.00141215466883704, 0.9999985448894446, 0.02867637623930069], [0.0032448803975904297, -0.9999937338846643, 0.0014152535507199193, 0.03202220139531677], [0.0, 0.0, 0.0, 1.0]]}, "Hobj2base": {"type": "ndarray", "data": [[0.9999950588751474, 0.003131408202878483, -0.0002766007182939161, -0.7347514882936367], [0.003131801845669541, -0.9999940671904244, 0.0014343643723838462, 0.0896729940737176], [-0.00027210749691292655, -0.0014352235436504645, -0.999998933044876, 0.0006706683205247227], [0.0, 0.0, 0.0, 1.0]]}, "mean_rme": {"type": "float", "data": 0.0021552901407812727}, "max_rme": {"type": "float", "data": 0.009046110259668734}, "simu": {"type": "float", "data": 0.002}}, {"type": "dict", "image_number": {"type": "int", "data": 21}, "Hcamera2end": {"type": "ndarray", "data": [[0.9999955979548967, 0.002763223747829066, 0.0010810482634985195, -0.0146706391631313], [-0.0010853857750150507, 0.0015687113746749581, 0.9999981805395161, 0.028944310612091875], [0.0027615228675451258, -0.9999949518568295, 0.0015717036328858347, 0.03199954142922222], [0.0, 0.0, 0.0, 1.0]]}, "Hobj2base": {"type": "ndarray", "data": [[0.9999960577584852, 0.0027726868591112204, -0.0004434806305112388, -0.7346551293804893], [0.002773432230137785, -0.999994727596061, 0.0016890392961276892, 0.0896161750719662], [-0.00043879511524132014, -0.0016902626010009577, -0.9999984752344306, 0.0004853890809420257], [0.0, 0.0, 0.0, 1.0]]}, "mean_rme": {"type": "float", "data": 0.00211362129746176}, "max_rme": {"type": "float", "data": 0.00899764775513437}, "simu": {"type": "float", "data": 0.002}}, {"type": "dict", "image_number": {"type": "int", "data": 22}, "Hcamera2end": {"type": "ndarray", "data": [[0.9999943169897442, 0.003360446307778005, 0.0002709037239104336, -0.014380735347342391], [-0.00027750643318056353, 0.0019645204178520004, 0.9999980318229168, 0.02930567214948193], [0.0033599074979276983, -0.9999924240013723, 0.0019654417989311, 0.03217486870165034], [0.0, 0.0, 0.0, 1.0]]}, "Hobj2base": {"type": "ndarray", "data": [[0.999993864931593, 0.003309854206630095, -0.0011467189305955669, -0.7351002293638266], [0.0033112949826629235, -0.9999937278430342, 0.0012568214392034698, 0.08948672989680968], [-0.0011425518424669078, -0.0012606108531593707, -0.9999985527167352, 0.0001979085605375726], [0.0, 0.0, 0.0, 1.0]]}, "mean_rme": {"type": "float", "data": 0.00216274559573548}, "max_rme": {"type": "float", "data": 0.008566192787451708}, "simu": {"type": "float", "data": 0.002}}, {"type": "dict", "image_number": {"type": "int", "data": 23}, "Hcamera2end": {"type": "ndarray", "data": [[0.9999939039905152, 0.003490293594892247, 9.91586087549642e-05, -0.014239939907884726], [-0.00010668211554765833, 0.0021554310997529136, 0.9999976713651388, 0.029297653535679247], [0.003490071737723788, -0.9999915859482995, 0.002155790312129091, 0.03203367467875054], [0.0, 0.0, 0.0, 1.0]]}, "Hobj2base": {"type": "ndarray", "data": [[0.9999925721210983, 0.0035869420957707816, -0.001410513747426277, -0.735075026958613], [0.0035886484484336802, -0.9999928298454415, 0.0012090740335795125, 0.08947560683352225], [-0.001406166755276752, -0.0012141268906952036, -0.9999982742939855, 0.00027832841958633827], [0.0, 0.0, 0.0, 1.0]]}, "mean_rme": {"type": "float", "data": 0.0020959815975544398}, "max_rme": {"type": "float", "data": 0.008636940823050228}, "simu": {"type": "float", "data": 0.002}}, {"type": "dict", "image_number": {"type": "int", "data": 24}, "Hcamera2end": {"type": "ndarray", "data": [[0.9999949453804496, 0.003169860200713002, 0.00024738605330010613, -0.014082767790785941], [-0.00025613700593453046, 0.0027605661299431317, 0.9999961568268534, 0.029168152299151904], [0.003169165092831639, -0.999991165591452, 0.00276136409483263, 0.03193311144613917], [0.0, 0.0, 0.0, 1.0]]}, "Hobj2base": {"type": "ndarray", "data": [[0.9999926924636671, 0.003319088783694907, -0.0018970157911323531, -0.7353570612034314], [0.0033218082208544717, -0.9999934571955884, 0.0014321857976812612, 0.08967736413264565], [-0.0018922498275118149, -0.0014384768545815832, -0.9999971750834746, 0.00034440628532156115], [0.0, 0.0, 0.0, 1.0]]}, "mean_rme": {"type": "float", "data": 0.0021154859808020917}, "max_rme": {"type": "float", "data": 0.008513874849059848}, "simu": {"type": "float", "data": 0.002}}, {"type": "dict", "image_number": {"type": "int", "data": 25}, "Hcamera2end": {"type": "ndarray", "data": [[0.9999948990342581, 0.003189174236262725, 0.0001762757915201201, -0.014120956298736926], [-0.00018574210995184106, 0.0029682136595315933, 0.999995577593991, 0.029316172074262126], [0.0031886369082271843, -0.9999905093926451, 0.002968790882727057, 0.0322013067818352], [0.0, 0.0, 0.0, 1.0]]}, "Hobj2base": {"type": "ndarray", "data": [[0.9999921148182814, 0.003287585397114922, -0.0022275734595569555, -0.7357353768091777], [0.0032909237315815157, -0.9999934649275286, 0.0014966373070533874, 0.08966371359189783], [-0.0022226385792475157, -0.0015039562801581518, -0.9999963989901433, 0.0002203702392176865], [0.0, 0.0, 0.0, 1.0]]}, "mean_rme": {"type": "float", "data": 0.0021258585788660593}, "max_rme": {"type": "float", "data": 0.008149899285269949}, "simu": {"type": "float", "data": 0.002}}, {"type": "dict", "image_number": {"type": "int", "data": 26}, "Hcamera2end": {"type": "ndarray", "data": [[0.9999965327133679, 0.0026328367031081437, 5.226984862044992e-05, -0.014319968918067612], [-6.0392797426618485e-05, 0.0030852609534764985, 0.9999952387474448, 0.029504604790420646], [0.002632662901384671, -0.9999917746340435, 0.0030854092603661565, 0.031873603283773796], [0.0, 0.0, 0.0, 1.0]]}, "Hobj2base": {"type": "ndarray", "data": [[0.9999940675654423, 0.002777907216297607, -0.002036679999259498, -0.7353139765074386], [0.002781098642132238, -0.999994906835133, 0.0015658205950537913, 0.08959328552565576], [-0.0020323199217820533, -0.0015714755139059804, -0.9999967000647774, 0.00012950279144375383], [0.0, 0.0, 0.0, 1.0]]}, "mean_rme": {"type": "float", "data": 0.0021193344558985278}, "max_rme": {"type": "float", "data": 0.008268684085688573}, "simu": {"type": "float", "data": 0.002}}, {"type": "dict", "image_number": {"type": "int", "data": 27}, "Hcamera2end": {"type": "ndarray", "data": [[0.9999956645485166, 0.002929035358582635, 0.0003027144510207118, -0.014487210024746733], [-0.0003139944157833942, 0.0038513920524485545, 0.9999925340655127, 0.029620374521566215], [0.0029278476185657133, -0.9999882936970448, 0.0038522950556714175, 0.03136661653600077], [0.0, 0.0, 0.0, 1.0]]}, "Hobj2base": {"type": "ndarray", "data": [[0.9999927054219885, 0.002584549701809817, -0.0028123309995380453, -0.7354055443745778], [0.0025899919309613113, -0.9999947773011948, 0.0019332129037575442, 0.08960931559169995], [-0.0028073198267463528, -0.0019404827163812008, -0.9999941767241536, 0.00018768875600105872], [0.0, 0.0, 0.0, 1.0]]}, "mean_rme": {"type": "float", "data": 0.00211997331200381}, "max_rme": {"type": "float", "data": 0.008291522337302362}, "simu": {"type": "float", "data": 0.002}}, {"type": "dict", "image_number": {"type": "int", "data": 28}, "Hcamera2end": {"type": "ndarray", "data": [[0.9999975716170753, 0.002154470796067392, 0.0004636976830873086, -0.014628048184665484], [-0.0004708462525542178, 0.0033186947876042705, 0.9999943822685771, 0.0287611660359804], [0.002152919821745216, -0.9999921722296108, 0.003319701153043031, 0.03171737506551575], [0.0, 0.0, 0.0, 1.0]]}, "Hobj2base": {"type": "ndarray", "data": [[0.9999962253340317, 0.0020017686024233323, -0.0018820839914882514, -0.7352658221080974], [0.0020054150604024022, -0.9999961120573739, 0.001937570791238513, 0.09008756006673715], [-0.0018781981056788018, -0.0019413378371374588, -0.999996351782984, 0.0008259377259964661], [0.0, 0.0, 0.0, 1.0]]}, "mean_rme": {"type": "float", "data": 0.002121254141666087}, "max_rme": {"type": "float", "data": 0.008183803576218854}, "simu": {"type": "float", "data": 0.002}}, {"type": "dict", "image_number": {"type": "int", "data": 29}, "Hcamera2end": {"type": "ndarray", "data": [[0.999998088378389, 0.0018018567717362005, 0.0007593100433447955, -0.01472209308330228], [-0.0007646669009422305, 0.0029741409918810913, 0.9999952848738292, 0.028632471318145235], [0.0017995899806287213, -0.9999939538804894, 0.0029755131266824275, 0.03186825021802524], [0.0, 0.0, 0.0, 1.0]]}, "Hobj2base": {"type": "ndarray", "data": [[0.9999973365459788, 0.0017752430301759305, -0.0014749281787198487, -0.7352637578438453], [0.0017782400593232975, -0.9999963520493094, 0.0020331626509237873, 0.09014964260438507], [-0.0014713134404293142, -0.0020357800120605735, -0.9999968454132755, 0.0009061928948716854], [0.0, 0.0, 0.0, 1.0]]}, "mean_rme": {"type": "float", "data": 0.0021052420043680795}, "max_rme": {"type": "float", "data": 0.008244788656806154}, "simu": {"type": "float", "data": 0.002}}, {"type": "dict", "image_number": {"type": "int", "data": 30}, "Hcamera2end": {"type": "ndarray", "data": [[0.9999981022722471, 0.0018088235264723442, 0.0007236085644997439, -0.014665815921902574], [-0.0007284029786581624, 0.002651318409458092, 0.9999962199627519, 0.028374008943739207], [0.0018068981723437386, -0.9999948493208062, 0.0026526309304221174, 0.03192311617370723], [0.0, 0.0, 0.0, 1.0]]}, "Hobj2base": {"type": "ndarray", "data": [[0.9999972286437837, 0.0019611970357787337, -0.001302463411755404, -0.7353949183181995], [0.001963791978043598, -0.999996083629797, 0.0019940526911932373, 0.09027582046916928], [-0.0012985475805993528, -0.0019966049321626165, -0.9999971636674405, 0.001003575484697089], [0.0, 0.0, 0.0, 1.0]]}, "mean_rme": {"type": "float", "data": 0.002146956088509132}, "max_rme": {"type": "float", "data": 0.008325038063358596}, "simu": {"type": "float", "data": 0.002}}]}