{"type": "list", "data": [{"type": "dict", "image_number": {"type": "int", "data": 5}, "Hcamera2end": {"type": "ndarray", "data": [[0.9992492069489651, -0.0016535034927736177, 0.038707729693997585, -0.017196688708474264], [-0.03869440789047436, 0.007445426771275465, 0.9992233526185221, 0.0291593834828948], [-0.0019404148705346735, -0.9999709153502381, 0.007375855457995906, 0.02694911775732947], [0.0, 0.0, 0.0, 1.0]]}, "Hobj2base": {"type": "ndarray", "data": [[0.9999941280752934, -0.0033386147135120946, -0.0007729597197495577, -0.7296124543862853], [-0.003306829079268244, -0.9992721423732842, 0.038003294043373936, 0.10443057123652122], [-0.0008992754717775288, -0.03800051484521434, -0.9992773149507219, -0.00374537779795594], [0.0, 0.0, 0.0, 1.0]]}, "mean_rme": {"type": "float", "data": 0.0020374024643134286}, "max_rme": {"type": "float", "data": 0.0054827738183115815}, "simu": {"type": "float", "data": 0.002}}, {"type": "dict", "image_number": {"type": "int", "data": 6}, "Hcamera2end": {"type": "ndarray", "data": [[0.9999868869484376, 0.0008868149818532095, 0.005043757563611387, -0.01906355493090495], [-0.005030565329478957, -0.01429707335629482, 0.9998851369561959, 0.02719042983725001], [0.0009588240914634215, -0.9998973983627684, -0.014292424697333495, 0.025475435007285968], [0.0, 0.0, 0.0, 1.0]]}, "Hobj2base": {"type": "ndarray", "data": [[0.9998577441316086, 0.008120857520023325, 0.01478320578190962, -0.7192063722392987], [0.008027018519539835, -0.999947327794066, 0.006395983989456086, 0.0873389530803027], [0.014834367992529034, -0.0062764090566098905, -0.9998702656923126, 0.0008491471006318215], [0.0, 0.0, 0.0, 1.0]]}, "mean_rme": {"type": "float", "data": 0.0022271193879507497}, "max_rme": {"type": "float", "data": 0.005348259302153158}, "simu": {"type": "float", "data": 0.002}}, {"type": "dict", "image_number": {"type": "int", "data": 7}, "Hcamera2end": {"type": "ndarray", "data": [[0.9999790333664498, 2.0490961226809264e-05, 0.006475523733351309, -0.020487460082286878], [-0.006475529032751885, 0.00027008699330521857, 0.9999789970678196, 0.027786745574799297], [1.8741576121321726e-05, -0.9999999633165678, 0.0002702140203045822, 0.028941657791196125], [0.0, 0.0, 0.0, 1.0]]}, "Hobj2base": {"type": "ndarray", "data": [[0.9999885088048541, 0.0034156352690875814, 0.003363880787537254, -0.7294396213367091], [0.0033905871995830207, -0.9999666939160303, 0.007423946193685099, 0.08746837418522382], [0.0033891262422962387, -0.007412455352531488, -0.999966784112833, 0.0035211274296763234], [0.0, 0.0, 0.0, 1.0]]}, "mean_rme": {"type": "float", "data": 0.0022119563136250853}, "max_rme": {"type": "float", "data": 0.0060457604312560975}, "simu": {"type": "float", "data": 0.002}}, {"type": "dict", "image_number": {"type": "int", "data": 8}, "Hcamera2end": {"type": "ndarray", "data": [[0.9999486364654353, 0.004476145073293986, 0.009093324815465058, -0.020276533320476], [-0.009110513644451519, 0.0038348026916336098, 0.9999511452213307, 0.028142818636185948], [0.004441055285738894, -0.9999826290559247, 0.003875385703377865, 0.029979623610032494], [0.0, 0.0, 0.0, 1.0]]}, "Hobj2base": {"type": "ndarray", "data": [[0.9999867542596325, 0.004982274518643147, -0.001291605940839396, -0.7318476878773787], [0.004994144272940866, -0.9999437637724771, 0.009355630150540716, 0.0889399170529622], [-0.0012449209880889484, -0.009361956694705107, -0.9999554009747535, 0.0032173371848859753], [0.0, 0.0, 0.0, 1.0]]}, "mean_rme": {"type": "float", "data": 0.002274621159594337}, "max_rme": {"type": "float", "data": 0.006473480731660292}, "simu": {"type": "float", "data": 0.002}}, {"type": "dict", "image_number": {"type": "int", "data": 9}, "Hcamera2end": {"type": "ndarray", "data": [[0.9999652085007767, 0.005332244171688323, 0.006414745520412502, -0.019157615087086417], [-0.006428568713433655, 0.002579293487363743, 0.9999760100869433, 0.028441389877221408], [0.005315570740270353, -0.9999824570547222, 0.002613482447930915, 0.031028358246654834], [0.0, 0.0, 0.0, 1.0]]}, "Hobj2base": {"type": "ndarray", "data": [[0.9999819097436895, 0.005901212466871042, -0.0011644212229953513, -0.732382477577923], [0.005908946263672474, -0.9999597329582088, 0.006754022223835294, 0.0886743731618848], [-0.0011245174150484817, -0.006760780544277097, -0.9999765133776968, 0.0028869800001108514], [0.0, 0.0, 0.0, 1.0]]}, "mean_rme": {"type": "float", "data": 0.002139062923279909}, "max_rme": {"type": "float", "data": 0.006607975018447981}, "simu": {"type": "float", "data": 0.002}}, {"type": "dict", "image_number": {"type": "int", "data": 10}, "Hcamera2end": {"type": "ndarray", "data": [[0.9999742840040472, 0.004558521556458259, 0.0055363536567420825, -0.018778388011601393], [-0.005558299006981069, 0.00481562529873214, 0.999972957166908, 0.028151864334540987], [0.0045317372763885285, -0.9999780145754211, 0.004840839085971993, 0.030541070074407456], [0.0, 0.0, 0.0, 1.0]]}, "Hobj2base": {"type": "ndarray", "data": [[0.9999855437497117, 0.00492626664073206, -0.002155037952733826, -0.732870641795593], [0.004938239080186009, -0.9999722049823785, 0.005585969697953044, 0.08842273838657383], [-0.0021274600772367893, -0.005596531038414463, -0.9999820762163467, 0.003135692493482012], [0.0, 0.0, 0.0, 1.0]]}, "mean_rme": {"type": "float", "data": 0.0021839276910818077}, "max_rme": {"type": "float", "data": 0.006547032966797706}, "simu": {"type": "float", "data": 0.002}}, {"type": "dict", "image_number": {"type": "int", "data": 11}, "Hcamera2end": {"type": "ndarray", "data": [[0.9999739494603475, 0.004108370088017703, 0.00593478692914898, -0.018947531434266137], [-0.005955321393319987, 0.005004144250504328, 0.9999697458860556, 0.027424517815477476], [0.004078547263031464, -0.9999790396981029, 0.005028480554122972, 0.030311704144994952], [0.0, 0.0, 0.0, 1.0]]}, "Hobj2base": {"type": "ndarray", "data": [[0.9999889375921014, 0.00441684021700652, -0.0016174720763586197, -0.7329037254515787], [0.004426081166675467, -0.9999736451119439, 0.005754901131972701, 0.0890790698574152], [-0.0015920109692985193, -0.005761996531603757, -0.9999821322888944, 0.003486451876614732], [0.0, 0.0, 0.0, 1.0]]}, "mean_rme": {"type": "float", "data": 0.0022206096072076124}, "max_rme": {"type": "float", "data": 0.006394497677366218}, "simu": {"type": "float", "data": 0.002}}, {"type": "dict", "image_number": {"type": "int", "data": 12}, "Hcamera2end": {"type": "ndarray", "data": [[0.9999806525400532, 0.0038037831452072575, 0.004921969052482608, -0.01812989807118809], [-0.0049433459505266245, 0.005631086720757517, 0.9999719267025232, 0.027457960083301782], [0.0037759603259000718, -0.9999769107815076, 0.005649781189540293, 0.030163207951558167], [0.0, 0.0, 0.0, 1.0]]}, "Hobj2base": {"type": "ndarray", "data": [[0.9999890168302424, 0.004223051896888342, -0.0020327448342869914, -0.7332134563734797], [0.0042330611380299536, -0.9999788131329979, 0.004945146966735216, 0.08928561860820257], [-0.002011818154514276, -0.004953697386508156, -0.999985706632808, 0.003511366887420412], [0.0, 0.0, 0.0, 1.0]]}, "mean_rme": {"type": "float", "data": 0.002144718277697441}, "max_rme": {"type": "float", "data": 0.006326228826234764}, "simu": {"type": "float", "data": 0.002}}, {"type": "dict", "image_number": {"type": "int", "data": 13}, "Hcamera2end": {"type": "ndarray", "data": [[0.9999834114723928, 0.0026567564341233325, 0.005110618874952295, -0.016562549205882255], [-0.005128815026455835, 0.006887919673912557, 0.9999631252296207, 0.027568981132779478], [0.0026214569345452184, -0.9999727487325919, 0.006901431425787807, 0.029503506342801016], [0.0, 0.0, 0.0, 1.0]]}, "Hobj2base": {"type": "ndarray", "data": [[0.99999307124549, 0.0022532386244254812, -0.002963170044701199, -0.7335286279492549], [0.0022692852915447044, -0.9999827194421649, 0.0054232058155509084, 0.09107814346135602], [-0.0029508990626580587, -0.0054298925176879415, -0.9999809040486562, 0.0029478622535942032], [0.0, 0.0, 0.0, 1.0]]}, "mean_rme": {"type": "float", "data": 0.0023415982804939417}, "max_rme": {"type": "float", "data": 0.007548539387889346}, "simu": {"type": "float", "data": 0.002}}, {"type": "dict", "image_number": {"type": "int", "data": 14}, "Hcamera2end": {"type": "ndarray", "data": [[0.9999753339681801, 0.0035621032860804914, 0.006053335890736467, -0.017617579108082815], [-0.0060853031230207934, 0.009032915946864839, 0.9999406859986235, 0.02786103324637819], [0.0035072127291821153, -0.9999528578136452, 0.009054369618923919, 0.028420638525398636], [0.0, 0.0, 0.0, 1.0]]}, "Hobj2base": {"type": "ndarray", "data": [[0.9999829043291242, 0.0019439636067071484, -0.00551471259319307, -0.7340002888524705], [0.001977298938283824, -0.9999797690832113, 0.006045801286530241, 0.0906933926346971], [-0.005502848207827086, -0.006056602164856728, -0.9999665175553722, 0.0035890766663320495], [0.0, 0.0, 0.0, 1.0]]}, "mean_rme": {"type": "float", "data": 0.002375480390485011}, "max_rme": {"type": "float", "data": 0.007433015278885742}, "simu": {"type": "float", "data": 0.002}}, {"type": "dict", "image_number": {"type": "int", "data": 15}, "Hcamera2end": {"type": "ndarray", "data": [[0.9999770227115503, 0.004154369644053153, 0.00535679585238846, -0.01786687030506033], [-0.005394573323109286, 0.009136172246925423, 0.9999437128835483, 0.02773557502600216], [0.004105195196966178, -0.9999496345164266, 0.009158373374116513, 0.027361600210429472], [0.0, 0.0, 0.0, 1.0]]}, "Hobj2base": {"type": "ndarray", "data": [[0.9999774838837089, 0.002313883086796845, -0.006299021405527233, -0.7333574323607716], [0.0023392663652256175, -0.9999891621882546, 0.004025337117017084, 0.0898500303152696], [-0.006289638978445336, -0.004039981570966232, -0.9999720591048669, 0.00407082245373334], [0.0, 0.0, 0.0, 1.0]]}, "mean_rme": {"type": "float", "data": 0.002428505582524849}, "max_rme": {"type": "float", "data": 0.00810824832596823}, "simu": {"type": "float", "data": 0.002}}, {"type": "dict", "image_number": {"type": "int", "data": 16}, "Hcamera2end": {"type": "ndarray", "data": [[0.9999643761324704, 0.0052783303121438085, 0.006586781848164557, -0.018561787856175387], [-0.006631216860299037, 0.008445572987055394, 0.9999423479680576, 0.0280714826097343], [0.005222396858827564, -0.9999504045331629, 0.008480273876042221, 0.027637693869083695], [0.0, 0.0, 0.0, 1.0]]}, "Hobj2base": {"type": "ndarray", "data": [[0.9999701877452268, 0.003656360974253904, -0.006801076767815555, -0.7335643137953127], [0.0036915184373205916, -0.9999798524542696, 0.005164046588133275, 0.08941051809542404], [-0.006782058124396279, -0.005188998936542753, -0.9999635383240901, 0.0041296507402398715], [0.0, 0.0, 0.0, 1.0]]}, "mean_rme": {"type": "float", "data": 0.002370778637821971}, "max_rme": {"type": "float", "data": 0.008090627493483639}, "simu": {"type": "float", "data": 0.002}}, {"type": "dict", "image_number": {"type": "int", "data": 17}, "Hcamera2end": {"type": "ndarray", "data": [[0.9999636798293325, 0.005157177899445856, 0.006785465223074341, -0.018470693491580308], [-0.006829890862598662, 0.00864609989292664, 0.999939296931292, 0.027743746093597615], [0.0050981970327828065, -0.9999493229522959, 0.008681008827315151, 0.027484791324036], [0.0, 0.0, 0.0, 1.0]]}, "Hobj2base": {"type": "ndarray", "data": [[0.9999701524059211, 0.0034691337362482166, -0.0069035793903452014, -0.7335987751984258], [0.0035081506622848878, -0.9999778983101517, 0.005647634030564591, 0.08972404757070067], [-0.006883834411829256, -0.005671684258886917, -0.9999602216195695, 0.0041808037833394205], [0.0, 0.0, 0.0, 1.0]]}, "mean_rme": {"type": "float", "data": 0.0023613044694984326}, "max_rme": {"type": "float", "data": 0.007839059252258217}, "simu": {"type": "float", "data": 0.002}}, {"type": "dict", "image_number": {"type": "int", "data": 18}, "Hcamera2end": {"type": "ndarray", "data": [[0.9999853383486904, 0.001499868889130366, 0.005203218328161954, -0.018384022485043196], [-0.005216321383378314, 0.008868776879940699, 0.9999470659929348, 0.027953406012012755], [0.0014536433126499067, -0.9999595467767528, 0.00887647064718522, 0.027353163202118926], [0.0, 0.0, 0.0, 1.0]]}, "Hobj2base": {"type": "ndarray", "data": [[0.9999803446459196, -0.000470982554759281, -0.006252079434965391, -0.7336880028002191], [-0.0004452252849728192, -0.9999914114040585, 0.004120545178000922, 0.0898772317186786], [-0.006253966443276268, -0.004117680603378338, -0.999971965912132, 0.004000857369032055], [0.0, 0.0, 0.0, 1.0]]}, "mean_rme": {"type": "float", "data": 0.0024669224749624126}, "max_rme": {"type": "float", "data": 0.009571050482171772}, "simu": {"type": "float", "data": 0.002}}, {"type": "dict", "image_number": {"type": "int", "data": 19}, "Hcamera2end": {"type": "ndarray", "data": [[0.9999893883528999, 0.0008846787684063631, 0.004521119891132505, -0.01849591927516293], [-0.004529286081200561, 0.009457324904692754, 0.9999450207752633, 0.02767954970301351], [0.0008418724297100263, -0.9999548871569776, 0.009461231510130341, 0.02775985998765423], [0.0, 0.0, 0.0, 1.0]]}, "Hobj2base": {"type": "ndarray", "data": [[0.9999826076528687, -0.0010243511071083434, -0.005808192195347459, -0.7341277976444711], [-0.001005403259508368, -0.9999941669194055, 0.0032642443917566067, 0.08944413217829153], [-0.005811502048050846, -0.003258348043519971, -0.999977804559667, 0.004340184721614974], [0.0, 0.0, 0.0, 1.0]]}, "mean_rme": {"type": "float", "data": 0.0024771200962757796}, "max_rme": {"type": "float", "data": 0.00935142018019311}, "simu": {"type": "float", "data": 0.002}}, {"type": "dict", "image_number": {"type": "int", "data": 20}, "Hcamera2end": {"type": "ndarray", "data": [[0.9999886659355333, 0.00021022298556477425, 0.0047564489662778415, -0.01838919589278422], [-0.004758183333613074, 0.009209191397473449, 0.9999462737993319, 0.027391265462676184], [0.00016640864217969988, -0.9999575723999998, 0.009210087299410752, 0.028259608327880062], [0.0, 0.0, 0.0, 1.0]]}, "Hobj2base": {"type": "ndarray", "data": [[0.9999835447406323, -0.0017066904740134848, -0.005476993297932874, -0.7344321836658187], [-0.0016878178649803019, -0.999992629285573, 0.003448571498699021, 0.08967854002285948], [-0.005482838572705139, -0.0034392705844259338, -0.9999790547301644, 0.004704046227116276], [0.0, 0.0, 0.0, 1.0]]}, "mean_rme": {"type": "float", "data": 0.0025122542669201676}, "max_rme": {"type": "float", "data": 0.009274986768118582}, "simu": {"type": "float", "data": 0.002}}, {"type": "dict", "image_number": {"type": "int", "data": 21}, "Hcamera2end": {"type": "ndarray", "data": [[0.9999882298808933, 0.0002851012166112908, 0.004843430289981963, -0.018329291154807394], [-0.004845822958709461, 0.009094305988462725, 0.9999469043896486, 0.02743960556524131], [0.00024103844189729768, -0.9999586053011816, 0.009095580497419098, 0.0282186860451321], [0.0, 0.0, 0.0, 1.0]]}, "Hobj2base": {"type": "ndarray", "data": [[0.9999842987817117, -0.001971880466186259, -0.0052453672393215234, -0.73441801880153], [-0.001952723829038824, -0.9999914148949445, 0.0036547238000540134, 0.08982227937151083], [-0.005252528885763351, -0.003644423662837563, -0.9999795643494271, 0.004592483909695075], [0.0, 0.0, 0.0, 1.0]]}, "mean_rme": {"type": "float", "data": 0.0024558455257719324}, "max_rme": {"type": "float", "data": 0.00920665267779422}, "simu": {"type": "float", "data": 0.002}}, {"type": "dict", "image_number": {"type": "int", "data": 22}, "Hcamera2end": {"type": "ndarray", "data": [[0.9999908628591808, 0.0003517412334826482, 0.004260337575323525, -0.01812550695186681], [-0.004263325952057254, 0.00898410417921558, 0.9999505537394953, 0.027653181242680885], [0.00031344852457865485, -0.9999595802582228, 0.008985521677719599, 0.028311740585190634], [0.0, 0.0, 0.0, 1.0]]}, "Hobj2base": {"type": "ndarray", "data": [[0.9999850326584414, -0.0017328715702666186, -0.0051895679219764864, -0.7344848326946459], [-0.0017149401784637718, -0.9999925514953825, 0.00345773537723033, 0.08977565149366476], [-0.005195521078788565, -0.0034487838255856554, -0.9999805560363884, 0.004362459306250851], [0.0, 0.0, 0.0, 1.0]]}, "mean_rme": {"type": "float", "data": 0.0024052883843141207}, "max_rme": {"type": "float", "data": 0.009149826384455162}, "simu": {"type": "float", "data": 0.002}}, {"type": "dict", "image_number": {"type": "int", "data": 23}, "Hcamera2end": {"type": "ndarray", "data": [[0.9999919638183056, 0.00014717125841470454, 0.004006324928065173, -0.017647665820397375], [-0.004007448487722515, 0.008653373288348476, 0.9999545287098563, 0.027659372296895298], [0.00011249634123074799, -0.9999625480343519, 0.008653893529505408, 0.02834780016333341], [0.0, 0.0, 0.0, 1.0]]}, "Hobj2base": {"type": "ndarray", "data": [[0.999987343435058, -0.0019944310100264485, -0.0046190058066215255, -0.7342010798324207], [-0.0019823272774200317, -0.999994593754274, 0.0026235168743118154, 0.09013277435872802], [-0.0046242132585505805, -0.0026143272883950917, -0.9999858908727506, 0.004228793380645961], [0.0, 0.0, 0.0, 1.0]]}, "mean_rme": {"type": "float", "data": 0.002415244324570559}, "max_rme": {"type": "float", "data": 0.009391299128043706}, "simu": {"type": "float", "data": 0.002}}, {"type": "dict", "image_number": {"type": "int", "data": 24}, "Hcamera2end": {"type": "ndarray", "data": [[0.9999914264919773, -0.0003708928124027341, 0.004124243089599907, -0.01738497519999881], [-0.004120945818713168, 0.008490149062451824, 0.9999554665956163, 0.027749353500159106], [-0.0004058917338836264, -0.9999638892517164, 0.008488547842906313, 0.027976630811567236], [0.0, 0.0, 0.0, 1.0]]}, "Hobj2base": {"type": "ndarray", "data": [[0.999988739877543, -0.002517052277015064, -0.004023004593375522, -0.7338476023793384], [-0.0025045038783800197, -0.9999919928749066, 0.0031211610654474126, 0.09055531200205406], [-0.0040308285062412045, -0.0031110502901847584, -0.9999870368098007, 0.003791093709041062], [0.0, 0.0, 0.0, 1.0]]}, "mean_rme": {"type": "float", "data": 0.0024695603253390083}, "max_rme": {"type": "float", "data": 0.009356903283911366}, "simu": {"type": "float", "data": 0.002}}, {"type": "dict", "image_number": {"type": "int", "data": 25}, "Hcamera2end": {"type": "ndarray", "data": [[0.9999913288178076, -6.567857037718516e-05, 0.0041638894703002645, -0.0171157135796047], [-0.004163339759003708, 0.006872650457553475, 0.9999677161177453, 0.027616604940614436], [-9.42934068912135e-05, -0.999976380902076, 0.006872317421345864, 0.02887463546977238], [0.0, 0.0, 0.0, 1.0]]}, "Hobj2base": {"type": "ndarray", "data": [[0.9999946989675627, -0.0017564252293990707, -0.0027417161026005755, -0.7338131015087044], [-0.0017487633607655875, -0.9999945664164245, 0.0027944524213279996, 0.09067130497857677], [-0.002746609451992168, -0.0027896429951792204, -0.9999923369848778, 0.0034280678273421383], [0.0, 0.0, 0.0, 1.0]]}, "mean_rme": {"type": "float", "data": 0.002450840895622812}, "max_rme": {"type": "float", "data": 0.009694752221778596}, "simu": {"type": "float", "data": 0.002}}, {"type": "dict", "image_number": {"type": "int", "data": 26}, "Hcamera2end": {"type": "ndarray", "data": [[0.9999882183499893, 0.00011776249086003056, 0.004852761400467352, -0.017424254811202185], [-0.004853422081333844, 0.006473525150036297, 0.9999672683474354, 0.02714652166195934], [8.634416332604488e-05, -0.999979039582394, 0.006474020432302163, 0.029128581756043187], [0.0, 0.0, 0.0, 1.0]]}, "Hobj2base": {"type": "ndarray", "data": [[0.9999959774131809, -0.001391737607902348, -0.002471482123698318, -0.7337881768187988], [-0.0013833258470709068, -0.9999932564379774, 0.003401982976231454, 0.09091284039708623], [-0.002476200124754794, -0.0033985504263572895, -0.9999911591048902, 0.0037464318409883802], [0.0, 0.0, 0.0, 1.0]]}, "mean_rme": {"type": "float", "data": 0.002438175717601619}, "max_rme": {"type": "float", "data": 0.009879434383038566}, "simu": {"type": "float", "data": 0.002}}, {"type": "dict", "image_number": {"type": "int", "data": 27}, "Hcamera2end": {"type": "ndarray", "data": [[0.9999862446276572, 0.0003097802043819805, 0.005235894546326559, -0.017735132230263382], [-0.0052377362269228536, 0.006277417639046878, 0.9999665795150369, 0.027225422383698947], [0.0002769019545960172, -0.999980248836951, 0.006278953837828727, 0.029090860981223387], [0.0, 0.0, 0.0, 1.0]]}, "Hobj2base": {"type": "ndarray", "data": [[0.9999967780812709, -0.0009307560535255413, -0.0023616774221708594, -0.7336550254166403], [-0.0009217455542744765, -0.9999923036930145, 0.0038135206660588976, 0.0907867664406255], [-0.0023652087034215976, -0.003811331513540723, -0.9999899397193368, 0.0037557271066828157], [0.0, 0.0, 0.0, 1.0]]}, "mean_rme": {"type": "float", "data": 0.0023856742266536446}, "max_rme": {"type": "float", "data": 0.009948719433094583}, "simu": {"type": "float", "data": 0.002}}, {"type": "dict", "image_number": {"type": "int", "data": 28}, "Hcamera2end": {"type": "ndarray", "data": [[0.9999896897801588, 0.000723970694432665, 0.004482878518915944, -0.017437492474606648], [-0.004487263697277364, 0.006173558951147351, 0.9999708753930725, 0.027427538010409223], [0.0006962742942634029, -0.9999806813315497, 0.006176743947812424, 0.02916732232381479], [0.0, 0.0, 0.0, 1.0]]}, "Hobj2base": {"type": "ndarray", "data": [[0.9999967070841209, -0.0005418753797325325, -0.0025084242040948647, -0.7337122484784243], [-0.0005334226434560535, -0.9999941820161937, 0.0033691829940052597, 0.09068698136856275], [-0.002510235287437731, -0.0033678338492992214, -0.9999911781680701, 0.0035263883035545084], [0.0, 0.0, 0.0, 1.0]]}, "mean_rme": {"type": "float", "data": 0.002364945164885598}, "max_rme": {"type": "float", "data": 0.009952093902738102}, "simu": {"type": "float", "data": 0.002}}, {"type": "dict", "image_number": {"type": "int", "data": 29}, "Hcamera2end": {"type": "ndarray", "data": [[0.9999885120994098, 0.0009059235564697285, 0.0047069068100484964, -0.017384165924821504], [-0.00471208658629375, 0.00580309026822734, 0.9999720598013438, 0.027531956748835424], [0.0008785836396827467, -0.9999827515741705, 0.005807292393141927, 0.029603574257470948], [0.0, 0.0, 0.0, 1.0]]}, "Hobj2base": {"type": "ndarray", "data": [[0.9999974740639186, -0.00017374024471784356, -0.002240910553727768, -0.7337762215622312], [-0.00016585301676817375, -0.9999937932835521, 0.0035193589115974353, 0.09083726037538395], [-0.002241508099309928, -0.0035189783601461337, -0.9999912961784923, 0.003268321147010367], [0.0, 0.0, 0.0, 1.0]]}, "mean_rme": {"type": "float", "data": 0.002390630821275847}, "max_rme": {"type": "float", "data": 0.010263141432239276}, "simu": {"type": "float", "data": 0.002}}, {"type": "dict", "image_number": {"type": "int", "data": 30}, "Hcamera2end": {"type": "ndarray", "data": [[0.9999889704885886, 0.0008184426630455546, 0.0046248300271513505, -0.017344214045805537], [-0.004629515991783465, 0.005819313345189481, 0.9999723512047083, 0.027494176108659583], [0.0007915066989956706, -0.9999827327228195, 0.005823038154403548, 0.029632239176055782], [0.0, 0.0, 0.0, 1.0]]}, "Hobj2base": {"type": "ndarray", "data": [[0.9999972993063447, -0.00010764653058622627, -0.0023215926087893374, -0.7338023773669928], [-9.930235790837409e-05, -0.9999935367215402, 0.0035939747059880707, 0.09081453632380049], [-0.0023219644825979513, -0.0035937344601432294, -0.9999908467348946, 0.0033182082604410004], [0.0, 0.0, 0.0, 1.0]]}, "mean_rme": {"type": "float", "data": 0.0023298776029967126}, "max_rme": {"type": "float", "data": 0.010270858528758808}, "simu": {"type": "float", "data": 0.002}}]}