{"type": "list", "data": [{"type": "dict", "image_number": {"type": "int", "data": 5}, "Hcamera2end": {"type": "ndarray", "data": [[0.9999698985923107, -0.0036604543161255394, 0.006841270604463239, -0.020692934141225968], [-0.006765270626109493, 0.020386863618151008, 0.9997692768359959, 0.02727897084354932], [-0.003799081815312087, -0.9997854654204642, 0.02036148598079457, 0.03996106555186268], [0.0, 0.0, 0.0, 1.0]]}, "Hobj2base": {"type": "ndarray", "data": [[0.9998032747783787, -0.011493251266794973, -0.016165299803843985, -0.7507007703967649], [-0.011391583961699208, -0.9999148409286931, 0.006367315399036895, 0.08983902265934254], [-0.016237104337701348, -0.006181914417522358, -0.9998490587968074, 0.005236327852223643], [0.0, 0.0, 0.0, 1.0]]}, "mean_rme": {"type": "float", "data": 0.002293738430835815}, "max_rme": {"type": "float", "data": 0.008343982666095873}, "simu": {"type": "float", "data": 0.002}}, {"type": "dict", "image_number": {"type": "int", "data": 6}, "Hcamera2end": {"type": "ndarray", "data": [[0.9999178126279034, -0.002392692687564657, 0.012595356729052778, -0.019701411985105263], [-0.012596544495176418, -0.0004819938480875585, 0.999920544217745, 0.027881063432950725], [-0.0023864316898375964, -0.9999970213473803, -0.000512093894182053, 0.03892689221239799], [0.0, 0.0, 0.0, 1.0]]}, "Hobj2base": {"type": "ndarray", "data": [[0.9999908515268957, -0.004276448703349552, 9.406913243941811e-05, -0.741518945307141], [-0.004277239843979336, -0.9999267105411842, 0.011326021614153275, 0.09208419465215804], [4.562708771765558e-05, -0.011326320354590518, -0.9999358541353514, 0.0020266562257284424], [0.0, 0.0, 0.0, 1.0]]}, "mean_rme": {"type": "float", "data": 0.0020625330228153374}, "max_rme": {"type": "float", "data": 0.008052615764272325}, "simu": {"type": "float", "data": 0.002}}, {"type": "dict", "image_number": {"type": "int", "data": 7}, "Hcamera2end": {"type": "ndarray", "data": [[0.9999913489541249, 0.0001500490454712203, 0.004156862060929499, -0.018509063667140113], [-0.0041567774803810634, -0.0005596640342018233, 0.9999912039498886, 0.027909781369851283], [0.00015237417182293808, -0.9999998321307124, -0.0005590354720295121, 0.03521128289502456], [0.0, 0.0, 0.0, 1.0]]}, "Hobj2base": {"type": "ndarray", "data": [[0.9999988160471878, -0.001117724169521335, 0.0010576374159768213, -0.7375704456487477], [-0.0011217097856886932, -0.9999922441999061, 0.0037753552406564923, 0.08967078438850105], [0.0010534094073514398, -0.00377653713305325, -0.9999923140184148, 0.0011999181664254272], [0.0, 0.0, 0.0, 1.0]]}, "mean_rme": {"type": "float", "data": 0.002172182633279948}, "max_rme": {"type": "float", "data": 0.008876981107400511}, "simu": {"type": "float", "data": 0.002}}, {"type": "dict", "image_number": {"type": "int", "data": 8}, "Hcamera2end": {"type": "ndarray", "data": [[0.9999902927071938, -0.0013526671419105275, 0.004193421393580354, -0.018480982454611425], [-0.004191414380086888, 0.0014831832477978368, 0.9999901160576279, 0.02804412393987108], [-0.001358873384588364, -0.9999979852274987, 0.0014774992615936844, 0.03446408871597217], [0.0, 0.0, 0.0, 1.0]]}, "Hobj2base": {"type": "ndarray", "data": [[0.9999949361916252, -0.003095507797745466, 0.0007385273059306494, -0.7371072953217722], [-0.003098124525789895, -0.9999888328170787, 0.0035687344478060644, 0.09002538233568114], [0.0007274720133498653, -0.0035710044259781495, -0.9999933593338803, 0.00113040128326259], [0.0, 0.0, 0.0, 1.0]]}, "mean_rme": {"type": "float", "data": 0.0020974915700890844}, "max_rme": {"type": "float", "data": 0.009047035629565214}, "simu": {"type": "float", "data": 0.002}}, {"type": "dict", "image_number": {"type": "int", "data": 9}, "Hcamera2end": {"type": "ndarray", "data": [[0.999989118073075, -0.0011645681763062027, 0.00451746791868231, -0.018523695215906022], [-0.004515621403469296, 0.0015833623255746554, 0.9999885509980035, 0.028181913842809554], [-0.0011717076316722609, -0.9999980683704888, 0.0015780863465588713, 0.03423266209409945], [0.0, 0.0, 0.0, 1.0]]}, "Hobj2base": {"type": "ndarray", "data": [[0.9999961343434715, -0.002677731447784309, 0.0007490343165993024, -0.7370557141011068], [-0.0026807925017069707, -0.9999879360415482, 0.004115959539149694, 0.0901587720546183], [0.0007380038459846389, -0.00411795163384329, -0.9999912488740414, 0.0011003865067798551], [0.0, 0.0, 0.0, 1.0]]}, "mean_rme": {"type": "float", "data": 0.001918426225886414}, "max_rme": {"type": "float", "data": 0.009261429138063687}, "simu": {"type": "float", "data": 0.002}}, {"type": "dict", "image_number": {"type": "int", "data": 10}, "Hcamera2end": {"type": "ndarray", "data": [[0.9999906030990294, -0.002120726804690109, 0.0037810357654148048, -0.01803840575041255], [-0.0037790181466468378, 0.0009545824464296526, 0.9999924038682494, 0.028148216703295495], [-0.0021243200057408807, -0.9999972956414295, 0.0009465592112339882, 0.03485093914703505], [0.0, 0.0, 0.0, 1.0]]}, "Hobj2base": {"type": "ndarray", "data": [[0.9999954344118553, -0.002868345323375742, 0.0009506579566934237, -0.7370964600122256], [-0.002872084794837418, -0.9999880512366157, 0.003955820133289601, 0.09030743528860263], [0.000939299939327003, -0.003958532442906609, -0.9999917238340137, 0.0007312342652708248], [0.0, 0.0, 0.0, 1.0]]}, "mean_rme": {"type": "float", "data": 0.001915033924436828}, "max_rme": {"type": "float", "data": 0.009344612753861975}, "simu": {"type": "float", "data": 0.002}}, {"type": "dict", "image_number": {"type": "int", "data": 11}, "Hcamera2end": {"type": "ndarray", "data": [[0.9999911704535906, -0.0018788202076740644, 0.003758862791469451, -0.01788879957320558], [-0.0037568009487352963, 0.0010997406609759564, 0.9999923384792057, 0.02848763391563175], [-0.0018829395873047835, -0.9999976302997452, 0.0010926725972261186, 0.03475818629096616], [0.0, 0.0, 0.0, 1.0]]}, "Hobj2base": {"type": "ndarray", "data": [[0.9999934275511102, -0.003501705624986458, 0.0009396341300988413, -0.7370655740542909], [-0.003505353781331717, -0.999986214512145, 0.003909383651985931, 0.0901953516210642], [0.0009259316660595631, -0.003912651707812699, -0.999991916870913, 0.00037666960826990026], [0.0, 0.0, 0.0, 1.0]]}, "mean_rme": {"type": "float", "data": 0.001829419853749822}, "max_rme": {"type": "float", "data": 0.009147465366567548}, "simu": {"type": "float", "data": 0.002}}, {"type": "dict", "image_number": {"type": "int", "data": 12}, "Hcamera2end": {"type": "ndarray", "data": [[0.9999923105942803, -0.002007230845037701, 0.0033689429569668155, -0.01758966700038201], [-0.0033674909248987347, 0.0007263416849118132, 0.9999940661987087, 0.02863651528925911], [-0.002009665938232455, -0.9999977217234505, 0.0007195767681210663, 0.03496120297625631], [0.0, 0.0, 0.0, 1.0]]}, "Hobj2base": {"type": "ndarray", "data": [[0.9999922084541936, -0.003519634490465477, 0.0017875133449290763, -0.7370665580418857], [-0.0035250334513539866, -0.9999892078872554, 0.003026259768347643, 0.09035458842781192], [0.0017768427256257416, -0.0030325372334416524, -0.9999938232548518, 0.00023146055693143894], [0.0, 0.0, 0.0, 1.0]]}, "mean_rme": {"type": "float", "data": 0.0017700548087217938}, "max_rme": {"type": "float", "data": 0.009321824311019244}, "simu": {"type": "float", "data": 0.002}}, {"type": "dict", "image_number": {"type": "int", "data": 13}, "Hcamera2end": {"type": "ndarray", "data": [[0.9999949284168141, -0.0027310412164615098, 0.0016384610232372562, -0.016856966564527304], [-0.0016349371717609275, 0.0012920294931673126, 0.9999978288177597, 0.027851624795744278], [-0.0027331522268387505, -0.9999954360264166, 0.0012875578597298931, 0.034828541970922035], [0.0, 0.0, 0.0, 1.0]]}, "Hobj2base": {"type": "ndarray", "data": [[0.9999908509863498, -0.004146062288006885, 0.0010526685612810202, -0.7369534030280295], [-0.004148017845754968, -0.9999896626949616, 0.0018623778261063941, 0.09094552180648081], [0.0010449361450541584, -0.0018667272751641, -0.999997711716248, 0.0007450999497863106], [0.0, 0.0, 0.0, 1.0]]}, "mean_rme": {"type": "float", "data": 0.0019043484422425789}, "max_rme": {"type": "float", "data": 0.009586379676247314}, "simu": {"type": "float", "data": 0.002}}, {"type": "dict", "image_number": {"type": "int", "data": 14}, "Hcamera2end": {"type": "ndarray", "data": [[0.9999982512348342, -0.0014564451618955603, 0.0011731558991481346, -0.016766472867617652], [-0.001169575985053002, 0.0024564039519900938, 0.9999962990789716, 0.027310585611227133], [-0.0014593215164940018, -0.9999959224152443, 0.002454696233031517, 0.03281044302713627], [0.0, 0.0, 0.0, 1.0]]}, "Hobj2base": {"type": "ndarray", "data": [[0.9999943864627138, -0.0033440560210544422, -0.00021055257965360512, -0.7357938973513027], [-0.0033438176513333356, -0.999993779455294, 0.0011224679202721096, 0.0903892891438945], [-0.00021430486550909678, -0.001121757569824207, -0.9999993478664773, 0.001599805063864154], [0.0, 0.0, 0.0, 1.0]]}, "mean_rme": {"type": "float", "data": 0.0020065171264811456}, "max_rme": {"type": "float", "data": 0.009021299341213762}, "simu": {"type": "float", "data": 0.002}}, {"type": "dict", "image_number": {"type": "int", "data": 15}, "Hcamera2end": {"type": "ndarray", "data": [[0.9999982839111953, -0.0018418987565269043, -0.00019895636508670655, -0.01624541330350389], [0.00020379601194302698, 0.0026277167115403843, 0.9999965267800032, 0.0277191962957379], [-0.0018413695582419048, -0.9999948512436726, 0.0026280875737660914, 0.03297734755989005], [0.0, 0.0, 0.0, 1.0]]}, "Hobj2base": {"type": "ndarray", "data": [[0.9999922017464672, -0.0039000385187999828, -0.0006214063120813121, -0.7360353289802426], [-0.003899958714667892, -0.9999923867358871, 0.0001295850622279679, 0.09039934156603421], [-0.0006219069678850867, -0.00012716059272864746, -0.9999997985309335, 0.0012473109069226643], [0.0, 0.0, 0.0, 1.0]]}, "mean_rme": {"type": "float", "data": 0.0019729917250131445}, "max_rme": {"type": "float", "data": 0.009409901772533091}, "simu": {"type": "float", "data": 0.002}}, {"type": "dict", "image_number": {"type": "int", "data": 16}, "Hcamera2end": {"type": "ndarray", "data": [[0.9999973294080394, -0.002185132466167936, -0.0007525775006319182, -0.016116862462768142], [0.0007619951375238546, 0.004312240941651058, 0.9999904119247701, 0.02761757080278705], [-0.0021818662194434727, -0.9999883148188115, 0.004313894485729164, 0.03226933513530848], [0.0, 0.0, 0.0, 1.0]]}, "Hobj2base": {"type": "ndarray", "data": [[0.9999880416101471, -0.004680521975657439, -0.0014175156923546407, -0.7358484159700569], [-0.004680738607628865, -0.9999890341008932, -0.00014954614418085312, 0.09026876958090985], [-0.001416800194006363, 0.00015617937627788415, -0.9999989841420902, 0.0012608110235710762], [0.0, 0.0, 0.0, 1.0]]}, "mean_rme": {"type": "float", "data": 0.0020897173691034484}, "max_rme": {"type": "float", "data": 0.009328495801113057}, "simu": {"type": "float", "data": 0.002}}, {"type": "dict", "image_number": {"type": "int", "data": 17}, "Hcamera2end": {"type": "ndarray", "data": [[0.999996399898324, -0.0024056118380528686, -0.0011887901731754635, -0.01587717236155973], [0.0011982870106246896, 0.003950201720233526, 0.9999914799710093, 0.027745665422242098], [-0.0024008953811831936, -0.9999893044118292, 0.003953070112523771, 0.032368441062967795], [0.0, 0.0, 0.0, 1.0]]}, "Hobj2base": {"type": "ndarray", "data": [[0.9999889978670823, -0.004513036185981591, -0.0012793159002484054, -0.7357852157263968], [-0.004513600153834769, -0.9999897176041861, -0.00043829162806824866, 0.09030719626718978], [-0.0012773247198384634, 0.0004440611263696644, -0.9999990856252199, 0.001148560307944008], [0.0, 0.0, 0.0, 1.0]]}, "mean_rme": {"type": "float", "data": 0.00200894279887724}, "max_rme": {"type": "float", "data": 0.009501448931075213}, "simu": {"type": "float", "data": 0.002}}, {"type": "dict", "image_number": {"type": "int", "data": 18}, "Hcamera2end": {"type": "ndarray", "data": [[0.9999948130543355, -0.0032154187896501793, -0.00018693964736986204, -0.016473814635029612], [0.0001931802363578628, 0.0019406313396024277, 0.9999980983138919, 0.02725190005807004], [-0.0032150498939946346, -0.9999929474911367, 0.0019412424290148333, 0.03270377681134591], [0.0, 0.0, 0.0, 1.0]]}, "Hobj2base": {"type": "ndarray", "data": [[0.9999897355238523, -0.0045203479593178735, 0.0003087090258974347, -0.7351237002364397], [-0.004520429832723337, -0.9999897476836761, 0.000265031442484035, 0.09017858399986828], [0.0003075078265746613, -0.000266424219565413, -0.9999999172285325, 0.0013561134099108103], [0.0, 0.0, 0.0, 1.0]]}, "mean_rme": {"type": "float", "data": 0.0020364039295676212}, "max_rme": {"type": "float", "data": 0.008973728039345069}, "simu": {"type": "float", "data": 0.002}}, {"type": "dict", "image_number": {"type": "int", "data": 19}, "Hcamera2end": {"type": "ndarray", "data": [[0.999995303419351, -0.003060566747092536, -0.00016146339156358834, -0.016322210984843606], [0.0001661902141066472, 0.0015442358084996055, 0.999998793857563, 0.027158652513057973], [-0.0030603137180620866, -0.9999941241162142, 0.0015447371921146758, 0.03290344811387016], [0.0, 0.0, 0.0, 1.0]]}, "Hobj2base": {"type": "ndarray", "data": [[0.9999902986536768, -0.0043151244990895414, 0.00088447673091258, -0.7352767425330967], [-0.004315430129344368, -0.9999906293427003, 0.0003439325364530932, 0.09025268200010125], [0.000882984331070162, -0.00034774609737772943, -0.9999995497055603, 0.0012513619404530259], [0.0, 0.0, 0.0, 1.0]]}, "mean_rme": {"type": "float", "data": 0.002003548373342875}, "max_rme": {"type": "float", "data": 0.00886671766053776}, "simu": {"type": "float", "data": 0.002}}, {"type": "dict", "image_number": {"type": "int", "data": 20}, "Hcamera2end": {"type": "ndarray", "data": [[0.99999519710554, -0.0030238906083898858, -0.0006795965278554243, -0.016117659606635575], [0.0006803984964867075, 0.0002641900373432371, 0.9999997336307196, 0.02729080504004904], [-0.003023710260286248, -0.9999953931339947, 0.0002662462190898829, 0.033617509871769674], [0.0, 0.0, 0.0, 1.0]]}, "Hobj2base": {"type": "ndarray", "data": [[0.9999925957064232, -0.003630180216695144, 0.0012768413857427799, -0.7354491573939854], [-0.0036305953627474227, -0.999993357212513, 0.0003229677379501737, 0.09015913618512537], [0.001275660472863862, -0.0003276010410162678, -0.999999132683582, 0.001179880721043805], [0.0, 0.0, 0.0, 1.0]]}, "mean_rme": {"type": "float", "data": 0.002015602530585436}, "max_rme": {"type": "float", "data": 0.009015957212669096}, "simu": {"type": "float", "data": 0.002}}, {"type": "dict", "image_number": {"type": "int", "data": 21}, "Hcamera2end": {"type": "ndarray", "data": [[0.9999943743190702, -0.0032330765047743, -0.0008936143046717167, -0.015892101620548854], [0.0008937948864870756, 5.441005605399951e-05, 0.999999599085043, 0.027055470919331682], [-0.003233026586981164, -0.9999947721142646, 5.729945720789331e-05, 0.033725761993516096], [0.0, 0.0, 0.0, 1.0]]}, "Hobj2base": {"type": "ndarray", "data": [[0.9999917186709073, -0.0037580071128924895, 0.0015620410188348763, -0.73542187469875], [-0.0037583166106130014, -0.9999929184420342, 0.00019524865567102165, 0.09037283812263497], [0.0015612962113140622, -0.0002011176834601951, -0.9999987609521415, 0.001230457446009483], [0.0, 0.0, 0.0, 1.0]]}, "mean_rme": {"type": "float", "data": 0.0019485090248493918}, "max_rme": {"type": "float", "data": 0.00897034125563731}, "simu": {"type": "float", "data": 0.002}}, {"type": "dict", "image_number": {"type": "int", "data": 22}, "Hcamera2end": {"type": "ndarray", "data": [[0.9999951990549267, -0.002952362378017966, -0.0009409694396508006, -0.015908758247956196], [0.0009425197573232817, 0.0005237635182744338, 0.9999994186639729, 0.026832851273113287], [-0.0029518678162390507, -0.9999955046039786, 0.0005265436635866205, 0.033527738645173305], [0.0, 0.0, 0.0, 1.0]]}, "Hobj2base": {"type": "ndarray", "data": [[0.999992215691188, -0.003806399829112591, 0.001039171482229872, -0.7353676179992785], [-0.0038069160129118175, -0.9999926310560792, 0.000495200979858288, 0.09049517349230429], [0.0010372788917083866, -0.000499153163616799, -0.9999993374490901, 0.0015291697331158123], [0.0, 0.0, 0.0, 1.0]]}, "mean_rme": {"type": "float", "data": 0.0019291034708534092}, "max_rme": {"type": "float", "data": 0.008983665277727843}, "simu": {"type": "float", "data": 0.002}}, {"type": "dict", "image_number": {"type": "int", "data": 23}, "Hcamera2end": {"type": "ndarray", "data": [[0.999995852110464, -0.0025706906782285727, -0.001298965474433006, -0.01568683085590245], [0.0013023955951486418, 0.0013330948181987656, 0.9999982633104515, 0.027122856740229472], [-0.0025689545695939545, -0.9999958071950313, 0.0013364373448845335, 0.03304927391059337], [0.0, 0.0, 0.0, 1.0]]}, "Hobj2base": {"type": "ndarray", "data": [[0.9999934217746093, -0.0036084081045810366, 0.00036850842500646424, -0.7354814298295346], [-0.003608443388069211, -0.9999934850223797, 9.512681373225626e-05, 0.0902826399200566], [0.000368162767816688, -9.645592975629719e-05, -0.9999999275762124, 0.0013722893753146876], [0.0, 0.0, 0.0, 1.0]]}, "mean_rme": {"type": "float", "data": 0.0019297942056288198}, "max_rme": {"type": "float", "data": 0.009032883624287669}, "simu": {"type": "float", "data": 0.002}}, {"type": "dict", "image_number": {"type": "int", "data": 24}, "Hcamera2end": {"type": "ndarray", "data": [[0.9999968513584004, -0.002164253131192884, -0.0012701502546131572, -0.015752357812921336], [0.0012737267951040123, 0.0016519756405881658, 0.9999978242959005, 0.026811668841017208], [-0.0021621501651379656, -0.9999962934855646, 0.001654727106313536, 0.03355495612291733], [0.0, 0.0, 0.0, 1.0]]}, "Hobj2base": {"type": "ndarray", "data": [[0.9999940897607338, -0.003437281704062962, 7.441833441348043e-05, -0.7361122792816731], [-0.003437269604695449, -0.9999940794318358, -0.00016210780268388053, 0.09009327130208596], [7.497510399891002e-05, 0.00016185104870906824, -0.9999999840914857, 0.0017737501064783421], [0.0, 0.0, 0.0, 1.0]]}, "mean_rme": {"type": "float", "data": 0.0019620496623826713}, "max_rme": {"type": "float", "data": 0.008716454030139403}, "simu": {"type": "float", "data": 0.002}}, {"type": "dict", "image_number": {"type": "int", "data": 25}, "Hcamera2end": {"type": "ndarray", "data": [[0.9999964770590426, -0.0019004627503772325, -0.001853135407401249, -0.0152402815922612], [0.0018554229673132484, 0.0012026298754943543, 0.9999975555405098, 0.026745439152888295], [-0.0018982294687687493, -0.9999974709581605, 0.0012061518009358618, 0.03374041427700855], [0.0, 0.0, 0.0, 1.0]]}, "Hobj2base": {"type": "ndarray", "data": [[0.999995157479422, -0.00308359811657314, 0.0004200480466046283, -0.7359740831598474], [-0.0030833403285872455, -0.9999950586205268, -0.0006129820112974074, 0.09019590971953231], [0.00042193616116336323, 0.0006116838918373635, -0.9999997239063076, 0.0017647653464719793], [0.0, 0.0, 0.0, 1.0]]}, "mean_rme": {"type": "float", "data": 0.0019505275346952153}, "max_rme": {"type": "float", "data": 0.008679308945519382}, "simu": {"type": "float", "data": 0.002}}, {"type": "dict", "image_number": {"type": "int", "data": 26}, "Hcamera2end": {"type": "ndarray", "data": [[0.9999954543177614, -0.0026092199416524525, -0.0015110642309712958, -0.015184435149318441], [0.0015127234672203367, 0.0006340563771630725, 0.9999986548192064, 0.026601110250887912], [-0.0026082583318679507, -0.9999963949654052, 0.0006380005231810815, 0.034135724321152916], [0.0, 0.0, 0.0, 1.0]]}, "Hobj2base": {"type": "ndarray", "data": [[0.999992925499, -0.003629145824197193, 0.000989066498381047, -0.736122611219849], [-0.0036287971595351906, -0.9999933532051208, -0.00035408580093188177, 0.09047817218766047], [0.0009903449532647692, 0.0003504941742516124, -0.9999994481852019, 0.0018069244379043071], [0.0, 0.0, 0.0, 1.0]]}, "mean_rme": {"type": "float", "data": 0.0019446976559548581}, "max_rme": {"type": "float", "data": 0.008539185818114803}, "simu": {"type": "float", "data": 0.002}}, {"type": "dict", "image_number": {"type": "int", "data": 27}, "Hcamera2end": {"type": "ndarray", "data": [[0.9999949755092615, -0.0028872932718454606, -0.0013086228615254215, -0.014948850109203408], [0.0013104459594520958, 0.0006296196623899464, 0.9999989431546756, 0.026707725437030712], [-0.0028864662857387966, -0.9999956335487887, 0.0006334001406735901, 0.03380646647472463], [0.0, 0.0, 0.0, 1.0]]}, "Hobj2base": {"type": "ndarray", "data": [[0.9999913359484681, -0.004062327915650903, 0.0009085812586868895, -0.7359088042725618], [-0.004062332802269407, -0.999991748685819, 3.5328724573897084e-06, 0.09087747612479188], [0.0009085594100110591, -7.22380129909166e-06, -0.9999995872337222, 0.0015287777639704462], [0.0, 0.0, 0.0, 1.0]]}, "mean_rme": {"type": "float", "data": 0.0019803940008778797}, "max_rme": {"type": "float", "data": 0.008636920267553111}, "simu": {"type": "float", "data": 0.002}}, {"type": "dict", "image_number": {"type": "int", "data": 28}, "Hcamera2end": {"type": "ndarray", "data": [[0.9999946000135433, -0.003087944102248129, -0.0011245198863611646, -0.014974888895283216], [0.0011257619602521227, 0.00040052459603456825, 0.9999992861197737, 0.02650712505142122], [-0.0030874914999526764, -0.9999951520788837, 0.0004039987232129505, 0.03351597688158147], [0.0, 0.0, 0.0, 1.0]]}, "Hobj2base": {"type": "ndarray", "data": [[0.9999914380319093, -0.003950879927949107, 0.0012306139398868703, -0.7355118344790033], [-0.003950814868949576, -0.9999921939717777, -5.529359610301336e-05, 0.09088014435616325], [0.0012308227920387123, 5.043119482936624e-05, -0.9999992412656868, 0.0017159265903122004], [0.0, 0.0, 0.0, 1.0]]}, "mean_rme": {"type": "float", "data": 0.0019925204549896907}, "max_rme": {"type": "float", "data": 0.008480282235098224}, "simu": {"type": "float", "data": 0.002}}, {"type": "dict", "image_number": {"type": "int", "data": 29}, "Hcamera2end": {"type": "ndarray", "data": [[0.9999945477301346, -0.0030933484129726093, -0.00115572730322274, -0.014959717113849089], [0.0011569766802040707, 0.00040213245924580754, 0.9999992498469421, 0.026514328809820877], [-0.0030928813370251756, -0.9999951347307052, 0.00040570919868865296, 0.033514340274404], [0.0, 0.0, 0.0, 1.0]]}, "Hobj2base": {"type": "ndarray", "data": [[0.999991562785981, -0.0038905331034033426, 0.0013183736279206337, -0.7355177027449522], [-0.0038904496361129525, -0.9999924300027714, -6.5869431812722e-05, 0.09087322307888004], [0.0013186199150408934, 6.073980985722374e-05, -0.9999991287757184, 0.0016993246728959478], [0.0, 0.0, 0.0, 1.0]]}, "mean_rme": {"type": "float", "data": 0.0019296633556134773}, "max_rme": {"type": "float", "data": 0.008498342622681232}, "simu": {"type": "float", "data": 0.002}}, {"type": "dict", "image_number": {"type": "int", "data": 30}, "Hcamera2end": {"type": "ndarray", "data": [[0.9999963427838542, -0.002406078555707716, -0.0012349918623948282, -0.014806353808992158], [0.0012369896691464002, 0.0008290053707427081, 0.999998891302712, 0.02634762828393757], [-0.002405052073208198, -0.9999967617627963, 0.0008319786332074974, 0.03324279820952208], [0.0, 0.0, 0.0, 1.0]]}, "Hobj2base": {"type": "ndarray", "data": [[0.9999938026019618, -0.0034077190475414014, 0.0008844255545832967, -0.7356353140403011], [-0.0034074877161853617, -0.999994159928927, -0.0002629363105661965, 0.09081876927207017], [0.000885316402549006, 0.00025992101183209816, -0.9999995743278769, 0.0019833743772428767], [0.0, 0.0, 0.0, 1.0]]}, "mean_rme": {"type": "float", "data": 0.0019594415648324292}, "max_rme": {"type": "float", "data": 0.008356195130844901}, "simu": {"type": "float", "data": 0.002}}]}