{"type": "list", "data": [{"type": "dict", "image_number": {"type": "int", "data": 5}, "Hcamera2end": {"type": "ndarray", "data": [[0.9996910244864237, -0.001607378550193413, 0.024804674871506643, -0.011767303934327329], [-0.024780578968991822, 0.013589838332128013, 0.9996005398158148, 0.028759532187619306], [-0.0019438279878464717, -0.9999063619301074, 0.013545807633753792, 0.031534756335095684], [0.0, 0.0, 0.0, 1.0]]}, "Hobj2base": {"type": "ndarray", "data": [[0.9999513436041206, -0.0058101602624084665, -0.007971979806739566, -0.7392889341626525], [-0.005597733685695822, -0.9996353879800781, 0.0264150804561133, 0.1079203149095949], [-0.008122548977873885, -0.026369170173595566, -0.9996192730547258, 0.0004597707539575113], [0.0, 0.0, 0.0, 1.0]]}, "mean_rme": {"type": "float", "data": 0.0014541224315274223}, "max_rme": {"type": "float", "data": 0.005017426315667234}, "simu": {"type": "float", "data": 0.002}}, {"type": "dict", "image_number": {"type": "int", "data": 6}, "Hcamera2end": {"type": "ndarray", "data": [[0.9999983926944592, -0.0016780600996982916, 0.0006314450094571708, -0.013798361271834425], [-0.0006274096662713017, 0.00240420614208825, 0.9999969130702039, 0.02685765748547334], [-0.0016795730436146984, -0.9999957019443274, 0.0024031494466671965, 0.030762054838158696], [0.0, 0.0, 0.0, 1.0]]}, "Hobj2base": {"type": "ndarray", "data": [[0.9999999167952643, 0.00013025364476701727, 0.00038657916701929, -0.7327815116800492], [0.0001294311918378909, -0.9999977300291034, 0.002126777893312164, 0.09173103780172857], [0.00038685531006804537, -0.002126727680951845, -0.9999976636834411, 0.002589479353543126], [0.0, 0.0, 0.0, 1.0]]}, "mean_rme": {"type": "float", "data": 0.0013587380482364682}, "max_rme": {"type": "float", "data": 0.005013334442136058}, "simu": {"type": "float", "data": 0.002}}, {"type": "dict", "image_number": {"type": "int", "data": 7}, "Hcamera2end": {"type": "ndarray", "data": [[0.9999972036164662, -0.0013281834598087364, 0.0019567033359692205, -0.013585482963575602], [-0.0019490090312913196, 0.005769886066259833, 0.9999814547173255, 0.027138668753557287], [-0.0013394487835850434, -0.9999824720181246, 0.005767281289887016, 0.029740809677236503], [0.0, 0.0, 0.0, 1.0]]}, "Hobj2base": {"type": "ndarray", "data": [[0.9999965837322438, -0.001146747420710514, -0.0023489346935777057, -0.7337737630951243], [-0.0011407702993092483, -0.9999961124030108, 0.0025443706470754273, 0.09278357417319007], [-0.0023518433123431277, -0.002541682359890575, -0.9999940043239341, 0.0030134420178373517], [0.0, 0.0, 0.0, 1.0]]}, "mean_rme": {"type": "float", "data": 0.0014216892987321166}, "max_rme": {"type": "float", "data": 0.004922030638284863}, "simu": {"type": "float", "data": 0.002}}, {"type": "dict", "image_number": {"type": "int", "data": 8}, "Hcamera2end": {"type": "ndarray", "data": [[0.9999971988662518, -0.0004466579455667041, 0.002324382999778784, -0.013698738532384916], [-0.002322378943293086, 0.004436107271870382, 0.9999874636755782, 0.029058105283435325], [-0.0004569635584457234, -0.9999900606750808, 0.004435057536733011, 0.030009337888848266], [0.0, 0.0, 0.0, 1.0]]}, "Hobj2base": {"type": "ndarray", "data": [[0.9999979270935444, 0.0003622020718605842, -0.0020036512354532116, -0.7339847169068024], [0.000368460169675677, -0.999995052855744, 0.0031238599746188037, 0.09160355420605444], [-0.002002509854546502, -0.003124591764823482, -0.9999931134165803, 0.0013724569067555745], [0.0, 0.0, 0.0, 1.0]]}, "mean_rme": {"type": "float", "data": 0.0013966087538023456}, "max_rme": {"type": "float", "data": 0.004766172713420669}, "simu": {"type": "float", "data": 0.002}}, {"type": "dict", "image_number": {"type": "int", "data": 9}, "Hcamera2end": {"type": "ndarray", "data": [[0.9999995755141866, -0.0006323714080916016, 0.0006701327098277947, -0.013099279152019581], [-0.0006671597821311923, 0.00468979490393262, 0.9999887802978512, 0.028591789726079935], [-0.0006355070980402644, -0.9999888029023932, 0.004689371020410338, 0.029227770989621805], [0.0, 0.0, 0.0, 1.0]]}, "Hobj2base": {"type": "ndarray", "data": [[0.9999965303677849, 0.0010600129383223965, -0.0024115606901823415, -0.7335207319986802], [0.001064150400965304, -0.9999979631041482, 0.001715042704580966, 0.09082123112019685], [-0.0024097378106277445, -0.0017176030172889574, -0.9999956214921939, 0.0016004832881982597], [0.0, 0.0, 0.0, 1.0]]}, "mean_rme": {"type": "float", "data": 0.0015054180399090243}, "max_rme": {"type": "float", "data": 0.004919666082391916}, "simu": {"type": "float", "data": 0.002}}, {"type": "dict", "image_number": {"type": "int", "data": 10}, "Hcamera2end": {"type": "ndarray", "data": [[0.9999776555812979, -0.001817016409789869, -0.006433256523540589, -0.011442474625589958], [0.006444868959623877, 0.006459071111867942, 0.9999583711657527, 0.028724965319821213], [-0.0017753879081484837, -0.9999774891725006, 0.00647063722033725, 0.02816267361038799], [0.0, 0.0, 0.0, 1.0]]}, "Hobj2base": {"type": "ndarray", "data": [[0.9999958327106472, 0.0005403841202979766, -0.002835938352988965, -0.7326430459491498], [0.0005294259529888978, -0.9999923970305054, -0.0038633650286108772, 0.08894173827915941], [-0.0028380044925485548, 0.003861847509485778, -0.9999885158662141, 0.0010476685401285602], [0.0, 0.0, 0.0, 1.0]]}, "mean_rme": {"type": "float", "data": 0.0019273895111377377}, "max_rme": {"type": "float", "data": 0.006809237958599779}, "simu": {"type": "float", "data": 0.002}}, {"type": "dict", "image_number": {"type": "int", "data": 11}, "Hcamera2end": {"type": "ndarray", "data": [[0.9999796887046626, -0.0018905188256369376, -0.006086716413301964, -0.010969910890825812], [0.006100265001176223, 0.0072454765811502675, 0.9999551439119793, 0.028813322553634224], [-0.0018463328631294082, -0.9999719641108352, 0.007256862081961635, 0.027648966690275827], [0.0, 0.0, 0.0, 1.0]]}, "Hobj2base": {"type": "ndarray", "data": [[0.9999911304126702, -0.00019133507492049477, -0.004207432338043169, -0.732690078883801], [-0.00020918391201380735, -0.9999909800123628, -0.004242185286489599, 0.08928355408163773], [-0.004206582708215879, 0.004243027787212737, -0.9999821505292559, 0.00045159347948785613], [0.0, 0.0, 0.0, 1.0]]}, "mean_rme": {"type": "float", "data": 0.0020558735051972327}, "max_rme": {"type": "float", "data": 0.0072977882538780015}, "simu": {"type": "float", "data": 0.002}}, {"type": "dict", "image_number": {"type": "int", "data": 12}, "Hcamera2end": {"type": "ndarray", "data": [[0.9999888387212815, -0.002331345742612414, -0.0041094111367994705, -0.011625059016988591], [0.004130454620163614, 0.00909448371558097, 0.9999501136109631, 0.029141909783584732], [-0.002293856467527469, -0.9999559266252566, 0.009104011727307126, 0.026113905557787163], [0.0, 0.0, 0.0, 1.0]]}, "Hobj2base": {"type": "ndarray", "data": [[0.999982666225884, -0.002014925526576679, -0.0055323885342973755, -0.7323110385451345], [-0.00202688066773207, -0.9999956213097914, -0.0021561808836200666, 0.09005356401622205], [-0.005528019765779549, 0.0021673570002342267, -0.9999823716251715, 0.00019445523707704396], [0.0, 0.0, 0.0, 1.0]]}, "mean_rme": {"type": "float", "data": 0.002117011407982546}, "max_rme": {"type": "float", "data": 0.007752005396060413}, "simu": {"type": "float", "data": 0.002}}, {"type": "dict", "image_number": {"type": "int", "data": 13}, "Hcamera2end": {"type": "ndarray", "data": [[0.9999844765358787, -0.002551768745573873, -0.004953298247994004, -0.011381146253794185], [0.004977076627008673, 0.009397878731172704, 0.9999434526930024, 0.02906327913819665], [-0.002505073953669253, -0.999952583051628, 0.009410433192120538, 0.026087324671103463], [0.0, 0.0, 0.0, 1.0]]}, "Hobj2base": {"type": "ndarray", "data": [[0.9999819483186698, -0.002306761381292176, -0.00554814281781107, -0.732395322220457], [-0.0023205938297503996, -0.9999942122753585, -0.0024880233243611367, 0.08986866564699758], [-0.005542371430567779, 0.0025008533973465297, -0.9999815137547345, 0.00021480505048573266], [0.0, 0.0, 0.0, 1.0]]}, "mean_rme": {"type": "float", "data": 0.0020287800237889448}, "max_rme": {"type": "float", "data": 0.007497952997804536}, "simu": {"type": "float", "data": 0.002}}, {"type": "dict", "image_number": {"type": "int", "data": 14}, "Hcamera2end": {"type": "ndarray", "data": [[0.9999921055620417, -0.0006282821009643328, -0.0039235284115483535, -0.010865142092420807], [0.0039307595896810165, 0.011954547723739939, 0.9999208158238176, 0.029353118353249327], [-0.000581328343322453, -0.9999283444579029, 0.011956922975198014, 0.02534788031406458], [0.0, 0.0, 0.0, 1.0]]}, "Hobj2base": {"type": "ndarray", "data": [[0.9999741017488358, -0.0006342270125682775, -0.007168932117511575, -0.7327840734021295], [-0.000645907280473376, -0.9999984676865821, -0.001627091968438187, 0.09069439074751398], [-0.0071678891867823806, 0.0016316802950496413, -0.9999729791269469, 3.74654957549276e-05], [0.0, 0.0, 0.0, 1.0]]}, "mean_rme": {"type": "float", "data": 0.0021160142053685918}, "max_rme": {"type": "float", "data": 0.007545500272442163}, "simu": {"type": "float", "data": 0.002}}, {"type": "dict", "image_number": {"type": "int", "data": 15}, "Hcamera2end": {"type": "ndarray", "data": [[0.9999822951158771, -0.0006959998781284104, -0.005909741022458996, -0.010507211481090994], [0.005916093691796212, 0.009509434361112734, 0.9999372832800874, 0.029535984090816435], [-0.0006397579329547455, -0.9999545420879398, 0.00951338359816778, 0.026713452508824866], [0.0, 0.0, 0.0, 1.0]]}, "Hobj2base": {"type": "ndarray", "data": [[0.999982000452088, -5.343642681853335e-05, -0.005999659689404534, -0.7333441172677436], [-7.38458164498221e-05, -0.9999942118565637, -0.0034015878890134485, 0.09005019710390647], [-0.005999443193811382, 0.0034019697117374484, -0.9999762163588921, -0.00031435173229932647], [0.0, 0.0, 0.0, 1.0]]}, "mean_rme": {"type": "float", "data": 0.0021651454788073057}, "max_rme": {"type": "float", "data": 0.007800978168714223}, "simu": {"type": "float", "data": 0.002}}, {"type": "dict", "image_number": {"type": "int", "data": 16}, "Hcamera2end": {"type": "ndarray", "data": [[0.9999803130506284, -0.0008561848647044806, -0.006216144998687546, -0.010424852685763833], [0.006223811764548531, 0.009263608429374237, 0.9999377229237763, 0.02953058795906865], [-0.0007985476108063453, -0.9999567253168233, 0.009268754790617617, 0.026860682588723025], [0.0, 0.0, 0.0, 1.0]]}, "Hobj2base": {"type": "ndarray", "data": [[0.9999837612539033, -0.0005630309836050968, -0.0056709985547441525, -0.7332748453770683], [-0.0005836728326592392, -0.9999932088446761, -0.0036388996348460873, 0.09006034768732618], [-0.005668911228871479, 0.0036421505514693, -0.9999772988347484, -0.0005043609417600299], [0.0, 0.0, 0.0, 1.0]]}, "mean_rme": {"type": "float", "data": 0.002088402747579077}, "max_rme": {"type": "float", "data": 0.00776151161789862}, "simu": {"type": "float", "data": 0.002}}, {"type": "dict", "image_number": {"type": "int", "data": 17}, "Hcamera2end": {"type": "ndarray", "data": [[0.9999766447501871, -0.0030932904465568517, -0.006094383346266141, -0.010285051957855278], [0.006119205444587122, 0.008079489251722416, 0.9999486372700138, 0.030563602550775983], [-0.0030438920619728447, -0.9999625760035443, 0.008098229032974857, 0.027382578536742943], [0.0, 0.0, 0.0, 1.0]]}, "Hobj2base": {"type": "ndarray", "data": [[0.9999884829395037, -0.0019064573857735542, -0.004404475971799325, -0.7333149136054304], [-0.0019248487428645403, -0.9999894314944369, -0.004175147512393743, 0.08980246629271454], [-0.004396469682258817, 0.004183577377004557, -0.9999815841977611, -0.001775429065725381], [0.0, 0.0, 0.0, 1.0]]}, "mean_rme": {"type": "float", "data": 0.0021819024722299087}, "max_rme": {"type": "float", "data": 0.008081758598438404}, "simu": {"type": "float", "data": 0.002}}, {"type": "dict", "image_number": {"type": "int", "data": 18}, "Hcamera2end": {"type": "ndarray", "data": [[0.9999777585721, -0.003091588312285806, -0.005909690586336157, -0.01049304058632819], [0.005934835832282666, 0.008188495674720464, 0.999948861823558, 0.030693680818884767], [-0.0030430387382920556, -0.9999616945764936, 0.008206661619978739, 0.027458072942191786], [0.0, 0.0, 0.0, 1.0]]}, "Hobj2base": {"type": "ndarray", "data": [[0.9999893736017998, -0.0023672459300690266, -0.003955860233436729, -0.7334570074048613], [-0.0023837403401152915, -0.9999884638989429, -0.004170114030077988, 0.08982825155109579], [-0.003945942912767683, 0.004179499460404065, -0.9999834805229484, -0.0019347745237089406], [0.0, 0.0, 0.0, 1.0]]}, "mean_rme": {"type": "float", "data": 0.002115526486975051}, "max_rme": {"type": "float", "data": 0.008144185100327161}, "simu": {"type": "float", "data": 0.002}}, {"type": "dict", "image_number": {"type": "int", "data": 19}, "Hcamera2end": {"type": "ndarray", "data": [[0.9999786306249782, -0.0027601853609165367, -0.005926185127615071, -0.010639666503608343], [0.0059480877979786444, 0.007995782663149376, 0.999950342622648, 0.0303542712684702], [-0.00271266380904851, -0.9999642237782195, 0.008012029623136518, 0.02754349204704495], [0.0, 0.0, 0.0, 1.0]]}, "Hobj2base": {"type": "ndarray", "data": [[0.9999878353919142, -0.0022790996469458915, -0.004374331148106753, -0.7334523172750783], [-0.002297845793799308, -0.9999881781643594, -0.00428525801240288, 0.08994177908941693], [-0.004364512905459745, 0.004295257422347975, -0.9999812507196189, -0.0014689247639101603], [0.0, 0.0, 0.0, 1.0]]}, "mean_rme": {"type": "float", "data": 0.0020820842458444517}, "max_rme": {"type": "float", "data": 0.008151434245054046}, "simu": {"type": "float", "data": 0.002}}, {"type": "dict", "image_number": {"type": "int", "data": 20}, "Hcamera2end": {"type": "ndarray", "data": [[0.9999814287839702, -0.002993200287871471, -0.0053087511908352135, -0.011314696733570025], [0.005332804932420559, 0.008086248315012923, 0.9999530857893989, 0.030461562475270883], [-0.002950131983871079, -0.9999628259791585, 0.00810206029680749, 0.027873953967563484], [0.0, 0.0, 0.0, 1.0]]}, "Hobj2base": {"type": "ndarray", "data": [[0.99998854562729, -0.002781930203654484, -0.003894801478814079, -0.7338694395262777], [-0.002797961121659644, -0.9999876124421372, -0.004116597604326301, 0.08977188148434175], [-0.0038833011445236283, 0.004127447954397348, -0.9999839419438719, -0.001573949215699863], [0.0, 0.0, 0.0, 1.0]]}, "mean_rme": {"type": "float", "data": 0.002056220187417202}, "max_rme": {"type": "float", "data": 0.008172572319602223}, "simu": {"type": "float", "data": 0.002}}, {"type": "dict", "image_number": {"type": "int", "data": 21}, "Hcamera2end": {"type": "ndarray", "data": [[0.9999793570385015, -0.003384069401372364, -0.005462011639669096, -0.011203571156030543], [0.005490967132848754, 0.008607036369226218, 0.9999478827443382, 0.030208314879646283], [-0.0033368813001304265, -0.999957232585087, 0.008625440508364113, 0.02817078062160445], [0.0, 0.0, 0.0, 1.0]]}, "Hobj2base": {"type": "ndarray", "data": [[0.9999846516319316, -0.0035391760767570844, -0.004262714306873052, -0.7343318229665112], [-0.003556730561644446, -0.999985197282032, -0.00411763093636976, 0.08981876397076585], [-0.004248078186212473, 0.004132729063705393, -0.9999824370368764, -0.0012354978237784245], [0.0, 0.0, 0.0, 1.0]]}, "mean_rme": {"type": "float", "data": 0.002051266378165931}, "max_rme": {"type": "float", "data": 0.008128614682135216}, "simu": {"type": "float", "data": 0.002}}, {"type": "dict", "image_number": {"type": "int", "data": 22}, "Hcamera2end": {"type": "ndarray", "data": [[0.999980282798927, -0.0034233527664549682, -0.005264472358587539, -0.011312291983928887], [0.005294351744716779, 0.008778419721885866, 0.9999474532128124, 0.030192327646580808], [-0.0033769591322877334, -0.9999556090162317, 0.008796371069710984, 0.02816881169331268], [0.0, 0.0, 0.0, 1.0]]}, "Hobj2base": {"type": "ndarray", "data": [[0.9999832084817412, -0.003830501462064356, -0.004348564488612341, -0.7343403584308653], [-0.0038477655350050793, -0.999984722092149, -0.003968662580270441, 0.08986549293723764], [-0.004333296083828632, 0.00398532819696629, -0.9999826697019369, -0.0010896238571923996], [0.0, 0.0, 0.0, 1.0]]}, "mean_rme": {"type": "float", "data": 0.002004579094507982}, "max_rme": {"type": "float", "data": 0.008099340284347667}, "simu": {"type": "float", "data": 0.002}}, {"type": "dict", "image_number": {"type": "int", "data": 23}, "Hcamera2end": {"type": "ndarray", "data": [[0.9999805214925611, -0.003394914997297331, -0.00523747912898545, -0.011308877633644835], [0.005266840851436519, 0.008698278472017096, 0.9999482988330289, 0.030155804637556287], [-0.0033491824242749117, -0.9999564063016867, 0.00871598951953012, 0.028176869301357866], [0.0, 0.0, 0.0, 1.0]]}, "Hobj2base": {"type": "ndarray", "data": [[0.9999825007758647, -0.0039981318543681685, -0.004360399491203135, -0.7342857904476375], [-0.004016285649530167, -0.9999832711578669, -0.004162553782620526, 0.08989012104538645], [-0.004343684107894593, 0.004179993551061647, -0.9999818298660648, -0.0010735640458043774], [0.0, 0.0, 0.0, 1.0]]}, "mean_rme": {"type": "float", "data": 0.001935807599259781}, "max_rme": {"type": "float", "data": 0.008139109010408152}, "simu": {"type": "float", "data": 0.002}}, {"type": "dict", "image_number": {"type": "int", "data": 24}, "Hcamera2end": {"type": "ndarray", "data": [[0.9999832142945883, -0.0034285275690631393, -0.004670795196933078, -0.011688982228487944], [0.004698539117119274, 0.008129128963871413, 0.9999559195246823, 0.030363902195439652], [-0.003390406941418558, -0.9999610804731334, 0.008145101581604752, 0.028500809019234626], [0.0, 0.0, 0.0, 1.0]]}, "Hobj2base": {"type": "ndarray", "data": [[0.9999845394531641, -0.004045064001149583, -0.0038155355940934573, -0.7341917936100016], [-0.004058432740170105, -0.9999856305168462, -0.0035025538565986282, 0.08994606247260077], [-0.003801312712301602, 0.0035179847997770363, -0.9999865868123488, -0.001266416629209487], [0.0, 0.0, 0.0, 1.0]]}, "mean_rme": {"type": "float", "data": 0.0019330194806368647}, "max_rme": {"type": "float", "data": 0.00814692340953993}, "simu": {"type": "float", "data": 0.002}}, {"type": "dict", "image_number": {"type": "int", "data": 25}, "Hcamera2end": {"type": "ndarray", "data": [[0.9999824724066252, -0.00332128729574335, -0.004901421246140804, -0.011616216951851296], [0.004926405786381482, 0.007556592423136443, 0.999959313390789, 0.030463848615820632], [-0.0032841141211738837, -0.9999659329005411, 0.007572821983209188, 0.028723216891190666], [0.0, 0.0, 0.0, 1.0]]}, "Hobj2base": {"type": "ndarray", "data": [[0.999986663902537, -0.0037347547232500083, -0.003567018955906975, -0.7341112382596546], [-0.0037471521170126497, -0.9999869407448192, -0.0034752252917633233, 0.08990054132372727], [-0.003553993259223426, 0.0034885451084521774, -0.9999875995155834, -0.0013384265801413098], [0.0, 0.0, 0.0, 1.0]]}, "mean_rme": {"type": "float", "data": 0.0019155514156426838}, "max_rme": {"type": "float", "data": 0.008146206871097628}, "simu": {"type": "float", "data": 0.002}}, {"type": "dict", "image_number": {"type": "int", "data": 26}, "Hcamera2end": {"type": "ndarray", "data": [[0.9999852909372936, -0.003607618909925475, -0.0040500610929868645, -0.012234047655085194], [0.004078799212982131, 0.007994536930143181, 0.9999597245770715, 0.030258982461531646], [-0.0035750952485708934, -0.9999615354927776, 0.008009134091168768, 0.028507172503578072], [0.0, 0.0, 0.0, 1.0]]}, "Hobj2base": {"type": "ndarray", "data": [[0.9999842432025557, -0.004219033272062098, -0.00370312096225399, -0.7340222385374863], [-0.004229204602089607, -0.999987294337795, -0.002743171779257271, 0.0900890286803025], [-0.00369150037864227, 0.00275878981187085, -0.9999893808954818, -0.0008451342108149462], [0.0, 0.0, 0.0, 1.0]]}, "mean_rme": {"type": "float", "data": 0.0019318667582502384}, "max_rme": {"type": "float", "data": 0.008015390144680112}, "simu": {"type": "float", "data": 0.002}}, {"type": "dict", "image_number": {"type": "int", "data": 27}, "Hcamera2end": {"type": "ndarray", "data": [[0.999981840612392, -0.003462754386859041, -0.004932319688436807, -0.01190975854549336], [0.0049627349667968595, 0.008830604107184059, 0.9999486945302501, 0.030456089430217437], [-0.003419021366119941, -0.9999550138697032, 0.008847628481098324, 0.02813164848830222], [0.0, 0.0, 0.0, 1.0]]}, "Hobj2base": {"type": "ndarray", "data": [[0.9999813129517431, -0.004452690978164826, -0.00418894859850567, -0.7340115976579483], [-0.004467359673847794, -0.9999838999095298, -0.0034989454513656253, 0.09001574392315616], [-0.004173301433209873, 0.003517593606447913, -0.9999851049342521, -0.001129800321688772], [0.0, 0.0, 0.0, 1.0]]}, "mean_rme": {"type": "float", "data": 0.0019751508437725208}, "max_rme": {"type": "float", "data": 0.0077084611120215585}, "simu": {"type": "float", "data": 0.002}}, {"type": "dict", "image_number": {"type": "int", "data": 28}, "Hcamera2end": {"type": "ndarray", "data": [[0.9999804278536878, -0.0028268560051540152, -0.005581468864172051, -0.011907862128673242], [0.005606887124386721, 0.009065050423108456, 0.9999431922252389, 0.03056174116062699], [-0.0027760991210660623, -0.9999549158566863, 0.009080722863152979, 0.0283633526093037], [0.0, 0.0, 0.0, 1.0]]}, "Hobj2base": {"type": "ndarray", "data": [[0.9999814513253672, -0.004118446859892275, -0.004487248675369488, -0.7345233182599206], [-0.004136790591961882, -0.9999830940671686, -0.004086385132503596, 0.08964702239020775], [-0.004470343254227513, 0.004104872143579411, -0.9999815828583418, -0.0011986102875666221], [0.0, 0.0, 0.0, 1.0]]}, "mean_rme": {"type": "float", "data": 0.0019811563262496436}, "max_rme": {"type": "float", "data": 0.00817735921523699}, "simu": {"type": "float", "data": 0.002}}, {"type": "dict", "image_number": {"type": "int", "data": 29}, "Hcamera2end": {"type": "ndarray", "data": [[0.9999806584217796, -0.0030491913742199915, -0.005420813067019514, -0.012160928279443275], [0.0054480275241475164, 0.008988788322511154, 0.9999447588145004, 0.030586977572322552], [-0.0030002963920783233, -0.999954951043524, 0.009005226543691847, 0.028387086654160197], [0.0, 0.0, 0.0, 1.0]]}, "Hobj2base": {"type": "ndarray", "data": [[0.999981089228516, -0.004402623008388715, -0.00429396040929507, -0.7344023672815418], [-0.004418397414086499, -0.9999835003146511, -0.0036710846830791725, 0.0895712854321539], [-0.004277727158407946, 0.0036899876836042514, -0.9999840423933044, -0.0011300121276130734], [0.0, 0.0, 0.0, 1.0]]}, "mean_rme": {"type": "float", "data": 0.00194712498643308}, "max_rme": {"type": "float", "data": 0.008257564450550703}, "simu": {"type": "float", "data": 0.002}}, {"type": "dict", "image_number": {"type": "int", "data": 30}, "Hcamera2end": {"type": "ndarray", "data": [[0.9999801227765817, -0.0036125996987126474, -0.00516751150452981, -0.012010839747979377], [0.005203556891488241, 0.010040525558653646, 0.9999360533765062, 0.03085782310835593], [-0.0035604841538240117, -0.9999430668642705, 0.010059124348942294, 0.027510144438992388], [0.0, 0.0, 0.0, 1.0]]}, "Hobj2base": {"type": "ndarray", "data": [[0.9999727761985854, -0.005470508599683564, -0.004951807483613906, -0.7341150918662404], [-0.005485481116294346, -0.9999804090459221, -0.003015132049130757, 0.09006849954512881], [-0.004935216167176939, 0.0030422130122175015, -0.9999831941494679, -0.0012555173750180004], [0.0, 0.0, 0.0, 1.0]]}, "mean_rme": {"type": "float", "data": 0.0019890005807919548}, "max_rme": {"type": "float", "data": 0.007998880110880568}, "simu": {"type": "float", "data": 0.002}}]}