{"type": "list", "data": [{"type": "dict", "image_number": {"type": "int", "data": 5}, "Hcamera2end": {"type": "ndarray", "data": [[0.9996501297891839, 0.001785697381767322, -0.02638994689893449, -0.022645784762863858], [0.026407050684880074, -0.010349784030295517, 0.9995976938972261, 0.02675043198049391], [0.00151184873383799, -0.9999448451066625, -0.010393317950443182, 0.027409310780083296], [0.0, 0.0, 0.0, 1.0]]}, "Hobj2base": {"type": "ndarray", "data": [[0.9999442897287868, 0.006677687998626249, 0.008174712336540432, -0.7253300362263646], [0.006875781607763679, -0.9996774298824376, -0.02444912699724521, 0.06844423394046939], [0.008008811776694599, 0.02450397246648161, -0.9996676519060164, 0.0038241567706743585], [0.0, 0.0, 0.0, 1.0]]}, "mean_rme": {"type": "float", "data": 0.0016089102942441465}, "max_rme": {"type": "float", "data": 0.006038694053466492}, "simu": {"type": "float", "data": 0.002}}, {"type": "dict", "image_number": {"type": "int", "data": 6}, "Hcamera2end": {"type": "ndarray", "data": [[0.9999989365209071, 0.0014369556393022402, 0.0002492299048933909, -0.02026364060320496], [-0.0002551344197936372, 0.004110326632225658, 0.9999915200247471, 0.025495599111054725], [0.001435919037638349, -0.9999905201417996, 0.004110688877822621, 0.027977983500533415], [0.0, 0.0, 0.0, 1.0]]}, "Hobj2base": {"type": "ndarray", "data": [[0.9999864009206086, 0.003595449164455407, -0.0037776605397594866, -0.7328206467303673], [0.0035987697762022712, -0.9999931437037932, 0.0008725832352431564, 0.08405306223004756], [-0.0037744973103357848, -0.000886166299489703, -0.999992483911426, 0.005724042475814484], [0.0, 0.0, 0.0, 1.0]]}, "mean_rme": {"type": "float", "data": 0.0016464912218292348}, "max_rme": {"type": "float", "data": 0.005181858584717286}, "simu": {"type": "float", "data": 0.002}}, {"type": "dict", "image_number": {"type": "int", "data": 7}, "Hcamera2end": {"type": "ndarray", "data": [[0.999993171838444, 0.003393994126350118, 0.0014618756302976375, -0.019871545746470626], [-0.0014847267080283126, 0.006740069683758176, 0.9999761832400114, 0.025114336983380215], [0.0033840601487894134, -0.9999715257268722, 0.00674506281519982, 0.02879356975069086], [0.0, 0.0, 0.0, 1.0]]}, "Hobj2base": {"type": "ndarray", "data": [[0.9999713504828693, 0.004514424216248988, -0.006076033859528946, -0.7345791418565951], [0.004519891534604422, -0.9999893923937031, 0.0008863862520750241, 0.08541085867429687], [-0.006071967883792599, -0.0009138238715425656, -0.9999811478882741, 0.006327073650361241], [0.0, 0.0, 0.0, 1.0]]}, "mean_rme": {"type": "float", "data": 0.0015969160261060152}, "max_rme": {"type": "float", "data": 0.005943909744238779}, "simu": {"type": "float", "data": 0.002}}, {"type": "dict", "image_number": {"type": "int", "data": 8}, "Hcamera2end": {"type": "ndarray", "data": [[0.9999933417393441, 0.0015740295208860598, 0.0032922496938619533, -0.019055348509699244], [-0.003307365702442453, 0.009699219090999023, 0.9999474918620154, 0.025544268168621865], [0.0015420146204437432, -0.9999517226246938, 0.009704360402322143, 0.02724805450838523], [0.0, 0.0, 0.0, 1.0]]}, "Hobj2base": {"type": "ndarray", "data": [[0.9999674646682908, 0.0026903461634251724, -0.0076047118546053415, -0.7344146312764952], [0.002712538423544248, -0.9999920886777318, 0.0029094187130580575, 0.08720294179266787], [-0.007596824347806631, -0.0029299521272607466, -0.9999668512707609, 0.005368312193644462], [0.0, 0.0, 0.0, 1.0]]}, "mean_rme": {"type": "float", "data": 0.0018760284252326326}, "max_rme": {"type": "float", "data": 0.00778190257887712}, "simu": {"type": "float", "data": 0.002}}, {"type": "dict", "image_number": {"type": "int", "data": 9}, "Hcamera2end": {"type": "ndarray", "data": [[0.999991361880326, 0.002192044464642275, 0.0035314452843000373, -0.0194596490195381], [-0.0035505668905432388, 0.008781464823453433, 0.9999551386688854, 0.02541227686227367], [0.002160934864069699, -0.9999590395694311, 0.008789171968608178, 0.027844086405732785], [0.0, 0.0, 0.0, 1.0]]}, "Hobj2base": {"type": "ndarray", "data": [[0.9999691387369203, 0.003627371665135551, -0.006968769514404402, -0.734378966337951], [0.0036515304840809373, -0.9999873571858351, 0.0034571366205389826, 0.08674688359468566], [-0.006956141090126627, -0.0034824766032546155, -0.9999697417711411, 0.005253784139000548], [0.0, 0.0, 0.0, 1.0]]}, "mean_rme": {"type": "float", "data": 0.0017821348425540303}, "max_rme": {"type": "float", "data": 0.007911978532072372}, "simu": {"type": "float", "data": 0.002}}, {"type": "dict", "image_number": {"type": "int", "data": 10}, "Hcamera2end": {"type": "ndarray", "data": [[0.9999956967019481, 0.0018415343611979996, 0.002283709434676471, -0.01904483081662521], [-0.0023008261398213873, 0.009346884231193786, 0.9999536699038829, 0.02565902030733591], [0.0018201034750304351, -0.9999546212235662, 0.009351081059160715, 0.027425259418294483], [0.0, 0.0, 0.0, 1.0]]}, "Hobj2base": {"type": "ndarray", "data": [[0.9999617958096656, 0.0038088177898592504, -0.007867644383951593, -0.7343856495652856], [0.0038241899729335254, -0.9999908064685972, 0.0019397291913400548, 0.08646435449784032], [-0.007860183977464397, -0.001969742452320546, -0.999967168272295, 0.005313651524593727], [0.0, 0.0, 0.0, 1.0]]}, "mean_rme": {"type": "float", "data": 0.0017208635499598212}, "max_rme": {"type": "float", "data": 0.008285898504521216}, "simu": {"type": "float", "data": 0.002}}, {"type": "dict", "image_number": {"type": "int", "data": 11}, "Hcamera2end": {"type": "ndarray", "data": [[0.9999943674588142, 0.003342253343148985, -0.0003072348226216832, -0.017937054066893075], [0.00028757139997387057, 0.005882173635523125, 0.9999826585176423, 0.028212942763722555], [0.00334400259209514, -0.9999771144260812, 0.005881179367464906, 0.02887445757854109], [0.0, 0.0, 0.0, 1.0]]}, "Hobj2base": {"type": "ndarray", "data": [[0.9999718871638126, 0.0050801590737538415, -0.0055151487585311295, -0.7345532614158906], [0.005082862274897698, -0.9999869687706391, 0.0004762352390540368, 0.08666056102060624], [-0.005512657538591778, -0.0005042545922959613, -0.999984678049703, 0.0023423042201080398], [0.0, 0.0, 0.0, 1.0]]}, "mean_rme": {"type": "float", "data": 0.0018900711416384515}, "max_rme": {"type": "float", "data": 0.008606029731562437}, "simu": {"type": "float", "data": 0.002}}, {"type": "dict", "image_number": {"type": "int", "data": 12}, "Hcamera2end": {"type": "ndarray", "data": [[0.9999993297581861, -0.00018159187948003664, -0.00114346297186016, -0.017386142274238837], [0.0011443328956823437, 0.004864960168414978, 0.9999875112544072, 0.02836741039453128], [-0.00017602670981309526, -0.9999881495232574, 0.004865164709276448, 0.028808486722377458], [0.0, 0.0, 0.0, 1.0]]}, "Hobj2base": {"type": "ndarray", "data": [[0.999984509153683, 0.0015166285081966249, -0.005355491633435326, -0.7343029714623102], [0.001514563428955111, -0.9999987771403815, -0.00038963490747377416, 0.08713079491353093], [-0.005356076015829335, 0.00038151763992722655, -0.9999855833430815, 0.0021769527797310256], [0.0, 0.0, 0.0, 1.0]]}, "mean_rme": {"type": "float", "data": 0.0021216045228541415}, "max_rme": {"type": "float", "data": 0.008333500433958307}, "simu": {"type": "float", "data": 0.002}}, {"type": "dict", "image_number": {"type": "int", "data": 13}, "Hcamera2end": {"type": "ndarray", "data": [[0.9999993945728253, -0.0005268418965293605, -0.0009660701832188502, -0.017147751496871595], [0.0009684095512344798, 0.004458331682521965, 0.9999895926766187, 0.028394846815372587], [-0.0005225293522099882, -0.9999899228073375, 0.004458839182051366, 0.02884865003731758], [0.0, 0.0, 0.0, 1.0]]}, "Hobj2base": {"type": "ndarray", "data": [[0.9999878740468294, 0.0011293392395137576, -0.0047933654340549395, -0.7340065726309314], [0.001127172574077812, -0.9999992613688453, -0.0004546908310313827, 0.08749326120113404], [-0.004793875393723226, 0.00044928236741685927, -0.9999884083848489, 0.002163622819674219], [0.0, 0.0, 0.0, 1.0]]}, "mean_rme": {"type": "float", "data": 0.002057986322885205}, "max_rme": {"type": "float", "data": 0.008248418698843296}, "simu": {"type": "float", "data": 0.002}}, {"type": "dict", "image_number": {"type": "int", "data": 14}, "Hcamera2end": {"type": "ndarray", "data": [[0.9999993327401815, 0.0010602006941483675, -0.0004587959021742471, -0.016699604660421415], [0.0004548597707825344, 0.0037098920774075728, 0.9999930148772856, 0.028429236468057843], [0.0010618953717990403, -0.9999925563099269, 0.0037094073593009202, 0.02926192512634385], [0.0, 0.0, 0.0, 1.0]]}, "Hobj2base": {"type": "ndarray", "data": [[0.999987011185671, 0.002249946051036448, -0.004573314193885905, -0.7345380359683757], [0.002251653891220697, -0.9999973971936178, 0.0003683215218659627, 0.0878214240875077], [-0.004572473586880901, -0.00037861425850653984, -0.999989474512877, 0.002068444825254887], [0.0, 0.0, 0.0, 1.0]]}, "mean_rme": {"type": "float", "data": 0.002079095450098101}, "max_rme": {"type": "float", "data": 0.008116614977236591}, "simu": {"type": "float", "data": 0.002}}, {"type": "dict", "image_number": {"type": "int", "data": 15}, "Hcamera2end": {"type": "ndarray", "data": [[0.999998686131024, 0.0012008830862360138, -0.0010888599720552765, -0.01663025694084697], [0.001084732274555553, 0.0034325301957224275, 0.9999935205251822, 0.02840242780505379], [0.0012046128498772906, -0.9999933877862737, 0.003431223049185861, 0.029999288374824767], [0.0, 0.0, 0.0, 1.0]]}, "Hobj2base": {"type": "ndarray", "data": [[0.999989809401117, 0.002174979881362543, -0.003956078415962436, -0.7350126831098494], [0.0021749061075289, -0.9999976346255588, -2.295019916797136e-05, 0.08739480518713952], [-0.003956118974577125, 1.43458661829574e-05, -0.999992174427808, 0.001856534320001831], [0.0, 0.0, 0.0, 1.0]]}, "mean_rme": {"type": "float", "data": 0.002027768529570167}, "max_rme": {"type": "float", "data": 0.008088316264952211}, "simu": {"type": "float", "data": 0.002}}, {"type": "dict", "image_number": {"type": "int", "data": 16}, "Hcamera2end": {"type": "ndarray", "data": [[0.9999990947472321, 0.0007601691659117164, -0.0011102466191483238, -0.01607443807746512], [0.0011070937143539052, 0.004135569371387482, 0.9999908356627486, 0.02837325887238143], [0.0007647537013779482, -0.9999911595653302, 0.004134724049146388, 0.02968722772378889], [0.0, 0.0, 0.0, 1.0]]}, "Hobj2base": {"type": "ndarray", "data": [[0.9999884630485121, 0.001679818999801293, -0.004500219772680546, -0.73520493793602], [0.0016804362915502431, -0.9999985791692709, 0.00013339156880195108, 0.08799741303899868], [-0.004499989304938315, -0.0001409523624958573, -0.9999898650629855, 0.0018548388145228148], [0.0, 0.0, 0.0, 1.0]]}, "mean_rme": {"type": "float", "data": 0.0020637030391895354}, "max_rme": {"type": "float", "data": 0.007530675619733862}, "simu": {"type": "float", "data": 0.002}}, {"type": "dict", "image_number": {"type": "int", "data": 17}, "Hcamera2end": {"type": "ndarray", "data": [[0.9999997128041672, -0.00013717696768805385, -0.0007453684073378287, -0.015853139009090134], [0.0007458936425296046, 0.003869516960506636, 0.9999922352104371, 0.028358210798092046], [-0.0001342916868437475, -0.9999925039823907, 0.0038696181686255215, 0.02983708538096931], [0.0, 0.0, 0.0, 1.0]]}, "Hobj2base": {"type": "ndarray", "data": [[0.9999914027993098, 0.000626267194927974, -0.004099038529849029, -0.7348372375405167], [0.0006266572854525157, -0.9999997992433234, 9.388268751633953e-05, 0.08851792622179015], [-0.004098978911292315, -9.645057274611409e-05, -0.9999915944992595, 0.0018750118951276697], [0.0, 0.0, 0.0, 1.0]]}, "mean_rme": {"type": "float", "data": 0.00208481834248849}, "max_rme": {"type": "float", "data": 0.007311231115092354}, "simu": {"type": "float", "data": 0.002}}, {"type": "dict", "image_number": {"type": "int", "data": 18}, "Hcamera2end": {"type": "ndarray", "data": [[0.9999994030682057, 0.0003639264337206445, -0.0010302527763531239, -0.015453396635090426], [0.0010291125308295752, 0.0031195896470769258, 0.999994604529361, 0.02804309943473003], [0.00036713843606124016, -0.9999950678468293, 0.003119213263641507, 0.030434880966017635], [0.0, 0.0, 0.0, 1.0]]}, "Hobj2base": {"type": "ndarray", "data": [[0.9999939911413414, 0.0014429071309592224, -0.0031520945770050113, -0.7346639228314448], [0.001442968271818707, -0.9999989587741462, 1.7122791839338534e-05, 0.08856907200642768], [-0.0031520665883641974, -2.1671061415292566e-05, -0.9999950319909534, 0.0021833586520419476], [0.0, 0.0, 0.0, 1.0]]}, "mean_rme": {"type": "float", "data": 0.0021631325889804967}, "max_rme": {"type": "float", "data": 0.00742996318810063}, "simu": {"type": "float", "data": 0.002}}, {"type": "dict", "image_number": {"type": "int", "data": 19}, "Hcamera2end": {"type": "ndarray", "data": [[0.9999996688606799, 0.0007711036938785306, 0.00026014923358404473, -0.01585448502263487], [-0.00026282263492123734, 0.0034689089781376747, 0.9999939487790733, 0.02802114611318223], [0.0007701965937476861, -0.999993686014864, 0.003469110492950178, 0.030136471191945537], [0.0, 0.0, 0.0, 1.0]]}, "Hobj2base": {"type": "ndarray", "data": [[0.9999930315824703, 0.0014355115316854589, -0.0034461707942059624, -0.7344184710564048], [0.0014381945768192704, -0.9999986645490051, 0.0007762065227040278, 0.08867514589576014], [-0.0034450519385994353, -0.0007811573779199085, -0.9999937606856812, 0.0021924846078181064], [0.0, 0.0, 0.0, 1.0]]}, "mean_rme": {"type": "float", "data": 0.002172646864597483}, "max_rme": {"type": "float", "data": 0.007270750869426523}, "simu": {"type": "float", "data": 0.002}}, {"type": "dict", "image_number": {"type": "int", "data": 20}, "Hcamera2end": {"type": "ndarray", "data": [[0.9999992891987611, 0.0011695817203808175, 0.0002316906814767234, -0.016125874689090505], [-0.0002380647970621897, 0.005452716279480407, 0.9999851054942408, 0.02802489231081519], [0.0011683009564884554, -0.999984449860984, 0.005452990839917793, 0.029430757195950622], [0.0, 0.0, 0.0, 1.0]]}, "Hobj2base": {"type": "ndarray", "data": [[0.9999872613538521, 0.0019301395105402613, -0.004663870870070786, -0.7344879616726837], [0.0019339419279000589, -0.9999978011363551, 0.0008109198939827136, 0.08822280970936337], [-0.004662295426327426, -0.0008199292193830714, -0.9999887952959436, 0.002255190808228494], [0.0, 0.0, 0.0, 1.0]]}, "mean_rme": {"type": "float", "data": 0.002247571179819223}, "max_rme": {"type": "float", "data": 0.007661029457929791}, "simu": {"type": "float", "data": 0.002}}, {"type": "dict", "image_number": {"type": "int", "data": 21}, "Hcamera2end": {"type": "ndarray", "data": [[0.9999987764924738, 0.0014956464747851658, 0.0004583177695176772, -0.015962652777004534], [-0.0004654236663128251, 0.004754169259611918, 0.9999885905626432, 0.027907844117873427], [0.0014934504900494293, -0.9999875803810131, 0.004754859552115742, 0.030197484488197892], [0.0, 0.0, 0.0, 1.0]]}, "Hobj2base": {"type": "ndarray", "data": [[0.9999901588670234, 0.002000646581886576, -0.003959745239240169, -0.7347478702765982], [0.002004629314824528, -0.9999974886332008, 0.0010020921124867296, 0.0886060507792635], [-0.003957730462707859, -0.0010100200721508135, -0.9999916580797257, 0.0022656046499938028], [0.0, 0.0, 0.0, 1.0]]}, "mean_rme": {"type": "float", "data": 0.002234366851049945}, "max_rme": {"type": "float", "data": 0.007828741227667302}, "simu": {"type": "float", "data": 0.002}}, {"type": "dict", "image_number": {"type": "int", "data": 22}, "Hcamera2end": {"type": "ndarray", "data": [[0.9999980103089251, 0.001053036620229402, 0.0016942526574873073, -0.01616476163184601], [-0.0016999386059155666, 0.005422338794600634, 0.9999838540950212, 0.027838166951679587], [0.001043832806087644, -0.9999847445615724, 0.00542411810342569, 0.0296013994501253], [0.0, 0.0, 0.0, 1.0]]}, "Hobj2base": {"type": "ndarray", "data": [[0.9999894572320863, 0.0016030217507207558, -0.004302992673036152, -0.7343339195905934], [0.0016106071836897073, -0.9999971542715287, 0.0017599412900014097, 0.08901770542888414], [-0.004300159203719528, -0.0017668531662594035, -0.9999891933719642, 0.0023153302640286292], [0.0, 0.0, 0.0, 1.0]]}, "mean_rme": {"type": "float", "data": 0.002253276700107736}, "max_rme": {"type": "float", "data": 0.007899828642647655}, "simu": {"type": "float", "data": 0.002}}, {"type": "dict", "image_number": {"type": "int", "data": 23}, "Hcamera2end": {"type": "ndarray", "data": [[0.99999767234928, 0.0015896174744343024, 0.0014589079158286757, -0.01619972110807478], [-0.0014677009344383806, 0.005544477407741333, 0.9999835521768558, 0.028598738914055902], [0.0015815024467079287, -0.9999833658049319, 0.005546797585187058, 0.029554221126670135], [0.0, 0.0, 0.0, 1.0]]}, "Hobj2base": {"type": "ndarray", "data": [[0.9999878218268136, 0.0018090747801826868, -0.004591671428210905, -0.7343285976966692], [0.0018190662080705521, -0.9999959850772078, 0.002172746555604582, 0.08891606241622983], [-0.004587722332007163, -0.0021810726498543587, -0.9999870977797163, 0.0015605690167433141], [0.0, 0.0, 0.0, 1.0]]}, "mean_rme": {"type": "float", "data": 0.002240966669047262}, "max_rme": {"type": "float", "data": 0.008017242887953802}, "simu": {"type": "float", "data": 0.002}}, {"type": "dict", "image_number": {"type": "int", "data": 24}, "Hcamera2end": {"type": "ndarray", "data": [[0.9999974813269809, 0.0015263377870542573, 0.0016454885761901, -0.01623622740941428], [-0.0016540466582258984, 0.005622725431381315, 0.9999828243966873, 0.02860908935864402], [0.0015170594408175139, -0.9999830274818085, 0.005625235903490511, 0.029471573363340373], [0.0, 0.0, 0.0, 1.0]]}, "Hobj2base": {"type": "ndarray", "data": [[0.9999880689959205, 0.0018590704170428688, -0.004517269417983983, -0.7342682359787033], [0.0018685316572555155, -0.9999960678472004, 0.002091143128448293, 0.08892968127169293], [-0.004513364073062492, -0.002099558839922952, -0.9999876106219627, 0.0014952769591047345], [0.0, 0.0, 0.0, 1.0]]}, "mean_rme": {"type": "float", "data": 0.0021820163282761256}, "max_rme": {"type": "float", "data": 0.008043001494599772}, "simu": {"type": "float", "data": 0.002}}, {"type": "dict", "image_number": {"type": "int", "data": 25}, "Hcamera2end": {"type": "ndarray", "data": [[0.9999980243076013, 0.00128384150183326, 0.0015176072918315256, -0.016207091956841328], [-0.001524589362912359, 0.005455037038963773, 0.9999839589704317, 0.02851844471101899], [0.001275542303706226, -0.9999842970376592, 0.005456983592585951, 0.02941418264544558], [0.0, 0.0, 0.0, 1.0]]}, "Hobj2base": {"type": "ndarray", "data": [[0.9999905736059063, 0.0014796705152784102, -0.004082067429233475, -0.734102442895927], [0.0014892606622571864, -0.9999961361415657, 0.002347297300785789, 0.0890670829307526], [-0.004078578430096246, -0.0023533544366794155, -0.9999889133989857, 0.0015279330027279392], [0.0, 0.0, 0.0, 1.0]]}, "mean_rme": {"type": "float", "data": 0.0021370673680930563}, "max_rme": {"type": "float", "data": 0.007961490897764184}, "simu": {"type": "float", "data": 0.002}}, {"type": "dict", "image_number": {"type": "int", "data": 26}, "Hcamera2end": {"type": "ndarray", "data": [[0.9999980101758005, 0.0009289834923180807, 0.0017653991363509119, -0.016365529517096924], [-0.0017710730458059417, 0.006142693746837624, 0.999979565098107, 0.028511347946767233], [0.0009181202023960193, -0.9999807019653949, 0.0061443268215802815, 0.029006457705450177], [0.0, 0.0, 0.0, 1.0]]}, "Hobj2base": {"type": "ndarray", "data": [[0.9999868974905785, 0.0013073320499852252, -0.004949316122292517, -0.7341513636399716], [0.0013204175147069506, -0.9999956393467473, 0.002641549748998176, 0.08918722054618988], [-0.004945841157392576, -0.0026480503017613987, -0.9999842631185976, 0.0017595940503572281], [0.0, 0.0, 0.0, 1.0]]}, "mean_rme": {"type": "float", "data": 0.0021340742844971157}, "max_rme": {"type": "float", "data": 0.007815333792775297}, "simu": {"type": "float", "data": 0.002}}, {"type": "dict", "image_number": {"type": "int", "data": 27}, "Hcamera2end": {"type": "ndarray", "data": [[0.9999984558044233, 0.0006591939902865205, 0.0016290647783677326, -0.0161658548413615], [-0.001633014728215333, 0.006036587936809945, 0.9999804462433145, 0.029038706045540916], [0.0006493471077782495, -0.9999815623647089, 0.00603765508863241, 0.029132192335334872], [0.0, 0.0, 0.0, 1.0]]}, "Hobj2base": {"type": "ndarray", "data": [[0.999988494292591, 0.0009348156986635172, -0.004705040068524306, -0.7340679233654848], [0.0009462926891306661, -0.999996581160542, 0.0024376622766442676, 0.08927180319655648], [-0.004702745217783418, -0.0024420865746342616, -0.9999859601017305, 0.0011136977865388298], [0.0, 0.0, 0.0, 1.0]]}, "mean_rme": {"type": "float", "data": 0.002137346869424867}, "max_rme": {"type": "float", "data": 0.007865627016523463}, "simu": {"type": "float", "data": 0.002}}, {"type": "dict", "image_number": {"type": "int", "data": 28}, "Hcamera2end": {"type": "ndarray", "data": [[0.9999989179081291, 0.0004736956963707304, 0.001392765220021243, -0.016373733175933138], [-0.0013954751046829587, 0.005769337231557592, 0.9999823835434009, 0.02902225119810908], [0.0004656520192923667, -0.9999832450397838, 0.005769992019156067, 0.02937159944595123], [0.0, 0.0, 0.0, 1.0]]}, "Hobj2base": {"type": "ndarray", "data": [[0.9999907265288202, 0.0007786930708449981, -0.00423562196894005, -0.7340186902323539], [0.000788528360514754, -0.9999969958944726, 0.0023208673066138956, 0.08895786452860077], [-0.004233802001394669, -0.0023241856921647442, -0.9999883364727218, 0.0010338765434844469], [0.0, 0.0, 0.0, 1.0]]}, "mean_rme": {"type": "float", "data": 0.0021229652060049736}, "max_rme": {"type": "float", "data": 0.00795835731228045}, "simu": {"type": "float", "data": 0.002}}, {"type": "dict", "image_number": {"type": "int", "data": 29}, "Hcamera2end": {"type": "ndarray", "data": [[0.9999988543483137, 0.0003815439787604528, 0.001464829769044241, -0.01638130141012726], [-0.0014667874709008454, 0.0051822783190689226, 0.9999854961577886, 0.02909125187048629], [0.00037394728935354353, -0.999986499116671, 0.005182832025910744, 0.029595849928002484], [0.0, 0.0, 0.0, 1.0]]}, "Hobj2base": {"type": "ndarray", "data": [[0.9999919264323823, 0.0007869749996514087, -0.003940525396792808, -0.7340782134236868], [0.000796354090265545, -0.9999968527054037, 0.0023791593997426973, 0.08891319850128354], [-0.003938640655830738, -0.002382278244955941, -0.9999894058739558, 0.0009978731600949026], [0.0, 0.0, 0.0, 1.0]]}, "mean_rme": {"type": "float", "data": 0.002153944402072805}, "max_rme": {"type": "float", "data": 0.007790200349868548}, "simu": {"type": "float", "data": 0.002}}, {"type": "dict", "image_number": {"type": "int", "data": 30}, "Hcamera2end": {"type": "ndarray", "data": [[0.9999985326500165, 0.0008426265060474543, 0.0014915355795831007, -0.016202069102822878], [-0.0014953948508901172, 0.004598137459172702, 0.9999883103947499, 0.02905910476709082], [0.0008357583704560554, -0.9999890734965448, 0.00459939077143412, 0.029801973591074296], [0.0, 0.0, 0.0, 1.0]]}, "Hobj2base": {"type": "ndarray", "data": [[0.9999934466944183, 0.0011031477602257958, -0.0034481347474924562, -0.7338804163242486], [0.001110859936268485, -0.9999968842418705, 0.0022355081643127806, 0.08892144182425893], [-0.003445657908114157, -0.002239323909090494, -0.999991556399358, 0.0008512192292298086], [0.0, 0.0, 0.0, 1.0]]}, "mean_rme": {"type": "float", "data": 0.002167765223868893}, "max_rme": {"type": "float", "data": 0.00797978489840298}, "simu": {"type": "float", "data": 0.002}}]}