{"type": "list", "data": [{"type": "dict", "image_number": {"type": "int", "data": 5}, "Hcamera2end": {"type": "ndarray", "data": [[0.9998869374312639, -0.003525473332670834, -0.014617913397897246, -0.008991140261731971], [0.01458292340180244, -0.009754388787706514, 0.9998460832770389, 0.0338407493589334], [-0.003667519513916696, -0.9999462100218987, -0.009701874223888352, 0.033265840591574176], [0.0, 0.0, 0.0, 1.0]]}, "Hobj2base": {"type": "ndarray", "data": [[0.9999354003592905, -0.00935544829715424, 0.0064552843054860665, -0.7320622892902285], [-0.009293718604699025, -0.9999114247925533, -0.009527295724526126, 0.09133565927198503], [0.0065438446499020845, 0.009466686668796872, -0.9999337777776649, -0.005801187562523591], [0.0, 0.0, 0.0, 1.0]]}, "mean_rme": {"type": "float", "data": 0.0013221051938217766}, "max_rme": {"type": "float", "data": 0.004612205824118587}, "simu": {"type": "float", "data": 0.002}}, {"type": "dict", "image_number": {"type": "int", "data": 6}, "Hcamera2end": {"type": "ndarray", "data": [[0.9999208603852486, -0.003375450648681301, -0.012119377019571526, -0.008755722295006936], [0.012141300035581056, 0.006551897078922675, 0.9999048262100317, 0.032418053339446744], [-0.0032957244833573167, -0.9999728391199364, 0.0065923609233928815, 0.03412066307633998], [0.0, 0.0, 0.0, 1.0]]}, "Hobj2base": {"type": "ndarray", "data": [[0.9999736949782281, -0.002871405088050769, -0.006660659457595617, -0.7413729132740784], [-0.00292113615647418, -0.9999678421139697, -0.007468714848355535, 0.0907462220371424], [-0.006638999559051126, 0.007487975076816384, -0.9999499257033342, -0.0014383252762766863], [0.0, 0.0, 0.0, 1.0]]}, "mean_rme": {"type": "float", "data": 0.0013002121199279294}, "max_rme": {"type": "float", "data": 0.004822090535266305}, "simu": {"type": "float", "data": 0.002}}, {"type": "dict", "image_number": {"type": "int", "data": 7}, "Hcamera2end": {"type": "ndarray", "data": [[0.9998598870493992, -0.004740744988954549, -0.016054021505911138, -0.009273476642275803], [0.01603859416369575, -0.0032744863974045746, 0.9998660116416026, 0.03208403320324264], [-0.004792678459360646, -0.9999834014001346, -0.0031979927145422415, 0.03207834110780911], [0.0, 0.0, 0.0, 1.0]]}, "Hobj2base": {"type": "ndarray", "data": [[0.9999833481250874, -0.00577079433459643, 3.7487171789427236e-05, -0.7338071981366594], [-0.005770040196257183, -0.999923650508814, -0.01092702106070302, 0.08874516556619676], [0.00010054190089405595, 0.010926622802827081, -0.9999402976205385, -0.0033901078181886512], [0.0, 0.0, 0.0, 1.0]]}, "mean_rme": {"type": "float", "data": 0.0014112884345478236}, "max_rme": {"type": "float", "data": 0.004822981644994284}, "simu": {"type": "float", "data": 0.002}}, {"type": "dict", "image_number": {"type": "int", "data": 8}, "Hcamera2end": {"type": "ndarray", "data": [[0.9999027114546571, -0.005378093979111484, -0.012870265373199196, -0.008584114610614896], [0.012861964762263603, -0.0015751595597401913, 0.9999160408428376, 0.03171938375272089], [-0.005397915160412846, -0.99998429736547, -0.0015058334595103862, 0.03137361738160756], [0.0, 0.0, 0.0, 1.0]]}, "Hobj2base": {"type": "ndarray", "data": [[0.9999772416043564, -0.006741293449410221, 0.00026690067743384614, -0.7331473527401915], [-0.006738961640734492, -0.9999457599051229, -0.007941262101926989, 0.0911779157501778], [0.0003204205789035493, 0.00793928273811505, -0.9999684320618614, -0.002377830715420595], [0.0, 0.0, 0.0, 1.0]]}, "mean_rme": {"type": "float", "data": 0.0015845281738536795}, "max_rme": {"type": "float", "data": 0.0046156565943420436}, "simu": {"type": "float", "data": 0.002}}, {"type": "dict", "image_number": {"type": "int", "data": 9}, "Hcamera2end": {"type": "ndarray", "data": [[0.9999117587850198, -0.005633392686291349, -0.012030774301361883, -0.008786506717411918], [0.012021051213131144, -0.0017566656352920873, 0.9999262015036797, 0.031427534104086385], [-0.005654110998163072, -0.9999825893547788, -0.0016887913229963747, 0.03142909469666133], [0.0, 0.0, 0.0, 1.0]]}, "Hobj2base": {"type": "ndarray", "data": [[0.9999713018341119, -0.007533894188503493, 0.0007974625683671611, -0.7330231577257638], [-0.007526981937867428, -0.9999368733010365, -0.008342299194701744, 0.0911923922518772], [0.0008602622266093939, 0.008336057299667342, -0.9999648844322475, -0.002169276522039724], [0.0, 0.0, 0.0, 1.0]]}, "mean_rme": {"type": "float", "data": 0.0015035124792970756}, "max_rme": {"type": "float", "data": 0.004588008979018898}, "simu": {"type": "float", "data": 0.002}}, {"type": "dict", "image_number": {"type": "int", "data": 10}, "Hcamera2end": {"type": "ndarray", "data": [[0.9999115252428014, -0.0049842613801023925, -0.012332835242128706, -0.008442570030990046], [0.012313123524143462, -0.003966316520661151, 0.9999163241603457, 0.030814467364904886], [-0.0050327602460138, -0.9999797125300858, -0.0039045937757202775, 0.03141935281155534], [0.0, 0.0, 0.0, 1.0]]}, "Hobj2base": {"type": "ndarray", "data": [[0.9999746459729839, -0.006908157614219981, 0.0017276485703321019, -0.7322221581709827], [-0.006894028292681888, -0.9999437948225289, -0.008054785522900095, 0.0915075371422657], [0.0017831951954785296, 0.008042670843526658, -0.9999660672545831, -0.0015362619415327683], [0.0, 0.0, 0.0, 1.0]]}, "mean_rme": {"type": "float", "data": 0.0017647844941655053}, "max_rme": {"type": "float", "data": 0.005158537745633268}, "simu": {"type": "float", "data": 0.002}}, {"type": "dict", "image_number": {"type": "int", "data": 11}, "Hcamera2end": {"type": "ndarray", "data": [[0.9999150488533851, -0.005180628899005241, -0.011960608711230145, -0.008284229108174156], [0.01193712568787959, -0.00454030066393174, 0.9999184420242448, 0.030717786288831938], [-0.005234511137071725, -0.999976273095563, -0.004478073141874539, 0.03180209791932746], [0.0, 0.0, 0.0, 1.0]]}, "Hobj2base": {"type": "ndarray", "data": [[0.9999651136696314, -0.00797631686248127, 0.0024798816484703267, -0.7319386152971489], [-0.007957388076623892, -0.9999398268091864, -0.007551340001118348, 0.0919886354542143], [0.0025399643066639473, 0.007531343181915367, -0.9999684132267364, -0.001443108656837878], [0.0, 0.0, 0.0, 1.0]]}, "mean_rme": {"type": "float", "data": 0.0017109641712189131}, "max_rme": {"type": "float", "data": 0.005206639486697556}, "simu": {"type": "float", "data": 0.002}}, {"type": "dict", "image_number": {"type": "int", "data": 12}, "Hcamera2end": {"type": "ndarray", "data": [[0.9999669149117214, -0.002279398076167819, -0.007808548286621354, -0.010340326923437865], [0.007801912828890473, -0.0029055767732684146, 0.9999653432893686, 0.027443452227884656], [-0.0023020074162628337, -0.9999931809607626, -0.0028876969769118244, 0.031255093514685965], [0.0, 0.0, 0.0, 1.0]]}, "Hobj2base": {"type": "ndarray", "data": [[0.9999851662791704, -0.004937127369376122, 0.0023004336457095667, -0.7318637106764846], [-0.004926347170379851, -0.999976967864777, -0.004668494781300292, 0.0901358148749911], [0.002323429615169315, 0.004657092795370825, -0.9999864564890457, 0.0012469549730481043], [0.0, 0.0, 0.0, 1.0]]}, "mean_rme": {"type": "float", "data": 0.001985609545628808}, "max_rme": {"type": "float", "data": 0.006994721270591725}, "simu": {"type": "float", "data": 0.002}}, {"type": "dict", "image_number": {"type": "int", "data": 13}, "Hcamera2end": {"type": "ndarray", "data": [[0.9999807141672333, -0.0031477550637644515, -0.0053537773252613635, -0.011645918697957084], [0.005348758397555387, -0.0016007089552161347, 0.9999844141357631, 0.02763717029685946], [-0.0031562758425901557, -0.99999376466501, -0.0015838415028801567, 0.03030088766825749], [0.0, 0.0, 0.0, 1.0]]}, "Hobj2base": {"type": "ndarray", "data": [[0.9999873474641792, -0.0049362877932300165, 0.0009684907730204491, -0.7318694909363532], [-0.004933844902476896, -0.9999846815593658, -0.0025087489098033454, 0.09061667052824753], [0.000980859843871779, 0.0025039387845043354, -0.999996384095728, 0.0011415582351125232], [0.0, 0.0, 0.0, 1.0]]}, "mean_rme": {"type": "float", "data": 0.0020363241064484798}, "max_rme": {"type": "float", "data": 0.0069148898127795455}, "simu": {"type": "float", "data": 0.002}}, {"type": "dict", "image_number": {"type": "int", "data": 14}, "Hcamera2end": {"type": "ndarray", "data": [[0.9999895410641436, -0.0034639599639403624, -0.002986426575618735, -0.01316018448197784], [0.0029769873973771697, -0.002726930181531584, 0.9999918506657046, 0.029152082812914804], [-0.0034720755117366134, -0.9999902823693605, -0.0027165894955860637, 0.030757374714474227], [0.0, 0.0, 0.0, 1.0]]}, "Hobj2base": {"type": "ndarray", "data": [[0.999982887537484, -0.0054173237580924785, 0.0022084463986569583, -0.7315536394843856], [-0.005417661159756173, -0.9999853135872734, 0.00014682411715244474, 0.09137165407913643], [0.0022076185707235515, -0.0001587862189076507, -0.999997550600592, -0.0005364659988088113], [0.0, 0.0, 0.0, 1.0]]}, "mean_rme": {"type": "float", "data": 0.0021125329828234085}, "max_rme": {"type": "float", "data": 0.008380477481941484}, "simu": {"type": "float", "data": 0.002}}, {"type": "dict", "image_number": {"type": "int", "data": 15}, "Hcamera2end": {"type": "ndarray", "data": [[0.999993728731183, 0.0007175794770739789, -0.0034680798721157063, -0.012931905801926338], [0.0034680994518089025, -2.6043225540339776e-05, 0.9999939857858858, 0.029331096222631834], [0.0007174848414110576, -0.9999997422006889, -2.853169920746801e-05, 0.030008038243132466], [0.0, 0.0, 0.0, 1.0]]}, "Hobj2base": {"type": "ndarray", "data": [[0.999998849510743, -0.0012236834418162983, 0.0008964240204732071, -0.7319649120148097], [-0.001223670372002633, -0.9999992512006985, -1.512826482244679e-05, 0.09088872323657338], [0.0008964418614386926, 1.403131990293609e-05, -0.9999995980974754, -0.0004260598508514235], [0.0, 0.0, 0.0, 1.0]]}, "mean_rme": {"type": "float", "data": 0.0021759143482094952}, "max_rme": {"type": "float", "data": 0.008750217006249394}, "simu": {"type": "float", "data": 0.002}}, {"type": "dict", "image_number": {"type": "int", "data": 16}, "Hcamera2end": {"type": "ndarray", "data": [[0.9999909654044103, 0.0010826703979007655, -0.00411058808017692, -0.012813354111694548], [0.0041098298934959384, 0.000701589465047614, 0.9999913084974635, 0.029758464560893236], [0.0010855449331604585, -0.9999991677981698, 0.0006971335353044283, 0.030664659776086203], [0.0, 0.0, 0.0, 1.0]]}, "Hobj2base": {"type": "ndarray", "data": [[0.9999998641262973, -0.0004898637576912365, 0.0001782719439752053, -0.7330232419090755], [-0.0004897517745027179, -0.9999996830918756, -0.0006276618104101983, 0.09040382701707217], [0.00017857935625238466, 0.0006275744161265581, -0.9999997871298605, -0.000661219468398238], [0.0, 0.0, 0.0, 1.0]]}, "mean_rme": {"type": "float", "data": 0.0021344632848257815}, "max_rme": {"type": "float", "data": 0.008952525712649817}, "simu": {"type": "float", "data": 0.002}}, {"type": "dict", "image_number": {"type": "int", "data": 17}, "Hcamera2end": {"type": "ndarray", "data": [[0.9999911205848269, 0.0007837919125797111, -0.004140582294793853, -0.012920768670797465], [0.004140494182440429, 0.00011400733231237137, 0.9999914216183323, 0.02979313949979689], [0.0007842572456551859, -0.9999996863362337, 0.00011076103413965033, 0.03085882500009207], [0.0, 0.0, 0.0, 1.0]]}, "Hobj2base": {"type": "ndarray", "data": [[0.9999995612786242, -0.0006827228209113505, 0.0006413517824683454, -0.7330651221712037], [-0.0006821175705356788, -0.9999993223033081, -0.0009434556397500562, 0.09044065087310715], [0.0006419954665221391, 0.0009430177485161838, -0.9999993492794617, -0.000897930545018946], [0.0, 0.0, 0.0, 1.0]]}, "mean_rme": {"type": "float", "data": 0.002105633107730864}, "max_rme": {"type": "float", "data": 0.009064733469057562}, "simu": {"type": "float", "data": 0.002}}, {"type": "dict", "image_number": {"type": "int", "data": 18}, "Hcamera2end": {"type": "ndarray", "data": [[0.9999829447903281, 0.002066280903086302, -0.005462656102393325, -0.012436999675240543], [0.005459361323868607, 0.0015968388171374581, 0.9999838226090096, 0.030806930328205143], [0.002074970457361211, -0.9999965902886976, 0.0015855310086700936, 0.030337123054940768], [0.0, 0.0, 0.0, 1.0]]}, "Hobj2base": {"type": "ndarray", "data": [[0.9999997265873755, 0.0006679514629227095, -0.00031727908452331154, -0.7332028686223607], [0.0006673739364987219, -0.9999981267798017, -0.0018168788943064235, 0.09046068190474112], [-0.0003184920771051273, 0.0018166666537571894, -0.9999982991410865, -0.0017627311112703467], [0.0, 0.0, 0.0, 1.0]]}, "mean_rme": {"type": "float", "data": 0.002202785453382029}, "max_rme": {"type": "float", "data": 0.01029876640713906}, "simu": {"type": "float", "data": 0.002}}, {"type": "dict", "image_number": {"type": "int", "data": 19}, "Hcamera2end": {"type": "ndarray", "data": [[0.9999846296427839, 0.0016829109053551864, -0.0052828296460281955, -0.012771029428259341], [0.005280714821509852, 0.0012586214238988758, 0.9999852648529802, 0.030879190306719567], [0.0016895351899868733, -0.9999977918390598, 0.001249715105876903, 0.030435196993259216], [0.0, 0.0, 0.0, 1.0]]}, "Hobj2base": {"type": "ndarray", "data": [[0.9999998951917979, 0.0003878455528678863, -0.0002432945134310183, -0.7332582191111275], [0.0003873963465964461, -0.9999982253721551, -0.0018436856052011037, 0.09065239622401966], [-0.0002440091469366641, 0.0018435911605620802, -0.9999982708140893, -0.0020789965357553785], [0.0, 0.0, 0.0, 1.0]]}, "mean_rme": {"type": "float", "data": 0.0022714585327181366}, "max_rme": {"type": "float", "data": 0.01064735338397682}, "simu": {"type": "float", "data": 0.002}}, {"type": "dict", "image_number": {"type": "int", "data": 20}, "Hcamera2end": {"type": "ndarray", "data": [[0.999985397536424, 0.0016544599827109428, -0.005144655098797702, -0.012927943125897033], [0.005142765742752029, 0.0011442113180907265, 0.9999861212741777, 0.03089840152229172], [0.001660323593506176, -0.9999979767692658, 0.0011356861096647464, 0.03046958014849535], [0.0, 0.0, 0.0, 1.0]]}, "Hobj2base": {"type": "ndarray", "data": [[0.999999866893272, 0.0004792430354013079, -0.00019115321433359818, -0.7332206478107313], [0.0004789086624655665, -0.9999983619939135, -0.0017454672675055532, 0.09055865847023852], [-0.00019198940425494272, 0.0017453754902419137, -0.9999984584010444, -0.0020636731677372484], [0.0, 0.0, 0.0, 1.0]]}, "mean_rme": {"type": "float", "data": 0.002191942471203554}, "max_rme": {"type": "float", "data": 0.01064214814095868}, "simu": {"type": "float", "data": 0.002}}, {"type": "dict", "image_number": {"type": "int", "data": 21}, "Hcamera2end": {"type": "ndarray", "data": [[0.9999824961752444, 0.0019193464433356646, -0.005596735866367934, -0.013092753387420546], [0.005597664863275718, -0.00047898738453411305, 0.99998421823505, 0.031042717252231792], [0.00191663538678668, -0.9999980433382438, -0.000489722858569186, 0.03122221795142891], [0.0, 0.0, 0.0, 1.0]]}, "Hobj2base": {"type": "ndarray", "data": [[0.9999989338263403, 0.0006466206151389602, 0.0013092852869694184, -0.7332060478897322], [0.0006495440714358271, -0.9999972943983415, -0.0022336715282773654, 0.09003979438152825], [0.001307837406507341, 0.0022345195852915864, -0.9999966482361535, -0.002337377959626236], [0.0, 0.0, 0.0, 1.0]]}, "mean_rme": {"type": "float", "data": 0.002224406878804734}, "max_rme": {"type": "float", "data": 0.010587913659880266}, "simu": {"type": "float", "data": 0.002}}, {"type": "dict", "image_number": {"type": "int", "data": 22}, "Hcamera2end": {"type": "ndarray", "data": [[0.9999821087991787, 0.0016902139090590016, -0.005738053545342212, -0.013106664771908657], [0.005739277621640598, -0.000720255964580474, 0.9999832708219308, 0.031009138512046827], [0.0016860527658784266, -0.9999983122027191, -0.0007299436852004071, 0.03139590153508458], [0.0, 0.0, 0.0, 1.0]]}, "Hobj2base": {"type": "ndarray", "data": [[0.999998802178971, 0.0007864682561801056, 0.0013330822575168802, -0.7331460550975308], [0.0007893315704253945, -0.999997379961342, -0.0021487266283966764, 0.08994523671235209], [0.0013313888595053883, 0.002149776298518567, -0.9999968029276749, -0.0023589221819196797], [0.0, 0.0, 0.0, 1.0]]}, "mean_rme": {"type": "float", "data": 0.0021868556353539545}, "max_rme": {"type": "float", "data": 0.010622022020692207}, "simu": {"type": "float", "data": 0.002}}, {"type": "dict", "image_number": {"type": "int", "data": 23}, "Hcamera2end": {"type": "ndarray", "data": [[0.9999913854854086, 0.0007669152510942781, -0.004079313173883542, -0.013637309060375288], [0.004080001474848569, -0.0008980808957292918, 0.9999912734812589, 0.03157140917966672], [0.000763245005364805, -0.9999993026456081, -0.0009012021745540277, 0.03135021610748236], [0.0, 0.0, 0.0, 1.0]]}, "Hobj2base": {"type": "ndarray", "data": [[0.9999985818891045, -0.00017307439458176443, 0.0016751910439908432, -0.7329077631275203], [-0.00017164073699030527, -0.9999996189673064, -0.0008559233021207017, 0.09026766619101742], [0.0016753385440956105, 0.0008556345573011511, -0.999998230563568, -0.0029286016197540275], [0.0, 0.0, 0.0, 1.0]]}, "mean_rme": {"type": "float", "data": 0.002242778086581203}, "max_rme": {"type": "float", "data": 0.010461233702277334}, "simu": {"type": "float", "data": 0.002}}, {"type": "dict", "image_number": {"type": "int", "data": 24}, "Hcamera2end": {"type": "ndarray", "data": [[0.9999942820389852, 0.0008574459918269225, -0.0032711887297570516, -0.01409187623718882], [0.0032722565101836274, -0.0012468728071037827, 0.9999938688039715, 0.03161709632760375], [0.0008533619783834246, -0.9999988550466316, -0.0012496714607626025, 0.03155600461040482], [0.0, 0.0, 0.0, 1.0]]}, "Hobj2base": {"type": "ndarray", "data": [[0.9999979397980392, -0.00023744805458353026, 0.0020159409957967297, -0.7328677848363614], [-0.0002373098101401455, -0.9999999694743045, -6.88145642869071e-05, 0.09043517513903293], [0.0020159572741431453, 6.833601994004056e-05, -0.9999979656211595, -0.003035314166900153], [0.0, 0.0, 0.0, 1.0]]}, "mean_rme": {"type": "float", "data": 0.00221163197154129}, "max_rme": {"type": "float", "data": 0.01052680738962719}, "simu": {"type": "float", "data": 0.002}}, {"type": "dict", "image_number": {"type": "int", "data": 25}, "Hcamera2end": {"type": "ndarray", "data": [[0.9999941013522009, 0.0009100939609323882, -0.0033119465252858353, -0.01413133501039225], [0.003313029159186175, -0.0011906632589047117, 0.9999938030601963, 0.03160505781443454], [0.0009061449080917819, -0.9999988770243626, -0.0011936714034315177, 0.031533989547366144], [0.0, 0.0, 0.0, 1.0]]}, "Hobj2base": {"type": "ndarray", "data": [[0.9999979187072604, -9.447622922590252e-05, 0.0020380518613266037, -0.7328801645923224], [-9.427082611589835e-05, -0.9999999904681309, -0.00010087987384249459, 0.09035757027487623], [0.0020380613726502465, 0.00010068753504931129, -0.9999979180817635, -0.003064953311165981], [0.0, 0.0, 0.0, 1.0]]}, "mean_rme": {"type": "float", "data": 0.0021371584645851036}, "max_rme": {"type": "float", "data": 0.01054257579108156}, "simu": {"type": "float", "data": 0.002}}, {"type": "dict", "image_number": {"type": "int", "data": 26}, "Hcamera2end": {"type": "ndarray", "data": [[0.9999976426449174, 0.0010223147645259962, -0.0019156140347977516, -0.014707333832893918], [0.0019179864497158015, -0.0023247177794187834, 0.9999954584972999, 0.03177830378714766], [0.0010178568596755342, -0.9999967752746848, -0.0023266730850992623, 0.03226888187632996], [0.0, 0.0, 0.0, 1.0]]}, "Hobj2base": {"type": "ndarray", "data": [[0.9999954630066029, -2.3097637866705137e-05, 0.003012213921530054, -0.7330897700104597], [-2.6050998743469403e-05, -0.9999995190426783, 0.0009804263141553104, 0.09044968425467184], [0.0030121898272517547, -0.0009805003371486816, -0.9999949826531798, -0.003248531352310957], [0.0, 0.0, 0.0, 1.0]]}, "mean_rme": {"type": "float", "data": 0.002151793626665717}, "max_rme": {"type": "float", "data": 0.010353114714459904}, "simu": {"type": "float", "data": 0.002}}, {"type": "dict", "image_number": {"type": "int", "data": 27}, "Hcamera2end": {"type": "ndarray", "data": [[0.999998200893705, 0.0004744125513480371, -0.001836611576910575, -0.014794703031376642], [0.0018376415441220834, -0.002179802214206994, 0.9999959357596719, 0.03161563484312802], [0.0004704071732394258, -0.9999975116944231, -0.0021806700927244904, 0.032126551039350894], [0.0, 0.0, 0.0, 1.0]]}, "Hobj2base": {"type": "ndarray", "data": [[0.9999956091260704, -0.0006369071613478845, 0.0028941454433266196, -0.7330827516588854], [-0.0006402525672471341, -0.9999991278609672, 0.0011551423962635544, 0.09045029753197929], [0.0028934072007648546, -0.0011569903082289982, -0.9999951447723121, -0.0030869576202538496], [0.0, 0.0, 0.0, 1.0]]}, "mean_rme": {"type": "float", "data": 0.002122872122262547}, "max_rme": {"type": "float", "data": 0.010168521183526485}, "simu": {"type": "float", "data": 0.002}}, {"type": "dict", "image_number": {"type": "int", "data": 28}, "Hcamera2end": {"type": "ndarray", "data": [[0.9999976044333474, 0.00017651252680013062, -0.0021817357526451838, -0.014740990724205724], [0.0021821419591006455, -0.0023347920729621663, 0.999994893488185, 0.0315802391547555], [0.00017141772609625288, -0.999997258790895, -0.002335171655203361, 0.032057591195208825], [0.0, 0.0, 0.0, 1.0]]}, "Hobj2base": {"type": "ndarray", "data": [[0.999995464715954, -0.0008914395432219304, 0.002876783457941942, -0.7328880741823115], [-0.000893188271114632, -0.9999994170959257, 0.0006066485988404953, 0.09038019397131888], [0.0028762409905032952, -0.0006092153567599539, -0.9999956780378678, -0.0031281243983026725], [0.0, 0.0, 0.0, 1.0]]}, "mean_rme": {"type": "float", "data": 0.0020760334897302183}, "max_rme": {"type": "float", "data": 0.010185635828656336}, "simu": {"type": "float", "data": 0.002}}, {"type": "dict", "image_number": {"type": "int", "data": 29}, "Hcamera2end": {"type": "ndarray", "data": [[0.999997131515747, 8.958487694660515e-05, -0.002393519339308193, -0.01459997733913939], [0.0023937241893502827, -0.002361027164781593, 0.9999943478016425, 0.031577318173968576], [8.393320641557366e-05, -0.9999972087587429, -0.0023612348336994327, 0.03204397845748838], [0.0, 0.0, 0.0, 1.0]]}, "Hobj2base": {"type": "ndarray", "data": [[0.9999954446218678, -0.0008953046835351765, 0.002882562234609139, -0.7328883647317925], [-0.0008963066597121727, -0.9999995383462024, 0.00034632608103313196, 0.09032646067689792], [0.002882250836500956, -0.0003489081631147908, -0.9999957854377237, -0.0030959552303093606], [0.0, 0.0, 0.0, 1.0]]}, "mean_rme": {"type": "float", "data": 0.002055002782365163}, "max_rme": {"type": "float", "data": 0.010138030538225762}, "simu": {"type": "float", "data": 0.002}}, {"type": "dict", "image_number": {"type": "int", "data": 30}, "Hcamera2end": {"type": "ndarray", "data": [[0.9999980648516468, -0.0003963609028334548, -0.0019269641917797513, -0.01482965941159393], [0.0019259310340496018, -0.0025906802897364134, 0.9999947895690698, 0.030936386573509368], [-0.0004013509857730185, -0.9999965656309381, -0.002589911912622256, 0.03211467162147819], [0.0, 0.0, 0.0, 1.0]]}, "Hobj2base": {"type": "ndarray", "data": [[0.9999939325337636, -0.0015401227289384267, 0.0031245667921273807, -0.7328708247283727], [-0.0015426789905644803, -0.9999984772460089, 0.0008158720459489267, 0.09019163536416358], [0.0031233054910989565, -0.0008206872992176649, -0.9999947857039886, -0.0025224250521183266], [0.0, 0.0, 0.0, 1.0]]}, "mean_rme": {"type": "float", "data": 0.0020821799735030707}, "max_rme": {"type": "float", "data": 0.009451612126829878}, "simu": {"type": "float", "data": 0.002}}]}