{"type": "list", "data": [{"type": "dict", "image_number": {"type": "int", "data": 5}, "Hcamera2end": {"type": "ndarray", "data": [[0.9999945108973881, 0.0018154426078210442, -0.0027717040302564513, -0.013436457253616162], [0.002810781848178824, -0.021888543000021077, 0.9997564659409502, 0.031426488557323294], [0.0017543319228641896, -0.9997587688304984, -0.02189352566469105, 0.03085420858242415], [0.0, 0.0, 0.0, 1.0]]}, "Hobj2base": {"type": "ndarray", "data": [[0.9997582181268031, -0.003193827107310099, 0.0217555683981895, -0.7233460266966683], [-0.0031290083752391167, -0.9999905661320039, -0.003012798297621983, 0.0907463291093305], [0.021764985515900854, 0.0029439965018799976, -0.9997587800515131, -0.0056475872688298455], [0.0, 0.0, 0.0, 1.0]]}, "mean_rme": {"type": "float", "data": 0.000827979693498824}, "max_rme": {"type": "float", "data": 0.0023121209251768526}, "simu": {"type": "float", "data": 0.002}}, {"type": "dict", "image_number": {"type": "int", "data": 6}, "Hcamera2end": {"type": "ndarray", "data": [[0.9999599154580132, 1.068844832066533e-05, -0.00895362289580203, -0.013984770229833198], [0.008953356065402035, 0.006618291673573307, 0.9999380158942303, 0.031270605596748074], [6.994547366635795e-05, -0.9999780988107093, 0.0066179306848992425, 0.03360271259036131], [0.0, 0.0, 0.0, 1.0]]}, "Hobj2base": {"type": "ndarray", "data": [[0.9999816595806077, -0.0009900187595480651, -0.005974978265179151, -0.7385472336794999], [-0.0010424787704266174, -0.999960883275625, -0.008783231560435522, 0.08707020975775731], [-0.005966048979586923, 0.008789299260280293, -0.999943575647189, -0.0017905918626126744], [0.0, 0.0, 0.0, 1.0]]}, "mean_rme": {"type": "float", "data": 0.0010119349198863166}, "max_rme": {"type": "float", "data": 0.0028733526051883396}, "simu": {"type": "float", "data": 0.002}}, {"type": "dict", "image_number": {"type": "int", "data": 7}, "Hcamera2end": {"type": "ndarray", "data": [[0.999985901197003, -0.0010704975001435148, -0.0052011001066927885, -0.015036020043964985], [0.005204438869498068, 0.003140099172626254, 0.9999815266259869, 0.030879374968254037], [-0.0010541457543010433, -0.9999944968910018, 0.0031456262397860923, 0.032263026981460476], [0.0, 0.0, 0.0, 1.0]]}, "Hobj2base": {"type": "ndarray", "data": [[0.999996436103112, -0.002417453619076502, -0.001133004445858986, -0.7354022525976841], [-0.002424533753032051, -0.9999772795039434, -0.006289841967274336, 0.08706095715598962], [-0.0011177733022087349, 0.006292566558447444, -0.9999795768859248, -0.002069239989624613], [0.0, 0.0, 0.0, 1.0]]}, "mean_rme": {"type": "float", "data": 0.0012680964407102656}, "max_rme": {"type": "float", "data": 0.0035654209437198936}, "simu": {"type": "float", "data": 0.002}}, {"type": "dict", "image_number": {"type": "int", "data": 8}, "Hcamera2end": {"type": "ndarray", "data": [[0.9999938793902861, -0.002829279921861788, -0.0020582412613186197, -0.015490666916780717], [0.002073769264248292, 0.005496390153645336, 0.9999827444392816, 0.029239012879410456], [-0.0028179182040477687, -0.9999808922526484, 0.005502223786128191, 0.03156929869156302], [0.0, 0.0, 0.0, 1.0]]}, "Hobj2base": {"type": "ndarray", "data": [[0.9999901964486473, -0.003574657920858408, -0.002613202507412235, -0.7351075993260511], [-0.003584563505156557, -0.9999863713592132, -0.003795787179275747, 0.08774613275223994], [-0.0025995982523076685, 0.0038051171574208648, -0.999989381529796, 0.00045727163362428713], [0.0, 0.0, 0.0, 1.0]]}, "mean_rme": {"type": "float", "data": 0.0015858361705682437}, "max_rme": {"type": "float", "data": 0.004146553663660624}, "simu": {"type": "float", "data": 0.002}}, {"type": "dict", "image_number": {"type": "int", "data": 9}, "Hcamera2end": {"type": "ndarray", "data": [[0.9999817797056061, -0.005611882591417676, -0.0022241921204969807, -0.015712489947022627], [0.0022378877223992876, 0.0024353667648029376, 0.9999945304086734, 0.029380519550917795], [-0.005606435173144532, -0.9999812877061757, 0.002447881154854392, 0.03242983387591019], [0.0, 0.0, 0.0, 1.0]]}, "Hobj2base": {"type": "ndarray", "data": [[0.9999844132131069, -0.005558774039560852, -0.0005228403344516765, -0.734610476456528], [-0.0055608297012027744, -0.9999764739081769, -0.004016068127379706, 0.0875196656555169], [-0.0005005036188143732, 0.004018912955842463, -0.9999917988837614, 2.6388861928356493e-05], [0.0, 0.0, 0.0, 1.0]]}, "mean_rme": {"type": "float", "data": 0.0016070316408621857}, "max_rme": {"type": "float", "data": 0.004597790695644255}, "simu": {"type": "float", "data": 0.002}}, {"type": "dict", "image_number": {"type": "int", "data": 10}, "Hcamera2end": {"type": "ndarray", "data": [[0.9999835775571697, -0.004877655182490587, -0.0030088363007463527, -0.014880575276661766], [0.0030263372896611987, 0.003584590923435549, 0.9999889959347158, 0.029290300577793842], [-0.004866816061160764, -0.9999816794260946, 0.0035992934854609526, 0.031659368563568706], [0.0, 0.0, 0.0, 1.0]]}, "Hobj2base": {"type": "ndarray", "data": [[0.9999851197972599, -0.004947772717731907, -0.002297766131131176, -0.7348098760994881], [-0.004958592252057453, -0.9999765329865313, -0.004727138575756463, 0.08785175594268274], [-0.002274323402144363, 0.004738461920310942, -0.9999861871204483, 0.00011760716486852174], [0.0, 0.0, 0.0, 1.0]]}, "mean_rme": {"type": "float", "data": 0.00157777498571325}, "max_rme": {"type": "float", "data": 0.0046098047136122755}, "simu": {"type": "float", "data": 0.002}}, {"type": "dict", "image_number": {"type": "int", "data": 11}, "Hcamera2end": {"type": "ndarray", "data": [[0.9999828680105283, -0.00530103443790627, -0.002482482492686509, -0.01577148777108967], [0.002504965014516428, 0.004238738137263609, 0.9999878790511811, 0.029342192374222753], [-0.005290447591122322, -0.9999769658011588, 0.004251944425054166, 0.032083730121596446], [0.0, 0.0, 0.0, 1.0]]}, "Hobj2base": {"type": "ndarray", "data": [[0.9999829846060199, -0.004976313788290097, -0.003044141835914858, -0.7358271799337716], [-0.0049875864228920335, -0.9999806918314826, -0.0037067433015222574, 0.087732493109491], [-0.0030256371413102828, 0.003721863150314765, -0.999988496561125, 0.0002952633562517454], [0.0, 0.0, 0.0, 1.0]]}, "mean_rme": {"type": "float", "data": 0.0017082602607232415}, "max_rme": {"type": "float", "data": 0.004552464183782967}, "simu": {"type": "float", "data": 0.002}}, {"type": "dict", "image_number": {"type": "int", "data": 12}, "Hcamera2end": {"type": "ndarray", "data": [[0.9999922844881579, -0.002851296989586607, -0.0027020491542846855, -0.01698101052584428], [0.0027176850390591544, 0.005494228823702096, 0.999981213642367, 0.029133408939385423], [-0.0028363977477551122, -0.9999808415940327, 0.005501935360085031, 0.03146164792933472], [0.0, 0.0, 0.0, 1.0]]}, "Hobj2base": {"type": "ndarray", "data": [[0.9999907379442465, -0.002398738578840226, -0.0035735247238189993, -0.7356142326076002], [-0.002413055082541438, -0.9999890590575831, -0.004007359516981816, 0.08601737385958043], [-0.0035638730182181036, 0.004015945512591944, -0.9999855853914845, 0.0003826252862430361], [0.0, 0.0, 0.0, 1.0]]}, "mean_rme": {"type": "float", "data": 0.0018716949592453484}, "max_rme": {"type": "float", "data": 0.004897107052449001}, "simu": {"type": "float", "data": 0.002}}, {"type": "dict", "image_number": {"type": "int", "data": 13}, "Hcamera2end": {"type": "ndarray", "data": [[0.9999931729278357, -0.0023498982730728976, -0.0028516794745836256, -0.016632905600838032], [0.0028676984872683772, 0.0068419593417190505, 0.9999724815702442, 0.029046092085862753], [-0.0023303225325416207, -0.9999738324428658, 0.006848651430891861, 0.03173354565167259], [0.0, 0.0, 0.0, 1.0]]}, "Hobj2base": {"type": "ndarray", "data": [[0.9999879925857712, -0.00189025459869472, -0.004521241182658285, -0.7364278335831325], [-0.0019093998253335565, -0.9999892138912823, -0.004233945370849895, 0.0864972847396451], [-0.004513189181351476, 0.004242527389238464, -0.9999808158583672, 0.0005681553462588396], [0.0, 0.0, 0.0, 1.0]]}, "mean_rme": {"type": "float", "data": 0.0018628170649549803}, "max_rme": {"type": "float", "data": 0.005574686379956562}, "simu": {"type": "float", "data": 0.002}}, {"type": "dict", "image_number": {"type": "int", "data": 14}, "Hcamera2end": {"type": "ndarray", "data": [[0.9999967749194124, 0.00016101601126455238, -0.002534605416667806, -0.016734342305782003], [0.0025338421647460065, 0.004575656416967444, 0.9999863214125672, 0.029028055622822894], [0.00017261129233222118, -0.9999895186661699, 0.004575233670948253, 0.032560197180933684], [0.0, 0.0, 0.0, 1.0]]}, "Hobj2base": {"type": "ndarray", "data": [[0.9999946016832943, 0.0002574922463003444, -0.0032757139699005613, -0.7368495660827851], [0.000244784102114198, -0.9999924454764622, -0.003879313179900248, 0.08606688205280567], [-0.0032766881165070686, 0.0038784903954361977, -0.9999871102305464, 0.00038827588466004107], [0.0, 0.0, 0.0, 1.0]]}, "mean_rme": {"type": "float", "data": 0.0019109145830573453}, "max_rme": {"type": "float", "data": 0.005707947598211832}, "simu": {"type": "float", "data": 0.002}}, {"type": "dict", "image_number": {"type": "int", "data": 15}, "Hcamera2end": {"type": "ndarray", "data": [[0.9999912025954714, -0.0007979316647325047, -0.004118013686401899, -0.015657680470363134], [0.004124302111253539, 0.0080464009193566, 0.9999591219466625, 0.027737260779296], [-0.0007647638577271663, -0.9999673088342956, 0.008049621043162203, 0.03098431163834747], [0.0, 0.0, 0.0, 1.0]]}, "Hobj2base": {"type": "ndarray", "data": [[0.9999828473078447, -0.0004399813931868519, -0.00584050566898198, -0.7366207791879211], [-0.0004714307558439986, -0.9999853928102385, -0.005384414471033736, 0.08666778268978832], [-0.005838051313426908, 0.005387075507831918, -0.9999684477893966, 0.0016566914235982184], [0.0, 0.0, 0.0, 1.0]]}, "mean_rme": {"type": "float", "data": 0.0020826362822307714}, "max_rme": {"type": "float", "data": 0.006572218794648671}, "simu": {"type": "float", "data": 0.002}}, {"type": "dict", "image_number": {"type": "int", "data": 16}, "Hcamera2end": {"type": "ndarray", "data": [[0.9999895034497517, -0.0007991006666821516, -0.004511588239585005, -0.01547699081892779], [0.004517466821800227, 0.0075141607841394675, 0.9999615642019568, 0.027806557291884658], [-0.0007651691531862363, -0.9999714490053377, 0.007517691822122141, 0.03105284474724718], [0.0, 0.0, 0.0, 1.0]]}, "Hobj2base": {"type": "ndarray", "data": [[0.9999855312203637, -0.0007435333035754448, -0.005327711342925139, -0.7364163090478637], [-0.0007722702837129517, -0.9999851549122794, -0.0053938440535498825, 0.08681656995422952], [-0.005323621749894795, 0.005397880444359221, -0.9999712605561086, 0.001574800171104583], [0.0, 0.0, 0.0, 1.0]]}, "mean_rme": {"type": "float", "data": 0.0020218768786760587}, "max_rme": {"type": "float", "data": 0.00646699600958156}, "simu": {"type": "float", "data": 0.002}}, {"type": "dict", "image_number": {"type": "int", "data": 17}, "Hcamera2end": {"type": "ndarray", "data": [[0.9999872923551788, -0.0005584051043068228, -0.0050103205384196495, -0.015113727732895606], [0.005014156206470133, 0.007093394898709082, 0.9999622702814083, 0.029054579061350765], [-0.0005228438536912525, -0.999974685645867, 0.007096104688785632, 0.031342258571944843], [0.0, 0.0, 0.0, 1.0]]}, "Hobj2base": {"type": "ndarray", "data": [[0.9999884380019287, -0.0008285569378507926, -0.00473680861589467, -0.7363195162371275], [-0.0008542720606291723, -0.9999848961112296, -0.005429343299198135, 0.08717904204939726], [-0.004732238551605682, 0.0054333270483984866, -0.9999740421008321, 0.0003939569885218551], [0.0, 0.0, 0.0, 1.0]]}, "mean_rme": {"type": "float", "data": 0.0020630339719272237}, "max_rme": {"type": "float", "data": 0.006566088404865694}, "simu": {"type": "float", "data": 0.002}}, {"type": "dict", "image_number": {"type": "int", "data": 18}, "Hcamera2end": {"type": "ndarray", "data": [[0.9999870151551055, 4.202255848007779e-05, -0.005095856678459555, -0.01475018161397876], [0.005095488949072481, 0.00632516388876303, 0.9999670136030236, 0.029031158449087983], [7.42533009521853e-05, -0.9999799950678436, 0.006324867632008679, 0.03136120257746544], [0.0, 0.0, 0.0, 1.0]]}, "Hobj2base": {"type": "ndarray", "data": [[0.9999909574547673, -0.0006303058070449193, -0.004205677506343542, -0.7361027096774129], [-0.0006520065421890569, -0.9999864720121772, -0.005160492235088027, 0.08753303615157629], [-0.004202367923766464, 0.0051631877003520425, -0.9999778405527817, 0.00029581440177159357], [0.0, 0.0, 0.0, 1.0]]}, "mean_rme": {"type": "float", "data": 0.002030296960817949}, "max_rme": {"type": "float", "data": 0.006637686316889685}, "simu": {"type": "float", "data": 0.002}}, {"type": "dict", "image_number": {"type": "int", "data": 19}, "Hcamera2end": {"type": "ndarray", "data": [[0.999988727775214, 0.0007199293191172415, -0.004693189137934159, -0.014635723369078616], [0.004689727866958044, 0.004736410812800629, 0.9999777861858464, 0.028895966929076405], [0.0007421421985205727, -0.9999885239913445, 0.004732981150323168, 0.03241278221714532], [0.0, 0.0, 0.0, 1.0]]}, "Hobj2base": {"type": "ndarray", "data": [[0.9999969401169791, 0.0002296022746062674, -0.002463136105514448, -0.7361463648499611], [0.00021760605568228286, -0.9999881204043262, -0.004869465866713199, 0.08777559086870458], [-0.0024642248848925404, 0.004868914973384743, -0.9999851105205009, 7.783952200959112e-05], [0.0, 0.0, 0.0, 1.0]]}, "mean_rme": {"type": "float", "data": 0.0020579115591574776}, "max_rme": {"type": "float", "data": 0.006845422876343155}, "simu": {"type": "float", "data": 0.002}}, {"type": "dict", "image_number": {"type": "int", "data": 20}, "Hcamera2end": {"type": "ndarray", "data": [[0.9999933043303781, 0.000554704970246356, -0.003617125489624823, -0.015082340609500096], [0.0036146500178720065, 0.004400574824255599, 0.9999837844917608, 0.028929684935139362], [0.0005706134067891566, -0.9999901635734284, 0.00439854029512976, 0.03269241023229868], [0.0, 0.0, 0.0, 1.0]]}, "Hobj2base": {"type": "ndarray", "data": [[0.9999969676497824, 0.00023321478986259344, -0.002451591748588474, -0.7362761802211091], [0.00022300576372033662, -0.9999913069273794, -0.004163692844294159, 0.08778970927057002], [-0.0024525414714751015, 0.004163133499429032, -0.9999883266117646, 0.0002262101914433573], [0.0, 0.0, 0.0, 1.0]]}, "mean_rme": {"type": "float", "data": 0.0020431945508811527}, "max_rme": {"type": "float", "data": 0.006666671192737589}, "simu": {"type": "float", "data": 0.002}}, {"type": "dict", "image_number": {"type": "int", "data": 21}, "Hcamera2end": {"type": "ndarray", "data": [[0.9999932185350079, 0.0009060226343043049, -0.003569594792434235, -0.01467640024992342], [0.003564547639560228, 0.005512458608153303, 0.9999784531679763, 0.02901042580320855], [0.0009256803559279669, -0.9999843958397947, 0.005509191664765711, 0.032057926788800914], [0.0, 0.0, 0.0, 1.0]]}, "Hobj2base": {"type": "ndarray", "data": [[0.9999930931016376, 0.0005214775408647431, -0.0036799198624220784, -0.7363915834085385], [0.0005081580048948198, -0.9999933203842524, -0.0036195251510869764, 0.08816410111253753], [-0.0036817827830463038, 0.003617630170659177, -0.9999866785250122, 0.00045118346862147015], [0.0, 0.0, 0.0, 1.0]]}, "mean_rme": {"type": "float", "data": 0.0020422000338056107}, "max_rme": {"type": "float", "data": 0.006805104423611014}, "simu": {"type": "float", "data": 0.002}}, {"type": "dict", "image_number": {"type": "int", "data": 22}, "Hcamera2end": {"type": "ndarray", "data": [[0.9999925454724071, 0.000744232243013137, -0.0037888148521979144, -0.01406227824102522], [0.003785046762016345, 0.005000843061552351, 0.9999803323014321, 0.02902564251980809], [0.0007631648741428371, -0.9999872187618409, 0.0049979888287881025, 0.03255006425920096], [0.0, 0.0, 0.0, 1.0]]}, "Hobj2base": {"type": "ndarray", "data": [[0.9999949679243321, 0.0003268750606693522, -0.0031555156011085967, -0.7363618406038598], [0.0003144178543689966, -0.9999921593773424, -0.003947445408416685, 0.08875151940201464], [-0.003156781181358844, 0.0039464333941279656, -0.9999872301164845, 0.00044142607156428463], [0.0, 0.0, 0.0, 1.0]]}, "mean_rme": {"type": "float", "data": 0.002065948930062972}, "max_rme": {"type": "float", "data": 0.007008119032657495}, "simu": {"type": "float", "data": 0.002}}, {"type": "dict", "image_number": {"type": "int", "data": 23}, "Hcamera2end": {"type": "ndarray", "data": [[0.9999960243188352, 4.456937540362805e-05, -0.002819460958129804, -0.014244291678651462], [0.0028192114239826514, 0.0048537040216928284, 0.9999842466780248, 0.028975019006745626], [5.825350227938765e-05, -0.9999882197160327, 0.004853559074420977, 0.03223528366737251], [0.0, 0.0, 0.0, 1.0]]}, "Hobj2base": {"type": "ndarray", "data": [[0.9999965228898832, -0.0005360995907792245, -0.00258201575753338, -0.7358006401346239], [-0.0005448019559084159, -0.9999941702527222, -0.003370853215180724, 0.08904439781944917], [-0.0025801935920048116, 0.0033722481815877973, -0.9999909852309816, 0.0004172894808366091], [0.0, 0.0, 0.0, 1.0]]}, "mean_rme": {"type": "float", "data": 0.002094363797014935}, "max_rme": {"type": "float", "data": 0.006518627140969596}, "simu": {"type": "float", "data": 0.002}}, {"type": "dict", "image_number": {"type": "int", "data": 24}, "Hcamera2end": {"type": "ndarray", "data": [[0.9999944343767097, 0.00043517313632222723, -0.0033078452119091138, -0.014179630321026763], [0.003305743738706156, 0.004744251786178877, 0.9999832819269145, 0.028981357992726792], [0.00045085911162093197, -0.9999886512852685, 0.004742786810589927, 0.032425666916300465], [0.0, 0.0, 0.0, 1.0]]}, "Hobj2base": {"type": "ndarray", "data": [[0.9999963708295406, -0.00032614852809917535, -0.0026743139093224565, -0.7360435656080946], [-0.0003359511991879577, -0.9999932242787948, -0.0036658605117138596, 0.0889672694687466], [-0.00267310017390688, 0.003666745646646024, -0.9999897047029147, 0.0003830216718706328], [0.0, 0.0, 0.0, 1.0]]}, "mean_rme": {"type": "float", "data": 0.0020814635690076656}, "max_rme": {"type": "float", "data": 0.006837619442188386}, "simu": {"type": "float", "data": 0.002}}, {"type": "dict", "image_number": {"type": "int", "data": 25}, "Hcamera2end": {"type": "ndarray", "data": [[0.999994234363131, -0.00032125544398190105, -0.003380537743506352, -0.014096278023691513], [0.0033818458945807255, 0.004162645949322474, 0.9999856176450969, 0.02897167640801313], [-0.00030717884182755294, -0.9999912845488407, 0.004163708385421794, 0.032663510699715584], [0.0, 0.0, 0.0, 1.0]]}, "Hobj2base": {"type": "ndarray", "data": [[0.9999963295323363, -0.001014258842262596, -0.0025124093726896298, -0.736013835705928], [-0.0010233595091115046, -0.9999929109104801, -0.003623653418751833, 0.08911427759327557], [-0.0025087162394734123, 0.003626211216271457, -0.9999902784202677, 0.00036540394709071665], [0.0, 0.0, 0.0, 1.0]]}, "mean_rme": {"type": "float", "data": 0.0020440791317153846}, "max_rme": {"type": "float", "data": 0.0066331066896762325}, "simu": {"type": "float", "data": 0.002}}, {"type": "dict", "image_number": {"type": "int", "data": 26}, "Hcamera2end": {"type": "ndarray", "data": [[0.9999958861495979, 0.00041641287431270525, -0.002838007082195, -0.014443459608703874], [0.0028357881827764495, 0.005235798290366911, 0.999982272203685, 0.028468446033480605], [0.0004312647248590918, -0.9999862064131587, 0.005234595892367966, 0.03220610665255751], [0.0, 0.0, 0.0, 1.0]]}, "Hobj2base": {"type": "ndarray", "data": [[0.9999945996905425, -0.00022326097212540277, -0.00327883276334323, -0.7360399611771116], [-0.0002337733600253382, -0.9999948331100552, -0.0032061040544200965, 0.08881538411024112], [-0.003278100024067271, 0.003206853244218098, -0.9999894850209681, 0.0009970726814021937], [0.0, 0.0, 0.0, 1.0]]}, "mean_rme": {"type": "float", "data": 0.0020695671720904136}, "max_rme": {"type": "float", "data": 0.006707275933751061}, "simu": {"type": "float", "data": 0.002}}, {"type": "dict", "image_number": {"type": "int", "data": 27}, "Hcamera2end": {"type": "ndarray", "data": [[0.9999953140480862, -0.00010657808073719901, -0.0030594971780136043, -0.014282125084960365], [0.003059989779853095, 0.004977446111422701, 0.9999829306006953, 0.028294069782323048], [-9.134777918176954e-05, -0.999987606758864, 0.00497774891518743, 0.0323740885408782], [0.0, 0.0, 0.0, 1.0]]}, "Hobj2base": {"type": "ndarray", "data": [[0.9999958281154028, -0.0004414876636161412, -0.002854617388154425, -0.7359607602749644], [-0.0004508376927837431, -0.9999945336065121, -0.003275591926562994, 0.08894702518055822], [-0.0028531556502659054, 0.003276865230288544, -0.9999905607839998, 0.0010450386666965047], [0.0, 0.0, 0.0, 1.0]]}, "mean_rme": {"type": "float", "data": 0.002036522055439381}, "max_rme": {"type": "float", "data": 0.006637413161195649}, "simu": {"type": "float", "data": 0.002}}, {"type": "dict", "image_number": {"type": "int", "data": 28}, "Hcamera2end": {"type": "ndarray", "data": [[0.9999958926057171, -8.988317834724433e-05, -0.0028647325720662586, -0.014345459002455315], [0.002865132929055249, 0.004825097765620345, 0.9999842545984665, 0.02822425702746239], [-7.605914836793367e-05, -0.9999883551084814, 0.004825335474295422, 0.032471070225180594], [0.0, 0.0, 0.0, 1.0]]}, "Hobj2base": {"type": "ndarray", "data": [[0.9999956369817, -0.00041273181173447386, -0.0029250076949763624, -0.7359991700088001], [-0.0004218976210206148, -0.9999950010203211, -0.0031336778336623736, 0.08895690056919871], [-0.0029236997043926554, 0.0031348982151566166, -0.9999908121544012, 0.0009979217757859146], [0.0, 0.0, 0.0, 1.0]]}, "mean_rme": {"type": "float", "data": 0.002015616525067067}, "max_rme": {"type": "float", "data": 0.006610455614528471}, "simu": {"type": "float", "data": 0.002}}, {"type": "dict", "image_number": {"type": "int", "data": 29}, "Hcamera2end": {"type": "ndarray", "data": [[0.9999967291352763, -0.00023865767049324987, -0.0025465194413553417, -0.014427938387702994], [0.0025474954810506233, 0.004182755679568384, 0.9999880073389377, 0.02823585675806709], [-0.00022800333969623713, -0.9999912237602097, 0.004183349977677553, 0.032732001916271944], [0.0, 0.0, 0.0, 1.0]]}, "Hobj2base": {"type": "ndarray", "data": [[0.9999967275378444, -0.0003762545445860124, -0.0025304833767385666, -0.7360574044437327], [-0.00038312452022594553, -0.999996241123631, -0.002714950130441408, 0.08891060388300014], [-0.0025294523526394963, 0.002715910736099504, -0.9999931128261179, 0.000978931174028754], [0.0, 0.0, 0.0, 1.0]]}, "mean_rme": {"type": "float", "data": 0.0020322809673407427}, "max_rme": {"type": "float", "data": 0.00643852602305256}, "simu": {"type": "float", "data": 0.002}}, {"type": "dict", "image_number": {"type": "int", "data": 30}, "Hcamera2end": {"type": "ndarray", "data": [[0.9999960444733458, -0.00031691465554519686, -0.00279474556323931, -0.01433258408950965], [0.0027959202993961736, 0.0037689978397056345, 0.9999889886818571, 0.028163457364056423], [-0.00030637777590672476, -0.9999928470846104, 0.0037698689994528634, 0.03295435454139433], [0.0, 0.0, 0.0, 1.0]]}, "Hobj2base": {"type": "ndarray", "data": [[0.9999976991912148, -0.00042307242325095276, -0.0021030030911165015, -0.7360316275893225], [-0.00042918690867541185, -0.9999956799446761, -0.002907901405164797, 0.08888544203883059], [-0.002101763753132744, 0.002908797296035309, -0.999993560722976, 0.0008504178002702183], [0.0, 0.0, 0.0, 1.0]]}, "mean_rme": {"type": "float", "data": 0.0020040554969262864}, "max_rme": {"type": "float", "data": 0.006453827055027728}, "simu": {"type": "float", "data": 0.002}}]}