{"type": "list", "data": [{"type": "dict", "image_number": {"type": "int", "data": 5}, "Hcamera2end": {"type": "ndarray", "data": [[0.9998630946915976, 0.0016836024013840208, 0.016460782384058244, -0.02258944214185256], [-0.01647209560772167, 0.006942340174734385, 0.9998402242254452, 0.030146841913562903], [0.00156905705165389, -0.9999744843724026, 0.006969122191232691, 0.028993754807841294], [0.0, 0.0, 0.0, 1.0]]}, "Hobj2base": {"type": "ndarray", "data": [[0.9999893553207095, 0.0006961408041985845, -0.004561209626004172, -0.7346059144552202], [0.0007729074947264518, -0.9998577257842214, 0.016850246396104458, 0.09117818435656573], [-0.004548830539404502, -0.01685359242374056, -0.9998476206718394, 0.0021830293575556105], [0.0, 0.0, 0.0, 1.0]]}, "mean_rme": {"type": "float", "data": 0.002278929933313435}, "max_rme": {"type": "float", "data": 0.005932222549353508}, "simu": {"type": "float", "data": 0.002}}, {"type": "dict", "image_number": {"type": "int", "data": 6}, "Hcamera2end": {"type": "ndarray", "data": [[0.9999041846671017, 0.0017106424345450077, 0.013736636694611257, -0.022513896391665723], [-0.013742630203100127, 0.0035426294129632385, 0.999899289874707, 0.030067204194003515], [0.0016618063423415727, -0.9999922617097112, 0.0035657987011343817, 0.029446421743732826], [0.0, 0.0, 0.0, 1.0]]}, "Hobj2base": {"type": "ndarray", "data": [[0.9999925869027383, 0.0013253595602974331, -0.003615184864599638, -0.7333517723343393], [0.001368304039938811, -0.9999282274557373, 0.011902423336494241, 0.08983563186266778], [-0.0035991504030241962, -0.011907281774727756, -0.9999226283853733, 0.0020790668180065883], [0.0, 0.0, 0.0, 1.0]]}, "mean_rme": {"type": "float", "data": 0.0021203018397130155}, "max_rme": {"type": "float", "data": 0.0055466197743774814}, "simu": {"type": "float", "data": 0.002}}, {"type": "dict", "image_number": {"type": "int", "data": 7}, "Hcamera2end": {"type": "ndarray", "data": [[0.99993206782414, 0.001443676099289166, 0.01156613748231396, -0.02199377587043746], [-0.011571272100840056, 0.0036004442059596187, 0.9999265685356542, 0.02947589364298758], [0.0014019268553556227, -0.9999924762721168, 0.0036169047889210715, 0.030965231135952103], [0.0, 0.0, 0.0, 1.0]]}, "Hobj2base": {"type": "ndarray", "data": [[0.9999946608145097, 0.0021798986209907857, -0.0024344166602661616, -0.7347244954450917], [0.0022025610446277937, -0.999953902925504, 0.009345627260731721, 0.08873136949735651], [-0.002413931920802056, -0.009350939313996548, -0.9999533653459185, 0.0022729720179732976], [0.0, 0.0, 0.0, 1.0]]}, "mean_rme": {"type": "float", "data": 0.00202554809192396}, "max_rme": {"type": "float", "data": 0.0065076678555663695}, "simu": {"type": "float", "data": 0.002}}, {"type": "dict", "image_number": {"type": "int", "data": 8}, "Hcamera2end": {"type": "ndarray", "data": [[0.999943544870942, -0.00012551784744374486, 0.010625032527222671, -0.02022414712136262], [-0.010624457849600987, 0.003926725968482425, 0.9999358488015971, 0.029159204725604085], [-0.00016723138646402517, -0.9999922825044393, 0.003925170725581517, 0.03115079071433521], [0.0, 0.0, 0.0, 1.0]]}, "Hobj2base": {"type": "ndarray", "data": [[0.9999984913350108, 0.0007066924529143625, -0.001586793458247888, -0.7344570609416127], [0.0007201610421394123, -0.9999635855952513, 0.008503461151907836, 0.0899943163995842], [-0.001580726344288943, -0.00850459106986426, -0.9999625859175727, 0.0012681128385573712], [0.0, 0.0, 0.0, 1.0]]}, "mean_rme": {"type": "float", "data": 0.0020401718502488504}, "max_rme": {"type": "float", "data": 0.006172888341253534}, "simu": {"type": "float", "data": 0.002}}, {"type": "dict", "image_number": {"type": "int", "data": 9}, "Hcamera2end": {"type": "ndarray", "data": [[0.9999385268528231, 0.0014830913897001773, 0.010988309939919623, -0.019849580744805227], [-0.010990122232587614, 0.001219402019438931, 0.9999388632671639, 0.029209302019291377], [0.001469601551007155, -0.9999981567476236, 0.001235626414614055, 0.031867109144057194], [0.0, 0.0, 0.0, 1.0]]}, "Hobj2base": {"type": "ndarray", "data": [[0.9999954236360287, 0.003024223645487946, 8.233068474444597e-05, -0.7343535281037357], [0.003023371789886676, -0.9999558766307204, 0.008894043777006661, 0.09016425942744684], [0.00010922462953166844, -0.008893754158355461, -0.9999604438211298, 0.0006496168036101794], [0.0, 0.0, 0.0, 1.0]]}, "mean_rme": {"type": "float", "data": 0.002039624458387671}, "max_rme": {"type": "float", "data": 0.006740547498733054}, "simu": {"type": "float", "data": 0.002}}, {"type": "dict", "image_number": {"type": "int", "data": 10}, "Hcamera2end": {"type": "ndarray", "data": [[0.999954877287609, 0.001516046061789335, 0.009377899181657032, -0.01875601911890507], [-0.009376247293158179, -0.0010930632440497856, 0.9999554446071297, 0.028759702669055833], [0.0015262291506633165, -0.9999982534070164, -0.00107879909928843, 0.032678256205445344], [0.0, 0.0, 0.0, 1.0]]}, "Hobj2base": {"type": "ndarray", "data": [[0.9999942742907508, 0.003050402350550785, 0.0014650703786073889, -0.7336507685020599], [0.0030392643663821194, -0.9999669147660404, 0.0075453459429209715, 0.09009790315352781], [0.00148803824741115, -0.007540850004267974, -0.9999704602253947, 0.0002862790181210606], [0.0, 0.0, 0.0, 1.0]]}, "mean_rme": {"type": "float", "data": 0.0020571480153242947}, "max_rme": {"type": "float", "data": 0.0069817443001639265}, "simu": {"type": "float", "data": 0.002}}, {"type": "dict", "image_number": {"type": "int", "data": 11}, "Hcamera2end": {"type": "ndarray", "data": [[0.9999687531421577, 0.0014477983907396435, 0.007771526178187675, -0.018431288077068866], [-0.007770861547250185, -0.0004641243757845803, 0.9999696986906039, 0.02896904956361814], [0.001451361475289007, -0.9999988442335239, -0.00045285923251325855, 0.03242735402242742], [0.0, 0.0, 0.0, 1.0]]}, "Hobj2base": {"type": "ndarray", "data": [[0.9999957161607594, 0.0028380743912411145, 0.0007162359105953089, -0.7337193302100846], [0.002833476734684653, -0.999975883932807, 0.006340580603941893, 0.0896859140834957], [0.0007342136772396107, -0.006338524004124676, -0.9999796418146347, 0.0006313291971052903], [0.0, 0.0, 0.0, 1.0]]}, "mean_rme": {"type": "float", "data": 0.002019492587029327}, "max_rme": {"type": "float", "data": 0.0066269554275972115}, "simu": {"type": "float", "data": 0.002}}, {"type": "dict", "image_number": {"type": "int", "data": 12}, "Hcamera2end": {"type": "ndarray", "data": [[0.9999703126329076, 0.0011961190146236233, 0.007612039946552983, -0.017877999182177952], [-0.007613535501733813, 0.0012508008822770256, 0.9999702343441611, 0.029150060767127527], [0.0011865622650756168, -0.9999985023971064, 0.0012598704438741004, 0.03160615449532831], [0.0, 0.0, 0.0, 1.0]]}, "Hobj2base": {"type": "ndarray", "data": [[0.9999975991085652, 0.002000320056975961, -0.0008947048535286513, -0.7340419055866946], [0.00200605334034253, -0.9999771625460867, 0.0064536916779060465, 0.09022714988233355], [-0.0008817749718429383, -0.006455471008953016, -0.9999787744582143, 0.0007607665277780951], [0.0, 0.0, 0.0, 1.0]]}, "mean_rme": {"type": "float", "data": 0.0020597640795999126}, "max_rme": {"type": "float", "data": 0.006294085196521887}, "simu": {"type": "float", "data": 0.002}}, {"type": "dict", "image_number": {"type": "int", "data": 13}, "Hcamera2end": {"type": "ndarray", "data": [[0.9999803624547977, 2.851462347843413e-05, 0.006266888517250288, -0.018141791009930845], [-0.00626694841062374, 0.0032895393962963926, 0.999974951830384, 0.02914523556806967], [7.898732569616186e-06, -0.9999945890440991, 0.0032896534974921066, 0.030792958556742515], [0.0, 0.0, 0.0, 1.0]]}, "Hobj2base": {"type": "ndarray", "data": [[0.9999985910982854, 0.0007086500779551193, -0.0015217149901876016, -0.7338923736331968], [0.0007166102113359506, -0.9999860307353983, 0.005236869663051871, 0.08958191958518963], [-0.001517982624853293, -0.0052379527613179355, -0.999985129679247, 0.001157207965153425], [0.0, 0.0, 0.0, 1.0]]}, "mean_rme": {"type": "float", "data": 0.0020557178026926665}, "max_rme": {"type": "float", "data": 0.00579592977280774}, "simu": {"type": "float", "data": 0.002}}, {"type": "dict", "image_number": {"type": "int", "data": 14}, "Hcamera2end": {"type": "ndarray", "data": [[0.9999858831308245, -0.0002826504295985084, 0.005306001111908874, -0.01755833019766797], [-0.0053053121146806525, 0.002385021945320087, 0.9999830825237427, 0.0291686508364307], [-0.00029530057696037235, -0.9999971158853685, 0.002383488727528915, 0.031243624371474297], [0.0, 0.0, 0.0, 1.0]]}, "Hobj2base": {"type": "ndarray", "data": [[0.9999989195677106, 0.0003014462035204472, -0.0014387472321179325, -0.7337877041254977], [0.00030751046858898927, -0.9999910628053221, 0.004216603703749814, 0.08972368813753417], [-0.0014374632945755807, -0.004217041577830549, -0.9999900750805522, 0.0011251569419634835], [0.0, 0.0, 0.0, 1.0]]}, "mean_rme": {"type": "float", "data": 0.001994221358838219}, "max_rme": {"type": "float", "data": 0.005933322960284898}, "simu": {"type": "float", "data": 0.002}}, {"type": "dict", "image_number": {"type": "int", "data": 15}, "Hcamera2end": {"type": "ndarray", "data": [[0.9999887215859447, 0.001862489176404428, 0.004368962688767271, -0.017276098224909883], [-0.0043753730407614655, 0.003451752641522754, 0.9999844706366475, 0.028692114669825842], [0.0018473796746315994, -0.9999923082393033, 0.003459862796158397, 0.029230184540580836], [0.0, 0.0, 0.0, 1.0]]}, "Hobj2base": {"type": "ndarray", "data": [[0.9999935357149449, 0.0020420407440228344, -0.0029594928489604776, -0.7327855893040823], [0.002050449423050722, -0.999993862131872, 0.0028410131546953835, 0.08889202647190325], [-0.0029536732193674534, -0.0028470630799811796, -0.9999915849877592, 0.0019086830235088726], [0.0, 0.0, 0.0, 1.0]]}, "mean_rme": {"type": "float", "data": 0.0021370294459567758}, "max_rme": {"type": "float", "data": 0.00611067986854686}, "simu": {"type": "float", "data": 0.002}}, {"type": "dict", "image_number": {"type": "int", "data": 16}, "Hcamera2end": {"type": "ndarray", "data": [[0.9999895293074659, 0.0013477491359014549, 0.00437319650822761, -0.017452739336140687], [-0.004376978893041874, 0.0028163922211543735, 0.9999864549035784, 0.02873644613182646], [0.0013354142438821053, -0.9999951257416824, 0.002822261801098347, 0.02990430669488277], [0.0, 0.0, 0.0, 1.0]]}, "Hobj2base": {"type": "ndarray", "data": [[0.9999951032230782, 0.0016998144921243396, -0.002627576936568889, -0.7330957427512321], [0.0017068763369526155, -0.9999949314452192, 0.0026876861873026225, 0.08884775237581974], [-0.0026229950506197856, -0.0026921579751994795, -0.9999929360662507, 0.001696724157013059], [0.0, 0.0, 0.0, 1.0]]}, "mean_rme": {"type": "float", "data": 0.002092252308365685}, "max_rme": {"type": "float", "data": 0.006088491104536631}, "simu": {"type": "float", "data": 0.002}}, {"type": "dict", "image_number": {"type": "int", "data": 17}, "Hcamera2end": {"type": "ndarray", "data": [[0.9999884987032751, 0.0006183579070940907, 0.004756058732677482, -0.01776103780687945], [-0.004757858938359248, 0.0029431424291849195, 0.9999843502230245, 0.029030225754822843], [0.0006043504716789143, -0.9999954777628449, 0.0029460506389258345, 0.029902258855721116], [0.0, 0.0, 0.0, 1.0]]}, "Hobj2base": {"type": "ndarray", "data": [[0.9999962777730905, 0.0011712462901713016, -0.0024642690786027205, -0.7329079517847193], [0.0011794167231438887, -0.9999938041406666, 0.0033167237555955906, 0.08904671663279988], [-0.002460369109943886, -0.0033196178101588063, -0.999991463324281, 0.0015243279429905698], [0.0, 0.0, 0.0, 1.0]]}, "mean_rme": {"type": "float", "data": 0.00208642458720547}, "max_rme": {"type": "float", "data": 0.006471620247480603}, "simu": {"type": "float", "data": 0.002}}, {"type": "dict", "image_number": {"type": "int", "data": 18}, "Hcamera2end": {"type": "ndarray", "data": [[0.999988639067244, 0.00078565762278097, 0.004701540018015501, -0.017671030976358405], [-0.004703659335469752, 0.0027177908625389824, 0.9999852444919795, 0.02900778417409411], [0.0007728682275027904, -0.9999959981694566, 0.002721455451711652, 0.029936255020407417], [0.0, 0.0, 0.0, 1.0]]}, "Hobj2base": {"type": "ndarray", "data": [[0.9999949102449328, 0.0013220760584104628, -0.0029037215990206726, -0.7329948577921377], [0.0013330253624388218, -0.9999919971576445, 0.003772090143124211, 0.0890588402973442], [-0.002898711370926082, -0.0037759416786462465, -0.9999886698042268, 0.0015646713439887068], [0.0, 0.0, 0.0, 1.0]]}, "mean_rme": {"type": "float", "data": 0.002048582468347056}, "max_rme": {"type": "float", "data": 0.0064090458045783505}, "simu": {"type": "float", "data": 0.002}}, {"type": "dict", "image_number": {"type": "int", "data": 19}, "Hcamera2end": {"type": "ndarray", "data": [[0.9999893045299432, 0.0008081629873353186, 0.0045538663031043005, -0.01762043915618538], [-0.0045557445462426896, 0.0023376692475468586, 0.9999868901611253, 0.029018334011194035], [0.0007975069592345634, -0.9999969410828591, 0.0023413260291974547, 0.030195165136034954], [0.0, 0.0, 0.0, 1.0]]}, "Hobj2base": {"type": "ndarray", "data": [[0.9999965335393514, 0.0012819383667524566, -0.0022999007163057167, -0.7329842745088333], [0.0012901531752962062, -0.9999927813846925, 0.003573889098855098, 0.0890564205233378], [-0.00229530260865286, -0.0035768439343211817, -0.9999909688459212, 0.0015594662965564116], [0.0, 0.0, 0.0, 1.0]]}, "mean_rme": {"type": "float", "data": 0.001991758171898942}, "max_rme": {"type": "float", "data": 0.006498076150237564}, "simu": {"type": "float", "data": 0.002}}, {"type": "dict", "image_number": {"type": "int", "data": 20}, "Hcamera2end": {"type": "ndarray", "data": [[0.9999850014088726, 0.002514317743468179, 0.004865713059978187, -0.01736197642616566], [-0.004871558264524344, 0.002323896389279434, 0.9999854336067336, 0.029239748183145536], [0.0025029737059157784, -0.9999941388387518, 0.002336110179490536, 0.030691203292613517], [0.0, 0.0, 0.0, 1.0]]}, "Hobj2base": {"type": "ndarray", "data": [[0.9999939464798382, 0.0024544881328673104, -0.0024662708050851674, -0.7331918306230308], [0.002463878091622642, -0.9999897006290093, 0.0038115535747807482, 0.08933921040173633], [-0.002456889991030096, -0.0038176070920689933, -0.9999896947307316, 0.0012265402525972525], [0.0, 0.0, 0.0, 1.0]]}, "mean_rme": {"type": "float", "data": 0.0021432989980490896}, "max_rme": {"type": "float", "data": 0.007904972271804755}, "simu": {"type": "float", "data": 0.002}}, {"type": "dict", "image_number": {"type": "int", "data": 21}, "Hcamera2end": {"type": "ndarray", "data": [[0.9999868817030482, 0.00199991703530707, 0.00471558624838213, -0.016978461656508667], [-0.004719210033995707, 0.0018111363024706506, 0.9999872243393657, 0.029202817553726463], [0.001991350915603854, -0.9999963600519484, 0.0018205505719870452, 0.031174023494741965], [0.0, 0.0, 0.0, 1.0]]}, "Hobj2base": {"type": "ndarray", "data": [[0.9999959433502255, 0.0022769953924103923, -0.0017113080013788067, -0.7334448472590834], [0.0022833581725057437, -0.999990453905186, 0.003725368969061109, 0.08963201125438706], [-0.001702809017092789, -0.0037292613856545432, -0.9999915964901747, 0.001137921243413704], [0.0, 0.0, 0.0, 1.0]]}, "mean_rme": {"type": "float", "data": 0.0021119622615188194}, "max_rme": {"type": "float", "data": 0.007937805596159808}, "simu": {"type": "float", "data": 0.002}}, {"type": "dict", "image_number": {"type": "int", "data": 22}, "Hcamera2end": {"type": "ndarray", "data": [[0.999986618035417, 0.0030430682899282883, 0.00418371670550857, -0.017072593215283535], [-0.004186418226613886, 0.0008819348448284581, 0.9999908480048012, 0.02926527307075499], [0.00303935067423843, -0.9999949809505608, 0.0008946625993613289, 0.031575259768721504], [0.0, 0.0, 0.0, 1.0]]}, "Hobj2base": {"type": "ndarray", "data": [[0.999990984145467, 0.0037074315447370347, -0.0020704055451175184, -0.7338450808385532], [0.003714268132902615, -0.99998763050434, 0.0033080281971580336, 0.08905729837111129], [-0.0020581156471560897, -0.003315688413795432, -0.9999923851561703, 0.001224318116080314], [0.0, 0.0, 0.0, 1.0]]}, "mean_rme": {"type": "float", "data": 0.00215255432913439}, "max_rme": {"type": "float", "data": 0.008257106320224972}, "simu": {"type": "float", "data": 0.002}}, {"type": "dict", "image_number": {"type": "int", "data": 23}, "Hcamera2end": {"type": "ndarray", "data": [[0.9999898582119426, 0.0028934516262449994, 0.0034512911997599312, -0.016550357496125066], [-0.0034531829971541908, 0.0006490796075223626, 0.9999938270923733, 0.028945811296528078], [0.0028911936024980022, -0.9999956033070093, 0.0006590646426534175, 0.03169492588598261], [0.0, 0.0, 0.0, 1.0]]}, "Hobj2base": {"type": "ndarray", "data": [[0.9999912816727691, 0.0036873640727925097, -0.001959572567522689, -0.7338408901401373], [0.003693355419282751, -0.999988489419404, 0.003062703780371458, 0.08925982162932719], [-0.0019482567078193686, -0.0030699144766794272, -0.9999933899386071, 0.0012071948151896098], [0.0, 0.0, 0.0, 1.0]]}, "mean_rme": {"type": "float", "data": 0.0021388162684567264}, "max_rme": {"type": "float", "data": 0.008198221970291297}, "simu": {"type": "float", "data": 0.002}}, {"type": "dict", "image_number": {"type": "int", "data": 24}, "Hcamera2end": {"type": "ndarray", "data": [[0.9999907306558656, 0.002671342814080597, 0.0033767632309090333, -0.016644436352934285], [-0.003378018994065902, 0.0004657146673949786, 0.9999941860318611, 0.029055521635929598], [0.0026697546748136324, -0.9999963235119509, 0.00047473419729116006, 0.03163841198621726], [0.0, 0.0, 0.0, 1.0]]}, "Hobj2base": {"type": "ndarray", "data": [[0.9999933856549644, 0.0034327498181941033, -0.0012020295367386642, -0.733614537605186], [0.0034365138749828565, -0.9999891543916346, 0.003143480792212535, 0.08923193900467892], [-0.0011912257168791005, -0.003147590791327104, -0.9999943368107154, 0.0009531162428471374], [0.0, 0.0, 0.0, 1.0]]}, "mean_rme": {"type": "float", "data": 0.002119538438017145}, "max_rme": {"type": "float", "data": 0.0082191309016994}, "simu": {"type": "float", "data": 0.002}}, {"type": "dict", "image_number": {"type": "int", "data": 25}, "Hcamera2end": {"type": "ndarray", "data": [[0.9999925211528592, 0.002589384059410633, 0.002872756262094347, -0.01643597723552621], [-0.002872955112757758, 7.307824649682715e-05, 0.9999958703857181, 0.029038931483808168], [0.002589163430262993, -0.999996644869253, 8.051688412813451e-05, 0.03170634325537666], [0.0, 0.0, 0.0, 1.0]]}, "Hobj2base": {"type": "ndarray", "data": [[0.9999938945433247, 0.003425952496717572, -0.0006882772437218019, -0.7334675469435962], [0.003427868176021043, -0.9999902001395433, 0.0028016681894124863, 0.08917628999741252], [-0.0006786721165723662, -0.002804010407608771, -0.9999958384562369, 0.0007658521966802589], [0.0, 0.0, 0.0, 1.0]]}, "mean_rme": {"type": "float", "data": 0.002078502716304756}, "max_rme": {"type": "float", "data": 0.008209217762911114}, "simu": {"type": "float", "data": 0.002}}, {"type": "dict", "image_number": {"type": "int", "data": 26}, "Hcamera2end": {"type": "ndarray", "data": [[0.9999931784114744, 0.0025320021684316447, 0.0026892555728697085, -0.0162917361848217], [-0.002689328722198966, 2.548565427784588e-05, 0.9999963834242127, 0.028950823828278502], [0.002531924473816115, -0.9999967941526113, 3.229486658140601e-05, 0.031665801599281965], [0.0, 0.0, 0.0, 1.0]]}, "Hobj2base": {"type": "ndarray", "data": [[0.9999938087995854, 0.003434197166398378, -0.0007672368086579903, -0.7333807190712098], [0.0034362234689726497, -0.9999905702493512, 0.0026555189037751675, 0.08918586456143848], [-0.0007581099983115342, -0.0026581388600535995, -0.9999961797762182, 0.0008252691744088616], [0.0, 0.0, 0.0, 1.0]]}, "mean_rme": {"type": "float", "data": 0.0020273039545364562}, "max_rme": {"type": "float", "data": 0.008164349400672732}, "simu": {"type": "float", "data": 0.002}}, {"type": "dict", "image_number": {"type": "int", "data": 27}, "Hcamera2end": {"type": "ndarray", "data": [[0.9999910407712541, 0.002963105071403402, 0.0030229762751012327, -0.01629555906894214], [-0.003022576893173254, -0.00013925379696000384, 0.9999954223081748, 0.029145547250696204], [0.002963512468145967, -0.9999956002986792, -0.00013029633643246719, 0.032304469587130735], [0.0, 0.0, 0.0, 1.0]]}, "Hobj2base": {"type": "ndarray", "data": [[0.999992356573245, 0.00376257713283451, -0.0010629244599033724, -0.7338538748910673], [0.0037658972501826414, -0.9999879821844917, 0.003139029227397317, 0.08935325495778705], [-0.0010511008462830093, -0.0031430080987580374, -0.999994508328472, 0.0005396607918631814], [0.0, 0.0, 0.0, 1.0]]}, "mean_rme": {"type": "float", "data": 0.0020800419493454043}, "max_rme": {"type": "float", "data": 0.00795753153268397}, "simu": {"type": "float", "data": 0.002}}, {"type": "dict", "image_number": {"type": "int", "data": 28}, "Hcamera2end": {"type": "ndarray", "data": [[0.9999936401677809, 0.0035516867298445226, 0.00032426125848629113, -0.015322403061631639], [-0.0003265038654221323, 0.0006308586329676347, 0.999999747706274, 0.029565734332207827], [0.0035514812707619896, -0.9999934937482137, 0.0006320142602586065, 0.0327543447836897], [0.0, 0.0, 0.0, 1.0]]}, "Hobj2base": {"type": "ndarray", "data": [[0.9999895349916533, 0.004047097557296398, -0.0021332858549007235, -0.7348889574863975], [0.004049652382776266, -0.9999910865295931, 0.001194645111595528, 0.08900843256502337], [-0.002128431994607412, -0.0012032716757699056, -0.9999970109527923, 0.00026000916052416493], [0.0, 0.0, 0.0, 1.0]]}, "mean_rme": {"type": "float", "data": 0.00232075131982135}, "max_rme": {"type": "float", "data": 0.00826732601543062}, "simu": {"type": "float", "data": 0.002}}, {"type": "dict", "image_number": {"type": "int", "data": 29}, "Hcamera2end": {"type": "ndarray", "data": [[0.99999386325852, 0.0034656777740389904, 0.0005123698536635304, -0.015400234704389525], [-0.0005150912325300372, 0.0007843901410196086, 0.9999995597064675, 0.029506288224689693], [0.0034652743502617115, -0.9999936868849089, 0.0007861704676562775, 0.032673432854567794], [0.0, 0.0, 0.0, 1.0]]}, "Hobj2base": {"type": "ndarray", "data": [[0.9999903058417188, 0.003847001168063267, -0.002142149527636957, -0.7348778944827724], [0.003849664356106027, -0.9999918205894653, 0.0012404992997739153, 0.08903238339192512], [-0.002137359803861331, -0.001248733830859349, -0.9999969361737511, 0.0003048398679508216], [0.0, 0.0, 0.0, 1.0]]}, "mean_rme": {"type": "float", "data": 0.002263979031149052}, "max_rme": {"type": "float", "data": 0.008280947247180537}, "simu": {"type": "float", "data": 0.002}}, {"type": "dict", "image_number": {"type": "int", "data": 30}, "Hcamera2end": {"type": "ndarray", "data": [[0.9999912582704937, 0.004181295988708535, 1.2101635466154562e-05, -0.015309668553814037], [-1.636490376857565e-05, 0.0010195718140931787, 0.9999994801026176, 0.02827962880878827], [0.004181281476377271, -0.9999907385756982, 0.001019631327778714, 0.032566280278356334], [0.0, 0.0, 0.0, 1.0]]}, "Hobj2base": {"type": "ndarray", "data": [[0.9999880152956505, 0.004309354121663725, -0.002323517187360394, -0.73487659421446], [0.004311971962369539, -0.999990073012927, 0.0011228416615694256, 0.08953482669767483], [-0.0023186553994930504, -0.0011328471456100622, -0.999996670241698, 0.0014699126955902346], [0.0, 0.0, 0.0, 1.0]]}, "mean_rme": {"type": "float", "data": 0.00233181886109969}, "max_rme": {"type": "float", "data": 0.008238154769711126}, "simu": {"type": "float", "data": 0.002}}]}