{"type": "list", "data": [{"type": "dict", "image_number": {"type": "int", "data": 5}, "Hcamera2end": {"type": "ndarray", "data": [[0.9999899823784885, 0.0038346361591637865, -0.0023088326481688136, -0.01595482787806767], [0.0022605789907586536, 0.012540653500151655, 0.9999188076001049, 0.027947333180932146], [0.0038632790860818225, -0.9999140100905257, 0.01253185937469281, 0.03621835973225316], [0.0, 0.0, 0.0, 1.0]]}, "Hobj2base": {"type": "ndarray", "data": [[0.999880994125486, 0.004417461821591802, -0.01478119134862149, -0.7436399068581948], [0.004380586102532789, -0.9999872142550315, -0.0025262208652924696, 0.08519184592636138], [-0.014792161844303911, 0.002461169948768531, -0.9998875609739604, 0.004494059202450829], [0.0, 0.0, 0.0, 1.0]]}, "mean_rme": {"type": "float", "data": 0.0012961872106265248}, "max_rme": {"type": "float", "data": 0.003911887659670654}, "simu": {"type": "float", "data": 0.002}}, {"type": "dict", "image_number": {"type": "int", "data": 6}, "Hcamera2end": {"type": "ndarray", "data": [[0.9999701454392254, 0.0038155160667768147, 0.006719379986185514, -0.016562501488233662], [-0.0067240019663346185, 0.0011998312544972967, 0.9999766738292035, 0.0274223233008439], [0.003807364943279097, -0.9999920010890611, 0.0012254509715977635, 0.034880506216219236], [0.0, 0.0, 0.0, 1.0]]}, "Hobj2base": {"type": "ndarray", "data": [[0.9999865882503087, 0.004215539831461383, -0.0030087444951060823, -0.7357043109056973], [0.0042309003091501336, -0.9999779560971456, 0.005117304207254415, 0.08986676935703751], [-0.002987105970919332, -0.00512996527326579, -0.9999823801718779, 0.0024191429251388397], [0.0, 0.0, 0.0, 1.0]]}, "mean_rme": {"type": "float", "data": 0.0013025125806684983}, "max_rme": {"type": "float", "data": 0.003923718698958911}, "simu": {"type": "float", "data": 0.002}}, {"type": "dict", "image_number": {"type": "int", "data": 7}, "Hcamera2end": {"type": "ndarray", "data": [[0.9999833396286566, 0.003462176865876938, 0.00461885228907559, -0.01658665739595532], [-0.004633597823819085, 0.00426318350418653, 0.9999801773223391, 0.02763125313403917], [0.003442417221373859, -0.999984919185164, 0.0042791548131576596, 0.03351865085824703], [0.0, 0.0, 0.0, 1.0]]}, "Hobj2base": {"type": "ndarray", "data": [[0.9999730092033723, 0.003593308773733429, -0.006408509718253484, -0.7362333202491617], [0.0036129358640791306, -0.9999888106880461, 0.0030537179222244336, 0.08879124402659758], [-0.0063974650600366525, -0.0030767890345414143, -0.9999748025875663, 0.00301623983777205], [0.0, 0.0, 0.0, 1.0]]}, "mean_rme": {"type": "float", "data": 0.0012891400539262086}, "max_rme": {"type": "float", "data": 0.004069710463099674}, "simu": {"type": "float", "data": 0.002}}, {"type": "dict", "image_number": {"type": "int", "data": 8}, "Hcamera2end": {"type": "ndarray", "data": [[0.9999667645538506, 0.004675343996393481, 0.006679142626073957, -0.01660224311857782], [-0.006696001378198524, 0.0035995672710305016, 0.9999711029229816, 0.027761102735653867], [0.00465116686942257, -0.9999825919854688, 0.003630753747649651, 0.033263886626213233], [0.0, 0.0, 0.0, 1.0]]}, "Hobj2base": {"type": "ndarray", "data": [[0.9999806109298158, 0.004109118754428381, -0.0046789857335118095, -0.7353125927562885], [0.004128909936917266, -0.9999825377899942, 0.004228027650794802, 0.08928463467292469], [-0.004661530560366194, -0.004247264783959731, -0.999980115239643, 0.002779590948712135], [0.0, 0.0, 0.0, 1.0]]}, "mean_rme": {"type": "float", "data": 0.0014287507531301421}, "max_rme": {"type": "float", "data": 0.004664015416828593}, "simu": {"type": "float", "data": 0.002}}, {"type": "dict", "image_number": {"type": "int", "data": 9}, "Hcamera2end": {"type": "ndarray", "data": [[0.9999588694921004, 0.004799981361884589, 0.007695420911550178, -0.017110696127391297], [-0.0077120788828708734, 0.00346162345038048, 0.9999642698628747, 0.02773992582941481], [0.00477317120840436, -0.9999824885176806, 0.003498498906948977, 0.03291077996610606], [0.0, 0.0, 0.0, 1.0]]}, "Hobj2base": {"type": "ndarray", "data": [[0.9999865514714044, 0.004007839263282143, -0.003291519522666339, -0.7349213140318118], [0.004025445950150351, -0.999977532757012, 0.005360015494463383, 0.08960058840857278], [-0.003269963490746914, -0.005373193244074091, -0.9999802178708987, 0.002746876159123532], [0.0, 0.0, 0.0, 1.0]]}, "mean_rme": {"type": "float", "data": 0.0013883758721587591}, "max_rme": {"type": "float", "data": 0.005101037134291553}, "simu": {"type": "float", "data": 0.002}}, {"type": "dict", "image_number": {"type": "int", "data": 10}, "Hcamera2end": {"type": "ndarray", "data": [[0.9999669429369413, 0.005153634532924933, 0.006289124299058635, -0.016626132987920986], [-0.006307202612824349, 0.003499164306310476, 0.9999739871838458, 0.027586603965732575], [0.005131493793112086, -0.9999805977619058, 0.0035315536514068935, 0.03275401198839965], [0.0, 0.0, 0.0, 1.0]]}, "Hobj2base": {"type": "ndarray", "data": [[0.999980832230217, 0.004904590565909955, -0.003778910364548239, -0.7349572990194944], [0.004921842448926312, -0.999977446799386, 0.004569612619116463, 0.08916385290646621], [-0.0037564130590831044, -0.004588124231276704, -0.9999824190839395, 0.0025830000721770163], [0.0, 0.0, 0.0, 1.0]]}, "mean_rme": {"type": "float", "data": 0.001418958818204112}, "max_rme": {"type": "float", "data": 0.0047340637755667325}, "simu": {"type": "float", "data": 0.002}}, {"type": "dict", "image_number": {"type": "int", "data": 11}, "Hcamera2end": {"type": "ndarray", "data": [[0.9999652162357647, 0.00512711106769475, 0.006578681528976512, -0.016224193090562], [-0.0065954148043798925, 0.0032536394122647527, 0.9999729568013993, 0.02832782322525366], [0.005105567756708483, -0.9999815631113778, 0.0032873416626780783, 0.03282609317754763], [0.0, 0.0, 0.0, 1.0]]}, "Hobj2base": {"type": "ndarray", "data": [[0.999983936481302, 0.004821137828013387, -0.0029805048905495453, -0.7349870932313443], [0.0048344235182467, -0.9999783390725481, 0.004466512616595006, 0.08960384507016875], [-0.002958906657114176, -0.004480849891625197, -0.9999855833239013, 0.00146038866236548], [0.0, 0.0, 0.0, 1.0]]}, "mean_rme": {"type": "float", "data": 0.0014581367002917851}, "max_rme": {"type": "float", "data": 0.004484157546415957}, "simu": {"type": "float", "data": 0.002}}, {"type": "dict", "image_number": {"type": "int", "data": 12}, "Hcamera2end": {"type": "ndarray", "data": [[0.9999497791589782, 0.00584595512401479, 0.008140268337020157, -0.016340934646039418], [-0.008139036176571222, -0.00023453134866202596, 0.9999668499931199, 0.029653304569281103], [0.0058476704786737605, -0.9999828847554014, -0.0001869391300595158, 0.03412309579514335], [0.0, 0.0, 0.0, 1.0]]}, "Hobj2base": {"type": "ndarray", "data": [[0.9999866573911864, 0.005118547303426763, -0.0006967877040709197, -0.7348558399503342], [0.0051227519309779155, -0.9999678280611992, 0.006172540418773881, 0.09052736802208068], [-0.0006651708469437395, -0.006176027531538198, -0.9999807069297257, 0.0002145913152103579], [0.0, 0.0, 0.0, 1.0]]}, "mean_rme": {"type": "float", "data": 0.0016824354812967836}, "max_rme": {"type": "float", "data": 0.004330572723925341}, "simu": {"type": "float", "data": 0.002}}, {"type": "dict", "image_number": {"type": "int", "data": 13}, "Hcamera2end": {"type": "ndarray", "data": [[0.9999603390142067, 0.005708344259514381, 0.006836315119099788, -0.015880460717966994], [-0.006829552865109601, -0.0012032801448040864, 0.999975954373182, 0.029542218878403706], [0.0057164330010450026, -0.9999829833165704, -0.0011642469826347313, 0.03460047496027806], [0.0, 0.0, 0.0, 1.0]]}, "Hobj2base": {"type": "ndarray", "data": [[0.9999887007193795, 0.004727764883419954, 0.0004966616297288108, -0.7347276428126437], [0.0047254557434198464, -0.9999784747773492, 0.004551928161012489, 0.09033675494692267], [0.0005181713850881341, -0.0045495297749480945, -0.9999895165836701, -0.0001999281500376307], [0.0, 0.0, 0.0, 1.0]]}, "mean_rme": {"type": "float", "data": 0.001624646521451393}, "max_rme": {"type": "float", "data": 0.004769911092414203}, "simu": {"type": "float", "data": 0.002}}, {"type": "dict", "image_number": {"type": "int", "data": 14}, "Hcamera2end": {"type": "ndarray", "data": [[0.9999649687814298, 0.00759953686773659, 0.0035083114670677604, -0.01454821849148343], [-0.0034976154558470775, -0.0014202890772705423, 0.999992874707145, 0.029562046559419665], [0.007604465535267185, -0.9999701144625938, -0.0013936590652077196, 0.034928274608053464], [0.0, 0.0, 0.0, 1.0]]}, "Hobj2base": {"type": "ndarray", "data": [[0.999978387737505, 0.006473946047229153, 0.0011454608145401981, -0.7348976850239725], [0.00647152779953978, -0.9999768493183019, 0.0021024165576688982, 0.08997104728196625], [0.0011590452277046328, -0.0020949582381857993, -0.999997133877963, -0.0001799091053346556], [0.0, 0.0, 0.0, 1.0]]}, "mean_rme": {"type": "float", "data": 0.0017662699933558741}, "max_rme": {"type": "float", "data": 0.0052314271570848}, "simu": {"type": "float", "data": 0.002}}, {"type": "dict", "image_number": {"type": "int", "data": 15}, "Hcamera2end": {"type": "ndarray", "data": [[0.9999709741463707, 0.007406349728253601, 0.0017879732831361582, -0.015014778133406351], [-0.0017847619686733752, -0.00044017605463086973, 0.9999983104334508, 0.02959231133088671], [0.007407124237758404, -0.9999724757355793, -0.0004269447068234733, 0.03541980966184329], [0.0, 0.0, 0.0, 1.0]]}, "Hobj2base": {"type": "ndarray", "data": [[0.9999779830009211, 0.006631610037692942, -0.00023507810927714224, -0.7363199243717419], [0.006631807322717743, -0.99997764923039, 0.0008486290697010325, 0.08890086248344103], [-0.000229445078043574, -0.0008501693781621015, -0.9999996122834174, -0.00011652718209518668], [0.0, 0.0, 0.0, 1.0]]}, "mean_rme": {"type": "float", "data": 0.0018959652750136623}, "max_rme": {"type": "float", "data": 0.007297092285507373}, "simu": {"type": "float", "data": 0.002}}, {"type": "dict", "image_number": {"type": "int", "data": 16}, "Hcamera2end": {"type": "ndarray", "data": [[0.9999825530224813, 0.005672780693842614, 0.0016471823942393105, -0.01444968527798478], [-0.0016496606983582318, 0.0004322250104263903, 0.999998545899503, 0.02973988320250426], [0.005672060491621866, -0.9999838162394127, 0.0004415756327673659, 0.034781145745705594], [0.0, 0.0, 0.0, 1.0]]}, "Hobj2base": {"type": "ndarray", "data": [[0.9999851934297462, 0.005303754530866734, -0.0012178296881144358, -0.7363820898315944], [0.005304572054972066, -0.9999857068415376, 0.0006690500309206703, 0.08969367437052557], [-0.0012142638043488516, -0.0006755001899156714, -0.9999990346309875, -1.1534546263135964e-05], [0.0, 0.0, 0.0, 1.0]]}, "mean_rme": {"type": "float", "data": 0.0019833346630031617}, "max_rme": {"type": "float", "data": 0.007302206969303365}, "simu": {"type": "float", "data": 0.002}}, {"type": "dict", "image_number": {"type": "int", "data": 17}, "Hcamera2end": {"type": "ndarray", "data": [[0.9999856957095904, 0.004739660336029462, 0.0024787085559998933, -0.015095296041885652], [-0.002492591517173342, 0.0029254445049049504, 0.9999926143537147, 0.03111481956651716], [0.004732374006250297, -0.9999844885768717, 0.002937216695645062, 0.033352408150526626], [0.0, 0.0, 0.0, 1.0]]}, "Hobj2base": {"type": "ndarray", "data": [[0.9999838483560528, 0.004211834632804709, -0.003816212264114332, -0.736655497335674], [0.0042179702680571265, -0.9999898224516637, 0.0016011620492094327, 0.0899295283291262], [-0.003809429594657959, -0.0016172328576767414, -0.9999914363653557, -0.0009490596915002529], [0.0, 0.0, 0.0, 1.0]]}, "mean_rme": {"type": "float", "data": 0.002152555848051505}, "max_rme": {"type": "float", "data": 0.006782456278754984}, "simu": {"type": "float", "data": 0.002}}, {"type": "dict", "image_number": {"type": "int", "data": 18}, "Hcamera2end": {"type": "ndarray", "data": [[0.9999831573395598, 0.0053044875165928025, 0.002355302399154274, -0.015189265382500162], [-0.0023656690909451333, 0.0019488991505910436, 0.9999953026898941, 0.0310720398936497], [0.005299872352924888, -0.9999840319746546, 0.0019614149881057585, 0.03350107951207974], [0.0, 0.0, 0.0, 1.0]]}, "Hobj2base": {"type": "ndarray", "data": [[0.9999838270504569, 0.004935613727788451, -0.002825836982567177, -0.7363237444906601], [0.004940521643981167, -0.9999862948156995, 0.0017324625983126344, 0.08974420787185178], [-0.002817247487767415, -0.001746395688057182, -0.9999945065942579, -0.0010101045311040118], [0.0, 0.0, 0.0, 1.0]]}, "mean_rme": {"type": "float", "data": 0.002085263431873399}, "max_rme": {"type": "float", "data": 0.006840248904703111}, "simu": {"type": "float", "data": 0.002}}, {"type": "dict", "image_number": {"type": "int", "data": 19}, "Hcamera2end": {"type": "ndarray", "data": [[0.99998539646878, 0.00523758366650949, 0.0013321285648013926, -0.014591798332130007], [-0.0013501687451857453, 0.0034423450250677945, 0.9999931636291759, 0.0312781634167033], [0.005232962214307529, -0.9999803587961438, 0.003449366376441554, 0.03262596517904026], [0.0, 0.0, 0.0, 1.0]]}, "Hobj2base": {"type": "ndarray", "data": [[0.999980030966349, 0.004753753548741126, -0.004164072013963152, -0.73645410164703], [0.0047559415116675595, -0.9999885574746308, 0.0005156938469660736, 0.08960625837434665], [-0.004161572885008417, -0.0005354876320070703, -0.9999911972433146, -0.0010303292501146126], [0.0, 0.0, 0.0, 1.0]]}, "mean_rme": {"type": "float", "data": 0.0021463140371724837}, "max_rme": {"type": "float", "data": 0.006681060674367162}, "simu": {"type": "float", "data": 0.002}}, {"type": "dict", "image_number": {"type": "int", "data": 20}, "Hcamera2end": {"type": "ndarray", "data": [[0.9999852859082659, 0.005262232909849491, 0.0013179043084495428, -0.014749064051125225], [-0.0013329288789956334, 0.002852684624320645, 0.9999950427332317, 0.031350226904822184], [0.005258447258200119, -0.9999820853871518, 0.002859656831870949, 0.03251549473109469], [0.0, 0.0, 0.0, 1.0]]}, "Hobj2base": {"type": "ndarray", "data": [[0.9999831018399309, 0.004657552062722035, -0.003478971597110651, -0.7361105511936017], [0.004658495457557345, -0.9999891145356716, 0.000263116390769772, 0.08931973108822674], [-0.003477708248600866, -0.0002793187179689949, -0.9999939137446743, -0.0012172369650554598], [0.0, 0.0, 0.0, 1.0]]}, "mean_rme": {"type": "float", "data": 0.0020978844279615936}, "max_rme": {"type": "float", "data": 0.006649602806027971}, "simu": {"type": "float", "data": 0.002}}, {"type": "dict", "image_number": {"type": "int", "data": 21}, "Hcamera2end": {"type": "ndarray", "data": [[0.9999793734979552, 0.006363305771685653, 0.0008723063068829585, -0.014451543143016556], [-0.0008875639406834678, 0.002395322975360492, 0.999996737323725, 0.03126252303636723], [0.006361195554940453, -0.999976885116601, 0.002400921408972745, 0.0324993020203041], [0.0, 0.0, 0.0, 1.0]]}, "Hobj2base": {"type": "ndarray", "data": [[0.9999794367226105, 0.00551786892775033, -0.003267912854855601, -0.7360614483954565], [0.005518725651602736, -0.9999847396612747, 0.00025320299274383577, 0.08934417002759025], [-0.003266465844472435, -0.000271232500559754, -0.9999946283024814, -0.001232924432334055], [0.0, 0.0, 0.0, 1.0]]}, "mean_rme": {"type": "float", "data": 0.0020819814246619047}, "max_rme": {"type": "float", "data": 0.00675864613140062}, "simu": {"type": "float", "data": 0.002}}, {"type": "dict", "image_number": {"type": "int", "data": 22}, "Hcamera2end": {"type": "ndarray", "data": [[0.9999776982503036, 0.0065108127752710404, 0.0014873866444408044, -0.014717167998006857], [-0.0014991421671661067, 0.001801030587923691, 0.9999972544270229, 0.031147722545589392], [0.006508116070516719, -0.9999771825425953, 0.001810751055764226, 0.03291090638511229], [0.0, 0.0, 0.0, 1.0]]}, "Hobj2base": {"type": "ndarray", "data": [[0.9999815165124146, 0.0054463262104566534, -0.002702621753172523, -0.7360889343759738], [0.005448713072429638, -0.9999847714422039, 0.0008765897200537862, 0.08947442311022169], [-0.002697806402572809, -0.000891299328094922, -0.9999959637049152, -0.0012631995474267077], [0.0, 0.0, 0.0, 1.0]]}, "mean_rme": {"type": "float", "data": 0.002046314205834969}, "max_rme": {"type": "float", "data": 0.006884170161110786}, "simu": {"type": "float", "data": 0.002}}, {"type": "dict", "image_number": {"type": "int", "data": 23}, "Hcamera2end": {"type": "ndarray", "data": [[0.9999764155054677, 0.0067641212607571135, 0.0011895782471375584, -0.014827499204540873], [-0.0011988539095938414, 0.001367414147146695, 0.9999983464625599, 0.03110674657567388], [0.0067624834299050834, -0.9999761881375577, 0.0013754910905936502, 0.03309302804926978], [0.0, 0.0, 0.0, 1.0]]}, "Hobj2base": {"type": "ndarray", "data": [[0.9999781908894975, 0.006106327060493976, -0.002516051509404052, -0.736297810211588], [0.006108106172269801, -0.9999811003211485, 0.0007000282097476991, 0.08914160551080086], [-0.0025117293556382574, -0.0007153812525094575, -0.9999965897168392, -0.0013611183419118098], [0.0, 0.0, 0.0, 1.0]]}, "mean_rme": {"type": "float", "data": 0.002056599314841258}, "max_rme": {"type": "float", "data": 0.006416183895398192}, "simu": {"type": "float", "data": 0.002}}, {"type": "dict", "image_number": {"type": "int", "data": 24}, "Hcamera2end": {"type": "ndarray", "data": [[0.9999766703348433, 0.006515096635602409, 0.0020523893073642785, -0.015378086449351673], [-0.002063799541467895, 0.001745113393411768, 0.9999963476486787, 0.03105466653141303], [0.006511491188111826, -0.9999772537888415, 0.0017585185339498155, 0.03247033132410319], [0.0, 0.0, 0.0, 1.0]]}, "Hobj2base": {"type": "ndarray", "data": [[0.9999779566903979, 0.006092847434076815, -0.0026388147797559323, -0.735860289469238], [0.006097641459250581, -0.9999797665737706, 0.0018125152970244938, 0.08922749189362518], [-0.002627718008315052, -0.0018285658895929656, -0.9999948757092991, -0.001100440014383706], [0.0, 0.0, 0.0, 1.0]]}, "mean_rme": {"type": "float", "data": 0.002056004139402753}, "max_rme": {"type": "float", "data": 0.006585473338075548}, "simu": {"type": "float", "data": 0.002}}, {"type": "dict", "image_number": {"type": "int", "data": 25}, "Hcamera2end": {"type": "ndarray", "data": [[0.9999742333519005, 0.006660855426447565, 0.0026768707975448136, -0.015595658140954665], [-0.0026925486351952552, 0.002345874177223095, 0.999993623507766, 0.02998046186556317], [0.0066545333514749444, -0.9999750646287799, 0.0023637484090964778, 0.032220109367955385], [0.0, 0.0, 0.0, 1.0]]}, "Hobj2base": {"type": "ndarray", "data": [[0.9999762734192887, 0.00613585926680975, -0.003131106757951642, -0.7358310344856713], [0.0061431260094070034, -0.999978447667877, 0.0023165065453382753, 0.0891853126592787], [-0.0031168255171460445, -0.002335686365921762, -0.9999924149551811, 0.0001503198638366321], [0.0, 0.0, 0.0, 1.0]]}, "mean_rme": {"type": "float", "data": 0.002086731053546866}, "max_rme": {"type": "float", "data": 0.006842815536648311}, "simu": {"type": "float", "data": 0.002}}, {"type": "dict", "image_number": {"type": "int", "data": 26}, "Hcamera2end": {"type": "ndarray", "data": [[0.9999724611680881, 0.006786425736789027, 0.003003553088522974, -0.015688509715915698], [-0.003021689615536138, 0.0026638001352514706, 0.9999918867474409, 0.030099491986818026], [0.006778369811679608, -0.9999734239441358, 0.002684233249482748, 0.03227057434508945], [0.0, 0.0, 0.0, 1.0]]}, "Hobj2base": {"type": "ndarray", "data": [[0.9999745823288725, 0.006268454443032758, -0.003397230503302383, -0.7360560354246708], [0.006276928471101355, -0.999977201025207, 0.0024894976927966623, 0.08907919389980182], [-0.0033815477470564392, -0.002510758588432107, -0.9999911305737397, 9.437848822117042e-05], [0.0, 0.0, 0.0, 1.0]]}, "mean_rme": {"type": "float", "data": 0.002072363373789905}, "max_rme": {"type": "float", "data": 0.006850249989594687}, "simu": {"type": "float", "data": 0.002}}, {"type": "dict", "image_number": {"type": "int", "data": 27}, "Hcamera2end": {"type": "ndarray", "data": [[0.9999644888064889, 0.007486037894219073, 0.0038704473415262907, -0.01598798830745576], [-0.0038755614279167325, 0.0006687640777129911, 0.9999922663592088, 0.030109069017131434], [0.007483391583744357, -0.9999717555967541, 0.0006977529288131334, 0.032748859756404486], [0.0, 0.0, 0.0, 1.0]]}, "Hobj2base": {"type": "ndarray", "data": [[0.9999756078744825, 0.0068265352614634185, -0.0014771839368294274, -0.735517120549076], [0.006830829359199295, -0.9999724013504454, 0.0029216960295241584, 0.08891716005486197], [-0.001457198107578803, -0.002931715154552514, -0.9999946407956033, -0.0003729553540429554], [0.0, 0.0, 0.0, 1.0]]}, "mean_rme": {"type": "float", "data": 0.00211711894349268}, "max_rme": {"type": "float", "data": 0.0073385952523036535}, "simu": {"type": "float", "data": 0.002}}, {"type": "dict", "image_number": {"type": "int", "data": 28}, "Hcamera2end": {"type": "ndarray", "data": [[0.9999645931531137, 0.007418772930609236, 0.0039716807943151085, -0.01594755775388713], [-0.003976818253879407, 0.0006778711104094004, 0.9999918626705587, 0.030134590544925923], [0.007416020273939615, -0.9999722507644709, 0.0007073502207426419, 0.03268439778732567], [0.0, 0.0, 0.0, 1.0]]}, "Hobj2base": {"type": "ndarray", "data": [[0.9999751929794647, 0.006906890479445573, -0.0013814085519269098, -0.7355067583039278], [0.006911020799691972, -0.9999715949125481, 0.0030078496573628525, 0.08901948632372914], [-0.001360594424734142, -0.003017321984809874, -0.999994522260423, -0.00034017988240241895], [0.0, 0.0, 0.0, 1.0]]}, "mean_rme": {"type": "float", "data": 0.0020845531397441735}, "max_rme": {"type": "float", "data": 0.007393560345204192}, "simu": {"type": "float", "data": 0.002}}, {"type": "dict", "image_number": {"type": "int", "data": 29}, "Hcamera2end": {"type": "ndarray", "data": [[0.9999608429228295, 0.0077517376830829755, 0.0042688621384383155, -0.016076140875568145], [-0.004273384648094311, 0.0005669491704680674, 0.9999907083329763, 0.03010860339138017], [0.007749245428669337, -0.9999697941095677, 0.0006000531272065679, 0.032779946112863785], [0.0, 0.0, 0.0, 1.0]]}, "Hobj2base": {"type": "ndarray", "data": [[0.9999722137817542, 0.007359174085560971, -0.0011892103245773702, -0.7355069078927662], [0.007362826176433796, -0.9999681000605394, 0.00309639338768823, 0.08893790541233776], [-0.0011663854908626325, -0.003105063299532868, -0.9999944990482663, -0.0004077780618305411], [0.0, 0.0, 0.0, 1.0]]}, "mean_rme": {"type": "float", "data": 0.0020647889265441766}, "max_rme": {"type": "float", "data": 0.007506164435756607}, "simu": {"type": "float", "data": 0.002}}, {"type": "dict", "image_number": {"type": "int", "data": 30}, "Hcamera2end": {"type": "ndarray", "data": [[0.9999651681139478, 0.006876954966725128, 0.004729698640485406, -0.016330207592259782], [-0.004729179123621361, -9.180410426323782e-05, 0.9999888131558387, 0.030072062123844938], [0.006877312241048737, -0.9999763492515169, -5.9278554690456176e-05, 0.03320894214896763], [0.0, 0.0, 0.0, 1.0]]}, "Hobj2base": {"type": "ndarray", "data": [[0.9999785772892508, 0.00652955661219761, -0.00045809716650668764, -0.7353138854099803], [0.006531166184417081, -0.9999721742717078, 0.003604795498298378, 0.0891746386464677], [-0.00043454670333786674, -0.003607710182530174, -0.999993397776406, -0.0003859750351214312], [0.0, 0.0, 0.0, 1.0]]}, "mean_rme": {"type": "float", "data": 0.002078295149806816}, "max_rme": {"type": "float", "data": 0.007599059273065839}, "simu": {"type": "float", "data": 0.002}}]}