{"type": "list", "data": [{"type": "dict", "image_number": {"type": "int", "data": 5}, "Hcamera2end": {"type": "ndarray", "data": [[0.9997845909219141, 0.0033554084486525654, -0.020482016239708627, -0.014152244339013728], [0.020507824745838503, -0.007846782054815815, 0.9997588995030643, 0.02773717063532621], [0.003193881540531983, -0.9999635839596995, -0.007913903915143017, 0.025715420626112474], [0.0, 0.0, 0.0, 1.0]]}, "Hobj2base": {"type": "ndarray", "data": [[0.999913217690556, 0.001290253667574773, 0.013110771647468364, -0.7232651513872413], [0.001507241061550556, -0.9998618381931272, -0.016553934560786722, 0.08051778643066515], [0.013087601464788209, 0.016572259065490827, -0.9997770125969916, -0.005124164411382281], [0.0, 0.0, 0.0, 1.0]]}, "mean_rme": {"type": "float", "data": 0.0012548640200372443}, "max_rme": {"type": "float", "data": 0.004577009266211102}, "simu": {"type": "float", "data": 0.002}}, {"type": "dict", "image_number": {"type": "int", "data": 6}, "Hcamera2end": {"type": "ndarray", "data": [[0.9999864757004462, 0.0031113351751838477, 0.0041674944065505475, -0.01158633835127129], [-0.004194784684916769, 0.00881685846918856, 0.9999523322579839, 0.029095731928529003], [0.0030744426565077003, -0.9999562903448139, 0.00882979060849598, 0.027371010728700414], [0.0, 0.0, 0.0, 1.0]]}, "Hobj2base": {"type": "ndarray", "data": [[0.9999915737275025, 0.002413506529105738, -0.0033207619949365097, -0.7332161247976962], [0.0024400416991342488, -0.9999649426335238, 0.008009975058643298, 0.09471782236239372], [-0.0033013134506642626, -0.008018010362151301, -0.9999624057130012, 0.0015556748505104838], [0.0, 0.0, 0.0, 1.0]]}, "mean_rme": {"type": "float", "data": 0.0013119436878474857}, "max_rme": {"type": "float", "data": 0.004218553881633169}, "simu": {"type": "float", "data": 0.002}}, {"type": "dict", "image_number": {"type": "int", "data": 7}, "Hcamera2end": {"type": "ndarray", "data": [[0.9999850055511394, 0.004894175088404211, 0.0024567708667188846, -0.012639456687651434], [-0.0024967950363637206, 0.008188664827739278, 0.9999633552200227, 0.029291073668265572], [0.004873878069248811, -0.9999544953739359, 0.008200761795291167, 0.028001273837531895], [0.0, 0.0, 0.0, 1.0]]}, "Hobj2base": {"type": "ndarray", "data": [[0.9999837687283053, 0.004520412418964381, -0.0034681625535159027, -0.7343329598858427], [0.004536239610954112, -0.9999792715499556, 0.004569354507064052, 0.09270227119385308], [-0.0034474352970212847, -0.004585012756982065, -0.9999835462885827, 0.00115787445854668], [0.0, 0.0, 0.0, 1.0]]}, "mean_rme": {"type": "float", "data": 0.0013412322372098363}, "max_rme": {"type": "float", "data": 0.004878799642118986}, "simu": {"type": "float", "data": 0.002}}, {"type": "dict", "image_number": {"type": "int", "data": 8}, "Hcamera2end": {"type": "ndarray", "data": [[0.9999897217062131, 0.004165001417976515, 0.0017914366074777057, -0.012783430898114364], [-0.0018233203324989672, 0.007664000944302973, 0.9999689688147784, 0.02962234495683126], [0.0041511426011946965, -0.9999619572027301, 0.0076715163032200495, 0.02846224551815394], [0.0, 0.0, 0.0, 1.0]]}, "Hobj2base": {"type": "ndarray", "data": [[0.9999856973873522, 0.004012684306909162, -0.0035360126391161704, -0.7340696724273482], [0.004027986813770866, -0.9999825079738978, 0.004331174027991873, 0.09246950867433779], [-0.003518571153038175, -0.0043453550931711275, -0.9999843686509078, 0.0005355016031711665], [0.0, 0.0, 0.0, 1.0]]}, "mean_rme": {"type": "float", "data": 0.0014135710720852518}, "max_rme": {"type": "float", "data": 0.004890200060585104}, "simu": {"type": "float", "data": 0.002}}, {"type": "dict", "image_number": {"type": "int", "data": 9}, "Hcamera2end": {"type": "ndarray", "data": [[0.9999925554650289, 0.003854165752186609, -0.00018552863864273344, -0.011736720303697828], [0.00015486531966287269, 0.007954665604243405, 0.9999683491550406, 0.029547915804107833], [0.003855519582864353, -0.9999609335876474, 0.007954009508845838, 0.029105570473768615], [0.0, 0.0, 0.0, 1.0]]}, "Hobj2base": {"type": "ndarray", "data": [[0.9999833036465336, 0.003513973330069457, -0.0045874197104618574, -0.7347782991049758], [0.0035274048388065343, -0.9999895063946482, 0.002923100355921357, 0.09219040467348259], [-0.00457709987519801, -0.002939233237288917, -0.9999852054229148, 0.0004216647788806396], [0.0, 0.0, 0.0, 1.0]]}, "mean_rme": {"type": "float", "data": 0.0015252252747991121}, "max_rme": {"type": "float", "data": 0.004354967704458368}, "simu": {"type": "float", "data": 0.002}}, {"type": "dict", "image_number": {"type": "int", "data": 10}, "Hcamera2end": {"type": "ndarray", "data": [[0.9999926747750255, 0.003229348075618434, -0.002054679365865386, -0.011375056711230586], [0.00203564444290943, 0.0058866299759297025, 0.9999806016814667, 0.02964875732613454], [0.003241380568841836, -0.9999774591952224, 0.005880013050576394, 0.03002160120926532], [0.0, 0.0, 0.0, 1.0]]}, "Hobj2base": {"type": "ndarray", "data": [[0.9999917320192494, 0.002464255980169559, -0.00323470796298797, -0.7348800741468355], [0.002465974494064766, -0.9999968204084386, 0.0005273924609574557, 0.09188795091226314], [-0.003233398047912016, -0.000535364807819217, -0.9999946292463708, 4.3679917978645125e-05], [0.0, 0.0, 0.0, 1.0]]}, "mean_rme": {"type": "float", "data": 0.0015092285677989544}, "max_rme": {"type": "float", "data": 0.004613324589517909}, "simu": {"type": "float", "data": 0.002}}, {"type": "dict", "image_number": {"type": "int", "data": 11}, "Hcamera2end": {"type": "ndarray", "data": [[0.999992460187596, 0.0035242865214044324, -0.0016306356043855848, -0.011581421372512533], [0.0016087575692740122, 0.0062017363989032015, 0.9999794749717227, 0.029789384740504653], [0.0035343269575049885, -0.9999745586114449, 0.006196019916356543, 0.029664467083588504], [0.0, 0.0, 0.0, 1.0]]}, "Hobj2base": {"type": "ndarray", "data": [[0.9999898729688114, 0.002897189299388366, -0.003443871946511567, -0.7347560825479402], [0.002899896082570971, -0.9999954901251937, 0.0007812374697289048, 0.09170240261287578], [-0.0034415930222426593, -0.0007912164288792481, -0.9999937646875765, 0.00021811728419999433], [0.0, 0.0, 0.0, 1.0]]}, "mean_rme": {"type": "float", "data": 0.0014845581473946264}, "max_rme": {"type": "float", "data": 0.0046498187815842695}, "simu": {"type": "float", "data": 0.002}}, {"type": "dict", "image_number": {"type": "int", "data": 12}, "Hcamera2end": {"type": "ndarray", "data": [[0.9999950150193653, 0.002997414635690039, 0.0009926942737248426, -0.013295837734371794], [-0.0009931227629553193, 0.00014146791868940856, 0.9999994968468763, 0.029679152890902945], [0.002997272693138703, -0.9999954977360298, 0.0001444440141792347, 0.03115264424374504], [0.0, 0.0, 0.0, 1.0]]}, "Hobj2base": {"type": "ndarray", "data": [[0.9999970051856686, 0.0017540303014512446, 0.0017067505369811676, -0.733363223098615], [0.0017497730411478749, -0.9999953624341595, 0.002492670150416688, 0.09121912271207706], [0.0017111148407885325, -0.0024896762592548235, -0.9999954367886517, -0.0005901914485827858], [0.0, 0.0, 0.0, 1.0]]}, "mean_rme": {"type": "float", "data": 0.0017020903366928514}, "max_rme": {"type": "float", "data": 0.005243720687824083}, "simu": {"type": "float", "data": 0.002}}, {"type": "dict", "image_number": {"type": "int", "data": 13}, "Hcamera2end": {"type": "ndarray", "data": [[0.9999930542904956, 0.003676169230561333, 0.000614125845584556, -0.013531181323647943], [-0.0006128703973902951, -0.00034262667249507217, 0.9999997534983893, 0.029690614405875122], [0.0036763787402746616, -0.9999931841701482, -0.0003403712774123768, 0.032144300558343046], [0.0, 0.0, 0.0, 1.0]]}, "Hobj2base": {"type": "ndarray", "data": [[0.9999925174599159, 0.0031791738417830764, 0.0022040594056082358, -0.734026471049069], [0.003174529022483902, -0.9999927399606612, 0.0021076981413732485, 0.09030435466156422], [0.0022107441428476744, -0.002100685519887039, -0.9999953498545289, -0.0007488990744836238], [0.0, 0.0, 0.0, 1.0]]}, "mean_rme": {"type": "float", "data": 0.0016768228282067394}, "max_rme": {"type": "float", "data": 0.0055511775941549935}, "simu": {"type": "float", "data": 0.002}}, {"type": "dict", "image_number": {"type": "int", "data": 14}, "Hcamera2end": {"type": "ndarray", "data": [[0.9999912294377001, 0.004172522482469385, -0.0003620826013965429, -0.013164793397229152], [0.0003688871406499826, -0.0016301433158547596, 0.9999986032765482, 0.029720584170671548], [0.004171926408076926, -0.9999899662941139, -0.0016316682084691614, 0.03240586388504787], [0.0, 0.0, 0.0, 1.0]]}, "Hobj2base": {"type": "ndarray", "data": [[0.9999889995958693, 0.003638223749242299, 0.002960407945348319, -0.733725825225438], [0.003633717386783738, -0.9999922334252551, 0.001526167462401259, 0.0903653803601364], [0.0029659374918257647, -0.0015153933881194167, -0.9999944533834546, -0.000893122288533372], [0.0, 0.0, 0.0, 1.0]]}, "mean_rme": {"type": "float", "data": 0.0016481472573260589}, "max_rme": {"type": "float", "data": 0.00587993127403813}, "simu": {"type": "float", "data": 0.002}}, {"type": "dict", "image_number": {"type": "int", "data": 15}, "Hcamera2end": {"type": "ndarray", "data": [[0.9999945366054386, 0.0032912551736703328, 0.0003072436425265435, -0.013395687267112308], [-0.0003034309825691592, -0.0011588579640624541, 0.9999992824886714, 0.029745673767139623], [0.0032916088638995106, -0.9999939123252704, -0.0011578529639728607, 0.03226873718941991], [0.0, 0.0, 0.0, 1.0]]}, "Hobj2base": {"type": "ndarray", "data": [[0.9999929703581861, 0.002701694934483667, 0.0026000151331997063, -0.7335860777037401], [0.0026971436072491476, -0.9999948272113415, 0.0017524174505383625, 0.09049117412370009], [0.0026047361812201342, -0.0017453925174761161, -0.9999950844651118, -0.0007715608630511054], [0.0, 0.0, 0.0, 1.0]]}, "mean_rme": {"type": "float", "data": 0.0016532046883465127}, "max_rme": {"type": "float", "data": 0.005648136044530794}, "simu": {"type": "float", "data": 0.002}}, {"type": "dict", "image_number": {"type": "int", "data": 16}, "Hcamera2end": {"type": "ndarray", "data": [[0.9999956554221099, 0.0027820592284795273, 0.0009743117335687271, -0.013568504817730503], [-0.00097113547279993, -0.0011428168855109888, 0.9999988754320974, 0.028610546016672685], [0.00278316955976589, -0.999995477047779, -0.0011401101640498013, 0.03225115907471447], [0.0, 0.0, 0.0, 1.0]]}, "Hobj2base": {"type": "ndarray", "data": [[0.9999954214642469, 0.002092193692244185, 0.0021862699049359216, -0.7335499985283654], [0.002086820163918959, -0.9999948035394406, 0.00245724962495413, 0.09055627204057924], [0.0021913995862361865, -0.0024526760222274785, -0.9999945910594636, 0.000523932465016929], [0.0, 0.0, 0.0, 1.0]]}, "mean_rme": {"type": "float", "data": 0.0016705125849009014}, "max_rme": {"type": "float", "data": 0.005723365945920211}, "simu": {"type": "float", "data": 0.002}}, {"type": "dict", "image_number": {"type": "int", "data": 17}, "Hcamera2end": {"type": "ndarray", "data": [[0.9999962710573899, 0.0017328154108100593, 0.002110739696702448, -0.014130784546359165], [-0.0021116814058945547, 0.0005418065682882833, 0.9999976236208177, 0.028860354287785685], [0.0017316676803519702, -0.9999983518968392, 0.0005454637020055886, 0.032062563869650125], [0.0, 0.0, 0.0, 1.0]]}, "Hobj2base": {"type": "ndarray", "data": [[0.9999991722145289, 0.001013277180513203, 0.0007929940808975987, -0.733927707782858], [0.001010868871325642, -0.9999948940222148, 0.0030315134214254995, 0.09040294663165535], [0.000796061795259788, -0.003030709298951209, -0.9999950905313302, 0.0006632634690926427], [0.0, 0.0, 0.0, 1.0]]}, "mean_rme": {"type": "float", "data": 0.0017366151650641253}, "max_rme": {"type": "float", "data": 0.005784430917333633}, "simu": {"type": "float", "data": 0.002}}, {"type": "dict", "image_number": {"type": "int", "data": 18}, "Hcamera2end": {"type": "ndarray", "data": [[0.999996471386752, 0.0022421598329115675, 0.0014247572876382698, -0.013912329885978614], [-0.0014261451061371893, 0.0006174879634641695, 0.9999987924086464, 0.028840140646328373], [0.002241277354822765, -0.9999972957102927, 0.0006206834298607689, 0.03233215121865266], [0.0, 0.0, 0.0, 1.0]]}, "Hobj2base": {"type": "ndarray", "data": [[0.9999983481944296, 0.0017751160536498814, 0.00039060390227539193, -0.7343257793428102], [0.0017740780679163946, -0.9999949365503347, 0.0026418782524270166, 0.0902519765856305], [0.0003952915649698654, -0.0026411809267415337, -0.9999964339475869, 0.0007848610815280136], [0.0, 0.0, 0.0, 1.0]]}, "mean_rme": {"type": "float", "data": 0.0017000881253388682}, "max_rme": {"type": "float", "data": 0.005835767511335549}, "simu": {"type": "float", "data": 0.002}}, {"type": "dict", "image_number": {"type": "int", "data": 19}, "Hcamera2end": {"type": "ndarray", "data": [[0.9999987464967474, 0.001500880385036644, 0.0005043441322288496, -0.013746041870897147], [-0.000508735005787497, 0.002926589624756115, 0.9999955881211988, 0.028825775329915693], [0.0014993977550296022, -0.9999945912009915, 0.0029273495066578503, 0.031640654743187856], [0.0, 0.0, 0.0, 1.0]]}, "Hobj2base": {"type": "ndarray", "data": [[0.9999990351420874, 0.0010295526047546734, -0.0009325965516830349, -0.7345967597907938], [0.0010311657232835083, -0.9999979703728712, 0.001730880524286106, 0.08993093970024861], [-0.0009308126263074755, -0.0017318405158300845, -0.9999980671562734, 0.0008054228352611293], [0.0, 0.0, 0.0, 1.0]]}, "mean_rme": {"type": "float", "data": 0.001726065326187026}, "max_rme": {"type": "float", "data": 0.006042413000422103}, "simu": {"type": "float", "data": 0.002}}, {"type": "dict", "image_number": {"type": "int", "data": 20}, "Hcamera2end": {"type": "ndarray", "data": [[0.9999990930482504, 0.0013466888231596058, 1.8217853878815912e-05, -0.0134051771333829], [-2.2618839005420768e-05, 0.003268061505405484, 0.9999946596169327, 0.028409871715125646], [0.0013466220942584452, -0.9999937530820933, 0.0032680890019690656, 0.03147654277668911], [0.0, 0.0, 0.0, 1.0]]}, "Hobj2base": {"type": "ndarray", "data": [[0.9999988818775154, 0.0010608346413645922, -0.0010539798777249685, -0.734600737303439], [0.0010622834940219612, -0.9999984904058576, 0.001375041739125327, 0.09008721993537352], [-0.0010525195947329324, -0.0013761598270873796, -0.9999984991921904, 0.0011054337031267986], [0.0, 0.0, 0.0, 1.0]]}, "mean_rme": {"type": "float", "data": 0.0017027445620742797}, "max_rme": {"type": "float", "data": 0.006228550861537369}, "simu": {"type": "float", "data": 0.002}}, {"type": "dict", "image_number": {"type": "int", "data": 21}, "Hcamera2end": {"type": "ndarray", "data": [[0.9999994562102962, 0.0010386258930529051, -9.399662870434363e-05, -0.013204259301904202], [8.970766256641619e-05, 0.004128737220662981, 0.9999914727043914, 0.028347258209558617], [0.001039005123762437, -0.9999909373515424, 0.0041286418027970395, 0.03129694707124401], [0.0, 0.0, 0.0, 1.0]]}, "Hobj2base": {"type": "ndarray", "data": [[0.9999979892812509, 0.0011182369781315136, -0.0016646259386970663, -0.73469350200386], [0.0011206217928398459, -0.9999983462166522, 0.001432400348538954, 0.09036880334522805], [-0.0016630214227291837, -0.0014342628844885472, -0.9999975886219556, 0.0011467668936579203], [0.0, 0.0, 0.0, 1.0]]}, "mean_rme": {"type": "float", "data": 0.0017604440244410183}, "max_rme": {"type": "float", "data": 0.006766434081177247}, "simu": {"type": "float", "data": 0.002}}, {"type": "dict", "image_number": {"type": "int", "data": 22}, "Hcamera2end": {"type": "ndarray", "data": [[0.9999990653468054, 0.0012077060061803503, -0.0006408991482197723, -0.01289049711642506], [0.0006351098254305698, 0.004787954119389148, 0.9999883359974058, 0.028430309104156958], [0.001210760515211193, -0.9999878083964591, 0.004787182618361752, 0.030760108358629083], [0.0, 0.0, 0.0, 1.0]]}, "Hobj2base": {"type": "ndarray", "data": [[0.9999969930263652, 0.0012746373476691694, -0.0020950508011682977, -0.7345160670987092], [0.0012762696743397741, -0.9999988829388691, 0.0007779824757813439, 0.09028110603444496], [-0.002094056815349017, -0.0007806539862122832, -0.999997502749586, 0.0011851745009094437], [0.0, 0.0, 0.0, 1.0]]}, "mean_rme": {"type": "float", "data": 0.001740294304834773}, "max_rme": {"type": "float", "data": 0.006599160438027829}, "simu": {"type": "float", "data": 0.002}}, {"type": "dict", "image_number": {"type": "int", "data": 23}, "Hcamera2end": {"type": "ndarray", "data": [[0.9999998528793967, 0.0005141712088195338, -0.0001728269448676467, -0.013359164595611315], [0.00017015098120626643, 0.0051999209239821376, 0.9999864658439271, 0.02840513370336795], [0.0005150629363929906, -0.9999863481319894, 0.005199832672230897, 0.030603384518180364], [0.0, 0.0, 0.0, 1.0]]}, "Hobj2base": {"type": "ndarray", "data": [[0.9999969361632247, 0.0005871126464394694, -0.002404779179859424, -0.7346897233723431], [0.0005893169077959183, -0.9999994068145879, 0.0009160109463440108, 0.09032595279725426], [-0.002404239951768621, -0.0009174253168661936, -0.9999966889750393, 0.0012454892056108404], [0.0, 0.0, 0.0, 1.0]]}, "mean_rme": {"type": "float", "data": 0.0017818561752318764}, "max_rme": {"type": "float", "data": 0.006639741127094256}, "simu": {"type": "float", "data": 0.002}}, {"type": "dict", "image_number": {"type": "int", "data": 24}, "Hcamera2end": {"type": "ndarray", "data": [[0.9999991018039885, 0.0008806844309555694, -0.001010339620685391, -0.013161923349078562], [0.001004627908229252, 0.0064620308027768525, 0.9999786162117019, 0.029705719968183233], [0.0008871944443362754, -0.9999787330502772, 0.006461140238448904, 0.030084133107481564], [0.0, 0.0, 0.0, 1.0]]}, "Hobj2base": {"type": "ndarray", "data": [[0.9999951657600872, 0.0006415379142218155, -0.0030425130337270218, -0.7345862375273112], [0.0006420977811469024, -0.9999997771031159, 0.00018304140721617235, 0.09026970343063373], [-0.0030423949275577467, -0.00018499411321816256, -0.9999953547943519, -5.9512135773348573e-05], [0.0, 0.0, 0.0, 1.0]]}, "mean_rme": {"type": "float", "data": 0.0018814433311720579}, "max_rme": {"type": "float", "data": 0.006927368560408181}, "simu": {"type": "float", "data": 0.002}}, {"type": "dict", "image_number": {"type": "int", "data": 25}, "Hcamera2end": {"type": "ndarray", "data": [[0.9999996355687255, 0.0003286095611679936, -0.0007879582302105553, -0.013151143193147911], [0.0007857096455934721, 0.006787618113076377, 0.9999766551778615, 0.0296986620944689], [0.0003339502493919598, -0.9999769098614764, 0.006787357447754161, 0.02978128510181488], [0.0, 0.0, 0.0, 1.0]]}, "Hobj2base": {"type": "ndarray", "data": [[0.999993637536472, 0.00013886833061203238, -0.0035644918518576013, -0.7345163245863913], [0.0001400765606201762, -0.9999999328252327, 0.0003387153498343373, 0.09056150528439413], [-0.003564444575578505, -0.0003392124965292444, -0.9999935898143302, 2.4147790218165267e-05], [0.0, 0.0, 0.0, 1.0]]}, "mean_rme": {"type": "float", "data": 0.0018714507725123746}, "max_rme": {"type": "float", "data": 0.006930343286345009}, "simu": {"type": "float", "data": 0.002}}, {"type": "dict", "image_number": {"type": "int", "data": 26}, "Hcamera2end": {"type": "ndarray", "data": [[0.9999994803068797, 0.00040264435374280465, -0.0009366234542389526, -0.012975066527840258], [0.0009341264292096761, 0.006157654526607326, 0.9999806051611925, 0.029622135087229242], [0.0004084039481731881, -0.9999809604028743, 0.006157275205784241, 0.03014617794424278], [0.0, 0.0, 0.0, 1.0]]}, "Hobj2base": {"type": "ndarray", "data": [[0.9999953905255634, 0.00016010710877524648, -0.003032044415851582, -0.7345919866537601], [0.0001616064984722602, -0.9999998647873374, 0.0004942758808755079, 0.09062449316145092], [-0.0030319648687985594, -0.0004947636006047286, -0.9999952811878732, -0.00010015232746093735], [0.0, 0.0, 0.0, 1.0]]}, "mean_rme": {"type": "float", "data": 0.0018523780061391799}, "max_rme": {"type": "float", "data": 0.00694525687601083}, "simu": {"type": "float", "data": 0.002}}, {"type": "dict", "image_number": {"type": "int", "data": 27}, "Hcamera2end": {"type": "ndarray", "data": [[0.9999992115597055, 0.0006722775593241578, -0.001060623802604594, -0.01300264049779482], [0.0010562811539129825, 0.006427377666363809, 0.9999787863182187, 0.02951612830619043], [0.0006790803275832203, -0.9999791182115839, 0.0064266624846441855, 0.029939870089450447], [0.0, 0.0, 0.0, 1.0]]}, "Hobj2base": {"type": "ndarray", "data": [[0.9999940502357403, -5.094576122036361e-05, -0.0034491879695221295, -0.734648427725869], [-4.9259633935135563e-05, -0.9999998792600762, 0.0004889307953500074, 0.09072105058386627], [-0.0034492124620189883, -0.0004887579805902836, -0.9999939320061044, -6.435559009471948e-05], [0.0, 0.0, 0.0, 1.0]]}, "mean_rme": {"type": "float", "data": 0.0019082193194936768}, "max_rme": {"type": "float", "data": 0.006985187460768788}, "simu": {"type": "float", "data": 0.002}}, {"type": "dict", "image_number": {"type": "int", "data": 28}, "Hcamera2end": {"type": "ndarray", "data": [[0.9999985617819392, 0.0008826805233013138, -0.001448208944429069, -0.01272989256246038], [0.0014429374984621564, 0.005943749657979058, 0.9999812947107454, 0.02913129904674393], [0.0008912718039249385, -0.9999819461945785, 0.00594246745674476, 0.030221542851876153], [0.0, 0.0, 0.0, 1.0]]}, "Hobj2base": {"type": "ndarray", "data": [[0.999995151558355, 0.00019731908787171405, -0.003107720219094344, -0.7346165603202082], [0.00019748037301594898, -0.9999999791699128, 5.1591446797278775e-05, 0.09069030401556867], [-0.0031077099743830345, -5.220491040725556e-05, -0.9999951696950158, 0.00026063128447711574], [0.0, 0.0, 0.0, 1.0]]}, "mean_rme": {"type": "float", "data": 0.0018929592885807971}, "max_rme": {"type": "float", "data": 0.0069946999162841805}, "simu": {"type": "float", "data": 0.002}}, {"type": "dict", "image_number": {"type": "int", "data": 29}, "Hcamera2end": {"type": "ndarray", "data": [[0.9999981013776996, 0.0005573541895464835, -0.0018672432362557743, -0.012678739968669825], [0.0018633060900062745, 0.00698284579859465, 0.9999738836364519, 0.029131257081849313], [0.000570378305069087, -0.9999754643094302, 0.006981794019352172, 0.02982288242924172], [0.0, 0.0, 0.0, 1.0]]}, "Hobj2base": {"type": "ndarray", "data": [[0.9999924397984518, -0.00017575710282000166, -0.0038845148192008733, -0.7345525030433422], [-0.00017765215954925525, -0.999999865387162, -0.00048750935198490125, 0.09056381042261882], [-0.0038844286130640063, 0.00048819575876237576, -0.9999923364102603, 0.0002671710677678976], [0.0, 0.0, 0.0, 1.0]]}, "mean_rme": {"type": "float", "data": 0.0019289897095300709}, "max_rme": {"type": "float", "data": 0.007065268408098929}, "simu": {"type": "float", "data": 0.002}}, {"type": "dict", "image_number": {"type": "int", "data": 30}, "Hcamera2end": {"type": "ndarray", "data": [[0.9999984045558563, 0.0003133358496828099, -0.0017586092195661105, -0.01265964565112141], [0.001756498220526858, 0.006614675633285105, 0.9999765801158883, 0.029183487415806234], [0.0003249611409466567, -0.9999780737030745, 0.006614114706077201, 0.03016409618357288], [0.0, 0.0, 0.0, 1.0]]}, "Hobj2base": {"type": "ndarray", "data": [[0.9999925153005605, -0.00033150260541131, -0.00385479556925857, -0.7347001029808721], [-0.00033296813564423917, -0.9999998725377237, -0.0003795480964685988, 0.09061468624383794], [-0.0038546692567346928, 0.00038082877975915963, -0.9999924982190427, 0.0002924493061235193], [0.0, 0.0, 0.0, 1.0]]}, "mean_rme": {"type": "float", "data": 0.001923126184822413}, "max_rme": {"type": "float", "data": 0.007141414263747703}, "simu": {"type": "float", "data": 0.002}}]}