{"type": "list", "data": [{"type": "dict", "image_number": {"type": "int", "data": 5}, "Hcamera2end": {"type": "ndarray", "data": [[0.999996209700852, -0.000953554376093865, -0.002582889463672418, -0.013055568101081681], [0.0025518920374095412, -0.03119065714618552, 0.9995101954226472, 0.02717203363137971], [-0.0010336493405036014, -0.9995129982350609, -0.03118810555644469, 0.031080430377913772], [0.0, 0.0, 0.0, 1.0]]}, "Hobj2base": {"type": "ndarray", "data": [[0.9995399025510119, -0.005862330987790446, 0.02975930583369293, -0.7148406679335342], [-0.005859108121670795, -0.999982816168602, -0.00019549815929833933, 0.09237229996676452], [0.02975994052971628, 2.104522058848895e-05, -0.9995570746569533, -0.00559274894444024], [0.0, 0.0, 0.0, 1.0]]}, "mean_rme": {"type": "float", "data": 0.0013195400835427085}, "max_rme": {"type": "float", "data": 0.004172206002157064}, "simu": {"type": "float", "data": 0.002}}, {"type": "dict", "image_number": {"type": "int", "data": 6}, "Hcamera2end": {"type": "ndarray", "data": [[0.9999944761274542, -0.002168420671323548, -0.002519060612757293, -0.01411118710507602], [0.0025074190709362034, -0.005354753530445011, 0.9999825195793328, 0.0276399931064744], [-0.002181871715127597, -0.9999833121439679, -0.005349286812123877, 0.032812982315267296], [0.0, 0.0, 0.0, 1.0]]}, "Hobj2base": {"type": "ndarray", "data": [[0.9999793255965728, -0.004367071592108131, 0.004719858592468595, -0.7318178388226944], [-0.004367240082840613, -0.999990463239169, 2.5392363797782823e-05, 0.09117586359458917], [0.004719702690035443, -4.600459445617823e-05, -0.9999888610830103, -0.0010634358323685182], [0.0, 0.0, 0.0, 1.0]]}, "mean_rme": {"type": "float", "data": 0.001338707770604953}, "max_rme": {"type": "float", "data": 0.004851789660106798}, "simu": {"type": "float", "data": 0.002}}, {"type": "dict", "image_number": {"type": "int", "data": 7}, "Hcamera2end": {"type": "ndarray", "data": [[0.9999855321830213, -0.005160336812748207, -0.0015186667239731626, -0.01630767657252676], [0.0015198035429431526, 0.000216385138470776, 0.9999988216866372, 0.027726233240379854], [-0.0051600021153450255, -0.9999866619617738, 0.00022422470602101452, 0.03168385178969477], [0.0, 0.0, 0.0, 1.0]]}, "Hobj2base": {"type": "ndarray", "data": [[0.9999807132708922, -0.0062021628188248116, 0.00032597945693156285, -0.7327047856691644], [-0.0062019565464905115, -0.9999805692135848, -0.0006300240237187696, 0.08964905118456125], [0.0003298806344692344, 0.0006279901621891546, -0.9999997484035301, 0.00027758262444047395], [0.0, 0.0, 0.0, 1.0]]}, "mean_rme": {"type": "float", "data": 0.0017540004695012132}, "max_rme": {"type": "float", "data": 0.005324855800750927}, "simu": {"type": "float", "data": 0.002}}, {"type": "dict", "image_number": {"type": "int", "data": 8}, "Hcamera2end": {"type": "ndarray", "data": [[0.9999822835526214, -0.005317429685752961, -0.0026753546347636796, -0.016059378531733542], [0.0026860582175244315, 0.002006802988728573, 0.99999437890071, 0.02793885996105101], [-0.005312030886275776, -0.9999838487112187, 0.002021050361012633, 0.031163940859460646], [0.0, 0.0, 0.0, 1.0]]}, "Hobj2base": {"type": "ndarray", "data": [[0.9999868427610217, -0.005126627278328136, -0.00017887870964710195, -0.7329105951471734], [-0.005126803734874295, -0.9999863574947727, -0.001000353837637394, 0.08923548321091548], [-0.00017374782802135846, 0.0010012577517795977, -0.99999948364717, -0.00010429713611402602], [0.0, 0.0, 0.0, 1.0]]}, "mean_rme": {"type": "float", "data": 0.001735518957053561}, "max_rme": {"type": "float", "data": 0.005188137928905601}, "simu": {"type": "float", "data": 0.002}}, {"type": "dict", "image_number": {"type": "int", "data": 9}, "Hcamera2end": {"type": "ndarray", "data": [[0.999978676422648, -0.005306089151648858, -0.0038068514449380235, -0.01544867687931811], [0.0038182083331384695, 0.0021318659525636496, 0.9999904381706284, 0.027979700438075905], [-0.005297922718747827, -0.9999836501490789, 0.002152080247370347, 0.03153323301882012], [0.0, 0.0, 0.0, 1.0]]}, "Hobj2base": {"type": "ndarray", "data": [[0.9999856814695616, -0.005349703045646198, 0.00013241291439689397, -0.7333395971139189], [-0.00534941501515058, -0.9999835127222005, -0.0020875925761604406, 0.08903101446569978], [0.00014357873163114396, 0.0020868543532701215, -0.9999978122096347, -0.00023992894800146166], [0.0, 0.0, 0.0, 1.0]]}, "mean_rme": {"type": "float", "data": 0.0016129891317953554}, "max_rme": {"type": "float", "data": 0.005072571814552007}, "simu": {"type": "float", "data": 0.002}}, {"type": "dict", "image_number": {"type": "int", "data": 10}, "Hcamera2end": {"type": "ndarray", "data": [[0.9999791525950802, -0.005254446802417964, -0.003753020653524375, -0.015504367446284842], [0.0037619755044708226, 0.0016953972541778883, 0.9999914865479878, 0.02807078789756483], [-0.005248039208026403, -0.9999847580923178, 0.001715129009705052, 0.031804291320994826], [0.0, 0.0, 0.0, 1.0]]}, "Hobj2base": {"type": "ndarray", "data": [[0.9999859190464967, -0.005301283650067285, 0.00024104023518834388, -0.7333655043976115], [-0.005300717803774328, -0.9999833278697927, -0.0022904962823893965, 0.08902959133661523], [0.0002531787870265284, 0.0022891863437516555, -0.9999973477596757, -0.00016498596330732918], [0.0, 0.0, 0.0, 1.0]]}, "mean_rme": {"type": "float", "data": 0.0015390925016698655}, "max_rme": {"type": "float", "data": 0.0050533700884209665}, "simu": {"type": "float", "data": 0.002}}, {"type": "dict", "image_number": {"type": "int", "data": 11}, "Hcamera2end": {"type": "ndarray", "data": [[0.9999744754432656, -0.0055000072757037805, -0.004560524304634145, -0.014941900936029], [0.004570784922685657, 0.0018544397718937011, 0.9999878344151609, 0.028171308723421697], [-0.00549148314724745, -0.9999831553446787, 0.0018795317884710006, 0.03229509970647307], [0.0, 0.0, 0.0, 1.0]]}, "Hobj2base": {"type": "ndarray", "data": [[0.99998398108133, -0.0056311048597232054, -0.0005729212799017954, -0.7339556632101463], [-0.005632755830628656, -0.9999798665945039, -0.002922065603375758, 0.0890522580714253], [-0.0005564552872257507, 0.0029252459207243673, -0.9999955666370808, -5.0222721536152815e-05], [0.0, 0.0, 0.0, 1.0]]}, "mean_rme": {"type": "float", "data": 0.0014974721148871915}, "max_rme": {"type": "float", "data": 0.004978564574360911}, "simu": {"type": "float", "data": 0.002}}, {"type": "dict", "image_number": {"type": "int", "data": 12}, "Hcamera2end": {"type": "ndarray", "data": [[0.9999630001486953, -0.006398694285220388, -0.0057493517082044445, -0.014944410388380564], [0.005758161120487752, 0.0013591814566509264, 0.9999824979499784, 0.028334696663963328], [-0.006390767882723379, -0.9999786044397211, 0.0013959758797942312, 0.031901549676305554], [0.0, 0.0, 0.0, 1.0]]}, "Hobj2base": {"type": "ndarray", "data": [[0.9999799633720791, -0.006329860793639297, 7.560891799114698e-05, -0.733514255733211], [-0.006329455627298037, -0.9999698062952409, -0.0045082689938293775, 0.08833014296248536], [0.00010414335022902025, 0.004507700100029528, -0.9999898348453202, -0.00035413051621844643], [0.0, 0.0, 0.0, 1.0]]}, "mean_rme": {"type": "float", "data": 0.0015387271584760148}, "max_rme": {"type": "float", "data": 0.005519791570996191}, "simu": {"type": "float", "data": 0.002}}, {"type": "dict", "image_number": {"type": "int", "data": 13}, "Hcamera2end": {"type": "ndarray", "data": [[0.9999739945232157, -0.005022445346112215, -0.0051754536061312485, -0.015279386819595411], [0.005177214942864164, 0.00033775514165035325, 0.9999865410928788, 0.028391203925162076], [-0.0050206297134209365, -0.9999873304018454, 0.0003637486372624066, 0.032231750103863574], [0.0, 0.0, 0.0, 1.0]]}, "Hobj2base": {"type": "ndarray", "data": [[0.9999848800971198, -0.005431191069601441, 0.00086124370200698, -0.7337193475364435], [-0.005427711209944234, -0.9999772991429219, -0.003992636954340773, 0.08815952252660907], [0.0008829089252073674, 0.003987902003961911, -0.9999916585199282, -0.00034890225646918915], [0.0, 0.0, 0.0, 1.0]]}, "mean_rme": {"type": "float", "data": 0.0015920359918613495}, "max_rme": {"type": "float", "data": 0.005412386078652465}, "simu": {"type": "float", "data": 0.002}}, {"type": "dict", "image_number": {"type": "int", "data": 14}, "Hcamera2end": {"type": "ndarray", "data": [[0.9999759107461828, -0.006134953943818746, -0.003246577805864377, -0.014758995006153283], [0.003251826917691284, 0.000845826138138217, 0.9999943550839884, 0.02837241096469995], [-0.006132173272151296, -0.9999808232752524, 0.0008657555711909515, 0.031854253452761154], [0.0, 0.0, 0.0, 1.0]]}, "Hobj2base": {"type": "ndarray", "data": [[0.9999809065824234, -0.006072355713900855, 0.0011458475808072057, -0.7330114932996168], [-0.0060697612349204875, -0.9999790378499807, -0.002254297934591113, 0.0897299698221028], [0.0011595124603222668, 0.0022472998711121944, -0.9999968025819601, -0.00023337724808502762], [0.0, 0.0, 0.0, 1.0]]}, "mean_rme": {"type": "float", "data": 0.0018105936287192393}, "max_rme": {"type": "float", "data": 0.00795795013359668}, "simu": {"type": "float", "data": 0.002}}, {"type": "dict", "image_number": {"type": "int", "data": 15}, "Hcamera2end": {"type": "ndarray", "data": [[0.9999830429312923, -0.005519270605243549, -0.0018578218050498791, -0.01548768525892368], [0.0018653180845143978, 0.0013533640819007875, 0.9999973444935268, 0.02821215778383091], [-0.005516741639483203, -0.9999838528984595, 0.0013636363280863373, 0.03188366190547828], [0.0, 0.0, 0.0, 1.0]]}, "Hobj2base": {"type": "ndarray", "data": [[0.9999841849278449, -0.005588595344224654, 0.0006304730543005986, -0.7332777234390877], [-0.0055879285748040835, -0.9999838314951659, -0.0010544204527113863, 0.08989852471930733], [0.0006363555897268504, 0.0010508807385800746, -0.9999992453503339, -6.703555755119828e-05], [0.0, 0.0, 0.0, 1.0]]}, "mean_rme": {"type": "float", "data": 0.0018674059576020373}, "max_rme": {"type": "float", "data": 0.0079810292099049}, "simu": {"type": "float", "data": 0.002}}, {"type": "dict", "image_number": {"type": "int", "data": 16}, "Hcamera2end": {"type": "ndarray", "data": [[0.9999825109174069, -0.005525628160304556, -0.0021083862910770473, -0.015261593435576076], [0.0021167227473719652, 0.0015032756748780685, 0.9999966298178491, 0.028033059485138664], [-0.005522440052106534, -0.99998360366342, 0.0015149456067861111, 0.03179566874550472], [0.0, 0.0, 0.0, 1.0]]}, "Hobj2base": {"type": "ndarray", "data": [[0.9999819936645707, -0.005899532205377896, 0.0010990297484782298, -0.7332809738870045], [-0.0058985086293642085, -0.9999821690753605, -0.0009322699643538234, 0.08998816967028422], [0.00110451010844042, 0.0009257705411328077, -0.9999989615026237, 0.0001207240276332143], [0.0, 0.0, 0.0, 1.0]]}, "mean_rme": {"type": "float", "data": 0.0017868021438268297}, "max_rme": {"type": "float", "data": 0.007978781449279992}, "simu": {"type": "float", "data": 0.002}}, {"type": "dict", "image_number": {"type": "int", "data": 17}, "Hcamera2end": {"type": "ndarray", "data": [[0.9999857818940898, -0.004739892262280311, -0.0024432419053108468, -0.015432652243958157], [0.0024529702389549726, 0.002047711112973194, 0.9999948948950713, 0.027919055735333455], [-0.004734865011031774, -0.9999866700614263, 0.0020593088130549386, 0.03140427420064599], [0.0, 0.0, 0.0, 1.0]]}, "Hobj2base": {"type": "ndarray", "data": [[0.9999865420925184, -0.005114361129281345, 0.0008711739707210721, -0.7330811591197907], [-0.005113357182371342, -0.9999862645680595, -0.001150762158151519, 0.08962306161178579], [0.0008770474180209869, 0.0011462920476205797, -0.9999989584006417, 0.00018076168131507612], [0.0, 0.0, 0.0, 1.0]]}, "mean_rme": {"type": "float", "data": 0.0018037267969963546}, "max_rme": {"type": "float", "data": 0.00811104019996678}, "simu": {"type": "float", "data": 0.002}}, {"type": "dict", "image_number": {"type": "int", "data": 18}, "Hcamera2end": {"type": "ndarray", "data": [[0.9999905724973791, -0.004236716326833208, -0.0009513943083419713, -0.015534223402421719], [0.0009513786782749979, -5.704562412223169e-06, 0.9999995474229318, 0.02792887395376112], [-0.0042367198366807645, -0.9999910250608371, -1.6737870531802201e-06, 0.03205767856114766], [0.0, 0.0, 0.0, 1.0]]}, "Hobj2base": {"type": "ndarray", "data": [[0.9999863191317135, -0.004843508412395082, 0.0019753419111077646, -0.7329458813406363], [-0.0048444045800908634, -0.9999881649364093, 0.00044914516310760736, 0.09039656593567374], [0.001973143094434735, -0.00045870837381320527, -0.9999979481443737, 0.00029645806772802017], [0.0, 0.0, 0.0, 1.0]]}, "mean_rme": {"type": "float", "data": 0.0019200881140567976}, "max_rme": {"type": "float", "data": 0.007609793973927137}, "simu": {"type": "float", "data": 0.002}}, {"type": "dict", "image_number": {"type": "int", "data": 19}, "Hcamera2end": {"type": "ndarray", "data": [[0.9999917173916245, -0.003893573180318648, 0.0011854265218916439, -0.01600189323323857], [-0.0011859464325387609, -0.00013122438775914347, 0.9999992881553563, 0.028239680407470245], [-0.003893414851829866, -0.9999924114052314, -0.00013584087010198864, 0.03258700342537972], [0.0, 0.0, 0.0, 1.0]]}, "Hobj2base": {"type": "ndarray", "data": [[0.9999884057374597, -0.004511763584440345, 0.0016829676205274624, -0.7338002095504338], [-0.00451447497606179, -0.9999885123968812, 0.0016107730949183746, 0.09051061562206572], [0.0016756808598709268, -0.001618352134400613, -0.9999972865113309, 0.00034255198134591476], [0.0, 0.0, 0.0, 1.0]]}, "mean_rme": {"type": "float", "data": 0.0021405974531230726}, "max_rme": {"type": "float", "data": 0.008069833531349019}, "simu": {"type": "float", "data": 0.002}}, {"type": "dict", "image_number": {"type": "int", "data": 20}, "Hcamera2end": {"type": "ndarray", "data": [[0.9999912521727136, -0.003851654606352416, 0.0016310532920989509, -0.0161572507716154], [-0.0016352775530221824, -0.0010938448102126852, 0.9999980646835549, 0.028104187279848116], [-0.003849863033003174, -0.9999919840980347, -0.0011001337657670085, 0.033245094509369154], [0.0, 0.0, 0.0, 1.0]]}, "Hobj2base": {"type": "ndarray", "data": [[0.9999879403333036, -0.004474274840618886, 0.0020248586636768657, -0.73382226083703], [-0.004478231738983802, -0.9999880638572101, 0.001953863762001911, 0.09068802193903154], [0.002016092371202404, -0.001962907985390805, -0.9999960411740598, 0.0003340820919459309], [0.0, 0.0, 0.0, 1.0]]}, "mean_rme": {"type": "float", "data": 0.002112260163712171}, "max_rme": {"type": "float", "data": 0.008056893004806748}, "simu": {"type": "float", "data": 0.002}}, {"type": "dict", "image_number": {"type": "int", "data": 21}, "Hcamera2end": {"type": "ndarray", "data": [[0.9999924880656722, -0.0035827465028664303, 0.001479100984600356, -0.016293843210821096], [-0.0014828843503960495, -0.0010535698253890668, 0.9999983455209447, 0.027246582780966196], [-0.003581182239121302, -0.9999930269347479, -0.001058874709762181, 0.03324835879487174], [0.0, 0.0, 0.0, 1.0]]}, "Hobj2base": {"type": "ndarray", "data": [[0.9999878693558217, -0.004490609580319313, 0.002023750676604203, -0.7338212777926613], [-0.004494900870466322, -0.9999876486894941, 0.002120927773781871, 0.09060267291731149], [0.0020142014220510995, -0.0021299986042395943, -0.9999957030400568, 0.0013098042964420076], [0.0, 0.0, 0.0, 1.0]]}, "mean_rme": {"type": "float", "data": 0.0020833566403833164}, "max_rme": {"type": "float", "data": 0.008191371440171707}, "simu": {"type": "float", "data": 0.002}}, {"type": "dict", "image_number": {"type": "int", "data": 22}, "Hcamera2end": {"type": "ndarray", "data": [[0.9999939025838736, -0.003446673206836946, 0.0005614613786853932, -0.015731897557542764], [-0.0005684710069169846, -0.0020330947327957816, 0.9999977716807782, 0.027174258136681242], [-0.003445524022377114, -0.9999919934527539, -0.002035041669959492, 0.033806264694331636], [0.0, 0.0, 0.0, 1.0]]}, "Hobj2base": {"type": "ndarray", "data": [[0.9999871691317583, -0.004246738511964197, 0.002761663242166961, -0.7337660325284056], [-0.0042504222368056, -0.9999900832796444, 0.0013293807499414466, 0.09042423040881135], [0.0027559903230970325, -0.001341101927687276, -0.999995302970448, 0.0009658083364166066], [0.0, 0.0, 0.0, 1.0]]}, "mean_rme": {"type": "float", "data": 0.002140994950433273}, "max_rme": {"type": "float", "data": 0.008211401892312536}, "simu": {"type": "float", "data": 0.002}}, {"type": "dict", "image_number": {"type": "int", "data": 23}, "Hcamera2end": {"type": "ndarray", "data": [[0.9999949046406605, -0.0031597663848786433, 0.00045449874495215553, -0.01533797990175174], [-0.0004589730352107717, -0.0014154384341953374, 0.9999988929382833, 0.02722841796824486], [-0.0031591195718303463, -0.9999940061872532, -0.0014168814695960652, 0.03365716122020462], [0.0, 0.0, 0.0, 1.0]]}, "Hobj2base": {"type": "ndarray", "data": [[0.9999903518430642, -0.003861085355877991, 0.0020948127981624183, -0.7341173809488794], [-0.0038635290245791387, -0.9999918593893689, 0.0011637433003211925, 0.09060944968102067], [0.0020903024328922117, -0.0011718254423899585, -0.9999971287263136, 0.0010480019781123943], [0.0, 0.0, 0.0, 1.0]]}, "mean_rme": {"type": "float", "data": 0.00211575986662708}, "max_rme": {"type": "float", "data": 0.00787248378257202}, "simu": {"type": "float", "data": 0.002}}, {"type": "dict", "image_number": {"type": "int", "data": 24}, "Hcamera2end": {"type": "ndarray", "data": [[0.9999944187725532, -0.003339318171290074, 0.00010666721294696449, -0.015071668545959626], [-0.00011262692834800416, -0.0017845730856167474, 0.9999984013057607, 0.027520939519523287], [-0.003339122477304007, -0.9999928321008372, -0.0017849392226567673, 0.03383897960186242], [0.0, 0.0, 0.0, 1.0]]}, "Hobj2base": {"type": "ndarray", "data": [[0.9999898864176002, -0.003861194339506029, 0.002306131129755621, -0.734110937875307], [-0.0038629670133153225, -0.999992246314773, 0.0007647196800093629, 0.09073638458167256], [0.0023031605174409875, -0.000773620454436492, -0.9999970484771561, 0.0007541375360901233], [0.0, 0.0, 0.0, 1.0]]}, "mean_rme": {"type": "float", "data": 0.0020706079819377797}, "max_rme": {"type": "float", "data": 0.007819599438898456}, "simu": {"type": "float", "data": 0.002}}, {"type": "dict", "image_number": {"type": "int", "data": 25}, "Hcamera2end": {"type": "ndarray", "data": [[0.9999951247109652, -0.0031200849061694793, -0.00012499791798137967, -0.01465583268057683], [0.00011831410820609383, -0.0021422810871587483, 0.999997698314109, 0.02751507197445951], [-0.003120345505389697, -0.9999928378253127, -0.002141901492856091, 0.03419594166988157], [0.0, 0.0, 0.0, 1.0]]}, "Hobj2base": {"type": "ndarray", "data": [[0.9999897478374139, -0.003812168145929926, 0.002443684532134183, -0.7341391579220189], [-0.003813428076957922, -0.9999925982264193, 0.0005111346953270067, 0.09104239320490143], [0.0024417179131307684, -0.0005204482702970752, -0.9999968835687592, 0.0007664549055140579], [0.0, 0.0, 0.0, 1.0]]}, "mean_rme": {"type": "float", "data": 0.0020762725628808002}, "max_rme": {"type": "float", "data": 0.007768455526558388}, "simu": {"type": "float", "data": 0.002}}, {"type": "dict", "image_number": {"type": "int", "data": 26}, "Hcamera2end": {"type": "ndarray", "data": [[0.9999898355105955, -0.004450480369220158, -0.0007225648588949259, -0.014054060049773437], [0.0007201156167646688, -0.0005519099370696612, 0.9999995884143754, 0.027690028817642993], [-0.004450877328192216, -0.9999899442593935, -0.0005486994667709411, 0.0331887505649577], [0.0, 0.0, 0.0, 1.0]]}, "Hobj2base": {"type": "ndarray", "data": [[0.9999856339619706, -0.005242411046507098, 0.0011175849387300438, -0.7341096421153221], [-0.005242764859265025, -0.9999862073488854, 0.0003138926921666986, 0.0916521811905177], [0.0011159239697540605, -0.00031974741781636354, -0.9999993262374143, 0.001027140575287302], [0.0, 0.0, 0.0, 1.0]]}, "mean_rme": {"type": "float", "data": 0.0021823301055926675}, "max_rme": {"type": "float", "data": 0.007687760936828408}, "simu": {"type": "float", "data": 0.002}}, {"type": "dict", "image_number": {"type": "int", "data": 27}, "Hcamera2end": {"type": "ndarray", "data": [[0.9999926805230174, -0.0038045182022462265, -0.00040563732479424286, -0.014264203985825268], [0.00040635603171173076, 0.00018813769187686624, 0.999999899739487, 0.027814684372383134], [-0.0038044415051332542, -0.9999927450964119, 0.00018968230372651274, 0.032656319290477694], [0.0, 0.0, 0.0, 1.0]]}, "Hobj2base": {"type": "ndarray", "data": [[0.999988130992295, -0.004842923632492463, 0.0005328838770836575, -0.7341048205894439], [-0.004843093511210302, -0.999988221602707, 0.00031796398714337197, 0.0914215739408281], [0.000531337725258024, -0.00032054101967369115, -0.9999998074668197, 0.0011468167510053065], [0.0, 0.0, 0.0, 1.0]]}, "mean_rme": {"type": "float", "data": 0.002195534357766892}, "max_rme": {"type": "float", "data": 0.007602646369968075}, "simu": {"type": "float", "data": 0.002}}, {"type": "dict", "image_number": {"type": "int", "data": 28}, "Hcamera2end": {"type": "ndarray", "data": [[0.9999923059513828, -0.003922748976836186, -8.860067362566337e-06, -0.014596299086775961], [9.88516260426106e-06, 0.0002613013205114978, 0.9999999658119508, 0.0267454773303306], [-0.003922746527577751, -0.9999922718511799, 0.00026133808705786077, 0.032617438025631086], [0.0, 0.0, 0.0, 1.0]]}, "Hobj2base": {"type": "ndarray", "data": [[0.9999883005842847, -0.0048206357338115135, 0.00040020704169011276, -0.734111413384113], [-0.004821000381567193, -0.9999879600742605, 0.0009152386793549299, 0.09148645168906057], [0.0003957901909443855, -0.0009171573698978354, -0.9999995010861173, 0.002336733752078488], [0.0, 0.0, 0.0, 1.0]]}, "mean_rme": {"type": "float", "data": 0.002186058668136592}, "max_rme": {"type": "float", "data": 0.007649232842697001}, "simu": {"type": "float", "data": 0.002}}, {"type": "dict", "image_number": {"type": "int", "data": 29}, "Hcamera2end": {"type": "ndarray", "data": [[0.9999950013548531, -0.003158279969383419, 0.00015010976756948155, -0.014501712911626448], [-0.00014788414981932647, 0.0007049147179984949, 0.9999997406127259, 0.02676981929508426], [-0.0031583849647502616, -0.9999947641677309, 0.0007044441348318387, 0.03284936269351225], [0.0, 0.0, 0.0, 1.0]]}, "Hobj2base": {"type": "ndarray", "data": [[0.9999910947770314, -0.004219421814495956, 8.274168009818717e-05, -0.73466087117662], [-0.004219479891774418, -0.9999908425053079, 0.0007147691709277002, 0.09118462854922955], [7.972500975954933e-05, -0.000715111932604248, -0.9999997411293899, 0.002370044440503894], [0.0, 0.0, 0.0, 1.0]]}, "mean_rme": {"type": "float", "data": 0.0022626754573544412}, "max_rme": {"type": "float", "data": 0.009525053478681572}, "simu": {"type": "float", "data": 0.002}}, {"type": "dict", "image_number": {"type": "int", "data": 30}, "Hcamera2end": {"type": "ndarray", "data": [[0.9999954985045366, -0.003000414584103318, -2.1976958371696395e-05, -0.014671672541367087], [2.4855454249302078e-05, 0.0009593321289094181, 0.9999995395319304, 0.026812156347208214], [-0.0030003921193059446, -0.9999950385847872, 0.0009594023871476454, 0.032791331920955104], [0.0, 0.0, 0.0, 1.0]]}, "Hobj2base": {"type": "ndarray", "data": [[0.9999917066107976, -0.004072318382400069, -5.415364126064439e-05, -0.7345485816865707], [-0.00407228951452629, -0.9999915714775665, 0.0005229071981878939, 0.09092040428457347], [-5.628262942093402e-05, -0.0005226823322095035, -0.9999998618177135, 0.0024345315160714956], [0.0, 0.0, 0.0, 1.0]]}, "mean_rme": {"type": "float", "data": 0.002297501016921753}, "max_rme": {"type": "float", "data": 0.009472262372511336}, "simu": {"type": "float", "data": 0.002}}]}