{"type": "list", "data": [{"type": "dict", "image_number": {"type": "int", "data": 5}, "Hcamera2end": {"type": "ndarray", "data": [[0.9998858235382267, 0.00811343250222544, -0.012748023388506249, -0.016188519408755122], [0.012850621859079843, -0.012721564595205237, 0.9998364982896378, 0.024869978029115905], [0.007949931139136352, -0.9998861605239279, -0.012824374745036726, 0.02671324034927134], [0.0, 0.0, 0.0, 1.0]]}, "Hobj2base": {"type": "ndarray", "data": [[0.9998489836114561, 0.014147715454127834, 0.010092181060961424, -0.7228270287432312], [0.01421491298852991, -0.9998770615440464, -0.006618009275580646, 0.08193528148877745], [0.009997310631700894, 0.006760469323366554, -0.9999271722653911, 0.001508509519635215], [0.0, 0.0, 0.0, 1.0]]}, "mean_rme": {"type": "float", "data": 0.0016510587317710448}, "max_rme": {"type": "float", "data": 0.005136492931270914}, "simu": {"type": "float", "data": 0.002}}, {"type": "dict", "image_number": {"type": "int", "data": 6}, "Hcamera2end": {"type": "ndarray", "data": [[0.9999148319132057, 0.0073913135237464725, -0.010756272792148278, -0.01597888703770597], [0.010743011206608376, 0.0018315801712363022, 0.9999406147488415, 0.025828284203250295], [0.007410575564698981, -0.999971006478923, 0.0017520192150400904, 0.030346748472998845], [0.0, 0.0, 0.0, 1.0]]}, "Hobj2base": {"type": "ndarray", "data": [[0.9999672683525533, 0.007902345766183011, -0.0017364201462325038, -0.732869388782578], [0.007892983988825302, -0.9999546251460367, -0.005333709103705178, 0.08442059468805413], [-0.0017784901699756644, 0.005319828986207126, -0.9999842680723903, 0.003491400366818017], [0.0, 0.0, 0.0, 1.0]]}, "mean_rme": {"type": "float", "data": 0.0016794881196915941}, "max_rme": {"type": "float", "data": 0.004685625358646417}, "simu": {"type": "float", "data": 0.002}}, {"type": "dict", "image_number": {"type": "int", "data": 7}, "Hcamera2end": {"type": "ndarray", "data": [[0.9999773863824529, 0.006663915444699543, -0.0009049611396330626, -0.017515978807092252], [0.0008941775911692476, 0.0016210017069906435, 0.9999982863984825, 0.026242465443707206], [0.00666537096895603, -0.9999764820156581, 0.0016150063264178671, 0.03313465264046567], [0.0, 0.0, 0.0, 1.0]]}, "Hobj2base": {"type": "ndarray", "data": [[0.9999794352268445, 0.006073563441073813, -0.0020593568239494872, -0.736120533846368], [0.006080295669980486, -0.999976139632325, 0.0032787452780294944, 0.08747179638860299], [-0.002039394019485261, -0.0032911993497562217, -0.9999925044113447, 0.00400661625557186], [0.0, 0.0, 0.0, 1.0]]}, "mean_rme": {"type": "float", "data": 0.001955475928407257}, "max_rme": {"type": "float", "data": 0.004877548971853551}, "simu": {"type": "float", "data": 0.002}}, {"type": "dict", "image_number": {"type": "int", "data": 8}, "Hcamera2end": {"type": "ndarray", "data": [[0.9999927989509534, 0.0037510737687941947, 0.0005757532624679656, -0.01662221110896377], [-0.0005888385043997418, 0.0034882290028778185, 0.999993742744243, 0.029161832793329172], [0.0037490419381376178, -0.9999868807659452, 0.003490412660637543, 0.032304785988964684], [0.0, 0.0, 0.0, 1.0]]}, "Hobj2base": {"type": "ndarray", "data": [[0.9999932489134548, 0.0034442094161030563, -0.0012804487538606612, -0.7355877858286497], [0.0034487848937899417, -0.9999876143016067, 0.0035884712814707623, 0.08776600808206297], [-0.0012680734480315303, -0.0035928630477101626, -0.9999927416360836, 0.00035077992099472044], [0.0, 0.0, 0.0, 1.0]]}, "mean_rme": {"type": "float", "data": 0.002223423319700595}, "max_rme": {"type": "float", "data": 0.005934094365417586}, "simu": {"type": "float", "data": 0.002}}, {"type": "dict", "image_number": {"type": "int", "data": 9}, "Hcamera2end": {"type": "ndarray", "data": [[0.9999966640612433, 0.0022627327066614454, 0.0012457556273091832, -0.01678212634314482], [-0.001252704335425125, 0.0030721195224119313, 0.9999944963915992, 0.029459278497192317], [0.002258893143283901, -0.9999927210346775, 0.00307494380908091, 0.03327642274015842], [0.0, 0.0, 0.0, 1.0]]}, "Hobj2base": {"type": "ndarray", "data": [[0.9999954612527048, 0.002824745696808017, -0.0010479912874413401, -0.7359308009293697], [0.0028293998888564652, -0.9999860224240098, 0.004466481039564703, 0.08842987407627956], [-0.001035359965967098, -0.004469425953768174, -0.9999894760753159, -3.542979338392069e-05], [0.0, 0.0, 0.0, 1.0]]}, "mean_rme": {"type": "float", "data": 0.0021534707812452935}, "max_rme": {"type": "float", "data": 0.006089546875161556}, "simu": {"type": "float", "data": 0.002}}, {"type": "dict", "image_number": {"type": "int", "data": 10}, "Hcamera2end": {"type": "ndarray", "data": [[0.9999968741127211, 0.0018885074674227006, 0.0016386898218035465, -0.01730479870349129], [-0.0016470674158552533, 0.004443108305413057, 0.9999887729157335, 0.029426029645911966], [0.001881205388632974, -0.9999883460961594, 0.004446204915871443, 0.03304855216692788], [0.0, 0.0, 0.0, 1.0]]}, "Hobj2base": {"type": "ndarray", "data": [[0.9999956603969279, 0.0024431594060946695, -0.0016462561855469704, -0.7359637016476624], [0.002450321685820948, -0.9999874810154605, 0.004362767010779406, 0.08821960667455382], [-0.00163557664083225, -0.004366781935334146, -0.9999891279931905, 0.0005381462529448322], [0.0, 0.0, 0.0, 1.0]]}, "mean_rme": {"type": "float", "data": 0.00218141587544714}, "max_rme": {"type": "float", "data": 0.006214768824575223}, "simu": {"type": "float", "data": 0.002}}, {"type": "dict", "image_number": {"type": "int", "data": 11}, "Hcamera2end": {"type": "ndarray", "data": [[0.9999999093316675, 0.000137772336402128, 0.000402933543104805, -0.01651083482621249], [-0.0004035394234486615, 0.004426315102985745, 0.999990122396488, 0.030428512141851462], [0.00013598746471426965, -0.9999901943286207, 0.004426370298228344, 0.03281246674126068], [0.0, 0.0, 0.0, 1.0]]}, "Hobj2base": {"type": "ndarray", "data": [[0.999997194501129, 0.001451298906567004, -0.0018720901033302806, -0.7361306579063076], [0.001456101609935665, -0.9999956461148312, 0.002566616349007864, 0.08773695419945692], [-0.001868357024964053, -0.0025693351017819985, -0.9999949538668493, -0.0005218897745218988], [0.0, 0.0, 0.0, 1.0]]}, "mean_rme": {"type": "float", "data": 0.0022989315124173734}, "max_rme": {"type": "float", "data": 0.005782491056712774}, "simu": {"type": "float", "data": 0.002}}, {"type": "dict", "image_number": {"type": "int", "data": 12}, "Hcamera2end": {"type": "ndarray", "data": [[0.999999805549431, -0.0001512719485085383, 0.0006049941304227711, -0.016124930999178513], [-0.0006041771489393458, 0.005343691767765946, 0.999985539859584, 0.030715070078581735], [-0.00015450266324920875, -0.9999857109354557, 0.005343599333627491, 0.03186315324224765], [0.0, 0.0, 0.0, 1.0]]}, "Hobj2base": {"type": "ndarray", "data": [[0.9999961384740326, 0.001331576619800746, -0.002439250034135958, -0.73581283423638], [0.0013389327152759914, -0.9999945537566368, 0.003016573593994376, 0.08830567214004847], [-0.002435219950516978, -0.0030198279370885527, -0.9999924751431994, -0.000718347829815183], [0.0, 0.0, 0.0, 1.0]]}, "mean_rme": {"type": "float", "data": 0.002202444213865991}, "max_rme": {"type": "float", "data": 0.006410742468805547}, "simu": {"type": "float", "data": 0.002}}, {"type": "dict", "image_number": {"type": "int", "data": 13}, "Hcamera2end": {"type": "ndarray", "data": [[0.9999986206198956, 0.0013477945000622254, 0.0009706741428863201, -0.015920436159169535], [-0.0009804353496123135, 0.007260681781329104, 0.999973160263112, 0.030880835726646665], [0.0013407105695476026, -0.9999727326032725, 0.007261993191460925, 0.031172712389199435], [0.0, 0.0, 0.0, 1.0]]}, "Hobj2base": {"type": "ndarray", "data": [[0.9999908657584833, 0.0014465083373845424, -0.004021941475068046, -0.7358573252639833], [0.0014600770782619377, -0.9999932462003964, 0.0033727923919967422, 0.08864581116032036], [-0.004017035539366015, -0.0033786339286543056, -0.9999862240342374, -0.0006495662534328164], [0.0, 0.0, 0.0, 1.0]]}, "mean_rme": {"type": "float", "data": 0.0021623573147067743}, "max_rme": {"type": "float", "data": 0.006844722178241308}, "simu": {"type": "float", "data": 0.002}}, {"type": "dict", "image_number": {"type": "int", "data": 14}, "Hcamera2end": {"type": "ndarray", "data": [[0.9999981827876768, 0.0018945955899258191, -0.00021196437124094145, -0.01498718079278275], [0.00020155210182077753, 0.005494276518323127, 0.9999848860369293, 0.030439466130628996], [0.0018957315459456692, -0.9999831115739358, 0.005493884674332872, 0.03130658122011454], [0.0, 0.0, 0.0, 1.0]]}, "Hobj2base": {"type": "ndarray", "data": [[0.999993760721847, 0.0026721578378930792, -0.002310430666971753, -0.7350819124517894], [0.0026770326090118177, -0.9999941919783195, 0.0021093852276079803, 0.08849731671722612], [-0.0023047806376712593, -0.0021155571648031578, -0.9999951061900727, -0.0009735150502256572], [0.0, 0.0, 0.0, 1.0]]}, "mean_rme": {"type": "float", "data": 0.002239392580219345}, "max_rme": {"type": "float", "data": 0.007361775484560212}, "simu": {"type": "float", "data": 0.002}}, {"type": "dict", "image_number": {"type": "int", "data": 15}, "Hcamera2end": {"type": "ndarray", "data": [[0.9999977202372109, 0.001928247741469197, 0.0009172682423376727, -0.015390294011944524], [-0.0009258397199278889, 0.00444903320647605, 0.9999896744088614, 0.030313369330544612], [0.0019241468743019983, -0.9999882439129848, 0.004450808312084664, 0.031803794724833474], [0.0, 0.0, 0.0, 1.0]]}, "Hobj2base": {"type": "ndarray", "data": [[0.9999956021949469, 0.002442419240121195, -0.0016823135917524126, -0.7350934067205395], [0.0024472433575459963, -0.9999928827616598, 0.002871484977080097, 0.0887041698510837], [-0.0016752882481698783, -0.00287558937961168, -0.9999944621821686, -0.000740173858107603], [0.0, 0.0, 0.0, 1.0]]}, "mean_rme": {"type": "float", "data": 0.0021854380273762246}, "max_rme": {"type": "float", "data": 0.007507773954494895}, "simu": {"type": "float", "data": 0.002}}, {"type": "dict", "image_number": {"type": "int", "data": 16}, "Hcamera2end": {"type": "ndarray", "data": [[0.9999955957793278, 0.002587453395652279, 0.0014537905188139314, -0.015635057485488928], [-0.0014644075726716705, 0.004106129547470805, 0.9999904975601521, 0.030516193902709893], [0.0025814593563268924, -0.9999882223231755, 0.004109900549516654, 0.031923606669787594], [0.0, 0.0, 0.0, 1.0]]}, "Hobj2base": {"type": "ndarray", "data": [[0.999993758285505, 0.0030771464977224806, -0.001736248675334799, -0.7352159237786303], [0.0030823817988777256, -0.9999906870466233, 0.0030207188661770887, 0.08849752921750975], [-0.0017269373112521742, -0.0030260517930275335, -0.999993930330614, -0.0008437689292302153], [0.0, 0.0, 0.0, 1.0]]}, "mean_rme": {"type": "float", "data": 0.0021201357142955385}, "max_rme": {"type": "float", "data": 0.007454454197392574}, "simu": {"type": "float", "data": 0.002}}, {"type": "dict", "image_number": {"type": "int", "data": 17}, "Hcamera2end": {"type": "ndarray", "data": [[0.9999971087539397, 0.002006643381182127, 0.001325090978832126, -0.0157793499453153], [-0.0013322362968716645, 0.0035636907362371906, 0.9999927626012027, 0.030490774684102617], [0.002001906643857798, -0.9999916367103662, 0.0035663537558776603, 0.03224352281542312], [0.0, 0.0, 0.0, 1.0]]}, "Hobj2base": {"type": "ndarray", "data": [[0.9999955938503466, 0.002669568066871091, -0.0012983397971396832, -0.735259415823072], [0.002673248358227953, -0.9999923906706669, 0.0028411870723366477, 0.08838800252314344], [-0.0012907451753642633, -0.00284464533837234, -0.9999951209729934, -0.0009089696353278896], [0.0, 0.0, 0.0, 1.0]]}, "mean_rme": {"type": "float", "data": 0.002039122295898752}, "max_rme": {"type": "float", "data": 0.0071987193537544625}, "simu": {"type": "float", "data": 0.002}}, {"type": "dict", "image_number": {"type": "int", "data": 18}, "Hcamera2end": {"type": "ndarray", "data": [[0.9999966747380534, 0.001702612020627805, 0.001936911237746807, -0.016062003552110446], [-0.0019439645855291927, 0.004150816035177529, 0.9999894958087973, 0.03052230468725999], [0.001694554373841241, -0.9999899358686314, 0.004154112050097969, 0.031779458453524645], [0.0, 0.0, 0.0, 1.0]]}, "Hobj2base": {"type": "ndarray", "data": [[0.9999960820001493, 0.0024242339733358256, -0.0013996692441595113, -0.7351795432567575], [0.0024283808032582264, -0.9999926449772922, 0.002968662660866669, 0.08849378421750803], [-0.0013924622166825904, -0.002972049959570235, -0.9999946139695022, -0.0010546436883973947], [0.0, 0.0, 0.0, 1.0]]}, "mean_rme": {"type": "float", "data": 0.0020006566760314114}, "max_rme": {"type": "float", "data": 0.0073607320045213365}, "simu": {"type": "float", "data": 0.002}}, {"type": "dict", "image_number": {"type": "int", "data": 19}, "Hcamera2end": {"type": "ndarray", "data": [[0.9999957116180584, 0.0018343862188956095, 0.0022829307245100096, -0.016056190431341794], [-0.0022891551258340482, 0.0033982746172949163, 0.9999916057139855, 0.03043698791794832], [0.0018266127949988825, -0.9999925433506118, 0.0034024592388111063, 0.03215883295493639], [0.0, 0.0, 0.0, 1.0]]}, "Hobj2base": {"type": "ndarray", "data": [[0.9999962374824238, 0.002531987662735756, -0.0010554901570097117, -0.7352975481785305], [0.0025355956479858606, -0.9999908991251711, 0.0034310962595432556, 0.08863264590288493], [-0.0010467930577270873, -0.0034337596462318794, -0.9999935567387355, -0.0010714680016818353], [0.0, 0.0, 0.0, 1.0]]}, "mean_rme": {"type": "float", "data": 0.0019409722061289514}, "max_rme": {"type": "float", "data": 0.007386662194114518}, "simu": {"type": "float", "data": 0.002}}, {"type": "dict", "image_number": {"type": "int", "data": 20}, "Hcamera2end": {"type": "ndarray", "data": [[0.9999936478280126, 0.002107557957965044, 0.0028744570058694607, -0.01585150358552355], [-0.0028813305874135363, 0.0032656459805089355, 0.9999905167002217, 0.030678883124841076], [0.0020981510123937643, -0.9999924468493671, 0.003271697807773033, 0.03167060689443729], [0.0, 0.0, 0.0, 1.0]]}, "Hobj2base": {"type": "ndarray", "data": [[0.9999952928049826, 0.002870168537435666, -0.001084666051786287, -0.7350202495377283], [0.0028748696224811126, -0.9999863726302771, 0.004357714813259999, 0.08914598055508269], [-0.0010721438946888378, -0.00436081257412936, -0.9999899168597461, -0.0014016394849475893], [0.0, 0.0, 0.0, 1.0]]}, "mean_rme": {"type": "float", "data": 0.0020002444366489505}, "max_rme": {"type": "float", "data": 0.00792475864821876}, "simu": {"type": "float", "data": 0.002}}, {"type": "dict", "image_number": {"type": "int", "data": 21}, "Hcamera2end": {"type": "ndarray", "data": [[0.9999947013549924, 0.0024739748997690326, 0.002115823748570447, -0.01539434005703721], [-0.0021254099480728637, 0.0038786293939460093, 0.9999902193854582, 0.031225437025739388], [0.002465744206590538, -0.9999894177851181, 0.003883867053328993, 0.03130214052286514], [0.0, 0.0, 0.0, 1.0]]}, "Hobj2base": {"type": "ndarray", "data": [[0.9999937724528979, 0.0030251427667086234, -0.0018175716390231374, -0.7351110906197263], [0.003031330484655934, -0.9999895868684407, 0.0034113326101862275, 0.08878756308668345], [-0.0018072329442400002, -0.003416821026269133, -0.999992529593676, -0.0018715294885311058], [0.0, 0.0, 0.0, 1.0]]}, "mean_rme": {"type": "float", "data": 0.001969449740064658}, "max_rme": {"type": "float", "data": 0.007781688319647345}, "simu": {"type": "float", "data": 0.002}}, {"type": "dict", "image_number": {"type": "int", "data": 22}, "Hcamera2end": {"type": "ndarray", "data": [[0.9999957519691532, 0.0021142449479974374, 0.0020064924489387667, -0.01550352302582255], [-0.0020157980472239588, 0.004408481472858883, 0.999988250855647, 0.03150226682889028], [0.0021053745226417677, -0.9999880475582714, 0.004412724636331133, 0.031170479359146838], [0.0, 0.0, 0.0, 1.0]]}, "Hobj2base": {"type": "ndarray", "data": [[0.999994183664464, 0.002593284022618954, -0.002215291226954735, -0.735316741751556], [0.002601141290514344, -0.9999903109565074, 0.003551345814412659, 0.08879557351389446], [-0.0022060601145423783, -0.0035570874440747444, -0.9999912401754754, -0.0019470936679727283], [0.0, 0.0, 0.0, 1.0]]}, "mean_rme": {"type": "float", "data": 0.0019823193827936737}, "max_rme": {"type": "float", "data": 0.007502207994907112}, "simu": {"type": "float", "data": 0.002}}, {"type": "dict", "image_number": {"type": "int", "data": 23}, "Hcamera2end": {"type": "ndarray", "data": [[0.9999962049913544, 0.0018606970970976037, 0.002031701061166622, -0.015657402224232956], [-0.0020396281810001068, 0.004268353624083843, 0.9999888104745087, 0.03169063569105192], [0.001852004258192519, -0.9999891594230672, 0.004272132555880437, 0.031210275035171528], [0.0, 0.0, 0.0, 1.0]]}, "Hobj2base": {"type": "ndarray", "data": [[0.9999948538882474, 0.00243298651769922, -0.0020911177937924822, -0.7353181615887275], [0.0024406356926642567, -0.9999903120793003, 0.0036632014629688213, 0.0887618324392681], [-0.002082185015438104, -0.0036682862684498155, -0.9999911040511378, -0.00225672582141484], [0.0, 0.0, 0.0, 1.0]]}, "mean_rme": {"type": "float", "data": 0.0019970521212492806}, "max_rme": {"type": "float", "data": 0.007364975961368453}, "simu": {"type": "float", "data": 0.002}}, {"type": "dict", "image_number": {"type": "int", "data": 24}, "Hcamera2end": {"type": "ndarray", "data": [[0.9999952088781843, 0.0013227352593597752, 0.002798676849930579, -0.015876974060275103], [-0.0028030177992531486, 0.0032914174791283113, 0.999990654787431, 0.03140091549168831], [0.0013135112842153109, -0.999993708451414, 0.003295109360021975, 0.0313786955543314], [0.0, 0.0, 0.0, 1.0]]}, "Hobj2base": {"type": "ndarray", "data": [[0.9999968021682224, 0.0022318305036664087, -0.001189363666839012, -0.7349493976454905], [0.0022364776241690547, -0.9999898145291499, 0.0039203323575201735, 0.08893950040176195], [-0.0011806020352700293, -0.003922979806184668, -0.9999916081689262, -0.001971379911136178], [0.0, 0.0, 0.0, 1.0]]}, "mean_rme": {"type": "float", "data": 0.0020435575578724805}, "max_rme": {"type": "float", "data": 0.007792083184464588}, "simu": {"type": "float", "data": 0.002}}, {"type": "dict", "image_number": {"type": "int", "data": 25}, "Hcamera2end": {"type": "ndarray", "data": [[0.9999959761227225, 0.0014542938654779948, 0.00243572734852009, -0.015731561434099612], [-0.002439852945443296, 0.0028418359708823893, 0.9999929855183582, 0.03156134067502223], [0.0014473617267660869, -0.9999949044858516, 0.0028453727988544397, 0.031418084973494007], [0.0, 0.0, 0.0, 1.0]]}, "Hobj2base": {"type": "ndarray", "data": [[0.9999962636354377, 0.00258668655375447, -0.0008841763607281412, -0.7348150140648667], [0.002590010956559015, -0.9999895029856918, 0.003779650999043877, 0.08889377270252688], [-0.00087439030709912, -0.0037819269033516423, -0.9999924662068655, -0.002218678818639026], [0.0, 0.0, 0.0, 1.0]]}, "mean_rme": {"type": "float", "data": 0.0020176452547390096}, "max_rme": {"type": "float", "data": 0.007757290079259377}, "simu": {"type": "float", "data": 0.002}}, {"type": "dict", "image_number": {"type": "int", "data": 26}, "Hcamera2end": {"type": "ndarray", "data": [[0.999994638667181, 0.0017793576711506438, 0.002748913089267618, -0.015899847665176887], [-0.002754580602676021, 0.003190570383069913, 0.9999911162337063, 0.030427929584526163], [0.0017705712630646901, -0.9999933270511903, 0.0031954546614864077, 0.03118467010045745], [0.0, 0.0, 0.0, 1.0]]}, "Hobj2base": {"type": "ndarray", "data": [[0.9999955838836259, 0.0027347334336199464, -0.0011633771070432574, -0.7348820026763204], [0.002739117685319583, -0.9999890899696218, 0.0037838044391301146, 0.08940793883041599], [-0.0011530167180577096, -0.0037869743562179725, -0.9999921646581404, -0.0011441537156656233], [0.0, 0.0, 0.0, 1.0]]}, "mean_rme": {"type": "float", "data": 0.0020494214609681773}, "max_rme": {"type": "float", "data": 0.007701786746694611}, "simu": {"type": "float", "data": 0.002}}, {"type": "dict", "image_number": {"type": "int", "data": 27}, "Hcamera2end": {"type": "ndarray", "data": [[0.9999948430271118, 0.0019496695809732947, 0.0025520007262751195, -0.01580411306344908], [-0.002556990416988327, 0.0025610578018562258, 0.9999934513700293, 0.03058186836340958], [0.001943120991938274, -0.9999948198723134, 0.002566029880985421, 0.03106563645478879], [0.0, 0.0, 0.0, 1.0]]}, "Hobj2base": {"type": "ndarray", "data": [[0.9999942990025341, 0.0032909101503833245, -0.0007562227268526133, -0.7345139102669322], [0.003293798581345027, -0.9999871618487177, 0.00385058809171682, 0.08938143335798997], [-0.0007435410789148668, -0.003853056984868755, -0.9999923005196267, -0.0014050814174481187], [0.0, 0.0, 0.0, 1.0]]}, "mean_rme": {"type": "float", "data": 0.002053425864212376}, "max_rme": {"type": "float", "data": 0.0078491832464829}, "simu": {"type": "float", "data": 0.002}}, {"type": "dict", "image_number": {"type": "int", "data": 28}, "Hcamera2end": {"type": "ndarray", "data": [[0.9999953147480167, 0.0021734350889898732, 0.002155611729603449, -0.015715024714697556], [-0.0021596193403796314, 0.0018432486012178728, 0.9999959692313256, 0.03011150106904455], [0.002169453000070441, -0.9999959392990092, 0.0018479337575869614, 0.03136063154091326], [0.0, 0.0, 0.0, 1.0]]}, "Hobj2base": {"type": "ndarray", "data": [[0.999992720254759, 0.0037806523857076176, -0.000515853686337913, -0.7346807133212667], [0.003782587901690548, -0.9999856101474576, 0.0038041459990907143, 0.08950513122144932], [-0.0005014641096323908, -0.003806069567789966, -0.9999926311569458, -0.001012940294847575], [0.0, 0.0, 0.0, 1.0]]}, "mean_rme": {"type": "float", "data": 0.002111411491581181}, "max_rme": {"type": "float", "data": 0.007490453272494674}, "simu": {"type": "float", "data": 0.002}}, {"type": "dict", "image_number": {"type": "int", "data": 29}, "Hcamera2end": {"type": "ndarray", "data": [[0.9999957477804241, 0.0015558010041447324, 0.002466557176711005, -0.01579573825412279], [-0.002468482260623937, 0.0012366545164433917, 0.9999961886332047, 0.029908662642917905], [0.0015527447953437997, -0.9999980250824712, 0.0012404897250966052, 0.03160918032176606], [0.0, 0.0, 0.0, 1.0]]}, "Hobj2base": {"type": "ndarray", "data": [[0.9999941691424568, 0.003413076164944001, -0.00011221488228171656, -0.7346356522485984], [0.0034134944733874768, -0.9999863058254954, 0.003966890086450123, 0.08960768585966708], [-9.867404758852108e-05, -0.00396725000095964, -0.9999921255644273, -0.0008491034950219606], [0.0, 0.0, 0.0, 1.0]]}, "mean_rme": {"type": "float", "data": 0.0021336045940549705}, "max_rme": {"type": "float", "data": 0.007592352105906891}, "simu": {"type": "float", "data": 0.002}}, {"type": "dict", "image_number": {"type": "int", "data": 30}, "Hcamera2end": {"type": "ndarray", "data": [[0.9999965801998315, 0.0015401145796660437, 0.0021136782450391274, -0.015606396544439384], [-0.0021157489947912222, 0.0013441562268021734, 0.9999968584201798, 0.029994033627691558], [0.0015372686274986334, -0.9999979106433771, 0.001347410125930315, 0.03163532843876706], [0.0, 0.0, 0.0, 1.0]]}, "Hobj2base": {"type": "ndarray", "data": [[0.9999947403468769, 0.0032195933045674357, -0.0003917876152775729, -0.7347044747060387], [0.003221008474304826, -0.999988090082635, 0.0036667147819276257, 0.08965985783285406], [-0.0003799776187577978, -0.0036679574475087084, -0.9999932008294716, -0.0008522980781269488], [0.0, 0.0, 0.0, 1.0]]}, "mean_rme": {"type": "float", "data": 0.0021034011467837375}, "max_rme": {"type": "float", "data": 0.007493198151310804}, "simu": {"type": "float", "data": 0.002}}]}