{"type": "list", "data": [{"type": "dict", "image_number": {"type": "int", "data": 5}, "Hcamera2end": {"type": "ndarray", "data": [[0.9998932258844593, 0.006878402862969755, -0.012892804366175317, -0.015544152580583035], [0.012978020562685199, -0.012491607529182769, 0.9998377521996313, 0.02650774235180452], [0.006716235005142391, -0.9998983184881309, -0.012579541802631322, 0.024227287999111006], [0.0, 0.0, 0.0, 1.0]]}, "Hobj2base": {"type": "ndarray", "data": [[0.999872263304653, 0.0065388512071086384, 0.014584255172002864, -0.7190856318381286], [0.006678040376730149, -0.9999324262476859, -0.009515603771846348, 0.08277676366441619], [0.014521048541946281, 0.00961178252496947, -0.999848364896365, 0.0006983079610050735], [0.0, 0.0, 0.0, 1.0]]}, "mean_rme": {"type": "float", "data": 0.0010163546260766672}, "max_rme": {"type": "float", "data": 0.0034565155631553213}, "simu": {"type": "float", "data": 0.002}}, {"type": "dict", "image_number": {"type": "int", "data": 6}, "Hcamera2end": {"type": "ndarray", "data": [[0.9999751719070462, 0.006514733879902654, -0.002685854044311328, -0.01589190277548635], [0.0025955368888756526, 0.013832580588526544, 0.9999009565464574, 0.026240223247012383], [0.006551240930677233, -0.9998831021458139, 0.013815327919823428, 0.027769758733578207], [0.0, 0.0, 0.0, 1.0]]}, "Hobj2base": {"type": "ndarray", "data": [[0.9999460215852233, 0.004634716536155464, -0.009299103102651812, -0.7365585620986431], [0.004615858086136676, -0.9999872488247392, -0.0020484242865146554, 0.0884146290673693], [-0.009308478394072154, 0.002005390375568685, -0.9999546642920509, 0.0045235843426552624], [0.0, 0.0, 0.0, 1.0]]}, "mean_rme": {"type": "float", "data": 0.0012345419983448539}, "max_rme": {"type": "float", "data": 0.004057290678390751}, "simu": {"type": "float", "data": 0.002}}, {"type": "dict", "image_number": {"type": "int", "data": 7}, "Hcamera2end": {"type": "ndarray", "data": [[0.9999766781439778, 0.005501558518315856, -0.004046729791433746, -0.014041512855979264], [0.004013948840947093, 0.00595652529534374, 0.999974203677829, 0.026222543500203227], [0.005525521046705971, -0.9999671257897809, 0.005934303403680508, 0.028149258152779962], [0.0, 0.0, 0.0, 1.0]]}, "Hobj2base": {"type": "ndarray", "data": [[0.9999882682484217, 0.0038329898811103463, -0.002961680957495177, -0.7331688162424906], [0.003831322225033151, -0.9999924988345079, -0.0005685461501405061, 0.09064303337114991], [-0.0029638379730766123, 0.0005571923260224032, -0.9999954525902512, 0.004290356223014292], [0.0, 0.0, 0.0, 1.0]]}, "mean_rme": {"type": "float", "data": 0.001681178818594115}, "max_rme": {"type": "float", "data": 0.005378388301146564}, "simu": {"type": "float", "data": 0.002}}, {"type": "dict", "image_number": {"type": "int", "data": 8}, "Hcamera2end": {"type": "ndarray", "data": [[0.9999736063843131, 0.0056007652965043, -0.004627954498948663, -0.013823445353452044], [0.004594902998452571, 0.005899796499094778, 0.9999720392429501, 0.026293421081800834], [0.005627912684617418, -0.9999669113672525, 0.00587390580887881, 0.028235137143647233], [0.0, 0.0, 0.0, 1.0]]}, "Hobj2base": {"type": "ndarray", "data": [[0.9999894082287571, 0.00303443631554719, -0.003460581822036342, -0.7331365427535261], [0.003027924692985131, -0.9999936385531223, -0.0018853448864512995, 0.09068548711139957], [-0.0034662807667196946, 0.0018748465361585088, -0.9999922348939074, 0.00436767049992455], [0.0, 0.0, 0.0, 1.0]]}, "mean_rme": {"type": "float", "data": 0.0015766747623227242}, "max_rme": {"type": "float", "data": 0.005251555262411611}, "simu": {"type": "float", "data": 0.002}}, {"type": "dict", "image_number": {"type": "int", "data": 9}, "Hcamera2end": {"type": "ndarray", "data": [[0.9999728426647819, 0.006098454355956484, -0.004137968992589627, -0.014134367741460948], [0.004114884600315301, 0.003792984447998027, 0.9999843403742398, 0.02728552271071117], [0.006114054108478744, -0.9999742107291797, 0.003767787004732903, 0.02912821713032788], [0.0, 0.0, 0.0, 1.0]]}, "Hobj2base": {"type": "ndarray", "data": [[0.9999906489685516, 0.004086890741254932, -0.0014139658850488544, -0.7333320316637657], [0.004084970210399061, -0.9999907337180043, -0.0013584905258233943, 0.09025676881861111], [-0.0014195047851943007, 0.00135270181401682, -0.9999980776001363, 0.0032378604578971026], [0.0, 0.0, 0.0, 1.0]]}, "mean_rme": {"type": "float", "data": 0.0016252502197726855}, "max_rme": {"type": "float", "data": 0.004737788989191083}, "simu": {"type": "float", "data": 0.002}}, {"type": "dict", "image_number": {"type": "int", "data": 10}, "Hcamera2end": {"type": "ndarray", "data": [[0.9999708139002189, 0.006139829841285522, -0.004546849156693143, -0.01411200102770837], [0.004529319135997875, 0.0028660241442568513, 0.9999856354837147, 0.027341152484684196], [0.006152773025063153, -0.9999770439340718, 0.00283813124739829, 0.0299503962412683], [0.0, 0.0, 0.0, 1.0]]}, "Hobj2base": {"type": "ndarray", "data": [[0.9999897086333553, 0.004228894853080241, -0.0016428863924807025, -0.7334957797899924], [0.004225718219601312, -0.999989204796077, -0.001932251753187035, 0.08986867132508357], [-0.0016510399466809818, 0.0019252894927143523, -0.9999967836585593, 0.003319382582121888], [0.0, 0.0, 0.0, 1.0]]}, "mean_rme": {"type": "float", "data": 0.0015999956082042143}, "max_rme": {"type": "float", "data": 0.005009274064618041}, "simu": {"type": "float", "data": 0.002}}, {"type": "dict", "image_number": {"type": "int", "data": 11}, "Hcamera2end": {"type": "ndarray", "data": [[0.9999714471916753, 0.0064271534652247326, -0.003974481063103229, -0.014842747843118644], [0.003950489203013575, 0.0037412873179444306, 0.9999851980925824, 0.02744052346530179], [0.006441928006690981, -0.9999723468514211, 0.003715790093314242, 0.02992439906039642], [0.0, 0.0, 0.0, 1.0]]}, "Hobj2base": {"type": "ndarray", "data": [[0.9999861091209192, 0.004760130787548712, -0.002263342680726024, -0.73409657995618], [0.004756252354573413, -0.9999872168072099, -0.0017158921029258947, 0.08946196250822931], [-0.0022714816188074364, 0.0017051032387217677, -0.9999959664889655, 0.0034794692686244484], [0.0, 0.0, 0.0, 1.0]]}, "mean_rme": {"type": "float", "data": 0.001560876582007939}, "max_rme": {"type": "float", "data": 0.005150999972951209}, "simu": {"type": "float", "data": 0.002}}, {"type": "dict", "image_number": {"type": "int", "data": 12}, "Hcamera2end": {"type": "ndarray", "data": [[0.9999691955272898, 0.006555429766761737, -0.004316750754656562, -0.01472333910669594], [0.00429350215282456, 0.0035564065484998686, 0.9999844587850982, 0.02652865241190608], [0.00657068000807106, -0.9999721887697853, 0.003528151243455069, 0.030091090054000402], [0.0, 0.0, 0.0, 1.0]]}, "Hobj2base": {"type": "ndarray", "data": [[0.9999847784946164, 0.00498629249740279, -0.0023621317074404326, -0.7341240333153359], [0.004979956768339251, -0.9999840072418722, -0.002680539324919049, 0.08915318336172397], [-0.002375459883564207, 0.0026687352092911072, -0.9999936175009938, 0.004224759614875904], [0.0, 0.0, 0.0, 1.0]]}, "mean_rme": {"type": "float", "data": 0.0015166898992733417}, "max_rme": {"type": "float", "data": 0.005236176854723995}, "simu": {"type": "float", "data": 0.002}}, {"type": "dict", "image_number": {"type": "int", "data": 13}, "Hcamera2end": {"type": "ndarray", "data": [[0.9999824158729037, 0.004056056781863554, -0.004326239518716175, -0.014567513963196027], [0.004315078297691901, 0.0027564665503184704, 0.9999868909097969, 0.02644106849381433], [0.004067928745171338, -0.9999879750754703, 0.0027389158776667255, 0.030064121089980023], [0.0, 0.0, 0.0, 1.0]]}, "Hobj2base": {"type": "ndarray", "data": [[0.9999952365187095, 0.0025826193282642903, -0.0016902713674613796, -0.7339888853449325], [0.002578528527130982, -0.9999937523961109, -0.0024179246018249624, 0.08971473423653387], [-0.0016965053861263697, 0.0024135546711467675, -0.9999956483021935, 0.004242789992748639], [0.0, 0.0, 0.0, 1.0]]}, "mean_rme": {"type": "float", "data": 0.0015654615753280332}, "max_rme": {"type": "float", "data": 0.005473395728544439}, "simu": {"type": "float", "data": 0.002}}, {"type": "dict", "image_number": {"type": "int", "data": 14}, "Hcamera2end": {"type": "ndarray", "data": [[0.9999759844427328, 0.004392517445545028, -0.005360627601116093, -0.014057436426341326], [0.00535242384685081, 0.0018772975220469057, 0.9999839135271016, 0.026429307537669436], [0.004402510278344376, -0.9999885907071664, 0.0018537418225775815, 0.030986548984216298], [0.0, 0.0, 0.0, 1.0]]}, "Hobj2base": {"type": "ndarray", "data": [[0.999994934500546, 0.0029594869090530376, -0.00117149924619911, -0.7344662055518068], [0.002955786419982744, -0.999990676695321, -0.003147991275802887, 0.08946245060252937], [-0.0011808047629252587, 0.003144512628091863, -0.9999943588543101, 0.0038852748170038792], [0.0, 0.0, 0.0, 1.0]]}, "mean_rme": {"type": "float", "data": 0.0015624070437840587}, "max_rme": {"type": "float", "data": 0.005471226273067953}, "simu": {"type": "float", "data": 0.002}}, {"type": "dict", "image_number": {"type": "int", "data": 15}, "Hcamera2end": {"type": "ndarray", "data": [[0.9999930817010052, 0.003071475630240821, -0.0020982343957639854, -0.0153929550950087], [0.0020884679557451116, 0.003179483806403982, 0.9999927645659856, 0.02602124332340036], [0.0030781247090649433, -0.999990228412347, 0.00317304713135369, 0.029643672339823745], [0.0, 0.0, 0.0, 1.0]]}, "Hobj2base": {"type": "ndarray", "data": [[0.999996220631453, 0.002182970260325175, -0.0016713358887304902, -0.7337511873596119], [0.002181760601332485, -0.9999973569636522, -0.0007252491904905258, 0.0897915276354667], [-0.0016729146687431526, 0.0007215999947129213, -0.9999983403236021, 0.004072175877760805], [0.0, 0.0, 0.0, 1.0]]}, "mean_rme": {"type": "float", "data": 0.0017930214192272713}, "max_rme": {"type": "float", "data": 0.0076281324433971065}, "simu": {"type": "float", "data": 0.002}}, {"type": "dict", "image_number": {"type": "int", "data": 16}, "Hcamera2end": {"type": "ndarray", "data": [[0.999988002627189, 0.003961439467205887, -0.002881249561006264, -0.014794955832979264], [0.0028734427856864165, 0.0019749727707012443, 0.9999939213860817, 0.026016357217157806], [0.003967105776573387, -0.9999902031919629, 0.0019635661065586785, 0.030081915529547646], [0.0, 0.0, 0.0, 1.0]]}, "Hobj2base": {"type": "ndarray", "data": [[0.9999949039890859, 0.003112598152849792, -0.0007097384009155268, -0.7338563594070671], [0.0031118003015565996, -0.9999945283366969, -0.0011224952339818678, 0.08985248291115104], [-0.0007132283940578384, 0.001120280949563909, -0.9999991181375372, 0.0037144421549616044], [0.0, 0.0, 0.0, 1.0]]}, "mean_rme": {"type": "float", "data": 0.0018446589865957614}, "max_rme": {"type": "float", "data": 0.007650826133861144}, "simu": {"type": "float", "data": 0.002}}, {"type": "dict", "image_number": {"type": "int", "data": 17}, "Hcamera2end": {"type": "ndarray", "data": [[0.9999893304440689, 0.003971752622556531, -0.0023588512305582903, -0.015036268955601435], [0.002354205341433222, 0.0011740019054670148, 0.9999965397123813, 0.02610807195869219], [0.003974508174989495, -0.9999914234135365, 0.0011646390581491195, 0.030349607759330224], [0.0, 0.0, 0.0, 1.0]]}, "Hobj2base": {"type": "ndarray", "data": [[0.9999942508958332, 0.003380412845425744, -0.00026642874444120413, -0.7337385218118729], [0.0033801931684447205, -0.999993950349364, -0.00082070629199797, 0.08974801971916635], [-0.0002692014587321726, 0.0008198009930501694, -0.999999627728384, 0.0037606836701050334], [0.0, 0.0, 0.0, 1.0]]}, "mean_rme": {"type": "float", "data": 0.0018274352727453193}, "max_rme": {"type": "float", "data": 0.007687927422698415}, "simu": {"type": "float", "data": 0.002}}, {"type": "dict", "image_number": {"type": "int", "data": 18}, "Hcamera2end": {"type": "ndarray", "data": [[0.9999805253773065, 0.0057118083322108635, -0.0025147786586607905, -0.015523884126248538], [0.0024976159162688055, 0.0030099306902148237, 0.9999923510867345, 0.026161189303522046], [0.005719333952548142, -0.9999791575642044, 0.002995606169549081, 0.02971355109078886], [0.0, 0.0, 0.0, 1.0]]}, "Hobj2base": {"type": "ndarray", "data": [[0.9999865176079372, 0.004945545041629951, -0.00158309399338312, -0.7337354208269387], [0.004944125620627067, -0.99998737338498, -0.0008992732936602274, 0.08884900046213964], [-0.0015875214008432559, 0.0008914341537325645, -0.9999983425591024, 0.003812504822527488], [0.0, 0.0, 0.0, 1.0]]}, "mean_rme": {"type": "float", "data": 0.0019187485007176356}, "max_rme": {"type": "float", "data": 0.007682534016224318}, "simu": {"type": "float", "data": 0.002}}, {"type": "dict", "image_number": {"type": "int", "data": 19}, "Hcamera2end": {"type": "ndarray", "data": [[0.9999842833486704, 0.0051820630868476165, -0.0021399247206257423, -0.01547556766359208], [0.0021256776364044104, 0.002753256199864551, 0.9999939505191437, 0.025428028268202032], [0.005187923499060483, -0.9999827827530139, 0.002742197532282664, 0.029847789967809048], [0.0, 0.0, 0.0, 1.0]]}, "Hobj2base": {"type": "ndarray", "data": [[0.9999890161039722, 0.0044369530843164405, -0.0015103372925712312, -0.7336768513155386], [0.004435855191132696, -0.9999898954621746, -0.0007294945315258378, 0.0890736883740621], [-0.0015135587643225756, 0.0007227868813141372, -0.9999985933585058, 0.004663956464393753], [0.0, 0.0, 0.0, 1.0]]}, "mean_rme": {"type": "float", "data": 0.0019018844033709746}, "max_rme": {"type": "float", "data": 0.007692881173351096}, "simu": {"type": "float", "data": 0.002}}, {"type": "dict", "image_number": {"type": "int", "data": 20}, "Hcamera2end": {"type": "ndarray", "data": [[0.99998506253494, 0.004728540086807593, -0.0027414623177299015, -0.015395860293488633], [0.0027293846551534355, 0.0025587700355685916, 0.9999930015531655, 0.025375282751575735], [0.004735521766003438, -0.9999855466978274, 0.002545825809276425, 0.030061290567655958], [0.0, 0.0, 0.0, 1.0]]}, "Hobj2base": {"type": "ndarray", "data": [[0.9999901516815475, 0.004222571700764716, -0.0013661728103244396, -0.7339119996674933], [0.004220598753517677, -0.9999900509210713, -0.0014438161362782325, 0.08901621290930976], [-0.0013722558353214754, 0.0014380358498567905, -0.9999980244814572, 0.004669900892676498], [0.0, 0.0, 0.0, 1.0]]}, "mean_rme": {"type": "float", "data": 0.0018980941436103115}, "max_rme": {"type": "float", "data": 0.007869684823441414}, "simu": {"type": "float", "data": 0.002}}, {"type": "dict", "image_number": {"type": "int", "data": 21}, "Hcamera2end": {"type": "ndarray", "data": [[0.9999841539158294, 0.004769677032602877, -0.002990334136437663, -0.015205864249578479], [0.0029785919539975585, 0.0024670467398458795, 0.9999925208072082, 0.025463216677184455], [0.004777018653351143, -0.999985581826752, 0.0024528007251830575, 0.030393223077896887], [0.0, 0.0, 0.0, 1.0]]}, "Hobj2base": {"type": "ndarray", "data": [[0.999988853038183, 0.004554112665756085, -0.001246538088820178, -0.7342308526163464], [0.0045525061918422274, -0.999988807079766, -0.0012885660864694704, 0.08891674097978586], [-0.0012523924115538359, 0.001282876850504785, -0.9999983928688252, 0.004637014697080858], [0.0, 0.0, 0.0, 1.0]]}, "mean_rme": {"type": "float", "data": 0.0018571245536921758}, "max_rme": {"type": "float", "data": 0.008026413228530371}, "simu": {"type": "float", "data": 0.002}}, {"type": "dict", "image_number": {"type": "int", "data": 22}, "Hcamera2end": {"type": "ndarray", "data": [[0.9999847227893786, 0.004602903047098094, -0.0030606325145035983, -0.015149728845027622], [0.003046277520710983, 0.0031224665862940038, 0.9999904851525759, 0.025484447756939737], [0.004612415973937355, -0.9999845316233428, 0.003108397163631982, 0.0300089151975031], [0.0, 0.0, 0.0, 1.0]]}, "Hobj2base": {"type": "ndarray", "data": [[0.9999900170689247, 0.003954080315837296, -0.0020811082017969124, -0.7342505756051174], [0.0039508889933135925, -0.9999910165382035, -0.0015353563279373427, 0.0889992739772303], [-0.0020871604284749797, 0.0015271187730925707, -0.9999966558292082, 0.00469480038245979], [0.0, 0.0, 0.0, 1.0]]}, "mean_rme": {"type": "float", "data": 0.00183630693740718}, "max_rme": {"type": "float", "data": 0.00806667328593147}, "simu": {"type": "float", "data": 0.002}}, {"type": "dict", "image_number": {"type": "int", "data": 23}, "Hcamera2end": {"type": "ndarray", "data": [[0.9999896318326105, 0.004287444582717721, -0.0015342901389232538, -0.015635758725586674], [0.0015246597565090761, 0.0022485488000590914, 0.9999963097136514, 0.02559331395653032], [0.004290878687070325, -0.9999882808549528, 0.0022419885925152316, 0.030694606335391728], [0.0, 0.0, 0.0, 1.0]]}, "Hobj2base": {"type": "ndarray", "data": [[0.9999917934453773, 0.003746418674932529, -0.0015418784031682377, -0.7345471857130288], [0.003746317302183622, -0.9999929801737122, -6.862921094522095e-05, 0.08927431074490194], [-0.001542124693207222, 6.285228199620018e-05, -0.9999988089498011, 0.004797997787565506], [0.0, 0.0, 0.0, 1.0]]}, "mean_rme": {"type": "float", "data": 0.0018749870601423655}, "max_rme": {"type": "float", "data": 0.00785048791928955}, "simu": {"type": "float", "data": 0.002}}, {"type": "dict", "image_number": {"type": "int", "data": 24}, "Hcamera2end": {"type": "ndarray", "data": [[0.9999883282131223, 0.004716745397022642, -0.0010467809629823447, -0.015757854089902955], [0.0010387970246937606, 0.0016948115832451371, 0.9999980242552675, 0.02558408595346771], [0.004718510174438953, -0.9999874398844002, 0.001689892060680931, 0.031161499712769304], [0.0, 0.0, 0.0, 1.0]]}, "Hobj2base": {"type": "ndarray", "data": [[0.9999902579845065, 0.004309363883045596, -0.0009556772487104144, -0.7348019893161569], [0.004309566892688529, -0.9999906916250023, 0.00021046744681617384, 0.08913963946442348], [-0.0009547613720943406, -0.00021458395147018412, -0.99999952119211, 0.004529957913440449], [0.0, 0.0, 0.0, 1.0]]}, "mean_rme": {"type": "float", "data": 0.0019393546523693518}, "max_rme": {"type": "float", "data": 0.007458169983896923}, "simu": {"type": "float", "data": 0.002}}, {"type": "dict", "image_number": {"type": "int", "data": 25}, "Hcamera2end": {"type": "ndarray", "data": [[0.999986305513196, 0.005029484401148985, -0.0014467455642593306, -0.01534967401487421], [0.0014384230984091256, 0.0016579590504963715, 0.9999975910524869, 0.026502159455496596], [0.005031870930287075, -0.9999859776309094, 0.0016507018190623501, 0.031133278500163904], [0.0, 0.0, 0.0, 1.0]]}, "Hobj2base": {"type": "ndarray", "data": [[0.9999890337039925, 0.0045817320120612685, -0.0009696409258510094, -0.7348260624529667], [0.0045814730670538165, -0.9999894687879576, -0.0002691053966042356, 0.08911879778422449], [-0.0009708636831670543, 0.00026466006172829967, -0.9999994936892522, 0.003462080807603567], [0.0, 0.0, 0.0, 1.0]]}, "mean_rme": {"type": "float", "data": 0.001954077685638143}, "max_rme": {"type": "float", "data": 0.007443069328574081}, "simu": {"type": "float", "data": 0.002}}, {"type": "dict", "image_number": {"type": "int", "data": 26}, "Hcamera2end": {"type": "ndarray", "data": [[0.9999878100463263, 0.004819780437494004, -0.001072135852722896, -0.015641500710678047], [0.0010634204688768911, 0.0018104525077474731, 0.9999977956968823, 0.026633503438209638], [0.004821710864280167, -0.9999867459012902, 0.0018053049852425618, 0.031021710578377146], [0.0, 0.0, 0.0, 1.0]]}, "Hobj2base": {"type": "ndarray", "data": [[0.9999899312142689, 0.004328233597412525, -0.0011848476728720948, -0.7348444007060799], [0.004328320974160299, -0.9999906302408075, 7.119085413224396e-05, 0.08909856446969341], [-0.0011845284404880363, -7.631853836046501e-05, -0.9999992955336792, 0.003317280443963837], [0.0, 0.0, 0.0, 1.0]]}, "mean_rme": {"type": "float", "data": 0.001932061581324972}, "max_rme": {"type": "float", "data": 0.007290673120214475}, "simu": {"type": "float", "data": 0.002}}, {"type": "dict", "image_number": {"type": "int", "data": 27}, "Hcamera2end": {"type": "ndarray", "data": [[0.9999891985846201, 0.004520835820285939, -0.0010792393502772834, -0.015762257809248843], [0.001070444132873482, 0.0019474529029049892, 0.9999975307852262, 0.026606969017918317], [0.004522926425176968, -0.9999878846619479, 0.0019425925654777965, 0.031142760355308524], [0.0, 0.0, 0.0, 1.0]]}, "Hobj2base": {"type": "ndarray", "data": [[0.9999899687593707, 0.0042769455140727166, -0.0013304577041102945, -0.7350721614923962], [0.004276940909738733, -0.9999908538265192, -6.305853798419475e-06, 0.08908008609878208], [-0.0013304725053064396, 6.155015594962606e-07, -0.9999991149208753, 0.0033732123054036446], [0.0, 0.0, 0.0, 1.0]]}, "mean_rme": {"type": "float", "data": 0.001889743663600998}, "max_rme": {"type": "float", "data": 0.007312192716782739}, "simu": {"type": "float", "data": 0.002}}, {"type": "dict", "image_number": {"type": "int", "data": 28}, "Hcamera2end": {"type": "ndarray", "data": [[0.9999890343478766, 0.004472084670224682, -0.0013898354951605966, -0.015809879111852845], [0.0013789850091016017, 0.0024284396901995686, 0.999996100532905, 0.026591548414765527], [0.00447544236315696, -0.9999870514858546, 0.002422246123055083, 0.030902955049586643], [0.0, 0.0, 0.0, 1.0]]}, "Hobj2base": {"type": "ndarray", "data": [[0.999989294024087, 0.004339419421426253, -0.0016066350840018236, -0.7349332116035977], [0.004339267971339394, -0.9999905805558955, -9.773922411943389e-05, 0.08892360023647923], [-0.0016070440818798325, 9.076655756401542e-05, -0.9999987045845364, 0.003441332653878385], [0.0, 0.0, 0.0, 1.0]]}, "mean_rme": {"type": "float", "data": 0.0018758930632757835}, "max_rme": {"type": "float", "data": 0.0074271593205053055}, "simu": {"type": "float", "data": 0.002}}, {"type": "dict", "image_number": {"type": "int", "data": 29}, "Hcamera2end": {"type": "ndarray", "data": [[0.9999899592725063, 0.00433178460771616, -0.001147604585014727, -0.015859793908888413], [0.0011348141935440832, 0.0029539880224696002, 0.9999949930632199, 0.026605039522647693], [0.004335152928943149, -0.9999862547039711, 0.002949042591624651, 0.03065987359848333], [0.0, 0.0, 0.0, 1.0]]}, "Hobj2base": {"type": "ndarray", "data": [[0.9999898413665079, 0.004041203090001127, -0.0019964572050706155, -0.7348636384860385], [0.004041970153643013, -0.9999917588803278, 0.00038032710386502153, 0.0889484599293149], [-0.0019949037729605173, -0.00038839286069728725, -0.9999979347528287, 0.003475903979263261], [0.0, 0.0, 0.0, 1.0]]}, "mean_rme": {"type": "float", "data": 0.0018850783737322}, "max_rme": {"type": "float", "data": 0.00734437034147728}, "simu": {"type": "float", "data": 0.002}}, {"type": "dict", "image_number": {"type": "int", "data": 30}, "Hcamera2end": {"type": "ndarray", "data": [[0.9999903641327672, 0.0042408214876884735, -0.0011344931578723553, -0.015876310596905994], [0.0011227591347140425, 0.0027682796489106876, 0.9999955380099007, 0.02663852490162256], [0.004243943159505749, -0.9999871759482194, 0.00276349155307154, 0.030453838187810594], [0.0, 0.0, 0.0, 1.0]]}, "Hobj2base": {"type": "ndarray", "data": [[0.9999910477385828, 0.003829641503070894, -0.0017995245620364981, -0.7345700408617347], [0.0038299770680200575, -0.9999926488543842, 0.00018306515650057983, 0.08886304918296897], [-0.001798810259548302, -0.0001899556554593811, -0.9999983640979118, 0.0033742179973091776], [0.0, 0.0, 0.0, 1.0]]}, "mean_rme": {"type": "float", "data": 0.0018815224139860098}, "max_rme": {"type": "float", "data": 0.007280824141305486}, "simu": {"type": "float", "data": 0.002}}]}