{"type": "list", "data": [{"type": "dict", "image_number": {"type": "int", "data": 5}, "Hcamera2end": {"type": "ndarray", "data": [[0.9999733290411819, 0.003998552446040223, -0.006111692452378915, -0.015059883090966824], [0.006070323319294989, 0.010277626046649613, 0.9999287582511288, 0.024191852094452983], [0.004061081271708694, -0.9999391891416104, 0.010253079426351897, 0.03684521857071927], [0.0, 0.0, 0.0, 1.0]]}, "Hobj2base": {"type": "ndarray", "data": [[0.9999679138397831, 0.001540814585238298, -0.007861118325403127, -0.7446143098919906], [0.0015189230904965132, -0.9999949543960651, -0.002789991945600793, 0.08922143767417397], [-0.007865377521596053, 0.002777961991330643, -0.999965208776594, 0.006695787721011004], [0.0, 0.0, 0.0, 1.0]]}, "mean_rme": {"type": "float", "data": 0.0016451497475078484}, "max_rme": {"type": "float", "data": 0.005102591989144423}, "simu": {"type": "float", "data": 0.002}}, {"type": "dict", "image_number": {"type": "int", "data": 6}, "Hcamera2end": {"type": "ndarray", "data": [[0.9999891386829056, 0.004449508039316159, -0.00138722544257703, -0.013992828113488027], [0.001401734443612509, -0.003259350833201058, 0.9999937058665398, 0.023751269413366704], [0.004444958579116626, -0.999984789139492, -0.0032655524610338826, 0.03625892011637951], [0.0, 0.0, 0.0, 1.0]]}, "Hobj2base": {"type": "ndarray", "data": [[0.9999678078591784, 0.007282740730293955, 0.003368223977792483, -0.7361758672509882], [0.007274964596070176, -0.9999708569603134, 0.002315193335661721, 0.0914531376465152], [0.003384986770311555, -0.0022906150944417554, -0.9999916474386439, 0.002779257796268836], [0.0, 0.0, 0.0, 1.0]]}, "mean_rme": {"type": "float", "data": 0.0016009030240998507}, "max_rme": {"type": "float", "data": 0.004734213249103281}, "simu": {"type": "float", "data": 0.002}}, {"type": "dict", "image_number": {"type": "int", "data": 7}, "Hcamera2end": {"type": "ndarray", "data": [[0.999987115185912, 0.0037691605980329527, 0.0034004250534135447, -0.01545961146030265], [-0.0033829641795848535, -0.004629298102948098, 0.9999835624411203, 0.024121460670869677], [0.003784840223482679, -0.9999821813549782, -0.0046164875200123134, 0.03428119037180661], [0.0, 0.0, 0.0, 1.0]]}, "Hobj2base": {"type": "ndarray", "data": [[0.9999648571851512, 0.00733164564819175, 0.004065878351544265, -0.7337060802330935], [0.007308254566428108, -0.9999568294870806, 0.005738342734406363, 0.09322464135112467], [0.004107774321026905, -0.005708426598860895, -0.9999752697221529, 0.0017921752390267895], [0.0, 0.0, 0.0, 1.0]]}, "mean_rme": {"type": "float", "data": 0.001645370239659679}, "max_rme": {"type": "float", "data": 0.0051660211394850275}, "simu": {"type": "float", "data": 0.002}}, {"type": "dict", "image_number": {"type": "int", "data": 8}, "Hcamera2end": {"type": "ndarray", "data": [[0.9999878005237939, 0.002756336586733726, 0.004098952574224414, -0.01587597966462205], [-0.004086394718912168, -0.0045462962930231665, 0.9999813161095646, 0.028802000082009276], [0.0027749201405364117, -0.9999858667994445, -0.004534977351318137, 0.034416724386390506], [0.0, 0.0, 0.0, 1.0]]}, "Hobj2base": {"type": "ndarray", "data": [[0.9999767293343306, 0.004693338017708, 0.004951097662788436, -0.7333568186408908], [0.004664161693738907, -0.9999717876652003, 0.005888078579446659, 0.09099825913652403], [0.0049785927238117185, -0.005864848839877864, -0.9999704081434486, -0.0020900648806492367], [0.0, 0.0, 0.0, 1.0]]}, "mean_rme": {"type": "float", "data": 0.0018683238225318626}, "max_rme": {"type": "float", "data": 0.006236385824720386}, "simu": {"type": "float", "data": 0.002}}, {"type": "dict", "image_number": {"type": "int", "data": 9}, "Hcamera2end": {"type": "ndarray", "data": [[0.9999935776336569, 0.0026597736893121007, 0.0024021439093084764, -0.015415928959731928], [-0.002387153811557206, -0.005624758546834974, 0.9999813316197308, 0.028489748521498874], [0.0026732355151300492, -0.9999806436602718, -0.005618373133674748, 0.033872431880434616], [0.0, 0.0, 0.0, 1.0]]}, "Hobj2base": {"type": "ndarray", "data": [[0.9999732583849584, 0.005384974973125813, 0.0049481874972576645, -0.7326502821178359], [0.005360719380777259, -0.9999736153508569, 0.004902171953005878, 0.09001830000638164], [0.004974455014347551, -0.004875515016394374, -0.9999757417810868, -0.0016345583456858646], [0.0, 0.0, 0.0, 1.0]]}, "mean_rme": {"type": "float", "data": 0.0020024365358172285}, "max_rme": {"type": "float", "data": 0.006228346117973155}, "simu": {"type": "float", "data": 0.002}}, {"type": "dict", "image_number": {"type": "int", "data": 10}, "Hcamera2end": {"type": "ndarray", "data": [[0.9999897286429157, 0.002695563473269696, 0.003643699525133577, -0.01590560334991277], [-0.003630121251777647, -0.005025125916214623, 0.9999807849800034, 0.028631157904681306], [0.0027138217268783027, -0.9999837408913647, -0.005015289079102203, 0.03354448228726599], [0.0, 0.0, 0.0, 1.0]]}, "Hobj2base": {"type": "ndarray", "data": [[0.9999768961733095, 0.005322375383950814, 0.004228408668338644, -0.7326757989444813], [0.005297400413652796, -0.9999685876058575, 0.005895875711451238, 0.09035113264728842], [0.004259655907652418, -0.005873339920331863, -0.9999736792584739, -0.0014303808686222496], [0.0, 0.0, 0.0, 1.0]]}, "mean_rme": {"type": "float", "data": 0.0019009807025107553}, "max_rme": {"type": "float", "data": 0.006168638501212992}, "simu": {"type": "float", "data": 0.002}}, {"type": "dict", "image_number": {"type": "int", "data": 11}, "Hcamera2end": {"type": "ndarray", "data": [[0.9999978078067822, 0.001325285985621416, 0.0016211103251202962, -0.015160318588657913], [-0.0016184229997114495, -0.002026296364338487, 0.9999966374093655, 0.02930566042893403], [0.0013285663791851555, -0.9999970688657543, -0.0020241470489850144, 0.03193169741004288], [0.0, 0.0, 0.0, 1.0]]}, "Hobj2base": {"type": "ndarray", "data": [[0.999991249066035, 0.0036884355280151935, 0.001974141511349736, -0.733232669794685], [0.003681800591128267, -0.9999875972019276, 0.003354070172602597, 0.08986923969636684], [0.0019864882980592876, -0.003346772425972544, -0.9999924264606059, -0.0015374388701048388], [0.0, 0.0, 0.0, 1.0]]}, "mean_rme": {"type": "float", "data": 0.0020297997085226478}, "max_rme": {"type": "float", "data": 0.006075027483022077}, "simu": {"type": "float", "data": 0.002}}, {"type": "dict", "image_number": {"type": "int", "data": 12}, "Hcamera2end": {"type": "ndarray", "data": [[0.9999925368487811, -0.0012989946226055061, -0.0036385243862801153, -0.014142784853391767], [0.0036403983352023476, 0.0014431769087882573, 0.9999923323407892, 0.02886154197647606], [-0.0012937336279810802, -0.9999981149249136, 0.0014478949960022858, 0.031152202457348784], [0.0, 0.0, 0.0, 1.0]]}, "Hobj2base": {"type": "ndarray", "data": [[0.9999993653992046, 0.0011255730548240988, 4.7817216961262195e-05, -0.7337045884077428], [0.001125643084030677, -0.9999982554512217, -0.001490644880847376, 0.08841425423327826], [4.6139303829601465e-05, 0.001490697760002519, -0.9999988878450581, -0.0007833565784212959], [0.0, 0.0, 0.0, 1.0]]}, "mean_rme": {"type": "float", "data": 0.0022401787053235927}, "max_rme": {"type": "float", "data": 0.006080941697481634}, "simu": {"type": "float", "data": 0.002}}, {"type": "dict", "image_number": {"type": "int", "data": 13}, "Hcamera2end": {"type": "ndarray", "data": [[0.9999991596415757, 6.644432552835918e-05, -0.0012947205466557537, -0.014615414065910153], [0.0012946141728802122, 0.001576767539354429, 0.9999979188869697, 0.028775690331237773], [6.848566058070956e-05, -0.9999987546938638, 0.0015766801945389375, 0.031300550075768346], [0.0, 0.0, 0.0, 1.0]]}, "Hobj2base": {"type": "ndarray", "data": [[0.9999978053836768, 0.002049478862568849, -0.00043458511475458287, -0.7336766022568955], [0.002049420467783829, -0.9999978908539271, -0.00013477181879662195, 0.08900484659493493], [-0.00043486041014498847, 0.00013388087539501628, -0.9999998964861618, -0.001003223073101454], [0.0, 0.0, 0.0, 1.0]]}, "mean_rme": {"type": "float", "data": 0.002250228258744848}, "max_rme": {"type": "float", "data": 0.0063805909829614815}, "simu": {"type": "float", "data": 0.002}}, {"type": "dict", "image_number": {"type": "int", "data": 14}, "Hcamera2end": {"type": "ndarray", "data": [[0.9999950375354564, 0.00035890687658562265, -0.0031298706547040547, -0.01426696952165409], [0.0031287091163016982, 0.003192460342680614, 0.9999900096382092, 0.028841404510855727], [0.00036889527891893867, -0.9999948396780926, 0.00319132158499269, 0.030379954650246184], [0.0, 0.0, 0.0, 1.0]]}, "Hobj2base": {"type": "ndarray", "data": [[0.9999975658033817, 0.0018459118129847782, -0.001208717042981544, -0.7332488519340997], [0.0018442680877837328, -0.9999973750809519, -0.0013595978915419923, 0.08856353256881237], [-0.0012112235680060608, 0.0013573653837438714, -0.9999983452469725, -0.0009174158946249701], [0.0, 0.0, 0.0, 1.0]]}, "mean_rme": {"type": "float", "data": 0.0023479275187545615}, "max_rme": {"type": "float", "data": 0.0066862239955602365}, "simu": {"type": "float", "data": 0.002}}, {"type": "dict", "image_number": {"type": "int", "data": 15}, "Hcamera2end": {"type": "ndarray", "data": [[0.9999970286098944, 0.0014019710241838321, -0.001994304046395253, -0.014618121543060154], [0.0019904092821716353, 0.0027739909373601934, 0.9999941716055991, 0.028702584128769013], [0.0014074950342948059, -0.9999951697140974, 0.0027711921986111054, 0.030659929385434187], [0.0, 0.0, 0.0, 1.0]]}, "Hobj2base": {"type": "ndarray", "data": [[0.9999946849643592, 0.00309630234307703, -0.0010212516008556364, -0.7331635810542138], [0.003095432337401143, -0.9999948458562158, -0.0008523846825605339, 0.08858025712302456], [-0.0010238855778678612, 0.0008492189368756552, -0.9999991152423686, -0.0009908255264279334], [0.0, 0.0, 0.0, 1.0]]}, "mean_rme": {"type": "float", "data": 0.002308426537852075}, "max_rme": {"type": "float", "data": 0.007060448700946104}, "simu": {"type": "float", "data": 0.002}}, {"type": "dict", "image_number": {"type": "int", "data": 16}, "Hcamera2end": {"type": "ndarray", "data": [[0.999995269388522, 0.0014683300073927595, -0.0027028147488630406, -0.014233578449409917], [0.0027000829880261977, 0.001859261776169352, 0.9999946263343146, 0.028734772260721665], [0.0014733473572288115, -0.9999971935723805, 0.0018552883678504273, 0.031251337266108986], [0.0, 0.0, 0.0, 1.0]]}, "Hobj2base": {"type": "ndarray", "data": [[0.9999942422233569, 0.003347787287705838, -0.0005548336782625064, -0.7332026419093719], [0.0033471374472924436, -0.9999937161411361, -0.0011680535731301872, 0.08853796704642368], [-0.0005587405866694638, 0.0011661897431570745, -0.9999991639048702, -0.0009181418436966168], [0.0, 0.0, 0.0, 1.0]]}, "mean_rme": {"type": "float", "data": 0.002271729917415685}, "max_rme": {"type": "float", "data": 0.007207012631719412}, "simu": {"type": "float", "data": 0.002}}, {"type": "dict", "image_number": {"type": "int", "data": 17}, "Hcamera2end": {"type": "ndarray", "data": [[0.9999923761176639, 0.0014985995386857605, -0.0036058155764285785, -0.01366752557325712], [0.0036023005063065237, 0.002341687416210214, 0.9999907699229563, 0.028706596381600478], [0.0015070293994570575, -0.9999961353422658, 0.0023362711575839468, 0.030982785447215867], [0.0, 0.0, 0.0, 1.0]]}, "Hobj2base": {"type": "ndarray", "data": [[0.9999944342884398, 0.003199330821287984, -0.0009464007814857272, -0.7332533006309505], [0.003197135782236799, -0.9999922168162514, -0.0023118455203276953, 0.08856583541936848], [-0.0009537897741017856, 0.0023088068814595326, -0.9999968798430581, -0.0007738923966136585], [0.0, 0.0, 0.0, 1.0]]}, "mean_rme": {"type": "float", "data": 0.0022211966944634576}, "max_rme": {"type": "float", "data": 0.007113163583258003}, "simu": {"type": "float", "data": 0.002}}, {"type": "dict", "image_number": {"type": "int", "data": 18}, "Hcamera2end": {"type": "ndarray", "data": [[0.9999923707451651, 0.0010930231117251604, -0.0037501669218024886, -0.013629241380809181], [0.003749479796075229, 0.0006300196635475874, 0.9999927722121208, 0.028699442781019983], [0.001095377890488283, -0.9999992041875337, 0.0006259165888929941, 0.0314401263354034], [0.0, 0.0, 0.0, 1.0]]}, "Hobj2base": {"type": "ndarray", "data": [[0.9999937343614648, 0.003505126207131509, 0.0004953060512295919, -0.7328132587362016], [0.0035064439286119787, -0.9999902475585645, -0.0026850770448439134, 0.088450595591161], [0.00048588968686828494, 0.00268679698401785, -0.9999962725096425, -0.0007705703304722095], [0.0, 0.0, 0.0, 1.0]]}, "mean_rme": {"type": "float", "data": 0.0022043810349189927}, "max_rme": {"type": "float", "data": 0.007144226559348932}, "simu": {"type": "float", "data": 0.002}}, {"type": "dict", "image_number": {"type": "int", "data": 19}, "Hcamera2end": {"type": "ndarray", "data": [[0.9999941412518261, 0.0015739496406565702, -0.003039760607604812, -0.014122773242084618], [0.00303780666848087, 0.0012423302177406725, 0.9999946141586339, 0.02873533838054269], [0.0015777175500710124, -0.9999979896470587, 0.0012375415845264914, 0.031062843865046225], [0.0, 0.0, 0.0, 1.0]]}, "Hobj2base": {"type": "ndarray", "data": [[0.9999934775976349, 0.0036099283028983254, -0.00011480346819893012, -0.7328976973900007], [0.0036096975908616958, -0.9999915836420075, -0.0019500585768042905, 0.08841075288576179], [-0.00012184207362055838, 0.0019496314519350368, -0.9999980920440354, -0.00044698167414071525], [0.0, 0.0, 0.0, 1.0]]}, "mean_rme": {"type": "float", "data": 0.0021726997621904927}, "max_rme": {"type": "float", "data": 0.007058720578315386}, "simu": {"type": "float", "data": 0.002}}, {"type": "dict", "image_number": {"type": "int", "data": 20}, "Hcamera2end": {"type": "ndarray", "data": [[0.9999940961513415, 0.0019485739089617588, -0.0028303219221476167, -0.014269203682900387], [0.0028305726919201466, -0.00012594823336709027, 0.999995985989583, 0.02892775601427132], [0.0019482096133198357, -0.9999980935965648, -0.00013146306988276457, 0.03139135005431104], [0.0, 0.0, 0.0, 1.0]]}, "Hobj2base": {"type": "ndarray", "data": [[0.9999904773353618, 0.004255712421977154, 0.0009665145506230448, -0.7325313139707658], [0.0042570714456807825, -0.99998994678248, -0.001408430573255139, 0.08837710268822728], [0.0009605109585559367, 0.0014125316827384162, -0.999998541085408, -0.000679467588158797], [0.0, 0.0, 0.0, 1.0]]}, "mean_rme": {"type": "float", "data": 0.0021506677468695963}, "max_rme": {"type": "float", "data": 0.007205216601731346}, "simu": {"type": "float", "data": 0.002}}, {"type": "dict", "image_number": {"type": "int", "data": 21}, "Hcamera2end": {"type": "ndarray", "data": [[0.9999949925513939, 0.0017590190352740518, -0.0026307269282977454, -0.014416912743607924], [0.0026311318613406326, -0.00022792943064953164, 0.9999965125905704, 0.02901787067720558], [0.00175841328076352, -0.9999984269488668, -0.00023255650033315867, 0.03147639218963203], [0.0, 0.0, 0.0, 1.0]]}, "Hobj2base": {"type": "ndarray", "data": [[0.9999902094566339, 0.004205925167613739, 0.0013752033893158556, -0.7324967588541351], [0.0042076566405983016, -0.9999903557202754, -0.0012586071791391353, 0.0884087022195659], [0.0013698965188588105, 0.001264381240364195, -0.9999982623602934, -0.0008237181033548245], [0.0, 0.0, 0.0, 1.0]]}, "mean_rme": {"type": "float", "data": 0.002098489989650163}, "max_rme": {"type": "float", "data": 0.007241097569472832}, "simu": {"type": "float", "data": 0.002}}, {"type": "dict", "image_number": {"type": "int", "data": 22}, "Hcamera2end": {"type": "ndarray", "data": [[0.9999952381253273, 0.0017814234555279475, -0.002519971655022897, -0.014413283508223977], [0.0025202832855443103, -0.00017271023186204992, 0.9999968091665775, 0.02908401635706016], [0.0017809825464136211, -0.9999983983495414, -0.00017719910119695648, 0.031209889546034333], [0.0, 0.0, 0.0, 1.0]]}, "Hobj2base": {"type": "ndarray", "data": [[0.9999899772343703, 0.0043249386976457515, 0.0011577288391741302, -0.7323176503925733], [0.0043261488446645095, -0.9999900963432709, -0.001044821300217447, 0.08847896446369595], [0.0011531985853516866, 0.0010498193354984582, -0.9999987840054532, -0.000920643764279868], [0.0, 0.0, 0.0, 1.0]]}, "mean_rme": {"type": "float", "data": 0.0020464903242461458}, "max_rme": {"type": "float", "data": 0.007406619512455442}, "simu": {"type": "float", "data": 0.002}}, {"type": "dict", "image_number": {"type": "int", "data": 23}, "Hcamera2end": {"type": "ndarray", "data": [[0.9999949372460091, 0.0016132954766298413, -0.0027427650383114966, -0.014455421144031052], [0.0027437791690954425, -0.0006267311979415435, 0.9999960394340952, 0.029103114530622635], [0.0016115701106486485, -0.9999985022417335, -0.0006311545514781081, 0.031416718835246445], [0.0, 0.0, 0.0, 1.0]]}, "Hobj2base": {"type": "ndarray", "data": [[0.9999904066271972, 0.004149822806136135, 0.0014020072220089163, -0.7323788146071039], [0.004151669512429086, -0.9999905147218027, -0.0013168548452297663, 0.08835099332225547], [0.0013965292093112759, 0.0013226628827901286, -0.9999981501328217, -0.00098045424227583], [0.0, 0.0, 0.0, 1.0]]}, "mean_rme": {"type": "float", "data": 0.0020064965513554105}, "max_rme": {"type": "float", "data": 0.007390346996654057}, "simu": {"type": "float", "data": 0.002}}, {"type": "dict", "image_number": {"type": "int", "data": 24}, "Hcamera2end": {"type": "ndarray", "data": [[0.9999931479211481, 0.0015857284361769021, -0.0033450823725948604, -0.014001168534126269], [0.0033452918600733786, -0.00012947408361863033, 0.9999943961137145, 0.029033066640953342], [0.0015852864484602455, -0.9999987343500933, -0.00013477792088179008, 0.031224703179618334], [0.0, 0.0, 0.0, 1.0]]}, "Hobj2base": {"type": "ndarray", "data": [[0.9999912655491096, 0.004081920319918533, 0.0008981937386758644, -0.7325363295377771], [0.004083669336426991, -0.9999897524793107, -0.0019541190130131, 0.08841935676949042], [0.0008902079763101873, 0.0019577698710853478, -0.9999976873307708, -0.0008762670449370726], [0.0, 0.0, 0.0, 1.0]]}, "mean_rme": {"type": "float", "data": 0.00198609440220204}, "max_rme": {"type": "float", "data": 0.007172811955898445}, "simu": {"type": "float", "data": 0.002}}, {"type": "dict", "image_number": {"type": "int", "data": 25}, "Hcamera2end": {"type": "ndarray", "data": [[0.9999905718673424, 0.0012931282016153784, -0.0041453583535890045, -0.013701167939360258], [0.004146119339655516, -0.0005863600180535666, 0.9999912328997443, 0.02903253865981232], [0.0012906861922317434, -0.9999989920001838, -0.0005917159536188432, 0.031428244688493485], [0.0, 0.0, 0.0, 1.0]]}, "Hobj2base": {"type": "ndarray", "data": [[0.999991497631292, 0.003992497239163635, 0.0010318095371119797, -0.7325519394200115], [0.00399527099296815, -0.9999883730010222, -0.0027003096972351716, 0.08835328369167954], [0.0010210165612524482, 0.002704409096920392, -0.9999958218395804, -0.0008539277276299373], [0.0, 0.0, 0.0, 1.0]]}, "mean_rme": {"type": "float", "data": 0.0019732378235968635}, "max_rme": {"type": "float", "data": 0.007106780723688949}, "simu": {"type": "float", "data": 0.002}}, {"type": "dict", "image_number": {"type": "int", "data": 26}, "Hcamera2end": {"type": "ndarray", "data": [[0.9999919696707652, 0.0012263458173754121, -0.0038153204216265025, -0.01392044281620533], [0.0038161224489620714, -0.0006523244333163092, 0.9999925058130628, 0.029207726762813056], [0.00122384780017865, -0.9999990352739196, -0.0006569990807401282, 0.03162994181589275], [0.0, 0.0, 0.0, 1.0]]}, "Hobj2base": {"type": "ndarray", "data": [[0.9999923147521748, 0.0036887233454138174, 0.0013280650090833161, -0.7326845029965666], [0.003691957045542592, -0.9999902060871453, -0.0024407341031795994, 0.08844050264870924], [0.0013190488092640056, 0.002445618504500365, -0.999996139522733, -0.0010019327082817797], [0.0, 0.0, 0.0, 1.0]]}, "mean_rme": {"type": "float", "data": 0.0019529296104374364}, "max_rme": {"type": "float", "data": 0.007199698719600439}, "simu": {"type": "float", "data": 0.002}}, {"type": "dict", "image_number": {"type": "int", "data": 27}, "Hcamera2end": {"type": "ndarray", "data": [[0.999992006139494, 0.0013685493983433496, -0.003756957499688716, -0.014064187520628994], [0.0037580061580342, -0.0007644914873667918, 0.9999926464442037, 0.0291824937446216], [0.001365667172612078, -0.9999987713119003, -0.0007696283931950543, 0.03169797904845124], [0.0, 0.0, 0.0, 1.0]]}, "Hobj2base": {"type": "ndarray", "data": [[0.9999925215325156, 0.0036039404659706873, 0.0014030296358313247, -0.7326727316858552], [0.003607318928389428, -0.9999905824424025, -0.0024129394218667887, 0.08841448723040504], [0.0013943203326945166, 0.0024179825521402063, -0.9999961046080068, -0.0008495491516781544], [0.0, 0.0, 0.0, 1.0]]}, "mean_rme": {"type": "float", "data": 0.0019348411008546134}, "max_rme": {"type": "float", "data": 0.00726749444031502}, "simu": {"type": "float", "data": 0.002}}, {"type": "dict", "image_number": {"type": "int", "data": 28}, "Hcamera2end": {"type": "ndarray", "data": [[0.9999912597943079, 0.0011639696747326354, -0.004015658051829003, -0.014120274636913064], [0.004015741810596154, -6.963140191373896e-05, 0.9999919344520626, 0.02932532966301834], [0.0011636806707796712, -0.9999993201628009, -7.430499501004384e-05, 0.031442258128074135], [0.0, 0.0, 0.0, 1.0]]}, "Hobj2base": {"type": "ndarray", "data": [[0.9999948806139984, 0.0031171486045831207, 0.0007225858923976959, -0.7328336958646178], [0.003119075381848352, -0.9999915420597596, -0.0026808912149869257, 0.08836466641462103], [0.0007142230444995637, 0.0026831312903382166, -0.9999961453385318, -0.0007337412518303701], [0.0, 0.0, 0.0, 1.0]]}, "mean_rme": {"type": "float", "data": 0.0019466453192762295}, "max_rme": {"type": "float", "data": 0.0071013595448074784}, "simu": {"type": "float", "data": 0.002}}, {"type": "dict", "image_number": {"type": "int", "data": 29}, "Hcamera2end": {"type": "ndarray", "data": [[0.9999906437215893, 0.0007584608872490701, -0.00425877991494815, -0.013875512636375402], [0.004258448277499936, 0.0004383300520343081, 0.9999908367005337, 0.02897982585293338], [0.0007603206884665493, -0.9999996163018505, 0.0004350960844374807, 0.03151152207102767], [0.0, 0.0, 0.0, 1.0]]}, "Hobj2base": {"type": "ndarray", "data": [[0.9999965477127681, 0.0025996957590824843, 0.00038228851091607626, -0.733108879421784], [0.002600840757208128, -0.9999920401772628, -0.003025757669116898, 0.08842051103765101], [0.00037441941858688024, 0.0030267414948725335, -0.9999953493121971, -0.000411037176333068], [0.0, 0.0, 0.0, 1.0]]}, "mean_rme": {"type": "float", "data": 0.002001024128270618}, "max_rme": {"type": "float", "data": 0.007183545419853693}, "simu": {"type": "float", "data": 0.002}}, {"type": "dict", "image_number": {"type": "int", "data": 30}, "Hcamera2end": {"type": "ndarray", "data": [[0.9999883636823054, 0.000647055173039771, -0.004780566868944786, -0.01363219096236517], [0.004780061175685068, 0.0007808334658725435, 0.999988270588338, 0.029188113182374038], [0.0006507804100603907, -0.9999994858092184, 0.0007777314165350324, 0.03137144499787458], [0.0, 0.0, 0.0, 1.0]]}, "Hobj2base": {"type": "ndarray", "data": [[0.9999972564983151, 0.002322988325850708, 0.00030119940426033976, -0.7330780299410423], [0.002323991359749711, -0.9999916086309866, -0.003373682227369945, 0.08850445723559132], [0.0002933598523556817, 0.0033743729564801326, -0.9999942637571215, -0.0005392324024759198], [0.0, 0.0, 0.0, 1.0]]}, "mean_rme": {"type": "float", "data": 0.0020123281100133364}, "max_rme": {"type": "float", "data": 0.007321661418994901}, "simu": {"type": "float", "data": 0.002}}]}