{"type": "list", "data": [{"type": "dict", "image_number": {"type": "int", "data": 5}, "Hcamera2end": {"type": "ndarray", "data": [[0.9997753348269325, 0.007497924595879951, -0.019825766024280787, -0.016053287957600096], [0.019902463577215722, -0.010296763635356143, 0.9997489027761899, 0.025761638466260443], [0.007291900661187696, -0.9999188756021122, -0.010443677482346203, 0.03335546317486459], [0.0, 0.0, 0.0, 1.0]]}, "Hobj2base": {"type": "ndarray", "data": [[0.999900431635681, 0.011315002659586142, 0.008431935103662806, -0.7304279895794765], [0.011473106170611912, -0.9997547117475714, -0.018944238525971574, 0.07837619293969775], [0.00821551273973143, 0.01903909276579631, -0.9997849860330368, 0.0009445941099720301], [0.0, 0.0, 0.0, 1.0]]}, "mean_rme": {"type": "float", "data": 0.0015299361810790792}, "max_rme": {"type": "float", "data": 0.0043841090156612195}, "simu": {"type": "float", "data": 0.002}}, {"type": "dict", "image_number": {"type": "int", "data": 6}, "Hcamera2end": {"type": "ndarray", "data": [[0.9999660000741971, 0.007148500455474052, -0.004110673527399296, -0.014879583923196809], [0.004103016518296911, 0.0010854707889812465, 0.9999909934637499, 0.0254291019618851], [0.007152898088282595, -0.9999738600055528, 0.0010561034676050962, 0.03498502101957038], [0.0, 0.0, 0.0, 1.0]]}, "Hobj2base": {"type": "ndarray", "data": [[0.999947143650903, 0.009955003812400713, -0.002570564820343334, -0.7376028695703614], [0.009945809160443315, -0.9999441833919329, -0.003565246244639201, 0.08734882823045416], [-0.0026059133800917763, 0.0035394914516013935, -0.9999903405612076, 0.002981732729113007], [0.0, 0.0, 0.0, 1.0]]}, "mean_rme": {"type": "float", "data": 0.0014370946402902048}, "max_rme": {"type": "float", "data": 0.004372445512445866}, "simu": {"type": "float", "data": 0.002}}, {"type": "dict", "image_number": {"type": "int", "data": 7}, "Hcamera2end": {"type": "ndarray", "data": [[0.9999662365368583, 0.0064451701013497195, -0.005097604209491194, -0.015357789074793338], [0.005088718852838298, 0.001394255336669592, 0.999986080399369, 0.025261411497477106], [0.006452187749029222, -0.9999782576808462, 0.001361410603176405, 0.03602399239037743], [0.0, 0.0, 0.0, 1.0]]}, "Hobj2base": {"type": "ndarray", "data": [[0.9999527788989858, 0.009206448493841777, -0.0031114752652399336, -0.7389808114434256], [0.009193118529732093, -0.9999486186064992, -0.004271617802682735, 0.08694677304149967], [-0.003150641822590739, 0.0042428119312713005, -0.9999860359040127, 0.003166813702381207], [0.0, 0.0, 0.0, 1.0]]}, "mean_rme": {"type": "float", "data": 0.0013858229768265431}, "max_rme": {"type": "float", "data": 0.0043535772899432335}, "simu": {"type": "float", "data": 0.002}}, {"type": "dict", "image_number": {"type": "int", "data": 8}, "Hcamera2end": {"type": "ndarray", "data": [[0.9999844683243199, 0.004825674500920204, -0.002788543659048186, -0.016240945335433], [0.0027715795362565215, 0.0035185130320934954, 0.9999899691561497, 0.02693199293886698], [0.0048354376225377355, -0.9999821663068068, 0.003505083642994844, 0.035147820039855976], [0.0, 0.0, 0.0, 1.0]]}, "Hobj2base": {"type": "ndarray", "data": [[0.9999661060144325, 0.0074013408881344845, -0.0036065184583489135, -0.7385253255461762], [0.007391826147358589, -0.9999691834659699, -0.002644432757366926, 0.08706004327606875], [-0.0036259796662431345, 0.0026176843695598583, -0.9999899999499997, 0.0018204494641259755], [0.0, 0.0, 0.0, 1.0]]}, "mean_rme": {"type": "float", "data": 0.0016267119196258118}, "max_rme": {"type": "float", "data": 0.004566528225432576}, "simu": {"type": "float", "data": 0.002}}, {"type": "dict", "image_number": {"type": "int", "data": 9}, "Hcamera2end": {"type": "ndarray", "data": [[0.9999955359540497, 0.002055431472132875, -0.002168703169275471, -0.015396239782203823], [0.002153954859212844, 0.007150542706055196, 0.9999721147199422, 0.027174942076702065], [0.0020708815604792963, -0.9999723220872027, 0.007146083479096843, 0.032419117244277935], [0.0, 0.0, 0.0, 1.0]]}, "Hobj2base": {"type": "ndarray", "data": [[0.9999622111699086, 0.004111229019232429, -0.0076598973973943975, -0.7382833990809069], [0.004101606155071812, -0.9999907799494785, -0.001271551407824803, 0.08904535040232196], [-0.007665054411800697, 0.0012400854750723286, -0.9999698541100521, 0.002751113594347253], [0.0, 0.0, 0.0, 1.0]]}, "mean_rme": {"type": "float", "data": 0.0020329161352613256}, "max_rme": {"type": "float", "data": 0.006383019165872833}, "simu": {"type": "float", "data": 0.002}}, {"type": "dict", "image_number": {"type": "int", "data": 10}, "Hcamera2end": {"type": "ndarray", "data": [[0.9999912650676643, 0.0024007029707866197, -0.0034214636660832437, -0.014211494187107116], [0.003407241269563358, 0.005903552044265514, 0.9999767691202589, 0.027254072146798623], [0.002420845989164897, -0.9999796921430487, 0.005895320702899887, 0.03274605680391193], [0.0, 0.0, 0.0, 1.0]]}, "Hobj2base": {"type": "ndarray", "data": [[0.9999737112366145, 0.003907846629719565, -0.006107828615026031, -0.7376307778815917], [0.0038906281557457593, -0.9999884314405221, -0.0028284267142249485, 0.08934836781385933], [-0.006118811014050011, 0.002804589068404215, -0.9999773469593858, 0.002453522282958809], [0.0, 0.0, 0.0, 1.0]]}, "mean_rme": {"type": "float", "data": 0.0020298790009440505}, "max_rme": {"type": "float", "data": 0.006493758071986766}, "simu": {"type": "float", "data": 0.002}}, {"type": "dict", "image_number": {"type": "int", "data": 11}, "Hcamera2end": {"type": "ndarray", "data": [[0.9999908502792377, 0.0032108758074979584, -0.002826594126515671, -0.014185734167379976], [0.002818035050699938, 0.0026670553438099542, 0.999992472718793, 0.02727203163114847], [0.0032183903213027403, -0.9999912885082258, 0.0026579825804292634, 0.033966487046105005], [0.0, 0.0, 0.0, 1.0]]}, "Hobj2base": {"type": "ndarray", "data": [[0.9999838376239544, 0.004163552247461214, -0.0038716047772927795, -0.7378391970851886], [0.004154301803359144, -0.9999885045217229, -0.002394285057187115, 0.08958642845866925], [-0.0038815290022750784, 0.002378162545143459, -0.9999896389840814, 0.002237006409607813], [0.0, 0.0, 0.0, 1.0]]}, "mean_rme": {"type": "float", "data": 0.0020863851913543526}, "max_rme": {"type": "float", "data": 0.0061245965098673805}, "simu": {"type": "float", "data": 0.002}}, {"type": "dict", "image_number": {"type": "int", "data": 12}, "Hcamera2end": {"type": "ndarray", "data": [[0.999987178180948, 0.0006147200831128122, -0.0050264891250720554, -0.01403690485390789], [0.005024145070709534, 0.003757086397526921, 0.9999803209404224, 0.02718329878006996], [0.0006335929399187991, -0.9999927531842524, 0.0037539497819696344, 0.033466987582815924], [0.0, 0.0, 0.0, 1.0]]}, "Hobj2base": {"type": "ndarray", "data": [[0.9999902854818281, 0.0015682120769964813, -0.004119423849693948, -0.7371282948231085], [0.0015508928954943836, -0.9999899600530209, -0.004204108036733152, 0.08913909511804192], [-0.0041259754238931155, 0.004197678410667213, -0.999982677761351, 0.002126800267267512], [0.0, 0.0, 0.0, 1.0]]}, "mean_rme": {"type": "float", "data": 0.002179026470734974}, "max_rme": {"type": "float", "data": 0.0067347613454595}, "simu": {"type": "float", "data": 0.002}}, {"type": "dict", "image_number": {"type": "int", "data": 13}, "Hcamera2end": {"type": "ndarray", "data": [[0.99997551136469, 0.0018726135733119274, -0.006743143875952323, -0.01332697545415545], [0.0067356892964839325, 0.003959018700817718, 0.9999694778645136, 0.02730782629668063], [0.0018992526498539282, -0.9999904096986789, 0.003946308406650334, 0.03361955235046137], [0.0, 0.0, 0.0, 1.0]]}, "Hobj2base": {"type": "ndarray", "data": [[0.9999892440645995, 0.0020534351785586645, -0.004158744892178584, -0.7372515371052983], [0.0020313375125822356, -0.9999838343316871, -0.0053108137989012665, 0.08898632179772714], [-0.004169583075169499, 0.005302308861626379, -0.9999772497900714, 0.002142321236340783], [0.0, 0.0, 0.0, 1.0]]}, "mean_rme": {"type": "float", "data": 0.002120757516686769}, "max_rme": {"type": "float", "data": 0.006819437983504456}, "simu": {"type": "float", "data": 0.002}}, {"type": "dict", "image_number": {"type": "int", "data": 14}, "Hcamera2end": {"type": "ndarray", "data": [[0.9999753244245837, 0.001830798705698712, -0.00678223547570329, -0.013368685621150067], [0.0067754226852181675, 0.0037021129727597968, 0.9999701935592749, 0.02735739840367151], [0.0018558527380445246, -0.9999914712314482, 0.003689617185909322, 0.03331919293489094], [0.0, 0.0, 0.0, 1.0]]}, "Hobj2base": {"type": "ndarray", "data": [[0.9999907980086188, 0.0022627420833622853, -0.0036447079924037903, -0.7368693373851353], [0.0022415283576572875, -0.9999805861430446, -0.005814025080378537, 0.08878831531467375], [-0.0036577928737872773, 0.005805801863449503, -0.9999764563308555, 0.0020112310462552796], [0.0, 0.0, 0.0, 1.0]]}, "mean_rme": {"type": "float", "data": 0.002030842403797672}, "max_rme": {"type": "float", "data": 0.006923983541679141}, "simu": {"type": "float", "data": 0.002}}, {"type": "dict", "image_number": {"type": "int", "data": 15}, "Hcamera2end": {"type": "ndarray", "data": [[0.999982856602392, 0.0024911574938191895, -0.005299116498157645, -0.013761681443930992], [0.0052855839985306635, 0.005407769280151964, 0.9999714089078783, 0.027523966510782153], [0.002519742668316477, -0.9999822749257877, 0.005394509350425847, 0.03272973515317434], [0.0, 0.0, 0.0, 1.0]]}, "Hobj2base": {"type": "ndarray", "data": [[0.9999804687235341, 0.002708275220783761, -0.005632709542437387, -0.7372755568242806], [0.002684531166181303, -0.999987497916057, -0.004218685103441708, 0.08900772662254434], [-0.0056440644821598015, 0.004203481522819911, -0.9999752373330095, 0.0025252755747510996], [0.0, 0.0, 0.0, 1.0]]}, "mean_rme": {"type": "float", "data": 0.0020206979961599997}, "max_rme": {"type": "float", "data": 0.006846125519924362}, "simu": {"type": "float", "data": 0.002}}, {"type": "dict", "image_number": {"type": "int", "data": 16}, "Hcamera2end": {"type": "ndarray", "data": [[0.9999855005812165, 0.001961002907194446, -0.005015286126626397, -0.013585946661363407], [0.005003027314771747, 0.006207013385629123, 0.9999682208463019, 0.02751292448470167], [0.0019920705363023865, -0.9999788135017804, 0.006197112436433616, 0.03202451046354176], [0.0, 0.0, 0.0, 1.0]]}, "Hobj2base": {"type": "ndarray", "data": [[0.999978332432078, 0.0023206292643793928, -0.006160304065367913, -0.7370690873279246], [0.0023005298470481503, -0.9999920144425949, -0.003267814784163847, 0.08948393390216504], [-0.006167838258524868, 0.003253572015195784, -0.9999756857245872, 0.002692230799434113], [0.0, 0.0, 0.0, 1.0]]}, "mean_rme": {"type": "float", "data": 0.002002999529297453}, "max_rme": {"type": "float", "data": 0.0069039673526976875}, "simu": {"type": "float", "data": 0.002}}, {"type": "dict", "image_number": {"type": "int", "data": 17}, "Hcamera2end": {"type": "ndarray", "data": [[0.999987930391964, 0.00116885880224861, -0.004772089636312941, -0.014209253007162375], [0.004765723384231885, 0.005390092253558576, 0.9999741170580984, 0.027471691074899204], [0.0011945505521261182, -0.9999847902216307, 0.0053844567395310294, 0.03202962564485916], [0.0, 0.0, 0.0, 1.0]]}, "Hobj2base": {"type": "ndarray", "data": [[0.9999842333818802, 0.001521588404995101, -0.005405345167429015, -0.7368616126753635], [0.0015017539863011588, -0.9999921321088434, -0.003671573964080157, 0.08902894983933207], [-0.005410889263133402, 0.0036633985771230464, -0.9999786506662263, 0.002444096099871082], [0.0, 0.0, 0.0, 1.0]]}, "mean_rme": {"type": "float", "data": 0.0020593086976204737}, "max_rme": {"type": "float", "data": 0.006554328517417829}, "simu": {"type": "float", "data": 0.002}}, {"type": "dict", "image_number": {"type": "int", "data": 18}, "Hcamera2end": {"type": "ndarray", "data": [[0.9999932719242877, 8.480953933650529e-05, -0.0036672760326517066, -0.014493818905298475], [0.003666825197720043, 0.004814816621687701, 0.9999816857992294, 0.027490899862212658], [0.00010246524771590328, -0.9999884051068999, 0.004814473245481121, 0.03183644682536921], [0.0, 0.0, 0.0, 1.0]]}, "Hobj2base": {"type": "ndarray", "data": [[0.9999883198141398, 0.000719187121993125, -0.004779435654674099, -0.7362809795917408], [0.0007040152219119936, -0.9999947107845639, -0.003175337062923516, 0.08906303490360673], [-0.004781694036732902, 0.0031719351789434133, -0.9999835369791641, 0.0023157062393028066], [0.0, 0.0, 0.0, 1.0]]}, "mean_rme": {"type": "float", "data": 0.0021267758628159108}, "max_rme": {"type": "float", "data": 0.006610515606767425}, "simu": {"type": "float", "data": 0.002}}, {"type": "dict", "image_number": {"type": "int", "data": 19}, "Hcamera2end": {"type": "ndarray", "data": [[0.9999905257978707, 0.0002924740039826545, -0.004343129454106985, -0.013843060965911105], [0.004341578699468309, 0.0051090713085877315, 0.99997752378979, 0.026057110390340636], [0.0003146567883589198, -0.9999869058389318, 0.005107753105307644, 0.031691329110375255], [0.0, 0.0, 0.0, 1.0]]}, "Hobj2base": {"type": "ndarray", "data": [[0.9999880475592329, 0.00085145922061193, -0.004814535893420935, -0.7362877296877297], [0.0008317792669006058, -0.999991297598773, -0.004088137714555866, 0.08907599137244937], [-0.00481797487795006, 0.004084084220196089, -0.9999800534881471, 0.0038562703245909953], [0.0, 0.0, 0.0, 1.0]]}, "mean_rme": {"type": "float", "data": 0.002172924501558292}, "max_rme": {"type": "float", "data": 0.0066235042057171956}, "simu": {"type": "float", "data": 0.002}}, {"type": "dict", "image_number": {"type": "int", "data": 20}, "Hcamera2end": {"type": "ndarray", "data": [[0.9999898996271936, 0.00031995590828934805, -0.004483109614091239, -0.013697483825746171], [0.004481586774163136, 0.004611319354606902, 0.9999793253431769, 0.02595351382080328], [0.000340622343443028, -0.9999893166239459, 0.004609838868395388, 0.031700944989122536], [0.0, 0.0, 0.0, 1.0]]}, "Hobj2base": {"type": "ndarray", "data": [[0.9999894982434999, 0.0007759548298379996, -0.004516779473852837, -0.7361557926531068], [0.0007582271140797312, -0.9999920087296872, -0.003925247560265074, 0.0892996191869913], [-0.0045197891938498136, 0.0039217815936056, -0.9999820954071006, 0.0038455609424858208], [0.0, 0.0, 0.0, 1.0]]}, "mean_rme": {"type": "float", "data": 0.002166709203933946}, "max_rme": {"type": "float", "data": 0.006546232970912419}, "simu": {"type": "float", "data": 0.002}}, {"type": "dict", "image_number": {"type": "int", "data": 21}, "Hcamera2end": {"type": "ndarray", "data": [[0.9999924169074392, 0.0008366095367671874, -0.003803447396920184, -0.014116666137264427], [0.0038001213032532854, 0.0039419775681779345, 0.9999850098331138, 0.026066700390134506], [0.0008515901001710173, -0.9999918804157037, 0.003938768458073949, 0.03188158181695106], [0.0, 0.0, 0.0, 1.0]]}, "Hobj2base": {"type": "ndarray", "data": [[0.9999906605422844, 0.001497837637830341, -0.004054048669729553, -0.7361476437711235], [0.0014837163282741225, -0.999992830034677, -0.003484030007747233, 0.08901614840271767], [-0.004059238113618107, 0.0034779824105894, -0.9999857130100851, 0.0038557857854545482], [0.0, 0.0, 0.0, 1.0]]}, "mean_rme": {"type": "float", "data": 0.002166972291738149}, "max_rme": {"type": "float", "data": 0.006743028388308869}, "simu": {"type": "float", "data": 0.002}}, {"type": "dict", "image_number": {"type": "int", "data": 22}, "Hcamera2end": {"type": "ndarray", "data": [[0.9999905601803396, 0.0011030320882442694, -0.0042027217874833, -0.014159536170088699], [0.004198548140297369, 0.0037592214730007845, 0.9999841200976296, 0.027052673465314644], [0.0011188135341909516, -0.9999923257576175, 0.0037545548533052253, 0.031923030547433694], [0.0, 0.0, 0.0, 1.0]]}, "Hobj2base": {"type": "ndarray", "data": [[0.9999908399224278, 0.0014489730313873696, -0.004027474195046046, -0.7361848952119275], [0.0014344419631194566, -0.9999924603958563, -0.003608535394807321, 0.08890090875721901], [-0.0040326724999548, 0.0036027251623524277, -0.9999853788550672, 0.002707576582881389], [0.0, 0.0, 0.0, 1.0]]}, "mean_rme": {"type": "float", "data": 0.0021990800459378485}, "max_rme": {"type": "float", "data": 0.006708941187809625}, "simu": {"type": "float", "data": 0.002}}, {"type": "dict", "image_number": {"type": "int", "data": 23}, "Hcamera2end": {"type": "ndarray", "data": [[0.9999890299654036, 0.0012789249425294036, -0.004506029276710564, -0.013839122348518102], [0.00450155272267208, 0.0034818050931875177, 0.9999838063970728, 0.027071539195530292], [0.0012945933478124144, -0.9999931206684799, 0.0034760097496080444, 0.032101473101753285], [0.0, 0.0, 0.0, 1.0]]}, "Hobj2base": {"type": "ndarray", "data": [[0.9999924735035557, 0.001338388252378602, -0.0036416552728731197, -0.7361337568883488], [0.0013237480725531569, -0.9999910450364538, -0.00401964400684373, 0.08906434610312644], [-0.003647002506300406, 0.004014793118859036, -0.9999852902962783, 0.0026527625474025477], [0.0, 0.0, 0.0, 1.0]]}, "mean_rme": {"type": "float", "data": 0.0021618676285909385}, "max_rme": {"type": "float", "data": 0.006722766285947812}, "simu": {"type": "float", "data": 0.002}}, {"type": "dict", "image_number": {"type": "int", "data": 24}, "Hcamera2end": {"type": "ndarray", "data": [[0.9999873272502899, 0.0015514610256124478, -0.004789395317519797, -0.013558052248150404], [0.004783888015689438, 0.003534223811874515, 0.9999823116823121, 0.027891481594432298], [0.001568360377852605, -0.9999925510876235, 0.0035267570077335275, 0.03208588772843866], [0.0, 0.0, 0.0, 1.0]]}, "Hobj2base": {"type": "ndarray", "data": [[0.9999928115502763, 0.0015177700538408657, -0.003474654203995479, -0.7361876820117277], [0.0015033496264513033, -0.9999902626849082, -0.004149033052250444, 0.08897586948381718], [-0.003480917648311762, 0.004143779607035322, -0.999985356044224, 0.0017594570514315063], [0.0, 0.0, 0.0, 1.0]]}, "mean_rme": {"type": "float", "data": 0.002137709293040366}, "max_rme": {"type": "float", "data": 0.0068351239248702345}, "simu": {"type": "float", "data": 0.002}}, {"type": "dict", "image_number": {"type": "int", "data": 25}, "Hcamera2end": {"type": "ndarray", "data": [[0.9999881319005917, 0.0013544064873466683, -0.00467991891296786, -0.013632793783874705], [0.004674866875854936, 0.0037095074150632623, 0.9999821924286604, 0.027881953810135657], [0.0013717425625660706, -0.9999922025385021, 0.0037031317202362857, 0.03196730397040142], [0.0, 0.0, 0.0, 1.0]]}, "Hobj2base": {"type": "ndarray", "data": [[0.9999919496164387, 0.0014130924613901272, -0.003755512216674981, -0.7362014668089251], [0.0013970819580436244, -0.9999899399588565, -0.004262410478324201, 0.08904161650614138], [-0.0037614976161818355, 0.004257129405923826, -0.9999838638622651, 0.0018085080259543185], [0.0, 0.0, 0.0, 1.0]]}, "mean_rme": {"type": "float", "data": 0.002088208757739074}, "max_rme": {"type": "float", "data": 0.006845358280797298}, "simu": {"type": "float", "data": 0.002}}, {"type": "dict", "image_number": {"type": "int", "data": 26}, "Hcamera2end": {"type": "ndarray", "data": [[0.9999872910970574, 0.0015677989282727018, -0.004791622991173336, -0.013604930683331164], [0.004785576730740771, 0.0038378156441835065, 0.999981184536207, 0.027829658533762635], [0.0015861587950852874, -0.9999914065518773, 0.0038302640476873817, 0.031709888296241384], [0.0, 0.0, 0.0, 1.0]]}, "Hobj2base": {"type": "ndarray", "data": [[0.9999906282514903, 0.001369693155448169, -0.004106987929081853, -0.7360085001867556], [0.001352108293205664, -0.999989920584794, -0.004281417052837464, 0.0890763500043259], [-0.004112810760678162, 0.004275823836034572, -0.9999824009042206, 0.0018497330748667867], [0.0, 0.0, 0.0, 1.0]]}, "mean_rme": {"type": "float", "data": 0.002062162030861898}, "max_rme": {"type": "float", "data": 0.006798144372542947}, "simu": {"type": "float", "data": 0.002}}, {"type": "dict", "image_number": {"type": "int", "data": 27}, "Hcamera2end": {"type": "ndarray", "data": [[0.9999903328742702, 0.002075853686474413, -0.0038762081315000573, -0.013970949559505801], [0.0038696404045608333, 0.003158593343040361, 0.9999875245077976, 0.027776770900404493], [0.002088071154378329, -0.999992857034272, 0.0031505300012222293, 0.03199696686213866], [0.0, 0.0, 0.0, 1.0]]}, "Hobj2base": {"type": "ndarray", "data": [[0.9999924497813772, 0.0020333539969601706, -0.0033114727483014943, -0.7359597407155023], [0.0020210738393330553, -0.9999910848076781, -0.003707501274413406, 0.08900642008494504], [-0.003318981888420137, 0.003700780551026983, -0.9999876442149362, 0.0017106227769178685], [0.0, 0.0, 0.0, 1.0]]}, "mean_rme": {"type": "float", "data": 0.0020410312787023845}, "max_rme": {"type": "float", "data": 0.006978551179038506}, "simu": {"type": "float", "data": 0.002}}, {"type": "dict", "image_number": {"type": "int", "data": 28}, "Hcamera2end": {"type": "ndarray", "data": [[0.999989094297406, 0.0020548594481030755, -0.004193904970567144, -0.013851900943663972], [0.004188198512764806, 0.0027735324155822028, 0.9999873831759867, 0.027807739139995066], [0.002066465453686786, -0.9999940425175484, 0.0027648960089780017, 0.03241243936102708], [0.0, 0.0, 0.0, 1.0]]}, "Hobj2base": {"type": "ndarray", "data": [[0.9999933092654002, 0.0020590897973153314, -0.0030235035373399285, -0.7360865090835595], [0.0020467900105550466, -0.9999896409953946, -0.004065532259687161, 0.08881655921116106], [-0.003031843512849439, 0.004059316581452699, -0.999987164854532, 0.0015927107945771454], [0.0, 0.0, 0.0, 1.0]]}, "mean_rme": {"type": "float", "data": 0.0020385124488065706}, "max_rme": {"type": "float", "data": 0.0069098958633797}, "simu": {"type": "float", "data": 0.002}}, {"type": "dict", "image_number": {"type": "int", "data": 29}, "Hcamera2end": {"type": "ndarray", "data": [[0.9999907537303379, 0.0018091482222945786, -0.0039012096253106133, -0.013924949959223111], [0.003896884314552999, 0.002388193300187358, 0.9999895553581546, 0.027874996929546692], [0.0018184461690791444, -0.9999955117476631, 0.002381121176977863, 0.03258176194849709], [0.0, 0.0, 0.0, 1.0]]}, "Hobj2base": {"type": "ndarray", "data": [[0.9999941723505998, 0.0019078303734664198, -0.002831156672607129, -0.7360828157314333], [0.0018969493639098486, -0.9999908239932718, -0.0038410301179263038, 0.0887899755501682], [-0.0028384587278188337, 0.00383563717290021, -0.9999886154549598, 0.001553772371038435], [0.0, 0.0, 0.0, 1.0]]}, "mean_rme": {"type": "float", "data": 0.002038172427434397}, "max_rme": {"type": "float", "data": 0.006996601287518667}, "simu": {"type": "float", "data": 0.002}}, {"type": "dict", "image_number": {"type": "int", "data": 30}, "Hcamera2end": {"type": "ndarray", "data": [[0.9999897527183365, 0.0013108113118385238, -0.004333154973581286, -0.014075344793117605], [0.004330641978160763, 0.0019139314562466314, 0.9999887911403997, 0.02775827344915942], [0.001319089980747296, -0.9999973093164229, 0.0019082351891593907, 0.032417907669216824], [0.0, 0.0, 0.0, 1.0]]}, "Hobj2base": {"type": "ndarray", "data": [[0.9999959022304696, 0.0015785122553884376, -0.0023882674323943316, -0.7355250306526881], [0.0015687570860863464, -0.9999904421894736, -0.004080996312986889, 0.08864670330193762], [-0.00239468650848097, 0.004077232978546507, -0.9999888207613952, 0.0015130743491286328], [0.0, 0.0, 0.0, 1.0]]}, "mean_rme": {"type": "float", "data": 0.00209056837872656}, "max_rme": {"type": "float", "data": 0.006614966034243663}, "simu": {"type": "float", "data": 0.002}}]}