{"type": "list", "data": [{"type": "dict", "image_number": {"type": "int", "data": 5}, "Hcamera2end": {"type": "ndarray", "data": [[0.999997852779746, -0.001712571588685176, -0.0011668480839786737, -0.014506347009487984], [0.001143473916323464, -0.013586676568107858, 0.9999070430231185, 0.030744073465778364], [-0.0017282659807287331, -0.9999062302628119, -0.013584689113579351, 0.02966480939578779], [0.0, 0.0, 0.0, 1.0]]}, "Hobj2base": {"type": "ndarray", "data": [[0.9998840632871316, -0.0017293481835255746, 0.015128428182577112, -0.7235373701908687], [-0.0017733621891827735, -0.9999942329332459, 0.002896426556140163, 0.08928863955028891], [0.015123332005918321, -0.002922918936486929, -0.9998813636496728, -0.0021989268169320788], [0.0, 0.0, 0.0, 1.0]]}, "mean_rme": {"type": "float", "data": 0.0010398807890110618}, "max_rme": {"type": "float", "data": 0.003554297142036922}, "simu": {"type": "float", "data": 0.002}}, {"type": "dict", "image_number": {"type": "int", "data": 6}, "Hcamera2end": {"type": "ndarray", "data": [[0.9999913608439798, -0.002749423687822994, -0.003117516125100828, -0.015996461113616064], [0.0031189525562722005, 0.0005183152558118076, 0.9999950017296321, 0.030279149682163612], [-0.0027477940892921687, -0.9999960860016802, 0.000526886100044921, 0.03219939904311203], [0.0, 0.0, 0.0, 1.0]]}, "Hobj2base": {"type": "ndarray", "data": [[0.9999951862120858, -0.00213982903052938, 0.0022469277638587698, -0.7329019989977876], [-0.002139772602436725, -0.9999977103053876, -2.7517105863762852e-05, 0.0870392285474042], [0.0022469815009823384, 2.2709058933491803e-05, -0.999997475276029, -0.0007508501220836461], [0.0, 0.0, 0.0, 1.0]]}, "mean_rme": {"type": "float", "data": 0.0011637330795573409}, "max_rme": {"type": "float", "data": 0.003373099357872833}, "simu": {"type": "float", "data": 0.002}}, {"type": "dict", "image_number": {"type": "int", "data": 7}, "Hcamera2end": {"type": "ndarray", "data": [[0.9999908271058027, -0.004105273314731038, -0.0012216526772938232, -0.015939207608969178], [0.0012280813727364418, 0.0015638046233079628, 0.9999980231636671, 0.030287752319247494], [-0.004103354773172764, -0.9999903505765002, 0.0015688318883814167, 0.03239542189057027], [0.0, 0.0, 0.0, 1.0]]}, "Hobj2base": {"type": "ndarray", "data": [[0.9999950333297806, -0.0030626744630350877, 0.0007438688759176191, -0.7337293588351118], [-0.003063291608734349, -0.9999949637213283, 0.0008299255986071898, 0.08791727115200974], [0.0007413233376495914, -0.0008322001639260319, -0.9999993789411052, -0.0004921835187437575], [0.0, 0.0, 0.0, 1.0]]}, "mean_rme": {"type": "float", "data": 0.0010524798906000844}, "max_rme": {"type": "float", "data": 0.0035570072077420467}, "simu": {"type": "float", "data": 0.002}}, {"type": "dict", "image_number": {"type": "int", "data": 8}, "Hcamera2end": {"type": "ndarray", "data": [[0.9999825437926622, -0.005831430745848435, 0.0009521162811279957, -0.01701099435348152], [-0.0009299359499259116, 0.0038051141845947267, 0.9999923281331567, 0.030388062581269977], [-0.005835008919054951, -0.9999757574668989, 0.0037996249046424735, 0.03203966902416569], [0.0, 0.0, 0.0, 1.0]]}, "Hobj2base": {"type": "ndarray", "data": [[0.9999886073326374, -0.004771483714830116, -0.00013471485274278643, -0.7339628484595802], [-0.004771246843259957, -0.9999871605048525, 0.0017070527240641408, 0.08775679055706691], [-0.0001428582973453168, -0.0017063905183643956, -0.9999985339103781, -0.0002213015566808474], [0.0, 0.0, 0.0, 1.0]]}, "mean_rme": {"type": "float", "data": 0.0013061101887549573}, "max_rme": {"type": "float", "data": 0.003585840241721122}, "simu": {"type": "float", "data": 0.002}}, {"type": "dict", "image_number": {"type": "int", "data": 9}, "Hcamera2end": {"type": "ndarray", "data": [[0.9999728929000727, -0.005251982345955146, 0.005160440533278227, -0.019441528379973563], [-0.0051297354878819595, 0.005843146844527136, 0.9999697712675006, 0.030016233308344673], [-0.005281976797004114, -0.9999691366819232, 0.0058160471735400066, 0.031823659874364744], [0.0, 0.0, 0.0, 1.0]]}, "Hobj2base": {"type": "ndarray", "data": [[0.9999882985105013, -0.004136468502915486, -0.0025084796983371243, -0.7349431335354832], [-0.004123561914708768, -0.9999783460424099, 0.005128711672712835, 0.08794528539378885], [-0.002529640134118833, -0.005118307787799171, -0.9999837017902746, 0.00014766100726648634], [0.0, 0.0, 0.0, 1.0]]}, "mean_rme": {"type": "float", "data": 0.001593561612128942}, "max_rme": {"type": "float", "data": 0.005362022776275344}, "simu": {"type": "float", "data": 0.002}}, {"type": "dict", "image_number": {"type": "int", "data": 10}, "Hcamera2end": {"type": "ndarray", "data": [[0.9999684468178337, -0.004981273735036411, 0.006188075686825865, -0.019822618988804518], [-0.006174238543165646, 0.0027884340169985755, 0.9999770514437544, 0.03224717726632255], [-0.004998414462740835, -0.9999837056411017, 0.002757590460743198, 0.03299343137598867], [0.0, 0.0, 0.0, 1.0]]}, "Hobj2base": {"type": "ndarray", "data": [[0.9999934700122058, -0.00360831605764126, -0.00019997043729442335, -0.7351021059090461], [-0.003607247218576203, -0.9999804386194056, 0.005109808807144422, 0.08758697250729704], [-0.0002184043307668877, -0.005109054097351553, -0.9999869248474096, -0.0024282484678842973], [0.0, 0.0, 0.0, 1.0]]}, "mean_rme": {"type": "float", "data": 0.0017509777100047745}, "max_rme": {"type": "float", "data": 0.005213264611225177}, "simu": {"type": "float", "data": 0.002}}, {"type": "dict", "image_number": {"type": "int", "data": 11}, "Hcamera2end": {"type": "ndarray", "data": [[0.9999647709354748, -0.004971474891632527, 0.0067632333513829536, -0.0203190177462394], [-0.006750000196699297, 0.002673793620150411, 0.9999736438151863, 0.03227382222739256], [-0.004989427352708004, -0.9999840675056171, 0.002640141968406007, 0.0327496913661357], [0.0, 0.0, 0.0, 1.0]]}, "Hobj2base": {"type": "ndarray", "data": [[0.9999900605931407, -0.004454902350734039, 0.00018044382036097058, -0.7346349567996104], [-0.004455879540004948, -0.9999730456964648, 0.005835496385067763, 0.08769993155675015], [0.0001544423900599272, -0.005836242419622233, -0.9999829570657528, -0.002493515882384571], [0.0, 0.0, 0.0, 1.0]]}, "mean_rme": {"type": "float", "data": 0.001678625996794955}, "max_rme": {"type": "float", "data": 0.0054472173670711}, "simu": {"type": "float", "data": 0.002}}, {"type": "dict", "image_number": {"type": "int", "data": 12}, "Hcamera2end": {"type": "ndarray", "data": [[0.9999804662737551, -0.0030247581505424524, 0.005469726597739352, -0.020007799294361025], [-0.005475622576860949, -0.0019444061034659121, 0.9999831182786543, 0.03345635908567233], [-0.0030140717176372835, -0.9999935350406202, -0.0019609305559880053, 0.03463642085004217], [0.0, 0.0, 0.0, 1.0]]}, "Hobj2base": {"type": "ndarray", "data": [[0.9999870458285667, -0.0032337734811321013, 0.0039307612657998574, -0.7352473461041042], [-0.003252173182563035, -0.9999837434639658, 0.004683607304594778, 0.08736437471226366], [0.003915551640140064, -0.004696330148718519, -0.9999813062945164, -0.004294308935573708], [0.0, 0.0, 0.0, 1.0]]}, "mean_rme": {"type": "float", "data": 0.002000923801538694}, "max_rme": {"type": "float", "data": 0.010193126666546315}, "simu": {"type": "float", "data": 0.002}}, {"type": "dict", "image_number": {"type": "int", "data": 13}, "Hcamera2end": {"type": "ndarray", "data": [[0.9999803367276068, -0.0034392134504703364, 0.005243850587522636, -0.019741254275743466], [-0.00525129728249097, -0.0021597877110008934, 0.9999838794670115, 0.03344145814928432], [-0.0034278324044591975, -0.9999917535299407, -0.002177805574753222, 0.03419508345406461], [0.0, 0.0, 0.0, 1.0]]}, "Hobj2base": {"type": "ndarray", "data": [[0.99998757156254, -0.0035950549792142534, 0.0034543161624540383, -0.7346418367646368], [-0.0036098223794552835, -0.999984332219148, 0.0042783756980752765, 0.08742678583248112], [0.0034388810451290957, -0.004290791992339424, -0.9999848814863335, -0.0042883853108591306], [0.0, 0.0, 0.0, 1.0]]}, "mean_rme": {"type": "float", "data": 0.001915987884874474}, "max_rme": {"type": "float", "data": 0.010213054712067127}, "simu": {"type": "float", "data": 0.002}}, {"type": "dict", "image_number": {"type": "int", "data": 14}, "Hcamera2end": {"type": "ndarray", "data": [[0.9999768745120502, -0.004629673794531645, 0.004981622393111044, -0.018425460701427768], [-0.0049819123354530774, -5.109661089219841e-05, 0.9999875888922912, 0.03355088494709705], [-0.004629361791130492, -0.9999892816974053, -7.416005824434357e-05, 0.032897669463059845], [0.0, 0.0, 0.0, 1.0]]}, "Hobj2base": {"type": "ndarray", "data": [[0.9999888025324642, -0.004552187194568107, 0.0012932136072056014, -0.734780121330444], [-0.0045574742680153275, -0.9999811470022131, 0.004115223983501993, 0.08878812657166113], [0.0012744559563318495, -0.004121071691152922, -0.9999906962217855, -0.0038751838402439264], [0.0, 0.0, 0.0, 1.0]]}, "mean_rme": {"type": "float", "data": 0.002021832331566884}, "max_rme": {"type": "float", "data": 0.010220456000209821}, "simu": {"type": "float", "data": 0.002}}, {"type": "dict", "image_number": {"type": "int", "data": 15}, "Hcamera2end": {"type": "ndarray", "data": [[0.9999713985183055, -0.005440227338411309, 0.005254148061348551, -0.01825091405594206], [-0.005256459635423796, -0.0004106927958265061, 0.9999861003851644, 0.03354105784329663], [-0.005437993880589687, -0.9999851175182226, -0.00043927738481586154, 0.032641880070363116], [0.0, 0.0, 0.0, 1.0]]}, "Hobj2base": {"type": "ndarray", "data": [[0.9999822013447734, -0.005754041743239724, 0.001577338669449086, -0.7341313487916722], [-0.005760395702115922, -0.9999751920634439, 0.004053775898277249, 0.08895308041106337], [0.0015539739431950203, -0.004062789841409945, -0.9999905394070927, -0.003924467234848002], [0.0, 0.0, 0.0, 1.0]]}, "mean_rme": {"type": "float", "data": 0.0020417577984792362}, "max_rme": {"type": "float", "data": 0.01027422933813954}, "simu": {"type": "float", "data": 0.002}}, {"type": "dict", "image_number": {"type": "int", "data": 16}, "Hcamera2end": {"type": "ndarray", "data": [[0.9999762470250622, -0.005416375868075708, 0.004262423973227241, -0.01786426749225867], [-0.0042679226818784135, -0.0010040480936919227, 0.9999903883155113, 0.03356832954863075], [-0.005412044128914967, -0.9999848272648347, -0.0010271409179836155, 0.03290115359166405], [0.0, 0.0, 0.0, 1.0]]}, "Hobj2base": {"type": "ndarray", "data": [[0.9999800950674377, -0.005930495420594691, 0.002153762518153459, -0.7341039577182523], [-0.005937313782364429, -0.9999773389251847, 0.003173317058919333, 0.08904238114571025], [0.002134894369293884, -0.0031860414581402485, -0.9999926456558865, -0.004061757725547888], [0.0, 0.0, 0.0, 1.0]]}, "mean_rme": {"type": "float", "data": 0.001988919664784626}, "max_rme": {"type": "float", "data": 0.010120991431704057}, "simu": {"type": "float", "data": 0.002}}, {"type": "dict", "image_number": {"type": "int", "data": 17}, "Hcamera2end": {"type": "ndarray", "data": [[0.9999859561430651, -0.004123026265294451, 0.003329890547081324, -0.016643146909068325], [-0.0033436711603229063, -0.00333998430488891, 0.9999888321216465, 0.033374458160568714], [-0.004111858437674422, -0.9999859224805411, -0.00335372344264373, 0.03429001817498913], [0.0, 0.0, 0.0, 1.0]]}, "Hobj2base": {"type": "ndarray", "data": [[0.9999834629874651, -0.004234077766528014, 0.0038918295265743053, -0.734683466407832], [-0.0042431973221802085, -0.9999882644608395, 0.0023379942436318277, 0.08938140365856516], [0.0038818846044112584, -0.0023544693808172567, -0.9999896936698163, -0.004570174133895305], [0.0, 0.0, 0.0, 1.0]]}, "mean_rme": {"type": "float", "data": 0.002146699088518334}, "max_rme": {"type": "float", "data": 0.009470434890556628}, "simu": {"type": "float", "data": 0.002}}, {"type": "dict", "image_number": {"type": "int", "data": 18}, "Hcamera2end": {"type": "ndarray", "data": [[0.9999838014776441, -0.004334043934009238, 0.0036895589841921934, -0.016629866393224373], [-0.003703285170651104, -0.0031633179108752074, 0.9999881394790336, 0.03335696787214252], [-0.004322321281972364, -0.9999856046378731, -0.0031793168704290498, 0.034075436118303826], [0.0, 0.0, 0.0, 1.0]]}, "Hobj2base": {"type": "ndarray", "data": [[0.9999829859261191, -0.004574998484560706, 0.003619011902334655, -0.7344627496515622], [-0.00458456486842781, -0.9999860072924693, 0.0026395045430233862, 0.08957660672463659], [0.0036068855332752328, -0.002656051229123948, -0.9999899678339867, -0.004512495477040869], [0.0, 0.0, 0.0, 1.0]]}, "mean_rme": {"type": "float", "data": 0.002074063633040779}, "max_rme": {"type": "float", "data": 0.009564958207309293}, "simu": {"type": "float", "data": 0.002}}, {"type": "dict", "image_number": {"type": "int", "data": 19}, "Hcamera2end": {"type": "ndarray", "data": [[0.9999883343832944, -0.0030700503168911916, 0.0037290599856214064, -0.016600899260440234], [-0.003736257554370485, -0.0023420589111351475, 0.9999902775225085, 0.03338444893484312], [-0.0030612867902266054, -0.9999925447477636, -0.002353502088262349, 0.033917633704829676], [0.0, 0.0, 0.0, 1.0]]}, "Hobj2base": {"type": "ndarray", "data": [[0.9999901624492398, -0.00338028225305078, 0.002872054427185279, -0.7346918226522263], [-0.003388331111150864, -0.999990333269591, 0.002802245466469677, 0.08956075679475656], [0.002862554283190411, -0.002811949370606209, -0.9999919493294502, -0.004416876160865198], [0.0, 0.0, 0.0, 1.0]]}, "mean_rme": {"type": "float", "data": 0.0020906097307974224}, "max_rme": {"type": "float", "data": 0.009750051907374907}, "simu": {"type": "float", "data": 0.002}}, {"type": "dict", "image_number": {"type": "int", "data": 20}, "Hcamera2end": {"type": "ndarray", "data": [[0.9999845977158097, -0.0035697490595114813, 0.004249849738801265, -0.017231215439863796], [-0.004263226308254082, -0.003747988101737043, 0.9999838886135284, 0.033316217043887916], [-0.003553763159649579, -0.9999866046487027, -0.003763149022263601, 0.03457458743389948], [0.0, 0.0, 0.0, 1.0]]}, "Hobj2base": {"type": "ndarray", "data": [[0.999983497354034, -0.003833700617621141, 0.004278756731701999, -0.7342782717467677], [-0.003847546229264509, -0.9999873740091691, 0.0032323691404288575, 0.08947959272150677], [0.004266310772588695, -0.0032487785121143014, -0.9999856219119208, -0.004569177302991617], [0.0, 0.0, 0.0, 1.0]]}, "mean_rme": {"type": "float", "data": 0.0021065329951548374}, "max_rme": {"type": "float", "data": 0.009863544261839524}, "simu": {"type": "float", "data": 0.002}}, {"type": "dict", "image_number": {"type": "int", "data": 21}, "Hcamera2end": {"type": "ndarray", "data": [[0.9999846145121516, -0.0036602789582675403, 0.0041681047169117745, -0.017082341960914644], [-0.004184929559483624, -0.004601035631552675, 0.9999806582307976, 0.03331509849715949], [-0.0036410305636781597, -0.9999827162651685, -0.004616282851983122, 0.03486226993495895], [0.0, 0.0, 0.0, 1.0]]}, "Hobj2base": {"type": "ndarray", "data": [[0.9999803467654044, -0.003817156893951462, 0.0049734692306886265, -0.7342305476151227], [-0.0038332255819514046, -0.9999874516235288, 0.003225364649106068, 0.08966533319577863], [0.004961095098818507, -0.0032443656897440864, -0.9999824306590055, -0.004630636206883458], [0.0, 0.0, 0.0, 1.0]]}, "mean_rme": {"type": "float", "data": 0.0020879964543851362}, "max_rme": {"type": "float", "data": 0.009641476888291783}, "simu": {"type": "float", "data": 0.002}}, {"type": "dict", "image_number": {"type": "int", "data": 22}, "Hcamera2end": {"type": "ndarray", "data": [[0.9999857852926053, -0.0030716509502631767, 0.004358230509191713, -0.01726694136538097], [-0.004370108851114409, -0.003871043075935221, 0.9999829584418594, 0.033308818400552755], [-0.003054727706508984, -0.9999877899184288, -0.00388441149919605, 0.034540050666348444], [0.0, 0.0, 0.0, 1.0]]}, "Hobj2base": {"type": "ndarray", "data": [[0.9999834854749898, -0.0031951264532468987, 0.004777022528585988, -0.7342484756113393], [-0.0032119714672354987, -0.9999886366558062, 0.0035227543990848853, 0.08946046177304932], [0.004765712599865964, -0.0035380398825294165, -0.9999823849734584, -0.00459580596212996], [0.0, 0.0, 0.0, 1.0]]}, "mean_rme": {"type": "float", "data": 0.002051618665956235}, "max_rme": {"type": "float", "data": 0.009815707304409227}, "simu": {"type": "float", "data": 0.002}}, {"type": "dict", "image_number": {"type": "int", "data": 23}, "Hcamera2end": {"type": "ndarray", "data": [[0.9999863474557685, -0.002521217641423338, 0.004576938242475931, -0.017324095638513757], [-0.004587533643968578, -0.0042128647862280655, 0.9999806029645566, 0.03334362686870507], [-0.0025018867153249183, -0.9999879475433178, -0.004224373440659068, 0.034639519364169064], [0.0, 0.0, 0.0, 1.0]]}, "Hobj2base": {"type": "ndarray", "data": [[0.9999848047037074, -0.002492527814274356, 0.00491707909058664, -0.7343614795252664], [-0.0025103209436724318, -0.9999903121242151, 0.0036157912654771972, 0.08924723392344389], [0.004908018994235371, -0.00362807976908038, -0.9999813740199075, -0.004662603401330727], [0.0, 0.0, 0.0, 1.0]]}, "mean_rme": {"type": "float", "data": 0.0020590830782767347}, "max_rme": {"type": "float", "data": 0.009616485728872554}, "simu": {"type": "float", "data": 0.002}}, {"type": "dict", "image_number": {"type": "int", "data": 24}, "Hcamera2end": {"type": "ndarray", "data": [[0.9999845761924699, -0.002941385970150941, 0.004711223380499131, -0.017969653216843347], [-0.00471808658671224, -0.0023307615306444873, 0.9999861535089609, 0.03345967442855973], [-0.0029303645040589217, -0.999992957874835, -0.0023446032951193185, 0.03375960226452037], [0.0, 0.0, 0.0, 1.0]]}, "Hobj2base": {"type": "ndarray", "data": [[0.9999913720818833, -0.003132520933597683, 0.002728199844787758, -0.7346416678212228], [-0.0031421338757280817, -0.999988845622753, 0.00352641812336995, 0.088850192679936], [0.0027171228348254095, -0.0035349600668751996, -0.9999900606010172, -0.004304292418142545], [0.0, 0.0, 0.0, 1.0]]}, "mean_rme": {"type": "float", "data": 0.0020767683410108915}, "max_rme": {"type": "float", "data": 0.009672159201718766}, "simu": {"type": "float", "data": 0.002}}, {"type": "dict", "image_number": {"type": "int", "data": 25}, "Hcamera2end": {"type": "ndarray", "data": [[0.9999853063767274, -0.003226301621402571, 0.004356375614009478, -0.01764217404177936], [-0.004366652087487946, -0.003185053009523209, 0.9999853937867661, 0.03339899459549112], [-0.003212379210093117, -0.9999897231547804, -0.0031990943462643084, 0.03420981794279783], [0.0, 0.0, 0.0, 1.0]]}, "Hobj2base": {"type": "ndarray", "data": [[0.9999883960187038, -0.003427046039982364, 0.0033857323254944233, -0.7344990580969482], [-0.0034381173734842133, -0.9999887444492117, 0.0032696060641153684, 0.08901366565474705], [0.003374489126697951, -0.0032812086687980043, -0.9999889231850545, -0.0044548026492444], [0.0, 0.0, 0.0, 1.0]]}, "mean_rme": {"type": "float", "data": 0.002052511574072783}, "max_rme": {"type": "float", "data": 0.009679318268960652}, "simu": {"type": "float", "data": 0.002}}, {"type": "dict", "image_number": {"type": "int", "data": 26}, "Hcamera2end": {"type": "ndarray", "data": [[0.9999873539849905, -0.003158992095376236, 0.0039131367263043875, -0.01726259088366864], [-0.003923997978729422, -0.003439356884637368, 0.9999863864393769, 0.03205013358977653], [-0.0031454904165056953, -0.999989095737129, -0.0034517092690755646, 0.03439648811947932], [0.0, 0.0, 0.0, 1.0]]}, "Hobj2base": {"type": "ndarray", "data": [[0.9999882263308629, -0.0033377153983986043, 0.0035223366639449086, -0.7344887648318152], [-0.0033476255350782616, -0.9999904447362178, 0.0028113768046756594, 0.08897420757300425], [0.0035129194314372893, -0.0028231351686147056, -0.9999898446008777, -0.003103617760087628], [0.0, 0.0, 0.0, 1.0]]}, "mean_rme": {"type": "float", "data": 0.0020929371153821023}, "max_rme": {"type": "float", "data": 0.009720155186924762}, "simu": {"type": "float", "data": 0.002}}, {"type": "dict", "image_number": {"type": "int", "data": 27}, "Hcamera2end": {"type": "ndarray", "data": [[0.9999881605532192, -0.0030057885823480887, 0.003826746449323341, -0.017316714639920825], [-0.0038368419099415923, -0.0033601182406597374, 0.9999869940402061, 0.03198886110633152], [-0.002992891168635887, -0.9999898373685642, -0.0033716111943238314, 0.034463461342419476], [0.0, 0.0, 0.0, 1.0]]}, "Hobj2base": {"type": "ndarray", "data": [[0.9999893878189481, -0.0033649667926692987, 0.0031466248536631733, -0.7346347579925424], [-0.0033736379962205788, -0.999990515657303, 0.0027544803703543276, 0.08896947984281338], [0.0031373262750174218, -0.0027650667124761038, -0.9999912557567285, -0.0030115066201485594], [0.0, 0.0, 0.0, 1.0]]}, "mean_rme": {"type": "float", "data": 0.0020710719489062937}, "max_rme": {"type": "float", "data": 0.009662202042604234}, "simu": {"type": "float", "data": 0.002}}, {"type": "dict", "image_number": {"type": "int", "data": 28}, "Hcamera2end": {"type": "ndarray", "data": [[0.9999843425563029, -0.004477328054121248, 0.0033568103512742636, -0.01711625337609596], [-0.003373478333317739, -0.0037204096882967885, 0.9999873890183245, 0.03033296792671826], [-0.004464782880866547, -0.9999830558990722, -0.003735455605373472, 0.03473739445745819], [0.0, 0.0, 0.0, 1.0]]}, "Hobj2base": {"type": "ndarray", "data": [[0.9999819647101088, -0.004786573695162571, 0.0036275290173090973, -0.7343353184309042], [-0.004796955411455289, -0.9999844085513967, 0.002858648788073081, 0.08947079153990971], [0.0036137893257841684, -0.002875998326463283, -0.9999893345232913, -0.001502988371390899], [0.0, 0.0, 0.0, 1.0]]}, "mean_rme": {"type": "float", "data": 0.002152224734136551}, "max_rme": {"type": "float", "data": 0.009972425379129651}, "simu": {"type": "float", "data": 0.002}}, {"type": "dict", "image_number": {"type": "int", "data": 29}, "Hcamera2end": {"type": "ndarray", "data": [[0.9999820460480603, -0.004429554057563832, 0.004035670004604405, -0.01754149900691125], [-0.004053140123188339, -0.003942125038672195, 0.999984015724912, 0.030274681113265874], [-0.00441357413858029, -0.999982419195973, -0.003960007865227322, 0.0348425659770509], [0.0, 0.0, 0.0, 1.0]]}, "Hobj2base": {"type": "ndarray", "data": [[0.999980924071451, -0.0049731825567125715, 0.0036631882922616033, -0.7342679830210448], [-0.004986047291215502, -0.9999814053177913, 0.003511175168757388, 0.08958869104881742], [0.00364565846133661, -0.0035293730198925886, -0.9999871262673687, -0.0014074996729247732], [0.0, 0.0, 0.0, 1.0]]}, "mean_rme": {"type": "float", "data": 0.002149943679932737}, "max_rme": {"type": "float", "data": 0.009946507147183314}, "simu": {"type": "float", "data": 0.002}}, {"type": "dict", "image_number": {"type": "int", "data": 30}, "Hcamera2end": {"type": "ndarray", "data": [[0.9999812316624526, -0.004587890278062515, 0.004060490812788283, -0.01746158155528548], [-0.004078653261626913, -0.003956383450045564, 0.9999838556784643, 0.03028377653257447], [-0.004571751351035916, -0.9999816489780163, -0.003975021608952245, 0.034876692425394665], [0.0, 0.0, 0.0, 1.0]]}, "Hobj2base": {"type": "ndarray", "data": [[0.9999802828842661, -0.0050951212402939264, 0.003670637853263793, -0.7343141686366318], [-0.005107597806628682, -0.9999811838593948, 0.0033977009593167667, 0.08969082990315642], [0.0036532570876998535, -0.003416382108301981, -0.9999874909447324, -0.0014188268924554752], [0.0, 0.0, 0.0, 1.0]]}, "mean_rme": {"type": "float", "data": 0.002095981801295818}, "max_rme": {"type": "float", "data": 0.00992850469617565}, "simu": {"type": "float", "data": 0.002}}]}