{"type": "list", "data": [{"type": "dict", "image_number": {"type": "int", "data": 5}, "Hcamera2end": {"type": "ndarray", "data": [[0.9999976800781185, 0.0020398343894403076, -0.0006920361584661232, -0.013873356530243613], [0.0006835955301107845, 0.004135695662094041, 0.9999912143206768, 0.035224530609083725], [0.0020426785190480706, -0.999989367492002, 0.004134291645932486, 0.03261169817311435], [0.0, 0.0, 0.0, 1.0]]}, "Hobj2base": {"type": "ndarray", "data": [[0.9999822085784672, 0.004309948237525006, -0.004123938981210969, -0.7371781556838142], [0.004338316554189562, -0.9999668191433877, 0.0068948982392854725, 0.08994484292655942], [-0.004094085490868635, -0.006912666521995126, -0.9999677262319762, -0.005702528358378501], [0.0, 0.0, 0.0, 1.0]]}, "mean_rme": {"type": "float", "data": 0.0012297650550778245}, "max_rme": {"type": "float", "data": 0.0025135370619371322}, "simu": {"type": "float", "data": 0.002}}, {"type": "dict", "image_number": {"type": "int", "data": 6}, "Hcamera2end": {"type": "ndarray", "data": [[0.9999798231465034, 0.0024593325964986116, -0.005857045592080733, -0.013958379708745817], [0.0058638823902341245, -0.002781993632407831, 0.9999789374755563, 0.03484666933913378], [0.0024429865332037913, -0.9999931060735414, -0.0027963587376342858, 0.03190396085142925], [0.0, 0.0, 0.0, 1.0]]}, "Hobj2base": {"type": "ndarray", "data": [[0.9999749083297247, 0.0065666959100352355, 0.0026572948243949865, -0.7330080786088221], [0.006562851610011928, -0.9999774088623852, 0.0014528398450750438, 0.08685929944923158], [0.0026667751505505153, -0.0014353639592801313, -0.9999954140097849, -0.006308957303146003], [0.0, 0.0, 0.0, 1.0]]}, "mean_rme": {"type": "float", "data": 0.0011043559567063652}, "max_rme": {"type": "float", "data": 0.002891451047771044}, "simu": {"type": "float", "data": 0.002}}, {"type": "dict", "image_number": {"type": "int", "data": 7}, "Hcamera2end": {"type": "ndarray", "data": [[0.9999989959510296, 0.0011153128478106173, -0.0008741705692904739, -0.016279379371404123], [0.0008744222739604068, -0.000225213112857503, 0.9999995923322872, 0.03509149163046099], [0.001115115518458501, -0.999999352677943, -0.00022618814112917995, 0.03174888462769278], [0.0, 0.0, 0.0, 1.0]]}, "Hobj2base": {"type": "ndarray", "data": [[0.999995720547875, 0.0028630075171866827, 0.0006017257621241188, -0.7336444201143016], [0.002859836547909209, -0.9999823582974319, 0.005206191393467377, 0.08775597298092223], [0.0006166205117526056, -0.005204448276494215, -0.9999862666543382, -0.005087494247303814], [0.0, 0.0, 0.0, 1.0]]}, "mean_rme": {"type": "float", "data": 0.001289819362056957}, "max_rme": {"type": "float", "data": 0.003591952578861024}, "simu": {"type": "float", "data": 0.002}}, {"type": "dict", "image_number": {"type": "int", "data": 8}, "Hcamera2end": {"type": "ndarray", "data": [[0.999995666116152, 0.002497705354273759, -0.001558594519650629, -0.015718783038521], [0.001557419981235949, 0.0004721230041054847, 0.999998675770559, 0.033390839286760815], [0.0024984378950655937, -0.9999967692786975, 0.0004682309817533037, 0.03123709723748801], [0.0, 0.0, 0.0, 1.0]]}, "Hobj2base": {"type": "ndarray", "data": [[0.9999946980608316, 0.0031968072591743307, -0.0006198980350164059, -0.734068735999011], [0.0031991410133894787, -0.9999876587945487, 0.0038010203068545474, 0.08869596468450491], [-0.0006077392554181754, -0.0038029832953040436, -0.9999925839580273, -0.003724936853337295], [0.0, 0.0, 0.0, 1.0]]}, "mean_rme": {"type": "float", "data": 0.0013662576332851039}, "max_rme": {"type": "float", "data": 0.0035393676771410254}, "simu": {"type": "float", "data": 0.002}}, {"type": "dict", "image_number": {"type": "int", "data": 9}, "Hcamera2end": {"type": "ndarray", "data": [[0.9999903371836587, 0.0024344458971787414, -0.0036604661569642543, -0.015174217671326234], [0.0036653891375283635, -0.0020208402860923957, 0.9999912405251402, 0.03353587070302761], [0.002427027355235236, -0.9999949948263301, -0.0020297439506313797, 0.032675579303547045], [0.0, 0.0, 0.0, 1.0]]}, "Hobj2base": {"type": "ndarray", "data": [[0.9999934847754581, 0.003559166877055352, 0.0006022771595476686, -0.7344431443663736], [0.003557918664369944, -0.9999915466657445, 0.0020610220352004606, 0.08815024603339934], [0.0006096075896580912, -0.0020588657540320373, -0.9999976947225395, -0.003981891983450904], [0.0, 0.0, 0.0, 1.0]]}, "mean_rme": {"type": "float", "data": 0.0014357360675291183}, "max_rme": {"type": "float", "data": 0.004162929118759706}, "simu": {"type": "float", "data": 0.002}}, {"type": "dict", "image_number": {"type": "int", "data": 10}, "Hcamera2end": {"type": "ndarray", "data": [[0.9999948598101868, 0.0024615914958882076, -0.00205448789540194, -0.015806852307959703], [0.0020580981510181016, -0.0014650003797627154, 0.9999968089978526, 0.03376228212488073], [0.0024585738153974773, -0.9999958971621805, -0.0014700590462888297, 0.032239257311324085], [0.0, 0.0, 0.0, 1.0]]}, "Hobj2base": {"type": "ndarray", "data": [[0.999992473065392, 0.0038761006844625287, -0.00017220930658487445, -0.7343778595909949], [0.003876618171619336, -0.9999876379784938, 0.0031137953922821013, 0.08851198297479315], [-0.00016013779327842188, -0.0031144395446750296, -0.9999951372992821, -0.003736426087762185], [0.0, 0.0, 0.0, 1.0]]}, "mean_rme": {"type": "float", "data": 0.0014862987169569812}, "max_rme": {"type": "float", "data": 0.0034296238084875474}, "simu": {"type": "float", "data": 0.002}}, {"type": "dict", "image_number": {"type": "int", "data": 11}, "Hcamera2end": {"type": "ndarray", "data": [[0.9999950822436895, 0.0022353457255129424, -0.0021997085997973076, -0.015668881604456147], [0.0022037890329552764, -0.0018245941344039451, 0.9999959070766954, 0.034337684293249356], [0.0022313230010057405, -0.9999958370342009, -0.0018295113918893602, 0.0324317922724773], [0.0, 0.0, 0.0, 1.0]]}, "Hobj2base": {"type": "ndarray", "data": [[0.999991678658609, 0.004073823506100593, 0.00021581375844580936, -0.7343682800321379], [0.004073247985055713, -0.9999883158087333, 0.002603247369160312, 0.08809631386172728], [0.00022641640716125754, -0.002602346643693492, -0.9999965882579582, -0.004280976828329528], [0.0, 0.0, 0.0, 1.0]]}, "mean_rme": {"type": "float", "data": 0.0014659048595160903}, "max_rme": {"type": "float", "data": 0.0033394060343971965}, "simu": {"type": "float", "data": 0.002}}, {"type": "dict", "image_number": {"type": "int", "data": 12}, "Hcamera2end": {"type": "ndarray", "data": [[0.9999919297944463, 0.002754469860497474, -0.0029245925813415935, -0.014854702386457624], [0.0029250130952945415, -0.0001486499495226834, 0.9999957110915949, 0.03438673396287934], [0.0027540233062889473, -0.9999961953922525, -0.00015670561029956787, 0.03229798013876835], [0.0, 0.0, 0.0, 1.0]]}, "Hobj2base": {"type": "ndarray", "data": [[0.999992461762708, 0.0036114107459104534, -0.0014262293585946522, -0.7352146455265789], [0.0036137141941138718, -0.9999921650984214, 0.0016158005738584585, 0.0884590256784929], [-0.0014203828646723188, -0.0016209423788475315, -0.9999976775264641, -0.003928567816012955], [0.0, 0.0, 0.0, 1.0]]}, "mean_rme": {"type": "float", "data": 0.0015193859927918737}, "max_rme": {"type": "float", "data": 0.003904925460656794}, "simu": {"type": "float", "data": 0.002}}, {"type": "dict", "image_number": {"type": "int", "data": 13}, "Hcamera2end": {"type": "ndarray", "data": [[0.9999936478870133, 0.002291729083418473, -0.0027298650941708783, -0.01532865095189427], [0.002726550389756167, 0.0014482575068167636, 0.9999952342252266, 0.034365001239081296], [0.00229567170916905, -0.9999963252572491, 0.0014419997924958183, 0.03136869926668224], [0.0, 0.0, 0.0, 1.0]]}, "Hobj2base": {"type": "ndarray", "data": [[0.9999942178351792, 0.0022837562740420747, -0.0025196732901157067, -0.7353144518238118], [0.002288480945492877, -0.9999956258064615, 0.0018738257405217927, 0.0883212982160635], [-0.002515382907285703, -0.0018795811300658127, -0.9999950699996503, -0.0036086801492050766], [0.0, 0.0, 0.0, 1.0]]}, "mean_rme": {"type": "float", "data": 0.0015395527485201938}, "max_rme": {"type": "float", "data": 0.0036920657271757307}, "simu": {"type": "float", "data": 0.002}}, {"type": "dict", "image_number": {"type": "int", "data": 14}, "Hcamera2end": {"type": "ndarray", "data": [[0.9999927829580729, 0.0035024170960785616, -0.0014721094570338544, -0.01548560783404356], [0.0014704152822798916, 0.00048624172658506826, 0.9999988007232213, 0.03406035073478624], [0.003503128696755179, -0.9999937483021922, 0.00048108820973513655, 0.031190981359287155], [0.0, 0.0, 0.0, 1.0]]}, "Hobj2base": {"type": "ndarray", "data": [[0.9999906774163139, 0.0039036584628080444, -0.001845679026146697, -0.7346555294474139], [0.003908583057577319, -0.9999887912617669, 0.0026721394633725344, 0.08841349357622479], [-0.0018352272185836339, -0.002679328541900089, -0.9999947265559055, -0.0034837998353571898], [0.0, 0.0, 0.0, 1.0]]}, "mean_rme": {"type": "float", "data": 0.001555556227995948}, "max_rme": {"type": "float", "data": 0.0041100596845650705}, "simu": {"type": "float", "data": 0.002}}, {"type": "dict", "image_number": {"type": "int", "data": 15}, "Hcamera2end": {"type": "ndarray", "data": [[0.9999918942481629, 0.003897145724291054, -0.00101177723565643, -0.015551382116304836], [0.0010120800823480909, -7.573853518061391e-05, 0.9999994849786579, 0.03371602161273092], [0.003897067086652075, -0.9999924032305835, -7.96821448285634e-05, 0.031356838815045834], [0.0, 0.0, 0.0, 1.0]]}, "Hobj2base": {"type": "ndarray", "data": [[0.999987900579156, 0.004509081097033709, -0.00196643915551473, -0.734854139698939], [0.004514786256245608, -0.9999855842603671, 0.0029065402995122253, 0.08832801115191738], [-0.001953304981917563, -0.0029153831845310026, -0.9999938425513104, -0.003098578031534479], [0.0, 0.0, 0.0, 1.0]]}, "mean_rme": {"type": "float", "data": 0.0016376299963988842}, "max_rme": {"type": "float", "data": 0.0040640631110121506}, "simu": {"type": "float", "data": 0.002}}, {"type": "dict", "image_number": {"type": "int", "data": 16}, "Hcamera2end": {"type": "ndarray", "data": [[0.9999946694550422, 0.0032218024867061903, -0.0005301417146237736, -0.015530251697135948], [0.0005299796121135574, 5.116776846891824e-05, 0.999999858251725, 0.033508377376508094], [0.0032218291561897554, -0.999994808671823, 4.946000608463397e-05, 0.031537303005359396], [0.0, 0.0, 0.0, 1.0]]}, "Hobj2base": {"type": "ndarray", "data": [[0.9999928419357489, 0.0034606594603899476, -0.001529677535802935, -0.7350936602895666], [0.003465252098541187, -0.9999894659893478, 0.003009973128274608, 0.0886630497040844], [-0.001519244930181595, -0.0030152523009845944, -0.9999943000579572, -0.0029772315646307765], [0.0, 0.0, 0.0, 1.0]]}, "mean_rme": {"type": "float", "data": 0.001643680342871661}, "max_rme": {"type": "float", "data": 0.0039002428859170046}, "simu": {"type": "float", "data": 0.002}}, {"type": "dict", "image_number": {"type": "int", "data": 17}, "Hcamera2end": {"type": "ndarray", "data": [[0.999996883222097, 0.002402396006342953, -0.0006797348898190682, -0.015375796512869841], [0.000682084700183727, -0.0009774272305651532, 0.9999992896979831, 0.03312205597537262], [0.0024017299085253496, -0.9999966365590626, -0.0009790628217012376, 0.032187233657827226], [0.0, 0.0, 0.0, 1.0]]}, "Hobj2base": {"type": "ndarray", "data": [[0.9999952282954313, 0.003061686089021582, -0.0004116608563154865, -0.7348988946267434], [0.0030627457069896443, -0.9999919336651244, 0.0025984983008375284, 0.08899806658797892], [-0.0004037017496211438, -0.0025997467140917306, -0.9999965391649712, -0.0030395790556822185], [0.0, 0.0, 0.0, 1.0]]}, "mean_rme": {"type": "float", "data": 0.0016583742396286314}, "max_rme": {"type": "float", "data": 0.004175874140692121}, "simu": {"type": "float", "data": 0.002}}, {"type": "dict", "image_number": {"type": "int", "data": 18}, "Hcamera2end": {"type": "ndarray", "data": [[0.9999974826475797, 0.0020351883013822393, -0.0009448317741027645, -0.01488366802170783], [0.0009478600321736298, -0.001487499560724359, 0.9999984444519983, 0.03284268523243578], [0.0020337796987002074, -0.9999968226717697, -0.0014894248898125184, 0.03219169220857277], [0.0, 0.0, 0.0, 1.0]]}, "Hobj2base": {"type": "ndarray", "data": [[0.9999953816689316, 0.0030313617734549366, 0.0002179142172076343, -0.7344266726014529], [0.0030308245749668685, -0.9999924675958405, 0.002424634813206481, 0.08921139890518183], [0.0002252625210770204, -0.0024239631556754464, -0.9999970368253179, -0.0029546564659617353], [0.0, 0.0, 0.0, 1.0]]}, "mean_rme": {"type": "float", "data": 0.0016918436353091373}, "max_rme": {"type": "float", "data": 0.004627983975722977}, "simu": {"type": "float", "data": 0.002}}, {"type": "dict", "image_number": {"type": "int", "data": 19}, "Hcamera2end": {"type": "ndarray", "data": [[0.9999968625864175, 0.0023138928345028, -0.0009595401356826544, -0.014933931447371368], [0.0009638922615068136, -0.001880486407424442, 0.9999977673387975, 0.03263519870432486], [0.002312083266181512, -0.9999955548255312, -0.001882710850958036, 0.03254607967669512], [0.0, 0.0, 0.0, 1.0]]}, "Hobj2base": {"type": "ndarray", "data": [[0.9999941598834223, 0.003379750224806951, 0.0005074322281876565, -0.7345690013344516], [0.003378588647965116, -0.9999917097375912, 0.0022727944996424887, 0.08901235251609739], [0.0005151094991624367, -0.002271066821491887, -0.9999972884551722, -0.0029169717750339953], [0.0, 0.0, 0.0, 1.0]]}, "mean_rme": {"type": "float", "data": 0.0016901289178323086}, "max_rme": {"type": "float", "data": 0.004685645826230711}, "simu": {"type": "float", "data": 0.002}}, {"type": "dict", "image_number": {"type": "int", "data": 20}, "Hcamera2end": {"type": "ndarray", "data": [[0.9999990603918554, 0.001158351778969317, -0.0007331006497369705, -0.015223192503437935], [0.0007323510405649875, 0.0006474259980802088, 0.9999995222506511, 0.032463425570515445], [0.0011588258539873579, -0.999999119529979, 0.000646577069622789, 0.03166002659108139], [0.0, 0.0, 0.0, 1.0]]}, "Hobj2base": {"type": "ndarray", "data": [[0.999997858625886, 0.0017905097228622384, -0.0010376986918267707, -0.7346472955490582], [0.0017930287759337646, -0.999995435898976, 0.0024317131873193144, 0.08903595326395915], [-0.0010333399495600015, -0.002433568603726837, -0.9999965049700921, -0.002383203249454835], [0.0, 0.0, 0.0, 1.0]]}, "mean_rme": {"type": "float", "data": 0.0017616902620606173}, "max_rme": {"type": "float", "data": 0.0045780089221895415}, "simu": {"type": "float", "data": 0.002}}, {"type": "dict", "image_number": {"type": "int", "data": 21}, "Hcamera2end": {"type": "ndarray", "data": [[0.9999980443729823, 0.0016608276957444503, -0.001073732543934324, -0.015566834713773495], [0.0010720945197936619, 0.0009868458114269396, 0.9999989383737792, 0.03236754306391939], [0.0016618855410297946, -0.9999981338916136, 0.000985063317253676, 0.03196623536321182], [0.0, 0.0, 0.0, 1.0]]}, "Hobj2base": {"type": "ndarray", "data": [[0.9999973090840927, 0.002038289874812516, -0.0011077901244647159, -0.7349687047067951], [0.002040345472138295, -0.9999961930893881, 0.001857632117852507, 0.08846826258842676], [-0.0011039995144697902, -0.0018598873936852222, -0.9999976609992418, -0.0019934944751495683], [0.0, 0.0, 0.0, 1.0]]}, "mean_rme": {"type": "float", "data": 0.0018568203688514}, "max_rme": {"type": "float", "data": 0.00535116045778572}, "simu": {"type": "float", "data": 0.002}}, {"type": "dict", "image_number": {"type": "int", "data": 22}, "Hcamera2end": {"type": "ndarray", "data": [[0.9999981475204462, 0.0013020074732665685, -0.0014176502444006828, -0.01558704942103343], [0.0014162724263573304, 0.0010585389582993265, 0.9999984368326225, 0.032695921198886105], [0.0013035060760239019, -0.9999985921349157, 0.0010566930000942554, 0.032369258645906014], [0.0, 0.0, 0.0, 1.0]]}, "Hobj2base": {"type": "ndarray", "data": [[0.9999980487571465, 0.0015083474825435803, -0.0012756840406748305, -0.7353653278325777], [0.0015106292056883764, -0.9999972577352731, 0.0017895589782903046, 0.08849397133835696], [-0.0012729812656317155, -0.001791482571995211, -0.9999975850515299, -0.0023758284739832255], [0.0, 0.0, 0.0, 1.0]]}, "mean_rme": {"type": "float", "data": 0.0019170453946173358}, "max_rme": {"type": "float", "data": 0.005340602001387862}, "simu": {"type": "float", "data": 0.002}}, {"type": "dict", "image_number": {"type": "int", "data": 23}, "Hcamera2end": {"type": "ndarray", "data": [[0.9999994671520229, -0.0005102309448924324, 0.0008974185496123653, -0.016294684589157143], [-0.0008973433561192896, 0.00014758131857040002, 0.9999995864972423, 0.03220181998847544], [-0.0005103631761233908, -0.9999998589420586, 0.00014712338758349208, 0.0317105371766665], [0.0, 0.0, 0.0, 1.0]]}, "Hobj2base": {"type": "ndarray", "data": [[0.9999999221758534, 0.0003885607449098255, 6.832887111226858e-05, -0.733904566969849], [0.0003883311312138463, -0.9999943837147063, 0.0033289244475720268, 0.08907603445397289], [6.962197672093173e-05, -0.0033288976542735094, -0.9999944567812304, -0.0020628873089165865], [0.0, 0.0, 0.0, 1.0]]}, "mean_rme": {"type": "float", "data": 0.00201749312433344}, "max_rme": {"type": "float", "data": 0.006450513829473092}, "simu": {"type": "float", "data": 0.002}}, {"type": "dict", "image_number": {"type": "int", "data": 24}, "Hcamera2end": {"type": "ndarray", "data": [[0.9999994616146447, 1.366906180301703e-05, 0.0010375854555233195, -0.016072765348527657], [-0.0010375876985803398, 0.0001651252231829048, 0.9999994480725618, 0.03222438225224678], [1.349772272877213e-05, -0.9999999862734086, 0.00016513931713235674, 0.031572449261232365], [0.0, 0.0, 0.0, 1.0]]}, "Hobj2base": {"type": "ndarray", "data": [[0.9999996136502038, 0.0008354977834330649, -0.00027320852274341685, -0.7339711491304187], [0.0008364041847712361, -0.9999940907324634, 0.0033345056895208516, 0.08926672871856363], [-0.0002704209361687231, -0.0033347329139869963, -0.9999944031987926, -0.002157633593481314], [0.0, 0.0, 0.0, 1.0]]}, "mean_rme": {"type": "float", "data": 0.002010184671408081}, "max_rme": {"type": "float", "data": 0.006464685497516942}, "simu": {"type": "float", "data": 0.002}}, {"type": "dict", "image_number": {"type": "int", "data": 25}, "Hcamera2end": {"type": "ndarray", "data": [[0.9999995530138538, 0.00011468628115952016, 0.0009385196585815843, -0.01611320903670526], [-0.0009385567332748139, 0.0003236454270884037, 0.9999995071823268, 0.032127947206395446], [0.00011438247704436137, -0.9999999410503456, 0.0003237529220048163, 0.031321002774014936], [0.0, 0.0, 0.0, 1.0]]}, "Hobj2base": {"type": "ndarray", "data": [[0.9999996941081913, 0.0006092378235694672, -0.0004905229842082804, -0.7338422857825587], [0.0006108331841761595, -0.9999945034968296, 0.0032588125060715556, 0.0891651863696135], [-0.0004885348962085226, -0.0032591111369438598, -0.999994569749382, -0.0020326109848616313], [0.0, 0.0, 0.0, 1.0]]}, "mean_rme": {"type": "float", "data": 0.001972544017089396}, "max_rme": {"type": "float", "data": 0.00634611185459838}, "simu": {"type": "float", "data": 0.002}}, {"type": "dict", "image_number": {"type": "int", "data": 26}, "Hcamera2end": {"type": "ndarray", "data": [[0.9999979869078514, -0.0018100854274879664, 0.0008658931746821165, -0.01603864114553361], [-0.0008646396052857695, 0.0006932149464219384, 0.9999993859255071, 0.03220804011250892], [-0.0018106845660513697, -0.9999981215201273, 0.0006916484793668687, 0.03127959905273066], [0.0, 0.0, 0.0, 1.0]]}, "Hobj2base": {"type": "ndarray", "data": [[0.9999995980472872, -0.0008687022870194434, 0.00022194954488152107, -0.7335220659830948], [-0.0008693822274947493, -0.9999948727597172, 0.003081984558635057, 0.08946723401488965], [0.0002192710798582289, -0.0030821762788127236, -0.9999952260433946, -0.0022646781949301562], [0.0, 0.0, 0.0, 1.0]]}, "mean_rme": {"type": "float", "data": 0.001988876034975571}, "max_rme": {"type": "float", "data": 0.006802946033799051}, "simu": {"type": "float", "data": 0.002}}, {"type": "dict", "image_number": {"type": "int", "data": 27}, "Hcamera2end": {"type": "ndarray", "data": [[0.9999977195140721, -0.0020789918490446754, 0.0004886302760940711, -0.01583565000646175], [-0.0004890173646827135, -0.00018568626927129017, 0.9999998631913037, 0.032063132737480404], [-0.0020789008326874904, -0.9999978216543778, -0.0001867025089314911, 0.0318456080304937], [0.0, 0.0, 0.0, 1.0]]}, "Hobj2base": {"type": "ndarray", "data": [[0.9999987613200665, -0.0009055609889307352, 0.00128736848959241, -0.7334102769648161], [-0.0009091085042127107, -0.9999957842314846, 0.002757723877600627, 0.08942461822879454], [0.001284865775183066, -0.0027588908193053414, -0.9999953688099694, -0.002413620307466504], [0.0, 0.0, 0.0, 1.0]]}, "mean_rme": {"type": "float", "data": 0.0020189512297609873}, "max_rme": {"type": "float", "data": 0.006589409932338031}, "simu": {"type": "float", "data": 0.002}}, {"type": "dict", "image_number": {"type": "int", "data": 28}, "Hcamera2end": {"type": "ndarray", "data": [[0.9999983646687653, -0.0017704293420822204, 0.00036910667791304277, -0.015788054759818655], [-0.00036897348711407833, 7.555682156390464e-05, 0.9999999290748638, 0.03229674187166932], [-0.0017704571050416794, -0.9999984299343232, 7.49034565153961e-05, 0.032151200377209484], [0.0, 0.0, 0.0, 1.0]]}, "Hobj2base": {"type": "ndarray", "data": [[0.9999992686393716, -0.0007824373544331811, 0.0009222323504677025, -0.7338500636291432], [-0.0007850498588581002, -0.9999956708010442, 0.002835855406733625, 0.08944550454728666], [0.0009200094787383746, -0.002836577331077202, -0.9999955536959166, -0.002595351711276468], [0.0, 0.0, 0.0, 1.0]]}, "mean_rme": {"type": "float", "data": 0.0020447113228564116}, "max_rme": {"type": "float", "data": 0.006732966019231124}, "simu": {"type": "float", "data": 0.002}}, {"type": "dict", "image_number": {"type": "int", "data": 29}, "Hcamera2end": {"type": "ndarray", "data": [[0.999997689886182, -0.0021246163458485765, 0.00032592588481404324, -0.015716317685817285], [-0.00032369708734603835, 0.0010492947344696857, 0.9999993971001961, 0.03243755537326138], [-0.0021249570572325614, -0.9999971924890305, 0.0010486045783565379, 0.0315608788015819], [0.0, 0.0, 0.0, 1.0]]}, "Hobj2base": {"type": "ndarray", "data": [[0.9999987578766313, -0.0015754717547518228, -4.6194637368612334e-05, -0.733861699704903], [-0.001575330176734605, -0.9999944973916848, 0.0029195070109313583, 0.08954439423169926], [-5.079398401113888e-05, -0.0029194306127372244, -0.9999957371633488, -0.002587854240845036], [0.0, 0.0, 0.0, 1.0]]}, "mean_rme": {"type": "float", "data": 0.002036499295821329}, "max_rme": {"type": "float", "data": 0.006774359530639762}, "simu": {"type": "float", "data": 0.002}}, {"type": "dict", "image_number": {"type": "int", "data": 30}, "Hcamera2end": {"type": "ndarray", "data": [[0.9999970929728885, -0.0024098600892923, 8.136413308727406e-05, -0.015461339997995297], [-7.960898846664545e-05, 0.0007284050270160991, 0.9999997315442266, 0.03234101502798429], [-0.0024099187083950055, -0.9999968309952119, 0.000728211062998807, 0.031636373234294454], [0.0, 0.0, 0.0, 1.0]]}, "Hobj2base": {"type": "ndarray", "data": [[0.9999982969886602, -0.0018302827431463746, 0.00023682242194875735, -0.7336920304287451], [-0.0018309396296110237, -0.9999943928314359, 0.0028039197137425054, 0.08968520167440124], [0.00023168912818028682, -0.002804348546192963, -0.9999960409668529, -0.0024848087832820514], [0.0, 0.0, 0.0, 1.0]]}, "mean_rme": {"type": "float", "data": 0.002041027875614466}, "max_rme": {"type": "float", "data": 0.006699616422782384}, "simu": {"type": "float", "data": 0.002}}]}