{"type": "list", "data": [{"type": "dict", "image_number": {"type": "int", "data": 5}, "Hcamera2end": {"type": "ndarray", "data": [[0.9998947688114823, -0.00163034912280988, -0.014415036079385494, -0.018285759429906838], [0.014431503675895282, 0.010585362402727005, 0.999839828074705, 0.03271266068928377], [-0.0014774996057032941, -0.9999426443874373, 0.010607776881819353, 0.02429444412182306], [0.0, 0.0, 0.0, 1.0]]}, "Hobj2base": {"type": "ndarray", "data": [[0.9999885100496434, -0.0023919569684525367, -0.004154312284278984, -0.7289699500133228], [-0.0024575862656362373, -0.9998711182302376, -0.015865282813769047, 0.08077588847511444], [-0.004115827795376776, 0.015875310103270132, -0.9998655082013197, -0.003270576330188524], [0.0, 0.0, 0.0, 1.0]]}, "mean_rme": {"type": "float", "data": 0.0008510970436487015}, "max_rme": {"type": "float", "data": 0.005059040394809922}, "simu": {"type": "float", "data": 0.002}}, {"type": "dict", "image_number": {"type": "int", "data": 6}, "Hcamera2end": {"type": "ndarray", "data": [[0.9999956634511806, -0.00203565919581754, 0.002128184783216121, -0.016648114931640392], [-0.0020839455973446874, 0.021492790725224253, 0.9997668313749908, 0.03237757404258207], [-0.0020809251741321353, -0.9997669308586279, 0.021488455317669186, 0.025505397435464885], [0.0, 0.0, 0.0, 1.0]]}, "Hobj2base": {"type": "ndarray", "data": [[0.9999143959811397, -0.003191899778284171, -0.012689069527662182, -0.7353592887991504], [-0.0031576813172559362, -0.9999913266779792, 0.0027158088139962355, 0.09039974879026678], [-0.01269762806082728, -0.002675508292066441, -0.9999158024038866, -0.0009076721551457001], [0.0, 0.0, 0.0, 1.0]]}, "mean_rme": {"type": "float", "data": 0.0009173147862061026}, "max_rme": {"type": "float", "data": 0.005067290253512435}, "simu": {"type": "float", "data": 0.002}}, {"type": "dict", "image_number": {"type": "int", "data": 7}, "Hcamera2end": {"type": "ndarray", "data": [[0.9999881872192704, -0.004383677052507983, -0.0020997136511056854, -0.01831854150746153], [0.0021664738319509286, 0.01528047449379799, 0.9998808996527436, 0.03244754879893939], [-0.0043510703341587695, -0.9998736372536, 0.015289791110525308, 0.027536791887110227], [0.0, 0.0, 0.0, 1.0]]}, "Hobj2base": {"type": "ndarray", "data": [[0.9999540740736347, -0.004013901527271043, -0.008702777606560075, -0.7354913341707189], [-0.004042571503137251, -0.9999864519327462, -0.003279263118404542, 0.08674628687128973], [-0.008689497061504476, 0.003314294115958455, -0.9999567531125189, -0.0021548935351855775], [0.0, 0.0, 0.0, 1.0]]}, "mean_rme": {"type": "float", "data": 0.0014346801167117282}, "max_rme": {"type": "float", "data": 0.0046495379393622915}, "simu": {"type": "float", "data": 0.002}}, {"type": "dict", "image_number": {"type": "int", "data": 8}, "Hcamera2end": {"type": "ndarray", "data": [[0.9999881218631193, -0.004512191132232777, -0.0018428955091524118, -0.01820538407199335], [0.0019131782703824634, 0.015621743428728352, 0.9998761427702698, 0.03249167854847727], [-0.0044828430239291905, -0.9998677918922247, 0.015630190497547547, 0.028039796303674834], [0.0, 0.0, 0.0, 1.0]]}, "Hobj2base": {"type": "ndarray", "data": [[0.9999525878625797, -0.0036685676942232338, -0.009020179488390607, -0.7361871629353917], [-0.0036891683402729475, -0.9999906224666386, -0.0022682627142475748, 0.0864857895157265], [-0.009011773626041034, 0.0023014321316562115, -0.999956744737619, -0.001999581312127449], [0.0, 0.0, 0.0, 1.0]]}, "mean_rme": {"type": "float", "data": 0.0014907139334805297}, "max_rme": {"type": "float", "data": 0.004649369005685466}, "simu": {"type": "float", "data": 0.002}}, {"type": "dict", "image_number": {"type": "int", "data": 9}, "Hcamera2end": {"type": "ndarray", "data": [[0.999994138679325, -0.0032153954968096015, -0.00117636677699643, -0.018077117024735977], [0.0012201909964489636, 0.01366168735539841, 0.9999059302917128, 0.03244569613675699], [-0.0031990218703705853, -0.9999015049145603, 0.013665530676503113, 0.02965604663596218], [0.0, 0.0, 0.0, 1.0]]}, "Hobj2base": {"type": "ndarray", "data": [[0.9999611646734147, -0.0031056632591555146, -0.008247666379576395, -0.736420732124731], [-0.0031255385386702757, -0.9999922402451551, -0.0023980113258890152, 0.08710374615384874], [-0.008240154964037395, 0.0024236965974594803, -0.9999631120901271, -0.002156661749538047], [0.0, 0.0, 0.0, 1.0]]}, "mean_rme": {"type": "float", "data": 0.0015240052637310755}, "max_rme": {"type": "float", "data": 0.004544490235063731}, "simu": {"type": "float", "data": 0.002}}, {"type": "dict", "image_number": {"type": "int", "data": 10}, "Hcamera2end": {"type": "ndarray", "data": [[0.999994747959734, -0.003188273530271399, 0.0005822068742097062, -0.01827029160969782], [-0.0005475637970619477, 0.010855893538061157, 0.9999409231296509, 0.03194495185302477], [-0.0031944055528929614, -0.9999359901950656, 0.010854090739310873, 0.030711570918325982], [0.0, 0.0, 0.0, 1.0]]}, "Hobj2base": {"type": "ndarray", "data": [[0.9999777964355651, -0.0032820978804846248, -0.005799523202353304, -0.7364421257434194], [-0.003285367119461159, -0.9999944495577098, -0.0005542712907118777, 0.08766944840139769], [-0.005797671839805999, 0.0005733125467511235, -0.9999830290129736, -0.0014632204492792955], [0.0, 0.0, 0.0, 1.0]]}, "mean_rme": {"type": "float", "data": 0.0016307990653626604}, "max_rme": {"type": "float", "data": 0.004966752439971883}, "simu": {"type": "float", "data": 0.002}}, {"type": "dict", "image_number": {"type": "int", "data": 11}, "Hcamera2end": {"type": "ndarray", "data": [[0.9999998604047714, 0.0005283747987577087, 3.2418779696280616e-06, -0.017353900793566853], [-7.285852332664783e-06, 0.0076537872591612155, 0.9999707093147818, 0.031583156271459405], [0.0005283345096535015, -0.9999705697472618, 0.007653790040389796, 0.03151132871729696], [0.0, 0.0, 0.0, 1.0]]}, "Hobj2base": {"type": "ndarray", "data": [[0.9999910052124468, 0.0003283436232091327, -0.004228674102527019, -0.7367325744627327], [0.00032493190077343385, -0.9999996212069413, -0.0008074684102021164, 0.08796328155350217], [-0.004228937627838055, 0.0008060871160814251, -0.999990733112113, -0.0015319743081025046], [0.0, 0.0, 0.0, 1.0]]}, "mean_rme": {"type": "float", "data": 0.0019757615181780004}, "max_rme": {"type": "float", "data": 0.0062016869993119506}, "simu": {"type": "float", "data": 0.002}}, {"type": "dict", "image_number": {"type": "int", "data": 12}, "Hcamera2end": {"type": "ndarray", "data": [[0.9999970557946662, -0.002426598404991499, -4.709571295474129e-06, -0.015522073552904761], [3.1688626938821155e-05, 0.011118136970433179, 0.999938191102899, 0.03160442810140196], [-0.002426396057961644, -0.9999352472287832, 0.01111818113192653, 0.029164285811850373], [0.0, 0.0, 0.0, 1.0]]}, "Hobj2base": {"type": "ndarray", "data": [[0.9999738311454248, -0.00228679417304391, -0.006863497413962762, -0.7363244071958234], [-0.002283461232274557, -0.9999972711764331, 0.0004934009401019759, 0.09036628811685943], [-0.006864606991084069, -0.00047771549810192654, -0.9999763241991084, -0.0010094589726079202], [0.0, 0.0, 0.0, 1.0]]}, "mean_rme": {"type": "float", "data": 0.002203441920987886}, "max_rme": {"type": "float", "data": 0.006633132776766221}, "simu": {"type": "float", "data": 0.002}}, {"type": "dict", "image_number": {"type": "int", "data": 13}, "Hcamera2end": {"type": "ndarray", "data": [[0.9999941238998145, -0.003294262657101495, -0.0009486829758367503, -0.014690616296346534], [0.0009954561426250609, 0.014225880688239934, 0.9998983115225829, 0.030441994097733526], [-0.003280431817722464, -0.9998933803922246, 0.014229076389537187, 0.02794541892439954], [0.0, 0.0, 0.0, 1.0]]}, "Hobj2base": {"type": "ndarray", "data": [[0.9999529574404399, -0.003167240164114897, -0.009167960289000958, -0.7362279967215245], [-0.0031654407814478078, -0.999994967767124, 0.0002107725985486432, 0.09112846181734896], [-0.009168581721129401, -0.00018174204788462466, -0.999957951155473, 0.00029535646377304865], [0.0, 0.0, 0.0, 1.0]]}, "mean_rme": {"type": "float", "data": 0.002234713478315336}, "max_rme": {"type": "float", "data": 0.0070827774946624344}, "simu": {"type": "float", "data": 0.002}}, {"type": "dict", "image_number": {"type": "int", "data": 14}, "Hcamera2end": {"type": "ndarray", "data": [[0.9999947442851911, -0.003196427201446888, -0.0005424528929410487, -0.014981862092546339], [0.0005873068546962349, 0.014048341021975164, 0.9999011447064097, 0.030544063027359483], [-0.0031884906544690566, -0.9998962080974585, 0.014050144471507098, 0.028073905869719536], [0.0, 0.0, 0.0, 1.0]]}, "Hobj2base": {"type": "ndarray", "data": [[0.9999561230777503, -0.002804160188195437, -0.00893804256837915, -0.7363260858113302], [-0.0028062802170966575, -0.9999960371520185, -0.00022465885651169984, 0.09101744640577], [-0.008937377168853844, 0.00024973165121173015, -0.9999600296629081, 0.00034813673296919215], [0.0, 0.0, 0.0, 1.0]]}, "mean_rme": {"type": "float", "data": 0.002177517329439302}, "max_rme": {"type": "float", "data": 0.006971192481518479}, "simu": {"type": "float", "data": 0.002}}, {"type": "dict", "image_number": {"type": "int", "data": 15}, "Hcamera2end": {"type": "ndarray", "data": [[0.9999944977724783, -0.003279437101737547, -0.0004997169844742589, -0.014728572424903493], [0.0005435768603212988, 0.013386973693357396, 0.9999102427015788, 0.030569789067855818], [-0.0032724530501976722, -0.9999050126025116, 0.013388682661305662, 0.02776935547340419], [0.0, 0.0, 0.0, 1.0]]}, "Hobj2base": {"type": "ndarray", "data": [[0.9999587235907758, -0.002870013895215793, -0.008620564653654503, -0.735641702938529], [-0.002877607199641184, -0.9999954824784654, -0.0008685617222804286, 0.09082707834821142], [-0.008618032925856244, 0.0008933324700836717, -0.9999624650283561, 0.00026770759128948255], [0.0, 0.0, 0.0, 1.0]]}, "mean_rme": {"type": "float", "data": 0.002228505160999075}, "max_rme": {"type": "float", "data": 0.007522984150979267}, "simu": {"type": "float", "data": 0.002}}, {"type": "dict", "image_number": {"type": "int", "data": 16}, "Hcamera2end": {"type": "ndarray", "data": [[0.9999972211866438, -0.0023508438906835478, -0.0001764992694626901, -0.014710572657586057], [0.00020952301210814357, 0.014054781708325637, 0.9999012047253661, 0.030634264169796005], [-0.0023481309797117695, -0.9998984631672021, 0.014055235208603523, 0.027583951787530852], [0.0, 0.0, 0.0, 1.0]]}, "Hobj2base": {"type": "ndarray", "data": [[0.9999535825019147, -0.0023710467918737514, -0.009338681850094106, -0.7356283168282584], [-0.0023794556761805785, -0.999996773548971, -0.0008894280935175564, 0.09056912908334255], [-0.0093365428436667, 0.0009116077880269794, -0.9999559980013968, 0.0003861344431579164], [0.0, 0.0, 0.0, 1.0]]}, "mean_rme": {"type": "float", "data": 0.002248905153103591}, "max_rme": {"type": "float", "data": 0.008048069222327175}, "simu": {"type": "float", "data": 0.002}}, {"type": "dict", "image_number": {"type": "int", "data": 17}, "Hcamera2end": {"type": "ndarray", "data": [[0.9999938639828547, -0.0023847528839791255, -0.002566115804532479, -0.014046597378794734], [0.002596412273071773, 0.012789189709288884, 0.9999148440091726, 0.030731433296905666], [-0.0023517312661442418, -0.999915371209115, 0.012795303036257755, 0.028554811327599013], [0.0, 0.0, 0.0, 1.0]]}, "Hobj2base": {"type": "ndarray", "data": [[0.9999601599548524, -0.002245648217402979, -0.008639187875582719, -0.7361987928251486], [-0.002271324183931609, -0.9999930297313775, -0.0029633722533412635, 0.09028662574285648], [-0.008632472966504328, 0.0029828765888082415, -0.9999582905590305, 0.00015775597903474342], [0.0, 0.0, 0.0, 1.0]]}, "mean_rme": {"type": "float", "data": 0.002382237367626899}, "max_rme": {"type": "float", "data": 0.006903920091908183}, "simu": {"type": "float", "data": 0.002}}, {"type": "dict", "image_number": {"type": "int", "data": 18}, "Hcamera2end": {"type": "ndarray", "data": [[0.9999933035769375, -0.0024599368002885236, -0.0027095225080284915, -0.013999767068361228], [0.0027391343236790465, 0.012115145948471517, 0.9999228572153974, 0.030677590423381043], [-0.0024269207732783692, -0.999923583055018, 0.012121802917652524, 0.028823100566728828], [0.0, 0.0, 0.0, 1.0]]}, "Hobj2base": {"type": "ndarray", "data": [[0.9999653215909061, -0.002404737899817673, -0.007973258507593091, -0.7360961991244269], [-0.0024241482886592216, -0.9999941198070246, -0.002425666186538131, 0.09030297013725047], [-0.007967378531883349, 0.002444910429260008, -0.9999652710431111, 8.08579919951486e-05], [0.0, 0.0, 0.0, 1.0]]}, "mean_rme": {"type": "float", "data": 0.002277967708858835}, "max_rme": {"type": "float", "data": 0.006889283352288028}, "simu": {"type": "float", "data": 0.002}}, {"type": "dict", "image_number": {"type": "int", "data": 19}, "Hcamera2end": {"type": "ndarray", "data": [[0.9999944924104064, -0.0020722222990307813, -0.002592497559722356, -0.013888683742652392], [0.002620429005989658, 0.013591878991555895, 0.9999041924991132, 0.030643120864063123], [-0.0020367868514733793, -0.9999054788929913, 0.01359723424448378, 0.02774406687945584], [0.0, 0.0, 0.0, 1.0]]}, "Hobj2base": {"type": "ndarray", "data": [[0.9999521690189779, -0.002108516610129497, -0.009550593277188333, -0.7360439496339304], [-0.0021261806136492947, -0.9999960473423923, -0.0018397433488664965, 0.09060916482490644], [-0.0095466763975537, 0.0018599616384120986, -0.9999526996375698, 0.00027151055094572874], [0.0, 0.0, 0.0, 1.0]]}, "mean_rme": {"type": "float", "data": 0.002360101652043599}, "max_rme": {"type": "float", "data": 0.007091781485380727}, "simu": {"type": "float", "data": 0.002}}, {"type": "dict", "image_number": {"type": "int", "data": 20}, "Hcamera2end": {"type": "ndarray", "data": [[0.9999938717571659, -0.0025960852598799697, -0.0023487846721583884, -0.013775076319409496], [0.002381032271384962, 0.012489132669949887, 0.9999191728587241, 0.030654444528262277], [-0.0025665411423461742, -0.9999186376433215, 0.012495237496295108, 0.027972090994832232], [0.0, 0.0, 0.0, 1.0]]}, "Hobj2base": {"type": "ndarray", "data": [[0.9999632289487714, -0.0026375674968303286, -0.008159901227748543, -0.7355903259094778], [-0.0026561603620368656, -0.9999938991882125, -0.0022685674965917026, 0.09081091263717458], [-0.00815386794583357, 0.002290158085179352, -0.9999641341635543, 0.00010042033736234468], [0.0, 0.0, 0.0, 1.0]]}, "mean_rme": {"type": "float", "data": 0.002342526701922964}, "max_rme": {"type": "float", "data": 0.007432993166483687}, "simu": {"type": "float", "data": 0.002}}, {"type": "dict", "image_number": {"type": "int", "data": 21}, "Hcamera2end": {"type": "ndarray", "data": [[0.9999959559482666, -0.0016157445604121647, -0.002340396681730354, -0.013930984191475235], [0.0023617694658274687, 0.01335513475131378, 0.9999080269808641, 0.031133636823687482], [-0.0015843396424507542, -0.9999095107784953, 0.013358896758625338, 0.02762543780501786], [0.0, 0.0, 0.0, 1.0]]}, "Hobj2base": {"type": "ndarray", "data": [[0.9999608995308152, -0.0017084474955655047, -0.008676440322955727, -0.7355986971285378], [-0.0017294688688347262, -0.9999955862063219, -0.0024158860292401406, 0.09055156138990521], [-0.008672274612502055, 0.0024307972003937547, -0.999959440616476, -0.00036160949770991645], [0.0, 0.0, 0.0, 1.0]]}, "mean_rme": {"type": "float", "data": 0.002306308454871348}, "max_rme": {"type": "float", "data": 0.007607550881702424}, "simu": {"type": "float", "data": 0.002}}, {"type": "dict", "image_number": {"type": "int", "data": 22}, "Hcamera2end": {"type": "ndarray", "data": [[0.999997505623881, -0.0014159789385557319, -0.0017273533690385409, -0.014229682791334132], [0.001745445550696174, 0.012877083856805638, 0.999915563500826, 0.03118145063619347], [-0.0013936161040678113, -0.9999160843365759, 0.012879523250653335, 0.027852581476378004], [0.0, 0.0, 0.0, 1.0]]}, "Hobj2base": {"type": "ndarray", "data": [[0.9999630560505547, -0.0016871448319725666, -0.008428527531619932, -0.7356061043186561], [-0.0017032311342709853, -0.9999967411871427, -0.0019017409912511706, 0.09054103295005117], [-0.008425291552140906, 0.0019160264639360468, -0.9999626709556966, -0.0003206357162363767], [0.0, 0.0, 0.0, 1.0]]}, "mean_rme": {"type": "float", "data": 0.002253114118175134}, "max_rme": {"type": "float", "data": 0.007679595683909274}, "simu": {"type": "float", "data": 0.002}}, {"type": "dict", "image_number": {"type": "int", "data": 23}, "Hcamera2end": {"type": "ndarray", "data": [[0.9999972063400655, -0.0015867546533387014, -0.0017520050612217556, -0.014226314275670714], [0.0017717618136274295, 0.012536426144359458, 0.9999198462274876, 0.03123084133783206], [-0.0015646635869126348, -0.9999201569271403, 0.012539202473150324, 0.028278669776007362], [0.0, 0.0, 0.0, 1.0]]}, "Hobj2base": {"type": "ndarray", "data": [[0.9999653881889445, -0.0020963113538063215, -0.008051577661636833, -0.7357952992328921], [-0.002110538357326016, -0.9999962259540798, -0.0017588932424552845, 0.09051028239096111], [-0.00804786008673872, 0.0017758255274665836, -0.999966038619172, -0.00034720313908845454], [0.0, 0.0, 0.0, 1.0]]}, "mean_rme": {"type": "float", "data": 0.0022161990598498185}, "max_rme": {"type": "float", "data": 0.00755687122839413}, "simu": {"type": "float", "data": 0.002}}, {"type": "dict", "image_number": {"type": "int", "data": 24}, "Hcamera2end": {"type": "ndarray", "data": [[0.9999971304029063, -0.0014551165966180662, -0.0019031084160190778, -0.014173417877398639], [0.0019207352627913907, 0.012209817752092511, 0.9999236126457416, 0.03059344954349121], [-0.0014317688371890463, -0.9999243986352924, 0.012212577608593622, 0.028431441908038337], [0.0, 0.0, 0.0, 1.0]]}, "Hobj2base": {"type": "ndarray", "data": [[0.9999662989924881, -0.002418725100728248, -0.00784542211439535, -0.7357417632101461], [-0.002433821855580322, -0.999995204058094, -0.0019152994509926155, 0.09044010627156168], [-0.00784075190534913, 0.0019343292632796984, -0.9999673899582229, 0.00017903579357211874], [0.0, 0.0, 0.0, 1.0]]}, "mean_rme": {"type": "float", "data": 0.002173558065585198}, "max_rme": {"type": "float", "data": 0.00759629445999252}, "simu": {"type": "float", "data": 0.002}}, {"type": "dict", "image_number": {"type": "int", "data": 25}, "Hcamera2end": {"type": "ndarray", "data": [[0.9999964121114313, -0.002088423170149927, -0.0016775735235135562, -0.014376155197696498], [0.0017017454135238332, 0.011626765280439155, 0.9999309588124877, 0.03029080259204945], [-0.0020687742293356605, -0.9999302259746806, 0.011630277529452115, 0.028822355079530012], [0.0, 0.0, 0.0, 1.0]]}, "Hobj2base": {"type": "ndarray", "data": [[0.9999706469497981, -0.0027723617535290244, -0.007142776008650205, -0.7356092757383113], [-0.0027833357472871957, -0.9999949608050762, -0.0015268944206454265, 0.0904971685916661], [-0.007138506911116127, 0.0015467303454365857, -0.9999733243163631, 0.00045273279432066714], [0.0, 0.0, 0.0, 1.0]]}, "mean_rme": {"type": "float", "data": 0.002162748264287797}, "max_rme": {"type": "float", "data": 0.007541310734653334}, "simu": {"type": "float", "data": 0.002}}, {"type": "dict", "image_number": {"type": "int", "data": 26}, "Hcamera2end": {"type": "ndarray", "data": [[0.9999965477878808, -0.002273593884898757, -0.0013172635146664518, -0.014441410893434934], [0.0013429121507785458, 0.011316682376178111, 0.999935062535039, 0.03031333605022335], [-0.002258539190674312, -0.9999333795162774, 0.011319696545443958, 0.029058879895717527], [0.0, 0.0, 0.0, 1.0]]}, "Hobj2base": {"type": "ndarray", "data": [[0.9999705517937821, -0.0029446045777060895, -0.007086949211039386, -0.735729161043096], [-0.0029518424583639393, -0.9999951321861591, -0.0010110539480329957, 0.0905710862185862], [-0.007083937559006246, 0.0010319437318892517, -0.9999743761321052, 0.00047777383678396663], [0.0, 0.0, 0.0, 1.0]]}, "mean_rme": {"type": "float", "data": 0.0021399473989681447}, "max_rme": {"type": "float", "data": 0.007534774785123904}, "simu": {"type": "float", "data": 0.002}}, {"type": "dict", "image_number": {"type": "int", "data": 27}, "Hcamera2end": {"type": "ndarray", "data": [[0.9999942261630702, -0.0023623938210863343, -0.0024426903112232247, -0.013892477069511047], [0.002471904369876412, 0.012443467155419219, 0.999919521668588, 0.030468478844250593], [-0.0023318081629149097, -0.9999197863931816, 0.012449234920478669, 0.027952144799101623], [0.0, 0.0, 0.0, 1.0]]}, "Hobj2base": {"type": "ndarray", "data": [[0.9999647676594049, -0.002998081852244878, -0.007840595964569532, -0.7352570027903711], [-0.003016993248432458, -0.9999925657991464, -0.0024012701179377013, 0.09033959260146084], [-0.00783333847164139, 0.0024248405406598387, -0.9999663789131821, 0.00048782529892184545], [0.0, 0.0, 0.0, 1.0]]}, "mean_rme": {"type": "float", "data": 0.0021878276624113335}, "max_rme": {"type": "float", "data": 0.007652325353035089}, "simu": {"type": "float", "data": 0.002}}, {"type": "dict", "image_number": {"type": "int", "data": 28}, "Hcamera2end": {"type": "ndarray", "data": [[0.9999935868595605, -0.0019665113623149604, -0.0029931710295909636, -0.013834511969793522], [0.003016322514248345, 0.011877322542664825, 0.9999249126848011, 0.03044755558847039], [-0.0019308128445126452, -0.9999275283950728, 0.011883178004224004, 0.02837178889443711], [0.0, 0.0, 0.0, 1.0]]}, "Hobj2base": {"type": "ndarray", "data": [[0.9999680683437294, -0.002694379889291654, -0.007523470603556055, -0.7355202364629726], [-0.0027167145752717355, -0.9999919288155144, -0.0029600279970141436, 0.090189116405103], [-0.007515434440329949, 0.0029803726006629007, -0.9999673172780865, 0.0004736284559996128], [0.0, 0.0, 0.0, 1.0]]}, "mean_rme": {"type": "float", "data": 0.0022178637707722104}, "max_rme": {"type": "float", "data": 0.007286218494350433}, "simu": {"type": "float", "data": 0.002}}, {"type": "dict", "image_number": {"type": "int", "data": 29}, "Hcamera2end": {"type": "ndarray", "data": [[0.9999914110861636, -0.0022249567671388257, -0.0034967586830777827, -0.01352739699884195], [0.003523835872556733, 0.012284504694742626, 0.9999183334278596, 0.030508970801283772], [-0.0021818191140878422, -0.9999220672191356, 0.012292239566661145, 0.028127316478595447], [0.0, 0.0, 0.0, 1.0]]}, "Hobj2base": {"type": "ndarray", "data": [[0.9999615509375847, -0.003069840039232542, -0.008214178512413494, -0.735540377848293], [-0.0030974790278933966, -0.9999895774730387, -0.003354186781468011, 0.09018467464026098], [-0.00820379608303567, 0.0033795010618046712, -0.9999606375765002, 0.0005296432281694882], [0.0, 0.0, 0.0, 1.0]]}, "mean_rme": {"type": "float", "data": 0.0022213475410679125}, "max_rme": {"type": "float", "data": 0.007210018058694451}, "simu": {"type": "float", "data": 0.002}}, {"type": "dict", "image_number": {"type": "int", "data": 30}, "Hcamera2end": {"type": "ndarray", "data": [[0.9999979567892595, -0.0018726271601645153, -0.0007613703600918738, -0.014814434000302024], [0.0007796944436762212, 0.00980404128350476, 0.9999516352559684, 0.030318698768448882], [-0.0018650720845888704, -0.9999501857802867, 0.009805481328774124, 0.029060531713467966], [0.0, 0.0, 0.0, 1.0]]}, "Hobj2base": {"type": "ndarray", "data": [[0.9999754130221595, -0.0027939001731808887, -0.006431755046941081, -0.7352342708438059], [-0.0028037077678345827, -0.9999949199253337, -0.00151635954778213, 0.09006386020264903], [-0.0064274858159420545, 0.0015343550266694486, -0.9999781663520151, 0.0002043579096105419], [0.0, 0.0, 0.0, 1.0]]}, "mean_rme": {"type": "float", "data": 0.00232218316701159}, "max_rme": {"type": "float", "data": 0.011425291676186222}, "simu": {"type": "float", "data": 0.002}}]}