{"type": "list", "data": [{"type": "dict", "image_number": {"type": "int", "data": 5}, "Hcamera2end": {"type": "ndarray", "data": [[0.999997852779746, -0.001712571588685176, -0.0011668480839786737, -0.014506347009487984], [0.001143473916323464, -0.013586676568107858, 0.9999070430231185, 0.030744073465778364], [-0.0017282659807287331, -0.9999062302628119, -0.013584689113579351, 0.02966480939578779], [0.0, 0.0, 0.0, 1.0]]}, "Hobj2base": {"type": "ndarray", "data": [[0.9998840632871316, -0.0017293481835255746, 0.015128428182577112, -0.7235373701908687], [-0.0017733621891827735, -0.9999942329332459, 0.002896426556140163, 0.08928863955028891], [0.015123332005918321, -0.002922918936486929, -0.9998813636496728, -0.0021989268169320788], [0.0, 0.0, 0.0, 1.0]]}, "mean_rme": {"type": "float", "data": 0.0010398807890110618}, "max_rme": {"type": "float", "data": 0.003554297142036922}, "simu": {"type": "float", "data": 0.002}}, {"type": "dict", "image_number": {"type": "int", "data": 6}, "Hcamera2end": {"type": "ndarray", "data": [[0.9999974017792504, -0.0018582383379059254, -0.001320373063909005, -0.014103246678447914], [0.001328586157962637, 0.004425555880727794, 0.9999893246000016, 0.03037684070394509], [-0.0018523751156906392, -0.999988480636365, 0.00442801321189068, 0.03111390840900987], [0.0, 0.0, 0.0, 1.0]]}, "Hobj2base": {"type": "ndarray", "data": [[0.9999974833474441, -0.001723158117630013, -0.0014366714585947302, -0.7335384608034704], [-0.0017202537580636426, -0.9999964793896374, 0.002020379998292584, 0.08965885849697992], [-0.0014401478348290613, -0.002017903474222347, -0.9999969270151694, 0.00012408309606789145], [0.0, 0.0, 0.0, 1.0]]}, "mean_rme": {"type": "float", "data": 0.0010121257393835743}, "max_rme": {"type": "float", "data": 0.003187686977883103}, "simu": {"type": "float", "data": 0.002}}, {"type": "dict", "image_number": {"type": "int", "data": 7}, "Hcamera2end": {"type": "ndarray", "data": [[0.9999950518347941, -0.001625763151182629, -0.0026931765823439867, -0.013325992508782445], [0.0027019536249418496, 0.005420884958824312, 0.9999816565581949, 0.030124772723138935], [-0.0016111339286641903, -0.9999839853219847, 0.005425250872029608, 0.030032200202691223], [0.0, 0.0, 0.0, 1.0]]}, "Hobj2base": {"type": "ndarray", "data": [[0.9999974887906544, -0.0013795291036174588, -0.0017661573647760982, -0.7330838762362044], [-0.0013778671358283612, -0.9999986071721241, 0.0009418789562647943, 0.08988045810724121], [-0.001767454254255139, -0.0009394430608199308, -0.9999979967740911, -0.0001041987384739088], [0.0, 0.0, 0.0, 1.0]]}, "mean_rme": {"type": "float", "data": 0.0010666918998203272}, "max_rme": {"type": "float", "data": 0.0032080074542687465}, "simu": {"type": "float", "data": 0.002}}, {"type": "dict", "image_number": {"type": "int", "data": 8}, "Hcamera2end": {"type": "ndarray", "data": [[0.9999975364137816, -0.0019222562907146542, -0.001109998702859551, -0.013965523721451888], [0.0011211127959802533, 0.00579040235131334, 0.9999826070220964, 0.030236949747203253], [-0.001915795517854472, -0.9999813879124765, 0.005792543152282614, 0.03005558196075526], [0.0, 0.0, 0.0, 1.0]]}, "Hobj2base": {"type": "ndarray", "data": [[0.999996980483309, -0.0014670906119331497, -0.00197146377113285, -0.7332624961452529], [-0.001462193321606267, -0.9999958477512838, 0.002483237983166179, 0.08992048097714744], [-0.0019750987202572364, -0.002480347823827702, -0.9999949734172255, 0.0001323613031803672], [0.0, 0.0, 0.0, 1.0]]}, "mean_rme": {"type": "float", "data": 0.0010258403060765195}, "max_rme": {"type": "float", "data": 0.003218317701748269}, "simu": {"type": "float", "data": 0.002}}, {"type": "dict", "image_number": {"type": "int", "data": 9}, "Hcamera2end": {"type": "ndarray", "data": [[0.9999979144619638, -0.0019810704674123173, 0.0004964187003769182, -0.01516159301855612], [-0.00048196042854289044, 0.007292027812220825, 0.9999732966657318, 0.030078851094998773], [-0.0019846374651950717, -0.9999714504375559, 0.0072910578068480225, 0.02949321034327791], [0.0, 0.0, 0.0, 1.0]]}, "Hobj2base": {"type": "ndarray", "data": [[0.9999901854953681, -0.002662590174905311, -0.003541119385122652, -0.7336160286963722], [-0.002653797632005821, -0.9999933901270679, 0.0024853692487436145, 0.08992963846995393], [-0.0035477134985161946, -0.0024759474418367226, -0.9999906416628097, 0.00025230289641478863], [0.0, 0.0, 0.0, 1.0]]}, "mean_rme": {"type": "float", "data": 0.0011401540766252734}, "max_rme": {"type": "float", "data": 0.0034508927768068798}, "simu": {"type": "float", "data": 0.002}}, {"type": "dict", "image_number": {"type": "int", "data": 10}, "Hcamera2end": {"type": "ndarray", "data": [[0.9999950732955967, -0.0024325966820082797, 0.0019838996741227363, -0.015811507118189922], [-0.0019640316521132768, 0.008142779964505298, 0.9999649182416946, 0.02996386203515067], [-0.0024486658007574626, -0.9999638881518834, 0.008137962150555067, 0.028762836940890157], [0.0, 0.0, 0.0, 1.0]]}, "Hobj2base": {"type": "ndarray", "data": [[0.9999854329794969, -0.0030284689157654672, -0.004467908328778044, -0.733286002093662], [-0.00301311241741553, -0.9999895443986386, 0.0034398033320403414, 0.0902664955870913], [-0.004478278951577071, -0.0034262909142893615, -0.9999841026477383, 0.0003644978886389094], [0.0, 0.0, 0.0, 1.0]]}, "mean_rme": {"type": "float", "data": 0.0011714726986396414}, "max_rme": {"type": "float", "data": 0.0035925378092154236}, "simu": {"type": "float", "data": 0.002}}, {"type": "dict", "image_number": {"type": "int", "data": 11}, "Hcamera2end": {"type": "ndarray", "data": [[0.9999940966315385, -0.0027173810887715414, 0.00210298409208715, -0.015725782975802415], [-0.002082602439071791, 0.007481662543004086, 0.9999698432916232, 0.03013434473858195], [-0.0027330329588128, -0.9999683197809873, 0.007475959151510003, 0.028780704236926528], [0.0, 0.0, 0.0, 1.0]]}, "Hobj2base": {"type": "ndarray", "data": [[0.9999857377977193, -0.003506647631342267, -0.004028352459838324, -0.7329011194555953], [-0.003494912393838923, -0.9999896397084125, 0.0029165155919290277, 0.09038125558061566], [-0.004038537917424435, -0.0029023952570550603, -0.9999876330801598, 0.00037157167662876296], [0.0, 0.0, 0.0, 1.0]]}, "mean_rme": {"type": "float", "data": 0.0011909897539206446}, "max_rme": {"type": "float", "data": 0.00398300647895844}, "simu": {"type": "float", "data": 0.002}}, {"type": "dict", "image_number": {"type": "int", "data": 12}, "Hcamera2end": {"type": "ndarray", "data": [[0.9999881216391844, -0.003601774822871164, 0.0032838694646883902, -0.0159417812133005], [-0.003255992714305947, 0.007718472329320769, 0.9999649112325619, 0.028497306173017132], [-0.003626994896628339, -0.9999637255435951, 0.007706653293939714, 0.028630180108309016], [0.0, 0.0, 0.0, 1.0]]}, "Hobj2base": {"type": "ndarray", "data": [[0.9999817126316395, -0.004588757814756639, -0.003939251706949525, -0.7327469890241342], [-0.00457756252038182, -0.9999854721080252, 0.0028463123971513554, 0.0906462265163606], [-0.003952255516181931, -0.0028282281746159973, -0.9999881903311296, 0.00208617867502627], [0.0, 0.0, 0.0, 1.0]]}, "mean_rme": {"type": "float", "data": 0.0012373806163622151}, "max_rme": {"type": "float", "data": 0.00438036666221131}, "simu": {"type": "float", "data": 0.002}}, {"type": "dict", "image_number": {"type": "int", "data": 13}, "Hcamera2end": {"type": "ndarray", "data": [[0.9999847232400846, -0.004577781447649721, 0.0030979353558433934, -0.015383431102190977], [-0.0030554459331563824, 0.009259687235279035, 0.9999524600912056, 0.02835380250028963], [-0.004606249732807442, -0.9999466496315302, 0.00924555861355325, 0.02797009295381321], [0.0, 0.0, 0.0, 1.0]]}, "Hobj2base": {"type": "ndarray", "data": [[0.999975852662906, -0.005055684011078051, -0.004768034214887378, -0.7326372373144264], [-0.005042639752158141, -0.9999835214321335, 0.0027438382822242507, 0.09123026902343767], [-0.004781827623844406, -0.0027197285469646774, -0.9999848684861217, 0.002092676991128306], [0.0, 0.0, 0.0, 1.0]]}, "mean_rme": {"type": "float", "data": 0.0013233622012542646}, "max_rme": {"type": "float", "data": 0.00410573672455844}, "simu": {"type": "float", "data": 0.002}}, {"type": "dict", "image_number": {"type": "int", "data": 14}, "Hcamera2end": {"type": "ndarray", "data": [[0.9999789481758036, -0.006418472084951484, 0.0009520616094684893, -0.014501035527299196], [-0.0009084987679689729, 0.006786607197421746, 0.999976558021605, 0.028384476010361367], [-0.006424782891438748, -0.9999563716377043, 0.006780633152978721, 0.028914626515435134], [0.0, 0.0, 0.0, 1.0]]}, "Hobj2base": {"type": "ndarray", "data": [[0.9999733133237486, -0.006661955581055454, -0.0029984976505235367, -0.7325410455792583], [-0.006660278665897095, -0.999977658276372, 0.0005688903201733999, 0.09156556089085563], [-0.003002220580961216, -0.0005489043084500783, -0.9999953426769765, 0.0017292755992570313], [0.0, 0.0, 0.0, 1.0]]}, "mean_rme": {"type": "float", "data": 0.001453889252956358}, "max_rme": {"type": "float", "data": 0.0040054591638296055}, "simu": {"type": "float", "data": 0.002}}, {"type": "dict", "image_number": {"type": "int", "data": 15}, "Hcamera2end": {"type": "ndarray", "data": [[0.9999725469592329, -0.007216556726706745, 0.0016812605018213865, -0.014897008723724863], [-0.001631579412613081, 0.006884695778730521, 0.9999749691430554, 0.02843227222564486], [-0.007227951057187522, -0.9999502598994835, 0.006872732387511404, 0.028011853926733287], [0.0, 0.0, 0.0, 1.0]]}, "Hobj2base": {"type": "ndarray", "data": [[0.9999707506649207, -0.007256689590081507, -0.002416251400023816, -0.7316351869175483], [-0.007251211684257036, -0.9999711371740017, 0.0022682037041920284, 0.09190313602271911], [-0.0024326413103884837, -0.002250616610357901, -0.9999945084754855, 0.0018298963402921624], [0.0, 0.0, 0.0, 1.0]]}, "mean_rme": {"type": "float", "data": 0.001506928912080783}, "max_rme": {"type": "float", "data": 0.0039050845417822333}, "simu": {"type": "float", "data": 0.002}}, {"type": "dict", "image_number": {"type": "int", "data": 16}, "Hcamera2end": {"type": "ndarray", "data": [[0.9999719420369657, -0.007443096376648483, 0.0008458458176990994, -0.014459029857124621], [-0.0007931943286302958, 0.007073979953828746, 0.9999746645042414, 0.028325180291581833], [-0.007448891298470234, -0.9999472781721751, 0.007067877650527299, 0.02797116955267455], [0.0, 0.0, 0.0, 1.0]]}, "Hobj2base": {"type": "ndarray", "data": [[0.999974113820219, -0.006759797998560669, -0.002465120785369416, -0.7316964574437089], [-0.00675668661651144, -0.9999763690041399, 0.001268313550292628, 0.09188027533082453], [-0.002473636075509159, -0.0012516246698814565, -0.9999961572727423, 0.0016382419097954251], [0.0, 0.0, 0.0, 1.0]]}, "mean_rme": {"type": "float", "data": 0.0015267630052759164}, "max_rme": {"type": "float", "data": 0.004022444043381257}, "simu": {"type": "float", "data": 0.002}}, {"type": "dict", "image_number": {"type": "int", "data": 17}, "Hcamera2end": {"type": "ndarray", "data": [[0.9999669504425288, -0.008055105900241643, -0.0011014951679855236, -0.013749141535138126], [0.001138729538334869, 0.004619331204834487, 0.9999886824730861, 0.02814545420046133], [-0.008049926565362372, -0.9999568875947382, 0.00462835112500537, 0.02879996044734004], [0.0, 0.0, 0.0, 1.0]]}, "Hobj2base": {"type": "ndarray", "data": [[0.9999710243498621, -0.007591204773324195, -0.0005692721466693838, -0.7311776576495541], [-0.007591268880978641, -0.999971179793842, -0.00011053727144484081, 0.0918412992055633], [-0.0005684166290661346, 0.00011485556648735543, -0.9999998318553533, 0.0011249755063717209], [0.0, 0.0, 0.0, 1.0]]}, "mean_rme": {"type": "float", "data": 0.001610855144148513}, "max_rme": {"type": "float", "data": 0.004278772628500516}, "simu": {"type": "float", "data": 0.002}}, {"type": "dict", "image_number": {"type": "int", "data": 18}, "Hcamera2end": {"type": "ndarray", "data": [[0.9999764213828787, -0.006249916355916708, -0.0028452106838650877, -0.013641665044615245], [0.002875801790940681, 0.004891121198775217, 0.9999839032191858, 0.028140460841493277], [-0.006235899482092186, -0.9999685072435845, 0.0049089793935507275, 0.029587278387187266], [0.0, 0.0, 0.0, 1.0]]}, "Hobj2base": {"type": "ndarray", "data": [[0.9999835103617727, -0.005681734983717668, -0.0008348006476324967, -0.7324854248293298], [-0.005683138329353078, -0.999982425448906, -0.001688411102857447, 0.09112536770399819], [-0.0008251928719558592, 0.0016931275491271108, -0.99999822618634, 0.001092550654750446], [0.0, 0.0, 0.0, 1.0]]}, "mean_rme": {"type": "float", "data": 0.0017485625572784696}, "max_rme": {"type": "float", "data": 0.006031238722143256}, "simu": {"type": "float", "data": 0.002}}, {"type": "dict", "image_number": {"type": "int", "data": 19}, "Hcamera2end": {"type": "ndarray", "data": [[0.9999767330336387, -0.006225506213352915, -0.002788631162152988, -0.013661975023810597], [0.0028213282812624982, 0.005249532690868142, 0.9999822410989391, 0.02810200921357221], [-0.006210756644755522, -0.9999668421897373, 0.005266974746912512, 0.029372410690445206], [0.0, 0.0, 0.0, 1.0]]}, "Hobj2base": {"type": "ndarray", "data": [[0.9999830382565865, -0.00567137965441614, -0.0013261417501863903, -0.7324718969320438], [-0.005673783909955326, -0.999982254473347, -0.0018162914264651902, 0.09115853423593798], [-0.0013158173388600715, 0.0018237848607205779, -0.9999974712135591, 0.001102934422720154], [0.0, 0.0, 0.0, 1.0]]}, "mean_rme": {"type": "float", "data": 0.0017034110783453438}, "max_rme": {"type": "float", "data": 0.0060578991278659455}, "simu": {"type": "float", "data": 0.002}}, {"type": "dict", "image_number": {"type": "int", "data": 20}, "Hcamera2end": {"type": "ndarray", "data": [[0.9999765990332271, -0.0065125638230277595, -0.0020947311024231523, -0.013846004809285361], [0.002129535974843543, 0.005341932617198397, 0.9999834642795075, 0.02809124100678119], [-0.006501266220692399, -0.9999645245049268, 0.005355676349760308, 0.029144046014997867], [0.0, 0.0, 0.0, 1.0]]}, "Hobj2base": {"type": "ndarray", "data": [[0.9999834306453458, -0.005600200973208885, -0.0013327354668173218, -0.7322363458356584], [-0.005602234177852371, -0.9999831418216465, -0.0015267759251730508, 0.09116862689949268], [-0.001324162747303098, 0.001534216923663509, -0.9999979463836164, 0.0010886388401411817], [0.0, 0.0, 0.0, 1.0]]}, "mean_rme": {"type": "float", "data": 0.0016957943676731329}, "max_rme": {"type": "float", "data": 0.006390081266977959}, "simu": {"type": "float", "data": 0.002}}, {"type": "dict", "image_number": {"type": "int", "data": 21}, "Hcamera2end": {"type": "ndarray", "data": [[0.9999769758262745, -0.006270724494266791, -0.0025934208403986343, -0.0133533934679767], [0.0026282961131020104, 0.005559772104831939, 0.9999810903180539, 0.026545916997505692], [-0.006256187088016496, -0.9999648828576226, 0.005576125416487776, 0.02901924142696699], [0.0, 0.0, 0.0, 1.0]]}, "Hobj2base": {"type": "ndarray", "data": [[0.9999844010238899, -0.005360680871012851, -0.0015686967493367522, -0.7322702225104007], [-0.0053641382883361744, -0.9999831748792274, -0.0022081618788671203, 0.0911178347370136], [-0.0015568331046803467, 0.0022165421400986303, -0.9999963315990839, 0.0027231520861679417], [0.0, 0.0, 0.0, 1.0]]}, "mean_rme": {"type": "float", "data": 0.0017293097505929485}, "max_rme": {"type": "float", "data": 0.006538941549910721}, "simu": {"type": "float", "data": 0.002}}, {"type": "dict", "image_number": {"type": "int", "data": 22}, "Hcamera2end": {"type": "ndarray", "data": [[0.999975077501368, -0.006539879967209912, -0.002659764303008039, -0.013499545656393934], [0.002688889814809861, 0.0044487718449603975, 0.9999864890590447, 0.026510747935372263], [-0.006527958922732368, -0.9999687187102834, 0.0044662459870841165, 0.02970383885317474], [0.0, 0.0, 0.0, 1.0]]}, "Hobj2base": {"type": "ndarray", "data": [[0.9999846192566748, -0.005510097798535008, -0.00063251271431592, -0.7321919927842641], [-0.005511375866791317, -0.9999827375716699, -0.002036981767969954, 0.09093679668253506], [-0.0006212778268551743, 0.002040436452985342, -0.9999977253138843, 0.0025865354399596985], [0.0, 0.0, 0.0, 1.0]]}, "mean_rme": {"type": "float", "data": 0.0017382648352987124}, "max_rme": {"type": "float", "data": 0.006452026139757511}, "simu": {"type": "float", "data": 0.002}}, {"type": "dict", "image_number": {"type": "int", "data": 23}, "Hcamera2end": {"type": "ndarray", "data": [[0.999976887242714, -0.005926214763118684, -0.0033324103819564405, -0.013305606152869565], [0.00336058822536007, 0.004751194918714452, 0.9999830661534345, 0.027673890694782866], [-0.005910281478233348, -0.9999711526466281, 0.0047710006730533605, 0.029592826022671364], [0.0, 0.0, 0.0, 1.0]]}, "Hobj2base": {"type": "ndarray", "data": [[0.9999877197606288, -0.004896607639856524, -0.0007639120102513715, -0.7322238308983317], [-0.004898420871751694, -0.9999851463861653, -0.0023900794971211435, 0.09083179423539105], [-0.0007521973818718999, 0.0023937921089079994, -0.9999968519742639, 0.0013835265653456034], [0.0, 0.0, 0.0, 1.0]]}, "mean_rme": {"type": "float", "data": 0.0017669171421580679}, "max_rme": {"type": "float", "data": 0.006298511885607289}, "simu": {"type": "float", "data": 0.002}}, {"type": "dict", "image_number": {"type": "int", "data": 24}, "Hcamera2end": {"type": "ndarray", "data": [[0.9999777907152656, -0.005928024023289016, -0.0030457523529898068, -0.013455712280161845], [0.003072554139373982, 0.0045173570199914526, 0.9999850763369496, 0.027631056349299684], [-0.005914176804683003, -0.9999722256226586, 0.0045354708674743005, 0.02978797574221546], [0.0, 0.0, 0.0, 1.0]]}, "Hobj2base": {"type": "ndarray", "data": [[0.9999884390688754, -0.004788370535832527, -0.00043958640309529656, -0.7323067147094258], [-0.004789383535836303, -0.9999858092199982, -0.002333058930418845, 0.09084518156711772], [-0.00042840861438057974, 0.0023351373059668033, -0.9999971817959399, 0.0013334120751645727], [0.0, 0.0, 0.0, 1.0]]}, "mean_rme": {"type": "float", "data": 0.0017233370493733246}, "max_rme": {"type": "float", "data": 0.006259307112284701}, "simu": {"type": "float", "data": 0.002}}, {"type": "dict", "image_number": {"type": "int", "data": 25}, "Hcamera2end": {"type": "ndarray", "data": [[0.9999851422229151, -0.004713992112526207, -0.0027374462148489127, -0.013686892572393786], [0.002753790329146288, 0.003464155974469252, 0.9999902080831629, 0.02760372744903303], [-0.0047044630128475155, -0.999982888804477, 0.0034770858507031654, 0.030201721328518862], [0.0, 0.0, 0.0, 1.0]]}, "Hobj2base": {"type": "ndarray", "data": [[0.9999922899026439, -0.003923234830284608, 0.000168415358470942, -0.7324391608596492], [-0.0039228645648593866, -0.9999900044289272, -0.002145268244122845, 0.09066166270067075], [0.00017683006615890295, 0.0021445910332539043, -0.9999976847275331, 0.0013371006021082165], [0.0, 0.0, 0.0, 1.0]]}, "mean_rme": {"type": "float", "data": 0.0017496946517202383}, "max_rme": {"type": "float", "data": 0.006033401624660956}, "simu": {"type": "float", "data": 0.002}}, {"type": "dict", "image_number": {"type": "int", "data": 26}, "Hcamera2end": {"type": "ndarray", "data": [[0.9999846373256183, -0.004945374830810252, -0.0025036734081008813, -0.01374668741078467], [0.002521142209403201, 0.0035292814108243142, 0.9999905939631047, 0.027610392548395476], [-0.004936492146414147, -0.9999815435499327, 0.0035416951848504796, 0.03013815333401667], [0.0, 0.0, 0.0, 1.0]]}, "Hobj2base": {"type": "ndarray", "data": [[0.9999924452210571, -0.003885800477504178, -0.00010027691652929017, -0.7324826997871823], [-0.0038860122747630117, -0.999990015620523, -0.0022062565276645438, 0.09065880456304978], [-9.170284265780719e-05, 0.002206629537212694, -0.9999975611853629, 0.0012816599145480197], [0.0, 0.0, 0.0, 1.0]]}, "mean_rme": {"type": "float", "data": 0.0017508559804764014}, "max_rme": {"type": "float", "data": 0.006032998171755538}, "simu": {"type": "float", "data": 0.002}}, {"type": "dict", "image_number": {"type": "int", "data": 27}, "Hcamera2end": {"type": "ndarray", "data": [[0.9999850063588859, -0.005001042582179542, -0.002230836280473346, -0.013483846071085366], [0.002247253059478228, 0.003279458928759138, 0.9999920974701856, 0.027597607393108372], [-0.004993687125332835, -0.9999821172012157, 0.0032906483659722596, 0.030338461163851613], [0.0, 0.0, 0.0, 1.0]]}, "Hobj2base": {"type": "ndarray", "data": [[0.9999924383686623, -0.0038778780085611383, -0.0002920062463111698, -0.7326940693012506], [-0.003878380608920402, -0.9999909639092359, -0.001740765271257395, 0.09101147670665694], [-0.00028525313235274846, 0.001741884619595545, -0.9999984422330981, 0.0012666037865874267], [0.0, 0.0, 0.0, 1.0]]}, "mean_rme": {"type": "float", "data": 0.0017807500614557283}, "max_rme": {"type": "float", "data": 0.006212398864896912}, "simu": {"type": "float", "data": 0.002}}, {"type": "dict", "image_number": {"type": "int", "data": 28}, "Hcamera2end": {"type": "ndarray", "data": [[0.9999858174431878, -0.004558183249813361, -0.002754610306469207, -0.013169924271480041], [0.0027721910239681086, 0.0038551445400146767, 0.9999887263452035, 0.027617443628063693], [-0.004547512441546051, -0.9999821802542467, 0.0038677260188989537, 0.030144345133825124], [0.0, 0.0, 0.0, 1.0]]}, "Hobj2base": {"type": "ndarray", "data": [[0.9999934486835946, -0.0035423408943642772, -0.0007445877241927594, -0.7327538202322704], [-0.0035439881077363434, -0.99999124984876, -0.002222695257296877, 0.09103249392199707], [-0.0007367076646319291, 0.00222531950575668, -0.9999972526036829, 0.0013591613499450528], [0.0, 0.0, 0.0, 1.0]]}, "mean_rme": {"type": "float", "data": 0.0017789460022864026}, "max_rme": {"type": "float", "data": 0.006248426092810927}, "simu": {"type": "float", "data": 0.002}}, {"type": "dict", "image_number": {"type": "int", "data": 29}, "Hcamera2end": {"type": "ndarray", "data": [[0.9999851361226527, -0.004518887368705751, -0.003050768871726355, -0.013103078331539062], [0.003066471585260693, 0.003472064072175707, 0.9999892707039889, 0.02746494164490131], [-0.004508246419233497, -0.9999837620821789, 0.0034858695035543397, 0.030250590512885082], [0.0, 0.0, 0.0, 1.0]]}, "Hobj2base": {"type": "ndarray", "data": [[0.9999938161356016, -0.0034842879167483187, -0.00047689440126648516, -0.7328407488921836], [-0.003485295165611969, -0.9999916625104297, -0.002127822181235868, 0.09109998534860096], [-0.00046947648004931944, 0.0021294711408232766, -0.9999976224694209, 0.0013866031923027366], [0.0, 0.0, 0.0, 1.0]]}, "mean_rme": {"type": "float", "data": 0.001853601926793176}, "max_rme": {"type": "float", "data": 0.006005223639724527}, "simu": {"type": "float", "data": 0.002}}, {"type": "dict", "image_number": {"type": "int", "data": 30}, "Hcamera2end": {"type": "ndarray", "data": [[0.9999891401972706, -0.004012932211762597, -0.002369781126449406, -0.013319323431810661], [0.002386425375635494, 0.004147956412349885, 0.9999885496502089, 0.027601437093283665], [-0.004003056513465762, -0.9999833452776429, 0.004157487929622339, 0.029913593794378225], [0.0, 0.0, 0.0, 1.0]]}, "Hobj2base": {"type": "ndarray", "data": [[0.999994089803433, -0.003202817074962953, -0.0012499283931308484, -0.7329907631242645], [-0.0032047943423601966, -0.9999936114904426, -0.001583120818033519, 0.09112711308389435], [-0.001244849961563636, 0.001587117224920956, -0.9999979657016744, 0.0015815240083539258], [0.0, 0.0, 0.0, 1.0]]}, "mean_rme": {"type": "float", "data": 0.001885350020440339}, "max_rme": {"type": "float", "data": 0.006080509358959513}, "simu": {"type": "float", "data": 0.002}}]}