{"type": "list", "data": [{"type": "dict", "image_number": {"type": "int", "data": 5}, "Hcamera2end": {"type": "ndarray", "data": [[0.9998869374312639, -0.003525473332670834, -0.014617913397897246, -0.008991140261731971], [0.01458292340180244, -0.009754388787706514, 0.9998460832770389, 0.0338407493589334], [-0.003667519513916696, -0.9999462100218987, -0.009701874223888352, 0.033265840591574176], [0.0, 0.0, 0.0, 1.0]]}, "Hobj2base": {"type": "ndarray", "data": [[0.9999354003592905, -0.00935544829715424, 0.0064552843054860665, -0.7320622892902285], [-0.009293718604699025, -0.9999114247925533, -0.009527295724526126, 0.09133565927198503], [0.0065438446499020845, 0.009466686668796872, -0.9999337777776649, -0.005801187562523591], [0.0, 0.0, 0.0, 1.0]]}, "mean_rme": {"type": "float", "data": 0.0013221051938217766}, "max_rme": {"type": "float", "data": 0.004612205824118587}, "simu": {"type": "float", "data": 0.002}}, {"type": "dict", "image_number": {"type": "int", "data": 6}, "Hcamera2end": {"type": "ndarray", "data": [[0.999924417752641, -0.003240566215352918, -0.011859911999923058, -0.008724155533388775], [0.011884213690316786, 0.00758579248172464, 0.999900605669077, 0.032288908170068575], [-0.0031502772901591987, -0.9999659766627204, 0.0076237307118617315, 0.03416874331906489], [0.0, 0.0, 0.0, 1.0]]}, "Hobj2base": {"type": "ndarray", "data": [[0.9999733821899845, -0.0018992349607771337, -0.007044701419279839, -0.7420333137635314], [-0.0019490964705559622, -0.999973052702174, -0.007077774540301264, 0.09066796522434105], [-0.007031069226761161, 0.0070913169481156575, -0.9999501374015953, -0.0011397469201248067], [0.0, 0.0, 0.0, 1.0]]}, "mean_rme": {"type": "float", "data": 0.001311745681935689}, "max_rme": {"type": "float", "data": 0.00511555529526822}, "simu": {"type": "float", "data": 0.002}}, {"type": "dict", "image_number": {"type": "int", "data": 7}, "Hcamera2end": {"type": "ndarray", "data": [[0.9998916252889624, -0.004290355763682068, -0.01408298705595814, -0.009874724696502793], [0.014086526993999919, 0.0007959925683017621, 0.9999004631227444, 0.03227112573555336], [-0.004278718762031, -0.999990479576307, 0.0008563425151162374, 0.03239977118254934], [0.0, 0.0, 0.0, 1.0]]}, "Hobj2base": {"type": "ndarray", "data": [[0.9999858246751812, -0.004510808700885372, -0.002828966871819323, -0.7363374261574575], [-0.004536901990352895, -0.9999465915874399, -0.009286037529071532, 0.08883844953310202], [-0.0027869282423066306, 0.009298740641904677, -0.9999528821166757, -0.002488644362133379], [0.0, 0.0, 0.0, 1.0]]}, "mean_rme": {"type": "float", "data": 0.0014380414281388078}, "max_rme": {"type": "float", "data": 0.005181252906252598}, "simu": {"type": "float", "data": 0.002}}, {"type": "dict", "image_number": {"type": "int", "data": 8}, "Hcamera2end": {"type": "ndarray", "data": [[0.9999010097528331, -0.004083122011700765, -0.013464724650073326, -0.010076109401683074], [0.013474516657835464, 0.002380214915920109, 0.999906381606694, 0.031884253363723], [-0.004050690817927498, -0.9999888312834255, 0.002434997393419902, 0.03253894174282876], [0.0, 0.0, 0.0, 1.0]]}, "Hobj2base": {"type": "ndarray", "data": [[0.999989155998999, -0.0038301108320738593, -0.002649176367042131, -0.7373450517135687], [-0.003851408173916998, -0.9999599280010805, -0.008081401311183619, 0.08914816026475206], [-0.002618117546549312, 0.008091516735973886, -0.999963835754786, -0.002227490489619406], [0.0, 0.0, 0.0, 1.0]]}, "mean_rme": {"type": "float", "data": 0.001477163645354401}, "max_rme": {"type": "float", "data": 0.00524880733195765}, "simu": {"type": "float", "data": 0.002}}, {"type": "dict", "image_number": {"type": "int", "data": 9}, "Hcamera2end": {"type": "ndarray", "data": [[0.9999365619933952, -0.005094307767610563, -0.010045895539862647, -0.010893298143291633], [0.010050766427734163, 0.0009314446744710381, 0.9999490559548688, 0.03098943127625611], [-0.005084691047064841, -0.9999865901296813, 0.0009825872829608562, 0.03289556343909944], [0.0, 0.0, 0.0, 1.0]]}, "Hobj2base": {"type": "ndarray", "data": [[0.9999835277148698, -0.005284276390442445, -0.0022406967562920176, -0.7369507768089087], [-0.005299641251732821, -0.9999620986889557, -0.006907603649732638, 0.0891734596409916], [-0.0022041101440664853, 0.006919364754678023, -0.9999736317972912, -0.0010550598993585138], [0.0, 0.0, 0.0, 1.0]]}, "mean_rme": {"type": "float", "data": 0.0017497808934998685}, "max_rme": {"type": "float", "data": 0.006833074812305606}, "simu": {"type": "float", "data": 0.002}}, {"type": "dict", "image_number": {"type": "int", "data": 10}, "Hcamera2end": {"type": "ndarray", "data": [[0.9999330379485918, -0.0047305682812787886, -0.010561313490108224, -0.0103656514061319], [0.01055926465633179, -0.00045787251862416944, 0.9999441445814231, 0.030572290495683795], [-0.0047351397886150285, -0.9999887059744689, -0.0004078905360842544, 0.03302719984415949], [0.0, 0.0, 0.0, 1.0]]}, "Hobj2base": {"type": "ndarray", "data": [[0.9999851965608589, -0.005089966536834482, -0.0019232524000496608, -0.7365740079972894], [-0.005104063316396154, -0.999959613770246, -0.007397253958255726, 0.08953720407012], [-0.0018855229520243692, 0.007406960855480208, -0.9999707904404425, -0.0008435741995970247], [0.0, 0.0, 0.0, 1.0]]}, "mean_rme": {"type": "float", "data": 0.0018025554917275954}, "max_rme": {"type": "float", "data": 0.007029151571388587}, "simu": {"type": "float", "data": 0.002}}, {"type": "dict", "image_number": {"type": "int", "data": 11}, "Hcamera2end": {"type": "ndarray", "data": [[0.9999477340655433, -0.005442934079367691, -0.00865468692635901, -0.010002973617933736], [0.008651182786142346, -0.0006670115273295085, 0.9999623553574521, 0.03046825407931336], [-0.005448501958005167, -0.9999849646690846, -0.0006198888477351172, 0.03257225915129343], [0.0, 0.0, 0.0, 1.0]]}, "Hobj2base": {"type": "ndarray", "data": [[0.9999837506883342, -0.005616861007125208, -0.0009742852343875565, -0.7353506869252038], [-0.005622057039197554, -0.9999695344166528, -0.005415045077421568, 0.09084070195028106], [-0.0009438399966723498, 0.005420434573826596, -0.9999848639129951, -0.0009580913726968524], [0.0, 0.0, 0.0, 1.0]]}, "mean_rme": {"type": "float", "data": 0.002072107902814984}, "max_rme": {"type": "float", "data": 0.006734680612106164}, "simu": {"type": "float", "data": 0.002}}, {"type": "dict", "image_number": {"type": "int", "data": 12}, "Hcamera2end": {"type": "ndarray", "data": [[0.9999524987224647, -0.004230835954629381, -0.008780679120904742, -0.009967330138582853], [0.008775301237503684, -0.0012880076589212308, 0.99996066678868, 0.02989826751539282], [-0.0042419791242229755, -0.9999902204838782, -0.0012508196169236374, 0.03306979740176757], [0.0, 0.0, 0.0, 1.0]]}, "Hobj2base": {"type": "ndarray", "data": [[0.9999899347830619, -0.004483215773903365, -0.00017637713071776628, -0.7353396528101492], [-0.004484112500578186, -0.9999750232157925, -0.005463119956349756, 0.09030765764255039], [-0.00015188037982119968, 0.005463855863758904, -0.9999850614941457, -0.0006278002913001207], [0.0, 0.0, 0.0, 1.0]]}, "mean_rme": {"type": "float", "data": 0.001997705400774344}, "max_rme": {"type": "float", "data": 0.006501552963769253}, "simu": {"type": "float", "data": 0.002}}, {"type": "dict", "image_number": {"type": "int", "data": 13}, "Hcamera2end": {"type": "ndarray", "data": [[0.9999508613327944, -0.0038695281664390888, -0.00912697494089042, -0.009776824671520405], [0.009120488349859552, -0.0016906715303510733, 0.9999569782355823, 0.030078390640264272], [-0.0038847924092006952, -0.9999910841510268, -0.0016552964664440228, 0.033371477366419024], [0.0, 0.0, 0.0, 1.0]]}, "Hobj2base": {"type": "ndarray", "data": [[0.9999909071535678, -0.004223326044806184, 0.0005908699551142275, -0.7353200164386795], [-0.004219610466526002, -0.9999721595968813, -0.006154260204119935, 0.09034794065076196], [0.0006168449524630603, 0.006151711003330039, -0.9999808877943799, -0.0008005453071858779], [0.0, 0.0, 0.0, 1.0]]}, "mean_rme": {"type": "float", "data": 0.0019407810609052495}, "max_rme": {"type": "float", "data": 0.0066030493109052735}, "simu": {"type": "float", "data": 0.002}}, {"type": "dict", "image_number": {"type": "int", "data": 14}, "Hcamera2end": {"type": "ndarray", "data": [[0.9999568482471046, -0.0028163122018069844, -0.008852684863868667, -0.010057066072971627], [0.008850797980425948, -0.0006817433243542226, 0.9999605985243366, 0.030244777921221645], [-0.002822236493758857, -0.9999958017969984, -0.0006567872955867138, 0.032989606801046685], [0.0, 0.0, 0.0, 1.0]]}, "Hobj2base": {"type": "ndarray", "data": [[0.9999931048284285, -0.0037124609168245584, 8.904796864994121e-05, -0.7353829854388613], [-0.003711832878704671, -0.9999736353563815, -0.0062410647186829545, 0.09042726707623679], [0.00011221532977946595, 0.006240691154293113, -0.9999805204010905, -0.0010275601172864135], [0.0, 0.0, 0.0, 1.0]]}, "mean_rme": {"type": "float", "data": 0.0019302232918077915}, "max_rme": {"type": "float", "data": 0.006868768709837214}, "simu": {"type": "float", "data": 0.002}}, {"type": "dict", "image_number": {"type": "int", "data": 15}, "Hcamera2end": {"type": "ndarray", "data": [[0.9999614622321036, -0.003226353105991816, -0.00816484514664843, -0.01035196543104103], [0.008161559553989036, -0.0010302185816097875, 0.9999661632251968, 0.030037170371403476], [-0.0032346555117943763, -0.9999942646312077, -0.0010038468062685268, 0.03249991060108051], [0.0, 0.0, 0.0, 1.0]]}, "Hobj2base": {"type": "ndarray", "data": [[0.9999924635759342, -0.0038811168240946003, -9.860796915468012e-05, -0.734738142239291], [-0.003881580608489946, -0.9999787143894554, -0.005244435145198487, 0.09060494580252776], [-7.825160474894922e-05, 0.005244778375692162, -0.9999862429936106, -0.0007119506960775679], [0.0, 0.0, 0.0, 1.0]]}, "mean_rme": {"type": "float", "data": 0.0018618767854277035}, "max_rme": {"type": "float", "data": 0.006917290813702265}, "simu": {"type": "float", "data": 0.002}}, {"type": "dict", "image_number": {"type": "int", "data": 16}, "Hcamera2end": {"type": "ndarray", "data": [[0.9999724360806089, 0.0021687773115719434, -0.007100949512938317, -0.010453618694315487], [0.0070893426015940265, 0.005313424594958427, 0.9999607536001356, 0.02938492690778027], [0.002206422554659961, -0.999983531826423, 0.005297902930762821, 0.03013469340952314], [0.0, 0.0, 0.0, 1.0]]}, "Hobj2base": {"type": "ndarray", "data": [[0.9999928328880234, 0.0020880719321522533, -0.0031581843188534927, -0.7350326523520382], [0.0020751500092596143, -0.9999894855331837, -0.004089324579627931, 0.08977228303389195], [-0.003166689916105454, 0.004082741564762248, -0.9999866515590548, 0.0006461558531654123], [0.0, 0.0, 0.0, 1.0]]}, "mean_rme": {"type": "float", "data": 0.0022003641897030035}, "max_rme": {"type": "float", "data": 0.012014981848514406}, "simu": {"type": "float", "data": 0.002}}, {"type": "dict", "image_number": {"type": "int", "data": 17}, "Hcamera2end": {"type": "ndarray", "data": [[0.9999769085737796, 0.0015946382031437976, -0.006606016063248612, -0.011017343674997031], [0.006599428107351757, 0.004101818305971339, 0.9999698108619283, 0.02986363967860595], [0.0016216867400086813, -0.9999903160609035, 0.004091199888957675, 0.030737864098832356], [0.0, 0.0, 0.0, 1.0]]}, "Hobj2base": {"type": "ndarray", "data": [[0.9999962071598252, 0.0013705868780093274, -0.002388965795872423, -0.7348052674869784], [0.0013617704515751464, -0.9999922713280565, -0.0036882062567540515, 0.08991484803558902], [-0.0023940023394384007, 0.0036849390449465447, -0.9999903449419072, -0.00013407140429495077], [0.0, 0.0, 0.0, 1.0]]}, "mean_rme": {"type": "float", "data": 0.0022275398619789315}, "max_rme": {"type": "float", "data": 0.012147149467894192}, "simu": {"type": "float", "data": 0.002}}, {"type": "dict", "image_number": {"type": "int", "data": 18}, "Hcamera2end": {"type": "ndarray", "data": [[0.9999800520727244, 0.0007267145333687678, -0.0062743400145556395, -0.011194957082875422], [0.006272682306855071, 0.0022613471613023295, 0.9999777696357521, 0.029825814838347436], [0.0007408868392209471, -0.9999971790935227, 0.002256743602717992, 0.03175444115579233], [0.0, 0.0, 0.0, 1.0]]}, "Hobj2base": {"type": "ndarray", "data": [[0.9999996583584253, 0.00029461011487963, -0.0007723262995130826, -0.7344291160721343], [0.00029184240645243204, -0.9999935446582038, -0.0035812665261467425, 0.0901075309855837], [-0.0007733763912255234, 0.003581039905071391, -0.9999932889985594, -0.0003850038754353888], [0.0, 0.0, 0.0, 1.0]]}, "mean_rme": {"type": "float", "data": 0.0022589131668786216}, "max_rme": {"type": "float", "data": 0.0122239090583936}, "simu": {"type": "float", "data": 0.002}}, {"type": "dict", "image_number": {"type": "int", "data": 19}, "Hcamera2end": {"type": "ndarray", "data": [[0.9999800187038776, 0.0009762711033310775, -0.006245725556346541, -0.011098515981108732], [0.006243001330946614, 0.0027690144697178898, 0.9999766784746774, 0.029880998414308597], [0.0009935428396392301, -0.9999956897175105, 0.0027628642794222946, 0.03153120495670705], [0.0, 0.0, 0.0, 1.0]]}, "Hobj2base": {"type": "ndarray", "data": [[0.9999989644436813, 0.0005366731884943156, -0.0013353252240053512, -0.7345664163915733], [0.0005321334264234363, -0.9999940859504668, -0.0033977784075569437, 0.09015148173225933], [-0.001337140823397614, 0.003397064317779204, -0.999993335982015, -0.00028147183730431165], [0.0, 0.0, 0.0, 1.0]]}, "mean_rme": {"type": "float", "data": 0.0021802728484654394}, "max_rme": {"type": "float", "data": 0.012189364013886539}, "simu": {"type": "float", "data": 0.002}}, {"type": "dict", "image_number": {"type": "int", "data": 20}, "Hcamera2end": {"type": "ndarray", "data": [[0.9999815713935705, 0.0012581747336186323, -0.005939180885040624, -0.011202512121325538], [0.005935921887369607, 0.002578347475932996, 0.9999790582585418, 0.029748385421274056], [0.0012734616572927055, -0.9999958845518481, 0.0025708315336426812, 0.03161295406638303], [0.0, 0.0, 0.0, 1.0]]}, "Hobj2base": {"type": "ndarray", "data": [[0.9999989191600963, 0.0007918900845642463, -0.0012387851843888183, -0.7345054731593987], [0.000787547642189904, -0.9999935579563624, -0.003501972942079662, 0.09003749994805035], [-0.0012415503817298477, 0.0035009935546564193, -0.9999931007745906, -0.0002848241515158778], [0.0, 0.0, 0.0, 1.0]]}, "mean_rme": {"type": "float", "data": 0.002157978835629391}, "max_rme": {"type": "float", "data": 0.01212091198965587}, "simu": {"type": "float", "data": 0.002}}, {"type": "dict", "image_number": {"type": "int", "data": 21}, "Hcamera2end": {"type": "ndarray", "data": [[0.9999832624649332, 0.0008810386811573486, -0.0057182655439332155, -0.011108230894035849], [0.005714583612646172, 0.004126408203118603, 0.9999751578361711, 0.029759137312505287], [0.0009046126920981877, -0.999991098223471, 0.004121304368007173, 0.030874629677760747], [0.0, 0.0, 0.0, 1.0]]}, "Hobj2base": {"type": "ndarray", "data": [[0.9999970479323502, 0.0004510344860559885, -0.0023876127150687975, -0.7344451271297829], [0.00044299347507894437, -0.999994232635244, -0.0033672619485613387, 0.09030733128955458], [-0.002389117696097759, 0.003366194311322481, -0.9999914803899543, -0.00016421297822174127], [0.0, 0.0, 0.0, 1.0]]}, "mean_rme": {"type": "float", "data": 0.002145254523600872}, "max_rme": {"type": "float", "data": 0.011835219030265465}, "simu": {"type": "float", "data": 0.002}}, {"type": "dict", "image_number": {"type": "int", "data": 22}, "Hcamera2end": {"type": "ndarray", "data": [[0.9999871005256618, 0.0015978840217221396, -0.004821363804264327, -0.011515717317331123], [0.00481534921160327, 0.0037468093848767037, 0.999981386742475, 0.0296355416274846], [0.0016159190110450706, -0.9999917040586318, 0.003739066683440928, 0.03107652551195786], [0.0, 0.0, 0.0, 1.0]]}, "Hobj2base": {"type": "ndarray", "data": [[0.9999974974972968, 0.0010943207953656665, -0.0019512716726875303, -0.7343810540967168], [0.0010891282233860325, -0.9999958685545365, -0.0026602017914411262, 0.09022277084557437], [-0.0019541747252552733, 0.0026580699492287346, -0.999994557917836, -0.0001951586817490419], [0.0, 0.0, 0.0, 1.0]]}, "mean_rme": {"type": "float", "data": 0.00212599095667452}, "max_rme": {"type": "float", "data": 0.01168388963436906}, "simu": {"type": "float", "data": 0.002}}, {"type": "dict", "image_number": {"type": "int", "data": 23}, "Hcamera2end": {"type": "ndarray", "data": [[0.9999864919698381, 0.0014051612507530989, -0.005004138259107456, -0.011317936581285897], [0.004998805385527139, 0.003773409477302314, 0.9999803864704717, 0.029299627017447663], [0.0014240163533140616, -0.9999918934185295, 0.003766334378345504, 0.031091645810978567], [0.0, 0.0, 0.0, 1.0]]}, "Hobj2base": {"type": "ndarray", "data": [[0.9999969682501967, 0.0009985768567509082, -0.002250851988970378, -0.7343721326520896], [0.0009914673525867725, -0.999994523611377, -0.003157489468421679, 0.09017165421195684], [-0.0022539926583387553, 0.0031552482494410354, -0.9999924819345292, 0.00018370879956506133], [0.0, 0.0, 0.0, 1.0]]}, "mean_rme": {"type": "float", "data": 0.0020921021513172957}, "max_rme": {"type": "float", "data": 0.011669559955234332}, "simu": {"type": "float", "data": 0.002}}, {"type": "dict", "image_number": {"type": "int", "data": 24}, "Hcamera2end": {"type": "ndarray", "data": [[0.999973359734641, 0.0024601091858294463, -0.00687224008662234, -0.0110383524511082], [0.006861015686252041, 0.0045422902560330325, 0.9999661464584604, 0.028903927842211023], [0.002491241611603517, -0.9999866576420027, 0.004525290400501425, 0.03225679396328222], [0.0, 0.0, 0.0, 1.0]]}, "Hobj2base": {"type": "ndarray", "data": [[0.9999940157209203, 0.0022155668180416734, -0.00265702578507741, -0.7361059398301194], [0.0022032578235364696, -0.9999868698651679, -0.004626635086831044, 0.0894701071675731], [-0.00266724151714817, 0.004620753286907174, -0.999985767129588, 0.0006635038530186701], [0.0, 0.0, 0.0, 1.0]]}, "mean_rme": {"type": "float", "data": 0.0021575385568261257}, "max_rme": {"type": "float", "data": 0.011458625812889423}, "simu": {"type": "float", "data": 0.002}}, {"type": "dict", "image_number": {"type": "int", "data": 25}, "Hcamera2end": {"type": "ndarray", "data": [[0.9999697687491074, 0.0023389902847169206, -0.0074155722843760475, -0.010699851110735736], [0.0074069735771448725, 0.0036637323564463475, 0.9999658563209288, 0.02888095880587765], [0.002366079095103125, -0.999990553050212, 0.003646296757998213, 0.03290824852852917], [0.0, 0.0, 0.0, 1.0]]}, "Hobj2base": {"type": "ndarray", "data": [[0.9999954594288997, 0.002126846808211397, -0.002134863985870733, -0.736275449896122], [0.002116008526690058, -0.9999849275110537, -0.005066286473086394, 0.08953468912376747], [-0.0021456070233716725, 0.005061746078855024, -0.9999848874343724, 0.0004372299069510777], [0.0, 0.0, 0.0, 1.0]]}, "mean_rme": {"type": "float", "data": 0.0021376526081858392}, "max_rme": {"type": "float", "data": 0.011588588831912716}, "simu": {"type": "float", "data": 0.002}}, {"type": "dict", "image_number": {"type": "int", "data": 26}, "Hcamera2end": {"type": "ndarray", "data": [[0.9999701664043827, 0.002175484062324833, -0.007411718443495185, -0.010712488771412088], [0.007405648570302721, 0.002785044314491447, 0.9999686994588479, 0.028902046402106255], [0.002196057932808083, -0.9999937553791329, 0.0027688503561698052, 0.03329234296169815], [0.0, 0.0, 0.0, 1.0]]}, "Hobj2base": {"type": "ndarray", "data": [[0.9999970272570644, 0.00176360616599035, -0.0016837964025731655, -0.7362949728734384], [0.001754698071346857, -0.9999845350175425, -0.005277381967196281, 0.08957282295921135], [-0.0016930775860689716, 0.005274411724596183, -0.9999846569169182, 0.000362556414198559], [0.0, 0.0, 0.0, 1.0]]}, "mean_rme": {"type": "float", "data": 0.0021048994789967974}, "max_rme": {"type": "float", "data": 0.011889656171679475}, "simu": {"type": "float", "data": 0.002}}, {"type": "dict", "image_number": {"type": "int", "data": 27}, "Hcamera2end": {"type": "ndarray", "data": [[0.9999631021123214, 0.00035357535922892445, -0.008583087927330247, -0.010214946803453381], [0.008582311597547708, 0.0021415843188684613, 0.9999608780068587, 0.029674281027962417], [0.0003719429331687854, -0.9999976442977607, 0.002138470805024717, 0.03351111847241281], [0.0, 0.0, 0.0, 1.0]]}, "Hobj2base": {"type": "ndarray", "data": [[0.9999988090916042, 4.4424688489917896e-05, -0.0015426735948836042, -0.7362964347504776], [3.4953987497900477e-05, -0.9999811578099194, -0.0061386320424472495, 0.09006792160951535], [-0.0015429172343507363, 0.006138570809305262, -0.9999799684767829, -0.000427411810205743], [0.0, 0.0, 0.0, 1.0]]}, "mean_rme": {"type": "float", "data": 0.0021596828642123263}, "max_rme": {"type": "float", "data": 0.01247215732117124}, "simu": {"type": "float", "data": 0.002}}, {"type": "dict", "image_number": {"type": "int", "data": 28}, "Hcamera2end": {"type": "ndarray", "data": [[0.9999646917692013, 5.9956296080456925e-05, -0.008403072067334915, -0.010301410132657585], [0.008402911545454798, 0.0023052484038112997, 0.999962037733111, 0.02975270352824118], [7.932518847387875e-05, -0.9999973411139848, 0.0023046632021160862, 0.033504451986181495], [0.0, 0.0, 0.0, 1.0]]}, "Hobj2base": {"type": "ndarray", "data": [[0.9999982213328371, -0.0002729745765543697, -0.0018662304366411937, -0.7363365845282183], [-0.0002844001989346785, -0.999981202927088, -0.006124778283331542, 0.09011057628352083], [-0.0018645234482132247, 0.006125298145696969, -0.9999795019273829, -0.00045749411825433565], [0.0, 0.0, 0.0, 1.0]]}, "mean_rme": {"type": "float", "data": 0.002110963044538462}, "max_rme": {"type": "float", "data": 0.012477810257068178}, "simu": {"type": "float", "data": 0.002}}, {"type": "dict", "image_number": {"type": "int", "data": 29}, "Hcamera2end": {"type": "ndarray", "data": [[0.9999709965244508, -0.0010089032463593025, -0.007549054519366159, -0.01045789729320423], [0.007550639604384795, 0.0015766329748325703, 0.9999702505925001, 0.02922852834808134], [-0.0009969711438014579, -0.9999982481698166, 0.00158420511180557, 0.03381095514205556], [0.0, 0.0, 0.0, 1.0]]}, "Hobj2base": {"type": "ndarray", "data": [[0.999998279550185, -0.001176879511887428, -0.0014338240075133495, -0.7362676104055461], [-0.001185003468890624, -0.9999831760571951, -0.0056783245189996, 0.09032831184172223], [-0.0014271171811519965, 0.0056800138361499134, -0.9999828502426289, 0.00013562013439944663], [0.0, 0.0, 0.0, 1.0]]}, "mean_rme": {"type": "float", "data": 0.002148278916647451}, "max_rme": {"type": "float", "data": 0.012800500039209184}, "simu": {"type": "float", "data": 0.002}}, {"type": "dict", "image_number": {"type": "int", "data": 30}, "Hcamera2end": {"type": "ndarray", "data": [[0.999971546686291, -0.0005245280241509376, -0.007525336416322091, -0.010441687700598978], [0.007526267780685849, 0.001796861640423919, 0.9999700628426526, 0.02923514204286412], [-0.000510990332935171, -0.9999982480777639, 0.0018007582521242238, 0.03374902066166348], [0.0, 0.0, 0.0, 1.0]]}, "Hobj2base": {"type": "ndarray", "data": [[0.9999987968288732, -0.0007258670172483121, -0.0013709332147669611, -0.7362632446687187], [-0.000733599704490425, -0.9999837785727872, -0.005648400018109291, 0.09027179725142548], [-0.0013668109890002337, 0.005649398938318705, -0.9999831079170067, 0.0001366875723749883], [0.0, 0.0, 0.0, 1.0]]}, "mean_rme": {"type": "float", "data": 0.0021150979584030503}, "max_rme": {"type": "float", "data": 0.01261001801544026}, "simu": {"type": "float", "data": 0.002}}]}