{"type": "list", "data": [{"type": "dict", "image_number": {"type": "int", "data": 5}, "Hcamera2end": {"type": "ndarray", "data": [[0.9992532479148346, -0.001072915291275834, -0.038623767092707845, -0.010605287219301351], [0.0386368557253034, 0.01806896929400925, 0.9990899387584253, 0.023956403334759915], [-0.0003740472110366523, -0.9998361671801184, 0.018096930326826688, 0.03428534262963601], [0.0, 0.0, 0.0, 1.0]]}, "Hobj2base": {"type": "ndarray", "data": [[0.999857192364797, -0.0004967592226003979, -0.016892249899293707, -0.7440661757576045], [-0.0010930139771291075, -0.9993759283229062, -0.035306645396803484, 0.0753789472750628], [-0.01686416902284922, 0.0353200668035125, -0.9992337527746771, 0.00026853625236800127], [0.0, 0.0, 0.0, 1.0]]}, "mean_rme": {"type": "float", "data": 0.001200738945580905}, "max_rme": {"type": "float", "data": 0.004849583677203867}, "simu": {"type": "float", "data": 0.002}}, {"type": "dict", "image_number": {"type": "int", "data": 6}, "Hcamera2end": {"type": "ndarray", "data": [[0.9999866197769824, -0.0024380988192393375, -0.00456244903010031, -0.010612037557803593], [0.004590167045972483, 0.011486683712764179, 0.9999234903050199, 0.02528235616225386], [-0.002385504872077976, -0.999931053508906, 0.011497721299229213, 0.03214178632506573], [0.0, 0.0, 0.0, 1.0]]}, "Hobj2base": {"type": "ndarray", "data": [[0.9999454537355484, -0.003154358701078304, -0.009956885797928154, -0.7383029076417683], [-0.00316837625244509, -0.9999940113379708, -0.0013923649369266904, 0.09239796958872169], [-0.009952434151050375, 0.001423836149131091, -0.9999494595953786, 0.003921171370738237], [0.0, 0.0, 0.0, 1.0]]}, "mean_rme": {"type": "float", "data": 0.0015310783819179937}, "max_rme": {"type": "float", "data": 0.004555464405805176}, "simu": {"type": "float", "data": 0.002}}, {"type": "dict", "image_number": {"type": "int", "data": 7}, "Hcamera2end": {"type": "ndarray", "data": [[0.9999607596346283, -0.0010848999140925931, -0.008792166008077027, -0.010896389380633848], [0.008800281740539304, 0.0077174961196153635, 0.9999314953010184, 0.025518182410403645], [-0.001016972086300204, -0.9999696311617768, 0.00772674070715218, 0.03366804658094315], [0.0, 0.0, 0.0, 1.0]]}, "Hobj2base": {"type": "ndarray", "data": [[0.9999816681312809, -0.0021536086158040328, -0.005659096333409907, -0.738724535769344], [-0.0021861366609571436, -0.9999810902615642, -0.005748036690313377, 0.08987395944566842], [-0.0056466103000382415, 0.005760302876021733, -0.9999674668222442, 0.0029780227923626524], [0.0, 0.0, 0.0, 1.0]]}, "mean_rme": {"type": "float", "data": 0.0016418492360202423}, "max_rme": {"type": "float", "data": 0.004706997447097905}, "simu": {"type": "float", "data": 0.002}}, {"type": "dict", "image_number": {"type": "int", "data": 8}, "Hcamera2end": {"type": "ndarray", "data": [[0.9999410862624708, -0.0020379676550330425, -0.010661645842316044, -0.01037062801922766], [0.010684386166610115, 0.011493665683075749, 0.999876862189244, 0.026483340260521262], [-0.0019151753112146746, -0.9999318688475745, 0.01151476298169396, 0.032375580714464086], [0.0, 0.0, 0.0, 1.0]]}, "Hobj2base": {"type": "ndarray", "data": [[0.9999632993365781, -0.0029123950550782106, -0.008057166682408454, -0.7385630099452849], [-0.00297081231145502, -0.9999693206053613, -0.007247904680787742, 0.08986402942031954], [-0.008035810731660133, 0.007271575007853083, -0.999941273246979, 0.002042136997618807], [0.0, 0.0, 0.0, 1.0]]}, "mean_rme": {"type": "float", "data": 0.00185169553156173}, "max_rme": {"type": "float", "data": 0.005421826417482567}, "simu": {"type": "float", "data": 0.002}}, {"type": "dict", "image_number": {"type": "int", "data": 9}, "Hcamera2end": {"type": "ndarray", "data": [[0.9999387288115006, -0.0016284188437631448, -0.010949286502306508, -0.009958936966861462], [0.0109665155406303, 0.010977067742411584, 0.9998796125137642, 0.02656081737432909], [-0.001508031742845116, -0.9999384242221355, 0.0109942532449816, 0.031819995035803246], [0.0, 0.0, 0.0, 1.0]]}, "Hobj2base": {"type": "ndarray", "data": [[0.9999716712488678, -0.0018048627129051724, -0.007307473594475983, -0.7377932747151887], [-0.0018665695053299652, -0.9999625868904489, -0.008446344632003187, 0.08948087016965306], [-0.007291955706679205, 0.008459745264980584, -0.9999376281008847, 0.001723656862801712], [0.0, 0.0, 0.0, 1.0]]}, "mean_rme": {"type": "float", "data": 0.0018502257583493385}, "max_rme": {"type": "float", "data": 0.005758858222022045}, "simu": {"type": "float", "data": 0.002}}, {"type": "dict", "image_number": {"type": "int", "data": 10}, "Hcamera2end": {"type": "ndarray", "data": [[0.9999556527030662, -0.0008355607137266186, -0.009380536524022733, -0.009699051787226508], [0.009383956580013193, 0.004187837450920551, 0.9999472002942901, 0.026584245289864028], [-0.0007962324342018004, -0.9999908818863191, 0.004195492597107275, 0.033786653028938685], [0.0, 0.0, 0.0, 1.0]]}, "Hobj2base": {"type": "ndarray", "data": [[0.9999960167771574, -0.0012887358659514027, -0.002511093324996793, -0.7371732375617743], [-0.0013040081721620595, -0.9999806066428276, -0.006089819449656496, 0.09090302891896299], [-0.002503196457725108, 0.006093069678765415, -0.9999783040193342, 0.0015495699567963262], [0.0, 0.0, 0.0, 1.0]]}, "mean_rme": {"type": "float", "data": 0.002273142247148429}, "max_rme": {"type": "float", "data": 0.006363474147751069}, "simu": {"type": "float", "data": 0.002}}, {"type": "dict", "image_number": {"type": "int", "data": 11}, "Hcamera2end": {"type": "ndarray", "data": [[0.9999434732019175, -0.0038113006050740357, -0.009925945223699002, -0.009977920137991224], [0.009933227364131107, 0.0018965185187532763, 0.9999488657984671, 0.026639616203109128], [-0.0037922809783279164, -0.9999909385615481, 0.0019342698300971461, 0.03449681078240455], [0.0, 0.0, 0.0, 1.0]]}, "Hobj2base": {"type": "ndarray", "data": [[0.999994413504239, -0.0032412024126809995, -0.0008170478768765238, -0.737003316805238], [-0.0032466329316338046, -0.9999720478421266, -0.006735199256952633, 0.09058224182842337], [-0.000795194894543757, 0.006737814285334323, -0.9999769844970112, 0.001186642788515839], [0.0, 0.0, 0.0, 1.0]]}, "mean_rme": {"type": "float", "data": 0.0023688525887984443}, "max_rme": {"type": "float", "data": 0.006881693170520897}, "simu": {"type": "float", "data": 0.002}}, {"type": "dict", "image_number": {"type": "int", "data": 12}, "Hcamera2end": {"type": "ndarray", "data": [[0.9999488918918947, -0.002613008883075202, -0.009766564838717564, -0.010695578160235931], [0.009771390191780164, 0.0018403161246766109, 0.999950565363249, 0.02661981485567885], [-0.0025949061431748493, -0.9999948926975268, 0.001865754798972219, 0.03443722043430232], [0.0, 0.0, 0.0, 1.0]]}, "Hobj2base": {"type": "ndarray", "data": [[0.9999966540099653, -0.002113353259523915, -0.0014918803149556216, -0.7368377422050035], [-0.002123644985591372, -0.9999737256896404, -0.006930949599831721, 0.08977356829945861], [-0.0014771935719008066, 0.006934094633093387, -0.9999748677995717, 0.0012616299505667135], [0.0, 0.0, 0.0, 1.0]]}, "mean_rme": {"type": "float", "data": 0.002268188313285238}, "max_rme": {"type": "float", "data": 0.006813872911234364}, "simu": {"type": "float", "data": 0.002}}, {"type": "dict", "image_number": {"type": "int", "data": 13}, "Hcamera2end": {"type": "ndarray", "data": [[0.9999426539746383, -0.0007282659968109954, -0.010684493005968042, -0.010731727838865314], [0.010685609147257507, 0.0015463389862832022, 0.9999417115976768, 0.026504611688318826], [-0.0007117016992657767, -0.9999985392311217, 0.001554032275685624, 0.033389853887782976], [0.0, 0.0, 0.0, 1.0]]}, "Hobj2base": {"type": "ndarray", "data": [[0.9999995360651713, -0.00045195547680281563, -0.0008506501566954679, -0.7360772986571453], [-0.0004588404355369523, -0.9999669996737814, -0.008111043636378082, 0.08856381844640168], [-0.0008469562543687509, 0.00811143018607083, -0.9999667431297106, 0.0009705140000107428], [0.0, 0.0, 0.0, 1.0]]}, "mean_rme": {"type": "float", "data": 0.00228851211511835}, "max_rme": {"type": "float", "data": 0.007318516186778812}, "simu": {"type": "float", "data": 0.002}}, {"type": "dict", "image_number": {"type": "int", "data": 14}, "Hcamera2end": {"type": "ndarray", "data": [[0.9999445097470487, -0.0001404168538415504, -0.01053364655954508, -0.01119925906559002], [0.010533750973741046, 0.0007648465690656137, 0.9999442259947046, 0.02650237114430791], [-0.00013235239880038385, -0.9999996976463706, 0.0007662832437068667, 0.033723364050090014], [0.0, 0.0, 0.0, 1.0]]}, "Hobj2base": {"type": "ndarray", "data": [[0.9999998136653747, 0.0004338097626196564, -0.0004295093779891836, -0.7358268523656274], [0.000430345106578075, -0.99996763397821, -0.00803404002422656, 0.08817326909367414], [-0.00043298072147508293, 0.008033853689947674, -0.9999676343375241, 0.0009761331662875651], [0.0, 0.0, 0.0, 1.0]]}, "mean_rme": {"type": "float", "data": 0.0022437536658048104}, "max_rme": {"type": "float", "data": 0.007226048494479803}, "simu": {"type": "float", "data": 0.002}}, {"type": "dict", "image_number": {"type": "int", "data": 15}, "Hcamera2end": {"type": "ndarray", "data": [[0.9999418926838249, 9.212908320810169e-05, -0.010779738778002281, -0.011085023293052408], [0.01077966200406262, 0.000796735688437411, 0.9999415803432323, 0.026202279346200993], [0.00010071230365514983, -0.9999996783621856, 0.0007956962718871363, 0.033681199191711746], [0.0, 0.0, 0.0, 1.0]]}, "Hobj2base": {"type": "ndarray", "data": [[0.9999997210427718, 0.0003074068197778577, -0.0006807462271157513, -0.7358354873405833], [0.00030180743074809184, -0.9999662497664825, -0.008210252141768331, 0.08821563095441712], [-0.0006832471392720954, 0.008210044397189354, -0.9999660635963317, 0.0012791135908810573], [0.0, 0.0, 0.0, 1.0]]}, "mean_rme": {"type": "float", "data": 0.002123662675332011}, "max_rme": {"type": "float", "data": 0.0072937262205101105}, "simu": {"type": "float", "data": 0.002}}, {"type": "dict", "image_number": {"type": "int", "data": 16}, "Hcamera2end": {"type": "ndarray", "data": [[0.9999500951145835, 0.0007692897892783114, -0.009960696439276651, -0.011470926914441373], [0.00996001717876965, 0.0008818116296291922, 0.9999500089834733, 0.025007966374706096], [0.0007780347896591006, -0.9999993153005006, 0.0008741054834041639, 0.033672681142741134], [0.0, 0.0, 0.0, 1.0]]}, "Hobj2base": {"type": "ndarray", "data": [[0.9999984286453152, 0.0014859569623366861, -0.000966767193556198, -0.7358741772375441], [0.0014784268694154447, -0.9999689251204267, -0.007743581050816692, 0.08783015081633733], [-0.0009782437795579622, 0.007742139588308909, -0.9999695506932715, 0.0024849642109432794], [0.0, 0.0, 0.0, 1.0]]}, "mean_rme": {"type": "float", "data": 0.0021269536450084507}, "max_rme": {"type": "float", "data": 0.007288099726517089}, "simu": {"type": "float", "data": 0.002}}, {"type": "dict", "image_number": {"type": "int", "data": 17}, "Hcamera2end": {"type": "ndarray", "data": [[0.9999626855405602, 0.0014132951279084661, -0.008522330866142302, -0.01203221515627902], [0.008522468381943642, -9.130761451703329e-05, 0.9999636789381895, 0.025097949818203385], [0.0014124656418272588, -0.9999989971293978, -0.0001033489704647117, 0.034048879904014534], [0.0, 0.0, 0.0, 1.0]]}, "Hobj2base": {"type": "ndarray", "data": [[0.9999973316959788, 0.002306200482674071, -0.00013431402092911718, -0.7360001255571264], [0.002305255332151993, -0.9999751872438458, -0.0066566278616854565, 0.08762245400689786], [-0.00014966220661566848, 0.006656300471665637, -0.9999778353869924, 0.002503988208579049], [0.0, 0.0, 0.0, 1.0]]}, "mean_rme": {"type": "float", "data": 0.0021882743605111587}, "max_rme": {"type": "float", "data": 0.00752907411442727}, "simu": {"type": "float", "data": 0.002}}, {"type": "dict", "image_number": {"type": "int", "data": 18}, "Hcamera2end": {"type": "ndarray", "data": [[0.9999735469478116, 0.001971768193070694, -0.007001252374088175, -0.012205781519295144], [0.007004255281550702, -0.0015201862845928282, 0.99997431439093, 0.025114407328539864], [0.001961074339169648, -0.9999969005771231, -0.0015339568388059721, 0.034574045020581076], [0.0, 0.0, 0.0, 1.0]]}, "Hobj2base": {"type": "ndarray", "data": [[0.999996561937445, 0.002601841860747239, 0.00032639274095740595, -0.736002581784778], [0.0026034777253332144, -0.9999835248051561, -0.005115859848493639, 0.08822508211675141], [0.00031307670526587627, 0.005116692016078251, -0.9999868606365732, 0.0026672872826350356], [0.0, 0.0, 0.0, 1.0]]}, "mean_rme": {"type": "float", "data": 0.002249788494794681}, "max_rme": {"type": "float", "data": 0.007998955611478564}, "simu": {"type": "float", "data": 0.002}}, {"type": "dict", "image_number": {"type": "int", "data": 19}, "Hcamera2end": {"type": "ndarray", "data": [[0.9999670029142042, 0.0005423387541767981, -0.008105488971039826, -0.012207064047276141], [0.008106303840107326, -0.0015175708991268522, 0.9999659918300311, 0.025121117977854168], [0.0005300196560426218, -0.9999987014227777, -0.001521917186435351, 0.034590673212190955], [0.0, 0.0, 0.0, 1.0]]}, "Hobj2base": {"type": "ndarray", "data": [[0.999999242274583, 0.0012007326561765325, 0.0002714615040325354, -0.7360966332049556], [0.0012023130644574227, -0.9999818800638105, -0.005898642839026303, 0.08794388041426134], [0.00026437389208346367, 0.005898964751187495, -0.999982566008683, 0.002666728600565365], [0.0, 0.0, 0.0, 1.0]]}, "mean_rme": {"type": "float", "data": 0.0022442542610284833}, "max_rme": {"type": "float", "data": 0.00810382944673066}, "simu": {"type": "float", "data": 0.002}}, {"type": "dict", "image_number": {"type": "int", "data": 20}, "Hcamera2end": {"type": "ndarray", "data": [[0.9999688747541966, 0.0005951293708527324, -0.007867359395496746, -0.012213164757037492], [0.007868827205704435, -0.002505604396879857, 0.9999659011711414, 0.02510217012893359], [0.0005753965873449749, -0.9999966838783206, -0.002510209379511519, 0.0352926230528736], [0.0, 0.0, 0.0, 1.0]]}, "Hobj2base": {"type": "ndarray", "data": [[0.9999978256386385, 0.0010761102984068853, 0.0017862543550196822, -0.7361080326266729], [0.0010862140233645335, -0.9999833633903799, -0.005665075600432465, 0.08817645307919827], [0.0017801283916084169, 0.005667003537040687, -0.9999823579512892, 0.0025005436654815887], [0.0, 0.0, 0.0, 1.0]]}, "mean_rme": {"type": "float", "data": 0.002236713676742667}, "max_rme": {"type": "float", "data": 0.008110127096416564}, "simu": {"type": "float", "data": 0.002}}, {"type": "dict", "image_number": {"type": "int", "data": 21}, "Hcamera2end": {"type": "ndarray", "data": [[0.9999707075021587, 0.0009692145666903022, -0.007592414685462307, -0.011764892065909987], [0.007593441604800806, -0.0010602917175019932, 0.9999706072810681, 0.025170745805254507], [0.0009611359044321226, -0.9999989682017665, -0.0010676203331236866, 0.03446331501421977], [0.0, 0.0, 0.0, 1.0]]}, "Hobj2base": {"type": "ndarray", "data": [[0.9999992639323518, 0.0012092806306127262, 9.886916087590276e-05, -0.7363269240022976], [0.0012098144654010923, -0.9999836412790322, -0.005590485067223318, 0.08872120444546783], [9.210707819536483e-05, 0.005590600565589132, -0.9999843682286247, 0.0027960280791448607], [0.0, 0.0, 0.0, 1.0]]}, "mean_rme": {"type": "float", "data": 0.0022847623452098356}, "max_rme": {"type": "float", "data": 0.008216900389933557}, "simu": {"type": "float", "data": 0.002}}, {"type": "dict", "image_number": {"type": "int", "data": 22}, "Hcamera2end": {"type": "ndarray", "data": [[0.9999662245593157, 0.001422680411759697, -0.008094795922946575, -0.011811356317266635], [0.008097191797723278, -0.0016864435092598384, 0.9999657951116533, 0.025153499075101195], [0.0014089803330920225, -0.9999975659414057, -0.0016979062650479548, 0.03482464963000859], [0.0, 0.0, 0.0, 1.0]]}, "Hobj2base": {"type": "ndarray", "data": [[0.9999986988677634, 0.0014984200559010447, 0.0005974948673184476, -0.7366031251757924], [0.0015019548130446754, -0.9999811107126086, -0.005960062895362426, 0.08847159791437868], [0.0005885529032893413, 0.005960952550824198, -0.9999820601641642, 0.00271585576808157], [0.0, 0.0, 0.0, 1.0]]}, "mean_rme": {"type": "float", "data": 0.0022740208848216724}, "max_rme": {"type": "float", "data": 0.008582856047675058}, "simu": {"type": "float", "data": 0.002}}, {"type": "dict", "image_number": {"type": "int", "data": 23}, "Hcamera2end": {"type": "ndarray", "data": [[0.9999748059576182, 0.0010363457770590102, -0.007022352700779895, -0.01243677673849015], [0.007023138937536096, -0.000756983467136374, 0.9999750509365193, 0.025272941000946868], [0.0010310041163075385, -0.9999991764813911, -0.0007642427960423692, 0.03444732197199736], [0.0, 0.0, 0.0, 1.0]]}, "Hobj2base": {"type": "ndarray", "data": [[0.999998851777707, 0.001511773280356887, -0.00010480847537536862, -0.7366185674998135], [0.0015112267288517145, -0.9999861964056775, -0.005032215404665155, 0.08839517991815189], [-0.00011241459743146611, 0.005032051237193847, -0.9999873328314233, 0.002987716975964442], [0.0, 0.0, 0.0, 1.0]]}, "mean_rme": {"type": "float", "data": 0.0022759969482959814}, "max_rme": {"type": "float", "data": 0.008273210592377955}, "simu": {"type": "float", "data": 0.002}}, {"type": "dict", "image_number": {"type": "int", "data": 24}, "Hcamera2end": {"type": "ndarray", "data": [[0.999975192324677, 0.0009196191000806122, -0.006983483080523734, -0.012399034547811735], [0.0069841686639910226, -0.0007444189564174142, 0.9999753333100225, 0.025262473813475954], [0.000914397778934413, -0.9999993000703193, -0.0007508232640152102, 0.03434652848042551], [0.0, 0.0, 0.0, 1.0]]}, "Hobj2base": {"type": "ndarray", "data": [[0.9999990232670952, 0.0013971897061204398, 3.641127094200742e-05, -0.7364986946117186], [0.0013973532124912718, -0.9999867072662993, -0.004963133556919187, 0.08843426204967421], [2.9476347820850674e-05, 0.0049631795886697526, -0.9999876829139025, 0.0029606076537880047], [0.0, 0.0, 0.0, 1.0]]}, "mean_rme": {"type": "float", "data": 0.002210709366383503}, "max_rme": {"type": "float", "data": 0.008246783362574839}, "simu": {"type": "float", "data": 0.002}}, {"type": "dict", "image_number": {"type": "int", "data": 25}, "Hcamera2end": {"type": "ndarray", "data": [[0.9999804222589039, 0.0013051884635167368, -0.006119769765181285, -0.012725091716474322], [0.006118902269921586, 0.0006676120873931879, 0.9999810564851276, 0.025346439428985967], [0.001309249370926965, -0.9999989253880103, 0.0006596126964044657, 0.03337825850283336], [0.0, 0.0, 0.0, 1.0]]}, "Hobj2base": {"type": "ndarray", "data": [[0.9999981518424442, 0.001380700378975043, -0.0013379006537625993, -0.7364816394863105], [0.0013747767016224531, -0.9999892936242618, -0.004418441565802772, 0.08867960270430665], [-0.001343986873639883, 0.004416594085178729, -0.999989343641206, 0.003307928705442176], [0.0, 0.0, 0.0, 1.0]]}, "mean_rme": {"type": "float", "data": 0.002269973644303593}, "max_rme": {"type": "float", "data": 0.008314168794625876}, "simu": {"type": "float", "data": 0.002}}, {"type": "dict", "image_number": {"type": "int", "data": 26}, "Hcamera2end": {"type": "ndarray", "data": [[0.999981103855153, 0.0010661402910354606, -0.00605436020645744, -0.012614381735418215], [0.006054258875683367, 9.824624252918746e-05, 0.9999816679805396, 0.025946165275037025], [0.0010667155646720996, -0.9999994268461136, 9.178969673417914e-05, 0.03374035078162813], [0.0, 0.0, 0.0, 1.0]]}, "Hobj2base": {"type": "ndarray", "data": [[0.999998599505238, 0.00133133853761731, -0.0010141623445149156, -0.73640327091074], [0.0013268530979889648, -0.9999893924941072, -0.004410709707345484, 0.08892180900150734], [-0.001020023734593502, 0.004409357885720958, -0.999989758504864, 0.0027976969673069218], [0.0, 0.0, 0.0, 1.0]]}, "mean_rme": {"type": "float", "data": 0.0022992885803500363}, "max_rme": {"type": "float", "data": 0.008218649471618822}, "simu": {"type": "float", "data": 0.002}}, {"type": "dict", "image_number": {"type": "int", "data": 27}, "Hcamera2end": {"type": "ndarray", "data": [[0.999981086030955, 0.001060570246107897, -0.006058281200534173, -0.012612815834968231], [0.006058182671071336, 9.609030160628862e-05, 0.9999816444262253, 0.025943815995789175], [0.001061132920800276, -0.9999994329785427, 8.96633558709059e-05, 0.03374217180891514], [0.0, 0.0, 0.0, 1.0]]}, "Hobj2base": {"type": "ndarray", "data": [[0.9999986915481625, 0.0012811671555768907, -0.0009876804556736992, -0.7363979379247766], [0.0012766199043251945, -0.9999886467169641, -0.004590934414035717, 0.08892978768565317], [-0.0009935509966426076, 0.0045896675144903205, -0.9999889738434735, 0.002776671717631765], [0.0, 0.0, 0.0, 1.0]]}, "mean_rme": {"type": "float", "data": 0.0022195394836977563}, "max_rme": {"type": "float", "data": 0.008221796003098525}, "simu": {"type": "float", "data": 0.002}}, {"type": "dict", "image_number": {"type": "int", "data": 28}, "Hcamera2end": {"type": "ndarray", "data": [[0.9999741366292398, 0.001089842004360235, -0.007109030666128358, -0.011938655952961745], [0.007110276099114219, -0.0011431813984041916, 0.9999740682188138, 0.02697933295835468], [0.0010816868311976494, -0.9999987526895702, -0.0011509009094352596, 0.03437692209192912], [0.0, 0.0, 0.0, 1.0]]}, "Hobj2base": {"type": "ndarray", "data": [[0.999999122645056, 0.0013246365633167653, -6.862473236068332e-06, -0.736373422316189], [0.0013245787742374366, -0.9999839936282751, -0.005500725253698333, 0.08917764009173565], [-1.4148825188579464e-05, 0.005500711337723448, -0.9999848708728496, 0.0016524835734128493], [0.0, 0.0, 0.0, 1.0]]}, "mean_rme": {"type": "float", "data": 0.002242709184212763}, "max_rme": {"type": "float", "data": 0.008388851923795626}, "simu": {"type": "float", "data": 0.002}}, {"type": "dict", "image_number": {"type": "int", "data": 29}, "Hcamera2end": {"type": "ndarray", "data": [[0.9999818930888665, 0.001463519129928145, -0.005837088843166822, -0.012426288874040653], [0.00583748595194725, -0.00026721359749015683, 0.999982926031567, 0.027188477120735494], [0.0014619343923400678, -0.9999988933537126, -0.00027575203143870297, 0.03400193487013665], [0.0, 0.0, 0.0, 1.0]]}, "Hobj2base": {"type": "ndarray", "data": [[0.9999978586436251, 0.0019908183051616742, -0.0005651111751341956, -0.7364044275509838], [0.0019881556176832246, -0.9999871009309558, -0.004673885850434859, 0.08892543132834616], [-0.0005744087432334117, 0.004672752313022138, -0.9999889176587995, 0.0015714444649694923], [0.0, 0.0, 0.0, 1.0]]}, "mean_rme": {"type": "float", "data": 0.0023176590106480945}, "max_rme": {"type": "float", "data": 0.009398546090803345}, "simu": {"type": "float", "data": 0.002}}, {"type": "dict", "image_number": {"type": "int", "data": 30}, "Hcamera2end": {"type": "ndarray", "data": [[0.9999831219963715, 0.0013625539189636867, -0.005647934950738868, -0.012277822959297625], [0.005649392546158876, -0.0010682859827555458, 0.9999834714278625, 0.027095501953017867], [0.001356497788153557, -0.9999985011048153, -0.0010759655541743296, 0.034556395970467384], [0.0, 0.0, 0.0, 1.0]]}, "Hobj2base": {"type": "ndarray", "data": [[0.9999977933057284, 0.0020718497362100605, 0.00034759508679194757, -0.7364471439029019], [0.0020733863383661094, -0.9999878146539738, -0.004480135339703129, 0.08920355506956185], [0.00033830868400378867, 0.004480846152318376, -0.9999899037315296, 0.0014404511234398897], [0.0, 0.0, 0.0, 1.0]]}, "mean_rme": {"type": "float", "data": 0.0023159759502111564}, "max_rme": {"type": "float", "data": 0.009386729935840915}, "simu": {"type": "float", "data": 0.002}}]}