{"type": "list", "data": [{"type": "dict", "image_number": {"type": "int", "data": 5}, "Hcamera2end": {"type": "ndarray", "data": [[0.9999597309461454, 0.008623740996008086, -0.0024834607599708396, -0.01209890886581643], [0.002573865617022419, -0.0104880270779244, 0.9999416865516702, 0.024826893165986852], [0.008597191512235567, -0.9999078119403042, -0.010509801085436976, 0.03489496696149656], [0.0, 0.0, 0.0, 1.0]]}, "Hobj2base": {"type": "ndarray", "data": [[0.9999031695538436, 0.012272794171975658, 0.006559728606416827, -0.7308573652074832], [0.012273129076360667, -0.9999246822566263, -1.0800901528483781e-05, 0.0919027452343801], [0.0065591019852197195, 9.130825156481909e-05, -0.9999784846905209, 0.0019958023088304743], [0.0, 0.0, 0.0, 1.0]]}, "mean_rme": {"type": "float", "data": 0.0013830485282434327}, "max_rme": {"type": "float", "data": 0.004683973660555951}, "simu": {"type": "float", "data": 0.002}}, {"type": "dict", "image_number": {"type": "int", "data": 6}, "Hcamera2end": {"type": "ndarray", "data": [[0.9999486008142847, 0.008505030240625584, -0.005519075118195785, -0.012768375659340067], [0.005555356401254217, -0.004248157694972887, 0.9999755452867103, 0.024907862114231495], [0.008481376351117034, -0.9999548077872342, -0.004295187817316748, 0.03538854786989916], [0.0, 0.0, 0.0, 1.0]]}, "Hobj2base": {"type": "ndarray", "data": [[0.9999421706201416, 0.010687819981905957, 0.0011941187186233215, -0.7348952308102055], [0.010689625725550059, -0.9999417148366785, -0.0015161897409653674, 0.08999016906424658], [0.0011778443562089308, 0.0015288667428268563, -0.9999981376228435, 0.0038728108917992867], [0.0, 0.0, 0.0, 1.0]]}, "mean_rme": {"type": "float", "data": 0.0012434432110918982}, "max_rme": {"type": "float", "data": 0.0049132828196580824}, "simu": {"type": "float", "data": 0.002}}, {"type": "dict", "image_number": {"type": "int", "data": 7}, "Hcamera2end": {"type": "ndarray", "data": [[0.9999515588054295, 0.00885698333047775, -0.004293470493129018, -0.01212972762425471], [0.004306557134939583, -0.0014590082013190564, 0.9999896623769228, 0.0249166092927147], [0.00885062756166088, -0.9999597117591049, -0.0014970806299747785, 0.034559499276856], [0.0, 0.0, 0.0, 1.0]]}, "Hobj2base": {"type": "ndarray", "data": [[0.9999599665991095, 0.008605030870837254, -0.0024532922410299344, -0.7358431578478009], [0.008601092430843177, -0.9999617115255579, -0.0016114254163331343, 0.09130287997089799], [-0.0024670646736662635, 0.001590259912168468, -0.9999956923233755, 0.003947436636962866], [0.0, 0.0, 0.0, 1.0]]}, "mean_rme": {"type": "float", "data": 0.00129531543935431}, "max_rme": {"type": "float", "data": 0.004818924147534043}, "simu": {"type": "float", "data": 0.002}}, {"type": "dict", "image_number": {"type": "int", "data": 8}, "Hcamera2end": {"type": "ndarray", "data": [[0.9999807984032312, 0.005526907583606096, -0.0028028766292017295, -0.01316366559348899], [0.0027987376069779782, 0.0007564778332489475, 0.9999957973957166, 0.02882361480127252], [0.0055290046702399336, -0.9999844403958745, 0.0007409949435620566, 0.034163877585183126], [0.0, 0.0, 0.0, 1.0]]}, "Hobj2base": {"type": "ndarray", "data": [[0.9999879387043261, 0.004524287944273971, -0.0019113514774019094, -0.7354317378062842], [0.004521898147999535, -0.9999889914112199, -0.0012527942808092671, 0.08981079770414854], [-0.0019169984381808014, 0.0012441362337811878, -0.9999973886176001, 0.0009158147707440251], [0.0, 0.0, 0.0, 1.0]]}, "mean_rme": {"type": "float", "data": 0.0018177469309264616}, "max_rme": {"type": "float", "data": 0.005454275433131983}, "simu": {"type": "float", "data": 0.002}}, {"type": "dict", "image_number": {"type": "int", "data": 9}, "Hcamera2end": {"type": "ndarray", "data": [[0.9999790807463043, 0.0053445948132174485, -0.003643264478309161, -0.012832205692747681], [0.0036386466173635905, 0.0008734938657014579, 0.9999929986051205, 0.028722187098324622], [0.005347739762771622, -0.9999853360498588, 0.0008540285010233406, 0.034281394101798805], [0.0, 0.0, 0.0, 1.0]]}, "Hobj2base": {"type": "ndarray", "data": [[0.9999855039656584, 0.004764343947747011, -0.0025085623961970897, -0.7355984241583399], [0.00475931548103383, -0.9999866609674535, -0.0020066896412394156, 0.08952972068898725], [-0.0025180894940488863, 0.001994721512350103, -0.9999948401423826, 0.0010086519305443908], [0.0, 0.0, 0.0, 1.0]]}, "mean_rme": {"type": "float", "data": 0.0016737714393728481}, "max_rme": {"type": "float", "data": 0.005429370366767605}, "simu": {"type": "float", "data": 0.002}}, {"type": "dict", "image_number": {"type": "int", "data": 10}, "Hcamera2end": {"type": "ndarray", "data": [[0.9999756897650454, 0.005646114297799982, -0.004091609983605264, -0.012428488911627976], [0.004092134255709252, -8.130603776868028e-05, 0.9999916238782011, 0.02858313131363941], [0.005645734332663071, -0.9999840572642468, -0.00010440871892947179, 0.0344944755850283], [0.0, 0.0, 0.0, 1.0]]}, "Hobj2base": {"type": "ndarray", "data": [[0.9999805179326559, 0.005978352367532287, -0.0017952877504913388, -0.7353137310794602], [0.005973621784106714, -0.9999787021314253, -0.0026289021150793235, 0.08937134625965135], [-0.0018109660178724702, 0.0026181265286162013, -0.9999949328949433, 0.0008789339512736194], [0.0, 0.0, 0.0, 1.0]]}, "mean_rme": {"type": "float", "data": 0.0015686853402388458}, "max_rme": {"type": "float", "data": 0.005623423856275289}, "simu": {"type": "float", "data": 0.002}}, {"type": "dict", "image_number": {"type": "int", "data": 11}, "Hcamera2end": {"type": "ndarray", "data": [[0.9999827309157079, 0.00427914436091352, -0.004028249483508254, -0.012666760173159078], [0.0040236799696292125, 0.0010759297481879315, 0.9999913261497217, 0.02843139227195453], [0.004283441357708443, -0.9999902656019786, 0.0010586932604141897, 0.03382069399720807], [0.0, 0.0, 0.0, 1.0]]}, "Hobj2base": {"type": "ndarray", "data": [[0.9999881008107657, 0.004487957238596765, -0.001912191596644009, -0.7355259560359929], [0.004483695730426913, -0.9999874681980365, -0.0022270876673424395, 0.08965898803185542], [-0.0019221627076552428, 0.0022184874815072138, -0.9999956917926296, 0.0012066419504488694], [0.0, 0.0, 0.0, 1.0]]}, "mean_rme": {"type": "float", "data": 0.0015809278556502332}, "max_rme": {"type": "float", "data": 0.005664873945691429}, "simu": {"type": "float", "data": 0.002}}, {"type": "dict", "image_number": {"type": "int", "data": 12}, "Hcamera2end": {"type": "ndarray", "data": [[0.9999662161777536, 0.007047937737349494, -0.00423002089789178, -0.011852217713347359], [0.004260268763088946, -0.004282261084606276, 0.9999817560086132, 0.028759084146575797], [0.007029695100956006, -0.9999659938286171, -0.0043121425224454946, 0.034365298936064756], [0.0, 0.0, 0.0, 1.0]]}, "Hobj2base": {"type": "ndarray", "data": [[0.9999689275195097, 0.007802865251560608, 0.0011221806216223811, -0.7338938999217847], [0.007804924165053488, -0.9999678441765849, -0.0018422192081741706, 0.08991230285207535], [0.0011077699487352529, 0.001850920500505021, -0.9999976734668143, -0.0001555482666345855], [0.0, 0.0, 0.0, 1.0]]}, "mean_rme": {"type": "float", "data": 0.001777593269076851}, "max_rme": {"type": "float", "data": 0.007297737799049742}, "simu": {"type": "float", "data": 0.002}}, {"type": "dict", "image_number": {"type": "int", "data": 13}, "Hcamera2end": {"type": "ndarray", "data": [[0.9999668025481631, 0.007566646711632277, -0.003023186918526248, -0.012164213097006053], [0.003063702819195453, -0.00534868723436599, 0.999981002454499, 0.028530608122449057], [0.007550332882638859, -0.9999570677796173, -0.005371691628441422, 0.03476839559997199], [0.0, 0.0, 0.0, 1.0]]}, "Hobj2base": {"type": "ndarray", "data": [[0.9999604225909987, 0.008597360573913764, 0.002288808160044964, -0.7336763621391358], [0.00859790485596063, -0.9999630113244233, -0.00022806814481931387, 0.09005904322116519], [0.00228676271598604, 0.0002477380732666791, -0.9999973546675649, -0.0002119557346658397], [0.0, 0.0, 0.0, 1.0]]}, "mean_rme": {"type": "float", "data": 0.001779765757120528}, "max_rme": {"type": "float", "data": 0.007438488497947926}, "simu": {"type": "float", "data": 0.002}}, {"type": "dict", "image_number": {"type": "int", "data": 14}, "Hcamera2end": {"type": "ndarray", "data": [[0.999970960406497, 0.006913820418689288, -0.003205843247259207, -0.01223237956867868], [0.0032561103942771947, -0.00727157197425643, 0.9999682604893636, 0.028321102616597652], [0.006890289457501941, -0.999949660397083, -0.0072938729732916485, 0.0353945880764947], [0.0, 0.0, 0.0, 1.0]]}, "Hobj2base": {"type": "ndarray", "data": [[0.9999618162548383, 0.007881217226577796, 0.0037752413634931535, -0.7333786366660322], [0.007883321510018812, -0.9999687787991707, -0.0005428341051461824, 0.08991069915157768], [0.003770845302423711, 0.0005725748191533846, -0.9999927264154387, -0.00021558431555710307], [0.0, 0.0, 0.0, 1.0]]}, "mean_rme": {"type": "float", "data": 0.0017941293384237584}, "max_rme": {"type": "float", "data": 0.00782914680041541}, "simu": {"type": "float", "data": 0.002}}, {"type": "dict", "image_number": {"type": "int", "data": 15}, "Hcamera2end": {"type": "ndarray", "data": [[0.9999712288316248, 0.007225332807203102, -0.002309994544438362, -0.012578049380956786], [0.002355157364462266, -0.006248371007802511, 0.9999777052982417, 0.028385104777709905], [0.007210738017623413, -0.9999543751719744, -0.006265208030639791, 0.034861341482576885], [0.0, 0.0, 0.0, 1.0]]}, "Hobj2base": {"type": "ndarray", "data": [[0.9999608038557206, 0.008364014281607837, 0.0029041379647045352, -0.7335266295945295], [0.008364807839016952, -0.9999649802659474, -0.0002612116776692534, 0.09000976692383549], [0.00290185148436281, 0.0002854939951913953, -0.999995748866535, 0.00012727105431381187], [0.0, 0.0, 0.0, 1.0]]}, "mean_rme": {"type": "float", "data": 0.0017661437357197483}, "max_rme": {"type": "float", "data": 0.0078075171908326135}, "simu": {"type": "float", "data": 0.002}}, {"type": "dict", "image_number": {"type": "int", "data": 16}, "Hcamera2end": {"type": "ndarray", "data": [[0.9999701626840901, 0.006837603991789029, -0.003594567179207293, -0.011745454226234362], [0.003643861674066481, -0.007210578851254423, 0.9999673643798231, 0.028532468469444197], [0.006811461932260428, -0.9999506261432517, -0.007235278990063376, 0.03539348448764159], [0.0, 0.0, 0.0, 1.0]]}, "Hobj2base": {"type": "ndarray", "data": [[0.999956289128396, 0.00839934115887922, 0.004107420195765441, -0.7334290664994946], [0.008406117313341226, -0.9999633308810387, -0.0016352629795481721, 0.0898899908002191], [0.004093534448635949, 0.0016697189567988254, -0.9999902274594101, -0.000567338351397436], [0.0, 0.0, 0.0, 1.0]]}, "mean_rme": {"type": "float", "data": 0.0017722726421674389}, "max_rme": {"type": "float", "data": 0.007850771483934593}, "simu": {"type": "float", "data": 0.002}}, {"type": "dict", "image_number": {"type": "int", "data": 17}, "Hcamera2end": {"type": "ndarray", "data": [[0.999977915257486, 0.0060322451129483, -0.00278944729103657, -0.011790229975891688], [0.00282718147645525, -0.006255959633202357, 0.9999764347293227, 0.02827934834172909], [0.00601465229180775, -0.9999622367809524, -0.006272875723589477, 0.03513047819892349], [0.0, 0.0, 0.0, 1.0]]}, "Hobj2base": {"type": "ndarray", "data": [[0.9999667875413127, 0.007394722714492904, 0.003426644172189929, -0.7337941588109718], [0.007399018041116634, -0.9999718549281404, -0.0012425311269404183, 0.0902748837692792], [0.0034173595558956147, 0.0012678436614772177, -0.9999933570909938, -0.00035633972764152836], [0.0, 0.0, 0.0, 1.0]]}, "mean_rme": {"type": "float", "data": 0.0018572385878711595}, "max_rme": {"type": "float", "data": 0.007793160816344458}, "simu": {"type": "float", "data": 0.002}}, {"type": "dict", "image_number": {"type": "int", "data": 18}, "Hcamera2end": {"type": "ndarray", "data": [[0.9999780209841804, 0.006466523588190924, -0.0014634279091623515, -0.011986011438577235], [0.0015196892356485288, -0.008704066510533792, 0.9999609641235038, 0.028277039838253075], [0.006453533387920056, -0.9999412099212951, -0.008713702310007454, 0.03629915530122002], [0.0, 0.0, 0.0, 1.0]]}, "Hobj2base": {"type": "ndarray", "data": [[0.9999538598395377, 0.008389626980188358, 0.004678926281063279, -0.7340283303726793], [0.008390579195092784, -0.9999647815571802, -0.00018391865577305254, 0.09063038634450996], [0.004677218487648957, 0.00022316907124602552, -0.9999890368512971, -0.0005067654327084262], [0.0, 0.0, 0.0, 1.0]]}, "mean_rme": {"type": "float", "data": 0.0019336570898299073}, "max_rme": {"type": "float", "data": 0.008582305264266454}, "simu": {"type": "float", "data": 0.002}}, {"type": "dict", "image_number": {"type": "int", "data": 19}, "Hcamera2end": {"type": "ndarray", "data": [[0.9999746579260612, 0.00666197831877159, -0.0025102889349601846, -0.01179576238914612], [0.0025706450906020674, -0.009066749297167886, 0.9999555919344623, 0.028428131850718207], [0.006638922312765059, -0.9999367040478426, -0.009083645108795668, 0.03674876532085562], [0.0, 0.0, 0.0, 1.0]]}, "Hobj2base": {"type": "ndarray", "data": [[0.9999512336746906, 0.008645431067803206, 0.004773551520212949, -0.7344281777076883], [0.008649027093712194, -0.9999623276690199, -0.0007331937585583156, 0.09027807809239163], [0.004767032913301171, 0.0007744445798245237, -0.999988337748394, -0.0005513321583072308], [0.0, 0.0, 0.0, 1.0]]}, "mean_rme": {"type": "float", "data": 0.0019292268035527472}, "max_rme": {"type": "float", "data": 0.008788356153605792}, "simu": {"type": "float", "data": 0.002}}, {"type": "dict", "image_number": {"type": "int", "data": 20}, "Hcamera2end": {"type": "ndarray", "data": [[0.999979422986615, 0.005589224417124753, -0.0031486780990592897, -0.01217874328751498], [0.003198055583600884, -0.00884756407124665, 0.9999557455460163, 0.028333381573156412], [0.005561118937828823, -0.9999452390908316, -0.008865256665157695, 0.036947104820690295], [0.0, 0.0, 0.0, 1.0]]}, "Hobj2base": {"type": "ndarray", "data": [[0.9999580918311438, 0.007837416713533395, 0.0047317523895761575, -0.7343208250204827], [0.007847059276713374, -0.9999671655786093, -0.002022727216001264, 0.08974218135334473], [0.004715744069134674, 0.0020597727886912803, -0.999986759459311, -0.00031449547754524296], [0.0, 0.0, 0.0, 1.0]]}, "mean_rme": {"type": "float", "data": 0.001973181973789312}, "max_rme": {"type": "float", "data": 0.008298885797900502}, "simu": {"type": "float", "data": 0.002}}, {"type": "dict", "image_number": {"type": "int", "data": 21}, "Hcamera2end": {"type": "ndarray", "data": [[0.9999835118299146, 0.004958332134775386, -0.0028967241415551606, -0.012090319049789437], [0.0029405924584364803, -0.0088630879637972, 0.9999563983433174, 0.028370647624265215], [0.004932442022406469, -0.9999484289773083, -0.008877522261777404, 0.03707760969080122], [0.0, 0.0, 0.0, 1.0]]}, "Hobj2base": {"type": "ndarray", "data": [[0.9999579432490296, 0.007496158135078198, 0.005283876075798866, -0.7341931195184456], [0.007504896767114093, -0.9999704996663206, -0.0016359466996951485, 0.0900507871594453], [0.005271456884530034, 0.0016755328415712929, -0.999984702048992, -0.0004597341288135471], [0.0, 0.0, 0.0, 1.0]]}, "mean_rme": {"type": "float", "data": 0.0019603991843326887}, "max_rme": {"type": "float", "data": 0.008040077771392706}, "simu": {"type": "float", "data": 0.002}}, {"type": "dict", "image_number": {"type": "int", "data": 22}, "Hcamera2end": {"type": "ndarray", "data": [[0.999984361429219, 0.0047695186909213205, -0.002920374711240541, -0.012121165540360034], [0.0029589342432810597, -0.008097628761482678, 0.9999628358677062, 0.028121555871071856], [0.004745693325641664, -0.9999558390748553, -0.008111614818320678, 0.036849837007315416], [0.0, 0.0, 0.0, 1.0]]}, "Hobj2base": {"type": "ndarray", "data": [[0.9999603109556888, 0.0071579972901766814, 0.005304676068894027, -0.7340029595723255], [0.007165957830024334, -0.9999732242539565, -0.0014831802065283339, 0.09025099744944327], [0.00529391743233559, 0.0015211344255350292, -0.9999848301790779, -0.00018278795068026423], [0.0, 0.0, 0.0, 1.0]]}, "mean_rme": {"type": "float", "data": 0.0020006272641377963}, "max_rme": {"type": "float", "data": 0.007540996956670876}, "simu": {"type": "float", "data": 0.002}}, {"type": "dict", "image_number": {"type": "int", "data": 23}, "Hcamera2end": {"type": "ndarray", "data": [[0.9999810075360976, 0.004854868873603008, -0.0037966847789959986, -0.011807354726940375], [0.003829532246951707, -0.006774580820433362, 0.9999697194102815, 0.02821891048292868], [0.004829000917425492, -0.9999652670482748, -0.00679304403135772, 0.036184531125467705], [0.0, 0.0, 0.0, 1.0]]}, "Hobj2base": {"type": "ndarray", "data": [[0.9999666434334913, 0.006958359640336702, 0.004277061078895078, -0.7339639027214343], [0.006967536683562284, -0.9999734483189611, -0.002134499859159499, 0.09011328794925431], [0.00426209489806125, 0.002164229239538022, -0.9999885752641768, -0.00033096156610299456], [0.0, 0.0, 0.0, 1.0]]}, "mean_rme": {"type": "float", "data": 0.002034977090672926}, "max_rme": {"type": "float", "data": 0.00724766026482504}, "simu": {"type": "float", "data": 0.002}}, {"type": "dict", "image_number": {"type": "int", "data": 24}, "Hcamera2end": {"type": "ndarray", "data": [[0.9999803171403437, 0.00486518641494306, -0.003961728542606636, -0.011695044895903606], [0.003993929919278627, -0.006626951992319885, 0.9999700655675108, 0.028184711370233217], [0.004838786593490317, -0.9999662061632082, -0.006646252768539362, 0.03603267651327976], [0.0, 0.0, 0.0, 1.0]]}, "Hobj2base": {"type": "ndarray", "data": [[0.9999660640564693, 0.007077769082521015, 0.0042161499294715125, -0.7339161439896896], [0.007086665757532684, -0.9999726864088236, -0.0020989532540113807, 0.0900978097064547], [0.0042011788648291006, 0.002128760469386088, -0.9999889091760021, -0.00023795187384691857], [0.0, 0.0, 0.0, 1.0]]}, "mean_rme": {"type": "float", "data": 0.0019748914631640122}, "max_rme": {"type": "float", "data": 0.0072523044096883815}, "simu": {"type": "float", "data": 0.002}}, {"type": "dict", "image_number": {"type": "int", "data": 25}, "Hcamera2end": {"type": "ndarray", "data": [[0.9999824459164287, 0.004754517670861359, -0.003535876230034551, -0.01209085401433454], [0.003569533001852116, -0.007089150132553179, 0.9999685006961704, 0.028146209618211265], [0.0047293015494198395, -0.9999635685924341, -0.007105997096753303, 0.03639237626087256], [0.0, 0.0, 0.0, 1.0]]}, "Hobj2base": {"type": "ndarray", "data": [[0.9999660886587217, 0.006836975799021255, 0.004591001470386392, -0.7340318604625337], [0.006843736059575317, -0.9999755178583005, -0.0014584103573966477, 0.08998645357642168], [0.0045809179565192894, 0.0014897805030577409, -0.9999883978050588, -0.0002901546040571179], [0.0, 0.0, 0.0, 1.0]]}, "mean_rme": {"type": "float", "data": 0.0019843208172627682}, "max_rme": {"type": "float", "data": 0.00732129085424249}, "simu": {"type": "float", "data": 0.002}}, {"type": "dict", "image_number": {"type": "int", "data": 26}, "Hcamera2end": {"type": "ndarray", "data": [[0.9999836872725555, 0.004547433964079609, -0.0034563033903783832, -0.011944636948716295], [0.0034864587922662322, -0.006640169735281809, 0.9999718759800083, 0.028087975321381305], [0.004524355630787149, -0.9999676139706872, -0.006655915857129102, 0.0362426674489134], [0.0, 0.0, 0.0, 1.0]]}, "Hobj2base": {"type": "ndarray", "data": [[0.9999693246580641, 0.006722819930829313, 0.004019133622171601, -0.7341933398392132], [0.0067296284394348874, -0.9999759396730608, -0.0016829070226161468, 0.09014234470911844], [0.004007723039629262, 0.0017099026747934365, -0.9999905071493833, -0.0002801838551832768], [0.0, 0.0, 0.0, 1.0]]}, "mean_rme": {"type": "float", "data": 0.001974563319748242}, "max_rme": {"type": "float", "data": 0.007320096542825172}, "simu": {"type": "float", "data": 0.002}}, {"type": "dict", "image_number": {"type": "int", "data": 27}, "Hcamera2end": {"type": "ndarray", "data": [[0.9999900909967366, 0.0038364526227470893, -0.00225821602416975, -0.01274417363235368], [0.002282524477474033, -0.0063436614258980395, 0.9999772737626206, 0.02840385159378899], [0.00382204007673022, -0.9999725194179022, -0.006352355363554274, 0.036015653184237134], [0.0, 0.0, 0.0, 1.0]]}, "Hobj2base": {"type": "ndarray", "data": [[0.9999725871658296, 0.006093692417297143, 0.004206165664927606, -0.7341190672874002], [0.006095843377898949, -0.9999812957950074, -0.0004987520933348144, 0.09028010762941888], [0.0042030477500935096, 0.0005243785482412825, -0.9999910296681411, -0.0006057894581226803], [0.0, 0.0, 0.0, 1.0]]}, "mean_rme": {"type": "float", "data": 0.002066595774304778}, "max_rme": {"type": "float", "data": 0.007240339718975253}, "simu": {"type": "float", "data": 0.002}}, {"type": "dict", "image_number": {"type": "int", "data": 28}, "Hcamera2end": {"type": "ndarray", "data": [[0.9999898452810883, 0.004140254007249103, -0.001779784105075159, -0.013151819457379895], [0.0018038736250050663, -0.005821928024782652, 0.9999814254245022, 0.027337582624114256], [0.004129815328829065, -0.9999744813998154, -0.00582933739974445, 0.03570532365258261], [0.0, 0.0, 0.0, 1.0]]}, "Hobj2base": {"type": "ndarray", "data": [[0.9999754921980123, 0.005890201579710041, 0.003784247440817031, -0.73415903578308], [0.00588992158848346, -0.9999826506378713, 8.512895190242308e-05, 0.09071914191614683], [0.0037846832132247704, -6.283794488109491e-05, -0.9999928360865231, 0.0006104048614353584], [0.0, 0.0, 0.0, 1.0]]}, "mean_rme": {"type": "float", "data": 0.0020661456928713997}, "max_rme": {"type": "float", "data": 0.007238690444435314}, "simu": {"type": "float", "data": 0.002}}, {"type": "dict", "image_number": {"type": "int", "data": 29}, "Hcamera2end": {"type": "ndarray", "data": [[0.9999887259435924, 0.003833923060965364, -0.0028016101929852, -0.012794872087178577], [0.002826276060618107, -0.006443361276684767, 0.9999752473231961, 0.026824246217608642], [0.003815776374477099, -0.9999718916696713, -0.006454124358831637, 0.03600397892417604], [0.0, 0.0, 0.0, 1.0]]}, "Hobj2base": {"type": "ndarray", "data": [[0.9999734640759913, 0.005835499521547546, 0.004360973422995858, -0.73418819123753], [0.0058394909133880745, -0.999982542243308, -0.0009030805515704252, 0.09092605435061517], [0.004355627364056291, 0.0009285224521706463, -0.9999900831289881, 0.0009768523731300128], [0.0, 0.0, 0.0, 1.0]]}, "mean_rme": {"type": "float", "data": 0.0020990076861577634}, "max_rme": {"type": "float", "data": 0.007406202003192697}, "simu": {"type": "float", "data": 0.002}}, {"type": "dict", "image_number": {"type": "int", "data": 30}, "Hcamera2end": {"type": "ndarray", "data": [[0.9999884596752219, 0.003817308701422754, -0.002916962573501134, -0.012546916171873822], [0.0029381458675361055, -0.005555482516329979, 0.9999802517614395, 0.02683084222889723], [0.0038010281817219844, -0.9999772821260936, -0.005566634214043686, 0.03550887114106865], [0.0, 0.0, 0.0, 1.0]]}, "Hobj2base": {"type": "ndarray", "data": [[0.9999785193150678, 0.005500003701891931, 0.003565230388606885, -0.7343029703891519], [0.005503911211379668, -0.9999842624403565, -0.0010871214252503652, 0.09111947396402716], [0.0035591951087177187, 0.0011067207846445514, -0.9999930536255153, 0.0010382752723428145], [0.0, 0.0, 0.0, 1.0]]}, "mean_rme": {"type": "float", "data": 0.00208262809947295}, "max_rme": {"type": "float", "data": 0.007394616591444192}, "simu": {"type": "float", "data": 0.002}}]}