{"type": "list", "data": [{"type": "dict", "image_number": {"type": "int", "data": 5}, "Hcamera2end": {"type": "ndarray", "data": [[0.9999610126347713, -0.002566820539358646, 0.008448943292596984, -0.015664370478881667], [-0.008412904333776481, 0.013740837629179659, 0.9998701977866522, 0.029571797300280752], [-0.0026825829182930915, -0.9999022956337118, 0.013718707494484894, 0.03501001688537184], [0.0, 0.0, 0.0, 1.0]]}, "Hobj2base": {"type": "ndarray", "data": [[0.9999543177033717, -0.004309214946986425, -0.008531891520929077, -0.7419593323212055], [-0.004240530078822633, -0.9999585894707941, 0.008052157985925379, 0.09552694603679432], [-0.008566236690334517, -0.008015610402232016, -0.9999311824214927, -0.0005388961838077355], [0.0, 0.0, 0.0, 1.0]]}, "mean_rme": {"type": "float", "data": 0.001216006315516236}, "max_rme": {"type": "float", "data": 0.003636397899070297}, "simu": {"type": "float", "data": 0.002}}, {"type": "dict", "image_number": {"type": "int", "data": 6}, "Hcamera2end": {"type": "ndarray", "data": [[0.999982853961907, -0.002176649911014304, -0.005436356993816115, -0.015314990769707127], [0.005413957513934699, -0.010167739928141017, 0.9999336508632914, 0.030173064904316874], [-0.0022317809562414455, -0.9999459381686184, -0.010155781301544042, 0.031597529388900994], [0.0, 0.0, 0.0, 1.0]]}, "Hobj2base": {"type": "ndarray", "data": [[0.999905031731868, -0.003290367380840963, 0.013382862167388014, -0.725788297393278], [-0.003218713823464382, -0.9999803897645463, -0.0053721473983447295, 0.0880393051597478], [0.013400276064874444, 0.005328561611354468, -0.9998960141097373, -0.004279041842343105], [0.0, 0.0, 0.0, 1.0]]}, "mean_rme": {"type": "float", "data": 0.0014958397352029967}, "max_rme": {"type": "float", "data": 0.0035508924102485573}, "simu": {"type": "float", "data": 0.002}}, {"type": "dict", "image_number": {"type": "int", "data": 7}, "Hcamera2end": {"type": "ndarray", "data": [[0.9999873625401704, -0.004468142481133801, -0.002304444124321082, -0.0147019515901735], [0.002279618486693505, -0.0055532975350605085, 0.9999819819506961, 0.030623529050390095], [-0.004480859237797556, -0.9999745979719963, -0.005543041695284856, 0.03181164225860398], [0.0, 0.0, 0.0, 1.0]]}, "Hobj2base": {"type": "ndarray", "data": [[0.9999462542675643, -0.005931770337889509, 0.00850309807812391, -0.7288778524540137], [-0.005896979956178492, -0.9999741633704329, -0.004110744336226609, 0.08987434821453025], [0.008527262378048975, 0.004060380802329286, -0.999955398557393, -0.004222691699940178], [0.0, 0.0, 0.0, 1.0]]}, "mean_rme": {"type": "float", "data": 0.001598304099412225}, "max_rme": {"type": "float", "data": 0.004338036195166678}, "simu": {"type": "float", "data": 0.002}}, {"type": "dict", "image_number": {"type": "int", "data": 8}, "Hcamera2end": {"type": "ndarray", "data": [[0.9999909652031282, -0.004250259070980155, -6.935377091097728e-05, -0.015521452365142099], [3.939664019723911e-05, -0.007047985437091064, 0.9999751618661251, 0.03039227736100183], [-0.004250642306843735, -0.9999661300259665, -0.007047754314047028, 0.03365442638212088], [0.0, 0.0, 0.0, 1.0]]}, "Hobj2base": {"type": "ndarray", "data": [[0.9999352131967166, -0.005567962838717428, 0.009928101483346264, -0.7296102523490551], [-0.005562050102184329, -0.9999843375701958, -0.000623067377200613, 0.090847399500159], [0.009931415201155966, 0.0005678064127870715, -0.9999505210699071, -0.0038590764777335987], [0.0, 0.0, 0.0, 1.0]]}, "mean_rme": {"type": "float", "data": 0.00168317623214948}, "max_rme": {"type": "float", "data": 0.0059678915332304905}, "simu": {"type": "float", "data": 0.002}}, {"type": "dict", "image_number": {"type": "int", "data": 9}, "Hcamera2end": {"type": "ndarray", "data": [[0.9999925122812849, -0.0037934912551882, -0.0007647257422711254, -0.01546514400754987], [0.0007338112608591496, -0.008144057047321684, 0.9999665673690511, 0.030307203736001792], [-0.003799592398865669, -0.9999596410650314, -0.0081412123603124, 0.033778613257689355], [0.0, 0.0, 0.0, 1.0]]}, "Hobj2base": {"type": "ndarray", "data": [[0.9999294328295203, -0.005019847741415675, 0.010767102204714137, -0.729144582015178], [-0.005005980430644146, -0.9999866060379299, -0.0013144978775767998, 0.09073668230742093], [0.010773556569757451, 0.0012605052142494332, -0.9999411690721824, -0.003833590631872336], [0.0, 0.0, 0.0, 1.0]]}, "mean_rme": {"type": "float", "data": 0.0016692769466546235}, "max_rme": {"type": "float", "data": 0.005724004164601254}, "simu": {"type": "float", "data": 0.002}}, {"type": "dict", "image_number": {"type": "int", "data": 10}, "Hcamera2end": {"type": "ndarray", "data": [[0.9999914832451893, -0.0038842027210132333, -0.0013951366629593848, -0.014844004158751796], [0.0013686664287463944, -0.0068091814107200666, 0.9999758806094888, 0.029048023328817455], [-0.0038936087750418174, -0.9999692735368112, -0.006803807240724824, 0.03316157469698689], [0.0, 0.0, 0.0, 1.0]]}, "Hobj2base": {"type": "ndarray", "data": [[0.9999357686567658, -0.005803037758425662, 0.009735672220099943, -0.7291327623689133], [-0.005785741690983402, -0.9999816355957929, -0.0018037916308848794, 0.09137999309469161], [0.009745960901222425, 0.0017473476862719319, -0.9999509803096223, -0.0027176159307771785], [0.0, 0.0, 0.0, 1.0]]}, "mean_rme": {"type": "float", "data": 0.0016804450522696645}, "max_rme": {"type": "float", "data": 0.006225490938840256}, "simu": {"type": "float", "data": 0.002}}, {"type": "dict", "image_number": {"type": "int", "data": 11}, "Hcamera2end": {"type": "ndarray", "data": [[0.9999876571053276, -0.004968369205338868, 3.073169711206034e-05, -0.015049496105750515], [-6.071347578935236e-05, -0.006034492943029157, 0.999981790438603, 0.027511404122814307], [-0.004968093283305431, -0.9999694496345175, -0.006034720106881775, 0.032835795571355894], [0.0, 0.0, 0.0, 1.0]]}, "Hobj2base": {"type": "ndarray", "data": [[0.9999356716447879, -0.00594161943707781, 0.009661766440555603, -0.7290610339612361], [-0.005935085574854674, -0.9999821388544594, -0.0007047916577770485, 0.0915920427579452], [0.00966578147415196, 0.0006474029090599799, -0.9999530756680377, -0.0009026084306931293], [0.0, 0.0, 0.0, 1.0]]}, "mean_rme": {"type": "float", "data": 0.0017682789021834712}, "max_rme": {"type": "float", "data": 0.006291914345612631}, "simu": {"type": "float", "data": 0.002}}, {"type": "dict", "image_number": {"type": "int", "data": 12}, "Hcamera2end": {"type": "ndarray", "data": [[0.9999950016814527, -0.003104784285479764, 0.0005974333870112434, -0.014424456248060893], [-0.0006113019839520753, -0.004467819548322538, 0.999989832397494, 0.027729242464385316], [-0.003102083492701973, -0.9999851993419825, -0.004469695177530708, 0.033847265461121954], [0.0, 0.0, 0.0, 1.0]]}, "Hobj2base": {"type": "ndarray", "data": [[0.9999572918801171, -0.004379294360353645, 0.008138562323148656, -0.7312219127390929], [-0.004380154321246572, -0.9999904032197706, 8.784350776172914e-05, 0.09179530592668406], [0.008138099526576525, -0.00012348791505914283, -0.9999668774948647, -0.0008362747789711125], [0.0, 0.0, 0.0, 1.0]]}, "mean_rme": {"type": "float", "data": 0.0018143465234975436}, "max_rme": {"type": "float", "data": 0.008044554823601863}, "simu": {"type": "float", "data": 0.002}}, {"type": "dict", "image_number": {"type": "int", "data": 13}, "Hcamera2end": {"type": "ndarray", "data": [[0.9999979172166849, -0.002022305824346874, 0.0002753932553514212, -0.015458240724565557], [-0.00028125519767257623, -0.002898930778279185, 0.9999957585389332, 0.02782924727701687], [-0.0020214989008313865, -0.9999937532202365, -0.0028994935244590625, 0.032935887362761186], [0.0, 0.0, 0.0, 1.0]]}, "Hobj2base": {"type": "ndarray", "data": [[0.9999762596095958, -0.0028317749132716888, 0.006281820440187102, -0.7317546941898482], [-0.0028306826675565068, -0.9999959769094295, -0.00018275828651909183, 0.09035431658088132], [0.006282312698185481, 0.00016497210752528047, -0.9999802524707007, -0.0006793131175289757], [0.0, 0.0, 0.0, 1.0]]}, "mean_rme": {"type": "float", "data": 0.001964227579899385}, "max_rme": {"type": "float", "data": 0.007618176091302359}, "simu": {"type": "float", "data": 0.002}}, {"type": "dict", "image_number": {"type": "int", "data": 14}, "Hcamera2end": {"type": "ndarray", "data": [[0.9999961464564628, -0.002756948343077525, 0.00032604916518626, -0.015458511188759362], [-0.0003334994970201465, -0.002702355797092215, 0.999996293018745, 0.027846368564167147], [-0.0027560570222700176, -0.9999925482267255, -0.002703264824332363, 0.03273608870431235], [0.0, 0.0, 0.0, 1.0]]}, "Hobj2base": {"type": "ndarray", "data": [[0.9999767524971644, -0.0033994526008753476, 0.005910853342721673, -0.7317748277437381], [-0.0034002320779461326, -0.9999942117731355, 0.0001218279201035575, 0.09046019865002315], [0.005910404981121706, -0.0001419233610525968, -0.9999825233326427, -0.0006255978606084313], [0.0, 0.0, 0.0, 1.0]]}, "mean_rme": {"type": "float", "data": 0.0018994979851933032}, "max_rme": {"type": "float", "data": 0.007504902650366491}, "simu": {"type": "float", "data": 0.002}}, {"type": "dict", "image_number": {"type": "int", "data": 15}, "Hcamera2end": {"type": "ndarray", "data": [[0.9999934719494791, -0.0036118080939764757, -0.00010440650697869191, -0.015573195784815896], [9.284449089135872e-05, -0.003201190780191876, 0.9999948718655957, 0.02780949372231006], [-0.0036121237972866595, -0.9999883535421205, -0.003200834546173148, 0.033005078730418094], [0.0, 0.0, 0.0, 1.0]]}, "Hobj2base": {"type": "ndarray", "data": [[0.9999747497787301, -0.003825781760270594, 0.005988589056593207, -0.7319733349575014], [-0.003824838561579281, -0.9999926710070555, -0.0001689442328106446, 0.09032719250378765], [0.005989191510030649, 0.0001460345805782745, -0.9999820539684492, -0.0006481224012891714], [0.0, 0.0, 0.0, 1.0]]}, "mean_rme": {"type": "float", "data": 0.0018943624504103947}, "max_rme": {"type": "float", "data": 0.007445300298707769}, "simu": {"type": "float", "data": 0.002}}, {"type": "dict", "image_number": {"type": "int", "data": 16}, "Hcamera2end": {"type": "ndarray", "data": [[0.9999934581359138, -0.0036131318868658866, -0.000170186205469788, -0.015346399528742118], [0.00015959579695852088, -0.0029311742904702953, 0.9999956913639482, 0.027801831338012305], [-0.0036136151646256444, -0.9999891766890515, -0.002930578474463319, 0.03306287378945181], [0.0, 0.0, 0.0, 1.0]]}, "Hobj2base": {"type": "ndarray", "data": [[0.9999787411956483, -0.0034312395222254946, 0.00554470487111443, -0.7322898926999004], [-0.003428808451122944, -0.9999940213131757, -0.00044789564490418324, 0.09030240020643687], [0.005546208558299102, 0.0004288743922572385, -0.9999845276989954, -0.0007384641403594926], [0.0, 0.0, 0.0, 1.0]]}, "mean_rme": {"type": "float", "data": 0.0018814080269780585}, "max_rme": {"type": "float", "data": 0.007631383270565756}, "simu": {"type": "float", "data": 0.002}}, {"type": "dict", "image_number": {"type": "int", "data": 17}, "Hcamera2end": {"type": "ndarray", "data": [[0.9999911385009564, -0.004052658688419239, -0.001139682901555091, -0.014461587844363022], [0.0011336304115495688, -0.0014954452009199315, 0.9999982392613206, 0.027374631510439607], [-0.0040543558860720325, -0.9999906697570765, -0.0014908377318969546, 0.03226105661484266], [0.0, 0.0, 0.0, 1.0]]}, "Hobj2base": {"type": "ndarray", "data": [[0.9999821059831233, -0.0038610016419132255, 0.004569505430416473, -0.7324210522341258], [-0.0038558586578859954, -0.9999919234199963, -0.0011337763391167414, 0.09063648464545888], [0.004573846036747178, 0.0011161366842276663, -0.9999889170242511, 7.763828135399971e-05], [0.0, 0.0, 0.0, 1.0]]}, "mean_rme": {"type": "float", "data": 0.0019642176052981335}, "max_rme": {"type": "float", "data": 0.007769065094906741}, "simu": {"type": "float", "data": 0.002}}, {"type": "dict", "image_number": {"type": "int", "data": 18}, "Hcamera2end": {"type": "ndarray", "data": [[0.9999926198280602, -0.003177150623502283, -0.002160093360993012, -0.014014153666872203], [0.0021571110228897376, -0.0009418106646761348, 0.9999972299285168, 0.027375952143718536], [-0.003179176221532021, -0.9999945093382202, -0.0009349502473201543, 0.03268893425579316], [0.0, 0.0, 0.0, 1.0]]}, "Hobj2base": {"type": "ndarray", "data": [[0.9999894736949612, -0.0029327281730799474, 0.003528683144941807, -0.7331980475309781], [-0.0029254359988866723, -0.9999935785811991, -0.0020699325071484535, 0.0905916669223703], [0.0035347310351696052, 0.002059587781706596, -0.9999916318523265, 0.00028822937684841454], [0.0, 0.0, 0.0, 1.0]]}, "mean_rme": {"type": "float", "data": 0.001998219040103109}, "max_rme": {"type": "float", "data": 0.008685250844513381}, "simu": {"type": "float", "data": 0.002}}, {"type": "dict", "image_number": {"type": "int", "data": 19}, "Hcamera2end": {"type": "ndarray", "data": [[0.9999918721872502, -0.004031800846454576, 1.1890035962439267e-05, -0.014434674601316472], [-2.1882144493205573e-05, -0.002478288877358903, 0.9999969287979898, 0.027531675874569225], [-0.004031758997035835, -0.9999888012703816, -0.002478356958739658, 0.033950624770912166], [0.0, 0.0, 0.0, 1.0]]}, "Hobj2base": {"type": "ndarray", "data": [[0.9999857918120405, -0.003402829960245509, 0.0041032818947820725, -0.7338396582599895], [-0.003401361469397513, -0.9999941488107547, -0.0003648073584482795, 0.09120886325093792], [0.004104499263112225, 0.0003508454302617735, -0.9999915149606438, 0.0003944556612884725], [0.0, 0.0, 0.0, 1.0]]}, "mean_rme": {"type": "float", "data": 0.002120603987506343}, "max_rme": {"type": "float", "data": 0.009055706565387317}, "simu": {"type": "float", "data": 0.002}}, {"type": "dict", "image_number": {"type": "int", "data": 20}, "Hcamera2end": {"type": "ndarray", "data": [[0.9999913203672625, -0.00414920486831619, 0.00037853546708106213, -0.014689492962862587], [-0.00038938076585032233, -0.002613329717969348, 0.99999650943911, 0.02750886496042178], [-0.004148201147278524, -0.9999879772310992, -0.0026149226557965477, 0.033978679545844895], [0.0, 0.0, 0.0, 1.0]]}, "Hobj2base": {"type": "ndarray", "data": [[0.9999854706146664, -0.0035484251303900954, 0.00405798455618188, -0.733744613382241], [-0.003549333765687549, -0.9999936776082725, 0.00021673325292626054, 0.09122712668983125], [0.004057189838292614, -0.0002311332455312091, -0.9999917428599296, 0.0005145239889345982], [0.0, 0.0, 0.0, 1.0]]}, "mean_rme": {"type": "float", "data": 0.0020622075108927686}, "max_rme": {"type": "float", "data": 0.009009597111814455}, "simu": {"type": "float", "data": 0.002}}, {"type": "dict", "image_number": {"type": "int", "data": 21}, "Hcamera2end": {"type": "ndarray", "data": [[0.9999935682330454, -0.003546030979340123, 0.0005377330519611792, -0.014934640528604213], [-0.000548170552489896, -0.0029431171320655203, 0.9999955187752556, 0.027596783904487228], [-0.0035444324774206487, -0.9999893818065473, -0.002945042032383105, 0.034005786444601886], [0.0, 0.0, 0.0, 1.0]]}, "Hobj2base": {"type": "ndarray", "data": [[0.9999871291411986, -0.00301145523730197, 0.0040832204566472255, -0.7338083369632393], [-0.0030131025243760137, -0.9999953816576543, 0.00039733680935638094, 0.0909016796447131], [0.004082005036921774, -0.0004096348571559186, -0.9999915846816725, 0.0005110712034161918], [0.0, 0.0, 0.0, 1.0]]}, "mean_rme": {"type": "float", "data": 0.00207232502932607}, "max_rme": {"type": "float", "data": 0.008735482457457755}, "simu": {"type": "float", "data": 0.002}}, {"type": "dict", "image_number": {"type": "int", "data": 22}, "Hcamera2end": {"type": "ndarray", "data": [[0.9999913746340466, -0.003995154206170099, 0.001135517669928907, -0.01534012832623539], [-0.0011476731924163533, -0.0030415906603402654, 0.9999947157722877, 0.02732302130080831], [-0.003991679314926021, -0.999987393655102, -0.0030461495568896435, 0.03331681959709575], [0.0, 0.0, 0.0, 1.0]]}, "Hobj2base": {"type": "ndarray", "data": [[0.9999847997052937, -0.003427955261400434, 0.004318504496858441, -0.7330345108810555], [-0.0034330658984305686, -0.9999934148479634, 0.0011765709696493901, 0.09117328915945824], [0.004314442826203937, -0.0011913787959442923, -0.9999899830496626, 0.0006205982516840045], [0.0, 0.0, 0.0, 1.0]]}, "mean_rme": {"type": "float", "data": 0.0021803420461588736}, "max_rme": {"type": "float", "data": 0.0082973679866655}, "simu": {"type": "float", "data": 0.002}}, {"type": "dict", "image_number": {"type": "int", "data": 23}, "Hcamera2end": {"type": "ndarray", "data": [[0.9999930574200117, -0.0036297632968422585, 0.0008425735493971186, -0.01514379941930259], [-0.000856159613083696, -0.0037430349605507285, 0.9999926283128295, 0.02724492428942439], [-0.003626582757110503, -0.9999864071614637, -0.003746116630970908, 0.03348331509319857], [0.0, 0.0, 0.0, 1.0]]}, "Hobj2base": {"type": "ndarray", "data": [[0.9999826328990147, -0.003315336296288155, 0.004872622045373989, -0.732939910252207], [-0.0033193545966303285, -0.9999941573333637, 0.0008168134411804723, 0.09129876939460776], [0.004869885565018892, -0.0008329732158829075, -0.9999877951106231, 0.0005404444665822581], [0.0, 0.0, 0.0, 1.0]]}, "mean_rme": {"type": "float", "data": 0.002166881385116175}, "max_rme": {"type": "float", "data": 0.008215508624822565}, "simu": {"type": "float", "data": 0.002}}, {"type": "dict", "image_number": {"type": "int", "data": 24}, "Hcamera2end": {"type": "ndarray", "data": [[0.9999924240047041, -0.0038461991062513443, 0.0005989036909832463, -0.015257306862134544], [-0.0006104816822549237, -0.003009774120047437, 0.999995284274812, 0.027278192113559883], [-0.003844378403803819, -0.9999880739349752, -0.003012099352113662, 0.03329662459504034], [0.0, 0.0, 0.0, 1.0]]}, "Hobj2base": {"type": "ndarray", "data": [[0.9999853272196015, -0.0036644458008796995, 0.003989634379081959, -0.733187998752233], [-0.0036679748552457966, -0.9999928878654063, 0.0008775984653240273, 0.09121306058721279], [0.00398639009225416, -0.0008922194670985644, -0.9999916562844187, 0.0007695655683603054], [0.0, 0.0, 0.0, 1.0]]}, "mean_rme": {"type": "float", "data": 0.0021555159969506086}, "max_rme": {"type": "float", "data": 0.00837877515398247}, "simu": {"type": "float", "data": 0.002}}, {"type": "dict", "image_number": {"type": "int", "data": 25}, "Hcamera2end": {"type": "ndarray", "data": [[0.9999926746725702, -0.0037890056137422036, 0.0005422523933997334, -0.015224919003516262], [-0.000552644754098025, -0.0027422588216370336, 0.9999960872925111, 0.027311534039762164], [-0.003787503792062208, -0.9999890616666838, -0.0027443327077689705, 0.03314305467227001], [0.0, 0.0, 0.0, 1.0]]}, "Hobj2base": {"type": "ndarray", "data": [[0.99998496730485, -0.004010864238698603, 0.0037387340607396547, -0.7331809997952253], [-0.004014026571876872, -0.9999915920425206, 0.0008387102868300156, 0.09123837960411697], [0.00373533867252657, -0.0008537050566189445, -0.9999926591893951, 0.0007955520688367446], [0.0, 0.0, 0.0, 1.0]]}, "mean_rme": {"type": "float", "data": 0.002099032093288713}, "max_rme": {"type": "float", "data": 0.008306021716427164}, "simu": {"type": "float", "data": 0.002}}, {"type": "dict", "image_number": {"type": "int", "data": 26}, "Hcamera2end": {"type": "ndarray", "data": [[0.9999931925877074, -0.0035996143975872198, 0.0008108973012285992, -0.015374730093980011], [-0.0008190407447882611, -0.002261412629597226, 0.9999971075884054, 0.027029957910153012], [-0.003597770212622496, -0.9999909643537322, -0.002264345466086226, 0.03293151841353059], [0.0, 0.0, 0.0, 1.0]]}, "Hobj2base": {"type": "ndarray", "data": [[0.9999880738814133, -0.0035678903302815194, 0.0033350042776806176, -0.7332101579914272], [-0.003572084117743943, -0.9999928358335042, 0.0012523963917981653, 0.09112002964128199], [0.0033305119721787316, -0.0012642943713831903, -0.999993654604741, 0.0011582977294048104], [0.0, 0.0, 0.0, 1.0]]}, "mean_rme": {"type": "float", "data": 0.0020489183373487816}, "max_rme": {"type": "float", "data": 0.008376463127157674}, "simu": {"type": "float", "data": 0.002}}, {"type": "dict", "image_number": {"type": "int", "data": 27}, "Hcamera2end": {"type": "ndarray", "data": [[0.9999954285996409, -0.0028271065983209625, 0.0010724962015685063, -0.01533151384083114], [-0.0010789178778370526, -0.002270920315845082, 0.9999968394235715, 0.0270746373919953], [-0.0028246621096216784, -0.9999934251729864, -0.002273960150410481, 0.03291285960861967], [0.0, 0.0, 0.0, 1.0]]}, "Hobj2base": {"type": "ndarray", "data": [[0.999989829642293, -0.0031558104357614714, 0.0032220292474593537, -0.7330951035426464], [-0.0031601899260720236, -0.999994088504246, 0.0013550484099471031, 0.09112169390815913], [0.003217733924534065, -0.001365216852989394, -0.9999938911670088, 0.0011128060930294392], [0.0, 0.0, 0.0, 1.0]]}, "mean_rme": {"type": "float", "data": 0.0020318219837336796}, "max_rme": {"type": "float", "data": 0.008344560000445506}, "simu": {"type": "float", "data": 0.002}}, {"type": "dict", "image_number": {"type": "int", "data": 28}, "Hcamera2end": {"type": "ndarray", "data": [[0.9999932322520152, -0.0031702871695946364, 0.001866743000366875, -0.015543406949137535], [-0.0018724459641673327, -0.0017968648620836358, 0.9999966326057197, 0.02735707012270472], [-0.003166922209083855, -0.9999933602559217, -0.0018027888927709679, 0.032742420283030545], [0.0, 0.0, 0.0, 1.0]]}, "Hobj2base": {"type": "ndarray", "data": [[0.9999895005187969, -0.0034985291265014896, 0.0029595854639160157, -0.7330207087001802], [-0.0035035080065709055, -0.9999924535341074, 0.0016787812496922689, 0.0910433610179672], [0.0029536898644061827, -0.0016891325547290542, -0.999994211256944, 0.000934834826868807], [0.0, 0.0, 0.0, 1.0]]}, "mean_rme": {"type": "float", "data": 0.0020935180817967065}, "max_rme": {"type": "float", "data": 0.00813926988827171}, "simu": {"type": "float", "data": 0.002}}, {"type": "dict", "image_number": {"type": "int", "data": 29}, "Hcamera2end": {"type": "ndarray", "data": [[0.9999932526883102, -0.0031737862242963545, 0.0018497726497897808, -0.015571752212872474], [-0.0018556867052654377, -0.0018614751909982186, 0.9999965456625166, 0.027336205184203544], [-0.003170331955071065, -0.9999932309726483, -0.0018673521839465135, 0.03277161226393593], [0.0, 0.0, 0.0, 1.0]]}, "Hobj2base": {"type": "ndarray", "data": [[0.9999895398855299, -0.003612065359813562, 0.0028059050879712232, -0.7330361707547379], [-0.0036164794649268, -0.999992228574768, 0.001569670777109754, 0.09103202882433312], [0.0028002135286493146, -0.0015798018563049265, -0.9999948315017877, 0.0009370067540416804], [0.0, 0.0, 0.0, 1.0]]}, "mean_rme": {"type": "float", "data": 0.0020428814745430497}, "max_rme": {"type": "float", "data": 0.008148495202667472}, "simu": {"type": "float", "data": 0.002}}, {"type": "dict", "image_number": {"type": "int", "data": 30}, "Hcamera2end": {"type": "ndarray", "data": [[0.9999949114202454, -0.002681910715999842, 0.001727567227869286, -0.015664197892489705], [-0.0017323118347734323, -0.0017678006339452157, 0.9999969369836219, 0.027313069367442436], [-0.0026788485068227836, -0.999994841104608, -0.001772437544023786, 0.03272339402510768], [0.0, 0.0, 0.0, 1.0]]}, "Hobj2base": {"type": "ndarray", "data": [[0.9999916240845342, -0.0030761117722510702, 0.0026998698376442293, -0.7329880750919539], [-0.0030800922322389746, -0.9999941739930402, 0.0014713979129455947, 0.09081482525282274], [0.0026953279237420867, -0.0014797014367560436, -0.9999952728343477, 0.0009777538279427307], [0.0, 0.0, 0.0, 1.0]]}, "mean_rme": {"type": "float", "data": 0.002005481856738139}, "max_rme": {"type": "float", "data": 0.008206908539360375}, "simu": {"type": "float", "data": 0.002}}]}