{"type": "list", "data": [{"type": "dict", "image_number": {"type": "int", "data": 5}, "Hcamera2end": {"type": "ndarray", "data": [[0.9999899823784885, 0.0038346361591637865, -0.0023088326481688136, -0.01595482787806767], [0.0022605789907586536, 0.012540653500151655, 0.9999188076001049, 0.027947333180932146], [0.0038632790860818225, -0.9999140100905257, 0.01253185937469281, 0.03621835973225316], [0.0, 0.0, 0.0, 1.0]]}, "Hobj2base": {"type": "ndarray", "data": [[0.999880994125486, 0.004417461821591802, -0.01478119134862149, -0.7436399068581948], [0.004380586102532789, -0.9999872142550315, -0.0025262208652924696, 0.08519184592636138], [-0.014792161844303911, 0.002461169948768531, -0.9998875609739604, 0.004494059202450829], [0.0, 0.0, 0.0, 1.0]]}, "mean_rme": {"type": "float", "data": 0.0012961872106265248}, "max_rme": {"type": "float", "data": 0.003911887659670654}, "simu": {"type": "float", "data": 0.002}}, {"type": "dict", "image_number": {"type": "int", "data": 6}, "Hcamera2end": {"type": "ndarray", "data": [[0.9999935837610813, 0.0035809399671109104, 9.646564779463304e-05, -0.014840852660740065], [-9.85795766976624e-05, 0.0005901561265423405, 0.9999998209988907, 0.027905822799580076], [0.003580882396325637, -0.9999934142706632, 0.0005905053475057098, 0.035685958614238907], [0.0, 0.0, 0.0, 1.0]]}, "Hobj2base": {"type": "ndarray", "data": [[0.9999890772630107, 0.004183271211425417, -0.0020846094704166777, -0.7362943788036823], [0.004182737514860043, -0.9999912184338422, -0.0002603115077168955, 0.08772639790116883], [-0.0020856801179169357, 0.000251589290167017, -0.9999977933182025, 0.002336951109049671], [0.0, 0.0, 0.0, 1.0]]}, "mean_rme": {"type": "float", "data": 0.0012129558952002296}, "max_rme": {"type": "float", "data": 0.004267180595427633}, "simu": {"type": "float", "data": 0.002}}, {"type": "dict", "image_number": {"type": "int", "data": 7}, "Hcamera2end": {"type": "ndarray", "data": [[0.9999917031458986, 0.0035165703078762532, -0.0020560575465746007, -0.014064811050612263], [0.0020637047145966054, -0.0021723653472014437, 0.999995510965749, 0.02780822675834908], [0.0035120880137056642, -0.9999914572445447, -0.0021796044861266406, 0.03561238099396355], [0.0, 0.0, 0.0, 1.0]]}, "Hobj2base": {"type": "ndarray", "data": [[0.9999896412349351, 0.004551610638859376, 1.6230163053757327e-05, -0.7348311479027448], [0.004551638544330045, -0.9999854576225486, -0.0028925991743088413, 0.0868639311930748], [3.063941852860136e-06, 0.0028926430843893036, -0.9999958162945473, 0.0014183121623333303], [0.0, 0.0, 0.0, 1.0]]}, "mean_rme": {"type": "float", "data": 0.0012634126669751097}, "max_rme": {"type": "float", "data": 0.003680266577531288}, "simu": {"type": "float", "data": 0.002}}, {"type": "dict", "image_number": {"type": "int", "data": 8}, "Hcamera2end": {"type": "ndarray", "data": [[0.9999878140838049, 0.003519242548628705, 0.0034621692300703176, -0.016404400807446682], [-0.0034499486749583826, -0.0034726553027821794, 0.9999880191878742, 0.027627092858880688], [0.003531223305580838, -0.9999877777238239, -0.003460471779128227, 0.035978945020671865], [0.0, 0.0, 0.0, 1.0]]}, "Hobj2base": {"type": "ndarray", "data": [[0.9999890059343958, 0.004441461051523323, 0.0015038065257384195, -0.7344827996131715], [0.0044383978221672355, -0.9999880811953248, 0.002034230091317918, 0.08760057380103234], [0.0015128235558825953, -0.002027533235250041, -0.9999968002318149, 0.001212654431089276], [0.0, 0.0, 0.0, 1.0]]}, "mean_rme": {"type": "float", "data": 0.0013429815006680693}, "max_rme": {"type": "float", "data": 0.0038926882837647114}, "simu": {"type": "float", "data": 0.002}}, {"type": "dict", "image_number": {"type": "int", "data": 9}, "Hcamera2end": {"type": "ndarray", "data": [[0.9999894570804575, 0.004375529744015193, 0.00139300660123967, -0.01433237293191766], [-0.0013951928150693408, 0.0004966328943265541, 0.9999989033957872, 0.027757530965899443], [0.004374833132890653, -0.9999903040006075, 0.0005027323660269367, 0.03477554179685518], [0.0, 0.0, 0.0, 1.0]]}, "Hobj2base": {"type": "ndarray", "data": [[0.9999869426200094, 0.004908840514067415, -0.001420519022591221, -0.7360755328711391], [0.004908357570157061, -0.9999878950246863, -0.0003432638347539841, 0.08794067271471154], [-0.0014221868546625746, 0.00033628693732956893, -0.9999989321472529, 0.001292042278189255], [0.0, 0.0, 0.0, 1.0]]}, "mean_rme": {"type": "float", "data": 0.0015241775556313845}, "max_rme": {"type": "float", "data": 0.004555719975463918}, "simu": {"type": "float", "data": 0.002}}, {"type": "dict", "image_number": {"type": "int", "data": 10}, "Hcamera2end": {"type": "ndarray", "data": [[0.9999895377523447, 0.003643271417825271, 0.002766036736584233, -0.015361199669012927], [-0.0027775523752770915, 0.003159538222296421, 0.9999911512213618, 0.02792274378536113], [0.0036344997805294616, -0.9999883718781925, 0.003169624543605476, 0.033673186350393014], [0.0, 0.0, 0.0, 1.0]]}, "Hobj2base": {"type": "ndarray", "data": [[0.9999906821583623, 0.0032244565490853715, -0.0028702746238386894, -0.7361287833397204], [0.0032258533183864395, -0.9999946806933986, 0.00048213615945143614, 0.0879074670016504], [-0.002868704728871041, -0.000491390751903045, -0.9999957645251842, 0.001878866379212818], [0.0, 0.0, 0.0, 1.0]]}, "mean_rme": {"type": "float", "data": 0.0015645270870596087}, "max_rme": {"type": "float", "data": 0.004507042586920695}, "simu": {"type": "float", "data": 0.002}}, {"type": "dict", "image_number": {"type": "int", "data": 11}, "Hcamera2end": {"type": "ndarray", "data": [[0.9999829953425772, 0.005351067447489928, 0.0023184268070359972, -0.015697559559382318], [-0.0023320640148270354, 0.0025436713031011804, 0.9999940455891387, 0.02667719188240988], [0.005345138269298401, -0.9999824477526964, 0.002556107080677328, 0.033784934372188], [0.0, 0.0, 0.0, 1.0]]}, "Hobj2base": {"type": "ndarray", "data": [[0.999986989293033, 0.004619248563181009, -0.0021642059437636126, -0.7366130015763367], [0.004619943681328506, -0.9999892779800477, 0.00031629942209829797, 0.08731679729662392], [-0.00216272167345324, -0.00032629381639418756, -0.9999976080807937, 0.003171535629271244], [0.0, 0.0, 0.0, 1.0]]}, "mean_rme": {"type": "float", "data": 0.0017902788989694115}, "max_rme": {"type": "float", "data": 0.005320977758851514}, "simu": {"type": "float", "data": 0.002}}, {"type": "dict", "image_number": {"type": "int", "data": 12}, "Hcamera2end": {"type": "ndarray", "data": [[0.9999884016064311, 0.004367136264144759, 0.0020309538314618536, -0.0159379266848066], [-0.0020370344651994233, 0.0013883648627897038, 0.9999969614621814, 0.026633706178339808], [0.004364303289498511, -0.9999895002268065, 0.0013972447670719257, 0.03374693562363955], [0.0, 0.0, 0.0, 1.0]]}, "Hobj2base": {"type": "ndarray", "data": [[0.9999931864893906, 0.0035820632842219766, -0.0008920747854163686, -0.7360638845458013], [0.0035817016844647944, -0.9999935030174785, -0.00040661514369816863, 0.08690998397983736], [-0.0008935255107991301, 0.0004034172274599787, -0.9999995194332352, 0.002935200193752263], [0.0, 0.0, 0.0, 1.0]]}, "mean_rme": {"type": "float", "data": 0.0017438846272165732}, "max_rme": {"type": "float", "data": 0.005224976302016043}, "simu": {"type": "float", "data": 0.002}}, {"type": "dict", "image_number": {"type": "int", "data": 13}, "Hcamera2end": {"type": "ndarray", "data": [[0.9999861588430821, 0.00234473274622938, 0.004710026603636994, -0.017137189863872585], [-0.00471320401651882, 0.0013514517729437125, 0.9999879795707567, 0.02687323385036119], [0.0023383391877312126, -0.9999963378965215, 0.0013624842710847629, 0.03451478061151414], [0.0, 0.0, 0.0, 1.0]]}, "Hobj2base": {"type": "ndarray", "data": [[0.9999973596252966, 0.0021006201243164834, -0.0009317389809265927, -0.7364499364625117], [0.0021029421088374703, -0.9999946684051757, 0.0024981584637670685, 0.0880019333376303], [-0.0009264863313291434, -0.002500111260830091, -0.9999964455270638, 0.0033645253550633747], [0.0, 0.0, 0.0, 1.0]]}, "mean_rme": {"type": "float", "data": 0.0019642624758316246}, "max_rme": {"type": "float", "data": 0.007041473511494492}, "simu": {"type": "float", "data": 0.002}}, {"type": "dict", "image_number": {"type": "int", "data": 14}, "Hcamera2end": {"type": "ndarray", "data": [[0.9999827286811078, 0.0030742025280302487, 0.005009153451678795, -0.017235664886283687], [-0.005007746883659074, -0.0004650662075824652, 0.9999873530123125, 0.0277546399416135], [0.003076493236627701, -0.999995166484438, -0.00044966334714624523, 0.03519942104243875], [0.0, 0.0, 0.0, 1.0]]}, "Hobj2base": {"type": "ndarray", "data": [[0.9999971302990053, 0.0023956779452178347, 1.099713979972069e-05, -0.7365657500726004], [0.002395634294249715, -0.9999926503550349, 0.0029933546801992673, 0.08815898045457297], [1.8168172764215497e-05, -0.0029933197450411207, -0.999995519843375, 0.0024377877392046865], [0.0, 0.0, 0.0, 1.0]]}, "mean_rme": {"type": "float", "data": 0.0020442658083739394}, "max_rme": {"type": "float", "data": 0.007073037425816685}, "simu": {"type": "float", "data": 0.002}}, {"type": "dict", "image_number": {"type": "int", "data": 15}, "Hcamera2end": {"type": "ndarray", "data": [[0.9999858435054829, 0.0028431729466438646, 0.004497683428530025, -0.01725079598256487], [-0.0044972871634493105, -0.00014575221091095436, 0.9999898765309889, 0.027713044279015987], [0.0028437997111743314, -0.999995947553733, -0.0001329635823743569, 0.03498044047851889], [0.0, 0.0, 0.0, 1.0]]}, "Hobj2base": {"type": "ndarray", "data": [[0.9999974990395987, 0.0022313898983333425, 0.00015104194613568177, -0.7363277563351848], [0.0022310524779763836, -0.9999950946541314, 0.002198425007987667, 0.08801115074689071], [0.00015594674857776235, -0.0021980825273055725, -0.9999975720539602, 0.0023920878875259843], [0.0, 0.0, 0.0, 1.0]]}, "mean_rme": {"type": "float", "data": 0.001972076535754656}, "max_rme": {"type": "float", "data": 0.007041337504890888}, "simu": {"type": "float", "data": 0.002}}, {"type": "dict", "image_number": {"type": "int", "data": 16}, "Hcamera2end": {"type": "ndarray", "data": [[0.999980692340669, 0.004447720842806193, 0.0043396687869813304, -0.017394278101435644], [-0.00433879892601851, -0.0002052048609393342, 0.9999905663129252, 0.02763680674043792], [0.004448569405529521, -0.9999900877860088, -0.0001859031324977778, 0.03517979013657607], [0.0, 0.0, 0.0, 1.0]]}, "Hobj2base": {"type": "ndarray", "data": [[0.9999924015334015, 0.0038899525787233656, 0.0002552340017069389, -0.7363669895943292], [0.003889262786851963, -0.9999889265545108, 0.002649604372553313, 0.08780042314022259], [0.00026553801074874456, -0.0026485915675182113, -0.9999964572198605, 0.0025109637492768816], [0.0, 0.0, 0.0, 1.0]]}, "mean_rme": {"type": "float", "data": 0.002018562009620985}, "max_rme": {"type": "float", "data": 0.0068616937629985275}, "simu": {"type": "float", "data": 0.002}}, {"type": "dict", "image_number": {"type": "int", "data": 17}, "Hcamera2end": {"type": "ndarray", "data": [[0.9999856838946383, 0.004170015994638152, 0.0033530541864233753, -0.017088298380963263], [-0.003360484601191735, 0.0017761388643484644, 0.9999927762108984, 0.027573886415982313], [0.004164030381467283, -0.9999897280959136, 0.0017901267114940334, 0.034571231980384066], [0.0, 0.0, 0.0, 1.0]]}, "Hobj2base": {"type": "ndarray", "data": [[0.9999913928586298, 0.003988147630993662, -0.0011440660518523852, -0.7367616723643332], [0.0039902946636513675, -0.9999902704647616, 0.0018805648912092478, 0.08746486630509638], [-0.0011365549502056127, -0.0018851138655829446, -0.9999975772913445, 0.0025513030687008046], [0.0, 0.0, 0.0, 1.0]]}, "mean_rme": {"type": "float", "data": 0.0020300409880527927}, "max_rme": {"type": "float", "data": 0.006847078680240669}, "simu": {"type": "float", "data": 0.002}}, {"type": "dict", "image_number": {"type": "int", "data": 18}, "Hcamera2end": {"type": "ndarray", "data": [[0.9999878083814416, 0.0025950742661407277, 0.004201032972309075, -0.017140665168894884], [-0.0042045719390545674, 0.0013597776846997478, 0.9999902362420632, 0.027455074068585127], [0.0025893364575753325, -0.9999957082878912, 0.0013706722832480533, 0.03420443809128702], [0.0, 0.0, 0.0, 1.0]]}, "Hobj2base": {"type": "ndarray", "data": [[0.999996242707871, 0.0025864431129156, -0.0009082302375255538, -0.7364498274446999], [0.0025891412535388445, -0.9999922011898192, 0.0029822654324447085, 0.08841027442070991], [-0.0009005096945216978, -0.0029846057635779613, -0.9999951405935561, 0.0024792014501944576], [0.0, 0.0, 0.0, 1.0]]}, "mean_rme": {"type": "float", "data": 0.002300642892163341}, "max_rme": {"type": "float", "data": 0.00651173377460508}, "simu": {"type": "float", "data": 0.002}}, {"type": "dict", "image_number": {"type": "int", "data": 19}, "Hcamera2end": {"type": "ndarray", "data": [[0.999989498265386, 0.0019946373110434987, 0.004126109661524942, -0.017046407566471494], [-0.004132072110596799, 0.002994418368490681, 0.9999869796345887, 0.028105561235930707], [0.0019822560415759683, -0.9999935274193689, 0.003002628907107341, 0.033255028141840864], [0.0, 0.0, 0.0, 1.0]]}, "Hobj2base": {"type": "ndarray", "data": [[0.9999948520989805, 0.001819568554033551, -0.0026429048062961533, -0.7365614851761005], [0.0018284445151422733, -0.999992683949495, 0.003359886626117935, 0.08870149538231731], [-0.002636771926621109, -0.0033647017345512626, -0.9999908630662804, 0.0022673020696933302], [0.0, 0.0, 0.0, 1.0]]}, "mean_rme": {"type": "float", "data": 0.002330619356853688}, "max_rme": {"type": "float", "data": 0.006475054458833646}, "simu": {"type": "float", "data": 0.002}}, {"type": "dict", "image_number": {"type": "int", "data": 20}, "Hcamera2end": {"type": "ndarray", "data": [[0.9999908030533118, 0.002910017021579013, 0.003150493568754957, -0.017141694234217568], [-0.003158440612680176, 0.002730380499210483, 0.9999912845996336, 0.02806246543238217], [0.002901389613412581, -0.999992038379938, 0.0027395465039912192, 0.033768989395925965], [0.0, 0.0, 0.0, 1.0]]}, "Hobj2base": {"type": "ndarray", "data": [[0.9999916484841088, 0.003011192820465925, -0.0027632733908188405, -0.7373558715432909], [0.0030185129855189925, -0.9999919363027365, 0.0026487560968549047, 0.0881967322695465], [-0.0027552751932767446, -0.0026570749523389956, -0.9999926741788201, 0.0023120125784023226], [0.0, 0.0, 0.0, 1.0]]}, "mean_rme": {"type": "float", "data": 0.0024227647131443574}, "max_rme": {"type": "float", "data": 0.0067313348897380665}, "simu": {"type": "float", "data": 0.002}}, {"type": "dict", "image_number": {"type": "int", "data": 21}, "Hcamera2end": {"type": "ndarray", "data": [[0.9999902168459062, 0.0027166445891543514, 0.003490852998025488, -0.017723577209523785], [-0.0034948999916635825, 0.0014863843602966886, 0.9999927881417854, 0.02798715738876423], [0.002711436247798395, -0.99999520524036, 0.0014958642199214278, 0.03437093903490352], [0.0, 0.0, 0.0, 1.0]]}, "Hobj2base": {"type": "ndarray", "data": [[0.9999940120786163, 0.0031020182820236846, -0.0015340435099155242, -0.737149309782795], [0.003106445214141623, -0.9999909934742368, 0.002891879759025066, 0.08782532741917348], [-0.00152505902963122, -0.00289662786479608, -0.9999946418566297, 0.002164146044847125], [0.0, 0.0, 0.0, 1.0]]}, "mean_rme": {"type": "float", "data": 0.002358742267793365}, "max_rme": {"type": "float", "data": 0.0066081596844762835}, "simu": {"type": "float", "data": 0.002}}, {"type": "dict", "image_number": {"type": "int", "data": 22}, "Hcamera2end": {"type": "ndarray", "data": [[0.9999878445864794, 0.00266600046783316, 0.004147664498573716, -0.01800960480899994], [-0.00415079147735726, 0.0011684491290381294, 0.999990702785153, 0.02788958308609813], [0.0026611293464831277, -0.9999957635750955, 0.0011795009380762833, 0.034391566987937675], [0.0, 0.0, 0.0, 1.0]]}, "Hobj2base": {"type": "ndarray", "data": [[0.9999946016786069, 0.0030075039153231093, -0.0013234552670092895, -0.7370050476994049], [0.003011720390652227, -0.9999903588440728, 0.003195584326970258, 0.08781996990582686], [-0.0013138317749955895, -0.00319955295339279, -0.9999940183355924, 0.002012560376375851], [0.0, 0.0, 0.0, 1.0]]}, "mean_rme": {"type": "float", "data": 0.0023658458171981703}, "max_rme": {"type": "float", "data": 0.006659351717081208}, "simu": {"type": "float", "data": 0.002}}, {"type": "dict", "image_number": {"type": "int", "data": 23}, "Hcamera2end": {"type": "ndarray", "data": [[0.9999866775128139, 0.0034812412012731764, 0.003811267057300781, -0.01829814648589989], [-0.0038140310611402143, 0.0007876773443750151, 0.9999924163369768, 0.027970893023160495], [0.003478212751998606, -0.9999936302417628, 0.0008009444126266807, 0.03464133210618381], [0.0, 0.0, 0.0, 1.0]]}, "Hobj2base": {"type": "ndarray", "data": [[0.9999927446315493, 0.003465112963419922, -0.0015823009864855382, -0.7372750041863937], [0.00346910380479734, -0.9999907911788699, 0.002526435482716165, 0.08728426575361044], [-0.0015735320310163768, -0.002531906318868422, -0.9999955567137981, 0.0020060215483752343], [0.0, 0.0, 0.0, 1.0]]}, "mean_rme": {"type": "float", "data": 0.0023639759313019365}, "max_rme": {"type": "float", "data": 0.006337985416633156}, "simu": {"type": "float", "data": 0.002}}, {"type": "dict", "image_number": {"type": "int", "data": 24}, "Hcamera2end": {"type": "ndarray", "data": [[0.9999866680714609, 0.0033163685670777447, 0.003957951347010381, -0.018419912259244837], [-0.003960450349707902, 0.0007473078149399237, 0.9999918781490463, 0.02791927172749827], [0.003313383824053763, -0.9999942215985834, 0.0007604321649367085, 0.034867331551558835], [0.0, 0.0, 0.0, 1.0]]}, "Hobj2base": {"type": "ndarray", "data": [[0.9999927436948027, 0.0034658030054246533, -0.001581381442943741, -0.7374811606879291], [0.0034700298923103236, -0.9999903934528214, 0.002678039323598911, 0.08733818931375943], [-0.0015720846945919266, -0.0026835073318064078, -0.9999951636573619, 0.002055067557462593], [0.0, 0.0, 0.0, 1.0]]}, "mean_rme": {"type": "float", "data": 0.002313284302397051}, "max_rme": {"type": "float", "data": 0.006152496478561836}, "simu": {"type": "float", "data": 0.002}}, {"type": "dict", "image_number": {"type": "int", "data": 25}, "Hcamera2end": {"type": "ndarray", "data": [[0.999983804173135, 0.0031304860414791942, 0.004753046241013271, -0.018912168288643068], [-0.004756917729556742, 0.0012304227312995852, 0.9999879288239516, 0.02787472466188329], [0.0031245999966932098, -0.9999943430425225, 0.0012452942681389079, 0.0345753230271212], [0.0, 0.0, 0.0, 1.0]]}, "Hobj2base": {"type": "ndarray", "data": [[0.9999924549670962, 0.0033908400448640712, -0.0018953133435656092, -0.7374992161122625], [0.003397102790711194, -0.999988748625642, 0.00331093865129304, 0.08748029716051452], [-0.0018840651553207618, -0.003317352244400673, -0.9999927227098095, 0.0023092871047963003], [0.0, 0.0, 0.0, 1.0]]}, "mean_rme": {"type": "float", "data": 0.0023216930888248382}, "max_rme": {"type": "float", "data": 0.006116682677661689}, "simu": {"type": "float", "data": 0.002}}, {"type": "dict", "image_number": {"type": "int", "data": 26}, "Hcamera2end": {"type": "ndarray", "data": [[0.9999850816183408, 0.002789469236035788, 0.004696317934469925, -0.018717923704055096], [-0.004698597673344412, 0.0008112758666584119, 0.9999886324410754, 0.02759556518310992], [0.0027856275171774885, -0.9999957803375219, 0.0008243703573976857, 0.0347756401939681], [0.0, 0.0, 0.0, 1.0]]}, "Hobj2base": {"type": "ndarray", "data": [[0.9999948235183126, 0.0029072839216939816, -0.0013786358393326368, -0.7374480245770193], [0.0029115122088635105, -0.9999910337446487, 0.003074984059583335, 0.08768757649148418], [-0.001369683626415773, -0.0030789820570624555, -0.9999943219020075, 0.0026041072676379726], [0.0, 0.0, 0.0, 1.0]]}, "mean_rme": {"type": "float", "data": 0.002283429595832769}, "max_rme": {"type": "float", "data": 0.006188138744828181}, "simu": {"type": "float", "data": 0.002}}, {"type": "dict", "image_number": {"type": "int", "data": 27}, "Hcamera2end": {"type": "ndarray", "data": [[0.9999881595628116, 0.002403421190157469, 0.004231347393393407, -0.01874520021707978], [-0.004234347135158152, 0.0012443990357869916, 0.9999902608402635, 0.0275204674596284], [0.0023981322982381667, -0.9999963375121041, 0.0012545612211894985, 0.03455106277347628], [0.0, 0.0, 0.0, 1.0]]}, "Hobj2base": {"type": "ndarray", "data": [[0.9999954938554254, 0.002593655619459367, -0.0015116942057027175, -0.7372197806506471], [0.002597731235159572, -0.9999929799011149, 0.0027003594055050794, 0.08756564003612023], [-0.001504679791113261, -0.002704274212551359, -0.9999952114083897, 0.002666683596783757], [0.0, 0.0, 0.0, 1.0]]}, "mean_rme": {"type": "float", "data": 0.0022704443089395726}, "max_rme": {"type": "float", "data": 0.006272074642326153}, "simu": {"type": "float", "data": 0.002}}, {"type": "dict", "image_number": {"type": "int", "data": 28}, "Hcamera2end": {"type": "ndarray", "data": [[0.9999905236628537, 0.0018860182684544426, 0.003923712474510667, -0.018453595284398935], [-0.003927144614385479, 0.0018195353415036974, 0.9999906333692925, 0.027571188928194323], [0.0018788612693005436, -0.9999965661072203, 0.0018269247654589815, 0.03421733063677051], [0.0, 0.0, 0.0, 1.0]]}, "Hobj2base": {"type": "ndarray", "data": [[0.9999959619350949, 0.0019689668325565766, -0.002049215244070411, -0.7372395005033592], [0.001973713634417804, -0.9999953680621434, 0.0023169611016779384, 0.08779537376768433], [-0.002044643732671219, -0.0023209963097057056, -0.9999952161926255, 0.0027268183768476262], [0.0, 0.0, 0.0, 1.0]]}, "mean_rme": {"type": "float", "data": 0.002247095420120883}, "max_rme": {"type": "float", "data": 0.006288986189463663}, "simu": {"type": "float", "data": 0.002}}, {"type": "dict", "image_number": {"type": "int", "data": 29}, "Hcamera2end": {"type": "ndarray", "data": [[0.9999910245596214, 0.0018291218501770828, 0.0038216637026093356, -0.018607537566987364], [-0.0038254825679613523, 0.002088888545967116, 0.9999905010687676, 0.027621323136413675], [0.001821121445939493, -0.999996145421521, 0.002095867071025048, 0.03399880652345274], [0.0, 0.0, 0.0, 1.0]]}, "Hobj2base": {"type": "ndarray", "data": [[0.9999963162132927, 0.001908553972657158, -0.0019300211340331805, -0.7370918477074772], [0.0019129252959365288, -0.9999956038643247, 0.0022656056224954505, 0.08764081294670595], [-0.001925688618787131, -0.002269289262736559, -0.9999955710149848, 0.002820026518270584], [0.0, 0.0, 0.0, 1.0]]}, "mean_rme": {"type": "float", "data": 0.002236592621461634}, "max_rme": {"type": "float", "data": 0.006275587484320805}, "simu": {"type": "float", "data": 0.002}}, {"type": "dict", "image_number": {"type": "int", "data": 30}, "Hcamera2end": {"type": "ndarray", "data": [[0.9999930467134315, 0.0018030581231225963, 0.003264277285002398, -0.01831800728824246], [-0.0032673907984162387, 0.0017265579016167987, 0.9999931715542776, 0.027569474619909606], [0.001797409847298579, -0.9999968839847537, 0.0017324371918854276, 0.03419883832749059], [0.0, 0.0, 0.0, 1.0]]}, "Hobj2base": {"type": "ndarray", "data": [[0.9999973390273423, 0.0016857323732747034, -0.0015748792335380701, -0.7370751188352215], [0.0016885749801448203, -0.999996944644201, 0.0018053854987082434, 0.08765196079065483], [-0.001571831024940258, -0.0018080399962972966, -0.9999971301651822, 0.0026836819326914916], [0.0, 0.0, 0.0, 1.0]]}, "mean_rme": {"type": "float", "data": 0.002199180727683157}, "max_rme": {"type": "float", "data": 0.006256701370039891}, "simu": {"type": "float", "data": 0.002}}]}