{"type": "list", "data": [{"type": "dict", "image_number": {"type": "int", "data": 5}, "Hcamera2end": {"type": "ndarray", "data": [[0.9998947688114823, -0.00163034912280988, -0.014415036079385494, -0.018285759429906838], [0.014431503675895282, 0.010585362402727005, 0.999839828074705, 0.03271266068928377], [-0.0014774996057032941, -0.9999426443874373, 0.010607776881819353, 0.02429444412182306], [0.0, 0.0, 0.0, 1.0]]}, "Hobj2base": {"type": "ndarray", "data": [[0.9999885100496434, -0.0023919569684525367, -0.004154312284278984, -0.7289699500133228], [-0.0024575862656362373, -0.9998711182302376, -0.015865282813769047, 0.08077588847511444], [-0.004115827795376776, 0.015875310103270132, -0.9998655082013197, -0.003270576330188524], [0.0, 0.0, 0.0, 1.0]]}, "mean_rme": {"type": "float", "data": 0.0008510970436487015}, "max_rme": {"type": "float", "data": 0.005059040394809922}, "simu": {"type": "float", "data": 0.002}}, {"type": "dict", "image_number": {"type": "int", "data": 6}, "Hcamera2end": {"type": "ndarray", "data": [[0.9999374943668096, -0.0025065434452836302, 0.010896081836307327, -0.016425237447188996], [-0.010859121754538244, 0.014314505165747504, 0.9998385741791421, 0.03270222017221362], [-0.002662110844182688, -0.9998944005152827, 0.014286391568082979, 0.026770267557353757], [0.0, 0.0, 0.0, 1.0]]}, "Hobj2base": {"type": "ndarray", "data": [[0.9999700039456032, -0.003954165002016791, -0.006660014126638886, -0.7331310275428707], [-0.003891676284384777, -0.9999485310250706, 0.009369640147846569, 0.09482604711473834], [-0.006696720445692882, -0.009343440476580709, -0.999933924844703, -0.0011301837431370958], [0.0, 0.0, 0.0, 1.0]]}, "mean_rme": {"type": "float", "data": 0.001051838624969309}, "max_rme": {"type": "float", "data": 0.005662202163586705}, "simu": {"type": "float", "data": 0.002}}, {"type": "dict", "image_number": {"type": "int", "data": 7}, "Hcamera2end": {"type": "ndarray", "data": [[0.9999783569158607, -0.0060588156307641566, 0.00256445959376112, -0.01639488351946664], [-0.0024906472127610487, 0.012158937412714232, 0.9999229754923402, 0.0328698549905017], [-0.0060895300571711716, -0.9999077212393881, 0.012143583883545306, 0.0279773434823063], [0.0, 0.0, 0.0, 1.0]]}, "Hobj2base": {"type": "ndarray", "data": [[0.9999546958963049, -0.006859124046823391, -0.006599891835371048, -0.7341503940443375], [-0.006857017306919815, -0.9999764319710802, 0.000341783615407136, 0.091411054526952], [-0.006602080625144655, -0.0002965125586678443, -0.9999781620674129, -0.0018736534258872212], [0.0, 0.0, 0.0, 1.0]]}, "mean_rme": {"type": "float", "data": 0.001427870007891948}, "max_rme": {"type": "float", "data": 0.0053859256482780005}, "simu": {"type": "float", "data": 0.002}}, {"type": "dict", "image_number": {"type": "int", "data": 8}, "Hcamera2end": {"type": "ndarray", "data": [[0.9999875456194175, -0.003275403387681575, 0.0037656790491873947, -0.016638305091959887], [-0.0037378249174179175, 0.008468981503255923, 0.9999571515905991, 0.03303240395782306], [-0.003307154508071033, -0.9999587731926479, 0.008456633142940095, 0.029021881270027364], [0.0, 0.0, 0.0, 1.0]]}, "Hobj2base": {"type": "ndarray", "data": [[0.9999802257556707, -0.004594852729431179, -0.004293649500459591, -0.7340227281245122], [-0.004583964427148179, -0.9999862618505675, 0.002542317890874397, 0.09183622127373521], [-0.004305272089961111, -0.0025225856818865103, -0.9999875505193594, -0.0019028028309858308], [0.0, 0.0, 0.0, 1.0]]}, "mean_rme": {"type": "float", "data": 0.0016256635891365831}, "max_rme": {"type": "float", "data": 0.005311165872248336}, "simu": {"type": "float", "data": 0.002}}, {"type": "dict", "image_number": {"type": "int", "data": 9}, "Hcamera2end": {"type": "ndarray", "data": [[0.999977713225288, -0.0037029128168576666, 0.005555311817943364, -0.01752399178496256], [-0.005523160576132654, 0.008637087820949185, 0.9999474463246675, 0.03275763830527037], [-0.0037506999312240386, -0.9999558436004282, 0.008616443546031749, 0.028462612504293598], [0.0, 0.0, 0.0, 1.0]]}, "Hobj2base": {"type": "ndarray", "data": [[0.9999770197244533, -0.0045908880801136375, -0.004988363422631856, -0.7336787133999789], [-0.004572645042869118, -0.9999828387609664, 0.0036623900490038953, 0.09165851096554521], [-0.005005091438955472, -0.0036394958709948825, -0.9999808513814115, -0.002028711851409934], [0.0, 0.0, 0.0, 1.0]]}, "mean_rme": {"type": "float", "data": 0.0017746412641663574}, "max_rme": {"type": "float", "data": 0.005619641489457705}, "simu": {"type": "float", "data": 0.002}}, {"type": "dict", "image_number": {"type": "int", "data": 10}, "Hcamera2end": {"type": "ndarray", "data": [[0.9999856379213472, -0.0019612724253078133, 0.0049877210737977054, -0.016850081305339062], [-0.004977542759569085, 0.0051607279652392535, 0.9999742951471029, 0.033082518439582854], [-0.0019869622827169897, -0.9999847600325429, 0.0051508915290980894, 0.029762834581144284], [0.0, 0.0, 0.0, 1.0]]}, "Hobj2base": {"type": "ndarray", "data": [[0.9999934360558961, -0.0024925498872319244, -0.0026296463986913467, -0.7343774968853131], [-0.00248392619958068, -0.9999915437070852, 0.0032775943854335037, 0.09158504502082151], [-0.002637793729146942, -0.0032710410239018203, -0.9999911711284566, -0.0031499435153134357], [0.0, 0.0, 0.0, 1.0]]}, "mean_rme": {"type": "float", "data": 0.0021030718504545026}, "max_rme": {"type": "float", "data": 0.008133653839242111}, "simu": {"type": "float", "data": 0.002}}, {"type": "dict", "image_number": {"type": "int", "data": 11}, "Hcamera2end": {"type": "ndarray", "data": [[0.9999939746496533, 8.77045682791378e-05, 0.0034702985890645963, -0.016696634810365044], [-0.0034706489085857997, 0.004372421584911135, 0.9999844181414214, 0.033266224358346266], [7.25295932220457e-05, -0.9999904370729714, 0.004372699631303378, 0.03073777710770916], [0.0, 0.0, 0.0, 1.0]]}, "Hobj2base": {"type": "ndarray", "data": [[0.9999989744994565, -0.000319241713024707, -0.001396096258875275, -0.7348124699292223], [-0.0003167102576215639, -0.9999983062095028, 0.0018130837648284808, 0.09043352134771634], [-0.0013966727061476396, -0.0018126397475042818, -0.9999973818178214, -0.0035140887634304866], [0.0, 0.0, 0.0, 1.0]]}, "mean_rme": {"type": "float", "data": 0.002097814789615169}, "max_rme": {"type": "float", "data": 0.008082628301711386}, "simu": {"type": "float", "data": 0.002}}, {"type": "dict", "image_number": {"type": "int", "data": 12}, "Hcamera2end": {"type": "ndarray", "data": [[0.9999972666259185, -7.15447077562284e-05, 0.0023370113492570815, -0.01667231961263384], [-0.002336560973152, 0.005754319459704504, 0.9999807139592114, 0.033748939438890534], [-8.499123782665678e-05, -0.9999834412073583, 0.00575413656242485, 0.03030743668315], [0.0, 0.0, 0.0, 1.0]]}, "Hobj2base": {"type": "ndarray", "data": [[0.9999974394965022, -0.00018888322534045784, -0.002255066200031519, -0.7347375575355954], [-0.00018612715669743155, -0.9999992356512823, 0.0012223148258673608, 0.08999257164850279], [-0.0022552953511412515, -0.0012218919670659975, -0.9999967103060394, -0.004203733201155834], [0.0, 0.0, 0.0, 1.0]]}, "mean_rme": {"type": "float", "data": 0.0021132614460943203}, "max_rme": {"type": "float", "data": 0.008678313456456227}, "simu": {"type": "float", "data": 0.002}}, {"type": "dict", "image_number": {"type": "int", "data": 13}, "Hcamera2end": {"type": "ndarray", "data": [[0.999997897603967, -0.0010457750155046573, 0.001763843038091965, -0.016940210302671975], [-0.0017576727533482812, 0.0058720523161274185, 0.9999812146175989, 0.03378001019782562], [-0.0010561127488181985, -0.9999822125199095, 0.005870201840497025, 0.030096633113868305], [0.0, 0.0, 0.0, 1.0]]}, "Hobj2base": {"type": "ndarray", "data": [[0.9999973491675321, -0.000849197505028836, -0.002140215294364931, -0.7343850004235092], [-0.0008468316695011251, -0.9999990297274639, 0.001106083294428902, 0.08959177292775074], [-0.002141152500946792, -0.0011042679602965742, -0.9999970980249091, -0.004226531424094049], [0.0, 0.0, 0.0, 1.0]]}, "mean_rme": {"type": "float", "data": 0.0020171059470751275}, "max_rme": {"type": "float", "data": 0.008916587614925892}, "simu": {"type": "float", "data": 0.002}}, {"type": "dict", "image_number": {"type": "int", "data": 14}, "Hcamera2end": {"type": "ndarray", "data": [[0.9999965810975732, -0.0016305697603643218, 0.002044268921015717, -0.016746872938705228], [-0.0020355939233432587, 0.005304258571437792, 0.9999838604689512, 0.0338399083386803], [-0.0016413867746796684, -0.9999846029230971, 0.00530092125879944, 0.03079035385534327], [0.0, 0.0, 0.0, 1.0]]}, "Hobj2base": {"type": "ndarray", "data": [[0.9999968892199783, -0.001227284376482755, -0.0021714795476167987, -0.7345873701471162], [-0.001224942927026556, -0.9999986673388441, 0.0010792753873922211, 0.0901340442220028], [-0.002172801231591223, -0.0010766120914908722, -0.9999970599162844, -0.004100936506508287], [0.0, 0.0, 0.0, 1.0]]}, "mean_rme": {"type": "float", "data": 0.0019898564532336836}, "max_rme": {"type": "float", "data": 0.009023338010158005}, "simu": {"type": "float", "data": 0.002}}, {"type": "dict", "image_number": {"type": "int", "data": 15}, "Hcamera2end": {"type": "ndarray", "data": [[0.999995931529763, -0.0016227220435514492, 0.002345995969964441, -0.016910934340185455], [-0.0023380985515816834, 0.004851667233863433, 0.999985497204942, 0.033867380882837], [-0.001634080501324468, -0.9999869139634885, 0.004847853410940073, 0.030905928980330555], [0.0, 0.0, 0.0, 1.0]]}, "Hobj2base": {"type": "ndarray", "data": [[0.9999972021288754, -0.0013788357306865754, -0.0019221203002939677, -0.7344808531758746], [-0.00137685363720252, -0.9999985194756347, 0.001032143691989953, 0.09008011144951993], [-0.0019235406111497478, -0.0010294943258583203, -0.9999976200636433, -0.00407564166359546], [0.0, 0.0, 0.0, 1.0]]}, "mean_rme": {"type": "float", "data": 0.0019132257479281716}, "max_rme": {"type": "float", "data": 0.00893413367487264}, "simu": {"type": "float", "data": 0.002}}, {"type": "dict", "image_number": {"type": "int", "data": 16}, "Hcamera2end": {"type": "ndarray", "data": [[0.9999990548029966, -0.0007832612680411946, 0.0011299977431537787, -0.01651522357977898], [-0.001127161904173806, 0.0036115878930278456, 0.9999928429438545, 0.03392487571608226], [-0.0007873367483646457, -0.9999931714440238, 0.003610701617103418, 0.032267298413114126], [0.0, 0.0, 0.0, 1.0]]}, "Hobj2base": {"type": "ndarray", "data": [[0.9999992852604624, -0.0008082943657346268, -0.0008809873907056257, -0.7351330962254229], [-0.0008082035801242691, -0.99999966805755, 0.00010340097844769077, 0.08950766604933258], [-0.0008810706766968038, -0.00010268888737971064, -0.9999996065846497, -0.004343635583793158], [0.0, 0.0, 0.0, 1.0]]}, "mean_rme": {"type": "float", "data": 0.0018627715986141886}, "max_rme": {"type": "float", "data": 0.008773364703136416}, "simu": {"type": "float", "data": 0.002}}, {"type": "dict", "image_number": {"type": "int", "data": 17}, "Hcamera2end": {"type": "ndarray", "data": [[0.9999995691107735, -0.0003458266782263655, 0.0008614999570742802, -0.016203565876911068], [-0.0008598913490930652, 0.004624992985205578, 0.9999889349521595, 0.03386402207987174], [-0.00034980728289584975, -0.9999892448640612, 0.004624693618977105, 0.031618906039942586], [0.0, 0.0, 0.0, 1.0]]}, "Hobj2base": {"type": "ndarray", "data": [[0.999998274804512, -0.0008861201032908336, -0.0016325376449781589, -0.7351883409964478], [-0.0008855569505317317, -0.9999995481587578, 0.00034564601562762145, 0.08974397945633426], [-0.0016328431912133912, -0.0003441997142621597, -0.9999986076738658, -0.004334987628565212], [0.0, 0.0, 0.0, 1.0]]}, "mean_rme": {"type": "float", "data": 0.0019447439760474884}, "max_rme": {"type": "float", "data": 0.008770858188571512}, "simu": {"type": "float", "data": 0.002}}, {"type": "dict", "image_number": {"type": "int", "data": 18}, "Hcamera2end": {"type": "ndarray", "data": [[0.9999994648637981, 0.0006918007354027942, 0.0007692098933440337, -0.01610449097095956], [-0.0007728143528070313, 0.005225169809852881, 0.9999860500819172, 0.03393137720029931], [0.0006877718325270641, -0.9999861094096262, 0.005225701647212921, 0.03142116766957947], [0.0, 0.0, 0.0, 1.0]]}, "Hobj2base": {"type": "ndarray", "data": [[0.9999978499537931, 0.00010586171487707019, -0.002070961392269333, -0.7351998161401377], [0.00010620219420905655, -0.9999999808637732, 0.00016429713244558726, 0.08956744991323606], [-0.0020709439598627557, -0.0001645167198431421, -0.9999978420603539, -0.004288062721507181], [0.0, 0.0, 0.0, 1.0]]}, "mean_rme": {"type": "float", "data": 0.0019019428788139827}, "max_rme": {"type": "float", "data": 0.00895212317579322}, "simu": {"type": "float", "data": 0.002}}, {"type": "dict", "image_number": {"type": "int", "data": 19}, "Hcamera2end": {"type": "ndarray", "data": [[0.9999973681839971, 0.0013835452923610617, 0.001830144120912502, -0.016466595109961072], [-0.0018382523349182221, 0.005882083599152321, 0.9999810107801476, 0.03387256267644188], [0.001372753959197625, -0.9999817432808243, 0.005884611423954689, 0.031129348044170023], [0.0, 0.0, 0.0, 1.0]]}, "Hobj2base": {"type": "ndarray", "data": [[0.9999959810502116, 0.000695733325823778, -0.0027484247423081565, -0.7351756418905802], [0.0006986742611161636, -0.9999991843017024, 0.0010692287909012806, 0.0896198509198146], [-0.002747678602320012, -0.0010711447473505233, -0.9999956514461597, -0.0041397318571215055], [0.0, 0.0, 0.0, 1.0]]}, "mean_rme": {"type": "float", "data": 0.0018791776665397645}, "max_rme": {"type": "float", "data": 0.009125084752032137}, "simu": {"type": "float", "data": 0.002}}, {"type": "dict", "image_number": {"type": "int", "data": 20}, "Hcamera2end": {"type": "ndarray", "data": [[0.9999962461882204, 0.0022472459146804847, 0.0015676400310912914, -0.016534288431408996], [-0.0015830131748577683, 0.0068555043027004325, 0.9999752477586853, 0.03388715229206478], [0.0022364433273290786, -0.9999739756346436, 0.006859035988317719, 0.03126029792560138], [0.0, 0.0, 0.0, 1.0]]}, "Hobj2base": {"type": "ndarray", "data": [[0.9999928010262324, 0.0012130326520482537, -0.003595336909785045, -0.7358817957938486], [0.001215964028446149, -0.9999989300244743, 0.0008132535818949815, 0.08955225437598044], [-0.00359434655971331, -0.0008176195276562224, -0.9999932060624799, -0.0041012871089162375], [0.0, 0.0, 0.0, 1.0]]}, "mean_rme": {"type": "float", "data": 0.0019629893264932114}, "max_rme": {"type": "float", "data": 0.009210062813971603}, "simu": {"type": "float", "data": 0.002}}, {"type": "dict", "image_number": {"type": "int", "data": 21}, "Hcamera2end": {"type": "ndarray", "data": [[0.9999965539653818, 0.0022877117803407915, 0.0012878012934501926, -0.016340286513771334], [-0.0013015483630499612, 0.006017800723228883, 0.9999810458435271, 0.03388038242145024], [0.0022799186871386426, -0.999979276009891, 0.006020757553202083, 0.03148274551809801], [0.0, 0.0, 0.0, 1.0]]}, "Hobj2base": {"type": "ndarray", "data": [[0.9999949187288815, 0.0011913123736571394, -0.0029569056877141193, -0.7357604781684342], [0.0011943834100138244, -0.9999987489874662, 0.0010370495515671205, 0.08972525127551109], [-0.0029556665386251653, -0.0010405759611355671, -0.9999950906064397, -0.00415569397095077], [0.0, 0.0, 0.0, 1.0]]}, "mean_rme": {"type": "float", "data": 0.0019451933757267759}, "max_rme": {"type": "float", "data": 0.008975627199240138}, "simu": {"type": "float", "data": 0.002}}, {"type": "dict", "image_number": {"type": "int", "data": 22}, "Hcamera2end": {"type": "ndarray", "data": [[0.9999974195645023, 0.0018857703454549365, 0.001266781173255149, -0.016643563566092954], [-0.0012798699460000234, 0.006955859735290226, 0.9999749886613488, 0.03393342327480939], [0.0018769116276577383, -0.9999740296055432, 0.0069582553269330605, 0.03100770516598056], [0.0, 0.0, 0.0, 1.0]]}, "Hobj2base": {"type": "ndarray", "data": [[0.9999909277246828, 0.0006506270535907306, -0.004209649957595724, -0.735851757702081], [0.0006534300885839624, -0.9999995657221774, 0.0006645183035754051, 0.08952573411879393], [-0.0042092157758521955, -0.000667262986827101, -0.9999909185900933, -0.00399095196733664], [0.0, 0.0, 0.0, 1.0]]}, "mean_rme": {"type": "float", "data": 0.0019310320908988898}, "max_rme": {"type": "float", "data": 0.00906732961283166}, "simu": {"type": "float", "data": 0.002}}, {"type": "dict", "image_number": {"type": "int", "data": 23}, "Hcamera2end": {"type": "ndarray", "data": [[0.9999987149492672, 0.000867498145791983, 0.001348164226382034, -0.01642584564280464], [-0.0013533649065255405, 0.006022636853019181, 0.9999809479428928, 0.03295580826868212], [0.0008593621146140385, -0.9999814874747951, 0.006023803155172258, 0.031421026159784926], [0.0, 0.0, 0.0, 1.0]]}, "Hobj2base": {"type": "ndarray", "data": [[0.9999936648759276, -0.0002978749823431404, -0.003547037990483492, -0.735795915083199], [-0.0002954400290101098, -0.9999997203872728, 0.0006869793047528242, 0.08983062714656366], [-0.0035472416326347996, -0.0006859270156468851, -0.9999934732691651, -0.0029832944355565653], [0.0, 0.0, 0.0, 1.0]]}, "mean_rme": {"type": "float", "data": 0.00196859414169726}, "max_rme": {"type": "float", "data": 0.008921435039209863}, "simu": {"type": "float", "data": 0.002}}, {"type": "dict", "image_number": {"type": "int", "data": 24}, "Hcamera2end": {"type": "ndarray", "data": [[0.9999973577891134, 4.345437067029335e-05, 0.00229837475397854, -0.016753470734843623], [-0.002298601354892695, 0.006246570145625574, 0.9999778481512612, 0.03310915868947169], [2.9096448953985473e-05, -0.9999804890462279, 0.006246653525145196, 0.031369710041750716], [0.0, 0.0, 0.0, 1.0]]}, "Hobj2base": {"type": "ndarray", "data": [[0.9999923691695228, -0.0010082136398692544, -0.0037742691982930784, -0.7356890121536024], [-0.001003899530490965, -0.999998840863898, 0.0011447517603006194, 0.08986635731708952], [-0.003775418977740392, -0.0011409540378178853, -0.9999922221874658, -0.002985055295629283], [0.0, 0.0, 0.0, 1.0]]}, "mean_rme": {"type": "float", "data": 0.0019911391250563614}, "max_rme": {"type": "float", "data": 0.00914475871477008}, "simu": {"type": "float", "data": 0.002}}, {"type": "dict", "image_number": {"type": "int", "data": 25}, "Hcamera2end": {"type": "ndarray", "data": [[0.9999973782630507, -0.00010672810981545962, 0.0022873731955624158, -0.016773143787669354], [-0.002286674942806291, 0.006138674895019847, 0.9999785436639325, 0.03206456023518968], [-0.00012076726023240824, -0.9999811524622072, 0.006138414748534604, 0.031396206336896194], [0.0, 0.0, 0.0, 1.0]]}, "Hobj2base": {"type": "ndarray", "data": [[0.9999920263446963, -0.0011027353802648195, -0.00383812737014, -0.7356820566465245], [-0.0010977896044766999, -0.9999985647855736, 0.001290459134011238, 0.09002274737260159], [-0.003839544896548089, -0.0012862353880073224, -0.9999918017131508, -0.0019667472010842513], [0.0, 0.0, 0.0, 1.0]]}, "mean_rme": {"type": "float", "data": 0.0019938545760878946}, "max_rme": {"type": "float", "data": 0.009115397281409338}, "simu": {"type": "float", "data": 0.002}}, {"type": "dict", "image_number": {"type": "int", "data": 26}, "Hcamera2end": {"type": "ndarray", "data": [[0.9999973291902955, 3.068931525630238e-05, 0.0023109890613365633, -0.01676305458493802], [-0.0023111269836287598, 0.005730598682572752, 0.9999809092831747, 0.03232884788763025], [1.744537850494011e-05, -0.9999835795136364, 0.005730654304138771, 0.03165174578904781], [0.0, 0.0, 0.0, 1.0]]}, "Hobj2base": {"type": "ndarray", "data": [[0.9999939784279303, -0.0009324383494836928, -0.003342703487399518, -0.7356347418901241], [-0.0009272001202220926, -0.9999983404115984, 0.00156827101770727, 0.09005607645252657], [-0.0033441602559268766, -0.0015651622191749284, -0.9999931834064717, -0.0022486792336641813], [0.0, 0.0, 0.0, 1.0]]}, "mean_rme": {"type": "float", "data": 0.001966554768356386}, "max_rme": {"type": "float", "data": 0.009130489597535069}, "simu": {"type": "float", "data": 0.002}}, {"type": "dict", "image_number": {"type": "int", "data": 27}, "Hcamera2end": {"type": "ndarray", "data": [[0.9999978248185405, 0.0002339775493723843, 0.0020725859919672016, -0.01645092371397468], [-0.0020739096459595685, 0.005806269644952233, 0.9999809928851598, 0.03226706097473278], [0.00022193910900252108, -0.9999831161011251, 0.005806742263558706, 0.031406463515267914], [0.0, 0.0, 0.0, 1.0]]}, "Hobj2base": {"type": "ndarray", "data": [[0.9999946556590049, -0.0006828386764217815, -0.0031972464356312745, -0.735542149537614], [-0.0006777736403467201, -0.9999985141937962, 0.001585002552851621, 0.09025830944907695], [-0.003198323986187999, -0.0015828270727017372, -0.9999936326707972, -0.002294232740015809], [0.0, 0.0, 0.0, 1.0]]}, "mean_rme": {"type": "float", "data": 0.001975993008866486}, "max_rme": {"type": "float", "data": 0.009026869255112119}, "simu": {"type": "float", "data": 0.002}}, {"type": "dict", "image_number": {"type": "int", "data": 28}, "Hcamera2end": {"type": "ndarray", "data": [[0.9999980921304056, -0.0004174418916711777, 0.0019082656565242613, -0.016324471637894813], [-0.0019055839659656518, 0.006332846839746886, 0.9999781316612142, 0.03230564174394559], [-0.0004295175170427844, -0.9999798601937797, 0.006332039286925495, 0.03105453939296561], [0.0, 0.0, 0.0, 1.0]]}, "Hobj2base": {"type": "ndarray", "data": [[0.9999919241352897, -0.001019227474974774, -0.0038875235761792084, -0.7355979650052997], [-0.0010137656283008487, -0.9999984967642184, 0.0014066799754698107, 0.09029731851576353], [-0.0038889514591941648, -0.0014027275775318983, -0.9999914541694295, -0.00225304278125928], [0.0, 0.0, 0.0, 1.0]]}, "mean_rme": {"type": "float", "data": 0.0019854926039243426}, "max_rme": {"type": "float", "data": 0.008990653910961516}, "simu": {"type": "float", "data": 0.002}}, {"type": "dict", "image_number": {"type": "int", "data": 29}, "Hcamera2end": {"type": "ndarray", "data": [[0.9999987234143177, 6.52857044990986e-05, 0.001596529834286339, -0.01605416857853239], [-0.0015968972280833316, 0.006079335530892016, 0.999980245604255, 0.032302262775462935], [5.5578574271749216e-05, -0.9999815185378578, 0.006079432024659881, 0.03145142212315957], [0.0, 0.0, 0.0, 1.0]]}, "Hobj2base": {"type": "ndarray", "data": [[0.9999922157222592, -0.00042600669155556134, -0.003922628351673924, -0.7359363546756228], [-0.0004217462459404265, -0.9999993204072097, 0.001086883260850816, 0.0900875290758961], [-0.0039230887054260396, -0.0010852204464681038, -0.9999917158014822, -0.002368951820383325], [0.0, 0.0, 0.0, 1.0]]}, "mean_rme": {"type": "float", "data": 0.0020377091734079416}, "max_rme": {"type": "float", "data": 0.008861731435860526}, "simu": {"type": "float", "data": 0.002}}, {"type": "dict", "image_number": {"type": "int", "data": 30}, "Hcamera2end": {"type": "ndarray", "data": [[0.9999973861078681, 2.53157943071315e-05, 0.0022862931880581272, -0.0163254772021703], [-0.002286396424540013, 0.00538961709254171, 0.9999828620626383, 0.03231737169856127], [1.2993115601714822e-05, -0.9999854755878739, 0.005389660886605641, 0.031413463457581774], [0.0, 0.0, 0.0, 1.0]]}, "Hobj2base": {"type": "ndarray", "data": [[0.9999945094034879, -0.0004196595319682848, -0.0032871033988459615, -0.7355924615487569], [-0.00041535509305249167, -0.999999055602872, 0.0013100662240419125, 0.08991289343126484], [-0.0032876500762933796, -0.0013086937158587712, -0.9999937393192693, -0.0025177306519917433], [0.0, 0.0, 0.0, 1.0]]}, "mean_rme": {"type": "float", "data": 0.0020551387868134405}, "max_rme": {"type": "float", "data": 0.008690526663390846}, "simu": {"type": "float", "data": 0.002}}]}