{"type": "list", "data": [{"type": "dict", "image_number": {"type": "int", "data": 5}, "Hcamera2end": {"type": "ndarray", "data": [[0.9999171376821653, 0.00940881954400294, 0.00878589120659935, -0.015953300908722205], [-0.0086654948955354, -0.012761327162044589, 0.9998810217857317, 0.034181812444342013], [0.009519819731552765, -0.9998743034221111, -0.012678737651165672, 0.03472552435321876], [0.0, 0.0, 0.0, 1.0]]}, "Hobj2base": {"type": "ndarray", "data": [[0.9998259072094073, 0.01151148069371391, 0.014684722848041563, -0.7314528432213174], [0.011325973914378513, -0.9998557906218024, 0.012653864032043055, 0.09155064772941976], [0.014828269884796385, -0.012485342297625138, -0.9998121016670758, -0.007111011260284727], [0.0, 0.0, 0.0, 1.0]]}, "mean_rme": {"type": "float", "data": 0.0013965452920865476}, "max_rme": {"type": "float", "data": 0.003798962655145649}, "simu": {"type": "float", "data": 0.002}}, {"type": "dict", "image_number": {"type": "int", "data": 6}, "Hcamera2end": {"type": "ndarray", "data": [[0.9999585450919118, 0.00886821087243401, -0.0020646872860192005, -0.018062070728897598], [0.0021366836754377477, -0.008116692341330056, 0.9999647763237999, 0.033776260001871665], [0.008851140069964092, -0.9999277344595249, -0.008135304425996637, 0.0344728708083358], [0.0, 0.0, 0.0, 1.0]]}, "Hobj2base": {"type": "ndarray", "data": [[0.9998873038437044, 0.011682981258251348, 0.009428019998227852, -0.733237315442825], [0.011675241380295269, -0.9999314587113368, 0.0008755673189223439, 0.08424857750256731], [0.00943760302616494, -0.0007653942366333622, -0.9999551719056123, -0.0077209952869647935], [0.0, 0.0, 0.0, 1.0]]}, "mean_rme": {"type": "float", "data": 0.0013859492696429519}, "max_rme": {"type": "float", "data": 0.004206171315425139}, "simu": {"type": "float", "data": 0.002}}, {"type": "dict", "image_number": {"type": "int", "data": 7}, "Hcamera2end": {"type": "ndarray", "data": [[0.999966690583193, 0.00812467571879237, -0.0007793385408100448, -0.016822132646709398], [0.0008333720045808875, -0.006649275087774242, 0.9999775460638648, 0.033896614792898315], [0.00811931125149831, -0.9999448868739073, -0.006655824481589079, 0.0342842260453841], [0.0, 0.0, 0.0, 1.0]]}, "Hobj2base": {"type": "ndarray", "data": [[0.9999172168196415, 0.010287300114261143, 0.007728580983668304, -0.7330762430900749], [0.010267701936209456, -0.9999439799950489, 0.0025712192848333535, 0.08639831013041685], [0.007754598932965989, -0.0024916516651933935, -0.9999668283835064, -0.007174073577225358], [0.0, 0.0, 0.0, 1.0]]}, "mean_rme": {"type": "float", "data": 0.0014130264509993956}, "max_rme": {"type": "float", "data": 0.004534001791382247}, "simu": {"type": "float", "data": 0.002}}, {"type": "dict", "image_number": {"type": "int", "data": 8}, "Hcamera2end": {"type": "ndarray", "data": [[0.9999669763284301, 0.007860623497407387, 0.0020632137089468035, -0.017687057385817842], [-0.001999944950940945, -0.008048198129870121, 0.9999656127722871, 0.034173743706154745], [0.007876958345071084, -0.9999367165501498, -0.008032211534543476, 0.03448285935798719], [0.0, 0.0, 0.0, 1.0]]}, "Hobj2base": {"type": "ndarray", "data": [[0.9999107998544109, 0.010033133261552439, 0.008816380859977652, -0.7324399714555336], [0.009992193774494992, -0.9999391464270346, 0.004675415098842131, 0.08666746045515536], [0.008862753414441456, -0.00458690306519198, -0.9999502047213078, -0.0067745635735113885], [0.0, 0.0, 0.0, 1.0]]}, "mean_rme": {"type": "float", "data": 0.0016189673829055415}, "max_rme": {"type": "float", "data": 0.004478312816907942}, "simu": {"type": "float", "data": 0.002}}, {"type": "dict", "image_number": {"type": "int", "data": 9}, "Hcamera2end": {"type": "ndarray", "data": [[0.9999684141066115, 0.007543703559628606, 0.0025026637234462678, -0.01730600906287509], [-0.0024435579783474506, -0.007834169780194689, 0.9999663268371899, 0.03273338941682225], [0.0075630558317826635, -0.9999408574113069, -0.007815488853923913, 0.03447597973877168], [0.0, 0.0, 0.0, 1.0]]}, "Hobj2base": {"type": "ndarray", "data": [[0.9999175087255111, 0.01000907087271393, 0.008049487215498993, -0.7325684772050928], [0.00997141214317248, -0.999939215083059, 0.004705005732913952, 0.08686363906193201], [0.008096090663924442, -0.0046243528564276284, -0.9999565333936375, -0.004983956597208973], [0.0, 0.0, 0.0, 1.0]]}, "mean_rme": {"type": "float", "data": 0.001612002946110621}, "max_rme": {"type": "float", "data": 0.0050520471571989245}, "simu": {"type": "float", "data": 0.002}}, {"type": "dict", "image_number": {"type": "int", "data": 10}, "Hcamera2end": {"type": "ndarray", "data": [[0.9999704548144642, 0.007156472222053165, 0.0028061367551283963, -0.017168930328716255], [-0.0027519329959136743, -0.007572722462126036, 0.999967539842818, 0.032688025304703945], [0.007177490016677326, -0.9999457179166511, -0.007552804592593665, 0.034384785545614985], [0.0, 0.0, 0.0, 1.0]]}, "Hobj2base": {"type": "ndarray", "data": [[0.9999257185515239, 0.009262663684484774, 0.00792214874177608, -0.7326993752382576], [0.009232166100220427, -0.9999498643825957, 0.0038776062623295943, 0.08721086470223868], [0.007957668522666555, -0.003804179635065079, -0.9999611011079315, -0.0051146338882752385], [0.0, 0.0, 0.0, 1.0]]}, "mean_rme": {"type": "float", "data": 0.0015284589446874926}, "max_rme": {"type": "float", "data": 0.004845271994576572}, "simu": {"type": "float", "data": 0.002}}, {"type": "dict", "image_number": {"type": "int", "data": 11}, "Hcamera2end": {"type": "ndarray", "data": [[0.9999774834899436, 0.005423752947307514, 0.003951634735910563, -0.01800965112600035], [-0.0038980743769666364, -0.00985044592944373, 0.9999438852911411, 0.03271189083220306], [0.0054623739592889525, -0.9999367738107032, -0.009829081939388029, 0.034871567921543195], [0.0, 0.0, 0.0, 1.0]]}, "Hobj2base": {"type": "ndarray", "data": [[0.9999324858646806, 0.007053811781048998, 0.009234037677953728, -0.7321107092056479], [0.007015383250927725, -0.9999666244221563, 0.004187414429065782, 0.08705277210820003], [0.009263266719842275, -0.004122351406137027, -0.9999485977331841, -0.005435457712243721], [0.0, 0.0, 0.0, 1.0]]}, "mean_rme": {"type": "float", "data": 0.0016235770445920655}, "max_rme": {"type": "float", "data": 0.0043459137407219905}, "simu": {"type": "float", "data": 0.002}}, {"type": "dict", "image_number": {"type": "int", "data": 12}, "Hcamera2end": {"type": "ndarray", "data": [[0.9999809565109309, 0.00564760869211829, 0.002488198453590241, -0.017118885518064716], [-0.0024388014990138866, -0.008736624383261171, 0.9999588609746074, 0.033013602649842946], [0.005669114810280927, -0.9999458864910874, -0.008722684610906084, 0.03516992830901106], [0.0, 0.0, 0.0, 1.0]]}, "Hobj2base": {"type": "ndarray", "data": [[0.9999444605436402, 0.006886496538137208, 0.007978219946741407, -0.7330046953383688], [0.006871742062866855, -0.9999746309146733, 0.0018752834680369832, 0.08692258906587115], [0.007990931679709481, -0.0018203550462178215, -0.9999664150952257, -0.005261235845416851], [0.0, 0.0, 0.0, 1.0]]}, "mean_rme": {"type": "float", "data": 0.001820483852359811}, "max_rme": {"type": "float", "data": 0.007301254535528545}, "simu": {"type": "float", "data": 0.002}}, {"type": "dict", "image_number": {"type": "int", "data": 13}, "Hcamera2end": {"type": "ndarray", "data": [[0.9999790286741542, 0.005835974031380024, 0.002807778303250611, -0.017492866069465665], [-0.0027626251801907676, -0.007730747232509216, 0.9999663011568646, 0.03312498492440308], [0.005857483590153952, -0.9999530873767691, -0.007714462499679886, 0.03465352443012002], [0.0, 0.0, 0.0, 1.0]]}, "Hobj2base": {"type": "ndarray", "data": [[0.9999516905289305, 0.007265643117243082, 0.006620199273959719, -0.7331208047740921], [0.007249457554706304, -0.9999706826584196, 0.0024656011065894187, 0.08664907943461783], [0.006637919365026231, -0.0024174891410638226, -0.9999750465750414, -0.004889930383663801], [0.0, 0.0, 0.0, 1.0]]}, "mean_rme": {"type": "float", "data": 0.0018194339715882188}, "max_rme": {"type": "float", "data": 0.006845706620190517}, "simu": {"type": "float", "data": 0.002}}, {"type": "dict", "image_number": {"type": "int", "data": 14}, "Hcamera2end": {"type": "ndarray", "data": [[0.9999861341485616, 0.004569040576496456, 0.0026182778357534825, -0.01735887783788228], [-0.0025793704464267576, -0.008500656104129423, 0.9999605420684854, 0.03333056557392713], [0.004591117371073108, -0.999953430272635, -0.00848875298706342, 0.03490883281557223], [0.0, 0.0, 0.0, 1.0]]}, "Hobj2base": {"type": "ndarray", "data": [[0.999956938968572, 0.006360752105806784, 0.006757295409566776, -0.7331462266333474], [0.006343445015163086, -0.9999765529152052, 0.002579597868430975, 0.08688346661232374], [0.006773545153262084, -0.00253662225640429, -0.9999738419746711, -0.0051128024619576705], [0.0, 0.0, 0.0, 1.0]]}, "mean_rme": {"type": "float", "data": 0.0017833981213916633}, "max_rme": {"type": "float", "data": 0.006931103717601028}, "simu": {"type": "float", "data": 0.002}}, {"type": "dict", "image_number": {"type": "int", "data": 15}, "Hcamera2end": {"type": "ndarray", "data": [[0.9999861171246367, 0.0048270736900344275, 0.0021130351590513976, -0.01717396868445252], [-0.002072383428653737, -0.008411144893797351, 0.9999624782303084, 0.03323140280518196], [0.004844665614575616, -0.9999529748949029, -0.008401024575396931, 0.03484324022933198], [0.0, 0.0, 0.0, 1.0]]}, "Hobj2base": {"type": "ndarray", "data": [[0.999956904768275, 0.006456185052874313, 0.006671302782356328, -0.7331575836367221], [0.00644161266046379, -0.9999768247869512, 0.0022035233921032407, 0.08689178162892303], [0.00668537452828079, -0.0021604544822874327, -0.9999753187973424, -0.005087417955207171], [0.0, 0.0, 0.0, 1.0]]}, "mean_rme": {"type": "float", "data": 0.001704505009162294}, "max_rme": {"type": "float", "data": 0.006986016292744424}, "simu": {"type": "float", "data": 0.002}}, {"type": "dict", "image_number": {"type": "int", "data": 16}, "Hcamera2end": {"type": "ndarray", "data": [[0.9999884766625564, 0.00390192399715425, 0.002796700059062629, -0.017084904239936777], [-0.002766428980841436, -0.007741934418603824, 0.9999662040899944, 0.033346533026046385], [0.003923443996527761, -0.9999624180140865, -0.0077310508100540964, 0.0349545989395797], [0.0, 0.0, 0.0, 1.0]]}, "Hobj2base": {"type": "ndarray", "data": [[0.9999678375261006, 0.005367013755169448, 0.005959788312157759, -0.7336262262878528], [0.005352124774916893, -0.999982523700466, 0.0025113848851663853, 0.08734811698689816], [0.0059731627943352674, -0.0024794065821368053, -0.9999790867159342, -0.005080509479757415], [0.0, 0.0, 0.0, 1.0]]}, "mean_rme": {"type": "float", "data": 0.0016990320435969763}, "max_rme": {"type": "float", "data": 0.006819139735562696}, "simu": {"type": "float", "data": 0.002}}, {"type": "dict", "image_number": {"type": "int", "data": 17}, "Hcamera2end": {"type": "ndarray", "data": [[0.9999863084108322, 0.004682350847597825, 0.002336360720430494, -0.016429633725687072], [-0.002315696418688709, -0.004413805239599222, 0.999987577859547, 0.033107150020865776], [0.004692604923967375, -0.999979296742611, -0.00440290190450221, 0.034703123501191674], [0.0, 0.0, 0.0, 1.0]]}, "Hobj2base": {"type": "ndarray", "data": [[0.99997878634619, 0.0056552303845290855, 0.0032319076253595662, -0.7348870836850068], [0.005646347946457295, -0.9999802754437563, 0.002750904995819805, 0.08819948458963003], [0.0032474008789331495, -0.0027325981640899705, -0.9999909936068445, -0.0043392724670878935], [0.0, 0.0, 0.0, 1.0]]}, "mean_rme": {"type": "float", "data": 0.0017896595076086082}, "max_rme": {"type": "float", "data": 0.009354357604461933}, "simu": {"type": "float", "data": 0.002}}, {"type": "dict", "image_number": {"type": "int", "data": 18}, "Hcamera2end": {"type": "ndarray", "data": [[0.9999802574435422, 0.006116374977296666, 0.0014403750497888248, -0.01654261907608537], [-0.001407045303850695, -0.005450075702996493, 0.999984158323693, 0.031108080777665952], [0.006124128236726159, -0.99996644275294, -0.005441362087880819, 0.03515936376760756], [0.0, 0.0, 0.0, 1.0]]}, "Hobj2base": {"type": "ndarray", "data": [[0.9999697678249126, 0.006681566482479073, 0.0039774496263824885, -0.7349983038519994], [0.006672077712136495, -0.9999748753973463, 0.0023941497581839474, 0.08784150600063095], [0.0039933463653193686, -0.00236753952482594, -0.9999892239126404, -0.0022673817890137807], [0.0, 0.0, 0.0, 1.0]]}, "mean_rme": {"type": "float", "data": 0.0019393664760568594}, "max_rme": {"type": "float", "data": 0.009184534409290429}, "simu": {"type": "float", "data": 0.002}}, {"type": "dict", "image_number": {"type": "int", "data": 19}, "Hcamera2end": {"type": "ndarray", "data": [[0.999980621881631, 0.006171132097751235, 0.0008203595911063051, -0.01620769092795425], [-0.0007844805960922781, -0.005814180874554209, 0.9999827897973805, 0.03106241851455295], [0.006175795610362309, -0.9999640555686939, -0.0058092270732823525, 0.035422365177083456], [0.0, 0.0, 0.0, 1.0]]}, "Hobj2base": {"type": "ndarray", "data": [[0.9999697587315708, 0.006592540479679836, 0.00412553418938499, -0.7350540811396238], [0.006585550635657487, -0.9999768604827741, 0.0017055854829633795, 0.0877910159288885], [0.004136682867853539, -0.0016783649895916292, -0.99999003542326, -0.0024229890349269077], [0.0, 0.0, 0.0, 1.0]]}, "mean_rme": {"type": "float", "data": 0.001880168030967097}, "max_rme": {"type": "float", "data": 0.009164946604394791}, "simu": {"type": "float", "data": 0.002}}, {"type": "dict", "image_number": {"type": "int", "data": 20}, "Hcamera2end": {"type": "ndarray", "data": [[0.9999771442371055, 0.0067453864112093625, 0.0004590921111209175, -0.01608083866252369], [-0.0004183244948498216, -0.006043946115347865, 0.9999816476915825, 0.031090765708201972], [0.006748037345779143, -0.9999589843976194, -0.006040986215985589, 0.035700807362811546], [0.0, 0.0, 0.0, 1.0]]}, "Hobj2base": {"type": "ndarray", "data": [[0.9999664645478298, 0.006910210040926202, 0.004395313061003495, -0.7351694143086445], [0.006906543531282143, -0.999975789288807, 0.0008488184010896048, 0.08755245649743441], [0.004401072160786505, -0.0008184335145912801, -0.9999899803150119, -0.0025476234797079584], [0.0, 0.0, 0.0, 1.0]]}, "mean_rme": {"type": "float", "data": 0.00185024379350032}, "max_rme": {"type": "float", "data": 0.009095818565225483}, "simu": {"type": "float", "data": 0.002}}, {"type": "dict", "image_number": {"type": "int", "data": 21}, "Hcamera2end": {"type": "ndarray", "data": [[0.9999753298812245, 0.006971860981754783, 0.0008560276790080916, -0.01626024015116988], [-0.0008092142103537595, -0.0067146854803747935, 0.9999771288240852, 0.03109109574981334], [0.006977449483722852, -0.9999531519793067, -0.006708878099307425, 0.03634153627601122], [0.0, 0.0, 0.0, 1.0]]}, "Hobj2base": {"type": "ndarray", "data": [[0.9999641004231457, 0.006933173599413956, 0.004871238935779827, -0.7353522608171712], [0.0069261939368983035, -0.9999749649016296, 0.0014482429125572628, 0.08777562838673644], [0.0048811579033607635, -0.0014144517756673385, -0.9999870867284724, -0.0024833191132490316], [0.0, 0.0, 0.0, 1.0]]}, "mean_rme": {"type": "float", "data": 0.0018793838076054837}, "max_rme": {"type": "float", "data": 0.00863933103944306}, "simu": {"type": "float", "data": 0.002}}, {"type": "dict", "image_number": {"type": "int", "data": 22}, "Hcamera2end": {"type": "ndarray", "data": [[0.99997411810435, 0.0071399875911235516, 0.0008852675449424765, -0.016037861356426632], [-0.0008473288199830884, -0.005314831964604805, 0.9999855171926535, 0.031099729147736822], [0.0071445892323039, -0.9999603857845503, -0.005308644489418146, 0.036019638131237305], [0.0, 0.0, 0.0, 1.0]]}, "Hobj2base": {"type": "ndarray", "data": [[0.9999645200184345, 0.007351568544203765, 0.004112559329866482, -0.735517145435967], [0.007343400451779669, -0.9999710413716554, 0.0019977206738076504, 0.08813611582539212], [0.004127126616254977, -0.001967449624674059, -0.9999895479293104, -0.0022869409097010544], [0.0, 0.0, 0.0, 1.0]]}, "mean_rme": {"type": "float", "data": 0.0019635525323735115}, "max_rme": {"type": "float", "data": 0.00790821159395036}, "simu": {"type": "float", "data": 0.002}}, {"type": "dict", "image_number": {"type": "int", "data": 23}, "Hcamera2end": {"type": "ndarray", "data": [[0.999978661331807, 0.00653275324566633, -4.009787527538538e-06, -0.015592065775851304], [4.5828949999957534e-05, -0.0064013234742752445, 0.9999795102688281, 0.031134770515044007], [0.006532593723361487, -0.9999581722216232, -0.006401486267779477, 0.03701564420156462], [0.0, 0.0, 0.0, 1.0]]}, "Hobj2base": {"type": "ndarray", "data": [[0.9999647150751236, 0.006732753997664871, 0.005023806160043775, -0.7357345762609298], [0.006729931455803727, -0.9999771864041924, 0.0005785272293596996, 0.08792842015539672], [0.005027586630476853, -0.0005446969449655336, -0.999987213257205, -0.002560733432815847], [0.0, 0.0, 0.0, 1.0]]}, "mean_rme": {"type": "float", "data": 0.00201290239620943}, "max_rme": {"type": "float", "data": 0.007924344194872007}, "simu": {"type": "float", "data": 0.002}}, {"type": "dict", "image_number": {"type": "int", "data": 24}, "Hcamera2end": {"type": "ndarray", "data": [[0.9999817282970876, 0.005979252701433847, -0.0008897241718832443, -0.014857824677213083], [0.0009237953028611049, -0.005697881652043879, 0.9999833402346848, 0.030380103523818886], [0.005974083545452728, -0.9999658907591856, -0.005703301147603312, 0.03661412612685715], [0.0, 0.0, 0.0, 1.0]]}, "Hobj2base": {"type": "ndarray", "data": [[0.9999708524807065, 0.006386815861282887, 0.0041836314564319375, -0.7357758349636297], [0.006387553163181777, -0.9999795861062395, -0.00016289684150803922, 0.08813624814971362], [0.004182505660092758, 0.00018961526181232713, -0.9999912353078177, -0.0015821648462713857], [0.0, 0.0, 0.0, 1.0]]}, "mean_rme": {"type": "float", "data": 0.0020998015041990316}, "max_rme": {"type": "float", "data": 0.007933111855644909}, "simu": {"type": "float", "data": 0.002}}, {"type": "dict", "image_number": {"type": "int", "data": 25}, "Hcamera2end": {"type": "ndarray", "data": [[0.99998809774062, 0.004712901500407388, -0.0012621158994745346, -0.01464414590135808], [0.0012939681730036545, -0.006761605538280868, 0.9999763028876795, 0.030365605544759724], [0.004704255888395337, -0.9999660340481532, -0.006767623404442036, 0.03704840697927012], [0.0, 0.0, 0.0, 1.0]]}, "Hobj2base": {"type": "ndarray", "data": [[0.9999723950295978, 0.0052490415206966805, 0.005258967758407736, -0.735729631618929], [0.00525165410846759, -0.9999860932745379, -0.00048310107815104954, 0.08838644799080012], [0.005256358805768999, 0.0005107060217948265, -0.999986054838498, -0.0017401822556391622], [0.0, 0.0, 0.0, 1.0]]}, "mean_rme": {"type": "float", "data": 0.002104386254202717}, "max_rme": {"type": "float", "data": 0.008164390331521193}, "simu": {"type": "float", "data": 0.002}}, {"type": "dict", "image_number": {"type": "int", "data": 26}, "Hcamera2end": {"type": "ndarray", "data": [[0.9999888948829959, 0.004535543684545606, -0.0012802164544218535, -0.014800486841814883], [0.0013093729807852072, -0.006431325881416594, 0.9999784615629499, 0.03038540023308587], [0.0045272125068063305, -0.9999690329659676, -0.006437193179143819, 0.03676296167262576], [0.0, 0.0, 0.0, 1.0]]}, "Hobj2base": {"type": "ndarray", "data": [[0.9999740911848916, 0.00522412069232619, 0.004952324902738611, -0.7355572314594292], [0.005227785909450564, -0.9999860704425401, -0.0007274444116515192, 0.08828182715751973], [0.004948455661640893, 0.000753315258774314, -0.9999874725728746, -0.0016631034433659071], [0.0, 0.0, 0.0, 1.0]]}, "mean_rme": {"type": "float", "data": 0.0020806791619822074}, "max_rme": {"type": "float", "data": 0.008304064010317497}, "simu": {"type": "float", "data": 0.002}}, {"type": "dict", "image_number": {"type": "int", "data": 27}, "Hcamera2end": {"type": "ndarray", "data": [[0.9999914868526194, 0.003913468353969358, -0.0013080472965625333, -0.014818255782076266], [0.001324193936096861, -0.004126173217547047, 0.9999906105584184, 0.030068099882478966], [0.003908034378964505, -0.9999838295992698, -0.004131320281889783, 0.03575017223698886], [0.0, 0.0, 0.0, 1.0]]}, "Hobj2base": {"type": "ndarray", "data": [[0.999983469615778, 0.0048346097983653375, 0.0031124015306345323, -0.7354363703134646], [0.004836597675537338, -0.9999881042034444, -0.0006314859664916727, 0.08828657158381291], [0.003109311517897994, 0.0006465289617944216, -0.9999949570783775, -0.0010981367579843446], [0.0, 0.0, 0.0, 1.0]]}, "mean_rme": {"type": "float", "data": 0.002147737180948505}, "max_rme": {"type": "float", "data": 0.008106231147878479}, "simu": {"type": "float", "data": 0.002}}, {"type": "dict", "image_number": {"type": "int", "data": 28}, "Hcamera2end": {"type": "ndarray", "data": [[0.9999930589096615, 0.0032707514383931405, -0.0017844656137339396, -0.01452795576789188], [0.0017996972254482823, -0.004659902993311649, 0.9999875231191584, 0.030009548994990896], [0.003262395192962281, -0.999983793613237, -0.004665757010792637, 0.03610527905317458], [0.0, 0.0, 0.0, 1.0]]}, "Hobj2base": {"type": "ndarray", "data": [[0.9999835706644419, 0.0042899624442055105, 0.003801923647380996, -0.7352883483245384], [0.004293966004914034, -0.9999902343460412, -0.001045499162409414, 0.08840825467091486], [0.0037974013669680924, 0.0010618073164479819, -0.9999922261238241, -0.0013036395887029031], [0.0, 0.0, 0.0, 1.0]]}, "mean_rme": {"type": "float", "data": 0.0021531966490500416}, "max_rme": {"type": "float", "data": 0.008115058540060421}, "simu": {"type": "float", "data": 0.002}}, {"type": "dict", "image_number": {"type": "int", "data": 29}, "Hcamera2end": {"type": "ndarray", "data": [[0.9999934271977541, 0.003186828627588581, -0.0017290704406108426, -0.01464277982106798], [0.0017435616036903835, -0.004550050045845522, 0.9999881284482903, 0.03001807804264572], [0.003178923437950167, -0.999984570464904, -0.004555576571299014, 0.03594676560877249], [0.0, 0.0, 0.0, 1.0]]}, "Hobj2base": {"type": "ndarray", "data": [[0.9999848769500432, 0.004043027675830351, 0.0037282433422855667, -0.7352058806737215], [0.004046597991880424, -0.9999913606699269, -0.0009505946559002326, 0.08832972417075666], [0.0037243678522584397, 0.0009656669820318971, -0.9999925982582973, -0.0013132646240957308], [0.0, 0.0, 0.0, 1.0]]}, "mean_rme": {"type": "float", "data": 0.0021065269218702863}, "max_rme": {"type": "float", "data": 0.008249977112002732}, "simu": {"type": "float", "data": 0.002}}, {"type": "dict", "image_number": {"type": "int", "data": 30}, "Hcamera2end": {"type": "ndarray", "data": [[0.9999941481321146, 0.002813056351265336, -0.0019468989421594406, -0.014285513588075617], [0.0019586690030391233, -0.004187403655333322, 0.9999893145760927, 0.03006120105090427], [0.0028048738408187847, -0.9999872761013471, -0.004192888997479383, 0.035969523696911664], [0.0, 0.0, 0.0, 1.0]]}, "Hobj2base": {"type": "ndarray", "data": [[0.9999885126490825, 0.003569966140997744, 0.0031984233034263276, -0.7354416373886487], [0.003574164537886359, -0.9999927573557523, -0.0013078929222993098, 0.0885702589371082], [0.0031937310049355272, 0.0013193095892226044, -0.9999940297344163, -0.0013376634375598254], [0.0, 0.0, 0.0, 1.0]]}, "mean_rme": {"type": "float", "data": 0.0021089714115712535}, "max_rme": {"type": "float", "data": 0.008000083334693403}, "simu": {"type": "float", "data": 0.002}}]}