{"type": "list", "data": [{"type": "dict", "image_number": {"type": "int", "data": 5}, "Hcamera2end": {"type": "ndarray", "data": [[0.9992292594761443, -0.009348419807011515, 0.03812471709886066, -0.015608179524465323], [-0.037982787350832777, 0.014916819118970581, 0.9991670512844354, 0.032242690936395514], [-0.00990933256166634, -0.9998450357702858, 0.014550243080392544, 0.03498912963612065], [0.0, 0.0, 0.0, 1.0]]}, "Hobj2base": {"type": "ndarray", "data": [[0.9998536832891401, -0.012324611389257882, -0.011862376121317372, -0.7417090373166066], [-0.01188279070663583, -0.9992585477102225, 0.03662177102597694, 0.10947496621877792], [-0.01230492983166157, -0.03647545451616155, -0.9992587902639021, 0.007520379334220473], [0.0, 0.0, 0.0, 1.0]]}, "mean_rme": {"type": "float", "data": 0.0019599237656716902}, "max_rme": {"type": "float", "data": 0.0069630678580107075}, "simu": {"type": "float", "data": 0.002}}, {"type": "dict", "image_number": {"type": "int", "data": 6}, "Hcamera2end": {"type": "ndarray", "data": [[0.9999208749211845, -0.008394284931527852, 0.009369091596367469, -0.01656401063301771], [-0.009354318786759285, 0.0017974031156761106, 0.99995463200191, 0.030187140483285028], [-0.00841074413405148, -0.9999631519823758, 0.0017187380787765383, 0.03493296887727717], [0.0, 0.0, 0.0, 1.0]]}, "Hobj2base": {"type": "ndarray", "data": [[0.9999345052636188, -0.011443284172430956, 0.00019086788850390803, -0.7357956266862269], [-0.011444468851096998, -0.9999005315003269, 0.008243254095368734, 0.09475811623168194], [9.6519004042543e-05, -0.008244898587219494, -0.9999660055878743, 0.0004743393545846482], [0.0, 0.0, 0.0, 1.0]]}, "mean_rme": {"type": "float", "data": 0.0017980983983729984}, "max_rme": {"type": "float", "data": 0.0066492298546713124}, "simu": {"type": "float", "data": 0.002}}, {"type": "dict", "image_number": {"type": "int", "data": 7}, "Hcamera2end": {"type": "ndarray", "data": [[0.9999867544163662, -0.00320677896284234, 0.004025861461304549, -0.018813706170381656], [-0.004019174488361027, 0.0020889835506809895, 0.9999897411394563, 0.029828982596610657], [-0.0032151560233141517, -0.999992676331386, 0.002076067276677418, 0.033741473355093164], [0.0, 0.0, 0.0, 1.0]]}, "Hobj2base": {"type": "ndarray", "data": [[0.9999794978467877, -0.006001382726925439, -0.0022332244515816746, -0.736909800442624], [-0.005995824506401904, -0.9999789314822805, 0.0024873037700898462, 0.0889428164893986], [-0.002248104662735179, -0.002473862753111777, -0.9999944129986447, -7.76208676406582e-05], [0.0, 0.0, 0.0, 1.0]]}, "mean_rme": {"type": "float", "data": 0.0020216364694927084}, "max_rme": {"type": "float", "data": 0.007397496810270521}, "simu": {"type": "float", "data": 0.002}}, {"type": "dict", "image_number": {"type": "int", "data": 8}, "Hcamera2end": {"type": "ndarray", "data": [[0.9999830885434621, -0.0035373176885232184, 0.0046162767084355835, -0.018826437388838935], [-0.004607031405793017, 0.002617353877850781, 0.9999859622616227, 0.02973343684567911], [-0.003549350462327006, -0.9999903183742571, 0.0026010130809011045, 0.03359308038515117], [0.0, 0.0, 0.0, 1.0]]}, "Hobj2base": {"type": "ndarray", "data": [[0.9999816816513579, -0.0056732869669491835, -0.00210954419552222, -0.7368711955893658], [-0.005665415670128734, -0.9999770368349452, 0.00371871860827746, 0.08913530833750632], [-0.0021305931115247595, -0.003706699042751351, -0.9999908604358341, 0.00025625721227481857], [0.0, 0.0, 0.0, 1.0]]}, "mean_rme": {"type": "float", "data": 0.0018872447886940536}, "max_rme": {"type": "float", "data": 0.007130922538652995}, "simu": {"type": "float", "data": 0.002}}, {"type": "dict", "image_number": {"type": "int", "data": 9}, "Hcamera2end": {"type": "ndarray", "data": [[0.9999775977962791, -0.003930192906373939, 0.005418255189778446, -0.019067599002825644], [-0.005410142692614657, 0.0020718502656699167, 0.9999832187554561, 0.029778249176453064], [-0.003941352766300084, -0.999990130461394, 0.0020505409472252323, 0.03350878802929499], [0.0, 0.0, 0.0, 1.0]]}, "Hobj2base": {"type": "ndarray", "data": [[0.999979477392019, -0.006117278840003192, -0.0019036003725121631, -0.736426521744066], [-0.006109156677862932, -0.9999723342472207, 0.0042436947168302845, 0.08917739984056486], [-0.001929507571869566, -0.004231978232219504, -0.9999891836218886, 0.00019933696223236227], [0.0, 0.0, 0.0, 1.0]]}, "mean_rme": {"type": "float", "data": 0.0017436021164155325}, "max_rme": {"type": "float", "data": 0.007139398994289559}, "simu": {"type": "float", "data": 0.002}}, {"type": "dict", "image_number": {"type": "int", "data": 10}, "Hcamera2end": {"type": "ndarray", "data": [[0.9999779879194826, -0.004660825466728669, 0.004722328077540328, -0.019262989532578014], [-0.004721737342262875, 0.00013774035637592608, 0.9999888430497936, 0.029688422166834753], [-0.004661423921283341, -0.9999891288076901, 0.00011573013077204042, 0.03481880233215634], [0.0, 0.0, 0.0, 1.0]]}, "Hobj2base": {"type": "ndarray", "data": [[0.9999825651944086, -0.005893868309655247, 0.00036279961230355825, -0.736397456033018], [-0.005895260264524954, -0.9999747687842591, 0.003963294246172959, 0.0884682368716029], [0.00033943132406891164, -0.003965363945046673, -0.9999920803062192, -0.00016422773655681012], [0.0, 0.0, 0.0, 1.0]]}, "mean_rme": {"type": "float", "data": 0.0017582632462232347}, "max_rme": {"type": "float", "data": 0.006799072692539099}, "simu": {"type": "float", "data": 0.002}}, {"type": "dict", "image_number": {"type": "int", "data": 11}, "Hcamera2end": {"type": "ndarray", "data": [[0.9999821369860564, -0.0036790512534663282, 0.004710657138254763, -0.01992081136334483], [-0.004716623115547635, -0.00161461810693031, 0.9999875731601641, 0.029633977438560517], [-0.003671399622174686, -0.999991928762549, -0.0016319419631700693, 0.03442237027387098], [0.0, 0.0, 0.0, 1.0]]}, "Hobj2base": {"type": "ndarray", "data": [[0.9999804770584909, -0.005777000249889756, 0.0023815478130203107, -0.7349931292852818], [-0.00578704444289517, -0.9999742980698749, 0.004232412583486143, 0.08808135827846562], [0.0023570359540923953, -0.0042461120773796615, -0.9999882073873358, -0.00025742161954811493], [0.0, 0.0, 0.0, 1.0]]}, "mean_rme": {"type": "float", "data": 0.0018500126250753637}, "max_rme": {"type": "float", "data": 0.006547114448559432}, "simu": {"type": "float", "data": 0.002}}, {"type": "dict", "image_number": {"type": "int", "data": 12}, "Hcamera2end": {"type": "ndarray", "data": [[0.9999852505877511, -0.002732762436641083, 0.004693678346188994, -0.019477459674424397], [-0.004695933524882625, -0.0008194069299614082, 0.9999886383257627, 0.029655498347384], [-0.002728885355320632, -0.9999959302825926, -0.0008322277149324098, 0.03388918359114426], [0.0, 0.0, 0.0, 1.0]]}, "Hobj2base": {"type": "ndarray", "data": [[0.9999873520670951, -0.004780964952124084, 0.0015614352263738206, -0.7348074665702845], [-0.004787182860335973, -0.9999805291837174, 0.004003015577546342, 0.08825338684294937], [0.0015422665467763352, -0.0040104398236271216, -0.9999907688505527, -7.484367343682981e-05], [0.0, 0.0, 0.0, 1.0]]}, "mean_rme": {"type": "float", "data": 0.001783469746078832}, "max_rme": {"type": "float", "data": 0.006249650360533765}, "simu": {"type": "float", "data": 0.002}}, {"type": "dict", "image_number": {"type": "int", "data": 13}, "Hcamera2end": {"type": "ndarray", "data": [[0.9999905451043637, -0.0038088598149286085, 0.0020981631938156485, -0.018279592783004957], [-0.0020947739926088383, 0.0008935918055205105, 0.99999740670444, 0.029356993865824882], [-0.003810724838866, -0.9999923470110136, 0.0008856046562214503, 0.03320462330683033], [0.0, 0.0, 0.0, 1.0]]}, "Hobj2base": {"type": "ndarray", "data": [[0.9999823708962333, -0.005899527664977413, 0.0006734018697415608, -0.734584357463971], [-0.00590088012979015, -0.9999805405058109, 0.0020244069257715244, 0.08843467727599016], [0.0006614457210180284, -0.002028344901004285, -0.999997724150671, -0.00022566787561723462], [0.0, 0.0, 0.0, 1.0]]}, "mean_rme": {"type": "float", "data": 0.0018606171926836643}, "max_rme": {"type": "float", "data": 0.005947476338172941}, "simu": {"type": "float", "data": 0.002}}, {"type": "dict", "image_number": {"type": "int", "data": 14}, "Hcamera2end": {"type": "ndarray", "data": [[0.9999885994376105, -0.003965209604971166, 0.0026604713106558936, -0.018182746196776258], [-0.0026599464858746893, 0.00013762516296178529, 0.9999964528657121, 0.029426090139821306], [-0.003965561687637902, -0.9999921290550755, 0.00012707634860309458, 0.03353778049865014], [0.0, 0.0, 0.0, 1.0]]}, "Hobj2base": {"type": "ndarray", "data": [[0.9999834237170492, -0.00559273708294591, 0.0013687888988543231, -0.7346923987505642], [-0.005595891614775617, -0.9999816707607827, 0.0023117394986624106, 0.08877579815598989], [0.0013558348587748778, -0.002319360772935869, -0.9999963911322087, -0.0003323515250297821], [0.0, 0.0, 0.0, 1.0]]}, "mean_rme": {"type": "float", "data": 0.0018053387590964336}, "max_rme": {"type": "float", "data": 0.006089875504099951}, "simu": {"type": "float", "data": 0.002}}, {"type": "dict", "image_number": {"type": "int", "data": 15}, "Hcamera2end": {"type": "ndarray", "data": [[0.9999934716960465, -0.0024545178824200244, 0.002651774359404221, -0.018622609529200952], [-0.002645956613688711, 0.002370439638575972, 0.9999936899448506, 0.029240720198273885], [-0.0024607882653309124, -0.9999941781619953, 0.002363929615801008, 0.03253482541264456], [0.0, 0.0, 0.0, 1.0]]}, "Hobj2base": {"type": "ndarray", "data": [[0.9999906771143254, -0.004316666982851641, -0.00010986624602705204, -0.7346141619144061], [-0.004316406869524699, -0.9999881149303185, 0.0022668546149018777, 0.08819470481151544], [-0.00011965019673013416, -0.0022663592538563824, -0.9999974246464653, -0.00010003478943431491], [0.0, 0.0, 0.0, 1.0]]}, "mean_rme": {"type": "float", "data": 0.0019535947441290495}, "max_rme": {"type": "float", "data": 0.0056349026462116925}, "simu": {"type": "float", "data": 0.002}}, {"type": "dict", "image_number": {"type": "int", "data": 16}, "Hcamera2end": {"type": "ndarray", "data": [[0.999992196502512, -0.002895370758119139, 0.0026877057603701834, -0.01847642193252652], [-0.002679318965013431, 0.002896617186352146, 0.9999922153990797, 0.029458746748219147], [-0.002903133473510617, -0.999991613183355, 0.0028888369608242037, 0.03230807044868568], [0.0, 0.0, 0.0, 1.0]]}, "Hobj2base": {"type": "ndarray", "data": [[0.9999891350537686, -0.004636437279115686, -0.0004829324720415282, -0.734531822515907], [-0.004635184861302967, -0.9999859730131744, 0.002562974482015984, 0.08838665752619881], [-0.0004948087683879466, -0.002560708154152606, -0.9999965989632318, -0.0003115425874958208], [0.0, 0.0, 0.0, 1.0]]}, "mean_rme": {"type": "float", "data": 0.0019073997071749277}, "max_rme": {"type": "float", "data": 0.005657584949839367}, "simu": {"type": "float", "data": 0.002}}, {"type": "dict", "image_number": {"type": "int", "data": 17}, "Hcamera2end": {"type": "ndarray", "data": [[0.9999947794064257, -0.001619630931151789, 0.002796060718404981, -0.018155805775092754], [-0.0027918433283049176, 0.0026003547888708844, 0.9999927218564155, 0.02929783415690641], [-0.0016268898931243968, -0.9999953074642995, 0.00259581945766596, 0.03179835831298436], [0.0, 0.0, 0.0, 1.0]]}, "Hobj2base": {"type": "ndarray", "data": [[0.9999936876649851, -0.00352337122404653, -0.00045878688069496746, -0.7338986593357317], [-0.003522431665560636, -0.9999917299204701, 0.0020328713257564027, 0.08798662377956178], [-0.0004659456468223362, -0.0020312424481552485, -0.9999978284720279, -0.00020334847201515434], [0.0, 0.0, 0.0, 1.0]]}, "mean_rme": {"type": "float", "data": 0.00195315805275042}, "max_rme": {"type": "float", "data": 0.0068039395917677825}, "simu": {"type": "float", "data": 0.002}}, {"type": "dict", "image_number": {"type": "int", "data": 18}, "Hcamera2end": {"type": "ndarray", "data": [[0.9999973387952056, -0.0008748699003499022, 0.0021347143050547985, -0.01762000467693386], [-0.0021324559289084967, 0.0025742390783153324, 0.9999944129468319, 0.029641170143130308], [-0.0008803602773903643, -0.9999963039410822, 0.002572366606231946, 0.03196666281656873], [0.0, 0.0, 0.0, 1.0]]}, "Hobj2base": {"type": "ndarray", "data": [[0.999996789605934, -0.002516926272010258, -0.0002930187137834808, -0.7338896362092093], [-0.0025165039465894707, -0.9999958070693626, 0.001432847368095442, 0.08805125593944733], [-0.0002966238563608787, -0.0014321053853410934, -0.9999989305436545, -0.0004691524238479757], [0.0, 0.0, 0.0, 1.0]]}, "mean_rme": {"type": "float", "data": 0.0019936090729701403}, "max_rme": {"type": "float", "data": 0.006997234750708209}, "simu": {"type": "float", "data": 0.002}}, {"type": "dict", "image_number": {"type": "int", "data": 19}, "Hcamera2end": {"type": "ndarray", "data": [[0.999996945665684, -0.001417318458889971, 0.0020248130010618796, -0.017484533045988775], [-0.002020477805255589, 0.0030535088124450382, 0.999993296854219, 0.029626732240158514], [-0.0014234917427400186, -0.999994333630105, 0.0030506358255191213, 0.03197010374762252], [0.0, 0.0, 0.0, 1.0]]}, "Hobj2base": {"type": "ndarray", "data": [[0.9999947118184337, -0.003217070733118618, -0.00047622585593437295, -0.7340489784588493], [-0.003216582692439719, -0.9999943044863264, 0.00102205219600007, 0.08806294027600459], [-0.0004795111577909701, -0.0010205149713565966, -0.9999993643089196, -0.0005166682211189397], [0.0, 0.0, 0.0, 1.0]]}, "mean_rme": {"type": "float", "data": 0.001993718678041297}, "max_rme": {"type": "float", "data": 0.006938729866098392}, "simu": {"type": "float", "data": 0.002}}, {"type": "dict", "image_number": {"type": "int", "data": 20}, "Hcamera2end": {"type": "ndarray", "data": [[0.9999940726474895, -0.0024971557550137586, 0.002370418322293486, -0.017363330097111798], [-0.0023663053061617934, 0.0016487492722609964, 0.9999958411038694, 0.029595203269535336], [-0.0025010535950861874, -0.9999955229094641, 0.0016428304666294968, 0.03293742530786671], [0.0, 0.0, 0.0, 1.0]]}, "Hobj2base": {"type": "ndarray", "data": [[0.9999917235343343, -0.004027465235190656, 0.0005765298005502411, -0.7339128475296096], [-0.004028152654156998, -0.9999911715244802, 0.0011961853086890197, 0.0886439522945668], [0.0005717071159254196, -0.0011984977585486696, -0.9999991183766597, -0.0005820860672331452], [0.0, 0.0, 0.0, 1.0]]}, "mean_rme": {"type": "float", "data": 0.002032891870212221}, "max_rme": {"type": "float", "data": 0.007243511607542746}, "simu": {"type": "float", "data": 0.002}}, {"type": "dict", "image_number": {"type": "int", "data": 21}, "Hcamera2end": {"type": "ndarray", "data": [[0.9999951444859241, -0.0024001432479500147, 0.0019875404310922442, -0.0172845583348965], [-0.0019845547034728355, 0.0012457204686239232, 0.9999972548578037, 0.02961600702524969], [-0.0024026125790127368, -0.9999963437397675, 0.0012409512044389004, 0.03318438145320238], [0.0, 0.0, 0.0, 1.0]]}, "Hobj2base": {"type": "ndarray", "data": [[0.9999926717095666, -0.0037263785909260948, 0.0008778552044953609, -0.7340154529106309], [-0.0037270595278964167, -0.9999927539207103, 0.0007753278979117978, 0.0884935841060792], [0.000874959678207218, -0.0007785940346878087, -0.99999931411821, -0.0006447840792617917], [0.0, 0.0, 0.0, 1.0]]}, "mean_rme": {"type": "float", "data": 0.001966049960258111}, "max_rme": {"type": "float", "data": 0.00729445272052745}, "simu": {"type": "float", "data": 0.002}}, {"type": "dict", "image_number": {"type": "int", "data": 22}, "Hcamera2end": {"type": "ndarray", "data": [[0.9999929660849151, -0.0025737850826801512, 0.00272826154210599, -0.017713870340070794], [-0.002723198723812455, 0.0019685290524714683, 0.9999943545251043, 0.029684646805255184], [-0.002579141214549456, -0.9999947502480789, 0.0019615062777527115, 0.03252814427063073], [0.0, 0.0, 0.0, 1.0]]}, "Hobj2base": {"type": "ndarray", "data": [[0.9999919262041194, -0.004009119839569392, 0.000272918828874291, -0.7337116439291408], [-0.004009540479289565, -0.9999907471791001, 0.00155857028393565, 0.08861615371828147], [0.00026666780855855756, -0.0015596519794492437, -0.9999987481862078, -0.0003945133678624934], [0.0, 0.0, 0.0, 1.0]]}, "mean_rme": {"type": "float", "data": 0.0019682767661190555}, "max_rme": {"type": "float", "data": 0.007242388620903956}, "simu": {"type": "float", "data": 0.002}}, {"type": "dict", "image_number": {"type": "int", "data": 23}, "Hcamera2end": {"type": "ndarray", "data": [[0.9999906242394778, -0.0028496331769824416, 0.0032605250951593355, -0.018074837333306868], [-0.0032561072264592787, 0.0015535956782687377, 0.9999934920319221, 0.029628352371650943], [-0.0028546801693574188, -0.9999947329517415, 0.0015443024009473838, 0.033072337270455415], [0.0, 0.0, 0.0, 1.0]]}, "Hobj2base": {"type": "ndarray", "data": [[0.9999914801912708, -0.004127876905881986, 1.3308688003712566e-05, -0.7340345394962621], [-0.004127895226905245, -0.9999894962218543, 0.0019919656014819984, 0.08871499172905897], [5.085959408537506e-06, -0.001992003567185766, -0.9999980159459925, -0.0003360859166896377], [0.0, 0.0, 0.0, 1.0]]}, "mean_rme": {"type": "float", "data": 0.0019822386348763944}, "max_rme": {"type": "float", "data": 0.007558436064198065}, "simu": {"type": "float", "data": 0.002}}, {"type": "dict", "image_number": {"type": "int", "data": 24}, "Hcamera2end": {"type": "ndarray", "data": [[0.9999921572715796, -0.0024020898225751586, 0.0031488664335879157, -0.017982597226822456], [-0.003143046372008163, 0.0024228552106565493, 0.9999921254850618, 0.02970359788945684], [-0.0024097001547292484, -0.9999941798516191, 0.0024152863291591053, 0.032567177517388135], [0.0, 0.0, 0.0, 1.0]]}, "Hobj2base": {"type": "ndarray", "data": [[0.9999940412314237, -0.0033723057030049823, -0.000738279006389163, -0.7342115864307543], [-0.0033710630830327973, -0.9999929101766871, 0.0016779541266110558, 0.0885286661645822], [-0.0007439323463920031, -0.0016754553429673168, -0.9999983197056175, -0.00024361208856279784], [0.0, 0.0, 0.0, 1.0]]}, "mean_rme": {"type": "float", "data": 0.0019907976811702798}, "max_rme": {"type": "float", "data": 0.007494793532632743}, "simu": {"type": "float", "data": 0.002}}, {"type": "dict", "image_number": {"type": "int", "data": 25}, "Hcamera2end": {"type": "ndarray", "data": [[0.9999901793994272, -0.003400846265833413, 0.0028417159213147245, -0.017644216079321363], [-0.0028312544128756873, 0.003077019593933028, 0.9999912579362223, 0.029774861739426], [-0.003409560550988736, -0.9999894830422443, 0.0030673607147549964, 0.032094284739318725], [0.0, 0.0, 0.0, 1.0]]}, "Hobj2base": {"type": "ndarray", "data": [[0.9999914168769086, -0.003931741684278235, -0.0013067439844270086, -0.7341888935671826], [-0.003929690749376096, -0.9999910488184638, 0.001568379278884916, 0.0888873842435471], [-0.001312898749711933, -0.0015632307175451059, -0.9999979163011272, -0.00012643754745162106], [0.0, 0.0, 0.0, 1.0]]}, "mean_rme": {"type": "float", "data": 0.0019996007054164434}, "max_rme": {"type": "float", "data": 0.007601406643067188}, "simu": {"type": "float", "data": 0.002}}, {"type": "dict", "image_number": {"type": "int", "data": 26}, "Hcamera2end": {"type": "ndarray", "data": [[0.9999894926031355, -0.003461962253244555, 0.003004912757593437, -0.01779667742674887], [-0.0029937540126751916, 0.0032239286732427264, 0.999990321813577, 0.02978793204796293], [-0.0034716163721282773, -0.9999888104880308, 0.0032135305347572585, 0.03209875132851256], [0.0, 0.0, 0.0, 1.0]]}, "Hobj2base": {"type": "ndarray", "data": [[0.9999909907930763, -0.0039287182493871085, -0.0016073287151614083, -0.7342992834057434], [-0.003925990195987398, -0.999990853509733, 0.0016969083229894056, 0.08890026573783669], [-0.0016139806884410248, -0.0016905826784137405, -0.999997268494542, -5.057120171446917e-05], [0.0, 0.0, 0.0, 1.0]]}, "mean_rme": {"type": "float", "data": 0.00196820156408008}, "max_rme": {"type": "float", "data": 0.0077185681437532405}, "simu": {"type": "float", "data": 0.002}}, {"type": "dict", "image_number": {"type": "int", "data": 27}, "Hcamera2end": {"type": "ndarray", "data": [[0.9999908290763588, -0.004281228310169055, 0.00011334607449852785, -0.016752920564307657], [-0.00011023802534059629, 0.000726200366108265, 0.9999997302402664, 0.029869148502127497], [-0.004281309467226846, -0.9999905718141467, 0.0007257217520252324, 0.03340636991421428], [0.0, 0.0, 0.0, 1.0]]}, "Hobj2base": {"type": "ndarray", "data": [[0.9999889761752913, -0.004695372297561838, -3.173137512853415e-05, -0.7345171665684914], [-0.004695388361941468, -0.9999888378851856, -0.0005267192488110334, 0.08875880005168109], [-2.9257877969821832e-05, 0.0005268624334798508, -0.9999998607799669, -0.00040147445173200616], [0.0, 0.0, 0.0, 1.0]]}, "mean_rme": {"type": "float", "data": 0.002077319749116799}, "max_rme": {"type": "float", "data": 0.008679757666362087}, "simu": {"type": "float", "data": 0.002}}, {"type": "dict", "image_number": {"type": "int", "data": 28}, "Hcamera2end": {"type": "ndarray", "data": [[0.9999908821369821, -0.004269322445498727, -9.235126846501417e-05, -0.01679633103009525], [9.487242563182034e-05, 0.0005903298878299212, 0.9999998212549073, 0.030374506990125855], [-0.004269267164664336, -0.9999907121551079, 0.0005907295462591611, 0.03344754373897207], [0.0, 0.0, 0.0, 1.0]]}, "Hobj2base": {"type": "ndarray", "data": [[0.999990222525188, -0.0044220700990812096, -1.2250051299011891e-05, -0.7345604940677795], [-0.004422076352517241, -0.9999900607641059, -0.0005688705754248588, 0.08865225644115113], [-9.73434398102893e-06, 0.0005689191839693027, -0.9999998381180888, -0.0010154552034259729], [0.0, 0.0, 0.0, 1.0]]}, "mean_rme": {"type": "float", "data": 0.0020731380598498694}, "max_rme": {"type": "float", "data": 0.008686643774158398}, "simu": {"type": "float", "data": 0.002}}, {"type": "dict", "image_number": {"type": "int", "data": 29}, "Hcamera2end": {"type": "ndarray", "data": [[0.9999924636592721, -0.0038277363285516113, -0.0006488907909147196, -0.01656716085542766], [0.0006511306804454803, 0.0005839562574971868, 0.99999961751189, 0.031154804256778326], [-0.0038273559406501903, -0.9999925036867469, 0.0005864442131640057, 0.033470408502310235], [0.0, 0.0, 0.0, 1.0]]}, "Hobj2base": {"type": "ndarray", "data": [[0.9999917470243442, -0.004060517337268759, 0.0001344698987803971, -0.7345739968134893], [-0.004060406289541636, -0.9999914235498051, -0.0008160438705591903, 0.08863340727218391], [0.00013778230579038493, 0.0008154911333462305, -0.9999996579950654, -0.0018349964176470458], [0.0, 0.0, 0.0, 1.0]]}, "mean_rme": {"type": "float", "data": 0.002071514964779138}, "max_rme": {"type": "float", "data": 0.008516483202511416}, "simu": {"type": "float", "data": 0.002}}, {"type": "dict", "image_number": {"type": "int", "data": 30}, "Hcamera2end": {"type": "ndarray", "data": [[0.9999940134297731, -0.0034463641725810817, -0.0003093195833512416, -0.016602826570291954], [0.0003116331162327352, 0.0006707799177713136, 0.999999726469514, 0.031186146001338736], [-0.003446155744530729, -0.9999938362951504, 0.0006718499033070424, 0.033279632399626335], [0.0, 0.0, 0.0, 1.0]]}, "Hobj2base": {"type": "ndarray", "data": [[0.9999929220666471, -0.0037622819470143724, 3.242159360816472e-05, -0.7346156593657608], [-0.0037622667062719127, -0.9999928177783666, -0.0004579747946031128, 0.08876701625277943], [3.414439105101663e-05, 0.00045784957440584307, -0.9999998946039579, -0.0017458373966026063], [0.0, 0.0, 0.0, 1.0]]}, "mean_rme": {"type": "float", "data": 0.002084402250046758}, "max_rme": {"type": "float", "data": 0.008534113731895276}, "simu": {"type": "float", "data": 0.002}}]}