{"type": "list", "data": [{"type": "dict", "image_number": {"type": "int", "data": 5}, "Hcamera2end": {"type": "ndarray", "data": [[0.9998181163648212, -0.0037708999803906414, 0.018695306952246103, -0.01640175179728921], [-0.018646287086410432, 0.012640759123538903, 0.9997462313940831, 0.02779902244726446], [-0.004006265916283531, -0.999912991975861, 0.01256814669270967, 0.03291786021947504], [0.0, 0.0, 0.0, 1.0]]}, "Hobj2base": {"type": "ndarray", "data": [[0.9999396515246689, -0.007974037297279624, -0.007556986033161334, -0.7416115719087033], [-0.007823281606647386, -0.9997738855382956, 0.019773064015534345, 0.10093292071953255], [-0.007712948439273706, -0.019712750311433457, -0.9997759338479459, 0.0015552415600648128], [0.0, 0.0, 0.0, 1.0]]}, "mean_rme": {"type": "float", "data": 0.0010339855832542434}, "max_rme": {"type": "float", "data": 0.003483383318932387}, "simu": {"type": "float", "data": 0.002}}, {"type": "dict", "image_number": {"type": "int", "data": 6}, "Hcamera2end": {"type": "ndarray", "data": [[0.9999647592620827, -0.0033901234877375653, 0.007680318786542144, -0.018008691594133], [-0.007672540314211383, 0.0023015241157884336, 0.9999679170412776, 0.026929108878776288], [-0.003407691161449815, -0.9999916049895032, 0.0022754321492504115, 0.03154006293316256], [0.0, 0.0, 0.0, 1.0]]}, "Hobj2base": {"type": "ndarray", "data": [[0.9999964975050945, -0.0025265352916459044, -0.0007884142081682377, -0.7349484411040358], [-0.002520686191644682, -0.999969931357594, 0.007333656783013396, 0.09246045855928646], [-0.0008069192443024467, -0.007331643752110048, -0.9999727975706261, 0.0022497950724898277], [0.0, 0.0, 0.0, 1.0]]}, "mean_rme": {"type": "float", "data": 0.0011499820930720942}, "max_rme": {"type": "float", "data": 0.004960467707098737}, "simu": {"type": "float", "data": 0.002}}, {"type": "dict", "image_number": {"type": "int", "data": 7}, "Hcamera2end": {"type": "ndarray", "data": [[0.9999681271007519, -0.0035356181907535223, 0.007158504496306069, -0.01818954433352252], [-0.007156489544243074, 0.0005822240133310785, 0.9999742225040611, 0.026821994568295537], [-0.0035396949045872553, -0.9999935801889968, 0.0005569028415491895, 0.031851856558633734], [0.0, 0.0, 0.0, 1.0]]}, "Hobj2base": {"type": "ndarray", "data": [[0.9999967096170458, -0.0011769565222838803, 0.0022793701819512806, -0.7343130489494669], [-0.0011925377663058233, -0.9999758512514292, 0.006846515000815213, 0.09188455738328705], [0.002271257087528732, -0.006849210708184327, -0.9999739645130357, 0.001712938268610623], [0.0, 0.0, 0.0, 1.0]]}, "mean_rme": {"type": "float", "data": 0.0010968805926684867}, "max_rme": {"type": "float", "data": 0.005077038009632773}, "simu": {"type": "float", "data": 0.002}}, {"type": "dict", "image_number": {"type": "int", "data": 8}, "Hcamera2end": {"type": "ndarray", "data": [[0.9999722810600706, -0.001799146569023156, 0.007224969421540527, -0.017703169704486415], [-0.007224277228655559, 0.00039093612310836523, 0.9999738281512528, 0.02971473097865555], [-0.0018019239835665108, -0.9999983051188491, 0.00037792775318379324, 0.03148704877347642], [0.0, 0.0, 0.0, 1.0]]}, "Hobj2base": {"type": "ndarray", "data": [[0.9999999620575778, 0.00014615818069360715, 0.00023350081214788438, -0.7347361753863799], [0.00014462937394747367, -0.9999786428357651, 0.006533984594822837, 0.09049818942724026], [0.00023445082053374973, -0.006533950575831358, -0.9999786260329193, -0.0007582308448911487], [0.0, 0.0, 0.0, 1.0]]}, "mean_rme": {"type": "float", "data": 0.0013880835191829837}, "max_rme": {"type": "float", "data": 0.004900232347860911}, "simu": {"type": "float", "data": 0.002}}, {"type": "dict", "image_number": {"type": "int", "data": 9}, "Hcamera2end": {"type": "ndarray", "data": [[0.9999722786701443, -0.0012491362716185988, 0.007340405289510652, -0.017864098319146884], [-0.007342968120765625, -0.0020596158802863584, 0.9999709189779488, 0.030126129281723653], [-0.001233981530157126, -0.999997098816292, -0.00206873115281625, 0.031490578009525524], [0.0, 0.0, 0.0, 1.0]]}, "Hobj2base": {"type": "ndarray", "data": [[0.999996557653091, 0.0015702660109013099, 0.0021021290691139553, -0.7336989892491741], [0.0015544278093384248, -0.9999705544916937, 0.007514912092643989, 0.09054644665361761], [0.00211386758188898, -0.007511618615825726, -0.9999695531113018, -0.001652473764645421], [0.0, 0.0, 0.0, 1.0]]}, "mean_rme": {"type": "float", "data": 0.0014983416798111501}, "max_rme": {"type": "float", "data": 0.005243213700006577}, "simu": {"type": "float", "data": 0.002}}, {"type": "dict", "image_number": {"type": "int", "data": 10}, "Hcamera2end": {"type": "ndarray", "data": [[0.9999691147604198, -0.001503745294777586, 0.00771416070294227, -0.018249499416317334], [-0.0077154551214492625, -0.0008569042670487637, 0.9999698682797127, 0.030383776814685157], [-0.0014970896871219293, -0.999998502231461, -0.0008684798806910532, 0.03127016317082002], [0.0, 0.0, 0.0, 1.0]]}, "Hobj2base": {"type": "ndarray", "data": [[0.99999902313749, 0.0012480439197564929, 0.0006293730532619199, -0.7342181606267487], [0.001242964495815899, -0.9999671674993607, 0.0080074317085837, 0.09060452021544799], [0.0006393460158275096, -0.008006641598064032, -0.9999677419432049, -0.0014836989484586117], [0.0, 0.0, 0.0, 1.0]]}, "mean_rme": {"type": "float", "data": 0.0014570735080815089}, "max_rme": {"type": "float", "data": 0.005331475136063024}, "simu": {"type": "float", "data": 0.002}}, {"type": "dict", "image_number": {"type": "int", "data": 11}, "Hcamera2end": {"type": "ndarray", "data": [[0.9999547906540218, -0.0019650369008702, 0.00930350891059649, -0.01863535200882973], [-0.009304517322392139, -0.0005046598998652563, 0.9999565846954469, 0.030749055434021868], [-0.0019602564803194726, -0.999997941972064, -0.0005229208044046363, 0.03107963488584275], [0.0, 0.0, 0.0, 1.0]]}, "Hobj2base": {"type": "ndarray", "data": [[0.9999999405320507, 0.00034468318854705555, -1.137517719092642e-05, -0.7341540412723654], [0.0003447698315389845, -0.9999613380503531, 0.008786554404940663, 0.09081525783041426], [-8.346159815761517e-06, -0.008786557804240213, -0.9999613974210677, -0.0018463479016546053], [0.0, 0.0, 0.0, 1.0]]}, "mean_rme": {"type": "float", "data": 0.0015004005655991231}, "max_rme": {"type": "float", "data": 0.005500472889359398}, "simu": {"type": "float", "data": 0.002}}, {"type": "dict", "image_number": {"type": "int", "data": 12}, "Hcamera2end": {"type": "ndarray", "data": [[0.9999551044970911, -0.005538942078124792, 0.007688244979630402, -0.01928821378906238], [-0.00765242662064333, 0.0064590715489900585, 0.9999498591237166, 0.030458867780563493], [-0.005588323275124909, -0.9999637996024557, 0.006416395217915705, 0.029823522481790404], [0.0, 0.0, 0.0, 1.0]]}, "Hobj2base": {"type": "ndarray", "data": [[0.9999851453829649, -0.004020797388536018, -0.003679973066584044, -0.7355484154073383], [-0.003996477954104626, -0.9999702847263467, 0.006592255173406386, 0.09003435858936189], [-0.0037063698375631297, -0.0065774503167480855, -0.9999714995788418, -0.0002936745436418799], [0.0, 0.0, 0.0, 1.0]]}, "mean_rme": {"type": "float", "data": 0.0018767108558184458}, "max_rme": {"type": "float", "data": 0.006237271380681975}, "simu": {"type": "float", "data": 0.002}}, {"type": "dict", "image_number": {"type": "int", "data": 13}, "Hcamera2end": {"type": "ndarray", "data": [[0.9999591049348511, -0.005484906088892763, 0.007190567647100112, -0.018876142356730154], [-0.007154825349397304, 0.006508505289593902, 0.9999532228225053, 0.030044724421880477], [-0.005531449368033435, -0.99996377692599, 0.00646899557872227, 0.029797824236060606], [0.0, 0.0, 0.0, 1.0]]}, "Hobj2base": {"type": "ndarray", "data": [[0.9999819298521263, -0.004328180337223577, -0.004172148629380135, -0.7355744987561236], [-0.004300511432703745, -0.9999688525226396, 0.006618125563372141, 0.09035510253262555], [-0.004200663118407822, -0.006600063599984976, -0.9999693963266283, -0.00021572510114638608], [0.0, 0.0, 0.0, 1.0]]}, "mean_rme": {"type": "float", "data": 0.0018526768662880623}, "max_rme": {"type": "float", "data": 0.006682380903931695}, "simu": {"type": "float", "data": 0.002}}, {"type": "dict", "image_number": {"type": "int", "data": 14}, "Hcamera2end": {"type": "ndarray", "data": [[0.9999668974042735, -0.00542071686808739, 0.0060679423454109765, -0.018435725127099758], [-0.00603232582447531, 0.0065628080406054945, 0.9999602695086287, 0.030187096912980955], [-0.00546032424115703, -0.9999637720333963, 0.006529891264273502, 0.0300414126588276], [0.0, 0.0, 0.0, 1.0]]}, "Hobj2base": {"type": "ndarray", "data": [[0.99998137787296, -0.004187907399090857, -0.0044390695999281925, -0.7359198346699757], [-0.004164793226082611, -0.999977788780515, 0.005203502956283047, 0.0902402293305283], [-0.004460762791310807, -0.005184918248990052, -0.9999766088354622, -0.00032896814029323825], [0.0, 0.0, 0.0, 1.0]]}, "mean_rme": {"type": "float", "data": 0.0017874429443007613}, "max_rme": {"type": "float", "data": 0.006521948954456791}, "simu": {"type": "float", "data": 0.002}}, {"type": "dict", "image_number": {"type": "int", "data": 15}, "Hcamera2end": {"type": "ndarray", "data": [[0.9999631897363518, -0.005611322979325111, 0.006490934194905947, -0.018611461313301405], [-0.006469745961696419, 0.003785919717142705, 0.9999719042048564, 0.03006861681236443], [-0.005635739480495369, -0.9999770896707169, 0.0037494765222545468, 0.03108130119852531], [0.0, 0.0, 0.0, 1.0]]}, "Hobj2base": {"type": "ndarray", "data": [[0.9999881190369955, -0.004018872825690404, -0.002758703692436675, -0.7356041576390067], [-0.004004065629473831, -0.9999776607370148, 0.005352147733628392, 0.09021888111930011], [-0.0027801516661151516, -0.005341038114322386, -0.9999818718699727, -0.0001668212163771369], [0.0, 0.0, 0.0, 1.0]]}, "mean_rme": {"type": "float", "data": 0.0018322561257096102}, "max_rme": {"type": "float", "data": 0.006801179318794426}, "simu": {"type": "float", "data": 0.002}}, {"type": "dict", "image_number": {"type": "int", "data": 16}, "Hcamera2end": {"type": "ndarray", "data": [[0.9999597727543756, -0.005783178494867644, 0.00685621758070536, -0.018924495237629773], [-0.006836297925839385, 0.0034571770181809347, 0.9999706560483334, 0.030503823597713996], [-0.005806711951409074, -0.9999773011291614, 0.003417502414322704, 0.03080242835474993], [0.0, 0.0, 0.0, 1.0]]}, "Hobj2base": {"type": "ndarray", "data": [[0.9999877767539999, -0.004422866995195046, -0.0022101108875755694, -0.7351202445301055], [-0.00440829219789017, -0.9999687890077964, 0.006556521194935181, 0.09038061096714714], [-0.002239040529018263, -0.006546698238381538, -0.9999760634333632, -0.0005299169057766048], [0.0, 0.0, 0.0, 1.0]]}, "mean_rme": {"type": "float", "data": 0.0018536942968959838}, "max_rme": {"type": "float", "data": 0.006825647548871272}, "simu": {"type": "float", "data": 0.002}}, {"type": "dict", "image_number": {"type": "int", "data": 17}, "Hcamera2end": {"type": "ndarray", "data": [[0.9999633352469007, -0.005109740702253186, 0.006871587287533885, -0.018871976364809917], [-0.0068508619665919625, 0.004062542903908506, 0.9999682802146619, 0.030474435390881602], [-0.005137494740548536, -0.999978692920559, 0.004027387823539841, 0.03035766559969777], [0.0, 0.0, 0.0, 1.0]]}, "Hobj2base": {"type": "ndarray", "data": [[0.9999874673607863, -0.004088274421835411, -0.002889832800063137, -0.7352696676358156], [-0.0040687128587291255, -0.9999689891426804, 0.0067428724324125515, 0.09032735724002712], [-0.0029173098967656273, -0.006731030026551898, -0.9999730909068245, -0.00031038747759566584], [0.0, 0.0, 0.0, 1.0]]}, "mean_rme": {"type": "float", "data": 0.0018316134089551947}, "max_rme": {"type": "float", "data": 0.006891370529529595}, "simu": {"type": "float", "data": 0.002}}, {"type": "dict", "image_number": {"type": "int", "data": 18}, "Hcamera2end": {"type": "ndarray", "data": [[0.9999820489534997, -0.0039127780763978754, 0.004537834118322404, -0.018162328414542975], [-0.00452077322888472, 0.004358175946761134, 0.9999802842615598, 0.0307516211408306], [-0.003932477612593612, -0.999982848087977, 0.004340408930563755, 0.029597452938171315], [0.0, 0.0, 0.0, 1.0]]}, "Hobj2base": {"type": "ndarray", "data": [[0.999989821129528, -0.0031297124451928776, -0.0032500057453807504, -0.7346707004128312], [-0.003112742693012476, -0.9999815652187105, 0.005213449497664199, 0.08979475152730833], [-0.0032662624300108696, -0.005203279999000867, -0.9999811285254288, -0.0007692595273163146], [0.0, 0.0, 0.0, 1.0]]}, "mean_rme": {"type": "float", "data": 0.0019792396072216864}, "max_rme": {"type": "float", "data": 0.007454621632407399}, "simu": {"type": "float", "data": 0.002}}, {"type": "dict", "image_number": {"type": "int", "data": 19}, "Hcamera2end": {"type": "ndarray", "data": [[0.9999830716097359, -0.0031588672339605854, 0.0048865173442839555, -0.017802756858756597], [-0.004875545706888755, 0.0034717018703311897, 0.9999820880096721, 0.030721555633133883], [-0.0031757751837647994, -0.9999889843612888, 0.0034562418984258603, 0.03018678899517426], [0.0, 0.0, 0.0, 1.0]]}, "Hobj2base": {"type": "ndarray", "data": [[0.9999934211702476, -0.002240301232457343, -0.0028528348377983162, -0.7346619266540962], [-0.002225159943589929, -0.9999834812457629, 0.005299613083120707, 0.09013816820293902], [-0.0028646604422424135, -0.005293230204061733, -0.9999818875532485, -0.0010618417522991635], [0.0, 0.0, 0.0, 1.0]]}, "mean_rme": {"type": "float", "data": 0.0019938719841370153}, "max_rme": {"type": "float", "data": 0.007576241266882611}, "simu": {"type": "float", "data": 0.002}}, {"type": "dict", "image_number": {"type": "int", "data": 20}, "Hcamera2end": {"type": "ndarray", "data": [[0.999987125214963, -0.0029541856772800027, 0.00412579583813937, -0.017447794617005383], [-0.004115561056560928, 0.003462239688466817, 0.9999855374221817, 0.030872468754996222], [-0.002968427446237073, -0.999989642788026, 0.003450036981347826, 0.030361334025518775], [0.0, 0.0, 0.0, 1.0]]}, "Hobj2base": {"type": "ndarray", "data": [[0.9999937360009703, -0.0019926532627919684, -0.002925284908503388, -0.7348641967124966], [-0.0019788814457470747, -0.9999869817685694, 0.004703224597037057, 0.09011109339958494], [-0.0029346187223063787, -0.004697406344013783, -0.9999846610756555, -0.0011997581633734823], [0.0, 0.0, 0.0, 1.0]]}, "mean_rme": {"type": "float", "data": 0.0019583363552080706}, "max_rme": {"type": "float", "data": 0.007523294680026327}, "simu": {"type": "float", "data": 0.002}}, {"type": "dict", "image_number": {"type": "int", "data": 21}, "Hcamera2end": {"type": "ndarray", "data": [[0.999989718432514, -0.002099002387257765, 0.004019604239166638, -0.017393448291788467], [-0.004015337685577353, 0.0020329311361049207, 0.999989872075846, 0.030842875231234794], [-0.002107152707333409, -0.9999957306808736, 0.0020244820309985867, 0.03091759321567402], [0.0, 0.0, 0.0, 1.0]]}, "Hobj2base": {"type": "ndarray", "data": [[0.999997240713197, -0.0009862736472408813, -0.002132095280535777, -0.7350682030269985], [-0.0009760506423389775, -0.9999880489019981, 0.004790550941034354, 0.08989899155715249], [-0.002136794593805037, -0.004788456689562268, -0.9999862523011984, -0.0013377112341005782], [0.0, 0.0, 0.0, 1.0]]}, "mean_rme": {"type": "float", "data": 0.001926784214327582}, "max_rme": {"type": "float", "data": 0.007973280774730945}, "simu": {"type": "float", "data": 0.002}}, {"type": "dict", "image_number": {"type": "int", "data": 22}, "Hcamera2end": {"type": "ndarray", "data": [[0.9999927957094363, -0.0004905587296114753, 0.003764024622432836, -0.01757501747311679], [-0.003762637221876857, 0.0027990891302949183, 0.99998900377013, 0.030724385419376707], [-0.0005010891757217342, -0.9999959622179349, 0.0027972231703079498, 0.030183770817561927], [0.0, 0.0, 0.0, 1.0]]}, "Hobj2base": {"type": "ndarray", "data": [[0.9999932203432681, -0.00015267678614888308, -0.003679124528871405, -0.7352161463271599], [-0.00013624425825983807, -0.9999900169289042, 0.004466260183962181, 0.08936080321728025], [-0.0036797696941606576, -0.004465728644658777, -0.9999832581411896, -0.0008161720042083976], [0.0, 0.0, 0.0, 1.0]]}, "mean_rme": {"type": "float", "data": 0.0020105491710135184}, "max_rme": {"type": "float", "data": 0.008050333399862247}, "simu": {"type": "float", "data": 0.002}}, {"type": "dict", "image_number": {"type": "int", "data": 23}, "Hcamera2end": {"type": "ndarray", "data": [[0.9999945738175933, -9.950944036162847e-05, 0.0032927850281159266, -0.016987050636006626], [-0.0032924734435309157, 0.002984058469797213, 0.9999901274581028, 0.03058687100465822], [-0.0001093343210028803, -0.9999955427365265, 0.002983714645561908, 0.03034989157485568], [0.0, 0.0, 0.0, 1.0]]}, "Hobj2base": {"type": "ndarray", "data": [[0.9999929684146661, 8.722513752980096e-05, -0.0037490682842481198, -0.7356455139797294], [0.00010193176565375121, -0.9999923008696694, 0.003922730082440521, 0.08951766671340997], [-0.0037486972590118476, -0.003923084648578974, -0.9999852782294849, -0.0008524321639938905], [0.0, 0.0, 0.0, 1.0]]}, "mean_rme": {"type": "float", "data": 0.0020042817774112943}, "max_rme": {"type": "float", "data": 0.007835286540492453}, "simu": {"type": "float", "data": 0.002}}, {"type": "dict", "image_number": {"type": "int", "data": 24}, "Hcamera2end": {"type": "ndarray", "data": [[0.9999950199816501, 0.00041231616738918197, 0.003128898732366046, -0.017435880510767717], [-0.003129803938750191, 0.0022133720575053806, 0.9999926526287279, 0.030562795726153273], [0.0004053877209242362, -0.9999974654865444, 0.0022146515036366443, 0.03083594793431333], [0.0, 0.0, 0.0, 1.0]]}, "Hobj2base": {"type": "ndarray", "data": [[0.9999954534166989, 0.0006911719954563165, -0.0029352047975277126, -0.735541349089258], [0.0007025083349660119, -0.9999922921205173, 0.003862923969402034, 0.08897495935498508], [-0.0029325122284546484, -0.0038649684121315167, -0.9999882311263484, -0.0006307558128517479], [0.0, 0.0, 0.0, 1.0]]}, "mean_rme": {"type": "float", "data": 0.0020660259601613744}, "max_rme": {"type": "float", "data": 0.0077451955140028506}, "simu": {"type": "float", "data": 0.002}}, {"type": "dict", "image_number": {"type": "int", "data": 25}, "Hcamera2end": {"type": "ndarray", "data": [[0.9999940171707103, 0.0012324111607268718, 0.0032321487459420406, -0.01749480981863555], [-0.003232703323954763, 0.00044826814412302074, 0.9999946743282637, 0.03043175331528257], [0.0012309557279897127, -0.9999991401088313, 0.00045224948186706193, 0.03190739416012727], [0.0, 0.0, 0.0, 1.0]]}, "Hobj2base": {"type": "ndarray", "data": [[0.9999967334207617, 0.001974418210495591, -0.0016232130285999168, -0.7354532070954061], [0.001980827787987695, -0.9999902106966685, 0.003956618772018259, 0.08875350894597248], [-0.0016153851183197464, -0.003959821152882398, -0.9999908551318641, -0.0007612478784081067], [0.0, 0.0, 0.0, 1.0]]}, "mean_rme": {"type": "float", "data": 0.0021139896797070013}, "max_rme": {"type": "float", "data": 0.007962759833008343}, "simu": {"type": "float", "data": 0.002}}, {"type": "dict", "image_number": {"type": "int", "data": 26}, "Hcamera2end": {"type": "ndarray", "data": [[0.9999936418251331, 0.001404024808679807, 0.0032779602871308927, -0.017679431724310454], [-0.0032780854092580645, 8.682475830512626e-05, 0.999994623294301, 0.03050626759056239], [0.0014037326515419528, -0.9999990105874096, 9.142671949768921e-05, 0.03209802041753011], [0.0, 0.0, 0.0, 1.0]]}, "Hobj2base": {"type": "ndarray", "data": [[0.9999958047747991, 0.0024733610122221047, -0.001507620013525265, -0.7354922125276002], [0.002479470542185647, -0.9999886674893821, 0.004064125814995175, 0.08856095444753866], [-0.0014975508780658798, -0.004067846864484481, -0.9999906049374936, -0.0006360572866450536], [0.0, 0.0, 0.0, 1.0]]}, "mean_rme": {"type": "float", "data": 0.0021141107719715073}, "max_rme": {"type": "float", "data": 0.007997455422528416}, "simu": {"type": "float", "data": 0.002}}, {"type": "dict", "image_number": {"type": "int", "data": 27}, "Hcamera2end": {"type": "ndarray", "data": [[0.9999900291017021, 0.001465354622587526, 0.004218344818426199, -0.01818600909272941], [-0.004217517681839136, -0.0005670939515896034, 0.999990945433534, 0.029690731841700173], [0.0014677335522689493, -0.999998765569378, -0.0005609081381225955, 0.032494359385691104], [0.0, 0.0, 0.0, 1.0]]}, "Hobj2base": {"type": "ndarray", "data": [[0.999995706158564, 0.0027861830696144663, -0.0009082116149207389, -0.7354241054427898], [0.0027906864533125296, -0.9999836281440058, 0.00499554932615583, 0.08901051816280267], [-0.0008942782308550078, -0.0049980624099096385, -0.999987109736217, -2.639629163527615e-06], [0.0, 0.0, 0.0, 1.0]]}, "mean_rme": {"type": "float", "data": 0.0021535984034827317}, "max_rme": {"type": "float", "data": 0.00823279881114894}, "simu": {"type": "float", "data": 0.002}}, {"type": "dict", "image_number": {"type": "int", "data": 28}, "Hcamera2end": {"type": "ndarray", "data": [[0.9999904755657691, 0.001433164679436912, 0.004122477016127131, -0.017949171707571814], [-0.004122196909955131, -0.0001983449068010401, 0.9999914840397058, 0.029866507741382844], [0.0014339701469829602, -0.9999989533486019, -0.00019243523066481139, 0.0325968653598203], [0.0, 0.0, 0.0, 1.0]]}, "Hobj2base": {"type": "ndarray", "data": [[0.9999966029188055, 0.002322798130732161, -0.0011826917149856868, -0.7356068904072951], [0.0023287743409090554, -0.9999844002832405, 0.005077007015624319, 0.08930145991795567], [-0.001170880402924313, -0.005079743990738326, -0.9999864125277256, -0.00013065352667860987], [0.0, 0.0, 0.0, 1.0]]}, "mean_rme": {"type": "float", "data": 0.002140025488047637}, "max_rme": {"type": "float", "data": 0.0082190355735631}, "simu": {"type": "float", "data": 0.002}}, {"type": "dict", "image_number": {"type": "int", "data": 29}, "Hcamera2end": {"type": "ndarray", "data": [[0.9999916315060299, 0.0009338570384851623, 0.003983067780018992, -0.01796396870269996], [-0.003983109765145947, 4.310331371915055e-05, 0.9999920664578811, 0.030120587752196632], [0.0009336779462709274, -0.9999995630264725, 4.6822608098628926e-05, 0.0326980685166244], [0.0, 0.0, 0.0, 1.0]]}, "Hobj2base": {"type": "ndarray", "data": [[0.999997952715564, 0.0014971635140268067, -0.0013612737023801923, -0.7357503305037814], [0.0015042960034150215, -0.9999850675902757, 0.005253731055650488, 0.08943253519338977], [-0.0013533876808344927, -0.005255768058358712, -0.9999852725135014, -0.0003328912737521588], [0.0, 0.0, 0.0, 1.0]]}, "mean_rme": {"type": "float", "data": 0.0021401414063517343}, "max_rme": {"type": "float", "data": 0.008143654557904195}, "simu": {"type": "float", "data": 0.002}}, {"type": "dict", "image_number": {"type": "int", "data": 30}, "Hcamera2end": {"type": "ndarray", "data": [[0.9999906611747243, 0.0008167347692418535, 0.004243878845397477, -0.01806082255572311], [-0.004244270146360156, 0.00047796870709504446, 0.9999908788168221, 0.029922702681963745], [0.0008146988783696123, -0.9999995522450158, 0.0004814306864273643, 0.03274915385166563], [0.0, 0.0, 0.0, 1.0]]}, "Hobj2base": {"type": "ndarray", "data": [[0.9999983783579542, 0.0010895258976403597, -0.0014339507593037865, -0.7359310001212616], [0.0010969928500584045, -0.9999857906261522, 0.005216814399362253, 0.08947144412983796], [-0.001428246529370079, -0.00521837897328697, -0.9999853642092689, -3.202050966584584e-05], [0.0, 0.0, 0.0, 1.0]]}, "mean_rme": {"type": "float", "data": 0.0021539011505857476}, "max_rme": {"type": "float", "data": 0.0077532598591623925}, "simu": {"type": "float", "data": 0.002}}]}