{"type": "list", "data": [{"type": "dict", "image_number": {"type": "int", "data": 5}, "Hcamera2end": {"type": "ndarray", "data": [[0.9999816044094522, -0.0060232234759406665, 0.000715277328625934, -0.017966895869522558], [-0.000620950754156465, 0.015647814667821613, 0.9998773726394062, 0.03145661334479455], [-0.00603367739101798, -0.9998594234566577, 0.015643786691870165, 0.03562133424968403], [0.0, 0.0, 0.0, 1.0]]}, "Hobj2base": {"type": "ndarray", "data": [[0.9998657528245579, 0.003918931137333247, -0.015909692244693813, -0.7474685540581195], [0.003976440121746001, -0.9999856688565967, 0.0035846904167007704, 0.08667639375753429], [-0.01589541608572104, -0.0036474731207039256, -0.999867007000079, 0.0014215059080871617], [0.0, 0.0, 0.0, 1.0]]}, "mean_rme": {"type": "float", "data": 0.0008282926835157936}, "max_rme": {"type": "float", "data": 0.0022081898698693703}, "simu": {"type": "float", "data": 0.002}}, {"type": "dict", "image_number": {"type": "int", "data": 6}, "Hcamera2end": {"type": "ndarray", "data": [[0.999979446090433, -0.0062858714469258455, 0.001263018932348098, -0.01813054782995445], [-0.0012232855278108976, 0.006320901039235327, 0.9999792746765152, 0.030843623232069465], [-0.006293724587888778, -0.999960266225716, 0.006313081704436341, 0.03514447259091322], [0.0, 0.0, 0.0, 1.0]]}, "Hobj2base": {"type": "ndarray", "data": [[0.999974642860033, -0.0012679165835890376, -0.007007569085381611, -0.7419764561932723], [-0.001239976605430844, -0.9999912710542551, 0.00399002171834368, 0.08736980954576938], [-0.00701256693139683, -0.003981231321077684, -0.9999674863225305, 0.00029929672036310695], [0.0, 0.0, 0.0, 1.0]]}, "mean_rme": {"type": "float", "data": 0.0007836105548328308}, "max_rme": {"type": "float", "data": 0.002347997240871036}, "simu": {"type": "float", "data": 0.002}}, {"type": "dict", "image_number": {"type": "int", "data": 7}, "Hcamera2end": {"type": "ndarray", "data": [[0.9999750392260817, -0.00682658965031702, -0.0018217021004126779, -0.01749858690538443], [0.0018123829783505906, -0.0013710588881887809, 0.9999974177293985, 0.0302415145001648], [-0.00682906968307166, -0.999975758641814, -0.0013586522706154902, 0.03355173252456201], [0.0, 0.0, 0.0, 1.0]]}, "Hobj2base": {"type": "ndarray", "data": [[0.9999912540070508, -0.0041784633131429815, -0.00017987147264056193, -0.7360430280415738], [-0.004178515142611691, -0.9999912282810595, -0.00028874234340147905, 0.08687277199019709], [-0.00017866339556970448, 0.000289491413735132, -0.9999999421370547, -0.0012752764409571199], [0.0, 0.0, 0.0, 1.0]]}, "mean_rme": {"type": "float", "data": 0.0009313358661447507}, "max_rme": {"type": "float", "data": 0.0026005869469273857}, "simu": {"type": "float", "data": 0.002}}, {"type": "dict", "image_number": {"type": "int", "data": 8}, "Hcamera2end": {"type": "ndarray", "data": [[0.9999824783888879, -0.005815094752278415, -0.0011079658115299507, -0.016708233192338467], [0.001125424440832772, 0.0029998818468761623, 0.9999948670511927, 0.029809262508000835], [-0.005811741137169774, -0.9999785924618219, 0.0030063737338730245, 0.03336190013012777], [0.0, 0.0, 0.0, 1.0]]}, "Hobj2base": {"type": "ndarray", "data": [[0.9999884455858287, -0.002261313814265292, -0.0042420696212518575, -0.7378580993629625], [-0.0022579246558095648, -0.9999971280305038, 0.0008035589541000351, 0.0880286467052604], [-0.004243874537120788, -0.0007939713958575831, -0.9999906795257321, 0.00034986923752598764], [0.0, 0.0, 0.0, 1.0]]}, "mean_rme": {"type": "float", "data": 0.001110616485622073}, "max_rme": {"type": "float", "data": 0.002524911788722911}, "simu": {"type": "float", "data": 0.002}}, {"type": "dict", "image_number": {"type": "int", "data": 9}, "Hcamera2end": {"type": "ndarray", "data": [[0.9999884600069938, -0.00437850870991946, -0.001976996286834889, -0.016810745679756885], [0.0019873307181689833, 0.002357171051312057, 0.9999952471193306, 0.030958261385769594], [-0.0043738277809741745, -0.9999876361266232, 0.00236584539443363, 0.03353912458126064], [0.0, 0.0, 0.0, 1.0]]}, "Hobj2base": {"type": "ndarray", "data": [[0.9999902307973194, -0.001966629829780211, -0.003958620597687477, -0.73799060470609], [-0.001961755856840877, -0.9999973134659557, 0.001234736745111144, 0.08862442102515856], [-0.003961038232833334, -0.0012269588355750993, -0.999991402337107, -0.0007730533840342292], [0.0, 0.0, 0.0, 1.0]]}, "mean_rme": {"type": "float", "data": 0.0014206295501385802}, "max_rme": {"type": "float", "data": 0.007498988570792758}, "simu": {"type": "float", "data": 0.002}}, {"type": "dict", "image_number": {"type": "int", "data": 10}, "Hcamera2end": {"type": "ndarray", "data": [[0.9999854581133402, -0.004164645727724122, -0.0034262644112283257, -0.015490448368027338], [0.0034310754740744676, 0.0011486202130300827, 0.9999934541749249, 0.031125354762623337], [-0.004160682990123765, -0.9999906681552428, 0.0011628927237397058, 0.03343454225322895], [0.0, 0.0, 0.0, 1.0]]}, "Hobj2base": {"type": "ndarray", "data": [[0.9999933469076102, -0.0018017741394335373, -0.003171710968298046, -0.7370416341900456], [-0.0018035490635663679, -0.9999982185685565, -0.0005568397338346873, 0.08881468638383591], [-0.003170702018680164, 0.0005625563654752689, -0.9999948150760807, -0.0014019331866742478], [0.0, 0.0, 0.0, 1.0]]}, "mean_rme": {"type": "float", "data": 0.0015523698134534403}, "max_rme": {"type": "float", "data": 0.007712295187216195}, "simu": {"type": "float", "data": 0.002}}, {"type": "dict", "image_number": {"type": "int", "data": 11}, "Hcamera2end": {"type": "ndarray", "data": [[0.9999835246427871, -0.005003622123706706, -0.0028132203311532827, -0.016089208280113114], [0.0028236100760517784, 0.002070594049490171, 0.9999938699144213, 0.03152761820354503], [-0.004997766413797293, -0.9999853380954769, 0.002084688213558894, 0.033533208559706665], [0.0, 0.0, 0.0, 1.0]]}, "Hobj2base": {"type": "ndarray", "data": [[0.9999907274568469, -0.0021634973389184774, -0.003723476814828398, -0.7373867546076837], [-0.002166311235843726, -0.9999973709048025, -0.0007518504587288598, 0.08851302136571522], [-0.003721840398986662, 0.0007599096968234029, -0.9999927851946218, -0.0017613805825682808], [0.0, 0.0, 0.0, 1.0]]}, "mean_rme": {"type": "float", "data": 0.0016149374972809199}, "max_rme": {"type": "float", "data": 0.00797873527946194}, "simu": {"type": "float", "data": 0.002}}, {"type": "dict", "image_number": {"type": "int", "data": 12}, "Hcamera2end": {"type": "ndarray", "data": [[0.9999793057258584, -0.00486989164310493, -0.004203840555340141, -0.014989923681825772], [0.004214421217410674, 0.002164448165374644, 0.9999887768459913, 0.03161565679377653], [-0.00486073799258348, -0.9999857995589357, 0.0021849271483580512, 0.033581550690730884], [0.0, 0.0, 0.0, 1.0]]}, "Hobj2base": {"type": "ndarray", "data": [[0.9999904330493292, -0.0024320791012966015, -0.0036357669149719436, -0.7374041050240172], [-0.002439994031684661, -0.9999946598126122, -0.0021741148507389016, 0.08878345186060277], [-0.003630459880003017, 0.0021829653006625004, -0.9999910271715224, -0.00158026967138306], [0.0, 0.0, 0.0, 1.0]]}, "mean_rme": {"type": "float", "data": 0.0015617002168297996}, "max_rme": {"type": "float", "data": 0.007933921873207794}, "simu": {"type": "float", "data": 0.002}}, {"type": "dict", "image_number": {"type": "int", "data": 13}, "Hcamera2end": {"type": "ndarray", "data": [[0.9999825983583382, -0.005220178198496081, -0.0027482212578941994, -0.0158321582165564], [0.0027601217317274394, 0.002273871880822509, 0.9999936055969036, 0.03167366306084681], [-0.005213895715531842, -0.9999837894917325, 0.00228824063900801, 0.03340370341717477], [0.0, 0.0, 0.0, 1.0]]}, "Hobj2base": {"type": "ndarray", "data": [[0.9999879923679247, -0.0031612131962430717, -0.003744576223724492, -0.7373109985916355], [-0.003165480199078384, -0.9999943467176919, -0.0011341374539168517, 0.08908961688384692], [-0.0037409698042923027, 0.001145977217501722, -0.999992345911277, -0.0017610363662830019], [0.0, 0.0, 0.0, 1.0]]}, "mean_rme": {"type": "float", "data": 0.0015752016744970804}, "max_rme": {"type": "float", "data": 0.007730951318286078}, "simu": {"type": "float", "data": 0.002}}, {"type": "dict", "image_number": {"type": "int", "data": 14}, "Hcamera2end": {"type": "ndarray", "data": [[0.9999748294532425, -0.005830885017475026, -0.004042429946416222, -0.014537336957753604], [0.00405287823178657, 0.0017811850236796323, 0.999990200730962, 0.03176249797642452], [-0.005823627563384179, -0.9999814139071908, 0.0018047720572381687, 0.033680794206465886], [0.0, 0.0, 0.0, 1.0]]}, "Hobj2base": {"type": "ndarray", "data": [[0.9999861704606988, -0.0038701635275626843, -0.0035610000865037585, -0.7372781985682578], [-0.0038781821619264553, -0.9999899538362498, -0.0022476498155721207, 0.08967475249384961], [-0.0035522655397748153, 0.0022614289386247584, -0.9999911336350389, -0.001438244109468138], [0.0, 0.0, 0.0, 1.0]]}, "mean_rme": {"type": "float", "data": 0.0016028067735809753}, "max_rme": {"type": "float", "data": 0.007793378785159649}, "simu": {"type": "float", "data": 0.002}}, {"type": "dict", "image_number": {"type": "int", "data": 15}, "Hcamera2end": {"type": "ndarray", "data": [[0.9999833976768261, -0.005039892904894461, -0.0027935372232779257, -0.015256251644679253], [0.002805073316354223, 0.0022833411865688102, 0.9999934589369649, 0.03168986501224105], [-0.005033481340039158, -0.9999846927991111, 0.0022974405469052828, 0.0334773064427402], [0.0, 0.0, 0.0, 1.0]]}, "Hobj2base": {"type": "ndarray", "data": [[0.9999858568912582, -0.0038724840335558268, -0.003645529435622628, -0.737153703304683], [-0.0038764657312342393, -0.9999918970123591, -0.0010857822333368867, 0.08977454560156771], [-0.00364129522158015, 0.0010998986469300874, -0.9999927655698695, -0.0015790327383646348], [0.0, 0.0, 0.0, 1.0]]}, "mean_rme": {"type": "float", "data": 0.0016670512921831927}, "max_rme": {"type": "float", "data": 0.00753528628014144}, "simu": {"type": "float", "data": 0.002}}, {"type": "dict", "image_number": {"type": "int", "data": 16}, "Hcamera2end": {"type": "ndarray", "data": [[0.9999828211070456, -0.005647252035623124, -0.0015703614999742059, -0.015584023963571229], [0.0015775189774502184, 0.001263195668080641, 0.9999979578832048, 0.03099905315869215], [-0.005645256829430808, -0.9999832563003994, 0.001272082615034087, 0.03217174876002576], [0.0, 0.0, 0.0, 1.0]]}, "Hobj2base": {"type": "ndarray", "data": [[0.9999839856408252, -0.004816443465184044, -0.0029715878308508538, -0.7353014869081217], [-0.004815374894759581, -0.9999883387997661, 0.0003666457523528254, 0.0905426601661324], [-0.002973319107108102, -0.0003523305713178051, -0.9999955176082822, -0.001086707333910572], [0.0, 0.0, 0.0, 1.0]]}, "mean_rme": {"type": "float", "data": 0.001866862304020788}, "max_rme": {"type": "float", "data": 0.007294215428248665}, "simu": {"type": "float", "data": 0.002}}, {"type": "dict", "image_number": {"type": "int", "data": 17}, "Hcamera2end": {"type": "ndarray", "data": [[0.9999828239682329, -0.005597525118832993, -0.0017376654056729091, -0.015621501876626857], [0.0017432990476333634, 0.0010017304414930983, 0.9999979787202338, 0.0308900744640672], [-0.005595773132334737, -0.9999838319936312, 0.0010114713959479271, 0.03230118832503176], [0.0, 0.0, 0.0, 1.0]]}, "Hobj2base": {"type": "ndarray", "data": [[0.9999848705385292, -0.004739819865259833, -0.0027915590063303476, -0.7353041382602409], [-0.004738702901788453, -0.9999886896215968, 0.0004066001598180653, 0.0903766842220852], [-0.0027934546442563747, -0.00039336563941280207, -0.9999960209293954, -0.00109081794299666], [0.0, 0.0, 0.0, 1.0]]}, "mean_rme": {"type": "float", "data": 0.001774484976997553}, "max_rme": {"type": "float", "data": 0.007312399531538824}, "simu": {"type": "float", "data": 0.002}}, {"type": "dict", "image_number": {"type": "int", "data": 18}, "Hcamera2end": {"type": "ndarray", "data": [[0.9999825425514122, -0.005582437560395446, -0.0019367455427883042, -0.015573286958542024], [0.0019441456850676536, 0.0013204896766656482, 0.999997238298471, 0.030732883331767193], [-0.00557986469087352, -0.9999835462135855, 0.0013313196961801665, 0.03259174202427384], [0.0, 0.0, 0.0, 1.0]]}, "Hobj2base": {"type": "ndarray", "data": [[0.999985795354601, -0.004516732585084501, -0.0028298791106468046, -0.7356157188077428], [-0.004515591173635262, -0.9999897207782751, 0.0004096024174850993, 0.09035302612439591], [-0.0028317000862779556, -0.0003968180220935128, -0.9999959119966837, -0.0006914481451470167], [0.0, 0.0, 0.0, 1.0]]}, "mean_rme": {"type": "float", "data": 0.0018135184950943506}, "max_rme": {"type": "float", "data": 0.0072620424317038496}, "simu": {"type": "float", "data": 0.002}}, {"type": "dict", "image_number": {"type": "int", "data": 19}, "Hcamera2end": {"type": "ndarray", "data": [[0.9999830901585183, -0.005074831259373934, -0.002839979702319466, -0.015248290936055115], [0.0028435801359738256, 0.0007023941360260189, 0.9999957103380435, 0.030508876853194443], [-0.005072814704974003, -0.9999868762789674, 0.0007168129480150665, 0.03281890089943819], [0.0, 0.0, 0.0, 1.0]]}, "Hobj2base": {"type": "ndarray", "data": [[0.9999885201837845, -0.004290228516463725, -0.002133879078421783, -0.7356799156434167], [-0.004290918924775111, -0.9999907430606758, -0.0003190732514721313, 0.09005125107978162], [-0.0021324904280703213, 0.00032822589069062685, -0.9999976723734612, -0.0009340602363197412], [0.0, 0.0, 0.0, 1.0]]}, "mean_rme": {"type": "float", "data": 0.0018476740581896713}, "max_rme": {"type": "float", "data": 0.007234366809559412}, "simu": {"type": "float", "data": 0.002}}, {"type": "dict", "image_number": {"type": "int", "data": 20}, "Hcamera2end": {"type": "ndarray", "data": [[0.9999851751533239, -0.004634806701516341, -0.002857978379169835, -0.014973187457358858], [0.0028649056342023096, 0.0014886659231806432, 0.999994788081156, 0.030619894043889647], [-0.004630527970257699, -0.9999881511501066, 0.0015019221377692293, 0.0324997453750124], [0.0, 0.0, 0.0, 1.0]]}, "Hobj2base": {"type": "ndarray", "data": [[0.9999885611181967, -0.0037729348703966084, -0.002939829114496777, -0.7359684015399162], [-0.0037741637763723202, -0.9999927927051486, -0.00041258398675311314, 0.09017216168554357], [-0.002938251273770949, 0.00042367466380631316, -0.9999955935799072, -0.0008697965958421261], [0.0, 0.0, 0.0, 1.0]]}, "mean_rme": {"type": "float", "data": 0.001830384997886867}, "max_rme": {"type": "float", "data": 0.007283196970030395}, "simu": {"type": "float", "data": 0.002}}, {"type": "dict", "image_number": {"type": "int", "data": 21}, "Hcamera2end": {"type": "ndarray", "data": [[0.999985021484226, -0.004482289598041936, -0.0031410009792023105, -0.01488769255696973], [0.003147808690467983, 0.0015125565461714396, 0.9999939017179771, 0.030728743511097202], [-0.004477511322183234, -0.9999888105637253, 0.0015266432804692531, 0.03251422737976506], [0.0, 0.0, 0.0, 1.0]]}, "Hobj2base": {"type": "ndarray", "data": [[0.999989205941983, -0.0034881972461237643, -0.0030692799635208016, -0.7360040275908641], [-0.003490055484026261, -0.9999937295664756, -0.0006002836404529322, 0.09019418481088376], [-0.0030671668100633017, 0.0006109891183251882, -0.9999951095780701, -0.0009303467065812643], [0.0, 0.0, 0.0, 1.0]]}, "mean_rme": {"type": "float", "data": 0.0017959889692521285}, "max_rme": {"type": "float", "data": 0.007145730126003058}, "simu": {"type": "float", "data": 0.002}}, {"type": "dict", "image_number": {"type": "int", "data": 22}, "Hcamera2end": {"type": "ndarray", "data": [[0.9999907369019381, -0.003221833420532027, -0.002854102263266952, -0.014959713958062377], [0.002858500599095727, 0.00136138715229972, 0.9999949877871123, 0.03013719822000077], [-0.0032179317338644725, -0.9999938831885083, 0.0013705841543998343, 0.03267301176008149], [0.0, 0.0, 0.0, 1.0]]}, "Hobj2base": {"type": "ndarray", "data": [[0.999994532650119, -0.002431480917560904, -0.002241109193630401, -0.7360192906684265], [-0.0024328767660867574, -0.999996848150257, -0.0006203226526455989, 0.08980687170468113], [-0.0022395938272983256, 0.0006257716036120645, -0.9999972963110397, -0.0005043081364908805], [0.0, 0.0, 0.0, 1.0]]}, "mean_rme": {"type": "float", "data": 0.001806695936925549}, "max_rme": {"type": "float", "data": 0.007349576369496069}, "simu": {"type": "float", "data": 0.002}}, {"type": "dict", "image_number": {"type": "int", "data": 23}, "Hcamera2end": {"type": "ndarray", "data": [[0.9999898669886775, -0.003320763823801292, -0.0030394814678820973, -0.014551848303661956], [0.003042404662896365, 0.0008755812359889648, 0.999994988553126, 0.030446987872233305], [-0.0033180858690293933, -0.9999941029251752, 0.0008856754710563353, 0.03198977133692175], [0.0, 0.0, 0.0, 1.0]]}, "Hobj2base": {"type": "ndarray", "data": [[0.9999954903116874, -0.002406856150148552, -0.0017962181828557237, -0.7350235575587271], [-0.0024088465533113656, -0.9999964862550874, -0.001106768160567928, 0.08994505510468981], [-0.0017935480396491705, 0.001111089983367257, -0.9999977743297623, -0.000933030851964032], [0.0, 0.0, 0.0, 1.0]]}, "mean_rme": {"type": "float", "data": 0.001857283581239297}, "max_rme": {"type": "float", "data": 0.007531654689456782}, "simu": {"type": "float", "data": 0.002}}, {"type": "dict", "image_number": {"type": "int", "data": 24}, "Hcamera2end": {"type": "ndarray", "data": [[0.9999809184209171, -0.0028508921237154795, -0.0054804386830049215, -0.01362672440072449], [0.0054908069436109125, 0.003641823733040339, 0.999978293843924, 0.029758598664443466], [-0.002830871450142846, -0.9999893047098035, 0.0036574079395611525, 0.03078276041283718], [0.0, 0.0, 0.0, 1.0]]}, "Hobj2base": {"type": "ndarray", "data": [[0.9999921644494982, -0.0016383346862170896, -0.0036037340445070273, -0.7350765875036442], [-0.0016486590732591694, -0.9999945402395207, -0.0028638111686830844, 0.08971873864928921], [-0.003599022487809884, 0.002869730057976134, -0.9999894057871446, -1.865943285229756e-05], [0.0, 0.0, 0.0, 1.0]]}, "mean_rme": {"type": "float", "data": 0.0020577354178398463}, "max_rme": {"type": "float", "data": 0.0090113818187538}, "simu": {"type": "float", "data": 0.002}}, {"type": "dict", "image_number": {"type": "int", "data": 25}, "Hcamera2end": {"type": "ndarray", "data": [[0.9999762953297595, -0.0030442319987897424, -0.0061758748454818335, -0.013280253842578015], [0.006187742765055993, 0.0039046148851404894, 0.999973232552788, 0.029793384439190246], [-0.003020036099619981, -0.999987743241954, 0.00392335925205789, 0.03064729553614133], [0.0, 0.0, 0.0, 1.0]]}, "Hobj2base": {"type": "ndarray", "data": [[0.9999897576744389, -0.0018885633706327576, -0.004113134402398644, -0.735090862942631], [-0.0019032494177152282, -0.9999918179726055, -0.003569541916982514, 0.08970213919415337], [-0.004106359442505936, 0.0035773336772284454, -0.9999851701379829, 5.429658522045688e-05], [0.0, 0.0, 0.0, 1.0]]}, "mean_rme": {"type": "float", "data": 0.0020083284966425476}, "max_rme": {"type": "float", "data": 0.008998680976042811}, "simu": {"type": "float", "data": 0.002}}, {"type": "dict", "image_number": {"type": "int", "data": 26}, "Hcamera2end": {"type": "ndarray", "data": [[0.9999766833437954, -0.002876680474367217, -0.006193341439895106, -0.013192083847547852], [0.006204806937689903, 0.003993993619271996, 0.9999727738222852, 0.029919644494603152], [-0.002851865987160479, -0.9999878862888378, 0.004011749739660786, 0.030634708783430643], [0.0, 0.0, 0.0, 1.0]]}, "Hobj2base": {"type": "ndarray", "data": [[0.9999899824629647, -0.00206860870639598, -0.0039693616287019, -0.7350475198656491], [-0.002082931236416881, -0.9999913235053859, -0.003607535365095992, 0.08983456844064602], [-0.0039618646094922395, 0.0036157671338019233, -0.9999856148249582, -2.931869666123124e-05], [0.0, 0.0, 0.0, 1.0]]}, "mean_rme": {"type": "float", "data": 0.001972143986570367}, "max_rme": {"type": "float", "data": 0.009053885987370364}, "simu": {"type": "float", "data": 0.002}}, {"type": "dict", "image_number": {"type": "int", "data": 27}, "Hcamera2end": {"type": "ndarray", "data": [[0.9999888940727107, -0.0015327707157506301, -0.0044567191037640196, -0.013519398930449443], [0.004463567650658593, 0.004494069242448218, 0.9999799397515291, 0.030013121296565744], [-0.0015127111637427667, -0.9999887269142472, 0.004500860957424746, 0.030440365588928733], [0.0, 0.0, 0.0, 1.0]]}, "Hobj2base": {"type": "ndarray", "data": [[0.9999906848367105, -0.0007067230880965978, -0.0042580256320882675, -0.7353703558011687], [-0.0007140676594744821, -0.9999982596469386, -0.0017236039194829969, 0.0901641867008206], [-0.004256800110935691, 0.001726628382228128, -0.9999894491479622, 0.00023944150506457525], [0.0, 0.0, 0.0, 1.0]]}, "mean_rme": {"type": "float", "data": 0.0020067034939859705}, "max_rme": {"type": "float", "data": 0.009188463803707553}, "simu": {"type": "float", "data": 0.002}}, {"type": "dict", "image_number": {"type": "int", "data": 28}, "Hcamera2end": {"type": "ndarray", "data": [[0.9999862671004207, -0.0013988747930405356, -0.00505061975202167, -0.013171458620474419], [0.005056734584757295, 0.004402763887808914, 0.9999775223001205, 0.02997882872181077], [-0.0013766066632975118, -0.9999893293527996, 0.004409777163640327, 0.030513894402656908], [0.0, 0.0, 0.0, 1.0]]}, "Hobj2base": {"type": "ndarray", "data": [[0.9999917801376739, -0.000523111240463451, -0.004020697914066782, -0.7353681843076237], [-0.0005323346461416055, -0.9999972288002406, -0.002293253510575084, 0.09002547397711659], [-0.004019487145221076, 0.002295375017148275, -0.9999892874309304, 0.00027441627348387995], [0.0, 0.0, 0.0, 1.0]]}, "mean_rme": {"type": "float", "data": 0.0020010450006446084}, "max_rme": {"type": "float", "data": 0.009203327088928764}, "simu": {"type": "float", "data": 0.002}}, {"type": "dict", "image_number": {"type": "int", "data": 29}, "Hcamera2end": {"type": "ndarray", "data": [[0.9999944546176338, -0.0016465614241965897, -0.0028947486000546483, -0.014150265151228195], [0.0028987778854039975, 0.002449990928939827, 0.99999279728967, 0.030327585872085606], [-0.0016394574566799157, -0.9999956431804713, 0.002454750358646729, 0.0317107654914833], [0.0, 0.0, 0.0, 1.0]]}, "Hobj2base": {"type": "ndarray", "data": [[0.9999966518458384, -0.0007405054970879441, -0.0024795057414269154, -0.7355838457421423], [-0.0007418930283508814, -0.9999995687093763, -0.0005587269432931608, 0.09013706265761735], [-0.0024790909316664564, 0.0005605646006125411, -0.9999967699325245, -5.962226240168714e-05], [0.0, 0.0, 0.0, 1.0]]}, "mean_rme": {"type": "float", "data": 0.0020764134382064295}, "max_rme": {"type": "float", "data": 0.009735590085807572}, "simu": {"type": "float", "data": 0.002}}, {"type": "dict", "image_number": {"type": "int", "data": 30}, "Hcamera2end": {"type": "ndarray", "data": [[0.9999952690438956, -0.0013702546864952387, -0.002753959317253318, -0.014212589812066608], [0.002756577867020456, 0.0019127903156579418, 0.9999943712399942, 0.030511623793031285], [-0.001364979226948703, -0.9999972318138198, 0.0019165584800718838, 0.032089044866885075], [0.0, 0.0, 0.0, 1.0]]}, "Hobj2base": {"type": "ndarray", "data": [[0.9999979270344164, -0.0007885975194271818, -0.0018772428778543323, -0.7355130570805657], [-0.0007892978767493657, -0.9999996191761336, -0.0003723660160616791, 0.09030303911783871], [-0.0018769485160388558, 0.0003738469479773766, -0.999998168649687, -0.00014584884294956043], [0.0, 0.0, 0.0, 1.0]]}, "mean_rme": {"type": "float", "data": 0.002148116896351706}, "max_rme": {"type": "float", "data": 0.009704146868863534}, "simu": {"type": "float", "data": 0.002}}]}