{"type": "list", "data": [{"type": "dict", "image_number": {"type": "int", "data": 5}, "Hcamera2end": {"type": "ndarray", "data": [[0.9999981402560243, -0.001701281703897849, -0.0009083639450764706, -0.01893057760911789], [0.0008939874155353588, -0.008432192816985262, 0.9999640488091549, 0.029744821206981503], [-0.0017088800407275135, -0.9999630011979749, -0.008430656210831833, 0.03625077731458054], [0.0, 0.0, 0.0, 1.0]]}, "Hobj2base": {"type": "ndarray", "data": [[0.9999623634233071, 0.002056776300312743, 0.008428606535147945, -0.7345173509977407], [0.002082965803240143, -0.9999930267905814, -0.0030996166979822713, 0.08526938300715316], [0.008422172542545004, 0.0031170565382023785, -0.9999596746710349, 0.00031085007745659257], [0.0, 0.0, 0.0, 1.0]]}, "mean_rme": {"type": "float", "data": 0.001269766457776599}, "max_rme": {"type": "float", "data": 0.005497386096478041}, "simu": {"type": "float", "data": 0.002}}, {"type": "dict", "image_number": {"type": "int", "data": 6}, "Hcamera2end": {"type": "ndarray", "data": [[0.999961874320025, -0.0026326810155657032, 0.008325797082120856, -0.01855075795852975], [-0.00832473484269006, 0.00041418331148102006, 0.9999652630176626, 0.029998861753479947], [-0.002636037970377957, -0.9999964487151215, 0.00039225114908070235, 0.03583775545907729], [0.0, 0.0, 0.0, 1.0]]}, "Hobj2base": {"type": "ndarray", "data": [[0.9999961430517434, -0.0026517022398904835, -0.0008260489500709391, -0.7373158768664972], [-0.0026466779207349714, -0.9999783458202052, 0.00602519598603852, 0.09004938984696331], [-0.0008420080883504124, -0.006022986461651767, -0.9999815071572384, 0.0010351256523559078], [0.0, 0.0, 0.0, 1.0]]}, "mean_rme": {"type": "float", "data": 0.001210174671795785}, "max_rme": {"type": "float", "data": 0.0056731844428688505}, "simu": {"type": "float", "data": 0.002}}, {"type": "dict", "image_number": {"type": "int", "data": 7}, "Hcamera2end": {"type": "ndarray", "data": [[0.9999970938467941, -0.0009117249975751692, 0.002231827837188083, -0.01825166534967164], [-0.002231478950310984, 0.00038350497650685433, 0.9999974367095283, 0.030429061939685784], [-0.0009125785776414379, -0.9999995108406112, 0.00038146936684202437, 0.03220903969803104], [0.0, 0.0, 0.0, 1.0]]}, "Hobj2base": {"type": "ndarray", "data": [[0.9999998379495072, -3.377780142969521e-05, 0.000568295714836287, -0.7333934077990858], [-3.420462781392031e-05, -0.9999997173612143, 0.0007510709250870094, 0.08803108097160636], [0.0005682701846893092, -0.0007510902417190102, -0.9999995564661244, 0.0003656435400515856], [0.0, 0.0, 0.0, 1.0]]}, "mean_rme": {"type": "float", "data": 0.001654587961235406}, "max_rme": {"type": "float", "data": 0.005161890894888943}, "simu": {"type": "float", "data": 0.002}}, {"type": "dict", "image_number": {"type": "int", "data": 8}, "Hcamera2end": {"type": "ndarray", "data": [[0.9999953997124835, -0.0019343251149908122, 0.002336437506082227, -0.01823710189046468], [-0.0023369738051685312, -0.000275040052104103, 0.9999972314493695, 0.029071313228866892], [-0.001933677145820385, -0.9999980913678383, -0.000279559253965056, 0.0324526159254084], [0.0, 0.0, 0.0, 1.0]]}, "Hobj2base": {"type": "ndarray", "data": [[0.9999987370578923, -0.0012543451163932293, 0.0009759615511263662, -0.7334501562287679], [-0.001255696979223361, -0.9999982514146653, 0.0013857823450691227, 0.08916640614962837], [0.0009742215952573894, -0.0013870061068778346, -0.9999985635521396, 0.0012102894563000843], [0.0, 0.0, 0.0, 1.0]]}, "mean_rme": {"type": "float", "data": 0.001743857726690142}, "max_rme": {"type": "float", "data": 0.004895959777789505}, "simu": {"type": "float", "data": 0.002}}, {"type": "dict", "image_number": {"type": "int", "data": 9}, "Hcamera2end": {"type": "ndarray", "data": [[0.9999949071861992, -0.00247299090276778, 0.002017403692788333, -0.017841759039074676], [-0.0020179404602058697, -0.00021457595660434592, 0.999997940934609, 0.028911188082697162], [-0.0024725529243905626, -0.9999969191318309, -0.00021956521220944936, 0.032348745080452074], [0.0, 0.0, 0.0, 1.0]]}, "Hobj2base": {"type": "ndarray", "data": [[0.9999965332783224, -0.00226910191446685, 0.0013358921508715474, -0.7331097586869726], [-0.0022710313624324427, -0.9999963778057848, 0.0014445732453084302, 0.08946324829822062], [0.0013326094280942096, -0.0014476020903465023, -0.9999980642982766, 0.0011532771674675109], [0.0, 0.0, 0.0, 1.0]]}, "mean_rme": {"type": "float", "data": 0.0016328603461194483}, "max_rme": {"type": "float", "data": 0.0049599789653816395}, "simu": {"type": "float", "data": 0.002}}, {"type": "dict", "image_number": {"type": "int", "data": 10}, "Hcamera2end": {"type": "ndarray", "data": [[0.9999956037400011, -0.0012194517325249423, 0.002702857403338076, -0.017627607092446616], [-0.002702821294579838, 3.1257661890049526e-05, 0.9999963468833314, 0.02828437264162102], [-0.0012195317627283423, -0.9999992559799386, 2.796156436291053e-05, 0.03327298033153958], [0.0, 0.0, 0.0, 1.0]]}, "Hobj2base": {"type": "ndarray", "data": [[0.9999989795275814, -0.0012353074033178357, 0.0007176067272400097, -0.7344324679303764], [-0.0012362898423274535, -0.999998297037014, 0.0013702227911076275, 0.0894542463642933], [0.0007159128588242647, -0.0013711085627407347, -0.9999988037643284, 0.001991700571969385], [0.0, 0.0, 0.0, 1.0]]}, "mean_rme": {"type": "float", "data": 0.0017739655312128209}, "max_rme": {"type": "float", "data": 0.005278890619402676}, "simu": {"type": "float", "data": 0.002}}, {"type": "dict", "image_number": {"type": "int", "data": 11}, "Hcamera2end": {"type": "ndarray", "data": [[0.9999974650280969, 0.0004890075500339188, 0.002197910142829533, -0.01624588874633582], [-0.002197529448133349, -0.0007776847603511161, 0.9999972830316781, 0.031234507175039734], [0.0004907155026385963, -0.9999995780389257, -0.0007766081804505554, 0.033376870654459594], [0.0, 0.0, 0.0, 1.0]]}, "Hobj2base": {"type": "ndarray", "data": [[0.9999995971486187, 0.00048123782451419246, 0.0007577022874960523, -0.7347522661621184], [0.0004807797751668304, -0.9999997016606403, 0.0006045903061583729, 0.08851988328760091], [0.000757993013167295, -0.0006042257746629073, -0.9999995301787923, -0.0014504541538469605], [0.0, 0.0, 0.0, 1.0]]}, "mean_rme": {"type": "float", "data": 0.0020209382090205434}, "max_rme": {"type": "float", "data": 0.0063868880293408425}, "simu": {"type": "float", "data": 0.002}}, {"type": "dict", "image_number": {"type": "int", "data": 12}, "Hcamera2end": {"type": "ndarray", "data": [[0.9999979846057148, -3.983688542265264e-05, 0.00200728611095832, -0.01575683002310174], [-0.0020073184783857747, -0.0008298086555946771, 0.9999976410422785, 0.03146904341474766], [-3.817112805999624e-05, -0.9999996549152493, -0.000829886948519265, 0.032984839750345815], [0.0, 0.0, 0.0, 1.0]]}, "Hobj2base": {"type": "ndarray", "data": [[0.999998388811392, -0.00018984533956961752, 0.001785030354691739, -0.7343907429462792], [-0.00019106738626248633, -0.9999997475019677, 0.0006844627485667103, 0.08906072152182766], [0.0017848999619121632, -0.0006848027068523972, -0.9999981725870193, -0.0018703570295376716], [0.0, 0.0, 0.0, 1.0]]}, "mean_rme": {"type": "float", "data": 0.001933103159880567}, "max_rme": {"type": "float", "data": 0.00659625802544922}, "simu": {"type": "float", "data": 0.002}}, {"type": "dict", "image_number": {"type": "int", "data": 13}, "Hcamera2end": {"type": "ndarray", "data": [[0.999996045665536, 0.0007912339296658423, 0.002698629681834321, -0.015929431369613088], [-0.0026970581746725546, -0.001980532368603072, 0.999994401668699, 0.03204520480230046], [0.0007965742235119133, -0.9999977257176165, -0.0019783905329775475, 0.03335486954661259], [0.0, 0.0, 0.0, 1.0]]}, "Hobj2base": {"type": "ndarray", "data": [[0.9999976525277655, 0.0008719242176196032, 0.0019836045767809922, -0.7345470100604357], [0.0008694928248639724, -0.9999988701128224, 0.0012262770102343004, 0.08852178190354906], [0.001984671556154349, -0.0012245494016361888, -0.9999972807750914, -0.00239995777525714], [0.0, 0.0, 0.0, 1.0]]}, "mean_rme": {"type": "float", "data": 0.0019749800241077556}, "max_rme": {"type": "float", "data": 0.007180631249504021}, "simu": {"type": "float", "data": 0.002}}, {"type": "dict", "image_number": {"type": "int", "data": 14}, "Hcamera2end": {"type": "ndarray", "data": [[0.9999967345578925, 0.0016546466347465158, 0.001947567217331199, -0.015727126847049317], [-0.00194307442455053, -0.002712540621305326, 0.9999944332770851, 0.031334762365137], [0.001659920278976911, -0.9999949521212055, -0.0027093166621032783, 0.03246225141414993], [0.0, 0.0, 0.0, 1.0]]}, "Hobj2base": {"type": "ndarray", "data": [[0.999995931209945, 0.0020546695483677027, 0.001978862451488625, -0.733509381606918], [0.0020545932864704784, -0.9999978884980074, 4.0570362557978614e-05, 0.08786093501356815], [0.001978941631805129, -3.650443997801387e-05, -0.9999980412268037, -0.001992467495201322], [0.0, 0.0, 0.0, 1.0]]}, "mean_rme": {"type": "float", "data": 0.0021566254248508734}, "max_rme": {"type": "float", "data": 0.006477066775703311}, "simu": {"type": "float", "data": 0.002}}, {"type": "dict", "image_number": {"type": "int", "data": 15}, "Hcamera2end": {"type": "ndarray", "data": [[0.9999981358757971, 0.0014844900913640203, 0.0012347202515404423, -0.01514566472122785], [-0.001230623493508397, -0.002757460608274309, 0.9999954409780131, 0.03123390771819575], [0.001487888015996916, -0.9999950963380583, -0.002755628619642847, 0.03222849431195942], [0.0, 0.0, 0.0, 1.0]]}, "Hobj2base": {"type": "ndarray", "data": [[0.9999962346185719, 0.00169445051650731, 0.0021586074504755474, -0.7331854704238673], [0.0016953065528853741, -0.999998485032864, -0.00039480079572268674, 0.08805327114074421], [0.002157935209843971, 0.0003984588105030011, -0.9999975922702045, -0.0017602080956818774], [0.0, 0.0, 0.0, 1.0]]}, "mean_rme": {"type": "float", "data": 0.002141084487464187}, "max_rme": {"type": "float", "data": 0.0063900050432070254}, "simu": {"type": "float", "data": 0.002}}, {"type": "dict", "image_number": {"type": "int", "data": 16}, "Hcamera2end": {"type": "ndarray", "data": [[0.9999994264298667, 0.0006027242507176059, 0.0008853606130365818, -0.015075179413692096], [-0.0008856032082776353, 0.00040235006299038645, 0.9999995269105802, 0.030905747143296313], [0.0006023677406767154, -0.9999997374189177, 0.000402883606744564, 0.03103240679635346], [0.0, 0.0, 0.0, 1.0]]}, "Hobj2base": {"type": "ndarray", "data": [[0.9999999565487838, 0.00025500521500794655, 0.00014790121995679302, -0.7333111618308874], [0.00025515995896470856, -0.9999994191408623, -0.0010471921185368858, 0.08802185634698323], [0.00014763409459567583, 0.0010472298115043297, -0.9999994407567916, -0.0012699613402112411], [0.0, 0.0, 0.0, 1.0]]}, "mean_rme": {"type": "float", "data": 0.0022139038512960993}, "max_rme": {"type": "float", "data": 0.006044342598730795}, "simu": {"type": "float", "data": 0.002}}, {"type": "dict", "image_number": {"type": "int", "data": 17}, "Hcamera2end": {"type": "ndarray", "data": [[0.9999998434379752, 0.0003642318306632351, 0.00042480489486803783, -0.014917334468677023], [-0.00042529074064322176, 0.001334853336695363, 0.9999990186466962, 0.03098838172673284], [0.0003636644209917656, -0.9999990427504134, 0.0013350080321330449, 0.030638687713388475], [0.0, 0.0, 0.0, 1.0]]}, "Hobj2base": {"type": "ndarray", "data": [[0.9999998933596166, 2.4717323478469804e-05, -0.00046116137013107355, -0.7332338771251427], [2.4021465826127904e-05, -0.9999988613680899, -0.0015088689450922532, 0.08800212426539578], [-0.0004611981402398241, 0.0015088577064137974, -0.9999987553215741, -0.001375453408828145], [0.0, 0.0, 0.0, 1.0]]}, "mean_rme": {"type": "float", "data": 0.0021757016868674036}, "max_rme": {"type": "float", "data": 0.006085271848597779}, "simu": {"type": "float", "data": 0.002}}, {"type": "dict", "image_number": {"type": "int", "data": 18}, "Hcamera2end": {"type": "ndarray", "data": [[0.9999996462070311, 5.5641473740203416e-05, 0.000839338929741742, -0.015197806827682667], [-0.0008393736234874045, 0.0006264600209547888, 0.9999994514997308, 0.03048818795524709], [5.511563093732588e-05, -0.9999998022259147, 0.0006265065033030925, 0.03110515676113134], [0.0, 0.0, 0.0, 1.0]]}, "Hobj2base": {"type": "ndarray", "data": [[0.9999999020959567, -1.9968980395669705e-06, 0.0004424975586049778, -0.7331007703022885], [-1.5922885146655985e-06, -0.9999995819575338, -0.000914375318318699, 0.08830344659862024], [0.0004424991995364876, 0.0009143745242138778, -0.999999484056711, -0.0010356334754377712], [0.0, 0.0, 0.0, 1.0]]}, "mean_rme": {"type": "float", "data": 0.002168356810646151}, "max_rme": {"type": "float", "data": 0.006241490828399393}, "simu": {"type": "float", "data": 0.002}}, {"type": "dict", "image_number": {"type": "int", "data": 19}, "Hcamera2end": {"type": "ndarray", "data": [[0.9999995559819023, 0.00012520055041664928, 0.0009340025805341268, -0.015218348140723285], [-0.0009340872249527772, 0.0006777257271398662, 0.9999993340842256, 0.030635799625671922], [0.00012456746946558507, -0.9999997625063021, 0.000677842374452009, 0.0315402776656524], [0.0, 0.0, 0.0, 1.0]]}, "Hobj2base": {"type": "ndarray", "data": [[0.9999999286585889, 0.00019077978887184157, 0.0003260151673088943, -0.7335380278413798], [0.00019107132143111964, -0.999999581740594, -0.0008944329977913915, 0.08834362062550632], [0.0003258443912115054, 0.0008944952261301035, -0.9999995468517591, -0.0012633473129101884], [0.0, 0.0, 0.0, 1.0]]}, "mean_rme": {"type": "float", "data": 0.0021081681720987048}, "max_rme": {"type": "float", "data": 0.0066926572512362725}, "simu": {"type": "float", "data": 0.002}}, {"type": "dict", "image_number": {"type": "int", "data": 20}, "Hcamera2end": {"type": "ndarray", "data": [[0.9999993440315189, 0.00102988685956248, 0.0005012679806724534, -0.015232852980047226], [-0.0005016785496454329, 0.00039843479114809455, 0.9999997947841539, 0.03071761749100702], [0.0010296869256101885, -0.999999390291201, 0.0003989512019334507, 0.031662799562335586], [0.0, 0.0, 0.0, 1.0]]}, "Hobj2base": {"type": "ndarray", "data": [[0.999999199606899, 0.0011067872150627115, 0.000613031501662974, -0.7334630712097308], [0.0011075347782052512, -0.9999986419224121, -0.0012204589490522177, 0.08802070560748902], [0.000611679880757311, 0.001221136925913522, -0.9999990673357309, -0.0012734857762980918], [0.0, 0.0, 0.0, 1.0]]}, "mean_rme": {"type": "float", "data": 0.0021020071053776627}, "max_rme": {"type": "float", "data": 0.00663271704953991}, "simu": {"type": "float", "data": 0.002}}, {"type": "dict", "image_number": {"type": "int", "data": 21}, "Hcamera2end": {"type": "ndarray", "data": [[0.999999088090885, 0.0009321088170946792, 0.0009772361800453075, -0.015271296772916925], [-0.000978189660110667, 0.0010230210668803474, 0.9999989982859412, 0.030959211710697234], [0.0009311081501886686, -0.9999990423000664, 0.001023931913185061, 0.030977900636551252], [0.0, 0.0, 0.0, 1.0]]}, "Hobj2base": {"type": "ndarray", "data": [[0.999999782653854, 0.0005737302278238827, 0.0003248474572623658, -0.7331453355173958], [0.0005739048853590526, -0.9999996906900424, -0.0005378224631940431, 0.08837102564705553], [0.00032453879177947546, 0.0005380087778431228, -0.9999998026105441, -0.0013902351198995838], [0.0, 0.0, 0.0, 1.0]]}, "mean_rme": {"type": "float", "data": 0.0020783453295154346}, "max_rme": {"type": "float", "data": 0.006670584616072811}, "simu": {"type": "float", "data": 0.002}}, {"type": "dict", "image_number": {"type": "int", "data": 22}, "Hcamera2end": {"type": "ndarray", "data": [[0.9999989207012351, 0.0006089879772549938, 0.0013370602112383967, -0.015692786114144913], [-0.0013381333884861352, 0.0017652454858142486, 0.9999975466506952, 0.031031972583865274], [0.0006066262436926127, -0.9999982565194891, 0.0017660584877325913, 0.030596537993491928], [0.0, 0.0, 0.0, 1.0]]}, "Hobj2base": {"type": "ndarray", "data": [[0.9999998186648321, -0.00024095763428142982, -0.0005519145961534388, -0.7332412358641552], [-0.0002411109078021602, -0.9999999323844786, -0.0002776626898213617, 0.08829993824660613], [-0.0005518476538905778, 0.00027779571210065904, -0.999999809146837, -0.001280902273017566], [0.0, 0.0, 0.0, 1.0]]}, "mean_rme": {"type": "float", "data": 0.0020739265085467796}, "max_rme": {"type": "float", "data": 0.0066400500993952505}, "simu": {"type": "float", "data": 0.002}}, {"type": "dict", "image_number": {"type": "int", "data": 23}, "Hcamera2end": {"type": "ndarray", "data": [[0.9999988216165789, 0.001333234143049475, 0.0007610861799189023, -0.015282415802322438], [-0.0007669362768685101, 0.0043928972662584664, 0.9999900570817469, 0.03145389019177484], [0.0013298775134122254, -0.9999894624146436, 0.0043939145953709735, 0.02978753023692356], [0.0, 0.0, 0.0, 1.0]]}, "Hobj2base": {"type": "ndarray", "data": [[0.9999970881259997, -0.0003445039387314346, -0.0023885260219837197, -0.733541431426271], [-0.00034565712786769926, -0.9999998239019754, -0.0004824076782580333, 0.08851939838695323], [-0.0023883594100237715, 0.0004832318845922536, -0.9999970311087298, -0.0015776975790927387], [0.0, 0.0, 0.0, 1.0]]}, "mean_rme": {"type": "float", "data": 0.002166845131664912}, "max_rme": {"type": "float", "data": 0.007348705697763497}, "simu": {"type": "float", "data": 0.002}}, {"type": "dict", "image_number": {"type": "int", "data": 24}, "Hcamera2end": {"type": "ndarray", "data": [[0.9999988726662705, 0.0007831338411494718, 0.0012811586844833581, -0.015396880364964604], [-0.0012840594896790266, 0.003714887487205387, 0.9999922753712573, 0.031399137116581155], [0.0007783684313651812, -0.9999927931302028, 0.0037158888897278475, 0.03042019649306569], [0.0, 0.0, 0.0, 1.0]]}, "Hobj2base": {"type": "ndarray", "data": [[0.9999980087828931, -0.0006339561293100309, -0.0018922288114398495, -0.7337866380893745], [-0.0006336686798299411, -0.999999787602911, 0.00015250618731941275, 0.08871416802920996], [-0.001892325091768167, -0.0001513068375136024, -0.9999981981043706, -0.0014510988632530526], [0.0, 0.0, 0.0, 1.0]]}, "mean_rme": {"type": "float", "data": 0.002130184274459091}, "max_rme": {"type": "float", "data": 0.007632442662329347}, "simu": {"type": "float", "data": 0.002}}, {"type": "dict", "image_number": {"type": "int", "data": 25}, "Hcamera2end": {"type": "ndarray", "data": [[0.9999995942722244, 0.0005082016380968644, 0.0007437650715550126, -0.01526685275342062], [-0.000745340439680319, 0.0031067623637337505, 0.999994896234598, 0.031637097331697624], [0.0005058883430231598, -0.9999950448670786, 0.0031071398864663813, 0.030681749680625064], [0.0, 0.0, 0.0, 1.0]]}, "Hobj2base": {"type": "ndarray", "data": [[0.9999986215832422, -0.0008714277839251135, -0.0014133100272495853, -0.7338327761670612], [-0.0008713024075250079, -0.9999996164265532, 8.932446452164153e-05, 0.08867518829048451], [-0.001413387324961556, -8.809292096598095e-05, -0.9999989972874503, -0.001858675316432612], [0.0, 0.0, 0.0, 1.0]]}, "mean_rme": {"type": "float", "data": 0.0021649992415137325}, "max_rme": {"type": "float", "data": 0.007777497045318688}, "simu": {"type": "float", "data": 0.002}}, {"type": "dict", "image_number": {"type": "int", "data": 26}, "Hcamera2end": {"type": "ndarray", "data": [[0.9999989898099519, 0.0013345506403668781, 0.0004892378398810861, -0.01516618221059545], [-0.000493377602995381, 0.0031034268189360503, 0.9999950626480713, 0.03154423441963118], [0.0013330257373875749, -0.9999942938420036, 0.0031040821212811043, 0.030587967410269513], [0.0, 0.0, 0.0, 1.0]]}, "Hobj2base": {"type": "ndarray", "data": [[0.9999984835193108, -0.00022384497243880985, -0.0017270936590687309, -0.7340000121603318], [-0.00022351686668389904, -0.9999999569384861, 0.00019016633701073073, 0.08849359331470019], [-0.0017271361524759305, -0.00018978001406400825, -0.9999984904909891, -0.0017554455379579182], [0.0, 0.0, 0.0, 1.0]]}, "mean_rme": {"type": "float", "data": 0.002173951455872179}, "max_rme": {"type": "float", "data": 0.007594981055078304}, "simu": {"type": "float", "data": 0.002}}, {"type": "dict", "image_number": {"type": "int", "data": 27}, "Hcamera2end": {"type": "ndarray", "data": [[0.9999994272574091, 0.00038694012459803155, 0.0009978788472280338, -0.015367303625504525], [-0.0009990143993386992, 0.0029456941330372466, 0.9999951624164511, 0.03288622628810752], [0.0003839988068770888, -0.9999955865719681, 0.0029460790046689223, 0.030709960381935023], [0.0, 0.0, 0.0, 1.0]]}, "Hobj2base": {"type": "ndarray", "data": [[0.9999992597410755, -0.0006964468936671855, -0.000997736951998673, -0.7338960248076674], [-0.0006959599718480206, -0.9999996386060639, 0.0004882903425449826, 0.08801998648628873], [-0.0009980766597148623, -0.00048759559610267396, -0.9999993830465674, -0.0030623842173616907], [0.0, 0.0, 0.0, 1.0]]}, "mean_rme": {"type": "float", "data": 0.002175545980737817}, "max_rme": {"type": "float", "data": 0.007681502819509106}, "simu": {"type": "float", "data": 0.002}}, {"type": "dict", "image_number": {"type": "int", "data": 28}, "Hcamera2end": {"type": "ndarray", "data": [[0.9999994433336367, 0.0004321213221332559, 0.0009626025035465592, -0.01539365668237282], [-0.0009639985688014258, 0.0032422268908874896, 0.9999942793194105, 0.03281908024356536], [0.0004289978743829618, -0.9999946506036674, 0.003242641650384903, 0.03047466198038823], [0.0, 0.0, 0.0, 1.0]]}, "Hobj2base": {"type": "ndarray", "data": [[0.9999990177948922, -0.00087658101390409, -0.0010936246965350832, -0.7338157398287573], [-0.000876149506296773, -0.9999995381750659, 0.00039498316034485204, 0.0879662497296593], [-0.0010939704262111004, -0.0003940245936524313, -0.9999993239864344, -0.003040193028319577], [0.0, 0.0, 0.0, 1.0]]}, "mean_rme": {"type": "float", "data": 0.002146826048818139}, "max_rme": {"type": "float", "data": 0.007538485348666996}, "simu": {"type": "float", "data": 0.002}}, {"type": "dict", "image_number": {"type": "int", "data": 29}, "Hcamera2end": {"type": "ndarray", "data": [[0.9999992466747579, 0.000568017187786559, 0.0010881205773954634, -0.01548992602161028], [-0.0010893229108934375, 0.0021207199264766663, 0.9999971579572561, 0.03311120706870376], [0.0005657079744665399, -0.9999975899488297, 0.002121337083021313, 0.030947746677630953], [0.0, 0.0, 0.0, 1.0]]}, "Hobj2base": {"type": "ndarray", "data": [[0.9999997992872915, -0.0003190355874030539, -0.000547395351218978, -0.7339723445751455], [-0.00031883966525013397, -0.9999998851004281, 0.00035796703535013644, 0.08768060691001736], [-0.0005475094925468804, -0.0003577924321510611, -0.9999997861089427, -0.0032994751895342772], [0.0, 0.0, 0.0, 1.0]]}, "mean_rme": {"type": "float", "data": 0.0022125529230633866}, "max_rme": {"type": "float", "data": 0.007422832099982263}, "simu": {"type": "float", "data": 0.002}}, {"type": "dict", "image_number": {"type": "int", "data": 30}, "Hcamera2end": {"type": "ndarray", "data": [[0.9999990750051185, 0.0002706750696922106, 0.0013329380758402463, -0.01570896507806777], [-0.001333553942212953, 0.002288009135614999, 0.9999964933178908, 0.03336694085042637], [0.000267624346026055, -0.9999973458710786, 0.0022883679790245415, 0.030688371834575356], [0.0, 0.0, 0.0, 1.0]]}, "Hobj2base": {"type": "ndarray", "data": [[0.9999997182597069, -0.0006576290271911977, -0.00036194553374769423, -0.7337178351327569], [-0.0006573796588939856, -0.999999546803281, 0.0006886546427346613, 0.08776477383486592], [-0.0003623982489979381, -0.0006884165130813872, -0.9999996973750611, -0.0034387527763560964], [0.0, 0.0, 0.0, 1.0]]}, "mean_rme": {"type": "float", "data": 0.00223949122872565}, "max_rme": {"type": "float", "data": 0.007488861649890516}, "simu": {"type": "float", "data": 0.002}}]}