{"type": "list", "data": [{"type": "dict", "image_number": {"type": "int", "data": 5}, "Hcamera2end": {"type": "ndarray", "data": [[0.9992532479148346, -0.001072915291275834, -0.038623767092707845, -0.010605287219301351], [0.0386368557253034, 0.01806896929400925, 0.9990899387584253, 0.023956403334759915], [-0.0003740472110366523, -0.9998361671801184, 0.018096930326826688, 0.03428534262963601], [0.0, 0.0, 0.0, 1.0]]}, "Hobj2base": {"type": "ndarray", "data": [[0.999857192364797, -0.0004967592226003979, -0.016892249899293707, -0.7440661757576045], [-0.0010930139771291075, -0.9993759283229062, -0.035306645396803484, 0.0753789472750628], [-0.01686416902284922, 0.0353200668035125, -0.9992337527746771, 0.00026853625236800127], [0.0, 0.0, 0.0, 1.0]]}, "mean_rme": {"type": "float", "data": 0.001200738945580905}, "max_rme": {"type": "float", "data": 0.004849583677203867}, "simu": {"type": "float", "data": 0.002}}, {"type": "dict", "image_number": {"type": "int", "data": 6}, "Hcamera2end": {"type": "ndarray", "data": [[0.999962573990697, -0.001928595040408489, -0.00843392785539622, -0.010267605382999109], [0.008446133338845738, 0.006410635254719188, 0.9999437817133788, 0.0250776551385201], [-0.00187441978285417, -0.9999775918873387, 0.006426684501092406, 0.03221596194074305], [0.0, 0.0, 0.0, 1.0]]}, "Hobj2base": {"type": "ndarray", "data": [[0.9999756729529632, -0.002706363905685611, -0.006428771008393868, -0.7360672076483984], [-0.002740177927809427, -0.9999824284596646, -0.005256823835361925, 0.09078356852516195], [-0.006414431166698215, 0.00527431192878136, -0.9999655177587303, 0.0026984393815713084], [0.0, 0.0, 0.0, 1.0]]}, "mean_rme": {"type": "float", "data": 0.0014153784456873593}, "max_rme": {"type": "float", "data": 0.004230868881065497}, "simu": {"type": "float", "data": 0.002}}, {"type": "dict", "image_number": {"type": "int", "data": 7}, "Hcamera2end": {"type": "ndarray", "data": [[0.999979584877112, -0.0037485670983730505, -0.005174753492454951, -0.010612342078235033], [0.005187258901395814, 0.0033340452960779476, 0.9999809880628, 0.02494867362841206], [-0.003731242968310903, -0.9999874161141594, 0.003353422019181984, 0.03191808452797713], [0.0, 0.0, 0.0, 1.0]]}, "Hobj2base": {"type": "ndarray", "data": [[0.999988869590733, -0.004219799814156766, -0.002110446440078667, -0.733844091354451], [-0.00422712518735908, -0.9999850150042033, -0.003478674991231579, 0.09173304982402229], [-0.002095735502966121, 0.0034875573934586485, -0.9999917223838055, 0.0024760054969640128], [0.0, 0.0, 0.0, 1.0]]}, "mean_rme": {"type": "float", "data": 0.0014439645057172156}, "max_rme": {"type": "float", "data": 0.004734834393695653}, "simu": {"type": "float", "data": 0.002}}, {"type": "dict", "image_number": {"type": "int", "data": 8}, "Hcamera2end": {"type": "ndarray", "data": [[0.9999829092068895, -0.002726761697055528, -0.005171659769674009, -0.010719544502546325], [0.005173234113478296, 0.0005706309028902234, 0.9999864559228689, 0.02501489914192151], [-0.002723773656700975, -0.9999961195679813, 0.0005847273269860009, 0.03280261784750951], [0.0, 0.0, 0.0, 1.0]]}, "Hobj2base": {"type": "ndarray", "data": [[0.9999953955336828, -0.00303458262640401, -1.4822849412353235e-05, -0.7341369562952726], [-0.0030346177851247147, -0.999987172387752, -0.004055385906021705, 0.09147588500945789], [-2.5162556568114144e-06, 0.004055412214816349, -0.9999917767789077, 0.0020052047463343103], [0.0, 0.0, 0.0, 1.0]]}, "mean_rme": {"type": "float", "data": 0.001537538653371426}, "max_rme": {"type": "float", "data": 0.004766228754186169}, "simu": {"type": "float", "data": 0.002}}, {"type": "dict", "image_number": {"type": "int", "data": 9}, "Hcamera2end": {"type": "ndarray", "data": [[0.9999837670564783, -0.00036454383332785263, -0.005686187767610705, -0.01076863734793267], [0.005687360886704049, 0.0033021036376510438, 0.9999783747850303, 0.024711080187837537], [-0.00034575956867729683, -0.9999944815944534, 0.003304123327128372, 0.03273383574101027], [0.0, 0.0, 0.0, 1.0]]}, "Hobj2base": {"type": "ndarray", "data": [[0.999998093553916, -0.0010944837838620888, -0.0016170942398010385, -0.7355656938448176], [-0.0011010020121113686, -0.9999912514269975, -0.004035450908780285, 0.09158165556722625], [-0.0016126633569537978, 0.004037223639422497, -0.9999905500264403, 0.0024506018347406743], [0.0, 0.0, 0.0, 1.0]]}, "mean_rme": {"type": "float", "data": 0.001753744164717555}, "max_rme": {"type": "float", "data": 0.005967819920097844}, "simu": {"type": "float", "data": 0.002}}, {"type": "dict", "image_number": {"type": "int", "data": 10}, "Hcamera2end": {"type": "ndarray", "data": [[0.9999922556180332, -0.0014060202348121803, -0.003675841544134609, -0.011578103063712658], [0.003679458622854094, 0.0025786882136943357, 0.9999899059247245, 0.025128793181903884], [-0.0013965271930728234, -0.9999956867277958, 0.0025838416366247285, 0.03389497737060527], [0.0, 0.0, 0.0, 1.0]]}, "Hobj2base": {"type": "ndarray", "data": [[0.9999971008313077, -0.0018776221263002407, -0.001507602112762275, -0.7362308890630193], [-0.0018822657257946231, -0.9999934710316898, -0.003084634456607696, 0.09157361895284168], [-0.0015018004917685813, 0.00308746322151704, -0.9999941060657003, 0.0025038498591532623], [0.0, 0.0, 0.0, 1.0]]}, "mean_rme": {"type": "float", "data": 0.0018067674873096426}, "max_rme": {"type": "float", "data": 0.006321862398191241}, "simu": {"type": "float", "data": 0.002}}, {"type": "dict", "image_number": {"type": "int", "data": 11}, "Hcamera2end": {"type": "ndarray", "data": [[0.999990070161736, -0.00017318051879600636, -0.004453042379566641, -0.01187963252681661], [0.00445330062405091, 0.0015205413334755669, 0.9999889279725077, 0.025201786338963306], [-0.00016640756633869115, -0.9999988289805951, 0.001521297459658455, 0.03469079133910864], [0.0, 0.0, 0.0, 1.0]]}, "Hobj2base": {"type": "ndarray", "data": [[0.9999997431061725, -0.0003157322840733724, -0.000643506576451541, -0.736415891980942], [-0.00031836777959824307, -0.9999915461587903, -0.004099543012123534, 0.09050244996245906], [-0.0006422067782702517, 0.004099746830736139, -0.9999913897861208, 0.0024349734200703843], [0.0, 0.0, 0.0, 1.0]]}, "mean_rme": {"type": "float", "data": 0.0018490454955815009}, "max_rme": {"type": "float", "data": 0.006239016414312987}, "simu": {"type": "float", "data": 0.002}}, {"type": "dict", "image_number": {"type": "int", "data": 12}, "Hcamera2end": {"type": "ndarray", "data": [[0.9999934130976917, -0.0009193902753892864, -0.0035111939209787535, -0.011943067093139392], [0.003511793035820813, 0.0006508421815487608, 0.9999936218367236, 0.02540013058485174], [-0.0009170991782566252, -0.9999993655627868, 0.0006540666028811426, 0.034899402193424245], [0.0, 0.0, 0.0, 1.0]]}, "Hobj2base": {"type": "ndarray", "data": [[0.9999994724747067, -0.0008971935072935115, 0.0005000941100428523, -0.7358706071739375], [-0.0008954045989529301, -0.9999932410598316, -0.003565962038159422, 0.09080098188497966], [0.0005032900879245757, 0.0035655123704582104, -0.9999935168892964, 0.002308341175219608], [0.0, 0.0, 0.0, 1.0]]}, "mean_rme": {"type": "float", "data": 0.0018936708715900593}, "max_rme": {"type": "float", "data": 0.006792843887255068}, "simu": {"type": "float", "data": 0.002}}, {"type": "dict", "image_number": {"type": "int", "data": 13}, "Hcamera2end": {"type": "ndarray", "data": [[0.9999896677995583, -0.0005860175463919407, -0.0045078684058346506, -0.011352342108480183], [0.004509158900794155, 0.0022197973483563116, 0.9999873699131102, 0.025492681087530007], [-0.0005760035906054004, -0.9999973645381109, 0.002222416859200549, 0.033912956859639055], [0.0, 0.0, 0.0, 1.0]]}, "Hobj2base": {"type": "ndarray", "data": [[0.9999993503845951, -0.0009464146818339243, -0.0006352398270241172, -0.7356947432558756], [-0.0009490002225156117, -0.9999912170938543, -0.004082295154567319, 0.09078354499161374], [-0.0006313707037024747, 0.004082895345382696, -0.9999914656318984, 0.0025635991524902276], [0.0, 0.0, 0.0, 1.0]]}, "mean_rme": {"type": "float", "data": 0.0018433655062915586}, "max_rme": {"type": "float", "data": 0.006698116606328769}, "simu": {"type": "float", "data": 0.002}}, {"type": "dict", "image_number": {"type": "int", "data": 14}, "Hcamera2end": {"type": "ndarray", "data": [[0.9999910461500244, -0.0008227025080311467, -0.004150997514213443, -0.011759075162699698], [0.004153106501654239, 0.002578575283107565, 0.9999880512565616, 0.02564791850197535], [-0.0008119890181795598, -0.9999963370483379, 0.002581968966066328, 0.03383720854207402], [0.0, 0.0, 0.0, 1.0]]}, "Hobj2base": {"type": "ndarray", "data": [[0.9999988198329481, -0.0012112450622632895, -0.0009451021691268159, -0.7355842943295119], [-0.0012145959625324318, -0.999992950231555, -0.0035530611926618506, 0.09061086619317611], [-0.0009407918785498357, 0.0035542049167349, -0.9999932412461854, 0.0026871731973411466], [0.0, 0.0, 0.0, 1.0]]}, "mean_rme": {"type": "float", "data": 0.001834747774780091}, "max_rme": {"type": "float", "data": 0.006713786891978296}, "simu": {"type": "float", "data": 0.002}}, {"type": "dict", "image_number": {"type": "int", "data": 15}, "Hcamera2end": {"type": "ndarray", "data": [[0.999989185090328, -0.0015450573042175403, -0.004386627441260512, -0.011493712198690859], [0.004391748953198285, 0.003327125129316877, 0.9999848212745561, 0.025756702699846777], [-0.0015304389938241559, -0.999993271495514, 0.0033338746505575667, 0.033281391350339695], [0.0, 0.0, 0.0, 1.0]]}, "Hobj2base": {"type": "ndarray", "data": [[0.9999968740383541, -0.0016157487250730638, -0.0019082110935151576, -0.7355316381135992], [-0.0016229783099025127, -0.9999914886772145, -0.0037932195473751673, 0.090921329113242], [-0.0019020659624670035, 0.003796304675131839, -0.9999909850673099, 0.002841423505016542], [0.0, 0.0, 0.0, 1.0]]}, "mean_rme": {"type": "float", "data": 0.0018261535637008185}, "max_rme": {"type": "float", "data": 0.00681151061565935}, "simu": {"type": "float", "data": 0.002}}, {"type": "dict", "image_number": {"type": "int", "data": 16}, "Hcamera2end": {"type": "ndarray", "data": [[0.9999945894825145, -0.00010152276451865037, -0.0032879627165543655, -0.011936889378262436], [0.0032881732584924216, 0.0021484282730699356, 0.9999922860565365, 0.02570264120573068], [-9.44580293167391e-05, -0.999997686971867, 0.0021487504734005736, 0.033673857279063156], [0.0, 0.0, 0.0, 1.0]]}, "Hobj2base": {"type": "ndarray", "data": [[0.9999991480661458, -0.00048033017794894074, -0.0012137338682134877, -0.7358126561318499], [-0.000484224815891658, -0.9999947289230342, -0.003210553297219977, 0.09062917186831625], [-0.0012121853448922844, 0.0032111382820998098, -0.9999941095814626, 0.0029643078116349322], [0.0, 0.0, 0.0, 1.0]]}, "mean_rme": {"type": "float", "data": 0.0019256948548500373}, "max_rme": {"type": "float", "data": 0.00696202133216714}, "simu": {"type": "float", "data": 0.002}}, {"type": "dict", "image_number": {"type": "int", "data": 17}, "Hcamera2end": {"type": "ndarray", "data": [[0.999994437015099, -0.0001626027484909003, -0.0033315910915648625, -0.011795772597432372], [0.003331790194900704, 0.0012399642160488833, 0.9999936808114538, 0.026786808119095038], [-0.0001584706672374276, -0.9999992180242385, 0.0012404990763897894, 0.034212204343482724], [0.0, 0.0, 0.0, 1.0]]}, "Hobj2base": {"type": "ndarray", "data": [[0.9999995811069308, -0.0008818788451094933, -0.00024510337747202834, -0.7356998734931579], [-0.0008826806722231957, -0.9999941958764862, -0.0032907579934094897, 0.09101209733517553], [-0.00024219990500298896, 0.003290972962947765, -0.9999945554032601, 0.0018550219788264766], [0.0, 0.0, 0.0, 1.0]]}, "mean_rme": {"type": "float", "data": 0.0019787981943715166}, "max_rme": {"type": "float", "data": 0.006704304066615013}, "simu": {"type": "float", "data": 0.002}}, {"type": "dict", "image_number": {"type": "int", "data": 18}, "Hcamera2end": {"type": "ndarray", "data": [[0.9999924246828803, 0.000738244889964727, -0.003821723608058953, -0.012099552440789333], [0.0038200349633218875, 0.002275402880489996, 0.9999901148884476, 0.026786394981237256], [0.0007469335532378511, -0.9999971387640136, 0.002272565522300374, 0.03323393196893408], [0.0, 0.0, 0.0, 1.0]]}, "Hobj2base": {"type": "ndarray", "data": [[0.9999993041978718, 0.00046816707363407564, -0.0010827850033550876, -0.7356116760403845], [0.00046389978825217765, -0.9999921387349597, -0.003937926518835048, 0.09011556213556023], [-0.0010846200988297037, 0.003937421475083617, -0.9999916601209078, 0.0017910537126975391], [0.0, 0.0, 0.0, 1.0]]}, "mean_rme": {"type": "float", "data": 0.002010768857799709}, "max_rme": {"type": "float", "data": 0.006963890675887402}, "simu": {"type": "float", "data": 0.002}}, {"type": "dict", "image_number": {"type": "int", "data": 19}, "Hcamera2end": {"type": "ndarray", "data": [[0.9999942185289047, 0.0008810672725006389, -0.0032843004166090194, -0.012342818690032925], [0.003282782653521592, 0.0017185920820605993, 0.9999931348660877, 0.02678982706545824], [0.0008867055965469202, -0.9999981350791195, 0.0017156897937115057, 0.033402672965993745], [0.0, 0.0, 0.0, 1.0]]}, "Hobj2base": {"type": "ndarray", "data": [[0.9999994599741446, 0.0004487919011589575, -0.0009373565215864006, -0.7355073995485648], [0.000445649001323232, -0.9999942878860033, -0.0033504615105180093, 0.09019237820570385], [-0.0009388548272901586, 0.0033500419691844378, -0.9999939478668951, 0.001914894912415921], [0.0, 0.0, 0.0, 1.0]]}, "mean_rme": {"type": "float", "data": 0.0019544473453940183}, "max_rme": {"type": "float", "data": 0.006989919764467972}, "simu": {"type": "float", "data": 0.002}}, {"type": "dict", "image_number": {"type": "int", "data": 20}, "Hcamera2end": {"type": "ndarray", "data": [[0.9999967855135035, 0.0009039167435093072, -0.0023689443178467606, -0.012876031816260942], [0.002367414768997266, 0.0016894691474830248, 0.9999957705117114, 0.02665990419657916], [0.0009079151787411343, -0.9999981643125754, 0.001687323770858784, 0.03353080281394818], [0.0, 0.0, 0.0, 1.0]]}, "Hobj2base": {"type": "ndarray", "data": [[0.9999994501621036, 0.0006367651752042314, -0.0008331900157245326, -0.7356579956930173], [0.000634265456709585, -0.9999953078060178, -0.0029970107238216654, 0.09022572106494105], [-0.0008350944982939977, 0.0029964806123057436, -0.9999951618488558, 0.0019256635538848431], [0.0, 0.0, 0.0, 1.0]]}, "mean_rme": {"type": "float", "data": 0.001948251232653469}, "max_rme": {"type": "float", "data": 0.006912192365634423}, "simu": {"type": "float", "data": 0.002}}, {"type": "dict", "image_number": {"type": "int", "data": 21}, "Hcamera2end": {"type": "ndarray", "data": [[0.9999967966907022, 0.0009454668046967119, -0.002347914149986111, -0.012814007998696277], [0.0023461004315986347, 0.0019148924935341594, 0.9999954144892381, 0.026642414358292812], [0.0009499584724297754, -0.9999977196370297, 0.0019126681994626749, 0.03333216736826109], [0.0, 0.0, 0.0, 1.0]]}, "Hobj2base": {"type": "ndarray", "data": [[0.9999988669926307, 0.0009744895176095434, -0.001147337629003791, -0.7356443695968023], [0.000971134125906185, -0.9999952610426328, -0.0029214364250490935, 0.09027811420779791], [-0.0011501791009922548, 0.0029203188963146335, -0.9999950744006587, 0.0019686237606308123], [0.0, 0.0, 0.0, 1.0]]}, "mean_rme": {"type": "float", "data": 0.0018857783024712857}, "max_rme": {"type": "float", "data": 0.006946711198539041}, "simu": {"type": "float", "data": 0.002}}, {"type": "dict", "image_number": {"type": "int", "data": 22}, "Hcamera2end": {"type": "ndarray", "data": [[0.9999950184528112, 0.0003998712800565246, -0.003131001839832317, -0.012437980104451015], [0.003130553698507038, 0.001116465296115976, 0.9999944765541375, 0.027389389859431824], [0.00040336472628540554, -0.9999992968038538, 0.0011152079158767148, 0.033680588104290705], [0.0, 0.0, 0.0, 1.0]]}, "Hobj2base": {"type": "ndarray", "data": [[0.9999998074435577, 0.00036022881432529907, -0.00050531974911326, -0.7356278904751575], [0.00035854408269564154, -0.9999943908268838, -0.003330129263307957, 0.09047457082491535], [-0.0005065165232033796, 0.0033299474426641998, -0.9999943274294314, 0.0011006948892381533], [0.0, 0.0, 0.0, 1.0]]}, "mean_rme": {"type": "float", "data": 0.0018925120348260629}, "max_rme": {"type": "float", "data": 0.006923301088337469}, "simu": {"type": "float", "data": 0.002}}, {"type": "dict", "image_number": {"type": "int", "data": 23}, "Hcamera2end": {"type": "ndarray", "data": [[0.9999906522022435, 0.0013309885425969764, -0.004113876229433057, -0.01199091512403208], [0.004112229468242679, 0.0012376266878414421, 0.9999907788819766, 0.027443245865576813], [0.00133606771240656, -0.9999983483734767, 0.001232141788450658, 0.03369424175307193], [0.0, 0.0, 0.0, 1.0]]}, "Hobj2base": {"type": "ndarray", "data": [[0.9999991797892178, 0.001152992559302609, -0.000557699784752417, -0.7356601359124263], [0.0011506317355868547, -0.999990454435062, -0.004215102058908053, 0.09028919290234694], [-0.0005625544425035278, 0.00421445689456463, -0.9999909609019386, 0.0011007273373987074], [0.0, 0.0, 0.0, 1.0]]}, "mean_rme": {"type": "float", "data": 0.0019180021399617239}, "max_rme": {"type": "float", "data": 0.006621367858882593}, "simu": {"type": "float", "data": 0.002}}, {"type": "dict", "image_number": {"type": "int", "data": 24}, "Hcamera2end": {"type": "ndarray", "data": [[0.9999925330125752, 0.001716651924913971, -0.0034622283665829046, -0.012196796453021398], [0.003458057934419814, 0.002426444248083248, 0.9999910770620072, 0.027553813922991957], [0.0017250375114409356, -0.9999955827274837, 0.0024204898480449932, 0.032999969083838586], [0.0, 0.0, 0.0, 1.0]]}, "Hobj2base": {"type": "ndarray", "data": [[0.9999970409195681, 0.0014263630489683432, -0.0019706954509233895, -0.7357558382515826], [0.0014189695499635504, -0.999991969332678, -0.003748038896235811, 0.09039767164961926], [-0.001976025689111518, 0.003745231448650143, -0.9999910342417431, 0.0014590318540595333], [0.0, 0.0, 0.0, 1.0]]}, "mean_rme": {"type": "float", "data": 0.00194335230480839}, "max_rme": {"type": "float", "data": 0.006528422074229073}, "simu": {"type": "float", "data": 0.002}}, {"type": "dict", "image_number": {"type": "int", "data": 25}, "Hcamera2end": {"type": "ndarray", "data": [[0.9999956793190806, 0.00019798735433412557, -0.0029329412162585984, -0.012918654648117998], [0.0029327594082292317, 0.0009124091010497271, 0.9999952832048189, 0.02753236478987143], [0.00020066246272688513, -0.9999995641552251, 0.0009118245095450783, 0.0330560128550188], [0.0, 0.0, 0.0, 1.0]]}, "Hobj2base": {"type": "ndarray", "data": [[0.9999997978500094, 6.606067543247652e-05, -0.0006324048762918435, -0.7351169932295165], [6.382458402291545e-05, -0.9999937490478439, -0.003535221585715403, 0.08999662971275554], [-0.0006326344622849745, 0.0035351805080922295, -0.9999935511154121, 0.0011291293893979715], [0.0, 0.0, 0.0, 1.0]]}, "mean_rme": {"type": "float", "data": 0.002044693884573484}, "max_rme": {"type": "float", "data": 0.007533177826364673}, "simu": {"type": "float", "data": 0.002}}, {"type": "dict", "image_number": {"type": "int", "data": 26}, "Hcamera2end": {"type": "ndarray", "data": [[0.9999949911989832, 0.00044969191469496333, -0.0031329465567555247, -0.01304807686001463], [0.003132969150728442, -4.954758631892098e-05, 0.9999950910126197, 0.027554409058839185], [0.00044953447722307586, -0.9999998976611043, -5.095620904116416e-05, 0.03338622350253759], [0.0, 0.0, 0.0, 1.0]]}, "Hobj2base": {"type": "ndarray", "data": [[0.9999998488398092, 0.0005418052860551684, -9.36343461369787e-05, -0.7352170651976352], [0.0005414589280295883, -0.9999931544459322, -0.003660311940806404, 0.08965207792309762], [-9.561688151613934e-05, 0.003660260688360266, -0.9999932966520855, 0.0010855639982439073], [0.0, 0.0, 0.0, 1.0]]}, "mean_rme": {"type": "float", "data": 0.0020829585677750355}, "max_rme": {"type": "float", "data": 0.007707843304553236}, "simu": {"type": "float", "data": 0.002}}, {"type": "dict", "image_number": {"type": "int", "data": 27}, "Hcamera2end": {"type": "ndarray", "data": [[0.9999939076209802, -0.00018848625516892882, -0.0034855693730168665, -0.012962998853399925], [0.003485540055006553, -0.00015564997943018355, 0.9999939133732809, 0.027533077215521982], [-0.00018902763672466413, -0.9999999701230073, -0.00015499205475921762, 0.03344911927311178], [0.0, 0.0, 0.0, 1.0]]}, "Hobj2base": {"type": "ndarray", "data": [[0.9999999894632614, 0.00014022208769406928, 3.756651651533772e-05, -0.7350869316230699], [0.0001403667743048392, -0.9999924646060618, -0.003879565473471506, 0.08967403806826901], [3.7022232666800884e-05, 0.0038795707056842837, -0.9999924737519248, 0.001021819746865559], [0.0, 0.0, 0.0, 1.0]]}, "mean_rme": {"type": "float", "data": 0.0020541299248660124}, "max_rme": {"type": "float", "data": 0.00779756887258623}, "simu": {"type": "float", "data": 0.002}}, {"type": "dict", "image_number": {"type": "int", "data": 28}, "Hcamera2end": {"type": "ndarray", "data": [[0.999993247812019, -0.0004043495914571782, -0.003652510339179775, -0.013110188537644039], [0.0036527467647320755, 0.0005855196300410537, 0.9999931572805063, 0.027595406660761053], [-0.0004022082081038289, -0.9999997468340533, 0.0005869926631645317, 0.03298573266188356], [0.0, 0.0, 0.0, 1.0]]}, "Hobj2base": {"type": "ndarray", "data": [[0.9999997821050869, 5.9230196198946345e-06, -0.0006601171840294286, -0.7350922996933994], [3.39098505756065e-06, -0.9999926437847231, -0.0038356700771663105, 0.08945299055725198], [-0.0006601350468144376, 0.0038356670029458047, -0.9999924259114976, 0.001129272371665092], [0.0, 0.0, 0.0, 1.0]]}, "mean_rme": {"type": "float", "data": 0.002038534962259963}, "max_rme": {"type": "float", "data": 0.007886974731128898}, "simu": {"type": "float", "data": 0.002}}, {"type": "dict", "image_number": {"type": "int", "data": 29}, "Hcamera2end": {"type": "ndarray", "data": [[0.9999936643188538, -0.0006329375736928277, -0.003502957633091935, -0.013120048741490387], [0.00350337601844441, 0.0006611263802213108, 0.9999936446139959, 0.02763847151356216], [-0.0006306176534301956, -0.9999995811508808, 0.0006633396098522093, 0.03298665274130981], [0.0, 0.0, 0.0, 1.0]]}, "Hobj2base": {"type": "ndarray", "data": [[0.9999998011191538, -0.000117621486032457, -0.0006196183010086096, -0.7350446167730296], [-0.00011999615181795166, -0.9999926436722173, -0.003833823466636065, 0.08955306649687374], [-0.0006191628028799555, 0.0038338970559737267, -0.9999924589069598, 0.0011429628048302315], [0.0, 0.0, 0.0, 1.0]]}, "mean_rme": {"type": "float", "data": 0.0020151351350685535}, "max_rme": {"type": "float", "data": 0.007912193871188494}, "simu": {"type": "float", "data": 0.002}}, {"type": "dict", "image_number": {"type": "int", "data": 30}, "Hcamera2end": {"type": "ndarray", "data": [[0.9999938715915382, -0.00047950300978586466, -0.003467975811601133, -0.013078004912530897], [0.0034683240641327816, 0.0007273641235935324, 0.9999937208150949, 0.0277698841617829], [-0.00047697751771095436, -0.9999996205090758, 0.0007290227378368153, 0.03297053680603683], [0.0, 0.0, 0.0, 1.0]]}, "Hobj2base": {"type": "ndarray", "data": [[0.9999997124597416, 0.00017544978203894404, -0.0007377654153128386, -0.7350765777616122], [0.0001724760447009396, -0.9999918691992946, -0.00402886923526893, 0.08941635599924844], [-0.0007384662809184707, 0.004028740829946078, -0.9999916119222587, 0.0010999139953876802], [0.0, 0.0, 0.0, 1.0]]}, "mean_rme": {"type": "float", "data": 0.0020263825639477854}, "max_rme": {"type": "float", "data": 0.008042174929705576}, "simu": {"type": "float", "data": 0.002}}]}