{"type": "list", "data": [{"type": "dict", "image_number": {"type": "int", "data": 5}, "Hcamera2end": {"type": "ndarray", "data": [[0.9999372881539266, 0.0008821660589697173, -0.011164297667813128, -0.009189181702070856], [0.011150715723277325, 0.014137195543973302, 0.9998378874802705, 0.029583686281675414], [0.0010398549080480766, -0.9998996757101164, 0.014126472191398176, 0.032447219043216353], [0.0, 0.0, 0.0, 1.0]]}, "Hobj2base": {"type": "ndarray", "data": [[0.9999060945565268, -0.0037412802496265903, -0.013183508289067255, -0.7415043352364034], [-0.0038334691184799988, -0.999968330464295, -0.006974423486386589, 0.09177149745296605], [-0.013156997500638633, 0.007024307121955495, -0.9998887700770642, 0.0007586402494716094], [0.0, 0.0, 0.0, 1.0]]}, "mean_rme": {"type": "float", "data": 0.0017784134586943739}, "max_rme": {"type": "float", "data": 0.005274636536995531}, "simu": {"type": "float", "data": 0.002}}, {"type": "dict", "image_number": {"type": "int", "data": 6}, "Hcamera2end": {"type": "ndarray", "data": [[0.999866921517566, 0.001954275442307009, -0.01619629780169557, -0.010003996149212505], [0.016211322033144848, -0.007933924359109001, 0.9998371096744717, 0.029053916479331577], [0.0018254569080877843, -0.999966616268643, -0.007964549913032304, 0.0319376211851519], [0.0, 0.0, 0.0, 1.0]]}, "Hobj2base": {"type": "ndarray", "data": [[0.9999594288209719, 0.005905959889358278, 0.006801496145775238, -0.7302786588764222], [0.005981786011027041, -0.999919580652173, -0.01118259650083595, 0.08675332110969163], [0.006734905207498133, 0.011222827904210168, -0.9999143409241005, -0.0019746290241961137], [0.0, 0.0, 0.0, 1.0]]}, "mean_rme": {"type": "float", "data": 0.0018681762680995047}, "max_rme": {"type": "float", "data": 0.004657388871244499}, "simu": {"type": "float", "data": 0.002}}, {"type": "dict", "image_number": {"type": "int", "data": 7}, "Hcamera2end": {"type": "ndarray", "data": [[0.9999760225282414, 0.002109788630002554, -0.006595692574312672, -0.01172480316462519], [0.0065990349952783555, -0.0015812258125025291, 0.9999769759659776, 0.029584069002003013], [0.0020993107748075238, -0.9999965242523929, -0.001595110467707217, 0.03255188610907634], [0.0, 0.0, 0.0, 1.0]]}, "Hobj2base": {"type": "ndarray", "data": [[0.9999960512305781, 0.0028101817052338623, 2.00508017907035e-05, -0.7348154071712595], [0.0028102427384567694, -0.9999863642050448, -0.004401583774682444, 0.08976798319276753], [7.68127818441479e-06, 0.004401622741463159, -0.9999903127821983, -0.00039718343068901555], [0.0, 0.0, 0.0, 1.0]]}, "mean_rme": {"type": "float", "data": 0.0020878653017487874}, "max_rme": {"type": "float", "data": 0.005231707193075696}, "simu": {"type": "float", "data": 0.002}}, {"type": "dict", "image_number": {"type": "int", "data": 8}, "Hcamera2end": {"type": "ndarray", "data": [[0.9999795309744778, 0.0017725281275975235, -0.006147826941315394, -0.012394807412088942], [0.006150301681203023, -0.0013941100079073454, 0.99998011492555, 0.029728613132812352], [0.0017639221336779708, -0.9999974572974287, -0.001404983054557274, 0.032560863562926735], [0.0, 0.0, 0.0, 1.0]]}, "Hobj2base": {"type": "ndarray", "data": [[0.9999981095770311, 0.0019016203647712316, 0.0004058107348065354, -0.7346650856327487], [0.001903201880178691, -0.9999904544670397, -0.003933039207407106, 0.08954205987845147], [0.00039832771367454147, 0.003933804112052932, -0.9999921832295695, -0.00020028834828575426], [0.0, 0.0, 0.0, 1.0]]}, "mean_rme": {"type": "float", "data": 0.0019360380884770373}, "max_rme": {"type": "float", "data": 0.005007604555403666}, "simu": {"type": "float", "data": 0.002}}, {"type": "dict", "image_number": {"type": "int", "data": 9}, "Hcamera2end": {"type": "ndarray", "data": [[0.9999656386756786, 0.002674195426098911, -0.007846664690506499, -0.011232434961153542], [0.00784971170993357, -0.0011308304724029217, 0.9999685511297409, 0.029218727841724156], [0.002665238078135153, -0.9999957849417493, -0.0011517832787213411, 0.0335450471074898], [0.0, 0.0, 0.0, 1.0]]}, "Hobj2base": {"type": "ndarray", "data": [[0.9999978515485592, 0.002042173435463464, -0.00035556423483404994, -0.7357773163134929], [0.0020398921534315185, -0.9999780599220633, -0.006302262649935003, 0.08915586025514999], [-0.00036842674709403707, 0.006301523797137054, -0.9999800773313268, 0.000348209570767144], [0.0, 0.0, 0.0, 1.0]]}, "mean_rme": {"type": "float", "data": 0.001977248360528435}, "max_rme": {"type": "float", "data": 0.005400594077696053}, "simu": {"type": "float", "data": 0.002}}, {"type": "dict", "image_number": {"type": "int", "data": 10}, "Hcamera2end": {"type": "ndarray", "data": [[0.9999778652334637, 0.001608883191054971, -0.006456046623315975, -0.011095214011054837], [0.006459630560216692, -0.00223244251577559, 0.9999766444139779, 0.029233281203330592], [0.0015944328616794828, -0.9999962138404781, -0.002242785892210497, 0.034511214078077855], [0.0, 0.0, 0.0, 1.0]]}, "Hobj2base": {"type": "ndarray", "data": [[0.9999977281190855, 0.0011012884324010542, 0.0018250809451262032, -0.7354594633970083], [0.0011099996973133214, -0.999987964625763, -0.004778964772416451, 0.0903472671059817], [0.0018197959609713012, 0.004780979754474256, -0.9999869152020182, 2.2878947748689038e-05], [0.0, 0.0, 0.0, 1.0]]}, "mean_rme": {"type": "float", "data": 0.002116975834285972}, "max_rme": {"type": "float", "data": 0.005557718735866024}, "simu": {"type": "float", "data": 0.002}}, {"type": "dict", "image_number": {"type": "int", "data": 11}, "Hcamera2end": {"type": "ndarray", "data": [[0.9999744711201203, 0.0008700753278472885, -0.007092254716204491, -0.010752137967284116], [0.007093675282837679, -0.001640619270491639, 0.999973493718404, 0.02963142241025785], [0.0008584165756269995, -0.99999827566718, -0.0016467494191667598, 0.03411167726229811], [0.0, 0.0, 0.0, 1.0]]}, "Hobj2base": {"type": "ndarray", "data": [[0.9999985643033803, -5.376389447771771e-06, 0.0016945094489852924, -0.7355659435381324], [4.585114327752886e-06, -0.9999827206594407, -0.005878636025424564, 0.09025889066540786], [0.0016945117748161371, 0.005878635355006246, -0.9999812849629774, -0.0003564218172429407], [0.0, 0.0, 0.0, 1.0]]}, "mean_rme": {"type": "float", "data": 0.0020342352680652476}, "max_rme": {"type": "float", "data": 0.005516886620265393}, "simu": {"type": "float", "data": 0.002}}, {"type": "dict", "image_number": {"type": "int", "data": 12}, "Hcamera2end": {"type": "ndarray", "data": [[0.999977756420749, 0.0010158771878558607, -0.0065920146589827835, -0.011299167958557005], [0.006594293527598072, -0.0022564715211601527, 0.9999757115196076, 0.029667901965284564], [0.0010009778203976358, -0.9999969381602191, -0.002263120321521761, 0.034199304871621074], [0.0, 0.0, 0.0, 1.0]]}, "Hobj2base": {"type": "ndarray", "data": [[0.999998883695561, 0.00036806757675204366, 0.001448148435369207, -0.7352465319516702], [0.0003760185402199311, -0.9999848371828695, -0.005493998034843249, 0.09003311932932812], [0.001446104314815939, 0.005494536432529544, -0.9999838592955896, -0.00017704379323522923], [0.0, 0.0, 0.0, 1.0]]}, "mean_rme": {"type": "float", "data": 0.001965473963285868}, "max_rme": {"type": "float", "data": 0.005668180850185001}, "simu": {"type": "float", "data": 0.002}}, {"type": "dict", "image_number": {"type": "int", "data": 13}, "Hcamera2end": {"type": "ndarray", "data": [[0.9999741157006452, 0.0013774860587861069, -0.0070619020717068905, -0.011232035993419718], [0.007064366601995185, -0.0017925667244076404, 0.9999734403618183, 0.02993451213030085], [0.0013647905425900188, -0.9999974446150832, -0.001802251391582299, 0.03428473591412263], [0.0, 0.0, 0.0, 1.0]]}, "Hobj2base": {"type": "ndarray", "data": [[0.9999991468985491, 0.0005300082848708148, 0.001193856520728275, -0.7356346709338308], [0.0005363953806906029, -0.9999855125721611, -0.005356017717263885, 0.08993977752232546], [0.0011910004910540165, 0.005356653527160325, -0.9999849437770651, -0.00038762146605236374], [0.0, 0.0, 0.0, 1.0]]}, "mean_rme": {"type": "float", "data": 0.0019182476452997475}, "max_rme": {"type": "float", "data": 0.005732493901372593}, "simu": {"type": "float", "data": 0.002}}, {"type": "dict", "image_number": {"type": "int", "data": 14}, "Hcamera2end": {"type": "ndarray", "data": [[0.9999628229711499, 0.002569000181282368, -0.008231215805534042, -0.010666783258778297], [0.008235396941684346, -0.001621221663817618, 0.9999647743183405, 0.02958755865005721], [0.0025555650611163096, -0.9999953859285479, -0.0016423181278493182, 0.03316032046352013], [0.0, 0.0, 0.0, 1.0]]}, "Hobj2base": {"type": "ndarray", "data": [[0.9999980140011674, 0.001740886124015213, 0.0009702109173439003, -0.7348063910798279], [0.0017473097158973042, -0.9999762968735895, -0.0066597747514410355, 0.0894127594782153], [0.000958594010858031, 0.006661456784098498, -0.9999773527890701, -0.00010958786467124162], [0.0, 0.0, 0.0, 1.0]]}, "mean_rme": {"type": "float", "data": 0.0019539235091098816}, "max_rme": {"type": "float", "data": 0.005721331713181288}, "simu": {"type": "float", "data": 0.002}}, {"type": "dict", "image_number": {"type": "int", "data": 15}, "Hcamera2end": {"type": "ndarray", "data": [[0.9999350789316422, 0.003555486412421679, -0.010825730383743803, -0.009983760404816354], [0.010825333327457099, 0.00013090056021702878, 0.99994139579447, 0.029964946986748123], [0.003556695140137197, -0.999993670670677, 9.240273645716446e-05, 0.03193768073427507], [0.0, 0.0, 0.0, 1.0]]}, "Hobj2base": {"type": "ndarray", "data": [[0.9999970959765984, 0.0023489325471303876, -0.0005390308514841731, -0.7343354013237596], [0.0023443163317684434, -0.9999618835554995, -0.008410446900920524, 0.08875458092329723], [-0.0005587658780061228, 0.008409158817957445, -0.9999644862837216, -0.00044230541328971196], [0.0, 0.0, 0.0, 1.0]]}, "mean_rme": {"type": "float", "data": 0.0020887937232683786}, "max_rme": {"type": "float", "data": 0.006069387640419255}, "simu": {"type": "float", "data": 0.002}}, {"type": "dict", "image_number": {"type": "int", "data": 16}, "Hcamera2end": {"type": "ndarray", "data": [[0.9999431884925446, 0.0027716612672226107, -0.010292603226744964, -0.010498400353716011], [0.010297363528855186, -0.0017087320007853624, 0.9999455207856598, 0.0295192287200024], [0.002753922968789429, -0.9999946990503348, -0.001737175728792062, 0.03182713870862225], [0.0, 0.0, 0.0, 1.0]]}, "Hobj2base": {"type": "ndarray", "data": [[0.9999964082445927, 0.002329127119126187, 0.0013261465895253223, -0.7333618706135924], [0.002339658749953549, -0.9999652932079239, -0.007996147605246338, 0.08839539489806604], [0.001307476518995462, 0.007999221615511844, -0.9999671509398189, -0.0001538926432262562], [0.0, 0.0, 0.0, 1.0]]}, "mean_rme": {"type": "float", "data": 0.0021189109187999735}, "max_rme": {"type": "float", "data": 0.0060822100412515345}, "simu": {"type": "float", "data": 0.002}}, {"type": "dict", "image_number": {"type": "int", "data": 17}, "Hcamera2end": {"type": "ndarray", "data": [[0.9999555409673643, 0.0023822711257628225, -0.009123643622437047, -0.01122146838504778], [0.00912664354535159, -0.0012514501535996203, 0.9999575682248268, 0.029689041475012917], [0.002370752256557325, -0.9999963793218435, -0.001273136654729612, 0.031134042999808938], [0.0, 0.0, 0.0, 1.0]]}, "Hobj2base": {"type": "ndarray", "data": [[0.9999977890070858, 0.0017717384900941694, 0.0011326622014189475, -0.7329533992902557], [0.0017793122779995118, -0.9999758304953832, -0.006721047008175199, 0.08854145060330623], [0.0011207268878565247, 0.006723047507749699, -0.9999767720319563, -0.00046379394379961354], [0.0, 0.0, 0.0, 1.0]]}, "mean_rme": {"type": "float", "data": 0.0021621692150029623}, "max_rme": {"type": "float", "data": 0.006546103947946358}, "simu": {"type": "float", "data": 0.002}}, {"type": "dict", "image_number": {"type": "int", "data": 18}, "Hcamera2end": {"type": "ndarray", "data": [[0.9999465592420973, 0.002637069031611175, -0.009996225628375289, -0.010905027374361805], [0.009999530581690667, -0.0012430737572368677, 0.9999492307891337, 0.029819771789186326], [0.0026245091039473908, -0.9999957503082485, -0.0012693767788607424, 0.031094896366378244], [0.0, 0.0, 0.0, 1.0]]}, "Hobj2base": {"type": "ndarray", "data": [[0.9999977467892892, 0.0019316711771384279, 0.0008803765149638696, -0.7329955182293408], [0.0019382014997291982, -0.9999701598001149, -0.007478160487617141, 0.08839661899837327], [0.0008659048972807438, 0.007479849984827462, -0.999971650624613, -0.0007625439299642058], [0.0, 0.0, 0.0, 1.0]]}, "mean_rme": {"type": "float", "data": 0.0021361015239882877}, "max_rme": {"type": "float", "data": 0.006593169695878087}, "simu": {"type": "float", "data": 0.002}}, {"type": "dict", "image_number": {"type": "int", "data": 19}, "Hcamera2end": {"type": "ndarray", "data": [[0.9999545805567438, 0.002901664668386062, -0.009078390041130542, -0.011409876942430293], [0.009079932497759449, -0.0005188454782145691, 0.9999586419573591, 0.0291320096927749], [0.002896834379592668, -0.999995655561324, -0.000545168831862064, 0.030653301037241648], [0.0, 0.0, 0.0, 1.0]]}, "Hobj2base": {"type": "ndarray", "data": [[0.9999967854651975, 0.002526172157012644, 0.00021797592726128417, -0.7331178230083624], [0.002527587059823548, -0.9999739884389114, -0.006755275659188198, 0.08877582226794058], [0.00020090526808394982, 0.00675580489725259, -0.9999771591077788, -1.682399445281456e-05], [0.0, 0.0, 0.0, 1.0]]}, "mean_rme": {"type": "float", "data": 0.0021533339250118465}, "max_rme": {"type": "float", "data": 0.0068935565875601346}, "simu": {"type": "float", "data": 0.002}}, {"type": "dict", "image_number": {"type": "int", "data": 20}, "Hcamera2end": {"type": "ndarray", "data": [[0.9999561186877562, 0.0028341492478607248, -0.008929070330045733, -0.011470682063013549], [0.008930880328794043, -0.0006266269607484443, 0.9999599225545016, 0.029356072596477278], [0.002828440466195485, -0.9999957874594737, -0.0006519109113016786, 0.030703881963920335], [0.0, 0.0, 0.0, 1.0]]}, "Hobj2base": {"type": "ndarray", "data": [[0.99999668011833, 0.0025671293446009446, 0.00022270888307449174, -0.7331220375473881], [0.0025685377516130956, -0.9999751007866855, -0.006572702676695205, 0.08864983777912958], [0.00020583035988382364, 0.006573252892273862, -0.9999783747563129, -0.00018303626363663507], [0.0, 0.0, 0.0, 1.0]]}, "mean_rme": {"type": "float", "data": 0.0020681493103597037}, "max_rme": {"type": "float", "data": 0.006879418303085583}, "simu": {"type": "float", "data": 0.002}}, {"type": "dict", "image_number": {"type": "int", "data": 21}, "Hcamera2end": {"type": "ndarray", "data": [[0.9999567332098973, 0.002704537585709691, -0.008900403622180504, -0.011657234177040465], [0.008899722839149337, 0.00026364973193859775, 0.9999603619255143, 0.029200349348536745], [0.0027067769720765535, -0.9999963079758177, 0.00023956868974006618, 0.03064748052639139], [0.0, 0.0, 0.0, 1.0]]}, "Hobj2base": {"type": "ndarray", "data": [[0.9999985991579744, 0.0016283471751887143, -0.00038751460083867123, -0.7333657712547182], [0.0016258182692092523, -0.9999779466493461, -0.006439171523804392, 0.08857449275518323], [-0.00039799126160463795, 0.006438532475224682, -0.9999791932347999, 0.0001868152034049003], [0.0, 0.0, 0.0, 1.0]]}, "mean_rme": {"type": "float", "data": 0.002044074619448563}, "max_rme": {"type": "float", "data": 0.006501439312658008}, "simu": {"type": "float", "data": 0.002}}, {"type": "dict", "image_number": {"type": "int", "data": 22}, "Hcamera2end": {"type": "ndarray", "data": [[0.999964872516886, 0.002246131127980693, -0.008075185895310788, -0.011869040473671719], [0.00807215724301302, 0.0013541994479981945, 0.9999665026496135, 0.02900722606749886], [0.0022569913008211994, -0.9999965605134907, 0.0013360207547264968, 0.029963102593644847], [0.0, 0.0, 0.0, 1.0]]}, "Hobj2base": {"type": "ndarray", "data": [[0.9999994158297058, 0.0008828512490359043, -0.000623629633093192, -0.7330418914169456], [0.000879227958737745, -0.9999828710887972, -0.005786578194602169, 0.08884733380693076], [-0.0006287276387833318, 0.005786026501645771, -0.9999830631560107, 0.000358481821919718], [0.0, 0.0, 0.0, 1.0]]}, "mean_rme": {"type": "float", "data": 0.002080992506085355}, "max_rme": {"type": "float", "data": 0.006515476193689473}, "simu": {"type": "float", "data": 0.002}}, {"type": "dict", "image_number": {"type": "int", "data": 23}, "Hcamera2end": {"type": "ndarray", "data": [[0.999970067967081, 0.0028261030367511303, -0.007202521193104943, -0.01218884857177547], [0.007202733022831274, -6.478388285335868e-05, 0.9999740578835286, 0.029195832660664445], [0.002825563114367767, -0.999996004464355, -8.513760940886961e-05, 0.031128474458526692], [0.0, 0.0, 0.0, 1.0]]}, "Hobj2base": {"type": "ndarray", "data": [[0.9999984421254314, 0.0017381776955979762, 0.0003073841385254886, -0.7332830847049819], [0.0017397060673229583, -0.999985766356086, -0.005043858446826479, 0.0889716604190658], [0.0002986126410770887, 0.0050443853471784685, -0.9999872324219747, -9.226069548632896e-05], [0.0, 0.0, 0.0, 1.0]]}, "mean_rme": {"type": "float", "data": 0.0021982669781810647}, "max_rme": {"type": "float", "data": 0.0065001169442959195}, "simu": {"type": "float", "data": 0.002}}, {"type": "dict", "image_number": {"type": "int", "data": 24}, "Hcamera2end": {"type": "ndarray", "data": [[0.9999669939621276, 0.0030564457524414625, -0.007527889857622743, -0.011996386018251804], [0.007527973563474085, -1.588297593979604e-05, 0.999971664279423, 0.029067082088701932], [0.003056239580555178, -0.9999953289326375, -3.889129452816498e-05, 0.031080821297022557], [0.0, 0.0, 0.0, 1.0]]}, "Hobj2base": {"type": "ndarray", "data": [[0.9999977856513234, 0.002104013809556291, -4.2641987853183945e-05, -0.7333669272552347], [0.0021037557768715832, -0.9999834966392873, -0.005346088354711404, 0.08885764753086732], [-5.388952784249774e-05, 0.0053459868082794465, -0.9999857086583612, -7.664128201222605e-07], [0.0, 0.0, 0.0, 1.0]]}, "mean_rme": {"type": "float", "data": 0.0021628625520462973}, "max_rme": {"type": "float", "data": 0.006392373276378371}, "simu": {"type": "float", "data": 0.002}}, {"type": "dict", "image_number": {"type": "int", "data": 25}, "Hcamera2end": {"type": "ndarray", "data": [[0.9999701825623588, 0.003231791653071074, -0.007013523288194044, -0.01207889816019914], [0.007012542402435292, 0.00031474326206115677, 0.9999753622893581, 0.029155614450925658], [0.0032339194883217385, -0.9999947282157993, 0.000292070801220623, 0.0308072193301484], [0.0, 0.0, 0.0, 1.0]]}, "Hobj2base": {"type": "ndarray", "data": [[0.9999976532574281, 0.00203104654890033, -0.0007538763511891127, -0.73334082699158], [0.0020275947204148703, -0.9999875856464069, -0.0045516384654778344, 0.0890691795140113], [-0.000763111581898674, 0.004550099228244558, -0.9999893570722278, 8.862037473811535e-05], [0.0, 0.0, 0.0, 1.0]]}, "mean_rme": {"type": "float", "data": 0.0021368445757128265}, "max_rme": {"type": "float", "data": 0.006541398249949926}, "simu": {"type": "float", "data": 0.002}}, {"type": "dict", "image_number": {"type": "int", "data": 26}, "Hcamera2end": {"type": "ndarray", "data": [[0.9999723870866669, 0.004264047750325127, -0.006086292876308431, -0.012591784231529022], [0.006078975317001639, 0.0017269703644280376, 0.9999800316168594, 0.029278386732631796], [0.004274473451612532, -0.9999894176790787, 0.0017010016367202674, 0.030480427537140052], [0.0, 0.0, 0.0, 1.0]]}, "Hobj2base": {"type": "ndarray", "data": [[0.9999946130671029, 0.0025228691216073766, -0.0020997543119215833, -0.7338122472643769], [0.0025153756742394735, -0.9999904862468647, -0.0035637481639497876, 0.08897794693837298], [-0.0021087252055774293, 0.003558447295359479, -0.9999914453288354, 8.446606110705843e-05], [0.0, 0.0, 0.0, 1.0]]}, "mean_rme": {"type": "float", "data": 0.002162930233220362}, "max_rme": {"type": "float", "data": 0.007319513790536969}, "simu": {"type": "float", "data": 0.002}}, {"type": "dict", "image_number": {"type": "int", "data": 27}, "Hcamera2end": {"type": "ndarray", "data": [[0.9999735294243257, 0.004205277596278107, -0.005937683975714163, -0.012501368368744274], [0.00593038814707454, 0.0017452718546874246, 0.9999808920787326, 0.02937606757468793], [0.0042155601148897315, -0.9999896347795266, 0.0017202867279245693, 0.030739158446137053], [0.0, 0.0, 0.0, 1.0]]}, "Hobj2base": {"type": "ndarray", "data": [[0.9999950873506596, 0.0025034633047553434, -0.001886251846504959, -0.7339868116135336], [0.002497173217818313, -0.9999913385421744, -0.003329709679647074, 0.08918403177002317], [-0.001894571314812627, 0.0033249830243578596, -0.9999926775169012, -0.00011225961561880834], [0.0, 0.0, 0.0, 1.0]]}, "mean_rme": {"type": "float", "data": 0.002160442216810835}, "max_rme": {"type": "float", "data": 0.007060399169824372}, "simu": {"type": "float", "data": 0.002}}, {"type": "dict", "image_number": {"type": "int", "data": 28}, "Hcamera2end": {"type": "ndarray", "data": [[0.9999684166087746, 0.005688164163798526, -0.0055507272844127695, -0.012747818796371655], [0.005536279570363763, 0.00255256670228865, 0.9999814168332076, 0.028848310319374362], [0.005702227061334804, -0.9999805644069669, 0.0025209948165229035, 0.030382545351096604], [0.0, 0.0, 0.0, 1.0]]}, "Hobj2base": {"type": "ndarray", "data": [[0.9999893040665621, 0.003538516619976961, -0.0029783640816702494, -0.7340105435166393], [0.003528545046251131, -0.9999881746622377, -0.0033466259937501956, 0.08925451211329506], [-0.002990170953208737, 0.0033360809066350153, -0.9999899646705732, 0.0005389033730011669], [0.0, 0.0, 0.0, 1.0]]}, "mean_rme": {"type": "float", "data": 0.0022155940916666356}, "max_rme": {"type": "float", "data": 0.006858162685544011}, "simu": {"type": "float", "data": 0.002}}, {"type": "dict", "image_number": {"type": "int", "data": 29}, "Hcamera2end": {"type": "ndarray", "data": [[0.9999665469339916, 0.005685665738177021, -0.005880324652859856, -0.012451015164947761], [0.005863855615931777, 0.0029089334558655144, 0.9999785764222477, 0.028755727597504277], [0.00570264940398906, -0.9999796054476628, 0.002875496220153484, 0.03025565656105192], [0.0, 0.0, 0.0, 1.0]]}, "Hobj2base": {"type": "ndarray", "data": [[0.9999882881042143, 0.0034624707092482665, -0.003381560437220152, -0.7341473358933757], [0.0034494211013103076, -0.9999866113256861, -0.0038572870566504673, 0.08932019715803306], [-0.0033948709060595992, 0.0038455774545789407, -0.9999868431062342, 0.0006041338455573339], [0.0, 0.0, 0.0, 1.0]]}, "mean_rme": {"type": "float", "data": 0.0021781717876964736}, "max_rme": {"type": "float", "data": 0.0069502816979787885}, "simu": {"type": "float", "data": 0.002}}, {"type": "dict", "image_number": {"type": "int", "data": 30}, "Hcamera2end": {"type": "ndarray", "data": [[0.9999736509236328, 0.004707074106625056, -0.005526383249040106, -0.01284189938865789], [0.005513018878445717, 0.0028474685814681155, 0.999980749087463, 0.02670528207729599], [0.004722719693823918, -0.999984867573521, 0.002821443364888987, 0.030371719205489252], [0.0, 0.0, 0.0, 1.0]]}, "Hobj2base": {"type": "ndarray", "data": [[0.9999924871932435, 0.0026667109893237463, -0.002813220497939697, -0.7339984387131385], [0.0026573157925145726, -0.9999908977486334, -0.0033381271188459433, 0.09029847751935462], [-0.0028220967115711606, 0.00333062642488497, -0.9999904713034864, 0.002557120195752364], [0.0, 0.0, 0.0, 1.0]]}, "mean_rme": {"type": "float", "data": 0.002276300180916273}, "max_rme": {"type": "float", "data": 0.006828004957963096}, "simu": {"type": "float", "data": 0.002}}]}