{"type": "list", "data": [{"type": "dict", "image_number": {"type": "int", "data": 5}, "Hcamera2end": {"type": "ndarray", "data": [[0.999477975650982, -0.006335415812078053, -0.031680257181772836, -0.018017460806427174], [0.031631104560079434, -0.007713684876814009, 0.9994698456131281, 0.032331139853084744], [-0.0065764285843092525, -0.9999501795450156, -0.007509261945504386, 0.03248057032862602], [0.0, 0.0, 0.0, 1.0]]}, "Hobj2base": {"type": "ndarray", "data": [[0.9999384792367392, -0.005603752837741364, 0.009572653542821727, -0.7304123010757508], [-0.005300810653065537, -0.9994933415193588, -0.03138409891787306, 0.071744375923554], [0.009743672210093002, 0.03133142532027549, -0.9994615563588538, -0.009509521778853692], [0.0, 0.0, 0.0, 1.0]]}, "mean_rme": {"type": "float", "data": 0.0013651782826343195}, "max_rme": {"type": "float", "data": 0.004245454028359685}, "simu": {"type": "float", "data": 0.002}}, {"type": "dict", "image_number": {"type": "int", "data": 6}, "Hcamera2end": {"type": "ndarray", "data": [[0.9999655008248879, -0.006537017791682153, 0.005124895942590449, -0.015343344936361055], [-0.005156189332974926, -0.0047792685543672775, 0.999975285846429, 0.033748874802306476], [-0.006512362980797727, -0.9999672124577266, -0.004812809774951354, 0.03257608463740074], [0.0, 0.0, 0.0, 1.0]]}, "Hobj2base": {"type": "ndarray", "data": [[0.9999583082587005, -0.006644406515660246, 0.006263673558888136, -0.7317755377612594], [-0.006664725064735824, -0.9999725784207532, 0.003228598203919603, 0.09223206418441883], [0.006242049680124692, -0.00327020926020377, -0.9999751709653524, -0.0043884717348317], [0.0, 0.0, 0.0, 1.0]]}, "mean_rme": {"type": "float", "data": 0.0013341617213652208}, "max_rme": {"type": "float", "data": 0.005511507108815039}, "simu": {"type": "float", "data": 0.002}}, {"type": "dict", "image_number": {"type": "int", "data": 7}, "Hcamera2end": {"type": "ndarray", "data": [[0.999994152254509, -0.0034195001196553505, -4.9756582349077356e-05, -0.014516805666532769], [5.7778311370614704e-05, 0.0023458189364359283, 0.9999972468938022, 0.03380287861918104], [-0.0034193739854752915, -0.9999914020392621, 0.002346002791626556, 0.03306508200821587], [0.0, 0.0, 0.0, 1.0]]}, "Hobj2base": {"type": "ndarray", "data": [[0.9999929009536187, -0.0035330928376999084, -0.0013096936154660197, -0.7363868853586608], [-0.003533045406873144, -0.9999937580334286, 3.852705090144797e-05, 0.0912337745740321], [-0.001309821560049851, -3.3899570383593386e-05, -0.9999991416087817, -0.003918850710044386], [0.0, 0.0, 0.0, 1.0]]}, "mean_rme": {"type": "float", "data": 0.001556303555532048}, "max_rme": {"type": "float", "data": 0.0066952252063571804}, "simu": {"type": "float", "data": 0.002}}, {"type": "dict", "image_number": {"type": "int", "data": 8}, "Hcamera2end": {"type": "ndarray", "data": [[0.9999912123529417, -0.003920504820521854, 0.0014848767107294607, -0.014511707122563925], [-0.0014773220779212555, 0.001929147370057005, 0.9999970479505941, 0.03205060619480973], [-0.00392335779299929, -0.9999904539706251, 0.0019233385690627935, 0.03325883954275506], [0.0, 0.0, 0.0, 1.0]]}, "Hobj2base": {"type": "ndarray", "data": [[0.9999905351389465, -0.0043105866300139645, -0.0005903180740036229, -0.7363536585037042], [-0.004310110327495302, -0.9999903867983848, 0.0008057665801379063, 0.09155073319400286], [-0.000593785725804215, -0.0008032146176419135, -0.9999995011322707, -0.0019211314293786017], [0.0, 0.0, 0.0, 1.0]]}, "mean_rme": {"type": "float", "data": 0.0016714708452951828}, "max_rme": {"type": "float", "data": 0.0062840451146746745}, "simu": {"type": "float", "data": 0.002}}, {"type": "dict", "image_number": {"type": "int", "data": 9}, "Hcamera2end": {"type": "ndarray", "data": [[0.99999883840139, -0.0009849350585168716, -0.0011632277512301835, -0.013116804626296226], [0.001167401925434546, 0.0042481043199316115, 0.9999902953441258, 0.031876024195537714], [-0.0009799839872260045, -0.9999904917111051, 0.004249249200423244, 0.03302013605798218], [0.0, 0.0, 0.0, 1.0]]}, "Hobj2base": {"type": "ndarray", "data": [[0.9999960285823468, -0.0013992179372611284, -0.0024464277423105526, -0.7371909931601225], [-0.0014018332227664345, -0.9999984475089534, -0.0010676344403089384, 0.09157867030090351], [-0.0024449300909940687, 0.0010710596839729432, -0.9999964375676562, -0.001412617490860937], [0.0, 0.0, 0.0, 1.0]]}, "mean_rme": {"type": "float", "data": 0.0018472695394629196}, "max_rme": {"type": "float", "data": 0.006931774427779647}, "simu": {"type": "float", "data": 0.002}}, {"type": "dict", "image_number": {"type": "int", "data": 10}, "Hcamera2end": {"type": "ndarray", "data": [[0.999998731480737, -0.0008927951598735029, -0.0013190730530132598, -0.013449077611958751], [0.0013224287042027344, 0.0037684943942908333, 0.9999920247843593, 0.031760933540919974], [-0.0008878171202336392, -0.9999925006552813, 0.003769670271829506, 0.033000230651372295], [0.0, 0.0, 0.0, 1.0]]}, "Hobj2base": {"type": "ndarray", "data": [[0.9999970940844781, -0.0014245643794335075, -0.0019448493330759687, -0.7367122542290321], [-0.0014265312539529652, -0.9999984721374049, -0.0010103125447084148, 0.09137399453141215], [-0.0019434071063501323, 0.0010130839971833716, -0.9999975984119334, -0.0014852426930490493], [0.0, 0.0, 0.0, 1.0]]}, "mean_rme": {"type": "float", "data": 0.0017749856578285568}, "max_rme": {"type": "float", "data": 0.007151148481965075}, "simu": {"type": "float", "data": 0.002}}, {"type": "dict", "image_number": {"type": "int", "data": 11}, "Hcamera2end": {"type": "ndarray", "data": [[0.9999956747396896, 0.0014626213656672483, -0.0025517132780650768, -0.013170156144405748], [0.0025454885871506417, 0.004242024010680412, 0.9999877627851982, 0.03181132177908348], [0.0014734278962493473, -0.999989932934844, 0.004238282576828678, 0.031761630719919345], [0.0, 0.0, 0.0, 1.0]]}, "Hobj2base": {"type": "ndarray", "data": [[0.9999967896690038, 0.0012531158402288246, -0.0022023515561659748, -0.7362072061631242], [0.0012475572067182446, -0.9999960377215753, -0.0025235178156424324, 0.0900894630353765], [-0.002205505089983801, 0.002520762154759348, -0.9999943907369968, -0.0016994433616212455], [0.0, 0.0, 0.0, 1.0]]}, "mean_rme": {"type": "float", "data": 0.0018598326544386151}, "max_rme": {"type": "float", "data": 0.0068805253198500615}, "simu": {"type": "float", "data": 0.002}}, {"type": "dict", "image_number": {"type": "int", "data": 12}, "Hcamera2end": {"type": "ndarray", "data": [[0.9999949787486964, 0.002071273829745802, -0.0023983957380937114, -0.01352253989799232], [0.0023902478425720493, 0.003927317446986378, 0.999989431390613, 0.03172159629469216], [0.0020806712006887548, -0.9999901429526157, 0.003922346869135507, 0.031281637208960204], [0.0, 0.0, 0.0, 1.0]]}, "Hobj2base": {"type": "ndarray", "data": [[0.9999964403543792, 0.0017382697555360408, -0.0020242768653445727, -0.7355576955876044], [0.0017349922511533521, -0.9999971831328218, -0.001619730937683816, 0.08992630723353799], [-0.002027086692526593, 0.001616213067340115, -0.9999966393817843, -0.0016318784878651728], [0.0, 0.0, 0.0, 1.0]]}, "mean_rme": {"type": "float", "data": 0.0017851794065463424}, "max_rme": {"type": "float", "data": 0.007236414000284935}, "simu": {"type": "float", "data": 0.002}}, {"type": "dict", "image_number": {"type": "int", "data": 13}, "Hcamera2end": {"type": "ndarray", "data": [[0.9999941526170965, 0.002093817695566296, -0.002703823047650116, -0.012886789687994308], [0.002699845028267287, 0.0019003897388295554, 0.9999945496629788, 0.03153954167015569], [0.0020989446011295595, -0.999996002215158, 0.0018947256432275683, 0.03222207697293848], [0.0, 0.0, 0.0, 1.0]]}, "Hobj2base": {"type": "ndarray", "data": [[0.9999989413437114, 0.0014102623443251886, -0.0003584293188344917, -0.7352727916072652], [0.0014095851502625492, -0.9999972344024866, -0.0018826197393226134, 0.09042286342012748], [-0.00036108331529030867, 0.0018821125096301398, -0.9999981636339843, -0.002040571546351549], [0.0, 0.0, 0.0, 1.0]]}, "mean_rme": {"type": "float", "data": 0.001784577175976452}, "max_rme": {"type": "float", "data": 0.007214404388459439}, "simu": {"type": "float", "data": 0.002}}, {"type": "dict", "image_number": {"type": "int", "data": 14}, "Hcamera2end": {"type": "ndarray", "data": [[0.9999971619368697, 0.0005969851882128928, -0.0023064533143148775, -0.012568585668151019], [0.0023056265187739386, 0.0013819541478605757, 0.9999963871380182, 0.029411702864853343], [0.0006001704441123672, -0.9999988669050672, 0.0013805738009061708, 0.03244281147309763], [0.0, 0.0, 0.0, 1.0]]}, "Hobj2base": {"type": "ndarray", "data": [[0.999999691722181, 0.00014118105306778296, -0.0007724140426229753, -0.7352346323035047], [0.00013990783249866266, -0.9999986319778513, -0.001648171175747966, 0.09072162014484521], [-0.000772645676485685, 0.0016480626008788558, -0.999998343452789, 0.0003763487468744894], [0.0, 0.0, 0.0, 1.0]]}, "mean_rme": {"type": "float", "data": 0.0020155615882485175}, "max_rme": {"type": "float", "data": 0.006521035952288062}, "simu": {"type": "float", "data": 0.002}}, {"type": "dict", "image_number": {"type": "int", "data": 15}, "Hcamera2end": {"type": "ndarray", "data": [[0.999996288366761, 0.00045008565613803846, -0.002687131482451159, -0.012225404502809852], [0.002686201439375314, 0.002054382259973342, 0.9999942819013303, 0.0292911757667871], [0.000455603477751611, -0.9999977884657707, 0.0020531656141224985, 0.03212217910457132], [0.0, 0.0, 0.0, 1.0]]}, "Hobj2base": {"type": "ndarray", "data": [[0.9999990643129645, -0.00027806363338564146, -0.0013394229396674218, -0.7352331332546933], [-0.00028075735646059533, -0.9999979378429573, -0.0020113391409319376, 0.0909498220410219], [-0.0013388608972974753, 0.002011713311791703, -0.9999970802262619, 0.00043395912261667466], [0.0, 0.0, 0.0, 1.0]]}, "mean_rme": {"type": "float", "data": 0.0019282585273036992}, "max_rme": {"type": "float", "data": 0.006503986680635759}, "simu": {"type": "float", "data": 0.002}}, {"type": "dict", "image_number": {"type": "int", "data": 16}, "Hcamera2end": {"type": "ndarray", "data": [[0.9999967539253937, 0.0010533078244510839, -0.00232006062477094, -0.012503253529935459], [0.0023185116958408056, 0.0014693849116367286, 0.9999962326986525, 0.029286027194101547], [0.0010567129183992182, -0.9999983657239686, 0.0014669380353934391, 0.03234813265048566], [0.0, 0.0, 0.0, 1.0]]}, "Hobj2base": {"type": "ndarray", "data": [[0.9999998306230897, -0.00010497118852123632, -0.0005724813022358358, -0.7352336188558674], [-0.00010602134907421758, -0.9999983113534114, -0.0018346797538191695, 0.0910151988685685], [-0.0005722877470029235, 0.0018347401383067641, -0.9999981531059741, 0.00044917197423898284], [0.0, 0.0, 0.0, 1.0]]}, "mean_rme": {"type": "float", "data": 0.00190623870344935}, "max_rme": {"type": "float", "data": 0.006931173056552997}, "simu": {"type": "float", "data": 0.002}}, {"type": "dict", "image_number": {"type": "int", "data": 17}, "Hcamera2end": {"type": "ndarray", "data": [[0.9999969288607657, 0.001316157924665066, -0.002099999369994054, -0.012508419311688238], [0.00209832370552767, 0.0012732388470240164, 0.9999969879456964, 0.02930541232455641], [0.0013188277611025268, -0.9999983232941722, 0.0012704732113566486, 0.03217048869527499], [0.0, 0.0, 0.0, 1.0]]}, "Hobj2base": {"type": "ndarray", "data": [[0.9999999543794396, 0.00029924136196381797, -4.117919616220955e-05, -0.7349706248845718], [0.0002991656762359659, -0.9999982883776142, -0.0018258537016577006, 0.09097765112430177], [-4.1725496627406304e-05, 0.0018258412989591644, -0.9999983322798762, 0.00038296306772919893], [0.0, 0.0, 0.0, 1.0]]}, "mean_rme": {"type": "float", "data": 0.0018476442548850656}, "max_rme": {"type": "float", "data": 0.006909658393301987}, "simu": {"type": "float", "data": 0.002}}, {"type": "dict", "image_number": {"type": "int", "data": 18}, "Hcamera2end": {"type": "ndarray", "data": [[0.9999929147246892, 0.0030407042396300645, -0.002219148067954265, -0.01281414723657324], [0.002215440370557036, 0.0012221810189978477, 0.9999967990436375, 0.02929955081962999], [0.0030434067071154814, -0.9999946301812243, 0.001215435860581482, 0.03277903464069647], [0.0, 0.0, 0.0, 1.0]]}, "Hobj2base": {"type": "ndarray", "data": [[0.9999981784909239, 0.0019035530674218093, -0.0001396443835791992, -0.7353304920099938], [0.001903294477054814, -0.9999965159054949, -0.0018291109877117922, 0.09002274918323133], [-0.00014312570687628341, 0.001828841871585509, -0.999998317424805, 0.0003516709072157885], [0.0, 0.0, 0.0, 1.0]]}, "mean_rme": {"type": "float", "data": 0.0019799263578536377}, "max_rme": {"type": "float", "data": 0.006909830462902916}, "simu": {"type": "float", "data": 0.002}}, {"type": "dict", "image_number": {"type": "int", "data": 19}, "Hcamera2end": {"type": "ndarray", "data": [[0.9999860560119859, 0.0033723499250913735, -0.004063869778455693, -0.01201026277900806], [0.004056077600665392, 0.002314239110446925, 0.9999890962064722, 0.029163258369255568], [0.003381717920065153, -0.9999916357416808, 0.0023005283277317545, 0.0319480909844255], [0.0, 0.0, 0.0, 1.0]]}, "Hobj2base": {"type": "ndarray", "data": [[0.999996605808377, 0.002481465630123924, -0.000794166262134216, -0.7351063310010117], [0.002478995930247062, -0.9999921351999908, -0.003095822563102437, 0.08987528666158102], [-0.0008018421934626906, 0.0030938433203556567, -0.9999948925782605, 0.00018002715036070124], [0.0, 0.0, 0.0, 1.0]]}, "mean_rme": {"type": "float", "data": 0.001999927998004005}, "max_rme": {"type": "float", "data": 0.006789548840616333}, "simu": {"type": "float", "data": 0.002}}, {"type": "dict", "image_number": {"type": "int", "data": 20}, "Hcamera2end": {"type": "ndarray", "data": [[0.9999909820497497, 0.0031188372257828167, -0.0028824769793320154, -0.01284714178775818], [0.00287464225745167, 0.002513638434715748, 0.9999927090002764, 0.02911917620298157], [0.0031260599912638974, -0.9999919772059068, 0.0025046502255660075, 0.032201013131133924], [0.0, 0.0, 0.0, 1.0]]}, "Hobj2base": {"type": "ndarray", "data": [[0.9999971891647461, 0.00218512578951114, -0.0009202651199587349, -0.7355115162302962], [0.002183120841154758, -0.9999952537074637, -0.0021740620825329697, 0.0900533255179733], [-0.0009250113512358054, 0.002172046921639854, -0.9999972132792023, 0.0003619113686881975], [0.0, 0.0, 0.0, 1.0]]}, "mean_rme": {"type": "float", "data": 0.002035991210841008}, "max_rme": {"type": "float", "data": 0.007252119216440311}, "simu": {"type": "float", "data": 0.002}}, {"type": "dict", "image_number": {"type": "int", "data": 21}, "Hcamera2end": {"type": "ndarray", "data": [[0.9999910227722761, 0.003111290266822791, -0.002876499214798809, -0.012851555592167748], [0.0028693970779961474, 0.0022847583417736628, 0.9999932731972391, 0.029146090029061367], [0.003117841443362951, -0.999992549848345, 0.002275810303777326, 0.03231494517467399], [0.0, 0.0, 0.0, 1.0]]}, "Hobj2base": {"type": "ndarray", "data": [[0.9999973105852066, 0.0022015013779133827, -0.0007295300109310053, -0.7355046987734222], [0.0021998534950439146, -0.9999950445942296, -0.0022519839221858164, 0.09004797921636486], [-0.00073448414152151, 0.0022503730065226556, -0.999997198173264, 0.0003624815960956746], [0.0, 0.0, 0.0, 1.0]]}, "mean_rme": {"type": "float", "data": 0.0019653110983652343}, "max_rme": {"type": "float", "data": 0.007243576107930583}, "simu": {"type": "float", "data": 0.002}}, {"type": "dict", "image_number": {"type": "int", "data": 22}, "Hcamera2end": {"type": "ndarray", "data": [[0.9999934564454604, 0.0026927333771729323, -0.002415833856131999, -0.013402110888926792], [0.0024111880671275703, 0.0017272191069883647, 0.999995601433457, 0.029102984435269857], [0.002696894207401611, -0.9999948829374659, 0.0017207151182490055, 0.032371641381679146], [0.0, 0.0, 0.0, 1.0]]}, "Hobj2base": {"type": "ndarray", "data": [[0.9999983596358338, 0.0017463805559544028, -0.00048050035936043813, -0.7351011030696668], [0.0017455277142723264, -0.9999969107586728, -0.001769634456331919, 0.08993852539279605], [-0.00048358933018455546, 0.0017687928267929884, -0.9999983187552342, 0.0003757927574330214], [0.0, 0.0, 0.0, 1.0]]}, "mean_rme": {"type": "float", "data": 0.0019256463994785915}, "max_rme": {"type": "float", "data": 0.007366092587012679}, "simu": {"type": "float", "data": 0.002}}, {"type": "dict", "image_number": {"type": "int", "data": 23}, "Hcamera2end": {"type": "ndarray", "data": [[0.9999919767176643, 0.003186250152378581, -0.002427820064334773, -0.01338504489139604], [0.002426475850687524, 0.0004256774166064847, 0.9999969655022374, 0.029070604638303653], [0.003187273951882594, -0.9999948332910042, 0.00041794264222738686, 0.0331609659349604], [0.0, 0.0, 0.0, 1.0]]}, "Hobj2base": {"type": "ndarray", "data": [[0.9999965773945354, 0.002529340522564573, 0.0006690558540274229, -0.7350094057395336], [0.0025306921670457793, -0.999994743107665, -0.0020271542099326687, 0.08982218336794794], [0.0006639249735841622, 0.0020288404461926957, -0.9999977215024409, 0.00019556788705690897], [0.0, 0.0, 0.0, 1.0]]}, "mean_rme": {"type": "float", "data": 0.001939173989649009}, "max_rme": {"type": "float", "data": 0.00739539689840385}, "simu": {"type": "float", "data": 0.002}}, {"type": "dict", "image_number": {"type": "int", "data": 24}, "Hcamera2end": {"type": "ndarray", "data": [[0.9999962008268608, 0.0013121457540744268, -0.0024241710675401386, -0.013314942600560905], [0.0024253288715514816, -0.000881503735749245, 0.9999966703599711, 0.029064127106054764], [0.0013100044692492684, -0.9999987506115614, -0.0008846827717450267, 0.03365097445904962], [0.0, 0.0, 0.0, 1.0]]}, "Hobj2base": {"type": "ndarray", "data": [[0.9999985667626548, 0.0007408876861402874, 0.0015223528083069366, -0.7349045489508642], [0.0007441112111880369, -0.9999974802088509, -0.00211798830363939, 0.0901785289821647], [0.0015207797808422486, 0.002119118067851501, -0.9999965982779506, 3.241914381205598e-05], [0.0, 0.0, 0.0, 1.0]]}, "mean_rme": {"type": "float", "data": 0.0019924884933216693}, "max_rme": {"type": "float", "data": 0.007010917513033316}, "simu": {"type": "float", "data": 0.002}}, {"type": "dict", "image_number": {"type": "int", "data": 25}, "Hcamera2end": {"type": "ndarray", "data": [[0.9999974350377477, 0.0001811569874838625, -0.0022576758118279796, -0.013659274365484255], [0.0022577213167104013, -0.00025138023037185597, 0.999997419747889, 0.029074961668431105], [0.00018058898498748087, -0.9999999519950616, -0.00025178858758323486, 0.03321215944846605], [0.0, 0.0, 0.0, 1.0]]}, "Hobj2base": {"type": "ndarray", "data": [[0.9999992051733121, -0.0001926324519664428, 0.0012460118307792546, -0.7345127764339], [-0.00019050970225842662, -0.999998530845279, -0.0017035296703467216, 0.09027605778595882], [0.001246338155292487, 0.001703290938992984, -0.99999777271811, 0.00024324145196446656], [0.0, 0.0, 0.0, 1.0]]}, "mean_rme": {"type": "float", "data": 0.002030787771646272}, "max_rme": {"type": "float", "data": 0.006991387408053218}, "simu": {"type": "float", "data": 0.002}}, {"type": "dict", "image_number": {"type": "int", "data": 26}, "Hcamera2end": {"type": "ndarray", "data": [[0.9999969012730614, 0.0004871846252819719, -0.002441330665033718, -0.013534193588714402], [0.002441486409271384, -0.0003193439105773077, 0.9999969685771952, 0.029091045350401853], [0.00048640352433780435, -0.9999998303352893, -0.00032053237565921044, 0.033226190248935], [0.0, 0.0, 0.0, 1.0]]}, "Hobj2base": {"type": "ndarray", "data": [[0.9999990874648007, 0.00019789582402146975, 0.0013363782431279076, -0.7345681928126838], [0.00020071054031830455, -0.9999977613488968, -0.0021064217227287135, 0.0901528252480772], [0.0013359583993807233, 0.0021066880257439944, -0.9999968885355182, 0.0001343634502015177], [0.0, 0.0, 0.0, 1.0]]}, "mean_rme": {"type": "float", "data": 0.002003574704645957}, "max_rme": {"type": "float", "data": 0.006916985255387836}, "simu": {"type": "float", "data": 0.002}}, {"type": "dict", "image_number": {"type": "int", "data": 27}, "Hcamera2end": {"type": "ndarray", "data": [[0.9999966639006215, 0.0004200447317945304, -0.0025486761368909397, -0.013449610162327553], [0.002548986144513557, -0.0007391593853398604, 0.9999964781503176, 0.029043178688985195], [0.0004181593745733506, -0.9999996386028481, -0.00074022760763226, 0.0332826692406722], [0.0, 0.0, 0.0, 1.0]]}, "Hobj2base": {"type": "ndarray", "data": [[0.9999987537589665, 2.5549550741499713e-05, 0.0015785524173270353, -0.734451746504564], [2.897308887934402e-05, -0.9999976477340262, -0.002168798509414124, 0.09029942969965316], [0.001578493292324332, 0.002168841542107916, -0.9999964022361738, 0.00012695713495731442], [0.0, 0.0, 0.0, 1.0]]}, "mean_rme": {"type": "float", "data": 0.0019633990330821093}, "max_rme": {"type": "float", "data": 0.006995677073648815}, "simu": {"type": "float", "data": 0.002}}, {"type": "dict", "image_number": {"type": "int", "data": 28}, "Hcamera2end": {"type": "ndarray", "data": [[0.999998117561843, 0.0006116220752631808, -0.0018414101139117645, -0.013746310471725535], [0.001842278823394535, -0.0014228235272619738, 0.9999972907873037, 0.02896900571257148], [0.0006090004166154775, -0.9999988007451045, -0.0014239476272819296, 0.033573438500067304], [0.0, 0.0, 0.0, 1.0]]}, "Hobj2base": {"type": "ndarray", "data": [[0.9999971811803736, 0.0005172142665264985, 0.002317352090124679, -0.7344078351997402], [0.0005212437845395515, -0.9999983528218932, -0.0017385794252105303, 0.09025494044226805], [0.002316449054950842, 0.0017397824298422918, -0.9999958036016314, 1.8329213193361243e-05], [0.0, 0.0, 0.0, 1.0]]}, "mean_rme": {"type": "float", "data": 0.0019407552772791365}, "max_rme": {"type": "float", "data": 0.007049149810660377}, "simu": {"type": "float", "data": 0.002}}, {"type": "dict", "image_number": {"type": "int", "data": 29}, "Hcamera2end": {"type": "ndarray", "data": [[0.999996657908432, 0.0009781443208574379, -0.002393199877598974, -0.013618934287881478], [0.0023943215534428033, -0.001147180825977978, 0.9999964755940147, 0.02897081851790359], [0.0009753954404674247, -0.9999988636042743, -0.001149518984024489, 0.033711985484322735], [0.0, 0.0, 0.0, 1.0]]}, "Hobj2base": {"type": "ndarray", "data": [[0.999997770547408, 0.0009487453643492567, 0.0018864735479648198, -0.7347693162002477], [0.0009526262372765186, -0.9999974298480194, -0.0020573771183763933, 0.09011288115715818], [0.0018845167724373165, 0.0020591696357493638, -0.999996104200884, 8.439338140125028e-05], [0.0, 0.0, 0.0, 1.0]]}, "mean_rme": {"type": "float", "data": 0.0019510817972149355}, "max_rme": {"type": "float", "data": 0.007109093438372044}, "simu": {"type": "float", "data": 0.002}}, {"type": "dict", "image_number": {"type": "int", "data": 30}, "Hcamera2end": {"type": "ndarray", "data": [[0.999997953094356, 0.0007924703871525444, -0.0018616653253684286, -0.013964954131390638], [0.0018626136041343796, -0.001197559568723916, 0.9999975482578151, 0.02887389765853532], [0.0007902389890953095, -0.9999989689203509, -0.0011990331835565193, 0.033567313949887455], [0.0, 0.0, 0.0, 1.0]]}, "Hobj2base": {"type": "ndarray", "data": [[0.9999978729428985, 0.0005340689114921172, 0.001992204827892087, -0.7345407249232274], [0.00053684503929053, -0.999998885365992, -0.0013932207927976426, 0.0902572878494948], [0.0019914585314005574, 0.0013942873346165657, -0.9999970450235072, 0.00018141182330262592], [0.0, 0.0, 0.0, 1.0]]}, "mean_rme": {"type": "float", "data": 0.001939758673226545}, "max_rme": {"type": "float", "data": 0.0073457566612547265}, "simu": {"type": "float", "data": 0.002}}]}