{"type": "list", "data": [{"type": "dict", "image_number": {"type": "int", "data": 5}, "Hcamera2end": {"type": "ndarray", "data": [[0.9997753348269325, 0.007497924595879951, -0.019825766024280787, -0.016053287957600096], [0.019902463577215722, -0.010296763635356143, 0.9997489027761899, 0.025761638466260443], [0.007291900661187696, -0.9999188756021122, -0.010443677482346203, 0.03335546317486459], [0.0, 0.0, 0.0, 1.0]]}, "Hobj2base": {"type": "ndarray", "data": [[0.999900431635681, 0.011315002659586142, 0.008431935103662806, -0.7304279895794765], [0.011473106170611912, -0.9997547117475714, -0.018944238525971574, 0.07837619293969775], [0.00821551273973143, 0.01903909276579631, -0.9997849860330368, 0.0009445941099720301], [0.0, 0.0, 0.0, 1.0]]}, "mean_rme": {"type": "float", "data": 0.0015299361810790792}, "max_rme": {"type": "float", "data": 0.0043841090156612195}, "simu": {"type": "float", "data": 0.002}}, {"type": "dict", "image_number": {"type": "int", "data": 6}, "Hcamera2end": {"type": "ndarray", "data": [[0.9999692822277985, 0.007368151323861014, 0.0026730033464625966, -0.014842926799029918], [-0.0027037859206762663, 0.00417099766851925, 0.9999876460837624, 0.024996785238940947], [0.007356911207610695, -0.9999641559198598, 0.004190791448573927, 0.03418526901877586], [0.0, 0.0, 0.0, 1.0]]}, "Hobj2base": {"type": "ndarray", "data": [[0.9999363055301096, 0.009866096894736996, -0.005481333310335174, -0.7382568505382542], [0.00988434172906292, -0.999945665467945, 0.0033114800997477425, 0.090743297472752], [-0.005448364101125617, -0.0033654485483484847, -0.9999794943321034, 0.0034268216523995845], [0.0, 0.0, 0.0, 1.0]]}, "mean_rme": {"type": "float", "data": 0.0015110584268348609}, "max_rme": {"type": "float", "data": 0.004010342609630291}, "simu": {"type": "float", "data": 0.002}}, {"type": "dict", "image_number": {"type": "int", "data": 7}, "Hcamera2end": {"type": "ndarray", "data": [[0.9999873967340377, 0.0042508216586682745, -0.0026714955190847477, -0.014851562477637786], [0.002656778900994873, 0.003463952925790492, 0.9999904712326009, 0.025416262542745933], [0.004260035088297004, -0.9999849656596613, 0.0034526157753759223, 0.03322759411667426], [0.0, 0.0, 0.0, 1.0]]}, "Hobj2base": {"type": "ndarray", "data": [[0.9999681050255292, 0.005957680092077664, -0.005319302545680702, -0.737363869298788], [0.005947080330716391, -0.9999803033114623, -0.0020062962532712294, 0.08848908677988242], [-0.005331150644282145, 0.001974597942960903, -0.9999838397673093, 0.0030513551160401236], [0.0, 0.0, 0.0, 1.0]]}, "mean_rme": {"type": "float", "data": 0.0016571260894888442}, "max_rme": {"type": "float", "data": 0.0038767324167654493}, "simu": {"type": "float", "data": 0.002}}, {"type": "dict", "image_number": {"type": "int", "data": 8}, "Hcamera2end": {"type": "ndarray", "data": [[0.9999821936677925, 0.005643341608652652, -0.0019403718297210698, -0.014344160932896838], [0.001936961183112357, 0.0006097692329912752, 0.999997938179303, 0.025194579570816118], [0.005644513152136451, -0.999983890308724, 0.0005988274415986705, 0.0350721373569286], [0.0, 0.0, 0.0, 1.0]]}, "Hobj2base": {"type": "ndarray", "data": [[0.9999710589869892, 0.007129023348174292, -0.002656730046610511, -0.7372794883952896], [0.0071264176254627375, -0.9999741177101993, -0.0009889800477985813, 0.0893217520272223], [-0.0026637117462051585, 0.0009700184578838889, -0.9999959818438888, 0.002771875334769608], [0.0, 0.0, 0.0, 1.0]]}, "mean_rme": {"type": "float", "data": 0.0017809600621091167}, "max_rme": {"type": "float", "data": 0.0038846031299992756}, "simu": {"type": "float", "data": 0.002}}, {"type": "dict", "image_number": {"type": "int", "data": 9}, "Hcamera2end": {"type": "ndarray", "data": [[0.9999829777447085, 0.0058303616079208535, -0.00022606270542094731, -0.01458382892210289], [0.00023264059563364928, -0.0011275595600535038, 0.9999993372436764, 0.02707907768942411], [0.00583010284464716, -0.9999823675910289, -0.001128896745244079, 0.03575230654238559], [0.0, 0.0, 0.0, 1.0]]}, "Hobj2base": {"type": "ndarray", "data": [[0.9999724256618313, 0.0073865256281974235, -0.0007662604891735085, -0.7375429376739366], [0.007386971721961267, -0.9999725471772647, 0.0005809824368216118, 0.08940838771990069], [-0.0007619480115010147, -0.0005866267611806098, -0.9999995376520285, 0.0006306750059003669], [0.0, 0.0, 0.0, 1.0]]}, "mean_rme": {"type": "float", "data": 0.0018720950657981875}, "max_rme": {"type": "float", "data": 0.00415403027088268}, "simu": {"type": "float", "data": 0.002}}, {"type": "dict", "image_number": {"type": "int", "data": 10}, "Hcamera2end": {"type": "ndarray", "data": [[0.9999858530106167, 0.004321871969252638, 0.0031008388075941494, -0.015607751906320582], [-0.0030990954846728145, -0.0004100108220672638, 0.9999951137372136, 0.026915499960840854], [0.004323122228919066, -0.9999905766125035, -0.00039661112774314056, 0.03640500107710939], [0.0, 0.0, 0.0, 1.0]]}, "Hobj2base": {"type": "ndarray", "data": [[0.9999842014238673, 0.005408930340952822, -0.0015298284992259605, -0.7384385702514233], [0.005413264842068271, -0.9999813053048621, 0.0028435197439874945, 0.08979572865847466], [-0.0015144194993302012, -0.0028517561872535885, -0.9999947869965269, 0.0013930215517941658], [0.0, 0.0, 0.0, 1.0]]}, "mean_rme": {"type": "float", "data": 0.0020305083008727246}, "max_rme": {"type": "float", "data": 0.005079295133652295}, "simu": {"type": "float", "data": 0.002}}, {"type": "dict", "image_number": {"type": "int", "data": 11}, "Hcamera2end": {"type": "ndarray", "data": [[0.9999929307917538, 0.0029857890651619422, 0.0022854824823320043, -0.015731799107409683], [-0.002282535220610469, -0.0009901313926321542, 0.9999969048316059, 0.026959264118842672], [0.0029880427515950646, -0.9999950523395021, -0.0009833092244846409, 0.03565796382575327], [0.0, 0.0, 0.0, 1.0]]}, "Hobj2base": {"type": "ndarray", "data": [[0.9999907580456379, 0.00424571632487904, -0.0006765472630384582, -0.7371839363861512], [0.004247155208734692, -0.9999886914993721, 0.0021397537258061373, 0.08974541944601498], [-0.0006674548249784333, -0.0021426073515320265, -0.9999974818657267, 0.001238536250688013], [0.0, 0.0, 0.0, 1.0]]}, "mean_rme": {"type": "float", "data": 0.0020011364574998537}, "max_rme": {"type": "float", "data": 0.005700788826310477}, "simu": {"type": "float", "data": 0.002}}, {"type": "dict", "image_number": {"type": "int", "data": 12}, "Hcamera2end": {"type": "ndarray", "data": [[0.9999927159954739, 0.0023075013297221246, 0.003040294987144329, -0.015704080609525838], [-0.003036150714861122, -0.00179738295247156, 0.9999937755823076, 0.026793657024711728], [0.0023129515412504014, -0.9999957224169187, -0.0017903639385141723, 0.035994865959117266], [0.0, 0.0, 0.0, 1.0]]}, "Hobj2base": {"type": "ndarray", "data": [[0.9999918216538679, 0.004030929406327953, -0.0003289886018036483, -0.7371099399441475], [0.00403185966099499, -0.9999877313628982, 0.0028777128692319574, 0.09017381797857703], [-0.0003173847081343267, -0.0028790157701725832, -0.999995805258773, 0.0016243240432805145], [0.0, 0.0, 0.0, 1.0]]}, "mean_rme": {"type": "float", "data": 0.0019223870413728476}, "max_rme": {"type": "float", "data": 0.005689081000673973}, "simu": {"type": "float", "data": 0.002}}, {"type": "dict", "image_number": {"type": "int", "data": 13}, "Hcamera2end": {"type": "ndarray", "data": [[0.9999913888662038, 0.002011988114631816, 0.003629613928160381, -0.016235784397113574], [-0.003625743843158114, -0.0019238345749801322, 0.9999915763855775, 0.026699389481010097], [0.0020189539431885385, -0.9999961253746711, -0.0019165230550639567, 0.035606064627189085], [0.0, 0.0, 0.0, 1.0]]}, "Hobj2base": {"type": "ndarray", "data": [[0.9999934755473479, 0.0036111757735497263, 9.095201130461373e-05, -0.7365428279716522], [0.0036108673497019586, -0.9999883948841803, 0.003189315591471004, 0.0903526553332886], [0.00010246813499411309, -0.0031889663672844248, -0.9999949099839398, 0.0017091994286875245], [0.0, 0.0, 0.0, 1.0]]}, "mean_rme": {"type": "float", "data": 0.0019221547971131946}, "max_rme": {"type": "float", "data": 0.006118817536211407}, "simu": {"type": "float", "data": 0.002}}, {"type": "dict", "image_number": {"type": "int", "data": 14}, "Hcamera2end": {"type": "ndarray", "data": [[0.9999906144290156, 0.002632456782166696, 0.0034411081310875523, -0.01655579860040059], [-0.003436557041801483, -0.0017314114356157262, 0.9999925961176607, 0.02688294900786055], [0.0026383952657357736, -0.9999950361805455, -0.0017223485974389163, 0.03494296021869334], [0.0, 0.0, 0.0, 1.0]]}, "Hobj2base": {"type": "ndarray", "data": [[0.9999925570940578, 0.0038315103572708494, -0.00045308373371787423, -0.7361985475067828], [0.003832805534096925, -0.9999884696456436, 0.002893125904949354, 0.08968298159298681], [-0.00044199346763216916, -0.0028948409535273674, -0.9999957122596219, 0.0017520571739422747], [0.0, 0.0, 0.0, 1.0]]}, "mean_rme": {"type": "float", "data": 0.0019241483846166813}, "max_rme": {"type": "float", "data": 0.006194817385087148}, "simu": {"type": "float", "data": 0.002}}, {"type": "dict", "image_number": {"type": "int", "data": 15}, "Hcamera2end": {"type": "ndarray", "data": [[0.9999906143077236, 0.003587170522304198, 0.002429712761927453, -0.016059058554803905], [-0.0024245423428494017, -0.0014450099127074623, 0.9999960167624571, 0.027010022059898844], [0.0035906671927779165, -0.9999925220490384, -0.001436299103466654, 0.03495108964869773], [0.0, 0.0, 0.0, 1.0]]}, "Hobj2base": {"type": "ndarray", "data": [[0.999989594968256, 0.004538788268688186, -0.00045755466922900407, -0.7362202576912436], [0.004539697407375234, -0.9999876837017341, 0.002005889401250084, 0.0894842741352821], [-0.00044844472656654504, -0.00200794568965282, -0.9999978835234775, 0.0017530102141089818], [0.0, 0.0, 0.0, 1.0]]}, "mean_rme": {"type": "float", "data": 0.0019123914654829719}, "max_rme": {"type": "float", "data": 0.006255209462995459}, "simu": {"type": "float", "data": 0.002}}, {"type": "dict", "image_number": {"type": "int", "data": 16}, "Hcamera2end": {"type": "ndarray", "data": [[0.9999905149906887, 0.0038269919760024187, 0.0020794376818986477, -0.01622915409442532], [-0.0020696015404200723, -0.0025723697394597345, 0.9999945498168415, 0.027035901137913692], [0.0038323202007632118, -0.9999893684666549, -0.0025644249920202533, 0.03531553683251531], [0.0, 0.0, 0.0, 1.0]]}, "Hobj2base": {"type": "ndarray", "data": [[0.9999882699891312, 0.00483833718934669, 0.0002244490736519341, -0.7362887033290282], [0.004837899709823133, -0.9999864725408576, 0.0019103564301391855, 0.08902666689029957], [0.00023368898598711077, -0.0019092481595292061, -0.9999981500787503, 0.0016042337492752773], [0.0, 0.0, 0.0, 1.0]]}, "mean_rme": {"type": "float", "data": 0.0018908881135111905}, "max_rme": {"type": "float", "data": 0.006381443525346309}, "simu": {"type": "float", "data": 0.002}}, {"type": "dict", "image_number": {"type": "int", "data": 17}, "Hcamera2end": {"type": "ndarray", "data": [[0.9999947905158751, 0.00304098475241815, 0.0010822905555593649, -0.016388974340356275], [-0.001069727947949775, -0.004129692579526889, 0.999990900619259, 0.027077219967685074], [0.0030454266086162446, -0.9999868489389921, -0.0041264180395801375, 0.0357750908041748], [0.0, 0.0, 0.0, 1.0]]}, "Hobj2base": {"type": "ndarray", "data": [[0.9999910999309854, 0.004025140894163554, 0.0012642387432365587, -0.7361058128436342], [0.0040237805667413425, -0.999991324903122, 0.0010767118687304794, 0.08842539613545987], [0.0012685616928170434, -0.0010716152666337823, -0.9999986211950249, 0.001371057350156207], [0.0, 0.0, 0.0, 1.0]]}, "mean_rme": {"type": "float", "data": 0.0019202275559734544}, "max_rme": {"type": "float", "data": 0.006394852837596499}, "simu": {"type": "float", "data": 0.002}}, {"type": "dict", "image_number": {"type": "int", "data": 18}, "Hcamera2end": {"type": "ndarray", "data": [[0.999997912550801, 0.0019201989635438906, 0.0006983766756023189, -0.01594102584597707], [-0.0006937797764308443, -0.0023935950423248364, 0.999996894681376, 0.02711262264392682], [0.0019218646316626845, -0.9999952917582731, -0.0023922578506090364, 0.0356764237370288], [0.0, 0.0, 0.0, 1.0]]}, "Hobj2base": {"type": "ndarray", "data": [[0.9999951268344035, 0.003120338783631917, 9.89612075546703e-05, -0.7368879462734365], [0.003120304686126471, -0.999995073061708, 0.00034285707597251746, 0.08853900907434245], [0.00010003055021030707, -0.00034254661605353273, -0.9999999363278502, 0.0012923992672223366], [0.0, 0.0, 0.0, 1.0]]}, "mean_rme": {"type": "float", "data": 0.002067347371769827}, "max_rme": {"type": "float", "data": 0.005526003995293682}, "simu": {"type": "float", "data": 0.002}}, {"type": "dict", "image_number": {"type": "int", "data": 19}, "Hcamera2end": {"type": "ndarray", "data": [[0.9999971636006743, 0.0023567226380132723, 0.00034445466131725476, -0.01577416940793438], [-0.0003395277847367496, -0.0020906435542120683, 0.9999977569626906, 0.027125464682400353], [0.002357437483713869, -0.9999950375216551, -0.002089837451495491, 0.03568484371648943], [0.0, 0.0, 0.0, 1.0]]}, "Hobj2base": {"type": "ndarray", "data": [[0.9999929089363363, 0.0037657570716736147, 3.392228364375338e-05, -0.7370678539649319], [0.003765746626174825, -0.9999928636771309, 0.0003028979315814127, 0.08851483307849571], [3.506268159123288e-05, -0.0003027680409877126, -0.9999999535510591, 0.00133377077755642], [0.0, 0.0, 0.0, 1.0]]}, "mean_rme": {"type": "float", "data": 0.002010982567543061}, "max_rme": {"type": "float", "data": 0.005655804780949014}, "simu": {"type": "float", "data": 0.002}}, {"type": "dict", "image_number": {"type": "int", "data": 20}, "Hcamera2end": {"type": "ndarray", "data": [[0.9999972966251348, 0.0019302228381336784, 0.001296526982821984, -0.016416889196291033], [-0.0012942788162295777, -0.001165512556353887, 0.9999984832102634, 0.027147959119560566], [0.001931731028869618, -0.9999974579069072, -0.0011630111590066328, 0.034711992227546944], [0.0, 0.0, 0.0, 1.0]]}, "Hobj2base": {"type": "ndarray", "data": [[0.9999954955605705, 0.002945403079553196, -0.00057745932138386, -0.7364948566714072], [0.002946044966546224, -0.9999950400223743, 0.0011138894489580167, 0.08873426254643714], [-0.0005741756037853037, -0.001115585652637611, -0.9999992128952038, 0.0016438046132343288], [0.0, 0.0, 0.0, 1.0]]}, "mean_rme": {"type": "float", "data": 0.002025133765009887}, "max_rme": {"type": "float", "data": 0.00588743509138745}, "simu": {"type": "float", "data": 0.002}}, {"type": "dict", "image_number": {"type": "int", "data": 21}, "Hcamera2end": {"type": "ndarray", "data": [[0.9999975774829717, 0.0018956815114704695, 0.0011186687602716852, -0.01616632106640053], [-0.0011158212439841158, -0.0015024993711074686, 0.9999982487177623, 0.027460814303220032], [0.001897358990705895, -0.9999970744393443, -0.001500380489574793, 0.034959985415880614], [0.0, 0.0, 0.0, 1.0]]}, "Hobj2base": {"type": "ndarray", "data": [[0.9999958770412004, 0.002860975130211368, -0.0002464181499909671, -0.7364064368366776], [0.0028611815444696807, -0.9999955528169169, 0.0008414193714818994, 0.08894218667372583], [-0.0002440097742284513, -0.0008421209494074741, -0.9999996156456945, 0.0014023251779712574], [0.0, 0.0, 0.0, 1.0]]}, "mean_rme": {"type": "float", "data": 0.002038418845140541}, "max_rme": {"type": "float", "data": 0.0059179843917085695}, "simu": {"type": "float", "data": 0.002}}, {"type": "dict", "image_number": {"type": "int", "data": 22}, "Hcamera2end": {"type": "ndarray", "data": [[0.999997713782922, 0.0019210390972697786, 0.0009391686301727655, -0.015978958285791007], [-0.000936533928044825, -0.001371938510491999, 0.9999986203435105, 0.027583204901451334], [0.0019223249285073025, -0.999997213692873, -0.0013701362556510777, 0.03499031850614604], [0.0, 0.0, 0.0, 1.0]]}, "Hobj2base": {"type": "ndarray", "data": [[0.9999954985195572, 0.0029752115993645074, -0.00038865995593294046, -0.7365670424708789], [0.0029754649739643043, -0.999995360105093, 0.0006529750947637028, 0.08890619761928623], [-0.00038671541351555317, -0.000654128599494745, -0.9999997112834407, 0.001389534272833158], [0.0, 0.0, 0.0, 1.0]]}, "mean_rme": {"type": "float", "data": 0.0020282951992142617}, "max_rme": {"type": "float", "data": 0.005791323925901065}, "simu": {"type": "float", "data": 0.002}}, {"type": "dict", "image_number": {"type": "int", "data": 23}, "Hcamera2end": {"type": "ndarray", "data": [[0.9999965136776631, 0.0025158243910914134, 0.0008020350071212729, -0.016145595796591604], [-0.0007994899085515255, -0.0010124786315575118, 0.9999991678511073, 0.028403323414858263], [0.0025166343408574033, -0.9999963227505659, -0.0010104637255181625, 0.03481496859297799], [0.0, 0.0, 0.0, 1.0]]}, "Hobj2base": {"type": "ndarray", "data": [[0.9999940434323402, 0.0034246317623426066, -0.0004301129284180091, -0.7366202452888967], [0.0034249149026113314, -0.9999939176284043, 0.0006592906085834517, 0.08868593446522866], [-0.0004278524847525811, -0.0006607597816526789, -0.9999996901693333, 0.0004497526835189481], [0.0, 0.0, 0.0, 1.0]]}, "mean_rme": {"type": "float", "data": 0.0020375828885125682}, "max_rme": {"type": "float", "data": 0.005921721612892422}, "simu": {"type": "float", "data": 0.002}}, {"type": "dict", "image_number": {"type": "int", "data": 24}, "Hcamera2end": {"type": "ndarray", "data": [[0.9999960367468004, 0.0027321173376284613, 0.0006797246098802852, -0.016070902989806696], [-0.0006760366638048267, -0.0013505460042742001, 0.9999988594993094, 0.028410575465228606], [0.0027330322210026314, -0.9999953557693875, -0.0013486936402282712, 0.035011339841924324], [0.0, 0.0, 0.0, 1.0]]}, "Hobj2base": {"type": "ndarray", "data": [[0.9999936550506305, 0.0035619022537663595, -5.206549017125552e-05, -0.736592925479192], [0.0035619349791271107, -0.9999934498352567, 0.0006425774558816921, 0.08864207469739961], [-4.977635104539299e-05, -0.0006427588326509148, -0.9999997921916777, 0.0003859019370774375], [0.0, 0.0, 0.0, 1.0]]}, "mean_rme": {"type": "float", "data": 0.0019802729698661183}, "max_rme": {"type": "float", "data": 0.005930845099038101}, "simu": {"type": "float", "data": 0.002}}, {"type": "dict", "image_number": {"type": "int", "data": 25}, "Hcamera2end": {"type": "ndarray", "data": [[0.9999934158866688, 0.0036144994028996886, 0.00032183439587523625, -0.01619133074742797], [-0.00032071858525867746, -0.00030927943128955526, 0.9999999007429063, 0.028348986312794356], [0.0036145985808939086, -0.9999934198485008, -0.00030811815782394447, 0.03444306597525485], [0.0, 0.0, 0.0, 1.0]]}, "Hobj2base": {"type": "ndarray", "data": [[0.9999904873163856, 0.004312906477812485, -0.0006512407014922047, -0.7364439490161288], [0.004313108913259782, -0.9999906505258, 0.0003097619884465639, 0.08828647130827229], [-0.0006498986382475169, -0.0003125679138530556, -0.9999997399664959, 0.00047417675243418335], [0.0, 0.0, 0.0, 1.0]]}, "mean_rme": {"type": "float", "data": 0.002018393067961648}, "max_rme": {"type": "float", "data": 0.006103116841050887}, "simu": {"type": "float", "data": 0.002}}, {"type": "dict", "image_number": {"type": "int", "data": 26}, "Hcamera2end": {"type": "ndarray", "data": [[0.9999940027471905, 0.003462637950157286, 6.788282555444947e-05, -0.016294693173275542], [-7.06026278001772e-05, 0.0007853549711875907, 0.9999996891163709, 0.028468374542009938], [0.003462583561565326, -0.9999936966581318, 0.000785594732553685, 0.033781840025080064], [0.0, 0.0, 0.0, 1.0]]}, "Hobj2base": {"type": "ndarray", "data": [[0.9999901777942058, 0.004155303776667599, -0.0015420005305527985, -0.7364380453547319], [0.0041552173230905865, -0.9999913652910319, -5.926530898058888e-05, 0.08805520779480633], [-0.0015422334811892203, 5.285737954775975e-05, -0.9999988093602852, 0.0005928012586475411], [0.0, 0.0, 0.0, 1.0]]}, "mean_rme": {"type": "float", "data": 0.0020071835001688296}, "max_rme": {"type": "float", "data": 0.006041112572426566}, "simu": {"type": "float", "data": 0.002}}, {"type": "dict", "image_number": {"type": "int", "data": 27}, "Hcamera2end": {"type": "ndarray", "data": [[0.9999962823924076, 0.0027263087589686043, 4.9415737482577746e-05, -0.016061559421617626], [-5.023465245294033e-05, 0.000300307331501104, 0.9999999536459924, 0.02844456562368729], [0.002726293792685009, -0.9999962385209545, 0.0003004431702492427, 0.034072339011487214], [0.0, 0.0, 0.0, 1.0]]}, "Hobj2base": {"type": "ndarray", "data": [[0.9999934020825735, 0.003491711130777942, -0.00100187060033763, -0.7362269934956726], [0.0034915854137776165, -0.9999938963066042, -0.00012720391072628174, 0.08838188645744888], [-0.0010023086445376246, 0.00012370495467075093, -0.9999994900371025, 0.0005280968684358361], [0.0, 0.0, 0.0, 1.0]]}, "mean_rme": {"type": "float", "data": 0.0020055189564952116}, "max_rme": {"type": "float", "data": 0.005944542015902804}, "simu": {"type": "float", "data": 0.002}}, {"type": "dict", "image_number": {"type": "int", "data": 28}, "Hcamera2end": {"type": "ndarray", "data": [[0.9999920297218365, 0.003972442426640991, 0.0004002423872015088, -0.01602836238985084], [-0.00040134658563574965, 0.00027717134233895546, 0.9999998810484755, 0.02860151057545085], [0.003972331018393187, -0.9999920714071756, 0.0002787634594108024, 0.03423188082833519], [0.0, 0.0, 0.0, 1.0]]}, "Hobj2base": {"type": "ndarray", "data": [[0.9999886719092816, 0.00461702883633439, -0.0011571939489922992, -0.7366178516801111], [0.004617144215734882, -0.9999893362229946, 9.705454992475513e-05, 0.08819832060685626], [-0.0011567335052783752, -0.00010239638183008216, -0.999999325741062, 0.000419569596543468], [0.0, 0.0, 0.0, 1.0]]}, "mean_rme": {"type": "float", "data": 0.002031450391446012}, "max_rme": {"type": "float", "data": 0.005867611039030524}, "simu": {"type": "float", "data": 0.002}}, {"type": "dict", "image_number": {"type": "int", "data": 29}, "Hcamera2end": {"type": "ndarray", "data": [[0.9999936036964017, 0.0035497312263621074, 0.0004381489525165281, -0.016039038298919193], [-0.0004381416172086266, -2.8440850816657814e-06, 0.9999999040119127, 0.028836266568807983], [0.0035497321317630955, -0.999993699680219, -1.288781909858372e-06, 0.03443143247888158], [0.0, 0.0, 0.0, 1.0]]}, "Hobj2base": {"type": "ndarray", "data": [[0.9999910554908021, 0.004189119675997035, -0.0005832792913102563, -0.7365009270142862], [0.004189154935190312, -0.9999912236971853, 5.9241330435704275e-05, 0.08824474577239295], [-0.0005830260032516098, -6.168424787286596e-05, -0.9999998281378519, 0.00011381789405436575], [0.0, 0.0, 0.0, 1.0]]}, "mean_rme": {"type": "float", "data": 0.002022300740911814}, "max_rme": {"type": "float", "data": 0.0057386018460331145}, "simu": {"type": "float", "data": 0.002}}, {"type": "dict", "image_number": {"type": "int", "data": 30}, "Hcamera2end": {"type": "ndarray", "data": [[0.9999940518456558, 0.0033568659349792534, 0.0007922906047793706, -0.016234658664137938], [-0.0007909568850763638, -0.0003986199277217217, 0.9999996077446025, 0.028723409444142214], [0.0033571804410540834, -0.9999942862603004, -0.00039596242044526164, 0.034782699077721864], [0.0, 0.0, 0.0, 1.0]]}, "Hobj2base": {"type": "ndarray", "data": [[0.9999927805428641, 0.003796744639008158, -0.00015359784328692518, -0.7365902915655], [0.0037968110622756206, -0.9999926976936886, 0.00043449402452118945, 0.08841232010562791], [-0.00015194705881014275, -0.0004350740697007371, -0.9999998938113173, 7.56829289323672e-05], [0.0, 0.0, 0.0, 1.0]]}, "mean_rme": {"type": "float", "data": 0.0020374927346853648}, "max_rme": {"type": "float", "data": 0.0057113598585644965}, "simu": {"type": "float", "data": 0.002}}]}