{"type": "list", "data": [{"type": "dict", "image_number": {"type": "int", "data": 5}, "Hcamera2end": {"type": "ndarray", "data": [[0.9991140436862834, 0.0023385593283555967, 0.04201974356312836, -0.014307823777376964], [-0.04194443659486481, -0.026136257682041864, 0.9987780335355386, 0.03240733448741487], [0.0034339405327804377, -0.9996556543003424, -0.02601501254606009, 0.03146613568127429], [0.0, 0.0, 0.0, 1.0]]}, "Hobj2base": {"type": "ndarray", "data": [[0.9995418587801929, 0.013559645581270742, 0.027059352504214002, -0.7190454273926674], [0.012481516391484062, -0.9991367863285332, 0.039621887305631376, 0.10877887036111518], [0.027573253250316735, -0.03926599313402582, -0.9988482855210759, -0.008279803832213429], [0.0, 0.0, 0.0, 1.0]]}, "mean_rme": {"type": "float", "data": 0.0015243669306148613}, "max_rme": {"type": "float", "data": 0.004462774147646842}, "simu": {"type": "float", "data": 0.002}}, {"type": "dict", "image_number": {"type": "int", "data": 6}, "Hcamera2end": {"type": "ndarray", "data": [[0.9999504558745554, 0.0031210492515958864, 0.00945224036077979, -0.01759290995981017], [-0.009457976710864284, 0.0018283398859748612, 0.9999536008484584, 0.030027521307552638], [0.003103622529495257, -0.999993458091017, 0.0018577681136092705, 0.03413582483494658], [0.0, 0.0, 0.0, 1.0]]}, "Hobj2base": {"type": "ndarray", "data": [[0.9999958351596644, 0.0028217986363986273, 0.0006059008012898585, -0.7356991712721297], [0.0028169552663949876, -0.9999652125239478, 0.007851019358190086, 0.09112421366504504], [0.0006280337192495238, -0.00784927986449488, -0.999968996709026, 0.00027450223470362745], [0.0, 0.0, 0.0, 1.0]]}, "mean_rme": {"type": "float", "data": 0.001806965865121166}, "max_rme": {"type": "float", "data": 0.004846598432455527}, "simu": {"type": "float", "data": 0.002}}, {"type": "dict", "image_number": {"type": "int", "data": 7}, "Hcamera2end": {"type": "ndarray", "data": [[0.99991780492851, 0.006123805017607132, 0.011264208763005379, -0.017104048650219528], [-0.011238746335727511, -0.004176575612579558, 0.9999281208151682, 0.030577901391075177], [0.006170410663108969, -0.999972527236753, -0.004107408427446169, 0.03413714697292217], [0.0, 0.0, 0.0, 1.0]]}, "Hobj2base": {"type": "ndarray", "data": [[0.9999618234737412, 0.007449126585015408, 0.004567505685927889, -0.7336862907718569], [0.007403220697592963, -0.9999227291331443, 0.009986395056670096, 0.09206258655924617], [0.004641542671709275, -0.009952199558166548, -0.999939703084932, -0.0014512944058813124], [0.0, 0.0, 0.0, 1.0]]}, "mean_rme": {"type": "float", "data": 0.0018473428471324068}, "max_rme": {"type": "float", "data": 0.004772154309354626}, "simu": {"type": "float", "data": 0.002}}, {"type": "dict", "image_number": {"type": "int", "data": 8}, "Hcamera2end": {"type": "ndarray", "data": [[0.9999339744253919, 0.00636991444330538, 0.00956404620570028, -0.015813009784059553], [-0.009555645493474438, -0.0013479430475937804, 0.9999534352602341, 0.027604017851735264], [0.006382509619486839, -0.9999788033951146, -0.0012869854046355655, 0.032939908679410004], [0.0, 0.0, 0.0, 1.0]]}, "Hobj2base": {"type": "ndarray", "data": [[0.9999804947495834, 0.005535302377767572, 0.0028931899289712966, -0.7338463199715781], [0.005508233982241681, -0.9999417539532407, 0.00928159788579565, 0.09418475182507488], [0.0029443978629421375, -0.009265480478820783, -0.9999527395795871, 0.0009262129147307244], [0.0, 0.0, 0.0, 1.0]]}, "mean_rme": {"type": "float", "data": 0.0018352804851958296}, "max_rme": {"type": "float", "data": 0.005565776528827865}, "simu": {"type": "float", "data": 0.002}}, {"type": "dict", "image_number": {"type": "int", "data": 9}, "Hcamera2end": {"type": "ndarray", "data": [[0.9999253953067648, 0.007298479227052381, 0.009794693542035892, -0.015649788455878832], [-0.009804424796021245, 0.0012987412588024716, 0.9999510920667878, 0.027851520134350903], [0.007285401500897429, -0.999972522358547, 0.0013702017573161696, 0.03205458236269699], [0.0, 0.0, 0.0, 1.0]]}, "Hobj2base": {"type": "ndarray", "data": [[0.9999803123462, 0.006273053311765431, -0.00015401994675883656, -0.7342470532555683], [0.00627427305583587, -0.9999310588672872, 0.009925271289344431, 0.09441521824614373], [-9.174757251745417e-05, -0.009926042247241426, -0.9999507314201481, 0.0010278698006727896], [0.0, 0.0, 0.0, 1.0]]}, "mean_rme": {"type": "float", "data": 0.0017603625971460647}, "max_rme": {"type": "float", "data": 0.005690466618818862}, "simu": {"type": "float", "data": 0.002}}, {"type": "dict", "image_number": {"type": "int", "data": 10}, "Hcamera2end": {"type": "ndarray", "data": [[0.9999523887507079, 0.006067631134554947, 0.007642256484060214, -0.015543928142581745], [-0.0076350951292097164, -0.0012025435433113962, 0.9999701291595636, 0.02737002049724765], [0.006076640035504736, -0.9999808686877171, -0.001156159347789787, 0.03441554244215688], [0.0, 0.0, 0.0, 1.0]]}, "Hobj2base": {"type": "ndarray", "data": [[0.9999728218703525, 0.00667043405708022, 0.0031401958751757246, -0.7343948476914596], [0.006646092940522184, -0.9999482752274595, 0.007699111523710919, 0.09309455500461836], [0.0031913898649753693, -0.007678032242621895, -0.9999654308282917, 0.0010303717840335126], [0.0, 0.0, 0.0, 1.0]]}, "mean_rme": {"type": "float", "data": 0.0020901043829242255}, "max_rme": {"type": "float", "data": 0.0059255302947731625}, "simu": {"type": "float", "data": 0.002}}, {"type": "dict", "image_number": {"type": "int", "data": 11}, "Hcamera2end": {"type": "ndarray", "data": [[0.9999531596585174, 0.006050188991564894, 0.00755471390021111, -0.015786927628206042], [-0.0075484860660415196, -0.0010515366506067547, 0.9999709568926408, 0.027166420591773374], [0.006057957333827385, -0.9999811445641559, -0.0010058176289713394, 0.034356400933983296], [0.0, 0.0, 0.0, 1.0]]}, "Hobj2base": {"type": "ndarray", "data": [[0.9999720111221907, 0.00677389505401005, 0.0031766834967697777, -0.7344024983140515], [0.006747981887654039, -0.9999444397494659, 0.008098280963902195, 0.09311547170622086], [0.003231363904806191, -0.008076618099406819, -0.999962162547859, 0.0015078598608096864], [0.0, 0.0, 0.0, 1.0]]}, "mean_rme": {"type": "float", "data": 0.002021568812937043}, "max_rme": {"type": "float", "data": 0.005739806500871192}, "simu": {"type": "float", "data": 0.002}}, {"type": "dict", "image_number": {"type": "int", "data": 12}, "Hcamera2end": {"type": "ndarray", "data": [[0.9999646681932289, 0.005844236888338597, 0.006042123831776262, -0.014945905134897875], [-0.006037920505762477, -0.0007366024392774229, 0.9999815002952868, 0.02674335036970292], [0.005848579414834791, -0.9999826510055259, -0.0007012893760336425, 0.03555858338232749], [0.0, 0.0, 0.0, 1.0]]}, "Hobj2base": {"type": "ndarray", "data": [[0.9999751425006779, 0.0065530509888188935, 0.0026022881252652295, -0.7357495266660679], [0.0065390192018235605, -0.9999642311250176, 0.005364484917562416, 0.09290493116427384], [0.002637348787540145, -0.005347335157862428, -0.9999822250410668, 0.0016629438003842728], [0.0, 0.0, 0.0, 1.0]]}, "mean_rme": {"type": "float", "data": 0.002047864044481678}, "max_rme": {"type": "float", "data": 0.006060835955106786}, "simu": {"type": "float", "data": 0.002}}, {"type": "dict", "image_number": {"type": "int", "data": 13}, "Hcamera2end": {"type": "ndarray", "data": [[0.9999886639242752, 0.002266699164044866, 0.004187373621111501, -0.01590566665677691], [-0.004183026762867435, -0.001919060034022424, 0.9999894096917661, 0.02678690201587829], [0.0022747109803658407, -0.999995589632017, -0.001909556616146002, 0.0367223932392102], [0.0, 0.0, 0.0, 1.0]]}, "Hobj2base": {"type": "ndarray", "data": [[0.9999911394586388, 0.002529544590048906, 0.003364878657564769, -0.7365001023398562], [0.0025174678304388577, -0.9999903925762104, 0.003588469172244127, 0.09191547643640467], [0.0033739235225307114, -0.0035799664026908537, -0.9999879001671073, 0.001633212163466577], [0.0, 0.0, 0.0, 1.0]]}, "mean_rme": {"type": "float", "data": 0.0023048079221913457}, "max_rme": {"type": "float", "data": 0.009506551368183624}, "simu": {"type": "float", "data": 0.002}}, {"type": "dict", "image_number": {"type": "int", "data": 14}, "Hcamera2end": {"type": "ndarray", "data": [[0.9999889037339741, 0.0026603799208343797, 0.003887774119148969, -0.015642416859414345], [-0.0038830961800047424, -0.0017612844923877713, 0.99999090967918, 0.02661256202556758], [0.002667203213393359, -0.9999949101148534, -0.0017509344375985503, 0.03635493775772593], [0.0, 0.0, 0.0, 1.0]]}, "Hobj2base": {"type": "ndarray", "data": [[0.9999921453429392, 0.0029912872263625507, 0.00260027943791934, -0.7362813892893095], [0.0029820208085134447, -0.999989216112624, 0.0035602261665976195, 0.09181445438536469], [0.0026109010558538403, -0.0035524441148501967, -0.9999902816210202, 0.0019907408580262164], [0.0, 0.0, 0.0, 1.0]]}, "mean_rme": {"type": "float", "data": 0.0022318914084686775}, "max_rme": {"type": "float", "data": 0.009785582596705755}, "simu": {"type": "float", "data": 0.002}}, {"type": "dict", "image_number": {"type": "int", "data": 15}, "Hcamera2end": {"type": "ndarray", "data": [[0.999987347494297, 0.003439353473219493, 0.003670926178279756, -0.01529464108317213], [-0.0036590274233992996, -0.0034595191093613753, 0.9999873215425517, 0.02664149044810288], [0.003452009506785648, -0.9999881012168186, -0.003446890649098755, 0.03693934988793359], [0.0, 0.0, 0.0, 1.0]]}, "Hobj2base": {"type": "ndarray", "data": [[0.9999853724721387, 0.0044058047751562215, 0.0031374712813337017, -0.7363784802645718], [0.004394192760356061, -0.9999835063185756, 0.0036983997609310567, 0.09182788632889975], [0.0031537139602090566, -0.0036845590088952496, -0.9999882389874226, 0.0016880538373553891], [0.0, 0.0, 0.0, 1.0]]}, "mean_rme": {"type": "float", "data": 0.0022264891088582903}, "max_rme": {"type": "float", "data": 0.009984599708129427}, "simu": {"type": "float", "data": 0.002}}, {"type": "dict", "image_number": {"type": "int", "data": 16}, "Hcamera2end": {"type": "ndarray", "data": [[0.9999839087473337, 0.0037468365816058407, 0.004259514295664476, -0.015598437644355298], [-0.004246343256583217, -0.0035162017586549688, 0.9999848023315852, 0.02762108225754994], [0.0037617569500833017, -0.999986798683274, -0.003500234824312276, 0.036907224333853475], [0.0, 0.0, 0.0, 1.0]]}, "Hobj2base": {"type": "ndarray", "data": [[0.9999851336379734, 0.004234817380667831, 0.00343494174578552, -0.7364055052040006], [0.004220645224808096, -0.9999825946474246, 0.004122687969134943, 0.09125595949530077], [0.0034523407900801215, -0.0041081290092862275, -0.9999856022059079, 0.0010496795385682815], [0.0, 0.0, 0.0, 1.0]]}, "mean_rme": {"type": "float", "data": 0.0022706622361955593}, "max_rme": {"type": "float", "data": 0.009978021380934066}, "simu": {"type": "float", "data": 0.002}}, {"type": "dict", "image_number": {"type": "int", "data": 17}, "Hcamera2end": {"type": "ndarray", "data": [[0.9999824675140104, 0.004836541318336502, 0.0034165088419365547, -0.01555780288712787], [-0.0033955708555254067, -0.004330736088582698, 0.9999848572970972, 0.027971456723636597], [0.004851264078166978, -0.9999789260744482, -0.004314237341270788, 0.03706056358198573], [0.0, 0.0, 0.0, 1.0]]}, "Hobj2base": {"type": "ndarray", "data": [[0.9999758099769489, 0.005611009144092213, 0.004110478965996086, -0.736031341096612], [0.005597576520351591, -0.9999789798796146, 0.003272145477267507, 0.09079101544842334], [0.004128752601427126, -0.0032490576034455263, -0.9999861984180813, 0.000728554995022893], [0.0, 0.0, 0.0, 1.0]]}, "mean_rme": {"type": "float", "data": 0.0023045391144018656}, "max_rme": {"type": "float", "data": 0.010116104962843042}, "simu": {"type": "float", "data": 0.002}}, {"type": "dict", "image_number": {"type": "int", "data": 18}, "Hcamera2end": {"type": "ndarray", "data": [[0.9999823857133285, 0.005374581786540243, 0.0025183593269429857, -0.01528404531998821], [-0.0024974424836549164, -0.003894977885640749, 0.9999892959068665, 0.028179132203475152], [0.005384333210402789, -0.9999779712663123, -0.0038814865694982714, 0.036839939563642385], [0.0, 0.0, 0.0, 1.0]]}, "Hobj2base": {"type": "ndarray", "data": [[0.9999752884155559, 0.0059340755505890505, 0.0037695232570864644, -0.736122753410088], [0.005923034774164013, -0.9999781561719687, 0.0029334004114141073, 0.09058312390793562], [0.0037868479359301375, -0.0029110009051083892, -0.9999885928631589, 0.0004166661951131116], [0.0, 0.0, 0.0, 1.0]]}, "mean_rme": {"type": "float", "data": 0.002289387286641857}, "max_rme": {"type": "float", "data": 0.009907156644862858}, "simu": {"type": "float", "data": 0.002}}, {"type": "dict", "image_number": {"type": "int", "data": 19}, "Hcamera2end": {"type": "ndarray", "data": [[0.999979290118852, 0.006097661361849448, 0.002058606157797778, -0.015237744111729965], [-0.0020387845445788517, -0.0032551252348700377, 0.9999926237314383, 0.028014619083177355], [0.0061043174047145515, -0.9999761110574699, -0.0032426260038707078, 0.03605344065631665], [0.0, 0.0, 0.0, 1.0]]}, "Hobj2base": {"type": "ndarray", "data": [[0.9999756693758903, 0.00638145645215783, 0.0028173870499696983, -0.7358510052017802], [0.006373621229871244, -0.9999758203723672, 0.0027812988024721818, 0.09022264236576805], [0.0028350676637883486, -0.0027632741738220306, -0.9999921633228841, 0.0008108393283807922], [0.0, 0.0, 0.0, 1.0]]}, "mean_rme": {"type": "float", "data": 0.0022340187164969004}, "max_rme": {"type": "float", "data": 0.009933559819032156}, "simu": {"type": "float", "data": 0.002}}, {"type": "dict", "image_number": {"type": "int", "data": 20}, "Hcamera2end": {"type": "ndarray", "data": [[0.9999853861799736, 0.005106598248692279, 0.0017748467019808943, -0.015259009130355905], [-0.001757906200488192, -0.0033199532725907144, 0.9999929438131343, 0.02780335310708519], [0.005112454623697376, -0.999981450110248, -0.003310927834666355, 0.0357471886967893], [0.0, 0.0, 0.0, 1.0]]}, "Hobj2base": {"type": "ndarray", "data": [[0.9999801589997761, 0.005681086062285515, 0.0027215561606086136, -0.7356435224362968], [0.005673680123468257, -0.999980201879388, 0.0027212502854000206, 0.09011080687994003], [0.002736961935979869, -0.0027057550539791512, -0.99999259393705, 0.0011187570406760161], [0.0, 0.0, 0.0, 1.0]]}, "mean_rme": {"type": "float", "data": 0.0022875053370965707}, "max_rme": {"type": "float", "data": 0.009559500253501385}, "simu": {"type": "float", "data": 0.002}}, {"type": "dict", "image_number": {"type": "int", "data": 21}, "Hcamera2end": {"type": "ndarray", "data": [[0.999991296228493, 0.004144459339421417, 0.0004805455671852356, -0.015091462489365262], [-0.0004571111292671819, -0.0056534965645254065, 0.9999839143836315, 0.027694065722628572], [0.004147109435951608, -0.9999754304148569, -0.005651552879294197, 0.03670230500321533], [0.0, 0.0, 0.0, 1.0]]}, "Hobj2base": {"type": "ndarray", "data": [[0.9999738052644376, 0.005596440945657065, 0.00459005813715447, -0.735458953820126], [0.005588348739954635, -0.9999828116348293, 0.0017739203090616131, 0.08964369356200118], [0.004599906881811018, -0.0017482229960811228, -0.9999878922132184, 0.0010561572446116346], [0.0, 0.0, 0.0, 1.0]]}, "mean_rme": {"type": "float", "data": 0.002345282102321315}, "max_rme": {"type": "float", "data": 0.008805732887835427}, "simu": {"type": "float", "data": 0.002}}, {"type": "dict", "image_number": {"type": "int", "data": 22}, "Hcamera2end": {"type": "ndarray", "data": [[0.9999906354791939, 0.004326624169647722, 9.631828760337099e-05, -0.01526411629294698], [-8.367657494372932e-05, -0.0029219281015200327, 0.9999957276580737, 0.02735431250995984], [0.004326887119941121, -0.9999863712368605, -0.002921538701972093, 0.03595602087464206], [0.0, 0.0, 0.0, 1.0]]}, "Hobj2base": {"type": "ndarray", "data": [[0.9999833188163832, 0.0051746089818503534, 0.0025662250206461693, -0.7359709835000537], [0.005172449569284171, -0.9999862637462187, 0.0008473985669635521, 0.08916129779271659], [0.0025705747265638425, -0.0008341107618497325, -0.9999963481957383, 0.0016770131969982636], [0.0, 0.0, 0.0, 1.0]]}, "mean_rme": {"type": "float", "data": 0.002410332994048833}, "max_rme": {"type": "float", "data": 0.00835660618256745}, "simu": {"type": "float", "data": 0.002}}, {"type": "dict", "image_number": {"type": "int", "data": 23}, "Hcamera2end": {"type": "ndarray", "data": [[0.9999912194286499, 0.004189731525677212, -8.494318362685166e-05, -0.015239856843047756], [9.785799202522566e-05, -0.0030823820103424993, 0.9999952446611712, 0.027344351983300073], [0.004189449774743094, -0.999986472443945, -0.0030827649439815197, 0.036039472622442406], [0.0, 0.0, 0.0, 1.0]]}, "Hobj2base": {"type": "ndarray", "data": [[0.9999825049368212, 0.00519156912124846, 0.002835036214891746, -0.7359310428970839], [0.005190325979018706, -0.9999864308533635, 0.0004456740768809088, 0.08909096877035816], [0.002837311493645302, -0.0004309515176671651, -0.9999958819636594, 0.0016038126862799812], [0.0, 0.0, 0.0, 1.0]]}, "mean_rme": {"type": "float", "data": 0.0023276736233930834}, "max_rme": {"type": "float", "data": 0.008298956662849633}, "simu": {"type": "float", "data": 0.002}}, {"type": "dict", "image_number": {"type": "int", "data": 24}, "Hcamera2end": {"type": "ndarray", "data": [[0.9999932399145486, 0.0036677875266667805, -0.0002597303667293885, -0.015149442268803118], [0.00027281713963835845, -0.0035679797326779727, 0.999993597525222, 0.027489154031296544], [0.003666837331065198, -0.9999869083419476, -0.003568956248131805, 0.03624034698524172], [0.0, 0.0, 0.0, 1.0]]}, "Hobj2base": {"type": "ndarray", "data": [[0.9999834855732288, 0.004784104020098323, 0.003184482617479716, -0.735931049249051], [0.004784272862345545, -0.9999885542702962, -4.540463938386069e-05, 0.08907662321917033], [0.003184228948234623, 6.063932331968782e-05, -0.9999949284915788, 0.0013860603501890552], [0.0, 0.0, 0.0, 1.0]]}, "mean_rme": {"type": "float", "data": 0.0022932067637656257}, "max_rme": {"type": "float", "data": 0.008096111056569655}, "simu": {"type": "float", "data": 0.002}}, {"type": "dict", "image_number": {"type": "int", "data": 25}, "Hcamera2end": {"type": "ndarray", "data": [[0.9999910981138618, 0.004203051902700929, -0.0003715477574806861, -0.015088794108516714], [0.0003820718320914078, -0.0025033868365484935, 0.9999967935325902, 0.027672824671547955], [0.004202108297986755, -0.9999880336329279, -0.002504970419424657, 0.03559982528402827], [0.0, 0.0, 0.0, 1.0]]}, "Hobj2base": {"type": "ndarray", "data": [[0.9999859082416559, 0.004850843427347889, 0.0021569970222404767, -0.7360456745868305], [0.004851131657669447, -0.9999882249464358, -0.00012841384799091115, 0.08894764154072751], [0.002156348708014495, 0.00013887591495408675, -0.9999976654341398, 0.0014114286862481195], [0.0, 0.0, 0.0, 1.0]]}, "mean_rme": {"type": "float", "data": 0.0022551736799364553}, "max_rme": {"type": "float", "data": 0.00808878002814542}, "simu": {"type": "float", "data": 0.002}}, {"type": "dict", "image_number": {"type": "int", "data": 26}, "Hcamera2end": {"type": "ndarray", "data": [[0.9999923813022832, 0.003890652598956043, 0.0003164802415397375, -0.015649234149593804], [-0.00030713821202713694, -0.0024015102168188918, 0.9999970692031037, 0.028115662994138594], [0.0038914012267769606, -0.9999895477308913, -0.0024002969523555517, 0.035520340810281596], [0.0, 0.0, 0.0, 1.0]]}, "Hobj2base": {"type": "ndarray", "data": [[0.9999883689090036, 0.004330448854681266, 0.002123501690061443, -0.7360138645081025], [0.004329348642251391, -0.9999904918554705, 0.0005224356304925665, 0.08900431411363109], [0.0021257438802781766, -0.0005132361748375223, -0.9999976088979334, 0.0009763746901329379], [0.0, 0.0, 0.0, 1.0]]}, "mean_rme": {"type": "float", "data": 0.0023480852855962808}, "max_rme": {"type": "float", "data": 0.008028861738477444}, "simu": {"type": "float", "data": 0.002}}, {"type": "dict", "image_number": {"type": "int", "data": 27}, "Hcamera2end": {"type": "ndarray", "data": [[0.9999918803674646, 0.004020760028161645, 0.00026960700728472994, -0.01567664047579202], [-0.0002613417399886784, -0.002056031740037545, 0.999997852214683, 0.02812625502960129], [0.004021305712996606, -0.9999898030591511, -0.0020549642533933543, 0.03531518967780797], [0.0, 0.0, 0.0, 1.0]]}, "Hobj2base": {"type": "ndarray", "data": [[0.9999895381885743, 0.004125719530562326, 0.001975335859311868, -0.735967558266046], [0.004124971288715871, -0.9999914190331127, 0.00038271661599896225, 0.08897177642109402], [0.0019768978904375666, -0.0003745644083846638, -0.9999979757860684, 0.0009395433888414071], [0.0, 0.0, 0.0, 1.0]]}, "mean_rme": {"type": "float", "data": 0.0022949373357950367}, "max_rme": {"type": "float", "data": 0.00800868162852214}, "simu": {"type": "float", "data": 0.002}}, {"type": "dict", "image_number": {"type": "int", "data": 28}, "Hcamera2end": {"type": "ndarray", "data": [[0.9999967254566935, 0.0025344304180176147, 0.0003545960330924153, -0.01576548180878125], [-0.0003465388823467243, -0.0031788099535048353, 0.9999948875259727, 0.027652269658513008], [0.0025355446542073955, -0.9999917358807201, -0.0031779212656695144, 0.03606611964735366], [0.0, 0.0, 0.0, 1.0]]}, "Hobj2base": {"type": "ndarray", "data": [[0.999988550001084, 0.0030379854084031342, 0.0036973654658231324, -0.7356566073998342], [0.0030359735926755883, -0.9999952403839396, 0.000549612419041107, 0.08937043793070702], [0.0036990175822924046, -0.000538381022062795, -0.999993013682996, 0.0011169519281860013], [0.0, 0.0, 0.0, 1.0]]}, "mean_rme": {"type": "float", "data": 0.0023406912349302313}, "max_rme": {"type": "float", "data": 0.007989900461944255}, "simu": {"type": "float", "data": 0.002}}, {"type": "dict", "image_number": {"type": "int", "data": 29}, "Hcamera2end": {"type": "ndarray", "data": [[0.9999970161134301, 0.0024355353044096095, -0.00018955742475611236, -0.015302446032293896], [0.00019525546580248087, -0.0023395188675547907, 0.9999972442595887, 0.02765819076445322], [0.0024350851195348456, -0.9999942973933648, -0.0023399874382761254, 0.03565844304847547], [0.0, 0.0, 0.0, 1.0]]}, "Hobj2base": {"type": "ndarray", "data": [[0.999991362933377, 0.0029176973812769617, 0.00295991564716305, -0.7357938429105239], [0.002917681967246227, -0.999995743511541, 9.525642755390451e-06, 0.0895337612929109], [0.0029599308412591816, -8.894679734817664e-07, -0.9999956193947168, 0.0012416965312019397], [0.0, 0.0, 0.0, 1.0]]}, "mean_rme": {"type": "float", "data": 0.002332697613659739}, "max_rme": {"type": "float", "data": 0.008043949765969532}, "simu": {"type": "float", "data": 0.002}}, {"type": "dict", "image_number": {"type": "int", "data": 30}, "Hcamera2end": {"type": "ndarray", "data": [[0.999996732801631, 0.002555894219660706, 4.2317860835566073e-05, -0.015373406660126218], [-3.640593005344267e-05, -0.002313059925703964, 0.9999973242106143, 0.0276434098058564], [0.0025559852643741218, -0.9999940585616086, -0.0023129593187720676, 0.035690550309397696], [0.0, 0.0, 0.0, 1.0]]}, "Hobj2base": {"type": "ndarray", "data": [[0.9999902566069817, 0.0032171660694921534, 0.0030226699429727302, -0.7358035512514479], [0.0032160472673172986, -0.9999947582219724, 0.00037492473154875897, 0.08952652899678731], [0.003023860293932789, -0.0003652000290996476, -0.9999953614381731, 0.00120181186803854], [0.0, 0.0, 0.0, 1.0]]}, "mean_rme": {"type": "float", "data": 0.0023094160465930006}, "max_rme": {"type": "float", "data": 0.008070480142057052}, "simu": {"type": "float", "data": 0.002}}]}