{"type": "list", "data": [{"type": "dict", "image_number": {"type": "int", "data": 5}, "Hcamera2end": {"type": "ndarray", "data": [[0.999901089984049, 0.008659321792843098, 0.01108270701583146, -0.017618178803919065], [-0.01098436558789824, -0.01132291432269028, 0.9998755599192695, 0.022240667835726455], [0.008783732768143862, -0.9998983987172543, -0.011226677216738201, 0.03275575598597787], [0.0, 0.0, 0.0, 1.0]]}, "Hobj2base": {"type": "ndarray", "data": [[0.9999370055406376, 0.007868754586105425, 0.008004227113629752, -0.7304618650867845], [0.007736191822577638, -0.9998345982118877, 0.016459877112441432, 0.09525831972905455], [0.008132421933667958, -0.016396917995039045, -0.9998324883668044, 0.004359406641499875], [0.0, 0.0, 0.0, 1.0]]}, "mean_rme": {"type": "float", "data": 0.0013403573427387275}, "max_rme": {"type": "float", "data": 0.0035392795581184328}, "simu": {"type": "float", "data": 0.002}}, {"type": "dict", "image_number": {"type": "int", "data": 6}, "Hcamera2end": {"type": "ndarray", "data": [[0.999943692914508, 0.008382662291543816, 0.006507071030959881, -0.01737680869373857], [-0.006457655296029085, -0.005908633345877989, 0.9999616926363039, 0.021892039573181733], [0.008420789070728196, -0.9999474081294927, -0.005854168304413099, 0.03296324000468641], [0.0, 0.0, 0.0, 1.0]]}, "Hobj2base": {"type": "ndarray", "data": [[0.9999831612864344, 0.0055126359091663005, 0.0018132812583726945, -0.7332368344195294], [0.005491622302059921, -0.9999199784300179, 0.01139643896153673, 0.09356389708956159], [0.0018759605754155699, -0.011386289204367003, -0.9999334143782146, 0.005675161546227991], [0.0, 0.0, 0.0, 1.0]]}, "mean_rme": {"type": "float", "data": 0.0012797791030524335}, "max_rme": {"type": "float", "data": 0.0035449206771354103}, "simu": {"type": "float", "data": 0.002}}, {"type": "dict", "image_number": {"type": "int", "data": 7}, "Hcamera2end": {"type": "ndarray", "data": [[0.9999465733076428, 0.008898804024537037, 0.005259450278854523, -0.015996143476647524], [-0.005249281314346172, -0.0011657049938649244, 0.9999855429842722, 0.021540863298806834], [0.008904806341842344, -0.9999597253983782, -0.0011189303884167057, 0.033937999242467314], [0.0, 0.0, 0.0, 1.0]]}, "Hobj2base": {"type": "ndarray", "data": [[0.9999824595974401, 0.005668026203544455, -0.0017187135915634356, -0.7368885517683433], [0.0056806176893295715, -0.9999563959463214, 0.007411935557746139, 0.09349333712924093], [-0.0016766276037234423, -0.007421568904243836, -0.9999710541985096, 0.00655084329761918], [0.0, 0.0, 0.0, 1.0]]}, "mean_rme": {"type": "float", "data": 0.0014637510267958103}, "max_rme": {"type": "float", "data": 0.0045999686268560006}, "simu": {"type": "float", "data": 0.002}}, {"type": "dict", "image_number": {"type": "int", "data": 8}, "Hcamera2end": {"type": "ndarray", "data": [[0.9999218432335237, 0.010128205781852364, 0.0073298616707881846, -0.016136014226797574], [-0.007299114433255758, -0.003069440331920026, 0.9999686502408657, 0.021695726639466152], [0.010150386838080352, -0.9999439974237002, -0.002995273501383622, 0.03469887370067873], [0.0, 0.0, 0.0, 1.0]]}, "Hobj2base": {"type": "ndarray", "data": [[0.9999751426292752, 0.007011980796214568, -0.0007390865132803272, -0.737244398279427], [0.007017941943331847, -0.999940111672668, 0.008397711529451757, 0.0939632842158184], [-0.0006801576586486281, -0.008402689650664331, -0.9999644654647453, 0.006090076942388091], [0.0, 0.0, 0.0, 1.0]]}, "mean_rme": {"type": "float", "data": 0.001407462455349629}, "max_rme": {"type": "float", "data": 0.00461694326166695}, "simu": {"type": "float", "data": 0.002}}, {"type": "dict", "image_number": {"type": "int", "data": 9}, "Hcamera2end": {"type": "ndarray", "data": [[0.999889656955955, 0.012033640803044709, 0.008710074714145146, -0.017947636337291104], [-0.008654376081449304, -0.004672924138707346, 0.9999516316075667, 0.026368800225167823], [0.01207376027356562, -0.9999166741629111, -0.004568264860894677, 0.034698926179245734], [0.0, 0.0, 0.0, 1.0]]}, "Hobj2base": {"type": "ndarray", "data": [[0.9999566314545997, 0.009312598910667024, -0.00010349637198526915, -0.737705359928726], [0.00931315987222204, -0.9999127242864909, 0.009370638354065132, 0.09026123314411537], [-1.6222342737236963e-05, -0.009371195841368737, -0.9999560892485924, 0.003034349824640212], [0.0, 0.0, 0.0, 1.0]]}, "mean_rme": {"type": "float", "data": 0.002134704356680363}, "max_rme": {"type": "float", "data": 0.005538582230790928}, "simu": {"type": "float", "data": 0.002}}, {"type": "dict", "image_number": {"type": "int", "data": 10}, "Hcamera2end": {"type": "ndarray", "data": [[0.9998857143444221, 0.012679308011355386, 0.008233674653396366, -0.017397103338571675], [-0.008186716285507382, -0.0037510044923956265, 0.9999594529988497, 0.02670360582835567], [0.012709678454052678, -0.9999125787355868, -0.0036467739090026985, 0.03478165807076163], [0.0, 0.0, 0.0, 1.0]]}, "Hobj2base": {"type": "ndarray", "data": [[0.9999543573183703, 0.009373259459308444, -0.001850753120622147, -0.7380590933613297], [0.009389760640921202, -0.9999143419100252, 0.009118181712801935, 0.09070935260471887], [-0.0017651275056536054, -0.009135143663345054, -0.9999567158008085, 0.003057639455072342], [0.0, 0.0, 0.0, 1.0]]}, "mean_rme": {"type": "float", "data": 0.00216583309993284}, "max_rme": {"type": "float", "data": 0.005842282727869658}, "simu": {"type": "float", "data": 0.002}}, {"type": "dict", "image_number": {"type": "int", "data": 11}, "Hcamera2end": {"type": "ndarray", "data": [[0.9998775206871133, 0.01270586946099824, 0.009138079986042462, -0.017777622342635222], [-0.009078116336029578, -0.004769060192920227, 0.9999474205520338, 0.026203259665149258], [0.012748781446897206, -0.999907904232243, -0.004653130720587484, 0.035380820628440154], [0.0, 0.0, 0.0, 1.0]]}, "Hobj2base": {"type": "ndarray", "data": [[0.9999477787969328, 0.010200704453218818, -0.0006207316156020827, -0.7379501712742386], [0.010206361996542762, -0.9998987037089215, 0.009920307253993994, 0.09105437095271203], [-0.0005194746154085517, -0.009926124615185926, -0.9999505998779377, 0.0031988807525274495], [0.0, 0.0, 0.0, 1.0]]}, "mean_rme": {"type": "float", "data": 0.0021041187579365762}, "max_rme": {"type": "float", "data": 0.005904565406117612}, "simu": {"type": "float", "data": 0.002}}, {"type": "dict", "image_number": {"type": "int", "data": 12}, "Hcamera2end": {"type": "ndarray", "data": [[0.9998804054347702, 0.012747362761290782, 0.00875668717219476, -0.017655897088235846], [-0.008693939195255823, -0.004969549413613716, 0.9999498582428495, 0.02605910078331295], [0.012790240375724677, -0.9999063997801284, -0.0048581302857657604, 0.035594531238012664], [0.0, 0.0, 0.0, 1.0]]}, "Hobj2base": {"type": "ndarray", "data": [[0.9999416580269529, 0.01080044665697144, -0.00017576779663230706, -0.738058737566044], [0.010801589147909584, -0.999901394017433, 0.008973734666995125, 0.09082582358716228], [-7.88301222913203e-05, -0.008975109693133707, -0.9999597197846559, 0.0031357241880829397], [0.0, 0.0, 0.0, 1.0]]}, "mean_rme": {"type": "float", "data": 0.0019738683352366233}, "max_rme": {"type": "float", "data": 0.00589231421754649}, "simu": {"type": "float", "data": 0.002}}, {"type": "dict", "image_number": {"type": "int", "data": 13}, "Hcamera2end": {"type": "ndarray", "data": [[0.9999329950471432, 0.010237841915304255, 0.005402962980364178, -0.01778512959403476], [-0.005394726023438887, -0.0008320052510362164, 0.9999851022382256, 0.02593242833456976], [0.010242184687945131, -0.9999472457885865, -0.0007767191503591508, 0.03411627445441557], [0.0, 0.0, 0.0, 1.0]]}, "Hobj2base": {"type": "ndarray", "data": [[0.9999653987889697, 0.007998585671487203, -0.002285574779499226, -0.7379934147592333], [0.008011047981262906, -0.9999528048034747, 0.005496478500419894, 0.0894977322746857], [-0.0022415028571712388, -0.005514598164830711, -0.9999822822790518, 0.0038953387675069685], [0.0, 0.0, 0.0, 1.0]]}, "mean_rme": {"type": "float", "data": 0.0020923823141980723}, "max_rme": {"type": "float", "data": 0.00709193621346102}, "simu": {"type": "float", "data": 0.002}}, {"type": "dict", "image_number": {"type": "int", "data": 14}, "Hcamera2end": {"type": "ndarray", "data": [[0.9999393939803262, 0.009867328669529364, 0.004883051421547196, -0.0177603267067948], [-0.004893970206626263, 0.001082716584606458, 0.9999874383113089, 0.026355973607823716], [0.009861917758460813, -0.9999507305611236, 0.0011309413779915234, 0.03333255677663502], [0.0, 0.0, 0.0, 1.0]]}, "Hobj2base": {"type": "ndarray", "data": [[0.9999696741263132, 0.006781284386200085, -0.0038294921058104024, -0.7383240812736375], [0.006802349062896181, -0.999961657473087, 0.005514674142997197, 0.0896074972208385], [-0.003791948699745384, -0.00554055644772304, -0.9999774614256605, 0.0041370804738248], [0.0, 0.0, 0.0, 1.0]]}, "mean_rme": {"type": "float", "data": 0.0021920897268317245}, "max_rme": {"type": "float", "data": 0.0072012131623999664}, "simu": {"type": "float", "data": 0.002}}, {"type": "dict", "image_number": {"type": "int", "data": 15}, "Hcamera2end": {"type": "ndarray", "data": [[0.999949468099062, 0.009282984861576972, 0.003858424608898095, -0.01762594212179269], [-0.003872364020234128, 0.0014841036490162995, 0.9999914010796562, 0.02657746452545204], [0.009277178735888073, -0.9999558108378683, 0.001519975751016145, 0.03362737504575002], [0.0, 0.0, 0.0, 1.0]]}, "Hobj2base": {"type": "ndarray", "data": [[0.9999664616362139, 0.00652672726798575, -0.004947467424825093, -0.7389036304742589], [0.0065504258781626705, -0.9999670777975453, 0.004789075260699628, 0.08938567516526827], [-0.004916047555208451, -0.004821322661602277, -0.9999762933811118, 0.00412542832600619], [0.0, 0.0, 0.0, 1.0]]}, "mean_rme": {"type": "float", "data": 0.002148680002103681}, "max_rme": {"type": "float", "data": 0.0071695868591938605}, "simu": {"type": "float", "data": 0.002}}, {"type": "dict", "image_number": {"type": "int", "data": 16}, "Hcamera2end": {"type": "ndarray", "data": [[0.9999550694360471, 0.008708378841392568, 0.0037447626233178466, -0.017435322333790273], [-0.0037537354218497624, 0.0010142473483291115, 0.9999924403577757, 0.02638601883908628], [0.008704514893603348, -0.9999615669815874, 0.0010468907277475514, 0.034025786429189346], [0.0, 0.0, 0.0, 1.0]]}, "Hobj2base": {"type": "ndarray", "data": [[0.9999708936628511, 0.006548606000595964, -0.003915046176982369, -0.7387659165154575], [0.006566711160440689, -0.9999677216699463, 0.004629678471782264, 0.08945002402423143], [-0.00388460186560855, -0.004655252696223805, -0.9999816190764106, 0.004191758379376003], [0.0, 0.0, 0.0, 1.0]]}, "mean_rme": {"type": "float", "data": 0.0021502488498369265}, "max_rme": {"type": "float", "data": 0.007413462174413271}, "simu": {"type": "float", "data": 0.002}}, {"type": "dict", "image_number": {"type": "int", "data": 17}, "Hcamera2end": {"type": "ndarray", "data": [[0.9999508695748439, 0.009409733046565142, 0.0031169473056007935, -0.0170051104011582], [-0.0031305250928309537, 0.0014285673210352456, 0.9999940794865, 0.026799532668900464], [0.009405224567051437, -0.9999547070339744, 0.001457954540334483, 0.03372201241765061], [0.0, 0.0, 0.0, 1.0]]}, "Hobj2base": {"type": "ndarray", "data": [[0.9999676334893445, 0.006523294669542226, -0.004709416139429837, -0.7388287910887875], [0.006541772568379669, -0.9999709232028839, 0.00391892337714996, 0.0891564932780552], [-0.004683714912715707, -0.003949604464588722, -0.9999812315434675, 0.003816565068748302], [0.0, 0.0, 0.0, 1.0]]}, "mean_rme": {"type": "float", "data": 0.002141910453697136}, "max_rme": {"type": "float", "data": 0.007296892982576686}, "simu": {"type": "float", "data": 0.002}}, {"type": "dict", "image_number": {"type": "int", "data": 18}, "Hcamera2end": {"type": "ndarray", "data": [[0.9999409533395529, 0.010621454051256344, 0.0022966384615633276, -0.017259772960335616], [-0.002324656172737522, 0.002626248121037955, 0.9999938493783275, 0.026778849678322034], [0.01061535718026648, -0.9999401419758304, 0.0026507842785805646, 0.032544766926710024], [0.0, 0.0, 0.0, 1.0]]}, "Hobj2base": {"type": "ndarray", "data": [[0.999956487066294, 0.007488662363953754, -0.005562725054790045, -0.7382610324531025], [0.007505940401199066, -0.9999670506368936, 0.0030916822679986885, 0.08838574406180272], [-0.005539389201900688, -0.003133301222562632, -0.9999797485902997, 0.0038743175564966673], [0.0, 0.0, 0.0, 1.0]]}, "mean_rme": {"type": "float", "data": 0.002223893752462872}, "max_rme": {"type": "float", "data": 0.007403323272886175}, "simu": {"type": "float", "data": 0.002}}, {"type": "dict", "image_number": {"type": "int", "data": 19}, "Hcamera2end": {"type": "ndarray", "data": [[0.9999413065500306, 0.010631286075700932, 0.0020878724564676503, -0.016692818202825227], [-0.002104875192475532, 0.0015883734527257776, 0.9999965232790559, 0.02683316981811135], [0.010627932792503434, -0.9999422247440858, 0.0016106577559328317, 0.03337334988752309], [0.0, 0.0, 0.0, 1.0]]}, "Hobj2base": {"type": "ndarray", "data": [[0.9999595629645648, 0.007477139703010697, -0.0049964805191401555, -0.7383140595285955], [0.007492567080007631, -0.9999671989957142, 0.0030760967502997997, 0.08884637142554597], [-0.004973316224419265, -0.003113408827520115, -0.9999827862574457, 0.003534902129524462], [0.0, 0.0, 0.0, 1.0]]}, "mean_rme": {"type": "float", "data": 0.002216886547613907}, "max_rme": {"type": "float", "data": 0.007531044500511591}, "simu": {"type": "float", "data": 0.002}}, {"type": "dict", "image_number": {"type": "int", "data": 20}, "Hcamera2end": {"type": "ndarray", "data": [[0.9999365048683888, 0.011063795091534448, 0.0021397826439063707, -0.016586681061113485], [-0.002160335262155276, 0.0018460290127015888, 0.9999959625560694, 0.026748824987645265], [0.011059800321240577, -0.9999370903287151, 0.0018698133055159438, 0.03331627599369261], [0.0, 0.0, 0.0, 1.0]]}, "Hobj2base": {"type": "ndarray", "data": [[0.9999531035557766, 0.007824265176772092, -0.0057071502182579285, -0.7385169263780124], [0.007840789922727404, -0.9999651165354015, 0.0028788410392245776, 0.0888546099200491], [-0.005684426317392662, -0.0029234545977351624, -0.9999795701466394, 0.003715635855179053], [0.0, 0.0, 0.0, 1.0]]}, "mean_rme": {"type": "float", "data": 0.0021642742513812326}, "max_rme": {"type": "float", "data": 0.00742257548338543}, "simu": {"type": "float", "data": 0.002}}, {"type": "dict", "image_number": {"type": "int", "data": 21}, "Hcamera2end": {"type": "ndarray", "data": [[0.9999377568400656, 0.011018494420958667, 0.0017536323312143812, -0.01638903658225032], [-0.0017639253727876388, 0.0009245116879753601, 0.9999980169207426, 0.02691537444300218], [0.011016851316824314, -0.999938867160805, 0.0009438899453255711, 0.03359279267127198], [0.0, 0.0, 0.0, 1.0]]}, "Hobj2base": {"type": "ndarray", "data": [[0.9999551068006866, 0.008033814872543654, -0.0050241618028627625, -0.7383986248179619], [0.008046508797700027, -0.9999644724352761, 0.002511486294851684, 0.08888845987964973], [-0.005003806490681357, -0.0025518005083446796, -0.9999842249929598, 0.0033901319231865934], [0.0, 0.0, 0.0, 1.0]]}, "mean_rme": {"type": "float", "data": 0.0021533312637150546}, "max_rme": {"type": "float", "data": 0.007234749480320185}, "simu": {"type": "float", "data": 0.002}}, {"type": "dict", "image_number": {"type": "int", "data": 22}, "Hcamera2end": {"type": "ndarray", "data": [[0.9999339036588083, 0.011423597545089162, 0.0012998972208709747, -0.016384034166619123], [-0.001310610475723186, 0.0009303818059939184, 0.9999987083441038, 0.02698981345081211], [0.011422373389008075, -0.9999343157472009, 0.0009452921977737283, 0.03367467188123134], [0.0, 0.0, 0.0, 1.0]]}, "Hobj2base": {"type": "ndarray", "data": [[0.9999494197207086, 0.008386582535776984, -0.005551867576656945, -0.738657704910398], [0.00839985439119406, -0.99996190840916, 0.00237153471776221, 0.08863748805505738], [-0.005531767025541843, -0.0024180496441169462, -0.999981776128692, 0.0033628598179408346], [0.0, 0.0, 0.0, 1.0]]}, "mean_rme": {"type": "float", "data": 0.0021344658838879783}, "max_rme": {"type": "float", "data": 0.0070475512046804245}, "simu": {"type": "float", "data": 0.002}}, {"type": "dict", "image_number": {"type": "int", "data": 23}, "Hcamera2end": {"type": "ndarray", "data": [[0.9999395450643203, 0.010886768782913461, 0.0015441768123044437, -0.016447147246200337], [-0.001558798483267551, 0.0013347105733595432, 0.9999978943452699, 0.027391639719624803], [0.01088468483001876, -0.9999398465973603, 0.0013516001621841633, 0.03355045266448401], [0.0, 0.0, 0.0, 1.0]]}, "Hobj2base": {"type": "ndarray", "data": [[0.9999540537390613, 0.008026091807293438, -0.005241398775082236, -0.738521506641473], [0.008039140018016222, -0.9999646272614131, 0.0024731465208852007, 0.08853140310404638], [-0.005221363671424022, -0.002515169227692957, -0.9999832055015556, 0.00298241776553055], [0.0, 0.0, 0.0, 1.0]]}, "mean_rme": {"type": "float", "data": 0.0021363465947829316}, "max_rme": {"type": "float", "data": 0.0073237873082558635}, "simu": {"type": "float", "data": 0.002}}, {"type": "dict", "image_number": {"type": "int", "data": 24}, "Hcamera2end": {"type": "ndarray", "data": [[0.9999481548015122, 0.009902860327007941, 0.002370878823271878, -0.017388360297498285], [-0.002385801833740284, 0.0014953979059122435, 0.9999960358594993, 0.02753049265517017], [0.009899275663450755, -0.9999498473135773, 0.0015189466390385098, 0.03337421953907404], [0.0, 0.0, 0.0, 1.0]]}, "Hobj2base": {"type": "ndarray", "data": [[0.9999629034037196, 0.007191993099841074, -0.004739942157356735, -0.7381041486347697], [0.007207105234690123, -0.9999689755653531, 0.0031789213444998513, 0.08834973512934764], [-0.004716932322956463, -0.003212964679272542, -0.9999837135710914, 0.0031882597337238444], [0.0, 0.0, 0.0, 1.0]]}, "mean_rme": {"type": "float", "data": 0.0022209253636832856}, "max_rme": {"type": "float", "data": 0.007692200179071684}, "simu": {"type": "float", "data": 0.002}}, {"type": "dict", "image_number": {"type": "int", "data": 25}, "Hcamera2end": {"type": "ndarray", "data": [[0.9999320634764687, 0.010949194359148338, 0.003997946294900101, -0.0181234516086476], [-0.00402300607394099, 0.0022676647495668556, 0.9999893365025011, 0.027459560029983898], [0.01094001160055807, -0.9999374844656385, 0.002311559367718874, 0.033026081505314046], [0.0, 0.0, 0.0, 1.0]]}, "Hobj2base": {"type": "ndarray", "data": [[0.9999517925345105, 0.008046793392570393, -0.005626875075604675, -0.7381505800140618], [0.008071770578962304, -0.9999576082359198, 0.004430378180149614, 0.08831584973679815], [-0.0055909862045773456, -0.004475583447533151, -0.999974354684191, 0.0033520949398521617], [0.0, 0.0, 0.0, 1.0]]}, "mean_rme": {"type": "float", "data": 0.002235519238522172}, "max_rme": {"type": "float", "data": 0.007767315283998016}, "simu": {"type": "float", "data": 0.002}}, {"type": "dict", "image_number": {"type": "int", "data": 26}, "Hcamera2end": {"type": "ndarray", "data": [[0.9999339885938929, 0.010181670011127566, 0.005324664354949677, -0.01856714429282929], [-0.005341970105938922, 0.0016732568095361167, 0.9999843316607699, 0.02721659677824606], [0.010172600950377489, -0.9999467654867602, 0.0017275365323292657, 0.03333472255629572], [0.0, 0.0, 0.0, 1.0]]}, "Hobj2base": {"type": "ndarray", "data": [[0.9999598273994312, 0.007518908205427564, -0.004879508858274678, -0.7380142326358344], [0.007544870483175031, -0.9999573626912475, 0.0053242585359354316, 0.08860434074289834], [-0.004839268197955264, -0.005360859908981131, -0.9999739209921152, 0.003733235397858976], [0.0, 0.0, 0.0, 1.0]]}, "mean_rme": {"type": "float", "data": 0.002295179951614712}, "max_rme": {"type": "float", "data": 0.007862303263659276}, "simu": {"type": "float", "data": 0.002}}, {"type": "dict", "image_number": {"type": "int", "data": 27}, "Hcamera2end": {"type": "ndarray", "data": [[0.999937472192, 0.010125393707704503, 0.004746378465447687, -0.01820672260456939], [-0.0047688100995102725, 0.002192391608525357, 0.9999862258397708, 0.02725972002024436], [0.01011484831859066, -0.999946333470601, 0.0022405406028586095, 0.03305151396332839], [0.0, 0.0, 0.0, 1.0]]}, "Hobj2base": {"type": "ndarray", "data": [[0.9999620600654192, 0.0070640806677631654, -0.005096782714833035, -0.7380181625185992], [0.007089052722581045, -0.9999628755203038, 0.004898256083786763, 0.08871628238567901], [-0.005061991823319389, -0.0049342016056523755, -0.9999750146345137, 0.0038319968341190887], [0.0, 0.0, 0.0, 1.0]]}, "mean_rme": {"type": "float", "data": 0.002292424932593094}, "max_rme": {"type": "float", "data": 0.007906059690022255}, "simu": {"type": "float", "data": 0.002}}, {"type": "dict", "image_number": {"type": "int", "data": 28}, "Hcamera2end": {"type": "ndarray", "data": [[0.9999112731676405, 0.011247595281113534, 0.007137043691928608, -0.01859341581927308], [-0.007199881606775419, 0.0055562321706331685, 0.9999586441393037, 0.02732278200885124], [0.011207475055365613, -0.9999213068459231, 0.005636720538137685, 0.03146845550150587], [0.0, 0.0, 0.0, 1.0]]}, "Hobj2base": {"type": "ndarray", "data": [[0.9999439668096156, 0.0071071879943321176, -0.007845452177128651, -0.7379448238033541], [0.007161227469394332, -0.9999506794451813, 0.0068815331323419425, 0.08951671698648146], [-0.007796156885413693, -0.006937330605726475, -0.9999455452082802, 0.004099884882826042], [0.0, 0.0, 0.0, 1.0]]}, "mean_rme": {"type": "float", "data": 0.0023693351503514684}, "max_rme": {"type": "float", "data": 0.00851732947919115}, "simu": {"type": "float", "data": 0.002}}, {"type": "dict", "image_number": {"type": "int", "data": 29}, "Hcamera2end": {"type": "ndarray", "data": [[0.9999020273387491, 0.0118124624705483, 0.007510090161993737, -0.01873779256743038], [-0.0075814224194338895, 0.006005586007441943, 0.9999532263915176, 0.027529934680540376], [0.01176680746666199, -0.9999121954787278, 0.006094552892001337, 0.03126040329675282], [0.0, 0.0, 0.0, 1.0]]}, "Hobj2base": {"type": "ndarray", "data": [[0.9999377213107551, 0.00759695523724224, -0.008175559367897874, -0.7379466311520541], [0.0076533741540914585, -0.999946962330519, 0.006891907575252101, 0.08933527238377276], [-0.008122768241933892, -0.006954048971043428, -0.9999428292852532, 0.003968527043992487], [0.0, 0.0, 0.0, 1.0]]}, "mean_rme": {"type": "float", "data": 0.0023479418699870547}, "max_rme": {"type": "float", "data": 0.008577252390653711}, "simu": {"type": "float", "data": 0.002}}, {"type": "dict", "image_number": {"type": "int", "data": 30}, "Hcamera2end": {"type": "ndarray", "data": [[0.9999147662386507, 0.010997152976460535, 0.007037249769395455, -0.018310035391117332], [-0.0070917573413287974, 0.004925405928284166, 0.9999627229823387, 0.027500025446555325], [0.01096208172366181, -0.9999273988659647, 0.005002975257765274, 0.03206939425500831], [0.0, 0.0, 0.0, 1.0]]}, "Hobj2base": {"type": "ndarray", "data": [[0.9999484216410685, 0.0070910130308119955, -0.007271285425071178, -0.737986245038927], [0.007138582668167526, -0.9999531519144031, 0.006537171708038053, 0.08958911265655035], [-0.007224589609502831, -0.006588741203560011, -0.9999521957545405, 0.0035413236721736647], [0.0, 0.0, 0.0, 1.0]]}, "mean_rme": {"type": "float", "data": 0.002331038949926991}, "max_rme": {"type": "float", "data": 0.008684110076326829}, "simu": {"type": "float", "data": 0.002}}]}