{"type": "list", "data": [{"type": "dict", "image_number": {"type": "int", "data": 5}, "Hcamera2end": {"type": "ndarray", "data": [[0.9999597309461454, 0.008623740996008086, -0.0024834607599708396, -0.01209890886581643], [0.002573865617022419, -0.0104880270779244, 0.9999416865516702, 0.024826893165986852], [0.008597191512235567, -0.9999078119403042, -0.010509801085436976, 0.03489496696149656], [0.0, 0.0, 0.0, 1.0]]}, "Hobj2base": {"type": "ndarray", "data": [[0.9999031695538436, 0.012272794171975658, 0.006559728606416827, -0.7308573652074832], [0.012273129076360667, -0.9999246822566263, -1.0800901528483781e-05, 0.0919027452343801], [0.0065591019852197195, 9.130825156481909e-05, -0.9999784846905209, 0.0019958023088304743], [0.0, 0.0, 0.0, 1.0]]}, "mean_rme": {"type": "float", "data": 0.0013830485282434327}, "max_rme": {"type": "float", "data": 0.004683973660555951}, "simu": {"type": "float", "data": 0.002}}, {"type": "dict", "image_number": {"type": "int", "data": 6}, "Hcamera2end": {"type": "ndarray", "data": [[0.9999403548200717, 0.008617662978208037, -0.006709894716248954, -0.013033845769478261], [0.006755334010162858, -0.005254569441990542, 0.9999633768105662, 0.024827308896967104], [0.008582089764169333, -0.9999490613950159, -0.005312471224055537, 0.03492829018762352], [0.0, 0.0, 0.0, 1.0]]}, "Hobj2base": {"type": "ndarray", "data": [[0.9999381558199517, 0.010859306182359864, 0.0024000009649361737, -0.7338951441530751], [0.010867332745990497, -0.9999353135421616, -0.00335705381659366, 0.08903642285007808], [0.002363390442109892, 0.003382927811429655, -0.9999914850562686, 0.00392232513077322], [0.0, 0.0, 0.0, 1.0]]}, "mean_rme": {"type": "float", "data": 0.0012679198614638561}, "max_rme": {"type": "float", "data": 0.0048646737217142855}, "simu": {"type": "float", "data": 0.002}}, {"type": "dict", "image_number": {"type": "int", "data": 7}, "Hcamera2end": {"type": "ndarray", "data": [[0.9999446829393663, 0.009292644064390912, -0.004927253553731786, -0.011924320365284978], [0.004939664098671009, -0.0013130448416518448, 0.9999869377306067, 0.024946927425467055], [0.009286052976508528, -0.9999559603700238, -0.0013588747481374508, 0.033634433954089375], [0.0, 0.0, 0.0, 1.0]]}, "Hobj2base": {"type": "ndarray", "data": [[0.9999503527746592, 0.009638248845215344, -0.0025290601085039208, -0.73532596543887], [0.009629908412200735, -0.9999482205243044, -0.003289549247074493, 0.0909186460269045], [-0.002560634649329396, 0.0032650313128679102, -0.9999913913233043, 0.003912863804770453], [0.0, 0.0, 0.0, 1.0]]}, "mean_rme": {"type": "float", "data": 0.0013286371946380064}, "max_rme": {"type": "float", "data": 0.0047639847421523385}, "simu": {"type": "float", "data": 0.002}}, {"type": "dict", "image_number": {"type": "int", "data": 8}, "Hcamera2end": {"type": "ndarray", "data": [[0.9999648035363913, 0.007646025063031843, -0.0034539816389116498, -0.011955194858847233], [0.0034536496699251, 5.662035088649375e-05, 0.9999940345312532, 0.02749898873342814], [0.007646175016560643, -0.999970767120155, 3.021166611527626e-05, 0.0332546500207144], [0.0, 0.0, 0.0, 1.0]]}, "Hobj2base": {"type": "ndarray", "data": [[0.9999738049854486, 0.007002267954709763, -0.0018323718002718832, -0.7350955210319974], [0.006997559833896925, -0.9999722313554404, -0.002563332672916055, 0.0906113406634456], [-0.0018502700600234816, 0.0025504433950690403, -0.9999950358572751, 0.0013360885856850205], [0.0, 0.0, 0.0, 1.0]]}, "mean_rme": {"type": "float", "data": 0.0016044559785506006}, "max_rme": {"type": "float", "data": 0.004399862258659959}, "simu": {"type": "float", "data": 0.002}}, {"type": "dict", "image_number": {"type": "int", "data": 9}, "Hcamera2end": {"type": "ndarray", "data": [[0.9999769720379065, 0.006454056980315937, -0.002097746980641543, -0.012548580465558463], [0.002080929026617163, 0.0026114084447245167, 0.9999944251246209, 0.02719780122904669], [0.006459499073932725, -0.999975762553488, 0.0025979178748001264, 0.03291903344597206], [0.0, 0.0, 0.0, 1.0]]}, "Hobj2base": {"type": "ndarray", "data": [[0.9999775219634816, 0.005054979818227053, -0.004404854913859333, -0.7358600155860527], [0.0050489311248735486, -0.9999862973940319, -0.0013832276282043858, 0.09091020355639358], [-0.004411786743612688, 0.001360956726888109, -0.9999893419104608, 0.0023991904724006263], [0.0, 0.0, 0.0, 1.0]]}, "mean_rme": {"type": "float", "data": 0.0016071715886442153}, "max_rme": {"type": "float", "data": 0.004644127367571027}, "simu": {"type": "float", "data": 0.002}}, {"type": "dict", "image_number": {"type": "int", "data": 10}, "Hcamera2end": {"type": "ndarray", "data": [[0.9999732533141912, 0.00666833035365035, -0.0030043346229954608, -0.012493845960525137], [0.002984740079218791, 0.0029464575046815877, 0.9999912048187389, 0.02727267411062955], [0.00667712384877268, -0.9999734255261328, 0.0029264754638405055, 0.03283157935172547], [0.0, 0.0, 0.0, 1.0]]}, "Hobj2base": {"type": "ndarray", "data": [[0.9999762224360107, 0.004965618907204065, -0.0047851009889629224, -0.7361712251401361], [0.004956701456711661, -0.9999859601793479, -0.0018736474737451876, 0.09047299345546966], [-0.004794337626324301, 0.0018498846059299824, -0.9999867960396622, 0.002334505583564017], [0.0, 0.0, 0.0, 1.0]]}, "mean_rme": {"type": "float", "data": 0.0015577234463329162}, "max_rme": {"type": "float", "data": 0.004519492944389469}, "simu": {"type": "float", "data": 0.002}}, {"type": "dict", "image_number": {"type": "int", "data": 11}, "Hcamera2end": {"type": "ndarray", "data": [[0.9999804720659895, 0.005554241006233966, -0.0028645930820096056, -0.012188845380921468], [0.0028416103941728784, 0.004141348555431801, 0.9999873871617133, 0.027956260621660588], [0.005566034229912429, -0.9999759995314823, 0.004125484694475379, 0.031986509965998576], [0.0, 0.0, 0.0, 1.0]]}, "Hobj2base": {"type": "ndarray", "data": [[0.999978749961025, 0.0038065038429233727, -0.005292462081080153, -0.7364706148903544], [0.0037945406362728303, -0.9999902273406582, -0.0022686305423968967, 0.09037492811089262], [-0.005301045910528965, 0.002248499871476859, -0.9999834214428667, 0.0014802031782712645], [0.0, 0.0, 0.0, 1.0]]}, "mean_rme": {"type": "float", "data": 0.0017532204252354389}, "max_rme": {"type": "float", "data": 0.005350935468063145}, "simu": {"type": "float", "data": 0.002}}, {"type": "dict", "image_number": {"type": "int", "data": 12}, "Hcamera2end": {"type": "ndarray", "data": [[0.9999837339667642, 0.0053996194505259686, -0.0018373654174530891, -0.012587442887315461], [0.001809256370318188, 0.005206028049435707, 0.9999848118163273, 0.02835695817554305], [0.005409102816014314, -0.9999718702952292, 0.0051961740721223615, 0.031064357998061266], [0.0, 0.0, 0.0, 1.0]]}, "Hobj2base": {"type": "ndarray", "data": [[0.9999730572571109, 0.003464572463616197, -0.006471591574809653, -0.7362315646633455], [0.0034558734730491323, -0.9999931105951188, -0.0013548803773702402, 0.09080687400361336], [-0.006476241070641999, 0.0013324788715247944, -0.9999781411619215, 0.00149366096143759], [0.0, 0.0, 0.0, 1.0]]}, "mean_rme": {"type": "float", "data": 0.0017415464259761643}, "max_rme": {"type": "float", "data": 0.005170017124055293}, "simu": {"type": "float", "data": 0.002}}, {"type": "dict", "image_number": {"type": "int", "data": 13}, "Hcamera2end": {"type": "ndarray", "data": [[0.9999853589248026, 0.005399040892600564, -0.00036372169837942895, -0.013079835093421074], [0.0003346826583445891, 0.0053784847029340055, 0.9999854798394917, 0.028357760488922207], [0.005400918769251071, -0.99997096070823, 0.005376598990776582, 0.0312923569953157], [0.0, 0.0, 0.0, 1.0]]}, "Hobj2base": {"type": "ndarray", "data": [[0.999972472639599, 0.003192802241853942, -0.006697759094717618, -0.7365650499059941], [0.003194838596343756, -0.9999948534604839, 0.0002933579532299672, 0.09118966218494345], [-0.006696787990505029, -0.0003147481371246784, -0.9999775267295863, 0.0017576524693398731], [0.0, 0.0, 0.0, 1.0]]}, "mean_rme": {"type": "float", "data": 0.0016919587400729486}, "max_rme": {"type": "float", "data": 0.0051569777790723415}, "simu": {"type": "float", "data": 0.002}}, {"type": "dict", "image_number": {"type": "int", "data": 14}, "Hcamera2end": {"type": "ndarray", "data": [[0.99999678299471, 0.00253634968023403, -3.0504600448566076e-05, -0.014034490170055551], [2.771547950277905e-05, 0.0010996873466825319, 0.999999394959613, 0.027429378132323375], [0.0025363816911631665, -0.999996178801719, 0.0010996135128349405, 0.0316833594180698], [0.0, 0.0, 0.0, 1.0]]}, "Hobj2base": {"type": "ndarray", "data": [[0.9999934646531682, 0.0021299879782093172, -0.002921267219136579, -0.7347428959251119], [0.002128627182475285, -0.9999976245583706, -0.00046885385214289377, 0.09033499285691414], [-0.002922258932905417, 0.00046263249921042846, -0.9999956231773719, 0.0020032794044996804], [0.0, 0.0, 0.0, 1.0]]}, "mean_rme": {"type": "float", "data": 0.001946999390651373}, "max_rme": {"type": "float", "data": 0.008364487503088408}, "simu": {"type": "float", "data": 0.002}}, {"type": "dict", "image_number": {"type": "int", "data": 15}, "Hcamera2end": {"type": "ndarray", "data": [[0.9999968363669789, 0.0022865688091888393, 0.0010482648112717613, -0.014715977672680774], [-0.0010511375818857867, 0.0012555277211325766, 0.9999986593790641, 0.02783951437525921], [0.002285249618237183, -0.999996597620823, 0.0012579272475125025, 0.032076592587209], [0.0, 0.0, 0.0, 1.0]]}, "Hobj2base": {"type": "ndarray", "data": [[0.9999953064131646, 0.0014023565912828684, -0.002724068213535484, -0.7351372683358804], [0.0014041653031624296, -0.9999987949209714, 0.000662175509899213, 0.09065381375599861], [-0.0027231363246271153, -0.0006659974439898512, -0.9999960704802604, 0.0018051234245323549], [0.0, 0.0, 0.0, 1.0]]}, "mean_rme": {"type": "float", "data": 0.0019454001881538156}, "max_rme": {"type": "float", "data": 0.009012203959993165}, "simu": {"type": "float", "data": 0.002}}, {"type": "dict", "image_number": {"type": "int", "data": 16}, "Hcamera2end": {"type": "ndarray", "data": [[0.9999976583895831, 0.0020320419433244754, 0.0007443257963796292, -0.014507879768943853], [-0.0007459508144616369, 0.0007990563734514566, 0.9999994025329687, 0.027168781712824837], [0.002031445970974887, -0.999997616154385, 0.0008005703057153424, 0.03228658073870911], [0.0, 0.0, 0.0, 1.0]]}, "Hobj2base": {"type": "ndarray", "data": [[0.9999972961727404, 0.001320145842277856, -0.001914382972074096, -0.7351324399823369], [0.0013218727998116067, -0.9999987203242395, 0.0009011116384967182, 0.09108105003541334], [-0.0019131909235016204, -0.0009036397728257133, -0.9999977615653204, 0.002065319094927371], [0.0, 0.0, 0.0, 1.0]]}, "mean_rme": {"type": "float", "data": 0.0019819275294929678}, "max_rme": {"type": "float", "data": 0.009043809007371367}, "simu": {"type": "float", "data": 0.002}}, {"type": "dict", "image_number": {"type": "int", "data": 17}, "Hcamera2end": {"type": "ndarray", "data": [[0.9999971670920648, 0.0023343066306194954, 0.0004656397741802028, -0.01432109249326751], [-0.0004677150912228441, 0.0008885836945878856, 0.9999994958306784, 0.02704375779857405], [0.0023338916938228167, -0.999996880710921, 0.0008896729677507764, 0.032209796987731965], [0.0, 0.0, 0.0, 1.0]]}, "Hobj2base": {"type": "ndarray", "data": [[0.9999964071838324, 0.001673250419596062, -0.002094242693686848, -0.7351987443612162], [0.001674785882879556, -0.9999983298930859, 0.0007316442346491265, 0.09097759444032247], [-0.002093014972055023, -0.0007351490140846017, -0.9999975394191001, 0.002186257691421677], [0.0, 0.0, 0.0, 1.0]]}, "mean_rme": {"type": "float", "data": 0.0019076762877720537}, "max_rme": {"type": "float", "data": 0.008985936245029275}, "simu": {"type": "float", "data": 0.002}}, {"type": "dict", "image_number": {"type": "int", "data": 18}, "Hcamera2end": {"type": "ndarray", "data": [[0.9999970655760142, 0.0023151960495001074, 0.0007132367160710355, -0.014500470396312448], [-0.0007170177683168634, 0.0016327266228456372, 0.9999984100433835, 0.02692006646974813], [0.0023140278478641103, -0.9999959870274618, 0.0016343818684380063, 0.031672356647173154], [0.0, 0.0, 0.0, 1.0]]}, "Hobj2base": {"type": "ndarray", "data": [[0.999996013022236, 0.0011215906171352181, -0.002591519654519749, -0.735028977991816], [0.0011237752478421759, -0.9999990143432236, 0.0008416898323038184, 0.09095386204961818], [-0.00259057306875239, -0.0008445987621472186, -0.9999962877851631, 0.0022769848084097594], [0.0, 0.0, 0.0, 1.0]]}, "mean_rme": {"type": "float", "data": 0.001897616534738849}, "max_rme": {"type": "float", "data": 0.008794853867020586}, "simu": {"type": "float", "data": 0.002}}, {"type": "dict", "image_number": {"type": "int", "data": 19}, "Hcamera2end": {"type": "ndarray", "data": [[0.9999938518712223, 0.0035063369641494327, 4.267141785713473e-05, -0.014650273139495058], [-5.057440251394585e-05, 0.002253857012900262, 0.9999974587821687, 0.027170936568948173], [0.003506231878509029, -0.9999913128270961, 0.0022540204867941283, 0.031014942433114288], [0.0, 0.0, 0.0, 1.0]]}, "Hobj2base": {"type": "ndarray", "data": [[0.9999936626095898, 0.0022409850576034663, -0.0027663562007825167, -0.7345848873563636], [0.002242582209664586, -0.9999973204516763, 0.0005743818418737307, 0.09039950519576467], [-0.0027650616070723985, -0.0005805819829932244, -0.9999960086714696, 0.0020758991901857512], [0.0, 0.0, 0.0, 1.0]]}, "mean_rme": {"type": "float", "data": 0.00201592943450692}, "max_rme": {"type": "float", "data": 0.008833383390104782}, "simu": {"type": "float", "data": 0.002}}, {"type": "dict", "image_number": {"type": "int", "data": 20}, "Hcamera2end": {"type": "ndarray", "data": [[0.9999930894507261, 0.0037140612431067377, -0.00016370667261318174, -0.014422525588541612], [0.0001551495071941242, 0.0023041626089114198, 0.9999973333780954, 0.027096256810237234], [0.0037144285459035373, -0.9999904482462589, 0.002303570451110626, 0.03088090807259386], [0.0, 0.0, 0.0, 1.0]]}, "Hobj2base": {"type": "ndarray", "data": [[0.9999928762061568, 0.0023904415429551328, -0.0029211857468352705, -0.7344565551806169], [0.002390703994598443, -0.999997138534461, 8.635566132172975e-05, 0.09043397356237658], [-0.00292097095980263, -9.333873657572442e-05, -0.999995729599148, 0.0021686685555499683], [0.0, 0.0, 0.0, 1.0]]}, "mean_rme": {"type": "float", "data": 0.0019718029340487294}, "max_rme": {"type": "float", "data": 0.008800170970315685}, "simu": {"type": "float", "data": 0.002}}, {"type": "dict", "image_number": {"type": "int", "data": 21}, "Hcamera2end": {"type": "ndarray", "data": [[0.9999907277822638, 0.00426391853922354, 0.0006027837001671046, -0.014506406554362108], [-0.000616942281347329, 0.0033200206464027993, 0.9999942984063105, 0.02715214740815894], [0.004261892973762634, -0.9999853981241918, 0.0033226204540796056, 0.03042593389361149], [0.0, 0.0, 0.0, 1.0]]}, "Hobj2base": {"type": "ndarray", "data": [[0.9999897687246554, 0.0024043399763709677, -0.0038316569899066286, -0.7347037009515477], [0.002407223976532329, -0.9999968226975255, 0.0007482429959023769, 0.09074184086399344], [-0.003829845785026305, -0.000757458996998212, -0.9999923792395276, 0.0024128401644185377], [0.0, 0.0, 0.0, 1.0]]}, "mean_rme": {"type": "float", "data": 0.0019500464304575966}, "max_rme": {"type": "float", "data": 0.0090962238907015}, "simu": {"type": "float", "data": 0.002}}, {"type": "dict", "image_number": {"type": "int", "data": 22}, "Hcamera2end": {"type": "ndarray", "data": [[0.999990555262316, 0.004083326991058556, 0.0014885653660692206, -0.015075750504159262], [-0.0015017301737687556, 0.0032228703694092697, 0.9999936789365557, 0.027377625141397088], [0.004078503726878348, -0.9999864696820983, 0.0032289719855959076, 0.030498641501331882], [0.0, 0.0, 0.0, 1.0]]}, "Hobj2base": {"type": "ndarray", "data": [[0.9999901598377368, 0.0025512153784189354, -0.003629259950813673, -0.7347109290996915], [0.00255705984259696, -0.9999954400565281, 0.0016066459198822284, 0.0907965492801373], [-0.0036251445018149757, -0.0016159103451042485, -0.9999921235495293, 0.002241502739408914], [0.0, 0.0, 0.0, 1.0]]}, "mean_rme": {"type": "float", "data": 0.001969713528924424}, "max_rme": {"type": "float", "data": 0.009076144177502105}, "simu": {"type": "float", "data": 0.002}}, {"type": "dict", "image_number": {"type": "int", "data": 23}, "Hcamera2end": {"type": "ndarray", "data": [[0.9999931243330225, 0.0031116849988237086, 0.0020171026618191826, -0.015620093438222607], [-0.0020266315721793274, 0.0030621915543401768, 0.9999932578509493, 0.02776809867898942], [0.0031054872646443877, -0.9999904701542673, 0.0030684767387921807, 0.030197814204917652], [0.0, 0.0, 0.0, 1.0]]}, "Hobj2base": {"type": "ndarray", "data": [[0.9999938962548336, 0.001673289945696794, -0.0030671735905957245, -0.7341254219318977], [0.0016816032563775987, -0.9999949144701692, 0.002709842114732225, 0.09093182553425186], [-0.0030626236408279267, -0.0027149833436443368, -0.9999916245658651, 0.0018828268394201124], [0.0, 0.0, 0.0, 1.0]]}, "mean_rme": {"type": "float", "data": 0.0021037595103259913}, "max_rme": {"type": "float", "data": 0.008833344673894322}, "simu": {"type": "float", "data": 0.002}}, {"type": "dict", "image_number": {"type": "int", "data": 24}, "Hcamera2end": {"type": "ndarray", "data": [[0.9999941060076639, 0.0028029084267786352, 0.001982839954207426, -0.01582478671974453], [-0.0019921482482439085, 0.0033220594327585395, 0.9999924976050982, 0.027547865095661844], [0.0027963002860792183, -0.9999905537681226, 0.0033276236616780475, 0.030808778644166], [0.0, 0.0, 0.0, 1.0]]}, "Hobj2base": {"type": "ndarray", "data": [[0.9999945389572912, 0.0013031536752530326, -0.0030370785457843642, -0.7346903133360952], [0.0013109354312118451, -0.9999958596394778, 0.0025616698064213133, 0.09070857310269616], [-0.003033727721761228, -0.002565637230906137, -0.9999921069697049, 0.0023055428003242707], [0.0, 0.0, 0.0, 1.0]]}, "mean_rme": {"type": "float", "data": 0.0021298026946572988}, "max_rme": {"type": "float", "data": 0.009101611632965495}, "simu": {"type": "float", "data": 0.002}}, {"type": "dict", "image_number": {"type": "int", "data": 25}, "Hcamera2end": {"type": "ndarray", "data": [[0.999990559319951, 0.0038002706267406565, 0.0021069442648753863, -0.0161273692416993], [-0.002121607238247443, 0.003858506820994312, 0.9999903053069257, 0.02756842926953494], [0.003792104125465856, -0.9999853348266041, 0.0038665330757349237, 0.030344494975304965], [0.0, 0.0, 0.0, 1.0]]}, "Hobj2base": {"type": "ndarray", "data": [[0.9999901367462066, 0.0015573305131238561, -0.004159462943189501, -0.7348164644497026], [0.0015675144807723899, -0.9999957793745375, 0.002446248446776522, 0.09041290930280281], [-0.0041556357703054474, -0.0024527443372029355, -0.999988357300504, 0.0026464293267005477], [0.0, 0.0, 0.0, 1.0]]}, "mean_rme": {"type": "float", "data": 0.0021473808243198628}, "max_rme": {"type": "float", "data": 0.009068851614656176}, "simu": {"type": "float", "data": 0.002}}, {"type": "dict", "image_number": {"type": "int", "data": 26}, "Hcamera2end": {"type": "ndarray", "data": [[0.9999897526262276, 0.003924266992635295, 0.0022571599647986697, -0.01606816618535252], [-0.0022682774469201345, 0.002830869862602503, 0.9999934205249775, 0.027468393685852587], [0.003917851446899215, -0.9999882930836698, 0.002839742179935989, 0.030905113684164022], [0.0, 0.0, 0.0, 1.0]]}, "Hobj2base": {"type": "ndarray", "data": [[0.9999928496615382, 0.0019887104317696546, -0.003216466479676063, -0.7347950128258158], [0.0019965808763017534, -0.9999950164248774, 0.002445565418015231, 0.09045517718982242], [-0.00321158692871535, -0.002451969866857349, -0.9999918367432665, 0.0024309668035122764], [0.0, 0.0, 0.0, 1.0]]}, "mean_rme": {"type": "float", "data": 0.0021284589036393684}, "max_rme": {"type": "float", "data": 0.008975335166998472}, "simu": {"type": "float", "data": 0.002}}, {"type": "dict", "image_number": {"type": "int", "data": 27}, "Hcamera2end": {"type": "ndarray", "data": [[0.9999897025257082, 0.0039839801281215965, 0.0021731877241747202, -0.01603689248438303], [-0.0021806699872356583, 0.0018747065523343487, 0.999995865068326, 0.027347053718594957], [0.0039798895653700124, -0.9999903066418603, 0.001883374993487008, 0.03124626532255491], [0.0, 0.0, 0.0, 1.0]]}, "Hobj2base": {"type": "ndarray", "data": [[0.999993055378823, 0.002281430565491165, -0.002946908329264188, -0.7349607124863866], [0.002288770949918886, -0.9999942809207127, 0.0024899103205687093, 0.09045079702110594], [-0.0029412109181511247, -0.0024966378272608617, -0.9999925580112552, 0.0024636177443546257], [0.0, 0.0, 0.0, 1.0]]}, "mean_rme": {"type": "float", "data": 0.0021815284383626004}, "max_rme": {"type": "float", "data": 0.008788635291311547}, "simu": {"type": "float", "data": 0.002}}, {"type": "dict", "image_number": {"type": "int", "data": 28}, "Hcamera2end": {"type": "ndarray", "data": [[0.9999890700709053, 0.0043238656049735345, 0.0017787425210294486, -0.015640813409486087], [-0.0017861030833002717, 0.001699045624535267, 0.9999969615352546, 0.027048643600560793], [0.004320830302362801, -0.9999892086568714, 0.001706749923775841, 0.03128322720581367], [0.0, 0.0, 0.0, 1.0]]}, "Hobj2base": {"type": "ndarray", "data": [[0.999992193590323, 0.002765174388028471, -0.0028225111191771475, -0.7350572828279883], [0.0027719119290366473, -0.9999933118291828, 0.0023859591698183902, 0.09062367154078246], [-0.002815894648553386, -0.002393764296284724, -0.9999931702915885, 0.0025402827637991516], [0.0, 0.0, 0.0, 1.0]]}, "mean_rme": {"type": "float", "data": 0.0021724996547285106}, "max_rme": {"type": "float", "data": 0.00886229772411537}, "simu": {"type": "float", "data": 0.002}}, {"type": "dict", "image_number": {"type": "int", "data": 29}, "Hcamera2end": {"type": "ndarray", "data": [[0.9999895003729272, 0.004375528248037639, 0.0013615786624182628, -0.01549199425653605], [-0.001366286076392761, 0.0010730414577985181, 0.999998490921055, 0.02736226729838444], [0.004374060614667257, -0.9999898516157953, 0.001079008414585525, 0.03166081790764985], [0.0, 0.0, 0.0, 1.0]]}, "Hobj2base": {"type": "ndarray", "data": [[0.9999922119987646, 0.0030342878997418484, -0.002523695456903612, -0.7350294705231506], [0.0030397506755810827, -0.999993039389564, 0.0021635822730917244, 0.09033944456964955], [-0.0025171129589313386, -0.0021712368280803925, -0.9999944749212311, 0.00230713573758869], [0.0, 0.0, 0.0, 1.0]]}, "mean_rme": {"type": "float", "data": 0.0021883856916800355}, "max_rme": {"type": "float", "data": 0.00887111203383853}, "simu": {"type": "float", "data": 0.002}}, {"type": "dict", "image_number": {"type": "int", "data": 30}, "Hcamera2end": {"type": "ndarray", "data": [[0.9999887484876696, 0.004613663626169245, 0.0011031799530344937, -0.015413534681881313], [-0.0011065552829023588, 0.0007291056187263001, 0.9999991219698158, 0.02748716002320364], [0.004612855240531099, -0.9999890911969697, 0.0007342026890444497, 0.03181007173386643], [0.0, 0.0, 0.0, 1.0]]}, "Hobj2base": {"type": "ndarray", "data": [[0.9999912493560748, 0.003516296451844373, -0.0022664665317362323, -0.7351003315107254], [0.0035208881601241603, -0.9999917510504324, 0.0020251364531632676, 0.09025155953698001], [-0.0022593268556433564, -0.0020330987070921736, -0.9999953809652355, 0.0021307099006735255], [0.0, 0.0, 0.0, 1.0]]}, "mean_rme": {"type": "float", "data": 0.0021723739874267155}, "max_rme": {"type": "float", "data": 0.00894931057884843}, "simu": {"type": "float", "data": 0.002}}]}