{"type": "list", "data": [{"type": "dict", "image_number": {"type": "int", "data": 5}, "Hcamera2end": {"type": "ndarray", "data": [[0.9999833414259399, -0.004863482947906107, 0.0031086016514667667, -0.012981809092875437], [-0.002971037682104677, 0.028041086545166793, 0.9996023561399094, 0.023684550431484184], [-0.004948717581716444, -0.9995949399626742, 0.02802616982954531, 0.02881378463644255], [0.0, 0.0, 0.0, 1.0]]}, "Hobj2base": {"type": "ndarray", "data": [[0.9997540681909075, -0.015333007886865445, -0.016021922633429112, -0.7444102484678996], [-0.015203269892931675, -0.9998508958464327, 0.00818820246743243, 0.1008867193033893], [-0.016145083471228738, -0.007942603113986707, -0.9998381125639688, 0.007376320976306116], [0.0, 0.0, 0.0, 1.0]]}, "mean_rme": {"type": "float", "data": 0.00152170931877697}, "max_rme": {"type": "float", "data": 0.004481614915311405}, "simu": {"type": "float", "data": 0.002}}, {"type": "dict", "image_number": {"type": "int", "data": 6}, "Hcamera2end": {"type": "ndarray", "data": [[0.9999807665673844, -0.004376702430137779, -0.0043944250072322924, -0.014190546141469527], [0.004436537286531712, 0.009659144635199013, 0.9999435074352057, 0.02581131726401794], [-0.0043340087922587684, -0.9999437711195336, 0.00967837626021495, 0.028196776910630713], [0.0, 0.0, 0.0, 1.0]]}, "Hobj2base": {"type": "ndarray", "data": [[0.9999800333054627, -0.0058786705677844305, -0.0023182369941553496, -0.7343592161318621], [-0.005875749339753845, -0.9999819376212187, 0.0012649114631918918, 0.09265595228410012], [-0.0023256311190701755, -0.0012512648276032884, -0.9999965128820347, 0.00429238788431648], [0.0, 0.0, 0.0, 1.0]]}, "mean_rme": {"type": "float", "data": 0.001670262506969703}, "max_rme": {"type": "float", "data": 0.004922979145598028}, "simu": {"type": "float", "data": 0.002}}, {"type": "dict", "image_number": {"type": "int", "data": 7}, "Hcamera2end": {"type": "ndarray", "data": [[0.9999734631755444, -0.004455391629423525, -0.005763890191243846, -0.014230163349833859], [0.00580815432459055, 0.009986701472370574, 0.999933263341631, 0.025789917036655185], [-0.0043975320408149755, -0.999940205851895, 0.0100123140591869, 0.02804957158575493], [0.0, 0.0, 0.0, 1.0]]}, "Hobj2base": {"type": "ndarray", "data": [[0.9999783954879901, -0.006251440615617657, -0.0020317597038818054, -0.7344531496072202], [-0.00625440057496173, -0.9999793842987541, -0.0014537712792413535, 0.09189130038855572], [-0.0020226296529098796, 0.001466447310282434, -0.9999968792459171, 0.004259821331862542], [0.0, 0.0, 0.0, 1.0]]}, "mean_rme": {"type": "float", "data": 0.0015060839741795338}, "max_rme": {"type": "float", "data": 0.004871886447500529}, "simu": {"type": "float", "data": 0.002}}, {"type": "dict", "image_number": {"type": "int", "data": 8}, "Hcamera2end": {"type": "ndarray", "data": [[0.9999840346716729, -0.004841876630203468, -0.0029131825312562884, -0.016251059879667906], [0.0029446863451370055, 0.006512186632565808, 0.9999744597976445, 0.02573484670637318], [-0.004822781779356283, -0.9999670732858958, 0.00652634047136591, 0.02740066643073939], [0.0, 0.0, 0.0, 1.0]]}, "Hobj2base": {"type": "ndarray", "data": [[0.9999822376098914, -0.005913360369475138, 0.0007460789875034832, -0.7317218650143543], [-0.005914977316051474, -0.9999801214101516, 0.0021839935643101316, 0.09192373157533093], [0.000733149415514916, -0.002188367811651513, -0.9999973367655812, 0.00386916549671458], [0.0, 0.0, 0.0, 1.0]]}, "mean_rme": {"type": "float", "data": 0.001517584397594174}, "max_rme": {"type": "float", "data": 0.005116107650229185}, "simu": {"type": "float", "data": 0.002}}, {"type": "dict", "image_number": {"type": "int", "data": 9}, "Hcamera2end": {"type": "ndarray", "data": [[0.9999841753674451, -0.0030808269429398807, -0.004707177502333278, -0.0149546707579964], [0.004725916195783138, 0.006103606710093468, 0.9999702054067604, 0.026912557285906778], [-0.003052004390765433, -0.9999766269720888, 0.006118069852706021, 0.027723273562753233], [0.0, 0.0, 0.0, 1.0]]}, "Hobj2base": {"type": "ndarray", "data": [[0.9999906422785374, -0.004302979428471199, 0.00044690423615880467, -0.7317315971101492], [-0.004302757931842317, -0.999990620378131, -0.0004954088622712744, 0.0907641590326267], [0.00044903177850909347, 0.000493481305626225, -0.9999997774233069, 0.002531748534748832], [0.0, 0.0, 0.0, 1.0]]}, "mean_rme": {"type": "float", "data": 0.0017209431541806031}, "max_rme": {"type": "float", "data": 0.005472171002530085}, "simu": {"type": "float", "data": 0.002}}, {"type": "dict", "image_number": {"type": "int", "data": 10}, "Hcamera2end": {"type": "ndarray", "data": [[0.9999868721845467, -0.0038053718568853475, -0.003431414227070107, -0.015636622926504834], [0.003457646242795368, 0.00690839751962502, 0.9999701589178401, 0.02688212969640664], [-0.00378155272693602, -0.9999688961106449, 0.0069214644571606865, 0.02771096246490293], [0.0, 0.0, 0.0, 1.0]]}, "Hobj2base": {"type": "ndarray", "data": [[0.9999863897419639, -0.00521715668121889, -4.0087364657583024e-05, -0.7318303363490355], [-0.005217138013278549, -0.9999862882769472, 0.00045246993739078326, 0.0909571022498001], [-4.244742154764995e-05, -0.0004522546378441746, -0.9999998968319741, 0.0030450828606127245], [0.0, 0.0, 0.0, 1.0]]}, "mean_rme": {"type": "float", "data": 0.0017235277207937037}, "max_rme": {"type": "float", "data": 0.005606076114144154}, "simu": {"type": "float", "data": 0.002}}, {"type": "dict", "image_number": {"type": "int", "data": 11}, "Hcamera2end": {"type": "ndarray", "data": [[0.9999898073406976, -0.003354335944435253, -0.0030221920995040803, -0.015939958265075656], [0.003049062827066692, 0.008034750393440815, 0.9999630723191691, 0.027371442155269366], [-0.0033299295174275528, -0.999962094889845, 0.00804489607900516, 0.027968911521155826], [0.0, 0.0, 0.0, 1.0]]}, "Hobj2base": {"type": "ndarray", "data": [[0.9999849325334532, -0.0053389736321534645, -0.0012767406236920142, -0.732714045576807], [-0.005338075573603883, -0.9999855033099101, 0.000705775599088101, 0.09118093904063321], [-0.001280490232492616, -0.0006989496269007142, -0.9999989359065256, 0.002883243725084028], [0.0, 0.0, 0.0, 1.0]]}, "mean_rme": {"type": "float", "data": 0.0016595420916239543}, "max_rme": {"type": "float", "data": 0.00599083985043658}, "simu": {"type": "float", "data": 0.002}}, {"type": "dict", "image_number": {"type": "int", "data": 12}, "Hcamera2end": {"type": "ndarray", "data": [[0.999984513726094, -0.000673176523649106, -0.00552441321366339, -0.015147127514135363], [0.005532387618151115, 0.012483753452554813, 0.9999067699475679, 0.028087089635886173], [-0.0006041483508370995, -0.9999218483127088, 0.012487284399193777, 0.028134133458751296], [0.0, 0.0, 0.0, 1.0]]}, "Hobj2base": {"type": "ndarray", "data": [[0.9999725907664943, -0.0046397768642512625, -0.005769764847494887, -0.735568252389556], [-0.004651535250524096, -0.9999871288143518, -0.002026184947806784, 0.0906782837456348], [-0.0057602895377368585, 0.0020529676762057808, -0.999981302019274, 0.002778467792333867], [0.0, 0.0, 0.0, 1.0]]}, "mean_rme": {"type": "float", "data": 0.001924757961525657}, "max_rme": {"type": "float", "data": 0.0063143704427941205}, "simu": {"type": "float", "data": 0.002}}, {"type": "dict", "image_number": {"type": "int", "data": 13}, "Hcamera2end": {"type": "ndarray", "data": [[0.9999848579679231, 0.00039441432610545866, -0.005488922682271191, -0.015355280071122794], [0.005484296358111282, 0.01090356665346881, 0.9999255145898068, 0.02749802474303275], [0.0004542337823144741, -0.9999404765642669, 0.010901238466260454, 0.029483778230508274], [0.0, 0.0, 0.0, 1.0]]}, "Hobj2base": {"type": "ndarray", "data": [[0.9999815480043449, -0.003632310316992786, -0.004869288715511817, -0.7358874230592483], [-0.003642545470183913, -0.9999911718755761, -0.002094763330190141, 0.09004685332515873], [-0.004861636898369273, 0.00211246128317998, -0.9999859508983091, 0.0029673600197481177], [0.0, 0.0, 0.0, 1.0]]}, "mean_rme": {"type": "float", "data": 0.0020798411853654563}, "max_rme": {"type": "float", "data": 0.006064594602332524}, "simu": {"type": "float", "data": 0.002}}, {"type": "dict", "image_number": {"type": "int", "data": 14}, "Hcamera2end": {"type": "ndarray", "data": [[0.9999917721063234, 0.0017790146149399434, -0.0036456586037097033, -0.015525681979348591], [0.0036275707359882487, 0.010066806180136001, 0.9999427484330726, 0.02748232858237027], [0.0018156129021281422, -0.9999477458949201, 0.010060269850168946, 0.029982802062757396], [0.0, 0.0, 0.0, 1.0]]}, "Hobj2base": {"type": "ndarray", "data": [[0.9999848040483355, -0.001911650499120074, -0.005170808909764273, -0.7363778114683309], [-0.0019124607329857903, -0.9999981597306633, -0.0001517538494163241, 0.09052578151045285], [-0.0051705092937612135, 0.0001616405123698607, -0.9999866197634784, 0.0029700634156754496], [0.0, 0.0, 0.0, 1.0]]}, "mean_rme": {"type": "float", "data": 0.0020776922959804124}, "max_rme": {"type": "float", "data": 0.005972931698316836}, "simu": {"type": "float", "data": 0.002}}, {"type": "dict", "image_number": {"type": "int", "data": 15}, "Hcamera2end": {"type": "ndarray", "data": [[0.9999940299103022, 0.003339316154309233, -0.0008883194106152216, -0.0166650927346758], [0.0008608100460880093, 0.008230453538748184, 0.9999657587340735, 0.027065548642862716], [0.003346513083533417, -0.9999605535230719, 0.008227529885309615, 0.030929515036824676], [0.0, 0.0, 0.0, 1.0]]}, "Hobj2base": {"type": "ndarray", "data": [[0.9999897725284951, -0.0003115011183825628, -0.004511962484530074, -0.7361866032003509], [-0.00030482558492474015, -0.9999988581462, 0.0014801309600796094, 0.09050168466198873], [-0.004512418394977983, -0.0014787404604788862, -0.9999887256398841, 0.0028923242081282828], [0.0, 0.0, 0.0, 1.0]]}, "mean_rme": {"type": "float", "data": 0.0022154543282483195}, "max_rme": {"type": "float", "data": 0.006340310924361936}, "simu": {"type": "float", "data": 0.002}}, {"type": "dict", "image_number": {"type": "int", "data": 16}, "Hcamera2end": {"type": "ndarray", "data": [[0.9999922199190386, 0.003924995216431597, -0.00039308261723317267, -0.016911409099193992], [0.0003616197113247388, 0.008013531346795943, 0.9999678257556784, 0.027955120240246427], [0.0039280189125516195, -0.9999601880714578, 0.008012049645236163, 0.03095152375180978], [0.0, 0.0, 0.0, 1.0]]}, "Hobj2base": {"type": "ndarray", "data": [[0.9999875880970234, 0.0006394947611354127, -0.004941123186922081, -0.7363800414901436], [0.0006473953518977343, -0.9999985144156511, 0.0015975123628423015, 0.08981607843059133], [-0.004940094245679922, -0.0016006913948582173, -0.9999865165370494, 0.0023576517549466908], [0.0, 0.0, 0.0, 1.0]]}, "mean_rme": {"type": "float", "data": 0.0022573811279656677}, "max_rme": {"type": "float", "data": 0.006369964968280684}, "simu": {"type": "float", "data": 0.002}}, {"type": "dict", "image_number": {"type": "int", "data": 17}, "Hcamera2end": {"type": "ndarray", "data": [[0.999991792034172, 0.004045119057977456, -0.00022994802055156544, -0.016944235289861567], [0.0001989753114004741, 0.007655547070693602, 0.9999706760739906, 0.027882519441878466], [0.004046760817100646, -0.9999625141028314, 0.007654679355400651, 0.031026308399743092], [0.0, 0.0, 0.0, 1.0]]}, "Hobj2base": {"type": "ndarray", "data": [[0.9999890470942401, 0.0005806807875208323, -0.004644190066819428, -0.7362347626314762], [0.0005883393770857101, -0.9999984691848467, 0.0016478727924491413, 0.08984738863981563], [-0.004643226069352047, -0.0016505871033447215, -0.9999878579332264, 0.002342739531762724], [0.0, 0.0, 0.0, 1.0]]}, "mean_rme": {"type": "float", "data": 0.0021507326809497296}, "max_rme": {"type": "float", "data": 0.006325326006743515}, "simu": {"type": "float", "data": 0.002}}, {"type": "dict", "image_number": {"type": "int", "data": 18}, "Hcamera2end": {"type": "ndarray", "data": [[0.9999893829308822, 0.004483193706850528, -0.0010653636469452066, -0.016724954843940668], [0.0010339660329849168, 0.006999903015276643, 0.9999749658226548, 0.028007800655809278], [0.004490538915988815, -0.9999654505691503, 0.0069951932268104144, 0.03144386173722875], [0.0, 0.0, 0.0, 1.0]]}, "Hobj2base": {"type": "ndarray", "data": [[0.9999898781909168, 0.0010154934089757507, -0.00438318250268129, -0.7364768797977345], [0.0010197746370156481, -0.9999990050919323, 0.0009746152243685351, 0.08958732956945017], [-0.004382188426481021, -0.0009790752178449496, -0.9999899188673418, 0.0021553442451210224], [0.0, 0.0, 0.0, 1.0]]}, "mean_rme": {"type": "float", "data": 0.0021362266772291505}, "max_rme": {"type": "float", "data": 0.006247829831083185}, "simu": {"type": "float", "data": 0.002}}, {"type": "dict", "image_number": {"type": "int", "data": 19}, "Hcamera2end": {"type": "ndarray", "data": [[0.9999929131496068, 0.003752505636328985, -0.00030389473868361913, -0.01680688484164772], [0.0002811725954969589, 0.006054235891520654, 0.9999816334162049, 0.02790953571134653], [0.0037542765660539563, -0.9999746321428454, 0.00605313788430728, 0.03235085423765376], [0.0, 0.0, 0.0, 1.0]]}, "Hobj2base": {"type": "ndarray", "data": [[0.9999927919104497, 0.0009411362013438723, -0.0036783678166679374, -0.7368772304371989], [0.0009473469772465638, -0.9999981281418584, 0.0016870822396238996, 0.08993924211853893], [-0.003676773157114839, -0.0016905547696163589, -0.9999918116483362, 0.002324858243237947], [0.0, 0.0, 0.0, 1.0]]}, "mean_rme": {"type": "float", "data": 0.0021619888353493705}, "max_rme": {"type": "float", "data": 0.006193541166832239}, "simu": {"type": "float", "data": 0.002}}, {"type": "dict", "image_number": {"type": "int", "data": 20}, "Hcamera2end": {"type": "ndarray", "data": [[0.9999911767030443, 0.004182940323629602, -0.00038668631966656624, -0.01656614451804296], [0.00035975280131703255, 0.006437733357908981, 0.9999792128675148, 0.02782588779595995], [0.004185342755714081, -0.9999705288654569, 0.006436171731376672, 0.0322303590776202], [0.0, 0.0, 0.0, 1.0]]}, "Hobj2base": {"type": "ndarray", "data": [[0.9999913930400584, 0.0009948902710941454, -0.00402790754015939, -0.7371251557178737], [0.0010007889710497418, -0.999998429453538, 0.0014627070427179756, 0.09001706550772466], [-0.004026445981137192, -0.001466725538699652, -0.9999908181823247, 0.002451335097551638], [0.0, 0.0, 0.0, 1.0]]}, "mean_rme": {"type": "float", "data": 0.0021390760207999193}, "max_rme": {"type": "float", "data": 0.006322004238309975}, "simu": {"type": "float", "data": 0.002}}, {"type": "dict", "image_number": {"type": "int", "data": 21}, "Hcamera2end": {"type": "ndarray", "data": [[0.9999907619712336, 0.004242466561492733, -0.0006909773268347591, -0.016287630370191916], [0.0006637627993120315, 0.006412849347766647, 0.9999792171751317, 0.027989813085634738], [0.00424680952455289, -0.9999704379834023, 0.0064099741141989686, 0.0322220970353514], [0.0, 0.0, 0.0, 1.0]]}, "Hobj2base": {"type": "ndarray", "data": [[0.9999918010591978, 0.0012155316586638938, -0.003862680049973979, -0.7371688337502555], [0.0012200654203914881, -0.999998569401501, 0.0011715952040177344, 0.089968888652288], [-0.0038612504129680735, -0.0011762983205370217, -0.9999918535005723, 0.0021638079358709855], [0.0, 0.0, 0.0, 1.0]]}, "mean_rme": {"type": "float", "data": 0.0020748933450107053}, "max_rme": {"type": "float", "data": 0.006333501159596411}, "simu": {"type": "float", "data": 0.002}}, {"type": "dict", "image_number": {"type": "int", "data": 22}, "Hcamera2end": {"type": "ndarray", "data": [[0.9999924553299894, 0.0037791629180834686, -0.0008984490735552495, -0.016260796724013492], [0.0008762592637819163, 0.005869183650909493, 0.9999823922714711, 0.028066182644778684], [0.003784369538222426, -0.9999756350086287, 0.005865827843339333, 0.0321622802899052], [0.0, 0.0, 0.0, 1.0]]}, "Hobj2base": {"type": "ndarray", "data": [[0.9999928993500926, 0.0012151041748255833, -0.00356717973192766, -0.7367930547358342], [0.0012189506357238773, -0.9999986778508896, 0.0010763158556647426, 0.0899530275068367], [-0.0035658671796945, -0.0010806564291246362, -0.9999930583623766, 0.0019048478263560492], [0.0, 0.0, 0.0, 1.0]]}, "mean_rme": {"type": "float", "data": 0.0020632822430484404}, "max_rme": {"type": "float", "data": 0.006180417838470786}, "simu": {"type": "float", "data": 0.002}}, {"type": "dict", "image_number": {"type": "int", "data": 23}, "Hcamera2end": {"type": "ndarray", "data": [[0.999992541828877, 0.003649655423660515, -0.0012634484201186, -0.01611972622344578], [0.0012426398210063226, 0.005698176202759364, 0.9999829931725027, 0.027865551865929393], [0.003656792706321234, -0.9999771051395382, 0.005693598497623853, 0.03173910889294438], [0.0, 0.0, 0.0, 1.0]]}, "Hobj2base": {"type": "ndarray", "data": [[0.9999935680145118, 0.0009219537117931936, -0.003466111792682396, -0.7363326530745694], [0.0009241822928828298, -0.999999367235995, 0.0006414161673483577, 0.08983226752982398], [-0.0034655182434353243, -0.0006446153609128268, -0.9999937873078719, 0.002162194523790423], [0.0, 0.0, 0.0, 1.0]]}, "mean_rme": {"type": "float", "data": 0.002067696177925105}, "max_rme": {"type": "float", "data": 0.006417736804178453}, "simu": {"type": "float", "data": 0.002}}, {"type": "dict", "image_number": {"type": "int", "data": 24}, "Hcamera2end": {"type": "ndarray", "data": [[0.9999890865305426, 0.003927055213412731, -0.0025308214400907706, -0.01529706352414212], [0.0025082085561148023, 0.005752509325870125, 0.9999803085692712, 0.027615641515646435], [0.003941536458013262, -0.9999757431427058, 0.005742596672548728, 0.0314570051747558], [0.0, 0.0, 0.0, 1.0]]}, "Hobj2base": {"type": "ndarray", "data": [[0.9999932384846171, 0.0012000486519666389, -0.003476042042407583, -0.736087604478303], [0.0011983045457184492, -0.9999991551306413, -0.0005037898555627114, 0.08973254481279169], [-0.003476643677943215, 0.0004996210921993279, -0.9999938316447259, 0.0023410271517943387], [0.0, 0.0, 0.0, 1.0]]}, "mean_rme": {"type": "float", "data": 0.002090048085098646}, "max_rme": {"type": "float", "data": 0.006758616907122983}, "simu": {"type": "float", "data": 0.002}}, {"type": "dict", "image_number": {"type": "int", "data": 25}, "Hcamera2end": {"type": "ndarray", "data": [[0.9999862230151537, 0.004201512741809995, -0.003146596664264206, -0.014883126474623044], [0.003123833765283323, 0.005413401941205986, 0.999980468180269, 0.027376893412274846], [0.004218464471111044, -0.9999765209094179, 0.005400202533481391, 0.03167643996494485], [0.0, 0.0, 0.0, 1.0]]}, "Hobj2base": {"type": "ndarray", "data": [[0.9999928494634315, 0.0016074536605786118, -0.0034230271304602324, -0.7361053548180072], [0.0016037271832611564, -0.9999981187603615, -0.0010911163363405004, 0.08960376266882722], [-0.003424774609874879, 0.0010856189326150774, -0.9999935461543763, 0.002490601251808302], [0.0, 0.0, 0.0, 1.0]]}, "mean_rme": {"type": "float", "data": 0.002084915276884945}, "max_rme": {"type": "float", "data": 0.0067938906577786895}, "simu": {"type": "float", "data": 0.002}}, {"type": "dict", "image_number": {"type": "int", "data": 26}, "Hcamera2end": {"type": "ndarray", "data": [[0.9999936018087523, 0.0026877814877921454, -0.0023605449015785297, -0.015088007765347635], [0.002346270351700949, 0.005301728815394813, 0.9999831932022681, 0.02804608118216493], [0.0027002512837170645, -0.99998233359507, 0.005295388631903264, 0.03167326660554434], [0.0, 0.0, 0.0, 1.0]]}, "Hobj2base": {"type": "ndarray", "data": [[0.9999951236457185, 0.0005797162101012714, -0.0030686501755603614, -0.736062300644618], [0.0005778656020210417, -0.9999996506750954, -0.0006039213798568664, 0.08950980708440276], [-0.0030689992066179617, 0.000602145167541168, -0.9999951093205741, 0.0017481012871648815], [0.0, 0.0, 0.0, 1.0]]}, "mean_rme": {"type": "float", "data": 0.002161052967597842}, "max_rme": {"type": "float", "data": 0.0072706423956308275}, "simu": {"type": "float", "data": 0.002}}, {"type": "dict", "image_number": {"type": "int", "data": 27}, "Hcamera2end": {"type": "ndarray", "data": [[0.9999930648547811, 0.002691204570312913, -0.00257442426617443, -0.015017024338021275], [0.002561252465329996, 0.004886430483234561, 0.9999847812756659, 0.028305296750105565], [0.0027037433588234443, -0.9999844399864897, 0.0048795037407890485, 0.03193427627033234], [0.0, 0.0, 0.0, 1.0]]}, "Hobj2base": {"type": "ndarray", "data": [[0.9999957136984196, 0.0007486046808729824, -0.0028305787076777504, -0.7360405651929879], [0.0007463031302628089, -0.9999993901595716, -0.0008140713257011867, 0.08929932514237794], [-0.0028311863990814023, 0.0008119553665959815, -0.9999956625466218, 0.0015639915189905862], [0.0, 0.0, 0.0, 1.0]]}, "mean_rme": {"type": "float", "data": 0.0021580637932659837}, "max_rme": {"type": "float", "data": 0.007111094215989405}, "simu": {"type": "float", "data": 0.002}}, {"type": "dict", "image_number": {"type": "int", "data": 28}, "Hcamera2end": {"type": "ndarray", "data": [[0.999992308838383, 0.0025819227878376236, -0.002952276883649217, -0.01479228598947569], [0.002942026018072099, 0.003965071581387369, 0.9999878112708492, 0.028510060983730566], [0.0025935973066518194, -0.999988805878382, 0.003957445001362636, 0.032195455040748326], [0.0, 0.0, 0.0, 1.0]]}, "Hobj2base": {"type": "ndarray", "data": [[0.9999977834718, 0.0005176215441957916, -0.002040862421606483, -0.7358554533537154], [0.0005157539826504133, -0.9999994479244134, -0.0009155046134549632, 0.0894408715767837], [-0.0020413351798079, 0.0009144500012911851, -0.9999974983628102, 0.0012214165415507239], [0.0, 0.0, 0.0, 1.0]]}, "mean_rme": {"type": "float", "data": 0.0021553497474882314}, "max_rme": {"type": "float", "data": 0.007228354199556725}, "simu": {"type": "float", "data": 0.002}}, {"type": "dict", "image_number": {"type": "int", "data": 29}, "Hcamera2end": {"type": "ndarray", "data": [[0.9999923712313623, 0.002641518619829311, -0.002877474319332291, -0.014855167825631713], [0.0028674256670528564, 0.0038000570859727523, 0.9999886686538939, 0.02859313907332514], [0.002652423254544467, -0.99998929091542, 0.003792453737925916, 0.03230267378849229], [0.0, 0.0, 0.0, 1.0]]}, "Hobj2base": {"type": "ndarray", "data": [[0.9999979827517274, 0.0005389241787844529, -0.0019349556081567324, -0.7358384499060024], [0.0005372283405216269, -0.9999994712727971, -0.0008768351246625376, 0.08945357286030274], [-0.0019354271327425548, 0.0008757938428780439, -0.9999977435509331, 0.0011466488361596178], [0.0, 0.0, 0.0, 1.0]]}, "mean_rme": {"type": "float", "data": 0.00211716237665787}, "max_rme": {"type": "float", "data": 0.007272321851605562}, "simu": {"type": "float", "data": 0.002}}, {"type": "dict", "image_number": {"type": "int", "data": 30}, "Hcamera2end": {"type": "ndarray", "data": [[0.9999914318909406, 0.0027463450077985273, -0.0030973753089436028, -0.014520664863094846], [0.00308734307921701, 0.003649684129755859, 0.9999885739939556, 0.028460438999914926], [0.0027576180695528174, -0.9999895686430191, 0.003641173949611276, 0.032111025194367815], [0.0, 0.0, 0.0, 1.0]]}, "Hobj2base": {"type": "ndarray", "data": [[0.9999981717681017, 0.0009034696269694961, -0.001685290208637325, -0.735532261085447], [0.0009017455166941634, -0.9999990696365046, -0.0010235141171829228, 0.0895395747652307], [-0.001686213354622485, 0.0010219925430717982, -0.9999980561059927, 0.0011788797664759284], [0.0, 0.0, 0.0, 1.0]]}, "mean_rme": {"type": "float", "data": 0.002106761556916889}, "max_rme": {"type": "float", "data": 0.0071772703059116705}, "simu": {"type": "float", "data": 0.002}}]}