{"type": "list", "data": [{"type": "dict", "image_number": {"type": "int", "data": 5}, "Hcamera2end": {"type": "ndarray", "data": [[0.9992292594761443, -0.009348419807011515, 0.03812471709886066, -0.015608179524465323], [-0.037982787350832777, 0.014916819118970581, 0.9991670512844354, 0.032242690936395514], [-0.00990933256166634, -0.9998450357702858, 0.014550243080392544, 0.03498912963612065], [0.0, 0.0, 0.0, 1.0]]}, "Hobj2base": {"type": "ndarray", "data": [[0.9998536832891401, -0.012324611389257882, -0.011862376121317372, -0.7417090373166066], [-0.01188279070663583, -0.9992585477102225, 0.03662177102597694, 0.10947496621877792], [-0.01230492983166157, -0.03647545451616155, -0.9992587902639021, 0.007520379334220473], [0.0, 0.0, 0.0, 1.0]]}, "mean_rme": {"type": "float", "data": 0.0019599237656716902}, "max_rme": {"type": "float", "data": 0.0069630678580107075}, "simu": {"type": "float", "data": 0.002}}, {"type": "dict", "image_number": {"type": "int", "data": 6}, "Hcamera2end": {"type": "ndarray", "data": [[0.9999263258001615, -0.009325316887841073, 0.0077705493197411666, -0.01855172508951174], [-0.0077807252355245205, -0.001055430301083904, 0.9999691727156835, 0.030358655468313605], [-0.00931682814043791, -0.9999559612962067, -0.0011279102715393563, 0.03334585181881419], [0.0, 0.0, 0.0, 1.0]]}, "Hobj2base": {"type": "ndarray", "data": [[0.9999236199619675, -0.011496726360501084, 0.004536466151810496, -0.7325551196022233], [-0.011528735819494066, -0.9999083766155907, 0.007094126047552548, 0.09216597850901204], [0.004454491279492793, -0.007145883917753528, -0.999964546296755, -0.0003413566538750061], [0.0, 0.0, 0.0, 1.0]]}, "mean_rme": {"type": "float", "data": 0.0019350567364891226}, "max_rme": {"type": "float", "data": 0.006355394846497553}, "simu": {"type": "float", "data": 0.002}}, {"type": "dict", "image_number": {"type": "int", "data": 7}, "Hcamera2end": {"type": "ndarray", "data": [[0.9999372821822512, -0.008068221031459231, 0.0077675936660219595, -0.019868896126781388], [-0.00778480705416314, -0.0021042698176516605, 0.9999674838851832, 0.03066641680981574], [-0.008051613571350612, -0.9999652373247393, -0.002166947386441187, 0.03373304785483897], [0.0, 0.0, 0.0, 1.0]]}, "Hobj2base": {"type": "ndarray", "data": [[0.9999399614744375, -0.010372186957191703, 0.0035342869472276667, -0.7329980901962967], [-0.010393676006488616, -0.999927274048972, 0.006117034580898493, 0.09073293424660052], [0.003470582886551538, -0.006153401556604888, -0.9999750450404801, -0.00013520459878710707], [0.0, 0.0, 0.0, 1.0]]}, "mean_rme": {"type": "float", "data": 0.0019055166032415128}, "max_rme": {"type": "float", "data": 0.006832806830534777}, "simu": {"type": "float", "data": 0.002}}, {"type": "dict", "image_number": {"type": "int", "data": 8}, "Hcamera2end": {"type": "ndarray", "data": [[0.9999650837900775, -0.007001955922388748, 0.004561119814711136, -0.01928998077710393], [-0.004547730591712311, 0.0019269441482857586, 0.999987802441967, 0.030220276852540064], [-0.007010659538761628, -0.9999736294020509, 0.0018950338575492998, 0.03224279388430427], [0.0, 0.0, 0.0, 1.0]]}, "Hobj2base": {"type": "ndarray", "data": [[0.9999709083192633, -0.0076232416800662475, 0.0002621095856414777, -0.7337091854028948], [-0.007624186392931656, -0.9999636579977382, 0.003815031536976433, 0.08938616995411482], [0.00023301715263087758, -0.0038169189236332635, -0.9999926883897385, -0.00014321129105498986], [0.0, 0.0, 0.0, 1.0]]}, "mean_rme": {"type": "float", "data": 0.0019685763275184547}, "max_rme": {"type": "float", "data": 0.00640937305781869}, "simu": {"type": "float", "data": 0.002}}, {"type": "dict", "image_number": {"type": "int", "data": 9}, "Hcamera2end": {"type": "ndarray", "data": [[0.9999656540839555, -0.00687453155295033, 0.004629413394208658, -0.019247707982593894], [-0.004610336437101909, 0.0027882783666844935, 0.9999854850455014, 0.030135769175447816], [-0.0068873398626551514, -0.9999724827812402, 0.002756488697403192, 0.03194883476504333], [0.0, 0.0, 0.0, 1.0]]}, "Hobj2base": {"type": "ndarray", "data": [[0.9999699297540476, -0.007644282937588124, -0.0013055749902126206, -0.7338332332739559], [-0.007639135687188077, -0.9999632043452646, 0.0039030195366422677, 0.08951953816295716], [-0.001335362736375077, -0.003892928707384811, -0.9999915309203582, -8.474426684402914e-07], [0.0, 0.0, 0.0, 1.0]]}, "mean_rme": {"type": "float", "data": 0.001835293489303973}, "max_rme": {"type": "float", "data": 0.0065338122198487225}, "simu": {"type": "float", "data": 0.002}}, {"type": "dict", "image_number": {"type": "int", "data": 10}, "Hcamera2end": {"type": "ndarray", "data": [[0.9999730205181728, -0.006989164402521635, 0.0022604903707661504, -0.01788729975141606], [-0.0022378029491929123, 0.003252203061101633, 0.9999922076762449, 0.02984508615197886], [-0.006996461514393228, -0.9999702869366689, 0.0032364749456359476, 0.03229392661866446], [0.0, 0.0, 0.0, 1.0]]}, "Hobj2base": {"type": "ndarray", "data": [[0.9999740392568726, -0.007179202935473627, -0.0006163258114685292, -0.7345286454680797], [-0.007177872594110666, -0.9999719611866769, 0.0021342411987033817, 0.08927623921630948], [-0.0006316306811028951, -0.0021297618840646674, -0.999997532575456, -0.00033140877245690925], [0.0, 0.0, 0.0, 1.0]]}, "mean_rme": {"type": "float", "data": 0.0018286335182737788}, "max_rme": {"type": "float", "data": 0.006887955414997371}, "simu": {"type": "float", "data": 0.002}}, {"type": "dict", "image_number": {"type": "int", "data": 11}, "Hcamera2end": {"type": "ndarray", "data": [[0.9999700675988512, -0.007122017399048889, 0.0030233713825024633, -0.018062879220885064], [-0.0029976969707847124, 0.003612856083669458, 0.99998898048118, 0.029819628881331054], [-0.007132861923536591, -0.9999681115611069, 0.0035913982922288756, 0.031425875948445606], [0.0, 0.0, 0.0, 1.0]]}, "Hobj2base": {"type": "ndarray", "data": [[0.9999742407826616, -0.007165774550929654, -0.0004116384636831754, -0.7339196439141364], [-0.00716458278566892, -0.9999703375405273, 0.0028271527355163933, 0.08968435283739959], [-0.00043188499259768373, -0.0028241306924238064, -0.9999959188722642, -0.0004208764687633406], [0.0, 0.0, 0.0, 1.0]]}, "mean_rme": {"type": "float", "data": 0.0017905763236246471}, "max_rme": {"type": "float", "data": 0.00724342207230716}, "simu": {"type": "float", "data": 0.002}}, {"type": "dict", "image_number": {"type": "int", "data": 12}, "Hcamera2end": {"type": "ndarray", "data": [[0.9999818670138562, -0.005356366651885573, 0.0027522681143173572, -0.017249055904436907], [-0.002717575413811391, 0.006473445351115825, 0.9999753543408739, 0.02976816917129562], [-0.005374051297928569, -0.9999647012977891, 0.00645877163790054, 0.031046687596770175], [0.0, 0.0, 0.0, 1.0]]}, "Hobj2base": {"type": "ndarray", "data": [[0.9999845131072519, -0.0048026354725812575, -0.0028121589873135694, -0.7348994633315143], [-0.004795123490259868, -0.9999849336827007, 0.0026719278279043667, 0.09029636803071744], [-0.002824948913800441, -0.0026584017984262525, -0.9999924762534527, 0.00010108688572313858], [0.0, 0.0, 0.0, 1.0]]}, "mean_rme": {"type": "float", "data": 0.0019438762452264893}, "max_rme": {"type": "float", "data": 0.0073228963454545215}, "simu": {"type": "float", "data": 0.002}}, {"type": "dict", "image_number": {"type": "int", "data": 13}, "Hcamera2end": {"type": "ndarray", "data": [[0.9999883293268701, -0.004197669274135302, 0.0023918157789179955, -0.01695310820532009], [-0.0023629455261817704, 0.006869221813604054, 0.9999736147919681, 0.029340044653776397], [-0.004213988430880921, -0.9999675961571656, 0.006859222781329888, 0.030961850486338913], [0.0, 0.0, 0.0, 1.0]]}, "Hobj2base": {"type": "ndarray", "data": [[0.9999894072214512, -0.003742209794890706, -0.0026797967724312977, -0.7348616563484568], [-0.0037366634256403956, -0.9999908726152498, 0.002071722142138338, 0.09012998996050334], [-0.0026875251317877063, -0.0020616866982567784, -0.999994263311857, 0.0005582499907687939], [0.0, 0.0, 0.0, 1.0]]}, "mean_rme": {"type": "float", "data": 0.001943168642467367}, "max_rme": {"type": "float", "data": 0.007262670095748824}, "simu": {"type": "float", "data": 0.002}}, {"type": "dict", "image_number": {"type": "int", "data": 14}, "Hcamera2end": {"type": "ndarray", "data": [[0.999985325398204, -0.003195623775965284, 0.004374583057919989, -0.017842228493518707], [-0.004357902278135761, 0.005208327632402532, 0.9999769407396392, 0.02970520240171535], [-0.003218334349065424, -0.9999813304817026, 0.005194324986135257, 0.03161597351215002], [0.0, 0.0, 0.0, 1.0]]}, "Hobj2base": {"type": "ndarray", "data": [[0.9999939517797161, -0.0029780368433269507, -0.0017965802366323557, -0.735030788913076], [-0.0029717854789794657, -0.9999895558160243, 0.003472283101430085, 0.08994860919394818], [-0.0018069020598243583, -0.003466923049237954, -0.9999923577455561, 0.00048697126025627557], [0.0, 0.0, 0.0, 1.0]]}, "mean_rme": {"type": "float", "data": 0.0020080212834567785}, "max_rme": {"type": "float", "data": 0.006910352315863899}, "simu": {"type": "float", "data": 0.002}}, {"type": "dict", "image_number": {"type": "int", "data": 15}, "Hcamera2end": {"type": "ndarray", "data": [[0.9999900882867255, -0.0023178579074058566, 0.003801429077057069, -0.017716027754380952], [-0.00378737836310534, 0.00603649052131261, 0.9999746079512821, 0.029715729065822705], [-0.0023407463428360476, -0.9999790939399218, 0.0060276520844620984, 0.03093936109082268], [0.0, 0.0, 0.0, 1.0]]}, "Hobj2base": {"type": "ndarray", "data": [[0.9999929530641118, -0.0020250352093589795, -0.003161179292254433, -0.7350492520470827], [-0.002016618269458784, -0.9999944194523709, 0.0026635155098748056, 0.08948055797961248], [-0.0031665553638309985, -0.0026571218483379755, -0.9999914562788079, 0.0005960285029475876], [0.0, 0.0, 0.0, 1.0]]}, "mean_rme": {"type": "float", "data": 0.0019327544435921665}, "max_rme": {"type": "float", "data": 0.006802365003295008}, "simu": {"type": "float", "data": 0.002}}, {"type": "dict", "image_number": {"type": "int", "data": 16}, "Hcamera2end": {"type": "ndarray", "data": [[0.9999893333057835, -0.0022218182982032837, 0.004049296001069992, -0.017875652342508198], [-0.004035401155681303, 0.006223060837604377, 0.9999724941473761, 0.029664314133719765], [-0.002246956200560743, -0.9999781682803185, 0.006214028529989091, 0.030735728570776985], [0.0, 0.0, 0.0, 1.0]]}, "Hobj2base": {"type": "ndarray", "data": [[0.9999909198697651, -0.002500561976974392, -0.0034507054090956355, -0.7348949130318568], [-0.0024903265205989825, -0.9999924966499412, 0.0029673081468205523, 0.08959332121799539], [-0.0034580994551709067, -0.002958687820081087, -0.9999896438036453, 0.0006446800614646371], [0.0, 0.0, 0.0, 1.0]]}, "mean_rme": {"type": "float", "data": 0.0018753390852628362}, "max_rme": {"type": "float", "data": 0.006907504852893875}, "simu": {"type": "float", "data": 0.002}}, {"type": "dict", "image_number": {"type": "int", "data": 17}, "Hcamera2end": {"type": "ndarray", "data": [[0.9999965336695145, -0.001116488299614873, 0.002384555059644543, -0.01725916344888147], [-0.0023770143977180874, 0.006707215295553071, 0.9999746812122455, 0.029332059683122757], [-0.0011324537556537213, -0.9999768830912322, 0.006704538137365157, 0.02991849848008356], [0.0, 0.0, 0.0, 1.0]]}, "Hobj2base": {"type": "ndarray", "data": [[0.9999924882483959, -0.0013352536205866546, -0.0036387559069485007, -0.7344363758112581], [-0.0013286997273340383, -0.9999974919460257, 0.0018029583172221076, 0.08934813549364413], [-0.0036411541873731233, -0.0017981099598656785, -0.9999917543643833, 0.000686504086278706], [0.0, 0.0, 0.0, 1.0]]}, "mean_rme": {"type": "float", "data": 0.0018824149897440489}, "max_rme": {"type": "float", "data": 0.007073623064785706}, "simu": {"type": "float", "data": 0.002}}, {"type": "dict", "image_number": {"type": "int", "data": 18}, "Hcamera2end": {"type": "ndarray", "data": [[0.999993413246794, -0.0011335586172374688, 0.003447971561365738, -0.017535576452347997], [-0.0034407301137193177, 0.006329303993362956, 0.9999740503069288, 0.029539741526117567], [-0.0011553524619116271, -0.9999793272642294, 0.0063253620345296024, 0.03026171489913444], [0.0, 0.0, 0.0, 1.0]]}, "Hobj2base": {"type": "ndarray", "data": [[0.9999932610778505, -0.001395079434094118, -0.0033958139316762155, -0.7347082905917546], [-0.001386286233660213, -0.9999956840060722, 0.0025904014564786504, 0.08943035805478586], [-0.0033994130911618884, -0.002585676429859345, -0.9999908790924221, 0.0005850592995721931], [0.0, 0.0, 0.0, 1.0]]}, "mean_rme": {"type": "float", "data": 0.0019221889232796027}, "max_rme": {"type": "float", "data": 0.0070472360692827585}, "simu": {"type": "float", "data": 0.002}}, {"type": "dict", "image_number": {"type": "int", "data": 19}, "Hcamera2end": {"type": "ndarray", "data": [[0.999995919194296, -0.0011795381228283976, 0.002601977050594371, -0.017014817921373576], [-0.002593295826166888, 0.00730258534554773, 0.9999699730812065, 0.0285518180938955], [-0.0011985038644120917, -0.9999726400942616, 0.007299496653825122, 0.029865874863252904], [0.0, 0.0, 0.0, 1.0]]}, "Hobj2base": {"type": "ndarray", "data": [[0.9999893375184463, -0.0013917985426141336, -0.00440315185243465, -0.7347436141688227], [-0.0013816441345103523, -0.9999963812373611, 0.0023083699156758292, 0.08969076008552224], [-0.004406348704357686, -0.0023022617137939097, -0.9999876417646854, 0.00159440289948972], [0.0, 0.0, 0.0, 1.0]]}, "mean_rme": {"type": "float", "data": 0.0019219605202434498}, "max_rme": {"type": "float", "data": 0.007162038858560149}, "simu": {"type": "float", "data": 0.002}}, {"type": "dict", "image_number": {"type": "int", "data": 20}, "Hcamera2end": {"type": "ndarray", "data": [[0.9999984878649478, -0.0002478421028265699, 0.001721290826648932, -0.017258432251951575], [-0.0017194484459616423, 0.007251316217425696, 0.9999722305695076, 0.028511139524500753], [-0.0002603168444787079, -0.9999736781472834, 0.007250879100737739, 0.0303355453297206], [0.0, 0.0, 0.0, 1.0]]}, "Hobj2base": {"type": "ndarray", "data": [[0.9999898823462746, -0.0007351060767156339, -0.0044378850976384025, -0.7355093246326162], [-0.0007298219930044508, -0.999999023035087, 0.0011921781452522758, 0.08904553854416071], [-0.004438757139379477, -0.0011889272170599401, -0.9999894418878281, 0.0015155739718259787], [0.0, 0.0, 0.0, 1.0]]}, "mean_rme": {"type": "float", "data": 0.0019664323613288407}, "max_rme": {"type": "float", "data": 0.007044151937445675}, "simu": {"type": "float", "data": 0.002}}, {"type": "dict", "image_number": {"type": "int", "data": 21}, "Hcamera2end": {"type": "ndarray", "data": [[0.999998415742114, 7.519112664799142e-06, 0.0017800159339262057, -0.01718646863192759], [-0.0017800226503716329, 0.007432985328724606, 0.9999707906976418, 0.028455257879041317], [-5.711939285005718e-06, -0.9999723749547114, 0.007432986937149777, 0.029549070002535406], [0.0, 0.0, 0.0, 1.0]]}, "Hobj2base": {"type": "ndarray", "data": [[0.9999913849998587, -0.0008376647767994152, -0.004065494285565755, -0.7349012227042444], [-0.0008304714784424665, -0.9999980874326242, 0.001770719689383733, 0.08938187572984023], [-0.004066969779547398, -0.0017673281575834256, -0.9999901681056655, 0.0014514756746618353], [0.0, 0.0, 0.0, 1.0]]}, "mean_rme": {"type": "float", "data": 0.0019945366899187275}, "max_rme": {"type": "float", "data": 0.007339216781571678}, "simu": {"type": "float", "data": 0.002}}, {"type": "dict", "image_number": {"type": "int", "data": 22}, "Hcamera2end": {"type": "ndarray", "data": [[0.9999997546510329, 0.00034474677020236277, 0.0006097930291639985, -0.016474325875180443], [-0.0006122125799317705, 0.007062349815469271, 0.9999748738897597, 0.02854173107570568], [0.0003404315363700189, -0.9999750018699208, 0.0070625591410385935, 0.029856120771844942], [0.0, 0.0, 0.0, 1.0]]}, "Hobj2base": {"type": "ndarray", "data": [[0.999991659192002, -0.00029683047251340686, -0.004073504400110091, -0.7349278245999641], [-0.00029373540507728567, -0.9999996677694221, 0.0007603818497149584, 0.08941538021187655], [-0.004073728751271112, -0.0007591789750508943, -0.9999914141538142, 0.001523296221795352], [0.0, 0.0, 0.0, 1.0]]}, "mean_rme": {"type": "float", "data": 0.002055510319132127}, "max_rme": {"type": "float", "data": 0.007003676505499323}, "simu": {"type": "float", "data": 0.002}}, {"type": "dict", "image_number": {"type": "int", "data": 23}, "Hcamera2end": {"type": "ndarray", "data": [[0.9999998675481806, 0.0003401196036863761, 0.000386292993000972, -0.01635334626651553], [-0.0003886944307626394, 0.007089041734797519, 0.9999747968843623, 0.028557021284846038], [0.0003373725844634301, -0.9999748145858162, 0.007089172998436699, 0.029818219127717396], [0.0, 0.0, 0.0, 1.0]]}, "Hobj2base": {"type": "ndarray", "data": [[0.9999917665467901, -0.00030217511801604205, -0.0040466688557471925, -0.7349039981094417], [-0.00030086198671195794, -0.9999999018954804, 0.0003251016674026171, 0.08939808477695067], [-0.004046766696385404, -0.00032388150186174464, -0.9999917593560848, 0.001500471517123246], [0.0, 0.0, 0.0, 1.0]]}, "mean_rme": {"type": "float", "data": 0.00198518839837849}, "max_rme": {"type": "float", "data": 0.006991643239796258}, "simu": {"type": "float", "data": 0.002}}, {"type": "dict", "image_number": {"type": "int", "data": 24}, "Hcamera2end": {"type": "ndarray", "data": [[0.999999735437664, 0.00040064769051395495, 0.0006071293356238, -0.01631531798951625], [-0.0006100612475130904, 0.007358840599560046, 0.9999727372735242, 0.028288648562867856], [0.00039616899976138286, -0.9999728431044806, 0.007359083072317918, 0.029686441678590393], [0.0, 0.0, 0.0, 1.0]]}, "Hobj2base": {"type": "ndarray", "data": [[0.9999908156404217, -0.0005760381676978565, -0.004246977140675854, -0.734879711869874], [-0.0005746224613428627, -0.9999997789402468, 0.00033455714697328015, 0.08952831491084547], [-0.004247168919526067, -0.00033211366582230087, -0.9999909255871686, 0.0019211358832441534], [0.0, 0.0, 0.0, 1.0]]}, "mean_rme": {"type": "float", "data": 0.0019528602772600795}, "max_rme": {"type": "float", "data": 0.007051002997909145}, "simu": {"type": "float", "data": 0.002}}, {"type": "dict", "image_number": {"type": "int", "data": 25}, "Hcamera2end": {"type": "ndarray", "data": [[0.9999996341479747, 0.00022944948667273998, 0.0008240490578785667, -0.016562356854103462], [-0.0008258081867695923, 0.007775204076626574, 0.9999694316539908, 0.028305037032681765], [0.00022303532318728207, -0.9999697463196072, 0.00777539071331701, 0.029807568670972565], [0.0, 0.0, 0.0, 1.0]]}, "Hobj2base": {"type": "ndarray", "data": [[0.9999884867393363, -0.0007234710874420985, -0.004743730426361714, -0.735230784124635], [-0.0007208543102568382, -0.9999995871056258, 0.0005533151371980905, 0.08955893018395555], [-0.004744128775206116, -0.0005498892282121473, -0.9999885953669676, 0.002111521378164891], [0.0, 0.0, 0.0, 1.0]]}, "mean_rme": {"type": "float", "data": 0.0019879718489719017}, "max_rme": {"type": "float", "data": 0.0070916607297624445}, "simu": {"type": "float", "data": 0.002}}, {"type": "dict", "image_number": {"type": "int", "data": 26}, "Hcamera2end": {"type": "ndarray", "data": [[0.999999290928692, 0.000619268763614058, 0.001017176637371297, -0.01667938088262268], [-0.0010227106206780155, 0.00900256955979073, 0.9999589530597283, 0.028317061845975645], [0.0006100861410935764, -0.9999592842948756, 0.009003196509068556, 0.029082224375345873], [0.0, 0.0, 0.0, 1.0]]}, "Hobj2base": {"type": "ndarray", "data": [[0.9999811506996544, -0.00010466567844699496, -0.006138997515138786, -0.7354335901680285], [-9.916247476085117e-05, -0.9999995930199514, 0.0008967311387560012, 0.08949812842292994], [-0.006139088873662301, -0.0008961054778152856, -0.9999807541061849, 0.0023103600319450434], [0.0, 0.0, 0.0, 1.0]]}, "mean_rme": {"type": "float", "data": 0.002026930733993005}, "max_rme": {"type": "float", "data": 0.00705777870841881}, "simu": {"type": "float", "data": 0.002}}, {"type": "dict", "image_number": {"type": "int", "data": 27}, "Hcamera2end": {"type": "ndarray", "data": [[0.9999995197793826, -0.0003140922265609101, 0.0009283248771082636, -0.016826579243223998], [-0.0009254084863704449, 0.00916125909958565, 0.9999576065768206, 0.02827623264573793], [-0.00032258353584401205, -0.9999579854562809, 0.009160964036548203, 0.029009871520334542], [0.0, 0.0, 0.0, 1.0]]}, "Hobj2base": {"type": "ndarray", "data": [[0.9999808616728709, -0.0009412128093740635, -0.006114769532047023, -0.7351841942974872], [-0.0009353475208825602, -0.9999990998504928, 0.0009619891993086153, 0.08953541493230209], [-0.006115669464397109, -0.0009562513539220559, -0.9999808419016589, 0.0023773217372481804], [0.0, 0.0, 0.0, 1.0]]}, "mean_rme": {"type": "float", "data": 0.00200451617438792}, "max_rme": {"type": "float", "data": 0.0071162326277277865}, "simu": {"type": "float", "data": 0.002}}, {"type": "dict", "image_number": {"type": "int", "data": 28}, "Hcamera2end": {"type": "ndarray", "data": [[0.9999997236186468, 0.0007213752848415505, 0.00017994534852209035, -0.01645916669871235], [-0.0001858757538353346, 0.008229350833061977, 0.9999661210436434, 0.028300481951121184], [0.0007198700119959928, -0.9999658781191311, 0.008229482644797725, 0.029882827814644155], [0.0, 0.0, 0.0, 1.0]]}, "Hobj2base": {"type": "ndarray", "data": [[0.9999856610712393, 0.00010379138044330485, -0.005354145988477355, -0.7355819809300161], [0.00010553452513722878, -0.9999999415252059, 0.0003252876396747413, 0.08902308338682917], [-0.005354111913341609, -0.00032584802265285865, -0.9999856135508576, 0.0020748150375906487], [0.0, 0.0, 0.0, 1.0]]}, "mean_rme": {"type": "float", "data": 0.002079938077892832}, "max_rme": {"type": "float", "data": 0.007683627123205583}, "simu": {"type": "float", "data": 0.002}}, {"type": "dict", "image_number": {"type": "int", "data": 29}, "Hcamera2end": {"type": "ndarray", "data": [[0.9999996697133142, 0.0006862370179123906, 0.0004354905484557194, -0.016336643125563533], [-0.00044047051955481084, 0.007273562394626842, 0.9999734502854628, 0.028310376525713016], [0.0006830512308389971, -0.9999733118282942, 0.007273862259441821, 0.030254908815930452], [0.0, 0.0, 0.0, 1.0]]}, "Hobj2base": {"type": "ndarray", "data": [[0.9999880498940535, 0.0002090864949873736, -0.0048842964616687195, -0.7356915756541738], [0.0002123475848807675, -0.9999997549034896, 0.00066715924989413, 0.08925260969228725], [-0.00488415577055554, -0.0006681884458278875, -0.9999878491994842, 0.0020167859030249574], [0.0, 0.0, 0.0, 1.0]]}, "mean_rme": {"type": "float", "data": 0.0021149688817731715}, "max_rme": {"type": "float", "data": 0.007716327313090299}, "simu": {"type": "float", "data": 0.002}}, {"type": "dict", "image_number": {"type": "int", "data": 30}, "Hcamera2end": {"type": "ndarray", "data": [[0.999999648397102, 0.0006161028589606453, 0.0005688786685272736, -0.016367226448676896], [-0.0005735827330672614, 0.007662122524805248, 0.9999704810049459, 0.028317592224638408], [0.000611725854163395, -0.9999704557114084, 0.007662473216742405, 0.030094863259898408], [0.0, 0.0, 0.0, 1.0]]}, "Hobj2base": {"type": "ndarray", "data": [[0.9999855133183319, 0.00028443376402666936, -0.005375151244967622, -0.7356609131312581], [0.000289389925061741, -0.9999995337341498, 0.0009212952587587784, 0.08923726966435006], [-0.00537488669123993, -0.000922837426863619, -0.9999851293715021, 0.002086036039699137], [0.0, 0.0, 0.0, 1.0]]}, "mean_rme": {"type": "float", "data": 0.0020852544930932393}, "max_rme": {"type": "float", "data": 0.0076741375710105975}, "simu": {"type": "float", "data": 0.002}}]}