{"type": "list", "data": [{"type": "dict", "image_number": {"type": "int", "data": 5}, "Hcamera2end": {"type": "ndarray", "data": [[0.9998630946915976, 0.0016836024013840208, 0.016460782384058244, -0.02258944214185256], [-0.01647209560772167, 0.006942340174734385, 0.9998402242254452, 0.030146841913562903], [0.00156905705165389, -0.9999744843724026, 0.006969122191232691, 0.028993754807841294], [0.0, 0.0, 0.0, 1.0]]}, "Hobj2base": {"type": "ndarray", "data": [[0.9999893553207095, 0.0006961408041985845, -0.004561209626004172, -0.7346059144552202], [0.0007729074947264518, -0.9998577257842214, 0.016850246396104458, 0.09117818435656573], [-0.004548830539404502, -0.01685359242374056, -0.9998476206718394, 0.0021830293575556105], [0.0, 0.0, 0.0, 1.0]]}, "mean_rme": {"type": "float", "data": 0.002278929933313435}, "max_rme": {"type": "float", "data": 0.005932222549353508}, "simu": {"type": "float", "data": 0.002}}, {"type": "dict", "image_number": {"type": "int", "data": 6}, "Hcamera2end": {"type": "ndarray", "data": [[0.9998064571081339, 0.0017422199995578407, 0.01959624949714718, -0.021926339383324146], [-0.01960148143866377, 0.0030384617000384084, 0.9998032554837513, 0.03015292419949826], [0.0016823347737653475, -0.9999938661911736, 0.0030720237203576417, 0.028245785103103705], [0.0, 0.0, 0.0, 1.0]]}, "Hobj2base": {"type": "ndarray", "data": [[0.999991525860831, 0.0015404816079027561, -0.003817737935332176, -0.7318101169376613], [0.0016074331818811648, -0.9998438792008724, 0.017596402561807126, 0.09307691625100419], [-0.0037900349725231352, -0.01760239020607992, -0.9998378826059453, 0.0010070888532121385], [0.0, 0.0, 0.0, 1.0]]}, "mean_rme": {"type": "float", "data": 0.002004972422169105}, "max_rme": {"type": "float", "data": 0.0057963473431373105}, "simu": {"type": "float", "data": 0.002}}, {"type": "dict", "image_number": {"type": "int", "data": 7}, "Hcamera2end": {"type": "ndarray", "data": [[0.9998851407569086, -2.5637018630637193e-05, 0.01515600990631939, -0.020767803272307754], [-0.01515551216545023, 0.006587731995414514, 0.9998634467956911, 0.029354140746812585], [-0.0001254772491962753, -0.9999783003295122, 0.006586586791356153, 0.02884826789843252], [0.0, 0.0, 0.0, 1.0]]}, "Hobj2base": {"type": "ndarray", "data": [[0.9999920738318387, 0.0004150146253573574, -0.003959802565664087, -0.733736620320023], [0.0004658557930604416, -0.9999173647652555, 0.0128470471037706, 0.09165826355470245], [-0.003954143634008813, -0.01284878997287947, -0.9999096325890424, 0.0015899689095234695], [0.0, 0.0, 0.0, 1.0]]}, "mean_rme": {"type": "float", "data": 0.0020878377662266715}, "max_rme": {"type": "float", "data": 0.0062324704707343165}, "simu": {"type": "float", "data": 0.002}}, {"type": "dict", "image_number": {"type": "int", "data": 8}, "Hcamera2end": {"type": "ndarray", "data": [[0.9998817608789703, 0.0005411720549025108, 0.01536786889509232, -0.021147240314903327], [-0.015370759263929416, 0.0058181053199762855, 0.9998649355838696, 0.029831872635886842], [0.00045168708203965815, -0.9999829282459238, 0.005825735617693506, 0.02908287152157671], [0.0, 0.0, 0.0, 1.0]]}, "Hobj2base": {"type": "ndarray", "data": [[0.9999945647459086, 0.0008966237608612815, -0.0031727818192004366, -0.7338504088588056], [0.0009374076052771984, -0.9999166584830452, 0.012876232177243773, 0.09109847158990093], [-0.003160972259030175, -0.012879136381457355, -0.9999120641838688, 0.0012738067454874658], [0.0, 0.0, 0.0, 1.0]]}, "mean_rme": {"type": "float", "data": 0.0019266467184085032}, "max_rme": {"type": "float", "data": 0.006477722199810056}, "simu": {"type": "float", "data": 0.002}}, {"type": "dict", "image_number": {"type": "int", "data": 9}, "Hcamera2end": {"type": "ndarray", "data": [[0.9998879979016145, 0.0016572401795539073, 0.014874313674521532, -0.021439272963317945], [-0.014887054250164209, 0.007960779161249598, 0.999857490650992, 0.03000420498559484], [0.001538592880996747, -0.9999669392285593, 0.007984558961737331, 0.027612274917813734], [0.0, 0.0, 0.0, 1.0]]}, "Hobj2base": {"type": "ndarray", "data": [[0.9999809101625973, 0.000589244346067629, -0.006150780558930204, -0.7341210626328377], [0.0006624149226100663, -0.999928962436845, 0.011900894354854172, 0.09046718841371432], [-0.006143331087756049, -0.011904741537543926, -0.9999102642797857, 0.0018405562121197902], [0.0, 0.0, 0.0, 1.0]]}, "mean_rme": {"type": "float", "data": 0.0019192396711521138}, "max_rme": {"type": "float", "data": 0.006488886918006212}, "simu": {"type": "float", "data": 0.002}}, {"type": "dict", "image_number": {"type": "int", "data": 10}, "Hcamera2end": {"type": "ndarray", "data": [[0.9999128044237879, 0.0017975165854759436, 0.013082525883045459, -0.0205910390033012], [-0.013094947106143381, 0.007081545467167438, 0.999889180896605, 0.02964728649778587], [0.0017046728844334232, -0.9999733099677818, 0.00710446637233908, 0.028478502992418903], [0.0, 0.0, 0.0, 1.0]]}, "Hobj2base": {"type": "ndarray", "data": [[0.9999887490513193, 0.0010003702861200773, -0.004636920321530746, -0.7345240593450393], [0.0010515374399176327, -0.9999384441855239, 0.011045456479747046, 0.0899892974325294], [-0.004625585345664722, -0.011050208103207042, -0.999928245856214, 0.0016376712178047704], [0.0, 0.0, 0.0, 1.0]]}, "mean_rme": {"type": "float", "data": 0.001886046171510423}, "max_rme": {"type": "float", "data": 0.00699562393179496}, "simu": {"type": "float", "data": 0.002}}, {"type": "dict", "image_number": {"type": "int", "data": 11}, "Hcamera2end": {"type": "ndarray", "data": [[0.9999215795122397, 0.003654808409833144, 0.011978196910854853, -0.02042800961648426], [-0.012002717900165638, 0.006762738729603868, 0.9999050955605159, 0.029499616168194704], [0.0035734561361297256, -0.9999704534336816, 0.006806076026656505, 0.028957792258666543], [0.0, 0.0, 0.0, 1.0]]}, "Hobj2base": {"type": "ndarray", "data": [[0.999986675642945, 0.002535818694453918, -0.004496460843858792, -0.7343658219967789], [0.0025829365277807016, -0.9999414932686941, 0.01050421241535802, 0.08956442189617288], [-0.004469560992418994, -0.010515686526440556, -0.9999347195499375, 0.0021284046872346207], [0.0, 0.0, 0.0, 1.0]]}, "mean_rme": {"type": "float", "data": 0.0021718534893605747}, "max_rme": {"type": "float", "data": 0.007402564508552104}, "simu": {"type": "float", "data": 0.002}}, {"type": "dict", "image_number": {"type": "int", "data": 12}, "Hcamera2end": {"type": "ndarray", "data": [[0.999938998535784, 0.005441107521776447, 0.009612156687744535, -0.019253356702290492], [-0.009655668584186724, 0.008027912583670416, 0.99992115723378, 0.03019577961043546], [0.005363512976178371, -0.9999529723784443, 0.008079960400209418, 0.029378646347343627], [0.0, 0.0, 0.0, 1.0]]}, "Hobj2base": {"type": "ndarray", "data": [[0.9999740228020159, 0.0032854109440673745, -0.0064155900805771835, -0.7354912200241075], [0.003341963834340775, -0.9999554815507583, 0.008824182359930228, 0.08958878632253993], [-0.0063863134031580645, -0.00884539380242326, -0.9999404852337948, 0.0015850495486310623], [0.0, 0.0, 0.0, 1.0]]}, "mean_rme": {"type": "float", "data": 0.0023331455815739192}, "max_rme": {"type": "float", "data": 0.007310933731940257}, "simu": {"type": "float", "data": 0.002}}, {"type": "dict", "image_number": {"type": "int", "data": 13}, "Hcamera2end": {"type": "ndarray", "data": [[0.9999440556628391, 0.005396430368201361, 0.009097476783934985, -0.018311320369962178], [-0.00914381960186889, 0.008626088843657231, 0.999920987455684, 0.03014848518608828], [0.005317528339516411, -0.999948233225372, 0.00867495024861542, 0.029453002081772876], [0.0, 0.0, 0.0, 1.0]]}, "Hobj2base": {"type": "ndarray", "data": [[0.9999731024569136, 0.0034252388025714795, -0.006485530189602384, -0.7361365420482274], [0.0034813641788209162, -0.9999564195094939, 0.008662516101401048, 0.09004822277680817], [-0.006455576360737111, -0.008684861593483717, -0.9999414476422868, 0.0013952901225754305], [0.0, 0.0, 0.0, 1.0]]}, "mean_rme": {"type": "float", "data": 0.002256224888112506}, "max_rme": {"type": "float", "data": 0.007477380322449365}, "simu": {"type": "float", "data": 0.002}}, {"type": "dict", "image_number": {"type": "int", "data": 14}, "Hcamera2end": {"type": "ndarray", "data": [[0.999945814484005, 0.005490899219468721, 0.008844100953828104, -0.01897820281032497], [-0.00889706830898097, 0.009698091491400551, 0.9999133908478923, 0.030210735520524584], [0.005404652757133605, -0.9999378965951766, 0.009746418900742237, 0.02897376358544185], [0.0, 0.0, 0.0, 1.0]]}, "Hobj2base": {"type": "ndarray", "data": [[0.9999708034779811, 0.002005926820619268, -0.007373496402064513, -0.736407227488112], [0.0020639454476608344, -0.9999669060465775, 0.007869367244199267, 0.08950342262177322], [-0.007357467009101581, -0.007884355980377632, -0.9999418506143167, 0.0016094410766966383], [0.0, 0.0, 0.0, 1.0]]}, "mean_rme": {"type": "float", "data": 0.0022163659964212967}, "max_rme": {"type": "float", "data": 0.007247749106906086}, "simu": {"type": "float", "data": 0.002}}, {"type": "dict", "image_number": {"type": "int", "data": 15}, "Hcamera2end": {"type": "ndarray", "data": [[0.9999487807698992, 0.004504459445786499, 0.00906342550546759, -0.019015826864822276], [-0.009115577679679451, 0.011695467436007356, 0.999890055098569, 0.029904235435123196], [0.0043979632055788555, -0.9999214598590005, 0.011735929153152691, 0.028426653540527914], [0.0, 0.0, 0.0, 1.0]]}, "Hobj2base": {"type": "ndarray", "data": [[0.9999643479636473, 0.0004943336289870221, -0.008429616592755975, -0.7367169595097002], [0.0005628819824591043, -0.99996678107909, 0.008131414526232426, 0.08961565551758167], [-0.008425316938337526, -0.00813586950404524, -0.9999314084785527, 0.0020758872956735544], [0.0, 0.0, 0.0, 1.0]]}, "mean_rme": {"type": "float", "data": 0.0021822830058049734}, "max_rme": {"type": "float", "data": 0.007233099482296695}, "simu": {"type": "float", "data": 0.002}}, {"type": "dict", "image_number": {"type": "int", "data": 16}, "Hcamera2end": {"type": "ndarray", "data": [[0.9999612228275074, 0.003398553098604241, 0.008124203231828594, -0.018983784257442956], [-0.008162163824386365, 0.011309007746115318, 0.9999027379828012, 0.02983264230957236], [0.0033063458711945467, -0.9999302756595754, 0.011336308761927927, 0.02825971544390828], [0.0, 0.0, 0.0, 1.0]]}, "Hobj2base": {"type": "ndarray", "data": [[0.9999665263330438, -0.000714562625129668, -0.008150804480578588, -0.7363998600801598], [-0.0006625330642030247, -0.9999794007965515, 0.0063842801088998926, 0.08931913367680396], [-0.008155198548453, -0.006378666226165535, -0.9999464012404917, 0.0021666271502013765], [0.0, 0.0, 0.0, 1.0]]}, "mean_rme": {"type": "float", "data": 0.002188796885848856}, "max_rme": {"type": "float", "data": 0.007122491574146642}, "simu": {"type": "float", "data": 0.002}}, {"type": "dict", "image_number": {"type": "int", "data": 17}, "Hcamera2end": {"type": "ndarray", "data": [[0.9999571138373059, 0.004190260325501403, 0.008259068020655905, -0.01909195021007433], [-0.00830206773185598, 0.010350364543902257, 0.9999119689378582, 0.029925110372721584], [0.004104407087627623, -0.9999376538925879, 0.010384708481520843, 0.028548885445644868], [0.0, 0.0, 0.0, 1.0]]}, "Hobj2base": {"type": "ndarray", "data": [[0.9999638539424963, 0.00034551024835404663, -0.008495377045084155, -0.7366687734908384], [0.0003995698592982805, -0.9999796789981905, 0.006362541520718274, 0.08908999163934678], [-0.008493006087210866, -0.006365706036537188, -0.9999436717306922, 0.0022110296530785307], [0.0, 0.0, 0.0, 1.0]]}, "mean_rme": {"type": "float", "data": 0.002153924470326556}, "max_rme": {"type": "float", "data": 0.007135934237949226}, "simu": {"type": "float", "data": 0.002}}, {"type": "dict", "image_number": {"type": "int", "data": 18}, "Hcamera2end": {"type": "ndarray", "data": [[0.9999543059587381, 0.00505636474650387, 0.008112901461780179, -0.01906433161235405], [-0.008155182085098626, 0.008398103689329695, 0.9999314800823016, 0.030200935356825723], [0.004987885297110241, -0.999951951360651, 0.00843895552122964, 0.029384202136088777], [0.0, 0.0, 0.0, 1.0]]}, "Hobj2base": {"type": "ndarray", "data": [[0.9999679079550327, 0.0017125365152756864, -0.00782625572795043, -0.7368541972569008], [0.0017629459304289953, -0.9999777172630819, 0.006438710970547825, 0.08895172968982706], [-0.007815054809904621, -0.0064523016048319125, -0.9999486450424935, 0.0019011080793461038], [0.0, 0.0, 0.0, 1.0]]}, "mean_rme": {"type": "float", "data": 0.0022089086094597534}, "max_rme": {"type": "float", "data": 0.007414896502519808}, "simu": {"type": "float", "data": 0.002}}, {"type": "dict", "image_number": {"type": "int", "data": 19}, "Hcamera2end": {"type": "ndarray", "data": [[0.9999523672587263, 0.005628040409951159, 0.00797423192623805, -0.019152535104889484], [-0.008021200888934162, 0.008372888789616395, 0.9999327752752264, 0.030091001277221203], [0.005560894709382583, -0.9999491086522659, 0.008417633608710284, 0.029564509213587185], [0.0, 0.0, 0.0, 1.0]]}, "Hobj2base": {"type": "ndarray", "data": [[0.9999687744164296, 0.002184045224223451, -0.0075947441406699736, -0.7369181441631628], [0.0022335389795448642, -0.9999762861500296, 0.006514479351474419, 0.08868107750798371], [-0.007580336122530969, -0.006531239090132868, -0.9999499394570797, 0.002080029299550403], [0.0, 0.0, 0.0, 1.0]]}, "mean_rme": {"type": "float", "data": 0.0021810423437165845}, "max_rme": {"type": "float", "data": 0.007552426577361215}, "simu": {"type": "float", "data": 0.002}}, {"type": "dict", "image_number": {"type": "int", "data": 20}, "Hcamera2end": {"type": "ndarray", "data": [[0.9999534240457231, 0.005089075748696892, 0.008200673585654954, -0.019202832957062554], [-0.008241273349582414, 0.008008806978836214, 0.9999339680320664, 0.030009618039860946], [0.005023062095166289, -0.9999549791459613, 0.008050374425350282, 0.029868993746937817], [0.0, 0.0, 0.0, 1.0]]}, "Hobj2base": {"type": "ndarray", "data": [[0.9999733845410889, 0.0016466430348383585, -0.007107656164695822, -0.7367518697469668], [0.001693578224927789, -0.9999767690602996, 0.006602509562282761, 0.08885356019002445], [-0.007096619070780862, -0.006614371205171598, -0.9999529429384786, 0.0021705863230269103], [0.0, 0.0, 0.0, 1.0]]}, "mean_rme": {"type": "float", "data": 0.0021881758786045542}, "max_rme": {"type": "float", "data": 0.007400069907623298}, "simu": {"type": "float", "data": 0.002}}, {"type": "dict", "image_number": {"type": "int", "data": 21}, "Hcamera2end": {"type": "ndarray", "data": [[0.999954721014143, 0.005614786610188817, 0.007683104375810417, -0.019195581383062175], [-0.007723870678748578, 0.007275271645572512, 0.999943704537521, 0.030132906478473734], [0.005558573851764569, -0.9999577714052754, 0.007318310114316384, 0.029874698920842806], [0.0, 0.0, 0.0, 1.0]]}, "Hobj2base": {"type": "ndarray", "data": [[0.9999769819420603, 0.0029261572342446336, -0.006121534929149752, -0.736411546186283], [0.00296513505461692, -0.9999753281496215, 0.006367971903524092, 0.08847571770051114], [-0.006102750212502931, -0.006385976502984343, -0.9999609871109707, 0.001957259695843224], [0.0, 0.0, 0.0, 1.0]]}, "mean_rme": {"type": "float", "data": 0.0021920096861732}, "max_rme": {"type": "float", "data": 0.0074616198083844384}, "simu": {"type": "float", "data": 0.002}}, {"type": "dict", "image_number": {"type": "int", "data": 22}, "Hcamera2end": {"type": "ndarray", "data": [[0.9999548858662889, 0.005872419482531164, 0.007465984299362645, -0.01900017976984058], [-0.0075101156951127976, 0.0075292242795022, 0.9999434528732086, 0.030290081420705176], [0.00581587434382497, -0.9999544116964382, 0.007572987154795263, 0.029943598511872324], [0.0, 0.0, 0.0, 1.0]]}, "Hobj2base": {"type": "ndarray", "data": [[0.9999753856733863, 0.0027410680475025034, -0.00645868355946869, -0.736510857964277], [0.0027834720196996845, -0.9999745722410256, 0.00656560392454053, 0.08862134057482528], [-0.006440522562489731, -0.0065834198815929905, -0.9999575882265133, 0.001865771674441264], [0.0, 0.0, 0.0, 1.0]]}, "mean_rme": {"type": "float", "data": 0.0021880101259212177}, "max_rme": {"type": "float", "data": 0.0073813321311670885}, "simu": {"type": "float", "data": 0.002}}, {"type": "dict", "image_number": {"type": "int", "data": 23}, "Hcamera2end": {"type": "ndarray", "data": [[0.9999553404795894, 0.006104736448509699, 0.007214515870284904, -0.018980030049214277], [-0.007260196585666673, 0.007494052584155364, 0.9999455628790015, 0.030514916327572188], [0.006050338162931851, -0.9999532845932153, 0.007538039490080917, 0.030169038787217058], [0.0, 0.0, 0.0, 1.0]]}, "Hobj2base": {"type": "ndarray", "data": [[0.9999730273957066, 0.0028889703874733007, -0.006752653638808266, -0.7367818709128892], [0.0029323403812684134, -0.9999750818604667, 0.006421607122919168, 0.08857737729941295], [-0.006733933542424573, -0.006441234994397111, -0.9999565813728077, 0.0017396222219998978], [0.0, 0.0, 0.0, 1.0]]}, "mean_rme": {"type": "float", "data": 0.0021870318665663086}, "max_rme": {"type": "float", "data": 0.007643982377416314}, "simu": {"type": "float", "data": 0.002}}, {"type": "dict", "image_number": {"type": "int", "data": 24}, "Hcamera2end": {"type": "ndarray", "data": [[0.9999613964533594, 0.005762108261297982, 0.006633529334566611, -0.018842420114658143], [-0.006672779910330703, 0.00681953895119114, 0.9999544829124781, 0.030498391091081514], [0.005716608375230995, -0.9999601452042367, 0.006857724973048374, 0.030302277546160078], [0.0, 0.0, 0.0, 1.0]]}, "Hobj2base": {"type": "ndarray", "data": [[0.9999751754578454, 0.003145824665532496, -0.006304938954897434, -0.7365130620086647], [0.003184320446841429, -0.9999762945944173, 0.006104944922814211, 0.08839607054978932], [-0.006285584407442428, -0.006124870316381789, -0.9999614879545433, 0.0015203835110522864], [0.0, 0.0, 0.0, 1.0]]}, "mean_rme": {"type": "float", "data": 0.0021695352349772544}, "max_rme": {"type": "float", "data": 0.007651045043870597}, "simu": {"type": "float", "data": 0.002}}, {"type": "dict", "image_number": {"type": "int", "data": 25}, "Hcamera2end": {"type": "ndarray", "data": [[0.9999692520113277, 0.005361192499726655, 0.00572299282602917, -0.018186601779212563], [-0.005755977425868442, 0.006157382465038941, 0.9999644770515862, 0.03032115102175691], [0.005325763398687514, -0.9999666715726881, 0.006188052040916769, 0.030684525816032274], [0.0, 0.0, 0.0, 1.0]]}, "Hobj2base": {"type": "ndarray", "data": [[0.9999774486672821, 0.003327730717463459, -0.005833383678893519, -0.7364920697534789], [0.003359008115211048, -0.999979992345641, 0.005360221347536739, 0.08850187614614144], [-0.005815429593338525, -0.005379694850518233, -0.9999686193386077, 0.0012444912348232463], [0.0, 0.0, 0.0, 1.0]]}, "mean_rme": {"type": "float", "data": 0.0021667920615512934}, "max_rme": {"type": "float", "data": 0.007521448803603559}, "simu": {"type": "float", "data": 0.002}}, {"type": "dict", "image_number": {"type": "int", "data": 26}, "Hcamera2end": {"type": "ndarray", "data": [[0.9999777785168686, 0.003935225844551244, 0.0053811216322279, -0.017869328309080213], [-0.005400371390514601, 0.004897497278076313, 0.9999734249015101, 0.029586517127366884], [0.003908767236990009, -0.9999802640642285, 0.004918640129489282, 0.03149283318512539], [0.0, 0.0, 0.0, 1.0]]}, "Hobj2base": {"type": "ndarray", "data": [[0.9999883749095964, 0.0024370142075485655, -0.0041606498791395535, -0.7362090228623873], [0.0024579399237780178, -0.9999843198825393, 0.005031751224640159, 0.0891071181690811], [-0.004148322190437438, -0.005041919357524083, -0.9999786850089338, 0.001444989270707447], [0.0, 0.0, 0.0, 1.0]]}, "mean_rme": {"type": "float", "data": 0.002217771916408025}, "max_rme": {"type": "float", "data": 0.007122102229941196}, "simu": {"type": "float", "data": 0.002}}, {"type": "dict", "image_number": {"type": "int", "data": 27}, "Hcamera2end": {"type": "ndarray", "data": [[0.9999802973332809, 0.0034972655421006624, 0.005212876266622858, -0.01756066174995174], [-0.005229743850630264, 0.0048313954750873744, 0.9999746533772842, 0.029556592856832254], [0.003471991431423679, -0.9999822132175606, 0.004849590086675404, 0.03161126441085841], [0.0, 0.0, 0.0, 1.0]]}, "Hobj2base": {"type": "ndarray", "data": [[0.9999897811361522, 0.0019352670339872094, -0.004085629055304119, -0.7361206276109935], [0.001955261470570419, -0.9999861052410242, 0.00489553648427268, 0.08937100731853691], [-0.004076098116101438, -0.004903474930526765, -0.9999796704722319, 0.0012626873632750099], [0.0, 0.0, 0.0, 1.0]]}, "mean_rme": {"type": "float", "data": 0.002214574597732981}, "max_rme": {"type": "float", "data": 0.006853599793462728}, "simu": {"type": "float", "data": 0.002}}, {"type": "dict", "image_number": {"type": "int", "data": 28}, "Hcamera2end": {"type": "ndarray", "data": [[0.9999941635231305, 0.001674967349798296, 0.0029778186734066205, -0.016627458758502706], [-0.002982833792464895, 0.0029996730805157412, 0.9999910522919575, 0.029298187377504614], [0.0016660198801661948, -0.999994098205478, 0.0030046517222054314, 0.032479522630988945], [0.0, 0.0, 0.0, 1.0]]}, "Hobj2base": {"type": "ndarray", "data": [[0.9999966867251933, 0.0011635257174678127, -0.0022962461846558237, -0.7361517565676163], [0.0011708028651421043, -0.99999428902167, 0.0031703540332304997, 0.08951374469971686], [-0.0022925442823924806, -0.0031730319805884197, -0.9999923380250291, 0.001197767754284423], [0.0, 0.0, 0.0, 1.0]]}, "mean_rme": {"type": "float", "data": 0.0023230212293272197}, "max_rme": {"type": "float", "data": 0.007977119249929665}, "simu": {"type": "float", "data": 0.002}}, {"type": "dict", "image_number": {"type": "int", "data": 29}, "Hcamera2end": {"type": "ndarray", "data": [[0.9999941645715391, 0.0015170765510028469, 0.00306093149351836, -0.01679875781900839], [-0.0030666951401231816, 0.0038115275058543396, 0.9999880337478994, 0.029253333860153354], [0.0015053915727012998, -0.999991585333002, 0.003816157675244458, 0.03195055654544176], [0.0, 0.0, 0.0, 1.0]]}, "Hobj2base": {"type": "ndarray", "data": [[0.9999945724358551, 0.0007972409281950385, -0.0031967961670659488, -0.7361463949418905], [0.0008077025264738977, -0.999994318930501, 0.0032725713670725843, 0.08942092913734657], [-0.0031941689780104797, -0.003275135665322332, -0.9999895353307022, 0.0013906391869978865], [0.0, 0.0, 0.0, 1.0]]}, "mean_rme": {"type": "float", "data": 0.002315381095214158}, "max_rme": {"type": "float", "data": 0.007892392630713285}, "simu": {"type": "float", "data": 0.002}}, {"type": "dict", "image_number": {"type": "int", "data": 30}, "Hcamera2end": {"type": "ndarray", "data": [[0.9999944575895773, 0.001624151535972228, 0.002906358875859487, -0.016653432668984707], [-0.0029125922154503115, 0.003848810232125466, 0.9999883516653498, 0.02941903619476495], [0.0016129465935319782, -0.9999912743577242, 0.0038535193915599786, 0.031917542066096774], [0.0, 0.0, 0.0, 1.0]]}, "Hobj2base": {"type": "ndarray", "data": [[0.9999936737509065, 0.0007215931734389865, -0.0034830678227108706, -0.7361696172241253], [0.0007318574126466948, -0.9999953911866266, 0.00294652171765499, 0.08934088718763583], [-0.0034809255799444602, -0.0029490521862294465, -0.9999895930700025, 0.0012016475664503182], [0.0, 0.0, 0.0, 1.0]]}, "mean_rme": {"type": "float", "data": 0.0022817043427525293}, "max_rme": {"type": "float", "data": 0.007896122973467923}, "simu": {"type": "float", "data": 0.002}}]}