{"type": "list", "data": [{"type": "dict", "image_number": {"type": "int", "data": 5}, "Hcamera2end": {"type": "ndarray", "data": [[0.9998898444868035, 0.0025827202089543063, 0.014616033951732117, -0.014315794831261932], [-0.014627609562751838, 0.004521384436517173, 0.9998827881913245, 0.024585386399715078], [0.0025163327752143446, -0.9999864432276567, 0.004558665403920692, 0.025055181797659754], [0.0, 0.0, 0.0, 1.0]]}, "Hobj2base": {"type": "ndarray", "data": [[0.9999938679293904, 0.003421607890874665, -0.0007461253635461659, -0.7290294766787089], [0.003431036926367082, -0.9999092825990155, 0.013025150975406775, 0.09766927893838313], [-0.0007014907176350906, -0.01302763108793532, -0.9999148907477124, 0.003953852016554293], [0.0, 0.0, 0.0, 1.0]]}, "mean_rme": {"type": "float", "data": 0.0010797761030332672}, "max_rme": {"type": "float", "data": 0.0042878958684368085}, "simu": {"type": "float", "data": 0.002}}, {"type": "dict", "image_number": {"type": "int", "data": 6}, "Hcamera2end": {"type": "ndarray", "data": [[0.9999968725091251, 0.001687237700838502, -0.0018461313359278062, -0.01624975999773562], [0.0018215333999214225, 0.014465891261065345, 0.9998937043536658, 0.025431173259172844], [0.001713764289975749, -0.9998939399851186, 0.014462772659296741, 0.02638199017227966], [0.0, 0.0, 0.0, 1.0]]}, "Hobj2base": {"type": "ndarray", "data": [[0.9999449745875324, 0.003451745355954309, -0.009906222849145555, -0.7357443172704997], [0.0034087641200097854, -0.9999847182609742, -0.004352421359896776, 0.0870953542037598], [-0.009921094915049423, 0.004318413889103227, -0.9999414598751113, 0.005494265888551971], [0.0, 0.0, 0.0, 1.0]]}, "mean_rme": {"type": "float", "data": 0.0011390363264893832}, "max_rme": {"type": "float", "data": 0.004302537018870289}, "simu": {"type": "float", "data": 0.002}}, {"type": "dict", "image_number": {"type": "int", "data": 7}, "Hcamera2end": {"type": "ndarray", "data": [[0.9999992280914544, 0.0005788997728075037, -0.0010994050884608369, -0.01580102421522309], [0.0010912765981682744, 0.013859199515227627, 0.9999033611825612, 0.025322295347444998], [0.0005940807030870791, -0.9999037891036568, 0.013858557077418343, 0.025376120549031538], [0.0, 0.0, 0.0, 1.0]]}, "Hobj2base": {"type": "ndarray", "data": [[0.9999597046569925, 0.0026586011191533036, -0.008574433065200282, -0.7346735854298626], [0.0026465819810236983, -0.9999954998129597, -0.0014127836515735721, 0.08844300576917445], [-0.00857815050684492, 0.0013900337829238836, -0.9999622408571054, 0.005615691758636711], [0.0, 0.0, 0.0, 1.0]]}, "mean_rme": {"type": "float", "data": 0.001158260765656778}, "max_rme": {"type": "float", "data": 0.004593851724889131}, "simu": {"type": "float", "data": 0.002}}, {"type": "dict", "image_number": {"type": "int", "data": 8}, "Hcamera2end": {"type": "ndarray", "data": [[0.9999910334980332, 0.000701418430210087, -0.004176234634349347, -0.014131732334357746], [0.004167038676450767, 0.01263668543361085, 0.9999114710662745, 0.025592113184929672], [0.0007541300977555888, -0.9999199078893458, 0.012633649289019, 0.02482423041738225], [0.0, 0.0, 0.0, 1.0]]}, "Hobj2base": {"type": "ndarray", "data": [[0.9999621741740371, 0.004245753376642362, -0.007591034145449522, -0.7335471359549387], [0.00420252101725447, -0.9999749121437547, -0.005702096122446832, 0.08767375132532601], [-0.007615053396541945, 0.005669978955412333, -0.99995493013456, 0.004996159550558377], [0.0, 0.0, 0.0, 1.0]]}, "mean_rme": {"type": "float", "data": 0.0013673801575392495}, "max_rme": {"type": "float", "data": 0.005278265332018944}, "simu": {"type": "float", "data": 0.002}}, {"type": "dict", "image_number": {"type": "int", "data": 9}, "Hcamera2end": {"type": "ndarray", "data": [[0.9999944253380335, 0.00010224475352543501, -0.0033374899050781113, -0.013882083712125402], [0.003336103604031991, 0.011427487848846285, 0.9999291389564599, 0.025641977265676453], [0.0001403766336914307, -0.9999346989016206, 0.011427083045373765, 0.025188071258983882], [0.0, 0.0, 0.0, 1.0]]}, "Hobj2base": {"type": "ndarray", "data": [[0.9999678212054823, 0.0033230065929726765, -0.007301656027478969, -0.7335881218784994], [0.0032960761743480106, -0.9999877332029985, -0.0036972050769975297, 0.08848561759060608], [-0.00731385229639314, 0.0036730192909296094, -0.9999665076860698, 0.004968363766987425], [0.0, 0.0, 0.0, 1.0]]}, "mean_rme": {"type": "float", "data": 0.0013422171092007749}, "max_rme": {"type": "float", "data": 0.005416505132582877}, "simu": {"type": "float", "data": 0.002}}, {"type": "dict", "image_number": {"type": "int", "data": 10}, "Hcamera2end": {"type": "ndarray", "data": [[0.9999983899036051, -0.0006492231211726416, -0.001672931420044724, -0.014273521839242936], [0.0016802835919384194, 0.011494267549138515, 0.9999325269539737, 0.02769540153694904], [-0.0006299501947777512, -0.9999337279654325, 0.011495339921217762, 0.025227622312184214], [0.0, 0.0, 0.0, 1.0]]}, "Hobj2base": {"type": "ndarray", "data": [[0.9999674456461584, 0.0030637774993080794, -0.007464644354024052, -0.7335988803143249], [0.0030463651011008452, -0.9999926152029399, -0.002342904021966968, 0.08855386737885536], [-0.00747176736576591, 0.0023200877181881914, -0.9999693944743571, 0.0030122020837703213], [0.0, 0.0, 0.0, 1.0]]}, "mean_rme": {"type": "float", "data": 0.0014581453084803703}, "max_rme": {"type": "float", "data": 0.005098198891239691}, "simu": {"type": "float", "data": 0.002}}, {"type": "dict", "image_number": {"type": "int", "data": 11}, "Hcamera2end": {"type": "ndarray", "data": [[0.999998817070142, -0.0014674687211925054, -0.00046086209310985677, -0.014054762003667218], [0.00047576007077898205, 0.010168047549065418, 0.9999481908886055, 0.02773743485110269], [-0.0014627066252657583, -0.9999472272798161, 0.010168733684001063, 0.0262653105048537], [0.0, 0.0, 0.0, 1.0]]}, "Hobj2base": {"type": "ndarray", "data": [[0.9999803174362527, 0.0014304519519308, -0.0061088908407668915, -0.7335770496558716], [0.001417096443728629, -0.9999965978405598, -0.0021900102680455953, 0.08976435207809794], [-0.006112002761808924, 0.00218131027554331, -0.9999789424321499, 0.003093314700864991], [0.0, 0.0, 0.0, 1.0]]}, "mean_rme": {"type": "float", "data": 0.0015482944328223754}, "max_rme": {"type": "float", "data": 0.005803170222364845}, "simu": {"type": "float", "data": 0.002}}, {"type": "dict", "image_number": {"type": "int", "data": 12}, "Hcamera2end": {"type": "ndarray", "data": [[0.9999959908292411, -0.0006559737131497509, -0.002754636805843486, -0.013750456986644682], [0.0027620458064569536, 0.011575127669232521, 0.9999291912542626, 0.029566850873625743], [-0.000624041991763881, -0.999932790800426, 0.011576893092012708, 0.025740516605306824], [0.0, 0.0, 0.0, 1.0]]}, "Hobj2base": {"type": "ndarray", "data": [[0.9999730280890846, 0.002195377741583121, -0.007008809522203201, -0.7334975065867724], [0.0021710450602473673, -0.9999915969141646, -0.0034774508488063637, 0.08917471959207153], [-0.007016384944766098, 0.0034621406140204628, -0.9999693914938976, 0.0010377984002091362], [0.0, 0.0, 0.0, 1.0]]}, "mean_rme": {"type": "float", "data": 0.0017202657759027619}, "max_rme": {"type": "float", "data": 0.005885286694226666}, "simu": {"type": "float", "data": 0.002}}, {"type": "dict", "image_number": {"type": "int", "data": 13}, "Hcamera2end": {"type": "ndarray", "data": [[0.9999935488176053, 0.0009332361233845624, -0.0034686299182563334, -0.013732600137430554], [0.003457618475503409, 0.01155284205316709, 0.9999272857138025, 0.029456707965291058], [0.000973240797372502, -0.999932828199391, 0.01154954074921355, 0.025851063226041623], [0.0, 0.0, 0.0, 1.0]]}, "Hobj2base": {"type": "ndarray", "data": [[0.9999665929123911, 0.003388126209360551, -0.007438659823766084, -0.7333791331638809], [0.0033613985755586184, -0.999987860925331, -0.003602638144033796, 0.08909701998545451], [-0.007450775718037691, 0.0035775134898500226, -0.9999658430858671, 0.0012615825514392452], [0.0, 0.0, 0.0, 1.0]]}, "mean_rme": {"type": "float", "data": 0.0017942263393864511}, "max_rme": {"type": "float", "data": 0.006387509180042356}, "simu": {"type": "float", "data": 0.002}}, {"type": "dict", "image_number": {"type": "int", "data": 14}, "Hcamera2end": {"type": "ndarray", "data": [[0.9999964201453558, 0.0018022853384065526, -0.0019777421550699055, -0.013634592292413325], [0.001956792389211096, 0.011552556679874315, 0.9999313523426014, 0.0295624348147566], [0.0018250095940847292, -0.9999316427645029, 0.011548988625167178, 0.02593191958913424], [0.0, 0.0, 0.0, 1.0]]}, "Hobj2base": {"type": "ndarray", "data": [[0.9999620426532784, 0.0041579796840011535, -0.007656660997488715, -0.7338200281137671], [0.004147466679300665, -0.9999904353591575, -0.0013884200897013655, 0.08978128513664009], [-0.007662360786802064, 0.0013566116425968399, -0.999969723457677, 0.0014576878257890336], [0.0, 0.0, 0.0, 1.0]]}, "mean_rme": {"type": "float", "data": 0.001789789878871244}, "max_rme": {"type": "float", "data": 0.006676836971945849}, "simu": {"type": "float", "data": 0.002}}, {"type": "dict", "image_number": {"type": "int", "data": 15}, "Hcamera2end": {"type": "ndarray", "data": [[0.999994714614592, 0.0025274764558972478, -0.0020451419621969444, -0.013866312594750739], [0.002013699266675515, 0.01238090238586853, 0.9999213260408917, 0.029526390812704858], [0.0025525983123171133, -0.9999201593721754, 0.012375747370541923, 0.026044163468364738], [0.0, 0.0, 0.0, 1.0]]}, "Hobj2base": {"type": "ndarray", "data": [[0.9999571384322783, 0.004333449608755767, -0.008181840429741613, -0.7344484763164905], [0.004318128382837094, -0.9999888920437154, -0.0018893269839114037, 0.08963242744210063], [-0.008189936849495032, 0.0018539157670114232, -0.9999647433438494, 0.0014902485785836675], [0.0, 0.0, 0.0, 1.0]]}, "mean_rme": {"type": "float", "data": 0.0018072131866171035}, "max_rme": {"type": "float", "data": 0.007127608165417881}, "simu": {"type": "float", "data": 0.002}}, {"type": "dict", "image_number": {"type": "int", "data": 16}, "Hcamera2end": {"type": "ndarray", "data": [[0.9999945745772693, 0.002189234411443252, -0.002461314428904526, -0.013453355179158992], [0.0024327429951485936, 0.012959170992370761, 0.9999130670456857, 0.02965159839944329], [0.0022209406893783415, -0.9999136298400388, 0.012953774838710741, 0.025704480806207703], [0.0, 0.0, 0.0, 1.0]]}, "Hobj2base": {"type": "ndarray", "data": [[0.9999578180384874, 0.0033983260570180688, -0.008533084068348459, -0.7344457296658247], [0.0033805489064848847, -0.9999920874588992, -0.0020968807032874653, 0.08996485262005377], [-0.008540142434302494, 0.0020679457447301437, -0.999961394038589, 0.0015853140597056128], [0.0, 0.0, 0.0, 1.0]]}, "mean_rme": {"type": "float", "data": 0.0018034229636083735}, "max_rme": {"type": "float", "data": 0.007137148999020626}, "simu": {"type": "float", "data": 0.002}}, {"type": "dict", "image_number": {"type": "int", "data": 17}, "Hcamera2end": {"type": "ndarray", "data": [[0.9999953433916333, 0.0021802421186642535, -0.0021353546200599967, -0.013623414130343117], [0.002106795544197876, 0.013018366816398674, 0.9999130379877885, 0.02960746235740543], [0.0022078513501495394, -0.9999128805399686, 0.01301371287058195, 0.02569125118174191], [0.0, 0.0, 0.0, 1.0]]}, "Hobj2base": {"type": "ndarray", "data": [[0.9999563926529795, 0.003339857931148752, -0.008721131889838512, -0.7344695496784758], [0.003316888705286311, -0.9999909960956652, -0.0026468806009955406, 0.08999714513129506], [-0.008729893570769323, 0.0026178381536919332, -0.9999584670783304, 0.001556560335804813], [0.0, 0.0, 0.0, 1.0]]}, "mean_rme": {"type": "float", "data": 0.0017222952351055051}, "max_rme": {"type": "float", "data": 0.0072106228732215505}, "simu": {"type": "float", "data": 0.002}}, {"type": "dict", "image_number": {"type": "int", "data": 18}, "Hcamera2end": {"type": "ndarray", "data": [[0.9999960749677055, 0.0019437142100437962, -0.0020179257302471356, -0.013730849735814857], [0.0019924294473274355, 0.013031112439445214, 0.9999131063914943, 0.02950295645026748], [0.0019698411307874815, -0.9999132022749075, 0.013027188578478843, 0.025870573507968016], [0.0, 0.0, 0.0, 1.0]]}, "Hobj2base": {"type": "ndarray", "data": [[0.9999568548951807, 0.003150875451193406, -0.008738439908214999, -0.734623530349043], [0.0031263142193738475, -0.9999911285218073, -0.0028229482963209773, 0.09014211203022211], [-0.008747257143822783, 0.002795507390980637, -0.9999578344264755, 0.0016278111982815338], [0.0, 0.0, 0.0, 1.0]]}, "mean_rme": {"type": "float", "data": 0.0016735678870908302}, "max_rme": {"type": "float", "data": 0.00745840340254314}, "simu": {"type": "float", "data": 0.002}}, {"type": "dict", "image_number": {"type": "int", "data": 19}, "Hcamera2end": {"type": "ndarray", "data": [[0.9999925286336866, 0.002267434392181338, -0.003130721655238219, -0.013066441313518851], [0.0031029225027087125, 0.012161643528688537, 0.999921230046959, 0.029371431377084343], [0.0023053305072392952, -0.9999234736558386, 0.012154516991395803, 0.026157451687636196], [0.0, 0.0, 0.0, 1.0]]}, "Hobj2base": {"type": "ndarray", "data": [[0.9999600411916039, 0.003446566112682638, -0.00824846665246515, -0.7345679351595916], [0.003421637742666865, -0.9999895423863447, -0.003034388423987636, 0.0902170216113111], [-0.008258838613502479, 0.003006043908624799, -0.9999613768965161, 0.0013894980653185467], [0.0, 0.0, 0.0, 1.0]]}, "mean_rme": {"type": "float", "data": 0.0016903648561598802}, "max_rme": {"type": "float", "data": 0.007371776702683047}, "simu": {"type": "float", "data": 0.002}}, {"type": "dict", "image_number": {"type": "int", "data": 20}, "Hcamera2end": {"type": "ndarray", "data": [[0.9999922604247131, 0.0030949901525848035, -0.002429017626136527, -0.013804525037852833], [0.0023965746321344818, 0.010443362431070469, 0.9999425946578963, 0.029181609691358922], [0.003120179595037489, -0.9999406768489262, 0.01043586422899434, 0.026991094465392614], [0.0, 0.0, 0.0, 1.0]]}, "Hobj2base": {"type": "ndarray", "data": [[0.9999657234417489, 0.004201328072062044, -0.0071344785408928735, -0.7342944056964268], [0.004186855482052357, -0.9999891496330491, -0.0020422676963324942, 0.08982458497444466], [-0.007142981365785969, 0.0020123266638343144, -0.9999724638001817, 0.0013544192061113653], [0.0, 0.0, 0.0, 1.0]]}, "mean_rme": {"type": "float", "data": 0.001721387816300907}, "max_rme": {"type": "float", "data": 0.007601688987823152}, "simu": {"type": "float", "data": 0.002}}, {"type": "dict", "image_number": {"type": "int", "data": 21}, "Hcamera2end": {"type": "ndarray", "data": [[0.9999940888533376, 0.002668329593824338, -0.002168473094558672, -0.013613798982223166], [0.002140861193934898, 0.010307716061399241, 0.999944582315913, 0.029123693712435218], [0.0026905337261233617, -0.9999433138967309, 0.0103019426076979, 0.027011209398763746], [0.0, 0.0, 0.0, 1.0]]}, "Hobj2base": {"type": "ndarray", "data": [[0.9999690778370266, 0.00382628253619846, -0.0068704389757726055, -0.7343344879988002], [0.0038172692123566556, -0.9999918369997707, -0.0013245337232994999, 0.09022279935887004], [-0.006875450932631738, 0.0012982664506742524, -0.9999755210397381, 0.001345243769118154], [0.0, 0.0, 0.0, 1.0]]}, "mean_rme": {"type": "float", "data": 0.0017034959863394352}, "max_rme": {"type": "float", "data": 0.007650837285967882}, "simu": {"type": "float", "data": 0.002}}, {"type": "dict", "image_number": {"type": "int", "data": 22}, "Hcamera2end": {"type": "ndarray", "data": [[0.9999951978291458, 0.002565519534666081, -0.0017385132052387252, -0.013883326182410526], [0.0017132025724914002, 0.009835132019029746, 0.9999501663158591, 0.029007435709262886], [0.0025824901922662825, -0.9999483428096102, 0.009830689534378823, 0.02749118794439642], [0.0, 0.0, 0.0, 1.0]]}, "Hobj2base": {"type": "ndarray", "data": [[0.9999724563294586, 0.003644367804917255, -0.006465691434910915, -0.7345548937480012], [0.0036358158796096973, -0.9999925007171406, -0.0013339236745373922, 0.09030662893262918], [-0.006470504255355664, 0.0013103788697914679, -0.9999782075034933, 0.001323570081102434], [0.0, 0.0, 0.0, 1.0]]}, "mean_rme": {"type": "float", "data": 0.001688089462155675}, "max_rme": {"type": "float", "data": 0.007950417701992424}, "simu": {"type": "float", "data": 0.002}}, {"type": "dict", "image_number": {"type": "int", "data": 23}, "Hcamera2end": {"type": "ndarray", "data": [[0.9999963655601404, 0.0020536249798771234, -0.001746851725827687, -0.01391425179679167], [0.0017286821735338447, 0.008816281033573792, 0.99995964160894, 0.029040542612781724], [0.002068942834615975, -0.9999590270671987, 0.008812698926436768, 0.027905294228524467], [0.0, 0.0, 0.0, 1.0]]}, "Hobj2base": {"type": "ndarray", "data": [[0.9999792824575442, 0.0026210303025587804, -0.005879188366446053, -0.7345242697844887], [0.0026146280973616807, -0.9999959808245407, -0.0010963825418199497, 0.09045037322324266], [-0.0058820383888217535, 0.0010809879363754998, -0.9999821163848253, 0.0011431785311205758], [0.0, 0.0, 0.0, 1.0]]}, "mean_rme": {"type": "float", "data": 0.0017037755981170533}, "max_rme": {"type": "float", "data": 0.00803947812875258}, "simu": {"type": "float", "data": 0.002}}, {"type": "dict", "image_number": {"type": "int", "data": 24}, "Hcamera2end": {"type": "ndarray", "data": [[0.9999952940658939, 0.0021911295270132555, -0.0021472767549234554, -0.01369128881599587], [0.0021284311026786985, 0.008567270795650339, 0.9999610350669448, 0.02912281061399123], [0.0022094404512305547, -0.9999608996468363, 0.008562566810403238, 0.028066302420510596], [0.0, 0.0, 0.0, 1.0]]}, "Hobj2base": {"type": "ndarray", "data": [[0.9999805840371379, 0.0028830080299039763, -0.005524474042307118, -0.7345311833472158], [0.002874337229558716, -0.9999946258937613, -0.001576822465272147, 0.09033357138779018], [-0.0055289903450258145, 0.0015609126483321872, -0.999983496772556, 0.0010277279951628356], [0.0, 0.0, 0.0, 1.0]]}, "mean_rme": {"type": "float", "data": 0.001701878195670826}, "max_rme": {"type": "float", "data": 0.007916322803672465}, "simu": {"type": "float", "data": 0.002}}, {"type": "dict", "image_number": {"type": "int", "data": 25}, "Hcamera2end": {"type": "ndarray", "data": [[0.9999955854340488, 0.0019402938185154627, -0.0022504160308313703, -0.013770958177136817], [0.0022356554911945586, 0.007576273773770792, 0.9999688004734096, 0.029144290897726976], [0.00195728305022134, -0.9999694172001475, 0.007571902499280636, 0.028731682924927605], [0.0, 0.0, 0.0, 1.0]]}, "Hobj2base": {"type": "ndarray", "data": [[0.9999850545249499, 0.0024818333587516886, -0.004871471021392176, -0.7344976603792915], [0.002474489092184481, -0.9999957937733652, -0.0015130562814088633, 0.09018930548087284], [-0.0048752056844338825, 0.0015009792661586324, -0.999986989630754, 0.0009197247838300692], [0.0, 0.0, 0.0, 1.0]]}, "mean_rme": {"type": "float", "data": 0.001727086088913671}, "max_rme": {"type": "float", "data": 0.007960749515533383}, "simu": {"type": "float", "data": 0.002}}, {"type": "dict", "image_number": {"type": "int", "data": 26}, "Hcamera2end": {"type": "ndarray", "data": [[0.9999943300674841, 0.0022117432068158795, -0.0025392961369101867, -0.013650269009754062], [0.002521033618258352, 0.008221085886657264, 0.9999630283847198, 0.02902330824024305], [0.002232537206730134, -0.9999637603127582, 0.008215463394675715, 0.028675577646386695], [0.0, 0.0, 0.0, 1.0]]}, "Hobj2base": {"type": "ndarray", "data": [[0.999981307454073, 0.002740155360153971, -0.0054659208780437705, -0.7347365190559982], [0.002730636748721397, -0.9999947437829517, -0.0017481502837836413, 0.09029806329492254], [-0.005470682351347733, 0.0017331921619889847, -0.9999835337042005, 0.0011078084159943913], [0.0, 0.0, 0.0, 1.0]]}, "mean_rme": {"type": "float", "data": 0.0017206239834545486}, "max_rme": {"type": "float", "data": 0.008220517006072764}, "simu": {"type": "float", "data": 0.002}}, {"type": "dict", "image_number": {"type": "int", "data": 27}, "Hcamera2end": {"type": "ndarray", "data": [[0.9999944844352726, 0.0020190242377444018, -0.00263716517507272, -0.013580066316885043], [0.0026207290266281004, 0.00810045906399437, 0.9999637565143656, 0.028570243473017416], [0.0020403133098141134, -0.999965152444864, 0.00809512306996274, 0.02872867639424808], [0.0, 0.0, 0.0, 1.0]]}, "Hobj2base": {"type": "ndarray", "data": [[0.9999826324648684, 0.002525411964710532, -0.0053251350255658775, -0.7346930678982443], [0.0025161831476628376, -0.9999953222437723, -0.0017390551865637761, 0.09043587340291467], [-0.005329501946657787, 0.0017256259684513698, -0.9999843091889082, 0.0014901129426812523], [0.0, 0.0, 0.0, 1.0]]}, "mean_rme": {"type": "float", "data": 0.001689528604330838}, "max_rme": {"type": "float", "data": 0.008306335730577374}, "simu": {"type": "float", "data": 0.002}}, {"type": "dict", "image_number": {"type": "int", "data": 28}, "Hcamera2end": {"type": "ndarray", "data": [[0.9999932362072959, 0.002437541853403158, -0.0027542565915756054, -0.013766860922833163], [0.0027349182720070573, 0.007901621790242452, 0.9999650416865228, 0.028597650378316682], [0.0024592197349508453, -0.9999658107969475, 0.007894901867557036, 0.029223754138791438], [0.0, 0.0, 0.0, 1.0]]}, "Hobj2base": {"type": "ndarray", "data": [[0.9999817581136597, 0.002845125390595726, -0.00532810486249878, -0.7349920210873419], [0.002835575626191004, -0.9999943614756626, -0.001799035227649483, 0.08999843356030947], [-0.005333193300654601, 0.001783894165571447, -0.9999841872603907, 0.001429464558429776], [0.0, 0.0, 0.0, 1.0]]}, "mean_rme": {"type": "float", "data": 0.0017238391431697502}, "max_rme": {"type": "float", "data": 0.008357323747516576}, "simu": {"type": "float", "data": 0.002}}, {"type": "dict", "image_number": {"type": "int", "data": 29}, "Hcamera2end": {"type": "ndarray", "data": [[0.9999966661758681, 0.00036836704829423025, -0.0025557665909015054, -0.014238610535742947], [0.0025532692041029294, 0.006627721468951964, 0.9999747767441444, 0.02851048614262042], [0.0003852966659820705, -0.9999779685642317, 0.0066267588330539695, 0.02970109009673386], [0.0, 0.0, 0.0, 1.0]]}, "Hobj2base": {"type": "ndarray", "data": [[0.9999882521082829, 0.0008919632335566782, -0.004764456633365351, -0.7349883700869886], [0.0008826531607304297, -0.9999976978557812, -0.001955813522731312, 0.09001068582482485], [-0.0047661901786530255, 0.0019515851833392254, -0.9999867372852769, 0.00128059916704825], [0.0, 0.0, 0.0, 1.0]]}, "mean_rme": {"type": "float", "data": 0.0018663978792563727}, "max_rme": {"type": "float", "data": 0.00945929309202262}, "simu": {"type": "float", "data": 0.002}}, {"type": "dict", "image_number": {"type": "int", "data": 30}, "Hcamera2end": {"type": "ndarray", "data": [[0.9999972826352824, 0.00015718325199615157, -0.002325943996846218, -0.014289523017568976], [0.0023249363908144994, 0.0061323490478966125, 0.9999784942517181, 0.02852906109378192], [0.00017144337210722076, -0.9999811846172807, 0.006131966943005107, 0.029890656447694414], [0.0, 0.0, 0.0, 1.0]]}, "Hobj2base": {"type": "ndarray", "data": [[0.9999897864397618, 0.0005320561629065058, -0.004488199237911877, -0.7350203723848463], [0.0005241693427884721, -0.9999983169387088, -0.0017582281560500723, 0.09004534447063577], [-0.004489127160123697, 0.001755857621836048, -0.9999883822831899, 0.0012023778614313992], [0.0, 0.0, 0.0, 1.0]]}, "mean_rme": {"type": "float", "data": 0.0018910822004165335}, "max_rme": {"type": "float", "data": 0.009336035182400254}, "simu": {"type": "float", "data": 0.002}}]}