{"type": "list", "data": [{"type": "dict", "image_number": {"type": "int", "data": 5}, "Hcamera2end": {"type": "ndarray", "data": [[0.9994000689397328, -0.0015870173562916312, 0.034597450472082646, -0.017941328585821335], [-0.03463370878081935, -0.048441661431808614, 0.998225381190947, 0.03624552488985942], [9.175697673153432e-05, -0.9988247528038323, -0.048467564071452696, 0.03750534386332128], [0.0, 0.0, 0.0, 1.0]]}, "Hobj2base": {"type": "ndarray", "data": [[0.9988541797748778, 0.022614422126889702, 0.04217719120713205, -0.7147097660254617], [0.021102563036061096, -0.9991306685619656, 0.03595259340059939, 0.09539633188325583], [0.04295357237256528, -0.03502135135580288, -0.9984630667028445, -0.019195423611248617], [0.0, 0.0, 0.0, 1.0]]}, "mean_rme": {"type": "float", "data": 0.0026454406012275124}, "max_rme": {"type": "float", "data": 0.007793583048531616}, "simu": {"type": "float", "data": 0.002}}, {"type": "dict", "image_number": {"type": "int", "data": 6}, "Hcamera2end": {"type": "ndarray", "data": [[0.9999996148722334, 0.0008583396408045915, 0.00018305312294504154, -0.018511408124426202], [-0.00017363719545957515, -0.010957204017027156, 0.9999399529623033, 0.031966146228504536], [0.0008602938504658863, -0.9999395996424935, -0.010957050757415487, 0.04005885367934503], [0.0, 0.0, 0.0, 1.0]]}, "Hobj2base": {"type": "ndarray", "data": [[0.9999326026834505, 0.004691439738737437, 0.010619815623567236, -0.7355794865691493], [0.004660240242034096, -0.9999847580948864, 0.002960699038974582, 0.08637676359522477], [0.010633543698471056, -0.002911008603672314, -0.9999392250418639, -0.0011471275321513763], [0.0, 0.0, 0.0, 1.0]]}, "mean_rme": {"type": "float", "data": 0.003004627320351417}, "max_rme": {"type": "float", "data": 0.007330159946981163}, "simu": {"type": "float", "data": 0.002}}, {"type": "dict", "image_number": {"type": "int", "data": 7}, "Hcamera2end": {"type": "ndarray", "data": [[0.999996419103711, 0.0002121559345243634, 0.002667727425129076, -0.018298736025749312], [-0.002665045183791538, -0.011771824749478688, 0.9999271581851529, 0.03174769719072039], [0.00024354450042905957, -0.9999306871638288, -0.011771217190643668, 0.03902906477017246], [0.0, 0.0, 0.0, 1.0]]}, "Hobj2base": {"type": "ndarray", "data": [[0.9999267891034463, 0.0051908446459580275, 0.010930304896640486, -0.734460922063273], [0.0051503072223020386, -0.9999797670547401, 0.0037336063884392196, 0.08779633074304104], [0.01094946431511138, -0.003677038619517013, -0.9999332920841284, -0.0019211682056990659], [0.0, 0.0, 0.0, 1.0]]}, "mean_rme": {"type": "float", "data": 0.002724947366228255}, "max_rme": {"type": "float", "data": 0.007593330058863534}, "simu": {"type": "float", "data": 0.002}}, {"type": "dict", "image_number": {"type": "int", "data": 8}, "Hcamera2end": {"type": "ndarray", "data": [[0.9999952452012216, 0.0008482542588770885, 0.0029648001047016385, -0.018277835108109364], [-0.0029570124652137063, -0.00903928216975558, 0.9999547727048139, 0.032062794816110914], [0.0008750155593546484, -0.9999587850719487, -0.009036730891370581, 0.039139273366578145], [0.0, 0.0, 0.0, 1.0]]}, "Hobj2base": {"type": "ndarray", "data": [[0.9999653346253028, 0.0039481252858257435, 0.007330883605242713, -0.7358018542132337], [0.003907105644942425, -0.999976679304398, 0.005601372405793866, 0.0883430488904162], [0.007352827563968304, -0.0055725356954041405, -0.9999574404807126, -0.0015227245390544153], [0.0, 0.0, 0.0, 1.0]]}, "mean_rme": {"type": "float", "data": 0.0025091262516477304}, "max_rme": {"type": "float", "data": 0.0076731638370336475}, "simu": {"type": "float", "data": 0.002}}, {"type": "dict", "image_number": {"type": "int", "data": 9}, "Hcamera2end": {"type": "ndarray", "data": [[0.9999897559157404, -0.0011899603756959428, 0.004367156727460348, -0.019001686412080037], [-0.0043757621118776764, -0.007327653590237793, 0.9999635784361356, 0.03197534005993641], [-0.0011579160238050171, -0.9999724443639262, -0.007332785508663564, 0.037704352812091536], [0.0, 0.0, 0.0, 1.0]]}, "Hobj2base": {"type": "ndarray", "data": [[0.9999790886087563, 0.0023799148060606066, 0.006013181413956195, -0.7365889173449245], [0.0023397061268256173, -0.9999749181880107, 0.0066849659776086565, 0.08883589564311437], [0.006028940241978633, -0.0066707571082737, -0.9999595756225155, -0.0012635229804044597], [0.0, 0.0, 0.0, 1.0]]}, "mean_rme": {"type": "float", "data": 0.002690764402908864}, "max_rme": {"type": "float", "data": 0.011283795652222983}, "simu": {"type": "float", "data": 0.002}}, {"type": "dict", "image_number": {"type": "int", "data": 10}, "Hcamera2end": {"type": "ndarray", "data": [[0.9999920827295264, -0.0012056486193546614, 0.003792214349229068, -0.018647104451900792], [-0.0038022253482162356, -0.008412482824104117, 0.9999573856995784, 0.03207231258900083], [-0.0011736953034039831, -0.9999638876200184, -0.008417000367943794, 0.03797987906140175], [0.0, 0.0, 0.0, 1.0]]}, "Hobj2base": {"type": "ndarray", "data": [[0.9999712464830013, 0.003421960195255508, 0.006767303425645442, -0.7364354494994988], [0.003382361184427799, -0.9999771429460942, 0.0058543332826982725, 0.0888182507525492], [0.006787182040489398, -0.005831275485596563, -0.9999599643916555, -0.0015378418578716247], [0.0, 0.0, 0.0, 1.0]]}, "mean_rme": {"type": "float", "data": 0.00247851949501078}, "max_rme": {"type": "float", "data": 0.011145690354438104}, "simu": {"type": "float", "data": 0.002}}, {"type": "dict", "image_number": {"type": "int", "data": 11}, "Hcamera2end": {"type": "ndarray", "data": [[0.9999982571668791, -0.0012165709627227918, 0.001416198537340181, -0.017242378451839346], [-0.0014270476642462941, -0.008963700153112653, 0.9999588069588313, 0.03186448421726471], [-0.0012038264694190456, -0.9999590851803178, -0.008965420635629995, 0.037397733615815866], [0.0, 0.0, 0.0, 1.0]]}, "Hobj2base": {"type": "ndarray", "data": [[0.9999665188649448, 0.003930080988870434, 0.007177437742323992, -0.7355632027380719], [0.003903402697865451, -0.9999854356096967, 0.003727199466557544, 0.08855547085645739], [0.007191981403084581, -0.0036990582458416776, -0.9999672956510086, -0.001454101704482281], [0.0, 0.0, 0.0, 1.0]]}, "mean_rme": {"type": "float", "data": 0.002481063054075017}, "max_rme": {"type": "float", "data": 0.011145411269942451}, "simu": {"type": "float", "data": 0.002}}, {"type": "dict", "image_number": {"type": "int", "data": 12}, "Hcamera2end": {"type": "ndarray", "data": [[0.9999998307138191, -0.00037639082845772955, 0.00044373672082136757, -0.016171602492828847], [-0.0004470290487906721, -0.008792588099821419, 0.9999612445287749, 0.03166847997420958], [-0.00037247464704286007, -0.9999612736123589, -0.00879275486899167, 0.03809330771433572], [0.0, 0.0, 0.0, 1.0]]}, "Hobj2base": {"type": "ndarray", "data": [[0.9999697795827911, 0.004536119870345919, 0.006313757808624476, -0.7366362376263292], [0.0045238240801600575, -0.9999878458875622, 0.001960380790834405, 0.08861466724059607], [0.006322573592760913, -0.001931759217698064, -0.9999781464459556, -0.0017712156099592424], [0.0, 0.0, 0.0, 1.0]]}, "mean_rme": {"type": "float", "data": 0.002615782238100956}, "max_rme": {"type": "float", "data": 0.011004775390238836}, "simu": {"type": "float", "data": 0.002}}, {"type": "dict", "image_number": {"type": "int", "data": 13}, "Hcamera2end": {"type": "ndarray", "data": [[0.9999975701640125, -0.001841839316192874, 0.0012113191174295663, -0.015143423870664375], [-0.0012271652801472844, -0.00862679380353848, 0.9999620355263726, 0.03150224540578317], [-0.0018313195914763797, -0.9999610922713967, -0.008629033083104698, 0.03820084751166572], [0.0, 0.0, 0.0, 1.0]]}, "Hobj2base": {"type": "ndarray", "data": [[0.9999736873259123, 0.003146712484768961, 0.0065362723594323295, -0.7360572121866743], [0.0031252253533195734, -0.9999896879689629, 0.003294984404631449, 0.0901831612729014], [0.006546573325752067, -0.0032744703806867857, -0.9999732097518494, -0.0022678153658915626], [0.0, 0.0, 0.0, 1.0]]}, "mean_rme": {"type": "float", "data": 0.0027075945756604735}, "max_rme": {"type": "float", "data": 0.011562266606963023}, "simu": {"type": "float", "data": 0.002}}, {"type": "dict", "image_number": {"type": "int", "data": 14}, "Hcamera2end": {"type": "ndarray", "data": [[0.9999954122465343, -0.002549126215669539, 0.001636288917143663, -0.015192405536629261], [-0.0016577834018788589, -0.008452930567368178, 0.999962899171272, 0.032045102333906006], [-0.0025352002043696363, -0.9999610242006233, -0.008457117686536453, 0.03813098157983296], [0.0, 0.0, 0.0, 1.0]]}, "Hobj2base": {"type": "ndarray", "data": [[0.9999745246714747, 0.0024462312318658743, 0.006705666321729017, -0.7359073575180534], [0.0024262395162866035, -0.9999925930828291, 0.0029878322055769038, 0.09001896980265948], [0.006712925581870854, -0.0029714865369570775, -0.9999730530858781, -0.0028467808103201297], [0.0, 0.0, 0.0, 1.0]]}, "mean_rme": {"type": "float", "data": 0.002645685659722323}, "max_rme": {"type": "float", "data": 0.011611141184641044}, "simu": {"type": "float", "data": 0.002}}, {"type": "dict", "image_number": {"type": "int", "data": 15}, "Hcamera2end": {"type": "ndarray", "data": [[0.9999903536962743, -0.0033826889057473226, 0.0028017726829672068, -0.015665646855996994], [-0.002831368612265025, -0.008776376962003507, 0.9999574783755568, 0.031767291795291475], [-0.003357955655092501, -0.999955765333241, -0.008785869941598357, 0.037950488510225665], [0.0, 0.0, 0.0, 1.0]]}, "Hobj2base": {"type": "ndarray", "data": [[0.9999734748749639, 0.001968132215308064, 0.007012560307976379, -0.7354917537891574], [0.0019407437955221724, -0.9999904715271339, 0.0039102900736740194, 0.09016333510561099], [0.00702018945685096, -0.003896576769832458, -0.9999677662952273, -0.0025970396993767464], [0.0, 0.0, 0.0, 1.0]]}, "mean_rme": {"type": "float", "data": 0.0025806971826088476}, "max_rme": {"type": "float", "data": 0.011543030267221421}, "simu": {"type": "float", "data": 0.002}}, {"type": "dict", "image_number": {"type": "int", "data": 16}, "Hcamera2end": {"type": "ndarray", "data": [[0.9999942757346504, -0.00221101108674313, 0.002561235621020004, -0.015497066807149108], [-0.0025817812794712417, -0.00934013280912005, 0.9999530470599772, 0.03161132466499974], [-0.002186984992416408, -0.9999539356135773, -0.009345787690753893, 0.038378437721070316], [0.0, 0.0, 0.0, 1.0]]}, "Hobj2base": {"type": "ndarray", "data": [[0.999967652228635, 0.003388356746322544, 0.007294760785054226, -0.7355124346224691], [0.003361233079311075, -0.9999874046166675, 0.0037272939524271814, 0.08984402531417403], [0.007307298306355053, -0.0037026539915182128, -0.9999664463095153, -0.0024748879735227436], [0.0, 0.0, 0.0, 1.0]]}, "mean_rme": {"type": "float", "data": 0.0025562507184725613}, "max_rme": {"type": "float", "data": 0.011856633212156825}, "simu": {"type": "float", "data": 0.002}}, {"type": "dict", "image_number": {"type": "int", "data": 17}, "Hcamera2end": {"type": "ndarray", "data": [[0.9999945096157123, -0.002361303820898227, 0.0023248618661124653, -0.015190995047023476], [-0.0023451301572490154, -0.008617328396008928, 0.9999601202127317, 0.031613408700859234], [-0.0023411755544285244, -0.999960082151073, -0.008622818648365227, 0.038044883962237236], [0.0, 0.0, 0.0, 1.0]]}, "Hobj2base": {"type": "ndarray", "data": [[0.999970658846235, 0.0033166751445418722, 0.006905151165042863, -0.7356971671791369], [0.0032945406585511844, -0.9999894067149457, 0.0032144143696467647, 0.08995893025684883], [0.006915739185052295, -0.003191570753753805, -0.9999709927931149, -0.00252027605213932], [0.0, 0.0, 0.0, 1.0]]}, "mean_rme": {"type": "float", "data": 0.002466602890393823}, "max_rme": {"type": "float", "data": 0.011679053204266238}, "simu": {"type": "float", "data": 0.002}}, {"type": "dict", "image_number": {"type": "int", "data": 18}, "Hcamera2end": {"type": "ndarray", "data": [[0.9999949181630315, -0.0021283139052391685, 0.002373589693419999, -0.015313794369773153], [-0.002392069872016504, -0.008722922756568385, 0.9999590934734832, 0.03182724879272306], [-0.0021075222037584777, -0.9999596896367893, -0.008727969503667943, 0.03753074341195706], [0.0, 0.0, 0.0, 1.0]]}, "Hobj2base": {"type": "ndarray", "data": [[0.9999716182369102, 0.0036244861802318257, 0.006604984525689964, -0.7352532738127977], [0.0036017666397779157, -0.9999875677903336, 0.0034484114959950924, 0.09001143894772155], [0.006617401130948484, -0.0034245240110760975, -0.9999722409335019, -0.002843269356749198], [0.0, 0.0, 0.0, 1.0]]}, "mean_rme": {"type": "float", "data": 0.0024971802196192723}, "max_rme": {"type": "float", "data": 0.011590941109372088}, "simu": {"type": "float", "data": 0.002}}, {"type": "dict", "image_number": {"type": "int", "data": 19}, "Hcamera2end": {"type": "ndarray", "data": [[0.9999956089966993, -0.0017557545526363022, 0.0023873234534590414, -0.015005732430161643], [-0.0024023054112193905, -0.008581036631393868, 0.9999602965813403, 0.031854115946392855], [-0.0017351991331731175, -0.9999616408324281, -0.00858521681069635, 0.037390053689064985], [0.0, 0.0, 0.0, 1.0]]}, "Hobj2base": {"type": "ndarray", "data": [[0.9999726271667856, 0.0037551097622464933, 0.006375270020185769, -0.7353278878018198], [0.0037350161365128265, -0.999988029447348, 0.003160793645523844, 0.0902389799437168], [0.006387062831755075, -0.0031368953892465393, -0.9999746823373579, -0.0030066718426364943], [0.0, 0.0, 0.0, 1.0]]}, "mean_rme": {"type": "float", "data": 0.002448768602163824}, "max_rme": {"type": "float", "data": 0.011519367879228776}, "simu": {"type": "float", "data": 0.002}}, {"type": "dict", "image_number": {"type": "int", "data": 20}, "Hcamera2end": {"type": "ndarray", "data": [[0.999997509985512, -0.0018657868042989642, 0.00122428035058458, -0.014892469977211718], [-0.0012408399178385045, -0.008900218940047333, 0.9999596223943832, 0.03200097692240194], [-0.0018548151051310147, -0.9999586516163657, -0.008902511921118128, 0.037753374538509646], [0.0, 0.0, 0.0, 1.0]]}, "Hobj2base": {"type": "ndarray", "data": [[0.9999741738582673, 0.0033504655880693245, 0.006358144133236138, -0.735665242936652], [0.003334180776525017, -0.9999911388062279, 0.002570125983678531, 0.08986537076851445], [0.006366698911154263, -0.002548860405297194, -0.9999764839513019, -0.003057582549651308], [0.0, 0.0, 0.0, 1.0]]}, "mean_rme": {"type": "float", "data": 0.002408436406025223}, "max_rme": {"type": "float", "data": 0.011359839634847657}, "simu": {"type": "float", "data": 0.002}}, {"type": "dict", "image_number": {"type": "int", "data": 21}, "Hcamera2end": {"type": "ndarray", "data": [[0.999995165238275, -0.0025526093639605084, 0.001775861906248856, -0.01498690895988076], [-0.0017971529470750612, -0.008362941123643886, 0.9999634150592948, 0.03191076480618357], [-0.002537664548332603, -0.9999617719699078, -0.00836748812025756, 0.037801074214269016], [0.0, 0.0, 0.0, 1.0]]}, "Hobj2base": {"type": "ndarray", "data": [[0.9999797280151939, 0.0024434562936332706, 0.005879887754036079, -0.7359662876845972], [0.002428832125107339, -0.9999939428252616, 0.0024930076806432347, 0.09013898593210445], [0.005885943693835853, -0.0024786758821603826, -0.9999796057083885, -0.002969806962640275], [0.0, 0.0, 0.0, 1.0]]}, "mean_rme": {"type": "float", "data": 0.002374973449295395}, "max_rme": {"type": "float", "data": 0.011272544851648136}, "simu": {"type": "float", "data": 0.002}}, {"type": "dict", "image_number": {"type": "int", "data": 22}, "Hcamera2end": {"type": "ndarray", "data": [[0.9999953719436409, -0.002501898792653035, 0.0017310672230324876, -0.015015878698880382], [-0.0017517228881457417, -0.008277520736747146, 0.9999642064180976, 0.031957655877574195], [-0.002487480295898334, -0.9999626108774686, -0.00828186506129347, 0.03782186044810386], [0.0, 0.0, 0.0, 1.0]]}, "Hobj2base": {"type": "ndarray", "data": [[0.9999792687049782, 0.0024255691480267517, 0.0059647945953903245, -0.7360480226447653], [0.0024089968379875956, -0.999993223097523, 0.0027839707725353722, 0.09012089683530083], [0.005971506886173926, -0.002769543885896414, -0.9999783351314031, -0.0030114854305539895], [0.0, 0.0, 0.0, 1.0]]}, "mean_rme": {"type": "float", "data": 0.0022984653534738504}, "max_rme": {"type": "float", "data": 0.011263157725367068}, "simu": {"type": "float", "data": 0.002}}, {"type": "dict", "image_number": {"type": "int", "data": 23}, "Hcamera2end": {"type": "ndarray", "data": [[0.9999917498530491, -0.0031928793548781026, 0.0025111247006552617, -0.015364769582572397], [-0.0025375235954331766, -0.008291060430108077, 0.9999624089389295, 0.031526543325240915], [-0.0031719394445146125, -0.9999605311402894, -0.008299094034341481, 0.037799328042652486], [0.0, 0.0, 0.0, 1.0]]}, "Hobj2base": {"type": "ndarray", "data": [[0.9999793662078915, 0.0016297865149301686, 0.006213771349131081, -0.7360464824705363], [0.0016097399521647665, -0.9999934885814303, 0.003229788232480227, 0.09056679571788502], [0.006218994753972308, -0.0032197190337069706, -0.9999754784561439, -0.0027937128608266264], [0.0, 0.0, 0.0, 1.0]]}, "mean_rme": {"type": "float", "data": 0.002293698015728331}, "max_rme": {"type": "float", "data": 0.011128124665321731}, "simu": {"type": "float", "data": 0.002}}, {"type": "dict", "image_number": {"type": "int", "data": 24}, "Hcamera2end": {"type": "ndarray", "data": [[0.999987219081929, -0.0035861846918582917, 0.003563839523051728, -0.015762440846430324], [-0.0035925596727507596, -0.008034236386162297, 0.9999612715303974, 0.031187915192640067], [-0.0035574130752429175, -0.9999612944134624, -0.008047017283748348, 0.03764623973199146], [0.0, 0.0, 0.0, 1.0]]}, "Hobj2base": {"type": "ndarray", "data": [[0.9999797154775923, 0.001221849200399914, 0.006251057341356152, -0.7359933416032841], [0.0011983014200856242, -0.9999921779420762, 0.0037693671045362347, 0.0906438624651077], [0.006255614043406237, -0.003761799993835556, -0.9999733577219672, -0.0024111319334289122], [0.0, 0.0, 0.0, 1.0]]}, "mean_rme": {"type": "float", "data": 0.0023241504775746956}, "max_rme": {"type": "float", "data": 0.011096974710405688}, "simu": {"type": "float", "data": 0.002}}, {"type": "dict", "image_number": {"type": "int", "data": 25}, "Hcamera2end": {"type": "ndarray", "data": [[0.9999926937389777, -0.003709115561183066, 0.0009246244735162488, -0.014757828912055331], [-0.0009498210917137338, -0.006797160926351742, 0.9999764479442679, 0.0313953609334363], [-0.0037027433825437195, -0.9999700200831498, -0.0068006342607114245, 0.036734693815059886], [0.0, 0.0, 0.0, 1.0]]}, "Hobj2base": {"type": "ndarray", "data": [[0.9999836428032429, 0.0007930917316996752, 0.0056643738807851726, -0.7355270694997634], [0.0007839712489601916, -0.999998393119226, 0.0016121873484688303, 0.09035527392103555], [0.005665643391267709, -0.0016077202713372656, -0.9999826577098683, -0.002814248897253806], [0.0, 0.0, 0.0, 1.0]]}, "mean_rme": {"type": "float", "data": 0.002417316181648596}, "max_rme": {"type": "float", "data": 0.011251530336086474}, "simu": {"type": "float", "data": 0.002}}, {"type": "dict", "image_number": {"type": "int", "data": 26}, "Hcamera2end": {"type": "ndarray", "data": [[0.9999925099685634, -0.0038490300310729583, 0.00040617064457004076, -0.014242236624155385], [-0.00043334514434421943, -0.007061888311953313, 0.9999749706594937, 0.03152386472015263], [-0.0038460653606621443, -0.9999676568276042, -0.007063503376662172, 0.0368798719955927], [0.0, 0.0, 0.0, 1.0]]}, "Hobj2base": {"type": "ndarray", "data": [[0.9999830538779108, 0.0004369438510401346, 0.005805259432489766, -0.7354688147234335], [0.0004311987510879189, -0.9999994161399646, 0.000990851839049857, 0.09049745509838535], [0.005805688989649154, -0.0009883318273365893, -0.9999826584374123, -0.003205936702163211], [0.0, 0.0, 0.0, 1.0]]}, "mean_rme": {"type": "float", "data": 0.0023760323530693924}, "max_rme": {"type": "float", "data": 0.011306315332681532}, "simu": {"type": "float", "data": 0.002}}, {"type": "dict", "image_number": {"type": "int", "data": 27}, "Hcamera2end": {"type": "ndarray", "data": [[0.9999931567948079, -0.0036912965420616735, 0.0002463602913829776, -0.014208217194278498], [-0.0002690691451570106, -0.0061527662043170395, 0.9999810353550863, 0.031556133849663416], [-0.003689710740658575, -0.9999742585676262, -0.006153717313680529, 0.03625802593121337], [0.0, 0.0, 0.0, 1.0]]}, "Hobj2base": {"type": "ndarray", "data": [[0.9999874464916546, 0.0001765326036007069, 0.00500756381287977, -0.7353724950180323], [0.0001715566617042367, -0.9999994911692967, 0.0009940973086437887, 0.09047093493263317], [0.005007736755463682, -0.00099322574830392, -0.9999869679526829, -0.0029717621978452642], [0.0, 0.0, 0.0, 1.0]]}, "mean_rme": {"type": "float", "data": 0.0023260141774265556}, "max_rme": {"type": "float", "data": 0.011271679725064127}, "simu": {"type": "float", "data": 0.002}}, {"type": "dict", "image_number": {"type": "int", "data": 28}, "Hcamera2end": {"type": "ndarray", "data": [[0.9999966212920097, -0.0024777100257170237, 0.0007863571664761371, -0.014287155552958314], [-0.0008008600501702572, -0.0058577966796466985, 0.9999825222678845, 0.03151776319221342], [-0.0024730604005661337, -0.9999797733809862, -0.005859761186837842, 0.03620403890918896], [0.0, 0.0, 0.0, 1.0]]}, "Hobj2base": {"type": "ndarray", "data": [[0.9999881171870334, 0.001095176108873506, 0.00475037619798785, -0.7353805270202118], [0.001087789331493524, -0.9999981957748683, 0.0015572929647192093, 0.09047705173712951], [0.004752073137289208, -0.0015521070511494235, -0.9999875043042283, -0.002912878502140549], [0.0, 0.0, 0.0, 1.0]]}, "mean_rme": {"type": "float", "data": 0.0023479655615211877}, "max_rme": {"type": "float", "data": 0.0115686162939454}, "simu": {"type": "float", "data": 0.002}}, {"type": "dict", "image_number": {"type": "int", "data": 29}, "Hcamera2end": {"type": "ndarray", "data": [[0.9999966420789483, -0.002491175577269443, 0.0007140553696230755, -0.014242320783142262], [-0.0007258233999789716, -0.004726184780207809, 0.9999885681135637, 0.030947107644429928], [-0.0024877723408130124, -0.9999857285089956, -0.004727977063579969, 0.03578414060263075], [0.0, 0.0, 0.0, 1.0]]}, "Hobj2base": {"type": "ndarray", "data": [[0.9999904533082935, 0.0008871168038388222, 0.004278588090704444, -0.7352192536138532], [0.0008800109452064692, -0.9999982310152549, 0.001662391980407123, 0.09088763415205073], [0.004280055257807768, -0.0016586109057135409, -0.9999894650129335, -0.0023997417723465252], [0.0, 0.0, 0.0, 1.0]]}, "mean_rme": {"type": "float", "data": 0.0024613408948672296}, "max_rme": {"type": "float", "data": 0.011887783891958187}, "simu": {"type": "float", "data": 0.002}}, {"type": "dict", "image_number": {"type": "int", "data": 30}, "Hcamera2end": {"type": "ndarray", "data": [[0.9999956719138553, -0.002593746957152708, 0.0013887513382072258, -0.01465460846166545], [-0.0013998885916103295, -0.004297017706071493, 0.9999897879232392, 0.030214040612694004], [-0.002587752980520076, -0.9999874039784481, -0.0043006300649834905, 0.03551833706398486], [0.0, 0.0, 0.0, 1.0]]}, "Hobj2base": {"type": "ndarray", "data": [[0.9999916963713379, 0.00041967731775186044, 0.004053524308916712, -0.7352353010205703], [0.00040950053787120713, -0.9999967633272988, 0.0025111041866822397, 0.09142701183462144], [0.004054565042454899, -0.002509423415020766, -0.9999886315836002, -0.0016929253277892262], [0.0, 0.0, 0.0, 1.0]]}, "mean_rme": {"type": "float", "data": 0.0025071009588334505}, "max_rme": {"type": "float", "data": 0.011818623267146805}, "simu": {"type": "float", "data": 0.002}}]}