{"type": "list", "data": [{"type": "dict", "image_number": {"type": "int", "data": 5}, "Hcamera2end": {"type": "ndarray", "data": [[0.9994619697281703, -0.013250442033481743, -0.030003280704007426, -0.013749816943112232], [0.030077936437908837, 0.005471286359637895, 0.9995325821428774, 0.030073153650838423], [-0.013080091999800304, -0.9998972401259482, 0.0058668885952077865, 0.03651401207659352], [0.0, 0.0, 0.0, 1.0]]}, "Hobj2base": {"type": "ndarray", "data": [[0.9999413133386662, -0.010415813254894712, 0.0029800524798330326, -0.7384525207853911], [-0.010325658206196207, -0.9995313383121844, -0.028818128226218376, 0.07909136321635234], [0.0032788200853679553, 0.028785665983143603, -0.9995802292826501, 0.0043748400053056245], [0.0, 0.0, 0.0, 1.0]]}, "mean_rme": {"type": "float", "data": 0.0011959641731546348}, "max_rme": {"type": "float", "data": 0.003924402629043255}, "simu": {"type": "float", "data": 0.002}}, {"type": "dict", "image_number": {"type": "int", "data": 6}, "Hcamera2end": {"type": "ndarray", "data": [[0.9999132613433518, -0.012002431909898498, -0.005423229476063284, -0.011627009465961617], [0.005382050717576796, -0.003460512970302032, 0.9999795289804967, 0.029995210032487122], [-0.012020953363823621, -0.9999219801955705, -0.003395615112782302, 0.03582753710900485], [0.0, 0.0, 0.0, 1.0]]}, "Hobj2base": {"type": "ndarray", "data": [[0.9999388606337172, -0.006323916319562366, 0.009071001980304806, -0.7341341764260537], [-0.006278826438593872, -0.9999678342729501, -0.004990667091686151, 0.09075488781540302], [0.009102270765997655, 0.004933406718404362, -0.999946403646242, -0.0017413046440311979], [0.0, 0.0, 0.0, 1.0]]}, "mean_rme": {"type": "float", "data": 0.0012938798951237375}, "max_rme": {"type": "float", "data": 0.004096274803091493}, "simu": {"type": "float", "data": 0.002}}, {"type": "dict", "image_number": {"type": "int", "data": 7}, "Hcamera2end": {"type": "ndarray", "data": [[0.9999301055757507, -0.01149889158577116, 0.0027494464109599943, -0.012537444725696262], [-0.0027790673250105025, -0.00256079508678142, 0.99999285953117, 0.029835003682937667], [-0.011491768709433659, -0.9999306065026823, -0.002592572295363027, 0.03713367167707754], [0.0, 0.0, 0.0, 1.0]]}, "Hobj2base": {"type": "ndarray", "data": [[0.999957050651546, -0.005397276844638797, 0.007534338386598582, -0.7361748283443228], [-0.005418563778242079, -0.9999813776122628, 0.0028077740759829637, 0.09361687477252843], [0.007519043745222525, -0.002848478776990436, -0.9999676745524397, -0.0018175416965469093], [0.0, 0.0, 0.0, 1.0]]}, "mean_rme": {"type": "float", "data": 0.0014056216704335228}, "max_rme": {"type": "float", "data": 0.0042194355402745964}, "simu": {"type": "float", "data": 0.002}}, {"type": "dict", "image_number": {"type": "int", "data": 8}, "Hcamera2end": {"type": "ndarray", "data": [[0.9999239809838469, -0.01216189091893947, -0.0020299415486779836, -0.012581919915440411], [0.0019766546216248987, -0.0043918867156587105, 0.9999884020165353, 0.030095369522997965], [-0.012170665138850893, -0.9999163963753934, -0.004367512990858913, 0.039481116735104384], [0.0, 0.0, 0.0, 1.0]]}, "Hobj2base": {"type": "ndarray", "data": [[0.9999473854078758, -0.0062770258401842706, 0.00811328309347608, -0.7383237968537619], [-0.006269269326450809, -0.9999798666438326, -0.0009811060569891513, 0.09169038363122439], [0.008119278173929555, 0.0009301900796593905, -0.9999666054765779, -0.0017742784041791873], [0.0, 0.0, 0.0, 1.0]]}, "mean_rme": {"type": "float", "data": 0.0015625192445204328}, "max_rme": {"type": "float", "data": 0.005158657306885028}, "simu": {"type": "float", "data": 0.002}}, {"type": "dict", "image_number": {"type": "int", "data": 9}, "Hcamera2end": {"type": "ndarray", "data": [[0.9999593523592258, -0.008970249332282779, 0.0009100858390211301, -0.013133285667427936], [-0.0009551512580236281, -0.0050208727940499465, 0.9999869391759375, 0.029417501691168725], [-0.008965562748205062, -0.999947161335689, -0.005029236652350777, 0.038632189194904604], [0.0, 0.0, 0.0, 1.0]]}, "Hobj2base": {"type": "ndarray", "data": [[0.9999622268842863, -0.0033839093759531077, 0.008005870468258137, -0.7368472957387122], [-0.003392981852924889, -0.999993616709165, 0.0011199174391957139, 0.09140506617916996], [0.008002029665335758, -0.0011470389096403604, -0.9999673253776724, -0.0011439166041572653], [0.0, 0.0, 0.0, 1.0]]}, "mean_rme": {"type": "float", "data": 0.0019093656863474616}, "max_rme": {"type": "float", "data": 0.006957531521162658}, "simu": {"type": "float", "data": 0.002}}, {"type": "dict", "image_number": {"type": "int", "data": 10}, "Hcamera2end": {"type": "ndarray", "data": [[0.9999644061547781, -0.008279022788491339, 0.0016261012236590297, -0.013871929587040553], [-0.0016521199786141147, -0.003136864086477509, 0.9999937152718907, 0.029336079310788743], [-0.008273869898554628, -0.9999608081646854, -0.003150430372374835, 0.03736797683267855], [0.0, 0.0, 0.0, 1.0]]}, "Hobj2base": {"type": "ndarray", "data": [[0.9999751966983986, -0.002961375899541486, 0.006390323996520187, -0.7365468421370167], [-0.0029711362141198955, -0.9999944333811182, 0.0015184058659741067, 0.09105149018701757], [0.006385791853484748, -0.00153735472754148, -0.9999784288687661, -0.00106372065189394], [0.0, 0.0, 0.0, 1.0]]}, "mean_rme": {"type": "float", "data": 0.001915822381046209}, "max_rme": {"type": "float", "data": 0.007151092424289268}, "simu": {"type": "float", "data": 0.002}}, {"type": "dict", "image_number": {"type": "int", "data": 11}, "Hcamera2end": {"type": "ndarray", "data": [[0.9999649748460501, -0.008127241110368161, 0.001999258130532055, -0.013939866467439532], [-0.0020111485620858058, -0.0014551248616598844, 0.9999969189418029, 0.028756425208896045], [-0.008124306899654703, -0.9999659147008818, -0.0014714189849602821, 0.036717894959078574], [0.0, 0.0, 0.0, 1.0]]}, "Hobj2base": {"type": "ndarray", "data": [[0.9999756702222709, -0.004332711995825897, 0.005466861099513947, -0.7362374891172585], [-0.004342574581058481, -0.999988962661444, 0.0017934885831087477, 0.09174082214817968], [0.00545903009041874, -0.0018171851999790878, -0.999983448277231, -0.0006165787232043439], [0.0, 0.0, 0.0, 1.0]]}, "mean_rme": {"type": "float", "data": 0.001973176763735253}, "max_rme": {"type": "float", "data": 0.007610411784964716}, "simu": {"type": "float", "data": 0.002}}, {"type": "dict", "image_number": {"type": "int", "data": 12}, "Hcamera2end": {"type": "ndarray", "data": [[0.9999551442665215, -0.008957885911361128, 0.003076643450110606, -0.014928806108397202], [-0.003094559853119898, -0.0019868972278747066, 0.999993237946498, 0.02880424989635271], [-0.008951712363315146, -0.9999579033736394, -0.002014528818252481, 0.03600614012600855], [0.0, 0.0, 0.0, 1.0]]}, "Hobj2base": {"type": "ndarray", "data": [[0.9999701970098303, -0.004536948862986983, 0.006246694096546869, -0.7350878364310188], [-0.004550753240300914, -0.9999872308877542, 0.0021974317706253, 0.09159306086593494], [0.0062366446962355574, -0.0022257934439888706, -0.9999780748128815, -0.000876939443300769], [0.0, 0.0, 0.0, 1.0]]}, "mean_rme": {"type": "float", "data": 0.0020148788273909026}, "max_rme": {"type": "float", "data": 0.008009094002635692}, "simu": {"type": "float", "data": 0.002}}, {"type": "dict", "image_number": {"type": "int", "data": 13}, "Hcamera2end": {"type": "ndarray", "data": [[0.9999588374662027, -0.00830524518145904, 0.003653255495599881, -0.01557517020303559], [-0.003655278044574514, -0.00022836044496132857, 0.9999932933744727, 0.028922533630252947], [-0.008304355222239164, -0.9999654847813414, -0.00025870902543334573, 0.03484961020290763], [0.0, 0.0, 0.0, 1.0]]}, "Hobj2base": {"type": "ndarray", "data": [[0.9999775904486307, -0.004809415826805145, 0.004657050563981358, -0.735068420318476], [-0.004823933666223805, -0.9999835249423394, 0.003111190749029871, 0.09132410145336403], [0.004642010828776196, -0.003133586331641857, -0.9999843160630906, -0.00024026143691432752], [0.0, 0.0, 0.0, 1.0]]}, "mean_rme": {"type": "float", "data": 0.001971308948769901}, "max_rme": {"type": "float", "data": 0.007790172677020063}, "simu": {"type": "float", "data": 0.002}}, {"type": "dict", "image_number": {"type": "int", "data": 14}, "Hcamera2end": {"type": "ndarray", "data": [[0.9999620986964439, -0.007741351696723961, 0.0039840487585975325, -0.0158320854277309], [-0.00399000131356115, -0.0007536375731356237, 0.9999917559259809, 0.028897168713669208], [-0.007738285347609881, -0.999969751294666, -0.0007844970127277584, 0.03490552698899899], [0.0, 0.0, 0.0, 1.0]]}, "Hobj2base": {"type": "ndarray", "data": [[0.9999822479823369, -0.00392547573453498, 0.004482673359682834, -0.7351004847619943], [-0.003939518337413358, -0.9999873474533261, 0.003128119008253775, 0.09107796926938308], [0.00447033728718729, -0.003145723051730993, -0.9999850601439104, -6.383436564584764e-06], [0.0, 0.0, 0.0, 1.0]]}, "mean_rme": {"type": "float", "data": 0.0019400359789614368}, "max_rme": {"type": "float", "data": 0.00774393269846782}, "simu": {"type": "float", "data": 0.002}}, {"type": "dict", "image_number": {"type": "int", "data": 15}, "Hcamera2end": {"type": "ndarray", "data": [[0.9999533488904188, -0.008507784461119083, 0.004573581353766112, -0.016064518931896157], [-0.004571443523205628, 0.00027070926366856707, 0.9999895142553289, 0.02873434467367782], [-0.008508933361504113, -0.9999637715037769, 0.00023180377860942958, 0.034689713477925634], [0.0, 0.0, 0.0, 1.0]]}, "Hobj2base": {"type": "ndarray", "data": [[0.9999787164292292, -0.0048933578365104044, 0.004315291141392766, -0.7352826080460695], [-0.004907742395202345, -0.9999824153342205, 0.003329127050928783, 0.09119889933667305], [0.004298924648496901, -0.0033502345324998442, -0.9999851474774233, 0.0002563129100555561], [0.0, 0.0, 0.0, 1.0]]}, "mean_rme": {"type": "float", "data": 0.0019030531823545109}, "max_rme": {"type": "float", "data": 0.007797390351433925}, "simu": {"type": "float", "data": 0.002}}, {"type": "dict", "image_number": {"type": "int", "data": 16}, "Hcamera2end": {"type": "ndarray", "data": [[0.9999572608254649, -0.008017212810816625, 0.004604434946799123, -0.015787051728488356], [-0.004596431536721525, 0.0010164180337418616, 0.9999889197943689, 0.028768933455502358], [-0.00802180400916521, -0.9999673450633909, 0.0009795240230738855, 0.034192178694184144], [0.0, 0.0, 0.0, 1.0]]}, "Hobj2base": {"type": "ndarray", "data": [[0.9999812418610939, -0.005050044060653779, 0.003465974744550049, -0.7354511823459533], [-0.005062370114959913, -0.9999808606396303, 0.00355679114421373, 0.09144481494835068], [0.003447946456017558, -0.003574270472397403, -0.9999876680518749, 0.0002619327050251141], [0.0, 0.0, 0.0, 1.0]]}, "mean_rme": {"type": "float", "data": 0.0018851078545532758}, "max_rme": {"type": "float", "data": 0.007856930007195478}, "simu": {"type": "float", "data": 0.002}}, {"type": "dict", "image_number": {"type": "int", "data": 17}, "Hcamera2end": {"type": "ndarray", "data": [[0.999970696135552, -0.005994839135539052, 0.004761173586251362, -0.015975086595282285], [-0.004760248993884129, 0.00016849061670132226, 0.9999886557558681, 0.02868345345992891], [-0.005995573341694137, -0.9999820165956241, 0.00013994875231171378, 0.03448279868035268], [0.0, 0.0, 0.0, 1.0]]}, "Hobj2base": {"type": "ndarray", "data": [[0.9999891924037916, -0.003635126944447241, 0.0028984353900662813, -0.7357610630677028], [-0.003645771914435367, -0.9999865980558482, 0.003675874839996846, 0.09114246258967264], [0.0028850342737217678, -0.0036864021469667717, -0.9999890434482019, 0.0005088115142330952], [0.0, 0.0, 0.0, 1.0]]}, "mean_rme": {"type": "float", "data": 0.0019133699333329145}, "max_rme": {"type": "float", "data": 0.007556146850536377}, "simu": {"type": "float", "data": 0.002}}, {"type": "dict", "image_number": {"type": "int", "data": 18}, "Hcamera2end": {"type": "ndarray", "data": [[0.9999731880356075, -0.005069329628192897, 0.005284421162640127, -0.016186810358769513], [-0.005282377488069724, 0.00041644949689501054, 0.9999859614304043, 0.028559318340190456], [-0.0050714591565906705, -0.9999870641498005, 0.0003896602183584008, 0.03441309544596622], [0.0, 0.0, 0.0, 1.0]]}, "Hobj2base": {"type": "ndarray", "data": [[0.999991521272624, -0.003257756919635294, 0.002518809781583616, -0.7357341683491255], [-0.0032678327442791505, -0.9999866344479251, 0.004006519021185833, 0.09104841102948186], [0.002505723851235395, -0.004014716100084194, -0.9999888016386069, 0.0007092998484484655], [0.0, 0.0, 0.0, 1.0]]}, "mean_rme": {"type": "float", "data": 0.001903517899805192}, "max_rme": {"type": "float", "data": 0.007822445638295122}, "simu": {"type": "float", "data": 0.002}}, {"type": "dict", "image_number": {"type": "int", "data": 19}, "Hcamera2end": {"type": "ndarray", "data": [[0.9999705344984591, -0.005121346836589046, 0.005718561134190945, -0.016528739825496828], [-0.005717943864783402, 0.00013516261865142987, 0.9999836432907419, 0.028469764892496325], [-0.005122036003905645, -0.9999868766827122, 0.00010587506229331467, 0.03457760873651466], [0.0, 0.0, 0.0, 1.0]]}, "Hobj2base": {"type": "ndarray", "data": [[0.9999902865655571, -0.003418640538528621, 0.0027820264922103315, -0.7357737609756844], [-0.0034309251016859236, -0.9999843329579248, 0.004422961862821231, 0.0909649863690358], [0.0027668623893596185, -0.004432463825196813, -0.9999863487753, 0.0006561465109865958], [0.0, 0.0, 0.0, 1.0]]}, "mean_rme": {"type": "float", "data": 0.0019002475747870273}, "max_rme": {"type": "float", "data": 0.007706277107922349}, "simu": {"type": "float", "data": 0.002}}, {"type": "dict", "image_number": {"type": "int", "data": 20}, "Hcamera2end": {"type": "ndarray", "data": [[0.9999707942879877, -0.0055967701144899835, 0.005204491842298478, -0.016390386787782957], [-0.005209970694526414, -0.0009647973409974142, 0.9999859625872022, 0.028566420121309343], [-0.00559167027042686, -0.9999838725351408, -0.0009939281716846438, 0.03448468263315445], [0.0, 0.0, 0.0, 1.0]]}, "Hobj2base": {"type": "ndarray", "data": [[0.9999860575258079, -0.0034002580286817503, 0.0040401731806724, -0.735089433829137], [-0.0034163792481206514, -0.9999862038275944, 0.003990051041007152, 0.0909283598583385], [0.004026550238659617, -0.00400379817363675, -0.9999838781167225, 0.0001772615477973416], [0.0, 0.0, 0.0, 1.0]]}, "mean_rme": {"type": "float", "data": 0.001931838867161322}, "max_rme": {"type": "float", "data": 0.007785065891515147}, "simu": {"type": "float", "data": 0.002}}, {"type": "dict", "image_number": {"type": "int", "data": 21}, "Hcamera2end": {"type": "ndarray", "data": [[0.9999713595347978, -0.005706777123496265, 0.004971197540925327, -0.01626299774579803], [-0.004981790084359795, -0.0018434218923242263, 0.9999858916821188, 0.02868192323699788], [-0.005697532596092519, -0.9999820170836021, -0.0018717990615511049, 0.03499844658245206], [0.0, 0.0, 0.0, 1.0]]}, "Hobj2base": {"type": "ndarray", "data": [[0.9999830273241828, -0.0033267295490021593, 0.004783088340242673, -0.7350197199706504], [-0.003345216871346971, -0.9999869457936863, 0.0038623524307019414, 0.09083155329434241], [0.004770176898860786, -0.003878287344059166, -0.9999811019712475, -4.3402193310623384e-05], [0.0, 0.0, 0.0, 1.0]]}, "mean_rme": {"type": "float", "data": 0.0019002409557226643}, "max_rme": {"type": "float", "data": 0.007788584690535977}, "simu": {"type": "float", "data": 0.002}}, {"type": "dict", "image_number": {"type": "int", "data": 22}, "Hcamera2end": {"type": "ndarray", "data": [[0.9999810918270552, -0.004232130031679677, 0.0044615091354365715, -0.016760775021292695], [-0.004467402905240272, -0.0013841952925333079, 0.9999890630975291, 0.028703884731502573], [-0.0042259081453434105, -0.9999900864902546, -0.001403075749928151, 0.03473715727149541], [0.0, 0.0, 0.0, 1.0]]}, "Hobj2base": {"type": "ndarray", "data": [[0.9999883512914847, -0.002012375790548298, 0.004387211530790591, -0.7349086444338906], [-0.0020259776610057362, -0.9999931485450821, 0.003098108682660811, 0.08988648770897974], [0.004380946913099101, -0.003106960986251306, -0.9999855769447747, 0.00017173060773032942], [0.0, 0.0, 0.0, 1.0]]}, "mean_rme": {"type": "float", "data": 0.0019717232520855272}, "max_rme": {"type": "float", "data": 0.007411080252136243}, "simu": {"type": "float", "data": 0.002}}, {"type": "dict", "image_number": {"type": "int", "data": 23}, "Hcamera2end": {"type": "ndarray", "data": [[0.9999729737436206, -0.0037045972744457144, 0.006350412693239864, -0.01718275255464359], [-0.006343414605237725, 0.00189772942946842, 0.9999780796168275, 0.028676824052136667], [-0.0037165674333111886, -0.9999913372535015, 0.001874178344488997, 0.03307202918787342], [0.0, 0.0, 0.0, 1.0]]}, "Hobj2base": {"type": "ndarray", "data": [[0.9999948394999505, -0.0022850985322756434, 0.0022581625641407864, -0.7345725062675008], [-0.0022967127931120134, -0.9999840800742708, 0.005154096269961615, 0.09039652603695389], [0.0022463489965387842, -0.005159256023097548, -0.9999841678714088, 0.0005200747360601604], [0.0, 0.0, 0.0, 1.0]]}, "mean_rme": {"type": "float", "data": 0.002050202869860693}, "max_rme": {"type": "float", "data": 0.008792662269656998}, "simu": {"type": "float", "data": 0.002}}, {"type": "dict", "image_number": {"type": "int", "data": 24}, "Hcamera2end": {"type": "ndarray", "data": [[0.9999817959089257, -0.002534967939084083, 0.005475562830204587, -0.017450943437725942], [-0.005472864690182873, 0.0010700846175757395, 0.9999844512146145, 0.028951119271924838], [-0.0025407878389688103, -0.9999962144210641, 0.0010561916011333494, 0.0338541791558048], [0.0, 0.0, 0.0, 1.0]]}, "Hobj2base": {"type": "ndarray", "data": [[0.9999975916490765, -0.001226264046522661, 0.0018201572830218555, -0.735318374278433], [-0.0012342308813314148, -0.9999896357747022, 0.004382352942203371, 0.08965305859408616], [0.0018147644966495, -0.004384588882287201, -0.9999887409416943, 0.0006628322604537579], [0.0, 0.0, 0.0, 1.0]]}, "mean_rme": {"type": "float", "data": 0.0021890159268473266}, "max_rme": {"type": "float", "data": 0.008894858475560152}, "simu": {"type": "float", "data": 0.002}}, {"type": "dict", "image_number": {"type": "int", "data": 25}, "Hcamera2end": {"type": "ndarray", "data": [[0.9999870544694113, -0.002001001827039908, 0.0046783421506816445, -0.01714880949559266], [-0.004676139230869602, 0.0011041737653700867, 0.9999884571944765, 0.029072046846696866], [-0.002006144432533174, -0.9999973883925818, 0.0010948025081104484, 0.03380929207654113], [0.0, 0.0, 0.0, 1.0]]}, "Hobj2base": {"type": "ndarray", "data": [[0.9999990683587532, -0.0006483272275669175, 0.001201229966171066, -0.7354266151985036], [-0.0006530709593133097, -0.9999919740576939, 0.003952887364780588, 0.08947048758049583], [0.0011986575606625683, -0.003953668170514039, -0.9999914658276088, 0.0004955660401815321], [0.0, 0.0, 0.0, 1.0]]}, "mean_rme": {"type": "float", "data": 0.002198337853480105}, "max_rme": {"type": "float", "data": 0.009073596604103173}, "simu": {"type": "float", "data": 0.002}}, {"type": "dict", "image_number": {"type": "int", "data": 26}, "Hcamera2end": {"type": "ndarray", "data": [[0.999989166255272, -0.002355361004486598, 0.004014927972527561, -0.01684775631902494], [-0.004009809079804182, 0.002174005902307652, 0.9999895975106342, 0.029217970937615887], [-0.0023640649799784113, -0.999994862973243, 0.0021645378017406403, 0.03334789932003377], [0.0, 0.0, 0.0, 1.0]]}, "Hobj2base": {"type": "ndarray", "data": [[0.9999989195730674, -0.0014139652072763865, 0.0004019391625821793, -0.7355023328745743], [-0.0014153462836380439, -0.9999930237425831, 0.003456770322533287, 0.08958072345780779], [0.00039704860558550763, -0.0034573354708455403, -0.999993944573589, 0.0005678835648666341], [0.0, 0.0, 0.0, 1.0]]}, "mean_rme": {"type": "float", "data": 0.002174177752004116}, "max_rme": {"type": "float", "data": 0.009100063747726594}, "simu": {"type": "float", "data": 0.002}}, {"type": "dict", "image_number": {"type": "int", "data": 27}, "Hcamera2end": {"type": "ndarray", "data": [[0.9999831369141072, -0.0024811876016604846, 0.005250675719110081, -0.01748596093523694], [-0.005244733409332578, 0.002395413978213523, 0.999983377243511, 0.028390550484161982], [-0.0024937238994958014, -0.9999940528322949, 0.002382360416632534, 0.03321226779655271], [0.0, 0.0, 0.0, 1.0]]}, "Hobj2base": {"type": "ndarray", "data": [[0.9999983615342314, -0.0017621105191397263, 0.00041460266636985597, -0.7354464295840935], [-0.0017639222021778819, -0.9999887172328681, 0.0044106672315157875, 0.09015812364336948], [0.0004068259053794403, -0.004411391331636804, -0.9999901870114534, 0.0012816404865564305], [0.0, 0.0, 0.0, 1.0]]}, "mean_rme": {"type": "float", "data": 0.0021896844840187902}, "max_rme": {"type": "float", "data": 0.008965505300495447}, "simu": {"type": "float", "data": 0.002}}, {"type": "dict", "image_number": {"type": "int", "data": 28}, "Hcamera2end": {"type": "ndarray", "data": [[0.9999833390036273, -0.0020110279281897476, 0.005410867012655028, -0.01767429119614905], [-0.005406760809157116, 0.0020417015989159237, 0.9999832990566061, 0.02835264482364766], [-0.0020220417179574153, -0.9999958936021954, 0.002030794435144756, 0.03343895024944711], [0.0, 0.0, 0.0, 1.0]]}, "Hobj2base": {"type": "ndarray", "data": [[0.9999988917664692, -0.0012922616653841118, 0.0007392737122996687, -0.7354513751887587], [-0.0012954849488309955, -0.9999895846649491, 0.00437633183950075, 0.08997071955612823], [0.0007336106466450742, -0.004377284707470413, -0.9999901505484983, 0.0012781338631057146], [0.0, 0.0, 0.0, 1.0]]}, "mean_rme": {"type": "float", "data": 0.0021645050112757388}, "max_rme": {"type": "float", "data": 0.008964964086460636}, "simu": {"type": "float", "data": 0.002}}, {"type": "dict", "image_number": {"type": "int", "data": 29}, "Hcamera2end": {"type": "ndarray", "data": [[0.9999839553797201, -0.0020584431535617402, 0.005277479977561692, -0.017626413711996185], [-0.005273369401442195, 0.001997276059774844, 0.9999841011053611, 0.028489120947164024], [-0.002068951011006047, -0.9999958868416033, 0.001986389083098228, 0.033476681336582166], [0.0, 0.0, 0.0, 1.0]]}, "Hobj2base": {"type": "ndarray", "data": [[0.9999985070630029, -0.0015096435514991987, 0.0008407425960500002, -0.7354196001012919], [-0.0015133777134087418, -0.9999889146820933, 0.0044587218826202535, 0.09004038129494164], [0.0008340021954130188, -0.004459987587136971, -0.9999897064225518, 0.0012045374359570594], [0.0, 0.0, 0.0, 1.0]]}, "mean_rme": {"type": "float", "data": 0.002147706416687535}, "max_rme": {"type": "float", "data": 0.00899134838498078}, "simu": {"type": "float", "data": 0.002}}, {"type": "dict", "image_number": {"type": "int", "data": 30}, "Hcamera2end": {"type": "ndarray", "data": [[0.9999851980508554, -0.002207788257264548, 0.004972861369736433, -0.01756036925244302], [-0.0049692224479575995, 0.0016506578072094102, 0.9999862909845648, 0.028401120620001136], [-0.002215966483105378, -0.9999962004926893, 0.0016396623832881652, 0.03380546826300081], [0.0, 0.0, 0.0, 1.0]]}, "Hobj2base": {"type": "ndarray", "data": [[0.9999975883544436, -0.0016021508316037055, 0.0015021311558987456, -0.7355038793139208], [-0.0016083264074381249, -0.9999902232881355, 0.004119055026541538, 0.0899474851249096], [0.0014955171225590571, -0.004121461010046254, -0.9999903884476482, 0.0011793901571457322], [0.0, 0.0, 0.0, 1.0]]}, "mean_rme": {"type": "float", "data": 0.002114677900557927}, "max_rme": {"type": "float", "data": 0.009094072465032133}, "simu": {"type": "float", "data": 0.002}}]}