{"type": "list", "data": [{"type": "dict", "image_number": {"type": "int", "data": 5}, "Hcamera2end": {"type": "ndarray", "data": [[0.9998964075358999, 0.011445486440727888, 0.008727831170265083, -0.017225106603203515], [-0.008643373464986373, -0.007407948548430632, 0.9999352050975346, 0.02549395335940483], [0.011509400155799007, -0.999907057250042, -0.007308253526990827, 0.03770533714729093], [0.0, 0.0, 0.0, 1.0]]}, "Hobj2base": {"type": "ndarray", "data": [[0.999954100055763, 0.009416036817264283, 0.0017708846165231183, -0.738896539356263], [0.009395935905459337, -0.9998949583591155, 0.011035788892627563, 0.09356126543661367], [0.0018746119944177194, -0.011018643232179964, -0.9999375357147025, 0.00441471496688659], [0.0, 0.0, 0.0, 1.0]]}, "mean_rme": {"type": "float", "data": 0.0014230360701517695}, "max_rme": {"type": "float", "data": 0.004996167771149251}, "simu": {"type": "float", "data": 0.002}}, {"type": "dict", "image_number": {"type": "int", "data": 6}, "Hcamera2end": {"type": "ndarray", "data": [[0.9999310129732872, 0.011744545535444082, 0.00018693416354471394, -0.01726816540700378], [-7.321986390258772e-05, -0.009681991365228404, 0.9999531257424297, 0.024901815200003553], [0.011745804913548912, -0.9998841556367266, -0.009680463499405878, 0.03755091090912285], [0.0, 0.0, 0.0, 1.0]]}, "Hobj2base": {"type": "ndarray", "data": [[0.9999327250797756, 0.011225074824057112, 0.0029228427477733633, -0.7378639667935172], [0.011221611065786993, -0.9999363171575726, 0.0011987803965060977, 0.08925730951790845], [0.0029361130124876096, -0.0011659007441285872, -0.9999950099454664, 0.004585484596430156], [0.0, 0.0, 0.0, 1.0]]}, "mean_rme": {"type": "float", "data": 0.001253928849178376}, "max_rme": {"type": "float", "data": 0.004966664048250274}, "simu": {"type": "float", "data": 0.002}}, {"type": "dict", "image_number": {"type": "int", "data": 7}, "Hcamera2end": {"type": "ndarray", "data": [[0.9999458811543924, 0.010173539883743737, 0.002175740931194781, -0.017033287961892216], [-0.002073673103961604, -0.010032483998924757, 0.999947523195427, 0.02436440370222573], [0.010194834094957462, -0.9998979189652536, -0.01001084445644329, 0.03559339018402018], [0.0, 0.0, 0.0, 1.0]]}, "Hobj2base": {"type": "ndarray", "data": [[0.9999455317732507, 0.009788796935794047, 0.003621179539967259, -0.7352160144081609], [0.00977560724955613, -0.9999455840387272, 0.0036423157950777646, 0.09016400035241919], [0.0036566363796957015, -0.0036067181756322974, -0.9999868102102087, 0.004764616362348302], [0.0, 0.0, 0.0, 1.0]]}, "mean_rme": {"type": "float", "data": 0.001433257583605358}, "max_rme": {"type": "float", "data": 0.004179068568502503}, "simu": {"type": "float", "data": 0.002}}, {"type": "dict", "image_number": {"type": "int", "data": 8}, "Hcamera2end": {"type": "ndarray", "data": [[0.9999436753640331, 0.01058421896891457, 0.0007876600073824158, -0.016631264798214876], [-0.0006803758091241032, -0.010136021888731639, 0.9999483977431182, 0.024484610255443708], [0.010591656538404149, -0.9998926119184445, -0.010128249734443706, 0.035963867026417774], [0.0, 0.0, 0.0, 1.0]]}, "Hobj2base": {"type": "ndarray", "data": [[0.9999435918607456, 0.010267702106814937, 0.0027179753634850416, -0.7356950798975178], [0.010255968572518518, -0.999938176496564, 0.004296311600260933, 0.08991957230542771], [0.00276192057639535, -0.004268193783409123, -0.9999870770747776, 0.004879242412509838], [0.0, 0.0, 0.0, 1.0]]}, "mean_rme": {"type": "float", "data": 0.001376527202585635}, "max_rme": {"type": "float", "data": 0.004417859797730933}, "simu": {"type": "float", "data": 0.002}}, {"type": "dict", "image_number": {"type": "int", "data": 9}, "Hcamera2end": {"type": "ndarray", "data": [[0.9999791245063802, 0.006078402622879426, 0.0021917055020260817, -0.016678388536002984], [-0.002144794472718617, -0.007713467348125835, 0.9999679506254885, 0.02829512399431628], [0.006095113462703919, -0.9999517765587617, -0.007700269401338833, 0.03532018862371895], [0.0, 0.0, 0.0, 1.0]]}, "Hobj2base": {"type": "ndarray", "data": [[0.9999801118420946, 0.004615265509038435, 0.004298283907928923, -0.7347421939932121], [0.004596163220907185, -0.9999795651277974, 0.004443490797584496, 0.08951958101105202], [0.004318703962864394, -0.004423646810327222, -0.9999808898898912, 0.0010034530572055364], [0.0, 0.0, 0.0, 1.0]]}, "mean_rme": {"type": "float", "data": 0.0019685167090274366}, "max_rme": {"type": "float", "data": 0.00837565372088056}, "simu": {"type": "float", "data": 0.002}}, {"type": "dict", "image_number": {"type": "int", "data": 10}, "Hcamera2end": {"type": "ndarray", "data": [[0.9999863363038056, 0.004536178429194191, 0.002598132204216115, -0.017638504675589476], [-0.0025603473431186088, -0.008315699268076182, 0.9999621461671264, 0.028532853776117924], [0.0045576120035230126, -0.9999551351090414, -0.008303971452498615, 0.035225610530424833], [0.0, 0.0, 0.0, 1.0]]}, "Hobj2base": {"type": "ndarray", "data": [[0.999974340201541, 0.0037486804917305837, 0.006104615717936838, -0.7337575840892401], [0.00372222315152452, -0.9999836563339259, 0.0043395990417441944, 0.08933440964695002], [0.006120783716405753, -0.004316764946550925, -0.9999719503801561, 0.0006726318492197569], [0.0, 0.0, 0.0, 1.0]]}, "mean_rme": {"type": "float", "data": 0.0020506426789636124}, "max_rme": {"type": "float", "data": 0.007847550836382222}, "simu": {"type": "float", "data": 0.002}}, {"type": "dict", "image_number": {"type": "int", "data": 11}, "Hcamera2end": {"type": "ndarray", "data": [[0.9999886889596634, 0.004318581784506397, 0.0019929385600552943, -0.017797791602246628], [-0.0019587929143976227, -0.007896537286704364, 0.9999669033669057, 0.027662804674269195], [0.004334176167639174, -0.9999594964548567, -0.007887988761252851, 0.03516332859389315], [0.0, 0.0, 0.0, 1.0]]}, "Hobj2base": {"type": "ndarray", "data": [[0.9999756485262746, 0.0036929274376507845, 0.005921540458079798, -0.7337240470480659], [0.0036677042044860066, -0.9999841796329589, 0.004264789522018112, 0.08978697285289314], [0.005937196335377968, -0.004242967209272989, -0.9999733731099727, 0.0017108244577440897], [0.0, 0.0, 0.0, 1.0]]}, "mean_rme": {"type": "float", "data": 0.002128703509204717}, "max_rme": {"type": "float", "data": 0.007621054171400021}, "simu": {"type": "float", "data": 0.002}}, {"type": "dict", "image_number": {"type": "int", "data": 12}, "Hcamera2end": {"type": "ndarray", "data": [[0.9999876877798876, 0.004698102381177091, 0.0015975364315559673, -0.017686894423483267], [-0.001558957346165563, -0.008203860723331013, 0.999965132552743, 0.027468186037541562], [0.0047110445367250404, -0.9999553112530819, -0.008196435574371774, 0.03581145484439575], [0.0, 0.0, 0.0, 1.0]]}, "Hobj2base": {"type": "ndarray", "data": [[0.9999727478077113, 0.004412252347350094, 0.00591909377512654, -0.7342470136594129], [0.004394615516031502, -0.9999858754555211, 0.002989355101196995, 0.0894853609084666], [0.0059321999596855576, -0.0029632614933719414, -0.9999780138007834, 0.0017726477751860796], [0.0, 0.0, 0.0, 1.0]]}, "mean_rme": {"type": "float", "data": 0.0020370337227624638}, "max_rme": {"type": "float", "data": 0.007710050851922834}, "simu": {"type": "float", "data": 0.002}}, {"type": "dict", "image_number": {"type": "int", "data": 13}, "Hcamera2end": {"type": "ndarray", "data": [[0.999982458308128, 0.0007553983719098302, 0.005874729724228896, -0.019343555732912292], [-0.005869871340802011, -0.006280494885227528, 0.9999630493145428, 0.02683702562514049], [0.0007922666694073093, -0.9999799921784915, -0.006275950623467308, 0.03610178116354587], [0.0, 0.0, 0.0, 1.0]]}, "Hobj2base": {"type": "ndarray", "data": [[0.9999818080897993, 0.0008637523749096787, 0.005969708643699048, -0.7349776755087096], [0.0008289462304007445, -0.9999826590452447, 0.005830476562738687, 0.09040476564089792], [0.005974641211229478, -0.005825421927755845, -0.9999651834547845, 0.0029668339767622244], [0.0, 0.0, 0.0, 1.0]]}, "mean_rme": {"type": "float", "data": 0.002423820229125078}, "max_rme": {"type": "float", "data": 0.007254404192780589}, "simu": {"type": "float", "data": 0.002}}, {"type": "dict", "image_number": {"type": "int", "data": 14}, "Hcamera2end": {"type": "ndarray", "data": [[0.9999909894572898, 0.0008076804227149911, 0.004167572022790512, -0.01839651708264236], [-0.0041646038160374505, -0.003642460343791898, 0.9999846941617154, 0.027182353503788885], [0.0008228482763119663, -0.9999930400432688, -0.003639063854276925, 0.0349335115558949], [0.0, 0.0, 0.0, 1.0]]}, "Hobj2base": {"type": "ndarray", "data": [[0.9999943680598221, -0.00025820454390117973, 0.003346218619643463, -0.7351320266554439], [-0.0002742233915357112, -0.9999885018982178, 0.004787574844296431, 0.09065908227563384], [0.0033449439709021247, -0.004788465492380009, -0.9999829408285223, 0.003205840367799933], [0.0, 0.0, 0.0, 1.0]]}, "mean_rme": {"type": "float", "data": 0.002428854579984532}, "max_rme": {"type": "float", "data": 0.0070672920067447464}, "simu": {"type": "float", "data": 0.002}}, {"type": "dict", "image_number": {"type": "int", "data": 15}, "Hcamera2end": {"type": "ndarray", "data": [[0.9999894709905724, 0.0004799041004737723, 0.0045637265528681095, -0.01872241583253539], [-0.004562087173392589, -0.003363397194540596, 0.9999839373309625, 0.027398234124187668], [0.0004952460170176034, -0.9999942286090286, -0.0033611724169586576, 0.03501364325128798], [0.0, 0.0, 0.0, 1.0]]}, "Hobj2base": {"type": "ndarray", "data": [[0.9999950582488427, -0.0003519303452218116, 0.003124039520503397, -0.7353851280271794], [-0.000368934674810529, -0.9999851124376562, 0.005444151931719502, 0.09069535030988547], [0.0031220770489014983, -0.005445277594579985, -0.999980300599377, 0.0031120510115595725], [0.0, 0.0, 0.0, 1.0]]}, "mean_rme": {"type": "float", "data": 0.0023579976884951686}, "max_rme": {"type": "float", "data": 0.007023978956521543}, "simu": {"type": "float", "data": 0.002}}, {"type": "dict", "image_number": {"type": "int", "data": 16}, "Hcamera2end": {"type": "ndarray", "data": [[0.9999904527082726, 0.0008988573019194745, 0.00427627733604082, -0.018562121574179035], [-0.004273221033230927, -0.0033750641550707172, 0.9999851741520723, 0.027324272489586698], [0.0009132766859518201, -0.999993900480148, -0.0033711909164202414, 0.034977029097068776], [0.0, 0.0, 0.0, 1.0]]}, "Hobj2base": {"type": "ndarray", "data": [[0.9999958525834346, -0.0002544619314498592, 0.002868808995923302, -0.7354395452685162], [-0.0002691368401424861, -0.9999868764244746, 0.005116106349802344, 0.09069832882446804], [0.0028674694925885044, -0.005116857233366254, -0.9999827975474185, 0.0031298778913259225], [0.0, 0.0, 0.0, 1.0]]}, "mean_rme": {"type": "float", "data": 0.002243451560645181}, "max_rme": {"type": "float", "data": 0.0071423813996653596}, "simu": {"type": "float", "data": 0.002}}, {"type": "dict", "image_number": {"type": "int", "data": 17}, "Hcamera2end": {"type": "ndarray", "data": [[0.999995426640613, -0.00013916116854924276, 0.003021147468674165, -0.0181456366824792], [-0.0030215587140066187, -0.003056376914246872, 0.9999907643288992, 0.02740082804135051], [-0.000129926117924669, -0.9999953195862106, -0.0030567834199783928, 0.035023994829124244], [0.0, 0.0, 0.0, 1.0]]}, "Hobj2base": {"type": "ndarray", "data": [[0.9999942422743939, -0.001092326940817717, 0.0032128242894836467, -0.7351867651296641], [-0.0011067175560687576, -0.9999893489501064, 0.004480754690163893, 0.09062381472043245], [0.003207895620468579, -0.004484284580253614, -0.9999848001832286, 0.002650116285123666], [0.0, 0.0, 0.0, 1.0]]}, "mean_rme": {"type": "float", "data": 0.002341715010770588}, "max_rme": {"type": "float", "data": 0.0068828304211512314}, "simu": {"type": "float", "data": 0.002}}, {"type": "dict", "image_number": {"type": "int", "data": 18}, "Hcamera2end": {"type": "ndarray", "data": [[0.9999912766825547, -0.0009238965525912633, 0.0040734474287044435, -0.018451780288858823], [-0.004075492052354048, -0.0022220645541848327, 0.9999892263387882, 0.027205249573461363], [-0.0009148351356981514, -0.9999971044179463, -0.0022258105034675957, 0.03463777016223537], [0.0, 0.0, 0.0, 1.0]]}, "Hobj2base": {"type": "ndarray", "data": [[0.999994489545713, -0.0017113718110093794, 0.0028446589836663943, -0.7353536715667989], [-0.0017259441658709466, -0.9999853613849645, 0.005128170484414442, 0.0908889617889583], [0.0028358411353895494, -0.005133051948442163, -0.9999828047435357, 0.002714161363506517], [0.0, 0.0, 0.0, 1.0]]}, "mean_rme": {"type": "float", "data": 0.0023982574786793037}, "max_rme": {"type": "float", "data": 0.006920409103380598}, "simu": {"type": "float", "data": 0.002}}, {"type": "dict", "image_number": {"type": "int", "data": 19}, "Hcamera2end": {"type": "ndarray", "data": [[0.9999930238450856, -0.0004232186511406938, 0.003711219090197737, -0.018641419559394027], [-0.0037119722941802618, -0.0017930269923693842, 0.9999915031218476, 0.027187049134273823], [-0.0004165607391000627, -0.9999983029686492, -0.0017945854598429012, 0.03441763585979329], [0.0, 0.0, 0.0, 1.0]]}, "Hobj2base": {"type": "ndarray", "data": [[0.999996258473645, -0.0010522004225040696, 0.002525057025472132, -0.7353214351745553], [-0.0010640416103869944, -0.9999884230256864, 0.004692720964685991, 0.09042051629137618], [0.0025200901099700712, -0.004695390172490527, -0.9999858011276788, 0.002837053826504314], [0.0, 0.0, 0.0, 1.0]]}, "mean_rme": {"type": "float", "data": 0.002348337621329942}, "max_rme": {"type": "float", "data": 0.00673975132163257}, "simu": {"type": "float", "data": 0.002}}, {"type": "dict", "image_number": {"type": "int", "data": 20}, "Hcamera2end": {"type": "ndarray", "data": [[0.9999947144707538, -0.00030179586103209555, 0.003237275059942428, -0.01835094781572434], [-0.003237656132147975, -0.0012708624253985334, 0.999993951227439, 0.027310951102937107], [-0.000297679904303211, -0.9999991469136131, -0.0012718328194381012, 0.034219431858007104], [0.0, 0.0, 0.0, 1.0]]}, "Hobj2base": {"type": "ndarray", "data": [[0.9999972268164685, -0.001213845054273017, 0.002018152510754912, -0.7353639444565038], [-0.0012232926600073625, -0.9999882691829025, 0.004686688772626754, 0.09049757990945712], [0.0020124399221893626, -0.0046891445667318135, -0.999986980919648, 0.002862634969342462], [0.0, 0.0, 0.0, 1.0]]}, "mean_rme": {"type": "float", "data": 0.0022817245718292746}, "max_rme": {"type": "float", "data": 0.006783468506930679}, "simu": {"type": "float", "data": 0.002}}, {"type": "dict", "image_number": {"type": "int", "data": 21}, "Hcamera2end": {"type": "ndarray", "data": [[0.9999885940628979, 0.0015179111365500907, 0.004528541695773472, -0.018324025265488958], [-0.004532523351171803, 0.002630020086092477, 0.999986269518946, 0.027621285490066993], [0.0015059801392793963, -0.9999953894594357, 0.002636870055920282, 0.03275911811723845], [0.0, 0.0, 0.0, 1.0]]}, "Hobj2base": {"type": "ndarray", "data": [[0.9999984636471645, -0.0010212543761941942, -0.0014246904259276698, -0.7357619188581137], [-0.0010127698648295365, -0.9999818249777417, 0.005943400658412334, 0.09116741299374764], [-0.0014307342560793462, -0.005941948643721789, -0.999981322948486, 0.0029666002375342243], [0.0, 0.0, 0.0, 1.0]]}, "mean_rme": {"type": "float", "data": 0.0023711192390551148}, "max_rme": {"type": "float", "data": 0.006696505988958434}, "simu": {"type": "float", "data": 0.002}}, {"type": "dict", "image_number": {"type": "int", "data": 22}, "Hcamera2end": {"type": "ndarray", "data": [[0.9999912301045644, 0.001870691229859872, 0.0037470292609842132, -0.01790868902972909], [-0.0037532028221451876, 0.003307619333239864, 0.999987486483167, 0.027397289261247976], [0.0018582740745078307, -0.9999927800582706, 0.003314611409367507, 0.03177167977751951], [0.0, 0.0, 0.0, 1.0]]}, "Hobj2base": {"type": "ndarray", "data": [[0.9999971746646745, -0.0008063761386588841, -0.0022361619331803043, -0.73521257447982], [-0.0007954573271290142, -0.999987779111579, 0.004879433894674233, 0.09096532761876107], [-0.0022400692643576563, -0.004877641337242887, -0.9999855952485897, 0.0032388340936418377], [0.0, 0.0, 0.0, 1.0]]}, "mean_rme": {"type": "float", "data": 0.0024024885637591704}, "max_rme": {"type": "float", "data": 0.006969030148229249}, "simu": {"type": "float", "data": 0.002}}, {"type": "dict", "image_number": {"type": "int", "data": 23}, "Hcamera2end": {"type": "ndarray", "data": [[0.9999904367485648, 0.0011583514116604585, 0.004217183114571293, -0.018021893191066462], [-0.004219699958998525, 0.002178999912326174, 0.9999887229822334, 0.02717648818906069], [0.0011491491072740958, -0.9999969550860587, 0.0021838669694064228, 0.03230276201126262], [0.0, 0.0, 0.0, 1.0]]}, "Hobj2base": {"type": "ndarray", "data": [[0.9999984560480643, -0.0010966582229849208, -0.0013730412337489863, -0.7352661822764393], [-0.0010895791549345056, -0.9999861659962028, 0.005145933683977878, 0.09108833981905269], [-0.0013786655695808144, -0.005144429701796446, -0.9999858169615661, 0.0033477310124933797], [0.0, 0.0, 0.0, 1.0]]}, "mean_rme": {"type": "float", "data": 0.002427469294063566}, "max_rme": {"type": "float", "data": 0.006927191061593174}, "simu": {"type": "float", "data": 0.002}}, {"type": "dict", "image_number": {"type": "int", "data": 24}, "Hcamera2end": {"type": "ndarray", "data": [[0.9999876847977711, 0.0013764945939299111, 0.004768177369446424, -0.018356767591127504], [-0.0047723945917093015, 0.0030768882403158226, 0.9999838783743555, 0.026998960486158435], [0.0013618012537235755, -0.9999943189945579, 0.003083419523170483, 0.031759634117272686], [0.0, 0.0, 0.0, 1.0]]}, "Hobj2base": {"type": "ndarray", "data": [[0.9999973182012322, -0.0011134205024163624, -0.0020307351201837615, -0.735326539719941], [-0.0011021090059018974, -0.9999839202443499, 0.00556278783340435, 0.09122202089721132], [-0.002036896188483545, -0.005560534823662238, -0.9999824655994678, 0.0037225925549804174], [0.0, 0.0, 0.0, 1.0]]}, "mean_rme": {"type": "float", "data": 0.0023920314936309154}, "max_rme": {"type": "float", "data": 0.006986441725444437}, "simu": {"type": "float", "data": 0.002}}, {"type": "dict", "image_number": {"type": "int", "data": 25}, "Hcamera2end": {"type": "ndarray", "data": [[0.9999857207920777, 0.0021762691299665278, 0.004880785246527273, -0.017975270513219885], [-0.00488824517936056, 0.0034358134559040465, 0.9999821499631695, 0.026964837658097686], [0.002159460815857008, -0.9999917294850845, 0.0034464025322928915, 0.03163396298452076], [0.0, 0.0, 0.0, 1.0]]}, "Hobj2base": {"type": "ndarray", "data": [[0.9999963366265584, -0.0003938627074799246, -0.0026779853678906887, -0.7356765862222582], [-0.0003783297600042587, -0.9999831183186383, 0.0057982708047293495, 0.09145576863558208], [-0.0026802238816328694, -0.005797236401936546, -0.9999796040170241, 0.0037575496664588193], [0.0, 0.0, 0.0, 1.0]]}, "mean_rme": {"type": "float", "data": 0.0023708405721314134}, "max_rme": {"type": "float", "data": 0.00705821036008214}, "simu": {"type": "float", "data": 0.002}}, {"type": "dict", "image_number": {"type": "int", "data": 26}, "Hcamera2end": {"type": "ndarray", "data": [[0.999984856025333, 0.002266821636297057, 0.005014901760059057, -0.018238153241277803], [-0.005023914605576486, 0.003987931490093244, 0.9999794281306321, 0.026916351967270984], [0.0022467759188898127, -0.999989478905703, 0.00399925941528656, 0.03122907615415858], [0.0, 0.0, 0.0, 1.0]]}, "Hobj2base": {"type": "ndarray", "data": [[0.999994932322607, -0.00038429482811136635, -0.0031603238108665597, -0.7357412628418735], [-0.0003656381464451756, -0.9999825169748704, 0.005901868631970383, 0.09123525403228652], [-0.003162536616437415, -0.0059006831882637695, -0.9999775898989245, 0.003879219082475379], [0.0, 0.0, 0.0, 1.0]]}, "mean_rme": {"type": "float", "data": 0.0023837863427501817}, "max_rme": {"type": "float", "data": 0.0069544526331562495}, "simu": {"type": "float", "data": 0.002}}, {"type": "dict", "image_number": {"type": "int", "data": 27}, "Hcamera2end": {"type": "ndarray", "data": [[0.9999837538472762, 0.001086713856709097, 0.0055956317340969414, -0.01818198959224422], [-0.005600201428425409, 0.004248552862013866, 0.9999752934660636, 0.026730184397768236], [0.0010629136705576424, -0.9999903843795562, 0.004254569655867901, 0.031517385415305126], [0.0, 0.0, 0.0, 1.0]]}, "Hobj2base": {"type": "ndarray", "data": [[0.9999948514269468, -0.0012202357334507924, -0.0029678518078678348, -0.7361486546099807], [-0.0012016120530815482, -0.9999796286349909, 0.0062688470629955004, 0.09165854661987477], [-0.0029754408198691693, -0.006265248580874343, -0.9999759464167859, 0.003984310715955839], [0.0, 0.0, 0.0, 1.0]]}, "mean_rme": {"type": "float", "data": 0.002406839655671918}, "max_rme": {"type": "float", "data": 0.007184186524106351}, "simu": {"type": "float", "data": 0.002}}, {"type": "dict", "image_number": {"type": "int", "data": 28}, "Hcamera2end": {"type": "ndarray", "data": [[0.999984014891604, 0.0011268838469757144, 0.005540766559208328, -0.018161172504413698], [-0.005545769190300613, 0.004485762837308949, 0.9999745608643532, 0.026627099538132862], [0.0011020006153031696, -0.9999893039750792, 0.004491940569623432, 0.0314317198796425], [0.0, 0.0, 0.0, 1.0]]}, "Hobj2base": {"type": "ndarray", "data": [[0.9999939443984837, -0.0011924969978848016, -0.003269421550133579, -0.7361938563214908], [-0.001171492571831626, -0.9999787123496333, 0.00641891367155102, 0.09159766351966334], [-0.003277006487113726, -0.0064150446981074884, -0.9999740538784014, 0.004048774360919551], [0.0, 0.0, 0.0, 1.0]]}, "mean_rme": {"type": "float", "data": 0.0023843589833672995}, "max_rme": {"type": "float", "data": 0.007076576827064751}, "simu": {"type": "float", "data": 0.002}}, {"type": "dict", "image_number": {"type": "int", "data": 29}, "Hcamera2end": {"type": "ndarray", "data": [[0.9999865434685178, 0.0013586974050961548, 0.0050066778653647, -0.017727437735198425], [-0.005012659774643784, 0.004435579171649828, 0.9999775991887999, 0.026570302282967816], [0.0013364594531133324, -0.9999892397314952, 0.00444233017196749, 0.031428560086418915], [0.0, 0.0, 0.0, 1.0]]}, "Hobj2base": {"type": "ndarray", "data": [[0.9999932140812099, -0.0009700292270313828, -0.0035539885804949213, -0.7361003214538735], [-0.0009490865398350798, -0.9999822052759688, 0.005889683026267676, 0.09167732804160143], [-0.0035596385029223517, -0.005886270016632485, -0.9999763401196149, 0.004146503698621121], [0.0, 0.0, 0.0, 1.0]]}, "mean_rme": {"type": "float", "data": 0.002380480171572724}, "max_rme": {"type": "float", "data": 0.007192806406667418}, "simu": {"type": "float", "data": 0.002}}, {"type": "dict", "image_number": {"type": "int", "data": 30}, "Hcamera2end": {"type": "ndarray", "data": [[0.9999852055870544, 0.0012076456740020046, 0.005303790997254171, -0.01769612706136656], [-0.0053088752595008785, 0.004246514390232159, 0.9999768912124984, 0.026383623113660392], [0.0011850951419821224, -0.9999902543062407, 0.004252862805785629, 0.03121951458557672], [0.0, 0.0, 0.0, 1.0]]}, "Hobj2base": {"type": "ndarray", "data": [[0.9999936577868164, -0.0008596606279477625, -0.0034562074226441174, -0.7357340378669105], [-0.0008400991445824623, -0.9999836445446992, 0.00565728526132203, 0.09177531888884352], [-0.003461014240198334, -0.005654345824713599, -0.9999780246354035, 0.00421109088992716], [0.0, 0.0, 0.0, 1.0]]}, "mean_rme": {"type": "float", "data": 0.00239179767006286}, "max_rme": {"type": "float", "data": 0.007340626783971127}, "simu": {"type": "float", "data": 0.002}}]}