{"type": "list", "data": [{"type": "dict", "image_number": {"type": "int", "data": 5}, "Hcamera2end": {"type": "ndarray", "data": [[0.9999816044094522, -0.0060232234759406665, 0.000715277328625934, -0.017966895869522558], [-0.000620950754156465, 0.015647814667821613, 0.9998773726394062, 0.03145661334479455], [-0.00603367739101798, -0.9998594234566577, 0.015643786691870165, 0.03562133424968403], [0.0, 0.0, 0.0, 1.0]]}, "Hobj2base": {"type": "ndarray", "data": [[0.9998657528245579, 0.003918931137333247, -0.015909692244693813, -0.7474685540581195], [0.003976440121746001, -0.9999856688565967, 0.0035846904167007704, 0.08667639375753429], [-0.01589541608572104, -0.0036474731207039256, -0.999867007000079, 0.0014215059080871617], [0.0, 0.0, 0.0, 1.0]]}, "mean_rme": {"type": "float", "data": 0.0008282926835157936}, "max_rme": {"type": "float", "data": 0.0022081898698693703}, "simu": {"type": "float", "data": 0.002}}, {"type": "dict", "image_number": {"type": "int", "data": 6}, "Hcamera2end": {"type": "ndarray", "data": [[0.9999785260496896, -0.005627071694002266, -0.0033590926811795097, -0.017954271769012663], [0.0034013111861012652, 0.0075100564041675755, 0.9999660144900032, 0.033044779386887914], [-0.005601653479598474, -0.9999559665890078, 0.007529034555487368, 0.035399464633407485], [0.0, 0.0, 0.0, 1.0]]}, "Hobj2base": {"type": "ndarray", "data": [[0.9999674603173134, 0.00013819071195799904, -0.008065928952657151, -0.7428250122500967], [0.00014223354246136293, -0.9999998645587416, 0.0005006516929979202, 0.0863210887139939], [-0.008065858674783686, -0.0005017826475988717, -0.9999673445358168, -0.0022713666307654923], [0.0, 0.0, 0.0, 1.0]]}, "mean_rme": {"type": "float", "data": 0.0009182340377132713}, "max_rme": {"type": "float", "data": 0.0029198475242911692}, "simu": {"type": "float", "data": 0.002}}, {"type": "dict", "image_number": {"type": "int", "data": 7}, "Hcamera2end": {"type": "ndarray", "data": [[0.9999901198554947, -0.0042678390312123, 0.0012432784873214458, -0.018099678046445786], [-0.0012570037911846172, -0.0032148099484616832, 0.9999940424514856, 0.032433377124900874], [-0.004263816701304472, -0.9999857251716139, -0.0032201428755171957, 0.03313556408926529], [0.0, 0.0, 0.0, 1.0]]}, "Hobj2base": {"type": "ndarray", "data": [[0.9999962262391193, -0.002544726157398891, 0.0010353145918227198, -0.734954331226093], [-0.002548775196703108, -0.9999890349124434, 0.003928587516619059, 0.08888008672126316], [0.001025306060092401, -0.003931211475221595, -0.9999917471278548, -0.0026649989213088443], [0.0, 0.0, 0.0, 1.0]]}, "mean_rme": {"type": "float", "data": 0.001250189530418031}, "max_rme": {"type": "float", "data": 0.0036454203346896197}, "simu": {"type": "float", "data": 0.002}}, {"type": "dict", "image_number": {"type": "int", "data": 8}, "Hcamera2end": {"type": "ndarray", "data": [[0.999983551754866, -0.004557995256556666, 0.003481508145099687, -0.018637095427445155], [-0.003503626370290179, -0.004853663335497416, 0.9999820831167342, 0.032202794472435625], [-0.004541015523051622, -0.999977833070047, -0.004869553013629568, 0.03340732419049704], [0.0, 0.0, 0.0, 1.0]]}, "Hobj2base": {"type": "ndarray", "data": [[0.9999887788112457, -0.004081420758195052, 0.002405048063584031, -0.7343154763712787], [-0.004093379637368515, -0.9999791786228234, 0.004988643499727534, 0.08919547905558285], [0.002384637234036149, -0.004998432295987562, -0.9999846644723329, -0.002360720324686219], [0.0, 0.0, 0.0, 1.0]]}, "mean_rme": {"type": "float", "data": 0.001344584131693492}, "max_rme": {"type": "float", "data": 0.004725621344554898}, "simu": {"type": "float", "data": 0.002}}, {"type": "dict", "image_number": {"type": "int", "data": 9}, "Hcamera2end": {"type": "ndarray", "data": [[0.9999817413565537, -0.004958488016137346, 0.0034540338892977904, -0.01892421271901929], [-0.0034824547797814233, -0.0057346201504353544, 0.9999774930669375, 0.032457470780354665], [-0.004938568843437623, -0.9999712633512646, -0.005751783154342993, 0.03242573009869818], [0.0, 0.0, 0.0, 1.0]]}, "Hobj2base": {"type": "ndarray", "data": [[0.999990251761888, -0.003878654468383776, 0.0021100759964217436, -0.7331049954768559], [-0.003888237942284236, -0.9999820585043824, 0.004556783409513872, 0.08877129372693816], [0.002092363950169734, -0.004564943466454562, -0.9999873915726374, -0.0030520781007063705], [0.0, 0.0, 0.0, 1.0]]}, "mean_rme": {"type": "float", "data": 0.001371791555596781}, "max_rme": {"type": "float", "data": 0.004476580219354487}, "simu": {"type": "float", "data": 0.002}}, {"type": "dict", "image_number": {"type": "int", "data": 10}, "Hcamera2end": {"type": "ndarray", "data": [[0.9999829282153988, -0.004739375010843206, 0.0034178359034859255, -0.018374146753773375], [-0.003442360738139757, -0.005176232330573516, 0.9999806781990382, 0.03256733702808693], [-0.004721591924878346, -0.9999753721684183, -0.005192458601510852, 0.03255473335013611], [0.0, 0.0, 0.0, 1.0]]}, "Hobj2base": {"type": "ndarray", "data": [[0.9999896768727582, -0.004205951910935511, 0.001719336046127459, -0.7336521871514515], [-0.004212014718723779, -0.9999848707352168, 0.003537970135745141, 0.08920749901889986], [0.0017044295015838952, -0.0035451754815619733, -0.9999922632955114, -0.0033317482015912782], [0.0, 0.0, 0.0, 1.0]]}, "mean_rme": {"type": "float", "data": 0.0014505441277063635}, "max_rme": {"type": "float", "data": 0.004587164051140347}, "simu": {"type": "float", "data": 0.002}}, {"type": "dict", "image_number": {"type": "int", "data": 11}, "Hcamera2end": {"type": "ndarray", "data": [[0.9999795009044055, -0.004554441015283155, 0.004500537525064368, -0.018306454723249873], [-0.00451562258882528, -0.0033073207543814487, 0.9999843352683395, 0.03241622308882276], [-0.004539484950024269, -0.9999841592227678, -0.0033278190940251307, 0.031813057386915325], [0.0, 0.0, 0.0, 1.0]]}, "Hobj2base": {"type": "ndarray", "data": [[0.9999952749856118, -0.002991378251845121, 0.0007082814448291667, -0.7337145217632117], [-0.002995026939397354, -0.9999819546809605, 0.005207698731489173, 0.0897537981183148], [0.0006926904669369867, -0.005209795447045676, -0.9999861890102868, -0.002855750809293345], [0.0, 0.0, 0.0, 1.0]]}, "mean_rme": {"type": "float", "data": 0.0015249840240951576}, "max_rme": {"type": "float", "data": 0.004668362824138184}, "simu": {"type": "float", "data": 0.002}}, {"type": "dict", "image_number": {"type": "int", "data": 12}, "Hcamera2end": {"type": "ndarray", "data": [[0.9999942694669586, -0.002707505256235855, 0.002032350494212813, -0.016561924113521514], [-0.0020428146697449236, -0.003867734371799658, 0.9999904337237705, 0.032161170767088], [-0.0026996187636306704, -0.9999888549609525, -0.003873243139075777, 0.03249663573576728], [0.0, 0.0, 0.0, 1.0]]}, "Hobj2base": {"type": "ndarray", "data": [[0.9999965542722394, -0.0008604234556386102, 0.002480144174268554, -0.73386739284794], [-0.0008686157720648719, -0.9999941645975965, 0.003303979024646874, 0.0894108177379546], [0.0024772868805795346, -0.0033061219323813926, -0.9999914662673273, -0.0025599476505696467], [0.0, 0.0, 0.0, 1.0]]}, "mean_rme": {"type": "float", "data": 0.0015879319844556382}, "max_rme": {"type": "float", "data": 0.004695514428495029}, "simu": {"type": "float", "data": 0.002}}, {"type": "dict", "image_number": {"type": "int", "data": 13}, "Hcamera2end": {"type": "ndarray", "data": [[0.9999926476671364, -0.003142432127522971, 0.002197665123372434, -0.01660651781695824], [-0.002206889006252425, -0.002934820200879207, 0.9999932582129255, 0.032297603155583894], [-0.0031359611899158296, -0.9999907559326299, -0.002941733622019438, 0.031951230487065135], [0.0, 0.0, 0.0, 1.0]]}, "Hobj2base": {"type": "ndarray", "data": [[0.9999982427076409, -0.0008319235298470651, 0.0016800252588908423, -0.7339810663500023], [-0.0008378326579208276, -0.9999934550292218, 0.00351964986284245, 0.08956567139074988], [0.0016770861836368947, -0.00352105125781667, -0.9999923947610663, -0.002448562661520928], [0.0, 0.0, 0.0, 1.0]]}, "mean_rme": {"type": "float", "data": 0.0015397645967969687}, "max_rme": {"type": "float", "data": 0.004785112193783081}, "simu": {"type": "float", "data": 0.002}}, {"type": "dict", "image_number": {"type": "int", "data": 14}, "Hcamera2end": {"type": "ndarray", "data": [[0.9999972367104986, -0.001827202249207513, 0.0014791562823084498, -0.016491722357129365], [-0.0014831175499025269, -0.0021684922328610856, 0.9999965489959298, 0.03277303708076875], [-0.0018239884046157406, -0.9999959794786059, -0.0021711961964121507, 0.03175392931505306], [0.0, 0.0, 0.0, 1.0]]}, "Hobj2base": {"type": "ndarray", "data": [[0.9999986499975502, -3.5179400948195404e-05, 0.001642791979223002, -0.7340860798792164], [-4.116145148874214e-05, -0.9999933688669644, 0.0036415007666421666, 0.08967208968978888], [0.0016426529798353158, -0.003641563470309569, -0.9999920203215018, -0.002876873973765281], [0.0, 0.0, 0.0, 1.0]]}, "mean_rme": {"type": "float", "data": 0.0016338422774289359}, "max_rme": {"type": "float", "data": 0.006330957889441102}, "simu": {"type": "float", "data": 0.002}}, {"type": "dict", "image_number": {"type": "int", "data": 15}, "Hcamera2end": {"type": "ndarray", "data": [[0.9999954131944849, -0.0013103725199100533, 0.002730661797162475, -0.0168844853011793], [-0.002732506395401401, -0.0014079704353715528, 0.9999952755028658, 0.031701957133329205], [-0.001306521637979435, -0.9999981502698454, -0.0014115445785760627, 0.031428414594728546], [0.0, 0.0, 0.0, 1.0]]}, "Hobj2base": {"type": "ndarray", "data": [[0.9999987945637331, 0.00024975646793926444, 0.0015324792942834724, -0.7340383512703123], [0.00024260911114008118, -0.9999891018408502, 0.004662332071905034, 0.0893770393585224], [0.0015336270406708687, -0.00466195465832144, -0.9999879570109149, -0.0017341919184095111], [0.0, 0.0, 0.0, 1.0]]}, "mean_rme": {"type": "float", "data": 0.0016438221425842357}, "max_rme": {"type": "float", "data": 0.0068593894070908545}, "simu": {"type": "float", "data": 0.002}}, {"type": "dict", "image_number": {"type": "int", "data": 16}, "Hcamera2end": {"type": "ndarray", "data": [[0.9999965117267683, -0.0010477326532925917, 0.0024246217401117055, -0.016786721845819405], [-0.002426323597085076, -0.0016261170266280711, 0.999995734339511, 0.03150215535882126], [-0.0010437854653260813, -0.9999981289981011, -0.001628653492747656, 0.031523344658959576], [0.0, 0.0, 0.0, 1.0]]}, "Hobj2base": {"type": "ndarray", "data": [[0.9999983550072784, 0.00013100361042297232, 0.0018090939144269561, -0.7340765705136102], [0.00012313559479240418, -0.9999905373266451, 0.004348573880335859, 0.0892189351091249], [0.0018096464744406908, -0.004348343963108288, -0.9999889084806972, -0.001652061992690506], [0.0, 0.0, 0.0, 1.0]]}, "mean_rme": {"type": "float", "data": 0.0015925282904718644}, "max_rme": {"type": "float", "data": 0.006863382075062485}, "simu": {"type": "float", "data": 0.002}}, {"type": "dict", "image_number": {"type": "int", "data": 17}, "Hcamera2end": {"type": "ndarray", "data": [[0.9999981731727535, -0.0012298720855430146, 0.0014632381244445464, -0.016633373908151103], [-0.0014658984581300677, -0.0021649870339315314, 0.9999965819805852, 0.031695154773036055], [-0.0012266999902493718, -0.9999969001180933, -0.0021667859464682415, 0.03242027343120289], [0.0, 0.0, 0.0, 1.0]]}, "Hobj2base": {"type": "ndarray", "data": [[0.9999970190308128, -0.00028368854185585184, 0.0024251701588466385, -0.7345512162048675], [-0.0002906874827692211, -0.9999957929736554, 0.00288609351495481, 0.0888569489862041], [0.0024243412044309734, -0.002886789878207733, -0.9999928944817174, -0.0021505012571751024], [0.0, 0.0, 0.0, 1.0]]}, "mean_rme": {"type": "float", "data": 0.0015914371225458925}, "max_rme": {"type": "float", "data": 0.006842377023857316}, "simu": {"type": "float", "data": 0.002}}, {"type": "dict", "image_number": {"type": "int", "data": 18}, "Hcamera2end": {"type": "ndarray", "data": [[0.9999983615457936, -0.0010229165573837468, 0.0014935017391803718, -0.016468191617888605], [-0.0014947384539747465, -0.0012093129465229335, 0.9999981516578678, 0.031674339929448715], [-0.0010211085556951307, -0.9999987456011703, -0.0012108399578325546, 0.03188494130603235], [0.0, 0.0, 0.0, 1.0]]}, "Hobj2base": {"type": "ndarray", "data": [[0.999998067108519, -2.670548040630229e-05, 0.0019659771217526473, -0.7346633410046676], [-3.2472116036153705e-05, -0.9999956975075683, 0.0029332425596902954, 0.08900342714213806], [0.0019658903294992552, -0.0029333007294879616, -0.9999937654915869, -0.0020011176181748322], [0.0, 0.0, 0.0, 1.0]]}, "mean_rme": {"type": "float", "data": 0.0015698174025552958}, "max_rme": {"type": "float", "data": 0.006833018873335345}, "simu": {"type": "float", "data": 0.002}}, {"type": "dict", "image_number": {"type": "int", "data": 19}, "Hcamera2end": {"type": "ndarray", "data": [[0.9999982226455104, -0.0010892323014407054, 0.0015389213149949444, -0.01648390993559598], [-0.0015397886043584917, -0.0007958488959469712, 0.9999984978366661, 0.03173908132821505], [-0.001088005916406392, -0.9999990900983502, -0.0007975246689266857, 0.03183614080361673], [0.0, 0.0, 0.0, 1.0]]}, "Hobj2base": {"type": "ndarray", "data": [[0.9999985335242897, 4.74176258312425e-05, 0.0017119289818236076, -0.7345917199877361], [4.268241206511415e-05, -0.9999961738663758, 0.002765941217743949, 0.08911730066327199], [0.001712053586120303, -0.0027658640923001084, -0.9999947094201751, -0.001999659790196863], [0.0, 0.0, 0.0, 1.0]]}, "mean_rme": {"type": "float", "data": 0.0015957584068186023}, "max_rme": {"type": "float", "data": 0.0067482840959428025}, "simu": {"type": "float", "data": 0.002}}, {"type": "dict", "image_number": {"type": "int", "data": 20}, "Hcamera2end": {"type": "ndarray", "data": [[0.9999961846259396, -0.001639035879888781, 0.002223577061419521, -0.01644639186077772], [-0.0022268381598352406, -0.0019905118994381077, 0.9999955395171459, 0.03137828052224895], [-0.0016346025123972685, -0.9999966757063558, -0.0019941541725332357, 0.032743676538014084], [0.0, 0.0, 0.0, 1.0]]}, "Hobj2base": {"type": "ndarray", "data": [[0.9999968484022469, -0.0007294261219276025, 0.0024023161961675946, -0.7345588338061977], [-0.0007380577923635237, -0.9999932687010575, 0.003594137346989637, 0.08973833878218877], [0.0023996783677924347, -0.003595899067902752, -0.9999906554831519, -0.0017528473395692773], [0.0, 0.0, 0.0, 1.0]]}, "mean_rme": {"type": "float", "data": 0.0016416804657997763}, "max_rme": {"type": "float", "data": 0.006698064586614982}, "simu": {"type": "float", "data": 0.002}}, {"type": "dict", "image_number": {"type": "int", "data": 21}, "Hcamera2end": {"type": "ndarray", "data": [[0.9999942445912033, -0.0007979161350723249, 0.003297592198864578, -0.016460158914481722], [-0.0032965788246285726, 0.0012680255804342622, 0.9999937623201358, 0.030884687084198434], [-0.0008020925891889161, -0.9999988777198545, 0.0012653878889938852, 0.03224621295374993], [0.0, 0.0, 0.0, 1.0]]}, "Hobj2base": {"type": "ndarray", "data": [[0.9999998520748518, 0.0004362817370825818, -0.00032482075141973164, -0.7356586535974219], [0.0004379152453604037, -0.9999871730658156, 0.00504598197346604, 0.09031528153088962], [-0.00032261511518466026, -0.005046123470997465, -0.9999872161969887, -0.0007257084247144509], [0.0, 0.0, 0.0, 1.0]]}, "mean_rme": {"type": "float", "data": 0.0017164245490875832}, "max_rme": {"type": "float", "data": 0.00682529673618007}, "simu": {"type": "float", "data": 0.002}}, {"type": "dict", "image_number": {"type": "int", "data": 22}, "Hcamera2end": {"type": "ndarray", "data": [[0.9999941413651668, -0.0008440254505196051, 0.003317356836628622, -0.016567846184815545], [-0.0033163164410516957, 0.0012310869023267612, 0.9999937432155772, 0.03124038862058526], [-0.0008481041241862315, -0.9999988860224185, 0.0012282806343599795, 0.03228252935753514], [0.0, 0.0, 0.0, 1.0]]}, "Hobj2base": {"type": "ndarray", "data": [[0.9999998851734887, 0.0003314531767987923, -0.0003461095216529862, -0.7356256809175707], [0.00033326349641280906, -0.9999861967536581, 0.005243590143705355, 0.09042573032011994], [-0.00034436673960703575, -0.005243704887271519, -0.9999861923899764, -0.0010938292100144914], [0.0, 0.0, 0.0, 1.0]]}, "mean_rme": {"type": "float", "data": 0.0017113799943179223}, "max_rme": {"type": "float", "data": 0.006870572768489375}, "simu": {"type": "float", "data": 0.002}}, {"type": "dict", "image_number": {"type": "int", "data": 23}, "Hcamera2end": {"type": "ndarray", "data": [[0.9999948399426432, -0.0012747495328001722, 0.002948745786949181, -0.01652869736409071], [-0.0029467625016054433, 0.0015549121298057411, 0.9999944494041092, 0.03153386314651482], [-0.0012793274977724945, -0.9999979786289056, 0.0015511477222477366, 0.03214183916611975], [0.0, 0.0, 0.0, 1.0]]}, "Hobj2base": {"type": "ndarray", "data": [[0.9999996307823229, 1.9106890981283984e-05, -0.0008591100887260641, -0.7355912417964542], [2.353422905904775e-05, -0.9999867193981726, 0.005153685421256237, 0.09071122295471534], [-0.0008590002083215536, -0.0051537037369180924, -0.9999863506350648, -0.0011650806019867111], [0.0, 0.0, 0.0, 1.0]]}, "mean_rme": {"type": "float", "data": 0.0017973712381632132}, "max_rme": {"type": "float", "data": 0.006985727006681347}, "simu": {"type": "float", "data": 0.002}}, {"type": "dict", "image_number": {"type": "int", "data": 24}, "Hcamera2end": {"type": "ndarray", "data": [[0.9999939361958262, -0.0014731289360597546, 0.0031555447573596803, -0.016441405902110483], [-0.003152557848978806, 0.002025532582604739, 0.9999929792737375, 0.031579825720327366], [-0.0014795102523466447, -0.9999968635495285, 0.0020208761759819005, 0.0318940665290924], [0.0, 0.0, 0.0, 1.0]]}, "Hobj2base": {"type": "ndarray", "data": [[0.999999259405162, 9.010665038416766e-05, -0.0012137009183282171, -0.7356112483806267], [9.656079785429982e-05, -0.99998585077855, 0.0053187328106712286, 0.09088677143526419], [-0.0012132044922072921, -0.005318846067574194, -0.9999851188949609, -0.0012646023274245379], [0.0, 0.0, 0.0, 1.0]]}, "mean_rme": {"type": "float", "data": 0.0017848285410754295}, "max_rme": {"type": "float", "data": 0.0069479158917965245}, "simu": {"type": "float", "data": 0.002}}, {"type": "dict", "image_number": {"type": "int", "data": 25}, "Hcamera2end": {"type": "ndarray", "data": [[0.9999947148833315, -0.002122114577399763, 0.002463094623635982, -0.016227074169019154], [-0.0024598735232885856, 0.0015191483222404267, 0.9999958205965788, 0.03137282512266333], [-0.002125847514291854, -0.9999965944032488, 0.001513920159902038, 0.032031793307699744], [0.0, 0.0, 0.0, 1.0]]}, "Hobj2base": {"type": "ndarray", "data": [[0.999999299202198, -0.000796998850227232, -0.000875435860373335, -0.7353173082483552], [-0.0007930058464839638, -0.9999893248117806, 0.004552076911250031, 0.09095701401848882], [-0.0008790545149951639, -0.00455137949540904, -0.9999892560462078, -0.0013011279988185498], [0.0, 0.0, 0.0, 1.0]]}, "mean_rme": {"type": "float", "data": 0.0018220336563718543}, "max_rme": {"type": "float", "data": 0.006892522783362248}, "simu": {"type": "float", "data": 0.002}}, {"type": "dict", "image_number": {"type": "int", "data": 26}, "Hcamera2end": {"type": "ndarray", "data": [[0.9999938516579, -0.0013456405479945676, 0.0032381936189023624, -0.01627349977124487], [-0.0032352777977648654, 0.002163421363368778, 0.9999924262641072, 0.031662211671623086], [-0.0013526359337223087, -0.9999967544244933, 0.0021590545409254647, 0.032670429177698426], [0.0, 0.0, 0.0, 1.0]]}, "Hobj2base": {"type": "ndarray", "data": [[0.9999991602035078, 3.137461062964333e-05, -0.0012956110191524738, -0.7363859943218312], [3.7821387081970524e-05, -0.9999876182567076, 0.004976133320208353, 0.0910609549098814], [-0.0012954388529840648, -0.004976178143074908, -0.9999867796572448, -0.0015171641943428306], [0.0, 0.0, 0.0, 1.0]]}, "mean_rme": {"type": "float", "data": 0.0019006117897256139}, "max_rme": {"type": "float", "data": 0.007225314454973014}, "simu": {"type": "float", "data": 0.002}}, {"type": "dict", "image_number": {"type": "int", "data": 27}, "Hcamera2end": {"type": "ndarray", "data": [[0.999995168302548, -0.0008068526269078547, 0.0030020593593799725, -0.01640577355322186], [-0.0030002895656512357, 0.0021857856161087152, 0.9999931102781471, 0.03219851089816844], [-0.0008134089260841161, -0.9999972856613556, 0.002183354263536441, 0.032668791663362284], [0.0, 0.0, 0.0, 1.0]]}, "Hobj2base": {"type": "ndarray", "data": [[0.9999991111595193, 0.00033832310894940296, -0.001289657956643685, -0.736387274852042], [0.00034488280454822136, -0.9999869886345618, 0.005089559650149107, 0.09103740534633721], [-0.0012879192607886988, -0.005089999907195457, -0.9999862164874689, -0.0021625527017975653], [0.0, 0.0, 0.0, 1.0]]}, "mean_rme": {"type": "float", "data": 0.0019331202214873566}, "max_rme": {"type": "float", "data": 0.007103734968914893}, "simu": {"type": "float", "data": 0.002}}, {"type": "dict", "image_number": {"type": "int", "data": 28}, "Hcamera2end": {"type": "ndarray", "data": [[0.9999994970551936, -0.0006011310379642883, -0.0008028267776104929, -0.014617133142826318], [0.0008037768605196771, 0.001581922174754835, 0.9999984257312566, 0.032519578868961355], [-0.0005998600821404954, -0.999998568080829, 0.0015824045543537668, 0.033086916406826816], [0.0, 0.0, 0.0, 1.0]]}, "Hobj2base": {"type": "ndarray", "data": [[0.9999992415897575, 0.0005416571291072138, -0.0011060865537038317, -0.7365038530651207], [0.0005437283253234003, -0.9999980979203855, 0.0018731030723601564, 0.09087861351428336], [-0.0011050698702064494, -0.0018737030623691092, -0.9999976340259094, -0.002405617254885623], [0.0, 0.0, 0.0, 1.0]]}, "mean_rme": {"type": "float", "data": 0.0020006960095134987}, "max_rme": {"type": "float", "data": 0.008537935427204824}, "simu": {"type": "float", "data": 0.002}}, {"type": "dict", "image_number": {"type": "int", "data": 29}, "Hcamera2end": {"type": "ndarray", "data": [[0.9999996693715998, -0.00048755851651533964, -0.0006508021082667869, -0.014712584138675381], [0.000651593992467482, 0.001625788479569068, 0.9999984661173681, 0.03256705817789224], [-0.00048649970208769955, -0.9999985595482189, 0.00162610563223764, 0.03305793249140583], [0.0, 0.0, 0.0, 1.0]]}, "Hobj2base": {"type": "ndarray", "data": [[0.999998818117989, 0.0008319235838874069, -0.001292929145689488, -0.7365464335865597], [0.000834675842308346, -0.9999973840132566, 0.0021296203607307886, 0.09088698501809517], [-0.0012911540820011644, -0.0021306970204945175, -0.9999968965208554, -0.0023940163393414505], [0.0, 0.0, 0.0, 1.0]]}, "mean_rme": {"type": "float", "data": 0.001960309078701892}, "max_rme": {"type": "float", "data": 0.00853322867019235}, "simu": {"type": "float", "data": 0.002}}, {"type": "dict", "image_number": {"type": "int", "data": 30}, "Hcamera2end": {"type": "ndarray", "data": [[0.9999997360024869, -0.0006515499986575555, 0.0003216792746747049, -0.015334467462217827], [-0.00032103687381271226, 0.0009858226197906328, 0.9999994625443998, 0.031977982280935735], [-0.0006518667671836519, -0.9999993018179372, 0.0009856131879611985, 0.03334491037616054], [0.0, 0.0, 0.0, 1.0]]}, "Hobj2base": {"type": "ndarray", "data": [[0.9999995719413032, 0.0004095578771939143, -0.0008296864200944831, -0.7365133671021024], [0.00041201768048563207, -0.9999955143369237, 0.002966740208105854, 0.0906516815429797], [-0.0008284676465789259, -0.0029670807836412448, -0.9999952550252336, -0.0019940719116583274], [0.0, 0.0, 0.0, 1.0]]}, "mean_rme": {"type": "float", "data": 0.0019990299774768155}, "max_rme": {"type": "float", "data": 0.008888509788506083}, "simu": {"type": "float", "data": 0.002}}]}