{"type": "list", "data": [{"type": "dict", "image_number": {"type": "int", "data": 5}, "Hcamera2end": {"type": "ndarray", "data": [[0.999477975650982, -0.006335415812078053, -0.031680257181772836, -0.018017460806427174], [0.031631104560079434, -0.007713684876814009, 0.9994698456131281, 0.032331139853084744], [-0.0065764285843092525, -0.9999501795450156, -0.007509261945504386, 0.03248057032862602], [0.0, 0.0, 0.0, 1.0]]}, "Hobj2base": {"type": "ndarray", "data": [[0.9999384792367392, -0.005603752837741364, 0.009572653542821727, -0.7304123010757508], [-0.005300810653065537, -0.9994933415193588, -0.03138409891787306, 0.071744375923554], [0.009743672210093002, 0.03133142532027549, -0.9994615563588538, -0.009509521778853692], [0.0, 0.0, 0.0, 1.0]]}, "mean_rme": {"type": "float", "data": 0.0013651782826343195}, "max_rme": {"type": "float", "data": 0.004245454028359685}, "simu": {"type": "float", "data": 0.002}}, {"type": "dict", "image_number": {"type": "int", "data": 6}, "Hcamera2end": {"type": "ndarray", "data": [[0.99997266797464, -0.007315486370535949, 0.0010709635114596878, -0.017502017382257692], [-0.0011013141126177731, -0.004146047546272014, 0.9999907986561524, 0.03373426222424647], [-0.007310978792591606, -0.999964646349513, -0.004153990874775859, 0.03193602255669507], [0.0, 0.0, 0.0, 1.0]]}, "Hobj2base": {"type": "ndarray", "data": [[0.9999542758520599, -0.006971910441937937, 0.006545125665113637, -0.7312098423600233], [-0.006966563312445611, -0.9999753808922967, -0.0008394074813682038, 0.08826733655248979], [0.006550816803744348, 0.0007937720678424168, -0.9999782281255467, -0.004744823486691548], [0.0, 0.0, 0.0, 1.0]]}, "mean_rme": {"type": "float", "data": 0.0014177409054739573}, "max_rme": {"type": "float", "data": 0.004903834351212194}, "simu": {"type": "float", "data": 0.002}}, {"type": "dict", "image_number": {"type": "int", "data": 7}, "Hcamera2end": {"type": "ndarray", "data": [[0.999984524889515, -0.004688822809449947, -0.002994147984443968, -0.017316363069232364], [0.0029949373929931324, 0.00016134727757977085, 0.9999955021484187, 0.0337891631434757], [-0.004688318622194898, -0.999988994393297, 0.0001753875114739456, 0.03238139111780909], [0.0, 0.0, 0.0, 1.0]]}, "Hobj2base": {"type": "ndarray", "data": [[0.9999887818504939, -0.004388573815681289, 0.0017822999269372724, -0.7344330256340647], [-0.004382228685269405, -0.9999841019241669, -0.0035485166854009216, 0.08685780644313736], [0.001797844519207936, 0.0035406664317446422, -0.9999921156870704, -0.004582425390963699], [0.0, 0.0, 0.0, 1.0]]}, "mean_rme": {"type": "float", "data": 0.001457779104548225}, "max_rme": {"type": "float", "data": 0.0057342452473152505}, "simu": {"type": "float", "data": 0.002}}, {"type": "dict", "image_number": {"type": "int", "data": 8}, "Hcamera2end": {"type": "ndarray", "data": [[0.9999809517393181, -0.005724034333489835, -0.0023090234898368424, -0.017334932004978675], [0.002319873481661061, 0.001889600466497221, 0.9999955237885348, 0.032356030887842835], [-0.005719645579638176, -0.9999818322554795, 0.0019028435083533468, 0.03188247154271536], [0.0, 0.0, 0.0, 1.0]]}, "Hobj2base": {"type": "ndarray", "data": [[0.9999853136372794, -0.005321964551967212, 0.0010243061356721536, -0.7343288842105686], [-0.0053188373202959945, -0.9999812585676933, -0.0030319107723878118, 0.08690870248850144], [0.0010404226603634263, 0.003026418126944651, -0.9999948791438926, -0.00295968852054454], [0.0, 0.0, 0.0, 1.0]]}, "mean_rme": {"type": "float", "data": 0.0015459873470869269}, "max_rme": {"type": "float", "data": 0.005202654521461819}, "simu": {"type": "float", "data": 0.002}}, {"type": "dict", "image_number": {"type": "int", "data": 9}, "Hcamera2end": {"type": "ndarray", "data": [[0.9999746758825699, -0.006740244967950964, -0.002284007732281115, -0.017159890402163328], [0.0022962490621768, 0.0018089755031712729, 0.9999957274148094, 0.032222248347666925], [-0.0067360844556433805, -0.999975648056192, 0.001824406973649717, 0.03248856015870951], [0.0, 0.0, 0.0, 1.0]]}, "Hobj2base": {"type": "ndarray", "data": [[0.9999759721833934, -0.006760678291992168, 0.0015324114687351985, -0.7345894931513599], [-0.0067564056379785355, -0.9999733208655976, -0.002776425738924376, 0.08760041801933846], [0.0015511411065461387, 0.0027660054339888334, -0.9999949715749608, -0.0030365419312028716], [0.0, 0.0, 0.0, 1.0]]}, "mean_rme": {"type": "float", "data": 0.0015273699249331695}, "max_rme": {"type": "float", "data": 0.005355536153512863}, "simu": {"type": "float", "data": 0.002}}, {"type": "dict", "image_number": {"type": "int", "data": 10}, "Hcamera2end": {"type": "ndarray", "data": [[0.9999805429550385, -0.005547347390296895, -0.002853182131901593, -0.01598316559977408], [0.0028696409256972113, 0.0029612742347472354, 0.9999914979717898, 0.03197621224041737], [-0.00553885117185865, -0.9999802287004668, 0.0029771355122015786, 0.03123574846262248], [0.0, 0.0, 0.0, 1.0]]}, "Hobj2base": {"type": "ndarray", "data": [[0.9999815257089868, -0.006073232967682839, -0.00025314432106783103, -0.7346474229706473], [-0.006073912137223963, -0.999977704452609, -0.0027745610535416685, 0.08856770258244875], [-0.0002362881214154058, 0.0027760473718575346, -0.9999961188569249, -0.0028411263241610698], [0.0, 0.0, 0.0, 1.0]]}, "mean_rme": {"type": "float", "data": 0.0017707316776735913}, "max_rme": {"type": "float", "data": 0.005802017569698087}, "simu": {"type": "float", "data": 0.002}}, {"type": "dict", "image_number": {"type": "int", "data": 11}, "Hcamera2end": {"type": "ndarray", "data": [[0.9999738046382939, -0.0057655040421777885, -0.004375957078731074, -0.015167386603277202], [0.0043893460238948225, 0.0023116472035529245, 0.9999876948886365, 0.032177470869958404], [-0.005755317428064567, -0.9999807074390715, 0.002336893441361565, 0.030928353168928755], [0.0, 0.0, 0.0, 1.0]]}, "Hobj2base": {"type": "ndarray", "data": [[0.9999810421526889, -0.006156837595432386, 9.3198957075779e-05, -0.7340460803899337], [-0.00615635867647267, -0.9999710274698113, -0.004476993278555816, 0.0882759708911403], [0.00012076037739809212, 0.0044763346381927974, -0.9999899738723073, -0.002952771458727087], [0.0, 0.0, 0.0, 1.0]]}, "mean_rme": {"type": "float", "data": 0.0018750756708117225}, "max_rme": {"type": "float", "data": 0.005169141800864613}, "simu": {"type": "float", "data": 0.002}}, {"type": "dict", "image_number": {"type": "int", "data": 12}, "Hcamera2end": {"type": "ndarray", "data": [[0.999981603523545, -0.004533707725752061, -0.004029653674576903, -0.016113604926433343], [0.004040619919063096, 0.002412270904119884, 0.999988927108573, 0.03204253799080635], [-0.0045239369081857906, -0.9999868131347246, 0.0024305455165788414, 0.030789596984319476], [0.0, 0.0, 0.0, 1.0]]}, "Hobj2base": {"type": "ndarray", "data": [[0.9999851408795253, -0.005438551144581226, -0.00037440833823709687, -0.7337935708281186], [-0.005439989068951659, -0.999977389664739, -0.003953059350009305, 0.0874127275940894], [-0.00035290095728645417, 0.003955037388291513, -0.9999921165390113, -0.0028836464055814887], [0.0, 0.0, 0.0, 1.0]]}, "mean_rme": {"type": "float", "data": 0.0018403587755648073}, "max_rme": {"type": "float", "data": 0.005576636026406623}, "simu": {"type": "float", "data": 0.002}}, {"type": "dict", "image_number": {"type": "int", "data": 13}, "Hcamera2end": {"type": "ndarray", "data": [[0.9999788551470249, -0.004649652251867341, -0.0045464263748757235, -0.015785570002763354], [0.004549824378419409, 0.0007204917395211563, 0.9999893899386028, 0.03211869809763571], [-0.004646327256124034, -0.9999889307515308, 0.0007416316059959405, 0.03151113884485964], [0.0, 0.0, 0.0, 1.0]]}, "Hobj2base": {"type": "ndarray", "data": [[0.9999869096905318, -0.005102845958995332, 0.0003760461391790578, -0.7337453009914068], [-0.005101190796527382, -0.9999778367034284, -0.004278312095688321, 0.08746066817747342], [0.00039786937234575473, 0.004276337808154737, -0.999990777274927, -0.0028973709888907573], [0.0, 0.0, 0.0, 1.0]]}, "mean_rme": {"type": "float", "data": 0.001829177649496759}, "max_rme": {"type": "float", "data": 0.005604978596706278}, "simu": {"type": "float", "data": 0.002}}, {"type": "dict", "image_number": {"type": "int", "data": 14}, "Hcamera2end": {"type": "ndarray", "data": [[0.9999785661129428, -0.004615433765059085, -0.004643822333298401, -0.015008396785854694], [0.004638914672467198, -0.0010734524173152682, 0.9999886640210326, 0.03199261385708104], [-0.004620366366908259, -0.9999887726725077, -0.001052018805644872, 0.03232342678221778], [0.0, 0.0, 0.0, 1.0]]}, "Hobj2base": {"type": "ndarray", "data": [[0.999984099390016, -0.005047861486092114, 0.0025139732607897826, -0.7333676986386534], [-0.005036156537798121, -0.9999765501318221, -0.004640723411999919, 0.08811228262371697], [0.0025373400374272543, 0.004627988858793724, -0.9999860717153302, -0.0033109519454784637], [0.0, 0.0, 0.0, 1.0]]}, "mean_rme": {"type": "float", "data": 0.0018277093095613677}, "max_rme": {"type": "float", "data": 0.0056371486917442815}, "simu": {"type": "float", "data": 0.002}}, {"type": "dict", "image_number": {"type": "int", "data": 15}, "Hcamera2end": {"type": "ndarray", "data": [[0.9999696449228124, -0.0068630188390971045, -0.003688930110315183, -0.015399131444427878], [0.003689343002204611, 4.750261236896591e-05, 0.9999931932226909, 0.03220770932571037], [-0.006862796890239112, -0.9999764480806115, 7.282120095153388e-05, 0.03199153021481227], [0.0, 0.0, 0.0, 1.0]]}, "Hobj2base": {"type": "ndarray", "data": [[0.9999750983803092, -0.006831635605200967, 0.0017695689443487054, -0.7330252530298871], [-0.006824733792977786, -0.999969193965017, -0.0038773869563283286, 0.08845416614720249], [0.0017960033257318952, 0.0038652135661394475, -0.9999909172068224, -0.003186513984150859], [0.0, 0.0, 0.0, 1.0]]}, "mean_rme": {"type": "float", "data": 0.0018924187698244883}, "max_rme": {"type": "float", "data": 0.006234176476850678}, "simu": {"type": "float", "data": 0.002}}, {"type": "dict", "image_number": {"type": "int", "data": 16}, "Hcamera2end": {"type": "ndarray", "data": [[0.9999667749870038, -0.007024731746979302, -0.00413546442057551, -0.014989999983089173], [0.0041388990355445375, 0.0004744646497090166, 0.9999913221613825, 0.03137022008771854], [-0.007022708655813177, -0.9999752137064095, 0.0005035235410673078, 0.031735311789123165], [0.0, 0.0, 0.0, 1.0]]}, "Hobj2base": {"type": "ndarray", "data": [[0.99997649172642, -0.0067466179294943494, 0.001224394149957311, -0.7331057026630322], [-0.006741507941658497, -0.9999687442279577, -0.0041306945945497305, 0.08848134298668875], [0.001252224098785725, 0.00412234322616547, -0.9999907190674979, -0.002198106699912404], [0.0, 0.0, 0.0, 1.0]]}, "mean_rme": {"type": "float", "data": 0.001897419791521762}, "max_rme": {"type": "float", "data": 0.006051164250654328}, "simu": {"type": "float", "data": 0.002}}, {"type": "dict", "image_number": {"type": "int", "data": 17}, "Hcamera2end": {"type": "ndarray", "data": [[0.9999673079291733, -0.006910716099800545, -0.004198222941878972, -0.0149649704927954], [0.004201293266924262, 0.0004298274071633523, 0.9999910821518787, 0.03134946564852588], [-0.006908849959802156, -0.9999760283383738, 0.0004588473002350435, 0.03201090266861166], [0.0, 0.0, 0.0, 1.0]]}, "Hobj2base": {"type": "ndarray", "data": [[0.9999745672678305, -0.00704807382806508, 0.0010906295563542878, -0.733259584375312], [-0.00704350074188707, -0.9999666176090163, -0.004141589656527545, 0.08866494656433743], [0.0011197833781967756, 0.004133802474497749, -0.9999908288390891, -0.002007290015564427], [0.0, 0.0, 0.0, 1.0]]}, "mean_rme": {"type": "float", "data": 0.0018972044088761584}, "max_rme": {"type": "float", "data": 0.006035150922817173}, "simu": {"type": "float", "data": 0.002}}, {"type": "dict", "image_number": {"type": "int", "data": 18}, "Hcamera2end": {"type": "ndarray", "data": [[0.9999836412818215, -0.005068055585490165, -0.0026517883270906466, -0.014941567177432778], [0.002658300347183024, 0.0012786108530141727, 0.9999956492873109, 0.03130621781177356], [-0.005064642930501506, -0.9999863398901351, 0.0012920623505020545, 0.03179493212506307], [0.0, 0.0, 0.0, 1.0]]}, "Hobj2base": {"type": "ndarray", "data": [[0.9999846070205998, -0.005488816639647486, 0.0008115502158820808, -0.7333980015698514], [-0.005486517411104734, -0.9999810044225854, -0.002808722253087757, 0.08922376693736075], [0.0008269513614560254, 0.002804226434094551, -0.9999957262236434, -0.0018586619989439143], [0.0, 0.0, 0.0, 1.0]]}, "mean_rme": {"type": "float", "data": 0.001964030658990671}, "max_rme": {"type": "float", "data": 0.005589604852495739}, "simu": {"type": "float", "data": 0.002}}, {"type": "dict", "image_number": {"type": "int", "data": 19}, "Hcamera2end": {"type": "ndarray", "data": [[0.9999903459119552, -0.004328519595341728, -0.0007563074777838608, -0.015293504184692932], [0.0007466521168736793, -0.002231819570703397, 0.9999972307421758, 0.031414141406355095], [-0.004330195550385358, -0.9999881413794449, -0.002228566126201814, 0.03302864084128074], [0.0, 0.0, 0.0, 1.0]]}, "Hobj2base": {"type": "ndarray", "data": [[0.999984314789542, -0.004697386245693736, 0.0030503667564573396, -0.733233810533643], [-0.004695132270144755, -0.9999886997977787, -0.0007456605889973841, 0.08985851304937004], [0.003053834942490854, 0.0007313270177600958, -0.9999950696143143, -0.0018170939535583149], [0.0, 0.0, 0.0, 1.0]]}, "mean_rme": {"type": "float", "data": 0.0021060423217048175}, "max_rme": {"type": "float", "data": 0.006610818391232232}, "simu": {"type": "float", "data": 0.002}}, {"type": "dict", "image_number": {"type": "int", "data": 20}, "Hcamera2end": {"type": "ndarray", "data": [[0.9999932084852644, -0.003321004744593094, -0.0015980960024050974, -0.01525573076120333], [0.0015901809825755804, -0.0023845962302102564, 0.9999958925041952, 0.031201624309806667], [-0.0033248019172828864, -0.999991642279227, -0.002379299036601834, 0.033334949486385865], [0.0, 0.0, 0.0, 1.0]]}, "Hobj2base": {"type": "ndarray", "data": [[0.9999883787294266, -0.003833179331402316, 0.002923891637219064, -0.7337665543987586], [-0.003829257602363554, -0.9999917629165893, -0.001345691341460342, 0.08956578447119895], [0.002929025829116298, 0.0013344793685368462, -0.9999948199728375, -0.001722074823687883], [0.0, 0.0, 0.0, 1.0]]}, "mean_rme": {"type": "float", "data": 0.0021498567885273605}, "max_rme": {"type": "float", "data": 0.006862470291009837}, "simu": {"type": "float", "data": 0.002}}, {"type": "dict", "image_number": {"type": "int", "data": 21}, "Hcamera2end": {"type": "ndarray", "data": [[0.9999917045904358, -0.0036311161598921076, -0.0018454662684326245, -0.015080237980659302], [0.0018392526067010154, -0.001713822167861423, 0.9999968399767201, 0.03093078528152869], [-0.00363426748648139, -0.9999919388720144, -0.0017071294111423718, 0.03302833243183041], [0.0, 0.0, 0.0, 1.0]]}, "Hobj2base": {"type": "ndarray", "data": [[0.9999890059656796, -0.004118714623467772, 0.002241458815664819, -0.7336969357244824], [-0.004115825058163197, -0.9999906950138491, -0.0012922344250751905, 0.08970720210983434], [0.0022467603037450872, 0.001282994765845217, -0.9999966529906827, -0.0013941864219640468], [0.0, 0.0, 0.0, 1.0]]}, "mean_rme": {"type": "float", "data": 0.002100749894117793}, "max_rme": {"type": "float", "data": 0.007077862749935604}, "simu": {"type": "float", "data": 0.002}}, {"type": "dict", "image_number": {"type": "int", "data": 22}, "Hcamera2end": {"type": "ndarray", "data": [[0.9999928470606991, -0.003029425418019608, -0.00226459909780329, -0.014811136268703956], [0.002257963715656542, -0.002191940422467731, 0.9999950484862629, 0.03089917049833194], [-0.003034374284081194, -0.9999930089649732, -0.0021850844109776446, 0.03359842634374104], [0.0, 0.0, 0.0, 1.0]]}, "Hobj2base": {"type": "ndarray", "data": [[0.9999904487396213, -0.003567291046311619, 0.002525245358726349, -0.7340393547045978], [-0.0035627051972731373, -0.9999920006512464, -0.001818176337765359, 0.08941563872482378], [0.002531711122578362, 0.0018091622671258184, -0.9999951586736224, -0.0016156834865830758], [0.0, 0.0, 0.0, 1.0]]}, "mean_rme": {"type": "float", "data": 0.002125610315233026}, "max_rme": {"type": "float", "data": 0.007274961011686898}, "simu": {"type": "float", "data": 0.002}}, {"type": "dict", "image_number": {"type": "int", "data": 23}, "Hcamera2end": {"type": "ndarray", "data": [[0.999996497185924, -0.0018802570108330421, -0.0018628605572074772, -0.01513265568413037], [0.0018604827566414037, -0.0012655725121626382, 0.9999974684618599, 0.030852889675237128], [-0.0018826098360059003, -0.9999974314765961, -0.001262069893350759, 0.033207573985843945], [0.0, 0.0, 0.0, 1.0]]}, "Hobj2base": {"type": "ndarray", "data": [[0.999994480610968, -0.002828376439022645, 0.001743282627571464, -0.7341041795224028], [-0.0028260710538812626, -0.9999951308407165, -0.0013234867800979635, 0.08930777158902903], [0.0017470174580768607, 0.0013185528346870317, -0.999997604671343, -0.0014728491884353114], [0.0, 0.0, 0.0, 1.0]]}, "mean_rme": {"type": "float", "data": 0.0021377966821538616}, "max_rme": {"type": "float", "data": 0.007375194756436998}, "simu": {"type": "float", "data": 0.002}}, {"type": "dict", "image_number": {"type": "int", "data": 24}, "Hcamera2end": {"type": "ndarray", "data": [[0.9999974278708194, -0.0018705214047059523, -0.001282732014070593, -0.01513693355936452], [0.0012804367965178476, -0.0012277286539275067, 0.9999984265807436, 0.030890803180492046], [-0.0018720933084405385, -0.9999974969128809, -0.0012253304116154329, 0.033453106679760536], [0.0, 0.0, 0.0, 1.0]]}, "Hobj2base": {"type": "ndarray", "data": [[0.9999947814514464, -0.0027964097302945004, 0.001617764659722181, -0.734505923264957], [-0.0027948162534200817, -0.9999956079886649, -0.000986410406428721, 0.08936003134441832], [0.0016205159621400591, 0.000981883903832921, -0.9999982049143967, -0.0014539689803830709], [0.0, 0.0, 0.0, 1.0]]}, "mean_rme": {"type": "float", "data": 0.002178399518216526}, "max_rme": {"type": "float", "data": 0.007202258214697221}, "simu": {"type": "float", "data": 0.002}}, {"type": "dict", "image_number": {"type": "int", "data": 25}, "Hcamera2end": {"type": "ndarray", "data": [[0.9999979994288714, -0.0017217318446123048, -0.0010182228195987084, -0.014963883131878023], [0.001017256969563356, -0.0005617585786910073, 0.9999993248075507, 0.03094284890236779], [-0.0017223026775158921, -0.9999983600320326, -0.000560006011134373, 0.03306298114696702], [0.0, 0.0, 0.0, 1.0]]}, "Hobj2base": {"type": "ndarray", "data": [[0.9999967138690562, -0.0023945887951841997, 0.0009155302238840306, -0.7346289130441991], [-0.002393787462026838, -0.9999967517553625, -0.0008753629594017184, 0.08960866842859265], [0.0009176233843521929, 0.0008731684980733702, -0.9999991977717275, -0.001291198574345951], [0.0, 0.0, 0.0, 1.0]]}, "mean_rme": {"type": "float", "data": 0.0021746983607846553}, "max_rme": {"type": "float", "data": 0.00714639399104422}, "simu": {"type": "float", "data": 0.002}}, {"type": "dict", "image_number": {"type": "int", "data": 26}, "Hcamera2end": {"type": "ndarray", "data": [[0.9999986114701866, -0.0010510261754210165, -0.0012932137012735762, -0.01484491091056451], [0.001293286738366182, 6.881455292029326e-05, 0.9999991613366334, 0.030948751100669043], [-0.0010509363020411817, -0.9999994453041142, 7.017373558360074e-05, 0.03265775775755391], [0.0, 0.0, 0.0, 1.0]]}, "Hobj2base": {"type": "ndarray", "data": [[0.9999988288540611, -0.00152199903811436, 0.00016065314883185745, -0.7348249316718718], [-0.0015218259197226048, -0.9999982671418812, -0.001072268205532484, 0.08938354800188363], [0.00016228486162016525, 0.0010720224636239521, -0.9999994122155575, -0.0012636026880614075], [0.0, 0.0, 0.0, 1.0]]}, "mean_rme": {"type": "float", "data": 0.0021764173503632613}, "max_rme": {"type": "float", "data": 0.007374965332357597}, "simu": {"type": "float", "data": 0.002}}, {"type": "dict", "image_number": {"type": "int", "data": 27}, "Hcamera2end": {"type": "ndarray", "data": [[0.9999980059900411, -0.0018474049885664457, -0.0007583605672284655, -0.01484899111679063], [0.0007576862379309099, -0.00036568686670190864, 0.9999996460922775, 0.02957407654346501], [-0.0018476816572552137, -0.9999982266823895, -0.0003642863841830657, 0.03283283745260091], [0.0, 0.0, 0.0, 1.0]]}, "Hobj2base": {"type": "ndarray", "data": [[0.9999975280421883, -0.0021546108285782723, 0.0005491463286165365, -0.7347466761389013], [-0.0021541921071608497, -0.9999973894412815, -0.0007619494650914998, 0.08958280125989679], [0.0005507865996061162, 0.0007607646148977853, -0.9999995589355639, 0.00018629534558687282], [0.0, 0.0, 0.0, 1.0]]}, "mean_rme": {"type": "float", "data": 0.0022192914268435275}, "max_rme": {"type": "float", "data": 0.007042321565078891}, "simu": {"type": "float", "data": 0.002}}, {"type": "dict", "image_number": {"type": "int", "data": 28}, "Hcamera2end": {"type": "ndarray", "data": [[0.9999985381428441, -0.001536537317968465, -0.0007501768093794604, -0.01479538953443825], [0.0007506900800320926, 0.00033349423890960406, 0.9999996626229414, 0.029335431211107068], [-0.0015362866199319322, -0.9999987639165676, 0.00033464721471088144, 0.03236764506003591], [0.0, 0.0, 0.0, 1.0]]}, "Hobj2base": {"type": "ndarray", "data": [[0.9999980304812064, -0.001984445160856239, -3.179798352823903e-05, -0.7348977616229259], [-0.0019844671008794703, -0.9999977820904351, -0.0007054817757134274, 0.08955743204970275], [-3.039792310730045e-05, 0.0007055434883059976, -0.999999750642145, 0.0005896134061092938], [0.0, 0.0, 0.0, 1.0]]}, "mean_rme": {"type": "float", "data": 0.002240019223087409}, "max_rme": {"type": "float", "data": 0.007209839362211756}, "simu": {"type": "float", "data": 0.002}}, {"type": "dict", "image_number": {"type": "int", "data": 29}, "Hcamera2end": {"type": "ndarray", "data": [[0.9999973997085322, -0.001994274956252419, -0.0011060938355271998, -0.01462267204300554], [0.0011060321161975334, -3.2050856790366566e-05, 0.9999993878326631, 0.028180492221571894], [-0.001994309186677549, -0.9999980109180927, -2.9845041298770525e-05, 0.032569477095613905], [0.0, 0.0, 0.0, 1.0]]}, "Hobj2base": {"type": "ndarray", "data": [[0.9999973946110091, -0.0022339157848934353, 0.00046945868790776376, -0.7348741436638856], [-0.002233637833249891, -0.9999973303369183, -0.0005917609869034112, 0.08980465006002922], [0.00047077937882076404, 0.0005907108444493921, -0.9999997147136963, 0.0016076516594327624], [0.0, 0.0, 0.0, 1.0]]}, "mean_rme": {"type": "float", "data": 0.0022259000670627554}, "max_rme": {"type": "float", "data": 0.0072037976065487674}, "simu": {"type": "float", "data": 0.002}}, {"type": "dict", "image_number": {"type": "int", "data": 30}, "Hcamera2end": {"type": "ndarray", "data": [[0.9999961793576685, -0.0022170205074876974, -0.0016510875612714912, -0.014537296100660657], [0.0016515294965074568, 0.00019752151710705768, 0.9999986167168293, 0.028127881558863997], [-0.002216691315400562, -0.9999975228995917, 0.00020118223721043993, 0.03235937764260418], [0.0, 0.0, 0.0, 1.0]]}, "Hobj2base": {"type": "ndarray", "data": [[0.9999969779477687, -0.0024548283183926864, 0.00013384041648656502, -0.7346435482607055], [-0.002454709806267708, -0.9999966012588017, -0.0008785616719737326, 0.08974718914246498], [0.00013599667966944309, 0.000878230477531647, -0.9999996051079874, 0.001616859290372504], [0.0, 0.0, 0.0, 1.0]]}, "mean_rme": {"type": "float", "data": 0.00223958478173687}, "max_rme": {"type": "float", "data": 0.007442156063555583}, "simu": {"type": "float", "data": 0.002}}]}