{"type": "list", "data": [{"type": "dict", "image_number": {"type": "int", "data": 5}, "Hcamera2end": {"type": "ndarray", "data": [[0.9994352759212879, 0.007807015283247773, 0.03268301939090591, -0.010713575759884394], [-0.03255419094856543, -0.016094997022582547, 0.9993403703055967, 0.039018906872335765], [0.008327898643927922, -0.9998399879896833, -0.015831756723947876, 0.03585138044285197], [0.0, 0.0, 0.0, 1.0]]}, "Hobj2base": {"type": "ndarray", "data": [[0.9999209735274914, 0.006260671654365336, 0.010901866366364622, -0.7364099668095353], [0.005923023636646456, -0.999510075230553, 0.0307331629289036, 0.1078959061949722], [0.011088935513996513, -0.03066616218327676, -0.9994681695812608, -0.003700084367725043], [0.0, 0.0, 0.0, 1.0]]}, "mean_rme": {"type": "float", "data": 0.0016473417831949174}, "max_rme": {"type": "float", "data": 0.0046209752234006585}, "simu": {"type": "float", "data": 0.002}}, {"type": "dict", "image_number": {"type": "int", "data": 6}, "Hcamera2end": {"type": "ndarray", "data": [[0.9999622948953735, 0.0071897063277778115, -0.0048700010778625425, -0.01588504412294049], [0.004936614438868669, -0.009276612488370972, 0.9999447856249978, 0.037342307601400504], [0.007144132239819194, -0.9999311239198733, -0.00931175552079555, 0.0343889869960875], [0.0, 0.0, 0.0, 1.0]]}, "Hobj2base": {"type": "ndarray", "data": [[0.9999730820797524, 0.006664402785124152, 0.0030693405543244946, -0.7378887743106141], [0.006681075061511933, -0.9999628076603129, -0.00545403814859052, 0.08469071781779264], [0.0030328784913403427, 0.005474397831859393, -0.9999804161164534, -0.007785654213536886], [0.0, 0.0, 0.0, 1.0]]}, "mean_rme": {"type": "float", "data": 0.0018141656211808819}, "max_rme": {"type": "float", "data": 0.004739033741029852}, "simu": {"type": "float", "data": 0.002}}, {"type": "dict", "image_number": {"type": "int", "data": 7}, "Hcamera2end": {"type": "ndarray", "data": [[0.9999879943544769, 0.00426803770043666, -0.002407280851566289, -0.014231770537546465], [0.0024348708633584485, -0.006470963613893321, 0.9999760987312579, 0.037130087987138266], [0.004252358262121673, -0.9999699547906903, -0.006481278046438499, 0.03355391117495136], [0.0, 0.0, 0.0, 1.0]]}, "Hobj2base": {"type": "ndarray", "data": [[0.9999933155834866, 0.0036035229412061647, 0.0006192017099751072, -0.7373033793020779], [0.003605088632271521, -0.9999902597199046, -0.002546330943131542, 0.08806920770210326], [0.0006100199168075387, 0.002548546199440651, -0.9999965663880908, -0.007146173288441471], [0.0, 0.0, 0.0, 1.0]]}, "mean_rme": {"type": "float", "data": 0.001895052210366545}, "max_rme": {"type": "float", "data": 0.0050037309665324214}, "simu": {"type": "float", "data": 0.002}}, {"type": "dict", "image_number": {"type": "int", "data": 8}, "Hcamera2end": {"type": "ndarray", "data": [[0.9999846429238168, 0.003909475558997563, -0.003928093351755199, -0.013911475424879452], [0.003947779245596675, -0.005040517015020063, 0.9999795039035797, 0.03622695343407189], [0.0038895958086334432, -0.9999796543875654, -0.00505587335388924, 0.0331751458233086], [0.0, 0.0, 0.0, 1.0]]}, "Hobj2base": {"type": "ndarray", "data": [[0.9999948796462564, 0.0031989826349957486, -8.480194568294023e-05, -0.737158535244952], [0.0031987111919843437, -0.9999902993602716, -0.0030281070100922577, 0.08751939368569418], [-9.448798479201094e-05, 0.0030278202481804346, -0.9999954116777563, -0.006493345301536044], [0.0, 0.0, 0.0, 1.0]]}, "mean_rme": {"type": "float", "data": 0.0019002919026762822}, "max_rme": {"type": "float", "data": 0.005410078811896979}, "simu": {"type": "float", "data": 0.002}}, {"type": "dict", "image_number": {"type": "int", "data": 9}, "Hcamera2end": {"type": "ndarray", "data": [[0.999964824258565, 0.008012547015181807, -0.0024797854477035556, -0.013586298403754235], [0.0024901176495217277, -0.0012797839467355576, 0.9999960807258903, 0.03606966359602151], [0.00800934202220642, -0.999967080079829, -0.0012996911141263112, 0.031689984999745464], [0.0, 0.0, 0.0, 1.0]]}, "Hobj2base": {"type": "ndarray", "data": [[0.9999681671675941, 0.0075681057002303, -0.002527533895463862, -0.7372354264726705], [0.007563108871778144, -0.9999694376403321, -0.001980699238063043, 0.08793269125698193], [-0.0025424467892579024, 0.0019615201727676487, -0.9999948441881765, -0.005957745454801143], [0.0, 0.0, 0.0, 1.0]]}, "mean_rme": {"type": "float", "data": 0.0020007442493156762}, "max_rme": {"type": "float", "data": 0.005828016551765791}, "simu": {"type": "float", "data": 0.002}}, {"type": "dict", "image_number": {"type": "int", "data": 10}, "Hcamera2end": {"type": "ndarray", "data": [[0.9999797689042882, 0.0063222481806170724, -0.0007006854279651862, -0.015754910070323015], [0.0007244338487562675, -0.003754817473672567, 0.999992688243938, 0.035991679577676544], [0.006319571007992142, -0.9999729648963924, -0.0037593215601832153, 0.03285597507267742], [0.0, 0.0, 0.0, 1.0]]}, "Hobj2base": {"type": "ndarray", "data": [[0.9999838600688841, 0.005670801883207181, 0.000348723007461171, -0.7361317040425541], [0.005671108932766369, -0.9999835267133843, -0.0008859036823333753, 0.08733819787543318], [0.0003436934785770034, 0.0008878670300716412, -0.9999995467833618, -0.0060313397533353795], [0.0, 0.0, 0.0, 1.0]]}, "mean_rme": {"type": "float", "data": 0.002165888091317052}, "max_rme": {"type": "float", "data": 0.006819565981629638}, "simu": {"type": "float", "data": 0.002}}, {"type": "dict", "image_number": {"type": "int", "data": 11}, "Hcamera2end": {"type": "ndarray", "data": [[0.9999887317878766, 0.0047043910242866895, 0.0006363979609786646, -0.01604340796160921], [-0.0006111979456390861, -0.005356199051996358, 0.9999854686788135, 0.03597877301100931], [0.0047077313374250165, -0.9999745895955586, -0.005353263383079732, 0.034278611829199314], [0.0, 0.0, 0.0, 1.0]]}, "Hobj2base": {"type": "ndarray", "data": [[0.9999894159178128, 0.0042048256272419334, 0.0018674832786763236, -0.7363437929434894], [0.004203747152236794, -0.9999909954036359, 0.0005810520850855471, 0.088263593277145], [0.0018699096854413123, -0.000573195507667938, -0.9999980874405101, -0.006053714129791918], [0.0, 0.0, 0.0, 1.0]]}, "mean_rme": {"type": "float", "data": 0.0021788208316705937}, "max_rme": {"type": "float", "data": 0.006553776910752873}, "simu": {"type": "float", "data": 0.002}}, {"type": "dict", "image_number": {"type": "int", "data": 12}, "Hcamera2end": {"type": "ndarray", "data": [[0.9999714200100012, 0.00756017172354219, -5.4467351339539376e-05, -0.017466043905649556], [9.117144667910096e-05, -0.004854669056594707, 0.9999882118685791, 0.035812977003485014], [0.007559818182279205, -0.9999596371813523, -0.004855219581994863, 0.03487956772056911], [0.0, 0.0, 0.0, 1.0]]}, "Hobj2base": {"type": "ndarray", "data": [[0.9999769739033461, 0.00644868434108303, 0.0021133228280967617, -0.7368105373933386], [0.006450136652981656, -0.9999789656826628, -0.0006811236231036973, 0.0858666508344561], [0.002108886024551109, 0.0006947391605184081, -0.999997534965579, -0.006093610646860643], [0.0, 0.0, 0.0, 1.0]]}, "mean_rme": {"type": "float", "data": 0.0023200661134976036}, "max_rme": {"type": "float", "data": 0.006821412754093037}, "simu": {"type": "float", "data": 0.002}}, {"type": "dict", "image_number": {"type": "int", "data": 13}, "Hcamera2end": {"type": "ndarray", "data": [[0.999936758619961, 0.011095164183252699, 0.0018374145836995608, -0.016824230752335106], [-0.0017951458905954678, -0.003818408117508998, 0.9999910985657222, 0.035740247902600594], [0.011102081419139546, -0.9999311561758616, -0.003798249197721093, 0.03438056250057739], [0.0, 0.0, 0.0, 1.0]]}, "Hobj2base": {"type": "ndarray", "data": [[0.9999512670986317, 0.009783805044474085, 0.0013193129623321053, -0.7365940371338333], [0.009781966018065366, -0.9999511848073497, 0.0013932491518275475, 0.08681027016660162], [0.0013328798378955426, -0.0013802757801893244, -0.9999981591333598, -0.005770784397842219], [0.0, 0.0, 0.0, 1.0]]}, "mean_rme": {"type": "float", "data": 0.002361233836370986}, "max_rme": {"type": "float", "data": 0.007872365428791828}, "simu": {"type": "float", "data": 0.002}}, {"type": "dict", "image_number": {"type": "int", "data": 14}, "Hcamera2end": {"type": "ndarray", "data": [[0.9999320296697384, 0.01158100699754993, 0.0013477082325359822, -0.01674840258504576], [-0.0013054408844135647, -0.0036564973636472597, 0.9999924628971597, 0.03568991975130218], [0.011585847601908426, -0.9999262524326245, -0.003641130510296575, 0.03419393199256194], [0.0, 0.0, 0.0, 1.0]]}, "Hobj2base": {"type": "ndarray", "data": [[0.9999467696692849, 0.01019188717238419, 0.0016072535044419143, -0.7364536789079609], [0.010190896186934126, -0.9999478770455317, 0.0006235599739426017, 0.08666719034240648], [0.0016135249825403215, -0.0006071474280291144, -0.9999985139534613, -0.005833780626053652], [0.0, 0.0, 0.0, 1.0]]}, "mean_rme": {"type": "float", "data": 0.0022486194822368736}, "max_rme": {"type": "float", "data": 0.007985556120960496}, "simu": {"type": "float", "data": 0.002}}, {"type": "dict", "image_number": {"type": "int", "data": 15}, "Hcamera2end": {"type": "ndarray", "data": [[0.9999386340257884, 0.010961656522291596, 0.001603205828212031, -0.01654266466979504], [-0.001563036812090808, -0.003672087871426033, 0.9999920363115843, 0.03394448166907581], [0.010967456339751706, -0.9999331766957992, -0.0036547290575106306, 0.034222361454108376], [0.0, 0.0, 0.0, 1.0]]}, "Hobj2base": {"type": "ndarray", "data": [[0.9999510837094391, 0.00976614902874207, 0.0015660528301265663, -0.7364471842654408], [0.009764901513364413, -0.999952000373828, 0.0008022760220397843, 0.08679240757757795], [0.0015738128073695807, -0.0007869444260218685, -0.9999984519146612, -0.00391086992934152], [0.0, 0.0, 0.0, 1.0]]}, "mean_rme": {"type": "float", "data": 0.0022638737252206565}, "max_rme": {"type": "float", "data": 0.008505318028654396}, "simu": {"type": "float", "data": 0.002}}, {"type": "dict", "image_number": {"type": "int", "data": 16}, "Hcamera2end": {"type": "ndarray", "data": [[0.9999253028069041, 0.012064366006887478, 0.0019595610153898867, -0.016142911127583405], [-0.0018981902198315949, -0.005096298256162202, 0.9999852121996475, 0.03391890407193033], [0.012074174108837162, -0.9999142357307134, -0.005073017115424516, 0.034463548138531364], [0.0, 0.0, 0.0, 1.0]]}, "Hobj2base": {"type": "ndarray", "data": [[0.9999377236891065, 0.01089400162929611, 0.002422699310481826, -0.7363470011912147], [0.010890826602435904, -0.9999398220865563, 0.0013198868974975402, 0.08727935036348662], [0.0024369323675042438, -0.0012934195017104686, -0.9999961942060727, -0.004017916276234847], [0.0, 0.0, 0.0, 1.0]]}, "mean_rme": {"type": "float", "data": 0.0022496454285549305}, "max_rme": {"type": "float", "data": 0.008359802492950708}, "simu": {"type": "float", "data": 0.002}}, {"type": "dict", "image_number": {"type": "int", "data": 17}, "Hcamera2end": {"type": "ndarray", "data": [[0.9999320796950227, 0.011508669938601359, 0.0018402480895225665, -0.016117850376958797], [-0.0017868253441510632, -0.0046505173670616795, 0.9999875898946987, 0.03384713856149229], [0.01151708522049557, -0.9999229586345454, -0.00462963751938017, 0.034319662355175654], [0.0, 0.0, 0.0, 1.0]]}, "Hobj2base": {"type": "ndarray", "data": [[0.9999484258579624, 0.009898034673479925, 0.0022747601600452585, -0.7362088017579729], [0.00989499777915983, -0.9999501421957471, 0.0013424386972382425, 0.08753773009418754], [0.002287934250270762, -0.0013198607153824251, -0.9999965116561951, -0.003891354966697386], [0.0, 0.0, 0.0, 1.0]]}, "mean_rme": {"type": "float", "data": 0.002185768236075988}, "max_rme": {"type": "float", "data": 0.008510537634629445}, "simu": {"type": "float", "data": 0.002}}, {"type": "dict", "image_number": {"type": "int", "data": 18}, "Hcamera2end": {"type": "ndarray", "data": [[0.9999331581172085, 0.011408386245848928, 0.0018783026942409894, -0.01610105771972205], [-0.0018283101375289532, -0.004390938098638886, 0.9999886884083514, 0.03383384707548894], [0.011416504709703264, -0.9999252814015053, -0.004369786531843056, 0.03396853368683273], [0.0, 0.0, 0.0, 1.0]]}, "Hobj2base": {"type": "ndarray", "data": [[0.9999517517236952, 0.009691653177425635, 0.001601899935046769, -0.7360246442384232], [0.009689517544313124, -0.9999521635472179, 0.0013356148382554927, 0.087464180060358], [0.0016147676216271601, -0.00132002875961687, -0.9999978250224355, -0.003982419313464081], [0.0, 0.0, 0.0, 1.0]]}, "mean_rme": {"type": "float", "data": 0.0021705723971219572}, "max_rme": {"type": "float", "data": 0.008485279998535905}, "simu": {"type": "float", "data": 0.002}}, {"type": "dict", "image_number": {"type": "int", "data": 19}, "Hcamera2end": {"type": "ndarray", "data": [[0.9999418231715789, 0.010535824832991226, 0.0023122861820127575, -0.016172542949228937], [-0.002275846192975533, -0.003469352141244997, 0.9999913920228644, 0.03455096344405773], [0.010543756275868696, -0.9999384781029325, -0.0034451723885047247, 0.03355809250598698], [0.0, 0.0, 0.0, 1.0]]}, "Hobj2base": {"type": "ndarray", "data": [[0.9999602466495109, 0.00879998407221174, 0.0014371502976890016, -0.7358595314826716], [0.008797650443876235, -0.9999599842404245, 0.0016221173066809152, 0.08767698224567137], [0.001451367395490267, -0.0016094092761287076, -0.9999976516644749, -0.004652231953787164], [0.0, 0.0, 0.0, 1.0]]}, "mean_rme": {"type": "float", "data": 0.0021615147991676325}, "max_rme": {"type": "float", "data": 0.008358638218246922}, "simu": {"type": "float", "data": 0.002}}, {"type": "dict", "image_number": {"type": "int", "data": 20}, "Hcamera2end": {"type": "ndarray", "data": [[0.9999454863576881, 0.009946545982286831, 0.0031765603896069593, -0.016746088965598874], [-0.003128857068427767, -0.004807862288566334, 0.9999835472214827, 0.03439502768967049], [0.009961654798873319, -0.9999389734795, -0.004776478873778078, 0.03479930302340358], [0.0, 0.0, 0.0, 1.0]]}, "Hobj2base": {"type": "ndarray", "data": [[0.999961726905034, 0.008493272861435, 0.002099771702668403, -0.736355634743508], [0.008488030207350231, -0.9999608678749268, 0.0024932031650965925, 0.08785356687301224], [0.0021208649889196676, -0.0024752848168542968, -0.9999946874342756, -0.004718180254353455], [0.0, 0.0, 0.0, 1.0]]}, "mean_rme": {"type": "float", "data": 0.0022257820866711034}, "max_rme": {"type": "float", "data": 0.008380423535830878}, "simu": {"type": "float", "data": 0.002}}, {"type": "dict", "image_number": {"type": "int", "data": 21}, "Hcamera2end": {"type": "ndarray", "data": [[0.9999497269123818, 0.008800107895973323, 0.004806427870288657, -0.01753757929450861], [-0.004772757270025459, -0.003843169015157244, 0.9999812252437353, 0.0343377203436622], [0.008818414590757155, -0.9999538930135429, -0.0038009750282470556, 0.0338522894763628], [0.0, 0.0, 0.0, 1.0]]}, "Hobj2base": {"type": "ndarray", "data": [[0.9999714563624218, 0.0074273824021501, 0.0013858034021727245, -0.7359353818473723], [0.007421693052101753, -0.9999641908119781, 0.004066394716059768, 0.08842885619525818], [0.001415956446232393, -0.004055993638881258, -0.9999907719488936, -0.004486209953445434], [0.0, 0.0, 0.0, 1.0]]}, "mean_rme": {"type": "float", "data": 0.002257054966138796}, "max_rme": {"type": "float", "data": 0.008335282282877915}, "simu": {"type": "float", "data": 0.002}}, {"type": "dict", "image_number": {"type": "int", "data": 22}, "Hcamera2end": {"type": "ndarray", "data": [[0.999956358348581, 0.008741234443695093, 0.003297304754580793, -0.016618861203865506], [-0.003260925023300536, -0.004172843643241997, 0.9999859767736351, 0.03424935380180349], [0.008754871000570767, -0.9999530879977966, -0.00414415702332227, 0.03449427623568313], [0.0, 0.0, 0.0, 1.0]]}, "Hobj2base": {"type": "ndarray", "data": [[0.9999689649541185, 0.007653510005857487, 0.0018689337011063964, -0.7364456927988786], [0.007648521147845911, -0.9999672062015181, 0.0026620754650456954, 0.08834490906720512], [0.001889246632879301, -0.002647698268474664, -0.9999947102065287, -0.0047961177791834035], [0.0, 0.0, 0.0, 1.0]]}, "mean_rme": {"type": "float", "data": 0.0023082436714870055}, "max_rme": {"type": "float", "data": 0.008161774513983866}, "simu": {"type": "float", "data": 0.002}}, {"type": "dict", "image_number": {"type": "int", "data": 23}, "Hcamera2end": {"type": "ndarray", "data": [[0.9999546296100972, 0.009014844474794802, 0.00307754779469779, -0.01638365505497472], [-0.0030360272521579626, -0.004615866528564716, 0.9999847380408936, 0.03423300457960295], [0.009028912440462682, -0.9999487118624063, -0.004588287791400969, 0.03470739469213751], [0.0, 0.0, 0.0, 1.0]]}, "Hobj2base": {"type": "ndarray", "data": [[0.9999667759922993, 0.007813922908377928, 0.002321534050705924, -0.7363531636510139], [0.007807501388546112, -0.999965705521956, 0.0027623725391837843, 0.08838184247878293], [0.002343039400972795, -0.0027441553817728268, -0.9999934898676124, -0.0048523018092719765], [0.0, 0.0, 0.0, 1.0]]}, "mean_rme": {"type": "float", "data": 0.0022506707826237594}, "max_rme": {"type": "float", "data": 0.008273874799418074}, "simu": {"type": "float", "data": 0.002}}, {"type": "dict", "image_number": {"type": "int", "data": 24}, "Hcamera2end": {"type": "ndarray", "data": [[0.9999655418082682, 0.007984053213246169, 0.0022737832756424175, -0.016228665732609504], [-0.00224522803362255, -0.003583678079665864, 0.9999910580612702, 0.034172886056506036], [0.007992130327614349, -0.9999617053396143, -0.003565628572502977, 0.03426221368342724], [0.0, 0.0, 0.0, 1.0]]}, "Hobj2base": {"type": "ndarray", "data": [[0.9999743956627882, 0.006924106662692629, 0.0018068662831057822, -0.7361119670113502], [0.006920939878223932, -0.9999745133868339, 0.0017530453408448375, 0.08833604744770017], [0.0018189585051283275, -0.0017404952423674181, -0.9999968310281129, -0.004849344958871423], [0.0, 0.0, 0.0, 1.0]]}, "mean_rme": {"type": "float", "data": 0.002261825335880185}, "max_rme": {"type": "float", "data": 0.008383698721987437}, "simu": {"type": "float", "data": 0.002}}, {"type": "dict", "image_number": {"type": "int", "data": 25}, "Hcamera2end": {"type": "ndarray", "data": [[0.9999705322130235, 0.007101725748495921, 0.002915509731728979, -0.016532972931356835], [-0.002884550030781589, -0.004365810282815685, 0.9999863094421315, 0.0341362328634425], [0.007114357084275026, -0.9999652519922717, -0.004345196348821911, 0.034106701588173916], [0.0, 0.0, 0.0, 1.0]]}, "Hobj2base": {"type": "ndarray", "data": [[0.9999787031819698, 0.00604798596696175, 0.002452559530250742, -0.7354994465566516], [0.006042582619337774, -0.99997931324459, 0.0022046038570481628, 0.08832904425392321], [0.0024658422079417487, -0.0021897371124106058, -0.9999945623220079, -0.004954632942697914], [0.0, 0.0, 0.0, 1.0]]}, "mean_rme": {"type": "float", "data": 0.002272744428757984}, "max_rme": {"type": "float", "data": 0.008370284006607553}, "simu": {"type": "float", "data": 0.002}}, {"type": "dict", "image_number": {"type": "int", "data": 26}, "Hcamera2end": {"type": "ndarray", "data": [[0.9999659575750334, 0.007727574546103494, 0.00289279841694601, -0.016685644707516212], [-0.0028487893057155588, -0.005700023696755485, 0.9999796968585651, 0.03316018076937908], [0.007743906671591067, -0.9999538960979605, -0.005677815422400423, 0.0349170137127517], [0.0, 0.0, 0.0, 1.0]]}, "Hobj2base": {"type": "ndarray", "data": [[0.9999701478264377, 0.006720810078403901, 0.003812370373185173, -0.7354080719691117], [0.0067125934544323305, -0.9999751288521337, 0.0021639700258964906, 0.08792245916189446], [0.0038268191867173117, -0.002138314534274779, -0.99999039148677, -0.00440188106083235], [0.0, 0.0, 0.0, 1.0]]}, "mean_rme": {"type": "float", "data": 0.0023626118621548546}, "max_rme": {"type": "float", "data": 0.009002316430816143}, "simu": {"type": "float", "data": 0.002}}, {"type": "dict", "image_number": {"type": "int", "data": 27}, "Hcamera2end": {"type": "ndarray", "data": [[0.9999628122700497, 0.008072898094013722, 0.0030335446818861586, -0.01675554938903834], [-0.002990743805273948, -0.005308599614373355, 0.9999814369385189, 0.033221522086033704], [0.00808885211043852, -0.9999533224538522, -0.005284258229639072, 0.03468182360431228], [0.0, 0.0, 0.0, 1.0]]}, "Hobj2base": {"type": "ndarray", "data": [[0.9999679285038303, 0.007196947576512129, 0.003513674620596064, -0.7355028413065817], [0.007189118386860433, -0.9999716585434035, 0.0022357743119100462, 0.08781472090857839], [0.003529665788455041, -0.0022104423844623937, -0.9999913276643384, -0.004348675437971321], [0.0, 0.0, 0.0, 1.0]]}, "mean_rme": {"type": "float", "data": 0.0023172480692220374}, "max_rme": {"type": "float", "data": 0.008927663384341505}, "simu": {"type": "float", "data": 0.002}}, {"type": "dict", "image_number": {"type": "int", "data": 28}, "Hcamera2end": {"type": "ndarray", "data": [[0.9999631980676349, 0.007804957073554083, 0.0035616225836056603, -0.016991309054844254], [-0.0035213371705076135, -0.0051691941452136625, 0.9999804396169061, 0.0325035695725076], [0.007823215124210327, -0.9999561800783918, -0.005141520023423052, 0.03460717497438791], [0.0, 0.0, 0.0, 1.0]]}, "Hobj2base": {"type": "ndarray", "data": [[0.9999697542679683, 0.007000179715270125, 0.003389400125851077, -0.7354912276262778], [0.006990763942564345, -0.9999716946443447, 0.002781929117862674, 0.08780228335612518], [0.0034087781914552383, -0.0027581504801933213, -0.999990386372374, -0.0035673982600676534], [0.0, 0.0, 0.0, 1.0]]}, "mean_rme": {"type": "float", "data": 0.0022731121142704038}, "max_rme": {"type": "float", "data": 0.009172767446905344}, "simu": {"type": "float", "data": 0.002}}, {"type": "dict", "image_number": {"type": "int", "data": 29}, "Hcamera2end": {"type": "ndarray", "data": [[0.999936574839835, 0.010009630811987694, 0.005162711360017037, -0.017835638695373978], [-0.005130803289703412, -0.0032108002487876153, 0.9999816826419194, 0.032488498765276395], [0.01002602389691502, -0.9999447474999656, -0.003159239156568683, 0.0337398438584995], [0.0, 0.0, 0.0, 1.0]]}, "Hobj2base": {"type": "ndarray", "data": [[0.9999573282051591, 0.009010636315402165, 0.0020372044549235384, -0.7356092703364335], [0.009001966008828896, -0.9999505522591394, 0.0042258306423996125, 0.08742374043433157], [0.002075181142814716, -0.004207311473365151, -0.9999889960161517, -0.0033336878129445937], [0.0, 0.0, 0.0, 1.0]]}, "mean_rme": {"type": "float", "data": 0.0023715040982016395}, "max_rme": {"type": "float", "data": 0.009731944254551234}, "simu": {"type": "float", "data": 0.002}}, {"type": "dict", "image_number": {"type": "int", "data": 30}, "Hcamera2end": {"type": "ndarray", "data": [[0.9999428981942574, 0.009751946181479126, 0.004370342840389256, -0.017581541712243975], [-0.004334486148552601, -0.0036949865284625627, 0.9999837795206391, 0.0323254185287877], [0.009767936358157365, -0.9999456218316213, -0.0036525058624146123, 0.03374882545592567], [0.0, 0.0, 0.0, 1.0]]}, "Hobj2base": {"type": "ndarray", "data": [[0.9999577639317578, 0.008749094322842023, 0.002814906948534426, -0.7352811308088348], [0.008740065761677084, -0.9999566722578288, 0.0032038816347168533, 0.0874055205349673], [0.002842816047593285, -0.003179143843510297, -0.9999909056793168, -0.0035408106455298996], [0.0, 0.0, 0.0, 1.0]]}, "mean_rme": {"type": "float", "data": 0.0023888736074104857}, "max_rme": {"type": "float", "data": 0.009781404728736454}, "simu": {"type": "float", "data": 0.002}}]}