{"type": "list", "data": [{"type": "dict", "image_number": {"type": "int", "data": 5}, "Hcamera2end": {"type": "ndarray", "data": [[0.9999760454316267, -0.004098943364142873, 0.005577385249631638, -0.014120564937555872], [-0.005526927903950089, 0.012219763234408432, 0.9999100611827243, 0.030589885011899912], [-0.0041667290372422025, -0.9999169345749639, 0.012196815950798467, 0.03399563710076303], [0.0, 0.0, 0.0, 1.0]]}, "Hobj2base": {"type": "ndarray", "data": [[0.9998587736022502, -0.013554614655841884, -0.009935052699203665, -0.7438185121753202], [-0.01348258640353902, -0.9998825937492994, 0.007281385928868782, 0.09561466661639431], [-0.010032582642342023, -0.0071464073985226945, -0.9999241351956754, 0.0007103623474455367], [0.0, 0.0, 0.0, 1.0]]}, "mean_rme": {"type": "float", "data": 0.001601869734666744}, "max_rme": {"type": "float", "data": 0.00403620509137545}, "simu": {"type": "float", "data": 0.002}}, {"type": "dict", "image_number": {"type": "int", "data": 6}, "Hcamera2end": {"type": "ndarray", "data": [[0.9999809744484434, -0.0050778937450714715, -0.0035022473150047935, -0.014305615130491642], [0.003604530387418874, 0.020275573865275676, 0.9997879317460879, 0.029672305558993917], [-0.005005806810881559, -0.9997815341861179, 0.020293491533608043, 0.03455671643319966], [0.0, 0.0, 0.0, 1.0]]}, "Hobj2base": {"type": "ndarray", "data": [[0.99977078175366, -0.013704623252465223, -0.01644892863330711, -0.7478027434279971], [-0.013717747936384311, -0.999905672403921, -0.0006853364259313106, 0.09242135647078335], [-0.016437984767892475, 0.000910821591132887, -0.9998644723465275, 0.004253088634967307], [0.0, 0.0, 0.0, 1.0]]}, "mean_rme": {"type": "float", "data": 0.0015580845278513752}, "max_rme": {"type": "float", "data": 0.004219056471281596}, "simu": {"type": "float", "data": 0.002}}, {"type": "dict", "image_number": {"type": "int", "data": 7}, "Hcamera2end": {"type": "ndarray", "data": [[0.9999914384123757, -0.004076203543319622, -0.0007125072780897787, -0.01349429545957058], [0.0007388742450298844, 0.006470666036010431, 0.9999787920480614, 0.028763970661306308], [-0.004071506698746038, -0.999970757095288, 0.006473622438651794, 0.033046703241459974], [0.0, 0.0, 0.0, 1.0]]}, "Hobj2base": {"type": "ndarray", "data": [[0.9999512149869008, -0.008092590981136587, -0.005663710571081002, -0.7400933281654847], [-0.00807856891629097, -0.9999642569874592, 0.002494287830883944, 0.09362456601523693], [-0.0056836933842076024, -0.0024484114708490374, -0.9999808502720355, 0.0018635947926373925], [0.0, 0.0, 0.0, 1.0]]}, "mean_rme": {"type": "float", "data": 0.0017003927248890741}, "max_rme": {"type": "float", "data": 0.004879313837090948}, "simu": {"type": "float", "data": 0.002}}, {"type": "dict", "image_number": {"type": "int", "data": 8}, "Hcamera2end": {"type": "ndarray", "data": [[0.9999836756371683, -0.005705261551288639, 0.00031376712717202026, -0.014704110462037404], [-0.0002911459214287571, 0.003965370936994783, 0.9999920955024517, 0.028227436492224145], [-0.005706460657109768, -0.9999758626206752, 0.003963645141209504, 0.03304760454439545], [0.0, 0.0, 0.0, 1.0]]}, "Hobj2base": {"type": "ndarray", "data": [[0.9999528613667067, -0.009155179574731954, -0.0032338415994274615, -0.7389581904991908], [-0.009147427669260475, -0.9999552720800844, 0.0024038315830014214, 0.09304913606328359], [-0.0032557044662291736, -0.0023741369375413234, -0.9999918818981632, 0.001977067454166752], [0.0, 0.0, 0.0, 1.0]]}, "mean_rme": {"type": "float", "data": 0.001622953728077629}, "max_rme": {"type": "float", "data": 0.0050416267091288325}, "simu": {"type": "float", "data": 0.002}}, {"type": "dict", "image_number": {"type": "int", "data": 9}, "Hcamera2end": {"type": "ndarray", "data": [[0.9999977877251712, -0.001670435582061564, 0.0012783543051704271, -0.014314276036581123], [-0.0012711375431415698, 0.004314230748943881, 0.9999898857600468, 0.028098929930204995], [-0.0016759338023266716, -0.9999892984717441, 0.004312097851297936, 0.03307735322888518], [0.0, 0.0, 0.0, 1.0]]}, "Hobj2base": {"type": "ndarray", "data": [[0.9999754100142254, -0.005483298245828214, -0.004371819670230647, -0.7387549292400417], [-0.005469753891225963, -0.9999802230903951, 0.0031040651496420293, 0.0930423965614169], [-0.004388753724138188, -0.0030800760430711744, -0.9999856258828514, 0.0021028517693316645], [0.0, 0.0, 0.0, 1.0]]}, "mean_rme": {"type": "float", "data": 0.0017959077111644602}, "max_rme": {"type": "float", "data": 0.005955176589564959}, "simu": {"type": "float", "data": 0.002}}, {"type": "dict", "image_number": {"type": "int", "data": 10}, "Hcamera2end": {"type": "ndarray", "data": [[0.9999992888767134, -0.0008262719732468404, 0.0008599538904835626, -0.014256895368726655], [-0.0008564142465339201, 0.004274718993636184, 0.999990496620925, 0.02803690530853907], [-0.000829940182100361, -0.9999905219811596, 0.004274008322694645, 0.033482529808158135], [0.0, 0.0, 0.0, 1.0]]}, "Hobj2base": {"type": "ndarray", "data": [[0.999979608678103, -0.005005462100823682, -0.003965800946244222, -0.7390184068421963], [-0.004995135900936704, -0.9999841195619321, 0.0026094522948659285, 0.09265712371936377], [-0.003978799482153763, -0.002589589370001656, -0.9999887315272988, 0.0022815774997956284], [0.0, 0.0, 0.0, 1.0]]}, "mean_rme": {"type": "float", "data": 0.0017389000205278247}, "max_rme": {"type": "float", "data": 0.00578505767618942}, "simu": {"type": "float", "data": 0.002}}, {"type": "dict", "image_number": {"type": "int", "data": 11}, "Hcamera2end": {"type": "ndarray", "data": [[0.9999997415266968, -0.0006894888260462495, 0.00020384233682471382, -0.014110161190746089], [-0.00020083894000762144, 0.004353244046859217, 0.9999905044199113, 0.028131107659151132], [-0.0006903696543891615, -0.9999902868885413, 0.00435310444545689, 0.033456871680879685], [0.0, 0.0, 0.0, 1.0]]}, "Hobj2base": {"type": "ndarray", "data": [[0.9999814932647744, -0.004460246211898903, -0.004137551411303052, -0.7390799757309839], [-0.004452879988980832, -0.9999884876762004, 0.001787840839921317, 0.09240787528401175], [-0.004145477988805206, -0.0017693837329414961, -0.9999898420951334, 0.00235809844110048], [0.0, 0.0, 0.0, 1.0]]}, "mean_rme": {"type": "float", "data": 0.001646748446849608}, "max_rme": {"type": "float", "data": 0.005830235187711474}, "simu": {"type": "float", "data": 0.002}}, {"type": "dict", "image_number": {"type": "int", "data": 12}, "Hcamera2end": {"type": "ndarray", "data": [[0.9999994296931797, -0.0006688281742697188, 0.00083263568782613, -0.015570317963045933], [-0.0008303717598148692, 0.0033780928726286907, 0.9999939494673378, 0.028199821332989285], [-0.0006716368481855467, -0.9999940705611294, 0.00337753557005116, 0.03308077366423357], [0.0, 0.0, 0.0, 1.0]]}, "Hobj2base": {"type": "ndarray", "data": [[0.9999872708766042, -0.0044309067779485095, -0.002413534728613481, -0.737832225699176], [-0.004425799893837769, -0.9999879648439036, 0.002117182714801207, 0.09159565189585674], [-0.002422886720587446, -0.002106473943175507, -0.9999948461804522, 0.0024154539667015315], [0.0, 0.0, 0.0, 1.0]]}, "mean_rme": {"type": "float", "data": 0.0017534578844572767}, "max_rme": {"type": "float", "data": 0.0059567377515092335}, "simu": {"type": "float", "data": 0.002}}, {"type": "dict", "image_number": {"type": "int", "data": 13}, "Hcamera2end": {"type": "ndarray", "data": [[0.9999999648010971, -0.000265254118352525, -6.169053887481542e-06, -0.014698584722139375], [6.770523793034192e-06, 0.0022675822398326995, 0.9999974290091677, 0.02794078565941101], [-0.0002652394475495867, -0.999997393852123, 0.002267583955925523, 0.03305672524657615], [0.0, 0.0, 0.0, 1.0]]}, "Hobj2base": {"type": "ndarray", "data": [[0.9999919629863422, -0.0037780342674583684, -0.0013417972260671622, -0.7371453674278824], [-0.0037770077161028773, -0.9999925731116206, 0.0007667687481422882, 0.09168795992576984], [-0.0013446841392946338, -0.0007616946071350858, -0.9999988058222327, 0.0021619216833886046], [0.0, 0.0, 0.0, 1.0]]}, "mean_rme": {"type": "float", "data": 0.0017689098226037646}, "max_rme": {"type": "float", "data": 0.005523904105744104}, "simu": {"type": "float", "data": 0.002}}, {"type": "dict", "image_number": {"type": "int", "data": 14}, "Hcamera2end": {"type": "ndarray", "data": [[0.9999984166366042, 0.00011962111245739343, 0.001775504174641626, -0.015200189542198202], [-0.0017756147139987013, 0.0009303985015945981, 0.9999979907734893, 0.02782408266475806], [0.00011796894568782154, -0.9999995600246121, 0.0009306094294430078, 0.0338246763483548], [0.0, 0.0, 0.0, 1.0]]}, "Hobj2base": {"type": "ndarray", "data": [[0.9999944806119304, -0.003233669513205603, -0.0007629725781447469, -0.737505167987899], [-0.003232144397546326, -0.9999927930622583, 0.0019917495165300745, 0.09196474306903021], [-0.0007694077391384229, -0.0019892724857476234, -0.999997725400767, 0.0023590715365851994], [0.0, 0.0, 0.0, 1.0]]}, "mean_rme": {"type": "float", "data": 0.0018074599860891788}, "max_rme": {"type": "float", "data": 0.005734606269725218}, "simu": {"type": "float", "data": 0.002}}, {"type": "dict", "image_number": {"type": "int", "data": 15}, "Hcamera2end": {"type": "ndarray", "data": [[0.9999983206270343, 0.00028493430594128775, 0.0018104020416394291, -0.015305737160826631], [-0.001810706532039534, 0.0010720284960714643, 0.9999977860459286, 0.02789775991713319], [0.0002829928725318375, -0.9999993847834834, 0.0010725426281447126, 0.03384896582642693], [0.0, 0.0, 0.0, 1.0]]}, "Hobj2base": {"type": "ndarray", "data": [[0.9999956459337516, -0.002643393595516941, -0.001311710272221544, -0.7377007553259004], [-0.0026407469368464006, -0.9999944823700488, 0.002015362268602142, 0.09184732308107983], [-0.0013170304304031281, -0.002011889598697911, -0.9999971088613648, 0.002369059004969276], [0.0, 0.0, 0.0, 1.0]]}, "mean_rme": {"type": "float", "data": 0.0017329611795967642}, "max_rme": {"type": "float", "data": 0.005799684545772954}, "simu": {"type": "float", "data": 0.002}}, {"type": "dict", "image_number": {"type": "int", "data": 16}, "Hcamera2end": {"type": "ndarray", "data": [[0.9999975601805026, 0.0012151179798044949, 0.001844755088685438, -0.015160169220165476], [-0.0018480326996953389, 0.002701783175284578, 0.9999946425570562, 0.028072840217694378], [0.0012101273416181171, -0.9999956119183567, 0.0027040221611820403, 0.03329222231810596], [0.0, 0.0, 0.0, 1.0]]}, "Hobj2base": {"type": "ndarray", "data": [[0.9999935687924155, -0.0022510316763729474, -0.0027919939470570205, -0.7378814159810179], [-0.0022447815485767924, -0.9999949723226575, 0.002239706500048246, 0.09197155249474392], [-0.0027970215600897, -0.002233424679534724, -0.9999935942217795, 0.002386787255779], [0.0, 0.0, 0.0, 1.0]]}, "mean_rme": {"type": "float", "data": 0.0017594418481456132}, "max_rme": {"type": "float", "data": 0.00596569472114894}, "simu": {"type": "float", "data": 0.002}}, {"type": "dict", "image_number": {"type": "int", "data": 17}, "Hcamera2end": {"type": "ndarray", "data": [[0.9999984835812097, 0.0009139074045913409, 0.0014824333162151305, -0.015232869536963794], [-0.0014853957568263085, 0.0032493989771918974, 0.999993617482498, 0.026938661259390744], [0.0009090845542598711, -0.999994303073544, 0.003250751563923182, 0.033124651681114], [0.0, 0.0, 0.0, 1.0]]}, "Hobj2base": {"type": "ndarray", "data": [[0.9999942934455205, -0.0024131009013787005, -0.0023643224048285195, -0.7377178193705999], [-0.0024075273120775266, -0.9999943232467856, 0.002357389752454796, 0.09262004660799927], [-0.0023699976024902573, -0.0023516841291175627, -0.9999944263310276, 0.0034218101384648463], [0.0, 0.0, 0.0, 1.0]]}, "mean_rme": {"type": "float", "data": 0.0018876678367625067}, "max_rme": {"type": "float", "data": 0.006515970777037736}, "simu": {"type": "float", "data": 0.002}}, {"type": "dict", "image_number": {"type": "int", "data": 18}, "Hcamera2end": {"type": "ndarray", "data": [[0.9999915329106647, 0.0029972713968234098, 0.0028196579850975874, -0.015237679879868644], [-0.002826039551640094, 0.002127026695690204, 0.9999937446093791, 0.02663693012671205], [0.002991255159913008, -0.9999932460379967, 0.002135479093479553, 0.03325646333600249], [0.0, 0.0, 0.0, 1.0]]}, "Hobj2base": {"type": "ndarray", "data": [[0.9999976700941383, -8.954836425207045e-05, -0.0021568002655308056, -0.7372745304906553], [-8.257293342476048e-05, -0.99999476710536, 0.003234029005277235, 0.09274875548758617], [-0.0021570785812296237, -0.0032338433769693625, -0.9999924446059616, 0.0034461900755642463], [0.0, 0.0, 0.0, 1.0]]}, "mean_rme": {"type": "float", "data": 0.001990771590563938}, "max_rme": {"type": "float", "data": 0.006628367910332819}, "simu": {"type": "float", "data": 0.002}}, {"type": "dict", "image_number": {"type": "int", "data": 19}, "Hcamera2end": {"type": "ndarray", "data": [[0.999990768365688, 0.0031669513421877533, 0.002904066562114903, -0.01520970990913394], [-0.0029113680972659784, 0.0023033728891970195, 0.9999931091808261, 0.026650772120120035], [0.0031602403711111222, -0.9999923324168689, 0.002312571786404094, 0.033153772916541], [0.0, 0.0, 0.0, 1.0]]}, "Hobj2base": {"type": "ndarray", "data": [[0.9999972915845565, 6.391754094991834e-05, -0.0023265291959189494, -0.7373446902296095], [7.127060155726385e-05, -0.9999950028075433, 0.0031605822949050356, 0.09278108895283585], [-0.002326315553156541, -0.0031607395478704713, -0.9999922989610757, 0.003457500420029715], [0.0, 0.0, 0.0, 1.0]]}, "mean_rme": {"type": "float", "data": 0.001908767253131393}, "max_rme": {"type": "float", "data": 0.006639506920304572}, "simu": {"type": "float", "data": 0.002}}, {"type": "dict", "image_number": {"type": "int", "data": 20}, "Hcamera2end": {"type": "ndarray", "data": [[0.9999930199502792, 0.003106081444428403, 0.002076609925108063, -0.015042993198568007], [-0.0020833584310373998, 0.0021710198645588097, 0.9999954731349516, 0.026598068418302197], [0.003101559022218525, -0.9999928194396239, 0.0021774757916969145, 0.03319250484367727], [0.0, 0.0, 0.0, 1.0]]}, "Hobj2base": {"type": "ndarray", "data": [[0.9999974832954147, 0.0006404617822452212, -0.0021501654685705624, -0.737261232287338], [0.000645920063594077, -0.9999965686192829, 0.0025388062020681363, 0.09241286282952965], [-0.002148532082189283, -0.0025401886476591235, -0.9999944656104485, 0.003363303275815119], [0.0, 0.0, 0.0, 1.0]]}, "mean_rme": {"type": "float", "data": 0.0019101199466468068}, "max_rme": {"type": "float", "data": 0.006509594852063982}, "simu": {"type": "float", "data": 0.002}}, {"type": "dict", "image_number": {"type": "int", "data": 21}, "Hcamera2end": {"type": "ndarray", "data": [[0.9999892850990318, 0.004045852079766263, 0.0022496150950347526, -0.015202487676950751], [-0.0022650489530526958, 0.003814208409450459, 0.9999901606353182, 0.026901159122481543], [0.0040372317703386935, -0.9999845413280938, 0.003823331593602486, 0.032219966357438345], [0.0, 0.0, 0.0, 1.0]]}, "Hobj2base": {"type": "ndarray", "data": [[0.9999912514543706, 0.001011209651407314, -0.0040588754307776176, -0.7374721738679438], [0.001021848180028158, -0.9999960461355482, 0.002619835790149227, 0.09212978974358473], [-0.004056210179298236, -0.0026239604248681765, -0.9999883309272513, 0.003541167409077395], [0.0, 0.0, 0.0, 1.0]]}, "mean_rme": {"type": "float", "data": 0.0019099951697791801}, "max_rme": {"type": "float", "data": 0.006679975679378884}, "simu": {"type": "float", "data": 0.002}}, {"type": "dict", "image_number": {"type": "int", "data": 22}, "Hcamera2end": {"type": "ndarray", "data": [[0.999990613289599, 0.0036345075037865996, 0.0023587471031399983, -0.015159102963134602], [-0.0023722354499347365, 0.0037113587572661366, 0.999990299110519, 0.02673082502790588], [0.003625718089113572, -0.9999865079946728, 0.003719945827359794, 0.03190750794381211], [0.0, 0.0, 0.0, 1.0]]}, "Hobj2base": {"type": "ndarray", "data": [[0.9999924525892282, 0.0008148226942333479, -0.0037987930395243495, -0.7370680085117708], [0.0008245305012921746, -0.9999963969948729, 0.002554632405033459, 0.09219990025508405], [-0.003796697779994506, -0.0025577453449025117, -0.999989521457459, 0.003634863648923131], [0.0, 0.0, 0.0, 1.0]]}, "mean_rme": {"type": "float", "data": 0.0019032285517110166}, "max_rme": {"type": "float", "data": 0.006753249510901525}, "simu": {"type": "float", "data": 0.002}}, {"type": "dict", "image_number": {"type": "int", "data": 23}, "Hcamera2end": {"type": "ndarray", "data": [[0.999989951416455, 0.0038108858706395023, 0.002360977551160914, -0.015128359411237632], [-0.002373126423172723, 0.0031865715993554256, 0.999992106985061, 0.02682479445509234], [0.00380333236724915, -0.9999876613790408, 0.0031955832927798022, 0.03230676078496435], [0.0, 0.0, 0.0, 1.0]]}, "Hobj2base": {"type": "ndarray", "data": [[0.9999930239466521, 0.0010546477003312627, -0.003583263353218814, -0.7371488509948368], [0.0010640757758121813, -0.9999959747416263, 0.0026302553655625175, 0.09224586199831497], [-0.003580474936885422, -0.0026340498804932845, -0.9999901209414288, 0.0035172025942878963], [0.0, 0.0, 0.0, 1.0]]}, "mean_rme": {"type": "float", "data": 0.0018789306549255003}, "max_rme": {"type": "float", "data": 0.006679983395085895}, "simu": {"type": "float", "data": 0.002}}, {"type": "dict", "image_number": {"type": "int", "data": 24}, "Hcamera2end": {"type": "ndarray", "data": [[0.9999933082326078, 0.0029141775699836605, 0.0022115738954917113, -0.015042074662863015], [-0.002219827099646808, 0.0028319024480254473, 0.9999935263271321, 0.026870837681417455], [0.0029078957430227616, -0.9999917439147262, 0.002838352467936067, 0.03241693357358505], [0.0, 0.0, 0.0, 1.0]]}, "Hobj2base": {"type": "ndarray", "data": [[0.9999948630235761, 0.00040347523552742697, -0.0031798009675919675, -0.7371303881817913], [0.00041231180364405755, -0.9999960541171802, 0.0027788035278533624, 0.09240692149643581], [-0.003178667242062074, -0.00278010032267733, -0.9999910835186283, 0.0033743070574905817], [0.0, 0.0, 0.0, 1.0]]}, "mean_rme": {"type": "float", "data": 0.0018574975264447453}, "max_rme": {"type": "float", "data": 0.006655190161713127}, "simu": {"type": "float", "data": 0.002}}, {"type": "dict", "image_number": {"type": "int", "data": 25}, "Hcamera2end": {"type": "ndarray", "data": [[0.999994769970359, 0.0025911303319987432, 0.001935478114416149, -0.014985829580656838], [-0.0019464466974862, 0.004237318800082934, 0.9999891281782218, 0.027010545742251785], [0.0025829009238902047, -0.9999876655104247, 0.0042423401358575585, 0.03179147477689801], [0.0, 0.0, 0.0, 1.0]]}, "Hobj2base": {"type": "ndarray", "data": [[0.9999915712472501, 0.00013116751673915327, -0.0041036848731806595, -0.7369793699604976], [0.00014180080006294193, -0.9999966333744723, 0.0025909712954090515, 0.09242285029792864], [-0.0041033312063396485, -0.0025915313625508437, -0.9999882232497577, 0.0033837830660201317], [0.0, 0.0, 0.0, 1.0]]}, "mean_rme": {"type": "float", "data": 0.0018984432352011844}, "max_rme": {"type": "float", "data": 0.006593013283447087}, "simu": {"type": "float", "data": 0.002}}, {"type": "dict", "image_number": {"type": "int", "data": 26}, "Hcamera2end": {"type": "ndarray", "data": [[0.9999962297531632, 0.0020732748612300013, 0.0018005584713421479, -0.014874459155216818], [-0.0018089357018951412, 0.0040458180194253845, 0.9999901795058689, 0.026826035739626965], [0.00206596976873801, -0.99998966639056, 0.004049553186609045, 0.03192421368273691], [0.0, 0.0, 0.0, 1.0]]}, "Hobj2base": {"type": "ndarray", "data": [[0.9999940330519603, -0.0002770902326653624, -0.0034434113140749964, -0.7368964821785955], [-0.0002683433950440045, -0.9999967372537173, 0.002540368820178579, 0.09262107079935608], [-0.0034441039904849705, -0.002539429645247276, -0.9999908446804799, 0.0033926134315183246], [0.0, 0.0, 0.0, 1.0]]}, "mean_rme": {"type": "float", "data": 0.0018611841575934555}, "max_rme": {"type": "float", "data": 0.006514714737153253}, "simu": {"type": "float", "data": 0.002}}, {"type": "dict", "image_number": {"type": "int", "data": 27}, "Hcamera2end": {"type": "ndarray", "data": [[0.9999926652152602, 0.003621994277822101, 0.0012452602667540093, -0.014714874325522414], [-0.0012610020536282984, 0.00434713387490504, 0.9999897560979786, 0.026663641528888844], [0.003616543861378917, -0.9999839916641292, 0.004351669331836394, 0.031854440199796406], [0.0, 0.0, 0.0, 1.0]]}, "Hobj2base": {"type": "ndarray", "data": [[0.9999915276925316, 0.0012336900327416527, -0.003927155721366732, -0.736975903153274], [0.001242188357539314, -0.9999968907373895, 0.0021622866687087236, 0.0923343030357623], [-0.003924475919297166, -0.0021671466162665573, -0.9999899509316592, 0.0037157529078059685], [0.0, 0.0, 0.0, 1.0]]}, "mean_rme": {"type": "float", "data": 0.0018951868642334236}, "max_rme": {"type": "float", "data": 0.006274598924618506}, "simu": {"type": "float", "data": 0.002}}, {"type": "dict", "image_number": {"type": "int", "data": 28}, "Hcamera2end": {"type": "ndarray", "data": [[0.9999890628798106, 0.004655735453637717, 0.00044525065282747687, -0.014682324732249332], [-0.00046245024789687067, 0.003693857311607318, 0.9999930707549577, 0.026899002080057684], [0.004654058500526461, -0.9999823396168291, 0.0036959699574605764, 0.031546843109191265], [0.0, 0.0, 0.0, 1.0]]}, "Hobj2base": {"type": "ndarray", "data": [[0.9999898272091194, 0.0025995976302632838, -0.003686132178341746, -0.7363694225375464], [0.002605972313938239, -0.9999951155563576, 0.001725622127458731, 0.09184904366225552], [-0.0036816282504435896, -0.0017352105314679652, -0.9999917172946173, 0.0034467077475113794], [0.0, 0.0, 0.0, 1.0]]}, "mean_rme": {"type": "float", "data": 0.001958721253894965}, "max_rme": {"type": "float", "data": 0.0060363176446113775}, "simu": {"type": "float", "data": 0.002}}, {"type": "dict", "image_number": {"type": "int", "data": 29}, "Hcamera2end": {"type": "ndarray", "data": [[0.9999882108071385, 0.004851839947858124, 0.000194668585819516, -0.014635577019116977], [-0.0002122407625058157, 0.0036215035293546416, 0.9999934198113734, 0.026977707639420378], [0.00485110302886548, -0.9999816720126959, 0.0036224905929612694, 0.03152993930913384], [0.0, 0.0, 0.0, 1.0]]}, "Hobj2base": {"type": "ndarray", "data": [[0.9999884271503306, 0.0030873057669202775, -0.003689730140461807, -0.7363114283058758], [0.003093489349287883, -0.9999938184210737, 0.0016713597119349696, 0.09172945018545851], [-0.003684547333626472, -0.001682754510431545, -0.9999917961904508, 0.0034034550554336305], [0.0, 0.0, 0.0, 1.0]]}, "mean_rme": {"type": "float", "data": 0.0019328826643223698}, "max_rme": {"type": "float", "data": 0.005973035991100217}, "simu": {"type": "float", "data": 0.002}}, {"type": "dict", "image_number": {"type": "int", "data": 30}, "Hcamera2end": {"type": "ndarray", "data": [[0.9999879947359479, 0.004882065427624451, 0.0004193103124716579, -0.01491127553364522], [-0.0004366264193284837, 0.003546355949818114, 0.999993616338048, 0.027084741894393933], [0.00488054723854768, -0.9999817942325938, 0.0035484450136250567, 0.03187122999872167], [0.0, 0.0, 0.0, 1.0]]}, "Hobj2base": {"type": "ndarray", "data": [[0.9999882860921514, 0.0029203323738283956, -0.0038599659723928836, -0.7366327772603969], [0.0029280011414314763, -0.9999937480550567, 0.001982589245470228, 0.09165915055389053], [-0.003854152020540589, -0.001993868006375558, -0.9999905849569666, 0.003334394483023027], [0.0, 0.0, 0.0, 1.0]]}, "mean_rme": {"type": "float", "data": 0.001941776203147642}, "max_rme": {"type": "float", "data": 0.006041255161809145}, "simu": {"type": "float", "data": 0.002}}]}