{"type": "list", "data": [{"type": "dict", "image_number": {"type": "int", "data": 5}, "Hcamera2end": {"type": "ndarray", "data": [[0.9994000689397328, -0.0015870173562916312, 0.034597450472082646, -0.017941328585821335], [-0.03463370878081935, -0.048441661431808614, 0.998225381190947, 0.03624552488985942], [9.175697673153432e-05, -0.9988247528038323, -0.048467564071452696, 0.03750534386332128], [0.0, 0.0, 0.0, 1.0]]}, "Hobj2base": {"type": "ndarray", "data": [[0.9988541797748778, 0.022614422126889702, 0.04217719120713205, -0.7147097660254617], [0.021102563036061096, -0.9991306685619656, 0.03595259340059939, 0.09539633188325583], [0.04295357237256528, -0.03502135135580288, -0.9984630667028445, -0.019195423611248617], [0.0, 0.0, 0.0, 1.0]]}, "mean_rme": {"type": "float", "data": 0.0026454406012275124}, "max_rme": {"type": "float", "data": 0.007793583048531616}, "simu": {"type": "float", "data": 0.002}}, {"type": "dict", "image_number": {"type": "int", "data": 6}, "Hcamera2end": {"type": "ndarray", "data": [[0.999962145711178, -0.00024313226804662837, 0.008697587676874105, -0.01942844080982814], [-0.008700618325708677, -0.01876052162016517, 0.9997861481683415, 0.035347127402676405], [-7.990899211049105e-05, -0.9998239763654594, -0.018761926855028088, 0.039428511345912964], [0.0, 0.0, 0.0, 1.0]]}, "Hobj2base": {"type": "ndarray", "data": [[0.9998401842501378, 0.005687567661587542, 0.016948673480406542, -0.7307163151559438], [0.005531410055200538, -0.9999419536074434, 0.009246238074546553, 0.08668402374124927], [0.01700027827571651, -0.009151010317163432, -0.999813607403262, -0.006685512265578582], [0.0, 0.0, 0.0, 1.0]]}, "mean_rme": {"type": "float", "data": 0.0025599444238391684}, "max_rme": {"type": "float", "data": 0.0076088790433546105}, "simu": {"type": "float", "data": 0.002}}, {"type": "dict", "image_number": {"type": "int", "data": 7}, "Hcamera2end": {"type": "ndarray", "data": [[0.9999210605695171, -0.00037732491905703713, 0.01255907064386337, -0.020212370172022934], [-0.012562350107331005, -0.010537963909862169, 0.9998655603011913, 0.03532878151927074], [-0.00024492715842212506, -0.9999444029257526, -0.01054187213673008, 0.03964731988770822], [0.0, 0.0, 0.0, 1.0]]}, "Hobj2base": {"type": "ndarray", "data": [[0.9999375460635753, 0.0024281190085214616, 0.010909088432850269, -0.7351568264999805], [0.0023208719536651273, -0.9999489624215963, 0.009832909302347644, 0.08816347969204444], [0.010932407133380158, -0.009806976601071351, -0.9998921470259763, -0.00646767558948982], [0.0, 0.0, 0.0, 1.0]]}, "mean_rme": {"type": "float", "data": 0.002486298241215597}, "max_rme": {"type": "float", "data": 0.007649987365294986}, "simu": {"type": "float", "data": 0.002}}, {"type": "dict", "image_number": {"type": "int", "data": 8}, "Hcamera2end": {"type": "ndarray", "data": [[0.9999336575743503, -0.00010017590535860502, 0.011518264399207768, -0.019588785801535932], [-0.011518673232779728, -0.010852468952068595, 0.9998747642002975, 0.035289727370947745], [2.483824702513484e-05, -0.9999411052069177, -0.010852902866473668, 0.03912948047707673], [0.0, 0.0, 0.0, 1.0]]}, "Hobj2base": {"type": "ndarray", "data": [[0.9999492139461983, 0.002702829485253359, 0.009708977348505938, -0.7344578445390648], [0.0026095442189374763, -0.999950437098706, 0.009607997974405222, 0.08806295600127866], [0.009734464923639425, -0.00958217401639158, -0.9999067067150667, -0.006197536363665074], [0.0, 0.0, 0.0, 1.0]]}, "mean_rme": {"type": "float", "data": 0.0022634679373972253}, "max_rme": {"type": "float", "data": 0.0075288758198988615}, "simu": {"type": "float", "data": 0.002}}, {"type": "dict", "image_number": {"type": "int", "data": 9}, "Hcamera2end": {"type": "ndarray", "data": [[0.9999674327100366, 0.002027052671305708, 0.00781182288368808, -0.019002432818940075], [-0.007793504248185529, -0.008892861456893275, 0.999930086709387, 0.03527724374962739], [0.002096380412013636, -0.9999584031711402, -0.008876773996890464, 0.0380582956400454], [0.0, 0.0, 0.0, 1.0]]}, "Hobj2base": {"type": "ndarray", "data": [[0.9999492859151681, 0.00465016127609902, 0.008933174007693516, -0.7338885244563832], [0.004594640791010516, -0.9999700651922392, 0.0062255919743192945, 0.0866665357607776], [0.008961856601566674, -0.006184231523430837, -0.9999407184462077, -0.005875587407415179], [0.0, 0.0, 0.0, 1.0]]}, "mean_rme": {"type": "float", "data": 0.0023409799956513448}, "max_rme": {"type": "float", "data": 0.006707085523267264}, "simu": {"type": "float", "data": 0.002}}, {"type": "dict", "image_number": {"type": "int", "data": 10}, "Hcamera2end": {"type": "ndarray", "data": [[0.999983491359059, 0.0014586172496492008, 0.0055578273691991855, -0.018599613755844714], [-0.005549115338297508, -0.005910386150455693, 0.9999671367872621, 0.03544004523518844], [0.00149141822070976, -0.9999814697139501, -0.005902194542660055, 0.035934660697824646], [0.0, 0.0, 0.0, 1.0]]}, "Hobj2base": {"type": "ndarray", "data": [[0.9999764441377224, 0.0029612369353562372, 0.006192111553365249, -0.7337306229349748], [0.0029295084970821293, -0.9999825667129878, 0.005126816758032694, 0.08599289394440708], [0.006207185323652016, -0.0051085561480327555, -0.9999676862301303, -0.005020431979366624], [0.0, 0.0, 0.0, 1.0]]}, "mean_rme": {"type": "float", "data": 0.002444934214542559}, "max_rme": {"type": "float", "data": 0.006683805245870922}, "simu": {"type": "float", "data": 0.002}}, {"type": "dict", "image_number": {"type": "int", "data": 11}, "Hcamera2end": {"type": "ndarray", "data": [[0.9999775040492689, 0.0011037072391937167, 0.006616133744458885, -0.018696828156578024], [-0.006610314304061909, -0.0051954869042443175, 0.9999646547056698, 0.03561298901943797], [0.0011380422645625573, -0.9999858942735933, -0.005188074175076052, 0.03563108146548245], [0.0, 0.0, 0.0, 1.0]]}, "Hobj2base": {"type": "ndarray", "data": [[0.9999806237871625, 0.0020967941039406767, 0.005861356901199007, -0.7336719427441257], [0.0020621559972832213, -0.9999804131698007, 0.005909381473392316, 0.08624182518336519], [0.005873632852027989, -0.005897179939673124, -0.9999653612530182, -0.005395885355299002], [0.0, 0.0, 0.0, 1.0]]}, "mean_rme": {"type": "float", "data": 0.0023582363984100117}, "max_rme": {"type": "float", "data": 0.00676525904927977}, "simu": {"type": "float", "data": 0.002}}, {"type": "dict", "image_number": {"type": "int", "data": 12}, "Hcamera2end": {"type": "ndarray", "data": [[0.9999603181312181, 0.0016018130078074462, 0.008763353125436307, -0.019155619688545754], [-0.008754413696916263, -0.0055051390400024935, 0.9999465254127208, 0.03564836654432136], [0.0016499708289301226, -0.9999835636845428, -0.00549089765206201, 0.035874968270903716], [0.0, 0.0, 0.0, 1.0]]}, "Hobj2base": {"type": "ndarray", "data": [[0.9999808424777294, 0.0025207705870691384, 0.005653352384007854, -0.733969703445574], [0.0024799483774578333, -0.99997088695375, 0.007216307987857483, 0.08681196846465215], [0.0056713784546214546, -0.0072021497192045775, -0.9999579813701407, -0.005415140328616642], [0.0, 0.0, 0.0, 1.0]]}, "mean_rme": {"type": "float", "data": 0.0022507014090874153}, "max_rme": {"type": "float", "data": 0.006785988979564506}, "simu": {"type": "float", "data": 0.002}}, {"type": "dict", "image_number": {"type": "int", "data": 13}, "Hcamera2end": {"type": "ndarray", "data": [[0.9999596954423369, 0.00026427196653743164, 0.008974277196327301, -0.018408631450359075], [-0.008972520456525745, -0.0060312545964231745, 0.9999415572145456, 0.035355979599810884], [0.0003183826723375154, -0.9999817768981196, -0.006028640323748613, 0.03552061183459162], [0.0, 0.0, 0.0, 1.0]]}, "Hobj2base": {"type": "ndarray", "data": [[0.9999781966162576, 0.0009942002302482592, 0.0065282354430047, -0.7328499045760029], [0.0009431474759802842, -0.9999689885147292, 0.007818726345603452, 0.08768726617401502], [0.0065358063722604645, -0.007812398782131887, -0.99994812348458, -0.005614324467067602], [0.0, 0.0, 0.0, 1.0]]}, "mean_rme": {"type": "float", "data": 0.002231559313098569}, "max_rme": {"type": "float", "data": 0.006948963374297068}, "simu": {"type": "float", "data": 0.002}}, {"type": "dict", "image_number": {"type": "int", "data": 14}, "Hcamera2end": {"type": "ndarray", "data": [[0.9999664020629296, 0.0023052108987247967, 0.007866431721671063, -0.017905104155351244], [-0.00785857351676495, -0.0033983456501436304, 0.9999633463628173, 0.035650576390452396], [0.002331859258384378, -0.9999915685892329, -0.0033801158034210133, 0.0349105399448823], [0.0, 0.0, 0.0, 1.0]]}, "Hobj2base": {"type": "ndarray", "data": [[0.9999921667313754, 0.0019525507557054728, 0.0034429669524341264, -0.7336040865408345], [0.0019268667446971186, -0.9999704108853644, 0.007447451799355485, 0.08762151447846676], [0.003457406605729196, -0.007440759322941236, -0.9999663401536378, -0.00559516908548835], [0.0, 0.0, 0.0, 1.0]]}, "mean_rme": {"type": "float", "data": 0.0023310221793280163}, "max_rme": {"type": "float", "data": 0.006592667754213244}, "simu": {"type": "float", "data": 0.002}}, {"type": "dict", "image_number": {"type": "int", "data": 15}, "Hcamera2end": {"type": "ndarray", "data": [[0.9999750088946957, 0.0026569747258892197, 0.006551493826537937, -0.017168930712905442], [-0.006543115022767262, -0.003150039119665937, 0.9999736321020387, 0.0357407078294194], [0.0026775421288966063, -0.9999915088333753, -0.0031325755054625315, 0.03484693101745107], [0.0, 0.0, 0.0, 1.0]]}, "Hobj2base": {"type": "ndarray", "data": [[0.9999912921366197, 0.002174034057169639, 0.003562194106438183, -0.7336521157361428], [0.0021519007718965163, -0.9999784304266413, 0.0062054818135878955, 0.08755625997737645], [0.0035756082002349732, -0.006197762288852764, -0.9999744010566516, -0.005560588680992333], [0.0, 0.0, 0.0, 1.0]]}, "mean_rme": {"type": "float", "data": 0.002282300732891477}, "max_rme": {"type": "float", "data": 0.006619097594914497}, "simu": {"type": "float", "data": 0.002}}, {"type": "dict", "image_number": {"type": "int", "data": 16}, "Hcamera2end": {"type": "ndarray", "data": [[0.9999702489150922, 0.001709550169563587, 0.00752188293622204, -0.017384100092804812], [-0.007518696624521519, -0.00186267703302323, 0.9999699993676504, 0.03574565442732258], [0.001723509720567859, -0.9999968039311365, -0.0018497680272713257, 0.03393967210374956], [0.0, 0.0, 0.0, 1.0]]}, "Hobj2base": {"type": "ndarray", "data": [[0.9999955149866046, 0.0013619896175083677, 0.0026673940386264003, -0.7336414740618832], [0.0013433519141784476, -0.9999747608801588, 0.006976604353383955, 0.08800025360871179], [0.002676828778643369, -0.006972989814332319, -0.9999721056113209, -0.00568042967548946], [0.0, 0.0, 0.0, 1.0]]}, "mean_rme": {"type": "float", "data": 0.002285081807977561}, "max_rme": {"type": "float", "data": 0.006639985626780698}, "simu": {"type": "float", "data": 0.002}}, {"type": "dict", "image_number": {"type": "int", "data": 17}, "Hcamera2end": {"type": "ndarray", "data": [[0.9999759758660955, 0.002798075201797588, 0.006341803041333765, -0.016821082239607838], [-0.006339886714050384, -0.0006932125223821917, 0.9999796624396177, 0.03595277876368846], [0.0028024145130569516, -0.9999958451071503, -0.0006754563887547693, 0.033932089843658655], [0.0, 0.0, 0.0, 1.0]]}, "Hobj2base": {"type": "ndarray", "data": [[0.9999983420067852, 0.0017077987396275172, 0.0006319866656786348, -0.7342944203373398], [0.0017039954547178504, -0.9999807253673025, 0.005970367942951778, 0.08794055615925804], [0.0006421706712158696, -0.0059692811417164805, -0.9999819774873349, -0.005623565186830901], [0.0, 0.0, 0.0, 1.0]]}, "mean_rme": {"type": "float", "data": 0.0022750130698627104}, "max_rme": {"type": "float", "data": 0.007022744734285158}, "simu": {"type": "float", "data": 0.002}}, {"type": "dict", "image_number": {"type": "int", "data": 18}, "Hcamera2end": {"type": "ndarray", "data": [[0.9999798856157828, 0.0023191707705950944, 0.0059033728310823, -0.016552590932207047], [-0.005898535401056852, -0.0020871764669108117, 0.9999804252956747, 0.035926497805780305], [0.0023314467543614154, -0.9999951325588204, -0.002073454773749983, 0.03418171240147714], [0.0, 0.0, 0.0, 1.0]]}, "Hobj2base": {"type": "ndarray", "data": [[0.9999955756730283, 0.0022564765753548877, 0.0019382847658803851, -0.733887321170448], [0.002245299118606724, -0.9999809500573074, 0.005749622105245347, 0.08797037852552288], [0.0019512217292643019, -0.005745244637960749, -0.9999815922794846, -0.006165057777487681], [0.0, 0.0, 0.0, 1.0]]}, "mean_rme": {"type": "float", "data": 0.002265957895691191}, "max_rme": {"type": "float", "data": 0.007406649926696429}, "simu": {"type": "float", "data": 0.002}}, {"type": "dict", "image_number": {"type": "int", "data": 19}, "Hcamera2end": {"type": "ndarray", "data": [[0.9999716988430604, 0.0018342748234817848, 0.007296365451088313, -0.017520498410655165], [-0.0072922773250111185, -0.0022256377018963214, 0.9999709341917069, 0.03453484702851296], [0.001850460574836166, -0.9999958409776972, -0.0022121986730714305, 0.034361925652220335], [0.0, 0.0, 0.0, 1.0]]}, "Hobj2base": {"type": "ndarray", "data": [[0.9999948285415621, 0.0021125926583208665, 0.002424838632125401, -0.7338979521035834], [0.0020954607390118243, -0.9999729803396618, 0.00704610778413969, 0.08885347276498083], [0.002439658669383697, -0.0070409901913340775, -0.999972235875928, -0.004820154310675001], [0.0, 0.0, 0.0, 1.0]]}, "mean_rme": {"type": "float", "data": 0.002293302480260559}, "max_rme": {"type": "float", "data": 0.007572755241209234}, "simu": {"type": "float", "data": 0.002}}, {"type": "dict", "image_number": {"type": "int", "data": 20}, "Hcamera2end": {"type": "ndarray", "data": [[0.9999675727149938, 0.002027041210291423, 0.007793883654205284, -0.017668415475739246], [-0.00778954328343656, -0.0021403870663563307, 0.9999673703469737, 0.034573933352183006], [0.0020436569964102083, -0.999995654914129, -0.0021245279341699508, 0.03435025213981385], [0.0, 0.0, 0.0, 1.0]]}, "Hobj2base": {"type": "ndarray", "data": [[0.9999940058012887, 0.0025654105980733553, 0.0023253021213375403, -0.7340491722305291], [0.0025479522232478846, -0.9999687773527144, 0.007480124276131321, 0.0888865320243629], [0.002344419109342465, -0.007474154680070239, -0.9999693198847948, -0.004721176125080118], [0.0, 0.0, 0.0, 1.0]]}, "mean_rme": {"type": "float", "data": 0.002233080692323533}, "max_rme": {"type": "float", "data": 0.0075144040529199485}, "simu": {"type": "float", "data": 0.002}}, {"type": "dict", "image_number": {"type": "int", "data": 21}, "Hcamera2end": {"type": "ndarray", "data": [[0.9999717376683717, 0.002728097737958035, 0.007005808106805913, -0.017799089525337316], [-0.007003269775472722, -0.0009388840210040605, 0.9999750360430237, 0.03452699136759387], [0.0027346072751291807, -0.9999958379811023, -0.0009197518815198258, 0.033759603594880935], [0.0, 0.0, 0.0, 1.0]]}, "Hobj2base": {"type": "ndarray", "data": [[0.9999943835571932, 0.002918466044925494, 0.001647850118720844, -0.7339341923361994], [0.002907922354635915, -0.9999755150889431, 0.006364998836046461, 0.08832450593662701], [0.0016663858042362434, -0.006360171267197215, -0.9999783854563078, -0.004442545965615893], [0.0, 0.0, 0.0, 1.0]]}, "mean_rme": {"type": "float", "data": 0.0022675445738881304}, "max_rme": {"type": "float", "data": 0.00759569269353591}, "simu": {"type": "float", "data": 0.002}}, {"type": "dict", "image_number": {"type": "int", "data": 22}, "Hcamera2end": {"type": "ndarray", "data": [[0.9999647549829714, 0.003913688011972138, 0.007427774767099841, -0.018126298322120666], [-0.007428747431042721, 0.00023405022293099265, 0.999972379084592, 0.034357043747839516], [0.003911841439986504, -0.9999923141037825, 0.00026311577359172666, 0.03300084631238635], [0.0, 0.0, 0.0, 1.0]]}, "Hobj2base": {"type": "ndarray", "data": [[0.9999935480552472, 0.0035756529012055996, 0.00034431701673643837, -0.7341844000844412], [0.0035732914473155324, -0.9999716320720611, 0.0066307344518573355, 0.0882511346226655], [0.0003680164540560271, -0.006629461325673913, -0.9999779571602672, -0.003958539774785047], [0.0, 0.0, 0.0, 1.0]]}, "mean_rme": {"type": "float", "data": 0.00226241866581205}, "max_rme": {"type": "float", "data": 0.007525065399271141}, "simu": {"type": "float", "data": 0.002}}, {"type": "dict", "image_number": {"type": "int", "data": 23}, "Hcamera2end": {"type": "ndarray", "data": [[0.9999778198303096, 0.002634634061126326, 0.006117070441369729, -0.017690696127970713], [-0.006118653598907736, 0.0005932617212344171, 0.9999811048808204, 0.03454783614517405], [0.0026309552556627895, -0.9999963533652979, 0.0006093689757686871, 0.03286553127348736], [0.0, 0.0, 0.0, 1.0]]}, "Hobj2base": {"type": "ndarray", "data": [[0.9999968871433771, 0.002495046064414054, 2.118236259182001e-05, -0.734291292263876], [0.0024948771859131386, -0.9999794041680541, 0.005913275533103015, 0.0882965562857201], [3.593582117010445e-05, -0.005913204278530934, -0.9999825162090468, -0.004006469702172157], [0.0, 0.0, 0.0, 1.0]]}, "mean_rme": {"type": "float", "data": 0.002314534659118967}, "max_rme": {"type": "float", "data": 0.007435148318834878}, "simu": {"type": "float", "data": 0.002}}, {"type": "dict", "image_number": {"type": "int", "data": 24}, "Hcamera2end": {"type": "ndarray", "data": [[0.99997521976253, 0.002569290202346138, 0.006554281710150904, -0.018079524833462705], [-0.0065553856476707265, 0.00042148062580960044, 0.9999784244037929, 0.03452698151709281], [0.0025664722656212665, -0.9999966105452248, 0.0004383128695367722, 0.033042680997456275], [0.0, 0.0, 0.0, 1.0]]}, "Hobj2base": {"type": "ndarray", "data": [[0.9999973520587292, 0.0022920031077056898, -0.00020639109564373625, -0.7344104575838051], [0.002293297581463869, -0.9999762007745983, 0.006506817240634951, 0.08817677631945993], [-0.00019147253835872185, -0.006507273327165513, -0.99997880914153, -0.003982206122098718], [0.0, 0.0, 0.0, 1.0]]}, "mean_rme": {"type": "float", "data": 0.002306639301574735}, "max_rme": {"type": "float", "data": 0.00740975949478781}, "simu": {"type": "float", "data": 0.002}}, {"type": "dict", "image_number": {"type": "int", "data": 25}, "Hcamera2end": {"type": "ndarray", "data": [[0.9999757939256808, 0.0027564466573810685, 0.0063885494855463135, -0.018055637535643817], [-0.006390039658291487, 0.000532145772894288, 0.9999794418957029, 0.03450646935431277], [0.0027529903504595384, -0.9999960594035864, 0.0005497466951908114, 0.03296297128649015], [0.0, 0.0, 0.0, 1.0]]}, "Hobj2base": {"type": "ndarray", "data": [[0.9999975588112084, 0.0021782458051137574, -0.0003709674329178441, -0.7344291427133534], [0.002180606938712309, -0.9999765751531526, 0.006487996482020818, 0.08811233462107416], [-0.0003568262919419878, -0.006488789577754782, -0.9999788839194623, -0.003962788430085273], [0.0, 0.0, 0.0, 1.0]]}, "mean_rme": {"type": "float", "data": 0.0022544498581506933}, "max_rme": {"type": "float", "data": 0.00748527172222016}, "simu": {"type": "float", "data": 0.002}}, {"type": "dict", "image_number": {"type": "int", "data": 26}, "Hcamera2end": {"type": "ndarray", "data": [[0.9999726856387009, 0.0031868581940509852, 0.006668726368267397, -0.01819080211614743], [-0.006671693036582449, 0.0009211843640953843, 0.9999773197084988, 0.034309543503210374], [0.003180642788719291, -0.9999944976619713, 0.000942420942154687, 0.03278421781765256], [0.0, 0.0, 0.0, 1.0]]}, "Hobj2base": {"type": "ndarray", "data": [[0.9999967727572818, 0.0024029621017125375, -0.0008247715799450673, -0.7344360819885792], [0.002408515815638651, -0.999973979007702, 0.006800026402097919, 0.0881908979916278], [-0.0008084099128352521, -0.006801990932156815, -0.9999765394211861, -0.0037166182627387523], [0.0, 0.0, 0.0, 1.0]]}, "mean_rme": {"type": "float", "data": 0.0022069397641663836}, "max_rme": {"type": "float", "data": 0.007398167795277383}, "simu": {"type": "float", "data": 0.002}}, {"type": "dict", "image_number": {"type": "int", "data": 27}, "Hcamera2end": {"type": "ndarray", "data": [[0.9999502167551937, 0.002200647175827467, 0.009732479809821549, -0.019322461336170056], [-0.009730977235443396, -0.0006924671945014449, 0.99995241315336, 0.03411566071160196], [0.0022072818769572496, -0.9999973388170552, -0.000671018273666224, 0.03399004656791851], [0.0, 0.0, 0.0, 1.0]]}, "Hobj2base": {"type": "ndarray", "data": [[0.9999980732839797, 0.0018999458102872417, 0.0004935931992513987, -0.7348946809812864], [0.0018954861348010812, -0.9999587425317868, 0.00888371355690811, 0.0886284916464998], [0.0005104514091979096, -0.008882760841449467, -0.9999604172161982, -0.0033873890288028323], [0.0, 0.0, 0.0, 1.0]]}, "mean_rme": {"type": "float", "data": 0.002338631426805375}, "max_rme": {"type": "float", "data": 0.00872236114206204}, "simu": {"type": "float", "data": 0.002}}, {"type": "dict", "image_number": {"type": "int", "data": 28}, "Hcamera2end": {"type": "ndarray", "data": [[0.9999498103599941, 0.0021552474074905577, 0.009784256212117096, -0.01936963103365684], [-0.009782756754140516, -0.0007051714537964493, 0.9999518990449041, 0.034137176356772686], [0.0021620433162092036, -0.9999974288176112, -0.0006840518003625728, 0.033984925845682176], [0.0, 0.0, 0.0, 1.0]]}, "Hobj2base": {"type": "ndarray", "data": [[0.9999986251849713, 0.0015809236602700504, 0.0005003084525091756, -0.7348743384089084], [0.001576258600525107, -0.9999565167960156, 0.009191296209149434, 0.08866450520443124], [0.0005148174351402748, -0.00919049495731609, -0.9999576339852845, -0.0034055017340331706], [0.0, 0.0, 0.0, 1.0]]}, "mean_rme": {"type": "float", "data": 0.0022809321583922137}, "max_rme": {"type": "float", "data": 0.008765977076392706}, "simu": {"type": "float", "data": 0.002}}, {"type": "dict", "image_number": {"type": "int", "data": 29}, "Hcamera2end": {"type": "ndarray", "data": [[0.9999634731402144, 0.0014251267275878316, 0.008427419484632779, -0.018642425619774312], [-0.008427326106889604, -7.151483845935225e-05, 0.9999644868995681, 0.033115594327478966], [0.0014256788024622964, -0.999998981949201, -5.950221856987348e-05, 0.033724103401792827], [0.0, 0.0, 0.0, 1.0]]}, "Hobj2base": {"type": "ndarray", "data": [[0.9999995402693516, 0.0006410530727800419, 0.0007131003038688953, -0.7347424681731215], [0.0006352072423147356, -0.9999664395216261, 0.00816800723566765, 0.08940907865361741], [0.000718312498018483, -0.008167550514106874, -0.9999663870079609, -0.002814850706445382], [0.0, 0.0, 0.0, 1.0]]}, "mean_rme": {"type": "float", "data": 0.0023453487671124397}, "max_rme": {"type": "float", "data": 0.009280769852584747}, "simu": {"type": "float", "data": 0.002}}, {"type": "dict", "image_number": {"type": "int", "data": 30}, "Hcamera2end": {"type": "ndarray", "data": [[0.9999694692468588, 0.0014151534716773076, 0.007684914756010854, -0.0185097196165649], [-0.00768477865829327, -0.00010158425535777837, 0.9999704664926922, 0.03304850187712432], [0.0014158923435748862, -0.9999989935101389, -9.070601271643497e-05, 0.03365646607403524], [0.0, 0.0, 0.0, 1.0]]}, "Hobj2base": {"type": "ndarray", "data": [[0.9999991001712809, 0.00085240066983538, 0.0010358907888990624, -0.7345975424323139], [0.0008449538253040326, -0.9999739516339994, 0.007168131312694323, 0.08911567945100876], [0.0010419739255690655, -0.007167249582719228, -0.999973772067926, -0.002977966576748823], [0.0, 0.0, 0.0, 1.0]]}, "mean_rme": {"type": "float", "data": 0.0023776623858565793}, "max_rme": {"type": "float", "data": 0.009684410608751137}, "simu": {"type": "float", "data": 0.002}}]}