{"type": "list", "data": [{"type": "dict", "image_number": {"type": "int", "data": 5}, "Hcamera2end": {"type": "ndarray", "data": [[0.9992492069489651, -0.0016535034927736177, 0.038707729693997585, -0.017196688708474264], [-0.03869440789047436, 0.007445426771275465, 0.9992233526185221, 0.0291593834828948], [-0.0019404148705346735, -0.9999709153502381, 0.007375855457995906, 0.02694911775732947], [0.0, 0.0, 0.0, 1.0]]}, "Hobj2base": {"type": "ndarray", "data": [[0.9999941280752934, -0.0033386147135120946, -0.0007729597197495577, -0.7296124543862853], [-0.003306829079268244, -0.9992721423732842, 0.038003294043373936, 0.10443057123652122], [-0.0008992754717775288, -0.03800051484521434, -0.9992773149507219, -0.00374537779795594], [0.0, 0.0, 0.0, 1.0]]}, "mean_rme": {"type": "float", "data": 0.0020374024643134286}, "max_rme": {"type": "float", "data": 0.0054827738183115815}, "simu": {"type": "float", "data": 0.002}}, {"type": "dict", "image_number": {"type": "int", "data": 6}, "Hcamera2end": {"type": "ndarray", "data": [[0.9999860425687065, 0.0004104002124557518, 0.005267469928042322, -0.018527146596332852], [-0.005262312502909607, -0.011690906953548463, 0.999917812003429, 0.026784715439983193], [0.00047194798329385553, -0.9999315747921299, -0.011688584124348589, 0.025726314835074423], [0.0, 0.0, 0.0, 1.0]]}, "Hobj2base": {"type": "ndarray", "data": [[0.9998866647910387, 0.006795033131829919, 0.013434474228276868, -0.7202788841916902], [0.006716265435057581, -0.9999600427359185, 0.00589955169356388, 0.08834896357728965], [0.01347402507266305, -0.005808653571742365, -0.9998923493016756, 0.0010485311797345336], [0.0, 0.0, 0.0, 1.0]]}, "mean_rme": {"type": "float", "data": 0.002134611217007693}, "max_rme": {"type": "float", "data": 0.005015573038931909}, "simu": {"type": "float", "data": 0.002}}, {"type": "dict", "image_number": {"type": "int", "data": 7}, "Hcamera2end": {"type": "ndarray", "data": [[0.9999999854223562, 3.705996637482665e-05, -0.00016667887143320193, -0.018465084551766354], [0.0001662651235453555, 0.010897235400709637, 0.999940609544652, 0.027777972233028414], [3.887410426488067e-05, -0.9999406226807571, 0.010897229080073734, 0.028313477533150538], [0.0, 0.0, 0.0, 1.0]]}, "Hobj2base": {"type": "ndarray", "data": [[0.9999901819972148, -0.00019090384573948842, -0.004427128290312364, -0.7336885749211361], [-0.00018721268345045606, -0.9999996345647049, 0.0008341593779330389, 0.08652199789456248], [-0.004427285916716639, -0.0008333223735867343, -0.9999898523051289, 0.004096473757728004], [0.0, 0.0, 0.0, 1.0]]}, "mean_rme": {"type": "float", "data": 0.002091414554760407}, "max_rme": {"type": "float", "data": 0.006033936337789203}, "simu": {"type": "float", "data": 0.002}}, {"type": "dict", "image_number": {"type": "int", "data": 8}, "Hcamera2end": {"type": "ndarray", "data": [[0.999990153954818, 0.0009307030294116274, -0.004338869125747463, -0.017152178248606292], [0.004327348255237139, 0.012042735996496301, 0.9999181199312255, 0.028467818563746607], [0.000982878678788296, -0.9999270504899793, 0.012038589947043099, 0.02957406450709039], [0.0, 0.0, 0.0, 1.0]]}, "Hobj2base": {"type": "ndarray", "data": [[0.9999854763271055, -0.0008595568746635161, -0.005320554184578261, -0.7357041289209926], [-0.0008809725993010173, -0.9999915153831813, -0.0040240587629787414, 0.08602440691079345], [-0.005317050134340973, 0.00402868758131527, -0.9999777490795687, 0.003570913644267912], [0.0, 0.0, 0.0, 1.0]]}, "mean_rme": {"type": "float", "data": 0.001982333843929723}, "max_rme": {"type": "float", "data": 0.006044938306147829}, "simu": {"type": "float", "data": 0.002}}, {"type": "dict", "image_number": {"type": "int", "data": 9}, "Hcamera2end": {"type": "ndarray", "data": [[0.999985101040485, -0.002187286795013621, -0.0050013471712574715, -0.01582463133504919], [0.005026945136127152, 0.011858496526571782, 0.9999170495009709, 0.02860483517902885], [-0.0021277969004239207, -0.9999272932751687, 0.011869315218027587, 0.029710216629440764], [0.0, 0.0, 0.0, 1.0]]}, "Hobj2base": {"type": "ndarray", "data": [[0.999980788629474, -0.0036865802707154427, -0.004983121299223775, -0.7361126972054927], [-0.003707705884291011, -0.9999841508199874, -0.0042368651033346545, 0.08733963266859414], [-0.004967422777537644, 0.004255259655512553, -0.9999786085093085, 0.003275552371415555], [0.0, 0.0, 0.0, 1.0]]}, "mean_rme": {"type": "float", "data": 0.0021274726912918597}, "max_rme": {"type": "float", "data": 0.006382443944841998}, "simu": {"type": "float", "data": 0.002}}, {"type": "dict", "image_number": {"type": "int", "data": 10}, "Hcamera2end": {"type": "ndarray", "data": [[0.999993566159099, 0.00020200043618622378, -0.0035814572776340942, -0.015842597729666116], [0.0035788000812111043, 0.011899532308336735, 0.9999227936800028, 0.02847748661063976], [0.0002446025070620423, -0.9999291776554311, 0.011898732829461633, 0.029850138373391136], [0.0, 0.0, 0.0, 1.0]]}, "Hobj2base": {"type": "ndarray", "data": [[0.9999824953900611, -0.0015139459520746967, -0.005719867229274575, -0.7360121607176084], [-0.0015299598593816542, -0.9999949197793825, -0.00279636161027907, 0.0875700625674379], [-0.0057156046307467265, 0.002805063828321617, -0.999979731534907, 0.003324673224635527], [0.0, 0.0, 0.0, 1.0]]}, "mean_rme": {"type": "float", "data": 0.002130733666129467}, "max_rme": {"type": "float", "data": 0.005987740648416451}, "simu": {"type": "float", "data": 0.002}}, {"type": "dict", "image_number": {"type": "int", "data": 11}, "Hcamera2end": {"type": "ndarray", "data": [[0.9999978270035574, -0.0006949769552609618, -0.0019654503796417925, -0.01685465123692802], [0.0019741247160516, 0.012709223231849531, 0.9999172858174065, 0.027635013777226845], [-0.0006699401231841946, -0.9999189930448741, 0.012710567585937138, 0.029382818055652633], [0.0, 0.0, 0.0, 1.0]]}, "Hobj2base": {"type": "ndarray", "data": [[0.9999776886328228, -0.002555680449537611, -0.00617176911405481, -0.736003691096442], [-0.002562541514767695, -0.9999961072378907, -0.0011040335365010224, 0.08837509005607047], [-0.006168923531900987, 0.0011198243185777399, -0.9999803449948168, 0.004351204148022445], [0.0, 0.0, 0.0, 1.0]]}, "mean_rme": {"type": "float", "data": 0.002146092224239531}, "max_rme": {"type": "float", "data": 0.006070362992093736}, "simu": {"type": "float", "data": 0.002}}, {"type": "dict", "image_number": {"type": "int", "data": 12}, "Hcamera2end": {"type": "ndarray", "data": [[0.9999980137119179, 0.00016330908418258597, -0.0019864295511870366, -0.01730588616575947], [0.0019839403377145083, 0.014043091826760334, 0.999899422718446, 0.02764503105526396], [0.0001911882715935555, -0.9999013775878539, 0.014042739937654813, 0.028163533368253762], [0.0, 0.0, 0.0, 1.0]]}, "Hobj2base": {"type": "ndarray", "data": [[0.9999688509481903, -0.002215105067442883, -0.007575648018230827, -0.7357423796256685], [-0.0022338798614176987, -0.9999944525831388, -0.0024707455786533348, 0.08780761043407574], [-0.007570133031901636, 0.0024875917048164113, -0.9999682519827271, 0.004777727635052321], [0.0, 0.0, 0.0, 1.0]]}, "mean_rme": {"type": "float", "data": 0.002100604718183575}, "max_rme": {"type": "float", "data": 0.005982856002709341}, "simu": {"type": "float", "data": 0.002}}, {"type": "dict", "image_number": {"type": "int", "data": 13}, "Hcamera2end": {"type": "ndarray", "data": [[0.9999983928301355, 0.0012566938322011282, -0.00127869377027815, -0.017347431487914882], [0.0012624191429623304, 0.012866923993684498, 0.9999164207896821, 0.027700008565763455], [0.0012730416542763884, -0.9999164280016372, 0.012865316840001473, 0.028603663479589755], [0.0, 0.0, 0.0, 1.0]]}, "Hobj2base": {"type": "ndarray", "data": [[0.9999736422395072, -0.0012132346953631413, -0.007158413778752752, -0.7359569126574639], [-0.0012221901076499087, -0.9999984758803777, -0.0012467911863281362, 0.08795915289495237], [-0.007156890218148722, 0.0012555072662115189, -0.9999736009635003, 0.004712398573381558], [0.0, 0.0, 0.0, 1.0]]}, "mean_rme": {"type": "float", "data": 0.002056659870358776}, "max_rme": {"type": "float", "data": 0.005666013985611673}, "simu": {"type": "float", "data": 0.002}}, {"type": "dict", "image_number": {"type": "int", "data": 14}, "Hcamera2end": {"type": "ndarray", "data": [[0.9999995322515396, 0.0007038044079519375, -0.0006634425802699877, -0.01789631467544045], [0.0006551958473187319, 0.011653586728106236, 0.9999318799972187, 0.027602193913294697], [0.0007114879504420052, -0.9999318469654449, 0.011653120147433582, 0.028802214088274387], [0.0, 0.0, 0.0, 1.0]]}, "Hobj2base": {"type": "ndarray", "data": [[0.9999809691144119, -0.0013143156368182367, -0.006027767696951865, -0.735438872489726], [-0.0013138384640829605, -0.9999991334592739, 8.31215404992191e-05, 0.0878313090617493], [-0.006027871721586107, -7.520044556987983e-05, -0.9999818293886145, 0.004542568906474027], [0.0, 0.0, 0.0, 1.0]]}, "mean_rme": {"type": "float", "data": 0.0020361788110933314}, "max_rme": {"type": "float", "data": 0.005621571208266812}, "simu": {"type": "float", "data": 0.002}}, {"type": "dict", "image_number": {"type": "int", "data": 15}, "Hcamera2end": {"type": "ndarray", "data": [[0.9999989283554481, 0.001291263805251392, -0.0006898737135184432, -0.01769943877473626], [0.000675622810869722, 0.011004487596525614, 0.9999392205462067, 0.028194373377417162], [0.0012987770296661884, -0.9999386150612063, 0.011003603396344763, 0.028980558041807228], [0.0, 0.0, 0.0, 1.0]]}, "Hobj2base": {"type": "ndarray", "data": [[0.9999799281020662, 0.00010545883267409145, -0.006335003663873731, -0.7356859817712587], [0.00010779539329593315, -0.9999999262965147, 0.0003684930365084884, 0.08727537758941571], [-0.006334964336116404, -0.0003691685243653487, -0.9999798657680365, 0.003954741452763959], [0.0, 0.0, 0.0, 1.0]]}, "mean_rme": {"type": "float", "data": 0.0020794659339488696}, "max_rme": {"type": "float", "data": 0.005741266728604422}, "simu": {"type": "float", "data": 0.002}}, {"type": "dict", "image_number": {"type": "int", "data": 16}, "Hcamera2end": {"type": "ndarray", "data": [[0.9999988044005292, 0.0013249742586286758, -0.0007972707984875752, -0.01756734268219137], [0.0007828339500457436, 0.010860977294991137, 0.9999407114140338, 0.028064793326732382], [0.0013335548428187734, -0.9999401400160969, 0.010859927074779896, 0.028810865086198113], [0.0, 0.0, 0.0, 1.0]]}, "Hobj2base": {"type": "ndarray", "data": [[0.9999795737698416, -2.682539390488783e-05, -0.006391504007989558, -0.7354469858728351], [-2.82046879072141e-05, -0.999999976336603, -0.00021571112525878847, 0.08727180389065876], [-0.006391498070208954, 0.00021588698946949927, -0.9999795508635296, 0.004099943275533518], [0.0, 0.0, 0.0, 1.0]]}, "mean_rme": {"type": "float", "data": 0.002028464130571277}, "max_rme": {"type": "float", "data": 0.005723683326775364}, "simu": {"type": "float", "data": 0.002}}, {"type": "dict", "image_number": {"type": "int", "data": 17}, "Hcamera2end": {"type": "ndarray", "data": [[0.9999992682018672, -0.001202485005522067, -0.00013276121940262488, -0.017847862119385733], [0.00014455701920616858, 0.009814750207358669, 0.9999518237303411, 0.027780352773510382], [-0.0012011240560745192, -0.9999511111590298, 0.009814916852590838, 0.029084507946735238], [0.0, 0.0, 0.0, 1.0]]}, "Hobj2base": {"type": "ndarray", "data": [[0.9999827732499715, -0.0021957431092394773, -0.005443520505536246, -0.7353593363614126], [-0.0021922958871688617, -0.9999973926552654, 0.0006391567995525545, 0.0876633053586694], [-0.0054449097365400585, -0.0006272119813421331, -0.9999849796687408, 0.004170794307945167], [0.0, 0.0, 0.0, 1.0]]}, "mean_rme": {"type": "float", "data": 0.002128418794256944}, "max_rme": {"type": "float", "data": 0.0068482063409874006}, "simu": {"type": "float", "data": 0.002}}, {"type": "dict", "image_number": {"type": "int", "data": 18}, "Hcamera2end": {"type": "ndarray", "data": [[0.9999965026473537, -0.0018623549520497948, -0.0018778517230428567, -0.017029727716296062], [0.001890189092675061, 0.006645121464766923, 0.9999761344881747, 0.027810383832956535], [-0.0018498319532032226, -0.9999761867138391, 0.006648618427450792, 0.030594413141385668], [0.0, 0.0, 0.0, 1.0]]}, "Hobj2base": {"type": "ndarray", "data": [[0.999992759383268, -0.002214449317606189, -0.003094736702411913, -0.7352734029716634], [-0.0022169931687493387, -0.9999972072466536, -0.0008188041179997376, 0.08760979336896177], [-0.003092914859355273, 0.0008256591994812656, -0.9999948760691526, 0.003874894493244836], [0.0, 0.0, 0.0, 1.0]]}, "mean_rme": {"type": "float", "data": 0.0021897085766627105}, "max_rme": {"type": "float", "data": 0.007126378814203915}, "simu": {"type": "float", "data": 0.002}}, {"type": "dict", "image_number": {"type": "int", "data": 19}, "Hcamera2end": {"type": "ndarray", "data": [[0.9999962707688671, -0.0022168664392389816, -0.0015949769744760534, -0.016708958251788284], [0.0016112293475795323, 0.007348888697173539, 0.9999716984869654, 0.027840502471383415], [-0.0022050823903045757, -0.9999705392350854, 0.007352433171735617, 0.030702432808266726], [0.0, 0.0, 0.0, 1.0]]}, "Hobj2base": {"type": "ndarray", "data": [[0.9999904721252523, -0.0026396649950675356, -0.0034767553018450587, -0.7355169336171742], [-0.002641604574131828, -0.9999963578321494, -0.0005533965213880209, 0.0881320570581409], [-0.0034752818574927736, 0.0005625754614037703, -0.9999938029432289, 0.0035464476324531214], [0.0, 0.0, 0.0, 1.0]]}, "mean_rme": {"type": "float", "data": 0.002258058188961451}, "max_rme": {"type": "float", "data": 0.006996501298463187}, "simu": {"type": "float", "data": 0.002}}, {"type": "dict", "image_number": {"type": "int", "data": 20}, "Hcamera2end": {"type": "ndarray", "data": [[0.999992657156637, -0.002812862646157529, -0.0026025826677519934, -0.016253412774524415], [0.002620951995265988, 0.006546638007756345, 0.9999751357616018, 0.028298816987599226], [-0.0027957545398590803, -0.999974614345049, 0.006553962314783779, 0.031100820636732], [0.0, 0.0, 0.0, 1.0]]}, "Hobj2base": {"type": "ndarray", "data": [[0.9999914357661528, -0.0027025968588450756, -0.0031343842404490574, -0.7355468128599825], [-0.002707041787665748, -0.9999953352008208, -0.0014147442729427343, 0.08781535242483132], [-0.003130546135747901, 0.0014232170658594434, -0.9999940870495561, 0.0031120145909010024], [0.0, 0.0, 0.0, 1.0]]}, "mean_rme": {"type": "float", "data": 0.00224433537138646}, "max_rme": {"type": "float", "data": 0.007422512170789708}, "simu": {"type": "float", "data": 0.002}}, {"type": "dict", "image_number": {"type": "int", "data": 21}, "Hcamera2end": {"type": "ndarray", "data": [[0.9999901943518733, -0.003088367717995381, -0.0031738281209238634, -0.015874932584886314], [0.003191841583348621, 0.005845338273191225, 0.999977821837954, 0.02823580684136488], [-0.0030697471246879065, -0.9999781467638733, 0.0058551385363678765, 0.031497281519752736], [0.0, 0.0, 0.0, 1.0]]}, "Hobj2base": {"type": "ndarray", "data": [[0.9999921166282261, -0.0029278189084413647, -0.0026822672946021455, -0.7354702749309951], [-0.002932888835177947, -0.9999939164414782, -0.0018881851377699254, 0.0878810132373536], [-0.002676722712723087, 0.0018960370443058079, -0.9999946200850511, 0.0028977258672946296], [0.0, 0.0, 0.0, 1.0]]}, "mean_rme": {"type": "float", "data": 0.0021996661954960736}, "max_rme": {"type": "float", "data": 0.007564605565189952}, "simu": {"type": "float", "data": 0.002}}, {"type": "dict", "image_number": {"type": "int", "data": 22}, "Hcamera2end": {"type": "ndarray", "data": [[0.999990446486713, -0.0029978029531734277, -0.003181212466727951, -0.01578149429805351], [0.003198846700477482, 0.005896066511083542, 0.9999775016366536, 0.028344425175771373], [-0.0029789788672236303, -0.9999781245493077, 0.005905599695019248, 0.031211268659083552], [0.0, 0.0, 0.0, 1.0]]}, "Hobj2base": {"type": "ndarray", "data": [[0.9999913833543203, -0.002907089182671606, -0.0029634523105655794, -0.7353686750360207], [-0.0029122145522461193, -0.9999942687728816, -0.001726681149445148, 0.087979915966064], [-0.0029584157102558574, 0.0017352964801891978, -0.9999941182440082, 0.0026730148598198607], [0.0, 0.0, 0.0, 1.0]]}, "mean_rme": {"type": "float", "data": 0.002203103113826415}, "max_rme": {"type": "float", "data": 0.007332742456468311}, "simu": {"type": "float", "data": 0.002}}, {"type": "dict", "image_number": {"type": "int", "data": 23}, "Hcamera2end": {"type": "ndarray", "data": [[0.9999917387181022, -0.0029185769572026834, -0.0028292055584013464, -0.01616939642516005], [0.0028416014324033553, 0.004251864980432396, 0.9999869233872449, 0.02809371000091312], [-0.0029065093920658067, -0.999986701687944, 0.004260123287039286, 0.03177863625376776], [0.0, 0.0, 0.0, 1.0]]}, "Hobj2base": {"type": "ndarray", "data": [[0.9999954784389232, -0.002450870853878396, -0.0017425078957126025, -0.735166834432744], [-0.002453490843327775, -0.99999586063383, -0.0015030295696353156, 0.0876700056784116], [-0.0017388169514696316, 0.0015072980007618737, -0.9999973522806678, 0.0026467404241455666], [0.0, 0.0, 0.0, 1.0]]}, "mean_rme": {"type": "float", "data": 0.002200598645488708}, "max_rme": {"type": "float", "data": 0.007404240934239248}, "simu": {"type": "float", "data": 0.002}}, {"type": "dict", "image_number": {"type": "int", "data": 24}, "Hcamera2end": {"type": "ndarray", "data": [[0.9999904365178816, -0.0031726428905615375, -0.003010184357425587, -0.016001917178316276], [0.0030258594262885952, 0.004947532452089787, 0.9999831829072766, 0.027936422299047765], [-0.003157696551136733, -0.9999827279807009, 0.0049570851078482026, 0.03167348346317716], [0.0, 0.0, 0.0, 1.0]]}, "Hobj2base": {"type": "ndarray", "data": [[0.9999934517678051, -0.0030861327803528467, -0.0018900280348832783, -0.735390770097572], [-0.0030894365376372404, -0.9999937006602515, -0.001747575948358997, 0.08774819062148646], [-0.0018846228775341654, 0.0017534036264940359, -0.9999966868806778, 0.0027172177631726462], [0.0, 0.0, 0.0, 1.0]]}, "mean_rme": {"type": "float", "data": 0.002180841657031324}, "max_rme": {"type": "float", "data": 0.007321087937575632}, "simu": {"type": "float", "data": 0.002}}, {"type": "dict", "image_number": {"type": "int", "data": 25}, "Hcamera2end": {"type": "ndarray", "data": [[0.9999929273515386, -0.002609268985516433, -0.002708682753991192, -0.015890865046461995], [0.0027220905442290836, 0.005148751156082265, 0.9999830401484825, 0.027981354327281237], [-0.002595278399240798, -0.999983340899684, 0.005155817407208163, 0.031545329891246046], [0.0, 0.0, 0.0, 1.0]]}, "Hobj2base": {"type": "ndarray", "data": [[0.9999944372513544, -0.002366715710990921, -0.0023503453130000983, -0.7355685368804804], [-0.0023699236298611774, -0.9999962628048336, -0.0013630254420878387, 0.08787191243670173], [-0.0023471106355726842, 0.0013685879988155193, -0.9999963090124657, 0.002738377610522855], [0.0, 0.0, 0.0, 1.0]]}, "mean_rme": {"type": "float", "data": 0.0021480113335153434}, "max_rme": {"type": "float", "data": 0.007258681198505701}, "simu": {"type": "float", "data": 0.002}}, {"type": "dict", "image_number": {"type": "int", "data": 26}, "Hcamera2end": {"type": "ndarray", "data": [[0.9999951008521386, -0.0019996501100359105, -0.0024082506427923877, -0.015908877954548078], [0.002415606298597381, 0.0036842405956521995, 0.9999902955616338, 0.028011878218202838], [-0.001990758129771982, -0.9999912138467373, 0.003689052913413593, 0.03247737342222639], [0.0, 0.0, 0.0, 1.0]]}, "Hobj2base": {"type": "ndarray", "data": [[0.9999977565206202, -0.001633814783045286, -0.0013481850693107887, -0.7356358047040608], [-0.0016352321832486987, -0.9999981108024769, -0.001050907790644839, 0.08791082113432666], [-0.0013464655336389217, 0.001053110028569193, -0.9999985389938502, 0.0024569555196672665], [0.0, 0.0, 0.0, 1.0]]}, "mean_rme": {"type": "float", "data": 0.002166886696510527}, "max_rme": {"type": "float", "data": 0.0074160241583708375}, "simu": {"type": "float", "data": 0.002}}, {"type": "dict", "image_number": {"type": "int", "data": 27}, "Hcamera2end": {"type": "ndarray", "data": [[0.9999936482841725, -0.0013413832576864542, -0.0033021329874487267, -0.015708269048081126], [0.0033072288123684682, 0.0038146466312937166, 0.9999872552731164, 0.028263549804328804], [-0.0013287696916465344, -0.999991824547598, 0.0038190586631005052, 0.03223453240411131], [0.0, 0.0, 0.0, 1.0]]}, "Hobj2base": {"type": "ndarray", "data": [[0.9999982303541691, -0.0011129957122582633, -0.0015167495095246965, -0.7353993376727741], [-0.0011154932034028303, -0.9999980219302935, -0.0016467575457172734, 0.08764068764721575], [-0.0015149136752009263, 0.0016484465553087877, -0.9999974938271157, 0.0022344730280135466], [0.0, 0.0, 0.0, 1.0]]}, "mean_rme": {"type": "float", "data": 0.0022084448584063577}, "max_rme": {"type": "float", "data": 0.007113174384366594}, "simu": {"type": "float", "data": 0.002}}, {"type": "dict", "image_number": {"type": "int", "data": 28}, "Hcamera2end": {"type": "ndarray", "data": [[0.9999932531717263, -0.0014926462388322867, -0.003356429387544463, -0.0156477215651691], [0.003360255233676935, 0.002568051283704076, 0.9999910568586946, 0.02823391111207275], [-0.0014840134070887078, -0.9999955885501747, 0.0025730496298391747, 0.03282196428582522], [0.0, 0.0, 0.0, 1.0]]}, "Hobj2base": {"type": "ndarray", "data": [[0.9999993083976577, -0.0010199907539693068, -0.0005855109461712914, -0.7354423504402944], [-0.001021043829950804, -0.9999978567760601, -0.001801086556435718, 0.0876770793444017], [-0.0005836725996555516, 0.0018016831431389936, -0.9999982066304662, 0.0021360440181309426], [0.0, 0.0, 0.0, 1.0]]}, "mean_rme": {"type": "float", "data": 0.002195840003588481}, "max_rme": {"type": "float", "data": 0.007455002788025855}, "simu": {"type": "float", "data": 0.002}}, {"type": "dict", "image_number": {"type": "int", "data": 29}, "Hcamera2end": {"type": "ndarray", "data": [[0.9999936770041203, -0.0017468479042896134, -0.0030974948229693954, -0.015625441704228117], [0.0031031508847077813, 0.0032445055948724377, 0.9999899217682304, 0.02799692801888083], [-0.001736780459868355, -0.9999932108298757, 0.003249905812496512, 0.032466476973709704], [0.0, 0.0, 0.0, 1.0]]}, "Hobj2base": {"type": "ndarray", "data": [[0.9999986766583276, -0.0014200442717429416, -0.0007938235696306774, -0.7354110231557873], [-0.0014213489279359384, -0.9999976362629432, -0.0016453679683566314, 0.08796322786190518], [-0.0007914851978821152, 0.0016464940912522975, -0.9999983313028022, 0.002187573517104754], [0.0, 0.0, 0.0, 1.0]]}, "mean_rme": {"type": "float", "data": 0.0021823739935185786}, "max_rme": {"type": "float", "data": 0.007198299930835206}, "simu": {"type": "float", "data": 0.002}}, {"type": "dict", "image_number": {"type": "int", "data": 30}, "Hcamera2end": {"type": "ndarray", "data": [[0.9999948449540532, -0.0018841283549850658, -0.002600024165450696, -0.01593717187146388], [0.002606230325106888, 0.0032989807416030636, 0.9999911621057253, 0.028045226027752678], [-0.0018755342736083399, -0.9999927833671644, 0.003303874207660984, 0.03234718592325353], [0.0, 0.0, 0.0, 1.0]]}, "Hobj2base": {"type": "ndarray", "data": [[0.9999986085656297, -0.0014772046715267255, -0.0007750697793119047, -0.7353132491422751], [-0.0014783321682151685, -0.9999978470742525, -0.0014561527598549104, 0.08796198174961098], [-0.0007729170749849067, 0.0014572965443012801, -0.9999986394420628, 0.0020978049322670387], [0.0, 0.0, 0.0, 1.0]]}, "mean_rme": {"type": "float", "data": 0.002150714052662312}, "max_rme": {"type": "float", "data": 0.007089812781066962}, "simu": {"type": "float", "data": 0.002}}]}