{"type": "list", "data": [{"type": "dict", "image_number": {"type": "int", "data": 5}, "Hcamera2end": {"type": "ndarray", "data": [[0.999674049758946, 0.0006687469649514794, 0.02552150105392015, -0.014353502294370664], [-0.02548063308542043, -0.03616560547412262, 0.999020913854288, 0.02700190361363539], [0.0015910927422865817, -0.9993455867507433, -0.03613677719025943, 0.03057351015283292], [0.0, 0.0, 0.0, 1.0]]}, "Hobj2base": {"type": "ndarray", "data": [[0.9993627319325586, -0.002240198623961119, 0.0356245917087913, -0.7109511163026621], [-0.0028477408189675622, -0.9998512228086811, 0.01701242546529657, 0.10329389318624001], [0.0355811803699774, -0.01710303359376599, -0.9992204290572568, 0.002118079453172261], [0.0, 0.0, 0.0, 1.0]]}, "mean_rme": {"type": "float", "data": 0.0024921498121111343}, "max_rme": {"type": "float", "data": 0.00805082285253994}, "simu": {"type": "float", "data": 0.002}}, {"type": "dict", "image_number": {"type": "int", "data": 6}, "Hcamera2end": {"type": "ndarray", "data": [[0.9999977485268403, -0.0003447124116787389, 0.0020938277396632234, -0.016641890457657477], [-0.0020935690188892053, 0.0007491987109463638, 0.9999975278319715, 0.026073929848349966], [-0.00034628025253523494, -0.9999996599372645, 0.0007484753449200632, 0.0338669241862236], [0.0, 0.0, 0.0, 1.0]]}, "Hobj2base": {"type": "ndarray", "data": [[0.9999999898007406, 1.9762227755222608e-05, 0.0001414495429518073, -0.7359193103694893], [2.0482739222220154e-05, -0.9999870172250511, -0.00509558257738438, 0.08715222764089925], [0.00014134700648078471, 0.005095585422687313, -0.9999870074307087, 0.004245203036556548], [0.0, 0.0, 0.0, 1.0]]}, "mean_rme": {"type": "float", "data": 0.002323001668846956}, "max_rme": {"type": "float", "data": 0.006864826790383499}, "simu": {"type": "float", "data": 0.002}}, {"type": "dict", "image_number": {"type": "int", "data": 7}, "Hcamera2end": {"type": "ndarray", "data": [[0.9999770568627293, 0.0011275306316329827, 0.006679402879636454, -0.016006919143520416], [-0.006682789277769062, 0.003026812094100051, 0.9999730890059071, 0.026508857158405497], [0.0011072829912453664, -0.999994783528005, 0.003034277699150101, 0.031326356681480386], [0.0, 0.0, 0.0, 1.0]]}, "Hobj2base": {"type": "ndarray", "data": [[0.9999945834738218, 0.0014233028128406828, -0.002967698118205276, -0.7357415364137714], [0.0014221611489452241, -0.9999989139321195, -0.0003867715715559016, 0.09045160870713899], [-0.0029682453881493915, 0.00038254893163204985, -0.9999955215777874, 0.005086218521038894], [0.0, 0.0, 0.0, 1.0]]}, "mean_rme": {"type": "float", "data": 0.002367277942283182}, "max_rme": {"type": "float", "data": 0.006037195475598861}, "simu": {"type": "float", "data": 0.002}}, {"type": "dict", "image_number": {"type": "int", "data": 8}, "Hcamera2end": {"type": "ndarray", "data": [[0.9999830876823635, 0.0012751453466540111, 0.005674359311079714, -0.01586905280301038], [-0.0056782531812357645, 0.0030710819718514637, 0.9999791627310701, 0.02698207693988294], [0.0012576923535254341, -0.9999944712146498, 0.003078270630858859, 0.031249205321409075], [0.0, 0.0, 0.0, 1.0]]}, "Hobj2base": {"type": "ndarray", "data": [[0.9999945729373664, 0.0015487146655379126, -0.0029078477778207833, -0.7357066967410327], [0.0015479049655698664, -0.9999987626027991, -0.00028068325181213055, 0.09018356672489314], [-0.0029082788779265355, 0.0002761806565121327, -0.999995732810002, 0.004426497698271095], [0.0, 0.0, 0.0, 1.0]]}, "mean_rme": {"type": "float", "data": 0.0021084241472919592}, "max_rme": {"type": "float", "data": 0.006389039241927491}, "simu": {"type": "float", "data": 0.002}}, {"type": "dict", "image_number": {"type": "int", "data": 9}, "Hcamera2end": {"type": "ndarray", "data": [[0.9999907264064046, 0.0008821657884732796, 0.004215315493859697, -0.015113334955054354], [-0.0042187225075961685, 0.0038965506487905754, 0.9999835095007543, 0.02687909454306236], [0.0008657260507965549, -0.9999920193064358, 0.003900236126430645, 0.03141225304230963], [0.0, 0.0, 0.0, 1.0]]}, "Hobj2base": {"type": "ndarray", "data": [[0.9999918215334506, 0.001563969834795955, -0.0037297271438397, -0.736294151218646], [0.0015590409068638224, -0.9999979081174573, -0.0013240665240084955, 0.08983066145276307], [-0.0037317901417914115, 0.0013182408979860332, -0.9999921679609656, 0.004219164853986133], [0.0, 0.0, 0.0, 1.0]]}, "mean_rme": {"type": "float", "data": 0.002069414127899349}, "max_rme": {"type": "float", "data": 0.006255864802952843}, "simu": {"type": "float", "data": 0.002}}, {"type": "dict", "image_number": {"type": "int", "data": 10}, "Hcamera2end": {"type": "ndarray", "data": [[0.9999889195880972, 0.0005378560306087627, 0.004676688135879733, -0.015596966162814955], [-0.004679411467243676, 0.005178704439658621, 0.9999756417676616, 0.02685500250807923], [0.0005136237437744265, -0.9999864457737498, 0.005181163907157615, 0.030818306619028214], [0.0, 0.0, 0.0, 1.0]]}, "Hobj2base": {"type": "ndarray", "data": [[0.9999882466570137, 0.00011150743727789044, -0.004847072716905959, -0.7364475001279004], [0.00011001294134406597, -0.9999999463331017, -0.000308595116425973, 0.08983870707265966], [-0.004847106867429191, 0.00030805824867523036, -0.9999882052580074, 0.004418546544681828], [0.0, 0.0, 0.0, 1.0]]}, "mean_rme": {"type": "float", "data": 0.0019525242153122467}, "max_rme": {"type": "float", "data": 0.006119707126551827}, "simu": {"type": "float", "data": 0.002}}, {"type": "dict", "image_number": {"type": "int", "data": 11}, "Hcamera2end": {"type": "ndarray", "data": [[0.9999728536882627, 0.0022267386418221044, 0.007023782568767732, -0.015600748011322682], [-0.007036129831495808, 0.0055865247947888275, 0.999959640994431, 0.02665373524936822], [0.002187410237391232, -0.999981916024354, 0.005602040763429961, 0.030963242874357748], [0.0, 0.0, 0.0, 1.0]]}, "Hobj2base": {"type": "ndarray", "data": [[0.9999872325830136, 0.001991659820671439, -0.004644132009815926, -0.7366649466343347], [0.0019996101222466, -0.9999965423326658, 0.001707888190787671, 0.09084267987866851], [-0.0046407144196645884, -0.0017171528388428507, -0.9999877575029623, 0.004696100861784468], [0.0, 0.0, 0.0, 1.0]]}, "mean_rme": {"type": "float", "data": 0.002053875883836235}, "max_rme": {"type": "float", "data": 0.005950697336899458}, "simu": {"type": "float", "data": 0.002}}, {"type": "dict", "image_number": {"type": "int", "data": 12}, "Hcamera2end": {"type": "ndarray", "data": [[0.9999722938810551, 0.0029890812404385595, 0.006817394194175588, -0.016017118410271324], [-0.006828021881781509, 0.0035598326166556005, 0.999970352414972, 0.026669129448520536], [0.002964723839185303, -0.9999891964341813, 0.0035801434996257653, 0.03174698749257246], [0.0, 0.0, 0.0, 1.0]]}, "Hobj2base": {"type": "ndarray", "data": [[0.9999923798417526, 0.002734289132143318, -0.0027863814113967124, -0.7361541526815301], [0.002741872741759489, -0.9999925377745875, 0.002721493892693837, 0.09039452838703092], [-0.0027789192676165486, -0.002729113057719759, -0.9999924147460431, 0.004679286863953987], [0.0, 0.0, 0.0, 1.0]]}, "mean_rme": {"type": "float", "data": 0.0021149717975786643}, "max_rme": {"type": "float", "data": 0.006283454348781969}, "simu": {"type": "float", "data": 0.002}}, {"type": "dict", "image_number": {"type": "int", "data": 13}, "Hcamera2end": {"type": "ndarray", "data": [[0.9999651526434828, 0.003858825956982167, 0.0074029021964278656, -0.016034971393205293], [-0.007414630748612185, 0.003034016668107209, 0.999967908481927, 0.026736088949445007], [0.003836241592742898, -0.9999879520299689, 0.003062522710240878, 0.03186339558341348], [0.0, 0.0, 0.0, 1.0]]}, "Hobj2base": {"type": "ndarray", "data": [[0.9999867688558693, 0.004130535166587193, -0.003066071172648268, -0.7364622588507431], [0.0041402159068112294, -0.9999864434496151, 0.0031577728283400395, 0.08996553432271116], [-0.0030529863155843795, -0.003170425244033029, -0.9999903137922534, 0.004660403526991217], [0.0, 0.0, 0.0, 1.0]]}, "mean_rme": {"type": "float", "data": 0.0021998496364347172}, "max_rme": {"type": "float", "data": 0.0064361638622122685}, "simu": {"type": "float", "data": 0.002}}, {"type": "dict", "image_number": {"type": "int", "data": 14}, "Hcamera2end": {"type": "ndarray", "data": [[0.9999765963512139, 0.004449400798926135, 0.005197074405072715, -0.01570101589050438], [-0.005216798635143447, 0.004432938983075285, 0.999976566757428, 0.026566014251100514], [0.004426258221309724, -0.9999802757477284, 0.004456046864143248, 0.030939380271560978], [0.0, 0.0, 0.0, 1.0]]}, "Hobj2base": {"type": "ndarray", "data": [[0.99998229840879, 0.00459679117320729, -0.0037778803558860033, -0.736112913147276], [0.004602051626393704, -0.9999884514870447, 0.001384923597186131, 0.08912442126030262], [-0.003771470522418659, -0.0014022850822708825, -0.9999919047705568, 0.004462827858309807], [0.0, 0.0, 0.0, 1.0]]}, "mean_rme": {"type": "float", "data": 0.0022094873323308707}, "max_rme": {"type": "float", "data": 0.006724054124006645}, "simu": {"type": "float", "data": 0.002}}, {"type": "dict", "image_number": {"type": "int", "data": 15}, "Hcamera2end": {"type": "ndarray", "data": [[0.9999867754019414, 0.0027660231452758975, 0.004335681859537105, -0.015312327261951749], [-0.004344004908273499, 0.0030101527831697394, 0.9999860342032676, 0.027986225166516374], [0.0027529334507424693, -0.9999916440131795, 0.003022128593228479, 0.03143202486913193], [0.0, 0.0, 0.0, 1.0]]}, "Hobj2base": {"type": "ndarray", "data": [[0.9999917454659728, 0.002372637616695044, -0.0032984224497416585, -0.7359866034596331], [0.002377584149534835, -0.9999960537008032, 0.0014965548542252762, 0.08967209401294718], [-0.0032948586508372126, -0.0015043847777972841, -0.9999934403449411, 0.002939817412481312], [0.0, 0.0, 0.0, 1.0]]}, "mean_rme": {"type": "float", "data": 0.002240581121061914}, "max_rme": {"type": "float", "data": 0.00701425036237599}, "simu": {"type": "float", "data": 0.002}}, {"type": "dict", "image_number": {"type": "int", "data": 16}, "Hcamera2end": {"type": "ndarray", "data": [[0.9999863993233876, 0.0031383805578696416, 0.004165541467851137, -0.0154119009428572], [-0.004175331645496158, 0.0031194329147767874, 0.9999864177797319, 0.027914890435502254], [0.0031253438045309367, -0.9999902098049581, 0.0031324942680374113, 0.03163415273492655], [0.0, 0.0, 0.0, 1.0]]}, "Hobj2base": {"type": "ndarray", "data": [[0.9999905774953638, 0.002530042550598393, -0.003527577806515371, -0.7363214821824655], [0.002536207309079952, -0.9999952626757151, 0.0017442128922241973, 0.08963717898441537], [-0.0035231481624007307, -0.001753143125986366, -0.9999922569281254, 0.0031497391213581444], [0.0, 0.0, 0.0, 1.0]]}, "mean_rme": {"type": "float", "data": 0.0021972581643843014}, "max_rme": {"type": "float", "data": 0.007269059062491062}, "simu": {"type": "float", "data": 0.002}}, {"type": "dict", "image_number": {"type": "int", "data": 17}, "Hcamera2end": {"type": "ndarray", "data": [[0.9999782745403004, 0.004960511400929955, 0.004340941608096252, -0.015281349731237326], [-0.004362970310574536, 0.00443865397132448, 0.9999806312329215, 0.0277576153878187], [0.004941147384231975, -0.9999778455933733, 0.004460200103494016, 0.031409512656921254], [0.0, 0.0, 0.0, 1.0]]}, "Hobj2base": {"type": "ndarray", "data": [[0.9999795969904979, 0.00423679525025162, -0.004780707973597627, -0.7367359171807708], [0.004248000353318938, -0.9999882484919791, 0.0023361016549829266, 0.08972910937010005], [-0.004770754208673592, -0.0023563624406396193, -0.9999858436299631, 0.003599555138195562], [0.0, 0.0, 0.0, 1.0]]}, "mean_rme": {"type": "float", "data": 0.0022476149557041176}, "max_rme": {"type": "float", "data": 0.007537914170108878}, "simu": {"type": "float", "data": 0.002}}, {"type": "dict", "image_number": {"type": "int", "data": 18}, "Hcamera2end": {"type": "ndarray", "data": [[0.999978722335906, 0.00541200341235655, 0.0036421277453737243, -0.014609273380728304], [-0.003657188324664921, 0.002775524576399735, 0.9999894606629031, 0.02760129142709409], [0.005401837558360545, -0.9999815031701288, 0.002795258235412823, 0.032042913347312185], [0.0, 0.0, 0.0, 1.0]]}, "Hobj2base": {"type": "ndarray", "data": [[0.9999802124180315, 0.005158747952363471, -0.003600290537240812, -0.736671216947856], [0.005166682537800844, -0.9999842368297889, 0.0021980635794098245, 0.08990796370191795], [-0.0035888945292588174, -0.0022166216432963465, -0.9999911031726978, 0.003338684603001185], [0.0, 0.0, 0.0, 1.0]]}, "mean_rme": {"type": "float", "data": 0.0022303107994236814}, "max_rme": {"type": "float", "data": 0.007560313536807389}, "simu": {"type": "float", "data": 0.002}}, {"type": "dict", "image_number": {"type": "int", "data": 19}, "Hcamera2end": {"type": "ndarray", "data": [[0.9999789636102643, 0.005708055112838089, 0.003080656386331185, -0.01435768420589626], [-0.003099340288357338, 0.0032673025317581095, 0.9999898593605551, 0.027689944452970492], [0.005697931793098722, -0.9999783711865945, 0.003284925004688022, 0.031410271631460915], [0.0, 0.0, 0.0, 1.0]]}, "Hobj2base": {"type": "ndarray", "data": [[0.9999745355956012, 0.005934448684916126, -0.0039636446823337786, -0.7364207273229101], [0.005939702342790645, -0.999981495174348, 0.0013150075872189145, 0.08958596277184754], [-0.003955767490733359, -0.0013385169709395736, -0.9999912800999204, 0.003262001863227086], [0.0, 0.0, 0.0, 1.0]]}, "mean_rme": {"type": "float", "data": 0.002187831599891528}, "max_rme": {"type": "float", "data": 0.007385418803374816}, "simu": {"type": "float", "data": 0.002}}, {"type": "dict", "image_number": {"type": "int", "data": 20}, "Hcamera2end": {"type": "ndarray", "data": [[0.9999790849519601, 0.0056326724372168235, 0.0031784681618005576, -0.014423163687933577], [-0.003196051521401367, 0.003115425744312783, 0.9999900396389477, 0.0276357243343386], [0.005622714052226908, -0.9999792833472335, 0.003133362896346248, 0.03149207832894798], [0.0, 0.0, 0.0, 1.0]]}, "Hobj2base": {"type": "ndarray", "data": [[0.9999752323999637, 0.005929447155198173, -0.0037916016500025044, -0.7363970423155982], [0.005936242566045302, -0.999980789906485, 0.0017834915753544088, 0.08962476048248089], [-0.0037809536939324316, -0.0018059552696566346, -0.9999912214188325, 0.003267733523674482], [0.0, 0.0, 0.0, 1.0]]}, "mean_rme": {"type": "float", "data": 0.0021178006552027345}, "max_rme": {"type": "float", "data": 0.0074129475012433554}, "simu": {"type": "float", "data": 0.002}}, {"type": "dict", "image_number": {"type": "int", "data": 21}, "Hcamera2end": {"type": "ndarray", "data": [[0.9999823830164785, 0.00541068732526225, 0.0024409259213001903, -0.01455730917713038], [-0.0024483673924431855, 0.0013691314468285976, 0.9999960654803565, 0.027734930674324827], [0.005407324088368451, -0.9999844248495823, 0.0013823546772803175, 0.031913743762785905], [0.0, 0.0, 0.0, 1.0]]}, "Hobj2base": {"type": "ndarray", "data": [[0.9999790280026546, 0.005895489694592574, -0.002680812587083936, -0.7360826015690899], [0.005898288434830577, -0.9999820669563753, 0.00103728452928207, 0.0889740474496823], [-0.00267464921170212, -0.001053074981232021, -0.9999958686338051, 0.0029756370678388896], [0.0, 0.0, 0.0, 1.0]]}, "mean_rme": {"type": "float", "data": 0.0021672330414185628}, "max_rme": {"type": "float", "data": 0.007286655527127567}, "simu": {"type": "float", "data": 0.002}}, {"type": "dict", "image_number": {"type": "int", "data": 22}, "Hcamera2end": {"type": "ndarray", "data": [[0.9999849651566284, 0.005154771020208591, 0.0018702396707420451, -0.014057109713107403], [-0.0018760909929915592, 0.0011305258801105333, 0.9999976010940328, 0.02755848629402752], [0.005152644300047847, -0.9999860750265293, 0.001140179702312949, 0.03202908773765966], [0.0, 0.0, 0.0, 1.0]]}, "Hobj2base": {"type": "ndarray", "data": [[0.9999817827129815, 0.005644929796534619, -0.0021375242126232463, -0.7360579620378498], [0.005646174586424109, -0.9999838938974797, 0.0005767652676099776, 0.08922900760810028], [-0.0021342339859944, -0.0005888235953987348, -0.99999754916303, 0.0028424792234114423], [0.0, 0.0, 0.0, 1.0]]}, "mean_rme": {"type": "float", "data": 0.002149392859615197}, "max_rme": {"type": "float", "data": 0.007329157095564337}, "simu": {"type": "float", "data": 0.002}}, {"type": "dict", "image_number": {"type": "int", "data": 23}, "Hcamera2end": {"type": "ndarray", "data": [[0.9999877313886669, 0.004815485812074047, 0.0011611066019603755, -0.013845158876348965], [-0.0011609702133352077, -3.111815942635765e-05, 0.9999993255896845, 0.027474383306715103], [0.004815518695961092, -0.999988404996805, -2.5527142059056374e-05, 0.03286850877169069], [0.0, 0.0, 0.0, 1.0]]}, "Hobj2base": {"type": "ndarray", "data": [[0.999984858237027, 0.005357082946418971, -0.001258951539266855, -0.7360567651536734], [0.005357052586751481, -0.9999856505130984, -2.748596378976697e-05, 0.08899818970952669], [-0.0012590807185461168, 2.0741278003793915e-05, -0.9999992071424573, 0.0026014375699123576], [0.0, 0.0, 0.0, 1.0]]}, "mean_rme": {"type": "float", "data": 0.0021885678350505203}, "max_rme": {"type": "float", "data": 0.00722988677420891}, "simu": {"type": "float", "data": 0.002}}, {"type": "dict", "image_number": {"type": "int", "data": 24}, "Hcamera2end": {"type": "ndarray", "data": [[0.9999832924001917, 0.0057365536410040364, 0.0007119499959278488, -0.014005410153126882], [-0.0007177914709802107, 0.0010162954838300875, 0.9999992259591473, 0.027352239816276377], [0.005735825649111591, -0.999983029403906, 0.0010203961532481154, 0.03229842060594283], [0.0, 0.0, 0.0, 1.0]]}, "Hobj2base": {"type": "ndarray", "data": [[0.9999805335064293, 0.0059671575177187445, -0.0018236335584639104, -0.7358686524023059], [0.00596658993331576, -0.9999821496503991, -0.00031652035413860786, 0.08857656613070121], [-0.001825489732778057, 0.0003056333189651815, -0.9999982870862878, 0.002700836541285672], [0.0, 0.0, 0.0, 1.0]]}, "mean_rme": {"type": "float", "data": 0.002233418684981901}, "max_rme": {"type": "float", "data": 0.007454776417782499}, "simu": {"type": "float", "data": 0.002}}, {"type": "dict", "image_number": {"type": "int", "data": 25}, "Hcamera2end": {"type": "ndarray", "data": [[0.9999857435614518, 0.005273871489825638, 0.0008360343050283492, -0.013821229560681223], [-0.0008430303296731094, 0.001324460866726107, 0.9999987675508784, 0.027390460668372116], [0.005272757695327102, -0.9999852159321763, 0.001328888018251817, 0.03239262637086286], [0.0, 0.0, 0.0, 1.0]]}, "Hobj2base": {"type": "ndarray", "data": [[0.9999822890755318, 0.005438948567578421, -0.002416479616870266, -0.7361427450190955], [0.005438739074126786, -0.9999852056008116, -9.325655831429175e-05, 0.08882223870186681], [-0.0024169510841304444, 8.011230454032804e-05, -0.9999970759604626, 0.0027535307786279175], [0.0, 0.0, 0.0, 1.0]]}, "mean_rme": {"type": "float", "data": 0.0022170958380308852}, "max_rme": {"type": "float", "data": 0.007337131716954853}, "simu": {"type": "float", "data": 0.002}}, {"type": "dict", "image_number": {"type": "int", "data": 26}, "Hcamera2end": {"type": "ndarray", "data": [[0.9999854718360587, 0.004998647906452691, 0.00201733386487681, -0.014695435583658687], [-0.0020213261580488617, 0.0007937513836403509, 0.9999976420968723, 0.029270416089111698], [0.004997034858578645, -0.9999871916568975, 0.0008038437496582507, 0.03270118260097118], [0.0, 0.0, 0.0, 1.0]]}, "Hobj2base": {"type": "ndarray", "data": [[0.9999850152230142, 0.005127239824160753, -0.0019185257917570336, -0.7360886452437181], [0.005129431045359294, -0.999986195751603, 0.001138965928825633, 0.0889398732884271], [-0.0019126595564818117, -0.0011487898074327562, -0.9999975110046018, 0.0007729580735809222], [0.0, 0.0, 0.0, 1.0]]}, "mean_rme": {"type": "float", "data": 0.002301061807198206}, "max_rme": {"type": "float", "data": 0.007620204038032069}, "simu": {"type": "float", "data": 0.002}}, {"type": "dict", "image_number": {"type": "int", "data": 27}, "Hcamera2end": {"type": "ndarray", "data": [[0.9999903059636995, 0.0038267377488634103, 0.0021780855878295183, -0.014567885040539845], [-0.002177446924030113, -0.0001710534584775658, 0.9999976147299591, 0.029201096455343727], [0.0038271011901331612, -0.999992663382545, -0.0001627192819388945, 0.033461767144617], [0.0, 0.0, 0.0, 1.0]]}, "Hobj2base": {"type": "ndarray", "data": [[0.999991872753386, 0.0038668006498264254, -0.001141174793939567, -0.7359793818714672], [0.0038682012010619465, -0.9999917649204648, 0.0012276443790597668, 0.08951721713168936], [-0.0011364183401916716, -0.0012320486953996824, -0.9999985953036972, 0.0006660879104450428], [0.0, 0.0, 0.0, 1.0]]}, "mean_rme": {"type": "float", "data": 0.0023391216788236943}, "max_rme": {"type": "float", "data": 0.0077926811467848855}, "simu": {"type": "float", "data": 0.002}}, {"type": "dict", "image_number": {"type": "int", "data": 28}, "Hcamera2end": {"type": "ndarray", "data": [[0.9999925348181421, 0.003422248571259746, 0.0017940241646697305, -0.014486166773562025], [-0.0017948128004888907, 0.0002273865190187685, 0.9999983634698519, 0.02919407929391994], [0.003421835033736945, -0.9999941182377461, 0.00023352711707913532, 0.03343488808909512], [0.0, 0.0, 0.0, 1.0]]}, "Hobj2base": {"type": "ndarray", "data": [[0.9999929416468161, 0.0034366868445899106, -0.0015184992854100194, -0.7361451944527276], [0.003438089332883646, -0.9999936647470631, 0.0009219585012806142, 0.08962940495173075], [-0.0015153211826803526, -0.0009271727299670509, -0.9999984220749762, 0.0007689012643348461], [0.0, 0.0, 0.0, 1.0]]}, "mean_rme": {"type": "float", "data": 0.002332300722679877}, "max_rme": {"type": "float", "data": 0.007958599990381093}, "simu": {"type": "float", "data": 0.002}}, {"type": "dict", "image_number": {"type": "int", "data": 29}, "Hcamera2end": {"type": "ndarray", "data": [[0.9999930134407178, 0.0031549992221342397, 0.0020047567585097744, -0.01471263169626251], [-0.002005730540485811, 0.00030551351702778895, 0.9999979418511269, 0.029157934365370165], [0.0031543802483880684, -0.9999949763080809, 0.00031183946083457315, 0.033405383356888196], [0.0, 0.0, 0.0, 1.0]]}, "Hobj2base": {"type": "ndarray", "data": [[0.9999944386062058, 0.0029596269411026267, -0.0015373239830169681, -0.7360686287124838], [0.002961115396737155, -0.9999951484962251, 0.0009668400177414412, 0.08983705432664942], [-0.0015344550389196174, -0.0009713868344792514, -0.9999983509263157, 0.0009077892797467084], [0.0, 0.0, 0.0, 1.0]]}, "mean_rme": {"type": "float", "data": 0.0023567425234483196}, "max_rme": {"type": "float", "data": 0.008198425195686726}, "simu": {"type": "float", "data": 0.002}}, {"type": "dict", "image_number": {"type": "int", "data": 30}, "Hcamera2end": {"type": "ndarray", "data": [[0.9999916787147762, 0.0037455385995219196, 0.001616614302568493, -0.014812870096561067], [-0.0016235951043812203, 0.0018614740811351282, 0.9999969494219383, 0.029341555740807643], [0.003742517887840614, -0.9999912528891666, 0.0018675398294119017, 0.03264743854708268], [0.0, 0.0, 0.0, 1.0]]}, "Hobj2base": {"type": "ndarray", "data": [[0.9999896670943942, 0.0036353514626180027, -0.002729454924709746, -0.7361360159965876], [0.0036374290119660442, -0.9999930983237535, 0.0007565811538246018, 0.0894525449783871], [-0.002726685648491381, -0.0007665015346729491, -0.9999959888223409, 0.0007030145405248045], [0.0, 0.0, 0.0, 1.0]]}, "mean_rme": {"type": "float", "data": 0.0023821004708653873}, "max_rme": {"type": "float", "data": 0.008221906410255053}, "simu": {"type": "float", "data": 0.002}}]}