{"type": "list", "data": [{"type": "dict", "image_number": {"type": "int", "data": 5}, "Hcamera2end": {"type": "ndarray", "data": [[0.999901089984049, 0.008659321792843098, 0.01108270701583146, -0.017618178803919065], [-0.01098436558789824, -0.01132291432269028, 0.9998755599192695, 0.022240667835726455], [0.008783732768143862, -0.9998983987172543, -0.011226677216738201, 0.03275575598597787], [0.0, 0.0, 0.0, 1.0]]}, "Hobj2base": {"type": "ndarray", "data": [[0.9999370055406376, 0.007868754586105425, 0.008004227113629752, -0.7304618650867845], [0.007736191822577638, -0.9998345982118877, 0.016459877112441432, 0.09525831972905455], [0.008132421933667958, -0.016396917995039045, -0.9998324883668044, 0.004359406641499875], [0.0, 0.0, 0.0, 1.0]]}, "mean_rme": {"type": "float", "data": 0.0013403573427387275}, "max_rme": {"type": "float", "data": 0.0035392795581184328}, "simu": {"type": "float", "data": 0.002}}, {"type": "dict", "image_number": {"type": "int", "data": 6}, "Hcamera2end": {"type": "ndarray", "data": [[0.999955436909054, 0.008429365106704742, 0.004250882252063184, -0.017927870218926965], [-0.004200680532871686, -0.005964363598365496, 0.9999733899709169, 0.021900856714474642], [0.008454494608419242, -0.9999466846641198, -0.005928688737979915, 0.033320391453997886], [0.0, 0.0, 0.0, 1.0]]}, "Hobj2base": {"type": "ndarray", "data": [[0.9999821382253817, 0.005714586292009232, 0.0017512092121444065, -0.733655781710746], [0.005699405476815241, -0.9999471673518323, 0.008554489012048107, 0.09197649274646406], [0.001800002056767627, -0.008544355362318654, -0.9999618762653095, 0.006207916025125743], [0.0, 0.0, 0.0, 1.0]]}, "mean_rme": {"type": "float", "data": 0.0012227856073388382}, "max_rme": {"type": "float", "data": 0.0033475142988096326}, "simu": {"type": "float", "data": 0.002}}, {"type": "dict", "image_number": {"type": "int", "data": 7}, "Hcamera2end": {"type": "ndarray", "data": [[0.9999831516379813, 0.005453880945066464, 0.0019878689109528256, -0.01885279801523521], [-0.001995582379229396, 0.0014092309950708426, 0.9999970158550323, 0.02137544544579308], [0.005451063303411637, -0.9999841344994626, 0.0014200909205492884, 0.03309910761751249], [0.0, 0.0, 0.0, 1.0]]}, "Hobj2base": {"type": "ndarray", "data": [[0.9999974898707767, 0.0012344183746120603, -0.0018698832643210693, -0.735940185457712], [0.0012419455387197458, -0.9999911096073579, 0.0040296746175035114, 0.09057293309860413], [-0.0018648923359331014, -0.004031986795677543, -0.999990132580844, 0.008445744803062713], [0.0, 0.0, 0.0, 1.0]]}, "mean_rme": {"type": "float", "data": 0.0015676632376157497}, "max_rme": {"type": "float", "data": 0.0042519332174925095}, "simu": {"type": "float", "data": 0.002}}, {"type": "dict", "image_number": {"type": "int", "data": 8}, "Hcamera2end": {"type": "ndarray", "data": [[0.9999744883866166, 0.0070093409006511745, 0.001375396692868696, -0.0186820726619708], [-0.0013652350669538724, -0.0014543049259183594, 0.9999980105632181, 0.021729422264683232], [0.007011327202196103, -0.9999743767403847, -0.0014446984262597162, 0.034120978938486965], [0.0, 0.0, 0.0, 1.0]]}, "Hobj2base": {"type": "ndarray", "data": [[0.9999921535891496, 0.00393280570949185, -0.00047518352874767526, -0.7364867844769316], [0.003935069474507637, -0.999980443438911, 0.004860860823947786, 0.08967098542275503], [-0.00045605741459049974, -0.004862692563835438, -0.9999880730452062, 0.007979032149492055], [0.0, 0.0, 0.0, 1.0]]}, "mean_rme": {"type": "float", "data": 0.0015925445819111586}, "max_rme": {"type": "float", "data": 0.004871832858524633}, "simu": {"type": "float", "data": 0.002}}, {"type": "dict", "image_number": {"type": "int", "data": 9}, "Hcamera2end": {"type": "ndarray", "data": [[0.999952151718358, 0.007246711227846108, 0.006571107228325654, -0.01918619712439753], [-0.006601628657039211, 0.0041959156507604956, 0.9999694059274645, 0.021562786868443408], [0.007218917709775004, -0.9999649391194833, 0.004243554979917685, 0.031407144399189964], [0.0, 0.0, 0.0, 1.0]]}, "Hobj2base": {"type": "ndarray", "data": [[0.9999853245249387, 0.003219558666015099, -0.004357198268280245, -0.7354178565700666], [0.0032568119558332278, -0.9999579740209357, 0.00856991060802078, 0.09203861529613994], [-0.004329423822792016, -0.008583975415925444, -0.9999537846597815, 0.008707116148486214], [0.0, 0.0, 0.0, 1.0]]}, "mean_rme": {"type": "float", "data": 0.002130280149448102}, "max_rme": {"type": "float", "data": 0.011298372239374521}, "simu": {"type": "float", "data": 0.002}}, {"type": "dict", "image_number": {"type": "int", "data": 10}, "Hcamera2end": {"type": "ndarray", "data": [[0.9999345316011052, 0.009202963780814834, 0.006799850684190555, -0.018358630721426763], [-0.006863724999445275, 0.006926928834152579, 0.9999524523376391, 0.02164574796795487], [0.009155424119628013, -0.9999336593567472, 0.006989641951783976, 0.03062594181704309], [0.0, 0.0, 0.0, 1.0]]}, "Hobj2base": {"type": "ndarray", "data": [[0.9999682800964677, 0.0038796533327692, -0.006956083016318885, -0.7366934273811006], [0.00393656602738774, -0.9999587392089138, 0.008186777609748756, 0.09244101765684433], [-0.0069240341437924674, -0.008213901006038462, -0.9999422931256776, 0.00922870850910712], [0.0, 0.0, 0.0, 1.0]]}, "mean_rme": {"type": "float", "data": 0.002195834938109724}, "max_rme": {"type": "float", "data": 0.011178112448373967}, "simu": {"type": "float", "data": 0.002}}, {"type": "dict", "image_number": {"type": "int", "data": 11}, "Hcamera2end": {"type": "ndarray", "data": [[0.9999300231862882, 0.009352999966913309, 0.007243626321676478, -0.01810754786895895], [-0.007305367902384545, 0.006584056267156635, 0.9999516397320829, 0.022141788892501405], [0.009304855210048908, -0.9999345836576958, 0.006651922641627062, 0.030698095246375384], [0.0, 0.0, 0.0, 1.0]]}, "Hobj2base": {"type": "ndarray", "data": [[0.9999702060501218, 0.004059990447032954, -0.00656532479372276, -0.7366729914000324], [0.004114994818627313, -0.999956367270892, 0.008386320530704493, 0.09222895473678666], [-0.006530989949444113, -0.008413086946599712, -0.9999432814606584, 0.0083714936137882], [0.0, 0.0, 0.0, 1.0]]}, "mean_rme": {"type": "float", "data": 0.002212259416349092}, "max_rme": {"type": "float", "data": 0.01100487492362573}, "simu": {"type": "float", "data": 0.002}}, {"type": "dict", "image_number": {"type": "int", "data": 12}, "Hcamera2end": {"type": "ndarray", "data": [[0.9999321064809397, 0.009017626482479443, 0.007380029892441626, -0.017985554528393573], [-0.007437715296893889, 0.006380257884516682, 0.999951985197534, 0.022190638848361467], [0.008970107009015956, -0.9999389854995901, 0.00644689524478681, 0.030388511080823816], [0.0, 0.0, 0.0, 1.0]]}, "Hobj2base": {"type": "ndarray", "data": [[0.9999686989521533, 0.004948319613905724, -0.006173754849057336, -0.7364257187309562], [0.004998713407229121, -0.9999540979836947, 0.00817403143423712, 0.09231995352007327], [-0.006133023741190871, -0.008204636409625026, -0.9999475336042267, 0.008010833251971869], [0.0, 0.0, 0.0, 1.0]]}, "mean_rme": {"type": "float", "data": 0.002148146779263497}, "max_rme": {"type": "float", "data": 0.010831441937430186}, "simu": {"type": "float", "data": 0.002}}, {"type": "dict", "image_number": {"type": "int", "data": 13}, "Hcamera2end": {"type": "ndarray", "data": [[0.9999455733648259, 0.008574209911625259, 0.005944176350082213, -0.017581390440390487], [-0.006005352858567202, 0.00712693198436809, 0.9999565703456998, 0.022461062906811602], [0.008531473796102773, -0.9999378429506915, 0.0071780352454438034, 0.030420633224055464], [0.0, 0.0, 0.0, 1.0]]}, "Hobj2base": {"type": "ndarray", "data": [[0.9999617235987779, 0.004561922512161413, -0.007465935999878536, -0.7369265628028306], [0.004612599067827739, -0.9999663458727162, 0.006784618766547017, 0.09213156148724672], [-0.007434733835230557, -0.006818796445190471, -0.9999491130791802, 0.00797597300764687], [0.0, 0.0, 0.0, 1.0]]}, "mean_rme": {"type": "float", "data": 0.0020635760348368653}, "max_rme": {"type": "float", "data": 0.011189843127465071}, "simu": {"type": "float", "data": 0.002}}, {"type": "dict", "image_number": {"type": "int", "data": 14}, "Hcamera2end": {"type": "ndarray", "data": [[0.9999438285565392, 0.007832963144196181, 0.007140337532090863, -0.01801324801916215], [-0.007201907541538476, 0.007860530851949932, 0.9999431706764583, 0.02224573669044919], [0.007776391158735033, -0.9999384264759041, 0.007916501590926384, 0.03038812983870301], [0.0, 0.0, 0.0, 1.0]]}, "Hobj2base": {"type": "ndarray", "data": [[0.9999632809170774, 0.003695012790034156, -0.00773199185434494, -0.7372143084246253], [0.0037549888247406563, -0.999962865514386, 0.007756780980836744, 0.09237292719316222], [-0.00770304332587097, -0.007785529701958747, -0.9999400225267414, 0.00840006608270738], [0.0, 0.0, 0.0, 1.0]]}, "mean_rme": {"type": "float", "data": 0.0020376242346488733}, "max_rme": {"type": "float", "data": 0.010957837204644938}, "simu": {"type": "float", "data": 0.002}}, {"type": "dict", "image_number": {"type": "int", "data": 15}, "Hcamera2end": {"type": "ndarray", "data": [[0.9999434488752791, 0.008356052025550132, 0.006578407554896123, -0.01791658827609946], [-0.00663773627925726, 0.007092312345186369, 0.9999528186683034, 0.022368133716988793], [0.008309001654774589, -0.9999399359462268, 0.007147376536627781, 0.030717329082670657], [0.0, 0.0, 0.0, 1.0]]}, "Hobj2base": {"type": "ndarray", "data": [[0.9999663277906545, 0.004321089636061924, -0.006976494050054137, -0.7370217257065029], [0.004370632611162613, -0.9999652300072204, 0.007101855193225123, 0.0921766133711602], [-0.00694556372453413, -0.007132107750477064, -0.9999504448639365, 0.008261889668576716], [0.0, 0.0, 0.0, 1.0]]}, "mean_rme": {"type": "float", "data": 0.0020757610442621983}, "max_rme": {"type": "float", "data": 0.011018582301601576}, "simu": {"type": "float", "data": 0.002}}, {"type": "dict", "image_number": {"type": "int", "data": 16}, "Hcamera2end": {"type": "ndarray", "data": [[0.9999414883788338, 0.007856837396532429, 0.007435719524507641, -0.01844971791695025], [-0.007479510769566367, 0.005559042774359257, 0.9999565760382199, 0.02239077089844486], [0.007815160738630736, -0.9999536825021231, 0.0056174828056765325, 0.031895058904109645], [0.0, 0.0, 0.0, 1.0]]}, "Hobj2base": {"type": "ndarray", "data": [[0.999973078518545, 0.004098544093781608, -0.006086392564982985, -0.7372134447200546], [0.00414594726906174, -0.9999610136471868, 0.007796300849320792, 0.09230335799435398], [-0.006054201795935759, -0.007821324823985289, -0.999951085562995, 0.007855619446955543], [0.0, 0.0, 0.0, 1.0]]}, "mean_rme": {"type": "float", "data": 0.0020882990714749506}, "max_rme": {"type": "float", "data": 0.011068827526786229}, "simu": {"type": "float", "data": 0.002}}, {"type": "dict", "image_number": {"type": "int", "data": 17}, "Hcamera2end": {"type": "ndarray", "data": [[0.9999520611393854, 0.00717033833255153, 0.006667958555021948, -0.01798369374963432], [-0.006699337251974292, 0.004361103021566448, 0.9999680493199867, 0.02255449093186373], [0.007141029581163895, -0.9999647828941935, 0.004408930469957051, 0.0326065176714939], [0.0, 0.0, 0.0, 1.0]]}, "Hobj2base": {"type": "ndarray", "data": [[0.9999815244210082, 0.004043739639361939, -0.004538610620636213, -0.7370943378155054], [0.004076300926998043, -0.9999658568250227, 0.007188112057480036, 0.09218303954176908], [-0.004509388804400631, -0.007206479995628099, -0.9999638653764862, 0.00730906029273922], [0.0, 0.0, 0.0, 1.0]]}, "mean_rme": {"type": "float", "data": 0.0020504610270325003}, "max_rme": {"type": "float", "data": 0.011034183715385282}, "simu": {"type": "float", "data": 0.002}}, {"type": "dict", "image_number": {"type": "int", "data": 18}, "Hcamera2end": {"type": "ndarray", "data": [[0.9999559610940011, 0.006352299999560729, 0.006908267314462138, -0.018186028030705816], [-0.006936385726425415, 0.004415167610543169, 0.9999661958526525, 0.022819551981770585], [0.006321584107383758, -0.9999700768421456, 0.004459035174438686, 0.03275307635662451], [0.0, 0.0, 0.0, 1.0]]}, "Hobj2base": {"type": "ndarray", "data": [[0.9999861278839831, 0.0033086989192942814, -0.004098359557142719, -0.7369043238064072], [0.0033385198375749784, -0.9999678475535663, 0.007290963199867627, 0.09242306175107497], [-0.004074104182796576, -0.00730454451346328, -0.9999650220405505, 0.007016957705032134], [0.0, 0.0, 0.0, 1.0]]}, "mean_rme": {"type": "float", "data": 0.0021072640566340652}, "max_rme": {"type": "float", "data": 0.010764935069980774}, "simu": {"type": "float", "data": 0.002}}, {"type": "dict", "image_number": {"type": "int", "data": 19}, "Hcamera2end": {"type": "ndarray", "data": [[0.9999523613912475, 0.00542343257450165, 0.008115499194611261, -0.01844237726098669], [-0.008137140444273617, 0.00398024209550929, 0.9999589714674556, 0.022529567159162475], [0.005390908407501298, -0.9999773717699673, 0.0040241837148621284, 0.032242781728264225], [0.0, 0.0, 0.0, 1.0]]}, "Hobj2base": {"type": "ndarray", "data": [[0.9999885602483645, 0.002748041765536358, -0.003915052855073411, -0.7359710566750485], [0.002779276593757692, -0.9999641758647031, 0.00799516158940815, 0.09278945375121246], [-0.0038929415637203304, -0.00800595114150871, -0.9999603740910443, 0.007241145805278763], [0.0, 0.0, 0.0, 1.0]]}, "mean_rme": {"type": "float", "data": 0.0021888081917537956}, "max_rme": {"type": "float", "data": 0.010263852785794447}, "simu": {"type": "float", "data": 0.002}}, {"type": "dict", "image_number": {"type": "int", "data": 20}, "Hcamera2end": {"type": "ndarray", "data": [[0.999951358500668, 0.005429460852694189, 0.008234171938794842, -0.018541492813790614], [-0.008254456799079421, 0.003724308275018018, 0.9999589958947439, 0.022887738348544205], [0.005398571627820328, -0.999978325006458, 0.0037689443691303337, 0.0323628199765224], [0.0, 0.0, 0.0, 1.0]]}, "Hobj2base": {"type": "ndarray", "data": [[0.9999890700092395, 0.0028462392828588305, -0.0037092834889040282, -0.7359994477875633], [0.002876859119342186, -0.9999616158803117, 0.00827589557953338, 0.09254530180852007], [-0.003685585932223327, -0.008286476210102438, -0.9999588745385262, 0.007030376208031647], [0.0, 0.0, 0.0, 1.0]]}, "mean_rme": {"type": "float", "data": 0.002148862474625877}, "max_rme": {"type": "float", "data": 0.010333940978795364}, "simu": {"type": "float", "data": 0.002}}, {"type": "dict", "image_number": {"type": "int", "data": 21}, "Hcamera2end": {"type": "ndarray", "data": [[0.9999401561423473, 0.006324939530874367, 0.008926324772760829, -0.018661447744095228], [-0.008949232223937948, 0.003602767239855531, 0.9999534645726358, 0.022555598844015538], [0.00629248572664663, -0.9999735072531404, 0.0036591549890299113, 0.03209532712164107], [0.0, 0.0, 0.0, 1.0]]}, "Hobj2base": {"type": "ndarray", "data": [[0.9999836359084514, 0.003944214516447128, -0.004143801052404032, -0.7357080027006889], [0.003978906555704273, -0.9999568249244315, 0.008397415654311938, 0.0924696872154714], [-0.004110500934756075, -0.008413766035406342, -0.9999561552004004, 0.0074080334571599805], [0.0, 0.0, 0.0, 1.0]]}, "mean_rme": {"type": "float", "data": 0.0022097248458254485}, "max_rme": {"type": "float", "data": 0.010037329344175228}, "simu": {"type": "float", "data": 0.002}}, {"type": "dict", "image_number": {"type": "int", "data": 22}, "Hcamera2end": {"type": "ndarray", "data": [[0.9999367506559078, 0.006855336139520289, 0.008916224207533043, -0.018778624420010794], [-0.008945012561238124, 0.004180277939901722, 0.9999512548252663, 0.024714244584583697], [0.006817729679600339, -0.9999677643018097, 0.004241334607943403, 0.03175257664214017], [0.0, 0.0, 0.0, 1.0]]}, "Hobj2base": {"type": "ndarray", "data": [[0.9999809429351108, 0.004294631282970052, -0.004435077085021755, -0.7357527145800306], [0.004332159007670243, -0.999954601276827, 0.008486918382712517, 0.09127844103379901], [-0.004398427553002509, -0.008505970106101778, -0.9999541501027014, 0.005689115293401081], [0.0, 0.0, 0.0, 1.0]]}, "mean_rme": {"type": "float", "data": 0.002245458480706702}, "max_rme": {"type": "float", "data": 0.010090308227337197}, "simu": {"type": "float", "data": 0.002}}, {"type": "dict", "image_number": {"type": "int", "data": 23}, "Hcamera2end": {"type": "ndarray", "data": [[0.9999497438043551, 0.006253037469762201, 0.007836414231424161, -0.018688611501742926], [-0.007859017591424053, 0.0035984338497203616, 0.9999626428603855, 0.02468296762528825], [0.006224605055937643, -0.9999739750594666, 0.0036473957375994237, 0.031879655694084255], [0.0, 0.0, 0.0, 1.0]]}, "Hobj2base": {"type": "ndarray", "data": [[0.9999844359779966, 0.0042774088749132945, -0.003582118798263113, -0.7353781178482347], [0.0043040529213559334, -0.9999628835494316, 0.007463688897279306, 0.09086739562204534], [-0.0035500605935989945, -0.0074789903611393906, -0.9999657302992735, 0.005455874209203056], [0.0, 0.0, 0.0, 1.0]]}, "mean_rme": {"type": "float", "data": 0.0022481067006423984}, "max_rme": {"type": "float", "data": 0.010232799840922069}, "simu": {"type": "float", "data": 0.002}}, {"type": "dict", "image_number": {"type": "int", "data": 24}, "Hcamera2end": {"type": "ndarray", "data": [[0.9999506674544815, 0.006051922918989483, 0.007876349809380576, -0.018605364232882986], [-0.007898096896855616, 0.003577960082992382, 0.9999624084269628, 0.02471361949258093], [0.006023514152469411, -0.9999752859099204, 0.0036255822467402554, 0.03183779003956807], [0.0, 0.0, 0.0, 1.0]]}, "Hobj2base": {"type": "ndarray", "data": [[0.9999856791590976, 0.004117039737661728, -0.0034192777770812102, -0.7353513701668244], [0.00414256381185236, -0.9999633574308622, 0.007491525923480063, 0.09099783420450612], [-0.0033883095760361727, -0.007505583214911204, -0.9999660922145412, 0.005355060941309396], [0.0, 0.0, 0.0, 1.0]]}, "mean_rme": {"type": "float", "data": 0.0021850497613715627}, "max_rme": {"type": "float", "data": 0.010210925030107565}, "simu": {"type": "float", "data": 0.002}}, {"type": "dict", "image_number": {"type": "int", "data": 25}, "Hcamera2end": {"type": "ndarray", "data": [[0.9999513668112237, 0.006840107756196044, 0.007104712397358331, -0.01763495328279144], [-0.007131529071351612, 0.0039041289807738577, 0.999966948988818, 0.02459901799363167], [0.006812143970147523, -0.9999689848704231, 0.003952719537846594, 0.03138205754684978], [0.0, 0.0, 0.0, 1.0]]}, "Hobj2base": {"type": "ndarray", "data": [[0.9999810902636235, 0.00459650781842203, -0.004085490307193609, -0.7349405225400417], [0.004623986826125384, -0.9999665801989748, 0.00674219778704808, 0.09135463317355257], [-0.004054363206078936, -0.006760961547224054, -0.9999689252861563, 0.0054929888773150234], [0.0, 0.0, 0.0, 1.0]]}, "mean_rme": {"type": "float", "data": 0.0022663520282019296}, "max_rme": {"type": "float", "data": 0.009768136807315142}, "simu": {"type": "float", "data": 0.002}}, {"type": "dict", "image_number": {"type": "int", "data": 26}, "Hcamera2end": {"type": "ndarray", "data": [[0.9999522870785854, 0.006896492879975213, 0.006918233319484422, -0.017448529884557116], [-0.006944984047454087, 0.003862516204712785, 0.9999684235840396, 0.02446047803097835], [0.006869553325142872, -0.9999687591892683, 0.003910227945815525, 0.031290066037123976], [0.0, 0.0, 0.0, 1.0]]}, "Hobj2base": {"type": "ndarray", "data": [[0.9999788331656309, 0.004821579870876268, -0.00436870555796275, -0.7348196326963138], [0.004850352917835723, -0.9999664585203905, 0.0065996902018224885, 0.09134249726751033], [-0.004336738091683233, -0.006620740271023328, -0.9999686787599835, 0.0056558244861109564], [0.0, 0.0, 0.0, 1.0]]}, "mean_rme": {"type": "float", "data": 0.0022384534526235602}, "max_rme": {"type": "float", "data": 0.009686058086088245}, "simu": {"type": "float", "data": 0.002}}, {"type": "dict", "image_number": {"type": "int", "data": 27}, "Hcamera2end": {"type": "ndarray", "data": [[0.9999503064910975, 0.006676873715202322, 0.0074029660104104, -0.017401295106113858], [-0.007425590309096714, 0.003370055564748564, 0.9999667511142816, 0.024341581365590566], [0.006651703309792183, -0.9999720306502984, 0.0034194678236170173, 0.031644084994754546], [0.0, 0.0, 0.0, 1.0]]}, "Hobj2base": {"type": "ndarray", "data": [[0.9999809145915975, 0.00475272360497121, -0.003947413189285167, -0.7350782627325538], [0.004779931069560026, -0.9999646884328286, 0.006911884432342009, 0.09158155691842701], [-0.003914423523642755, -0.006930620879152642, -0.9999683213895862, 0.005742141359806046], [0.0, 0.0, 0.0, 1.0]]}, "mean_rme": {"type": "float", "data": 0.002255863525949372}, "max_rme": {"type": "float", "data": 0.009732120267478384}, "simu": {"type": "float", "data": 0.002}}, {"type": "dict", "image_number": {"type": "int", "data": 28}, "Hcamera2end": {"type": "ndarray", "data": [[0.9999520108298563, 0.0066918299217375785, 0.007155099553849075, -0.017239473496691277], [-0.00718124533063152, 0.003891286235685909, 0.99996664324713, 0.024251071437663644], [0.006663764163611779, -0.9999700382030104, 0.003939155168467545, 0.031321392728645675], [0.0, 0.0, 0.0, 1.0]]}, "Hobj2base": {"type": "ndarray", "data": [[0.9999797623130168, 0.0046069213848042865, -0.0043876234748179335, -0.7351252494137558], [0.0046360893493816975, -0.9999670684963546, 0.006660975780726661, 0.09156743410656851], [-0.004356792392011585, -0.006681182392444507, -0.9999681895749943, 0.005855386072535064], [0.0, 0.0, 0.0, 1.0]]}, "mean_rme": {"type": "float", "data": 0.0022300233664964315}, "max_rme": {"type": "float", "data": 0.009782122845855723}, "simu": {"type": "float", "data": 0.002}}, {"type": "dict", "image_number": {"type": "int", "data": 29}, "Hcamera2end": {"type": "ndarray", "data": [[0.9999558436104913, 0.006605319037466939, 0.006684354093248265, -0.016953093577569286], [-0.0067106184989917505, 0.00396211977915506, 0.9999696341420656, 0.024183047870700154], [0.0065786342497237, -0.9999703352436355, 0.004006270602375461, 0.0312928438841403], [0.0, 0.0, 0.0, 1.0]]}, "Hobj2base": {"type": "ndarray", "data": [[0.9999800269111195, 0.004485668710024636, -0.004452477407070034, -0.7351210288755632], [0.004513888765827883, -0.9999696610200683, 0.006348373620002953, 0.09162240556849799], [-0.0044238656225405425, -0.00636834481112027, -0.9999699363467485, 0.005811520891936244], [0.0, 0.0, 0.0, 1.0]]}, "mean_rme": {"type": "float", "data": 0.0021734991802896046}, "max_rme": {"type": "float", "data": 0.009796664259883514}, "simu": {"type": "float", "data": 0.002}}, {"type": "dict", "image_number": {"type": "int", "data": 30}, "Hcamera2end": {"type": "ndarray", "data": [[0.999953336437081, 0.0065517364471719824, 0.007099274461296095, -0.016875665517736203], [-0.007126637156265284, 0.004162550086573624, 0.9999659415298203, 0.024293908507659535], [0.00652196221952809, -0.9999698735093492, 0.004209047695558299, 0.031183939946831173], [0.0, 0.0, 0.0, 1.0]]}, "Hobj2base": {"type": "ndarray", "data": [[0.9999785611128112, 0.004557847347079724, -0.004701419180672522, -0.7352201145526804], [0.004589856386039593, -0.9999662084230139, 0.00682020750839112, 0.09192853438231056], [-0.004670174847605679, -0.006841640129581603, -0.9999656901250316, 0.005860691618501727], [0.0, 0.0, 0.0, 1.0]]}, "mean_rme": {"type": "float", "data": 0.0022138553642199583}, "max_rme": {"type": "float", "data": 0.00966606835669781}, "simu": {"type": "float", "data": 0.002}}]}