{"type": "list", "data": [{"type": "dict", "image_number": {"type": "int", "data": 5}, "Hcamera2end": {"type": "ndarray", "data": [[0.9999877470713798, 0.0014620848531117054, -0.004729483585795634, -0.01758302972472785], [0.004692167061064089, 0.024551460248384394, 0.9996875558733053, 0.025071630832460366], [0.0015777437615386689, -0.9996974983001378, 0.024544299074706233, 0.03388127020495135], [0.0, 0.0, 0.0, 1.0]]}, "Hobj2base": {"type": "ndarray", "data": [[0.9997659381453367, 0.002029167661826246, -0.02153953116887608, -0.7464300277848809], [0.001930726104405621, -0.9999876016250666, -0.004590086367100491, 0.08617767543625601], [-0.02154857816851386, 0.004547425067867934, -0.9997574604393649, 0.007132884581073151], [0.0, 0.0, 0.0, 1.0]]}, "mean_rme": {"type": "float", "data": 0.0014987840664036545}, "max_rme": {"type": "float", "data": 0.003847891333808362}, "simu": {"type": "float", "data": 0.002}}, {"type": "dict", "image_number": {"type": "int", "data": 6}, "Hcamera2end": {"type": "ndarray", "data": [[0.9999994915120897, 0.0010034286868450498, -0.000100530754335405, -0.017094759840797114], [0.00010321191020650226, -0.0026723003985502647, 0.9999964240725472, 0.024880799141438294], [0.0010031564502819843, -0.9999959259624263, -0.002672402605509383, 0.03302581189566685], [0.0, 0.0, 0.0, 1.0]]}, "Hobj2base": {"type": "ndarray", "data": [[0.9999919772236705, 0.001760530860560593, 0.003598057723693429, -0.7325648494145541], [0.0017635003165294518, -0.9999981069525465, -0.0008222882443607317, 0.08886168697061862], [0.0035966032485689444, 0.0008286268232606934, -0.9999931888881344, 0.002873732953176389], [0.0, 0.0, 0.0, 1.0]]}, "mean_rme": {"type": "float", "data": 0.001496242105349324}, "max_rme": {"type": "float", "data": 0.004112183095529964}, "simu": {"type": "float", "data": 0.002}}, {"type": "dict", "image_number": {"type": "int", "data": 7}, "Hcamera2end": {"type": "ndarray", "data": [[0.999989316610243, 0.000626227704025077, -0.004579793034822458, -0.01599995639984169], [0.004579641085998678, 0.00024386054387837142, 0.9999894836544826, 0.025022462646526234], [0.0006273379492184915, -0.9999997741854235, 0.00024099004049860095, 0.032942631071005014], [0.0, 0.0, 0.0, 1.0]]}, "Hobj2base": {"type": "ndarray", "data": [[0.9999966874696132, 0.002556125904307972, 0.00030210951993186216, -0.734239447839328], [0.0025571968513505897, -0.9999902527410114, -0.0035993287195447425, 0.08802974089412856], [0.00029290623781398053, 0.00360008935017212, -0.9999934767600269, 0.003641205869050495], [0.0, 0.0, 0.0, 1.0]]}, "mean_rme": {"type": "float", "data": 0.0015387217631129073}, "max_rme": {"type": "float", "data": 0.0042570141436312214}, "simu": {"type": "float", "data": 0.002}}, {"type": "dict", "image_number": {"type": "int", "data": 8}, "Hcamera2end": {"type": "ndarray", "data": [[0.9999997991572374, -0.0005342092766607096, -0.0003410365577448627, -0.0170920921852226], [0.00034065347488992215, -0.0007170295105272118, 0.9999996849118958, 0.029239102245641656], [-0.0005344536416137932, -0.999999600244485, -0.000716847386270425, 0.033268416821389], [0.0, 0.0, 0.0, 1.0]]}, "Hobj2base": {"type": "ndarray", "data": [[0.9999965069135539, 0.0020562538774108246, 0.0016607169181595924, -0.734251956944528], [0.0020577692830225707, -0.9999974675482293, -0.0009113082386154949, 0.0879885173812504], [0.0016588388313749228, 0.0009147224275990231, -0.9999982057666963, -0.0007556637448686426], [0.0, 0.0, 0.0, 1.0]]}, "mean_rme": {"type": "float", "data": 0.0019884746799768}, "max_rme": {"type": "float", "data": 0.006831734195949041}, "simu": {"type": "float", "data": 0.002}}, {"type": "dict", "image_number": {"type": "int", "data": 9}, "Hcamera2end": {"type": "ndarray", "data": [[0.999998859196295, -0.0012729629645641645, -0.0008131244673386332, -0.016600725227134506], [0.0008138314322431759, 0.0005549501330111006, 0.9999995148542572, 0.029431652638770782], [-0.0012725111034602972, -0.9999990357973555, 0.0005559854771945982, 0.03245397019012664], [0.0, 0.0, 0.0, 1.0]]}, "Hobj2base": {"type": "ndarray", "data": [[0.9999996503865599, 0.0006582494422205793, 0.0005156883068352169, -0.7342101139199321], [0.0006588298919915455, -0.9999991487827204, -0.0011262224502332024, 0.08849628688753781], [0.0005149465325727372, 0.0011265618073621909, -0.9999992328439868, -0.0004939691382443742], [0.0, 0.0, 0.0, 1.0]]}, "mean_rme": {"type": "float", "data": 0.0019162810281517996}, "max_rme": {"type": "float", "data": 0.007132088202826792}, "simu": {"type": "float", "data": 0.002}}, {"type": "dict", "image_number": {"type": "int", "data": 10}, "Hcamera2end": {"type": "ndarray", "data": [[0.9999992721631517, -0.0008912571943023217, -0.0008132243113497313, -0.016261698864607203], [0.0008128309862230551, -0.0004415883559547584, 0.9999995721526644, 0.029340696751607453], [-0.000891615923366977, -0.9999995053300466, -0.0004408635930861493, 0.032877221753841904], [0.0, 0.0, 0.0, 1.0]]}, "Hobj2base": {"type": "ndarray", "data": [[0.9999990376270086, 0.0004002214296268423, 0.0013283703790628913, -0.7339122955625771], [0.0004019211146080226, -0.9999991006612641, -0.00127950618636086, 0.08877358894165012], [0.0013278570986128317, 0.001280038855102029, -0.9999982991465812, -0.0006556214224101742], [0.0, 0.0, 0.0, 1.0]]}, "mean_rme": {"type": "float", "data": 0.0018451353072823247}, "max_rme": {"type": "float", "data": 0.007122377613308389}, "simu": {"type": "float", "data": 0.002}}, {"type": "dict", "image_number": {"type": "int", "data": 11}, "Hcamera2end": {"type": "ndarray", "data": [[0.9999992453378999, -0.0006964926840212492, 0.0010120383253532448, -0.01619387647181755], [-0.0010119776679636653, 8.743668069000066e-05, 0.99999948412788, 0.028305329643380905], [-0.0006965808139919915, -0.9999997536263535, 8.673177966267431e-05, 0.03257162955408455], [0.0, 0.0, 0.0, 1.0]]}, "Hobj2base": {"type": "ndarray", "data": [[0.9999994141030233, 0.0006113831207125646, 0.0008933108584704408, -0.7340836773264893], [0.00061167493252059, -0.9999997596497154, -0.00032642654331768885, 0.08941034636251083], [0.0008931110720841848, 0.00032697276792443885, -0.9999995477206087, 0.0010063290597857701], [0.0, 0.0, 0.0, 1.0]]}, "mean_rme": {"type": "float", "data": 0.0020002393885292344}, "max_rme": {"type": "float", "data": 0.007238068963406535}, "simu": {"type": "float", "data": 0.002}}, {"type": "dict", "image_number": {"type": "int", "data": 12}, "Hcamera2end": {"type": "ndarray", "data": [[0.9999993613107546, -0.0011292294026303941, -4.710667857565887e-05, -0.015585050322120068], [4.819546197350319e-05, 0.0009641748293693908, 0.9999995340219392, 0.028311861610902076], [-0.001129183457360489, -0.9999988976033196, 0.0009642286372940623, 0.032623244365172235], [0.0, 0.0, 0.0, 1.0]]}, "Hobj2base": {"type": "ndarray", "data": [[0.9999998975331945, -0.00028235190652135274, 0.0003538516657302265, -0.734480996902492], [-0.0002818733966400484, -0.9999990468477191, -0.0013516105360706033, 0.08935965146273407], [0.0003542329582674381, 0.0013515106562044634, -0.9999990239685022, 0.000756046592189997], [0.0, 0.0, 0.0, 1.0]]}, "mean_rme": {"type": "float", "data": 0.002027665094766778}, "max_rme": {"type": "float", "data": 0.007336393736194408}, "simu": {"type": "float", "data": 0.002}}, {"type": "dict", "image_number": {"type": "int", "data": 13}, "Hcamera2end": {"type": "ndarray", "data": [[0.9999945874424382, -0.0013342694242906127, 0.0030074592152329006, -0.016726630780645308], [-0.0030044798416148768, 0.0022293756303649603, 0.9999930014681002, 0.028084447088757406], [-0.001340964842647241, -0.9999966247990051, 0.002225354778152555, 0.03193108953298736], [0.0, 0.0, 0.0, 1.0]]}, "Hobj2base": {"type": "ndarray", "data": [[0.9999997078198024, -0.0006022511567411804, -0.00047080128930752457, -0.7343563902578343], [-0.0006018746003873788, -0.9999994992307937, 0.0007995530797317304, 0.08938111133755758], [-0.000471282585311881, -0.0007992694827802898, -0.9999995695304169, 0.0009245681201721431], [0.0, 0.0, 0.0, 1.0]]}, "mean_rme": {"type": "float", "data": 0.002125400736114179}, "max_rme": {"type": "float", "data": 0.006745712302241885}, "simu": {"type": "float", "data": 0.002}}, {"type": "dict", "image_number": {"type": "int", "data": 14}, "Hcamera2end": {"type": "ndarray", "data": [[0.9999956656457984, -0.0007253189229308868, 0.002853524500789967, -0.017270843866511038], [-0.002851171624676605, 0.0032245137325633833, 0.9999907366228724, 0.0282299542620112], [-0.0007345134329671695, -0.9999945381969086, 0.0032224317476468034, 0.031110803555903493], [0.0, 0.0, 0.0, 1.0]]}, "Hobj2base": {"type": "ndarray", "data": [[0.9999985014346889, -0.00034619129412946, -0.0016962546873126542, -0.7342598657270877], [-0.00034548372877840535, -0.9999998532052781, 0.00041740917046664486, 0.08861877984408342], [-0.001696398941732324, -0.0004168225165574109, -0.9999984742436461, 0.0010195046876787398], [0.0, 0.0, 0.0, 1.0]]}, "mean_rme": {"type": "float", "data": 0.0020913502323909286}, "max_rme": {"type": "float", "data": 0.006734204320608034}, "simu": {"type": "float", "data": 0.002}}, {"type": "dict", "image_number": {"type": "int", "data": 15}, "Hcamera2end": {"type": "ndarray", "data": [[0.9999949172332412, 9.196865893509507e-05, 0.0031870126213897638, -0.017013831072888928], [-0.0031873425628079818, 0.003843353734914734, 0.9999875346620355, 0.028331701511575477], [7.971869565304049e-05, -0.9999926100596115, 0.003843627335665234, 0.03132663862685071], [0.0, 0.0, 0.0, 1.0]]}, "Hobj2base": {"type": "ndarray", "data": [[0.9999979895521017, 0.0005171091696186116, -0.0019373925419045885, -0.7349709343778194], [0.0005187022368833275, -0.9999995277455902, 0.0008218616586674236, 0.08872760058173994], [-0.0019369666347625624, -0.0008228649362025862, -0.9999977855243243, 0.0010374474388405552], [0.0, 0.0, 0.0, 1.0]]}, "mean_rme": {"type": "float", "data": 0.002030435817775177}, "max_rme": {"type": "float", "data": 0.006621639629593223}, "simu": {"type": "float", "data": 0.002}}, {"type": "dict", "image_number": {"type": "int", "data": 16}, "Hcamera2end": {"type": "ndarray", "data": [[0.9999967764893712, 0.0014538032782306781, 0.002081698079596234, -0.01668513378274403], [-0.0020888283318973005, 0.004920376616574851, 0.9999857132430199, 0.028372542108674615], [0.0014435397695429307, -0.9999868380883719, 0.0049233975011651054, 0.031476750696154125], [0.0, 0.0, 0.0, 1.0]]}, "Hobj2base": {"type": "ndarray", "data": [[0.9999944648442836, 0.001501313680328973, -0.002969231891966396, -0.7357145530277941], [0.0015013873487887486, -0.9999988726624109, 2.2581777642796216e-05, 0.08871453661426829], [-0.0029691946423079712, -2.7039619847359034e-05, -0.9999955915663006, 0.0011179210594522218], [0.0, 0.0, 0.0, 1.0]]}, "mean_rme": {"type": "float", "data": 0.002012408393719925}, "max_rme": {"type": "float", "data": 0.007401932712566506}, "simu": {"type": "float", "data": 0.002}}, {"type": "dict", "image_number": {"type": "int", "data": 17}, "Hcamera2end": {"type": "ndarray", "data": [[0.999995884349594, 0.001601037998025381, 0.0023807480341810463, -0.016941677004908458], [-0.0023861474512688113, 0.0033790364886424618, 0.9999914441697735, 0.028456173346120005], [0.0015929796653383222, -0.9999930093704341, 0.0033828428944479016, 0.031973196564517914], [0.0, 0.0, 0.0, 1.0]]}, "Hobj2base": {"type": "ndarray", "data": [[0.9999969426416437, 0.0015246308357784015, -0.001946845699998803, -0.7355329525588348], [0.00152459176127684, -0.9999988375770053, -2.1554589036068718e-05, 0.08845935079010211], [-0.0019468762997316904, 1.85863782212704e-05, -0.999998104661814, 0.000999305469275399], [0.0, 0.0, 0.0, 1.0]]}, "mean_rme": {"type": "float", "data": 0.0020273087001833156}, "max_rme": {"type": "float", "data": 0.006971850790674444}, "simu": {"type": "float", "data": 0.002}}, {"type": "dict", "image_number": {"type": "int", "data": 18}, "Hcamera2end": {"type": "ndarray", "data": [[0.9999974255609745, 0.001783903692465656, 0.001402340557571104, -0.01654529344354411], [-0.0014056362122976923, 0.001847529523410052, 0.9999973054071192, 0.02858203943374446], [0.001781308019989478, -0.9999967021557004, 0.001850032286687342, 0.03263302949952117], [0.0, 0.0, 0.0, 1.0]]}, "Hobj2base": {"type": "ndarray", "data": [[0.9999980093152011, 0.0018616150880645034, -0.0007181607750764228, -0.7354181242709175], [0.0018612714980470767, -0.9999981532065634, -0.00047880254075656394, 0.08836582406315327], [-0.000719050794815893, 0.0004774648954299593, -0.9999996274965446, 0.0008605553036678229], [0.0, 0.0, 0.0, 1.0]]}, "mean_rme": {"type": "float", "data": 0.002038179238221555}, "max_rme": {"type": "float", "data": 0.006891649329724997}, "simu": {"type": "float", "data": 0.002}}, {"type": "dict", "image_number": {"type": "int", "data": 19}, "Hcamera2end": {"type": "ndarray", "data": [[0.9999978098140709, 0.001386205981982732, 0.0015680561331224254, -0.016396855496173916], [-0.0015714617309016325, 0.0024591102535408416, 0.9999957416333277, 0.0285428649039612], [0.0013823440560942887, -0.9999960155969304, 0.0024612832372840066, 0.03215262871282231], [0.0, 0.0, 0.0, 1.0]]}, "Hobj2base": {"type": "ndarray", "data": [[0.9999977839384044, 0.0016375734952795615, -0.0013230537886780621, -0.7353185992609108], [0.001637252374924208, -0.9999986299923787, -0.0002437581314186278, 0.08869720155749541], [-0.0013234511479395582, 0.00024159141827792853, -0.9999990950549134, 0.0009828848041828749], [0.0, 0.0, 0.0, 1.0]]}, "mean_rme": {"type": "float", "data": 0.0019939177344588483}, "max_rme": {"type": "float", "data": 0.007012675910617633}, "simu": {"type": "float", "data": 0.002}}, {"type": "dict", "image_number": {"type": "int", "data": 20}, "Hcamera2end": {"type": "ndarray", "data": [[0.9999962666343152, 0.0022868554109152428, 0.0014956636524017498, -0.01637125647760647], [-0.0015042948164154168, 0.00377719977679547, 0.99999173489532, 0.02874035966295771], [0.0022811870894018696, -0.9999902514795713, 0.003780625779868041, 0.03163647508906397], [0.0, 0.0, 0.0, 1.0]]}, "Hobj2base": {"type": "ndarray", "data": [[0.999995030730895, 0.002486906586851199, -0.0019374749403744142, -0.7353220576268276], [0.002486310355908835, -0.9999968610494638, -0.00031008391299292454, 0.08854630104774897], [-0.0019382400084621105, 0.000305265208093949, -0.9999980750175581, 0.0009067180587126161], [0.0, 0.0, 0.0, 1.0]]}, "mean_rme": {"type": "float", "data": 0.001986441499334305}, "max_rme": {"type": "float", "data": 0.007143068278077175}, "simu": {"type": "float", "data": 0.002}}, {"type": "dict", "image_number": {"type": "int", "data": 21}, "Hcamera2end": {"type": "ndarray", "data": [[0.9999964356111058, 0.0022199118957748768, 0.001483494610173864, -0.01620753284424285], [-0.0014931275052622657, 0.004343966795536058, 0.9999894502057172, 0.028706903331117917], [0.0022134442248330985, -0.999988100901033, 0.004347265923459909, 0.03155542019154521], [0.0, 0.0, 0.0, 1.0]]}, "Hobj2base": {"type": "ndarray", "data": [[0.9999928516889308, 0.0026516820197852622, -0.002695394870121162, -0.7354759713071639], [0.00265015745071993, -0.9999963264259926, -0.0005690342747293504, 0.08874665716201287], [-0.0026968938663435695, 0.0005618869862976619, -0.999996205516045, 0.001018912728535096], [0.0, 0.0, 0.0, 1.0]]}, "mean_rme": {"type": "float", "data": 0.001942806479908012}, "max_rme": {"type": "float", "data": 0.007283898083937257}, "simu": {"type": "float", "data": 0.002}}, {"type": "dict", "image_number": {"type": "int", "data": 22}, "Hcamera2end": {"type": "ndarray", "data": [[0.9999951819181062, 0.0029540224103317054, 0.0009538826829679986, -0.01587172356336456], [-0.0009668757808343133, 0.004400142474771718, 0.9999898518972209, 0.02882921415985645], [0.0029497952128993976, -0.9999859561502854, 0.00440297744724949, 0.0312608715591028], [0.0, 0.0, 0.0, 1.0]]}, "Hobj2base": {"type": "ndarray", "data": [[0.9999904619629592, 0.0032335134588314302, -0.0029360473121526143, -0.7352943106610095], [0.0032302997042621506, -0.999994179028582, -0.0010986686368218597, 0.08848335376259465], [-0.002939582781329087, 0.0010891738449155595, -0.9999950862646316, 0.0008583619762142377], [0.0, 0.0, 0.0, 1.0]]}, "mean_rme": {"type": "float", "data": 0.0019290691150665549}, "max_rme": {"type": "float", "data": 0.007149883553229014}, "simu": {"type": "float", "data": 0.002}}, {"type": "dict", "image_number": {"type": "int", "data": 23}, "Hcamera2end": {"type": "ndarray", "data": [[0.9999952439495139, 0.0029594915629015317, 0.000868036889343685, -0.015824308152038176], [-0.000881079171776361, 0.004408481556328558, 0.9999898944438691, 0.028844799463207678], [0.0029556349309765393, -0.9999859032506692, 0.004411068135742768, 0.031258036117935976], [0.0, 0.0, 0.0, 1.0]]}, "Hobj2base": {"type": "ndarray", "data": [[0.9999894779122159, 0.0034652416027421856, -0.0030060215382359547, -0.735315901861178], [0.0034617852153766685, -0.9999933418374776, -0.001154263330298585, 0.08844085466685293], [-0.0030100013249686783, 0.0011438449841203284, -0.9999948157418994, 0.0008627866636308212], [0.0, 0.0, 0.0, 1.0]]}, "mean_rme": {"type": "float", "data": 0.0018607563711159469}, "max_rme": {"type": "float", "data": 0.007108284108907709}, "simu": {"type": "float", "data": 0.002}}, {"type": "dict", "image_number": {"type": "int", "data": 24}, "Hcamera2end": {"type": "ndarray", "data": [[0.9999962630809769, 0.002706147415251413, 0.00038805959407801276, -0.015687227137998874], [-0.0003982620670895615, 0.0037705906399722044, 0.999992811990942, 0.02863200908393447], [0.0027046647495660983, -0.999989229648196, 0.0037716543054436835, 0.03140277900124847], [0.0, 0.0, 0.0, 1.0]]}, "Hobj2base": {"type": "ndarray", "data": [[0.999991133149182, 0.0035087685684317706, -0.0023285545190405914, -0.7350930882852366], [0.003505897074049465, -0.9999930903420591, -0.001236104301834355, 0.08847747100310838], [-0.002332875633446947, 0.0012279296690068462, -0.9999965249339655, 0.0007277765043427244], [0.0, 0.0, 0.0, 1.0]]}, "mean_rme": {"type": "float", "data": 0.0019110001862195113}, "max_rme": {"type": "float", "data": 0.007281941443316925}, "simu": {"type": "float", "data": 0.002}}, {"type": "dict", "image_number": {"type": "int", "data": 25}, "Hcamera2end": {"type": "ndarray", "data": [[0.9999963323040327, 0.002581576630452557, 0.000819048584358003, -0.015647199048161836], [-0.00082857653340731, 0.0036918419687985704, 0.9999928418562835, 0.028671456173296066], [0.002578534353217802, -0.9999898528310068, 0.003693967462059855, 0.031636372737532795], [0.0, 0.0, 0.0, 1.0]]}, "Hobj2base": {"type": "ndarray", "data": [[0.9999916793145248, 0.003364047045371776, -0.0023074854697400426, -0.7353527513321584], [0.003362162176693522, -0.999994011515591, -0.0008202429240744509, 0.08868682006886192], [-0.0023102309871845016, 0.0008124779587214366, -0.9999970013516806, 0.00071839543778486], [0.0, 0.0, 0.0, 1.0]]}, "mean_rme": {"type": "float", "data": 0.001884805480201408}, "max_rme": {"type": "float", "data": 0.007143270386372913}, "simu": {"type": "float", "data": 0.002}}, {"type": "dict", "image_number": {"type": "int", "data": 26}, "Hcamera2end": {"type": "ndarray", "data": [[0.9999958699250656, 0.002849692178696071, 0.0003733460834387493, -0.01522953407823586], [-0.0003842080643599035, 0.003812037813846869, 0.9999926603489994, 0.028724267825271845], [0.0028482480535623, -0.9999886737469542, 0.0038131169445611013, 0.03168240665277082], [0.0, 0.0, 0.0, 1.0]]}, "Hobj2base": {"type": "ndarray", "data": [[0.9999909088766327, 0.0036315322769055647, -0.0022347566775710115, -0.7353942643642887], [0.003628301467811307, -0.9999923692324326, -0.0014480695300199246, 0.08884119073134299], [-0.0022399983358997073, 0.0014399479945077507, -0.9999964544723283, 0.0007181946486363167], [0.0, 0.0, 0.0, 1.0]]}, "mean_rme": {"type": "float", "data": 0.0018921341922185973}, "max_rme": {"type": "float", "data": 0.007250250269613512}, "simu": {"type": "float", "data": 0.002}}, {"type": "dict", "image_number": {"type": "int", "data": 27}, "Hcamera2end": {"type": "ndarray", "data": [[0.9999953867179826, 0.0030069605975023583, -0.00042980311482178585, -0.014977393441535682], [0.0004126889335756127, 0.005689828858346346, 0.9999837276353085, 0.029468390713218287], [0.0030093571733090223, -0.9999792918033492, 0.005688561670198933, 0.03085736553769385], [0.0, 0.0, 0.0, 1.0]]}, "Hobj2base": {"type": "ndarray", "data": [[0.9999862121296406, 0.0037267087202602126, -0.00369962061944366, -0.7353612393286033], [0.003719699131424794, -0.9999912773486603, -0.0018997539226234333, 0.08874932625200874], [-0.0037066681784526964, 0.0018859662534578875, -0.9999913518337575, 9.937836013956197e-05], [0.0, 0.0, 0.0, 1.0]]}, "mean_rme": {"type": "float", "data": 0.001955993011816544}, "max_rme": {"type": "float", "data": 0.00732968721596744}, "simu": {"type": "float", "data": 0.002}}, {"type": "dict", "image_number": {"type": "int", "data": 28}, "Hcamera2end": {"type": "ndarray", "data": [[0.999995887246728, 0.0027859008029155136, -0.0006813562544016817, -0.014753547936565359], [0.0006651896627733358, 0.00579981772475846, 0.9999829596733496, 0.02980733100350886], [0.0027898050723369704, -0.9999793002212973, 0.00579794071912354, 0.030798566583689797], [0.0, 0.0, 0.0, 1.0]]}, "Hobj2base": {"type": "ndarray", "data": [[0.9999874329730126, 0.0032413598954109768, -0.0038245891378077034, -0.7353329374175362], [0.003234099261768883, -0.9999929594410637, -0.0019030686453264428, 0.08895352357157363], [-0.0038307307409476453, 0.0018906756285042648, -0.9999908753822, -0.00012244732758335503], [0.0, 0.0, 0.0, 1.0]]}, "mean_rme": {"type": "float", "data": 0.0019412342061318729}, "max_rme": {"type": "float", "data": 0.007294914233970495}, "simu": {"type": "float", "data": 0.002}}, {"type": "dict", "image_number": {"type": "int", "data": 29}, "Hcamera2end": {"type": "ndarray", "data": [[0.9999955904879347, 0.0028393751488213917, -0.0008700307183709785, -0.014593690128540787], [0.0008529314595340958, 0.006017855490605295, 0.9999815287910172, 0.02944084730255451], [0.0028445584212651812, -0.9999778614369714, 0.006015407162409114, 0.03066045452217454], [0.0, 0.0, 0.0, 1.0]]}, "Hobj2base": {"type": "ndarray", "data": [[0.9999869694035594, 0.0032987199243652504, -0.0038960839243199303, -0.7353734589549212], [0.0032910498282983187, -0.9999926372332386, -0.0019734412433215103, 0.08907559871975168], [-0.0039025650683116204, 0.0019605933218749005, -0.9999904629843799, 0.0001796937328473938], [0.0, 0.0, 0.0, 1.0]]}, "mean_rme": {"type": "float", "data": 0.0019293054714928325}, "max_rme": {"type": "float", "data": 0.007621007833508081}, "simu": {"type": "float", "data": 0.002}}, {"type": "dict", "image_number": {"type": "int", "data": 30}, "Hcamera2end": {"type": "ndarray", "data": [[0.9999953989856651, 0.0028182155914550774, -0.0011223494911960282, -0.014517956255147168], [0.001104712183578967, 0.006252101420433975, 0.9999798452163022, 0.02938730486498375], [0.002825175833777548, -0.9999764841678571, 0.006248959337325832, 0.030570902178164716], [0.0, 0.0, 0.0, 1.0]]}, "Hobj2base": {"type": "ndarray", "data": [[0.9999871910061607, 0.003049324732349374, -0.0040397329472232546, -0.7353359805380902], [0.0030408568585128457, -0.9999931702410965, -0.0021006334110247175, 0.08915853348400016], [-0.004046110870235028, 0.002088322254385173, -0.9999896338947658, 0.00024991385597566046], [0.0, 0.0, 0.0, 1.0]]}, "mean_rme": {"type": "float", "data": 0.0019096866704891265}, "max_rme": {"type": "float", "data": 0.007848798553477393}, "simu": {"type": "float", "data": 0.002}}]}