{"type": "list", "data": [{"type": "dict", "image_number": {"type": "int", "data": 5}, "Hcamera2end": {"type": "ndarray", "data": [[0.9998858235382267, 0.00811343250222544, -0.012748023388506249, -0.016188519408755122], [0.012850621859079843, -0.012721564595205237, 0.9998364982896378, 0.024869978029115905], [0.007949931139136352, -0.9998861605239279, -0.012824374745036726, 0.02671324034927134], [0.0, 0.0, 0.0, 1.0]]}, "Hobj2base": {"type": "ndarray", "data": [[0.9998489836114561, 0.014147715454127834, 0.010092181060961424, -0.7228270287432312], [0.01421491298852991, -0.9998770615440464, -0.006618009275580646, 0.08193528148877745], [0.009997310631700894, 0.006760469323366554, -0.9999271722653911, 0.001508509519635215], [0.0, 0.0, 0.0, 1.0]]}, "mean_rme": {"type": "float", "data": 0.0016510587317710448}, "max_rme": {"type": "float", "data": 0.005136492931270914}, "simu": {"type": "float", "data": 0.002}}, {"type": "dict", "image_number": {"type": "int", "data": 6}, "Hcamera2end": {"type": "ndarray", "data": [[0.9999654612580867, 0.006875322757885521, -0.004669713896673364, -0.015643884873088456], [0.004612880997027771, 0.008258997345942598, 0.9999552541447777, 0.02602824300490799], [0.006913582270367727, -0.9999422577828255, 0.008226997044866624, 0.029581571772353252], [0.0, 0.0, 0.0, 1.0]]}, "Hobj2base": {"type": "ndarray", "data": [[0.9999517976267756, 0.0054149095765682, -0.008190309961030848, -0.7348264014048924], [0.005416828553923721, -0.9999853063759752, 0.0002121333646206036, 0.08784561124489222], [-0.008189040932708041, -0.00025648864415138656, -0.9999664363478293, 0.0038310431683246846], [0.0, 0.0, 0.0, 1.0]]}, "mean_rme": {"type": "float", "data": 0.0015089057680994025}, "max_rme": {"type": "float", "data": 0.004307105295788899}, "simu": {"type": "float", "data": 0.002}}, {"type": "dict", "image_number": {"type": "int", "data": 7}, "Hcamera2end": {"type": "ndarray", "data": [[0.9999862657550235, 0.0050325594390157715, -0.001463436645855452, -0.01680845608141034], [0.001400627836489664, 0.012461448267642172, 0.9999213721832014, 0.025864961136480825], [0.005050400279909472, -0.9999096887482217, 0.01245422837621979, 0.03030871662902358], [0.0, 0.0, 0.0, 1.0]]}, "Hobj2base": {"type": "ndarray", "data": [[0.9999417026737647, 0.0024745550297271567, -0.010510367800281495, -0.737223140019412], [0.002499908139713246, -0.9999939958173947, 0.0023997475811741017, 0.08839210456823299], [-0.010504366386666903, -0.0024258826363217833, -0.9999418850014483, 0.005215522896101324], [0.0, 0.0, 0.0, 1.0]]}, "mean_rme": {"type": "float", "data": 0.0016180234253165779}, "max_rme": {"type": "float", "data": 0.0038881206412111347}, "simu": {"type": "float", "data": 0.002}}, {"type": "dict", "image_number": {"type": "int", "data": 8}, "Hcamera2end": {"type": "ndarray", "data": [[0.9999709926163471, 0.00757000533604648, -0.0008419887705251464, -0.018273792694058315], [0.0007623273426917362, 0.010520032622599373, 0.9999443723381027, 0.026273041092319004], [0.007578441983682872, -0.9999160084391248, 0.010513956641925004, 0.030881762837290622], [0.0, 0.0, 0.0, 1.0]]}, "Hobj2base": {"type": "ndarray", "data": [[0.999933297081797, 0.005912539267026461, -0.00992185801866351, -0.7377952401969126], [0.005939573858599841, -0.9999787222521883, 0.0026974998163888284, 0.08672754033107694], [-0.009905697830283569, -0.0027562514937956163, -0.9999471387169416, 0.005654458788067848], [0.0, 0.0, 0.0, 1.0]]}, "mean_rme": {"type": "float", "data": 0.001805810832110962}, "max_rme": {"type": "float", "data": 0.004616115399990295}, "simu": {"type": "float", "data": 0.002}}, {"type": "dict", "image_number": {"type": "int", "data": 9}, "Hcamera2end": {"type": "ndarray", "data": [[0.9999673164997147, 0.008082735418174485, -0.00018793754061719944, -0.018287542955098577], [9.424540947877962e-05, 0.011590455664306831, 0.9999328239713386, 0.026225634477707253], [0.008084370733840556, -0.9999001603788517, 0.011589315086936725, 0.030740193745587376], [0.0, 0.0, 0.0, 1.0]]}, "Hobj2base": {"type": "ndarray", "data": [[0.9999284172519451, 0.0054593858753054164, -0.01064685295683522, -0.7382009492155069], [0.0054903870853206275, -0.9999807668338752, 0.0028847204352083723, 0.08698849413429885], [-0.010630899382145408, -0.0029429692829657655, -0.9999391596042868, 0.0061046059136939945], [0.0, 0.0, 0.0, 1.0]]}, "mean_rme": {"type": "float", "data": 0.0017217912898656639}, "max_rme": {"type": "float", "data": 0.005002687365518177}, "simu": {"type": "float", "data": 0.002}}, {"type": "dict", "image_number": {"type": "int", "data": 10}, "Hcamera2end": {"type": "ndarray", "data": [[0.9999727751394973, 0.007364566632865213, 0.00046058454421803, -0.018075133666754985], [-0.0005419016982956579, 0.011043495101202838, 0.999938871910928, 0.02625587892097284], [0.007359029987822341, -0.9999118983061758, 0.011047185314754904, 0.031280313464962864], [0.0, 0.0, 0.0, 1.0]]}, "Hobj2base": {"type": "ndarray", "data": [[0.9999409320034511, 0.004899810728735457, -0.00970177091525344, -0.7380285778620871], [0.0049299510617849835, -0.9999830883898748, 0.003085209356870523, 0.08768962090189028], [-0.009686489900779008, -0.0031328563755597272, -0.9999481772193655, 0.005864578440727269], [0.0, 0.0, 0.0, 1.0]]}, "mean_rme": {"type": "float", "data": 0.0017071527225085577}, "max_rme": {"type": "float", "data": 0.004762535490520525}, "simu": {"type": "float", "data": 0.002}}, {"type": "dict", "image_number": {"type": "int", "data": 11}, "Hcamera2end": {"type": "ndarray", "data": [[0.9999754769898767, 0.0070031538703759465, -3.542225991159031e-05, -0.017081604656062052], [-4.3665374995632226e-05, 0.01129266996808509, 0.9999362348161641, 0.027477488685316208], [0.007003107324872675, -0.9999117118230288, 0.011292698833165082, 0.03109106378149996], [0.0, 0.0, 0.0, 1.0]]}, "Hobj2base": {"type": "ndarray", "data": [[0.9999397844937652, 0.0049155442096100906, -0.009811463279545483, -0.7380689994807891], [0.004932708971464188, -0.9999863445115189, 0.0017260280104098998, 0.08706663912400368], [-0.009802844932229493, -0.0017743211697016828, -0.9999503767765785, 0.004155929711671704], [0.0, 0.0, 0.0, 1.0]]}, "mean_rme": {"type": "float", "data": 0.0020066740019450574}, "max_rme": {"type": "float", "data": 0.008413669333011159}, "simu": {"type": "float", "data": 0.002}}, {"type": "dict", "image_number": {"type": "int", "data": 12}, "Hcamera2end": {"type": "ndarray", "data": [[0.9999745369965498, 0.006435547694996842, -0.0030836803338187054, -0.016289913961837852], [0.0030220154852610747, 0.009569738988402854, 0.9999496424911111, 0.027955812885817447], [0.0064647336327649015, -0.9999334996996346, 0.009550046989315497, 0.03263303387127932], [0.0, 0.0, 0.0, 1.0]]}, "Hobj2base": {"type": "ndarray", "data": [[0.9999513946789939, 0.004340107356529335, -0.00885278191694276, -0.739025704095278], [0.00433533691757673, -0.9999904467090566, -0.0005579824662117378, 0.08667505072389387], [-0.008855119047547868, 0.0005195755530270741, -0.9999606576800402, 0.0034729483576561118], [0.0, 0.0, 0.0, 1.0]]}, "mean_rme": {"type": "float", "data": 0.002135017976769284}, "max_rme": {"type": "float", "data": 0.008496046943431673}, "simu": {"type": "float", "data": 0.002}}, {"type": "dict", "image_number": {"type": "int", "data": 13}, "Hcamera2end": {"type": "ndarray", "data": [[0.9999843316421612, 0.005020684049281882, -0.0024757224920467346, -0.01579635568955334], [0.0024259242957318642, 0.009900559623020277, 0.9999480455555989, 0.028355143953515207], [0.005044934240574148, -0.9999383839271438, 0.009888224698092918, 0.031475039710682974], [0.0, 0.0, 0.0, 1.0]]}, "Hobj2base": {"type": "ndarray", "data": [[0.9999566916105621, 0.003023022049015138, -0.008802058904047115, -0.7382190242686207], [0.0030206227320320645, -0.9999953970485163, -0.00028586726041056993, 0.08776928884331317], [-0.008802882571628338, 0.0002592671807456786, -0.9999612202675454, 0.002706023684480683], [0.0, 0.0, 0.0, 1.0]]}, "mean_rme": {"type": "float", "data": 0.0021846466009117203}, "max_rme": {"type": "float", "data": 0.008589649514821968}, "simu": {"type": "float", "data": 0.002}}, {"type": "dict", "image_number": {"type": "int", "data": 14}, "Hcamera2end": {"type": "ndarray", "data": [[0.999988357429926, 0.004449811997476636, -0.0018665952388551596, -0.015167190034848075], [0.00182750987233041, 0.008771542943355692, 0.9999598593153926, 0.028379100816087337], [0.004466006299272164, -0.999951628433886, 0.008763308744696996, 0.03223492435270038], [0.0, 0.0, 0.0, 1.0]]}, "Hobj2base": {"type": "ndarray", "data": [[0.9999694748761516, 0.0029609723906689317, -0.007230626419286748, -0.7380089762499533], [0.0029608164212275774, -0.9999956162526127, -3.227501474859097e-05, 0.08871569116513098], [-0.007230690287474655, 1.0865472111782399e-05, -0.999973858158256, 0.002228718631726697], [0.0, 0.0, 0.0, 1.0]]}, "mean_rme": {"type": "float", "data": 0.002206108099806134}, "max_rme": {"type": "float", "data": 0.008524448057920936}, "simu": {"type": "float", "data": 0.002}}, {"type": "dict", "image_number": {"type": "int", "data": 15}, "Hcamera2end": {"type": "ndarray", "data": [[0.9999914603675062, 0.0036861106586060827, -0.0018686305881339838, -0.015376927181143536], [0.0018396753485197532, 0.007843040147337277, 0.9999675506314487, 0.028157310965632457], [0.0037006467913660787, -0.999962448949689, 0.007836191923746183, 0.03200783810197511], [0.0, 0.0, 0.0, 1.0]]}, "Hobj2base": {"type": "ndarray", "data": [[0.999976969505284, 0.0027060213503495197, -0.006223978428604344, -0.737382935281888], [0.002704083432109844, -0.9999962928371378, -0.0003197573673888472, 0.08847850189709064], [-0.006224820625565743, 0.00030291984626788906, -0.9999805797353001, 0.0024306268423479604], [0.0, 0.0, 0.0, 1.0]]}, "mean_rme": {"type": "float", "data": 0.002215984494086515}, "max_rme": {"type": "float", "data": 0.008360239497761018}, "simu": {"type": "float", "data": 0.002}}, {"type": "dict", "image_number": {"type": "int", "data": 16}, "Hcamera2end": {"type": "ndarray", "data": [[0.9999928483714546, 0.0037017837650553027, -0.0007745985422181558, -0.01571472062502596], [0.0007474278022706585, 0.00733566005842512, 0.9999728143520642, 0.029156517268829937], [0.003707365321252595, -0.9999662418744265, 0.007332840780405303, 0.03225650523485834], [0.0, 0.0, 0.0, 1.0]]}, "Hobj2base": {"type": "ndarray", "data": [[0.999977775920535, 0.0027795799600617427, -0.006059835003179755, -0.7375005251779835], [0.002780666485636226, -0.9999961193391542, 0.00017088162105360384, 0.08796033023674366], [-0.0060593365078859, -0.00018772820346870566, -0.9999816244307724, 0.0016037758488486355], [0.0, 0.0, 0.0, 1.0]]}, "mean_rme": {"type": "float", "data": 0.0022733131202209954}, "max_rme": {"type": "float", "data": 0.0076794462228032545}, "simu": {"type": "float", "data": 0.002}}, {"type": "dict", "image_number": {"type": "int", "data": 17}, "Hcamera2end": {"type": "ndarray", "data": [[0.9999802968289216, 0.005848016156951441, -0.002281810897029734, -0.01494751481045533], [0.0022643350960330137, 0.0029932106309071838, 0.999992956713542, 0.029779555302163446], [0.0058548049083331465, -0.9999784204657355, 0.0029799097869397384, 0.03355048435028958], [0.0, 0.0, 0.0, 1.0]]}, "Hobj2base": {"type": "ndarray", "data": [[0.9999786711743315, 0.005454927594524982, -0.0035917908286586435, -0.7371954087464707], [0.005454358337007566, -0.9999851107201678, -0.00016826498561044672, 0.08773134234919672], [-0.0035926552227930958, 0.00014867048246482091, -0.9999935353418732, 0.00030103484781538066], [0.0, 0.0, 0.0, 1.0]]}, "mean_rme": {"type": "float", "data": 0.002410998864696921}, "max_rme": {"type": "float", "data": 0.007923813497205473}, "simu": {"type": "float", "data": 0.002}}, {"type": "dict", "image_number": {"type": "int", "data": 18}, "Hcamera2end": {"type": "ndarray", "data": [[0.9999807983608974, 0.005692345331329597, -0.00244951303959607, -0.014926857722700675], [0.0024227437723665347, 0.00470482493525648, 0.9999859973694343, 0.029834092138388627], [0.005703790153548797, -0.9999727305416672, 0.004690943500704314, 0.03278395208168096], [0.0, 0.0, 0.0, 1.0]]}, "Hobj2base": {"type": "ndarray", "data": [[0.9999746745595869, 0.0053994935582568114, -0.004636346488632113, -0.7370831419468149], [0.005397190658758028, -0.9999853054804388, -0.0005090738518539722, 0.08768435597080675], [-0.0046390271007317055, 0.0004840377133752604, -0.9999891225083655, 0.00035793392195625066], [0.0, 0.0, 0.0, 1.0]]}, "mean_rme": {"type": "float", "data": 0.0023888926759365655}, "max_rme": {"type": "float", "data": 0.00837530962557917}, "simu": {"type": "float", "data": 0.002}}, {"type": "dict", "image_number": {"type": "int", "data": 19}, "Hcamera2end": {"type": "ndarray", "data": [[0.9999818246127536, 0.005604336532204405, -0.002223028605709803, -0.015029947449095745], [0.002193925044949385, 0.005193853252038583, 0.9999841051643238, 0.02993417346522424], [0.005615793536549293, -0.9999708072241059, 0.005181463357466054, 0.032437159390737394], [0.0, 0.0, 0.0, 1.0]]}, "Hobj2base": {"type": "ndarray", "data": [[0.9999751260178356, 0.004897636817621725, -0.00507548019566809, -0.7369550303169107], [0.004895213386211856, -0.9999878984219996, -0.0004897912375825442, 0.0878110166829937], [-0.005077817593946744, 0.0004649334959287486, -0.9999869997181601, 0.0003902172662829457], [0.0, 0.0, 0.0, 1.0]]}, "mean_rme": {"type": "float", "data": 0.0022986147128942606}, "max_rme": {"type": "float", "data": 0.008308095537314403}, "simu": {"type": "float", "data": 0.002}}, {"type": "dict", "image_number": {"type": "int", "data": 20}, "Hcamera2end": {"type": "ndarray", "data": [[0.9999821012268042, 0.005591310524622072, -0.0021294301215941547, -0.015164595784700547], [0.0021006480756009666, 0.005148475327247937, 0.9999845401202296, 0.030125088615939547], [0.005602187402075728, -0.9999711148070338, 0.005136637800162047, 0.03222497514433183], [0.0, 0.0, 0.0, 1.0]]}, "Hobj2base": {"type": "ndarray", "data": [[0.9999773432775694, 0.0046458862074779134, -0.004871208564750239, -0.7367250503827643], [0.004644638393860458, -0.9999891778458339, -0.00026744233720292265, 0.0878485612801623], [-0.0048723983544458815, 0.00024481127551178157, -0.9999880998300505, 0.00012798627864685496], [0.0, 0.0, 0.0, 1.0]]}, "mean_rme": {"type": "float", "data": 0.0022590890248315562}, "max_rme": {"type": "float", "data": 0.008003781250642689}, "simu": {"type": "float", "data": 0.002}}, {"type": "dict", "image_number": {"type": "int", "data": 21}, "Hcamera2end": {"type": "ndarray", "data": [[0.9999811109005756, 0.005700665383173734, -0.0022978808149676892, -0.015112272677471993], [0.0022682920049359205, 0.005191460448423557, 0.9999839516661219, 0.02967690657237233], [0.005712503254358433, -0.9999702751345169, 0.005178431612699486, 0.032211453422256855], [0.0, 0.0, 0.0, 1.0]]}, "Hobj2base": {"type": "ndarray", "data": [[0.9999748874506683, 0.005010983880530994, -0.005011437774954409, -0.7367613664444438], [0.005010063943536303, -0.999987430322135, -0.00019610460382687742, 0.08804363667158636], [-0.0050123574598046105, 0.0001709920554387648, -0.9999874234381214, 0.0005169596990543217], [0.0, 0.0, 0.0, 1.0]]}, "mean_rme": {"type": "float", "data": 0.002199006599900411}, "max_rme": {"type": "float", "data": 0.008177618834975642}, "simu": {"type": "float", "data": 0.002}}, {"type": "dict", "image_number": {"type": "int", "data": 22}, "Hcamera2end": {"type": "ndarray", "data": [[0.9999830816624903, 0.005429161867255384, -0.0020882026262879056, -0.015053715877227645], [0.002061982747414749, 0.00483057271863907, 0.9999862068020536, 0.029676151827914964], [0.005439174196388603, -0.9999735945356903, 0.00481929615527632, 0.03240176724782437], [0.0, 0.0, 0.0, 1.0]]}, "Hobj2base": {"type": "ndarray", "data": [[0.999978191041218, 0.004778070493663051, -0.004559329368545414, -0.73663749254046], [0.004778029938881234, -0.9999885849540318, -1.978728409277624e-05, 0.08827219830216339], [-0.004559371868629361, -1.997759671417409e-06, -0.9999896060080689, 0.000530926413759211], [0.0, 0.0, 0.0, 1.0]]}, "mean_rme": {"type": "float", "data": 0.002190941594849119}, "max_rme": {"type": "float", "data": 0.008204696694780605}, "simu": {"type": "float", "data": 0.002}}, {"type": "dict", "image_number": {"type": "int", "data": 23}, "Hcamera2end": {"type": "ndarray", "data": [[0.9999812239603331, 0.005906042439287409, -0.001634132644430992, -0.015327933439283738], [0.0016000566240283037, 0.0057698146634381775, 0.9999820743681105, 0.029561586122813188], [0.00591536521223856, -0.9999659133697782, 0.005760256326842406, 0.031839919389659514], [0.0, 0.0, 0.0, 1.0]]}, "Hobj2base": {"type": "ndarray", "data": [[0.9999729563147594, 0.004950808541354612, -0.0054383944236518905, -0.7367320946387206], [0.004952919572550034, -0.9999876639906524, 0.00037477223223472575, 0.08832769915364268], [-0.0054364719099990345, -0.0004016980271965927, -0.9999851415955474, 0.0008714895371193159], [0.0, 0.0, 0.0, 1.0]]}, "mean_rme": {"type": "float", "data": 0.002143820880866899}, "max_rme": {"type": "float", "data": 0.008420137185342402}, "simu": {"type": "float", "data": 0.002}}, {"type": "dict", "image_number": {"type": "int", "data": 24}, "Hcamera2end": {"type": "ndarray", "data": [[0.9999818351636762, 0.005868442888388656, -0.0013750348184262524, -0.015390230490168367], [0.0013397018525253298, 0.006020531770367543, 0.9999809790171753, 0.029550506453544022], [0.005876609705646966, -0.9999646566630581, 0.006012560444584314, 0.03174224306880824], [0.0, 0.0, 0.0, 1.0]]}, "Hobj2base": {"type": "ndarray", "data": [[0.9999718939047034, 0.005137514774032576, -0.005460525852613167, -0.7367214164369177], [0.0051406693804061316, -0.9999866277161464, 0.0005638326086211225, 0.08838265844838909], [-0.005457556134554604, -0.0005918875195395378, -0.9999849322615828, 0.0010018284975461995], [0.0, 0.0, 0.0, 1.0]]}, "mean_rme": {"type": "float", "data": 0.0021139868067470776}, "max_rme": {"type": "float", "data": 0.008410125991231698}, "simu": {"type": "float", "data": 0.002}}, {"type": "dict", "image_number": {"type": "int", "data": 25}, "Hcamera2end": {"type": "ndarray", "data": [[0.9999801535126255, 0.006253959800723438, -0.0007619499176352343, -0.01578371831249795], [0.000726468053133319, 0.005673815932734638, 0.9999836398946382, 0.029766292807936693], [0.006258180648864794, -0.9999643472642274, 0.005669160025417508, 0.03152093444226705], [0.0, 0.0, 0.0, 1.0]]}, "Hobj2base": {"type": "ndarray", "data": [[0.9999697783778473, 0.0057400702317691975, -0.005243464951095648, -0.7363613262340024], [0.005747551744299473, -0.9999824845654923, 0.0014128733740885497, 0.08831043377892175], [-0.00523526311713284, -0.0014429677608891313, -0.9999852548233574, 0.0009110771582420795], [0.0, 0.0, 0.0, 1.0]]}, "mean_rme": {"type": "float", "data": 0.0021098331206978746}, "max_rme": {"type": "float", "data": 0.008515175868377522}, "simu": {"type": "float", "data": 0.002}}, {"type": "dict", "image_number": {"type": "int", "data": 26}, "Hcamera2end": {"type": "ndarray", "data": [[0.9999889268222887, 0.004701940195101102, -0.00019491333718836155, -0.015965277642606576], [0.00017112248962595188, 0.005059665513278078, 0.9999871851688837, 0.030263696831632436], [0.004702866136821833, -0.9999761454871288, 0.005058804878990353, 0.031752342579701914], [0.0, 0.0, 0.0, 1.0]]}, "Hobj2base": {"type": "ndarray", "data": [[0.9999787502772365, 0.004778633879209163, -0.0044343716832012554, -0.7363128129732623], [0.004786336750938909, -0.9999870522422929, 0.001728099614068016, 0.08827234740523648], [-0.0044260563126686855, -0.001749287288584938, -0.999988674945621, 0.0002624210461970952], [0.0, 0.0, 0.0, 1.0]]}, "mean_rme": {"type": "float", "data": 0.002159417161961014}, "max_rme": {"type": "float", "data": 0.008127317445512178}, "simu": {"type": "float", "data": 0.002}}, {"type": "dict", "image_number": {"type": "int", "data": 27}, "Hcamera2end": {"type": "ndarray", "data": [[0.9999897311198531, 0.004528205441393547, 0.00018168743588025662, -0.016334592411530124], [-0.00020688078903661426, 0.0055638033892452254, 0.9999845005259754, 0.03050230361906502], [0.004527124383419397, -0.9999742693926309, 0.005564683053929653, 0.03162719604199085], [0.0, 0.0, 0.0, 1.0]]}, "Hobj2base": {"type": "ndarray", "data": [[0.9999784738477226, 0.004386440179461612, -0.0048796499599437024, -0.7365101965537227], [0.0043969981269778805, -0.99998801101321, 0.0021550492606467165, 0.08824075435181353], [-0.004870138463219173, -0.0021764586824623467, -0.9999857722882626, 0.00020952759152210649], [0.0, 0.0, 0.0, 1.0]]}, "mean_rme": {"type": "float", "data": 0.0021425457976501313}, "max_rme": {"type": "float", "data": 0.008269247772005522}, "simu": {"type": "float", "data": 0.002}}, {"type": "dict", "image_number": {"type": "int", "data": 28}, "Hcamera2end": {"type": "ndarray", "data": [[0.9999884805359947, 0.004787891411064905, 0.0003389559682389306, -0.015690560946863778], [-0.00036266027429213664, 0.00495088605882732, 0.9999876785264696, 0.030471996296918283], [0.004786154284809907, -0.9999762821302656, 0.004952565405285991, 0.03203455229150905], [0.0, 0.0, 0.0, 1.0]]}, "Hobj2base": {"type": "ndarray", "data": [[0.9999799451320041, 0.00474359791308354, -0.00419614258970129, -0.7363505376177369], [0.004752296920028928, -0.9999865744771961, 0.0020655602984525285, 0.08885360643765013], [-0.004186288066772177, -0.0020854601894184453, -0.9999890628641994, -0.0001167260052857674], [0.0, 0.0, 0.0, 1.0]]}, "mean_rme": {"type": "float", "data": 0.002225411511651576}, "max_rme": {"type": "float", "data": 0.008208188496580865}, "simu": {"type": "float", "data": 0.002}}, {"type": "dict", "image_number": {"type": "int", "data": 29}, "Hcamera2end": {"type": "ndarray", "data": [[0.9999887691617018, 0.004730993620085508, 0.000281513465909117, -0.015699973147424093], [-0.00030390266549296585, 0.004732399502071383, 0.999988755955847, 0.030310296143855837], [0.004729608190398462, -0.9999776107965214, 0.004733784114829387, 0.031939922492678054], [0.0, 0.0, 0.0, 1.0]]}, "Hobj2base": {"type": "ndarray", "data": [[0.9999805429017657, 0.004658437540782016, -0.0041488284573386845, -0.7362413883943715], [0.004666478041021821, -0.9999872485915098, 0.0019304499669046547, 0.08879263646247193], [-0.004139782673335838, -0.0019497728228421497, -0.9999895302378705, 0.0001045839951606637], [0.0, 0.0, 0.0, 1.0]]}, "mean_rme": {"type": "float", "data": 0.002244072352359063}, "max_rme": {"type": "float", "data": 0.00817443647941668}, "simu": {"type": "float", "data": 0.002}}, {"type": "dict", "image_number": {"type": "int", "data": 30}, "Hcamera2end": {"type": "ndarray", "data": [[0.9999915079920532, 0.004022108464188193, -0.0008981020441700212, -0.015445171786226366], [0.0008820764013726273, 0.003984391586330571, 0.9999916732477871, 0.030335491244086674], [0.004025653363316095, -0.9999839735051703, 0.003980809943885499, 0.03236266875896932], [0.0, 0.0, 0.0, 1.0]]}, "Hobj2base": {"type": "ndarray", "data": [[0.9999852629103269, 0.004220388078878687, -0.0034150090231502683, -0.7363345031606935], [0.004223724489605641, -0.9999906092295585, 0.0009703628873468852, 0.0885588791602705], [-0.0034108816456225296, -0.0009847726442653029, -0.9999936980347623, 4.722997383525366e-06], [0.0, 0.0, 0.0, 1.0]]}, "mean_rme": {"type": "float", "data": 0.002255366709457175}, "max_rme": {"type": "float", "data": 0.008089222862869977}, "simu": {"type": "float", "data": 0.002}}]}