{"type": "list", "data": [{"type": "dict", "image_number": {"type": "int", "data": 5}, "Hcamera2end": {"type": "ndarray", "data": [[0.999674049758946, 0.0006687469649514794, 0.02552150105392015, -0.014353502294370664], [-0.02548063308542043, -0.03616560547412262, 0.999020913854288, 0.02700190361363539], [0.0015910927422865817, -0.9993455867507433, -0.03613677719025943, 0.03057351015283292], [0.0, 0.0, 0.0, 1.0]]}, "Hobj2base": {"type": "ndarray", "data": [[0.9993627319325586, -0.002240198623961119, 0.0356245917087913, -0.7109511163026621], [-0.0028477408189675622, -0.9998512228086811, 0.01701242546529657, 0.10329389318624001], [0.0355811803699774, -0.01710303359376599, -0.9992204290572568, 0.002118079453172261], [0.0, 0.0, 0.0, 1.0]]}, "mean_rme": {"type": "float", "data": 0.0024921498121111343}, "max_rme": {"type": "float", "data": 0.00805082285253994}, "simu": {"type": "float", "data": 0.002}}, {"type": "dict", "image_number": {"type": "int", "data": 6}, "Hcamera2end": {"type": "ndarray", "data": [[0.9999988008888964, -0.0010081415547976162, -0.0011755302526449546, -0.01678417502643446], [0.001170492808556174, -0.004982880200804285, 0.9999869003399442, 0.025685589980141345], [-0.0010139858749073113, -0.9999870771942554, -0.0049816942033373834, 0.03346469700642669], [0.0, 0.0, 0.0, 1.0]]}, "Hobj2base": {"type": "ndarray", "data": [[0.9999858689392525, 0.0001243414543208308, 0.005314739975846424, -0.7318961437490099], [0.00016950542353758808, -0.9999638747321138, -0.008498264449235607, 0.08488834470345745], [0.00531349129288023, 0.008499045236995026, -0.9999497652584055, 0.0029044145560316315], [0.0, 0.0, 0.0, 1.0]]}, "mean_rme": {"type": "float", "data": 0.0022948228212948713}, "max_rme": {"type": "float", "data": 0.007694839127412034}, "simu": {"type": "float", "data": 0.002}}, {"type": "dict", "image_number": {"type": "int", "data": 7}, "Hcamera2end": {"type": "ndarray", "data": [[0.999996480907106, -0.0023674224858922116, 0.001197281995745723, -0.016967089857463907], [-0.0012088369962199859, -0.004885443775337395, 0.9999873354959222, 0.025964333711094308], [-0.002361543249787046, -0.9999852637663672, -0.004888288410893393, 0.035237797017597786], [0.0, 0.0, 0.0, 1.0]]}, "Hobj2base": {"type": "ndarray", "data": [[0.9999848240866934, -0.002268819287081738, 0.005020364065221862, -0.7331050421181476], [-0.0022419553956376866, -0.9999831745807557, -0.005350158072229631, 0.08699000366428465], [0.005032418137314917, 0.00533882144639046, -0.9999730855144326, 0.0032651724352803025], [0.0, 0.0, 0.0, 1.0]]}, "mean_rme": {"type": "float", "data": 0.0021465750315966753}, "max_rme": {"type": "float", "data": 0.007066002910341929}, "simu": {"type": "float", "data": 0.002}}, {"type": "dict", "image_number": {"type": "int", "data": 8}, "Hcamera2end": {"type": "ndarray", "data": [[0.9999911107357364, -0.0014346102748061648, -0.003964888758519969, -0.015827199030033483], [0.003965660834381242, 0.0005357343541287918, 0.9999919932293702, 0.028389171026389656], [-0.0014324746610925125, -0.9999988274403433, 0.0005414187696239914, 0.03352776336984865], [0.0, 0.0, 0.0, 1.0]]}, "Hobj2base": {"type": "ndarray", "data": [[0.999998903727483, -0.0006317249665103604, 0.0013392040168573119, -0.7338070263890962], [-0.0006211652313327922, -0.9999688311452726, -0.007870888876936424, 0.08595210558965605], [0.0013441345124140492, 0.007870048381324333, -0.9999681273125101, 0.00046109330008912985], [0.0, 0.0, 0.0, 1.0]]}, "mean_rme": {"type": "float", "data": 0.0026469425219072676}, "max_rme": {"type": "float", "data": 0.007926334881771274}, "simu": {"type": "float", "data": 0.002}}, {"type": "dict", "image_number": {"type": "int", "data": 9}, "Hcamera2end": {"type": "ndarray", "data": [[0.9999963564240651, -0.0014452998734804335, -0.002279966418560632, -0.016754905036104883], [0.002279749035355285, -0.00015203661557050552, 0.9999973898111951, 0.028265265774123007], [-0.0014456427393527767, -0.999998943996014, -0.00014874114062113364, 0.03353665951259167], [0.0, 0.0, 0.0, 1.0]]}, "Hobj2base": {"type": "ndarray", "data": [[0.9999979360212619, -0.0008838591960425176, 0.0018294114183971242, -0.7333299196827476], [-0.0008723231939011375, -0.9999797927406402, -0.006297075720663411, 0.08612163711243069], [0.001834940179290001, 0.006295466885621556, -0.9999784998144863, 0.0003519446675459867], [0.0, 0.0, 0.0, 1.0]]}, "mean_rme": {"type": "float", "data": 0.002464626398466964}, "max_rme": {"type": "float", "data": 0.007995613387361683}, "simu": {"type": "float", "data": 0.002}}, {"type": "dict", "image_number": {"type": "int", "data": 10}, "Hcamera2end": {"type": "ndarray", "data": [[0.999997444356783, -0.001390831905513483, -0.0017823766474640115, -0.017204488572336297], [0.001783074538084162, 0.0005007007270563246, 0.9999982849705159, 0.028321217098812294], [-0.0013899370829124848, -0.9999989074420993, 0.000503179404401477, 0.033890653838175605], [0.0, 0.0, 0.0, 1.0]]}, "Hobj2base": {"type": "ndarray", "data": [[0.9999989627060697, -0.0010825435674373769, 0.0009500979998015932, -0.7340499079983859], [-0.0010774197774451905, -0.9999849636708136, -0.005376950706989895, 0.08638195381234513], [0.0009559044972155883, 0.0053759214751360656, -0.9999850927463301, 0.0007063450727693377], [0.0, 0.0, 0.0, 1.0]]}, "mean_rme": {"type": "float", "data": 0.0024123058449887517}, "max_rme": {"type": "float", "data": 0.008382395074466448}, "simu": {"type": "float", "data": 0.002}}, {"type": "dict", "image_number": {"type": "int", "data": 11}, "Hcamera2end": {"type": "ndarray", "data": [[0.9999978837778687, -0.0019076081658071288, -0.0007703706055590548, -0.017092091120144915], [0.0007730796900541161, 0.001419817355902353, 0.9999986932323808, 0.02831505892762214], [-0.0019065118874502971, -0.9999971725708838, 0.0014212890843829928, 0.03303344586795644], [0.0, 0.0, 0.0, 1.0]]}, "Hobj2base": {"type": "ndarray", "data": [[0.9999984247905213, -0.0017747716151508945, 2.453956638464835e-05, -0.733762290357523], [-0.0017746602727442345, -0.9999905529688973, -0.003967940760150593, 0.08725376868572197], [3.158152319031699e-05, 0.003967890960419123, -0.9999921273909782, 0.0007928036159844286], [0.0, 0.0, 0.0, 1.0]]}, "mean_rme": {"type": "float", "data": 0.0023455603783996927}, "max_rme": {"type": "float", "data": 0.008397821205163275}, "simu": {"type": "float", "data": 0.002}}, {"type": "dict", "image_number": {"type": "int", "data": 12}, "Hcamera2end": {"type": "ndarray", "data": [[0.999996865891478, -0.0024822400179001372, 0.00032663697737537415, -0.017404348987590246], [-0.00032286484076693846, 0.0015198990302849325, 0.9999987928318875, 0.028467170876573612], [-0.002482733476644308, -0.9999957641867446, 0.0015190928387283087, 0.03333567131391806], [0.0, 0.0, 0.0, 1.0]]}, "Hobj2base": {"type": "ndarray", "data": [[0.99999844226546, -0.001758247866460186, -0.000155019655460343, -0.7341207456951949], [-0.0017587019356065283, -0.9999940153119875, -0.0029793132951411515, 0.08725868560746392], [-0.00014978035647137083, 0.0029795812875300413, -0.999995549820696, 0.0009033555632847837], [0.0, 0.0, 0.0, 1.0]]}, "mean_rme": {"type": "float", "data": 0.0023143708157692088}, "max_rme": {"type": "float", "data": 0.00795654664503656}, "simu": {"type": "float", "data": 0.002}}, {"type": "dict", "image_number": {"type": "int", "data": 13}, "Hcamera2end": {"type": "ndarray", "data": [[0.999993760175592, -0.0035131748414825477, -0.00037042193997165575, -0.017831670635926833], [0.00037122677884420625, 0.0002284422802856234, 0.9999999050023973, 0.028486835496824115], [-0.003513089887706724, -0.9999938026891257, 0.0002297450394258549, 0.03389179499355607], [0.0, 0.0, 0.0, 1.0]]}, "Hobj2base": {"type": "ndarray", "data": [[0.9999969974783823, -0.002424751709016832, 0.00035441976498264605, -0.7342215431323387], [-0.0024234090486505238, -0.9999900663170347, -0.003740903077686552, 0.08660046939030662], [0.00036348700541995063, 0.0037400329414787117, -0.9999929399904754, 0.0006407258056901985], [0.0, 0.0, 0.0, 1.0]]}, "mean_rme": {"type": "float", "data": 0.002260770813087175}, "max_rme": {"type": "float", "data": 0.008008679023323667}, "simu": {"type": "float", "data": 0.002}}, {"type": "dict", "image_number": {"type": "int", "data": 14}, "Hcamera2end": {"type": "ndarray", "data": [[0.9999926427476498, -0.003648185517579829, -0.0011854083687451616, -0.017514025205059527], [0.001188329572010255, 0.0007986642811503852, 0.9999989750035717, 0.028365682875681256], [-0.0036472350348800107, -0.9999930264145821, 0.0008029936519104997, 0.033704388751121986], [0.0, 0.0, 0.0, 1.0]]}, "Hobj2base": {"type": "ndarray", "data": [[0.9999953654843986, -0.0030420026295730246, -0.00012340877536458003, -0.7341825887586584], [-0.003042476829602739, -0.999987195034372, -0.004043896886739885, 0.08679502379226549], [-0.00011110565015626837, 0.004044253613576288, -0.9999918158006313, 0.000680264262476015], [0.0, 0.0, 0.0, 1.0]]}, "mean_rme": {"type": "float", "data": 0.00225248145297986}, "max_rme": {"type": "float", "data": 0.008313583639329963}, "simu": {"type": "float", "data": 0.002}}, {"type": "dict", "image_number": {"type": "int", "data": 15}, "Hcamera2end": {"type": "ndarray", "data": [[0.9999925559835107, -0.0038449130837634035, 0.0003234516092909248, -0.018601872985897033], [-0.0003238185287601418, -9.480770118774906e-05, 0.9999999430765285, 0.030469459538072306], [-0.0038448821991940805, -0.9999926038000873, -9.605204953566648e-05, 0.03418437542995719], [0.0, 0.0, 0.0, 1.0]]}, "Hobj2base": {"type": "ndarray", "data": [[0.9999932554740039, -0.0034051618760084284, 0.001376182801005722, -0.7340118356196098], [-0.00340239333066987, -0.9999921935561131, -0.002009115839620791, 0.08698142909400612], [0.001383013422573469, 0.002004419973902857, -0.9999970347828244, -0.0015657489131726302], [0.0, 0.0, 0.0, 1.0]]}, "mean_rme": {"type": "float", "data": 0.0023021021990849706}, "max_rme": {"type": "float", "data": 0.009192346856605665}, "simu": {"type": "float", "data": 0.002}}, {"type": "dict", "image_number": {"type": "int", "data": 16}, "Hcamera2end": {"type": "ndarray", "data": [[0.9999897490570266, -0.004320048214281164, 0.0013560841755738357, -0.018935889769830086], [-0.0013555630560470092, 0.00012355395393670587, 0.9999990735911817, 0.030585706366713566], [-0.0043202117617121664, -0.9999906609153142, 0.00011769658963256546, 0.034133601371773785], [0.0, 0.0, 0.0, 1.0]]}, "Hobj2base": {"type": "ndarray", "data": [[0.9999910247931978, -0.003976061662739426, 0.001463306770394388, -0.7338716747049253], [-0.0039743906170027635, -0.9999914487261565, -0.0011431070750927206, 0.08729898353114603], [0.0014678393214751604, 0.0011372810627722726, -0.9999982760182686, -0.001336687290798895], [0.0, 0.0, 0.0, 1.0]]}, "mean_rme": {"type": "float", "data": 0.0022890659545625955}, "max_rme": {"type": "float", "data": 0.009138548974904487}, "simu": {"type": "float", "data": 0.002}}, {"type": "dict", "image_number": {"type": "int", "data": 17}, "Hcamera2end": {"type": "ndarray", "data": [[0.9999886980382126, -0.004367297898337877, 0.0018789637856415034, -0.018261774502510205], [-0.001877454236964117, 0.00034972223187457185, 0.9999981764283115, 0.03059943367315887], [-0.004367947049665801, -0.9999904021556545, 0.0003415188773838729, 0.03401377715367382], [0.0, 0.0, 0.0, 1.0]]}, "Hobj2base": {"type": "ndarray", "data": [[0.9999900646867854, -0.004290982782977085, 0.0012074744199520324, -0.7341530791601877], [-0.004290465195790176, -0.9999907030662316, -0.0004309170539214083, 0.08824518853206408], [0.001209312251801591, 0.00042573214565189697, -0.9999991781576711, -0.0013392742662914445], [0.0, 0.0, 0.0, 1.0]]}, "mean_rme": {"type": "float", "data": 0.0023173118835984516}, "max_rme": {"type": "float", "data": 0.009102301912181227}, "simu": {"type": "float", "data": 0.002}}, {"type": "dict", "image_number": {"type": "int", "data": 18}, "Hcamera2end": {"type": "ndarray", "data": [[0.9999924607923305, -0.0034998923315667256, 0.0016819964823958518, -0.018129449275969205], [-0.0016785135861824565, 0.0009978432855551889, 0.9999980934486414, 0.03146357255957526], [-0.003501564027738533, -0.9999933775092935, 0.0009919611457788191, 0.03355761495323176], [0.0, 0.0, 0.0, 1.0]]}, "Hobj2base": {"type": "ndarray", "data": [[0.999994282279961, -0.003349550175261986, 0.000464673013133868, -0.7344101946391182], [-0.0033493448428804588, -0.9999942932629013, -0.00044196238989406425, 0.08795468663632551], [0.00046615073656767407, 0.0004404035127166854, -0.9999997943740975, -0.0020676931663282817], [0.0, 0.0, 0.0, 1.0]]}, "mean_rme": {"type": "float", "data": 0.002333518904706335}, "max_rme": {"type": "float", "data": 0.009143426331763266}, "simu": {"type": "float", "data": 0.002}}, {"type": "dict", "image_number": {"type": "int", "data": 19}, "Hcamera2end": {"type": "ndarray", "data": [[0.9999966803362377, -0.0025737456730577334, -0.0001230841782343475, -0.018113976918762806], [0.00012254119065143376, -0.00021112836313430527, 0.9999999702042351, 0.031488728064923095], [-0.0025737715829320905, -0.9999966656234535, -0.00021081227240005163, 0.03459802419086393], [0.0, 0.0, 0.0, 1.0]]}, "Hobj2base": {"type": "ndarray", "data": [[0.9999964544074885, -0.002435795351662288, 0.0010761382144587124, -0.735224789564675], [-0.0024339389344312946, -0.9999955535478997, -0.0017230280593911477, 0.0870275444520665], [0.0010803303731995368, 0.0017204026955367627, -0.9999979365482963, -0.0022051878048040393], [0.0, 0.0, 0.0, 1.0]]}, "mean_rme": {"type": "float", "data": 0.0023775124667819694}, "max_rme": {"type": "float", "data": 0.009528025081823072}, "simu": {"type": "float", "data": 0.002}}, {"type": "dict", "image_number": {"type": "int", "data": 20}, "Hcamera2end": {"type": "ndarray", "data": [[0.9999970772156402, -0.0023667028099215994, -0.0004942448648649803, -0.01805804858819622], [0.0004929981214203424, -0.0005273393780975688, 0.9999997394329824, 0.03143665686612349], [-0.002366962828016572, -0.999997060311174, -0.0005261710567590061, 0.03436913534990575], [0.0, 0.0, 0.0, 1.0]]}, "Hobj2base": {"type": "ndarray", "data": [[0.9999959903120806, -0.002340012165559577, 0.0015948990018411111, -0.7348735808765594], [-0.0023370218739585565, -0.999995512838429, -0.001874201634887456, 0.08716679371710495], [0.0015992774998979484, 0.001870466806069745, -0.9999969718281181, -0.002293886310272139], [0.0, 0.0, 0.0, 1.0]]}, "mean_rme": {"type": "float", "data": 0.0023549940023989088}, "max_rme": {"type": "float", "data": 0.009883348389272018}, "simu": {"type": "float", "data": 0.002}}, {"type": "dict", "image_number": {"type": "int", "data": 21}, "Hcamera2end": {"type": "ndarray", "data": [[0.99999744243854, -0.0018706440186337168, -0.001271144104447396, -0.017580784415691553], [0.0012719099090802103, 0.0004082475158133647, 0.9999991077891766, 0.031430240636733275], [-0.001870123408201995, -0.9999981670107809, 0.0004106257623588405, 0.03381015236224495], [0.0, 0.0, 0.0, 1.0]]}, "Hobj2base": {"type": "ndarray", "data": [[0.9999979006653147, -0.0019415208428306809, 0.0006551044040686497, -0.73504867983522], [-0.0019398302327844248, -0.9999948121738298, -0.0025715139694467925, 0.08699127966690215], [0.0006600936534701893, 0.00257023777964968, -0.999996479070864, -0.0022694136088614644], [0.0, 0.0, 0.0, 1.0]]}, "mean_rme": {"type": "float", "data": 0.0023815851134739406}, "max_rme": {"type": "float", "data": 0.009757513994223282}, "simu": {"type": "float", "data": 0.002}}, {"type": "dict", "image_number": {"type": "int", "data": 22}, "Hcamera2end": {"type": "ndarray", "data": [[0.9999973429477925, -0.0020351496715795333, -0.0010827110276119952, -0.01765845506448729], [0.001082701932727971, -5.5706281893996845e-06, 0.9999994138625747, 0.03146159564986752], [-0.002035154510082716, -0.9999979290652468, -3.367152905164872e-06, 0.033831282636472525], [0.0, 0.0, 0.0, 1.0]]}, "Hobj2base": {"type": "ndarray", "data": [[0.9999975484024972, -0.002072306958554604, 0.0007802133456380211, -0.7348681573351349], [-0.0020705187582436488, -0.9999952439980417, -0.002285811315060001, 0.08691011268515633], [0.0007849465376359634, 0.0022841902648031136, -0.9999970831626295, -0.0022800764198311644], [0.0, 0.0, 0.0, 1.0]]}, "mean_rme": {"type": "float", "data": 0.0023300369177660734}, "max_rme": {"type": "float", "data": 0.009635693753199254}, "simu": {"type": "float", "data": 0.002}}, {"type": "dict", "image_number": {"type": "int", "data": 23}, "Hcamera2end": {"type": "ndarray", "data": [[0.9999997556579192, -0.0005213599651682526, -0.00046569076495745827, -0.017748618203306917], [0.00046633060428664307, 0.0012278024352002648, 0.9999991375181018, 0.031368163355815], [-0.0005207877392494551, -0.9999991103420877, 0.001228045261304156, 0.033472736220234195], [0.0, 0.0, 0.0, 1.0]]}, "Hobj2base": {"type": "ndarray", "data": [[0.9999996947882542, -0.0007796771061995845, -5.026935937073988e-05, -0.7350708363190978], [-0.0007797619858643539, -0.9999982319056029, -0.0017111858207876755, 0.08703041104635625], [-4.8935098080845744e-05, 0.0017112244966491546, -0.9999985346569653, -0.0020335283944306975], [0.0, 0.0, 0.0, 1.0]]}, "mean_rme": {"type": "float", "data": 0.0023679185547263227}, "max_rme": {"type": "float", "data": 0.009669235485202127}, "simu": {"type": "float", "data": 0.002}}, {"type": "dict", "image_number": {"type": "int", "data": 24}, "Hcamera2end": {"type": "ndarray", "data": [[0.9999998050445434, -0.0001709367213272079, -0.0006005759839218274, -0.017087653679211876], [0.0006010900060547283, 0.0030230942085812673, 0.9999952497848231, 0.03148389042517604], [-0.0001691203115621928, -0.9999954158305143, 0.0030231963675674267, 0.03260955605066403], [0.0, 0.0, 0.0, 1.0]]}, "Hobj2base": {"type": "ndarray", "data": [[0.9999988808728703, -0.00023272554230928342, -0.0014778673245770195, -0.735439594987465], [-0.0002354769520112932, -0.9999982390452586, -0.0018618423634875535, 0.08747272869449758], [-0.0014774314238458102, 0.0018621882835423216, -0.999997174721601, -0.0017635315576781964], [0.0, 0.0, 0.0, 1.0]]}, "mean_rme": {"type": "float", "data": 0.0024235302722970106}, "max_rme": {"type": "float", "data": 0.009544190173084083}, "simu": {"type": "float", "data": 0.002}}, {"type": "dict", "image_number": {"type": "int", "data": 25}, "Hcamera2end": {"type": "ndarray", "data": [[0.9999998074763453, 0.0005301175092045356, 0.00032252550090549844, -0.01731013622024208], [-0.0003245619756649115, 0.0038459672559122415, 0.9999925515699556, 0.028687159880932147], [0.0005288731381456738, -0.9999924637272487, 0.003846138571458768, 0.03228492500926214], [0.0, 0.0, 0.0, 1.0]]}, "Hobj2base": {"type": "ndarray", "data": [[0.999997407075224, 0.0006630448372857353, -0.0021785808161502466, -0.7354329728779088], [0.0006602511556518852, -0.9999989592339262, -0.0012828092123736373, 0.0871321415894403], [-0.002179429108782732, 0.0012813674756443035, -0.9999968040879688, 0.0012593240086959789], [0.0, 0.0, 0.0, 1.0]]}, "mean_rme": {"type": "float", "data": 0.002615226835711815}, "max_rme": {"type": "float", "data": 0.00987711016909143}, "simu": {"type": "float", "data": 0.002}}, {"type": "dict", "image_number": {"type": "int", "data": 26}, "Hcamera2end": {"type": "ndarray", "data": [[0.999999608297003, 0.0008426822821575599, -0.00027072571366653514, -0.017103888376982287], [0.00026787900675727226, 0.0033764314318940336, 0.9999942639593608, 0.027959132913326554], [0.0008435915353067889, -0.9999939447803458, 0.0033762043724429036, 0.03252844634903291], [0.0, 0.0, 0.0, 1.0]]}, "Hobj2base": {"type": "ndarray", "data": [[0.9999978767053546, 0.0010512626364190588, -0.0017724084325174837, -0.7354446394165071], [0.001048364860280223, -0.9999981137300891, -0.0016350741217893568, 0.08684480110992755], [-0.0017741239816088002, 0.0016332125193265136, -0.9999970925462556, 0.0017655668172290562], [0.0, 0.0, 0.0, 1.0]]}, "mean_rme": {"type": "float", "data": 0.002599568418475917}, "max_rme": {"type": "float", "data": 0.009530212010283562}, "simu": {"type": "float", "data": 0.002}}, {"type": "dict", "image_number": {"type": "int", "data": 27}, "Hcamera2end": {"type": "ndarray", "data": [[0.9999995318359325, 0.0009676402396067231, 5.314802470650012e-07, -0.01722804350681263], [-4.170587993914689e-06, 0.0037608084119884477, 0.9999929281263414, 0.02791924634768447], [0.0009676313977818178, -0.9999924599678013, 0.0037608106869417846, 0.03219033218922141], [0.0, 0.0, 0.0, 1.0]]}, "Hobj2base": {"type": "ndarray", "data": [[0.9999971622594213, 0.0010209179173703835, -0.0021524868665652214, -0.7353555834904646], [0.0010183948806373638, -0.9999987935644847, -0.0011729200493998061, 0.08695363786693251], [-0.0021536817248226947, 0.0011707246393514372, -0.99999699552491, 0.0018939180439977383], [0.0, 0.0, 0.0, 1.0]]}, "mean_rme": {"type": "float", "data": 0.0025447089938102573}, "max_rme": {"type": "float", "data": 0.009547261482826724}, "simu": {"type": "float", "data": 0.002}}, {"type": "dict", "image_number": {"type": "int", "data": 28}, "Hcamera2end": {"type": "ndarray", "data": [[0.9999996509035942, 0.0007580680004782227, 0.000351462083948919, -0.017299146474424935], [-0.0003540714796258027, 0.00344478255830738, 0.9999940040352807, 0.02780720886552945], [0.0007568527446725435, -0.9999937793836681, 0.003445049766004793, 0.03287348984204984], [0.0, 0.0, 0.0, 1.0]]}, "Hobj2base": {"type": "ndarray", "data": [[0.9999976597404234, 0.0008674067181773905, -0.0019819483499070884, -0.7357748807837288], [0.0008656962311313817, -0.9999992522716519, -0.000863728066067909, 0.0872833127968053], [-0.001982696071475309, 0.000862010279503219, -0.9999976629245519, 0.0020013480080475865], [0.0, 0.0, 0.0, 1.0]]}, "mean_rme": {"type": "float", "data": 0.0025344587233120594}, "max_rme": {"type": "float", "data": 0.00966674646527943}, "simu": {"type": "float", "data": 0.002}}, {"type": "dict", "image_number": {"type": "int", "data": 29}, "Hcamera2end": {"type": "ndarray", "data": [[0.9999982640097321, 0.0016367975677081454, 0.0008904331779922876, -0.017637579959370486], [-0.0008939591277131105, 0.0021547079042963935, 0.9999972790317606, 0.02835781493705064], [0.001634874490627082, -0.9999963390570834, 0.0021561673938703674, 0.0334176892192384], [0.0, 0.0, 0.0, 1.0]]}, "Hobj2base": {"type": "ndarray", "data": [[0.999997695924662, 0.0019074339455949763, -0.0009848051128419453, -0.7359377444064411], [0.0019072351835917325, -0.9999981606758708, -0.0002027284636415352, 0.08694383569637895], [-0.0009851899926194266, 0.00020084974157968868, -0.9999994945299022, 0.0014114025252817551], [0.0, 0.0, 0.0, 1.0]]}, "mean_rme": {"type": "float", "data": 0.002544655380707425}, "max_rme": {"type": "float", "data": 0.009900851912787834}, "simu": {"type": "float", "data": 0.002}}, {"type": "dict", "image_number": {"type": "int", "data": 30}, "Hcamera2end": {"type": "ndarray", "data": [[0.9999983887864777, 0.00113933847323042, 0.0013872030464256167, -0.017941005524485597], [-0.0013900859605281955, 0.002533458274234346, 0.9999958246163806, 0.028309625604060158], [0.0011358192950192121, -0.9999961417410649, 0.0025350379707080872, 0.03316817835720765], [0.0, 0.0, 0.0, 1.0]]}, "Hobj2base": {"type": "ndarray", "data": [[0.9999979865681093, 0.0014922484232095955, -0.0013416610491231204, -0.7359605664431854], [0.0014926540570864716, -0.9999988405743174, 0.00030138660655507906, 0.08714040348438987], [-0.0013412097498784346, -0.00030338863554188255, -0.9999990545554245, 0.0015239906938545877], [0.0, 0.0, 0.0, 1.0]]}, "mean_rme": {"type": "float", "data": 0.002549967114115492}, "max_rme": {"type": "float", "data": 0.009895747278903078}, "simu": {"type": "float", "data": 0.002}}]}