{"type": "list", "data": [{"type": "dict", "image_number": {"type": "int", "data": 5}, "Hcamera2end": {"type": "ndarray", "data": [[0.9994619697281703, -0.013250442033481743, -0.030003280704007426, -0.013749816943112232], [0.030077936437908837, 0.005471286359637895, 0.9995325821428774, 0.030073153650838423], [-0.013080091999800304, -0.9998972401259482, 0.0058668885952077865, 0.03651401207659352], [0.0, 0.0, 0.0, 1.0]]}, "Hobj2base": {"type": "ndarray", "data": [[0.9999413133386662, -0.010415813254894712, 0.0029800524798330326, -0.7384525207853911], [-0.010325658206196207, -0.9995313383121844, -0.028818128226218376, 0.07909136321635234], [0.0032788200853679553, 0.028785665983143603, -0.9995802292826501, 0.0043748400053056245], [0.0, 0.0, 0.0, 1.0]]}, "mean_rme": {"type": "float", "data": 0.0011959641731546348}, "max_rme": {"type": "float", "data": 0.003924402629043255}, "simu": {"type": "float", "data": 0.002}}, {"type": "dict", "image_number": {"type": "int", "data": 6}, "Hcamera2end": {"type": "ndarray", "data": [[0.9998420659491783, -0.011432773031742246, -0.013606427131453866, -0.011914123563029701], [0.013502677633216479, -0.009103454723629723, 0.9998673936121871, 0.029235812075829894], [-0.011555122466349377, -0.9998932037037254, -0.008947643929447358, 0.03556765752180855], [0.0, 0.0, 0.0, 1.0]]}, "Hobj2base": {"type": "ndarray", "data": [[0.9999062609993192, -0.004730948511735363, 0.012848631854814939, -0.7313026782409634], [-0.004571367044951095, -0.9999124042202214, -0.012421211288657176, 0.08710566237916299], [0.012906270479948549, 0.012361311124489922, -0.9998403003327994, -0.00036899094278587213], [0.0, 0.0, 0.0, 1.0]]}, "mean_rme": {"type": "float", "data": 0.0013867330635536708}, "max_rme": {"type": "float", "data": 0.004419125828227843}, "simu": {"type": "float", "data": 0.002}}, {"type": "dict", "image_number": {"type": "int", "data": 7}, "Hcamera2end": {"type": "ndarray", "data": [[0.9999204941595802, -0.011424854736199004, -0.005336483291240465, -0.012537508651968957], [0.005332543570800987, -0.00037527289482497395, 0.999985711472579, 0.02906251487855646], [-0.011426694129381715, -0.9999346637978459, -0.00031431952276728126, 0.037787945160647686], [0.0, 0.0, 0.0, 1.0]]}, "Hobj2base": {"type": "ndarray", "data": [[0.9999524663242774, -0.008008083855324956, 0.0055619857030570815, -0.7379911582080173], [-0.007978309332486444, -0.9999538345671344, -0.005354933676503143, 0.09100062984982757], [0.0056046116895006465, 0.0053103038943803915, -0.9999701940559829, 0.0004561033458327051], [0.0, 0.0, 0.0, 1.0]]}, "mean_rme": {"type": "float", "data": 0.001575084994795339}, "max_rme": {"type": "float", "data": 0.004635185363848493}, "simu": {"type": "float", "data": 0.002}}, {"type": "dict", "image_number": {"type": "int", "data": 8}, "Hcamera2end": {"type": "ndarray", "data": [[0.9999070848031664, -0.012693300849527845, -0.004970097984629725, -0.012846993699391338], [0.004948685631141231, -0.0017177542086450615, 0.9999862798213799, 0.028819986385325343], [-0.012701664101903383, -0.9999179613518412, -0.001654779447648691, 0.03712582073381021], [0.0, 0.0, 0.0, 1.0]]}, "Hobj2base": {"type": "ndarray", "data": [[0.999941496010136, -0.008468303001669623, 0.006729962948120457, -0.7366831428157048], [-0.008442193744847948, -0.9999567644422387, -0.0038985395963746223, 0.09078406961577651], [0.0067626859889847865, 0.003841495865149911, -0.9999697540364574, 0.0007397882600544761], [0.0, 0.0, 0.0, 1.0]]}, "mean_rme": {"type": "float", "data": 0.0014891652526118392}, "max_rme": {"type": "float", "data": 0.0047233061689561096}, "simu": {"type": "float", "data": 0.002}}, {"type": "dict", "image_number": {"type": "int", "data": 9}, "Hcamera2end": {"type": "ndarray", "data": [[0.9998925731253819, -0.014301145929779381, -0.0032123875541208713, -0.01378846609357202], [0.0031983062701928886, -0.0010073883562171648, 0.9999943779870475, 0.02920671186624572], [-0.014304301650369406, -0.9998972259156413, -0.0009615406909364577, 0.035722627774070606], [0.0, 0.0, 0.0, 1.0]]}, "Hobj2base": {"type": "ndarray", "data": [[0.9999241359191032, -0.010342030295659076, 0.006690651373253286, -0.7354938122489734], [-0.010325807207930197, -0.9999436743502297, -0.0024547571095293974, 0.09162901008990576], [0.006715661690362537, 0.002385484505461771, -0.9999746043533981, 0.000545836080561684], [0.0, 0.0, 0.0, 1.0]]}, "mean_rme": {"type": "float", "data": 0.001609018689197774}, "max_rme": {"type": "float", "data": 0.005256769058369418}, "simu": {"type": "float", "data": 0.002}}, {"type": "dict", "image_number": {"type": "int", "data": 10}, "Hcamera2end": {"type": "ndarray", "data": [[0.9999099723868854, -0.012435183078030522, -0.005041164852877757, -0.013520624765531557], [0.005046431735608335, 0.000392205163606274, 0.9999871897688728, 0.029479727610941236], [-0.012433046609575294, -0.9999226032033308, 0.00045492315683459683, 0.0359477517649299], [0.0, 0.0, 0.0, 1.0]]}, "Hobj2base": {"type": "ndarray", "data": [[0.9999426699651374, -0.009487249491464074, 0.0049647638492687895, -0.7367267235495367], [-0.009470166345944771, -0.9999491945669323, -0.003453148465371205, 0.0910708715145914], [0.004997272493313391, 0.003405933356728391, -0.9999817132755966, 0.00028002766921112474], [0.0, 0.0, 0.0, 1.0]]}, "mean_rme": {"type": "float", "data": 0.0017550955875695275}, "max_rme": {"type": "float", "data": 0.005578726154446356}, "simu": {"type": "float", "data": 0.002}}, {"type": "dict", "image_number": {"type": "int", "data": 11}, "Hcamera2end": {"type": "ndarray", "data": [[0.9999186196612327, -0.011967530595937192, -0.004419532351999972, -0.013777004444814856], [0.004438364282297165, 0.001547483578483555, 0.9999889530475183, 0.028483005018639675], [-0.011960559237456082, -0.9999271891022914, 0.0016004739040900162, 0.035561954164127794], [0.0, 0.0, 0.0, 1.0]]}, "Hobj2base": {"type": "ndarray", "data": [[0.9999400004819484, -0.010357412046070217, 0.003566434055036793, -0.7365876204005158], [-0.01034520451544977, -0.9999406230159398, -0.003424497923438756, 0.09189979403602835], [0.0036016912269827223, 0.003387396965523561, -0.9999877766063461, 0.0010812302807191485], [0.0, 0.0, 0.0, 1.0]]}, "mean_rme": {"type": "float", "data": 0.0018686037223720792}, "max_rme": {"type": "float", "data": 0.00528949195887011}, "simu": {"type": "float", "data": 0.002}}, {"type": "dict", "image_number": {"type": "int", "data": 12}, "Hcamera2end": {"type": "ndarray", "data": [[0.9999201064873612, -0.012024393390499908, -0.0038980258971354877, -0.013913523989767538], [0.003915165015950313, 0.0014021522271664422, 0.9999913526886268, 0.028426704529877903], [-0.012018823786132966, -0.9999267212814757, 0.0014491176886402002, 0.035728692368729574], [0.0, 0.0, 0.0, 1.0]]}, "Hobj2base": {"type": "ndarray", "data": [[0.9999363246932463, -0.010637972208634437, 0.0037656481847057385, -0.7367023000953877], [-0.010625230415814734, -0.9999378121234332, -0.003387678321872325, 0.09205506987667937], [0.0038014520348811053, 0.003347451730788604, -0.9999871716823854, 0.0011004186221973782], [0.0, 0.0, 0.0, 1.0]]}, "mean_rme": {"type": "float", "data": 0.0017596652791573126}, "max_rme": {"type": "float", "data": 0.005260904905500066}, "simu": {"type": "float", "data": 0.002}}, {"type": "dict", "image_number": {"type": "int", "data": 13}, "Hcamera2end": {"type": "ndarray", "data": [[0.9999318141293452, -0.011142124388318964, -0.0034957339875761394, -0.013899955193759365], [0.0034993693156273016, 0.00030678967663777534, 0.9999938301282099, 0.028025057141922043], [-0.01114098318774036, -0.9999378775425047, 0.00034575916611201407, 0.03691438502793441], [0.0, 0.0, 0.0, 1.0]]}, "Hobj2base": {"type": "ndarray", "data": [[0.9999506026544812, -0.009289909476059127, 0.003534095763634189, -0.7375253301917989], [-0.009278062619551683, -0.9999513332185577, -0.00335391539196135, 0.09183921293853149], [0.003565081340949747, 0.003320960155645402, -0.9999881306388974, 0.0010281281644660646], [0.0, 0.0, 0.0, 1.0]]}, "mean_rme": {"type": "float", "data": 0.001903846091499757}, "max_rme": {"type": "float", "data": 0.006142660432943314}, "simu": {"type": "float", "data": 0.002}}, {"type": "dict", "image_number": {"type": "int", "data": 14}, "Hcamera2end": {"type": "ndarray", "data": [[0.9999373414340484, -0.010945029122324559, -0.002349370834628897, -0.014557965582866702], [0.0023515669529979135, 0.00018778477603720312, 0.9999972174310005, 0.02803232317467297], [-0.010944557490949813, -0.9999400837422158, 0.0002135109784960898, 0.037281968370458], [0.0, 0.0, 0.0, 1.0]]}, "Hobj2base": {"type": "ndarray", "data": [[0.9999512153779129, -0.009170044038739536, 0.003671124699935373, -0.7378113928353534], [-0.009163035370057764, -0.9999561724976291, -0.0019214230921509362, 0.0918939982703001], [0.003688583338080958, 0.0018876907107781154, -0.9999914154515219, 0.000990350924743497], [0.0, 0.0, 0.0, 1.0]]}, "mean_rme": {"type": "float", "data": 0.0018475520995491022}, "max_rme": {"type": "float", "data": 0.006011953686481664}, "simu": {"type": "float", "data": 0.002}}, {"type": "dict", "image_number": {"type": "int", "data": 15}, "Hcamera2end": {"type": "ndarray", "data": [[0.9999335656902544, -0.0110489642696592, -0.0032839906427157405, -0.013575590254950625], [0.0032780097781494244, -0.0005593718194554231, 0.9999944708622452, 0.0276440799790515], [-0.011050740150234595, -0.9999388018732622, -0.000523116045060501, 0.036241609466284685], [0.0, 0.0, 0.0, 1.0]]}, "Hobj2base": {"type": "ndarray", "data": [[0.9999489621139813, -0.008956504336906366, 0.0046748472953138075, -0.7362793140665161], [-0.0089442428771278, -0.9999565218823936, -0.0026372076560674845, 0.09192253260914836], [0.004698264203562201, 0.002595260088940956, -0.9999855953655254, 0.001014214904007412], [0.0, 0.0, 0.0, 1.0]]}, "mean_rme": {"type": "float", "data": 0.002031279784841896}, "max_rme": {"type": "float", "data": 0.005875693370534063}, "simu": {"type": "float", "data": 0.002}}, {"type": "dict", "image_number": {"type": "int", "data": 16}, "Hcamera2end": {"type": "ndarray", "data": [[0.9999370767568629, -0.01068676664115288, -0.003411091569724446, -0.013473433355635701], [0.0034059529300405384, -0.0004990043768431374, 0.9999940752220837, 0.027725596180217554], [-0.010688405474056991, -0.9999427703690795, -0.0004625743537154392, 0.03618126341780927], [0.0, 0.0, 0.0, 1.0]]}, "Hobj2base": {"type": "ndarray", "data": [[0.9999503556909819, -0.00900491645857631, 0.0042658683820308175, -0.7363215269717359], [-0.008994303793057306, -0.9999564240618388, -0.0025004952984713173, 0.09187288430502183], [0.004288199244081796, 0.002462002646940839, -0.9999877748703776, 0.0009836472722139188], [0.0, 0.0, 0.0, 1.0]]}, "mean_rme": {"type": "float", "data": 0.0019445790362800585}, "max_rme": {"type": "float", "data": 0.005872783394487003}, "simu": {"type": "float", "data": 0.002}}, {"type": "dict", "image_number": {"type": "int", "data": 17}, "Hcamera2end": {"type": "ndarray", "data": [[0.9999386906758432, -0.010703425109391955, -0.0028375306884759893, -0.013770636450829914], [0.0028391863266428903, 0.00013949122114231827, 0.9999959597734392, 0.02762956383869114], [-0.010702986054508772, -0.9999427069753181, 0.0001698716872486905, 0.036184459944750266], [0.0, 0.0, 0.0, 1.0]]}, "Hobj2base": {"type": "ndarray", "data": [[0.9999508357226364, -0.009165974681930743, 0.0037829942811493694, -0.7365018660007083], [-0.009156314542348222, -0.9999547953481189, -0.0025630381002622444, 0.09186947175466725], [0.0038063160145456495, 0.002528273804796082, -0.9999895598404844, 0.0013945990896719982], [0.0, 0.0, 0.0, 1.0]]}, "mean_rme": {"type": "float", "data": 0.0019437979619371434}, "max_rme": {"type": "float", "data": 0.006041007299888289}, "simu": {"type": "float", "data": 0.002}}, {"type": "dict", "image_number": {"type": "int", "data": 18}, "Hcamera2end": {"type": "ndarray", "data": [[0.9999403116699082, -0.010600551077607823, -0.002646018582310946, -0.013655536772518361], [0.0026428504853967024, -0.00031285863728625074, 0.9999964587241224, 0.02768004821400763], [-0.010601341367899895, -0.999943763636898, -0.000284824291715724, 0.03618826078028697], [0.0, 0.0, 0.0, 1.0]]}, "Hobj2base": {"type": "ndarray", "data": [[0.9999470713509528, -0.009328960219805515, 0.004338778384485684, -0.736335833018418], [-0.009318413534890484, -0.9999535942473885, -0.00244469239833454, 0.09212205497800552], [0.0043613834783430595, 0.002404132472845678, -0.9999875991637139, 0.0011853759880304084], [0.0, 0.0, 0.0, 1.0]]}, "mean_rme": {"type": "float", "data": 0.001908329497581524}, "max_rme": {"type": "float", "data": 0.005836870754607315}, "simu": {"type": "float", "data": 0.002}}, {"type": "dict", "image_number": {"type": "int", "data": 19}, "Hcamera2end": {"type": "ndarray", "data": [[0.9999443170163421, -0.00993212309013116, -0.003565921710234341, -0.01392900497260094], [0.0035615992581488525, -0.00045285282538887195, 0.9999935549467521, 0.02775100804344629], [-0.009933673914790574, -0.9999505727060919, -0.00041745336696275004, 0.03643421961365475], [0.0, 0.0, 0.0, 1.0]]}, "Hobj2base": {"type": "ndarray", "data": [[0.9999548420755758, -0.008712466317703728, 0.0037956211972666114, -0.736877253933059], [-0.008700750007116518, -0.9999573659408394, -0.0030924504801721087, 0.09131692422019888], [0.0038224022451756015, 0.0030592860803679107, -0.9999880149330564, 0.001226033267407956], [0.0, 0.0, 0.0, 1.0]]}, "mean_rme": {"type": "float", "data": 0.001963380338441217}, "max_rme": {"type": "float", "data": 0.00607009437787915}, "simu": {"type": "float", "data": 0.002}}, {"type": "dict", "image_number": {"type": "int", "data": 20}, "Hcamera2end": {"type": "ndarray", "data": [[0.9999366243069662, -0.01077191464076116, -0.0032731062557463065, -0.014081367312761798], [0.003267762230434993, -0.0005136704820012383, 0.9999945289213543, 0.027694399660577337], [-0.010773537004837026, -0.9999418493080525, -0.00047843787196599763, 0.0364222052035668], [0.0, 0.0, 0.0, 1.0]]}, "Hobj2base": {"type": "ndarray", "data": [[0.9999466986163886, -0.009473757244689646, 0.0041046132404898225, -0.7368696678779126], [-0.009463128689380953, -0.9999518404558634, -0.002601146735494276, 0.09145907670667835], [0.004129058196917194, 0.0025621656074594056, -0.9999881930232009, 0.001222027743150722], [0.0, 0.0, 0.0, 1.0]]}, "mean_rme": {"type": "float", "data": 0.0019252055321605111}, "max_rme": {"type": "float", "data": 0.005989039857022212}, "simu": {"type": "float", "data": 0.002}}, {"type": "dict", "image_number": {"type": "int", "data": 21}, "Hcamera2end": {"type": "ndarray", "data": [[0.9999467611813221, -0.009759749839330608, -0.0033499382169879474, -0.013905932071737513], [0.0033480039396067284, -0.00021452077251171708, 0.9999943724093944, 0.027453870940130107], [-0.009760413546788273, -0.9999523494966708, -0.00018183367076751722, 0.035815085087358985], [0.0, 0.0, 0.0, 1.0]]}, "Hobj2base": {"type": "ndarray", "data": [[0.9999561276474463, -0.008589505404159014, 0.00373673349810951, -0.7365615936985712], [-0.008579361801043984, -0.9999594913309044, -0.002722177129753554, 0.09123507660935855], [0.003759964283175833, 0.0026899989128044417, -0.9999893132301156, 0.0016515506550400026], [0.0, 0.0, 0.0, 1.0]]}, "mean_rme": {"type": "float", "data": 0.0019718436584424954}, "max_rme": {"type": "float", "data": 0.006156186054503621}, "simu": {"type": "float", "data": 0.002}}, {"type": "dict", "image_number": {"type": "int", "data": 22}, "Hcamera2end": {"type": "ndarray", "data": [[0.9999492171917125, -0.009655088590934021, -0.002888304343836137, -0.014163677416087527], [0.0028836525196720545, -0.0004956868548324778, 0.9999957194121821, 0.027146776224637938], [-0.009656478955975413, -0.9999532656873736, -0.0004678197619190083, 0.03598617319300843], [0.0, 0.0, 0.0, 1.0]]}, "Hobj2base": {"type": "ndarray", "data": [[0.9999578382708082, -0.008476586472697237, 0.003531170137940678, -0.7365441833906545], [-0.008468194691142544, -0.9999613006962667, -0.0023846988285839985, 0.09139286582519798], [0.003551247589946809, 0.0023546956493421534, -0.9999909219832714, 0.001962723503299924], [0.0, 0.0, 0.0, 1.0]]}, "mean_rme": {"type": "float", "data": 0.001930298265891019}, "max_rme": {"type": "float", "data": 0.006092119016928913}, "simu": {"type": "float", "data": 0.002}}, {"type": "dict", "image_number": {"type": "int", "data": 23}, "Hcamera2end": {"type": "ndarray", "data": [[0.9999524838633492, -0.009099699151579517, -0.0034964969425309543, -0.013923098409954099], [0.00348929694603436, -0.000806990476477587, 0.9999935867660318, 0.0272418590655015], [-0.009102462432813473, -0.9999582712502165, -0.0007752005789483096, 0.036095674292609736], [0.0, 0.0, 0.0, 1.0]]}, "Hobj2base": {"type": "ndarray", "data": [[0.9999628183090773, -0.007832151447494272, 0.003608240994012515, -0.7366392643607262], [-0.007820479429953271, -0.9999641782086794, -0.003237653614233742, 0.09123530218726453], [0.0036334695337977996, 0.003209315058325754, -0.9999882490289589, 0.001725337888184652], [0.0, 0.0, 0.0, 1.0]]}, "mean_rme": {"type": "float", "data": 0.0019264238683138555}, "max_rme": {"type": "float", "data": 0.006114684844808552}, "simu": {"type": "float", "data": 0.002}}, {"type": "dict", "image_number": {"type": "int", "data": 24}, "Hcamera2end": {"type": "ndarray", "data": [[0.9999618698924778, -0.007989894957390371, -0.003524250233626475, -0.014277404762077497], [0.0035198777993863963, -0.0005612414853251035, 0.9999936477139607, 0.027433235532357297], [-0.007991822158727954, -0.9999679227788086, -0.0005330966312468988, 0.03530103083671835], [0.0, 0.0, 0.0, 1.0]]}, "Hobj2base": {"type": "ndarray", "data": [[0.9999716011368203, -0.006836731660231749, 0.003171122840591099, -0.7360020177260642], [-0.006826222639426832, -0.9999712127998033, -0.0033130433391655068, 0.09080505298945668], [0.0031936819411316317, 0.0032913024619741628, -0.9999894838065859, 0.0016007086963610122], [0.0, 0.0, 0.0, 1.0]]}, "mean_rme": {"type": "float", "data": 0.002012883521602329}, "max_rme": {"type": "float", "data": 0.005784591944918573}, "simu": {"type": "float", "data": 0.002}}, {"type": "dict", "image_number": {"type": "int", "data": 25}, "Hcamera2end": {"type": "ndarray", "data": [[0.9999765219552093, -0.006598836466652691, -0.0018468610259577125, -0.015024260671050055], [0.0018422763514341356, -0.000700781113781801, 0.9999980574599511, 0.027369044883247498], [-0.006600117893475349, -0.99997798188916, -0.0006886077804419966, 0.03553053671151329], [0.0, 0.0, 0.0, 1.0]]}, "Hobj2base": {"type": "ndarray", "data": [[0.9999818335328664, -0.005327844008102648, 0.0028189860716057247, -0.7361542349419719], [-0.005322941998709529, -0.9999843129838986, -0.0017435809700367584, 0.09068444249919659], [0.0028282313775496812, 0.0017285439959760444, -0.999994506606376, 0.0016449300194110084], [0.0, 0.0, 0.0, 1.0]]}, "mean_rme": {"type": "float", "data": 0.002050883872210112}, "max_rme": {"type": "float", "data": 0.005846157687778287}, "simu": {"type": "float", "data": 0.002}}, {"type": "dict", "image_number": {"type": "int", "data": 26}, "Hcamera2end": {"type": "ndarray", "data": [[0.9999745135813726, -0.006802292531996927, -0.0021681798833216998, -0.014808223962635536], [0.002160823216635409, -0.0010886611618114994, 0.9999970728256665, 0.027492216872846798], [-0.00680463303373161, -0.9999762715350721, -0.001073934864107784, 0.035659261144272626], [0.0, 0.0, 0.0, 1.0]]}, "Hobj2base": {"type": "ndarray", "data": [[0.999981821557824, -0.005210650207636251, 0.0030340860749069882, -0.7361136825233883], [-0.005204811576015076, -0.9999845941887695, -0.0019290727255119467, 0.0907730228134913], [0.003044091055547395, 0.0019132458116496505, -0.9999935364791666, 0.001564681817219315], [0.0, 0.0, 0.0, 1.0]]}, "mean_rme": {"type": "float", "data": 0.0020565690549983204}, "max_rme": {"type": "float", "data": 0.005741617740617502}, "simu": {"type": "float", "data": 0.002}}, {"type": "dict", "image_number": {"type": "int", "data": 27}, "Hcamera2end": {"type": "ndarray", "data": [[0.9999740539669217, -0.006861815250835928, -0.0021924608145478513, -0.015013457325474867], [0.002182967626182852, -0.0013906646247958676, 0.9999966503465122, 0.027465075045933842], [-0.006864841243828582, -0.999975490471324, -0.0013756494220162896, 0.035812584280159966], [0.0, 0.0, 0.0, 1.0]]}, "Hobj2base": {"type": "ndarray", "data": [[0.9999808457900734, -0.005213404207809697, 0.003335936080853386, -0.7360243300165882], [-0.005206048448688904, -0.9999840065652694, -0.002209903441513271, 0.09057586477401464], [0.00334740384767825, 0.0021924940677001824, -0.9999919938965729, 0.001551908448001131], [0.0, 0.0, 0.0, 1.0]]}, "mean_rme": {"type": "float", "data": 0.0020378020712942075}, "max_rme": {"type": "float", "data": 0.0057846964176347885}, "simu": {"type": "float", "data": 0.002}}, {"type": "dict", "image_number": {"type": "int", "data": 28}, "Hcamera2end": {"type": "ndarray", "data": [[0.9999726457545923, -0.007201507228473651, -0.0016870199165478425, -0.015353016003916444], [0.0016817044813818662, -0.0007440920582559851, 0.9999983090970933, 0.027610590923758865], [-0.007202750349546171, -0.9999737919668928, -0.000731960897200512, 0.035461997205142426], [0.0, 0.0, 0.0, 1.0]]}, "Hobj2base": {"type": "ndarray", "data": [[0.999978938228785, -0.005651694709581756, 0.003190837780492666, -0.7360553799059149], [-0.005646564981345662, -0.9999827549089624, -0.00161436941031358, 0.09066189068961007], [0.003199906677260236, 0.001596318135961919, -0.999993606162392, 0.0015173845677676232], [0.0, 0.0, 0.0, 1.0]]}, "mean_rme": {"type": "float", "data": 0.0020296300736564305}, "max_rme": {"type": "float", "data": 0.005570206629114286}, "simu": {"type": "float", "data": 0.002}}, {"type": "dict", "image_number": {"type": "int", "data": 29}, "Hcamera2end": {"type": "ndarray", "data": [[0.9999745222548946, -0.006869691482548481, -0.001939633993791739, -0.014929906891954675], [0.001934217045489598, -0.0007950846768027819, 0.9999978133199978, 0.02764590568973014], [-0.006871218633998567, -0.9999760873037369, -0.000781776945475432, 0.035534438568989274], [0.0, 0.0, 0.0, 1.0]]}, "Hobj2base": {"type": "ndarray", "data": [[0.99998178902485, -0.0052100322450905606, 0.003045846789559282, -0.7360260379086225], [-0.005205072911812766, -0.9999851186925459, -0.0016338939491705481, 0.09085437735601162], [0.003054314103536986, 0.0016180103397505754, -0.9999940265861076, 0.0014453904538379216], [0.0, 0.0, 0.0, 1.0]]}, "mean_rme": {"type": "float", "data": 0.0020370477622679408}, "max_rme": {"type": "float", "data": 0.005592321907951586}, "simu": {"type": "float", "data": 0.002}}, {"type": "dict", "image_number": {"type": "int", "data": 30}, "Hcamera2end": {"type": "ndarray", "data": [[0.9999782063472075, -0.006389953796915111, -0.0016599159903895413, -0.014769641564043045], [0.0016519060069437527, -0.0012586014330786544, 0.9999978435621636, 0.02755454175320478], [-0.006392029190021263, -0.9999787919815631, -0.0012480184004948214, 0.03587524700063156], [0.0, 0.0, 0.0, 1.0]]}, "Hobj2base": {"type": "ndarray", "data": [[0.9999841711749415, -0.004442591757787294, 0.003452647974956379, -0.7359290317678397], [-0.004438356394829852, -0.9999893898078467, -0.001233395412171517, 0.09097731725684356], [0.0034580908139901336, 0.0012180518067525657, -0.9999932789562729, 0.001317968541193611], [0.0, 0.0, 0.0, 1.0]]}, "mean_rme": {"type": "float", "data": 0.002098446413815235}, "max_rme": {"type": "float", "data": 0.007739439825196204}, "simu": {"type": "float", "data": 0.002}}]}