{"type": "list", "data": [{"type": "dict", "image_number": {"type": "int", "data": 5}, "Hcamera2end": {"type": "ndarray", "data": [[0.9998898444868035, 0.0025827202089543063, 0.014616033951732117, -0.014315794831261932], [-0.014627609562751838, 0.004521384436517173, 0.9998827881913245, 0.024585386399715078], [0.0025163327752143446, -0.9999864432276567, 0.004558665403920692, 0.025055181797659754], [0.0, 0.0, 0.0, 1.0]]}, "Hobj2base": {"type": "ndarray", "data": [[0.9999938679293904, 0.003421607890874665, -0.0007461253635461659, -0.7290294766787089], [0.003431036926367082, -0.9999092825990155, 0.013025150975406775, 0.09766927893838313], [-0.0007014907176350906, -0.01302763108793532, -0.9999148907477124, 0.003953852016554293], [0.0, 0.0, 0.0, 1.0]]}, "mean_rme": {"type": "float", "data": 0.0010797761030332672}, "max_rme": {"type": "float", "data": 0.0042878958684368085}, "simu": {"type": "float", "data": 0.002}}, {"type": "dict", "image_number": {"type": "int", "data": 6}, "Hcamera2end": {"type": "ndarray", "data": [[0.9999084949245443, 0.001998206099103718, 0.013379422637694649, -0.01461993949870932], [-0.013391111103736423, 0.005955371856497527, 0.9998926000773574, 0.0230970989532984], [0.0019183120548905376, -0.999980270164585, 0.005981585109627652, 0.024945421294397536], [0.0, 0.0, 0.0, 1.0]]}, "Hobj2base": {"type": "ndarray", "data": [[0.9999948371215914, 0.001799249670994961, -0.0026624107089790695, -0.7296498981904461], [0.001830554118123321, -0.9999286714618669, 0.011802587009892925, 0.09642796446876761], [-0.0026409850023208494, -0.011807399761458745, -0.9999268025756138, 0.005742589328278054], [0.0, 0.0, 0.0, 1.0]]}, "mean_rme": {"type": "float", "data": 0.0012566192104969955}, "max_rme": {"type": "float", "data": 0.004291064232976316}, "simu": {"type": "float", "data": 0.002}}, {"type": "dict", "image_number": {"type": "int", "data": 7}, "Hcamera2end": {"type": "ndarray", "data": [[0.9999879836421688, 0.0015037109289839014, 0.004665985931369077, -0.01531385038735059], [-0.004688462352880714, 0.015307510838030391, 0.9998718410039904, 0.02587699058372237], [0.0014320935846864255, -0.9998817024855418, 0.015314376989582823, 0.025688078142818926], [0.0, 0.0, 0.0, 1.0]]}, "Hobj2base": {"type": "ndarray", "data": [[0.9999380183726557, -3.33592357292082e-05, -0.011133656188683616, -0.7347981793453594], [1.0279582557619285e-05, -0.9999923188326225, 0.003919460432777963, 0.0905514407829217], [-0.011133701419411418, -0.003919331947579987, -0.9999303373384505, 0.005623624725235413], [0.0, 0.0, 0.0, 1.0]]}, "mean_rme": {"type": "float", "data": 0.0016088006749842886}, "max_rme": {"type": "float", "data": 0.00436891829122385}, "simu": {"type": "float", "data": 0.002}}, {"type": "dict", "image_number": {"type": "int", "data": 8}, "Hcamera2end": {"type": "ndarray", "data": [[0.9999890170732627, 0.0015017415643982304, 0.004439651464216269, -0.015392225738000169], [-0.004451176652193619, 0.007760302579858713, 0.9999599815644021, 0.025779532862704246], [0.0014672284283387214, -0.9999687607501259, 0.007766901866013032, 0.025182851792118065], [0.0, 0.0, 0.0, 1.0]]}, "Hobj2base": {"type": "ndarray", "data": [[0.9999922634975099, 0.0009647970877465677, -0.0038134120818645754, -0.730318069732569], [0.0009852080632364376, -0.9999851810127192, 0.0053541684724048725, 0.0902128495009249], [-0.003808189884809958, -0.00535788405419865, -0.9999783951507466, 0.004694579905122384], [0.0, 0.0, 0.0, 1.0]]}, "mean_rme": {"type": "float", "data": 0.0014945967392145096}, "max_rme": {"type": "float", "data": 0.004455290195898132}, "simu": {"type": "float", "data": 0.002}}, {"type": "dict", "image_number": {"type": "int", "data": 9}, "Hcamera2end": {"type": "ndarray", "data": [[0.9999785613661052, 0.0014231246233198896, 0.006391519731737953, -0.016724506346872902], [-0.0064038622943691035, 0.008844136653502255, 0.9999403841202579, 0.025536267175454524], [0.0013665123085624415, -0.9999598771766598, 0.008853060541409885, 0.026401482098785532], [0.0, 0.0, 0.0, 1.0]]}, "Hobj2base": {"type": "ndarray", "data": [[0.9999889546881132, 0.00021923381160643166, -0.004694937519328124, -0.7321515193567549], [0.0002457705475737637, -0.9999839950195644, 0.005652371320938212, 0.09052996817379058], [-0.004693623186035676, -0.005653462766099023, -0.9999730037656716, 0.004817527873582441], [0.0, 0.0, 0.0, 1.0]]}, "mean_rme": {"type": "float", "data": 0.0015754629814835257}, "max_rme": {"type": "float", "data": 0.004701290245104156}, "simu": {"type": "float", "data": 0.002}}, {"type": "dict", "image_number": {"type": "int", "data": 10}, "Hcamera2end": {"type": "ndarray", "data": [[0.9999789737439406, 0.0015546804314554834, 0.006295636486591115, -0.01661582433428833], [-0.006308723221735696, 0.008561310642217435, 0.9999434503867702, 0.025558102897406548], [0.0015006936152262037, -0.9999621427478361, 0.008570938678447937, 0.027026931506751794], [0.0, 0.0, 0.0, 1.0]]}, "Hobj2base": {"type": "ndarray", "data": [[0.9999880245859183, 0.00036139897922939773, -0.004880581474650077, -0.7325795481996826], [0.0003825069411411248, -0.999990575518227, 0.004324646016143705, 0.09067577827909798], [-0.004878972555043166, -0.004326461083007763, -0.9999787384546253, 0.004826273310023726], [0.0, 0.0, 0.0, 1.0]]}, "mean_rme": {"type": "float", "data": 0.001482988767306449}, "max_rme": {"type": "float", "data": 0.004966273940352872}, "simu": {"type": "float", "data": 0.002}}, {"type": "dict", "image_number": {"type": "int", "data": 11}, "Hcamera2end": {"type": "ndarray", "data": [[0.9999905335646361, 0.0011710550299835435, 0.004190633750531493, -0.014962035468877297], [-0.0042026789531278055, 0.010479918425992385, 0.9999362523678205, 0.02578092571102535], [0.0011270628781394497, -0.999944398424183, 0.010484740786849467, 0.02746669191644765], [0.0, 0.0, 0.0, 1.0]]}, "Hobj2base": {"type": "ndarray", "data": [[0.9999819083033671, 0.00016973077603557932, -0.006012841043964133, -0.7342059162351855], [0.00018629432907092143, -0.9999961897108576, 0.002754243669024537, 0.09075691196783571], [-0.006012350653385856, -0.0027553139982717193, -0.9999781297030403, 0.004772717466163998], [0.0, 0.0, 0.0, 1.0]]}, "mean_rme": {"type": "float", "data": 0.0015482077164112337}, "max_rme": {"type": "float", "data": 0.004735013915317721}, "simu": {"type": "float", "data": 0.002}}, {"type": "dict", "image_number": {"type": "int", "data": 12}, "Hcamera2end": {"type": "ndarray", "data": [[0.9999886987329509, 0.00033442107041240085, 0.004742422263695419, -0.015561626189074848], [-0.004745199854135476, 0.008861814437079008, 0.9999494743851947, 0.025625510118968697], [0.00029237770749907356, -0.9999606774305829, 0.008863301182162053, 0.028012033813472472], [0.0, 0.0, 0.0, 1.0]]}, "Hobj2base": {"type": "ndarray", "data": [[0.999986284249556, -0.0003864283357206542, -0.005223216050227409, -0.7342057705977076], [-0.0003707517205574524, -0.9999954253522565, 0.00300196897409228, 0.09057924981223947], [-0.005224352201728435, -0.002999991283497526, -0.9999818529335276, 0.004465268398222884], [0.0, 0.0, 0.0, 1.0]]}, "mean_rme": {"type": "float", "data": 0.0016333479508041874}, "max_rme": {"type": "float", "data": 0.004952243861989225}, "simu": {"type": "float", "data": 0.002}}, {"type": "dict", "image_number": {"type": "int", "data": 13}, "Hcamera2end": {"type": "ndarray", "data": [[0.9999934249191366, 0.0028226185073403007, 0.002276607840016035, -0.015051307096774812], [-0.002307740506553561, 0.01107595776541026, 0.9999359966984556, 0.025596542345093874], [0.0027972222381524095, -0.999934675858549, 0.011082398811156247, 0.028548697178425494], [0.0, 0.0, 0.0, 1.0]]}, "Hobj2base": {"type": "ndarray", "data": [[0.9999723282985077, 0.0016324720957419743, -0.007257938558448862, -0.7361150814072099], [0.0016346915484392506, -0.999998618928382, 0.0002998747570080767, 0.08993691295406496], [-0.007257438997542881, -0.00031173094978390346, -0.9999736158534442, 0.004746426288282586], [0.0, 0.0, 0.0, 1.0]]}, "mean_rme": {"type": "float", "data": 0.0018504965355856686}, "max_rme": {"type": "float", "data": 0.005480600065169483}, "simu": {"type": "float", "data": 0.002}}, {"type": "dict", "image_number": {"type": "int", "data": 14}, "Hcamera2end": {"type": "ndarray", "data": [[0.9999891663665903, 0.002712381997827699, 0.003782873689350923, -0.01568099926022607], [-0.0038118322497192815, 0.010751956714255995, 0.9999349305638414, 0.0254517648511318], [0.002671532210497056, -0.9999385173152959, 0.010762179376671455, 0.028647824496538195], [0.0, 0.0, 0.0, 1.0]]}, "Hobj2base": {"type": "ndarray", "data": [[0.9999730308979808, 0.00139131786867096, -0.00721122120685984, -0.7360738791318554], [0.001403064104589646, -0.999997696884811, 0.001624080106415981, 0.09004831441670913], [-0.007208944986914538, -0.0016341541120595045, -0.9999726799530644, 0.004632172845252085], [0.0, 0.0, 0.0, 1.0]]}, "mean_rme": {"type": "float", "data": 0.0018725883730060584}, "max_rme": {"type": "float", "data": 0.005633105315242332}, "simu": {"type": "float", "data": 0.002}}, {"type": "dict", "image_number": {"type": "int", "data": 15}, "Hcamera2end": {"type": "ndarray", "data": [[0.9999820679447511, 0.00409199498367538, 0.004372569724178303, -0.016122583108786462], [-0.0044024727660615945, 0.007327442561881559, 0.9999634627420375, 0.025359098551051614], [0.004059805719897342, -0.9999647814611052, 0.007345326062251245, 0.029147804792929485], [0.0, 0.0, 0.0, 1.0]]}, "Hobj2base": {"type": "ndarray", "data": [[0.9999877051107879, 0.00257410518443151, -0.004238349886367703, -0.7349472029378485], [0.002587049330588854, -0.9999919980091136, 0.0030514084455986732, 0.09020466652962339], [-0.004230461324830906, -0.003062335749106223, -0.9999863625553793, 0.0045095613946282585], [0.0, 0.0, 0.0, 1.0]]}, "mean_rme": {"type": "float", "data": 0.0019662433091692548}, "max_rme": {"type": "float", "data": 0.0061063865325585685}, "simu": {"type": "float", "data": 0.002}}, {"type": "dict", "image_number": {"type": "int", "data": 16}, "Hcamera2end": {"type": "ndarray", "data": [[0.9999820296774095, 0.004000751936209926, 0.004464785122887655, -0.016098542376287713], [-0.004493810830575089, 0.0072756848231571025, 0.9999634343687641, 0.025429057017579366], [0.003968121276832707, -0.9999655286030112, 0.00729353269913513, 0.029241936226842145], [0.0, 0.0, 0.0, 1.0]]}, "Hobj2base": {"type": "ndarray", "data": [[0.9999874229059578, 0.002540382904778267, -0.004324405693084715, -0.7349166542522755], [0.002554280329916011, -0.9999915817737324, 0.0032112355355859404, 0.0903070098763993], [-0.004316211521401298, -0.0032222408919750406, -0.9999854936356511, 0.0046377165422969435], [0.0, 0.0, 0.0, 1.0]]}, "mean_rme": {"type": "float", "data": 0.0019353575800316106}, "max_rme": {"type": "float", "data": 0.006076926661356119}, "simu": {"type": "float", "data": 0.002}}, {"type": "dict", "image_number": {"type": "int", "data": 17}, "Hcamera2end": {"type": "ndarray", "data": [[0.9999789424231224, 0.005028608297428014, 0.004102171245187913, -0.01613343732024776], [-0.004136335840844627, 0.006802578608722243, 0.999968307322829, 0.02540172226552178], [0.005000543585006794, -0.999964218371269, 0.006823235375630454, 0.02955296806817422], [0.0, 0.0, 0.0, 1.0]]}, "Hobj2base": {"type": "ndarray", "data": [[0.9999856907013732, 0.004038809157566895, -0.0035080497553969955, -0.7349208417660401], [0.00405077283142661, -0.9999859815899115, 0.0034099652680917828, 0.08987864179376406], [-0.003494228379165159, -0.003424126786520909, -0.999988032790285, 0.004583284567340163], [0.0, 0.0, 0.0, 1.0]]}, "mean_rme": {"type": "float", "data": 0.0019030144425208}, "max_rme": {"type": "float", "data": 0.006073309049345426}, "simu": {"type": "float", "data": 0.002}}, {"type": "dict", "image_number": {"type": "int", "data": 18}, "Hcamera2end": {"type": "ndarray", "data": [[0.999980313856535, 0.005409839584670529, 0.003178920422704579, -0.015512241367115227], [-0.0032106949421541794, 0.005874954137647159, 0.9999775879247838, 0.02540436159946814], [0.0053910423272482315, -0.9999681087662488, 0.005892207827049578, 0.02989247480760721], [0.0, 0.0, 0.0, 1.0]]}, "Hobj2base": {"type": "ndarray", "data": [[0.9999848288656862, 0.004587757900141531, -0.0030486908524987944, -0.7347140014898255], [0.004595578960415428, -0.9999861548523985, 0.002563348890268616, 0.0897412752924709], [-0.003036888618801802, -0.0025773205008968623, -0.9999920673318126, 0.00439032263771154], [0.0, 0.0, 0.0, 1.0]]}, "mean_rme": {"type": "float", "data": 0.0018897821414539681}, "max_rme": {"type": "float", "data": 0.0063468551109797135}, "simu": {"type": "float", "data": 0.002}}, {"type": "dict", "image_number": {"type": "int", "data": 19}, "Hcamera2end": {"type": "ndarray", "data": [[0.9999779254082819, 0.005970947851977932, 0.002914871849244499, -0.01552754988135885], [-0.002937688199300709, 0.0038160277932620668, 0.9999884038927275, 0.0252667508070632], [0.0059597553802356075, -0.9999748925416226, 0.003833484339049953, 0.0312885133673078], [0.0, 0.0, 0.0, 1.0]]}, "Hobj2base": {"type": "ndarray", "data": [[0.9999878579465614, 0.00471554759053849, -0.001430933390862003, -0.7349659279860323], [0.004718835688879852, -0.9999862136960154, 0.0023032602215050718, 0.08938921433085549], [-0.0014200525303913938, -0.002309984594749589, -0.9999963237042337, 0.00393597103838029], [0.0, 0.0, 0.0, 1.0]]}, "mean_rme": {"type": "float", "data": 0.0019747427729178762}, "max_rme": {"type": "float", "data": 0.006269327928284791}, "simu": {"type": "float", "data": 0.002}}, {"type": "dict", "image_number": {"type": "int", "data": 20}, "Hcamera2end": {"type": "ndarray", "data": [[0.9999761448492684, 0.005800303667664234, 0.0037504946017575614, -0.01576021089505007], [-0.0037702698375107328, 0.0034021766759418925, 0.999987105046469, 0.025250631844153684], [0.00578746902776063, -0.9999773905800213, 0.0034239642264710657, 0.031226619195396134], [0.0, 0.0, 0.0, 1.0]]}, "Hobj2base": {"type": "ndarray", "data": [[0.9999903864862962, 0.004255008223915163, -0.001059169487002998, -0.7346069258879346], [0.004257812032398794, -0.9999873999022992, 0.002659148987212847, 0.08953632162178132], [-0.0010478414405547737, -0.0026636331680337296, -0.9999959035349404, 0.00383645898196838], [0.0, 0.0, 0.0, 1.0]]}, "mean_rme": {"type": "float", "data": 0.0019475325750959753}, "max_rme": {"type": "float", "data": 0.0065116261085176215}, "simu": {"type": "float", "data": 0.002}}, {"type": "dict", "image_number": {"type": "int", "data": 21}, "Hcamera2end": {"type": "ndarray", "data": [[0.9999741759898315, 0.006007220101445176, 0.003944700256064954, -0.015758835719199456], [-0.00396817166806088, 0.003900306550496224, 0.999984520491405, 0.02540590751700909], [0.005991741572381508, -0.9999743501287747, 0.003924043509550557, 0.031183759042140158], [0.0, 0.0, 0.0, 1.0]]}, "Hobj2base": {"type": "ndarray", "data": [[0.9999889629376125, 0.004484122606977565, -0.0014023720632395946, -0.7348395431931459], [0.004487826724982641, -0.999986419885361, 0.0026494256253237042, 0.0894117594054351], [-0.00139047266952419, -0.0026556899862715624, -0.9999955069381319, 0.003918177306241309], [0.0, 0.0, 0.0, 1.0]]}, "mean_rme": {"type": "float", "data": 0.0019724604561736684}, "max_rme": {"type": "float", "data": 0.006449709253927644}, "simu": {"type": "float", "data": 0.002}}, {"type": "dict", "image_number": {"type": "int", "data": 22}, "Hcamera2end": {"type": "ndarray", "data": [[0.9999744059942175, 0.00588567313910721, 0.004067703063334379, -0.01583317003965804], [-0.004089996016379578, 0.0037805983645008423, 0.9999844893840064, 0.02522993749370326], [0.00587020349714277, -0.9999755326645277, 0.003804573983537174, 0.03122422032951273], [0.0, 0.0, 0.0, 1.0]]}, "Hobj2base": {"type": "ndarray", "data": [[0.9999889972283277, 0.004380894481412045, -0.0016772554445889428, -0.7348382406603864], [0.0043854230569767266, -0.9999867229912387, 0.002705902040832141, 0.08939528557719482], [-0.0016653789043357872, -0.0027132277431089584, -0.9999949324413193, 0.004104427451355452], [0.0, 0.0, 0.0, 1.0]]}, "mean_rme": {"type": "float", "data": 0.001909569038730876}, "max_rme": {"type": "float", "data": 0.006505851785364943}, "simu": {"type": "float", "data": 0.002}}, {"type": "dict", "image_number": {"type": "int", "data": 23}, "Hcamera2end": {"type": "ndarray", "data": [[0.9999735005938615, 0.0057347375311388605, 0.0044845173104183945, -0.015752507155187258], [-0.00451315851730477, 0.004991186177374707, 0.9999773594740735, 0.025372965855506278], [0.005712224632853147, -0.999971100005391, 0.005016935693438307, 0.030768139367589716], [0.0, 0.0, 0.0, 1.0]]}, "Hobj2base": {"type": "ndarray", "data": [[0.9999868719791172, 0.004462138818138812, -0.002518965380525301, -0.7348740259969463], [0.004468879775537509, -0.9999864317647593, 0.0026768264673156738, 0.08971047496462395], [-0.0025069868313212246, -0.00268804827932622, -0.9999932446839206, 0.004357836657750358], [0.0, 0.0, 0.0, 1.0]]}, "mean_rme": {"type": "float", "data": 0.0019815789517431833}, "max_rme": {"type": "float", "data": 0.006717306667622602}, "simu": {"type": "float", "data": 0.002}}, {"type": "dict", "image_number": {"type": "int", "data": 24}, "Hcamera2end": {"type": "ndarray", "data": [[0.9999788320285272, 0.005574998344273762, 0.003354830595393674, -0.015341849831164598], [-0.00338074213413358, 0.004644905074273953, 0.9999834975835716, 0.02726285217159613], [0.005559323473673625, -0.9999736717785682, 0.004663654382856097, 0.030914444505521478], [0.0, 0.0, 0.0, 1.0]]}, "Hobj2base": {"type": "ndarray", "data": [[0.9999891962637958, 0.004052371628303855, -0.002277200007410273, -0.7348275541130255], [0.004057421878611433, -0.999989309910553, 0.002217519405707787, 0.08986935263730302], [-0.0022681894512136015, -0.0022267350093451406, -0.9999949484711468, 0.002396226745190695], [0.0, 0.0, 0.0, 1.0]]}, "mean_rme": {"type": "float", "data": 0.0020832699590022396}, "max_rme": {"type": "float", "data": 0.007582623493096824}, "simu": {"type": "float", "data": 0.002}}, {"type": "dict", "image_number": {"type": "int", "data": 25}, "Hcamera2end": {"type": "ndarray", "data": [[0.999977052241948, 0.005599461738571484, 0.0038132686428790866, -0.015487451889482974], [-0.0038428811363842184, 0.0052872520520472754, 0.9999786383869956, 0.02741019440857541], [0.005579180412579722, -0.9999703450572804, 0.0053086487873554855, 0.030871560933821762], [0.0, 0.0, 0.0, 1.0]]}, "Hobj2base": {"type": "ndarray", "data": [[0.9999884278671575, 0.003963229529832729, -0.002727075991745518, -0.7351085045312264], [0.003970478448146125, -0.9999885854523254, 0.0026578686856172573, 0.0898373551190219], [-0.0027165111197453417, -0.0026686657248594318, -0.9999927493690066, 0.0023827816193797945], [0.0, 0.0, 0.0, 1.0]]}, "mean_rme": {"type": "float", "data": 0.0020668339322689015}, "max_rme": {"type": "float", "data": 0.007722565162849915}, "simu": {"type": "float", "data": 0.002}}, {"type": "dict", "image_number": {"type": "int", "data": 26}, "Hcamera2end": {"type": "ndarray", "data": [[0.9999756659623771, 0.005906012355828293, 0.0037130177959828134, -0.015624541290519777], [-0.003742331044157726, 0.004960005966968217, 0.9999806964632685, 0.027266659503260907], [0.005887481758478311, -0.9999702582371439, 0.004981987523382858, 0.031088857577306218], [0.0, 0.0, 0.0, 1.0]]}, "Hobj2base": {"type": "ndarray", "data": [[0.9999884410309313, 0.0040984873915666156, -0.0025140019150337155, -0.7350444322184034], [0.004105236625716886, -0.999987967762413, 0.002685398042366609, 0.08992005942330142], [-0.0025029655959474028, -0.0026956875746724186, -0.9999932341929745, 0.002681128385055979], [0.0, 0.0, 0.0, 1.0]]}, "mean_rme": {"type": "float", "data": 0.0021764115156836894}, "max_rme": {"type": "float", "data": 0.0074548374036129406}, "simu": {"type": "float", "data": 0.002}}, {"type": "dict", "image_number": {"type": "int", "data": 27}, "Hcamera2end": {"type": "ndarray", "data": [[0.9999759943855895, 0.005943967656522397, 0.0035608848689320776, -0.015619330261939584], [-0.0035932928015056345, 0.00545049331549341, 0.9999786899576713, 0.027334288010029857], [0.005924432411144679, -0.9999674801567879, 0.00547172088924508, 0.030888916998519145], [0.0, 0.0, 0.0, 1.0]]}, "Hobj2base": {"type": "ndarray", "data": [[0.9999862247849909, 0.004479437727960971, -0.0027358504898867893, -0.7350976081901928], [0.00448700628283405, -0.9999861062757598, 0.00276659177733128, 0.08978609423310499], [-0.0027234197031492766, -0.002778829445271722, -0.9999924305173686, 0.002790736450423712], [0.0, 0.0, 0.0, 1.0]]}, "mean_rme": {"type": "float", "data": 0.002154359094888616}, "max_rme": {"type": "float", "data": 0.007522394664880194}, "simu": {"type": "float", "data": 0.002}}, {"type": "dict", "image_number": {"type": "int", "data": 28}, "Hcamera2end": {"type": "ndarray", "data": [[0.9999743848971133, 0.006381794405079159, 0.003240717484015807, -0.015526556989645118], [-0.0032806482571033323, 0.0062564857900735404, 0.9999750465549487, 0.027170335896080474], [0.006361359654434755, -0.9999600637454128, 0.006277261952238544, 0.030547380897257555], [0.0, 0.0, 0.0, 1.0]]}, "Hobj2base": {"type": "ndarray", "data": [[0.9999823078616954, 0.004937466691937169, -0.0033174367007319573, -0.7351309548126979], [0.004946230024990445, -0.999984286158522, 0.00263860655865913, 0.08979937584715407], [-0.0033043565390610216, -0.002654968681082129, -0.999991016144228, 0.0029692062975047867], [0.0, 0.0, 0.0, 1.0]]}, "mean_rme": {"type": "float", "data": 0.002178199674570113}, "max_rme": {"type": "float", "data": 0.007507533321117588}, "simu": {"type": "float", "data": 0.002}}, {"type": "dict", "image_number": {"type": "int", "data": 29}, "Hcamera2end": {"type": "ndarray", "data": [[0.9999791367412979, 0.006026927316951517, 0.0023242696153518935, -0.015172905545222012], [-0.002357434813116151, 0.005501584143238647, 0.9999820873760774, 0.027102790242958797], [0.0060140321940086484, -0.9999667038051974, 0.005515677450538492, 0.030861192338781623], [0.0, 0.0, 0.0, 1.0]]}, "Hobj2base": {"type": "ndarray", "data": [[0.9999853518862502, 0.004525139743272279, -0.0029697008664680783, -0.7351527952371151], [0.004530921676242801, -0.9999878473966801, 0.001943143771765077, 0.0898673588035526], [-0.002960871779762963, -0.001956570790401913, -0.9999937025146939, 0.003057045529947901], [0.0, 0.0, 0.0, 1.0]]}, "mean_rme": {"type": "float", "data": 0.0022240741363126044}, "max_rme": {"type": "float", "data": 0.007253724018197336}, "simu": {"type": "float", "data": 0.002}}, {"type": "dict", "image_number": {"type": "int", "data": 30}, "Hcamera2end": {"type": "ndarray", "data": [[0.9999770414809269, 0.006386809476895933, 0.0022638851027188696, -0.015185639074383238], [-0.0022998440784811995, 0.005628478838063056, 0.9999815153007501, 0.028283360196665795], [0.0063739491892511255, -0.9999637637888061, 0.0056430382824801395, 0.03087000420145351], [0.0, 0.0, 0.0, 1.0]]}, "Hobj2base": {"type": "ndarray", "data": [[0.999982222510395, 0.0050228924530960695, -0.0032132871915478336, -0.7351657709395096], [0.005029993233003388, -0.999984917208562, 0.0022055664718781402, 0.08987783447407467], [-0.0032021604030208935, -0.002221690075272296, -0.9999924051021405, 0.0019489364626548175], [0.0, 0.0, 0.0, 1.0]]}, "mean_rme": {"type": "float", "data": 0.0022704485890741788}, "max_rme": {"type": "float", "data": 0.006781939901241318}, "simu": {"type": "float", "data": 0.002}}]}