{"type": "list", "data": [{"type": "dict", "image_number": {"type": "int", "data": 5}, "Hcamera2end": {"type": "ndarray", "data": [[0.9999877470713798, 0.0014620848531117054, -0.004729483585795634, -0.01758302972472785], [0.004692167061064089, 0.024551460248384394, 0.9996875558733053, 0.025071630832460366], [0.0015777437615386689, -0.9996974983001378, 0.024544299074706233, 0.03388127020495135], [0.0, 0.0, 0.0, 1.0]]}, "Hobj2base": {"type": "ndarray", "data": [[0.9997659381453367, 0.002029167661826246, -0.02153953116887608, -0.7464300277848809], [0.001930726104405621, -0.9999876016250666, -0.004590086367100491, 0.08617767543625601], [-0.02154857816851386, 0.004547425067867934, -0.9997574604393649, 0.007132884581073151], [0.0, 0.0, 0.0, 1.0]]}, "mean_rme": {"type": "float", "data": 0.0014987840664036545}, "max_rme": {"type": "float", "data": 0.003847891333808362}, "simu": {"type": "float", "data": 0.002}}, {"type": "dict", "image_number": {"type": "int", "data": 6}, "Hcamera2end": {"type": "ndarray", "data": [[0.9998793562047019, -0.0012199438151017086, 0.01548498539743705, -0.01351071681464723], [-0.015470954132281022, 0.010775377434748545, 0.9998222546129767, 0.024794521052820574], [-0.0013865835379451037, -0.9999411997603795, 0.0107552037575116, 0.03226810592543563], [0.0, 0.0, 0.0, 1.0]]}, "Hobj2base": {"type": "ndarray", "data": [[0.9999553327316797, -0.0008317313989353626, -0.009414922429622434, -0.7389841636924065], [-0.0006847377686983806, -0.9998779953451045, 0.015605305471032348, 0.1005290019020656], [-0.00942675318781077, -0.015598161671688725, -0.9998339030443009, 0.005509926795627553], [0.0, 0.0, 0.0, 1.0]]}, "mean_rme": {"type": "float", "data": 0.0020857409112197104}, "max_rme": {"type": "float", "data": 0.006140102946377735}, "simu": {"type": "float", "data": 0.002}}, {"type": "dict", "image_number": {"type": "int", "data": 7}, "Hcamera2end": {"type": "ndarray", "data": [[0.9999793053281122, -0.0016386054994607978, 0.006221244853184581, -0.01348852733287308], [-0.0062055842593356685, 0.009394973552999897, 0.9999366105888607, 0.025199684601552346], [-0.001696950060085503, -0.9999545236879304, 0.00938461062261009, 0.03205481483823202], [0.0, 0.0, 0.0, 1.0]]}, "Hobj2base": {"type": "ndarray", "data": [[0.9999665976331268, 0.00018297820083933738, -0.00817129959103217, -0.7383121183410947], [0.0002421251751396326, -0.9999737761824539, 0.007237977811782682, 0.09595157846761217], [-0.008169760916204862, -0.007239714523536989, -0.9999404189951471, 0.005307207239067453], [0.0, 0.0, 0.0, 1.0]]}, "mean_rme": {"type": "float", "data": 0.002104496358587336}, "max_rme": {"type": "float", "data": 0.006358672744775723}, "simu": {"type": "float", "data": 0.002}}, {"type": "dict", "image_number": {"type": "int", "data": 8}, "Hcamera2end": {"type": "ndarray", "data": [[0.9999906421682931, -0.002629488353998388, 0.0034353117530713483, -0.014078014583079345], [-0.0034225332767440896, 0.004848851554445477, 0.9999823872971826, 0.025278272109753676], [-0.0026460993583353317, -0.9999847870990833, 0.004839806668316293, 0.031173264367523414], [0.0, 0.0, 0.0, 1.0]]}, "Hobj2base": {"type": "ndarray", "data": [[0.9999913207401239, -0.001198159865962313, -0.00399034551866823, -0.735322751192713], [-0.0011840422157906624, -0.9999930387297256, 0.0035384369601655563, 0.09401034220886517], [-0.003994557353948494, -0.0035336815116019295, -0.9999857782021306, 0.004271591018446076], [0.0, 0.0, 0.0, 1.0]]}, "mean_rme": {"type": "float", "data": 0.0018954074053974708}, "max_rme": {"type": "float", "data": 0.007457613856365397}, "simu": {"type": "float", "data": 0.002}}, {"type": "dict", "image_number": {"type": "int", "data": 9}, "Hcamera2end": {"type": "ndarray", "data": [[0.9999931132416445, -0.0023234720109763154, 0.0028939500855690264, -0.01456246100080363], [-0.002881885515494913, 0.0051791396637865805, 0.9999824354698528, 0.023722927284506663], [-0.0023384193719553216, -0.9999838888652941, 0.005172408015969077, 0.030905889361198726], [0.0, 0.0, 0.0, 1.0]]}, "Hobj2base": {"type": "ndarray", "data": [[0.9999918218680574, -0.00021739986050947806, -0.004038432159144843, -0.7347905742239182], [-0.00020660890897245706, -0.9999964080840287, 0.002672289617511655, 0.09281512318633872], [-0.004038998608825959, -0.0026714333871122138, -0.9999882748982092, 0.005094009635336905], [0.0, 0.0, 0.0, 1.0]]}, "mean_rme": {"type": "float", "data": 0.0022013706235216525}, "max_rme": {"type": "float", "data": 0.008456000870784741}, "simu": {"type": "float", "data": 0.002}}, {"type": "dict", "image_number": {"type": "int", "data": 10}, "Hcamera2end": {"type": "ndarray", "data": [[0.999993108662709, -0.003472278522907913, 0.0013137385398030268, -0.01407758498302271], [-0.0013067749967255555, 0.0020069763713049804, 0.9999971321883643, 0.024614321144252504], [-0.0034749052072746197, -0.9999919576315124, 0.00200242505379844, 0.030972283767727517], [0.0, 0.0, 0.0, 1.0]]}, "Hobj2base": {"type": "ndarray", "data": [[0.9999982843420574, -0.0009777655104529527, -0.0015733046584746105, -0.733678771473165], [-0.0009774633041498477, -0.9999995036887495, 0.00019284123906279204, 0.09187275961582994], [-0.001573492431138357, -0.0001913030606432816, -0.999998743761565, 0.004221420786686125], [0.0, 0.0, 0.0, 1.0]]}, "mean_rme": {"type": "float", "data": 0.0024023542631168722}, "max_rme": {"type": "float", "data": 0.008345306693177845}, "simu": {"type": "float", "data": 0.002}}, {"type": "dict", "image_number": {"type": "int", "data": 11}, "Hcamera2end": {"type": "ndarray", "data": [[0.9999893358917965, -0.004369665789555874, -0.001494698488476435, -0.015118924530427976], [0.001517060768250806, 0.005118790535673878, 0.9999857481534812, 0.02444195033207561], [-0.0043619524652732024, -0.9999773517456981, 0.005125364996877435, 0.029942880171717555], [0.0, 0.0, 0.0, 1.0]]}, "Hobj2base": {"type": "ndarray", "data": [[0.9999860102115814, -0.002328122975358708, -0.0047496552016608, -0.7346463300953648], [-0.0023380350129164782, -0.9999950985637756, -0.002082412231829463, 0.08992528706557862], [-0.00474478380976765, 0.0020934879594837028, -0.9999865520769577, 0.004787073130097761], [0.0, 0.0, 0.0, 1.0]]}, "mean_rme": {"type": "float", "data": 0.0023239358103184344}, "max_rme": {"type": "float", "data": 0.008593242197247997}, "simu": {"type": "float", "data": 0.002}}, {"type": "dict", "image_number": {"type": "int", "data": 12}, "Hcamera2end": {"type": "ndarray", "data": [[0.9999907234973758, -0.004064259283387083, -0.001426434601489813, -0.01503684685544164], [0.0014475147304818666, 0.0051884966892835616, 0.9999854919963639, 0.024434527432408364], [-0.004056799267891313, -0.9999782804134209, 0.005194331633361582, 0.030302874675083795], [0.0, 0.0, 0.0, 1.0]]}, "Hobj2base": {"type": "ndarray", "data": [[0.9999852698971369, -0.002191975176862077, -0.0049654036667985705, -0.7349819173380773], [-0.0022017996545517934, -0.999995627722575, -0.0019739842992910206, 0.09013154460003442], [-0.004961055032092653, 0.0019848880463775092, -0.9999857239743031, 0.004991821011465521], [0.0, 0.0, 0.0, 1.0]]}, "mean_rme": {"type": "float", "data": 0.0022246545064899433}, "max_rme": {"type": "float", "data": 0.008562222226387528}, "simu": {"type": "float", "data": 0.002}}, {"type": "dict", "image_number": {"type": "int", "data": 13}, "Hcamera2end": {"type": "ndarray", "data": [[0.9999782534619901, -0.005193858870762127, -0.004064041478432343, -0.014429231507033655], [0.004098706038511536, 0.00668101852587466, 0.9999692818283306, 0.024232397548055763], [-0.005166547388506377, -0.999964193269683, 0.006702161337568069, 0.0296506481152082], [0.0, 0.0, 0.0, 1.0]]}, "Hobj2base": {"type": "ndarray", "data": [[0.9999756893750595, -0.003029776174201546, -0.006280216175322444, -0.7348340175131345], [-0.0030519240467480188, -0.9999891475099154, -0.003520031534643555, 0.08963736986811079], [-0.006269483111662573, 0.0035391127032413797, -0.9999740837955682, 0.005196960709424518], [0.0, 0.0, 0.0, 1.0]]}, "mean_rme": {"type": "float", "data": 0.002190434425661007}, "max_rme": {"type": "float", "data": 0.008865295530058742}, "simu": {"type": "float", "data": 0.002}}, {"type": "dict", "image_number": {"type": "int", "data": 14}, "Hcamera2end": {"type": "ndarray", "data": [[0.9999794659281808, -0.005211999470390337, -0.003728643655689535, -0.014058833351538859], [0.003759677574640339, 0.005957259610470111, 0.9999751876334074, 0.024418472354449234], [-0.005189657650096922, -0.9999686725690232, 0.00597673272120125, 0.02977688706764625], [0.0, 0.0, 0.0, 1.0]]}, "Hobj2base": {"type": "ndarray", "data": [[0.9999824181403766, -0.0032341276041566924, -0.004970294635631371, -0.7343864339511148], [-0.003251487095920198, -0.9999886288754465, -0.003488545752866601, 0.0900601421283855], [-0.0049589557156742925, 0.0035046452666155615, -0.99998156293992, 0.005000279698699789], [0.0, 0.0, 0.0, 1.0]]}, "mean_rme": {"type": "float", "data": 0.0022176144270293695}, "max_rme": {"type": "float", "data": 0.008836510437894657}, "simu": {"type": "float", "data": 0.002}}, {"type": "dict", "image_number": {"type": "int", "data": 15}, "Hcamera2end": {"type": "ndarray", "data": [[0.9999809632165061, -0.004190277434415557, -0.004529324410025726, -0.013083087975812752], [0.004549563755458769, 0.004833215800315593, 0.999977970504682, 0.024566162755106036], [-0.004168293922415144, -0.9999795405907314, 0.004852187725773782, 0.02982476368849776], [0.0, 0.0, 0.0, 1.0]]}, "Hobj2base": {"type": "ndarray", "data": [[0.9999919957920888, -0.0021281521205433087, -0.0033881145651942558, -0.7337759345096242], [-0.002141809540200832, -0.9999895758764277, -0.004032467033344913, 0.09022448589608446], [-0.003379497543801318, 0.00403969145273941, -0.9999861298484682, 0.004517806083941223], [0.0, 0.0, 0.0, 1.0]]}, "mean_rme": {"type": "float", "data": 0.0022699066976991406}, "max_rme": {"type": "float", "data": 0.008959371761482787}, "simu": {"type": "float", "data": 0.002}}, {"type": "dict", "image_number": {"type": "int", "data": 16}, "Hcamera2end": {"type": "ndarray", "data": [[0.9999822961586128, -0.004515171478889723, -0.003875641348806412, -0.013481122026114107], [0.003899232038627729, 0.005227726346053951, 0.9999787332072417, 0.023926809850311533], [-0.004494814663286601, -0.999976141767276, 0.005245239496506349, 0.029616792428480344], [0.0, 0.0, 0.0, 1.0]]}, "Hobj2base": {"type": "ndarray", "data": [[0.9999901355801274, -0.0024370878465674295, -0.003713400768376135, -0.7337901019938068], [-0.0024515986956674157, -0.9999893578791224, -0.003908169947110605, 0.0901161598713935], [-0.0037038366964358685, 0.0039172351637615545, -0.999985468325614, 0.005071544256187756], [0.0, 0.0, 0.0, 1.0]]}, "mean_rme": {"type": "float", "data": 0.002223263227198216}, "max_rme": {"type": "float", "data": 0.0089126150517016}, "simu": {"type": "float", "data": 0.002}}, {"type": "dict", "image_number": {"type": "int", "data": 17}, "Hcamera2end": {"type": "ndarray", "data": [[0.9999799624284561, -0.00593243942434575, -0.002209276818339539, -0.014201404160403455], [0.002233751311534798, 0.004122084345477672, 0.999989009327466, 0.02404917812742371], [-0.005923267397459005, -0.999973906951139, 0.004135253343262479, 0.02964485953662318], [0.0, 0.0, 0.0, 1.0]]}, "Hobj2base": {"type": "ndarray", "data": [[0.9999884314324297, -0.004024301688655428, -0.0026347670158145173, -0.7332047159246405], [-0.004032586011717776, -0.9999869187842667, -0.0031465076522483484, 0.09026100414044204], [-0.002622070053800467, 0.003157096176274072, -0.9999915787107241, 0.004683318935763272], [0.0, 0.0, 0.0, 1.0]]}, "mean_rme": {"type": "float", "data": 0.002241051266915021}, "max_rme": {"type": "float", "data": 0.008769497104418156}, "simu": {"type": "float", "data": 0.002}}, {"type": "dict", "image_number": {"type": "int", "data": 18}, "Hcamera2end": {"type": "ndarray", "data": [[0.9999821990894677, -0.005729265527886043, -0.0016664395288012225, -0.014339371756429636], [0.0016857846428498646, 0.0033733739775519966, 0.9999928892137913, 0.023984554623624775], [-0.005723603264562118, -0.9999778976880034, 0.0033829722362653802, 0.030082454047737486], [0.0, 0.0, 0.0, 1.0]]}, "Hobj2base": {"type": "ndarray", "data": [[0.9999905222068113, -0.003904994589915967, -0.0019252308437266205, -0.7332555733619096], [-0.003910384192541905, -0.999988424050122, -0.0028036870760244676, 0.09039399515470004], [-0.0019142601744871768, 0.0028111888955164974, -0.999994216395764, 0.0045709898136701045], [0.0, 0.0, 0.0, 1.0]]}, "mean_rme": {"type": "float", "data": 0.002169996847979828}, "max_rme": {"type": "float", "data": 0.008774945627159247}, "simu": {"type": "float", "data": 0.002}}, {"type": "dict", "image_number": {"type": "int", "data": 19}, "Hcamera2end": {"type": "ndarray", "data": [[0.9999885180151451, -0.0038399956070719428, -0.002866752799155327, -0.013946179391375522], [0.0028834111903651306, 0.004339639178900345, 0.9999864266437343, 0.02365007105292728], [-0.0038275028126800717, -0.9999832108418295, 0.004350661637533393, 0.02991874448059116], [0.0, 0.0, 0.0, 1.0]]}, "Hobj2base": {"type": "ndarray", "data": [[0.9999933022460408, -0.0023357466115340093, -0.002817756345961605, -0.7336132645147156], [-0.002345432980822831, -0.9999913352994565, -0.0034392252242150386, 0.09031439514610802], [-0.0028096987722828993, 0.003445811047796418, -0.999990115940669, 0.005024013396510126], [0.0, 0.0, 0.0, 1.0]]}, "mean_rme": {"type": "float", "data": 0.002176942783208533}, "max_rme": {"type": "float", "data": 0.009025764540836673}, "simu": {"type": "float", "data": 0.002}}, {"type": "dict", "image_number": {"type": "int", "data": 20}, "Hcamera2end": {"type": "ndarray", "data": [[0.9999923396577906, -0.0035254732060867235, -0.0017004894622510561, -0.01388418371513982], [0.001714637943162585, 0.004014084078074354, 0.9999904735274922, 0.024022240683295143], [-0.003518613713087793, -0.9999857289820128, 0.004020098238943448, 0.03047700401352959], [0.0, 0.0, 0.0, 1.0]]}, "Hobj2base": {"type": "ndarray", "data": [[0.9999932072533906, -0.0020425205390912993, -0.0030681520374180662, -0.734312483349844], [-0.00204968056731439, -0.9999951795053343, -0.0023323326661970306, 0.09057142643781466], [-0.003063373410032836, 0.002338605554860882, -0.9999925733061266, 0.004743526745257432], [0.0, 0.0, 0.0, 1.0]]}, "mean_rme": {"type": "float", "data": 0.002209679301037191}, "max_rme": {"type": "float", "data": 0.008446045611614411}, "simu": {"type": "float", "data": 0.002}}, {"type": "dict", "image_number": {"type": "int", "data": 21}, "Hcamera2end": {"type": "ndarray", "data": [[0.9999916981688365, -0.003794999522473211, -0.0014837695343130918, -0.013667287478534962], [0.0014986067669086644, 0.003909828852752928, 0.9999912336696262, 0.023793324338995954], [-0.003789164969317534, -0.9999851554983039, 0.003915483605978709, 0.030070931445597852], [0.0, 0.0, 0.0, 1.0]]}, "Hobj2base": {"type": "ndarray", "data": [[0.9999920206404064, -0.0023973661527848856, -0.0031955110775318926, -0.734064696887882], [-0.0024016208558291833, -0.9999962339231718, -0.001328290908719602, 0.09115634811665943], [-0.0031923146433260525, 0.00133595471585763, -0.9999940121581805, 0.004968830369190055], [0.0, 0.0, 0.0, 1.0]]}, "mean_rme": {"type": "float", "data": 0.0022181058480793057}, "max_rme": {"type": "float", "data": 0.008075428653137484}, "simu": {"type": "float", "data": 0.002}}, {"type": "dict", "image_number": {"type": "int", "data": 22}, "Hcamera2end": {"type": "ndarray", "data": [[0.9999914276275385, -0.004067962387657761, -0.0007722392441543973, -0.013974694940996292], [0.0007867798512801775, 0.0035740334807803364, 0.999993303608651, 0.02391237540625185], [-0.0040651751380758406, -0.999985338875871, 0.0035772034336765124, 0.03031240115443204], [0.0, 0.0, 0.0, 1.0]]}, "Hobj2base": {"type": "ndarray", "data": [[0.999990966868155, -0.003018435329763455, -0.0029925290729612974, -0.7340771817321262], [-0.0030211468538495533, -0.9999950295288786, -0.0009019918096272314, 0.09121583287663393], [-0.002989791594736624, 0.0009110245316101223, -0.9999951155783326, 0.0049339429499511344], [0.0, 0.0, 0.0, 1.0]]}, "mean_rme": {"type": "float", "data": 0.0021762007276147875}, "max_rme": {"type": "float", "data": 0.008010297538220218}, "simu": {"type": "float", "data": 0.002}}, {"type": "dict", "image_number": {"type": "int", "data": 23}, "Hcamera2end": {"type": "ndarray", "data": [[0.9999936141523165, -0.0035352066539596303, -0.0005234200052266467, -0.014187642898442912], [0.0005342461220339413, 0.0030621219360663643, 0.9999951689834956, 0.02614229655359541], [-0.003533586799438158, -0.9999890628017702, 0.003063991052267512, 0.03061815300010941], [0.0, 0.0, 0.0, 1.0]]}, "Hobj2base": {"type": "ndarray", "data": [[0.9999941848291961, -0.002410641503243259, -0.0024122842565443533, -0.7340801108046958], [-0.002410759085786316, -0.9999970930655886, -4.583669758076644e-05, 0.0912195196108999], [-0.0024121667483466783, 5.165186722150451e-05, -0.9999970893875956, 0.0026954075472597904], [0.0, 0.0, 0.0, 1.0]]}, "mean_rme": {"type": "float", "data": 0.002269306326053076}, "max_rme": {"type": "float", "data": 0.008242657262729353}, "simu": {"type": "float", "data": 0.002}}, {"type": "dict", "image_number": {"type": "int", "data": 24}, "Hcamera2end": {"type": "ndarray", "data": [[0.999993645833977, -0.003541626678505285, -0.0004064137554809408, -0.014254617850409762], [0.00042127932394994097, 0.004197649718309604, 0.9999911010906913, 0.026312784009159894], [-0.0035398891793044563, -0.9999849181949257, 0.004199115059839165, 0.03041418781126866], [0.0, 0.0, 0.0, 1.0]]}, "Hobj2base": {"type": "ndarray", "data": [[0.9999911443889253, -0.002718435639476202, -0.00321267044708491, -0.7343472020954945], [-0.0027184629002582686, -0.9999963049644216, -4.118644761235293e-06, 0.09107346470953519], [-0.003212647379882601, 1.2852133709275605e-05, -0.9999948393525013, 0.0025833507434769773], [0.0, 0.0, 0.0, 1.0]]}, "mean_rme": {"type": "float", "data": 0.0022658100806532033}, "max_rme": {"type": "float", "data": 0.00819167821932651}, "simu": {"type": "float", "data": 0.002}}, {"type": "dict", "image_number": {"type": "int", "data": 25}, "Hcamera2end": {"type": "ndarray", "data": [[0.9999918783017219, -0.003988139344063019, -0.0005814423157769822, -0.01440715812328522], [0.0005982964787385691, 0.00422618140223241, 0.9999908906745497, 0.025947137808761855], [-0.003985645734102385, -0.9999831169251449, 0.004228533168188386, 0.03060642034134479], [0.0, 0.0, 0.0, 1.0]]}, "Hobj2base": {"type": "ndarray", "data": [[0.9999896976504148, -0.0030163145113194546, -0.003392114355515269, -0.7346110304914678], [-0.003017131712452204, -0.999995420641957, -0.00023582057896139174, 0.09121043626369853], [-0.003391387512774723, 0.0002460526052496374, -0.9999942189577167, 0.0029461943164715843], [0.0, 0.0, 0.0, 1.0]]}, "mean_rme": {"type": "float", "data": 0.0023080425324011676}, "max_rme": {"type": "float", "data": 0.008163195749810448}, "simu": {"type": "float", "data": 0.002}}, {"type": "dict", "image_number": {"type": "int", "data": 26}, "Hcamera2end": {"type": "ndarray", "data": [[0.9999916546910218, -0.0040454064322956495, -0.0005702938802593677, -0.014228865655392973], [0.0005870232547521351, 0.004135418939756108, 0.9999912768188988, 0.026046190005397714], [-0.00404301273936906, -0.999983266358488, 0.004137759176057965, 0.03058455895250219], [0.0, 0.0, 0.0, 1.0]]}, "Hobj2base": {"type": "ndarray", "data": [[0.9999899167510711, -0.003274349335202646, -0.003073277178694855, -0.7344326875133951], [-0.003275702898634299, -0.9999945400403278, -0.000435499774804134, 0.09137152563455081], [-0.003071834420327286, 0.0004455625265140535, -0.9999951826420614, 0.0028766684979853333], [0.0, 0.0, 0.0, 1.0]]}, "mean_rme": {"type": "float", "data": 0.002301338678388219}, "max_rme": {"type": "float", "data": 0.00814333644134263}, "simu": {"type": "float", "data": 0.002}}, {"type": "dict", "image_number": {"type": "int", "data": 27}, "Hcamera2end": {"type": "ndarray", "data": [[0.9999939809465447, -0.0033704538600891677, -0.0008234752325388373, -0.013953904557579272], [0.000840345017978143, 0.005006844932535559, 0.9999871125789933, 0.02605197180764747], [-0.003366287410836184, -0.9999817856064172, 0.005009647140177931, 0.030306799700663804], [0.0, 0.0, 0.0, 1.0]]}, "Hobj2base": {"type": "ndarray", "data": [[0.9999896618706194, -0.00288640037180786, -0.0035135231289884945, -0.7345157834018972], [-0.002889061881289527, -0.9999955433985692, -0.0007526648964847241, 0.09148339761832389], [-0.0035113349783792306, 0.0007628079010786338, -0.99999354430455, 0.002991264061260398], [0.0, 0.0, 0.0, 1.0]]}, "mean_rme": {"type": "float", "data": 0.0023088328350190234}, "max_rme": {"type": "float", "data": 0.008152060788463339}, "simu": {"type": "float", "data": 0.002}}, {"type": "dict", "image_number": {"type": "int", "data": 28}, "Hcamera2end": {"type": "ndarray", "data": [[0.99999339501751, -0.0036116075459364134, -0.00040769141319484743, -0.014074612648513604], [0.0004268550469131178, 0.005306942219857502, 0.9999858269790847, 0.026117346777667076], [-0.0036093927637737703, -0.9999793961153445, 0.005308448800505516, 0.030103340045066308], [0.0, 0.0, 0.0, 1.0]]}, "Hobj2base": {"type": "ndarray", "data": [[0.9999882162972059, -0.0031522800544046535, -0.0036919367804968246, -0.7344166643425167], [-0.003155170003256045, -0.9999947204091111, -0.0007772104955917268, 0.09151392071019605], [-0.0036894673034377078, 0.0007888500253579795, -0.9999928827479996, 0.002868945249481221], [0.0, 0.0, 0.0, 1.0]]}, "mean_rme": {"type": "float", "data": 0.0022837302867968535}, "max_rme": {"type": "float", "data": 0.00810815695949929}, "simu": {"type": "float", "data": 0.002}}, {"type": "dict", "image_number": {"type": "int", "data": 29}, "Hcamera2end": {"type": "ndarray", "data": [[0.9999923825455248, -0.0038478803471924264, -0.0006547272396979684, -0.013948049905734491], [0.0006765508733295891, 0.005673036490381089, 0.9999836793347652, 0.026118632745725612], [-0.003844103255703363, -0.9999765049608977, 0.005675596563093244, 0.029872778622421575], [0.0, 0.0, 0.0, 1.0]]}, "Hobj2base": {"type": "ndarray", "data": [[0.9999860200031141, -0.003542985820462944, -0.003925181499937168, -0.7343688081859083], [-0.0035471233380191393, -0.9999931601638186, -0.0010476361986440266, 0.09161377492999469], [-0.003921442892141925, 0.00106154465559762, -0.9999917476702436, 0.0029670862824334654], [0.0, 0.0, 0.0, 1.0]]}, "mean_rme": {"type": "float", "data": 0.0022533446395006777}, "max_rme": {"type": "float", "data": 0.00801387256956071}, "simu": {"type": "float", "data": 0.002}}, {"type": "dict", "image_number": {"type": "int", "data": 30}, "Hcamera2end": {"type": "ndarray", "data": [[0.9999925500369401, -0.0035919855478756257, -0.0014133330964909573, -0.013752219973481857], [0.0014326923205789579, 0.005392714373506635, 0.9999844328910326, 0.026078711539246062], [-0.003584307929341194, -0.9999790079154209, 0.00539782040809389, 0.03010766494885885], [0.0, 0.0, 0.0, 1.0]]}, "Hobj2base": {"type": "ndarray", "data": [[0.9999874442773812, -0.0031611703855698053, -0.0038882244514545907, -0.7345608686524464], [-0.0031676427953081774, -0.9999936058829764, -0.0016595879862445636, 0.09144352417559061], [-0.0038829533492980694, 0.001671883655088338, -0.9999910636992368, 0.0030069869899828463], [0.0, 0.0, 0.0, 1.0]]}, "mean_rme": {"type": "float", "data": 0.002256858307689464}, "max_rme": {"type": "float", "data": 0.008062526621032406}, "simu": {"type": "float", "data": 0.002}}]}