{"type": "list", "data": [{"type": "dict", "image_number": {"type": "int", "data": 5}, "Hcamera2end": {"type": "ndarray", "data": [[0.9999597309461454, 0.008623740996008086, -0.0024834607599708396, -0.01209890886581643], [0.002573865617022419, -0.0104880270779244, 0.9999416865516702, 0.024826893165986852], [0.008597191512235567, -0.9999078119403042, -0.010509801085436976, 0.03489496696149656], [0.0, 0.0, 0.0, 1.0]]}, "Hobj2base": {"type": "ndarray", "data": [[0.9999031695538436, 0.012272794171975658, 0.006559728606416827, -0.7308573652074832], [0.012273129076360667, -0.9999246822566263, -1.0800901528483781e-05, 0.0919027452343801], [0.0065591019852197195, 9.130825156481909e-05, -0.9999784846905209, 0.0019958023088304743], [0.0, 0.0, 0.0, 1.0]]}, "mean_rme": {"type": "float", "data": 0.0013830485282434327}, "max_rme": {"type": "float", "data": 0.004683973660555951}, "simu": {"type": "float", "data": 0.002}}, {"type": "dict", "image_number": {"type": "int", "data": 6}, "Hcamera2end": {"type": "ndarray", "data": [[0.9999673091617239, 0.00805349779355835, 0.0007223442048913523, -0.012235419330241368], [-0.0007348727020884448, 0.001552808459588162, 0.999998524372911, 0.02545132774138797], [0.008052364247406756, -0.9999663644139121, 0.0015586759926627947, 0.03584288120475254], [0.0, 0.0, 0.0, 1.0]]}, "Hobj2base": {"type": "ndarray", "data": [[0.9999641594335654, 0.007740841407119865, -0.0034291722955692664, -0.7384105767815553], [0.007754074728157141, -0.9999624762189034, 0.0038627036216348494, 0.09449621867394638], [-0.0033991430439209228, -0.003889155238384652, -0.999986660060072, 0.0036733917456984546], [0.0, 0.0, 0.0, 1.0]]}, "mean_rme": {"type": "float", "data": 0.0012430087498452034}, "max_rme": {"type": "float", "data": 0.004819742257978543}, "simu": {"type": "float", "data": 0.002}}, {"type": "dict", "image_number": {"type": "int", "data": 7}, "Hcamera2end": {"type": "ndarray", "data": [[0.9999682140753848, 0.007796940328115175, -0.0016669014383274053, -0.012749632389252879], [0.0016693681462833102, -0.000309871324671418, 0.9999985585938385, 0.025170642707955118], [0.007796412564600553, -0.9999695553872039, -0.0003228774389472111, 0.03623690359090893], [0.0, 0.0, 0.0, 1.0]]}, "Hobj2base": {"type": "ndarray", "data": [[0.9999678746310797, 0.007836763484041522, -0.0016836994673551562, -0.7372597663456616], [0.00783837005054884, -0.9999688285095694, 0.0009497179316514136, 0.0928543487345791], [-0.0016762042691264166, -0.0009628848810915308, -0.9999981315942312, 0.0036306589430041597], [0.0, 0.0, 0.0, 1.0]]}, "mean_rme": {"type": "float", "data": 0.0013121529684684062}, "max_rme": {"type": "float", "data": 0.00448576137418677}, "simu": {"type": "float", "data": 0.002}}, {"type": "dict", "image_number": {"type": "int", "data": 8}, "Hcamera2end": {"type": "ndarray", "data": [[0.9999536846651417, 0.007984687595344722, -0.00537338707066812, -0.011946867572113351], [0.005350333772128009, 0.002905749984168926, 0.9999814651010069, 0.024836356326740475], [0.008000153319362177, -0.9999639000389134, 0.0028628946596841454, 0.033590035743719444], [0.0, 0.0, 0.0, 1.0]]}, "Hobj2base": {"type": "ndarray", "data": [[0.9999655216212066, 0.007022645347091529, -0.004431480695792957, -0.7369322556243832], [0.00700944175899459, -0.9999709692850673, -0.00298802833158255, 0.09117851130357238], [-0.004452335909999913, 0.0029568631033666188, -0.9999857167307604, 0.004318348229883771], [0.0, 0.0, 0.0, 1.0]]}, "mean_rme": {"type": "float", "data": 0.0016602793532278814}, "max_rme": {"type": "float", "data": 0.005253033727021489}, "simu": {"type": "float", "data": 0.002}}, {"type": "dict", "image_number": {"type": "int", "data": 9}, "Hcamera2end": {"type": "ndarray", "data": [[0.9999617856500568, 0.008082433610815856, -0.003331892326693055, -0.012499324851153957], [0.003303428843931822, 0.0035324451103260213, 0.9999883045263157, 0.025123231232194804], [0.008094108809683816, -0.9999610972925242, 0.0035056103759133483, 0.033262659806887945], [0.0, 0.0, 0.0, 1.0]]}, "Hobj2base": {"type": "ndarray", "data": [[0.9999711597766691, 0.00603179331084154, -0.004614876418571307, -0.7370443170395371], [0.006025331103955805, -0.9999808493331979, -0.0014129231912386583, 0.09196785784713797], [-0.004623310501264328, 0.0013850762837925438, -0.9999883532140248, 0.00452640931855228], [0.0, 0.0, 0.0, 1.0]]}, "mean_rme": {"type": "float", "data": 0.0016975347291305557}, "max_rme": {"type": "float", "data": 0.005733408213083407}, "simu": {"type": "float", "data": 0.002}}, {"type": "dict", "image_number": {"type": "int", "data": 10}, "Hcamera2end": {"type": "ndarray", "data": [[0.999957565342417, 0.008030547881354533, -0.004514179348571124, -0.012791024647842111], [0.004484060192703509, 0.003764632731989792, 0.9999828602254046, 0.02516984318957518], [0.008047404466907673, -0.9999606681470619, 0.0037284635210085293, 0.03333838834345679], [0.0, 0.0, 0.0, 1.0]]}, "Hobj2base": {"type": "ndarray", "data": [[0.999966560956829, 0.006293593784273824, -0.00522184310860391, -0.7374869107270126], [0.006282323590777439, -0.9999779074255473, -0.002171881931536591, 0.09110295751224577], [-0.005235396687270748, 0.0021390039977343994, -0.9999840075138324, 0.004750841644794684], [0.0, 0.0, 0.0, 1.0]]}, "mean_rme": {"type": "float", "data": 0.0016510887630244082}, "max_rme": {"type": "float", "data": 0.005632637683498226}, "simu": {"type": "float", "data": 0.002}}, {"type": "dict", "image_number": {"type": "int", "data": 11}, "Hcamera2end": {"type": "ndarray", "data": [[0.9999634294558397, 0.008023009719092212, -0.002961598548629822, -0.01311066743445814], [0.0029254691651495243, 0.004511219767874386, 0.9999855451587135, 0.025494667432938378], [0.008036254169677171, -0.9999576392084083, 0.004487583722567745, 0.032366535080923575], [0.0, 0.0, 0.0, 1.0]]}, "Hobj2base": {"type": "ndarray", "data": [[0.9999653258981935, 0.005633780762634573, -0.006132496688801605, -0.7373195098155417], [0.005631296665404134, -0.9999840549687822, -0.0004222630203633397, 0.09188836627806696], [-0.006134777843231351, 0.0003877144706181321, -0.9999811069106777, 0.00455720519128967], [0.0, 0.0, 0.0, 1.0]]}, "mean_rme": {"type": "float", "data": 0.0017190774964849949}, "max_rme": {"type": "float", "data": 0.005853027473540079}, "simu": {"type": "float", "data": 0.002}}, {"type": "dict", "image_number": {"type": "int", "data": 12}, "Hcamera2end": {"type": "ndarray", "data": [[0.9999622372280478, 0.008179923983411804, -0.002934784745619061, -0.01320811052125348], [0.0028846502132030822, 0.006134047304533707, 0.999977025864501, 0.025371995410664615], [0.00819773816518809, -0.999947729787558, 0.006110219446441412, 0.03172810534661485], [0.0, 0.0, 0.0, 1.0]]}, "Hobj2base": {"type": "ndarray", "data": [[0.9999587460216137, 0.005341651256828272, -0.007346633020119983, -0.7372625570040904], [0.005336625707457822, -0.9999855126554353, -0.0007034950644169025, 0.09189354922389899], [-0.0073502844122110425, 0.0006642598118082894, -0.999972765668127, 0.00484552590480299], [0.0, 0.0, 0.0, 1.0]]}, "mean_rme": {"type": "float", "data": 0.0016909293039078816}, "max_rme": {"type": "float", "data": 0.005779766694687577}, "simu": {"type": "float", "data": 0.002}}, {"type": "dict", "image_number": {"type": "int", "data": 13}, "Hcamera2end": {"type": "ndarray", "data": [[0.9999769332887977, 0.006441457533707491, -0.0021541855010423134, -0.013320477255348483], [0.002110842586911337, 0.006727988004303187, 0.9999751389514577, 0.025321215729444173], [0.006455790726529119, -0.9999566199602137, 0.006714235908862998, 0.03128698135018413], [0.0, 0.0, 0.0, 1.0]]}, "Hobj2base": {"type": "ndarray", "data": [[0.9999661086867412, 0.0034286827958260593, -0.00748502586382813, -0.737377384556972], [0.003424993622910575, -0.9999940068572757, -0.0005056364441179583, 0.09220293189825729], [-0.0074867146719767245, 0.0004799831415839036, -0.9999718589638431, 0.004860574606128227], [0.0, 0.0, 0.0, 1.0]]}, "mean_rme": {"type": "float", "data": 0.0018514787945575616}, "max_rme": {"type": "float", "data": 0.006048176186996268}, "simu": {"type": "float", "data": 0.002}}, {"type": "dict", "image_number": {"type": "int", "data": 14}, "Hcamera2end": {"type": "ndarray", "data": [[0.9999815964707621, 0.00531023455930045, -0.002933961266105593, -0.012848662162199433], [0.0028952764588454968, 0.007278037511997404, 0.9999693233015705, 0.02505403995364413], [0.005331425138989749, -0.999959414965877, 0.007262528973310811, 0.031206448958085078], [0.0, 0.0, 0.0, 1.0]]}, "Hobj2base": {"type": "ndarray", "data": [[0.999971396406898, 0.002501175556356546, -0.007137961114676127, -0.7371408310410053], [0.002492437619612303, -0.9999961339924479, -0.0012327833832079028, 0.09222168895002883], [-0.007141016926928915, 0.0012149571983640782, -0.9999737645339777, 0.004898675695667709], [0.0, 0.0, 0.0, 1.0]]}, "mean_rme": {"type": "float", "data": 0.0018983762703052992}, "max_rme": {"type": "float", "data": 0.006263227704155244}, "simu": {"type": "float", "data": 0.002}}, {"type": "dict", "image_number": {"type": "int", "data": 15}, "Hcamera2end": {"type": "ndarray", "data": [[0.9999886490812332, 0.004338230207869068, -0.0019701439931658514, -0.012880899835233005], [0.0019357659997663872, 0.007914418824029879, 0.9999668068414431, 0.025007331390192976], [0.004353678753011484, -0.9999592700372057, 0.00790593118956917, 0.031037199863851925], [0.0, 0.0, 0.0, 1.0]]}, "Hobj2base": {"type": "ndarray", "data": [[0.9999712053634365, 0.0016407982811955085, -0.0074091986743696206, -0.7373921790140503], [0.0016394466658945805, -0.9999986383414226, -0.00018849384746763017, 0.09272002865742349], [-0.0074094978659516334, 0.00017634143379215205, -0.9999725337453391, 0.004847688203205565], [0.0, 0.0, 0.0, 1.0]]}, "mean_rme": {"type": "float", "data": 0.0019229503707372134}, "max_rme": {"type": "float", "data": 0.005985187203890074}, "simu": {"type": "float", "data": 0.002}}, {"type": "dict", "image_number": {"type": "int", "data": 16}, "Hcamera2end": {"type": "ndarray", "data": [[0.9999883861228568, 0.004571703036304665, -0.001525500164610842, -0.013108875424682852], [0.0014893747253720514, 0.00789497936900696, 0.9999677250110076, 0.027237780230347713], [0.004583599276966511, -0.9999583835500908, 0.007888078698732315, 0.031027712567455377], [0.0, 0.0, 0.0, 1.0]]}, "Hobj2base": {"type": "ndarray", "data": [[0.9999737703238628, 0.0019043755584391186, -0.006987990985315545, -0.7374555255793274], [0.0019033230988172323, -0.9999981763140526, -0.0001572569554995001, 0.09146331271580374], [-0.006988277717717034, 0.00014395242604380937, -0.9999755713277394, 0.0030398555326935153], [0.0, 0.0, 0.0, 1.0]]}, "mean_rme": {"type": "float", "data": 0.001963915079521567}, "max_rme": {"type": "float", "data": 0.005969785738234867}, "simu": {"type": "float", "data": 0.002}}, {"type": "dict", "image_number": {"type": "int", "data": 17}, "Hcamera2end": {"type": "ndarray", "data": [[0.9999849155636817, 0.0048946742731321696, -0.0024921494449828907, -0.012585215671055888], [0.002457419345433921, 0.007088730546327193, 0.9999718550986334, 0.02702295829296532], [0.0049122026889041924, -0.999962895343123, 0.007076595349574277, 0.03140627492824755], [0.0, 0.0, 0.0, 1.0]]}, "Hobj2base": {"type": "ndarray", "data": [[0.9999754893651229, 0.0025434027274092532, -0.00652317189326304, -0.7373965820606491], [0.0025348397111451134, -0.9999959152413058, -0.0013206393682905152, 0.09121000471655878], [-0.006526504165451172, 0.001304071803423486, -0.9999778518247837, 0.0029670792724484463], [0.0, 0.0, 0.0, 1.0]]}, "mean_rme": {"type": "float", "data": 0.0019392026620016994}, "max_rme": {"type": "float", "data": 0.006077071094491654}, "simu": {"type": "float", "data": 0.002}}, {"type": "dict", "image_number": {"type": "int", "data": 18}, "Hcamera2end": {"type": "ndarray", "data": [[0.9999849911259624, 0.004902169020003892, -0.00244668381860979, -0.0127811681503413], [0.002412750876622391, 0.0069160239030574555, 0.9999731732634529, 0.02700273904290805], [0.0049189588345798126, -0.9999640680305826, 0.00690409238872558, 0.03160661870851729], [0.0, 0.0, 0.0, 1.0]]}, "Hobj2base": {"type": "ndarray", "data": [[0.9999739369088726, 0.003121663873887088, -0.006510047436742652, -0.7376186924072612], [0.003111915081495959, -0.999994022311764, -0.0015070916578407382, 0.09097350063943789], [-0.0065147131552915905, 0.001486793663573869, -0.999977673729322, 0.002840781309181923], [0.0, 0.0, 0.0, 1.0]]}, "mean_rme": {"type": "float", "data": 0.0019261246793309888}, "max_rme": {"type": "float", "data": 0.006070062216245092}, "simu": {"type": "float", "data": 0.002}}, {"type": "dict", "image_number": {"type": "int", "data": 19}, "Hcamera2end": {"type": "ndarray", "data": [[0.9999847311580876, 0.004924205817078558, -0.0025079170158513677, -0.01271399347640484], [0.0024752833975687097, 0.0066221317722117146, 0.999975009859193, 0.028598607316331997], [0.004940690517434565, -0.9999659492042029, 0.006609841855023335, 0.03173960992162767], [0.0, 0.0, 0.0, 1.0]]}, "Hobj2base": {"type": "ndarray", "data": [[0.9999765673152792, 0.0035279164412484266, -0.00586673895230183, -0.7376490794962981], [0.0035185653330601085, -0.9999925242510375, -0.001603477481995504, 0.09014812287380981], [-0.005872352028606097, 0.001582797403917529, -0.9999815049459817, 0.0013209343704342726], [0.0, 0.0, 0.0, 1.0]]}, "mean_rme": {"type": "float", "data": 0.0018954613255561662}, "max_rme": {"type": "float", "data": 0.006082032812130739}, "simu": {"type": "float", "data": 0.002}}, {"type": "dict", "image_number": {"type": "int", "data": 20}, "Hcamera2end": {"type": "ndarray", "data": [[0.9999866343127986, 0.004261236313120325, -0.0029279789693770065, -0.012594948324082353], [0.002898793661305545, 0.006839158988210969, 0.999972411069247, 0.027603673119587484], [0.004281143663852468, -0.9999675333576674, 0.006826715133337435, 0.03167559111895232], [0.0, 0.0, 0.0, 1.0]]}, "Hobj2base": {"type": "ndarray", "data": [[0.9999777985522219, 0.002925740224475396, -0.0059868561692029455, -0.7375225993153763], [0.0029157506474596128, -0.9999943436336325, -0.001676633204343062, 0.09077796007297412], [-0.005991727698558703, 0.0016591398009069317, -0.9999806730403877, 0.002130791699395995], [0.0, 0.0, 0.0, 1.0]]}, "mean_rme": {"type": "float", "data": 0.0019184359252829618}, "max_rme": {"type": "float", "data": 0.006106541862178405}, "simu": {"type": "float", "data": 0.002}}, {"type": "dict", "image_number": {"type": "int", "data": 21}, "Hcamera2end": {"type": "ndarray", "data": [[0.9999736456867441, 0.004872214188173228, -0.005382328572887512, -0.011748007803353366], [0.005360109961774562, 0.004561898507559503, 0.9999752288447972, 0.02783057162354585], [0.004896647134483241, -0.9999777250573691, 0.004535662678051278, 0.031756831226940285], [0.0, 0.0, 0.0, 1.0]]}, "Hobj2base": {"type": "ndarray", "data": [[0.9999840057883295, 0.0038048912106026624, -0.004184611141054277, -0.7364868184555905], [0.0037904707832215195, -0.9999868696227241, -0.003448610355813524, 0.09020258715947257], [-0.0041976777827628705, 0.003432693551740214, -0.9999852979500308, 0.0013428125851591831], [0.0, 0.0, 0.0, 1.0]]}, "mean_rme": {"type": "float", "data": 0.0019871121915771696}, "max_rme": {"type": "float", "data": 0.006088620199553446}, "simu": {"type": "float", "data": 0.002}}, {"type": "dict", "image_number": {"type": "int", "data": 22}, "Hcamera2end": {"type": "ndarray", "data": [[0.9999769354160062, 0.004776846904144541, -0.004828081364987051, -0.011935768877280647], [0.004806637897130217, 0.004490384804375469, 0.9999783661042044, 0.028031929707890132], [0.004798423505532012, -0.9999785088580467, 0.004467320662159824, 0.03149564641682914], [0.0, 0.0, 0.0, 1.0]]}, "Hobj2base": {"type": "ndarray", "data": [[0.9999849984418766, 0.003465349273494363, -0.004241962471855128, -0.7362362540601107], [0.00345312218832935, -0.9999898724118399, -0.0028863507938109555, 0.09044972595932753], [-0.0042519217246326044, 0.002871659479318134, -0.9999868372801126, 0.0011944426800797223], [0.0, 0.0, 0.0, 1.0]]}, "mean_rme": {"type": "float", "data": 0.0019831524859656724}, "max_rme": {"type": "float", "data": 0.005964374433770792}, "simu": {"type": "float", "data": 0.002}}, {"type": "dict", "image_number": {"type": "int", "data": 23}, "Hcamera2end": {"type": "ndarray", "data": [[0.9999729308722781, 0.004812452515327447, -0.005565772497482002, -0.01150029168758122], [0.0055453172461191955, 0.0042534309070665355, 0.9999755785928768, 0.028003255156239585], [0.004836008617227801, -0.9999793741004395, 0.0042266291944726975, 0.0318039843890609], [0.0, 0.0, 0.0, 1.0]]}, "Hobj2base": {"type": "ndarray", "data": [[0.9999844625521445, 0.003440541365081341, -0.00438603800871672, -0.7364223090721711], [0.0034245903306076844, -0.9999875144418289, -0.0036391127382544683, 0.09044255840257723], [-0.004398503764492178, 0.003624035812375728, -0.999983759632658, 0.0012788219049995706], [0.0, 0.0, 0.0, 1.0]]}, "mean_rme": {"type": "float", "data": 0.0019634984323472996}, "max_rme": {"type": "float", "data": 0.0059395127961307526}, "simu": {"type": "float", "data": 0.002}}, {"type": "dict", "image_number": {"type": "int", "data": 24}, "Hcamera2end": {"type": "ndarray", "data": [[0.9999751630371355, 0.004279412629653097, -0.005599994321379329, -0.01137322017726453], [0.005586623120559235, 0.003130133270951241, 0.9999794957436952, 0.02793619351386828], [0.004296853612022192, -0.9999859443478449, 0.003106148062408165, 0.032436203520050444], [0.0, 0.0, 0.0, 1.0]]}, "Hobj2base": {"type": "ndarray", "data": [[0.9999901248789732, 0.0031415313494307655, -0.00314339391679911, -0.7362753097347038], [0.0031298998989618665, -0.9999882627629781, -0.003698386527063331, 0.0905932913573493], [-0.003154975619256737, 0.003688511496746185, -0.9999882204365111, 0.0010185249455180387], [0.0, 0.0, 0.0, 1.0]]}, "mean_rme": {"type": "float", "data": 0.0019447594739879404}, "max_rme": {"type": "float", "data": 0.005960568558003254}, "simu": {"type": "float", "data": 0.002}}, {"type": "dict", "image_number": {"type": "int", "data": 25}, "Hcamera2end": {"type": "ndarray", "data": [[0.9999732466920028, 0.004895150744975571, -0.005435384019444574, -0.011542507647648581], [0.00542005589520425, 0.0031391289612074935, 0.9999803842393399, 0.028096833295184472], [0.004912117094260884, -0.9999830915413265, 0.003112512988470373, 0.03229025098524417], [0.0, 0.0, 0.0, 1.0]]}, "Hobj2base": {"type": "ndarray", "data": [[0.9999854441738931, 0.0038475460033043037, -0.0037825692451171865, -0.7365498259434176], [0.003834236321186297, -0.9999864552016751, -0.003519665470149745, 0.09046835970760213], [-0.003796060085792254, 0.0035051109741241764, -0.9999866519733573, 0.0010815340448013223], [0.0, 0.0, 0.0, 1.0]]}, "mean_rme": {"type": "float", "data": 0.0020398901204173384}, "max_rme": {"type": "float", "data": 0.007851658335480571}, "simu": {"type": "float", "data": 0.002}}, {"type": "dict", "image_number": {"type": "int", "data": 26}, "Hcamera2end": {"type": "ndarray", "data": [[0.9999726232667238, 0.004534479221724378, -0.005847325478765064, -0.011411146030601506], [0.005835259147741901, 0.002669698170977952, 0.9999794110192242, 0.02828880783712415], [0.004549996455554625, -0.9999861555090968, 0.002643165222004362, 0.03249671904017089], [0.0, 0.0, 0.0, 1.0]]}, "Hobj2base": {"type": "ndarray", "data": [[0.9999870684342411, 0.0036490786282927065, -0.003542201216332902, -0.7366061492172185], [0.003635451555610072, -0.9999859961398787, -0.0038459090110387023, 0.09047130709286652], [-0.003556185636221087, 0.0038329817764912216, -0.9999863308037875, 0.0008626647299110676], [0.0, 0.0, 0.0, 1.0]]}, "mean_rme": {"type": "float", "data": 0.002054413820375694}, "max_rme": {"type": "float", "data": 0.0077572815893748315}, "simu": {"type": "float", "data": 0.002}}, {"type": "dict", "image_number": {"type": "int", "data": 27}, "Hcamera2end": {"type": "ndarray", "data": [[0.999972973678006, 0.004520460796120975, -0.005798046891553222, -0.011404283483020809], [0.005785887467328806, 0.0026983173045713738, 0.9999796210873193, 0.028275872503304027], [0.004536013644305329, -0.9999861421629372, 0.0026720895015122093, 0.032472396892547946], [0.0, 0.0, 0.0, 1.0]]}, "Hobj2base": {"type": "ndarray", "data": [[0.9999870118814924, 0.003605685343391096, -0.0036020968238592646, -0.7365769392209512], [0.003591760530652529, -0.9999860813068668, -0.00386477021659975, 0.09050339405355318], [-0.003615981832704505, 0.0038517821513066454, -0.9999860441274391, 0.0008669660662036576], [0.0, 0.0, 0.0, 1.0]]}, "mean_rme": {"type": "float", "data": 0.0019857244840436185}, "max_rme": {"type": "float", "data": 0.0077757357875077315}, "simu": {"type": "float", "data": 0.002}}, {"type": "dict", "image_number": {"type": "int", "data": 28}, "Hcamera2end": {"type": "ndarray", "data": [[0.9999718426649608, 0.00390597891352352, -0.006407589716111701, -0.010896546088290241], [0.0063994241443248966, 0.002099457215205769, 0.9999773195678103, 0.028927144294466165], [0.003919342784695207, -0.9999901677557279, 0.0020744020843191935, 0.032827698929735555], [0.0, 0.0, 0.0, 1.0]]}, "Hobj2base": {"type": "ndarray", "data": [[0.9999904223518488, 0.003360216499184891, -0.0028043091216437516, -0.736451381973944], [0.0033472477614017375, -0.9999837416793806, -0.004616525677349287, 0.09026725129540247], [-0.0028197760540368756, 0.004607094744460967, -0.9999854116641007, -6.729993448899494e-05], [0.0, 0.0, 0.0, 1.0]]}, "mean_rme": {"type": "float", "data": 0.0020344925045170477}, "max_rme": {"type": "float", "data": 0.007934674910604594}, "simu": {"type": "float", "data": 0.002}}, {"type": "dict", "image_number": {"type": "int", "data": 29}, "Hcamera2end": {"type": "ndarray", "data": [[0.9999777165116217, 0.0032536558709052982, -0.00582925412694732, -0.011125183949772325], [0.005822279222113468, 0.0021490841623393875, 0.9999807410655083, 0.029495313549967414], [0.003266120766682496, -0.9999923975514698, 0.002130092580274412, 0.032829895021945776], [0.0, 0.0, 0.0, 1.0]]}, "Hobj2base": {"type": "ndarray", "data": [[0.9999932929738182, 0.0026706029948540063, -0.0025063692910762886, -0.7363428148241647], [0.0026599512357345866, -0.9999874580515764, -0.004243630399896221, 0.09014468080713502], [-0.0025176709083769245, 0.004236935117663018, -0.9999878547832499, -0.0005586257760779322], [0.0, 0.0, 0.0, 1.0]]}, "mean_rme": {"type": "float", "data": 0.002032189212226486}, "max_rme": {"type": "float", "data": 0.00803846631845545}, "simu": {"type": "float", "data": 0.002}}, {"type": "dict", "image_number": {"type": "int", "data": 30}, "Hcamera2end": {"type": "ndarray", "data": [[0.9999863284198393, 0.002913320240677447, -0.004342296464388476, -0.011965866096464895], [0.004340068981355902, 0.0007704725911156229, 0.9999902850394214, 0.0294224546071148], [0.0029166375582944663, -0.9999954594582726, 0.0007578180467284756, 0.033577933189500905], [0.0, 0.0, 0.0, 1.0]]}, "Hobj2base": {"type": "ndarray", "data": [[0.9999955373254868, 0.002748680158681483, -0.0011705069398406651, -0.736403212548667], [0.0027451926174594213, -0.9999918191911465, -0.00297076897014039, 0.09008068561699858], [-0.0011786630578713806, 0.0029675424455554863, -0.9999949022096211, -0.000748817360006491], [0.0, 0.0, 0.0, 1.0]]}, "mean_rme": {"type": "float", "data": 0.002058529306944968}, "max_rme": {"type": "float", "data": 0.008047946912266235}, "simu": {"type": "float", "data": 0.002}}]}