{"type": "list", "data": [{"type": "dict", "image_number": {"type": "int", "data": 5}, "Hcamera2end": {"type": "ndarray", "data": [[0.9998181163648212, -0.0037708999803906414, 0.018695306952246103, -0.01640175179728921], [-0.018646287086410432, 0.012640759123538903, 0.9997462313940831, 0.02779902244726446], [-0.004006265916283531, -0.999912991975861, 0.01256814669270967, 0.03291786021947504], [0.0, 0.0, 0.0, 1.0]]}, "Hobj2base": {"type": "ndarray", "data": [[0.9999396515246689, -0.007974037297279624, -0.007556986033161334, -0.7416115719087033], [-0.007823281606647386, -0.9997738855382956, 0.019773064015534345, 0.10093292071953255], [-0.007712948439273706, -0.019712750311433457, -0.9997759338479459, 0.0015552415600648128], [0.0, 0.0, 0.0, 1.0]]}, "mean_rme": {"type": "float", "data": 0.0010339855832542434}, "max_rme": {"type": "float", "data": 0.003483383318932387}, "simu": {"type": "float", "data": 0.002}}, {"type": "dict", "image_number": {"type": "int", "data": 6}, "Hcamera2end": {"type": "ndarray", "data": [[0.9998033608245254, -0.0034471189177428425, 0.01952836539884413, -0.01713086376384271], [-0.01953668615339456, -0.0023968865133232597, 0.9998062676484809, 0.027733216826899342], [-0.0033996438236372026, -0.9999911861142623, -0.0024637604719650597, 0.0315936043302899], [0.0, 0.0, 0.0, 1.0]]}, "Hobj2base": {"type": "ndarray", "data": [[0.9999821002483156, -0.001464793194349425, 0.005801169180917405, -0.7319089060247553], [-0.001582874129312149, -0.9997905908479499, 0.020402670447701225, 0.09984413063489844], [0.005770068670179985, -0.020411487765582745, -0.9997750134278893, -0.0007603491276212774], [0.0, 0.0, 0.0, 1.0]]}, "mean_rme": {"type": "float", "data": 0.001312868047901539}, "max_rme": {"type": "float", "data": 0.0034835905896807295}, "simu": {"type": "float", "data": 0.002}}, {"type": "dict", "image_number": {"type": "int", "data": 7}, "Hcamera2end": {"type": "ndarray", "data": [[0.9999548838045426, -0.003810805598361111, 0.008701041094913695, -0.016927142863991215], [-0.00870421952761292, -0.0008182682224138205, 0.9999617827694871, 0.027829000763079717], [-0.0038035401744952327, -0.9999924040700545, -0.000851401393769935, 0.0313106900362566], [0.0, 0.0, 0.0, 1.0]]}, "Hobj2base": {"type": "ndarray", "data": [[0.9999867349789795, -0.0042994987024730065, 0.0028362258350763067, -0.7331721765735477], [-0.004329169013635773, -0.9999350881048479, 0.0105393487655679, 0.09467776059565829], [0.002790727813939802, -0.010551487461885866, -0.999940437201442, 0.0010124531981942234], [0.0, 0.0, 0.0, 1.0]]}, "mean_rme": {"type": "float", "data": 0.0015642366690738559}, "max_rme": {"type": "float", "data": 0.0047760157129090874}, "simu": {"type": "float", "data": 0.002}}, {"type": "dict", "image_number": {"type": "int", "data": 8}, "Hcamera2end": {"type": "ndarray", "data": [[0.9999454269218173, -0.004235288407329739, 0.009550157603476581, -0.017077960485297014], [-0.009549568604870447, 0.0001592706448965142, 0.9999543891459862, 0.0263293330264089], [-0.004236616291968854, -0.99999101844215, 0.00011881677579994587, 0.031378838862964185], [0.0, 0.0, 0.0, 1.0]]}, "Hobj2base": {"type": "ndarray", "data": [[0.9999852589818652, -0.0049982399575025345, 0.002121182759532835, -0.7330103266636337], [-0.005023712196009312, -0.9999132247248981, 0.01217806782816697, 0.09612080832565656], [0.002060129788091415, -0.012188544522747296, -0.9999235947049521, 0.0023132869031575187], [0.0, 0.0, 0.0, 1.0]]}, "mean_rme": {"type": "float", "data": 0.0018033683295014293}, "max_rme": {"type": "float", "data": 0.0044123096485492175}, "simu": {"type": "float", "data": 0.002}}, {"type": "dict", "image_number": {"type": "int", "data": 9}, "Hcamera2end": {"type": "ndarray", "data": [[0.9999520513091645, -0.004280330443523784, 0.008807602050973695, -0.016577034561017816], [-0.008810332777995094, -0.0006195343550623456, 0.9999609963461195, 0.027119213484274863], [-0.004274706882940373, -0.9999906474305033, -0.0006572157848083737, 0.03167546675026734], [0.0, 0.0, 0.0, 1.0]]}, "Hobj2base": {"type": "ndarray", "data": [[0.9999853822414079, -0.0046519438817915005, 0.002755852250393811, -0.7327506679854482], [-0.004684649125776894, -0.999917234382103, 0.01198242246857232, 0.09547460990383455], [0.0026998826036877576, -0.011995157513248905, -0.9999244105581977, 0.0014379830745826988], [0.0, 0.0, 0.0, 1.0]]}, "mean_rme": {"type": "float", "data": 0.0017607878199274848}, "max_rme": {"type": "float", "data": 0.004332526441831325}, "simu": {"type": "float", "data": 0.002}}, {"type": "dict", "image_number": {"type": "int", "data": 10}, "Hcamera2end": {"type": "ndarray", "data": [[0.9999710924170985, -0.0044676103366803645, 0.006152624483444405, -0.01610025555387777], [-0.006160223990279818, -0.0016892588913699491, 0.9999795988142895, 0.02829503708048347], [-0.0044571258165182846, -0.9999885933660831, -0.0017167315393538107, 0.03190263949880209], [0.0, 0.0, 0.0, 1.0]]}, "Hobj2base": {"type": "ndarray", "data": [[0.9999819085521334, -0.00498973031749001, 0.003359339189699186, -0.7325671726886078], [-0.005017611464183182, -0.9999526081467076, 0.00834296325005464, 0.093648278714384], [0.003317550847722645, -0.008359668172600263, -0.9999595540842725, 0.00043547458924325655], [0.0, 0.0, 0.0, 1.0]]}, "mean_rme": {"type": "float", "data": 0.0019092636996142982}, "max_rme": {"type": "float", "data": 0.004722249029749048}, "simu": {"type": "float", "data": 0.002}}, {"type": "dict", "image_number": {"type": "int", "data": 11}, "Hcamera2end": {"type": "ndarray", "data": [[0.9999583555032381, -0.0048456296098179745, 0.007733507156798899, -0.01583130206478799], [-0.007705323132762648, 0.005808300498525654, 0.999953444736673, 0.029104879554928863], [-0.004890322553729691, -0.9999713913502742, 0.005770721472849072, 0.032576506113180935], [0.0, 0.0, 0.0, 1.0]]}, "Hobj2base": {"type": "ndarray", "data": [[0.9999633705761782, -0.007947720917425027, -0.0031766709221258942, -0.7372021163506826], [-0.007917116031182884, -0.9999232134322795, 0.009533441824052715, 0.0954053411976933], [-0.0032521961314690854, -0.009507942547288307, -0.9999495098497924, 0.0009250522450160851], [0.0, 0.0, 0.0, 1.0]]}, "mean_rme": {"type": "float", "data": 0.0018698878520822606}, "max_rme": {"type": "float", "data": 0.005473856223866758}, "simu": {"type": "float", "data": 0.002}}, {"type": "dict", "image_number": {"type": "int", "data": 12}, "Hcamera2end": {"type": "ndarray", "data": [[0.9999721007646676, -0.004720723572762472, 0.005788994839095719, -0.015205164087575286], [-0.005769057407452603, 0.004226121479273592, 0.999974428609988, 0.029029431596041416], [-0.004745067852731761, -0.999979927131636, 0.004198769448420014, 0.03282464704545076], [0.0, 0.0, 0.0, 1.0]]}, "Hobj2base": {"type": "ndarray", "data": [[0.9999725320601219, -0.007315839798609515, -0.0011889547129798625, -0.736559089778654], [-0.007306292381149656, -0.9999425331500853, 0.00784528450930643, 0.09484253464319058], [-0.0012462812321424148, -0.007836382164742224, -0.9999685184532856, 0.0002450273083210071], [0.0, 0.0, 0.0, 1.0]]}, "mean_rme": {"type": "float", "data": 0.0017974153879018171}, "max_rme": {"type": "float", "data": 0.005371145120670412}, "simu": {"type": "float", "data": 0.002}}, {"type": "dict", "image_number": {"type": "int", "data": 13}, "Hcamera2end": {"type": "ndarray", "data": [[0.9999770303203651, -0.004872437664028133, 0.0047114947600203115, -0.015324635641515271], [-0.004697711565769869, 0.0028363951456704672, 0.9999849430709558, 0.028720792239361498], [-0.004885727960946127, -0.9999841069805999, 0.002813440687814861, 0.03246751869576807], [0.0, 0.0, 0.0, 1.0]]}, "Hobj2base": {"type": "ndarray", "data": [[0.9999741590273453, -0.007180613005477307, -0.00034651755938883686, -0.7355181700864052], [-0.00717829240369512, -0.9999544618870428, 0.006288582539932537, 0.09405117689587869], [-0.0003916576572053329, -0.006285932632478779, -0.9999801666309285, 0.00039337293978093126], [0.0, 0.0, 0.0, 1.0]]}, "mean_rme": {"type": "float", "data": 0.0017815888062978104}, "max_rme": {"type": "float", "data": 0.005558768295377714}, "simu": {"type": "float", "data": 0.002}}, {"type": "dict", "image_number": {"type": "int", "data": 14}, "Hcamera2end": {"type": "ndarray", "data": [[0.9999752897598462, -0.005096310721473828, 0.004842260499172017, -0.015164952222171523], [-0.004826572600027685, 0.0030860958313383424, 0.9999835899700837, 0.028685914063856337], [-0.005111170770803175, -0.9999822516572732, 0.0030614218594797737, 0.032485974442461735], [0.0, 0.0, 0.0, 1.0]]}, "Hobj2base": {"type": "ndarray", "data": [[0.9999733561446923, -0.007280541596705199, -0.0005298252344548306, -0.7357214015497734], [-0.007277045189802449, -0.9999535102882955, 0.0063262844877951165, 0.09425793765979207], [-0.0005758593803984104, -0.006322260369012763, -0.9999798485018585, 0.00038452154705497155], [0.0, 0.0, 0.0, 1.0]]}, "mean_rme": {"type": "float", "data": 0.001686455101136858}, "max_rme": {"type": "float", "data": 0.005429705326214437}, "simu": {"type": "float", "data": 0.002}}, {"type": "dict", "image_number": {"type": "int", "data": 15}, "Hcamera2end": {"type": "ndarray", "data": [[0.999982799266337, -0.004467731809962329, 0.0038000715697214973, -0.014593464742198912], [-0.0037867643204605363, 0.0029832204363863246, 0.9999883803383962, 0.028260013443690418], [-0.0044790163475970845, -0.9999855697800353, 0.002966250875394816, 0.032973138091307516], [0.0, 0.0, 0.0, 1.0]]}, "Hobj2base": {"type": "ndarray", "data": [[0.9999793665636676, -0.0063915140986499355, -0.0006442006309754798, -0.7361871608462961], [-0.006388283396027644, -0.9999675982484877, 0.004898192360708375, 0.09396781367523774], [-0.000675486623278078, -0.004893975957973585, -0.9999877962841066, 0.0007797038898285906], [0.0, 0.0, 0.0, 1.0]]}, "mean_rme": {"type": "float", "data": 0.0017176172988988192}, "max_rme": {"type": "float", "data": 0.005946455200268819}, "simu": {"type": "float", "data": 0.002}}, {"type": "dict", "image_number": {"type": "int", "data": 16}, "Hcamera2end": {"type": "ndarray", "data": [[0.9999851871952067, -0.004213411651321877, 0.003445657038056241, -0.01428564119637876], [-0.003435530020658452, 0.0024083997833829196, 0.9999911983332459, 0.0300270621128683], [-0.004221673085940691, -0.9999882233170252, 0.0023938888060095476, 0.03323836462997096], [0.0, 0.0, 0.0, 1.0]]}, "Hobj2base": {"type": "ndarray", "data": [[0.9999844776034095, -0.005555065862862637, -0.00043104001626434517, -0.7362522001622885], [-0.005553185006511816, -0.9999755559590586, 0.004248484512694729, 0.09307236068533847], [-0.00045463009118991145, -0.004246024921077687, -0.999990882250358, -0.0009920371417941436], [0.0, 0.0, 0.0, 1.0]]}, "mean_rme": {"type": "float", "data": 0.0017197365831194927}, "max_rme": {"type": "float", "data": 0.005960341186039858}, "simu": {"type": "float", "data": 0.002}}, {"type": "dict", "image_number": {"type": "int", "data": 17}, "Hcamera2end": {"type": "ndarray", "data": [[0.9999899782677181, -0.004038759184392311, 0.001931783729911895, -0.013875430389862517], [-0.0019203435706265733, 0.0028345542062371276, 0.9999941387743342, 0.030075312071994896], [-0.004044211258010484, -0.9999878267892576, 0.002826769993860667, 0.03272176932791809], [0.0, 0.0, 0.0, 1.0]]}, "Hobj2base": {"type": "ndarray", "data": [[0.9999867784915126, -0.005063695662992116, -0.0008954487137459329, -0.735904574567979], [-0.0050609683515323994, -0.9999826262197822, 0.003022227313131397, 0.09262423586545357], [-0.0009107367957548636, -0.0030176555171266372, -0.9999950321444946, -0.0011721851161818537], [0.0, 0.0, 0.0, 1.0]]}, "mean_rme": {"type": "float", "data": 0.0017558363536576437}, "max_rme": {"type": "float", "data": 0.005997898009311192}, "simu": {"type": "float", "data": 0.002}}, {"type": "dict", "image_number": {"type": "int", "data": 18}, "Hcamera2end": {"type": "ndarray", "data": [[0.9999904587569634, -0.004219000959822785, 0.0011324424661324402, -0.013492618097034045], [-0.0011190552163301314, 0.0031740958122493668, 0.9999943363995608, 0.029987042597312195], [-0.00422257154597646, -0.9999860624762108, 0.003169344232398008, 0.03234679378164447], [0.0, 0.0, 0.0, 1.0]]}, "Hobj2base": {"type": "ndarray", "data": [[0.9999833335425989, -0.005585275150798605, -0.0014619639261274867, -0.7357484634472233], [-0.005582058383111698, -0.9999820106653947, 0.0021952152062411044, 0.09259465006549367], [-0.0014741985073113124, -0.0021870178517907363, -0.9999965218397895, -0.0009868037354052203], [0.0, 0.0, 0.0, 1.0]]}, "mean_rme": {"type": "float", "data": 0.001734872910029698}, "max_rme": {"type": "float", "data": 0.0060114076737221855}, "simu": {"type": "float", "data": 0.002}}, {"type": "dict", "image_number": {"type": "int", "data": 19}, "Hcamera2end": {"type": "ndarray", "data": [[0.9999906380944383, -0.004164402016651628, 0.001175363484923434, -0.013579006349510933], [-0.0011624741596073078, 0.0030961901157816607, 0.9999945311153431, 0.03000229963699646], [-0.0041680183908218045, -0.9999865355906601, 0.003091320119807617, 0.032408915183802706], [0.0, 0.0, 0.0, 1.0]]}, "Hobj2base": {"type": "ndarray", "data": [[0.9999832037451447, -0.005570480048585596, -0.0016006185131804363, -0.7357307054198217], [-0.005567366914787267, -0.999982614681941, 0.001942874032075235, 0.09255662395224233], [-0.0016114134269510842, -0.0019339301685143639, -0.999996831625416, -0.0009257411756838626], [0.0, 0.0, 0.0, 1.0]]}, "mean_rme": {"type": "float", "data": 0.0016868372110050288}, "max_rme": {"type": "float", "data": 0.005986469381297349}, "simu": {"type": "float", "data": 0.002}}, {"type": "dict", "image_number": {"type": "int", "data": 20}, "Hcamera2end": {"type": "ndarray", "data": [[0.9999900162744623, -0.004240109955914411, 0.0014102549281374405, -0.013879608444129237], [-0.001396560777561437, 0.0032308967675818145, 0.9999938054428494, 0.029623489435910918], [-0.00424464007839975, -0.9999857912858756, 0.0032249429399382468, 0.03241985941052591], [0.0, 0.0, 0.0, 1.0]]}, "Hobj2base": {"type": "ndarray", "data": [[0.9999805081925914, -0.005906158682487059, -0.002024975185994308, -0.7356487625222994], [-0.005901290917450403, -0.9999797036462594, 0.0024014706009467825, 0.09279859200175875], [-0.0020391175528221357, -0.002389473824271161, -0.9999950661950534, -0.00033845231028148404], [0.0, 0.0, 0.0, 1.0]]}, "mean_rme": {"type": "float", "data": 0.0017494485488169448}, "max_rme": {"type": "float", "data": 0.005850602525649479}, "simu": {"type": "float", "data": 0.002}}, {"type": "dict", "image_number": {"type": "int", "data": 21}, "Hcamera2end": {"type": "ndarray", "data": [[0.999987770783905, -0.004508284261899919, 0.002033139358279615, -0.014103014974853275], [-0.0020197622686029537, 0.002969794297297268, 0.9999935504203066, 0.029836571406312965], [-0.004514293191033121, -0.9999854277412474, 0.0029606523165927046, 0.03310869982745963], [0.0, 0.0, 0.0, 1.0]]}, "Hobj2base": {"type": "ndarray", "data": [[0.9999800080932011, -0.006124414497031017, -0.0015732008740103405, -0.7360932302486386], [-0.00611927853297297, -0.9999759989715775, 0.003248986154394478, 0.09300164238853015], [-0.0015930612534760758, -0.0032392943466297026, -0.9999934845427636, -0.0006364517970636752], [0.0, 0.0, 0.0, 1.0]]}, "mean_rme": {"type": "float", "data": 0.0017523482733634219}, "max_rme": {"type": "float", "data": 0.005867709850517211}, "simu": {"type": "float", "data": 0.002}}, {"type": "dict", "image_number": {"type": "int", "data": 22}, "Hcamera2end": {"type": "ndarray", "data": [[0.9999844656818265, -0.005485890050502055, 0.0009866130881915468, -0.013552993821699309], [-0.0009665420199785188, 0.0036601195351425586, 0.9999928346350849, 0.029218926178994607], [-0.005489461863935676, -0.9999782540312278, 0.0036547603344303514, 0.03284780051950393], [0.0, 0.0, 0.0, 1.0]]}, "Hobj2base": {"type": "ndarray", "data": [[0.9999715147074081, -0.007347347632149832, -0.0017280788593899005, -0.7358734500889476], [-0.007343134275892764, -0.9999700814053363, 0.0024320101174563533, 0.09350387562019523], [-0.0017458959814768168, -0.0024192513258327396, -0.9999955495252189, -0.00029383370703799723], [0.0, 0.0, 0.0, 1.0]]}, "mean_rme": {"type": "float", "data": 0.0018340112820896212}, "max_rme": {"type": "float", "data": 0.005912172822666151}, "simu": {"type": "float", "data": 0.002}}, {"type": "dict", "image_number": {"type": "int", "data": 23}, "Hcamera2end": {"type": "ndarray", "data": [[0.9999857377895721, -0.005340335820959143, -7.09278822931779e-05, -0.013151521662045829], [9.858260262418043e-05, 0.005178375778107647, 0.9999865872629348, 0.028732326737345045], [-0.005339896901211278, -0.9999723322360574, 0.00517882838722683, 0.03151474512370048], [0.0, 0.0, 0.0, 1.0]]}, "Hobj2base": {"type": "ndarray", "data": [[0.9999677304974189, -0.007528041194743589, -0.0028047387777706705, -0.7355608980222815], [-0.007524600653347062, -0.9999709268753492, 0.0012352283443147585, 0.09320821468698606], [-0.002813956085111488, -0.0012140839448708323, -0.9999953038146359, 0.0002819876939916955], [0.0, 0.0, 0.0, 1.0]]}, "mean_rme": {"type": "float", "data": 0.0018977339657228203}, "max_rme": {"type": "float", "data": 0.006232687626949618}, "simu": {"type": "float", "data": 0.002}}, {"type": "dict", "image_number": {"type": "int", "data": 24}, "Hcamera2end": {"type": "ndarray", "data": [[0.999992474483455, -0.003845887546995142, -0.0005100249331624043, -0.013721627051026516], [0.0005282046389549757, 0.004727517671898163, 0.9999886857242543, 0.028568537217219924], [-0.0038434328816783136, -0.9999814296903907, 0.004729513510528971, 0.031650194029187825], [0.0, 0.0, 0.0, 1.0]]}, "Hobj2base": {"type": "ndarray", "data": [[0.9999779062562827, -0.006024263518909645, -0.002809848457800693, -0.7354369554252346], [-0.006021622899391673, -0.9999814211788736, 0.00094728809639113, 0.09220503686260839], [-0.0028155029672497895, -0.0009303473194333888, -0.9999956036887894, 0.0005472155227482604], [0.0, 0.0, 0.0, 1.0]]}, "mean_rme": {"type": "float", "data": 0.001953805034530726}, "max_rme": {"type": "float", "data": 0.006429063835322851}, "simu": {"type": "float", "data": 0.002}}, {"type": "dict", "image_number": {"type": "int", "data": 25}, "Hcamera2end": {"type": "ndarray", "data": [[0.999994336597954, -0.003317132431033371, -0.0005686866033938278, -0.013984463719828104], [0.0005864684927722795, 0.005362113727350071, 0.9999854517897158, 0.028563953057670358], [-0.0033140348104506055, -0.9999801219868372, 0.0053640287532013, 0.03134828593115367], [0.0, 0.0, 0.0, 1.0]]}, "Hobj2base": {"type": "ndarray", "data": [[0.9999780440758015, -0.005586951706181881, -0.003563332284127325, -0.7356524953865561], [-0.0055845793916348445, -0.9999841780556606, 0.0006753601735753992, 0.09186469996526635], [-0.003567049109956306, -0.000655445633379137, -0.999993423254208, 0.0007057385752953116], [0.0, 0.0, 0.0, 1.0]]}, "mean_rme": {"type": "float", "data": 0.0019338833403716776}, "max_rme": {"type": "float", "data": 0.006557849189392284}, "simu": {"type": "float", "data": 0.002}}, {"type": "dict", "image_number": {"type": "int", "data": 26}, "Hcamera2end": {"type": "ndarray", "data": [[0.9999941603101671, -0.003366210450906755, -0.0005898921631305645, -0.01399787431475007], [0.0006080593590022264, 0.005398459215635754, 0.9999852433420772, 0.02855738307212247], [-0.0033629762681063506, -0.9999797624278691, 0.005400474546077394, 0.0313574069370493], [0.0, 0.0, 0.0, 1.0]]}, "Hobj2base": {"type": "ndarray", "data": [[0.9999792876984736, -0.005508811393286534, -0.003328238435976666, -0.7356555693783983], [-0.00550678447127546, -0.9999846466660389, 0.0006178648585411367, 0.09183523704763616], [-0.0033315910373927, -0.0005995241694019455, -0.999994270519551, 0.0007014937674778651], [0.0, 0.0, 0.0, 1.0]]}, "mean_rme": {"type": "float", "data": 0.0018808238352030463}, "max_rme": {"type": "float", "data": 0.006596697888359038}, "simu": {"type": "float", "data": 0.002}}, {"type": "dict", "image_number": {"type": "int", "data": 27}, "Hcamera2end": {"type": "ndarray", "data": [[0.9999932229063139, -0.0031201371467006623, -0.001954196926890735, -0.013082526926257812], [0.001968679764348516, 0.004645426698318023, 0.999987272074388, 0.02821506649254695], [-0.003111019355249211, -0.9999843422549056, 0.004651537766688807, 0.03152658229681005], [0.0, 0.0, 0.0, 1.0]]}, "Hobj2base": {"type": "ndarray", "data": [[0.9999838001268795, -0.005019541269070699, -0.002683968936692949, -0.7353699679446903], [-0.0050209168183726945, -0.99998726709127, -0.0005060134746232381, 0.09180133437196769], [-0.0026813948064428657, 0.0005194812620433835, -0.9999962701235994, 0.0007735314413283464], [0.0, 0.0, 0.0, 1.0]]}, "mean_rme": {"type": "float", "data": 0.0019112334484387436}, "max_rme": {"type": "float", "data": 0.006752460065805904}, "simu": {"type": "float", "data": 0.002}}, {"type": "dict", "image_number": {"type": "int", "data": 28}, "Hcamera2end": {"type": "ndarray", "data": [[0.9999918308828217, -0.0034144830877069375, -0.002163208927921544, -0.012958647665947856], [0.0021778784491186375, 0.004298408838869339, 0.9999883901960637, 0.028412764384779188], [-0.003405145089851646, -0.9999849323798323, 0.004305810053795378, 0.031772818775269], [0.0, 0.0, 0.0, 1.0]]}, "Hobj2base": {"type": "ndarray", "data": [[0.9999834771659268, -0.005326524830996099, -0.0021618344911186584, -0.7352937478685401], [-0.005328217301759069, -0.9999855023937356, -0.0007778834962871259, 0.0917203352948041], [-0.002157659733934802, 0.0007893893673863065, -0.9999973606809667, 0.00048392843360135974], [0.0, 0.0, 0.0, 1.0]]}, "mean_rme": {"type": "float", "data": 0.0018935301834512842}, "max_rme": {"type": "float", "data": 0.006777256544505089}, "simu": {"type": "float", "data": 0.002}}, {"type": "dict", "image_number": {"type": "int", "data": 29}, "Hcamera2end": {"type": "ndarray", "data": [[0.9999906668016404, -0.0040236044274967325, -0.001573822423795931, -0.013430578559827478], [0.001590807250580796, 0.004221586747316541, 0.999989823717035, 0.02885181124056354], [-0.004016919454272612, -0.9999829942617755, 0.004227948125506864, 0.031099928120108585], [0.0, 0.0, 0.0, 1.0]]}, "Hobj2base": {"type": "ndarray", "data": [[0.9999828121182622, -0.0055733799720498085, -0.0018201383847091651, -0.7345149179121246], [-0.005573586867046183, -0.999984461545135, -0.00010861732231649926, 0.09173571937166979], [-0.001819504736962209, 0.00011876015481203026, -0.9999983376478876, 3.2666069634253505e-05], [0.0, 0.0, 0.0, 1.0]]}, "mean_rme": {"type": "float", "data": 0.001955407874342678}, "max_rme": {"type": "float", "data": 0.006187212079586862}, "simu": {"type": "float", "data": 0.002}}, {"type": "dict", "image_number": {"type": "int", "data": 30}, "Hcamera2end": {"type": "ndarray", "data": [[0.999989629415357, -0.0042394126745191555, -0.0016638635497479815, -0.01332297742863566], [0.0016800509367549594, 0.0038176129815253868, 0.9999913015921554, 0.02884669675970058], [-0.004233023811291687, -0.9999837264732353, 0.0038246958198818737, 0.03128206213556052], [0.0, 0.0, 0.0, 1.0]]}, "Hobj2base": {"type": "ndarray", "data": [[0.9999825516987205, -0.005738697925275095, -0.0014013009092578971, -0.7345378503507081], [-0.0057388858211074156, -0.9999835239956989, -0.00013010255970060544, 0.09181556065157884], [-0.001400531202128662, 0.0001381421955511916, -0.9999990097140525, 2.6191587132146087e-05], [0.0, 0.0, 0.0, 1.0]]}, "mean_rme": {"type": "float", "data": 0.001949277447304995}, "max_rme": {"type": "float", "data": 0.006134392825195914}, "simu": {"type": "float", "data": 0.002}}]}