{"type": "list", "data": [{"type": "dict", "image_number": {"type": "int", "data": 5}, "Hcamera2end": {"type": "ndarray", "data": [[0.9996501297891839, 0.001785697381767322, -0.02638994689893449, -0.022645784762863858], [0.026407050684880074, -0.010349784030295517, 0.9995976938972261, 0.02675043198049391], [0.00151184873383799, -0.9999448451066625, -0.010393317950443182, 0.027409310780083296], [0.0, 0.0, 0.0, 1.0]]}, "Hobj2base": {"type": "ndarray", "data": [[0.9999442897287868, 0.006677687998626249, 0.008174712336540432, -0.7253300362263646], [0.006875781607763679, -0.9996774298824376, -0.02444912699724521, 0.06844423394046939], [0.008008811776694599, 0.02450397246648161, -0.9996676519060164, 0.0038241567706743585], [0.0, 0.0, 0.0, 1.0]]}, "mean_rme": {"type": "float", "data": 0.0016089102942441465}, "max_rme": {"type": "float", "data": 0.006038694053466492}, "simu": {"type": "float", "data": 0.002}}, {"type": "dict", "image_number": {"type": "int", "data": 6}, "Hcamera2end": {"type": "ndarray", "data": [[0.9999026208710489, 0.0020782440977365115, 0.013799625961516931, -0.01883479469638732], [-0.013805752802214846, 0.002963172764116506, 0.9999003054288632, 0.024573411616530184], [0.0020371462322783104, -0.9999934502328703, 0.0029915759372097783, 0.028251550047958766], [0.0, 0.0, 0.0, 1.0]]}, "Hobj2base": {"type": "ndarray", "data": [[0.9999775526775765, 0.004865882570107594, -0.004606227065467261, -0.7322080612912173], [0.0049263685172058575, -0.9999005772397591, 0.013212362727007097, 0.0919774779361588], [-0.004541479296154831, -0.013234758116839407, -0.9999021032798121, 0.005803197291183226], [0.0, 0.0, 0.0, 1.0]]}, "mean_rme": {"type": "float", "data": 0.0019909317543313097}, "max_rme": {"type": "float", "data": 0.005196835280537021}, "simu": {"type": "float", "data": 0.002}}, {"type": "dict", "image_number": {"type": "int", "data": 7}, "Hcamera2end": {"type": "ndarray", "data": [[0.9999101063954976, 0.0020778475807652014, 0.01324619483383038, -0.018821584553382106], [-0.013264317041719747, 0.008964808080753506, 0.9998718368418484, 0.024760011258947497], [0.001958831682771533, -0.9999576564862667, 0.008991563430917116, 0.02883069661091549], [0.0, 0.0, 0.0, 1.0]]}, "Hobj2base": {"type": "ndarray", "data": [[0.9999381099229823, 0.004200948729446088, -0.010301861648570687, -0.7356357080795162], [0.004311424079508741, -0.9999331889770231, 0.010725166882020108, 0.09166639600021718], [-0.010256117494469261, -0.010768918794991165, -0.9998894151064537, 0.006644093794890536], [0.0, 0.0, 0.0, 1.0]]}, "mean_rme": {"type": "float", "data": 0.0018270263714859755}, "max_rme": {"type": "float", "data": 0.005366799485018933}, "simu": {"type": "float", "data": 0.002}}, {"type": "dict", "image_number": {"type": "int", "data": 8}, "Hcamera2end": {"type": "ndarray", "data": [[0.999938249448948, 0.003178217932705455, 0.01064876611375705, -0.019148576006516413], [-0.01066744537198512, 0.00591935872375815, 0.9999255806316463, 0.02471062035562654], [0.003114947545141686, -0.9999774298068289, 0.0059528966662725225, 0.02932178486886717], [0.0, 0.0, 0.0, 1.0]]}, "Hobj2base": {"type": "ndarray", "data": [[0.9999738089517294, 0.004054419269835744, -0.00599525603746054, -0.7340218723393818], [0.004111590230638822, -0.9999459002109423, 0.009554657351446717, 0.09045961324081646], [-0.0059561931084911824, -0.009579057141108616, -0.9999363806902626, 0.0064262399911555745], [0.0, 0.0, 0.0, 1.0]]}, "mean_rme": {"type": "float", "data": 0.0018797288081348327}, "max_rme": {"type": "float", "data": 0.005656452131050677}, "simu": {"type": "float", "data": 0.002}}, {"type": "dict", "image_number": {"type": "int", "data": 9}, "Hcamera2end": {"type": "ndarray", "data": [[0.9999845327237739, 0.0041411228500548665, 0.0037128714974381354, -0.017213467185859026], [-0.0037423103428271226, 0.007123956410780896, 0.9999676216549989, 0.025009218609454622], [0.004114538432643956, -0.999966049596984, 0.007139343589452007, 0.03006507563057683], [0.0, 0.0, 0.0, 1.0]]}, "Hobj2base": {"type": "ndarray", "data": [[0.9999629451342499, 0.005025891793854249, -0.006989189517655568, -0.7355249749246082], [0.0050483182627016135, -0.9999821536925808, 0.0031948050121515343, 0.0890730456517274], [-0.00697300804213729, -0.0032299702821641744, -0.9999704717894524, 0.006667555730792745], [0.0, 0.0, 0.0, 1.0]]}, "mean_rme": {"type": "float", "data": 0.0021647500775469996}, "max_rme": {"type": "float", "data": 0.005972535689281883}, "simu": {"type": "float", "data": 0.002}}, {"type": "dict", "image_number": {"type": "int", "data": 10}, "Hcamera2end": {"type": "ndarray", "data": [[0.9999883004581329, 0.0028504492457715304, 0.003908181924147436, -0.016405249344176902], [-0.0039302165043659815, 0.0077660174516333, 0.9999621204681556, 0.025142714774830415], [0.002819990263061467, -0.9999657813705619, 0.0077771294754575004, 0.0296874053496542], [0.0, 0.0, 0.0, 1.0]]}, "Hobj2base": {"type": "ndarray", "data": [[0.9999685062164301, 0.0032286468992701245, -0.00724999410216182, -0.7358012345412346], [0.003253422897193348, -0.999988899670601, 0.003408192340924146, 0.0901989487896199], [-0.007238909775205504, -0.0034316723008686865, -0.9999679103903716, 0.0066089825591633174], [0.0, 0.0, 0.0, 1.0]]}, "mean_rme": {"type": "float", "data": 0.0020534916704053447}, "max_rme": {"type": "float", "data": 0.0062829260679971854}, "simu": {"type": "float", "data": 0.002}}, {"type": "dict", "image_number": {"type": "int", "data": 11}, "Hcamera2end": {"type": "ndarray", "data": [[0.9999879803005243, 0.0028087200535809676, 0.004018749325206717, -0.01631158089718278], [-0.004040789925194313, 0.007886085591600756, 0.9999607400647398, 0.025093718179438448], [0.0027769175822637327, -0.9999649597589418, 0.00789734025091704, 0.029229248509017765], [0.0, 0.0, 0.0, 1.0]]}, "Hobj2base": {"type": "ndarray", "data": [[0.9999743528575883, 0.002600114880662001, -0.006673307250152561, -0.7354676536070772], [0.0026292566259416687, -0.9999870305076854, 0.004361860384870222, 0.09060710373630156], [-0.006661879362651393, -0.00437929435292016, -0.9999682200671822, 0.006640891954599023], [0.0, 0.0, 0.0, 1.0]]}, "mean_rme": {"type": "float", "data": 0.001942539510872525}, "max_rme": {"type": "float", "data": 0.006342727727365771}, "simu": {"type": "float", "data": 0.002}}, {"type": "dict", "image_number": {"type": "int", "data": 12}, "Hcamera2end": {"type": "ndarray", "data": [[0.9999821551516076, 0.002823532453690881, 0.005264697790865968, -0.016926032942476466], [-0.005285878689649034, 0.0075473085069381884, 0.9999575479092996, 0.02483193405647855], [0.0027836782904116014, -0.9999675323723184, 0.007562098676388573, 0.029614887180577667], [0.0, 0.0, 0.0, 1.0]]}, "Hobj2base": {"type": "ndarray", "data": [[0.9999779591670978, 0.0018912908257568552, -0.006364290928191088, -0.735606743529657], [0.001925128505557021, -0.9999840228183241, 0.005314883659977353, 0.09091674844431641], [-0.006354137254052608, -0.0053270185933982275, -0.9999656233154532, 0.0065575479072959115], [0.0, 0.0, 0.0, 1.0]]}, "mean_rme": {"type": "float", "data": 0.001963764113788254}, "max_rme": {"type": "float", "data": 0.006541980196067415}, "simu": {"type": "float", "data": 0.002}}, {"type": "dict", "image_number": {"type": "int", "data": 13}, "Hcamera2end": {"type": "ndarray", "data": [[0.9999837405200884, 0.002366382673062482, 0.005188345448897066, -0.017010228191176455], [-0.005206188100728841, 0.007597271618379975, 0.999957587635304, 0.024908947428536235], [0.002326865039552284, -0.9999683403473338, 0.007609467924008961, 0.029927764652725102], [0.0, 0.0, 0.0, 1.0]]}, "Hobj2base": {"type": "ndarray", "data": [[0.9999806531713231, 0.0020750591782496865, -0.0058640781424484254, -0.7357294419402763], [0.002106490021430235, -0.9999834227834281, 0.005358811260873047, 0.09055902084103991], [-0.005852861081863681, -0.005371060206961625, -0.9999684473669208, 0.006531055608899059], [0.0, 0.0, 0.0, 1.0]]}, "mean_rme": {"type": "float", "data": 0.0020023310332483155}, "max_rme": {"type": "float", "data": 0.0062055850515367605}, "simu": {"type": "float", "data": 0.002}}, {"type": "dict", "image_number": {"type": "int", "data": 14}, "Hcamera2end": {"type": "ndarray", "data": [[0.9999759951118133, 0.003073679656103313, 0.006209806237750378, -0.017543115155873795], [-0.006233405314540263, 0.007728703575925255, 0.9999507046845959, 0.023135889218835737], [0.0030255343864197103, -0.9999654092189425, 0.007747677540363651, 0.029945185458852414], [0.0, 0.0, 0.0, 1.0]]}, "Hobj2base": {"type": "ndarray", "data": [[0.9999803508126877, 0.0026354502716850626, -0.00568791617374882, -0.735746049315528], [0.0026687854230332342, -0.9999792624137371, 0.005861085807612427, 0.09016271667636658], [-0.005672351619912469, -0.005876150469811475, -0.9999666470851696, 0.008137850505410413], [0.0, 0.0, 0.0, 1.0]]}, "mean_rme": {"type": "float", "data": 0.0020262948160854064}, "max_rme": {"type": "float", "data": 0.006041381085201802}, "simu": {"type": "float", "data": 0.002}}, {"type": "dict", "image_number": {"type": "int", "data": 15}, "Hcamera2end": {"type": "ndarray", "data": [[0.9999802915696956, 0.0024426065495508882, 0.005783610069036026, -0.017581670305326546], [-0.005801406374285749, 0.007342652896590529, 0.9999562136076361, 0.02320668613586585], [0.0024000325553959626, -0.9999700591126137, 0.007356678737634015, 0.02983712889782299], [0.0, 0.0, 0.0, 1.0]]}, "Hobj2base": {"type": "ndarray", "data": [[0.9999826062955954, 0.002382828234241765, -0.0053952975705093675, -0.7355761773483012], [0.0024093198536647127, -0.9999850484972248, 0.004908967289093105, 0.08988853278461523], [-0.005383519676845349, -0.004921880901520203, -0.9999733960482549, 0.007958536393012017], [0.0, 0.0, 0.0, 1.0]]}, "mean_rme": {"type": "float", "data": 0.001980933685601225}, "max_rme": {"type": "float", "data": 0.005999751857182822}, "simu": {"type": "float", "data": 0.002}}, {"type": "dict", "image_number": {"type": "int", "data": 16}, "Hcamera2end": {"type": "ndarray", "data": [[0.999983676979317, 0.001839742978580963, 0.005409354924373218, -0.017450551892782672], [-0.005420280095244901, 0.005986206580494202, 0.9999673924156051, 0.023114122137842], [0.0018073014729620123, -0.999980390146001, 0.005996080789767544, 0.030257279137961113], [0.0, 0.0, 0.0, 1.0]]}, "Hobj2base": {"type": "ndarray", "data": [[0.9999856250880695, 0.0022297204417793285, -0.004876265371618127, -0.7356906963798879], [0.002254102010121309, -0.9999849579854614, 0.005000282686279243, 0.09013329795621408], [-0.0048650427902432415, -0.005011202407232049, -0.9999756093070882, 0.008052119436071748], [0.0, 0.0, 0.0, 1.0]]}, "mean_rme": {"type": "float", "data": 0.002056195002500584}, "max_rme": {"type": "float", "data": 0.0060113342245262935}, "simu": {"type": "float", "data": 0.002}}, {"type": "dict", "image_number": {"type": "int", "data": 17}, "Hcamera2end": {"type": "ndarray", "data": [[0.9999792170965588, 0.0033240419838286273, 0.005524139737833639, -0.017372006711051255], [-0.005543992979104226, 0.005993345702157815, 0.999966671419174, 0.02335497539637149], [0.0032908231190708352, -0.9999765150003195, 0.006011649608453462, 0.03040547732500317], [0.0, 0.0, 0.0, 1.0]]}, "Hobj2base": {"type": "ndarray", "data": [[0.999981903116676, 0.0035413815882001445, -0.00486333790698831, -0.735699250790292], [0.0035647418841534073, -0.9999821112253984, 0.004803107795316296, 0.08967467119002433], [-0.004846241270320208, -0.004820357418368764, -0.9999766387770808, 0.00775348053884163], [0.0, 0.0, 0.0, 1.0]]}, "mean_rme": {"type": "float", "data": 0.0021213434446525526}, "max_rme": {"type": "float", "data": 0.006116731126996067}, "simu": {"type": "float", "data": 0.002}}, {"type": "dict", "image_number": {"type": "int", "data": 18}, "Hcamera2end": {"type": "ndarray", "data": [[0.9999854921788128, 0.0027266256451187053, 0.00464552951652508, -0.017096170161974532], [-0.004660534261123951, 0.005522734490023606, 0.9999738890711865, 0.023104050136079596], [0.0027008984243052487, -0.9999810322782847, 0.005535361899415503, 0.030397725028296633], [0.0, 0.0, 0.0, 1.0]]}, "Hobj2base": {"type": "ndarray", "data": [[0.9999871686571637, 0.002862390354292805, -0.004179622290205925, -0.7353213181566454], [0.002880801961410048, -0.9999861451516878, 0.004405733165638446, 0.08984553627696724], [-0.00416695345405618, -0.00441771729825733, -0.999981559966375, 0.007808057779747], [0.0, 0.0, 0.0, 1.0]]}, "mean_rme": {"type": "float", "data": 0.0020930246798254964}, "max_rme": {"type": "float", "data": 0.006160948567783708}, "simu": {"type": "float", "data": 0.002}}, {"type": "dict", "image_number": {"type": "int", "data": 19}, "Hcamera2end": {"type": "ndarray", "data": [[0.9999867077024058, 0.002407729762972863, 0.004559304321024797, -0.01699805093184728], [-0.00457357502524328, 0.005955171336140097, 0.9999718087755503, 0.023121887284937925], [0.0023805104477173933, -0.9999793691730574, 0.0059661041109420054, 0.030145994008685673], [0.0, 0.0, 0.0, 1.0]]}, "Hobj2base": {"type": "ndarray", "data": [[0.9999861006840477, 0.00238901597568462, -0.004700110783964805, -0.7353134634218815], [0.002410440637810616, -0.9999867073017121, 0.00455795961057863, 0.08998560113199991], [-0.004689159268484035, -0.004569225596093785, -0.9999785667517114, 0.007928237594033088], [0.0, 0.0, 0.0, 1.0]]}, "mean_rme": {"type": "float", "data": 0.0020238257215989684}, "max_rme": {"type": "float", "data": 0.006167750742830047}, "simu": {"type": "float", "data": 0.002}}, {"type": "dict", "image_number": {"type": "int", "data": 20}, "Hcamera2end": {"type": "ndarray", "data": [[0.9999854899233345, 0.0026160530589305064, 0.0047091622590119675, -0.016834950238471123], [-0.004723936777047903, 0.005670461616533284, 0.9999727647723122, 0.02319801219025846], [0.002589278686294048, -0.9999805008756164, 0.00568273740695624, 0.030311251332042197], [0.0, 0.0, 0.0, 1.0]]}, "Hobj2base": {"type": "ndarray", "data": [[0.9999861976803079, 0.002586150432800678, -0.004573431405291891, -0.7355104263032638], [0.00260754296764212, -0.9999856593153629, 0.004677807530428848, 0.09009348745144304], [-0.00456126830518502, -0.004689668384732718, -0.9999786006919797, 0.007764739505214699], [0.0, 0.0, 0.0, 1.0]]}, "mean_rme": {"type": "float", "data": 0.002016579156041034}, "max_rme": {"type": "float", "data": 0.006203779793719444}, "simu": {"type": "float", "data": 0.002}}, {"type": "dict", "image_number": {"type": "int", "data": 21}, "Hcamera2end": {"type": "ndarray", "data": [[0.9999896603220165, 0.0033024735950024863, 0.0031261665362568615, -0.01615702299121753], [-0.0031479736528155556, 0.0066188373340159146, 0.999973140266391, 0.02302320064850865], [0.003281693303658945, -0.9999726419560189, 0.006629164997235426, 0.02949769956459422], [0.0, 0.0, 0.0, 1.0]]}, "Hobj2base": {"type": "ndarray", "data": [[0.9999817815387173, 0.0033209160289321546, -0.005040645532248059, -0.7352214885179], [0.0033404360667556423, -0.9999869358414812, 0.003869061029385685, 0.08993552463502226], [-0.005027730853666386, -0.0038858284951827733, -0.9999798109258851, 0.007771997982606928], [0.0, 0.0, 0.0, 1.0]]}, "mean_rme": {"type": "float", "data": 0.0020454744246361832}, "max_rme": {"type": "float", "data": 0.006293142737240354}, "simu": {"type": "float", "data": 0.002}}, {"type": "dict", "image_number": {"type": "int", "data": 22}, "Hcamera2end": {"type": "ndarray", "data": [[0.9999865498141605, 0.0034342668736045546, 0.003886644029554116, -0.016692196230570253], [-0.003908319141472015, 0.006327415413439619, 0.9999723440454111, 0.025123726647180846], [0.0034095794843366986, -0.9999740844768061, 0.006340752519485404, 0.029698554352678482], [0.0, 0.0, 0.0, 1.0]]}, "Hobj2base": {"type": "ndarray", "data": [[0.9999815624774833, 0.00350392805040482, -0.0049595557572032125, -0.7353218894450301], [0.003526491429325449, -0.9999834393401665, 0.0045480659196658335, 0.08997498833515691], [-0.004943537527936387, -0.00456547189546907, -0.9999773586952261, 0.005623494510137343], [0.0, 0.0, 0.0, 1.0]]}, "mean_rme": {"type": "float", "data": 0.0020949076347824393}, "max_rme": {"type": "float", "data": 0.006257334874449794}, "simu": {"type": "float", "data": 0.002}}, {"type": "dict", "image_number": {"type": "int", "data": 23}, "Hcamera2end": {"type": "ndarray", "data": [[0.9999887872984771, 0.0034972313369805623, 0.0031929062461780997, -0.016421479784086312], [-0.00321283348310025, 0.005707284327268525, 0.9999785520733024, 0.025032038031122746], [0.003478933504841949, -0.9999775978883647, 0.0057184563551304635, 0.02998663920510764], [0.0, 0.0, 0.0, 1.0]]}, "Hobj2base": {"type": "ndarray", "data": [[0.9999820033537253, 0.003670310546256851, -0.0047457127140218035, -0.7353425127420737], [0.003689667225619567, -0.999984884258361, 0.004076470355143548, 0.08998811785125253], [-0.004730679066918539, -0.00409390709301165, -0.9999804301086492, 0.005688707611805723], [0.0, 0.0, 0.0, 1.0]]}, "mean_rme": {"type": "float", "data": 0.00206054596407206}, "max_rme": {"type": "float", "data": 0.006247105511126144}, "simu": {"type": "float", "data": 0.002}}, {"type": "dict", "image_number": {"type": "int", "data": 24}, "Hcamera2end": {"type": "ndarray", "data": [[0.9999855257583659, 0.0046688819881637745, 0.0026739137505380666, -0.016253917746763737], [-0.002690788584473899, 0.003611787067828276, 0.9999898572740479, 0.025902819084696365], [0.004659177025868584, -0.9999825781158177, 0.0036242977643055063, 0.03089332079946141], [0.0, 0.0, 0.0, 1.0]]}, "Hobj2base": {"type": "ndarray", "data": [[0.9999845645185801, 0.004559475877124182, -0.0031752014600230955, -0.7355069662382556], [0.00457087383684504, -0.9999831031733886, 0.0035917238322024495, 0.08978798753429383], [-0.0031587714310243515, -0.0036061818374963036, -0.9999885087417759, 0.004430861759968587], [0.0, 0.0, 0.0, 1.0]]}, "mean_rme": {"type": "float", "data": 0.002095653358078784}, "max_rme": {"type": "float", "data": 0.006358712971386321}, "simu": {"type": "float", "data": 0.002}}, {"type": "dict", "image_number": {"type": "int", "data": 25}, "Hcamera2end": {"type": "ndarray", "data": [[0.9999763484365394, 0.006070719031457229, 0.0032324817038701477, -0.01641391230029254], [-0.003253222410447963, 0.003409754163907097, 0.9999888949985843, 0.026045995520348718], [0.006059629648164267, -0.9999757596796949, 0.0034294229170908075, 0.031085518352961004], [0.0, 0.0, 0.0, 1.0]]}, "Hobj2base": {"type": "ndarray", "data": [[0.9999776250313956, 0.006074565292198037, -0.002801623293790778, -0.7355433318273018], [0.006085335278707181, -0.9999740657274108, 0.0038518264676769397, 0.08948142649765113], [-0.002778152464356465, -0.0038687891002480088, -0.9999886571055603, 0.004167717057882283], [0.0, 0.0, 0.0, 1.0]]}, "mean_rme": {"type": "float", "data": 0.002161048550589113}, "max_rme": {"type": "float", "data": 0.006524557082086324}, "simu": {"type": "float", "data": 0.002}}, {"type": "dict", "image_number": {"type": "int", "data": 26}, "Hcamera2end": {"type": "ndarray", "data": [[0.9999715199449709, 0.006896440671486882, 0.0030656818180119037, -0.016606781246785114], [-0.003084821494303277, 0.0027663745254533634, 0.9999914154873196, 0.02613541897602928], [0.006887900644819995, -0.9999723927579448, 0.002787570027372177, 0.03174559109451713], [0.0, 0.0, 0.0, 1.0]]}, "Hobj2base": {"type": "ndarray", "data": [[0.9999741743201578, 0.006928990177727553, -0.0019078227998487113, -0.735851509775823], [0.006936088158931639, -0.999968953577214, 0.003739326509275111, 0.0889478294383217], [-0.0018818538121213831, -0.0037524627657572274, -0.9999911887858919, 0.003921270326442732], [0.0, 0.0, 0.0, 1.0]]}, "mean_rme": {"type": "float", "data": 0.0021854695662193195}, "max_rme": {"type": "float", "data": 0.0069498873385981375}, "simu": {"type": "float", "data": 0.002}}, {"type": "dict", "image_number": {"type": "int", "data": 27}, "Hcamera2end": {"type": "ndarray", "data": [[0.9999716421760918, 0.006876652141466005, 0.003070260408417045, -0.016533679541752614], [-0.003088978462463033, 0.0027130068721548106, 0.9999915488671741, 0.026314750165276037], [0.006868264388378021, -0.9999726752511974, 0.002734171767542426, 0.03174883008276978], [0.0, 0.0, 0.0, 1.0]]}, "Hobj2base": {"type": "ndarray", "data": [[0.9999724934898009, 0.007188949722146318, -0.001825175521037108, -0.735820432177274], [0.007195739234392228, -0.9999671125311724, 0.0037410149612798174, 0.08884077435420429], [-0.0017982215271676169, -0.003754045546120009, -0.9999913367331623, 0.0037816730106628653], [0.0, 0.0, 0.0, 1.0]]}, "mean_rme": {"type": "float", "data": 0.0021766661180007505}, "max_rme": {"type": "float", "data": 0.006932552008680926}, "simu": {"type": "float", "data": 0.002}}, {"type": "dict", "image_number": {"type": "int", "data": 28}, "Hcamera2end": {"type": "ndarray", "data": [[0.9999729238214665, 0.007009786197666288, 0.0022393127094063625, -0.01605101716132835], [-0.002261401774143522, 0.003144836848592125, 0.9999924980034657, 0.02655446368757121], [0.007002691337150467, -0.9999704860137916, 0.0031606036413719396, 0.031155390730643745], [0.0, 0.0, 0.0, 1.0]]}, "Hobj2base": {"type": "ndarray", "data": [[0.9999709108910114, 0.007312472739349826, -0.002169127529020957, -0.7354442518661043], [0.007318553279041147, -0.9999692746494799, 0.002808653573348927, 0.08870055218724922], [-0.0021485226791279136, -0.0028244467475091956, -0.999993703155609, 0.0036749892672728523], [0.0, 0.0, 0.0, 1.0]]}, "mean_rme": {"type": "float", "data": 0.00220415976482511}, "max_rme": {"type": "float", "data": 0.0066095207930652045}, "simu": {"type": "float", "data": 0.002}}, {"type": "dict", "image_number": {"type": "int", "data": 29}, "Hcamera2end": {"type": "ndarray", "data": [[0.9999716170488777, 0.007347315180995547, 0.0016679497246044517, -0.015563261277111927], [-0.0016877275846109, 0.002686471353105957, 0.9999949672109699, 0.026747120221283095], [0.007342797304354734, -0.9999693994474529, 0.0026987953696245848, 0.0308710554902482], [0.0, 0.0, 0.0, 1.0]]}, "Hobj2base": {"type": "ndarray", "data": [[0.9999699347827429, 0.007588309690897985, -0.0015959594706716508, -0.7349145875076627], [0.007591329782962247, -0.9999693901230979, 0.0018948691155194145, 0.0886062924219382], [-0.0015815317648764343, -0.001906927600529893, -0.9999969311874923, 0.0032581521270612377], [0.0, 0.0, 0.0, 1.0]]}, "mean_rme": {"type": "float", "data": 0.0022252590088983146}, "max_rme": {"type": "float", "data": 0.006641879120714456}, "simu": {"type": "float", "data": 0.002}}, {"type": "dict", "image_number": {"type": "int", "data": 30}, "Hcamera2end": {"type": "ndarray", "data": [[0.9999727250285255, 0.0071210540131167906, 0.0019595378963106285, -0.015659863259616505], [-0.0019755439450244213, 0.0022413692855899336, 0.9999955367349631, 0.026650312416247567], [0.007116630181910647, -0.9999721330384501, 0.002255376107444418, 0.031324020896031604], [0.0, 0.0, 0.0, 1.0]]}, "Hobj2base": {"type": "ndarray", "data": [[0.9999713692616882, 0.0074309116429929056, -0.0014290588016136437, -0.7350854662814412], [0.00743390095413533, -0.999970167323512, 0.0020979941827718625, 0.08879042493867642], [-0.0014134261595650426, -0.002108557597238267, -0.9999967781004846, 0.003365201797975977], [0.0, 0.0, 0.0, 1.0]]}, "mean_rme": {"type": "float", "data": 0.0021983698065118503}, "max_rme": {"type": "float", "data": 0.006784428071144766}, "simu": {"type": "float", "data": 0.002}}]}