{"type": "list", "data": [{"type": "dict", "image_number": {"type": "int", "data": 5}, "Hcamera2end": {"type": "ndarray", "data": [[0.9999816044094522, -0.0060232234759406665, 0.000715277328625934, -0.017966895869522558], [-0.000620950754156465, 0.015647814667821613, 0.9998773726394062, 0.03145661334479455], [-0.00603367739101798, -0.9998594234566577, 0.015643786691870165, 0.03562133424968403], [0.0, 0.0, 0.0, 1.0]]}, "Hobj2base": {"type": "ndarray", "data": [[0.9998657528245579, 0.003918931137333247, -0.015909692244693813, -0.7474685540581195], [0.003976440121746001, -0.9999856688565967, 0.0035846904167007704, 0.08667639375753429], [-0.01589541608572104, -0.0036474731207039256, -0.999867007000079, 0.0014215059080871617], [0.0, 0.0, 0.0, 1.0]]}, "mean_rme": {"type": "float", "data": 0.0008282926835157936}, "max_rme": {"type": "float", "data": 0.0022081898698693703}, "simu": {"type": "float", "data": 0.002}}, {"type": "dict", "image_number": {"type": "int", "data": 6}, "Hcamera2end": {"type": "ndarray", "data": [[0.9999824293343521, -0.005734088702869142, -0.0015037450964376252, -0.01836635315486667], [0.0015668705671404212, 0.011020251636651213, 0.9999380475661933, 0.03183374292159236], [-0.005717161812758213, -0.999922834163023, 0.011029042578312276, 0.03557268548372469], [0.0, 0.0, 0.0, 1.0]]}, "Hobj2base": {"type": "ndarray", "data": [[0.9999349707123354, 0.0004227593659872389, -0.011396298567488177, -0.7445651230964666], [0.00044390100739490496, -0.999998185287486, 0.001852666627066715, 0.0861641300658187], [-0.011395494654313904, -0.001857604977890358, -0.9999333437811393, -0.0004380137037709453], [0.0, 0.0, 0.0, 1.0]]}, "mean_rme": {"type": "float", "data": 0.0008689781606830922}, "max_rme": {"type": "float", "data": 0.002419820526454508}, "simu": {"type": "float", "data": 0.002}}, {"type": "dict", "image_number": {"type": "int", "data": 7}, "Hcamera2end": {"type": "ndarray", "data": [[0.9999660374618065, -0.007039541005714539, -0.004285882098470211, -0.018551151629243593], [0.004313539965099343, 0.00391845785813516, 0.999983019386321, 0.03239966250689034], [-0.007022627421600454, -0.9999675447485495, 0.003948690118824594, 0.03504724151331931], [0.0, 0.0, 0.0, 1.0]]}, "Hobj2base": {"type": "ndarray", "data": [[0.9999807285530962, -0.002744113599695763, -0.005568874479720686, -0.740558984153091], [-0.002749584945740925, -0.9999957445027856, -0.0009750686880135, 0.08568087773368467], [-0.005566175082143433, 0.0009903619904632122, -0.9999840183113347, -0.002742121571880315], [0.0, 0.0, 0.0, 1.0]]}, "mean_rme": {"type": "float", "data": 0.0009334697638816547}, "max_rme": {"type": "float", "data": 0.0025164685779286156}, "simu": {"type": "float", "data": 0.002}}, {"type": "dict", "image_number": {"type": "int", "data": 8}, "Hcamera2end": {"type": "ndarray", "data": [[0.9999678270060275, -0.006993557260615265, 0.003928754215510075, -0.01820583734059579], [-0.00396274615296581, -0.004853261377581575, 0.9999803710558163, 0.031909792484226006], [-0.006974352713374005, -0.9999637673490193, -0.004880818925762531, 0.034604593874545474], [0.0, 0.0, 0.0, 1.0]]}, "Hobj2base": {"type": "ndarray", "data": [[0.999975127744099, -0.006304053860476052, 0.003162720047220983, -0.735367683770576], [-0.006324699022473096, -0.9999584769223393, 0.006560686963337059, 0.0904928718372716], [0.0031212297973722426, -0.006580527036643035, -0.9999734769424999, -0.0018367756387772938], [0.0, 0.0, 0.0, 1.0]]}, "mean_rme": {"type": "float", "data": 0.0009805544914212657}, "max_rme": {"type": "float", "data": 0.002914436585689101}, "simu": {"type": "float", "data": 0.002}}, {"type": "dict", "image_number": {"type": "int", "data": 9}, "Hcamera2end": {"type": "ndarray", "data": [[0.9999787089217149, -0.0065185968087786445, 0.0002993307612752182, -0.017696709516895188], [-0.0003548792534670852, -0.00852205261524075, 0.999963623678351, 0.031597949842259256], [-0.00651580877370748, -0.9999424396008342, -0.00852418448632064, 0.03430634005906918], [0.0, 0.0, 0.0, 1.0]]}, "Hobj2base": {"type": "ndarray", "data": [[0.9999653439519246, -0.005742494531136976, 0.006027823128538302, -0.7333942059063676], [-0.005761528310960954, -0.999978456485388, 0.003145052721758118, 0.08907302248172426], [0.006009632819987822, -0.003179673200268332, -0.9999768867287424, -0.0029740740556260465], [0.0, 0.0, 0.0, 1.0]]}, "mean_rme": {"type": "float", "data": 0.001064557503961446}, "max_rme": {"type": "float", "data": 0.0032991658727341555}, "simu": {"type": "float", "data": 0.002}}, {"type": "dict", "image_number": {"type": "int", "data": 10}, "Hcamera2end": {"type": "ndarray", "data": [[0.999982516171218, -0.005877388055546531, 0.0006508928669321837, -0.01707763058528817], [-0.0006189963106155065, 0.0054271842976748585, 0.9999850811457973, 0.03243873840079666], [-0.00588083288719792, -0.9999680004781373, 0.005423451328191442, 0.03679867176657774], [0.0, 0.0, 0.0, 1.0]]}, "Hobj2base": {"type": "ndarray", "data": [[0.9999734906195524, -0.002959215691870303, -0.00665290167046211, -0.743606647847997], [-0.002939518672982894, -0.9999912735889218, 0.0029684972590727694, 0.08932306579800088], [-0.006661628038177593, -0.0029488622373597287, -0.9999734631095896, -0.0011461031231554454], [0.0, 0.0, 0.0, 1.0]]}, "mean_rme": {"type": "float", "data": 0.0011868024225845804}, "max_rme": {"type": "float", "data": 0.004031475218722713}, "simu": {"type": "float", "data": 0.002}}, {"type": "dict", "image_number": {"type": "int", "data": 11}, "Hcamera2end": {"type": "ndarray", "data": [[0.9999961837423512, -0.0024161999132845577, 0.0013395815438840388, -0.017961270351886282], [-0.0013406038584671985, -0.00042153849408710364, 0.9999990125428088, 0.03260236409300978], [-0.0024156328422038622, -0.9999969921371149, -0.0004247760523141686, 0.03833329703830658], [0.0, 0.0, 0.0, 1.0]]}, "Hobj2base": {"type": "ndarray", "data": [[0.9999996996747141, -0.0005813448470956431, 0.0005125316090770942, -0.741346819820608], [-0.0005831200328036698, -0.9999938086686919, 0.0034702442725270725, 0.08852788684051241], [0.0005105110271980996, -0.0034705420977736673, -0.9999938473390917, -0.0028596205029272626], [0.0, 0.0, 0.0, 1.0]]}, "mean_rme": {"type": "float", "data": 0.0015891314505359921}, "max_rme": {"type": "float", "data": 0.009192711776432105}, "simu": {"type": "float", "data": 0.002}}, {"type": "dict", "image_number": {"type": "int", "data": 12}, "Hcamera2end": {"type": "ndarray", "data": [[0.9999978048506772, -0.001974326531284383, 0.0007016612963409002, -0.01747803808084771], [-0.000700256849480453, 0.0007119562765279808, 0.9999995013791784, 0.03258633418760701], [-0.001974825099007992, -0.9999977975740789, 0.0007105721780009677, 0.0381771872911184], [0.0, 0.0, 0.0, 1.0]]}, "Hobj2base": {"type": "ndarray", "data": [[0.9999999169280026, -0.0002584693238008725, -0.0003151786741379623, -0.7417094826960512], [-0.00025775782933395834, -0.9999974233917222, 0.0022553870661360517, 0.08840316279581968], [-0.0003157608104158749, -0.0022553056390056453, -0.9999974069424307, -0.0025437848634059235], [0.0, 0.0, 0.0, 1.0]]}, "mean_rme": {"type": "float", "data": 0.0016113744517914556}, "max_rme": {"type": "float", "data": 0.009051682252413373}, "simu": {"type": "float", "data": 0.002}}, {"type": "dict", "image_number": {"type": "int", "data": 13}, "Hcamera2end": {"type": "ndarray", "data": [[0.9999978880085897, -0.002054907390894871, 3.652362199440119e-05, -0.017290562529078304], [-3.668978085243253e-05, -8.082189695635122e-05, 0.9999999960608404, 0.032499683933340864], [-0.0020549044308918497, -0.9999978854094821, -8.089712036296604e-05, 0.03825409992678685], [0.0, 0.0, 0.0, 1.0]]}, "Hobj2base": {"type": "ndarray", "data": [[0.9999997752507312, -0.0006400840873126502, -0.0001994764348436708, -0.7412847264721119], [-0.0006397624364902762, -0.9999985018933772, 0.0016083889535871653, 0.0882354382429563], [-0.00020050564018210326, -0.0016082609745729462, -0.9999986866462005, -0.0026768246813453824], [0.0, 0.0, 0.0, 1.0]]}, "mean_rme": {"type": "float", "data": 0.0015534377993782818}, "max_rme": {"type": "float", "data": 0.009041268827943427}, "simu": {"type": "float", "data": 0.002}}, {"type": "dict", "image_number": {"type": "int", "data": 14}, "Hcamera2end": {"type": "ndarray", "data": [[0.9999982143770533, -0.0017744530488242845, -0.0006500454465725243, -0.01717146775768596], [0.0006554513827080939, 0.0030476570080496534, 0.9999951410733185, 0.032540945455039744], [-0.0017724633113262232, -0.9999937815322348, 0.003048814633787811, 0.037935777792267776], [0.0, 0.0, 0.0, 1.0]]}, "Hobj2base": {"type": "ndarray", "data": [[0.9999959030643957, -0.00015362415634575044, -0.0028583656243308655, -0.7423384814679211], [-0.00015196357883559452, -0.999999819579108, 0.0005811616134777179, 0.08812755509073442], [-0.002858454389084563, -0.0005807248650261178, -0.9999957459895195, -0.0023865234708741667], [0.0, 0.0, 0.0, 1.0]]}, "mean_rme": {"type": "float", "data": 0.0015888060827482261}, "max_rme": {"type": "float", "data": 0.00869157910310947}, "simu": {"type": "float", "data": 0.002}}, {"type": "dict", "image_number": {"type": "int", "data": 15}, "Hcamera2end": {"type": "ndarray", "data": [[0.999994566565359, -0.0020283265840437973, -0.002598601744809896, -0.016371521378095204], [0.0026062290164049397, 0.0037668353192257253, 0.9999895092059676, 0.03262675052007746], [-0.002018516800454421, -0.9999908483795972, 0.0037721011359702628, 0.03776537341145128], [0.0, 0.0, 0.0, 1.0]]}, "Hobj2base": {"type": "ndarray", "data": [[0.999992782650773, -0.00021130538201883018, -0.0037934148730994666, -0.7426071623594914], [-0.00021704159482655475, -0.9999988336729091, -0.0015118021586823138, 0.08783133673395987], [-0.0037930909968042566, 0.0015126145762920686, -0.9999916621941569, -0.002249677436428136], [0.0, 0.0, 0.0, 1.0]]}, "mean_rme": {"type": "float", "data": 0.0016120067402495388}, "max_rme": {"type": "float", "data": 0.008764624685225042}, "simu": {"type": "float", "data": 0.002}}, {"type": "dict", "image_number": {"type": "int", "data": 16}, "Hcamera2end": {"type": "ndarray", "data": [[0.9999952662953389, -0.001838881055919427, -0.0024669623784023217, -0.016353205305720014], [0.0024731326247300007, 0.0033607478179369377, 0.9999912944566691, 0.03256696478230373], [-0.0018305742090305665, -0.9999926619183594, 0.0033652797058817407, 0.03775135791185713], [0.0, 0.0, 0.0, 1.0]]}, "Hobj2base": {"type": "ndarray", "data": [[0.9999935139114019, 0.00019568516567923291, -0.003596365170939201, -0.7424936218236875], [0.00019052320065400739, -0.9999989513547765, -0.0014356149406046794, 0.0877316779826548], [-0.0035966423281755455, 0.001434920438075894, -0.9999925025555441, -0.0022223461658387005], [0.0, 0.0, 0.0, 1.0]]}, "mean_rme": {"type": "float", "data": 0.0015786099822688185}, "max_rme": {"type": "float", "data": 0.008795829582993853}, "simu": {"type": "float", "data": 0.002}}, {"type": "dict", "image_number": {"type": "int", "data": 17}, "Hcamera2end": {"type": "ndarray", "data": [[0.9999991483335425, -0.0010813010931032508, -0.0007308352315390641, -0.015265105202815658], [0.0007255195832900482, -0.004908226412543293, 0.9999876913916579, 0.032138337893044676], [-0.001084874888578253, -0.9999873699709558, -0.0049074377272531056, 0.036103911487434345], [0.0, 0.0, 0.0, 1.0]]}, "Hobj2base": {"type": "ndarray", "data": [[0.9999920902247583, 0.0002494637999999645, 0.00396954099754575, -0.7366028099653263], [0.00024985262892600574, -0.999999964037847, -9.745751949592317e-05, 0.08963377599325491], [0.003969516542669358, 9.844854888271471e-05, -0.9999921165920762, -0.002993298457380304], [0.0, 0.0, 0.0, 1.0]]}, "mean_rme": {"type": "float", "data": 0.0016593485483665273}, "max_rme": {"type": "float", "data": 0.008819749500866725}, "simu": {"type": "float", "data": 0.002}}, {"type": "dict", "image_number": {"type": "int", "data": 18}, "Hcamera2end": {"type": "ndarray", "data": [[0.9999961935081602, 0.00023989645160512685, -0.00274871222262949, -0.013908055972869898], [0.0027511624410621457, -0.010893188279174293, 0.9999368827852771, 0.031902705117719025], [0.00020993907024290863, -0.9999406386875206, -0.010893806808449424, 0.035178440538251074], [0.0, 0.0, 0.0, 1.0]]}, "Hobj2base": {"type": "ndarray", "data": [[0.9999563757964922, 0.0005835887226991724, 0.009322334908549319, -0.7325746705301865], [0.000608572610137855, -0.9999962306004, -0.002677391336745129, 0.08977976411189895], [0.009320737273553465, 0.0026829478553684603, -0.9999529617174416, -0.003963448019780439], [0.0, 0.0, 0.0, 1.0]]}, "mean_rme": {"type": "float", "data": 0.0017715386477129202}, "max_rme": {"type": "float", "data": 0.00875826745465702}, "simu": {"type": "float", "data": 0.002}}, {"type": "dict", "image_number": {"type": "int", "data": 19}, "Hcamera2end": {"type": "ndarray", "data": [[0.9999968695891075, 0.0003586938836931785, -0.0024763179689283343, -0.013800768543454548], [0.0024799140487880827, -0.010398312868928228, 0.9999428609254581, 0.03179207808725371], [0.0003329238592527542, -0.999945871749155, -0.010399169847937761, 0.03502284445162964], [0.0, 0.0, 0.0, 1.0]]}, "Hobj2base": {"type": "ndarray", "data": [[0.9999586252723558, 0.0006741267769708064, 0.00907156527335761, -0.7323970973238861], [0.0006969128166752563, -0.999996609905061, -0.002508882402807111, 0.08987365921361862], [0.009069843215082083, 0.002515100688587313, -0.9999557051252721, -0.003750369681144181], [0.0, 0.0, 0.0, 1.0]]}, "mean_rme": {"type": "float", "data": 0.0018188256180092603}, "max_rme": {"type": "float", "data": 0.0084598985767812}, "simu": {"type": "float", "data": 0.002}}, {"type": "dict", "image_number": {"type": "int", "data": 20}, "Hcamera2end": {"type": "ndarray", "data": [[0.9999949191573446, 0.0017999511310581402, -0.002630938125748781, -0.013791899236040513], [0.002646667839539641, -0.008793124446317968, 0.999957837167057, 0.031964846277005236], [0.0017767410736690239, -0.9999597197579495, -0.008797843642607495, 0.0344477774957064], [0.0, 0.0, 0.0, 1.0]]}, "Hobj2base": {"type": "ndarray", "data": [[0.9999649080791202, 0.002834615569333987, 0.007883372685017086, -0.7325900564593373], [0.00285195072326595, -0.9999935382269076, -0.002188579791265492, 0.08957303073828858], [0.00787711796210054, 0.0022109859802274274, -0.9999665307167069, -0.003746930025610573], [0.0, 0.0, 0.0, 1.0]]}, "mean_rme": {"type": "float", "data": 0.0018687345389016355}, "max_rme": {"type": "float", "data": 0.00796666664360901}, "simu": {"type": "float", "data": 0.002}}, {"type": "dict", "image_number": {"type": "int", "data": 21}, "Hcamera2end": {"type": "ndarray", "data": [[0.9999940659809828, 0.002493523632983974, -0.0023770449540312564, -0.013778599972743413], [0.0024020712273840916, -0.010081993806274614, 0.9999462902849877, 0.03180283800313191], [0.0024694243540364902, -0.9999460664159753, -0.010087923600905269, 0.035089701769262474], [0.0, 0.0, 0.0, 1.0]]}, "Hobj2base": {"type": "ndarray", "data": [[0.9999535136113256, 0.002959023111817261, 0.009176862131918822, -0.7321889129923127], [0.0029778689516348454, -0.9999934840171176, -0.0020406420101798705, 0.08949867129309473], [0.00917076402877119, 0.002067874640918315, -0.9999558095143997, -0.003936612042343225], [0.0, 0.0, 0.0, 1.0]]}, "mean_rme": {"type": "float", "data": 0.002000395186852468}, "max_rme": {"type": "float", "data": 0.007576417226240029}, "simu": {"type": "float", "data": 0.002}}, {"type": "dict", "image_number": {"type": "int", "data": 22}, "Hcamera2end": {"type": "ndarray", "data": [[0.9999951134419118, 0.002816655897095556, -0.0013562971117378221, -0.014089677069497401], [0.0013847160764783577, -0.010112291970792109, 0.9999479106995949, 0.031696017078522036], [0.002802793907067359, -0.9999449024824593, -0.010116142825192576, 0.034932873070019], [0.0, 0.0, 0.0, 1.0]]}, "Hobj2base": {"type": "ndarray", "data": [[0.9999513615811596, 0.0033845770075851245, 0.009263860451490743, -0.7319634402373661], [0.0033961507328749405, -0.9999934718095618, -0.0012338956433053695, 0.08944467329976086], [0.009259623760421432, 0.0012652970950338465, -0.999956328241927, -0.0038891258751713505], [0.0, 0.0, 0.0, 1.0]]}, "mean_rme": {"type": "float", "data": 0.0020237878942415996}, "max_rme": {"type": "float", "data": 0.007443232771338126}, "simu": {"type": "float", "data": 0.002}}, {"type": "dict", "image_number": {"type": "int", "data": 23}, "Hcamera2end": {"type": "ndarray", "data": [[0.9999951435939094, 0.0029140211363221065, -0.001105110588847627, -0.014143703437587732], [0.0011346536608892854, -0.010156161526621243, 0.9999477811086512, 0.031655501524129145], [0.0029026452877238844, -0.999944178873932, -0.010159418608926885, 0.0348884436824448], [0.0, 0.0, 0.0, 1.0]]}, "Hobj2base": {"type": "ndarray", "data": [[0.9999525679300696, 0.0033587770795434086, 0.009142237504541795, -0.7318642959461555], [0.0033653869275055625, -0.9999940866389287, -0.0007077132214605163, 0.08942870397063973], [0.009139806392243294, 0.0007384468197434412, -0.9999579584339571, -0.003816143227434172], [0.0, 0.0, 0.0, 1.0]]}, "mean_rme": {"type": "float", "data": 0.00197905446404154}, "max_rme": {"type": "float", "data": 0.007418774564278863}, "simu": {"type": "float", "data": 0.002}}, {"type": "dict", "image_number": {"type": "int", "data": 24}, "Hcamera2end": {"type": "ndarray", "data": [[0.9999924974294341, 0.0037230945321815806, -0.0010694166389232224, -0.01429371182452016], [0.0011032347113475638, -0.009093150697646157, 0.99995804786179, 0.031656761827843244], [0.0037132139737488983, -0.99995172542353, -0.009097189922762983, 0.03457415196142532], [0.0, 0.0, 0.0, 1.0]]}, "Hobj2base": {"type": "ndarray", "data": [[0.9999554209130933, 0.004240054305869445, 0.008436712985621814, -0.7321496327743492], [0.004243944791584009, -0.999990896172652, -0.0004432881928769705, 0.08939627194805383], [0.008434756613232461, 0.00047907337562751433, -0.9999643120479731, -0.0037698790495000376], [0.0, 0.0, 0.0, 1.0]]}, "mean_rme": {"type": "float", "data": 0.0020029048479864777}, "max_rme": {"type": "float", "data": 0.007292401724378783}, "simu": {"type": "float", "data": 0.002}}, {"type": "dict", "image_number": {"type": "int", "data": 25}, "Hcamera2end": {"type": "ndarray", "data": [[0.9999898744527201, 0.004483108266080613, -0.0003908098098921852, -0.014061170164752178], [0.0004377368682862868, -0.010471326410928627, 0.9999450783466209, 0.031541590590700226], [0.004478769749278388, -0.9999351244273152, -0.010473182804790593, 0.035094980125426216], [0.0, 0.0, 0.0, 1.0]]}, "Hobj2base": {"type": "ndarray", "data": [[0.9999450042381182, 0.0043672105544134195, 0.009534986691305161, -0.7320917430724196], [0.0043670226308460056, -0.9999904636898969, 4.052907912012838e-05, 0.08994843338548562], [0.009535072761737338, 1.1126524732013146e-06, -0.9999545401597965, -0.0038141802175330588], [0.0, 0.0, 0.0, 1.0]]}, "mean_rme": {"type": "float", "data": 0.0020293621128019256}, "max_rme": {"type": "float", "data": 0.0074004863179022995}, "simu": {"type": "float", "data": 0.002}}, {"type": "dict", "image_number": {"type": "int", "data": 26}, "Hcamera2end": {"type": "ndarray", "data": [[0.9999936391820395, 0.0035613943694414478, -0.00019510409086235126, -0.014180120808425975], [0.00023448308816744075, -0.01106011876736357, 0.999938807523007, 0.0313921188268147], [0.003559018564481497, -0.9999324928428904, -0.011060883502711283, 0.03529897707607311], [0.0, 0.0, 0.0, 1.0]]}, "Hobj2base": {"type": "ndarray", "data": [[0.9999433918933918, 0.003645003892287096, 0.00999634710101699, -0.7320403092182676], [0.0036437443817018216, -0.999993351143541, 0.00014420677207828032, 0.09001162351973087], [0.009996806270985514, -0.00010777447521908095, -0.9999500248757656, -0.003740536140208026], [0.0, 0.0, 0.0, 1.0]]}, "mean_rme": {"type": "float", "data": 0.002004040821438788}, "max_rme": {"type": "float", "data": 0.007596021205679759}, "simu": {"type": "float", "data": 0.002}}, {"type": "dict", "image_number": {"type": "int", "data": 27}, "Hcamera2end": {"type": "ndarray", "data": [[0.9999947032918886, 0.003234583405010323, -0.00036174350541731963, -0.014220729934440145], [0.0003977651517535737, -0.011142710305740433, 0.999937838962966, 0.03143981288844749], [0.003230351536865646, -0.9999326864730637, -0.011143937890615296, 0.03531860571075697], [0.0, 0.0, 0.0, 1.0]]}, "Hobj2base": {"type": "ndarray", "data": [[0.9999456776614013, 0.003318293504845911, 0.009880822561738518, -0.732163313611159], [0.0033188289651239996, -0.9999944919577297, -3.779554038661758e-05, 0.09002496185833238], [0.009880642721054003, 7.05862473616237e-05, -0.9999511827669394, -0.0037741409570471183], [0.0, 0.0, 0.0, 1.0]]}, "mean_rme": {"type": "float", "data": 0.002010998348669938}, "max_rme": {"type": "float", "data": 0.0078062501940534545}, "simu": {"type": "float", "data": 0.002}}, {"type": "dict", "image_number": {"type": "int", "data": 28}, "Hcamera2end": {"type": "ndarray", "data": [[0.9999946144087516, 0.0032650579152803906, -0.00033249105580343986, -0.014341245761418788], [0.00036629237492408684, -0.010357305710413156, 0.9999462945820226, 0.03149828123139976], [0.0032614388524693956, -0.999941031068948, -0.0103584458960162, 0.03492685973120049], [0.0, 0.0, 0.0, 1.0]]}, "Hobj2base": {"type": "ndarray", "data": [[0.9999553524809727, 0.00339808200472821, 0.008817373948221218, -0.7324162418961058], [0.0033954217476897773, -0.9999941854023955, 0.00031665842147881706, 0.09002015440020603], [0.00881839871002345, -0.0002867055802046153, -0.9999610760645148, -0.003604089204219406], [0.0, 0.0, 0.0, 1.0]]}, "mean_rme": {"type": "float", "data": 0.0020400520685204173}, "max_rme": {"type": "float", "data": 0.008025482916410698}, "simu": {"type": "float", "data": 0.002}}, {"type": "dict", "image_number": {"type": "int", "data": 29}, "Hcamera2end": {"type": "ndarray", "data": [[0.9999929158726703, 0.0035603117432061243, -0.0012216320091537334, -0.014309826377215394], [0.0012579171186612506, -0.01020719760956701, 0.9999471139822755, 0.031211572191680886], [0.0035476540131725636, -0.999941566941414, -0.010211603877569031, 0.034969807306892114], [0.0, 0.0, 0.0, 1.0]]}, "Hobj2base": {"type": "ndarray", "data": [[0.999956669729324, 0.00400907290467914, 0.008401547374429698, -0.7326648991555099], [0.004013355976772425, -0.9999918249299315, -0.0004929980823537704, 0.08943305532861054], [0.008399502225937203, 0.0005266951209827234, -0.9999645848501868, -0.0034570551469646897], [0.0, 0.0, 0.0, 1.0]]}, "mean_rme": {"type": "float", "data": 0.0020245306037480746}, "max_rme": {"type": "float", "data": 0.008045251302361722}, "simu": {"type": "float", "data": 0.002}}, {"type": "dict", "image_number": {"type": "int", "data": 30}, "Hcamera2end": {"type": "ndarray", "data": [[0.9999953152195039, 0.0030154807969468038, -0.0005257514700768278, -0.014573128782130596], [0.0005572674071472289, -0.010460080179945264, 0.9999451365828358, 0.03107150345648521], [0.0030098159548341626, -0.9999407450435214, -0.01046171160593068, 0.03538156424314361], [0.0, 0.0, 0.0, 1.0]]}, "Hobj2base": {"type": "ndarray", "data": [[0.9999567196703565, 0.0032934039760993037, 0.008701280155829702, -0.7327626751334889], [0.0032912783070027404, -0.9999945502912011, 0.00025860201875066685, 0.08969033034774074], [0.008702084417303458, -0.00022995249175001314, -0.9999621097064855, -0.0031882675718891656], [0.0, 0.0, 0.0, 1.0]]}, "mean_rme": {"type": "float", "data": 0.0020166255886244623}, "max_rme": {"type": "float", "data": 0.008002145517654713}, "simu": {"type": "float", "data": 0.002}}]}