{"type": "list", "data": [{"type": "dict", "image_number": {"type": "int", "data": 5}, "Hcamera2end": {"type": "ndarray", "data": [[0.9992292594761443, -0.009348419807011515, 0.03812471709886066, -0.015608179524465323], [-0.037982787350832777, 0.014916819118970581, 0.9991670512844354, 0.032242690936395514], [-0.00990933256166634, -0.9998450357702858, 0.014550243080392544, 0.03498912963612065], [0.0, 0.0, 0.0, 1.0]]}, "Hobj2base": {"type": "ndarray", "data": [[0.9998536832891401, -0.012324611389257882, -0.011862376121317372, -0.7417090373166066], [-0.01188279070663583, -0.9992585477102225, 0.03662177102597694, 0.10947496621877792], [-0.01230492983166157, -0.03647545451616155, -0.9992587902639021, 0.007520379334220473], [0.0, 0.0, 0.0, 1.0]]}, "mean_rme": {"type": "float", "data": 0.0019599237656716902}, "max_rme": {"type": "float", "data": 0.0069630678580107075}, "simu": {"type": "float", "data": 0.002}}, {"type": "dict", "image_number": {"type": "int", "data": 6}, "Hcamera2end": {"type": "ndarray", "data": [[0.9999606001766131, -0.007703780368083396, 0.004410199821774589, -0.017671404635428278], [-0.004397630873917828, 0.001647708185967156, 0.9999889728894168, 0.030291176574910865], [-0.007710962139993456, -0.9999689679313924, 0.0016137648841630936, 0.034222709761469766], [0.0, 0.0, 0.0, 1.0]]}, "Hobj2base": {"type": "ndarray", "data": [[0.9999381811135724, -0.011117683240910234, 0.00017626864557523296, -0.7353659974757892], [-0.011118405543142031, -0.9999265041750156, 0.004833974194324764, 0.09205873260926012], [0.0001225130966784705, -0.004835635189709097, -0.9999883007429906, -0.0005426783270395252], [0.0, 0.0, 0.0, 1.0]]}, "mean_rme": {"type": "float", "data": 0.0020984840826073744}, "max_rme": {"type": "float", "data": 0.006936120763383624}, "simu": {"type": "float", "data": 0.002}}, {"type": "dict", "image_number": {"type": "int", "data": 7}, "Hcamera2end": {"type": "ndarray", "data": [[0.9999736501682653, -0.0072551495932558375, -0.00024854282349669795, -0.0184556866597804], [0.0002484698513441565, -1.095933353134626e-05, 0.9999999690713125, 0.029464587909804763], [-0.007255152092727282, -0.9999736809957912, -9.156358813822152e-06, 0.034170973601051445], [0.0, 0.0, 0.0, 1.0]]}, "Hobj2base": {"type": "ndarray", "data": [[0.9999482060924907, -0.010125793807266878, 0.001026368443785866, -0.7346778370732583], [-0.010126936983938661, -0.9999480998397015, 0.0011147978710359945, 0.08900286791841613], [0.001015026961720218, -0.001125134099850693, -0.9999988518961027, -0.0006804449777288683], [0.0, 0.0, 0.0, 1.0]]}, "mean_rme": {"type": "float", "data": 0.001910161706732608}, "max_rme": {"type": "float", "data": 0.006574193453929178}, "simu": {"type": "float", "data": 0.002}}, {"type": "dict", "image_number": {"type": "int", "data": 8}, "Hcamera2end": {"type": "ndarray", "data": [[0.9999507181783357, -0.007131386919366117, 0.006906846982303638, -0.01771799528408937], [-0.006987940760391965, -0.011409791908030487, 0.9999104886601323, 0.029665257239601492], [-0.007051942892559156, -0.9999094758873034, -0.011459063322032392, 0.032705913627463945], [0.0, 0.0, 0.0, 1.0]]}, "Hobj2base": {"type": "ndarray", "data": [[0.9998792325216528, -0.01063005901810409, 0.011336763964303501, -0.7273279482396999], [-0.010715334048369456, -0.9999145523553918, 0.007487963952070239, 0.09325538297712316], [0.011256197765789334, -0.007608536862450822, -0.9999076998296741, -0.000953660308363774], [0.0, 0.0, 0.0, 1.0]]}, "mean_rme": {"type": "float", "data": 0.0018907748531107626}, "max_rme": {"type": "float", "data": 0.007250508808112954}, "simu": {"type": "float", "data": 0.002}}, {"type": "dict", "image_number": {"type": "int", "data": 9}, "Hcamera2end": {"type": "ndarray", "data": [[0.999920702465543, -0.007898895441902878, 0.009807967761616241, -0.018360579641815093], [-0.009822901559964646, -0.0018540463850436062, 0.9999500353102377, 0.029693657533302255], [-0.00788031634886961, -0.9999670844396831, -0.0019314894360946688, 0.034523577829750685], [0.0, 0.0, 0.0, 1.0]]}, "Hobj2base": {"type": "ndarray", "data": [[0.9999450013805864, -0.010432393336496011, 0.0010767466051191236, -0.733983308224546], [-0.010441918501843306, -0.9999026398847561, 0.009256191954343877, 0.09384033670300768], [0.000980077537679736, -0.009266926176863153, -0.9999565808210134, 0.0010488615080199838], [0.0, 0.0, 0.0, 1.0]]}, "mean_rme": {"type": "float", "data": 0.0019521718665102311}, "max_rme": {"type": "float", "data": 0.006576214257891011}, "simu": {"type": "float", "data": 0.002}}, {"type": "dict", "image_number": {"type": "int", "data": 10}, "Hcamera2end": {"type": "ndarray", "data": [[0.9999471264384361, -0.00839881359343301, 0.00593331759953962, -0.018399457548700964], [-0.005978639503702745, -0.005381444619477982, 0.9999676474384018, 0.029660308952761484], [-0.008366612050227182, -0.9999502487544216, -0.005431373562068353, 0.033554577059797835], [0.0, 0.0, 0.0, 1.0]]}, "Hobj2base": {"type": "ndarray", "data": [[0.9999245023176639, -0.011636693783657798, 0.003946773689675548, -0.7310860815547304], [-0.011659297479203832, -0.9999154765209779, 0.0057533117520751405, 0.09210325268178991], [0.0038794905675315666, -0.0057988939989031246, -0.9999756608944668, 1.1481890958675578e-05], [0.0, 0.0, 0.0, 1.0]]}, "mean_rme": {"type": "float", "data": 0.002020907596198712}, "max_rme": {"type": "float", "data": 0.006545762906697616}, "simu": {"type": "float", "data": 0.002}}, {"type": "dict", "image_number": {"type": "int", "data": 11}, "Hcamera2end": {"type": "ndarray", "data": [[0.9999436843118803, -0.00822852869424235, 0.006702202646196151, -0.01810154146015731], [-0.006733122798583122, -0.003735742466516534, 0.999970354203365, 0.028721915207303758], [-0.008203247049909481, -0.9999591669382065, -0.003790935779758753, 0.033152055122450806], [0.0, 0.0, 0.0, 1.0]]}, "Hobj2base": {"type": "ndarray", "data": [[0.9999434769966614, -0.010251628676833777, 0.0028190284318402358, -0.7317839628850958], [-0.01026893558865232, -0.9999280831810127, 0.00619495180133885, 0.09217637426333164], [0.002755317350744576, -0.006223550065446648, -0.99997683755719, 0.00136334552218249], [0.0, 0.0, 0.0, 1.0]]}, "mean_rme": {"type": "float", "data": 0.0019440861498574626}, "max_rme": {"type": "float", "data": 0.0067491389717415085}, "simu": {"type": "float", "data": 0.002}}, {"type": "dict", "image_number": {"type": "int", "data": 12}, "Hcamera2end": {"type": "ndarray", "data": [[0.9999553983214324, -0.0082395175103689, 0.00461646174269086, -0.01772696595683618], [-0.0046285009991948985, -0.0014426902329855995, 0.9999882477426384, 0.02863506467165623], [-0.008232760553171448, -0.99996501388603, -0.001480762501609334, 0.0335125267833541], [0.0, 0.0, 0.0, 1.0]]}, "Hobj2base": {"type": "ndarray", "data": [[0.9999423091987967, -0.010719440030962386, 0.0006869349319765935, -0.7332247500783463], [-0.010722268484396794, -0.9999334602814454, 0.004255345828954542, 0.09150748606203224], [0.0006412742990950702, -0.004262465835416235, -0.9999907100329861, 0.0014445083426225709], [0.0, 0.0, 0.0, 1.0]]}, "mean_rme": {"type": "float", "data": 0.0019256614207063866}, "max_rme": {"type": "float", "data": 0.006558180114826395}, "simu": {"type": "float", "data": 0.002}}, {"type": "dict", "image_number": {"type": "int", "data": 13}, "Hcamera2end": {"type": "ndarray", "data": [[0.999954599894544, -0.00828868335307345, 0.004700625279134717, -0.017534406546168547], [-0.0047112086861741025, -0.0012577875344628175, 0.9999881111709447, 0.0286286438469561], [-0.008282672422453695, -0.9999648572318883, -0.001296780147785892, 0.03342542903045036], [0.0, 0.0, 0.0, 1.0]]}, "Hobj2base": {"type": "ndarray", "data": [[0.9999467860892822, -0.010272238322838951, 0.0009518978695455468, -0.733374004848839], [-0.01027618953953058, -0.9999381949519308, 0.004243371869512063, 0.09165997888990418], [0.0009082501103159035, -0.004252927946029983, -0.999990543798102, 0.001409533772310516], [0.0, 0.0, 0.0, 1.0]]}, "mean_rme": {"type": "float", "data": 0.0018039439429777804}, "max_rme": {"type": "float", "data": 0.006642636884295727}, "simu": {"type": "float", "data": 0.002}}, {"type": "dict", "image_number": {"type": "int", "data": 14}, "Hcamera2end": {"type": "ndarray", "data": [[0.9999648607293581, -0.007540355038095021, 0.003663379916810285, -0.017494228518522222], [-0.00366543139869283, -0.00025826542781270945, 0.9999932489330268, 0.028568240819968914], [-0.0075393580082717005, -0.9999715377673848, -0.00028589500666797996, 0.03328976169400349], [0.0, 0.0, 0.0, 1.0]]}, "Hobj2base": {"type": "ndarray", "data": [[0.9999511035194628, -0.009875513652249193, 0.0005145875170460776, -0.7334815363592602], [-0.009877080205542664, -0.99994630205676, 0.003136285960194526, 0.0910096635125309], [0.00048358744993753667, -0.0031412152290277496, -0.9999949494422775, 0.0013716757939362747], [0.0, 0.0, 0.0, 1.0]]}, "mean_rme": {"type": "float", "data": 0.0018260395037393495}, "max_rme": {"type": "float", "data": 0.006474329603033041}, "simu": {"type": "float", "data": 0.002}}, {"type": "dict", "image_number": {"type": "int", "data": 15}, "Hcamera2end": {"type": "ndarray", "data": [[0.999970031972656, -0.006714018081568396, 0.0038544931970060144, -0.017985260688987068], [-0.0038809708038434762, -0.0039350762934879935, 0.9999847265034524, 0.028842488339786553], [-0.006698747810233456, -0.9999697181093862, -0.003961015275165014, 0.03405039957411001], [0.0, 0.0, 0.0, 1.0]]}, "Hobj2base": {"type": "ndarray", "data": [[0.9999522975222671, -0.008973356368903942, 0.0038576619105420477, -0.7324737052026994], [-0.008987757291371893, -0.9999526447614138, 0.0037320843405994866, 0.0908683146215807], [0.0038239899072548835, -0.003766578039893454, -0.9999855948917757, 0.0009605925116064211], [0.0, 0.0, 0.0, 1.0]]}, "mean_rme": {"type": "float", "data": 0.0019786443859601617}, "max_rme": {"type": "float", "data": 0.0069185459066348765}, "simu": {"type": "float", "data": 0.002}}, {"type": "dict", "image_number": {"type": "int", "data": 16}, "Hcamera2end": {"type": "ndarray", "data": [[0.9999711668014536, -0.0063018116831347285, 0.004237066821495881, -0.017647104960831578], [-0.004257777034320112, -0.003276613161664166, 0.9999855674663083, 0.028800420560207426], [-0.00628783750311113, -0.9999747751697035, -0.0033033503954853494, 0.034005387616881176], [0.0, 0.0, 0.0, 1.0]]}, "Hobj2base": {"type": "ndarray", "data": [[0.9999609433450577, -0.008267822059876686, 0.003123283984627925, -0.7331398770352731], [-0.008280476442858486, -0.999957471471786, 0.004060659753252531, 0.09095700650352292], [0.0030895783436712698, -0.0040863634369247785, -0.9999868779836663, 0.0011756385821511325], [0.0, 0.0, 0.0, 1.0]]}, "mean_rme": {"type": "float", "data": 0.0019944567426385712}, "max_rme": {"type": "float", "data": 0.00668861929307249}, "simu": {"type": "float", "data": 0.002}}, {"type": "dict", "image_number": {"type": "int", "data": 17}, "Hcamera2end": {"type": "ndarray", "data": [[0.9999585114193925, -0.007871327547466101, 0.004584500251190712, -0.01796721202503379], [-0.004627000979314474, -0.005389742077173798, 0.9999747704528744, 0.02872639079658032], [-0.007846419683530146, -0.9999544954061569, -0.005425939104695798, 0.034718486026284634], [0.0, 0.0, 0.0, 1.0]]}, "Hobj2base": {"type": "ndarray", "data": [[0.9999425027202922, -0.00979754468987518, 0.004358826852305399, -0.7327372225163566], [-0.009816081126138815, -0.9999427819569306, 0.004251748294551728, 0.0908929825086386], [0.004316920754836859, -0.00429429042858781, -0.9999814614606175, 0.001045203898226083], [0.0, 0.0, 0.0, 1.0]]}, "mean_rme": {"type": "float", "data": 0.00201455443080675}, "max_rme": {"type": "float", "data": 0.0066393415190428295}, "simu": {"type": "float", "data": 0.002}}, {"type": "dict", "image_number": {"type": "int", "data": 18}, "Hcamera2end": {"type": "ndarray", "data": [[0.9999777105865792, -0.006551769988324099, 0.0012855504827004541, -0.016691878518946133], [-0.0013190133143935832, -0.0051056899206647355, 0.9999860959704943, 0.028425722025601376], [-0.0065451152701788366, -0.9999655025251892, -0.005114217989678815, 0.03440878885703963], [0.0, 0.0, 0.0, 1.0]]}, "Hobj2base": {"type": "ndarray", "data": [[0.9999559745852954, -0.00844071580677524, 0.0040991716042914845, -0.7329829927440177], [-0.008447105485613659, -0.999963130603994, 0.0015439694213798128, 0.09021778075084383], [0.004085988263210092, -0.0015785275824308275, -0.9999904064292737, 0.0005035376238269299], [0.0, 0.0, 0.0, 1.0]]}, "mean_rme": {"type": "float", "data": 0.0020768980121339395}, "max_rme": {"type": "float", "data": 0.007053388915621933}, "simu": {"type": "float", "data": 0.002}}, {"type": "dict", "image_number": {"type": "int", "data": 19}, "Hcamera2end": {"type": "ndarray", "data": [[0.9999816169373368, -0.005798863954572411, 0.0017717122299869626, -0.01620345327127657], [-0.0017941637253380072, -0.003868796387467066, 0.999990906654175, 0.0284857443977373], [-0.005791956829622075, -0.9999757025004901, -0.0038791293784961045, 0.03382860002648728], [0.0, 0.0, 0.0, 1.0]]}, "Hobj2base": {"type": "ndarray", "data": [[0.9999656333792841, -0.007685820599018139, 0.0031080897810222175, -0.7334379185911382], [-0.007690889467866149, -0.9999691088453782, 0.0016222127398007934, 0.0907614423114884], [0.003095525732448663, -0.0016460609647928903, -0.9999938540829838, 0.0006885521461659216], [0.0, 0.0, 0.0, 1.0]]}, "mean_rme": {"type": "float", "data": 0.0020567970937614625}, "max_rme": {"type": "float", "data": 0.006977000505912462}, "simu": {"type": "float", "data": 0.002}}, {"type": "dict", "image_number": {"type": "int", "data": 20}, "Hcamera2end": {"type": "ndarray", "data": [[0.9999751522928088, -0.006338382435911679, 0.003085401930052387, -0.015977460346945915], [-0.003107581924444251, -0.0034924514474965473, 0.9999890727990329, 0.028523354489892225], [-0.006327537558696276, -0.9999738135026252, -0.003512061710773562, 0.03386952593443667], [0.0, 0.0, 0.0, 1.0]]}, "Hobj2base": {"type": "ndarray", "data": [[0.9999649276528216, -0.007800140075856859, 0.0030497998432944787, -0.7332818953938152], [-0.007808643502603243, -0.9999656302270334, 0.0027862970590242135, 0.0916849029505097], [0.0030279615150129347, -0.002810014136776999, -0.9999914675984065, 0.0008737483160834586], [0.0, 0.0, 0.0, 1.0]]}, "mean_rme": {"type": "float", "data": 0.002147904680796384}, "max_rme": {"type": "float", "data": 0.0071613272697089725}, "simu": {"type": "float", "data": 0.002}}, {"type": "dict", "image_number": {"type": "int", "data": 21}, "Hcamera2end": {"type": "ndarray", "data": [[0.9999818927076433, -0.00550339108681547, 0.002434531450814727, -0.015965235823481614], [-0.002445443904160885, -0.001977001097636988, 0.9999950556231624, 0.0284519131721303], [-0.005498550804625559, -0.9999829019304308, -0.0019904235336856146, 0.0329673899724788], [0.0, 0.0, 0.0, 1.0]]}, "Hobj2base": {"type": "ndarray", "data": [[0.9999745876420367, -0.00681340853186681, 0.0020979833928038752, -0.7331303245242946], [-0.006818048214800755, -0.9999743095475184, 0.0022123434418722526, 0.09144340025454814], [0.0020828558949789427, -0.0022265913729347586, -0.9999953519902876, 0.0007713867342831748], [0.0, 0.0, 0.0, 1.0]]}, "mean_rme": {"type": "float", "data": 0.0022377907419580943}, "max_rme": {"type": "float", "data": 0.007241651759939155}, "simu": {"type": "float", "data": 0.002}}, {"type": "dict", "image_number": {"type": "int", "data": 22}, "Hcamera2end": {"type": "ndarray", "data": [[0.9999837928573674, -0.0054491107747004835, 0.001649610365726646, -0.015755855706856142], [-0.001660336405017825, -0.001964464884707695, 0.9999966920748984, 0.028391341241094135], [-0.00544585214781325, -0.999983223894022, -0.001973480403339334, 0.033158033831957805], [0.0, 0.0, 0.0, 1.0]]}, "Hobj2base": {"type": "ndarray", "data": [[0.9999781232650465, -0.006297661431028855, 0.002022980923149771, -0.7334225592542907], [-0.00630086453490178, -0.9999788996974515, 0.001580906697865323, 0.0912715033788058], [0.0020129822225030407, -0.001593618641541965, -0.9999967041356672, 0.000618061137282214], [0.0, 0.0, 0.0, 1.0]]}, "mean_rme": {"type": "float", "data": 0.002221627006718359}, "max_rme": {"type": "float", "data": 0.007481400632041835}, "simu": {"type": "float", "data": 0.002}}, {"type": "dict", "image_number": {"type": "int", "data": 23}, "Hcamera2end": {"type": "ndarray", "data": [[0.9999864359756155, -0.005208355299433802, -2.9997682793945005e-05, -0.014891365338373659], [1.8819581122406486e-05, -0.002146222214891802, 0.9999976966853614, 0.02824544781413919], [-0.005208407684646005, -0.9999841332567629, -0.002146095084416322, 0.033083823336230216], [0.0, 0.0, 0.0, 1.0]]}, "Hobj2base": {"type": "ndarray", "data": [[0.9999795783782643, -0.005987116853890958, 0.0022354548097802533, -0.7332975187656053], [-0.0059878919170989605, -0.9999820145515235, 0.0003401821064099491, 0.09106229934467519], [0.0022333778941002716, -0.000353560821126174, -0.999997443505696, 0.00040241619970142413], [0.0, 0.0, 0.0, 1.0]]}, "mean_rme": {"type": "float", "data": 0.0022363328902726505}, "max_rme": {"type": "float", "data": 0.0076269219543519395}, "simu": {"type": "float", "data": 0.002}}, {"type": "dict", "image_number": {"type": "int", "data": 24}, "Hcamera2end": {"type": "ndarray", "data": [[0.9999790939094327, -0.006198276138731044, 0.0018420415244665166, -0.015763974190032403], [-0.00183882489451121, 0.000524614394283307, 0.9999981717497011, 0.02825021642197373], [-0.006199231168229444, -0.9999806528891673, 0.0005132058821802898, 0.032426185610433186], [0.0, 0.0, 0.0, 1.0]]}, "Hobj2base": {"type": "ndarray", "data": [[0.9999777631249028, -0.0066684727810304885, -6.874943196678209e-05, -0.7337574272799089], [-0.006668359771868944, -0.999976595076842, 0.0015304497632329832, 0.09095926858014532], [-7.895358548046347e-05, -0.0015299572848662894, -0.9999988264978301, 0.0010662888872040727], [0.0, 0.0, 0.0, 1.0]]}, "mean_rme": {"type": "float", "data": 0.002267328098426743}, "max_rme": {"type": "float", "data": 0.007026081515065341}, "simu": {"type": "float", "data": 0.002}}, {"type": "dict", "image_number": {"type": "int", "data": 25}, "Hcamera2end": {"type": "ndarray", "data": [[0.9999830995934746, -0.005730897324686196, 0.0009784392065015335, -0.015154208062183263], [-0.0009578946431288461, 0.0035865256680245317, 0.999993109612004, 0.028355787607096578], [-0.005734367033908783, -0.9999771465636036, 0.003580975458435054, 0.03103830701013552], [0.0, 0.0, 0.0, 1.0]]}, "Hobj2base": {"type": "ndarray", "data": [[0.9999791915774784, -0.0060392159606842575, -0.002268101107307055, -0.7339184320788118], [-0.006038010818310634, -0.9999816264206762, 0.0005378163418214517, 0.09105481141542114], [-0.0022713074232068903, -0.0005241103316888297, -0.9999972832317845, 0.0013986031218688755], [0.0, 0.0, 0.0, 1.0]]}, "mean_rme": {"type": "float", "data": 0.002276504203335771}, "max_rme": {"type": "float", "data": 0.007240313004251153}, "simu": {"type": "float", "data": 0.002}}, {"type": "dict", "image_number": {"type": "int", "data": 26}, "Hcamera2end": {"type": "ndarray", "data": [[0.9999681206157274, -0.007917588774730344, 0.0010341857881606621, -0.01534464640037634], [-0.0009956885423136812, 0.004864642416565368, 0.9999876718532513, 0.027157070538982916], [-0.007922522109585729, -0.9999568225889323, 0.004856603882334665, 0.030593903624906372], [0.0, 0.0, 0.0, 1.0]]}, "Hobj2base": {"type": "ndarray", "data": [[0.9999617961849547, -0.008197150079381568, -0.003035276121744912, -0.7334837808104862], [-0.008194839609420076, -0.9999661230701669, 0.0007728620811062994, 0.0913584060500962], [-0.0030415085623782022, -0.0007479589538382952, -0.9999950948795042, 0.002826699769108163], [0.0, 0.0, 0.0, 1.0]]}, "mean_rme": {"type": "float", "data": 0.002366895931693779}, "max_rme": {"type": "float", "data": 0.007507212740470726}, "simu": {"type": "float", "data": 0.002}}, {"type": "dict", "image_number": {"type": "int", "data": 27}, "Hcamera2end": {"type": "ndarray", "data": [[0.9999613929923024, -0.008729186589298096, 0.0010068894593527932, -0.015111222815067623], [-0.0009666790150138931, 0.0046094326627028614, 0.999988909269603, 0.026242885130761427], [-0.00873373096540472, -0.9999512760289961, 0.004600816384806583, 0.030692404355375166], [0.0, 0.0, 0.0, 1.0]]}, "Hobj2base": {"type": "ndarray", "data": [[0.999953432295018, -0.009184865997356156, -0.0029616681150129946, -0.7334586244983871], [-0.009182291184477925, -0.9999574530663322, 0.0008818081970762773, 0.091551013643763], [-0.0029696413952416765, -0.000854572234268472, -0.9999952254567415, 0.0038387729372269096], [0.0, 0.0, 0.0, 1.0]]}, "mean_rme": {"type": "float", "data": 0.0023771184019939326}, "max_rme": {"type": "float", "data": 0.007947390026822293}, "simu": {"type": "float", "data": 0.002}}, {"type": "dict", "image_number": {"type": "int", "data": 28}, "Hcamera2end": {"type": "ndarray", "data": [[0.9999713749271152, -0.00746566044983845, 0.0012301383753599406, -0.014941061549702378], [-0.0011791504873034328, 0.006830218436381208, 0.9999759785716055, 0.026278665970754667], [-0.007473883227821218, -0.9999488047046005, 0.006821219783723187, 0.030058357639982623], [0.0, 0.0, 0.0, 1.0]]}, "Hobj2base": {"type": "ndarray", "data": [[0.9999578929005954, -0.007904751889768937, -0.00466125770178823, -0.7339839213634932], [-0.007901100639662088, -0.9999684648351783, 0.0008012139903223524, 0.09178603074704371], [-0.004667444106062438, -0.0007643511873159888, -0.9999888153038405, 0.004035640378663776], [0.0, 0.0, 0.0, 1.0]]}, "mean_rme": {"type": "float", "data": 0.002394604512266066}, "max_rme": {"type": "float", "data": 0.007980701257820938}, "simu": {"type": "float", "data": 0.002}}, {"type": "dict", "image_number": {"type": "int", "data": 29}, "Hcamera2end": {"type": "ndarray", "data": [[0.9999701478371159, -0.007445876200032904, 0.002064548916942631, -0.015158977595355816], [-0.0020142966476175434, 0.006750202968236141, 0.9999751883766432, 0.026242126544650232], [-0.007459627579984283, -0.9999494955684018, 0.006735003256609362, 0.029927214857010557], [0.0, 0.0, 0.0, 1.0]]}, "Hobj2base": {"type": "ndarray", "data": [[0.9999593339340793, -0.007758986843856584, -0.004596585827482111, -0.7337461714440418], [-0.007753668498849108, -0.9999692510378206, 0.0011737136238176354, 0.09174166823578928], [-0.004605551315804002, -0.001138025490769233, -0.9999887468342135, 0.004100738676019417], [0.0, 0.0, 0.0, 1.0]]}, "mean_rme": {"type": "float", "data": 0.002443972073584546}, "max_rme": {"type": "float", "data": 0.007823959971945238}, "simu": {"type": "float", "data": 0.002}}, {"type": "dict", "image_number": {"type": "int", "data": 30}, "Hcamera2end": {"type": "ndarray", "data": [[0.9999738303403763, -0.006985713660140464, 0.001881073909935823, -0.01508750035030948], [-0.0018337104052429513, 0.006780279425923519, 0.999975332354282, 0.026273333519510878], [-0.006998295545760985, -0.9999526126850039, 0.006767292212492171, 0.03012101968247921], [0.0, 0.0, 0.0, 1.0]]}, "Hobj2base": {"type": "ndarray", "data": [[0.9999624853638701, -0.007363221641789422, -0.004561889078620179, -0.73400597078688], [-0.007358923628048726, -0.9999724636430067, 0.000958226889743262, 0.0917311190514651], [-0.004568819097786248, -0.000924620348880968, -0.9999891354256116, 0.004081779805562626], [0.0, 0.0, 0.0, 1.0]]}, "mean_rme": {"type": "float", "data": 0.002417679035017015}, "max_rme": {"type": "float", "data": 0.007842252916038517}, "simu": {"type": "float", "data": 0.002}}]}