{"type": "list", "data": [{"type": "dict", "image_number": {"type": "int", "data": 5}, "Hcamera2end": {"type": "ndarray", "data": [[0.9999833414259399, -0.004863482947906107, 0.0031086016514667667, -0.012981809092875437], [-0.002971037682104677, 0.028041086545166793, 0.9996023561399094, 0.023684550431484184], [-0.004948717581716444, -0.9995949399626742, 0.02802616982954531, 0.02881378463644255], [0.0, 0.0, 0.0, 1.0]]}, "Hobj2base": {"type": "ndarray", "data": [[0.9997540681909075, -0.015333007886865445, -0.016021922633429112, -0.7444102484678996], [-0.015203269892931675, -0.9998508958464327, 0.00818820246743243, 0.1008867193033893], [-0.016145083471228738, -0.007942603113986707, -0.9998381125639688, 0.007376320976306116], [0.0, 0.0, 0.0, 1.0]]}, "mean_rme": {"type": "float", "data": 0.00152170931877697}, "max_rme": {"type": "float", "data": 0.004481614915311405}, "simu": {"type": "float", "data": 0.002}}, {"type": "dict", "image_number": {"type": "int", "data": 6}, "Hcamera2end": {"type": "ndarray", "data": [[0.9999458913532521, -0.003992756034771486, -0.009605845355667572, -0.013628535356679645], [0.009659149177378359, 0.013552424113982497, 0.9998615067287089, 0.022879988695410046], [-0.003862020574693426, -0.9999001898689097, 0.013590257436822295, 0.027390855752858545], [0.0, 0.0, 0.0, 1.0]]}, "Hobj2base": {"type": "ndarray", "data": [[0.9999564742444136, -0.008048490248939638, -0.004719260683005649, -0.7355138698759321], [-0.00806072634158023, -0.9999641847012348, -0.0025795359350900085, 0.092454849743118], [-0.004698330291453975, 0.0026174643277396587, -0.9999855371818958, 0.007644617029782419], [0.0, 0.0, 0.0, 1.0]]}, "mean_rme": {"type": "float", "data": 0.0013691464666433285}, "max_rme": {"type": "float", "data": 0.004459783245300386}, "simu": {"type": "float", "data": 0.002}}, {"type": "dict", "image_number": {"type": "int", "data": 7}, "Hcamera2end": {"type": "ndarray", "data": [[0.9999479014011665, -0.004001490907580697, -0.00939055663522885, -0.013504120942078451], [0.00944431210423129, 0.013633684304181437, 0.9998624543511833, 0.022805117502050307], [-0.003872912635312331, -0.9998990502659809, 0.01367076533734568, 0.027197089149731166], [0.0, 0.0, 0.0, 1.0]]}, "Hobj2base": {"type": "ndarray", "data": [[0.9999532303864144, -0.00791616259910753, -0.00555620459298227, -0.7353958059312559], [-0.007924036286980326, -0.9999676291700719, -0.0013965174213695713, 0.09261548043192191], [-0.005544969675048298, 0.0014404796736020864, -0.9999835890301465, 0.007664109495318079], [0.0, 0.0, 0.0, 1.0]]}, "mean_rme": {"type": "float", "data": 0.001249180157853773}, "max_rme": {"type": "float", "data": 0.004345357317314558}, "simu": {"type": "float", "data": 0.002}}, {"type": "dict", "image_number": {"type": "int", "data": 8}, "Hcamera2end": {"type": "ndarray", "data": [[0.9999672256116339, -0.0048246484292349115, -0.006501574432860917, -0.013095475988831222], [0.006556911584262473, 0.011543896939061216, 0.9999118687934133, 0.02296987182070431], [-0.0047491697219529064, -0.9999217275422084, 0.011575153388075354, 0.027997712548199456], [0.0, 0.0, 0.0, 1.0]]}, "Hobj2base": {"type": "ndarray", "data": [[0.9999642617121155, -0.00772725679931942, -0.003429985554067361, -0.7350174919210529], [-0.0077246725863292405, -0.9999698708636064, 0.0007660277127727564, 0.09443047110629565], [-0.0034358015044167645, -0.0007395048208728203, -0.9999938241812509, 0.00665477356177703], [0.0, 0.0, 0.0, 1.0]]}, "mean_rme": {"type": "float", "data": 0.001621003521509104}, "max_rme": {"type": "float", "data": 0.004648301395715482}, "simu": {"type": "float", "data": 0.002}}, {"type": "dict", "image_number": {"type": "int", "data": 9}, "Hcamera2end": {"type": "ndarray", "data": [[0.9999499704891952, -0.003984948360760859, -0.009174786385502263, -0.011791666489766072], [0.009218011009297375, 0.01096754545130707, 0.9998973653429666, 0.025540707986103302], [-0.0038839144802635265, -0.999931914248833, 0.011003730048234406, 0.02746107475339453], [0.0, 0.0, 0.0, 1.0]]}, "Hobj2base": {"type": "ndarray", "data": [[0.9999660155973394, -0.006497902093145684, -0.005073945089304446, -0.7347629032763945], [-0.006509019539059477, -0.9999764449654578, -0.002177654445729106, 0.09208904017549442], [-0.00505967538697155, 0.0022106068471699643, -0.9999847563349882, 0.0048027133984297355], [0.0, 0.0, 0.0, 1.0]]}, "mean_rme": {"type": "float", "data": 0.001787560314865416}, "max_rme": {"type": "float", "data": 0.005177208654936094}, "simu": {"type": "float", "data": 0.002}}, {"type": "dict", "image_number": {"type": "int", "data": 10}, "Hcamera2end": {"type": "ndarray", "data": [[0.9999425553035627, -0.003512914019467667, -0.010126476587308572, -0.011888638600831157], [0.010159993716461223, 0.009658221176400472, 0.9999017418183594, 0.025430265792826232], [-0.0034147650963059872, -0.9999471877048306, 0.009693357547181036, 0.028471450367487824], [0.0, 0.0, 0.0, 1.0]]}, "Hobj2base": {"type": "ndarray", "data": [[0.9999665555889881, -0.006337249890104226, -0.005169813084205559, -0.7350460062219235], [-0.006352732454611005, -0.9999753692697755, -0.002983897474176575, 0.09146150719318102], [-0.0051507760439938625, 0.0030166401188473366, -0.9999821845355736, 0.005118912212405224], [0.0, 0.0, 0.0, 1.0]]}, "mean_rme": {"type": "float", "data": 0.0017397584970013796}, "max_rme": {"type": "float", "data": 0.005257308823919449}, "simu": {"type": "float", "data": 0.002}}, {"type": "dict", "image_number": {"type": "int", "data": 11}, "Hcamera2end": {"type": "ndarray", "data": [[0.9999484955960211, -0.003167540850491262, -0.009642242488899735, -0.011175342782922358], [0.009667878529235528, 0.0081802789605262, 0.9999198043647661, 0.025045572650433674], [-0.003088410594176388, -0.9999615241203477, 0.008210481040312967, 0.028859785573060077], [0.0, 0.0, 0.0, 1.0]]}, "Hobj2base": {"type": "ndarray", "data": [[0.9999786150964985, -0.005490785047512801, -0.0035525524979831274, -0.7341949308252519], [-0.005504843796662339, -0.9999770082153188, -0.003959764578197251, 0.09191435783701839], [-0.0035307286023233886, 0.0039792361455946975, -0.9999858497175018, 0.004838161378937899], [0.0, 0.0, 0.0, 1.0]]}, "mean_rme": {"type": "float", "data": 0.00175929045373229}, "max_rme": {"type": "float", "data": 0.004967859033872257}, "simu": {"type": "float", "data": 0.002}}, {"type": "dict", "image_number": {"type": "int", "data": 12}, "Hcamera2end": {"type": "ndarray", "data": [[0.9999603070416277, -0.003138525237730261, -0.008338704968146728, -0.011714290831615064], [0.008360635679497911, 0.007040561287999347, 0.9999402633496584, 0.02511244049374489], [-0.0030796285893547673, -0.999970289636688, 0.007066521893376754, 0.029919001933657704], [0.0, 0.0, 0.0, 1.0]]}, "Hobj2base": {"type": "ndarray", "data": [[0.9999897226059873, -0.003956455981620279, -0.0022138515004633554, -0.7346655963026426], [-0.003964566893954167, -0.9999854014238208, -0.0036713959993138643, 0.09191996580732571], [-0.002199293464721194, 0.00368013522929747, -0.9999908098142456, 0.004232090243639029], [0.0, 0.0, 0.0, 1.0]]}, "mean_rme": {"type": "float", "data": 0.0017468906431974932}, "max_rme": {"type": "float", "data": 0.004821985715578847}, "simu": {"type": "float", "data": 0.002}}, {"type": "dict", "image_number": {"type": "int", "data": 13}, "Hcamera2end": {"type": "ndarray", "data": [[0.9999589558363691, -0.002856868403517852, -0.008597961709810975, -0.011413706506038315], [0.00861842336205788, 0.007228859082987649, 0.999936731186084, 0.02506348749694392], [-0.002794534199241301, -0.9999697904933346, 0.007253184081903785, 0.02988621743108669], [0.0, 0.0, 0.0, 1.0]]}, "Hobj2base": {"type": "ndarray", "data": [[0.9999904094930185, -0.0036999137302104537, -0.002343407854849482, -0.7345526611415194], [-0.0037099477052883094, -0.9999839073279757, -0.004292012709547044, 0.0919870220473458], [-0.0023274900664011634, 0.004300665467562841, -0.9999880434617843, 0.00439366295347511], [0.0, 0.0, 0.0, 1.0]]}, "mean_rme": {"type": "float", "data": 0.00172867109160775}, "max_rme": {"type": "float", "data": 0.004802169467996498}, "simu": {"type": "float", "data": 0.002}}, {"type": "dict", "image_number": {"type": "int", "data": 14}, "Hcamera2end": {"type": "ndarray", "data": [[0.9999631222457196, -0.0034649152482791883, -0.007858022073919462, -0.011559355572540871], [0.007881976264271643, 0.0069547634788492685, 0.9999447513313539, 0.02480064156650154], [-0.0034100731313890607, -0.9999698123579911, 0.006981817382535227, 0.029663853752949717], [0.0, 0.0, 0.0, 1.0]]}, "Hobj2base": {"type": "ndarray", "data": [[0.9999910401110839, -0.003948817141639801, -0.001525300211280241, -0.7340771116998496], [-0.003955803260950274, -0.9999815743555331, -0.004604624847919462, 0.09204963537395901], [-0.0015070892851105576, 0.004610617378542035, -0.9999882353754346, 0.004370356031896097], [0.0, 0.0, 0.0, 1.0]]}, "mean_rme": {"type": "float", "data": 0.001741003482430014}, "max_rme": {"type": "float", "data": 0.0043610211886774275}, "simu": {"type": "float", "data": 0.002}}, {"type": "dict", "image_number": {"type": "int", "data": 15}, "Hcamera2end": {"type": "ndarray", "data": [[0.9999653889210139, -0.002326759323920329, -0.007987937849904269, -0.01155299618843809], [0.008002173936274073, 0.0061747539231091775, 0.9999489175084311, 0.02455707054808676], [-0.002277316916680531, -0.9999782290655321, 0.006193159341031262, 0.02998328693181428], [0.0, 0.0, 0.0, 1.0]]}, "Hobj2base": {"type": "ndarray", "data": [[0.9999955440651191, -0.0023263608497230597, -0.0018708006583240027, -0.7343457743315357], [-0.0023348920503266585, -0.9999868270034344, -0.0045710063133144055, 0.09186729525446685], [-0.0018601422041422244, 0.0045753540627928, -0.9999878029287059, 0.004663649091372424], [0.0, 0.0, 0.0, 1.0]]}, "mean_rme": {"type": "float", "data": 0.001709232103798096}, "max_rme": {"type": "float", "data": 0.0044118336407178715}, "simu": {"type": "float", "data": 0.002}}, {"type": "dict", "image_number": {"type": "int", "data": 16}, "Hcamera2end": {"type": "ndarray", "data": [[0.9999676634277386, -0.0030957643455744375, -0.00742215211280455, -0.01183538578688192], [0.007441956079713175, 0.0064354222180705856, 0.9999516001440184, 0.024741729409521598], [-0.0030478498284133167, -0.9999745004668829, 0.006458252660867969, 0.030042784682424814], [0.0, 0.0, 0.0, 1.0]]}, "Hobj2base": {"type": "ndarray", "data": [[0.9999939336824524, -0.0032428146640763583, -0.0012715153752133645, -0.7341484995456052], [-0.0032479009667832617, -0.9999866503428263, -0.004018740529552413, 0.09218550314450327], [-0.0012584663701986638, 0.0040228459066126545, -0.9999911164471444, 0.004491950780145006], [0.0, 0.0, 0.0, 1.0]]}, "mean_rme": {"type": "float", "data": 0.0017655769252337414}, "max_rme": {"type": "float", "data": 0.00462974400489774}, "simu": {"type": "float", "data": 0.002}}, {"type": "dict", "image_number": {"type": "int", "data": 17}, "Hcamera2end": {"type": "ndarray", "data": [[0.9999686944046926, -0.0031228660586711744, -0.007270345119330064, -0.011882523779743002], [0.0072898756699002355, 0.006288869302971345, 0.9999536528437744, 0.02480493783573226], [-0.003076999072467118, -0.9999753486113895, 0.006311437731475467, 0.030159933196610877], [0.0, 0.0, 0.0, 1.0]]}, "Hobj2base": {"type": "ndarray", "data": [[0.9999943985021997, -0.003204643046762947, -0.0009660368349569243, -0.7341213911364062], [-0.0032081966188794876, -0.9999880098554756, -0.0036996783292187747, 0.09225495755507171], [-0.000954169103602667, 0.0037027568415863737, -0.9999926895498255, 0.0044787234299215085], [0.0, 0.0, 0.0, 1.0]]}, "mean_rme": {"type": "float", "data": 0.0017257153873076808}, "max_rme": {"type": "float", "data": 0.0046704069007080795}, "simu": {"type": "float", "data": 0.002}}, {"type": "dict", "image_number": {"type": "int", "data": 18}, "Hcamera2end": {"type": "ndarray", "data": [[0.9999674167297344, -0.0036786549843011796, -0.007185608976838345, -0.011715733206457676], [0.007211521399032471, 0.007079868022874192, 0.9999489334100466, 0.02472492721767098], [-0.0036275939647155203, -0.9999681709765991, 0.007106166036759953, 0.029894917614251837], [0.0, 0.0, 0.0, 1.0]]}, "Hobj2base": {"type": "ndarray", "data": [[0.9999900830469403, -0.004161132478874318, -0.0015870678204467966, -0.73390816477492], [-0.004166861026494271, -0.9999847538106921, -0.0036234535122997872, 0.09259459382082141], [-0.0015719659536146393, 0.0036300306697288143, -0.9999921758695804, 0.004453547175820947], [0.0, 0.0, 0.0, 1.0]]}, "mean_rme": {"type": "float", "data": 0.001760556069964036}, "max_rme": {"type": "float", "data": 0.004724789831260567}, "simu": {"type": "float", "data": 0.002}}, {"type": "dict", "image_number": {"type": "int", "data": 19}, "Hcamera2end": {"type": "ndarray", "data": [[0.9999581328707629, -0.0037656366637723567, -0.008339813315317851, -0.011242828878511166], [0.00836862293489313, 0.007700846397132199, 0.9999353294663321, 0.025418977423329894], [-0.0037011695167176854, -0.9999632577976477, 0.007732037178149742, 0.02948831011244387], [0.0, 0.0, 0.0, 1.0]]}, "Hobj2base": {"type": "ndarray", "data": [[0.99998683868215, -0.004236524430809017, -0.0028938422947468265, -0.7339817525059933], [-0.004250542833711955, -0.9999791789270662, -0.004855367953994366, 0.09210666345635819], [-0.002873212156887685, 0.004867604451581274, -0.9999840254118084, 0.004080049562559573], [0.0, 0.0, 0.0, 1.0]]}, "mean_rme": {"type": "float", "data": 0.001763094813112329}, "max_rme": {"type": "float", "data": 0.004739453717713726}, "simu": {"type": "float", "data": 0.002}}, {"type": "dict", "image_number": {"type": "int", "data": 20}, "Hcamera2end": {"type": "ndarray", "data": [[0.9999633387602459, -0.003659106491796865, -0.007741580920158513, -0.011747942033253862], [0.007765178266585695, 0.006479335639304806, 0.9999488588003694, 0.02542324561721702], [-0.0036087590595407543, -0.9999723141914253, 0.006507511713032654, 0.030057030697465476], [0.0, 0.0, 0.0, 1.0]]}, "Hobj2base": {"type": "ndarray", "data": [[0.9999901506340232, -0.003996295888521116, -0.0019308687461756225, -0.7337699964325196], [-0.004005088778229031, -0.9999815294701566, -0.004571649855913826, 0.09191815949966675], [-0.0019125634164838758, 0.004579338128808817, -0.9999876858059202, 0.0039059815707507438], [0.0, 0.0, 0.0, 1.0]]}, "mean_rme": {"type": "float", "data": 0.0017454758957491582}, "max_rme": {"type": "float", "data": 0.00476804043342538}, "simu": {"type": "float", "data": 0.002}}, {"type": "dict", "image_number": {"type": "int", "data": 21}, "Hcamera2end": {"type": "ndarray", "data": [[0.9999692689955985, -0.003356706253956299, -0.007084743293382649, -0.01170399137077628], [0.007108400544308447, 0.007089040172569838, 0.9999496068058299, 0.02553533772725526], [-0.0033063130689871337, -0.9999692385431448, 0.007112683131807795, 0.029920588863968686], [0.0, 0.0, 0.0, 1.0]]}, "Hobj2base": {"type": "ndarray", "data": [[0.9999904583416688, -0.0038757260332892614, -0.0020154337831138646, -0.7338322610405438], [-0.0038838134612726822, -0.9999843598262035, -0.004024437348949887, 0.09229339158077388], [-0.0019998046447765555, 0.004032226518000889, -0.9999898709140458, 0.0038308441646895184], [0.0, 0.0, 0.0, 1.0]]}, "mean_rme": {"type": "float", "data": 0.0017550847514680391}, "max_rme": {"type": "float", "data": 0.0047722120847316085}, "simu": {"type": "float", "data": 0.002}}, {"type": "dict", "image_number": {"type": "int", "data": 22}, "Hcamera2end": {"type": "ndarray", "data": [[0.999969916251351, -0.0033392060488006536, -0.007001163848233498, -0.011420931564368929], [0.007025424445354523, 0.007309845888193611, 0.9999486034614248, 0.025592009812107436], [-0.0032878569963995753, -0.9999677074066217, 0.007333085320430532, 0.029933768251509823], [0.0, 0.0, 0.0, 1.0]]}, "Hobj2base": {"type": "ndarray", "data": [[0.999989166186242, -0.004068868085012848, -0.002260934021843777, -0.7340246129950273], [-0.004077030776562765, -0.9999851455928805, -0.0036175148420200904, 0.09263486589141924], [-0.0022461812463215906, 0.0036266935481288603, -0.9999909008404608, 0.003894018020115926], [0.0, 0.0, 0.0, 1.0]]}, "mean_rme": {"type": "float", "data": 0.0017906668971841655}, "max_rme": {"type": "float", "data": 0.004893531197526002}, "simu": {"type": "float", "data": 0.002}}, {"type": "dict", "image_number": {"type": "int", "data": 23}, "Hcamera2end": {"type": "ndarray", "data": [[0.9999810107244098, -0.002701818107017957, -0.0055388057832349335, -0.011527020903271793], [0.0055573540922475365, 0.006906615243325476, 0.9999607064686961, 0.02574824684045027], [-0.002663457542591283, -0.9999724990442472, 0.0069214990516187624, 0.02988556417027867], [0.0, 0.0, 0.0, 1.0]]}, "Hobj2base": {"type": "ndarray", "data": [[0.9999896457744278, -0.003846587598133504, -0.002431482630863985, -0.7339692697603101], [-0.0038513829889493595, -0.9999906417238615, -0.001970612537279291, 0.09323043443403739], [-0.0024238797426314744, 0.0019799567039550004, -0.999995102277228, 0.0037018087783624947], [0.0, 0.0, 0.0, 1.0]]}, "mean_rme": {"type": "float", "data": 0.0018664571254079626}, "max_rme": {"type": "float", "data": 0.006624076015203845}, "simu": {"type": "float", "data": 0.002}}, {"type": "dict", "image_number": {"type": "int", "data": 24}, "Hcamera2end": {"type": "ndarray", "data": [[0.999985656712905, -0.0029348870914258926, -0.004480268543380359, -0.01186265660795818], [0.004499927623484968, 0.006726410031773655, 0.9999672524935344, 0.025558386365739528], [-0.0029046548579166566, -0.9999730705603251, 0.006739520332437965, 0.0300646301407174], [0.0, 0.0, 0.0, 1.0]]}, "Hobj2base": {"type": "ndarray", "data": [[0.9999888895288301, -0.004142036267325859, -0.002250412063914793, -0.7341395593095793], [-0.0041447944907781736, -0.9999906631960767, -0.0012223744518622456, 0.09342547094260399], [-0.002245327932946739, 0.0012316883662306342, -0.9999967207177445, 0.003828391721849784], [0.0, 0.0, 0.0, 1.0]]}, "mean_rme": {"type": "float", "data": 0.0018919002757234074}, "max_rme": {"type": "float", "data": 0.0066238652798954745}, "simu": {"type": "float", "data": 0.002}}, {"type": "dict", "image_number": {"type": "int", "data": 25}, "Hcamera2end": {"type": "ndarray", "data": [[0.999985589777791, -0.0028420860442058514, -0.004554424626763323, -0.011741837077344252], [0.004573215734750794, 0.006640635060906175, 0.999967493303573, 0.025219572442305712], [-0.0028117493855188535, -0.9999739119161587, 0.006653536840496188, 0.03001024331815508], [0.0, 0.0, 0.0, 1.0]]}, "Hobj2base": {"type": "ndarray", "data": [[0.9999897232951573, -0.0039353150289207035, -0.002250910859595792, -0.7340746551058149], [-0.003938424613886223, -0.9999912939357762, -0.0013787183221266105, 0.09335468750791694], [-0.0022454655720875747, 0.0013875691961784487, -0.9999965162619766, 0.004050146932919489], [0.0, 0.0, 0.0, 1.0]]}, "mean_rme": {"type": "float", "data": 0.0019096809883842275}, "max_rme": {"type": "float", "data": 0.006818895006023201}, "simu": {"type": "float", "data": 0.002}}, {"type": "dict", "image_number": {"type": "int", "data": 26}, "Hcamera2end": {"type": "ndarray", "data": [[0.9999895813160706, -0.002340264728227953, -0.003919237210428846, -0.01190263364131238], [0.003932689946105879, 0.0057717193527304644, 0.9999756103053219, 0.025170195685715834], [-0.002317586912630392, -0.9999806050202749, 0.005780862754578786, 0.03054087198811803], [0.0, 0.0, 0.0, 1.0]]}, "Hobj2base": {"type": "ndarray", "data": [[0.9999937571983777, -0.003109277735819341, -0.0016786769294583146, -0.734115875730865], [-0.0031110165965220456, -0.9999946259510426, -0.0010342363224017893, 0.09337142449558532], [-0.0016754521801954927, 0.0010394522576573414, -0.999998056197609, 0.0038783924063625244], [0.0, 0.0, 0.0, 1.0]]}, "mean_rme": {"type": "float", "data": 0.0018894779308533379}, "max_rme": {"type": "float", "data": 0.006810700712816087}, "simu": {"type": "float", "data": 0.002}}, {"type": "dict", "image_number": {"type": "int", "data": 27}, "Hcamera2end": {"type": "ndarray", "data": [[0.9999926283170358, -0.0025408731977645095, -0.002878762751509636, -0.012266043673916493], [0.002891834874877812, 0.005156144905547055, 0.9999825255777071, 0.024709116952187936], [-0.002525985479577784, -0.9999834789300801, 0.005163454681807456, 0.03048082946067175], [0.0, 0.0, 0.0, 1.0]]}, "Hobj2base": {"type": "ndarray", "data": [[0.9999947280715938, -0.0031268616618580314, -0.0008755370732215808, -0.733712147785493], [-0.003127181952427585, -0.9999950438540648, -0.0003646921217490567, 0.09342193380543068], [-0.0008743923921181953, 0.00036742816285236033, -0.9999995502171437, 0.004125483412265588], [0.0, 0.0, 0.0, 1.0]]}, "mean_rme": {"type": "float", "data": 0.0019511477500787026}, "max_rme": {"type": "float", "data": 0.006782319475068549}, "simu": {"type": "float", "data": 0.002}}, {"type": "dict", "image_number": {"type": "int", "data": 28}, "Hcamera2end": {"type": "ndarray", "data": [[0.9999928287996692, -0.002492600158387143, -0.0028511916256055343, -0.012535717724245735], [0.0028638212853748235, 0.005078061360421882, 0.9999830057658308, 0.02472045546163448], [-0.0024780792725312153, -0.999983999990635, 0.0050851633060160495, 0.030569781130523364], [0.0, 0.0, 0.0, 1.0]]}, "Hobj2base": {"type": "ndarray", "data": [[0.9999947008808, -0.0031982671314094236, -0.0006076986716668644, -0.7338536305510927], [-0.003198645238679118, -0.9999946907255117, -0.000622245469691364, 0.09318878125864313], [-0.0006057053379944283, 0.0006241859848011272, -0.999999621756378, 0.004063956866413835], [0.0, 0.0, 0.0, 1.0]]}, "mean_rme": {"type": "float", "data": 0.0019564036608306274}, "max_rme": {"type": "float", "data": 0.006842707406546744}, "simu": {"type": "float", "data": 0.002}}, {"type": "dict", "image_number": {"type": "int", "data": 29}, "Hcamera2end": {"type": "ndarray", "data": [[0.9999959628249662, -0.002190509548218983, -0.0018099728418013816, -0.01266913483361408], [0.0018201727189580308, 0.004663393571476049, 0.9999874697873321, 0.02475113888064883], [-0.00218204148495349, -0.9999867271260736, 0.004667361850260288, 0.030733847054405888], [0.0, 0.0, 0.0, 1.0]]}, "Hobj2base": {"type": "ndarray", "data": [[0.9999958616250826, -0.0027957912509086495, -0.0006784423262968402, -0.7339694905200872], [-0.0027955812040339496, -0.9999960441956302, 0.0003103527395415497, 0.09351867610079799], [-0.0006793073239856269, -0.0003084548145701403, -0.9999997216985548, 0.0040225171970761095], [0.0, 0.0, 0.0, 1.0]]}, "mean_rme": {"type": "float", "data": 0.001971349529143019}, "max_rme": {"type": "float", "data": 0.006807845128880968}, "simu": {"type": "float", "data": 0.002}}, {"type": "dict", "image_number": {"type": "int", "data": 30}, "Hcamera2end": {"type": "ndarray", "data": [[0.9999932353718655, -0.002601604947702799, -0.002600165803344675, -0.012147123860753907], [0.002610148452532692, 0.0038411025776382557, 0.9999892164698797, 0.024571098861902438], [-0.0025915893896479698, -0.9999892387334398, 0.003847867169136099, 0.03109231442945493], [0.0, 0.0, 0.0, 1.0]]}, "Hobj2base": {"type": "ndarray", "data": [[0.9999962012866986, -0.0027541310672825653, 0.0001103369233052764, -0.733790199399037], [-0.0027540715131658855, -0.9999960637220062, -0.0005363120294287127, 0.09355377409558628], [0.00011181356261048032, 0.0005360061163557474, -0.9999998500975735, 0.003823165730750903], [0.0, 0.0, 0.0, 1.0]]}, "mean_rme": {"type": "float", "data": 0.002004622679259219}, "max_rme": {"type": "float", "data": 0.006656223075028944}, "simu": {"type": "float", "data": 0.002}}]}