{"type": "list", "data": [{"type": "dict", "image_number": {"type": "int", "data": 5}, "Hcamera2end": {"type": "ndarray", "data": [[0.999674049758946, 0.0006687469649514794, 0.02552150105392015, -0.014353502294370664], [-0.02548063308542043, -0.03616560547412262, 0.999020913854288, 0.02700190361363539], [0.0015910927422865817, -0.9993455867507433, -0.03613677719025943, 0.03057351015283292], [0.0, 0.0, 0.0, 1.0]]}, "Hobj2base": {"type": "ndarray", "data": [[0.9993627319325586, -0.002240198623961119, 0.0356245917087913, -0.7109511163026621], [-0.0028477408189675622, -0.9998512228086811, 0.01701242546529657, 0.10329389318624001], [0.0355811803699774, -0.01710303359376599, -0.9992204290572568, 0.002118079453172261], [0.0, 0.0, 0.0, 1.0]]}, "mean_rme": {"type": "float", "data": 0.0024921498121111343}, "max_rme": {"type": "float", "data": 0.00805082285253994}, "simu": {"type": "float", "data": 0.002}}, {"type": "dict", "image_number": {"type": "int", "data": 6}, "Hcamera2end": {"type": "ndarray", "data": [[0.999987944679649, 0.0048541808017148694, 0.0007398811494955617, -0.016234536109528925], [-0.0005326751202161498, -0.04254935953860972, 0.9990942239148771, 0.027526820734750497], [0.004881265469877541, -0.9990825736302272, -0.04254626089110758, 0.028888314393446864], [0.0, 0.0, 0.0, 1.0]]}, "Hobj2base": {"type": "ndarray", "data": [[0.9991523999059102, 0.004282443000428624, 0.0409407186576902, -0.7078546512442362], [0.0044807756178468815, -0.9999786615457475, -0.004753851389965046, 0.08667576243429757], [0.04091948694842803, 0.0049332681990181294, -0.9991502682043147, -0.005068826322515781], [0.0, 0.0, 0.0, 1.0]]}, "mean_rme": {"type": "float", "data": 0.0028197392507258523}, "max_rme": {"type": "float", "data": 0.009371869879981704}, "simu": {"type": "float", "data": 0.002}}, {"type": "dict", "image_number": {"type": "int", "data": 7}, "Hcamera2end": {"type": "ndarray", "data": [[0.9999938107258527, 0.0034416181992635185, -0.000730598493067203, -0.015851530649983403], [0.0007891117126906002, -0.017031095676129704, 0.9998546489779281, 0.028122848947358017], [0.0034286750637044098, -0.9998490371272262, -0.017033706087241196, 0.033125197029354445], [0.0, 0.0, 0.0, 1.0]]}, "Hobj2base": {"type": "ndarray", "data": [[0.9998491895780904, 0.0031804589072705093, 0.01707286681184023, -0.7267015779804545], [0.0032933356934734172, -0.9999728794630207, -0.006587433373104906, 0.08640395118583842], [0.017051452725376972, 0.006642666601159958, -0.9998325474500118, -0.0018425092348785612], [0.0, 0.0, 0.0, 1.0]]}, "mean_rme": {"type": "float", "data": 0.00266425259216711}, "max_rme": {"type": "float", "data": 0.0082275040915529}, "simu": {"type": "float", "data": 0.002}}, {"type": "dict", "image_number": {"type": "int", "data": 8}, "Hcamera2end": {"type": "ndarray", "data": [[0.9999961993543386, 0.0027258599717586117, 0.0004134782852478725, -0.015703451460539693], [-0.00037344500079104976, -0.014670664245749254, 0.9998923102761719, 0.028146041268887416], [0.0027316324257468383, -0.9998886644511995, -0.014669590528973542, 0.03203429364234401], [0.0, 0.0, 0.0, 1.0]]}, "Hobj2base": {"type": "ndarray", "data": [[0.9998918673553432, 0.0024162879831334774, 0.014505693676183588, -0.7271943601135495], [0.002483908420470793, -0.9999861249332851, -0.0046454429144834565, 0.08746188885851985], [0.014494267680825481, 0.0046809714051225535, -0.9998839956270436, -0.0013294279599823239], [0.0, 0.0, 0.0, 1.0]]}, "mean_rme": {"type": "float", "data": 0.0025677483224400455}, "max_rme": {"type": "float", "data": 0.00820995266548677}, "simu": {"type": "float", "data": 0.002}}, {"type": "dict", "image_number": {"type": "int", "data": 9}, "Hcamera2end": {"type": "ndarray", "data": [[0.999986734108104, 0.003830460466279998, 0.0034437160777910174, -0.016757859279569937], [-0.003413022649700106, -0.007990866325235269, 0.9999622479532742, 0.027818404075542105], [0.0038578341333971836, -0.9999607360431653, -0.007977686870936251, 0.032335310327678675], [0.0, 0.0, 0.0, 1.0]]}, "Hobj2base": {"type": "ndarray", "data": [[0.9999584718526575, 0.0033053856150568697, 0.008492879136889385, -0.7307278823568046], [0.003301101909782144, -0.9999944170007233, 0.0005183566002496411, 0.08923416871218898], [0.00849454508960124, -0.0004902992143220355, -0.9999638004999989, 0.0003495879986828185], [0.0, 0.0, 0.0, 1.0]]}, "mean_rme": {"type": "float", "data": 0.002676830317549537}, "max_rme": {"type": "float", "data": 0.008960551195409922}, "simu": {"type": "float", "data": 0.002}}, {"type": "dict", "image_number": {"type": "int", "data": 10}, "Hcamera2end": {"type": "ndarray", "data": [[0.9999832737596157, 0.0032860390404503043, 0.00475963742590959, -0.017799567307467734], [-0.004741530227226679, -0.005496315878842806, 0.9999736538543724, 0.02775464332186568], [0.0033121129367487683, -0.9999794960193857, -0.005480643092704129, 0.03292644916969404], [0.0, 0.0, 0.0, 1.0]]}, "Hobj2base": {"type": "ndarray", "data": [[0.9999758314657995, 0.003157117056688901, 0.006194279310246958, -0.7326790750428362], [0.0031385610834746567, -0.9999905653672707, 0.0030031001935033022, 0.08968193773405646], [0.006203702008340496, -0.002983586488990255, -0.9999763058658215, 0.0010662940094544049], [0.0, 0.0, 0.0, 1.0]]}, "mean_rme": {"type": "float", "data": 0.002662687141425077}, "max_rme": {"type": "float", "data": 0.009371613352683744}, "simu": {"type": "float", "data": 0.002}}, {"type": "dict", "image_number": {"type": "int", "data": 11}, "Hcamera2end": {"type": "ndarray", "data": [[0.9999844693029539, 0.0024287283758026666, 0.0050162168380383215, -0.017064660255473253], [-0.005000296274497135, -0.006517391322209853, 0.9999662597545579, 0.027674585983009453], [0.0024613390780017104, -0.9999758121518886, -0.00650514574113048, 0.03374671588800923], [0.0, 0.0, 0.0, 1.0]]}, "Hobj2base": {"type": "ndarray", "data": [[0.999975801845442, 0.0025792884209601455, 0.0064608818908003275, -0.7325986650680387], [0.0025542431214878665, -0.9999892040314979, 0.003881708712439135, 0.0907206407890133], [0.006470824185658471, -0.00386511211912344, -0.99997159426789, 0.0010921765393673692], [0.0, 0.0, 0.0, 1.0]]}, "mean_rme": {"type": "float", "data": 0.0025428582404385725}, "max_rme": {"type": "float", "data": 0.009408634992922299}, "simu": {"type": "float", "data": 0.002}}, {"type": "dict", "image_number": {"type": "int", "data": 12}, "Hcamera2end": {"type": "ndarray", "data": [[0.9999909263436393, -3.836444319651154e-05, 0.004259783863021755, -0.017158853240450234], [-0.004259877997904166, -0.002930382400638365, 0.9999866330598769, 0.027747871321437956], [-2.588113471857327e-05, -0.999995705684357, -0.0029305192392030666, 0.03416132038657315], [0.0, 0.0, 0.0, 1.0]]}, "Hobj2base": {"type": "ndarray", "data": [[0.9999950964584692, 0.0004594252019037864, 0.003097739095014619, -0.7344035494418918], [0.0004519806550293934, -0.9999970094668331, 0.002403491393443785, 0.09006245338223273], [0.0030988340556418192, -0.0024020794896786437, -0.9999923135912703, 0.0013934241552098676], [0.0, 0.0, 0.0, 1.0]]}, "mean_rme": {"type": "float", "data": 0.002629810159034464}, "max_rme": {"type": "float", "data": 0.008660650022027455}, "simu": {"type": "float", "data": 0.002}}, {"type": "dict", "image_number": {"type": "int", "data": 13}, "Hcamera2end": {"type": "ndarray", "data": [[0.9999933208442554, -2.508686380338007e-06, 0.0036548954273231665, -0.017088264859077735], [-0.003654889564868122, -0.0026044899769517293, 0.9999899291564033, 0.027663543301476388], [7.0104773915201975e-06, -0.9999966083070814, -0.002604481750129173, 0.034263070510099844], [0.0, 0.0, 0.0, 1.0]]}, "Hobj2base": {"type": "ndarray", "data": [[0.9999952784058073, 0.0009364358562217063, 0.002926816355576502, -0.7346444597314199], [0.0009328000524634219, -0.9999987919733184, 0.001243356733046096, 0.08966710726182267], [0.002927977143731152, -0.0012406207279701332, -0.9999949438922453, 0.0012339073068764045], [0.0, 0.0, 0.0, 1.0]]}, "mean_rme": {"type": "float", "data": 0.0025258398037968665}, "max_rme": {"type": "float", "data": 0.008647084182176495}, "simu": {"type": "float", "data": 0.002}}, {"type": "dict", "image_number": {"type": "int", "data": 14}, "Hcamera2end": {"type": "ndarray", "data": [[0.9999963845774458, -0.0002905066311632079, 0.002673282239939178, -0.01667340789458697], [-0.002673936349412698, -0.002275050557224878, 0.9999938370856901, 0.027587325515894594], [-0.0002844229885461409, -0.999997369871971, -0.0022758191281966322, 0.03457774479005078], [0.0, 0.0, 0.0, 1.0]]}, "Hobj2base": {"type": "ndarray", "data": [[0.9999960598988819, 0.0008174511584753568, 0.0026855093213990753, -0.7350710337972869], [0.0008164617581341922, -0.9999995984308117, 0.00036949751465963884, 0.08943846322805678], [0.0026858102891526886, -0.0003673034431400329, -0.9999963257488858, 0.0010882047375179646], [0.0, 0.0, 0.0, 1.0]]}, "mean_rme": {"type": "float", "data": 0.002456253263531627}, "max_rme": {"type": "float", "data": 0.008768124268408978}, "simu": {"type": "float", "data": 0.002}}, {"type": "dict", "image_number": {"type": "int", "data": 15}, "Hcamera2end": {"type": "ndarray", "data": [[0.9999983547932545, 0.0007105577448125537, 0.0016689872604387162, -0.017107492469441172], [-0.0016676271493651215, -0.0019104544155674752, 0.9999967845866389, 0.02766061404159465], [0.0007137439841569187, -0.9999979226336508, -0.0019092663270885435, 0.03424528543819082], [0.0, 0.0, 0.0, 1.0]]}, "Hobj2base": {"type": "ndarray", "data": [[0.9999972254011633, 0.0016796657866481378, 0.0016516394340281013, -0.7355290480510664], [0.0016803483844260475, -0.9999985033480407, -0.000411984205698112, 0.08835401953576125], [0.0016509449663237557, 0.0004147583922618376, -0.9999985511770477, 0.0011371612179171375], [0.0, 0.0, 0.0, 1.0]]}, "mean_rme": {"type": "float", "data": 0.002477806002589885}, "max_rme": {"type": "float", "data": 0.008525522508867817}, "simu": {"type": "float", "data": 0.002}}, {"type": "dict", "image_number": {"type": "int", "data": 16}, "Hcamera2end": {"type": "ndarray", "data": [[0.999996653538042, -0.00010751474846168278, 0.0025848313863655248, -0.01673921821588678], [-0.0025849489515661836, -0.0011081048233878565, 0.9999960450634884, 0.02764110231351372], [-0.00010465005912080197, -0.9999993802719476, -0.001108379035293705, 0.03406092223751697], [0.0, 0.0, 0.0, 1.0]]}, "Hobj2base": {"type": "ndarray", "data": [[0.999998882999247, 0.0010231738059633514, 0.0010895483564301285, -0.7352562361702852], [0.0010222318331190052, -0.9999991036159592, 0.0008647597106109987, 0.08933841920759884], [0.00109043217926072, -0.0008636449736600855, -0.9999990325370429, 0.0014177210943174291], [0.0, 0.0, 0.0, 1.0]]}, "mean_rme": {"type": "float", "data": 0.0025000589280440755}, "max_rme": {"type": "float", "data": 0.008809700540517579}, "simu": {"type": "float", "data": 0.002}}, {"type": "dict", "image_number": {"type": "int", "data": 17}, "Hcamera2end": {"type": "ndarray", "data": [[0.9999978686475033, 0.00022183128820459097, 0.0020526790617146273, -0.01685249595714317], [-0.0020525910331184293, -0.0003963285413350892, 0.9999978148944819, 0.027611364450218223], [0.00022264433877817698, -0.9999998968572783, -0.00039587236770621814, 0.03402898251977834], [0.0, 0.0, 0.0, 1.0]]}, "Hobj2base": {"type": "ndarray", "data": [[0.9999993307976677, 0.001092992120330752, 0.00037917336621392394, -0.7357725415961093], [0.0010927026756763305, -0.9999991121244254, 0.0007627261784799755, 0.0891272798230213], [0.00038000668325820214, -0.0007623113443100308, -0.9999996372381017, 0.0015281058264000188], [0.0, 0.0, 0.0, 1.0]]}, "mean_rme": {"type": "float", "data": 0.0024593314342075444}, "max_rme": {"type": "float", "data": 0.008675142434907995}, "simu": {"type": "float", "data": 0.002}}, {"type": "dict", "image_number": {"type": "int", "data": 18}, "Hcamera2end": {"type": "ndarray", "data": [[0.9999977233049486, 0.00026780085877118167, 0.0021169949502444245, -0.016516978387259337], [-0.0021170083581542186, 4.9793159992983504e-05, 0.999997757895613, 0.02763452644571096], [0.00026769484646543915, -0.99999996290167, 5.035998328550839e-05, 0.03424701486370683], [0.0, 0.0, 0.0, 1.0]]}, "Hobj2base": {"type": "ndarray", "data": [[0.999999263662434, 0.0011917527052044184, 0.00022891063640298665, -0.7363813349090725], [0.0011915800326932197, -0.9999990065757196, 0.0007529837974096622, 0.08919184274372215], [0.00022980777947514052, -0.0007527104776157967, -0.9999996903076125, 0.0015237395214395082], [0.0, 0.0, 0.0, 1.0]]}, "mean_rme": {"type": "float", "data": 0.0024470964646188323}, "max_rme": {"type": "float", "data": 0.008566612734602935}, "simu": {"type": "float", "data": 0.002}}, {"type": "dict", "image_number": {"type": "int", "data": 19}, "Hcamera2end": {"type": "ndarray", "data": [[0.9999977450820369, 7.825021535534768e-05, 0.0021221940876003506, -0.0165346278861206], [-0.002122221823276425, 0.00035608573586798364, 0.9999976846860607, 0.027672884289901507], [7.749435113819491e-05, -0.9999999335399242, 0.0003562509972385719, 0.03426248631630568], [0.0, 0.0, 0.0, 1.0]]}, "Hobj2base": {"type": "ndarray", "data": [[0.9999993917648652, 0.0010958159357620308, -0.0001251292711459856, -0.7365347600866033], [0.001095937980540068, -0.9999989197664365, 0.0009794824670756577, 0.08929292989775418], [-0.0001240558034809261, -0.0009796190052407336, -0.9999995124782624, 0.0016674971497415351], [0.0, 0.0, 0.0, 1.0]]}, "mean_rme": {"type": "float", "data": 0.002388937567815949}, "max_rme": {"type": "float", "data": 0.008632972588023202}, "simu": {"type": "float", "data": 0.002}}, {"type": "dict", "image_number": {"type": "int", "data": 20}, "Hcamera2end": {"type": "ndarray", "data": [[0.9999986924907699, 0.00014291287227085486, 0.0016107739324738566, -0.01608288524284248], [-0.0016108241535504548, 0.0003519940404478339, 0.9999986406719468, 0.027782641678494084], [0.0001423456951806394, -0.9999999278380503, 0.0003522237877189305, 0.03406175120731202], [0.0, 0.0, 0.0, 1.0]]}, "Hobj2base": {"type": "ndarray", "data": [[0.999999305091425, 0.0011751039376792362, 9.459071141375251e-05, -0.7362657680110598], [0.0011750326209815647, -0.9999990280177893, 0.000750507705583281, 0.0893069304014032], [9.547254403335324e-05, -0.0007503960368774879, -0.9999997138953496, 0.0016822840249638483], [0.0, 0.0, 0.0, 1.0]]}, "mean_rme": {"type": "float", "data": 0.0024312700816193126}, "max_rme": {"type": "float", "data": 0.008700806872116412}, "simu": {"type": "float", "data": 0.002}}, {"type": "dict", "image_number": {"type": "int", "data": 21}, "Hcamera2end": {"type": "ndarray", "data": [[0.9999953438117709, 0.0008533359437607271, 0.0029298758583220104, -0.01644482252846295], [-0.0029317628697053183, 0.002218542924164235, 0.9999932413940456, 0.027885748148880368], [0.0008468301210451759, -0.9999971749385401, 0.0022210343728461535, 0.03361592354706024], [0.0, 0.0, 0.0, 1.0]]}, "Hobj2base": {"type": "ndarray", "data": [[0.9999975808010144, 0.0017092190229359271, -0.0013845441308176318, -0.7370035989601326], [0.0017109977204322136, -0.9999977112490459, 0.0012845168235668767, 0.08916222410672098], [-0.00138234544135081, -0.001286882667916747, -0.9999982165254493, 0.0020617824266298914], [0.0, 0.0, 0.0, 1.0]]}, "mean_rme": {"type": "float", "data": 0.00253584242558647}, "max_rme": {"type": "float", "data": 0.008663708661057062}, "simu": {"type": "float", "data": 0.002}}, {"type": "dict", "image_number": {"type": "int", "data": 22}, "Hcamera2end": {"type": "ndarray", "data": [[0.9999943079714243, 0.0011651548345793991, 0.00316645526792115, -0.01643847918671058], [-0.003168918488391179, 0.002118333308402609, 0.9999927352834161, 0.027904416236277024], [0.001158438762396145, -0.9999970775348326, 0.002122013531486, 0.03354818738176487], [0.0, 0.0, 0.0, 1.0]]}, "Hobj2base": {"type": "ndarray", "data": [[0.999997628196865, 0.001720052832794961, -0.0013360459935939043, -0.7369944438749646], [0.001722054189214228, -0.999997394859961, 0.0014982665520834112, 0.08931724482900222], [-0.001333465415379799, -0.0015005637420903572, -0.9999979850871914, 0.0020859501062819434], [0.0, 0.0, 0.0, 1.0]]}, "mean_rme": {"type": "float", "data": 0.002490693703881123}, "max_rme": {"type": "float", "data": 0.008488989230782479}, "simu": {"type": "float", "data": 0.002}}, {"type": "dict", "image_number": {"type": "int", "data": 23}, "Hcamera2end": {"type": "ndarray", "data": [[0.9999905693859602, 0.0014103661603772865, 0.0041075548002081005, -0.017099613932430233], [-0.004109769519030526, 0.0015710239729399555, 0.9999903207922448, 0.027963929499402164], [0.0014038994420889181, -0.9999977713730016, 0.0015768054370758344, 0.03366419694591399], [0.0, 0.0, 0.0, 1.0]]}, "Hobj2base": {"type": "ndarray", "data": [[0.999997958952706, 0.0017405657173588205, -0.0010259246588100155, -0.7367534793314229], [0.0017426425130186074, -0.9999964274096413, 0.0020269102165003947, 0.08928116130391132], [-0.0010223930231664658, -0.002028693899406379, -0.9999974195534551, 0.002197533795208694], [0.0, 0.0, 0.0, 1.0]]}, "mean_rme": {"type": "float", "data": 0.0025146160174316264}, "max_rme": {"type": "float", "data": 0.008471768894922405}, "simu": {"type": "float", "data": 0.002}}, {"type": "dict", "image_number": {"type": "int", "data": 24}, "Hcamera2end": {"type": "ndarray", "data": [[0.9999888860689614, 0.0014749419093584408, 0.0044779777714606, -0.01729397395672253], [-0.004480627756623543, 0.0017982936385736448, 0.9999883449895285, 0.028001087723551435], [0.00146687199995495, -0.9999972953395192, 0.001804882318120704, 0.033494708449185034], [0.0, 0.0, 0.0, 1.0]]}, "Hobj2base": {"type": "ndarray", "data": [[0.9999977437320025, 0.0017881458012223106, -0.0011467630522478526, -0.7367567053420628], [0.00179067752096965, -0.9999959535826473, 0.0022104959504797503, 0.08932642090679359], [-0.0011428057229134697, -0.002212544445828017, -0.99999689931627, 0.0022779170910951405], [0.0, 0.0, 0.0, 1.0]]}, "mean_rme": {"type": "float", "data": 0.0024600431765602697}, "max_rme": {"type": "float", "data": 0.008439779569127032}, "simu": {"type": "float", "data": 0.002}}, {"type": "dict", "image_number": {"type": "int", "data": 25}, "Hcamera2end": {"type": "ndarray", "data": [[0.9999919044468623, 0.001309143200207538, 0.003804889593517627, -0.017209401043423115], [-0.0038076258599465495, 0.0020940149717203482, 0.9999905584987334, 0.027929199119377836], [0.0013011633441557863, -0.9999969506180404, 0.0020989827470142552, 0.03328116832019471], [0.0, 0.0, 0.0, 1.0]]}, "Hobj2base": {"type": "ndarray", "data": [[0.9999981406627932, 0.0016047591120781932, -0.001069307789416923, -0.736464269064661], [0.0016067935039505053, -0.9999968957396999, 0.0019043963875742481, 0.08935206033110195], [-0.0010662483725512341, -0.001906111003468947, -0.9999976149247818, 0.002238942084976139], [0.0, 0.0, 0.0, 1.0]]}, "mean_rme": {"type": "float", "data": 0.002522433463334884}, "max_rme": {"type": "float", "data": 0.008700312658069198}, "simu": {"type": "float", "data": 0.002}}, {"type": "dict", "image_number": {"type": "int", "data": 26}, "Hcamera2end": {"type": "ndarray", "data": [[0.9999903583274469, 0.0014962262303523622, 0.004128505687546492, -0.017339436333220392], [-0.0041305181757720095, 0.0013444578969910026, 0.9999905655817773, 0.027980246178261933], [0.0014906615122539546, -0.999997976867969, 0.0013506251238076805, 0.03357430517835714], [0.0, 0.0, 0.0, 1.0]]}, "Hobj2base": {"type": "ndarray", "data": [[0.999997752462437, 0.0019941395878012146, -0.0007200537333031557, -0.7365456441514487], [0.0019955470835404674, -0.9999960894393574, 0.0019593105496999727, 0.08921428376621895], [-0.0007161437787574124, -0.0019607430472034, -0.9999978213100222, 0.00217661121366855], [0.0, 0.0, 0.0, 1.0]]}, "mean_rme": {"type": "float", "data": 0.0025205896453603053}, "max_rme": {"type": "float", "data": 0.008490006979402664}, "simu": {"type": "float", "data": 0.002}}, {"type": "dict", "image_number": {"type": "int", "data": 27}, "Hcamera2end": {"type": "ndarray", "data": [[0.9999931591245947, 0.0019899936071528534, 0.0031179527668709125, -0.01674410995116431], [-0.0031219884067858936, 0.002028092053142583, 0.9999930699914934, 0.028021478041366], [0.0019836563212516636, -0.9999959633758866, 0.0020342909161885636, 0.03288092898974546], [0.0, 0.0, 0.0, 1.0]]}, "Hobj2base": {"type": "ndarray", "data": [[0.9999957410122927, 0.0024893966882134654, -0.001523437364717395, -0.7362731213620742], [0.0024909651637621245, -0.9999963685989735, 0.0010285336257505235, 0.08895284234034989], [-0.001520871404303725, -0.0010323240746431398, -0.9999983106271615, 0.0021728082962165487], [0.0, 0.0, 0.0, 1.0]]}, "mean_rme": {"type": "float", "data": 0.0025217192629146826}, "max_rme": {"type": "float", "data": 0.00851164131693552}, "simu": {"type": "float", "data": 0.002}}, {"type": "dict", "image_number": {"type": "int", "data": 28}, "Hcamera2end": {"type": "ndarray", "data": [[0.9999928625028204, 0.002230037180995732, 0.003049897963323354, -0.016806457000318385], [-0.0030546380994773492, 0.002125278769534833, 0.9999930761641466, 0.02801968232968989], [0.0022235398571936464, -0.999995255050904, 0.0021320755568998706, 0.03283850853864232], [0.0, 0.0, 0.0, 1.0]]}, "Hobj2base": {"type": "ndarray", "data": [[0.9999944939237467, 0.0027831775573176434, -0.0018072202063286276, -0.7363616901373399], [0.002784811760129032, -0.999995715260092, 0.0009023773703545231, 0.08882479331804995], [-0.0018047009864146843, -0.0009074051698796395, -0.9999979598330229, 0.002205870343565589], [0.0, 0.0, 0.0, 1.0]]}, "mean_rme": {"type": "float", "data": 0.0024535511888436447}, "max_rme": {"type": "float", "data": 0.008462251460702064}, "simu": {"type": "float", "data": 0.002}}, {"type": "dict", "image_number": {"type": "int", "data": 29}, "Hcamera2end": {"type": "ndarray", "data": [[0.999990583627356, 0.0022781892305633765, 0.0036935769180566945, -0.017215689049114885], [-0.0036986613336803358, 0.002231618522287593, 0.999990669848029, 0.0280351944912434], [0.0022699253200478076, -0.9999949148533709, 0.002240023758953935, 0.03264118389895096], [0.0, 0.0, 0.0, 1.0]]}, "Hobj2base": {"type": "ndarray", "data": [[0.999994647403534, 0.0028063549890167236, -0.0016821224560752649, -0.7362467004998369], [0.002809128453655272, -0.9999946952786081, 0.0016487000865143852, 0.08894022584163533], [-0.001677486695171106, -0.001653416559742022, -0.9999972261221868, 0.002303280550118663], [0.0, 0.0, 0.0, 1.0]]}, "mean_rme": {"type": "float", "data": 0.0024445678165434742}, "max_rme": {"type": "float", "data": 0.008444769503635013}, "simu": {"type": "float", "data": 0.002}}, {"type": "dict", "image_number": {"type": "int", "data": 30}, "Hcamera2end": {"type": "ndarray", "data": [[0.9999898671917785, 0.00217018002477709, 0.003944088288715362, -0.017437725189682927], [-0.0039484245581460405, 0.0019974718538114944, 0.9999902099769286, 0.027976597381579833], [0.002162280573318922, -0.9999956502029662, 0.0020060204059176856, 0.03270274886953115], [0.0, 0.0, 0.0, 1.0]]}, "Hobj2base": {"type": "ndarray", "data": [[0.9999957165825661, 0.0025513677435451514, -0.0014343427614600444, -0.7361062725642431], [0.0025539324503327234, -0.9999951382774703, 0.0017890920774169706, 0.0890153772625114], [-0.0014297711562669725, -0.0017927476285121678, -0.9999973709017342, 0.0022461636612421325], [0.0, 0.0, 0.0, 1.0]]}, "mean_rme": {"type": "float", "data": 0.002440675206223194}, "max_rme": {"type": "float", "data": 0.008469724501691756}, "simu": {"type": "float", "data": 0.002}}]}