{"type": "list", "data": [{"type": "dict", "image_number": {"type": "int", "data": 5}, "Hcamera2end": {"type": "ndarray", "data": [[0.9999698985923107, -0.0036604543161255394, 0.006841270604463239, -0.020692934141225968], [-0.006765270626109493, 0.020386863618151008, 0.9997692768359959, 0.02727897084354932], [-0.003799081815312087, -0.9997854654204642, 0.02036148598079457, 0.03996106555186268], [0.0, 0.0, 0.0, 1.0]]}, "Hobj2base": {"type": "ndarray", "data": [[0.9998032747783787, -0.011493251266794973, -0.016165299803843985, -0.7507007703967649], [-0.011391583961699208, -0.9999148409286931, 0.006367315399036895, 0.08983902265934254], [-0.016237104337701348, -0.006181914417522358, -0.9998490587968074, 0.005236327852223643], [0.0, 0.0, 0.0, 1.0]]}, "mean_rme": {"type": "float", "data": 0.002293738430835815}, "max_rme": {"type": "float", "data": 0.008343982666095873}, "simu": {"type": "float", "data": 0.002}}, {"type": "dict", "image_number": {"type": "int", "data": 6}, "Hcamera2end": {"type": "ndarray", "data": [[0.9999928704126407, -0.0004337771160337325, 0.003751128003839187, -0.02036421553972908], [-0.0037598429337415955, -0.022226421910685357, 0.9997458925897929, 0.027476812174402267], [-0.0003502927363998535, -0.9997528684662333, -0.022227894379293067, 0.03621628883602967], [0.0, 0.0, 0.0, 1.0]]}, "Hobj2base": {"type": "ndarray", "data": [[0.9997790019739655, 0.0076694911615175585, 0.0195736076711714, -0.7309692758765852], [0.007618288139099568, -0.9999673645486213, 0.002689149217500567, 0.08605769398188762], [0.019593593283805565, -0.0025394375376711137, -0.9998048021285058, -0.0007231294225983897], [0.0, 0.0, 0.0, 1.0]]}, "mean_rme": {"type": "float", "data": 0.0021108100602165386}, "max_rme": {"type": "float", "data": 0.00862153827569323}, "simu": {"type": "float", "data": 0.002}}, {"type": "dict", "image_number": {"type": "int", "data": 7}, "Hcamera2end": {"type": "ndarray", "data": [[0.999967101960698, -0.002925306276230177, 0.007565552161810035, -0.020187091089499738], [-0.007615351707883697, -0.017404818059449045, 0.9998195230773815, 0.027197338632630318], [-0.00279310126706015, -0.9998442453159931, -0.01742652271120737, 0.03473424248195805], [0.0, 0.0, 0.0, 1.0]]}, "Hobj2base": {"type": "ndarray", "data": [[0.9998425140298474, 0.0047882317894443315, 0.017088591949167158, -0.7305296017581293], [0.004680913497632024, -0.999969106988583, 0.006314595575652586, 0.08792704727247493], [0.01711829977837379, -0.00623361089473185, -0.9998340391824592, -0.00018035797794305593], [0.0, 0.0, 0.0, 1.0]]}, "mean_rme": {"type": "float", "data": 0.0022995789591646046}, "max_rme": {"type": "float", "data": 0.008227340329437444}, "simu": {"type": "float", "data": 0.002}}, {"type": "dict", "image_number": {"type": "int", "data": 8}, "Hcamera2end": {"type": "ndarray", "data": [[0.9999711914524435, -0.003107548936590286, 0.006925272903453765, -0.019908124082555975], [-0.0069674402947383415, -0.013770140994549873, 0.9998809119053776, 0.027300830621507566], [-0.003011816880202188, -0.9999003582140557, -0.01379139595846679, 0.035718589047216594], [0.0, 0.0, 0.0, 1.0]]}, "Hobj2base": {"type": "ndarray", "data": [[0.9998878999983764, 0.00332001054109923, 0.014600170096404925, -0.7330523163236732], [0.0032650195236336864, -0.999987492663932, 0.003788688851336013, 0.0881809420154957], [0.014612565974094265, -0.0037405942988964916, -0.9998862339636161, -0.00010125132761769351], [0.0, 0.0, 0.0, 1.0]]}, "mean_rme": {"type": "float", "data": 0.00211342149347064}, "max_rme": {"type": "float", "data": 0.00799902870175221}, "simu": {"type": "float", "data": 0.002}}, {"type": "dict", "image_number": {"type": "int", "data": 9}, "Hcamera2end": {"type": "ndarray", "data": [[0.9999602891674503, -0.003640424740339959, 0.00813433438329032, -0.019634236560019544], [-0.008190374934022696, -0.015653339335901517, 0.9998439331846123, 0.027406752235400893], [-0.0035125270944707404, -0.9998708517980435, -0.015682534172306806, 0.036242462413127334], [0.0, 0.0, 0.0, 1.0]]}, "Hobj2base": {"type": "ndarray", "data": [[0.9998661642317533, 0.0036561740751584948, 0.015946348033724, -0.7329415167779805], [0.0035870121238362647, -0.9999840459856464, 0.00436361297550393, 0.08886140659852462], [0.015962047754093645, -0.004305829224281142, -0.9998633270933519, -0.0005787080731612258], [0.0, 0.0, 0.0, 1.0]]}, "mean_rme": {"type": "float", "data": 0.0020889000779775045}, "max_rme": {"type": "float", "data": 0.008029152516645629}, "simu": {"type": "float", "data": 0.002}}, {"type": "dict", "image_number": {"type": "int", "data": 10}, "Hcamera2end": {"type": "ndarray", "data": [[0.9999749466886121, -0.003677567449291109, 0.006048263615559453, -0.019234206727356606], [-0.006084121938437485, -0.00981882918060828, 0.9999332848014212, 0.02828668481774647], [-0.0036179352323679756, -0.9999450315348227, -0.009840957955221663, 0.03773376815870047], [0.0, 0.0, 0.0, 1.0]]}, "Hobj2base": {"type": "ndarray", "data": [[0.9999582690996892, 0.001212283924420966, 0.00905485653338626, -0.7369467446435978], [0.0011651644319011333, -0.9999857633939568, 0.005207245073192614, 0.08952093264988496], [0.009061040282453766, -0.005196477373398902, -0.9999454455978625, -0.0007136564232742282], [0.0, 0.0, 0.0, 1.0]]}, "mean_rme": {"type": "float", "data": 0.002233101312846585}, "max_rme": {"type": "float", "data": 0.009095222055208768}, "simu": {"type": "float", "data": 0.002}}, {"type": "dict", "image_number": {"type": "int", "data": 11}, "Hcamera2end": {"type": "ndarray", "data": [[0.9999690649225235, -0.0023995252000562632, 0.007490759426674355, -0.018362628495690238], [-0.007503902668131168, -0.005516079929364537, 0.9999566312130543, 0.028458320256738476], [-0.0023581015078299144, -0.9999819074068428, -0.005533915092555519, 0.03648852810764155], [0.0, 0.0, 0.0, 1.0]]}, "Hobj2base": {"type": "ndarray", "data": [[0.999989309390705, 6.859228613223452e-05, 0.004623461841435053, -0.737157623363915], [3.281114115767421e-05, -0.9999700555128257, 0.007738669207598178, 0.09120052983368064], [0.004623854207253814, -0.007738434775450101, -0.9999593674742466, -0.0006046413400375806], [0.0, 0.0, 0.0, 1.0]]}, "mean_rme": {"type": "float", "data": 0.0022451753154603756}, "max_rme": {"type": "float", "data": 0.009288929542920654}, "simu": {"type": "float", "data": 0.002}}, {"type": "dict", "image_number": {"type": "int", "data": 12}, "Hcamera2end": {"type": "ndarray", "data": [[0.9999736034742793, -0.001900427644915081, 0.007012897363519696, -0.018504197892727895], [-0.007025222366831056, -0.006558228822064471, 0.9999538168762663, 0.028659750252913285], [-0.001854347691614394, -0.9999766887330341, -0.006571406634406252, 0.036816634237414235], [0.0, 0.0, 0.0, 1.0]]}, "Hobj2base": {"type": "ndarray", "data": [[0.999983837283796, 0.0007180588501296835, 0.005639996689925787, -0.7368776093193783], [0.0006782350961219258, -0.9999748500348922, 0.007059695096139042, 0.09093784698098144], [0.005644924120748824, -0.007055755748593597, -0.9999591747378931, -0.0007081693959671472], [0.0, 0.0, 0.0, 1.0]]}, "mean_rme": {"type": "float", "data": 0.002218447053178316}, "max_rme": {"type": "float", "data": 0.009644720392111256}, "simu": {"type": "float", "data": 0.002}}, {"type": "dict", "image_number": {"type": "int", "data": 13}, "Hcamera2end": {"type": "ndarray", "data": [[0.9999703603244796, -0.003204857615801909, 0.0070005257083165205, -0.01786672853862096], [-0.007023204846248216, -0.007120789399336136, 0.9999499832251704, 0.028510540153161564], [-0.003154848049906617, -0.9999695111582119, -0.007143086712987801, 0.03708496254217083], [0.0, 0.0, 0.0, 1.0]]}, "Hobj2base": {"type": "ndarray", "data": [[0.9999786528955987, -0.00023057451162309693, 0.006529976148361554, -0.736309111867236], [-0.00027702726059655036, -0.9999746585213942, 0.007113759267605942, 0.09153776771797022], [0.006528170417541763, -0.0071154163908483115, -0.9999533758333856, -0.0010764472982118672], [0.0, 0.0, 0.0, 1.0]]}, "mean_rme": {"type": "float", "data": 0.0022504028097962456}, "max_rme": {"type": "float", "data": 0.009569423321749843}, "simu": {"type": "float", "data": 0.002}}, {"type": "dict", "image_number": {"type": "int", "data": 14}, "Hcamera2end": {"type": "ndarray", "data": [[0.9999915169984762, -0.0025630570071333517, 0.003224386742374935, -0.017692564467710448], [-0.0032381772639750433, -0.005394681764719689, 0.9999802056124232, 0.02841083602928452], [-0.002545611732628077, -0.9999821639146547, -0.005402935634552852, 0.035854016995251446], [0.0, 0.0, 0.0, 1.0]]}, "Hobj2base": {"type": "ndarray", "data": [[0.9999832391889841, -0.00016094648814744797, 0.005787524283741205, -0.7355215279082075], [-0.00018058834522313133, -0.9999942258757812, 0.0033934647408299006, 0.09018338393273498], [0.00578694469962438, -0.0033944530230420296, -0.9999774942266044, -0.0007114919837861841], [0.0, 0.0, 0.0, 1.0]]}, "mean_rme": {"type": "float", "data": 0.002379608901261725}, "max_rme": {"type": "float", "data": 0.009646425890014854}, "simu": {"type": "float", "data": 0.002}}, {"type": "dict", "image_number": {"type": "int", "data": 15}, "Hcamera2end": {"type": "ndarray", "data": [[0.99997826154722, -0.003408856901847604, 0.0056441232819903105, -0.018502793064445612], [-0.005664276002320718, -0.005931436904515586, 0.9999663664512008, 0.02841502464429922], [-0.003375264488764214, -0.9999765986016225, -0.005950616670598929, 0.03598027346215374], [0.0, 0.0, 0.0, 1.0]]}, "Hobj2base": {"type": "ndarray", "data": [[0.9999771122660489, -0.0001804625817015227, 0.0067633111203381025, -0.7352908333856834], [-0.0002143329274810832, -0.9999874391078909, 0.005007563063853958, 0.0903248645623169], [0.006762322489358283, -0.0050088980523546964, -0.9999645903405034, -0.000272812324540724], [0.0, 0.0, 0.0, 1.0]]}, "mean_rme": {"type": "float", "data": 0.002465026624191986}, "max_rme": {"type": "float", "data": 0.009325622691821162}, "simu": {"type": "float", "data": 0.002}}, {"type": "dict", "image_number": {"type": "int", "data": 16}, "Hcamera2end": {"type": "ndarray", "data": [[0.9999705642904645, -0.004793129397240223, 0.005991365720038584, -0.018580024785466626], [-0.006016967963372695, -0.005344978004777845, 0.9999676131288732, 0.02861233516200953], [-0.0047609504447839535, -0.9999742282282625, -0.005373660777585387, 0.03572158176253255], [0.0, 0.0, 0.0, 1.0]]}, "Hobj2base": {"type": "ndarray", "data": [[0.9999730565564143, -0.001630195802742272, 0.0071574173321813685, -0.7349974581016255], [-0.0016693367320504194, -0.99998366784442, 0.005466018596352356, 0.09056170985573823], [0.007148389755554464, -0.005477819462647891, -0.9999594461866128, -0.0004811559587660358], [0.0, 0.0, 0.0, 1.0]]}, "mean_rme": {"type": "float", "data": 0.002355913367330401}, "max_rme": {"type": "float", "data": 0.009370467342796784}, "simu": {"type": "float", "data": 0.002}}, {"type": "dict", "image_number": {"type": "int", "data": 17}, "Hcamera2end": {"type": "ndarray", "data": [[0.9999611903984229, -0.006352406139832315, 0.0061044764889003926, -0.018687546053142743], [-0.006139836741689724, -0.005561900992281155, 0.999965683242249, 0.02891885858439086], [-0.006318235652008707, -0.999964355461527, -0.005600687873735133, 0.035310794894655446], [0.0, 0.0, 0.0, 1.0]]}, "Hobj2base": {"type": "ndarray", "data": [[0.9999629846908882, -0.0021071208739023672, 0.00834201952247683, -0.7344054386802742], [-0.0021560922001286373, -0.9999804716036915, 0.005865805799981543, 0.09079629638558441], [0.008329496654370184, -0.0058835748385923994, -0.9999480001643104, -0.0010369213120279993], [0.0, 0.0, 0.0, 1.0]]}, "mean_rme": {"type": "float", "data": 0.002371888705977103}, "max_rme": {"type": "float", "data": 0.009837504272206754}, "simu": {"type": "float", "data": 0.002}}, {"type": "dict", "image_number": {"type": "int", "data": 18}, "Hcamera2end": {"type": "ndarray", "data": [[0.9999568959640142, -0.006148999737897259, 0.0069567245336479375, -0.018533763920897235], [-0.006996421979491536, -0.0064581592332142446, 0.9999546701020018, 0.029003439937255234], [-0.006103793369586443, -0.9999602402003499, -0.006500901857404484, 0.03545548318166207], [0.0, 0.0, 0.0, 1.0]]}, "Hobj2base": {"type": "ndarray", "data": [[0.999962083573415, -0.0011039831888364103, 0.008637860651425607, -0.7343430028568397], [-0.0011588429621086456, -0.9999791755949121, 0.006348658087257151, 0.09122241184088761], [0.008630671961316309, -0.006358427292852452, -0.9999425393010628, -0.0013185352603688933], [0.0, 0.0, 0.0, 1.0]]}, "mean_rme": {"type": "float", "data": 0.0023636676115518767}, "max_rme": {"type": "float", "data": 0.009992603640740061}, "simu": {"type": "float", "data": 0.002}}, {"type": "dict", "image_number": {"type": "int", "data": 19}, "Hcamera2end": {"type": "ndarray", "data": [[0.9999557143037843, -0.006109469948717021, 0.007158478061313938, -0.018344882053873166], [-0.007198813942261597, -0.006605935339484059, 0.9999522682088957, 0.028992626991505836], [-0.006061889889571516, -0.9999595171781888, -0.006649623728484988, 0.03626647054612046], [0.0, 0.0, 0.0, 1.0]]}, "Hobj2base": {"type": "ndarray", "data": [[0.9999610762878399, -0.001104635322886173, 0.008753610116302709, -0.7351082958373757], [-0.00115523020116755, -0.9999826460519472, 0.005776940204748174, 0.09148321896982502], [0.008747076794399105, -0.005786827779566077, -0.9999449991233536, -0.0011223932826346286], [0.0, 0.0, 0.0, 1.0]]}, "mean_rme": {"type": "float", "data": 0.002454162721694176}, "max_rme": {"type": "float", "data": 0.009991573517021485}, "simu": {"type": "float", "data": 0.002}}, {"type": "dict", "image_number": {"type": "int", "data": 20}, "Hcamera2end": {"type": "ndarray", "data": [[0.999961695213537, -0.0052032436650076225, 0.007038065148321953, -0.018340830588274203], [-0.0070719198697153296, -0.006516952196194747, 0.9999537575725331, 0.02881465617403526], [-0.005157136320264532, -0.9999652271901432, -0.006553499487994108, 0.03646582246800328], [0.0, 0.0, 0.0, 1.0]]}, "Hobj2base": {"type": "ndarray", "data": [[0.9999627010400631, -0.00038609109100040244, 0.008628294288608852, -0.7353473029610329], [-0.00043392853202243005, -0.9999845429309651, 0.005543068209771841, 0.09121533916777891], [0.008626020791215777, -0.005546605522167272, -0.999947412083501, -0.0008625163502262917], [0.0, 0.0, 0.0, 1.0]]}, "mean_rme": {"type": "float", "data": 0.002463010817387108}, "max_rme": {"type": "float", "data": 0.009782093420259819}, "simu": {"type": "float", "data": 0.002}}, {"type": "dict", "image_number": {"type": "int", "data": 21}, "Hcamera2end": {"type": "ndarray", "data": [[0.9999681197198096, -0.0054148673349019485, 0.005868454291708486, -0.01831426597449927], [-0.005893484588500452, -0.004618194123622965, 0.9999719691683571, 0.02882692114655128], [-0.005387613890542597, -0.999974675426724, -0.004649959331487485, 0.03564758139242052], [0.0, 0.0, 0.0, 1.0]]}, "Hobj2base": {"type": "ndarray", "data": [[0.9999711327751688, -0.001092413129245394, 0.0075193250960909706, -0.7352965380818146], [-0.001126004439675397, -0.9999893999077827, 0.004464547689797761, 0.0907930744776247], [0.007514368260039064, -0.004472885604137391, -0.9999617630509803, -0.000588694739423383], [0.0, 0.0, 0.0, 1.0]]}, "mean_rme": {"type": "float", "data": 0.002496549501527224}, "max_rme": {"type": "float", "data": 0.009875837443851426}, "simu": {"type": "float", "data": 0.002}}, {"type": "dict", "image_number": {"type": "int", "data": 22}, "Hcamera2end": {"type": "ndarray", "data": [[0.9999676133162642, -0.00571881473738104, 0.0056628152516191915, -0.018340487106827192], [-0.005693405671468271, -0.005347045769397818, 0.9999694966514729, 0.028691251919183813], [-0.005688360962047892, -0.9999693516601094, -0.005379432128577388, 0.035743924096982876], [0.0, 0.0, 0.0, 1.0]]}, "Hobj2base": {"type": "ndarray", "data": [[0.9999686135088729, -0.0012811044957617471, 0.007818616783884264, -0.735159041834747], [-0.0013139701439150195, -0.9999903174350417, 0.004199823642231844, 0.09063716904561035], [0.0078131606666699, -0.004209965253525098, -0.999960614580875, -0.0004102727194627918], [0.0, 0.0, 0.0, 1.0]]}, "mean_rme": {"type": "float", "data": 0.002474569138660718}, "max_rme": {"type": "float", "data": 0.009659840509179007}, "simu": {"type": "float", "data": 0.002}}, {"type": "dict", "image_number": {"type": "int", "data": 23}, "Hcamera2end": {"type": "ndarray", "data": [[0.9999696616516759, -0.005693181041918455, 0.0053163395166878485, -0.018170368526652447], [-0.005346574000981255, -0.005308662822486321, 0.999971615719911, 0.028757680102102823], [-0.005664796791129209, -0.9999697024353593, -0.005338940780166057, 0.03577099863977785], [0.0, 0.0, 0.0, 1.0]]}, "Hobj2base": {"type": "ndarray", "data": [[0.9999707661840029, -0.0013790671909786384, 0.0075209674285173205, -0.7351944394436347], [-0.001409456493207883, -0.9999908587632116, 0.00403680844329773, 0.09066582340595344], [0.007515331647492763, -0.004047290908359812, -0.9999635689496547, -0.0004020731921111197], [0.0, 0.0, 0.0, 1.0]]}, "mean_rme": {"type": "float", "data": 0.002404051145483359}, "max_rme": {"type": "float", "data": 0.009731006943677428}, "simu": {"type": "float", "data": 0.002}}, {"type": "dict", "image_number": {"type": "int", "data": 24}, "Hcamera2end": {"type": "ndarray", "data": [[0.9999710909520567, -0.006204225676758815, 0.0043960031739601994, -0.01792208854124723], [-0.0044286619455216215, -0.005260071227735752, 0.9999763590225779, 0.028542901695513642], [-0.006180955712987286, -0.9999669190700415, -0.005287395582240562, 0.036330673048314936], [0.0, 0.0, 0.0, 1.0]]}, "Hobj2base": {"type": "ndarray", "data": [[0.9999691426578947, -0.001880859297891538, 0.00762732589683568, -0.7356342073499271], [-0.0019010578857978535, -0.9999947034152681, 0.0026418024765102795, 0.09045322985370001], [0.007622316639306652, -0.002656220945551217, -0.9999674218590018, -0.00029916371977925976], [0.0, 0.0, 0.0, 1.0]]}, "mean_rme": {"type": "float", "data": 0.002448920753734415}, "max_rme": {"type": "float", "data": 0.00952759035565906}, "simu": {"type": "float", "data": 0.002}}, {"type": "dict", "image_number": {"type": "int", "data": 25}, "Hcamera2end": {"type": "ndarray", "data": [[0.999977271439072, -0.004747558342827091, 0.004787201170816761, -0.01829273746916462], [-0.0048105679853754175, -0.004922714582098475, 0.999976312377849, 0.028683670037003877], [-0.004723879859447907, -0.9999766135119984, -0.004945441148052954, 0.03609439422653651], [0.0, 0.0, 0.0, 1.0]]}, "Hobj2base": {"type": "ndarray", "data": [[0.999976266481166, -0.000838977886092127, 0.006838317811773657, -0.7359449024657113], [-0.0008608577872552986, -0.9999945181227201, 0.003197287659668678, 0.09016248957002754], [0.006835597871312675, -0.003203098595921781, -0.9999715069746369, -0.0001083325235558652], [0.0, 0.0, 0.0, 1.0]]}, "mean_rme": {"type": "float", "data": 0.0024456973448240683}, "max_rme": {"type": "float", "data": 0.009608324346232933}, "simu": {"type": "float", "data": 0.002}}, {"type": "dict", "image_number": {"type": "int", "data": 26}, "Hcamera2end": {"type": "ndarray", "data": [[0.9999794704698337, -0.004613568275280998, 0.004446754618859091, -0.018243293263090165], [-0.004469785217325769, -0.004993683961213691, 0.9999775418181183, 0.028762434474426727], [-0.004591258975705899, -0.9999768887870684, -0.005014203102504, 0.03608909136228822], [0.0, 0.0, 0.0, 1.0]]}, "Hobj2base": {"type": "ndarray", "data": [[0.9999789831686978, -0.0006921808353987011, 0.006446247481160012, -0.7360254701004892], [-0.0007119288038576737, -0.999995059586922, 0.0030616921997389025, 0.09005220866442494], [0.0064440963893701055, -0.0030662171219290736, -0.9999745356429259, 3.213986670920381e-05], [0.0, 0.0, 0.0, 1.0]]}, "mean_rme": {"type": "float", "data": 0.0024343050253932716}, "max_rme": {"type": "float", "data": 0.00968733882519579}, "simu": {"type": "float", "data": 0.002}}, {"type": "dict", "image_number": {"type": "int", "data": 27}, "Hcamera2end": {"type": "ndarray", "data": [[0.999978439023669, -0.004495743170387568, 0.004786416314125628, -0.01849269466312388], [-0.004808774587211889, -0.004975636191296262, 0.9999760590791469, 0.028824350616950867], [-0.0044718200719169755, -0.9999775154161408, -0.004997147927230605, 0.03601811315954084], [0.0, 0.0, 0.0, 1.0]]}, "Hobj2base": {"type": "ndarray", "data": [[0.9999776969739502, -0.0004693976423228658, 0.006662223392235678, -0.7359505635987479], [-0.0004931415415716918, -0.9999935317372668, 0.003562765084568813, 0.08999101413825168], [0.006660507945693544, -0.0035659710432402645, -0.9999714603349559, -1.7910047304902376e-05], [0.0, 0.0, 0.0, 1.0]]}, "mean_rme": {"type": "float", "data": 0.0023920048981406843}, "max_rme": {"type": "float", "data": 0.009755503108752811}, "simu": {"type": "float", "data": 0.002}}, {"type": "dict", "image_number": {"type": "int", "data": 28}, "Hcamera2end": {"type": "ndarray", "data": [[0.9999755143234895, -0.00545053436207901, 0.00438889834018221, -0.01814502592414232], [-0.0044189488958427834, -0.0055135726975883426, 0.9999750363917913, 0.028655854698100395], [-0.005426199787013748, -0.999969945644006, -0.0055375233268319946, 0.03633287699887697], [0.0, 0.0, 0.0, 1.0]]}, "Hobj2base": {"type": "ndarray", "data": [[0.9999710338015926, -0.0008856561483812115, 0.007559574787044992, -0.735727720988151], [-0.0009101532682905117, -0.9999943443882546, 0.00323771717933259, 0.09013789360719969], [0.007556664528898439, -0.0032445037666737025, -0.9999661844365069, -0.00014073912153684889], [0.0, 0.0, 0.0, 1.0]]}, "mean_rme": {"type": "float", "data": 0.002414803720523346}, "max_rme": {"type": "float", "data": 0.009641776288551007}, "simu": {"type": "float", "data": 0.002}}, {"type": "dict", "image_number": {"type": "int", "data": 29}, "Hcamera2end": {"type": "ndarray", "data": [[0.9999773689213863, -0.005285842335897557, 0.004161912524513828, -0.018040566863360974], [-0.004192140042905456, -0.005720434291967891, 0.9999748509804494, 0.02859630245192898], [-0.005261901455019911, -0.9999696677911343, -0.005742463823686483, 0.0363791718594948], [0.0, 0.0, 0.0, 1.0]]}, "Hobj2base": {"type": "ndarray", "data": [[0.9999719384995603, -0.000535150022781085, 0.007472337511416131, -0.7357214835801874], [-0.0005591350186829427, -0.9999946976582006, 0.003208118376076493, 0.09003729515307972], [0.007470581065906562, -0.0032122063970353235, -0.9999669355276708, -0.00010414195814453128], [0.0, 0.0, 0.0, 1.0]]}, "mean_rme": {"type": "float", "data": 0.002364101043199649}, "max_rme": {"type": "float", "data": 0.009591370703873031}, "simu": {"type": "float", "data": 0.002}}, {"type": "dict", "image_number": {"type": "int", "data": 30}, "Hcamera2end": {"type": "ndarray", "data": [[0.9999765091019913, -0.005651492700365908, 0.00387838554720429, -0.018105330410129388], [-0.0039041413462253044, -0.0045534612293709475, 0.9999820116738007, 0.02860516034778874], [-0.005633730961249954, -0.9999736629637255, -0.004575418490796901, 0.03584289663980184], [0.0, 0.0, 0.0, 1.0]]}, "Hobj2base": {"type": "ndarray", "data": [[0.9999756383273786, -0.0012231055767911562, 0.006872173200648239, -0.7356422636875778], [-0.0012427791650698598, -0.9999951400849365, 0.0028592492818584818, 0.08996334356538774], [0.006868642638728102, -0.002867720219436051, -0.9999722985808381, 6.357332348914668e-05], [0.0, 0.0, 0.0, 1.0]]}, "mean_rme": {"type": "float", "data": 0.0023486516273968703}, "max_rme": {"type": "float", "data": 0.00964906441726801}, "simu": {"type": "float", "data": 0.002}}]}