{"type": "list", "data": [{"type": "dict", "image_number": {"type": "int", "data": 5}, "Hcamera2end": {"type": "ndarray", "data": [[0.9994619697281703, -0.013250442033481743, -0.030003280704007426, -0.013749816943112232], [0.030077936437908837, 0.005471286359637895, 0.9995325821428774, 0.030073153650838423], [-0.013080091999800304, -0.9998972401259482, 0.0058668885952077865, 0.03651401207659352], [0.0, 0.0, 0.0, 1.0]]}, "Hobj2base": {"type": "ndarray", "data": [[0.9999413133386662, -0.010415813254894712, 0.0029800524798330326, -0.7384525207853911], [-0.010325658206196207, -0.9995313383121844, -0.028818128226218376, 0.07909136321635234], [0.0032788200853679553, 0.028785665983143603, -0.9995802292826501, 0.0043748400053056245], [0.0, 0.0, 0.0, 1.0]]}, "mean_rme": {"type": "float", "data": 0.0011959641731546348}, "max_rme": {"type": "float", "data": 0.003924402629043255}, "simu": {"type": "float", "data": 0.002}}, {"type": "dict", "image_number": {"type": "int", "data": 6}, "Hcamera2end": {"type": "ndarray", "data": [[0.9998669954657328, -0.013638058479327496, 0.008943977819895296, -0.010908303649972405], [-0.009169514153573616, -0.016565412663520185, 0.9998207374892134, 0.030148834042467473], [-0.013487453003282301, -0.9997697687288818, -0.0166882637587773, 0.03459143603257992], [0.0, 0.0, 0.0, 1.0]]}, "Hobj2base": {"type": "ndarray", "data": [[0.9997410762481229, -0.0017506622874289865, 0.02268734545512715, -0.7264579802722851], [-0.0019218861427939306, -0.999969821068899, 0.007527503243978249, 0.09660763160678287], [0.022673482659244064, -0.007569156689443038, -0.999714269704655, -0.0071692304873880175], [0.0, 0.0, 0.0, 1.0]]}, "mean_rme": {"type": "float", "data": 0.0014154216871523021}, "max_rme": {"type": "float", "data": 0.004892509732749434}, "simu": {"type": "float", "data": 0.002}}, {"type": "dict", "image_number": {"type": "int", "data": 7}, "Hcamera2end": {"type": "ndarray", "data": [[0.9998865952511796, -0.01361318785691352, 0.006440322459008768, -0.010895089786105793], [-0.0064775497274152955, -0.002692326087401664, 0.9999753960622072, 0.03017022515195654], [-0.013595513470718659, -0.999903711612579, -0.002780200866129734, 0.03562149095630924], [0.0, 0.0, 0.0, 1.0]]}, "Hobj2base": {"type": "ndarray", "data": [[0.9999093899136944, -0.0077930247789031095, 0.010976371313823414, -0.7339221424467942], [-0.007871339581538276, -0.9999437446834196, 0.007109815869122258, 0.0976859784755799], [0.010920346863338738, -0.007195570394076899, -0.9999144812388152, -0.005089872686301186], [0.0, 0.0, 0.0, 1.0]]}, "mean_rme": {"type": "float", "data": 0.0016557340513724272}, "max_rme": {"type": "float", "data": 0.004097221660505357}, "simu": {"type": "float", "data": 0.002}}, {"type": "dict", "image_number": {"type": "int", "data": 8}, "Hcamera2end": {"type": "ndarray", "data": [[0.9998943267927436, -0.014354556843902012, 0.002298248355025163, -0.011634731389711394], [-0.0024360882073381496, -0.009592423019220142, 0.999951024248121, 0.03023892965865424], [-0.014331808048263063, -0.9998509549520046, -0.00962637832376334, 0.03600286698095891], [0.0, 0.0, 0.0, 1.0]]}, "Hobj2base": {"type": "ndarray", "data": [[0.9998516166522382, -0.005597390918343172, 0.01629152825283635, -0.7315872751857655], [-0.0056495957198294785, -0.9999790475208465, 0.00316015624669627, 0.0944698809438758], [0.01627349827505445, -0.0032517278804196402, -0.9998622902778582, -0.0050411201796228475], [0.0, 0.0, 0.0, 1.0]]}, "mean_rme": {"type": "float", "data": 0.0018523275241970631}, "max_rme": {"type": "float", "data": 0.0058834486686372145}, "simu": {"type": "float", "data": 0.002}}, {"type": "dict", "image_number": {"type": "int", "data": 9}, "Hcamera2end": {"type": "ndarray", "data": [[0.9998780003896856, -0.01504706597983655, 0.0041916753360081785, -0.012417708562108432], [-0.004331319209353139, -0.009259910748219191, 0.9999477454981544, 0.030229852386104223], [-0.015007465163402588, -0.999843907746771, -0.009323954688639224, 0.03579376412376495], [0.0, 0.0, 0.0, 1.0]]}, "Hobj2base": {"type": "ndarray", "data": [[0.9998459599904417, -0.0066478655018293985, 0.016243834986287533, -0.7316254066307268], [-0.006739885364191026, -0.9999615123085828, 0.005616746995321029, 0.09503549243883586], [0.016205870419996448, -0.005725363377242597, -0.9998522840790676, -0.005078613202059761], [0.0, 0.0, 0.0, 1.0]]}, "mean_rme": {"type": "float", "data": 0.001833684586530346}, "max_rme": {"type": "float", "data": 0.0056361497091826085}, "simu": {"type": "float", "data": 0.002}}, {"type": "dict", "image_number": {"type": "int", "data": 10}, "Hcamera2end": {"type": "ndarray", "data": [[0.9998675988583997, -0.016061584764643987, 0.0026096451839948236, -0.01213471649930076], [-0.0027135148001837086, -0.006448567399945704, 0.9999755261084731, 0.0301288475139889], [-0.01604436320230177, -0.9998502095180739, -0.006491296950233538, 0.036243023798245615], [0.0, 0.0, 0.0, 1.0]]}, "Hobj2base": {"type": "ndarray", "data": [[0.9998622171663339, -0.008629994762846371, 0.014179910917074837, -0.7332133463391959], [-0.008679214395403315, -0.9999565096492611, 0.003413216598164985, 0.09448657806383695], [0.01414983818640898, -0.0035358168024671867, -0.9998936343825966, -0.004559973558687036], [0.0, 0.0, 0.0, 1.0]]}, "mean_rme": {"type": "float", "data": 0.0018590622338391354}, "max_rme": {"type": "float", "data": 0.005325553529072741}, "simu": {"type": "float", "data": 0.002}}, {"type": "dict", "image_number": {"type": "int", "data": 11}, "Hcamera2end": {"type": "ndarray", "data": [[0.9998690641682771, -0.016091581562641673, 0.0017074899901448537, -0.01264879373628607], [-0.0017878924926517407, -0.004983496194927106, 0.999985984004831, 0.03010213014971884], [-0.016082846753243465, -0.9998581028168388, -0.005011613694578809, 0.03636727244559725], [0.0, 0.0, 0.0, 1.0]]}, "Hobj2base": {"type": "ndarray", "data": [[0.9998687004423177, -0.00944570053136195, 0.01316664791290967, -0.7338955593937994], [-0.009471131904908668, -0.9999533983893492, 0.0018704839028305415, 0.09368979000870499], [0.013148366295115189, -0.001994941368250106, -0.9999115664261047, -0.004003045073961275], [0.0, 0.0, 0.0, 1.0]]}, "mean_rme": {"type": "float", "data": 0.0018029769405318822}, "max_rme": {"type": "float", "data": 0.005181258346167172}, "simu": {"type": "float", "data": 0.002}}, {"type": "dict", "image_number": {"type": "int", "data": 12}, "Hcamera2end": {"type": "ndarray", "data": [[0.9998724759967741, -0.015892552555582334, 0.0015679659908400386, -0.012640166897867122], [-0.001640668065309052, -0.004562594993542168, 0.9999882453985267, 0.03028719286114761], [-0.015885211751180798, -0.9998632954060234, -0.004588087556617548, 0.03613066604033364], [0.0, 0.0, 0.0, 1.0]]}, "Hobj2base": {"type": "ndarray", "data": [[0.9998732473213087, -0.010146426211567854, 0.012269446860977836, -0.7338781490372689], [-0.010170851206874259, -0.9999464130863807, 0.0019299589137645775, 0.09362353994917257], [0.012249207193478872, -0.0020545050047161497, -0.9999228649912535, -0.003975555130041168], [0.0, 0.0, 0.0, 1.0]]}, "mean_rme": {"type": "float", "data": 0.0016957061116696316}, "max_rme": {"type": "float", "data": 0.005321379632350909}, "simu": {"type": "float", "data": 0.002}}, {"type": "dict", "image_number": {"type": "int", "data": 13}, "Hcamera2end": {"type": "ndarray", "data": [[0.9998614670763657, -0.01660389734926673, 0.0011650101770885176, -0.013051502487837815], [-0.0012442195456377819, -0.004760997196265215, 0.999987892338412, 0.03021432267041143], [-0.016598149704709842, -0.9998508106205206, -0.004780996535020066, 0.036073197938562646], [0.0, 0.0, 0.0, 1.0]]}, "Hobj2base": {"type": "ndarray", "data": [[0.9998572817908365, -0.011620420594769794, 0.012263028787388228, -0.7337377905294399], [-0.011643643180553514, -0.9999305468666453, 0.0018240110897451743, 0.09325641551575076], [0.012240981305582163, -0.001966537101662156, -0.999923142600722, -0.003741993864590407], [0.0, 0.0, 0.0, 1.0]]}, "mean_rme": {"type": "float", "data": 0.0016464090491810682}, "max_rme": {"type": "float", "data": 0.005692687055612822}, "simu": {"type": "float", "data": 0.002}}, {"type": "dict", "image_number": {"type": "int", "data": 14}, "Hcamera2end": {"type": "ndarray", "data": [[0.9998548714110264, -0.017032858089493116, -0.0003433088159301278, -0.013084983049659167], [0.00027991230917830817, -0.0037242566912516484, 0.9999930257562785, 0.03023634633365835], [-0.017034017868344416, -0.9998479942758304, -0.003718948488493412, 0.03583586155527671], [0.0, 0.0, 0.0, 1.0]]}, "Hobj2base": {"type": "ndarray", "data": [[0.9998599196701465, -0.012699648603357622, 0.010902291619627785, -0.7340922472027113], [-0.012711080524367868, -0.9999187307861173, 0.0009799260090369612, 0.09281142114933005], [0.010888960882986277, -0.001118368647355613, -0.9999400880965104, -0.003265523506538514], [0.0, 0.0, 0.0, 1.0]]}, "mean_rme": {"type": "float", "data": 0.0016405532530718192}, "max_rme": {"type": "float", "data": 0.005627955713065208}, "simu": {"type": "float", "data": 0.002}}, {"type": "dict", "image_number": {"type": "int", "data": 15}, "Hcamera2end": {"type": "ndarray", "data": [[0.9998852701068075, -0.01501196570892183, 0.0020217588853953484, -0.014404767834826483], [-0.0021224721934647063, -0.0066959702235280805, 0.9999753292429535, 0.030351334021201146], [-0.014998057715067275, -0.9998648933072506, -0.006727064475365863, 0.037416949734484214], [0.0, 0.0, 0.0, 1.0]]}, "Hobj2base": {"type": "ndarray", "data": [[0.9998635551052144, -0.01044088301505757, 0.012800747408950422, -0.7339370572866049], [-0.010485196382517112, -0.9999392499548099, 0.0033995671242514425, 0.09244965697446625], [0.012764475280320717, -0.0035333216210987, -0.9999122880578777, -0.003622062923655145], [0.0, 0.0, 0.0, 1.0]]}, "mean_rme": {"type": "float", "data": 0.0018552209163157749}, "max_rme": {"type": "float", "data": 0.006872561672815192}, "simu": {"type": "float", "data": 0.002}}, {"type": "dict", "image_number": {"type": "int", "data": 16}, "Hcamera2end": {"type": "ndarray", "data": [[0.9998960679141208, -0.014346089852134673, 0.0014293620375753439, -0.014344899180382547], [-0.0015313675253333502, -0.007101869088691926, 0.9999736088362278, 0.030291901199836276], [-0.014335560100056691, -0.9998718683718436, -0.007123100112738978, 0.037785799719761565], [0.0, 0.0, 0.0, 1.0]]}, "Hobj2base": {"type": "ndarray", "data": [[0.9998652349537639, -0.009701044114246441, 0.013243929701862245, -0.7340365887922295], [-0.009737737006903308, -0.9999489179354135, 0.00270887389532559, 0.09207900980932551], [0.013216974269431346, -0.0028374747381844883, -0.9999086259895311, -0.003549006579758613], [0.0, 0.0, 0.0, 1.0]]}, "mean_rme": {"type": "float", "data": 0.0018227649484918568}, "max_rme": {"type": "float", "data": 0.006615071632274705}, "simu": {"type": "float", "data": 0.002}}, {"type": "dict", "image_number": {"type": "int", "data": 17}, "Hcamera2end": {"type": "ndarray", "data": [[0.9998933301734568, -0.014466891195814083, 0.002009311763510372, -0.014689255227843838], [-0.0021109175211980287, -0.0070114893670705225, 0.9999731911626801, 0.030675445350498213], [-0.014452415087216508, -0.9998707656872381, -0.007041279866818462, 0.03779526613371201], [0.0, 0.0, 0.0, 1.0]]}, "Hobj2base": {"type": "ndarray", "data": [[0.9998651830213153, -0.010035959757568736, 0.012995972202806095, -0.7340175893965806], [-0.010075610273706374, -0.9999447721182102, 0.0029891120875805005, 0.09189177408890983], [0.01296525585416772, -0.0031196514555632982, -0.9999110810044216, -0.0037119696273300844], [0.0, 0.0, 0.0, 1.0]]}, "mean_rme": {"type": "float", "data": 0.0017589743397664185}, "max_rme": {"type": "float", "data": 0.006574248886059397}, "simu": {"type": "float", "data": 0.002}}, {"type": "dict", "image_number": {"type": "int", "data": 18}, "Hcamera2end": {"type": "ndarray", "data": [[0.9998235382748432, -0.01769128797225551, 0.006317486957318307, -0.016435331238505883], [-0.006355594641453269, -0.002098641523040623, 0.9999776008093938, 0.030370241641632108], [-0.017677633561274254, -0.9998412944230902, -0.002210709848173842, 0.037129698269110854], [0.0, 0.0, 0.0, 1.0]]}, "Hobj2base": {"type": "ndarray", "data": [[0.9998398960148883, -0.014396410136289773, 0.010626651030545544, -0.7352976743892072], [-0.014459168870336627, -0.9998783313518216, 0.0058527710254568195, 0.09267427742888168], [0.010541099208163722, -0.006005486515268493, -0.9999264069716327, -0.0027990177497946083], [0.0, 0.0, 0.0, 1.0]]}, "mean_rme": {"type": "float", "data": 0.0019147795838345106}, "max_rme": {"type": "float", "data": 0.007438790399851847}, "simu": {"type": "float", "data": 0.002}}, {"type": "dict", "image_number": {"type": "int", "data": 19}, "Hcamera2end": {"type": "ndarray", "data": [[0.9998255443199416, -0.017886135389664028, 0.005382107965760458, -0.016342909772781633], [-0.005427923331628186, -0.0025139431012366487, 0.9999821087091456, 0.030269843022427516], [-0.01787228507042288, -0.9998368698197253, -0.0026105891011773963, 0.03738033192748008], [0.0, 0.0, 0.0, 1.0]]}, "Hobj2base": {"type": "ndarray", "data": [[0.9998347895480477, -0.014279094190314914, 0.011247269824954999, -0.7352559066297699], [-0.014329836034051984, -0.9998874475169823, 0.0044438831230803975, 0.09229386021431395], [0.01118254929112381, -0.004604320479563556, -0.9999268727383386, -0.002901487329318965], [0.0, 0.0, 0.0, 1.0]]}, "mean_rme": {"type": "float", "data": 0.001923539907233735}, "max_rme": {"type": "float", "data": 0.007325092576707548}, "simu": {"type": "float", "data": 0.002}}, {"type": "dict", "image_number": {"type": "int", "data": 20}, "Hcamera2end": {"type": "ndarray", "data": [[0.9998534179143229, -0.01624905228322847, 0.005395459660054322, -0.016296951177017724], [-0.005417418524867043, -0.0013076797275879404, 0.9999844706545479, 0.030216827198163654], [-0.016241744412863822, -0.9998671203083073, -0.0013955159620167024, 0.03690340425543992], [0.0, 0.0, 0.0, 1.0]]}, "Hobj2base": {"type": "ndarray", "data": [[0.9998653902199, -0.013077258029571466, 0.009908923394358744, -0.7352609489033183], [-0.013122397729226446, -0.9999037527190728, 0.0045042175959301755, 0.09211155185473852], [0.009849066871701805, -0.004633640118039277, -0.9999407608758699, -0.002548826923811659], [0.0, 0.0, 0.0, 1.0]]}, "mean_rme": {"type": "float", "data": 0.0019501994065938561}, "max_rme": {"type": "float", "data": 0.007070922815645253}, "simu": {"type": "float", "data": 0.002}}, {"type": "dict", "image_number": {"type": "int", "data": 21}, "Hcamera2end": {"type": "ndarray", "data": [[0.9998556041637818, -0.016144918398684004, 0.005302115820934082, -0.015966001956053036], [-0.00532729595724738, -0.0015170244448652337, 0.9999846591596381, 0.030247412315325566], [-0.016136627282758328, -0.9998685114787512, -0.0016028141513675376, 0.03676612599180911], [0.0, 0.0, 0.0, 1.0]]}, "Hobj2base": {"type": "ndarray", "data": [[0.9998650549462283, -0.012876219152742096, 0.01020170954822204, -0.7351332397714576], [-0.012921231336211316, -0.999907017606648, 0.004358660543678964, 0.09234749995702753], [0.010144637900479144, -0.0044898910130949385, -0.9999384617067988, -0.002816675500888612], [0.0, 0.0, 0.0, 1.0]]}, "mean_rme": {"type": "float", "data": 0.0019322021086282972}, "max_rme": {"type": "float", "data": 0.0071353113585297945}, "simu": {"type": "float", "data": 0.002}}, {"type": "dict", "image_number": {"type": "int", "data": 22}, "Hcamera2end": {"type": "ndarray", "data": [[0.999859710206523, -0.015927515958369436, 0.005184027500291576, -0.015927051252270185], [-0.005210687557553763, -0.0016327931122450678, 0.9999850912497796, 0.030352758489303033], [-0.015918814054616214, -0.9998718158954418, -0.0017155573572635863, 0.03618805266937148], [0.0, 0.0, 0.0, 1.0]]}, "Hobj2base": {"type": "ndarray", "data": [[0.9998628460064853, -0.012665843757794108, 0.01067078149501871, -0.734549239369871], [-0.012713805820161996, -0.999909323428062, 0.004438925906378211, 0.09235825583888216], [0.010613591163150232, -0.004573983333840281, -0.9999332129492866, -0.0031003949353801256], [0.0, 0.0, 0.0, 1.0]]}, "mean_rme": {"type": "float", "data": 0.0019782220913334542}, "max_rme": {"type": "float", "data": 0.007130929085877535}, "simu": {"type": "float", "data": 0.002}}, {"type": "dict", "image_number": {"type": "int", "data": 23}, "Hcamera2end": {"type": "ndarray", "data": [[0.9998611967396499, -0.016032551454007636, 0.004532609428324566, -0.01554403555397598], [-0.004586185004561468, -0.00330648831146374, 0.9999840168933452, 0.03046767235979384], [-0.016017308183932613, -0.999866003236894, -0.003379557607169126, 0.0368184881415543], [0.0, 0.0, 0.0, 1.0]]}, "Hobj2base": {"type": "ndarray", "data": [[0.9998549864403987, -0.01222663444372615, 0.011853923420102679, -0.734494046189699], [-0.012270786409926154, -0.9999180159612766, 0.0036591196954861554, 0.09241492178546709], [0.011808212868683434, -0.0038040460359218074, -0.9999230447102436, -0.0034937835232766072], [0.0, 0.0, 0.0, 1.0]]}, "mean_rme": {"type": "float", "data": 0.0019673982302584017}, "max_rme": {"type": "float", "data": 0.007326248298491711}, "simu": {"type": "float", "data": 0.002}}, {"type": "dict", "image_number": {"type": "int", "data": 24}, "Hcamera2end": {"type": "ndarray", "data": [[0.9998613363210511, -0.016070931777934627, 0.004362714988503739, -0.01533051302330107], [-0.004413836444701315, -0.003146893878007262, 0.9999853074454446, 0.03101870675967226], [-0.016056966653803906, -0.9998659021142333, -0.003217391982506701, 0.03668821864853354], [0.0, 0.0, 0.0, 1.0]]}, "Hobj2base": {"type": "ndarray", "data": [[0.9998573341529347, -0.012518059432806093, 0.011340614120209052, -0.7344755606286308], [-0.012556373366294697, -0.9999156752479339, 0.003313590402241399, 0.09220684834154746], [0.011298178104143857, -0.0034555146511562537, -0.9999302028591905, -0.004062993857432494], [0.0, 0.0, 0.0, 1.0]]}, "mean_rme": {"type": "float", "data": 0.001954847735456045}, "max_rme": {"type": "float", "data": 0.00731132051882194}, "simu": {"type": "float", "data": 0.002}}, {"type": "dict", "image_number": {"type": "int", "data": 25}, "Hcamera2end": {"type": "ndarray", "data": [[0.9998673177180076, -0.015998381818461787, 0.0030657362227500713, -0.014811516479709767], [-0.003122083942375401, -0.003498302274365317, 0.9999890071761061, 0.031100986548450085], [-0.015987481079067216, -0.9998658978384992, -0.0035477864026158823, 0.03696639021363054], [0.0, 0.0, 0.0, 1.0]]}, "Hobj2base": {"type": "ndarray", "data": [[0.9998594070314805, -0.0124492340351089, 0.011233109213190245, -0.7346470261099084], [-0.012478415070599989, -0.9999189372246313, 0.0025314298113120453, 0.09214976811278607], [0.011200684264016929, -0.0026712453093758427, -0.999933702362569, -0.00414540082985015], [0.0, 0.0, 0.0, 1.0]]}, "mean_rme": {"type": "float", "data": 0.0019263079672241301}, "max_rme": {"type": "float", "data": 0.007291091530636895}, "simu": {"type": "float", "data": 0.002}}, {"type": "dict", "image_number": {"type": "int", "data": 26}, "Hcamera2end": {"type": "ndarray", "data": [[0.9998775955819011, -0.015275573567886733, 0.0033838891128871182, -0.015195050598445867], [-0.0034181953373105967, -0.0022202722263509056, 0.9999916931314364, 0.030993064698764696], [-0.015267933520690478, -0.9998808565241225, -0.002272215349565565, 0.03651606107420278], [0.0, 0.0, 0.0, 1.0]]}, "Hobj2base": {"type": "ndarray", "data": [[0.9998739196570504, -0.012243900807688904, 0.010110968433224404, -0.7348343226550507], [-0.012271020587446248, -0.9999212638111001, 0.002624544180457373, 0.09185432173103927], [0.010078037675492967, -0.0027482851788301304, -0.9999454385541182, -0.0038696398769257215], [0.0, 0.0, 0.0, 1.0]]}, "mean_rme": {"type": "float", "data": 0.001958185068145981}, "max_rme": {"type": "float", "data": 0.007144266225930229}, "simu": {"type": "float", "data": 0.002}}, {"type": "dict", "image_number": {"type": "int", "data": 27}, "Hcamera2end": {"type": "ndarray", "data": [[0.9998789492085822, -0.01524579523895822, 0.0031068725550186076, -0.014987245618747001], [-0.003143773715627422, -0.0023970467080989266, 0.9999921853964181, 0.030899822572767438], [-0.015238228780481644, -0.9998809028552406, -0.002444685874043895, 0.036591440091435334], [0.0, 0.0, 0.0, 1.0]]}, "Hobj2base": {"type": "ndarray", "data": [[0.9998739694335689, -0.012009446639448685, 0.010383565889082482, -0.7347859364160194], [-0.012034053587053981, -0.9999249185873438, 0.0023105718681279757, 0.09185124408008465], [0.010355037586730228, -0.0024352370537805796, -0.9999434198078756, -0.003823548207888889], [0.0, 0.0, 0.0, 1.0]]}, "mean_rme": {"type": "float", "data": 0.0019380690252035664}, "max_rme": {"type": "float", "data": 0.007075300925668659}, "simu": {"type": "float", "data": 0.002}}, {"type": "dict", "image_number": {"type": "int", "data": 28}, "Hcamera2end": {"type": "ndarray", "data": [[0.9998765319879985, -0.015473348227188882, 0.0027379324851145867, -0.014887937300732498], [-0.002773698096897587, -0.0022904456182708532, 0.9999935302079395, 0.03088201803173723], [-0.01546697703237972, -0.9998776571928738, -0.0023330812180339944, 0.03646378378418414], [0.0, 0.0, 0.0, 1.0]]}, "Hobj2base": {"type": "ndarray", "data": [[0.9998676916868311, -0.012602446567024406, 0.01028481703159526, -0.7347331956055234], [-0.012625226400598093, -0.9999179807940082, 0.0021529847111718668, 0.0918613764329994], [0.010256840604286395, -0.0022825479969090707, -0.9999447920737721, -0.003732499809359183], [0.0, 0.0, 0.0, 1.0]]}, "mean_rme": {"type": "float", "data": 0.0019039472551228977}, "max_rme": {"type": "float", "data": 0.0071443524318467455}, "simu": {"type": "float", "data": 0.002}}, {"type": "dict", "image_number": {"type": "int", "data": 29}, "Hcamera2end": {"type": "ndarray", "data": [[0.9998761026090014, -0.015544370655810989, 0.0024803169854712955, -0.014691736317438366], [-0.0025148769510497226, -0.0022041579086000684, 0.9999944085252852, 0.03088118317129206], [-0.015538816729556149, -0.9998767495190739, -0.0022429769986667125, 0.03641235135754112], [0.0, 0.0, 0.0, 1.0]]}, "Hobj2base": {"type": "ndarray", "data": [[0.999866257448496, -0.012872591167525847, 0.010087795228481054, -0.7346724293569027], [-0.012896966769972203, -0.9999140573540686, 0.002355027358380073, 0.09196662347658818], [0.010056612952294739, -0.002484814350856306, -0.9999463436772842, -0.003682986627827322], [0.0, 0.0, 0.0, 1.0]]}, "mean_rme": {"type": "float", "data": 0.0018624460362189467}, "max_rme": {"type": "float", "data": 0.007110654384846982}, "simu": {"type": "float", "data": 0.002}}, {"type": "dict", "image_number": {"type": "int", "data": 30}, "Hcamera2end": {"type": "ndarray", "data": [[0.9998816838165833, -0.015166862224068541, 0.0025660589218240446, -0.014638554249740204], [-0.0026036124108953134, -0.002456795654481869, 0.9999935926582361, 0.030722259442705204], [-0.015160460762390502, -0.9998819582557675, -0.0024959936065174215, 0.03638287368322758], [0.0, 0.0, 0.0, 1.0]]}, "Hobj2base": {"type": "ndarray", "data": [[0.9998729730626255, -0.012223356777465838, 0.01022874811484556, -0.7345492144223299], [-0.0122479129874978, -0.9999222499461644, 0.0023415144780688773, 0.09187792112754825], [0.010199331662263923, -0.002466497859537571, -0.9999449434953667, -0.00359541164205372], [0.0, 0.0, 0.0, 1.0]]}, "mean_rme": {"type": "float", "data": 0.0018531656822692434}, "max_rme": {"type": "float", "data": 0.007038323718556838}, "simu": {"type": "float", "data": 0.002}}]}