{"type": "list", "data": [{"type": "dict", "image_number": {"type": "int", "data": 5}, "Hcamera2end": {"type": "ndarray", "data": [[0.999996209700852, -0.000953554376093865, -0.002582889463672418, -0.013055568101081681], [0.0025518920374095412, -0.03119065714618552, 0.9995101954226472, 0.02717203363137971], [-0.0010336493405036014, -0.9995129982350609, -0.03118810555644469, 0.031080430377913772], [0.0, 0.0, 0.0, 1.0]]}, "Hobj2base": {"type": "ndarray", "data": [[0.9995399025510119, -0.005862330987790446, 0.02975930583369293, -0.7148406679335342], [-0.005859108121670795, -0.999982816168602, -0.00019549815929833933, 0.09237229996676452], [0.02975994052971628, 2.104522058848895e-05, -0.9995570746569533, -0.00559274894444024], [0.0, 0.0, 0.0, 1.0]]}, "mean_rme": {"type": "float", "data": 0.0013195400835427085}, "max_rme": {"type": "float", "data": 0.004172206002157064}, "simu": {"type": "float", "data": 0.002}}, {"type": "dict", "image_number": {"type": "int", "data": 6}, "Hcamera2end": {"type": "ndarray", "data": [[0.9999984022773188, -0.001770015777870229, 0.00024997391011483236, -0.012531709288006235], [-0.00029750791577007666, -0.026905997396887704, 0.9996379238469889, 0.026988381727799264], [-0.0017626490999917697, -0.9996364010720219, -0.026906481002270333, 0.031326469609243214], [0.0, 0.0, 0.0, 1.0]]}, "Hobj2base": {"type": "ndarray", "data": [[0.9996581108701141, -0.004127668199100001, 0.02581905743501811, -0.7178030442340336], [-0.004169228630857757, -0.999990098062723, 0.0015560556314488704, 0.09343193859591681], [0.02581237889498489, -0.0016631691864228185, -0.9996654215106362, -0.004192469871743117], [0.0, 0.0, 0.0, 1.0]]}, "mean_rme": {"type": "float", "data": 0.0014190589083175548}, "max_rme": {"type": "float", "data": 0.005924686549153874}, "simu": {"type": "float", "data": 0.002}}, {"type": "dict", "image_number": {"type": "int", "data": 7}, "Hcamera2end": {"type": "ndarray", "data": [[0.9999982515782259, -0.001701347089359749, -0.000776053202305838, -0.010879509834700147], [0.0007405847373124472, -0.020749713056388952, 0.9997844272353538, 0.025098657171075938], [-0.0017170832065284106, -0.9997832539236486, -0.020748416785451695, 0.03189229067221685], [0.0, 0.0, 0.0, 1.0]]}, "Hobj2base": {"type": "ndarray", "data": [[0.9997799493792644, -0.002422841996271472, 0.020837050075685565, -0.7220245632960083], [-0.0024291151393157203, -0.999997011675815, 0.00027575184426140105, 0.09355526477911588], [0.02083631970467606, -0.0003263067586944299, -0.9997828470748353, -0.0012103303468035517], [0.0, 0.0, 0.0, 1.0]]}, "mean_rme": {"type": "float", "data": 0.0015747828259113246}, "max_rme": {"type": "float", "data": 0.004993856853760331}, "simu": {"type": "float", "data": 0.002}}, {"type": "dict", "image_number": {"type": "int", "data": 8}, "Hcamera2end": {"type": "ndarray", "data": [[0.9999970930797307, -0.002093411125761476, -0.0011964371888266306, -0.011930338551422594], [0.0011768781479263488, -0.009319561844055801, 0.9999558793891158, 0.0256266175526879], [-0.0021044690335575737, -0.9999543806578844, -0.00931707106302393, 0.03441022740950089], [0.0, 0.0, 0.0, 1.0]]}, "Hobj2base": {"type": "ndarray", "data": [[0.9999525135189844, -0.0030400488957069505, 0.009258985353542191, -0.7308264606674866], [-0.0030322496232660767, -0.9999950361213472, -0.0008562680000561223, 0.09231806749604642], [0.009261542489650448, 0.0008281517840518888, -0.9999567680631674, 0.0007863893213755774], [0.0, 0.0, 0.0, 1.0]]}, "mean_rme": {"type": "float", "data": 0.0016695136931414545}, "max_rme": {"type": "float", "data": 0.004901847780472118}, "simu": {"type": "float", "data": 0.002}}, {"type": "dict", "image_number": {"type": "int", "data": 9}, "Hcamera2end": {"type": "ndarray", "data": [[0.9999973968811524, -0.002218522639534087, -0.0005332806172625114, -0.011805459228883725], [0.0005099406369699586, -0.010507802067087013, 0.9999446614969578, 0.025776371497364593], [-0.002224003476984658, -0.9999423304636206, -0.010506643399181392, 0.03449885478197445], [0.0, 0.0, 0.0, 1.0]]}, "Hobj2base": {"type": "ndarray", "data": [[0.9999354728037761, -0.0029504855504345812, 0.010970180659653073, -0.7301114606627851], [-0.0029447492186350567, -0.9999955189456753, -0.0005390181900920711, 0.09260699931928726], [0.010971721867058871, 0.000506678977833752, -0.9999396804786205, 0.0008046375204654824], [0.0, 0.0, 0.0, 1.0]]}, "mean_rme": {"type": "float", "data": 0.0017009788151213542}, "max_rme": {"type": "float", "data": 0.004755710841424676}, "simu": {"type": "float", "data": 0.002}}, {"type": "dict", "image_number": {"type": "int", "data": 10}, "Hcamera2end": {"type": "ndarray", "data": [[0.9999978541082384, -0.0015202203637984925, -0.001407376624758239, -0.01183967369813352], [0.0013915493277222382, -0.010362546819380647, 0.9999453391130361, 0.0257513902615628], [-0.0015347212733715857, -0.9999451517725667, -0.010360409120851566, 0.03458935916146973], [0.0, 0.0, 0.0, 1.0]]}, "Hobj2base": {"type": "ndarray", "data": [[0.9999340114364867, -0.002725946052534266, 0.011159838289804058, -0.730301546974377], [-0.0027172580883041498, -0.9999959933526592, -0.0007935912737774303, 0.09283613351631562], [0.011161956863267729, 0.0007632147449721207, -0.9999374121524984, 0.0007633313140353925], [0.0, 0.0, 0.0, 1.0]]}, "mean_rme": {"type": "float", "data": 0.0018535564415233245}, "max_rme": {"type": "float", "data": 0.007543393271194861}, "simu": {"type": "float", "data": 0.002}}, {"type": "dict", "image_number": {"type": "int", "data": 11}, "Hcamera2end": {"type": "ndarray", "data": [[0.9999978879383228, -0.0016909100091037545, -0.0011683074230120633, -0.011966783280512693], [0.0011501570204371682, -0.010695561963460998, 0.999942139372631, 0.025705690951609513], [-0.001703307876425, -0.9999413711701436, -0.010693594561756559, 0.0348079065839536], [0.0, 0.0, 0.0, 1.0]]}, "Hobj2base": {"type": "ndarray", "data": [[0.9999280491617806, -0.0030432018125842314, 0.01160325050335574, -0.730201303400706], [-0.0030350889541210834, -0.9999951372523042, -0.0007167334129743667, 0.09299429571851757], [0.0116053752440976, 0.0006814649459698885, -0.9999324231521702, 0.0007355903341861112], [0.0, 0.0, 0.0, 1.0]]}, "mean_rme": {"type": "float", "data": 0.0017569102424589722}, "max_rme": {"type": "float", "data": 0.007438267119888056}, "simu": {"type": "float", "data": 0.002}}, {"type": "dict", "image_number": {"type": "int", "data": 12}, "Hcamera2end": {"type": "ndarray", "data": [[0.9999979567363375, -0.0017536161006577763, -0.0010056608382517924, -0.011735641092529515], [0.0009866735255041879, -0.010794974992287543, 0.9999412457691053, 0.02622252266698904], [-0.0017643691518921482, -0.999940194884418, -0.010793222688726845, 0.034821757267001444], [0.0, 0.0, 0.0, 1.0]]}, "Hobj2base": {"type": "ndarray", "data": [[0.9999281946928846, -0.002562698239208012, 0.011706324613787091, -0.7303139342709408], [-0.00255718119131899, -0.9999966121958461, -0.00048623161734043924, 0.09335310007151142], [0.01170753101996154, 0.00045626151020797603, -0.9999313604157296, 0.0003560651918253638], [0.0, 0.0, 0.0, 1.0]]}, "mean_rme": {"type": "float", "data": 0.0017092836708350518}, "max_rme": {"type": "float", "data": 0.007437269803854819}, "simu": {"type": "float", "data": 0.002}}, {"type": "dict", "image_number": {"type": "int", "data": 13}, "Hcamera2end": {"type": "ndarray", "data": [[0.9999980145343014, -0.0018936336685783785, 0.0006205473265566919, -0.011448640368579583], [-0.0006384397555724105, -0.00946279743578593, 0.9999550229182151, 0.02611915834785445], [-0.0018876763848114713, -0.9999534337239003, -0.009463987618742786, 0.034745332131873564], [0.0, 0.0, 0.0, 1.0]]}, "Hobj2base": {"type": "ndarray", "data": [[0.9999393597772208, -0.002747191444030951, 0.010664413133954496, -0.730547775684796], [-0.002764360109103505, -0.9999949063401146, 0.001595495851935698, 0.09467795540712914], [0.010659975680507685, -0.0016248793789662964, -0.999941860652656, 0.0009493277274325457], [0.0, 0.0, 0.0, 1.0]]}, "mean_rme": {"type": "float", "data": 0.0017998303712887568}, "max_rme": {"type": "float", "data": 0.007402049358441826}, "simu": {"type": "float", "data": 0.002}}, {"type": "dict", "image_number": {"type": "int", "data": 14}, "Hcamera2end": {"type": "ndarray", "data": [[0.999998560663773, -0.0013327785832984796, -0.0010499388697148516, -0.011818234812034282], [0.0010382999657464645, -0.008703668707111145, 0.9999615833041877, 0.026384178756373708], [-0.0013418657024337768, -0.9999612341747477, -0.008702272355648022, 0.03582021780710566], [0.0, 0.0, 0.0, 1.0]]}, "Hobj2base": {"type": "ndarray", "data": [[0.9999555138464542, -0.0019744921836184304, 0.009223432587191834, -0.7319188484165787], [-0.0019714834907748895, -0.9999980004175055, -0.0003352817263621927, 0.09303018010167219], [0.009224076155325507, 0.0003170829658939088, -0.9999574070316561, 0.0009132830122685898], [0.0, 0.0, 0.0, 1.0]]}, "mean_rme": {"type": "float", "data": 0.0018412194633178386}, "max_rme": {"type": "float", "data": 0.0075602651767977605}, "simu": {"type": "float", "data": 0.002}}, {"type": "dict", "image_number": {"type": "int", "data": 15}, "Hcamera2end": {"type": "ndarray", "data": [[0.9999984989553911, -0.0013724569826337892, -0.0010575673952410302, -0.011357203294873523], [0.00104699024486676, -0.00768469604278077, 0.9999699241768013, 0.026393132527411142], [-0.001380542788837414, -0.9999695304400836, -0.007683247558636808, 0.03572444274928095], [0.0, 0.0, 0.0, 1.0]]}, "Hobj2base": {"type": "ndarray", "data": [[0.9999702641685035, -0.0018227594741601848, 0.007493218712445419, -0.732488913312014], [-0.0018174856452560905, -0.9999980959213861, -0.0007105628272684495, 0.09341050248731494], [0.0074944996298933085, 0.0006969228806453163, -0.9999716729856882, 0.0010564870944449393], [0.0, 0.0, 0.0, 1.0]]}, "mean_rme": {"type": "float", "data": 0.0018188721801504393}, "max_rme": {"type": "float", "data": 0.007650573842646266}, "simu": {"type": "float", "data": 0.002}}, {"type": "dict", "image_number": {"type": "int", "data": 16}, "Hcamera2end": {"type": "ndarray", "data": [[0.9999995386008276, -0.0008263818246587189, 0.0004897869045898667, -0.011116291810416672], [-0.0004962531111486325, -0.00784274411578334, 0.9999691220720687, 0.026312944740754185], [-0.0008225150343363334, -0.9999689037454184, -0.007843150591699155, 0.036143934603069375], [0.0, 0.0, 0.0, 1.0]]}, "Hobj2base": {"type": "ndarray", "data": [[0.9999733648946562, -0.0012605276666612236, 0.007188920034353266, -0.733032768649311], [-0.0012631007622598057, -0.9999991398434249, 0.0003533962007839467, 0.09436682898867303], [0.0071884683850680494, -0.00036246711841412713, -0.9999740969344479, 0.0012289328802147885], [0.0, 0.0, 0.0, 1.0]]}, "mean_rme": {"type": "float", "data": 0.001850472892771754}, "max_rme": {"type": "float", "data": 0.00773840651534885}, "simu": {"type": "float", "data": 0.002}}, {"type": "dict", "image_number": {"type": "int", "data": 17}, "Hcamera2end": {"type": "ndarray", "data": [[0.99999932240819, -0.0011628447735102885, 5.454533489767852e-05, -0.01181555347326265], [-6.026635147126757e-05, -0.004920378235858225, 0.9999878930497025, 0.02649665283353698], [-0.0011625623113277134, -0.9999872187533444, -0.004920444982261962, 0.03459597429103773], [0.0, 0.0, 0.0, 1.0]]}, "Hobj2base": {"type": "ndarray", "data": [[0.9999885966718017, -0.0018681392168770005, 0.004395063392836632, -0.7333788118697981], [-0.0018711759744597003, -0.9999980134071171, 0.0006869368905894499, 0.09354543005288508], [0.004393771367890147, -0.0006951529942495382, -0.9999901057187921, 0.001717632291824997], [0.0, 0.0, 0.0, 1.0]]}, "mean_rme": {"type": "float", "data": 0.0018948585629339322}, "max_rme": {"type": "float", "data": 0.007670267723566659}, "simu": {"type": "float", "data": 0.002}}, {"type": "dict", "image_number": {"type": "int", "data": 18}, "Hcamera2end": {"type": "ndarray", "data": [[0.9999950450138768, -0.0022389663538482743, -0.0022129115121933053, -0.010958673694565322], [0.002202718785956338, -0.004544694910009195, 0.9999872468077403, 0.026483985069563343], [-0.0022489948075656674, -0.9999871663065686, -0.0045397405778602185, 0.03450160541893062], [0.0, 0.0, 0.0, 1.0]]}, "Hobj2base": {"type": "ndarray", "data": [[0.9999868559508086, -0.003066215959011913, 0.004109287688826835, -0.7332017914391469], [-0.0030618266958621354, -0.999994735858883, -0.0010739980481241208, 0.0933731892897627], [0.0041125591669116555, 0.0010614020046943171, -0.9999909801007623, 0.0013595836600104544], [0.0, 0.0, 0.0, 1.0]]}, "mean_rme": {"type": "float", "data": 0.0019491192534425732}, "max_rme": {"type": "float", "data": 0.007586996101681662}, "simu": {"type": "float", "data": 0.002}}, {"type": "dict", "image_number": {"type": "int", "data": 19}, "Hcamera2end": {"type": "ndarray", "data": [[0.9999959758685535, -0.0025202485477076957, -0.0013025336683810795, -0.011520031235904117], [0.001293344124197075, -0.003644485397616526, 0.9999925224656245, 0.026512502609087836], [-0.002524976767396865, -0.9999901829885351, -0.003641211183077697, 0.03402631653976416], [0.0, 0.0, 0.0, 1.0]]}, "Hobj2base": {"type": "ndarray", "data": [[0.9999886297775945, -0.003263654333698655, 0.0034769060843249946, -0.7331439334945705], [-0.0032624898597791024, -0.9999946200831731, -0.0003405357916695106, 0.09344053452358665], [0.003477998769971707, 0.0003291885488583077, -0.999993897561108, 0.001715169464713106], [0.0, 0.0, 0.0, 1.0]]}, "mean_rme": {"type": "float", "data": 0.0019567515326790533}, "max_rme": {"type": "float", "data": 0.007568409094963466}, "simu": {"type": "float", "data": 0.002}}, {"type": "dict", "image_number": {"type": "int", "data": 20}, "Hcamera2end": {"type": "ndarray", "data": [[0.9999997169277777, -0.0006508523606223652, -0.00037753883148299895, -0.01196774296703953], [0.0003754093319067351, -0.0032688859200549203, 0.9999945867116857, 0.025880138994990153], [-0.0006520829687413959, -0.9999944453725962, -0.00326864065867416, 0.033924926188508744], [0.0, 0.0, 0.0, 1.0]]}, "Hobj2base": {"type": "ndarray", "data": [[0.9999925560176108, -0.0010348715980948286, 0.003717115836347788, -0.733165821015821], [-0.00103675921160293, -0.9999993345845295, 0.0005059257212192533, 0.0930237475921581], [0.0037165897947617696, -0.0005097757092010231, -0.999992963519756, 0.00230306322129164], [0.0, 0.0, 0.0, 1.0]]}, "mean_rme": {"type": "float", "data": 0.002032988274219981}, "max_rme": {"type": "float", "data": 0.007659499469639529}, "simu": {"type": "float", "data": 0.002}}, {"type": "dict", "image_number": {"type": "int", "data": 21}, "Hcamera2end": {"type": "ndarray", "data": [[0.9999987823150814, -0.0008247079035274415, -0.0013248491341677463, -0.012046195691983048], [0.0013220525237788233, -0.0033823901537768375, 0.9999934057852443, 0.02586684361027138], [-0.0008291836218930634, -0.9999939396284968, -0.0033812957279260036, 0.03384528243351929], [0.0, 0.0, 0.0, 1.0]]}, "Hobj2base": {"type": "ndarray", "data": [[0.9999925439893866, -0.001221256490573255, 0.003663399816949583, -0.7328977329070417], [-0.001219426907873733, -0.9999991306902629, -0.0005016141292655507, 0.09249044577701564], [0.00366400923183158, 0.000497143140914191, -0.9999931639191573, 0.002192322062734654], [0.0, 0.0, 0.0, 1.0]]}, "mean_rme": {"type": "float", "data": 0.0020260058022549708}, "max_rme": {"type": "float", "data": 0.0075851443944886035}, "simu": {"type": "float", "data": 0.002}}, {"type": "dict", "image_number": {"type": "int", "data": 22}, "Hcamera2end": {"type": "ndarray", "data": [[0.999999570444331, -0.0005462243606608494, -0.0007488324922246052, -0.012428557641017548], [0.0007480992310834598, -0.0013413888221747161, 0.9999988205110885, 0.026120229942767005], [-0.0005472281919300241, -0.9999989511569377, -0.001340979615949145, 0.033241412347061995], [0.0, 0.0, 0.0, 1.0]]}, "Hobj2base": {"type": "ndarray", "data": [[0.9999973131019456, -0.0011279124669022061, 0.0020252413081974026, -0.7332474016012976], [-0.0011277164524265129, -0.9999993593329355, -9.792508066239409e-05, 0.09215547525725243], [0.0020253504616113004, 9.564091960429739e-05, -0.9999979444020484, 0.0024799383695622997], [0.0, 0.0, 0.0, 1.0]]}, "mean_rme": {"type": "float", "data": 0.0021456584657086777}, "max_rme": {"type": "float", "data": 0.007814927547732706}, "simu": {"type": "float", "data": 0.002}}, {"type": "dict", "image_number": {"type": "int", "data": 23}, "Hcamera2end": {"type": "ndarray", "data": [[0.999998437028392, -0.001472441112310922, -0.0009787021732534642, -0.01277480863035693], [0.000977788274755539, -0.0006212608566156241, 0.9999993289822938, 0.026149563780983633], [-0.0014730481536273914, -0.9999987229752442, -0.0006198201499476585, 0.03282744445807835], [0.0, 0.0, 0.0, 1.0]]}, "Hobj2base": {"type": "ndarray", "data": [[0.9999972664870656, -0.0019724664735200205, 0.0012555454622118851, -0.7334629602657531], [-0.0019722030894349725, -0.999998032949238, -0.00021098016280131392, 0.09190186412827138], [0.0012559591437879302, 0.00020850339544480968, -0.9999991895461533, 0.002577135811321523], [0.0, 0.0, 0.0, 1.0]]}, "mean_rme": {"type": "float", "data": 0.002129448572439531}, "max_rme": {"type": "float", "data": 0.007800627927093344}, "simu": {"type": "float", "data": 0.002}}, {"type": "dict", "image_number": {"type": "int", "data": 24}, "Hcamera2end": {"type": "ndarray", "data": [[0.9999980558806728, -0.0013498938896011007, -0.0014373661195378775, -0.012515680746927401], [0.0014363137454548604, -0.0007802437613282365, 0.9999986641103564, 0.026153325025225535], [-0.0013510135822393475, -0.999998784502341, -0.0007783033732926548, 0.032848752291978534], [0.0, 0.0, 0.0, 1.0]]}, "Hobj2base": {"type": "ndarray", "data": [[0.9999977012019843, -0.0018038410985952396, 0.0011592014656751852, -0.7334406704664266], [-0.001802761631233666, -0.9999979410954845, -0.0009315875124620472, 0.09180744046357737], [0.0011608795148319699, 0.000929495607005333, -0.9999988941977231, 0.00240054269632739], [0.0, 0.0, 0.0, 1.0]]}, "mean_rme": {"type": "float", "data": 0.00209959235796453}, "max_rme": {"type": "float", "data": 0.007852221251622236}, "simu": {"type": "float", "data": 0.002}}, {"type": "dict", "image_number": {"type": "int", "data": 25}, "Hcamera2end": {"type": "ndarray", "data": [[0.9999977550361695, -0.001298177725170587, -0.0016747110840265645, -0.012873006016297456], [0.0016756018376449574, 0.000685373249371013, 0.9999983613096527, 0.02623833213407774], [-0.001297027795681863, -0.999998922498471, 0.0006875469397147338, 0.031946494836140635], [0.0, 0.0, 0.0, 1.0]]}, "Hobj2base": {"type": "ndarray", "data": [[0.9999985813934965, -0.0016696780845509179, -0.0002222298099699839, -0.7335531383947744], [-0.0016699230094603156, -0.9999979934609426, -0.001106540207540882, 0.09127740261916233], [-0.00022038179812298506, 0.0011069097444688044, -0.9999993630911375, 0.002568485624208585], [0.0, 0.0, 0.0, 1.0]]}, "mean_rme": {"type": "float", "data": 0.0020783104936253015}, "max_rme": {"type": "float", "data": 0.007870588293965544}, "simu": {"type": "float", "data": 0.002}}, {"type": "dict", "image_number": {"type": "int", "data": 26}, "Hcamera2end": {"type": "ndarray", "data": [[0.9999984128548662, -0.0007856260156504011, -0.0015990870870506765, -0.012848174576834943], [0.001599592636883776, 0.0006432929921915687, 0.9999985137376566, 0.025512155235218086], [-0.0007845961664870345, -0.999999484482812, 0.0006445486527821842, 0.03198310184302076], [0.0, 0.0, 0.0, 1.0]]}, "Hobj2base": {"type": "ndarray", "data": [[0.9999993671253196, -0.001124900608425639, -1.864353947986522e-05, -0.7335311282049495], [-0.0011249218471795937, -0.9999986695504801, -0.0011812908647613235, 0.09116155868475227], [-1.731467986307941e-05, 0.0011813110896771147, -0.999999302101912, 0.0032679195904950754], [0.0, 0.0, 0.0, 1.0]]}, "mean_rme": {"type": "float", "data": 0.0020735699663407764}, "max_rme": {"type": "float", "data": 0.00793216968698162}, "simu": {"type": "float", "data": 0.002}}, {"type": "dict", "image_number": {"type": "int", "data": 27}, "Hcamera2end": {"type": "ndarray", "data": [[0.999998518038493, 0.0005027300134751239, -0.0016465671414434176, -0.013053954419191814], [0.001646826376995162, -0.0005156778379646898, 0.9999985110185173, 0.025497785066325544], [0.0005018801667358799, -0.9999997406694171, -0.0005165049827966506, 0.032666085632550294], [0.0, 0.0, 0.0, 1.0]]}, "Hobj2base": {"type": "ndarray", "data": [[0.999999588021748, -0.00014005783646393194, 0.0008968501194077768, -0.7335170309229215], [-0.00013886801435408438, -0.9999991104334816, -0.0013265925977386766, 0.09068293238052999], [0.0008970351212890466, 0.001326467507416122, -0.9999987179051497, 0.003072373100377489], [0.0, 0.0, 0.0, 1.0]]}, "mean_rme": {"type": "float", "data": 0.0021076508419696992}, "max_rme": {"type": "float", "data": 0.00787420001431776}, "simu": {"type": "float", "data": 0.002}}, {"type": "dict", "image_number": {"type": "int", "data": 28}, "Hcamera2end": {"type": "ndarray", "data": [[0.9999979509961362, 0.00041687660993943343, -0.001980963760690289, -0.013009959307713984], [0.001981139324927015, -0.0004211512711140841, 0.9999979488571874, 0.02555218878997921], [0.0004160414694601254, -0.999999824422734, -0.0004219762988191267, 0.03296791550319914], [0.0, 0.0, 0.0, 1.0]]}, "Hobj2base": {"type": "ndarray", "data": [[0.9999997038513069, -0.00015666147545335583, 0.0007534948444463033, -0.7338289631167776], [-0.00015536023145897585, -0.9999984971954268, -0.0017266933969319336, 0.0904802267855344], [0.000753764218426024, 0.0017265758224405043, -0.9999982253861419, 0.0030000895590603133], [0.0, 0.0, 0.0, 1.0]]}, "mean_rme": {"type": "float", "data": 0.0020885193319660758}, "max_rme": {"type": "float", "data": 0.00794351335472035}, "simu": {"type": "float", "data": 0.002}}, {"type": "dict", "image_number": {"type": "int", "data": 29}, "Hcamera2end": {"type": "ndarray", "data": [[0.9999976083064324, 9.187121242817194e-05, -0.002185163860056897, -0.012990902987097975], [0.0021852048712499702, -0.0004486937060506069, 0.9999975117737189, 0.02552128014545396], [9.089051456110959e-05, -0.9999998951168138, -0.00044889339033371556, 0.03299438865586475], [0.0, 0.0, 0.0, 1.0]]}, "Hobj2base": {"type": "ndarray", "data": [[0.999999646750918, -0.00029359452895107537, 0.0007875914498289285, -0.733754761222938], [-0.0002921572082510287, -0.9999982930082032, -0.0018244519302131198, 0.09044998693553637], [0.0007881257545218291, 0.001824221185207926, -0.9999980255354821, 0.0030000044427205314], [0.0, 0.0, 0.0, 1.0]]}, "mean_rme": {"type": "float", "data": 0.002055726409826046}, "max_rme": {"type": "float", "data": 0.007948504969472907}, "simu": {"type": "float", "data": 0.002}}, {"type": "dict", "image_number": {"type": "int", "data": 30}, "Hcamera2end": {"type": "ndarray", "data": [[0.9999975251501582, 0.0003828567017187367, -0.002191600854337248, -0.013116386053959792], [0.002191638646590375, -9.831958483075276e-05, 0.9999975935237554, 0.024732210046207997], [0.0003826403030970664, -0.9999999218769996, -9.91584250480404e-05, 0.03284612992653075], [0.0, 0.0, 0.0, 1.0]]}, "Hobj2base": {"type": "ndarray", "data": [[0.99999982550249, -0.00020857747888905265, 0.0005527118823333826, -0.7338887263392266], [-0.00020766999191665987, -0.9999986312898343, -0.0016414297524119349, 0.09045083029488764], [0.0005530534911105422, 0.0016413146843143936, -0.9999985001078466, 0.0038583770883391932], [0.0, 0.0, 0.0, 1.0]]}, "mean_rme": {"type": "float", "data": 0.0020520319727316875}, "max_rme": {"type": "float", "data": 0.007740331784323672}, "simu": {"type": "float", "data": 0.002}}]}