{"type": "list", "data": [{"type": "dict", "image_number": {"type": "int", "data": 5}, "Hcamera2end": {"type": "ndarray", "data": [[0.9998947688114823, -0.00163034912280988, -0.014415036079385494, -0.018285759429906838], [0.014431503675895282, 0.010585362402727005, 0.999839828074705, 0.03271266068928377], [-0.0014774996057032941, -0.9999426443874373, 0.010607776881819353, 0.02429444412182306], [0.0, 0.0, 0.0, 1.0]]}, "Hobj2base": {"type": "ndarray", "data": [[0.9999885100496434, -0.0023919569684525367, -0.004154312284278984, -0.7289699500133228], [-0.0024575862656362373, -0.9998711182302376, -0.015865282813769047, 0.08077588847511444], [-0.004115827795376776, 0.015875310103270132, -0.9998655082013197, -0.003270576330188524], [0.0, 0.0, 0.0, 1.0]]}, "mean_rme": {"type": "float", "data": 0.0008510970436487015}, "max_rme": {"type": "float", "data": 0.005059040394809922}, "simu": {"type": "float", "data": 0.002}}, {"type": "dict", "image_number": {"type": "int", "data": 6}, "Hcamera2end": {"type": "ndarray", "data": [[0.9999975621446829, -0.0015088278005600346, -0.0016121858947615096, -0.017173971921373637], [0.0016272447113114816, 0.010033039566204383, 0.9999483437616727, 0.03275533593026777], [-0.0014925747353213554, -0.9999485294532571, 0.010035470339164299, 0.025169984422438098], [0.0, 0.0, 0.0, 1.0]]}, "Hobj2base": {"type": "ndarray", "data": [[0.9999943829696778, -0.0023262568885877434, -0.0024129977168894836, -0.7295253460241541], [-0.0023389421921093663, -0.9999833905206765, -0.005267640097266664, 0.08808571856896431], [-0.00240070375419093, 0.005273254370942008, -0.9999832145640366, -0.0027939000109653924], [0.0, 0.0, 0.0, 1.0]]}, "mean_rme": {"type": "float", "data": 0.000850574573128702}, "max_rme": {"type": "float", "data": 0.005741569626719012}, "simu": {"type": "float", "data": 0.002}}, {"type": "dict", "image_number": {"type": "int", "data": 7}, "Hcamera2end": {"type": "ndarray", "data": [[0.9999977358035578, -0.0020956245131394163, 0.00036979137061919447, -0.016411577279092537], [-0.0003436239508784638, 0.012473326147354746, 0.9999221459980782, 0.03287799616051664], [-0.002100073888756753, -0.9999200090470844, 0.012472577798519291, 0.02561784945328266], [0.0, 0.0, 0.0, 1.0]]}, "Hobj2base": {"type": "ndarray", "data": [[0.9999819930037745, -0.0031896831094239946, -0.005083265668882729, -0.7315065141486201], [-0.003196109472563345, -0.9999941029056636, -0.0012565978421005307, 0.08939727417816633], [-0.005079227543473255, 0.001272821888103803, -0.9999862905920278, -0.001974092420548769], [0.0, 0.0, 0.0, 1.0]]}, "mean_rme": {"type": "float", "data": 0.0009790046181643488}, "max_rme": {"type": "float", "data": 0.005790176279287795}, "simu": {"type": "float", "data": 0.002}}, {"type": "dict", "image_number": {"type": "int", "data": 8}, "Hcamera2end": {"type": "ndarray", "data": [[0.9999979151980553, -0.001889684568324032, -0.0007737517530075242, -0.01615633510350708], [0.0007969230721584282, 0.012292190022757388, 0.9999241306109486, 0.03310272768085005], [-0.0018800300955319233, -0.9999226625878007, 0.012293670329207362, 0.02652669142565], [0.0, 0.0, 0.0, 1.0]]}, "Hobj2base": {"type": "ndarray", "data": [[0.9999823429496472, -0.003146477143964671, -0.0050411774930861145, -0.7323343704675225], [-0.0031610629475060104, -0.999990833578166, -0.002887982113398648, 0.08937828885657083], [-0.005032044313814684, 0.0029038665995382495, -0.99998312290198, -0.0018550908872890445], [0.0, 0.0, 0.0, 1.0]]}, "mean_rme": {"type": "float", "data": 0.0011503361833272484}, "max_rme": {"type": "float", "data": 0.006274671294024314}, "simu": {"type": "float", "data": 0.002}}, {"type": "dict", "image_number": {"type": "int", "data": 9}, "Hcamera2end": {"type": "ndarray", "data": [[0.9999985376331086, -0.0014458362664473486, -0.0009133942932045508, -0.016113021837882643], [0.0009311280438747268, 0.01231261349323387, 0.999923763368754, 0.03309566193159976], [-0.0014344797698619086, -0.99992315160039, 0.012313941746370016, 0.026657770491061755], [0.0, 0.0, 0.0, 1.0]]}, "Hobj2base": {"type": "ndarray", "data": [[0.999978859400323, -0.0027606062903903794, -0.005887257879382352, -0.7324494758745659], [-0.0027823313932977497, -0.9999893389152474, -0.003685198483801291, 0.08943610685684418], [-0.005877021732711419, 0.00370150087891366, -0.9999758794624984, -0.0017996185468071085], [0.0, 0.0, 0.0, 1.0]]}, "mean_rme": {"type": "float", "data": 0.0011005960281149033}, "max_rme": {"type": "float", "data": 0.006220348434769873}, "simu": {"type": "float", "data": 0.002}}, {"type": "dict", "image_number": {"type": "int", "data": 10}, "Hcamera2end": {"type": "ndarray", "data": [[0.9999961456479987, 0.0002448826377013818, -0.002765632231595044, -0.01444901415956913], [0.0027639409498903976, 0.006656643047035837, 0.9999740245295226, 0.03276978242430802], [0.00026328610332476145, -0.999977814321817, 0.006655940548840222, 0.02794884744371586], [0.0, 0.0, 0.0, 1.0]]}, "Hobj2base": {"type": "ndarray", "data": [[0.9999984459833984, -0.0013953124267844918, -0.0010775592883896493, -0.731596944349792], [-0.0013980944264789916, -0.999995680673089, -0.002585336949048849, 0.0904844515403245], [-0.0010739472812863837, 0.0025868394610276076, -0.9999960774417267, -0.002733113082547345], [0.0, 0.0, 0.0, 1.0]]}, "mean_rme": {"type": "float", "data": 0.0016136692961423735}, "max_rme": {"type": "float", "data": 0.00741578885101235}, "simu": {"type": "float", "data": 0.002}}, {"type": "dict", "image_number": {"type": "int", "data": 11}, "Hcamera2end": {"type": "ndarray", "data": [[0.9999943050973676, -0.0003577273412571965, -0.003355861138684902, -0.01379405419986554], [0.0033585780539841094, 0.007886087325958191, 0.999963264115309, 0.03263157692514985], [-0.0003312495858333777, -0.9999688403434565, 0.007887243870656424, 0.027632722027126848], [0.0, 0.0, 0.0, 1.0]]}, "Hobj2base": {"type": "ndarray", "data": [[0.9999957898397567, -0.0018249517530299763, -0.002256070446639906, -0.7320542227304769], [-0.0018316224796207953, -0.9999939468853962, -0.0029582683549277122, 0.09058490973918928], [-0.0022506580933666794, 0.002962388169489569, -0.9999930793732925, -0.0027712576933483], [0.0, 0.0, 0.0, 1.0]]}, "mean_rme": {"type": "float", "data": 0.0016871088676562876}, "max_rme": {"type": "float", "data": 0.0071924592576281254}, "simu": {"type": "float", "data": 0.002}}, {"type": "dict", "image_number": {"type": "int", "data": 12}, "Hcamera2end": {"type": "ndarray", "data": [[0.9999920821721012, -0.0006437791531033186, -0.003926976127700371, -0.013966717615332058], [0.003932317163205067, 0.008516391356885644, 0.9999560030121247, 0.03258497092897537], [-0.0006103071632070818, -0.999963527648213, 0.008518855469377584, 0.028055844159171443], [0.0, 0.0, 0.0, 1.0]]}, "Hobj2base": {"type": "ndarray", "data": [[0.9999932145954787, -0.0025658492223332562, -0.002643327593973147, -0.7328326457480854], [-0.002575984374664042, -0.99998931698344, -0.0038379973286803053, 0.0905724187294392], [-0.0026334516327995755, 0.003844780456895072, -0.9999891412389117, -0.00281505188628658], [0.0, 0.0, 0.0, 1.0]]}, "mean_rme": {"type": "float", "data": 0.001733383136441069}, "max_rme": {"type": "float", "data": 0.0071471946594476865}, "simu": {"type": "float", "data": 0.002}}, {"type": "dict", "image_number": {"type": "int", "data": 13}, "Hcamera2end": {"type": "ndarray", "data": [[0.9999890284361677, -0.0017533614683311871, -0.004343815241320954, -0.01338435602544063], [0.004358021319223696, 0.008181366827950343, 0.9999570355205307, 0.032699294295989466], [-0.0017177477901462901, -0.9999649948675144, 0.008188918252221233, 0.02824906447903079], [0.0, 0.0, 0.0, 1.0]]}, "Hobj2base": {"type": "ndarray", "data": [[0.9999893931782848, -0.0031857422424152303, -0.0033263459366802677, -0.7330741650023863], [-0.0031989310347354276, -0.9999870140550051, -0.003967185600584333, 0.09090922983170244], [-0.0033136643101836184, 0.003977784272603069, -0.9999865983407576, -0.002647311486526386], [0.0, 0.0, 0.0, 1.0]]}, "mean_rme": {"type": "float", "data": 0.001771523837834159}, "max_rme": {"type": "float", "data": 0.007360032765500346}, "simu": {"type": "float", "data": 0.002}}, {"type": "dict", "image_number": {"type": "int", "data": 14}, "Hcamera2end": {"type": "ndarray", "data": [[0.9999885147085118, -0.001567912325948637, -0.004529028814505163, -0.013589967245001737], [0.00454174438335249, 0.008203596879812758, 0.99995603581167, 0.03272056544738925], [-0.0015306890673045975, -0.9999651207163037, 0.008210623716111254, 0.028261758000212], [0.0, 0.0, 0.0, 1.0]]}, "Hobj2base": {"type": "ndarray", "data": [[0.9999885765380004, -0.0033007359039194835, -0.0034571572131046986, -0.7332104033945949], [-0.003315973166847672, -0.9999847734295884, -0.004411035131573433, 0.09066681388862188], [-0.0034425449104247335, 0.0044224485828334575, -0.9999842952932172, -0.002649537431433741], [0.0, 0.0, 0.0, 1.0]]}, "mean_rme": {"type": "float", "data": 0.0017219195378755476}, "max_rme": {"type": "float", "data": 0.007420636945073333}, "simu": {"type": "float", "data": 0.002}}, {"type": "dict", "image_number": {"type": "int", "data": 15}, "Hcamera2end": {"type": "ndarray", "data": [[0.9999907698062946, -0.0019617223142280853, -0.00382255775314779, -0.013737475730456897], [0.003835509446955366, 0.006641467408034063, 0.9999705894564851, 0.032794542313400205], [-0.0019362772261757393, -0.9999760209906184, 0.006648930310471868, 0.028912152568655928], [0.0, 0.0, 0.0, 1.0]]}, "Hobj2base": {"type": "ndarray", "data": [[0.9999925237337289, -0.0027955695337210243, -0.002671566512311348, -0.7334368790004044], [-0.0028054187089293393, -0.9999892564912072, -0.0036900579983629007, 0.09060176972823121], [-0.002661221996595144, 0.003697525273182536, -0.9999896230483294, -0.002693381756336444], [0.0, 0.0, 0.0, 1.0]]}, "mean_rme": {"type": "float", "data": 0.0017820683118756008}, "max_rme": {"type": "float", "data": 0.007479105036079736}, "simu": {"type": "float", "data": 0.002}}, {"type": "dict", "image_number": {"type": "int", "data": 16}, "Hcamera2end": {"type": "ndarray", "data": [[0.9999957513125675, -0.0014563411969467312, -0.002525158832970055, -0.014418902682498775], [0.0025369916892845207, 0.008181265411408845, 0.9999633146118093, 0.03267870871572302], [-0.0014356287758860923, -0.999965472387215, 0.00818492537728277, 0.02846186144830556], [0.0, 0.0, 0.0, 1.0]]}, "Hobj2base": {"type": "ndarray", "data": [[0.9999915689227398, -0.0018583828237698234, -0.0036617614228375136, -0.7338382824393695], [-0.0018712134544474678, -0.9999921114828212, -0.003503645578124081, 0.09052377619268948], [-0.0036552214222066613, 0.0035104679758589095, -0.9999871579030131, -0.0026650460584482435], [0.0, 0.0, 0.0, 1.0]]}, "mean_rme": {"type": "float", "data": 0.0018334457466183589}, "max_rme": {"type": "float", "data": 0.007723327378661993}, "simu": {"type": "float", "data": 0.002}}, {"type": "dict", "image_number": {"type": "int", "data": 17}, "Hcamera2end": {"type": "ndarray", "data": [[0.9999952325544331, -0.0010771251526311787, -0.0028939021771113432, -0.014431983232605236], [0.0029028861366196188, 0.008434728630668409, 0.9999602135110199, 0.032639955109941235], [-0.0010526730180555298, -0.9999638469236436, 0.00843781519023179, 0.02824757928262424], [0.0, 0.0, 0.0, 1.0]]}, "Hobj2base": {"type": "ndarray", "data": [[0.999991918726984, -0.001294894205528025, -0.0038060123123224523, -0.7337160270904493], [-0.0013077032479375135, -0.9999934836043078, -0.003364916215346132, 0.09030927417592349], [-0.003801630300330877, 0.003369866157202034, -0.9999870957213108, -0.0026543137787662964], [0.0, 0.0, 0.0, 1.0]]}, "mean_rme": {"type": "float", "data": 0.0017744607020658849}, "max_rme": {"type": "float", "data": 0.007570965772525584}, "simu": {"type": "float", "data": 0.002}}, {"type": "dict", "image_number": {"type": "int", "data": 18}, "Hcamera2end": {"type": "ndarray", "data": [[0.999996034677033, -0.0016092699903308774, -0.0023110344671669844, -0.014518590463928963], [0.002324214817643078, 0.008237138757391627, 0.9999633731145219, 0.032686434208711104], [-0.00159017473620407, -0.999964779277345, 0.008240846383633316, 0.02858913207399575], [0.0, 0.0, 0.0, 1.0]]}, "Hobj2base": {"type": "ndarray", "data": [[0.999991429671136, -0.0017408898624957391, -0.0037563129214954563, -0.7339808939973045], [-0.0017502852493826893, -0.9999953447649732, -0.0024993899109139383, 0.09043933185842529], [-0.003751944272417641, 0.0025059431094190017, -0.9999898215298533, -0.002567496284257028], [0.0, 0.0, 0.0, 1.0]]}, "mean_rme": {"type": "float", "data": 0.0017607343786121864}, "max_rme": {"type": "float", "data": 0.007693819713525452}, "simu": {"type": "float", "data": 0.002}}, {"type": "dict", "image_number": {"type": "int", "data": 19}, "Hcamera2end": {"type": "ndarray", "data": [[0.9999961067952668, -0.0013243505438878705, -0.002456112771488368, -0.014446375565342555], [0.0024665616441808197, 0.007946759841519269, 0.9999653819416335, 0.03271486389629668], [-0.0013047865591047374, -0.9999675470252315, 0.0079499954954112, 0.028809774219074887], [0.0, 0.0, 0.0, 1.0]]}, "Hobj2base": {"type": "ndarray", "data": [[0.9999910498068457, -0.0014001511957426778, -0.003992478281914631, -0.7339222375728104], [-0.0014102967279238541, -0.9999957810444913, -0.0025394795444684867, 0.09037381015318592], [-0.003988905782505639, 0.0025450873946933437, -0.9999888055177475, -0.002509079747947434], [0.0, 0.0, 0.0, 1.0]]}, "mean_rme": {"type": "float", "data": 0.0017280671214092804}, "max_rme": {"type": "float", "data": 0.0077556788090912265}, "simu": {"type": "float", "data": 0.002}}, {"type": "dict", "image_number": {"type": "int", "data": 20}, "Hcamera2end": {"type": "ndarray", "data": [[0.9999931954039537, -0.0026675948249969706, -0.002548152985925909, -0.014393695343841226], [0.002566406722652531, 0.006861857637091351, 0.9999731638730622, 0.03270869200088447], [-0.0026500381740566757, -0.9999728990565784, 0.006868657078214269, 0.029231269783395648], [0.0, 0.0, 0.0, 1.0]]}, "Hobj2base": {"type": "ndarray", "data": [[0.9999912202275891, -0.0024112738200818937, -0.0034271309140368623, -0.7339733080855817], [-0.002419150853331701, -0.9999944376871843, -0.002296149786087147, 0.09055363576916259], [-0.0034215752053964807, 0.0023044203730897754, -0.9999914911987289, -0.0025806095100863458], [0.0, 0.0, 0.0, 1.0]]}, "mean_rme": {"type": "float", "data": 0.0017637716692013305}, "max_rme": {"type": "float", "data": 0.007594155115178247}, "simu": {"type": "float", "data": 0.002}}, {"type": "dict", "image_number": {"type": "int", "data": 21}, "Hcamera2end": {"type": "ndarray", "data": [[0.9999932634453345, -0.003323363207668185, -0.0015583070749396089, -0.014704782041651352], [0.0015821639735608482, 0.007188034215236727, 0.9999729140938173, 0.03191754565118205], [-0.0033120720267916207, -0.9999686432189311, 0.007193243898189539, 0.029143401737437093], [0.0, 0.0, 0.0, 1.0]]}, "Hobj2base": {"type": "ndarray", "data": [[0.999989503455657, -0.0030368328819242022, -0.0034308343818689933, -0.7338682070742366], [-0.003042093337424978, -0.9999942037271499, -0.0015291109279049996, 0.09077145812847146], [-0.0034261708414708406, 0.0015395317959392319, -0.9999929455727248, -0.0015425697695933853], [0.0, 0.0, 0.0, 1.0]]}, "mean_rme": {"type": "float", "data": 0.0017728814875604918}, "max_rme": {"type": "float", "data": 0.007955175716435892}, "simu": {"type": "float", "data": 0.002}}, {"type": "dict", "image_number": {"type": "int", "data": 22}, "Hcamera2end": {"type": "ndarray", "data": [[0.9999963200237549, -0.002312539173532172, -0.0014184856427896027, -0.014603371392182278], [0.0014359766800088522, 0.00757953061273442, 0.99997024390062, 0.032085407855779784], [-0.0023017189060334556, -0.9999686009461806, 0.007582823472566558, 0.029475514758250897], [0.0, 0.0, 0.0, 1.0]]}, "Hobj2base": {"type": "ndarray", "data": [[0.9999889573499129, -0.002302204040001002, -0.004096954331240097, -0.7345008764558362], [-0.0023070934788141737, -0.9999966316664664, -0.0011891069766360144, 0.09052551990368454], [-0.004094202964445831, 0.0011985459023643587, -0.9999909004535021, -0.0015268069425189536], [0.0, 0.0, 0.0, 1.0]]}, "mean_rme": {"type": "float", "data": 0.0018139748516599573}, "max_rme": {"type": "float", "data": 0.008134580511240053}, "simu": {"type": "float", "data": 0.002}}, {"type": "dict", "image_number": {"type": "int", "data": 23}, "Hcamera2end": {"type": "ndarray", "data": [[0.9999985156843492, -0.0006356112566024632, -0.001601445418675015, -0.014552601398943989], [0.0016051863146386565, 0.0059292962772822255, 0.9999811332332985, 0.03197841353689487], [-0.0006261038203139513, -0.9999822195639215, 0.005930307750825481, 0.030137610896916727], [0.0, 0.0, 0.0, 1.0]]}, "Hobj2base": {"type": "ndarray", "data": [[0.9999950342184966, -0.0008327951444233999, -0.003039406289929339, -0.7347065067306964], [-0.0008369850104876451, -0.9999987009697984, -0.0013775031062738324, 0.0903198156783919], [-0.0030382551637504404, 0.0013800402033998392, -0.9999944322317984, -0.0016074031689686289], [0.0, 0.0, 0.0, 1.0]]}, "mean_rme": {"type": "float", "data": 0.001846045944941573}, "max_rme": {"type": "float", "data": 0.007903943920284373}, "simu": {"type": "float", "data": 0.002}}, {"type": "dict", "image_number": {"type": "int", "data": 24}, "Hcamera2end": {"type": "ndarray", "data": [[0.9999995855404897, -0.0005606623372986872, -0.0007173399419607503, -0.014871542551428835], [0.0007197855659789958, 0.004374065505155289, 0.9999901746815794, 0.03185571926030004], [-0.0005575191367170962, -0.9999902765570774, 0.004374467248939973, 0.03128912598914514], [0.0, 0.0, 0.0, 1.0]]}, "Hobj2base": {"type": "ndarray", "data": [[0.9999979851226403, -0.0005781962046825073, -0.001922352675410455, -0.7349902708720939], [-0.0005799106292879884, -0.9999994345556558, -0.0008913989177824681, 0.09057907903031608], [-0.001921836184955887, 0.0008925119144726809, -0.9999977549815602, -0.001732635460889589], [0.0, 0.0, 0.0, 1.0]]}, "mean_rme": {"type": "float", "data": 0.0018663101403769767}, "max_rme": {"type": "float", "data": 0.0077755115894050375}, "simu": {"type": "float", "data": 0.002}}, {"type": "dict", "image_number": {"type": "int", "data": 25}, "Hcamera2end": {"type": "ndarray", "data": [[0.9999997982774608, -0.0003305147196947651, 0.0005424067273289948, -0.015670350558975053], [-0.0005408726849896774, 0.004623919855347602, 0.9999891633522388, 0.03177649424313793], [-0.0003330191832593385, -0.9999892550048685, 0.004623740156214806, 0.030805234297788156], [0.0, 0.0, 0.0, 1.0]]}, "Hobj2base": {"type": "ndarray", "data": [[0.9999976807759632, -0.0002209164284387558, -0.0021423441895509487, -0.7346217990642656], [-0.00022020114956886668, -0.9999999199420277, 0.00033410685503200725, 0.09055487917298251], [-0.0021424178277323486, -0.0003336343335100469, -0.9999976493642282, -0.0015611503857345377], [0.0, 0.0, 0.0, 1.0]]}, "mean_rme": {"type": "float", "data": 0.0019288615409954965}, "max_rme": {"type": "float", "data": 0.00795113962622207}, "simu": {"type": "float", "data": 0.002}}, {"type": "dict", "image_number": {"type": "int", "data": 26}, "Hcamera2end": {"type": "ndarray", "data": [[0.9999996409126435, 0.0007959846167199319, -0.0002908316935430252, -0.01542918657668877], [0.0002873491275010393, 0.00437179043933178, 0.9999904023933598, 0.031614589853289826], [0.0007972484323899751, -0.999990126879683, 0.0043715601439919816, 0.030746839861287914], [0.0, 0.0, 0.0, 1.0]]}, "Hobj2base": {"type": "ndarray", "data": [[0.9999982012787009, 0.0006868080455153444, -0.0017679745675558591, -0.7344624193918207], [0.000686542547586875, -0.9999997529633577, -0.00015077318718880372, 0.0904262791581561], [-0.0017680776830393673, 0.00014955912622618197, -0.9999984257654482, -0.0014848805443568847], [0.0, 0.0, 0.0, 1.0]]}, "mean_rme": {"type": "float", "data": 0.0019608375823695996}, "max_rme": {"type": "float", "data": 0.007724153934557054}, "simu": {"type": "float", "data": 0.002}}, {"type": "dict", "image_number": {"type": "int", "data": 27}, "Hcamera2end": {"type": "ndarray", "data": [[0.9999998828274071, -0.0004743396081098031, -9.668044342722932e-05, -0.015632079664422278], [9.8689816917168e-05, 0.004237956456135339, 0.9999910149523324, 0.03170579801889497], [-0.0004739256186364092, -0.9999909073221677, 0.004238002772052107, 0.03097847157782495], [0.0, 0.0, 0.0, 1.0]]}, "Hobj2base": {"type": "ndarray", "data": [[0.9999986876092414, -0.0005146162546872657, -0.0015362128450480477, -0.7343435696324448], [-0.0005146633099485985, -0.9999998671037358, -3.023553193702585e-05, 0.09047191172270379], [-0.001536197081194896, 3.102612464381114e-05, -0.9999988195672567, -0.0015548417765648662], [0.0, 0.0, 0.0, 1.0]]}, "mean_rme": {"type": "float", "data": 0.0019526805693820758}, "max_rme": {"type": "float", "data": 0.007775513554928559}, "simu": {"type": "float", "data": 0.002}}, {"type": "dict", "image_number": {"type": "int", "data": 28}, "Hcamera2end": {"type": "ndarray", "data": [[0.9999999236607877, -2.1257827889725202e-05, 0.00039016217600773475, -0.01578567425533335], [-0.0003900721572342381, 0.004081729498374154, 0.9999915936286736, 0.03176075066668433], [-2.285018565149102e-05, -0.9999916694815048, 0.0040817208946913874, 0.031010839834257807], [0.0, 0.0, 0.0, 1.0]]}, "Hobj2base": {"type": "ndarray", "data": [[0.9999990363753551, -0.00016840625815982703, -0.0013780013400900653, -0.7344263368745721], [-0.00016746393570599486, -0.9999997521048978, 0.0006839195664784625, 0.090482399346941], [-0.0013781161748253551, -0.0006836881419088935, -0.9999988166824665, -0.001491825571760762], [0.0, 0.0, 0.0, 1.0]]}, "mean_rme": {"type": "float", "data": 0.0019387091550828706}, "max_rme": {"type": "float", "data": 0.007875136101407554}, "simu": {"type": "float", "data": 0.002}}, {"type": "dict", "image_number": {"type": "int", "data": 29}, "Hcamera2end": {"type": "ndarray", "data": [[0.9999999639124052, -1.7871765464346455e-05, -0.00026805930002605203, -0.01552131311177162], [0.0002681452520358033, 0.004996606865070086, 0.9999874809306162, 0.03182831567465026], [-1.653215478771857e-05, -0.9999875167223018, 0.004996611476983603, 0.030251436809346784], [0.0, 0.0, 0.0, 1.0]]}, "Hobj2base": {"type": "ndarray", "data": [[0.999997799253561, -0.0001853963563965824, -0.0020897646340612528, -0.7342024064144428], [-0.0001855264333510301, -0.999999980864801, -6.205110532197054e-05, 0.09026826952553527], [-0.0020897530900243545, 6.243867534232196e-05, -0.9999978145143289, -0.0014850230573175923], [0.0, 0.0, 0.0, 1.0]]}, "mean_rme": {"type": "float", "data": 0.0019317130438012658}, "max_rme": {"type": "float", "data": 0.007934252238712025}, "simu": {"type": "float", "data": 0.002}}, {"type": "dict", "image_number": {"type": "int", "data": 30}, "Hcamera2end": {"type": "ndarray", "data": [[0.9999966970246839, 0.0016728142939809823, 0.0019513154692395525, -0.016212252870598177], [-0.001958297897815523, 0.00418263441364497, 0.9999893352624841, 0.03191011733979188], [0.0016646348146221058, -0.9999898535793746, 0.004185896467222006, 0.030364090655974056], [0.0, 0.0, 0.0, 1.0]]}, "Hobj2base": {"type": "ndarray", "data": [[0.9999982078421266, 0.0014292062009283247, -0.001241644945326467, -0.7339246951595894], [0.0014309007556936053, -0.9999980447135863, 0.001364951292291945, 0.09023191575956636], [-0.0012396917207040665, -0.0013667255167743105, -0.9999982976114501, -0.0016587782574913538], [0.0, 0.0, 0.0, 1.0]]}, "mean_rme": {"type": "float", "data": 0.0020221927304541446}, "max_rme": {"type": "float", "data": 0.008116206425602512}, "simu": {"type": "float", "data": 0.002}}]}