{"type": "list", "data": [{"type": "dict", "image_number": {"type": "int", "data": 5}, "Hcamera2end": {"type": "ndarray", "data": [[0.999901089984049, 0.008659321792843098, 0.01108270701583146, -0.017618178803919065], [-0.01098436558789824, -0.01132291432269028, 0.9998755599192695, 0.022240667835726455], [0.008783732768143862, -0.9998983987172543, -0.011226677216738201, 0.03275575598597787], [0.0, 0.0, 0.0, 1.0]]}, "Hobj2base": {"type": "ndarray", "data": [[0.9999370055406376, 0.007868754586105425, 0.008004227113629752, -0.7304618650867845], [0.007736191822577638, -0.9998345982118877, 0.016459877112441432, 0.09525831972905455], [0.008132421933667958, -0.016396917995039045, -0.9998324883668044, 0.004359406641499875], [0.0, 0.0, 0.0, 1.0]]}, "mean_rme": {"type": "float", "data": 0.0013403573427387275}, "max_rme": {"type": "float", "data": 0.0035392795581184328}, "simu": {"type": "float", "data": 0.002}}, {"type": "dict", "image_number": {"type": "int", "data": 6}, "Hcamera2end": {"type": "ndarray", "data": [[0.999920733213074, 0.008445869971419606, 0.009337803331320884, -0.01731362700827628], [-0.009252939584472233, -0.01003183250875117, 0.9999068683860323, 0.021894948735554295], [0.008538758672937281, -0.9999140111114265, -0.009952888193037523, 0.03401854425658449], [0.0, 0.0, 0.0, 1.0]]}, "Hobj2base": {"type": "ndarray", "data": [[0.9999638173610718, 0.006223298385321763, 0.005799528073934439, -0.7321520615636589], [0.006141623741746325, -0.9998831900605945, 0.01399595270298608, 0.094861657876337], [0.005885951621269074, -0.01395982777317317, -0.9998852328052734, 0.004353108539860151], [0.0, 0.0, 0.0, 1.0]]}, "mean_rme": {"type": "float", "data": 0.0014095517340305757}, "max_rme": {"type": "float", "data": 0.004490305311910636}, "simu": {"type": "float", "data": 0.002}}, {"type": "dict", "image_number": {"type": "int", "data": 7}, "Hcamera2end": {"type": "ndarray", "data": [[0.9999034958700201, 0.008308790284399618, 0.011133865048693275, -0.01698130231919976], [-0.011053146930269524, -0.009698282672850445, 0.9998918797830773, 0.02209960698890358], [0.008415871306675298, -0.9999184503334299, -0.00960550846869257, 0.03389291398266465], [0.0, 0.0, 0.0, 1.0]]}, "Hobj2base": {"type": "ndarray", "data": [[0.9999781433973692, 0.005629838528324126, 0.0034666476162864947, -0.7321237326460613], [0.005573390489579413, -0.9998551260543205, 0.016083041421018674, 0.09616944777172816], [0.0035566903156127256, -0.016063368919517904, -0.9998646499066535, 0.004460111657247944], [0.0, 0.0, 0.0, 1.0]]}, "mean_rme": {"type": "float", "data": 0.0014347840500165527}, "max_rme": {"type": "float", "data": 0.004476425605203671}, "simu": {"type": "float", "data": 0.002}}, {"type": "dict", "image_number": {"type": "int", "data": 8}, "Hcamera2end": {"type": "ndarray", "data": [[0.999889510258265, 0.009501642959765142, 0.011431800232342238, -0.015991342627624246], [-0.011347092202145652, -0.008921696999535822, 0.9998958179836559, 0.02565409468312261], [0.009602644117275193, -0.9999150574442379, -0.008812895224802109, 0.03391533620224323], [0.0, 0.0, 0.0, 1.0]]}, "Hobj2base": {"type": "ndarray", "data": [[0.9999710085870155, 0.007009828106346336, 0.0029739360091568657, -0.7334340604656906], [0.00696545951721025, -0.9998680398690227, 0.014676008387587603, 0.09427512267646299], [0.0030764198642558656, -0.014654868078488916, -0.999887878955646, 0.0013664708557317232], [0.0, 0.0, 0.0, 1.0]]}, "mean_rme": {"type": "float", "data": 0.0018860912574198857}, "max_rme": {"type": "float", "data": 0.00764705473961097}, "simu": {"type": "float", "data": 0.002}}, {"type": "dict", "image_number": {"type": "int", "data": 9}, "Hcamera2end": {"type": "ndarray", "data": [[0.999896578220927, 0.007516335933762535, 0.012261221644370227, -0.01724307700847091], [-0.012200764183757578, -0.008037240630596632, 0.9998932663621546, 0.025668907329413283], [0.007614080076665934, -0.9999394518955521, -0.00794470436261796, 0.03410424972960667], [0.0, 0.0, 0.0, 1.0]]}, "Hobj2base": {"type": "ndarray", "data": [[0.9999804609444557, 0.005183672927836113, 0.0034938895648168387, -0.7329652496432382], [0.005131625094956022, -0.9998781228014308, 0.014744692840860366, 0.09395875423903331], [0.003569895404452996, -0.014726475412118146, -0.9998851867933325, 0.002012057167835165], [0.0, 0.0, 0.0, 1.0]]}, "mean_rme": {"type": "float", "data": 0.0019900801324074986}, "max_rme": {"type": "float", "data": 0.007871103075921343}, "simu": {"type": "float", "data": 0.002}}, {"type": "dict", "image_number": {"type": "int", "data": 10}, "Hcamera2end": {"type": "ndarray", "data": [[0.9999017707190058, 0.008066331580621089, 0.011462251429288884, -0.017382757188909824], [-0.011416121998407937, -0.005741757813135129, 0.9999183488544116, 0.02559705204442113], [0.008131486427107074, -0.9999509820546438, -0.0056491075789895095, 0.03440776362729375], [0.0, 0.0, 0.0, 1.0]]}, "Hobj2base": {"type": "ndarray", "data": [[0.9999889843062846, 0.004674836237903049, 0.0004209183224891316, -0.7345102470814691], [0.004668528748225661, -0.9998923322833271, 0.013911458598421788, 0.09345464966739711], [0.00048590679395243345, -0.013909340284765535, -0.9999031423830163, 0.0025190777266349993], [0.0, 0.0, 0.0, 1.0]]}, "mean_rme": {"type": "float", "data": 0.0020177539197313546}, "max_rme": {"type": "float", "data": 0.008037323841956878}, "simu": {"type": "float", "data": 0.002}}, {"type": "dict", "image_number": {"type": "int", "data": 11}, "Hcamera2end": {"type": "ndarray", "data": [[0.9999101833589145, 0.007808907635885253, 0.010892482576354596, -0.018084418704064926], [-0.0108728206524693, -0.0025559322388062355, 0.9999376225452513, 0.02554253114925645], [0.007836260983480099, -0.9999662435162121, -0.0024707978213409643, 0.03321992537176826], [0.0, 0.0, 0.0, 1.0]]}, "Hobj2base": {"type": "ndarray", "data": [[0.9999889398995425, 0.00356859099059861, -0.003063533406193492, -0.7350225865901212], [0.0036050993961703783, -0.9999215530792607, 0.011995455218664861, 0.09268035286345407], [-0.0030204862080097377, -0.012006366890157926, -0.9999233589716594, 0.0034138524102969277], [0.0, 0.0, 0.0, 1.0]]}, "mean_rme": {"type": "float", "data": 0.002078132043743685}, "max_rme": {"type": "float", "data": 0.008263073398281973}, "simu": {"type": "float", "data": 0.002}}, {"type": "dict", "image_number": {"type": "int", "data": 12}, "Hcamera2end": {"type": "ndarray", "data": [[0.9999510307359089, 0.007364864545495075, 0.0066102118286708285, -0.017205193884677943], [-0.0066185633191157625, 0.0011101685271895922, 0.9999774808191592, 0.024438632230459886], [0.007357360245648262, -0.9999722627633566, 0.0011588589853848141, 0.03321043406470659], [0.0, 0.0, 0.0, 1.0]]}, "Hobj2base": {"type": "ndarray", "data": [[0.999988685019895, 0.003254901018278779, -0.0034692148308165895, -0.7359263791255669], [0.0032772367945326022, -0.9999738143379733, 0.006452159123688813, 0.09114483860208357], [-0.0034481228478277395, -0.0064634555561283846, -0.9999731667355383, 0.004505522903620024], [0.0, 0.0, 0.0, 1.0]]}, "mean_rme": {"type": "float", "data": 0.002162089407399159}, "max_rme": {"type": "float", "data": 0.00812987437515808}, "simu": {"type": "float", "data": 0.002}}, {"type": "dict", "image_number": {"type": "int", "data": 13}, "Hcamera2end": {"type": "ndarray", "data": [[0.9999502811236324, 0.007202209074128239, 0.006896627090193149, -0.017530860714650903], [-0.006902092166084247, 0.0007342256097798705, 0.9999759107280958, 0.02419328193001903], [0.007196971897924823, -0.9999737942052312, 0.0007838994157365331, 0.03342907377558232], [0.0, 0.0, 0.0, 1.0]]}, "Hobj2base": {"type": "ndarray", "data": [[0.9999914054766287, 0.0032925820786903802, -0.0025194991827361727, -0.7358024192398527], [0.00331191764128345, -0.9999648000973143, 0.007709070493588513, 0.09121373004634861], [-0.0024940277492595743, -0.007717348611592488, -0.9999671106371413, 0.004838085178645586], [0.0, 0.0, 0.0, 1.0]]}, "mean_rme": {"type": "float", "data": 0.00207131266056693}, "max_rme": {"type": "float", "data": 0.008345766505748281}, "simu": {"type": "float", "data": 0.002}}, {"type": "dict", "image_number": {"type": "int", "data": 14}, "Hcamera2end": {"type": "ndarray", "data": [[0.9999566987191572, 0.005586685030990448, 0.007442421450669428, -0.018026167123137576], [-0.007442740280962282, 3.628127047472507e-05, 0.9999723017667936, 0.026488565790064256], [0.005586260269179971, -0.9999843936952386, 7.785994516640304e-05, 0.03383531808503811], [0.0, 0.0, 0.0, 1.0]]}, "Hobj2base": {"type": "ndarray", "data": [[0.9999971031802418, 0.002197168482233127, -0.00098289459528582, -0.7353590235109181], [0.0022051262776907705, -0.9999641950454177, 0.008169825290018919, 0.09022323638811522], [-0.0009649089201568959, -0.008171969030207863, -0.9999661433633367, 0.0027046667153767683], [0.0, 0.0, 0.0, 1.0]]}, "mean_rme": {"type": "float", "data": 0.0021965305295917775}, "max_rme": {"type": "float", "data": 0.007327163336705522}, "simu": {"type": "float", "data": 0.002}}, {"type": "dict", "image_number": {"type": "int", "data": 15}, "Hcamera2end": {"type": "ndarray", "data": [[0.9999562456186537, 0.005710064169788494, 0.00740958942342177, -0.017478006978649055], [-0.007415095455832675, 0.0009437012817762325, 0.9999720625033838, 0.026479063702157475], [0.005702912205853756, -0.9999832521572886, 0.000986000661588382, 0.0335257345348293], [0.0, 0.0, 0.0, 1.0]]}, "Hobj2base": {"type": "ndarray", "data": [[0.9999956402717802, 0.002602267333492307, -0.0013955795059326485, -0.7358072483294787], [0.002613905826755739, -0.9999612728492926, 0.0084035883973545, 0.0906034083711213], [-0.0013736570755442472, -0.008407199673395274, -0.9999637153716583, 0.002783126387334378], [0.0, 0.0, 0.0, 1.0]]}, "mean_rme": {"type": "float", "data": 0.0021633088658562097}, "max_rme": {"type": "float", "data": 0.007190603880246754}, "simu": {"type": "float", "data": 0.002}}, {"type": "dict", "image_number": {"type": "int", "data": 16}, "Hcamera2end": {"type": "ndarray", "data": [[0.9999534699556719, 0.005058485777110366, 0.008213990823820823, -0.018200190445204524], [-0.008219115814416166, 0.0009931933201925425, 0.9999657292638875, 0.027180056939752506], [0.005050154338260825, -0.9999867125560578, 0.0010347233873110318, 0.03318183419432935], [0.0, 0.0, 0.0, 1.0]]}, "Hobj2base": {"type": "ndarray", "data": [[0.9999972947472305, 0.0019105519081950627, -0.0013267590687588793, -0.7355905660042626], [0.0019228568647661297, -0.9999545703387382, 0.009335945594710087, 0.09070761792423482], [-0.0013088619858730307, -0.009338471506400664, -0.9999555389267196, 0.0019781231100789547], [0.0, 0.0, 0.0, 1.0]]}, "mean_rme": {"type": "float", "data": 0.0023034947346759743}, "max_rme": {"type": "float", "data": 0.007495160526147959}, "simu": {"type": "float", "data": 0.002}}, {"type": "dict", "image_number": {"type": "int", "data": 17}, "Hcamera2end": {"type": "ndarray", "data": [[0.9999581407480501, 0.004921895013617643, 0.007713086358762864, -0.018012659161769577], [-0.007719328493979767, 0.0012505037216908876, 0.9999694236365652, 0.027024759379365822], [0.004912099276769562, -0.9999871055118247, 0.0012884451009635978, 0.03285094983285897], [0.0, 0.0, 0.0, 1.0]]}, "Hobj2base": {"type": "ndarray", "data": [[0.999996436651652, 0.001912923965675521, -0.0018620971779392782, -0.7355397248024325], [0.0019289000740891073, -0.999961021327922, 0.008615983363669978, 0.09055360043768734], [-0.0018455428747997762, -0.008619544461304382, -0.9999611479576478, 0.0022152237770274763], [0.0, 0.0, 0.0, 1.0]]}, "mean_rme": {"type": "float", "data": 0.0022911729596433706}, "max_rme": {"type": "float", "data": 0.007408918612448551}, "simu": {"type": "float", "data": 0.002}}, {"type": "dict", "image_number": {"type": "int", "data": 18}, "Hcamera2end": {"type": "ndarray", "data": [[0.9999516269525441, 0.006763894691616459, 0.00714097217196327, -0.017305367369608395], [-0.007166246062786826, 0.003719751478183597, 0.9999674036518933, 0.027376463734722037], [0.006737111571558203, -0.9999702061449338, 0.00376804327617164, 0.03258075046825309], [0.0, 0.0, 0.0, 1.0]]}, "Hobj2base": {"type": "ndarray", "data": [[0.9999867970036911, 0.0026435825301988104, -0.004406505384617096, -0.7365865149470063], [0.002679133304280926, -0.9999637550623932, 0.008081510147059488, 0.0909062136931486], [-0.004384981532061973, -0.008093209062242266, -0.9999576350546253, 0.0021872063922854295], [0.0, 0.0, 0.0, 1.0]]}, "mean_rme": {"type": "float", "data": 0.0023768141220714876}, "max_rme": {"type": "float", "data": 0.008313755720179866}, "simu": {"type": "float", "data": 0.002}}, {"type": "dict", "image_number": {"type": "int", "data": 19}, "Hcamera2end": {"type": "ndarray", "data": [[0.9999482095647183, 0.007060010300589171, 0.0073303780850492006, -0.01753251860989189], [-0.007347271578713261, 0.0023698859537093497, 0.9999702001764427, 0.027191672541536885], [0.007042427753468765, -0.9999722695630723, 0.002421635029311142, 0.03256014611557394], [0.0, 0.0, 0.0, 1.0]]}, "Hobj2base": {"type": "ndarray", "data": [[0.9999862926309392, 0.0032992212633181014, -0.004065672058248312, -0.736034628644962], [0.0033320206298001667, -0.9999617466930437, 0.008087199089894869, 0.09061961110046388], [-0.004038835073649017, -0.008100635138844361, -0.9999590329216468, 0.002493747738835165], [0.0, 0.0, 0.0, 1.0]]}, "mean_rme": {"type": "float", "data": 0.002409953325640496}, "max_rme": {"type": "float", "data": 0.00908979386680614}, "simu": {"type": "float", "data": 0.002}}, {"type": "dict", "image_number": {"type": "int", "data": 20}, "Hcamera2end": {"type": "ndarray", "data": [[0.9999499700379182, 0.007241954820551028, 0.00690010953128259, -0.017247331853726774], [-0.006917634299284726, 0.0023976416549600366, 0.9999731984659366, 0.02705922233334251], [0.007225216735016232, -0.9999709022790968, 0.002447618896099457, 0.03249405996560239], [0.0, 0.0, 0.0, 1.0]]}, "Hobj2base": {"type": "ndarray", "data": [[0.9999841416883536, 0.0034327254737876534, -0.004464612819525849, -0.7359868271306819], [0.0034675281580412243, -0.9999634816637726, 0.007810991444075599, 0.09058886648494016], [-0.004437636789988164, -0.00782634874560547, -0.9999595270034847, 0.0026739448121763125], [0.0, 0.0, 0.0, 1.0]]}, "mean_rme": {"type": "float", "data": 0.0023475920959214443}, "max_rme": {"type": "float", "data": 0.009138409203405279}, "simu": {"type": "float", "data": 0.002}}, {"type": "dict", "image_number": {"type": "int", "data": 21}, "Hcamera2end": {"type": "ndarray", "data": [[0.9999472018244489, 0.00751025241113365, 0.0070135349272667, -0.017284193195902898], [-0.007034632194491502, 0.0027864066395492104, 0.9999713745342547, 0.027143865347509847], [0.007490494866372475, -0.9999679155086725, 0.002839091385762438, 0.0321889245801117], [0.0, 0.0, 0.0, 1.0]]}, "Hobj2base": {"type": "ndarray", "data": [[0.999981489645267, 0.003501708988047057, -0.004975781445741921, -0.7360395472715636], [0.0035401270984222965, -0.9999638310946997, 0.007733304761718218, 0.0906091143354617], [-0.004948521694382599, -0.007750776514235717, -0.9999577179043453, 0.0026169754521264345], [0.0, 0.0, 0.0, 1.0]]}, "mean_rme": {"type": "float", "data": 0.0022992565752322286}, "max_rme": {"type": "float", "data": 0.009125570357122664}, "simu": {"type": "float", "data": 0.002}}, {"type": "dict", "image_number": {"type": "int", "data": 22}, "Hcamera2end": {"type": "ndarray", "data": [[0.9999516577113582, 0.007159040485160298, 0.006740206201481388, -0.017120192229898336], [-0.006756649511990369, 0.0022751622506941294, 0.9999745853391002, 0.027341951034981677], [0.007143523477862494, -0.9999717854900032, 0.0023234233915442326, 0.0322306718815532], [0.0, 0.0, 0.0, 1.0]]}, "Hobj2base": {"type": "ndarray", "data": [[0.9999835331554969, 0.0037585602961312387, -0.004336662581933055, -0.7359176923589427], [0.0037918917964955947, -0.9999631379153242, 0.007703529524949579, 0.09065853796615558], [-0.0043075485432972, -0.007719846827395368, -0.999960923731777, 0.0022733354822830924], [0.0, 0.0, 0.0, 1.0]]}, "mean_rme": {"type": "float", "data": 0.002246660940857637}, "max_rme": {"type": "float", "data": 0.009193974273948524}, "simu": {"type": "float", "data": 0.002}}, {"type": "dict", "image_number": {"type": "int", "data": 23}, "Hcamera2end": {"type": "ndarray", "data": [[0.9999540776728942, 0.007280989487584355, 0.006231351172340926, -0.016788778420644464], [-0.006257476509575928, 0.0035709031022639337, 0.9999740459825776, 0.027553550395563065], [0.007258548965423736, -0.9999671173809245, 0.003616299738768647, 0.03172382195028233], [0.0, 0.0, 0.0, 1.0]]}, "Hobj2base": {"type": "ndarray", "data": [[0.9999789849065972, 0.0037587852736766687, -0.0052821660744302975, -0.7360112422988203], [0.003797270589630211, -0.9999661823502628, 0.007294853796395585, 0.09079712032466851], [-0.0052545676549646215, -0.007314758308245671, -0.9999594410923136, 0.0023020439497826247], [0.0, 0.0, 0.0, 1.0]]}, "mean_rme": {"type": "float", "data": 0.0022708396016841987}, "max_rme": {"type": "float", "data": 0.008789064664221441}, "simu": {"type": "float", "data": 0.002}}, {"type": "dict", "image_number": {"type": "int", "data": 24}, "Hcamera2end": {"type": "ndarray", "data": [[0.9999551258067767, 0.007242586599339456, 0.0061066612894727645, -0.01676255505502337], [-0.006133313453038711, 0.0036634390992561494, 0.9999744805144045, 0.02753265382231742], [0.0072200303905212895, -0.9999670615341875, 0.0037076957592067084, 0.03169756210663526], [0.0, 0.0, 0.0, 1.0]]}, "Hobj2base": {"type": "ndarray", "data": [[0.9999780783446655, 0.0037510643427183716, -0.005456404164548367, -0.7360030387377101], [0.003790269561272133, -0.9999669491432537, 0.007192668335686163, 0.09075546913290249], [-0.00542924366399298, -0.007213191903108858, -0.9999592457574493, 0.002323422392079867], [0.0, 0.0, 0.0, 1.0]]}, "mean_rme": {"type": "float", "data": 0.0021938864937979946}, "max_rme": {"type": "float", "data": 0.008802352393195378}, "simu": {"type": "float", "data": 0.002}}, {"type": "dict", "image_number": {"type": "int", "data": 25}, "Hcamera2end": {"type": "ndarray", "data": [[0.9999559241413414, 0.00742925053397803, 0.005740732630892154, -0.0166820501905621], [-0.005765572828295613, 0.003326480148731159, 0.9999778461044935, 0.027791331857154666], [0.00740998951400217, -0.999966869834358, 0.003369167416275576, 0.03153780225136933], [0.0, 0.0, 0.0, 1.0]]}, "Hobj2base": {"type": "ndarray", "data": [[0.9999783810340285, 0.0043157194064, -0.004961051357171858, -0.7357681070263257], [0.0043508733974332615, -0.9999653493715093, 0.007097179509794166, 0.09065590614132313], [-0.004930250018283236, -0.007118610982485069, -0.9999625083034047, 0.0019046764443342746], [0.0, 0.0, 0.0, 1.0]]}, "mean_rme": {"type": "float", "data": 0.002185291395668623}, "max_rme": {"type": "float", "data": 0.00887302233085277}, "simu": {"type": "float", "data": 0.002}}, {"type": "dict", "image_number": {"type": "int", "data": 26}, "Hcamera2end": {"type": "ndarray", "data": [[0.9999578360296957, 0.0077325139605919704, 0.00495322023107066, -0.016477580637348457], [-0.004969746791441005, 0.002119532011672254, 0.999985404493926, 0.02763360659215392], [0.007721902591796871, -0.9999678573893769, 0.002157871280232815, 0.03241093624264469], [0.0, 0.0, 0.0, 1.0]]}, "Hobj2base": {"type": "ndarray", "data": [[0.9999782628775721, 0.0052699334105179236, -0.003962521192637412, -0.7359932200212845], [0.005294910368252256, -0.9999660136397972, 0.0063194532614921075, 0.0902749718531133], [-0.003929083423085906, -0.006340297089310201, -0.9999721810811903, 0.001923809707833643], [0.0, 0.0, 0.0, 1.0]]}, "mean_rme": {"type": "float", "data": 0.002164615865754032}, "max_rme": {"type": "float", "data": 0.008832204486502154}, "simu": {"type": "float", "data": 0.002}}, {"type": "dict", "image_number": {"type": "int", "data": 27}, "Hcamera2end": {"type": "ndarray", "data": [[0.9999589907978341, 0.007466239686018902, 0.005125620696852684, -0.016632667904404107], [-0.0051411409287429365, 0.0020610138152747925, 0.9999846603283493, 0.02783698543206677], [0.00745556118128558, -0.999970003293601, 0.0020993142851761792, 0.032204323034908375], [0.0, 0.0, 0.0, 1.0]]}, "Hobj2base": {"type": "ndarray", "data": [[0.9999803037019593, 0.005103978244856459, -0.0036526174468727735, -0.7357616578026088], [0.005127541569355414, -0.9999659162925769, 0.0064710563744957055, 0.09032367591504124], [-0.0036194648211717194, -0.006489657866436508, -0.9999723915264787, 0.0016332105014710459], [0.0, 0.0, 0.0, 1.0]]}, "mean_rme": {"type": "float", "data": 0.002153598245548505}, "max_rme": {"type": "float", "data": 0.008926291960249577}, "simu": {"type": "float", "data": 0.002}}, {"type": "dict", "image_number": {"type": "int", "data": 28}, "Hcamera2end": {"type": "ndarray", "data": [[0.9999615439120927, 0.007282062734122647, 0.004886947849146283, -0.016472525909395044], [-0.004905750940151304, 0.002566489291900953, 0.9999846732527594, 0.027770856027784858], [0.007269408824462818, -0.9999701919032643, 0.002602114580867232, 0.032071759570358314], [0.0, 0.0, 0.0, 1.0]]}, "Hobj2base": {"type": "ndarray", "data": [[0.9999814954896453, 0.004823379779223862, -0.003707247738923973, -0.7358642169378052], [0.004846271562475168, -0.9999690927557967, 0.006190895338541325, 0.09036284693848527], [-0.00367727211872157, -0.006208747108346626, -0.9999739642256247, 0.0016481773777731429], [0.0, 0.0, 0.0, 1.0]]}, "mean_rme": {"type": "float", "data": 0.002117364389957988}, "max_rme": {"type": "float", "data": 0.008863268908720495}, "simu": {"type": "float", "data": 0.002}}, {"type": "dict", "image_number": {"type": "int", "data": 29}, "Hcamera2end": {"type": "ndarray", "data": [[0.9999667979360599, 0.0069279850282074, 0.004290227144588534, -0.01615116407193651], [-0.004300912234455774, 0.0015281471042054573, 0.999989583405937, 0.02794651829013466], [0.0069213567640123005, -0.999974833578264, 0.0015578930221354925, 0.032477224213016], [0.0, 0.0, 0.0, 1.0]]}, "Hobj2base": {"type": "ndarray", "data": [[0.9999848317381267, 0.004746017082418801, -0.002794926747477528, -0.7357681356565485], [0.0047620778847572084, -0.9999720255922486, 0.0057680713548573055, 0.09043942767652713], [-0.002767473195874296, -0.005781293522094171, -0.9999794586576873, 0.0013394287557925595], [0.0, 0.0, 0.0, 1.0]]}, "mean_rme": {"type": "float", "data": 0.0021396950178739467}, "max_rme": {"type": "float", "data": 0.008768952865469276}, "simu": {"type": "float", "data": 0.002}}, {"type": "dict", "image_number": {"type": "int", "data": 30}, "Hcamera2end": {"type": "ndarray", "data": [[0.9999685611038623, 0.006730009235554814, 0.004193301749286485, -0.016143206278010715], [-0.004204437158932197, 0.001641296139739179, 0.9999898143757057, 0.028001438016554473], [0.006723058236235377, -0.999976006273486, 0.001669540440110251, 0.03244751644488092], [0.0, 0.0, 0.0, 1.0]]}, "Hobj2base": {"type": "ndarray", "data": [[0.9999850433140991, 0.004580700961550908, -0.00298836523874518, -0.735791029421571], [0.004597360120957331, -0.9999737975275884, 0.005591827802382802, 0.09044696268987577], [-0.002962672445196255, -0.005605482758346213, -0.9999799003655163, 0.0013121957674889365], [0.0, 0.0, 0.0, 1.0]]}, "mean_rme": {"type": "float", "data": 0.002093282808640733}, "max_rme": {"type": "float", "data": 0.008732542928800213}, "simu": {"type": "float", "data": 0.002}}]}