{"type": "list", "data": [{"type": "dict", "image_number": {"type": "int", "data": 5}, "Hcamera2end": {"type": "ndarray", "data": [[0.9999899823784885, 0.0038346361591637865, -0.0023088326481688136, -0.01595482787806767], [0.0022605789907586536, 0.012540653500151655, 0.9999188076001049, 0.027947333180932146], [0.0038632790860818225, -0.9999140100905257, 0.01253185937469281, 0.03621835973225316], [0.0, 0.0, 0.0, 1.0]]}, "Hobj2base": {"type": "ndarray", "data": [[0.999880994125486, 0.004417461821591802, -0.01478119134862149, -0.7436399068581948], [0.004380586102532789, -0.9999872142550315, -0.0025262208652924696, 0.08519184592636138], [-0.014792161844303911, 0.002461169948768531, -0.9998875609739604, 0.004494059202450829], [0.0, 0.0, 0.0, 1.0]]}, "mean_rme": {"type": "float", "data": 0.0012961872106265248}, "max_rme": {"type": "float", "data": 0.003911887659670654}, "simu": {"type": "float", "data": 0.002}}, {"type": "dict", "image_number": {"type": "int", "data": 6}, "Hcamera2end": {"type": "ndarray", "data": [[0.9999392601230169, 0.0027063051826330857, -0.010684192851682614, -0.016810373952889486], [0.010615455875421398, 0.024253279306388098, 0.999649483838932, 0.028302483637661854], [0.0029644832923249637, -0.999702182830039, 0.024223077501934864, 0.03650429403737465], [0.0, 0.0, 0.0, 1.0]]}, "Hobj2base": {"type": "ndarray", "data": [[0.9996712658366371, 0.0022962444184329127, -0.025536004427993565, -0.7509205408589095], [0.00202970223386403, -0.9999432440138092, -0.010458922505719908, 0.08048545561839537], [-0.025558571349305476, 0.010403653815348851, -0.9996191892005035, 0.006415237919326133], [0.0, 0.0, 0.0, 1.0]]}, "mean_rme": {"type": "float", "data": 0.0014469066037134366}, "max_rme": {"type": "float", "data": 0.0049117905382106974}, "simu": {"type": "float", "data": 0.002}}, {"type": "dict", "image_number": {"type": "int", "data": 7}, "Hcamera2end": {"type": "ndarray", "data": [[0.9999966841111979, 0.002523751189073562, -0.0005122953685254116, -0.013675604854156089], [0.0005169019191001057, -0.0018249652125050808, 0.9999982011555718, 0.027532829444756234], [0.0025228117280117106, -0.9999951500791936, -0.0018262636929564646, 0.03417553212846129], [0.0, 0.0, 0.0, 1.0]]}, "Hobj2base": {"type": "ndarray", "data": [[0.9999959358752419, 0.002797660044284898, -0.000548936495054817, -0.7339470783518047], [0.0027970241740169917, -0.9999954204544588, -0.0011557360773674149, 0.08938562981183609], [-0.0005521673378205278, 0.0011541959916651406, -0.9999991814710871, 0.0016103802394704183], [0.0, 0.0, 0.0, 1.0]]}, "mean_rme": {"type": "float", "data": 0.0019413544820446587}, "max_rme": {"type": "float", "data": 0.006527308573115342}, "simu": {"type": "float", "data": 0.002}}, {"type": "dict", "image_number": {"type": "int", "data": 8}, "Hcamera2end": {"type": "ndarray", "data": [[0.9999965664325504, 0.0025311672589823446, 0.0006784654868393516, -0.014503258528687004], [-0.0006751075649493362, -0.001327248408578452, 0.9999988913201043, 0.028964121401817908], [0.002532064944965775, -0.9999959157936442, -0.0013255350412169076, 0.034110502713093925], [0.0, 0.0, 0.0, 1.0]]}, "Hobj2base": {"type": "ndarray", "data": [[0.9999948837682461, 0.0031008646006922837, -0.0007855418895036062, -0.7343088197378752], [0.003101230423802321, -0.9999950831040543, 0.00046490598391977573, 0.08955130147154267], [-0.0007840964165676879, -0.0004673397517599179, -0.9999995833930961, 0.0003255896189012855], [0.0, 0.0, 0.0, 1.0]]}, "mean_rme": {"type": "float", "data": 0.001858639090450278}, "max_rme": {"type": "float", "data": 0.0064526149282171374}, "simu": {"type": "float", "data": 0.002}}, {"type": "dict", "image_number": {"type": "int", "data": 9}, "Hcamera2end": {"type": "ndarray", "data": [[0.99999266489673, 0.003827893088641701, 0.00013186067731797246, -0.01545094237562334], [-0.00011939460900203336, -0.003256685492553979, 0.9999946898581662, 0.02875378610410219], [0.0038283021907413346, -0.9999873705373006, -0.0032562045746309387, 0.03421742854643014], [0.0, 0.0, 0.0, 1.0]]}, "Hobj2base": {"type": "ndarray", "data": [[0.9999873276014166, 0.004867504184723941, 0.0012853169214959899, -0.7330735569368598], [0.004867603991662167, -0.9999881503677643, -7.453481175874657e-05, 0.08824878537277737], [0.0012849388924550205, 8.079028100152845e-05, -0.9999991712021432, 0.00014913413003898713], [0.0, 0.0, 0.0, 1.0]]}, "mean_rme": {"type": "float", "data": 0.001951206454333513}, "max_rme": {"type": "float", "data": 0.006813753634390296}, "simu": {"type": "float", "data": 0.002}}, {"type": "dict", "image_number": {"type": "int", "data": 10}, "Hcamera2end": {"type": "ndarray", "data": [[0.9999947373349986, 0.0030540786868044805, -0.0010944887765734555, -0.014973179475717708], [0.0010891166963701022, 0.0017600945994706851, 0.9999978579436174, 0.028791149684510145], [0.003055998548580564, -0.9999937873158894, 0.0017567590885926299, 0.031818592667063154], [0.0, 0.0, 0.0, 1.0]]}, "Hobj2base": {"type": "ndarray", "data": [[0.9999866085834715, 0.003224984917667787, -0.004047483910734668, -0.7340121312147783], [0.003222071142843811, -0.9999945454218564, -0.0007262121489089568, 0.08839275410248063], [-0.004049803856644651, 0.0007131611427896801, -0.9999915452092119, 0.0012108114720970175], [0.0, 0.0, 0.0, 1.0]]}, "mean_rme": {"type": "float", "data": 0.0020391204463713463}, "max_rme": {"type": "float", "data": 0.0062875594151494685}, "simu": {"type": "float", "data": 0.002}}, {"type": "dict", "image_number": {"type": "int", "data": 11}, "Hcamera2end": {"type": "ndarray", "data": [[0.9999966052212613, 0.002012646172359859, -0.001654932426955357, -0.01539609117155643], [0.001657410452435967, -0.0012301835669876748, 0.999997869817223, 0.028814880773635396], [0.002010606014379531, -0.9999972179480184, -0.0012335151715898718, 0.0313419488784825], [0.0, 0.0, 0.0, 1.0]]}, "Hobj2base": {"type": "ndarray", "data": [[0.9999947312963979, 0.0030190478608960796, -0.0011927822343578349, -0.7318545792389901], [0.0030177026046401163, -0.9999948105017227, -0.001128025094703457, 0.08765622230112538], [-0.0011961816061656857, 0.001124419689418187, -0.9999986524140558, 0.0006264377634544006], [0.0, 0.0, 0.0, 1.0]]}, "mean_rme": {"type": "float", "data": 0.002047923404457257}, "max_rme": {"type": "float", "data": 0.00676011324139314}, "simu": {"type": "float", "data": 0.002}}, {"type": "dict", "image_number": {"type": "int", "data": 12}, "Hcamera2end": {"type": "ndarray", "data": [[0.9999952209361437, 0.0028291515128789388, 0.0012465980067094442, -0.016149926414859836], [-0.001236542353458455, -0.0035532703132954424, 0.9999929225914993, 0.02891932052061072], [0.002833560989507826, -0.9999896850326994, -0.003549754966319707, 0.03240258144688652], [0.0, 0.0, 0.0, 1.0]]}, "Hobj2base": {"type": "ndarray", "data": [[0.999993518452019, 0.0034641197515708766, 0.0009812891002740542, -0.7320336666114441], [0.0034631963513572063, -0.9999935602343366, 0.0009411487066363988, 0.08823105355044818], [0.0009845430328260252, -0.0009377442097042037, -0.9999990756549795, 0.0004816062274171547], [0.0, 0.0, 0.0, 1.0]]}, "mean_rme": {"type": "float", "data": 0.002164585152566508}, "max_rme": {"type": "float", "data": 0.00710061719104127}, "simu": {"type": "float", "data": 0.002}}, {"type": "dict", "image_number": {"type": "int", "data": 13}, "Hcamera2end": {"type": "ndarray", "data": [[0.9999940101298569, 0.0025088614648951495, 0.0023843906051018615, -0.01617171532939249], [-0.0023739120976378585, -0.0041713200263444605, 0.999988482248966, 0.028426736372819242], [0.002518778624735107, -0.9999881527815155, -0.004165339224096343, 0.03343474276121342], [0.0, 0.0, 0.0, 1.0]]}, "Hobj2base": {"type": "ndarray", "data": [[0.9999921319477326, 0.0034171336159365302, 0.002014755687234568, -0.7324445251981935], [0.0034137168267185146, -0.9999927335251284, 0.0016968896162151514, 0.0891189351433038], [0.0020205395456130955, -0.0016899984596077198, -0.9999965306565579, 0.000597190794904236], [0.0, 0.0, 0.0, 1.0]]}, "mean_rme": {"type": "float", "data": 0.0020968558281840473}, "max_rme": {"type": "float", "data": 0.00691416816723478}, "simu": {"type": "float", "data": 0.002}}, {"type": "dict", "image_number": {"type": "int", "data": 14}, "Hcamera2end": {"type": "ndarray", "data": [[0.9999946191890327, 0.002674954410307829, 0.001899002865784715, -0.015960157464080044], [-0.0018897752441074298, -0.0034479508067684073, 0.9999922701625051, 0.028545654181950767], [0.0026814814018080698, -0.9999904780817349, -0.0034428771913732614, 0.03369177167118569], [0.0, 0.0, 0.0, 1.0]]}, "Hobj2base": {"type": "ndarray", "data": [[0.9999936097748604, 0.0032798365640003073, 0.0014223507154551898, -0.7330708796917105], [0.0032786120015746005, -0.9999942534497923, 0.0008624214377821822, 0.08898998192518999], [0.0014251711432106057, -0.0008577525905888899, -0.9999986165728965, 0.0004799729179184547], [0.0, 0.0, 0.0, 1.0]]}, "mean_rme": {"type": "float", "data": 0.0020502474908430167}, "max_rme": {"type": "float", "data": 0.0067618194030251155}, "simu": {"type": "float", "data": 0.002}}, {"type": "dict", "image_number": {"type": "int", "data": 15}, "Hcamera2end": {"type": "ndarray", "data": [[0.9999911118707252, 0.0014028706261054104, 0.003975944360408865, -0.01643308347490991], [-0.0039726388064492205, -0.002351249536873823, 0.999989344826498, 0.028061812117710732], [0.0014122041156115364, -0.9999962517827863, -0.0023456555403742474, 0.032549050465045595], [0.0, 0.0, 0.0, 1.0]]}, "Hobj2base": {"type": "ndarray", "data": [[0.9999969908406812, 0.0020076851424065327, 0.0014097907474738738, -0.7324608465058179], [0.002003733436046521, -0.999994075631041, 0.0027988846236131947, 0.08998545299527498], [0.0014154016744274698, -0.0027960513564649044, -0.9999950893553986, 0.0006844386295265773], [0.0, 0.0, 0.0, 1.0]]}, "mean_rme": {"type": "float", "data": 0.002118055657459616}, "max_rme": {"type": "float", "data": 0.006494665990909976}, "simu": {"type": "float", "data": 0.002}}, {"type": "dict", "image_number": {"type": "int", "data": 16}, "Hcamera2end": {"type": "ndarray", "data": [[0.9999957130229936, 0.0005915144284664173, 0.002867759807837479, -0.016635468964046465], [-0.0028656506501021878, -0.003536239939181618, 0.9999896414730723, 0.028179341151747767], [0.0006016493880167373, -0.9999935725382304, -0.003534529705695899, 0.03300786998641198], [0.0, 0.0, 0.0, 1.0]]}, "Hobj2base": {"type": "ndarray", "data": [[0.9999961939642303, 0.0017577642327699847, 0.0021265751704120915, -0.7328183446770633], [0.0017542696104170424, -0.999997109796938, 0.0016440607973351997, 0.08931038965685235], [0.002129458895444077, -0.0016403239537852764, -0.9999963873645445, 0.0004252639752995273], [0.0, 0.0, 0.0, 1.0]]}, "mean_rme": {"type": "float", "data": 0.002158046646008027}, "max_rme": {"type": "float", "data": 0.006651257473524241}, "simu": {"type": "float", "data": 0.002}}, {"type": "dict", "image_number": {"type": "int", "data": 17}, "Hcamera2end": {"type": "ndarray", "data": [[0.9999960897976313, 0.0006242521954605131, 0.0027259307849058054, -0.016575413688598037], [-0.002723686514343824, -0.0035681991238933897, 0.999989924692636, 0.02823625341948253], [0.0006339725697662654, -0.9999934391105818, -0.003566484904226286, 0.03295039970856397], [0.0, 0.0, 0.0, 1.0]]}, "Hobj2base": {"type": "ndarray", "data": [[0.9999961381702829, 0.0017711763424316262, 0.002141629959734983, -0.7327610841682083], [0.0017688428853366005, -0.9999978404826639, 0.001090974268644566, 0.08925104337584794], [0.0021435576426627827, -0.001087181848570414, -0.9999971115939585, 0.00033988203704915835], [0.0, 0.0, 0.0, 1.0]]}, "mean_rme": {"type": "float", "data": 0.0020498363438795236}, "max_rme": {"type": "float", "data": 0.006647388334049542}, "simu": {"type": "float", "data": 0.002}}, {"type": "dict", "image_number": {"type": "int", "data": 18}, "Hcamera2end": {"type": "ndarray", "data": [[0.999997314370039, 0.0011660016022425317, 0.002002921109987477, -0.016198573083015682], [-0.0019995069948325274, -0.0029218924335681074, 0.9999937322385497, 0.028076783684868382], [0.0011718466140589446, -0.9999950514801912, -0.002919553158086563, 0.032510663592814536], [0.0, 0.0, 0.0, 1.0]]}, "Hobj2base": {"type": "ndarray", "data": [[0.9999961770814219, 0.0022738395194089782, 0.0015733646689776125, -0.732765608183703], [0.0022728347618946173, -0.9999972122445069, 0.0006400979301515744, 0.08929403371228871], [0.001574815762791484, -0.0006365194851965162, -0.9999985573980887, 0.0004208363877664687], [0.0, 0.0, 0.0, 1.0]]}, "mean_rme": {"type": "float", "data": 0.002040061140467994}, "max_rme": {"type": "float", "data": 0.006621755561063203}, "simu": {"type": "float", "data": 0.002}}, {"type": "dict", "image_number": {"type": "int", "data": 19}, "Hcamera2end": {"type": "ndarray", "data": [[0.9999949277224075, 0.0020639992996614896, 0.0024257857176592343, -0.016515779548456865], [-0.002418904021138795, -0.0033301456109859906, 0.9999915294808982, 0.029084463741420086], [0.0020720600361768516, -0.9999923249890973, -0.0033251361033574955, 0.03282870838667393], [0.0, 0.0, 0.0, 1.0]]}, "Hobj2base": {"type": "ndarray", "data": [[0.9999920203975138, 0.003365230727572418, 0.0021527571736342436, -0.7328231034831182], [0.003362775468260915, -0.999993692485351, 0.001143123205449582, 0.08913912826646514], [0.0021565904684232155, -0.0011358748447681897, -0.9999970294485319, -0.0007032111058452467], [0.0, 0.0, 0.0, 1.0]]}, "mean_rme": {"type": "float", "data": 0.0020627969379873635}, "max_rme": {"type": "float", "data": 0.006354503536969425}, "simu": {"type": "float", "data": 0.002}}, {"type": "dict", "image_number": {"type": "int", "data": 20}, "Hcamera2end": {"type": "ndarray", "data": [[0.9999952320674957, 0.002228396547817663, 0.002137777140144016, -0.01638127345064276], [-0.0021322605536975747, -0.0024750286900652174, 0.9999946638347198, 0.028842783700243093], [0.002233675716480197, -0.9999944542255267, -0.0024702653672386, 0.032853138480202895], [0.0, 0.0, 0.0, 1.0]]}, "Hobj2base": {"type": "ndarray", "data": [[0.999992630400903, 0.0036153495106635027, 0.00129166241669496, -0.7332955359591785], [0.0036137991986255964, -0.9999927495171248, 0.0012005700866252725, 0.08930812013694275], [0.001295993531993925, -0.0011958934302986992, -0.9999984451186252, -0.0003348835936665989], [0.0, 0.0, 0.0, 1.0]]}, "mean_rme": {"type": "float", "data": 0.00203843230381571}, "max_rme": {"type": "float", "data": 0.0063388882011748415}, "simu": {"type": "float", "data": 0.002}}, {"type": "dict", "image_number": {"type": "int", "data": 21}, "Hcamera2end": {"type": "ndarray", "data": [[0.9999960113593842, 0.0022115904973464794, 0.001756739250537566, -0.015923930030285662], [-0.0017503101380570696, -0.0029055954230887693, 0.9999942469482801, 0.02914404488524032], [0.0022166821474778877, -0.9999933331691313, -0.0029017128644441836, 0.03278381227152425], [0.0, 0.0, 0.0, 1.0]]}, "Hobj2base": {"type": "ndarray", "data": [[0.9999913506727978, 0.0036829675177805863, 0.001932441423836662, -0.7329136103255601], [0.003681467366403103, -0.9999929197335771, 0.0007792821989279088, 0.08923787994281562], [0.0019352978126623709, -0.0007721612386218472, -0.9999978291923426, -0.0008606727988743517], [0.0, 0.0, 0.0, 1.0]]}, "mean_rme": {"type": "float", "data": 0.0020622245770166086}, "max_rme": {"type": "float", "data": 0.006334173618780636}, "simu": {"type": "float", "data": 0.002}}, {"type": "dict", "image_number": {"type": "int", "data": 22}, "Hcamera2end": {"type": "ndarray", "data": [[0.9999940010277742, 0.003103131151283016, 0.0015389884735786297, -0.016452898036361355], [-0.0015313041387956313, -0.0024771736507562814, 0.9999957593501777, 0.028888669015733903], [0.0031069303336860167, -0.9999921170628107, -0.0024724069526851356, 0.033092124285865394], [0.0, 0.0, 0.0, 1.0]]}, "Hobj2base": {"type": "ndarray", "data": [[0.9999892667015521, 0.004472498898999428, 0.00120964262927224, -0.7337519882543982], [0.0044715206059784815, -0.9999896744504257, 0.0008102444088078527, 0.08874337965861036], [0.0012132539562736179, -0.0008048267702701363, -0.9999989401337921, -0.00047495884871188873], [0.0, 0.0, 0.0, 1.0]]}, "mean_rme": {"type": "float", "data": 0.002147214767778193}, "max_rme": {"type": "float", "data": 0.006234271289271176}, "simu": {"type": "float", "data": 0.002}}, {"type": "dict", "image_number": {"type": "int", "data": 23}, "Hcamera2end": {"type": "ndarray", "data": [[0.9999951720087555, 0.0026620645397506387, 0.001602925938919884, -0.01631567341682428], [-0.0015944538818984224, -0.0031815925168976467, 0.9999936675728878, 0.02912331142714219], [0.0026671475395933807, -0.9999913954037019, -0.00317733261705766, 0.033691499926140234], [0.0, 0.0, 0.0, 1.0]]}, "Hobj2base": {"type": "ndarray", "data": [[0.9999907807900734, 0.003931830962371835, 0.0017259896125648992, -0.7339851336446885], [0.003930688160744044, -0.9999920536962681, 0.0006650074459861581, 0.0888728151464853], [0.0017285905941935359, -0.0006582169882072348, -0.999998289361014, -0.0006308078359646491], [0.0, 0.0, 0.0, 1.0]]}, "mean_rme": {"type": "float", "data": 0.002160780188325092}, "max_rme": {"type": "float", "data": 0.006471384578960904}, "simu": {"type": "float", "data": 0.002}}, {"type": "dict", "image_number": {"type": "int", "data": 24}, "Hcamera2end": {"type": "ndarray", "data": [[0.9999953523880483, 0.0027187276539393547, 0.0013797544154071513, -0.01615628034951535], [-0.0013714721013212, -0.003045906470343418, 0.9999944207434605, 0.02916996921770909], [0.002722915088361686, -0.9999916654521265, -0.003042163655023522, 0.03364770180154521], [0.0, 0.0, 0.0, 1.0]]}, "Hobj2base": {"type": "ndarray", "data": [[0.9999919375789511, 0.003632903166011649, 0.0017107868603307133, -0.7340133686501997], [0.0036321558104305493, -0.9999933070081028, 0.0004397535289471642, 0.08891250842599004], [0.001712372992035697, -0.0004335361390338977, -0.9999984399113588, -0.0007085803808293706], [0.0, 0.0, 0.0, 1.0]]}, "mean_rme": {"type": "float", "data": 0.00209314289941817}, "max_rme": {"type": "float", "data": 0.006551674967519683}, "simu": {"type": "float", "data": 0.002}}, {"type": "dict", "image_number": {"type": "int", "data": 25}, "Hcamera2end": {"type": "ndarray", "data": [[0.9999974323444323, 0.0019599417498515938, 0.0011375117053448417, -0.01579727733687232], [-0.0011329943484822134, -0.0023044131908611654, 0.9999967029963908, 0.029269984220376896], [0.001962556584895127, -0.9999954241436222, -0.0023021866709957983, 0.0334892247701872], [0.0, 0.0, 0.0, 1.0]]}, "Hobj2base": {"type": "ndarray", "data": [[0.9999949108020691, 0.00297529487600233, 0.0011515165489486882, -0.7342522148246949], [0.0029751641100205562, -0.9999955675474497, 0.00011525611817349452, 0.08915983049903879], [0.0011518543658440533, -0.00011182958090376952, -0.9999993303626085, -0.0008006027213658618], [0.0, 0.0, 0.0, 1.0]]}, "mean_rme": {"type": "float", "data": 0.0020759163561997617}, "max_rme": {"type": "float", "data": 0.006807236457661681}, "simu": {"type": "float", "data": 0.002}}, {"type": "dict", "image_number": {"type": "int", "data": 26}, "Hcamera2end": {"type": "ndarray", "data": [[0.9999958428623091, 0.002870716133921143, 0.0002706417895844725, -0.015401454009268215], [-0.00026279474568111105, -0.0027335046517038553, 0.9999962294385117, 0.02948112822017407], [0.0028714451103002197, -0.999992143439736, -0.0027327388790323592, 0.03387117844298002], [0.0, 0.0, 0.0, 1.0]]}, "Hobj2base": {"type": "ndarray", "data": [[0.9999914823386928, 0.0038940052253825276, 0.0013682007778671199, -0.7344232574634796], [0.0038950903419499886, -0.9999921010028776, -0.0007913299427616738, 0.08881125826737027], [0.0013651085275209974, 0.0007966524681169576, -0.9999987509109962, -0.001038142124098454], [0.0, 0.0, 0.0, 1.0]]}, "mean_rme": {"type": "float", "data": 0.002072162857315626}, "max_rme": {"type": "float", "data": 0.0066455112719531195}, "simu": {"type": "float", "data": 0.002}}, {"type": "dict", "image_number": {"type": "int", "data": 27}, "Hcamera2end": {"type": "ndarray", "data": [[0.9999956880634262, 0.0028881965657042586, 0.0005312016121388611, -0.015436940680646351], [-0.000522613506974518, -0.0029734602881228422, 0.9999954426941341, 0.02945301701638903], [0.0028897629102077895, -0.9999914083903484, -0.0029719380562145403, 0.03400785462962298], [0.0, 0.0, 0.0, 1.0]]}, "Hobj2base": {"type": "ndarray", "data": [[0.9999900173159582, 0.004040148172170375, 0.001908525917198706, -0.7343609297692232], [0.004041060094638325, -0.999991722449233, -0.00047420072490340204, 0.08887279832257408], [0.0019065942780865759, 0.00048190845903096766, -0.9999980663293784, -0.0011289050955301445], [0.0, 0.0, 0.0, 1.0]]}, "mean_rme": {"type": "float", "data": 0.0020303872667628365}, "max_rme": {"type": "float", "data": 0.006604581395840636}, "simu": {"type": "float", "data": 0.002}}, {"type": "dict", "image_number": {"type": "int", "data": 28}, "Hcamera2end": {"type": "ndarray", "data": [[0.9999968902363362, 0.002401480299561444, 0.000672614323268614, -0.015555740990641236], [-0.0006657804950807993, -0.0028453395190730646, 0.999995730380562, 0.0296285440199016], [0.0024033838622695676, -0.9999930684436729, -0.002843731811996708, 0.03363698942360277], [0.0, 0.0, 0.0, 1.0]]}, "Hobj2base": {"type": "ndarray", "data": [[0.9999912747452823, 0.0037277058759927857, 0.0018853758796433648, -0.7341854706153617], [0.0037287099027930376, -0.9999929082570262, -0.0005292996475200531, 0.08870280064878615], [0.0018833894356359946, 0.0005363250489587198, -0.9999980825980002, -0.001381971452782706], [0.0, 0.0, 0.0, 1.0]]}, "mean_rme": {"type": "float", "data": 0.0020842577611517687}, "max_rme": {"type": "float", "data": 0.006723650238509515}, "simu": {"type": "float", "data": 0.002}}, {"type": "dict", "image_number": {"type": "int", "data": 29}, "Hcamera2end": {"type": "ndarray", "data": [[0.9999983974533457, 0.0017835159974739492, 0.00015543946417093048, -0.015483982087044634], [-0.0001499802633659514, -0.0030606461446274214, 0.999995304964527, 0.0294602928411231], [0.0017839833689998125, -0.9999937257382486, -0.0030603737476000425, 0.03386707492976425], [0.0, 0.0, 0.0, 1.0]]}, "Hobj2base": {"type": "ndarray", "data": [[0.9999926831375425, 0.0031688002357145658, 0.0021429830714480382, -0.734359558500544], [0.003170482933483413, -0.9999946680300005, -0.0007822720353816546, 0.0887712871000844], [0.0021404927813164815, 0.0007890606028595372, -0.9999973978336234, -0.0012814744353544468], [0.0, 0.0, 0.0, 1.0]]}, "mean_rme": {"type": "float", "data": 0.0020992631141272403}, "max_rme": {"type": "float", "data": 0.006794993036340735}, "simu": {"type": "float", "data": 0.002}}, {"type": "dict", "image_number": {"type": "int", "data": 30}, "Hcamera2end": {"type": "ndarray", "data": [[0.9999985585531779, 0.0016826185300314444, 0.00022734653916249646, -0.015554795251889538], [-0.00022210424113637062, -0.003115090801731002, 0.9999951234276111, 0.02943762035227522], [0.0016833185297333302, -0.9999937324824489, -0.0031147125947814658, 0.033891998229106886], [0.0, 0.0, 0.0, 1.0]]}, "Hobj2base": {"type": "ndarray", "data": [[0.9999940175512888, 0.0027083789627592534, 0.0021516377545403712, -0.7342832676296347], [0.00270981227587877, -0.9999961083256779, -0.0006635140754575257, 0.0888219144688694], [0.002149832333503508, 0.0006693406404190978, -0.9999974650988095, -0.0012436789333158578], [0.0, 0.0, 0.0, 1.0]]}, "mean_rme": {"type": "float", "data": 0.00205254050591105}, "max_rme": {"type": "float", "data": 0.006796875831760696}, "simu": {"type": "float", "data": 0.002}}]}