{"type": "list", "data": [{"type": "dict", "image_number": {"type": "int", "data": 5}, "Hcamera2end": {"type": "ndarray", "data": [[0.9998869374312639, -0.003525473332670834, -0.014617913397897246, -0.008991140261731971], [0.01458292340180244, -0.009754388787706514, 0.9998460832770389, 0.0338407493589334], [-0.003667519513916696, -0.9999462100218987, -0.009701874223888352, 0.033265840591574176], [0.0, 0.0, 0.0, 1.0]]}, "Hobj2base": {"type": "ndarray", "data": [[0.9999354003592905, -0.00935544829715424, 0.0064552843054860665, -0.7320622892902285], [-0.009293718604699025, -0.9999114247925533, -0.009527295724526126, 0.09133565927198503], [0.0065438446499020845, 0.009466686668796872, -0.9999337777776649, -0.005801187562523591], [0.0, 0.0, 0.0, 1.0]]}, "mean_rme": {"type": "float", "data": 0.0013221051938217766}, "max_rme": {"type": "float", "data": 0.004612205824118587}, "simu": {"type": "float", "data": 0.002}}, {"type": "dict", "image_number": {"type": "int", "data": 6}, "Hcamera2end": {"type": "ndarray", "data": [[0.999932350878248, -0.0012456238978865953, -0.011564691444448463, -0.011195411272422488], [0.011595353123932135, 0.028339048435409242, 0.9995311131324062, 0.0321779406194692], [-0.0009173074902141263, -0.9995975924115067, 0.028351574772626953, 0.035201214070883974], [0.0, 0.0, 0.0, 1.0]]}, "Hobj2base": {"type": "ndarray", "data": [[0.999652910205355, 0.007571055356955745, -0.025233672716162912, -0.7537755513328791], [0.007395120956009721, -0.9999477452873156, -0.007058249135629782, 0.08666276693651505], [-0.025285792532774187, 0.006869193227486356, -0.9996566624998773, 0.0007319753294351231], [0.0, 0.0, 0.0, 1.0]]}, "mean_rme": {"type": "float", "data": 0.0019506267258617028}, "max_rme": {"type": "float", "data": 0.007436795313814554}, "simu": {"type": "float", "data": 0.002}}, {"type": "dict", "image_number": {"type": "int", "data": 7}, "Hcamera2end": {"type": "ndarray", "data": [[0.9999999832985306, 3.3785930928092415e-05, -0.00017961472526564813, -0.010237765286311215], [0.00017882651712219962, 0.02203830635300308, 0.9997571110395603, 0.03248818645218398], [3.773612903936663e-05, -0.9997571264620232, 0.022038299943110573, 0.035340811220332405], [0.0, 0.0, 0.0, 1.0]]}, "Hobj2base": {"type": "ndarray", "data": [[0.999798742591242, 0.005134808350922902, -0.019393505515268594, -0.749927414962808], [0.0051921016724800735, -0.9999823012033628, 0.002905057701557708, 0.09389143220571486], [-0.019378245359012527, -0.003005166089593478, -0.9998077078036456, 0.002709946952031607], [0.0, 0.0, 0.0, 1.0]]}, "mean_rme": {"type": "float", "data": 0.0020197070136646323}, "max_rme": {"type": "float", "data": 0.0063491283673490495}, "simu": {"type": "float", "data": 0.002}}, {"type": "dict", "image_number": {"type": "int", "data": 8}, "Hcamera2end": {"type": "ndarray", "data": [[0.9999955345065483, 4.948288188251016e-05, -0.0029880626511529828, -0.010458109750361913], [0.0029868980469288024, 0.015901068408331387, 0.9998691086654947, 0.03208779364722388], [9.698979362642891e-05, -0.9998735687950342, 0.01590084960189131, 0.03499807075556085], [0.0, 0.0, 0.0, 1.0]]}, "Hobj2base": {"type": "ndarray", "data": [[0.9999001941887182, 0.0018472908373595909, -0.014006754724978185, -0.7465097713558098], [0.0018509652841323194, -0.9999982558683427, 0.00024937479579701397, 0.09264669330675251], [-0.014006269627578515, -0.0002752759234824972, -0.9999018695023452, 0.0012067038885292397], [0.0, 0.0, 0.0, 1.0]]}, "mean_rme": {"type": "float", "data": 0.0019368567491362414}, "max_rme": {"type": "float", "data": 0.005712649607140047}, "simu": {"type": "float", "data": 0.002}}, {"type": "dict", "image_number": {"type": "int", "data": 9}, "Hcamera2end": {"type": "ndarray", "data": [[0.9999941910604141, 0.00012644907962783216, -0.003406149741026113, -0.01021457524723519], [0.0034043325485021564, 0.012325162632020548, 0.9999182471012285, 0.031350050381798666], [0.0001684200915561874, -0.9999240343029687, 0.01232466056117798, 0.03493341337660089], [0.0, 0.0, 0.0, 1.0]]}, "Hobj2base": {"type": "ndarray", "data": [[0.9999448874646758, -0.0005283263723838349, -0.010485366207297024, -0.744271232863822], [-0.0005342136760235791, -0.9999997012432162, -0.0005586852662012717, 0.09268777258221919], [-0.010485067906562744, 0.0005642559016658566, -0.9999448709635308, 0.0011383281306051412], [0.0, 0.0, 0.0, 1.0]]}, "mean_rme": {"type": "float", "data": 0.001815638812501565}, "max_rme": {"type": "float", "data": 0.005621187068732353}, "simu": {"type": "float", "data": 0.002}}, {"type": "dict", "image_number": {"type": "int", "data": 10}, "Hcamera2end": {"type": "ndarray", "data": [[0.9999884580834134, -9.262634462981704e-05, -0.004803656973340235, -0.009544891003487783], [0.004804023722633119, 0.004479625191436298, 0.9999784269244094, 0.0308218549808818], [-7.110576360588915e-05, -0.9999899621388728, 0.0044800184671329735, 0.03229469319314813], [0.0, 0.0, 0.0, 1.0]]}, "Hobj2base": {"type": "ndarray", "data": [[0.9999919946900004, -0.0016200672340521416, -0.0036586798262797714, -0.7373265626125113], [-0.0016270742962172418, -0.9999968464773847, -0.0019130249658233065, 0.0930382874387224], [-0.003655569059485144, 0.0019189625953688464, -0.9999914771623848, 8.555489589272547e-05], [0.0, 0.0, 0.0, 1.0]]}, "mean_rme": {"type": "float", "data": 0.001879087688236394}, "max_rme": {"type": "float", "data": 0.005966919452508712}, "simu": {"type": "float", "data": 0.002}}, {"type": "dict", "image_number": {"type": "int", "data": 11}, "Hcamera2end": {"type": "ndarray", "data": [[0.999995057134446, -0.0007348426521315088, -0.0030570758826958862, -0.00998384884935955], [0.003058350314475933, 0.001739470340689886, 0.9999938103489882, 0.029681752130963867], [-0.0007295204108847553, -0.9999982171230161, 0.0017417091489780878, 0.03252136533691039], [0.0, 0.0, 0.0, 1.0]]}, "Hobj2base": {"type": "ndarray", "data": [[0.9999939082118935, -0.0029559717194161395, -0.0018562786151673902, -0.7363999973750641], [-0.00295685571063642, -0.9999955163184215, -0.0004736532062538849, 0.09313760774482459], [-0.0018548701867226616, 0.0004791390688827064, -0.9999981649394878, 0.0009104324117661327], [0.0, 0.0, 0.0, 1.0]]}, "mean_rme": {"type": "float", "data": 0.001975909538784139}, "max_rme": {"type": "float", "data": 0.005877046776914696}, "simu": {"type": "float", "data": 0.002}}, {"type": "dict", "image_number": {"type": "int", "data": 12}, "Hcamera2end": {"type": "ndarray", "data": [[0.999983727818893, -0.0021234351425087642, -0.005294820169342123, -0.009710305578495382], [0.005290129345705944, -0.0022086389476534407, 0.9999835680877485, 0.029753919256821318], [-0.0021350945964556597, -0.9999953064575826, -0.002197369761719248, 0.03155028991931758], [0.0, 0.0, 0.0, 1.0]]}, "Hobj2base": {"type": "ndarray", "data": [[0.9999909816477932, -0.003906594728850531, 0.0016658753577290888, -0.733136951720395], [-0.00390149521058182, -0.9999877271467212, -0.003053504716980037, 0.09243091630027843], [0.001677783718117117, 0.0030469777746694273, -0.9999939504658195, -0.000287285853188754], [0.0, 0.0, 0.0, 1.0]]}, "mean_rme": {"type": "float", "data": 0.002029661524765544}, "max_rme": {"type": "float", "data": 0.006089143541562869}, "simu": {"type": "float", "data": 0.002}}, {"type": "dict", "image_number": {"type": "int", "data": 13}, "Hcamera2end": {"type": "ndarray", "data": [[0.9999803010598037, -0.0013454621112020007, -0.006130842034477495, -0.009856921897203498], [0.0061293790910432605, -0.001088759849883436, 0.9999806224692295, 0.029862827833702147], [-0.0013521110541216577, -0.9999985021657266, -0.0010804915551361205, 0.031203072776964366], [0.0, 0.0, 0.0, 1.0]]}, "Hobj2base": {"type": "ndarray", "data": [[0.9999954208548395, -0.002841662850832261, 0.0010407793208601687, -0.7334267361830769], [-0.002838023513764328, -0.9999899116968887, -0.003481684503874152, 0.09181380374693825], [0.0010506625946758853, 0.003478714804550165, -0.9999933973039128, -0.0005635026734272092], [0.0, 0.0, 0.0, 1.0]]}, "mean_rme": {"type": "float", "data": 0.0020282512702967334}, "max_rme": {"type": "float", "data": 0.005871323598194533}, "simu": {"type": "float", "data": 0.002}}, {"type": "dict", "image_number": {"type": "int", "data": 14}, "Hcamera2end": {"type": "ndarray", "data": [[0.99998547549259, 0.00012804431668367007, -0.005388173021681624, -0.010304057952327231], [0.005388168347275044, 3.682312939656818e-05, 0.9999854830375883, 0.029714983060482494], [0.00012824086726152643, -0.9999999911243551, 3.6132670224509056e-05, 0.030924501125353488], [0.0, 0.0, 0.0, 1.0]]}, "Hobj2base": {"type": "ndarray", "data": [[0.9999986453883299, -0.0015805556810353607, 0.0004594183760804693, -0.7336016021378382], [-0.001579288533685654, -0.999994983875224, -0.002745554974605514, 0.09153798457221475], [0.000463755574093278, 0.0027448257012711963, -0.9999961254238128, -0.0003717319327151652], [0.0, 0.0, 0.0, 1.0]]}, "mean_rme": {"type": "float", "data": 0.0020121097286268713}, "max_rme": {"type": "float", "data": 0.00551664075541336}, "simu": {"type": "float", "data": 0.002}}, {"type": "dict", "image_number": {"type": "int", "data": 15}, "Hcamera2end": {"type": "ndarray", "data": [[0.9999858949121656, 0.0006252956496165096, -0.005274370300418736, -0.010984797242667847], [0.005275153495224908, -0.00125755719860976, 0.9999852955446363, 0.029315427815631383], [0.0006186536326451145, -0.999999013777135, -0.001260837991186703, 0.031476095877376695], [0.0, 0.0, 0.0, 1.0]]}, "Hobj2base": {"type": "ndarray", "data": [[0.9999981459665638, -0.0009738630441125208, 0.0016612206976367332, -0.7334779856733686], [-0.0009690104756631669, -0.999995269067478, -0.0029193940057017356, 0.09071471535784033], [0.0016640559284470651, 0.002917778852789237, -0.9999943587263047, -0.0006326189911565231], [0.0, 0.0, 0.0, 1.0]]}, "mean_rme": {"type": "float", "data": 0.002076460909856724}, "max_rme": {"type": "float", "data": 0.005584399982283633}, "simu": {"type": "float", "data": 0.002}}, {"type": "dict", "image_number": {"type": "int", "data": 16}, "Hcamera2end": {"type": "ndarray", "data": [[0.9999838288253198, 0.0005191223715974198, -0.005663267591853188, -0.010796081294075163], [0.0056642057192788555, -0.0018238446781051465, 0.999982295025347, 0.029266111243185528], [0.0005087842600909023, -0.9999982020496605, -0.0018267556003004337, 0.031693483055665515], [0.0, 0.0, 0.0, 1.0]]}, "Hobj2base": {"type": "ndarray", "data": [[0.9999976857601277, -0.0009835396401454684, 0.001913406429688515, -0.7333436093706881], [-0.0009767694766031905, -0.9999932712883361, -0.0035360004866293137, 0.09067671478399196], [0.0019168713515745276, 0.003534123346479143, -0.9999919177555352, -0.0007936664568487135], [0.0, 0.0, 0.0, 1.0]]}, "mean_rme": {"type": "float", "data": 0.0019972019608613238}, "max_rme": {"type": "float", "data": 0.00561944495499353}, "simu": {"type": "float", "data": 0.002}}, {"type": "dict", "image_number": {"type": "int", "data": 17}, "Hcamera2end": {"type": "ndarray", "data": [[0.9999832785428969, 0.00046039226345235456, -0.005764605239116934, -0.01076878483963252], [0.00576526869943127, -0.001452990292223122, 0.9999823250918158, 0.029281956736799234], [0.0004520082106104339, -0.9999988384284126, -0.0014556202812141539, 0.03152886033168865], [0.0, 0.0, 0.0, 1.0]]}, "Hobj2base": {"type": "ndarray", "data": [[0.9999981539095106, -0.0010568144227007257, 0.0016047806225845166, -0.7334303204520803], [-0.0010504743754211712, -0.9999916610144493, -0.003946442087459823, 0.09066877559338332], [0.0016089378972584732, 0.003944749021048422, -0.999990925095825, -0.0007630886752529875], [0.0, 0.0, 0.0, 1.0]]}, "mean_rme": {"type": "float", "data": 0.0019087850443920233}, "max_rme": {"type": "float", "data": 0.005622926563165237}, "simu": {"type": "float", "data": 0.002}}, {"type": "dict", "image_number": {"type": "int", "data": 18}, "Hcamera2end": {"type": "ndarray", "data": [[0.9999856153660479, 0.0005640895195047923, -0.005333935132768345, -0.010970717667181003], [0.005334838730733399, -0.001612684216440341, 0.9999844692520654, 0.029211340115619173], [0.0005554788057725206, -0.999998540525251, -0.0016156703451843946, 0.03168097608595333], [0.0, 0.0, 0.0, 1.0]]}, "Hobj2base": {"type": "ndarray", "data": [[0.9999976412041636, -0.001064552444693941, 0.0018932285127095938, -0.7333799050040759], [-0.0010588017694244444, -0.9999948310831928, -0.003035909371263422, 0.09079255291832664], [0.0018964506115119618, 0.0030338976564738556, -0.9999935994495608, -0.0007550333878464932], [0.0, 0.0, 0.0, 1.0]]}, "mean_rme": {"type": "float", "data": 0.0018862150254991506}, "max_rme": {"type": "float", "data": 0.0055065233205122965}, "simu": {"type": "float", "data": 0.002}}, {"type": "dict", "image_number": {"type": "int", "data": 19}, "Hcamera2end": {"type": "ndarray", "data": [[0.9999930456484396, -0.00022508588337123193, -0.0037226322814606803, -0.011278191022405376], [0.0037225369820458416, -0.000422338214124407, 0.9999929821497998, 0.028512117726758445], [-0.00022665651362181478, -0.9999998854833824, -0.0004214973865110938, 0.031245433584037623], [0.0, 0.0, 0.0, 1.0]]}, "Hobj2base": {"type": "ndarray", "data": [[0.9999983976730933, -0.001399106511313486, 0.00111675969477999, -0.733380511472344], [-0.0013971724720473059, -0.9999975262268244, -0.0017307366393168539, 0.09112858787042329], [0.0011191784170712508, 0.0017291735602075298, -0.9999978786969845, 0.0002618514386370098], [0.0, 0.0, 0.0, 1.0]]}, "mean_rme": {"type": "float", "data": 0.001980400978920607}, "max_rme": {"type": "float", "data": 0.006108928113088441}, "simu": {"type": "float", "data": 0.002}}, {"type": "dict", "image_number": {"type": "int", "data": 20}, "Hcamera2end": {"type": "ndarray", "data": [[0.99999000445207, -6.392576858211228e-05, -0.004470672146923203, -0.010932050542233387], [0.004470643060119349, -0.00044813407698574004, 0.9999899062122968, 0.028606484955460643], [-6.59285838650425e-05, -0.9999998975446673, -0.00044784380834639315, 0.03132529275273402], [0.0, 0.0, 0.0, 1.0]]}, "Hobj2base": {"type": "ndarray", "data": [[0.9999988784110949, -0.0010855268029378554, 0.001031895397947673, -0.7334168237475753], [-0.001082574821039605, -0.9999953327679041, -0.00285700440421214, 0.09093322821375276], [0.0010349919367092359, 0.0028558840958519335, -0.9999953863482183, 0.0002774846648396972], [0.0, 0.0, 0.0, 1.0]]}, "mean_rme": {"type": "float", "data": 0.0019869988205134716}, "max_rme": {"type": "float", "data": 0.006104369078095334}, "simu": {"type": "float", "data": 0.002}}, {"type": "dict", "image_number": {"type": "int", "data": 21}, "Hcamera2end": {"type": "ndarray", "data": [[0.9999910513227928, -0.00022248856497948492, -0.004224662492338995, -0.01108509515836992], [0.0042245500631614506, -0.000503394231292198, 0.9999909498445533, 0.028563010487969154], [-0.000224613222151187, -0.9999998485465317, -0.0005024498124983623, 0.03139982913852168], [0.0, 0.0, 0.0, 1.0]]}, "Hobj2base": {"type": "ndarray", "data": [[0.9999989867362044, -0.001148763340611593, 0.0008407552271052585, -0.7334545241493466], [-0.0011465337402175463, -0.9999958378372906, -0.002647596736213437, 0.09102694011735059], [0.0008437931898164896, 0.0026466300992643785, -0.9999961416736418, 0.00032530342832223384], [0.0, 0.0, 0.0, 1.0]]}, "mean_rme": {"type": "float", "data": 0.0019241803595651575}, "max_rme": {"type": "float", "data": 0.0061423384930893166}, "simu": {"type": "float", "data": 0.002}}, {"type": "dict", "image_number": {"type": "int", "data": 22}, "Hcamera2end": {"type": "ndarray", "data": [[0.9999909979204282, -9.012763395260543e-05, -0.004242163966141061, -0.01120481390293833], [0.00424209473940724, -0.0007548836570048234, 0.9999907173483593, 0.028802203521837808], [-9.332913757755142e-05, -0.9999997110137953, -0.0007544945315203222, 0.031504485738138355], [0.0, 0.0, 0.0, 1.0]]}, "Hobj2base": {"type": "ndarray", "data": [[0.9999982166520226, -0.0014034080924380933, 0.00126377945088167, -0.7333358032731158], [-0.001400298530192373, -0.9999959985482632, -0.0024580584795514254, 0.09102752448564368], [0.0012672240530910794, 0.0024562844274702506, -0.9999961803977109, -1.2360223229746957e-05], [0.0, 0.0, 0.0, 1.0]]}, "mean_rme": {"type": "float", "data": 0.0019062528680077082}, "max_rme": {"type": "float", "data": 0.006440402753100205}, "simu": {"type": "float", "data": 0.002}}, {"type": "dict", "image_number": {"type": "int", "data": 23}, "Hcamera2end": {"type": "ndarray", "data": [[0.9999905083206447, 2.7926603213907376e-05, -0.004356889799320933, -0.011250466281466979], [0.004356909253821577, -0.0007391996446151072, 0.9999902354151461, 0.028773007173108316], [2.4705719130934355e-05, -0.9999997264019577, -0.0007393143020451021, 0.03167778053828613], [0.0, 0.0, 0.0, 1.0]]}, "Hobj2base": {"type": "ndarray", "data": [[0.9999987868830723, -0.0009628182215790713, 0.0012244237240217359, -0.733529465513357], [-0.000959656794080399, -0.9999962114680547, -0.002579943482807205, 0.09099883514216048], [0.0012269031018492344, 0.002578765326488503, -0.9999959223307708, 9.133822565210448e-05], [0.0, 0.0, 0.0, 1.0]]}, "mean_rme": {"type": "float", "data": 0.0018857892384630413}, "max_rme": {"type": "float", "data": 0.006514544667300615}, "simu": {"type": "float", "data": 0.002}}, {"type": "dict", "image_number": {"type": "int", "data": 24}, "Hcamera2end": {"type": "ndarray", "data": [[0.9999902384013911, -4.009305079929028e-05, -0.00441831353303463, -0.011351967130558985], [0.004418298204458328, -0.00037468184554412254, 0.999990169078922, 0.028417749520981465], [-4.174811851642224e-05, -0.9999999290030285, -0.000374501044996034, 0.03161267566501519], [0.0, 0.0, 0.0, 1.0]]}, "Hobj2base": {"type": "ndarray", "data": [[0.9999987084541717, -0.0013270388279146448, 0.0009066741077469959, -0.7335907889788471], [-0.0013243531771175532, -0.9999947531826832, -0.0029562976451052887, 0.09081428723375211], [0.0009105924723555141, 0.0029550930701761928, -0.9999952191117192, 0.0003954493260357762], [0.0, 0.0, 0.0, 1.0]]}, "mean_rme": {"type": "float", "data": 0.0018844105607007092}, "max_rme": {"type": "float", "data": 0.006225626272838625}, "simu": {"type": "float", "data": 0.002}}, {"type": "dict", "image_number": {"type": "int", "data": 25}, "Hcamera2end": {"type": "ndarray", "data": [[0.9999953277149302, -0.000227934612214879, -0.0030483756530239837, -0.0119974367070416], [0.00304793143457095, -0.0019244759025942582, 0.9999935032321313, 0.02836829853991969], [-0.00023379965686291305, -0.9999981222173936, -0.0019237721818246012, 0.03232994675385027], [0.0, 0.0, 0.0, 1.0]]}, "Hobj2base": {"type": "ndarray", "data": [[0.9999958220258919, -0.0012823054005458203, 0.0025906801463275258, -0.7333563580838569], [-0.0012780448052088177, -0.9999978293442564, -0.0016455723172034142, 0.0910064736995343], [0.0025927846491221253, 0.0016422544367419084, -0.9999952902229732, 0.0002670620290835224], [0.0, 0.0, 0.0, 1.0]]}, "mean_rme": {"type": "float", "data": 0.001883043969589656}, "max_rme": {"type": "float", "data": 0.006354722685435299}, "simu": {"type": "float", "data": 0.002}}, {"type": "dict", "image_number": {"type": "int", "data": 26}, "Hcamera2end": {"type": "ndarray", "data": [[0.999996031232946, 1.2773577882187843e-05, -0.0028173312181101386, -0.012071958772919531], [0.0028173528118350753, -0.002247582696544903, 0.9999935054264882, 0.02835800349517801], [6.441310026986981e-06, -0.9999974741012388, -0.002247609764088443, 0.03246252471280434], [0.0, 0.0, 0.0, 1.0]]}, "Hobj2base": {"type": "ndarray", "data": [[0.9999956229636242, -0.0007850842840920521, 0.0028526647647460646, -0.7333069744096335], [-0.0007805334105692536, -0.9999984216638544, -0.001596069357778702, 0.09096478942792427], [0.0028539133112512683, 0.0015938357715670265, -0.9999946574189009, 0.00019864461931205245], [0.0, 0.0, 0.0, 1.0]]}, "mean_rme": {"type": "float", "data": 0.0018396287798463046}, "max_rme": {"type": "float", "data": 0.006330832595869307}, "simu": {"type": "float", "data": 0.002}}, {"type": "dict", "image_number": {"type": "int", "data": 27}, "Hcamera2end": {"type": "ndarray", "data": [[0.9999969535531674, -0.0002826395724834104, -0.0024521417692436103, -0.012394046612115885], [0.002451524674149026, -0.0021633792175548283, 0.9999946548942814, 0.02839371912795854], [-0.00028794297428709503, -0.9999976199497841, -0.002162679729049266, 0.03236012401669047], [0.0, 0.0, 0.0, 1.0]]}, "Hobj2base": {"type": "ndarray", "data": [[0.9999959449365678, -0.0007544385558798304, 0.0027460759068513546, -0.7333135488215651], [-0.0007512526197734605, -0.9999990438204764, -0.0011610243900189135, 0.09086616634436931], [0.0027469492026739495, 0.001158956685272247, -0.9999955555348632, 0.00014977173290102607], [0.0, 0.0, 0.0, 1.0]]}, "mean_rme": {"type": "float", "data": 0.0018216358487977238}, "max_rme": {"type": "float", "data": 0.006256819751969234}, "simu": {"type": "float", "data": 0.002}}, {"type": "dict", "image_number": {"type": "int", "data": 28}, "Hcamera2end": {"type": "ndarray", "data": [[0.9999972665469441, -0.00038145583422078235, -0.0023068138387235095, -0.012522839338283511], [0.0023060619929646323, -0.0019598216366776278, 0.9999954205781332, 0.02836417664749396], [-0.00038597503104651127, -0.9999980067933132, -0.001958936618795981, 0.03236009622906395], [0.0, 0.0, 0.0, 1.0]]}, "Hobj2base": {"type": "ndarray", "data": [[0.9999964770015853, -0.000759256175847407, 0.0025435240272438085, -0.7334383676842429], [-0.0007569262242468802, -0.9999992932055317, -0.000916870289948342, 0.09091456361033708], [0.0025442183689251894, 0.0009149417997775411, -0.9999963449105176, 0.00027315924386843237], [0.0, 0.0, 0.0, 1.0]]}, "mean_rme": {"type": "float", "data": 0.0017962725518039426}, "max_rme": {"type": "float", "data": 0.0062728247266865544}, "simu": {"type": "float", "data": 0.002}}, {"type": "dict", "image_number": {"type": "int", "data": 29}, "Hcamera2end": {"type": "ndarray", "data": [[0.9999984663887442, -0.0010982932556016726, -0.0013641745065171335, -0.013065065772940893], [0.0013620391506367617, -0.001942655290316564, 0.9999971854659269, 0.02902156545944435], [-0.0011009402852398824, -0.9999975099180738, -0.0019411563926257092, 0.03211991345736345], [0.0, 0.0, 0.0, 1.0]]}, "Hobj2base": {"type": "ndarray", "data": [[0.999995511486632, -0.0013391035137647947, 0.0026802627424572538, -0.7331812713636988], [-0.0013396367152835626, -0.9999990832520802, 0.0001971508813121759, 0.09117715024110566], [0.0026799962798940537, -0.00020074057477421198, -0.9999963886550598, -0.00035429498699771365], [0.0, 0.0, 0.0, 1.0]]}, "mean_rme": {"type": "float", "data": 0.0018423495897104346}, "max_rme": {"type": "float", "data": 0.0067477441840141095}, "simu": {"type": "float", "data": 0.002}}, {"type": "dict", "image_number": {"type": "int", "data": 30}, "Hcamera2end": {"type": "ndarray", "data": [[0.9999995120985655, -0.0009296256322092935, 0.00033406408788178005, -0.013945508204714166], [-0.0003360498142684005, -0.002136713763905451, 0.9999976607596706, 0.029521398137467843], [-0.00092890965825692, -0.9999972851215522, -0.0021370251219208214, 0.03312643747787091], [0.0, 0.0, 0.0, 1.0]]}, "Hobj2base": {"type": "ndarray", "data": [[0.9999951331383911, -0.0012893752160896173, 0.0028409876950850057, -0.7341477561327248], [-0.0012941343437657391, -0.9999977615253093, 0.001673965552678464, 0.09103451710327427], [0.0028388229659097415, -0.0016776340254662063, -0.9999945632993439, -0.0006340542835458966], [0.0, 0.0, 0.0, 1.0]]}, "mean_rme": {"type": "float", "data": 0.0019126029174776286}, "max_rme": {"type": "float", "data": 0.006956792840637438}, "simu": {"type": "float", "data": 0.002}}]}