{"type": "list", "data": [{"type": "dict", "image_number": {"type": "int", "data": 5}, "Hcamera2end": {"type": "ndarray", "data": [[0.9997753348269325, 0.007497924595879951, -0.019825766024280787, -0.016053287957600096], [0.019902463577215722, -0.010296763635356143, 0.9997489027761899, 0.025761638466260443], [0.007291900661187696, -0.9999188756021122, -0.010443677482346203, 0.03335546317486459], [0.0, 0.0, 0.0, 1.0]]}, "Hobj2base": {"type": "ndarray", "data": [[0.999900431635681, 0.011315002659586142, 0.008431935103662806, -0.7304279895794765], [0.011473106170611912, -0.9997547117475714, -0.018944238525971574, 0.07837619293969775], [0.00821551273973143, 0.01903909276579631, -0.9997849860330368, 0.0009445941099720301], [0.0, 0.0, 0.0, 1.0]]}, "mean_rme": {"type": "float", "data": 0.0015299361810790792}, "max_rme": {"type": "float", "data": 0.0043841090156612195}, "simu": {"type": "float", "data": 0.002}}, {"type": "dict", "image_number": {"type": "int", "data": 6}, "Hcamera2end": {"type": "ndarray", "data": [[0.9999053604462788, 0.00820264266600623, -0.011044763650311193, -0.014186092750320307], [0.011037149562553977, 0.0009729378006696487, 0.9999386154767551, 0.025659765372582386], [0.00821288501875168, -0.9999658844407293, 0.0008823119283575265, 0.03447134402939611], [0.0, 0.0, 0.0, 1.0]]}, "Hobj2base": {"type": "ndarray", "data": [[0.9999578987985035, 0.009133986287964784, -0.0008780233328612691, -0.7366146221194252], [0.009124787274627944, -0.9999087156509852, -0.00996486941159238, 0.08488890235513187], [-0.0009689621636397535, 0.009956438102482878, -0.9999499639745164, 0.002894657252284105], [0.0, 0.0, 0.0, 1.0]]}, "mean_rme": {"type": "float", "data": 0.0015240573104173393}, "max_rme": {"type": "float", "data": 0.004075507897224551}, "simu": {"type": "float", "data": 0.002}}, {"type": "dict", "image_number": {"type": "int", "data": 7}, "Hcamera2end": {"type": "ndarray", "data": [[0.9999103508756625, 0.009925171569186224, -0.008987835169374566, -0.01259647352572939], [0.008984828942167502, 0.0003474376486430897, 0.9999595752509, 0.025689839812467065], [0.009927893058933403, -0.9999506839121629, 0.00025823053239126814, 0.03415607841855529], [0.0, 0.0, 0.0, 1.0]]}, "Hobj2base": {"type": "ndarray", "data": [[0.9999543144388259, 0.00952665443002263, 0.0007822343310437149, -0.7357700678463875], [0.009532317309441875, -0.9999257875505478, -0.007586456229928496, 0.08733828228316817], [0.0007099027326669415, 0.007593566144272155, -0.9999709164727355, 0.0028690074556638905], [0.0, 0.0, 0.0, 1.0]]}, "mean_rme": {"type": "float", "data": 0.0017332644055204091}, "max_rme": {"type": "float", "data": 0.004680173491623085}, "simu": {"type": "float", "data": 0.002}}, {"type": "dict", "image_number": {"type": "int", "data": 8}, "Hcamera2end": {"type": "ndarray", "data": [[0.9999068512348701, 0.010336032749351442, -0.008913769156297359, -0.012786910189720122], [0.00892221436788688, -0.0007712408676598947, 0.9999598988350971, 0.025893616932636882], [0.010328743599339496, -0.9999462843645794, -0.0008633893274285764, 0.03442573588573313], [0.0, 0.0, 0.0, 1.0]]}, "Hobj2base": {"type": "ndarray", "data": [[0.9999423718022366, 0.01054647988524662, 0.0020061995284198866, -0.735747865813936], [0.010561064952210975, -0.9999168195831545, -0.007403905846545981, 0.08692331478305476], [0.0019279475078239803, 0.007424666776322372, -0.9999705782380137, 0.0027076106553002716], [0.0, 0.0, 0.0, 1.0]]}, "mean_rme": {"type": "float", "data": 0.0016886753555726784}, "max_rme": {"type": "float", "data": 0.004861337066706606}, "simu": {"type": "float", "data": 0.002}}, {"type": "dict", "image_number": {"type": "int", "data": 9}, "Hcamera2end": {"type": "ndarray", "data": [[0.999920178051798, 0.009792084390561234, -0.00798452303827258, -0.01322106917331493], [0.00801175176482546, -0.002744619672612636, 0.9999641388052433, 0.026016688024983435], [0.009769818755708558, -0.9999482897360948, -0.002822852341120674, 0.03459341400016029], [0.0, 0.0, 0.0, 1.0]]}, "Hobj2base": {"type": "ndarray", "data": [[0.9999436490316994, 0.01022011348195456, 0.0028719403868359087, -0.7354581319846267], [0.010238583698115233, -0.9999265106602615, -0.00649189361052077, 0.0866460392955507], [0.0028053814404208144, 0.0065209323880563285, -0.9999748033204456, 0.0021805857427120217], [0.0, 0.0, 0.0, 1.0]]}, "mean_rme": {"type": "float", "data": 0.00196263820970558}, "max_rme": {"type": "float", "data": 0.005264687369707977}, "simu": {"type": "float", "data": 0.002}}, {"type": "dict", "image_number": {"type": "int", "data": 10}, "Hcamera2end": {"type": "ndarray", "data": [[0.999922111177289, 0.009817418938678619, -0.007706481955847827, -0.013266932456167233], [0.0077277850933579265, -0.0021338489209823397, 0.9999678634967892, 0.026172458961520387], [0.009800658972957317, -0.9999495312135331, -0.002209549621731588, 0.03470193331974453], [0.0, 0.0, 0.0, 1.0]]}, "Hobj2base": {"type": "ndarray", "data": [[0.9999503641460932, 0.00964680167559676, 0.0024916784558422075, -0.7357568802377352], [0.00966243327765468, -0.9999332213124275, -0.006339581918966367, 0.08645925961726322], [0.0024303553753466057, 0.006363342925233353, -0.999976800350671, 0.002130931807641223], [0.0, 0.0, 0.0, 1.0]]}, "mean_rme": {"type": "float", "data": 0.0018712571186889665}, "max_rme": {"type": "float", "data": 0.005219322907703189}, "simu": {"type": "float", "data": 0.002}}, {"type": "dict", "image_number": {"type": "int", "data": 11}, "Hcamera2end": {"type": "ndarray", "data": [[0.9999450798524009, 0.007813680685012484, -0.006984530988429133, -0.01322679786190105], [0.007019185262527583, -0.0044164796185861555, 0.9999656122817571, 0.02647412456357472], [0.007782564951606867, -0.9999597197397161, -0.004471082737183885, 0.034866845843308604], [0.0, 0.0, 0.0, 1.0]]}, "Hobj2base": {"type": "ndarray", "data": [[0.9999570547308223, 0.008199567403981995, 0.004319234706147283, -0.7348132101419861], [0.008223545267956937, -0.9999507107292782, -0.0055632198623494795, 0.08660874065320233], [0.004273405817974035, 0.005598500370503929, -0.9999751970905657, 0.0017317999365503913], [0.0, 0.0, 0.0, 1.0]]}, "mean_rme": {"type": "float", "data": 0.002115720735079768}, "max_rme": {"type": "float", "data": 0.008506791843754108}, "simu": {"type": "float", "data": 0.002}}, {"type": "dict", "image_number": {"type": "int", "data": 12}, "Hcamera2end": {"type": "ndarray", "data": [[0.9999590096208063, 0.006092432917891346, -0.006697860801565932, -0.013744153277846009], [0.0067073364790001845, -0.0015362186888536744, 0.9999763255545091, 0.027163630197173966], [0.006081999303981619, -0.9999802609518256, -0.0015770197162232602, 0.03404167582385679], [0.0, 0.0, 0.0, 1.0]]}, "Hobj2base": {"type": "ndarray", "data": [[0.9999803740933614, 0.005862235006530352, 0.0022103458619075543, -0.7348385226967514], [0.005875643421603534, -0.9999640759064519, -0.006109313458785275, 0.08634994171898915], [0.0021744522260120796, 0.006122180762092692, -0.9999788951074082, 0.0014138197779282418], [0.0, 0.0, 0.0, 1.0]]}, "mean_rme": {"type": "float", "data": 0.0021087447554942146}, "max_rme": {"type": "float", "data": 0.008523162498460024}, "simu": {"type": "float", "data": 0.002}}, {"type": "dict", "image_number": {"type": "int", "data": 13}, "Hcamera2end": {"type": "ndarray", "data": [[0.999971784040447, 0.0048662196199499765, -0.005722851524903069, -0.013223270198679252], [0.0057260601735190046, -0.0006456954508224921, 0.9999833975183158, 0.027116093747347622], [0.004862443609432503, -0.9999879514194133, -0.0006735414982670385, 0.03455408597522755], [0.0, 0.0, 0.0, 1.0]]}, "Hobj2base": {"type": "ndarray", "data": [[0.9999870574914969, 0.005015495352767739, 0.0008541989604887195, -0.7361040431582749], [0.005020356727955696, -0.9999706505089594, -0.0057874121169691935, 0.08708603999811082], [0.0008251471516067715, 0.00579162559683696, -0.9999828879561505, 0.0017630957763590505], [0.0, 0.0, 0.0, 1.0]]}, "mean_rme": {"type": "float", "data": 0.002050512681459348}, "max_rme": {"type": "float", "data": 0.008468200999359382}, "simu": {"type": "float", "data": 0.002}}, {"type": "dict", "image_number": {"type": "int", "data": 14}, "Hcamera2end": {"type": "ndarray", "data": [[0.9999752501433526, 0.0038419891636787265, -0.005893913810488427, -0.013418488670242335], [0.00589743353777213, -0.0009054366731933161, 0.9999822000726307, 0.029172664895258594], [0.0038365842108380025, -0.9999922096215038, -0.0009280721395110714, 0.03426063357040776], [0.0, 0.0, 0.0, 1.0]]}, "Hobj2base": {"type": "ndarray", "data": [[0.9999904487144686, 0.0043110826992648855, 0.000719058965386544, -0.7358642162186969], [0.004314720372909521, -0.9999774993954229, -0.005136525185377438, 0.08743428433871202], [0.0006968988012640773, 0.005139578663326029, -0.9999865494411531, -0.00034460202659070127], [0.0, 0.0, 0.0, 1.0]]}, "mean_rme": {"type": "float", "data": 0.002209371377294578}, "max_rme": {"type": "float", "data": 0.008546808922372556}, "simu": {"type": "float", "data": 0.002}}, {"type": "dict", "image_number": {"type": "int", "data": 15}, "Hcamera2end": {"type": "ndarray", "data": [[0.9999828694071153, 0.0038183289551722483, -0.00443635619648692, -0.013988683899736168], [0.004432385330752439, 0.0010477832816434551, 0.999989628001448, 0.029036879971928414], [0.0038229376913239484, -0.9999921612263691, 0.0010308410272457103, 0.03336230456755128], [0.0, 0.0, 0.0, 1.0]]}, "Hobj2base": {"type": "ndarray", "data": [[0.9999933010441626, 0.003534377865832054, -0.0009518612820566266, -0.735851166053681], [0.003530342361840626, -0.999984912837826, -0.004208417699581934, 0.08768454721747244], [-0.000966721059538675, 0.004205029111370978, -0.9999906915469592, -9.332811547398585e-05], [0.0, 0.0, 0.0, 1.0]]}, "mean_rme": {"type": "float", "data": 0.0022492903112808554}, "max_rme": {"type": "float", "data": 0.00868641551585092}, "simu": {"type": "float", "data": 0.002}}, {"type": "dict", "image_number": {"type": "int", "data": 16}, "Hcamera2end": {"type": "ndarray", "data": [[0.9999845852853404, 0.0034965242654097822, -0.004313178615257694, -0.014516726347328805], [0.004309356081826514, 0.0011000358442504465, 0.9999901096367412, 0.029029323196445585], [0.003501234334594092, -0.9999932820970363, 0.0010849511194034323, 0.0331705745311665], [0.0, 0.0, 0.0, 1.0]]}, "Hobj2base": {"type": "ndarray", "data": [[0.9999937891219051, 0.003456019745242785, -0.0006911187562711914, -0.735437518931057], [0.003453092560353656, -0.9999852486189267, -0.004192695590330005, 0.08742455428392137], [-0.0007055986000610234, 0.0041902830529732035, -0.9999909717885216, 4.110314806165388e-05], [0.0, 0.0, 0.0, 1.0]]}, "mean_rme": {"type": "float", "data": 0.0022197691746395306}, "max_rme": {"type": "float", "data": 0.008645243535834068}, "simu": {"type": "float", "data": 0.002}}, {"type": "dict", "image_number": {"type": "int", "data": 17}, "Hcamera2end": {"type": "ndarray", "data": [[0.9999853229796511, 0.00428932461098347, -0.0033099123348438028, -0.014400163038667441], [0.0033198703255616076, -0.002316538654898004, 0.9999918060212702, 0.028936170834528593], [0.004281621924480852, -0.9999881176009253, -0.0023307446565057344, 0.03383950087571256], [0.0, 0.0, 0.0, 1.0]]}, "Hobj2base": {"type": "ndarray", "data": [[0.9999887412685794, 0.004464572795817679, 0.0016077704540680938, -0.7346809889311788], [0.004468239480699514, -0.9999874083761069, -0.002284277824481863, 0.08829007811640349], [0.001597551884993959, 0.0022914360098301163, -0.9999960985668828, -2.3021146235614006e-05], [0.0, 0.0, 0.0, 1.0]]}, "mean_rme": {"type": "float", "data": 0.002263854078847175}, "max_rme": {"type": "float", "data": 0.008413690034647009}, "simu": {"type": "float", "data": 0.002}}, {"type": "dict", "image_number": {"type": "int", "data": 18}, "Hcamera2end": {"type": "ndarray", "data": [[0.9999912936956704, 0.0036637309431391024, -0.001997400419498467, -0.014979210472237742], [0.002003792071385723, -0.0017417343233552263, 0.9999964755832298, 0.029069266009111888], [0.0036602390897562008, -0.9999917716847089, -0.0017490605143017923, 0.034133939767084356], [0.0, 0.0, 0.0, 1.0]]}, "Hobj2base": {"type": "ndarray", "data": [[0.999993578101419, 0.003442627327253934, 0.0009960286175226029, -0.735134027201188], [0.003444437124177856, -0.9999924098054807, -0.0018210393528892285, 0.08824094019837764], [0.0009897518976313881, 0.0018244584163061306, -0.9999978458690137, 0.00020225573078134587], [0.0, 0.0, 0.0, 1.0]]}, "mean_rme": {"type": "float", "data": 0.0022765098819258374}, "max_rme": {"type": "float", "data": 0.008331762671377668}, "simu": {"type": "float", "data": 0.002}}, {"type": "dict", "image_number": {"type": "int", "data": 19}, "Hcamera2end": {"type": "ndarray", "data": [[0.9999929769317515, 0.003598188744782442, -0.001048391592180556, -0.015479767728228105], [0.0010567583132945419, -0.0023241461027458943, 0.9999967407980687, 0.028910544232649615], [0.0035957404023256186, -0.9999908256492404, -0.002327932195977933, 0.03480886290450429], [0.0, 0.0, 0.0, 1.0]]}, "Hobj2base": {"type": "ndarray", "data": [[0.9999937336698359, 0.0032325447687873727, 0.0014433555968734618, -0.7354266472625559], [0.0032332604484668166, -0.9999946510865436, -0.0004937865663328757, 0.08853348582128201], [0.0014417516893073916, 0.0004984502166676646, -0.9999988364490464, 0.0003295614323875455], [0.0, 0.0, 0.0, 1.0]]}, "mean_rme": {"type": "float", "data": 0.002248761930147209}, "max_rme": {"type": "float", "data": 0.008711833519489232}, "simu": {"type": "float", "data": 0.002}}, {"type": "dict", "image_number": {"type": "int", "data": 20}, "Hcamera2end": {"type": "ndarray", "data": [[0.9999916530574042, 0.003948810358707232, -0.0010491483550829797, -0.015497690246441806], [0.0010571948674102125, -0.0020361699930033783, 0.9999973681719229, 0.028964660119127343], [0.003946663721718429, -0.9999901304055511, -0.002040327659252883, 0.034929769450290506], [0.0, 0.0, 0.0, 1.0]]}, "Hobj2base": {"type": "ndarray", "data": [[0.9999929709990008, 0.003548438008050116, 0.0012110079663598843, -0.7356764446960148], [0.0035493932708007317, -0.9999933907401135, -0.0007875807899294238, 0.08829492261748226], [0.0012082052808841139, 0.0007918735975499482, -0.9999989565875584, 0.00027376323341306573], [0.0, 0.0, 0.0, 1.0]]}, "mean_rme": {"type": "float", "data": 0.002188351039163338}, "max_rme": {"type": "float", "data": 0.008734889238393967}, "simu": {"type": "float", "data": 0.002}}, {"type": "dict", "image_number": {"type": "int", "data": 21}, "Hcamera2end": {"type": "ndarray", "data": [[0.9999954051170656, 0.002943585236759697, -0.0007246038295329834, -0.016086849947896012], [0.0007321268741662269, -0.002555468986666698, 0.9999964667780074, 0.02886675982361325], [0.0029417231338056096, -0.9999924024132444, -0.002557612322444225, 0.035331686387363045], [0.0, 0.0, 0.0, 1.0]]}, "Hobj2base": {"type": "ndarray", "data": [[0.9999954732652612, 0.002633362507022269, 0.0014556273193874958, -0.7358449578430583], [0.002633858217251501, -0.9999964740183616, -0.00033873549432737575, 0.08812489740316418], [0.0014547301735217365, 0.0003425678769380709, -0.999998883203062, 0.0002823525334574623], [0.0, 0.0, 0.0, 1.0]]}, "mean_rme": {"type": "float", "data": 0.0021901554532976725}, "max_rme": {"type": "float", "data": 0.008668666538486497}, "simu": {"type": "float", "data": 0.002}}, {"type": "dict", "image_number": {"type": "int", "data": 22}, "Hcamera2end": {"type": "ndarray", "data": [[0.9999953542499359, 0.0029573852909533373, -0.0007384786970562652, -0.016092910097523592], [0.0007459798396250664, -0.002536110980282169, 0.9999965058214827, 0.0288494971648085], [0.002955502093388877, -0.9999924109778716, -0.002538305347949521, 0.035330108172089925], [0.0, 0.0, 0.0, 1.0]]}, "Hobj2base": {"type": "ndarray", "data": [[0.9999959277505565, 0.0025803674606871374, 0.0012190923146883361, -0.7358567021861567], [0.0025807999968994444, -0.9999966072975601, -0.0003533620585939291, 0.08812834182875981], [0.0012181763747130291, 0.0003565068530574504, -0.999999194474267, 0.0002960922690638271], [0.0, 0.0, 0.0, 1.0]]}, "mean_rme": {"type": "float", "data": 0.0021085726920745894}, "max_rme": {"type": "float", "data": 0.008694977285186645}, "simu": {"type": "float", "data": 0.002}}, {"type": "dict", "image_number": {"type": "int", "data": 23}, "Hcamera2end": {"type": "ndarray", "data": [[0.9999998321626471, 0.0005761431649536368, 6.110426353631563e-05, -0.01636394758053993], [-6.0117880962804165e-05, -0.0017119061307666605, 0.9999985328805436, 0.028696638478884987], [0.0005762469244461536, -0.9999983687168958, -0.0017118712069388309, 0.03469035324096893], [0.0, 0.0, 0.0, 1.0]]}, "Hobj2base": {"type": "ndarray", "data": [[0.9999997451168899, 0.0005166199016497221, 0.000492818457725904, -0.7357793117850034], [0.0005165763804534596, -0.9999998626641253, 8.843400998366583e-05, 0.08881947762696459], [0.0004928640768137901, -8.817940906821764e-05, -0.9999998746546892, 0.0005700750639426298], [0.0, 0.0, 0.0, 1.0]]}, "mean_rme": {"type": "float", "data": 0.0021924128104753014}, "max_rme": {"type": "float", "data": 0.008456478902536563}, "simu": {"type": "float", "data": 0.002}}, {"type": "dict", "image_number": {"type": "int", "data": 24}, "Hcamera2end": {"type": "ndarray", "data": [[0.9999995323919413, 0.0004514812441729233, 0.000855207919129794, -0.01680243112042263], [-0.0008541605255936221, -0.002315022632160213, 0.9999969555353702, 0.028734776156523128], [0.0004534596953422324, -0.9999972184135807, -0.002314635912179952, 0.035019819828800175], [0.0, 0.0, 0.0, 1.0]]}, "Hobj2base": {"type": "ndarray", "data": [[0.9999995622267074, 0.00033539593842573745, 0.0008735307424983818, -0.7357260926579792], [0.0003345814861077411, -0.9999995093915246, 0.0009323475421320496, 0.0889078841493089], [0.0008738430195156283, -0.0009320548667612102, -0.9999991838357183, 0.0007526217323424594], [0.0, 0.0, 0.0, 1.0]]}, "mean_rme": {"type": "float", "data": 0.002185384965842679}, "max_rme": {"type": "float", "data": 0.008459154274044867}, "simu": {"type": "float", "data": 0.002}}, {"type": "dict", "image_number": {"type": "int", "data": 25}, "Hcamera2end": {"type": "ndarray", "data": [[0.9999998253308909, 6.595026043792931e-05, 0.0005873574300760575, -0.016316131344715618], [-0.0005870670648509019, -0.004319717476737983, 0.9999904976514441, 0.028642154645032888], [6.84868519113585e-05, -0.9999906678021974, -0.004319678004991001, 0.03614531847998437], [0.0, 0.0, 0.0, 1.0]]}, "Hobj2base": {"type": "ndarray", "data": [[0.9999958133761983, -9.397427571141819e-05, 0.002892127056544433, -0.7354964160613591], [-9.686014628688613e-05, -0.9999994975934834, 0.0009977128305041336, 0.08932219901723693], [0.0028920318441803395, -0.0009979887853056272, -0.9999953200741472, 0.0005127794753032644], [0.0, 0.0, 0.0, 1.0]]}, "mean_rme": {"type": "float", "data": 0.0022070585956476076}, "max_rme": {"type": "float", "data": 0.008436402803256082}, "simu": {"type": "float", "data": 0.002}}, {"type": "dict", "image_number": {"type": "int", "data": 26}, "Hcamera2end": {"type": "ndarray", "data": [[0.9999992035103312, -0.0011597428138550722, 0.0004979711928066741, -0.015385930607344707], [-0.0005015109635065247, -0.003053915037590116, 0.9999952110333813, 0.028660650547286372], [-0.0011582164981714515, -0.9999946642855396, -0.0030544942289143506, 0.03564019318068421], [0.0, 0.0, 0.0, 1.0]]}, "Hobj2base": {"type": "ndarray", "data": [[0.9999980470780203, -0.0013568047022806703, 0.0014369833489835504, -0.7358546721923639], [-0.0013577813344613507, -0.9999988477730453, 0.0006788832224878252, 0.09031087081754549], [0.001436060581304031, -0.00068083300585104, -0.9999987370974153, 0.0007276565141245588], [0.0, 0.0, 0.0, 1.0]]}, "mean_rme": {"type": "float", "data": 0.002278855034828488}, "max_rme": {"type": "float", "data": 0.008444336921292678}, "simu": {"type": "float", "data": 0.002}}, {"type": "dict", "image_number": {"type": "int", "data": 27}, "Hcamera2end": {"type": "ndarray", "data": [[0.9999990389898218, -0.0013087216127072694, 0.0004574572912702722, -0.015444291761005707], [-0.00046097785737786516, -0.0026910445017926943, 0.9999962728825066, 0.028675178156662894], [-0.0013074856970195746, -0.999995522753592, -0.00269164520735643, 0.03536362353969505], [0.0, 0.0, 0.0, 1.0]]}, "Hobj2base": {"type": "ndarray", "data": [[0.9999986055851773, -0.0013543343276646409, 0.0009770395231873683, -0.7358474828131111], [-0.0013548903378871058, -0.9999989204602171, 0.0005686392289107512, 0.09019831078280266], [0.000976268340806563, -0.000569962217401482, -0.9999993610213944, 0.0007574690513600935], [0.0, 0.0, 0.0, 1.0]]}, "mean_rme": {"type": "float", "data": 0.002247392984061403}, "max_rme": {"type": "float", "data": 0.008330554105215465}, "simu": {"type": "float", "data": 0.002}}, {"type": "dict", "image_number": {"type": "int", "data": 28}, "Hcamera2end": {"type": "ndarray", "data": [[0.9999989497775265, -0.0013855729198414017, 0.0004250076797113166, -0.015678017246543982], [-0.000428648753603538, -0.002628610177282109, 0.9999964533281016, 0.028674444874851938], [-0.0013844508261565513, -0.9999955852883651, -0.002629201340761611, 0.03528279164291705], [0.0, 0.0, 0.0, 1.0]]}, "Hobj2base": {"type": "ndarray", "data": [[0.9999982365875809, -0.0015831551257855883, 0.001010169082949223, -0.7356288417450365], [-0.0015836619573599557, -0.9999986204423272, 0.0005011269772061692, 0.09006567547908015], [0.0010093743276200803, -0.0005027258598598019, -0.9999993642148861, 0.0008119586097678608], [0.0, 0.0, 0.0, 1.0]]}, "mean_rme": {"type": "float", "data": 0.002227273291316768}, "max_rme": {"type": "float", "data": 0.00837723605517729}, "simu": {"type": "float", "data": 0.002}}, {"type": "dict", "image_number": {"type": "int", "data": 29}, "Hcamera2end": {"type": "ndarray", "data": [[0.9999993679625815, -0.001108609532165119, -0.00018724140240368513, -0.015342342799545227], [0.00018438099035257804, -0.002579720161471233, 0.9999966555181767, 0.028731658586839806], [-0.0011090888548615323, -0.9999960580066272, -0.0025795141244679964, 0.03527207601246979], [0.0, 0.0, 0.0, 1.0]]}, "Hobj2base": {"type": "ndarray", "data": [[0.9999990239039491, -0.00095518582466202, 0.0010197113265070052, -0.7356704487907058], [-0.000955409599118987, -0.9999995196190785, 0.00021898426806891738, 0.08997660553891686], [0.0010195016659884555, -0.00021995829630891328, -0.9999994561172023, 0.0007827715307558187], [0.0, 0.0, 0.0, 1.0]]}, "mean_rme": {"type": "float", "data": 0.002196030631479905}, "max_rme": {"type": "float", "data": 0.00839612651866753}, "simu": {"type": "float", "data": 0.002}}, {"type": "dict", "image_number": {"type": "int", "data": 30}, "Hcamera2end": {"type": "ndarray", "data": [[0.9999974440411054, -0.0022445228340420773, -0.00027208179614245055, -0.015483201885904688], [0.00026860305538836, -0.0015500357452937763, 0.9999987626200277, 0.028696296769697056], [-0.00224494179322414, -0.9999962797462976, -0.0015494288977750958, 0.03485316186823635], [0.0, 0.0, 0.0, 1.0]]}, "Hobj2base": {"type": "ndarray", "data": [[0.9999981460176582, -0.0018891960817367076, 0.00037269211292135905, -0.7355343140178667], [-0.001889163359412991, -0.9999982116456423, -8.813239143442536e-05, 0.0899535151496853], [0.0003728579457843669, 8.742815175445467e-05, -0.9999999266666324, 0.0009211173320901896], [0.0, 0.0, 0.0, 1.0]]}, "mean_rme": {"type": "float", "data": 0.002178093980821818}, "max_rme": {"type": "float", "data": 0.008314728717175673}, "simu": {"type": "float", "data": 0.002}}]}