{"type": "list", "data": [{"type": "dict", "image_number": {"type": "int", "data": 5}, "Hcamera2end": {"type": "ndarray", "data": [[0.9999981402560243, -0.001701281703897849, -0.0009083639450764706, -0.01893057760911789], [0.0008939874155353588, -0.008432192816985262, 0.9999640488091549, 0.029744821206981503], [-0.0017088800407275135, -0.9999630011979749, -0.008430656210831833, 0.03625077731458054], [0.0, 0.0, 0.0, 1.0]]}, "Hobj2base": {"type": "ndarray", "data": [[0.9999623634233071, 0.002056776300312743, 0.008428606535147945, -0.7345173509977407], [0.002082965803240143, -0.9999930267905814, -0.0030996166979822713, 0.08526938300715316], [0.008422172542545004, 0.0031170565382023785, -0.9999596746710349, 0.00031085007745659257], [0.0, 0.0, 0.0, 1.0]]}, "mean_rme": {"type": "float", "data": 0.001269766457776599}, "max_rme": {"type": "float", "data": 0.005497386096478041}, "simu": {"type": "float", "data": 0.002}}, {"type": "dict", "image_number": {"type": "int", "data": 6}, "Hcamera2end": {"type": "ndarray", "data": [[0.9999336495659805, -0.0031407826704297655, 0.011082957632146303, -0.018282405659224267], [-0.011029734240329148, 0.016484737644337222, 0.9998032798442829, 0.030833589858946624], [-0.0033228644640630033, -0.9998591845400104, 0.016449001876678415, 0.04000740428600885], [0.0, 0.0, 0.0, 1.0]]}, "Hobj2base": {"type": "ndarray", "data": [[0.9998707595978046, -0.009515873965710245, -0.012958095692577757, -0.7477177893136266], [-0.009393687005548743, -0.9999111500621876, 0.009457834094273063, 0.09288378489916364], [-0.013046943923811007, -0.009334887464866798, -0.999871310284612, 0.0028168463363019147], [0.0, 0.0, 0.0, 1.0]]}, "mean_rme": {"type": "float", "data": 0.0015151916472450986}, "max_rme": {"type": "float", "data": 0.006053869084976404}, "simu": {"type": "float", "data": 0.002}}, {"type": "dict", "image_number": {"type": "int", "data": 7}, "Hcamera2end": {"type": "ndarray", "data": [[0.9999848470255603, 0.0008731630513640781, 0.00543537538285104, -0.016795081760717624], [-0.005431719644885601, -0.0041359656031245695, 0.9999766948335489, 0.03171343598649448], [0.0008956232277773707, -0.9999910656474962, -0.004131160154044133, 0.03639240533932584], [0.0, 0.0, 0.0, 1.0]]}, "Hobj2base": {"type": "ndarray", "data": [[0.9999871831270913, 0.00377498604807885, 0.0033738793520075782, -0.7366365454135674], [0.003756898214446345, -0.9999786233952008, 0.005351492169936563, 0.09077995039829578], [0.003394009038199945, -0.005338748259228234, -0.999979989034617, -0.0018287047337975926], [0.0, 0.0, 0.0, 1.0]]}, "mean_rme": {"type": "float", "data": 0.0019063793190430207}, "max_rme": {"type": "float", "data": 0.007184004449256459}, "simu": {"type": "float", "data": 0.002}}, {"type": "dict", "image_number": {"type": "int", "data": 8}, "Hcamera2end": {"type": "ndarray", "data": [[0.999978454943118, 0.0023549242856558015, 0.0061273143532339395, -0.01734747641813723], [-0.006112634077236819, -0.0061913074510582256, 0.9999621509920685, 0.032573079872769466], [0.0023927712411179894, -0.9999780607811631, -0.006176779268549204, 0.03683118082794378], [0.0, 0.0, 0.0, 1.0]]}, "Hobj2base": {"type": "ndarray", "data": [[0.999978363126582, 0.005239948313597, 0.003976961195776709, -0.7369375674749505], [0.005214208685111308, -0.9999655706827648, 0.006455189918238232, 0.08984333093826635], [0.004010649133244088, -0.006434313542503713, -0.9999712567382959, -0.002196323173665485], [0.0, 0.0, 0.0, 1.0]]}, "mean_rme": {"type": "float", "data": 0.0019398827832438083}, "max_rme": {"type": "float", "data": 0.007383719260160793}, "simu": {"type": "float", "data": 0.002}}, {"type": "dict", "image_number": {"type": "int", "data": 9}, "Hcamera2end": {"type": "ndarray", "data": [[0.999997721042234, 0.0006309433584508872, 0.0020395638790793365, -0.01679721756149691], [-0.0020359944279093028, -0.005607161500065461, 0.9999822070750068, 0.032428705485406724], [0.000642368296182733, -0.9999840806984832, -0.005605864124418991, 0.03575308513899139], [0.0, 0.0, 0.0, 1.0]]}, "Hobj2base": {"type": "ndarray", "data": [[0.9999929088236601, 0.0024817155833086976, 0.0028325589417780637, -0.7360340536335095], [0.0024728775480809353, -0.9999920770523489, 0.0031194084633327152, 0.0889557258893597], [0.0028402779841560075, -0.0031123817716464867, -0.9999911229109386, -0.0016090917603054798], [0.0, 0.0, 0.0, 1.0]]}, "mean_rme": {"type": "float", "data": 0.001861934518693574}, "max_rme": {"type": "float", "data": 0.007605381356355939}, "simu": {"type": "float", "data": 0.002}}, {"type": "dict", "image_number": {"type": "int", "data": 10}, "Hcamera2end": {"type": "ndarray", "data": [[0.9999989641579397, 0.00064889698997517, 0.0012847629135451493, -0.016777392243631794], [-0.0012813390836926134, -0.005249523311589677, 0.9999854002310004, 0.03226604545827939], [0.0006556319090935328, -0.9999860106209976, -0.0052486864168381775, 0.03548919074657364], [0.0, 0.0, 0.0, 1.0]]}, "Hobj2base": {"type": "ndarray", "data": [[0.999993997875394, 0.002299532769340791, 0.0025915945341028835, -0.7358428654934863], [0.002293069666721706, -0.9999942606586523, 0.002494089264503273, 0.08861456010470045], [0.0025973149000506034, -0.0024881315878541362, -0.9999935315573354, -0.0017652066318505854], [0.0, 0.0, 0.0, 1.0]]}, "mean_rme": {"type": "float", "data": 0.001855726771776323}, "max_rme": {"type": "float", "data": 0.0077766025212280265}, "simu": {"type": "float", "data": 0.002}}, {"type": "dict", "image_number": {"type": "int", "data": 11}, "Hcamera2end": {"type": "ndarray", "data": [[0.9999988821214263, 0.00014542411766666765, -0.0014881558129648243, -0.015805635665500094], [0.001488706609701774, -0.0038638018289922638, 0.9999914273572831, 0.03188490873823009], [0.0001396729318457054, -0.9999925249156877, -0.003864014003576166, 0.03510432382620153], [0.0, 0.0, 0.0, 1.0]]}, "Hobj2base": {"type": "ndarray", "data": [[0.9999969013794903, 0.0017661835343891945, 0.0017543737175789891, -0.7359577079295437], [0.0017661665301677153, -0.9999984402634896, 1.1241687089232624e-05, 0.08820435930995733], [0.0017543908361008847, -8.143136114116528e-06, -0.9999984610220576, -0.0017897842209671803], [0.0, 0.0, 0.0, 1.0]]}, "mean_rme": {"type": "float", "data": 0.0018196333739470532}, "max_rme": {"type": "float", "data": 0.007951158141789733}, "simu": {"type": "float", "data": 0.002}}, {"type": "dict", "image_number": {"type": "int", "data": 12}, "Hcamera2end": {"type": "ndarray", "data": [[0.9999988724586155, 0.0003815711184551095, 0.0014524066163700167, -0.015767381178796187], [-0.0014521841496126329, -0.0005826598423781526, 0.9999987758336023, 0.03203248116032923], [0.00038241691035873155, -0.9999997574554652, -0.0005821050738747946, 0.03334286303943764], [0.0, 0.0, 0.0, 1.0]]}, "Hobj2base": {"type": "ndarray", "data": [[0.9999998906133244, 0.000335073556023469, -0.0003263419239576977, -0.7352709190646299], [0.00033597108713460575, -0.9999961509721642, 0.002754117696312516, 0.08973530599774909], [-0.0003254178358483378, -0.0027542270364997066, -0.9999961541609366, -0.0016255937523488955], [0.0, 0.0, 0.0, 1.0]]}, "mean_rme": {"type": "float", "data": 0.0019096351855328836}, "max_rme": {"type": "float", "data": 0.007954085893440183}, "simu": {"type": "float", "data": 0.002}}, {"type": "dict", "image_number": {"type": "int", "data": 13}, "Hcamera2end": {"type": "ndarray", "data": [[0.9999970858356598, 0.0005236971952265532, 0.002356705631958834, -0.016188762990505142], [-0.0023558818152346656, -0.001568166354620315, 0.9999959953295596, 0.03173646901694806], [0.0005273908044716583, -0.9999986332968318, -0.0015669280160268695, 0.03348875660715024], [0.0, 0.0, 0.0, 1.0]]}, "Hobj2base": {"type": "ndarray", "data": [[0.9999998462403947, 0.00047874888118842814, 0.00027985477604288523, -0.7350191723214804], [0.0004778125049807106, -0.9999943197771599, 0.0033364814739018133, 0.08957434526788835], [0.0002814505231781308, -0.003336347242774167, -0.9999943947706302, -0.0014825638958498653], [0.0, 0.0, 0.0, 1.0]]}, "mean_rme": {"type": "float", "data": 0.0018883891994301131}, "max_rme": {"type": "float", "data": 0.008393284399053597}, "simu": {"type": "float", "data": 0.002}}, {"type": "dict", "image_number": {"type": "int", "data": 14}, "Hcamera2end": {"type": "ndarray", "data": [[0.9999992765382459, 0.0012028447455316713, -9.354301793794212e-06, -0.01578182973488007], [1.152725239659386e-05, -0.0018065153760293828, 0.999998368183328, 0.03183720720424925], [0.001202825884019539, -0.9999976448305838, -0.0018065279345795826, 0.03268701858451101], [0.0, 0.0, 0.0, 1.0]]}, "Hobj2base": {"type": "ndarray", "data": [[0.9999988608555577, 0.0011179095348908524, 0.0010141823597222053, -0.7339971800409025], [0.0011161988183729559, -0.999997956096319, 0.0016857945849417873, 0.08892572068929104], [0.0010160648526715207, -0.0016846606354267183, -0.9999980647635067, -0.0018557208282101087], [0.0, 0.0, 0.0, 1.0]]}, "mean_rme": {"type": "float", "data": 0.0019408709705932513}, "max_rme": {"type": "float", "data": 0.00850281176340345}, "simu": {"type": "float", "data": 0.002}}, {"type": "dict", "image_number": {"type": "int", "data": 15}, "Hcamera2end": {"type": "ndarray", "data": [[0.9999986725913653, 0.0012639339643236139, 0.00102824434901043, -0.015670779419640755], [-0.001026021377439122, -0.001758163900220655, 0.99999792806777, 0.031790283788567145], [0.001265739167633133, -0.9999976556625689, -0.0017568647431516204, 0.03331102690704408], [0.0, 0.0, 0.0, 1.0]]}, "Hobj2base": {"type": "ndarray", "data": [[0.9999989380080793, 0.0013351445614436675, 0.0005842702402135799, -0.7348473299391992], [0.0013337124538303356, -0.9999961223968572, 0.002444668145193765, 0.08936598185478616], [0.0005875319600240504, -0.002443886300480171, -0.9999968411079838, -0.0016020053820798334], [0.0, 0.0, 0.0, 1.0]]}, "mean_rme": {"type": "float", "data": 0.002020416293487224}, "max_rme": {"type": "float", "data": 0.008340390024165728}, "simu": {"type": "float", "data": 0.002}}, {"type": "dict", "image_number": {"type": "int", "data": 16}, "Hcamera2end": {"type": "ndarray", "data": [[0.999998286556007, 0.001796458237532533, 0.00044679173117080477, -0.014915819070515849], [-0.00044547614917372707, -0.0007326532956191123, 0.9999996323850068, 0.031826409719177634], [0.0017967849205618482, -0.9999981179767036, -0.000731851760960911, 0.032828988553524556], [0.0, 0.0, 0.0, 1.0]]}, "Hobj2base": {"type": "ndarray", "data": [[0.9999992006508499, 0.001229749352203872, -0.0002939629091445166, -0.7346885465559901], [0.001230419881505284, -0.9999966168384293, 0.0022918068440532756, 0.08981589749557173], [-0.0002911435666386483, -0.002292166709907259, -0.9999973306000358, -0.0015442282404651043], [0.0, 0.0, 0.0, 1.0]]}, "mean_rme": {"type": "float", "data": 0.0020520060152000976}, "max_rme": {"type": "float", "data": 0.00814476320049104}, "simu": {"type": "float", "data": 0.002}}, {"type": "dict", "image_number": {"type": "int", "data": 17}, "Hcamera2end": {"type": "ndarray", "data": [[0.9999978419977026, 0.0019396810250396257, 0.0007440681815912347, -0.014994633950416388], [-0.0007421768083316129, -0.0009756324901510904, 0.9999992486571326, 0.03161225782490523], [0.00194040550476697, -0.9999976428866048, -0.000974190798461505, 0.032710264274932815], [0.0, 0.0, 0.0, 1.0]]}, "Hobj2base": {"type": "ndarray", "data": [[0.9999982403866741, 0.0018059727860304509, -0.0005076276704753923, -0.7345430936801569], [0.0018070217483949116, -0.9999962174320771, 0.0020735944489714358, 0.0896824550959637], [-0.000503880895195143, -0.0020745080944876465, -0.9999977212575082, -0.0013051955996254939], [0.0, 0.0, 0.0, 1.0]]}, "mean_rme": {"type": "float", "data": 0.0020127522952542777}, "max_rme": {"type": "float", "data": 0.008524263531153792}, "simu": {"type": "float", "data": 0.002}}, {"type": "dict", "image_number": {"type": "int", "data": 18}, "Hcamera2end": {"type": "ndarray", "data": [[0.9999998613989541, 5.109471922103335e-05, 0.000524014696621653, -0.014634468088398465], [-0.000524034958549264, 0.0003973525003985179, 0.9999997837491528, 0.03122461333052957], [5.0886489621808985e-05, -0.9999999197501566, 0.0003973792207441207, 0.03287168946859045], [0.0, 0.0, 0.0, 1.0]]}, "Hobj2base": {"type": "ndarray", "data": [[0.9999997400118493, -0.00025206896145010403, -0.0006756015633810375, -0.7350834739252093], [-0.0002509658075024011, -0.9999986360857236, 0.0016324346407141908, 0.09001589399650298], [-0.0006760121280229399, -0.0016322646634086236, -0.9999984393586179, -0.001044442247229182], [0.0, 0.0, 0.0, 1.0]]}, "mean_rme": {"type": "float", "data": 0.002073041096627071}, "max_rme": {"type": "float", "data": 0.008641398819138724}, "simu": {"type": "float", "data": 0.002}}, {"type": "dict", "image_number": {"type": "int", "data": 19}, "Hcamera2end": {"type": "ndarray", "data": [[0.9999999698215657, 8.845449206420881e-05, 0.00022920006665884328, -0.014542096929491195], [-0.0002292406468100588, 0.0004590315527577271, 0.999999868369371, 0.0302886591740577], [8.83492703583978e-05, -0.9999998907329123, 0.0004590518162698176, 0.03286788972181945], [0.0, 0.0, 0.0, 1.0]]}, "Hobj2base": {"type": "ndarray", "data": [[0.9999996485785805, -9.383663063495262e-06, -0.0008383046358436211, -0.7350877837918158], [-8.225022961348589e-06, -0.9999990448437628, 0.0013821157371575732, 0.09046763449762447], [-0.0008383168044401118, -0.0013821083563776203, -0.9999986934998599, -0.0002434178864387033], [0.0, 0.0, 0.0, 1.0]]}, "mean_rme": {"type": "float", "data": 0.002031226621455623}, "max_rme": {"type": "float", "data": 0.008592246001203785}, "simu": {"type": "float", "data": 0.002}}, {"type": "dict", "image_number": {"type": "int", "data": 20}, "Hcamera2end": {"type": "ndarray", "data": [[0.9999997870443644, 0.000153097131801761, 0.0006344071988853848, -0.014783226894830089], [-0.0006345183580577104, 0.0007271165851810979, 0.9999995343438539, 0.030276871253138948], [0.00015263577251507288, -0.9999997239313316, 0.000727213573278207, 0.03271090001190162], [0.0, 0.0, 0.0, 1.0]]}, "Hobj2base": {"type": "ndarray", "data": [[0.9999996965021251, 0.00010170072053331481, -0.0007724329234275426, -0.7350741565974546], [0.00010292264216941103, -0.9999987432806172, 0.0015820379627751616, 0.09040769584615764], [-0.0007722710582953907, -0.0015821169834673795, -0.9999984502504307, -0.0002920175866622937], [0.0, 0.0, 0.0, 1.0]]}, "mean_rme": {"type": "float", "data": 0.0019812076807449535}, "max_rme": {"type": "float", "data": 0.008685056857792278}, "simu": {"type": "float", "data": 0.002}}, {"type": "dict", "image_number": {"type": "int", "data": 21}, "Hcamera2end": {"type": "ndarray", "data": [[0.999999155415914, -0.000868564922307286, 0.0009668311302308182, -0.014764385211412693], [-0.000965717751410117, 0.0012813663811129805, 0.9999987127438824, 0.03145590464625032], [-0.0008698026691482675, -0.9999988018468687, 0.0012805265103276176, 0.03252607477625676], [0.0, 0.0, 0.0, 1.0]]}, "Hobj2base": {"type": "ndarray", "data": [[0.9999994798838805, -0.0008475712882529566, -0.000567322553614327, -0.7348189742123155], [-0.0008465971700086901, -0.9999981708710597, 0.0017150882680936562, 0.09004746566981843], [-0.0005687751754810812, -0.0017146070823802297, -0.9999983683073457, -0.0014250686485961321], [0.0, 0.0, 0.0, 1.0]]}, "mean_rme": {"type": "float", "data": 0.002022731167474507}, "max_rme": {"type": "float", "data": 0.00880096535955388}, "simu": {"type": "float", "data": 0.002}}, {"type": "dict", "image_number": {"type": "int", "data": 22}, "Hcamera2end": {"type": "ndarray", "data": [[0.999999834277368, -7.362026644449455e-05, 0.0005709862457614534, -0.014935795607791253], [-0.0005708977351876814, 0.001196725707344859, 0.9999991209612924, 0.03120441079858671], [-7.430351564827376e-05, -0.9999992812135605, 0.0011966834793769587, 0.03295059426109344], [0.0, 0.0, 0.0, 1.0]]}, "Hobj2base": {"type": "ndarray", "data": [[0.9999997384682251, -1.6043194980003506e-05, -0.0007230533156527742, -0.7351527641300478], [-1.5313355287483455e-05, -0.9999994904586744, 0.0010093799543942487, 0.08950726141847921], [-0.0007230691409066467, -0.0010093686180370034, -0.9999992291727078, -0.0011054425465026557], [0.0, 0.0, 0.0, 1.0]]}, "mean_rme": {"type": "float", "data": 0.0020590872973307328}, "max_rme": {"type": "float", "data": 0.008853462336067708}, "simu": {"type": "float", "data": 0.002}}, {"type": "dict", "image_number": {"type": "int", "data": 23}, "Hcamera2end": {"type": "ndarray", "data": [[0.999999892244295, 0.0001223921454418567, 0.0004478075046407238, -0.014910408792003645], [-0.0004478788401657015, 0.0005834393578195707, 0.9999997295014935, 0.031170758776679023], [0.00012213084381202982, -0.9999998223093234, 0.000583494111802807, 0.03345300345890667], [0.0, 0.0, 0.0, 1.0]]}, "Hobj2base": {"type": "ndarray", "data": [[0.9999999386142069, 0.0002257594929378695, -0.0002679631203341036, -0.7353278822828331], [0.00022596838356265335, -0.9999996704439489, 0.0007797757903469706, 0.08945102160719563], [-0.0002677869902382018, -0.0007798362936729716, -0.9999996600726835, -0.0009872591360284458], [0.0, 0.0, 0.0, 1.0]]}, "mean_rme": {"type": "float", "data": 0.0020391725682572972}, "max_rme": {"type": "float", "data": 0.008715279385484581}, "simu": {"type": "float", "data": 0.002}}, {"type": "dict", "image_number": {"type": "int", "data": 24}, "Hcamera2end": {"type": "ndarray", "data": [[0.9999999667811623, 0.00012093914432326311, 0.00022762117108459122, -0.014744944891548808], [-0.00022764970180935392, 0.00023594839247798038, 0.9999999462519834, 0.031134470418449453], [0.00012088543097361253, -0.9999999648510393, 0.00023597591640023285, 0.033591911463651696], [0.0, 0.0, 0.0, 1.0]]}, "Hobj2base": {"type": "ndarray", "data": [[0.9999999758548505, 0.0002157210928287584, 4.188924287102617e-05, -0.735322065867063], [0.00021569741895719852, -0.9999998174983551, 0.0005643384442362532, 0.0894771437917646], [4.2010974932086375e-05, -0.0005643293952086476, -0.9999998398836929, -0.0011313949228235545], [0.0, 0.0, 0.0, 1.0]]}, "mean_rme": {"type": "float", "data": 0.0019954372495348976}, "max_rme": {"type": "float", "data": 0.008717705121195851}, "simu": {"type": "float", "data": 0.002}}, {"type": "dict", "image_number": {"type": "int", "data": 25}, "Hcamera2end": {"type": "ndarray", "data": [[0.9999999602944044, -0.00025009404422204673, -0.00012986207565618622, -0.014700633987534696], [0.00012988373873989173, 8.660545695904354e-05, 0.9999999878148546, 0.03134468425476089], [-0.00025008279441021057, -0.9999999649762313, 8.663793666985331e-05, 0.033573173173565736], [0.0, 0.0, 0.0, 1.0]]}, "Hobj2base": {"type": "ndarray", "data": [[0.9999999795105109, 2.0333466224039853e-05, 0.00020140885739707105, -0.7351268294980013], [2.0263483633844397e-05, -0.9999999394300327, 0.0003474612521560339, 0.0894471368017072], [0.00020141591028937806, -0.0003474571637916448, -0.9999999193525719, -0.0014228115784341154], [0.0, 0.0, 0.0, 1.0]]}, "mean_rme": {"type": "float", "data": 0.0020256456174744916}, "max_rme": {"type": "float", "data": 0.008611619657964364}, "simu": {"type": "float", "data": 0.002}}, {"type": "dict", "image_number": {"type": "int", "data": 26}, "Hcamera2end": {"type": "ndarray", "data": [[0.9999998738378805, -0.0004944034400506754, -8.882264125776248e-05, -0.01464656466261657], [8.87228450952445e-05, -0.0002018699476455943, 0.9999999756883903, 0.031299868250167916], [-0.0004944213586528723, -0.9999998574068713, -0.0002018260572973496, 0.03373675550637249], [0.0, 0.0, 0.0, 1.0]]}, "Hobj2base": {"type": "ndarray", "data": [[0.9999998258385271, -1.7812055227171362e-05, 0.0005899200337612567, -0.7351653165150407], [-1.8059112542184164e-05, -0.9999999121421805, 0.0004187952952950182, 0.08952289428064085], [0.0005899125223272402, -0.0004188058757892933, -0.9999997383023929, -0.0014138593883811523], [0.0, 0.0, 0.0, 1.0]]}, "mean_rme": {"type": "float", "data": 0.00198130609206234}, "max_rme": {"type": "float", "data": 0.0086288622882022}, "simu": {"type": "float", "data": 0.002}}, {"type": "dict", "image_number": {"type": "int", "data": 27}, "Hcamera2end": {"type": "ndarray", "data": [[0.9999993412998198, -0.001074760464031862, -0.00040285217075836327, -0.01435543995657485], [0.00040247353735238636, -0.0003524886458063925, 0.999999856883393, 0.031094833096908848], [-0.0010749023110319215, -0.9999993603206452, -0.0003520558509761962, 0.03354200817171481], [0.0, 0.0, 0.0, 1.0]]}, "Hobj2base": {"type": "ndarray", "data": [[0.9999992282248601, -0.0006338752616611858, 0.0010685278830841194, -0.7347886265356224], [-0.0006339689205169741, -0.9999997952296582, 8.731580585502926e-05, 0.08970186235991981], [0.0010684723169520158, -8.79931519354421e-05, -0.9999994253118918, -0.0013033513536660037], [0.0, 0.0, 0.0, 1.0]]}, "mean_rme": {"type": "float", "data": 0.0019591727601088738}, "max_rme": {"type": "float", "data": 0.008834035661969636}, "simu": {"type": "float", "data": 0.002}}, {"type": "dict", "image_number": {"type": "int", "data": 28}, "Hcamera2end": {"type": "ndarray", "data": [[0.9999983216963158, 0.0017147516314908187, -0.0006451599755653934, -0.014521635333921938], [0.0006474794546538255, -0.0013524510797726652, 0.9999988758225844, 0.029863342882072277], [0.0017138771565001817, -0.9999976152486161, -0.0013535590764002237, 0.033850953205765456], [0.0, 0.0, 0.0, 1.0]]}, "Hobj2base": {"type": "ndarray", "data": [[0.9999978820813943, 0.0020394159683728027, 0.00027679456985769263, -0.7352628435744185], [0.0020394766026917035, -0.9999978962950133, -0.0002189537281459725, 0.08957105490768973], [0.00027634744983406, 0.00021951778046877472, -0.9999999377220137, 7.567107138220706e-05], [0.0, 0.0, 0.0, 1.0]]}, "mean_rme": {"type": "float", "data": 0.0020355095432133103}, "max_rme": {"type": "float", "data": 0.008856823044687517}, "simu": {"type": "float", "data": 0.002}}, {"type": "dict", "image_number": {"type": "int", "data": 29}, "Hcamera2end": {"type": "ndarray", "data": [[0.9999988309056049, 0.0014727943651952735, -0.0004111741493696273, -0.014458986258324867], [0.0004134080139272765, -0.0015167693503461699, 0.9999987642515127, 0.029662246759087713], [0.0014721688888444458, -0.9999977651412508, -0.0015173764420930436, 0.03372982439134382], [0.0, 0.0, 0.0, 1.0]]}, "Hobj2base": {"type": "ndarray", "data": [[0.9999981487264299, 0.0018424423809872564, 0.0005549322353228344, -0.7349942034770164], [0.0018425522047256385, -0.9999982830042651, -0.00019745858848783511, 0.08973134956566332], [0.0005545674764346333, 0.00019848071455163649, -0.9999998265301449, 0.00034924067812984125], [0.0, 0.0, 0.0, 1.0]]}, "mean_rme": {"type": "float", "data": 0.0020511452286966756}, "max_rme": {"type": "float", "data": 0.009063653996812221}, "simu": {"type": "float", "data": 0.002}}, {"type": "dict", "image_number": {"type": "int", "data": 30}, "Hcamera2end": {"type": "ndarray", "data": [[0.9999981690901708, 0.0018922954443955984, -0.00028466516703468646, -0.014377779436396957], [0.0002875995036701862, -0.0015505845350261005, 0.9999987564862896, 0.029750622030525753], [0.0018918516938946045, -0.9999970074482978, -0.0015511259192761973, 0.033548750798358756], [0.0, 0.0, 0.0, 1.0]]}, "Hobj2base": {"type": "ndarray", "data": [[0.9999975169053001, 0.0021864215587717017, 0.0004309802794827536, -0.7349308712142972], [0.0021864495748001892, -0.9999976076332429, -6.454492401279382e-05, 0.08982344552364059], [0.00043083812600648927, 6.548708039045744e-05, -0.999999905044971, 0.00022383540443408808], [0.0, 0.0, 0.0, 1.0]]}, "mean_rme": {"type": "float", "data": 0.002059822266153218}, "max_rme": {"type": "float", "data": 0.009051341403138041}, "simu": {"type": "float", "data": 0.002}}]}