{"type": "list", "data": [{"type": "dict", "image_number": {"type": "int", "data": 5}, "Hcamera2end": {"type": "ndarray", "data": [[0.9992492069489651, -0.0016535034927736177, 0.038707729693997585, -0.017196688708474264], [-0.03869440789047436, 0.007445426771275465, 0.9992233526185221, 0.0291593834828948], [-0.0019404148705346735, -0.9999709153502381, 0.007375855457995906, 0.02694911775732947], [0.0, 0.0, 0.0, 1.0]]}, "Hobj2base": {"type": "ndarray", "data": [[0.9999941280752934, -0.0033386147135120946, -0.0007729597197495577, -0.7296124543862853], [-0.003306829079268244, -0.9992721423732842, 0.038003294043373936, 0.10443057123652122], [-0.0008992754717775288, -0.03800051484521434, -0.9992773149507219, -0.00374537779795594], [0.0, 0.0, 0.0, 1.0]]}, "mean_rme": {"type": "float", "data": 0.0020374024643134286}, "max_rme": {"type": "float", "data": 0.0054827738183115815}, "simu": {"type": "float", "data": 0.002}}, {"type": "dict", "image_number": {"type": "int", "data": 6}, "Hcamera2end": {"type": "ndarray", "data": [[0.9999985124173222, -0.0013794640325785615, 0.0010354912483951336, -0.019499757314101335], [-0.0010343507694590833, 0.0008272121502063134, 0.9999991229188876, 0.028895403329177696], [-0.001380319393618818, -0.9999987063986842, 0.0008257840699763541, 0.02651446241581528], [0.0, 0.0, 0.0, 1.0]]}, "Hobj2base": {"type": "ndarray", "data": [[0.9999905836888517, 0.0015755852307528506, 0.004043521337914126, -0.7262608485813272], [0.0015702604793833483, -0.999997896338729, 0.0013196969886363828, 0.08535682516347202], [0.004045592126799257, -0.0013133351802044465, -0.9999909541266092, 0.002257997700342018], [0.0, 0.0, 0.0, 1.0]]}, "mean_rme": {"type": "float", "data": 0.0017859028204488866}, "max_rme": {"type": "float", "data": 0.0052460327903488535}, "simu": {"type": "float", "data": 0.002}}, {"type": "dict", "image_number": {"type": "int", "data": 7}, "Hcamera2end": {"type": "ndarray", "data": [[0.9999912459900436, -0.001647778046809419, 0.003846137125558223, -0.016429217666220252], [-0.003826271547946381, 0.011894108310387175, 0.9999219418702353, 0.029122087710244764], [-0.0016933957958848078, -0.9999279049086535, 0.011887699342986724, 0.028094497858940175], [0.0, 0.0, 0.0, 1.0]]}, "Hobj2base": {"type": "ndarray", "data": [[0.9999852597701526, -0.003053520720572977, -0.004489571653220787, -0.7334373939798188], [-0.003032867988148392, -0.9999848217030267, 0.004599790792224324, 0.08995509048572674], [-0.00450354906566331, -0.004586106712103244, -0.9999793426221555, 0.0018968046062573438], [0.0, 0.0, 0.0, 1.0]]}, "mean_rme": {"type": "float", "data": 0.0020327739265044893}, "max_rme": {"type": "float", "data": 0.0054110830657386755}, "simu": {"type": "float", "data": 0.002}}, {"type": "dict", "image_number": {"type": "int", "data": 8}, "Hcamera2end": {"type": "ndarray", "data": [[0.9999901419003531, -0.0017956019478538275, 0.004061023978818074, -0.01585235544324314], [-0.004042142604124086, 0.010396821184595173, 0.9999377816606508, 0.02891800530523528], [-0.0018377119686166245, -0.9999443394123996, 0.010389460612562518, 0.028171245956055288], [0.0, 0.0, 0.0, 1.0]]}, "Hobj2base": {"type": "ndarray", "data": [[0.9999924673436292, -0.0025558445959599652, -0.0029211152668056424, -0.7325675550222054], [-0.0025484324562360886, -0.9999935311235788, 0.0025383465114399983, 0.09034045448186064], [-0.0029275839896859067, -0.0025308831259936437, -0.9999925119132573, 0.0013097579921037134], [0.0, 0.0, 0.0, 1.0]]}, "mean_rme": {"type": "float", "data": 0.001904361753790819}, "max_rme": {"type": "float", "data": 0.005717764714177842}, "simu": {"type": "float", "data": 0.002}}, {"type": "dict", "image_number": {"type": "int", "data": 9}, "Hcamera2end": {"type": "ndarray", "data": [[0.9999961913264207, -0.0005918876168695259, 0.0026957376915304762, -0.014414235653276042], [-0.002689580579413409, 0.010167894075044814, 0.9999446885135127, 0.028800927544825224], [-0.0006192648539871915, -0.9999481304543391, 0.010166263419415733, 0.02861300625947314], [0.0, 0.0, 0.0, 1.0]]}, "Hobj2base": {"type": "ndarray", "data": [[0.9999937613060528, -0.0009946281295307527, -0.0033894046464129877, -0.7333455105792116], [-0.000986353692903593, -0.9999965317107222, 0.0024420632504461425, 0.09057242151954564], [-0.003391821835780181, -0.0024387048633711895, -0.999991274093541, 0.0009183330394818556], [0.0, 0.0, 0.0, 1.0]]}, "mean_rme": {"type": "float", "data": 0.001889256433718219}, "max_rme": {"type": "float", "data": 0.005472518510262592}, "simu": {"type": "float", "data": 0.002}}, {"type": "dict", "image_number": {"type": "int", "data": 10}, "Hcamera2end": {"type": "ndarray", "data": [[0.9999925421294169, -0.0011513992207936574, 0.0036864570227612987, -0.014932791922221847], [-0.0036741414864272176, 0.010521123806303434, 0.9999379013909765, 0.028834621269558134], [-0.0011901133912467041, -0.9999439885482021, 0.010516814937479135, 0.027937244723741768], [0.0, 0.0, 0.0, 1.0]]}, "Hobj2base": {"type": "ndarray", "data": [[0.9999932340025478, -0.001427639895334642, -0.0033902497629118345, -0.732890891072197], [-0.0014139866340374609, -0.9999908951288028, 0.0040262018448037305, 0.09077801615630293], [-0.0033959668615047276, -0.004021380835681501, -0.9999861478566843, 0.0006879103683294863], [0.0, 0.0, 0.0, 1.0]]}, "mean_rme": {"type": "float", "data": 0.001884693602750559}, "max_rme": {"type": "float", "data": 0.005270368175257167}, "simu": {"type": "float", "data": 0.002}}, {"type": "dict", "image_number": {"type": "int", "data": 11}, "Hcamera2end": {"type": "ndarray", "data": [[0.9999939938821549, 0.001339820184748485, 0.003196416976746088, -0.014905238430799956], [-0.003213685599353547, 0.01309111229489579, 0.9999091433744123, 0.027636145146333693], [0.00129785379962371, -0.9999134100814706, 0.013095339428966124, 0.02665642148581664], [0.0, 0.0, 0.0, 1.0]]}, "Hobj2base": {"type": "ndarray", "data": [[0.9999711967896131, 7.993801519132138e-05, -0.007589413749604028, -0.7338017711533594], [0.00010728292533905484, -0.9999935045202057, 0.003602694515403518, 0.09116737582017623], [-0.007589076460471465, -0.003603404960744097, -0.9999647100728934, 0.0022534608955199816], [0.0, 0.0, 0.0, 1.0]]}, "mean_rme": {"type": "float", "data": 0.0021101855256980616}, "max_rme": {"type": "float", "data": 0.006649337972495839}, "simu": {"type": "float", "data": 0.002}}, {"type": "dict", "image_number": {"type": "int", "data": 12}, "Hcamera2end": {"type": "ndarray", "data": [[0.9999944974691449, 0.0011426665142170325, 0.003114377091731537, -0.01495812313839147], [-0.003130182045446004, 0.014100901875336858, 0.9998956778217738, 0.027699838220227025], [0.00109863178298398, -0.99989992443221, 0.014104401038895875, 0.02601438346879216], [0.0, 0.0, 0.0, 1.0]]}, "Hobj2base": {"type": "ndarray", "data": [[0.9999595510360793, -0.0008273222423593926, -0.008956105717890047, -0.7339359340966994], [-0.0007946926151089962, -0.9999930367152439, 0.003646228828867334, 0.09120551716777514], [-0.008959059960186479, -0.0036389639916148456, -0.999953245499857, 0.0023725275816547653], [0.0, 0.0, 0.0, 1.0]]}, "mean_rme": {"type": "float", "data": 0.002068043048998316}, "max_rme": {"type": "float", "data": 0.006338461450363736}, "simu": {"type": "float", "data": 0.002}}, {"type": "dict", "image_number": {"type": "int", "data": 13}, "Hcamera2end": {"type": "ndarray", "data": [[0.9999927918064476, 0.0009362421307837904, 0.003679644795268362, -0.014869486336665039], [-0.003691637859407235, 0.013147867020589454, 0.9999067483534272, 0.027736007702812447], [0.0008877753442123114, -0.9999131247480861, 0.013151228515114743, 0.026365315957355296], [0.0, 0.0, 0.0, 1.0]]}, "Hobj2base": {"type": "ndarray", "data": [[0.9999730631475808, -0.0005951735965805247, -0.007315650868810363, -0.7339059645846666], [-0.0005599133260547634, -0.9999882224286742, 0.0048209439954647855, 0.09151758819089048], [-0.0073184340067871554, -0.004816718003997648, -0.9999616191391338, 0.002131337544936265], [0.0, 0.0, 0.0, 1.0]]}, "mean_rme": {"type": "float", "data": 0.0020150120706637145}, "max_rme": {"type": "float", "data": 0.006282485102626051}, "simu": {"type": "float", "data": 0.002}}, {"type": "dict", "image_number": {"type": "int", "data": 14}, "Hcamera2end": {"type": "ndarray", "data": [[0.9999902158503106, 0.0018224584382032255, 0.004030738008155362, -0.015309481765011165], [-0.004051947522381756, 0.011787932317774641, 0.9999223101686187, 0.028498046662707954], [0.001774802784883645, -0.9999288591179437, 0.011795201488833618, 0.0269308507409681], [0.0, 0.0, 0.0, 1.0]]}, "Hobj2base": {"type": "ndarray", "data": [[0.9999781224515164, 0.0009599455173124196, -0.006544701898780952, -0.7341755111664442], [0.0009919905707512866, -0.9999875281292885, 0.004894848371842465, 0.09061434510132253], [-0.006539921486352551, -0.0049012335671318585, -0.9999666031105603, 0.0014744803103741869], [0.0, 0.0, 0.0, 1.0]]}, "mean_rme": {"type": "float", "data": 0.0019526383817401497}, "max_rme": {"type": "float", "data": 0.005950804443258961}, "simu": {"type": "float", "data": 0.002}}, {"type": "dict", "image_number": {"type": "int", "data": 15}, "Hcamera2end": {"type": "ndarray", "data": [[0.9999949743859604, 0.0010013125443716802, 0.003008085106993844, -0.014749863514883116], [-0.003019626672899827, 0.01173172048918314, 0.9999266216023656, 0.028922618988410576], [0.0009659490559787156, -0.9999306796511208, 0.011734685120150856, 0.02672940720859697], [0.0, 0.0, 0.0, 1.0]]}, "Hobj2base": {"type": "ndarray", "data": [[0.999979988478628, -4.038029012005312e-05, -0.0063262162241787085, -0.7339128272357781], [-1.1950284604757317e-05, -0.9999899019866354, 0.004493971734526529, 0.09099585087183604], [-0.006326333809845159, -0.0044938062032307685, -0.999969891149896, 0.0012042486049462305], [0.0, 0.0, 0.0, 1.0]]}, "mean_rme": {"type": "float", "data": 0.0020298608800763435}, "max_rme": {"type": "float", "data": 0.006019741241053367}, "simu": {"type": "float", "data": 0.002}}, {"type": "dict", "image_number": {"type": "int", "data": 16}, "Hcamera2end": {"type": "ndarray", "data": [[0.9999962784054034, 0.0014107584385384688, 0.0023351522372232476, -0.014412237891689286], [-0.0023515318328058065, 0.011722597923954359, 0.9999285229434915, 0.029117525775560208], [0.001383283550909647, -0.9999302927997238, 0.011725871740573823, 0.02711231636586487], [0.0, 0.0, 0.0, 1.0]]}, "Hobj2base": {"type": "ndarray", "data": [[0.9999792634707069, -2.0469348580101487e-05, -0.006439892047879086, -0.7342711914607095], [-4.794074568347365e-07, -0.9999951823742086, 0.0031040663884164526, 0.09105854387688869], [-0.006439924561105982, -0.0031039989335205926, -0.9999744459546296, 0.0009365563222497909], [0.0, 0.0, 0.0, 1.0]]}, "mean_rme": {"type": "float", "data": 0.0019682031535145027}, "max_rme": {"type": "float", "data": 0.006101822693503234}, "simu": {"type": "float", "data": 0.002}}, {"type": "dict", "image_number": {"type": "int", "data": 17}, "Hcamera2end": {"type": "ndarray", "data": [[0.9999907726467284, 0.0021295177839552194, 0.0037309215224716973, -0.015065840470442772], [-0.003756649492503975, 0.012208245206590584, 0.9999184198391216, 0.029034309458613634], [0.002083796052758931, -0.999923209003063, 0.012216132408701674, 0.026952916482674855], [0.0, 0.0, 0.0, 1.0]]}, "Hobj2base": {"type": "ndarray", "data": [[0.9999730892635545, 0.0006282779551950163, -0.007309310194143134, -0.7343400111984497], [0.0006603491754582884, -0.9999901628255832, 0.004386136230223996, 0.09101576724192574], [-0.0073064825784819555, -0.004390844893027762, -0.9999636672366932, 0.0010883461429268026], [0.0, 0.0, 0.0, 1.0]]}, "mean_rme": {"type": "float", "data": 0.001917214104132534}, "max_rme": {"type": "float", "data": 0.006008649718852871}, "simu": {"type": "float", "data": 0.002}}, {"type": "dict", "image_number": {"type": "int", "data": 18}, "Hcamera2end": {"type": "ndarray", "data": [[0.999990909517298, 0.0020500440485410804, 0.003738743394013743, -0.015147616202518121], [-0.003763239701383827, 0.012078424967601031, 0.9999199716363567, 0.029222649508298035], [0.002004721855312769, -0.9999249516687247, 0.012086029976040802, 0.026757467224185972], [0.0, 0.0, 0.0, 1.0]]}, "Hobj2base": {"type": "ndarray", "data": [[0.999975714690407, 0.00034198569450065176, -0.006960824318595098, -0.7340872624795024], [0.00037492848992842293, -0.9999887344715752, 0.004731845154444042, 0.09109894969712307], [-0.0069591276778794625, -0.004734340051469949, -0.9999645776557491, 0.0008427949338139537], [0.0, 0.0, 0.0, 1.0]]}, "mean_rme": {"type": "float", "data": 0.001912405038536357}, "max_rme": {"type": "float", "data": 0.006109168983529867}, "simu": {"type": "float", "data": 0.002}}, {"type": "dict", "image_number": {"type": "int", "data": 19}, "Hcamera2end": {"type": "ndarray", "data": [[0.9999912431449746, 0.002165242988213056, 0.00358125064334318, -0.015210181528711734], [-0.0036070921238658127, 0.012050955778007078, 0.999920878545521, 0.029238654703704233], [0.00212191417790564, -0.9999250402843399, 0.012058660480463446, 0.026776705382247135], [0.0, 0.0, 0.0, 1.0]]}, "Hobj2base": {"type": "ndarray", "data": [[0.9999720097824085, 0.00032164141416593517, -0.007475038363197257, -0.734188938642599], [0.000353373072888839, -0.9999909314016062, 0.004244083177781216, 0.09097060994111199], [-0.007473605502161222, -0.004246605862245959, -0.9999630550972616, 0.0008643359923510402], [0.0, 0.0, 0.0, 1.0]]}, "mean_rme": {"type": "float", "data": 0.0018590094171165707}, "max_rme": {"type": "float", "data": 0.006224031793875873}, "simu": {"type": "float", "data": 0.002}}, {"type": "dict", "image_number": {"type": "int", "data": 20}, "Hcamera2end": {"type": "ndarray", "data": [[0.9999954118538362, 0.0004283233229337314, 0.0029988014951703415, -0.01549073083460183], [-0.0030028891765674394, 0.009884909249742058, 0.999946634188904, 0.029110315209388074], [0.0003986575844744417, -0.9999510513561428, 0.009886150103804114, 0.02753799675478856], [0.0, 0.0, 0.0, 1.0]]}, "Hobj2base": {"type": "ndarray", "data": [[0.9999848573651074, -0.0008673232918318832, -0.0054344080444072886, -0.7339483766466819], [-0.0008517822072256649, -0.9999955433647543, 0.002861418826589863, 0.09061269437937698], [-0.005436865600428846, -0.002856746565090267, -0.9999811395678948, 0.0006990497139265778], [0.0, 0.0, 0.0, 1.0]]}, "mean_rme": {"type": "float", "data": 0.0019035392211370272}, "max_rme": {"type": "float", "data": 0.006509275704180861}, "simu": {"type": "float", "data": 0.002}}, {"type": "dict", "image_number": {"type": "int", "data": 21}, "Hcamera2end": {"type": "ndarray", "data": [[0.9999957268968636, 0.0014077626249533032, 0.0025621070245510423, -0.015473915511786937], [-0.0025743762968951575, 0.008783871184742886, 0.9999581072193432, 0.028936981660861824], [0.0013851984317972588, -0.999960430122813, 0.008787457761088802, 0.028468776196393028], [0.0, 0.0, 0.0, 1.0]]}, "Hobj2base": {"type": "ndarray", "data": [[0.9999886286036894, 0.00016909813655142383, -0.0047659279403620075, -0.7341579709155005], [0.00018169305782967353, -0.9999964923707851, 0.0026423916739054896, 0.09016217695745626], [-0.004765464399745833, -0.002643227562243438, -0.9999851517383187, 0.0009579077924112357], [0.0, 0.0, 0.0, 1.0]]}, "mean_rme": {"type": "float", "data": 0.002011958229657432}, "max_rme": {"type": "float", "data": 0.006265561619356097}, "simu": {"type": "float", "data": 0.002}}, {"type": "dict", "image_number": {"type": "int", "data": 22}, "Hcamera2end": {"type": "ndarray", "data": [[0.999996058783659, 0.0009550439665487078, 0.0026401341198344914, -0.015389154890898201], [-0.0026475019224655293, 0.007797423537265535, 0.9999660948850972, 0.028888860772449308], [0.0009344253417457492, -0.9999691435625415, 0.007799921286669953, 0.029075185477721845], [0.0, 0.0, 0.0, 1.0]]}, "Hobj2base": {"type": "ndarray", "data": [[0.9999919143166066, -0.00020509038517560273, -0.004016122426214274, -0.7342463912694867], [-0.0001942365675760945, -0.9999963286599829, 0.0027027650122187024, 0.09031904551772912], [-0.004016661992780692, -0.002701963080681494, -0.9999882828423272, 0.0010075634210781185], [0.0, 0.0, 0.0, 1.0]]}, "mean_rme": {"type": "float", "data": 0.002014905159109255}, "max_rme": {"type": "float", "data": 0.006355737103603598}, "simu": {"type": "float", "data": 0.002}}, {"type": "dict", "image_number": {"type": "int", "data": 23}, "Hcamera2end": {"type": "ndarray", "data": [[0.9999962024471651, 0.0002389096551323525, 0.0027455442857382177, -0.01568094380942063], [-0.0027474124777004064, 0.008206324450128255, 0.9999625532807201, 0.029020658033741393], [0.00021636988154859942, -0.9999662990127198, 0.00820694966954516, 0.02885108077006234], [0.0, 0.0, 0.0, 1.0]]}, "Hobj2base": {"type": "ndarray", "data": [[0.9999922458882139, -0.0009774532981609008, -0.0038148064820957167, -0.7339230696127604], [-0.0009661594944269178, -0.9999951487880365, 0.002961238967845629, 0.09033081189096794], [-0.0038176824484566344, -0.002957530294565569, -0.9999883390896516, 0.001040711448520608], [0.0, 0.0, 0.0, 1.0]]}, "mean_rme": {"type": "float", "data": 0.00207850061310451}, "max_rme": {"type": "float", "data": 0.006499893116206135}, "simu": {"type": "float", "data": 0.002}}, {"type": "dict", "image_number": {"type": "int", "data": 24}, "Hcamera2end": {"type": "ndarray", "data": [[0.9999969935096289, -9.920920805850169e-05, 0.002450128412216971, -0.015276582871413502], [-0.002449189352841427, 0.008560637747093036, 0.9999603576906821, 0.02910648929705018], [-0.00012017993694723853, -0.9999633521479154, 0.008560369027482029, 0.028705213700672465], [0.0, 0.0, 0.0, 1.0]]}, "Hobj2base": {"type": "ndarray", "data": [[0.9999905651717315, -0.001553015803815119, -0.004056810253658688, -0.7339706207895426], [-0.0015406985419212163, -0.9999941997325412, 0.0030375564649383767, 0.09066317690238163], [-0.004061504096269216, -0.003031277484472111, -0.9999871576881818, 0.0010205300498565505], [0.0, 0.0, 0.0, 1.0]]}, "mean_rme": {"type": "float", "data": 0.0020794403192902254}, "max_rme": {"type": "float", "data": 0.006467492723326085}, "simu": {"type": "float", "data": 0.002}}, {"type": "dict", "image_number": {"type": "int", "data": 25}, "Hcamera2end": {"type": "ndarray", "data": [[0.9999958199242601, -0.00034936748560469746, 0.0028702049346082167, -0.015104422652741463], [-0.002867126625390258, 0.008513871023607567, 0.9999596459783303, 0.029097652210130734], [-0.00037378994184618917, -0.9999636953122616, 0.008512833754161786, 0.02900307523899071], [0.0, 0.0, 0.0, 1.0]]}, "Hobj2base": {"type": "ndarray", "data": [[0.9999895418520018, -0.0018404323143059863, -0.004186764325818247, -0.7343090963596026], [-0.0018260898488485172, -0.9999924607945778, 0.0034269155036040725, 0.09104904985819826], [-0.004193039766973169, -0.0034192342565796605, -0.9999853635201925, 0.0010887206157232066], [0.0, 0.0, 0.0, 1.0]]}, "mean_rme": {"type": "float", "data": 0.0021068302170786342}, "max_rme": {"type": "float", "data": 0.006403781804688674}, "simu": {"type": "float", "data": 0.002}}, {"type": "dict", "image_number": {"type": "int", "data": 26}, "Hcamera2end": {"type": "ndarray", "data": [[0.9999964804849897, -0.00042457840326377296, 0.0026189216890211376, -0.015284638823913425], [-0.0026151439037983013, 0.00866666026139673, 0.9999590241716286, 0.029470790748897656], [-0.00044725831034194015, -0.9999623536579229, 0.00866551942533289, 0.029379075201150618], [0.0, 0.0, 0.0, 1.0]]}, "Hobj2base": {"type": "ndarray", "data": [[0.9999868329196875, -0.002193961774982039, -0.0046390213389103, -0.7348257025446052], [-0.002179111265948234, -0.9999924933788276, 0.003203850821353107, 0.09103328087475197], [-0.004646015641769293, -0.0031936996923294394, -0.9999841072841762, 0.0007787056965355635], [0.0, 0.0, 0.0, 1.0]]}, "mean_rme": {"type": "float", "data": 0.002212150902215874}, "max_rme": {"type": "float", "data": 0.006779192842555459}, "simu": {"type": "float", "data": 0.002}}, {"type": "dict", "image_number": {"type": "int", "data": 27}, "Hcamera2end": {"type": "ndarray", "data": [[0.9999972611940906, 1.967092742347033e-05, 0.002340345566852791, -0.014946081666836033], [-0.0023404278941484245, 0.008943561724619964, 0.999957266637405, 0.029444796850871386], [-1.2609382154923823e-06, -0.9999600053585807, 0.008943583268327449, 0.029198595755188884], [0.0, 0.0, 0.0, 1.0]]}, "Hobj2base": {"type": "ndarray", "data": [[0.9999848428030662, -0.0021281290645778243, -0.00507791599098353, -0.7346879327053729], [-0.002113314717086076, -0.9999935008342902, 0.002920991285005936, 0.09114593082254036], [-0.005084099235217044, -0.0029102157763699153, -0.9999828411423377, 0.0008712520483308428], [0.0, 0.0, 0.0, 1.0]]}, "mean_rme": {"type": "float", "data": 0.0021907297295730467}, "max_rme": {"type": "float", "data": 0.006779419445108417}, "simu": {"type": "float", "data": 0.002}}, {"type": "dict", "image_number": {"type": "int", "data": 28}, "Hcamera2end": {"type": "ndarray", "data": [[0.9999975764820466, 2.829854832581656e-06, 0.002201595336404193, -0.0148676632680467], [-0.0022015430216507145, 0.008297878665934788, 0.9999631485299691, 0.029498292210016305], [-1.543882042469866e-05, -0.9999655720081753, 0.008297864785924092, 0.02950077232246175], [0.0, 0.0, 0.0, 1.0]]}, "Hobj2base": {"type": "ndarray", "data": [[0.9999876359034804, -0.0018926991341487811, -0.00459844866839114, -0.7346873964600397], [-0.0018799914641510717, -0.9999944068093551, 0.0027662216290407398, 0.09115125691122959], [-0.004603658573673216, -0.0027575423829646114, -0.9999856010402066, 0.0007916994347103559], [0.0, 0.0, 0.0, 1.0]]}, "mean_rme": {"type": "float", "data": 0.002163397841022947}, "max_rme": {"type": "float", "data": 0.006715534425980052}, "simu": {"type": "float", "data": 0.002}}, {"type": "dict", "image_number": {"type": "int", "data": 29}, "Hcamera2end": {"type": "ndarray", "data": [[0.9999949431042991, -0.0007306931361048725, 0.0030951338210684883, -0.01520955493451953], [-0.0030895218282627306, 0.007560468899580508, 0.9999666465262186, 0.029281962683049598], [-0.0007540694279447437, -0.9999711522826843, 0.007558173174684102, 0.029453133002419314], [0.0, 0.0, 0.0, 1.0]]}, "Hobj2base": {"type": "ndarray", "data": [[0.9999910442999601, -0.0020577841842743033, -0.00369822175188631, -0.7341947770464283], [-0.0020465853897933548, -0.9999933171075011, 0.0030293940944999117, 0.0912291673399298], [-0.0037044308763234998, -0.0030217982375494723, -0.9999885728983582, 0.000881088162350167], [0.0, 0.0, 0.0, 1.0]]}, "mean_rme": {"type": "float", "data": 0.0021523707553880627}, "max_rme": {"type": "float", "data": 0.007117614922538179}, "simu": {"type": "float", "data": 0.002}}, {"type": "dict", "image_number": {"type": "int", "data": 30}, "Hcamera2end": {"type": "ndarray", "data": [[0.9999956937755421, -0.000408230466850186, 0.002906162118355159, -0.015176538583984881], [-0.002903178624464768, 0.007128120459965692, 0.9999703802876277, 0.0293754253550479], [-0.0004289338488370014, -0.9999745112984603, 0.00712690459871379, 0.029661030689259345], [0.0, 0.0, 0.0, 1.0]]}, "Hobj2base": {"type": "ndarray", "data": [[0.9999915863500091, -0.001492401063509581, -0.003820990481283995, -0.7343200305367897], [-0.001481289315914047, -0.9999946709777467, 0.0029092607430833443, 0.09113091563997539], [-0.003825311902967694, -0.0029035762732055846, -0.9999884680503426, 0.0008070660437496898], [0.0, 0.0, 0.0, 1.0]]}, "mean_rme": {"type": "float", "data": 0.0021442151526904073}, "max_rme": {"type": "float", "data": 0.007043689863892658}, "simu": {"type": "float", "data": 0.002}}]}