{"type": "list", "data": [{"type": "dict", "image_number": {"type": "int", "data": 5}, "Hcamera2end": {"type": "ndarray", "data": [[0.9994000689397328, -0.0015870173562916312, 0.034597450472082646, -0.017941328585821335], [-0.03463370878081935, -0.048441661431808614, 0.998225381190947, 0.03624552488985942], [9.175697673153432e-05, -0.9988247528038323, -0.048467564071452696, 0.03750534386332128], [0.0, 0.0, 0.0, 1.0]]}, "Hobj2base": {"type": "ndarray", "data": [[0.9988541797748778, 0.022614422126889702, 0.04217719120713205, -0.7147097660254617], [0.021102563036061096, -0.9991306685619656, 0.03595259340059939, 0.09539633188325583], [0.04295357237256528, -0.03502135135580288, -0.9984630667028445, -0.019195423611248617], [0.0, 0.0, 0.0, 1.0]]}, "mean_rme": {"type": "float", "data": 0.0026454406012275124}, "max_rme": {"type": "float", "data": 0.007793583048531616}, "simu": {"type": "float", "data": 0.002}}, {"type": "dict", "image_number": {"type": "int", "data": 6}, "Hcamera2end": {"type": "ndarray", "data": [[0.9999822406633294, -2.3849851614399925e-05, 0.005959680287714026, -0.019992660935131336], [-0.005959726926565945, -0.003398928330780704, 0.9999764641936145, 0.036898865686757036], [-3.5927641166039366e-06, -0.9999942233420086, -0.0033990101066712075, 0.04099114755344594], [0.0, 0.0, 0.0, 1.0]]}, "Hobj2base": {"type": "ndarray", "data": [[0.9999802260978133, 0.0009852766605057555, 0.006211009842874022, -0.7399830700308678], [0.0009520143983500826, -0.9999852030641376, 0.005356054645104257, 0.0848341558238163], [0.00621619513459395, -0.005350035764204888, -0.9999663674521113, -0.005014548973929204], [0.0, 0.0, 0.0, 1.0]]}, "mean_rme": {"type": "float", "data": 0.0027929594335585413}, "max_rme": {"type": "float", "data": 0.007166256058469933}, "simu": {"type": "float", "data": 0.002}}, {"type": "dict", "image_number": {"type": "int", "data": 7}, "Hcamera2end": {"type": "ndarray", "data": [[0.9999721634989582, -1.4437970182077861e-06, 0.007461382253187742, -0.02035922557529356], [-0.007461329014491688, -0.00397606851401866, 0.9999642590855482, 0.0366874986685822], [2.8223221632376044e-05, -0.9999920954073023, -0.003975968606827918, 0.04100727184584976], [0.0, 0.0, 0.0, 1.0]]}, "Hobj2base": {"type": "ndarray", "data": [[0.9999825933774846, 0.0012128932980350839, 0.005774238641404886, -0.739631989923372], [0.0011680294224760497, -0.9999691565394218, 0.007766703104037793, 0.084965296950579], [0.005783480726045694, -0.007759823431343112, -0.9999531671488453, -0.005188538436438041], [0.0, 0.0, 0.0, 1.0]]}, "mean_rme": {"type": "float", "data": 0.0025467626809602007}, "max_rme": {"type": "float", "data": 0.007093211723443293}, "simu": {"type": "float", "data": 0.002}}, {"type": "dict", "image_number": {"type": "int", "data": 8}, "Hcamera2end": {"type": "ndarray", "data": [[0.9999192474262981, 0.0013707771334471605, 0.012634064922897204, -0.021186406705552555], [-0.012621767492966531, -0.008636719495152878, 0.9998830421912933, 0.03663886735673272], [0.0014797336851800182, -0.9999617632921834, -0.008618720427562065, 0.04134552248882316], [0.0, 0.0, 0.0, 1.0]]}, "Hobj2base": {"type": "ndarray", "data": [[0.9999535927504166, 0.005128137857994117, 0.008155645139613178, -0.7374648026926416], [0.005023832717631912, -0.9999059827939143, 0.012758788255971706, 0.08494985534425388], [0.008220307193720907, -0.012717223558814945, -0.9998853428141625, -0.006300979532239716], [0.0, 0.0, 0.0, 1.0]]}, "mean_rme": {"type": "float", "data": 0.0026703583112243925}, "max_rme": {"type": "float", "data": 0.007511388079566417}, "simu": {"type": "float", "data": 0.002}}, {"type": "dict", "image_number": {"type": "int", "data": 9}, "Hcamera2end": {"type": "ndarray", "data": [[0.9999547160699677, 0.001306728867346835, 0.009426466416301547, -0.020813685785933567], [-0.009418526588064156, -0.005954634774116396, 0.9999379149135293, 0.0368866091279811], [0.0013627789036916626, -0.999981417219527, -0.005942057664271472, 0.03931638251917872], [0.0, 0.0, 0.0, 1.0]]}, "Hobj2base": {"type": "ndarray", "data": [[0.9999834676789182, 0.0028282181939514035, 0.005006550778060409, -0.7368741443398004], [0.0027780113523464263, -0.9999460704664733, 0.010006938172336152, 0.08405522802854865], [0.005034582581717119, -0.009992864479523692, -0.9999373958592217, -0.005131866753445735], [0.0, 0.0, 0.0, 1.0]]}, "mean_rme": {"type": "float", "data": 0.00266496288147641}, "max_rme": {"type": "float", "data": 0.007471760989890691}, "simu": {"type": "float", "data": 0.002}}, {"type": "dict", "image_number": {"type": "int", "data": 10}, "Hcamera2end": {"type": "ndarray", "data": [[0.9999470655239041, 0.0010594364847574967, 0.010234439137923141, -0.021378531692931368], [-0.010228185277144447, -0.005749079313225991, 0.9999311637872812, 0.03685544983795671], [0.001118202159492574, -0.9999829126947044, -0.005737938876068993, 0.03873541200174216], [0.0, 0.0, 0.0, 1.0]]}, "Hobj2base": {"type": "ndarray", "data": [[0.9999859300710816, 0.0021095526792482833, 0.00486718063845216, -0.73674401903764], [0.002055885824745406, -0.9999373291246287, 0.011005051411915497, 0.08463032434505027], [0.0048900913436722305, -0.010994890203943317, -0.9999275970769348, -0.005398649458527127], [0.0, 0.0, 0.0, 1.0]]}, "mean_rme": {"type": "float", "data": 0.002749324500210514}, "max_rme": {"type": "float", "data": 0.007095708768925679}, "simu": {"type": "float", "data": 0.002}}, {"type": "dict", "image_number": {"type": "int", "data": 11}, "Hcamera2end": {"type": "ndarray", "data": [[0.9999110560320105, -0.000275784265375314, 0.013334315430067481, -0.02287227083961628], [-0.013335889127089603, -0.006834170091417402, 0.9998877177865283, 0.03682312532324852], [-0.00018462432000586424, -0.9999766087575254, -0.006837240061597694, 0.03823679991701481], [0.0, 0.0, 0.0, 1.0]]}, "Hobj2base": {"type": "ndarray", "data": [[0.9999886264528071, 0.0006083318619641403, 0.0047304225365124315, -0.7355985312297414], [0.0005455769926395645, -0.9999119835886137, 0.013256221996832197, 0.0847099832630605], [0.004738070363906369, -0.013253490416864333, -0.9999009429343473, -0.005560841114861795], [0.0, 0.0, 0.0, 1.0]]}, "mean_rme": {"type": "float", "data": 0.0027102688174490213}, "max_rme": {"type": "float", "data": 0.007726271206346613}, "simu": {"type": "float", "data": 0.002}}, {"type": "dict", "image_number": {"type": "int", "data": 12}, "Hcamera2end": {"type": "ndarray", "data": [[0.9999447688473707, 0.0010783297780765618, 0.010454494711271686, -0.021886366263674618], [-0.010444900502707365, -0.008549086357877433, 0.9999089044387665, 0.03663277354044637], [0.0011676079251348682, -0.9999628744745154, -0.008537351134742854, 0.038069241637901124], [0.0, 0.0, 0.0, 1.0]]}, "Hobj2base": {"type": "ndarray", "data": [[0.9999730889635104, 0.0029811366767198747, 0.0067032956737721975, -0.7347084680931976], [0.002906661201204056, -0.9999342494401362, 0.011092705587622891, 0.08448266957509082], [0.00673592379980003, -0.011072922861962901, -0.9999160053273759, -0.006052025307993143], [0.0, 0.0, 0.0, 1.0]]}, "mean_rme": {"type": "float", "data": 0.0027854641641335627}, "max_rme": {"type": "float", "data": 0.0072094079740934736}, "simu": {"type": "float", "data": 0.002}}, {"type": "dict", "image_number": {"type": "int", "data": 13}, "Hcamera2end": {"type": "ndarray", "data": [[0.9999414824668695, 0.0005211648012358166, 0.010805555478978334, -0.020770312465730714], [-0.010801776706825292, -0.006777624557288808, 0.9999186894069619, 0.03697024677237841], [0.0005943584231862271, -0.9999768958294039, -0.006771598441608795, 0.03721271221290406], [0.0, 0.0, 0.0, 1.0]]}, "Hobj2base": {"type": "ndarray", "data": [[0.9999808283921154, 0.00206896168087638, 0.005836286985889244, -0.7352495802558893], [0.002009743890459894, -0.999946628388074, 0.010134165225490429, 0.08562590329501811], [0.005856942693364355, -0.010122241495135628, -0.9999316158865068, -0.0066838824481479115], [0.0, 0.0, 0.0, 1.0]]}, "mean_rme": {"type": "float", "data": 0.002752070995735198}, "max_rme": {"type": "float", "data": 0.007859059199567864}, "simu": {"type": "float", "data": 0.002}}, {"type": "dict", "image_number": {"type": "int", "data": 14}, "Hcamera2end": {"type": "ndarray", "data": [[0.9999377879463768, -0.00043690253502320746, 0.011145822225469884, -0.020304693097169726], [-0.01114844057212107, -0.0065358309489980115, 0.9999164941066908, 0.03679620494159575], [-0.0003640188412334759, -0.9999785457848488, -0.006540295123480089, 0.03765843441526186], [0.0, 0.0, 0.0, 1.0]]}, "Hobj2base": {"type": "ndarray", "data": [[0.999983893607482, 0.0007552609374213792, 0.005625131690594371, -0.7354475249618124], [0.0006940029279073414, -0.9999405260338212, 0.01088405968104296, 0.08661821415667949], [0.00563301744682011, -0.010879980520242409, -0.999924944752516, -0.0069025261575278996], [0.0, 0.0, 0.0, 1.0]]}, "mean_rme": {"type": "float", "data": 0.0027712050109872915}, "max_rme": {"type": "float", "data": 0.007955826694391266}, "simu": {"type": "float", "data": 0.002}}, {"type": "dict", "image_number": {"type": "int", "data": 15}, "Hcamera2end": {"type": "ndarray", "data": [[0.999954371560474, -0.0006990838980917282, 0.009527123322447598, -0.019619570636650454], [-0.009530382455280744, -0.004817002504395651, 0.9999429825230682, 0.0317083188053561], [-0.0006531518611877802, -0.9999881538141221, -0.004823445249005243, 0.036888317692821436], [0.0, 0.0, 0.0, 1.0]]}, "Hobj2base": {"type": "ndarray", "data": [[0.9999890894226556, -0.0005547025381803378, 0.0046382475938772155, -0.7353879835903627], [-0.000597388077374756, -0.9999574396395949, 0.009206630051812745, 0.08949321923844879], [0.004632943247330144, -0.009209300435975978, -0.9999468608992916, -0.0025874921241216633], [0.0, 0.0, 0.0, 1.0]]}, "mean_rme": {"type": "float", "data": 0.0027404414766534968}, "max_rme": {"type": "float", "data": 0.007934104717973511}, "simu": {"type": "float", "data": 0.002}}, {"type": "dict", "image_number": {"type": "int", "data": 16}, "Hcamera2end": {"type": "ndarray", "data": [[0.9999678070374106, -0.00022200886195019448, 0.008020947628380015, -0.0188093757313128], [-0.008021826469966138, -0.004290351941628412, 0.9999586207340295, 0.03169001697458387], [-0.00018758698715532797, -0.9999907717535609, -0.004291994739054283, 0.03594896208041627], [0.0, 0.0, 0.0, 1.0]]}, "Hobj2base": {"type": "ndarray", "data": [[0.9999927203114594, -0.0003336883766376978, 0.0038010493491539444, -0.7350067271332225], [-0.00036202877242305095, -0.9999721254815321, 0.007457693686027469, 0.08901192603828151], [0.0037984548510341127, -0.007459015485569997, -0.9999649668007027, -0.002211888167453546], [0.0, 0.0, 0.0, 1.0]]}, "mean_rme": {"type": "float", "data": 0.002935666503186859}, "max_rme": {"type": "float", "data": 0.008021183313281222}, "simu": {"type": "float", "data": 0.002}}, {"type": "dict", "image_number": {"type": "int", "data": 17}, "Hcamera2end": {"type": "ndarray", "data": [[0.9999608662003134, -0.0009624218750063527, 0.0087943056606739, -0.019339230355426923], [-0.00879726015977457, -0.0031099341223717047, 0.9999564673141703, 0.0318964155108039], [-0.0009350302669405364, -0.9999947010129047, -0.0031182790944503935, 0.03481610288693616], [0.0, 0.0, 0.0, 1.0]]}, "Hobj2base": {"type": "ndarray", "data": [[0.9999933516221966, -0.0012714255594551444, 0.003417629068891782, -0.7344128397722365], [-0.0012970208244321832, -0.9999710526959318, 0.007497433372181954, 0.0893375331556823], [0.00340799770932423, -0.007501816262484878, -0.9999660535760084, -0.002190395971162045], [0.0, 0.0, 0.0, 1.0]]}, "mean_rme": {"type": "float", "data": 0.0028841325137814408}, "max_rme": {"type": "float", "data": 0.008227542446390401}, "simu": {"type": "float", "data": 0.002}}, {"type": "dict", "image_number": {"type": "int", "data": 18}, "Hcamera2end": {"type": "ndarray", "data": [[0.999967818759414, -0.001560054650624735, 0.007869413893471771, -0.018953606277491427], [-0.007872905308272934, -0.0022446441929167005, 0.9999664889057306, 0.031785457340895176], [-0.0015423383372886353, -0.9999962638939882, -0.002256854120021856, 0.03450644343273064], [0.0, 0.0, 0.0, 1.0]]}, "Hobj2base": {"type": "ndarray", "data": [[0.9999933201181667, -0.0013333291231173326, 0.0034032267769287168, -0.7342878204536545], [-0.001358213916335956, -0.9999722837733722, 0.007320310104278662, 0.08926511014403155], [0.0033933720696718186, -0.0073248835154410535, -0.9999674150228501, -0.0022583790164389015], [0.0, 0.0, 0.0, 1.0]]}, "mean_rme": {"type": "float", "data": 0.0028867846126129464}, "max_rme": {"type": "float", "data": 0.008059705764846492}, "simu": {"type": "float", "data": 0.002}}, {"type": "dict", "image_number": {"type": "int", "data": 19}, "Hcamera2end": {"type": "ndarray", "data": [[0.9999681368120804, -0.0005001175561011239, 0.007967135181886648, -0.01911835299181481], [-0.007968138634559085, -0.002037575300654515, 0.999966177954832, 0.03181879065019444], [-0.0004838670032389649, -0.9999977990822401, -0.002041495383030334, 0.03447954149364435], [0.0, 0.0, 0.0, 1.0]]}, "Hobj2base": {"type": "ndarray", "data": [[0.9999946891554959, -0.000677698478278889, 0.00318784967893403, -0.7342231469888462], [-0.0007024317271963041, -0.9999696138469596, 0.007763889001720336, 0.08917770169133026], [0.0031824912366838244, -0.0077660870156691176, -0.9999647792007444, -0.0022589879459716244], [0.0, 0.0, 0.0, 1.0]]}, "mean_rme": {"type": "float", "data": 0.0028801622876772452}, "max_rme": {"type": "float", "data": 0.008058275298615525}, "simu": {"type": "float", "data": 0.002}}, {"type": "dict", "image_number": {"type": "int", "data": 20}, "Hcamera2end": {"type": "ndarray", "data": [[0.9999810704565232, -4.292310527967283e-05, 0.0061527949935821875, -0.018313883532796126], [-0.0061528383277237066, -0.001095476502852133, 0.999980471065183, 0.03201890237868642], [-3.6182024694813957e-05, -0.9999993990442391, -0.0010957198649093058, 0.034489876998076915], [0.0, 0.0, 0.0, 1.0]]}, "Hobj2base": {"type": "ndarray", "data": [[0.9999978843902902, -0.0008235322502105408, 0.0018849428576181379, -0.7347384418959785], [-0.0008358527580994451, -0.9999782329171976, 0.006544848505891993, 0.08913634204502038], [0.0018795119340935345, -0.006546410194233345, -0.9999768057052412, -0.0022164786174509233], [0.0, 0.0, 0.0, 1.0]]}, "mean_rme": {"type": "float", "data": 0.002830168791310566}, "max_rme": {"type": "float", "data": 0.00823041841304406}, "simu": {"type": "float", "data": 0.002}}, {"type": "dict", "image_number": {"type": "int", "data": 21}, "Hcamera2end": {"type": "ndarray", "data": [[0.9999852525760713, 0.0005245710510672964, 0.005405502343282383, -0.01812013549366455], [-0.005404551833598312, -0.001796784975995891, 0.999983781060087, 0.032108947536772604], [0.0005342750684790595, -0.9999982481929469, -0.0017939234066102205, 0.0344667755469849], [0.0, 0.0, 0.0, 1.0]]}, "Hobj2base": {"type": "ndarray", "data": [[0.9999975636158934, 0.00022450874450629995, 0.002195986817079618, -0.7343845571019688], [0.00021187946270158768, -0.9999834483716155, 0.0057496165008633785, 0.08890703070078612], [0.002197241309103885, -0.005749137208082215, -0.9999810595966272, -0.002405322577873533], [0.0, 0.0, 0.0, 1.0]]}, "mean_rme": {"type": "float", "data": 0.002782206239101507}, "max_rme": {"type": "float", "data": 0.00818635135147805}, "simu": {"type": "float", "data": 0.002}}, {"type": "dict", "image_number": {"type": "int", "data": 22}, "Hcamera2end": {"type": "ndarray", "data": [[0.9999843056544215, 0.00019017380232153437, 0.005599310561971556, -0.018011874413331123], [-0.005598838665955119, -0.0023973539112160935, 0.9999814526779071, 0.032133687233523056], [0.00020359380418262431, -0.9999971082598936, -0.002396251533877569, 0.03465848504213572], [0.0, 0.0, 0.0, 1.0]]}, "Hobj2base": {"type": "ndarray", "data": [[0.9999960845921791, 0.0003122170265290446, 0.002780884902266487, -0.7343759430038413], [0.00029629826304521583, -0.9999835800309311, 0.005722925463573068, 0.0891130365547208], [0.002782626034993692, -0.00572207908461968, -0.9999797571967639, -0.002638237618397109], [0.0, 0.0, 0.0, 1.0]]}, "mean_rme": {"type": "float", "data": 0.002710321443098605}, "max_rme": {"type": "float", "data": 0.00820724883487961}, "simu": {"type": "float", "data": 0.002}}, {"type": "dict", "image_number": {"type": "int", "data": 23}, "Hcamera2end": {"type": "ndarray", "data": [[0.9999807939709708, 0.0014162968708193026, 0.006033721269698337, -0.017665312972916198], [-0.006031161627421573, -0.0018046446592374643, 0.9999801839772017, 0.03216791291450338], [0.0014271575283129078, -0.999997368676952, -0.001796068083839364, 0.03461562641207138], [0.0, 0.0, 0.0, 1.0]]}, "Hobj2base": {"type": "ndarray", "data": [[0.9999975739031377, 0.0008370229683113676, 0.0020375427331062613, -0.7349552016709543], [0.0008252202919473542, -0.9999829171748353, 0.005786568065433175, 0.08934010139716085], [0.0020423514164984507, -0.005784872605049479, -0.9999811818477558, -0.0026609365392844747], [0.0, 0.0, 0.0, 1.0]]}, "mean_rme": {"type": "float", "data": 0.0027343815878090264}, "max_rme": {"type": "float", "data": 0.008189872202710502}, "simu": {"type": "float", "data": 0.002}}, {"type": "dict", "image_number": {"type": "int", "data": 24}, "Hcamera2end": {"type": "ndarray", "data": [[0.9999780061312276, 0.0013760077656486303, 0.006487977839321675, -0.017919641937641676], [-0.006484821440560406, -0.0022860703980369657, 0.9999763602070898, 0.032089163857330294], [0.0013908072111916002, -0.9999964402360461, -0.0022770969538434827, 0.035103670519438905], [0.0, 0.0, 0.0, 1.0]]}, "Hobj2base": {"type": "ndarray", "data": [[0.9999978662821526, 0.0008017616335293618, 0.0019038407036751613, -0.7351438430442673], [0.0007896054794855657, -0.999979353332705, 0.0063772589324125615, 0.08939561704636888], [0.0019089144372486614, -0.006375742042089671, -0.9999778527342911, -0.0027305316903842533], [0.0, 0.0, 0.0, 1.0]]}, "mean_rme": {"type": "float", "data": 0.002692941351134871}, "max_rme": {"type": "float", "data": 0.008278700678062523}, "simu": {"type": "float", "data": 0.002}}, {"type": "dict", "image_number": {"type": "int", "data": 25}, "Hcamera2end": {"type": "ndarray", "data": [[0.9999792442556437, 0.0013931789382261779, 0.006290477752744515, -0.01772640562499485], [-0.0062873253795937, -0.0022556571415497384, 0.9999776905263591, 0.032059886841779885], [0.0014073370182041173, -0.999996485525477, -0.002246850954410018, 0.035210424600047315], [0.0, 0.0, 0.0, 1.0]]}, "Hobj2base": {"type": "ndarray", "data": [[0.999997343189204, 0.0008989292561992823, 0.0021226259033938462, -0.7352941825018245], [0.0008858633460711037, -0.9999807055441021, 0.006148478320048798, 0.08935552663366889], [0.002128111995524964, -0.00614658162821998, -0.9999788451130465, -0.002698781894557718], [0.0, 0.0, 0.0, 1.0]]}, "mean_rme": {"type": "float", "data": 0.002667117349878915}, "max_rme": {"type": "float", "data": 0.00824088891150282}, "simu": {"type": "float", "data": 0.002}}, {"type": "dict", "image_number": {"type": "int", "data": 26}, "Hcamera2end": {"type": "ndarray", "data": [[0.9999778202509738, 0.001168168514667479, 0.00655701063233036, -0.017900038999733865], [-0.006554242234704714, -0.0023581338496654336, 0.9999757402624707, 0.03201056053134659], [0.001183602483930637, -0.9999965372875392, -0.0023504250874324395, 0.03518456251534295], [0.0, 0.0, 0.0, 1.0]]}, "Hobj2base": {"type": "ndarray", "data": [[0.9999973772410123, 0.0008307905351376742, 0.0021343144527546094, -0.73526789178867], [0.0008168682514772232, -0.9999784390770627, 0.0065156816421056436, 0.08930409553940032], [0.0021396816016034013, -0.006513921099327932, -0.9999764950210359, -0.0026491963565554743], [0.0, 0.0, 0.0, 1.0]]}, "mean_rme": {"type": "float", "data": 0.002615847599968763}, "max_rme": {"type": "float", "data": 0.008154310261803799}, "simu": {"type": "float", "data": 0.002}}, {"type": "dict", "image_number": {"type": "int", "data": 27}, "Hcamera2end": {"type": "ndarray", "data": [[0.9999759300823706, 0.0008316004999916805, 0.006888228836661219, -0.0180410072798987], [-0.0068856264228774455, -0.003092726380549804, 0.9999715111903439, 0.031321014231636995], [0.0008528802157217316, -0.9999948717289223, -0.0030869258485044515, 0.035638817607464006], [0.0, 0.0, 0.0, 1.0]]}, "Hobj2base": {"type": "ndarray", "data": [[0.9999957495378979, 0.0007798929433377759, 0.002809390171305776, -0.7351938912275185], [0.0007602260511062947, -0.9999752478623349, 0.006994692202852571, 0.08971716849588501], [0.0028147757439833257, -0.006992526700582498, -0.9999715904003734, -0.0022654934390427704], [0.0, 0.0, 0.0, 1.0]]}, "mean_rme": {"type": "float", "data": 0.0026095552858337997}, "max_rme": {"type": "float", "data": 0.008197776135334012}, "simu": {"type": "float", "data": 0.002}}, {"type": "dict", "image_number": {"type": "int", "data": 28}, "Hcamera2end": {"type": "ndarray", "data": [[0.9999764240921034, 0.0008868741083566324, 0.006809163993156274, -0.017972288653656774], [-0.006806411779578931, -0.0030701784790769793, 0.9999721229928329, 0.03129793023174343], [0.0009077547337130519, -0.9999948937161742, -0.0030640696664536726, 0.035619651355292575], [0.0, 0.0, 0.0, 1.0]]}, "Hobj2base": {"type": "ndarray", "data": [[0.9999959143424371, 0.0008388152957897543, 0.002732706960675092, -0.7352100787995858], [0.0008198252000369087, -0.9999755616259853, 0.006942912748778356, 0.08969410509967593], [0.002738463999171323, -0.006940644040383697, -0.9999721637501868, -0.002220535906472504], [0.0, 0.0, 0.0, 1.0]]}, "mean_rme": {"type": "float", "data": 0.0025461688568426213}, "max_rme": {"type": "float", "data": 0.008151953284871283}, "simu": {"type": "float", "data": 0.002}}, {"type": "dict", "image_number": {"type": "int", "data": 29}, "Hcamera2end": {"type": "ndarray", "data": [[0.9999735768996292, -0.0008513524215223002, 0.007219466851219719, -0.01828430716934018], [-0.007223212724825029, -0.004482131516936105, 0.9999638671947086, 0.031148553240755602], [-0.0008189630598616914, -0.9999895927939046, -0.004488162584769695, 0.03589155109005476], [0.0, 0.0, 0.0, 1.0]]}, "Hobj2base": {"type": "ndarray", "data": [[0.9999913760285625, -0.0001825920390363435, 0.004149039485159337, -0.7347107487349281], [-0.00021222181064633878, -0.9999744727934499, 0.007142039160111459, 0.08971296175502694], [0.0041476294922782935, -0.007142858084041721, -0.9999658877921713, -0.0022356744414484234], [0.0, 0.0, 0.0, 1.0]]}, "mean_rme": {"type": "float", "data": 0.002573015266672182}, "max_rme": {"type": "float", "data": 0.008008591808997434}, "simu": {"type": "float", "data": 0.002}}, {"type": "dict", "image_number": {"type": "int", "data": 30}, "Hcamera2end": {"type": "ndarray", "data": [[0.9999758044458418, -0.0007818887614413406, 0.006912248032037173, -0.017998178107093032], [-0.006915522266098066, -0.0042654150192869, 0.9999669903484317, 0.031159848048334635], [-0.0007523793449928733, -0.9999905973981346, -0.004270718984346278, 0.03576206289863135], [0.0, 0.0, 0.0, 1.0]]}, "Hobj2base": {"type": "ndarray", "data": [[0.9999909350568873, 0.0001311222574279003, 0.004255891329186615, -0.7347942284968509], [0.00010271886478861622, -0.9999777271260277, 0.006673432452483097, 0.08975431135090343], [0.004256671573783363, -0.006672934797871551, -0.9999686758535469, -0.0023543395389613105], [0.0, 0.0, 0.0, 1.0]]}, "mean_rme": {"type": "float", "data": 0.002522906528129159}, "max_rme": {"type": "float", "data": 0.008012064844612643}, "simu": {"type": "float", "data": 0.002}}]}