{"type": "list", "data": [{"type": "dict", "image_number": {"type": "int", "data": 5}, "Hcamera2end": {"type": "ndarray", "data": [[0.9998630946915976, 0.0016836024013840208, 0.016460782384058244, -0.02258944214185256], [-0.01647209560772167, 0.006942340174734385, 0.9998402242254452, 0.030146841913562903], [0.00156905705165389, -0.9999744843724026, 0.006969122191232691, 0.028993754807841294], [0.0, 0.0, 0.0, 1.0]]}, "Hobj2base": {"type": "ndarray", "data": [[0.9999893553207095, 0.0006961408041985845, -0.004561209626004172, -0.7346059144552202], [0.0007729074947264518, -0.9998577257842214, 0.016850246396104458, 0.09117818435656573], [-0.004548830539404502, -0.01685359242374056, -0.9998476206718394, 0.0021830293575556105], [0.0, 0.0, 0.0, 1.0]]}, "mean_rme": {"type": "float", "data": 0.002278929933313435}, "max_rme": {"type": "float", "data": 0.005932222549353508}, "simu": {"type": "float", "data": 0.002}}, {"type": "dict", "image_number": {"type": "int", "data": 6}, "Hcamera2end": {"type": "ndarray", "data": [[0.9997618941681495, 0.0017427760461565193, 0.02175126895072131, -0.02173426519818638], [-0.02176307113194729, 0.007066377638321519, 0.999738183246983, 0.030616099805453243], [0.0015886170776723881, -0.9999735141686131, 0.007102623251655338, 0.029056029946921264], [0.0, 0.0, 0.0, 1.0]]}, "Hobj2base": {"type": "ndarray", "data": [[0.9999766336358464, -0.0016501596215568156, -0.006633939669879098, -0.7344523720061827], [-0.0015232761827045698, -0.9998166819889278, 0.01908617421912269, 0.09493592746376674], [-0.006664218783279636, -0.019075622922328964, -0.9997958335570987, 0.00134935137691868], [0.0, 0.0, 0.0, 1.0]]}, "mean_rme": {"type": "float", "data": 0.0020467924639754193}, "max_rme": {"type": "float", "data": 0.005796248170070281}, "simu": {"type": "float", "data": 0.002}}, {"type": "dict", "image_number": {"type": "int", "data": 7}, "Hcamera2end": {"type": "ndarray", "data": [[0.9997827070020295, 0.0024161113516725594, 0.020705100473803407, -0.021521872742542726], [-0.020719687955725895, 0.006177391610546312, 0.999766239860052, 0.03023515286159032], [0.002287643047182472, -0.9999780008774324, 0.006226110379876637, 0.029687842661969097], [0.0, 0.0, 0.0, 1.0]]}, "Hobj2base": {"type": "ndarray", "data": [[0.9999814236467178, 0.0004045415735335892, -0.006081834229801927, -0.7343210503380441], [0.000518896454219695, -0.999822887234731, 0.018812892071005404, 0.09421615463291445], [-0.006073146462362459, -0.01881569843829303, -0.9998045240867461, 0.0016527859793531202], [0.0, 0.0, 0.0, 1.0]]}, "mean_rme": {"type": "float", "data": 0.00198173576906638}, "max_rme": {"type": "float", "data": 0.006473659843681846}, "simu": {"type": "float", "data": 0.002}}, {"type": "dict", "image_number": {"type": "int", "data": 8}, "Hcamera2end": {"type": "ndarray", "data": [[0.9998308332154515, 0.002231102914206355, 0.018257248738025936, -0.020388940180087002], [-0.018277210837372874, 0.009280770532174576, 0.9997898833566656, 0.02973049444522022], [0.002061192786264635, -0.9999544437013694, 0.009319978872428414, 0.030733586919703283], [0.0, 0.0, 0.0, 1.0]]}, "Hobj2base": {"type": "ndarray", "data": [[0.9999739187259725, -0.0004732331479609565, -0.007206796667709369, -0.7367585832086812], [-0.00035662927048846205, -0.9998691544521174, 0.016172408316987817, 0.09360562692535418], [-0.007213507010148863, -0.016169416365336656, -0.999843245359501, 0.0025706585451674424], [0.0, 0.0, 0.0, 1.0]]}, "mean_rme": {"type": "float", "data": 0.0020510960067598527}, "max_rme": {"type": "float", "data": 0.007454228847057508}, "simu": {"type": "float", "data": 0.002}}, {"type": "dict", "image_number": {"type": "int", "data": 9}, "Hcamera2end": {"type": "ndarray", "data": [[0.9998564243049257, 0.001984985838671984, 0.01682826810425038, -0.02065063187296794], [-0.016844984339804775, 0.008728834088126192, 0.9998200107809675, 0.029604583518663515], [0.0018377374023485797, -0.9999599328406527, 0.008761017895071999, 0.03103121814878481], [0.0, 0.0, 0.0, 1.0]]}, "Hobj2base": {"type": "ndarray", "data": [[0.9999850420144718, -0.00035569466838204105, -0.005457950954148179, -0.7363893856511443], [-0.00027091372428211314, -0.9998794221169289, 0.01552635929220941, 0.09279031894339901], [-0.005462815489195844, -0.015524648415331875, -0.9998645622975701, 0.002762439449259388], [0.0, 0.0, 0.0, 1.0]]}, "mean_rme": {"type": "float", "data": 0.0020202867400448583}, "max_rme": {"type": "float", "data": 0.007242092455785644}, "simu": {"type": "float", "data": 0.002}}, {"type": "dict", "image_number": {"type": "int", "data": 10}, "Hcamera2end": {"type": "ndarray", "data": [[0.9998743148644657, 0.002145199552422143, 0.015708360614513396, -0.020227381345286927], [-0.015724212258231045, 0.007584017307814328, 0.9998476043029423, 0.029446665391524844], [0.002025740154463161, -0.9999689399178133, 0.007616795682669708, 0.03080909076128181], [0.0, 0.0, 0.0, 1.0]]}, "Hobj2base": {"type": "ndarray", "data": [[0.9999860453945995, -0.0008177137489123924, -0.005219229856493072, -0.7355804040411973], [-0.0007457081748813609, -0.9999047281008153, 0.013783273956216337, 0.09255244407081349], [-0.005230003383171388, -0.013779189593696579, -0.9998913846007238, 0.0026185397410251722], [0.0, 0.0, 0.0, 1.0]]}, "mean_rme": {"type": "float", "data": 0.0019025375927139512}, "max_rme": {"type": "float", "data": 0.007081895391575846}, "simu": {"type": "float", "data": 0.002}}, {"type": "dict", "image_number": {"type": "int", "data": 11}, "Hcamera2end": {"type": "ndarray", "data": [[0.9998915003115175, 0.002649452607308745, 0.01449027279467786, -0.01905579078878515], [-0.014504058532099042, 0.005260245541074737, 0.9998809739678745, 0.029408033468368205], [0.0025729148606204308, -0.9999826549584394, 0.005298102621766665, 0.03100337167424684], [0.0, 0.0, 0.0, 1.0]]}, "Hobj2base": {"type": "ndarray", "data": [[0.9999967299939266, 0.0005675448977372375, -0.00249357058106938, -0.7350282312659676], [0.000599913909135275, -0.999915323296249, 0.012999474630142985, 0.09279213866849592], [-0.002485981648232402, -0.013000928049456987, -0.9999123940451471, 0.001367089234508865], [0.0, 0.0, 0.0, 1.0]]}, "mean_rme": {"type": "float", "data": 0.0019440718213206921}, "max_rme": {"type": "float", "data": 0.00708832599933279}, "simu": {"type": "float", "data": 0.002}}, {"type": "dict", "image_number": {"type": "int", "data": 12}, "Hcamera2end": {"type": "ndarray", "data": [[0.9999657555510237, 0.0029055060085036413, 0.0077489199315036224, -0.017643285112375687], [-0.00776530356566244, 0.005670592037924749, 0.9999537711546832, 0.028822881880857673], [0.002861430726649706, -0.9999797010043624, 0.005692959987792956, 0.029969478534629834], [0.0, 0.0, 0.0, 1.0]]}, "Hobj2base": {"type": "ndarray", "data": [[0.999997756732523, 0.0008747861070363734, -0.00192906173790928, -0.7337918051726654], [0.0008892985317789428, -0.9999712155400529, 0.007535067316979775, 0.09095426055916601], [-0.001922414638704471, -0.00753676592557956, -0.9999697502831477, 0.0011530282279366792], [0.0, 0.0, 0.0, 1.0]]}, "mean_rme": {"type": "float", "data": 0.002318334823971084}, "max_rme": {"type": "float", "data": 0.006900916873557872}, "simu": {"type": "float", "data": 0.002}}, {"type": "dict", "image_number": {"type": "int", "data": 13}, "Hcamera2end": {"type": "ndarray", "data": [[0.9999693278608238, 0.001984389758921348, 0.007576644036572178, -0.01804159356812107], [-0.007584135027157595, 0.003795038402512274, 0.9999640386430972, 0.028796481227509396], [0.0019555647424920348, -0.9999908298983589, 0.003809971880444407, 0.03067022467044331], [0.0, 0.0, 0.0, 1.0]]}, "Hobj2base": {"type": "ndarray", "data": [[0.9999992135220811, 0.00043927008767660574, -0.0011747327395269797, -0.7338051376492213], [0.00044712554353669887, -0.9999774873750544, 0.006695134189949331, 0.09045439597244444], [-0.0011717653210267778, -0.006695654177388797, -0.999976897323718, 0.0009344172464287015], [0.0, 0.0, 0.0, 1.0]]}, "mean_rme": {"type": "float", "data": 0.002370465690510328}, "max_rme": {"type": "float", "data": 0.006750419019457055}, "simu": {"type": "float", "data": 0.002}}, {"type": "dict", "image_number": {"type": "int", "data": 14}, "Hcamera2end": {"type": "ndarray", "data": [[0.9999644891981165, 0.0018267820820547552, 0.008226980611044155, -0.01819559541336138], [-0.008233786141515455, 0.0037496866262691775, 0.9999590714704177, 0.02880270417670708], [0.0017958587153784644, -0.9999913013208809, 0.003764594804881005, 0.030548902045905563], [0.0, 0.0, 0.0, 1.0]]}, "Hobj2base": {"type": "ndarray", "data": [[0.9999982125380781, 0.0008309722971751002, -0.0016983538177299399, -0.7336222079825203], [0.0008429154110533642, -0.9999748383174698, 0.007043594647542346, 0.09052003029901613], [-0.0016924580522657165, -0.007045013625991506, -0.9999737513398788, 0.0011792832755306967], [0.0, 0.0, 0.0, 1.0]]}, "mean_rme": {"type": "float", "data": 0.002285062881563175}, "max_rme": {"type": "float", "data": 0.006761402968084307}, "simu": {"type": "float", "data": 0.002}}, {"type": "dict", "image_number": {"type": "int", "data": 15}, "Hcamera2end": {"type": "ndarray", "data": [[0.9999813700761628, -2.6708146919539755e-05, 0.006103997647047329, -0.016945884551221122], [-0.006103943002972361, 0.0017113947687936726, 0.9999799063020026, 0.028539285884978144], [-3.715395989598762e-05, -0.9999985352062374, 0.0017111998606329504, 0.031992479850123795], [0.0, 0.0, 0.0, 1.0]]}, "Hobj2base": {"type": "ndarray", "data": [[0.9999998865806342, 0.0002463121882478321, 0.0004076383502142715, -0.7334884531189529], [0.0002440227515125734, -0.9999842514676449, 0.005606894826006998, 0.09079402855591182], [0.00040901297704239344, -0.005606794717044701, -0.9999841981558433, 0.00024889926484632506], [0.0, 0.0, 0.0, 1.0]]}, "mean_rme": {"type": "float", "data": 0.0023436302695417632}, "max_rme": {"type": "float", "data": 0.00671140979260515}, "simu": {"type": "float", "data": 0.002}}, {"type": "dict", "image_number": {"type": "int", "data": 16}, "Hcamera2end": {"type": "ndarray", "data": [[0.9999819103559869, -0.0007043470361026974, 0.0059735128729859355, -0.01659542638643848], [-0.005973537175417726, -3.240480031929671e-05, 0.9999821577425982, 0.028647558877520556], [-0.0007041408984697251, -0.9999997514225598, -3.661165733248595e-05, 0.03251832577057474], [0.0, 0.0, 0.0, 1.0]]}, "Hobj2base": {"type": "ndarray", "data": [[0.9999985977654963, 0.00033363436085405917, 0.0016410835306456652, -0.7329886194328504], [0.00032443788053273636, -0.9999842617290424, 0.005600985117268796, 0.09104122861946348], [0.0016429263839181489, -0.00560044483371175, -0.9999829677602323, 0.00018411778265391837], [0.0, 0.0, 0.0, 1.0]]}, "mean_rme": {"type": "float", "data": 0.002375645385989413}, "max_rme": {"type": "float", "data": 0.007111811589612438}, "simu": {"type": "float", "data": 0.002}}, {"type": "dict", "image_number": {"type": "int", "data": 17}, "Hcamera2end": {"type": "ndarray", "data": [[0.9999822408099766, -0.0003691949084846792, 0.005948256868834799, -0.016376883069935563], [-0.005948405896302144, -0.00040387837599253906, 0.9999822265168266, 0.02900248253517607], [-0.0003667859742810132, -0.9999998502886771, -0.00040606732461023753, 0.032619526330254764], [0.0, 0.0, 0.0, 1.0]]}, "Hobj2base": {"type": "ndarray", "data": [[0.999998395839711, 0.0004901842070273537, 0.0017227993057773354, -0.7330670159914382], [0.00048086953950172013, -0.9999852882489131, 0.005402966798394738, 0.09096800068201963], [0.001725422409378442, -0.005402129689461134, -0.9999839198268778, -0.00030790495269595745], [0.0, 0.0, 0.0, 1.0]]}, "mean_rme": {"type": "float", "data": 0.002300766523749329}, "max_rme": {"type": "float", "data": 0.007101297744742607}, "simu": {"type": "float", "data": 0.002}}, {"type": "dict", "image_number": {"type": "int", "data": 18}, "Hcamera2end": {"type": "ndarray", "data": [[0.9999793000800486, -0.0004379484151956843, 0.006419315586702132, -0.016514205744842525], [-0.006419576759898611, -0.0005975798070336769, 0.9999792157503066, 0.028820111621905564], [-0.00043410325939687976, -0.9999997255497423, -0.0006003788806476784, 0.03253380016290306], [0.0, 0.0, 0.0, 1.0]]}, "Hobj2base": {"type": "ndarray", "data": [[0.9999986260855798, 0.0005624481924451943, 0.0015593200388619407, -0.7328687609484221], [0.000553536532358508, -0.9999835466308828, 0.005709646646552836, 0.0909723533037901], [0.0015625057632296239, -0.005708775661379825, -0.9999824840746903, -9.174489975470447e-05], [0.0, 0.0, 0.0, 1.0]]}, "mean_rme": {"type": "float", "data": 0.0022511745538153433}, "max_rme": {"type": "float", "data": 0.00720981098529111}, "simu": {"type": "float", "data": 0.002}}, {"type": "dict", "image_number": {"type": "int", "data": 19}, "Hcamera2end": {"type": "ndarray", "data": [[0.9999770269983386, -0.00043973433348444254, 0.006764030549907131, -0.01666426955864975], [-0.006764271166789477, -0.0005480220683109494, 0.9999769718885504, 0.028881821631397166], [-0.0004360173692211245, -0.9999997531527337, -0.0005509839608719425, 0.03247226889769714], [0.0, 0.0, 0.0, 1.0]]}, "Hobj2base": {"type": "ndarray", "data": [[0.9999984833814283, 0.0006166987751819137, 0.0016287779050715456, -0.7328469762861095], [0.0006072897238133215, -0.9999831635488519, 0.005770946024867235, 0.09104989280078345], [0.001632309417577092, -0.0057699481324591925, -0.9999820214706434, -4.8961043150377424e-05], [0.0, 0.0, 0.0, 1.0]]}, "mean_rme": {"type": "float", "data": 0.002179747536439137}, "max_rme": {"type": "float", "data": 0.007398227708070193}, "simu": {"type": "float", "data": 0.002}}, {"type": "dict", "image_number": {"type": "int", "data": 20}, "Hcamera2end": {"type": "ndarray", "data": [[0.9999809254249203, -0.0005763832153265701, 0.006149517762311927, -0.016542874186588934], [-0.006150034875269241, -0.0008997317160710505, 0.9999806835903743, 0.028882456937305744], [-0.0005708391655029886, -0.9999994291324513, -0.000903259330946593, 0.03252905088423762], [0.0, 0.0, 0.0, 1.0]]}, "Hobj2base": {"type": "ndarray", "data": [[0.9999987004970339, 0.0005437127454363914, 0.0015176892613523048, -0.7327843225438562], [0.0005358512802730033, -0.9999864634374691, 0.005175500481000896, 0.09084419867804597], [0.0015204827026322485, -0.005174680499688917, -0.9999854553012644, -1.4116107285921942e-05], [0.0, 0.0, 0.0, 1.0]]}, "mean_rme": {"type": "float", "data": 0.00215515862672504}, "max_rme": {"type": "float", "data": 0.0073226451586250185}, "simu": {"type": "float", "data": 0.002}}, {"type": "dict", "image_number": {"type": "int", "data": 21}, "Hcamera2end": {"type": "ndarray", "data": [[0.9999813032259964, -0.00017389283481116695, 0.0061125248236473095, -0.016473733971457006], [-0.006112688533423486, -0.0009570243861536376, 0.9999808593884273, 0.02907331888966092], [-0.00016803967107876074, -0.9999995269326912, -0.0009580694456223782, 0.032487153223147415], [0.0, 0.0, 0.0, 1.0]]}, "Hobj2base": {"type": "ndarray", "data": [[0.9999991179336349, 0.0007229450485482467, 0.0011142182949854798, -0.7328624116631394], [0.0007171499468697926, -0.9999862606862806, 0.005192700128436154, 0.09072090879171456], [0.0011179570232372218, -0.005191896486538977, -0.9999858970920377, -0.00014024494950507082], [0.0, 0.0, 0.0, 1.0]]}, "mean_rme": {"type": "float", "data": 0.002101673012261077}, "max_rme": {"type": "float", "data": 0.007307058586653259}, "simu": {"type": "float", "data": 0.002}}, {"type": "dict", "image_number": {"type": "int", "data": 22}, "Hcamera2end": {"type": "ndarray", "data": [[0.9999843494527579, -0.001390503117763774, 0.005419165122405655, -0.01676286923024958], [-0.005418923809070974, 0.000177252796867311, 0.9999853018150805, 0.029055687258673937], [-0.0013914432420664507, -0.9999990175407801, 0.00016971499231266396, 0.03171914944159652], [0.0, 0.0, 0.0, 1.0]]}, "Hobj2base": {"type": "ndarray", "data": [[0.999999656199879, -0.0007386247088343089, 0.0003768735376406974, -0.7327214769875162], [-0.0007402951840369915, -0.9999898169452883, 0.00445173772463063, 0.09033111427287974], [0.00037358153643618226, -0.004452015191787568, -0.9999900199489828, 0.00019502724061038176], [0.0, 0.0, 0.0, 1.0]]}, "mean_rme": {"type": "float", "data": 0.0022270756250520572}, "max_rme": {"type": "float", "data": 0.0071821840998174125}, "simu": {"type": "float", "data": 0.002}}, {"type": "dict", "image_number": {"type": "int", "data": 23}, "Hcamera2end": {"type": "ndarray", "data": [[0.9999840393354705, -0.0015217225636818621, 0.0054410876445256905, -0.016886538723416396], [-0.005442038176936184, -0.0006212008401131897, 0.9999849990524844, 0.029048992833896746], [-0.0015183197281856422, -0.9999986492340655, -0.000629472197621217, 0.032228229492432606], [0.0, 0.0, 0.0, 1.0]]}, "Hobj2base": {"type": "ndarray", "data": [[0.999999505970663, -0.00025869556853926626, 0.0009597577990276138, -0.7326877950450646], [-0.0002631741306297943, -0.9999890647909084, 0.004669158166216464, 0.0902176987386077], [0.0009585394133489951, -0.004669408442939725, -0.9999886388489552, 0.0002861734374898035], [0.0, 0.0, 0.0, 1.0]]}, "mean_rme": {"type": "float", "data": 0.002224764468787705}, "max_rme": {"type": "float", "data": 0.00727958919969196}, "simu": {"type": "float", "data": 0.002}}, {"type": "dict", "image_number": {"type": "int", "data": 24}, "Hcamera2end": {"type": "ndarray", "data": [[0.9999855997662814, -0.001674840436871329, 0.005098545830080589, -0.016867606496368922], [-0.0051001930652034705, -0.0009807233719192343, 0.9999865130152333, 0.029141258191773902], [-0.0016698175852655093, -0.9999981165438158, -0.0009892512588547397, 0.0321791610971434], [0.0, 0.0, 0.0, 1.0]]}, "Hobj2base": {"type": "ndarray", "data": [[0.9999987754836703, 0.0002467521951395903, 0.001545362259794478, -0.7324609053677928], [0.00023939224099942712, -0.9999886378009966, 0.004760983119455774, 0.0900765104585799], [0.0015465194841166971, -0.004760607341819671, -0.9999874723691411, -6.925527663876237e-05], [0.0, 0.0, 0.0, 1.0]]}, "mean_rme": {"type": "float", "data": 0.0022489238756723787}, "max_rme": {"type": "float", "data": 0.007021170638345342}, "simu": {"type": "float", "data": 0.002}}, {"type": "dict", "image_number": {"type": "int", "data": 25}, "Hcamera2end": {"type": "ndarray", "data": [[0.9999776557609883, -0.002787738174121201, 0.006075894553962722, -0.01751199245881921], [-0.006079118208117615, -0.0011493563557349873, 0.9999808614677479, 0.02924164078888612], [-0.0027807014528818718, -0.9999954537375857, -0.0011662776641354622, 0.03284886577244417], [0.0, 0.0, 0.0, 1.0]]}, "Hobj2base": {"type": "ndarray", "data": [[0.999997930772203, -0.0011002541162002395, 0.0017111084687960547, -0.732861857567014], [-0.001109839629195407, -0.9999836417266468, 0.005611108189127475, 0.09035672896234503], [0.0017049068331344533, -0.005612995634454961, -0.9999827936383192, -9.339474117462388e-05], [0.0, 0.0, 0.0, 1.0]]}, "mean_rme": {"type": "float", "data": 0.002305823311615415}, "max_rme": {"type": "float", "data": 0.007009933690778292}, "simu": {"type": "float", "data": 0.002}}, {"type": "dict", "image_number": {"type": "int", "data": 26}, "Hcamera2end": {"type": "ndarray", "data": [[0.9999776905308849, -0.0029826084639531826, 0.005976829198533571, -0.017479992207761644], [-0.005982201381826058, -0.0017955103986291299, 0.9999804945142861, 0.029208342754299413], [-0.002971818827749601, -0.9999939400762183, -0.0018133129062198883, 0.03322715351320105], [0.0, 0.0, 0.0, 1.0]]}, "Hobj2base": {"type": "ndarray", "data": [[0.9999970656753092, -0.0009298262056912739, 0.002236976530604245, -0.7328062292594718], [-0.0009423063091032507, -0.9999839629436242, 0.00558443501023828, 0.09033677110578218], [0.002231748102069014, -0.00558652654079085, -0.9999819048470915, -0.00017769058113246223], [0.0, 0.0, 0.0, 1.0]]}, "mean_rme": {"type": "float", "data": 0.0022513340682703805}, "max_rme": {"type": "float", "data": 0.007132499042827034}, "simu": {"type": "float", "data": 0.002}}, {"type": "dict", "image_number": {"type": "int", "data": 27}, "Hcamera2end": {"type": "ndarray", "data": [[0.9999904280874112, -0.0034593541586058645, 0.00267891813261495, -0.01605807455531541], [-0.0026982035635825905, -0.005582283672920907, 0.9999807787185334, 0.029414816250241206], [-0.0034443331844331015, -0.9999784352563811, -0.005591564281507866, 0.035085178573183134], [0.0, 0.0, 0.0, 1.0]]}, "Hobj2base": {"type": "ndarray", "data": [[0.9999878675270583, -0.00019042427713834815, 0.00492224920958803, -0.7329758366479879], [-0.00020820715933335637, -0.9999934532418329, 0.0036124954328472635, 0.08994485980274726], [0.004921529077981352, -0.003613476451869631, -0.9999813604960173, -0.0010213815328718127], [0.0, 0.0, 0.0, 1.0]]}, "mean_rme": {"type": "float", "data": 0.002385802567879328}, "max_rme": {"type": "float", "data": 0.008087385009388298}, "simu": {"type": "float", "data": 0.002}}, {"type": "dict", "image_number": {"type": "int", "data": 28}, "Hcamera2end": {"type": "ndarray", "data": [[0.9999809945567979, -0.004714589466733331, 0.003972803966656361, -0.016844308188837812], [-0.003989658836352949, -0.0035710414591492157, 0.9999856650398877, 0.029152847598962868], [-0.004700334835607377, -0.9999825100015787, -0.0035897831934494917, 0.03465382916944015], [0.0, 0.0, 0.0, 1.0]]}, "Hobj2base": {"type": "ndarray", "data": [[0.9999901535649526, -0.0017757460833155037, 0.004066878285628, -0.733098113007212], [-0.0017915149264488626, -0.999990879524622, 0.0038770274493219476, 0.09006782312016648], [0.004059956577456687, -0.0038842751475757446, -0.9999842144549926, -0.00024622420613968396], [0.0, 0.0, 0.0, 1.0]]}, "mean_rme": {"type": "float", "data": 0.0024622331514732605}, "max_rme": {"type": "float", "data": 0.008534261335872956}, "simu": {"type": "float", "data": 0.002}}, {"type": "dict", "image_number": {"type": "int", "data": 29}, "Hcamera2end": {"type": "ndarray", "data": [[0.999981189206682, -0.004596060566735265, 0.004061706544902836, -0.0169552982669492], [-0.004077355685795203, -0.0034006713573535574, 0.9999859052031339, 0.0291813757340603], [-0.004582183257085967, -0.999983655697225, -0.003419347161711439, 0.03460404912892471], [0.0, 0.0, 0.0, 1.0]]}, "Hobj2base": {"type": "ndarray", "data": [[0.999990844244673, -0.002035444869883404, 0.0037640923218938754, -0.7331515007264761], [-0.002050437470612782, -0.9999899636728959, 0.0039834984197616215, 0.0900560045200311], [0.003755946352809389, -0.0039911799837644025, -0.9999849815618898, -0.0002597963789885588], [0.0, 0.0, 0.0, 1.0]]}, "mean_rme": {"type": "float", "data": 0.002430362773620992}, "max_rme": {"type": "float", "data": 0.008464086976737811}, "simu": {"type": "float", "data": 0.002}}, {"type": "dict", "image_number": {"type": "int", "data": 30}, "Hcamera2end": {"type": "ndarray", "data": [[0.9999772302367188, -0.0049771557825023125, 0.00455707454589877, -0.017193411936411586], [-0.004577417926894706, -0.004083636253792378, 0.99998118540304, 0.029035399593113572], [-0.004958452704495391, -0.9999792757028834, -0.004106325792465171, 0.03484948332593102], [0.0, 0.0, 0.0, 1.0]]}, "Hobj2base": {"type": "ndarray", "data": [[0.9999893718555695, -0.001930614417600732, 0.004186753381097003, -0.7330790743887434], [-0.0019491994010917783, -0.999988245801283, 0.00443946854565579, 0.0900598821780775], [0.004178133267185054, -0.004447582179525846, -0.9999813809342444, -0.00011814729535783441], [0.0, 0.0, 0.0, 1.0]]}, "mean_rme": {"type": "float", "data": 0.002408422146990018}, "max_rme": {"type": "float", "data": 0.008411103120922109}, "simu": {"type": "float", "data": 0.002}}]}