{"type": "list", "data": [{"type": "dict", "image_number": {"type": "int", "data": 5}, "Hcamera2end": {"type": "ndarray", "data": [[0.9998932258844593, 0.006878402862969755, -0.012892804366175317, -0.015544152580583035], [0.012978020562685199, -0.012491607529182769, 0.9998377521996313, 0.02650774235180452], [0.006716235005142391, -0.9998983184881309, -0.012579541802631322, 0.024227287999111006], [0.0, 0.0, 0.0, 1.0]]}, "Hobj2base": {"type": "ndarray", "data": [[0.999872263304653, 0.0065388512071086384, 0.014584255172002864, -0.7190856318381286], [0.006678040376730149, -0.9999324262476859, -0.009515603771846348, 0.08277676366441619], [0.014521048541946281, 0.00961178252496947, -0.999848364896365, 0.0006983079610050735], [0.0, 0.0, 0.0, 1.0]]}, "mean_rme": {"type": "float", "data": 0.0010163546260766672}, "max_rme": {"type": "float", "data": 0.0034565155631553213}, "simu": {"type": "float", "data": 0.002}}, {"type": "dict", "image_number": {"type": "int", "data": 6}, "Hcamera2end": {"type": "ndarray", "data": [[0.9999721807219846, 0.0069267830206127656, -0.002767211431011479, -0.015011421356896532], [0.0026836952817242683, 0.012037384727358824, 0.9999239466822266, 0.026257273254694735], [0.006959566204399583, -0.9999035558722206, 0.01201846048109656, 0.027063593333235412], [0.0, 0.0, 0.0, 1.0]]}, "Hobj2base": {"type": "ndarray", "data": [[0.9999453682943339, 0.0056042127780593625, -0.008823447503506601, -0.7348703483967826], [0.00558815456538817, -0.9999826867741288, -0.001843551069863102, 0.08905327055718282], [-0.008833626393629746, 0.0017941435650744896, -0.999959373221535, 0.004448727577392499], [0.0, 0.0, 0.0, 1.0]]}, "mean_rme": {"type": "float", "data": 0.0011245677535377929}, "max_rme": {"type": "float", "data": 0.004020386702014905}, "simu": {"type": "float", "data": 0.002}}, {"type": "dict", "image_number": {"type": "int", "data": 7}, "Hcamera2end": {"type": "ndarray", "data": [[0.999978373577517, 0.00656969800630113, -0.0003023993549389446, -0.014402440878301207], [0.00020603452191521104, 0.014663804716032569, 0.9998924594080234, 0.02646766394242831], [0.006573425822175504, -0.9998708976159651, 0.014662134005808736, 0.02668993537431752], [0.0, 0.0, 0.0, 1.0]]}, "Hobj2base": {"type": "ndarray", "data": [[0.9999246658225893, 0.005848016117711962, -0.01079182037795808, -0.7363673792495494], [0.00586810054894983, -0.9999811074224383, 0.0018303535563360667, 0.09059067666798591], [-0.010780912555555995, -0.0018935431552405933, -0.9999400914148748, 0.004793191286533128], [0.0, 0.0, 0.0, 1.0]]}, "mean_rme": {"type": "float", "data": 0.0011983318532768138}, "max_rme": {"type": "float", "data": 0.003594947966783557}, "simu": {"type": "float", "data": 0.002}}, {"type": "dict", "image_number": {"type": "int", "data": 8}, "Hcamera2end": {"type": "ndarray", "data": [[0.9999848710788927, 0.005478484435535093, 0.0004937829684667151, -0.013605393034721492], [-0.0005598882604998189, 0.012071381713905205, 0.9999269814684735, 0.026566676619807227], [0.005472123761950432, -0.9999121301153451, 0.012074266426044367, 0.02660111073374301], [0.0, 0.0, 0.0, 1.0]]}, "Hobj2base": {"type": "ndarray", "data": [[0.9999666699784098, 0.0033434448143342195, -0.007448510526519925, -0.7345019884957056], [0.0033508829149700996, -0.999993899333449, 0.0009863465791938204, 0.09175472921102534], [-0.0074451672902855585, -0.001011272790906331, -0.9999717730072994, 0.003956706954158631], [0.0, 0.0, 0.0, 1.0]]}, "mean_rme": {"type": "float", "data": 0.0014156558808064857}, "max_rme": {"type": "float", "data": 0.004526594671692474}, "simu": {"type": "float", "data": 0.002}}, {"type": "dict", "image_number": {"type": "int", "data": 9}, "Hcamera2end": {"type": "ndarray", "data": [[0.9999825290816577, 0.005891193689967271, -0.00048514776998312675, -0.012879758166676653], [0.00040700681552731204, 0.013257989642841084, 0.9999120261583428, 0.027056592089969893], [0.005897107503136102, -0.9998947542354334, 0.01325536025760321, 0.027350777326213212], [0.0, 0.0, 0.0, 1.0]]}, "Hobj2base": {"type": "ndarray", "data": [[0.9999477943951035, 0.004588610137543995, -0.009129794158329397, -0.7358194760831606], [0.004592804959869636, -0.999989356850737, 0.0004385519933647507, 0.09085632522348525], [-0.00912768464444483, -0.00048046046238562257, -0.999958226392871, 0.003952327158051747], [0.0, 0.0, 0.0, 1.0]]}, "mean_rme": {"type": "float", "data": 0.00160441481315662}, "max_rme": {"type": "float", "data": 0.0068288166958258845}, "simu": {"type": "float", "data": 0.002}}, {"type": "dict", "image_number": {"type": "int", "data": 10}, "Hcamera2end": {"type": "ndarray", "data": [[0.9999822057145342, 0.005723992580707474, 0.0016805246891951147, -0.013727315838717287], [-0.001750945069042688, 0.012319956620286066, 0.999922573432683, 0.026881324800857843], [0.005702845400340398, -0.9999077230313856, 0.012329759792045536, 0.027735189815366997], [0.0, 0.0, 0.0, 1.0]]}, "Hobj2base": {"type": "ndarray", "data": [[0.9999578465912665, 0.005046306371897164, -0.007670712649947953, -0.7357746416234329], [0.005058351033297438, -0.9999860026743912, 0.001551624992123695, 0.09107504326687026], [-0.007662775305400792, -0.0015903607431001928, -0.9999693758447432, 0.0035386124260398167], [0.0, 0.0, 0.0, 1.0]]}, "mean_rme": {"type": "float", "data": 0.0015814469253107451}, "max_rme": {"type": "float", "data": 0.0068384819765581195}, "simu": {"type": "float", "data": 0.002}}, {"type": "dict", "image_number": {"type": "int", "data": 11}, "Hcamera2end": {"type": "ndarray", "data": [[0.9999802009382931, 0.006152104724117872, 0.0013226257499263012, -0.013592984532234648], [-0.0014018815437729306, 0.012896290228469609, 0.9999158566731903, 0.026652046608795228], [0.006134530100024807, -0.9998979134420705, 0.012904659416091646, 0.027233941909091078], [0.0, 0.0, 0.0, 1.0]]}, "Hobj2base": {"type": "ndarray", "data": [[0.9999495031489527, 0.0048579863138492625, -0.008797222353508237, -0.73608015360652], [0.004868569069754771, -0.99998744993601, 0.0011819499518883553, 0.09098693514726092], [-0.008791370051114838, -0.001224720151787735, -0.9999606051606105, 0.0037428024851427436], [0.0, 0.0, 0.0, 1.0]]}, "mean_rme": {"type": "float", "data": 0.001663035939655656}, "max_rme": {"type": "float", "data": 0.006994256215607231}, "simu": {"type": "float", "data": 0.002}}, {"type": "dict", "image_number": {"type": "int", "data": 12}, "Hcamera2end": {"type": "ndarray", "data": [[0.9999791619934624, 0.006317104209721485, 0.0013303282512858307, -0.013599155851371253], [-0.0014108117709967193, 0.01275325416858164, 0.9999176786707284, 0.02621850640972381], [0.006299618162989502, -0.9998987192223594, 0.01276190066116556, 0.027322776392895428], [0.0, 0.0, 0.0, 1.0]]}, "Hobj2base": {"type": "ndarray", "data": [[0.9999463401287013, 0.005054257152129683, -0.009042751122075695, -0.7361041617985777], [0.00506493337962321, -0.9999865025035595, 0.0011581280405465236, 0.09087664756576735], [-0.009036775590642598, -0.0012038668275467469, -0.9999584428322936, 0.004180971747256461], [0.0, 0.0, 0.0, 1.0]]}, "mean_rme": {"type": "float", "data": 0.0015700077904766672}, "max_rme": {"type": "float", "data": 0.006908826525773404}, "simu": {"type": "float", "data": 0.002}}, {"type": "dict", "image_number": {"type": "int", "data": 13}, "Hcamera2end": {"type": "ndarray", "data": [[0.9999768332728091, 0.006781658559544452, -0.0005848289205316794, -0.012883225552704597], [0.0005071675548648123, 0.011447747882780579, 0.9999343437693715, 0.027825252465840777], [0.006787908275442828, -0.9999114751694742, 0.011444043238738821, 0.027881893162745957], [0.0, 0.0, 0.0, 1.0]]}, "Hobj2base": {"type": "ndarray", "data": [[0.999947765069925, 0.005748424753391183, -0.00845119781549264, -0.7360980395804387], [0.005752834690172431, -0.999983328507217, 0.0004975948708190249, 0.09079455805257416], [-0.008448196534736673, -0.0005461872229522176, -0.9999641641853114, 0.0025679818974397475], [0.0, 0.0, 0.0, 1.0]]}, "mean_rme": {"type": "float", "data": 0.0016651937513121919}, "max_rme": {"type": "float", "data": 0.0071560194658789045}, "simu": {"type": "float", "data": 0.002}}, {"type": "dict", "image_number": {"type": "int", "data": 14}, "Hcamera2end": {"type": "ndarray", "data": [[0.9999751598327629, 0.006960110175906073, -0.001112017886364369, -0.0130734717474244], [0.0010318099966415604, 0.011516940768968142, 0.9999331454869645, 0.027821999766489868], [0.006972451905260881, -0.9999094543715762, 0.011509473174976081, 0.028008406193487084], [0.0, 0.0, 0.0, 1.0]]}, "Hobj2base": {"type": "ndarray", "data": [[0.9999503380322835, 0.005610628729390318, -0.008236644607054845, -0.7363474140981872], [0.005602471098961011, -0.9999837927945527, -0.0010131464878920724, 0.09040783747533641], [-0.008242195502855553, 0.0009669506096804607, -0.9999655650170214, 0.002542556560604342], [0.0, 0.0, 0.0, 1.0]]}, "mean_rme": {"type": "float", "data": 0.0016329061468190998}, "max_rme": {"type": "float", "data": 0.007118581451407341}, "simu": {"type": "float", "data": 0.002}}, {"type": "dict", "image_number": {"type": "int", "data": 15}, "Hcamera2end": {"type": "ndarray", "data": [[0.9999744183769899, 0.00700954829066458, -0.0014243680569442792, -0.013033828458710985], [0.0013435707305766691, 0.01151799282962851, 0.9999327630690318, 0.027725430958850217], [0.007025482851216678, -0.9999090969052824, 0.011508280356760214, 0.028074502892657192], [0.0, 0.0, 0.0, 1.0]]}, "Hobj2base": {"type": "ndarray", "data": [[0.9999491593278217, 0.005636857905144144, -0.008360896634926817, -0.736449930002024], [0.005623068675866611, -0.999982792869941, -0.0016718441014122, 0.09038288077887661], [-0.008370176715530224, 0.0016247452077642912, -0.9999636495117015, 0.002640722429845299], [0.0, 0.0, 0.0, 1.0]]}, "mean_rme": {"type": "float", "data": 0.0015784070035552457}, "max_rme": {"type": "float", "data": 0.007171535979871968}, "simu": {"type": "float", "data": 0.002}}, {"type": "dict", "image_number": {"type": "int", "data": 16}, "Hcamera2end": {"type": "ndarray", "data": [[0.999981366054074, 0.006096776694604846, -0.0003112210858652012, -0.013617419443280215], [0.0002452844457394138, 0.01081276399140485, 0.9999415102746795, 0.02779559502079366], [0.006099785255961247, -0.9999229537563393, 0.01081106706245305, 0.02795014754404791], [0.0, 0.0, 0.0, 1.0]]}, "Hobj2base": {"type": "ndarray", "data": [[0.9999619433741002, 0.00456262595713582, -0.007436010211683175, -0.735974947384007], [0.0045554799776671455, -0.9999891458415224, -0.0009776509167974139, 0.09044975581217243], [-0.007440390155499895, 0.0009437391150691614, -0.9999718745798885, 0.002351571453505147], [0.0, 0.0, 0.0, 1.0]]}, "mean_rme": {"type": "float", "data": 0.001603742907794215}, "max_rme": {"type": "float", "data": 0.00733454097351105}, "simu": {"type": "float", "data": 0.002}}, {"type": "dict", "image_number": {"type": "int", "data": 17}, "Hcamera2end": {"type": "ndarray", "data": [[0.999979854870048, 0.0063116401603536265, -0.0006730917945111385, -0.013634323695049511], [0.0006063721768225041, 0.010566846100147131, 0.9999439854693258, 0.02791504656694235], [0.006318399074196129, -0.9999242496119306, 0.01056280602667592, 0.02780491278425514], [0.0, 0.0, 0.0, 1.0]]}, "Hobj2base": {"type": "ndarray", "data": [[0.9999625394140029, 0.005013669552020482, -0.007055698854239906, -0.7357829347285464], [0.00499983899754462, -0.9999855474797814, -0.0019764719983269194, 0.09010546569706641], [-0.007065506259087992, 0.0019411206002412956, -0.9999731549757311, 0.0021735551746376704], [0.0, 0.0, 0.0, 1.0]]}, "mean_rme": {"type": "float", "data": 0.001599392266609916}, "max_rme": {"type": "float", "data": 0.007330623932843977}, "simu": {"type": "float", "data": 0.002}}, {"type": "dict", "image_number": {"type": "int", "data": 18}, "Hcamera2end": {"type": "ndarray", "data": [[0.9999792543263079, 0.006366017532506383, -0.000982210658245458, -0.013457716241237235], [0.0009233254554094229, 0.009246275489974032, 0.9999568259978364, 0.027734980382075926], [0.006374824476386986, -0.9999369881199214, 0.009240205763722531, 0.028248802788251558], [0.0, 0.0, 0.0, 1.0]]}, "Hobj2base": {"type": "ndarray", "data": [[0.999969809348699, 0.005068164537022956, -0.005890169721871836, -0.735615828651014], [0.005060823202492459, -0.999986399375759, -0.0012606077971008946, 0.09022207232640207], [-0.005896478579619095, 0.0012307606309353975, -0.9999818582197526, 0.002158130834651865], [0.0, 0.0, 0.0, 1.0]]}, "mean_rme": {"type": "float", "data": 0.0015708847581464027}, "max_rme": {"type": "float", "data": 0.0075466696052877424}, "simu": {"type": "float", "data": 0.002}}, {"type": "dict", "image_number": {"type": "int", "data": 19}, "Hcamera2end": {"type": "ndarray", "data": [[0.9999831278521555, 0.005771261086935894, -0.0006607242133724587, -0.013392502961295821], [0.000611653964388028, 0.008500148344586678, 0.9999636860194212, 0.027668029195466088], [0.005776667763301395, -0.999947218618856, 0.008496474914103769, 0.028850134393879776], [0.0, 0.0, 0.0, 1.0]]}, "Hobj2base": {"type": "ndarray", "data": [[0.9999756704479638, 0.004618343390020046, -0.005227754439261211, -0.7356995660799663], [0.004612651448999704, -0.9999887563007324, -0.0011003266443435525, 0.09061642594879553], [-0.0052327773462472185, 0.0010761860647999291, -0.9999857298305803, 0.002219272543053319], [0.0, 0.0, 0.0, 1.0]]}, "mean_rme": {"type": "float", "data": 0.0016111288420269324}, "max_rme": {"type": "float", "data": 0.007518474433031719}, "simu": {"type": "float", "data": 0.002}}, {"type": "dict", "image_number": {"type": "int", "data": 20}, "Hcamera2end": {"type": "ndarray", "data": [[0.9999812647717197, 0.006083917360661299, -0.0006753185178696936, -0.013569127743433296], [0.0006286854240861832, 0.007663632603105985, 0.9999704363079752, 0.027612592631774947], [0.006088912890613171, -0.9999521261964862, 0.007659664153033652, 0.029360750810290874], [0.0, 0.0, 0.0, 1.0]]}, "Hobj2base": {"type": "ndarray", "data": [[0.9999758933662172, 0.004878524503422804, -0.004940919459509203, -0.7356314901846169], [0.004874938361198622, -0.999987845395921, -0.0007375882310985424, 0.09036334864307238], [-0.0049444577468482345, 0.0007134837725164187, -0.9999875215613925, 0.0021391202112403277], [0.0, 0.0, 0.0, 1.0]]}, "mean_rme": {"type": "float", "data": 0.0016316799555635328}, "max_rme": {"type": "float", "data": 0.00743087642783119}, "simu": {"type": "float", "data": 0.002}}, {"type": "dict", "image_number": {"type": "int", "data": 21}, "Hcamera2end": {"type": "ndarray", "data": [[0.9999804798657974, 0.006243335944656455, 0.0002462593180389762, -0.013776419086752808], [-0.00028891854896153637, 0.006832781458453563, 0.9999766145383665, 0.02781996938073362], [0.006241507305260989, -0.999957166009536, 0.00683445189720433, 0.02978450073568248], [0.0, 0.0, 0.0, 1.0]]}, "Hobj2base": {"type": "ndarray", "data": [[0.9999762012405752, 0.005033621072073336, -0.004718009259374855, -0.7358354598233048], [0.00503361973604347, -0.9999873311820227, -1.2157650127242969e-05, 0.09045341468440553], [-0.004718010684778201, -1.1591303732572689e-05, -0.999988870058472, 0.0019628338958530924], [0.0, 0.0, 0.0, 1.0]]}, "mean_rme": {"type": "float", "data": 0.0016336258405731578}, "max_rme": {"type": "float", "data": 0.007325864989436021}, "simu": {"type": "float", "data": 0.002}}, {"type": "dict", "image_number": {"type": "int", "data": 22}, "Hcamera2end": {"type": "ndarray", "data": [[0.9999797326207649, 0.006356423973002274, 0.00036086282568375833, -0.013651798059180315], [-0.0004021666562336475, 0.00649788739667001, 0.9999788076361222, 0.027838229747998336], [0.00635394441934554, -0.9999586858133969, 0.006500312043296819, 0.02996333368415584], [0.0, 0.0, 0.0, 1.0]]}, "Hobj2base": {"type": "ndarray", "data": [[0.9999737526588055, 0.005148441223458964, -0.0050977981947849605, -0.7359496793880147], [0.005151076504930682, -0.9999866061327678, 0.0005039503034858254, 0.09056988579826725], [-0.005095135357035724, -0.0005301962246382996, -0.9999868791577498, 0.001953738739225406], [0.0, 0.0, 0.0, 1.0]]}, "mean_rme": {"type": "float", "data": 0.0016208721538355758}, "max_rme": {"type": "float", "data": 0.00730147739686457}, "simu": {"type": "float", "data": 0.002}}, {"type": "dict", "image_number": {"type": "int", "data": 23}, "Hcamera2end": {"type": "ndarray", "data": [[0.9999807158547211, 0.0061243427882618, 0.0010297301060831362, -0.013561127839206802], [-0.001059784184865526, 0.004906095857846071, 0.9999874034611211, 0.02761440796795355], [0.006119213688131607, -0.9999692108504368, 0.004912491729610502, 0.031050672715060006], [0.0, 0.0, 0.0, 1.0]]}, "Hobj2base": {"type": "ndarray", "data": [[0.9999785472550727, 0.0054021194346582915, -0.0037043400556432057, -0.7360221517672122], [0.005407239829107715, -0.9999844373007685, 0.001373649771929568, 0.09108294027586449], [-0.003696861785983714, -0.0013936505584608244, -0.9999921954450726, 0.0018721453751577662], [0.0, 0.0, 0.0, 1.0]]}, "mean_rme": {"type": "float", "data": 0.0017549829771090048}, "max_rme": {"type": "float", "data": 0.007246873347583116}, "simu": {"type": "float", "data": 0.002}}, {"type": "dict", "image_number": {"type": "int", "data": 24}, "Hcamera2end": {"type": "ndarray", "data": [[0.9999863083483075, 0.005200385477222645, -0.00058232878334262, -0.013280009569789437], [0.0005494093257349636, 0.006329382255661042, 0.9999798183311772, 0.02765747705163727], [0.005203966306233443, -0.9999664468926694, 0.006326438455685146, 0.030787467423361047], [0.0, 0.0, 0.0, 1.0]]}, "Hobj2base": {"type": "ndarray", "data": [[0.999981743636286, 0.004512751450995542, -0.0040183912794523186, -0.7360130253409057], [0.004513314052716565, -0.9999898063722903, 0.0001309494993804012, 0.0905943355692862], [-0.004017759374924287, -0.00014908337054957819, -0.9999919176592151, 0.0017659670013735497], [0.0, 0.0, 0.0, 1.0]]}, "mean_rme": {"type": "float", "data": 0.001889355057340919}, "max_rme": {"type": "float", "data": 0.0070724293927959675}, "simu": {"type": "float", "data": 0.002}}, {"type": "dict", "image_number": {"type": "int", "data": 25}, "Hcamera2end": {"type": "ndarray", "data": [[0.9999875256250677, 0.004981918623506871, -0.00035927855964065867, -0.01338973186626762], [0.00032971596183312005, 0.005933530620493621, 0.9999823420949794, 0.027685470674137444], [0.004983962443595911, -0.9999699864001943, 0.005931813985317169, 0.030931748804512594], [0.0, 0.0, 0.0, 1.0]]}, "Hobj2base": {"type": "ndarray", "data": [[0.9999827231874018, 0.004523246429298478, -0.003754140174277751, -0.7359975168258746], [0.004524606240077163, -0.9999897013281205, 0.00035380230192262347, 0.09057195930492112], [-0.003752501176621057, -0.0003707821954052178, -0.99999289060247, 0.0016889259385126176], [0.0, 0.0, 0.0, 1.0]]}, "mean_rme": {"type": "float", "data": 0.0018399095053422106}, "max_rme": {"type": "float", "data": 0.007073559211639352}, "simu": {"type": "float", "data": 0.002}}, {"type": "dict", "image_number": {"type": "int", "data": 26}, "Hcamera2end": {"type": "ndarray", "data": [[0.9999840163563335, 0.005648518588652765, -0.00024752698790033367, -0.013699601631974053], [0.0002137736094455782, 0.005975437635446834, 0.9999821240631798, 0.02747544697698945], [0.005649896698170636, -0.9999661936199736, 0.00597413462197427, 0.03072663860034846], [0.0, 0.0, 0.0, 1.0]]}, "Hobj2base": {"type": "ndarray", "data": [[0.9999795427339832, 0.005144386352410588, -0.0038012369817062874, -0.7357600853834758], [0.005146929753887756, -0.9999865369177232, 0.0006596191384060534, 0.09036681764419802], [-0.0037977924696466435, -0.0006791703441245918, -0.999992557722307, 0.0018628377772820013], [0.0, 0.0, 0.0, 1.0]]}, "mean_rme": {"type": "float", "data": 0.00185334315080308}, "max_rme": {"type": "float", "data": 0.007183789951323641}, "simu": {"type": "float", "data": 0.002}}, {"type": "dict", "image_number": {"type": "int", "data": 27}, "Hcamera2end": {"type": "ndarray", "data": [[0.9999769639167706, 0.006745017324423687, -0.0007591950282379877, -0.01357530339313917], [0.0007203176181092711, 0.005764431871374098, 0.9999831260915003, 0.027266636464063552], [0.00674927983763589, -0.999960637258534, 0.005759440526628579, 0.03070859056758267], [0.0, 0.0, 0.0, 1.0]]}, "Hobj2base": {"type": "ndarray", "data": [[0.9999738546761292, 0.006118323041160624, -0.003854359522361234, -0.7359668549120393], [0.0061186541291278415, -0.9999812781141593, 7.411356341137185e-05, 0.09023755307955772], [-0.003853833910759586, -9.769511849489202e-05, -0.9999925691823175, 0.001980800232249173], [0.0, 0.0, 0.0, 1.0]]}, "mean_rme": {"type": "float", "data": 0.0019199924291735497}, "max_rme": {"type": "float", "data": 0.007252565538486105}, "simu": {"type": "float", "data": 0.002}}, {"type": "dict", "image_number": {"type": "int", "data": 28}, "Hcamera2end": {"type": "ndarray", "data": [[0.9999776396938651, 0.006645422563353513, -0.0007473093342126001, -0.013606318788576679], [0.0007083011432711043, 0.005870351253724704, 0.9999825184900225, 0.02723960865897451], [0.006649693359619682, -0.9999606878948354, 0.005865513030474445, 0.030621133706793466], [0.0, 0.0, 0.0, 1.0]]}, "Hobj2base": {"type": "ndarray", "data": [[0.999973480936281, 0.0059918539902637504, -0.004139457686279778, -0.735971661220313], [0.0059918726014246025, -0.9999820485389874, -7.905662924653724e-06, 0.09029649098828861], [-0.004139430746544448, -1.6897649821301387e-05, -0.9999914323770804, 0.002118857666449895], [0.0, 0.0, 0.0, 1.0]]}, "mean_rme": {"type": "float", "data": 0.001902595219137867}, "max_rme": {"type": "float", "data": 0.007333534126167218}, "simu": {"type": "float", "data": 0.002}}, {"type": "dict", "image_number": {"type": "int", "data": 29}, "Hcamera2end": {"type": "ndarray", "data": [[0.9999804405130464, 0.006232677317216679, -0.0005218474807968374, -0.013592886644952479], [0.0004847077438228779, 0.005958898452510963, 0.9999821281341161, 0.027833799416143834], [0.006235675563789334, -0.9999628219402421, 0.005955760872554006, 0.030551118111120587], [0.0, 0.0, 0.0, 1.0]]}, "Hobj2base": {"type": "ndarray", "data": [[0.9999756425831813, 0.005485925212714926, -0.004314958274903553, -0.7359297960492065], [0.005486985730142346, -0.9999849190074173, 0.00023397719329728734, 0.09055629817420381], [-0.004313609619665902, -0.00025764760869781953, -0.9999906631512914, 0.0016936978980999409], [0.0, 0.0, 0.0, 1.0]]}, "mean_rme": {"type": "float", "data": 0.0019056940233133618}, "max_rme": {"type": "float", "data": 0.007421299012261878}, "simu": {"type": "float", "data": 0.002}}, {"type": "dict", "image_number": {"type": "int", "data": 30}, "Hcamera2end": {"type": "ndarray", "data": [[0.9999772569723681, 0.006682371236051375, -0.0009118402722469421, -0.013562116318258963], [0.0008762612950975459, 0.005325299239769765, 0.9999854365710282, 0.027787755681161656], [0.006687129740121103, -0.9999634928849507, 0.005319322623068334, 0.030844732541977667], [0.0, 0.0, 0.0, 1.0]]}, "Hobj2base": {"type": "ndarray", "data": [[0.9999732169752389, 0.006120592146235114, -0.004012939567358578, -0.7360830734277466], [0.0061205918586903565, -0.9999812689259298, -1.2352601474320863e-05, 0.09030942409423416], [-0.004012940005925871, -1.2209294611101602e-05, -0.9999919480493042, 0.0016298634990812965], [0.0, 0.0, 0.0, 1.0]]}, "mean_rme": {"type": "float", "data": 0.0019067649249316038}, "max_rme": {"type": "float", "data": 0.007407202728961587}, "simu": {"type": "float", "data": 0.002}}]}