{"type": "list", "data": [{"type": "dict", "image_number": {"type": "int", "data": 5}, "Hcamera2end": {"type": "ndarray", "data": [[0.9992532479148346, -0.001072915291275834, -0.038623767092707845, -0.010605287219301351], [0.0386368557253034, 0.01806896929400925, 0.9990899387584253, 0.023956403334759915], [-0.0003740472110366523, -0.9998361671801184, 0.018096930326826688, 0.03428534262963601], [0.0, 0.0, 0.0, 1.0]]}, "Hobj2base": {"type": "ndarray", "data": [[0.999857192364797, -0.0004967592226003979, -0.016892249899293707, -0.7440661757576045], [-0.0010930139771291075, -0.9993759283229062, -0.035306645396803484, 0.0753789472750628], [-0.01686416902284922, 0.0353200668035125, -0.9992337527746771, 0.00026853625236800127], [0.0, 0.0, 0.0, 1.0]]}, "mean_rme": {"type": "float", "data": 0.001200738945580905}, "max_rme": {"type": "float", "data": 0.004849583677203867}, "simu": {"type": "float", "data": 0.002}}, {"type": "dict", "image_number": {"type": "int", "data": 6}, "Hcamera2end": {"type": "ndarray", "data": [[0.9995809796559245, -0.0013360842985280837, -0.02891504779261988, -0.010270169374309463], [0.028936315529529646, 0.020419411277504795, 0.9993726718730385, 0.02448177697450964], [-0.0007448178822814129, -0.9997906093386892, 0.02044951648560167, 0.034253486851620864], [0.0, 0.0, 0.0, 1.0]]}, "Hobj2base": {"type": "ndarray", "data": [[0.9998162810833024, -5.002995072820888e-05, -0.019167722289275064, -0.7454700124574417], [-0.0005488694212467275, -0.9996612562592482, -0.026020597159567956, 0.08070499294345725], [-0.019159927534131285, 0.026026337260285512, -0.9994776270360939, 0.0019552269252749908], [0.0, 0.0, 0.0, 1.0]]}, "mean_rme": {"type": "float", "data": 0.0013183898916651938}, "max_rme": {"type": "float", "data": 0.004850271536572276}, "simu": {"type": "float", "data": 0.002}}, {"type": "dict", "image_number": {"type": "int", "data": 7}, "Hcamera2end": {"type": "ndarray", "data": [[0.9999587707489243, -0.001518416186463699, -0.008952721071558261, -0.009019756438289485], [0.008963380731827696, 0.007165081676756113, 0.9999341575375961, 0.025141801134968056], [-0.0014541692324960965, -0.9999731776487059, 0.007178396408193288, 0.033652417674817636], [0.0, 0.0, 0.0, 1.0]]}, "Hobj2base": {"type": "ndarray", "data": [[0.9999715774566739, -0.0014876176608169733, -0.007391297078761563, -0.738505478598387], [-0.0015330326543911959, -0.9999799593924874, -0.006142525887548128, 0.09170041037456235], [-0.0073820112226854594, 0.006153682401120006, -0.9999538179852177, 0.0027832994634665676], [0.0, 0.0, 0.0, 1.0]]}, "mean_rme": {"type": "float", "data": 0.0013247623559231516}, "max_rme": {"type": "float", "data": 0.004217623847131036}, "simu": {"type": "float", "data": 0.002}}, {"type": "dict", "image_number": {"type": "int", "data": 8}, "Hcamera2end": {"type": "ndarray", "data": [[0.9999289372397123, -0.002608063392977554, -0.011632646990158872, -0.011173222061893041], [0.011645563001980748, 0.004993089780635174, 0.9999197217361049, 0.025185709932311128], [-0.002549771171367939, -0.999984133404016, 0.005023107324448994, 0.03380638225365717], [0.0, 0.0, 0.0, 1.0]]}, "Hobj2base": {"type": "ndarray", "data": [[0.9999730861780659, -0.0032857709385253463, -0.006559773536786448, -0.737402307860603], [-0.0033411083072733576, -0.9999587771611633, -0.00844280602817124, 0.08845929310537053], [-0.006531761997612167, 0.008464495713850762, -0.9999428425652719, 0.0024052185274124754], [0.0, 0.0, 0.0, 1.0]]}, "mean_rme": {"type": "float", "data": 0.0014572866066896173}, "max_rme": {"type": "float", "data": 0.0040660484651662}, "simu": {"type": "float", "data": 0.002}}, {"type": "dict", "image_number": {"type": "int", "data": 9}, "Hcamera2end": {"type": "ndarray", "data": [[0.9999236106124255, -0.002011746662519274, -0.012195319396237378, -0.01125295226269637], [0.012199235901290816, 0.0019461723869746983, 0.9999236926168239, 0.02613853099639504], [-0.0019878589575365504, -0.9999960826365301, 0.001970565492167675, 0.034916622903703405], [0.0, 0.0, 0.0, 1.0]]}, "Hobj2base": {"type": "ndarray", "data": [[0.999986510290338, -0.003292351833365465, -0.004017419166194998, -0.73765218605512], [-0.003331402500033575, -0.9999468921499637, -0.009752673326383118, 0.0882613840919408], [-0.003985096577794056, 0.009765925405905464, -0.9999443713058398, 0.001074755409171741], [0.0, 0.0, 0.0, 1.0]]}, "mean_rme": {"type": "float", "data": 0.00160742584745075}, "max_rme": {"type": "float", "data": 0.004811616223609372}, "simu": {"type": "float", "data": 0.002}}, {"type": "dict", "image_number": {"type": "int", "data": 10}, "Hcamera2end": {"type": "ndarray", "data": [[0.9999387118792978, -0.0015310706731409647, -0.010964866974311416, -0.012043684801061659], [0.010973268022482163, 0.005590907233134934, 0.9999241616968845, 0.02638154877216902], [-0.0014696510052621238, -0.9999831986483093, 0.005607365425795319, 0.034298228840365264], [0.0, 0.0, 0.0, 1.0]]}, "Hobj2base": {"type": "ndarray", "data": [[0.9999690679457982, -0.0024488852485463307, -0.007474363695396726, -0.7389025593505347], [-0.0025080291730090205, -0.9999655400641259, -0.007913815383833858, 0.08804764596884006], [-0.007454726103549889, 0.007932316515465197, -0.9999407509514853, 0.00194666087768125], [0.0, 0.0, 0.0, 1.0]]}, "mean_rme": {"type": "float", "data": 0.0015750711197914196}, "max_rme": {"type": "float", "data": 0.005364962675700524}, "simu": {"type": "float", "data": 0.002}}, {"type": "dict", "image_number": {"type": "int", "data": 11}, "Hcamera2end": {"type": "ndarray", "data": [[0.9999283156363793, -0.0009522676933421369, -0.01193552574601092, -0.011222111440209877], [0.011941821777389882, 0.00690525016493404, 0.9999048506797019, 0.0263576719627696], [-0.0008697592945921557, -0.999975705058078, 0.006916126977548509, 0.03400767888580343], [0.0, 0.0, 0.0, 1.0]]}, "Hobj2base": {"type": "ndarray", "data": [[0.9999530699776312, -0.0017285283797138535, -0.009532577403361437, -0.739574022447628], [-0.0018114605236559083, -0.9999605300130876, -0.008698104777250115, 0.0881342606323447], [-0.009517166231698885, 0.008714964462653236, -0.99991673300397, 0.0021669206172274524], [0.0, 0.0, 0.0, 1.0]]}, "mean_rme": {"type": "float", "data": 0.001626250382989594}, "max_rme": {"type": "float", "data": 0.005313761600870798}, "simu": {"type": "float", "data": 0.002}}, {"type": "dict", "image_number": {"type": "int", "data": 12}, "Hcamera2end": {"type": "ndarray", "data": [[0.9999499245483071, -0.0008441168128524232, -0.009971753238082255, -0.012151292390606035], [0.009977419894936227, 0.006998565689395941, 0.9999257328274592, 0.0264426443612809], [-0.0007742661526082733, -0.9999751534638736, 0.007006637340940092, 0.03348871663498299], [0.0, 0.0, 0.0, 1.0]]}, "Hobj2base": {"type": "ndarray", "data": [[0.9999556387164562, -0.0019463483152907114, -0.00921587366447877, -0.7390659083837455], [-0.002006074656671571, -0.9999770182225147, -0.006476008900613732, 0.08842061299107055], [-0.009203057298307362, 0.006494209347144058, -0.9999365624785004, 0.00237745310159955], [0.0, 0.0, 0.0, 1.0]]}, "mean_rme": {"type": "float", "data": 0.0016351613674116655}, "max_rme": {"type": "float", "data": 0.005308853666943558}, "simu": {"type": "float", "data": 0.002}}, {"type": "dict", "image_number": {"type": "int", "data": 13}, "Hcamera2end": {"type": "ndarray", "data": [[0.9999668485796783, -0.0007297648413590843, -0.00810982027562859, -0.01212275020929812], [0.008114440583505779, 0.006568198890332222, 0.9999455058238693, 0.02660721456905589], [-0.0006764581608901081, -0.9999781628648765, 0.006573902778655105, 0.032961298926076826], [0.0, 0.0, 0.0, 1.0]]}, "Hobj2base": {"type": "ndarray", "data": [[0.9999684929855308, -0.0018318328729852893, -0.007723821888933805, -0.7379508577412958], [-0.0018739409950243881, -0.9999834036123814, -0.005448012935377906, 0.08888213991319584], [-0.007713713852204366, 0.0054623152712314615, -0.9999553298675314, 0.002049476320499096], [0.0, 0.0, 0.0, 1.0]]}, "mean_rme": {"type": "float", "data": 0.0016635141994288114}, "max_rme": {"type": "float", "data": 0.0056469957032748985}, "simu": {"type": "float", "data": 0.002}}, {"type": "dict", "image_number": {"type": "int", "data": 14}, "Hcamera2end": {"type": "ndarray", "data": [[0.999973211140387, -0.0010879625817720798, -0.007238324322922051, -0.012445934390189865], [0.007244226575304762, 0.0055227168645016755, 0.9999585095291506, 0.026657960378839243], [-0.001047942225883362, -0.9999841578424407, 0.005530450364662709, 0.03273562721755098], [0.0, 0.0, 0.0, 1.0]]}, "Hobj2base": {"type": "ndarray", "data": [[0.9999819405952011, -0.002054104083177887, -0.005647932353629999, -0.7371984030667396], [-0.0020845740253198825, -0.9999832778962388, -0.005394300605932944, 0.08875241591656025], [-0.005636757453418608, 0.0054059767211558345, -0.9999695007254481, 0.0016190429862556993], [0.0, 0.0, 0.0, 1.0]]}, "mean_rme": {"type": "float", "data": 0.0016253258626207116}, "max_rme": {"type": "float", "data": 0.00551301638483917}, "simu": {"type": "float", "data": 0.002}}, {"type": "dict", "image_number": {"type": "int", "data": 15}, "Hcamera2end": {"type": "ndarray", "data": [[0.9999705380841897, 0.0007890244812338051, -0.0076354701220149555, -0.012992067571256649], [0.007631113017677785, 0.005384998028993615, 0.9999563830039485, 0.02682088689607166], [0.0008301070579136136, -0.9999851895086226, 0.0053788182416451, 0.03217371252210116], [0.0, 0.0, 0.0, 1.0]]}, "Hobj2base": {"type": "ndarray", "data": [[0.9999826932637088, 0.00013114428729464787, -0.005881834257714163, -0.7372705051737592], [9.419321078445731e-05, -0.9999802631419115, -0.00628207404222614, 0.08741964281903437], [-0.00588254202690912, 0.006281411291173293, -0.9999629691001022, 0.0016774556906854734], [0.0, 0.0, 0.0, 1.0]]}, "mean_rme": {"type": "float", "data": 0.0017818101495472069}, "max_rme": {"type": "float", "data": 0.0050132866673510135}, "simu": {"type": "float", "data": 0.002}}, {"type": "dict", "image_number": {"type": "int", "data": 16}, "Hcamera2end": {"type": "ndarray", "data": [[0.9999655697341295, 0.0010332144822526078, -0.008233578452368719, -0.012660778116348883], [0.008226660187522869, 0.0065304125587015704, 0.9999448363654728, 0.02690760484183137], [0.0010869261505149232, -0.999978142850956, 0.0065216878104146225, 0.031403273067529484], [0.0, 0.0, 0.0, 1.0]]}, "Hobj2base": {"type": "ndarray", "data": [[0.9999801569605556, 0.00042645583269743044, -0.006285206485493131, -0.7370990105857748], [0.00038320654966108155, -0.9999762541247219, -0.006880722304323998, 0.08732385425354505], [-0.006287991561923682, 0.006878177237588694, -0.9999565749771362, 0.001779147830780193], [0.0, 0.0, 0.0, 1.0]]}, "mean_rme": {"type": "float", "data": 0.0017610605678646156}, "max_rme": {"type": "float", "data": 0.005170119899730374}, "simu": {"type": "float", "data": 0.002}}, {"type": "dict", "image_number": {"type": "int", "data": 17}, "Hcamera2end": {"type": "ndarray", "data": [[0.9999842334787231, -0.0024974827879380096, -0.005029450635458069, -0.012958105756527723], [0.005045626124708011, 0.006513214253176192, 0.9999660592725644, 0.02714502657816029], [-0.002464640131990918, -0.9999756700139341, 0.006525712926845895, 0.030736348135581976], [0.0, 0.0, 0.0, 1.0]]}, "Hobj2base": {"type": "ndarray", "data": [[0.999982112752752, -0.002990000250021994, -0.005180161488533091, -0.7357102527380025], [-0.0030134711911547502, -0.9999852031775911, -0.00452906361763487, 0.08888615412133012], [-0.0051665429372544, 0.004544592872565364, -0.9999763264746324, 0.0016925781446260663], [0.0, 0.0, 0.0, 1.0]]}, "mean_rme": {"type": "float", "data": 0.001831876197992251}, "max_rme": {"type": "float", "data": 0.006215464281107752}, "simu": {"type": "float", "data": 0.002}}, {"type": "dict", "image_number": {"type": "int", "data": 18}, "Hcamera2end": {"type": "ndarray", "data": [[0.9999851972927425, -0.0022995764664396423, -0.004931241574885057, -0.012872373314964828], [0.0049463886269038694, 0.006628389768042697, 0.9999657982594375, 0.027257295303570635], [-0.0022668116257232203, -0.9999753878957008, 0.006639666248809628, 0.03106638090060855], [0.0, 0.0, 0.0, 1.0]]}, "Hobj2base": {"type": "ndarray", "data": [[0.9999809123965762, -0.002552055801953423, -0.005626886678694961, -0.7361367071152749], [-0.002577681180109058, -0.9999863193549969, -0.0045515560613547034, 0.08864554898642875], [-0.00561519387420154, 0.0045659735029519215, -0.9999738103989151, 0.0017336236973737379], [0.0, 0.0, 0.0, 1.0]]}, "mean_rme": {"type": "float", "data": 0.0018789676817227144}, "max_rme": {"type": "float", "data": 0.006259760254236191}, "simu": {"type": "float", "data": 0.002}}, {"type": "dict", "image_number": {"type": "int", "data": 19}, "Hcamera2end": {"type": "ndarray", "data": [[0.9999850528679186, -0.0022101707730994577, -0.005000918505601683, -0.012301566829426324], [0.005009279177660927, 0.0037936107985890866, 0.9999802576247339, 0.02718717042573907], [-0.0021911556006329385, -0.9999903617846837, 0.0038046254574202187, 0.03182641742254073], [0.0, 0.0, 0.0, 1.0]]}, "Hobj2base": {"type": "ndarray", "data": [[0.9999898681763443, -0.0026078707567103203, -0.003669135425928966, -0.7357019064454956], [-0.0026227419724860522, -0.9999883426792948, -0.004054100401206949, 0.08937537409041206], [-0.0036585200837595203, 0.004063682521260921, -0.9999850507458414, 0.001528863679507658], [0.0, 0.0, 0.0, 1.0]]}, "mean_rme": {"type": "float", "data": 0.001962254816120462}, "max_rme": {"type": "float", "data": 0.005878192843745689}, "simu": {"type": "float", "data": 0.002}}, {"type": "dict", "image_number": {"type": "int", "data": 20}, "Hcamera2end": {"type": "ndarray", "data": [[0.9999828559373866, -0.0036372362756256684, -0.004588937086435905, -0.01197965862965406], [0.004599585631049119, 0.002924709215101906, 0.999985144833677, 0.02719865916090066], [-0.003623760937291616, -0.999989108234826, 0.0029413888534141064, 0.03201611634289623], [0.0, 0.0, 0.0, 1.0]]}, "Hobj2base": {"type": "ndarray", "data": [[0.999985946351574, -0.004155707713655312, -0.0032919891776185587, -0.7354562720987963], [-0.004167381013950033, -0.9999850254519957, -0.0035470843316045943, 0.0902073128591315], [-0.003277199235850755, 0.003560753455325397, -0.9999882904314421, 0.0015485882738466906], [0.0, 0.0, 0.0, 1.0]]}, "mean_rme": {"type": "float", "data": 0.0020028635964265207}, "max_rme": {"type": "float", "data": 0.006161436078410215}, "simu": {"type": "float", "data": 0.002}}, {"type": "dict", "image_number": {"type": "int", "data": 21}, "Hcamera2end": {"type": "ndarray", "data": [[0.9999872609967342, -0.003331899843412644, -0.0037916075328162046, -0.012326875908602689], [0.00380253126930281, 0.003278334837155339, 0.9999873965588972, 0.02581792946352877], [-0.003319427690945556, -0.9999890754223912, 0.0032909627277778464, 0.03181404603194357], [0.0, 0.0, 0.0, 1.0]]}, "Hobj2base": {"type": "ndarray", "data": [[0.9999872327948944, -0.003962898364417923, -0.003135232648924999, -0.7354032173306935], [-0.003973092178548912, -0.999986819903742, -0.0032518544464759263, 0.0900732388476439], [-0.0031223045575896314, 0.0032642694976986095, -0.9999897978274057, 0.0029217179102080156], [0.0, 0.0, 0.0, 1.0]]}, "mean_rme": {"type": "float", "data": 0.0019951629493380487}, "max_rme": {"type": "float", "data": 0.006045164104761885}, "simu": {"type": "float", "data": 0.002}}, {"type": "dict", "image_number": {"type": "int", "data": 22}, "Hcamera2end": {"type": "ndarray", "data": [[0.9999913013024133, -0.0016947650951478913, -0.0038111797095179787, -0.012286481801452621], [0.003819343225869835, 0.004840040459003658, 0.9999809931322086, 0.025630551302075786], [-0.0016762866189811898, -0.9999868508033629, 0.004846471246541029, 0.03167685594492511], [0.0, 0.0, 0.0, 1.0]]}, "Hobj2base": {"type": "ndarray", "data": [[0.9999889248717636, -0.0023890128601423036, -0.004054966259820726, -0.7361367309160609], [-0.0024019984171345155, -0.9999919934411219, -0.0032005401505899858, 0.09014742451070445], [-0.004047287661915457, 0.003210244726735016, -0.9999866568066678, 0.0031943025728451524], [0.0, 0.0, 0.0, 1.0]]}, "mean_rme": {"type": "float", "data": 0.0020281930050091027}, "max_rme": {"type": "float", "data": 0.006020481872162309}, "simu": {"type": "float", "data": 0.002}}, {"type": "dict", "image_number": {"type": "int", "data": 23}, "Hcamera2end": {"type": "ndarray", "data": [[0.9999910441019825, -0.00067649127751385, -0.004177807484590672, -0.012295307001074039], [0.004181400870152821, 0.0054004903627913325, 0.9999766750232748, 0.025427141975699435], [-0.0006539132893124192, -0.9999851884220048, 0.005403270677766803, 0.03153521018090939], [0.0, 0.0, 0.0, 1.0]]}, "Hobj2base": {"type": "ndarray", "data": [[0.9999891879361809, -0.0013103068136335026, -0.004461738090902166, -0.7361540937123161], [-0.0013261160931608, -0.9999928471355128, -0.003542187730554505, 0.09009546225529849], [-0.004457064823975709, 0.0035480662148805165, -0.9999837727679834, 0.0033985788176982305], [0.0, 0.0, 0.0, 1.0]]}, "mean_rme": {"type": "float", "data": 0.0021344563905568}, "max_rme": {"type": "float", "data": 0.006419240860192549}, "simu": {"type": "float", "data": 0.002}}, {"type": "dict", "image_number": {"type": "int", "data": 24}, "Hcamera2end": {"type": "ndarray", "data": [[0.9999912455311569, -0.0015560080471268083, -0.003884288867058995, -0.012023555326936155], [0.0038939661177059223, 0.0062652940265413015, 0.9999727911891579, 0.025440637582045213], [-0.0015316294981620395, -0.9999791622477533, 0.006271298219834409, 0.03140674026353092], [0.0, 0.0, 0.0, 1.0]]}, "Hobj2base": {"type": "ndarray", "data": [[0.9999871027828019, -0.001998319123861448, -0.004669152892900278, -0.7361816448021847], [-0.0020131164472809585, -0.9999929599184365, -0.0031666189752639685, 0.09072891201508969], [-0.0046627921064268255, 0.003175977683174828, -0.9999840856411311, 0.0035541941478775285], [0.0, 0.0, 0.0, 1.0]]}, "mean_rme": {"type": "float", "data": 0.002194120829672318}, "max_rme": {"type": "float", "data": 0.006427699873197967}, "simu": {"type": "float", "data": 0.002}}, {"type": "dict", "image_number": {"type": "int", "data": 25}, "Hcamera2end": {"type": "ndarray", "data": [[0.9999906918241338, -0.002460090564347703, -0.003544604280526689, -0.012200291890633007], [0.0035608824187278046, 0.006644352735091008, 0.9999715859428866, 0.02537418051773753], [-0.0024364690620477703, -0.9999748999505673, 0.006653050981526243, 0.031096383312764115], [0.0, 0.0, 0.0, 1.0]]}, "Hobj2base": {"type": "ndarray", "data": [[0.9999830929357137, -0.0029245220703641426, -0.005026033563712308, -0.7362139506254323], [-0.002938292049502842, -0.999991944349093, -0.002734534101448183, 0.09098949932892252], [-0.005017995870408624, 0.002749255822965127, -0.9999836305209522, 0.0036504981360999844], [0.0, 0.0, 0.0, 1.0]]}, "mean_rme": {"type": "float", "data": 0.002219487685669538}, "max_rme": {"type": "float", "data": 0.006394248427038285}, "simu": {"type": "float", "data": 0.002}}, {"type": "dict", "image_number": {"type": "int", "data": 26}, "Hcamera2end": {"type": "ndarray", "data": [[0.9999875953664552, -0.0022207703385646056, -0.004458395711234915, -0.011700996412921326], [0.004474074836356259, 0.007106009640316824, 0.9999647430191478, 0.02535640600261789], [-0.0021890106380029195, -0.9999722860190152, 0.007115857385560309, 0.030915196961092937], [0.0, 0.0, 0.0, 1.0]]}, "Hobj2base": {"type": "ndarray", "data": [[0.9999828863384924, -0.0027748853906544553, -0.005150440874966217, -0.7362662771719173], [-0.002793768877197146, -0.9999893892600078, -0.003662816246834179, 0.09100835759391784], [-0.005140222329685253, 0.003677142704057091, -0.9999800281685309, 0.003695002818224542], [0.0, 0.0, 0.0, 1.0]]}, "mean_rme": {"type": "float", "data": 0.0022030482607709504}, "max_rme": {"type": "float", "data": 0.006390169986985633}, "simu": {"type": "float", "data": 0.002}}, {"type": "dict", "image_number": {"type": "int", "data": 27}, "Hcamera2end": {"type": "ndarray", "data": [[0.9999914990262171, -0.00233181175863011, -0.0034006659967779516, -0.012282642045829384], [0.003415159765812812, 0.00624011727451157, 0.999974698490004, 0.027376826846448217], [-0.002310532205640252, -0.9999778115489977, 0.006248027737137729, 0.03141835678081654], [0.0, 0.0, 0.0, 1.0]]}, "Hobj2base": {"type": "ndarray", "data": [[0.9999862299831388, -0.003010995636235426, -0.004298109978549382, -0.7362150127651846], [-0.0030224540274878618, -0.9999918894637823, -0.0026619125280120575, 0.09119210683660814], [-0.004290060111566848, 0.002674866713246916, -0.9999872201544908, 0.001735817422409611], [0.0, 0.0, 0.0, 1.0]]}, "mean_rme": {"type": "float", "data": 0.002215415351400905}, "max_rme": {"type": "float", "data": 0.00656556164844993}, "simu": {"type": "float", "data": 0.002}}, {"type": "dict", "image_number": {"type": "int", "data": 28}, "Hcamera2end": {"type": "ndarray", "data": [[0.9999924902083507, -0.0023762268757917216, -0.003061547441467886, -0.01257069553044609], [0.0030753842610742104, 0.005841376337752169, 0.9999782099296601, 0.02738848167199955], [-0.0023582914468594585, -0.9999801157364658, 0.005848640280967432, 0.03162998572030219], [0.0, 0.0, 0.0, 1.0]]}, "Hobj2base": {"type": "ndarray", "data": [[0.9999868968326145, -0.0028727433078707533, -0.004237158123680512, -0.7361394026314363], [-0.002882640334202773, -0.9999931271872418, -0.00233151516929587, 0.09110315584657334], [-0.004230431157886307, 0.0023436988219720616, -0.9999883051956409, 0.001809233188611836], [0.0, 0.0, 0.0, 1.0]]}, "mean_rme": {"type": "float", "data": 0.002189802138754887}, "max_rme": {"type": "float", "data": 0.006562041892784837}, "simu": {"type": "float", "data": 0.002}}, {"type": "dict", "image_number": {"type": "int", "data": 29}, "Hcamera2end": {"type": "ndarray", "data": [[0.9999944129147845, -0.0019490385261508266, -0.002715766565622881, -0.012858814749998474], [0.0027271222895353634, 0.005847507422922171, 0.9999791845138363, 0.027290648360020955], [-0.0019331174908149488, -0.9999810037724529, 0.005852790018807674, 0.03188641495480277], [0.0, 0.0, 0.0, 1.0]]}, "Hobj2base": {"type": "ndarray", "data": [[0.9999881404625419, -0.0025004115962286365, -0.004179339196219196, -0.7364630090084954], [-0.0025091741270604957, -0.999994662303453, -0.002092703945534451, 0.09105076127441498], [-0.004174084266961911, 0.002103165816812983, -0.9999890767973818, 0.0018878132133520818], [0.0, 0.0, 0.0, 1.0]]}, "mean_rme": {"type": "float", "data": 0.002179921646498009}, "max_rme": {"type": "float", "data": 0.006545472064971025}, "simu": {"type": "float", "data": 0.002}}, {"type": "dict", "image_number": {"type": "int", "data": 30}, "Hcamera2end": {"type": "ndarray", "data": [[0.9999952683813794, -0.0011177174299894588, -0.002865994173007942, -0.012825029150355919], [0.002871879817761485, 0.005300204998874403, 0.999981829901565, 0.027160549460514036], [-0.0011025067643112107, -0.9999853291597416, 0.0053033898704548665, 0.03193307215256177], [0.0, 0.0, 0.0, 1.0]]}, "Hobj2base": {"type": "ndarray", "data": [[0.9999912280556196, -0.0015590948372936444, -0.0038875487266484855, -0.7364327262150717], [-0.0015670956577516417, -0.9999966588054123, -0.0020558670214199334, 0.09102383703600674], [-0.0038843304459324655, 0.0020619411481975964, -0.9999903301410902, 0.0019889465716116106], [0.0, 0.0, 0.0, 1.0]]}, "mean_rme": {"type": "float", "data": 0.0021794420862864443}, "max_rme": {"type": "float", "data": 0.006789411743887447}, "simu": {"type": "float", "data": 0.002}}]}