{"type": "list", "data": [{"type": "dict", "image_number": {"type": "int", "data": 5}, "Hcamera2end": {"type": "ndarray", "data": [[0.9997845909219141, 0.0033554084486525654, -0.020482016239708627, -0.014152244339013728], [0.020507824745838503, -0.007846782054815815, 0.9997588995030643, 0.02773717063532621], [0.003193881540531983, -0.9999635839596995, -0.007913903915143017, 0.025715420626112474], [0.0, 0.0, 0.0, 1.0]]}, "Hobj2base": {"type": "ndarray", "data": [[0.999913217690556, 0.001290253667574773, 0.013110771647468364, -0.7232651513872413], [0.001507241061550556, -0.9998618381931272, -0.016553934560786722, 0.08051778643066515], [0.013087601464788209, 0.016572259065490827, -0.9997770125969916, -0.005124164411382281], [0.0, 0.0, 0.0, 1.0]]}, "mean_rme": {"type": "float", "data": 0.0012548640200372443}, "max_rme": {"type": "float", "data": 0.004577009266211102}, "simu": {"type": "float", "data": 0.002}}, {"type": "dict", "image_number": {"type": "int", "data": 6}, "Hcamera2end": {"type": "ndarray", "data": [[0.9999711798865868, 0.002738938056201875, -0.007080791943825257, -0.01300455858812519], [0.007048503325746159, 0.01162401762001275, 0.9999075961383815, 0.028430014761700807], [0.0028209922180674175, -0.999928687673623, 0.011604377200508553, 0.02722675657275103], [0.0, 0.0, 0.0, 1.0]]}, "Hobj2base": {"type": "ndarray", "data": [[0.9999694079213766, 0.0025891932442828843, -0.0073810093967794956, -0.7343867781350554], [0.0025599802153225405, -0.9999888642900563, -0.003964567716737629, 0.0878223548056803], [-0.007391192235948441, 0.0039455511943454645, -0.9999649008355762, 0.0002986103012615852], [0.0, 0.0, 0.0, 1.0]]}, "mean_rme": {"type": "float", "data": 0.0012519343767169629}, "max_rme": {"type": "float", "data": 0.004284417025657544}, "simu": {"type": "float", "data": 0.002}}, {"type": "dict", "image_number": {"type": "int", "data": 7}, "Hcamera2end": {"type": "ndarray", "data": [[0.9999977618793678, 0.00210732845323624, 0.00018815696993530414, -0.013504637251478154], [-0.00020996134231374434, 0.010351489188381469, 0.9999463998574212, 0.028817438934644304], [0.0021052677952906823, -0.9999442013624427, 0.010351908478010707, 0.027745320445263913], [0.0, 0.0, 0.0, 1.0]]}, "Hobj2base": {"type": "ndarray", "data": [[0.999978427382325, 0.0023870697447999074, -0.006119368268500501, -0.7340308865274021], [0.0024054190832768075, -0.9999926280376712, 0.00299296330524538, 0.09077632814570402], [-0.006112178744594899, -0.00300761838440293, -0.9999767974821461, 0.0013538753984002933], [0.0, 0.0, 0.0, 1.0]]}, "mean_rme": {"type": "float", "data": 0.0012976581212041573}, "max_rme": {"type": "float", "data": 0.004032974287336871}, "simu": {"type": "float", "data": 0.002}}, {"type": "dict", "image_number": {"type": "int", "data": 8}, "Hcamera2end": {"type": "ndarray", "data": [[0.9999968928981023, 0.002357652907927247, -0.0008097326145593163, -0.015007922446453348], [0.0007953871479043913, 0.006079232022875303, 0.999981204972022, 0.028356689808360997], [0.0023625311482152753, -0.9999787419794373, 0.006077337887259726, 0.027690797244970877], [0.0, 0.0, 0.0, 1.0]]}, "Hobj2base": {"type": "ndarray", "data": [[0.9999935138717517, 0.002432808518117264, -0.0026558721996593885, -0.7323644892925779], [0.002432856066307835, -0.9999970404936596, 1.4672500564326584e-05, 0.08841606502207525], [-0.00265582864420442, -2.113376018888588e-05, -0.9999964730575686, 0.0002228480202868255], [0.0, 0.0, 0.0, 1.0]]}, "mean_rme": {"type": "float", "data": 0.0014177641141323437}, "max_rme": {"type": "float", "data": 0.005336008622403576}, "simu": {"type": "float", "data": 0.002}}, {"type": "dict", "image_number": {"type": "int", "data": 9}, "Hcamera2end": {"type": "ndarray", "data": [[0.9999928820707241, 0.0028340879062095812, -0.002490733551952008, -0.01460713859646471], [0.0024743364203374625, 0.005774553199921262, 0.9999802659025929, 0.028611055725481335], [0.0028484148514453553, -0.9999793110265238, 0.005767499610135229, 0.028357423500358376], [0.0, 0.0, 0.0, 1.0]]}, "Hobj2base": {"type": "ndarray", "data": [[0.9999931802074677, 0.0029526578079666996, -0.002218411689494942, -0.7330191452770989], [0.0029486690831608455, -0.9999940342165134, -0.001799133686031475, 0.08821239080544009], [-0.0022237106810567555, 0.001792580054350462, -0.9999959208754581, -2.11771829242085e-05], [0.0, 0.0, 0.0, 1.0]]}, "mean_rme": {"type": "float", "data": 0.0014855954438100598}, "max_rme": {"type": "float", "data": 0.005473781073577988}, "simu": {"type": "float", "data": 0.002}}, {"type": "dict", "image_number": {"type": "int", "data": 10}, "Hcamera2end": {"type": "ndarray", "data": [[0.9999952528316136, 0.002737935889738167, -0.0014135138134351555, -0.015454015319787939], [0.0013923924829818118, 0.007700931131854882, 0.999969377982584, 0.028861484200159406], [0.002748737421148857, -0.999966599125574, 0.007697082292886348, 0.027962441607286188], [0.0, 0.0, 0.0, 1.0]]}, "Hobj2base": {"type": "ndarray", "data": [[0.9999864178912575, 0.003291715786957611, -0.004040871216598905, -0.7337109139375851], [0.0032870177856124403, -0.9999939147945003, -0.0011687121311279008, 0.08793108801260203], [-0.004044693695239599, 0.0011554138419943173, -0.9999911526967447, 0.0004937395715000515], [0.0, 0.0, 0.0, 1.0]]}, "mean_rme": {"type": "float", "data": 0.001526227675700331}, "max_rme": {"type": "float", "data": 0.005954950050177765}, "simu": {"type": "float", "data": 0.002}}, {"type": "dict", "image_number": {"type": "int", "data": 11}, "Hcamera2end": {"type": "ndarray", "data": [[0.999993976420274, 0.002321899361580732, 0.0025799043631712457, -0.016150479032192782], [-0.002597328132794248, 0.007532635053809411, 0.9999682561440222, 0.02904926665148556], [0.002302392177500303, -0.9999689336136903, 0.007538620414914932, 0.02868806947730383], [0.0, 0.0, 0.0, 1.0]]}, "Hobj2base": {"type": "ndarray", "data": [[0.9999835401537397, 0.003300578542221323, -0.004693144242489183, -0.7347149851577449], [0.0033121496290503976, -0.9999914892452104, 0.0024598987743665113, 0.08893507223508289], [-0.0046849852111786345, -0.0024754026807727097, -0.9999859615490301, 0.0013242552668488727], [0.0, 0.0, 0.0, 1.0]]}, "mean_rme": {"type": "float", "data": 0.0016571160719072646}, "max_rme": {"type": "float", "data": 0.0066778514663246025}, "simu": {"type": "float", "data": 0.002}}, {"type": "dict", "image_number": {"type": "int", "data": 12}, "Hcamera2end": {"type": "ndarray", "data": [[0.9999874245421178, 0.004327085577074153, 0.002535170217358873, -0.015731739397750286], [-0.0025618808262851092, 0.006178546985504019, 0.9999776309117018, 0.028987547615950012], [0.004311325115810604, -0.9999715505390924, 0.006189554765020255, 0.029099931739247385], [0.0, 0.0, 0.0, 1.0]]}, "Hobj2base": {"type": "ndarray", "data": [[0.9999788061361358, 0.0050818232376298265, -0.004069686858964393, -0.7350676995754557], [0.005093573261869556, -0.9999828744606962, 0.002882064667749463, 0.08899598369644167], [-0.0040549710201812144, -0.00290273283383225, -0.9999875655987531, 0.001244239281188414], [0.0, 0.0, 0.0, 1.0]]}, "mean_rme": {"type": "float", "data": 0.0017543649294466989}, "max_rme": {"type": "float", "data": 0.006535472177210067}, "simu": {"type": "float", "data": 0.002}}, {"type": "dict", "image_number": {"type": "int", "data": 13}, "Hcamera2end": {"type": "ndarray", "data": [[0.9999879604827272, 0.004070900077308235, 0.002739828855269265, -0.016202326935976827], [-0.002761144717433617, 0.005239793423099548, 0.9999824601685435, 0.02900667672760428], [0.004056472537190744, -0.9999779859264123, 0.005250970682759704, 0.029286915202666835], [0.0, 0.0, 0.0, 1.0]]}, "Hobj2base": {"type": "ndarray", "data": [[0.9999843508633741, 0.0045557468550340464, -0.003247029249819602, -0.7346046872304004], [0.00456728208427425, -0.9999832542566358, 0.0035540316081742835, 0.08882652761957564], [-0.0032307836075794556, -0.00356880608916789, -0.9999884127630578, 0.0010841360103946002], [0.0, 0.0, 0.0, 1.0]]}, "mean_rme": {"type": "float", "data": 0.0016943862708979874}, "max_rme": {"type": "float", "data": 0.006507173586175252}, "simu": {"type": "float", "data": 0.002}}, {"type": "dict", "image_number": {"type": "int", "data": 14}, "Hcamera2end": {"type": "ndarray", "data": [[0.9999912842297822, 0.003689622022936939, 0.0019540096721496706, -0.015742595544198084], [-0.001968250159816814, 0.003859927713417033, 0.9999906134306239, 0.02911861592585569], [0.0036820450539580335, -0.9999857437220668, 0.003867156170310304, 0.02990746732390822], [0.0, 0.0, 0.0, 1.0]]}, "Hobj2base": {"type": "ndarray", "data": [[0.9999874021998897, 0.004681124703991035, -0.0018117706868737914, -0.7345798774882345], [0.0046857866784369715, -0.9999856997807786, 0.0025775253928689043, 0.088772153748674], [-0.0017996790603640675, -0.0025859824926681616, -0.9999950369125976, 0.0009759805339108593], [0.0, 0.0, 0.0, 1.0]]}, "mean_rme": {"type": "float", "data": 0.0017270754326959138}, "max_rme": {"type": "float", "data": 0.0067484619596074324}, "simu": {"type": "float", "data": 0.002}}, {"type": "dict", "image_number": {"type": "int", "data": 15}, "Hcamera2end": {"type": "ndarray", "data": [[0.9999914299099703, 0.0034817365153702587, 0.002240003895240093, -0.01595942006938991], [-0.0022548315529843134, 0.0042606209230573455, 0.9999883813545123, 0.029145073815838973], [0.003472152254844216, -0.9999848621955172, 0.004268435138506499, 0.029840651902616325], [0.0, 0.0, 0.0, 1.0]]}, "Hobj2base": {"type": "ndarray", "data": [[0.9999867322335317, 0.004640912303753082, -0.002235461896750138, -0.734596440635279], [0.004647113185260194, -0.9999853470047466, 0.0027767093546082677, 0.08866189936369644], [-0.002222542675929828, -0.002787060958332535, -0.9999936462774492, 0.0011232487818772323], [0.0, 0.0, 0.0, 1.0]]}, "mean_rme": {"type": "float", "data": 0.0016889496209129497}, "max_rme": {"type": "float", "data": 0.006849499763466493}, "simu": {"type": "float", "data": 0.002}}, {"type": "dict", "image_number": {"type": "int", "data": 16}, "Hcamera2end": {"type": "ndarray", "data": [[0.9999949966490902, 0.0027817195739081725, 0.001506224750212375, -0.01581015291384789], [-0.001515952330796109, 0.003498175236223533, 0.9999927323028639, 0.029139447736843977], [0.002776430319091412, -0.9999900123532377, 0.0035023746878969364, 0.030058976298356858], [0.0, 0.0, 0.0, 1.0]]}, "Hobj2base": {"type": "ndarray", "data": [[0.9999921325319585, 0.003720614832793414, -0.001375463358995203, -0.7342034673959129], [0.0037234123521376924, -0.9999909934990117, 0.0020369392026608666, 0.08878255030514207], [-0.0013678723046721827, -0.0020420445943675823, -0.9999969794850545, 0.0007555220997260033], [0.0, 0.0, 0.0, 1.0]]}, "mean_rme": {"type": "float", "data": 0.0017244939367245132}, "max_rme": {"type": "float", "data": 0.006635907184285306}, "simu": {"type": "float", "data": 0.002}}, {"type": "dict", "image_number": {"type": "int", "data": 17}, "Hcamera2end": {"type": "ndarray", "data": [[0.9999952418353516, 0.002448095756355853, 0.0018770012851581676, -0.0160874196124854], [-0.0018860275819336456, 0.0036899862906806247, 0.9999914134137027, 0.02937904635428762], [0.002441148626560553, -0.9999901953661057, 0.0036945859092379907, 0.03060761587980525], [0.0, 0.0, 0.0, 1.0]]}, "Hobj2base": {"type": "ndarray", "data": [[0.9999918185518022, 0.003494288931700758, -0.0020378356953766694, -0.734751937986287], [0.0034992185823038407, -0.9999909482001446, 0.0024205344634781203, 0.08919127200070238], [-0.002029359202511285, -0.0024276454925337408, -0.9999949941067652, 0.0007265406638697347], [0.0, 0.0, 0.0, 1.0]]}, "mean_rme": {"type": "float", "data": 0.0017942679546758468}, "max_rme": {"type": "float", "data": 0.0066872604874176345}, "simu": {"type": "float", "data": 0.002}}, {"type": "dict", "image_number": {"type": "int", "data": 18}, "Hcamera2end": {"type": "ndarray", "data": [[0.9999939318004226, 0.003110874710387362, 0.0015680627755481282, -0.016122210097967427], [-0.001578774616759713, 0.0034438912095502427, 0.9999928235162721, 0.029373582897637907], [0.00310545214763689, -0.9999892309779506, 0.0034487816813597583, 0.03088304896387652], [0.0, 0.0, 0.0, 1.0]]}, "Hobj2base": {"type": "ndarray", "data": [[0.9999906723399627, 0.003870317191078657, -0.001917257914231097, -0.7347820177874275], [0.003874509071059091, -0.9999901014068378, 0.0021875254973060896, 0.08884528802239999], [-0.0019087725185368697, -0.0021949335259921765, -0.9999957694181958, 0.0007711045539532237], [0.0, 0.0, 0.0, 1.0]]}, "mean_rme": {"type": "float", "data": 0.0017856013248003324}, "max_rme": {"type": "float", "data": 0.00673865624024772}, "simu": {"type": "float", "data": 0.002}}, {"type": "dict", "image_number": {"type": "int", "data": 19}, "Hcamera2end": {"type": "ndarray", "data": [[0.9999934919729578, 0.0034735825562879708, 0.0009748004691418708, -0.015995183773965034], [-0.000985526302099785, 0.0030874575312932473, 0.9999947481581593, 0.029442957681050368], [0.0034705546585318044, -0.9999892008567979, 0.003090860745007862, 0.030855276569443642], [0.0, 0.0, 0.0, 1.0]]}, "Hobj2base": {"type": "ndarray", "data": [[0.999991520931777, 0.003719307199902479, -0.0017677156174063845, -0.7345205568846633], [0.003722334283625446, -0.9999916062077117, 0.0017122329287115171, 0.0888525610272002], [-0.001761332459309, -0.0017187984390180729, -0.9999969717153618, 0.0006470630722626231], [0.0, 0.0, 0.0, 1.0]]}, "mean_rme": {"type": "float", "data": 0.0017786454579978984}, "max_rme": {"type": "float", "data": 0.0066919757963769255}, "simu": {"type": "float", "data": 0.002}}, {"type": "dict", "image_number": {"type": "int", "data": 20}, "Hcamera2end": {"type": "ndarray", "data": [[0.9999945925496064, 0.003275276663705082, 0.0002956929534336291, -0.015543580790430195], [-0.0003041789655132928, 0.0025907348084485138, 0.9999965977783671, 0.029455875688531], [0.0032744994584608896, -0.9999912802899475, 0.0025917170694458314, 0.03132134324138194], [0.0, 0.0, 0.0, 1.0]]}, "Hobj2base": {"type": "ndarray", "data": [[0.999993067704451, 0.0034782581023692738, -0.0013290085081593484, -0.7347123367314261], [0.003479416531722458, -0.9999935680692187, 0.0008703337245027461, 0.08880587918708817], [-0.001325972714739599, -0.0008749518652662311, -0.9999987381270006, 0.0006713947982156243], [0.0, 0.0, 0.0, 1.0]]}, "mean_rme": {"type": "float", "data": 0.0018209414674843912}, "max_rme": {"type": "float", "data": 0.006800435212556133}, "simu": {"type": "float", "data": 0.002}}, {"type": "dict", "image_number": {"type": "int", "data": 21}, "Hcamera2end": {"type": "ndarray", "data": [[0.999995952905525, 0.002611920995525264, 0.0011278480767111273, -0.016052423341665758], [-0.0011357089744749587, 0.003010098077592005, 0.9999948247239524, 0.029530682949129725], [0.002608512544785574, -0.9999920585576049, 0.0030130522775558832, 0.031142781259246976], [0.0, 0.0, 0.0, 1.0]]}, "Hobj2base": {"type": "ndarray", "data": [[0.9999948968763828, 0.002653068599241202, -0.0017797326204401051, -0.7347633576837451], [0.002655869576657152, -0.9999952355205726, 0.0015733063741104874, 0.08905591450487227], [-0.0017755500512025096, -0.0015780250830547838, -0.9999971786254467, 0.0006745027957120837], [0.0, 0.0, 0.0, 1.0]]}, "mean_rme": {"type": "float", "data": 0.0018484195036910485}, "max_rme": {"type": "float", "data": 0.006787319549625526}, "simu": {"type": "float", "data": 0.002}}, {"type": "dict", "image_number": {"type": "int", "data": 22}, "Hcamera2end": {"type": "ndarray", "data": [[0.9999941182263056, 0.0029944063884558324, 0.0016724362990584501, -0.01623890405212112], [-0.0016805241866443027, 0.0027005229425561827, 0.9999949414943532, 0.029526065428543156], [0.002989874788638636, -0.999991870320063, 0.002705539231051768, 0.03143867687412151], [0.0, 0.0, 0.0, 1.0]]}, "Hobj2base": {"type": "ndarray", "data": [[0.9999950896315642, 0.002798705231526006, -0.0014099509873819853, -0.7348280652681362], [0.002800958524843373, -0.9999947993745528, 0.0015987042222429311, 0.08918323084437524], [-0.001405469352884547, -0.0016026455862538991, -0.9999977280889307, 0.0005738167349839345], [0.0, 0.0, 0.0, 1.0]]}, "mean_rme": {"type": "float", "data": 0.001827307058922755}, "max_rme": {"type": "float", "data": 0.006726868843944023}, "simu": {"type": "float", "data": 0.002}}, {"type": "dict", "image_number": {"type": "int", "data": 23}, "Hcamera2end": {"type": "ndarray", "data": [[0.9999925653495431, 0.003256918946778884, 0.0020643944908773143, -0.016367778269117002], [-0.002075839441553842, 0.0035145840767634162, 0.9999916692599894, 0.02952672797205631], [0.003249636326228108, -0.9999885200229758, 0.0035213187878669894, 0.030606102975184932], [0.0, 0.0, 0.0, 1.0]]}, "Hobj2base": {"type": "ndarray", "data": [[0.999993508118452, 0.002970572701368638, -0.002039465316522154, -0.7344620434984491], [0.0029750974258320887, -0.9999931120691385, 0.002219146138985156, 0.08931644239013557], [-0.002032859133885242, -0.0022251993405645425, -0.9999954579755033, 0.0006630503579946154], [0.0, 0.0, 0.0, 1.0]]}, "mean_rme": {"type": "float", "data": 0.0018360074354670983}, "max_rme": {"type": "float", "data": 0.006736509015421999}, "simu": {"type": "float", "data": 0.002}}, {"type": "dict", "image_number": {"type": "int", "data": 24}, "Hcamera2end": {"type": "ndarray", "data": [[0.9999927739542993, 0.0033318243556190027, 0.0018305697607528936, -0.01618769248775531], [-0.001842480316282157, 0.0035752329825279316, 0.9999919114549901, 0.029508626504497308], [0.0033252526926222754, -0.9999880582564894, 0.0035813459685235527, 0.030733584423021734], [0.0, 0.0, 0.0, 1.0]]}, "Hobj2base": {"type": "ndarray", "data": [[0.9999923561607964, 0.003100004877047904, -0.0023827693428227375, -0.7346471310680739], [0.003104977679459676, -0.9999930035711824, 0.0020861261456505574, 0.0893197092073625], [-0.0023762856707209875, -0.0020935086452625075, -0.9999949852314078, 0.0007151420380711315], [0.0, 0.0, 0.0, 1.0]]}, "mean_rme": {"type": "float", "data": 0.0018033085767172941}, "max_rme": {"type": "float", "data": 0.006688607528391843}, "simu": {"type": "float", "data": 0.002}}, {"type": "dict", "image_number": {"type": "int", "data": 25}, "Hcamera2end": {"type": "ndarray", "data": [[0.9999941095556895, 0.0032214133380939784, 0.0011846307563590274, -0.016032576528531444], [-0.0011985610097641462, 0.0043257807880255905, 0.9999899254852921, 0.02952399345899092], [0.003216256430951161, -0.9999854549525605, 0.004329616367678146, 0.030794232633946563], [0.0, 0.0, 0.0, 1.0]]}, "Hobj2base": {"type": "ndarray", "data": [[0.9999912996278486, 0.002713634338408869, -0.003168099948499232, -0.7350468922493983], [0.002719634209865299, -0.9999945137077675, 0.001891069573269159, 0.08951570891629922], [-0.0031629508960467484, -0.0018996691932603182, -0.9999931934761286, 0.0005614154324626442], [0.0, 0.0, 0.0, 1.0]]}, "mean_rme": {"type": "float", "data": 0.0018926002104277641}, "max_rme": {"type": "float", "data": 0.006683099632193712}, "simu": {"type": "float", "data": 0.002}}, {"type": "dict", "image_number": {"type": "int", "data": 26}, "Hcamera2end": {"type": "ndarray", "data": [[0.9999990680625898, 0.0009182174645878039, 0.00101032204748259, -0.01633072933592486], [-0.001011989703405292, 0.0018175421448924922, 0.9999978362063549, 0.029522882580970078], [0.0009163791748534757, -0.9999979267064703, 0.0018184696776766263, 0.03180813174235865], [0.0, 0.0, 0.0, 1.0]]}, "Hobj2base": {"type": "ndarray", "data": [[0.9999985818689572, 0.00040789926019443244, -0.0016339762140678143, -0.7349065403236266], [0.0004099696879877164, -0.9999991133483923, 0.0012669756445987644, 0.08953355647822958], [-0.0016334579668720612, -0.0012676437285799329, -0.9999978624449393, 0.00014817539976016126], [0.0, 0.0, 0.0, 1.0]]}, "mean_rme": {"type": "float", "data": 0.00198208967055942}, "max_rme": {"type": "float", "data": 0.006781837324485118}, "simu": {"type": "float", "data": 0.002}}, {"type": "dict", "image_number": {"type": "int", "data": 27}, "Hcamera2end": {"type": "ndarray", "data": [[0.9999989110451372, 0.0012722808598930203, 0.0007478034188907797, -0.01639248115683998], [-0.0007509586801953284, 0.002481336181087146, 0.9999966395102622, 0.0295856961390752], [0.0012704210327266125, -0.9999961121285272, 0.0024822889093794043, 0.0315036248127767], [0.0, 0.0, 0.0, 1.0]]}, "Hobj2base": {"type": "ndarray", "data": [[0.999997684000951, 0.000564697285814289, -0.0020768027613540883, -0.7349238283760825], [0.0005668657545788039, -0.9999992946789487, 0.0010436976670023797, 0.08929700544323647], [-0.0020762119233016154, -0.0010448725181640018, -0.9999972987890864, 0.00027184632576752354], [0.0, 0.0, 0.0, 1.0]]}, "mean_rme": {"type": "float", "data": 0.001973919669807415}, "max_rme": {"type": "float", "data": 0.006807168964479832}, "simu": {"type": "float", "data": 0.002}}, {"type": "dict", "image_number": {"type": "int", "data": 28}, "Hcamera2end": {"type": "ndarray", "data": [[0.9999987063246365, 0.0013780759207398857, 0.0008296118429727882, -0.016343671809022287], [-0.0008326197555089524, 0.002183552207909445, 0.9999972694183211, 0.029583676721470532], [0.0013762606570195933, -0.9999966664976999, 0.002184696796337926, 0.03170262016384569], [0.0, 0.0, 0.0, 1.0]]}, "Hobj2base": {"type": "ndarray", "data": [[0.9999982517961102, 0.000783274940661231, -0.001697906090063575, -0.734918559374148], [0.0007850061172998053, -0.9999991725301272, 0.0010191685125396568, 0.08936758474824805], [-0.001697106395941255, -0.0010204995974925992, -0.9999980392033039, 0.00020801770574301843], [0.0, 0.0, 0.0, 1.0]]}, "mean_rme": {"type": "float", "data": 0.0019310091691189678}, "max_rme": {"type": "float", "data": 0.006913700452383015}, "simu": {"type": "float", "data": 0.002}}, {"type": "dict", "image_number": {"type": "int", "data": 29}, "Hcamera2end": {"type": "ndarray", "data": [[0.9999986809517002, 0.00101189099782202, 0.0012705004794753335, -0.01636007732754936], [-0.0012732836692109402, 0.0027546053047912133, 0.9999953954385552, 0.02767037019046946], [0.0010083866111472426, -0.9999956941038413, 0.0027558900956162757, 0.03144189780208688], [0.0, 0.0, 0.0, 1.0]]}, "Hobj2base": {"type": "ndarray", "data": [[0.9999980050793325, 0.00037083041354979727, -0.0019627333389180233, -0.7347596005293628], [0.000373473869165705, -0.9999990235539931, 0.0013466285045633985, 0.08946295303405045], [-0.0019622320516096466, -0.0013473588477605897, -0.9999971671307428, 0.002251725864018481], [0.0, 0.0, 0.0, 1.0]]}, "mean_rme": {"type": "float", "data": 0.0019674196797467938}, "max_rme": {"type": "float", "data": 0.007158365718356985}, "simu": {"type": "float", "data": 0.002}}, {"type": "dict", "image_number": {"type": "int", "data": 30}, "Hcamera2end": {"type": "ndarray", "data": [[0.9999979449116788, 0.00122966947800778, 0.0016118577461841704, -0.01653166367110961], [-0.001616113520723477, 0.0034678018479682438, 0.9999926812369335, 0.02763893031038519], [0.0012240708750773407, -0.99999323110875, 0.003469782006798594, 0.03112447427015151], [0.0, 0.0, 0.0, 1.0]]}, "Hobj2base": {"type": "ndarray", "data": [[0.9999974150265303, 0.0006297158117740838, -0.0021848108050352595, -0.7347839660742186], [0.0006342060185966392, -0.9999976871526528, 0.002055108773271992, 0.08943108805220515], [-0.002183511617411941, -0.0020564890810323842, -0.9999955015547197, 0.0023056171447204308], [0.0, 0.0, 0.0, 1.0]]}, "mean_rme": {"type": "float", "data": 0.0019490846373690553}, "max_rme": {"type": "float", "data": 0.007314438620535241}, "simu": {"type": "float", "data": 0.002}}]}