{"type": "list", "data": [{"type": "dict", "image_number": {"type": "int", "data": 5}, "Hcamera2end": {"type": "ndarray", "data": [[0.9999608367551511, 0.008473854714350644, 0.002553182762387911, -0.014204884736518344], [-0.0025602196746380163, 0.0008196825897696103, 0.9999963866913069, 0.027902334732233445], [0.00847173129623891, -0.999963760296708, 0.0008413454178993751, 0.030891185240822617], [0.0, 0.0, 0.0, 1.0]]}, "Hobj2base": {"type": "ndarray", "data": [[0.9999797022059083, 0.006286877292383716, -0.0010345772535830544, -0.7319481423997779], [0.006294042342621755, -0.9999551669754823, 0.007074536735659705, 0.09387591423474176], [-0.0009900541259981258, -0.007080904811210515, -0.9999744399632831, 0.0007976272482392632], [0.0, 0.0, 0.0, 1.0]]}, "mean_rme": {"type": "float", "data": 0.0007969079109936097}, "max_rme": {"type": "float", "data": 0.0024805326425871074}, "simu": {"type": "float", "data": 0.002}}, {"type": "dict", "image_number": {"type": "int", "data": 6}, "Hcamera2end": {"type": "ndarray", "data": [[0.9999304350511441, 0.008362246869937796, -0.008318526655363334, -0.015412140646483547], [0.00831313826149463, 0.000678924613610854, 0.9999652147918016, 0.028188889972654663], [0.008367603639934723, -0.9999648053249949, 0.0006093608698483077, 0.031204759752601743], [0.0, 0.0, 0.0, 1.0]]}, "Hobj2base": {"type": "ndarray", "data": [[0.9999833073485326, 0.00577631116699806, 0.0001387573141799474, -0.7321737345402721], [0.005776836754319121, -0.9999747227438889, -0.004145121276560743, 0.08750517000227277], [0.00011481029645742044, 0.004145853661848468, -0.9999913993210199, 0.00037584140970196395], [0.0, 0.0, 0.0, 1.0]]}, "mean_rme": {"type": "float", "data": 0.0008365096461394605}, "max_rme": {"type": "float", "data": 0.0023452900468503013}, "simu": {"type": "float", "data": 0.002}}, {"type": "dict", "image_number": {"type": "int", "data": 7}, "Hcamera2end": {"type": "ndarray", "data": [[0.9999574712654787, 0.006992102383746141, -0.006013831108741672, -0.014168884706374636], [0.005981056543478082, 0.004698868868155293, 0.9999710733786171, 0.028672413439215366], [0.007020158329623026, -0.9999645149382128, 0.004656848871493646, 0.03094092792367812], [0.0, 0.0, 0.0, 1.0]]}, "Hobj2base": {"type": "ndarray", "data": [[0.9999786010334156, 0.004849863377824958, -0.004390478387308181, -0.7346283971457497], [0.004837871956889112, -0.9999845497514301, -0.0027377460361088578, 0.08915407312534736], [-0.004403688247564067, 0.0027164468789056284, -0.9999866141334954, 0.0006001638923533527], [0.0, 0.0, 0.0, 1.0]]}, "mean_rme": {"type": "float", "data": 0.00115578398938137}, "max_rme": {"type": "float", "data": 0.003959852999337626}, "simu": {"type": "float", "data": 0.002}}, {"type": "dict", "image_number": {"type": "int", "data": 8}, "Hcamera2end": {"type": "ndarray", "data": [[0.9999726971344848, 0.007000704320722653, -0.0023654015722220857, -0.014945650304850825], [0.002356250323870792, 0.0013151489372406067, 0.9999963592272146, 0.028509322940927454], [0.0070037896881127385, -0.9999746299393236, 0.0012986176180830311, 0.03156316698330933], [0.0, 0.0, 0.0, 1.0]]}, "Hobj2base": {"type": "ndarray", "data": [[0.9999917751903895, 0.0038507590713995296, -0.0012732659374849443, -0.733556078057425], [0.0038519666319742694, -0.999992132449423, 0.0009473079337229123, 0.09017262686828935], [-0.0012696080653815914, -0.0009522047202003364, -0.9999987406999722, -4.921313007312522e-06], [0.0, 0.0, 0.0, 1.0]]}, "mean_rme": {"type": "float", "data": 0.00122015809535729}, "max_rme": {"type": "float", "data": 0.00384836223491436}, "simu": {"type": "float", "data": 0.002}}, {"type": "dict", "image_number": {"type": "int", "data": 9}, "Hcamera2end": {"type": "ndarray", "data": [[0.9999714332694187, 0.007468292650885338, -0.0011650107231618479, -0.01537965791024788], [0.0011464361406187374, 0.002490924427737129, 0.9999962404827684, 0.02837659854638868], [0.007471166527379327, -0.9999690094699815, 0.0024822913495664567, 0.031662615745085734], [0.0, 0.0, 0.0, 1.0]]}, "Hobj2base": {"type": "ndarray", "data": [[0.9999866564664502, 0.004786420989457105, -0.0019434667893535422, -0.7343084139781096], [0.004790058605706774, -0.9999867765231509, 0.0018713945044107807, 0.09025283501243835], [-0.0019344838080299805, -0.0018806788532146745, -0.9999963604031001, 5.5280293819447314e-05], [0.0, 0.0, 0.0, 1.0]]}, "mean_rme": {"type": "float", "data": 0.0012774755879686485}, "max_rme": {"type": "float", "data": 0.003652346649085203}, "simu": {"type": "float", "data": 0.002}}, {"type": "dict", "image_number": {"type": "int", "data": 10}, "Hcamera2end": {"type": "ndarray", "data": [[0.9999725322740642, 0.007366088270028636, -0.0008218521726357782, -0.016090991404017783], [0.000804692411894712, 0.0023322232852963642, 0.9999969565977037, 0.028536391353297733], [0.007367982594832774, -0.9999701502935704, 0.002326231789090083, 0.03165152730083713], [0.0, 0.0, 0.0, 1.0]]}, "Hobj2base": {"type": "ndarray", "data": [[0.9999862464654173, 0.005082356519307503, -0.0012948097220518658, -0.7339902169461981], [0.005085277667615401, -0.9999845096540938, 0.002262830728125624, 0.0897855638736468], [-0.0012832891524982102, -0.0022693840731683114, -0.9999966015266646, 0.0003144759010841769], [0.0, 0.0, 0.0, 1.0]]}, "mean_rme": {"type": "float", "data": 0.0013425590470200074}, "max_rme": {"type": "float", "data": 0.0050319979385438085}, "simu": {"type": "float", "data": 0.002}}, {"type": "dict", "image_number": {"type": "int", "data": 11}, "Hcamera2end": {"type": "ndarray", "data": [[0.9999811372147794, 0.006141603417805614, 7.695514902538499e-05, -0.01597176776788267], [-8.88031038267516e-05, 0.001928881170625285, 0.9999981357639814, 0.02645718665681022], [0.006141443531069373, -0.9999792798477817, 0.0019293901800000457, 0.03170733045503015], [0.0, 0.0, 0.0, 1.0]]}, "Hobj2base": {"type": "ndarray", "data": [[0.9999901673389283, 0.004070945955141058, -0.0017585859355025099, -0.7341392244932272], [0.004075333038054586, -0.9999885749467248, 0.0024983267696693547, 0.09008775343474121], [-0.0017483952903069014, -0.0025054690278321938, -0.9999953328585387, 0.0026018773490201763], [0.0, 0.0, 0.0, 1.0]]}, "mean_rme": {"type": "float", "data": 0.0016166918441808033}, "max_rme": {"type": "float", "data": 0.005053024982757892}, "simu": {"type": "float", "data": 0.002}}, {"type": "dict", "image_number": {"type": "int", "data": 12}, "Hcamera2end": {"type": "ndarray", "data": [[0.9999921165174459, 0.0038582795672365442, -0.0009383931691681671, -0.01570833050307923], [0.0009249812338626171, 0.0034764601893093605, 0.9999935292961997, 0.026257290727089554], [0.0038615168879468182, -0.9999865138607287, 0.00347286394650137, 0.031254429003554705], [0.0, 0.0, 0.0, 1.0]]}, "Hobj2base": {"type": "ndarray", "data": [[0.9999950086535982, 0.0025613148096214045, -0.001849955225410807, -0.7336573350072427], [0.0025635587836631457, -0.9999959800425926, 0.0012116373291005957, 0.09021008059617301], [-0.0018468444040346799, -0.0012163737503664582, -0.9999975547973337, 0.0026462881386327686], [0.0, 0.0, 0.0, 1.0]]}, "mean_rme": {"type": "float", "data": 0.001741809926401253}, "max_rme": {"type": "float", "data": 0.007228435015403323}, "simu": {"type": "float", "data": 0.002}}, {"type": "dict", "image_number": {"type": "int", "data": 13}, "Hcamera2end": {"type": "ndarray", "data": [[0.9999938393343039, 0.002830716516452795, -0.002075653497571708, -0.015611297160452073], [0.002071511714732563, 0.0014653049420204622, 0.9999967808551398, 0.02642068707280705], [0.002833748869294185, -0.9999949199498117, 0.0014594320523415583, 0.031354779100484655], [0.0, 0.0, 0.0, 1.0]]}, "Hobj2base": {"type": "ndarray", "data": [[0.9999984340431829, 0.001769539123712465, -2.5347025554880626e-05, -0.7329099539835859], [0.0017695338524603185, -0.9999984130530752, -0.00020649764459200029, 0.0897336472630627], [-2.5712390991556372e-05, 0.0002064524688058275, -0.9999999783581257, 0.0021979239434532336], [0.0, 0.0, 0.0, 1.0]]}, "mean_rme": {"type": "float", "data": 0.001744241669572531}, "max_rme": {"type": "float", "data": 0.007300096168156245}, "simu": {"type": "float", "data": 0.002}}, {"type": "dict", "image_number": {"type": "int", "data": 14}, "Hcamera2end": {"type": "ndarray", "data": [[0.9999871561703398, 0.003968525514095172, -0.00315250687552599, -0.01527949519467766], [0.003149008701554191, 0.0008874196202626194, 0.9999946481009863, 0.026591999298607165], [0.003971301871401742, -0.9999917316116478, 0.0008749113010199094, 0.030780962529663558], [0.0, 0.0, 0.0, 1.0]]}, "Hobj2base": {"type": "ndarray", "data": [[0.9999960724576084, 0.002616387501112522, 0.0010047814695967683, -0.7321512165906751], [0.0026179412552868853, -0.999995374764411, -0.0015481709752393894, 0.0891621425842387], [0.0010007262070565546, 0.00155079535359406, -0.9999982967889642, 0.0018247107280499608], [0.0, 0.0, 0.0, 1.0]]}, "mean_rme": {"type": "float", "data": 0.0017788822004870212}, "max_rme": {"type": "float", "data": 0.007514158819985128}, "simu": {"type": "float", "data": 0.002}}, {"type": "dict", "image_number": {"type": "int", "data": 15}, "Hcamera2end": {"type": "ndarray", "data": [[0.9999943110624385, 0.0029742672933347394, -0.0015910929660669843, -0.015661430465981677], [0.0015824479122913794, 0.0029067133607137974, 0.9999945234230252, 0.02702863299886875], [0.0029788758557135688, -0.9999913523383621, 0.0029019902015340326, 0.030675184467987674], [0.0, 0.0, 0.0, 1.0]]}, "Hobj2base": {"type": "ndarray", "data": [[0.9999985914925272, 0.0015189337724060715, -0.0007140400245072446, -0.7329789978037099], [0.0015184271941242025, -0.9999985955208499, -0.0007094611922559487, 0.08917180333371169], [-0.0007151166462180471, 0.0007083759751836529, -0.9999994934057015, 0.0016928982359219913], [0.0, 0.0, 0.0, 1.0]]}, "mean_rme": {"type": "float", "data": 0.0018440024468124087}, "max_rme": {"type": "float", "data": 0.007415757751924212}, "simu": {"type": "float", "data": 0.002}}, {"type": "dict", "image_number": {"type": "int", "data": 16}, "Hcamera2end": {"type": "ndarray", "data": [[0.9999930401589069, 0.0035092791183526746, 0.0012667256279212608, -0.016761019101119424], [-0.0012891354370424418, 0.006390987598374753, 0.9999787464778149, 0.027570026385311523], [0.0035011089060324914, -0.9999734197655388, 0.006395467054186588, 0.02983761971844339], [0.0, 0.0, 0.0, 1.0]]}, "Hobj2base": {"type": "ndarray", "data": [[0.9999910731811648, 0.002067625124457227, -0.003684899500281525, -0.7338412674948531], [0.0020710605804976543, -0.9999974240766292, 0.0009287347189378163, 0.0889082533502081], [-0.0036829697330239513, -0.0009363580783893629, -0.9999927794576793, 0.0020000689417156853], [0.0, 0.0, 0.0, 1.0]]}, "mean_rme": {"type": "float", "data": 0.0020228774359756204}, "max_rme": {"type": "float", "data": 0.00738655992661974}, "simu": {"type": "float", "data": 0.002}}, {"type": "dict", "image_number": {"type": "int", "data": 17}, "Hcamera2end": {"type": "ndarray", "data": [[0.9999907412109036, 0.003978370064852594, 0.001640141486205346, -0.016680503036889477], [-0.001661644300995396, 0.005407660740846865, 0.9999839979437316, 0.027610479712577036], [0.003969437074026572, -0.9999774646345482, 0.0054142213084020785, 0.030261011581236546], [0.0, 0.0, 0.0, 1.0]]}, "Hobj2base": {"type": "ndarray", "data": [[0.9999913578528209, 0.0025289801589995263, -0.0032997695414947294, -0.7340607831991287], [0.0025343609983014895, -0.9999954641023543, 0.0016275100757266701, 0.08900069833009203], [-0.003295638633387751, -0.0016358588177744077, -0.9999932313430555, 0.001835765866824536], [0.0, 0.0, 0.0, 1.0]]}, "mean_rme": {"type": "float", "data": 0.0020030331393388213}, "max_rme": {"type": "float", "data": 0.007693350029723933}, "simu": {"type": "float", "data": 0.002}}, {"type": "dict", "image_number": {"type": "int", "data": 18}, "Hcamera2end": {"type": "ndarray", "data": [[0.9999893165716939, 0.004103054692064401, 0.0021287753922392275, -0.016657752284642675], [-0.0021391188844251926, 0.002518187031866903, 0.9999945414373377, 0.02750626370116534], [0.004097671640696762, -0.9999884117709898, 0.0025269370507718936, 0.031114758952945954], [0.0, 0.0, 0.0, 1.0]]}, "Hobj2base": {"type": "ndarray", "data": [[0.9999960074873018, 0.002457024632809869, -0.0013957218240154318, -0.7337161514307766], [0.0024604701188569817, -0.9999939169519676, 0.0024722754408543855, 0.08946895705738324], [-0.0013896388921152665, -0.002475699702105521, -0.9999959698992464, 0.0017400332463750087], [0.0, 0.0, 0.0, 1.0]]}, "mean_rme": {"type": "float", "data": 0.0020508594967459763}, "max_rme": {"type": "float", "data": 0.007975787808837176}, "simu": {"type": "float", "data": 0.002}}, {"type": "dict", "image_number": {"type": "int", "data": 19}, "Hcamera2end": {"type": "ndarray", "data": [[0.9999889804120476, 0.004110411099598321, 0.0022679451196589207, -0.016669374246194295], [-0.0022790713215332234, 0.002704174718212493, 0.9999937466169503, 0.02737290872817328], [0.004104252475768347, -0.9999878959065885, 0.0027135128393781516, 0.03104658207432029], [0.0, 0.0, 0.0, 1.0]]}, "Hobj2base": {"type": "ndarray", "data": [[0.9999967006364846, 0.0022756570335570954, -0.0011916799950417284, -0.7336753860044979], [0.002278683450508649, -0.9999941666640004, 0.0025444527316276807, 0.08953799020761141], [-0.0011858827418166316, -0.002547159798036175, -0.9999960528217526, 0.0018988558494734541], [0.0, 0.0, 0.0, 1.0]]}, "mean_rme": {"type": "float", "data": 0.001979048925306318}, "max_rme": {"type": "float", "data": 0.00794709609580957}, "simu": {"type": "float", "data": 0.002}}, {"type": "dict", "image_number": {"type": "int", "data": 20}, "Hcamera2end": {"type": "ndarray", "data": [[0.9999819891652088, 0.004718877417018232, 0.0037085766967212127, -0.016891467972503724], [-0.0037138315915484204, 0.0011053151084703394, 0.9999924928385315, 0.027358093144260315], [0.004714742845789706, -0.9999882551682464, 0.0011228203168504036, 0.03152404760652306], [0.0, 0.0, 0.0, 1.0]]}, "Hobj2base": {"type": "ndarray", "data": [[0.9999951543002069, 0.003106861791699487, -0.00019694139401635737, -0.7336963268822709], [0.003107653508958478, -0.9999865348957004, 0.004156021770760044, 0.08995850884693883], [-0.00018402655693490033, -0.004156613657540383, -0.9999913443111039, 0.0018649564119788409], [0.0, 0.0, 0.0, 1.0]]}, "mean_rme": {"type": "float", "data": 0.002044670228960092}, "max_rme": {"type": "float", "data": 0.008260659928197578}, "simu": {"type": "float", "data": 0.002}}, {"type": "dict", "image_number": {"type": "int", "data": 21}, "Hcamera2end": {"type": "ndarray", "data": [[0.9999824037163718, 0.003914681278496411, 0.004457300541251602, -0.01704379623223962], [-0.004464385749231907, 0.0018030370912770488, 0.9999884090913901, 0.027447695884344328], [0.003906599225580631, -0.9999907121207351, 0.0018204820118374876, 0.031289454258361306], [0.0, 0.0, 0.0, 1.0]]}, "Hobj2base": {"type": "ndarray", "data": [[0.999996949790988, 0.002374589274987883, -0.000679510482175031, -0.7338360714083022], [0.002377759404434073, -0.9999861131361207, 0.0047031686263726774, 0.090209843888878], [-0.0006683329521268165, -0.004704769993164752, -0.999988709171447, 0.0018044295035663939], [0.0, 0.0, 0.0, 1.0]]}, "mean_rme": {"type": "float", "data": 0.0020301863662802954}, "max_rme": {"type": "float", "data": 0.008237600593297423}, "simu": {"type": "float", "data": 0.002}}, {"type": "dict", "image_number": {"type": "int", "data": 22}, "Hcamera2end": {"type": "ndarray", "data": [[0.9999860102910221, 0.004313494755294785, 0.0030615331518568365, -0.015992263805717107], [-0.003075450584887148, 0.003223556440329789, 0.9999900750945361, 0.02767086865288039], [0.004303582919358168, -0.9999855011183272, 0.0032367772836814357, 0.03081860677792414], [0.0, 0.0, 0.0, 1.0]]}, "Hobj2base": {"type": "ndarray", "data": [[0.9999953196161586, 0.002486320672754427, -0.0017829625035341403, -0.734260045799306], [0.002493452124301648, -0.9999888561636796, 0.004008771003674568, 0.09040676174368015], [-0.0017729755442730604, -0.004013197972729526, -0.9999903753535588, 0.001975993200502432], [0.0, 0.0, 0.0, 1.0]]}, "mean_rme": {"type": "float", "data": 0.0020916275835321132}, "max_rme": {"type": "float", "data": 0.008500903235377}, "simu": {"type": "float", "data": 0.002}}, {"type": "dict", "image_number": {"type": "int", "data": 23}, "Hcamera2end": {"type": "ndarray", "data": [[0.9999718642091774, 0.0070317466092299045, 0.00261253318565429, -0.01584300304899929], [-0.0026330330157325883, 0.0029076485145282938, 0.9999923063290306, 0.027806725606900947], [0.007024096181048731, -0.9999710496408081, 0.0029260815265182982, 0.031323471886326656], [0.0, 0.0, 0.0, 1.0]]}, "Hobj2base": {"type": "ndarray", "data": [[0.9999843341611776, 0.005351107645253367, -0.0016422786594314021, -0.7345822440963093], [0.0053568391471101075, -0.9999795071625466, 0.0035056424950620684, 0.08968009141780146], [-0.0016234859341249287, -0.0035143849988450776, -0.999992506667676, 0.0018329374642371422], [0.0, 0.0, 0.0, 1.0]]}, "mean_rme": {"type": "float", "data": 0.0021189326045819943}, "max_rme": {"type": "float", "data": 0.008562239948481154}, "simu": {"type": "float", "data": 0.002}}, {"type": "dict", "image_number": {"type": "int", "data": 24}, "Hcamera2end": {"type": "ndarray", "data": [[0.9999741555403564, 0.006582752569640471, 0.0028906089251250484, -0.016028266928506826], [-0.0029098054404893803, 0.002908475812715583, 0.9999915368645604, 0.027648551751976894], [0.0065742895927711625, -0.9999741037332186, 0.0029275551739703642, 0.031468526057501896], [0.0, 0.0, 0.0, 1.0]]}, "Hobj2base": {"type": "ndarray", "data": [[0.9999861198719786, 0.005057220998303999, -0.0014780321915492107, -0.734664448573156], [0.005062437365740478, -0.9999808947422111, 0.003547094372224722, 0.08986936574246367], [-0.0014600655132209896, -0.003554527583494997, -0.9999926167439217, 0.0019763006600625028], [0.0, 0.0, 0.0, 1.0]]}, "mean_rme": {"type": "float", "data": 0.002078124015001717}, "max_rme": {"type": "float", "data": 0.00844572984560693}, "simu": {"type": "float", "data": 0.002}}, {"type": "dict", "image_number": {"type": "int", "data": 25}, "Hcamera2end": {"type": "ndarray", "data": [[0.9999746814503506, 0.006431595659073065, 0.0030448375240726233, -0.01602623786683589], [-0.003060459964604436, 0.0024205709974750578, 0.9999923871814482, 0.02767651725763612], [0.006424176451099519, -0.9999763874278855, 0.0024401933531512654, 0.03168091198636229], [0.0, 0.0, 0.0, 1.0]]}, "Hobj2base": {"type": "ndarray", "data": [[0.9999871257707992, 0.005008417961949762, -0.0008148878292989591, -0.7346779578521803], [0.005011337349726086, -0.9999808877616487, 0.003620857549279277, 0.08994869165908984], [-0.0007967374869810641, -0.003624894611344087, -0.9999931126504988, 0.0018843889032578542], [0.0, 0.0, 0.0, 1.0]]}, "mean_rme": {"type": "float", "data": 0.002037131490210266}, "max_rme": {"type": "float", "data": 0.008461843868943442}, "simu": {"type": "float", "data": 0.002}}, {"type": "dict", "image_number": {"type": "int", "data": 26}, "Hcamera2end": {"type": "ndarray", "data": [[0.9999754197948799, 0.006693332687830373, 0.002087846637999455, -0.016002854438722604], [-0.002101721029929219, 0.0020665042547580725, 0.9999956561550043, 0.027660472214771352], [0.006688989069069964, -0.9999754641278431, 0.002080520977729927, 0.03193046838619934], [0.0, 0.0, 0.0, 1.0]]}, "Hobj2base": {"type": "ndarray", "data": [[0.9999855063897519, 0.005292668770191434, -0.0009872526122946784, -0.7350279364567596], [0.0052954567187872715, -0.9999819374716878, 0.00284303860493848, 0.08954511373406897], [-0.0009721875183796109, -0.002848225352523936, -0.9999954712216303, 0.002013003497122399], [0.0, 0.0, 0.0, 1.0]]}, "mean_rme": {"type": "float", "data": 0.0020740662989383184}, "max_rme": {"type": "float", "data": 0.008750180236278882}, "simu": {"type": "float", "data": 0.002}}, {"type": "dict", "image_number": {"type": "int", "data": 27}, "Hcamera2end": {"type": "ndarray", "data": [[0.9999766670635796, 0.006580327216275083, 0.0018342906371713514, -0.015955329061310003], [-0.0018483941977683414, 0.0021378507320719553, 0.9999960065085949, 0.02754997756636505], [0.006576379498213391, -0.999976064157525, 0.0021499638883827332, 0.03197445617271612], [0.0, 0.0, 0.0, 1.0]]}, "Hobj2base": {"type": "ndarray", "data": [[0.9999859241243105, 0.005193278790604057, -0.001086926240229088, -0.7351292890748524], [0.005196184041538491, -0.9999828887084927, 0.002687370764419064, 0.08959612583810828], [-0.001072951375923997, -0.0026929808061060606, -0.9999957983060348, 0.0021241996313304894], [0.0, 0.0, 0.0, 1.0]]}, "mean_rme": {"type": "float", "data": 0.0020375873429370507}, "max_rme": {"type": "float", "data": 0.008765294760609832}, "simu": {"type": "float", "data": 0.002}}, {"type": "dict", "image_number": {"type": "int", "data": 28}, "Hcamera2end": {"type": "ndarray", "data": [[0.9999822211271856, 0.005857557130940933, 0.0011164470422969212, -0.015874590056265923], [-0.001134882515339441, 0.00314491788972604, 0.9999944107509517, 0.02755954141684979], [0.005854013257319062, -0.9999778990137356, 0.003151509615801462, 0.03161751927008545], [0.0, 0.0, 0.0, 1.0]]}, "Hobj2base": {"type": "ndarray", "data": [[0.9999894365355031, 0.004285181083438956, -0.0016625403721914108, -0.735041567055107], [0.004288911149882557, -0.9999882790489638, 0.0022465542149072695, 0.08944201354396593], [-0.0016528939940124718, -0.0022536609714510015, -0.9999960944692088, 0.00219294774803111], [0.0, 0.0, 0.0, 1.0]]}, "mean_rme": {"type": "float", "data": 0.002072937478996556}, "max_rme": {"type": "float", "data": 0.008544313651110247}, "simu": {"type": "float", "data": 0.002}}, {"type": "dict", "image_number": {"type": "int", "data": 29}, "Hcamera2end": {"type": "ndarray", "data": [[0.9999834823138578, 0.005630571000055224, 0.0011540232510049444, -0.01584907370585504], [-0.001174451158981885, 0.0036260783301131916, 0.9999927360838271, 0.027541091572942582], [0.00562634552135656, -0.9999775738616127, 0.0036326312663261806, 0.03129486592128974], [0.0, 0.0, 0.0, 1.0]]}, "Hobj2base": {"type": "ndarray", "data": [[0.9999894235543173, 0.004096305349497081, -0.0020911867414972213, -0.7350403887791734], [0.004101117303420971, -0.9999889407897313, 0.0023019850337379156, 0.0895708419260657], [-0.0020817339810151724, -0.0023105368890484826, -0.9999951638897646, 0.002305179147700302], [0.0, 0.0, 0.0, 1.0]]}, "mean_rme": {"type": "float", "data": 0.002050820805027611}, "max_rme": {"type": "float", "data": 0.008608034626732541}, "simu": {"type": "float", "data": 0.002}}, {"type": "dict", "image_number": {"type": "int", "data": 30}, "Hcamera2end": {"type": "ndarray", "data": [[0.9999847245810164, 0.0054139361365325225, 0.0011135080324690496, -0.015592681548337999], [-0.0011301275653485617, 0.0030676793750740172, 0.99999465606319, 0.027542477516240248], [0.005410491319174732, -0.999980639131959, 0.003073750953451193, 0.031437515521425353], [0.0, 0.0, 0.0, 1.0]]}, "Hobj2base": {"type": "ndarray", "data": [[0.9999912002776737, 0.0038636039264823008, -0.0016346045138327678, -0.7347683953664776], [0.003866807946412811, -0.9999906000721221, 0.0019615207626162917, 0.08971814427039013], [-0.0016270106093479086, -0.001967824203501574, -0.9999967402468775, 0.002007698164805958], [0.0, 0.0, 0.0, 1.0]]}, "mean_rme": {"type": "float", "data": 0.002087378833001502}, "max_rme": {"type": "float", "data": 0.008468022179594414}, "simu": {"type": "float", "data": 0.002}}]}