{"type": "list", "data": [{"type": "dict", "image_number": {"type": "int", "data": 5}, "Hcamera2end": {"type": "ndarray", "data": [[0.999997852779746, -0.001712571588685176, -0.0011668480839786737, -0.014506347009487984], [0.001143473916323464, -0.013586676568107858, 0.9999070430231185, 0.030744073465778364], [-0.0017282659807287331, -0.9999062302628119, -0.013584689113579351, 0.02966480939578779], [0.0, 0.0, 0.0, 1.0]]}, "Hobj2base": {"type": "ndarray", "data": [[0.9998840632871316, -0.0017293481835255746, 0.015128428182577112, -0.7235373701908687], [-0.0017733621891827735, -0.9999942329332459, 0.002896426556140163, 0.08928863955028891], [0.015123332005918321, -0.002922918936486929, -0.9998813636496728, -0.0021989268169320788], [0.0, 0.0, 0.0, 1.0]]}, "mean_rme": {"type": "float", "data": 0.0010398807890110618}, "max_rme": {"type": "float", "data": 0.003554297142036922}, "simu": {"type": "float", "data": 0.002}}, {"type": "dict", "image_number": {"type": "int", "data": 6}, "Hcamera2end": {"type": "ndarray", "data": [[0.9999442994363177, -0.0019682009762732617, 0.010369388107735463, -0.012655023733014859], [-0.010359366906086244, 0.005035231645131422, 0.9999336627794791, 0.030020264029112446], [-0.002020282682431789, -0.999985386206817, 0.005014561863832423, 0.03116216654101883], [0.0, 0.0, 0.0, 1.0]]}, "Hobj2base": {"type": "ndarray", "data": [[0.999992769811232, -0.002257627659643586, -0.0030599742826917897, -0.7340658890722639], [-0.0022166319096596186, -0.9999086248098168, 0.01333523805253865, 0.09661079488319697], [-0.0030898006792350967, -0.01332835879961251, -0.9999063996112192, 0.0007882611760900438], [0.0, 0.0, 0.0, 1.0]]}, "mean_rme": {"type": "float", "data": 0.0012430160007099963}, "max_rme": {"type": "float", "data": 0.003495515427312801}, "simu": {"type": "float", "data": 0.002}}, {"type": "dict", "image_number": {"type": "int", "data": 7}, "Hcamera2end": {"type": "ndarray", "data": [[0.9999956432468977, 0.0010709480159788965, 0.002750737641133748, -0.014945427338076968], [-0.002754470287189951, 0.00349963340630588, 0.9999900826805527, 0.030166911540772574], [0.001061310821704416, -0.999993302795758, 0.003502568053756261, 0.03197415145780765], [0.0, 0.0, 0.0, 1.0]]}, "Hobj2base": {"type": "ndarray", "data": [[0.9999982394157844, 0.0006881183611136276, -0.0017457544078827271, -0.7344539798837572], [0.0006982295747145516, -0.999982948242063, 0.005797904843303273, 0.09015154318633449], [-0.0017417349949224803, -0.005799113572961294, -0.9999816681524591, 4.0420171495414436e-05], [0.0, 0.0, 0.0, 1.0]]}, "mean_rme": {"type": "float", "data": 0.001417499205208347}, "max_rme": {"type": "float", "data": 0.004049854433360894}, "simu": {"type": "float", "data": 0.002}}, {"type": "dict", "image_number": {"type": "int", "data": 8}, "Hcamera2end": {"type": "ndarray", "data": [[0.9999971477798982, 0.002388312023949773, 1.9943535484663686e-05, -0.014127417086940354], [-3.0780702696482165e-05, 0.0045376335420938, 0.9999897044141935, 0.030215347715371266], [0.0023881969384228346, -0.9999868528373331, 0.004537694113686541, 0.03231273742219843], [0.0, 0.0, 0.0, 1.0]]}, "Hobj2base": {"type": "ndarray", "data": [[0.9999933920748343, 0.0020917705944193256, -0.002973264610992535, -0.7353575876300871], [0.002100264491961409, -0.9999937145936653, 0.0028565122486026574, 0.09002565997419401], [-0.0029672707544920896, -0.0028627380150711567, -0.9999914999815378, 0.00018902522017134882], [0.0, 0.0, 0.0, 1.0]]}, "mean_rme": {"type": "float", "data": 0.0014660570156625355}, "max_rme": {"type": "float", "data": 0.004341900387028003}, "simu": {"type": "float", "data": 0.002}}, {"type": "dict", "image_number": {"type": "int", "data": 9}, "Hcamera2end": {"type": "ndarray", "data": [[0.9999985563535165, 0.0011619258212024024, 0.001239846469833167, -0.01496736385591066], [-0.0012417132401734221, 0.0016072756220261164, 0.9999979374045248, 0.030097844703185155], [0.0011599306496134433, -0.9999980332947963, 0.0016087160803646139, 0.031712009672385334], [0.0, 0.0, 0.0, 1.0]]}, "Hobj2base": {"type": "ndarray", "data": [[0.9999992176319233, 0.0010367209143716657, -0.000699960918153297, -0.7334652649308354], [0.0010381814707366033, -0.9999972780878033, 0.002089496642265717, 0.08926261649142196], [-0.0006977927880515906, -0.0020902216939657145, -0.9999975720262997, -0.0005492091150554725], [0.0, 0.0, 0.0, 1.0]]}, "mean_rme": {"type": "float", "data": 0.0016138238855764615}, "max_rme": {"type": "float", "data": 0.004758850115927582}, "simu": {"type": "float", "data": 0.002}}, {"type": "dict", "image_number": {"type": "int", "data": 10}, "Hcamera2end": {"type": "ndarray", "data": [[0.9999980018894694, 0.0010655352922064106, 0.0016914052175107503, -0.014830800518221908], [-0.001692237777789612, 0.0007809376044611849, 0.9999982632323726, 0.030174496980174017], [0.0010642125596804731, -0.9999991273851189, 0.0007827391831365382, 0.03159948395991319], [0.0, 0.0, 0.0, 1.0]]}, "Hobj2base": {"type": "ndarray", "data": [[0.9999996830129226, 0.00045731184784342054, 0.000651797459424318, -0.7329182531811906], [0.00045585660266053176, -0.9999974072633815, 0.0022310672945109675, 0.08973384630223695], [0.0006528160629922929, -0.0022307694611159905, -0.9999972987457513, -0.0006794030613233193], [0.0, 0.0, 0.0, 1.0]]}, "mean_rme": {"type": "float", "data": 0.0015673180083282843}, "max_rme": {"type": "float", "data": 0.004841544951769083}, "simu": {"type": "float", "data": 0.002}}, {"type": "dict", "image_number": {"type": "int", "data": 11}, "Hcamera2end": {"type": "ndarray", "data": [[0.9999946114425435, 0.001514249027802362, 0.0029127539817324025, -0.014487145384325145], [-0.0029145767905391236, 0.0012029610454163953, 0.9999950290510725, 0.03020213419368325], [0.0015107375709728756, -0.9999981299655542, 0.0012073679582632613, 0.03119951136968037], [0.0, 0.0, 0.0, 1.0]]}, "Hobj2base": {"type": "ndarray", "data": [[0.9999992699321256, 0.0011502642508361325, -0.00037017208022620523, -0.7328615090469388], [0.001151624140312192, -0.9999925115726231, 0.003694666496031939, 0.09061265808618706], [-0.0003659194654303179, -0.0036950900977782823, -0.9999931061822946, -0.00040095251853730385], [0.0, 0.0, 0.0, 1.0]]}, "mean_rme": {"type": "float", "data": 0.001603671876339406}, "max_rme": {"type": "float", "data": 0.0047712460248039434}, "simu": {"type": "float", "data": 0.002}}, {"type": "dict", "image_number": {"type": "int", "data": 12}, "Hcamera2end": {"type": "ndarray", "data": [[0.9999972550590069, 0.0017417182726317255, 0.001567256172510191, -0.014401272438254847], [-0.0015715512983292875, 0.0024674014459288296, 0.9999957210691559, 0.030222572846003576], [0.0017378437697934952, -0.999995439163381, 0.0024701318726700894, 0.03145780557722205], [0.0, 0.0, 0.0, 1.0]]}, "Hobj2base": {"type": "ndarray", "data": [[0.9999969737628375, 0.0020579488217706225, -0.0013480770801352787, -0.7340149786201721], [0.002061359389277385, -0.9999946661620367, 0.002533465007492185, 0.09033997812323137], [-0.0013428561483834062, -0.002536236211972836, -0.999995882113142, -0.00022934738730340243], [0.0, 0.0, 0.0, 1.0]]}, "mean_rme": {"type": "float", "data": 0.0016100089185193199}, "max_rme": {"type": "float", "data": 0.005158092959475891}, "simu": {"type": "float", "data": 0.002}}, {"type": "dict", "image_number": {"type": "int", "data": 13}, "Hcamera2end": {"type": "ndarray", "data": [[0.9999980321531611, 0.0013149229126196314, 0.0014854856240806948, -0.014301501749126932], [-0.0014881903238316433, 0.0020583434958070246, 0.9999967742506042, 0.030265175994325415], [0.0013118610313353986, -0.9999970170954449, 0.002060296300857467, 0.03141339486356712], [0.0, 0.0, 0.0, 1.0]]}, "Hobj2base": {"type": "ndarray", "data": [[0.9999975840134067, 0.0016900092653041857, -0.0014056443479461742, -0.7338545026960203], [0.0016935260400608705, -0.9999954297664335, 0.0025044791470137276, 0.0906117078843102], [-0.001401405330859978, -0.0025068535915319964, -0.9999958758655805, -0.00017803825705534285], [0.0, 0.0, 0.0, 1.0]]}, "mean_rme": {"type": "float", "data": 0.0016102954961911364}, "max_rme": {"type": "float", "data": 0.00515821586524795}, "simu": {"type": "float", "data": 0.002}}, {"type": "dict", "image_number": {"type": "int", "data": 14}, "Hcamera2end": {"type": "ndarray", "data": [[0.999997042374548, 0.000248349723752934, 0.00241941409667336, -0.014504564609760042], [-0.002420471126125954, 0.004348013105126336, 0.9999876179741252, 0.030244694668171212], [0.0002378270044811658, -0.9999905165072578, 0.0043486013686676595, 0.031102382402812833], [0.0, 0.0, 0.0, 1.0]]}, "Hobj2base": {"type": "ndarray", "data": [[0.9999946347691515, 0.0007305196895942605, -0.003193238778168777, -0.7345760725191933], [0.0007406052717311519, -0.9999947380647882, 0.003158377204632991, 0.09088059519455868], [-0.003190914718818061, -0.00316072518868319, -0.9999899138889046, 0.00014750737836838335], [0.0, 0.0, 0.0, 1.0]]}, "mean_rme": {"type": "float", "data": 0.0016721597182554082}, "max_rme": {"type": "float", "data": 0.005306135364195219}, "simu": {"type": "float", "data": 0.002}}, {"type": "dict", "image_number": {"type": "int", "data": 15}, "Hcamera2end": {"type": "ndarray", "data": [[0.9999959057259132, -0.00010815519798278183, 0.002859516368829958, -0.015029678089502087], [-0.002859087689665892, 0.003775308218118667, 0.9999887862698464, 0.031309746577309984], [-0.00011894954080666521, -0.9999928676497203, 0.003774983535776877, 0.03135968206214933], [0.0, 0.0, 0.0, 1.0]]}, "Hobj2base": {"type": "ndarray", "data": [[0.9999973687600656, 0.0001961352471470494, -0.002285607995736918, -0.7346239990599507], [0.00020365358794139732, -0.9999945683206051, 0.003289658721311431, 0.0908205512021666], [-0.0022849503630207294, -0.0032901155376989922, -0.9999919770386094, -0.0011904932442893738], [0.0, 0.0, 0.0, 1.0]]}, "mean_rme": {"type": "float", "data": 0.0016811936674116417}, "max_rme": {"type": "float", "data": 0.0051063898256360485}, "simu": {"type": "float", "data": 0.002}}, {"type": "dict", "image_number": {"type": "int", "data": 16}, "Hcamera2end": {"type": "ndarray", "data": [[0.9999906396641653, -0.0006053373734245862, 0.004284174449975861, -0.016010710998291783], [-0.004282940110273502, 0.0020258852766559254, 0.9999887760434403, 0.03131577091246813], [-0.0006140098250850346, -0.9999977646752567, 0.00202327368997246, 0.03210258311208018], [0.0, 0.0, 0.0, 1.0]]}, "Hobj2base": {"type": "ndarray", "data": [[0.9999998371824033, -0.000570618334556418, 5.466551138679641e-06, -0.7341230460301295], [-0.0005706370398806498, -0.9999898916628107, 0.0044599266327552105, 0.09085625356618017], [2.9215799735108754e-06, -0.004459929026017235, -0.9999900544628171, -0.0013622063258306553], [0.0, 0.0, 0.0, 1.0]]}, "mean_rme": {"type": "float", "data": 0.0017847812429381154}, "max_rme": {"type": "float", "data": 0.005279197724188278}, "simu": {"type": "float", "data": 0.002}}, {"type": "dict", "image_number": {"type": "int", "data": 17}, "Hcamera2end": {"type": "ndarray", "data": [[0.9999900680923509, 0.0003968279827242776, 0.004439171567708953, -0.01709536201192908], [-0.004440387507139965, 0.0031176633094166517, 0.99998528145882, 0.03119763512939311], [0.0003829822996744207, -0.9999950613393255, 0.0031193944150895714, 0.03188539736340079], [0.0, 0.0, 0.0, 1.0]]}, "Hobj2base": {"type": "ndarray", "data": [[0.9999990518935117, 0.0002164380493895809, -0.001359914206314728, -0.7350265699252279], [0.00022295480793981158, -0.9999884852336316, 0.004793713727403967, 0.08999442257264365], [-0.00135886100517187, -0.004794012381863562, -0.9999875853939642, -0.0010118860545971448], [0.0, 0.0, 0.0, 1.0]]}, "mean_rme": {"type": "float", "data": 0.0018146761629258383}, "max_rme": {"type": "float", "data": 0.005401774492550859}, "simu": {"type": "float", "data": 0.002}}, {"type": "dict", "image_number": {"type": "int", "data": 18}, "Hcamera2end": {"type": "ndarray", "data": [[0.9999909339050362, 0.0012858878352244036, 0.00405938421545569, -0.01707483951395821], [-0.004064043828046699, 0.003642007882609377, 0.9999851095523106, 0.031286616032808745], [0.0012710843784676294, -0.9999925411077114, 0.003647200768340353, 0.03186994054133104], [0.0, 0.0, 0.0, 1.0]]}, "Hobj2base": {"type": "ndarray", "data": [[0.9999983300326276, 0.0010574256015157954, -0.0014905646759619594, -0.7351637793332855], [0.001063670389132011, -0.9999906352603145, 0.004194996659792736, 0.08959016730849437], [-0.0014861148203454467, -0.004196575123794095, -0.9999900900608818, -0.0010267407603169187], [0.0, 0.0, 0.0, 1.0]]}, "mean_rme": {"type": "float", "data": 0.0018581378832462536}, "max_rme": {"type": "float", "data": 0.0052869207362066795}, "simu": {"type": "float", "data": 0.002}}, {"type": "dict", "image_number": {"type": "int", "data": 19}, "Hcamera2end": {"type": "ndarray", "data": [[0.999992358054002, 0.0018427126579146896, 0.0034479332442869585, -0.016797086877104937], [-0.003450434353226996, 0.0013558461531130162, 0.9999931280683797, 0.03117403511248943], [0.0018380251278938523, -0.9999973830422103, 0.001362193950868007, 0.03264575580931059], [0.0, 0.0, 0.0, 1.0]]}, "Hobj2base": {"type": "ndarray", "data": [[0.9999988272032203, 0.0015267111281650442, -0.00012143028900819274, -0.7351062544135054], [0.0015271228157132275, -0.9999928282474135, 0.0034657394080348076, 0.08969539872981526], [-0.00011613823521863662, -0.0034659207823916536, -0.9999939869344416, -0.0011913359705081866], [0.0, 0.0, 0.0, 1.0]]}, "mean_rme": {"type": "float", "data": 0.001950836304262689}, "max_rme": {"type": "float", "data": 0.006114711575618825}, "simu": {"type": "float", "data": 0.002}}, {"type": "dict", "image_number": {"type": "int", "data": 20}, "Hcamera2end": {"type": "ndarray", "data": [[0.9999928371154997, 0.002393432044945702, 0.002932098351015983, -0.01685968695403887], [-0.0029356911650422935, 0.0014989834483712938, 0.9999945673682458, 0.031049489613202197], [0.0023890238754136033, -0.9999960122578828, 0.0015059990886344687, 0.0328550158604943], [0.0, 0.0, 0.0, 1.0]]}, "Hobj2base": {"type": "ndarray", "data": [[0.9999978393519812, 0.0019486200493040525, -0.0007239967353093291, -0.7355888587618132], [0.0019509327425128163, -0.9999929529199245, 0.0032074868546605856, 0.08954586802291556], [-0.0007177414600534905, -0.003208892393346855, -0.9999945939137889, -0.0009721728421833414], [0.0, 0.0, 0.0, 1.0]]}, "mean_rme": {"type": "float", "data": 0.001958741056963734}, "max_rme": {"type": "float", "data": 0.005967799101414345}, "simu": {"type": "float", "data": 0.002}}, {"type": "dict", "image_number": {"type": "int", "data": 21}, "Hcamera2end": {"type": "ndarray", "data": [[0.9999873737134811, 0.0025809513621225166, 0.004311740214928359, -0.016901037303637928], [-0.0043140661812078734, 0.0008963172000310271, 0.9999902926771144, 0.03118963283753379], [0.0025770616210775863, -0.9999962676458064, 0.0009074402778599389, 0.03288451434494185], [0.0, 0.0, 0.0, 1.0]]}, "Hobj2base": {"type": "ndarray", "data": [[0.9999979671793087, 0.0020149929482343085, -7.376088924056853e-05, -0.735490553702049], [0.002015298596123536, -0.9999882484610558, 0.0044092529251395585, 0.09020802700348925], [-6.487540888546838e-05, -0.004409392612135515, -0.999990276476713, -0.0009190107501566278], [0.0, 0.0, 0.0, 1.0]]}, "mean_rme": {"type": "float", "data": 0.0020649012208945254}, "max_rme": {"type": "float", "data": 0.005779831964458221}, "simu": {"type": "float", "data": 0.002}}, {"type": "dict", "image_number": {"type": "int", "data": 22}, "Hcamera2end": {"type": "ndarray", "data": [[0.9999881936472527, 0.0022654094436865774, 0.004298893596869633, -0.016872673128069466], [-0.004301416979482693, 0.0011101822919178383, 0.9999901326049409, 0.031206065037593884], [0.0022606145344505426, -0.9999968177026021, 0.0011199136553605715, 0.03283681032358305], [0.0, 0.0, 0.0, 1.0]]}, "Hobj2base": {"type": "ndarray", "data": [[0.9999981448091002, 0.0019188723190022112, -0.00016824797527774079, -0.7355046564479202], [0.0019196385985126066, -0.9999872101099447, 0.004679167039170024, 0.09019699743812483], [-0.00015926709929718407, -0.004679481333729379, -0.9999890384841419, -0.0009108220910461055], [0.0, 0.0, 0.0, 1.0]]}, "mean_rme": {"type": "float", "data": 0.0020069505584485673}, "max_rme": {"type": "float", "data": 0.0059202592672379095}, "simu": {"type": "float", "data": 0.002}}, {"type": "dict", "image_number": {"type": "int", "data": 23}, "Hcamera2end": {"type": "ndarray", "data": [[0.9999876088489705, 0.0018403526763355995, 0.004625500031881147, -0.01697554795220705], [-0.00462801359287345, 0.001363897690978333, 0.9999883605688982, 0.031190446373622036], [0.0018340225468643178, -0.9999973764391161, 0.0013723979679177711, 0.03252574623775863], [0.0, 0.0, 0.0, 1.0]]}, "Hobj2base": {"type": "ndarray", "data": [[0.9999991911678263, 0.0012594092356459452, -0.00017762902469906964, -0.7352552979974952], [0.0012602801213387126, -0.9999867505398081, 0.004991035849530453, 0.0904085218988544], [-0.00017134091456603932, -0.004991255674948879, -0.9999875289267754, -0.0008622521808807988], [0.0, 0.0, 0.0, 1.0]]}, "mean_rme": {"type": "float", "data": 0.001954053262897772}, "max_rme": {"type": "float", "data": 0.005796477242732939}, "simu": {"type": "float", "data": 0.002}}, {"type": "dict", "image_number": {"type": "int", "data": 24}, "Hcamera2end": {"type": "ndarray", "data": [[0.9999908076206505, 0.001149125792452115, 0.0041308817596607695, -0.017087561763379888], [-0.004132242885780026, 0.0011846466841070047, 0.9999907605477997, 0.031111234750914388], [0.001144221539780263, -0.9999986380601461, 0.0011893842612660244, 0.03267219389145146], [0.0, 0.0, 0.0, 1.0]]}, "Hobj2base": {"type": "ndarray", "data": [[0.9999995323098916, 0.0008557794714272071, -0.0004505790655520478, -0.7354370344855002], [0.0008577438507158325, -0.9999900500262633, 0.004377684771393372, 0.09022176989272841], [-0.00044682824954244137, -0.004378069205416246, -0.9999903163803876, -0.0008122435318982541], [0.0, 0.0, 0.0, 1.0]]}, "mean_rme": {"type": "float", "data": 0.0019284091852148763}, "max_rme": {"type": "float", "data": 0.005800541986573399}, "simu": {"type": "float", "data": 0.002}}, {"type": "dict", "image_number": {"type": "int", "data": 25}, "Hcamera2end": {"type": "ndarray", "data": [[0.9999924690200315, 0.0014262207781313226, 0.0036094040385266563, -0.016950167274595883], [-0.0036114971469981432, 0.0014677509406005873, 0.9999924013688971, 0.03140451340396035], [0.0014209122346332038, -0.9999979057985412, 0.0014728906792688123, 0.03256261517043171], [0.0, 0.0, 0.0, 1.0]]}, "Hobj2base": {"type": "ndarray", "data": [[0.9999991052330748, 0.0011627920613871757, -0.000661398270115168, -0.7355169710327576], [0.0011656066374480746, -0.9999901992837406, 0.004271147109596257, 0.09007890982452606], [-0.0006564253319863327, -0.004271914218128734, -0.9999906598837296, -0.0011708453584260692], [0.0, 0.0, 0.0, 1.0]]}, "mean_rme": {"type": "float", "data": 0.001885729025591014}, "max_rme": {"type": "float", "data": 0.005764609325686176}, "simu": {"type": "float", "data": 0.002}}, {"type": "dict", "image_number": {"type": "int", "data": 26}, "Hcamera2end": {"type": "ndarray", "data": [[0.9999933222976742, 0.0010523204122098511, 0.0034997116752569103, -0.016722174798290707], [-0.0035009532232890377, 0.0011803011043517442, 0.9999931750846259, 0.03146773596658053], [0.0010481825166568735, -0.999998749754745, 0.001183977347191445, 0.03241179121664047], [0.0, 0.0, 0.0, 1.0]]}, "Hobj2base": {"type": "ndarray", "data": [[0.9999996598670016, 0.0006434806214215908, -0.0005159443487779438, -0.7351176930320654], [0.0006454773206936054, -0.9999922675224304, 0.0038792079573898713, 0.09016014319042992], [-0.0005134441641027948, -0.003879539668319113, -0.9999923427442097, -0.0014356533147341323], [0.0, 0.0, 0.0, 1.0]]}, "mean_rme": {"type": "float", "data": 0.0019040726099869162}, "max_rme": {"type": "float", "data": 0.005741048443100805}, "simu": {"type": "float", "data": 0.002}}, {"type": "dict", "image_number": {"type": "int", "data": 27}, "Hcamera2end": {"type": "ndarray", "data": [[0.9999936433995136, 0.0016093237301896004, 0.0031817035842419358, -0.016480582929513314], [-0.0031821889932787217, 0.00029915238247102405, 0.9999948920774862, 0.0313751185411101], [0.001608363695681144, -0.9999986602915945, 0.0003042716531397316, 0.03266681825525149], [0.0, 0.0, 0.0, 1.0]]}, "Hobj2base": {"type": "ndarray", "data": [[0.9999991832719786, 0.001274791889143757, 9.143858705528226e-05, -0.735068529029654], [0.0012744529983719172, -0.9999926531349714, 0.0036151688254576985, 0.09017918068882257], [9.604650316490356e-05, -0.0036150493386665774, -0.9999934610752956, -0.001520507226743071], [0.0, 0.0, 0.0, 1.0]]}, "mean_rme": {"type": "float", "data": 0.0018855078881706883}, "max_rme": {"type": "float", "data": 0.005702292549219612}, "simu": {"type": "float", "data": 0.002}}, {"type": "dict", "image_number": {"type": "int", "data": 28}, "Hcamera2end": {"type": "ndarray", "data": [[0.9999940772200177, 0.0016468994039708462, 0.0030221262777415923, -0.016096934846661737], [-0.003021650814723048, -0.00029111367026102286, 0.9999953924289778, 0.0313116423215379], [0.00164777159803758, -0.9999986014866143, -0.0002861355911329966, 0.033201659283595794], [0.0, 0.0, 0.0, 1.0]]}, "Hobj2base": {"type": "ndarray", "data": [[0.9999985664398627, 0.0016296477281166177, 0.00045974612740604744, -0.7351192425952366], [0.0016280148125437327, -0.9999924440590351, 0.003530069773838563, 0.09050499367471128], [0.000465495423778479, -0.0035293162397658263, -0.9999936636003701, -0.0015171958702921567], [0.0, 0.0, 0.0, 1.0]]}, "mean_rme": {"type": "float", "data": 0.0019056118779685364}, "max_rme": {"type": "float", "data": 0.005656329822620876}, "simu": {"type": "float", "data": 0.002}}, {"type": "dict", "image_number": {"type": "int", "data": 29}, "Hcamera2end": {"type": "ndarray", "data": [[0.9999935374453375, 0.0016770669345089096, 0.003180017933527828, -0.016184074615128264], [-0.003179359433751842, -0.00039516961471397494, 0.9999948677441134, 0.03133698857357067], [0.0016783149738338384, -0.9999985156426349, -0.00038983506232947995, 0.0332344054718857], [0.0, 0.0, 0.0, 1.0]]}, "Hobj2base": {"type": "ndarray", "data": [[0.9999987910305532, 0.0014509379359363298, 0.0005592106382793727, -0.7350879617516131], [0.001448912547843821, -0.9999924507895466, 0.00360541486456727, 0.0905319128445722], [0.0005644376498823658, -0.0036046002584201654, -0.999993344111408, -0.0014943171780182284], [0.0, 0.0, 0.0, 1.0]]}, "mean_rme": {"type": "float", "data": 0.0018695819272727613}, "max_rme": {"type": "float", "data": 0.005613897864977124}, "simu": {"type": "float", "data": 0.002}}, {"type": "dict", "image_number": {"type": "int", "data": 30}, "Hcamera2end": {"type": "ndarray", "data": [[0.9999928659294675, 0.0018313291105057838, 0.003303683377566307, -0.01618908299010388], [-0.0033029507961963014, -0.00040290732457570755, 0.9999944640755396, 0.03140759901882857], [0.0018326500506370674, -0.999998241948143, -0.0003968556602629292, 0.033234476482199043], [0.0, 0.0, 0.0, 1.0]]}, "Hobj2base": {"type": "ndarray", "data": [[0.9999981015245646, 0.001799610768733272, 0.0007472271058209193, -0.7350743433637295], [0.0017968475800069664, -0.9999916060669922, 0.0036822729845178725, 0.09044563250947592], [0.0007538474917630051, -0.0036809233405962548, -0.9999929412337472, -0.0015940260034233323], [0.0, 0.0, 0.0, 1.0]]}, "mean_rme": {"type": "float", "data": 0.00184773973033808}, "max_rme": {"type": "float", "data": 0.005616329410940202}, "simu": {"type": "float", "data": 0.002}}]}