{"type": "list", "data": [{"type": "dict", "image_number": {"type": "int", "data": 5}, "Hcamera2end": {"type": "ndarray", "data": [[0.9999760454316267, -0.004098943364142873, 0.005577385249631638, -0.014120564937555872], [-0.005526927903950089, 0.012219763234408432, 0.9999100611827243, 0.030589885011899912], [-0.0041667290372422025, -0.9999169345749639, 0.012196815950798467, 0.03399563710076303], [0.0, 0.0, 0.0, 1.0]]}, "Hobj2base": {"type": "ndarray", "data": [[0.9998587736022502, -0.013554614655841884, -0.009935052699203665, -0.7438185121753202], [-0.01348258640353902, -0.9998825937492994, 0.007281385928868782, 0.09561466661639431], [-0.010032582642342023, -0.0071464073985226945, -0.9999241351956754, 0.0007103623474455367], [0.0, 0.0, 0.0, 1.0]]}, "mean_rme": {"type": "float", "data": 0.001601869734666744}, "max_rme": {"type": "float", "data": 0.00403620509137545}, "simu": {"type": "float", "data": 0.002}}, {"type": "dict", "image_number": {"type": "int", "data": 6}, "Hcamera2end": {"type": "ndarray", "data": [[0.9997435318375095, -0.003959178639510711, 0.022297880023960853, -0.01293006496019534], [-0.022334602344690174, -0.009486829404118158, 0.9997055394494728, 0.03034687409581839], [-0.003746476633728072, -0.9999471610902034, -0.009572823014938114, 0.03181482431869776], [0.0, 0.0, 0.0, 1.0]]}, "Hobj2base": {"type": "ndarray", "data": [[0.999963583521197, -0.0036879390432707363, 0.0076961507949952325, -0.7319554515786285], [-0.003863031255798931, -0.9997311861382427, 0.022861155966813134, 0.10180765795504805], [0.007609771413315051, -0.02289005391508186, -0.9997090260724877, -0.005745024291126925], [0.0, 0.0, 0.0, 1.0]]}, "mean_rme": {"type": "float", "data": 0.0014453691434564953}, "max_rme": {"type": "float", "data": 0.0046966579957139765}, "simu": {"type": "float", "data": 0.002}}, {"type": "dict", "image_number": {"type": "int", "data": 7}, "Hcamera2end": {"type": "ndarray", "data": [[0.9999691345584306, -0.005275900842171545, 0.005821924146440282, -0.014669193401845427], [-0.00583791371768348, -0.0030203652497313715, 0.9999783978452649, 0.029926598092215484], [-0.005258202533966705, -0.9999815209612933, -0.00305107227872381, 0.031927120034587815], [0.0, 0.0, 0.0, 1.0]]}, "Hobj2base": {"type": "ndarray", "data": [[0.9999647273322071, -0.006365615764641314, 0.005479327272734897, -0.7333596896292872], [-0.006401537110066429, -0.999957970077421, 0.006563413842785803, 0.09364215349228099], [0.005437316806406338, -0.00659825845054435, -0.9999634486176814, -0.0014312846378504798], [0.0, 0.0, 0.0, 1.0]]}, "mean_rme": {"type": "float", "data": 0.0018713240320357624}, "max_rme": {"type": "float", "data": 0.004743920751562908}, "simu": {"type": "float", "data": 0.002}}, {"type": "dict", "image_number": {"type": "int", "data": 8}, "Hcamera2end": {"type": "ndarray", "data": [[0.9999709640534826, -0.005061949615115693, 0.0056962896733319425, -0.014215077021501842], [-0.005717462417111993, -0.004178144604827461, 0.9999749265512462, 0.029786441776326427], [-0.005038022772615258, -0.9999784596548845, -0.004206964795125945, 0.032277764005276904], [0.0, 0.0, 0.0, 1.0]]}, "Hobj2base": {"type": "ndarray", "data": [[0.9999588858522499, -0.0061649794950494885, 0.006649784429039488, -0.7332749980699946], [-0.006207870221760038, -0.9999599374906465, 0.0064487022734835316, 0.09380757668842585], [0.0066097619047028955, -0.006489718139323621, -0.9999570963826574, -0.00196255303469655], [0.0, 0.0, 0.0, 1.0]]}, "mean_rme": {"type": "float", "data": 0.0017627070587745526}, "max_rme": {"type": "float", "data": 0.004924823157058333}, "simu": {"type": "float", "data": 0.002}}, {"type": "dict", "image_number": {"type": "int", "data": 9}, "Hcamera2end": {"type": "ndarray", "data": [[0.9999646645997925, -0.002001286455275477, -0.008164827269970892, -0.013525857280903261], [0.008168210277882487, 0.0016881125948740028, 0.9999652147033531, 0.02958928867605546], [-0.0019874336921830472, -0.9999965725583218, 0.001704399873332929, 0.029418726818549984], [0.0, 0.0, 0.0, 1.0]]}, "Hobj2base": {"type": "ndarray", "data": [[0.9999819627937999, -0.005995387094029808, -0.0003597508193687203, -0.7332028765723279], [-0.005997231236304787, -0.9999676243140416, -0.005365029471458715, 0.08855182582331952], [-0.0003275737437368961, 0.0053670902101670736, -0.9999855434145626, 0.0011940616949902808], [0.0, 0.0, 0.0, 1.0]]}, "mean_rme": {"type": "float", "data": 0.0020198153276292426}, "max_rme": {"type": "float", "data": 0.007967107503134785}, "simu": {"type": "float", "data": 0.002}}, {"type": "dict", "image_number": {"type": "int", "data": 10}, "Hcamera2end": {"type": "ndarray", "data": [[0.9999888483749978, -0.0014305266589636362, -0.004500746507376953, -0.013871932933728605], [0.004500433145417523, -0.00022219714144311453, 0.9999898483134386, 0.029291588069755625], [-0.001431512189713675, -0.9999989521104051, -0.00021575667399242882, 0.03001645090609289], [0.0, 0.0, 0.0, 1.0]]}, "Hobj2base": {"type": "ndarray", "data": [[0.9999899103182105, -0.0040647234118401125, 0.0019124030334991971, -0.7325273615616894], [-0.004060913305060078, -0.9999897704147149, -0.0019919962484507185, 0.08932898057876101], [0.0019204803841966426, 0.001984210046919072, -0.9999961873255232, 0.00034035377633263587], [0.0, 0.0, 0.0, 1.0]]}, "mean_rme": {"type": "float", "data": 0.0020516682589960364}, "max_rme": {"type": "float", "data": 0.006520230138904626}, "simu": {"type": "float", "data": 0.002}}, {"type": "dict", "image_number": {"type": "int", "data": 11}, "Hcamera2end": {"type": "ndarray", "data": [[0.999980433214594, -0.0010362385412046025, -0.006169229906461047, -0.014031963975564972], [0.006170835287286916, 0.0015532526870196683, 0.9999797538940216, 0.029356726317897142], [-0.0010266351884802238, -0.999998256806369, 0.0015596167522137216, 0.029393360381596945], [0.0, 0.0, 0.0, 1.0]]}, "Hobj2base": {"type": "ndarray", "data": [[0.9999914373094334, -0.004103246933578807, 0.0005372824356122272, -0.73220678337716], [-0.0041015362229935804, -0.9999866358314458, -0.0031473098225963635, 0.08880073666239478], [0.0005501894446577872, 0.0031450791897845937, -0.9999949028712423, 0.0012498324220448045], [0.0, 0.0, 0.0, 1.0]]}, "mean_rme": {"type": "float", "data": 0.002337949715293139}, "max_rme": {"type": "float", "data": 0.006688874711289927}, "simu": {"type": "float", "data": 0.002}}, {"type": "dict", "image_number": {"type": "int", "data": 12}, "Hcamera2end": {"type": "ndarray", "data": [[0.9999859628493462, -0.0010647424599968258, -0.0051904169158130935, -0.014476936139990272], [0.005191909169977953, 0.001403573157605087, 0.9999855369261907, 0.0294386903858033], [-0.0010574419306882236, -0.9999984481517386, 0.0014090815015789238, 0.02927269140358329], [0.0, 0.0, 0.0, 1.0]]}, "Hobj2base": {"type": "ndarray", "data": [[0.9999913182797965, -0.004101862180070367, 0.000733547333497998, -0.7320031093400914], [-0.004100308477462073, -0.9999893735864904, -0.0021071745270871407, 0.0889117126095652], [0.00074218287802017, 0.002104148462837315, -0.9999975108588128, 0.0013187204730245872], [0.0, 0.0, 0.0, 1.0]]}, "mean_rme": {"type": "float", "data": 0.0022455740821507816}, "max_rme": {"type": "float", "data": 0.006788297866131832}, "simu": {"type": "float", "data": 0.002}}, {"type": "dict", "image_number": {"type": "int", "data": 13}, "Hcamera2end": {"type": "ndarray", "data": [[0.9999845905482334, -0.00035746421820850817, -0.005539935506367236, -0.014411735143237925], [0.0055405560673987934, 0.001759021986574849, 0.9999831038973184, 0.029457457661865166], [-0.0003477133100964658, -0.9999983890291941, 0.001760975431553513, 0.029510490650840205], [0.0, 0.0, 0.0, 1.0]]}, "Hobj2base": {"type": "ndarray", "data": [[0.9999920289434824, -0.00399258622767424, 3.612079895106875e-05, -0.732417299752618], [-0.003992484031039042, -0.9999889363043608, -0.002487436458425788, 0.08897763373123913], [4.60517038676685e-05, 0.002487272419216194, -0.9999969056727891, 0.0013169759923248741], [0.0, 0.0, 0.0, 1.0]]}, "mean_rme": {"type": "float", "data": 0.0021831620680979463}, "max_rme": {"type": "float", "data": 0.006742539966662964}, "simu": {"type": "float", "data": 0.002}}, {"type": "dict", "image_number": {"type": "int", "data": 14}, "Hcamera2end": {"type": "ndarray", "data": [[0.9999860142373597, -0.0006082167004437368, -0.005253703657836924, -0.01406955340558588], [0.005254785635910853, 0.001791219045959913, 0.9999845892623797, 0.031579278893694496], [-0.0005987967933220027, -0.9999982108017867, 0.0017943900427764836, 0.029386068416303823], [0.0, 0.0, 0.0, 1.0]]}, "Hobj2base": {"type": "ndarray", "data": [[0.9999909664598333, -0.004249536672648468, -9.185203449536198e-05, -0.7323610482600452], [-0.004249783684279336, -0.9999868192725927, -0.002881079610302057, 0.08822794657143293], [-7.96075703579351e-05, 0.0028814439352312406, -0.9999958454631117, -0.0008588753560287789], [0.0, 0.0, 0.0, 1.0]]}, "mean_rme": {"type": "float", "data": 0.002165620564059308}, "max_rme": {"type": "float", "data": 0.007084648617076916}, "simu": {"type": "float", "data": 0.002}}, {"type": "dict", "image_number": {"type": "int", "data": 15}, "Hcamera2end": {"type": "ndarray", "data": [[0.9999821651759875, -3.9527035198690455e-05, -0.005972249790294611, -0.01373177591380161], [0.005972297562972285, 0.0013452246526326483, 0.9999812608406485, 0.03157238818580208], [-3.149227684569496e-05, -0.9999990944037137, 0.0013454367280036905, 0.030056354532448877], [0.0, 0.0, 0.0, 1.0]]}, "Hobj2base": {"type": "ndarray", "data": [[0.9999924507183439, -0.0038807679782931377, -0.00019531057151533432, -0.732706153787609], [-0.00388147100997687, -0.9999854805683994, -0.0037380255732870128, 0.08801435316919466], [-0.0001808013257699972, 0.0037387554462004007, -0.9999929944847588, -0.0005759761011877658], [0.0, 0.0, 0.0, 1.0]]}, "mean_rme": {"type": "float", "data": 0.00221476656988728}, "max_rme": {"type": "float", "data": 0.007013989686442401}, "simu": {"type": "float", "data": 0.002}}, {"type": "dict", "image_number": {"type": "int", "data": 16}, "Hcamera2end": {"type": "ndarray", "data": [[0.999982084833037, -7.685820277110456e-06, -0.005985812718507335, -0.01368328508470519], [0.005985815760725869, 0.0020790873698508516, 0.9999799235011605, 0.031552490504034955], [4.7593616485925964e-06, -0.9999978386659826, 0.0020790961285577225, 0.029974116429567408], [0.0, 0.0, 0.0, 1.0]]}, "Hobj2base": {"type": "ndarray", "data": [[0.9999922765905729, -0.00388166296958241, -0.0006159965858263676, -0.7329045709901534], [-0.003883910184368882, -0.9999856501162014, -0.003689824299025503, 0.08809935573260658], [-0.0006016650920011479, 0.0036921882764149555, -0.999993002847944, -0.0007916740505946457], [0.0, 0.0, 0.0, 1.0]]}, "mean_rme": {"type": "float", "data": 0.002185560769942376}, "max_rme": {"type": "float", "data": 0.006873090703676421}, "simu": {"type": "float", "data": 0.002}}, {"type": "dict", "image_number": {"type": "int", "data": 17}, "Hcamera2end": {"type": "ndarray", "data": [[0.9999992334174929, -7.952743588122112e-05, -0.0012356535976817138, -0.015088393015155587], [0.001235850296341914, 0.0025227380603898286, 0.9999960542255775, 0.03097266385584871], [-7.640989172356927e-05, -0.99999681472896, 0.002522834410508157, 0.02910773019448539], [0.0, 0.0, 0.0, 1.0]]}, "Hobj2base": {"type": "ndarray", "data": [[0.9999940733071302, -0.0034356813466335256, -0.00022236073919250363, -0.7318961514716645], [-0.003435685420255951, -0.9999940978544979, -1.794049328182138e-05, 0.08888131965002477], [-0.00022229778896894927, 1.8704348503708787e-05, -0.9999999751169195, -0.0007649981783545048], [0.0, 0.0, 0.0, 1.0]]}, "mean_rme": {"type": "float", "data": 0.0023363006909019246}, "max_rme": {"type": "float", "data": 0.007177028741890412}, "simu": {"type": "float", "data": 0.002}}, {"type": "dict", "image_number": {"type": "int", "data": 18}, "Hcamera2end": {"type": "ndarray", "data": [[0.9999975003668923, 1.695807936404753e-05, -0.00223583818529346, -0.014435086986722323], [0.002235792404668788, 0.0023390019044466914, 0.9999947651375053, 0.03099311756728133], [2.2187620364270055e-05, -0.9999972643875156, 0.002338958143054959, 0.029096631308248008], [0.0, 0.0, 0.0, 1.0]]}, "Hobj2base": {"type": "ndarray", "data": [[0.99999607796235, -0.002791549952884398, -0.00022651441041679672, -0.7317877035026124], [-0.002791756001436411, -0.9999956848945335, -0.0009144893340229453, 0.08882151892132562], [-0.00022396059032592095, 0.0009151181203260396, -0.9999995562001418, -0.0007538511663422176], [0.0, 0.0, 0.0, 1.0]]}, "mean_rme": {"type": "float", "data": 0.0023025770739108766}, "max_rme": {"type": "float", "data": 0.007051663987091172}, "simu": {"type": "float", "data": 0.002}}, {"type": "dict", "image_number": {"type": "int", "data": 19}, "Hcamera2end": {"type": "ndarray", "data": [[0.9999989659028433, 0.0011760203729001045, -0.0008277495554644978, -0.014972119118773114], [0.0008235010934393371, 0.0036084781369095653, 0.9999931503422832, 0.030897437661075316], [0.0011789992337368125, -0.9999927979048737, 0.003607505951329637, 0.028514799551038666], [0.0, 0.0, 0.0, 1.0]]}, "Hobj2base": {"type": "ndarray", "data": [[0.9999959268681418, -0.002211416502867509, -0.0018044068767970845, -0.7317535492851429], [-0.0022110030905818654, -0.9999975290317433, 0.00023107518495500833, 0.08889441052161828], [-0.0018049134216423827, -0.0002270846945740453, -0.999998345358672, -0.0004750939375910102], [0.0, 0.0, 0.0, 1.0]]}, "mean_rme": {"type": "float", "data": 0.0022872455650691692}, "max_rme": {"type": "float", "data": 0.006972091524730939}, "simu": {"type": "float", "data": 0.002}}, {"type": "dict", "image_number": {"type": "int", "data": 20}, "Hcamera2end": {"type": "ndarray", "data": [[0.9999996932058346, 0.0005882942285474996, -0.0005172022209501321, -0.015424857238139945], [0.0005153483679030354, 0.003147032961071883, 0.9999949152868735, 0.030909216366735694], [0.0005899188896769832, -0.9999948750335885, 0.003146728819110045, 0.029015711021172712], [0.0, 0.0, 0.0, 1.0]]}, "Hobj2base": {"type": "ndarray", "data": [[0.9999963770342243, -0.002427711438864753, -0.0011628136545266266, -0.7320729684489502], [-0.0024274840911143046, -0.9999970342739144, 0.00019688667586389186, 0.08875808852140618], [-0.0011632881899749936, -0.00019406325090290966, -0.999999304549779, -0.0005708404716232796], [0.0, 0.0, 0.0, 1.0]]}, "mean_rme": {"type": "float", "data": 0.0022568192767705242}, "max_rme": {"type": "float", "data": 0.007000768684449543}, "simu": {"type": "float", "data": 0.002}}, {"type": "dict", "image_number": {"type": "int", "data": 21}, "Hcamera2end": {"type": "ndarray", "data": [[0.9999996420492122, 0.000616822945930214, -0.0005791639670503684, -0.015478341981356173], [0.0005773417148621606, 0.0029503468538222277, 0.999995481054783, 0.03089970398996954], [0.000618528893129147, -0.9999954574811306, 0.0029499896801259418, 0.029115424353982476], [0.0, 0.0, 0.0, 1.0]]}, "Hobj2base": {"type": "ndarray", "data": [[0.999996579798047, -0.002358028837784996, -0.0011314115999148124, -0.7321348904399376], [-0.0023579868147900816, -0.9999972192050774, 3.847458467596186e-05, 0.08866755139135463], [-0.0011314991778713676, -3.580659945041253e-05, -0.9999993592135437, -0.0006020685545030049], [0.0, 0.0, 0.0, 1.0]]}, "mean_rme": {"type": "float", "data": 0.0021869801211538997}, "max_rme": {"type": "float", "data": 0.007033610921363398}, "simu": {"type": "float", "data": 0.002}}, {"type": "dict", "image_number": {"type": "int", "data": 22}, "Hcamera2end": {"type": "ndarray", "data": [[0.9999997286365315, 0.000298569383493506, -0.0006734858472714944, -0.015089555708249595], [0.0006726457287801024, 0.002805040053775021, 0.9999958396403558, 0.03083853114550188], [0.000300457296114739, -0.9999960212953948, 0.002804838461169079, 0.029059559056714285], [0.0, 0.0, 0.0, 1.0]]}, "Hobj2base": {"type": "ndarray", "data": [[0.9999962458024361, -0.0025938149856328525, -0.000883461857799579, -0.7322572456759502], [-0.0025936294323963623, -0.9999966142535921, 0.00021111068052405774, 0.08893835726046836], [-0.0008840064486685381, -0.00020881851529606663, -0.999999587463628, -0.0009030223263087132], [0.0, 0.0, 0.0, 1.0]]}, "mean_rme": {"type": "float", "data": 0.002224733527256062}, "max_rme": {"type": "float", "data": 0.007471417492441956}, "simu": {"type": "float", "data": 0.002}}, {"type": "dict", "image_number": {"type": "int", "data": 23}, "Hcamera2end": {"type": "ndarray", "data": [[0.9999992961749373, 0.0011752652822083758, 0.0001624842959879276, -0.01540608055194705], [-0.00016415047239452915, 0.0014177448994366904, 0.9999989815264926, 0.030626542426426543], [0.0011750337239499462, -0.9999983043740207, 0.0014179368219434663, 0.029789428573003988], [0.0, 0.0, 0.0, 1.0]]}, "Hobj2base": {"type": "ndarray", "data": [[0.9999993766563121, -0.0011133915633496764, -8.394172884315312e-05, -0.7322342925687081], [-0.0011133077306309633, -0.9999988880224975, 0.0009922195651389648, 0.08875953695295256], [-8.504636439465534e-05, -0.0009921254936695182, -0.9999995042269374, -0.0009528795964666159], [0.0, 0.0, 0.0, 1.0]]}, "mean_rme": {"type": "float", "data": 0.002250536593540477}, "max_rme": {"type": "float", "data": 0.007548754484893061}, "simu": {"type": "float", "data": 0.002}}, {"type": "dict", "image_number": {"type": "int", "data": 24}, "Hcamera2end": {"type": "ndarray", "data": [[0.999996977249714, 0.0024584961260394546, 3.5891963696203484e-05, -0.015871947616162885], [-3.60907449321545e-05, 8.081049268515716e-05, 0.9999999960835613, 0.030583752024329922], [0.002458493215963635, -0.999996974628655, 8.089897737184604e-05, 0.030645013063642885], [0.0, 0.0, 0.0, 1.0]]}, "Hobj2base": {"type": "ndarray", "data": [[0.9999996650299892, 0.0007839826722367007, 0.0002351830757873459, -0.7323709717212145], [0.0007837978450593486, -0.9999993847555941, 0.0007849518276477193, 0.08797950237163178], [0.00023579831972369048, -0.0007847672287244005, -0.9999996642697184, -0.0006546496613729658], [0.0, 0.0, 0.0, 1.0]]}, "mean_rme": {"type": "float", "data": 0.0022628380965792247}, "max_rme": {"type": "float", "data": 0.007196805690015962}, "simu": {"type": "float", "data": 0.002}}, {"type": "dict", "image_number": {"type": "int", "data": 25}, "Hcamera2end": {"type": "ndarray", "data": [[0.9999969845290783, 0.0024443016758807267, 0.00023732270784140603, -0.015972378362181676], [-0.00023674914336798835, -0.0002349403874752909, 0.9999999443764269, 0.03063685072129368], [0.0024443572966088714, -0.9999969850916208, -0.00023436099269136257, 0.030919025021678644], [0.0, 0.0, 0.0, 1.0]]}, "Hobj2base": {"type": "ndarray", "data": [[0.9999992454498453, 0.0012158447254733368, 0.00017556008531193588, -0.7325111326389141], [0.0012156778650393226, -0.999998812236605, 0.0009474453591230083, 0.08798005604194029], [0.00017671182323065676, -0.0009472312197182679, -0.9999995357628666, -0.0006237366026627656], [0.0, 0.0, 0.0, 1.0]]}, "mean_rme": {"type": "float", "data": 0.0022299294963449142}, "max_rme": {"type": "float", "data": 0.007218084024444071}, "simu": {"type": "float", "data": 0.002}}, {"type": "dict", "image_number": {"type": "int", "data": 26}, "Hcamera2end": {"type": "ndarray", "data": [[0.9999968505549033, 0.00250806482287346, -9.214726668446043e-05, -0.015722220463210465], [9.215055993413383e-05, -1.1975040785650037e-06, 0.9999999957534201, 0.030760483892751003], [0.0025080647018760347, -0.999996854799759, -1.4286198850577136e-06, 0.031018395928238098], [0.0, 0.0, 0.0, 1.0]]}, "Hobj2base": {"type": "ndarray", "data": [[0.9999992497903681, 0.0012079362616417622, 0.00020324539021966266, -0.7326943008579151], [0.0012077896180073444, -0.9999990113549262, 0.0007200926398823476, 0.08811325563622557], [0.00020411501529356396, -0.0007198466219896983, -0.9999997200789121, -0.0007019104058806518], [0.0, 0.0, 0.0, 1.0]]}, "mean_rme": {"type": "float", "data": 0.002230159264097537}, "max_rme": {"type": "float", "data": 0.007196630567876894}, "simu": {"type": "float", "data": 0.002}}, {"type": "dict", "image_number": {"type": "int", "data": 27}, "Hcamera2end": {"type": "ndarray", "data": [[0.9999970297253904, 0.002406977634909072, -0.0003834045667047807, -0.015312000770889069], [0.0003858877064542845, -0.001031262585591275, 0.9999993937938951, 0.03071365269648226], [0.002406580784999748, -0.999996571472195, -0.0010321883455370884, 0.03157069789470326], [0.0, 0.0, 0.0, 1.0]]}, "Hobj2base": {"type": "ndarray", "data": [[0.9999981654926702, 0.0015703709118721717, 0.0010967891745838486, -0.7326256933246235], [0.0015698392620512895, -0.9999986499823696, 0.0004854257193962527, 0.08827805163649428], [0.001097549992328741, -0.0004837030461707578, -0.9999992807074298, -0.0009690674572143923], [0.0, 0.0, 0.0, 1.0]]}, "mean_rme": {"type": "float", "data": 0.002211658951635392}, "max_rme": {"type": "float", "data": 0.007284118844942844}, "simu": {"type": "float", "data": 0.002}}, {"type": "dict", "image_number": {"type": "int", "data": 28}, "Hcamera2end": {"type": "ndarray", "data": [[0.9999961020569976, 0.00273393208360529, -0.0005669975070922127, -0.015445751950687795], [0.0005691529274576041, -0.0007876821749734919, 0.9999995278107568, 0.03074726557496647], [0.002733484178842377, -0.999995952577886, -0.000789235130082222, 0.03128932051757148], [0.0, 0.0, 0.0, 1.0]]}, "Hobj2base": {"type": "ndarray", "data": [[0.9999982303760877, 0.0017257379407316414, 0.0007490482314017235, -0.7325926850609507], [0.001725617547271079, -0.9999984981047882, 0.00016134512040937759, 0.08802025913964373], [0.0007493255458056139, -0.0001600522641173352, -0.9999997064472064, -0.0007816363617457031], [0.0, 0.0, 0.0, 1.0]]}, "mean_rme": {"type": "float", "data": 0.002227369625290926}, "max_rme": {"type": "float", "data": 0.007219047668647227}, "simu": {"type": "float", "data": 0.002}}, {"type": "dict", "image_number": {"type": "int", "data": 29}, "Hcamera2end": {"type": "ndarray", "data": [[0.9999963291360461, 0.002633714445718643, -0.0006366024276972489, -0.015247162710220728], [0.0006382188213167822, -0.0006129366234930433, 0.9999996084926391, 0.030745536472980145], [0.002633323217657511, -0.9999963439217735, -0.0006146152596153698, 0.03122273882429472], [0.0, 0.0, 0.0, 1.0]]}, "Hobj2base": {"type": "ndarray", "data": [[0.9999980305845501, 0.0018955068608661545, 0.0005881162824430064, -0.7327474251243856], [0.0018954168019676874, -0.99999819189167, 0.00015365070234088344, 0.08809583534463292], [0.0005884064650255209, -0.0001525356742555631, -0.9999998152553333, -0.0007764197290837526], [0.0, 0.0, 0.0, 1.0]]}, "mean_rme": {"type": "float", "data": 0.002204362833452134}, "max_rme": {"type": "float", "data": 0.007361120656162068}, "simu": {"type": "float", "data": 0.002}}, {"type": "dict", "image_number": {"type": "int", "data": 30}, "Hcamera2end": {"type": "ndarray", "data": [[0.9999967150047473, 0.0025164437040586228, -0.00048733027657324695, -0.015318176462529134], [0.00048789077247244446, -0.00022212426333534374, 0.9999998563116927, 0.0308248307265125], [0.0025163350945964016, -0.9999968090808571, -0.00022335128332096055, 0.030980843465116002], [0.0, 0.0, 0.0, 1.0]]}, "Hobj2base": {"type": "ndarray", "data": [[0.999998059928373, 0.0019532145100021182, 0.0002551324522201254, -0.7327707250768424], [0.0019531056756805234, -0.9999980018917869, 0.00042613454932794424, 0.08815030481971237], [0.0002559642746228377, -0.0004256354219559144, -0.9999998766583815, -0.0007172299267725853], [0.0, 0.0, 0.0, 1.0]]}, "mean_rme": {"type": "float", "data": 0.002193063845581549}, "max_rme": {"type": "float", "data": 0.0073560731169961535}, "simu": {"type": "float", "data": 0.002}}]}