{"type": "list", "data": [{"type": "dict", "image_number": {"type": "int", "data": 5}, "Hcamera2end": {"type": "ndarray", "data": [[0.9998964075358999, 0.011445486440727888, 0.008727831170265083, -0.017225106603203515], [-0.008643373464986373, -0.007407948548430632, 0.9999352050975346, 0.02549395335940483], [0.011509400155799007, -0.999907057250042, -0.007308253526990827, 0.03770533714729093], [0.0, 0.0, 0.0, 1.0]]}, "Hobj2base": {"type": "ndarray", "data": [[0.999954100055763, 0.009416036817264283, 0.0017708846165231183, -0.738896539356263], [0.009395935905459337, -0.9998949583591155, 0.011035788892627563, 0.09356126543661367], [0.0018746119944177194, -0.011018643232179964, -0.9999375357147025, 0.00441471496688659], [0.0, 0.0, 0.0, 1.0]]}, "mean_rme": {"type": "float", "data": 0.0014230360701517695}, "max_rme": {"type": "float", "data": 0.004996167771149251}, "simu": {"type": "float", "data": 0.002}}, {"type": "dict", "image_number": {"type": "int", "data": 6}, "Hcamera2end": {"type": "ndarray", "data": [[0.9999027491889435, 0.011134434814384416, 0.008397411848713482, -0.01759990885499724], [-0.008365980283875932, -0.002866494041462664, 0.9999608960283398, 0.025351284794079058], [0.011158070544789029, -0.9999339016021381, -0.002773064810463133, 0.03785728414487844], [0.0, 0.0, 0.0, 1.0]]}, "Hobj2base": {"type": "ndarray", "data": [[0.9999616398019524, 0.007736925990645287, -0.004105959182180412, -0.7410074571786324], [0.007782370972178624, -0.9999073289519693, 0.01116996912212265, 0.09328225087706521], [-0.004019157454224173, -0.01120149473744729, -0.999929183937045, 0.005419298937832588], [0.0, 0.0, 0.0, 1.0]]}, "mean_rme": {"type": "float", "data": 0.001355184324583073}, "max_rme": {"type": "float", "data": 0.004647785010198441}, "simu": {"type": "float", "data": 0.002}}, {"type": "dict", "image_number": {"type": "int", "data": 7}, "Hcamera2end": {"type": "ndarray", "data": [[0.9999475922199397, 0.008805338803139799, 0.005222913182039253, -0.019471564968830738], [-0.00523886782590968, 0.00178983757483131, 0.9999846752552554, 0.02536199551124345], [0.008795855697306953, -0.9999596304301578, 0.001835873779569397, 0.03506198301898525], [0.0, 0.0, 0.0, 1.0]]}, "Hobj2base": {"type": "ndarray", "data": [[0.9999740876440651, 0.005368866365875963, -0.004795760040382897, -0.738694724293527], [0.005405641508321823, -0.9999558320277555, 0.007688500085322731, 0.09119319071357254], [-0.00475426969187442, -0.00771422501771016, -0.999958942983197, 0.006505545178587456], [0.0, 0.0, 0.0, 1.0]]}, "mean_rme": {"type": "float", "data": 0.0018902144894784524}, "max_rme": {"type": "float", "data": 0.006255339190470943}, "simu": {"type": "float", "data": 0.002}}, {"type": "dict", "image_number": {"type": "int", "data": 8}, "Hcamera2end": {"type": "ndarray", "data": [[0.9999507617338194, 0.00909068083487892, 0.003979149395648742, -0.017541510208331258], [-0.003988319980034026, 0.0009908837143632887, 0.9999915556909476, 0.02509385023176379], [0.009086661196027284, -0.9999581879615882, 0.0010270914689730626, 0.03570507570896529], [0.0, 0.0, 0.0, 1.0]]}, "Hobj2base": {"type": "ndarray", "data": [[0.9999702415031737, 0.006461156119328597, -0.00421539674123642, -0.7394537761889137], [0.006485975924969392, -0.9999615542215752, 0.005901033390288611, 0.0918959171449038], [-0.004177107179027307, -0.005928198746183049, -0.9999737037718748, 0.005448136940612434], [0.0, 0.0, 0.0, 1.0]]}, "mean_rme": {"type": "float", "data": 0.0019489693409500792}, "max_rme": {"type": "float", "data": 0.007298503392891509}, "simu": {"type": "float", "data": 0.002}}, {"type": "dict", "image_number": {"type": "int", "data": 9}, "Hcamera2end": {"type": "ndarray", "data": [[0.9999572716787046, 0.008598671350694788, 0.0033937689791910357, -0.01800283553711059], [-0.0033926470847398865, -0.0001450560815074997, 0.9999942344356249, 0.02501697181595235], [0.008599114061331238, -0.9999630202211159, -0.00011587762621423359, 0.035345570000109405], [0.0, 0.0, 0.0, 1.0]]}, "Hobj2base": {"type": "ndarray", "data": [[0.9999692643589583, 0.007357625922186428, -0.0027084457153526325, -0.738391832601124], [0.007372015873937471, -0.9999585578093253, 0.005341914062281547, 0.09121625418869556], [-0.00266902966605013, -0.0053617165799357295, -0.9999820639771286, 0.005167932638324645], [0.0, 0.0, 0.0, 1.0]]}, "mean_rme": {"type": "float", "data": 0.0020165524012242674}, "max_rme": {"type": "float", "data": 0.006491202923953221}, "simu": {"type": "float", "data": 0.002}}, {"type": "dict", "image_number": {"type": "int", "data": 10}, "Hcamera2end": {"type": "ndarray", "data": [[0.9999580434647483, 0.008444366858913664, 0.0035502082340032686, -0.018126578327428627], [-0.0035503440809392206, 1.0968209391837291e-06, 0.9999936975079913, 0.025094385957005572], [0.008444309744416288, -0.9999643456979599, 3.10771828152534e-05, 0.03531467869198706], [0.0, 0.0, 0.0, 1.0]]}, "Hobj2base": {"type": "ndarray", "data": [[0.999963808798406, 0.008083968343517834, -0.002651518283171026, -0.7385061469357261], [0.008099082651132529, -0.9999507278676019, 0.005739921363870366, 0.09115019742076545], [-0.002604986294611312, -0.005761188494945543, -0.9999800111769888, 0.005110349795555996], [0.0, 0.0, 0.0, 1.0]]}, "mean_rme": {"type": "float", "data": 0.0018597464213641708}, "max_rme": {"type": "float", "data": 0.006376163486768505}, "simu": {"type": "float", "data": 0.002}}, {"type": "dict", "image_number": {"type": "int", "data": 11}, "Hcamera2end": {"type": "ndarray", "data": [[0.9999669628978631, 0.007473310225911819, 0.0031973030965152267, -0.01715251352706617], [-0.0031921992878705414, -0.0006947667510797118, 0.9999946635671951, 0.024827551917345203], [0.007475491724978554, -0.9999718330700264, -0.0006708875024183936, 0.03547775697023708], [0.0, 0.0, 0.0, 1.0]]}, "Hobj2base": {"type": "ndarray", "data": [[0.9999639592557258, 0.0080783569331516, -0.0026115778513528375, -0.7379369176026032], [0.008092115860983521, -0.999953204721622, 0.00530151184575763, 0.09175642831742653], [-0.002568628136864916, -0.005322453965878057, -0.9999825366641539, 0.004802790911438356], [0.0, 0.0, 0.0, 1.0]]}, "mean_rme": {"type": "float", "data": 0.001878567537533504}, "max_rme": {"type": "float", "data": 0.006288942109646256}, "simu": {"type": "float", "data": 0.002}}, {"type": "dict", "image_number": {"type": "int", "data": 12}, "Hcamera2end": {"type": "ndarray", "data": [[0.9999647282462775, 0.0075002230084827495, 0.0037800685405813463, -0.017339311922114475], [-0.003772412745121837, -0.001034627170024116, 0.9999923491950822, 0.024825606631332042], [0.007504076587356311, -0.9999713376899568, -0.001006296740040824, 0.03543816596415401], [0.0, 0.0, 0.0, 1.0]]}, "Hobj2base": {"type": "ndarray", "data": [[0.9999609251007872, 0.008501411439156342, -0.0024236903928060104, -0.7377751876808906], [0.008515385451960305, -0.9999468368337181, 0.005814784333622892, 0.09173145766290175], [-0.0023741276677005526, -0.005835195779422067, -0.9999801568071407, 0.005019393542316462], [0.0, 0.0, 0.0, 1.0]]}, "mean_rme": {"type": "float", "data": 0.0018191072955474911}, "max_rme": {"type": "float", "data": 0.006332233986983793}, "simu": {"type": "float", "data": 0.002}}, {"type": "dict", "image_number": {"type": "int", "data": 13}, "Hcamera2end": {"type": "ndarray", "data": [[0.9999593874501063, 0.007854960302545117, 0.0044184894538406155, -0.01730814817956546], [-0.004407378457619347, -0.001431267653558832, 0.999989263186378, 0.02502742418478184], [0.007861200006333214, -0.9999681250277677, -0.0013965897433070307, 0.03514978018463465], [0.0, 0.0, 0.0, 1.0]]}, "Hobj2base": {"type": "ndarray", "data": [[0.9999620407655598, 0.008396438706299816, -0.0023274116585010134, -0.7374726243854202], [0.008410565764235853, -0.999945853377294, 0.0061280255450421525, 0.09215066948476386], [-0.002275832046140473, -0.006147367778698105, -0.9999785149981428, 0.004718794718473773], [0.0, 0.0, 0.0, 1.0]]}, "mean_rme": {"type": "float", "data": 0.0017830934516452942}, "max_rme": {"type": "float", "data": 0.006746654120044049}, "simu": {"type": "float", "data": 0.002}}, {"type": "dict", "image_number": {"type": "int", "data": 14}, "Hcamera2end": {"type": "ndarray", "data": [[0.9999579949994692, 0.008171618743631821, 0.004151250865716412, -0.017359871264988756], [-0.004141555737508438, -0.0012030037589081388, 0.9999907001057704, 0.024938373585143225], [0.00817653671883745, -0.9999658881327225, -0.0011691100122421805, 0.03546013875850579], [0.0, 0.0, 0.0, 1.0]]}, "Hobj2base": {"type": "ndarray", "data": [[0.9999557053953094, 0.009131305273023712, -0.0022817781180230036, -0.7378716245117063], [0.009143828996049057, -0.9999428489431867, 0.005539786879891195, 0.09181632742102262], [-0.002231062226844367, -0.005560405686139409, -0.9999820519639069, 0.00496919123996017], [0.0, 0.0, 0.0, 1.0]]}, "mean_rme": {"type": "float", "data": 0.0017933625902624257}, "max_rme": {"type": "float", "data": 0.006552309252845889}, "simu": {"type": "float", "data": 0.002}}, {"type": "dict", "image_number": {"type": "int", "data": 15}, "Hcamera2end": {"type": "ndarray", "data": [[0.9999599087999652, 0.008301741243557639, 0.0033558732232255727, -0.016855519665448224], [-0.003346796284477683, -0.0011070285759080534, 0.9999937867018787, 0.024733577487477804], [0.008305404709919603, -0.9999649271749771, -0.001079199957055188, 0.03553189271210461], [0.0, 0.0, 0.0, 1.0]]}, "Hobj2base": {"type": "ndarray", "data": [[0.999959792570128, 0.008761190183885726, -0.0019117504199928225, -0.7380106422873751], [0.008769731074026408, -0.9999513932094313, 0.004505888969521132, 0.0917784330728726], [-0.0018721805457310916, -0.0045224733363703725, -0.9999880210157146, 0.0048781905874894175], [0.0, 0.0, 0.0, 1.0]]}, "mean_rme": {"type": "float", "data": 0.0018079658740571744}, "max_rme": {"type": "float", "data": 0.006693409021465313}, "simu": {"type": "float", "data": 0.002}}, {"type": "dict", "image_number": {"type": "int", "data": 16}, "Hcamera2end": {"type": "ndarray", "data": [[0.9999540224283583, 0.007703672535977027, 0.0057102065465932965, -0.01739348400852864], [-0.0057172992112997645, 0.0008989779280557109, 0.9999832520239593, 0.024359375671729355], [0.007698410165403942, -0.999969922181734, 0.00094298079614763, 0.034218040077994186], [0.0, 0.0, 0.0, 1.0]]}, "Hobj2base": {"type": "ndarray", "data": [[0.999963572178768, 0.00804001290172821, -0.002865747375111239, -0.7372607095419009], [0.008058580563047106, -0.9999462233741185, 0.006527605927556634, 0.09222582752008102], [-0.002813111229011825, -0.006550461997190507, -0.9999745886035483, 0.005327161837943198], [0.0, 0.0, 0.0, 1.0]]}, "mean_rme": {"type": "float", "data": 0.0019759304768113485}, "max_rme": {"type": "float", "data": 0.006536115971298662}, "simu": {"type": "float", "data": 0.002}}, {"type": "dict", "image_number": {"type": "int", "data": 17}, "Hcamera2end": {"type": "ndarray", "data": [[0.9999528455236445, 0.008147504160804115, 0.005284402058521426, -0.017132198934919504], [-0.005283940301718812, -7.819956103261028e-05, 0.9999860368323733, 0.025091190191840897], [0.008147803633759073, -0.9999668054794512, -3.5144947979626195e-05, 0.03477475906971741], [0.0, 0.0, 0.0, 1.0]]}, "Hobj2base": {"type": "ndarray", "data": [[0.9999588970185583, 0.008829325456078202, -0.00206089432500422, -0.7372054319139195], [0.008842297168159725, -0.9999406017859471, 0.006372337149538898, 0.09170565229960759], [-0.002004508472952827, -0.0063902982675371625, -0.9999775727654263, 0.004585458006543151], [0.0, 0.0, 0.0, 1.0]]}, "mean_rme": {"type": "float", "data": 0.0020004305894418747}, "max_rme": {"type": "float", "data": 0.0064044591186541155}, "simu": {"type": "float", "data": 0.002}}, {"type": "dict", "image_number": {"type": "int", "data": 18}, "Hcamera2end": {"type": "ndarray", "data": [[0.999963472868405, 0.007111037136196973, 0.004741948945970744, -0.017328211595297287], [-0.00475412259181688, 0.0016960113621740103, 0.9999872608507778, 0.02495340197299343], [0.007102904148342554, -0.9999732779911208, 0.0017297561540442485, 0.034241595533716945], [0.0, 0.0, 0.0, 1.0]]}, "Hobj2base": {"type": "ndarray", "data": [[0.9999653366031913, 0.007825045501690846, -0.002845040414972802, -0.7372296147116777], [0.007841466169993991, -0.999952393477072, 0.005807080831215969, 0.09144178738871818], [-0.0027994643007547932, -0.005829188826235091, -0.9999790915600473, 0.004995510755441647], [0.0, 0.0, 0.0, 1.0]]}, "mean_rme": {"type": "float", "data": 0.0020510862713865635}, "max_rme": {"type": "float", "data": 0.005786588802313752}, "simu": {"type": "float", "data": 0.002}}, {"type": "dict", "image_number": {"type": "int", "data": 19}, "Hcamera2end": {"type": "ndarray", "data": [[0.9999640985720971, 0.006710719901726983, 0.00517376123277878, -0.017495215125746925], [-0.005192711063764621, 0.0028094717385911405, 0.9999825711582968, 0.025078921816463297], [0.0066960674056863925, -0.9999735362033089, 0.002844217704023655, 0.033516439843957996], [0.0, 0.0, 0.0, 1.0]]}, "Hobj2base": {"type": "ndarray", "data": [[0.9999709609554309, 0.006885469480104059, -0.00326612245797693, -0.7371239246860872], [0.00690671347206805, -0.9999547730526155, 0.006538284049145098, 0.09162891182213923], [-0.0032209555859557316, -0.006560652355605124, -0.9999732912862136, 0.004835293003695942], [0.0, 0.0, 0.0, 1.0]]}, "mean_rme": {"type": "float", "data": 0.002052383541637991}, "max_rme": {"type": "float", "data": 0.0059102036494272925}, "simu": {"type": "float", "data": 0.002}}, {"type": "dict", "image_number": {"type": "int", "data": 20}, "Hcamera2end": {"type": "ndarray", "data": [[0.9999595126336125, 0.0075994534116536165, 0.0048188589305326185, -0.01756821408486219], [-0.004840068127560817, 0.0027749671524054387, 0.9999844365278009, 0.024890027530847326], [0.007585962962527414, -0.9999672733970583, 0.0028116366735382314, 0.033062441989541114], [0.0, 0.0, 0.0, 1.0]]}, "Hobj2base": {"type": "ndarray", "data": [[0.9999648899876318, 0.007273697921937745, -0.004160782446103526, -0.7369055097638076], [0.007298455770841489, -0.9999555664579673, 0.005966376881097984, 0.09120563066811369], [-0.004117199944680277, -0.005996534688186876, -0.999973544768235, 0.005239545978882254], [0.0, 0.0, 0.0, 1.0]]}, "mean_rme": {"type": "float", "data": 0.002052862664360363}, "max_rme": {"type": "float", "data": 0.006004176289006624}, "simu": {"type": "float", "data": 0.002}}, {"type": "dict", "image_number": {"type": "int", "data": 21}, "Hcamera2end": {"type": "ndarray", "data": [[0.9999604129428526, 0.007464955524052554, 0.004842208812467169, -0.01755362966137827], [-0.004863606818911532, 0.0028509775373980473, 0.9999841085016263, 0.024845604467168395], [0.0074510318661682486, -0.9999680726733755, 0.002887171284176926, 0.03300460034771953], [0.0, 0.0, 0.0, 1.0]]}, "Hobj2base": {"type": "ndarray", "data": [[0.9999653654835171, 0.007263446060497996, -0.004063272664033659, -0.7369000805527589], [0.00728814287633819, -0.99995485598053, 0.006096636316154747, 0.0912036088872232], [-0.00401880664254054, -0.006126038873824761, -0.9999731600602519, 0.0052830674887342525], [0.0, 0.0, 0.0, 1.0]]}, "mean_rme": {"type": "float", "data": 0.0019820345359381256}, "max_rme": {"type": "float", "data": 0.006008923641931119}, "simu": {"type": "float", "data": 0.002}}, {"type": "dict", "image_number": {"type": "int", "data": 22}, "Hcamera2end": {"type": "ndarray", "data": [[0.9999699758392249, 0.006322101045272453, 0.004480899292931023, -0.017412346409648338], [-0.004494551862216762, 0.0021469462098618886, 0.9999875947358196, 0.024965223023019404], [0.006312402368185081, -0.9999777105817634, 0.0021752967606297746, 0.03333292844660109], [0.0, 0.0, 0.0, 1.0]]}, "Hobj2base": {"type": "ndarray", "data": [[0.9999738848428292, 0.006452256973467309, -0.003255458844541183, -0.7369313091045903], [0.006471505837737081, -0.9999614331742821, 0.005937320626945919, 0.09133731969659208], [-0.0032170241734083716, -0.005958233293801535, -0.9999770748429604, 0.00502275590210148], [0.0, 0.0, 0.0, 1.0]]}, "mean_rme": {"type": "float", "data": 0.0019589695373619835}, "max_rme": {"type": "float", "data": 0.006149290904730265}, "simu": {"type": "float", "data": 0.002}}, {"type": "dict", "image_number": {"type": "int", "data": 23}, "Hcamera2end": {"type": "ndarray", "data": [[0.9999724172824067, 0.0059042317080127546, 0.004506076155403119, -0.017478058873925045], [-0.004521186330912763, 0.002548368073267415, 0.9999865322564719, 0.025131856983420745], [0.005892669050724242, -0.9999793227202755, 0.002574991914043312, 0.033149639297218626], [0.0, 0.0, 0.0, 1.0]]}, "Hobj2base": {"type": "ndarray", "data": [[0.9999761280439539, 0.006061218940566314, -0.0033173735358592803, -0.7369472398836056], [0.00608167477843416, -0.9999623396800483, 0.006191320819748159, 0.0914248293321096], [-0.0032797216514907405, -0.006211348207773364, -0.9999753309853852, 0.004943270105626833], [0.0, 0.0, 0.0, 1.0]]}, "mean_rme": {"type": "float", "data": 0.001920514162501118}, "max_rme": {"type": "float", "data": 0.006198157030955775}, "simu": {"type": "float", "data": 0.002}}, {"type": "dict", "image_number": {"type": "int", "data": 24}, "Hcamera2end": {"type": "ndarray", "data": [[0.9999694883831903, 0.005138617278399082, 0.005883614121153198, -0.018038502488906694], [-0.005885707311550979, 0.0003923176749103252, 0.9999826021167992, 0.024863543454344803], [0.005136219631523778, -0.9999867202614783, 0.0004225501019504696, 0.03367871339054178], [0.0, 0.0, 0.0, 1.0]]}, "Hobj2base": {"type": "ndarray", "data": [[0.9999803894944107, 0.006068030559189033, -0.0015490744783090704, -0.7364516901381987], [0.006078088255418875, -0.9999599271576287, 0.006572740833837489, 0.0913438756451006], [-0.0015091288102543248, -0.006582027350460011, -0.9999771994631634, 0.005169196291196071], [0.0, 0.0, 0.0, 1.0]]}, "mean_rme": {"type": "float", "data": 0.0020588553890877738}, "max_rme": {"type": "float", "data": 0.0073664870096195045}, "simu": {"type": "float", "data": 0.002}}, {"type": "dict", "image_number": {"type": "int", "data": 25}, "Hcamera2end": {"type": "ndarray", "data": [[0.9999763547429891, 0.0035937136703995103, 0.005863034792575054, -0.017531942056353254], [-0.0058618583699266685, -0.0003378013742754149, 0.9999827621047686, 0.02469847674412473], [0.0035956322635501254, -0.9999934855349242, -0.0003167275463171748, 0.033769063696079314], [0.0, 0.0, 0.0, 1.0]]}, "Hobj2base": {"type": "ndarray", "data": [[0.9999891821809646, 0.004647811908971865, -0.0001826622691894194, -0.7357906040361337], [0.004648867885914966, -0.9999694561425465, 0.006282898165566902, 0.0919622881537529], [-0.00015345496106232784, -0.006283679371068731, -0.9999802457174523, 0.004974925841563043], [0.0, 0.0, 0.0, 1.0]]}, "mean_rme": {"type": "float", "data": 0.0021313148247501077}, "max_rme": {"type": "float", "data": 0.006994637438014539}, "simu": {"type": "float", "data": 0.002}}, {"type": "dict", "image_number": {"type": "int", "data": 26}, "Hcamera2end": {"type": "ndarray", "data": [[0.9999761201151607, 0.003704046851551654, 0.005834315414096864, -0.017375193101102283], [-0.005831362506381867, -0.0008075112677130569, 0.9999826714182959, 0.024608691820347434], [0.0037086939411094273, -0.9999928139554174, -0.0007858923445049903, 0.034082540470391304], [0.0, 0.0, 0.0, 1.0]]}, "Hobj2base": {"type": "ndarray", "data": [[0.9999875796078171, 0.004984027489389058, 1.0004229303728779e-05, -0.7359536996620762], [0.0049838767423798615, -0.9999694281942253, 0.0060252509931358, 0.09198580589993566], [4.003394003663114e-05, -0.006025126297309714, -0.9999818479604441, 0.004857152098309309], [0.0, 0.0, 0.0, 1.0]]}, "mean_rme": {"type": "float", "data": 0.002120045773869491}, "max_rme": {"type": "float", "data": 0.006984738250699785}, "simu": {"type": "float", "data": 0.002}}, {"type": "dict", "image_number": {"type": "int", "data": 27}, "Hcamera2end": {"type": "ndarray", "data": [[0.9999885883968324, 0.002008574654505716, 0.004334593864246465, -0.016762256176566293], [-0.0043300696279760555, -0.002251361692615639, 0.9999880908628591, 0.025529311100698063], [0.002018309472693709, -0.9999954484888349, -0.0022426387328624564, 0.034778530104147914], [0.0, 0.0, 0.0, 1.0]]}, "Hobj2base": {"type": "ndarray", "data": [[0.9999913401315588, 0.003881926047623385, 0.0015001040130053504, -0.7359557294422261], [0.0038748721950845172, -0.9999815558989944, 0.004676882219740729, 0.09159233724327391], [0.0015182316558458944, -0.004671029007226263, -0.999987938157582, 0.003847642094493562], [0.0, 0.0, 0.0, 1.0]]}, "mean_rme": {"type": "float", "data": 0.002173109952451316}, "max_rme": {"type": "float", "data": 0.006682504750783191}, "simu": {"type": "float", "data": 0.002}}, {"type": "dict", "image_number": {"type": "int", "data": 28}, "Hcamera2end": {"type": "ndarray", "data": [[0.9999879181099476, 0.002362075963250213, 0.004310943200333876, -0.016986170611354986], [-0.004303179772464023, -0.0032819803434873673, 0.9999853555172049, 0.02543884078917697], [0.0023761898027147956, -0.9999918245676656, -0.0032717762534557604, 0.035043912668493264], [0.0, 0.0, 0.0, 1.0]]}, "Hobj2base": {"type": "ndarray", "data": [[0.9999881585323173, 0.00459864784253545, 0.0015922415537507327, -0.7360458932992427], [0.004591241628110549, -0.9999787681211181, 0.004624262890832707, 0.09122117678429924], [0.0016134731040371572, -0.00461689776706954, -0.9999880404082597, 0.004056693699542898], [0.0, 0.0, 0.0, 1.0]]}, "mean_rme": {"type": "float", "data": 0.0022179826561399677}, "max_rme": {"type": "float", "data": 0.00697021556005839}, "simu": {"type": "float", "data": 0.002}}, {"type": "dict", "image_number": {"type": "int", "data": 29}, "Hcamera2end": {"type": "ndarray", "data": [[0.999987876547288, 0.002742074018917266, 0.004089961921661598, -0.017507204987890105], [-0.004081290804885959, -0.003160420462158031, 0.9999866773151873, 0.02541554957640311], [0.0027549634864760452, -0.9999912463479754, -0.0031491909454703926, 0.034960238000156754], [0.0, 0.0, 0.0, 1.0]]}, "Hobj2base": {"type": "ndarray", "data": [[0.9999843657396463, 0.005291451960588296, 0.0018079857372422748, -0.7358510205750723], [0.005284155784980108, -0.9999779714662718, 0.0040167499100805856, 0.09059718823342841], [0.0018292003491543708, -0.004007133432874106, -0.9999902984068065, 0.0042579992030831165], [0.0, 0.0, 0.0, 1.0]]}, "mean_rme": {"type": "float", "data": 0.00229988288446606}, "max_rme": {"type": "float", "data": 0.0091200820868792}, "simu": {"type": "float", "data": 0.002}}, {"type": "dict", "image_number": {"type": "int", "data": 30}, "Hcamera2end": {"type": "ndarray", "data": [[0.9999814964171323, 0.004126418222698256, 0.0044698429507243525, -0.017714837188509736], [-0.004458710506364891, -0.002703115584240301, 0.9999864064409868, 0.026483884757965537], [0.004138444632127844, -0.999987832845375, -0.0026846670626339275, 0.03458531917463612], [0.0, 0.0, 0.0, 1.0]]}, "Hobj2base": {"type": "ndarray", "data": [[0.999980422760966, 0.006198836579540476, 0.0008535337484722584, -0.7359823360997559], [0.006195103125220999, -0.999971524459945, 0.004309404427730809, 0.08985392863193048], [0.0008802227374404669, -0.004304032331897591, -0.9999903502102501, 0.0035836489123752518], [0.0, 0.0, 0.0, 1.0]]}, "mean_rme": {"type": "float", "data": 0.0022996924238948167}, "max_rme": {"type": "float", "data": 0.009229335759080082}, "simu": {"type": "float", "data": 0.002}}]}