{"type": "list", "data": [{"type": "dict", "image_number": {"type": "int", "data": 5}, "Hcamera2end": {"type": "ndarray", "data": [[0.9991140436862834, 0.0023385593283555967, 0.04201974356312836, -0.014307823777376964], [-0.04194443659486481, -0.026136257682041864, 0.9987780335355386, 0.03240733448741487], [0.0034339405327804377, -0.9996556543003424, -0.02601501254606009, 0.03146613568127429], [0.0, 0.0, 0.0, 1.0]]}, "Hobj2base": {"type": "ndarray", "data": [[0.9995418587801929, 0.013559645581270742, 0.027059352504214002, -0.7190454273926674], [0.012481516391484062, -0.9991367863285332, 0.039621887305631376, 0.10877887036111518], [0.027573253250316735, -0.03926599313402582, -0.9988482855210759, -0.008279803832213429], [0.0, 0.0, 0.0, 1.0]]}, "mean_rme": {"type": "float", "data": 0.0015243669306148613}, "max_rme": {"type": "float", "data": 0.004462774147646842}, "simu": {"type": "float", "data": 0.002}}, {"type": "dict", "image_number": {"type": "int", "data": 6}, "Hcamera2end": {"type": "ndarray", "data": [[0.9999763489573431, 0.004225949952670964, 0.005426128724928371, -0.0184387997605819], [-0.005396885703488712, -0.006900800775417659, 0.9999616255503815, 0.02976122442089478], [0.0042632324174799174, -0.9999672596118613, -0.0068778305954009245, 0.03225712193824663], [0.0, 0.0, 0.0, 1.0]]}, "Hobj2base": {"type": "ndarray", "data": [[0.9999458738365312, 0.0062373854737485974, 0.008327329688919782, -0.7299278520724847], [0.00618984722671099, -0.9999644697784418, 0.005722322258481666, 0.08778645480394238], [0.008362726146782106, -0.005670467632550813, -0.9999489540012643, 2.6748800087322833e-05], [0.0, 0.0, 0.0, 1.0]]}, "mean_rme": {"type": "float", "data": 0.0019091483431464557}, "max_rme": {"type": "float", "data": 0.0051315527883869574}, "simu": {"type": "float", "data": 0.002}}, {"type": "dict", "image_number": {"type": "int", "data": 7}, "Hcamera2end": {"type": "ndarray", "data": [[0.9999808801387272, 0.004046338374986895, 0.004676163249022434, -0.018032251855590112], [-0.0046710407978672345, -0.0012744730138647409, 0.9999882784795036, 0.029676538916820226], [0.004052250589618005, -0.9999910013916584, -0.0012555480344860204, 0.032586685852731764], [0.0, 0.0, 0.0, 1.0]]}, "Hobj2base": {"type": "ndarray", "data": [[0.9999891009491547, 0.0036441634808361935, 0.0029185707848616107, -0.7329211235301327], [0.0036309311602728787, -0.9999831639997088, 0.004526373387188435, 0.08818626427807533], [0.002935016492401249, -0.0045157269244085274, -0.9999854968390955, 0.0007494434722239905], [0.0, 0.0, 0.0, 1.0]]}, "mean_rme": {"type": "float", "data": 0.0017983409745129463}, "max_rme": {"type": "float", "data": 0.005255029177800987}, "simu": {"type": "float", "data": 0.002}}, {"type": "dict", "image_number": {"type": "int", "data": 8}, "Hcamera2end": {"type": "ndarray", "data": [[0.999985247941053, 0.0035191654678954185, 0.004137556607511794, -0.01824615597754754], [-0.004142701657008822, 0.0014559776246757528, 0.9999903590295945, 0.029535439155513224], [0.003513107349883924, -0.9999927477754856, 0.001470534998623152, 0.032882721568884006], [0.0, 0.0, 0.0, 1.0]]}, "Hobj2base": {"type": "ndarray", "data": [[0.9999995291218062, 0.0009675797397689492, -7.446887339830201e-05, -0.7343509117300792], [0.0009678393372865537, -0.999993163846814, 0.0035686897673946464, 0.08804019685807139], [-7.101537240122407e-05, -0.0035687601608815323, -0.9999936294335734, 0.001498803472710454], [0.0, 0.0, 0.0, 1.0]]}, "mean_rme": {"type": "float", "data": 0.0016399907787204675}, "max_rme": {"type": "float", "data": 0.00537855669113034}, "simu": {"type": "float", "data": 0.002}}, {"type": "dict", "image_number": {"type": "int", "data": 9}, "Hcamera2end": {"type": "ndarray", "data": [[0.9999897772466645, 0.00451500135897295, -0.00024528533365440926, -0.016490129501651154], [0.00023614337946919204, 0.002025217189261075, 0.99999792136366, 0.029709900417194037], [0.004515488730001041, -0.9999877565540815, 0.0020241302982860754, 0.03340439521123103], [0.0, 0.0, 0.0, 1.0]]}, "Hobj2base": {"type": "ndarray", "data": [[0.9999990913125728, 0.0012880438089589515, -0.00039789090811972344, -0.7350596189626066], [0.0012879331074265154, -0.9999991318738981, -0.0002783518656660874, 0.08762703340484969], [-0.00039824909209752377, 0.00027783915585753537, -0.9999998821015252, 0.0013386299523393602], [0.0, 0.0, 0.0, 1.0]]}, "mean_rme": {"type": "float", "data": 0.0017088394677466133}, "max_rme": {"type": "float", "data": 0.004964635312894414}, "simu": {"type": "float", "data": 0.002}}, {"type": "dict", "image_number": {"type": "int", "data": 10}, "Hcamera2end": {"type": "ndarray", "data": [[0.9999870546199322, 0.004978568547468424, 0.0010509271006433462, -0.01741060254710533], [-0.0010453256712851348, -0.0011275769681560188, 0.999998817931512, 0.03037141516483682], [0.004979747663653326, -0.9999869711278235, -0.001122358145734692, 0.03268501660994229], [0.0, 0.0, 0.0, 1.0]]}, "Hobj2base": {"type": "ndarray", "data": [[0.9999923041967337, 0.003373888031554511, 0.002002105606075352, -0.7330008039009612], [0.0033704202617138414, -0.9999928186107381, 0.0017329149462048006, 0.08778311706059097], [0.0020079378891723534, -0.00172615367273149, -0.9999964942833206, 0.0003723215836153704], [0.0, 0.0, 0.0, 1.0]]}, "mean_rme": {"type": "float", "data": 0.001749449940324284}, "max_rme": {"type": "float", "data": 0.005490101546555354}, "simu": {"type": "float", "data": 0.002}}, {"type": "dict", "image_number": {"type": "int", "data": 11}, "Hcamera2end": {"type": "ndarray", "data": [[0.9999850526649822, 0.005342477113334097, 0.0011629208513085024, -0.017615502762113492], [-0.0011517344015031655, -0.0020964691088851684, 0.9999971391584797, 0.030690804365897457], [0.005344899856994597, -0.9999835312421743, -0.002090284657578323, 0.032501491604777624], [0.0, 0.0, 0.0, 1.0]]}, "Hobj2base": {"type": "ndarray", "data": [[0.9999876669834649, 0.004494547025703673, 0.0021130376240868025, -0.7326236536685216], [0.004488368440176672, -0.9999856647450229, 0.0029197351250357688, 0.08787268521916233], [0.0021261302199757563, -0.0029102150245093363, -0.9999935050883078, -2.6057991331364004e-05], [0.0, 0.0, 0.0, 1.0]]}, "mean_rme": {"type": "float", "data": 0.0018077255588228064}, "max_rme": {"type": "float", "data": 0.006080518174348487}, "simu": {"type": "float", "data": 0.002}}, {"type": "dict", "image_number": {"type": "int", "data": 12}, "Hcamera2end": {"type": "ndarray", "data": [[0.9999816412957905, 0.005941563750038209, 0.0011894921526726973, -0.01869869307257802], [-0.0011835964793690816, -0.0009956940687561033, 0.9999988038456324, 0.03075312809134699], [0.005942741013292027, -0.999981853042107, -0.0009886433751669088, 0.032107551626720444], [0.0, 0.0, 0.0, 1.0]]}, "Hobj2base": {"type": "ndarray", "data": [[0.999988552624327, 0.004782509209709278, 0.00014908374370307083, -0.732933054479333], [0.004782067135377053, -0.9999845426376983, 0.0028366035299713654, 0.08695496999001777], [0.00016264752176801302, -0.0028358581298339415, -0.999995965719088, 0.0009322161962191008], [0.0, 0.0, 0.0, 1.0]]}, "mean_rme": {"type": "float", "data": 0.0018600807935385236}, "max_rme": {"type": "float", "data": 0.006142613524678209}, "simu": {"type": "float", "data": 0.002}}, {"type": "dict", "image_number": {"type": "int", "data": 13}, "Hcamera2end": {"type": "ndarray", "data": [[0.9999769365856251, 0.006097056529618273, 0.002992022477072213, -0.018355083081178804], [-0.0029810626347542934, -0.0018058586724616355, 0.999993926051565, 0.030767809090795493], [0.006102422666149728, -0.9999797821836848, -0.0017876413157924542, 0.03231285715477512], [0.0, 0.0, 0.0, 1.0]]}, "Hobj2base": {"type": "ndarray", "data": [[0.9999864561935106, 0.005194586682076913, 0.00032202289752526146, -0.7334115688464452], [0.005193099920901034, -0.9999765805927463, 0.004457575490124004, 0.08799962318758911], [0.00034517061821522993, -0.004455842820500487, -0.9999900131111326, 0.0006323278746897745], [0.0, 0.0, 0.0, 1.0]]}, "mean_rme": {"type": "float", "data": 0.001865863607152986}, "max_rme": {"type": "float", "data": 0.005964549699138844}, "simu": {"type": "float", "data": 0.002}}, {"type": "dict", "image_number": {"type": "int", "data": 14}, "Hcamera2end": {"type": "ndarray", "data": [[0.9999831783502556, 0.005675175148542819, 0.0011980832834994084, -0.01748312765715772], [-0.0012015901462663443, 0.0006145609790640938, 0.9999990892475471, 0.030238078767793473], [0.005674433684627424, -0.9999837072181909, 0.000621369875671407, 0.03207840719276807], [0.0, 0.0, 0.0, 1.0]]}, "Hobj2base": {"type": "ndarray", "data": [[0.9999924994871308, 0.003734296369106669, -0.0010276186590316588, -0.73418948723699], [0.003736402517325183, -0.9999909074518851, 0.00205531257553065, 0.0877361209961733], [-0.0010199341690713746, -0.0020591367565766837, -0.9999973598415688, 0.000790929796576947], [0.0, 0.0, 0.0, 1.0]]}, "mean_rme": {"type": "float", "data": 0.0020402401184523287}, "max_rme": {"type": "float", "data": 0.006953481974947606}, "simu": {"type": "float", "data": 0.002}}, {"type": "dict", "image_number": {"type": "int", "data": 15}, "Hcamera2end": {"type": "ndarray", "data": [[0.9999824194700809, 0.004868776136486979, 0.0033846373063866715, -0.01809806432910542], [-0.0033862371658995925, 0.00032038987677096564, 0.9999942153573605, 0.030410388448019812], [0.00486766356882743, -0.9999880961137785, 0.000336871074852918, 0.031996288435759294], [0.0, 0.0, 0.0, 1.0]]}, "Hobj2base": {"type": "ndarray", "data": [[0.9999957102586637, 0.0028355204101086135, -0.0007343624953283942, -0.7336510549098025], [0.002838413639475858, -0.9999880944665147, 0.003969172865793882, 0.08836772396892265], [-0.0007230990816789084, -0.003971240263592028, -0.9999918531560572, 0.000953899479985824], [0.0, 0.0, 0.0, 1.0]]}, "mean_rme": {"type": "float", "data": 0.0021244851870320645}, "max_rme": {"type": "float", "data": 0.007039707663108463}, "simu": {"type": "float", "data": 0.002}}, {"type": "dict", "image_number": {"type": "int", "data": 16}, "Hcamera2end": {"type": "ndarray", "data": [[0.9999708488877097, 0.005753565651167098, 0.005019746715805718, -0.01820463892565946], [-0.005019844619099736, 2.5750209503572208e-06, 0.999987400497311, 0.03057092566942513], [0.005753480233148245, -0.9999834481008509, 3.14569514602292e-05, 0.031618432579267136], [0.0, 0.0, 0.0, 1.0]]}, "Hobj2base": {"type": "ndarray", "data": [[0.9999929165354398, 0.0036760980434124278, -0.000808196832672868, -0.7334962409054369], [0.0036803181169743015, -0.9999792690403042, 0.005283630208220379, 0.08902785214845935], [-0.0007887569353063497, -0.005286567203258418, -0.99998571493282, 0.0007439515323883622], [0.0, 0.0, 0.0, 1.0]]}, "mean_rme": {"type": "float", "data": 0.002098880938008607}, "max_rme": {"type": "float", "data": 0.007506423138833707}, "simu": {"type": "float", "data": 0.002}}, {"type": "dict", "image_number": {"type": "int", "data": 17}, "Hcamera2end": {"type": "ndarray", "data": [[0.9999691626644842, 0.005963147220682222, 0.005110244154133539, -0.01790197646737004], [-0.005114080619601624, 0.0006282917392211873, 0.9999867256263488, 0.03059703682690508], [0.005959857339450432, -0.9999820229007694, 0.0006587683800111099, 0.03142305632188321], [0.0, 0.0, 0.0, 1.0]]}, "Hobj2base": {"type": "ndarray", "data": [[0.9999911950605072, 0.003707723417977385, -0.00196534691961179, -0.7335677155348095], [0.003718460636569546, -0.9999780268650682, 0.005488063186489627, 0.08935059722365658], [-0.0019449555143828507, -0.0054953229295831175, -0.9999830091426287, 0.0007644141580402516], [0.0, 0.0, 0.0, 1.0]]}, "mean_rme": {"type": "float", "data": 0.0020487143977793018}, "max_rme": {"type": "float", "data": 0.007519349474145731}, "simu": {"type": "float", "data": 0.002}}, {"type": "dict", "image_number": {"type": "int", "data": 18}, "Hcamera2end": {"type": "ndarray", "data": [[0.9999650664056584, 0.0070009906047897915, 0.004566409845694337, -0.017593547365951746], [-0.004565992610464347, -7.557895563459205e-05, 0.9999895729452895, 0.030348240357020963], [0.007001262729564867, -0.9999754899088142, -4.3609844022629574e-05, 0.03222011774604163], [0.0, 0.0, 0.0, 1.0]]}, "Hobj2base": {"type": "ndarray", "data": [[0.9999873457711945, 0.004706919776231318, -0.0017757262462136994, -0.7340728188015676], [0.004715276828753486, -0.9999776878021143, 0.00473181385570597, 0.08897245577121277], [-0.0017534143576434355, -0.004740127019073756, -0.9999872282854081, 0.0008836562884290473], [0.0, 0.0, 0.0, 1.0]]}, "mean_rme": {"type": "float", "data": 0.0020528369038709496}, "max_rme": {"type": "float", "data": 0.007031117554341659}, "simu": {"type": "float", "data": 0.002}}, {"type": "dict", "image_number": {"type": "int", "data": 19}, "Hcamera2end": {"type": "ndarray", "data": [[0.9999669062748022, 0.007942586402851455, 0.0017611576971005506, -0.01640387181722586], [-0.0017676842237253029, 0.0008147677802052833, 0.9999981057211804, 0.030411733531144288], [0.007941136422830803, -0.9999681252293482, 0.0008287808011842035, 0.03175439898190074], [0.0, 0.0, 0.0, 1.0]]}, "Hobj2base": {"type": "ndarray", "data": [[0.99998263303486, 0.005416539743236774, -0.002322654920231123, -0.7341739881952737], [0.005422686854504239, -0.9999817897682843, 0.002648508843968108, 0.08877257678560674], [-0.002308266870733163, -0.002661057877710829, -0.9999937953182632, 0.00043332726086896186], [0.0, 0.0, 0.0, 1.0]]}, "mean_rme": {"type": "float", "data": 0.002107983776225893}, "max_rme": {"type": "float", "data": 0.007391311223996555}, "simu": {"type": "float", "data": 0.002}}, {"type": "dict", "image_number": {"type": "int", "data": 20}, "Hcamera2end": {"type": "ndarray", "data": [[0.9999640252951496, 0.00813282334639092, 0.002409419004210345, -0.016505038713658347], [-0.0024169536474678505, 0.0009167473259075187, 0.9999966589491217, 0.03027369506707811], [0.008130587345785239, -0.999966507818515, 0.0009363710032443961, 0.03178444500335626], [0.0, 0.0, 0.0, 1.0]]}, "Hobj2base": {"type": "ndarray", "data": [[0.9999810484932455, 0.005657657370357267, -0.0024276670754065344, -0.7342945941176418], [0.005664518268399858, -0.9999799558675373, 0.002828620855673171, 0.08873340329338038], [-0.0024116150472940543, -0.0028423188135441525, -0.99999305264418, 0.0007890264065215285], [0.0, 0.0, 0.0, 1.0]]}, "mean_rme": {"type": "float", "data": 0.0021931512007088505}, "max_rme": {"type": "float", "data": 0.007126497195080961}, "simu": {"type": "float", "data": 0.002}}, {"type": "dict", "image_number": {"type": "int", "data": 21}, "Hcamera2end": {"type": "ndarray", "data": [[0.9999701099117079, 0.006906697092921962, 0.0034751717128216515, -0.016181419610968816], [-0.003479884245007363, 0.0006704131611775521, 0.999993720456201, 0.030247316053861266], [0.006904323921161432, -0.9999759237508972, 0.0006944276288676221, 0.03250807838800887], [0.0, 0.0, 0.0, 1.0]]}, "Hobj2base": {"type": "ndarray", "data": [[0.9999867449521098, 0.004784610573658778, -0.0019019520873559091, -0.7350208485111497], [0.004791418503709609, -0.9999820728165434, 0.0035911494332759985, 0.08954197913111528], [-0.0018847357391618717, -0.003600214880842806, -0.9999917430779144, 0.0006860670383284137], [0.0, 0.0, 0.0, 1.0]]}, "mean_rme": {"type": "float", "data": 0.0022736475246273266}, "max_rme": {"type": "float", "data": 0.007663619155257817}, "simu": {"type": "float", "data": 0.002}}, {"type": "dict", "image_number": {"type": "int", "data": 22}, "Hcamera2end": {"type": "ndarray", "data": [[0.9999699123720474, 0.006905590241886051, 0.003533719577314212, -0.016088636170493255], [-0.0035385164137844475, 0.0006825364584103211, 0.9999935065017034, 0.030257960977642766], [0.006903133508002264, -0.9999759231938508, 0.0007069514669250099, 0.03246213925933406], [0.0, 0.0, 0.0, 1.0]]}, "Hobj2base": {"type": "ndarray", "data": [[0.9999844594265554, 0.005167319387337638, -0.002092777037564444, -0.7351013972520746], [0.005174990847027642, -0.9999798493301912, 0.003677010103472905, 0.08960437076105254], [-0.002073734581110265, -0.0036877830626416007, -0.9999910499004327, 0.0006775445083852653], [0.0, 0.0, 0.0, 1.0]]}, "mean_rme": {"type": "float", "data": 0.0022179869359671843}, "max_rme": {"type": "float", "data": 0.0077196593919262035}, "simu": {"type": "float", "data": 0.002}}, {"type": "dict", "image_number": {"type": "int", "data": 23}, "Hcamera2end": {"type": "ndarray", "data": [[0.9999697875049337, 0.006762038047601439, 0.003833916897965583, -0.01634434773655199], [-0.0038377041334649612, 0.0005471864900864487, 0.9999924862787365, 0.028928754371648678], [0.006759889372001695, -0.9999769874494052, 0.0005731206595831484, 0.03257193243601672], [0.0, 0.0, 0.0, 1.0]]}, "Hobj2base": {"type": "ndarray", "data": [[0.9999847567104336, 0.00520198886604886, -0.0018508534821408962, -0.7350244778937723], [0.005209573790995735, -0.9999779545709069, 0.004117124372771279, 0.09026552449265131], [-0.0018293954441344, -0.004126703772043818, -0.999989811762243, 0.0018803747829121854], [0.0, 0.0, 0.0, 1.0]]}, "mean_rme": {"type": "float", "data": 0.0021914553601561793}, "max_rme": {"type": "float", "data": 0.007723058926540793}, "simu": {"type": "float", "data": 0.002}}, {"type": "dict", "image_number": {"type": "int", "data": 24}, "Hcamera2end": {"type": "ndarray", "data": [[0.9999729489233969, 0.006373142945316768, 0.0036721207011793525, -0.016184039901789654], [-0.0036741360999269896, 0.00030455385949768043, 0.9999932039623398, 0.028849935313645544], [0.006371981274665214, -0.9999796449408083, 0.0003279614155532462, 0.03235721824443292], [0.0, 0.0, 0.0, 1.0]]}, "Hobj2base": {"type": "ndarray", "data": [[0.999985987674498, 0.005036949308356806, -0.0016289862871565837, -0.7346332973233207], [0.00504310910434355, -0.9999800647370698, 0.003799628798634263, 0.0903035661908329], [-0.0016098152752373458, -0.00380779071257436, -0.9999914545758222, 0.0018972628549793827], [0.0, 0.0, 0.0, 1.0]]}, "mean_rme": {"type": "float", "data": 0.0021654354242503183}, "max_rme": {"type": "float", "data": 0.007840366809777954}, "simu": {"type": "float", "data": 0.002}}, {"type": "dict", "image_number": {"type": "int", "data": 25}, "Hcamera2end": {"type": "ndarray", "data": [[0.9999734222192271, 0.006464562309335852, 0.0033710961594202293, -0.015777169836574352], [-0.003376391497969721, 0.000808394777234045, 0.9999939732210072, 0.028762915790639988], [0.006461798172318699, -0.9999787777408242, 0.0008302001851142604, 0.032281730087436816], [0.0, 0.0, 0.0, 1.0]]}, "Hobj2base": {"type": "ndarray", "data": [[0.9999867105814318, 0.0047730484751542105, -0.001948504242081352, -0.7348866251484429], [0.0047800731125901335, -0.999982035581362, 0.0036165474687410125, 0.0905191167973397], [-0.0019312072819544326, -0.00362581339966527, -0.9999915619222117, 0.001914482370862205], [0.0, 0.0, 0.0, 1.0]]}, "mean_rme": {"type": "float", "data": 0.002139639341559361}, "max_rme": {"type": "float", "data": 0.0077726156356461296}, "simu": {"type": "float", "data": 0.002}}, {"type": "dict", "image_number": {"type": "int", "data": 26}, "Hcamera2end": {"type": "ndarray", "data": [[0.9999735857377375, 0.007084099638538802, 0.0016258410509244355, -0.01530859445964662], [-0.001630196654105966, 0.0006091112404211785, 0.9999984857200362, 0.028794204186802397], [0.007083098593169402, -0.9999747219384137, 0.0006206436267252036, 0.03210849625924499], [0.0, 0.0, 0.0, 1.0]]}, "Hobj2base": {"type": "ndarray", "data": [[0.9999831246138454, 0.0055210103021763775, -0.0018080190191901943, -0.7345736023106102], [0.005525417959282953, -0.999981753066711, 0.0024419848489735762, 0.09005631370569377], [-0.001794503804878824, -0.0024519337002956248, -0.9999953838779576, 0.0018154142727529144], [0.0, 0.0, 0.0, 1.0]]}, "mean_rme": {"type": "float", "data": 0.0021358661472012305}, "max_rme": {"type": "float", "data": 0.007369673360860363}, "simu": {"type": "float", "data": 0.002}}, {"type": "dict", "image_number": {"type": "int", "data": 27}, "Hcamera2end": {"type": "ndarray", "data": [[0.9999737786624285, 0.007000686674719052, 0.0018526666367184243, -0.01538631747815198], [-0.0018592340376645876, 0.0009317165443966102, 0.999997837574199, 0.028777067047311172], [0.0069989453760968805, -0.9999750608342007, 0.0009447080284953335, 0.03188947288881445], [0.0, 0.0, 0.0, 1.0]]}, "Hobj2base": {"type": "ndarray", "data": [[0.9999824012100441, 0.005537710897913356, -0.0021286211981998513, -0.7345687059433166], [0.005543220531189306, -0.9999812789364673, 0.002591231894313922, 0.09008507467761141], [-0.0021142318550469996, -0.002602985708497073, -0.9999943772287245, 0.0017804663950395927], [0.0, 0.0, 0.0, 1.0]]}, "mean_rme": {"type": "float", "data": 0.002111522276777998}, "max_rme": {"type": "float", "data": 0.007297402966483291}, "simu": {"type": "float", "data": 0.002}}, {"type": "dict", "image_number": {"type": "int", "data": 28}, "Hcamera2end": {"type": "ndarray", "data": [[0.9999781357014792, 0.006332724801460438, 0.0019038685834372759, -0.015600986197165267], [-0.0019013441781709096, -0.0004046251338909457, 0.9999981105826238, 0.028700764118026106], [0.006333483189380642, -0.9999798662348608, -0.00039257559761307625, 0.03233656463461471], [0.0, 0.0, 0.0, 1.0]]}, "Hobj2base": {"type": "ndarray", "data": [[0.999984931507364, 0.0053993866698957465, -0.000991656090334388, -0.7343469282624373], [0.005401873875548856, -0.9999822274140548, 0.002522818792140886, 0.08988953479333281], [-0.0009780167918844464, -0.0025281375781924004, -0.9999963259950211, 0.0017429691678938644], [0.0, 0.0, 0.0, 1.0]]}, "mean_rme": {"type": "float", "data": 0.0020969557684514493}, "max_rme": {"type": "float", "data": 0.007475638900828585}, "simu": {"type": "float", "data": 0.002}}, {"type": "dict", "image_number": {"type": "int", "data": 29}, "Hcamera2end": {"type": "ndarray", "data": [[0.9999771039399685, 0.006568385407045716, 0.0016272396805178577, -0.015324400700491762], [-0.0016244502437818878, -0.0004299888979784061, 0.9999985881344801, 0.028656534000260803], [0.006569075828365809, -0.9999783354766704, -0.0004193090376511943, 0.03233528817271415], [0.0, 0.0, 0.0, 1.0]]}, "Hobj2base": {"type": "ndarray", "data": [[0.9999829966993615, 0.005735851060415819, -0.001051819745718061, -0.73442947024716], [0.005738401578929158, -0.9999805630362177, 0.002438092920264082, 0.08993561193016114], [-0.0010378147636736688, -0.002444087228726752, -0.9999964746828534, 0.001675027221763163], [0.0, 0.0, 0.0, 1.0]]}, "mean_rme": {"type": "float", "data": 0.002066473049345337}, "max_rme": {"type": "float", "data": 0.007379757387780184}, "simu": {"type": "float", "data": 0.002}}, {"type": "dict", "image_number": {"type": "int", "data": 30}, "Hcamera2end": {"type": "ndarray", "data": [[0.9999831850869232, 0.005582754252825438, 0.0015692030986725262, -0.01545621969121988], [-0.0015655821378818507, -0.0006529086161422004, 0.9999985613304194, 0.02865787852225819], [0.005583770767310318, -0.9999842031578756, -0.000644157377202248, 0.03235523917119778], [0.0, 0.0, 0.0, 1.0]]}, "Hobj2base": {"type": "ndarray", "data": [[0.999986852424165, 0.005104873979803235, -0.00048501593952834254, -0.734371436749747], [0.005106033812551885, -0.9999840335414991, 0.0024209669100305363, 0.08989121020822419], [-0.0004726494645564922, -0.0024234115879713507, -0.999996951834734, 0.0016373772721271773], [0.0, 0.0, 0.0, 1.0]]}, "mean_rme": {"type": "float", "data": 0.00205813784473492}, "max_rme": {"type": "float", "data": 0.007415608280194275}, "simu": {"type": "float", "data": 0.002}}]}