{"type": "list", "data": [{"type": "dict", "image_number": {"type": "int", "data": 5}, "Hcamera2end": {"type": "ndarray", "data": [[0.9994352759212879, 0.007807015283247773, 0.03268301939090591, -0.010713575759884394], [-0.03255419094856543, -0.016094997022582547, 0.9993403703055967, 0.039018906872335765], [0.008327898643927922, -0.9998399879896833, -0.015831756723947876, 0.03585138044285197], [0.0, 0.0, 0.0, 1.0]]}, "Hobj2base": {"type": "ndarray", "data": [[0.9999209735274914, 0.006260671654365336, 0.010901866366364622, -0.7364099668095353], [0.005923023636646456, -0.999510075230553, 0.0307331629289036, 0.1078959061949722], [0.011088935513996513, -0.03066616218327676, -0.9994681695812608, -0.003700084367725043], [0.0, 0.0, 0.0, 1.0]]}, "mean_rme": {"type": "float", "data": 0.0016473417831949174}, "max_rme": {"type": "float", "data": 0.0046209752234006585}, "simu": {"type": "float", "data": 0.002}}, {"type": "dict", "image_number": {"type": "int", "data": 6}, "Hcamera2end": {"type": "ndarray", "data": [[0.9999735630814008, 0.0071592762554032845, -0.0012719676829116766, -0.014680232845161465], [0.0012668900020880607, 0.0007137353785681144, 0.9999989427852073, 0.037463285862218886], [0.007160176534846211, -0.999974117337698, 0.0007046464940938524, 0.03714558464991066], [0.0, 0.0, 0.0, 1.0]]}, "Hobj2base": {"type": "ndarray", "data": [[0.9999555400820281, 0.007714899174237527, -0.005422009774128711, -0.745421268868465], [0.007700524837058245, -0.9999667939527088, -0.002667003782259884, 0.08727325836609823], [-0.005442405395893184, 0.0026251328865580436, -0.9999817442837817, -0.005613166299357967], [0.0, 0.0, 0.0, 1.0]]}, "mean_rme": {"type": "float", "data": 0.0018044965505596307}, "max_rme": {"type": "float", "data": 0.004753356041325374}, "simu": {"type": "float", "data": 0.002}}, {"type": "dict", "image_number": {"type": "int", "data": 7}, "Hcamera2end": {"type": "ndarray", "data": [[0.9999576990905936, 0.005744142151153282, 0.007183652301795693, -0.013416540901694902], [-0.00718932529741649, 0.0009675760452578785, 0.9999736883530308, 0.03732572161889129], [0.0057370402834281825, -0.9999830341698521, 0.0010088316223905158, 0.036325482629471675], [0.0, 0.0, 0.0, 1.0]]}, "Hobj2base": {"type": "ndarray", "data": [[0.9999722444248327, 0.006128271446221657, -0.004237295015006534, -0.743574075202555], [0.006148864141091962, -0.9999692658147572, 0.004864041084299632, 0.09275260665702248], [-0.0042073566211064525, -0.004889960631414701, -0.9999791930011774, -0.004784712475623731], [0.0, 0.0, 0.0, 1.0]]}, "mean_rme": {"type": "float", "data": 0.001872483751868157}, "max_rme": {"type": "float", "data": 0.004993481029418878}, "simu": {"type": "float", "data": 0.002}}, {"type": "dict", "image_number": {"type": "int", "data": 8}, "Hcamera2end": {"type": "ndarray", "data": [[0.9999664609972552, 0.005991351106527303, 0.00558395850122233, -0.013097077763285484], [-0.005582608196847888, -0.00024207590216551722, 0.999984387820619, 0.037236943544944334], [0.005992609310270931, -0.9999820223939909, -0.00020862041738367587, 0.03657611560126815], [0.0, 0.0, 0.0, 1.0]]}, "Hobj2base": {"type": "ndarray", "data": [[0.9999742930805325, 0.006528274710569621, -0.002965604051892124, -0.7434011272091317], [0.006538955191906788, -0.9999721184970571, 0.003606146628502473, 0.09234527166321205], [-0.0029419794505565647, -0.003625445877593766, -0.99998910039015, -0.005349041085146458], [0.0, 0.0, 0.0, 1.0]]}, "mean_rme": {"type": "float", "data": 0.0018125468018208944}, "max_rme": {"type": "float", "data": 0.004774791094810604}, "simu": {"type": "float", "data": 0.002}}, {"type": "dict", "image_number": {"type": "int", "data": 9}, "Hcamera2end": {"type": "ndarray", "data": [[0.9999680816541557, 0.005964669078273915, 0.005315862648192436, -0.013495968692063315], [-0.005309831941358753, -0.001026452310352477, 0.9999853759332727, 0.03715296637977613], [0.005970038330052063, -0.9999816843914898, -0.0009947481573011618, 0.036598585210561994], [0.0, 0.0, 0.0, 1.0]]}, "Hobj2base": {"type": "ndarray", "data": [[0.999982691405794, 0.005406810716128442, -0.0023201910922712194, -0.7429712831302518], [0.0054153654892047, -0.999978503535085, 0.0036967937933920837, 0.09194894961187978], [-0.002300153352067378, -0.003709294489857896, -0.9999904751691113, -0.005542524044775645], [0.0, 0.0, 0.0, 1.0]]}, "mean_rme": {"type": "float", "data": 0.0017057380359203733}, "max_rme": {"type": "float", "data": 0.004905249055624783}, "simu": {"type": "float", "data": 0.002}}, {"type": "dict", "image_number": {"type": "int", "data": 10}, "Hcamera2end": {"type": "ndarray", "data": [[0.9999698111956478, 0.006223727632857366, 0.004652086810509074, -0.013430986416045803], [-0.004646219499398402, -0.0009568593252233804, 0.9999887484689992, 0.037221966818509825], [0.006228108999039348, -0.9999801746207692, -0.0009279136340978322, 0.0365114376300488], [0.0, 0.0, 0.0, 1.0]]}, "Hobj2base": {"type": "ndarray", "data": [[0.9999829685890308, 0.005469885012499488, -0.002035409005451848, -0.7428021387452526], [0.005477236331560557, -0.9999784335946857, 0.003623841564803596, 0.09193811444751213], [-0.0020155431123332645, -0.003634928261822865, -0.9999913624039427, -0.0056715410155058765], [0.0, 0.0, 0.0, 1.0]]}, "mean_rme": {"type": "float", "data": 0.0016667800745943932}, "max_rme": {"type": "float", "data": 0.004720153225345136}, "simu": {"type": "float", "data": 0.002}}, {"type": "dict", "image_number": {"type": "int", "data": 11}, "Hcamera2end": {"type": "ndarray", "data": [[0.9999681247479144, 0.005146466513830229, 0.006104373068673356, -0.01622616275227623], [-0.006067894037018445, -0.007074235473205626, 0.9999565669839992, 0.03759980301958109], [0.005189426759771877, -0.9999617338052951, -0.007042781766695816, 0.036225877692471355], [0.0, 0.0, 0.0, 1.0]]}, "Hobj2base": {"type": "ndarray", "data": [[0.9999819438494733, 0.004361784692459379, 0.004133619397764992, -0.7386406228887386], [0.004338345512977129, -0.9999745572153076, 0.005662480044902484, 0.09139347244839656], [0.0041582127457578675, -0.005644444733143789, -0.9999754244532286, -0.006936404794484142], [0.0, 0.0, 0.0, 1.0]]}, "mean_rme": {"type": "float", "data": 0.0022667126896234427}, "max_rme": {"type": "float", "data": 0.007890249732655508}, "simu": {"type": "float", "data": 0.002}}, {"type": "dict", "image_number": {"type": "int", "data": 12}, "Hcamera2end": {"type": "ndarray", "data": [[0.9999864888366521, 0.0047931441570642636, 0.0020119426517606334, -0.015376243025640373], [-0.0019774192007934238, -0.007196556804335064, 0.9999721493039025, 0.0374074306063084], [0.004807489724243453, -0.9999626169708803, -0.007186981515192148, 0.035679208278413234], [0.0, 0.0, 0.0, 1.0]]}, "Hobj2base": {"type": "ndarray", "data": [[0.9999816494395235, 0.0040658259877301125, 0.004491084863091749, -0.7376966786202527], [0.004055350471676651, -0.9999890411656278, 0.0023391624995324316, 0.09051053464377923], [0.0045005462737167075, -0.0023209066514716407, -0.9999871791555892, -0.007494998903228754], [0.0, 0.0, 0.0, 1.0]]}, "mean_rme": {"type": "float", "data": 0.0022948282491277966}, "max_rme": {"type": "float", "data": 0.007617985046534548}, "simu": {"type": "float", "data": 0.002}}, {"type": "dict", "image_number": {"type": "int", "data": 13}, "Hcamera2end": {"type": "ndarray", "data": [[0.9999877235175773, 0.004824545369015304, 0.0011298566792879692, -0.01465958855508069], [-0.001091606698003038, -0.007923490927246757, 0.999968012831582, 0.03799238129408387], [0.0048333434546174725, -0.9999569701009681, -0.007918127148609955, 0.036043297541136325], [0.0, 0.0, 0.0, 1.0]]}, "Hobj2base": {"type": "ndarray", "data": [[0.9999808839912504, 0.0037612994972345618, 0.004907573552134607, -0.7376149755771256], [0.003751001743556412, -0.9999907476295253, 0.002105858794391622, 0.09089925780009221], [0.0049154489110705656, -0.0020874102218257948, -0.9999857404386163, -0.008049313859824846], [0.0, 0.0, 0.0, 1.0]]}, "mean_rme": {"type": "float", "data": 0.002198805524952056}, "max_rme": {"type": "float", "data": 0.00762283877752723}, "simu": {"type": "float", "data": 0.002}}, {"type": "dict", "image_number": {"type": "int", "data": 14}, "Hcamera2end": {"type": "ndarray", "data": [[0.9999887111594384, 0.004190439387563628, 0.0022400382640400513, -0.014786631101557543], [-0.002203850215852934, -0.008620635570359747, 0.9999604130597315, 0.037996350893721706], [0.004209584054427845, -0.9999540613748723, -0.008611303152630478, 0.035427491280706845], [0.0, 0.0, 0.0, 1.0]]}, "Hobj2base": {"type": "ndarray", "data": [[0.9999808697844139, 0.0032677823025818583, 0.005251824828565855, -0.7366441778932068], [0.0032525576636661573, -0.9999904912983464, 0.0029048548220892553, 0.09159050971584273], [0.005261267323709613, -0.0028877173884958784, -0.9999819899150351, -0.008146757735117194], [0.0, 0.0, 0.0, 1.0]]}, "mean_rme": {"type": "float", "data": 0.0021690946954189333}, "max_rme": {"type": "float", "data": 0.006791320368901954}, "simu": {"type": "float", "data": 0.002}}, {"type": "dict", "image_number": {"type": "int", "data": 15}, "Hcamera2end": {"type": "ndarray", "data": [[0.9999896075434984, 0.004265030064595944, 0.0016106903948355587, -0.015303584996860051], [-0.0015655464448420203, -0.010566940369518552, 0.9999429427900155, 0.03790672061688759], [0.004281806783235941, -0.9999350725370999, -0.010560153450395626, 0.03665793135502816], [0.0, 0.0, 0.0, 1.0]]}, "Hobj2base": {"type": "ndarray", "data": [[0.9999726298621223, 0.0030247362177001336, 0.006752073566262997, -0.7366934677992805], [0.003014331217758602, -0.9999942546245055, 0.0015506531814971677, 0.09071798322622236], [0.006756725089904159, -0.0015302577537704006, -0.9999760022006863, -0.008450333941227942], [0.0, 0.0, 0.0, 1.0]]}, "mean_rme": {"type": "float", "data": 0.0021856541781494544}, "max_rme": {"type": "float", "data": 0.007234632268246638}, "simu": {"type": "float", "data": 0.002}}, {"type": "dict", "image_number": {"type": "int", "data": 16}, "Hcamera2end": {"type": "ndarray", "data": [[0.999989979924366, 0.0031405774168049246, 0.0031901135332620865, -0.015670183699760382], [-0.0031590302272577124, -0.009853024390151566, 0.9999464677863462, 0.037956241281876725], [0.0031718415611942364, -0.999946525912189, -0.009843004483111262, 0.03755080103380583], [0.0, 0.0, 0.0, 1.0]]}, "Hobj2base": {"type": "ndarray", "data": [[0.9999759111537511, 0.0019040184011574633, 0.0066747154361385935, -0.7373953596125231], [0.0018780774234267827, -0.9999906681000146, 0.0038905704053070235, 0.09193526860360543], [0.006682060866004414, -0.003877941053586299, -0.9999701553725333, -0.008168620411078267], [0.0, 0.0, 0.0, 1.0]]}, "mean_rme": {"type": "float", "data": 0.0022823978330439535}, "max_rme": {"type": "float", "data": 0.007178401429841927}, "simu": {"type": "float", "data": 0.002}}, {"type": "dict", "image_number": {"type": "int", "data": 17}, "Hcamera2end": {"type": "ndarray", "data": [[0.9999958301749428, 0.002213668434387562, 0.001854536273452441, -0.01537678654440932], [-0.0018358089200694874, -0.008432135601871504, 0.9999627637541313, 0.03779010392232645], [0.0022292237070218076, -0.9999619986585762, -0.008428036569083197, 0.03710764629716557], [0.0, 0.0, 0.0, 1.0]]}, "Hobj2base": {"type": "ndarray", "data": [[0.9999834870100425, 0.0011012620208181395, 0.0056402951339212925, -0.7373700166205692], [0.0010874298340676515, -0.9999963955558466, 0.0024548669355425627, 0.0916241985115087], [0.005642978255514748, -0.002448692973147936, -0.9999810801705857, -0.008151966649986938], [0.0, 0.0, 0.0, 1.0]]}, "mean_rme": {"type": "float", "data": 0.0023120064102412755}, "max_rme": {"type": "float", "data": 0.0071744441054167885}, "simu": {"type": "float", "data": 0.002}}, {"type": "dict", "image_number": {"type": "int", "data": 18}, "Hcamera2end": {"type": "ndarray", "data": [[0.9999940822148968, 0.0017644404503572055, 0.002953351500144839, -0.015812323737805126], [-0.0029372330667470367, -0.009068949889276867, 0.9999545623726195, 0.03777664373270521], [0.001791144075129722, -0.9999573195380903, -0.00906371364834535, 0.037330396680903336], [0.0, 0.0, 0.0, 1.0]]}, "Hobj2base": {"type": "ndarray", "data": [[0.999981130179306, 0.0005030346655831782, 0.0061226008724302936, -0.7372365403390773], [0.00048218882188840736, -0.999994084208141, 0.0034057367281437926, 0.09189552574904251], [0.006124277856034003, -0.0034027202128008318, -0.9999754570567698, -0.00831401919928538], [0.0, 0.0, 0.0, 1.0]]}, "mean_rme": {"type": "float", "data": 0.0022889162775116298}, "max_rme": {"type": "float", "data": 0.0071192368598748945}, "simu": {"type": "float", "data": 0.002}}, {"type": "dict", "image_number": {"type": "int", "data": 19}, "Hcamera2end": {"type": "ndarray", "data": [[0.9999943917199088, 0.0014491947317022006, 0.003019331608022963, -0.01586044590043413], [-0.0030099177512198337, -0.006454730399663378, 0.9999746381036864, 0.03505245560847066], [0.0014686469488926473, -0.9999781179056356, -0.006450332242779577, 0.03615775245037786], [0.0, 0.0, 0.0, 1.0]]}, "Hobj2base": {"type": "ndarray", "data": [[0.9999904869736026, 0.0005033216571850107, 0.004332739272858119, -0.737085894091975], [0.0004872406027802713, -0.9999929926289863, 0.003711777137528006, 0.09155980248035875], [0.004334577129566491, -0.003709630740799118, -0.9999837249079979, -0.005382610296652584], [0.0, 0.0, 0.0, 1.0]]}, "mean_rme": {"type": "float", "data": 0.002426616377728154}, "max_rme": {"type": "float", "data": 0.007410509296406201}, "simu": {"type": "float", "data": 0.002}}, {"type": "dict", "image_number": {"type": "int", "data": 20}, "Hcamera2end": {"type": "ndarray", "data": [[0.9999964280136521, 0.002085024543504342, 0.0016723135440734423, -0.01538054742603076], [-0.001658257292930805, -0.006725128269617464, 0.9999760111285207, 0.03403102607876538], [0.002096221049209449, -0.9999752123539913, -0.006721646740395881, 0.036163597174273664], [0.0, 0.0, 0.0, 1.0]]}, "Hobj2base": {"type": "ndarray", "data": [[0.9999891544921569, 0.0013453285953911199, 0.004458810270870918, -0.7371202834577643], [0.0013332923877716124, -0.9999954626570151, 0.0027012953912790814, 0.09109194121430714], [0.004462424169653902, -0.002695321196566059, -0.9999864109147569, -0.004625533031320519], [0.0, 0.0, 0.0, 1.0]]}, "mean_rme": {"type": "float", "data": 0.0023870773492712283}, "max_rme": {"type": "float", "data": 0.007679163425324556}, "simu": {"type": "float", "data": 0.002}}, {"type": "dict", "image_number": {"type": "int", "data": 21}, "Hcamera2end": {"type": "ndarray", "data": [[0.99999528349226, 0.0028094568219014255, 0.001240945446241979, -0.015217557522054642], [-0.0012201391306659202, -0.007395454750448893, 0.9999719088602117, 0.03267061888650131], [0.002818555256952571, -0.9999687066110616, -0.007391991941525067, 0.03641539176993083], [0.0, 0.0, 0.0, 1.0]]}, "Hobj2base": {"type": "ndarray", "data": [[0.9999862978298054, 0.002172927026558268, 0.00476261910894474, -0.7370617938887952], [0.002161652342782799, -0.9999948523240207, 0.002371198981313123, 0.0907251859550744], [0.004767747034876597, -0.0023608713639864834, -0.9999858473371581, -0.0034657102814879045], [0.0, 0.0, 0.0, 1.0]]}, "mean_rme": {"type": "float", "data": 0.002374995691502618}, "max_rme": {"type": "float", "data": 0.00792977367006438}, "simu": {"type": "float", "data": 0.002}}, {"type": "dict", "image_number": {"type": "int", "data": 22}, "Hcamera2end": {"type": "ndarray", "data": [[0.9999948577187427, 0.0030265162254609684, 0.001060535529058595, -0.015323689181052152], [-0.0010365407322083218, -0.00791877639830929, 0.999968108773307, 0.032674426531861235], [0.0030348178498630085, -0.9999640659443172, -0.00791559857038937, 0.03683865418434901], [0.0, 0.0, 0.0, 1.0]]}, "Hobj2base": {"type": "ndarray", "data": [[0.9999843990941762, 0.002403007970430931, 0.005042531204987504, -0.7372081825897667], [0.0023927643719004227, -0.9999950636808077, 0.0020364902844054638, 0.09046152736605349], [0.0050474000158290695, -0.0020243929243008354, -0.999985212683852, -0.0035518941093991966], [0.0, 0.0, 0.0, 1.0]]}, "mean_rme": {"type": "float", "data": 0.002303235712642777}, "max_rme": {"type": "float", "data": 0.007911269264623474}, "simu": {"type": "float", "data": 0.002}}, {"type": "dict", "image_number": {"type": "int", "data": 23}, "Hcamera2end": {"type": "ndarray", "data": [[0.999985128832434, 0.005208760235438133, 0.001615837488779224, -0.015024141624275981], [-0.0015845389246855286, -0.006007368600559726, 0.9999807001932054, 0.03270771563949648], [0.005218366638765649, -0.999968389670047, -0.005999025780632161, 0.0360277577393836], [0.0, 0.0, 0.0, 1.0]]}, "Hobj2base": {"type": "ndarray", "data": [[0.9999844325904581, 0.004354988090613162, 0.0034883599972248196, -0.737394178275008], [0.0043443846835619065, -0.9999859377444746, 0.0030414856608643056, 0.09071569301715235], [0.0035015565768460083, -0.003026283535068713, -0.9999892902974037, -0.003183811482809008], [0.0, 0.0, 0.0, 1.0]]}, "mean_rme": {"type": "float", "data": 0.002298970125405951}, "max_rme": {"type": "float", "data": 0.007976001895823898}, "simu": {"type": "float", "data": 0.002}}, {"type": "dict", "image_number": {"type": "int", "data": 24}, "Hcamera2end": {"type": "ndarray", "data": [[0.9999843364246296, 0.00544253766921153, 0.001306020333900516, -0.014852267555216004], [-0.001274030971675364, -0.005876983426482685, 0.999981918791979, 0.03276954324720235], [0.005450114721412753, -0.9999679194101798, -0.005869957410354676, 0.03583140804416396], [0.0, 0.0, 0.0, 1.0]]}, "Hobj2base": {"type": "ndarray", "data": [[0.9999840556788141, 0.004647620026924443, 0.003207493762378032, -0.7373055733680705], [0.004637922332511518, -0.9999846715455587, 0.003024293365170391, 0.09060418880535842], [0.0032215003628672852, -0.003009369037913692, -0.9999902827694906, -0.0031990561626644453], [0.0, 0.0, 0.0, 1.0]]}, "mean_rme": {"type": "float", "data": 0.0022304805393756773}, "max_rme": {"type": "float", "data": 0.008014293893235436}, "simu": {"type": "float", "data": 0.002}}, {"type": "dict", "image_number": {"type": "int", "data": 25}, "Hcamera2end": {"type": "ndarray", "data": [[0.9999773153045364, 0.006545712605603198, 0.0015882452004648074, -0.015425770550747106], [-0.0015676524575243159, -0.003149920414195595, 0.9999938102144215, 0.032968837326788875], [0.006550674935025405, -0.9999736154758629, -0.0031395875567576947, 0.034996626800746646], [0.0, 0.0, 0.0, 1.0]]}, "Hobj2base": {"type": "ndarray", "data": [[0.9999838500081721, 0.005544850479596366, 0.0012467381411134424, -0.73762660479087], [0.005541075048068888, -0.9999801132410677, 0.0030115792688176933, 0.08980380514666667], [0.001263412104285625, -0.003004622362231913, -0.9999946880030486, -0.0030887893783700117], [0.0, 0.0, 0.0, 1.0]]}, "mean_rme": {"type": "float", "data": 0.0023461484660688035}, "max_rme": {"type": "float", "data": 0.0086196120144241}, "simu": {"type": "float", "data": 0.002}}, {"type": "dict", "image_number": {"type": "int", "data": 26}, "Hcamera2end": {"type": "ndarray", "data": [[0.9999788309602646, 0.006338092554713884, 0.0014718064106447925, -0.015723532958604805], [-0.0014479472288176044, -0.0037673551967516428, 0.9999918552086534, 0.03288468422542571], [0.006343585749802244, -0.9999728174393491, -0.0037580982219092007, 0.03520568962558467], [0.0, 0.0, 0.0, 1.0]]}, "Hobj2base": {"type": "ndarray", "data": [[0.9999828699491761, 0.0056030378755753795, 0.001692859939284265, -0.7374203838660294], [0.00559858786622249, -0.9999808900332654, 0.0026220949986232424, 0.08947633084744674], [0.0017075192863777824, -0.00261257245688736, -0.9999951294096605, -0.00318383243616261], [0.0, 0.0, 0.0, 1.0]]}, "mean_rme": {"type": "float", "data": 0.002338807948670262}, "max_rme": {"type": "float", "data": 0.00854754659757298}, "simu": {"type": "float", "data": 0.002}}, {"type": "dict", "image_number": {"type": "int", "data": 27}, "Hcamera2end": {"type": "ndarray", "data": [[0.9999772973663129, 0.0067047429621329875, 0.0006716947046417391, -0.015369386845929202], [-0.0006477846450816216, -0.0035676759569283067, 0.9999934260100513, 0.03284534615508715], [0.006707095274268292, -0.999971158639127, -0.003563251731747874, 0.03513287394420932], [0.0, 0.0, 0.0, 1.0]]}, "Hobj2base": {"type": "ndarray", "data": [[0.9999815694311995, 0.005860970797424702, 0.0015842408992218565, -0.7374187883067466], [0.0058576206374569015, -0.999980615558576, 0.0021111105037742058, 0.08942141939300301], [0.001596583346609701, -0.002101791712620835, -0.9999965166905405, -0.0030840976192322267], [0.0, 0.0, 0.0, 1.0]]}, "mean_rme": {"type": "float", "data": 0.0023159971885067204}, "max_rme": {"type": "float", "data": 0.008611592840079285}, "simu": {"type": "float", "data": 0.002}}, {"type": "dict", "image_number": {"type": "int", "data": 28}, "Hcamera2end": {"type": "ndarray", "data": [[0.9999765018773599, 0.006792584738334729, 0.0009254651214638519, -0.015564420673386264], [-0.0008988973298771287, -0.003913304702086284, 0.9999919389824595, 0.032810511122944204], [0.00679615161020145, -0.9999692729473647, -0.003907106910488123, 0.035266601236092016], [0.0, 0.0, 0.0, 1.0]]}, "Hobj2base": {"type": "ndarray", "data": [[0.9999801372184434, 0.005945986523430335, 0.0020905532393194768, -0.7373418702426239], [0.005941434136174093, -0.9999799795808593, 0.002177107684518732, 0.089387892570189], [0.002103456438519594, -0.002164643556724787, -0.9999954448842672, -0.003103058060342445], [0.0, 0.0, 0.0, 1.0]]}, "mean_rme": {"type": "float", "data": 0.0022708995697738625}, "max_rme": {"type": "float", "data": 0.008559783131484089}, "simu": {"type": "float", "data": 0.002}}, {"type": "dict", "image_number": {"type": "int", "data": 29}, "Hcamera2end": {"type": "ndarray", "data": [[0.9999830963994694, 0.005635246291289892, 0.0014321014510054694, -0.015392469471088832], [-0.0014126227030823854, -0.0034590555258124933, 0.9999930196916217, 0.03297396803228986], [0.005640160673970615, -0.9999781392281063, -0.0034510365784710118, 0.03490520802498579], [0.0, 0.0, 0.0, 1.0]]}, "Hobj2base": {"type": "ndarray", "data": [[0.9999860774086471, 0.004933377363116528, 0.0018726389562037354, -0.7368526317427696], [0.004928641312096115, -0.9999846654998512, 0.0025253237351239087, 0.08978656588678569], [0.0018850686151707843, -0.0025160590103513246, -0.9999950579694743, -0.003282480352574056], [0.0, 0.0, 0.0, 1.0]]}, "mean_rme": {"type": "float", "data": 0.0023271845717220446}, "max_rme": {"type": "float", "data": 0.008465695029856196}, "simu": {"type": "float", "data": 0.002}}, {"type": "dict", "image_number": {"type": "int", "data": 30}, "Hcamera2end": {"type": "ndarray", "data": [[0.999985247071533, 0.0054225892762537805, 0.00031806418536873757, -0.015532223961480133], [-0.00029553124821271983, -0.004155678335047597, 0.9999913214617698, 0.03310118741180167], [0.005423863988549732, -0.9999766626592425, -0.00415401448204511, 0.034655060048824286], [0.0, 0.0, 0.0, 1.0]]}, "Hobj2base": {"type": "ndarray", "data": [[0.9999859085497749, 0.004871440828287475, 0.002109920884255487, -0.7365481636697268], [0.004868787215068057, -0.9999873523157552, 0.0012609994367837399, 0.08893034147043612], [0.0021160370827831574, -0.0012507089116468744, -0.999996979052578, -0.003572980669096611], [0.0, 0.0, 0.0, 1.0]]}, "mean_rme": {"type": "float", "data": 0.0023808251824124333}, "max_rme": {"type": "float", "data": 0.00872542480171061}, "simu": {"type": "float", "data": 0.002}}]}