{"type": "list", "data": [{"type": "dict", "image_number": {"type": "int", "data": 5}, "Hcamera2end": {"type": "ndarray", "data": [[0.9999610126347713, -0.002566820539358646, 0.008448943292596984, -0.015664370478881667], [-0.008412904333776481, 0.013740837629179659, 0.9998701977866522, 0.029571797300280752], [-0.0026825829182930915, -0.9999022956337118, 0.013718707494484894, 0.03501001688537184], [0.0, 0.0, 0.0, 1.0]]}, "Hobj2base": {"type": "ndarray", "data": [[0.9999543177033717, -0.004309214946986425, -0.008531891520929077, -0.7419593323212055], [-0.004240530078822633, -0.9999585894707941, 0.008052157985925379, 0.09552694603679432], [-0.008566236690334517, -0.008015610402232016, -0.9999311824214927, -0.0005388961838077355], [0.0, 0.0, 0.0, 1.0]]}, "mean_rme": {"type": "float", "data": 0.001216006315516236}, "max_rme": {"type": "float", "data": 0.003636397899070297}, "simu": {"type": "float", "data": 0.002}}, {"type": "dict", "image_number": {"type": "int", "data": 6}, "Hcamera2end": {"type": "ndarray", "data": [[0.9999514396002376, -0.0034056085075701613, -0.00924771712941337, -0.017500025124127332], [0.009294060531650033, 0.01385331276687607, 0.9998608433998288, 0.030392763371307675], [-0.0032770230768953746, -0.9998982386003468, 0.013884291976086538, 0.03395810413872926], [0.0, 0.0, 0.0, 1.0]]}, "Hobj2base": {"type": "ndarray", "data": [[0.9999441713434501, -0.004095866193776469, -0.009740537787184787, -0.7412870049975497], [-0.004184116373924823, -0.9999502303635486, -0.009057039585620699, 0.08411963760084212], [-0.009702956581905838, 0.009097289486914508, -0.9999115420663776, -0.0004638985719496817], [0.0, 0.0, 0.0, 1.0]]}, "mean_rme": {"type": "float", "data": 0.001349951120851882}, "max_rme": {"type": "float", "data": 0.0032978879241490552}, "simu": {"type": "float", "data": 0.002}}, {"type": "dict", "image_number": {"type": "int", "data": 7}, "Hcamera2end": {"type": "ndarray", "data": [[0.9999862951388873, -0.003614061383395252, -0.0037878878968698646, -0.01724124679855829], [0.0038252047560430567, 0.010375037306183499, 0.9999388613357668, 0.03033483108295813], [-0.003574540946268148, -0.9999396467593494, 0.01038871964253063, 0.03297751950314915], [0.0, 0.0, 0.0, 1.0]]}, "Hobj2base": {"type": "ndarray", "data": [[0.9999665736872294, -0.0038766918990764984, -0.007198803243757026, -0.739115818615743], [-0.0039024103246177596, -0.9999860415983794, -0.0035619941131067603, 0.08755593847116686], [-0.007184894006247325, 0.0035899677328807777, -0.9999677441946793, -0.0007334173013337418], [0.0, 0.0, 0.0, 1.0]]}, "mean_rme": {"type": "float", "data": 0.0014628312993169312}, "max_rme": {"type": "float", "data": 0.003391122869915497}, "simu": {"type": "float", "data": 0.002}}, {"type": "dict", "image_number": {"type": "int", "data": 8}, "Hcamera2end": {"type": "ndarray", "data": [[0.9999905160236771, -0.003300840836823269, -0.002841181527109312, -0.016705292653062292], [0.002848165474372809, 0.002113038000533418, 0.9999937114921468, 0.030471568671635575], [-0.003294816554926548, -0.9999923197305959, 0.0021224193014388604, 0.03185070509630374], [0.0, 0.0, 0.0, 1.0]]}, "Hobj2base": {"type": "ndarray", "data": [[0.9999968213893341, -0.002521215205141269, -2.6174751666776975e-05, -0.7337426504900479], [-0.0025212833377335295, -0.999992166022944, -0.0030513969048546388, 0.08793645848554654], [-1.848131834093246e-05, 0.003051453199617138, -0.9999953441350669, -0.002252017984265345], [0.0, 0.0, 0.0, 1.0]]}, "mean_rme": {"type": "float", "data": 0.0016285891702970167}, "max_rme": {"type": "float", "data": 0.004348391594599432}, "simu": {"type": "float", "data": 0.002}}, {"type": "dict", "image_number": {"type": "int", "data": 9}, "Hcamera2end": {"type": "ndarray", "data": [[0.9999922989090265, -0.0033133073017946, -0.002103358591389957, -0.016722050678794682], [0.0021076502686298956, 0.0012923263161093157, 0.999996943846849, 0.030520480640927185], [-0.003310578950160181, -0.9999936759237114, 0.0012992996568114146, 0.032028195157136924], [0.0, 0.0, 0.0, 1.0]]}, "Hobj2base": {"type": "ndarray", "data": [[0.9999973313573617, -0.0022960510919317963, 0.00025578807277806847, -0.7336846338670333], [-0.002295459089984527, -0.9999947407066088, -0.002291162737078859, 0.08830557508852863], [0.00026104735421781115, 0.00229056947172752, -0.9999973425693556, -0.0022716133724029414], [0.0, 0.0, 0.0, 1.0]]}, "mean_rme": {"type": "float", "data": 0.0015276633797864667}, "max_rme": {"type": "float", "data": 0.004442364077870298}, "simu": {"type": "float", "data": 0.002}}, {"type": "dict", "image_number": {"type": "int", "data": 10}, "Hcamera2end": {"type": "ndarray", "data": [[0.9999769428518982, -0.006671632042638724, -0.0012661320859726883, -0.01620733567057228], [0.0012606597215571243, -0.0008243852853990763, 0.9999988655623403, 0.029058519231083314], [-0.006672668254749131, -0.9999774046021183, -0.0008159556196323248, 0.03238850612067669], [0.0, 0.0, 0.0, 1.0]]}, "Hobj2base": {"type": "ndarray", "data": [[0.9999847375623152, -0.005174414734230522, 0.0019365109309857872, -0.7333211701651612], [-0.005171733405840722, -0.9999856644970044, -0.0013870739213131637, 0.0895015812320105], [0.001943660465863445, 0.0013770376329113204, -0.9999971629716511, -0.0008964157172139997], [0.0, 0.0, 0.0, 1.0]]}, "mean_rme": {"type": "float", "data": 0.0017055862298932809}, "max_rme": {"type": "float", "data": 0.004458061684716991}, "simu": {"type": "float", "data": 0.002}}, {"type": "dict", "image_number": {"type": "int", "data": 11}, "Hcamera2end": {"type": "ndarray", "data": [[0.9999759846622971, -0.006625269689331078, -0.0020336912776819926, -0.015568729279698126], [0.002033136382384155, -9.048841404246666e-05, 0.9999979290820044, 0.029431582258695264], [-0.006625439994439222, -0.9999780485657624, -7.7016164084176e-05, 0.03274917813668907], [0.0, 0.0, 0.0, 1.0]]}, "Hobj2base": {"type": "ndarray", "data": [[0.9999859847810034, -0.005060210138276409, 0.0015570853936692727, -0.7342015136966186], [-0.005056559153633562, -0.9999844780908176, -0.0023398262673046824, 0.08938720002451085], [0.0015689012373308231, 0.002331919979726785, -0.9999960503412582, -0.0010100932777177022], [0.0, 0.0, 0.0, 1.0]]}, "mean_rme": {"type": "float", "data": 0.0017380904857130107}, "max_rme": {"type": "float", "data": 0.004338508833491461}, "simu": {"type": "float", "data": 0.002}}, {"type": "dict", "image_number": {"type": "int", "data": 12}, "Hcamera2end": {"type": "ndarray", "data": [[0.9999730994450235, -0.006567898650569367, -0.0032654392704313806, -0.01546696318873798], [0.0032614811574710224, -0.000613265681883135, 0.9999944933077696, 0.02955756178893528], [-0.006569865065013726, -0.9999782430695776, -0.0005918281070029785, 0.03217964197621723], [0.0, 0.0, 0.0, 1.0]]}, "Hobj2base": {"type": "ndarray", "data": [[0.9999864137546272, -0.004952521578171679, 0.001626295230674697, -0.7334806432126793], [-0.004945945355469454, -0.9999796759002308, -0.004023109619551057, 0.0886383382635742], [0.0016461867148903505, 0.004015011393253826, -0.9999905848320836, -0.0011621490336153294], [0.0, 0.0, 0.0, 1.0]]}, "mean_rme": {"type": "float", "data": 0.0016832346276235456}, "max_rme": {"type": "float", "data": 0.004286243010142358}, "simu": {"type": "float", "data": 0.002}}, {"type": "dict", "image_number": {"type": "int", "data": 13}, "Hcamera2end": {"type": "ndarray", "data": [[0.9999830429188663, -0.005800915030512964, -0.0005130882317447767, -0.015422070883224387], [0.0005241135257711541, 0.0018992525146287464, 0.9999980590705652, 0.029683438698961312], [-0.005799929287231866, -0.9999813709388262, 0.0019022606468791503, 0.03100123595298201], [0.0, 0.0, 0.0, 1.0]]}, "Hobj2base": {"type": "ndarray", "data": [[0.9999894579728887, -0.004583368542632202, -0.000276904118082115, -0.7333593060756898], [-0.004584012766074008, -0.9999866789561571, -0.002372495984544983, 0.09001818121557734], [-0.00026602640596713295, 0.0023737403056402592, -0.9999971472893876, -0.001003854238243558], [0.0, 0.0, 0.0, 1.0]]}, "mean_rme": {"type": "float", "data": 0.0017783718502002762}, "max_rme": {"type": "float", "data": 0.004869487010792067}, "simu": {"type": "float", "data": 0.002}}, {"type": "dict", "image_number": {"type": "int", "data": 14}, "Hcamera2end": {"type": "ndarray", "data": [[0.999978915022592, -0.006292961225407189, -0.0016025446188333635, -0.014962608723901672], [0.0016126475088570984, 0.001600681118204328, 0.999997418590653, 0.029623132538905417], [-0.006290379817785815, -0.9999789180072614, 0.0016107956961226577, 0.031026084229417307], [0.0, 0.0, 0.0, 1.0]]}, "Hobj2base": {"type": "ndarray", "data": [[0.9999873088152519, -0.005001490650506186, -0.0006060525579937416, -0.7333263148584725], [-0.005003309421439998, -0.9999828697715767, -0.0030376073207017285, 0.09012300883519545], [-0.000590849611560588, 0.003040601038339327, -0.9999952028095243, -0.000738477161651953], [0.0, 0.0, 0.0, 1.0]]}, "mean_rme": {"type": "float", "data": 0.0017920649077625324}, "max_rme": {"type": "float", "data": 0.004753374105000124}, "simu": {"type": "float", "data": 0.002}}, {"type": "dict", "image_number": {"type": "int", "data": 15}, "Hcamera2end": {"type": "ndarray", "data": [[0.9999796511954082, -0.0062005686531838595, -0.0015000478281801221, -0.015006920078412376], [0.0015164978308596787, 0.002649133196271247, 0.9999953411529662, 0.029357582546845583], [-0.006196565939185356, -0.999977267262454, 0.002658482438490095, 0.031029798712654603], [0.0, 0.0, 0.0, 1.0]]}, "Hobj2base": {"type": "ndarray", "data": [[0.9999840898151593, -0.0054610961804716, -0.0014129915269079495, -0.7337401504520795], [-0.005464868708707528, -0.9999814763792001, -0.002679945609955929, 0.09051662152827339], [-0.0013983299124543092, 0.0026876247847069795, -0.9999954106627054, -0.0003525453795031367], [0.0, 0.0, 0.0, 1.0]]}, "mean_rme": {"type": "float", "data": 0.0018158196838176338}, "max_rme": {"type": "float", "data": 0.006225372821062697}, "simu": {"type": "float", "data": 0.002}}, {"type": "dict", "image_number": {"type": "int", "data": 16}, "Hcamera2end": {"type": "ndarray", "data": [[0.9999843639414712, -0.005244557639223378, -0.001940744120211963, -0.014894389049369995], [0.001947036719403355, 0.0011949948854816927, 0.9999973905142138, 0.029422131420948145], [-0.005242224774327081, -0.999985533196552, 0.001205187546772346, 0.03134379792877837], [0.0, 0.0, 0.0, 1.0]]}, "Hobj2base": {"type": "ndarray", "data": [[0.9999897412952137, -0.004529436956996213, -3.87967033466866e-05, -0.7334698595222955], [-0.004529537123273298, -0.9999847253030383, -0.003167404940152916, 0.08996556471580364], [-2.4449549745098893e-05, 0.0031675481777887655, -0.9999949830077948, -0.000882456426781069], [0.0, 0.0, 0.0, 1.0]]}, "mean_rme": {"type": "float", "data": 0.0018957272464201617}, "max_rme": {"type": "float", "data": 0.006731890895963211}, "simu": {"type": "float", "data": 0.002}}, {"type": "dict", "image_number": {"type": "int", "data": 17}, "Hcamera2end": {"type": "ndarray", "data": [[0.9999934872695122, -0.003376186352746644, -0.0012754545352661544, -0.015211152312300873], [0.0012728231053754041, -0.0007814428973238474, 0.9999988846335485, 0.029123437529675993], [-0.003377179281949094, -0.9999939953383271, -0.0007771405199992198, 0.033072777829875194], [0.0, 0.0, 0.0, 1.0]]}, "Hobj2base": {"type": "ndarray", "data": [[0.999995219868004, -0.002640367503208381, 0.001608943936356941, -0.733980489994754], [-0.002637142387223504, -0.9999945160636541, -0.0020033278931775264, 0.09006871766243323], [0.0016142246348782269, 0.001999075302752532, -0.9999966989829328, -0.0006723081861484338], [0.0, 0.0, 0.0, 1.0]]}, "mean_rme": {"type": "float", "data": 0.002058376545320749}, "max_rme": {"type": "float", "data": 0.008657919455383384}, "simu": {"type": "float", "data": 0.002}}, {"type": "dict", "image_number": {"type": "int", "data": 18}, "Hcamera2end": {"type": "ndarray", "data": [[0.9999931104935947, -0.003425523577405791, -0.0014299487983593932, -0.015717706876204086], [0.0014262136500627532, -0.001092582289565991, 0.9999983860879801, 0.02916468126661143], [-0.0034270803856441888, -0.9999935360051889, -0.0010876892337285948, 0.033476821155487065], [0.0, 0.0, 0.0, 1.0]]}, "Hobj2base": {"type": "ndarray", "data": [[0.9999941037061604, -0.002655910576714704, 0.0021768536747896476, -0.7339590271320462], [-0.002651149800779082, -0.9999940942569079, -0.0021869741744486126, 0.08943357036637806], [0.0021826492266920155, 0.002181190114220016, -0.9999952392146865, -0.0007297103765874749], [0.0, 0.0, 0.0, 1.0]]}, "mean_rme": {"type": "float", "data": 0.002032741346610263}, "max_rme": {"type": "float", "data": 0.00866347964231548}, "simu": {"type": "float", "data": 0.002}}, {"type": "dict", "image_number": {"type": "int", "data": 19}, "Hcamera2end": {"type": "ndarray", "data": [[0.9999922638511253, -0.0033385499614489045, -0.0020799812634784203, -0.015867961507290647], [0.002067220469580343, -0.003821166898587469, 0.9999905625969993, 0.02918856645989183], [-0.003346466409761166, -0.999987126300978, -0.0038142358186523673, 0.03457691399438397], [0.0, 0.0, 0.0, 1.0]]}, "Hobj2base": {"type": "ndarray", "data": [[0.9999881003665367, -0.002715288485787461, 0.0040529413719138105, -0.7339571623934024], [-0.002705418327734168, -0.9999933664454044, -0.002438806441622999, 0.08889939609701819], [0.004059536549555949, 0.002427812518851448, -0.9999888128821124, -0.0010494258930601858], [0.0, 0.0, 0.0, 1.0]]}, "mean_rme": {"type": "float", "data": 0.0021122111281616385}, "max_rme": {"type": "float", "data": 0.008897319862705005}, "simu": {"type": "float", "data": 0.002}}, {"type": "dict", "image_number": {"type": "int", "data": 20}, "Hcamera2end": {"type": "ndarray", "data": [[0.9999917891236929, -0.0037656604533247567, -0.0014971594925243647, -0.016196493635699742], [0.0014833824779198724, -0.003658727785600391, 0.9999922066133391, 0.029112731248041746], [-0.0037711088051115846, -0.9999862166611804, -0.003653111829504896, 0.034725288303684966], [0.0, 0.0, 0.0, 1.0]]}, "Hobj2base": {"type": "ndarray", "data": [[0.9999877460500628, -0.003097238871699596, 0.003861976318773888, -0.7341541617289745], [-0.003090533493909142, -0.9999937087128314, -0.0017410162204544405, 0.08914234908890288], [0.0038673443650860794, 0.0017290593189629804, -0.999991026960459, -0.0008403019843372161], [0.0, 0.0, 0.0, 1.0]]}, "mean_rme": {"type": "float", "data": 0.0021070443785463503}, "max_rme": {"type": "float", "data": 0.008571705148382541}, "simu": {"type": "float", "data": 0.002}}, {"type": "dict", "image_number": {"type": "int", "data": 21}, "Hcamera2end": {"type": "ndarray", "data": [[0.9999925453392661, -0.0038317296377954196, -0.0004765646638017493, -0.0167072878201448], [0.0004631689630582214, -0.0034961208536734567, 0.999993781287408, 0.029279691359324175], [-0.003833371937029313, -0.9999865474029936, -0.0034943200530355156, 0.034665507836204285], [0.0, 0.0, 0.0, 1.0]]}, "Hobj2base": {"type": "ndarray", "data": [[0.9999873451085769, -0.00351795762606824, 0.003596331024966173, -0.7341313733451094], [-0.0035140987362003986, -0.9999932436664878, -0.001078763852343157, 0.08921297579419842], [0.003600101772475425, 0.0010661123383939423, -0.9999929513110131, -0.0007522880326629231], [0.0, 0.0, 0.0, 1.0]]}, "mean_rme": {"type": "float", "data": 0.0020757386394662266}, "max_rme": {"type": "float", "data": 0.008572050178366597}, "simu": {"type": "float", "data": 0.002}}, {"type": "dict", "image_number": {"type": "int", "data": 22}, "Hcamera2end": {"type": "ndarray", "data": [[0.9999918342039075, -0.004026315035027162, -0.0003468612743219384, -0.01642735163800673], [0.00033532263535531316, -0.0028661276775860944, 0.9999958364267654, 0.02942467304049084], [-0.004027292419868265, -0.9999877869751084, -0.0028647541588036063, 0.03467287998196582], [0.0, 0.0, 0.0, 1.0]]}, "Hobj2base": {"type": "ndarray", "data": [[0.9999878524501196, -0.003905571562090106, 0.00300690255435436, -0.7345389040686652], [-0.0039015314998309112, -0.9999914800447627, -0.0013482914525920176, 0.08946451264406757], [0.0030121427844338458, 0.0013365435491216081, -0.9999945703088531, -0.0008553443432304368], [0.0, 0.0, 0.0, 1.0]]}, "mean_rme": {"type": "float", "data": 0.0020391019079449685}, "max_rme": {"type": "float", "data": 0.008571428935216674}, "simu": {"type": "float", "data": 0.002}}, {"type": "dict", "image_number": {"type": "int", "data": 23}, "Hcamera2end": {"type": "ndarray", "data": [[0.9999930200734195, -0.0037310617624768433, -0.00019744003202446783, -0.01666386142660716], [0.00018785500824913858, -0.0025691560491882814, 0.9999966820683412, 0.02929226604671956], [-0.003731556637321528, -0.9999897392550186, -0.0025684372180294623, 0.0347585469046657], [0.0, 0.0, 0.0, 1.0]]}, "Hobj2base": {"type": "ndarray", "data": [[0.9999887054589965, -0.0038186404957404885, 0.0028296535484843076, -0.7348192948891115], [-0.0038159358835288797, -0.9999922579166189, -0.0009605936473201059, 0.08948294946162887], [0.0028332998028722032, 0.0009497850213421524, -0.9999955351503527, -0.0006598254974200813], [0.0, 0.0, 0.0, 1.0]]}, "mean_rme": {"type": "float", "data": 0.0020411071783102462}, "max_rme": {"type": "float", "data": 0.00828773274115538}, "simu": {"type": "float", "data": 0.002}}, {"type": "dict", "image_number": {"type": "int", "data": 24}, "Hcamera2end": {"type": "ndarray", "data": [[0.9999955663613268, -0.002975535175906904, 0.00011596597006010016, -0.01670959651906285], [-0.0001190704731842834, -0.0010431868375417874, 0.9999994487915703, 0.029217850090958494], [-0.0029754125615932625, -0.9999950289634639, -0.001043536510809684, 0.03418612799451318], [0.0, 0.0, 0.0, 1.0]]}, "Hobj2base": {"type": "ndarray", "data": [[0.999993578387801, -0.003223248933206965, 0.0015664767714360184, -0.7349483402368172], [-0.003222305248061917, -0.999994625603831, -0.0006045761675428039, 0.0895689252345563], [0.0015684170520563338, 0.0005995246188675458, -0.9999985903180977, -0.0004072220165210981], [0.0, 0.0, 0.0, 1.0]]}, "mean_rme": {"type": "float", "data": 0.0020431800772360295}, "max_rme": {"type": "float", "data": 0.008100399734264518}, "simu": {"type": "float", "data": 0.002}}, {"type": "dict", "image_number": {"type": "int", "data": 25}, "Hcamera2end": {"type": "ndarray", "data": [[0.9999979693584955, -0.002012675584546216, -0.00010205820372889479, -0.016684873316312132], [0.00010109432060951401, -0.0004790022710594588, 0.9999998801683742, 0.029436573356184326], [-0.002012724229475395, -0.9999978598446176, -0.0004787978283067318, 0.034837210145292834], [0.0, 0.0, 0.0, 1.0]]}, "Hobj2base": {"type": "ndarray", "data": [[0.999997432001961, -0.0019848109408900994, 0.001093853286423801, -0.7359088950922207], [-0.0019837138427010667, -0.9999975292912668, -0.0010031404450523134, 0.08889294046001195], [0.0010958416279615224, 0.001000967977083455, -0.9999988985965114, -0.0007059192146810633], [0.0, 0.0, 0.0, 1.0]]}, "mean_rme": {"type": "float", "data": 0.002099250130628068}, "max_rme": {"type": "float", "data": 0.007963752975178151}, "simu": {"type": "float", "data": 0.002}}, {"type": "dict", "image_number": {"type": "int", "data": 26}, "Hcamera2end": {"type": "ndarray", "data": [[0.9999972611473472, -0.0023230969064048698, 0.00028446189139509745, -0.016479444581760046], [-0.00028362386626065933, 0.0003610576696516654, 0.9999998945974251, 0.029449029995377744], [-0.002323199368692086, -0.9999972364252425, 0.0003603977950416004, 0.0341644951360294], [0.0, 0.0, 0.0, 1.0]]}, "Hobj2base": {"type": "ndarray", "data": [[0.9999970017168258, -0.00242575122801257, 0.00033509452177956034, -0.7358191709132569], [-0.002425514389564452, -0.999996809648404, -0.0007053885170775705, 0.08944425694664715], [0.0003368045497717448, 0.0007045736255386078, -0.9999996950693044, -0.0005477118062728539], [0.0, 0.0, 0.0, 1.0]]}, "mean_rme": {"type": "float", "data": 0.002100887261091703}, "max_rme": {"type": "float", "data": 0.007998693347369662}, "simu": {"type": "float", "data": 0.002}}, {"type": "dict", "image_number": {"type": "int", "data": 27}, "Hcamera2end": {"type": "ndarray", "data": [[0.9999959941960173, -0.002805872098335836, 0.0003723891602805511, -0.016393394098225912], [-0.0003687487601329667, 0.0012978276339998818, 0.999999089833478, 0.02954023276914238], [-0.0028063528414678015, -0.9999952213511824, 0.001296787773299446, 0.03397959253804605], [0.0, 0.0, 0.0, 1.0]]}, "Hobj2base": {"type": "ndarray", "data": [[0.9999951683134773, -0.003075351355439063, -0.00045339137687547943, -0.7360819566245882], [-0.0030757007827824532, -0.9999949720086041, -0.0007720247436898484, 0.08955817802261959], [-0.00045101484988559865, 0.0007734155097210619, -0.9999995992069466, -0.0005737531644230944], [0.0, 0.0, 0.0, 1.0]]}, "mean_rme": {"type": "float", "data": 0.0020886965948785723}, "max_rme": {"type": "float", "data": 0.008036672965242547}, "simu": {"type": "float", "data": 0.002}}, {"type": "dict", "image_number": {"type": "int", "data": 28}, "Hcamera2end": {"type": "ndarray", "data": [[0.999992584403788, -0.0038132835498921446, 0.000538522052463413, -0.016261260036192392], [-0.0005366163565353732, 0.0005007574648624447, 0.9999997306423873, 0.029721370282848356], [-0.0038135521916929558, -0.9999926040279146, 0.0004987074811223513, 0.03392151306610376], [0.0, 0.0, 0.0, 1.0]]}, "Hobj2base": {"type": "ndarray", "data": [[0.9999914056851145, -0.004138044657375756, 0.0002552299402269836, -0.7354895974804585], [-0.004137848204290984, -0.999991146075988, -0.0007654945264665269, 0.08977535526118559], [0.0002583953309759825, 0.0007644318448156737, -0.9999996744378505, -0.0008150680938503879], [0.0, 0.0, 0.0, 1.0]]}, "mean_rme": {"type": "float", "data": 0.0021322584411061006}, "max_rme": {"type": "float", "data": 0.008456724697220586}, "simu": {"type": "float", "data": 0.002}}, {"type": "dict", "image_number": {"type": "int", "data": 29}, "Hcamera2end": {"type": "ndarray", "data": [[0.9999884367773849, -0.004758917708239725, 0.0006921082055656859, -0.016054899316436], [-0.0006961149933927446, -0.000840348753191611, 0.9999994046187674, 0.029614905945996438], [-0.0047583332626018136, -0.9999883231899357, -0.0008436517900209939, 0.03483931725861335], [0.0, 0.0, 0.0, 1.0]]}, "Hobj2base": {"type": "ndarray", "data": [[0.999987044037072, -0.004919522102391609, 0.0013076927327171231, -0.7355154479349795], [-0.004919506376685653, -0.9999878990391302, -1.5241886141504628e-05, 0.09028901552593421], [0.0013077518911742908, 8.808485930845452e-06, -0.9999991448533347, -0.00087000686476466], [0.0, 0.0, 0.0, 1.0]]}, "mean_rme": {"type": "float", "data": 0.0021503151805323598}, "max_rme": {"type": "float", "data": 0.008190688232681792}, "simu": {"type": "float", "data": 0.002}}, {"type": "dict", "image_number": {"type": "int", "data": 30}, "Hcamera2end": {"type": "ndarray", "data": [[0.9999882992605768, -0.004761467833680365, 0.0008542634301428797, -0.016176357590647755], [-0.0008588050207642766, -0.0009518585763310661, 0.9999991782092558, 0.02958584899585894], [-0.004760650782777743, -0.9999882111251709, -0.000955936611363617, 0.034864369432233075], [0.0, 0.0, 0.0, 1.0]]}, "Hobj2base": {"type": "ndarray", "data": [[0.9999882110659194, -0.004635709696355549, 0.0014449653260116743, -0.7354871133675951], [-0.00463594967210523, -0.9999892406800717, 0.00016277202233139026, 0.09025187612490479], [0.0014441952153252293, -0.00016946888995207605, -0.9999989427896787, -0.0008636465910758969], [0.0, 0.0, 0.0, 1.0]]}, "mean_rme": {"type": "float", "data": 0.002103955251024675}, "max_rme": {"type": "float", "data": 0.008116494945665048}, "simu": {"type": "float", "data": 0.002}}]}