{"type": "list", "data": [{"type": "dict", "image_number": {"type": "int", "data": 5}, "Hcamera2end": {"type": "ndarray", "data": [[0.9989462686371491, -0.011348461063285485, 0.0444698190620557, -0.010713273577131857], [-0.04463277737531567, -0.014534607665436017, 0.9988977226742372, 0.02693184741998925], [-0.010689600538953212, -0.9998299643496923, -0.015025805429682126, 0.03748648849402444], [0.0, 0.0, 0.0, 1.0]]}, "Hobj2base": {"type": "ndarray", "data": [[0.9997327757516832, -0.00753238052942608, 0.02185498413165054, -0.7284621465163946], [-0.008434424512336114, -0.9991037403722229, 0.04147983193529122, 0.11827538463039364], [0.02152295451327437, -0.041653081732258714, -0.9989002869211849, -0.005035009928830036], [0.0, 0.0, 0.0, 1.0]]}, "mean_rme": {"type": "float", "data": 0.0015091614313145084}, "max_rme": {"type": "float", "data": 0.005537452582476288}, "simu": {"type": "float", "data": 0.002}}, {"type": "dict", "image_number": {"type": "int", "data": 6}, "Hcamera2end": {"type": "ndarray", "data": [[0.9999285591725907, -0.011085398447854057, -0.004471072833109959, -0.013679415060621968], [0.004281684601164576, -0.01704974577199847, 0.9998454747340142, 0.023747092408746933], [-0.01115991612884296, -0.999793188669718, -0.017001063544221484, 0.0371156815047151], [0.0, 0.0, 0.0, 1.0]]}, "Hobj2base": {"type": "ndarray", "data": [[0.9997791156906282, -0.0028079613649605283, 0.020828710517899456, -0.7278314230134003], [-0.002753128489640145, -0.9999926702653137, -0.002660770408518032, 0.09193935758164055], [0.020836029189485652, 0.0026028385697546533, -0.9997795182533971, -0.0007995405350258444], [0.0, 0.0, 0.0, 1.0]]}, "mean_rme": {"type": "float", "data": 0.0016734388139893093}, "max_rme": {"type": "float", "data": 0.005941346251723767}, "simu": {"type": "float", "data": 0.002}}, {"type": "dict", "image_number": {"type": "int", "data": 7}, "Hcamera2end": {"type": "ndarray", "data": [[0.9999269893752395, -0.011844958018610421, -0.0023901649539518934, -0.013981902431768996], [0.0022600117922021478, -0.010989294682409945, 0.9999370618939385, 0.024097156136961978], [-0.0118704787464049, -0.9998694576653095, -0.010961722602339297, 0.0383321481667151], [0.0, 0.0, 0.0, 1.0]]}, "Hobj2base": {"type": "ndarray", "data": [[0.9998507974825702, -0.006039633887983935, 0.016183497643203613, -0.731618469080536], [-0.006051713675573416, -0.9999814449153108, 0.0006975576504838036, 0.09321390651334258], [0.016178984364209593, -0.0007953914671322845, -0.9998687953013417, 7.132190907141059e-05], [0.0, 0.0, 0.0, 1.0]]}, "mean_rme": {"type": "float", "data": 0.0019350100248285828}, "max_rme": {"type": "float", "data": 0.006830574112313054}, "simu": {"type": "float", "data": 0.002}}, {"type": "dict", "image_number": {"type": "int", "data": 8}, "Hcamera2end": {"type": "ndarray", "data": [[0.9999604694278217, -0.008601057497523448, 0.002254194227408614, -0.013282110552084423], [-0.002373243852188305, -0.0138562690250279, 0.9999011808785526, 0.024990004397060568], [-0.008568972826928386, -0.9998670039653424, -0.013876133685613246, 0.03857028550457832], [0.0, 0.0, 0.0, 1.0]]}, "Hobj2base": {"type": "ndarray", "data": [[0.9998779682759367, -0.0019374426768890768, 0.01550144742463877, -0.7327399415649769], [-0.0020147613779010146, -0.9999856010387904, 0.0049737764001843284, 0.09532943943202084], [0.015491587813235591, -0.005004401159247833, -0.9998674745565344, -0.001008789051486235], [0.0, 0.0, 0.0, 1.0]]}, "mean_rme": {"type": "float", "data": 0.002297840282316065}, "max_rme": {"type": "float", "data": 0.0073198598142408255}, "simu": {"type": "float", "data": 0.002}}, {"type": "dict", "image_number": {"type": "int", "data": 9}, "Hcamera2end": {"type": "ndarray", "data": [[0.9999711063392711, -0.006768772905772853, 0.003459797676770824, -0.012725256621386367], [-0.0035340705052549154, -0.010991850150641191, 0.9999333425663582, 0.025181511194291073], [-0.006730292139127448, -0.9999166780005303, -0.01101545387653502, 0.03686407302486383], [0.0, 0.0, 0.0, 1.0]]}, "Hobj2base": {"type": "ndarray", "data": [[0.9999277856176404, -0.001682051864487399, 0.011899338272669474, -0.732435344590463], [-0.001755938309879168, -0.9999792283888078, 0.0062015700896651165, 0.09634703914777666], [0.011888659741709355, -0.006222016751046624, -0.9999099690857653, -0.0005667509883062194], [0.0, 0.0, 0.0, 1.0]]}, "mean_rme": {"type": "float", "data": 0.002314314491419756}, "max_rme": {"type": "float", "data": 0.007823580202448083}, "simu": {"type": "float", "data": 0.002}}, {"type": "dict", "image_number": {"type": "int", "data": 10}, "Hcamera2end": {"type": "ndarray", "data": [[0.9999517743474711, -0.008321811497710772, 0.005215019917597637, -0.013603953757440791], [-0.005295256854879578, -0.009649036502404673, 0.999939426340124, 0.028279763131086856], [-0.00827098749758589, -0.9999188184787664, -0.009692637300701357, 0.036566073542929206], [0.0, 0.0, 0.0, 1.0]]}, "Hobj2base": {"type": "ndarray", "data": [[0.9999299249147289, -0.004607652539737082, 0.010904806192581249, -0.7323302889410664], [-0.004679735122818621, -0.9999673097017743, 0.006593906806736646, 0.09519331150235241], [0.010874067279769872, -0.006644476342701846, -0.9999187995007024, -0.0028682585355690516], [0.0, 0.0, 0.0, 1.0]]}, "mean_rme": {"type": "float", "data": 0.002269456020295827}, "max_rme": {"type": "float", "data": 0.00793316854700779}, "simu": {"type": "float", "data": 0.002}}, {"type": "dict", "image_number": {"type": "int", "data": 11}, "Hcamera2end": {"type": "ndarray", "data": [[0.999959646835843, -0.008056348710548234, 0.0039749145135644735, -0.014033330252794768], [-0.004054852463638157, -0.00993042888072404, 0.9999424707220624, 0.028276522654365543], [-0.008016412628740194, -0.9999182375713019, -0.009962695461914084, 0.03663164076549528], [0.0, 0.0, 0.0, 1.0]]}, "Hobj2base": {"type": "ndarray", "data": [[0.9999205320123997, -0.0038206180859888263, 0.012013847738360863, -0.7317866247944916], [-0.0038798145545589293, -0.9999804295232726, 0.004907912944847473, 0.0941640907835391], [0.011994861360671745, -0.004954134424193976, -0.9999157863805561, -0.002918003009609442], [0.0, 0.0, 0.0, 1.0]]}, "mean_rme": {"type": "float", "data": 0.0022136056015583773}, "max_rme": {"type": "float", "data": 0.007502107365775751}, "simu": {"type": "float", "data": 0.002}}, {"type": "dict", "image_number": {"type": "int", "data": 12}, "Hcamera2end": {"type": "ndarray", "data": [[0.9999693484123509, -0.007801479377767946, -0.0006626879330584212, -0.012509840692463862], [0.0005890326664164279, -0.00943970711387565, 0.9999552714847412, 0.028544500771495535], [-0.007807386009174527, -0.9999250116129322, -0.009434822445665958, 0.03615332301971879], [0.0, 0.0, 0.0, 1.0]]}, "Hobj2base": {"type": "ndarray", "data": [[0.9999313013128619, -0.003816213813017487, 0.011082832079389487, -0.7314970983223551], [-0.0038306407074603067, -0.9999918428414636, 0.0012807975267260685, 0.09347593335866737], [0.011077853877758009, -0.001323163885334749, -0.9999377632586921, -0.0027079779795629636], [0.0, 0.0, 0.0, 1.0]]}, "mean_rme": {"type": "float", "data": 0.0022724176025683746}, "max_rme": {"type": "float", "data": 0.008647482481554225}, "simu": {"type": "float", "data": 0.002}}, {"type": "dict", "image_number": {"type": "int", "data": 13}, "Hcamera2end": {"type": "ndarray", "data": [[0.9999720628169785, -0.007464567968325601, -0.00039218694914029727, -0.012531196034578109], [0.0003099073035346452, -0.011020660245915304, 0.9999392226556609, 0.02865925991942724], [-0.007468436450827206, -0.9999114087121872, -0.01101803903558185, 0.036819475183741804], [0.0, 0.0, 0.0, 1.0]]}, "Hobj2base": {"type": "ndarray", "data": [[0.9999208720014429, -0.0031897627476753935, 0.012168613293538737, -0.7314741832733589], [-0.0032054612404554816, -0.9999940550313597, 0.001270795095065943, 0.09356677742165373], [0.012164487416660142, -0.0013097005578560242, -0.99992515216407, -0.0029650084348070063], [0.0, 0.0, 0.0, 1.0]]}, "mean_rme": {"type": "float", "data": 0.002171519030587835}, "max_rme": {"type": "float", "data": 0.008613524653876325}, "simu": {"type": "float", "data": 0.002}}, {"type": "dict", "image_number": {"type": "int", "data": 14}, "Hcamera2end": {"type": "ndarray", "data": [[0.9999696926651093, -0.0077843464428027954, 0.0001330477556128495, -0.012578698116856987], [-0.0002145885952494291, -0.010475078334998944, 0.9999451118364501, 0.029313406255703306], [-0.007782525488659773, -0.9999148347156043, -0.01047643129525988, 0.036614733713951304], [0.0, 0.0, 0.0, 1.0]]}, "Hobj2base": {"type": "ndarray", "data": [[0.9999196350864261, -0.004610037460272864, 0.011809780829608443, -0.7313735496252328], [-0.004626641643527303, -0.999988346158381, 0.001379033910960192, 0.09342544543507263], [0.011803285802304591, -0.0014335627088063192, -0.999929311172659, -0.003561007732095659], [0.0, 0.0, 0.0, 1.0]]}, "mean_rme": {"type": "float", "data": 0.0021672677972896207}, "max_rme": {"type": "float", "data": 0.008799963057413929}, "simu": {"type": "float", "data": 0.002}}, {"type": "dict", "image_number": {"type": "int", "data": 15}, "Hcamera2end": {"type": "ndarray", "data": [[0.9999684755535279, -0.007940258110920164, -1.4152223413984276e-05, -0.012465787397487452], [-6.712629229990285e-05, -0.010235896241470366, 0.9999476095887196, 0.029508626028178563], [-0.007939986978222513, -0.9999160858438401, -0.010236106560594038, 0.03643067995579794], [0.0, 0.0, 0.0, 1.0]]}, "Hobj2base": {"type": "ndarray", "data": [[0.9999247002504905, -0.005376017468938003, 0.01103142171890623, -0.7313806149725203], [-0.005392527355312657, -0.9999843835342535, 0.0014674250718281561, 0.09342027696950214], [0.011023360544266315, -0.0015268018184750153, -0.9999380752819238, -0.0036206986067762624], [0.0, 0.0, 0.0, 1.0]]}, "mean_rme": {"type": "float", "data": 0.002112118345846154}, "max_rme": {"type": "float", "data": 0.008646176153473961}, "simu": {"type": "float", "data": 0.002}}, {"type": "dict", "image_number": {"type": "int", "data": 16}, "Hcamera2end": {"type": "ndarray", "data": [[0.9999452174599676, -0.010462936305441836, 0.000298400412851332, -0.01314668298831575], [-0.0003539500561812788, -0.0053077332615274475, 0.9999858512433975, 0.029022932467138593], [-0.010461204438106157, -0.9999311750973128, -0.005311145847310739, 0.035203775132006766], [0.0, 0.0, 0.0, 1.0]]}, "Hobj2base": {"type": "ndarray", "data": [[0.9999350804344231, -0.008346000619148681, 0.0077575247514184605, -0.7321035254312273], [-0.008352848414900875, -0.9999647524533251, 0.0008507492685648214, 0.09324226636932625], [0.0077501509637805215, -0.0009154914666153314, -0.9999695480540463, -0.002382498712993047], [0.0, 0.0, 0.0, 1.0]]}, "mean_rme": {"type": "float", "data": 0.0021717565388087163}, "max_rme": {"type": "float", "data": 0.00881180646722679}, "simu": {"type": "float", "data": 0.002}}, {"type": "dict", "image_number": {"type": "int", "data": 17}, "Hcamera2end": {"type": "ndarray", "data": [[0.9999410289423766, -0.010830455063686233, 0.0007999254806555726, -0.013408203155585533], [-0.0008459662780656661, -0.004247135552257086, 0.9999906230463649, 0.02945654721000528], [-0.010826956115063204, -0.999932329251692, -0.004256047293941689, 0.03480929136599841], [0.0, 0.0, 0.0, 1.0]]}, "Hobj2base": {"type": "ndarray", "data": [[0.9999327800927617, -0.009144029613994544, 0.007128956331691591, -0.7318759986533854], [-0.009152561512364134, -0.9999574356860508, 0.0011650896701470349, 0.09314201183874261], [0.007117999278109377, -0.0012302595642722483, -0.9999739099334946, -0.0024799027478045288], [0.0, 0.0, 0.0, 1.0]]}, "mean_rme": {"type": "float", "data": 0.002212911254024978}, "max_rme": {"type": "float", "data": 0.008793900388449627}, "simu": {"type": "float", "data": 0.002}}, {"type": "dict", "image_number": {"type": "int", "data": 18}, "Hcamera2end": {"type": "ndarray", "data": [[0.9999466988902644, -0.010267310637154501, 0.0010870651972321801, -0.013286080765416503], [-0.0011288574424320038, -0.004065500077138129, 0.9999910986553819, 0.029418493538637847], [-0.010262799780641015, -0.9999390251617362, -0.004076873711498896, 0.03477880593632733], [0.0, 0.0, 0.0, 1.0]]}, "Hobj2base": {"type": "ndarray", "data": [[0.9999407947642677, -0.008565408651878584, 0.006711239887756989, -0.7321181907591208], [-0.008574761202970389, -0.9999623030024893, 0.0013660323092889485, 0.09328318292570127], [0.0066992862692029165, -0.0014234987124374253, -0.9999765463324124, -0.0024017063454573485], [0.0, 0.0, 0.0, 1.0]]}, "mean_rme": {"type": "float", "data": 0.0021476408701368768}, "max_rme": {"type": "float", "data": 0.008863558194298071}, "simu": {"type": "float", "data": 0.002}}, {"type": "dict", "image_number": {"type": "int", "data": 19}, "Hcamera2end": {"type": "ndarray", "data": [[0.9999501717064947, -0.009792892512628062, 0.001937359127218128, -0.013650236977289034], [-0.001972378360365865, -0.0035675925608293912, 0.9999916909689419, 0.029296707533221777], [-0.009785899435170105, -0.9999456842946803, -0.0035867300830574322, 0.03449654124792459], [0.0, 0.0, 0.0, 1.0]]}, "Hobj2base": {"type": "ndarray", "data": [[0.9999440159020541, -0.008400332887782778, 0.006434241917051008, -0.7320475039426969], [-0.008414498805195573, -0.9999622260999592, 0.0021777472471470527, 0.09330132665908664], [0.006415705068818504, -0.002231766248855232, -0.9999769287077984, -0.0022383756690017927], [0.0, 0.0, 0.0, 1.0]]}, "mean_rme": {"type": "float", "data": 0.0021146985334137046}, "max_rme": {"type": "float", "data": 0.009142773839599938}, "simu": {"type": "float", "data": 0.002}}, {"type": "dict", "image_number": {"type": "int", "data": 20}, "Hcamera2end": {"type": "ndarray", "data": [[0.9999570382220717, -0.009218479862535049, 0.0009702263479321, -0.013304075328049189], [-0.0010139416063788638, -0.004738643491782213, 0.9999882585212073, 0.02966189844757325], [-0.009213774067180054, -0.9999462810005756, -0.004747786911513119, 0.0348142290137691], [0.0, 0.0, 0.0, 1.0]]}, "Hobj2base": {"type": "ndarray", "data": [[0.9999425167663976, -0.007714982719292772, 0.007445952224105485, -0.7317892489134469], [-0.007726227618065186, -0.9999690531421146, 0.0014826209418112358, 0.09314014219756822], [0.007434283400334847, -0.0015400648376819714, -0.9999711793999964, -0.002795635881420794], [0.0, 0.0, 0.0, 1.0]]}, "mean_rme": {"type": "float", "data": 0.0021217696675083215}, "max_rme": {"type": "float", "data": 0.008867468981872628}, "simu": {"type": "float", "data": 0.002}}, {"type": "dict", "image_number": {"type": "int", "data": 21}, "Hcamera2end": {"type": "ndarray", "data": [[0.9999492604175791, -0.0100715991449414, 0.0001986982637934339, -0.013163758315150601], [-0.00023480516931704068, -0.0035839664278483063, 0.999993550004787, 0.029490593311126526], [-0.01007082205526842, -0.9999428574050158, -0.0035861494424309637, 0.034584637902319595], [0.0, 0.0, 0.0, 1.0]]}, "Hobj2base": {"type": "ndarray", "data": [[0.9999375504305692, -0.0087760622118086, 0.006919246416150345, -0.7319412168064352], [-0.008778857080008261, -0.9999613952789785, 0.0003736577125270322, 0.09298457341667443], [0.006915700057241714, -0.0004343774531525136, -0.9999759919162787, -0.0026146982620007123], [0.0, 0.0, 0.0, 1.0]]}, "mean_rme": {"type": "float", "data": 0.002125332932960761}, "max_rme": {"type": "float", "data": 0.008843902705823248}, "simu": {"type": "float", "data": 0.002}}, {"type": "dict", "image_number": {"type": "int", "data": 22}, "Hcamera2end": {"type": "ndarray", "data": [[0.9999490086209492, -0.010087350216664924, 0.0004748932378161293, -0.013219613201255885], [-0.0005105606854888707, -0.003533578136872828, 0.9999936265563582, 0.029429904604526706], [-0.010085607853144326, -0.999942877964115, -0.0035385481592919987, 0.03466134572375411], [0.0, 0.0, 0.0, 1.0]]}, "Hobj2base": {"type": "ndarray", "data": [[0.9999395250116719, -0.008560346894827596, 0.006904113300937722, -0.7320421692021526], [-0.00856286038735067, -0.9999632820653088, 0.0003345790833125812, 0.0930406896272646], [0.006900995683139527, -0.0003936778079408035, -0.9999761103528251, -0.002425262969739139], [0.0, 0.0, 0.0, 1.0]]}, "mean_rme": {"type": "float", "data": 0.002102829195781641}, "max_rme": {"type": "float", "data": 0.00880832000232834}, "simu": {"type": "float", "data": 0.002}}, {"type": "dict", "image_number": {"type": "int", "data": 23}, "Hcamera2end": {"type": "ndarray", "data": [[0.9999698120623712, -0.007769680197590783, 8.38663998474448e-05, -0.014018422685784985], [-0.00010892933291692343, -0.00322536845920518, 0.9999947925527927, 0.02925392228641038], [-0.007769369237350481, -0.9999646139078769, -0.0032261174380641133, 0.034244973718508945], [0.0, 0.0, 0.0, 1.0]]}, "Hobj2base": {"type": "ndarray", "data": [[0.9999634794922674, -0.006544102175469425, 0.005496763450855688, -0.7325614500172213], [-0.006544926941514857, -0.999978573014749, 0.0001320708772974527, 0.09173081267451863], [0.005495781386470859, -0.00016804196920259666, -0.999984883960177, -0.0017473287402039823], [0.0, 0.0, 0.0, 1.0]]}, "mean_rme": {"type": "float", "data": 0.002271244871418185}, "max_rme": {"type": "float", "data": 0.00821421678747214}, "simu": {"type": "float", "data": 0.002}}, {"type": "dict", "image_number": {"type": "int", "data": 24}, "Hcamera2end": {"type": "ndarray", "data": [[0.9999730778946857, -0.0073172117035921035, -0.0005494531040517998, -0.013641509093123673], [0.0005247991795252504, -0.003370799838571026, 0.9999941811302051, 0.029361888659661314], [-0.007319021222124378, -0.9999675475340852, -0.003366869022844332, 0.0343956218224], [0.0, 0.0, 0.0, 1.0]]}, "Hobj2base": {"type": "ndarray", "data": [[0.9999657642327451, -0.006067524349089114, 0.005626323017323604, -0.7325612093969339], [-0.00606600636370759, -0.9999815604787212, -0.0002868263187601478, 0.09172280466329052], [0.005627959596293642, 0.00025268718781369664, -0.9999841309840711, -0.001799675675465684], [0.0, 0.0, 0.0, 1.0]]}, "mean_rme": {"type": "float", "data": 0.0022887518034502546}, "max_rme": {"type": "float", "data": 0.008359192424800016}, "simu": {"type": "float", "data": 0.002}}, {"type": "dict", "image_number": {"type": "int", "data": 25}, "Hcamera2end": {"type": "ndarray", "data": [[0.9999751977038246, -0.006907456918740092, -0.0013751422154123856, -0.013143318614414286], [0.001353520427002573, -0.0031339097021219064, 0.999994173279241, 0.03016089998556495], [-0.00691172624244815, -0.9999712324106602, -0.0031244825899272577, 0.034213876211791026], [0.0, 0.0, 0.0, 1.0]]}, "Hobj2base": {"type": "ndarray", "data": [[0.9999694831094317, -0.005919499999244376, 0.005098271237871254, -0.7325959674166447], [-0.005913265010431943, -0.999981751189277, -0.001237168276129429, 0.09120806810072372], [0.005105501618094033, 0.0012069830926759364, -0.9999862384278306, -0.00247675731301221], [0.0, 0.0, 0.0, 1.0]]}, "mean_rme": {"type": "float", "data": 0.0023075281040234206}, "max_rme": {"type": "float", "data": 0.008867749968999195}, "simu": {"type": "float", "data": 0.002}}, {"type": "dict", "image_number": {"type": "int", "data": 26}, "Hcamera2end": {"type": "ndarray", "data": [[0.9999849336659113, -0.005488839908239978, 7.12575934343142e-05, -0.013848137139266463], [-8.433717033397205e-05, -0.0023827455348799376, 0.9999971577014395, 0.030202695855540185], [-0.005488654518605626, -0.9999820974198377, -0.002383172548865886, 0.033982444541311344], [0.0, 0.0, 0.0, 1.0]]}, "Hobj2base": {"type": "ndarray", "data": [[0.999979656858777, -0.004683680283987275, 0.004330012424935797, -0.7327728382563244], [-0.004684773441771821, -0.9999889970210067, 0.00024235247145155752, 0.09107572087348122], [0.00432882968040773, -0.00026263266845188624, -0.9999905960846229, -0.002395519163070555], [0.0, 0.0, 0.0, 1.0]]}, "mean_rme": {"type": "float", "data": 0.002313702689045813}, "max_rme": {"type": "float", "data": 0.008955892780545677}, "simu": {"type": "float", "data": 0.002}}, {"type": "dict", "image_number": {"type": "int", "data": 27}, "Hcamera2end": {"type": "ndarray", "data": [[0.9999841976790921, -0.005619826013424763, -0.0001481474986758935, -0.013926757074126658], [0.0001273580768934371, -0.003699477403365181, 0.9999931487999616, 0.030061037589155102], [-0.005620335579196281, -0.999977365455099, -0.0036987032128026343, 0.034810619087087526], [0.0, 0.0, 0.0, 1.0]]}, "Hobj2base": {"type": "ndarray", "data": [[0.9999770133222853, -0.004082980006073684, 0.00541314153814556, -0.7327539331586066], [-0.004082426200132269, -0.9999916604389083, -0.0001133532332843222, 0.09079343152251765], [0.005413559213906128, 9.125187682973105e-05, -0.9999853424174439, -0.0024917697242322376], [0.0, 0.0, 0.0, 1.0]]}, "mean_rme": {"type": "float", "data": 0.002324151158237534}, "max_rme": {"type": "float", "data": 0.009007437053362044}, "simu": {"type": "float", "data": 0.002}}, {"type": "dict", "image_number": {"type": "int", "data": 28}, "Hcamera2end": {"type": "ndarray", "data": [[0.9999842071351811, -0.005617240514299545, -0.00017913466367011155, -0.013868760593733724], [0.00015904854440087395, -0.0035760411873928533, 0.9999935932959703, 0.02992803287427699], [-0.005617845119237481, -0.9999778290234391, -0.0035750912975305305, 0.03463431618153736], [0.0, 0.0, 0.0, 1.0]]}, "Hobj2base": {"type": "ndarray", "data": [[0.9999773309533388, -0.0039400939234783185, 0.005460150117981057, -0.7326549395822336], [-0.003939520155486504, -0.9999922333515372, -0.00011583414740633101, 0.09077226531261151], [0.005460564108334862, 9.432115011487011e-05, -0.9999850865603646, -0.0023784983347193145], [0.0, 0.0, 0.0, 1.0]]}, "mean_rme": {"type": "float", "data": 0.002279330843912941}, "max_rme": {"type": "float", "data": 0.008945865559905647}, "simu": {"type": "float", "data": 0.002}}, {"type": "dict", "image_number": {"type": "int", "data": 29}, "Hcamera2end": {"type": "ndarray", "data": [[0.9999900903485667, -0.004442573536362349, 0.0002876543750177491, -0.01417369841659694], [-0.00030503399988299554, -0.00391188042095747, 0.9999923020432863, 0.030057629991577333], [-0.0044414140681059335, -0.9999824802125016, -0.003913196791561546, 0.03471547730718918], [0.0, 0.0, 0.0, 1.0]]}, "Hobj2base": {"type": "ndarray", "data": [[0.9999819333012852, -0.0028567946197763324, 0.00528883687822482, -0.7328423183094845], [-0.0028585494344554453, -0.9999958617646458, 0.0003242664229774123, 0.09044947557783382], [0.0052878886292005356, -0.0003393789662208217, -0.99998596142934, -0.0023222102987235315], [0.0, 0.0, 0.0, 1.0]]}, "mean_rme": {"type": "float", "data": 0.002279326563415566}, "max_rme": {"type": "float", "data": 0.00891508834841448}, "simu": {"type": "float", "data": 0.002}}, {"type": "dict", "image_number": {"type": "int", "data": 30}, "Hcamera2end": {"type": "ndarray", "data": [[0.999989621447696, -0.004553632893111854, 0.000146370654438315, -0.014253394209866968], [-0.00015983555970124031, -0.002956735511037367, 0.9999956160742466, 0.030120255464677566], [-0.004553180151011589, -0.9999852609626768, -0.002957432656865322, 0.03415181080103236], [0.0, 0.0, 0.0, 1.0]]}, "Hobj2base": {"type": "ndarray", "data": [[0.9999843140184582, -0.003233064470265789, 0.00457373055226308, -0.7328378485134561], [-0.003234614535728337, -0.999994713657868, 0.00033154957998578785, 0.09037987672199482], [0.004572634452791377, -0.0003463386346320509, -0.9999894854765781, -0.0021263934747730567], [0.0, 0.0, 0.0, 1.0]]}, "mean_rme": {"type": "float", "data": 0.002261378979361632}, "max_rme": {"type": "float", "data": 0.00890008097652692}, "simu": {"type": "float", "data": 0.002}}]}