{"type": "list", "data": [{"type": "dict", "image_number": {"type": "int", "data": 5}, "Hcamera2end": {"type": "ndarray", "data": [[0.9999372881539266, 0.0008821660589697173, -0.011164297667813128, -0.009189181702070856], [0.011150715723277325, 0.014137195543973302, 0.9998378874802705, 0.029583686281675414], [0.0010398549080480766, -0.9998996757101164, 0.014126472191398176, 0.032447219043216353], [0.0, 0.0, 0.0, 1.0]]}, "Hobj2base": {"type": "ndarray", "data": [[0.9999060945565268, -0.0037412802496265903, -0.013183508289067255, -0.7415043352364034], [-0.0038334691184799988, -0.999968330464295, -0.006974423486386589, 0.09177149745296605], [-0.013156997500638633, 0.007024307121955495, -0.9998887700770642, 0.0007586402494716094], [0.0, 0.0, 0.0, 1.0]]}, "mean_rme": {"type": "float", "data": 0.0017784134586943739}, "max_rme": {"type": "float", "data": 0.005274636536995531}, "simu": {"type": "float", "data": 0.002}}, {"type": "dict", "image_number": {"type": "int", "data": 6}, "Hcamera2end": {"type": "ndarray", "data": [[0.9998974178654597, 0.0010864827777043555, -0.014281922180157041, -0.009946089111636578], [0.01427749786579393, 0.003976382558612546, 0.9998901646863215, 0.02919044806353044], [0.0011431538297882937, -0.9999915039323687, 0.00396046239726211, 0.03157172302620649], [0.0, 0.0, 0.0, 1.0]]}, "Hobj2base": {"type": "ndarray", "data": [[0.9999907581909849, -0.0012429257528412934, -0.004115661331063164, -0.7353405626658498], [-0.0012819546120487095, -0.9999541093136362, -0.009493990685946205, 0.08905122687805794], [-0.004103672135019044, 0.009499179035322483, -0.9999464613031352, -0.00031265646497587635], [0.0, 0.0, 0.0, 1.0]]}, "mean_rme": {"type": "float", "data": 0.001677350385472741}, "max_rme": {"type": "float", "data": 0.00489395726579531}, "simu": {"type": "float", "data": 0.002}}, {"type": "dict", "image_number": {"type": "int", "data": 7}, "Hcamera2end": {"type": "ndarray", "data": [[0.9999101885882202, 0.001179340524776618, -0.013350052936094278, -0.010010000695776074], [0.013346849606131854, 0.0026835536787362946, 0.9999073257783667, 0.02885204587342943], [0.0012150568139794263, -0.9999957038385615, 0.0026675721843731903, 0.031408966731401734], [0.0, 0.0, 0.0, 1.0]]}, "Hobj2base": {"type": "ndarray", "data": [[0.9999944867900958, -0.00024346971030189674, -0.0033116630132001335, -0.7345110218350248], [-0.0002742318441065809, -0.9999567931653739, -0.009291748991314153, 0.08895632471098966], [-0.0033092576672888708, 0.009292605927406756, -0.9999513469608257, -0.00027970291820221337], [0.0, 0.0, 0.0, 1.0]]}, "mean_rme": {"type": "float", "data": 0.0015711337648189798}, "max_rme": {"type": "float", "data": 0.0053795116226730035}, "simu": {"type": "float", "data": 0.002}}, {"type": "dict", "image_number": {"type": "int", "data": 8}, "Hcamera2end": {"type": "ndarray", "data": [[0.999929848335069, 7.236957173393371e-05, -0.01184454183372902, -0.011723855339276381], [0.011844313853379765, 0.0025983428037721357, 0.9999264777192457, 0.029807612017364423], [0.00010314043099561316, -0.9999966216829533, 0.002597303357777414, 0.03158234702633383], [0.0, 0.0, 0.0, 1.0]]}, "Hobj2base": {"type": "ndarray", "data": [[0.999997123818016, -0.0009333564065586998, -0.0022093441366175825, -0.7342696620203584], [-0.0009505657645406225, -0.9999691186863373, -0.007801160067409395, 0.08789296519946072], [-0.0022019946464408038, 0.007803237756751712, -0.9999671298098196, -0.00024728872695889415], [0.0, 0.0, 0.0, 1.0]]}, "mean_rme": {"type": "float", "data": 0.0016425720415137067}, "max_rme": {"type": "float", "data": 0.0055438396803188725}, "simu": {"type": "float", "data": 0.002}}, {"type": "dict", "image_number": {"type": "int", "data": 9}, "Hcamera2end": {"type": "ndarray", "data": [[0.9999821832186387, -0.0006247453085196125, -0.005936576335260912, -0.01209485752628793], [0.005942572843087973, 0.010079347183992504, 0.9999315439510593, 0.0307429552146533], [-0.0005648657269568284, -0.9999490069266753, 0.010082880196971677, 0.031556391841404206], [0.0, 0.0, 0.0, 1.0]]}, "Hobj2base": {"type": "ndarray", "data": [[0.9999652275611508, -0.0039056814379629257, -0.00736812873672907, -0.7377076746004243], [-0.003916047232954566, -0.9999913621087897, -0.0013929400118789178, 0.09156347808672033], [-0.007362624711686028, 0.0014217455161090549, -0.9999718848032888, 7.960067453085775e-05], [0.0, 0.0, 0.0, 1.0]]}, "mean_rme": {"type": "float", "data": 0.0018052139938400692}, "max_rme": {"type": "float", "data": 0.0049851711264942665}, "simu": {"type": "float", "data": 0.002}}, {"type": "dict", "image_number": {"type": "int", "data": 10}, "Hcamera2end": {"type": "ndarray", "data": [[0.999977044472449, -0.0006244547226803149, -0.006746894429675292, -0.012293525450223426], [0.006750639017790296, 0.00620243284555233, 0.9999579784669193, 0.03043992384859912], [-0.0005825813225194361, -0.9999805697527806, 0.006206505933850082, 0.03163935964915308], [0.0, 0.0, 0.0, 1.0]]}, "Hobj2base": {"type": "ndarray", "data": [[0.999991562009628, -0.002344579364937772, -0.003373256163679612, -0.7358685711174058], [-0.0023530920034104284, -0.99999405168482, -0.0025218154178769034, 0.09059661890208096], [-0.00336732350209783, 0.0025297317209268966, -0.9999911307555949, -0.0004116067102702237], [0.0, 0.0, 0.0, 1.0]]}, "mean_rme": {"type": "float", "data": 0.001703111119320122}, "max_rme": {"type": "float", "data": 0.005083884759426071}, "simu": {"type": "float", "data": 0.002}}, {"type": "dict", "image_number": {"type": "int", "data": 11}, "Hcamera2end": {"type": "ndarray", "data": [[0.9999638307004745, -8.91474390860925e-05, -0.008504665987973083, -0.011353397486439635], [0.008505069981931575, 0.006625589689432387, 0.999941880984025, 0.03027536758651359], [-3.279383064267328e-05, -0.9999780465660242, 0.006626108251702512, 0.03189301095889752], [0.0, 0.0, 0.0, 1.0]]}, "Hobj2base": {"type": "ndarray", "data": [[0.9999885216681929, -0.0021693516321584735, -0.004272053997583198, -0.7364887472835254], [-0.002185641054801298, -0.999990345581385, -0.0038120489505934657, 0.09035869203684523], [-0.004263743078772721, 0.0038213423712361917, -0.9999836087843841, -0.0004020455091758503], [0.0, 0.0, 0.0, 1.0]]}, "mean_rme": {"type": "float", "data": 0.0016828868546062568}, "max_rme": {"type": "float", "data": 0.00522949173401081}, "simu": {"type": "float", "data": 0.002}}, {"type": "dict", "image_number": {"type": "int", "data": 12}, "Hcamera2end": {"type": "ndarray", "data": [[0.9999671451221522, -0.0003948071018820905, -0.008096468588511907, -0.011698090871431779], [0.00809843135065641, 0.005252957573522843, 0.9999534098378731, 0.030119346058353605], [-0.0003522583017643924, -0.9999861251857862, 0.005255982306454743, 0.031988218075201906], [0.0, 0.0, 0.0, 1.0]]}, "Hobj2base": {"type": "ndarray", "data": [[0.9999941469316126, -0.002046513827918348, -0.002741875939654478, -0.7359455616941489], [-0.0020557144158757546, -0.9999922523455689, -0.0033569758825164474, 0.09013875821576266], [-0.0027349845989836467, 0.003362592747802723, -0.9999906063705073, -0.0003641155924891763], [0.0, 0.0, 0.0, 1.0]]}, "mean_rme": {"type": "float", "data": 0.0016167034659269948}, "max_rme": {"type": "float", "data": 0.0053435404452450395}, "simu": {"type": "float", "data": 0.002}}, {"type": "dict", "image_number": {"type": "int", "data": 13}, "Hcamera2end": {"type": "ndarray", "data": [[0.9999818286396835, -0.0011372841569654243, -0.005920217494381694, -0.012856000374221226], [0.005923829075727943, 0.003198941687544088, 0.9999773372537808, 0.029728320592483228], [-0.001118319952441089, -0.9999942366618051, 0.0032056206353784367, 0.03208683214579494], [0.0, 0.0, 0.0, 1.0]]}, "Hobj2base": {"type": "ndarray", "data": [[0.9999974587226732, -0.002123087807244541, -0.0007583181115304256, -0.7349994215443024], [-0.0021245455156495906, -0.9999958870838774, -0.0019266867104404247, 0.09002582318187057], [-0.0007542244675683229, 0.0019282928955384596, -0.9999978564136829, -0.000332673556698808], [0.0, 0.0, 0.0, 1.0]]}, "mean_rme": {"type": "float", "data": 0.0016198461180249259}, "max_rme": {"type": "float", "data": 0.005912045591140905}, "simu": {"type": "float", "data": 0.002}}, {"type": "dict", "image_number": {"type": "int", "data": 14}, "Hcamera2end": {"type": "ndarray", "data": [[0.9999788124279282, -0.0007507850907031493, -0.006466143903279982, -0.012593322307911589], [0.006468876308240582, 0.003695867070691361, 0.99997224671783, 0.029624166484030122], [-0.0007268662456261935, -0.9999928884188845, 0.0037006455001272753, 0.032379981348166414], [0.0, 0.0, 0.0, 1.0]]}, "Hobj2base": {"type": "ndarray", "data": [[0.9999971699547059, -0.002011446359155522, -0.0012704983759251629, -0.7355753725179136], [-0.0020147293340277033, -0.9999946214609536, -0.0025880330128717627, 0.08988385733996761], [-0.0012652858529189237, 0.002590585398967925, -0.9999958439508647, -0.00015226680103207015], [0.0, 0.0, 0.0, 1.0]]}, "mean_rme": {"type": "float", "data": 0.001560471022676059}, "max_rme": {"type": "float", "data": 0.005872833047508852}, "simu": {"type": "float", "data": 0.002}}, {"type": "dict", "image_number": {"type": "int", "data": 15}, "Hcamera2end": {"type": "ndarray", "data": [[0.9999830997220812, -0.0011843959947643802, -0.005691878103560824, -0.012956169070467545], [0.00569338154053467, 0.0012698940899974476, 0.999982986243083, 0.03228046852528923], [-0.0011771477613741347, -0.9999984922864272, 0.001276615846727669, 0.03343699639998433], [0.0, 0.0, 0.0, 1.0]]}, "Hobj2base": {"type": "ndarray", "data": [[0.9999989707782883, -0.0014212508506618394, 0.00019618456544622228, -0.7356274498984862], [-0.0014206447097874853, -0.9999943214199079, -0.003055960822316747, 0.08839382196239311], [0.00020052673831476138, 0.003055678968490476, -0.999995311296543, -0.0024843352377647604], [0.0, 0.0, 0.0, 1.0]]}, "mean_rme": {"type": "float", "data": 0.0017345820683457205}, "max_rme": {"type": "float", "data": 0.006510024478486587}, "simu": {"type": "float", "data": 0.002}}, {"type": "dict", "image_number": {"type": "int", "data": 16}, "Hcamera2end": {"type": "ndarray", "data": [[0.9999866668231349, -0.0011757964668643065, -0.005028287842320471, -0.01330229379868417], [0.005029021845454425, 0.0006221393035694689, 0.9999871608585608, 0.03257419768431886], [-0.001172653075150796, -0.9999991152222863, 0.0006280441145937177, 0.03314885296465877], [0.0, 0.0, 0.0, 1.0]]}, "Hobj2base": {"type": "ndarray", "data": [[0.9999991658951968, -0.0011661779644020446, 0.0005551917381263796, -0.7350767463669127], [-0.0011650692782083775, -0.9999973350881606, -0.0019930956210155643, 0.0885045299539648], [0.0005575145627835179, 0.001992447121727327, -0.9999978596636994, -0.002835496662186552], [0.0, 0.0, 0.0, 1.0]]}, "mean_rme": {"type": "float", "data": 0.0017715495268678465}, "max_rme": {"type": "float", "data": 0.00657288779128129}, "simu": {"type": "float", "data": 0.002}}, {"type": "dict", "image_number": {"type": "int", "data": 17}, "Hcamera2end": {"type": "ndarray", "data": [[0.9999827315504627, -0.0013760520786464119, -0.005713412426219829, -0.013330062647514048], [0.005716051125393756, 0.0019213490783329679, 0.9999818174233226, 0.03271186383611954], [-0.0013650495987747252, -0.999997207445299, 0.0019291814836460697, 0.032480284911595186], [0.0, 0.0, 0.0, 1.0]]}, "Hobj2base": {"type": "ndarray", "data": [[0.9999983458514199, -0.0017152146833681776, -0.0006052545035406301, -0.7352444841940571], [-0.0017168576718975554, -0.9999948146159128, -0.0027245441859189493, 0.08822789912090169], [-0.0006005781868703851, 0.0027255788149559068, -0.9999961052553981, -0.002597627908613228], [0.0, 0.0, 0.0, 1.0]]}, "mean_rme": {"type": "float", "data": 0.0017839103857778215}, "max_rme": {"type": "float", "data": 0.006399424416272614}, "simu": {"type": "float", "data": 0.002}}, {"type": "dict", "image_number": {"type": "int", "data": 18}, "Hcamera2end": {"type": "ndarray", "data": [[0.9999832544332921, -0.0015529980904490474, -0.005574858736582887, -0.013748887721804982], [0.005575983122031867, 0.0007206230742808906, 0.999984194432396, 0.032900227792040854], [-0.0015489561725913, -0.9999985344485842, 0.0007292704981800568, 0.03209190222889351], [0.0, 0.0, 0.0, 1.0]]}, "Hobj2base": {"type": "ndarray", "data": [[0.99999890025042, -0.0014070477309415456, 0.0004687372753801405, -0.7341740914965298], [-0.0014058968833233602, -0.9999960189000785, -0.002446556344704801, 0.08799222908098837], [0.0004721778308436477, 0.0024458946578309344, -0.9999968973188964, -0.002941904163614734], [0.0, 0.0, 0.0, 1.0]]}, "mean_rme": {"type": "float", "data": 0.0018530973398971546}, "max_rme": {"type": "float", "data": 0.006324818050546854}, "simu": {"type": "float", "data": 0.002}}, {"type": "dict", "image_number": {"type": "int", "data": 19}, "Hcamera2end": {"type": "ndarray", "data": [[0.9999850312646669, -0.0006903393055627265, -0.00542776917770507, -0.014020287032980817], [0.005428604135171511, 0.0012134209209260227, 0.9999845288137275, 0.031260395380890045], [-0.0006837424565205542, -0.9999990255201812, 0.0012171503363581637, 0.031968964986381423], [0.0, 0.0, 0.0, 1.0]]}, "Hobj2base": {"type": "ndarray", "data": [[0.9999995860365634, -0.0008888601682277317, -0.00019456182363541147, -0.7341465926713063], [-0.0008892570078125445, -0.9999975050710823, -0.0020491641187061686, 0.08870921618351152], [-0.00019273991785421197, 0.0020493362858922683, -0.999997881533812, -0.0012802080711374984], [0.0, 0.0, 0.0, 1.0]]}, "mean_rme": {"type": "float", "data": 0.0019379437872979793}, "max_rme": {"type": "float", "data": 0.007374347487466237}, "simu": {"type": "float", "data": 0.002}}, {"type": "dict", "image_number": {"type": "int", "data": 20}, "Hcamera2end": {"type": "ndarray", "data": [[0.9999836260995856, -0.0009082992708964745, -0.005650002226435209, -0.0141948530320126], [0.005651428964456414, 0.0015759629328170321, 0.9999827886976327, 0.03122766088263102], [-0.0008993794438038861, -0.9999983456652661, 0.001581070316964861, 0.03166069482261994], [0.0, 0.0, 0.0, 1.0]]}, "Hobj2base": {"type": "ndarray", "data": [[0.9999990016620607, -0.0013579987780898556, -0.0003905306653282651, -0.7341550206171076], [-0.0013588258073102214, -0.999996818349226, -0.0021252961791731004, 0.08847749316999837], [-0.00038764327318167565, 0.0021258247205558868, -0.9999976652982492, -0.0011380902940525879], [0.0, 0.0, 0.0, 1.0]]}, "mean_rme": {"type": "float", "data": 0.0019229602384523467}, "max_rme": {"type": "float", "data": 0.007407448742509454}, "simu": {"type": "float", "data": 0.002}}, {"type": "dict", "image_number": {"type": "int", "data": 21}, "Hcamera2end": {"type": "ndarray", "data": [[0.9999838568948058, -0.0005360724347783269, -0.005656728394853604, -0.014359211773328493], [0.005657992725521019, 0.0023870931047075272, 0.9999811442746446, 0.031349810265477625], [-0.0005225591893971674, -0.9999970072019487, 0.0023900876635487567, 0.03121818791032083], [0.0, 0.0, 0.0, 1.0]]}, "Hobj2base": {"type": "ndarray", "data": [[0.9999984572663226, -0.0014396792076718677, -0.0010063740625017605, -0.734223160967906], [-0.0014417883340214705, -0.9999967594100763, -0.0020981934479395482, 0.08832591882778669], [-0.0010033500757754426, 0.0020996411893688316, -0.9999972923940847, -0.0013072375600301923], [0.0, 0.0, 0.0, 1.0]]}, "mean_rme": {"type": "float", "data": 0.001942866144653696}, "max_rme": {"type": "float", "data": 0.007521688267656312}, "simu": {"type": "float", "data": 0.002}}, {"type": "dict", "image_number": {"type": "int", "data": 22}, "Hcamera2end": {"type": "ndarray", "data": [[0.9999869576521689, 0.0002692972063152565, -0.0051001965230629154, -0.015026465003362376], [0.005099930747328067, 0.0009785552276837528, 0.9999865164771167, 0.03098470786486069], [0.0002742843992100696, -0.9999994849542078, 0.0009771690679234446, 0.031857449019639446], [0.0, 0.0, 0.0, 1.0]]}, "Hobj2base": {"type": "ndarray", "data": [[0.9999999526752087, -0.0001234060586343282, -0.0002818164739656484, -0.7343157033389027], [-0.00012386503255829018, -0.9999986651966306, -0.0016291907227325435, 0.0881481787393973], [-0.0002816150457902133, 0.0016292255528381557, -0.9999986331575978, -0.0006656715995256933], [0.0, 0.0, 0.0, 1.0]]}, "mean_rme": {"type": "float", "data": 0.002011734226011577}, "max_rme": {"type": "float", "data": 0.007839910464714411}, "simu": {"type": "float", "data": 0.002}}, {"type": "dict", "image_number": {"type": "int", "data": 23}, "Hcamera2end": {"type": "ndarray", "data": [[0.9999903547683998, 0.0007941338818719089, -0.004319689982805036, -0.01481680919166809], [0.004320046084769232, -0.00044724838820386914, 0.9999905685408762, 0.030986274638838827], [0.0007921944176483141, -0.9999995846600424, -0.0004506747693566737, 0.03248823116486119], [0.0, 0.0, 0.0, 1.0]]}, "Hobj2base": {"type": "ndarray", "data": [[0.9999995541792921, 0.0008794929594562235, 0.0003437053264270239, -0.7344612117028642], [0.0008797571483763602, -0.999999317136284, -0.0007692556957465413, 0.08855672623100395], [0.0003430285367546968, 0.0007695577300142816, -0.9999996450560984, -0.0009458791277372626], [0.0, 0.0, 0.0, 1.0]]}, "mean_rme": {"type": "float", "data": 0.0020030782507226385}, "max_rme": {"type": "float", "data": 0.007679500213569113}, "simu": {"type": "float", "data": 0.002}}, {"type": "dict", "image_number": {"type": "int", "data": 24}, "Hcamera2end": {"type": "ndarray", "data": [[0.9999904159605908, 0.0006182557078176715, -0.004334252743466967, -0.014798376435821029], [0.004334688816887752, -0.0007057410870978664, 0.9999903561546875, 0.030965932331106023], [0.0006151908852123299, -0.9999995598446019, -0.0007084142693500883, 0.032641205051974466], [0.0, 0.0, 0.0, 1.0]]}, "Hobj2base": {"type": "ndarray", "data": [[0.9999994848016044, 0.0006996661008692186, 0.0007354344791519615, -0.7344045856341226], [0.0007003760456018118, -0.9999992886155331, -0.000965526707958478, 0.08859993413469815], [0.0007347584096682536, 0.0009660412912129749, -0.9999992634468808, -0.0010156417385518933], [0.0, 0.0, 0.0, 1.0]]}, "mean_rme": {"type": "float", "data": 0.0019411749852485663}, "max_rme": {"type": "float", "data": 0.007672787808297082}, "simu": {"type": "float", "data": 0.002}}, {"type": "dict", "image_number": {"type": "int", "data": 25}, "Hcamera2end": {"type": "ndarray", "data": [[0.9999896532823358, 0.0009318661078757218, -0.004452522187561472, -0.014728499286077062], [0.0044532589870990725, -0.0007900953015249623, 0.9999897720645987, 0.03097704473184367], [0.0009283386599490393, -0.9999992536872071, -0.0007942369677516048, 0.03273468281606191], [0.0, 0.0, 0.0, 1.0]]}, "Hobj2base": {"type": "ndarray", "data": [[0.9999992079597029, 0.0008806823663012486, 0.0008991543452415551, -0.7343783956278679], [0.0008815079332544204, -0.9999991899477436, -0.0009181762469076054, 0.08858011934519433], [0.0008983449952497406, 0.0009189681313635687, -0.9999991742365808, -0.001016295682362771], [0.0, 0.0, 0.0, 1.0]]}, "mean_rme": {"type": "float", "data": 0.0019098932558104696}, "max_rme": {"type": "float", "data": 0.007725864909675445}, "simu": {"type": "float", "data": 0.002}}, {"type": "dict", "image_number": {"type": "int", "data": 26}, "Hcamera2end": {"type": "ndarray", "data": [[0.9999854410913772, 0.0014126207652988875, -0.005207889002009795, -0.014404846752293754], [0.005209619930162137, -0.0012244316985710046, 0.9999856802110711, 0.030892756536010674], [0.0014062238324909916, -0.9999982526332678, -0.0012317730894744194, 0.03316026455848741], [0.0, 0.0, 0.0, 1.0]]}, "Hobj2base": {"type": "ndarray", "data": [[0.9999983466099741, 0.0015774767020562193, 0.0009046239951308614, -0.734600593791511], [0.0015790554570929347, -0.9999972270123465, -0.0017471552535608514, 0.08835423447425675], [0.0009018653899123248, 0.0017485808162879101, -0.9999980645501003, -0.0009301055859957236], [0.0, 0.0, 0.0, 1.0]]}, "mean_rme": {"type": "float", "data": 0.001903602302118498}, "max_rme": {"type": "float", "data": 0.007727653159326581}, "simu": {"type": "float", "data": 0.002}}, {"type": "dict", "image_number": {"type": "int", "data": 27}, "Hcamera2end": {"type": "ndarray", "data": [[0.9999855794641365, 0.0013775338766602156, -0.005190690146190743, -0.014464163116036365], [0.005192527928783558, -0.001333904463420632, 0.999985629073034, 0.030953167555174466], [0.001370590195467244, -0.9999981615479607, -0.0013410381109308922, 0.03309383663515288], [0.0, 0.0, 0.0, 1.0]]}, "Hobj2base": {"type": "ndarray", "data": [[0.9999983103309307, 0.0015348115428718595, 0.0010117750795323277, -0.7344700709283475], [0.0015364304281739976, -0.9999975377447301, -0.0016012139197233031, 0.08832749523789002], [0.0010093150266772075, 0.0016027657362203314, -0.9999982062109771, -0.0010359964109490668], [0.0, 0.0, 0.0, 1.0]]}, "mean_rme": {"type": "float", "data": 0.0018731879977107188}, "max_rme": {"type": "float", "data": 0.007742568472121514}, "simu": {"type": "float", "data": 0.002}}, {"type": "dict", "image_number": {"type": "int", "data": 28}, "Hcamera2end": {"type": "ndarray", "data": [[0.9999941177683541, 0.0008492700229332446, -0.0033231264073658507, -0.014818741742862811], [0.0033236304083809403, -0.0005927313326312689, 0.999994301058999, 0.03070937344789193], [0.00084729546184955, -0.999999463704854, -0.0005955505057213539, 0.03347110745301813], [0.0, 0.0, 0.0, 1.0]]}, "Hobj2base": {"type": "ndarray", "data": [[0.9999994741911469, 0.0007571188318798608, 0.000691656348354314, -0.7352321529909627], [0.0007571979575695495, -0.9999997068109745, -0.00011414559762109265, 0.08902725538958574], [0.0006915697237867283, 0.00011466925837664077, -0.9999997542911088, -0.0007513432520418116], [0.0, 0.0, 0.0, 1.0]]}, "mean_rme": {"type": "float", "data": 0.0019615704123401925}, "max_rme": {"type": "float", "data": 0.007571863149872765}, "simu": {"type": "float", "data": 0.002}}, {"type": "dict", "image_number": {"type": "int", "data": 29}, "Hcamera2end": {"type": "ndarray", "data": [[0.9999917284260417, 0.001585930710294604, -0.0037453842632997492, -0.014890860217600659], [0.003746078143385861, -0.0004347780715021621, 0.9999928889080021, 0.0308578596752463], [0.0015842910216483889, -0.9999986478949912, -0.00044071549557389567, 0.03333361651309396], [0.0, 0.0, 0.0, 1.0]]}, "Hobj2base": {"type": "ndarray", "data": [[0.9999988851027514, 0.001435072074286091, 0.00041274858672189047, -0.7351426891287434], [0.0014351348537606804, -0.9999989586649718, -0.00015184506870679043, 0.08866953584822813], [0.00041253024829460984, 0.00015243724929778614, -0.9999999032908355, -0.0007410658610001338], [0.0, 0.0, 0.0, 1.0]]}, "mean_rme": {"type": "float", "data": 0.0019731922128353114}, "max_rme": {"type": "float", "data": 0.007702437350458641}, "simu": {"type": "float", "data": 0.002}}, {"type": "dict", "image_number": {"type": "int", "data": 30}, "Hcamera2end": {"type": "ndarray", "data": [[0.9999964082167936, 8.701358255304805e-05, -0.0026788023720200433, -0.014906356528438946], [0.0026789230952083565, -0.0014182571297562951, 0.999995405948329, 0.030574577017096462], [8.321395224482721e-05, -0.9999989904871655, -0.0014184851383800545, 0.0336357013820144], [0.0, 0.0, 0.0, 1.0]]}, "Hobj2base": {"type": "ndarray", "data": [[0.9999979444516559, 0.0005929141988752695, 0.00193895467087596, -0.7345486047206214], [0.0005918014282616612, -0.9999996599030203, 0.0005744257245698544, 0.089387758364854], [0.0019392945966116293, -0.0005732770676664485, -0.9999979552428451, -0.0006089729706935516], [0.0, 0.0, 0.0, 1.0]]}, "mean_rme": {"type": "float", "data": 0.002036014990734274}, "max_rme": {"type": "float", "data": 0.007450472562218952}, "simu": {"type": "float", "data": 0.002}}]}