{"type": "list", "data": [{"type": "dict", "image_number": {"type": "int", "data": 5}, "Hcamera2end": {"type": "ndarray", "data": [[0.9996910244864237, -0.001607378550193413, 0.024804674871506643, -0.011767303934327329], [-0.024780578968991822, 0.013589838332128013, 0.9996005398158148, 0.028759532187619306], [-0.0019438279878464717, -0.9999063619301074, 0.013545807633753792, 0.031534756335095684], [0.0, 0.0, 0.0, 1.0]]}, "Hobj2base": {"type": "ndarray", "data": [[0.9999513436041206, -0.0058101602624084665, -0.007971979806739566, -0.7392889341626525], [-0.005597733685695822, -0.9996353879800781, 0.0264150804561133, 0.1079203149095949], [-0.008122548977873885, -0.026369170173595566, -0.9996192730547258, 0.0004597707539575113], [0.0, 0.0, 0.0, 1.0]]}, "mean_rme": {"type": "float", "data": 0.0014541224315274223}, "max_rme": {"type": "float", "data": 0.005017426315667234}, "simu": {"type": "float", "data": 0.002}}, {"type": "dict", "image_number": {"type": "int", "data": 6}, "Hcamera2end": {"type": "ndarray", "data": [[0.9999246396191848, -0.0018650380714049005, 0.012134113706224452, -0.01249438377390795], [-0.012122527557856103, 0.0061028773227354005, 0.9999078953653646, 0.027407514230550597], [-0.001938919300123963, -0.9999796380533836, 0.006079808432159273, 0.03199550226125528], [0.0, 0.0, 0.0, 1.0]]}, "Hobj2base": {"type": "ndarray", "data": [[0.9999910254781817, -0.003243001339924511, -0.0027261521241075557, -0.7356702645537659], [-0.0032061217433368592, -0.9999047364157962, 0.013425307319543398, 0.09973418119089829], [-0.0027694307107113056, -0.013416446458229198, -0.9999061602060326, 0.0008262586175128428], [0.0, 0.0, 0.0, 1.0]]}, "mean_rme": {"type": "float", "data": 0.0014147873918839901}, "max_rme": {"type": "float", "data": 0.004944892390157218}, "simu": {"type": "float", "data": 0.002}}, {"type": "dict", "image_number": {"type": "int", "data": 7}, "Hcamera2end": {"type": "ndarray", "data": [[0.9999682848219417, -0.0018041013391894762, 0.007757226864168987, -0.011471027252902987], [-0.007744042671174628, 0.007203541126605928, 0.9999440678349686, 0.0283394217146162], [-0.0018598799346400924, -0.9999724267266549, 0.007189341627262591, 0.03236371378393328], [0.0, 0.0, 0.0, 1.0]]}, "Hobj2base": {"type": "ndarray", "data": [[0.9999885098414276, -0.003495308422196033, -0.0032807017777921115, -0.7366832497909608], [-0.003467797569368008, -0.9999590898562762, 0.008354220120711076, 0.09763029441071948], [-0.0033097681397596685, -0.00834274731974629, -0.9999597211898186, 0.0005063281721832204], [0.0, 0.0, 0.0, 1.0]]}, "mean_rme": {"type": "float", "data": 0.001554382546146605}, "max_rme": {"type": "float", "data": 0.004945436767390704}, "simu": {"type": "float", "data": 0.002}}, {"type": "dict", "image_number": {"type": "int", "data": 8}, "Hcamera2end": {"type": "ndarray", "data": [[0.9999952450880424, -0.0014650668721853054, 0.002713554931466893, -0.011399609097423385], [-0.0027008197261230234, 0.00862568192685953, 0.9999591507577216, 0.027472116729971192], [-0.0014884132870435843, -0.9999617248626854, 0.008621684030992838, 0.03311770099243768], [0.0, 0.0, 0.0, 1.0]]}, "Hobj2base": {"type": "ndarray", "data": [[0.9999853468314351, -0.0030201511130494335, -0.004492750790850253, -0.7383060523059762], [-0.003004510169619594, -0.9999894170711967, 0.0034840585886675656, 0.09501359606516259], [-0.004503225627812995, -0.0034705090207291004, -0.9999838381324382, 0.0012735219613260948], [0.0, 0.0, 0.0, 1.0]]}, "mean_rme": {"type": "float", "data": 0.001781216152805686}, "max_rme": {"type": "float", "data": 0.005145602792572895}, "simu": {"type": "float", "data": 0.002}}, {"type": "dict", "image_number": {"type": "int", "data": 9}, "Hcamera2end": {"type": "ndarray", "data": [[0.9999921482796726, -0.00031030666895243077, 0.0039505808150601986, -0.011285843479522911], [-0.003948296153788883, 0.007047126481031896, 0.9999673739506915, 0.028061052948949214], [-0.00033813678754901575, -0.999975120549572, 0.007045845966338171, 0.03264694288470121], [0.0, 0.0, 0.0, 1.0]]}, "Hobj2base": {"type": "ndarray", "data": [[0.9999884947564344, -0.0017183855604189617, -0.004478560686913927, -0.7378020233227496], [-0.0016949022181461713, -0.9999848240812887, 0.005242033344473468, 0.0956320986933521], [-0.004487500555047377, -0.005234382311160708, -0.9999762315078238, 0.0003269012915225744], [0.0, 0.0, 0.0, 1.0]]}, "mean_rme": {"type": "float", "data": 0.0017728179684912253}, "max_rme": {"type": "float", "data": 0.004718737051398081}, "simu": {"type": "float", "data": 0.002}}, {"type": "dict", "image_number": {"type": "int", "data": 10}, "Hcamera2end": {"type": "ndarray", "data": [[0.9999904212593188, -0.0006056328120220462, 0.004334812395837209, -0.011409127169442477], [-0.004330266093804905, 0.007316499932149445, 0.9999638581590337, 0.027992492370462037], [-0.0006373265779372943, -0.9999730506556864, 0.007313807298062747, 0.032643768329859206], [0.0, 0.0, 0.0, 1.0]]}, "Hobj2base": {"type": "ndarray", "data": [[0.9999869530747121, -0.002747164807296594, -0.0043065956247444505, -0.7377275692407899], [-0.002723109639721618, -0.9999807149924833, 0.005581605236146033, 0.09581258139822299], [-0.004321846161488419, -0.005569805081299405, -0.9999751491497741, 0.00048179623618187505], [0.0, 0.0, 0.0, 1.0]]}, "mean_rme": {"type": "float", "data": 0.001684455232488948}, "max_rme": {"type": "float", "data": 0.004685157746996016}, "simu": {"type": "float", "data": 0.002}}, {"type": "dict", "image_number": {"type": "int", "data": 11}, "Hcamera2end": {"type": "ndarray", "data": [[0.9999943910193166, -0.0019674497127679788, 0.002710548198007393, -0.01184556147367662], [-0.0026990983732281875, 0.005799137893829243, 0.9999795422245696, 0.027932436435071362], [-0.0019831283058916994, -0.9999812493948654, 0.005793795026257653, 0.03320300933217129], [0.0, 0.0, 0.0, 1.0]]}, "Hobj2base": {"type": "ndarray", "data": [[0.9999905579759024, -0.0033182425465820816, -0.002805926842490718, -0.7379165680299805], [-0.003305998250383904, -0.9999850426431496, 0.004357162556877785, 0.09464804732787843], [-0.0028203429954202445, -0.004347845027211946, -0.999986570864333, 0.0004997172316910457], [0.0, 0.0, 0.0, 1.0]]}, "mean_rme": {"type": "float", "data": 0.0018406498297995628}, "max_rme": {"type": "float", "data": 0.0072025864298486675}, "simu": {"type": "float", "data": 0.002}}, {"type": "dict", "image_number": {"type": "int", "data": 12}, "Hcamera2end": {"type": "ndarray", "data": [[0.9999928947177569, -0.0024870523477460394, 0.002832858030462357, -0.011525743493004092], [-0.0028219749430756147, 0.004368555710818733, 0.9999864759977617, 0.028244027369090423], [-0.0024993942109714368, -0.9999873650659896, 0.004361506271590043, 0.03359621859098112], [0.0, 0.0, 0.0, 1.0]]}, "Hobj2base": {"type": "ndarray", "data": [[0.9999918750079143, -0.003611393868075316, -0.0017910199567902506, -0.7380948470242994], [-0.0036034066004391294, -0.999983637589879, 0.004442973484772586, 0.09500615368938505], [-0.0018070359785861106, -0.004436483612514369, -0.9999885260512387, 0.00014252149743287], [0.0, 0.0, 0.0, 1.0]]}, "mean_rme": {"type": "float", "data": 0.0019940204100792665}, "max_rme": {"type": "float", "data": 0.006722240091930565}, "simu": {"type": "float", "data": 0.002}}, {"type": "dict", "image_number": {"type": "int", "data": 13}, "Hcamera2end": {"type": "ndarray", "data": [[0.9999954810130566, -0.0019436367916118961, 0.0022935190184358123, -0.01204410589298567], [-0.0022879603915546554, 0.002857324275734041, 0.999993300445173, 0.02833181205531832], [-0.001950177097678881, -0.9999940289691761, 0.0028528643995282543, 0.0337738406732562], [0.0, 0.0, 0.0, 1.0]]}, "Hobj2base": {"type": "ndarray", "data": [[0.9999964429821803, -0.0026261285540562724, -0.0004663387229954454, -0.7372630175355736], [-0.0026239548616172545, -0.9999859673066185, 0.004602178911187617, 0.09432392716082547], [-0.0004784180924566792, -0.004600938889395856, -0.9999893011815, 1.8139720294715248e-05], [0.0, 0.0, 0.0, 1.0]]}, "mean_rme": {"type": "float", "data": 0.0019613674056745403}, "max_rme": {"type": "float", "data": 0.006682143638871457}, "simu": {"type": "float", "data": 0.002}}, {"type": "dict", "image_number": {"type": "int", "data": 14}, "Hcamera2end": {"type": "ndarray", "data": [[0.9999959773222855, -0.001924472320629897, 0.002083685565073528, -0.011952628704908309], [-0.0020784011750295045, 0.00274382053740585, 0.9999940758311592, 0.028309507463051747], [-0.0019301781789778849, -0.9999943839118026, 0.0027398096743675993, 0.03393631084355655], [0.0, 0.0, 0.0, 1.0]]}, "Hobj2base": {"type": "ndarray", "data": [[0.9999964235479418, -0.0026231216515261386, -0.0005216551798891816, -0.7373418390489751], [-0.002620853895190548, -0.9999873144094047, 0.004301411992155748, 0.09429402103330185], [-0.0005329316893138955, -0.004300029426351817, -0.9999906128213139, 9.406351424452135e-05], [0.0, 0.0, 0.0, 1.0]]}, "mean_rme": {"type": "float", "data": 0.00185443500853409}, "max_rme": {"type": "float", "data": 0.006686985259010597}, "simu": {"type": "float", "data": 0.002}}, {"type": "dict", "image_number": {"type": "int", "data": 15}, "Hcamera2end": {"type": "ndarray", "data": [[0.9999964123222238, -0.0016955661538514727, 0.0020737401232714175, -0.011824719244816378], [-0.0020687294278023227, 0.0029516080600719974, 0.9999935041631092, 0.028340145813558343], [-0.001701676007792642, -0.9999942065158565, 0.0029480898030540548, 0.03392452252630843], [0.0, 0.0, 0.0, 1.0]]}, "Hobj2base": {"type": "ndarray", "data": [[0.9999966391334322, -0.002541570346632373, -0.0005119980599163265, -0.7374033585028755], [-0.0025393486391773173, -0.9999875557678743, 0.004294184192812741, 0.09441856112710591], [-0.0005229056597010511, -0.004292869619055941, -0.999990648876331, 5.1281974253314375e-05], [0.0, 0.0, 0.0, 1.0]]}, "mean_rme": {"type": "float", "data": 0.001779854029500089}, "max_rme": {"type": "float", "data": 0.006815736474943629}, "simu": {"type": "float", "data": 0.002}}, {"type": "dict", "image_number": {"type": "int", "data": 16}, "Hcamera2end": {"type": "ndarray", "data": [[0.9999924695333486, -0.0021051302809609587, 0.003260261200421638, -0.011736176750434257], [-0.003255371322786896, 0.0023221018218235745, 0.9999920051683814, 0.028436291587190615], [-0.0021126841092719466, -0.9999950881227514, 0.0023152313545657943, 0.03365511678347114], [0.0, 0.0, 0.0, 1.0]]}, "Hobj2base": {"type": "ndarray", "data": [[0.9999961128550047, -0.0027604586733534155, 0.0003926102310731994, -0.7366377506141054], [-0.002762425779493463, -0.999983172775256, 0.005101291027292015, 0.09509374245579787], [0.00037852172147101617, -0.005102355754457737, -0.999986911257873, -0.00022309358394550713], [0.0, 0.0, 0.0, 1.0]]}, "mean_rme": {"type": "float", "data": 0.0017759618595942675}, "max_rme": {"type": "float", "data": 0.007337944265734475}, "simu": {"type": "float", "data": 0.002}}, {"type": "dict", "image_number": {"type": "int", "data": 17}, "Hcamera2end": {"type": "ndarray", "data": [[0.9999956931182817, -0.001483054710325052, 0.0025326455759758478, -0.0117818425043821], [-0.002529402071477079, 0.0021848497019828494, 0.9999944142628702, 0.028433374493360485], [-0.0014885798763031898, -0.9999965134841752, 0.002181089050437235, 0.032977034884413496], [0.0, 0.0, 0.0, 1.0]]}, "Hobj2base": {"type": "ndarray", "data": [[0.9999963983450193, -0.0025774529395949652, 0.000748353749077419, -0.7358542376586575], [-0.0025806778123573255, -0.9999872487564023, 0.004340786406913745, 0.09476986468423972], [0.0007371560339518135, -0.0043427020328148, -0.9999902987229607, -0.0004855513948327081], [0.0, 0.0, 0.0, 1.0]]}, "mean_rme": {"type": "float", "data": 0.0018240105171938494}, "max_rme": {"type": "float", "data": 0.007389006223586431}, "simu": {"type": "float", "data": 0.002}}, {"type": "dict", "image_number": {"type": "int", "data": 18}, "Hcamera2end": {"type": "ndarray", "data": [[0.9999970216836749, -0.0016233654177024589, 0.0018224457469534026, -0.011909553003468439], [-0.001820314734187109, 0.0013132245976326118, 0.9999974809445394, 0.028334723499205287], [-0.001625754608937689, -0.9999978200605623, 0.0013102656504455634, 0.033208242370542866], [0.0, 0.0, 0.0, 1.0]]}, "Hobj2base": {"type": "ndarray", "data": [[0.9999958817645075, -0.0025895230905275254, 0.0012372648013791294, -0.7357257733847677], [-0.0025940015423981623, -0.9999900403620565, 0.003631849761535695, 0.0942631737999971], [0.001227847719850844, -0.003635044271526236, -0.9999926393944711, -0.0004088962866024744], [0.0, 0.0, 0.0, 1.0]]}, "mean_rme": {"type": "float", "data": 0.0018499380540577656}, "max_rme": {"type": "float", "data": 0.0070564544761418935}, "simu": {"type": "float", "data": 0.002}}, {"type": "dict", "image_number": {"type": "int", "data": 19}, "Hcamera2end": {"type": "ndarray", "data": [[0.9999978661520376, -0.0011886811150125312, 0.0016895942052370825, -0.011806562866466027], [-0.0016883946552485826, 0.0010094244022792465, 0.9999980651910604, 0.028428211448574128], [-0.0011903843327623997, -0.9999987840490522, 0.0010074152854797624, 0.03310769963019382], [0.0, 0.0, 0.0, 1.0]]}, "Hobj2base": {"type": "ndarray", "data": [[0.999997429125046, -0.0019911169131128876, 0.001084986975452496, -0.7356301099804928], [-0.0019952105038494317, -0.9999908463728724, 0.003785010635643254, 0.0942485629238079], [0.0010774406451933428, -0.003787165682264173, -0.9999922482188306, -0.0005736529768375119], [0.0, 0.0, 0.0, 1.0]]}, "mean_rme": {"type": "float", "data": 0.0018256991152989883}, "max_rme": {"type": "float", "data": 0.007028853081778169}, "simu": {"type": "float", "data": 0.002}}, {"type": "dict", "image_number": {"type": "int", "data": 20}, "Hcamera2end": {"type": "ndarray", "data": [[0.9999992281688125, -0.0008328638281023278, 0.0009219542413482867, -0.011568834603253062], [-0.0009214016994757061, 0.0006635642984130774, 0.9999993553504574, 0.028651597348699483], [-0.0008334750671163711, -0.9999994330099722, 0.000662796384106823, 0.033328531070576775], [0.0, 0.0, 0.0, 1.0]]}, "Hobj2base": {"type": "ndarray", "data": [[0.9999979514461047, -0.0015835291187942596, 0.0012607692588419558, -0.7356468753762241], [-0.0015875117457090561, -0.9999937338747695, 0.0031641772475118853, 0.09390150386545833], [0.001255750791895432, -0.0031661722515312998, -0.9999941992047865, -0.0006948518087380396], [0.0, 0.0, 0.0, 1.0]]}, "mean_rme": {"type": "float", "data": 0.001793723055897203}, "max_rme": {"type": "float", "data": 0.00703991711405158}, "simu": {"type": "float", "data": 0.002}}, {"type": "dict", "image_number": {"type": "int", "data": 21}, "Hcamera2end": {"type": "ndarray", "data": [[0.9999997047058031, -0.0006787322468236153, -0.000360431468872042, -0.011866358948787303], [0.0003608723994095864, 0.0006496280373008423, 0.9999997238772241, 0.028551431584714307], [-0.0006784979130224785, -0.9999995586528777, 0.0006498727812039862, 0.03313165077306696], [0.0, 0.0, 0.0, 1.0]]}, "Hobj2base": {"type": "ndarray", "data": [[0.9999987154353439, -0.001034983581277333, 0.0012239022218212328, -0.7351386652988597], [-0.001037677971657073, -0.9999970352385708, 0.002202893210442384, 0.09304031173265093], [0.0012216186349390168, -0.002204160397058671, -0.9999968246573865, -0.0004201321173354023], [0.0, 0.0, 0.0, 1.0]]}, "mean_rme": {"type": "float", "data": 0.0018453817209057495}, "max_rme": {"type": "float", "data": 0.007170565565498888}, "simu": {"type": "float", "data": 0.002}}, {"type": "dict", "image_number": {"type": "int", "data": 22}, "Hcamera2end": {"type": "ndarray", "data": [[0.9999995681121657, -0.0008488494249521465, -0.000378457574693964, -0.011914571013889517], [0.00037978324485871075, 0.0015621088368061864, 0.9999987077894995, 0.028744983145110294], [-0.0008482571361382206, -0.9999984196340691, 0.001562430540939408, 0.03276056540488512], [0.0, 0.0, 0.0, 1.0]]}, "Hobj2base": {"type": "ndarray", "data": [[0.9999993840531971, -0.0009563740005967893, 0.0005632423966527436, -0.7353059305274209], [-0.0009577094224519626, -0.9999967199473379, 0.002375476210872488, 0.09307591529358601], [0.0005609687055009061, -0.002376014170255909, -0.9999970199309469, -0.00033478027355653264], [0.0, 0.0, 0.0, 1.0]]}, "mean_rme": {"type": "float", "data": 0.0018584516966230577}, "max_rme": {"type": "float", "data": 0.0071619153606695685}, "simu": {"type": "float", "data": 0.002}}, {"type": "dict", "image_number": {"type": "int", "data": 23}, "Hcamera2end": {"type": "ndarray", "data": [[0.9999996856579659, -0.00043823713307391594, -0.0006607814953482031, -0.011842434489761473], [0.0006614256386145237, 0.0014713384307322164, 0.999998698838827, 0.02863104396881753], [-0.0004372643296483512, -0.9999988215550244, 0.001471627829504274, 0.03269833168248951], [0.0, 0.0, 0.0, 1.0]]}, "Hobj2base": {"type": "ndarray", "data": [[0.9999995745505024, -0.0007077239468665154, 0.0005916296385822943, -0.7353223583474416], [-0.0007089376757764657, -0.9999976396230053, 0.0020538149356527104, 0.09290454949391479], [0.0005901747081009126, -0.002054233490399075, -0.9999977159066817, -0.00026512764323610716], [0.0, 0.0, 0.0, 1.0]]}, "mean_rme": {"type": "float", "data": 0.0018310322841375273}, "max_rme": {"type": "float", "data": 0.007100201501606229}, "simu": {"type": "float", "data": 0.002}}, {"type": "dict", "image_number": {"type": "int", "data": 24}, "Hcamera2end": {"type": "ndarray", "data": [[0.9999996008488696, 0.0006631217833541834, 0.0005988084851128327, -0.01294462577712917], [-0.0006007516363660014, 0.0029339963563087545, 0.9999955153713702, 0.027789809803775548], [0.0006613619075858011, -0.9999954759572072, 0.0029343935566973345, 0.03189180124135181], [0.0, 0.0, 0.0, 1.0]]}, "Hobj2base": {"type": "ndarray", "data": [[0.9999991027488897, -0.0006830002526653288, -0.0011523940604054065, -0.7354520485122541], [-0.00067938254278594, -0.9999948495255333, 0.0031367756958900093, 0.09303079536283139], [-0.0011545305436220705, -0.0031359899650074833, -0.9999944162974927, 0.0012997388489645763], [0.0, 0.0, 0.0, 1.0]]}, "mean_rme": {"type": "float", "data": 0.0018797587777490319}, "max_rme": {"type": "float", "data": 0.006920504103699765}, "simu": {"type": "float", "data": 0.002}}, {"type": "dict", "image_number": {"type": "int", "data": 25}, "Hcamera2end": {"type": "ndarray", "data": [[0.9999995770716176, 0.0008261808969500475, 0.0004040813180305146, -0.013106531962498662], [-0.0004068125771813112, 0.003308394059677755, 0.9999944445007047, 0.027623026793094974], [0.0008248394468704577, -0.9999941859600343, 0.0033087287612438843, 0.03146330510642821], [0.0, 0.0, 0.0, 1.0]]}, "Hobj2base": {"type": "ndarray", "data": [[0.9999982946053371, -0.0007998654225458948, -0.001664632609080714, -0.7354757108507307], [-0.0007953759855956937, -0.9999960498221256, 0.0026958703950569845, 0.09271426420284323], [-0.0016667823669984832, -0.0026945417887318988, -0.9999949806279482, 0.00150064117792857], [0.0, 0.0, 0.0, 1.0]]}, "mean_rme": {"type": "float", "data": 0.0019518308310096457}, "max_rme": {"type": "float", "data": 0.006816960860974164}, "simu": {"type": "float", "data": 0.002}}, {"type": "dict", "image_number": {"type": "int", "data": 26}, "Hcamera2end": {"type": "ndarray", "data": [[0.9999996673511873, 0.0005387431380203786, 0.0006124159910397086, -0.013317046308268776], [-0.0006141700137275364, 0.0032616497993587235, 0.9999944922027225, 0.027769227379925404], [0.000536742684238091, -0.9999945356832795, 0.0032619795942552265, 0.03164234953958349], [0.0, 0.0, 0.0, 1.0]]}, "Hobj2base": {"type": "ndarray", "data": [[0.9999978192181145, -0.0013036843319750458, -0.001631553302133463, -0.7355906799600949], [-0.001298772785441668, -0.9999946331568428, 0.0030077976599284474, 0.09276547208385114], [-0.001635465764525788, -0.0030056720835509873, -0.9999941455763923, 0.001343658401990223], [0.0, 0.0, 0.0, 1.0]]}, "mean_rme": {"type": "float", "data": 0.0019583478466492937}, "max_rme": {"type": "float", "data": 0.006887189666183069}, "simu": {"type": "float", "data": 0.002}}, {"type": "dict", "image_number": {"type": "int", "data": 27}, "Hcamera2end": {"type": "ndarray", "data": [[0.9999994369063884, 0.0006362134748367433, 0.0008493640683613461, -0.01349282744990768], [-0.000851535193161424, 0.0034201112120608723, 0.9999937888442667, 0.027251209658043674], [0.0006333046036424473, -0.9999939490175485, 0.0034206510443822724, 0.03153393394786967], [0.0, 0.0, 0.0, 1.0]]}, "Hobj2base": {"type": "ndarray", "data": [[0.9999973214483266, -0.0013129189838772231, -0.0019061321868925779, -0.735570086014589], [-0.001306727144805955, -0.9999938779614956, 0.003245998105179891, 0.09305575947108673], [-0.001910382250011855, -0.0032434986159360336, -0.9999929150530955, 0.0018781973201999049], [0.0, 0.0, 0.0, 1.0]]}, "mean_rme": {"type": "float", "data": 0.0019338738884381922}, "max_rme": {"type": "float", "data": 0.0068537030478672545}, "simu": {"type": "float", "data": 0.002}}, {"type": "dict", "image_number": {"type": "int", "data": 28}, "Hcamera2end": {"type": "ndarray", "data": [[0.9999999487623251, 0.00031036071180924314, -7.843198184658149e-05, -0.013532335935499419], [7.752637430564524e-05, 0.0029168563890050736, 0.9999957429601722, 0.027260978543725927], [0.0003105881654186836, -0.9999956978032627, 0.0029168321784114326, 0.03195151895511726], [0.0, 0.0, 0.0, 1.0]]}, "Hobj2base": {"type": "ndarray", "data": [[0.999997921349508, -0.0013509610870255189, -0.001527154479597395, -0.735831504094124], [-0.001347323316057486, -0.9999962587662792, 0.002380582560377743, 0.09259733732418071], [-0.0015303648405590809, -0.0023785200411410496, -0.9999960003049355, 0.0018722580096475086], [0.0, 0.0, 0.0, 1.0]]}, "mean_rme": {"type": "float", "data": 0.001944072258773696}, "max_rme": {"type": "float", "data": 0.006530745154972595}, "simu": {"type": "float", "data": 0.002}}, {"type": "dict", "image_number": {"type": "int", "data": 29}, "Hcamera2end": {"type": "ndarray", "data": [[0.9999999164443604, -1.9288558128657097e-05, -0.00040833714487496184, -0.013290257418455735], [0.0004083829930159402, 0.002439974137718459, 0.9999969398700866, 0.02859925869974991], [-1.8292167030198802e-05, -0.9999970230726482, 0.0024399818109639426, 0.0321986077658394], [0.0, 0.0, 0.0, 1.0]]}, "Hobj2base": {"type": "ndarray", "data": [[0.9999985250499777, -0.0013767803442894695, -0.001026827031558572, -0.7358013669201123], [-0.0013747659438864707, -0.9999971343925942, 0.0019599043853112184, 0.0920046612177716], [-0.001029522446909809, -0.0019584898477169525, -0.9999975521975282, 0.0004937967489404943], [0.0, 0.0, 0.0, 1.0]]}, "mean_rme": {"type": "float", "data": 0.0019418235683351462}, "max_rme": {"type": "float", "data": 0.006545609782958095}, "simu": {"type": "float", "data": 0.002}}, {"type": "dict", "image_number": {"type": "int", "data": 30}, "Hcamera2end": {"type": "ndarray", "data": [[0.9999999709274627, 0.00024112567036220408, 1.8667769295872735e-06, -0.01348907545757504], [-2.2837857881293806e-06, 0.001729436700981024, 0.9999985045206224, 0.028426445940965953], [0.00024112208129120215, -0.999998475452392, 0.0017294372013813009, 0.032600255604610634], [0.0, 0.0, 0.0, 1.0]]}, "Hobj2base": {"type": "ndarray", "data": [[0.9999992012411519, -0.0011017363310094938, -0.0006194304764305361, -0.7357521616296598], [-0.0011002223750880434, -0.9999964199963398, 0.0024391607633130483, 0.09205140620580138], [-0.0006221155708972781, -0.0024384773037418265, -0.9999968333953142, 0.0005554061753420843], [0.0, 0.0, 0.0, 1.0]]}, "mean_rme": {"type": "float", "data": 0.0019436323687622116}, "max_rme": {"type": "float", "data": 0.006526251178672338}, "simu": {"type": "float", "data": 0.002}}]}