{"type": "list", "data": [{"type": "dict", "image_number": {"type": "int", "data": 5}, "Hcamera2end": {"type": "ndarray", "data": [[0.9999733290411819, 0.003998552446040223, -0.006111692452378915, -0.015059883090966824], [0.006070323319294989, 0.010277626046649613, 0.9999287582511288, 0.024191852094452983], [0.004061081271708694, -0.9999391891416104, 0.010253079426351897, 0.03684521857071927], [0.0, 0.0, 0.0, 1.0]]}, "Hobj2base": {"type": "ndarray", "data": [[0.9999679138397831, 0.001540814585238298, -0.007861118325403127, -0.7446143098919906], [0.0015189230904965132, -0.9999949543960651, -0.002789991945600793, 0.08922143767417397], [-0.007865377521596053, 0.002777961991330643, -0.999965208776594, 0.006695787721011004], [0.0, 0.0, 0.0, 1.0]]}, "mean_rme": {"type": "float", "data": 0.0016451497475078484}, "max_rme": {"type": "float", "data": 0.005102591989144423}, "simu": {"type": "float", "data": 0.002}}, {"type": "dict", "image_number": {"type": "int", "data": 6}, "Hcamera2end": {"type": "ndarray", "data": [[0.9999848023886025, 0.004122950616404507, -0.0036600915346783193, -0.014142260072336633], [0.0035999000468202196, 0.014513148257602304, 0.9998881983738509, 0.02503079627136955], [0.0041756091149002415, -0.9998861784252581, 0.014498085482297807, 0.03680669050431377], [0.0, 0.0, 0.0, 1.0]]}, "Hobj2base": {"type": "ndarray", "data": [[0.9999179178885433, 0.0003825977793924364, -0.012806682020706157, -0.747339501527167], [0.0003808554384437199, -0.9999999178851102, -0.00013848793523737357, 0.09122825079206383], [-0.012806733954263365, 0.00013359907335923268, -0.9999179814948389, 0.006319872965082694], [0.0, 0.0, 0.0, 1.0]]}, "mean_rme": {"type": "float", "data": 0.0015439307408751175}, "max_rme": {"type": "float", "data": 0.00514410111262853}, "simu": {"type": "float", "data": 0.002}}, {"type": "dict", "image_number": {"type": "int", "data": 7}, "Hcamera2end": {"type": "ndarray", "data": [[0.9999599903614744, 0.004709588643236758, -0.0076050937595505165, -0.014828381658161983], [0.00762124390977173, -0.0034208069220742487, 0.9999651067518655, 0.024087399699965248], [0.004683408753015924, -0.9999830587839044, -0.003456562980590716, 0.03287285281237123], [0.0, 0.0, 0.0, 1.0]]}, "Hobj2base": {"type": "ndarray", "data": [[0.9999659116703948, 0.007752020791894272, 0.002842827964940699, -0.7337363417143291], [0.007764665539200739, -0.9999598895652444, -0.004464216586089365, 0.08674229535003379], [0.0028081072380802077, 0.004486138016736201, -0.9999859944516389, 0.004697668905328816], [0.0, 0.0, 0.0, 1.0]]}, "mean_rme": {"type": "float", "data": 0.0018035343890843653}, "max_rme": {"type": "float", "data": 0.005588112145065549}, "simu": {"type": "float", "data": 0.002}}, {"type": "dict", "image_number": {"type": "int", "data": 8}, "Hcamera2end": {"type": "ndarray", "data": [[0.9999430981940922, 0.005071437357425719, -0.009385142360657751, -0.01462730453595335], [0.009409598346817203, -0.004820149635354376, 0.9999441112464458, 0.02349701662559115], [0.005025916130585612, -0.9999755230407505, -0.004867595548709636, 0.03363583703119507], [0.0, 0.0, 0.0, 1.0]]}, "Hobj2base": {"type": "ndarray", "data": [[0.9999516485866847, 0.00867389423881602, 0.0046329307684492005, -0.733208358266571], [0.008704214596447903, -0.9999405672007431, -0.0065649611206254664, 0.08570920104992745], [0.004575711641962623, 0.006604969719095992, -0.9999677180979292, 0.005038022843945084], [0.0, 0.0, 0.0, 1.0]]}, "mean_rme": {"type": "float", "data": 0.0018322778508229618}, "max_rme": {"type": "float", "data": 0.005415002696205262}, "simu": {"type": "float", "data": 0.002}}, {"type": "dict", "image_number": {"type": "int", "data": 9}, "Hcamera2end": {"type": "ndarray", "data": [[0.9999603706563143, 0.004603331951340236, -0.00762013463347533, -0.014490094397857887], [0.007625398598705268, -0.0011270448500475538, 0.999970291091749, 0.023534797600490202], [0.004594606957878318, -0.9999887694893639, -0.0011621024270109803, 0.03587757201745779], [0.0, 0.0, 0.0, 1.0]]}, "Hobj2base": {"type": "ndarray", "data": [[0.999972288752898, 0.007293545514439229, 0.0014919517818971907, -0.7374287843057257], [0.007299732410664379, -0.9999646021047564, -0.004184309286908982, 0.08691883672297343], [0.0014613805197137455, 0.004195084183257845, -0.9999901327691545, 0.005165367378870152], [0.0, 0.0, 0.0, 1.0]]}, "mean_rme": {"type": "float", "data": 0.0018601055435235117}, "max_rme": {"type": "float", "data": 0.007002767511526509}, "simu": {"type": "float", "data": 0.002}}, {"type": "dict", "image_number": {"type": "int", "data": 10}, "Hcamera2end": {"type": "ndarray", "data": [[0.9999682516099316, 0.00507165657636782, -0.006146061482592449, -0.013656284042841804], [0.0061516339648342135, -0.0010838826584298467, 0.9999804911086743, 0.025996761056966886], [0.005064896024512205, -0.999986551658548, -0.0011150472217535956, 0.035592685880490464], [0.0, 0.0, 0.0, 1.0]]}, "Hobj2base": {"type": "ndarray", "data": [[0.9999711093292443, 0.0074598071514768004, 0.0014600630477525085, -0.737587473178893], [0.0074649440859023645, -0.9999658530309727, -0.003545050328812026, 0.08705561714024293], [0.0014335677992296217, 0.003555847198943528, -0.9999926503900232, 0.0022809364322089244], [0.0, 0.0, 0.0, 1.0]]}, "mean_rme": {"type": "float", "data": 0.0019498396437514361}, "max_rme": {"type": "float", "data": 0.00687331243441669}, "simu": {"type": "float", "data": 0.002}}, {"type": "dict", "image_number": {"type": "int", "data": 11}, "Hcamera2end": {"type": "ndarray", "data": [[0.9999674984357853, 0.004795308362195786, -0.006481287664440784, -0.01361865629115549], [0.006479828774421113, 0.0003197069021733112, 0.9999789545818207, 0.025968171195174895], [0.004797279555327298, -0.9999884513359183, 0.00028862373409133113, 0.03621459254103538], [0.0, 0.0, 0.0, 1.0]]}, "Hobj2base": {"type": "ndarray", "data": [[0.9999793138559415, 0.006414765502078942, 0.0004718514107281385, -0.7389143954499748], [0.006416348700062732, -0.9999735186906542, -0.003434004483304271, 0.08707439030428625], [0.000449810581991481, 0.0034369610101786796, -0.9999939924666823, 0.002557595950221506], [0.0, 0.0, 0.0, 1.0]]}, "mean_rme": {"type": "float", "data": 0.0018717252218896161}, "max_rme": {"type": "float", "data": 0.007412967821925964}, "simu": {"type": "float", "data": 0.002}}, {"type": "dict", "image_number": {"type": "int", "data": 12}, "Hcamera2end": {"type": "ndarray", "data": [[0.9999801497566287, 0.006103649402609264, 0.0015638275737084651, -0.016185139659458777], [-0.0015381924667565517, -0.004202400876482715, 0.9999899868452725, 0.027355757148135575], [0.006110160116189815, -0.9999725422684581, -0.004192928870271784, 0.03555319013956292], [0.0, 0.0, 0.0, 1.0]]}, "Hobj2base": {"type": "ndarray", "data": [[0.9999684785868517, 0.007706008345366662, 0.001912921346631692, -0.736710251145743], [0.007697420703707314, -0.9999604426853028, 0.004456767788889599, 0.08912470875811566], [0.0019471895663745362, -0.004441902744892693, -0.9999882389072374, 0.0011210505133415667], [0.0, 0.0, 0.0, 1.0]]}, "mean_rme": {"type": "float", "data": 0.0022389876066973425}, "max_rme": {"type": "float", "data": 0.0064573593488856385}, "simu": {"type": "float", "data": 0.002}}, {"type": "dict", "image_number": {"type": "int", "data": 13}, "Hcamera2end": {"type": "ndarray", "data": [[0.9999785237316388, 0.006515555349688001, 0.000706833769428795, -0.01568080240685976], [-0.0006817421287951663, -0.0038524532575230364, 0.9999923468864993, 0.02800465764339413], [0.006518228529460952, -0.9999713526608569, -0.0038479285926285023, 0.0354473149783994], [0.0, 0.0, 0.0, 1.0]]}, "Hobj2base": {"type": "ndarray", "data": [[0.9999648414301883, 0.008316871819702547, 0.0010703021223620267, -0.7370669947391988], [0.008313333777828934, -0.9999601012526314, 0.003268697649831985, 0.08855335442341385], [0.0010974447580190537, -0.003259684948311156, -0.999994085017027, 0.0007525207120098016], [0.0, 0.0, 0.0, 1.0]]}, "mean_rme": {"type": "float", "data": 0.0022244718100108904}, "max_rme": {"type": "float", "data": 0.0061654433230732275}, "simu": {"type": "float", "data": 0.002}}, {"type": "dict", "image_number": {"type": "int", "data": 14}, "Hcamera2end": {"type": "ndarray", "data": [[0.9999685414306029, 0.007275999586248836, 0.0031584773505086263, -0.01563025777264903], [-0.0031392012384020927, -0.0026591723507585208, 0.9999915370731864, 0.02803953103094275], [0.007284336945637811, -0.9999699938660309, -0.0026362478700889813, 0.034130250272474696], [0.0, 0.0, 0.0, 1.0]]}, "Hobj2base": {"type": "ndarray", "data": [[0.9999656799964591, 0.008274486848573811, -0.00041436289867327776, -0.7361669956914618], [0.008276556236566769, -0.9999518622142223, 0.005269902387360966, 0.08980653645804572], [-0.00037073721416334114, -0.005273151022125588, -0.9999860281185013, 0.000801212747898917], [0.0, 0.0, 0.0, 1.0]]}, "mean_rme": {"type": "float", "data": 0.0022752560031819072}, "max_rme": {"type": "float", "data": 0.006571237865267199}, "simu": {"type": "float", "data": 0.002}}, {"type": "dict", "image_number": {"type": "int", "data": 15}, "Hcamera2end": {"type": "ndarray", "data": [[0.999961041616138, 0.007357347659810617, 0.004876954519072524, -0.016638490840815253], [-0.004851026411198066, -0.0035378498015865567, 0.9999819754183268, 0.028728865064501796], [0.007374468979274473, -0.9999666759718515, -0.003502021284861989, 0.03453335663708353], [0.0, 0.0, 0.0, 1.0]]}, "Hobj2base": {"type": "ndarray", "data": [[0.9999667057321003, 0.008158605831275, -0.00015677429922791183, -0.7361068279640156], [0.008159439242410117, -0.9999464085768939, 0.006372089564737417, 0.08946240698808573], [-0.0001047785303898365, -0.00637315660104969, -0.9999796857418646, 0.0005599291388311241], [0.0, 0.0, 0.0, 1.0]]}, "mean_rme": {"type": "float", "data": 0.0022607983320775482}, "max_rme": {"type": "float", "data": 0.006682866877069704}, "simu": {"type": "float", "data": 0.002}}, {"type": "dict", "image_number": {"type": "int", "data": 16}, "Hcamera2end": {"type": "ndarray", "data": [[0.9999559397036928, 0.007072422477365228, 0.006172478562655871, -0.01751543216660163], [-0.006145170257429808, -0.003876484731860197, 0.9999736045259551, 0.02922468185642451], [0.007096163316327159, -0.999967476324318, -0.003832852692538413, 0.03383895034170252], [0.0, 0.0, 0.0, 1.0]]}, "Hobj2base": {"type": "ndarray", "data": [[0.9999690359370015, 0.00785005316375738, 0.0005512100779366359, -0.735175340118782], [0.007845924829540553, -0.9999438009304313, 0.007129968048429621, 0.08957877413812766], [0.0006071497286791828, -0.007125422522813015, -0.9999744295346149, 6.732830079350313e-05], [0.0, 0.0, 0.0, 1.0]]}, "mean_rme": {"type": "float", "data": 0.002292040812930072}, "max_rme": {"type": "float", "data": 0.007153789790043219}, "simu": {"type": "float", "data": 0.002}}, {"type": "dict", "image_number": {"type": "int", "data": 17}, "Hcamera2end": {"type": "ndarray", "data": [[0.9999671017004191, 0.006424520672164173, 0.004951873483499297, -0.017298538749791724], [-0.00492978120035433, -0.003450035013448094, 0.9999818970940038, 0.02928324611565034], [0.006441488506570612, -0.9999734110427831, -0.0034182500319317466, 0.03362404015629177], [0.0, 0.0, 0.0, 1.0]]}, "Hobj2base": {"type": "ndarray", "data": [[0.999974216665848, 0.007180339409790634, -9.343170754557085e-05, -0.7352819489344856], [0.007180766803517085, -0.9999566843224073, 0.005921660835526568, 0.0892931094742364], [-5.0908125819104716e-05, -0.005922179066670449, -0.9999824624479496, 0.00023019031462986078], [0.0, 0.0, 0.0, 1.0]]}, "mean_rme": {"type": "float", "data": 0.002266402658937955}, "max_rme": {"type": "float", "data": 0.0071197914867644485}, "simu": {"type": "float", "data": 0.002}}, {"type": "dict", "image_number": {"type": "int", "data": 18}, "Hcamera2end": {"type": "ndarray", "data": [[0.9999716507400421, 0.005789997677509298, 0.004813901030308865, -0.017127339433925522], [-0.004792289414189841, -0.003740677731014941, 0.9999815204753955, 0.02922268051597349], [0.00580789793348814, -0.999976241346267, -0.0037128243409914052, 0.03375762743558081], [0.0, 0.0, 0.0, 1.0]]}, "Hobj2base": {"type": "ndarray", "data": [[0.9999797368965266, 0.006352024145750815, 0.0004214090710959117, -0.735270682745059], [0.006349544434293741, -0.9999639047524276, 0.005645571517104313, 0.08946675130922634], [0.00045725466682437093, -0.005642781364682558, -0.9999839748399171, 0.0002031827726072213], [0.0, 0.0, 0.0, 1.0]]}, "mean_rme": {"type": "float", "data": 0.0021957196302212125}, "max_rme": {"type": "float", "data": 0.007218626598171685}, "simu": {"type": "float", "data": 0.002}}, {"type": "dict", "image_number": {"type": "int", "data": 19}, "Hcamera2end": {"type": "ndarray", "data": [[0.9999689513736641, 0.005104580681167109, 0.0060032944891880435, -0.017127364288078765], [-0.005986837813580267, -0.0032330952267758395, 0.999976852166213, 0.02957147556801717], [0.005123871743939874, -0.9999817450090395, -0.003202434546965671, 0.03300719157943226], [0.0, 0.0, 0.0, 1.0]]}, "Hobj2base": {"type": "ndarray", "data": [[0.9999851492985681, 0.0054429020074426345, 0.0002756810802012092, -0.7350267841032171], [0.005441026769321787, -0.999964724404498, 0.006398841639848946, 0.09030979416934255], [0.00031049962339377784, -0.006397246624425072, -0.9999794892024587, -0.0002297125537645302], [0.0, 0.0, 0.0, 1.0]]}, "mean_rme": {"type": "float", "data": 0.0022047798523726013}, "max_rme": {"type": "float", "data": 0.007362142646662628}, "simu": {"type": "float", "data": 0.002}}, {"type": "dict", "image_number": {"type": "int", "data": 20}, "Hcamera2end": {"type": "ndarray", "data": [[0.9999688580228842, 0.0049721705391255425, 0.006128662540787961, -0.017159421271689426], [-0.006112868206287883, -0.0031855500718831475, 0.9999762422743014, 0.02966367611837271], [0.0049915755730591, -0.9999825647434407, -0.0031550566443507844, 0.03272961583163542], [0.0, 0.0, 0.0, 1.0]]}, "Hobj2base": {"type": "ndarray", "data": [[0.9999842030412079, 0.005617939368562993, 0.00018007024037739554, -0.7348434560634416], [0.005616633156612753, -0.9999625826686587, 0.006579262467081961, 0.0903535272113673], [0.0002170254002594752, -0.006578147146261263, -0.9999783402054758, -0.0004168662578831556], [0.0, 0.0, 0.0, 1.0]]}, "mean_rme": {"type": "float", "data": 0.0021510872039643054}, "max_rme": {"type": "float", "data": 0.007319242952675831}, "simu": {"type": "float", "data": 0.002}}, {"type": "dict", "image_number": {"type": "int", "data": 21}, "Hcamera2end": {"type": "ndarray", "data": [[0.9999710163062764, 0.004514549081515632, 0.0061306927816697455, -0.017134707067165994], [-0.006115821956458762, -0.0033004487401966376, 0.9999758515883822, 0.029969590831679372], [0.004534674099593939, -0.9999843628200912, -0.0032727429026049304, 0.03282341721079667], [0.0, 0.0, 0.0, 1.0]]}, "Hobj2base": {"type": "ndarray", "data": [[0.9999868895892124, 0.005088257495089191, 0.0005747045813632462, -0.7347436706336661], [0.0050844666108129915, -0.9999664937910624, 0.006415566576129783, 0.09032193099437907], [0.0006073293799077017, -0.006412560399161513, -0.999979254894896, -0.0007954398456454568], [0.0, 0.0, 0.0, 1.0]]}, "mean_rme": {"type": "float", "data": 0.0020842091560460832}, "max_rme": {"type": "float", "data": 0.007315076002348042}, "simu": {"type": "float", "data": 0.002}}, {"type": "dict", "image_number": {"type": "int", "data": 22}, "Hcamera2end": {"type": "ndarray", "data": [[0.9999722623125196, 0.005093711958035822, 0.005434032026960295, -0.017252506437682745], [-0.005406491769417978, -0.005404982803283165, 0.9999707775768467, 0.029743723970226683], [0.005122933957087773, -0.9999724197493574, -0.005377293769782465, 0.03414422544452444], [0.0, 0.0, 0.0, 1.0]]}, "Hobj2base": {"type": "ndarray", "data": [[0.9999776287847004, 0.006232516079590177, 0.002428512599409214, -0.7347898968768376], [0.006219089392649318, -0.9999655488246597, 0.005497644124887917, 0.08961745510895992], [0.002462693089704063, -0.005482417998960657, -0.9999819389547149, -0.000862459532183383], [0.0, 0.0, 0.0, 1.0]]}, "mean_rme": {"type": "float", "data": 0.0021407763717090633}, "max_rme": {"type": "float", "data": 0.007508751087118626}, "simu": {"type": "float", "data": 0.002}}, {"type": "dict", "image_number": {"type": "int", "data": 23}, "Hcamera2end": {"type": "ndarray", "data": [[0.9999732517977054, 0.004921953346930501, 0.005410181547190734, -0.017336791508933493], [-0.005382041880782524, -0.005712567500820942, 0.9999691996245393, 0.029773515727295134], [0.00495270777619944, -0.999971570069769, -0.0056859245408613646, 0.03426633332347819], [0.0, 0.0, 0.0, 1.0]]}, "Hobj2base": {"type": "ndarray", "data": [[0.9999761475099416, 0.006305720499421651, 0.0028182086790669875, -0.7346960350096825], [0.006290244269519452, -0.9999652715082077, 0.005467047150530645, 0.08954234255875529], [0.0028525844782184137, -0.005449189526849027, -0.9999810843687471, -0.0010025546794366939], [0.0, 0.0, 0.0, 1.0]]}, "mean_rme": {"type": "float", "data": 0.0020942261706518098}, "max_rme": {"type": "float", "data": 0.0074934192137582345}, "simu": {"type": "float", "data": 0.002}}, {"type": "dict", "image_number": {"type": "int", "data": 24}, "Hcamera2end": {"type": "ndarray", "data": [[0.9999749482241809, 0.0047229759644608306, 0.005272231224618571, -0.017345556193740036], [-0.0052492015027501655, -0.00487530100022826, 0.9999743383326096, 0.029692143641910456], [0.004748558479185356, -0.999976962203728, -0.004850387012750312, 0.033699710284601565], [0.0, 0.0, 0.0, 1.0]]}, "Hobj2base": {"type": "ndarray", "data": [[0.999980098366712, 0.005974108809501522, 0.002028027226973456, -0.7346670607814185], [0.0059624197503355975, -0.9999658553410045, 0.005721687063600361, 0.08947176536606556], [0.0020621399617672237, -0.005709481243090307, -0.9999815745316074, -0.0007627533524216523], [0.0, 0.0, 0.0, 1.0]]}, "mean_rme": {"type": "float", "data": 0.0020768891542648333}, "max_rme": {"type": "float", "data": 0.007393604801990028}, "simu": {"type": "float", "data": 0.002}}, {"type": "dict", "image_number": {"type": "int", "data": 25}, "Hcamera2end": {"type": "ndarray", "data": [[0.9999740013262739, 0.004322874553898121, 0.005771431981091227, -0.01764051339535065], [-0.005755757490561633, -0.003629648115344164, 0.9999768481871313, 0.029981142050959392], [0.004343722738728398, -0.9999840690781782, -0.0036046723317126883, 0.03334968403691998], [0.0, 0.0, 0.0, 1.0]]}, "Hobj2base": {"type": "ndarray", "data": [[0.9999846934656555, 0.005436964119055133, 0.0010257950901977567, -0.7349500619175466], [0.005430336675264257, -0.9999650520315526, 0.006356583919657779, 0.08967089548160764], [0.001060319759434253, -0.006350916209688092, -0.9999792705777983, -0.0006679422715539007], [0.0, 0.0, 0.0, 1.0]]}, "mean_rme": {"type": "float", "data": 0.0021103533010572665}, "max_rme": {"type": "float", "data": 0.007213335657188902}, "simu": {"type": "float", "data": 0.002}}, {"type": "dict", "image_number": {"type": "int", "data": 26}, "Hcamera2end": {"type": "ndarray", "data": [[0.9999756925385522, 0.00438975077481672, 0.005417049028564025, -0.01757124071768788], [-0.005400856624832989, -0.0036921810941097366, 0.9999785990442426, 0.02992656767801855], [0.0044096575559637325, -0.9999835488081307, -0.003668382932006553, 0.033443048060343206], [0.0, 0.0, 0.0, 1.0]]}, "Hobj2base": {"type": "ndarray", "data": [[0.9999836663666031, 0.005553092504722655, 0.0013528354076373047, -0.7349685415761102], [0.005544819495571472, -0.9999663608916449, 0.006044175864589435, 0.08951889151053065], [0.0013863537671513176, -0.00603657591309411, -0.9999808187032777, -0.000689911247813614], [0.0, 0.0, 0.0, 1.0]]}, "mean_rme": {"type": "float", "data": 0.002071761730997283}, "max_rme": {"type": "float", "data": 0.0072066226759262}, "simu": {"type": "float", "data": 0.002}}, {"type": "dict", "image_number": {"type": "int", "data": 27}, "Hcamera2end": {"type": "ndarray", "data": [[0.9999752979012914, 0.004656557277613055, 0.005264984477085413, -0.01745411260837027], [-0.005249806772091596, -0.0032656654357716697, 0.999980887296411, 0.030093888123855855], [0.004673661956040754, -0.9999838258209889, -0.0032411387410511416, 0.03351740209391542], [0.0, 0.0, 0.0, 1.0]]}, "Hobj2base": {"type": "ndarray", "data": [[0.999984795566246, 0.005459972025359467, 0.0007728789139545383, -0.7352228218934184], [0.0054550369380015305, -0.9999655921219206, 0.006249571526288605, 0.08963165079907147], [0.0008069748065351155, -0.006245260422068117, -0.9999801725603976, -0.000757553373815556], [0.0, 0.0, 0.0, 1.0]]}, "mean_rme": {"type": "float", "data": 0.002069556281143274}, "max_rme": {"type": "float", "data": 0.00716188165553483}, "simu": {"type": "float", "data": 0.002}}, {"type": "dict", "image_number": {"type": "int", "data": 28}, "Hcamera2end": {"type": "ndarray", "data": [[0.9999746192223883, 0.0033274896279777534, 0.006299898714686223, -0.017949905750468214], [-0.006292495833062856, -0.0022305681245358144, 0.9999777142826898, 0.02995658935584914], [0.003341467825745334, -0.9999919761571177, -0.0022095732963636205, 0.03343777820987684], [0.0, 0.0, 0.0, 1.0]]}, "Hobj2base": {"type": "ndarray", "data": [[0.9999921593907517, 0.00392304401293998, 0.0005393354188090309, -0.7354162853015117], [0.003919342187739843, -0.9999698641863415, 0.006701453272577966, 0.08989681151245657], [0.0005656092616363344, -0.006699286889041179, -0.9999773995652808, -0.00037734813458891895], [0.0, 0.0, 0.0, 1.0]]}, "mean_rme": {"type": "float", "data": 0.002097473751916082}, "max_rme": {"type": "float", "data": 0.007314359335598708}, "simu": {"type": "float", "data": 0.002}}, {"type": "dict", "image_number": {"type": "int", "data": 29}, "Hcamera2end": {"type": "ndarray", "data": [[0.999975087075235, 0.0034922330862921652, 0.006134291886381604, -0.017823466962568237], [-0.006126897260463842, -0.002124224284304921, 0.9999789741795323, 0.02994903884400887], [0.0035051902710183276, -0.9999916459547354, -0.002102774810335717, 0.033424027863608194], [0.0, 0.0, 0.0, 1.0]]}, "Hobj2base": {"type": "ndarray", "data": [[0.9999906115292584, 0.004324083844049519, 0.00028134009585924083, -0.7354296306302623], [0.004322165654364871, -0.999969569255289, 0.0064945706131379404, 0.08987168690456562], [0.00030941460233291514, -0.006493293640552241, -0.9999788704769228, -0.0002704116297404371], [0.0, 0.0, 0.0, 1.0]]}, "mean_rme": {"type": "float", "data": 0.002088904942092009}, "max_rme": {"type": "float", "data": 0.007247930665694902}, "simu": {"type": "float", "data": 0.002}}, {"type": "dict", "image_number": {"type": "int", "data": 30}, "Hcamera2end": {"type": "ndarray", "data": [[0.9999717309432334, 0.003690698293885291, 0.0065510350706561105, -0.018079164532216203], [-0.006541405610222759, -0.0026151735960351363, 0.9999751851319638, 0.0301677512525195], [0.0037077388036376455, -0.9999897697542541, -0.002590957313018949, 0.03365061561204276], [0.0, 0.0, 0.0, 1.0]]}, "Hobj2base": {"type": "ndarray", "data": [[0.999989458345464, 0.0045712407841705825, 0.0004323836704931111, -0.7354605291279426], [0.004568190696721679, -0.9999663770101319, 0.006810028119591184, 0.08969331089156585], [0.0004634994107429626, -0.006807981119566407, -0.9999767180096606, -0.0003584996914121489], [0.0, 0.0, 0.0, 1.0]]}, "mean_rme": {"type": "float", "data": 0.002066891649439334}, "max_rme": {"type": "float", "data": 0.0072923339592305125}, "simu": {"type": "float", "data": 0.002}}]}