{"type": "list", "data": [{"type": "dict", "image_number": {"type": "int", "data": 5}, "Hcamera2end": {"type": "ndarray", "data": [[0.9999945108973881, 0.0018154426078210442, -0.0027717040302564513, -0.013436457253616162], [0.002810781848178824, -0.021888543000021077, 0.9997564659409502, 0.031426488557323294], [0.0017543319228641896, -0.9997587688304984, -0.02189352566469105, 0.03085420858242415], [0.0, 0.0, 0.0, 1.0]]}, "Hobj2base": {"type": "ndarray", "data": [[0.9997582181268031, -0.003193827107310099, 0.0217555683981895, -0.7233460266966683], [-0.0031290083752391167, -0.9999905661320039, -0.003012798297621983, 0.0907463291093305], [0.021764985515900854, 0.0029439965018799976, -0.9997587800515131, -0.0056475872688298455], [0.0, 0.0, 0.0, 1.0]]}, "mean_rme": {"type": "float", "data": 0.000827979693498824}, "max_rme": {"type": "float", "data": 0.0023121209251768526}, "simu": {"type": "float", "data": 0.002}}, {"type": "dict", "image_number": {"type": "int", "data": 6}, "Hcamera2end": {"type": "ndarray", "data": [[0.9999484296577458, -0.0008283599459287146, -0.010121849870857253, -0.01382380156534132], [0.010110094734526292, -0.013140683748277704, 0.9998625447605718, 0.03091730851093808], [-0.0009612541116144962, -0.9999133143680143, -0.013131631281191769, 0.03172623154427551], [0.0, 0.0, 0.0, 1.0]]}, "Hobj2base": {"type": "ndarray", "data": [[0.9999016221756847, -0.003624995054699886, 0.013550106320165288, -0.7271051083094265], [-0.0034853469809071743, -0.9999407196950969, -0.010315495726077562, 0.08711816022943604], [0.013586696686724966, 0.010267254087897337, -0.9998549820682188, -0.005216796626447491], [0.0, 0.0, 0.0, 1.0]]}, "mean_rme": {"type": "float", "data": 0.0011797030378678307}, "max_rme": {"type": "float", "data": 0.004213086810529898}, "simu": {"type": "float", "data": 0.002}}, {"type": "dict", "image_number": {"type": "int", "data": 7}, "Hcamera2end": {"type": "ndarray", "data": [[0.9998681869010305, -0.0007742213780831172, -0.016217564690904088, -0.013616417664089381], [0.016211787760627844, -0.006961250945979325, 0.9998443473475616, 0.029949724800200948], [-0.0008869954060180827, -0.9999754704824138, -0.006947781849258261, 0.032049437476882624], [0.0, 0.0, 0.0, 1.0]]}, "Hobj2base": {"type": "ndarray", "data": [[0.9999641581718085, -0.004098585967866502, 0.007408371265692596, -0.7300858625788426], [-0.00398414785897485, -0.999873530069052, -0.01539644222186502, 0.08489759383826882], [0.007470537971535786, 0.015366374338711443, -0.9998540221462828, -0.0040752070811318165], [0.0, 0.0, 0.0, 1.0]]}, "mean_rme": {"type": "float", "data": 0.0011534240613117804}, "max_rme": {"type": "float", "data": 0.004194197443003311}, "simu": {"type": "float", "data": 0.002}}, {"type": "dict", "image_number": {"type": "int", "data": 8}, "Hcamera2end": {"type": "ndarray", "data": [[0.9999712952081734, 0.00022354832502093558, -0.007573558333737931, -0.011718864372112019], [0.007573160754630121, 0.0017287633794061952, 0.9999698288515322, 0.02986744724173699], [0.0002366344706103943, -0.999998480700508, 0.0017270207882115196, 0.03404172909029062], [0.0, 0.0, 0.0, 1.0]]}, "Hobj2base": {"type": "ndarray", "data": [[0.9999959799445257, -0.002074376782073433, -0.001933146593951415, -0.7364081514278454], [-0.002088562845495083, -0.9999706937298869, -0.007365431868432175, 0.09028719450353843], [-0.0019178112597773454, 0.007369439757138494, -0.9999710062585001, -0.0010413729123379192], [0.0, 0.0, 0.0, 1.0]]}, "mean_rme": {"type": "float", "data": 0.0013399983505682296}, "max_rme": {"type": "float", "data": 0.004417035477058628}, "simu": {"type": "float", "data": 0.002}}, {"type": "dict", "image_number": {"type": "int", "data": 9}, "Hcamera2end": {"type": "ndarray", "data": [[0.9999739740842764, -0.0007809200767220667, -0.007172260308490318, -0.011697601709859198], [0.0071761977010602294, 0.005161672337459788, 0.9999609288993426, 0.029866283649117593], [-0.0007438687076837471, -0.9999863735584175, 0.005167142037069916, 0.03480293937214714], [0.0, 0.0, 0.0, 1.0]]}, "Hobj2base": {"type": "ndarray", "data": [[0.9999794588001019, -0.002602835517513951, -0.005857236987188161, -0.7386801562003567], [-0.0026427766764013697, -0.9999732394643697, -0.00682173633121336, 0.09054200663754791], [-0.005839324386775074, 0.006837075573861624, -0.9999595775271632, -0.00030794599697919756], [0.0, 0.0, 0.0, 1.0]]}, "mean_rme": {"type": "float", "data": 0.0014314216810811077}, "max_rme": {"type": "float", "data": 0.0043112379411871515}, "simu": {"type": "float", "data": 0.002}}, {"type": "dict", "image_number": {"type": "int", "data": 10}, "Hcamera2end": {"type": "ndarray", "data": [[0.999981396720788, -0.00029606965116582996, -0.006092499905913214, -0.012241213121843694], [0.00609469818202942, 0.008099015401351384, 0.9999486289823087, 0.02956581295430506], [-0.0002467111911958176, -0.9999671586068668, 0.008100669188271237, 0.034269085860437254], [0.0, 0.0, 0.0, 1.0]]}, "Hobj2base": {"type": "ndarray", "data": [[0.9999633141916401, -0.001405062991741443, -0.008449619450631274, -0.7394147096305671], [-0.0014525101321534015, -0.9999831988920556, -0.0056117865183928925, 0.09006282279548875], [-0.008441592574108245, 0.005623853803333005, -0.9999485545682898, 0.0004032251673867893], [0.0, 0.0, 0.0, 1.0]]}, "mean_rme": {"type": "float", "data": 0.0014737539774616394}, "max_rme": {"type": "float", "data": 0.004206612912765251}, "simu": {"type": "float", "data": 0.002}}, {"type": "dict", "image_number": {"type": "int", "data": 11}, "Hcamera2end": {"type": "ndarray", "data": [[0.9999828850185414, 0.00011936249646028784, -0.005849395061798704, -0.012453700891796213], [0.005848475089788715, 0.006630580535023078, 0.9999609146066126, 0.0296606947962465], [0.00015814271616858278, -0.999978010335409, 0.0066297689641729995, 0.03477270201852295], [0.0, 0.0, 0.0, 1.0]]}, "Hobj2base": {"type": "ndarray", "data": [[0.9999754234819433, -0.000548080286054346, -0.006989423446048311, -0.739527688506395], [-0.0005834385038603285, -0.9999870391346348, -0.0050577823459589215, 0.08985999168020775], [-0.0069865607862770705, 0.005061735942037978, -0.9999627827062532, 0.0002861383627350707], [0.0, 0.0, 0.0, 1.0]]}, "mean_rme": {"type": "float", "data": 0.001455269193689607}, "max_rme": {"type": "float", "data": 0.00429004690479895}, "simu": {"type": "float", "data": 0.002}}, {"type": "dict", "image_number": {"type": "int", "data": 12}, "Hcamera2end": {"type": "ndarray", "data": [[0.9999911067552094, -0.0010661910439418323, -0.004080397915540353, -0.011604401060835254], [0.004083076028742283, 0.00252186524763387, 0.9999884842766023, 0.028585343285185087], [-0.0010558885522809623, -0.9999962517091405, 0.002526196159162386, 0.03373947145252749], [0.0, 0.0, 0.0, 1.0]]}, "Hobj2base": {"type": "ndarray", "data": [[0.9999964028012243, -0.0020115591706373003, -0.001774264443293818, -0.736029714514344], [-0.002019160966232387, -0.9999887458937335, -0.004293142773158618, 0.0906025516491575], [-0.0017656085648170255, 0.004296709855378362, -0.9999892103971995, 0.0005362949931285536], [0.0, 0.0, 0.0, 1.0]]}, "mean_rme": {"type": "float", "data": 0.001786229328280733}, "max_rme": {"type": "float", "data": 0.004708607540406334}, "simu": {"type": "float", "data": 0.002}}, {"type": "dict", "image_number": {"type": "int", "data": 13}, "Hcamera2end": {"type": "ndarray", "data": [[0.9999929667386819, -0.0009123974673376351, -0.00363785706578665, -0.011766036830039543], [0.0036409534061826515, 0.0034152455699009154, 0.999987539700366, 0.028512421795305026], [-0.0008999619233639462, -0.9999937517947594, 0.003418543546252817, 0.033756680850566004], [0.0, 0.0, 0.0, 1.0]]}, "Hobj2base": {"type": "ndarray", "data": [[0.9999949862046836, -0.0012931935218849031, -0.002890539051723731, -0.7365175045553484], [-0.001303282170871091, -0.9999930568956192, -0.003491076644590974, 0.09047355701669643], [-0.002886004344708189, 0.0034948263290575624, -0.9999897285311747, 0.0008389278753905613], [0.0, 0.0, 0.0, 1.0]]}, "mean_rme": {"type": "float", "data": 0.0017252682377381617}, "max_rme": {"type": "float", "data": 0.00434181662431965}, "simu": {"type": "float", "data": 0.002}}, {"type": "dict", "image_number": {"type": "int", "data": 14}, "Hcamera2end": {"type": "ndarray", "data": [[0.9999935094463593, -0.0009782901493677744, -0.003467565938487397, -0.011694930774644712], [0.0034700466735337232, 0.002545588846304292, 0.9999907393338746, 0.028537635126104896], [-0.0009694540925724885, -0.999996281455991, 0.00254896703650187, 0.033817588156287735], [0.0, 0.0, 0.0, 1.0]]}, "Hobj2base": {"type": "ndarray", "data": [[0.9999965495005613, -0.00117909899045263, -0.0023474906905635753, -0.7362157378617109], [-0.0011868555078604257, -0.999993832412905, -0.0033055272127132163, 0.09066227745750709], [-0.0023435786684108634, 0.0033083019392491707, -0.9999917813548787, 0.0007456267573260186], [0.0, 0.0, 0.0, 1.0]]}, "mean_rme": {"type": "float", "data": 0.0016516425983862573}, "max_rme": {"type": "float", "data": 0.004508193824541873}, "simu": {"type": "float", "data": 0.002}}, {"type": "dict", "image_number": {"type": "int", "data": 15}, "Hcamera2end": {"type": "ndarray", "data": [[0.9999898408333266, -0.0010543829846387499, -0.004382522864703942, -0.011722202411031883], [0.004384717164646775, 0.002087890430798045, 0.9999882074149349, 0.028788407580902883], [-0.001045220323185743, -0.9999972644912938, 0.002092492390742051, 0.034069545185341464], [0.0, 0.0, 0.0, 1.0]]}, "Hobj2base": {"type": "ndarray", "data": [[0.9999967290996201, -0.001464823096132129, -0.0020966838955876637, -0.7365272309381641], [-0.0014741480467530515, -0.9999889993959765, -0.004452861391270778, 0.09037222419568638], [-0.0020901381765885576, 0.004455937648874101, -0.9999878878976844, 0.0004987776785726113], [0.0, 0.0, 0.0, 1.0]]}, "mean_rme": {"type": "float", "data": 0.0016359003676933055}, "max_rme": {"type": "float", "data": 0.004743829419606271}, "simu": {"type": "float", "data": 0.002}}, {"type": "dict", "image_number": {"type": "int", "data": 16}, "Hcamera2end": {"type": "ndarray", "data": [[0.9999911861169475, -0.0008690034101416183, -0.004107617496032697, -0.011769845853344129], [0.004110679974879291, 0.003552193172227991, 0.9999852420080066, 0.02841717363975392], [-0.0008543995345727169, -0.9999933133560148, 0.0035557340585289365, 0.03344706772344372], [0.0, 0.0, 0.0, 1.0]]}, "Hobj2base": {"type": "ndarray", "data": [[0.9999945135673955, -0.0007150884521139988, -0.0032344216814844556, -0.736507068907067], [-0.0007285769242650301, -0.9999910357824153, -0.004171034701054906, 0.09027763769578878], [-0.0032314100286766514, 0.0041733683419546, -0.9999860703959376, 0.0010444431124888055], [0.0, 0.0, 0.0, 1.0]]}, "mean_rme": {"type": "float", "data": 0.0016268720270559483}, "max_rme": {"type": "float", "data": 0.004571270112457337}, "simu": {"type": "float", "data": 0.002}}, {"type": "dict", "image_number": {"type": "int", "data": 17}, "Hcamera2end": {"type": "ndarray", "data": [[0.9999910704477453, -0.0016843625548039736, -0.003875815727901336, -0.01203815362687948], [0.0038834782532403463, 0.00457000645028649, 0.9999820166571501, 0.028483519133089844], [-0.0016666197614580364, -0.9999881389115713, 0.004576506827527194, 0.03311714349497422], [0.0, 0.0, 0.0, 1.0]]}, "Hobj2base": {"type": "ndarray", "data": [[0.9999908810279822, -0.0015776497608194792, -0.003968486123464569, -0.7363966075519631], [-0.0015930645919170021, -0.9999911877120904, -0.0038841528508464125, 0.09026366548803699], [-0.00396232331920616, 0.003890439486092058, -0.9999845821184039, 0.0012204721054208732], [0.0, 0.0, 0.0, 1.0]]}, "mean_rme": {"type": "float", "data": 0.0016800777590398749}, "max_rme": {"type": "float", "data": 0.004561898681875287}, "simu": {"type": "float", "data": 0.002}}, {"type": "dict", "image_number": {"type": "int", "data": 18}, "Hcamera2end": {"type": "ndarray", "data": [[0.9999905539557288, -0.0024781713659794372, -0.003570807471094563, -0.012547493036672339], [0.003580632060633965, 0.003971402955118664, 0.9999857034141113, 0.029613656661182992], [-0.00246395482124679, -0.9999890432525995, 0.003980238860915253, 0.03345633357977668], [0.0, 0.0, 0.0, 1.0]]}, "Hobj2base": {"type": "ndarray", "data": [[0.9999908015262919, -0.0029223744742918104, -0.003139520701673453, -0.7364512198910972], [-0.0029328416843853867, -0.9999901393893476, -0.0033346009847118542, 0.0903839098548793], [-0.003129744791282509, 0.0033437780286552283, -0.9999895118680175, -0.0001413388652399477], [0.0, 0.0, 0.0, 1.0]]}, "mean_rme": {"type": "float", "data": 0.0017145884249069733}, "max_rme": {"type": "float", "data": 0.005007737660771117}, "simu": {"type": "float", "data": 0.002}}, {"type": "dict", "image_number": {"type": "int", "data": 19}, "Hcamera2end": {"type": "ndarray", "data": [[0.9999950202000482, -0.002776714661288352, -0.001499810253010546, -0.013460882379719891], [0.001510001080027522, 0.003671650908105395, 0.9999921194071217, 0.029585820660798096], [-0.002771185999453116, -0.9999894043615156, 0.0036758254661558576, 0.03350695604052262], [0.0, 0.0, 0.0, 1.0]]}, "Hobj2base": {"type": "ndarray", "data": [[0.9999907601647815, -0.0034606977268195776, -0.0025501286842193466, -0.7362910855781182], [-0.00346564907321052, -0.9999921132877252, -0.0019397522652219114, 0.09055150099103697], [-0.0025433956758333046, 0.0019485721933416484, -0.9999948670892482, -0.0002477351957113861], [0.0, 0.0, 0.0, 1.0]]}, "mean_rme": {"type": "float", "data": 0.0016736159348692112}, "max_rme": {"type": "float", "data": 0.004930429910922851}, "simu": {"type": "float", "data": 0.002}}, {"type": "dict", "image_number": {"type": "int", "data": 20}, "Hcamera2end": {"type": "ndarray", "data": [[0.999995697963732, -0.0027765913806386796, -0.0009458299706997584, -0.013739598024071938], [0.000956722329230544, 0.003924221010982554, 0.999991842552649, 0.028521433779801143], [-0.0027728570848968392, -0.9999884454481273, 0.003926860555814482, 0.033282790000138604], [0.0, 0.0, 0.0, 1.0]]}, "Hobj2base": {"type": "ndarray", "data": [[0.9999906120256568, -0.0035627433990067154, -0.0024663170974864425, -0.7362093418999771], [-0.003566491828486114, -0.9999924892087297, -0.0015171229893545012, 0.09035358938203884], [-0.002460893453577714, 0.0015259048464174424, -0.9999958078001172, 0.0007520484923295073], [0.0, 0.0, 0.0, 1.0]]}, "mean_rme": {"type": "float", "data": 0.001678807319686362}, "max_rme": {"type": "float", "data": 0.0049600548095768415}, "simu": {"type": "float", "data": 0.002}}, {"type": "dict", "image_number": {"type": "int", "data": 21}, "Hcamera2end": {"type": "ndarray", "data": [[0.9999957560685808, -0.0028147285118765093, -0.0007517634148180492, -0.013771703205469466], [0.000762705277917369, 0.0038883067386530357, 0.9999921496448686, 0.028555518849702196], [-0.0028117833285063827, -0.99998847912069, 0.003890437045237727, 0.03324709014731783], [0.0, 0.0, 0.0, 1.0]]}, "Hobj2base": {"type": "ndarray", "data": [[0.9999920405584112, -0.0032951782518080854, -0.0022495822086903545, -0.736151922589129], [-0.003298686247334989, -0.9999933464506856, -0.001557473402777362, 0.0903429199020396], [-0.0022444350884995913, 0.0015648816720528428, -0.999996256821237, 0.0007198259580694089], [0.0, 0.0, 0.0, 1.0]]}, "mean_rme": {"type": "float", "data": 0.0016345221840552778}, "max_rme": {"type": "float", "data": 0.0049914356660391325}, "simu": {"type": "float", "data": 0.002}}, {"type": "dict", "image_number": {"type": "int", "data": 22}, "Hcamera2end": {"type": "ndarray", "data": [[0.999994933385645, -0.002908604438860792, -0.0012935313129424845, -0.014034102449062771], [0.0013028936292816522, 0.0032192468910066108, 0.9999939694406388, 0.02852918696281632], [-0.0029044227016914556, -0.9999905881905453, 0.003223020182517633, 0.03353493933679965], [0.0, 0.0, 0.0, 1.0]]}, "Hobj2base": {"type": "ndarray", "data": [[0.9999927902929076, -0.0034243673359048905, -0.0016410577545596088, -0.7363044673417534], [-0.0034282000281305653, -0.9999913896114228, -0.0023384070611472537, 0.08985099327569247], [-0.0016330360596564218, 0.0023440160761576253, -0.999995919382606, 0.000555301940191236], [0.0, 0.0, 0.0, 1.0]]}, "mean_rme": {"type": "float", "data": 0.0016421637146201169}, "max_rme": {"type": "float", "data": 0.005423537236986353}, "simu": {"type": "float", "data": 0.002}}, {"type": "dict", "image_number": {"type": "int", "data": 23}, "Hcamera2end": {"type": "ndarray", "data": [[0.9999932409365341, -0.0032519679249534026, -0.0017154550014689043, -0.013975851418597484], [0.0017272932817978274, 0.0036410370158975747, 0.9999918796207137, 0.028495754696119292], [-0.003245695482580969, -0.9999880837060331, 0.0036466295082466793, 0.03337562537065273], [0.0, 0.0, 0.0, 1.0]]}, "Hobj2base": {"type": "ndarray", "data": [[0.9999895659006746, -0.0041211476760744685, -0.0019708454054986235, -0.7361703375205189], [-0.004126354633459219, -0.9999879878155218, -0.0026452640893363704, 0.08982447708424227], [-0.0019599202073856633, 0.0026533688954589315, -0.999994559158341, 0.0005724302412927038], [0.0, 0.0, 0.0, 1.0]]}, "mean_rme": {"type": "float", "data": 0.001647575961811323}, "max_rme": {"type": "float", "data": 0.005472562105523049}, "simu": {"type": "float", "data": 0.002}}, {"type": "dict", "image_number": {"type": "int", "data": 24}, "Hcamera2end": {"type": "ndarray", "data": [[0.9999857312775957, -0.0044592719474591674, -0.0029414511572848872, -0.013707190789202631], [0.0029551640733446105, 0.003071683093063715, 0.9999909158428769, 0.02840238773413497], [-0.004450196232943236, -0.9999853397208754, 0.003084817144322738, 0.03324651524129613], [0.0, 0.0, 0.0, 1.0]]}, "Hobj2base": {"type": "ndarray", "data": [[0.999985936491298, -0.005067294449930974, -0.0015650388428085317, -0.7355817876459146], [-0.005072781330005096, -0.9999809307926555, -0.003522064825173117, 0.08978019172041372], [-0.001547161659217439, 0.003529954392406331, -0.9999925728288128, 0.0004896885469826325], [0.0, 0.0, 0.0, 1.0]]}, "mean_rme": {"type": "float", "data": 0.0017083397428676933}, "max_rme": {"type": "float", "data": 0.0053053192203695865}, "simu": {"type": "float", "data": 0.002}}, {"type": "dict", "image_number": {"type": "int", "data": 25}, "Hcamera2end": {"type": "ndarray", "data": [[0.9999880565378113, -0.004596168636807248, -0.0016619312841160035, -0.014234048741306947], [0.0016737991499830287, 0.0025794815026680684, 0.9999952723246159, 0.02851939918994794], [-0.00459185998660784, -0.9999861106580628, 0.0025871437578858236, 0.03355790497394194], [0.0, 0.0, 0.0, 1.0]]}, "Hobj2base": {"type": "ndarray", "data": [[0.9999860415639494, -0.005151889532763871, -0.0011724809189591575, -0.73566674821692], [-0.005154853134428485, -0.9999834908408962, -0.0025388057857794006, 0.08984296663788902], [-0.001159381915331643, 0.002544814314961349, -0.9999960898691937, 0.0005169087818088247], [0.0, 0.0, 0.0, 1.0]]}, "mean_rme": {"type": "float", "data": 0.00172566780691254}, "max_rme": {"type": "float", "data": 0.0052933468233472}, "simu": {"type": "float", "data": 0.002}}, {"type": "dict", "image_number": {"type": "int", "data": 26}, "Hcamera2end": {"type": "ndarray", "data": [[0.9999882977162086, -0.0045845700141750115, -0.001544716292580903, -0.014329651074351026], [0.0015566693030793367, 0.0026048039266134415, 0.9999953958779932, 0.02854030292591029], [-0.004580525223190901, -0.9999860982605151, 0.0026119101038675208, 0.03351453688760316], [0.0, 0.0, 0.0, 1.0]]}, "Hobj2base": {"type": "ndarray", "data": [[0.9999872361637941, -0.004868534484807239, -0.0013508817366530291, -0.7356508731556501], [-0.004871509784006581, -0.9999856964447149, -0.002208007790477519, 0.08977813546473336], [-0.0013401126521707626, 0.002214560441424881, -0.9999966499044539, 0.000589917129679077], [0.0, 0.0, 0.0, 1.0]]}, "mean_rme": {"type": "float", "data": 0.0016880011874341372}, "max_rme": {"type": "float", "data": 0.0052762418902517205}, "simu": {"type": "float", "data": 0.002}}, {"type": "dict", "image_number": {"type": "int", "data": 27}, "Hcamera2end": {"type": "ndarray", "data": [[0.9999870846820348, -0.0049333605606686586, -0.0012216475365125668, -0.014531890616181485], [0.0012328864174108926, 0.00227574075692194, 0.9999966504919351, 0.028477035804727862], [-0.004930563883248237, -0.9999852413698844, 0.0022817936382338866, 0.03379683144098765], [0.0, 0.0, 0.0, 1.0]]}, "Hobj2base": {"type": "ndarray", "data": [[0.9999860934881213, -0.005149159103881002, -0.001139732814840434, -0.735754913423889], [-0.005151386871266557, -0.9999848098836741, -0.0019604120014052226, 0.08988863579671699], [-0.0011296210288620026, 0.001966255943571559, -0.9999974288936428, 0.0005545635031927608], [0.0, 0.0, 0.0, 1.0]]}, "mean_rme": {"type": "float", "data": 0.0016808179174126513}, "max_rme": {"type": "float", "data": 0.005362059356817217}, "simu": {"type": "float", "data": 0.002}}, {"type": "dict", "image_number": {"type": "int", "data": 28}, "Hcamera2end": {"type": "ndarray", "data": [[0.9999887377485858, -0.004573681810931439, -0.0012672058564493602, -0.01458018390217245], [0.0012768306698478524, 0.0021020846034891516, 0.9999969754673063, 0.02848181827192384], [-0.004571004203760977, -0.9999873312572575, 0.00210790074649414, 0.03381074668390256], [0.0, 0.0, 0.0, 1.0]]}, "Hobj2base": {"type": "ndarray", "data": [[0.9999870494055482, -0.004990167593844888, -0.0009996242149242977, -0.7357495871621723], [-0.004992261266586143, -0.9999853271883468, -0.00210303006672933, 0.08974972882370266], [-0.0009891150751385937, 0.002107993216489124, -0.9999972890043092, 0.0005163016051090985], [0.0, 0.0, 0.0, 1.0]]}, "mean_rme": {"type": "float", "data": 0.0016413448056942326}, "max_rme": {"type": "float", "data": 0.005474623905322384}, "simu": {"type": "float", "data": 0.002}}, {"type": "dict", "image_number": {"type": "int", "data": 29}, "Hcamera2end": {"type": "ndarray", "data": [[0.9999885482152521, -0.004500383009465309, -0.0016278793323309692, -0.014451609948329535], [0.0016400232267327465, 0.0026960413527425953, 0.9999950208300241, 0.028428574448418505], [-0.004495971771296108, -0.9999862388622118, 0.0027033912109221125, 0.03388576561571193], [0.0, 0.0, 0.0, 1.0]]}, "Hobj2base": {"type": "ndarray", "data": [[0.9999861547713333, -0.0050762398390487955, -0.0013863818880330372, -0.7360509761082422], [-0.0050790703136894665, -0.9999850087718787, -0.0020457947731942383, 0.08995435557801826], [-0.0013759761595356843, 0.002052807979788744, -0.9999969463298408, 0.0006920298711780743], [0.0, 0.0, 0.0, 1.0]]}, "mean_rme": {"type": "float", "data": 0.001677065202957131}, "max_rme": {"type": "float", "data": 0.0063614777247079785}, "simu": {"type": "float", "data": 0.002}}, {"type": "dict", "image_number": {"type": "int", "data": 30}, "Hcamera2end": {"type": "ndarray", "data": [[0.9999890783171359, -0.004398732074726028, -0.001579367778535928, -0.014452614482466338], [0.001589334385216808, 0.0022632176564761908, 0.9999961759237139, 0.028544820264465174], [-0.00439514080059656, -0.9999877644261326, 0.0022701839944684332, 0.0341423557177597], [0.0, 0.0, 0.0, 1.0]]}, "Hobj2base": {"type": "ndarray", "data": [[0.9999869622858935, -0.00501324421261237, -0.0009708968512894061, -0.7360112328606997], [-0.005015158849372525, -0.9999854643036179, -0.0019797381628018024, 0.08998187425832321], [-0.0009609578277404035, 0.0019845815534772016, -0.9999975689951004, 0.0005298844948721089], [0.0, 0.0, 0.0, 1.0]]}, "mean_rme": {"type": "float", "data": 0.001657059551180193}, "max_rme": {"type": "float", "data": 0.006328011647431339}, "simu": {"type": "float", "data": 0.002}}]}