{"type": "list", "data": [{"type": "dict", "image_number": {"type": "int", "data": 5}, "Hcamera2end": {"type": "ndarray", "data": [[0.999477975650982, -0.006335415812078053, -0.031680257181772836, -0.018017460806427174], [0.031631104560079434, -0.007713684876814009, 0.9994698456131281, 0.032331139853084744], [-0.0065764285843092525, -0.9999501795450156, -0.007509261945504386, 0.03248057032862602], [0.0, 0.0, 0.0, 1.0]]}, "Hobj2base": {"type": "ndarray", "data": [[0.9999384792367392, -0.005603752837741364, 0.009572653542821727, -0.7304123010757508], [-0.005300810653065537, -0.9994933415193588, -0.03138409891787306, 0.071744375923554], [0.009743672210093002, 0.03133142532027549, -0.9994615563588538, -0.009509521778853692], [0.0, 0.0, 0.0, 1.0]]}, "mean_rme": {"type": "float", "data": 0.0013651782826343195}, "max_rme": {"type": "float", "data": 0.004245454028359685}, "simu": {"type": "float", "data": 0.002}}, {"type": "dict", "image_number": {"type": "int", "data": 6}, "Hcamera2end": {"type": "ndarray", "data": [[0.9999275024381928, -0.006517435186842962, 0.010124865742472483, -0.013771202843838464], [-0.010156151388806536, -0.004785236560539863, 0.9999369750639422, 0.03384855712210813], [-0.006468574548185613, -0.9999673117405612, -0.004851081700980808, 0.0327906678130276], [0.0, 0.0, 0.0, 1.0]]}, "Hobj2base": {"type": "ndarray", "data": [[0.9999527698121186, -0.006885161963238422, 0.006859496323506937, -0.732068418048201], [-0.006938945253482879, -0.9999451284217671, 0.007848005118869773, 0.09618508279342236], [0.0068050851457860375, -0.007895232125568797, -0.9999456765874049, -0.003978291048654603], [0.0, 0.0, 0.0, 1.0]]}, "mean_rme": {"type": "float", "data": 0.0014900747563166325}, "max_rme": {"type": "float", "data": 0.006080374532543842}, "simu": {"type": "float", "data": 0.002}}, {"type": "dict", "image_number": {"type": "int", "data": 7}, "Hcamera2end": {"type": "ndarray", "data": [[0.999971781916933, -0.004361667058598788, 0.006116472050418129, -0.01406772581372339], [-0.006123917245507297, -0.0016956533522740624, 0.9999798109948417, 0.03383897644848495], [-0.004351207584543661, -0.999989050250141, -0.0017223159923061004, 0.034442611133079865], [0.0, 0.0, 0.0, 1.0]]}, "Hobj2base": {"type": "ndarray", "data": [[0.9999829415093769, -0.004666471976005395, 0.0035129374533610976, -0.735503343245444], [-0.004680941347276736, -0.9999805488077733, 0.004121989108241911, 0.09354376051530447], [0.0034936339758804003, -0.004138362647505194, -0.9999853341305767, -0.003923952102693077], [0.0, 0.0, 0.0, 1.0]]}, "mean_rme": {"type": "float", "data": 0.0017793733185528966}, "max_rme": {"type": "float", "data": 0.005961351023965139}, "simu": {"type": "float", "data": 0.002}}, {"type": "dict", "image_number": {"type": "int", "data": 8}, "Hcamera2end": {"type": "ndarray", "data": [[0.9999902667076149, -0.0032907971830030023, 0.0029389018243980167, -0.015004061701227972], [-0.0029448475154101343, -0.0018033776750434605, 0.9999940378332625, 0.033785333619310055], [-0.003285477612782233, -0.9999929592166444, -0.0018130510181493253, 0.03442972042118919], [0.0, 0.0, 0.0, 1.0]]}, "Hobj2base": {"type": "ndarray", "data": [[0.9999897248958306, -0.004353218155241157, 0.0012647507477152342, -0.7366111899192699], [-0.004354876835506483, -0.9999896572081985, 0.0013116876066215453, 0.09120454949434399], [0.0012590276043584199, -0.001317181962628664, -0.9999983399392065, -0.004354972623211349], [0.0, 0.0, 0.0, 1.0]]}, "mean_rme": {"type": "float", "data": 0.001933671228232824}, "max_rme": {"type": "float", "data": 0.006115452868310639}, "simu": {"type": "float", "data": 0.002}}, {"type": "dict", "image_number": {"type": "int", "data": 9}, "Hcamera2end": {"type": "ndarray", "data": [[0.9999904866754507, -0.003372722254725968, 0.0027660989114146836, -0.014691240804865799], [-0.0027714309256352296, -0.0015772755796572557, 0.99999491567326, 0.033212099209636865], [-0.003368342206440131, -0.9999930684491461, -0.001586607841283172, 0.034286211507086536], [0.0, 0.0, 0.0, 1.0]]}, "Hobj2base": {"type": "ndarray", "data": [[0.9999909033521522, -0.004098005564298179, 0.0011830314203219378, -0.7366317743416197], [-0.004099247676585215, -0.9999910473906841, 0.0010494317360860415, 0.09122434790987526], [0.0011787202520099915, -0.0010542717285761801, -0.9999987495640632, -0.0036714029768762], [0.0, 0.0, 0.0, 1.0]]}, "mean_rme": {"type": "float", "data": 0.0018056276993750182}, "max_rme": {"type": "float", "data": 0.005854610716609393}, "simu": {"type": "float", "data": 0.002}}, {"type": "dict", "image_number": {"type": "int", "data": 10}, "Hcamera2end": {"type": "ndarray", "data": [[0.9999751785955201, -0.0021440731886636245, 0.006711567851056052, -0.015092249642207366], [-0.006707737346283979, 0.0017887782193884982, 0.9999759029757543, 0.03304746379509147], [-0.00215602702926993, -0.999996101603723, 0.0017743519396000718, 0.03302223414164101], [0.0, 0.0, 0.0, 1.0]]}, "Hobj2base": {"type": "ndarray", "data": [[0.9999956308556206, -0.0025946190030167538, -0.0014164116274988361, -0.7365722769704405], [-0.002588344584033209, -0.9999869093200895, 0.004413803435740983, 0.09258061712656851], [-0.0014278452239775532, -0.004410117989831712, -0.9999892560009491, -0.0029337719975282674], [0.0, 0.0, 0.0, 1.0]]}, "mean_rme": {"type": "float", "data": 0.001934969786393793}, "max_rme": {"type": "float", "data": 0.00661639223354632}, "simu": {"type": "float", "data": 0.002}}, {"type": "dict", "image_number": {"type": "int", "data": 11}, "Hcamera2end": {"type": "ndarray", "data": [[0.9999766957674789, -0.0021283939904903457, 0.006486745021659844, -0.015059062384575458], [-0.00648307553082585, 0.0017264590563355053, 0.9999774942821404, 0.03302820625194565], [-0.0021395451891444866, -0.9999962446320225, 0.0017126202835324733, 0.03305724782266038], [0.0, 0.0, 0.0, 1.0]]}, "Hobj2base": {"type": "ndarray", "data": [[0.999994391402806, -0.0027034929103808628, -0.001976939304852155, -0.7365613410810732], [-0.002694703706769462, -0.9999865341643854, 0.004435094343266888, 0.09264879239233177], [-0.0019889029298263473, -0.004429742202936356, -0.9999882107550826, -0.0028140737918440325], [0.0, 0.0, 0.0, 1.0]]}, "mean_rme": {"type": "float", "data": 0.001808709202555417}, "max_rme": {"type": "float", "data": 0.006741415045899285}, "simu": {"type": "float", "data": 0.002}}, {"type": "dict", "image_number": {"type": "int", "data": 12}, "Hcamera2end": {"type": "ndarray", "data": [[0.9999811511093494, -0.0015296755190228111, 0.005946218868067736, -0.015033539710653325], [-0.005943547915488823, 0.0017447509435258857, 0.9999808148571256, 0.033049265722950465], [-0.0015400208429599003, -0.9999973079648521, 0.0017356263571637331, 0.03277187456876292], [0.0, 0.0, 0.0, 1.0]]}, "Hobj2base": {"type": "ndarray", "data": [[0.9999949529968692, -0.0020364747206524916, -0.002438596215309334, -0.736476359893338], [-0.002028241085432627, -0.9999922507815449, 0.003374109506046368, 0.09221586562159184], [-0.0024454486068083148, -0.003369146415870457, -0.9999913342792224, -0.0029046934218942603], [0.0, 0.0, 0.0, 1.0]]}, "mean_rme": {"type": "float", "data": 0.0017416567283038025}, "max_rme": {"type": "float", "data": 0.006693558765459157}, "simu": {"type": "float", "data": 0.002}}, {"type": "dict", "image_number": {"type": "int", "data": 13}, "Hcamera2end": {"type": "ndarray", "data": [[0.9999860754480332, -0.0028038060128311414, 0.004470747351707531, -0.014269380467091657], [-0.00446851646992743, 0.0008014223365873097, 0.9999896949883015, 0.033314295519735436], [-0.0028073600763662758, -0.9999957481880014, 0.0007888823237934828, 0.03230393994807822], [0.0, 0.0, 0.0, 1.0]]}, "Hobj2base": {"type": "ndarray", "data": [[0.9999953578659945, -0.0025649645125523438, -0.001644750288373617, -0.7354811783150844], [-0.0025619453835271115, -0.9999950344050288, 0.0018351024866626994, 0.09196768861507769], [-0.001649449093965043, -0.0018308802074626887, -0.9999969635930661, -0.0031559052126069378], [0.0, 0.0, 0.0, 1.0]]}, "mean_rme": {"type": "float", "data": 0.001889020388879471}, "max_rme": {"type": "float", "data": 0.006166274715786235}, "simu": {"type": "float", "data": 0.002}}, {"type": "dict", "image_number": {"type": "int", "data": 14}, "Hcamera2end": {"type": "ndarray", "data": [[0.9999910314284353, -0.002461450291165494, 0.003446494618918724, -0.013834841741507661], [-0.0034431234446564464, 0.0013725154530098704, 0.9999931305275432, 0.03332413968744776], [-0.0024661637494236962, -0.9999960287240123, 0.001364028066301426, 0.03221468384489415], [0.0, 0.0, 0.0, 1.0]]}, "Hobj2base": {"type": "ndarray", "data": [[0.9999964172090426, -0.0016224645714084242, -0.0021291260631731467, -0.7357097354268595], [-0.0016196335141784013, -0.9999978029678691, 0.0013307316464456003, 0.09192168474368753], [-0.0021312804503651845, -0.0013272784747844649, -0.9999968479827788, -0.0030234923216728043], [0.0, 0.0, 0.0, 1.0]]}, "mean_rme": {"type": "float", "data": 0.0018831327855368372}, "max_rme": {"type": "float", "data": 0.006399070336057772}, "simu": {"type": "float", "data": 0.002}}, {"type": "dict", "image_number": {"type": "int", "data": 15}, "Hcamera2end": {"type": "ndarray", "data": [[0.9999909952130679, -0.0038684616640991907, 0.0017448487417245913, -0.013349231939407262], [-0.0017293557151147668, 0.004004692217053574, 0.9999904858392693, 0.033074087796800614], [-0.0038754124411090577, -0.9999844986021537, 0.003997966209365877, 0.031181656121425986], [0.0, 0.0, 0.0, 1.0]]}, "Hobj2base": {"type": "ndarray", "data": [[0.9999912080478162, -0.0027971562876926326, -0.003124058861724857, -0.7352168967357258], [-0.0027978667555018824, -0.9999960610827214, -0.00022307097804410915, 0.09213019753421223], [-0.0031234225919265883, 0.0002318097172461876, -0.9999950952357557, -0.003035576222685473], [0.0, 0.0, 0.0, 1.0]]}, "mean_rme": {"type": "float", "data": 0.0021177498180087423}, "max_rme": {"type": "float", "data": 0.007384076162481823}, "simu": {"type": "float", "data": 0.002}}, {"type": "dict", "image_number": {"type": "int", "data": 16}, "Hcamera2end": {"type": "ndarray", "data": [[0.9999889776792772, -0.0042812817040302955, 0.0019274716404864651, -0.013294748806057008], [-0.0019132311118916089, 0.003327838988470888, 0.9999926324900492, 0.03314709105758911], [-0.004287664476919123, -0.9999852979492434, 0.0033196112266072886, 0.0315710374083192], [0.0, 0.0, 0.0, 1.0]]}, "Hobj2base": {"type": "ndarray", "data": [[0.9999918746655321, -0.0028213065441079366, -0.002879380540840073, -0.7353272603093294], [-0.002821195641012959, -0.9999960195132447, 4.2577241212058346e-05, 0.09219967643581078], [-0.0028794892029532287, -3.445359942709723e-05, -0.9999958536688438, -0.0030282810138162093], [0.0, 0.0, 0.0, 1.0]]}, "mean_rme": {"type": "float", "data": 0.0020457619559521214}, "max_rme": {"type": "float", "data": 0.007407631997473185}, "simu": {"type": "float", "data": 0.002}}, {"type": "dict", "image_number": {"type": "int", "data": 17}, "Hcamera2end": {"type": "ndarray", "data": [[0.9999909888889704, -0.003965750532299896, 0.0015149137185346189, -0.013364741173256688], [-0.0015017022551706372, 0.0033322510725070087, 0.9999933204742555, 0.03307914383783756], [-0.003970772115830461, -0.9999865843727633, 0.003326265668704864, 0.03156660195748399], [0.0, 0.0, 0.0, 1.0]]}, "Hobj2base": {"type": "ndarray", "data": [[0.9999926265272617, -0.0027179517397030112, -0.0027128636989535364, -0.7351604667937828], [-0.002717614236889431, -0.9999962990764624, 0.00012808683924487568, 0.09231942583853524], [-0.0027132017926999766, -0.00012071337778904172, -0.9999963119753557, -0.0028955817285680947], [0.0, 0.0, 0.0, 1.0]]}, "mean_rme": {"type": "float", "data": 0.002128354023761728}, "max_rme": {"type": "float", "data": 0.007278201330917444}, "simu": {"type": "float", "data": 0.002}}, {"type": "dict", "image_number": {"type": "int", "data": 18}, "Hcamera2end": {"type": "ndarray", "data": [[0.99999404018599, -0.0024575202025590233, 0.0024249096796595372, -0.014167125671389322], [-0.0024157587801359012, 0.003719784125634118, 0.9999901636094102, 0.03321689022939176], [-0.0024665161699629224, -0.999990061850873, 0.003713825180405861, 0.03149512692144273], [0.0, 0.0, 0.0, 1.0]]}, "Hobj2base": {"type": "ndarray", "data": [[0.9999954879198673, -0.0010770239683413076, -0.0028043108383731027, -0.7352090039575434], [-0.0010744246138312224, -0.9999989919763042, 0.0009282554197410884, 0.09176094073973615], [-0.0028053077648971317, -0.0009252382107886691, -0.9999956370817811, -0.003113450879961387], [0.0, 0.0, 0.0, 1.0]]}, "mean_rme": {"type": "float", "data": 0.0021915057166926525}, "max_rme": {"type": "float", "data": 0.007124439548151396}, "simu": {"type": "float", "data": 0.002}}, {"type": "dict", "image_number": {"type": "int", "data": 19}, "Hcamera2end": {"type": "ndarray", "data": [[0.9999885959003404, -0.0038992106765380337, 0.0027575759945506493, -0.014316261208409942], [-0.002734925522749308, 0.0058024374557056335, 0.9999794257393287, 0.032148593186771775], [-0.003915131115398898, -0.9999755636392685, 0.005791707233332777, 0.030669490813940825], [0.0, 0.0, 0.0, 1.0]]}, "Hobj2base": {"type": "ndarray", "data": [[0.9999888427439149, -0.002600779640564073, -0.00394339104669128, -0.7349789545930239], [-0.0025973344555672326, -0.999996241012209, 0.0008785301235824037, 0.09186478775128597], [-0.003945661086791516, -0.0008682780161594898, -0.9999918388926357, -0.0019042512514252812], [0.0, 0.0, 0.0, 1.0]]}, "mean_rme": {"type": "float", "data": 0.002233110761140579}, "max_rme": {"type": "float", "data": 0.006986625840480015}, "simu": {"type": "float", "data": 0.002}}, {"type": "dict", "image_number": {"type": "int", "data": 20}, "Hcamera2end": {"type": "ndarray", "data": [[0.9999934257127491, -0.0031398728991299577, 0.0018137611358324272, -0.013905961122516443], [-0.0017932499442007382, 0.006523027267163695, 0.999977116923137, 0.032129964604404176], [-0.0031516322625222233, -0.9999737953133817, 0.0065173538060075975, 0.030174799481415562], [0.0, 0.0, 0.0, 1.0]]}, "Hobj2base": {"type": "ndarray", "data": [[0.9999872343315804, -0.0020772882814420915, -0.004606088066103607, -0.7350394758365237], [-0.0020787904868924388, -0.999997787672892, -0.00032137117662763026, 0.09160722729208338], [-0.0046054102953509155, 0.00033094216616335475, -0.9999893402798323, -0.00201739528900228], [0.0, 0.0, 0.0, 1.0]]}, "mean_rme": {"type": "float", "data": 0.002214993417066518}, "max_rme": {"type": "float", "data": 0.006835169762123672}, "simu": {"type": "float", "data": 0.002}}, {"type": "dict", "image_number": {"type": "int", "data": 21}, "Hcamera2end": {"type": "ndarray", "data": [[0.999994461496468, -0.002996714080077243, 0.0014479920964252154, -0.013155988412372178], [-0.0014253044517747193, 0.007559178714365289, 0.9999704132245034, 0.032114890794245926], [-0.0030075710480043953, -0.9999669387144191, 0.007554865617908191, 0.029773745895083886], [0.0, 0.0, 0.0, 1.0]]}, "Hobj2base": {"type": "ndarray", "data": [[0.9999818648320631, -0.00218002664033643, -0.005614044071512716, -0.7353962404708994], [-0.0021814451695781026, -0.9999975902486564, -0.00024656409384582294, 0.09208954824967004], [-0.005613493026769337, 0.0002588063516861739, -0.9999842107330048, -0.0019822861613773214], [0.0, 0.0, 0.0, 1.0]]}, "mean_rme": {"type": "float", "data": 0.0022102135465764715}, "max_rme": {"type": "float", "data": 0.007178478105508673}, "simu": {"type": "float", "data": 0.002}}, {"type": "dict", "image_number": {"type": "int", "data": 22}, "Hcamera2end": {"type": "ndarray", "data": [[0.9999939617412582, -0.003375697448290091, 0.0008253167638670351, -0.012924316884299137], [-0.0008013555722458849, 0.007093349554530781, 0.9999745207860767, 0.03202009759715168], [-0.0033814656984719887, -0.9999691440533726, 0.007090601589090362, 0.029925986399287088], [0.0, 0.0, 0.0, 1.0]]}, "Hobj2base": {"type": "ndarray", "data": [[0.9999813875792417, -0.0024250062651481005, -0.005598556930879192, -0.7353872048371578], [-0.0024259620244710335, -0.9999970439131374, -0.00016393060524061957, 0.09218178699146183], [-0.005598142848313839, 0.0001775094406013717, -0.9999843145205074, -0.0018331798123271605], [0.0, 0.0, 0.0, 1.0]]}, "mean_rme": {"type": "float", "data": 0.002197294494285699}, "max_rme": {"type": "float", "data": 0.007140647921125898}, "simu": {"type": "float", "data": 0.002}}, {"type": "dict", "image_number": {"type": "int", "data": 23}, "Hcamera2end": {"type": "ndarray", "data": [[0.9999951307012223, -0.003092391451612841, 0.0004191526635875366, -0.012828816037735913], [-0.00039858778175008366, 0.006647776586597209, 0.9999778238512267, 0.031942483827694865], [-0.003095109307543152, -0.9999731217295615, 0.006646511627137808, 0.029982656323796892], [0.0, 0.0, 0.0, 1.0]]}, "Hobj2base": {"type": "ndarray", "data": [[0.999984872362463, -0.002162050199798511, -0.005057725295235716, -0.7352317063691917], [-0.0021625567473905227, -0.9999976571886429, -9.468653696914547e-05, 0.09210024634370499], [-0.005057508728893279, 0.00010562272254919429, -0.9999872051427949, -0.0018420843570972477], [0.0, 0.0, 0.0, 1.0]]}, "mean_rme": {"type": "float", "data": 0.002137481089127772}, "max_rme": {"type": "float", "data": 0.0071627694483411}, "simu": {"type": "float", "data": 0.002}}, {"type": "dict", "image_number": {"type": "int", "data": 24}, "Hcamera2end": {"type": "ndarray", "data": [[0.9999953800450488, -0.0030270837354176403, 0.0002768620905624693, -0.01276058721454356], [-0.0002574829879500467, 0.006400421576385318, 0.9999794839426235, 0.03213569645909201], [-0.0030287936656921595, -0.9999749353697338, 0.006399612584160996, 0.029786704003581473], [0.0, 0.0, 0.0, 1.0]]}, "Hobj2base": {"type": "ndarray", "data": [[0.9999855957122673, -0.0021814832593064198, -0.004904028830599868, -0.735015478519942], [-0.0021834939620610306, -0.9999975342854888, -0.0004046937860282131, 0.09186102543227916], [-0.004903133905945451, 0.00041539587404386353, -0.999987893288798, -0.002081499934036793], [0.0, 0.0, 0.0, 1.0]]}, "mean_rme": {"type": "float", "data": 0.002144320759697387}, "max_rme": {"type": "float", "data": 0.007293228195398571}, "simu": {"type": "float", "data": 0.002}}, {"type": "dict", "image_number": {"type": "int", "data": 25}, "Hcamera2end": {"type": "ndarray", "data": [[0.9999953033192366, -0.0030431798911482134, 0.0003638620867060238, -0.012827937707677668], [-0.0003447709307501524, 0.006271596928384193, 0.9999802739079271, 0.03209640025411028], [-0.0030454018574468276, -0.9999757027688811, 0.006270518272732062, 0.029732647735060826], [0.0, 0.0, 0.0, 1.0]]}, "Hobj2base": {"type": "ndarray", "data": [[0.9999851698101969, -0.0024256072423641546, -0.004876124401339501, -0.7348941492627604], [-0.0024259654415566987, -0.99999705506024, -6.754645794321946e-05, 0.091958669808376], [-0.004875946200269293, 7.93747655028086e-05, -0.9999881093534557, -0.001976671881692529], [0.0, 0.0, 0.0, 1.0]]}, "mean_rme": {"type": "float", "data": 0.002093456981160391}, "max_rme": {"type": "float", "data": 0.007342351343242126}, "simu": {"type": "float", "data": 0.002}}, {"type": "dict", "image_number": {"type": "int", "data": 26}, "Hcamera2end": {"type": "ndarray", "data": [[0.9999980077856037, -0.001986992917141687, 0.00019048351892854323, -0.012463488964227087], [-0.00017943487865053386, 0.005559179989486962, 0.9999845315408477, 0.0320639890075836], [-0.001988021113589667, -0.9999825735366549, 0.005558812378575695, 0.03012077554560418], [0.0, 0.0, 0.0, 1.0]]}, "Hobj2base": {"type": "ndarray", "data": [[0.9999898257808607, -0.0015614844043054675, -0.004232032752587748, -0.7351635826686417], [-0.0015623183190444014, -0.9999987608105274, -0.00019374952722766114, 0.09204954424041317], [-0.004231724971432207, 0.00020035933827367673, -0.9999910261396856, -0.0021351020412866514], [0.0, 0.0, 0.0, 1.0]]}, "mean_rme": {"type": "float", "data": 0.002079790451322135}, "max_rme": {"type": "float", "data": 0.007624267220149528}, "simu": {"type": "float", "data": 0.002}}, {"type": "dict", "image_number": {"type": "int", "data": 27}, "Hcamera2end": {"type": "ndarray", "data": [[0.9999976365420031, -0.002146563488441603, 0.00034521818873786464, -0.012595233803652432], [-0.0003340229674919595, 0.005213588924488866, 0.9999863533664766, 0.03209461718448476], [-0.0021483340208016772, -0.9999841052515368, 0.005212859600884134, 0.030331639610466848], [0.0, 0.0, 0.0, 1.0]]}, "Hobj2base": {"type": "ndarray", "data": [[0.9999911197709365, -0.001486346115138742, -0.003943495212946211, -0.7351716126048997], [-0.0014849698691350112, -0.9999988355160023, 0.0003518964713079277, 0.09197572313572859], [-0.003944013660762202, -0.0003460373748163526, -0.9999921624764758, -0.002129928330563997], [0.0, 0.0, 0.0, 1.0]]}, "mean_rme": {"type": "float", "data": 0.0020292111536334275}, "max_rme": {"type": "float", "data": 0.007568256389014705}, "simu": {"type": "float", "data": 0.002}}, {"type": "dict", "image_number": {"type": "int", "data": 28}, "Hcamera2end": {"type": "ndarray", "data": [[0.999999525029962, -0.0009550034779497122, 0.00019470030175990663, -0.012808074261370272], [-0.00019084522295892441, 0.004035148444199388, 0.9999918405442788, 0.03208647348033926], [-0.0009557813302608518, -0.9999914027357387, 0.0040349642697731225, 0.0310298136691168], [0.0, 0.0, 0.0, 1.0]]}, "Hobj2base": {"type": "ndarray", "data": [[0.9999952358222038, -0.0002605335902033651, -0.0030757852888900292, -0.7351996838713452], [-0.00026088554378460055, -0.9999999594683364, -0.0001140265665639814, 0.0914929154279045], [-0.00307575545647257, 0.00011482845123880154, -0.9999952632601807, -0.0022477506981605955], [0.0, 0.0, 0.0, 1.0]]}, "mean_rme": {"type": "float", "data": 0.0020594053756453957}, "max_rme": {"type": "float", "data": 0.007508996707506876}, "simu": {"type": "float", "data": 0.002}}, {"type": "dict", "image_number": {"type": "int", "data": 29}, "Hcamera2end": {"type": "ndarray", "data": [[0.9999994518977062, -0.001025178165147452, 0.0002126358782746626, -0.012811652067158818], [-0.00020817437525540573, 0.00435007375817853, 0.9999905167158976, 0.032091321547214086], [-0.0010260934248457862, -0.9999900128841428, 0.004349857958069081, 0.030794675384516444], [0.0, 0.0, 0.0, 1.0]]}, "Hobj2base": {"type": "ndarray", "data": [[0.9999948194712178, -0.00017861644708914217, -0.0032138959054923313, -0.7351642022824973], [-0.00017930171483330218, -0.9999999612551305, -0.00021293340141077328, 0.09143857536422281], [-0.0032138577475627262, 0.0002135085553503091, -0.9999948127527842, -0.0023212196644625508], [0.0, 0.0, 0.0, 1.0]]}, "mean_rme": {"type": "float", "data": 0.0020407689556038297}, "max_rme": {"type": "float", "data": 0.007508130652687239}, "simu": {"type": "float", "data": 0.002}}, {"type": "dict", "image_number": {"type": "int", "data": 30}, "Hcamera2end": {"type": "ndarray", "data": [[0.9999999734894398, -0.00015495446275215404, -0.00017032390972909495, -0.012708737199170641], [0.0001709172201335927, 0.003837012281239671, 0.9999926240348262, 0.032120076831248734], [-0.000154299784880014, -0.9999926266357508, 0.0038370386639043907, 0.0314240200428158], [0.0, 0.0, 0.0, 1.0]]}, "Hobj2base": {"type": "ndarray", "data": [[0.9999955931031497, 0.000697655025727698, -0.0028856631378374738, -0.7355984559456432], [0.000696315165260011, -0.9999996493228518, -0.00046529492216715784, 0.09106702375422758], [-0.0028859867412422487, 0.00046328354065572287, -0.9999957282153213, -0.0025068717816992196], [0.0, 0.0, 0.0, 1.0]]}, "mean_rme": {"type": "float", "data": 0.0020686716528692133}, "max_rme": {"type": "float", "data": 0.0075740166324924085}, "simu": {"type": "float", "data": 0.002}}]}