{"type": "list", "data": [{"type": "dict", "image_number": {"type": "int", "data": 5}, "Hcamera2end": {"type": "ndarray", "data": [[0.9999171376821653, 0.00940881954400294, 0.00878589120659935, -0.015953300908722205], [-0.0086654948955354, -0.012761327162044589, 0.9998810217857317, 0.034181812444342013], [0.009519819731552765, -0.9998743034221111, -0.012678737651165672, 0.03472552435321876], [0.0, 0.0, 0.0, 1.0]]}, "Hobj2base": {"type": "ndarray", "data": [[0.9998259072094073, 0.01151148069371391, 0.014684722848041563, -0.7314528432213174], [0.011325973914378513, -0.9998557906218024, 0.012653864032043055, 0.09155064772941976], [0.014828269884796385, -0.012485342297625138, -0.9998121016670758, -0.007111011260284727], [0.0, 0.0, 0.0, 1.0]]}, "mean_rme": {"type": "float", "data": 0.0013965452920865476}, "max_rme": {"type": "float", "data": 0.003798962655145649}, "simu": {"type": "float", "data": 0.002}}, {"type": "dict", "image_number": {"type": "int", "data": 6}, "Hcamera2end": {"type": "ndarray", "data": [[0.9999577348930876, 0.009180078281091613, 0.0005045693595328669, -0.01666431986214241], [-0.0005361821420602946, 0.003441493670594542, 0.9999939342966165, 0.03375162943590791], [0.009178286125202514, -0.9999519399871518, 0.0034462704095337138, 0.035937226651990416], [0.0, 0.0, 0.0, 1.0]]}, "Hobj2base": {"type": "ndarray", "data": [[0.9999401390452801, 0.010926567588946199, -0.0005731028092498207, -0.74031379968682], [0.010928067469180347, -0.9999366880633349, 0.002682760950647426, 0.0868800555085445], [-0.0005437531561488241, -0.0026888632641818943, -0.9999962371663467, -0.00573452552023022], [0.0, 0.0, 0.0, 1.0]]}, "mean_rme": {"type": "float", "data": 0.0013455709319498642}, "max_rme": {"type": "float", "data": 0.0038914055601107778}, "simu": {"type": "float", "data": 0.002}}, {"type": "dict", "image_number": {"type": "int", "data": 7}, "Hcamera2end": {"type": "ndarray", "data": [[0.9999368456197624, 0.010062128672992207, 0.005005830457341438, -0.017304216475122505], [-0.004955539603946214, -0.0050167672511662875, 0.9999751370277069, 0.034367769090160524], [0.010086991584869084, -0.999936790808757, -0.004966587143200751, 0.0344597345548715], [0.0, 0.0, 0.0, 1.0]]}, "Hobj2base": {"type": "ndarray", "data": [[0.9999085557616122, 0.011508969992351861, 0.0071009664442222694, -0.7348024934744302], [0.011462261447522496, -0.9999126314043634, 0.006583777070263012, 0.08842507667133397], [0.007176118535494364, -0.0065017818878693465, -0.9999531139783744, -0.00642880459348562], [0.0, 0.0, 0.0, 1.0]]}, "mean_rme": {"type": "float", "data": 0.0019578960477141193}, "max_rme": {"type": "float", "data": 0.006889472187059986}, "simu": {"type": "float", "data": 0.002}}, {"type": "dict", "image_number": {"type": "int", "data": 8}, "Hcamera2end": {"type": "ndarray", "data": [[0.9999363268772845, 0.010059579251671056, 0.005113419251712166, -0.017618885253042737], [-0.005053249193989749, -0.005997721364212616, 0.9999692455325918, 0.03464573147674015], [0.01008993873855899, -0.9999314137498215, -0.005946505909818933, 0.03432953079034061], [0.0, 0.0, 0.0, 1.0]]}, "Hobj2base": {"type": "ndarray", "data": [[0.9999018249444375, 0.011477287180740587, 0.008038180873452323, -0.734123167710996], [0.011422500054753449, -0.9999114422224598, 0.006828924153853568, 0.08862895208614656], [0.008115846553667979, -0.006736437602378203, -0.9999443751745123, -0.006543529697014591], [0.0, 0.0, 0.0, 1.0]]}, "mean_rme": {"type": "float", "data": 0.002062722405859878}, "max_rme": {"type": "float", "data": 0.00773739034159493}, "simu": {"type": "float", "data": 0.002}}, {"type": "dict", "image_number": {"type": "int", "data": 9}, "Hcamera2end": {"type": "ndarray", "data": [[0.9999283893702542, 0.011430213970191297, -0.0035449033844352, -0.014933510271132414], [0.00362446609895264, -0.006947551804401764, 0.9999692969133714, 0.03502582215690621], [0.011405234627436624, -0.999910536864434, -0.006988482708880639, 0.0353199150337498], [0.0, 0.0, 0.0, 1.0]]}, "Hobj2base": {"type": "ndarray", "data": [[0.9998951583969414, 0.01308115439266629, 0.006209316718495809, -0.7352128900662678], [0.013082892938573235, -0.9999143866226099, -0.0002394524733950584, 0.087783745183666], [0.0062056528031460695, 0.00032066319466366486, -0.9999806933378272, -0.007056364142253944], [0.0, 0.0, 0.0, 1.0]]}, "mean_rme": {"type": "float", "data": 0.00232400863806162}, "max_rme": {"type": "float", "data": 0.007424483962373635}, "simu": {"type": "float", "data": 0.002}}, {"type": "dict", "image_number": {"type": "int", "data": 10}, "Hcamera2end": {"type": "ndarray", "data": [[0.9999329218302205, 0.01117662677673433, -0.0030388902533172663, -0.014657866243709508], [0.003106430998572215, -0.00603064739210768, 0.9999769904245212, 0.03494119013384339], [0.011158043131715846, -0.9999193539010661, -0.006064962287196662, 0.035415391500056764], [0.0, 0.0, 0.0, 1.0]]}, "Hobj2base": {"type": "ndarray", "data": [[0.99990492894857, 0.012667972499524427, 0.005445689773245852, -0.7359052700903469], [0.012670905332431424, -0.9999195936389553, -0.000504395641203721, 0.0880325922161529], [0.005438862235036159, 0.0005733495073663631, -0.9999850449121379, -0.006887790608412292], [0.0, 0.0, 0.0, 1.0]]}, "mean_rme": {"type": "float", "data": 0.0023736788903760586}, "max_rme": {"type": "float", "data": 0.006870895175257796}, "simu": {"type": "float", "data": 0.002}}, {"type": "dict", "image_number": {"type": "int", "data": 11}, "Hcamera2end": {"type": "ndarray", "data": [[0.9999338353168018, 0.011221501889896457, -0.0025303920578086427, -0.01434943251349632], [0.002605322297935234, -0.00666779715855248, 0.9999743760600948, 0.03493174516683723], [0.011204342209833304, -0.9999148055591471, -0.006696591614955949, 0.035436993942967905], [0.0, 0.0, 0.0, 1.0]]}, "Hobj2base": {"type": "ndarray", "data": [[0.9999022633432856, 0.01253105841422982, 0.006199704508600487, -0.7353914843323359], [0.012531477916157096, -0.9999214775323808, -2.8821825359364364e-05, 0.0884430153766111], [0.006198856524526777, 0.0001065104685467399, -0.9999807812319739, -0.00688457289439717], [0.0, 0.0, 0.0, 1.0]]}, "mean_rme": {"type": "float", "data": 0.0021998364939421243}, "max_rme": {"type": "float", "data": 0.0072077166619291255}, "simu": {"type": "float", "data": 0.002}}, {"type": "dict", "image_number": {"type": "int", "data": 12}, "Hcamera2end": {"type": "ndarray", "data": [[0.9999435791281663, 0.010321570886206976, -0.0025107239580476563, -0.014027002241026841], [0.0025690479949147444, -0.00564132405398432, 0.9999807875430995, 0.03494549841670726], [0.01030720877601373, -0.9999308179255997, -0.005667522376552547, 0.03491550416142037], [0.0, 0.0, 0.0, 1.0]]}, "Hobj2base": {"type": "ndarray", "data": [[0.9999111942825788, 0.012125604550465635, 0.0055293094209606895, -0.7355390292730881], [0.012123966583932529, -0.9999264476751679, 0.0003296573839752983, 0.08885004956114466], [0.005532900022473289, -0.0002625909458628604, -0.9999846589139936, -0.006746988196765442], [0.0, 0.0, 0.0, 1.0]]}, "mean_rme": {"type": "float", "data": 0.002134466791687412}, "max_rme": {"type": "float", "data": 0.007522470371324558}, "simu": {"type": "float", "data": 0.002}}, {"type": "dict", "image_number": {"type": "int", "data": 13}, "Hcamera2end": {"type": "ndarray", "data": [[0.999943824739852, 0.01014589679573073, -0.003067269607750074, -0.014189414502479092], [0.003106146887722613, -0.003818287180753721, 0.9999878861938865, 0.035046779653152005], [0.01013406217408091, -0.9999412390041806, -0.003849587333233373, 0.03507112031616943], [0.0, 0.0, 0.0, 1.0]]}, "Hobj2base": {"type": "ndarray", "data": [[0.9999235401150302, 0.011783337436648457, 0.003750584311773453, -0.7366395969399593], [0.011781276297991623, -0.9999304352260787, 0.0005711719306874729, 0.08893765845289692], [0.0037570537148173657, -0.0005269415888914388, -0.999992803414077, -0.006568159881893538], [0.0, 0.0, 0.0, 1.0]]}, "mean_rme": {"type": "float", "data": 0.0021521368220780413}, "max_rme": {"type": "float", "data": 0.006843991484586559}, "simu": {"type": "float", "data": 0.002}}, {"type": "dict", "image_number": {"type": "int", "data": 14}, "Hcamera2end": {"type": "ndarray", "data": [[0.9999485570412937, 0.009790560692919476, -0.0026510738112614923, -0.01425093026166146], [0.002700311883647143, -0.005019347002797048, 0.9999837571037825, 0.035167049832816426], [0.00977709500646948, -0.9999394737067758, -0.005045526360123009, 0.03578916057974029], [0.0, 0.0, 0.0, 1.0]]}, "Hobj2base": {"type": "ndarray", "data": [[0.9999264419570204, 0.011214505636484413, 0.004620123212950422, -0.7367173356050563], [0.011212855583059119, -0.999937060650415, 0.0003828935649507757, 0.08909233172902961], [0.00462412638744271, -0.00033106062568671624, -0.9999892538692681, -0.006595553351140747], [0.0, 0.0, 0.0, 1.0]]}, "mean_rme": {"type": "float", "data": 0.0020829780844315326}, "max_rme": {"type": "float", "data": 0.006725672327673599}, "simu": {"type": "float", "data": 0.002}}, {"type": "dict", "image_number": {"type": "int", "data": 15}, "Hcamera2end": {"type": "ndarray", "data": [[0.9999685567842729, 0.00792906513416804, -0.00012397127297690503, -0.015097260251817183], [0.0001615586645506784, -0.004739992080207589, 0.999988753123693, 0.03512825934133743], [0.007928388334101158, -0.999957330290237, -0.004741124048788237, 0.03561203701745239], [0.0, 0.0, 0.0, 1.0]]}, "Hobj2base": {"type": "ndarray", "data": [[0.9999471383239552, 0.009102179945263553, 0.004782350674814587, -0.7362346453950407], [0.009092596804213971, -0.9999566175800483, 0.002021791587621805, 0.08935265076890833], [0.004800545915711612, -0.0019782007258674207, -0.9999865206495526, -0.006276429330517974], [0.0, 0.0, 0.0, 1.0]]}, "mean_rme": {"type": "float", "data": 0.0020762997812982823}, "max_rme": {"type": "float", "data": 0.006581238365805292}, "simu": {"type": "float", "data": 0.002}}, {"type": "dict", "image_number": {"type": "int", "data": 16}, "Hcamera2end": {"type": "ndarray", "data": [[0.9999647629030688, 0.00838772844338212, 0.00034491124855745483, -0.014906331016470058], [-0.0002961513112452749, -0.0058137943954037485, 0.9999830559010132, 0.03498970226441], [0.008389591563964873, -0.9999479215470615, -0.00581110549739039, 0.03572289754889488], [0.0, 0.0, 0.0, 1.0]]}, "Hobj2base": {"type": "ndarray", "data": [[0.9999383368574924, 0.009448810644123416, 0.005834591680959058, -0.7356797056504591], [0.009437100566355574, -0.999953406412369, 0.002031289541108303, 0.08936329245763248], [0.005853513096637602, -0.0019761026569550233, -0.9999809155192494, -0.006385936095244422], [0.0, 0.0, 0.0, 1.0]]}, "mean_rme": {"type": "float", "data": 0.0021187414431124096}, "max_rme": {"type": "float", "data": 0.00675884690186887}, "simu": {"type": "float", "data": 0.002}}, {"type": "dict", "image_number": {"type": "int", "data": 17}, "Hcamera2end": {"type": "ndarray", "data": [[0.9999642236016371, 0.008452654914607435, 0.0003227098848310045, -0.014850074745705362], [-0.0002753349679340891, -0.005605302229801934, 0.9999842522647885, 0.034975611793270404], [0.008454330690873028, -0.9999485652831387, -0.0056027743808064745, 0.03560568666958916], [0.0, 0.0, 0.0, 1.0]]}, "Hobj2base": {"type": "ndarray", "data": [[0.999941491917876, 0.009352157246973344, 0.005435981593080281, -0.7356772219697338], [0.009344198411449255, -0.9999552354075518, 0.001487661612901111, 0.08942610949505464], [0.00544965109891385, -0.0014367796821065624, -0.999984118357409, -0.00639004148792361], [0.0, 0.0, 0.0, 1.0]]}, "mean_rme": {"type": "float", "data": 0.002016213151965866}, "max_rme": {"type": "float", "data": 0.0067706651529271245}, "simu": {"type": "float", "data": 0.002}}, {"type": "dict", "image_number": {"type": "int", "data": 18}, "Hcamera2end": {"type": "ndarray", "data": [[0.9999739649697751, 0.007121265331343206, 0.0011648874227362035, -0.015153031480726074], [-0.0011219250051594273, -0.006033996113693263, 0.9999811659102298, 0.03492313608420994], [0.0071281601349743595, -0.9999564382866788, -0.006025849492778512, 0.03568053538059371], [0.0, 0.0, 0.0, 1.0]]}, "Hobj2base": {"type": "ndarray", "data": [[0.9999510706638403, 0.008170765466341656, 0.005576277426161381, -0.7355102941858047], [0.008157699281283584, -0.9999639360114627, 0.002361910010894667, 0.08947641861842442], [0.005595374936107828, -0.0023163048498541306, -0.9999816630874623, -0.006284573367564365], [0.0, 0.0, 0.0, 1.0]]}, "mean_rme": {"type": "float", "data": 0.0020118965573805935}, "max_rme": {"type": "float", "data": 0.0070807570464729574}, "simu": {"type": "float", "data": 0.002}}, {"type": "dict", "image_number": {"type": "int", "data": 19}, "Hcamera2end": {"type": "ndarray", "data": [[0.9999779664411892, 0.006485783348747415, 0.001414654197007609, -0.01492903358517419], [-0.001375859336798024, -0.005982087594392338, 0.9999811606420884, 0.03488801851129485], [0.006494123746075844, -0.999961073863561, -0.005973032262136746, 0.03572774594826064], [0.0, 0.0, 0.0, 1.0]]}, "Hobj2base": {"type": "ndarray", "data": [[0.9999566831601584, 0.007468670361955697, 0.005554346618545161, -0.7352426340332148], [0.007453523284634801, -0.9999684605611359, 0.002742785744074508, 0.08987086718456384], [0.005574656400165518, -0.0027012674834114535, -0.9999808129959311, -0.006223852793154633], [0.0, 0.0, 0.0, 1.0]]}, "mean_rme": {"type": "float", "data": 0.001971205140853049}, "max_rme": {"type": "float", "data": 0.007208760808945697}, "simu": {"type": "float", "data": 0.002}}, {"type": "dict", "image_number": {"type": "int", "data": 20}, "Hcamera2end": {"type": "ndarray", "data": [[0.9999800923552115, 0.006182375322200676, 0.0012621919973299137, -0.01486667496554189], [-0.001228068447189494, -0.005520178470428183, 0.9999840096109255, 0.03327339424737868], [0.006189243988703078, -0.9999656523426342, -0.005512476196614102, 0.03541349404791021], [0.0, 0.0, 0.0, 1.0]]}, "Hobj2base": {"type": "ndarray", "data": [[0.999962425214269, 0.007147882595368523, 0.004904684903248003, -0.735231630469895], [0.007135071055581324, -0.9999711005757355, 0.002624647477975178, 0.0897091879589669], [0.004923303832704898, -0.0025895535821186624, -0.9999845275261092, -0.0045865511486199995], [0.0, 0.0, 0.0, 1.0]]}, "mean_rme": {"type": "float", "data": 0.0019474660810835387}, "max_rme": {"type": "float", "data": 0.007399576555347259}, "simu": {"type": "float", "data": 0.002}}, {"type": "dict", "image_number": {"type": "int", "data": 21}, "Hcamera2end": {"type": "ndarray", "data": [[0.9999673102517549, 0.00808263287631834, -0.00022242674577841424, -0.014713127497606329], [0.0002602726687606057, -0.00468162545454498, 0.9999890072602005, 0.033112880588872975], [0.008081502707323426, -0.999956375762908, -0.004683576101816911, 0.03520974323243498], [0.0, 0.0, 0.0, 1.0]]}, "Hobj2base": {"type": "ndarray", "data": [[0.9999537661610078, 0.008836735579841234, 0.0037917864797921918, -0.7359891091074358], [0.008830447302916994, -0.9999596130866144, 0.0016719438086454585, 0.08916678510697951], [0.0038064078665814073, -0.0016383833375708875, -0.9999914134427319, -0.00452363586011389], [0.0, 0.0, 0.0, 1.0]]}, "mean_rme": {"type": "float", "data": 0.0020572819213550706}, "max_rme": {"type": "float", "data": 0.006885327218262988}, "simu": {"type": "float", "data": 0.002}}, {"type": "dict", "image_number": {"type": "int", "data": 22}, "Hcamera2end": {"type": "ndarray", "data": [[0.9999710438408533, 0.007593040316681456, 0.0005071672143719549, -0.01529802182987286], [-0.0004786438205839111, -0.0037578641998070594, 0.9999928246526315, 0.033229200062952685], [0.007594891699497805, -0.9999641114537086, -0.0037541210246663237, 0.03489031543794283], [0.0, 0.0, 0.0, 1.0]]}, "Hobj2base": {"type": "ndarray", "data": [[0.999961476293558, 0.008186838050053113, 0.003165692902060386, -0.7359759487056777], [0.00818081843618958, -0.9999647127911124, 0.0019098121119338295, 0.08902917131789029], [0.0031812165160601076, -0.0018838405800361798, -0.9999931654797187, -0.004298177783538667], [0.0, 0.0, 0.0, 1.0]]}, "mean_rme": {"type": "float", "data": 0.002084231396409523}, "max_rme": {"type": "float", "data": 0.0070204016909740374}, "simu": {"type": "float", "data": 0.002}}, {"type": "dict", "image_number": {"type": "int", "data": 23}, "Hcamera2end": {"type": "ndarray", "data": [[0.9999749913296629, 0.007027235173193579, 0.0007966687274197706, -0.015748807735881235], [-0.0007803949313790726, -0.0023182558873580117, 0.9999970083322209, 0.03323185922228511], [0.007029061032008151, -0.9999726214529383, -0.0023127138921501533, 0.034223618245083284], [0.0, 0.0, 0.0, 1.0]]}, "Hobj2base": {"type": "ndarray", "data": [[0.9999689830895807, 0.007621126777724465, 0.0019877840495728986, -0.7361791795469388], [0.0076166388499537, -0.9999684489609668, 0.002255636324374934, 0.08889768015002121], [0.0020049118233132625, -0.0022404261282878276, -0.9999954803994588, -0.004064766322832514], [0.0, 0.0, 0.0, 1.0]]}, "mean_rme": {"type": "float", "data": 0.0020653644627131457}, "max_rme": {"type": "float", "data": 0.006986261619791628}, "simu": {"type": "float", "data": 0.002}}, {"type": "dict", "image_number": {"type": "int", "data": 24}, "Hcamera2end": {"type": "ndarray", "data": [[0.9999787917540893, 0.006464551345708476, 0.0007909601319737647, -0.015746299869810146], [-0.0007690889308351835, -0.003385037175275718, 0.999993974994619, 0.033282398234491306], [0.006467189826202724, -0.9999733751951703, -0.003379993569692097, 0.03468052007601959], [0.0, 0.0, 0.0, 1.0]]}, "Hobj2base": {"type": "ndarray", "data": [[0.9999706673513801, 0.006961202190878616, 0.0031946988736376632, -0.7361144525276911], [0.006955348356909641, -0.9999741187509361, 0.00183982540550945, 0.08894362203623153], [0.003207423587484097, -0.0018175511949957315, -0.9999932044477022, -0.004273317750727153], [0.0, 0.0, 0.0, 1.0]]}, "mean_rme": {"type": "float", "data": 0.0020424749085016093}, "max_rme": {"type": "float", "data": 0.007077198718066918}, "simu": {"type": "float", "data": 0.002}}, {"type": "dict", "image_number": {"type": "int", "data": 25}, "Hcamera2end": {"type": "ndarray", "data": [[0.9999732036217749, 0.007286281110680146, -0.0007086225938753767, -0.01547667778968335], [0.0007336506030413835, -0.003432850818558819, 0.9999938386270437, 0.03323367052796558], [0.007283803621533325, -0.9999675622953144, -0.003438104415120602, 0.03438640033724909], [0.0, 0.0, 0.0, 1.0]]}, "Hobj2base": {"type": "ndarray", "data": [[0.999965237929548, 0.007664472486781183, 0.0032831073698510647, -0.7357859800462164], [0.007662911375815408, -0.9999705204790144, 0.0004878136694756622, 0.08845683271827573], [0.0032867494198668278, -0.00046263855125006125, -0.99999449160674, -0.00440539344549639], [0.0, 0.0, 0.0, 1.0]]}, "mean_rme": {"type": "float", "data": 0.0020803185679119096}, "max_rme": {"type": "float", "data": 0.0068217122354680484}, "simu": {"type": "float", "data": 0.002}}, {"type": "dict", "image_number": {"type": "int", "data": 26}, "Hcamera2end": {"type": "ndarray", "data": [[0.9999783997605762, 0.0065674736808700495, -0.00026134599357318603, -0.015590348947121305], [0.0002850639783491503, -0.003610755483582917, 0.9999934405701701, 0.031591445940027725], [0.006566486945507872, -0.9999719149727603, -0.0036125496405752244, 0.034398619359589704], [0.0, 0.0, 0.0, 1.0]]}, "Hobj2base": {"type": "ndarray", "data": [[0.9999706295127586, 0.006956682640545589, 0.0032163144274161147, -0.7356781560467975], [0.006954278179399051, -0.9999755313025458, 0.0007581630394959122, 0.08851196169269546], [0.0032215100280470377, -0.0007357736266373675, -0.9999945402402501, -0.002685432047486985], [0.0, 0.0, 0.0, 1.0]]}, "mean_rme": {"type": "float", "data": 0.0021056088127556247}, "max_rme": {"type": "float", "data": 0.007037398998343186}, "simu": {"type": "float", "data": 0.002}}, {"type": "dict", "image_number": {"type": "int", "data": 27}, "Hcamera2end": {"type": "ndarray", "data": [[0.9999747628129361, 0.0070983142078622306, 0.0002960956241426895, -0.01573927950266083], [-0.00027058449938520326, -0.003594660498810409, 0.9999935025788556, 0.0316470437396728], [0.0070993324503693805, -0.9999683456746544, -0.003592649085894406, 0.03438428914912455], [0.0, 0.0, 0.0, 1.0]]}, "Hobj2base": {"type": "ndarray", "data": [[0.9999682754797629, 0.007268502939331164, 0.0032583583366490826, -0.7356074308967865], [0.007265066443243754, -0.9999730416418011, 0.0010652695530629628, 0.08842314418878189], [0.0032660134115355195, -0.001041563568085816, -0.9999941241336021, -0.0027583833069238423], [0.0, 0.0, 0.0, 1.0]]}, "mean_rme": {"type": "float", "data": 0.0021257163298915803}, "max_rme": {"type": "float", "data": 0.007270729544747806}, "simu": {"type": "float", "data": 0.002}}, {"type": "dict", "image_number": {"type": "int", "data": 28}, "Hcamera2end": {"type": "ndarray", "data": [[0.9999719299055718, 0.007487929325226277, 0.00026517041039241917, -0.015861172591678203], [-0.0002350129950024673, -0.0040280633471942995, 0.9999918597041496, 0.0316310728373251], [0.007488936494477123, -0.9999638521567126, -0.004026190518378492, 0.03456427238530388], [0.0, 0.0, 0.0, 1.0]]}, "Hobj2base": {"type": "ndarray", "data": [[0.9999630729217772, 0.0077618671453332, 0.0036886598182255437, -0.7355442494843472], [0.007758696860284127, -0.9999695197806893, 0.0008730020660025061, 0.08826087048535415], [0.0036953235131192354, -0.0008443506352366033, -0.9999928158022624, -0.002774314440990417], [0.0, 0.0, 0.0, 1.0]]}, "mean_rme": {"type": "float", "data": 0.002118105688339988}, "max_rme": {"type": "float", "data": 0.007184860131297682}, "simu": {"type": "float", "data": 0.002}}, {"type": "dict", "image_number": {"type": "int", "data": 29}, "Hcamera2end": {"type": "ndarray", "data": [[0.9999721138737231, 0.007466077144409177, 0.0001707834638549977, -0.015793036982709997], [-0.0001415271016159017, -0.003918924912840849, 0.9999923109692429, 0.030111151752152846], [0.007466689025083582, -0.999964449227872, -0.003917758976947239, 0.034506843893516596], [0.0, 0.0, 0.0, 1.0]]}, "Hobj2base": {"type": "ndarray", "data": [[0.99996344352151, 0.007721687900747456, 0.003672486428469268, -0.7354650389833538], [0.007719118198231877, -0.9999699527017298, 0.0007133778396407885, 0.08815033114333723], [0.003677884561207174, -0.0006850034042363817, -0.999993001943259, -0.0013170061580980996], [0.0, 0.0, 0.0, 1.0]]}, "mean_rme": {"type": "float", "data": 0.0021301827829588453}, "max_rme": {"type": "float", "data": 0.007311174133792092}, "simu": {"type": "float", "data": 0.002}}, {"type": "dict", "image_number": {"type": "int", "data": 30}, "Hcamera2end": {"type": "ndarray", "data": [[0.9999677851018253, 0.008023324320100536, 0.0002345749439001607, -0.016343738132613153], [-0.00020821519042559487, -0.003286068027035016, 0.9999945791869855, 0.030009024276111924], [0.008024051656382735, -0.9999624133055083, -0.0032842915886870383, 0.03434426861224878], [0.0, 0.0, 0.0, 1.0]]}, "Hobj2base": {"type": "ndarray", "data": [[0.9999628266637083, 0.00810969530411872, 0.0029288449601871398, -0.735900318439888], [0.008107005104205051, -0.9999667059491251, 0.0009292262887549653, 0.08768533389268801], [0.0029362831891444115, -0.00090544758527198, -0.9999952791917084, -0.0011034735460977404], [0.0, 0.0, 0.0, 1.0]]}, "mean_rme": {"type": "float", "data": 0.002152226847649475}, "max_rme": {"type": "float", "data": 0.007391315860076353}, "simu": {"type": "float", "data": 0.002}}]}