{"type": "list", "data": [{"type": "dict", "image_number": {"type": "int", "data": 5}, "Hcamera2end": {"type": "ndarray", "data": [[0.9998858235382267, 0.00811343250222544, -0.012748023388506249, -0.016188519408755122], [0.012850621859079843, -0.012721564595205237, 0.9998364982896378, 0.024869978029115905], [0.007949931139136352, -0.9998861605239279, -0.012824374745036726, 0.02671324034927134], [0.0, 0.0, 0.0, 1.0]]}, "Hobj2base": {"type": "ndarray", "data": [[0.9998489836114561, 0.014147715454127834, 0.010092181060961424, -0.7228270287432312], [0.01421491298852991, -0.9998770615440464, -0.006618009275580646, 0.08193528148877745], [0.009997310631700894, 0.006760469323366554, -0.9999271722653911, 0.001508509519635215], [0.0, 0.0, 0.0, 1.0]]}, "mean_rme": {"type": "float", "data": 0.0016510587317710448}, "max_rme": {"type": "float", "data": 0.005136492931270914}, "simu": {"type": "float", "data": 0.002}}, {"type": "dict", "image_number": {"type": "int", "data": 6}, "Hcamera2end": {"type": "ndarray", "data": [[0.9999800199642178, 0.006150615872642951, 0.0014593137941009346, -0.01530680593135068], [-0.0015768007486544142, 0.019140294543724456, 0.9998155644038447, 0.02631648318740866], [0.006121549784286946, -0.9997978891001753, 0.019149610415667317, 0.030135005087014798], [0.0, 0.0, 0.0, 1.0]]}, "Hobj2base": {"type": "ndarray", "data": [[0.999863591405406, 0.0005747865922691922, -0.01650661086524249, -0.740016344626374], [0.0007155435961961521, -0.9999634253659804, 0.00852267139441146, 0.09156211058690233], [-0.01650110842474337, -0.00853332002848389, -0.9998274330453463, 0.00502235335802297], [0.0, 0.0, 0.0, 1.0]]}, "mean_rme": {"type": "float", "data": 0.001550716383726294}, "max_rme": {"type": "float", "data": 0.004584088224263705}, "simu": {"type": "float", "data": 0.002}}, {"type": "dict", "image_number": {"type": "int", "data": 7}, "Hcamera2end": {"type": "ndarray", "data": [[0.9999725508566236, 0.005965848207575941, 0.0043938807973744245, -0.016048684284274212], [-0.004484424497731528, 0.01524941737836849, 0.9998736646229585, 0.029572783502690148], [0.005898090387703303, -0.9998659229740678, 0.01527575219077626, 0.031218532727836572], [0.0, 0.0, 0.0, 1.0]]}, "Hobj2base": {"type": "ndarray", "data": [[0.9999252690796467, 0.0026912665114751937, -0.0119253234991854, -0.7396675364816848], [0.002795011142947556, -0.999958322750155, 0.008691413890040916, 0.0900874883385776], [-0.011901435573358803, -0.00872409578474522, -0.9998911170642693, 0.0014814424905674115], [0.0, 0.0, 0.0, 1.0]]}, "mean_rme": {"type": "float", "data": 0.001751252145271248}, "max_rme": {"type": "float", "data": 0.004332107813412964}, "simu": {"type": "float", "data": 0.002}}, {"type": "dict", "image_number": {"type": "int", "data": 8}, "Hcamera2end": {"type": "ndarray", "data": [[0.9999690644657614, 0.00637346892171505, 0.0046096643450282155, -0.01579659307376284], [-0.0047106495539729, 0.01592145985404625, 0.9998621489469917, 0.02960025370275581], [0.006299197746502878, -0.9998529321905398, 0.01595099049371307, 0.03076805355296057], [0.0, 0.0, 0.0, 1.0]]}, "Hobj2base": {"type": "ndarray", "data": [[0.9999124081281802, 0.0022675138642415105, -0.01303972592423081, -0.7398620181092157], [0.002388973192690284, -0.9999538394858258, 0.009306540959995495, 0.09041925552321675], [-0.013018021293122536, -0.009336877338325656, -0.9998716686871276, 0.001434274915747831], [0.0, 0.0, 0.0, 1.0]]}, "mean_rme": {"type": "float", "data": 0.0017126658967357743}, "max_rme": {"type": "float", "data": 0.0048470139174427995}, "simu": {"type": "float", "data": 0.002}}, {"type": "dict", "image_number": {"type": "int", "data": 9}, "Hcamera2end": {"type": "ndarray", "data": [[0.9999791894640587, 0.00592320222874187, 0.0025566216305072964, -0.015689790939598422], [-0.002662057227167301, 0.01786147236709512, 0.9998369273317519, 0.029569201588520885], [0.005876571289743433, -0.9998229260625288, 0.017876868563583392, 0.030311901922781673], [0.0, 0.0, 0.0, 1.0]]}, "Hobj2base": {"type": "ndarray", "data": [[0.9999036378326565, 0.0015186218626657305, -0.013798870847214552, -0.7400248628662403], [0.0016252760053418885, -0.9999688697519278, 0.007721269646825629, 0.0895918285646446], [-0.013786715596048752, -0.007742952582236605, -0.9998749787640369, 0.0015689885862574064], [0.0, 0.0, 0.0, 1.0]]}, "mean_rme": {"type": "float", "data": 0.001738175189507109}, "max_rme": {"type": "float", "data": 0.004684585996513169}, "simu": {"type": "float", "data": 0.002}}, {"type": "dict", "image_number": {"type": "int", "data": 10}, "Hcamera2end": {"type": "ndarray", "data": [[0.9999788446214292, 0.005769913046714248, -0.0030030672694630126, -0.01515612545948696], [0.002918638764519025, 0.014585662118611786, 0.9998893638839866, 0.029262657153074155], [0.0058130764104568754, -0.99987697571451, 0.014568513261521976, 0.02874287049648141], [0.0, 0.0, 0.0, 1.0]]}, "Hobj2base": {"type": "ndarray", "data": [[0.9999215001696242, 0.001649616379791663, -0.012420638644113092, -0.7378962579526249], [0.0016514921535929722, -0.9999986263784213, 0.0001407655392075794, 0.0868400029824265], [-0.012420389373716643, -0.0001612670763999953, -0.9999228509843823, 0.0021872671875091563], [0.0, 0.0, 0.0, 1.0]]}, "mean_rme": {"type": "float", "data": 0.002079134911403828}, "max_rme": {"type": "float", "data": 0.007876298942331272}, "simu": {"type": "float", "data": 0.002}}, {"type": "dict", "image_number": {"type": "int", "data": 11}, "Hcamera2end": {"type": "ndarray", "data": [[0.9999863606721905, 0.0042191209014924335, -0.003078552972810527, -0.01609637261013592], [0.0030010482908544318, 0.0182546953904551, 0.9998288652591291, 0.02943106598335133], [0.00427459691009229, -0.9998244671516198, 0.018241784623110213, 0.02742014398190514], [0.0, 0.0, 0.0, 1.0]]}, "Hobj2base": {"type": "ndarray", "data": [[0.9998990951300222, -0.0010649604961614275, -0.014165642142327507, -0.7377644422933674], [-0.001046337375781113, -0.9999985787265886, 0.0013220147120034623, 0.08646540304549485], [-0.014167029902520601, -0.0013070592734553816, -0.9998987883079948, 0.0030776831004339315], [0.0, 0.0, 0.0, 1.0]]}, "mean_rme": {"type": "float", "data": 0.0021613381338957934}, "max_rme": {"type": "float", "data": 0.007974183727062878}, "simu": {"type": "float", "data": 0.002}}, {"type": "dict", "image_number": {"type": "int", "data": 12}, "Hcamera2end": {"type": "ndarray", "data": [[0.9999823668171404, 0.00410214172827788, -0.004294006058588654, -0.015669469005004915], [0.004221002614194182, 0.017642321972744957, 0.9998354522681924, 0.029826539617449094], [0.0041772229675994775, -0.9998359469976318, 0.01762469573149661, 0.027852005756413466], [0.0, 0.0, 0.0, 1.0]]}, "Hobj2base": {"type": "ndarray", "data": [[0.9999031187239583, -0.0014588145514917337, -0.013842869146461514, -0.7379294065568435], [-0.0014554786761528137, -0.9999989092765307, 0.00025105292625965034, 0.08653758043148264], [-0.013843220287381278, -0.00023088060307235186, -0.9999041513796318, 0.0027069540888087634], [0.0, 0.0, 0.0, 1.0]]}, "mean_rme": {"type": "float", "data": 0.0021285996949156135}, "max_rme": {"type": "float", "data": 0.0076211176327320995}, "simu": {"type": "float", "data": 0.002}}, {"type": "dict", "image_number": {"type": "int", "data": 13}, "Hcamera2end": {"type": "ndarray", "data": [[0.9999718971764745, 0.004858015989410163, -0.005710038347419463, -0.0149273571683304], [0.005620709025898096, 0.018207134444057527, 0.9998184374602131, 0.030292226528868503], [0.004961097391560992, -0.9998224342031853, 0.018179317277851714, 0.02740171089389162], [0.0, 0.0, 0.0, 1.0]]}, "Hobj2base": {"type": "ndarray", "data": [[0.9998858788540592, -0.00039443699920689064, -0.015102108716974006, -0.7381128399812282], [-0.0004218845824665158, -0.9999982651190078, -0.0018143242193770876, 0.08595849837413426], [-0.015101366880011976, 0.001820488513448489, -0.9998843105779422, 0.0021437237474921655], [0.0, 0.0, 0.0, 1.0]]}, "mean_rme": {"type": "float", "data": 0.0021243572866377044}, "max_rme": {"type": "float", "data": 0.0077952874081279044}, "simu": {"type": "float", "data": 0.002}}, {"type": "dict", "image_number": {"type": "int", "data": 14}, "Hcamera2end": {"type": "ndarray", "data": [[0.9999881405122306, 0.003593036851025892, -0.0032876923637390927, -0.01462896873351404], [0.0032230015763400795, 0.017864353655020926, 0.9998352249892615, 0.030013749873781193], [0.0036511773074349267, -0.99983396369331, 0.017852561429502534, 0.02761801397850281], [0.0, 0.0, 0.0, 1.0]]}, "Hobj2base": {"type": "ndarray", "data": [[0.9999100221402297, -0.0011630361264416893, -0.013363942924673529, -0.7374396341501909], [-0.001173189488804587, -0.9999990291032013, -0.0007519435340515533, 0.08745221033395568], [-0.013363055412168978, 0.0007675543131499026, -0.9999104157925487, 0.0016121018266575526], [0.0, 0.0, 0.0, 1.0]]}, "mean_rme": {"type": "float", "data": 0.0022833063253946987}, "max_rme": {"type": "float", "data": 0.00800610618364378}, "simu": {"type": "float", "data": 0.002}}, {"type": "dict", "image_number": {"type": "int", "data": 15}, "Hcamera2end": {"type": "ndarray", "data": [[0.9999875348162526, 0.0037532744640834848, -0.0032928927877137848, -0.014753975528324347], [0.003226357706107534, 0.017597503237317902, 0.9998399464393114, 0.030061796040424728], [0.0038106204306332003, -0.999838107300682, 0.017585174475216236, 0.02770551482958171], [0.0, 0.0, 0.0, 1.0]]}, "Hobj2base": {"type": "ndarray", "data": [[0.9999117419004587, -0.0014662272405249462, -0.013204491177991445, -0.7372779227074031], [-0.0014735094308883751, -0.9999987676206581, -0.0005417814342962717, 0.0874161519685466], [-0.01320368053035192, 0.0005611905599773667, -0.9999126701295511, 0.001595752221437911], [0.0, 0.0, 0.0, 1.0]]}, "mean_rme": {"type": "float", "data": 0.0021975565980870463}, "max_rme": {"type": "float", "data": 0.008002804202228209}, "simu": {"type": "float", "data": 0.002}}, {"type": "dict", "image_number": {"type": "int", "data": 16}, "Hcamera2end": {"type": "ndarray", "data": [[0.9999802286392007, 0.003984851001012736, -0.0048644931073849075, -0.014226961064255158], [0.0047941357275796265, 0.01747946662743316, 0.9998357287620031, 0.030080794178727863], [0.0040692251495354805, -0.9998392816892724, 0.017460017118038906, 0.027770046249444156], [0.0, 0.0, 0.0, 1.0]]}, "Hobj2base": {"type": "ndarray", "data": [[0.9999068938274992, -0.0012452483108915358, -0.0135887097579738, -0.7373312351348679], [-0.0012756439877292557, -0.9999967034888659, -0.0022283948971462413, 0.08722488716012577], [-0.013585890057659113, 0.0022455217757303045, -0.9999051861168118, 0.0016630208525809792], [0.0, 0.0, 0.0, 1.0]]}, "mean_rme": {"type": "float", "data": 0.002127859230204896}, "max_rme": {"type": "float", "data": 0.007562240070698223}, "simu": {"type": "float", "data": 0.002}}, {"type": "dict", "image_number": {"type": "int", "data": 17}, "Hcamera2end": {"type": "ndarray", "data": [[0.9999849509780093, 0.0032567721645995864, -0.0044148898713431495, -0.014270393043476005], [0.0043601073103984355, 0.016640677395143855, 0.9998520277121372, 0.029833160663399035], [0.003329757010655452, -0.9998562303105873, 0.016626227093100576, 0.02810409698284375], [0.0, 0.0, 0.0, 1.0]]}, "Hobj2base": {"type": "ndarray", "data": [[0.9999186612710249, -0.001913005868850968, -0.012609966316648603, -0.737181526749099], [-0.0019390138346426274, -0.9999960176456713, -0.002050589707281632, 0.08743139217393393], [-0.012605993309150021, 0.0020748738140635515, -0.9999183885854612, 0.001836431838065298], [0.0, 0.0, 0.0, 1.0]]}, "mean_rme": {"type": "float", "data": 0.002114076239154356}, "max_rme": {"type": "float", "data": 0.007275292134324207}, "simu": {"type": "float", "data": 0.002}}, {"type": "dict", "image_number": {"type": "int", "data": 18}, "Hcamera2end": {"type": "ndarray", "data": [[0.9999875620310872, 0.0031677843067386023, -0.0038523922059728855, -0.014390616168931399], [0.0038014051165959073, 0.015947000117433774, 0.99986561222316, 0.029779874428136104], [0.0032287926942091614, -0.9998678204292011, 0.015934759737670112, 0.028479770026258722], [0.0, 0.0, 0.0, 1.0]]}, "Hobj2base": {"type": "ndarray", "data": [[0.999926487148145, -0.002007084302242519, -0.011957922569333371, -0.7372532680613298], [-0.002025669903151966, -0.9999967589177174, -0.0015423409171941513, 0.08759990893848674], [-0.011954788204478782, 0.0015664503391677159, -0.9999273119943879, 0.0018535772169852582], [0.0, 0.0, 0.0, 1.0]]}, "mean_rme": {"type": "float", "data": 0.002052439150236838}, "max_rme": {"type": "float", "data": 0.0073292418622532}, "simu": {"type": "float", "data": 0.002}}, {"type": "dict", "image_number": {"type": "int", "data": 19}, "Hcamera2end": {"type": "ndarray", "data": [[0.999990490990509, 0.002711966406763215, -0.00341513788440216, -0.01467922407345325], [0.003371687985112489, 0.015867667930066887, 0.9998684157600899, 0.029031892975003748], [0.0027657998286100033, -0.999870422781207, 0.01585837313971228, 0.02864857088632692], [0.0, 0.0, 0.0, 1.0]]}, "Hobj2base": {"type": "ndarray", "data": [[0.9999285692039354, -0.0023844846632204986, -0.011711990550778512, -0.7371857766979074], [-0.0023987529401333545, -0.9999963977371109, -0.0012043658642172338, 0.08814782780035828], [-0.011709076569177457, 0.0012323740071732935, -0.9999306869879554, 0.0025182503120965267], [0.0, 0.0, 0.0, 1.0]]}, "mean_rme": {"type": "float", "data": 0.00206346443820016}, "max_rme": {"type": "float", "data": 0.0074519804118611255}, "simu": {"type": "float", "data": 0.002}}, {"type": "dict", "image_number": {"type": "int", "data": 20}, "Hcamera2end": {"type": "ndarray", "data": [[0.9999927917049343, 0.0025274815852979497, -0.0028334387249224517, -0.014750785461774954], [0.0028004606635798337, 0.01295727416617709, 0.9999121293725036, 0.029076153980223216], [0.0025639731362969475, -0.9999128566445271, 0.01295010265356411, 0.030045945539199616], [0.0, 0.0, 0.0, 1.0]]}, "Hobj2base": {"type": "ndarray", "data": [[0.9999553519923005, -0.0018328911358015375, -0.009270088027566965, -0.7371649817962125], [-0.0018392483143146226, -0.9999980792170045, -0.0006772945745112851, 0.08837195372552487], [-0.009268828814517564, 0.0006943143284361582, -0.9999568024369958, 0.002311214231927361], [0.0, 0.0, 0.0, 1.0]]}, "mean_rme": {"type": "float", "data": 0.002125823329024015}, "max_rme": {"type": "float", "data": 0.007218089107111081}, "simu": {"type": "float", "data": 0.002}}, {"type": "dict", "image_number": {"type": "int", "data": 21}, "Hcamera2end": {"type": "ndarray", "data": [[0.9999928658905464, 0.003133449593640108, -0.0021094221141918423, -0.014816749134493552], [0.0020703361863104674, 0.012425073518960605, 0.9999206624808408, 0.028859623598230258], [0.0031594107183742937, -0.999917896150325, 0.012418497583044363, 0.03016514956587992], [0.0, 0.0, 0.0, 1.0]]}, "Hobj2base": {"type": "ndarray", "data": [[0.999959712221152, -0.0010152314152542417, -0.008918701686025945, -0.7369448135957131], [-0.0010183660235043822, -0.9999994212848282, -0.00034693032503485576, 0.08846882457951252], [-0.00891834431007309, 0.00035599885075346513, -0.9999601674064746, 0.0023767352989041055], [0.0, 0.0, 0.0, 1.0]]}, "mean_rme": {"type": "float", "data": 0.0021210249523899217}, "max_rme": {"type": "float", "data": 0.007354343958098475}, "simu": {"type": "float", "data": 0.002}}, {"type": "dict", "image_number": {"type": "int", "data": 22}, "Hcamera2end": {"type": "ndarray", "data": [[0.9999923557641776, 0.0030953328789850207, -0.002389001376879398, -0.014583165084042041], [0.002351773555200998, 0.011975410572026335, 0.999925526578243, 0.02878004859389278], [0.0031237116312993122, -0.9999235013019745, 0.011968039507154526, 0.03030308131327605], [0.0, 0.0, 0.0, 1.0]]}, "Hobj2base": {"type": "ndarray", "data": [[0.999961908997558, -0.00106427245796831, -0.008663017839915882, -0.736805154605925], [-0.0010737333151074082, -0.9999988321984221, -0.0010875194526804345, 0.08853347829493251], [-0.008661850306228985, 0.001096779798838394, -0.9999618839852573, 0.002332419306548862], [0.0, 0.0, 0.0, 1.0]]}, "mean_rme": {"type": "float", "data": 0.0020592600682001025}, "max_rme": {"type": "float", "data": 0.007142959415108008}, "simu": {"type": "float", "data": 0.002}}, {"type": "dict", "image_number": {"type": "int", "data": 23}, "Hcamera2end": {"type": "ndarray", "data": [[0.999992378514662, 0.0033040029968218454, -0.0020800184580787567, -0.014776171888997163], [0.002041425709320086, 0.011641340931515365, 0.9999301534419238, 0.028835775184696894], [0.003327986427598984, -0.9999267786920765, 0.011634507330544719, 0.030466316631591373], [0.0, 0.0, 0.0, 1.0]]}, "Hobj2base": {"type": "ndarray", "data": [[0.9999631238547501, -0.0008904017730599005, -0.008541552278848827, -0.73687099020233], [-0.0008988953831827358, -0.9999991053492849, -0.0009905996765547664, 0.08850911232601952], [-0.008540662605434578, 0.0009982411089658803, -0.9999630296150692, 0.002374845927867331], [0.0, 0.0, 0.0, 1.0]]}, "mean_rme": {"type": "float", "data": 0.002034428430521571}, "max_rme": {"type": "float", "data": 0.00708691648792531}, "simu": {"type": "float", "data": 0.002}}, {"type": "dict", "image_number": {"type": "int", "data": 24}, "Hcamera2end": {"type": "ndarray", "data": [[0.9999922308493779, 0.003147828463364758, -0.0023726392160696897, -0.01479721761201464], [0.0023349988752518073, 0.011907825337323041, 0.9999263730275285, 0.0288702860011622], [0.003175849671658582, -0.9999241445588265, 0.011900382647712981, 0.030275076694689852], [0.0, 0.0, 0.0, 1.0]]}, "Hobj2base": {"type": "ndarray", "data": [[0.9999595018782348, -0.0011251634056693776, -0.008929087900959413, -0.7369109416671126], [-0.0011388610195530021, -0.9999981824109287, -0.0015291077193476655, 0.08839104710688961], [-0.00892735117549769, 0.0015392147835076202, -0.9999589657675159, 0.002449210604495889], [0.0, 0.0, 0.0, 1.0]]}, "mean_rme": {"type": "float", "data": 0.0020041771104865533}, "max_rme": {"type": "float", "data": 0.006877804323310588}, "simu": {"type": "float", "data": 0.002}}, {"type": "dict", "image_number": {"type": "int", "data": 25}, "Hcamera2end": {"type": "ndarray", "data": [[0.9999966659201689, 0.0025817845338144295, -5.037029859437264e-05, -0.015255801410156658], [2.1508889041222745e-05, 0.011177669607025043, 0.9999375276683659, 0.028473860992081337], [0.0025821862662705197, -0.9999341948802317, 0.011177576808465206, 0.02978210120639825], [0.0, 0.0, 0.0, 1.0]]}, "Hobj2base": {"type": "ndarray", "data": [[0.9999698419537544, -0.0011198315273459483, -0.007685125915282613, -0.7358437799972883], [-0.0011191839240182742, -0.9999993697913998, 8.856718917248e-05, 0.08898316306548897], [-0.0076852202523808935, -7.996344878065258e-05, -0.999970465061603, 0.002595381303412725], [0.0, 0.0, 0.0, 1.0]]}, "mean_rme": {"type": "float", "data": 0.002098831899239456}, "max_rme": {"type": "float", "data": 0.007322736326672352}, "simu": {"type": "float", "data": 0.002}}, {"type": "dict", "image_number": {"type": "int", "data": 26}, "Hcamera2end": {"type": "ndarray", "data": [[0.9999980119011804, 0.0019329440417868745, 0.0004898173310703279, -0.015092729021936572], [-0.0005098763742517487, 0.01039064511835086, 0.9999458857958803, 0.028500870378622197], [0.0019277499239984757, -0.9999441475509299, 0.010391610023221198, 0.030165877944814512], [0.0, 0.0, 0.0, 1.0]]}, "Hobj2base": {"type": "ndarray", "data": [[0.9999752865434156, -0.0017225595778802962, -0.006816090588787118, -0.7358869357229528], [-0.0017166471765450847, -0.9999981453433828, 0.0008731736743568452, 0.08950070381428002], [-0.006817582040955521, -0.0008614512725528365, -0.9999763889596691, 0.0024037340165647936], [0.0, 0.0, 0.0, 1.0]]}, "mean_rme": {"type": "float", "data": 0.0020934336732420077}, "max_rme": {"type": "float", "data": 0.007105478865563064}, "simu": {"type": "float", "data": 0.002}}, {"type": "dict", "image_number": {"type": "int", "data": 27}, "Hcamera2end": {"type": "ndarray", "data": [[0.9999979252089491, 0.002004613366663053, 0.00036208154772301006, -0.015050725295565741], [-0.0003826862735604931, 0.010287829294480688, 0.9999470056556119, 0.02857028867076905], [0.0020007821003382785, -0.9999450695381513, 0.010288575087403773, 0.030278562594020685], [0.0, 0.0, 0.0, 1.0]]}, "Hobj2base": {"type": "ndarray", "data": [[0.9999737909823764, -0.0015579870316736748, -0.00707036241955616, -0.7359691743583849], [-0.0015527459103642032, -0.9999985157016451, 0.0007467092100131476, 0.08947965735691155], [-0.007071515288294485, -0.0007357111631665441, -0.9999747258809153, 0.0023798313064433327], [0.0, 0.0, 0.0, 1.0]]}, "mean_rme": {"type": "float", "data": 0.00204453875620176}, "max_rme": {"type": "float", "data": 0.007102672883372629}, "simu": {"type": "float", "data": 0.002}}, {"type": "dict", "image_number": {"type": "int", "data": 28}, "Hcamera2end": {"type": "ndarray", "data": [[0.9999979420472787, 0.0019425942343665402, 0.0005850032889102792, -0.015117707071252947], [-0.0006041079058335935, 0.009848609673524633, 0.9999513187856379, 0.028615849766167226], [0.0019367381974699934, -0.9999496143382121, 0.009849762942086393, 0.030501482991845703], [0.0, 0.0, 0.0, 1.0]]}, "Hobj2base": {"type": "ndarray", "data": [[0.9999762159416645, -0.0012534146698869573, -0.006782072150520659, -0.7359892185939128], [-0.001246547038877675, -0.9999987061713111, 0.0010167478463620986, 0.08951985806541204], [-0.00678333778234735, -0.0010082694920153222, -0.9999764845840935, 0.002419669716210614], [0.0, 0.0, 0.0, 1.0]]}, "mean_rme": {"type": "float", "data": 0.002037135454208668}, "max_rme": {"type": "float", "data": 0.0070166425988274495}, "simu": {"type": "float", "data": 0.002}}, {"type": "dict", "image_number": {"type": "int", "data": 29}, "Hcamera2end": {"type": "ndarray", "data": [[0.9999985893569325, 0.0014509099339727173, 0.0008462532176768457, -0.015321241946227119], [-0.0008601952873985767, 0.00963564688703411, 0.9999532060917329, 0.02749386097228496], [0.001442687843043813, -0.9999525234577047, 0.009636881360463256, 0.030597480524642034], [0.0, 0.0, 0.0, 1.0]]}, "Hobj2base": {"type": "ndarray", "data": [[0.9999771471497346, -0.001638029801771555, -0.00655911858762708, -0.7359374329714378], [-0.0016291293949389153, -0.9999977453560385, 0.0013620647026593956, 0.09020675721363555], [-0.00656133490172486, -0.0013513479227027004, -0.9999775611197979, 0.0033682683050887683], [0.0, 0.0, 0.0, 1.0]]}, "mean_rme": {"type": "float", "data": 0.0020711781613250613}, "max_rme": {"type": "float", "data": 0.00705348173163034}, "simu": {"type": "float", "data": 0.002}}, {"type": "dict", "image_number": {"type": "int", "data": 30}, "Hcamera2end": {"type": "ndarray", "data": [[0.9999982426082581, 0.0016421051686864071, 0.000904583335188785, -0.015263065906013628], [-0.0009202571029230751, 0.009569394596427583, 0.9999537888392254, 0.027473658871288113], [0.0016333729702206745, -0.999952863977934, 0.009570888938197797, 0.03066246405705161], [0.0, 0.0, 0.0, 1.0]]}, "Hobj2base": {"type": "ndarray", "data": [[0.9999778800893433, -0.0013226979607549186, -0.006518420217169463, -0.7360336285461895], [-0.0013130538077087087, -0.9999980374372197, 0.0014835806037579139, 0.09023194550210721], [-0.0065203697533997625, -0.0014749887506011069, -0.9999776543435683, 0.0033718436889598542], [0.0, 0.0, 0.0, 1.0]]}, "mean_rme": {"type": "float", "data": 0.0020172823811722856}, "max_rme": {"type": "float", "data": 0.007067994440354719}, "simu": {"type": "float", "data": 0.002}}]}