{"type": "list", "data": [{"type": "dict", "image_number": {"type": "int", "data": 5}, "Hcamera2end": {"type": "ndarray", "data": [[0.9999976800781185, 0.0020398343894403076, -0.0006920361584661232, -0.013873356530243613], [0.0006835955301107845, 0.004135695662094041, 0.9999912143206768, 0.035224530609083725], [0.0020426785190480706, -0.999989367492002, 0.004134291645932486, 0.03261169817311435], [0.0, 0.0, 0.0, 1.0]]}, "Hobj2base": {"type": "ndarray", "data": [[0.9999822085784672, 0.004309948237525006, -0.004123938981210969, -0.7371781556838142], [0.004338316554189562, -0.9999668191433877, 0.0068948982392854725, 0.08994484292655942], [-0.004094085490868635, -0.006912666521995126, -0.9999677262319762, -0.005702528358378501], [0.0, 0.0, 0.0, 1.0]]}, "mean_rme": {"type": "float", "data": 0.0012297650550778245}, "max_rme": {"type": "float", "data": 0.0025135370619371322}, "simu": {"type": "float", "data": 0.002}}, {"type": "dict", "image_number": {"type": "int", "data": 6}, "Hcamera2end": {"type": "ndarray", "data": [[0.9999894545851024, 0.002641735554478355, -0.0037565877934221973, -0.013848231289349923], [0.0037743751768749088, -0.006760780466480654, 0.9999700225204299, 0.03511679480469053], [0.0026162588965303523, -0.9999736561933744, -0.00677068007234638, 0.03164766265614904], [0.0, 0.0, 0.0, 1.0]]}, "Hobj2base": {"type": "ndarray", "data": [[0.9999581403729927, 0.007506584511246553, 0.005231509415251733, -0.7307580260111085], [0.007485129336932757, -0.999963544934551, 0.004108727386329882, 0.08789614377066879], [0.005262161209592763, -0.004069396871933474, -0.9999778745894843, -0.0067969007776295665], [0.0, 0.0, 0.0, 1.0]]}, "mean_rme": {"type": "float", "data": 0.0011325562171341814}, "max_rme": {"type": "float", "data": 0.0027605498320463495}, "simu": {"type": "float", "data": 0.002}}, {"type": "dict", "image_number": {"type": "int", "data": 7}, "Hcamera2end": {"type": "ndarray", "data": [[0.9999888321349801, 0.0027848252471673164, -0.003818422928553959, -0.01356770982425214], [0.00383143962246639, -0.004683891218693503, 0.9999816904491156, 0.03648192544458603], [0.002766889180643436, -0.9999851528454781, -0.004694508799422348, 0.03165707873350434], [0.0, 0.0, 0.0, 1.0]]}, "Hobj2base": {"type": "ndarray", "data": [[0.9999793614707269, 0.005326911205014957, 0.003591747431438267, -0.7314542161709808], [0.005319720208312011, -0.9999838327627557, 0.002008678673731341, 0.08732645235436054], [0.0036023894157397956, -0.001989530126163558, -0.9999915322443358, -0.007904535661198546], [0.0, 0.0, 0.0, 1.0]]}, "mean_rme": {"type": "float", "data": 0.001232590939236748}, "max_rme": {"type": "float", "data": 0.004115855448048628}, "simu": {"type": "float", "data": 0.002}}, {"type": "dict", "image_number": {"type": "int", "data": 8}, "Hcamera2end": {"type": "ndarray", "data": [[0.9999969160897326, 0.0015876927586194434, -0.0019097232072730517, -0.015018345599044376], [0.0019175986450735395, -0.004973667742780741, 0.9999857926213854, 0.0365637662005474], [0.0015781718729536447, -0.999986370837567, -0.00497669696191827, 0.031954018599195916], [0.0, 0.0, 0.0, 1.0]]}, "Hobj2base": {"type": "ndarray", "data": [[0.9999832120688005, 0.003633706636219542, 0.004513508241533406, -0.7310399957986251], [0.00361920026680161, -0.9999882728313747, 0.003218010123233071, 0.08740076117588914], [0.0045251486156013794, -0.003201620809268554, -0.9999846362090774, -0.007419403418782486], [0.0, 0.0, 0.0, 1.0]]}, "mean_rme": {"type": "float", "data": 0.0012998394877946331}, "max_rme": {"type": "float", "data": 0.004293039263943171}, "simu": {"type": "float", "data": 0.002}}, {"type": "dict", "image_number": {"type": "int", "data": 9}, "Hcamera2end": {"type": "ndarray", "data": [[0.9999608332433823, 0.0011336860185256065, -0.00877762696929365, -0.01562725629346816], [0.00878668701616829, -0.008250537210250375, 0.9999273587451352, 0.03586480088226033], [0.0010611835282227436, -0.9999653210945636, -0.008260175407686754, 0.03156331758812889], [0.0, 0.0, 0.0, 1.0]]}, "Hobj2base": {"type": "ndarray", "data": [[0.9999674112698917, 0.003860012724565541, 0.007090606459074707, -0.7290971523310431], [0.0038808234246435164, -0.9999881959420767, -0.0029235570898235278, 0.08330116523613], [0.007079237793577641, 0.002950979206451877, -0.9999705876244487, -0.006895850640272822], [0.0, 0.0, 0.0, 1.0]]}, "mean_rme": {"type": "float", "data": 0.0015410451901139179}, "max_rme": {"type": "float", "data": 0.004694563768061405}, "simu": {"type": "float", "data": 0.002}}, {"type": "dict", "image_number": {"type": "int", "data": 10}, "Hcamera2end": {"type": "ndarray", "data": [[0.9999357017289773, 0.001197778804805814, -0.011276423799790946, -0.015438959462406456], [0.011280209553022884, -0.0032023661763549427, 0.9999312484982718, 0.034858034739350445], [0.0011615852175475509, -0.9999941550713222, -0.003215671465663039, 0.03270043261034109], [0.0, 0.0, 0.0, 1.0]]}, "Hobj2base": {"type": "ndarray", "data": [[0.9999931619697144, 0.0026192102624952333, 0.002610699410742244, -0.732539758186665], [0.0026371488228348903, -0.9999727754402492, -0.006891576337129429, 0.08210378618566924], [0.0025925778481331674, 0.0068984140151995355, -0.9999728448433867, -0.005246596022133449], [0.0, 0.0, 0.0, 1.0]]}, "mean_rme": {"type": "float", "data": 0.0015065516598356016}, "max_rme": {"type": "float", "data": 0.004322398981561726}, "simu": {"type": "float", "data": 0.002}}, {"type": "dict", "image_number": {"type": "int", "data": 11}, "Hcamera2end": {"type": "ndarray", "data": [[0.9999248799988364, -0.00019282882437987418, -0.012255495761377235, -0.013339582521615852], [0.012255612619619972, 0.0006169822398576219, 0.9999247068115845, 0.032243378669721844], [-0.00018525288245744946, -0.9999997910749582, 0.0006192991275245641, 0.031332830728045206], [0.0, 0.0, 0.0, 1.0]]}, "Hobj2base": {"type": "ndarray", "data": [[0.9999998509054434, 0.00046879470824509476, 0.00028003680560667176, -0.7327494782970029], [0.00047095125556014276, -0.9999698483533879, -0.007751166945550926, 0.08484581372051662], [0.0002763946559890721, 0.00775129767357933, -0.9999699200427832, -0.003696438374322118], [0.0, 0.0, 0.0, 1.0]]}, "mean_rme": {"type": "float", "data": 0.0016820617664631107}, "max_rme": {"type": "float", "data": 0.005369608325551667}, "simu": {"type": "float", "data": 0.002}}, {"type": "dict", "image_number": {"type": "int", "data": 12}, "Hcamera2end": {"type": "ndarray", "data": [[0.9999145686620067, 0.0006331750108676641, -0.013055821187456382, -0.013040517839614416], [0.013055541374584043, 0.00044405837112859725, 0.9999146741855426, 0.031203311943087078], [0.000638918531384417, -0.9999997009507396, 0.00043575399207607113, 0.031256926169798596], [0.0, 0.0, 0.0, 1.0]]}, "Hobj2base": {"type": "ndarray", "data": [[0.9999988746685354, 0.0014215320144138584, 0.00047948763768568915, -0.7328367019692553], [0.0014256268514000307, -0.9999615664076922, -0.008650623998012513, 0.08504492701906592], [0.0004671720702954741, 0.00865129783364434, -0.999962467693688, -0.002902867622448032], [0.0, 0.0, 0.0, 1.0]]}, "mean_rme": {"type": "float", "data": 0.0016657594324736374}, "max_rme": {"type": "float", "data": 0.005642163677950618}, "simu": {"type": "float", "data": 0.002}}, {"type": "dict", "image_number": {"type": "int", "data": 13}, "Hcamera2end": {"type": "ndarray", "data": [[0.9999193385883274, 0.0004187341151780724, -0.012694131668712487, -0.012983846624844548], [0.012694244035182049, -0.0002667906438584833, 0.999919389246517, 0.03124187864179076], [0.0004153136851444174, -0.9999998767422389, -0.0002720846371924157, 0.031543560917498215], [0.0, 0.0, 0.0, 1.0]]}, "Hobj2base": {"type": "ndarray", "data": [[0.9999982789243843, 0.001730776262394327, 0.000668252795552683, -0.732810246356303], [0.0017361935673527056, -0.9999649293166724, -0.008193031709873979, 0.08528256344772983], [0.0006540490546700136, 0.008194177825251888, -0.9999662132640292, -0.002822878636697181], [0.0, 0.0, 0.0, 1.0]]}, "mean_rme": {"type": "float", "data": 0.001611649617613181}, "max_rme": {"type": "float", "data": 0.005749374956446146}, "simu": {"type": "float", "data": 0.002}}, {"type": "dict", "image_number": {"type": "int", "data": 14}, "Hcamera2end": {"type": "ndarray", "data": [[0.9999992654498343, 0.0005214457068897794, -0.0010941636836156912, -0.01565102343688674], [0.001092879570424633, 0.002456556944685162, 0.9999963854645784, 0.030979221800039522], [0.0005241316975014099, -0.9999968467062044, 0.002455985262860727, 0.03324745979445725], [0.0, 0.0, 0.0, 1.0]]}, "Hobj2base": {"type": "ndarray", "data": [[0.9999978990218399, 0.0007290910899337795, -0.0019158230838724497, -0.7363261607254631], [0.0007339271383345106, -0.9999965434193423, 0.0025247772817436668, 0.08894485725824443], [-0.0019139756690552485, -0.00252617805179524, -0.9999949775481818, -0.0011449924404455128], [0.0, 0.0, 0.0, 1.0]]}, "mean_rme": {"type": "float", "data": 0.001965302048203892}, "max_rme": {"type": "float", "data": 0.007436906382066372}, "simu": {"type": "float", "data": 0.002}}, {"type": "dict", "image_number": {"type": "int", "data": 15}, "Hcamera2end": {"type": "ndarray", "data": [[0.9999991700671456, 0.0012241204803744694, 0.00040173880773061797, -0.01651584104555982], [-0.0004083341896552374, 0.005392375586333542, 0.9999853776674563, 0.030978818570699306], [0.0012219362543388428, -0.9999847117904279, 0.005392870961268281, 0.03228384746555781], [0.0, 0.0, 0.0, 1.0]]}, "Hobj2base": {"type": "ndarray", "data": [[0.9999916257164452, 0.0002795072422025533, -0.00408293677181876, -0.7368963315410607], [0.00029380820370821566, -0.9999938232879482, 0.003502436679134558, 0.08893735205611891], [-0.00408193259627682, -0.003503606949055456, -0.9999855311776396, -0.0009809186872087575], [0.0, 0.0, 0.0, 1.0]]}, "mean_rme": {"type": "float", "data": 0.001998283677216231}, "max_rme": {"type": "float", "data": 0.007038471981566735}, "simu": {"type": "float", "data": 0.002}}, {"type": "dict", "image_number": {"type": "int", "data": 16}, "Hcamera2end": {"type": "ndarray", "data": [[0.9999969066176916, 0.0024813314379497717, 0.00017247997840402047, -0.016290041748683776], [-0.0001866274929073241, 0.0057024806843261056, 0.9999837233096465, 0.030692053152490083], [0.00248030748634101, -0.9999806621671941, 0.005702926129038555, 0.0322335657118526], [0.0, 0.0, 0.0, 1.0]]}, "Hobj2base": {"type": "ndarray", "data": [[0.9999900113602916, 0.0012211465001360055, -0.004299532633784459, -0.7368110099231078], [0.001233488487850397, -0.9999951234854187, 0.002869061089125439, 0.08871698441113776], [-0.004296008123143215, -0.0028743358551148283, -0.9999866411645699, -0.0006135551308780358], [0.0, 0.0, 0.0, 1.0]]}, "mean_rme": {"type": "float", "data": 0.00206434952336022}, "max_rme": {"type": "float", "data": 0.0071057106953653915}, "simu": {"type": "float", "data": 0.002}}, {"type": "dict", "image_number": {"type": "int", "data": 17}, "Hcamera2end": {"type": "ndarray", "data": [[0.9999959400010588, 0.0028399162027805203, -0.00023421648081633833, -0.016001677325571513], [0.0002187000751640736, 0.005462764433543876, 0.9999850550758349, 0.03075270240692662], [0.002841153229909388, -0.9999810463607322, 0.005462121164839018, 0.03227632471776218], [0.0, 0.0, 0.0, 1.0]]}, "Hobj2base": {"type": "ndarray", "data": [[0.9999891699706298, 0.0019390057780532253, -0.0042308625649548825, -0.7369001373613444], [0.00194830800488302, -0.9999956916058552, 0.0021956469763320815, 0.08854172348462254], [-0.004226586964557708, -0.0022038662208137025, -0.9999886394036241, -0.0008563546175558892], [0.0, 0.0, 0.0, 1.0]]}, "mean_rme": {"type": "float", "data": 0.0020336360040900878}, "max_rme": {"type": "float", "data": 0.0070229774172906045}, "simu": {"type": "float", "data": 0.002}}, {"type": "dict", "image_number": {"type": "int", "data": 18}, "Hcamera2end": {"type": "ndarray", "data": [[0.9999960240403549, 0.002757062981155522, -0.0005920364852874311, -0.01600482280655593], [0.0005727857757611096, 0.006977887822761875, 0.9999754901986289, 0.03075786090038807], [0.002761126570270804, -0.9999718534465112, 0.006976280872503016, 0.031379699684903305], [0.0, 0.0, 0.0, 1.0]]}, "Hobj2base": {"type": "ndarray", "data": [[0.9999821199985716, 0.001662920883281004, -0.005744073232336229, -0.7369317451940862], [0.0016702917881721633, -0.9999977875739736, 0.001278660432059935, 0.08837582240503448], [-0.0057419342128640135, -0.001288231847960214, -0.9999826851751992, -0.0005987121917488588], [0.0, 0.0, 0.0, 1.0]]}, "mean_rme": {"type": "float", "data": 0.0019859966435145774}, "max_rme": {"type": "float", "data": 0.007221531880738513}, "simu": {"type": "float", "data": 0.002}}, {"type": "dict", "image_number": {"type": "int", "data": 19}, "Hcamera2end": {"type": "ndarray", "data": [[0.9999959946327207, 0.0027490321255188503, -0.0006734544442251536, -0.01600822104307621], [0.0006581822125769567, 0.005552623400142509, 0.9999843674625877, 0.030555582137141376], [0.0027527285900772348, -0.9999808054136585, 0.005550791795799537, 0.03121456689917159], [0.0, 0.0, 0.0, 1.0]]}, "Hobj2base": {"type": "ndarray", "data": [[0.9999864191959394, 0.002039354733249838, -0.004796087567479107, -0.7360971026081459], [0.002043393185794605, -0.9999975617492458, 0.0008372812264184359, 0.08822833279699137], [-0.004794368359982819, -0.0008470701481200172, -0.999988148181864, -0.00044290663431165313], [0.0, 0.0, 0.0, 1.0]]}, "mean_rme": {"type": "float", "data": 0.0019915672590884105}, "max_rme": {"type": "float", "data": 0.007616814286744905}, "simu": {"type": "float", "data": 0.002}}, {"type": "dict", "image_number": {"type": "int", "data": 20}, "Hcamera2end": {"type": "ndarray", "data": [[0.9999929575069298, 0.003363300374488009, -0.0016652768942794676, -0.016105208291504598], [0.0016476543779443756, 0.005235641520355938, 0.9999849365330067, 0.030792094774650107], [0.003371968504374408, -0.9999806379467862, 0.005230063091800519, 0.03080005557822889], [0.0, 0.0, 0.0, 1.0]]}, "Hobj2base": {"type": "ndarray", "data": [[0.9999879370589252, 0.0026817821271611303, -0.004115067588442976, -0.7354128103220393], [0.0026826524812275376, -0.9999963804634684, 0.00020599909424607742, 0.08761125153578331], [-0.00411450024911635, -0.00021703590556769762, -0.9999915118555334, -0.000752601453343657], [0.0, 0.0, 0.0, 1.0]]}, "mean_rme": {"type": "float", "data": 0.0019810951611296925}, "max_rme": {"type": "float", "data": 0.008662790545973603}, "simu": {"type": "float", "data": 0.002}}, {"type": "dict", "image_number": {"type": "int", "data": 21}, "Hcamera2end": {"type": "ndarray", "data": [[0.999993460258256, 0.0034209311563478807, -0.001173316131044017, -0.015987600219740997], [0.001157034026112612, 0.004757654061590455, 0.9999880129282014, 0.03068990764278215], [0.0034264723816568826, -0.9999828308315367, 0.004753664814012737, 0.03086663856133188], [0.0, 0.0, 0.0, 1.0]]}, "Hobj2base": {"type": "ndarray", "data": [[0.9999891406903749, 0.0030011941460309603, -0.003565295923665302, -0.735134074162769], [0.0030033552989403405, -0.9999953093383331, 0.0006009644575049156, 0.08789194866574294], [-0.0035634755890565466, -0.0006116657818504284, -0.9999934637319869, -0.000823670287816621], [0.0, 0.0, 0.0, 1.0]]}, "mean_rme": {"type": "float", "data": 0.0019633933018711573}, "max_rme": {"type": "float", "data": 0.008479353281148655}, "simu": {"type": "float", "data": 0.002}}, {"type": "dict", "image_number": {"type": "int", "data": 22}, "Hcamera2end": {"type": "ndarray", "data": [[0.9999956177492738, 0.002948340495993472, -0.00026790029463370237, -0.01613092146225609], [0.0002569549996294335, 0.003712110730793916, 0.9999930770800617, 0.030303463580963953], [0.0029493145604267603, -0.9999887636979937, 0.003711336872562976, 0.031014114292788265], [0.0, 0.0, 0.0, 1.0]]}, "Hobj2base": {"type": "ndarray", "data": [[0.9999923836487038, 0.0027003184694905464, -0.002817964646134223, -0.7346775053425593], [0.002703240564272561, -0.9999958120108674, 0.0010336591201164495, 0.08817259009832985], [-0.002815161635715703, -0.0010412688837455864, -0.9999954953018917, -0.0003461025482416537], [0.0, 0.0, 0.0, 1.0]]}, "mean_rme": {"type": "float", "data": 0.0020810904362918024}, "max_rme": {"type": "float", "data": 0.008278329448157123}, "simu": {"type": "float", "data": 0.002}}, {"type": "dict", "image_number": {"type": "int", "data": 23}, "Hcamera2end": {"type": "ndarray", "data": [[0.9999956408731049, 0.0029457139337046288, 0.00020249496037449293, -0.015937397687733453], [-0.0002137001178657361, 0.003804067866743699, 0.9999927416736206, 0.03023622397327765], [0.0029449222481795403, -0.9999884258515624, 0.0038046807837439633, 0.03108250063986348], [0.0, 0.0, 0.0, 1.0]]}, "Hobj2base": {"type": "ndarray", "data": [[0.9999924345476529, 0.0025425072134623926, -0.0029438927507104474, -0.7349638850535207], [0.0025472532050548583, -0.9999954604585473, 0.0016095227264892474, 0.08858494536662759], [-0.0029397871636449428, -0.0016170093899663433, -0.9999943714501922, -0.00028956774081838755], [0.0, 0.0, 0.0, 1.0]]}, "mean_rme": {"type": "float", "data": 0.0020705638208088815}, "max_rme": {"type": "float", "data": 0.007586142697111636}, "simu": {"type": "float", "data": 0.002}}, {"type": "dict", "image_number": {"type": "int", "data": 24}, "Hcamera2end": {"type": "ndarray", "data": [[0.9999968956216734, 0.0024420981468267666, 0.0004948774163875151, -0.015772915493786878], [-0.0005029217878164847, 0.0032945270645358127, 0.9999944465651277, 0.030293373021115018], [0.002440454197751841, -0.9999915910886762, 0.0032957450214433637, 0.031165087232441706], [0.0, 0.0, 0.0, 1.0]]}, "Hobj2base": {"type": "ndarray", "data": [[0.9999950946670803, 0.00218911214922608, -0.002240185210058103, -0.7348788570931081], [0.0021935939826115297, -0.9999955937519294, 0.0020001555352385583, 0.0889714656578224], [-0.002235796774463811, -0.0020050597806064857, -0.9999954904638615, -0.0005735899375096132], [0.0, 0.0, 0.0, 1.0]]}, "mean_rme": {"type": "float", "data": 0.002074776321579373}, "max_rme": {"type": "float", "data": 0.0072470546688269966}, "simu": {"type": "float", "data": 0.002}}, {"type": "dict", "image_number": {"type": "int", "data": 25}, "Hcamera2end": {"type": "ndarray", "data": [[0.9999959186676599, 0.002315116156051577, 0.00167418195157184, -0.016089527534442132], [-0.0016816207207264444, 0.0032149251095714426, 0.9999934181824854, 0.030148960600144162], [0.002309718548785414, -0.999992152216068, 0.003218805135692504, 0.03147270573760255], [0.0, 0.0, 0.0, 1.0]]}, "Hobj2base": {"type": "ndarray", "data": [[0.9999956822567807, 0.0020561297557141604, -0.00209947570203676, -0.7352214352618829], [0.002062193468598023, -0.999993697219042, 0.002890134994933008, 0.0892765123037098], [-0.002093519976940171, -0.0028944520411524513, -0.9999936196403891, -0.0003676870191033932], [0.0, 0.0, 0.0, 1.0]]}, "mean_rme": {"type": "float", "data": 0.0020748051297951667}, "max_rme": {"type": "float", "data": 0.006962564777618918}, "simu": {"type": "float", "data": 0.002}}, {"type": "dict", "image_number": {"type": "int", "data": 26}, "Hcamera2end": {"type": "ndarray", "data": [[0.999996362060131, 0.0022481746989030317, 0.00149049556409553, -0.01593693985842346], [-0.0014978626969825038, 0.003278823368345396, 0.9999935028412233, 0.030061990076822614], [0.002243273020469085, -0.999992097482696, 0.003282178897200949, 0.03140785145706939], [0.0, 0.0, 0.0, 1.0]]}, "Hobj2base": {"type": "ndarray", "data": [[0.999996410438601, 0.0017323278919643315, -0.002044052344668839, -0.7352089189299229], [0.0017379289624017253, -0.9999947316228466, 0.0027415925066597373, 0.08933044858449206], [-0.0020392922386624785, -0.0027451350833155685, -0.9999941527431746, -0.00027135224654123007], [0.0, 0.0, 0.0, 1.0]]}, "mean_rme": {"type": "float", "data": 0.002043469209387878}, "max_rme": {"type": "float", "data": 0.007012531822079615}, "simu": {"type": "float", "data": 0.002}}, {"type": "dict", "image_number": {"type": "int", "data": 27}, "Hcamera2end": {"type": "ndarray", "data": [[0.9999925990796379, 0.0035074191672673813, 0.001581074550944654, -0.015726629965543443], [-0.0015848107858216268, 0.0010627142007059165, 0.9999981795049934, 0.030196875635818972], [0.003505732551650637, -0.9999932843021061, 0.001068264931369467, 0.03207903032771589], [0.0, 0.0, 0.0, 1.0]]}, "Hobj2base": {"type": "ndarray", "data": [[0.9999944965509047, 0.0032245707844547303, -0.0007803916701438555, -0.7350294503273027], [0.0032268957385064366, -0.9999903039537572, 0.002996521711054706, 0.08940675271392501], [-0.000770721607065683, -0.0029990234624047594, -0.9999952059117463, -0.0007221842725926277], [0.0, 0.0, 0.0, 1.0]]}, "mean_rme": {"type": "float", "data": 0.0021213792094320156}, "max_rme": {"type": "float", "data": 0.007068092471184895}, "simu": {"type": "float", "data": 0.002}}, {"type": "dict", "image_number": {"type": "int", "data": 28}, "Hcamera2end": {"type": "ndarray", "data": [[0.9999939987985378, 0.002788774973433676, 0.0020555050614249576, -0.01596560798806981], [-0.002053986019590505, -0.0005474533665561498, 0.9999977407155691, 0.030407042414302473], [0.002789893965963648, -0.9999959615063247, -0.0005417219763708125, 0.0335158850743697], [0.0, 0.0, 0.0, 1.0]]}, "Hobj2base": {"type": "ndarray", "data": [[0.9999958377713607, 0.002845913777802803, 0.0004745679337656088, -0.7354386567893111], [0.0028442614026140596, -0.9999900144254195, 0.003446915508499943, 0.08960325493476541], [0.0004843728192686748, -0.0034455513663925685, -0.9999939467610559, -0.0012704551912182849], [0.0, 0.0, 0.0, 1.0]]}, "mean_rme": {"type": "float", "data": 0.002176489703742918}, "max_rme": {"type": "float", "data": 0.007182345765005316}, "simu": {"type": "float", "data": 0.002}}, {"type": "dict", "image_number": {"type": "int", "data": 29}, "Hcamera2end": {"type": "ndarray", "data": [[0.999995111613565, 0.0023188902753132554, 0.0020974977627449226, -0.015881145840006206], [-0.002099122492697343, 0.0006984381143324558, 0.9999975529314865, 0.030494234598374824], [0.002317419628447648, -0.9999970674617459, 0.0007033023348320677, 0.032772353336071376], [0.0, 0.0, 0.0, 1.0]]}, "Hobj2base": {"type": "ndarray", "data": [[0.9999972910430293, 0.002290256604054009, -0.0004154892184188118, -0.7354161344826032], [0.002291674476378936, -0.9999914408393604, 0.0034447751905711437, 0.08980775225705115], [-0.0004075962430501605, -0.0034457180248604396, -0.9999939804281801, -0.0012423705660596209], [0.0, 0.0, 0.0, 1.0]]}, "mean_rme": {"type": "float", "data": 0.0021454242695339316}, "max_rme": {"type": "float", "data": 0.00738621102871817}, "simu": {"type": "float", "data": 0.002}}, {"type": "dict", "image_number": {"type": "int", "data": 30}, "Hcamera2end": {"type": "ndarray", "data": [[0.9999956205583843, 0.002585832713114184, 0.0014395600826852253, -0.01542808293622717], [-0.0014422426505608156, 0.001035844716571921, 0.9999984234796873, 0.03022668801211635], [0.0025843374757905492, -0.9999961202399252, 0.0010395695783765868, 0.03211558641250954], [0.0, 0.0, 0.0, 1.0]]}, "Hobj2base": {"type": "ndarray", "data": [[0.9999963864134511, 0.0024691606267280646, -0.001063205454850003, -0.7349678321334577], [0.002472162879573862, -0.9999929346889647, 0.0028317808616940936, 0.08973170384933912], [-0.0010562058211655528, -0.0028343990458677033, -0.9999954252951919, -0.0009595320320461324], [0.0, 0.0, 0.0, 1.0]]}, "mean_rme": {"type": "float", "data": 0.0021834667195758744}, "max_rme": {"type": "float", "data": 0.007274163562684399}, "simu": {"type": "float", "data": 0.002}}]}