{"type": "list", "data": [{"type": "dict", "image_number": {"type": "int", "data": 5}, "Hcamera2end": {"type": "ndarray", "data": [[0.9999171376821653, 0.00940881954400294, 0.00878589120659935, -0.015953300908722205], [-0.0086654948955354, -0.012761327162044589, 0.9998810217857317, 0.034181812444342013], [0.009519819731552765, -0.9998743034221111, -0.012678737651165672, 0.03472552435321876], [0.0, 0.0, 0.0, 1.0]]}, "Hobj2base": {"type": "ndarray", "data": [[0.9998259072094073, 0.01151148069371391, 0.014684722848041563, -0.7314528432213174], [0.011325973914378513, -0.9998557906218024, 0.012653864032043055, 0.09155064772941976], [0.014828269884796385, -0.012485342297625138, -0.9998121016670758, -0.007111011260284727], [0.0, 0.0, 0.0, 1.0]]}, "mean_rme": {"type": "float", "data": 0.0013965452920865476}, "max_rme": {"type": "float", "data": 0.003798962655145649}, "simu": {"type": "float", "data": 0.002}}, {"type": "dict", "image_number": {"type": "int", "data": 6}, "Hcamera2end": {"type": "ndarray", "data": [[0.999934859286359, 0.009228943360760253, 0.006715935408676244, -0.015914073992182014], [-0.006677592145602218, -0.004179228193902151, 0.9999689714260339, 0.03395696654021593], [0.009256724426416922, -0.9999486790111517, -0.004117328836297007, 0.03531368142908206], [0.0, 0.0, 0.0, 1.0]]}, "Hobj2base": {"type": "ndarray", "data": [[0.9999121190432289, 0.01134535874073549, 0.0068583544326375895, -0.7361469720377546], [0.011278939845871423, -0.9998898572783148, 0.009646700363580155, 0.09058473212621397], [0.006967044311103296, -0.009568497635235136, -0.999929949619758, -0.0062085722263707606], [0.0, 0.0, 0.0, 1.0]]}, "mean_rme": {"type": "float", "data": 0.0012142176736123721}, "max_rme": {"type": "float", "data": 0.0038264596902941594}, "simu": {"type": "float", "data": 0.002}}, {"type": "dict", "image_number": {"type": "int", "data": 7}, "Hcamera2end": {"type": "ndarray", "data": [[0.9999436458284312, 0.00913472196593773, 0.005409438228685849, -0.014853666919910956], [-0.005427124961119642, 0.0019125321296064035, 0.9999834441307062, 0.03256835703375047], [0.009124225008259346, -0.9999564485893663, 0.0019619996280367813, 0.03399398853404678], [0.0, 0.0, 0.0, 1.0]]}, "Hobj2base": {"type": "ndarray", "data": [[0.9999422725589268, 0.010617114626922544, 0.0016517949896195376, -0.7369340804588299], [0.010602533421414732, -0.9999068166744127, 0.008599084433185961, 0.0917264391509577], [0.001742938534982938, -0.008581074818463293, -0.9999616629252455, -0.003998809632007113], [0.0, 0.0, 0.0, 1.0]]}, "mean_rme": {"type": "float", "data": 0.0014590242736872761}, "max_rme": {"type": "float", "data": 0.005171213900415}, "simu": {"type": "float", "data": 0.002}}, {"type": "dict", "image_number": {"type": "int", "data": 8}, "Hcamera2end": {"type": "ndarray", "data": [[0.9999528882735542, 0.008724431141378317, 0.004255059886310839, -0.015124776996037608], [-0.004279495134838757, 0.0027840311837298293, 0.9999869674609558, 0.03134717532636154], [0.0087124712204767, -0.9999580658565774, 0.002821236183838116, 0.03351740928063116], [0.0, 0.0, 0.0, 1.0]]}, "Hobj2base": {"type": "ndarray", "data": [[0.9999472115829575, 0.010274893583157653, -2.4684463714793922e-05, -0.7366968993116458], [0.010274796397899152, -0.9999200455138737, 0.007370965914560792, 0.0905247841956017], [5.105340029601216e-05, -0.00737083044077695, -0.999972833757079, -0.0031527343058144752], [0.0, 0.0, 0.0, 1.0]]}, "mean_rme": {"type": "float", "data": 0.0016210372190347715}, "max_rme": {"type": "float", "data": 0.00586569868859671}, "simu": {"type": "float", "data": 0.002}}, {"type": "dict", "image_number": {"type": "int", "data": 9}, "Hcamera2end": {"type": "ndarray", "data": [[0.9999558814737034, 0.007025461943806202, 0.006235221778321711, -0.015596702098238026], [-0.006243823133411524, 0.0012030442131302221, 0.9999797834742958, 0.030062314028335667], [0.00701781866589624, -0.9999745974619041, 0.0012468568784000933, 0.03345389799740941], [0.0, 0.0, 0.0, 1.0]]}, "Hobj2base": {"type": "ndarray", "data": [[0.9999612049415685, 0.008755196830188692, 0.0009670265099963715, -0.7358002348434968], [0.008747430018651355, -0.999931604215581, 0.007763334265901858, 0.09080316977615989], [0.001034929889016185, -0.007754574090173015, -0.9999693972821395, -0.001934697904613832], [0.0, 0.0, 0.0, 1.0]]}, "mean_rme": {"type": "float", "data": 0.0017101523788727786}, "max_rme": {"type": "float", "data": 0.006196748847072192}, "simu": {"type": "float", "data": 0.002}}, {"type": "dict", "image_number": {"type": "int", "data": 10}, "Hcamera2end": {"type": "ndarray", "data": [[0.9999590102326127, 0.006788072091087231, 0.005991655188666016, -0.015444482985440664], [-0.005994694205792267, 0.00042744146415174544, 0.9999819403045106, 0.030267777851523837], [0.00678538841870577, -0.9999768694180285, 0.00046811635985855027, 0.03370666046222553], [0.0, 0.0, 0.0, 1.0]]}, "Hobj2base": {"type": "ndarray", "data": [[0.9999657071332944, 0.008198082033048774, 0.001173033840064072, -0.735729934928412], [0.008189148950280181, -0.9999388821953872, 0.007427631743007184, 0.09096898273267251], [0.0012338544811514806, -0.007417770879381879, -0.9999717267394617, -0.0021571065905129803], [0.0, 0.0, 0.0, 1.0]]}, "mean_rme": {"type": "float", "data": 0.0016273333869692276}, "max_rme": {"type": "float", "data": 0.005977697747542282}, "simu": {"type": "float", "data": 0.002}}, {"type": "dict", "image_number": {"type": "int", "data": 11}, "Hcamera2end": {"type": "ndarray", "data": [[0.9999491133700943, 0.007014427260848745, 0.0072504124410056586, -0.015632894868511063], [-0.007250694503688195, 1.4782245036371044e-05, 0.9999737132598535, 0.030727933354419257], [0.007014135697048743, -0.9999753984932268, 6.564096200445402e-05, 0.03387585490165886], [0.0, 0.0, 0.0, 1.0]]}, "Hobj2base": {"type": "ndarray", "data": [[0.9999640370104493, 0.008420615433783737, 0.0010089209488259017, -0.7357761284292951], [0.008411845331286302, -0.9999293172052504, 0.00840246699276141, 0.09154344358433336], [0.0010796035787146625, -0.008393677927955734, -0.9999641896722875, -0.002291326968870638], [0.0, 0.0, 0.0, 1.0]]}, "mean_rme": {"type": "float", "data": 0.0015912509631219236}, "max_rme": {"type": "float", "data": 0.005828616547162713}, "simu": {"type": "float", "data": 0.002}}, {"type": "dict", "image_number": {"type": "int", "data": 12}, "Hcamera2end": {"type": "ndarray", "data": [[0.9999560414908296, 0.006312138832451432, 0.006933396667584148, -0.015272822947053741], [-0.00692376753770099, -0.0015460704151668558, 0.999974835238045, 0.030784571275201743], [0.006322699508444655, -0.9999788830618531, -0.0015022986702748486, 0.0343654046648028], [0.0, 0.0, 0.0, 1.0]]}, "Hobj2base": {"type": "ndarray", "data": [[0.9999662623777328, 0.007931359790514094, 0.0021372033550387773, -0.7354798280318424], [0.007913539480460884, -0.9999348898173197, 0.008221436548237567, 0.09180522556720656], [0.0022022713725968596, -0.008204246333388935, -0.9999639195205512, -0.0024437187190659015], [0.0, 0.0, 0.0, 1.0]]}, "mean_rme": {"type": "float", "data": 0.0015621325874342548}, "max_rme": {"type": "float", "data": 0.005638775878289398}, "simu": {"type": "float", "data": 0.002}}, {"type": "dict", "image_number": {"type": "int", "data": 13}, "Hcamera2end": {"type": "ndarray", "data": [[0.9999487726363637, 0.005805715721186784, 0.008291306772429107, -0.015513441765600397], [-0.0082736063725873, -0.003066197729138631, 0.9999610721768509, 0.03046806611760415], [0.005830912503309149, -0.9999784458159339, -0.003018006449324373, 0.034672413803031266], [0.0, 0.0, 0.0, 1.0]]}, "Hobj2base": {"type": "ndarray", "data": [[0.999964280261524, 0.007757694362331818, 0.0033550527913880027, -0.7350784194169729], [0.007727238947220237, -0.9999296683161836, 0.008997121725286925, 0.09214544169938652], [0.003424613745361363, -0.008970875055852267, -0.9999538966479542, -0.0021147279583441777], [0.0, 0.0, 0.0, 1.0]]}, "mean_rme": {"type": "float", "data": 0.0016687360401173074}, "max_rme": {"type": "float", "data": 0.005732741007531017}, "simu": {"type": "float", "data": 0.002}}, {"type": "dict", "image_number": {"type": "int", "data": 14}, "Hcamera2end": {"type": "ndarray", "data": [[0.9999516552649188, 0.005334336999952697, 0.008260265233030906, -0.015537998549136013], [-0.008238781392618522, -0.004036955824795907, 0.9999579118487102, 0.030386226748938903], [0.005367458813416858, -0.9999776236678694, -0.003992812222818776, 0.034918384539779794], [0.0, 0.0, 0.0, 1.0]]}, "Hobj2base": {"type": "ndarray", "data": [[0.9999650527041581, 0.0074177029053877006, 0.003856300555928642, -0.7348839851339984], [0.007382940862365536, -0.9999326768304686, 0.008951759093923263, 0.09212281414635573], [0.003922442426991878, -0.008922975415197975, -0.9999524963492745, -0.002143224090055914], [0.0, 0.0, 0.0, 1.0]]}, "mean_rme": {"type": "float", "data": 0.0016102838654229086}, "max_rme": {"type": "float", "data": 0.005848300921008631}, "simu": {"type": "float", "data": 0.002}}, {"type": "dict", "image_number": {"type": "int", "data": 15}, "Hcamera2end": {"type": "ndarray", "data": [[0.9999584159474538, 0.005920129533053777, 0.006936745791139322, -0.015345207255381072], [-0.006909694909083279, -0.004577592403852027, 0.9999656502920724, 0.03089214189133187], [0.005951679773174397, -0.9999719984650048, -0.004536495760113279, 0.035267183136957474], [0.0, 0.0, 0.0, 1.0]]}, "Hobj2base": {"type": "ndarray", "data": [[0.9999605679447864, 0.007967182017846455, 0.00392257138044093, -0.7351991890503969], [0.007935265598557605, -0.9999358218332803, 0.008086023403524534, 0.09173548456060246], [0.003986742457257353, -0.008054577909270128, -0.9999596140141276, -0.0028521602058297086], [0.0, 0.0, 0.0, 1.0]]}, "mean_rme": {"type": "float", "data": 0.00174249629073608}, "max_rme": {"type": "float", "data": 0.00619181249413342}, "simu": {"type": "float", "data": 0.002}}, {"type": "dict", "image_number": {"type": "int", "data": 16}, "Hcamera2end": {"type": "ndarray", "data": [[0.9999676882650766, 0.006352400064303106, 0.004926402259419759, -0.014507812070107623], [-0.004918411815257895, -0.0012728714284691023, 0.9999870944284941, 0.03069813034866389], [0.006358588759631003, -0.9999790131856516, -0.0012415865802533066, 0.03556789785491697], [0.0, 0.0, 0.0, 1.0]]}, "Hobj2base": {"type": "ndarray", "data": [[0.9999708523032792, 0.007628579210648488, 0.00031515564448408607, -0.7374166005874011], [0.007626419582528311, -0.9999506685785167, 0.006363814400845807, 0.09180218040908618], [0.000363686959646873, -0.006361225401135026, -0.9999797010655722, -0.001845857437699501], [0.0, 0.0, 0.0, 1.0]]}, "mean_rme": {"type": "float", "data": 0.0018301541203457282}, "max_rme": {"type": "float", "data": 0.005782601104764917}, "simu": {"type": "float", "data": 0.002}}, {"type": "dict", "image_number": {"type": "int", "data": 17}, "Hcamera2end": {"type": "ndarray", "data": [[0.9999605297867686, 0.007238644927387012, 0.005151784950878767, -0.014482268380736603], [-0.005147022953480048, -0.0006763327457743884, 0.9999865252735824, 0.030560628487245663], [0.007242031709488449, -0.9999735719475951, -0.0006390485791831768, 0.03571219430520371], [0.0, 0.0, 0.0, 1.0]]}, "Hobj2base": {"type": "ndarray", "data": [[0.9999667440384638, 0.008146636465603804, -0.00037832712132865564, -0.737872146483482], [0.008148925367430983, -0.9999456435804792, 0.00650422168879188, 0.09195996345988514], [-0.00032531902723064956, -0.006507088344121756, -0.9999787757591718, -0.0015894540905363398], [0.0, 0.0, 0.0, 1.0]]}, "mean_rme": {"type": "float", "data": 0.0017912547961218162}, "max_rme": {"type": "float", "data": 0.005672410508920922}, "simu": {"type": "float", "data": 0.002}}, {"type": "dict", "image_number": {"type": "int", "data": 18}, "Hcamera2end": {"type": "ndarray", "data": [[0.9999557478104878, 0.00795460735546942, 0.005022613123507543, -0.015158550936837906], [-0.005012539344581118, -0.0012858389799861314, 0.9999866104440781, 0.030094782728063395], [0.007960959118544995, -0.9999675348929772, -0.0012459092964558494, 0.03605698304621319], [0.0, 0.0, 0.0, 1.0]]}, "Hobj2base": {"type": "ndarray", "data": [[0.9999611670752906, 0.008799052870534056, 0.0004909276976165028, -0.7378562711662809], [0.008795584212024008, -0.9999390770926815, 0.006669317911582982, 0.0913125223118148], [0.0005495814697882992, -0.006664740926556258, -0.9999776393442954, -0.0009165186784008683], [0.0, 0.0, 0.0, 1.0]]}, "mean_rme": {"type": "float", "data": 0.0018013504617631114}, "max_rme": {"type": "float", "data": 0.005739789554350783}, "simu": {"type": "float", "data": 0.002}}, {"type": "dict", "image_number": {"type": "int", "data": 19}, "Hcamera2end": {"type": "ndarray", "data": [[0.999963360913954, 0.007440922212191916, 0.004231962464575622, -0.015129342696992183], [-0.00422328263178696, -0.0011818257541502675, 0.9999903835396113, 0.029238396114564136], [0.007445852099089439, -0.9999716175794786, -0.0011503573355915453, 0.03601934863028807], [0.0, 0.0, 0.0, 1.0]]}, "Hobj2base": {"type": "ndarray", "data": [[0.9999665988644407, 0.00811255611499585, 0.000993775006563922, -0.7375645491852373], [0.008106359076788042, -0.9999486056352891, 0.006088762646014843, 0.09139974218113839], [0.0010431193607654801, -0.0060805033773835716, -0.9999809695092587, -7.63150593958472e-05], [0.0, 0.0, 0.0, 1.0]]}, "mean_rme": {"type": "float", "data": 0.0018868728432046772}, "max_rme": {"type": "float", "data": 0.0058517747995512626}, "simu": {"type": "float", "data": 0.002}}, {"type": "dict", "image_number": {"type": "int", "data": 20}, "Hcamera2end": {"type": "ndarray", "data": [[0.9999630388759566, 0.00755007679686834, 0.004113055108248405, -0.015183020817179847], [-0.004105741298767484, -0.0009839507822766436, 0.999991087324905, 0.029157313513668518], [0.007554056549278214, -0.9999710136705061, -0.0009529157522358833, 0.03594901473739067], [0.0, 0.0, 0.0, 1.0]]}, "Hobj2base": {"type": "ndarray", "data": [[0.9999683986327149, 0.007904774695242683, 0.0008463290975162542, -0.7375599834849702], [0.007899542092525774, -0.9999506943554384, 0.006017149890555067, 0.09127849924842397], [0.0008938515829069317, -0.0060102741280614064, -0.9999815386467159, -4.6754468893545065e-05], [0.0, 0.0, 0.0, 1.0]]}, "mean_rme": {"type": "float", "data": 0.00184692872460355}, "max_rme": {"type": "float", "data": 0.005936277717573796}, "simu": {"type": "float", "data": 0.002}}, {"type": "dict", "image_number": {"type": "int", "data": 21}, "Hcamera2end": {"type": "ndarray", "data": [[0.9999642854459888, 0.007556504156607767, 0.0037851126038839266, -0.015175084839605897], [-0.0037825055921430015, -0.0003592640657827939, 0.9999927817643369, 0.02951138343251287], [0.007557809466923491, -0.9999713846777128, -0.0003306687155975041, 0.03573366496081281], [0.0, 0.0, 0.0, 1.0]]}, "Hobj2base": {"type": "ndarray", "data": [[0.9999700267123238, 0.007731408532006638, 0.00041352033263224484, -0.7374554877583437], [0.007728919138217758, -0.9999537927710731, 0.005716304024568137, 0.09125417302869904], [0.00045769630671065883, -0.005712936622930241, -0.999983576299748, -0.00039321127245654325], [0.0, 0.0, 0.0, 1.0]]}, "mean_rme": {"type": "float", "data": 0.0019298934127289535}, "max_rme": {"type": "float", "data": 0.006192461976143093}, "simu": {"type": "float", "data": 0.002}}, {"type": "dict", "image_number": {"type": "int", "data": 22}, "Hcamera2end": {"type": "ndarray", "data": [[0.9999720427050964, 0.006687876120523776, 0.0033445659200229978, -0.014843454107995516], [-0.0033356582099168084, -0.0013426302243271238, 0.9999935353432978, 0.02947920336363483], [0.006692323400992066, -0.9999767345578983, -0.0013202842191297748, 0.036035654069023336], [0.0, 0.0, 0.0, 1.0]]}, "Hobj2base": {"type": "ndarray", "data": [[0.9999741218666406, 0.007083565749093071, 0.001256460631839537, -0.7373524398499334], [0.007076735841450048, -0.9999605973152288, 0.005359442769610106, 0.0914736561296894], [0.0012943750891543679, -0.005350412437248673, -0.9999848487251592, -0.0005340952932282518], [0.0, 0.0, 0.0, 1.0]]}, "mean_rme": {"type": "float", "data": 0.001951628080982842}, "max_rme": {"type": "float", "data": 0.005978406245405354}, "simu": {"type": "float", "data": 0.002}}, {"type": "dict", "image_number": {"type": "int", "data": 23}, "Hcamera2end": {"type": "ndarray", "data": [[0.9999729684699225, 0.0067789920913387345, 0.0028473840058986593, -0.014826335846069651], [-0.0028407563878756117, -0.000987098325965885, 0.9999954778597947, 0.029737914918233424], [0.006781772083771653, -0.999976535176261, -0.0009678141781008787, 0.03590886526979282], [0.0, 0.0, 0.0, 1.0]]}, "Hobj2base": {"type": "ndarray", "data": [[0.9999739670346578, 0.007152985568151044, 0.0009487098771688731, -0.7373097905666701], [0.007148223647094628, -0.999962292320336, 0.004931210414289105, 0.09130261266349839], [0.0009839469804476567, -0.004924300449881083, -0.9999873914772219, -0.0008858218049008264], [0.0, 0.0, 0.0, 1.0]]}, "mean_rme": {"type": "float", "data": 0.002019994624491778}, "max_rme": {"type": "float", "data": 0.006337493137548722}, "simu": {"type": "float", "data": 0.002}}, {"type": "dict", "image_number": {"type": "int", "data": 24}, "Hcamera2end": {"type": "ndarray", "data": [[0.9999620526463083, 0.007414366677612903, 0.004573886110475447, -0.01583049771179096], [-0.004565686067765807, -0.001122515840584537, 0.9999889471733765, 0.031043082393148246], [0.0074194189875155326, -0.9999718831672004, -0.001088621573437587, 0.03603991488814909], [0.0, 0.0, 0.0, 1.0]]}, "Hobj2base": {"type": "ndarray", "data": [[0.9999700863754781, 0.007675870016780079, 0.0009525616538551601, -0.737572228446362], [0.007669749123144207, -0.999950922891133, 0.006271104971190177, 0.09067177280507033], [0.0010006510915036104, -0.006263611470801335, -0.9999798827320157, -0.0018831004001804569], [0.0, 0.0, 0.0, 1.0]]}, "mean_rme": {"type": "float", "data": 0.0021395342283165525}, "max_rme": {"type": "float", "data": 0.007406995022417706}, "simu": {"type": "float", "data": 0.002}}, {"type": "dict", "image_number": {"type": "int", "data": 25}, "Hcamera2end": {"type": "ndarray", "data": [[0.9999437088411007, 0.009047724076778629, 0.005542367556772712, -0.017007719137790173], [-0.005525365212255296, -0.001903101025009235, 0.999982924127087, 0.031393893642941297], [0.009058117264370415, -0.9999572575343001, -0.0018530019173830237, 0.036473307449030046], [0.0, 0.0, 0.0, 1.0]]}, "Hobj2base": {"type": "ndarray", "data": [[0.9999589915813106, 0.008948435220584135, 0.0013930767355950083, -0.7378703204391581], [0.00893858640872982, -0.9999360888350564, 0.006922421416195905, 0.08966567563192929], [0.0014549325420503943, -0.006909685401865018, -0.9999750693987048, -0.0018733936433052679], [0.0, 0.0, 0.0, 1.0]]}, "mean_rme": {"type": "float", "data": 0.0022770124869936625}, "max_rme": {"type": "float", "data": 0.006980247428631542}, "simu": {"type": "float", "data": 0.002}}, {"type": "dict", "image_number": {"type": "int", "data": 26}, "Hcamera2end": {"type": "ndarray", "data": [[0.9999447323612015, 0.008642628910963984, 0.005986417007888295, -0.017384114986532723], [-0.005971572366279785, -0.001742392427712458, 0.9999806520088788, 0.03168445644841035], [0.008652892381120224, -0.9999611337617755, -0.0016906860458203443, 0.03642636413135189], [0.0, 0.0, 0.0, 1.0]]}, "Hobj2base": {"type": "ndarray", "data": [[0.9999638311323876, 0.008379492830135294, 0.0014562029210923586, -0.7377605759984538], [0.008368641677669797, -0.9999383030862605, 0.00730450939085408, 0.08957427764250919], [0.0015173211619346663, -0.007292058754564352, -0.9999722614230917, -0.002034215026334624], [0.0, 0.0, 0.0, 1.0]]}, "mean_rme": {"type": "float", "data": 0.002283475536204315}, "max_rme": {"type": "float", "data": 0.006767735203871528}, "simu": {"type": "float", "data": 0.002}}, {"type": "dict", "image_number": {"type": "int", "data": 27}, "Hcamera2end": {"type": "ndarray", "data": [[0.999950129446006, 0.0081525163104395, 0.005768457222143078, -0.01701362430945494], [-0.005757160222995841, -0.001408496619347055, 0.9999824354674635, 0.031602803335022064], [0.008160497967797749, -0.9999657757218899, -0.0013614910342205633, 0.03623675159967471], [0.0, 0.0, 0.0, 1.0]]}, "Hobj2base": {"type": "ndarray", "data": [[0.9999673166931727, 0.007940739882526518, 0.0015199327531002695, -0.7376904610316438], [0.007929709980045793, -0.9999431377981665, 0.0071302783949099835, 0.0899328644754105], [0.0015764660124012687, -0.007117992727912182, -0.9999734241140794, -0.0021049312853562213], [0.0, 0.0, 0.0, 1.0]]}, "mean_rme": {"type": "float", "data": 0.002257322962652332}, "max_rme": {"type": "float", "data": 0.006994731372566565}, "simu": {"type": "float", "data": 0.002}}, {"type": "dict", "image_number": {"type": "int", "data": 28}, "Hcamera2end": {"type": "ndarray", "data": [[0.9999489033882689, 0.008457008329357193, 0.0055380161353722635, -0.017144998518435015], [-0.005524742792822701, -0.001592064304032581, 0.9999834711375608, 0.031216960551874565], [0.008465685422434152, -0.999962971485129, -0.001545260159124373, 0.03631446655427947], [0.0, 0.0, 0.0, 1.0]]}, "Hobj2base": {"type": "ndarray", "data": [[0.999964410811419, 0.008230443460376241, 0.0018538907781505613, -0.7376975331651437], [0.008217270077822053, -0.9999417033518974, 0.0070047391224573536, 0.08978300593993949], [0.0019114348118343181, -0.0069892559082569165, -0.999973748014821, -0.0016925671381927251], [0.0, 0.0, 0.0, 1.0]]}, "mean_rme": {"type": "float", "data": 0.0022624700528706904}, "max_rme": {"type": "float", "data": 0.007116107051371112}, "simu": {"type": "float", "data": 0.002}}, {"type": "dict", "image_number": {"type": "int", "data": 29}, "Hcamera2end": {"type": "ndarray", "data": [[0.9999560043705711, 0.007544165210412519, 0.00557448603194995, -0.016921969070918134], [-0.005566025500923942, -0.0011419985207152816, 0.9999838574694601, 0.03141554593760655], [0.00755040948329745, -0.9999708902816403, -0.0010999572618273223, 0.03609057896864151], [0.0, 0.0, 0.0, 1.0]]}, "Hobj2base": {"type": "ndarray", "data": [[0.9999722425773288, 0.0072580244973045145, 0.001683791930299339, -0.7375312457458967], [0.007246182970485313, -0.9999496961497072, 0.00693527234262047, 0.0901462683832205], [0.0017340436056403712, -0.006922878772923541, -0.999974533096853, -0.0019674486492332497], [0.0, 0.0, 0.0, 1.0]]}, "mean_rme": {"type": "float", "data": 0.0022870181271041554}, "max_rme": {"type": "float", "data": 0.007042007799155869}, "simu": {"type": "float", "data": 0.002}}, {"type": "dict", "image_number": {"type": "int", "data": 30}, "Hcamera2end": {"type": "ndarray", "data": [[0.9999635688848478, 0.0070434263449196, 0.004821934093483617, -0.01653466003509863], [-0.004808857836612347, -0.0018722767176357902, 0.9999866846444505, 0.031407559932831425], [0.007052360554130735, -0.9999734420099446, -0.0018383376725317202, 0.035549548384648834], [0.0, 0.0, 0.0, 1.0]]}, "Hobj2base": {"type": "ndarray", "data": [[0.9999758444902216, 0.006601686751985355, 0.0021744351213097814, -0.736523362494308], [0.006588577339764345, -0.999960403241168, 0.005981855765522309, 0.09004985832990595], [0.0022138393586862218, -0.005967384836779823, -0.9999797444116076, -0.0021483850380052774], [0.0, 0.0, 0.0, 1.0]]}, "mean_rme": {"type": "float", "data": 0.0022918161489658166}, "max_rme": {"type": "float", "data": 0.007035713085465134}, "simu": {"type": "float", "data": 0.002}}]}