{"type": "list", "data": [{"type": "dict", "image_number": {"type": "int", "data": 5}, "Hcamera2end": {"type": "ndarray", "data": [[0.9992492069489651, -0.0016535034927736177, 0.038707729693997585, -0.017196688708474264], [-0.03869440789047436, 0.007445426771275465, 0.9992233526185221, 0.0291593834828948], [-0.0019404148705346735, -0.9999709153502381, 0.007375855457995906, 0.02694911775732947], [0.0, 0.0, 0.0, 1.0]]}, "Hobj2base": {"type": "ndarray", "data": [[0.9999941280752934, -0.0033386147135120946, -0.0007729597197495577, -0.7296124543862853], [-0.003306829079268244, -0.9992721423732842, 0.038003294043373936, 0.10443057123652122], [-0.0008992754717775288, -0.03800051484521434, -0.9992773149507219, -0.00374537779795594], [0.0, 0.0, 0.0, 1.0]]}, "mean_rme": {"type": "float", "data": 0.0020374024643134286}, "max_rme": {"type": "float", "data": 0.0054827738183115815}, "simu": {"type": "float", "data": 0.002}}, {"type": "dict", "image_number": {"type": "int", "data": 6}, "Hcamera2end": {"type": "ndarray", "data": [[0.9999971661865023, -0.0006336073463344683, 0.0022948116906973035, -0.019584139535440376], [-0.0022982056639015164, -0.005408853522713475, 0.999982731128041, 0.027873340189509748], [-0.0006211841043531397, -0.9999851713127051, -0.005410294355023382, 0.026092670056093864], [0.0, 0.0, 0.0, 1.0]]}, "Hobj2base": {"type": "ndarray", "data": [[0.9999548282453534, 0.004305236463357394, 0.00847386616606093, -0.7233209794944248], [0.00427451504768941, -0.9999842385745006, 0.0036402092910933982, 0.08596942302028687], [0.00848940456762493, -0.0036038231880135053, -0.9999574703298717, 0.002135588841446656], [0.0, 0.0, 0.0, 1.0]]}, "mean_rme": {"type": "float", "data": 0.0019407719712546368}, "max_rme": {"type": "float", "data": 0.004925786982505925}, "simu": {"type": "float", "data": 0.002}}, {"type": "dict", "image_number": {"type": "int", "data": 7}, "Hcamera2end": {"type": "ndarray", "data": [[0.9999763878560487, -0.000547996275358946, 0.006850067915821429, -0.019249493046419344], [-0.006852327227382534, -0.00423307691234398, 0.999967562809626, 0.028210382732212567], [-0.000518981635556985, -0.9999908903384752, -0.004236732010120869, 0.026091941112828986], [0.0, 0.0, 0.0, 1.0]]}, "Hobj2base": {"type": "ndarray", "data": [[0.9999673803038104, 0.002863940173958401, 0.0075522298041533, -0.7238982194822635], [0.0028013329888939595, -0.9999617343506113, 0.008287482609504024, 0.08824990831977596], [0.007575675667561852, -0.008266055963849042, -0.9999371387527229, 0.0011872748085947865], [0.0, 0.0, 0.0, 1.0]]}, "mean_rme": {"type": "float", "data": 0.001985538106197245}, "max_rme": {"type": "float", "data": 0.0049525770303857075}, "simu": {"type": "float", "data": 0.002}}, {"type": "dict", "image_number": {"type": "int", "data": 8}, "Hcamera2end": {"type": "ndarray", "data": [[0.9999769142996732, -0.001476971883912736, 0.006632452167810514, -0.019290871324746387], [-0.006642666538608643, -0.007021704611483326, 0.9999532842316213, 0.027821376399591813], [-0.0014303317660641478, -0.9999742567778448, -0.007031353542226615, 0.025922192764554725], [0.0, 0.0, 0.0, 1.0]]}, "Hobj2base": {"type": "ndarray", "data": [[0.9999574706911949, 0.0021993529343108703, 0.008956542610761743, -0.7224385094805885], [0.002126476800493956, -0.9999646245148244, 0.008138047391269812, 0.08862505909492499], [0.008974124207130946, -0.008118655405664818, -0.9999267735835051, 0.0011453012302637747], [0.0, 0.0, 0.0, 1.0]]}, "mean_rme": {"type": "float", "data": 0.0019387760769745798}, "max_rme": {"type": "float", "data": 0.005060022313206708}, "simu": {"type": "float", "data": 0.002}}, {"type": "dict", "image_number": {"type": "int", "data": 9}, "Hcamera2end": {"type": "ndarray", "data": [[0.9999911312227258, -3.102215209345449e-05, 0.004211474031651216, -0.018543915204604147], [-0.00421156544881102, -0.004072707071517856, 0.9999828377395182, 0.02815282170076444], [-1.38695196129795e-05, -0.9999917060129725, -0.004072801603409726, 0.026095721461048646], [0.0, 0.0, 0.0, 1.0]]}, "Hobj2base": {"type": "ndarray", "data": [[0.9999730164993867, 0.0025253066474094444, 0.006898485301406881, -0.7239413514341515], [0.0024873128737838224, -0.9999817231602184, 0.005510591636881423, 0.08804882386792116], [0.006912275152588066, -0.005493284250528812, -0.9999610213805126, 0.0012654581103440396], [0.0, 0.0, 0.0, 1.0]]}, "mean_rme": {"type": "float", "data": 0.0019250176589463818}, "max_rme": {"type": "float", "data": 0.00481311053386127}, "simu": {"type": "float", "data": 0.002}}, {"type": "dict", "image_number": {"type": "int", "data": 10}, "Hcamera2end": {"type": "ndarray", "data": [[0.9999906002446269, -0.0029445764203316826, 0.0031825920403809175, -0.018366119140366708], [-0.0031691092014046107, 0.0045722632906004534, 0.9999845254579045, 0.028523479698813286], [-0.002959082503115104, -0.9999852118297079, 0.0045628886282161885, 0.02651581356830647], [0.0, 0.0, 0.0, 1.0]]}, "Hobj2base": {"type": "ndarray", "data": [[0.9999983872034608, -0.0017946194397734352, 7.022495114704128e-05, -0.7280466609980569], [-0.0017949128029628293, -0.9999885857013291, 0.0044279515677139785, 0.08835810969886027], [6.227766161667994e-05, -0.004428070473992916, -0.9999901941086078, 0.0022578803911395494], [0.0, 0.0, 0.0, 1.0]]}, "mean_rme": {"type": "float", "data": 0.0019902990047247463}, "max_rme": {"type": "float", "data": 0.005246559889763414}, "simu": {"type": "float", "data": 0.002}}, {"type": "dict", "image_number": {"type": "int", "data": 11}, "Hcamera2end": {"type": "ndarray", "data": [[0.9999986181257967, 0.0003981113275434863, 0.0016140798827190958, -0.017859992339188564], [-0.0016138607004331017, -0.0005502634192320333, 0.999998546330848, 0.026761824207335035], [0.00039899891793650926, -0.9999997693587436, -0.0005496201626113972, 0.025939226811924832], [0.0, 0.0, 0.0, 1.0]]}, "Hobj2base": {"type": "ndarray", "data": [[0.9999942524245039, 0.0007367604779089929, 0.003309426227565716, -0.7255996580076342], [0.000723574864736841, -0.9999918032873394, 0.00398369144764846, 0.08839979880489165], [0.003312334127564669, -0.003981273933446145, -0.9999865888603177, 0.0031056822111476534], [0.0, 0.0, 0.0, 1.0]]}, "mean_rme": {"type": "float", "data": 0.0024143306736467414}, "max_rme": {"type": "float", "data": 0.008816074387186928}, "simu": {"type": "float", "data": 0.002}}, {"type": "dict", "image_number": {"type": "int", "data": 12}, "Hcamera2end": {"type": "ndarray", "data": [[0.9999880776468993, 0.00027521385648633613, 0.004875327824052673, -0.01853116141410838], [-0.004875313366606401, -5.317814120164854e-05, 0.999988114175195, 0.026591962514633156], [0.0002754698462140853, -0.9999999607147085, -5.183575339984259e-05, 0.028055933185338184], [0.0, 0.0, 0.0, 1.0]]}, "Hobj2base": {"type": "ndarray", "data": [[0.9999961756708478, 0.0010729957874002802, 0.002548984840937591, -0.7281573344556019], [0.0010552567276418514, -0.9999752885651731, 0.006950445470483229, 0.08943757290861386], [0.0025563796505752023, -0.006947729056289939, -0.9999725966165489, 0.0038796904973159296], [0.0, 0.0, 0.0, 1.0]]}, "mean_rme": {"type": "float", "data": 0.0023269917511544837}, "max_rme": {"type": "float", "data": 0.009042371827357926}, "simu": {"type": "float", "data": 0.002}}, {"type": "dict", "image_number": {"type": "int", "data": 13}, "Hcamera2end": {"type": "ndarray", "data": [[0.9999855037497821, 0.0003305798631544582, 0.005374291325245447, -0.01812660761809869], [-0.005374245694701163, -0.00013876562201020626, 0.999985549009242, 0.026932118049047358], [0.0003313208528265238, -0.999999935730526, -0.00013698699302278072, 0.028012951355514664], [0.0, 0.0, 0.0, 1.0]]}, "Hobj2base": {"type": "ndarray", "data": [[0.9999969559045926, 0.0010919795696441657, 0.002212636926323084, -0.7281003377447163], [0.0010770713588559085, -0.9999767881525343, 0.006727783693714839, 0.0898453453515054], [0.0022199321692747747, -0.006725380045838505, -0.9999749202677048, 0.003297151723902291], [0.0, 0.0, 0.0, 1.0]]}, "mean_rme": {"type": "float", "data": 0.0022808486739237972}, "max_rme": {"type": "float", "data": 0.009465597750781346}, "simu": {"type": "float", "data": 0.002}}, {"type": "dict", "image_number": {"type": "int", "data": 14}, "Hcamera2end": {"type": "ndarray", "data": [[0.9999604289014571, 0.0030785885586936007, 0.00834643179449499, -0.018045758238757873], [-0.00835865132410608, 0.003977921274608387, 0.9999571536272817, 0.027585094727905452], [0.003045255203738379, -0.9999873491373875, 0.004003496712226107, 0.031360231483855194], [0.0, 0.0, 0.0, 1.0]]}, "Hobj2base": {"type": "ndarray", "data": [[0.9999937277655215, 0.003435348294242442, -0.0008618652524265844, -0.7341866693127408], [0.003443367302693546, -0.9999491160598546, 0.009482009952204624, 0.09115368771189547], [-0.0008292473906113706, -0.00948491819744441, -0.9999546733105218, 0.003711479992833087], [0.0, 0.0, 0.0, 1.0]]}, "mean_rme": {"type": "float", "data": 0.0022860577913027483}, "max_rme": {"type": "float", "data": 0.009236630436624954}, "simu": {"type": "float", "data": 0.002}}, {"type": "dict", "image_number": {"type": "int", "data": 15}, "Hcamera2end": {"type": "ndarray", "data": [[0.9999687445022898, 0.003091335847869069, 0.0072769266307932245, -0.01781425456890525], [-0.0072904570850219775, 0.004388410044598556, 0.9999637948909812, 0.027604356401471665], [0.003059289787797301, -0.9999855926461922, 0.004410810133992804, 0.03117876622370178], [0.0, 0.0, 0.0, 1.0]]}, "Hobj2base": {"type": "ndarray", "data": [[0.999993739996137, 0.003399119140947766, -0.0009828314218851021, -0.7342258051618897], [0.0034071455801748343, -0.999959885158836, 0.008283684694771785, 0.09075767588702328], [-0.0009546347645551477, -0.008286981488608729, -0.9999652066998497, 0.003556382067972382], [0.0, 0.0, 0.0, 1.0]]}, "mean_rme": {"type": "float", "data": 0.002208000157749726}, "max_rme": {"type": "float", "data": 0.009142555886408749}, "simu": {"type": "float", "data": 0.002}}, {"type": "dict", "image_number": {"type": "int", "data": 16}, "Hcamera2end": {"type": "ndarray", "data": [[0.9999689895519982, 0.003143266236571085, 0.0072207902421866045, -0.017756094201791982], [-0.007233320671859781, 0.003993490241100739, 0.9999658649712759, 0.027636013920953974], [0.003114322785722605, -0.9999870858731428, 0.00401610265382546, 0.031277703581115195], [0.0, 0.0, 0.0, 1.0]]}, "Hobj2base": {"type": "ndarray", "data": [[0.999994173521719, 0.0033417040740414696, -0.0006970914542791769, -0.7341430854422094], [0.0033473357088568303, -0.999960444780988, 0.008240401510897263, 0.09081522617195169], [-0.0006695268973733288, -0.008242686897494082, -0.99996580433855, 0.0034427588124537715], [0.0, 0.0, 0.0, 1.0]]}, "mean_rme": {"type": "float", "data": 0.0021049107078136274}, "max_rme": {"type": "float", "data": 0.00915839277511235}, "simu": {"type": "float", "data": 0.002}}, {"type": "dict", "image_number": {"type": "int", "data": 17}, "Hcamera2end": {"type": "ndarray", "data": [[0.9999842669712669, 0.0024412541475943563, 0.005050355247390425, -0.017607249878080787], [-0.005065180095108984, 0.0061050850737846, 0.9999685354484141, 0.02783520232289604], [0.0024103444861891415, -0.999978383873586, 0.006117354414221232, 0.03109732616402812], [0.0, 0.0, 0.0, 1.0]]}, "Hobj2base": {"type": "ndarray", "data": [[0.9999935664206793, 0.0027742026663977754, -0.002273964998895433, -0.7350126438213076], [0.0027881506837565337, -0.9999771785856197, 0.0061537406273174736, 0.08988112900506555], [-0.0022568413801412825, -0.006160041193805537, -0.9999784800481837, 0.0034888291637489134], [0.0, 0.0, 0.0, 1.0]]}, "mean_rme": {"type": "float", "data": 0.0022697106210179856}, "max_rme": {"type": "float", "data": 0.00888004653170979}, "simu": {"type": "float", "data": 0.002}}, {"type": "dict", "image_number": {"type": "int", "data": 18}, "Hcamera2end": {"type": "ndarray", "data": [[0.9999823059667684, 0.002059215916246698, 0.0055809840704454, -0.017804453872706436], [-0.005593978965509793, 0.00635975363079988, 0.9999641298232098, 0.027534262861214766], [0.0020236483681022803, -0.9999776563321632, 0.006371160311628765, 0.031039796787303987], [0.0, 0.0, 0.0, 1.0]]}, "Hobj2base": {"type": "ndarray", "data": [[0.999993304749877, 0.0026815483868830405, -0.0024899304545452105, -0.7351443435470331], [0.002698075237038845, -0.9999741953120944, 0.006658010209163944, 0.0898773269756436], [-0.0024720124261306893, -0.006664683651821629, -0.9999747352540398, 0.003825183246122305], [0.0, 0.0, 0.0, 1.0]]}, "mean_rme": {"type": "float", "data": 0.002265012066242668}, "max_rme": {"type": "float", "data": 0.008928687322817958}, "simu": {"type": "float", "data": 0.002}}, {"type": "dict", "image_number": {"type": "int", "data": 19}, "Hcamera2end": {"type": "ndarray", "data": [[0.9999783573603849, 0.0016578816414088335, 0.006366807621530038, -0.017975458459367846], [-0.00637558787806152, 0.005345766418130227, 0.999965386731267, 0.027136760525532645], [0.0016237887903321787, -0.9999843369822681, 0.005356220691730362, 0.03154845003731442], [0.0, 0.0, 0.0, 1.0]]}, "Hobj2base": {"type": "ndarray", "data": [[0.9999949404944166, 0.00264808835111955, -0.001762558836696068, -0.7352806028567607], [0.0026604805424881896, -0.999971496458451, 0.007065982870772304, 0.09003612260195655], [-0.0017437972505977306, -0.007070636373882539, -0.9999734822846145, 0.004032012817714507], [0.0, 0.0, 0.0, 1.0]]}, "mean_rme": {"type": "float", "data": 0.002286169146807555}, "max_rme": {"type": "float", "data": 0.009119089091112559}, "simu": {"type": "float", "data": 0.002}}, {"type": "dict", "image_number": {"type": "int", "data": 20}, "Hcamera2end": {"type": "ndarray", "data": [[0.9999764495750514, 0.0013283751152674411, 0.006733180142239186, -0.01815034018411376], [-0.006740716722125567, 0.005753069006148137, 0.9999607316965414, 0.02705301864907506], [0.0012895865022411802, -0.9999825686563558, 0.005761887719280989, 0.03138188063891388], [0.0, 0.0, 0.0, 1.0]]}, "Hobj2base": {"type": "ndarray", "data": [[0.9999948687515219, 0.002448393866410015, -0.002065874657737592, -0.7352474440444114], [0.0024628436685988327, -0.9999723181188256, 0.0070212105171735765, 0.0900802634636578], [-0.0020486267816757736, -0.007026262415918723, -0.9999732170237223, 0.004230770385645638], [0.0, 0.0, 0.0, 1.0]]}, "mean_rme": {"type": "float", "data": 0.002268822215852965}, "max_rme": {"type": "float", "data": 0.009116323821482447}, "simu": {"type": "float", "data": 0.002}}, {"type": "dict", "image_number": {"type": "int", "data": 21}, "Hcamera2end": {"type": "ndarray", "data": [[0.9999761596433131, 0.001968941484148461, 0.006618414798361723, -0.018215578846816974], [-0.00662868024984478, 0.005253669481107948, 0.9999642291377872, 0.027069003765993627], [0.0019341000895744592, -0.9999842609893496, 0.0052665957152826515, 0.03157257817397648], [0.0, 0.0, 0.0, 1.0]]}, "Hobj2base": {"type": "ndarray", "data": [[0.9999930872408795, 0.003294301272631553, -0.0017242533398260044, -0.7355703546766661], [0.0033058222988937526, -0.9999719420543867, 0.0067221010782927875, 0.0897250766699072], [-0.0017020603346825937, -0.006727754685166989, -0.9999759198638305, 0.0041072332772551885], [0.0, 0.0, 0.0, 1.0]]}, "mean_rme": {"type": "float", "data": 0.002274671354372798}, "max_rme": {"type": "float", "data": 0.009293193115825577}, "simu": {"type": "float", "data": 0.002}}, {"type": "dict", "image_number": {"type": "int", "data": 22}, "Hcamera2end": {"type": "ndarray", "data": [[0.9999859163720294, 0.0014646947167525075, 0.005101149574294528, -0.01796065086198552], [-0.005109792377653903, 0.005958924072582583, 0.9999691901482537, 0.02740090170304983], [0.0014342522267293224, -0.9999811727694097, 0.005966324435212056, 0.031154982098310146], [0.0, 0.0, 0.0, 1.0]]}, "Hobj2base": {"type": "ndarray", "data": [[0.9999950018864556, 0.0026279626798054994, -0.0017578436395878434, -0.7352954127881165], [0.0026376538777079838, -0.999981210252517, 0.005533707973219912, 0.08937814052827096], [-0.001743268232115177, -0.005538316898211504, -0.9999831438888387, 0.0036130555218513135], [0.0, 0.0, 0.0, 1.0]]}, "mean_rme": {"type": "float", "data": 0.002463879136184513}, "max_rme": {"type": "float", "data": 0.009126515839897459}, "simu": {"type": "float", "data": 0.002}}, {"type": "dict", "image_number": {"type": "int", "data": 23}, "Hcamera2end": {"type": "ndarray", "data": [[0.9999841857398776, 0.0020893980818932536, 0.005221368193240408, -0.017922683425912654], [-0.005232591096097263, 0.005402432495191789, 0.9999717164567985, 0.0275579520267907], [0.002061130897115817, -0.9999832239286768, 0.005413280025518552, 0.03130132234889534], [0.0, 0.0, 0.0, 1.0]]}, "Hobj2base": {"type": "ndarray", "data": [[0.999994198544724, 0.0031338411408444724, -0.0013348844890194898, -0.7352822685243462], [0.003141169680737024, -0.9999798103348014, 0.005523764641216108, 0.08946261183698363], [-0.0013175469372635926, -0.005527925694026781, -0.9999838529234308, 0.0033610055526213127], [0.0, 0.0, 0.0, 1.0]]}, "mean_rme": {"type": "float", "data": 0.002472766879875252}, "max_rme": {"type": "float", "data": 0.009235490061060336}, "simu": {"type": "float", "data": 0.002}}, {"type": "dict", "image_number": {"type": "int", "data": 24}, "Hcamera2end": {"type": "ndarray", "data": [[0.999984263977461, 0.0021018328369715508, 0.005201355225424255, -0.01780338037525592], [-0.005210357879402653, 0.004300708406067222, 0.9999771777785604, 0.02754374897049044], [0.0020794153563361926, -0.9999885430373348, 0.004311592031306044, 0.031765744161975126], [0.0, 0.0, 0.0, 1.0]]}, "Hobj2base": {"type": "ndarray", "data": [[0.9999944394001682, 0.0032635754716257397, -0.0006857433078994623, -0.7352780476992562], [0.003267253530058507, -0.9999799049362696, 0.005432750502285002, 0.08957929311297302], [-0.0006679993365612673, -0.005434960790176921, -0.9999850073766587, 0.003176926567701075], [0.0, 0.0, 0.0, 1.0]]}, "mean_rme": {"type": "float", "data": 0.002471907910695758}, "max_rme": {"type": "float", "data": 0.009548922202702426}, "simu": {"type": "float", "data": 0.002}}, {"type": "dict", "image_number": {"type": "int", "data": 25}, "Hcamera2end": {"type": "ndarray", "data": [[0.999984003649215, 0.002393766201725039, 0.005124678434618047, -0.01772883941519129], [-0.005134157903417733, 0.0039708499451187595, 0.9999789361648256, 0.027532995770225076], [0.002373366450747465, -0.9999892510592726, 0.003983076399673657, 0.03193239087651103], [0.0, 0.0, 0.0, 1.0]]}, "Hobj2base": {"type": "ndarray", "data": [[0.9999952211786168, 0.003071326427142206, -0.00035295028992877883, -0.7353094024522622], [0.0030731032390559463, -0.9999820217238311, 0.005149006273228377, 0.08961044599732668], [-0.0003371296654505052, -0.005150066319726303, -0.9999866814915543, 0.0030565437109035766], [0.0, 0.0, 0.0, 1.0]]}, "mean_rme": {"type": "float", "data": 0.00243013817824311}, "max_rme": {"type": "float", "data": 0.009737540616056639}, "simu": {"type": "float", "data": 0.002}}, {"type": "dict", "image_number": {"type": "int", "data": 26}, "Hcamera2end": {"type": "ndarray", "data": [[0.999984191402416, 0.0022315455360569633, 0.005161119043077653, -0.017584699770544943], [-0.005170159997998006, 0.004064824514295573, 0.9999783730897698, 0.027603461413639865], [0.0022105182314144803, -0.9999892486452984, 0.004076297702584775, 0.03184317251548222], [0.0, 0.0, 0.0, 1.0]]}, "Hobj2base": {"type": "ndarray", "data": [[0.9999953681772176, 0.003027439487608886, -0.00031342345136676114, -0.735291680611202], [0.003029038932142326, -0.9999817094069112, 0.0052350525096933765, 0.08972077995238233], [-0.00029756891397839596, -0.005235977633694331, -0.9999862479009203, 0.002880601743006739], [0.0, 0.0, 0.0, 1.0]]}, "mean_rme": {"type": "float", "data": 0.0023890890676799633}, "max_rme": {"type": "float", "data": 0.009805776422241508}, "simu": {"type": "float", "data": 0.002}}, {"type": "dict", "image_number": {"type": "int", "data": 27}, "Hcamera2end": {"type": "ndarray", "data": [[0.9999840829168145, 0.0022864504188607514, 0.00515810599925149, -0.017539951218278938], [-0.005167450848150291, 0.00410016502236632, 0.9999782428125731, 0.02772396212064803], [0.002265251586330657, -0.9999889803349192, 0.00411191487985485, 0.031825575617550346], [0.0, 0.0, 0.0, 1.0]]}, "Hobj2base": {"type": "ndarray", "data": [[0.9999950655056523, 0.0031248850725708157, -0.00032257964818082317, -0.7353094416502104], [0.0031265409500136655, -0.9999812408529278, 0.0052671324196864495, 0.089677890809167], [-0.0003061144133882285, -0.0052681149875309745, -0.9999860765322905, 0.0027529349049793335], [0.0, 0.0, 0.0, 1.0]]}, "mean_rme": {"type": "float", "data": 0.0023198060535048045}, "max_rme": {"type": "float", "data": 0.009827166234525897}, "simu": {"type": "float", "data": 0.002}}, {"type": "dict", "image_number": {"type": "int", "data": 28}, "Hcamera2end": {"type": "ndarray", "data": [[0.9999830273323433, 0.0038840266536594387, 0.004342739250222298, -0.017140556720624835], [-0.004360773706111146, 0.004646884146190078, 0.9999796948540587, 0.02798447226885609], [0.003863767581758499, -0.9999816602341693, 0.0046637426374749325, 0.032333478019884974], [0.0, 0.0, 0.0, 1.0]]}, "Hobj2base": {"type": "ndarray", "data": [[0.9999913790106233, 0.004002906319492793, -0.0011039227460415445, -0.7360419899555914], [0.004008102235941107, -0.999980707822183, 0.004745429370671791, 0.08968331141747335], [-0.001084905939751063, -0.0047498130956023146, -0.9999881310568934, 0.0026869571933768105], [0.0, 0.0, 0.0, 1.0]]}, "mean_rme": {"type": "float", "data": 0.002374281833940987}, "max_rme": {"type": "float", "data": 0.009765721616016243}, "simu": {"type": "float", "data": 0.002}}, {"type": "dict", "image_number": {"type": "int", "data": 29}, "Hcamera2end": {"type": "ndarray", "data": [[0.9999853563381086, 0.004136543768369946, 0.003489429036163798, -0.016860957261045906], [-0.0035069695539458367, 0.004240737906524905, 0.9999848585386459, 0.028062868107866384], [0.00412168338106655, -0.9999824524198715, 0.004255182539647073, 0.032490502273365786], [0.0, 0.0, 0.0, 1.0]]}, "Hobj2base": {"type": "ndarray", "data": [[0.9999906304761497, 0.0042165584616278015, -0.0009795890222226013, -0.736090835718333], [0.0042204436439450725, -0.9999830997305681, 0.003998513310284386, 0.08944836083508675], [-0.0009627125017717823, -0.004002610146381077, -0.9999915261124239, 0.0023278035128264573], [0.0, 0.0, 0.0, 1.0]]}, "mean_rme": {"type": "float", "data": 0.0024158618099833005}, "max_rme": {"type": "float", "data": 0.009772395833530179}, "simu": {"type": "float", "data": 0.002}}, {"type": "dict", "image_number": {"type": "int", "data": 30}, "Hcamera2end": {"type": "ndarray", "data": [[0.999982869164862, 0.004265569753537816, 0.004008277870620288, -0.017389574416783054], [-0.004024135611152639, 0.0037155473190259025, 0.9999850004078578, 0.0287177982925406], [0.004250612825635164, -0.9999839996833938, 0.0037326488997443397, 0.03268149454150626], [0.0, 0.0, 0.0, 1.0]]}, "Hobj2base": {"type": "ndarray", "data": [[0.9999899729752276, 0.004454280051950485, -0.0004618855077797425, -0.7360785155514648], [0.004456117583109945, -0.9999818429790148, 0.004056689337256073, 0.0888304517331045], [-0.00044380749092298494, -0.0040587068768641954, -0.9999916649319629, 0.0017421091395130096], [0.0, 0.0, 0.0, 1.0]]}, "mean_rme": {"type": "float", "data": 0.0024251994600281612}, "max_rme": {"type": "float", "data": 0.009895688549365206}, "simu": {"type": "float", "data": 0.002}}]}