{"type": "list", "data": [{"type": "dict", "image_number": {"type": "int", "data": 5}, "Hcamera2end": {"type": "ndarray", "data": [[0.9997753348269325, 0.007497924595879951, -0.019825766024280787, -0.016053287957600096], [0.019902463577215722, -0.010296763635356143, 0.9997489027761899, 0.025761638466260443], [0.007291900661187696, -0.9999188756021122, -0.010443677482346203, 0.03335546317486459], [0.0, 0.0, 0.0, 1.0]]}, "Hobj2base": {"type": "ndarray", "data": [[0.999900431635681, 0.011315002659586142, 0.008431935103662806, -0.7304279895794765], [0.011473106170611912, -0.9997547117475714, -0.018944238525971574, 0.07837619293969775], [0.00821551273973143, 0.01903909276579631, -0.9997849860330368, 0.0009445941099720301], [0.0, 0.0, 0.0, 1.0]]}, "mean_rme": {"type": "float", "data": 0.0015299361810790792}, "max_rme": {"type": "float", "data": 0.0043841090156612195}, "simu": {"type": "float", "data": 0.002}}, {"type": "dict", "image_number": {"type": "int", "data": 6}, "Hcamera2end": {"type": "ndarray", "data": [[0.9997946203270126, 0.007002692408915892, -0.01901787223090177, -0.016648069830358218], [0.019045661891857912, -0.00392335130291066, 0.9998109171626678, 0.025720370826603597], [0.006926754526170552, -0.9999677842878639, -0.004055916438256091, 0.033874744376250356], [0.0, 0.0, 0.0, 1.0]]}, "Hobj2base": {"type": "ndarray", "data": [[0.9999540496433104, 0.009204467693392412, 0.002678875963024469, -0.7340005214539689], [0.009250183320206521, -0.9998025837159878, -0.01758487143475389, 0.07857684879043851], [0.0025164877282728695, 0.017608843497389195, -0.9998417854441757, 0.0019684340499670308], [0.0, 0.0, 0.0, 1.0]]}, "mean_rme": {"type": "float", "data": 0.0013699770331008037}, "max_rme": {"type": "float", "data": 0.0043402918144893055}, "simu": {"type": "float", "data": 0.002}}, {"type": "dict", "image_number": {"type": "int", "data": 7}, "Hcamera2end": {"type": "ndarray", "data": [[0.9998617934469979, 0.007223463440521419, -0.014973829866681807, -0.016139020348248108], [0.0149675505995232, 0.0009225682946578662, 0.9998875543263814, 0.025547049094202634], [0.007236465573993592, -0.9999734848703066, 0.0008143232351242036, 0.03478524490331171], [0.0, 0.0, 0.0, 1.0]]}, "Hobj2base": {"type": "ndarray", "data": [[0.9999595983168241, 0.008931975982648933, -0.0010107121752563708, -0.7371414438082894], [0.008917879368999047, -0.9998733168000062, -0.013184148774724184, 0.08121682568961416], [-0.0011283446352112435, 0.01317460270366673, -0.9999125745193849, 0.0027751471586865734], [0.0, 0.0, 0.0, 1.0]]}, "mean_rme": {"type": "float", "data": 0.001652686568623148}, "max_rme": {"type": "float", "data": 0.00406835486885071}, "simu": {"type": "float", "data": 0.002}}, {"type": "dict", "image_number": {"type": "int", "data": 8}, "Hcamera2end": {"type": "ndarray", "data": [[0.9998885010632331, 0.008737088790172957, -0.01210986048612747, -0.014927195393399852], [0.012092112716783466, 0.0020812901901362535, 0.9999247216871824, 0.025469117028854626], [0.008761635210703592, -0.9999596649418502, 0.0019754082660257133, 0.03484670876901507], [0.0, 0.0, 0.0, 1.0]]}, "Hobj2base": {"type": "ndarray", "data": [[0.9999548444883363, 0.009332405906808389, -0.0017930934994456703, -0.7374784434810475], [0.009313763543445814, -0.9999052321179351, -0.010138076337991781, 0.08369922738109839], [-0.0018875362152727326, 0.010120918099102328, -0.9999470007074711, 0.003064609188018652], [0.0, 0.0, 0.0, 1.0]]}, "mean_rme": {"type": "float", "data": 0.0018219311133082416}, "max_rme": {"type": "float", "data": 0.00608771447206935}, "simu": {"type": "float", "data": 0.002}}, {"type": "dict", "image_number": {"type": "int", "data": 9}, "Hcamera2end": {"type": "ndarray", "data": [[0.9999098805324164, 0.00859709495739426, -0.010311196436028583, -0.015896347466192628], [0.01025581748690196, 0.006460982288594819, 0.9999265342591634, 0.025674486688500708], [0.008663083822991576, -0.9999421711609928, 0.006372229791510309, 0.034446437569495225], [0.0, 0.0, 0.0, 1.0]]}, "Hobj2base": {"type": "ndarray", "data": [[0.9999425331960701, 0.009288978086174276, -0.005352120284599206, -0.7390498070456775], [0.009236866044638147, -0.9999104799173115, -0.009680519469782305, 0.08297398342910077], [-0.005441563295566362, 0.009630526343144364, -0.9999388193040881, 0.0033682102734263874], [0.0, 0.0, 0.0, 1.0]]}, "mean_rme": {"type": "float", "data": 0.0019461957945513184}, "max_rme": {"type": "float", "data": 0.005676358420010075}, "simu": {"type": "float", "data": 0.002}}, {"type": "dict", "image_number": {"type": "int", "data": 10}, "Hcamera2end": {"type": "ndarray", "data": [[0.9998723652009732, 0.012447537224996967, -0.010015594063451204, -0.01571228878517109], [0.010013810774480197, 0.0002055837639189928, 0.9999498394065021, 0.025513987146179522], [0.012448971892667622, -0.9999225052734579, 8.091024189715856e-05, 0.03587385769785401], [0.0, 0.0, 0.0, 1.0]]}, "Hobj2base": {"type": "ndarray", "data": [[0.9999159456848148, 0.012962390328533769, 0.0002792887633722203, -0.7383946574210402], [0.012964179045873563, -0.9998853513079422, -0.007823956892802674, 0.08292521365500019], [0.00017783956012266264, 0.00782692000499787, -0.9999693533785559, 0.002738606660937848], [0.0, 0.0, 0.0, 1.0]]}, "mean_rme": {"type": "float", "data": 0.00198544577327892}, "max_rme": {"type": "float", "data": 0.005739957387862149}, "simu": {"type": "float", "data": 0.002}}, {"type": "dict", "image_number": {"type": "int", "data": 11}, "Hcamera2end": {"type": "ndarray", "data": [[0.9999251029294821, 0.008684741964769463, -0.0086234441187913, -0.01565955997054672], [0.008561806178470502, 0.007109614371706097, 0.9999380725117171, 0.027989640376968557], [0.008745513502753762, -0.9999370123365225, 0.007034724805004777, 0.03503841889374883], [0.0, 0.0, 0.0, 1.0]]}, "Hobj2base": {"type": "ndarray", "data": [[0.9999458937759215, 0.00912933380186148, -0.004986460168079043, -0.7403361064357035], [0.009091200443295176, -0.9999296613297066, -0.007617248030475666, 0.08347780876604603], [-0.005055649827023134, 0.007571502981056354, -0.9999585555148944, 0.0012632363271249543], [0.0, 0.0, 0.0, 1.0]]}, "mean_rme": {"type": "float", "data": 0.0024165609276921964}, "max_rme": {"type": "float", "data": 0.007434217551950201}, "simu": {"type": "float", "data": 0.002}}, {"type": "dict", "image_number": {"type": "int", "data": 12}, "Hcamera2end": {"type": "ndarray", "data": [[0.9999136235957536, 0.009906647362818856, -0.00863734251018555, -0.015242478742246508], [0.00860060717442225, 0.003744778554021888, 0.9999560021269998, 0.027608607057719753], [0.009938556426402213, -0.9999439159130925, 0.0036592519111325883, 0.035750408831404575], [0.0, 0.0, 0.0, 1.0]]}, "Hobj2base": {"type": "ndarray", "data": [[0.9999505390409132, 0.00971537042602765, -0.0021286261466478885, -0.7397406957039045], [0.00970064574072794, -0.999929677101022, -0.006821900384747777, 0.08397850093947189], [-0.0021947537447337003, 0.00680091391884887, -0.999974464986916, 0.0011549755976182168], [0.0, 0.0, 0.0, 1.0]]}, "mean_rme": {"type": "float", "data": 0.0023758900574184865}, "max_rme": {"type": "float", "data": 0.007303947653238996}, "simu": {"type": "float", "data": 0.002}}, {"type": "dict", "image_number": {"type": "int", "data": 13}, "Hcamera2end": {"type": "ndarray", "data": [[0.9999268778156051, 0.008487731603643044, -0.008613793250393574, -0.014880030882629854], [0.008561296044908837, 0.0062021123937204825, 0.9999441174445135, 0.027869130304147713], [0.00854068100138596, -0.9999447445804593, 0.006128992898705832, 0.03518406227834688], [0.0, 0.0, 0.0, 1.0]]}, "Hobj2base": {"type": "ndarray", "data": [[0.9999588140611777, 0.008232759073257248, -0.0038199292407901987, -0.7401496954875273], [0.008204754297809454, -0.9999397680241564, -0.00728987864837342, 0.08444807035455154], [-0.003879714973489785, 0.007258236827021684, -0.9999661323314337, 0.0010767758490991285], [0.0, 0.0, 0.0, 1.0]]}, "mean_rme": {"type": "float", "data": 0.002407697800606753}, "max_rme": {"type": "float", "data": 0.00719985425399286}, "simu": {"type": "float", "data": 0.002}}, {"type": "dict", "image_number": {"type": "int", "data": 14}, "Hcamera2end": {"type": "ndarray", "data": [[0.9999230441776525, 0.008265964175837755, -0.009250922048100973, -0.015169534227859638], [0.009194997828195984, 0.006778183777342295, 0.9999347519911587, 0.026826612377348374], [0.008328129287886024, -0.9999428633981665, 0.006701656633990916, 0.03467143381164906], [0.0, 0.0, 0.0, 1.0]]}, "Hobj2base": {"type": "ndarray", "data": [[0.9999612094490528, 0.008022020961600826, -0.0036368636047016314, -0.7396885472721001], [0.007996169288446863, -0.9999430513772778, -0.007067904852875737, 0.08412400726358592], [-0.0036933553712126845, 0.007038549707890265, -0.9999684084730434, 0.002139981603352183], [0.0, 0.0, 0.0, 1.0]]}, "mean_rme": {"type": "float", "data": 0.0024348799524991126}, "max_rme": {"type": "float", "data": 0.007555946020114224}, "simu": {"type": "float", "data": 0.002}}, {"type": "dict", "image_number": {"type": "int", "data": 15}, "Hcamera2end": {"type": "ndarray", "data": [[0.999927125307202, 0.008651223939265372, -0.008420237480496202, -0.014715128308705519], [0.008392290547449338, 0.0032616427941132287, 0.9999594647512721, 0.027647789081443698], [0.008678337066654176, -0.9999572580918826, 0.003188801518007267, 0.035361633760240554], [0.0, 0.0, 0.0, 1.0]]}, "Hobj2base": {"type": "ndarray", "data": [[0.9999729656307492, 0.007316736128381691, -0.0007303287424099488, -0.7387852451381287], [0.007312464982858862, -0.9999570809146601, -0.005688952847862921, 0.08556755234520406], [-0.0007719219642029461, 0.005683458547256133, -0.9999835510824273, 0.0011340863453590385], [0.0, 0.0, 0.0, 1.0]]}, "mean_rme": {"type": "float", "data": 0.002476853906078802}, "max_rme": {"type": "float", "data": 0.007108352179612781}, "simu": {"type": "float", "data": 0.002}}, {"type": "dict", "image_number": {"type": "int", "data": 16}, "Hcamera2end": {"type": "ndarray", "data": [[0.9999499374245595, 0.007498173639153824, -0.006625710278655081, -0.014446599303295149], [0.006605699354763326, 0.0026903996171292466, 0.9999745629194446, 0.027482356870998002], [0.00751580871590385, -0.9999682690675625, 0.002640734248025467, 0.03585141801259168], [0.0, 0.0, 0.0, 1.0]]}, "Hobj2base": {"type": "ndarray", "data": [[0.9999804246378234, 0.0061888632843063755, -0.0009210387648831954, -0.7388559423918858], [0.006185161865689835, -0.9999729960378869, -0.0039687488843045335, 0.08702885160886548], [-0.0009455759374419884, 0.003962974420762358, -0.9999917003255008, 0.0018671976663360915], [0.0, 0.0, 0.0, 1.0]]}, "mean_rme": {"type": "float", "data": 0.0024473407053918254}, "max_rme": {"type": "float", "data": 0.007085785464322786}, "simu": {"type": "float", "data": 0.002}}, {"type": "dict", "image_number": {"type": "int", "data": 17}, "Hcamera2end": {"type": "ndarray", "data": [[0.9999622221110654, 0.006729919499390584, -0.005501139357615947, -0.014361199035824895], [0.005474103712343954, 0.004029077844212914, 0.9999769000933332, 0.027070755677338677], [0.00675192855758197, -0.999969236884444, 0.0039920853568421455, 0.03584559463432549], [0.0, 0.0, 0.0, 1.0]]}, "Hobj2base": {"type": "ndarray", "data": [[0.999981268507016, 0.005707708797256893, -0.0022101346983885626, -0.7393537727381159], [0.0057002898264186565, -0.9999781463144628, -0.0033486697934430707, 0.08763532739359628], [-0.002229199630839013, 0.00333600865952209, -0.9999919508252202, 0.0028471238976447693], [0.0, 0.0, 0.0, 1.0]]}, "mean_rme": {"type": "float", "data": 0.0025051835578506648}, "max_rme": {"type": "float", "data": 0.007394195115863089}, "simu": {"type": "float", "data": 0.002}}, {"type": "dict", "image_number": {"type": "int", "data": 18}, "Hcamera2end": {"type": "ndarray", "data": [[0.9999578415872203, 0.006988578939519401, -0.005956073592026095, -0.014261463319486233], [0.005931163420311635, 0.0035797396053658392, 0.9999760030944939, 0.027575850140247143], [0.007009732427780816, -0.9999691721392033, 0.003538138285459791, 0.03574789600501485], [0.0, 0.0, 0.0, 1.0]]}, "Hobj2base": {"type": "ndarray", "data": [[0.9999815263465555, 0.005830048075422296, -0.0017197398208341425, -0.7389645209881804], [0.005823736754849545, -0.9999763718060908, -0.003652385485753748, 0.08765715042320232], [-0.0017409927694601018, 0.003642302700846669, -0.9999918512544048, 0.0022204075057130745], [0.0, 0.0, 0.0, 1.0]]}, "mean_rme": {"type": "float", "data": 0.002439807983295548}, "max_rme": {"type": "float", "data": 0.007369260142374323}, "simu": {"type": "float", "data": 0.002}}, {"type": "dict", "image_number": {"type": "int", "data": 19}, "Hcamera2end": {"type": "ndarray", "data": [[0.999962083142045, 0.006792547599606259, -0.005449181161326483, -0.01417156469055339], [0.005431898054716665, 0.0025602788580652014, 0.9999819695652978, 0.027230122549546293], [0.006806376550341415, -0.9999736527875502, 0.0025232853542425104, 0.036221867673528856], [0.0, 0.0, 0.0, 1.0]]}, "Hobj2base": {"type": "ndarray", "data": [[0.9999851003083249, 0.005342063110207088, -0.0011231754431119284, -0.7390028338485713], [0.005338294418937779, -0.999980199890931, -0.0033320322314155707, 0.08801676484845672], [-0.0011409531305811168, 0.0033259867439632182, -0.9999938179999581, 0.0025172487914246755], [0.0, 0.0, 0.0, 1.0]]}, "mean_rme": {"type": "float", "data": 0.0024496235258968445}, "max_rme": {"type": "float", "data": 0.007154412756845446}, "simu": {"type": "float", "data": 0.002}}, {"type": "dict", "image_number": {"type": "int", "data": 20}, "Hcamera2end": {"type": "ndarray", "data": [[0.9999633408261771, 0.006714314383266389, -0.0053136603310268765, -0.014192881950254112], [0.005295694540051772, 0.002690696428917061, 0.9999823577304081, 0.02706765336541195], [0.006728493374399088, -0.999973838725339, 0.0026550408321893704, 0.036283148520354365], [0.0, 0.0, 0.0, 1.0]]}, "Hobj2base": {"type": "ndarray", "data": [[0.9999868155398979, 0.005001056265900318, -0.001165410914437976, -0.7390807663596208], [0.004997074421962969, -0.99998175174449, -0.0033949116694496893, 0.08805412664991727], [-0.0011823677919985144, 0.0033890432643006187, -0.9999935581753303, 0.002696796308562932], [0.0, 0.0, 0.0, 1.0]]}, "mean_rme": {"type": "float", "data": 0.0023647535010599434}, "max_rme": {"type": "float", "data": 0.007235707130435559}, "simu": {"type": "float", "data": 0.002}}, {"type": "dict", "image_number": {"type": "int", "data": 21}, "Hcamera2end": {"type": "ndarray", "data": [[0.9999591641028761, 0.006852496444781321, -0.0058918094972130065, -0.014277251062080498], [0.0058652024700384196, 0.0038964587018486263, 0.9999752081974687, 0.027516432789487937], [0.006875283751427664, -0.9999689299683563, 0.0038561083073880287, 0.03573103708109723], [0.0, 0.0, 0.0, 1.0]]}, "Hobj2base": {"type": "ndarray", "data": [[0.9999846132632465, 0.005146769860502746, -0.0020697818141947005, -0.7389622885583007], [0.005138686767240641, -0.9999792235808564, -0.0038918253989625724, 0.08774234595934546], [-0.002089769141205913, 0.00388112955604999, -0.9999902848019604, 0.002344828419073548], [0.0, 0.0, 0.0, 1.0]]}, "mean_rme": {"type": "float", "data": 0.0024125458976675344}, "max_rme": {"type": "float", "data": 0.007585672464038545}, "simu": {"type": "float", "data": 0.002}}, {"type": "dict", "image_number": {"type": "int", "data": 22}, "Hcamera2end": {"type": "ndarray", "data": [[0.9999552763070226, 0.007059072430727796, -0.0062940354434840255, -0.014270634943378309], [0.006267364890497625, 0.003793973972943565, 0.9999731625892877, 0.02793174752715904], [0.0070827623901590885, -0.9999678871133365, 0.003749562509704596, 0.035568182235831323], [0.0, 0.0, 0.0, 1.0]]}, "Hobj2base": {"type": "ndarray", "data": [[0.9999844113970098, 0.005211440870663232, -0.0020044567911446827, -0.7386630273531914], [0.005203666312769006, -0.999978993568684, -0.0038644893928288233, 0.08766796355455808], [-0.0020245542426268063, 0.0038539986265584375, -0.9999905238924545, 0.0018902314397099046], [0.0, 0.0, 0.0, 1.0]]}, "mean_rme": {"type": "float", "data": 0.0024067584032858836}, "max_rme": {"type": "float", "data": 0.007639079291883177}, "simu": {"type": "float", "data": 0.002}}, {"type": "dict", "image_number": {"type": "int", "data": 23}, "Hcamera2end": {"type": "ndarray", "data": [[0.999961240159654, 0.006497389065084031, -0.005941558188191084, -0.0145817178314047], [0.005914889128712821, 0.004116122587775828, 0.9999740354736405, 0.028401268936692172], [0.0065216765453193805, -0.9999704202976104, 0.004077531711575433, 0.03574909066432569], [0.0, 0.0, 0.0, 1.0]]}, "Hobj2base": {"type": "ndarray", "data": [[0.9999875686500213, 0.004514581331552881, -0.0021168610771182877, -0.7388492171202183], [0.004506731635396492, -0.9999830054615999, -0.0036983993770001527, 0.08753212769903594], [-0.0021335218268254573, 0.003688813276119148, -0.9999909203293935, 0.0015449245483183383], [0.0, 0.0, 0.0, 1.0]]}, "mean_rme": {"type": "float", "data": 0.0023996725621740753}, "max_rme": {"type": "float", "data": 0.00789493515666459}, "simu": {"type": "float", "data": 0.002}}, {"type": "dict", "image_number": {"type": "int", "data": 24}, "Hcamera2end": {"type": "ndarray", "data": [[0.9999673791714517, 0.006543595368091492, -0.004735182429089373, -0.015235813526140975], [0.004726323570592678, 0.0013686225790249251, 0.9999878942955971, 0.02806539093174818], [0.006549996830848488, -0.9999776538662726, 0.001337650784397848, 0.03473700311045751], [0.0, 0.0, 0.0, 1.0]]}, "Hobj2base": {"type": "ndarray", "data": [[0.9999884567147018, 0.004796634076257496, 0.0002806045034834262, -0.7362588242216517], [0.004797326451730288, -0.9999853146896234, -0.002521123561028921, 0.08750223036689563], [0.00026850747553591254, 0.00252244061038742, -0.9999967825933753, 0.0012371058224006498], [0.0, 0.0, 0.0, 1.0]]}, "mean_rme": {"type": "float", "data": 0.0024554863601044343}, "max_rme": {"type": "float", "data": 0.007657899829326131}, "simu": {"type": "float", "data": 0.002}}, {"type": "dict", "image_number": {"type": "int", "data": 25}, "Hcamera2end": {"type": "ndarray", "data": [[0.9999666007510342, 0.006487747532690959, -0.004970564794255446, -0.015297737945794176], [0.004960375739399824, 0.0015856546877567324, 0.9999864400939319, 0.028089161344409416], [0.0064955411588106336, -0.9999776971668733, 0.0015534200626164951, 0.03467237114630402], [0.0, 0.0, 0.0, 1.0]]}, "Hobj2base": {"type": "ndarray", "data": [[0.99998815487145, 0.004864384182609143, 0.00016698298401658513, -0.7362116708241497], [0.004864828689972032, -0.9999843199606628, -0.0027736752923882076, 0.08730693224618587], [0.00015348814349684016, 0.0027744547814591946, -0.9999961394135757, 0.0011684183438377272], [0.0, 0.0, 0.0, 1.0]]}, "mean_rme": {"type": "float", "data": 0.0024048326855890417}, "max_rme": {"type": "float", "data": 0.007786645374261464}, "simu": {"type": "float", "data": 0.002}}, {"type": "dict", "image_number": {"type": "int", "data": 26}, "Hcamera2end": {"type": "ndarray", "data": [[0.9999730783515832, 0.006039473119931872, -0.004167413645416923, -0.015322397303178605], [0.004156033004526728, 0.0018957032246880168, 0.9999895667950487, 0.02816911067627258], [0.006047310288357239, -0.999979965336165, 0.0018705519396158277, 0.03459046102750476], [0.0, 0.0, 0.0, 1.0]]}, "Hobj2base": {"type": "ndarray", "data": [[0.9999902491202705, 0.004415815855626359, -4.727270378628597e-05, -0.7362414028894999], [0.004415704412313078, -0.9999879543248096, -0.002143072519938316, 0.08785190366330752], [-5.6735547967951537e-05, 0.0021428428808092314, -0.9999977025000937, 0.001356534007912187], [0.0, 0.0, 0.0, 1.0]]}, "mean_rme": {"type": "float", "data": 0.0024148079000458323}, "max_rme": {"type": "float", "data": 0.007916656441702419}, "simu": {"type": "float", "data": 0.002}}, {"type": "dict", "image_number": {"type": "int", "data": 27}, "Hcamera2end": {"type": "ndarray", "data": [[0.9999766047318479, 0.005790942351455289, -0.0036407383382818514, -0.01526640896729105], [0.0036298667931653067, 0.0018867398160987703, 0.9999916321049543, 0.02791656530525107], [0.00579776301944031, -0.999981452427768, 0.0018656753259721492, 0.03476588714600907], [0.0, 0.0, 0.0, 1.0]]}, "Hobj2base": {"type": "ndarray", "data": [[0.9999916861303315, 0.0040725152034746135, -0.00020564565164556605, -0.7364249543279556], [0.00407212045631082, -0.9999899326153396, -0.001884808467144409, 0.08816302862867138], [-0.0002133194924697705, 0.0018839553832276459, -0.9999982026018386, 0.0017527879286352516], [0.0, 0.0, 0.0, 1.0]]}, "mean_rme": {"type": "float", "data": 0.002426470112983448}, "max_rme": {"type": "float", "data": 0.007924412396035585}, "simu": {"type": "float", "data": 0.002}}, {"type": "dict", "image_number": {"type": "int", "data": 28}, "Hcamera2end": {"type": "ndarray", "data": [[0.9999764927884137, 0.005909306847070703, -0.0034776375847405104, -0.015191034541197997], [0.0034657612424763007, 0.0020188222095752772, 0.9999919563955982, 0.028243834471810496], [0.005916280046937065, -0.9999805020346512, 0.0019982945060539326, 0.034881836162525715], [0.0, 0.0, 0.0, 1.0]]}, "Hobj2base": {"type": "ndarray", "data": [[0.9999916658762604, 0.004066454667458121, -0.00036348928327871634, -0.7367017915251577], [0.0040658305106515205, -0.9999902866045982, -0.0017016811431960798, 0.08817487962670598], [-0.00037040556179085855, 0.0017001890753566178, -0.9999984860772684, 0.001443578808061119], [0.0, 0.0, 0.0, 1.0]]}, "mean_rme": {"type": "float", "data": 0.0024220242788010058}, "max_rme": {"type": "float", "data": 0.00784052217361711}, "simu": {"type": "float", "data": 0.002}}, {"type": "dict", "image_number": {"type": "int", "data": 29}, "Hcamera2end": {"type": "ndarray", "data": [[0.9999784363622248, 0.005225670648315683, -0.0039773328796140275, -0.01485890836615337], [0.003966758920605115, 0.0020322733295302653, 0.9999900672950606, 0.028347533305272073], [0.005233701770804925, -0.9999842809921511, 0.002011500530663901, 0.034982547852393416], [0.0, 0.0, 0.0, 1.0]]}, "Hobj2base": {"type": "ndarray", "data": [[0.9999943536091687, 0.0033571470686047326, -0.0001493765064162163, -0.7368403766662253], [0.0033567483187839278, -0.9999910014660882, -0.0025940754760308653, 0.08824504742929974], [-0.00015808385512675407, 0.002593559409530103, -0.9999966242238445, 0.0012916713394186042], [0.0, 0.0, 0.0, 1.0]]}, "mean_rme": {"type": "float", "data": 0.0024198512881560656}, "max_rme": {"type": "float", "data": 0.007867896744058522}, "simu": {"type": "float", "data": 0.002}}, {"type": "dict", "image_number": {"type": "int", "data": 30}, "Hcamera2end": {"type": "ndarray", "data": [[0.9999762671321144, 0.005443369378949645, -0.0042231389186714475, -0.014711521545401299], [0.004212327044138175, 0.001996183430308718, 0.9999891357172767, 0.02839258941435958], [0.005451740400579089, -0.99998319234951, 0.0019732068031048655, 0.03512722495538488], [0.0, 0.0, 0.0, 1.0]]}, "Hobj2base": {"type": "ndarray", "data": [[0.9999933251385786, 0.003653715448559264, -6.458325948258807e-06, -0.7369548890011808], [0.0036536820231222408, -0.9999892334450133, -0.0028606995173159015, 0.08811269053272684], [-1.6910438434440502e-05, 0.002860656825873638, -0.9999959081699092, 0.0012379892664997469], [0.0, 0.0, 0.0, 1.0]]}, "mean_rme": {"type": "float", "data": 0.002375302587648947}, "max_rme": {"type": "float", "data": 0.007853011853689223}, "simu": {"type": "float", "data": 0.002}}]}