{"type": "list", "data": [{"type": "dict", "image_number": {"type": "int", "data": 5}, "Hcamera2end": {"type": "ndarray", "data": [[0.9991140436862834, 0.0023385593283555967, 0.04201974356312836, -0.014307823777376964], [-0.04194443659486481, -0.026136257682041864, 0.9987780335355386, 0.03240733448741487], [0.0034339405327804377, -0.9996556543003424, -0.02601501254606009, 0.03146613568127429], [0.0, 0.0, 0.0, 1.0]]}, "Hobj2base": {"type": "ndarray", "data": [[0.9995418587801929, 0.013559645581270742, 0.027059352504214002, -0.7190454273926674], [0.012481516391484062, -0.9991367863285332, 0.039621887305631376, 0.10877887036111518], [0.027573253250316735, -0.03926599313402582, -0.9988482855210759, -0.008279803832213429], [0.0, 0.0, 0.0, 1.0]]}, "mean_rme": {"type": "float", "data": 0.0015243669306148613}, "max_rme": {"type": "float", "data": 0.004462774147646842}, "simu": {"type": "float", "data": 0.002}}, {"type": "dict", "image_number": {"type": "int", "data": 6}, "Hcamera2end": {"type": "ndarray", "data": [[0.9999898844356496, 0.003518252253457697, 0.002802307523647739, -0.017730318166559858], [-0.0027922917295715713, -0.0028485012788062036, 0.9999920445420362, 0.027392583640366796], [0.0035262066407145067, -0.9999897539182817, -0.0028386484779383547, 0.03237062444708304], [0.0, 0.0, 0.0, 1.0]]}, "Hobj2base": {"type": "ndarray", "data": [[0.9999747909260649, 0.0025182164929223832, 0.006638983210375704, -0.7311437616523916], [0.0024974670548032368, -0.9999919771047665, 0.0031318340331373882, 0.0887155119685827], [0.006646816582624291, -0.0031151744406563895, -0.999973057395809, 0.0020626053593134817], [0.0, 0.0, 0.0, 1.0]]}, "mean_rme": {"type": "float", "data": 0.001867394269645748}, "max_rme": {"type": "float", "data": 0.005292704805501688}, "simu": {"type": "float", "data": 0.002}}, {"type": "dict", "image_number": {"type": "int", "data": 7}, "Hcamera2end": {"type": "ndarray", "data": [[0.9999831763546427, 0.00469582768618814, 0.003405320839677589, -0.017065415742173202], [-0.0033971433311105947, -0.001748319418589217, 0.9999927013715643, 0.027294807310793107], [0.004701747001637195, -0.9999874462119772, -0.0017323376057751805, 0.03312437559004562], [0.0, 0.0, 0.0, 1.0]]}, "Hobj2base": {"type": "ndarray", "data": [[0.9999850890284376, 0.0026404166748729024, 0.004780159052877028, -0.732991055191061], [0.002626939609460969, -0.9999925635958962, 0.0028234626252082342, 0.08941768348348042], [0.004787578623479111, -0.002810863335481796, -0.9999845889503665, 0.0019244246795866607], [0.0, 0.0, 0.0, 1.0]]}, "mean_rme": {"type": "float", "data": 0.0019000623393566783}, "max_rme": {"type": "float", "data": 0.005145264096649643}, "simu": {"type": "float", "data": 0.002}}, {"type": "dict", "image_number": {"type": "int", "data": 8}, "Hcamera2end": {"type": "ndarray", "data": [[0.9999805539791461, 0.00406923580888439, 0.004725778612219983, -0.017699772604392247], [-0.004720777163595767, -0.001237817056874091, 0.99998809096504, 0.027378024738743467], [0.004075036997586099, -0.9999909545235224, -0.001218583030778042, 0.03341404544593213], [0.0, 0.0, 0.0, 1.0]]}, "Hobj2base": {"type": "ndarray", "data": [[0.9999873558514188, 0.0019336430058094732, 0.004642107497027097, -0.7332546873675091], [0.001917377912308804, -0.9999920167843983, 0.003505713823578842, 0.08971752789967768], [0.004648849237097435, -0.0034967688224310104, -0.9999830802611478, 0.002245386282787365], [0.0, 0.0, 0.0, 1.0]]}, "mean_rme": {"type": "float", "data": 0.0018428158396881225}, "max_rme": {"type": "float", "data": 0.005269381931842704}, "simu": {"type": "float", "data": 0.002}}, {"type": "dict", "image_number": {"type": "int", "data": 9}, "Hcamera2end": {"type": "ndarray", "data": [[0.9999827221555131, 0.00432720653108749, 0.003978777964052906, -0.01751084174413802], [-0.003969805088158853, -0.0020802116048252994, 0.9999899566331858, 0.02736947114253789], [0.0043354397714588655, -0.9999884739352329, -0.002062997496747876, 0.03309660235835736], [0.0, 0.0, 0.0, 1.0]]}, "Hobj2base": {"type": "ndarray", "data": [[0.9999830704657571, 0.0027568623030071317, 0.005124304061909998, -0.7325673653754041], [0.00274238890871679, -0.9999922370269756, 0.0028293442454669715, 0.08938994205157301], [0.005132064394568352, -0.0028152435113624084, -0.9999828680127587, 0.002075910600176546], [0.0, 0.0, 0.0, 1.0]]}, "mean_rme": {"type": "float", "data": 0.0017418715553105958}, "max_rme": {"type": "float", "data": 0.0051568411870251685}, "simu": {"type": "float", "data": 0.002}}, {"type": "dict", "image_number": {"type": "int", "data": 10}, "Hcamera2end": {"type": "ndarray", "data": [[0.9999751564189476, 0.003994163514835278, 0.005808029159526066, -0.01789278372503029], [-0.0058065651513292795, -0.00037803557176530056, 0.9999830703018177, 0.027388839312005895], [0.00399629153647663, -0.9999919518410753, -0.00035483380933398756, 0.03363841208449916], [0.0, 0.0, 0.0, 1.0]]}, "Hobj2base": {"type": "ndarray", "data": [[0.9999902115059983, 0.002192149549769216, 0.003843354334452608, -0.7340126973924996], [0.002175275077207005, -0.9999880012375502, 0.004389254978738773, 0.09006654882924106], [0.003852930122282402, -0.004380851661646132, -0.9999829813892793, 0.0024062137629478507], [0.0, 0.0, 0.0, 1.0]]}, "mean_rme": {"type": "float", "data": 0.0018876279831572713}, "max_rme": {"type": "float", "data": 0.005238883105099262}, "simu": {"type": "float", "data": 0.002}}, {"type": "dict", "image_number": {"type": "int", "data": 11}, "Hcamera2end": {"type": "ndarray", "data": [[0.9999736586949081, 0.003291503797267659, 0.006468996759320528, -0.01891627369265298], [-0.006463301790638939, -0.0017379080119714896, 0.9999776024520273, 0.026766356168567335], [0.003302672596950898, -0.9999930728152542, -0.0017165882508196617, 0.032940216537564404], [0.0, 0.0, 0.0, 1.0]]}, "Hobj2base": {"type": "ndarray", "data": [[0.9999891132124223, 0.0015060632757899223, 0.0044164725791740024, -0.7326739700797718], [0.0014873527643559491, -0.9999899187852526, 0.004236756969464769, 0.0893399266510113], [0.004422808879845663, -0.004230141992092287, -0.9999812721548036, 0.0028513344360882142], [0.0, 0.0, 0.0, 1.0]]}, "mean_rme": {"type": "float", "data": 0.0018907078964827426}, "max_rme": {"type": "float", "data": 0.0055156714346200515}, "simu": {"type": "float", "data": 0.002}}, {"type": "dict", "image_number": {"type": "int", "data": 12}, "Hcamera2end": {"type": "ndarray", "data": [[0.9999703265033788, 0.0032037872843762036, 0.007005844685871216, -0.018884071496222475], [-0.006999745937413328, -0.0019108732851718102, 0.9999736757135659, 0.02669984934028197], [0.0032170902284123504, -0.9999930421309563, -0.0018883908858517984, 0.03317267916909862], [0.0, 0.0, 0.0, 1.0]]}, "Hobj2base": {"type": "ndarray", "data": [[0.9999889783544466, 0.0018808981165975714, 0.004301789384104454, -0.73298103905597], [0.0018608462152288642, -0.9999874081589073, 0.004660555223834724, 0.08956566604788664], [0.0043105012461989245, -0.004652498888352842, -0.9999798867142782, 0.00290318277579756], [0.0, 0.0, 0.0, 1.0]]}, "mean_rme": {"type": "float", "data": 0.001855456694053572}, "max_rme": {"type": "float", "data": 0.005549616003123654}, "simu": {"type": "float", "data": 0.002}}, {"type": "dict", "image_number": {"type": "int", "data": 13}, "Hcamera2end": {"type": "ndarray", "data": [[0.9999685977096159, 0.00303859309383227, 0.007319190301841322, -0.01914882544137721], [-0.007313012398935952, -0.002039302386884767, 0.9999711801324216, 0.02676898323295543], [0.003053431564234289, -0.9999933040764748, -0.0020170170791484754, 0.033233925070365426], [0.0, 0.0, 0.0, 1.0]]}, "Hobj2base": {"type": "ndarray", "data": [[0.9999876066582046, 0.0019455256859278536, 0.004582734969560909, -0.7328676965515977], [0.0019225078242275833, -0.9999855426589934, 0.00502179615915405, 0.08954613419068426], [0.00459243874881584, -0.0050129235784824805, -0.9999768897847263, 0.0029696728587641327], [0.0, 0.0, 0.0, 1.0]]}, "mean_rme": {"type": "float", "data": 0.001804196526505364}, "max_rme": {"type": "float", "data": 0.005478585211630985}, "simu": {"type": "float", "data": 0.002}}, {"type": "dict", "image_number": {"type": "int", "data": 14}, "Hcamera2end": {"type": "ndarray", "data": [[0.9999839799218598, 0.002260306743064734, 0.005189500271190716, -0.018240286198221926], [-0.005178466490559503, -0.004860340634816218, 0.9999747799688349, 0.026494067721022932], [0.002285472477100689, -0.9999856339479788, -0.0048485578490520265, 0.03370199811487186], [0.0, 0.0, 0.0, 1.0]]}, "Hobj2base": {"type": "ndarray", "data": [[0.9999678843980064, 0.0027971816241377863, 0.007510389306615812, -0.7317321518478462], [0.0027781006541821563, -0.9999928902070574, 0.0025498415816471516, 0.0890517529825583], [0.007517468279319569, -0.0025288950745038963, -0.999968545685499, 0.002296015569539583], [0.0, 0.0, 0.0, 1.0]]}, "mean_rme": {"type": "float", "data": 0.0018595640154589355}, "max_rme": {"type": "float", "data": 0.0059419914868070085}, "simu": {"type": "float", "data": 0.002}}, {"type": "dict", "image_number": {"type": "int", "data": 15}, "Hcamera2end": {"type": "ndarray", "data": [[0.9999879173837851, 0.002173108323467376, 0.004409386199302473, -0.017553084522781415], [-0.004399594210867047, -0.0044903502160322795, 0.999980239967629, 0.026441874809838353], [0.002192865071049167, -0.9999875571001628, -0.004480735166054517, 0.034188901064311224], [0.0, 0.0, 0.0, 1.0]]}, "Hobj2base": {"type": "ndarray", "data": [[0.9999701116769604, 0.0028826774438177557, 0.007173975433629748, -0.7325156619677102], [0.002869464608963181, -0.9999941692563041, 0.0018513849551482285, 0.08916918148320595], [0.007179270549667744, -0.0018307441517442465, -0.9999725528484396, 0.0021105843653994225], [0.0, 0.0, 0.0, 1.0]]}, "mean_rme": {"type": "float", "data": 0.0019232786701165348}, "max_rme": {"type": "float", "data": 0.006078993756994094}, "simu": {"type": "float", "data": 0.002}}, {"type": "dict", "image_number": {"type": "int", "data": 16}, "Hcamera2end": {"type": "ndarray", "data": [[0.9999870768824523, 0.002526771341967133, 0.0044115184091202755, -0.01750416493526464], [-0.0043976554536282915, -0.005465958291517969, 0.999975391660448, 0.026502001051714838], [0.0025508223379464953, -0.9999818691989074, -0.005454775784524468, 0.034562442437883645], [0.0, 0.0, 0.0, 1.0]]}, "Hobj2base": {"type": "ndarray", "data": [[0.9999659334352651, 0.003676643116280903, 0.007390146435257761, -0.7325284899694824], [0.0036626070108787766, -0.9999914648662487, 0.0019119373782360166, 0.0891505997722997], [0.007397112870769945, -0.001884805042952356, -0.9999708646911305, 0.0019858553013105337], [0.0, 0.0, 0.0, 1.0]]}, "mean_rme": {"type": "float", "data": 0.001938260965058359}, "max_rme": {"type": "float", "data": 0.005832157218705641}, "simu": {"type": "float", "data": 0.002}}, {"type": "dict", "image_number": {"type": "int", "data": 17}, "Hcamera2end": {"type": "ndarray", "data": [[0.9999871988369733, 0.0026280112014551147, 0.0043238546817124125, -0.017463062233929346], [-0.004310098267191965, -0.005217848813650949, 0.9999770982910984, 0.0264905648587872], [0.002650512235528961, -0.9999829336598115, -0.005206455032592094, 0.03438834725414497], [0.0, 0.0, 0.0, 1.0]]}, "Hobj2base": {"type": "ndarray", "data": [[0.9999685033797654, 0.003922392477878496, 0.006899788814283359, -0.7325595566806269], [0.003909232200205094, -0.9999905160932852, 0.0019197987108879734, 0.08909373231902092], [0.006907253581352519, -0.001892765367109638, -0.9999743533147378, 0.001994455817847348], [0.0, 0.0, 0.0, 1.0]]}, "mean_rme": {"type": "float", "data": 0.0018689228010058548}, "max_rme": {"type": "float", "data": 0.0059182774634225326}, "simu": {"type": "float", "data": 0.002}}, {"type": "dict", "image_number": {"type": "int", "data": 18}, "Hcamera2end": {"type": "ndarray", "data": [[0.9999887474422895, 0.002396755506396198, 0.004093965295836934, -0.01761642206850205], [-0.004083087890619509, -0.004525824453447624, 0.999981422480585, 0.026564151837249455], [0.002415239548871709, -0.9999868861520431, -0.004515987362961882, 0.03473516127738581], [0.0, 0.0, 0.0, 1.0]]}, "Hobj2base": {"type": "ndarray", "data": [[0.999973279731295, 0.0035673344370198657, 0.006380748267371671, -0.7332822626692085], [0.0035576615043598474, -0.9999925061421342, 0.0015266644014084252, 0.08890980589368154], [0.006386146573443993, -0.0015039230660455582, -0.999978477442067, 0.0021236348207580766], [0.0, 0.0, 0.0, 1.0]]}, "mean_rme": {"type": "float", "data": 0.0019092637900735346}, "max_rme": {"type": "float", "data": 0.00597286432281352}, "simu": {"type": "float", "data": 0.002}}, {"type": "dict", "image_number": {"type": "int", "data": 19}, "Hcamera2end": {"type": "ndarray", "data": [[0.9999883032471777, 0.0029528701222932417, 0.0038306561933278828, -0.01742582244598995], [-0.003816386627725555, -0.004823020929092481, 0.9999810866522553, 0.026576561542589652], [0.0029712896086263514, -0.9999840093857294, -0.004811695221360823, 0.03478037724247062], [0.0, 0.0, 0.0, 1.0]]}, "Hobj2base": {"type": "ndarray", "data": [[0.9999724016427273, 0.004196500237379293, 0.006130688267536188, -0.7334195043400689], [0.0041866899947994975, -0.999989936257734, 0.0016121445778920261, 0.08883760817723906], [0.006137391934973365, -0.0015864327941190618, -0.9999799076237612, 0.0020486403339618634], [0.0, 0.0, 0.0, 1.0]]}, "mean_rme": {"type": "float", "data": 0.0019562031356824276}, "max_rme": {"type": "float", "data": 0.005795598969098328}, "simu": {"type": "float", "data": 0.002}}, {"type": "dict", "image_number": {"type": "int", "data": 20}, "Hcamera2end": {"type": "ndarray", "data": [[0.9999888171903366, 0.0030867914877581878, 0.0035829056061473315, -0.01736928029384965], [-0.0035673784066063588, -0.005021112880228218, 0.9999810309384615, 0.026711465100018577], [0.003104723107708167, -0.9999826299210178, -0.005010044976779593, 0.034749197974463304], [0.0, 0.0, 0.0, 1.0]]}, "Hobj2base": {"type": "ndarray", "data": [[0.9999731123148038, 0.004361576325403354, 0.005895023274134023, -0.7333371769092364], [0.004353029574006019, -0.9999894569662515, 0.0014618788830894126, 0.08882783861093782], [0.005901337219031786, -0.0014361783658984498, -0.9999815556352667, 0.001886943695259513], [0.0, 0.0, 0.0, 1.0]]}, "mean_rme": {"type": "float", "data": 0.0019667416622876064}, "max_rme": {"type": "float", "data": 0.0056322001237444005}, "simu": {"type": "float", "data": 0.002}}, {"type": "dict", "image_number": {"type": "int", "data": 21}, "Hcamera2end": {"type": "ndarray", "data": [[0.9999908060907888, 0.0025720786603361857, 0.003431055997721647, -0.01746474721492035], [-0.0034182754856075296, -0.004956979135345652, 0.9999818717109609, 0.026865979329186145], [0.0025890397059437076, -0.9999844062630262, -0.004948141487897795, 0.03466620703142276], [0.0, 0.0, 0.0, 1.0]]}, "Hobj2base": {"type": "ndarray", "data": [[0.9999732947906532, 0.004038080397350348, 0.006091273448958052, -0.7330802612887914], [0.004029520273900885, -0.999990877599154, 0.001416927957058023, 0.08884704433117445], [0.006096939550927843, -0.0013923452078438497, -0.9999804441602516, 0.0017253318054439753], [0.0, 0.0, 0.0, 1.0]]}, "mean_rme": {"type": "float", "data": 0.0020236064059661898}, "max_rme": {"type": "float", "data": 0.005665763846800398}, "simu": {"type": "float", "data": 0.002}}, {"type": "dict", "image_number": {"type": "int", "data": 22}, "Hcamera2end": {"type": "ndarray", "data": [[0.9999915546898112, 0.002245079058665501, 0.0034424074533356084, -0.01736065727496797], [-0.003428539414410769, -0.006151952102530833, 0.9999751989938609, 0.02684942103263938], [0.0022662009042163003, -0.9999785563227584, -0.006144202805346, 0.035245515671586694], [0.0, 0.0, 0.0, 1.0]]}, "Hobj2base": {"type": "ndarray", "data": [[0.999968570252066, 0.004118092503587444, 0.006774940750353459, -0.7331374478574784], [0.004111311334058436, -0.9999910338713687, 0.0010145422541819216, 0.08896923777725706], [0.006779057984214742, -0.0009866564766801017, -0.9999765351656225, 0.0015600981945904696], [0.0, 0.0, 0.0, 1.0]]}, "mean_rme": {"type": "float", "data": 0.002076046418476234}, "max_rme": {"type": "float", "data": 0.00596007176279334}, "simu": {"type": "float", "data": 0.002}}, {"type": "dict", "image_number": {"type": "int", "data": 23}, "Hcamera2end": {"type": "ndarray", "data": [[0.9999916415705759, 0.0025783059213170412, 0.003173188863136079, -0.017286237640277032], [-0.003157266824695238, -0.006156167159515391, 0.9999760663496411, 0.02693555133256884], [0.0025977788941147794, -0.9999777267241907, -0.00614797530387734, 0.03520150566655362], [0.0, 0.0, 0.0, 1.0]]}, "Hobj2base": {"type": "ndarray", "data": [[0.9999694832123943, 0.004282238160569306, 0.006534147249127226, -0.7330995660485048], [0.004276401208972955, -0.9999904448172461, 0.0009070098713083637, 0.08890736971755454], [0.006537968846439049, -0.0008790395570849897, -0.9999782408896807, 0.0015098742223562183], [0.0, 0.0, 0.0, 1.0]]}, "mean_rme": {"type": "float", "data": 0.002067314162669568}, "max_rme": {"type": "float", "data": 0.005925684092763284}, "simu": {"type": "float", "data": 0.002}}, {"type": "dict", "image_number": {"type": "int", "data": 24}, "Hcamera2end": {"type": "ndarray", "data": [[0.9999906558291881, 0.003040351477123708, 0.003073193323865615, -0.017391732436748793], [-0.003055915725435853, -0.0056711806955385136, 0.9999792493290037, 0.027041160180244772], [0.0030577170224424565, -0.9999792967718953, -0.005661836645167506, 0.03491258632165309], [0.0, 0.0, 0.0, 1.0]]}, "Hobj2base": {"type": "ndarray", "data": [[0.9999705221322643, 0.00487299868473481, 0.005933696179046718, -0.7330299351753843], [0.00486614377615008, -0.999987476798798, 0.0011691408483059458, 0.08871870319946083], [0.005939319091991662, -0.0011402321657954214, -0.9999817120124403, 0.0015466672230736213], [0.0, 0.0, 0.0, 1.0]]}, "mean_rme": {"type": "float", "data": 0.00210634066114405}, "max_rme": {"type": "float", "data": 0.005671676635070733}, "simu": {"type": "float", "data": 0.002}}, {"type": "dict", "image_number": {"type": "int", "data": 25}, "Hcamera2end": {"type": "ndarray", "data": [[0.9999905849384851, 0.003052515645660452, 0.0030841826501248814, -0.017350440306658495], [-0.0030677237480349266, -0.005381988437357377, 0.9999808114516326, 0.027042096633905045], [0.0030690561076780146, -0.9999808579911382, -0.005372573490867838, 0.03475622792342166], [0.0, 0.0, 0.0, 1.0]]}, "Hobj2base": {"type": "ndarray", "data": [[0.9999740466345404, 0.0044805551331544916, 0.005641868754308311, -0.732986003255984], [0.0044731519194762745, -0.9999891187400809, 0.0013241273884739729, 0.08883445135956908], [0.005647740189435345, -0.0012988560868641772, -0.9999832078608208, 0.0016001439331663914], [0.0, 0.0, 0.0, 1.0]]}, "mean_rme": {"type": "float", "data": 0.00203669952775487}, "max_rme": {"type": "float", "data": 0.0056846083002180525}, "simu": {"type": "float", "data": 0.002}}, {"type": "dict", "image_number": {"type": "int", "data": 26}, "Hcamera2end": {"type": "ndarray", "data": [[0.999993305344316, 0.0026905585054593398, 0.002479951910501462, -0.017373456390546913], [-0.002464596236674443, -0.005695626404653931, 0.999980742617201, 0.027014383845134757], [0.002704631571927981, -0.9999801601705843, -0.005688957134029282, 0.03492711490075776], [0.0, 0.0, 0.0, 1.0]]}, "Hobj2base": {"type": "ndarray", "data": [[0.9999732757962493, 0.0043038801514609665, 0.00590967926035053, -0.7329660654462417], [0.004300577081852042, -0.9999905891569236, 0.0005715193359208493, 0.08851912302017152], [0.005912083396012426, -0.0005460890313335088, -0.9999823743730125, 0.0016460631121487529], [0.0, 0.0, 0.0, 1.0]]}, "mean_rme": {"type": "float", "data": 0.0020390327955120548}, "max_rme": {"type": "float", "data": 0.0058192359476675615}, "simu": {"type": "float", "data": 0.002}}, {"type": "dict", "image_number": {"type": "int", "data": 27}, "Hcamera2end": {"type": "ndarray", "data": [[0.9999936974304195, 0.002934787615004467, 0.0019980293024203987, -0.016948046102517943], [-0.0019839463939938093, -0.004793710777897031, 0.9999865420562837, 0.025041815761668706], [0.002944326093399492, -0.9999842035545525, -0.0047878581038955925, 0.03446222013607066], [0.0, 0.0, 0.0, 1.0]]}, "Hobj2base": {"type": "ndarray", "data": [[0.9999791197549388, 0.003937366917992289, 0.005124177581890181, -0.7330736352847637], [0.003932044767579865, -0.9999917200162045, 0.001048295272878216, 0.08972233979755632], [0.005128262676910555, -0.0010281248885670004, -0.9999863218470193, 0.0034982498307194426], [0.0, 0.0, 0.0, 1.0]]}, "mean_rme": {"type": "float", "data": 0.002113978601615261}, "max_rme": {"type": "float", "data": 0.006868104004753933}, "simu": {"type": "float", "data": 0.002}}, {"type": "dict", "image_number": {"type": "int", "data": 28}, "Hcamera2end": {"type": "ndarray", "data": [[0.999994205905152, 0.0034033267360905083, 7.431858401004462e-05, -0.016035670665913385], [-5.6523631463125876e-05, -0.005228491260559798, 0.9999863297486706, 0.024963315431328167], [0.0034036687858256644, -0.9999805399337856, -0.005228268597799346, 0.035002723505937236], [0.0, 0.0, 0.0, 1.0]]}, "Hobj2base": {"type": "ndarray", "data": [[0.999980112280603, 0.004062935398797385, 0.004823649989145798, -0.7334075735574261], [0.004065832616998689, -0.9999915598420395, -0.0005909736166733153, 0.08966462711714542], [0.004821208189151005, 0.0006105740170147102, -0.9999881915057631, 0.0037824944737196125], [0.0, 0.0, 0.0, 1.0]]}, "mean_rme": {"type": "float", "data": 0.0021516645761723353}, "max_rme": {"type": "float", "data": 0.006461353103971418}, "simu": {"type": "float", "data": 0.002}}, {"type": "dict", "image_number": {"type": "int", "data": 29}, "Hcamera2end": {"type": "ndarray", "data": [[0.9999982482257723, 0.0014265838992017928, 0.001211777110370879, -0.016666139181725197], [-0.001204209984067615, -0.005293330777040861, 0.9999852651552418, 0.025106622499955843], [0.001432977215782743, -0.999984972640921, -0.005291603597745942, 0.03460421407995708], [0.0, 0.0, 0.0, 1.0]]}, "Hobj2base": {"type": "ndarray", "data": [[0.9999794609203936, 0.0027022330897205045, 0.005811684238494946, -0.7330310491295151], [0.0027006202545817124, -0.9999963126072335, 0.000285345715696965, 0.08982629283206327], [0.0058124338791674885, -0.0002696447027908822, -0.9999830713087774, 0.0033429358439792285], [0.0, 0.0, 0.0, 1.0]]}, "mean_rme": {"type": "float", "data": 0.002211156109899201}, "max_rme": {"type": "float", "data": 0.006947195828421432}, "simu": {"type": "float", "data": 0.002}}, {"type": "dict", "image_number": {"type": "int", "data": 30}, "Hcamera2end": {"type": "ndarray", "data": [[0.9999980679297216, 0.0016583076114451913, 0.0010555343148199432, -0.01660253545701853], [-0.0010467362589687262, -0.0052973823767912265, 0.9999854209353046, 0.025168463918576765], [0.0016638750037486643, -0.9999845937592339, -0.005295636331170694, 0.034565738671383094], [0.0, 0.0, 0.0, 1.0]]}, "Hobj2base": {"type": "ndarray", "data": [[0.9999804344046863, 0.002862865188598938, 0.005561907112372853, -0.7330482789729036], [0.002861504277841201, -0.9999958739780286, 0.00025262657562737366, 0.08978203774374875], [0.005562607399650982, -0.00023670621184301914, -0.999984500564427, 0.0032836018980673455], [0.0, 0.0, 0.0, 1.0]]}, "mean_rme": {"type": "float", "data": 0.0021868758863486156}, "max_rme": {"type": "float", "data": 0.006935224929862399}, "simu": {"type": "float", "data": 0.002}}]}