{"type": "list", "data": [{"type": "dict", "image_number": {"type": "int", "data": 5}, "Hcamera2end": {"type": "ndarray", "data": [[0.9998964075358999, 0.011445486440727888, 0.008727831170265083, -0.017225106603203515], [-0.008643373464986373, -0.007407948548430632, 0.9999352050975346, 0.02549395335940483], [0.011509400155799007, -0.999907057250042, -0.007308253526990827, 0.03770533714729093], [0.0, 0.0, 0.0, 1.0]]}, "Hobj2base": {"type": "ndarray", "data": [[0.999954100055763, 0.009416036817264283, 0.0017708846165231183, -0.738896539356263], [0.009395935905459337, -0.9998949583591155, 0.011035788892627563, 0.09356126543661367], [0.0018746119944177194, -0.011018643232179964, -0.9999375357147025, 0.00441471496688659], [0.0, 0.0, 0.0, 1.0]]}, "mean_rme": {"type": "float", "data": 0.0014230360701517695}, "max_rme": {"type": "float", "data": 0.004996167771149251}, "simu": {"type": "float", "data": 0.002}}, {"type": "dict", "image_number": {"type": "int", "data": 6}, "Hcamera2end": {"type": "ndarray", "data": [[0.9998889342372163, 0.010766495652388866, 0.01030542387924263, -0.01773407752680246], [-0.010257228779609995, -0.004522067241929717, 0.9999371681088879, 0.02642010360611487], [0.010812420992844895, -0.9999318144149764, -0.004411130586020828, 0.037868933498546246], [0.0, 0.0, 0.0, 1.0]]}, "Hobj2base": {"type": "ndarray", "data": [[0.9999755603107036, 0.00693173691100361, 0.0009109361619463159, -0.7401410746599093], [0.006919278524299237, -0.999891118809453, 0.013033576281423173, 0.093810864388308], [0.001001182299924813, -0.013026954723846072, -0.9999146443995235, 0.0041647838572689095], [0.0, 0.0, 0.0, 1.0]]}, "mean_rme": {"type": "float", "data": 0.0013648097949902093}, "max_rme": {"type": "float", "data": 0.004979573655005565}, "simu": {"type": "float", "data": 0.002}}, {"type": "dict", "image_number": {"type": "int", "data": 7}, "Hcamera2end": {"type": "ndarray", "data": [[0.9998266946657699, 0.009226400583246832, 0.016169544396757423, -0.018890861561430758], [-0.016146084160009993, -0.002611580251999035, 0.9998662328606189, 0.02892539957309879], [0.009267394456864416, -0.9999540255336068, -0.0024621574108996125, 0.03819735219283966], [0.0, 0.0, 0.0, 1.0]]}, "Hobj2base": {"type": "ndarray", "data": [[0.9999857254066342, 0.00530511437880488, 0.0006361952493427075, -0.7409838786535642], [0.005292637448202059, -0.9998198431560303, 0.018228253352764602, 0.09463743071279815], [0.0007327836033766872, -0.01822462600105918, -0.9998336491813584, 0.00264505985401442], [0.0, 0.0, 0.0, 1.0]]}, "mean_rme": {"type": "float", "data": 0.0018559287419691447}, "max_rme": {"type": "float", "data": 0.005626557775823965}, "simu": {"type": "float", "data": 0.002}}, {"type": "dict", "image_number": {"type": "int", "data": 8}, "Hcamera2end": {"type": "ndarray", "data": [[0.9999388713009839, 0.008662958315964097, 0.006870721543644705, -0.01703325789461551], [-0.006839969508273652, -0.0035744756549429546, 0.9999702185269912, 0.029588166203735656], [0.008687259547194483, -0.999956087174336, -0.0035150027811639006, 0.03862432130484988], [0.0, 0.0, 0.0, 1.0]]}, "Hobj2base": {"type": "ndarray", "data": [[0.9999885115469341, 0.0045961579159906575, 0.0013609212168802789, -0.7408765564568115], [0.0045831597882911934, -0.9999452703944498, 0.009404831849955558, 0.0915753394085375], [0.001404072826554628, -0.009398486483590018, -0.9999548474962836, 0.00160883123270808], [0.0, 0.0, 0.0, 1.0]]}, "mean_rme": {"type": "float", "data": 0.001860575861682495}, "max_rme": {"type": "float", "data": 0.005977579183516518}, "simu": {"type": "float", "data": 0.002}}, {"type": "dict", "image_number": {"type": "int", "data": 9}, "Hcamera2end": {"type": "ndarray", "data": [[0.9999445589211364, 0.0075073427410789675, -0.007383690742570313, -0.015841249990683617], [0.007363351448353489, 0.0027332938179804867, 0.999969154604457, 0.030252299709936918], [0.00752729297038319, -0.999968083945619, 0.0026778630781765234, 0.03493281820117271], [0.0, 0.0, 0.0, 1.0]]}, "Hobj2base": {"type": "ndarray", "data": [[0.9999846789097461, 0.0037120133489944858, -0.00410644647704944, -0.73971795519128], [0.0036943420387991663, -0.9999839197891693, -0.004302557377677591, 0.08521006814092891], [-0.004122351594945079, 0.004287320839957443, -0.9999823123922456, 0.00045715969267825753], [0.0, 0.0, 0.0, 1.0]]}, "mean_rme": {"type": "float", "data": 0.0021159827030074077}, "max_rme": {"type": "float", "data": 0.007312439175124447}, "simu": {"type": "float", "data": 0.002}}, {"type": "dict", "image_number": {"type": "int", "data": 10}, "Hcamera2end": {"type": "ndarray", "data": [[0.9999601007703808, 0.0071955265074993, -0.005293511648208278, -0.01609306137939383], [0.005259731693437528, 0.004705421988967506, 0.9999750968031247, 0.03069189745320013], [0.0072202555219943974, -0.9999630410181095, 0.004667387707432691, 0.03460847163464421], [0.0, 0.0, 0.0, 1.0]]}, "Hobj2base": {"type": "ndarray", "data": [[0.999978129803224, 0.0037739996311536104, -0.005431099523177201, -0.7400311878919641], [0.003763239884348917, -0.9999909389345252, -0.001989993572682269, 0.08633662828011494], [-0.005438560546638124, 0.0019695115207897626, -0.9999832714018517, 0.0007612022398064356], [0.0, 0.0, 0.0, 1.0]]}, "mean_rme": {"type": "float", "data": 0.002204156508259359}, "max_rme": {"type": "float", "data": 0.007350670920876795}, "simu": {"type": "float", "data": 0.002}}, {"type": "dict", "image_number": {"type": "int", "data": 11}, "Hcamera2end": {"type": "ndarray", "data": [[0.9999659333510761, 0.006985043348311127, -0.00439787525214008, -0.016266833934572858], [0.004366886534618486, 0.004445511729769702, 0.9999805836752302, 0.030546296559825555], [0.007004458530460398, -0.999965722709975, 0.0044148573943408875, 0.034447114841964874], [0.0, 0.0, 0.0, 1.0]]}, "Hobj2base": {"type": "ndarray", "data": [[0.9999750399248519, 0.003845317223612477, -0.005927314968902688, -0.7396992301858446], [0.0038395393723574963, -0.9999921429826937, -0.0009858551052089428, 0.08661532947246652], [-0.005931059323502442, 0.0009630723389959658, -0.9999819473505365, 0.0011095174615612935], [0.0, 0.0, 0.0, 1.0]]}, "mean_rme": {"type": "float", "data": 0.002050389935088443}, "max_rme": {"type": "float", "data": 0.0072388198148623795}, "simu": {"type": "float", "data": 0.002}}, {"type": "dict", "image_number": {"type": "int", "data": 12}, "Hcamera2end": {"type": "ndarray", "data": [[0.9999707537937068, 0.0064488120055184095, -0.004111493763021385, -0.016384051418358296], [0.004081157645972466, 0.0047102666909604185, 0.9999805785813884, 0.030813203703925058], [0.006468052992562956, -0.9999681125973054, 0.004683810315105341, 0.034657349919129], [0.0, 0.0, 0.0, 1.0]]}, "Hobj2base": {"type": "ndarray", "data": [[0.9999800795046946, 0.002933290090690913, -0.005588953661333512, -0.7397723103348205], [0.002930320395864553, -0.9999955610898272, -0.0005394654941737474, 0.08696994734735901], [-0.005590511261258579, 0.0005230773228485558, -0.9999842361627269, 0.0008647697604374319], [0.0, 0.0, 0.0, 1.0]]}, "mean_rme": {"type": "float", "data": 0.0020241091870589066}, "max_rme": {"type": "float", "data": 0.00732629303477042}, "simu": {"type": "float", "data": 0.002}}, {"type": "dict", "image_number": {"type": "int", "data": 13}, "Hcamera2end": {"type": "ndarray", "data": [[0.999969628545436, 0.006026838368588953, -0.00494157930034775, -0.016263046218674818], [0.004907562168823561, 0.0056460629111222405, 0.9999720185120995, 0.030641761124011166], [0.006054570196294127, -0.9999658990150027, 0.005616314348003804, 0.03436550754675489], [0.0, 0.0, 0.0, 1.0]]}, "Hobj2base": {"type": "ndarray", "data": [[0.9999796309994318, 0.002297088406664794, -0.005954911510029927, -0.739765493760107], [0.002288616183310761, -0.9999963598724884, -0.001429152804257807, 0.08662720900053492], [-0.005958172723730725, 0.001415495186991487, -0.9999812480997678, 0.0009203241125437287], [0.0, 0.0, 0.0, 1.0]]}, "mean_rme": {"type": "float", "data": 0.0020746584418295274}, "max_rme": {"type": "float", "data": 0.007502529913621658}, "simu": {"type": "float", "data": 0.002}}, {"type": "dict", "image_number": {"type": "int", "data": 14}, "Hcamera2end": {"type": "ndarray", "data": [[0.9999737810056162, 0.005455105895574158, -0.004762260072697823, -0.0164303186874214], [0.004728803337647115, 0.0061296712292174815, 0.9999700323257773, 0.031081472447016735], [0.0054841335072914965, -0.9999663339084423, 0.006103714392435733, 0.03464910252957656], [0.0, 0.0, 0.0, 1.0]]}, "Hobj2base": {"type": "ndarray", "data": [[0.9999791258894118, 0.0018946294956844853, -0.006177229518304892, -0.740127402895938], [0.001887308239484744, -0.9999975100111185, -0.0011908144990356339, 0.08689014882385668], [-0.0061794702893458375, 0.0011791313056750059, -0.9999802117023646, 0.0005605050684413883], [0.0, 0.0, 0.0, 1.0]]}, "mean_rme": {"type": "float", "data": 0.0021076536440821788}, "max_rme": {"type": "float", "data": 0.0075288953400218794}, "simu": {"type": "float", "data": 0.002}}, {"type": "dict", "image_number": {"type": "int", "data": 15}, "Hcamera2end": {"type": "ndarray", "data": [[0.9999859771339872, 0.004618712645421371, -0.0025909513472605608, -0.01692790192175537], [0.0025662185966290703, 0.005352808854454216, 0.9999823808245234, 0.030385138190716813], [0.004632500134825871, -0.9999750071531122, 0.005340881166449596, 0.03398966963423017], [0.0, 0.0, 0.0, 1.0]]}, "Hobj2base": {"type": "ndarray", "data": [[0.9999860121498657, 0.0015649896956436355, -0.005052357059949527, -0.7388944807613884], [0.0015674368683175034, -0.9999986561589862, 0.0004804392623868842, 0.08741989753267838], [-0.005051598387889877, -0.0004883517928021524, -0.9999871213501967, 0.0012760017047247867], [0.0, 0.0, 0.0, 1.0]]}, "mean_rme": {"type": "float", "data": 0.0022242095634756867}, "max_rme": {"type": "float", "data": 0.007277581698404451}, "simu": {"type": "float", "data": 0.002}}, {"type": "dict", "image_number": {"type": "int", "data": 16}, "Hcamera2end": {"type": "ndarray", "data": [[0.999988155696338, 0.004227316885281828, -0.0024121067529949223, -0.016943436554562128], [0.00238577886122995, 0.006222053821480333, 0.999977796806243, 0.030478126411740105], [0.004242231283386242, -0.9999717075188647, 0.006211894682320751, 0.03388700087964475], [0.0, 0.0, 0.0, 1.0]]}, "Hobj2base": {"type": "ndarray", "data": [[0.9999846856728207, 0.0009944059721836878, -0.005444224149724456, -0.7389465684402944], [0.0009986174010439242, -0.999999204241516, 0.0007708953375535155, 0.08764440760268608], [-0.005443453234509307, -0.0007763202287811937, -0.9999848829576305, 0.0013128840434001102], [0.0, 0.0, 0.0, 1.0]]}, "mean_rme": {"type": "float", "data": 0.0022076056607382055}, "max_rme": {"type": "float", "data": 0.0073962779405742085}, "simu": {"type": "float", "data": 0.002}}, {"type": "dict", "image_number": {"type": "int", "data": 17}, "Hcamera2end": {"type": "ndarray", "data": [[0.9999883034985761, 0.004283198174036173, -0.0022465705956880855, -0.016901418068969377], [0.002219702889498183, 0.006267282404408991, 0.9999778968008972, 0.0303417850878359], [0.004297183394018754, -0.9999711872772463, 0.006257701671768201, 0.033756883605673145], [0.0, 0.0, 0.0, 1.0]]}, "Hobj2base": {"type": "ndarray", "data": [[0.9999842727227469, 0.0014706920486458781, -0.005412150409672566, -0.7388190756599806], [0.0014752753792429758, -0.9999985564855316, 0.0008429646539904515, 0.08763749852665803], [-0.0054109028557412335, -0.0008509358086997733, -0.9999849989067509, 0.0014744071071190925], [0.0, 0.0, 0.0, 1.0]]}, "mean_rme": {"type": "float", "data": 0.0021558603829171185}, "max_rme": {"type": "float", "data": 0.007330345502691987}, "simu": {"type": "float", "data": 0.002}}, {"type": "dict", "image_number": {"type": "int", "data": 18}, "Hcamera2end": {"type": "ndarray", "data": [[0.9999935140040436, 0.002975531152332865, -0.0020293260473071327, -0.017175930030481925], [0.0020157509337093444, 0.0045581721319924995, 0.9999875798303639, 0.030331327741294874], [0.002984744213166758, -0.9999851845308392, 0.0045521446380079045, 0.034377405208005814], [0.0, 0.0, 0.0, 1.0]]}, "Hobj2base": {"type": "ndarray", "data": [[0.9999933344495059, 0.0010369926240257502, -0.0035008145989747536, -0.7382476562158078], [0.001040978852841141, -0.9999988117650931, 0.00113702745363435, 0.0877322768793461], [-0.00349963135010191, -0.001140664148685695, -0.9999932257099113, 0.0010696844079714403], [0.0, 0.0, 0.0, 1.0]]}, "mean_rme": {"type": "float", "data": 0.0021870003493378643}, "max_rme": {"type": "float", "data": 0.0070720698422604145}, "simu": {"type": "float", "data": 0.002}}, {"type": "dict", "image_number": {"type": "int", "data": 19}, "Hcamera2end": {"type": "ndarray", "data": [[0.9999929221855569, 0.0032192693873730792, -0.0019472758926884612, -0.016781501022830964], [0.001932213648366918, 0.00467528532382866, 0.9999872040469108, 0.031922493132833546], [0.0032283322641555477, -0.999983888876092, 0.004669031916778588, 0.03430006256355636], [0.0, 0.0, 0.0, 1.0]]}, "Hobj2base": {"type": "ndarray", "data": [[0.9999919653410841, 0.000901065558621921, -0.003906063764843735, -0.7383705690247403], [0.0009054325819007245, -0.9999989669352802, 0.0011163871248400174, 0.08734408247137082], [-0.003905053791638783, -0.0011199148324499226, -0.9999917481387799, -0.00047075357031882935], [0.0, 0.0, 0.0, 1.0]]}, "mean_rme": {"type": "float", "data": 0.002257544001978233}, "max_rme": {"type": "float", "data": 0.0059577272321724994}, "simu": {"type": "float", "data": 0.002}}, {"type": "dict", "image_number": {"type": "int", "data": 20}, "Hcamera2end": {"type": "ndarray", "data": [[0.9999906357220699, 0.0032315290319394454, -0.002878487152353714, -0.015859393931260225], [0.0028600582895228904, 0.005693040235202895, 0.9999797044737763, 0.03042102514461997], [0.003247850789532099, -0.9999785730269405, 0.005683744562596238, 0.034186195482619405], [0.0, 0.0, 0.0, 1.0]]}, "Hobj2base": {"type": "ndarray", "data": [[0.9999902862572325, 0.0007603764860180876, -0.004341568700100435, -0.7387109588202925], [0.0007628696385849336, -0.9999995450655024, 0.0005726243992980463, 0.08849881116149086], [-0.004341131314842513, -0.0005759308879170664, -0.9999904113952889, 0.0006906545950608467], [0.0, 0.0, 0.0, 1.0]]}, "mean_rme": {"type": "float", "data": 0.0023095008390445204}, "max_rme": {"type": "float", "data": 0.007477740865261567}, "simu": {"type": "float", "data": 0.002}}, {"type": "dict", "image_number": {"type": "int", "data": 21}, "Hcamera2end": {"type": "ndarray", "data": [[0.9999873784078718, 0.003813777125301159, -0.003270799442078657, -0.01560274376806126], [0.0032508306738141647, 0.00523045115018117, 0.9999810370605513, 0.029736485208039527], [0.003830812561580294, -0.9999790485229199, 0.005217987189898077, 0.03434642202271509], [0.0, 0.0, 0.0, 1.0]]}, "Hobj2base": {"type": "ndarray", "data": [[0.9999909707145868, 0.0013911977500290344, -0.004015352801284104, -0.7388018367259515], [0.0013922327425174193, -0.9999989983373334, 0.000254975137455354, 0.08874954174785005], [-0.004014994058417568, -0.00026056314085477143, -0.9999919059320235, 0.001183261070485841], [0.0, 0.0, 0.0, 1.0]]}, "mean_rme": {"type": "float", "data": 0.0023088481795155527}, "max_rme": {"type": "float", "data": 0.008235578626210244}, "simu": {"type": "float", "data": 0.002}}, {"type": "dict", "image_number": {"type": "int", "data": 22}, "Hcamera2end": {"type": "ndarray", "data": [[0.999992343631646, 0.002826022383511479, -0.0027067093630313076, -0.015743270166488993], [0.0026893366131746344, 0.006133229227525017, 0.9999775752324765, 0.030642134888568835], [0.0028425598795922724, -0.9999771982884061, 0.006125582143797215, 0.034040387361512506], [0.0, 0.0, 0.0, 1.0]]}, "Hobj2base": {"type": "ndarray", "data": [[0.9999907729964409, 0.0002602890365621407, -0.004287909933527971, -0.7386783215029332], [0.000262155414629489, -0.9999998711513383, 0.0004347089200086715, 0.08867112144345679], [-0.004287796231070541, -0.00043582900775443733, -0.9999907123851484, 0.00038780374868683447], [0.0, 0.0, 0.0, 1.0]]}, "mean_rme": {"type": "float", "data": 0.0024098290849447123}, "max_rme": {"type": "float", "data": 0.007576084107820208}, "simu": {"type": "float", "data": 0.002}}, {"type": "dict", "image_number": {"type": "int", "data": 23}, "Hcamera2end": {"type": "ndarray", "data": [[0.9999916570640706, 0.0028044673279366064, -0.0029699773165580753, -0.015736330910067053], [0.0029505679629493126, 0.006899828623291304, 0.9999718428604204, 0.030696954723269578], [0.0028248806966579207, -0.999972263279325, 0.006891496287012244, 0.034085029423153626], [0.0, 0.0, 0.0, 1.0]]}, "Hobj2base": {"type": "ndarray", "data": [[0.9999880110828053, 0.00018457329200180297, -0.00489322218534974, -0.7391200694059077], [0.00018564847793144017, -0.9999999587262649, 0.0002192763342424047, 0.08853316693980857], [-0.004893181510833315, -0.00022018212460748123, -0.9999880040753157, 0.00047247876228775063], [0.0, 0.0, 0.0, 1.0]]}, "mean_rme": {"type": "float", "data": 0.002330336058130774}, "max_rme": {"type": "float", "data": 0.0076289049545608945}, "simu": {"type": "float", "data": 0.002}}, {"type": "dict", "image_number": {"type": "int", "data": 24}, "Hcamera2end": {"type": "ndarray", "data": [[0.9999905002088147, 0.0031096602374332035, -0.003054423895292752, -0.015506552139233347], [0.003036185331708221, 0.005853053558668497, 0.9999782614350526, 0.030638792302238458], [0.003127470344532193, -0.999978035647407, 0.005843556451082366, 0.03373693072782052], [0.0, 0.0, 0.0, 1.0]]}, "Hobj2base": {"type": "ndarray", "data": [[0.9999917954882226, 0.0005960413526857128, -0.004006705747450857, -0.7383193361159127], [0.0005961060747331971, -0.9999998222168685, 1.495923535430818e-05, 0.08861920396242312], [-0.004006696118803286, -1.7347534256809404e-05, -0.9999919730104208, 0.00019943547355182287], [0.0, 0.0, 0.0, 1.0]]}, "mean_rme": {"type": "float", "data": 0.002322642802794462}, "max_rme": {"type": "float", "data": 0.007530250403316036}, "simu": {"type": "float", "data": 0.002}}, {"type": "dict", "image_number": {"type": "int", "data": 25}, "Hcamera2end": {"type": "ndarray", "data": [[0.9999886426734551, 0.0033619261614785964, -0.0033781617169242016, -0.015252486563148124], [0.003362806856974902, 0.004562500705839412, 0.9999839374296732, 0.030588703826887373], [0.0033772850255211007, -0.9999839403909417, 0.0045511433796806555, 0.03283500302487021], [0.0, 0.0, 0.0, 1.0]]}, "Hobj2base": {"type": "ndarray", "data": [[0.9999949571269872, 0.0008769206374462628, -0.003052332024990112, -0.7367867428523452], [0.0008758674623135786, -0.999999556445673, -0.00034635912819247386, 0.08862688834136556], [-0.0030526344005825145, 0.000343683943242507, -0.9999952816411501, -0.00011155221029508056], [0.0, 0.0, 0.0, 1.0]]}, "mean_rme": {"type": "float", "data": 0.00233251757108249}, "max_rme": {"type": "float", "data": 0.00741913251527207}, "simu": {"type": "float", "data": 0.002}}, {"type": "dict", "image_number": {"type": "int", "data": 26}, "Hcamera2end": {"type": "ndarray", "data": [[0.999985790509883, 0.004041723074980216, -0.003476097367677664, -0.015192108144578498], [0.0034492683733788835, 0.0066261384512374955, 0.9999720980291967, 0.030872181187102204], [0.004064643405369197, -0.9999698789282657, 0.0066121033096121495, 0.03229487738002043], [0.0, 0.0, 0.0, 1.0]]}, "Hobj2base": {"type": "ndarray", "data": [[0.9999879091613235, 0.001204020411914774, -0.004767794669691724, -0.7371895211762746], [0.0012023452377820263, -0.9999992144528844, -0.0003542026864170583, 0.08859094785018565], [-0.004768217391628775, 0.00034846586859369166, -0.9999885712719143, -9.530410703781142e-05], [0.0, 0.0, 0.0, 1.0]]}, "mean_rme": {"type": "float", "data": 0.002358519505386681}, "max_rme": {"type": "float", "data": 0.007575875939733662}, "simu": {"type": "float", "data": 0.002}}, {"type": "dict", "image_number": {"type": "int", "data": 27}, "Hcamera2end": {"type": "ndarray", "data": [[0.9999857423220394, 0.004774260415951093, -0.002391984556889529, -0.015243987226718598], [0.0023602233375387485, 0.006647178785540442, 0.9999751218705344, 0.03085494457169769], [0.004790041590284258, -0.9999665101650523, 0.006635815691352742, 0.033491212795880757], [0.0, 0.0, 0.0, 1.0]]}, "Hobj2base": {"type": "ndarray", "data": [[0.9999850466707898, 0.0017001577409263377, -0.0051976820289690775, -0.7385401889239728], [0.0017033380624353206, -0.999998364785676, 0.0006075075464160402, 0.08902903117245974], [-0.005196640670987263, -0.0006163518717920802, -0.99998630742431, 8.884078108650361e-06], [0.0, 0.0, 0.0, 1.0]]}, "mean_rme": {"type": "float", "data": 0.0024013796779814344}, "max_rme": {"type": "float", "data": 0.007626541253044045}, "simu": {"type": "float", "data": 0.002}}, {"type": "dict", "image_number": {"type": "int", "data": 28}, "Hcamera2end": {"type": "ndarray", "data": [[0.9999877570833116, 0.004474691086429781, -0.0021125395070675686, -0.015124838809251055], [0.0020861148768288543, 0.005901811180144101, 0.9999804081828378, 0.02936028522784581], [0.004487071228381465, -0.9999725725061039, 0.005892404205116941, 0.03362230964726154], [0.0, 0.0, 0.0, 1.0]]}, "Hobj2base": {"type": "ndarray", "data": [[0.9999883394118307, 0.0019977636868094483, -0.004396587383514464, -0.738423926305955], [0.0020024920637224195, -0.9999974211396805, 0.0010713260582207375, 0.08991568458489667], [-0.004394435789033873, -0.0010801176972717273, -0.9999897610875101, 0.0010220728080712993], [0.0, 0.0, 0.0, 1.0]]}, "mean_rme": {"type": "float", "data": 0.002517874302275051}, "max_rme": {"type": "float", "data": 0.011567644020236995}, "simu": {"type": "float", "data": 0.002}}, {"type": "dict", "image_number": {"type": "int", "data": 29}, "Hcamera2end": {"type": "ndarray", "data": [[0.99999094028706, 0.003934493746390311, -0.0016245315512892016, -0.01534334192822171], [0.0016020689897874017, 0.0057055748564545095, 0.9999824397410734, 0.028818636562688522], [0.0039436935420339315, -0.9999759827988456, 0.005699219835162528, 0.03285672804811061], [0.0, 0.0, 0.0, 1.0]]}, "Hobj2base": {"type": "ndarray", "data": [[0.9999901707631859, 0.001676823002999782, -0.004104466059193891, -0.7375113466378459], [0.0016824487974264996, -0.9999976495384486, 0.0013675831316679065, 0.0898186875228521], [-0.0041021632169505355, -0.0013744752433548111, -0.9999906414935826, 0.00144472761796306], [0.0, 0.0, 0.0, 1.0]]}, "mean_rme": {"type": "float", "data": 0.0025455271168205416}, "max_rme": {"type": "float", "data": 0.011503871491223977}, "simu": {"type": "float", "data": 0.002}}, {"type": "dict", "image_number": {"type": "int", "data": 30}, "Hcamera2end": {"type": "ndarray", "data": [[0.9999927255270715, 0.0035654649682463763, -0.001355120842990451, -0.015589113329037002], [0.0013363283276161644, 0.00526781899785822, 0.9999852320457572, 0.028502148996561474], [0.0035725508449439692, -0.9999797685666276, 0.005263016045413349, 0.0319755472288195], [0.0, 0.0, 0.0, 1.0]]}, "Hobj2base": {"type": "ndarray", "data": [[0.9999919370051377, 0.0015320376313380257, -0.003711978638007494, -0.7364331466149058], [0.0015370567288044324, -0.9999979079349799, 0.0013496600591769263, 0.08965995184878202], [-0.003709903142306658, -0.001355354698617531, -0.999992199785736, 0.0016552967588029674], [0.0, 0.0, 0.0, 1.0]]}, "mean_rme": {"type": "float", "data": 0.002521159930144009}, "max_rme": {"type": "float", "data": 0.011422147306548364}, "simu": {"type": "float", "data": 0.002}}]}