{"type": "list", "data": [{"type": "dict", "image_number": {"type": "int", "data": 5}, "Hcamera2end": {"type": "ndarray", "data": [[0.9998858235382267, 0.00811343250222544, -0.012748023388506249, -0.016188519408755122], [0.012850621859079843, -0.012721564595205237, 0.9998364982896378, 0.024869978029115905], [0.007949931139136352, -0.9998861605239279, -0.012824374745036726, 0.02671324034927134], [0.0, 0.0, 0.0, 1.0]]}, "Hobj2base": {"type": "ndarray", "data": [[0.9998489836114561, 0.014147715454127834, 0.010092181060961424, -0.7228270287432312], [0.01421491298852991, -0.9998770615440464, -0.006618009275580646, 0.08193528148877745], [0.009997310631700894, 0.006760469323366554, -0.9999271722653911, 0.001508509519635215], [0.0, 0.0, 0.0, 1.0]]}, "mean_rme": {"type": "float", "data": 0.0016510587317710448}, "max_rme": {"type": "float", "data": 0.005136492931270914}, "simu": {"type": "float", "data": 0.002}}, {"type": "dict", "image_number": {"type": "int", "data": 6}, "Hcamera2end": {"type": "ndarray", "data": [[0.9999563087086567, 0.007899362239899213, -0.0049980746253389784, -0.01690144292457547], [0.004974968195377188, 0.0029420488140308176, 0.999983296880618, 0.02588764697913407], [0.007913934875432595, -0.9999644715813548, 0.002902621196211652, 0.028004123893809504], [0.0, 0.0, 0.0, 1.0]]}, "Hobj2base": {"type": "ndarray", "data": [[0.9999540951375028, 0.008708303093123418, -0.003996632954908586, -0.7313966353930087], [0.008707105912506922, -0.999962042236096, -0.00031684956252616477, 0.08598646035922113], [-0.003999240473683873, 0.00028203591115876013, -0.9999919632333947, 0.003624905859285691], [0.0, 0.0, 0.0, 1.0]]}, "mean_rme": {"type": "float", "data": 0.0016135506285013053}, "max_rme": {"type": "float", "data": 0.004398912225423629}, "simu": {"type": "float", "data": 0.002}}, {"type": "dict", "image_number": {"type": "int", "data": 7}, "Hcamera2end": {"type": "ndarray", "data": [[0.9999632021437778, 0.008577970128626045, -0.00011307888720132192, -0.016509657452870165], [2.6107997678899604e-05, 0.010138300476034368, 0.9999486057702314, 0.025915081986593924], [0.00857867569819425, -0.99991181275747, 0.010137703454686897, 0.026715614313670522], [0.0, 0.0, 0.0, 1.0]]}, "Hobj2base": {"type": "ndarray", "data": [[0.9999325013042635, 0.0053955718741545994, -0.01028983185236409, -0.7333552941182473], [0.005418426974439866, -0.9999829121512054, 0.002194551142515033, 0.08887525943418402], [-0.010277815162852326, -0.0022501577156464865, -0.9999446501210618, 0.0038893717188041893], [0.0, 0.0, 0.0, 1.0]]}, "mean_rme": {"type": "float", "data": 0.0016262631320244183}, "max_rme": {"type": "float", "data": 0.004932469863961952}, "simu": {"type": "float", "data": 0.002}}, {"type": "dict", "image_number": {"type": "int", "data": 8}, "Hcamera2end": {"type": "ndarray", "data": [[0.9999577807180826, 0.009183369198701365, -0.00032017421395032133, -0.01559492969567392], [0.00023335839231412685, 0.009453105648577487, 0.9999552911692892, 0.026131248305253655], [0.009185985261672927, -0.9999131484902865, 0.009450563528972888, 0.027276335228430856], [0.0, 0.0, 0.0, 1.0]]}, "Hobj2base": {"type": "ndarray", "data": [[0.9999436777045023, 0.005701217497376384, -0.008951957207334051, -0.7336538334330568], [0.005710186122855217, -0.9999832198507743, 0.0009766224040801026, 0.08964495630521886], [-0.008946239055417778, -0.0010276847402821828, -0.99995945351341, 0.0033976945662674285], [0.0, 0.0, 0.0, 1.0]]}, "mean_rme": {"type": "float", "data": 0.0016183588595165591}, "max_rme": {"type": "float", "data": 0.005100765673286545}, "simu": {"type": "float", "data": 0.002}}, {"type": "dict", "image_number": {"type": "int", "data": 9}, "Hcamera2end": {"type": "ndarray", "data": [[0.999964987978596, 0.008367149314843739, 0.00011674463318698224, -0.01581333878007618], [-0.00020067820684539425, 0.010031185119866337, 0.9999496662599313, 0.028021418991826565], [0.00836555707789776, -0.999914679428917, 0.01003251301231911, 0.027703836519540368], [0.0, 0.0, 0.0, 1.0]]}, "Hobj2base": {"type": "ndarray", "data": [[0.9999447464005897, 0.0055147204305066085, -0.008949413636305258, -0.7342364866421168], [0.005518446728146782, -0.9999846965285024, 0.0003917326994468084, 0.0883601314255834], [-0.008947116382887817, -0.00044109791720525825, -0.9999598764655804, 0.002139901781651755], [0.0, 0.0, 0.0, 1.0]]}, "mean_rme": {"type": "float", "data": 0.0017600374440685323}, "max_rme": {"type": "float", "data": 0.0047853047120687275}, "simu": {"type": "float", "data": 0.002}}, {"type": "dict", "image_number": {"type": "int", "data": 10}, "Hcamera2end": {"type": "ndarray", "data": [[0.999923906059956, 0.012067691928452414, 0.002559863535479827, -0.01654005207607866], [-0.0026160166526184676, 0.004639691395476486, 0.9999858147597034, 0.029660968368540708], [0.012055643768523423, -0.9999164185447074, 0.004670907626121101, 0.02965785391823488], [0.0, 0.0, 0.0, 1.0]]}, "Hobj2base": {"type": "ndarray", "data": [[0.9999253127793555, 0.010513995969608727, -0.006230951119950023, -0.7348775366987648], [0.01053664580903227, -0.999937959139432, 0.0036134425640139433, 0.08746867349726818], [-0.006192572825825926, -0.003678826011036185, -0.9999740588040162, 0.0005534854458390081], [0.0, 0.0, 0.0, 1.0]]}, "mean_rme": {"type": "float", "data": 0.0019399220510597527}, "max_rme": {"type": "float", "data": 0.005983063914556552}, "simu": {"type": "float", "data": 0.002}}, {"type": "dict", "image_number": {"type": "int", "data": 11}, "Hcamera2end": {"type": "ndarray", "data": [[0.9999485000112979, 0.008808873906061667, 0.005039946990047934, -0.01775915551202608], [-0.00511385009451853, 0.008387328753531431, 0.9999517494627383, 0.028590876026113196], [0.008766177180857124, -0.9999260254923299, 0.008431944066852437, 0.03029418173114175], [0.0, 0.0, 0.0, 1.0]]}, "Hobj2base": {"type": "ndarray", "data": [[0.9999450535383961, 0.006540894442124942, -0.00819186205884508, -0.7367906595589916], [0.0065787214139712774, -0.9999677832558134, 0.004599225479519747, 0.08779848292962235], [-0.00816151509534365, -0.004652864746700352, -0.9999558692867385, 0.0026517147633944357], [0.0, 0.0, 0.0, 1.0]]}, "mean_rme": {"type": "float", "data": 0.0020645950394604638}, "max_rme": {"type": "float", "data": 0.006607878288544894}, "simu": {"type": "float", "data": 0.002}}, {"type": "dict", "image_number": {"type": "int", "data": 12}, "Hcamera2end": {"type": "ndarray", "data": [[0.9999567038286603, 0.008593241139674763, 0.003570248567854667, -0.01753589216535371], [-0.003640115000710507, 0.008128531916601123, 0.9999603374792734, 0.02882438563449226], [0.008563879430635947, -0.999930039140537, 0.008159460368267757, 0.029696974724248287], [0.0, 0.0, 0.0, 1.0]]}, "Hobj2base": {"type": "ndarray", "data": [[0.9999522413509402, 0.006600432248135132, -0.007207587069810361, -0.7358861733274179], [0.006626870369199074, -0.9999713791928562, 0.0036503950810753143, 0.087372554442966], [-0.007183286597439297, -0.0036979844883240558, -0.9999673621195764, 0.002135178333662372], [0.0, 0.0, 0.0, 1.0]]}, "mean_rme": {"type": "float", "data": 0.0019924056277605033}, "max_rme": {"type": "float", "data": 0.006734810864061941}, "simu": {"type": "float", "data": 0.002}}, {"type": "dict", "image_number": {"type": "int", "data": 13}, "Hcamera2end": {"type": "ndarray", "data": [[0.999957514788892, 0.008706457408506002, 0.003027576029876999, -0.01766207434332692], [-0.003098241398281546, 0.008114430777556247, 0.9999622777452128, 0.029011432014642787], [0.00868156192518312, -0.9999291742981351, 0.00814106074102705, 0.029255537675102902], [0.0, 0.0, 0.0, 1.0]]}, "Hobj2base": {"type": "ndarray", "data": [[0.9999547389842913, 0.006984913918796164, -0.006459950495546609, -0.7353308176121757], [0.007010019603060397, -0.9999679334315779, 0.0038719160300379188, 0.08703030939660472], [-0.006432698346931419, -0.003917025162794242, -0.9999716382507311, 0.001974954702264126], [0.0, 0.0, 0.0, 1.0]]}, "mean_rme": {"type": "float", "data": 0.0019183358768757044}, "max_rme": {"type": "float", "data": 0.0068330209599219704}, "simu": {"type": "float", "data": 0.002}}, {"type": "dict", "image_number": {"type": "int", "data": 14}, "Hcamera2end": {"type": "ndarray", "data": [[0.9999578849604981, 0.008756408370877277, 0.0027483845745733433, -0.017727851427453877], [-0.0028239117826468047, 0.008624707368731332, 0.9999588191245915, 0.029170432911957003], [0.0087323437616227, -0.999924467015007, 0.008649071463611935, 0.028898652551296537], [0.0, 0.0, 0.0, 1.0]]}, "Hobj2base": {"type": "ndarray", "data": [[0.9999503537665284, 0.007342072182043524, -0.006736763189274756, -0.7351316876711327], [0.007368506073442811, -0.9999652179411422, 0.003907432170854909, 0.08685682398735442], [-0.006707840221736139, -0.003956878062040597, -0.999969673537934, 0.0019682754549199067], [0.0, 0.0, 0.0, 1.0]]}, "mean_rme": {"type": "float", "data": 0.0018568949984302194}, "max_rme": {"type": "float", "data": 0.00702250478428626}, "simu": {"type": "float", "data": 0.002}}, {"type": "dict", "image_number": {"type": "int", "data": 15}, "Hcamera2end": {"type": "ndarray", "data": [[0.9999557011747692, 0.008663585898875548, 0.00367939770186263, -0.018047153006075345], [-0.0037399871587664047, 0.006987793080345472, 0.9999685911287006, 0.029191156154730422], [0.008637602915620147, -0.999938054595003, 0.007019885229331724, 0.029799644415547916], [0.0, 0.0, 0.0, 1.0]]}, "Hobj2base": {"type": "ndarray", "data": [[0.999958263316075, 0.007441592970572316, -0.005300407527702631, -0.7352199289995304], [0.007465858799239812, -0.9999616729915186, 0.004573128075298648, 0.08712002483485343], [-0.005266173021199693, -0.004612509302277876, -0.9999754957895954, 0.001924215359124807], [0.0, 0.0, 0.0, 1.0]]}, "mean_rme": {"type": "float", "data": 0.0019053355623568032}, "max_rme": {"type": "float", "data": 0.006699770733646665}, "simu": {"type": "float", "data": 0.002}}, {"type": "dict", "image_number": {"type": "int", "data": 16}, "Hcamera2end": {"type": "ndarray", "data": [[0.9999563054354482, 0.008585322761505716, 0.0036985744509824814, -0.018091044587496406], [-0.00376041227205822, 0.007197804209406855, 0.9999670249133756, 0.029177337845393028], [0.008558418044991868, -0.9999372399544104, 0.0072297740575580915, 0.029731267578097187], [0.0, 0.0, 0.0, 1.0]]}, "Hobj2base": {"type": "ndarray", "data": [[0.9999590920352107, 0.007328137585885744, -0.005302136893669178, -0.7352095706722115], [0.007352624564187299, -0.9999623257976937, 0.004613664193001943, 0.08710286181256226], [-0.0052681275739097965, -0.004652460079356662, -0.9999753004185032, 0.0019768310132509057], [0.0, 0.0, 0.0, 1.0]]}, "mean_rme": {"type": "float", "data": 0.0018195629911918134}, "max_rme": {"type": "float", "data": 0.006789466795424609}, "simu": {"type": "float", "data": 0.002}}, {"type": "dict", "image_number": {"type": "int", "data": 17}, "Hcamera2end": {"type": "ndarray", "data": [[0.9999465824311042, 0.009987177947378368, 0.0026624351639618045, -0.017713711156419874], [-0.002718295484367359, 0.005583805442927137, 0.9999807158072774, 0.029764371442401343], [0.009972118832754107, -0.9999345365539799, 0.005610655270331111, 0.029807468738320624], [0.0, 0.0, 0.0, 1.0]]}, "Hobj2base": {"type": "ndarray", "data": [[0.9999461850373516, 0.009080706099978117, -0.005016752532524101, -0.7347298384757248], [0.00910427671958148, -0.9999475299214424, 0.004695694774948372, 0.08690792957273095], [-0.004973849078938106, -0.0047411159795992105, -0.9999763910436126, 0.0012077754397071423], [0.0, 0.0, 0.0, 1.0]]}, "mean_rme": {"type": "float", "data": 0.002087831310025156}, "max_rme": {"type": "float", "data": 0.011692165807174054}, "simu": {"type": "float", "data": 0.002}}, {"type": "dict", "image_number": {"type": "int", "data": 18}, "Hcamera2end": {"type": "ndarray", "data": [[0.9999554554700155, 0.009126840543980271, 0.0024057966328452467, -0.01751243634228176], [-0.0024587554311357295, 0.0057957573400343465, 0.9999801816629094, 0.02872868324794409], [0.009112716251684356, -0.9999415532812607, 0.005817939839504405, 0.029815041639901025], [0.0, 0.0, 0.0, 1.0]]}, "Hobj2base": {"type": "ndarray", "data": [[0.9999553538560901, 0.008349317201065267, -0.004424838620509434, -0.7345107336677165], [0.00837027633667873, -0.9999537365432098, 0.004739540834307622, 0.08767449226720202], [-0.0043850619823660765, -0.004776366354084339, -0.9999789785569806, 0.0020045682831472587], [0.0, 0.0, 0.0, 1.0]]}, "mean_rme": {"type": "float", "data": 0.0020920575159831187}, "max_rme": {"type": "float", "data": 0.011766375921974354}, "simu": {"type": "float", "data": 0.002}}, {"type": "dict", "image_number": {"type": "int", "data": 19}, "Hcamera2end": {"type": "ndarray", "data": [[0.9999456822704984, 0.010137914028870007, 0.0024197536508165337, -0.01769452307875364], [-0.002477340642784591, 0.00567165720232321, 0.9999808473605479, 0.027923848404578885], [0.010123995847836312, -0.9999325252254389, 0.005696464197238238, 0.029818714825249098], [0.0, 0.0, 0.0, 1.0]]}, "Hobj2base": {"type": "ndarray", "data": [[0.9999440935751972, 0.009518688342321587, -0.004604812300090603, -0.7347201863535332], [0.009540608010705593, -0.9999431491684385, 0.004761851519308717, 0.08766815118624771], [-0.004559223932137448, -0.00480551801033287, -0.9999780599962125, 0.002878959679086874], [0.0, 0.0, 0.0, 1.0]]}, "mean_rme": {"type": "float", "data": 0.002100006983112251}, "max_rme": {"type": "float", "data": 0.011638191589604302}, "simu": {"type": "float", "data": 0.002}}, {"type": "dict", "image_number": {"type": "int", "data": 20}, "Hcamera2end": {"type": "ndarray", "data": [[0.9999460050277866, 0.010011271149931188, 0.0027859430956529057, -0.017900785356164975], [-0.0028372178491215027, 0.005111155278936352, 0.9999829129973127, 0.02799691300472863], [0.009996860699553984, -0.9999368232751892, 0.00513928345944803, 0.030118830055653432], [0.0, 0.0, 0.0, 1.0]]}, "Hobj2base": {"type": "ndarray", "data": [[0.9999449475315115, 0.009591935363056404, -0.0042540195337460035, -0.7346320479085932], [0.009613253088228194, -0.999941193846644, 0.005019383787882273, 0.08776214181584678], [-0.004205623766365182, -0.005060002424834626, -0.9999783543178304, 0.002900774222115457], [0.0, 0.0, 0.0, 1.0]]}, "mean_rme": {"type": "float", "data": 0.0020998308192230497}, "max_rme": {"type": "float", "data": 0.011472818426314452}, "simu": {"type": "float", "data": 0.002}}, {"type": "dict", "image_number": {"type": "int", "data": 21}, "Hcamera2end": {"type": "ndarray", "data": [[0.999950827405125, 0.009118793874411186, 0.0038974825313327337, -0.018357223031907274], [-0.003942788853200582, 0.004955765066764761, 0.9999799472032739, 0.027744702405311066], [0.009099296009314127, -0.9999461425451269, 0.00499147485777951, 0.030546612645482106], [0.0, 0.0, 0.0, 1.0]]}, "Hobj2base": {"type": "ndarray", "data": [[0.9999522482190867, 0.00897445169845721, -0.0038678803376274397, -0.7348374203240218], [0.008995649570631984, -0.999944421473349, 0.005498386411624933, 0.08801856603481349], [-0.003818320363266431, -0.005532917949980062, -0.9999774033689772, 0.003294876313935779], [0.0, 0.0, 0.0, 1.0]]}, "mean_rme": {"type": "float", "data": 0.0021692284028821725}, "max_rme": {"type": "float", "data": 0.011898844476007447}, "simu": {"type": "float", "data": 0.002}}, {"type": "dict", "image_number": {"type": "int", "data": 22}, "Hcamera2end": {"type": "ndarray", "data": [[0.9999410938984907, 0.009821195922910274, 0.0046209137336219175, -0.01868728082106238], [-0.004673091638882211, 0.00529649379251973, 0.999975054372878, 0.02763918494211439], [0.009796476286112993, -0.999937743694151, 0.005342077145269908, 0.03036126801897996], [0.0, 0.0, 0.0, 1.0]]}, "Hobj2base": {"type": "ndarray", "data": [[0.9999440343627422, 0.009473660624268493, -0.004709341433709284, -0.7348088903511165], [0.009503546781526508, -0.9999345838207623, 0.0063647999002708466, 0.08801516680077953], [-0.0046487354123894205, -0.0064091991368138475, -0.9999686552214977, 0.003516215990542766], [0.0, 0.0, 0.0, 1.0]]}, "mean_rme": {"type": "float", "data": 0.002120222824194046}, "max_rme": {"type": "float", "data": 0.01194266574140343}, "simu": {"type": "float", "data": 0.002}}, {"type": "dict", "image_number": {"type": "int", "data": 23}, "Hcamera2end": {"type": "ndarray", "data": [[0.9999447073401458, 0.009418377592456815, 0.004677224172094577, -0.01878305874671752], [-0.004727777013677488, 0.00535237624606133, 0.9999744997713841, 0.027502442303582973], [0.009393103158118792, -0.999941321394434, 0.005396608288029903, 0.030371261845527898], [0.0, 0.0, 0.0, 1.0]]}, "Hobj2base": {"type": "ndarray", "data": [[0.9999509665500259, 0.00897227688104493, -0.004190792674291811, -0.7346847528570583], [0.008999705644006303, -0.9999379008035776, 0.006572658127006673, 0.088160304199609], [-0.004131560720874414, -0.006610051747386889, -0.9999696182494273, 0.0036321461682403662], [0.0, 0.0, 0.0, 1.0]]}, "mean_rme": {"type": "float", "data": 0.0020840843974937917}, "max_rme": {"type": "float", "data": 0.011999586422427794}, "simu": {"type": "float", "data": 0.002}}, {"type": "dict", "image_number": {"type": "int", "data": 24}, "Hcamera2end": {"type": "ndarray", "data": [[0.9999524307615842, 0.00858298544551452, 0.004633419346574594, -0.018622570009126375], [-0.00468061739633191, 0.005487124012011124, 0.9999739913072069, 0.027654302793300493], [0.008557338066728516, -0.9999481105692029, 0.005527036664689455, 0.030361483740138466], [0.0, 0.0, 0.0, 1.0]]}, "Hobj2base": {"type": "ndarray", "data": [[0.9999590625660557, 0.008283860946804009, -0.0036401703022234354, -0.7345123656514506], [0.00830756506150967, -0.9999440677083307, 0.006545671674148174, 0.08839363857655208], [-0.003585743265204289, -0.00657564466276709, -0.9999719512778869, 0.003320616359293147], [0.0, 0.0, 0.0, 1.0]]}, "mean_rme": {"type": "float", "data": 0.0020738499723498877}, "max_rme": {"type": "float", "data": 0.01204950698238752}, "simu": {"type": "float", "data": 0.002}}, {"type": "dict", "image_number": {"type": "int", "data": 25}, "Hcamera2end": {"type": "ndarray", "data": [[0.9999470292529365, 0.009168920018799313, 0.004676493763031218, -0.018801323656528826], [-0.004726342101209551, 0.005422554487430564, 0.9999741284619185, 0.02727381461835721], [0.009143324262495712, -0.9999432617946481, 0.005465602703375927, 0.030353045688113613], [0.0, 0.0, 0.0, 1.0]]}, "Hobj2base": {"type": "ndarray", "data": [[0.9999549231984363, 0.008766743812345627, -0.0036463370850998095, -0.734622130366179], [0.008791303212946812, -0.9999384058391725, 0.006774770522457743, 0.08832192730787942], [-0.003586719814469142, -0.006806521192402987, -0.999970402917121, 0.0037949797107572334], [0.0, 0.0, 0.0, 1.0]]}, "mean_rme": {"type": "float", "data": 0.002077637480012141}, "max_rme": {"type": "float", "data": 0.012016846035936085}, "simu": {"type": "float", "data": 0.002}}, {"type": "dict", "image_number": {"type": "int", "data": 26}, "Hcamera2end": {"type": "ndarray", "data": [[0.9999554301303041, 0.00771535075785075, 0.005441609651735671, -0.019321662629173144], [-0.0054817253471036356, 0.005187886533849495, 0.9999715178546491, 0.027143887055934176], [0.007686900554674327, -0.9999567786639556, 0.005229948744233881, 0.030327694218201893], [0.0, 0.0, 0.0, 1.0]]}, "Hobj2base": {"type": "ndarray", "data": [[0.9999659145246452, 0.007591519485706047, -0.0032463241963952786, -0.7345311798863323], [0.007615562334733739, -0.9999431810088035, 0.0074590860244735605, 0.08863323771666275], [-0.0031895139466289945, -0.007483554362257106, -0.9999669111600098, 0.003732519861368667], [0.0, 0.0, 0.0, 1.0]]}, "mean_rme": {"type": "float", "data": 0.002119931690495622}, "max_rme": {"type": "float", "data": 0.01206818277921598}, "simu": {"type": "float", "data": 0.002}}, {"type": "dict", "image_number": {"type": "int", "data": 27}, "Hcamera2end": {"type": "ndarray", "data": [[0.9999515596643394, 0.008086412628882425, 0.005611439712824459, -0.019332345257328347], [-0.005654029145410829, 0.0052535884254961696, 0.9999702154379791, 0.02719305840649269], [0.008056691583898289, -0.9999535037887767, 0.005299054752594956, 0.03026905696541439], [0.0, 0.0, 0.0, 1.0]]}, "Hobj2base": {"type": "ndarray", "data": [[0.999962794114589, 0.007911363441815982, -0.003438126675324925, -0.7344980116295351], [0.007936484657682775, -0.9999414527448791, 0.007355494119321674, 0.08851631909095216], [-0.003379733395173232, -0.0073825070912602155, -0.9999670374523479, 0.003687385582259742], [0.0, 0.0, 0.0, 1.0]]}, "mean_rme": {"type": "float", "data": 0.0020947799680987}, "max_rme": {"type": "float", "data": 0.012133463343064949}, "simu": {"type": "float", "data": 0.002}}, {"type": "dict", "image_number": {"type": "int", "data": 28}, "Hcamera2end": {"type": "ndarray", "data": [[0.9999517207642104, 0.008122775177154876, 0.005529616995426891, -0.019404905248833187], [-0.005576780774727341, 0.005795233857388449, 0.9999676568673252, 0.02717915501321763], [0.008090467037529346, -0.9999502166547891, 0.005840253004372076, 0.030018893149545197], [0.0, 0.0, 0.0, 1.0]]}, "Hobj2base": {"type": "ndarray", "data": [[0.9999599703127107, 0.008014373347294688, -0.003978390636041187, -0.7344911004237493], [0.008043237059360157, -0.9999410580132078, 0.007292930620317759, 0.08836073442970796], [-0.003919707873005721, -0.0073246378255860225, -0.9999654921900623, 0.003800037075616059], [0.0, 0.0, 0.0, 1.0]]}, "mean_rme": {"type": "float", "data": 0.0020714400202772394}, "max_rme": {"type": "float", "data": 0.012234196835884031}, "simu": {"type": "float", "data": 0.002}}, {"type": "dict", "image_number": {"type": "int", "data": 29}, "Hcamera2end": {"type": "ndarray", "data": [[0.9999497651605768, 0.008582999225821297, 0.005176802062744874, -0.01933015574654611], [-0.005224499845893948, 0.005544162967905497, 0.9999709830081797, 0.02749132650115304], [0.008554049138714524, -0.9999477958279995, 0.005588726335901684, 0.02979687706748806], [0.0, 0.0, 0.0, 1.0]]}, "Hobj2base": {"type": "ndarray", "data": [[0.9999576827424197, 0.00835295104808835, -0.003854988093175734, -0.7341822405214572], [0.008380585389840003, -0.9999388971627527, 0.007208864644396195, 0.08828241029003837], [-0.0037945372489787505, -0.007240866641905852, -0.9999665851103927, 0.003405800998282682], [0.0, 0.0, 0.0, 1.0]]}, "mean_rme": {"type": "float", "data": 0.00214453515986722}, "max_rme": {"type": "float", "data": 0.011753163427524776}, "simu": {"type": "float", "data": 0.002}}, {"type": "dict", "image_number": {"type": "int", "data": 30}, "Hcamera2end": {"type": "ndarray", "data": [[0.9999553182036731, 0.00834093516760516, 0.004448639873106267, -0.01907934638059198], [-0.004493699885066139, 0.005391337482905656, 0.9999753697674197, 0.02742319625055311], [0.008316745609536222, -0.9999506799241024, 0.005428578247666294, 0.030048386431184095], [0.0, 0.0, 0.0, 1.0]]}, "Hobj2base": {"type": "ndarray", "data": [[0.9999586560844668, 0.008322256839452957, -0.003664172873279052, -0.7343196088809576], [0.008345951569917505, -0.9999440491926042, 0.006499505880574528, 0.08809151181661745], [-0.003609877302580678, -0.006529818174896587, -0.9999721647428308, 0.003323233271846593], [0.0, 0.0, 0.0, 1.0]]}, "mean_rme": {"type": "float", "data": 0.0021259817640758745}, "max_rme": {"type": "float", "data": 0.011872041944134909}, "simu": {"type": "float", "data": 0.002}}]}