{"type": "list", "data": [{"type": "dict", "image_number": {"type": "int", "data": 5}, "Hcamera2end": {"type": "ndarray", "data": [[0.9999816044094522, -0.0060232234759406665, 0.000715277328625934, -0.017966895869522558], [-0.000620950754156465, 0.015647814667821613, 0.9998773726394062, 0.03145661334479455], [-0.00603367739101798, -0.9998594234566577, 0.015643786691870165, 0.03562133424968403], [0.0, 0.0, 0.0, 1.0]]}, "Hobj2base": {"type": "ndarray", "data": [[0.9998657528245579, 0.003918931137333247, -0.015909692244693813, -0.7474685540581195], [0.003976440121746001, -0.9999856688565967, 0.0035846904167007704, 0.08667639375753429], [-0.01589541608572104, -0.0036474731207039256, -0.999867007000079, 0.0014215059080871617], [0.0, 0.0, 0.0, 1.0]]}, "mean_rme": {"type": "float", "data": 0.0008282926835157936}, "max_rme": {"type": "float", "data": 0.0022081898698693703}, "simu": {"type": "float", "data": 0.002}}, {"type": "dict", "image_number": {"type": "int", "data": 6}, "Hcamera2end": {"type": "ndarray", "data": [[0.9999511193156809, -0.007372443318829992, 0.0065883274681432765, -0.01822898071153921], [-0.006623772663202407, -0.004793750461919544, 0.9999665722373998, 0.028984193982036773], [-0.007340614076701258, -0.9999613327704324, -0.004842349528632939, 0.034343915778012504], [0.0, 0.0, 0.0, 1.0]]}, "Hobj2base": {"type": "ndarray", "data": [[0.9999854976340771, -0.005303820844952081, 0.0009348828653923893, -0.7356343007807374], [-0.0053106569472193815, -0.9999580114305087, 0.007468085345802951, 0.08958951254572294], [0.0008952342242692783, -0.007472941883080454, -0.9999716764465363, 0.0013984444529312468], [0.0, 0.0, 0.0, 1.0]]}, "mean_rme": {"type": "float", "data": 0.0010808237385037179}, "max_rme": {"type": "float", "data": 0.0035033659098357983}, "simu": {"type": "float", "data": 0.002}}, {"type": "dict", "image_number": {"type": "int", "data": 7}, "Hcamera2end": {"type": "ndarray", "data": [[0.9999740102586473, -0.006533097248292494, 0.003049171622448941, -0.01812429451713153], [-0.003028973859337975, 0.003099273202701869, 0.9999906098674001, 0.03026744865696272], [-0.006542486117542939, -0.9999738562312315, 0.003079404072607428, 0.0348765556717067], [0.0, 0.0, 0.0, 1.0]]}, "Hobj2base": {"type": "ndarray", "data": [[0.9999855355601748, -0.0033289201917242614, -0.004224566343149126, -0.7399260099987407], [-0.0033106759390710344, -0.9999851958343167, 0.004318279406274846, 0.08825676921817216], [-0.004238879009478096, -0.004304230774636952, -0.9999817525846071, 0.0005796140288352181], [0.0, 0.0, 0.0, 1.0]]}, "mean_rme": {"type": "float", "data": 0.00142628739701644}, "max_rme": {"type": "float", "data": 0.004199580557843724}, "simu": {"type": "float", "data": 0.002}}, {"type": "dict", "image_number": {"type": "int", "data": 8}, "Hcamera2end": {"type": "ndarray", "data": [[0.9999718477320568, -0.005768049456717972, 0.00479930711677268, -0.018568712402116196], [-0.004792662574956876, 0.0011652272703657207, 0.9999878362414468, 0.030236730587358887], [-0.005773571579088382, -0.9999826857755453, 0.0011375501518137154, 0.0338528409097958], [0.0, 0.0, 0.0, 1.0]]}, "Hobj2base": {"type": "ndarray", "data": [[0.9999928921817874, -0.003216379981901806, -0.0019673550050780322, -0.7379898971618057], [-0.003206223840523895, -0.9999816301237927, 0.005143884101189023, 0.08865294207797315], [-0.0019838635508624206, -0.005137539758875871, -0.9999848348703282, 0.0005749841077445222], [0.0, 0.0, 0.0, 1.0]]}, "mean_rme": {"type": "float", "data": 0.0014200721397750902}, "max_rme": {"type": "float", "data": 0.00453740293607241}, "simu": {"type": "float", "data": 0.002}}, {"type": "dict", "image_number": {"type": "int", "data": 9}, "Hcamera2end": {"type": "ndarray", "data": [[0.9999621066084641, -0.00544967149148608, 0.006788698534891061, -0.01891444693085928], [-0.006783768263502485, 0.0009226672768406496, 0.9999765643120058, 0.030468555409584198], [-0.005455807484675813, -0.999984724766199, 0.0008856630053378778, 0.03427971791994112], [0.0, 0.0, 0.0, 1.0]]}, "Hobj2base": {"type": "ndarray", "data": [[0.9999914522609079, -0.0037185028145850065, -0.0018078003037268371, -0.7385810905419424], [-0.003706965739238851, -0.9999730067166437, 0.006343835045462819, 0.08928890208441387], [-0.001831341073732803, -0.006337079366226707, -0.999978243570818, 0.00042717830675951005], [0.0, 0.0, 0.0, 1.0]]}, "mean_rme": {"type": "float", "data": 0.001477004073197114}, "max_rme": {"type": "float", "data": 0.005154889086381176}, "simu": {"type": "float", "data": 0.002}}, {"type": "dict", "image_number": {"type": "int", "data": 10}, "Hcamera2end": {"type": "ndarray", "data": [[0.9999666932951817, -0.005935453374282842, 0.0056020258426365925, -0.018489830238714682], [-0.005602438159248618, -5.2842237936001624e-05, 0.9999843048240155, 0.03027283028796493], [-0.005935064192715084, -0.9999823836453018, -8.609348841170927e-05, 0.034392587163396396], [0.0, 0.0, 0.0, 1.0]]}, "Hobj2base": {"type": "ndarray", "data": [[0.9999895649517618, -0.00440165618511593, -0.0012228697453362275, -0.7380512238504862], [-0.004396243248481467, -0.9999806809707379, 0.004394397637753928, 0.08921440205908607], [-0.0012421887482219126, -0.004388975749140894, -0.9999895968753807, 1.6808461367234794e-05], [0.0, 0.0, 0.0, 1.0]]}, "mean_rme": {"type": "float", "data": 0.0015269939720534227}, "max_rme": {"type": "float", "data": 0.004903151488085844}, "simu": {"type": "float", "data": 0.002}}, {"type": "dict", "image_number": {"type": "int", "data": 11}, "Hcamera2end": {"type": "ndarray", "data": [[0.999967528464879, -0.006978925571051128, 0.004029468167782865, -0.018126305327449844], [-0.004048693229285131, -0.0027427970652107447, 0.9999880425022063, 0.02999998545250859], [-0.006967790107099055, -0.9999718854358521, -0.0027709635310866343, 0.03432447214395833], [0.0, 0.0, 0.0, 1.0]]}, "Hobj2base": {"type": "ndarray", "data": [[0.9999846088002432, -0.005470751406403959, 0.0009236025519028072, -0.7363525279149602], [-0.005473023565282888, -0.9999819581317504, 0.0024757673648191842, 0.08893672607128295], [0.0009100415805942369, -0.0024807841583206407, -0.9999965087610467, -0.0007806357390771321], [0.0, 0.0, 0.0, 1.0]]}, "mean_rme": {"type": "float", "data": 0.0017967182525948804}, "max_rme": {"type": "float", "data": 0.005126727956600657}, "simu": {"type": "float", "data": 0.002}}, {"type": "dict", "image_number": {"type": "int", "data": 12}, "Hcamera2end": {"type": "ndarray", "data": [[0.9999640245256544, -0.0074511381902341075, 0.004053417586005542, -0.017868720719806778], [-0.004088334325638257, -0.004676851400053916, 0.9999807061055844, 0.02974486608910644], [-0.007432037197048478, -0.9999613030515989, -0.004707145892134612, 0.034198104102832395], [0.0, 0.0, 0.0, 1.0]]}, "Hobj2base": {"type": "ndarray", "data": [[0.9999761229774001, -0.006416038664481687, 0.002566694945517016, -0.7350944309340558], [-0.006420991990219695, -0.99997752989554, 0.0019262829167872142, 0.0893697418943365], [0.0025542781659406363, -0.0019427176505729786, -0.9999948507423331, -0.0011757893499013035], [0.0, 0.0, 0.0, 1.0]]}, "mean_rme": {"type": "float", "data": 0.0019526199634945297}, "max_rme": {"type": "float", "data": 0.00555145009190014}, "simu": {"type": "float", "data": 0.002}}, {"type": "dict", "image_number": {"type": "int", "data": 13}, "Hcamera2end": {"type": "ndarray", "data": [[0.9999608635231427, -0.007646046472725849, 0.0044507746952320805, -0.01759075946534172], [-0.004479822087536739, -0.0037860911864195934, 0.9999827982058452, 0.028659776825738167], [-0.00762906390816197, -0.9999636010809919, -0.0038201959400203656, 0.033745756452171434], [0.0, 0.0, 0.0, 1.0]]}, "Hobj2base": {"type": "ndarray", "data": [[0.9999815020793231, -0.005731128624958706, 0.002037072375942193, -0.7349536543364305], [-0.00573637852885493, -0.9999802166507206, 0.002580749610404095, 0.08910086298619374], [0.0020222414678618345, -0.0025923872901415933, -0.9999945950191849, 0.00014054208264282838], [0.0, 0.0, 0.0, 1.0]]}, "mean_rme": {"type": "float", "data": 0.0020176727225901126}, "max_rme": {"type": "float", "data": 0.005678408102418792}, "simu": {"type": "float", "data": 0.002}}, {"type": "dict", "image_number": {"type": "int", "data": 14}, "Hcamera2end": {"type": "ndarray", "data": [[0.9999576589521562, -0.0076297002106954104, 0.005144703841641527, -0.017535299645665792], [-0.005163948724054842, -0.002504812774042353, 0.999983529637635, 0.029081147812745393], [-0.0076166880268669955, -0.9999677562740023, -0.0025441060983126818, 0.03325870997363403], [0.0, 0.0, 0.0, 1.0]]}, "Hobj2base": {"type": "ndarray", "data": [[0.9999820407604754, -0.0054960430478379835, 0.0023899094818115117, -0.7347787140398162], [-0.005505151191851282, -0.9999775450314665, 0.0038213535816422574, 0.08975529544128147], [0.0023688534926835847, -0.0038344417660701874, -0.9999898427431513, 4.730078089336993e-05], [0.0, 0.0, 0.0, 1.0]]}, "mean_rme": {"type": "float", "data": 0.0020448616911199957}, "max_rme": {"type": "float", "data": 0.00576332301415397}, "simu": {"type": "float", "data": 0.002}}, {"type": "dict", "image_number": {"type": "int", "data": 15}, "Hcamera2end": {"type": "ndarray", "data": [[0.9999672858988516, -0.0063538375964534155, 0.005005584869150358, -0.01745664160498888], [-0.005009899595145077, -0.0006633394505299872, 0.9999872303618783, 0.029372486193560445], [-0.006350436058329941, -0.9999795941560866, -0.0006951498383782617, 0.032610499714857126], [0.0, 0.0, 0.0, 1.0]]}, "Hobj2base": {"type": "ndarray", "data": [[0.9999901053156945, -0.0040936451795226215, 0.0017410743379787557, -0.7348737758696776], [-0.004101900868063492, -0.9999802349623417, 0.004764881313162913, 0.08981923701575449], [0.0017215341921602728, -0.004771975880504884, -0.9999871322003204, -6.128586303875139e-05], [0.0, 0.0, 0.0, 1.0]]}, "mean_rme": {"type": "float", "data": 0.002126941403568135}, "max_rme": {"type": "float", "data": 0.005915923757773639}, "simu": {"type": "float", "data": 0.002}}, {"type": "dict", "image_number": {"type": "int", "data": 16}, "Hcamera2end": {"type": "ndarray", "data": [[0.9999658175565506, -0.00677986164791859, 0.004732567431584619, -0.01735277021171106], [-0.004732860261936891, -2.7147506798108623e-05, 0.9999887995856523, 0.029390322934067566], [-0.006779657233252391, -0.9999770161053944, -5.9234716604850135e-05, 0.03238885729300391], [0.0, 0.0, 0.0, 1.0]]}, "Hobj2base": {"type": "ndarray", "data": [[0.9999900028651845, -0.0042705238213850225, 0.0013254418053467206, -0.7348195851061748], [-0.00427635757894425, -0.9999810428982925, 0.0044301929867686185, 0.0898353459470975], [0.001306497434128281, -0.004435816760641815, -0.9999893082399032, -6.397086558043025e-05], [0.0, 0.0, 0.0, 1.0]]}, "mean_rme": {"type": "float", "data": 0.0021113822118174913}, "max_rme": {"type": "float", "data": 0.006057212448291521}, "simu": {"type": "float", "data": 0.002}}, {"type": "dict", "image_number": {"type": "int", "data": 17}, "Hcamera2end": {"type": "ndarray", "data": [[0.9999851345138332, -0.00511707956751627, 0.0018831484409607708, -0.016485095385831587], [-0.0018811329376988632, 0.0003986620941829333, 0.9999981512019938, 0.028592815249753357], [-0.005117820846970899, -0.999986828195869, 0.00038903026095782334, 0.033373985328421715], [0.0, 0.0, 0.0, 1.0]]}, "Hobj2base": {"type": "ndarray", "data": [[0.9999956804212933, -0.0029287337158320497, 0.00024830943666102244, -0.736302865084771], [-0.0029294081795308425, -0.9999918981842608, 0.002760821174300121, 0.08926304070345674], [0.00024022171484716455, -0.0027615366484105733, -0.9999961580970536, 0.0012142075547015069], [0.0, 0.0, 0.0, 1.0]]}, "mean_rme": {"type": "float", "data": 0.0021912558817030955}, "max_rme": {"type": "float", "data": 0.006018308781817389}, "simu": {"type": "float", "data": 0.002}}, {"type": "dict", "image_number": {"type": "int", "data": 18}, "Hcamera2end": {"type": "ndarray", "data": [[0.9999881124197934, -0.004523217010497095, 0.0018208588563559218, -0.01627611252322627], [-0.0018156972623857633, 0.0011449778302576874, 0.999997696131956, 0.0291221166424308], [-0.004525291432624524, -0.9999891147075773, 0.0011367514264987166, 0.033181683651234466], [0.0, 0.0, 0.0, 1.0]]}, "Hobj2base": {"type": "ndarray", "data": [[0.9999975333507078, -0.00221141163369168, 0.00020724643884352157, -0.7363291725179435], [-0.0022120183260406143, -0.999993130013159, 0.002974374120777026, 0.08961137300879791], [0.0002006674495295761, -0.002974825216959935, -0.9999955550638728, 0.0009042827474367021], [0.0, 0.0, 0.0, 1.0]]}, "mean_rme": {"type": "float", "data": 0.002194948731754798}, "max_rme": {"type": "float", "data": 0.006103475348055193}, "simu": {"type": "float", "data": 0.002}}, {"type": "dict", "image_number": {"type": "int", "data": 19}, "Hcamera2end": {"type": "ndarray", "data": [[0.9999917523183741, -0.0037148968796695036, 0.0016415956874045736, -0.01627196156117187], [-0.0016354059119048391, 0.0016686285971795334, 0.9999972705593292, 0.02949783580130882], [-0.0037176259535878827, -0.9999917075755069, 0.0016625394705430674, 0.033048376049884864], [0.0, 0.0, 0.0, 1.0]]}, "Hobj2base": {"type": "ndarray", "data": [[0.9999989492518556, -0.0014432222657054258, -0.00013639896103275802, -0.736419906502511], [-0.0014428227929756457, -0.9999947981329045, 0.00288478240419213, 0.08963426531677453], [-0.00014056163370093606, -0.0028845825734824552, -0.9999958297042062, 0.0005601493205314591], [0.0, 0.0, 0.0, 1.0]]}, "mean_rme": {"type": "float", "data": 0.0021936914153402195}, "max_rme": {"type": "float", "data": 0.006271556471932088}, "simu": {"type": "float", "data": 0.002}}, {"type": "dict", "image_number": {"type": "int", "data": 20}, "Hcamera2end": {"type": "ndarray", "data": [[0.9999867083166722, -0.005074209826840623, 0.0009141031779628167, -0.015902459828358927], [-0.0008990382326232102, 0.0029704118334397123, 0.999995184180302, 0.02960330933194987], [-0.005076900653257793, -0.9999827143746901, 0.002965810443031569, 0.03250686523553326], [0.0, 0.0, 0.0, 1.0]]}, "Hobj2base": {"type": "ndarray", "data": [[0.9999964436257325, -0.002462724956039428, -0.0010235827656115385, -0.7363700223271183], [-0.0024604646908838053, -0.9999945450840728, 0.002203614213845071, 0.08982979856945528], [-0.0010290040777715267, -0.0022010878877152013, -0.9999970481770026, 0.0005173888007762972], [0.0, 0.0, 0.0, 1.0]]}, "mean_rme": {"type": "float", "data": 0.0022591162061336473}, "max_rme": {"type": "float", "data": 0.006548853929053494}, "simu": {"type": "float", "data": 0.002}}, {"type": "dict", "image_number": {"type": "int", "data": 21}, "Hcamera2end": {"type": "ndarray", "data": [[0.9999820182145499, -0.005875292467378557, 0.0012017428919784837, -0.015960938099324102], [-0.0011816315365590856, 0.0034253127816763485, 0.9999934354680834, 0.02977681168860202], [-0.0058793702441218175, -0.9999768738179752, 0.003418308757570876, 0.03229181575930258], [0.0, 0.0, 0.0, 1.0]]}, "Hobj2base": {"type": "ndarray", "data": [[0.9999930945479928, -0.003429092546431975, -0.0014325434154728604, -0.7363491958852157], [-0.0034259056625684896, -0.9999916646960827, 0.0022211953422954477, 0.09006366470952105], [-0.0014401481591805522, -0.0022162722453386687, -0.9999965070492067, 0.0003462161222335431], [0.0, 0.0, 0.0, 1.0]]}, "mean_rme": {"type": "float", "data": 0.0022095072171429402}, "max_rme": {"type": "float", "data": 0.006509874014023392}, "simu": {"type": "float", "data": 0.002}}, {"type": "dict", "image_number": {"type": "int", "data": 22}, "Hcamera2end": {"type": "ndarray", "data": [[0.9999797085183276, -0.006289310000364505, 0.0010134748738526841, -0.015896105768160793], [-0.0009956782532124847, 0.0028321481173764207, 0.9999954937707759, 0.029899942622420538], [-0.006292151970247971, -0.9999762114754337, 0.0028258285196997024, 0.032539011925035395], [0.0, 0.0, 0.0, 1.0]]}, "Hobj2base": {"type": "ndarray", "data": [[0.9999913200091792, -0.004022537462490053, -0.0010858630954503842, -0.7363515887252263], [-0.0040204500223550085, -0.9999900790304863, 0.0019177649019718405, 0.09016368613017971], [-0.0010935666037981487, -0.0019133825974837172, -0.9999975715366105, 0.00017860412096102542], [0.0, 0.0, 0.0, 1.0]]}, "mean_rme": {"type": "float", "data": 0.002174672587123375}, "max_rme": {"type": "float", "data": 0.006453962045629119}, "simu": {"type": "float", "data": 0.002}}, {"type": "dict", "image_number": {"type": "int", "data": 23}, "Hcamera2end": {"type": "ndarray", "data": [[0.999978811682844, -0.006357941374583222, 0.0013974143424947735, -0.01598143907271128], [-0.0013777302956355254, 0.0030993052075588556, 0.9999942480666892, 0.03002368576741608], [-0.006362235817677252, -0.9999749851314823, 0.003090480010047525, 0.03244390292285765], [0.0, 0.0, 0.0, 1.0]]}, "Hobj2base": {"type": "ndarray", "data": [[0.9999910476593924, -0.004082706397102079, -0.0011118046347987633, -0.7362554852954236], [-0.004080091532264485, -0.9999889289415995, 0.0023441090675241933, 0.09038980800496983], [-0.0011213626350302078, -0.0023395518175854243, -0.9999966345159033, 0.00014587447250498194], [0.0, 0.0, 0.0, 1.0]]}, "mean_rme": {"type": "float", "data": 0.0021351359669335595}, "max_rme": {"type": "float", "data": 0.006473699470019217}, "simu": {"type": "float", "data": 0.002}}, {"type": "dict", "image_number": {"type": "int", "data": 24}, "Hcamera2end": {"type": "ndarray", "data": [[0.9999823372325275, -0.005732027286147347, 0.0015713326071951994, -0.01587938566310168], [-0.0015486414445291816, 0.003960955531957855, 0.9999909562295801, 0.030117181631936978], [-0.005738199425591547, -0.9999757270526444, 0.003952008715504829, 0.032154835423411604], [0.0, 0.0, 0.0, 1.0]]}, "Hobj2base": {"type": "ndarray", "data": [[0.9999936187099365, -0.003323117569585315, -0.001311270004509207, -0.73623677432639], [-0.0033195254440411695, -0.9999907579905334, 0.002732157452333179, 0.09051488418525533], [-0.0013203371661721342, -0.0027277872235, -0.9999954079327718, 0.00022119138261405177], [0.0, 0.0, 0.0, 1.0]]}, "mean_rme": {"type": "float", "data": 0.002126346539566059}, "max_rme": {"type": "float", "data": 0.0066234271992888505}, "simu": {"type": "float", "data": 0.002}}, {"type": "dict", "image_number": {"type": "int", "data": 25}, "Hcamera2end": {"type": "ndarray", "data": [[0.9999773036710328, -0.006470138231228164, 0.0018786841352074974, -0.01602489892736], [-0.0018565657282399602, 0.003422848223942565, 0.9999924186081274, 0.029669985195568977], [-0.006476519629230308, -0.9999732103518096, 0.0034107583009561626, 0.03226785838900228], [0.0, 0.0, 0.0, 1.0]]}, "Hobj2base": {"type": "ndarray", "data": [[0.9999908496146, -0.004188272898502727, -0.0008712388869248598, -0.7361186336971017], [-0.004185981397698282, -0.9999878181121205, 0.0026155663054677064, 0.09042987566438353], [-0.0008821829790618505, -0.0026118953822543535, -0.999996199870631, 0.0005257692367860578], [0.0, 0.0, 0.0, 1.0]]}, "mean_rme": {"type": "float", "data": 0.002218455923420244}, "max_rme": {"type": "float", "data": 0.006499552472566034}, "simu": {"type": "float", "data": 0.002}}, {"type": "dict", "image_number": {"type": "int", "data": 26}, "Hcamera2end": {"type": "ndarray", "data": [[0.9999777497539105, -0.006471976370406459, 0.0016166381680278162, -0.01598417428213508], [-0.001598687177007529, 0.002777862254330299, 0.9999948638271128, 0.029859619685371982], [-0.006476433927362774, -0.9999751981940135, 0.0027674537805782995, 0.03258440542501065], [0.0, 0.0, 0.0, 1.0]]}, "Hobj2base": {"type": "ndarray", "data": [[0.9999905846151411, -0.004319894887931967, -0.0004113261788878984, -0.7361763102370366], [-0.00431890012595099, -0.9999878189620661, 0.002389357485069888, 0.09042970395569752], [-0.0004216429416933057, -0.0023875585116637944, -0.9999970608864719, 0.00024343654576287793], [0.0, 0.0, 0.0, 1.0]]}, "mean_rme": {"type": "float", "data": 0.002196354867765795}, "max_rme": {"type": "float", "data": 0.0064174618919038695}, "simu": {"type": "float", "data": 0.002}}, {"type": "dict", "image_number": {"type": "int", "data": 27}, "Hcamera2end": {"type": "ndarray", "data": [[0.9999874060101946, -0.0049303272434183375, 0.0009379201858459832, -0.015905777588137774], [-0.0009280188868652562, 0.0020101480382272996, 0.9999975490399013, 0.029495211045403927], [-0.004932200517804583, -0.9999858254886103, 0.002005547285643061, 0.03294539482318366], [0.0, 0.0, 0.0, 1.0]]}, "Hobj2base": {"type": "ndarray", "data": [[0.9999956215536783, -0.00295908198711284, -2.6594476675943963e-05, -0.7361416958380737], [-0.0029590271019936673, -0.9999938747220845, 0.0018694054995963788, 0.0899508127133006], [-3.212603791784863e-05, -0.0018693186207274976, -0.9999982523063788, 0.0006880384987318869], [0.0, 0.0, 0.0, 1.0]]}, "mean_rme": {"type": "float", "data": 0.0022915214782116907}, "max_rme": {"type": "float", "data": 0.0071148670941112435}, "simu": {"type": "float", "data": 0.002}}, {"type": "dict", "image_number": {"type": "int", "data": 28}, "Hcamera2end": {"type": "ndarray", "data": [[0.9999921766228942, -0.0037836189998302428, 0.0011536551783844216, -0.015912832234782], [-0.0011404967310622545, 0.0034780567812962015, 0.999993301171679, 0.029710592256136217], [-0.0037876061322325884, -0.9999867935869403, 0.0034737143660454883, 0.032428261876765084], [0.0, 0.0, 0.0, 1.0]]}, "Hobj2base": {"type": "ndarray", "data": [[0.9999978025246786, -0.0019716379789269387, -0.0007124531521089965, -0.7361340524379647], [-0.001969771976187208, -0.9999946528871921, 0.0026104013840664787, 0.09004939089075722], [-0.0007175961090506908, -0.002608992277520488, -0.9999963391008588, 0.0006767046936711762], [0.0, 0.0, 0.0, 1.0]]}, "mean_rme": {"type": "float", "data": 0.00238057396497792}, "max_rme": {"type": "float", "data": 0.009622174037241138}, "simu": {"type": "float", "data": 0.002}}, {"type": "dict", "image_number": {"type": "int", "data": 29}, "Hcamera2end": {"type": "ndarray", "data": [[0.9999916841120111, -0.0037903808983943826, 0.0015048984912456958, -0.01631943074113666], [-0.0014921480302573541, 0.003364484192675654, 0.9999932268472487, 0.029997617371268184], [-0.00379541843275095, -0.9999871565469041, 0.0033588004046105624, 0.03241284034235315], [0.0, 0.0, 0.0, 1.0]]}, "Hobj2base": {"type": "ndarray", "data": [[0.9999976772590375, -0.00210985136604052, -0.0004404585598793832, -0.7361527675619539], [-0.002108483791410318, -0.9999930259106491, 0.0030826005522549193, 0.09007625377875585], [-0.00044695931706816364, -0.003081664692438052, -0.9999951517732932, 0.00026939706850531134], [0.0, 0.0, 0.0, 1.0]]}, "mean_rme": {"type": "float", "data": 0.0023998048282145765}, "max_rme": {"type": "float", "data": 0.009764791533011463}, "simu": {"type": "float", "data": 0.002}}, {"type": "dict", "image_number": {"type": "int", "data": 30}, "Hcamera2end": {"type": "ndarray", "data": [[0.9999927919706488, -0.003626864163368447, 0.0011233267944366278, -0.016158933891791138], [-0.0011128865493253365, 0.0028793233618912284, 0.9999952354789025, 0.03037560721916081], [-0.003630081304179883, -0.9999892776191742, 0.0028752663193002403, 0.032720693380702305], [0.0, 0.0, 0.0, 1.0]]}, "Hobj2base": {"type": "ndarray", "data": [[0.9999978223416339, -0.0020817450158022565, -0.0001471382992830315, -0.7362244124535552], [-0.00208132510544274, -0.9999939179390507, 0.0027986015638598737, 0.09019541957330475], [-0.00015296337923570894, -0.0027982892268254953, -0.9999960730820938, -0.0001140610701034143], [0.0, 0.0, 0.0, 1.0]]}, "mean_rme": {"type": "float", "data": 0.0023920419400775624}, "max_rme": {"type": "float", "data": 0.0098893209712827}, "simu": {"type": "float", "data": 0.002}}]}