{"type": "list", "data": [{"type": "dict", "image_number": {"type": "int", "data": 5}, "Hcamera2end": {"type": "ndarray", "data": [[0.9997845909219141, 0.0033554084486525654, -0.020482016239708627, -0.014152244339013728], [0.020507824745838503, -0.007846782054815815, 0.9997588995030643, 0.02773717063532621], [0.003193881540531983, -0.9999635839596995, -0.007913903915143017, 0.025715420626112474], [0.0, 0.0, 0.0, 1.0]]}, "Hobj2base": {"type": "ndarray", "data": [[0.999913217690556, 0.001290253667574773, 0.013110771647468364, -0.7232651513872413], [0.001507241061550556, -0.9998618381931272, -0.016553934560786722, 0.08051778643066515], [0.013087601464788209, 0.016572259065490827, -0.9997770125969916, -0.005124164411382281], [0.0, 0.0, 0.0, 1.0]]}, "mean_rme": {"type": "float", "data": 0.0012548640200372443}, "max_rme": {"type": "float", "data": 0.004577009266211102}, "simu": {"type": "float", "data": 0.002}}, {"type": "dict", "image_number": {"type": "int", "data": 6}, "Hcamera2end": {"type": "ndarray", "data": [[0.9999865640543659, 0.0016647938393915852, 0.004909192623613963, -0.01265347460661666], [-0.004923917032243881, 0.008958936060415312, 0.9999477448875642, 0.02864464383413248], [0.0016207257025791049, -0.9999584821012011, 0.008967012995378387, 0.026589509952797255], [0.0, 0.0, 0.0, 1.0]]}, "Hobj2base": {"type": "ndarray", "data": [[0.9999912931696027, 0.0011218787294571685, -0.0040193249560364856, -0.7319686428874066], [0.0011514980678193603, -0.9999721449201888, 0.007374512588449436, 0.09407075531296787], [-0.004010939688605952, -0.007379076624739879, -0.9999647301735102, 0.002277772157330752], [0.0, 0.0, 0.0, 1.0]]}, "mean_rme": {"type": "float", "data": 0.00134082984756963}, "max_rme": {"type": "float", "data": 0.003756109919598266}, "simu": {"type": "float", "data": 0.002}}, {"type": "dict", "image_number": {"type": "int", "data": 7}, "Hcamera2end": {"type": "ndarray", "data": [[0.9999827711518787, 0.0007490153782221706, 0.005822059375565722, -0.01302549222522136], [-0.005821552339566926, -0.0006773452938571012, 0.9999828252183687, 0.02780355369814536], [0.0007529460585652069, -0.9999994900895279, -0.0006729731917503035, 0.026135590451839424], [0.0, 0.0, 0.0, 1.0]]}, "Hobj2base": {"type": "ndarray", "data": [[0.9999897951838749, 0.0006925080690671146, 0.004464298453995598, -0.7269686770318928], [0.0006615678100481017, -0.9999757798300399, 0.006928353436149507, 0.09390042480472349], [0.004468988268588173, -0.00692532929742503, -0.9999660334021239, 0.0016450817115492011], [0.0, 0.0, 0.0, 1.0]]}, "mean_rme": {"type": "float", "data": 0.0014778738659161333}, "max_rme": {"type": "float", "data": 0.0036135864828718}, "simu": {"type": "float", "data": 0.002}}, {"type": "dict", "image_number": {"type": "int", "data": 8}, "Hcamera2end": {"type": "ndarray", "data": [[0.999993234558848, 0.0005232036368752369, 0.0036410293169739736, -0.013288137107263792], [-0.0036416736309338, 0.0012358482868457532, 0.999992605418749, 0.02683020661693239], [0.0005187000081596956, -0.9999990994680777, 0.0012377452626748386, 0.026459942919111308], [0.0, 0.0, 0.0, 1.0]]}, "Hobj2base": {"type": "ndarray", "data": [[0.9999957795558453, -0.0006694928330360418, 0.0028271274898399533, -0.7278793926512358], [-0.0006842559937037116, -0.9999861195083137, 0.005224230511797772, 0.0931222787370765], [0.0028235906630345565, -0.005226142942154533, -0.9999823572272246, 0.003009856300535685], [0.0, 0.0, 0.0, 1.0]]}, "mean_rme": {"type": "float", "data": 0.0015960293270692266}, "max_rme": {"type": "float", "data": 0.0035749139793777307}, "simu": {"type": "float", "data": 0.002}}, {"type": "dict", "image_number": {"type": "int", "data": 9}, "Hcamera2end": {"type": "ndarray", "data": [[0.9999976621900997, 0.0002738448522335734, 0.002144906369094547, -0.013704026097236203], [-0.0021454258948614448, 0.001911168797970042, 0.999995872282259, 0.026282094191448353], [0.00026974444375213707, -0.9999981362196747, 0.001911751843857834, 0.02649970416617538], [0.0, 0.0, 0.0, 1.0]]}, "Hobj2base": {"type": "ndarray", "data": [[0.999997712574696, -0.00026138241573949724, 0.0021228576514572793, -0.7282242075312149], [-0.00026737153023082065, -0.9999959839369754, 0.0028214574929520055, 0.0917040879364188], [0.0021221116465517456, -0.002822018630777474, -0.9999937664070744, 0.003073288963759962], [0.0, 0.0, 0.0, 1.0]]}, "mean_rme": {"type": "float", "data": 0.0016428406484562334}, "max_rme": {"type": "float", "data": 0.003806325504847413}, "simu": {"type": "float", "data": 0.002}}, {"type": "dict", "image_number": {"type": "int", "data": 10}, "Hcamera2end": {"type": "ndarray", "data": [[0.9999992600427345, 0.00024255706569414757, 0.0011920906229301838, -0.01362771021557504], [-0.0011924444107319855, 0.0014636965852665718, 0.9999982178327287, 0.026008138347039526], [0.00024081177444277245, -0.9999988993785824, 0.001463984738010904, 0.026466022387743666], [0.0, 0.0, 0.0, 1.0]]}, "Hobj2base": {"type": "ndarray", "data": [[0.9999979731572953, 3.856931600848555e-07, 0.0020133755617072068, -0.728021943910671], [-4.38929974751348e-06, -0.9999971876707552, 0.0023716305180704325, 0.09115775018169214], [0.002013370814153903, -0.002371634548457263, -0.9999951608320576, 0.003164876048586529], [0.0, 0.0, 0.0, 1.0]]}, "mean_rme": {"type": "float", "data": 0.0015661008920408621}, "max_rme": {"type": "float", "data": 0.003949366354462164}, "simu": {"type": "float", "data": 0.002}}, {"type": "dict", "image_number": {"type": "int", "data": 11}, "Hcamera2end": {"type": "ndarray", "data": [[0.9999977138809789, 0.000965306234549847, -0.0019079876020034715, -0.013291154351675853], [0.0019075686654596454, 0.0004347281208891829, 0.9999980860947922, 0.027242041604678687], [0.0009661338429101162, -0.9999994395975101, 0.0004328857391233676, 0.026437326626836653], [0.0, 0.0, 0.0, 1.0]]}, "Hobj2base": {"type": "ndarray", "data": [[0.9999950282354906, 0.0012553985718068762, 0.002892659455629635, -0.7276436473705311], [0.001255047901707103, -0.9999992048576933, 0.00012303960674661486, 0.09027624393230482], [0.002892811619300309, -0.0001194085688425236, -0.9999958086824807, 0.0012889194626653348], [0.0, 0.0, 0.0, 1.0]]}, "mean_rme": {"type": "float", "data": 0.0019417116568053849}, "max_rme": {"type": "float", "data": 0.008412478255892392}, "simu": {"type": "float", "data": 0.002}}, {"type": "dict", "image_number": {"type": "int", "data": 12}, "Hcamera2end": {"type": "ndarray", "data": [[0.9999969486200592, -0.001607577624290495, -0.0018757517833340833, -0.014419750207780874], [0.001877848308157274, 0.0013036359197655667, 0.9999973871061465, 0.027285701742847154], [-0.0016051281264594828, -0.9999978581114914, 0.001306650728799097, 0.0285661630378808], [0.0, 0.0, 0.0, 1.0]]}, "Hobj2base": {"type": "ndarray", "data": [[0.9999981793117697, -0.0010925385254849126, 0.0015645231592836199, -0.7303360176823026], [-0.0010926147320353425, -0.9999994019512828, 4.78552397684103e-05, 0.08981544148355686], [0.001564469939929458, -4.9564573691382264e-05, -0.9999987749878296, 0.0014225084150644902], [0.0, 0.0, 0.0, 1.0]]}, "mean_rme": {"type": "float", "data": 0.0020353642679915573}, "max_rme": {"type": "float", "data": 0.008460720672071848}, "simu": {"type": "float", "data": 0.002}}, {"type": "dict", "image_number": {"type": "int", "data": 13}, "Hcamera2end": {"type": "ndarray", "data": [[0.9999940726793215, 0.0031441113521782295, -0.0014032711886557026, -0.012752383399180563], [0.0013731559167541349, 0.00956008139502662, 0.9999533585555623, 0.027545099094894106], [0.003157380093066135, -0.9999493584214781, 0.009555707374252376, 0.029418747699545784], [0.0, 0.0, 0.0, 1.0]]}, "Hobj2base": {"type": "ndarray", "data": [[0.9999817600947393, 0.0019078042678752915, -0.005730598633896928, -0.7358045724214427], [0.0019096423713807124, -0.9999981269248934, 0.00031529782237381545, 0.09119572558197855], [-0.005729986373524109, -0.0003262354653360725, -0.9999835302776636, 0.002782860344964333], [0.0, 0.0, 0.0, 1.0]]}, "mean_rme": {"type": "float", "data": 0.002356350200105815}, "max_rme": {"type": "float", "data": 0.007775770036696966}, "simu": {"type": "float", "data": 0.002}}, {"type": "dict", "image_number": {"type": "int", "data": 14}, "Hcamera2end": {"type": "ndarray", "data": [[0.9999908975649008, 0.0034925320733934207, -0.0024509196356492587, -0.012468949328204543], [0.002421939484300834, 0.008277957704453387, 0.9999628041209221, 0.027922968663014653], [0.003512690774673662, -0.9999596380034343, 0.008269423653551877, 0.029478139514681766], [0.0, 0.0, 0.0, 1.0]]}, "Hobj2base": {"type": "ndarray", "data": [[0.9999856002575879, 0.0023416638299645744, -0.004828652812021921, -0.7353083710231073], [0.002341066716173362, -0.9999972513391333, -0.00012930896742200412, 0.09107412561533355], [-0.004828942337824799, 0.00011800290702400025, -0.9999883336275541, 0.002080575937209014], [0.0, 0.0, 0.0, 1.0]]}, "mean_rme": {"type": "float", "data": 0.0023827541598092287}, "max_rme": {"type": "float", "data": 0.007290589668349584}, "simu": {"type": "float", "data": 0.002}}, {"type": "dict", "image_number": {"type": "int", "data": 15}, "Hcamera2end": {"type": "ndarray", "data": [[0.9999868846966082, 0.004448804658135095, -0.0025374341146466696, -0.012239525470149087], [0.0025112340032296975, 0.005884975446402874, 0.999979530174381, 0.027908970311625314], [0.004463646329341091, -0.9999727872302868, 0.00587372627363314, 0.02983279322337601], [0.0, 0.0, 0.0, 1.0]]}, "Hobj2base": {"type": "ndarray", "data": [[0.9999899064635145, 0.002817384297892012, -0.003499902399992987, -0.7349176202454], [0.0028175518735752236, -0.9999960297704691, 4.295042139339575e-05, 0.09125283468968871], [-0.0034997674967343017, -5.281114443618101e-05, -0.9999938744004644, 0.0018460111417386497], [0.0, 0.0, 0.0, 1.0]]}, "mean_rme": {"type": "float", "data": 0.002475928866382439}, "max_rme": {"type": "float", "data": 0.008521862038664924}, "simu": {"type": "float", "data": 0.002}}, {"type": "dict", "image_number": {"type": "int", "data": 16}, "Hcamera2end": {"type": "ndarray", "data": [[0.9999809611027237, 0.006131373225878422, -0.0006954814433473302, -0.012548615182526876], [0.0006418414280927086, 0.008746081734480993, 0.9999615463075944, 0.028017409876754478], [0.006137220189486699, -0.9999429545312368, 0.008741979849381853, 0.030239085795598534], [0.0, 0.0, 0.0, 1.0]]}, "Hobj2base": {"type": "ndarray", "data": [[0.9999745489515327, 0.003739645618290273, -0.00607589498166821, -0.7370469314667257], [0.003747345798092303, -0.9999921893448731, 0.0012564428825307067, 0.09181837706495036], [-0.006071148873827634, -0.0012791793842712115, -0.9999807522404893, 0.002238351815535805], [0.0, 0.0, 0.0, 1.0]]}, "mean_rme": {"type": "float", "data": 0.0025133106024474955}, "max_rme": {"type": "float", "data": 0.008795816738736612}, "simu": {"type": "float", "data": 0.002}}, {"type": "dict", "image_number": {"type": "int", "data": 17}, "Hcamera2end": {"type": "ndarray", "data": [[0.9999703735232154, 0.007240351188372248, 0.002613310259081767, -0.014982214753217126], [-0.0026712958753300183, 0.008010612651465854, 0.9999643464960613, 0.030251310919810953], [0.007219158828259029, -0.9999417020004804, 0.008029716445501545, 0.031484585760737295], [0.0, 0.0, 0.0, 1.0]]}, "Hobj2base": {"type": "ndarray", "data": [[0.9999679949804616, 0.005360604973509904, -0.0059391017059309895, -0.7382372621757202], [0.005386180803951356, -0.9999762546046582, 0.004298753678263292, 0.09016771454703117], [-0.005915916759265416, -0.0043306051721690286, -0.9999731235326976, 0.0008693346250038324], [0.0, 0.0, 0.0, 1.0]]}, "mean_rme": {"type": "float", "data": 0.0027535913717103766}, "max_rme": {"type": "float", "data": 0.008862627834134301}, "simu": {"type": "float", "data": 0.002}}, {"type": "dict", "image_number": {"type": "int", "data": 18}, "Hcamera2end": {"type": "ndarray", "data": [[0.9999680789407054, 0.007746827485277795, 0.00195646710898984, -0.015063270031194315], [-0.0020177327529514364, 0.007908579849559949, 0.9999666910049057, 0.0305320589337562], [0.00773109656988461, -0.9999387186366353, 0.00792395842686211, 0.03128619988184403], [0.0, 0.0, 0.0, 1.0]]}, "Hobj2base": {"type": "ndarray", "data": [[0.9999682512970036, 0.005413742988896567, -0.00584703214141165, -0.7379899968870225], [0.005435817679958497, -0.9999781339621212, 0.003766096624331345, 0.08984336142574478], [-0.005826515610789888, -0.0037977604563377344, -0.9999758140731971, 0.0003635134746598181], [0.0, 0.0, 0.0, 1.0]]}, "mean_rme": {"type": "float", "data": 0.0027366110787843735}, "max_rme": {"type": "float", "data": 0.008959291542313758}, "simu": {"type": "float", "data": 0.002}}, {"type": "dict", "image_number": {"type": "int", "data": 19}, "Hcamera2end": {"type": "ndarray", "data": [[0.9999687732247198, 0.007524636341264223, 0.0024150410722712213, -0.015131230774571361], [-0.0024767674658125512, 0.008204748514059945, 0.9999632731879413, 0.030181405272703184], [0.007504545180710396, -0.9999380290546773, 0.008223129080703995, 0.03140212212083398], [0.0, 0.0, 0.0, 1.0]]}, "Hobj2base": {"type": "ndarray", "data": [[0.9999696301736107, 0.004940455203674071, -0.00602748976214391, -0.7382287942019166], [0.004964487381391126, -0.9999797618200941, 0.003978670037569625, 0.08993469235648098], [-0.00600771133563091, -0.0040084726029169515, -0.9999739194358519, 0.0008267252601636498], [0.0, 0.0, 0.0, 1.0]]}, "mean_rme": {"type": "float", "data": 0.002694555498522296}, "max_rme": {"type": "float", "data": 0.009009284782479976}, "simu": {"type": "float", "data": 0.002}}, {"type": "dict", "image_number": {"type": "int", "data": 20}, "Hcamera2end": {"type": "ndarray", "data": [[0.9999804576268948, 0.00562082350209453, 0.0027369156845513626, -0.015200186123395042], [-0.002786822117054423, 0.0088902918054784, 0.9999565972251501, 0.030080463365585404], [0.005596247563674946, -0.9999446829974004, 0.008905782303330723, 0.03159294624602418], [0.0, 0.0, 0.0, 1.0]]}, "Hobj2base": {"type": "ndarray", "data": [[0.9999753366914782, 0.00331954697800724, -0.006189233928822036, -0.738182834570768], [0.003345229518496433, -0.9999858189707651, 0.0041438263522099025, 0.09027205932190455], [-0.006175390532869884, -0.004164428559777692, -0.9999722606585333, 0.0010798551314743332], [0.0, 0.0, 0.0, 1.0]]}, "mean_rme": {"type": "float", "data": 0.00275149032453584}, "max_rme": {"type": "float", "data": 0.009092243283268048}, "simu": {"type": "float", "data": 0.002}}, {"type": "dict", "image_number": {"type": "int", "data": 21}, "Hcamera2end": {"type": "ndarray", "data": [[0.9999833433417824, 0.0052330901170828375, 0.0024347087746776092, -0.015140189946440305], [-0.002481557864416361, 0.008964700945003012, 0.9999567370679252, 0.030047758275478637], [0.005211037282207403, -0.9999461230010309, 0.008977537838978589, 0.03162982528516089], [0.0, 0.0, 0.0, 1.0]]}, "Hobj2base": {"type": "ndarray", "data": [[0.9999740988849772, 0.003123301018378298, -0.0064843311086368, -0.7381348095670278], [0.003147107002436252, -0.999988334033064, 0.0036643574188028314, 0.09020308221522925], [-0.006472810571386635, -0.0036846693916979486, -0.9999722625827083, 0.001067016519790618], [0.0, 0.0, 0.0, 1.0]]}, "mean_rme": {"type": "float", "data": 0.002668099028551686}, "max_rme": {"type": "float", "data": 0.00923270108295618}, "simu": {"type": "float", "data": 0.002}}, {"type": "dict", "image_number": {"type": "int", "data": 22}, "Hcamera2end": {"type": "ndarray", "data": [[0.999978390015686, 0.005999917755701221, 0.0026870966788156013, -0.015213515777057852], [-0.002739761180490102, 0.008786639048194655, 0.9999576434444165, 0.030209716544961133], [0.00597605307124695, -0.9999433963785959, 0.008802887510815816, 0.03146933840794785], [0.0, 0.0, 0.0, 1.0]]}, "Hobj2base": {"type": "ndarray", "data": [[0.9999700078037647, 0.0035736031744167725, -0.006871160985642561, -0.7381666807403888], [0.0036026986053645516, -0.9999845775702874, 0.004226722646826898, 0.09023918279591991], [-0.006855950386177134, -0.0042513506002320525, -0.9999674604517772, 0.0010205133512331897], [0.0, 0.0, 0.0, 1.0]]}, "mean_rme": {"type": "float", "data": 0.0026771035403195817}, "max_rme": {"type": "float", "data": 0.008962911992754896}, "simu": {"type": "float", "data": 0.002}}, {"type": "dict", "image_number": {"type": "int", "data": 23}, "Hcamera2end": {"type": "ndarray", "data": [[0.9999777695584332, 0.0058965771863989935, 0.003112999586559255, -0.015144082109277696], [-0.003162318250405539, 0.008373172550571795, 0.9999599440601215, 0.03009590662251935], [0.005870275310769608, -0.999947558804422, 0.008391633264900222, 0.031653981969911885], [0.0, 0.0, 0.0, 1.0]]}, "Hobj2base": {"type": "ndarray", "data": [[0.9999714904467075, 0.003416693214671389, -0.006733832583841727, -0.7382044035662092], [0.003447744345000243, -0.9999834533304743, 0.004605010769886723, 0.09052383948691795], [-0.00671798725228836, -0.004628096016297884, -0.9999667241336294, 0.0012324234662251835], [0.0, 0.0, 0.0, 1.0]]}, "mean_rme": {"type": "float", "data": 0.0026676749500901373}, "max_rme": {"type": "float", "data": 0.00891669454278668}, "simu": {"type": "float", "data": 0.002}}, {"type": "dict", "image_number": {"type": "int", "data": 24}, "Hcamera2end": {"type": "ndarray", "data": [[0.9999745542028741, 0.006655758441827848, 0.00256745522401282, -0.014981491941233714], [-0.0026153262150960485, 0.007193719022950407, 0.9999707048085996, 0.0303035331667718], [0.006637093908624825, -0.9999519744898667, 0.007210942952569743, 0.03173888273892637], [0.0, 0.0, 0.0, 1.0]]}, "Hobj2base": {"type": "ndarray", "data": [[0.9999714393729202, 0.004282463897546656, -0.006227434577442804, -0.7379280743748745], [0.004308892279881601, -0.9999817419237227, 0.004236657470072649, 0.09038704754633593], [-0.006209177543805417, -0.004263369813252793, -0.9999716344937319, 0.0007882339840359076], [0.0, 0.0, 0.0, 1.0]]}, "mean_rme": {"type": "float", "data": 0.002762225846759333}, "max_rme": {"type": "float", "data": 0.008863663698143481}, "simu": {"type": "float", "data": 0.002}}, {"type": "dict", "image_number": {"type": "int", "data": 25}, "Hcamera2end": {"type": "ndarray", "data": [[0.999990509367119, 0.0036755638030831605, 0.002339103764125566, -0.016569099653428017], [-0.002352986644770607, 0.0037773012852418963, 0.9999900976753969, 0.030231000701078727], [0.0036666919068027376, -0.9999861110164129, 0.0037859139888027915, 0.03321764978884038], [0.0, 0.0, 0.0, 1.0]]}, "Hobj2base": {"type": "ndarray", "data": [[0.9999921935839757, 0.0026680175805756504, -0.0029145245406633708, -0.7372703670959124], [0.0026790606051479995, -0.9999892229449558, 0.0037916524389673503, 0.08914550689891047], [-0.00290437693530537, -0.0037994310276306203, -0.9999885643938555, 0.00032289324168417456], [0.0, 0.0, 0.0, 1.0]]}, "mean_rme": {"type": "float", "data": 0.0028295533351420524}, "max_rme": {"type": "float", "data": 0.008726412148826468}, "simu": {"type": "float", "data": 0.002}}, {"type": "dict", "image_number": {"type": "int", "data": 26}, "Hcamera2end": {"type": "ndarray", "data": [[0.9999944072387693, 0.0029222754565772515, 0.0016265907101608722, -0.01631391848295705], [-0.0016375888253685731, 0.003765102595730596, 0.9999915711171184, 0.029926451651116064], [0.0029161265441546617, -0.9999886420897989, 0.0037698670240431387, 0.03342719066431047], [0.0, 0.0, 0.0, 1.0]]}, "Hobj2base": {"type": "ndarray", "data": [[0.9999943656655038, 0.002132025800251271, -0.0025928947594683863, -0.7371667075661837], [0.0021398839420375556, -0.9999931149566572, 0.003031655652706414, 0.08901138681632913], [-0.0025864133392065358, -0.003037187065203569, -0.9999920429487277, 0.0004104721600988694], [0.0, 0.0, 0.0, 1.0]]}, "mean_rme": {"type": "float", "data": 0.0028471392641762233}, "max_rme": {"type": "float", "data": 0.008631033019344203}, "simu": {"type": "float", "data": 0.002}}, {"type": "dict", "image_number": {"type": "int", "data": 27}, "Hcamera2end": {"type": "ndarray", "data": [[0.999993380186385, 0.002901362926404765, 0.0021958316368411303, -0.01645295419136718], [-0.002206647878207031, 0.003730059249291817, 0.9999906086374704, 0.029912835276412073], [0.0028931450965468063, -0.9999888343132468, 0.0037364368433402406, 0.033468262872699404], [0.0, 0.0, 0.0, 1.0]]}, "Hobj2base": {"type": "ndarray", "data": [[0.9999946064252064, 0.0021233782892215204, -0.002505670596322756, -0.7372330114993568], [0.002131883347536126, -0.9999919592311659, 0.003396549190775174, 0.08916806698334404], [-0.002498438289994754, -0.003401872668651785, -0.9999910924945563, 0.0005449695811280202], [0.0, 0.0, 0.0, 1.0]]}, "mean_rme": {"type": "float", "data": 0.002805702578813484}, "max_rme": {"type": "float", "data": 0.008584558325525626}, "simu": {"type": "float", "data": 0.002}}, {"type": "dict", "image_number": {"type": "int", "data": 28}, "Hcamera2end": {"type": "ndarray", "data": [[0.9999874032456464, 0.0031947362284284212, 0.003871306040583459, -0.01714827213824159], [-0.0038802978902388353, 0.0028132007234935585, 0.999988514529028, 0.02995139148435588], [0.0031838087744239726, -0.9999909397400158, 0.002825561814542077, 0.03306765564049783], [0.0, 0.0, 0.0, 1.0]]}, "Hobj2base": {"type": "ndarray", "data": [[0.9999951789284781, 0.0025683733617872053, -0.0017451584671606029, -0.7363073987801265], [0.0025765955756389823, -0.9999855146221919, 0.00472564292235281, 0.08926800529235539], [-0.001732995972481782, -0.00473011670727557, -0.9999873112799456, 0.0002677849566379366], [0.0, 0.0, 0.0, 1.0]]}, "mean_rme": {"type": "float", "data": 0.0028207263722540457}, "max_rme": {"type": "float", "data": 0.008496571365411265}, "simu": {"type": "float", "data": 0.002}}, {"type": "dict", "image_number": {"type": "int", "data": 29}, "Hcamera2end": {"type": "ndarray", "data": [[0.9999835296694962, 0.00336456863192312, 0.004649738450366395, -0.017342714206283284], [-0.004660582930346343, 0.0032225113453546728, 0.9999839470648408, 0.03010938725701845], [0.0033495307858117953, -0.9999891474903866, 0.0032381391206617316, 0.032826630630028254], [0.0, 0.0, 0.0, 1.0]]}, "Hobj2base": {"type": "ndarray", "data": [[0.9999936623903755, 0.002616037656898593, -0.0024148552878837785, -0.7364301964006026], [0.0026289437755316896, -0.9999821962140583, 0.005356856310638851, 0.08950765270715368], [-0.002400798556485928, -0.005363170879752631, -0.9999827361331819, 0.0004224529570588023], [0.0, 0.0, 0.0, 1.0]]}, "mean_rme": {"type": "float", "data": 0.0028254881909884517}, "max_rme": {"type": "float", "data": 0.008598885823940416}, "simu": {"type": "float", "data": 0.002}}, {"type": "dict", "image_number": {"type": "int", "data": 30}, "Hcamera2end": {"type": "ndarray", "data": [[0.9999834058827312, 0.0029467300162545167, 0.004950226397265302, -0.01743655684423287], [-0.004960780441895287, 0.0035851434757832035, 0.9999812685263986, 0.030036700964775523], [0.0029289275477872015, -0.9999892317062565, 0.0035997020641241884, 0.03279514939975802], [0.0, 0.0, 0.0, 1.0]]}, "Hobj2base": {"type": "ndarray", "data": [[0.9999940821711089, 0.0021650629636766855, -0.002673597786666559, -0.7364336677257697], [0.0021801860247678815, -0.9999815683528934, 0.005666545983623671, 0.08960642777349669], [-0.0026612800790145365, -0.005672341390504477, -0.9999803708730939, 0.000632554119637907], [0.0, 0.0, 0.0, 1.0]]}, "mean_rme": {"type": "float", "data": 0.002826608214394854}, "max_rme": {"type": "float", "data": 0.008406412514217615}, "simu": {"type": "float", "data": 0.002}}]}