{"type": "list", "data": [{"type": "dict", "image_number": {"type": "int", "data": 5}, "Hcamera2end": {"type": "ndarray", "data": [[0.9999608367551511, 0.008473854714350644, 0.002553182762387911, -0.014204884736518344], [-0.0025602196746380163, 0.0008196825897696103, 0.9999963866913069, 0.027902334732233445], [0.00847173129623891, -0.999963760296708, 0.0008413454178993751, 0.030891185240822617], [0.0, 0.0, 0.0, 1.0]]}, "Hobj2base": {"type": "ndarray", "data": [[0.9999797022059083, 0.006286877292383716, -0.0010345772535830544, -0.7319481423997779], [0.006294042342621755, -0.9999551669754823, 0.007074536735659705, 0.09387591423474176], [-0.0009900541259981258, -0.007080904811210515, -0.9999744399632831, 0.0007976272482392632], [0.0, 0.0, 0.0, 1.0]]}, "mean_rme": {"type": "float", "data": 0.0007969079109936097}, "max_rme": {"type": "float", "data": 0.0024805326425871074}, "simu": {"type": "float", "data": 0.002}}, {"type": "dict", "image_number": {"type": "int", "data": 6}, "Hcamera2end": {"type": "ndarray", "data": [[0.999872480490218, 0.005594743425919477, 0.014957326109190814, -0.01496479036968381], [-0.014752050370481055, -0.03508957037204974, 0.9992752869259662, 0.025823348015221605], [0.006115534989298994, -0.9993685110594106, -0.035002561830408396, 0.02885021307811906], [0.0, 0.0, 0.0, 1.0]]}, "Hobj2base": {"type": "ndarray", "data": [[0.9994943817465397, 0.008076653102042754, 0.030753024758088415, -0.7135668500689268], [0.007525402338583278, -0.9998096869998465, 0.017998836098808913, 0.09838392259433248], [0.030892542413093506, -0.017758306674303285, -0.999364945036255, -0.0032181660771117837], [0.0, 0.0, 0.0, 1.0]]}, "mean_rme": {"type": "float", "data": 0.0014657886457411001}, "max_rme": {"type": "float", "data": 0.004825736978823908}, "simu": {"type": "float", "data": 0.002}}, {"type": "dict", "image_number": {"type": "int", "data": 7}, "Hcamera2end": {"type": "ndarray", "data": [[0.9999688186281924, 0.005472723199329177, 0.005693072291898926, -0.015452301773876935], [-0.005510266017234141, -0.032857079334179584, 0.9994448705686805, 0.026010965688856653], [0.00565674285756191, -0.9994450768493537, -0.03282589864470542, 0.028903099973425966], [0.0, 0.0, 0.0, 1.0]]}, "Hobj2base": {"type": "ndarray", "data": [[0.9995616189424807, 0.009372103939056825, 0.028084401450670513, -0.7147339716051233], [0.009110533596367165, -0.999914058839334, 0.00942725373787433, 0.09318350135694883], [0.02817034104650445, -0.00916725712546102, -0.9995611003245972, -0.0028489742920944083], [0.0, 0.0, 0.0, 1.0]]}, "mean_rme": {"type": "float", "data": 0.0015614054599135073}, "max_rme": {"type": "float", "data": 0.0048720809633600315}, "simu": {"type": "float", "data": 0.002}}, {"type": "dict", "image_number": {"type": "int", "data": 8}, "Hcamera2end": {"type": "ndarray", "data": [[0.9999766060837155, 0.0065180726996663715, 0.002074129594685906, -0.01450810840524036], [-0.0019685653454815325, -0.01616051664129059, 0.9998674724444071, 0.026083861322001977], [0.006550727881255422, -0.9998481646881033, -0.016147307331481286, 0.033347324187544714], [0.0, 0.0, 0.0, 1.0]]}, "Hobj2base": {"type": "ndarray", "data": [[0.9998936188077324, 0.007001487099508308, 0.01279571201506745, -0.7277604789966845], [0.006918445369237484, -0.9999547944279479, 0.006522592600553618, 0.09317536849759656], [0.012840801425534122, -0.006433372284839355, -0.9998968574507043, 0.00034603132788302293], [0.0, 0.0, 0.0, 1.0]]}, "mean_rme": {"type": "float", "data": 0.0016010577884567284}, "max_rme": {"type": "float", "data": 0.006175739480518666}, "simu": {"type": "float", "data": 0.002}}, {"type": "dict", "image_number": {"type": "int", "data": 9}, "Hcamera2end": {"type": "ndarray", "data": [[0.9999853646447646, 0.005361779560816698, -0.0007223684783085179, -0.014732880235207673], [0.000803662530606021, -0.015175130335797427, 0.9998845281060349, 0.026125453569030805], [0.005350198390166985, -0.999870474981251, -0.01517921730370464, 0.03396607448152041], [0.0, 0.0, 0.0, 1.0]]}, "Hobj2base": {"type": "ndarray", "data": [[0.9999092388480325, 0.005710210523682717, 0.012202768625333657, -0.7289716741946124], [0.005665345262222973, -0.9999770768263618, 0.003708056750396231, 0.09184462910244938], [0.012223662683828117, -0.003638587305476467, -0.9999186680690646, 0.0007262129984093343], [0.0, 0.0, 0.0, 1.0]]}, "mean_rme": {"type": "float", "data": 0.0016524203039324124}, "max_rme": {"type": "float", "data": 0.006100908780050901}, "simu": {"type": "float", "data": 0.002}}, {"type": "dict", "image_number": {"type": "int", "data": 10}, "Hcamera2end": {"type": "ndarray", "data": [[0.9999966967602012, 0.0018268249441254446, 0.0018080871964095467, -0.014695666619196045], [-0.0017939848468333066, -0.007691966430002584, 0.9999688071489075, 0.028869374300089245], [0.0018406757062642907, -0.9999687476931782, -0.007688663725325506, 0.03315046670368747], [0.0, 0.0, 0.0, 1.0]]}, "Hobj2base": {"type": "ndarray", "data": [[0.9999807066678059, 0.00014764231144058558, 0.006210031715171676, -0.7312034743289596], [0.00011725365810870306, -0.9999880196019499, 0.004893557412558106, 0.0930672978207229], [0.006210679812647381, -0.0048927348505937605, -0.9999687438124987, -0.0009971797213675915], [0.0, 0.0, 0.0, 1.0]]}, "mean_rme": {"type": "float", "data": 0.001889460253210092}, "max_rme": {"type": "float", "data": 0.0075289209249188305}, "simu": {"type": "float", "data": 0.002}}, {"type": "dict", "image_number": {"type": "int", "data": 11}, "Hcamera2end": {"type": "ndarray", "data": [[0.9999972714697308, 0.0010167715408929395, 0.002103147338429441, -0.015067180424958117], [-0.0020998370161106764, -0.003245897092732708, 0.9999925273903645, 0.028801296248718362], [0.0010235905427875228, -0.9999942151471162, -0.0032437531816857934, 0.03219555392035442], [0.0, 0.0, 0.0, 1.0]]}, "Hobj2base": {"type": "ndarray", "data": [[0.9999972029211562, -0.0002279522642379615, 0.002354185130582815, -0.7321484592448683], [-0.00023870194290693126, -0.9999895430389834, 0.004566928296796469, 0.09272908067989104], [0.0023531194713148113, -0.004567477471302582, -0.9999868004020369, -0.00023681344512485855], [0.0, 0.0, 0.0, 1.0]]}, "mean_rme": {"type": "float", "data": 0.0018914526740641238}, "max_rme": {"type": "float", "data": 0.008789119370512827}, "simu": {"type": "float", "data": 0.002}}, {"type": "dict", "image_number": {"type": "int", "data": 12}, "Hcamera2end": {"type": "ndarray", "data": [[0.9999943938782265, 0.0005490882166900952, 0.0033031370314793736, -0.01627695949342542], [-0.0033020250419087465, -0.0020138751523766096, 0.9999925204407748, 0.030448246373861114], [0.0005557362153448494, -0.9999978214021273, -0.0020120507593055503, 0.03270446817429931], [0.0, 0.0, 0.0, 1.0]]}, "Hobj2base": {"type": "ndarray", "data": [[0.9999973384206491, -0.0012428063298762974, 0.0019438580308979371, -0.7329789785501108], [-0.0012528690825641092, -0.9999857777743206, 0.005184068686732444, 0.09174652136078815], [0.0019373875915319485, -0.005186490288550081, -0.9999846733064495, -0.0013505993463248285], [0.0, 0.0, 0.0, 1.0]]}, "mean_rme": {"type": "float", "data": 0.0020180399109177944}, "max_rme": {"type": "float", "data": 0.009186187217602365}, "simu": {"type": "float", "data": 0.002}}, {"type": "dict", "image_number": {"type": "int", "data": 13}, "Hcamera2end": {"type": "ndarray", "data": [[0.9999957344377367, 0.00032440836771183926, 0.002902734149489473, -0.01602663587261538], [-0.0029020495840416786, -0.002091112938084283, 0.999993602656983, 0.030549262983425814], [0.0003304762372960497, -0.999997761000439, -0.0020901625691434056, 0.032877453488225926], [0.0, 0.0, 0.0, 1.0]]}, "Hobj2base": {"type": "ndarray", "data": [[0.9999963706134564, -0.0014101515670503007, 0.002295698689477917, -0.7331085778882112], [-0.0014222572107810297, -0.999985048644713, 0.005280120401772047, 0.0916536256326776], [0.0022882185956124056, -0.005283366312189003, -0.999983424910668, -0.0014141333459932054], [0.0, 0.0, 0.0, 1.0]]}, "mean_rme": {"type": "float", "data": 0.001931776719515975}, "max_rme": {"type": "float", "data": 0.009169278041760959}, "simu": {"type": "float", "data": 0.002}}, {"type": "dict", "image_number": {"type": "int", "data": 14}, "Hcamera2end": {"type": "ndarray", "data": [[0.9999941280991326, 0.0015891656851764022, 0.0030361685856814496, -0.016768862258333912], [-0.003029463801062039, -0.004204598046962049, 0.9999865717620119, 0.0304891472269088], [0.0016019102139869829, -0.999989897902818, -0.004199759038062023, 0.03348393486459326], [0.0, 0.0, 0.0, 1.0]]}, "Hobj2base": {"type": "ndarray", "data": [[0.9999917067391972, 8.211571082987143e-05, 0.004071818983876135, -0.7328690458236794], [5.828890957929045e-05, -0.9999828786603044, 0.005851409116927327, 0.09074905762731], [0.004072229761499126, -0.005851123247776882, -0.9999745903279287, -0.0014170436298684102], [0.0, 0.0, 0.0, 1.0]]}, "mean_rme": {"type": "float", "data": 0.0019908806361059405}, "max_rme": {"type": "float", "data": 0.00866609440124319}, "simu": {"type": "float", "data": 0.002}}, {"type": "dict", "image_number": {"type": "int", "data": 15}, "Hcamera2end": {"type": "ndarray", "data": [[0.9999928945520021, 0.0007466184659635684, 0.00369505160650019, -0.01697470141560955], [-0.0036928338778646616, -0.002950224847170446, 0.9999888295132612, 0.031447386342230474], [0.0007575113589329684, -0.9999953693563876, -0.002947446746536242, 0.03356905941467207], [0.0, 0.0, 0.0, 1.0]]}, "Hobj2base": {"type": "ndarray", "data": [[0.9999946847490877, -0.0006249372748179836, 0.0031999885898474517, -0.7334156373749294], [-0.0006447786284052837, -0.9999805522689116, 0.006203172130723568, 0.09071419804547266], [0.003196049763843268, -0.006205202443561116, -0.9999756400675677, -0.002126280745858559], [0.0, 0.0, 0.0, 1.0]]}, "mean_rme": {"type": "float", "data": 0.002044534204345055}, "max_rme": {"type": "float", "data": 0.009048988068128788}, "simu": {"type": "float", "data": 0.002}}, {"type": "dict", "image_number": {"type": "int", "data": 16}, "Hcamera2end": {"type": "ndarray", "data": [[0.9999938601169244, 0.0010792650292681069, 0.003333903935280885, -0.016939100061781173], [-0.003330326193457411, -0.003299975645248532, 0.9999890094836973, 0.030922561995278347], [0.0010902549693782328, -0.9999939726557042, -0.0032963610791871822, 0.03344198204068521], [0.0, 0.0, 0.0, 1.0]]}, "Hobj2base": {"type": "ndarray", "data": [[0.9999940863781329, -0.00042143909514663755, 0.0034131507221940656, -0.7331356688555836], [-0.00044118358079828354, -0.9999831628209568, 0.005786141343204638, 0.0906955722928966], [0.003410654748192185, -0.005787612952210086, -0.9999774352306674, -0.0016805852419385647], [0.0, 0.0, 0.0, 1.0]]}, "mean_rme": {"type": "float", "data": 0.002008076232976886}, "max_rme": {"type": "float", "data": 0.008956307651276058}, "simu": {"type": "float", "data": 0.002}}, {"type": "dict", "image_number": {"type": "int", "data": 17}, "Hcamera2end": {"type": "ndarray", "data": [[0.9999907190571878, 0.0007369658927279732, 0.00424484166504677, -0.017155995885853655], [-0.004242920898811368, -0.0025886048970493736, 0.9999876482971845, 0.03080338943584913], [0.0007479450078656208, -0.9999963779964206, -0.0025854539843674917, 0.03366674448826789], [0.0, 0.0, 0.0, 1.0]]}, "Hobj2base": {"type": "ndarray", "data": [[0.9999968305859834, -0.0004028701912165686, 0.0024852592615058483, -0.7338125227522501], [-0.00041978669308035305, -0.9999767237519315, 0.006809973089974894, 0.09058226598778867], [0.0024824578788338247, -0.0068109947851175655, -0.9999737235312325, -0.0013728455119494224], [0.0, 0.0, 0.0, 1.0]]}, "mean_rme": {"type": "float", "data": 0.0020623513137455873}, "max_rme": {"type": "float", "data": 0.009053677121843101}, "simu": {"type": "float", "data": 0.002}}, {"type": "dict", "image_number": {"type": "int", "data": 18}, "Hcamera2end": {"type": "ndarray", "data": [[0.9999908888112311, 0.0004992320988443744, 0.004239464805320523, -0.01666153430436655], [-0.004238249130752373, -0.0024114771649446087, 0.9999881109404196, 0.030902091632761673], [0.0005094495360138231, -0.9999969677680001, -0.002409339323512061, 0.033608691435628175], [0.0, 0.0, 0.0, 1.0]]}, "Hobj2base": {"type": "ndarray", "data": [[0.9999965426924358, -0.00026456984066600863, 0.002616219787192463, -0.7339313937401402], [-0.0002823131278758961, -0.9999769486212338, 0.006783990379198495, 0.09101502198002107], [0.0026143646404655075, -0.006784705518048574, -0.9999735660849045, -0.0016332228209965938], [0.0, 0.0, 0.0, 1.0]]}, "mean_rme": {"type": "float", "data": 0.00202248517353301}, "max_rme": {"type": "float", "data": 0.009059005472776743}, "simu": {"type": "float", "data": 0.002}}, {"type": "dict", "image_number": {"type": "int", "data": 19}, "Hcamera2end": {"type": "ndarray", "data": [[0.9999893485556125, 0.0011391991176675908, 0.004472695014413117, -0.016969371429984965], [-0.004469665121649937, -0.002648471647304973, 0.9999865037547425, 0.030956516879669254], [0.0011510295486896172, -0.9999958439030153, -0.002643351598693666, 0.03339931714744739], [0.0, 0.0, 0.0, 1.0]]}, "Hobj2base": {"type": "ndarray", "data": [[0.9999961005369022, 0.0005456470490437614, 0.002738828269093306, -0.7335651146897071], [0.0005267373830732017, -0.999976054125568, 0.006900269790950807, 0.09101458587795723], [0.002742527797304522, -0.006898800240368243, -0.9999724421685452, -0.0017698752748362499], [0.0, 0.0, 0.0, 1.0]]}, "mean_rme": {"type": "float", "data": 0.00205025301896077}, "max_rme": {"type": "float", "data": 0.009131463054436212}, "simu": {"type": "float", "data": 0.002}}, {"type": "dict", "image_number": {"type": "int", "data": 20}, "Hcamera2end": {"type": "ndarray", "data": [[0.9999926419416211, -7.503819732092797e-05, 0.0038354180848711675, -0.016539883933226886], [-0.0038356200556312926, -0.0029074922217202648, 0.999988417186804, 0.030969607355022345], [-6.38858799186983e-05, -0.9999957704201802, -0.0029077586462373795, 0.033514325346229584], [0.0, 0.0, 0.0, 1.0]]}, "Hobj2base": {"type": "ndarray", "data": [[0.9999957973795596, -0.00034593192523615896, 0.00287846388233668, -0.7336120558207677], [-0.00036477203935005037, -0.9999785000073813, 0.006547248608866667, 0.09116793013618038], [0.002876137093068192, -0.00654827107640639, -0.999974423663591, -0.0017523147338566025], [0.0, 0.0, 0.0, 1.0]]}, "mean_rme": {"type": "float", "data": 0.002083864032583769}, "max_rme": {"type": "float", "data": 0.008985420216551548}, "simu": {"type": "float", "data": 0.002}}, {"type": "dict", "image_number": {"type": "int", "data": 21}, "Hcamera2end": {"type": "ndarray", "data": [[0.9999916203095954, -0.0008695759466108709, 0.00400039351351557, -0.01644229167229294], [-0.004002665426612147, -0.0026268203629313813, 0.9999885391764565, 0.030877187147507], [-0.000859057665413348, -0.9999961718188994, -0.0026302789725674014, 0.033680929151380885], [0.0, 0.0, 0.0, 1.0]]}, "Hobj2base": {"type": "ndarray", "data": [[0.9999965540758068, -0.0010918749474248487, 0.002387393057553316, -0.7339823887505289], [-0.0011064524487320515, -0.9999807017075486, 0.006113262259777949, 0.09121500199981966], [0.002380672067035406, -0.006115882730834243, -0.9999784639575651, -0.0016024652820060218], [0.0, 0.0, 0.0, 1.0]]}, "mean_rme": {"type": "float", "data": 0.0021389297321115818}, "max_rme": {"type": "float", "data": 0.008928543372339087}, "simu": {"type": "float", "data": 0.002}}, {"type": "dict", "image_number": {"type": "int", "data": 22}, "Hcamera2end": {"type": "ndarray", "data": [[0.9999906035837092, -0.0011504781652247817, 0.004179610541703936, -0.01645130568187713], [-0.0041822069741804056, -0.0022637516316477146, 0.9999886922227548, 0.03133458540679378], [-0.0011410035556905288, -0.9999967759090733, -0.0022685418983012795, 0.03373278406499455], [0.0, 0.0, 0.0, 1.0]]}, "Hobj2base": {"type": "ndarray", "data": [[0.9999971388720534, -0.0012760820423692802, 0.0020233295155036675, -0.7341661972107446], [-0.0012885796922316136, -0.9999800267000414, 0.006187549059329755, 0.09122340859965207], [0.0020153932826954494, -0.006190138577284591, -0.9999788099626463, -0.0019736845241067487], [0.0, 0.0, 0.0, 1.0]]}, "mean_rme": {"type": "float", "data": 0.0021296406159402883}, "max_rme": {"type": "float", "data": 0.009048404485219291}, "simu": {"type": "float", "data": 0.002}}, {"type": "dict", "image_number": {"type": "int", "data": 23}, "Hcamera2end": {"type": "ndarray", "data": [[0.9999894918019333, -0.0006872419612016791, 0.004532547208579317, -0.016753379978857785], [-0.004534469360751793, -0.002821632871893298, 0.9999857383860795, 0.03170503488400311], [-0.0006744429758250227, -0.99999578303432, -0.0028247194992327973, 0.03400795498433653], [0.0, 0.0, 0.0, 1.0]]}, "Hobj2base": {"type": "ndarray", "data": [[0.9999966569299525, -0.0009125531907165157, 0.0024193750417936624, -0.734268183215186], [-0.0009277741486987978, -0.9999797392975773, 0.006297636816845133, 0.09093773355743089], [0.002413579094984708, -0.006299860397023903, -0.9999772429385225, -0.002345444359377297], [0.0, 0.0, 0.0, 1.0]]}, "mean_rme": {"type": "float", "data": 0.002151733555514046}, "max_rme": {"type": "float", "data": 0.008842248609865017}, "simu": {"type": "float", "data": 0.002}}, {"type": "dict", "image_number": {"type": "int", "data": 24}, "Hcamera2end": {"type": "ndarray", "data": [[0.9999895425709471, -0.0015815088056810916, 0.0042911045950449755, -0.01688792384968674], [-0.004293202865154696, -0.0013257539076003688, 0.9999899053419167, 0.031386985282957504], [-0.001575803892205641, -0.9999978706009701, -0.0013325297817585735, 0.033535374003356044], [0.0, 0.0, 0.0, 1.0]]}, "Hobj2base": {"type": "ndarray", "data": [[0.9999978668826337, -0.0017317772590855697, 0.0011256898806531008, -0.734257793300438], [-0.0017384903403117134, -0.9999805476414745, 0.005990157760346778, 0.09094841622421544], [0.0011152943643422501, -0.005992101983620934, -0.9999814252436388, -0.0017532673972010804], [0.0, 0.0, 0.0, 1.0]]}, "mean_rme": {"type": "float", "data": 0.002238263499516414}, "max_rme": {"type": "float", "data": 0.009381298347197559}, "simu": {"type": "float", "data": 0.002}}, {"type": "dict", "image_number": {"type": "int", "data": 25}, "Hcamera2end": {"type": "ndarray", "data": [[0.9999901160840058, -0.001960159915888434, 0.003990677561607273, -0.016948217066457143], [-0.003992492353796846, -0.0009228000724574859, 0.9999916041871707, 0.031838132818810407], [-0.0019564608612096584, -0.9999976531038112, -0.0009306168750555788, 0.03332338689634011], [0.0, 0.0, 0.0, 1.0]]}, "Hobj2base": {"type": "ndarray", "data": [[0.999997653262664, -0.0019259488532031037, 0.0009920635966473323, -0.7340499963597206], [-0.001931794615325132, -0.9999805771457073, 0.0059256645957940935, 0.09093202475605221], [0.0009806318010079098, -0.005927567152929809, -0.9999819509915755, -0.0021927421712931404], [0.0, 0.0, 0.0, 1.0]]}, "mean_rme": {"type": "float", "data": 0.0022745085227473707}, "max_rme": {"type": "float", "data": 0.009666009654448776}, "simu": {"type": "float", "data": 0.002}}, {"type": "dict", "image_number": {"type": "int", "data": 26}, "Hcamera2end": {"type": "ndarray", "data": [[0.999991229828672, -0.0019666850974217284, 0.0036976229482968, -0.016974777274606105], [-0.003699226718111301, -0.0008124570047538526, 0.9999928277919312, 0.032245749086155205], [-0.001963666832281721, -0.9999977360291086, -0.0008197250934254274, 0.03313344285794164], [0.0, 0.0, 0.0, 1.0]]}, "Hobj2base": {"type": "ndarray", "data": [[0.9999981991653453, -0.0016718099997762564, 0.0008981744769471099, -0.7339164124951689], [-0.0016769689719513385, -0.9999819234574898, 0.005774126195836412, 0.09085387250780623], [0.0008885049991438267, -0.0057756220083190965, -0.9999829262288846, -0.0026333252861564047], [0.0, 0.0, 0.0, 1.0]]}, "mean_rme": {"type": "float", "data": 0.002252888932678623}, "max_rme": {"type": "float", "data": 0.00973648259947249}, "simu": {"type": "float", "data": 0.002}}, {"type": "dict", "image_number": {"type": "int", "data": 27}, "Hcamera2end": {"type": "ndarray", "data": [[0.999992128977308, -0.0015337724720651071, 0.003659170047276492, -0.017084005442116322], [-0.0036614106258090018, -0.0014605751105982723, 0.9999922303661039, 0.03197939365633834], [-0.0015284160625180202, -0.9999977571286597, -0.001466179385205102, 0.0332249170316362], [0.0, 0.0, 0.0, 1.0]]}, "Hobj2base": {"type": "ndarray", "data": [[0.9999982834892334, -0.0012937328555300846, 0.001326376223129816, -0.7337675779808357], [-0.001301526315118804, -0.9999817960481758, 0.005891824973250475, 0.09072242921444189], [0.0013187296302940225, -0.005893541173427625, -0.9999817633960129, -0.002428897981743119], [0.0, 0.0, 0.0, 1.0]]}, "mean_rme": {"type": "float", "data": 0.002253066333348026}, "max_rme": {"type": "float", "data": 0.009543277439042513}, "simu": {"type": "float", "data": 0.002}}, {"type": "dict", "image_number": {"type": "int", "data": 28}, "Hcamera2end": {"type": "ndarray", "data": [[0.9999912424166773, -0.0016817576868217814, 0.0038323336275748305, -0.017060814534228096], [-0.003833996431139324, -0.0009866219977439084, 0.9999921634934945, 0.03145815448316089], [-0.001677963443057069, -0.9999980991322517, -0.0009930612102890812, 0.03330306042962926], [0.0, 0.0, 0.0, 1.0]]}, "Hobj2base": {"type": "ndarray", "data": [[0.9999988540031782, -0.0011729938186021173, 0.0009571195493082014, -0.7341070425789912], [-0.001178482868716019, -0.9999827471469989, 0.005754701249373221, 0.09061724331010554], [0.0009503528072718959, -0.0057558226034960525, -0.9999829835230691, -0.0018192860864326144], [0.0, 0.0, 0.0, 1.0]]}, "mean_rme": {"type": "float", "data": 0.0022425848265758474}, "max_rme": {"type": "float", "data": 0.009661839292842339}, "simu": {"type": "float", "data": 0.002}}, {"type": "dict", "image_number": {"type": "int", "data": 29}, "Hcamera2end": {"type": "ndarray", "data": [[0.9999917156424666, -0.0017580538178212615, 0.003671225028504938, -0.01705386381756384], [-0.0036713538095548936, -7.003042343889376e-05, 0.9999932581057458, 0.03171152458491467], [-0.0017577848677650415, -0.9999984521700587, -7.648428086337589e-05, 0.032988882622453045], [0.0, 0.0, 0.0, 1.0]]}, "Hobj2base": {"type": "ndarray", "data": [[0.9999994700467132, -0.000993001018524487, 0.00027176326101016444, -0.7342159293072565], [-0.0009945273767257004, -0.9999834013138662, 0.005675210308653114, 0.09056898965551251], [0.0002661232604802591, -0.005675477577059821, -0.9999838589360741, -0.001915620042387005], [0.0, 0.0, 0.0, 1.0]]}, "mean_rme": {"type": "float", "data": 0.0022332079559387397}, "max_rme": {"type": "float", "data": 0.00992933222403683}, "simu": {"type": "float", "data": 0.002}}, {"type": "dict", "image_number": {"type": "int", "data": 30}, "Hcamera2end": {"type": "ndarray", "data": [[0.9999938151758955, -0.0016000693441245019, 0.003131994261007441, -0.017135384793139113], [-0.003131747531862033, 0.00015668128323875763, 0.9999950837921014, 0.031700774462341624], [-0.0016005522027308645, -0.9999987076136996, 0.00015166930097321174, 0.03287869150978864], [0.0, 0.0, 0.0, 1.0]]}, "Hobj2base": {"type": "ndarray", "data": [[0.9999995177922272, -0.0009527105397237243, 0.00023823925066600806, -0.7342384676804212], [-0.0009539459791420455, -0.9999858134215756, 0.005240509770967964, 0.09014762528690774], [0.00023324318197386824, -0.0052407345113286655, -0.9999862400550321, -0.0020697406958026464], [0.0, 0.0, 0.0, 1.0]]}, "mean_rme": {"type": "float", "data": 0.002203632604606142}, "max_rme": {"type": "float", "data": 0.009948020277861708}, "simu": {"type": "float", "data": 0.002}}]}