{"type": "list", "data": [{"type": "dict", "image_number": {"type": "int", "data": 5}, "Hcamera2end": {"type": "ndarray", "data": [[0.9999610126347713, -0.002566820539358646, 0.008448943292596984, -0.015664370478881667], [-0.008412904333776481, 0.013740837629179659, 0.9998701977866522, 0.029571797300280752], [-0.0026825829182930915, -0.9999022956337118, 0.013718707494484894, 0.03501001688537184], [0.0, 0.0, 0.0, 1.0]]}, "Hobj2base": {"type": "ndarray", "data": [[0.9999543177033717, -0.004309214946986425, -0.008531891520929077, -0.7419593323212055], [-0.004240530078822633, -0.9999585894707941, 0.008052157985925379, 0.09552694603679432], [-0.008566236690334517, -0.008015610402232016, -0.9999311824214927, -0.0005388961838077355], [0.0, 0.0, 0.0, 1.0]]}, "mean_rme": {"type": "float", "data": 0.001216006315516236}, "max_rme": {"type": "float", "data": 0.003636397899070297}, "simu": {"type": "float", "data": 0.002}}, {"type": "dict", "image_number": {"type": "int", "data": 6}, "Hcamera2end": {"type": "ndarray", "data": [[0.9999727201688376, -0.00208188172601957, -0.007086937745905988, -0.01659746428528072], [0.007093160919793151, 0.00299718781237468, 0.9999703515271756, 0.031373928329037036], [-0.0020605791179667057, -0.9999933412946789, 0.0030118731716958225, 0.034636156948277645], [0.0, 0.0, 0.0, 1.0]]}, "Hobj2base": {"type": "ndarray", "data": [[0.9999941305822775, -0.002864493238352595, 0.0018797551655375599, -0.7361782265151698], [-0.002851943447364259, -0.999973852529155, -0.006645349996280822, 0.08648086197298589], [0.0018987415748250058, 0.006639950036518778, -0.9999761526376241, -0.0035271594786231617], [0.0, 0.0, 0.0, 1.0]]}, "mean_rme": {"type": "float", "data": 0.0014379740604156441}, "max_rme": {"type": "float", "data": 0.003327807791880466}, "simu": {"type": "float", "data": 0.002}}, {"type": "dict", "image_number": {"type": "int", "data": 7}, "Hcamera2end": {"type": "ndarray", "data": [[0.9999938472479057, -0.0021168484044258216, 0.00279721632430111, -0.016268609408492108], [-0.002804480653137736, -0.0034365195866161713, 0.9999901625623108, 0.029428788570151614], [-0.002107214891375082, -0.999991854609808, -0.0034424351029589406, 0.03410007387421579], [0.0, 0.0, 0.0, 1.0]]}, "Hobj2base": {"type": "ndarray", "data": [[0.9999692538531523, -0.002173931494316647, 0.00753427967544721, -0.7327788494994987], [-0.0021948253903115314, -0.99999376591882, 0.0027660197038421003, 0.09144584058414308], [0.0075282195687879985, -0.0027824710877234816, -0.9999677913636869, -0.003198713730195281], [0.0, 0.0, 0.0, 1.0]]}, "mean_rme": {"type": "float", "data": 0.0018599946725700693}, "max_rme": {"type": "float", "data": 0.004624809822587811}, "simu": {"type": "float", "data": 0.002}}, {"type": "dict", "image_number": {"type": "int", "data": 8}, "Hcamera2end": {"type": "ndarray", "data": [[0.9999859692031937, -0.0018949789899171555, 0.00494676170611791, -0.01593109342440856], [-0.004974145867203921, -0.014729571257759089, 0.9998791414983385, 0.029690108016928153], [-0.0018218862865503362, -0.9998897183115697, -0.014738790492048848, 0.03370073101979586], [0.0, 0.0, 0.0, 1.0]]}, "Hobj2base": {"type": "ndarray", "data": [[0.9998550143477598, 0.0009215825710513757, 0.017002969423183734, -0.7265858385385624], [0.0008289540493928097, -0.9999847830868864, 0.005454028772982384, 0.09262039621902013], [0.01700773702833454, -0.005439143336708347, -0.9998405635904846, -0.005202456619450471], [0.0, 0.0, 0.0, 1.0]]}, "mean_rme": {"type": "float", "data": 0.001963249355114529}, "max_rme": {"type": "float", "data": 0.005781481236178748}, "simu": {"type": "float", "data": 0.002}}, {"type": "dict", "image_number": {"type": "int", "data": 9}, "Hcamera2end": {"type": "ndarray", "data": [[0.9999676712907961, -0.006515009311148374, -0.004712857619098596, -0.015325053225763654], [0.004582172613007802, -0.019930520781691996, 0.9997908671494831, 0.02927999888704586], [-0.006607576515398589, -0.9997801403283855, -0.01990002355644238, 0.03306511468373114], [0.0, 0.0, 0.0, 1.0]]}, "Hobj2base": {"type": "ndarray", "data": [[0.9997671989825294, -0.002454203905102106, 0.021436527746340014, -0.7236942563665569], [-0.002373235739482849, -0.9999899572289128, -0.003801735582853434, 0.08918275449950645], [0.02144564269851256, 0.0037499766011635616, -0.999762982953829, -0.0045362663126078395], [0.0, 0.0, 0.0, 1.0]]}, "mean_rme": {"type": "float", "data": 0.002331422571966144}, "max_rme": {"type": "float", "data": 0.006096453949972908}, "simu": {"type": "float", "data": 0.002}}, {"type": "dict", "image_number": {"type": "int", "data": 10}, "Hcamera2end": {"type": "ndarray", "data": [[0.9999676288465819, -0.005699302244797495, -0.005679719435595751, -0.014269466346755038], [0.005603260499128194, -0.013342955234179499, 0.9998952790254574, 0.029427082760417868], [-0.005774489650484062, -0.9998947362095376, -0.013310588632187814, 0.03391136588485785], [0.0, 0.0, 0.0, 1.0]]}, "Hobj2base": {"type": "ndarray", "data": [[0.9998821580827295, -0.003261477560408811, 0.01500109035858481, -0.7280942935036626], [-0.003199059322897422, -0.9999861340474219, -0.0041830290867066, 0.08987077928615926], [0.015014525209678109, 0.0041345467725737665, -0.9998787274243379, -0.003353853097815418], [0.0, 0.0, 0.0, 1.0]]}, "mean_rme": {"type": "float", "data": 0.0022506287804904155}, "max_rme": {"type": "float", "data": 0.006291246102490544}, "simu": {"type": "float", "data": 0.002}}, {"type": "dict", "image_number": {"type": "int", "data": 11}, "Hcamera2end": {"type": "ndarray", "data": [[0.9999646788321647, -0.006645398104269918, -0.00514584999019955, -0.013826478525023092], [0.00506936822674493, -0.011474992315142929, 0.9999213099325112, 0.028337564003681672], [-0.00670392376653702, -0.9999120777525409, -0.011440899035009666, 0.033901366351453285], [0.0, 0.0, 0.0, 1.0]]}, "Hobj2base": {"type": "ndarray", "data": [[0.9999009924546586, -0.0037930711930775065, 0.013550568221042954, -0.7288868616884386], [-0.0037339727180113235, -0.9999834189934724, -0.004383969190967223, 0.09037511415176315], [0.01356697224623242, 0.004332937692887846, -0.9998985763141282, -0.0019297845567750706], [0.0, 0.0, 0.0, 1.0]]}, "mean_rme": {"type": "float", "data": 0.002392800032625195}, "max_rme": {"type": "float", "data": 0.006405558373185655}, "simu": {"type": "float", "data": 0.002}}, {"type": "dict", "image_number": {"type": "int", "data": 12}, "Hcamera2end": {"type": "ndarray", "data": [[0.9999596031864512, -0.007480370704378571, -0.004983577963685738, -0.013445944710711678], [0.004913682631807257, -0.009333307173423844, 0.9999443710028073, 0.028492365540637648], [-0.007526467842815444, -0.9999284641569772, -0.009296173969944643, 0.03347433787996383], [0.0, 0.0, 0.0, 1.0]]}, "Hobj2base": {"type": "ndarray", "data": [[0.9999179860694436, -0.005575424717525402, 0.011529777710227944, -0.7293471223128681], [-0.005527722050335803, -0.9999760479018924, -0.0041650824056690405, 0.09107638439755034], [0.011552723651256168, 0.004101007404405563, -0.9999248553338929, -0.001841079469358936], [0.0, 0.0, 0.0, 1.0]]}, "mean_rme": {"type": "float", "data": 0.0022869267682411364}, "max_rme": {"type": "float", "data": 0.006358933457707661}, "simu": {"type": "float", "data": 0.002}}, {"type": "dict", "image_number": {"type": "int", "data": 13}, "Hcamera2end": {"type": "ndarray", "data": [[0.999958903916474, -0.007318080204952417, -0.005351278377904532, -0.012899464123085238], [0.005285796380578007, -0.00893823170999175, 0.9999460827317249, 0.027539043760831414], [-0.007365516600145126, -0.9999332746318689, -0.00889918250181454, 0.03379216610997816], [0.0, 0.0, 0.0, 1.0]]}, "Hobj2base": {"type": "ndarray", "data": [[0.9999230546539725, -0.00437707730792447, 0.011607151489893077, -0.7297483017903783], [-0.004320417504053161, -0.9999786517382392, -0.004902046548506798, 0.09089656462109286], [0.011628360334094635, 0.00485152161836975, -0.9999206188362788, -0.0008260153686696551], [0.0, 0.0, 0.0, 1.0]]}, "mean_rme": {"type": "float", "data": 0.002375533833169069}, "max_rme": {"type": "float", "data": 0.007212915911730261}, "simu": {"type": "float", "data": 0.002}}, {"type": "dict", "image_number": {"type": "int", "data": 14}, "Hcamera2end": {"type": "ndarray", "data": [[0.9999586964455985, -0.0075904431862113785, -0.0049990574167806424, -0.012909278160080783], [0.00492102859754086, -0.010263987093988236, 0.9999352149246854, 0.027121239202452258], [-0.007641261699585832, -0.9999185145506466, -0.010226210366851562, 0.03401178532883109], [0.0, 0.0, 0.0, 1.0]]}, "Hobj2base": {"type": "ndarray", "data": [[0.9999133040735989, -0.00401432316152923, 0.012540715536731924, -0.7295514762324696], [-0.003956655920554035, -0.9999815008396495, -0.004619832508609248, 0.09096201558232299], [0.012559029044666, 0.004569812691573703, -0.9999106898125543, -0.0006052645928602393], [0.0, 0.0, 0.0, 1.0]]}, "mean_rme": {"type": "float", "data": 0.002401573019351324}, "max_rme": {"type": "float", "data": 0.006991651099659185}, "simu": {"type": "float", "data": 0.002}}, {"type": "dict", "image_number": {"type": "int", "data": 15}, "Hcamera2end": {"type": "ndarray", "data": [[0.9999581497240024, -0.007930381099217617, -0.0045615629087744506, -0.012718417232204956], [0.00447287125734535, -0.011165774170773801, 0.9999276568381746, 0.026713867748269796], [-0.007980740771679574, -0.9999062128733817, -0.011129835306364466, 0.034210565340426144], [0.0, 0.0, 0.0, 1.0]]}, "Hobj2base": {"type": "ndarray", "data": [[0.9999067017802034, -0.004223386218594168, 0.012990409688849932, -0.7294340469237367], [-0.0041680670293662465, -0.9999821431449931, -0.004282593651696851, 0.09133665134992093], [0.013008264767996052, 0.00422804919501098, -0.9999064499480592, -0.00023089616887222997], [0.0, 0.0, 0.0, 1.0]]}, "mean_rme": {"type": "float", "data": 0.0024118620807285795}, "max_rme": {"type": "float", "data": 0.006831939806198312}, "simu": {"type": "float", "data": 0.002}}, {"type": "dict", "image_number": {"type": "int", "data": 16}, "Hcamera2end": {"type": "ndarray", "data": [[0.9999575241618497, -0.008016430739307003, -0.004548264537775805, -0.01271378231638647], [0.004460002175735613, -0.010993881916027126, 0.9999296189937615, 0.02674577885308107], [-0.00806586961809629, -0.9999074314148378, -0.010957661643139271, 0.03430373611538195], [0.0, 0.0, 0.0, 1.0]]}, "Hobj2base": {"type": "ndarray", "data": [[0.9998983816948058, -0.004584549523638191, 0.013498451384277993, -0.7293234711835966], [-0.004525368423040605, -0.9999800293325134, -0.004411573050695337, 0.09140805067275047], [0.013518406886321874, 0.004350039288464325, -0.9998991598323528, -0.00029761635428730837], [0.0, 0.0, 0.0, 1.0]]}, "mean_rme": {"type": "float", "data": 0.002355030635376474}, "max_rme": {"type": "float", "data": 0.0068849911839244105}, "simu": {"type": "float", "data": 0.002}}, {"type": "dict", "image_number": {"type": "int", "data": 17}, "Hcamera2end": {"type": "ndarray", "data": [[0.9999588017798937, -0.008144663448392214, -0.004007393196550103, -0.012680245778314269], [0.003913452695949766, -0.011517386804553498, 0.9999260146076765, 0.026658873481994173], [-0.008190215559794243, -0.9999005021793455, -0.011485038553587179, 0.03446322954150385], [0.0, 0.0, 0.0, 1.0]]}, "Hobj2base": {"type": "ndarray", "data": [[0.9998900671076766, -0.0045286605365328905, 0.014118956517777465, -0.7292011004660133], [-0.004475897016067327, -0.999982890023208, -0.003766431565012991, 0.09173411063058129], [0.014135771832751148, 0.0037028225149494066, -0.999893228830016, -0.00021586011598726464], [0.0, 0.0, 0.0, 1.0]]}, "mean_rme": {"type": "float", "data": 0.0022580445044349602}, "max_rme": {"type": "float", "data": 0.00691853255685046}, "simu": {"type": "float", "data": 0.002}}, {"type": "dict", "image_number": {"type": "int", "data": 18}, "Hcamera2end": {"type": "ndarray", "data": [[0.9999557347960404, -0.008422589445145774, -0.004193856882336059, -0.01270874062813065], [0.004104302306536243, -0.010621951151325693, 0.9999351623261958, 0.026792190408585822], [-0.008466590286978565, -0.9999081128487646, -0.010586912115204683, 0.03430312549605452], [0.0, 0.0, 0.0, 1.0]]}, "Hobj2base": {"type": "ndarray", "data": [[0.9998986138164335, -0.004452889045463445, 0.01352530469614448, -0.729396031595867], [-0.004402080783317379, -0.9999831514299351, -0.0037839848087085105, 0.0916225756255384], [0.013541926478603559, 0.0037240616810386724, -0.9999013689318781, -0.00022974049631379858], [0.0, 0.0, 0.0, 1.0]]}, "mean_rme": {"type": "float", "data": 0.0022307173744737386}, "max_rme": {"type": "float", "data": 0.006857375766805812}, "simu": {"type": "float", "data": 0.002}}, {"type": "dict", "image_number": {"type": "int", "data": 19}, "Hcamera2end": {"type": "ndarray", "data": [[0.9999536457038419, -0.008617327136167197, -0.0042951270788680815, -0.012693417124078992], [0.004209518924394806, -0.009928083460331028, 0.9999418548641865, 0.026625608053586686], [-0.008659468460622245, -0.9999135836820265, -0.009891348449352577, 0.03419386581714838], [0.0, 0.0, 0.0, 1.0]]}, "Hobj2base": {"type": "ndarray", "data": [[0.9999038023931108, -0.0044249125928867246, 0.013145573716808105, -0.7296700363447935], [-0.004373659574041758, -0.9999827322998944, -0.0039250737531309355, 0.09151051435586229], [0.013162714831261689, 0.003867201906086231, -0.9999058894154429, -4.516466633709473e-06], [0.0, 0.0, 0.0, 1.0]]}, "mean_rme": {"type": "float", "data": 0.0021704769758930068}, "max_rme": {"type": "float", "data": 0.006710542402539654}, "simu": {"type": "float", "data": 0.002}}, {"type": "dict", "image_number": {"type": "int", "data": 20}, "Hcamera2end": {"type": "ndarray", "data": [[0.9999528072039815, -0.008624611536345247, -0.0044720734256264005, -0.012786345332004985], [0.004387587351630463, -0.009790095227319329, 0.9999424499003291, 0.026841748153274184], [-0.008667897213792151, -0.9999148814330585, -0.009751791968862777, 0.0341490213606135], [0.0, 0.0, 0.0, 1.0]]}, "Hobj2base": {"type": "ndarray", "data": [[0.9999039219524596, -0.004423882678404166, 0.013136823289412158, -0.7295947941846338], [-0.004375007956384957, -0.9999834100822997, -0.0037468474156726254, 0.09139014784208696], [0.013153180963975762, 0.0036890137194756944, -0.9999066881506025, -0.00021367371062468166], [0.0, 0.0, 0.0, 1.0]]}, "mean_rme": {"type": "float", "data": 0.002169144084430928}, "max_rme": {"type": "float", "data": 0.006738609061571005}, "simu": {"type": "float", "data": 0.002}}, {"type": "dict", "image_number": {"type": "int", "data": 21}, "Hcamera2end": {"type": "ndarray", "data": [[0.9999554176846764, -0.008069906804387385, -0.004902983503216894, -0.014709642759918573], [0.004810959257860302, -0.011383563475819924, 0.9999236316607442, 0.02729930320402621], [-0.00812510394293655, -0.9999026408039738, -0.011344231977352903, 0.03495630314324182], [0.0, 0.0, 0.0, 1.0]]}, "Hobj2base": {"type": "ndarray", "data": [[0.9998928998042808, -0.003910225478474639, 0.014103157720667161, -0.7292747469621342], [-0.0038525285227057338, -0.9999841085004066, -0.0041159167422509186, 0.08906484599361943], [0.014119027762854805, 0.0040611431093831715, -0.9998920742618562, 5.459340940665369e-05], [0.0, 0.0, 0.0, 1.0]]}, "mean_rme": {"type": "float", "data": 0.002315889325816357}, "max_rme": {"type": "float", "data": 0.006949543973476996}, "simu": {"type": "float", "data": 0.002}}, {"type": "dict", "image_number": {"type": "int", "data": 22}, "Hcamera2end": {"type": "ndarray", "data": [[0.9999535879461062, -0.008161472480519662, -0.005119796935279423, -0.014713374938157156], [0.005030420622980993, -0.010934171641770796, 0.9999275667561448, 0.02727613391264114], [-0.008216862057054618, -0.9999069127961154, -0.01089260852492746, 0.03487208151197653], [0.0, 0.0, 0.0, 1.0]]}, "Hobj2base": {"type": "ndarray", "data": [[0.9998980285466527, -0.003941175077597901, 0.013725875109630761, -0.72940357909801], [-0.0038809622199204403, -0.9999827418216707, -0.00441069054246445, 0.08892234811137614], [0.013743021529671353, 0.004356971175203747, -0.999896067679743, 0.00010449226863575149], [0.0, 0.0, 0.0, 1.0]]}, "mean_rme": {"type": "float", "data": 0.002261026645176181}, "max_rme": {"type": "float", "data": 0.006990488048779636}, "simu": {"type": "float", "data": 0.002}}, {"type": "dict", "image_number": {"type": "int", "data": 23}, "Hcamera2end": {"type": "ndarray", "data": [[0.9999529291784326, -0.007946203240426483, -0.005567520232051378, -0.014716061194188224], [0.005483117074618573, -0.010604373131437583, 0.9999287388097391, 0.027350695891626184], [-0.008004677046483014, -0.9999121987077422, -0.01056030401221597, 0.03474470009879477], [0.0, 0.0, 0.0, 1.0]]}, "Hobj2base": {"type": "ndarray", "data": [[0.9999020180988815, -0.0038236999737761967, 0.013466013526453489, -0.7295094871980593], [-0.0037607267534585055, -0.9999818895181449, -0.004698677474316279, 0.08864795784074478], [0.013483735983395176, 0.004647575091633235, -0.9998982892823145, 7.812427493625801e-06], [0.0, 0.0, 0.0, 1.0]]}, "mean_rme": {"type": "float", "data": 0.0022364620751225157}, "max_rme": {"type": "float", "data": 0.007002978544485616}, "simu": {"type": "float", "data": 0.002}}, {"type": "dict", "image_number": {"type": "int", "data": 24}, "Hcamera2end": {"type": "ndarray", "data": [[0.9999528728358261, -0.00784169613627847, -0.00572362726638738, -0.014680956898704], [0.005638362918664279, -0.010852501141032533, 0.9999252132447615, 0.027408657322782127], [-0.007903225352708184, -0.9999103614928143, -0.010807775364715333, 0.03476246626198814], [0.0, 0.0, 0.0, 1.0]]}, "Hobj2base": {"type": "ndarray", "data": [[0.9998970593209842, -0.003609917521385255, 0.013886657507732042, -0.7294282290376398], [-0.0035422627658372374, -0.9999817531420192, -0.004893440253150501, 0.08858626410002524], [0.013904069035574373, 0.004843746329256545, -0.999891601617771, -0.0001424909341793563], [0.0, 0.0, 0.0, 1.0]]}, "mean_rme": {"type": "float", "data": 0.002183993574265886}, "max_rme": {"type": "float", "data": 0.007007258521145365}, "simu": {"type": "float", "data": 0.002}}, {"type": "dict", "image_number": {"type": "int", "data": 25}, "Hcamera2end": {"type": "ndarray", "data": [[0.9999543142921596, -0.007797790380519114, -0.005528453099940149, -0.014692168289141626], [0.00544390702739433, -0.010822181182868373, 0.9999266194430082, 0.027500550953381313], [-0.007857048095426228, -0.9999110334722919, -0.010779236318009922, 0.03472895076140829], [0.0, 0.0, 0.0, 1.0]]}, "Hobj2base": {"type": "ndarray", "data": [[0.9999015231735251, -0.0032737887626330506, 0.013646474357949927, -0.7294863455075179], [-0.003211122127002175, -0.999984211104257, -0.004611533029499798, 0.08867079206272248], [0.013661356080199518, 0.004567258404595487, -0.9998962483681573, -0.0001569748179838637], [0.0, 0.0, 0.0, 1.0]]}, "mean_rme": {"type": "float", "data": 0.002146882270872981}, "max_rme": {"type": "float", "data": 0.0070048723523817025}, "simu": {"type": "float", "data": 0.002}}, {"type": "dict", "image_number": {"type": "int", "data": 26}, "Hcamera2end": {"type": "ndarray", "data": [[0.999953467771729, -0.008127960588997465, -0.005196012697971258, -0.01478869084483751], [0.005101272338048796, -0.011633728295761703, 0.999919313438076, 0.027163973305957233], [-0.008187753771751611, -0.9998992912401748, -0.011591724011943416, 0.034872268435431696], [0.0, 0.0, 0.0, 1.0]]}, "Hobj2base": {"type": "ndarray", "data": [[0.9998915934040556, -0.0033032805742845063, 0.014348859792546763, -0.729355535462535], [-0.003238527052639682, -0.9999844786638121, -0.004533693195883545, 0.08870508419221163], [0.014363613139733729, 0.004486732543024427, -0.9998867715139854, 1.3405163451799626e-05], [0.0, 0.0, 0.0, 1.0]]}, "mean_rme": {"type": "float", "data": 0.00221574079189302}, "max_rme": {"type": "float", "data": 0.006757299619714829}, "simu": {"type": "float", "data": 0.002}}, {"type": "dict", "image_number": {"type": "int", "data": 27}, "Hcamera2end": {"type": "ndarray", "data": [[0.999952806681137, -0.00825491561173691, -0.005122575403036268, -0.014780287683661625], [0.005021543927613695, -0.012213545211804844, 0.9999128029033041, 0.027067044289123307], [-0.008316760613347962, -0.9998913369369703, -0.012171516392708304, 0.034967034884127564], [0.0, 0.0, 0.0, 1.0]]}, "Hobj2base": {"type": "ndarray", "data": [[0.9998861243931811, -0.002922120126233357, 0.01480538618043313, -0.7292372776445797], [-0.0028583142684138513, -0.9999865449502574, -0.004328967312203713, 0.08869984830189669], [0.014817836735734408, 0.004286155901855227, -0.9998810232132913, 3.256057944669885e-05], [0.0, 0.0, 0.0, 1.0]]}, "mean_rme": {"type": "float", "data": 0.0021912109746180797}, "max_rme": {"type": "float", "data": 0.006745006313449542}, "simu": {"type": "float", "data": 0.002}}, {"type": "dict", "image_number": {"type": "int", "data": 28}, "Hcamera2end": {"type": "ndarray", "data": [[0.9999550625370317, -0.007966725289224751, -0.0051385012140684905, -0.014761823564231596], [0.005038559930489866, -0.012514561720748496, 0.9999089951884446, 0.02701564104368069], [-0.008030306369486689, -0.9998899524613216, -0.01247385852527505, 0.034992845016059114], [0.0, 0.0, 0.0, 1.0]]}, "Hobj2base": {"type": "ndarray", "data": [[0.9998869973808945, -0.0025407222585367103, 0.014816787743097663, -0.729249766499607], [-0.0024779128348291677, -0.9999878735989713, -0.00425589038758818, 0.08862895686660824], [0.014827421104225169, 0.004218694752308195, -0.9998811680384752, 6.119141972342082e-05], [0.0, 0.0, 0.0, 1.0]]}, "mean_rme": {"type": "float", "data": 0.0021736690399580603}, "max_rme": {"type": "float", "data": 0.006659765281521568}, "simu": {"type": "float", "data": 0.002}}, {"type": "dict", "image_number": {"type": "int", "data": 29}, "Hcamera2end": {"type": "ndarray", "data": [[0.9999553263637643, -0.007948968353971377, -0.0051146044661653815, -0.014869244863244747], [0.0050212279348087144, -0.011722894065029577, 0.999918677205685, 0.027029493702386997], [-0.008008279887994293, -0.9998996887972551, -0.011682456778772554, 0.03483416184715075], [0.0, 0.0, 0.0, 1.0]]}, "Hobj2base": {"type": "ndarray", "data": [[0.9998959780055999, -0.0027494075818887184, 0.014158881529745659, -0.7295076841602789], [-0.0026888522470492043, -0.9999871652786527, -0.004294106607572454, 0.08854287232319384], [0.014170506053710938, 0.004255588785622009, -0.9998905373701006, 0.0001444649114989427], [0.0, 0.0, 0.0, 1.0]]}, "mean_rme": {"type": "float", "data": 0.0021536275412385054}, "max_rme": {"type": "float", "data": 0.006675203200571578}, "simu": {"type": "float", "data": 0.002}}, {"type": "dict", "image_number": {"type": "int", "data": 30}, "Hcamera2end": {"type": "ndarray", "data": [[0.999955650661865, -0.008028835795703642, -0.004922855388074909, -0.014812356960949263], [0.004827974982851556, -0.01179432918765455, 0.9999187889306701, 0.026895799030770058], [-0.008086245542353375, -0.99989821061685, -0.011755043098598206, 0.03489055467845848], [0.0, 0.0, 0.0, 1.0]]}, "Hobj2base": {"type": "ndarray", "data": [[0.9998929500600322, -0.0028532524691240015, 0.014350866545031819, -0.7295296438099563], [-0.002791714773737097, -0.9999868310165925, -0.004306288659120094, 0.0886785351555879], [0.014362964487457795, 0.004265764145027957, -0.9998877479534349, 0.0002776273228071224], [0.0, 0.0, 0.0, 1.0]]}, "mean_rme": {"type": "float", "data": 0.0021443219359456624}, "max_rme": {"type": "float", "data": 0.006753047602402473}, "simu": {"type": "float", "data": 0.002}}]}