{"type": "list", "data": [{"type": "dict", "image_number": {"type": "int", "data": 5}, "Hcamera2end": {"type": "ndarray", "data": [[0.9998898444868035, 0.0025827202089543063, 0.014616033951732117, -0.014315794831261932], [-0.014627609562751838, 0.004521384436517173, 0.9998827881913245, 0.024585386399715078], [0.0025163327752143446, -0.9999864432276567, 0.004558665403920692, 0.025055181797659754], [0.0, 0.0, 0.0, 1.0]]}, "Hobj2base": {"type": "ndarray", "data": [[0.9999938679293904, 0.003421607890874665, -0.0007461253635461659, -0.7290294766787089], [0.003431036926367082, -0.9999092825990155, 0.013025150975406775, 0.09766927893838313], [-0.0007014907176350906, -0.01302763108793532, -0.9999148907477124, 0.003953852016554293], [0.0, 0.0, 0.0, 1.0]]}, "mean_rme": {"type": "float", "data": 0.0010797761030332672}, "max_rme": {"type": "float", "data": 0.0042878958684368085}, "simu": {"type": "float", "data": 0.002}}, {"type": "dict", "image_number": {"type": "int", "data": 6}, "Hcamera2end": {"type": "ndarray", "data": [[0.999975087801627, 0.001575905304787648, 0.00688042866387116, -0.01548280955791757], [-0.00688456006146588, 0.002631355553144421, 0.9999728390314974, 0.02489164972574761], [0.0015577576475006107, -0.9999952962341488, 0.002642139415014899, 0.02504530308668425], [0.0, 0.0, 0.0, 1.0]]}, "Hobj2base": {"type": "ndarray", "data": [[0.9999986703168752, 0.001542801115130545, 0.0005283267934212125, -0.7280793190609893], [0.001540497848652834, -0.9999894278669377, 0.004332553604187655, 0.09269282566900812], [0.0005350054764119556, -0.004331733956975589, -0.9999904748796693, 0.003588600252049564], [0.0, 0.0, 0.0, 1.0]]}, "mean_rme": {"type": "float", "data": 0.00107675306405945}, "max_rme": {"type": "float", "data": 0.004116586720295468}, "simu": {"type": "float", "data": 0.002}}, {"type": "dict", "image_number": {"type": "int", "data": 7}, "Hcamera2end": {"type": "ndarray", "data": [[0.9999678656188261, 0.001716061764889078, 0.007830891504063513, -0.016795177926189734], [-0.00783084227725744, -3.540325260731336e-05, 0.9999693378578357, 0.027696259159327732], [0.001716286385789341, -0.9999985269382293, -2.1963905926902783e-05, 0.026414610484559554], [0.0, 0.0, 0.0, 1.0]]}, "Hobj2base": {"type": "ndarray", "data": [[0.9999956393348934, 0.0014513705093415054, 0.0025719321224241943, -0.7280929492384676], [0.0014387343583014847, -0.9999869199446374, 0.004908154753408638, 0.09109911697875404], [0.002579022032474026, -0.004904433023477717, -0.999984647473187, 0.0009123666990179366], [0.0, 0.0, 0.0, 1.0]]}, "mean_rme": {"type": "float", "data": 0.0014610016725559673}, "max_rme": {"type": "float", "data": 0.0047706887371742335}, "simu": {"type": "float", "data": 0.002}}, {"type": "dict", "image_number": {"type": "int", "data": 8}, "Hcamera2end": {"type": "ndarray", "data": [[0.9999683394103456, 0.00152301721228659, 0.007810287797966354, -0.01681574590854998], [-0.007812149354567918, 0.0012201878129365351, 0.9999687402434955, 0.027581345145233187], [0.0015134395851527762, -0.9999980957783231, 0.0012320472190028298, 0.02618914026878191], [0.0, 0.0, 0.0, 1.0]]}, "Hobj2base": {"type": "ndarray", "data": [[0.999998228096271, 0.001059443139043965, 0.001556079867283457, -0.728385143049205], [0.0010518375298488674, -0.9999875376593479, 0.0048803856204994054, 0.09112495700235751], [0.001561230965947596, -0.004878740229722075, -0.9999868801397553, 0.0011836699067757916], [0.0, 0.0, 0.0, 1.0]]}, "mean_rme": {"type": "float", "data": 0.0013385582487886836}, "max_rme": {"type": "float", "data": 0.00473023892851257}, "simu": {"type": "float", "data": 0.002}}, {"type": "dict", "image_number": {"type": "int", "data": 9}, "Hcamera2end": {"type": "ndarray", "data": [[0.9999760932599031, 0.0010324761703104776, 0.006837170585805122, -0.017293477601872005], [-0.0068419886412737435, 0.004737394062670486, 0.9999653715448988, 0.027730014960210488], [0.0010000500459171136, -0.999988245476142, 0.004744344997251515, 0.026674031111514982], [0.0, 0.0, 0.0, 1.0]]}, "Hobj2base": {"type": "ndarray", "data": [[0.9999965530541305, 0.0007199736779188635, -0.002524978764385963, -0.7308761173597007], [0.0007270394535814522, -0.9999958197570935, 0.002798549976528445, 0.09007321578287762], [-0.002522953327041954, -0.0028003760892593267, -0.9999928962749025, 0.0015634045660329764], [0.0, 0.0, 0.0, 1.0]]}, "mean_rme": {"type": "float", "data": 0.0013129891584712785}, "max_rme": {"type": "float", "data": 0.004876030707537726}, "simu": {"type": "float", "data": 0.002}}, {"type": "dict", "image_number": {"type": "int", "data": 10}, "Hcamera2end": {"type": "ndarray", "data": [[0.9999825040073679, 0.00024908697304039384, 0.005910129849196812, -0.018203184637241077], [-0.005912381159861914, 0.010295151448481588, 0.9999295243194258, 0.02790815080500239], [0.0001882237365887743, -0.9999469725002085, 0.010296444021714368, 0.027648237362438304], [0.0, 0.0, 0.0, 1.0]]}, "Hobj2base": {"type": "ndarray", "data": [[0.9999671254191072, 0.0004446229077793211, -0.00809631962792986, -0.7350436229866701], [0.0004508303633557853, -0.9999996058460421, 0.0007648919819976846, 0.08856870884070193], [-0.008095976348236262, -0.0007685169032140524, -0.9999669317276139, 0.002195762187622019], [0.0, 0.0, 0.0, 1.0]]}, "mean_rme": {"type": "float", "data": 0.0018297281133677315}, "max_rme": {"type": "float", "data": 0.005385239350627319}, "simu": {"type": "float", "data": 0.002}}, {"type": "dict", "image_number": {"type": "int", "data": 11}, "Hcamera2end": {"type": "ndarray", "data": [[0.9999868394869206, 0.00015769460386796073, 0.00512796113204019, -0.017708145333906505], [-0.005129068736011199, 0.00808671324711896, 0.9999541478101683, 0.029936389203726196], [0.00011621902200786892, -0.9999672895656491, 0.008087415648286078, 0.02823010159657097], [0.0, 0.0, 0.0, 1.0]]}, "Hobj2base": {"type": "ndarray", "data": [[0.9999840373420429, -0.0002739200846600115, -0.005643582983804369, -0.734000567751186], [-0.0002673662480657817, -0.9999992891217371, 0.0011620117512549351, 0.08953791854362532], [-0.00564389727026118, -0.0011604842988507799, -0.9999833997121126, 0.00020611208893961397], [0.0, 0.0, 0.0, 1.0]]}, "mean_rme": {"type": "float", "data": 0.0020536307200613485}, "max_rme": {"type": "float", "data": 0.006052295683954295}, "simu": {"type": "float", "data": 0.002}}, {"type": "dict", "image_number": {"type": "int", "data": 12}, "Hcamera2end": {"type": "ndarray", "data": [[0.9999828834975458, -0.0006047887139865129, 0.00581953112759255, -0.01742543996956717], [-0.005814965463158132, 0.007295027440771151, 0.9999564834288043, 0.029417986468285744], [-0.0006472160349235917, -0.9999732080437204, 0.007291385749931711, 0.028571578344862403], [0.0, 0.0, 0.0, 1.0]]}, "Hobj2base": {"type": "ndarray", "data": [[0.9999832543068415, -0.0007216928520838937, -0.005741973992100719, -0.7342422390655553], [-0.0007092236100197225, -0.9999973868051859, 0.0021733349190147296, 0.09012404589205579], [-0.005743527467480298, -0.0021692261814917286, -0.999981152997397, 0.0009332336045351867], [0.0, 0.0, 0.0, 1.0]]}, "mean_rme": {"type": "float", "data": 0.0020453637348298147}, "max_rme": {"type": "float", "data": 0.006251844504660348}, "simu": {"type": "float", "data": 0.002}}, {"type": "dict", "image_number": {"type": "int", "data": 13}, "Hcamera2end": {"type": "ndarray", "data": [[0.9999816510111377, -0.0008452203331145748, 0.005998603473123303, -0.01735298877370215], [-0.00599237208431043, 0.007191632376353674, 0.9999561849904057, 0.029224319504372747], [-0.0008883230507277908, -0.9999737826695017, 0.007186435542442027, 0.028665937280524842], [0.0, 0.0, 0.0, 1.0]]}, "Hobj2base": {"type": "ndarray", "data": [[0.9999843528945532, -0.001163439678991679, -0.005471779799567347, -0.7342684103925764], [-0.0011485235550770128, -0.9999956184570002, 0.0027283622275954453, 0.0902927409975646], [-0.005474930109603117, -0.002722035068635975, -0.9999813076579882, 0.0011857050540670271], [0.0, 0.0, 0.0, 1.0]]}, "mean_rme": {"type": "float", "data": 0.001916797244427789}, "max_rme": {"type": "float", "data": 0.006374304545323922}, "simu": {"type": "float", "data": 0.002}}, {"type": "dict", "image_number": {"type": "int", "data": 14}, "Hcamera2end": {"type": "ndarray", "data": [[0.999985163499544, -0.0012895881565835078, 0.005292423185712238, -0.016579087625644303], [-0.005285039988605257, 0.005662918592190591, 0.9999699994026505, 0.0294518433348283], [-0.0013195200298245858, -0.9999831340154715, 0.005656019049320005, 0.02928109654559143], [0.0, 0.0, 0.0, 1.0]]}, "Hobj2base": {"type": "ndarray", "data": [[0.9999914568864192, -0.002022571156354988, -0.003604907778891814, -0.7339876965655537], [-0.002013769493372155, -0.9999949869157676, 0.0024435375507650147, 0.09090406744917526], [-0.003609831935755115, -0.002436257222034627, -0.9999905168371068, 0.0008678602223898427], [0.0, 0.0, 0.0, 1.0]]}, "mean_rme": {"type": "float", "data": 0.0018991825156666666}, "max_rme": {"type": "float", "data": 0.006456514324904877}, "simu": {"type": "float", "data": 0.002}}, {"type": "dict", "image_number": {"type": "int", "data": 15}, "Hcamera2end": {"type": "ndarray", "data": [[0.9999847266707036, -0.001739985631029458, 0.005245843623481412, -0.016126037981103885], [-0.005238021897889144, 0.004469782962367774, 0.9999762918023939, 0.029819259422915426], [-0.0017633921615577684, -0.9999884966789733, 0.004460600611063348, 0.02953568873132573], [0.0, 0.0, 0.0, 1.0]]}, "Hobj2base": {"type": "ndarray", "data": [[0.9999930243145754, -0.0025378416274070867, -0.002740562362590813, -0.7338849046339723], [-0.0025297641323067765, -0.9999924581818378, 0.0029468411699929736, 0.09158895266282195], [-0.0027480203099583766, -0.0029398876373887433, -0.9999919026897448, 0.000534012844591388], [0.0, 0.0, 0.0, 1.0]]}, "mean_rme": {"type": "float", "data": 0.0019945544985812036}, "max_rme": {"type": "float", "data": 0.006669258885161677}, "simu": {"type": "float", "data": 0.002}}, {"type": "dict", "image_number": {"type": "int", "data": 16}, "Hcamera2end": {"type": "ndarray", "data": [[0.9999800896909045, -0.0022990781791633642, 0.005876602870436881, -0.016323192904205155], [-0.005863712283925076, 0.005573978753307118, 0.9999672732840355, 0.029199244072917734], [-0.0023317589974262533, -0.9999818223349781, 0.005560386640706461, 0.029258960879541593], [0.0, 0.0, 0.0, 1.0]]}, "Hobj2base": {"type": "ndarray", "data": [[0.9999887508722177, -0.0031535460084117185, -0.0035430603430422485, -0.7340647823694397], [-0.003142792881053083, -0.9999904513294664, 0.003036462217367259, 0.09159039707639123], [-0.003552602134831622, -0.0030252929549925154, -0.9999891132510437, 0.0013009170193154299], [0.0, 0.0, 0.0, 1.0]]}, "mean_rme": {"type": "float", "data": 0.0020224937950152977}, "max_rme": {"type": "float", "data": 0.00671378283363766}, "simu": {"type": "float", "data": 0.002}}, {"type": "dict", "image_number": {"type": "int", "data": 17}, "Hcamera2end": {"type": "ndarray", "data": [[0.9999843107196086, -0.0021380387110626637, 0.005177557831585599, -0.015946493479790734], [-0.005167119416904572, 0.004859236891073149, 0.9999748440304723, 0.029546220585408643], [-0.0021631439066469044, -0.9999859082043636, 0.004848113151805111, 0.029535013396874903], [0.0, 0.0, 0.0, 1.0]]}, "Hobj2base": {"type": "ndarray", "data": [[0.9999909230257721, -0.0031726059443038645, -0.0028440178597553493, -0.7338460205896901], [-0.0031660748615361936, -0.9999923475618377, 0.0022979964610189774, 0.09169919975230345], [-0.0028512867333167647, -0.0022889712287127934, -0.9999933153649965, 0.0008721675488179932], [0.0, 0.0, 0.0, 1.0]]}, "mean_rme": {"type": "float", "data": 0.0020132542375341828}, "max_rme": {"type": "float", "data": 0.006814569012870919}, "simu": {"type": "float", "data": 0.002}}, {"type": "dict", "image_number": {"type": "int", "data": 18}, "Hcamera2end": {"type": "ndarray", "data": [[0.9999868093692683, -0.0027182886361610103, 0.004357980537041374, -0.015415409598949636], [-0.004345791695619899, 0.004473916949664036, 0.99998054889166, 0.029700171724671], [-0.0027377330054252236, -0.9999862973931282, 0.004462044819696254, 0.029775382341859013], [0.0, 0.0, 0.0, 1.0]]}, "Hobj2base": {"type": "ndarray", "data": [[0.9999894627033916, -0.0038654846047153383, -0.002476390710865447, -0.7338857340544166], [-0.003861190485439878, -0.9999910379104942, 0.0017364638572535242, 0.09171544058545607], [-0.002483080791537103, -0.0017268837433677853, -0.9999954260806994, 0.0006910215143323067], [0.0, 0.0, 0.0, 1.0]]}, "mean_rme": {"type": "float", "data": 0.0020097941444376264}, "max_rme": {"type": "float", "data": 0.006906769870299367}, "simu": {"type": "float", "data": 0.002}}, {"type": "dict", "image_number": {"type": "int", "data": 19}, "Hcamera2end": {"type": "ndarray", "data": [[0.9999863574244671, -0.0029798659618163695, 0.004290147292991056, -0.015494220777951888], [-0.0042752348669507605, 0.004992865339766284, 0.9999783965979122, 0.029995796928636128], [-0.0030012217142954952, -0.9999830957043968, 0.004980057597364973, 0.029545223695651875], [0.0, 0.0, 0.0, 1.0]]}, "Hobj2base": {"type": "ndarray", "data": [[0.9999874790198033, -0.004188182186410778, -0.002738783231984317, -0.7336783956176681], [-0.004182490610760967, -0.9999890889281362, 0.0020805761144434705, 0.09174838021402516], [-0.002747467180743636, -0.00206909512843846, -0.9999940851172275, 0.0005069726485898108], [0.0, 0.0, 0.0, 1.0]]}, "mean_rme": {"type": "float", "data": 0.002030336664057694}, "max_rme": {"type": "float", "data": 0.00675275818445753}, "simu": {"type": "float", "data": 0.002}}, {"type": "dict", "image_number": {"type": "int", "data": 20}, "Hcamera2end": {"type": "ndarray", "data": [[0.9999925298412818, -0.003174592141462589, 0.0022050456613220562, -0.014999346483075928], [-0.0021872256013523704, 0.005605909418169075, 0.999981894747982, 0.02976261503335924], [-0.0031868959509121116, -0.9999792476568355, 0.0055989239919302936, 0.030694395149080844], [0.0, 0.0, 0.0, 1.0]]}, "Hobj2base": {"type": "ndarray", "data": [[0.9999849938951683, -0.004220421884001813, -0.0034928532178402135, -0.7353056457334787], [-0.004220116037510322, -0.999991090764865, 9.492905757488288e-05, 0.09140639303017034], [-0.0034932227398616197, -8.018738717821631e-05, -0.9999938954638039, 0.0010259718823035057], [0.0, 0.0, 0.0, 1.0]]}, "mean_rme": {"type": "float", "data": 0.0022951672477060014}, "max_rme": {"type": "float", "data": 0.00906161469629671}, "simu": {"type": "float", "data": 0.002}}, {"type": "dict", "image_number": {"type": "int", "data": 21}, "Hcamera2end": {"type": "ndarray", "data": [[0.9999928471870407, -0.003199742127923173, 0.002016736242214143, -0.014929233610950663], [-0.0019989736876552767, 0.005544766044468075, 0.9999826296859904, 0.029574112088155115], [-0.0032108688780341384, -0.9999795083999607, 0.005538330183472606, 0.0307921620121249], [0.0, 0.0, 0.0, 1.0]]}, "Hobj2base": {"type": "ndarray", "data": [[0.9999837253193196, -0.004673078288026349, -0.003272832994474933, -0.7352867122120504], [-0.004673172409393757, -0.999989080447347, -2.111164951476253e-05, 0.0913699303373188], [-0.0032726986002117532, 3.6405818779741843e-05, -0.9999946440449012, 0.0011470804017933909], [0.0, 0.0, 0.0, 1.0]]}, "mean_rme": {"type": "float", "data": 0.002225533244385408}, "max_rme": {"type": "float", "data": 0.009158320485915}, "simu": {"type": "float", "data": 0.002}}, {"type": "dict", "image_number": {"type": "int", "data": 22}, "Hcamera2end": {"type": "ndarray", "data": [[0.9999880133536657, -0.004207030143417605, 0.0025048046553231814, -0.01517295661507411], [-0.0024743993769122084, 0.00721697657920739, 0.9999708958748644, 0.029420252671303167], [-0.004224984818018819, -0.9999651074644694, 0.007206480199095977, 0.030175623021911565], [0.0, 0.0, 0.0, 1.0]]}, "Hobj2base": {"type": "ndarray", "data": [[0.9999745478711902, -0.0056900468474199144, -0.004304297466806123, -0.735180374989191], [-0.005689457709960833, -0.9999838037882849, 0.00014910425478573038, 0.09150555836788253], [-0.0043050761636879474, -0.0001246113413565465, -0.9999907253526095, 0.0015715515566402485], [0.0, 0.0, 0.0, 1.0]]}, "mean_rme": {"type": "float", "data": 0.002316342062237446}, "max_rme": {"type": "float", "data": 0.00915783888245833}, "simu": {"type": "float", "data": 0.002}}, {"type": "dict", "image_number": {"type": "int", "data": 23}, "Hcamera2end": {"type": "ndarray", "data": [[0.9999873299553378, -0.004389521100087937, 0.00246414961120055, -0.015233263411514248], [-0.0024322896122300165, 0.007248805920731183, 0.9999707689627562, 0.02951256084205511], [-0.004407254932124415, -0.9999640928139548, 0.007238037491462013, 0.030174890298890773], [0.0, 0.0, 0.0, 1.0]]}, "Hobj2base": {"type": "ndarray", "data": [[0.9999762878923062, -0.0056272083082447985, -0.0039696573881307885, -0.7350804898508985], [-0.005625913333441589, -0.9999841175346085, 0.00033730949397411323, 0.09146294990995764], [-0.003971492450971646, -0.00031496854722598604, -0.9999920639897728, 0.0014469197358204125], [0.0, 0.0, 0.0, 1.0]]}, "mean_rme": {"type": "float", "data": 0.002281639849856513}, "max_rme": {"type": "float", "data": 0.009099551841868309}, "simu": {"type": "float", "data": 0.002}}, {"type": "dict", "image_number": {"type": "int", "data": 24}, "Hcamera2end": {"type": "ndarray", "data": [[0.9999872460778424, -0.004367279879689863, 0.0025366411068656726, -0.015289096288673042], [-0.0025050421432824366, 0.007225717880792293, 0.9999707564548914, 0.029658304916182703], [-0.004385481217946731, -0.9999643572985788, 0.0072146855043987435, 0.030138527177502913], [0.0, 0.0, 0.0, 1.0]]}, "Hobj2base": {"type": "ndarray", "data": [[0.9999758214990814, -0.005523647709219722, -0.004224421051669536, -0.7350497200421979], [-0.00552087598240492, -0.9999845370664435, 0.0006675001113297394, 0.09148543112538658], [-0.004228042765188348, -0.0006441614674539563, -0.9999908543133686, 0.001368375609891619], [0.0, 0.0, 0.0, 1.0]]}, "mean_rme": {"type": "float", "data": 0.0022234293761799564}, "max_rme": {"type": "float", "data": 0.00906318460390279}, "simu": {"type": "float", "data": 0.002}}, {"type": "dict", "image_number": {"type": "int", "data": 25}, "Hcamera2end": {"type": "ndarray", "data": [[0.9999894528629137, -0.003858256359347568, 0.0024915900136128592, -0.015538001636361291], [-0.00246163804045814, 0.007748471613683194, 0.999966950216761, 0.029879305231688514], [-0.0038774348593046265, -0.9999625368210141, 0.007738892258866814, 0.029883266033901637], [0.0, 0.0, 0.0, 1.0]]}, "Hobj2base": {"type": "ndarray", "data": [[0.9999768187624539, -0.005084564737816263, -0.004528701706825037, -0.7350500733464742], [-0.005080959712619475, -0.9999867660593937, 0.0008071892431309874, 0.0911820257015317], [-0.004532745980217993, -0.0007841603805625486, -0.9999894195972159, 0.001156867760099387], [0.0, 0.0, 0.0, 1.0]]}, "mean_rme": {"type": "float", "data": 0.002256692918497548}, "max_rme": {"type": "float", "data": 0.00897765034907752}, "simu": {"type": "float", "data": 0.002}}, {"type": "dict", "image_number": {"type": "int", "data": 26}, "Hcamera2end": {"type": "ndarray", "data": [[0.9999890172986051, -0.003978693066409412, 0.0024769504745547786, -0.015513102048590166], [-0.002445783411505466, 0.007819349452200197, 0.9999664373956001, 0.029798884288110467], [-0.003997927672444332, -0.9999615131471951, 0.007809532553118781, 0.029883666502817853], [0.0, 0.0, 0.0, 1.0]]}, "Hobj2base": {"type": "ndarray", "data": [[0.9999769988800424, -0.0050573605430745865, -0.004519382170277922, -0.7350601591963092], [-0.005053710880895308, -0.9999868948535373, 0.0008186131642463542, 0.09117278453380918], [-0.004523462965029561, -0.0007957546843779067, -0.999989452473018, 0.00124437087584996], [0.0, 0.0, 0.0, 1.0]]}, "mean_rme": {"type": "float", "data": 0.002201582817001763}, "max_rme": {"type": "float", "data": 0.008969881618537262}, "simu": {"type": "float", "data": 0.002}}, {"type": "dict", "image_number": {"type": "int", "data": 27}, "Hcamera2end": {"type": "ndarray", "data": [[0.9999864220548809, -0.004294322754339174, 0.0029520328519931998, -0.015819725470268876], [-0.0029169585189763357, 0.008151066879568347, 0.9999625250286748, 0.02980395722897053], [-0.004318224041924374, -0.9999575585497646, 0.008138429843488115, 0.029768975267568262], [0.0, 0.0, 0.0, 1.0]]}, "Hobj2base": {"type": "ndarray", "data": [[0.9999719308394894, -0.005636632015661637, -0.004936184018387924, -0.7351514188249696], [-0.005631546445085672, -0.9999835982015532, 0.0010435576217641459, 0.09128028783173321], [-0.004941985206393585, -0.0010157299804167174, -0.9999872724564176, 0.001290027659950689], [0.0, 0.0, 0.0, 1.0]]}, "mean_rme": {"type": "float", "data": 0.002172534959285444}, "max_rme": {"type": "float", "data": 0.008966690314933773}, "simu": {"type": "float", "data": 0.002}}, {"type": "dict", "image_number": {"type": "int", "data": 28}, "Hcamera2end": {"type": "ndarray", "data": [[0.9999864952084423, -0.004446219954943759, 0.002690823080094024, -0.015730368401657837], [-0.00265415087336917, 0.008233368558757892, 0.9999625828626374, 0.029588114829188956], [-0.0044682081282657864, -0.9999562204268183, 0.00822145643025507, 0.02982328750103655], [0.0, 0.0, 0.0, 1.0]]}, "Hobj2base": {"type": "ndarray", "data": [[0.9999720048622512, -0.005719815648699309, -0.004824230582650788, -0.7351551610018061], [-0.005716468712636027, -0.9999834107326226, 0.0007072800071897025, 0.09117047138247461], [-0.004828196063452898, -0.0006796826436002093, -0.9999881132064905, 0.0014302305850452074], [0.0, 0.0, 0.0, 1.0]]}, "mean_rme": {"type": "float", "data": 0.002169116117170256}, "max_rme": {"type": "float", "data": 0.008987049896685223}, "simu": {"type": "float", "data": 0.002}}, {"type": "dict", "image_number": {"type": "int", "data": 29}, "Hcamera2end": {"type": "ndarray", "data": [[0.9999808385700836, -0.005727567083435747, 0.002348929112838241, -0.014995556532186117], [-0.002304084189737265, 0.007823731404821177, 0.9999667396583507, 0.02928911105014296], [-0.005745753973065545, -0.9999529909961817, 0.007810384694177497, 0.029863826591442277], [0.0, 0.0, 0.0, 1.0]]}, "Hobj2base": {"type": "ndarray", "data": [[0.9999666039599461, -0.006870473203786371, -0.004425783859211228, -0.7352128010480147], [-0.006867961657334232, -0.999976245657336, 0.0005824291655418276, 0.09187117941082715], [-0.004429680291599837, -0.0005520136008653751, -0.9999900365571144, 0.0016548420455119019], [0.0, 0.0, 0.0, 1.0]]}, "mean_rme": {"type": "float", "data": 0.002296290168952994}, "max_rme": {"type": "float", "data": 0.009167847685338265}, "simu": {"type": "float", "data": 0.002}}, {"type": "dict", "image_number": {"type": "int", "data": 30}, "Hcamera2end": {"type": "ndarray", "data": [[0.9999829237947712, -0.0054521682161515345, 0.002103801464868745, -0.01486690824428058], [-0.0020648529872368537, 0.007139477837360575, 0.9999723817377915, 0.02951704624761344], [-0.005467037680672772, -0.999959650044917, 0.00712809799634373, 0.03004232968707352], [0.0, 0.0, 0.0, 1.0]]}, "Hobj2base": {"type": "ndarray", "data": [[0.9999699071375672, -0.006661200644961346, -0.003976584621614268, -0.7351704400237254], [-0.006658802366145181, -0.9999776401755707, 0.0006160356677732178, 0.09191467968249706], [-0.003980599243067794, -0.0005895378384090321, -0.9999919036046252, 0.0013140276279309322], [0.0, 0.0, 0.0, 1.0]]}, "mean_rme": {"type": "float", "data": 0.0023495006202480773}, "max_rme": {"type": "float", "data": 0.009168095512246316}, "simu": {"type": "float", "data": 0.002}}]}