{"type": "list", "data": [{"type": "dict", "image_number": {"type": "int", "data": 5}, "Hcamera2end": {"type": "ndarray", "data": [[0.9999597309461454, 0.008623740996008086, -0.0024834607599708396, -0.01209890886581643], [0.002573865617022419, -0.0104880270779244, 0.9999416865516702, 0.024826893165986852], [0.008597191512235567, -0.9999078119403042, -0.010509801085436976, 0.03489496696149656], [0.0, 0.0, 0.0, 1.0]]}, "Hobj2base": {"type": "ndarray", "data": [[0.9999031695538436, 0.012272794171975658, 0.006559728606416827, -0.7308573652074832], [0.012273129076360667, -0.9999246822566263, -1.0800901528483781e-05, 0.0919027452343801], [0.0065591019852197195, 9.130825156481909e-05, -0.9999784846905209, 0.0019958023088304743], [0.0, 0.0, 0.0, 1.0]]}, "mean_rme": {"type": "float", "data": 0.0013830485282434327}, "max_rme": {"type": "float", "data": 0.004683973660555951}, "simu": {"type": "float", "data": 0.002}}, {"type": "dict", "image_number": {"type": "int", "data": 6}, "Hcamera2end": {"type": "ndarray", "data": [[0.9999641509074406, 0.007886204247815623, 0.0030829665134384813, -0.012666679579930834], [-0.003084828618003666, 0.0002239686641565264, 0.9999952168237781, 0.025552609454907536], [0.007885476038819332, -0.9999688783260202, 0.00024828822363420766, 0.03557164745557389], [0.0, 0.0, 0.0, 1.0]]}, "Hobj2base": {"type": "ndarray", "data": [[0.9999760041445741, 0.006523451211652019, -0.0023314629184259393, -0.7371416520845128], [0.006534398775356228, -0.9999675147810596, 0.004719217650771989, 0.09560648404695304], [-0.0023006015942406053, -0.004734339117546469, -0.9999861465367528, 0.0033401176292167842], [0.0, 0.0, 0.0, 1.0]]}, "mean_rme": {"type": "float", "data": 0.00128575339374909}, "max_rme": {"type": "float", "data": 0.0047890675881478995}, "simu": {"type": "float", "data": 0.002}}, {"type": "dict", "image_number": {"type": "int", "data": 7}, "Hcamera2end": {"type": "ndarray", "data": [[0.9999741269775839, 0.007129591645717, -0.0009561895127533581, -0.01232799896596847], [0.000905644572256701, 0.007089319280658368, 0.9999744603538862, 0.025137791276235874], [0.007136188291218157, -0.9999494539601, 0.007082678982565316, 0.0334393360742791], [0.0, 0.0, 0.0, 1.0]]}, "Hobj2base": {"type": "ndarray", "data": [[0.9999615844112373, 0.004242798081104652, -0.007669965202723422, -0.7382489391055582], [0.004261884807419721, -0.9999878580716062, 0.0024738729250956674, 0.09404489118145218], [-0.0076593759312556554, -0.0025064663979816504, -0.9999675252659654, 0.00482972817094242], [0.0, 0.0, 0.0, 1.0]]}, "mean_rme": {"type": "float", "data": 0.00184473578976118}, "max_rme": {"type": "float", "data": 0.00519673269378651}, "simu": {"type": "float", "data": 0.002}}, {"type": "dict", "image_number": {"type": "int", "data": 8}, "Hcamera2end": {"type": "ndarray", "data": [[0.9999735003521878, 0.0072092020221264895, -0.0010129163821166352, -0.013077606431078477], [0.0009776076071944494, 0.004899576818733764, 0.9999875191372959, 0.027236284986411164], [0.007214074906690979, -0.9999620100549828, 0.004892399210934983, 0.034202394551097574], [0.0, 0.0, 0.0, 1.0]]}, "Hobj2base": {"type": "ndarray", "data": [[0.9999687571753639, 0.005897293019931255, -0.005263706697296662, -0.7381395898162837], [0.005909198458402205, -0.9999800112208568, 0.0022491181192852757, 0.09187902359336145], [-0.0052503377736401536, -0.002280152137983436, -0.9999836172955487, 0.003070945599819727], [0.0, 0.0, 0.0, 1.0]]}, "mean_rme": {"type": "float", "data": 0.0018737869528577822}, "max_rme": {"type": "float", "data": 0.005258490836569235}, "simu": {"type": "float", "data": 0.002}}, {"type": "dict", "image_number": {"type": "int", "data": 9}, "Hcamera2end": {"type": "ndarray", "data": [[0.9999693986142703, 0.007796440982891384, -0.0006460209090903678, -0.01245326184472017], [0.0006129015707249602, 0.004249649204871031, 0.9999907823741677, 0.027062847340833144], [0.007799114480458226, -0.9999605772177399, 0.004244740708791994, 0.03446486715673827], [0.0, 0.0, 0.0, 1.0]]}, "Hobj2base": {"type": "ndarray", "data": [[0.9999552802187824, 0.007026015454804861, -0.006330297734312971, -0.7387818781082139], [0.007044917570714443, -0.9999707777249065, 0.002968641552464557, 0.09225139748492274], [-0.0063092550271837645, -0.003013105221200133, -0.9999755569502324, 0.002882122593832174], [0.0, 0.0, 0.0, 1.0]]}, "mean_rme": {"type": "float", "data": 0.0020496701305558864}, "max_rme": {"type": "float", "data": 0.006781827870494611}, "simu": {"type": "float", "data": 0.002}}, {"type": "dict", "image_number": {"type": "int", "data": 10}, "Hcamera2end": {"type": "ndarray", "data": [[0.9999660641847516, 0.0081135870267864, -0.001428350242752562, -0.013551556795863185], [0.001390050569975564, 0.004724116059371841, 0.9999878751699295, 0.025353768285082876], [0.008120236343242632, -0.9999559252452163, 0.004712677446370828, 0.03449789020425083], [0.0, 0.0, 0.0, 1.0]]}, "Hobj2base": {"type": "ndarray", "data": [[0.9999606272823425, 0.0062088597199561986, -0.0063398695634890555, -0.7390236979100129], [0.006229460862811576, -0.9999753643226119, 0.003234898022947801, 0.09209160853849403], [-0.006319628348474958, -0.0032742646255423777, -0.9999746704235561, 0.005354763105183702], [0.0, 0.0, 0.0, 1.0]]}, "mean_rme": {"type": "float", "data": 0.002227712359276465}, "max_rme": {"type": "float", "data": 0.007661361974869968}, "simu": {"type": "float", "data": 0.002}}, {"type": "dict", "image_number": {"type": "int", "data": 11}, "Hcamera2end": {"type": "ndarray", "data": [[0.9999698057216877, 0.007744486328034284, -0.0006407623936413392, -0.013941783648985184], [0.0006023314206108337, 0.004963679770363383, 0.9999874994618667, 0.02539145266680717], [0.007747570057118545, -0.9999576915123221, 0.004958865148183111, 0.0344218452110443], [0.0, 0.0, 0.0, 1.0]]}, "Hobj2base": {"type": "ndarray", "data": [[0.99995852714088, 0.0061930059602876685, -0.006677624983316172, -0.7389720395926148], [0.0062187156829064255, -0.9999733049677826, 0.0038362647283984113, 0.09225717190058895], [-0.0066536887135738906, -0.0038776318787400997, -0.9999703457590714, 0.005528374898573648], [0.0, 0.0, 0.0, 1.0]]}, "mean_rme": {"type": "float", "data": 0.00209652482731504}, "max_rme": {"type": "float", "data": 0.00768759005461192}, "simu": {"type": "float", "data": 0.002}}, {"type": "dict", "image_number": {"type": "int", "data": 12}, "Hcamera2end": {"type": "ndarray", "data": [[0.9999559639353368, 0.009174679367759188, -0.00197368909661405, -0.01343563074666013], [0.0019456156245959803, 0.003067804864451462, 0.9999934015548076, 0.025599257892575573], [0.009180673722151731, -0.9999532058210586, 0.0030498193708694554, 0.03414687630869333], [0.0, 0.0, 0.0, 1.0]]}, "Hobj2base": {"type": "ndarray", "data": [[0.9999549853345477, 0.007376398163833294, -0.005967918792418776, -0.7378547574086509], [0.007391984837677247, -0.9999693146119064, 0.0025939149472865423, 0.09187647859932097], [-0.005948601915060215, -0.0026379129482990275, -0.9999788275511305, 0.004822253540515446], [0.0, 0.0, 0.0, 1.0]]}, "mean_rme": {"type": "float", "data": 0.002335866134741636}, "max_rme": {"type": "float", "data": 0.007825101237989879}, "simu": {"type": "float", "data": 0.002}}, {"type": "dict", "image_number": {"type": "int", "data": 13}, "Hcamera2end": {"type": "ndarray", "data": [[0.9999546721545715, 0.009322812229769405, -0.0019335998479381592, -0.01325510202771685], [0.001905319524297231, 0.0030413821825485687, 0.9999935598552271, 0.025487296486721787], [0.009328633005634655, -0.9999519164272589, 0.0030234813870843036, 0.03427433756586543], [0.0, 0.0, 0.0, 1.0]]}, "Hobj2base": {"type": "ndarray", "data": [[0.9999525314266471, 0.007306660867871549, -0.0064457428122936195, -0.7381736227706178], [0.007324111060820764, -0.9999695660882981, 0.002687804745284202, 0.0919692790894606], [-0.006425907765373172, -0.002734886495254218, -0.9999756137552795, 0.004846226915095893], [0.0, 0.0, 0.0, 1.0]]}, "mean_rme": {"type": "float", "data": 0.0023197208850698607}, "max_rme": {"type": "float", "data": 0.007513039559189555}, "simu": {"type": "float", "data": 0.002}}, {"type": "dict", "image_number": {"type": "int", "data": 14}, "Hcamera2end": {"type": "ndarray", "data": [[0.9999553488385731, 0.009134096964544165, -0.002422519715064688, -0.013128494838345401], [0.0023827518584708493, 0.004362152488630255, 0.9999876469833249, 0.02546727892596359], [0.009144551531295874, -0.9999487686368278, 0.004340193426937589, 0.03392691621349548], [0.0, 0.0, 0.0, 1.0]]}, "Hobj2base": {"type": "ndarray", "data": [[0.9999480396764421, 0.00709087768113025, -0.007323755932019723, -0.7385881430870754], [0.007107090337648515, -0.9999723460710352, 0.002190059387742696, 0.09177240315310034], [-0.00730802395816053, -0.0022419961865680514, -0.9999707826926374, 0.00499109845616572], [0.0, 0.0, 0.0, 1.0]]}, "mean_rme": {"type": "float", "data": 0.0022466773503237343}, "max_rme": {"type": "float", "data": 0.007777556706930117}, "simu": {"type": "float", "data": 0.002}}, {"type": "dict", "image_number": {"type": "int", "data": 15}, "Hcamera2end": {"type": "ndarray", "data": [[0.9999573706491635, 0.008972315298158774, -0.002180468436361911, -0.013231097796512725], [0.0021422650217955146, 0.004265331569362596, 0.9999886087587097, 0.02545182568149314], [0.008981513513207891, -0.9999506510347366, 0.004245928663818899, 0.03403992900210328], [0.0, 0.0, 0.0, 1.0]]}, "Hobj2base": {"type": "ndarray", "data": [[0.9999502955098777, 0.0069082854022894675, -0.007189026534159521, -0.7385847764961656], [0.006923625235295324, -0.9999738030155261, 0.0021110888820695057, 0.09185576339482772], [-0.007174254198836084, -0.0021607580770021343, -0.9999719302066554, 0.005014294513027092], [0.0, 0.0, 0.0, 1.0]]}, "mean_rme": {"type": "float", "data": 0.002133495816483124}, "max_rme": {"type": "float", "data": 0.007781646115184032}, "simu": {"type": "float", "data": 0.002}}, {"type": "dict", "image_number": {"type": "int", "data": 16}, "Hcamera2end": {"type": "ndarray", "data": [[0.9999534019443205, 0.009282810856305543, -0.0026501627471205757, -0.012913187191053771], [0.002610487333397094, 0.004283585408504043, 0.9999874180468121, 0.025390964693366994], [0.009294046258887623, -0.99994773879371, 0.004259153141593974, 0.03413477257485796], [0.0, 0.0, 0.0, 1.0]]}, "Hobj2base": {"type": "ndarray", "data": [[0.9999441396458446, 0.007263212162654889, -0.0076787588197536165, -0.7388594819431756], [0.007276865203952871, -0.9999719891984868, 0.0017515853460825484, 0.09173902643349581], [-0.007665821595574855, -0.001807364794769794, -0.9999689838248802, 0.005019819522569399], [0.0, 0.0, 0.0, 1.0]]}, "mean_rme": {"type": "float", "data": 0.002111617896652545}, "max_rme": {"type": "float", "data": 0.007923072287700228}, "simu": {"type": "float", "data": 0.002}}, {"type": "dict", "image_number": {"type": "int", "data": 17}, "Hcamera2end": {"type": "ndarray", "data": [[0.9999623780090316, 0.008479167239591624, -0.0018292865946829013, -0.013377249480162194], [0.0017869734620991726, 0.004995139069037147, 0.9999859275567464, 0.025366179521378845], [0.008488185457929374, -0.9999515749818106, 0.004979799095122361, 0.03415267413519406], [0.0, 0.0, 0.0, 1.0]]}, "Hobj2base": {"type": "ndarray", "data": [[0.9999501761458321, 0.006273784624395032, -0.0077643320643748315, -0.7389989126849206], [0.006290863400084576, -0.9999778422154908, 0.0021771806842514835, 0.09196930576380309], [-0.0077505008612767075, -0.0022259165611284533, -0.9999674869873829, 0.005293103723345525], [0.0, 0.0, 0.0, 1.0]]}, "mean_rme": {"type": "float", "data": 0.0021909125348332855}, "max_rme": {"type": "float", "data": 0.00826708412542701}, "simu": {"type": "float", "data": 0.002}}, {"type": "dict", "image_number": {"type": "int", "data": 18}, "Hcamera2end": {"type": "ndarray", "data": [[0.9999667052236202, 0.008017276244918577, -0.0015204360658074693, -0.013475805208389351], [0.0014769976684224431, 0.005421239216434559, 0.999984214197027, 0.025290421229485695], [0.008025392333401432, -0.9999531656267562, 0.005409217219166318, 0.03428574340916331], [0.0, 0.0, 0.0, 1.0]]}, "Hobj2base": {"type": "ndarray", "data": [[0.9999517297556251, 0.005803443163317505, -0.007928316730774038, -0.7393077244970503], [0.005823687420238155, -0.9999798348042377, 0.002532715878422688, 0.09209303010655079], [-0.007913458382065837, -0.0025787656620169766, -0.9999653629721859, 0.005484277637508478], [0.0, 0.0, 0.0, 1.0]]}, "mean_rme": {"type": "float", "data": 0.002190529967961155}, "max_rme": {"type": "float", "data": 0.008621079374158902}, "simu": {"type": "float", "data": 0.002}}, {"type": "dict", "image_number": {"type": "int", "data": 19}, "Hcamera2end": {"type": "ndarray", "data": [[0.999972954117169, 0.007066212197282136, -0.0020395292018473717, -0.01359242948076106], [0.002021681222233273, 0.0025320428125802374, 0.9999947507683382, 0.024540449022004057], [0.007071339280353925, -0.9999718283053669, 0.002517688702735388, 0.03352097560177188], [0.0, 0.0, 0.0, 1.0]]}, "Hobj2base": {"type": "ndarray", "data": [[0.9999705714618392, 0.00570454677958873, -0.00512975207218897, -0.7367641513048447], [0.0057097287879489585, -0.9999832032399614, 0.0009961099913180244, 0.09139056212352427], [-0.005123983552931264, -0.0010253701703387508, -0.9999863466110743, 0.005761656312807182], [0.0, 0.0, 0.0, 1.0]]}, "mean_rme": {"type": "float", "data": 0.0023119369913310616}, "max_rme": {"type": "float", "data": 0.008041345605090011}, "simu": {"type": "float", "data": 0.002}}, {"type": "dict", "image_number": {"type": "int", "data": 20}, "Hcamera2end": {"type": "ndarray", "data": [[0.999971493662353, 0.007010500486894572, -0.0028044153768339345, -0.013355475066550085], [0.002776514029960598, 0.003986505829372322, 0.9999881993009286, 0.024630329242510848], [0.007021597576335716, -0.9999674797983161, 0.003966927435732126, 0.032824850509776814], [0.0, 0.0, 0.0, 1.0]]}, "Hobj2base": {"type": "ndarray", "data": [[0.9999672607450429, 0.005167679422768043, -0.006226758983509729, -0.7368386858029122], [0.0051721031203654415, -0.9999863833890565, 0.0006945399824067097, 0.09123225123601418], [-0.006223085036179838, -0.0007267226832535221, -0.9999803723507648, 0.005856069760659438], [0.0, 0.0, 0.0, 1.0]]}, "mean_rme": {"type": "float", "data": 0.002347351957408748}, "max_rme": {"type": "float", "data": 0.008358299204821673}, "simu": {"type": "float", "data": 0.002}}, {"type": "dict", "image_number": {"type": "int", "data": 21}, "Hcamera2end": {"type": "ndarray", "data": [[0.99997313420379, 0.006710344799177867, -0.0029499395460375324, -0.013371155540189191], [0.002916606318599296, 0.004971812679101295, 0.9999833871051388, 0.024660871791537947], [0.006724899867762808, -0.9999651255675669, 0.004952107673353856, 0.0323978670293924], [0.0, 0.0, 0.0, 1.0]]}, "Hobj2base": {"type": "ndarray", "data": [[0.9999690024599039, 0.004484566225699188, -0.006471691055041654, -0.7368354009492841], [0.004490134501707948, -0.9999895613217928, 0.0008461321440815315, 0.09123497672042717], [-0.0064678289635054466, -0.000875164679357106, -0.9999787004108054, 0.005958685904094795], [0.0, 0.0, 0.0, 1.0]]}, "mean_rme": {"type": "float", "data": 0.002347998972897209}, "max_rme": {"type": "float", "data": 0.0086012789012751}, "simu": {"type": "float", "data": 0.002}}, {"type": "dict", "image_number": {"type": "int", "data": 22}, "Hcamera2end": {"type": "ndarray", "data": [[0.9999818221021739, 0.005307752509052551, -0.002860634286125145, -0.0132011573630504], [0.0028546944496025597, 0.0011263257386404657, 0.999995291043878, 0.02420753555250008], [0.005310949521104178, -0.9999852794684697, 0.0011111532527787737, 0.03475631322709258], [0.0, 0.0, 0.0, 1.0]]}, "Hobj2base": {"type": "ndarray", "data": [[0.9999852530030467, 0.004632030674448223, -0.0028351487198343176, -0.7363796541905011], [0.004629989391268797, -0.9999890179049724, -0.0007261320026824431, 0.09147381984539153], [-0.002838481049671783, 0.0007129945859205097, -0.9999957173228549, 0.005132716949926092], [0.0, 0.0, 0.0, 1.0]]}, "mean_rme": {"type": "float", "data": 0.0023648902500321752}, "max_rme": {"type": "float", "data": 0.008602870070384433}, "simu": {"type": "float", "data": 0.002}}, {"type": "dict", "image_number": {"type": "int", "data": 23}, "Hcamera2end": {"type": "ndarray", "data": [[0.9999821769121455, 0.005439911322190499, -0.002460329826106151, -0.013254678540736814], [0.0024527240699296834, 0.0014043693233363186, 0.9999960059377437, 0.024141565723030625], [0.005443344806579082, -0.9999842174312603, 0.0013910016917002554, 0.034820917157827334], [0.0, 0.0, 0.0, 1.0]]}, "Hobj2base": {"type": "ndarray", "data": [[0.9999835116070678, 0.004788386101026426, -0.003169837936699064, -0.736637698963021], [0.004786703910983515, -0.9999883989109879, -0.0005380605060960035, 0.09156503869628875], [-0.0031723776045759064, 0.0005228785586941764, -0.999994831295816, 0.005333522064939383], [0.0, 0.0, 0.0, 1.0]]}, "mean_rme": {"type": "float", "data": 0.002405179885272362}, "max_rme": {"type": "float", "data": 0.008674776784709515}, "simu": {"type": "float", "data": 0.002}}, {"type": "dict", "image_number": {"type": "int", "data": 24}, "Hcamera2end": {"type": "ndarray", "data": [[0.9999815339105012, 0.005528889516717066, -0.002522542113254098, -0.013514209843432105], [0.002517821999492585, 0.0008605124723466417, 0.9999964600390663, 0.024861498015207446], [0.005531040623614645, -0.9999843453269641, 0.0008465758223883402, 0.0350066897040848], [0.0, 0.0, 0.0, 1.0]]}, "Hobj2base": {"type": "ndarray", "data": [[0.9999831722400842, 0.00515447269706917, -0.0026620758579110324, -0.7366852544540491], [0.005152643143093242, -0.9999864844555788, -0.000693667653187918, 0.09082318632587967], [-0.002665615369485718, 0.0006799392533995294, -0.9999962160814981, 0.004755349697939344], [0.0, 0.0, 0.0, 1.0]]}, "mean_rme": {"type": "float", "data": 0.002370057525647534}, "max_rme": {"type": "float", "data": 0.008658067608232733}, "simu": {"type": "float", "data": 0.002}}, {"type": "dict", "image_number": {"type": "int", "data": 25}, "Hcamera2end": {"type": "ndarray", "data": [[0.9999826995546338, 0.00546234894855034, -0.0021825066761169193, -0.01366111174173552], [0.002176945014986136, 0.0010239198671305738, 0.9999971062450665, 0.024846865445809843], [0.005464567853796945, -0.9999845570467922, 0.0010120109195471683, 0.03495246573426274], [0.0, 0.0, 0.0, 1.0]]}, "Hobj2base": {"type": "ndarray", "data": [[0.999982772718644, 0.005185450255614995, -0.002750522055779525, -0.7367053249501828], [0.005184431295156388, -0.9999864895062223, -0.0003774614784872169, 0.09088003211862306], [-0.002752442202588512, 0.00036319508322812466, -0.9999961460682001, 0.004848631646044923], [0.0, 0.0, 0.0, 1.0]]}, "mean_rme": {"type": "float", "data": 0.0023151142493357587}, "max_rme": {"type": "float", "data": 0.008715902499979472}, "simu": {"type": "float", "data": 0.002}}, {"type": "dict", "image_number": {"type": "int", "data": 26}, "Hcamera2end": {"type": "ndarray", "data": [[0.9999840728552881, 0.0052919709289580745, -0.0019619070918189215, -0.013626105755962717], [0.0019566194946390994, 0.0010041657485863054, 0.9999975816427271, 0.02470574442327322], [0.005293928210985203, -0.9999854932421952, 0.0009937953816083755, 0.03472315819035118], [0.0, 0.0, 0.0, 1.0]]}, "Hobj2base": {"type": "ndarray", "data": [[0.9999816437160913, 0.005350241952968875, -0.002843790060625835, -0.7364000323569388], [0.005350172383112326, -0.9999856872110438, -3.2070671143528966e-05, 0.09094811580189385], [-0.0028439209439090726, 1.6855315399454648e-05, -0.9999959559066045, 0.005010385155780611], [0.0, 0.0, 0.0, 1.0]]}, "mean_rme": {"type": "float", "data": 0.0022689833131464506}, "max_rme": {"type": "float", "data": 0.00878606767188872}, "simu": {"type": "float", "data": 0.002}}, {"type": "dict", "image_number": {"type": "int", "data": 27}, "Hcamera2end": {"type": "ndarray", "data": [[0.9999821737953679, 0.005525571308132835, -0.002262775554354923, -0.013062287017466138], [0.002254035476170482, 0.0015874665637416463, 0.9999961996297692, 0.025246660508319578], [0.0055291423894499175, -0.9999834738692573, 0.0015749834314832123, 0.03443054422009126], [0.0, 0.0, 0.0, 1.0]]}, "Hobj2base": {"type": "ndarray", "data": [[0.9999820710136454, 0.005046212898619844, -0.0032238775786999803, -0.7364182816869191], [0.0050457363582177605, -0.999987258033681, -0.00015593230615416914, 0.0910430842696367], [-0.0032246233677750815, 0.00013966267413269035, -0.9999947911356708, 0.004420969804370141], [0.0, 0.0, 0.0, 1.0]]}, "mean_rme": {"type": "float", "data": 0.0022751037206270057}, "max_rme": {"type": "float", "data": 0.008779820112158221}, "simu": {"type": "float", "data": 0.002}}, {"type": "dict", "image_number": {"type": "int", "data": 28}, "Hcamera2end": {"type": "ndarray", "data": [[0.9999863927829251, 0.004867903824586979, -0.0018755696062492091, -0.012966783827073313], [0.0018689568204042493, 0.0013626399430406444, 0.999997325102817, 0.02695322804316829], [0.00487044652950618, -0.9999872232807477, 0.0013535234992491096, 0.03423794373479789], [0.0, 0.0, 0.0, 1.0]]}, "Hobj2base": {"type": "ndarray", "data": [[0.999985391038378, 0.00469173159760597, -0.0026842809909220678, -0.7362057303621378], [0.004690852981533816, -0.9999889422698156, -0.0003335212163918797, 0.09043938145251042], [-0.0026858161008965474, 0.00032092477650368795, -0.9999963416928888, 0.002556376897367023], [0.0, 0.0, 0.0, 1.0]]}, "mean_rme": {"type": "float", "data": 0.002408586688537988}, "max_rme": {"type": "float", "data": 0.009412578179108316}, "simu": {"type": "float", "data": 0.002}}, {"type": "dict", "image_number": {"type": "int", "data": 29}, "Hcamera2end": {"type": "ndarray", "data": [[0.9999853092656078, 0.005156332834512408, -0.0016713720909472094, -0.013403466068775089], [0.0016565429454539749, 0.002878840952549866, 0.9999944840549071, 0.027380902307381636], [0.00516111600688598, -0.9999825621011946, 0.002870256973480645, 0.03383478149695071], [0.0, 0.0, 0.0, 1.0]]}, "Hobj2base": {"type": "ndarray", "data": [[0.9999827132085279, 0.00434334769119537, -0.0039634095100358575, -0.7368846629760198], [0.004344023729853318, -0.9999905515659624, 0.00016197727187091087, 0.090374713983877], [-0.003962668538412731, -0.00017919161676631092, -0.999992132543261, 0.002583030817237842], [0.0, 0.0, 0.0, 1.0]]}, "mean_rme": {"type": "float", "data": 0.0023988683870644263}, "max_rme": {"type": "float", "data": 0.00966332414273352}, "simu": {"type": "float", "data": 0.002}}, {"type": "dict", "image_number": {"type": "int", "data": 30}, "Hcamera2end": {"type": "ndarray", "data": [[0.9999854063720471, 0.005107219726484815, -0.0017616326510249039, -0.013227091056376553], [0.0017490662638316242, 0.0024639375283437293, 0.9999954348791105, 0.02719836548517467], [0.005111536964209369, -0.9999839225300184, 0.00245496870483064, 0.0337766645100891], [0.0, 0.0, 0.0, 1.0]]}, "Hobj2base": {"type": "ndarray", "data": [[0.9999836467855534, 0.004434619440803479, -0.0036111372004960277, -0.7365373578724469], [0.004433704729332026, -0.9999901369518212, -0.00026126892391564776, 0.09037942562311171], [-0.003612260211925114, 0.0002452539352448007, -0.9999934456918547, 0.002643984291286511], [0.0, 0.0, 0.0, 1.0]]}, "mean_rme": {"type": "float", "data": 0.002346028336081991}, "max_rme": {"type": "float", "data": 0.00959323755636543}, "simu": {"type": "float", "data": 0.002}}]}