{"type": "list", "data": [{"type": "dict", "image_number": {"type": "int", "data": 5}, "Hcamera2end": {"type": "ndarray", "data": [[0.9998869374312639, -0.003525473332670834, -0.014617913397897246, -0.008991140261731971], [0.01458292340180244, -0.009754388787706514, 0.9998460832770389, 0.0338407493589334], [-0.003667519513916696, -0.9999462100218987, -0.009701874223888352, 0.033265840591574176], [0.0, 0.0, 0.0, 1.0]]}, "Hobj2base": {"type": "ndarray", "data": [[0.9999354003592905, -0.00935544829715424, 0.0064552843054860665, -0.7320622892902285], [-0.009293718604699025, -0.9999114247925533, -0.009527295724526126, 0.09133565927198503], [0.0065438446499020845, 0.009466686668796872, -0.9999337777776649, -0.005801187562523591], [0.0, 0.0, 0.0, 1.0]]}, "mean_rme": {"type": "float", "data": 0.0013221051938217766}, "max_rme": {"type": "float", "data": 0.004612205824118587}, "simu": {"type": "float", "data": 0.002}}, {"type": "dict", "image_number": {"type": "int", "data": 6}, "Hcamera2end": {"type": "ndarray", "data": [[0.9999230189120357, -0.0025568100374134617, -0.012141621484514375, -0.00870602310936951], [0.012197980014983897, 0.02332006953205179, 0.9996536318348342, 0.033061195778051805], [-0.0022727809825613962, -0.9997247806668857, 0.02334946224546619, 0.03503662427337237], [0.0, 0.0, 0.0, 1.0]]}, "Hobj2base": {"type": "ndarray", "data": [[0.9997863183179081, 0.0031701299036323506, -0.020427138338899493, -0.7507629240408029], [0.0030175481190231174, -0.9999673512021998, -0.0074960611661047715, 0.08992485001962948], [-0.020450234905052354, 0.007432819522274164, -0.9997632425160856, 0.0007932302669315291], [0.0, 0.0, 0.0, 1.0]]}, "mean_rme": {"type": "float", "data": 0.0015083056333690572}, "max_rme": {"type": "float", "data": 0.0061681433582782275}, "simu": {"type": "float", "data": 0.002}}, {"type": "dict", "image_number": {"type": "int", "data": 7}, "Hcamera2end": {"type": "ndarray", "data": [[0.9999393978862927, -0.0017923348316262189, -0.010862232305092308, -0.008252259340509958], [0.010898928198583735, 0.02192168910144565, 0.9997002815399533, 0.03462644482552809], [-0.0015536791562506822, -0.9997580842797876, 0.021939895129387765, 0.035348247441438926], [0.0, 0.0, 0.0, 1.0]]}, "Hobj2base": {"type": "ndarray", "data": [[0.9998360375858681, 0.002176429636935578, -0.017976682080574263, -0.7500433325467899], [0.002073408814365817, -0.9999813336985608, -0.0057474542482137125, 0.09202203138394549], [-0.017988855452170424, 0.0057092388706611475, -0.9998218869733939, -0.000296568028297758], [0.0, 0.0, 0.0, 1.0]]}, "mean_rme": {"type": "float", "data": 0.0017640337897800954}, "max_rme": {"type": "float", "data": 0.004991633261110073}, "simu": {"type": "float", "data": 0.002}}, {"type": "dict", "image_number": {"type": "int", "data": 8}, "Hcamera2end": {"type": "ndarray", "data": [[0.999935203325275, -0.0021814033968413455, -0.01117276286606246, -0.00844701661507004], [0.011206893491535943, 0.016316836486472752, 0.9998040639972129, 0.03414590065350205], [-0.001998671836591627, -0.9998644919819354, 0.01634022596525686, 0.03500674336380596], [0.0, 0.0, 0.0, 1.0]]}, "Hobj2base": {"type": "ndarray", "data": [[0.999908771671922, -0.000339574688311805, -0.013503074560228505, -0.7468559057254168], [-0.0004207512994417937, -0.9999818553151154, -0.006009326824508409, 0.09190180092044903], [-0.013500788935912238, 0.0060144600398370105, -0.9998907715188381, -0.0009814176826258153], [0.0, 0.0, 0.0, 1.0]]}, "mean_rme": {"type": "float", "data": 0.0017247015294840548}, "max_rme": {"type": "float", "data": 0.004936443488990139}, "simu": {"type": "float", "data": 0.002}}, {"type": "dict", "image_number": {"type": "int", "data": 9}, "Hcamera2end": {"type": "ndarray", "data": [[0.9999373107021583, -0.002759502809752396, -0.010851719217630274, -0.00896618978336912], [0.010887198858846883, 0.013184843010126568, 0.9998538037212272, 0.03220105240161675], [-0.0026160211664359176, -0.9999092684134103, 0.013214059717417403, 0.03467698655297554], [0.0, 0.0, 0.0, 1.0]]}, "Hobj2base": {"type": "ndarray", "data": [[0.9999374374474943, -0.002334604355627714, -0.010939415589557269, -0.7449503574787081], [-0.002411520102704044, -0.9999724295323127, -0.007023157839489806, 0.09082626132752444], [-0.010922717689870905, 0.007049099073414769, -0.9999154986500212, -0.0002218317705324645], [0.0, 0.0, 0.0, 1.0]]}, "mean_rme": {"type": "float", "data": 0.0019554342549788044}, "max_rme": {"type": "float", "data": 0.00898426116721926}, "simu": {"type": "float", "data": 0.002}}, {"type": "dict", "image_number": {"type": "int", "data": 10}, "Hcamera2end": {"type": "ndarray", "data": [[0.9999428901019086, -0.0032570235075170947, -0.010178817834788006, -0.008729258952410264], [0.010226750246716449, 0.015054944251975289, 0.9998343673994013, 0.03193627364999464], [-0.003103242503189589, -0.9998813631883742, 0.015087393231602353, 0.034867889581963636], [0.0, 0.0, 0.0, 1.0]]}, "Hobj2base": {"type": "ndarray", "data": [[0.99991696785578, -0.0032917100492441047, -0.012458813709769884, -0.7457010891559721], [-0.003377964749885183, -0.9999704306423733, -0.006908487175544626, 0.09130817514252758], [-0.012435704573990885, 0.006949998982578112, -0.9998985202338737, 0.0005452936320100021], [0.0, 0.0, 0.0, 1.0]]}, "mean_rme": {"type": "float", "data": 0.0020779307145336622}, "max_rme": {"type": "float", "data": 0.008530774636195754}, "simu": {"type": "float", "data": 0.002}}, {"type": "dict", "image_number": {"type": "int", "data": 11}, "Hcamera2end": {"type": "ndarray", "data": [[0.9999396367610249, -0.0030390113410806475, -0.010558752023716523, -0.00865499774619009], [0.010598384987148228, 0.013334967502398931, 0.999854915913991, 0.03159004049500025], [-0.0028977698137957067, -0.9999064671516925, 0.013366371172741975, 0.034756590161786984], [0.0, 0.0, 0.0, 1.0]]}, "Hobj2base": {"type": "ndarray", "data": [[0.9999366568384256, -0.004108255279977855, -0.01047876659474795, -0.7447642645133018], [-0.004186278695150855, -0.9999635985659749, -0.007434824387423423, 0.09112292976883314], [-0.01044784099607175, 0.007478220479488025, -0.9999174560117354, 0.0003965108078096691], [0.0, 0.0, 0.0, 1.0]]}, "mean_rme": {"type": "float", "data": 0.0020130308702746556}, "max_rme": {"type": "float", "data": 0.008047029235827535}, "simu": {"type": "float", "data": 0.002}}, {"type": "dict", "image_number": {"type": "int", "data": 12}, "Hcamera2end": {"type": "ndarray", "data": [[0.9999457094214824, -0.003056645669744436, -0.009961682931007264, -0.008241022089895933], [0.010006460130567107, 0.015001309469986568, 0.9998374025159495, 0.030974448245311675], [-0.002906710378358979, -0.9998828019480259, 0.015031081243244482, 0.034956598800227945], [0.0, 0.0, 0.0, 1.0]]}, "Hobj2base": {"type": "ndarray", "data": [[0.9999230629434706, -0.004702589100473686, -0.011478407968889688, -0.7455274224730856], [-0.004785657341561522, -0.9999624823465494, -0.007220206585375915, 0.09145427472819521], [-0.011444023661165792, 0.007274582811299457, -0.9999080531565709, 0.0014522344712841195], [0.0, 0.0, 0.0, 1.0]]}, "mean_rme": {"type": "float", "data": 0.0022604240690652574}, "max_rme": {"type": "float", "data": 0.007241750050080181}, "simu": {"type": "float", "data": 0.002}}, {"type": "dict", "image_number": {"type": "int", "data": 13}, "Hcamera2end": {"type": "ndarray", "data": [[0.9999351796767448, -0.0038288912858530583, -0.010722687925946975, -0.00822947744810069], [0.010760623587196025, 0.010028545909125941, 0.9998918127712436, 0.030971936393326554], [-0.00372094408058104, -0.9999423822693335, 0.010069097113421743, 0.03459433601502471], [0.0, 0.0, 0.0, 1.0]]}, "Hobj2base": {"type": "ndarray", "data": [[0.9999589272481986, -0.005260794847624272, -0.007380234020886607, -0.7428600053631976], [-0.00532050179179964, -0.999953089060369, -0.008093944607483557, 0.09128954242732436], [-0.007337307225085985, 0.008132878715237627, -0.9999400083037422, 0.00046231962002528913], [0.0, 0.0, 0.0, 1.0]]}, "mean_rme": {"type": "float", "data": 0.0023324235594563533}, "max_rme": {"type": "float", "data": 0.007414413806148018}, "simu": {"type": "float", "data": 0.002}}, {"type": "dict", "image_number": {"type": "int", "data": 14}, "Hcamera2end": {"type": "ndarray", "data": [[0.9999332485463972, -0.004053943287053127, -0.01081961160460399, -0.008538494224329412], [0.010865156334507763, 0.011386335460695562, 0.9998761422009244, 0.03152345297834772], [-0.003930245447275559, -0.9999269557865724, 0.01142962213383747, 0.03476786612917046], [0.0, 0.0, 0.0, 1.0]]}, "Hobj2base": {"type": "ndarray", "data": [[0.9999520547442179, -0.0054128602097125505, -0.008160217960741768, -0.7433629145042148], [-0.0054753880370995945, -0.9999556731824577, -0.007659751697161609, 0.09130348419857566], [-0.008118395079071267, 0.007704064808209631, -0.9999373675619749, 5.920221697077098e-05], [0.0, 0.0, 0.0, 1.0]]}, "mean_rme": {"type": "float", "data": 0.002512687318955222}, "max_rme": {"type": "float", "data": 0.008038394386445852}, "simu": {"type": "float", "data": 0.002}}, {"type": "dict", "image_number": {"type": "int", "data": 15}, "Hcamera2end": {"type": "ndarray", "data": [[0.9999256074578966, -0.0014155167812187697, -0.012115108839729917, -0.008181040683620869], [0.01211314037212445, -0.0013910300737176584, 0.9999256656700334, 0.029634362580668802], [-0.0014322640404697091, -0.9999980306718489, -0.001373780237984512, 0.02958935910018103], [0.0, 0.0, 0.0, 1.0]]}, "Hobj2base": {"type": "ndarray", "data": [[0.9999977001300996, -0.001160037575211873, 0.0018038978173749763, -0.731212528795138], [-0.0011447201268202593, -0.9999634797865067, -0.008469280317275663, 0.09036803209979366], [0.001813656622044607, 0.008467195880894507, -0.9999625079189582, -0.00034054052862804164], [0.0, 0.0, 0.0, 1.0]]}, "mean_rme": {"type": "float", "data": 0.002791746000813577}, "max_rme": {"type": "float", "data": 0.007644267538318539}, "simu": {"type": "float", "data": 0.002}}, {"type": "dict", "image_number": {"type": "int", "data": 16}, "Hcamera2end": {"type": "ndarray", "data": [[0.9999408605745356, -0.0013957269087197357, -0.010785513425586372, -0.009398615880056103], [0.010783029314329246, -0.0017752491237934542, 0.9999402856017727, 0.030001864037459962], [-0.0014147905369857267, -0.9999974502152216, -0.0017600939724087272, 0.030299057261608312], [0.0, 0.0, 0.0, 1.0]]}, "Hobj2base": {"type": "ndarray", "data": [[0.9999975018581747, -0.0013601501840663755, 0.0017737725013591752, -0.7316819906211739], [-0.00134711253141353, -0.9999722216801343, -0.007330835963552724, 0.08982084165877213], [0.0017836942668244496, 0.007328428178920332, -0.9999715558830609, -0.0004470012984308658], [0.0, 0.0, 0.0, 1.0]]}, "mean_rme": {"type": "float", "data": 0.0027415502940023933}, "max_rme": {"type": "float", "data": 0.007700452226506838}, "simu": {"type": "float", "data": 0.002}}, {"type": "dict", "image_number": {"type": "int", "data": 17}, "Hcamera2end": {"type": "ndarray", "data": [[0.9999350212967598, -0.002937737305328387, -0.01101466675725609, -0.009894210646010752], [0.01101431532128179, -0.00013578040612505227, 0.9999393313705012, 0.030529511935661873], [-0.0029390546527578755, -0.999995675622253, -0.00010341441827832476, 0.03112662676146211], [0.0, 0.0, 0.0, 1.0]]}, "Hobj2base": {"type": "ndarray", "data": [[0.9999957733208352, -0.002890176427569042, 0.0003165765028860419, -0.7331944617256765], [-0.0028876310479442795, -0.999965678358977, -0.007765545119416858, 0.08944636496193278], [0.00033900943291231595, 0.007764598140810315, -0.999969797588065, -0.0005502234270187537], [0.0, 0.0, 0.0, 1.0]]}, "mean_rme": {"type": "float", "data": 0.0027697380581261782}, "max_rme": {"type": "float", "data": 0.007314204032203175}, "simu": {"type": "float", "data": 0.002}}, {"type": "dict", "image_number": {"type": "int", "data": 18}, "Hcamera2end": {"type": "ndarray", "data": [[0.9999441356167261, -0.002329459518444107, -0.010310153445532926, -0.009934938690130311], [0.010310382570597128, 8.637202796213383e-05, 0.99994684286272, 0.030471477460572917], [-0.0023284451821830024, -0.9999972830754217, 0.00011038482165992569, 0.03131277455138293], [0.0, 0.0, 0.0, 1.0]]}, "Hobj2base": {"type": "ndarray", "data": [[0.9999972228014955, -0.0023484261373418643, -0.00019820185079512558, -0.7336292956852168], [-0.002349760752852802, -0.9999725576664817, -0.007025847874817642, 0.08968779375705344], [-0.0001816967268876225, 0.007026294089573571, -0.9999752987837585, -0.0004384614352737009], [0.0, 0.0, 0.0, 1.0]]}, "mean_rme": {"type": "float", "data": 0.0026692226216079554}, "max_rme": {"type": "float", "data": 0.007417366622720523}, "simu": {"type": "float", "data": 0.002}}, {"type": "dict", "image_number": {"type": "int", "data": 19}, "Hcamera2end": {"type": "ndarray", "data": [[0.9999443487348755, -0.0024676479816033536, -0.010257199745768459, -0.01011661717827298], [0.010256343043414976, -0.0003595783829710708, 0.999947337678721, 0.030491303603154274], [-0.0024712062968309393, -0.9999968907035787, -0.0003342493277693759, 0.03130432625435393], [0.0, 0.0, 0.0, 1.0]]}, "Hobj2base": {"type": "ndarray", "data": [[0.9999977076529418, -0.0021411848841636433, 4.0191290603468525e-06, -0.733351228975673], [-0.0021411057285586803, -0.9999737364098427, -0.006924027498269071, 0.08950820930500725], [1.8844646520415567e-05, 0.006924003020614749, -0.9999760286262112, -0.0004832412368996546], [0.0, 0.0, 0.0, 1.0]]}, "mean_rme": {"type": "float", "data": 0.002578594993307531}, "max_rme": {"type": "float", "data": 0.007379219599801534}, "simu": {"type": "float", "data": 0.002}}, {"type": "dict", "image_number": {"type": "int", "data": 20}, "Hcamera2end": {"type": "ndarray", "data": [[0.9999444200054265, -0.0021347225361671605, -0.01032472080517928, -0.00986382127436863], [0.010324492802346385, -0.00011779947376200361, 0.9999466940650678, 0.030395873344838474], [-0.002135824989464139, -0.9999977145388771, -9.575299900821399e-05, 0.031183175062967125], [0.0, 0.0, 0.0, 1.0]]}, "Hobj2base": {"type": "ndarray", "data": [[0.9999980206804077, -0.0019655201897382205, -0.0003088132943354644, -0.7334113505655224], [-0.001967558725133108, -0.9999753117203474, -0.006745714377177678, 0.08969916865729566], [-0.00029554683246394304, 0.006746308633544753, -0.9999771997260198, -0.00036317151875290274], [0.0, 0.0, 0.0, 1.0]]}, "mean_rme": {"type": "float", "data": 0.002512048224641595}, "max_rme": {"type": "float", "data": 0.007425039578047077}, "simu": {"type": "float", "data": 0.002}}, {"type": "dict", "image_number": {"type": "int", "data": 21}, "Hcamera2end": {"type": "ndarray", "data": [[0.9999424565037678, -0.0023505087455709247, -0.010467033478856046, -0.009749839204535482], [0.010467010272618309, -2.2174393947249627e-05, 0.9999452191016512, 0.030396894110769575], [-0.002350612082714083, -0.9999972373046505, 2.4296812306534576e-06, 0.0313064067156277], [0.0, 0.0, 0.0, 1.0]]}, "Hobj2base": {"type": "ndarray", "data": [[0.9999986553938677, -0.0015621500465097533, -0.0004988964710245854, -0.7336135290281103], [-0.001565481670596292, -0.9999760004159699, -0.00674891541060307, 0.08969445408094774], [-0.0004883416791942427, 0.006749687349250936, -0.9999771013593721, -0.00036965684927192655], [0.0, 0.0, 0.0, 1.0]]}, "mean_rme": {"type": "float", "data": 0.002434377796617279}, "max_rme": {"type": "float", "data": 0.00742387127694541}, "simu": {"type": "float", "data": 0.002}}, {"type": "dict", "image_number": {"type": "int", "data": 22}, "Hcamera2end": {"type": "ndarray", "data": [[0.9999438788013786, -0.0025347845107784902, -0.010286598812909662, -0.009725884945210409], [0.010288580915764046, 0.0007701657197675127, 0.9999467745572779, 0.030461198218254732], [-0.0025267272099719976, -0.9999964908499668, 0.0007962018326873599, 0.03152800330379098], [0.0, 0.0, 0.0, 1.0]]}, "Hobj2base": {"type": "ndarray", "data": [[0.999998081608421, -0.0014597090072308943, -0.0013061504860217021, -0.7343155134518], [-0.0014686280061265429, -0.9999754342596388, -0.006853758751634483, 0.08982264458002887], [-0.0012961139060848421, 0.006855663852625396, -0.9999756596847151, -0.0003357030286877697], [0.0, 0.0, 0.0, 1.0]]}, "mean_rme": {"type": "float", "data": 0.002399974676110952}, "max_rme": {"type": "float", "data": 0.0075145248862028835}, "simu": {"type": "float", "data": 0.002}}, {"type": "dict", "image_number": {"type": "int", "data": 23}, "Hcamera2end": {"type": "ndarray", "data": [[0.9999399776394602, -0.0031593700687112983, -0.01049092460961928, -0.009809864693834188], [0.010495880928586058, 0.0015562948619793904, 0.9999437056303896, 0.030629180116058388], [-0.003142865241897553, -0.999993798144304, 0.0015893618215385708, 0.03173386763843791], [0.0, 0.0, 0.0, 1.0]]}, "Hobj2base": {"type": "ndarray", "data": [[0.9999954750435118, -0.001994521059937852, -0.0022520608878641144, -0.7348674405346781], [-0.0020107670472661603, -0.9999718071346198, -0.007234759968726256, 0.08973298273364176], [-0.0022375675146934543, 0.007239255601573949, -0.9999712928229254, -0.0003226038003856525], [0.0, 0.0, 0.0, 1.0]]}, "mean_rme": {"type": "float", "data": 0.002426081652519719}, "max_rme": {"type": "float", "data": 0.00757698810079635}, "simu": {"type": "float", "data": 0.002}}, {"type": "dict", "image_number": {"type": "int", "data": 24}, "Hcamera2end": {"type": "ndarray", "data": [[0.999936411892558, -0.004032312018616243, -0.010531506597877785, -0.009829902896317739], [0.01053366871191681, 0.0005153348918212064, 0.9999443865802822, 0.03073789570526826], [-0.004026660515142187, -0.9999917374107317, 0.0005577771615978833, 0.03131886270750766], [0.0, 0.0, 0.0, 1.0]]}, "Hobj2base": {"type": "ndarray", "data": [[0.9999951253232737, -0.002622957809718387, -0.0016939368401476848, -0.7338301618319165], [-0.002635528692130087, -0.9999686857185335, -0.007462008500475352, 0.08974579623518182], [-0.0016743112622601794, 0.00746643654474105, -0.99997072407502, -0.000728439646749901], [0.0, 0.0, 0.0, 1.0]]}, "mean_rme": {"type": "float", "data": 0.0023808881287767157}, "max_rme": {"type": "float", "data": 0.00751413835715517}, "simu": {"type": "float", "data": 0.002}}, {"type": "dict", "image_number": {"type": "int", "data": 25}, "Hcamera2end": {"type": "ndarray", "data": [[0.9999357908104076, -0.0032912675767589336, -0.010843514840808165, -0.009983427837526686], [0.010848200965114706, 0.001409307820997685, 0.9999401634034342, 0.030545899230270786], [-0.003275788788236494, -0.9999935906840625, 0.0014449216625872507, 0.0310709002850778], [0.0, 0.0, 0.0, 1.0]]}, "Hobj2base": {"type": "ndarray", "data": [[0.9999960179625889, -0.00180093453754447, -0.0021727157561581604, -0.7341394849691322], [-0.0018174644748605905, -0.9999692385109367, -0.007630128094612188, 0.08922022387336112], [-0.002158907558974714, 0.007634046544857451, -0.9999685297305625, -0.0006213936928919983], [0.0, 0.0, 0.0, 1.0]]}, "mean_rme": {"type": "float", "data": 0.002397853295627172}, "max_rme": {"type": "float", "data": 0.007435167268738635}, "simu": {"type": "float", "data": 0.002}}, {"type": "dict", "image_number": {"type": "int", "data": 26}, "Hcamera2end": {"type": "ndarray", "data": [[0.9999404099206122, -0.003273095102559038, -0.010414579024027336, -0.010224200957942513], [0.010420858956567962, 0.001907490532924938, 0.9999438820146229, 0.030158752414052442], [-0.003253045712163205, -0.9999928241384117, 0.0019414853278277855, 0.030767914539948586], [0.0, 0.0, 0.0, 1.0]]}, "Hobj2base": {"type": "ndarray", "data": [[0.9999961123795956, -0.00176997851044179, -0.0021546233470800705, -0.7341002861884901], [-0.0017856682850997281, -0.9999717464348288, -0.007301898441783463, 0.0890366606035904], [-0.002141638267961529, 0.007305717497351306, -0.999971019518755, -0.0003032382659810412], [0.0, 0.0, 0.0, 1.0]]}, "mean_rme": {"type": "float", "data": 0.002390576354109313}, "max_rme": {"type": "float", "data": 0.007341909790498341}, "simu": {"type": "float", "data": 0.002}}, {"type": "dict", "image_number": {"type": "int", "data": 27}, "Hcamera2end": {"type": "ndarray", "data": [[0.999941264731671, -0.003305326537726046, -0.010321913742381292, -0.010330147117832209], [0.010328412596829484, 0.0019551798485352156, 0.9999447490561613, 0.030228294137940485], [-0.003284962717567719, -0.9999926260169316, 0.001989203786771032, 0.03083573279700203], [0.0, 0.0, 0.0, 1.0]]}, "Hobj2base": {"type": "ndarray", "data": [[0.9999957386663947, -0.0017930300907021597, -0.002303842908149423, -0.7341790782796123], [-0.0018097097165360825, -0.9999720203110127, -0.007258343189208959, 0.0889670369657514], [-0.0022907640195944834, 0.0072624815458834585, -0.9999710039606153, -0.00032690939180423794], [0.0, 0.0, 0.0, 1.0]]}, "mean_rme": {"type": "float", "data": 0.0023353913357362266}, "max_rme": {"type": "float", "data": 0.007340999124231279}, "simu": {"type": "float", "data": 0.002}}, {"type": "dict", "image_number": {"type": "int", "data": 28}, "Hcamera2end": {"type": "ndarray", "data": [[0.9999431891679904, -0.0037178183349135313, -0.009989807974989669, -0.010512373400481927], [0.009997368522870791, 0.002020599922700872, 0.9999479835464292, 0.030371204902102062], [-0.0036974395419666706, -0.9999910474613164, 0.0020576535307333943, 0.030995078498175795], [0.0, 0.0, 0.0, 1.0]]}, "Hobj2base": {"type": "ndarray", "data": [[0.999995102923632, -0.002025600471246001, -0.002385596672827362, -0.7343714996677054], [-0.0020424672359266338, -0.9999727856647846, -0.0070891647886110526, 0.08898556865543043], [-0.002371171934863269, 0.007094002575472083, -0.999972025944283, -0.00047588082296804287], [0.0, 0.0, 0.0, 1.0]]}, "mean_rme": {"type": "float", "data": 0.002316754935009205}, "max_rme": {"type": "float", "data": 0.007367024697820357}, "simu": {"type": "float", "data": 0.002}}, {"type": "dict", "image_number": {"type": "int", "data": 29}, "Hcamera2end": {"type": "ndarray", "data": [[0.9999388055583157, -0.004291568616391406, -0.010196449255488507, -0.010487301426235577], [0.010201460565480446, 0.0011474441108833, 0.999947305398811, 0.03034543370375389], [-0.004279642618244562, -0.9999901328567311, 0.0011911541616858035, 0.031236408378850566], [0.0, 0.0, 0.0, 1.0]]}, "Hobj2base": {"type": "ndarray", "data": [[0.9999946168137547, -0.002791044413831198, -0.0017252288520649296, -0.7342459289987636], [-0.0028037215272206746, -0.9999687640625297, -0.007389860949661308, 0.08899182011909328], [-0.0017045495328018422, 0.007394658229935406, -0.9999712063557398, -0.0006338084576670748], [0.0, 0.0, 0.0, 1.0]]}, "mean_rme": {"type": "float", "data": 0.002293656932096838}, "max_rme": {"type": "float", "data": 0.007467588160892241}, "simu": {"type": "float", "data": 0.002}}, {"type": "dict", "image_number": {"type": "int", "data": 30}, "Hcamera2end": {"type": "ndarray", "data": [[0.9999573585616215, -0.0029649301996560735, -0.008745870304083038, -0.011157424089734124], [0.008748651470257125, 0.0009263522759485054, 0.99996130073564, 0.03037440510038638], [-0.0029567137021771286, -0.9999951755185483, 0.0009522519159054221, 0.03138268245998375], [0.0, 0.0, 0.0, 1.0]]}, "Hobj2base": {"type": "ndarray", "data": [[0.9999972602727004, -0.001725504176429721, -0.0015817972152329953, -0.7344241743318259], [-0.0017353090417409585, -0.9999791605856532, -0.0062182872996922895, 0.08886759486344586], [-0.0015710345707995559, 0.006221015170290613, -0.9999794151984469, -0.0006020374209383727], [0.0, 0.0, 0.0, 1.0]]}, "mean_rme": {"type": "float", "data": 0.002385376391849651}, "max_rme": {"type": "float", "data": 0.007501147997220653}, "simu": {"type": "float", "data": 0.002}}]}