{"type": "list", "data": [{"type": "dict", "image_number": {"type": "int", "data": 5}, "Hcamera2end": {"type": "ndarray", "data": [[0.9998947688114823, -0.00163034912280988, -0.014415036079385494, -0.018285759429906838], [0.014431503675895282, 0.010585362402727005, 0.999839828074705, 0.03271266068928377], [-0.0014774996057032941, -0.9999426443874373, 0.010607776881819353, 0.02429444412182306], [0.0, 0.0, 0.0, 1.0]]}, "Hobj2base": {"type": "ndarray", "data": [[0.9999885100496434, -0.0023919569684525367, -0.004154312284278984, -0.7289699500133228], [-0.0024575862656362373, -0.9998711182302376, -0.015865282813769047, 0.08077588847511444], [-0.004115827795376776, 0.015875310103270132, -0.9998655082013197, -0.003270576330188524], [0.0, 0.0, 0.0, 1.0]]}, "mean_rme": {"type": "float", "data": 0.0008510970436487015}, "max_rme": {"type": "float", "data": 0.005059040394809922}, "simu": {"type": "float", "data": 0.002}}, {"type": "dict", "image_number": {"type": "int", "data": 6}, "Hcamera2end": {"type": "ndarray", "data": [[0.9999951486743294, -0.00192061585933703, 0.0024523177866655975, -0.017706273895312978], [-0.0024170383367155277, 0.018160623049420677, 0.999832160763063, 0.03238792555124757], [-0.0019648291235577734, -0.9998332375977393, 0.01815589274416174, 0.025002948119570646], [0.0, 0.0, 0.0, 1.0]]}, "Hobj2base": {"type": "ndarray", "data": [[0.9999274712886143, -0.001609870279155114, -0.011935680962635371, -0.7333671764637614], [-0.0016132512472061755, -0.9999986612690506, -0.0002736430548330873, 0.08940275192807694], [-0.011935224454148782, 0.0002928784600541671, -0.999928729779997, -0.0013287685657032606], [0.0, 0.0, 0.0, 1.0]]}, "mean_rme": {"type": "float", "data": 0.0009236648542593333}, "max_rme": {"type": "float", "data": 0.004993840286020457}, "simu": {"type": "float", "data": 0.002}}, {"type": "dict", "image_number": {"type": "int", "data": 7}, "Hcamera2end": {"type": "ndarray", "data": [[0.9999933302722802, -0.003354981831618565, 0.00144343613081502, -0.01930734927052494], [-0.0014024039355171728, 0.012200571238252245, 0.999924586818757, 0.032356856332647954], [-0.0033723395671075066, -0.999919941874533, 0.012195784824039824, 0.024843535177453253], [0.0, 0.0, 0.0, 1.0]]}, "Hobj2base": {"type": "ndarray", "data": [[0.9999679545247253, -0.0023912343799292195, -0.007640151947256585, -0.730620208793099], [-0.0024019016005563825, -0.9999961530778883, -0.0013873349004566425, 0.08744786614063553], [-0.0076368051132766745, 0.0014056413358410017, -0.9999698512355744, -0.0022356173234895044], [0.0, 0.0, 0.0, 1.0]]}, "mean_rme": {"type": "float", "data": 0.001358864044447561}, "max_rme": {"type": "float", "data": 0.004430261147449044}, "simu": {"type": "float", "data": 0.002}}, {"type": "dict", "image_number": {"type": "int", "data": 8}, "Hcamera2end": {"type": "ndarray", "data": [[0.9999925152692889, -0.0037637925506426003, 0.0008962538908377257, -0.01995094463323339], [-0.0008370424772749039, 0.015704064706677956, 0.9998763332090522, 0.03224094974165775], [-0.003777401923591397, -0.9998695996065307, 0.01570079671174207, 0.025313987596651183], [0.0, 0.0, 0.0, 1.0]]}, "Hobj2base": {"type": "ndarray", "data": [[0.9999239797466876, -0.0034279669793270693, -0.011844144964270201, -0.7327757920417894], [-0.00345924690987634, -0.9999905806695721, -0.002621484874615218, 0.08673467358142636], [-0.011835047036768164, 0.002662257410538774, -0.9999264193165001, -0.001819544709940349], [0.0, 0.0, 0.0, 1.0]]}, "mean_rme": {"type": "float", "data": 0.0014344505958865407}, "max_rme": {"type": "float", "data": 0.004259187232599881}, "simu": {"type": "float", "data": 0.002}}, {"type": "dict", "image_number": {"type": "int", "data": 9}, "Hcamera2end": {"type": "ndarray", "data": [[0.999999016979163, -0.0012394565874675131, 0.0006555822414452691, -0.018816010118989826], [-0.0006430183435877878, 0.010109986553116457, 0.9999486860330913, 0.031809334323157114], [-0.0012460209136786727, -0.999948124614104, 0.01010917962146718, 0.026246071301022734], [0.0, 0.0, 0.0, 1.0]]}, "Hobj2base": {"type": "ndarray", "data": [[0.999974759883468, -0.0010819174915174588, -0.007022040340402455, -0.7318850028313216], [-0.001088410042074092, -0.9999989837077436, -0.0009208404098024277, 0.08781629987544912], [-0.0070210369306109716, 0.0009284600269055202, -0.9999749211867255, -0.002011240933761655], [0.0, 0.0, 0.0, 1.0]]}, "mean_rme": {"type": "float", "data": 0.0016300235631321286}, "max_rme": {"type": "float", "data": 0.0037871275528088555}, "simu": {"type": "float", "data": 0.002}}, {"type": "dict", "image_number": {"type": "int", "data": 10}, "Hcamera2end": {"type": "ndarray", "data": [[0.9999977975025371, 0.0017703303001402797, 0.0011273511889092107, -0.019109405317555363], [-0.0011312111534969823, 0.002180878548747711, 0.9999969820604869, 0.032350975164062705], [0.0017678663413657186, -0.9999960548419099, 0.0021828763627490533, 0.02836254993064737], [0.0, 0.0, 0.0, 1.0]]}, "Hobj2base": {"type": "ndarray", "data": [[0.9999987056563101, 0.0015798809422582652, -0.0003044041930701458, -0.7307634768890852], [0.0015802549296230122, -0.9999979921261228, 0.0012322897711755049, 0.08768407893821593], [-0.0003024567107400985, -0.0012327692123957127, -0.9999991943996791, -0.0029989631401687645], [0.0, 0.0, 0.0, 1.0]]}, "mean_rme": {"type": "float", "data": 0.001880670229029428}, "max_rme": {"type": "float", "data": 0.005353268586272025}, "simu": {"type": "float", "data": 0.002}}, {"type": "dict", "image_number": {"type": "int", "data": 11}, "Hcamera2end": {"type": "ndarray", "data": [[0.9999951218564099, 0.002356774047090214, 0.0020498486467916592, -0.01896718700136969], [-0.0020522202338130184, 0.0010043077142479762, 0.9999973898756574, 0.03228964119861579], [0.0023547092168078893, -0.9999967184856692, 0.001009139434476669, 0.028211016854590897], [0.0, 0.0, 0.0, 1.0]]}, "Hobj2base": {"type": "ndarray", "data": [[0.9999971848930169, 0.0021620055964039746, 0.0009777207384517547, -0.729984962657183], [0.002160826680701277, -0.999996939116403, 0.0012052327082422202, 0.08820265539795448], [0.0009803234656225726, -0.0012031166303252856, -0.9999987957374132, -0.003083634244245686], [0.0, 0.0, 0.0, 1.0]]}, "mean_rme": {"type": "float", "data": 0.0018316630131212164}, "max_rme": {"type": "float", "data": 0.005155080370959658}, "simu": {"type": "float", "data": 0.002}}, {"type": "dict", "image_number": {"type": "int", "data": 12}, "Hcamera2end": {"type": "ndarray", "data": [[0.9999977079773024, 0.0018544545096435673, 0.0010700647707389324, -0.01813167775671669], [-0.0010736372596481336, 0.001926512928776436, 0.9999975679225275, 0.031473987124973055], [0.0018523885058510739, -0.9999964247668123, 0.0019284995246229286, 0.027547446896106356], [0.0, 0.0, 0.0, 1.0]]}, "Hobj2base": {"type": "ndarray", "data": [[0.9999988051954801, 0.0014708002563812875, 0.00047576697869457696, -0.729764578758935], [0.0014705783145146855, -0.9999988098847366, 0.0004665067319167767, 0.08877186698474065], [0.00047645255069794063, -0.00046580652193079446, -0.9999997780086007, -0.0025070044760373464], [0.0, 0.0, 0.0, 1.0]]}, "mean_rme": {"type": "float", "data": 0.001837835255609858}, "max_rme": {"type": "float", "data": 0.0053717334404590755}, "simu": {"type": "float", "data": 0.002}}, {"type": "dict", "image_number": {"type": "int", "data": 13}, "Hcamera2end": {"type": "ndarray", "data": [[0.9999927416016932, 0.0025596147832299618, 0.0028222537254544958, -0.018483074940758695], [-0.00282785278915928, 0.002186488673305509, 0.9999936112375343, 0.03135690373080426], [0.002553427604655206, -0.9999943338036688, 0.0021937110167037366, 0.02806430873538978], [0.0, 0.0, 0.0, 1.0]]}, "Hobj2base": {"type": "ndarray", "data": [[0.9999981090838818, 0.0019420803214050294, -0.0001007605380303498, -0.7303846740990889], [0.0019422760143963497, -0.9999961538909519, 0.0019798401923450527, 0.0893106753527482], [-9.691514181725273e-05, -0.001980032153409536, -0.9999980350381328, -0.0022134301608204374], [0.0, 0.0, 0.0, 1.0]]}, "mean_rme": {"type": "float", "data": 0.001858666952028902}, "max_rme": {"type": "float", "data": 0.005454360741128511}, "simu": {"type": "float", "data": 0.002}}, {"type": "dict", "image_number": {"type": "int", "data": 14}, "Hcamera2end": {"type": "ndarray", "data": [[0.9999903113137845, 0.0037055873634006475, 0.0023761104461979565, -0.018265122168214232], [-0.0023779037594695413, 0.0004796177790583611, 0.9999970577659202, 0.03081653593794461], [0.0037044368358802172, -0.9999930192701739, 0.0004884246623146904, 0.028193592106194987], [0.0, 0.0, 0.0, 1.0]]}, "Hobj2base": {"type": "ndarray", "data": [[0.9999963849626586, 0.0023706579168823773, 0.0012688745625177127, -0.7299061768534363], [0.002367775827002436, -0.9999946247153966, 0.0022680780291322146, 0.0894742969645989], [0.0012742445790916825, -0.002265065419428818, -0.9999966228839967, -0.0018739718441868852], [0.0, 0.0, 0.0, 1.0]]}, "mean_rme": {"type": "float", "data": 0.0019164714119792585}, "max_rme": {"type": "float", "data": 0.004877942030564103}, "simu": {"type": "float", "data": 0.002}}, {"type": "dict", "image_number": {"type": "int", "data": 15}, "Hcamera2end": {"type": "ndarray", "data": [[0.999989668614002, 0.003681967264160399, 0.00266566733188071, -0.01848129800374581], [-0.0026685219962981795, 0.000770614544702175, 0.9999961425643497, 0.03077224488402303], [0.0036798988591913253, -0.9999929246101141, 0.0007804319938199411, 0.02830311084485938], [0.0, 0.0, 0.0, 1.0]]}, "Hobj2base": {"type": "ndarray", "data": [[0.9999964223493771, 0.0025124587233274955, 0.0009180629661450433, -0.7302007373714212], [0.0025101387198669285, -0.9999936755475711, 0.0025195373515172147, 0.08940263335766127], [0.0009243873934970563, -0.0025172238720942435, -0.9999964045394982, -0.0018040429457273207], [0.0, 0.0, 0.0, 1.0]]}, "mean_rme": {"type": "float", "data": 0.0018301348523694421}, "max_rme": {"type": "float", "data": 0.004895008739887102}, "simu": {"type": "float", "data": 0.002}}, {"type": "dict", "image_number": {"type": "int", "data": 16}, "Hcamera2end": {"type": "ndarray", "data": [[0.9999894417428415, 0.0033540157153761282, 0.003141175165634948, -0.018779828793053104], [-0.003144572715509628, 0.0010081871736263848, 0.9999945475956659, 0.03125671407039358], [0.0033508305354141956, -0.9999938670497958, 0.0010187234752329077, 0.02852994190923072], [0.0, 0.0, 0.0, 1.0]]}, "Hobj2base": {"type": "ndarray", "data": [[0.9999961150483485, 0.002568148165697308, 0.0010837449927290764, -0.7304601813651388], [0.0025648431996717117, -0.9999920898709991, 0.003040028748681835, 0.0892123309396213], [0.0010915436644209741, -0.0030372373023423477, -0.9999947918474366, -0.002166697993906813], [0.0, 0.0, 0.0, 1.0]]}, "mean_rme": {"type": "float", "data": 0.0018073960321961014}, "max_rme": {"type": "float", "data": 0.005019234739006478}, "simu": {"type": "float", "data": 0.002}}, {"type": "dict", "image_number": {"type": "int", "data": 17}, "Hcamera2end": {"type": "ndarray", "data": [[0.9999917724621391, 0.0031107108949097076, 0.0026035525263904025, -0.01819931159279595], [-0.0026073799109852633, 0.0012269677971220583, 0.9999958480513929, 0.030848358754544787], [0.0031075035042899437, -0.9999944089982469, 0.001235068507294379, 0.028226877119526254], [0.0, 0.0, 0.0, 1.0]]}, "Hobj2base": {"type": "ndarray", "data": [[0.9999966413373167, 0.0023289572852590364, 0.0011372211963975552, -0.7303260084541455], [0.0023256766083912684, -0.9999931551003594, 0.0028776693245676803, 0.08962752132933469], [0.0011439153811706152, -0.0028750148507120767, -0.9999952128621459, -0.0019252334880667048], [0.0, 0.0, 0.0, 1.0]]}, "mean_rme": {"type": "float", "data": 0.0018051903695108463}, "max_rme": {"type": "float", "data": 0.005008240121636004}, "simu": {"type": "float", "data": 0.002}}, {"type": "dict", "image_number": {"type": "int", "data": 18}, "Hcamera2end": {"type": "ndarray", "data": [[0.9999892199449643, 0.003478782272111093, 0.0030753971719320993, -0.01839535654022764], [-0.003077100200134025, 0.0004843008930160986, 0.9999951484417328, 0.031302550502851675], [0.0034772759769994555, -0.9999938317442504, 0.000495000233851628, 0.02864587884932407], [0.0, 0.0, 0.0, 1.0]]}, "Hobj2base": {"type": "ndarray", "data": [[0.9999956107574206, 0.0025063807204252354, 0.001580038473488413, -0.7304649262334756], [0.0025010246598988167, -0.9999911509344521, 0.0033827397830796953, 0.08958420199905576], [0.0015885029253989195, -0.003378773220228421, -0.9999930302507023, -0.0022895781258897388], [0.0, 0.0, 0.0, 1.0]]}, "mean_rme": {"type": "float", "data": 0.0018207335448135247}, "max_rme": {"type": "float", "data": 0.004765692748241929}, "simu": {"type": "float", "data": 0.002}}, {"type": "dict", "image_number": {"type": "int", "data": 19}, "Hcamera2end": {"type": "ndarray", "data": [[0.9999897010622727, 0.0026903615250594187, 0.0036550956555056195, -0.018815450667291504], [-0.0036608347077120786, 0.0021313655787627006, 0.9999910277447553, 0.031997142013465], [0.0026825470413818875, -0.9999941096004684, 0.002141192596808561, 0.028554308057479817], [0.0, 0.0, 0.0, 1.0]]}, "Hobj2base": {"type": "ndarray", "data": [[0.9999978455678598, 0.0020610780932381685, 0.0002466104875352939, -0.7309748531135807], [0.0020602509074508697, -0.9999924037994004, 0.003308732339721445, 0.08925865869853966], [0.00025342816997434904, -0.003308217131801417, -0.9999944957216376, -0.0027207752641475896], [0.0, 0.0, 0.0, 1.0]]}, "mean_rme": {"type": "float", "data": 0.0019224310023310735}, "max_rme": {"type": "float", "data": 0.006082159956738553}, "simu": {"type": "float", "data": 0.002}}, {"type": "dict", "image_number": {"type": "int", "data": 20}, "Hcamera2end": {"type": "ndarray", "data": [[0.9999862208967715, 0.0031672475502176763, 0.004186473402394512, -0.01882254916322391], [-0.004190077752522265, 0.0011322287213935134, 0.9999905806089129, 0.03257206747903246], [0.0031624776712467885, -0.99999434328454, 0.0011454841337940058, 0.029064463238390414], [0.0, 0.0, 0.0, 1.0]]}, "Hobj2base": {"type": "ndarray", "data": [[0.9999963107978284, 0.0024691953362432142, 0.0011320181644018507, -0.7311998726621058], [0.0024649604686320737, -0.999990015759872, 0.0037272443518821517, 0.0893839315236916], [0.0011412101564313747, -0.0037244402212991703, -0.9999924130634275, -0.0032840898384184245], [0.0, 0.0, 0.0, 1.0]]}, "mean_rme": {"type": "float", "data": 0.001967309220656672}, "max_rme": {"type": "float", "data": 0.005727284245829245}, "simu": {"type": "float", "data": 0.002}}, {"type": "dict", "image_number": {"type": "int", "data": 21}, "Hcamera2end": {"type": "ndarray", "data": [[0.9999837441746493, 0.0038505686375871206, 0.004205295187816437, -0.01864008794554714], [-0.004201316904847388, -0.0010406742212807352, 0.9999906329228438, 0.0325844253092043], [0.003854908911308435, -0.9999920450275253, -0.001024479845151971, 0.029691790254950865], [0.0, 0.0, 0.0, 1.0]]}, "Hobj2base": {"type": "ndarray", "data": [[0.9999923475860669, 0.0026983347912076386, 0.002832623988666437, -0.7309286404231349], [0.0026868280592162452, -0.9999881559440831, 0.004058192520332271, 0.08967001260207652], [0.0028435408009765554, -0.004050550691749328, -0.9999877535824158, -0.003453445077200124], [0.0, 0.0, 0.0, 1.0]]}, "mean_rme": {"type": "float", "data": 0.002024884313514744}, "max_rme": {"type": "float", "data": 0.005968504540909331}, "simu": {"type": "float", "data": 0.002}}, {"type": "dict", "image_number": {"type": "int", "data": 22}, "Hcamera2end": {"type": "ndarray", "data": [[0.9999820980000678, 0.004034509053447849, 0.004418870453025928, -0.018350133205308854], [-0.004411309924434184, -0.0018809445571974504, 0.9999885011300497, 0.032769824381451824], [0.004042774311480509, -0.9999900923430544, -0.001863113414700468, 0.029987472892329482], [0.0, 0.0, 0.0, 1.0]]}, "Hobj2base": {"type": "ndarray", "data": [[0.9999907326091495, 0.0026816892028681547, 0.0033679725111113398, -0.7309832810536995], [0.0026673589675445886, -0.9999874020698993, 0.0042521638764212, 0.09007001283681719], [0.0033793330635852885, -0.004243140878276641, -0.9999852878235422, -0.0036812250500180554], [0.0, 0.0, 0.0, 1.0]]}, "mean_rme": {"type": "float", "data": 0.002038404270772812}, "max_rme": {"type": "float", "data": 0.005860336627579538}, "simu": {"type": "float", "data": 0.002}}, {"type": "dict", "image_number": {"type": "int", "data": 23}, "Hcamera2end": {"type": "ndarray", "data": [[0.9999903666466174, 0.0027612728523132898, 0.00341203549199654, -0.01858221620943163], [-0.0034068740118419144, -0.0018717893408319863, 0.9999924447785249, 0.03267427271253201], [0.002767638601949796, -0.9999944358729695, -0.001862364000503769, 0.02977501665375821], [0.0, 0.0, 0.0, 1.0]]}, "Hobj2base": {"type": "ndarray", "data": [[0.9999949216591365, 0.001405983522259384, 0.002860046550784998, -0.7308322405193413], [0.0013978250093939556, -0.9999949544176783, 0.002852582063550428, 0.08949299134298527], [0.002864042803561926, -0.0028485697325696504, -0.999991841421368, -0.0038480612778051503], [0.0, 0.0, 0.0, 1.0]]}, "mean_rme": {"type": "float", "data": 0.0020978658488645828}, "max_rme": {"type": "float", "data": 0.006335214350084023}, "simu": {"type": "float", "data": 0.002}}, {"type": "dict", "image_number": {"type": "int", "data": 24}, "Hcamera2end": {"type": "ndarray", "data": [[0.9999912421853053, 0.002439886552060202, 0.003400368554014416, -0.018528462952953365], [-0.0033970616174414815, -0.0013582314591900069, 0.9999933075674411, 0.03270901430121461], [0.0024444887108269033, -0.9999961010728574, -0.0013499311190936503, 0.029650134804025296], [0.0, 0.0, 0.0, 1.0]]}, "Hobj2base": {"type": "ndarray", "data": [[0.9999970085936354, 0.0010275208208858917, 0.00221968573075711, -0.7308976554211654], [0.0010214698194650747, -0.9999957641755337, 0.0027254780127096588, 0.08955183581599375], [0.002222476813962911, -0.0027232025177147193, -0.9999938223633478, -0.0038253923242624935], [0.0, 0.0, 0.0, 1.0]]}, "mean_rme": {"type": "float", "data": 0.0020611689546053465}, "max_rme": {"type": "float", "data": 0.0063429561026674686}, "simu": {"type": "float", "data": 0.002}}, {"type": "dict", "image_number": {"type": "int", "data": 25}, "Hcamera2end": {"type": "ndarray", "data": [[0.9999923757716064, 0.001972547375850361, 0.0033700824186369363, -0.018501717866871922], [-0.0033686727281812528, -0.0007175414900053578, 0.9999940685715394, 0.03274957857612354], [0.001974953849786826, -0.9999977970931038, -0.0007108911527551331, 0.029514772381394775], [0.0, 0.0, 0.0, 1.0]]}, "Hobj2base": {"type": "ndarray", "data": [[0.9999982412738144, 0.0007353607535085798, 0.0017253097809380744, -0.7309778308177084], [0.000730752977741249, -0.9999961690584489, 0.00266980683037566, 0.08955433925669729], [0.0017272664425396534, -0.0026685413596565302, -0.9999949477060612, -0.0038228163934189265], [0.0, 0.0, 0.0, 1.0]]}, "mean_rme": {"type": "float", "data": 0.002046093029327651}, "max_rme": {"type": "float", "data": 0.006375761412519637}, "simu": {"type": "float", "data": 0.002}}, {"type": "dict", "image_number": {"type": "int", "data": 26}, "Hcamera2end": {"type": "ndarray", "data": [[0.9999935564661584, 0.0017438409200363721, 0.0031378408196802406, -0.018453975140997992], [-0.0031374232292989946, -0.00024214989162474332, 0.9999950489571988, 0.032495432163955756], [0.0017445921140197595, -0.9999984501899369, -0.0002366771643129706, 0.02926615249285141], [0.0, 0.0, 0.0, 1.0]]}, "Hobj2base": {"type": "ndarray", "data": [[0.9999990683689763, 0.0003541794811149936, 0.0013182632796491414, -0.7308730022566335], [0.0003506886238578195, -0.9999964342377254, 0.002647362710939225, 0.08956844873659398], [0.0013191962205869546, -0.0026468979446385705, -0.9999956268167387, -0.003564353497146895], [0.0, 0.0, 0.0, 1.0]]}, "mean_rme": {"type": "float", "data": 0.0020474409675076766}, "max_rme": {"type": "float", "data": 0.006368042740140828}, "simu": {"type": "float", "data": 0.002}}, {"type": "dict", "image_number": {"type": "int", "data": 27}, "Hcamera2end": {"type": "ndarray", "data": [[0.9999915442525995, 0.0014588511632068115, 0.003844889671368171, -0.01878282720825041], [-0.0038488478560679013, 0.002720183851874669, 0.9999888934233184, 0.030385103329289915], [0.0014483761535682052, -0.9999952361652008, 0.0027257757468589494, 0.02953903334655801], [0.0, 0.0, 0.0, 1.0]]}, "Hobj2base": {"type": "ndarray", "data": [[0.9999984333921668, 0.000970249991311069, -0.0014804824101112238, -0.7328424559908661], [0.0009744179012692455, -0.9999955571672583, 0.0028171182969851244, 0.08850338701488009], [-0.001477742523572326, -0.00281855649222846, -0.9999949359953453, -0.0010733444932450238], [0.0, 0.0, 0.0, 1.0]]}, "mean_rme": {"type": "float", "data": 0.0020756472829326625}, "max_rme": {"type": "float", "data": 0.006543364297601412}, "simu": {"type": "float", "data": 0.002}}, {"type": "dict", "image_number": {"type": "int", "data": 28}, "Hcamera2end": {"type": "ndarray", "data": [[0.9999941890901298, 0.002308683478383971, 0.0025083394049308745, -0.019209522012953836], [-0.0025184218422790493, 0.004374683645996247, 0.9999872597660543, 0.03019360281043276], [0.00229768087384299, -0.9999877659869617, 0.004380472464002749, 0.02911508070632489], [0.0, 0.0, 0.0, 1.0]]}, "Hobj2base": {"type": "ndarray", "data": [[0.9999947401760554, 0.0021968423755245425, -0.002386106410140576, -0.7330783726052645], [0.0021998088345182736, -0.9999968099909353, 0.0012413094072643467, 0.08693418394948774], [-0.0023833718373324833, -0.0012465518561565318, -0.9999963828170353, -0.0012657997882925026], [0.0, 0.0, 0.0, 1.0]]}, "mean_rme": {"type": "float", "data": 0.0021312481011471155}, "max_rme": {"type": "float", "data": 0.00701361812770826}, "simu": {"type": "float", "data": 0.002}}, {"type": "dict", "image_number": {"type": "int", "data": 29}, "Hcamera2end": {"type": "ndarray", "data": [[0.999993916171893, 0.0018230888837285388, 0.0029738806504159714, -0.0191023894370144], [-0.0029810953304914532, 0.003967532589013278, 0.9999876858020731, 0.03018983366018173], [0.0018112674654548245, -0.9999904674706039, 0.0039729432529853614, 0.029306988306198503], [0.0, 0.0, 0.0, 1.0]]}, "Hobj2base": {"type": "ndarray", "data": [[0.9999962725872752, 0.0015650673848147658, -0.00223726968357258, -0.732978104664233], [0.0015693315418555962, -0.999996953164737, 0.0019054815019712238, 0.08744239496987062], [-0.002234280660029313, -0.0019089854173372943, -0.9999956818729812, -0.0010888478624932073], [0.0, 0.0, 0.0, 1.0]]}, "mean_rme": {"type": "float", "data": 0.0020908089512655325}, "max_rme": {"type": "float", "data": 0.007032771460816628}, "simu": {"type": "float", "data": 0.002}}, {"type": "dict", "image_number": {"type": "int", "data": 30}, "Hcamera2end": {"type": "ndarray", "data": [[0.9999931474386895, 0.0016751914569768382, 0.003301334464390085, -0.019032019696735836], [-0.003307691182245748, 0.0038061466955798817, 0.9999872861323662, 0.029903522433522258], [0.0016626047955517502, -0.9999913534530758, 0.0038116616297371175, 0.029560648257375925], [0.0, 0.0, 0.0, 1.0]]}, "Hobj2base": {"type": "ndarray", "data": [[0.9999973059994499, 0.0012209711596872534, -0.001974138614600917, -0.7331733337034666], [0.0012255532086726168, -0.9999965543324698, 0.002321495750667949, 0.08763084283522211], [-0.0019712973330166905, -0.0023239089084706086, -0.9999953567063249, -0.0007426823232736987], [0.0, 0.0, 0.0, 1.0]]}, "mean_rme": {"type": "float", "data": 0.002061365775861892}, "max_rme": {"type": "float", "data": 0.006986041014540895}, "simu": {"type": "float", "data": 0.002}}]}