{"type": "list", "data": [{"type": "dict", "image_number": {"type": "int", "data": 5}, "Hcamera2end": {"type": "ndarray", "data": [[0.9994000689397328, -0.0015870173562916312, 0.034597450472082646, -0.017941328585821335], [-0.03463370878081935, -0.048441661431808614, 0.998225381190947, 0.03624552488985942], [9.175697673153432e-05, -0.9988247528038323, -0.048467564071452696, 0.03750534386332128], [0.0, 0.0, 0.0, 1.0]]}, "Hobj2base": {"type": "ndarray", "data": [[0.9988541797748778, 0.022614422126889702, 0.04217719120713205, -0.7147097660254617], [0.021102563036061096, -0.9991306685619656, 0.03595259340059939, 0.09539633188325583], [0.04295357237256528, -0.03502135135580288, -0.9984630667028445, -0.019195423611248617], [0.0, 0.0, 0.0, 1.0]]}, "mean_rme": {"type": "float", "data": 0.0026454406012275124}, "max_rme": {"type": "float", "data": 0.007793583048531616}, "simu": {"type": "float", "data": 0.002}}, {"type": "dict", "image_number": {"type": "int", "data": 6}, "Hcamera2end": {"type": "ndarray", "data": [[0.9999821606708841, 0.0009821232288309495, 0.005891839606914388, -0.017786070137990127], [-0.0058877626976356675, -0.004103569937242257, 0.9999742471504884, 0.03138483652317003], [0.0010062755122452237, -0.9999910980342441, -0.004097714223796345, 0.040428534825013684], [0.0, 0.0, 0.0, 1.0]]}, "Hobj2base": {"type": "ndarray", "data": [[0.9999899736498328, 0.0007520113963863243, 0.0044144171377907115, -0.7391189895749778], [0.0007151125660432905, -0.9999648461480299, 0.00835434510685568, 0.09064607483938951], [0.004420544516753815, -0.00835110453809923, -0.9999553579231271, -0.001068744186191628], [0.0, 0.0, 0.0, 1.0]]}, "mean_rme": {"type": "float", "data": 0.0030478991874574916}, "max_rme": {"type": "float", "data": 0.007245637135997796}, "simu": {"type": "float", "data": 0.002}}, {"type": "dict", "image_number": {"type": "int", "data": 7}, "Hcamera2end": {"type": "ndarray", "data": [[0.9999820308520699, 0.0013330421302236916, 0.00584473880073942, -0.017183132034514676], [-0.0058402368181432055, -0.003356476588820323, 0.9999773125920491, 0.030147467547682785], [0.0013526296159055199, -0.999993478510529, -0.0033486309940669035, 0.04022612774113479], [0.0, 0.0, 0.0, 1.0]]}, "Hobj2base": {"type": "ndarray", "data": [[0.9999920292461524, 0.00012190041321226357, 0.0039908125051850065, -0.7393629495415955], [8.740719171921238e-05, -0.9999626517466311, 0.008642191378806369, 0.09202373349915138], [0.003991716942008552, -0.008641773668312428, -0.9999546919454501, -0.0003334538236538588], [0.0, 0.0, 0.0, 1.0]]}, "mean_rme": {"type": "float", "data": 0.002825394518231053}, "max_rme": {"type": "float", "data": 0.0076537633047708}, "simu": {"type": "float", "data": 0.002}}, {"type": "dict", "image_number": {"type": "int", "data": 8}, "Hcamera2end": {"type": "ndarray", "data": [[0.9999856214422617, 0.0022373145366486437, 0.004873533871621212, -0.01650463097401148], [-0.0048554047121704205, -0.008038241317558592, 0.9999559048886115, 0.028520559074587976], [0.002276390523344325, -0.9999651899442226, -0.008027262671697732, 0.039649580294664845], [0.0, 0.0, 0.0, 1.0]]}, "Hobj2base": {"type": "ndarray", "data": [[0.9999726700446814, 0.0014746379415636278, 0.0072446260532993394, -0.736828054603025], [0.0014164053821002012, -0.9999667028662211, 0.008036600938967912, 0.09279354323290526], [0.007256235904682273, -0.00802611997169014, -0.9999414625060288, -2.983049616323702e-05], [0.0, 0.0, 0.0, 1.0]]}, "mean_rme": {"type": "float", "data": 0.0028085609160182125}, "max_rme": {"type": "float", "data": 0.00828937131553209}, "simu": {"type": "float", "data": 0.002}}, {"type": "dict", "image_number": {"type": "int", "data": 9}, "Hcamera2end": {"type": "ndarray", "data": [[0.9999862757481024, 0.002421032707389698, 0.004646172195459925, -0.01693546580893511], [-0.004630649219203378, -0.00637835309671031, 0.9999689363673165, 0.028907780997954217], [0.002450592428129722, -0.9999767273353932, -0.006367054605369571, 0.039677763089330936], [0.0, 0.0, 0.0, 1.0]]}, "Hobj2base": {"type": "ndarray", "data": [[0.9999832692065226, 0.0011351643372701577, 0.005672099167222484, -0.7378933633259321], [0.001091460778726898, -0.9999697421876765, 0.007702169985165624, 0.09221935239223898], [0.005680670770597154, -0.0076958502479762, -0.9999542508877879, 0.00030713276467066636], [0.0, 0.0, 0.0, 1.0]]}, "mean_rme": {"type": "float", "data": 0.002691712411007457}, "max_rme": {"type": "float", "data": 0.008110421553391589}, "simu": {"type": "float", "data": 0.002}}, {"type": "dict", "image_number": {"type": "int", "data": 10}, "Hcamera2end": {"type": "ndarray", "data": [[0.9999865982828464, 0.0018639182025076881, 0.004830016939460026, -0.017081451086332845], [-0.004825581890198067, -0.002376629249468465, 0.9999855325917628, 0.02934595412697853], [0.001875370395975881, -0.9999954387107697, -0.0023676029086325823, 0.039977866606237665], [0.0, 0.0, 0.0, 1.0]]}, "Hobj2base": {"type": "ndarray", "data": [[0.9999952912300698, -0.0001453465688425798, 0.003065353497210542, -0.7399314245552425], [-0.00016906213406678785, -0.9999700484097451, 0.0077378098584629665, 0.09226299040347719], [0.003064137020885325, -0.007738291658100486, -0.9999653643534512, 0.0006469341678940754], [0.0, 0.0, 0.0, 1.0]]}, "mean_rme": {"type": "float", "data": 0.0026510042188063387}, "max_rme": {"type": "float", "data": 0.00801153104382385}, "simu": {"type": "float", "data": 0.002}}, {"type": "dict", "image_number": {"type": "int", "data": 11}, "Hcamera2end": {"type": "ndarray", "data": [[0.9999891658789664, 0.002016949777791187, 0.00419523995534043, -0.016503965456650636], [-0.004183273817580077, -0.0059008466907854995, 0.9999738397720708, 0.02926231915326232], [0.002041652481732799, -0.9999805557719239, -0.005892345307101365, 0.04013511650288226], [0.0, 0.0, 0.0, 1.0]]}, "Hobj2base": {"type": "ndarray", "data": [[0.9999775232671676, -0.00010973392282191491, 0.006703798843010226, -0.737575520846562], [-0.00015798043523165554, -0.999974090322105, 0.007196785856216961, 0.09230319074425072], [0.006702835418197821, -0.007197683165042943, -0.9999516315074504, -0.0002122199662865794], [0.0, 0.0, 0.0, 1.0]]}, "mean_rme": {"type": "float", "data": 0.002673705361617055}, "max_rme": {"type": "float", "data": 0.007906533281740624}, "simu": {"type": "float", "data": 0.002}}, {"type": "dict", "image_number": {"type": "int", "data": 12}, "Hcamera2end": {"type": "ndarray", "data": [[0.9999918081822999, 0.0023678976745152994, 0.0032827776192330942, -0.016180467141972358], [-0.003268312881172683, -0.0060869029569559086, 0.9999761335868487, 0.028903290098810402], [0.0023878231100886386, -0.9999786711090368, -0.006079114063685553, 0.04003129043471387], [0.0, 0.0, 0.0, 1.0]]}, "Hobj2base": {"type": "ndarray", "data": [[0.9999741040779914, 0.00038187800103644116, 0.007186469412086354, -0.7374621435857017], [0.0003339566848794512, -0.9999777109511556, 0.006668288672493738, 0.09231309816938832], [0.0071888557052671945, -0.006665716021509497, -0.9999519431370536, 2.991097977350643e-05], [0.0, 0.0, 0.0, 1.0]]}, "mean_rme": {"type": "float", "data": 0.002607767456390864}, "max_rme": {"type": "float", "data": 0.008131182254852043}, "simu": {"type": "float", "data": 0.002}}, {"type": "dict", "image_number": {"type": "int", "data": 13}, "Hcamera2end": {"type": "ndarray", "data": [[0.9999897952890472, 0.002456677174204941, 0.003791313101198764, -0.01621168421634969], [-0.003775422388869298, -0.00644104667948886, 0.9999721291633373, 0.028836464258119903], [0.002481028729218065, -0.9999762385451637, -0.006431705956463585, 0.039964121257607135], [0.0, 0.0, 0.0, 1.0]]}, "Hobj2base": {"type": "ndarray", "data": [[0.9999729673642689, -0.0001572720336673, 0.007351177198665281, -0.7372819158111903], [-0.0002096595011483217, -0.9999745864926239, 0.007126177923666259, 0.092611348402542], [0.007349869630974988, -0.00712752652843862, -0.999947587517463, -6.528982815325793e-05], [0.0, 0.0, 0.0, 1.0]]}, "mean_rme": {"type": "float", "data": 0.00249450675293517}, "max_rme": {"type": "float", "data": 0.00813810542805754}, "simu": {"type": "float", "data": 0.002}}, {"type": "dict", "image_number": {"type": "int", "data": 14}, "Hcamera2end": {"type": "ndarray", "data": [[0.9999914516926067, 0.002723985709385818, 0.0031106982444678703, -0.015803600843633303], [-0.0030934685022731075, -0.006306728184860333, 0.9999753275117479, 0.029552222189613904], [0.002743536830173385, -0.999976402262302, -0.006298247709016547, 0.039870160082484146], [0.0, 0.0, 0.0, 1.0]]}, "Hobj2base": {"type": "ndarray", "data": [[0.9999746399970749, 0.00022917300043602084, 0.007118064516160895, -0.737575367981275], [0.00018506494554274038, -0.9999807832900811, 0.0061966766513040705, 0.09212853764507149], [0.0071193478413608185, -0.006195202199344015, -0.9999554661863808, -0.0006855228424014481], [0.0, 0.0, 0.0, 1.0]]}, "mean_rme": {"type": "float", "data": 0.002547137829163912}, "max_rme": {"type": "float", "data": 0.008154961418065099}, "simu": {"type": "float", "data": 0.002}}, {"type": "dict", "image_number": {"type": "int", "data": 15}, "Hcamera2end": {"type": "ndarray", "data": [[0.9999914474866148, 0.002714870275309822, 0.00312000529054585, -0.01575210001989594], [-0.00310278717551512, -0.006323416124916603, 0.9999751932524397, 0.0295128642298972], [0.0027345320199723072, -0.9999763216636177, -0.006314938379142099, 0.03985666956488489], [0.0, 0.0, 0.0, 1.0]]}, "Hobj2base": {"type": "ndarray", "data": [[0.9999731645859496, 0.0002853488200879028, 0.00732042922322253, -0.7375653642166743], [0.00023976422080968253, -0.9999805822998953, 0.006227161173546486, 0.09219181945912666], [0.007322063990416602, -0.0062252388880893374, -0.9999538158233645, -0.0007159894095097208], [0.0, 0.0, 0.0, 1.0]]}, "mean_rme": {"type": "float", "data": 0.0023992299096707703}, "max_rme": {"type": "float", "data": 0.008160468925306641}, "simu": {"type": "float", "data": 0.002}}, {"type": "dict", "image_number": {"type": "int", "data": 16}, "Hcamera2end": {"type": "ndarray", "data": [[0.9999830821979117, 0.00539773708343184, 0.0021678912202575317, -0.015011219448847245], [-0.002133011505131159, -0.006459307505729095, 0.9999768635365849, 0.029589447686825858], [0.005411615274915897, -0.9999645702628293, -0.006447684793142283, 0.040110711964516314], [0.0, 0.0, 0.0, 1.0]]}, "Hobj2base": {"type": "ndarray", "data": [[0.9999625731532709, 0.0028648783338028005, 0.008163624490508767, -0.7375433643135612], [0.0028228895075574517, -0.9999827527341909, 0.0051502940671793946, 0.09169547703582402], [0.008178238656192986, -0.005127056297994836, -0.9999534137679613, -0.0009370916900832138], [0.0, 0.0, 0.0, 1.0]]}, "mean_rme": {"type": "float", "data": 0.0024004278255296756}, "max_rme": {"type": "float", "data": 0.008131680222919324}, "simu": {"type": "float", "data": 0.002}}, {"type": "dict", "image_number": {"type": "int", "data": 17}, "Hcamera2end": {"type": "ndarray", "data": [[0.9999829605807201, 0.005474995298532607, 0.0020255800894867174, -0.014860588858548983], [-0.001990000286543602, -0.00649625380339125, 0.999976919026325, 0.02961554873033314], [0.005488027612670653, -0.99996391090529, -0.006485247868786015, 0.04010573009664797], [0.0, 0.0, 0.0, 1.0]]}, "Hobj2base": {"type": "ndarray", "data": [[0.9999631738685274, 0.00237541616289766, 0.008246714790407223, -0.7374645028043184], [0.002337777617308591, -0.9999868216211067, 0.004570708908786266, 0.0918005087850545], [0.008257463447892922, -0.0045512616020057265, -0.9999555491696803, -0.0010659150628706945], [0.0, 0.0, 0.0, 1.0]]}, "mean_rme": {"type": "float", "data": 0.0022952594383112055}, "max_rme": {"type": "float", "data": 0.00813782736383939}, "simu": {"type": "float", "data": 0.002}}, {"type": "dict", "image_number": {"type": "int", "data": 18}, "Hcamera2end": {"type": "ndarray", "data": [[0.9999804652978949, 0.005649467945480291, 0.0026744222813112626, -0.015110079698997584], [-0.002630109400351218, -0.007836646903846445, 0.9999658341612712, 0.029793200141394454], [0.005670233429759977, -0.999953334149768, -0.007821635098533397, 0.040076787938412725], [0.0, 0.0, 0.0, 1.0]]}, "Hobj2base": {"type": "ndarray", "data": [[0.9999539926399528, 0.001967720808011359, 0.009388326700696082, -0.736825649756479], [0.0019222137707929701, -0.9999863729744227, 0.004853757274368265, 0.09178683526502758], [0.009397749604913812, -0.0048354875949409805, -0.9999441486213534, -0.0014600732166894226], [0.0, 0.0, 0.0, 1.0]]}, "mean_rme": {"type": "float", "data": 0.0023250504524301545}, "max_rme": {"type": "float", "data": 0.00792005229517273}, "simu": {"type": "float", "data": 0.002}}, {"type": "dict", "image_number": {"type": "int", "data": 19}, "Hcamera2end": {"type": "ndarray", "data": [[0.9999801318928513, 0.0058170852193487645, 0.0024284437622971375, -0.015224153971593954], [-0.002382458089632833, -0.007899205197176462, 0.9999659626460813, 0.029973119186177843], [0.005836069996748567, -0.9999518808806771, -0.00788518929318216, 0.03998787742670898], [0.0, 0.0, 0.0, 1.0]]}, "Hobj2base": {"type": "ndarray", "data": [[0.9999533508195669, 0.002357435062494438, 0.009366893009220245, -0.736934462241685], [0.002313630953733988, -0.9999863508673039, 0.004684569446996201, 0.09141602007155444], [0.00937780872752165, -0.00466267938206437, -0.9999451565583237, -0.001492984167733048], [0.0, 0.0, 0.0, 1.0]]}, "mean_rme": {"type": "float", "data": 0.002381396617496892}, "max_rme": {"type": "float", "data": 0.007875299996994656}, "simu": {"type": "float", "data": 0.002}}, {"type": "dict", "image_number": {"type": "int", "data": 20}, "Hcamera2end": {"type": "ndarray", "data": [[0.9999783556629772, 0.006126073078996528, 0.002399882121884022, -0.015134905708752356], [-0.0023503947825123947, -0.008072607772677376, 0.9999646536993769, 0.02990316866771973], [0.006145229852046469, -0.9999486507978192, -0.00805803435623198, 0.039908882857021565], [0.0, 0.0, 0.0, 1.0]]}, "Hobj2base": {"type": "ndarray", "data": [[0.9999526275921476, 0.002665680537524902, 0.009361448543446832, -0.7369365797422106], [0.002621891558088578, -0.9999855799373378, 0.004686747490898081, 0.09146447099395952], [0.009373806922343008, -0.004661980765476897, -0.9999451973378966, -0.001485472566255855], [0.0, 0.0, 0.0, 1.0]]}, "mean_rme": {"type": "float", "data": 0.0023407175052231766}, "max_rme": {"type": "float", "data": 0.007942922910696038}, "simu": {"type": "float", "data": 0.002}}, {"type": "dict", "image_number": {"type": "int", "data": 21}, "Hcamera2end": {"type": "ndarray", "data": [[0.999976863555642, 0.006339071539930319, 0.002467493755340575, -0.01496451471322833], [-0.002416207048985954, -0.008085529096502952, 0.9999643924474142, 0.029866245652349067], [0.006358796813661361, -0.9999472188026932, -0.008070025516770052, 0.03985313844277107], [0.0, 0.0, 0.0, 1.0]]}, "Hobj2base": {"type": "ndarray", "data": [[0.9999537547816882, 0.0022903961725847244, 0.009340363128695378, -0.7369619231340613], [0.0022473498465046997, -0.9999868184489757, 0.004616529753303838, 0.09170571521196925], [0.0093508136902998, -0.0045953251972339825, -0.9999457211617346, -0.0015690750097041043], [0.0, 0.0, 0.0, 1.0]]}, "mean_rme": {"type": "float", "data": 0.0023170297691607715}, "max_rme": {"type": "float", "data": 0.007996112053532789}, "simu": {"type": "float", "data": 0.002}}, {"type": "dict", "image_number": {"type": "int", "data": 22}, "Hcamera2end": {"type": "ndarray", "data": [[0.9999760471346844, 0.006440927595822441, 0.002533694653461539, -0.014881433077065851], [-0.0024811030242582765, -0.00816014478332261, 0.9999636274209671, 0.029866295571855838], [0.0064613686378833905, -0.9999459617843462, -0.00814396871953682, 0.03982703439676623], [0.0, 0.0, 0.0, 1.0]]}, "Hobj2base": {"type": "ndarray", "data": [[0.9999540384634942, 0.0022147527744883207, 0.009328227628911617, -0.7369527652358238], [0.002171381628782125, -0.9999867985635096, 0.004657016268498762, 0.09181105921745113], [0.009338418622608502, -0.004636547082773013, -0.999945646707249, -0.001630765879735152], [0.0, 0.0, 0.0, 1.0]]}, "mean_rme": {"type": "float", "data": 0.002259372833275839}, "max_rme": {"type": "float", "data": 0.008029792177841277}, "simu": {"type": "float", "data": 0.002}}, {"type": "dict", "image_number": {"type": "int", "data": 23}, "Hcamera2end": {"type": "ndarray", "data": [[0.9999430719015346, 0.007180407545656243, 0.007892699386182188, -0.017361164563726675], [-0.007846401350829417, -0.006453310297342085, 0.9999483930543857, 0.029136042014304593], [0.007230971024977219, -0.999953397180931, -0.0063966025631923, 0.03986000735219027], [0.0, 0.0, 0.0, 1.0]]}, "Hobj2base": {"type": "ndarray", "data": [[0.9999616096654382, 0.0031687479903375936, 0.00816934706567673, -0.7379794678509816], [0.003092514660995989, -0.999951716489061, 0.009327434998565583, 0.09189271770899854], [0.008198508911825027, -0.009301813089644017, -0.9999231274077367, -0.0006413727260124265], [0.0, 0.0, 0.0, 1.0]]}, "mean_rme": {"type": "float", "data": 0.002363178183410463}, "max_rme": {"type": "float", "data": 0.007838817891894223}, "simu": {"type": "float", "data": 0.002}}, {"type": "dict", "image_number": {"type": "int", "data": 24}, "Hcamera2end": {"type": "ndarray", "data": [[0.9999394447769474, 0.007501202310641229, 0.008052250807385888, -0.017604354396875927], [-0.008004901498641229, -0.006321011224386552, 0.999947981831604, 0.029087029881028764], [0.007551710479571327, -0.9999518872330787, -0.006260582068523979, 0.039789152650892584], [0.0, 0.0, 0.0, 1.0]]}, "Hobj2base": {"type": "ndarray", "data": [[0.9999617783550223, 0.003400643552318379, 0.00805465408886933, -0.7381674960565849], [0.003321519857875412, -0.9999463010532248, 0.009816441096819686, 0.09175308115352748], [0.008087603779550732, -0.009789312202788641, -0.9999193767657979, -0.0004394281310785564], [0.0, 0.0, 0.0, 1.0]]}, "mean_rme": {"type": "float", "data": 0.0023860442303876585}, "max_rme": {"type": "float", "data": 0.00793206462265933}, "simu": {"type": "float", "data": 0.002}}, {"type": "dict", "image_number": {"type": "int", "data": 25}, "Hcamera2end": {"type": "ndarray", "data": [[0.9999427256791075, 0.007290601096535574, 0.00783533643747096, -0.017494963170132955], [-0.0077966266068957134, -0.005322911397746211, 0.9999554386210437, 0.029081172733291746], [0.007331983018925484, -0.9999592560449163, -0.005265764437121234, 0.03980838053731189], [0.0, 0.0, 0.0, 1.0]]}, "Hobj2base": {"type": "ndarray", "data": [[0.999967424586677, 0.0032912207753940216, 0.007370049612862784, -0.7386617347120584], [0.0032196238547006935, -0.999947717658499, 0.009705460926310135, 0.09180312425106209], [0.007401607104047495, -0.00968141597936507, -0.9999257404412145, -0.0002918559464805104], [0.0, 0.0, 0.0, 1.0]]}, "mean_rme": {"type": "float", "data": 0.002355641748590753}, "max_rme": {"type": "float", "data": 0.007881409406399364}, "simu": {"type": "float", "data": 0.002}}, {"type": "dict", "image_number": {"type": "int", "data": 26}, "Hcamera2end": {"type": "ndarray", "data": [[0.9999361719965001, 0.007897856568092701, 0.00807934369955792, -0.01738008074565548], [-0.008012908114176329, -0.008407608385870402, 0.99993255043767, 0.02894333070512083], [0.007965251818964571, -0.9999334657780284, -0.008343786946033882, 0.039369404560016426], [0.0, 0.0, 0.0, 1.0]]}, "Hobj2base": {"type": "ndarray", "data": [[0.9999464411162787, 0.0029696240886705, 0.009914445605298654, -0.7365261431871516], [0.002873046814085582, -0.999948426571357, 0.009741139536587987, 0.09213672674765466], [0.009942861805964648, -0.009712133145668508, -0.999903402318878, -0.000750471302616855], [0.0, 0.0, 0.0, 1.0]]}, "mean_rme": {"type": "float", "data": 0.0023535976272632338}, "max_rme": {"type": "float", "data": 0.008237558377854892}, "simu": {"type": "float", "data": 0.002}}, {"type": "dict", "image_number": {"type": "int", "data": 27}, "Hcamera2end": {"type": "ndarray", "data": [[0.9999433830712612, 0.008070692028294853, 0.006935025752334242, -0.01670592868204724], [-0.0068667241918032515, -0.008460072738437407, 0.9999406358720171, 0.0290200477180779], [0.008128883741008059, -0.9999316432133971, -0.008404174538906739, 0.0394541556808924], [0.0, 0.0, 0.0, 1.0]]}, "Hobj2base": {"type": "ndarray", "data": [[0.9999433215609934, 0.003393364504097166, 0.010091518364949858, -0.7365783657049486], [0.0033073047201595315, -0.9999581288283741, 0.008532427881022884, 0.09200174591695107], [0.010120049459157664, -0.008498568550007675, -0.9999126756530017, -0.00084210766815148], [0.0, 0.0, 0.0, 1.0]]}, "mean_rme": {"type": "float", "data": 0.002312744269550441}, "max_rme": {"type": "float", "data": 0.00798656388471064}, "simu": {"type": "float", "data": 0.002}}, {"type": "dict", "image_number": {"type": "int", "data": 28}, "Hcamera2end": {"type": "ndarray", "data": [[0.9999613781622817, 0.007617089709531294, 0.0043843047507320385, -0.01638216402049898], [-0.004324442757292574, -0.007857681173093933, 0.999959777211774, 0.02895137462267416], [0.007651233797841943, -0.9999401166024587, -0.007824438026580838, 0.037697094035590524], [0.0, 0.0, 0.0, 1.0]]}, "Hobj2base": {"type": "ndarray", "data": [[0.9999494137963164, 0.0035190206066931717, 0.009422650496157928, -0.7350433560406483], [0.003463369134701442, -0.9999765029943077, 0.005915955841056598, 0.0908449904483507], [0.009443247462598545, -0.005883022458413966, -0.9999381056466021, -0.001178739391353398], [0.0, 0.0, 0.0, 1.0]]}, "mean_rme": {"type": "float", "data": 0.0023368732751513047}, "max_rme": {"type": "float", "data": 0.008105321635441642}, "simu": {"type": "float", "data": 0.002}}, {"type": "dict", "image_number": {"type": "int", "data": 29}, "Hcamera2end": {"type": "ndarray", "data": [[0.9999587021939784, 0.007921866560125512, 0.004453979876240487, -0.016447624541938707], [-0.004389997002185663, -0.008075875095713947, 0.9999577531914832, 0.028927845554237924], [0.00795750167170519, -0.9999360100884667, -0.008040764609340112, 0.037752489069583846], [0.0, 0.0, 0.0, 1.0]]}, "Hobj2base": {"type": "ndarray", "data": [[0.999946929171604, 0.0038037705149600214, 0.009574454039193811, -0.7350686693564371], [0.003745674233298208, -0.9999745106875035, 0.006078478413778498, 0.0907580658309302], [0.00959733112990897, -0.006042293038101184, -0.9999356888970536, -0.001163402145428697], [0.0, 0.0, 0.0, 1.0]]}, "mean_rme": {"type": "float", "data": 0.0022978516019744617}, "max_rme": {"type": "float", "data": 0.00809069027826731}, "simu": {"type": "float", "data": 0.002}}, {"type": "dict", "image_number": {"type": "int", "data": 30}, "Hcamera2end": {"type": "ndarray", "data": [[0.9999597816389768, 0.007811223752612562, 0.0044068002015625425, -0.01628739184298441], [-0.004342317492628258, -0.008252960666239373, 0.9999565155140672, 0.028832225644994602], [0.007847253234290644, -0.9999354346275205, -0.008218709932148016, 0.03782486067136008], [0.0, 0.0, 0.0, 1.0]]}, "Hobj2base": {"type": "ndarray", "data": [[0.9999453797493119, 0.003475712601581762, 0.009856821998789015, -0.7349672361765884], [0.0034159090000228415, -0.9999756969459856, 0.006077588592052699, 0.09096177226613363], [0.009877706399168195, -0.006043586625662935, -0.9999329507406935, -0.0011983433541539802], [0.0, 0.0, 0.0, 1.0]]}, "mean_rme": {"type": "float", "data": 0.0022805889362476173}, "max_rme": {"type": "float", "data": 0.008146298988478906}, "simu": {"type": "float", "data": 0.002}}]}