{"type": "list", "data": [{"type": "dict", "image_number": {"type": "int", "data": 5}, "Hcamera2end": {"type": "ndarray", "data": [[0.9989462686371491, -0.011348461063285485, 0.0444698190620557, -0.010713273577131857], [-0.04463277737531567, -0.014534607665436017, 0.9988977226742372, 0.02693184741998925], [-0.010689600538953212, -0.9998299643496923, -0.015025805429682126, 0.03748648849402444], [0.0, 0.0, 0.0, 1.0]]}, "Hobj2base": {"type": "ndarray", "data": [[0.9997327757516832, -0.00753238052942608, 0.02185498413165054, -0.7284621465163946], [-0.008434424512336114, -0.9991037403722229, 0.04147983193529122, 0.11827538463039364], [0.02152295451327437, -0.041653081732258714, -0.9989002869211849, -0.005035009928830036], [0.0, 0.0, 0.0, 1.0]]}, "mean_rme": {"type": "float", "data": 0.0015091614313145084}, "max_rme": {"type": "float", "data": 0.005537452582476288}, "simu": {"type": "float", "data": 0.002}}, {"type": "dict", "image_number": {"type": "int", "data": 6}, "Hcamera2end": {"type": "ndarray", "data": [[0.9999312704044738, -0.010823821391779252, -0.004505480859352078, -0.013191905334930809], [0.004345763500749993, -0.014734572238969568, 0.9998819963978399, 0.024142425141443106], [-0.010888930475059304, -0.9998328546669254, -0.014686521769836425, 0.03854897401638032], [0.0, 0.0, 0.0, 1.0]]}, "Hobj2base": {"type": "ndarray", "data": [[0.9997769431830908, -0.006265092999290478, 0.020169593183428324, -0.7301692690969822], [-0.006181184063817369, -0.9999719926137771, -0.004219828385318608, 0.09304269089055293], [0.020195465903117143, 0.00409421515587199, -0.9997876677371118, -0.0009366463849008929], [0.0, 0.0, 0.0, 1.0]]}, "mean_rme": {"type": "float", "data": 0.0015466456903856418}, "max_rme": {"type": "float", "data": 0.006228704226779236}, "simu": {"type": "float", "data": 0.002}}, {"type": "dict", "image_number": {"type": "int", "data": 7}, "Hcamera2end": {"type": "ndarray", "data": [[0.9999367568967829, -0.010861033929863803, -0.0029189293788273955, -0.013169743334762578], [0.0027585321819943434, -0.014753921041048335, 0.9998873498120253, 0.024259091421434606], [-0.010902876085929618, -0.9998321657937841, -0.014723027445671777, 0.03900290392611223], [0.0, 0.0, 0.0, 1.0]]}, "Hobj2base": {"type": "ndarray", "data": [[0.9998098567171493, -0.0054099646577163, 0.018734532116807597, -0.7308119581280804], [-0.005347608621381592, -0.9999799996132481, -0.0033769002830420177, 0.09365598798073957], [0.018752426330103523, 0.0032760732426709497, -0.9998187905069815, -0.0009262696510301696], [0.0, 0.0, 0.0, 1.0]]}, "mean_rme": {"type": "float", "data": 0.0014452046694081258}, "max_rme": {"type": "float", "data": 0.005860351536753461}, "simu": {"type": "float", "data": 0.002}}, {"type": "dict", "image_number": {"type": "int", "data": 8}, "Hcamera2end": {"type": "ndarray", "data": [[0.9999094251876418, -0.01320977183067401, -0.0025774695151135098, -0.014370614102988543], [0.0024531430525981043, -0.009419281306690674, 0.9999526284923845, 0.024131506215579038], [-0.01323342397428941, -0.999868380872126, -0.009386022697061014, 0.03951395168719786], [0.0, 0.0, 0.0, 1.0]]}, "Hobj2base": {"type": "ndarray", "data": [[0.9998506684211991, -0.008714504712278448, 0.01492307827832679, -0.7332591174656593], [-0.008653786581061496, -0.9999540327028615, -0.00412849356232755, 0.0931114915420477], [0.014958370081356863, 0.003998735913312704, -0.9998801214523694, 0.0006357038677396454], [0.0, 0.0, 0.0, 1.0]]}, "mean_rme": {"type": "float", "data": 0.0018468808841505169}, "max_rme": {"type": "float", "data": 0.005971995703767163}, "simu": {"type": "float", "data": 0.002}}, {"type": "dict", "image_number": {"type": "int", "data": 9}, "Hcamera2end": {"type": "ndarray", "data": [[0.9998980630963418, -0.014132545276877939, 0.002033366710929762, -0.014650720069490558], [-0.002136912766424767, -0.007315545550251379, 0.99997095777684, 0.024308007079272952], [-0.014117259649550018, -0.9998733689609395, -0.007344999842613609, 0.041129627373948346], [0.0, 0.0, 0.0, 1.0]]}, "Hobj2base": {"type": "ndarray", "data": [[0.9998632028727478, -0.009721151548213356, 0.013381881542859264, -0.7360391106913681], [-0.00970419834861212, -0.9999520270307032, -0.0013312293563352382, 0.09496956272556632], [0.013394180656585238, 0.0012011868152140396, -0.9999095724488161, 0.000786749969138683], [0.0, 0.0, 0.0, 1.0]]}, "mean_rme": {"type": "float", "data": 0.002281903843956195}, "max_rme": {"type": "float", "data": 0.0064419225967417}, "simu": {"type": "float", "data": 0.002}}, {"type": "dict", "image_number": {"type": "int", "data": 10}, "Hcamera2end": {"type": "ndarray", "data": [[0.9999352602084737, -0.011375929534134827, -0.00025222816344448295, -0.014707552089631955], [0.00017771684860456213, -0.006550445357597523, 0.9999785298106849, 0.023025398595215255], [-0.011377337497576384, -0.9999138362343285, -0.006547999588783826, 0.04153283246231454], [0.0, 0.0, 0.0, 1.0]]}, "Hobj2base": {"type": "ndarray", "data": [[0.9999001036988592, -0.008319692711841601, 0.011426518988356763, -0.7367525786930443], [-0.00829178369798455, -0.9999625281715048, -0.002487684859131015, 0.09441021868142219], [0.011446787589388803, 0.002392690124742816, -0.9999316207060613, 0.0030726200985769837], [0.0, 0.0, 0.0, 1.0]]}, "mean_rme": {"type": "float", "data": 0.002568117030533508}, "max_rme": {"type": "float", "data": 0.006276336387002979}, "simu": {"type": "float", "data": 0.002}}, {"type": "dict", "image_number": {"type": "int", "data": 11}, "Hcamera2end": {"type": "ndarray", "data": [[0.9999425509639394, -0.010687754875230784, -0.0008164970646706588, -0.014862716222871436], [0.000755070561079675, -0.005750145948439922, 0.999983182703599, 0.023201769910783477], [-0.010692270113377516, -0.9999263511465726, -0.005741745599027626, 0.04220815601592211], [0.0, 0.0, 0.0, 1.0]]}, "Hobj2base": {"type": "ndarray", "data": [[0.9999138936329615, -0.008206037138532213, 0.010240423538681046, -0.7380333286332675], [-0.008188472763659298, -0.9999649321592838, -0.00175595144507263, 0.0940452338720398], [0.010254473831911252, 0.0016719468172381733, -0.9999460237234161, 0.003267335048774704], [0.0, 0.0, 0.0, 1.0]]}, "mean_rme": {"type": "float", "data": 0.0024358625191643543}, "max_rme": {"type": "float", "data": 0.006432575211579028}, "simu": {"type": "float", "data": 0.002}}, {"type": "dict", "image_number": {"type": "int", "data": 12}, "Hcamera2end": {"type": "ndarray", "data": [[0.9999318326143994, -0.011472851634687004, -0.002168824515035816, -0.015261620261124495], [0.002054501940542298, -0.00996703526858922, 0.9999482172741403, 0.022854919082322768], [-0.011493874289588715, -0.9998845092726076, -0.009942784845905717, 0.043754354456201114], [0.0, 0.0, 0.0, 1.0]]}, "Hobj2base": {"type": "ndarray", "data": [[0.9998848131773094, -0.007436886190681267, 0.013230763438444614, -0.7377919144933589], [-0.0074014223580177825, -0.9999688897514445, -0.0027273570250354565, 0.09281917453160114], [0.013250634869902005, 0.0026291164011184513, -0.9999087500479702, 0.0034932499873395195], [0.0, 0.0, 0.0, 1.0]]}, "mean_rme": {"type": "float", "data": 0.002615177458861929}, "max_rme": {"type": "float", "data": 0.006614976168784814}, "simu": {"type": "float", "data": 0.002}}, {"type": "dict", "image_number": {"type": "int", "data": 13}, "Hcamera2end": {"type": "ndarray", "data": [[0.9999289635163948, -0.01156063030585663, -0.002901680195975897, -0.015882208941929685], [0.0027692248037626656, -0.011457033850979403, 0.9999305314717235, 0.022591962311743655], [-0.011593071854113348, -0.9998675353276896, -0.01142420599939209, 0.043594628807351515], [0.0, 0.0, 0.0, 1.0]]}, "Hobj2base": {"type": "ndarray", "data": [[0.9998768473075131, -0.006927227261027735, 0.014082036104988765, -0.7370321008147052], [-0.006891551060062633, -0.9999729236516126, -0.00258040454831724, 0.09175646702801371], [0.014099529863604765, 0.0024830396937022335, -0.9998975136340249, 0.004079043783326848], [0.0, 0.0, 0.0, 1.0]]}, "mean_rme": {"type": "float", "data": 0.002657888981833599}, "max_rme": {"type": "float", "data": 0.006938782904021834}, "simu": {"type": "float", "data": 0.002}}, {"type": "dict", "image_number": {"type": "int", "data": 14}, "Hcamera2end": {"type": "ndarray", "data": [[0.999936600299305, -0.011060744536048231, -0.0021107610419458713, -0.015454695829189707], [0.001999216694398543, -0.010086076305417802, 0.9999471357013681, 0.02273574427818772], [-0.011081449114477556, -0.9998879592209666, -0.010063324026069909, 0.04283099744745451], [0.0, 0.0, 0.0, 1.0]]}, "Hobj2base": {"type": "ndarray", "data": [[0.9998978805390243, -0.0070312563961593185, 0.012441460005099974, -0.7369186459422931], [-0.0070201376771228865, -0.9999749194127918, -0.0009371298599994862, 0.09254701842159771], [0.012447737166299475, 0.000849693398663099, -0.9999221629009765, 0.004151928706304796], [0.0, 0.0, 0.0, 1.0]]}, "mean_rme": {"type": "float", "data": 0.0026187684936104776}, "max_rme": {"type": "float", "data": 0.006727417612641173}, "simu": {"type": "float", "data": 0.002}}, {"type": "dict", "image_number": {"type": "int", "data": 15}, "Hcamera2end": {"type": "ndarray", "data": [[0.9999379178088676, -0.010911769121627102, -0.002256949867097106, -0.015345371166320598], [0.0021529416229100857, -0.009534117834508749, 0.9999522315788322, 0.022857092142658863], [-0.010932765909623495, -0.9998950114345778, -0.009510033533661533, 0.04271258760097384], [0.0, 0.0, 0.0, 1.0]]}, "Hobj2base": {"type": "ndarray", "data": [[0.9999022920874522, -0.006831942350524769, 0.012195525490055726, -0.7370708733566047], [-0.006826967088462419, -0.9999765949419939, -0.000449542642755446, 0.092607988430658], [0.012198311302493629, 0.0003662402677351062, -0.9999255307618826, 0.004088670638575439], [0.0, 0.0, 0.0, 1.0]]}, "mean_rme": {"type": "float", "data": 0.002533927318662094}, "max_rme": {"type": "float", "data": 0.006888973612582006}, "simu": {"type": "float", "data": 0.002}}, {"type": "dict", "image_number": {"type": "int", "data": 16}, "Hcamera2end": {"type": "ndarray", "data": [[0.9999381330583982, -0.010854896322178353, -0.00242925534267846, -0.01529950983500068], [0.0023252115158022843, -0.009587329333160755, 0.9999513370697919, 0.02291133946059991], [-0.010877658162120806, -0.9998951216713143, -0.009561496264485658, 0.04280969892050317], [0.0, 0.0, 0.0, 1.0]]}, "Hobj2base": {"type": "ndarray", "data": [[0.99990200287457, -0.006431843491226172, 0.01243446970030962, -0.737200466608963], [-0.006431396568490717, -0.9999793154725296, -7.592937142033893e-05, 0.09254183796839224], [0.012434700865012888, -4.049075201369066e-06, -0.9999226861102823, 0.004051408646911871], [0.0, 0.0, 0.0, 1.0]]}, "mean_rme": {"type": "float", "data": 0.002423677521895055}, "max_rme": {"type": "float", "data": 0.007018386050263392}, "simu": {"type": "float", "data": 0.002}}, {"type": "dict", "image_number": {"type": "int", "data": 17}, "Hcamera2end": {"type": "ndarray", "data": [[0.9999381829797834, -0.010798710161182536, -0.002649165518392496, -0.015323876687972573], [0.002542381212670158, -0.009890378675433409, 0.9999478569942665, 0.022901807701519113], [-0.01082434833412749, -0.9998927783860184, -0.009862312843859966, 0.04298704677160701], [0.0, 0.0, 0.0, 1.0]]}, "Hobj2base": {"type": "ndarray", "data": [[0.9998993355025511, -0.006489687435526708, 0.012617559928367305, -0.7372968721566705], [-0.006490564946725921, -0.9999789356525466, 2.859845911125379e-05, 0.09241693958730916], [0.012617108552640194, -0.00011049067244601399, -0.999920395013314, 0.004019041257917783], [0.0, 0.0, 0.0, 1.0]]}, "mean_rme": {"type": "float", "data": 0.00234670101267088}, "max_rme": {"type": "float", "data": 0.007171048139974823}, "simu": {"type": "float", "data": 0.002}}, {"type": "dict", "image_number": {"type": "int", "data": 18}, "Hcamera2end": {"type": "ndarray", "data": [[0.999935085005549, -0.01074115451292777, -0.003801759418335547, -0.0151640169725896], [0.003697962011373877, -0.009666914708152952, 0.9999464364839686, 0.02305769193519689], [-0.01077733046296379, -0.9998955837284983, -0.00962656679909113, 0.042311005303163424], [0.0, 0.0, 0.0, 1.0]]}, "Hobj2base": {"type": "ndarray", "data": [[0.9998966691924907, -0.006493812034805417, 0.012825027992935042, -0.7365470087697943], [-0.006476840995494889, -0.999978094276784, -0.0013643669925157862, 0.09213997698697865], [0.012833606994217484, 0.0012811603442996994, -0.9999168251208146, 0.0037040761429154765], [0.0, 0.0, 0.0, 1.0]]}, "mean_rme": {"type": "float", "data": 0.0023430308837437334}, "max_rme": {"type": "float", "data": 0.007828541464736771}, "simu": {"type": "float", "data": 0.002}}, {"type": "dict", "image_number": {"type": "int", "data": 19}, "Hcamera2end": {"type": "ndarray", "data": [[0.9999335747997373, -0.010591925035208675, -0.004545009600282429, -0.014788386920675578], [0.0044399940976219045, -0.009917188846034097, 0.9999409661664059, 0.023082519000689018], [-0.010636373471781741, -0.9998947247032764, -0.00986950201014003, 0.04212569097858628], [0.0, 0.0, 0.0, 1.0]]}, "Hobj2base": {"type": "ndarray", "data": [[0.9998914892211296, -0.0062864611731790355, 0.013322544391740129, -0.7362530941836415], [-0.006256550308892637, -0.9999778155082313, -0.0022856223700171282, 0.0921114181498443], [0.013336617314149393, 0.002202021186124176, -0.9999086386972122, 0.003363300632874781], [0.0, 0.0, 0.0, 1.0]]}, "mean_rme": {"type": "float", "data": 0.002269674076035289}, "max_rme": {"type": "float", "data": 0.008283077862039745}, "simu": {"type": "float", "data": 0.002}}, {"type": "dict", "image_number": {"type": "int", "data": 20}, "Hcamera2end": {"type": "ndarray", "data": [[0.9999272974196428, -0.010877361117610436, -0.005204122420372849, -0.014435039525496832], [0.005096782804400178, -0.009872701328842437, 0.9999382743817321, 0.02289217021736188], [-0.0109280684521054, -0.9998921005706508, -0.00981654401087928, 0.04227226905023973], [0.0, 0.0, 0.0, 1.0]]}, "Hobj2base": {"type": "ndarray", "data": [[0.9998917746459719, -0.006069894911119648, 0.013401319752059984, -0.7363819460776981], [-0.006024703221624168, -0.999976037198719, -0.003409982322224446, 0.09199901364534543], [0.013421696853242538, 0.0033288743013961427, -0.9999043837534993, 0.0033463374558817373], [0.0, 0.0, 0.0, 1.0]]}, "mean_rme": {"type": "float", "data": 0.002230042672554957}, "max_rme": {"type": "float", "data": 0.00838661747022118}, "simu": {"type": "float", "data": 0.002}}, {"type": "dict", "image_number": {"type": "int", "data": 21}, "Hcamera2end": {"type": "ndarray", "data": [[0.9999336508858975, -0.010299887078217494, -0.005158115176697882, -0.014460042009252261], [0.0050532267461535375, -0.010183643212295035, 0.9999353770671267, 0.022952190086348242], [-0.01035174987391365, -0.999895097366269, -0.010130919871723654, 0.042320814793057465], [0.0, 0.0, 0.0, 1.0]]}, "Hobj2base": {"type": "ndarray", "data": [[0.9998999563319162, -0.005211775065326267, 0.01314970448719738, -0.7365054012827847], [-0.005172818989166307, -0.9999821364561312, -0.0029947808493947323, 0.09188192874554388], [0.01316507771103141, 0.002926460199460152, -0.999909054144207, 0.00334966434456225], [0.0, 0.0, 0.0, 1.0]]}, "mean_rme": {"type": "float", "data": 0.0022146906041385457}, "max_rme": {"type": "float", "data": 0.008463812811259297}, "simu": {"type": "float", "data": 0.002}}, {"type": "dict", "image_number": {"type": "int", "data": 22}, "Hcamera2end": {"type": "ndarray", "data": [[0.9999445552709993, -0.009450793652924571, -0.004644231175691472, -0.014441771746186565], [0.004546470978750117, -0.010339451461711668, 0.9999362106380137, 0.022971003785884854], [-0.009498209595645218, -0.9999018843080559, -0.010295910434558353, 0.04231071140373702], [0.0, 0.0, 0.0, 1.0]]}, "Hobj2base": {"type": "ndarray", "data": [[0.9999131730124824, -0.0043365992542562055, 0.012443485967262129, -0.7367061894717768], [-0.004300155340987489, -0.9999863911317945, -0.0029540167997800823, 0.09196999666232383], [0.012456127012552567, 0.0029002513887576562, -0.9999182133763387, 0.0033715219686409944], [0.0, 0.0, 0.0, 1.0]]}, "mean_rme": {"type": "float", "data": 0.0022147631898826563}, "max_rme": {"type": "float", "data": 0.00826228510120619}, "simu": {"type": "float", "data": 0.002}}, {"type": "dict", "image_number": {"type": "int", "data": 23}, "Hcamera2end": {"type": "ndarray", "data": [[0.999949339101151, -0.008951097260932756, -0.00460402964767374, -0.014211371669283488], [0.004510468846553917, -0.01044467850143782, 0.9999352800865593, 0.022845424444806993], [-0.00899860555617387, -0.9999053887987737, -0.010403775719298958, 0.04245466786279827], [0.0, 0.0, 0.0, 1.0]]}, "Hobj2base": {"type": "ndarray", "data": [[0.9999188466324205, -0.0039055746317910316, 0.012126278740220427, -0.7369687916275346], [-0.0038647220967883904, -0.9999867840155456, -0.003390533491991083, 0.09202883014413779], [0.012139360461103671, 0.0033433936413811718, -0.9999207256810678, 0.0034051679949987585], [0.0, 0.0, 0.0, 1.0]]}, "mean_rme": {"type": "float", "data": 0.0022075058192442625}, "max_rme": {"type": "float", "data": 0.008172747903625766}, "simu": {"type": "float", "data": 0.002}}, {"type": "dict", "image_number": {"type": "int", "data": 24}, "Hcamera2end": {"type": "ndarray", "data": [[0.9999455553978793, -0.009607687690961243, -0.004071679906340924, -0.014784901199666757], [0.003976951092546845, -0.009858280184003032, 0.9999434974896438, 0.022907384469526743], [-0.009647284593824268, -0.9999052488356318, -0.009819534149801301, 0.04242473211231888], [0.0, 0.0, 0.0, 1.0]]}, "Hobj2base": {"type": "ndarray", "data": [[0.9999183581096522, -0.004413939134615455, 0.011991424294606522, -0.7370355434142067], [-0.004371232837502587, -0.9999840189118492, -0.0035852816327921234, 0.09191109724060238], [0.012007057873505417, 0.0035325716159771824, -0.9999216726819156, 0.0036414776036554305], [0.0, 0.0, 0.0, 1.0]]}, "mean_rme": {"type": "float", "data": 0.0022619047699361}, "max_rme": {"type": "float", "data": 0.007715299764191719}, "simu": {"type": "float", "data": 0.002}}, {"type": "dict", "image_number": {"type": "int", "data": 25}, "Hcamera2end": {"type": "ndarray", "data": [[0.9999464128978657, -0.009748535900400328, -0.0034838743504497583, -0.014948813374354736], [0.0033871447188970356, -0.009921457089992147, 0.9999450444598768, 0.022833658947942256], [-0.009782565274219421, -0.9999032606892579, -0.00988790572596554, 0.04200051957227337], [0.0, 0.0, 0.0, 1.0]]}, "Hobj2base": {"type": "ndarray", "data": [[0.9999189247527527, -0.0042876221302874705, 0.011990004911040514, -0.7365374692171455], [-0.004256202352619303, -0.9999874448407333, -0.002644787786393578, 0.09199586699481536], [0.012001194225262102, 0.002593541472459592, -0.9999246195987965, 0.003696233654017407], [0.0, 0.0, 0.0, 1.0]]}, "mean_rme": {"type": "float", "data": 0.0022612507702677383}, "max_rme": {"type": "float", "data": 0.00772308870685301}, "simu": {"type": "float", "data": 0.002}}, {"type": "dict", "image_number": {"type": "int", "data": 26}, "Hcamera2end": {"type": "ndarray", "data": [[0.9999550171733143, -0.008879052308867156, -0.003335574914959694, -0.014681767489991096], [0.003244356560552964, -0.010268088325050106, 0.9999420185754055, 0.02270947139310328], [-0.008912787466606868, -0.9999078601512468, -0.010238819625802753, 0.04218781784982165], [0.0, 0.0, 0.0, 1.0]]}, "Hobj2base": {"type": "ndarray", "data": [[0.9999267012374593, -0.003424912995708918, 0.011613015256366212, -0.736829288345987], [-0.0033954533938974824, -0.9999909700078797, -0.002555542789788252, 0.09206432572632064], [0.011621662902641787, 0.0025159240195985295, -0.9999293010396813, 0.0037399926931058845], [0.0, 0.0, 0.0, 1.0]]}, "mean_rme": {"type": "float", "data": 0.0022723153988749045}, "max_rme": {"type": "float", "data": 0.007689374215846367}, "simu": {"type": "float", "data": 0.002}}, {"type": "dict", "image_number": {"type": "int", "data": 27}, "Hcamera2end": {"type": "ndarray", "data": [[0.9999547493751879, -0.008879513895682804, -0.003413712785460396, -0.01491838450113917], [0.0033210369580672565, -0.0104309270452827, 0.9999400814421331, 0.022698383637493602], [-0.0089145900370343, -0.9999061705949979, -0.010400965845499321, 0.04231882506083652], [0.0, 0.0, 0.0, 1.0]]}, "Hobj2base": {"type": "ndarray", "data": [[0.9999262053171031, -0.0035071579340526034, 0.011631154859440166, -0.7369271756557894], [-0.0034817429169869333, -0.9999915085425592, -0.002204610858311413, 0.09182653251664591], [0.011638788012446916, 0.0021639514787039787, -0.9999299255085823, 0.003871770881248653], [0.0, 0.0, 0.0, 1.0]]}, "mean_rme": {"type": "float", "data": 0.002238922073649109}, "max_rme": {"type": "float", "data": 0.0077458807877265334}, "simu": {"type": "float", "data": 0.002}}, {"type": "dict", "image_number": {"type": "int", "data": 28}, "Hcamera2end": {"type": "ndarray", "data": [[0.9999337617939965, -0.010957630599315945, -0.0035216979081058846, -0.014332978277152172], [0.0034011767812970224, -0.010998093743169068, 0.9999337347697189, 0.02597165509076049], [-0.010995636453129419, -0.9998794788701612, -0.010960096410397524, 0.04264908902624003], [0.0, 0.0, 0.0, 1.0]]}, "Hobj2base": {"type": "ndarray", "data": [[0.9999028084702737, -0.005267907329130073, 0.012908244095573541, -0.7368627296238853], [-0.005240598717727281, -0.9999839598922982, -0.002148507202264497, 0.09106679641450124], [0.012919355182785506, 0.002080651458107507, -0.9999143769099286, 0.0003056574096369621], [0.0, 0.0, 0.0, 1.0]]}, "mean_rme": {"type": "float", "data": 0.002266213775932037}, "max_rme": {"type": "float", "data": 0.007837921888643629}, "simu": {"type": "float", "data": 0.002}}, {"type": "dict", "image_number": {"type": "int", "data": 29}, "Hcamera2end": {"type": "ndarray", "data": [[0.9999342259374252, -0.01089926669597514, -0.003570684025828487, -0.014172570701095323], [0.0034536085557354494, -0.01074157867844594, 0.9999363435116451, 0.02602991577185545], [-0.010936927670330936, -0.9998829053809175, -0.010703230360465277, 0.042559461153841315], [0.0, 0.0, 0.0, 1.0]]}, "Hobj2base": {"type": "ndarray", "data": [[0.9999049601047325, -0.005192318032762727, 0.01277147569390576, -0.7368401962954438], [-0.00516683670482839, -0.9999845966822429, -0.002027362009656237, 0.09119101140403518], [0.012781805679129093, 0.0019611811999930744, -0.9999163861102998, 0.0002926426860245533], [0.0, 0.0, 0.0, 1.0]]}, "mean_rme": {"type": "float", "data": 0.0022520363437347007}, "max_rme": {"type": "float", "data": 0.00782198376450105}, "simu": {"type": "float", "data": 0.002}}, {"type": "dict", "image_number": {"type": "int", "data": 30}, "Hcamera2end": {"type": "ndarray", "data": [[0.9999458644309606, -0.009828005978890638, -0.0034173829018529496, -0.014338421436954631], [0.0033170338482989316, -0.01020875848909819, 0.9999423876086864, 0.025645493030274098], [-0.00986232700067414, -0.9998995907332846, -0.010175606003654858, 0.04214364914646006], [0.0, 0.0, 0.0, 1.0]]}, "Hobj2base": {"type": "ndarray", "data": [[0.9999201289917651, -0.004819024950606174, 0.01168386218753215, -0.7369009635289182], [-0.0047962954709255, -0.9999865520799982, -0.0019726147402098536, 0.09117551772975441], [0.011693211143539141, 0.001916417930188716, -0.9999297956134072, 0.0009453201710477439], [0.0, 0.0, 0.0, 1.0]]}, "mean_rme": {"type": "float", "data": 0.002236389559043339}, "max_rme": {"type": "float", "data": 0.007784803087341086}, "simu": {"type": "float", "data": 0.002}}]}