{"type": "list", "data": [{"type": "dict", "image_number": {"type": "int", "data": 5}, "Hcamera2end": {"type": "ndarray", "data": [[0.9994619697281703, -0.013250442033481743, -0.030003280704007426, -0.013749816943112232], [0.030077936437908837, 0.005471286359637895, 0.9995325821428774, 0.030073153650838423], [-0.013080091999800304, -0.9998972401259482, 0.0058668885952077865, 0.03651401207659352], [0.0, 0.0, 0.0, 1.0]]}, "Hobj2base": {"type": "ndarray", "data": [[0.9999413133386662, -0.010415813254894712, 0.0029800524798330326, -0.7384525207853911], [-0.010325658206196207, -0.9995313383121844, -0.028818128226218376, 0.07909136321635234], [0.0032788200853679553, 0.028785665983143603, -0.9995802292826501, 0.0043748400053056245], [0.0, 0.0, 0.0, 1.0]]}, "mean_rme": {"type": "float", "data": 0.0011959641731546348}, "max_rme": {"type": "float", "data": 0.003924402629043255}, "simu": {"type": "float", "data": 0.002}}, {"type": "dict", "image_number": {"type": "int", "data": 6}, "Hcamera2end": {"type": "ndarray", "data": [[0.9997934417689552, -0.011138722237196735, -0.01700007831480039, -0.011332812094616205], [0.016976829205720814, -0.002178478935270567, 0.9998535100201671, 0.027707506736313305], [-0.011174124838507585, -0.9999355894738677, -0.001988928767524545, 0.03582820927756396], [0.0, 0.0, 0.0, 1.0]]}, "Hobj2base": {"type": "ndarray", "data": [[0.9999520136691934, -0.006762777909502557, 0.00708767901869507, -0.7347714124185848], [-0.006654453886420311, -0.9998623727902545, -0.015197161633568273, 0.08745238513072999], [0.007189478590190787, 0.01514926774435115, -0.9998593956574156, 0.0021414435916697803], [0.0, 0.0, 0.0, 1.0]]}, "mean_rme": {"type": "float", "data": 0.001551047424033962}, "max_rme": {"type": "float", "data": 0.004128677937148106}, "simu": {"type": "float", "data": 0.002}}, {"type": "dict", "image_number": {"type": "int", "data": 7}, "Hcamera2end": {"type": "ndarray", "data": [[0.9999054493192171, -0.013037675882485066, -0.004371662077274111, -0.013019003262380792], [0.004444460904935158, 0.00555999027835441, 0.9999746663167869, 0.029978692862072595], [-0.013013039191484528, -0.9998995477125129, 0.005617410018239344, 0.03633239033676185], [0.0, 0.0, 0.0, 1.0]]}, "Hobj2base": {"type": "ndarray", "data": [[0.9999380172628847, -0.011133022467275638, 0.00013207238189925528, -0.7383713581806883], [-0.011132322479198632, -0.9999280786837839, -0.004461934107099762, 0.0908985855064214], [0.00018173769574155834, 0.004460187271865078, -0.9999900368008225, 0.00036626802604819035], [0.0, 0.0, 0.0, 1.0]]}, "mean_rme": {"type": "float", "data": 0.0021505251351558127}, "max_rme": {"type": "float", "data": 0.005749648190111339}, "simu": {"type": "float", "data": 0.002}}, {"type": "dict", "image_number": {"type": "int", "data": 8}, "Hcamera2end": {"type": "ndarray", "data": [[0.9999102112349689, -0.012959353513209485, -0.003409490366541452, -0.012941908186365552], [0.003379472978018914, -0.002337465612277878, 0.9999915576728147, 0.029685795774669947], [-0.0129672136725942, -0.9999132919463722, -0.002293459949116894, 0.03512701674886337], [0.0, 0.0, 0.0, 1.0]]}, "Hobj2base": {"type": "ndarray", "data": [[0.9999351208150046, -0.009502045161090327, 0.006282141230413098, -0.7332260813901402], [-0.009480928093983062, -0.9999493333095959, -0.00338272318867029, 0.09139585926508562], [0.006313965723614515, 0.0033229431910649513, -0.9999745456187321, -0.0006382968545476167], [0.0, 0.0, 0.0, 1.0]]}, "mean_rme": {"type": "float", "data": 0.0019700285367892038}, "max_rme": {"type": "float", "data": 0.006471121697559062}, "simu": {"type": "float", "data": 0.002}}, {"type": "dict", "image_number": {"type": "int", "data": 9}, "Hcamera2end": {"type": "ndarray", "data": [[0.9999236428559637, -0.011748978282954244, 0.0038301392880357842, -0.014196753215249875], [-0.003920745055619343, -0.007698484914328896, 0.9999626798477195, 0.028906600136092902], [-0.01171905353976686, -0.9999013425530194, -0.007743961828518886, 0.036336927527682396], [0.0, 0.0, 0.0, 1.0]]}, "Hobj2base": {"type": "ndarray", "data": [[0.9999233909984856, -0.0067353518611673446, 0.010384949176375464, -0.7322578884515829], [-0.006767241388950218, -0.9999724850900844, 0.003038668580926317, 0.09352929356162432], [0.010364196933352384, -0.003108713249448912, -0.9999414579483439, -0.0007359840687466917], [0.0, 0.0, 0.0, 1.0]]}, "mean_rme": {"type": "float", "data": 0.0022953329420010416}, "max_rme": {"type": "float", "data": 0.0074102037851530855}, "simu": {"type": "float", "data": 0.002}}, {"type": "dict", "image_number": {"type": "int", "data": 10}, "Hcamera2end": {"type": "ndarray", "data": [[0.9999340890654941, -0.011170468729300529, 0.0026529517764547943, -0.013263025503959566], [-0.002804304128765975, -0.013555537265320883, 0.9999041870538404, 0.0287015211174832], [-0.011133436267112759, -0.9998457221180755, -0.013585969198769865, 0.035851432653086025], [0.0, 0.0, 0.0, 1.0]]}, "Hobj2base": {"type": "ndarray", "data": [[0.9998838818769094, -0.004437299205236513, 0.014578516334863983, -0.7291545539164614], [-0.00445953603164415, -0.9999889414440251, 0.0014931604201291065, 0.09342756365098807], [0.014571729517979536, -0.0015580004560268865, -0.9998926129007222, -0.0018445654386662791], [0.0, 0.0, 0.0, 1.0]]}, "mean_rme": {"type": "float", "data": 0.0025331206112434016}, "max_rme": {"type": "float", "data": 0.008164132003817187}, "simu": {"type": "float", "data": 0.002}}, {"type": "dict", "image_number": {"type": "int", "data": 11}, "Hcamera2end": {"type": "ndarray", "data": [[0.9999524134768178, -0.009547645106614105, 0.002003310960676234, -0.013195177673192428], [-0.0020965510704644835, -0.009765787789758562, 0.9999501156870048, 0.028939751843497324], [-0.009527604919178378, -0.9999067315813828, -0.009785340195440195, 0.035236953031474], [0.0, 0.0, 0.0, 1.0]]}, "Hobj2base": {"type": "ndarray", "data": [[0.9999257949070457, -0.004042637727064836, 0.011491812725608414, -0.7304245334366309], [-0.004061333968476543, -0.9999904662538743, 0.0016040473047171865, 0.09308635748183983], [0.011485218583433317, -0.0016506003656197212, -0.9999326803702957, -0.00200729804054582], [0.0, 0.0, 0.0, 1.0]]}, "mean_rme": {"type": "float", "data": 0.0026231252141643226}, "max_rme": {"type": "float", "data": 0.00754156468177955}, "simu": {"type": "float", "data": 0.002}}, {"type": "dict", "image_number": {"type": "int", "data": 12}, "Hcamera2end": {"type": "ndarray", "data": [[0.999953267873394, -0.00961467511095478, 0.0010099959560217614, -0.01294903935176405], [-0.0011021300471033444, -0.009582182201672618, 0.9999534824648659, 0.02896970377314178], [-0.009604549894693953, -0.9999078656590139, -0.009592331028253742, 0.03508316758653314], [0.0, 0.0, 0.0, 1.0]]}, "Hobj2base": {"type": "ndarray", "data": [[0.999925587775645, -0.00436404312636807, 0.011391840901366565, -0.7303374607792148], [-0.004366696277918516, -0.9999904442965819, 0.0002080363911029691, 0.09281170023634354], [0.011390824164530904, -0.0002577656199149976, -0.9999350892341647, -0.0021376531310850814], [0.0, 0.0, 0.0, 1.0]]}, "mean_rme": {"type": "float", "data": 0.002490553318850119}, "max_rme": {"type": "float", "data": 0.007466511498549794}, "simu": {"type": "float", "data": 0.002}}, {"type": "dict", "image_number": {"type": "int", "data": 13}, "Hcamera2end": {"type": "ndarray", "data": [[0.9999566140966266, -0.009291029162256948, 0.0006683573268503138, -0.01279408392029891], [-0.0007256058452093424, -0.006159693583224435, 0.999980765650579, 0.029083866877827404], [-0.00928673357901806, -0.9999378655456883, -0.00616616796442182, 0.03646919186117715], [0.0, 0.0, 0.0, 1.0]]}, "Hobj2base": {"type": "ndarray", "data": [[0.9999553832393618, -0.00456828560817246, 0.008268149564635872, -0.7335763819634054], [-0.004566744390908853, -0.9999895512994932, -0.00020527422049828378, 0.09267728649627179], [0.00826900092448456, 0.00016750653618002626, -0.9999657971977194, -0.0016158805389796227], [0.0, 0.0, 0.0, 1.0]]}, "mean_rme": {"type": "float", "data": 0.0026449061263177}, "max_rme": {"type": "float", "data": 0.009496229999788747}, "simu": {"type": "float", "data": 0.002}}, {"type": "dict", "image_number": {"type": "int", "data": 14}, "Hcamera2end": {"type": "ndarray", "data": [[0.999960139278096, -0.00892847789495498, -4.6232133137102255e-05, -0.012262426031808124], [-2.338216853821351e-05, -0.007796621693719752, 0.99996960560981, 0.028978986441926972], [-0.008928566973766204, -0.9999297450184408, -0.007796519681925629, 0.036457444857085824], [0.0, 0.0, 0.0, 1.0]]}, "Hobj2base": {"type": "ndarray", "data": [[0.999950990449389, -0.004029812727424022, 0.009043080706696297, -0.7328886648083383], [-0.004019746667746405, -0.9999912811740728, -0.0011310227953743798, 0.09263638795758698], [0.009047559671705577, 0.0010946164709185434, -0.9999584708770501, -0.0020120204055362073], [0.0, 0.0, 0.0, 1.0]]}, "mean_rme": {"type": "float", "data": 0.0026785727538560463}, "max_rme": {"type": "float", "data": 0.010060446317418453}, "simu": {"type": "float", "data": 0.002}}, {"type": "dict", "image_number": {"type": "int", "data": 15}, "Hcamera2end": {"type": "ndarray", "data": [[0.9999617863513557, -0.0087310669686478, -0.0004408022171996451, -0.012204080847904477], [0.00037315245018510867, -0.007748281385794531, 0.9999699119937637, 0.02907966384824807], [-0.008734219727864742, -0.9999318639813193, -0.0077447272766599795, 0.036671444021453094], [0.0, 0.0, 0.0, 1.0]]}, "Hobj2base": {"type": "ndarray", "data": [[0.9999506015535102, -0.003863515213014221, 0.00915793115129855, -0.7332316609010753], [-0.003848751739616981, -0.9999912664146873, -0.0016291729177575094, 0.09250859352016616], [0.009164145504077943, 0.0015938458356964562, -0.9999567381105201, -0.0021550792159929573], [0.0, 0.0, 0.0, 1.0]]}, "mean_rme": {"type": "float", "data": 0.0025572339381166116}, "max_rme": {"type": "float", "data": 0.010032671054132164}, "simu": {"type": "float", "data": 0.002}}, {"type": "dict", "image_number": {"type": "int", "data": 16}, "Hcamera2end": {"type": "ndarray", "data": [[0.999964144786387, -0.008463459603227093, -0.00028105724376334754, -0.012175889575958238], [0.0002200056868442565, -0.007213613422503373, 0.9999739573503343, 0.02918901737407412], [-0.008465266630619792, -0.9999381649046781, -0.007211492767610128, 0.03673805933823692], [0.0, 0.0, 0.0, 1.0]]}, "Hobj2base": {"type": "ndarray", "data": [[0.9999525682031617, -0.003444771782709591, 0.009110153196647127, -0.7334388142876891], [-0.0034305808354465417, -0.9999928785639896, -0.00157287521352842, 0.09263006566753201], [0.009115506515427379, 0.0015415474922664404, -0.999957264672994, -0.002335301921125417], [0.0, 0.0, 0.0, 1.0]]}, "mean_rme": {"type": "float", "data": 0.002480016571312839}, "max_rme": {"type": "float", "data": 0.009938507240134759}, "simu": {"type": "float", "data": 0.002}}, {"type": "dict", "image_number": {"type": "int", "data": 17}, "Hcamera2end": {"type": "ndarray", "data": [[0.9999653321084133, -0.008259861788822088, -0.001053216283726362, -0.012119016906395684], [0.0009946309413392824, -0.007093678473256038, 0.999974344888412, 0.02942837081514066], [-0.008267121058825745, -0.9999407254477375, -0.007085217036273406, 0.03719259161667679], [0.0, 0.0, 0.0, 1.0]]}, "Hobj2base": {"type": "ndarray", "data": [[0.9999535546181353, -0.0035000217215290616, 0.008979891675560927, -0.7341710354262361], [-0.0034821533682645902, -0.9999919278956471, -0.0020046823856227727, 0.09243058943470224], [0.00898683562083269, 0.001973319917339149, -0.9999576705011208, -0.0025586063585266486], [0.0, 0.0, 0.0, 1.0]]}, "mean_rme": {"type": "float", "data": 0.002467912177816903}, "max_rme": {"type": "float", "data": 0.009929326274136313}, "simu": {"type": "float", "data": 0.002}}, {"type": "dict", "image_number": {"type": "int", "data": 18}, "Hcamera2end": {"type": "ndarray", "data": [[0.9999618378470981, -0.007806492119163819, -0.0039219294036548745, -0.012049060125095051], [0.0038668766478768576, -0.007054820686706487, 0.9999676378613801, 0.02990725716676908], [-0.007833907993072433, -0.9999446425607127, -0.007024364717483245, 0.03876262284349586], [0.0, 0.0, 0.0, 1.0]]}, "Hobj2base": {"type": "ndarray", "data": [[0.9999633212067573, -0.003335244724763557, 0.007888750457282972, -0.7362429297263378], [-0.0033045106660850193, -0.99998691251454, -0.0039057661085909823, 0.09113408751381628], [0.007901673899185904, 0.0038795543897752567, -0.9999612555530975, -0.0022802484481662636], [0.0, 0.0, 0.0, 1.0]]}, "mean_rme": {"type": "float", "data": 0.002456270351749422}, "max_rme": {"type": "float", "data": 0.009367791539844378}, "simu": {"type": "float", "data": 0.002}}, {"type": "dict", "image_number": {"type": "int", "data": 19}, "Hcamera2end": {"type": "ndarray", "data": [[0.9999697759671021, -0.007017261681808645, -0.0033474155392945845, -0.011699979913428487], [0.0032922434720222063, -0.007859197996293865, 0.9999636964109127, 0.02973109418014723], [-0.007043314931523218, -0.9999444939822131, -0.007835857925671652, 0.039222543212295666], [0.0, 0.0, 0.0, 1.0]]}, "Hobj2base": {"type": "ndarray", "data": [[0.9999645615122132, -0.0029372851349335964, 0.007889744972005475, -0.736558594138922], [-0.0029089183635322914, -0.9999892729367359, -0.0036044701985479335, 0.09155646842082865], [0.007900247694945529, 0.0035813918375421708, -0.9999623791517678, -0.002528947993513877], [0.0, 0.0, 0.0, 1.0]]}, "mean_rme": {"type": "float", "data": 0.002546170180750613}, "max_rme": {"type": "float", "data": 0.009552735600577539}, "simu": {"type": "float", "data": 0.002}}, {"type": "dict", "image_number": {"type": "int", "data": 20}, "Hcamera2end": {"type": "ndarray", "data": [[0.9999619673178344, -0.0073527319016823784, -0.004690549160638829, -0.011410207708038165], [0.004634873311305308, -0.0075709697608894455, 0.9999605984068913, 0.029826832471355116], [-0.007387954198188912, -0.9999443073243939, -0.007536602835746642, 0.038897061433221226], [0.0, 0.0, 0.0, 1.0]]}, "Hobj2base": {"type": "ndarray", "data": [[0.999964575797988, -0.0032460256939615593, 0.007765981350990174, -0.7362520866791481], [-0.003209474022141451, -0.9999837363397848, -0.004714481140572997, 0.09117902311081677], [0.007781158374624241, 0.004689389418438255, -0.9999587307490398, -0.0025695707479306356], [0.0, 0.0, 0.0, 1.0]]}, "mean_rme": {"type": "float", "data": 0.0025444018325067566}, "max_rme": {"type": "float", "data": 0.00967763471589525}, "simu": {"type": "float", "data": 0.002}}, {"type": "dict", "image_number": {"type": "int", "data": 21}, "Hcamera2end": {"type": "ndarray", "data": [[0.9999606631749429, -0.007710959921966704, -0.004383286416619439, -0.011676484777511771], [0.004328275978012098, -0.007136338978537493, 0.9999651687399125, 0.02983254510103075], [-0.007741971957225152, -0.9999448053583084, -0.007102683095022044, 0.03887716859905033], [0.0, 0.0, 0.0, 1.0]]}, "Hobj2base": {"type": "ndarray", "data": [[0.9999636928111699, -0.003543582927328361, 0.007749585762174624, -0.7363943302692231], [-0.0035078010219880508, -0.9999831476085865, -0.004625995116135793, 0.09116874750903198], [0.0077658477604375074, 0.0045986431544010435, -0.9999592712154333, -0.002435610277079971], [0.0, 0.0, 0.0, 1.0]]}, "mean_rme": {"type": "float", "data": 0.0025209485101605634}, "max_rme": {"type": "float", "data": 0.00981439624659744}, "simu": {"type": "float", "data": 0.002}}, {"type": "dict", "image_number": {"type": "int", "data": 22}, "Hcamera2end": {"type": "ndarray", "data": [[0.9999618587509952, -0.007371725557840301, -0.00468387719252823, -0.011533932092995582], [0.004627064499279873, -0.007705114991168882, 0.9999596099228671, 0.029906278390933155], [-0.00740751762564936, -0.9999431428162668, -0.007670711658832152, 0.038696461257086825], [0.0, 0.0, 0.0, 1.0]]}, "Hobj2base": {"type": "ndarray", "data": [[0.9999642295298934, -0.0029014689866421217, 0.007944881270742112, -0.7359483907917799], [-0.002862885397630626, -0.999984075086336, -0.004863482386730367, 0.09109735635842503], [0.007958865992505981, 0.004840563133103121, -0.9999566117590648, -0.002606558087829687], [0.0, 0.0, 0.0, 1.0]]}, "mean_rme": {"type": "float", "data": 0.0025044104673853608}, "max_rme": {"type": "float", "data": 0.009852266261175885}, "simu": {"type": "float", "data": 0.002}}, {"type": "dict", "image_number": {"type": "int", "data": 23}, "Hcamera2end": {"type": "ndarray", "data": [[0.9999444438591267, -0.008890390737834165, -0.00566305110256792, -0.011688712439724996], [0.005583083145553197, -0.008994071527353098, 0.9999439663600911, 0.02982759613784075], [-0.008940826463560462, -0.9999200306173939, -0.008943936060762603, 0.03846717830278921], [0.0, 0.0, 0.0, 1.0]]}, "Hobj2base": {"type": "ndarray", "data": [[0.9999493509975116, -0.003691133202960421, 0.00936327802285986, -0.734954454585308], [-0.0036320518272262093, -0.9999734383676437, -0.006319078945288021, 0.09061655532076632], [0.009386353881018447, 0.006284750979191042, -0.9999361970975698, -0.002643729366377332], [0.0, 0.0, 0.0, 1.0]]}, "mean_rme": {"type": "float", "data": 0.002495065344755375}, "max_rme": {"type": "float", "data": 0.010366335744309035}, "simu": {"type": "float", "data": 0.002}}, {"type": "dict", "image_number": {"type": "int", "data": 24}, "Hcamera2end": {"type": "ndarray", "data": [[0.9999367356221092, -0.009013466861269063, -0.006729202667555272, -0.01131065963121713], [0.006646472870330865, -0.009177186432528739, 0.9999357997629478, 0.02995141594815968], [-0.009074643341982335, -0.9999172649096139, -0.009116698080577246, 0.03827100617310546], [0.0, 0.0, 0.0, 1.0]]}, "Hobj2base": {"type": "ndarray", "data": [[0.9999477887189125, -0.0037992131784402813, 0.00948608535602082, -0.7346065421966604], [-0.003731542243738032, -0.9999675385974407, -0.007141242459075763, 0.09047130493279648], [0.009512908526846322, 0.007105471877424723, -0.999929505935673, -0.0028290985043852787], [0.0, 0.0, 0.0, 1.0]]}, "mean_rme": {"type": "float", "data": 0.0025242697869257208}, "max_rme": {"type": "float", "data": 0.010628209987346676}, "simu": {"type": "float", "data": 0.002}}, {"type": "dict", "image_number": {"type": "int", "data": 25}, "Hcamera2end": {"type": "ndarray", "data": [[0.9999653749528864, -0.007085575788037316, -0.00436388715313029, -0.011929645573153265], [0.004316935724889481, -0.006628166942052038, 0.9999687152450998, 0.029869296775180514], [-0.007114278690102683, -0.999952929901573, -0.006597349466208602, 0.03684962648317485], [0.0, 0.0, 0.0, 1.0]]}, "Hobj2base": {"type": "ndarray", "data": [[0.9999681925726033, -0.0027766861242132317, 0.007476888206242777, -0.7343026031398461], [-0.0027443920393770576, -0.9999868769783502, -0.004325989299610685, 0.09088086258774357], [0.0074888020013386975, 0.004305332188547594, -0.9999626902836583, -0.0025741762067336914], [0.0, 0.0, 0.0, 1.0]]}, "mean_rme": {"type": "float", "data": 0.0025420678076663013}, "max_rme": {"type": "float", "data": 0.010625001910151394}, "simu": {"type": "float", "data": 0.002}}, {"type": "dict", "image_number": {"type": "int", "data": 26}, "Hcamera2end": {"type": "ndarray", "data": [[0.9999670025001177, -0.00642127896668474, -0.004976051382520335, -0.011617181896444857], [0.004931542187445218, -0.006928832190994827, 0.9999638349341051, 0.029953127412752144], [-0.006455524965711033, -0.9999553782348996, -0.006896936748733706, 0.036688104306205914], [0.0, 0.0, 0.0, 1.0]]}, "Hobj2base": {"type": "ndarray", "data": [[0.9999705447147695, -0.0022592174088586626, 0.0073352327534025865, -0.7340179428013343], [-0.0022236201582219724, -0.9999857302557502, -0.004857447711054293, 0.09076738271553444], [0.007346102111938619, 0.004840993862130756, -0.9999612990322113, -0.0027323005782276598], [0.0, 0.0, 0.0, 1.0]]}, "mean_rme": {"type": "float", "data": 0.0025465271005053404}, "max_rme": {"type": "float", "data": 0.01063817669303993}, "simu": {"type": "float", "data": 0.002}}, {"type": "dict", "image_number": {"type": "int", "data": 27}, "Hcamera2end": {"type": "ndarray", "data": [[0.9999656074655475, -0.006380272830254493, -0.005298679521365877, -0.011509039631777683], [0.005252890675662982, -0.007172125664895335, 0.9999604830957056, 0.030020925419399595], [-0.006418023497008928, -0.9999539253045906, -0.007138364121658025, 0.03655183931133926], [0.0, 0.0, 0.0, 1.0]]}, "Hobj2base": {"type": "ndarray", "data": [[0.9999674474324914, -0.002210936508645016, 0.0077598862815305755, -0.7337424762837705], [-0.002172123017368282, -0.999985107404092, -0.005006680699221425, 0.09073995434384055], [0.0077708401698249295, 0.004989662291305697, -0.9999573577474559, -0.002900468897795903], [0.0, 0.0, 0.0, 1.0]]}, "mean_rme": {"type": "float", "data": 0.0025397754566080055}, "max_rme": {"type": "float", "data": 0.010707437970535277}, "simu": {"type": "float", "data": 0.002}}, {"type": "dict", "image_number": {"type": "int", "data": 28}, "Hcamera2end": {"type": "ndarray", "data": [[0.9999680451854973, -0.006067322991278198, -0.005205401004217208, -0.011528671859859486], [0.005163253091972334, -0.006941791861271085, 0.9999625754713338, 0.030792312742782723], [-0.006103230734900711, -0.9999574986555549, -0.00691024291340514, 0.03635361571518022], [0.0, 0.0, 0.0, 1.0]]}, "Hobj2base": {"type": "ndarray", "data": [[0.999971535502961, -0.00237158308271728, 0.007162665532615822, -0.7337371686371557], [-0.0023361899479691466, -0.9999850411863138, -0.004945666803679098, 0.09036189104831291], [0.007174287447360985, 0.004928792680543046, -0.9999621175836284, -0.00348350744665836], [0.0, 0.0, 0.0, 1.0]]}, "mean_rme": {"type": "float", "data": 0.0025053952499610893}, "max_rme": {"type": "float", "data": 0.010640242501383929}, "simu": {"type": "float", "data": 0.002}}, {"type": "dict", "image_number": {"type": "int", "data": 29}, "Hcamera2end": {"type": "ndarray", "data": [[0.9999661029720108, -0.006114283604494298, -0.005514385094783165, -0.011503156597688611], [0.005468139870827813, -0.007554568402583062, 0.9999565130257434, 0.030810811238297927], [-0.0061556765121973155, -0.9999527709008332, -0.007520878567207179, 0.03669686242165629], [0.0, 0.0, 0.0, 1.0]]}, "Hobj2base": {"type": "ndarray", "data": [[0.9999676599088893, -0.0024162846307681407, 0.007670769513107015, -0.7338754522366988], [-0.002375565047429328, -0.9999830637408433, -0.00531308970195823, 0.09025041379003956], [0.007683477535955348, 0.005294695464210966, -0.9999564642387662, -0.00355796452701496], [0.0, 0.0, 0.0, 1.0]]}, "mean_rme": {"type": "float", "data": 0.0024825088700779125}, "max_rme": {"type": "float", "data": 0.010730898126910554}, "simu": {"type": "float", "data": 0.002}}, {"type": "dict", "image_number": {"type": "int", "data": 30}, "Hcamera2end": {"type": "ndarray", "data": [[0.9999649309060459, -0.006319932272119523, -0.00549503540867802, -0.011517232125441932], [0.00544820345643705, -0.007403695192365278, 0.9999577502957789, 0.030778428398044427], [-0.006360348824087436, -0.9999526207543906, -0.007369003274633412, 0.03677417384074589], [0.0, 0.0, 0.0, 1.0]]}, "Hobj2base": {"type": "ndarray", "data": [[0.9999660662529063, -0.0027137282205373114, 0.007778304560333321, -0.7340092462664463], [-0.002671310662183645, -0.9999815341142997, -0.005458528167624921, 0.09027285080299646], [0.007792973888981453, 0.005437564671404846, -0.9999548502049525, -0.0035273783218820074], [0.0, 0.0, 0.0, 1.0]]}, "mean_rme": {"type": "float", "data": 0.0024493974876013177}, "max_rme": {"type": "float", "data": 0.010592251883060982}, "simu": {"type": "float", "data": 0.002}}]}