{"type": "list", "data": [{"type": "dict", "image_number": {"type": "int", "data": 5}, "Hcamera2end": {"type": "ndarray", "data": [[0.9999372881539266, 0.0008821660589697173, -0.011164297667813128, -0.009189181702070856], [0.011150715723277325, 0.014137195543973302, 0.9998378874802705, 0.029583686281675414], [0.0010398549080480766, -0.9998996757101164, 0.014126472191398176, 0.032447219043216353], [0.0, 0.0, 0.0, 1.0]]}, "Hobj2base": {"type": "ndarray", "data": [[0.9999060945565268, -0.0037412802496265903, -0.013183508289067255, -0.7415043352364034], [-0.0038334691184799988, -0.999968330464295, -0.006974423486386589, 0.09177149745296605], [-0.013156997500638633, 0.007024307121955495, -0.9998887700770642, 0.0007586402494716094], [0.0, 0.0, 0.0, 1.0]]}, "mean_rme": {"type": "float", "data": 0.0017784134586943739}, "max_rme": {"type": "float", "data": 0.005274636536995531}, "simu": {"type": "float", "data": 0.002}}, {"type": "dict", "image_number": {"type": "int", "data": 6}, "Hcamera2end": {"type": "ndarray", "data": [[0.9999342456859142, -0.0006776460927346555, -0.011447493189116004, -0.011175156615003479], [0.011452061514892966, 0.0071725989219929565, 0.9999086978878439, 0.03237312856770346], [-0.0005954759449073189, -0.9999740469734589, 0.007179887737409962, 0.032548652040997314], [0.0, 0.0, 0.0, 1.0]]}, "Hobj2base": {"type": "ndarray", "data": [[0.999980024799727, -0.0014871945903987792, -0.006143146896148631, -0.737815142179382], [-0.001541142659350622, -0.9999602107882886, -0.008786450907242106, 0.0877794550753213], [-0.006129835302918151, 0.008795742861869855, -0.9999425283618391, -0.0022859218324062605], [0.0, 0.0, 0.0, 1.0]]}, "mean_rme": {"type": "float", "data": 0.0019082395286981703}, "max_rme": {"type": "float", "data": 0.005793327885007651}, "simu": {"type": "float", "data": 0.002}}, {"type": "dict", "image_number": {"type": "int", "data": 7}, "Hcamera2end": {"type": "ndarray", "data": [[0.9999319849294321, -9.960698327889962e-05, -0.011662572337816993, -0.01162566763279107], [0.011662991904906671, 0.009535704418161761, 0.9998865160412332, 0.03158276741878093], [1.1615163084735362e-05, -0.9999545291760511, 0.009536217561992522, 0.0326472370519062], [0.0, 0.0, 0.0, 1.0]]}, "Hobj2base": {"type": "ndarray", "data": [[0.9999597591855208, -0.002661585978173, -0.008567144782011551, -0.7390685497614727], [-0.002739214851979146, -0.9999551848237203, -0.009062287026744541, 0.08853954925701883], [-0.008542640787827366, 0.009085389603159482, -0.9999222364684817, -0.0010922755551830501], [0.0, 0.0, 0.0, 1.0]]}, "mean_rme": {"type": "float", "data": 0.002036128834275592}, "max_rme": {"type": "float", "data": 0.006489155609158387}, "simu": {"type": "float", "data": 0.002}}, {"type": "dict", "image_number": {"type": "int", "data": 8}, "Hcamera2end": {"type": "ndarray", "data": [[0.9999624087510445, -0.0007581983264764334, -0.008637489224703622, -0.011816460387299759], [0.008642757896308032, 0.007244913100741712, 0.9999364049628898, 0.033320472752695736], [-0.0006955722499841534, -0.9999734678327523, 0.007251193679982837, 0.03281595728443441], [0.0, 0.0, 0.0, 1.0]]}, "Hobj2base": {"type": "ndarray", "data": [[0.9999799237664952, -0.0022358300322773664, -0.0059290073386041465, -0.73790510004446], [-0.002278141386304489, -0.9999719205180995, -0.007139204939419458, 0.08906123175227082], [-0.005912878806339759, 0.007152568728071833, -0.9999569383852542, -0.003197753927892899], [0.0, 0.0, 0.0, 1.0]]}, "mean_rme": {"type": "float", "data": 0.002069432097069738}, "max_rme": {"type": "float", "data": 0.0077844374453489296}, "simu": {"type": "float", "data": 0.002}}, {"type": "dict", "image_number": {"type": "int", "data": 9}, "Hcamera2end": {"type": "ndarray", "data": [[0.9999500644546409, -0.0007896535483578821, -0.009962180706707274, -0.011741825121017044], [0.009962657254064186, 0.0006018705457589979, 0.9999501903656423, 0.03286124892192231], [-0.0007836182728644748, -0.9999995070994383, 0.0006097075386768402, 0.031979654065984804], [0.0, 0.0, 0.0, 1.0]]}, "Hobj2base": {"type": "ndarray", "data": [[0.9999982431981298, -0.0017672268502874062, 0.0006249079241056156, -0.7334689613387759], [-0.0017618597094757292, -0.9999624292867206, -0.008487394498011188, 0.08828316852251422], [0.0006398835973150397, 0.008486278587247048, -0.9999637861566397, -0.00421046739152849], [0.0, 0.0, 0.0, 1.0]]}, "mean_rme": {"type": "float", "data": 0.0019676511471301388}, "max_rme": {"type": "float", "data": 0.007856951794439876}, "simu": {"type": "float", "data": 0.002}}, {"type": "dict", "image_number": {"type": "int", "data": 10}, "Hcamera2end": {"type": "ndarray", "data": [[0.9999722910980746, -0.0007463024464907557, -0.007406758314266147, -0.012004827318950567], [0.0074092384107956296, 0.0033771010787633227, 0.9999668486377314, 0.03287137915215104], [-0.0007212643340547432, -0.9999940190925954, 0.003382537035753419, 0.031655509869974584], [0.0, 0.0, 0.0, 1.0]]}, "Hobj2base": {"type": "ndarray", "data": [[0.999997614942003, -0.0017426577397392812, -0.001316531164704888, -0.7344874159040845], [-0.0017503189164185618, -0.999981411432489, -0.0058406483525354986, 0.08939998231173175], [-0.0013063284412198112, 0.005842938771652075, -0.9999820766256335, -0.003846310430458644], [0.0, 0.0, 0.0, 1.0]]}, "mean_rme": {"type": "float", "data": 0.002082112323205944}, "max_rme": {"type": "float", "data": 0.007993790896933833}, "simu": {"type": "float", "data": 0.002}}, {"type": "dict", "image_number": {"type": "int", "data": 11}, "Hcamera2end": {"type": "ndarray", "data": [[0.9999752068385411, 0.00028708601027326855, -0.007035857434571972, -0.011555290005833233], [0.007035273716079078, 0.0019859810385460808, 0.9999732800445493, 0.03327290882147364], [0.00030105141880283756, -0.9999979867284421, 0.001983912071135241, 0.03194129808539929], [0.0, 0.0, 0.0, 1.0]]}, "Hobj2base": {"type": "ndarray", "data": [[0.9999994414397677, -0.0007602591358997749, -0.0007342521358217569, -0.7345861319588637], [-0.0007643260459275139, -0.9999842813180801, -0.0055545407063402425, 0.08962423676925874], [-0.0007300177040282626, 0.005555098811826381, -0.9999843038524869, -0.004645572474894328], [0.0, 0.0, 0.0, 1.0]]}, "mean_rme": {"type": "float", "data": 0.002113520331893244}, "max_rme": {"type": "float", "data": 0.008218796762180097}, "simu": {"type": "float", "data": 0.002}}, {"type": "dict", "image_number": {"type": "int", "data": 12}, "Hcamera2end": {"type": "ndarray", "data": [[0.9999707396044608, -0.0011787870719561608, -0.007558465184593199, -0.011753999568481175], [0.007561132968032697, 0.0022753668813332295, 0.9999688255009729, 0.0338580687673536], [-0.0011615520425049992, -0.9999967165779067, 0.0022842132689903094, 0.032236341032059794], [0.0, 0.0, 0.0, 1.0]]}, "Hobj2base": {"type": "ndarray", "data": [[0.9999988543996297, -0.001483809351366395, -0.00029918094364778433, -0.7343706057371793], [-0.0014856160411015542, -0.999980096732286, -0.006131809216393894, 0.0889969375881088], [-0.0002900765531132881, 0.006132246659800061, -0.9999811555256912, -0.005114647115993863], [0.0, 0.0, 0.0, 1.0]]}, "mean_rme": {"type": "float", "data": 0.0021658631014042974}, "max_rme": {"type": "float", "data": 0.008680867912940177}, "simu": {"type": "float", "data": 0.002}}, {"type": "dict", "image_number": {"type": "int", "data": 13}, "Hcamera2end": {"type": "ndarray", "data": [[0.9999758559735741, -1.1871090985143568e-05, -0.00694890847508417, -0.011990931185945653], [0.006948917039990414, 0.0023815773878648194, 0.9999730199565972, 0.03402308330905582], [4.678592592009031e-06, -0.9999971639700899, 0.002381602378223935, 0.031918641668751364], [0.0, 0.0, 0.0, 1.0]]}, "Hobj2base": {"type": "ndarray", "data": [[0.9999995962176345, -0.00011187232567374764, -0.0008916552869781696, -0.7346342169745296], [-0.00011720982661310207, -0.9999820633644139, -0.005988256115574261, 0.08884544986079815], [-0.0008909693735438394, 0.005988358208383627, -0.9999816727018269, -0.005052048997116336], [0.0, 0.0, 0.0, 1.0]]}, "mean_rme": {"type": "float", "data": 0.002160141423751429}, "max_rme": {"type": "float", "data": 0.008707389145750394}, "simu": {"type": "float", "data": 0.002}}, {"type": "dict", "image_number": {"type": "int", "data": 14}, "Hcamera2end": {"type": "ndarray", "data": [[0.9999723269492139, -0.0010332041178211138, -0.007367348574994064, -0.011384659657243336], [0.007370055714500879, 0.002641277138862419, 0.9999693524972858, 0.03447155809683992], [-0.0010137132433299459, -0.9999959780640754, 0.002648818818578813, 0.031913786121858335], [0.0, 0.0, 0.0, 1.0]]}, "Hobj2base": {"type": "ndarray", "data": [[0.9999996605592342, -0.000503084240261072, -0.0006525240712543809, -0.7346208421065938], [-0.0005076720485350255, -0.999975020566467, -0.00704985901878273, 0.08896721042306525], [-0.0006489610986043024, 0.007050187894005158, -0.9999749365359871, -0.005900342627622369], [0.0, 0.0, 0.0, 1.0]]}, "mean_rme": {"type": "float", "data": 0.002237640421077662}, "max_rme": {"type": "float", "data": 0.009184718468539937}, "simu": {"type": "float", "data": 0.002}}, {"type": "dict", "image_number": {"type": "int", "data": 15}, "Hcamera2end": {"type": "ndarray", "data": [[0.9999916419806062, -0.0009400540173936523, -0.003978978182336329, -0.012388790779138117], [0.0039812655632258795, 0.002444033805361734, 0.9999890880521013, 0.03430923203491464], [-0.0009303190023847662, -0.999996571492724, 0.0024477559827668083, 0.032423189899578], [0.0, 0.0, 0.0, 1.0]]}, "Hobj2base": {"type": "ndarray", "data": [[0.9999991819524751, -0.0008073138227623594, -0.00099213848446279, -0.7351598981752782], [-0.0008110540671180705, -0.9999925447018874, -0.0037752790551069306, 0.08997525342354115], [-0.0009890832528086462, 0.003776080644702211, -0.9999923814356204, -0.005158906406501666], [0.0, 0.0, 0.0, 1.0]]}, "mean_rme": {"type": "float", "data": 0.002179978513972233}, "max_rme": {"type": "float", "data": 0.009186544737713048}, "simu": {"type": "float", "data": 0.002}}, {"type": "dict", "image_number": {"type": "int", "data": 16}, "Hcamera2end": {"type": "ndarray", "data": [[0.999996059170028, -0.0014792593157267639, -0.002386092263664635, -0.012752987935950557], [0.002393068701772215, 0.004732476423079501, 0.999985938345682, 0.03361352017183091], [-0.0014679463895125337, -0.9999877076538402, 0.004735997742364884, 0.03280889009790947], [0.0, 0.0, 0.0, 1.0]]}, "Hobj2base": {"type": "ndarray", "data": [[0.9999956829910785, -0.0016297066810902353, -0.002445006204492086, -0.7367236667294763], [-0.0016362822983120241, -0.9999950437075211, -0.002689821673005032, 0.09026524848186109], [-0.0024406104659747867, 0.0026938107813925458, -0.9999933933801899, -0.0037602215455909208], [0.0, 0.0, 0.0, 1.0]]}, "mean_rme": {"type": "float", "data": 0.0021972149871855515}, "max_rme": {"type": "float", "data": 0.009599251973754191}, "simu": {"type": "float", "data": 0.002}}, {"type": "dict", "image_number": {"type": "int", "data": 17}, "Hcamera2end": {"type": "ndarray", "data": [[0.9999983973109944, -0.000823056414111193, -0.0015899539558879054, -0.013716732581482389], [0.0015935084694893933, 0.00433618638695743, 0.9999893290522529, 0.03333220978716022], [-0.0008161532946197949, -0.9999902599854443, 0.00433749098476599, 0.03298288347873601], [0.0, 0.0, 0.0, 1.0]]}, "Hobj2base": {"type": "ndarray", "data": [[0.9999970409953459, -0.0007685199878643426, -0.002308111258323894, -0.736761713795813], [-0.0007731783175907446, -0.9999976648734994, -0.002018029444097962, 0.08986859683561732], [-0.0023065549726282403, 0.002019808054318968, -0.999995300078746, -0.003092640834694522], [0.0, 0.0, 0.0, 1.0]]}, "mean_rme": {"type": "float", "data": 0.002267083865252734}, "max_rme": {"type": "float", "data": 0.009364680959996513}, "simu": {"type": "float", "data": 0.002}}, {"type": "dict", "image_number": {"type": "int", "data": 18}, "Hcamera2end": {"type": "ndarray", "data": [[0.999997115002266, -0.0012085773718423622, -0.0020758920687546675, -0.013368255536543737], [0.002082274615188885, 0.005303954320832305, 0.999983765968723, 0.03268441409330122], [-0.001197547315051854, -0.9999852035951826, 0.00530645560891807, 0.03262044020648072], [0.0, 0.0, 0.0, 1.0]]}, "Hobj2base": {"type": "ndarray", "data": [[0.9999944990044808, -0.0012207023194142762, -0.003084128179068121, -0.7366865656907963], [-0.001228476954028841, -0.9999960696657448, -0.002520217735838373, 0.09033729321640876], [-0.003081039621777925, 0.0025239926525231562, -0.9999920682965135, -0.002494135262795522], [0.0, 0.0, 0.0, 1.0]]}, "mean_rme": {"type": "float", "data": 0.002416180894818587}, "max_rme": {"type": "float", "data": 0.009025898675264682}, "simu": {"type": "float", "data": 0.002}}, {"type": "dict", "image_number": {"type": "int", "data": 19}, "Hcamera2end": {"type": "ndarray", "data": [[0.9999986303556787, -0.0010351389344265421, -0.0012914233051533317, -0.01343435722934748], [0.0012969116046261636, 0.005318974434416535, 0.9999850131533252, 0.03245059666507845], [-0.001028254373413924, -0.9999853183914016, 0.005320309633009779, 0.032965144957146836], [0.0, 0.0, 0.0, 1.0]]}, "Hobj2base": {"type": "ndarray", "data": [[0.9999943026960547, -0.0009987300482247681, -0.0032244555698840516, -0.7371919242322652], [-0.0010044531900591566, -0.9999979223763509, -0.001773785999054292, 0.09056333636749898], [-0.003222677337302529, 0.0017770147079396955, -0.9999932282618254, -0.002160389593809428], [0.0, 0.0, 0.0, 1.0]]}, "mean_rme": {"type": "float", "data": 0.002362346571356202}, "max_rme": {"type": "float", "data": 0.009167775223443225}, "simu": {"type": "float", "data": 0.002}}, {"type": "dict", "image_number": {"type": "int", "data": 20}, "Hcamera2end": {"type": "ndarray", "data": [[0.9999979670487281, -0.0016845279069462539, -0.0011082707889034152, -0.013726934856616444], [0.0011176299748773281, 0.005565220179630126, 0.9999838894840215, 0.0324462971501128], [-0.0016783329973735926, -0.9999830952021554, 0.0055670915446909275, 0.03297380418979894], [0.0, 0.0, 0.0, 1.0]]}, "Hobj2base": {"type": "ndarray", "data": [[0.9999931280652572, -0.0017442121367382615, -0.0032713217946504225, -0.7370283503603104], [-0.0017497945762848664, -0.9999970166268852, -0.0017043932263638873, 0.09058504093947403], [-0.003268339211725732, 0.0017101056550184216, -0.9999931967255808, -0.0020228826704005278], [0.0, 0.0, 0.0, 1.0]]}, "mean_rme": {"type": "float", "data": 0.0023716381334768525}, "max_rme": {"type": "float", "data": 0.009105904711590146}, "simu": {"type": "float", "data": 0.002}}, {"type": "dict", "image_number": {"type": "int", "data": 21}, "Hcamera2end": {"type": "ndarray", "data": [[0.999997211825546, 4.7784479686543676e-05, 0.0023609442554757996, -0.014474548736312471], [-0.0023611324913534954, 0.004422373980482508, 0.9999874337519122, 0.03276078176295753], [3.734290077013155e-05, -0.999990220114687, 0.004422474475619942, 0.03241755361814144], [0.0, 0.0, 0.0, 1.0]]}, "Hobj2base": {"type": "ndarray", "data": [[0.9999967489058502, -0.0004752951499939455, -0.0025052489397879643, -0.7361627639412092], [-0.00046990285360405275, -0.9999975728596424, 0.0021525487525911003, 0.09183040101197956], [-0.0025062659551793893, -0.0021513645308266485, -0.9999945451159309, -0.0021930853022827405], [0.0, 0.0, 0.0, 1.0]]}, "mean_rme": {"type": "float", "data": 0.0025080634935414317}, "max_rme": {"type": "float", "data": 0.008805678916474463}, "simu": {"type": "float", "data": 0.002}}, {"type": "dict", "image_number": {"type": "int", "data": 22}, "Hcamera2end": {"type": "ndarray", "data": [[0.9999977360204033, 0.0004614623712322453, 0.0020772593838227515, -0.014301792559723277], [-0.002078662767692322, 0.003061793165074378, 0.9999931522684106, 0.03294434512629809], [0.0004550990726783134, -0.999995206226057, 0.003062745457886984, 0.03276505012679911], [0.0, 0.0, 0.0, 1.0]]}, "Hobj2base": {"type": "ndarray", "data": [[0.9999989071825237, -0.00017042726610741278, -0.001468532704884544, -0.7358360342338212], [-0.00016695707744520405, -0.9999971945761461, 0.002362829907404675, 0.09189689604770533], [-0.0014689312756692595, -0.0023625821433343186, -0.999996130215774, -0.0026458261026154994], [0.0, 0.0, 0.0, 1.0]]}, "mean_rme": {"type": "float", "data": 0.0025130693615266295}, "max_rme": {"type": "float", "data": 0.00865030177873441}, "simu": {"type": "float", "data": 0.002}}, {"type": "dict", "image_number": {"type": "int", "data": 23}, "Hcamera2end": {"type": "ndarray", "data": [[0.9999979560847656, 0.0009940637019650246, 0.0017605861659295407, -0.01427100080639118], [-0.0017637607174698679, 0.0032017152670092974, 0.9999933190614229, 0.03232804735390218], [0.0009884201650801477, -0.9999943804125629, 0.0032034620134828717, 0.032713775794538505], [0.0, 0.0, 0.0, 1.0]]}, "Hobj2base": {"type": "ndarray", "data": [[0.9999983021949401, 0.0002911609085384039, -0.00181956933435252, -0.735895606635494], [0.00029529124322510855, -0.9999973797311912, 0.002270095555910484, 0.09198083490131775], [-0.0018189036035072203, -0.002270629004621638, -0.9999957679078468, -0.0019207550554834112], [0.0, 0.0, 0.0, 1.0]]}, "mean_rme": {"type": "float", "data": 0.002577551621648342}, "max_rme": {"type": "float", "data": 0.008276787428674909}, "simu": {"type": "float", "data": 0.002}}, {"type": "dict", "image_number": {"type": "int", "data": 24}, "Hcamera2end": {"type": "ndarray", "data": [[0.9999977067636572, 0.0010607830829071848, 0.0018604318524993852, -0.01418786045885594], [-0.0018637549869754118, 0.0031403832870716686, 0.9999933321828495, 0.03216849530781965], [0.0010549335407032273, -0.9999945063509404, 0.0031423531251913994, 0.03290482083928747], [0.0, 0.0, 0.0, 1.0]]}, "Hobj2base": {"type": "ndarray", "data": [[0.9999982670272027, 0.0002710531587121526, -0.0018418666554676152, -0.7361255217594772], [0.00027549222854514197, -0.9999970573546946, 0.0024102667870001394, 0.0920277267449941], [-0.0018412079250813922, -0.0024107700300229607, -0.9999953990600357, -0.0017728862653777534], [0.0, 0.0, 0.0, 1.0]]}, "mean_rme": {"type": "float", "data": 0.002530652112385603}, "max_rme": {"type": "float", "data": 0.00835607122841206}, "simu": {"type": "float", "data": 0.002}}, {"type": "dict", "image_number": {"type": "int", "data": 25}, "Hcamera2end": {"type": "ndarray", "data": [[0.9999996871706505, 0.000509087565975732, 0.000605382896469451, -0.01388029371616578], [-0.0006064230639136061, 0.002045533315649717, 0.999997724019671, 0.032100315114368255], [0.0005078480764189933, -0.9999977783091843, 0.0020458413981884194, 0.03321139734691311], [0.0, 0.0, 0.0, 1.0]]}, "Hobj2base": {"type": "ndarray", "data": [[0.9999994881802041, -0.0002153587950434137, -0.0009885645750813972, -0.7356924595384372], [-0.00021417909458117007, -0.9999992650837128, 0.0011932976786679277, 0.09169569554712947], [-0.0009888208357193959, -0.0011930853380489274, -0.9999987993896449, -0.002071152504301108], [0.0, 0.0, 0.0, 1.0]]}, "mean_rme": {"type": "float", "data": 0.0025147079157563867}, "max_rme": {"type": "float", "data": 0.008366678023621427}, "simu": {"type": "float", "data": 0.002}}, {"type": "dict", "image_number": {"type": "int", "data": 26}, "Hcamera2end": {"type": "ndarray", "data": [[0.9999993836379594, 0.000990665793227357, 0.0005013032889656996, -0.01386783868601362], [-0.0005038893723836077, 0.0026119267344995034, 0.999996461960858, 0.03175600720102376], [0.0009893529207504622, -0.9999960982023978, 0.002612424310571737, 0.03215489000522584], [0.0, 0.0, 0.0, 1.0]]}, "Hobj2base": {"type": "ndarray", "data": [[0.9999986345327483, 0.00031311706497544865, -0.0016226183601185222, -0.7350971265776666], [0.000314872464455299, -0.9999993654020483, 0.0010816888791591337, 0.09132498994201563], [-0.001622278635161176, -0.0010821983199903135, -0.9999980985276051, -0.0016187149295276532], [0.0, 0.0, 0.0, 1.0]]}, "mean_rme": {"type": "float", "data": 0.002456854974780006}, "max_rme": {"type": "float", "data": 0.008571229517511353}, "simu": {"type": "float", "data": 0.002}}, {"type": "dict", "image_number": {"type": "int", "data": 27}, "Hcamera2end": {"type": "ndarray", "data": [[0.9999992093751499, 0.0011918107255249302, 0.00040104397475184057, -0.014292666220245796], [-0.0004046668349279525, 0.003041110049934792, 0.999995293936135, 0.031710167310860314], [0.001190585497925457, -0.9999946656042016, 0.0030415899318317896, 0.031927031628275065], [0.0, 0.0, 0.0, 1.0]]}, "Hobj2base": {"type": "ndarray", "data": [[0.9999977098487056, 0.00046188290505610736, -0.0020897276200314346, -0.7353340389406335], [0.00046405836252789577, -0.9999993508387868, 0.001040659329737396, 0.09081383368953684], [-0.002089245600706925, -0.0010416267020475663, -0.9999972750296036, -0.0015426208412896024], [0.0, 0.0, 0.0, 1.0]]}, "mean_rme": {"type": "float", "data": 0.0024925739786409136}, "max_rme": {"type": "float", "data": 0.00855086259019558}, "simu": {"type": "float", "data": 0.002}}, {"type": "dict", "image_number": {"type": "int", "data": 28}, "Hcamera2end": {"type": "ndarray", "data": [[0.9999995637141776, 0.0008222643651734686, 0.00044322992686377405, -0.014337526272073358], [-0.0004450683726032463, 0.002236998875620122, 0.9999973988717041, 0.03179552174916185], [0.0008212707215103262, -0.9999971598546389, 0.002237363863512032, 0.03286535749609875], [0.0, 0.0, 0.0, 1.0]]}, "Hobj2base": {"type": "ndarray", "data": [[0.9999989009974175, 0.0001864492599812093, -0.0014707959173660152, -0.7356866227520836], [0.00018820060456610168, -0.9999992734095706, 0.00119069763759353, 0.09095630227774033], [-0.0014705728440063868, -0.001190973133694593, -0.9999982094976501, -0.0019011783429640455], [0.0, 0.0, 0.0, 1.0]]}, "mean_rme": {"type": "float", "data": 0.0025084341908946117}, "max_rme": {"type": "float", "data": 0.008479071911237007}, "simu": {"type": "float", "data": 0.002}}, {"type": "dict", "image_number": {"type": "int", "data": 29}, "Hcamera2end": {"type": "ndarray", "data": [[0.9999994715983872, 0.0009535102339051037, 0.00038421501831924616, -0.014226035142012842], [-0.0003863810683525236, 0.0022725153635656525, 0.9999973431882669, 0.031715759999259456], [0.0009526345660758834, -0.9999969632414671, 0.0022728825810677256, 0.03264679479408749], [0.0, 0.0, 0.0, 1.0]]}, "Hobj2base": {"type": "ndarray", "data": [[0.9999990176979325, 0.00028035028704286524, -0.0013733196593211008, -0.7354840936759741], [0.00028181419987857563, -0.9999993922304522, 0.0010658890575629253, 0.09095155786943308], [-0.0013730200023559886, -0.0010662750315188693, -0.9999984889356734, -0.0018202422749503293], [0.0, 0.0, 0.0, 1.0]]}, "mean_rme": {"type": "float", "data": 0.002453482828142678}, "max_rme": {"type": "float", "data": 0.008527410909573069}, "simu": {"type": "float", "data": 0.002}}, {"type": "dict", "image_number": {"type": "int", "data": 30}, "Hcamera2end": {"type": "ndarray", "data": [[0.9999991660050314, 0.001149676342049467, 0.0005884161370289534, -0.014475000438911851], [-0.0005913209011882177, 0.002527888785176069, 0.9999966300532626, 0.031743053182796424], [0.001148185017147617, -0.9999961440038649, 0.002528566504580221, 0.03272581333613068], [0.0, 0.0, 0.0, 1.0]]}, "Hobj2base": {"type": "ndarray", "data": [[0.9999987217570326, 0.0004982289254972066, -0.0015192933352570928, -0.735729133437585], [0.0005005558679827925, -0.9999987018220196, 0.0015315998493433678, 0.09081377479877964], [-0.0015185282755967092, -0.0015323583827807818, -0.9999976729721238, -0.0019038815015853397], [0.0, 0.0, 0.0, 1.0]]}, "mean_rme": {"type": "float", "data": 0.0024539274900286898}, "max_rme": {"type": "float", "data": 0.008496030995224862}, "simu": {"type": "float", "data": 0.002}}]}