{"type": "list", "data": [{"type": "dict", "image_number": {"type": "int", "data": 5}, "Hcamera2end": {"type": "ndarray", "data": [[0.999996209700852, -0.000953554376093865, -0.002582889463672418, -0.013055568101081681], [0.0025518920374095412, -0.03119065714618552, 0.9995101954226472, 0.02717203363137971], [-0.0010336493405036014, -0.9995129982350609, -0.03118810555644469, 0.031080430377913772], [0.0, 0.0, 0.0, 1.0]]}, "Hobj2base": {"type": "ndarray", "data": [[0.9995399025510119, -0.005862330987790446, 0.02975930583369293, -0.7148406679335342], [-0.005859108121670795, -0.999982816168602, -0.00019549815929833933, 0.09237229996676452], [0.02975994052971628, 2.104522058848895e-05, -0.9995570746569533, -0.00559274894444024], [0.0, 0.0, 0.0, 1.0]]}, "mean_rme": {"type": "float", "data": 0.0013195400835427085}, "max_rme": {"type": "float", "data": 0.004172206002157064}, "simu": {"type": "float", "data": 0.002}}, {"type": "dict", "image_number": {"type": "int", "data": 6}, "Hcamera2end": {"type": "ndarray", "data": [[0.9999985902671072, -0.0016318982987572955, -0.0003954386686802234, -0.01278883183592939], [0.00036604569922068966, -0.017972680710291122, 0.9998384113238661, 0.026057396987023168], [-0.0016387416954043062, -0.9998371465673941, -0.017972058024258164, 0.03174339767072099], [0.0, 0.0, 0.0, 1.0]]}, "Hobj2base": {"type": "ndarray", "data": [[0.9998453460102218, -0.0028484556070508776, 0.01735426063981263, -0.7234505402933435], [-0.0028757744333477732, -0.9999946645742752, 0.0015494335707226378, 0.09299324653514085], [0.01734975455470171, -0.0015991008836966558, -0.9998482029254512, -0.0017813676419961566], [0.0, 0.0, 0.0, 1.0]]}, "mean_rme": {"type": "float", "data": 0.0013330093510685933}, "max_rme": {"type": "float", "data": 0.004023231356516166}, "simu": {"type": "float", "data": 0.002}}, {"type": "dict", "image_number": {"type": "int", "data": 7}, "Hcamera2end": {"type": "ndarray", "data": [[0.9999989329276603, -0.0010690244740545235, -0.0009956556706754744, -0.01298886106396139], [0.0009725369927122045, -0.021412940585496143, 0.9997702436796565, 0.02792689057954716], [-0.0010900987746447937, -0.9997701451644552, -0.021411878070492385, 0.031561999109421826], [0.0, 0.0, 0.0, 1.0]]}, "Hobj2base": {"type": "ndarray", "data": [[0.999793852484109, -0.0009686117659500679, 0.02028088573584996, -0.7214080590437492], [-0.000990837475567178, -0.9999989195582064, 0.001085874539620069, 0.09292020636456035], [0.02027981203267799, -0.0011057457509059331, -0.9997937320018828, -0.004287288206142341], [0.0, 0.0, 0.0, 1.0]]}, "mean_rme": {"type": "float", "data": 0.0015366451451721286}, "max_rme": {"type": "float", "data": 0.0057813961704526184}, "simu": {"type": "float", "data": 0.002}}, {"type": "dict", "image_number": {"type": "int", "data": 8}, "Hcamera2end": {"type": "ndarray", "data": [[0.9999987008114047, -0.0013486231601752003, 0.0008829445478185615, -0.012822814739704428], [-0.0009104627052327833, -0.02054217512537493, 0.9997885726986383, 0.027578676240189164], [-0.001330200422892607, -0.9997880776728086, -0.02054337630830605, 0.03161947724706295], [0.0, 0.0, 0.0, 1.0]]}, "Hobj2base": {"type": "ndarray", "data": [[0.9998208150372245, -0.00027719295207056675, 0.018927783345319693, -0.7220376982007582], [-0.00033515180204301355, -0.9999952650818478, 0.0030590010060280604, 0.09392339450509436], [0.0189268457902955, -0.003064796559743529, -0.999816173869216, -0.0032825969788038145], [0.0, 0.0, 0.0, 1.0]]}, "mean_rme": {"type": "float", "data": 0.001510058366213761}, "max_rme": {"type": "float", "data": 0.005806040115978045}, "simu": {"type": "float", "data": 0.002}}, {"type": "dict", "image_number": {"type": "int", "data": 9}, "Hcamera2end": {"type": "ndarray", "data": [[0.9999993253814098, -0.0011568259332096812, -0.00010483551696722766, -0.012979146819939334], [8.424874073236887e-05, -0.017781635945441465, 0.9998418906633457, 0.027674900657929605], [-0.0011585071752256203, -0.9998412249836792, -0.017781526488491295, 0.03161862310114368], [0.0, 0.0, 0.0, 1.0]]}, "Hobj2base": {"type": "ndarray", "data": [[0.9998719557581724, 0.0009103614713241744, 0.015976336573779684, -0.7239164191679026], [0.0008646083312045882, -0.9999955063878989, 0.00287048017639877, 0.09306139419238446], [0.01597887795687712, -0.0028562993542370833, -0.9998682498275651, -0.0030311989170066006], [0.0, 0.0, 0.0, 1.0]]}, "mean_rme": {"type": "float", "data": 0.0014906873928896348}, "max_rme": {"type": "float", "data": 0.005585294152365278}, "simu": {"type": "float", "data": 0.002}}, {"type": "dict", "image_number": {"type": "int", "data": 10}, "Hcamera2end": {"type": "ndarray", "data": [[0.9999992370192401, -0.0011542259579310433, 0.0004401401773064087, -0.013074215581536722], [-0.00046018799791551355, -0.017426704132008197, 0.9998480375587592, 0.028300077345536592], [-0.0011463803662902041, -0.9998474772411706, -0.017427221996701103, 0.03164225061165695], [0.0, 0.0, 0.0, 1.0]]}, "Hobj2base": {"type": "ndarray", "data": [[0.9998756499216886, 0.0012524955069632801, 0.015719922031793815, -0.7241690863684417], [0.001195055595266668, -0.9999925777739727, 0.0036628184626020218, 0.09346989346091827], [0.015724393018646587, -0.0036435768100581065, -0.9998697254203794, -0.003459415646957098], [0.0, 0.0, 0.0, 1.0]]}, "mean_rme": {"type": "float", "data": 0.0014829817244492603}, "max_rme": {"type": "float", "data": 0.00525461030647581}, "simu": {"type": "float", "data": 0.002}}, {"type": "dict", "image_number": {"type": "int", "data": 11}, "Hcamera2end": {"type": "ndarray", "data": [[0.9999995249587268, -0.0005661147374405456, -0.0007934711240627291, -0.013134163957965456], [0.0007826387652805403, -0.018884836569028396, 0.9998213592559043, 0.028824293291192845], [-0.0005809981787827736, -0.9998215053007536, -0.018884384534612497, 0.03148006742982857], [0.0, 0.0, 0.0, 1.0]]}, "Hobj2base": {"type": "ndarray", "data": [[0.9998596793093888, 0.0026191741022939625, 0.01654574320929815, -0.723488290614786], [0.0025753497266327472, -0.9999931208302135, 0.002669431781417385, 0.09271006468122894], [0.016552621094911096, -0.002626446129655276, -0.9998595463942004, -0.004403741308605658], [0.0, 0.0, 0.0, 1.0]]}, "mean_rme": {"type": "float", "data": 0.001677774216351577}, "max_rme": {"type": "float", "data": 0.005671342712036426}, "simu": {"type": "float", "data": 0.002}}, {"type": "dict", "image_number": {"type": "int", "data": 12}, "Hcamera2end": {"type": "ndarray", "data": [[0.9999995557012247, -0.0008008259795689874, -0.0004972676379547024, -0.013303228536533835], [0.00048558589022788183, -0.014521843066745088, 0.9998944345681139, 0.028829187658121792], [-0.0008079626826291377, -0.9998942317823897, -0.01452144774491182, 0.03168014542186062], [0.0, 0.0, 0.0, 1.0]]}, "Hobj2base": {"type": "ndarray", "data": [[0.9999206868204865, 0.001583839416728678, 0.012494459618105155, -0.7260230875016348], [0.0015510505561156034, -0.9999953293810893, 0.0026335258074110576, 0.09284319766080264], [0.01249857234322454, -0.0026139373955669154, -0.9999184731870256, -0.003655708190616271], [0.0, 0.0, 0.0, 1.0]]}, "mean_rme": {"type": "float", "data": 0.001649807803581348}, "max_rme": {"type": "float", "data": 0.005284934521213008}, "simu": {"type": "float", "data": 0.002}}, {"type": "dict", "image_number": {"type": "int", "data": 13}, "Hcamera2end": {"type": "ndarray", "data": [[0.9999993600840144, -0.000974956021316284, -0.0005738399762371997, -0.013292523434074322], [0.0005601701795658578, -0.013963826045693795, 0.999902344117432, 0.0287983950742208], [-0.000982873812731799, -0.9999020257119804, -0.013963270968728736, 0.03174414030677776], [0.0, 0.0, 0.0, 1.0]]}, "Hobj2base": {"type": "ndarray", "data": [[0.9999192396941596, 0.0012998650381697608, 0.012642169130975827, -0.726314676377339], [0.001275501060007639, -0.9999973142947072, 0.001935071166187364, 0.09284024971770655], [0.01264465050919058, -0.0019187897891208042, -0.9999182121849992, -0.0036857852484209687], [0.0, 0.0, 0.0, 1.0]]}, "mean_rme": {"type": "float", "data": 0.001576229328446155}, "max_rme": {"type": "float", "data": 0.005203539297526288}, "simu": {"type": "float", "data": 0.002}}, {"type": "dict", "image_number": {"type": "int", "data": 14}, "Hcamera2end": {"type": "ndarray", "data": [[0.9999969636566123, -0.00246359523880946, 5.810383339356845e-05, -0.014194840491627678], [-8.486395547946867e-05, -0.010863510728416736, 0.999940986725098, 0.029366467948573293], [-0.0024628186423689517, -0.9999379554918159, -0.01086368681350458, 0.032190540672981785], [0.0, 0.0, 0.0, 1.0]]}, "Hobj2base": {"type": "ndarray", "data": [[0.9999445106222694, -0.001706642513612195, 0.010395337787719668, -0.7279660666059533], [-0.001734878705787025, -0.9999948289278953, 0.002707824467210214, 0.09275975379753777], [0.010390662744323279, -0.0027257088618829026, -0.9999423006548596, -0.0034208247327509123], [0.0, 0.0, 0.0, 1.0]]}, "mean_rme": {"type": "float", "data": 0.0016715335832438647}, "max_rme": {"type": "float", "data": 0.006970840321774252}, "simu": {"type": "float", "data": 0.002}}, {"type": "dict", "image_number": {"type": "int", "data": 15}, "Hcamera2end": {"type": "ndarray", "data": [[0.9999965104420967, -0.0025942627997325007, -0.0004989029520507426, -0.01429810922902441], [0.0004701133073170109, -0.011086220906719735, 0.9999384354546462, 0.029677146952707463], [-0.0025996340334601556, -0.9999351806524927, -0.01108496262324521, 0.0322612123969123], [0.0, 0.0, 0.0, 1.0]]}, "Hobj2base": {"type": "ndarray", "data": [[0.9999379897321123, -0.0018503048579813922, 0.01098148725968121, -0.7277815316413355], [-0.001876798342132203, -0.9999953522136988, 0.0024027440528289735, 0.09250414874429659], [0.010976990411081721, -0.0024232050951097073, -0.9999368148831116, -0.003939325890564049], [0.0, 0.0, 0.0, 1.0]]}, "mean_rme": {"type": "float", "data": 0.001741658243240156}, "max_rme": {"type": "float", "data": 0.00686064787457108}, "simu": {"type": "float", "data": 0.002}}, {"type": "dict", "image_number": {"type": "int", "data": 16}, "Hcamera2end": {"type": "ndarray", "data": [[0.9999953490567473, -0.0030483320598795917, 9.76551424434471e-05, -0.01425490686610292], [-0.00012550510995616216, -0.009137279243316643, 0.9999582463165634, 0.02923277982389494], [-0.0030473124784817025, -0.999953607823724, -0.0091376193275996, 0.03248074842722717], [0.0, 0.0, 0.0, 1.0]]}, "Hobj2base": {"type": "ndarray", "data": [[0.9999511803639525, -0.0024124248272140067, 0.009582123730739852, -0.7287865168484222], [-0.0024371644492019594, -0.999993725037436, 0.002571014430026595, 0.09277584451845061], [0.009575861224230042, -0.002594242125342262, -0.9999507851837552, -0.0030954247593861645], [0.0, 0.0, 0.0, 1.0]]}, "mean_rme": {"type": "float", "data": 0.001956685134975695}, "max_rme": {"type": "float", "data": 0.006296789412543746}, "simu": {"type": "float", "data": 0.002}}, {"type": "dict", "image_number": {"type": "int", "data": 17}, "Hcamera2end": {"type": "ndarray", "data": [[0.9999964705910096, -0.002583787403481843, 0.0006187472647558488, -0.014654734618274457], [-0.0006316455517881409, -0.004994179283208888, 0.9999873295183216, 0.029294929375911515], [-0.0025806645308797003, -0.999984190983008, -0.004995793694527739, 0.032729510915421985], [0.0, 0.0, 0.0, 1.0]]}, "Hobj2base": {"type": "ndarray", "data": [[0.9999766434090737, -0.0028535034303182657, 0.006210487460370195, -0.7310224892914585], [-0.0028719812576242353, -0.9999914701852011, 0.0029683801131574045, 0.09270998086008138], [0.006201964203226963, -0.0029861471855042814, -0.9999763090018727, -0.0024715143021355923], [0.0, 0.0, 0.0, 1.0]]}, "mean_rme": {"type": "float", "data": 0.0021183840354019197}, "max_rme": {"type": "float", "data": 0.008207194895584469}, "simu": {"type": "float", "data": 0.002}}, {"type": "dict", "image_number": {"type": "int", "data": 18}, "Hcamera2end": {"type": "ndarray", "data": [[0.9999927034378543, -0.0037843334145450675, -0.0005214323149608042, -0.014250527082061168], [0.0004991684503591399, -0.0058817286771088995, 0.9999825778975487, 0.029394193917160565], [-0.0037873344069006857, -0.9999755417450852, -0.0058797967408639185, 0.032834347834833404], [0.0, 0.0, 0.0, 1.0]]}, "Hobj2base": {"type": "ndarray", "data": [[0.9999698523285878, -0.0037083415429751015, 0.006822216424509244, -0.7306698428836743], [-0.0037194062221072356, -0.9999917871053694, 0.001609887935303715, 0.09258776250288284], [0.006816190380054582, -0.0016352139951491132, -0.9999754325101655, -0.0026873283596565525], [0.0, 0.0, 0.0, 1.0]]}, "mean_rme": {"type": "float", "data": 0.0020545475289104674}, "max_rme": {"type": "float", "data": 0.008406813396694746}, "simu": {"type": "float", "data": 0.002}}, {"type": "dict", "image_number": {"type": "int", "data": 19}, "Hcamera2end": {"type": "ndarray", "data": [[0.9999956385622515, -0.0029316949894738703, 0.0003578001726013895, -0.014438090381812563], [-0.00037480529010228245, -0.005801944025124017, 0.9999830983404288, 0.029555288890380945], [-0.0029295695023895786, -0.9999788710817934, -0.005803017535097377, 0.03273786520940182], [0.0, 0.0, 0.0, 1.0]]}, "Hobj2base": {"type": "ndarray", "data": [[0.9999739755416103, -0.003181104024226015, 0.006475246458177185, -0.7305403962080647], [-0.003194010195882756, -0.9999929314112268, 0.0019837909291116344, 0.09257128819517507], [0.006468890042014946, -0.0020044213052354174, -0.9999770676154807, -0.0028955650525789066], [0.0, 0.0, 0.0, 1.0]]}, "mean_rme": {"type": "float", "data": 0.0020716085742967043}, "max_rme": {"type": "float", "data": 0.008301859369242659}, "simu": {"type": "float", "data": 0.002}}, {"type": "dict", "image_number": {"type": "int", "data": 20}, "Hcamera2end": {"type": "ndarray", "data": [[0.9999959149147841, -0.002842795842634754, 0.00029776759559654777, -0.014683144667344179], [-0.0003139430513407766, -0.005691231883382608, 0.9999837555277635, 0.02962014097102847], [-0.0028410549984827175, -0.9999797639909753, -0.005692101110216674, 0.03263450849897015], [0.0, 0.0, 0.0, 1.0]]}, "Hobj2base": {"type": "ndarray", "data": [[0.99997353572696, -0.0033484852237182163, 0.006458753163631246, -0.7306503533755778], [-0.003361384264435252, -0.999992375797129, 0.001987320668794485, 0.09233489561505512], [0.006452049406892584, -0.0020089784270497894, -0.9999771672713986, -0.003022437368419617], [0.0, 0.0, 0.0, 1.0]]}, "mean_rme": {"type": "float", "data": 0.002054472913494219}, "max_rme": {"type": "float", "data": 0.008481428523438472}, "simu": {"type": "float", "data": 0.002}}, {"type": "dict", "image_number": {"type": "int", "data": 21}, "Hcamera2end": {"type": "ndarray", "data": [[0.9999943495550342, -0.0031995984041258254, 0.0010312264816219488, -0.014762048112589155], [-0.0010526462470661125, -0.006700070692913895, 0.9999770002297994, 0.02941716088238241], [-0.0031926155237705246, -0.9999724354314783, -0.006703400879785493, 0.0326565071810707], [0.0, 0.0, 0.0, 1.0]]}, "Hobj2base": {"type": "ndarray", "data": [[0.9999675733060817, -0.003331685471376543, 0.007331589750248177, -0.7299872734374617], [-0.0033515833511120934, -0.9999907292650254, 0.0027033817788883205, 0.09265182681094018], [0.007322514963226357, -0.002727866551298948, -0.9999694692932835, -0.002846091554412675], [0.0, 0.0, 0.0, 1.0]]}, "mean_rme": {"type": "float", "data": 0.0020868583983343265}, "max_rme": {"type": "float", "data": 0.008454985677208704}, "simu": {"type": "float", "data": 0.002}}, {"type": "dict", "image_number": {"type": "int", "data": 22}, "Hcamera2end": {"type": "ndarray", "data": [[0.9999937170308523, -0.0032719042963405024, 0.0013640165304423329, -0.014741936398179932], [-0.0013940130403490155, -0.009183212572407617, 0.9999568617367918, 0.02908269931289873], [-0.003259237098320444, -0.9999524804955111, -0.009187715951822328, 0.03252277956852478], [0.0, 0.0, 0.0, 1.0]]}, "Hobj2base": {"type": "ndarray", "data": [[0.999951845846159, -0.0028253258988660103, 0.009398059503145527, -0.7285069889601885], [-0.002853748743548383, -0.999991391054923, 0.00301229715478661, 0.09272393804834754], [0.009389467874600937, -0.0030389718006648982, -0.9999513000858724, -0.002885828185351824], [0.0, 0.0, 0.0, 1.0]]}, "mean_rme": {"type": "float", "data": 0.002118130751832357}, "max_rme": {"type": "float", "data": 0.008715356490193893}, "simu": {"type": "float", "data": 0.002}}, {"type": "dict", "image_number": {"type": "int", "data": 23}, "Hcamera2end": {"type": "ndarray", "data": [[0.9999929451494262, -0.003324733946953272, 0.001748083395834818, -0.014699044023106879], [-0.0017768523336749308, -0.00866982496680424, 0.9999608376985717, 0.028899548850982882], [-0.003309448165651008, -0.9999568892103433, -0.00867567136375702, 0.032544242260074574], [0.0, 0.0, 0.0, 1.0]]}, "Hobj2base": {"type": "ndarray", "data": [[0.9999557734740534, -0.002702975570166584, 0.009008053006870078, -0.7288269800405225], [-0.0027317351879109593, -0.9999912065829673, 0.003181883028082332, 0.09290563284225056], [0.008999373243211302, -0.003206349919823466, -0.9999543642594, -0.002534013720233942], [0.0, 0.0, 0.0, 1.0]]}, "mean_rme": {"type": "float", "data": 0.002126391459410725}, "max_rme": {"type": "float", "data": 0.008630191271803977}, "simu": {"type": "float", "data": 0.002}}, {"type": "dict", "image_number": {"type": "int", "data": 24}, "Hcamera2end": {"type": "ndarray", "data": [[0.9999936355103428, -0.0033008284401097247, 0.0013540570211699838, -0.014589566351214864], [-0.0013764566674266568, -0.006793268167547106, 0.9999759781487986, 0.029215024453949426], [-0.0032915506756411375, -0.9999714776128431, -0.00679776837917645, 0.03265335463668468], [0.0, 0.0, 0.0, 1.0]]}, "Hobj2base": {"type": "ndarray", "data": [[0.9999700566982611, -0.002916290511849212, 0.007168051096842507, -0.7299896300644946], [-0.0029382437659371016, -0.999991019763639, 0.0030540326862289347, 0.09288665132350717], [0.007159080279503685, -0.003075002719855907, -0.9999696455032141, -0.0025073078252792202], [0.0, 0.0, 0.0, 1.0]]}, "mean_rme": {"type": "float", "data": 0.0021394999117903754}, "max_rme": {"type": "float", "data": 0.00843256376915369}, "simu": {"type": "float", "data": 0.002}}, {"type": "dict", "image_number": {"type": "int", "data": 25}, "Hcamera2end": {"type": "ndarray", "data": [[0.99999341226017, -0.0035012040778350977, 0.0009576044418758034, -0.014563066334728486], [-0.0010013791174156633, -0.012522447315029606, 0.9999210896631319, 0.028894975145405986], [-0.0034889362454698447, -0.9999154613682335, -0.01252587085305401, 0.030765666666978424], [0.0, 0.0, 0.0, 1.0]]}, "Hobj2base": {"type": "ndarray", "data": [[0.9999224780802541, -0.0014430822929583302, 0.01236751160659949, -0.7246914742106451], [-0.0014764350836081522, -0.999995297114975, 0.002688101072824273, 0.09233548129441684], [0.01236357429255448, -0.0027061525141015516, -0.9999199061771318, -0.0033452731505402423], [0.0, 0.0, 0.0, 1.0]]}, "mean_rme": {"type": "float", "data": 0.002098975669036872}, "max_rme": {"type": "float", "data": 0.008664850140989111}, "simu": {"type": "float", "data": 0.002}}, {"type": "dict", "image_number": {"type": "int", "data": 26}, "Hcamera2end": {"type": "ndarray", "data": [[0.9999953429686006, -0.0028296719613674598, 0.0011432400018472517, -0.014726824224957543], [-0.0011777992066045215, -0.012241765069125998, 0.9999243731287987, 0.028937743893736014], [-0.0028154626866102542, -0.9999210629567631, -0.012245040844232724, 0.030630934663016807], [0.0, 0.0, 0.0, 1.0]]}, "Hobj2base": {"type": "ndarray", "data": [[0.9999299934561275, -0.0011564177594604996, 0.01177586025708438, -0.7248868534870336], [-0.0011889073649934932, -0.9999955054581724, 0.0027523740175056325, 0.0921872719135758], [0.011772624435793376, -0.002766181740302004, -0.9999268741025384, -0.003230427385057564], [0.0, 0.0, 0.0, 1.0]]}, "mean_rme": {"type": "float", "data": 0.0020642127808716063}, "max_rme": {"type": "float", "data": 0.008809922751050192}, "simu": {"type": "float", "data": 0.002}}, {"type": "dict", "image_number": {"type": "int", "data": 27}, "Hcamera2end": {"type": "ndarray", "data": [[0.9999935846891872, -0.003316337769441582, 0.0013536928264360776, -0.015157248984091624], [-0.001393457177404175, -0.012017618361934268, 0.9999268148849701, 0.02882741779682305], [-0.003299826899113051, -0.9999222863566476, -0.012022162439844664, 0.030595381333977104], [0.0, 0.0, 0.0, 1.0]]}, "Hobj2base": {"type": "ndarray", "data": [[0.9999257300006562, -0.0019531102964796662, 0.012029956060795583, -0.7248096109104203], [-0.00198759097854495, -0.9999939493629166, 0.0028549465245451045, 0.09211996743651456], [0.012024307246444347, -0.0028786451198073294, -0.999923561797359, -0.003026566579909982], [0.0, 0.0, 0.0, 1.0]]}, "mean_rme": {"type": "float", "data": 0.002057410189115855}, "max_rme": {"type": "float", "data": 0.008723066168927207}, "simu": {"type": "float", "data": 0.002}}, {"type": "dict", "image_number": {"type": "int", "data": 28}, "Hcamera2end": {"type": "ndarray", "data": [[0.9999876925431564, -0.004772378407854834, 0.001356158746563423, -0.01566902541866881], [-0.0014037219896446966, -0.009977164261701033, 0.9999492415907274, 0.02908066160765185], [-0.004758605550938999, -0.9999388384284447, -0.009983740560696397, 0.03146870657095721], [0.0, 0.0, 0.0, 1.0]]}, "Hobj2base": {"type": "ndarray", "data": [[0.9999388790747207, -0.003736657283370228, 0.010405551745951746, -0.7269375764649676], [-0.0037672597213886257, -0.9999886320642923, 0.002922925995735925, 0.092012989009617], [0.010394511483597777, -0.002961947759765892, -0.9999415887923082, -0.0027888358887826798], [0.0, 0.0, 0.0, 1.0]]}, "mean_rme": {"type": "float", "data": 0.0020482883471163327}, "max_rme": {"type": "float", "data": 0.008776916003205848}, "simu": {"type": "float", "data": 0.002}}, {"type": "dict", "image_number": {"type": "int", "data": 29}, "Hcamera2end": {"type": "ndarray", "data": [[0.9999924944431019, -0.0033286353580730755, 0.0019827365220324543, -0.015883464689768513], [-0.002014486007708886, -0.00956218810193632, 0.9999522520624811, 0.029191909970764422], [-0.0033095171230197217, -0.9999487410589385, -0.009568821821743123, 0.03153017949017102], [0.0, 0.0, 0.0, 1.0]]}, "Hobj2base": {"type": "ndarray", "data": [[0.9999489656072175, -0.0029780803526909955, 0.009653870646984372, -0.7271330501450106], [-0.0030103029426896974, -0.99998994124496, 0.0033249789613363227, 0.09181705131575438], [0.009643871486546487, -0.0033538703482709794, -0.9999478722895692, -0.002780781506403343], [0.0, 0.0, 0.0, 1.0]]}, "mean_rme": {"type": "float", "data": 0.0021017755430049498}, "max_rme": {"type": "float", "data": 0.008618185572453696}, "simu": {"type": "float", "data": 0.002}}, {"type": "dict", "image_number": {"type": "int", "data": 30}, "Hcamera2end": {"type": "ndarray", "data": [[0.9999917590647691, -0.003461634397677505, 0.0021210586615316783, -0.01584885689388736], [-0.0021528417485084353, -0.009203773745518617, 0.9999553269127814, 0.02904366462540074], [-0.0034419580117604283, -0.9999516526493362, -0.009211150248864763, 0.03151301500887217], [0.0, 0.0, 0.0, 1.0]]}, "Hobj2base": {"type": "ndarray", "data": [[0.9999516709197231, -0.0027641509718400554, 0.009434791691314252, -0.7272962239708448], [-0.0027958698083733018, -0.9999904790249883, 0.003350368843677309, 0.09184603785278324], [0.009425440937603046, -0.0033765853726705425, -0.9999498786110994, -0.002540276829906322], [0.0, 0.0, 0.0, 1.0]]}, "mean_rme": {"type": "float", "data": 0.002105410790565042}, "max_rme": {"type": "float", "data": 0.008495469508420672}, "simu": {"type": "float", "data": 0.002}}]}