{"type": "list", "data": [{"type": "dict", "image_number": {"type": "int", "data": 5}, "Hcamera2end": {"type": "ndarray", "data": [[0.9999698985923107, -0.0036604543161255394, 0.006841270604463239, -0.020692934141225968], [-0.006765270626109493, 0.020386863618151008, 0.9997692768359959, 0.02727897084354932], [-0.003799081815312087, -0.9997854654204642, 0.02036148598079457, 0.03996106555186268], [0.0, 0.0, 0.0, 1.0]]}, "Hobj2base": {"type": "ndarray", "data": [[0.9998032747783787, -0.011493251266794973, -0.016165299803843985, -0.7507007703967649], [-0.011391583961699208, -0.9999148409286931, 0.006367315399036895, 0.08983902265934254], [-0.016237104337701348, -0.006181914417522358, -0.9998490587968074, 0.005236327852223643], [0.0, 0.0, 0.0, 1.0]]}, "mean_rme": {"type": "float", "data": 0.002293738430835815}, "max_rme": {"type": "float", "data": 0.008343982666095873}, "simu": {"type": "float", "data": 0.002}}, {"type": "dict", "image_number": {"type": "int", "data": 6}, "Hcamera2end": {"type": "ndarray", "data": [[0.9999910763420161, -0.0030106276630460045, -0.0029636729594594703, -0.021041589482472166], [0.003021880839142052, 0.019517180410234203, 0.9998049549312247, 0.026325819200339544], [-0.002952197915139706, -0.999804988880286, 0.019526104003640188, 0.03976696963026023], [0.0, 0.0, 0.0, 1.0]]}, "Hobj2base": {"type": "ndarray", "data": [[0.9998197394812967, -0.009664911531704852, -0.01634252210145268, -0.7503578612600689], [-0.009718627753849775, -0.9999476185341905, -0.00321067942708891, 0.08554574554467698], [-0.0163106351235705, 0.0033689275572130737, -0.9998612971352479, 0.006209863907921387], [0.0, 0.0, 0.0, 1.0]]}, "mean_rme": {"type": "float", "data": 0.001992973050318054}, "max_rme": {"type": "float", "data": 0.008542575747000597}, "simu": {"type": "float", "data": 0.002}}, {"type": "dict", "image_number": {"type": "int", "data": 7}, "Hcamera2end": {"type": "ndarray", "data": [[0.9999924124706805, -0.0022633556275231583, -0.003170523990080979, -0.021089722080683156], [0.0031910675967907615, 0.009131452775505977, 0.9999532157345169, 0.026336989936276773], [-0.0022342982480035643, -0.9999557459165441, 0.009138606011143358, 0.03924473732895873], [0.0, 0.0, 0.0, 1.0]]}, "Hobj2base": {"type": "ndarray", "data": [[0.9999581708146635, -0.004550106618554905, -0.007934302159109443, -0.7460626416007455], [-0.004575132527813599, -0.9999846077781542, -0.0031388483754871475, 0.08463681611877519], [-0.007919897937802475, 0.003175017563910349, -0.9999635965774574, 0.0049193776350467166], [0.0, 0.0, 0.0, 1.0]]}, "mean_rme": {"type": "float", "data": 0.002028618911873614}, "max_rme": {"type": "float", "data": 0.008294719938204215}, "simu": {"type": "float", "data": 0.002}}, {"type": "dict", "image_number": {"type": "int", "data": 8}, "Hcamera2end": {"type": "ndarray", "data": [[0.9999939118802114, -0.002281068863313318, -0.0026406301052748155, -0.021183318070872408], [0.0026707064765862662, 0.013284360818988539, 0.9999081923279491, 0.02674960683894241], [-0.0022457803605832353, -0.9999091571150209, 0.013290372007595308, 0.03947882097006168], [0.0, 0.0, 0.0, 1.0]]}, "Hobj2base": {"type": "ndarray", "data": [[0.9999083038180016, -0.0056438917620858535, -0.01230977016783517, -0.7478528359408596], [-0.005672485232928618, -0.9999812911756905, -0.0022891504715085308, 0.08467507241396485], [-0.012296620149019489, 0.0023587675546480635, -0.9999216116018965, 0.005391971794264171], [0.0, 0.0, 0.0, 1.0]]}, "mean_rme": {"type": "float", "data": 0.0019380690256606261}, "max_rme": {"type": "float", "data": 0.00846741936202744}, "simu": {"type": "float", "data": 0.002}}, {"type": "dict", "image_number": {"type": "int", "data": 9}, "Hcamera2end": {"type": "ndarray", "data": [[0.9999933941464862, -0.0032213025814689807, -0.0016837081305161243, -0.020891853647753908], [0.0017273156664567193, 0.013582691114350398, 0.9999062590476572, 0.027661152164682602], [-0.003198131326033689, -0.9999025621088141, 0.013588165595497914, 0.039719882429555806], [0.0, 0.0, 0.0, 1.0]]}, "Hobj2base": {"type": "ndarray", "data": [[0.9999098086668585, -0.005426982296636091, -0.01228504761726472, -0.7480388216597342], [-0.005438603610009389, -0.9999847941128464, -0.0009127616671106197, 0.08504862260708179], [-0.012279907270808523, 0.0009794928482394155, -0.9999241193566542, 0.004559929196261686], [0.0, 0.0, 0.0, 1.0]]}, "mean_rme": {"type": "float", "data": 0.0018251885304802}, "max_rme": {"type": "float", "data": 0.008952949749342604}, "simu": {"type": "float", "data": 0.002}}, {"type": "dict", "image_number": {"type": "int", "data": 10}, "Hcamera2end": {"type": "ndarray", "data": [[0.9999995360654644, 0.0003200241833899477, -0.0009085446483277689, -0.020325710813999347], [0.0009059664021631487, 0.007966469576029978, 0.9999678567770929, 0.0273915939247294], [0.0003272517900806533, -0.9999682159683958, 0.00796617594895166, 0.039104705002212185], [0.0, 0.0, 0.0, 1.0]]}, "Hobj2base": {"type": "ndarray", "data": [[0.9999700304128851, -0.000761429844393409, -0.007704446809837284, -0.7457821499229949], [-0.0007640985756142713, -0.9999996490973839, -0.00034345083496220715, 0.08528947195280402], [-0.007704182592610921, 0.00034932749871578164, -0.9999702613282451, 0.0038165807890931215], [0.0, 0.0, 0.0, 1.0]]}, "mean_rme": {"type": "float", "data": 0.0018601519901623239}, "max_rme": {"type": "float", "data": 0.00871501922757592}, "simu": {"type": "float", "data": 0.002}}, {"type": "dict", "image_number": {"type": "int", "data": 11}, "Hcamera2end": {"type": "ndarray", "data": [[0.9999990056632653, -3.5774297159929937e-05, -0.0014097491551679155, -0.020094292997975147], [0.0014100169980267342, 0.009129141271867702, 0.9999573344056754, 0.027101607260374794], [-2.290297163285598e-05, -0.9999583278816362, 0.009129182636794297, 0.03918583604458512], [0.0, 0.0, 0.0, 1.0]]}, "Hobj2base": {"type": "ndarray", "data": [[0.9999587472390531, -0.0012454888544290981, -0.008997365037446048, -0.7463169202368466], [-0.0012492713927866115, -0.9999991336317742, -0.0004147971655952399, 0.08546131327727041], [-0.008996840617168265, 0.0004260202048186659, -0.9999594368601632, 0.004217483029301225], [0.0, 0.0, 0.0, 1.0]]}, "mean_rme": {"type": "float", "data": 0.0017615340706479275}, "max_rme": {"type": "float", "data": 0.008751227066228384}, "simu": {"type": "float", "data": 0.002}}, {"type": "dict", "image_number": {"type": "int", "data": 12}, "Hcamera2end": {"type": "ndarray", "data": [[0.9999977200332508, 0.0008528083163305483, 0.001957714554174967, -0.020166968934984108], [-0.001959666395758217, 0.002293931185614495, 0.9999954487833098, 0.027279663446345657], [0.0008483135725467517, -0.9999970052943616, 0.0022955971753272353, 0.035599591335261464], [0.0, 0.0, 0.0, 1.0]]}, "Hobj2base": {"type": "ndarray", "data": [[0.9999947669333847, 0.0007428261662945204, -0.003148700546619822, -0.73930855373177], [0.0007532452291357173, -0.9999942411872229, 0.0033091107589567595, 0.08718134207450941], [-0.003146224319783963, -0.003311465185824439, -0.9999895676810096, 0.003552921381694376], [0.0, 0.0, 0.0, 1.0]]}, "mean_rme": {"type": "float", "data": 0.0018952716891586182}, "max_rme": {"type": "float", "data": 0.008988106416079972}, "simu": {"type": "float", "data": 0.002}}, {"type": "dict", "image_number": {"type": "int", "data": 13}, "Hcamera2end": {"type": "ndarray", "data": [[0.9999976423494547, 0.0007419467128248736, 0.0020407867619004548, -0.02011866145700743], [-0.002041191699168213, 0.0005454298017975034, 0.9999977680188984, 0.027410808302214686], [0.0007408319508947779, -0.9999995760106134, 0.0005469429713360618, 0.03409031749572428], [0.0, 0.0, 0.0, 1.0]]}, "Hobj2base": {"type": "ndarray", "data": [[0.9999991092133439, 0.00075712453748615, -0.0010992429001585396, -0.736809072534151], [0.0007608682920932332, -0.9999938987106896, 0.003409343167982393, 0.08737563145178467], [-0.0010966548959903933, -0.003410176510053032, -0.9999935840015222, 0.0030978934706660413], [0.0, 0.0, 0.0, 1.0]]}, "mean_rme": {"type": "float", "data": 0.001876500345097871}, "max_rme": {"type": "float", "data": 0.00904912094583707}, "simu": {"type": "float", "data": 0.002}}, {"type": "dict", "image_number": {"type": "int", "data": 14}, "Hcamera2end": {"type": "ndarray", "data": [[0.9999958673095485, 0.0009888375470719537, 0.0026995488751598157, -0.020029132826339238], [-0.00269849807413162, -0.001062460157035261, 0.9999957946344368, 0.02745169817828927], [0.000991701551770412, -0.9999989466888054, -0.001059787389999789, 0.03332977769822018], [0.0, 0.0, 0.0, 1.0]]}, "Hobj2base": {"type": "ndarray", "data": [[0.9999993706925373, 0.0010773350037181619, 0.000312991723685473, -0.7352785685974209], [0.0010761335316837536, -0.9999921483707988, 0.0038138082510322554, 0.0878174000714669], [0.0003170980153168219, -0.0038134690300852645, -0.9999926784245996, 0.002861021954355094], [0.0, 0.0, 0.0, 1.0]]}, "mean_rme": {"type": "float", "data": 0.0018395485186509654}, "max_rme": {"type": "float", "data": 0.009067205231718473}, "simu": {"type": "float", "data": 0.002}}, {"type": "dict", "image_number": {"type": "int", "data": 15}, "Hcamera2end": {"type": "ndarray", "data": [[0.9999980018673991, 0.0009028387029139833, 0.0017835760387178916, -0.019884190615866302], [-0.0017830129819665188, -0.0006240727236446197, 0.9999982156973788, 0.027500646074971102], [0.0009039501731328294, -0.9999993977075745, -0.0006224617035366364, 0.03329364322116111], [0.0, 0.0, 0.0, 1.0]]}, "Hobj2base": {"type": "ndarray", "data": [[0.9999990917122543, 0.0013477586728225426, 1.1010280982417849e-05, -0.7354934721211837], [0.001347718241576696, -0.9999943227887247, 0.0030883726882651496, 0.0874143077367185], [1.5172599550244134e-05, -0.0030883550443775573, -0.9999952309050841, 0.002713229473499627], [0.0, 0.0, 0.0, 1.0]]}, "mean_rme": {"type": "float", "data": 0.001795636218121644}, "max_rme": {"type": "float", "data": 0.009128673064996817}, "simu": {"type": "float", "data": 0.002}}, {"type": "dict", "image_number": {"type": "int", "data": 16}, "Hcamera2end": {"type": "ndarray", "data": [[0.9999974361427546, 0.0006927019391577193, 0.0021558923769438064, -0.020011571346993513], [-0.0021552702784025605, -0.0008975702394935503, 0.9999972745851322, 0.027531765023365396], [0.0006946351160946513, -0.9999993572656378, -0.0008960749783504252, 0.03288510495126558], [0.0, 0.0, 0.0, 1.0]]}, "Hobj2base": {"type": "ndarray", "data": [[0.9999992092176087, 0.0010959251739918535, 0.0006168566853551938, -0.7348444425387577], [0.001093709005902805, -0.9999929878634479, 0.0035816231717238495, 0.08757971301889247], [0.0006207775508695277, -0.003580945677727189, -0.9999933957098341, 0.0027183070818285436], [0.0, 0.0, 0.0, 1.0]]}, "mean_rme": {"type": "float", "data": 0.0017617807532659586}, "max_rme": {"type": "float", "data": 0.009166604547489549}, "simu": {"type": "float", "data": 0.002}}, {"type": "dict", "image_number": {"type": "int", "data": 17}, "Hcamera2end": {"type": "ndarray", "data": [[0.9999983199620248, 0.00023357940068866338, 0.0018181072001961173, -0.019855866099543106], [-0.0018180978850885752, -4.008598083471426e-05, 0.9999983464552302, 0.02750250418747307], [0.00023365189506504918, -0.9999999719168886, -3.966124327425824e-05, 0.03257323292287434], [0.0, 0.0, 0.0, 1.0]]}, "Hobj2base": {"type": "ndarray", "data": [[0.9999995691475188, 0.0009234594421491125, 9.448510779880942e-05, -0.7347674668823828], [0.0009231202124706743, -0.9999933453329222, 0.0035294672323905956, 0.08754632727589773], [9.774379887338018e-05, -0.0035293784905980944, -0.9999937669473846, 0.0027017327417114528], [0.0, 0.0, 0.0, 1.0]]}, "mean_rme": {"type": "float", "data": 0.0018027553913606228}, "max_rme": {"type": "float", "data": 0.00922539741477535}, "simu": {"type": "float", "data": 0.002}}, {"type": "dict", "image_number": {"type": "int", "data": 18}, "Hcamera2end": {"type": "ndarray", "data": [[0.9999987813261021, -0.0005844387934269472, 0.0014476800777211442, -0.019500652134389965], [-0.001447035640123276, 0.001101581625538195, 0.999998346301522, 0.027941599777680542], [-0.0005860325647146795, -0.9999992224743074, 0.0011007345793058176, 0.03271432488415514], [0.0, 0.0, 0.0, 1.0]]}, "Hobj2base": {"type": "ndarray", "data": [[0.9999996967688204, 0.00043790566490322546, -0.000643972744631743, -0.7350273068178821], [0.000440169358535629, -0.9999937104727386, 0.003519270649013535, 0.08793335301260422], [-0.0006424275857940791, -0.003519553038930864, -0.9999935999961218, 0.002319569121704171], [0.0, 0.0, 0.0, 1.0]]}, "mean_rme": {"type": "float", "data": 0.0018655231836097732}, "max_rme": {"type": "float", "data": 0.009837693500031774}, "simu": {"type": "float", "data": 0.002}}, {"type": "dict", "image_number": {"type": "int", "data": 19}, "Hcamera2end": {"type": "ndarray", "data": [[0.9999968074123954, -0.0017116327606581888, 0.0018588916884231602, -0.019553438157822657], [-0.0018599555809607345, -0.0006201840386905744, 0.9999980779666505, 0.027287364885935857], [-0.0017104766158881264, -0.9999983428411524, -0.0006233656196044102, 0.031710437586806535], [0.0, 0.0, 0.0, 1.0]]}, "Hobj2base": {"type": "ndarray", "data": [[0.9999995388666136, -0.0004295870681995563, 0.0008589071608380065, -0.7329559730890272], [-0.0004323614376787904, -0.9999946818490937, 0.003232543444028833, 0.08811312427261424], [0.0008575139341791624, -0.0032329133117300207, -0.9999944064550419, 0.002746226744379664], [0.0, 0.0, 0.0, 1.0]]}, "mean_rme": {"type": "float", "data": 0.001867092055596723}, "max_rme": {"type": "float", "data": 0.009168705079713929}, "simu": {"type": "float", "data": 0.002}}, {"type": "dict", "image_number": {"type": "int", "data": 20}, "Hcamera2end": {"type": "ndarray", "data": [[0.9999955238182128, -0.0021261664167004195, 0.0021051745549278402, -0.019678972557388687], [-0.0021054797367459164, -0.00014130808181489485, 0.9999977734910734, 0.027138304041986184], [-0.002125864204593671, -0.9999977297216203, -0.0001457840496017493, 0.031887284485024064], [0.0, 0.0, 0.0, 1.0]]}, "Hobj2base": {"type": "ndarray", "data": [[0.9999991097450635, -0.0011086617119329862, 0.0007425485095033478, -0.7333323775328651], [-0.0011109715553813415, -0.9999945233219667, 0.00311754202460926, 0.08818896775732142], [0.000739088143326211, -0.0031183641994746315, -0.9999948647635324, 0.002925344830529833], [0.0, 0.0, 0.0, 1.0]]}, "mean_rme": {"type": "float", "data": 0.001854736753681836}, "max_rme": {"type": "float", "data": 0.009025413413162875}, "simu": {"type": "float", "data": 0.002}}, {"type": "dict", "image_number": {"type": "int", "data": 21}, "Hcamera2end": {"type": "ndarray", "data": [[0.9999976406933186, -0.0003972710327353882, 0.002135599101618036, -0.018686114456823676], [-0.0021342974051601783, 0.0032486598615820705, 0.9999924454633096, 0.02813273531956322], [-0.00040420586661865264, -0.9999946441780727, 0.0032478043024628533, 0.03220298542031689], [0.0, 0.0, 0.0, 1.0]]}, "Hobj2base": {"type": "ndarray", "data": [[0.9999965546539819, -0.0002545760582997627, -0.0026126368282640916, -0.7352983161934192], [-0.00024487420826436107, -0.9999930765105229, 0.0037130806134906664, 0.08910515840332393], [-0.0026135640011272342, -0.0037124280532683566, -0.9999896935274692, 0.002258875889027319], [0.0, 0.0, 0.0, 1.0]]}, "mean_rme": {"type": "float", "data": 0.0020487582070445637}, "max_rme": {"type": "float", "data": 0.010158252226069281}, "simu": {"type": "float", "data": 0.002}}, {"type": "dict", "image_number": {"type": "int", "data": 22}, "Hcamera2end": {"type": "ndarray", "data": [[0.9999957193540888, 0.0009184996342789313, 0.002778062619935719, -0.01950599981394545], [-0.0027815411982967894, 0.0038079054787542033, 0.9999888813804017, 0.02791534079622305], [0.0009079108219601212, -0.9999923280777141, 0.0038104440230325443, 0.03169514835520558], [0.0, 0.0, 0.0, 1.0]]}, "Hobj2base": {"type": "ndarray", "data": [[0.9999937052707524, 0.000903440373076551, -0.003431211792332897, -0.7354869892511143], [0.0009185294938050809, -0.9999899043477021, 0.004398580025769188, 0.0885868561227746], [-0.003427203297232192, -0.004401704007129602, -0.9999844395186324, 0.0029841363681025568], [0.0, 0.0, 0.0, 1.0]]}, "mean_rme": {"type": "float", "data": 0.0020904878505253388}, "max_rme": {"type": "float", "data": 0.01008348080836094}, "simu": {"type": "float", "data": 0.002}}, {"type": "dict", "image_number": {"type": "int", "data": 23}, "Hcamera2end": {"type": "ndarray", "data": [[0.9999960510288052, -0.002215392223727949, 0.0017291512630082002, -0.019098582357774035], [-0.00172377498348537, 0.0024263999254524604, 0.9999955705817942, 0.0279616591409373], [-0.002219578023324959, -0.9999946022957809, 0.002422571505975135, 0.03239995355423128], [0.0, 0.0, 0.0, 1.0]]}, "Hobj2base": {"type": "ndarray", "data": [[0.9999963288897374, -0.0016680786671694511, -0.002135350230805357, -0.7355266725106829], [-0.001660981465739678, -0.9999931055586735, 0.003321140721119678, 0.08897955213629012], [-0.002140875432746047, -0.0033175817516896628, -0.9999922051214707, 0.002605170604881975], [0.0, 0.0, 0.0, 1.0]]}, "mean_rme": {"type": "float", "data": 0.002172914321880321}, "max_rme": {"type": "float", "data": 0.01014019421829393}, "simu": {"type": "float", "data": 0.002}}, {"type": "dict", "image_number": {"type": "int", "data": 24}, "Hcamera2end": {"type": "ndarray", "data": [[0.9999940814649613, -0.003145306111022344, 0.0013943043126434288, -0.01847176908154898], [-0.0013860688099714045, 0.0026190089592413868, 0.9999956097930259, 0.028343213545089046], [-0.0031489439979642416, -0.9999916238856902, 0.00261463384784677, 0.032391608587805404], [0.0, 0.0, 0.0, 1.0]]}, "Hobj2base": {"type": "ndarray", "data": [[0.9999945660258911, -0.002524292849280282, -0.00212034532582963, -0.7354134663021639], [-0.002517853280978283, -0.9999922268824408, 0.0030342362388296983, 0.08937345673836566], [-0.0021279881449768508, -0.003028881032433089, -0.9999931487496034, 0.0019596228845791056], [0.0, 0.0, 0.0, 1.0]]}, "mean_rme": {"type": "float", "data": 0.002233508347246333}, "max_rme": {"type": "float", "data": 0.010315635526804368}, "simu": {"type": "float", "data": 0.002}}, {"type": "dict", "image_number": {"type": "int", "data": 25}, "Hcamera2end": {"type": "ndarray", "data": [[0.9999924522560139, -0.0036959685566486508, 0.0011980181267523338, -0.018222735659446175], [-0.001188754697171797, 0.0025075400236778123, 0.9999961495452367, 0.028654110611603504], [-0.0036989584038908396, -0.9999900259799883, 0.002503127497425317, 0.03255004659739042], [0.0, 0.0, 0.0, 1.0]]}, "Hobj2base": {"type": "ndarray", "data": [[0.9999930869214446, -0.003206441511499492, -0.0018827751202386929, -0.7352995459653456], [-0.0032011538631239273, -0.9999909429193912, 0.0028047625803452403, 0.08948545212977561], [-0.0018917513749601793, -0.002798716137951647, -0.9999942942160795, 0.0015240940360575904], [0.0, 0.0, 0.0, 1.0]]}, "mean_rme": {"type": "float", "data": 0.0022386776320654986}, "max_rme": {"type": "float", "data": 0.010375929063482642}, "simu": {"type": "float", "data": 0.002}}, {"type": "dict", "image_number": {"type": "int", "data": 26}, "Hcamera2end": {"type": "ndarray", "data": [[0.9999905389546212, -0.004112250422954752, 0.0014182375347853967, -0.018429928627719906], [-0.0014074018982287047, 0.002636662781984045, 0.9999955336046611, 0.029013713665015508], [-0.004115971470142613, -0.9999880686317377, 0.00263085024734655, 0.03254279607393273], [0.0, 0.0, 0.0, 1.0]]}, "Hobj2base": {"type": "ndarray", "data": [[0.9999909613047704, -0.003754749921129994, -0.001994783645154149, -0.7351909782419644], [-0.0037487259016686044, -0.9999884280745177, 0.0030150905741736893, 0.0893829763481772], [-0.0020060814727620307, -0.003007585424570086, -0.9999934650121669, 0.0012898856395423199], [0.0, 0.0, 0.0, 1.0]]}, "mean_rme": {"type": "float", "data": 0.002233240542577784}, "max_rme": {"type": "float", "data": 0.010461022547332}, "simu": {"type": "float", "data": 0.002}}, {"type": "dict", "image_number": {"type": "int", "data": 27}, "Hcamera2end": {"type": "ndarray", "data": [[0.9999904611128584, -0.004105790085079458, 0.0014900238488598486, -0.01853355651361758], [-0.001479175092185275, 0.002644077650119203, 0.9999954104366814, 0.028969271816666038], [-0.0041097109800528045, -0.9999880755994831, 0.002637979246133293, 0.03254017616641993], [0.0, 0.0, 0.0, 1.0]]}, "Hobj2base": {"type": "ndarray", "data": [[0.9999909532013928, -0.0036678949161256043, -0.0021540803731991236, -0.7351908036096044], [-0.003661058069185158, -0.9999882759704961, 0.0031693178082917747, 0.08934145906773173], [-0.0021656798433738935, -0.0031614029227798666, -0.9999926576542335, 0.001405029272797957], [0.0, 0.0, 0.0, 1.0]]}, "mean_rme": {"type": "float", "data": 0.0021681059027323425}, "max_rme": {"type": "float", "data": 0.010464016496674666}, "simu": {"type": "float", "data": 0.002}}, {"type": "dict", "image_number": {"type": "int", "data": 28}, "Hcamera2end": {"type": "ndarray", "data": [[0.999992643362675, -0.003015521557929875, 0.00237062233676299, -0.018489523504303378], [-0.0023661609904439933, 0.0014821691899068457, 0.9999961022207335, 0.02889677920199552], [-0.0030190234674809246, -0.9999943548861794, 0.0014750230766493733, 0.033102222051410106], [0.0, 0.0, 0.0, 1.0]]}, "Hobj2base": {"type": "ndarray", "data": [[0.9999952743566216, -0.002753773176002921, -0.0013667471310056518, -0.7354152686503238], [-0.0027484163073251337, -0.9999885948063285, 0.003905952517187982, 0.08967629953825604], [-0.001377487650258496, -0.003902177668946487, -0.9999914377319505, 0.0013586120907074309], [0.0, 0.0, 0.0, 1.0]]}, "mean_rme": {"type": "float", "data": 0.00226683304751031}, "max_rme": {"type": "float", "data": 0.010359733639918434}, "simu": {"type": "float", "data": 0.002}}, {"type": "dict", "image_number": {"type": "int", "data": 29}, "Hcamera2end": {"type": "ndarray", "data": [[0.9999928965405483, -0.0029947449939696632, 0.002288748755401704, -0.018368854508941008], [-0.0022842329295147783, 0.0015104691388261315, 0.9999962503744222, 0.0290085284477493], [-0.0029981908491587966, -0.9999943749768803, 0.0015036177141390938, 0.03308375582021858], [0.0, 0.0, 0.0, 1.0]]}, "Hobj2base": {"type": "ndarray", "data": [[0.9999951013732237, -0.0027612238937999908, -0.001474066539990451, -0.7354277831641464], [-0.002755584085154369, -0.999988928346998, 0.0038144383297848174, 0.08968398826429326], [-0.001484582737894847, -0.0038103577299770227, -0.999991638559075, 0.0012218187640283588], [0.0, 0.0, 0.0, 1.0]]}, "mean_rme": {"type": "float", "data": 0.002225731647603464}, "max_rme": {"type": "float", "data": 0.010380823538839817}, "simu": {"type": "float", "data": 0.002}}, {"type": "dict", "image_number": {"type": "int", "data": 30}, "Hcamera2end": {"type": "ndarray", "data": [[0.9999950414771195, -0.002177059354165905, 0.002275397491127998, -0.01823064110276754], [-0.0022698559642943725, 0.002544512226797635, 0.9999941865888166, 0.028971828811927225], [-0.002182836474761708, -0.9999943929193283, 0.0025395579986158268, 0.03235402955162057], [0.0, 0.0, 0.0, 1.0]]}, "Hobj2base": {"type": "ndarray", "data": [[0.9999944821064417, -0.0020902023805679337, -0.002582016784953585, -0.7355980830432551], [-0.0020799604108403904, -0.999989984179738, 0.0039629919123566545, 0.08967376059923939], [-0.0025902743790669315, -0.003957599552296281, -0.999988813879648, 0.0014352535926220784], [0.0, 0.0, 0.0, 1.0]]}, "mean_rme": {"type": "float", "data": 0.0022792031151027798}, "max_rme": {"type": "float", "data": 0.010442465553909569}, "simu": {"type": "float", "data": 0.002}}]}