{"type": "list", "data": [{"type": "dict", "image_number": {"type": "int", "data": 5}, "Hcamera2end": {"type": "ndarray", "data": [[0.9999899823784885, 0.0038346361591637865, -0.0023088326481688136, -0.01595482787806767], [0.0022605789907586536, 0.012540653500151655, 0.9999188076001049, 0.027947333180932146], [0.0038632790860818225, -0.9999140100905257, 0.01253185937469281, 0.03621835973225316], [0.0, 0.0, 0.0, 1.0]]}, "Hobj2base": {"type": "ndarray", "data": [[0.999880994125486, 0.004417461821591802, -0.01478119134862149, -0.7436399068581948], [0.004380586102532789, -0.9999872142550315, -0.0025262208652924696, 0.08519184592636138], [-0.014792161844303911, 0.002461169948768531, -0.9998875609739604, 0.004494059202450829], [0.0, 0.0, 0.0, 1.0]]}, "mean_rme": {"type": "float", "data": 0.0012961872106265248}, "max_rme": {"type": "float", "data": 0.003911887659670654}, "simu": {"type": "float", "data": 0.002}}, {"type": "dict", "image_number": {"type": "int", "data": 6}, "Hcamera2end": {"type": "ndarray", "data": [[0.9999825125034407, 0.004909734507433829, -0.003296846125086656, -0.015604571892471417], [0.003311366292686705, -0.002952237560628568, 0.9999901595249134, 0.030043503305086608], [0.0048999531203516335, -0.9999835892655702, -0.0029684438627382015, 0.03576428711213047], [0.0, 0.0, 0.0, 1.0]]}, "Hobj2base": {"type": "ndarray", "data": [[0.9999875931281297, 0.004882150707772805, 0.0009890370451714821, -0.7342816390898267], [0.004884602865928599, -0.9999849644745893, -0.0024922840119668025, 0.08549730841875608], [0.0009768544683268628, 0.0024970841437037556, -0.9999964051566017, -0.0006617065969625191], [0.0, 0.0, 0.0, 1.0]]}, "mean_rme": {"type": "float", "data": 0.0015062488683058642}, "max_rme": {"type": "float", "data": 0.004253409118679968}, "simu": {"type": "float", "data": 0.002}}, {"type": "dict", "image_number": {"type": "int", "data": 7}, "Hcamera2end": {"type": "ndarray", "data": [[0.9999820944120845, 0.005776130231807599, 0.001564344836043423, -0.014678914200598714], [-0.0015595459530538223, -0.000835223471809643, 0.9999984351078616, 0.029942174238638], [0.005777427770311878, -0.9999829692156247, -0.0008262003761150272, 0.03535052432829727], [0.0, 0.0, 0.0, 1.0]]}, "Hobj2base": {"type": "ndarray", "data": [[0.9999866701630268, 0.005044021834205907, -0.0011033313183087695, -0.7354278119667749], [0.005046599591122294, -0.9999845135443219, 0.0023461679589673163, 0.08923440903885906], [-0.0010914801092054656, -0.0023517047563107606, -0.9999966390723067, -0.0003421287448870063], [0.0, 0.0, 0.0, 1.0]]}, "mean_rme": {"type": "float", "data": 0.0015424379830741976}, "max_rme": {"type": "float", "data": 0.004102521158191846}, "simu": {"type": "float", "data": 0.002}}, {"type": "dict", "image_number": {"type": "int", "data": 8}, "Hcamera2end": {"type": "ndarray", "data": [[0.9999928627799471, 0.003647026202206327, 0.0009867061599903725, -0.014660510215919138], [-0.0009666978693146189, -0.00548389052024123, 0.9999844960998102, 0.02993259466711126], [0.0036523806476331335, -0.9999783128371545, -0.005480325808048914, 0.03559826429189528], [0.0, 0.0, 0.0, 1.0]]}, "Hobj2base": {"type": "ndarray", "data": [[0.9999919929911839, 0.002681664037382138, 0.0029702914857832685, -0.7335380247065562], [0.0026794503489726827, -0.9999961297609432, 0.0007490053153959591, 0.08913644539204779], [0.0029722885706632554, -0.0007410405695456628, -0.9999953081687569, -0.0012562348797904438], [0.0, 0.0, 0.0, 1.0]]}, "mean_rme": {"type": "float", "data": 0.0016621639731037514}, "max_rme": {"type": "float", "data": 0.005338247240906674}, "simu": {"type": "float", "data": 0.002}}, {"type": "dict", "image_number": {"type": "int", "data": 9}, "Hcamera2end": {"type": "ndarray", "data": [[0.9999788607419314, 0.004933103237887755, -0.0042358661113525925, -0.01527797083586332], [0.004261363374310327, -0.005169614809978906, 0.9999775576806255, 0.032807717786270785], [0.004911094731427046, -0.9999744694616762, -0.005190527273617018, 0.03613470217459717], [0.0, 0.0, 0.0, 1.0]]}, "Hobj2base": {"type": "ndarray", "data": [[0.9999869390332027, 0.003935497412989092, 0.0032609236602899, -0.7344451563349017], [0.003944369254649461, -0.9999885252364644, -0.002718703106934366, 0.08600177849696461], [0.003250186792917965, 0.0027315298850707614, -0.9999909874745361, -0.004335764172820173], [0.0, 0.0, 0.0, 1.0]]}, "mean_rme": {"type": "float", "data": 0.0023039862779901943}, "max_rme": {"type": "float", "data": 0.009832634341629065}, "simu": {"type": "float", "data": 0.002}}, {"type": "dict", "image_number": {"type": "int", "data": 10}, "Hcamera2end": {"type": "ndarray", "data": [[0.9999610953379195, 0.005549710998543519, -0.0068562758419460895, -0.014467263868111521], [0.006867517945456473, -0.0020091941371465083, 0.9999743998404101, 0.032710090178302946], [0.005535793335831981, -0.9999825817716789, -0.00204722871000218, 0.036425284198876126], [0.0, 0.0, 0.0, 1.0]]}, "Hobj2base": {"type": "ndarray", "data": [[0.999991793222436, 0.004050489245366734, 8.381318476058771e-05, -0.7366186289492015], [0.0040508853964066815, -0.9999769865118298, -0.005442129567039661, 0.08548446617367991], [6.176796864366526e-05, 0.0054424244222990035, -0.9999851879908646, -0.0033956100931329058], [0.0, 0.0, 0.0, 1.0]]}, "mean_rme": {"type": "float", "data": 0.0021487494433535055}, "max_rme": {"type": "float", "data": 0.009739056455361106}, "simu": {"type": "float", "data": 0.002}}, {"type": "dict", "image_number": {"type": "int", "data": 11}, "Hcamera2end": {"type": "ndarray", "data": [[0.9999753338240288, 0.006000762662623909, -0.0036500124642395056, -0.015041989983427793], [0.0036554277610735537, -0.0008917147662823588, 0.9999929213212757, 0.03255470655524133], [0.0059974654151414425, -0.9999815976767985, -0.0009136281255135437, 0.03661602874069387], [0.0, 0.0, 0.0, 1.0]]}, "Hobj2base": {"type": "ndarray", "data": [[0.9999885424009383, 0.004783231236870946, -0.00018911843250495503, -0.7373902831315192], [0.0047828154319222585, -0.9999862699850475, -0.002141148742214441, 0.08680610771949028], [-0.00019935744545259597, 0.0021402196912331754, -0.999997689855473, -0.0032823756980992543], [0.0, 0.0, 0.0, 1.0]]}, "mean_rme": {"type": "float", "data": 0.0021132186763570433}, "max_rme": {"type": "float", "data": 0.009879712489546}, "simu": {"type": "float", "data": 0.002}}, {"type": "dict", "image_number": {"type": "int", "data": 12}, "Hcamera2end": {"type": "ndarray", "data": [[0.9999788665268866, 0.005505047934117369, -0.0034584601842683883, -0.015127096714595148], [0.003474895364961265, -0.00297871476498468, 0.9999895261254248, 0.03271207859229331], [0.005494688508520784, -0.9999804106609249, -0.002997781279946432, 0.036214325810554844], [0.0, 0.0, 0.0, 1.0]]}, "Hobj2base": {"type": "ndarray", "data": [[0.9999868132476963, 0.004662825990600083, 0.0021520651705261296, -0.7357607787784657], [0.004666866301096871, -0.9999873499928194, -0.0018762231387808425, 0.0866459424830734], [0.0021432894448705966, 0.0018862417979131378, -0.9999959241928118, -0.003936813236980409], [0.0, 0.0, 0.0, 1.0]]}, "mean_rme": {"type": "float", "data": 0.0020914004740200816}, "max_rme": {"type": "float", "data": 0.009845813580988572}, "simu": {"type": "float", "data": 0.002}}, {"type": "dict", "image_number": {"type": "int", "data": 13}, "Hcamera2end": {"type": "ndarray", "data": [[0.9999757950791711, 0.005666118836697631, -0.004037864919483058, -0.014918881430871205], [0.004050769964362776, -0.002267956194123899, 0.9999892237606348, 0.032737740366309886], [0.005656900076489597, -0.99998137556258, -0.0022908534424219695, 0.0361503806587361], [0.0, 0.0, 0.0, 1.0]]}, "Hobj2base": {"type": "ndarray", "data": [[0.9999874517921832, 0.0045672236528958195, 0.0020583309453245267, -0.7360948802443045], [0.004572353665669814, -0.9999864353317358, -0.002494540936376956, 0.0865440134638341], [0.0020469098983803384, 0.002503921051401895, -0.9999947702559426, -0.003827917988961538], [0.0, 0.0, 0.0, 1.0]]}, "mean_rme": {"type": "float", "data": 0.001995941355633455}, "max_rme": {"type": "float", "data": 0.009768217541121782}, "simu": {"type": "float", "data": 0.002}}, {"type": "dict", "image_number": {"type": "int", "data": 14}, "Hcamera2end": {"type": "ndarray", "data": [[0.9999817772979771, 0.003963931568749369, -0.004553275578879044, -0.014175558736912319], [0.004556744615153558, -0.0008665593216636847, 0.9999892425188655, 0.03177677933342869], [0.003959943243433319, -0.9999917681268482, -0.0008846061544420802, 0.03529470383054523], [0.0, 0.0, 0.0, 1.0]]}, "Hobj2base": {"type": "ndarray", "data": [[0.9999952778494736, 0.002677859630693563, 0.0015077621007276863, -0.7355619314232695], [0.0026826134757828336, -0.999991409683197, -0.0031597697308588537, 0.08763919045481794], [0.0014992877287690232, 0.003163799552880242, -0.9999938712355669, -0.003013184239564513], [0.0, 0.0, 0.0, 1.0]]}, "mean_rme": {"type": "float", "data": 0.0020214597896124086}, "max_rme": {"type": "float", "data": 0.00991121467525835}, "simu": {"type": "float", "data": 0.002}}, {"type": "dict", "image_number": {"type": "int", "data": 15}, "Hcamera2end": {"type": "ndarray", "data": [[0.9999879809028457, 0.002125149675914851, -0.004418346829402316, -0.013867112510479706], [0.004420164337289501, -0.0008513025120080453, 0.9999898686643103, 0.03174020489052167], [0.0021213667955553004, -0.9999973795080106, -0.0008606857909292387, 0.03482265088831161], [0.0, 0.0, 0.0, 1.0]]}, "Hobj2base": {"type": "ndarray", "data": [[0.99999734683419, 0.001741733992190206, 0.001507543459145446, -0.7354003351857521], [0.0017460515762016881, -0.9999943645747988, -0.0028674243734381835, 0.0884716816677059], [0.0015025406729957927, 0.0028700490143189067, -0.9999947525813229, -0.00296143662153349], [0.0, 0.0, 0.0, 1.0]]}, "mean_rme": {"type": "float", "data": 0.0020973259128878245}, "max_rme": {"type": "float", "data": 0.010310177708017787}, "simu": {"type": "float", "data": 0.002}}, {"type": "dict", "image_number": {"type": "int", "data": 16}, "Hcamera2end": {"type": "ndarray", "data": [[0.9999901172261898, 0.00102355199031115, -0.004326406277081142, -0.014546172945524379], [0.004326978467948046, -0.0005574722971304347, 0.9999904831957032, 0.03175636679516532], [0.0010211303977215663, -0.9999993207827498, -0.0005618956751807236, 0.035012768605366514], [0.0, 0.0, 0.0, 1.0]]}, "Hobj2base": {"type": "ndarray", "data": [[0.9999988464366447, 0.0007714839951737036, 0.0013084104191842779, -0.7358807492032402], [0.0007750172882294125, -0.9999960490119455, -0.0027020933923917797, 0.08814415867959127], [0.0013063206278646467, 0.0027031043160508266, -0.9999954933665818, -0.0029213981495159608], [0.0, 0.0, 0.0, 1.0]]}, "mean_rme": {"type": "float", "data": 0.002168214440345404}, "max_rme": {"type": "float", "data": 0.010122859364734893}, "simu": {"type": "float", "data": 0.002}}, {"type": "dict", "image_number": {"type": "int", "data": 17}, "Hcamera2end": {"type": "ndarray", "data": [[0.9999869289025238, 0.002893103737803443, -0.0042156820161294946, -0.015226050950457017], [0.0042205324441794995, -0.0016724959118938898, 0.9999896948785583, 0.03128870955297614], [0.0028860232130802606, -0.9999944163385048, -0.0016846844887263845, 0.03538926767839192], [0.0, 0.0, 0.0, 1.0]]}, "Hobj2base": {"type": "ndarray", "data": [[0.9999940632666686, 0.0027765032228684716, 0.0020407011714856887, -0.7360486001497841], [0.002781044437972174, -0.9999936556441873, -0.0022258623517847588, 0.08725111812731005], [0.0020345081105579573, 0.002231524418076067, -0.9999954405273657, -0.0023978269829338407], [0.0, 0.0, 0.0, 1.0]]}, "mean_rme": {"type": "float", "data": 0.0021908310628951967}, "max_rme": {"type": "float", "data": 0.009870856294433072}, "simu": {"type": "float", "data": 0.002}}, {"type": "dict", "image_number": {"type": "int", "data": 18}, "Hcamera2end": {"type": "ndarray", "data": [[0.9999929522406473, 0.0021121923115347036, -0.0031038867043766006, -0.015386223368397317], [0.0031043949575544527, -0.00023739227577590505, 0.9999951531766815, 0.031487690496232956], [0.002111445235383253, -0.999997741141722, -0.00024394768185365123, 0.034983545314664605], [0.0, 0.0, 0.0, 1.0]]}, "Hobj2base": {"type": "ndarray", "data": [[0.9999982483867333, 0.001746950799455573, 0.0006718529372883703, -0.7365263151272582], [0.0017481537438201983, -0.9999968625987983, -0.001794087804004059, 0.08757922623398379], [0.0006687166462926589, 0.0017952591636836775, -0.9999981649296075, -0.002378542730922627], [0.0, 0.0, 0.0, 1.0]]}, "mean_rme": {"type": "float", "data": 0.0022516592879282195}, "max_rme": {"type": "float", "data": 0.01018691690486706}, "simu": {"type": "float", "data": 0.002}}, {"type": "dict", "image_number": {"type": "int", "data": 19}, "Hcamera2end": {"type": "ndarray", "data": [[0.9999929714590264, 0.0018825080797377307, -0.003242405877812567, -0.015189915180632703], [0.0032424017650817477, 5.2366385649982305e-06, 0.9999947433878696, 0.03132008790153957], [0.0018825151634305857, -0.9999982280663836, -8.672457614267159e-07, 0.0348235259600327], [0.0, 0.0, 0.0, 1.0]]}, "Hobj2base": {"type": "ndarray", "data": [[0.9999988447225453, 0.001506127113905992, 0.00020526736560823826, -0.7364560242673471], [0.0015065547792520305, -0.9999966612457643, -0.0020994737486508134, 0.08778168752181707], [0.00020210460593317504, 0.0020997805697068068, -0.9999977750351685, -0.002214962063088419], [0.0, 0.0, 0.0, 1.0]]}, "mean_rme": {"type": "float", "data": 0.0021633687227342715}, "max_rme": {"type": "float", "data": 0.010280284392604533}, "simu": {"type": "float", "data": 0.002}}, {"type": "dict", "image_number": {"type": "int", "data": 20}, "Hcamera2end": {"type": "ndarray", "data": [[0.9999951921683506, 0.0016109399326892696, -0.00264962501436412, -0.015167734538006529], [0.0026496462723905943, -1.106196676881055e-05, 0.9999964896199707, 0.03098819712693131], [0.0016109049676140425, -0.9999987023742412, -1.5330334572460913e-05, 0.034893888995507015], [0.0, 0.0, 0.0, 1.0]]}, "Hobj2base": {"type": "ndarray", "data": [[0.9999990627525572, 0.001367796768412573, 6.021633759814977e-05, -0.7365716825626355], [0.0013678863928683167, -0.9999979177662646, -0.0015143810456040784, 0.08809656228617922], [5.814484671333769e-05, 0.001514461995363145, -0.9999988515113611, -0.001703018378583021], [0.0, 0.0, 0.0, 1.0]]}, "mean_rme": {"type": "float", "data": 0.002101596886718086}, "max_rme": {"type": "float", "data": 0.010699152179831639}, "simu": {"type": "float", "data": 0.002}}, {"type": "dict", "image_number": {"type": "int", "data": 21}, "Hcamera2end": {"type": "ndarray", "data": [[0.9999938318168959, 0.0024000930475115254, -0.002564348167663295, -0.015312008250036434], [0.00256596700101827, -0.0006716516682108153, 0.9999964823425062, 0.03114719968802863], [0.002398362256081547, -0.9999968942138769, -0.0006778060848997569, 0.03522100686288902], [0.0, 0.0, 0.0, 1.0]]}, "Hobj2base": {"type": "ndarray", "data": [[0.9999968616619636, 0.002426168406821444, 0.0006247984358964897, -0.7367892078062918], [0.0024270478062016045, -0.9999960598124411, -0.0014106021904846517, 0.08774670868525038], [0.0006213736156043185, 0.001412114179211304, -0.9999988099134796, -0.0019184050985181235], [0.0, 0.0, 0.0, 1.0]]}, "mean_rme": {"type": "float", "data": 0.0020973076570414894}, "max_rme": {"type": "float", "data": 0.010612478044842555}, "simu": {"type": "float", "data": 0.002}}, {"type": "dict", "image_number": {"type": "int", "data": 22}, "Hcamera2end": {"type": "ndarray", "data": [[0.9999948003561426, 0.002259877956562824, -0.0023004808845037967, -0.015331195109978473], [0.002300461191044127, 1.1313739671670042e-05, 0.9999973538716529, 0.030337349361244447], [0.002259898003677549, -0.9999974464085499, 6.11491930868624e-06, 0.03513622902606598], [0.0, 0.0, 0.0, 1.0]]}, "Hobj2base": {"type": "ndarray", "data": [[0.9999972294181567, 0.002352476051186434, -8.374030718825436e-05, -0.7371381963832854], [0.0023523464845095813, -0.9999960854570471, -0.001515102834277596, 0.0876299128963804], [-8.730422251594774e-05, 0.0015149016503439668, -0.9999988487248184, -0.000982850614819811], [0.0, 0.0, 0.0, 1.0]]}, "mean_rme": {"type": "float", "data": 0.0020795066299400472}, "max_rme": {"type": "float", "data": 0.01084825848593085}, "simu": {"type": "float", "data": 0.002}}, {"type": "dict", "image_number": {"type": "int", "data": 23}, "Hcamera2end": {"type": "ndarray", "data": [[0.9999958872864356, 0.002183221890246062, -0.0018598259037502644, -0.015232411866052568], [0.001860595911743941, -0.00035071536755637567, 0.9999982075891857, 0.02999920564973998], [0.002182565707490111, -0.9999975552674661, -0.00035477601888800336, 0.03533609508243187], [0.0, 0.0, 0.0, 1.0]]}, "Hobj2base": {"type": "ndarray", "data": [[0.9999977390506648, 0.0021263285266243867, -2.4910950892280694e-05, -0.7372591587251679], [0.00212629762816226, -0.9999970421952769, -0.0011808721755666017, 0.08792535178503835], [-2.7421799403756743e-05, 0.001180816537578644, -0.9999993024599318, -0.0005522280015479526], [0.0, 0.0, 0.0, 1.0]]}, "mean_rme": {"type": "float", "data": 0.002071589693344318}, "max_rme": {"type": "float", "data": 0.011252055791186044}, "simu": {"type": "float", "data": 0.002}}, {"type": "dict", "image_number": {"type": "int", "data": 24}, "Hcamera2end": {"type": "ndarray", "data": [[0.9999976766861239, 0.0014259691052981216, -0.0016165501739855862, -0.015113903383150816], [0.0016158075343951108, 0.0005217948082565371, 0.9999985584470558, 0.030546259454514862], [0.0014268105571762313, -0.9999988471704798, 0.0005194895043393322, 0.03509428718526853], [0.0, 0.0, 0.0, 1.0]]}, "Hobj2base": {"type": "ndarray", "data": [[0.9999991820214633, 0.0011203392648507127, -0.0006170869759413871, -0.7373317664074968], [0.0011196176677461616, -0.9999986905694256, -0.0011684672491840045, 0.08823119152354643], [-0.0006183952476477867, 0.0011677753919220736, -0.9999991269435946, -0.0010096182109332146], [0.0, 0.0, 0.0, 1.0]]}, "mean_rme": {"type": "float", "data": 0.0021020914040947}, "max_rme": {"type": "float", "data": 0.01133984578245295}, "simu": {"type": "float", "data": 0.002}}, {"type": "dict", "image_number": {"type": "int", "data": 25}, "Hcamera2end": {"type": "ndarray", "data": [[0.9999995063331615, 0.000912593686261404, -0.00039307276323941216, -0.015118133141621592], [0.0003926385267411444, 0.00047595717127113524, 0.9999998096498611, 0.029737703300773057], [0.0009127805983495643, -0.9999994703186271, 0.0004755986168664128, 0.0353023482090429], [0.0, 0.0, 0.0, 1.0]]}, "Hobj2base": {"type": "ndarray", "data": [[0.9999994044290991, 0.0006165703176018414, -0.0009005456627167844, -0.7376117657752718], [0.0006163334651808259, -0.9999997754126071, -0.0002632637379619866, 0.0887939583918074], [-0.0009007077810721099, 0.0002627085447409092, -0.9999995598547602, 0.00012063418034388373], [0.0, 0.0, 0.0, 1.0]]}, "mean_rme": {"type": "float", "data": 0.002159633139743694}, "max_rme": {"type": "float", "data": 0.012204999349274437}, "simu": {"type": "float", "data": 0.002}}, {"type": "dict", "image_number": {"type": "int", "data": 26}, "Hcamera2end": {"type": "ndarray", "data": [[0.9999999138925023, 0.00026093914999650444, -0.00032268521489137067, -0.014997169171918744], [0.0003224763841466952, 0.0007999508220000173, 0.9999996280437629, 0.030113831601845383], [0.0002611971852414597, -0.9999996459946585, 0.0007998666064047422, 0.03528470351359467], [0.0, 0.0, 0.0, 1.0]]}, "Hobj2base": {"type": "ndarray", "data": [[0.9999995596887106, 7.928141364367628e-06, -0.0009383813348408478, -0.7376185683213485], [7.6698843957581e-06, -0.9999999620979323, -0.00027521865116495505, 0.08897700491138508], [-0.0009383834812466279, 0.0002752113327067185, -0.9999995218474675, -0.0002686756157921953], [0.0, 0.0, 0.0, 1.0]]}, "mean_rme": {"type": "float", "data": 0.0021687695755755556}, "max_rme": {"type": "float", "data": 0.012244425068465459}, "simu": {"type": "float", "data": 0.002}}, {"type": "dict", "image_number": {"type": "int", "data": 27}, "Hcamera2end": {"type": "ndarray", "data": [[0.9999994720873873, 0.0009970770327178097, -0.0002483190238961728, -0.015101784355302425], [0.0002475468556826073, 0.000774480596294258, 0.9999996694501254, 0.030027050540879875], [0.0009972690213998197, -0.9999992030082807, 0.0007742333641519439, 0.03524163766573018], [0.0, 0.0, 0.0, 1.0]]}, "Hobj2base": {"type": "ndarray", "data": [[0.9999993788770993, 0.0006797157170910662, -0.0008833073980935336, -0.7377798738788724], [0.0006797721942523348, -0.9999997669298528, 6.363963525581267e-05, 0.08878925262455827], [-0.0008832639353606352, -6.424004353597919e-05, -0.9999996078589413, -0.0001275926451466783], [0.0, 0.0, 0.0, 1.0]]}, "mean_rme": {"type": "float", "data": 0.0021575487365423033}, "max_rme": {"type": "float", "data": 0.01213711480608659}, "simu": {"type": "float", "data": 0.002}}, {"type": "dict", "image_number": {"type": "int", "data": 28}, "Hcamera2end": {"type": "ndarray", "data": [[0.9999997103991851, 0.000747384011039623, 0.0001435920813935533, -0.015439382266582112], [-0.0001411897127667136, -0.0032134306743893948, 0.9999948269510027, 0.029599733098639263], [0.0007478415679844637, -0.9999945576254107, -0.0032133242208434165, 0.03613055122021419], [0.0, 0.0, 0.0, 1.0]]}, "Hobj2base": {"type": "ndarray", "data": [[0.999996181965954, 0.0005337072792735703, 0.0027113115008672397, -0.7361874232044491], [0.0005318693280641555, -0.9999996283366008, 0.0006785585295409263, 0.0887931133254988], [0.0027116726447986204, -0.0006771138753552194, -0.9999960941665058, -0.0005980342205869309], [0.0, 0.0, 0.0, 1.0]]}, "mean_rme": {"type": "float", "data": 0.002188539905139863}, "max_rme": {"type": "float", "data": 0.012052855363656412}, "simu": {"type": "float", "data": 0.002}}, {"type": "dict", "image_number": {"type": "int", "data": 29}, "Hcamera2end": {"type": "ndarray", "data": [[0.9999998250969478, 0.0005736253251731863, 0.0001440835173133003, -0.015476471490426361], [-0.00014230394705723812, -0.003101154655676508, 0.9999951812830841, 0.029524330162109466], [0.0005740693863056508, -0.9999950268845279, -0.0031010724841271653, 0.036055759350583624], [0.0, 0.0, 0.0, 1.0]]}, "Hobj2base": {"type": "ndarray", "data": [[0.9999960850635717, 0.00021158613750206205, 0.002790177205149348, -0.7360981702605737], [0.00020958653487863506, -0.9999997210417806, 0.0007169308508446762, 0.0888454272580927], [0.00279032811943607, -0.0007163432605338471, -0.9999958504520499, -0.0005172776048377047], [0.0, 0.0, 0.0, 1.0]]}, "mean_rme": {"type": "float", "data": 0.0021423076738982857}, "max_rme": {"type": "float", "data": 0.012036699445223786}, "simu": {"type": "float", "data": 0.002}}, {"type": "dict", "image_number": {"type": "int", "data": 30}, "Hcamera2end": {"type": "ndarray", "data": [[0.9999999295035836, 0.0002526395222016384, 0.0002777878681126285, -0.015384052582429818], [-0.00027707868223619, -0.0028028220341160814, 0.9999960337001585, 0.030071150610594954], [0.00025341711011509784, -0.9999960401731183, -0.0028027518355013825, 0.03607456123617035], [0.0, 0.0, 0.0, 1.0]]}, "Hobj2base": {"type": "ndarray", "data": [[0.9999968420423665, -0.0001365857019871711, 0.0025094321350296023, -0.7362230157367545], [-0.0001380498835437908, -0.9999998203473826, 0.0005833073221953095, 0.08891503093986516], [0.002509352012763475, -0.0005836519069495006, -0.9999966812459566, -0.0010448698194506407], [0.0, 0.0, 0.0, 1.0]]}, "mean_rme": {"type": "float", "data": 0.0021788749182708547}, "max_rme": {"type": "float", "data": 0.012093930077683446}, "simu": {"type": "float", "data": 0.002}}]}