{"type": "list", "data": [{"type": "dict", "image_number": {"type": "int", "data": 5}, "Hcamera2end": {"type": "ndarray", "data": [[0.9999981402560243, -0.001701281703897849, -0.0009083639450764706, -0.01893057760911789], [0.0008939874155353588, -0.008432192816985262, 0.9999640488091549, 0.029744821206981503], [-0.0017088800407275135, -0.9999630011979749, -0.008430656210831833, 0.03625077731458054], [0.0, 0.0, 0.0, 1.0]]}, "Hobj2base": {"type": "ndarray", "data": [[0.9999623634233071, 0.002056776300312743, 0.008428606535147945, -0.7345173509977407], [0.002082965803240143, -0.9999930267905814, -0.0030996166979822713, 0.08526938300715316], [0.008422172542545004, 0.0031170565382023785, -0.9999596746710349, 0.00031085007745659257], [0.0, 0.0, 0.0, 1.0]]}, "mean_rme": {"type": "float", "data": 0.001269766457776599}, "max_rme": {"type": "float", "data": 0.005497386096478041}, "simu": {"type": "float", "data": 0.002}}, {"type": "dict", "image_number": {"type": "int", "data": 6}, "Hcamera2end": {"type": "ndarray", "data": [[0.9999943908762717, -0.0019004022281919634, 0.002758022364913227, -0.018890898706128895], [-0.0027772689071206454, -0.010200520590148532, 0.999944116517072, 0.030367186646321594], [-0.0018721627631750999, -0.9999461674765603, -0.010205741302185878, 0.036205106971533306], [0.0, 0.0, 0.0, 1.0]]}, "Hobj2base": {"type": "ndarray", "data": [[0.9999458638515482, 0.0027210892998134686, 0.010043158825965518, -0.7337528406703316], [0.0027105479840557525, -0.9999957614032757, 0.0010630640190585792, 0.0864252490047717], [0.010046008949192695, -0.001035784004957757, -0.999949001127401, -0.00036499108424219623], [0.0, 0.0, 0.0, 1.0]]}, "mean_rme": {"type": "float", "data": 0.001129210994288508}, "max_rme": {"type": "float", "data": 0.0055531691772753855}, "simu": {"type": "float", "data": 0.002}}, {"type": "dict", "image_number": {"type": "int", "data": 7}, "Hcamera2end": {"type": "ndarray", "data": [[0.9999928240266368, -0.0030939276964274823, 0.002186208279431455, -0.01677022425597127], [-0.0021910385072414053, -0.0015586686934261351, 0.9999963849445477, 0.029095262687232955], [-0.003090508937304835, -0.999993999063651, -0.0015654364231825202, 0.03663141317211688], [0.0, 0.0, 0.0, 1.0]]}, "Hobj2base": {"type": "ndarray", "data": [[0.9999926544862067, -0.002881225135451322, 0.0025277490676284156, -0.7374563291713869], [-0.00288200491159052, -0.9999958005335949, 0.00030489812078245826, 0.08948995379366244], [0.0025268599723017753, -0.00031218086637728, -0.9999967587556406, 0.0009392003276259474], [0.0, 0.0, 0.0, 1.0]]}, "mean_rme": {"type": "float", "data": 0.0013348815498389398}, "max_rme": {"type": "float", "data": 0.005810052969070001}, "simu": {"type": "float", "data": 0.002}}, {"type": "dict", "image_number": {"type": "int", "data": 8}, "Hcamera2end": {"type": "ndarray", "data": [[0.999998655385683, 0.0009768198156239847, -0.0013172129189194938, -0.016673473837508036], [0.00130974204050419, 0.007609765979484262, 0.9999701875743718, 0.029593787873708605], [0.0009868143763140098, -0.9999705682092772, 0.007608476365305483, 0.03670056983861707], [0.0, 0.0, 0.0, 1.0]]}, "Hobj2base": {"type": "ndarray", "data": [[0.9999839631562977, -0.0013248071800619973, -0.005506207057483936, -0.7414642286033596], [-0.0013370302134090707, -0.9999966491202783, -0.002216776584062619, 0.08772665787089019], [-0.005503251805311203, 0.00222410299916016, -0.9999823836375401, 0.001841860046330683], [0.0, 0.0, 0.0, 1.0]]}, "mean_rme": {"type": "float", "data": 0.001761976101339032}, "max_rme": {"type": "float", "data": 0.0060638579183877606}, "simu": {"type": "float", "data": 0.002}}, {"type": "dict", "image_number": {"type": "int", "data": 9}, "Hcamera2end": {"type": "ndarray", "data": [[0.9999987988245623, 0.00137662896362017, -0.0007122093294605427, -0.01632720314629491], [0.0007038079580385136, 0.0060937384395263194, 0.9999811853260986, 0.02957773408978426], [0.0013809430801630593, -0.9999804854318545, 0.006092762237457472, 0.036642349757653424], [0.0, 0.0, 0.0, 1.0]]}, "Hobj2base": {"type": "ndarray", "data": [[0.9999919821014185, -0.00014568385637213135, -0.004001813225326741, -0.7408831541641113], [-0.0001496602776921613, -0.9999994954054021, -0.0009933734151383422, 0.08816815291363753], [-0.004001666487563472, 0.0009939643628496205, -0.9999914993139527, 0.0015526756905365263], [0.0, 0.0, 0.0, 1.0]]}, "mean_rme": {"type": "float", "data": 0.0016267720397464378}, "max_rme": {"type": "float", "data": 0.006332272190331278}, "simu": {"type": "float", "data": 0.002}}, {"type": "dict", "image_number": {"type": "int", "data": 10}, "Hcamera2end": {"type": "ndarray", "data": [[0.999988528924257, 0.00477208690305313, -0.00041134716480992683, -0.014793159974025763], [0.0004253867701238725, -0.002941384474254516, 0.999995583641983, 0.029565784210773105], [0.004770855897644777, -0.9999842875985424, -0.00294338071604483, 0.034477254765377316], [0.0, 0.0, 0.0, 1.0]]}, "Hobj2base": {"type": "ndarray", "data": [[0.999987629959385, 0.0035510637044088634, 0.003482796976483893, -0.7352159598929537], [0.0035528105265795356, -0.9999935659885058, -0.0004954986915695471, 0.08924974340637248], [0.003481015020708901, 0.0005078662799905991, -0.9999938122839893, -0.00039384903530419456], [0.0, 0.0, 0.0, 1.0]]}, "mean_rme": {"type": "float", "data": 0.0018463331032620971}, "max_rme": {"type": "float", "data": 0.007172706572216581}, "simu": {"type": "float", "data": 0.002}}, {"type": "dict", "image_number": {"type": "int", "data": 11}, "Hcamera2end": {"type": "ndarray", "data": [[0.9999955150068477, 0.0029438964899752163, -0.0005508535610783745, -0.014092576342843124], [0.0005533937790705664, -0.0008621312257808267, 0.9999994752423996, 0.029653976073477643], [0.0029434200370873206, -0.9999952950905348, -0.000863756493131973, 0.03416023809434174], [0.0, 0.0, 0.0, 1.0]]}, "Hobj2base": {"type": "ndarray", "data": [[0.9999966683096699, 0.0015470983103497385, 0.0020663630799277644, -0.7352386870329574], [0.0015480921958260492, -0.9999986867585995, -0.0004794701549246639, 0.09021111879743188], [0.002065618578827673, 0.0004826674780363644, -0.9999977501234654, -0.0004925779851265098], [0.0, 0.0, 0.0, 1.0]]}, "mean_rme": {"type": "float", "data": 0.0018890633509308628}, "max_rme": {"type": "float", "data": 0.006833221156687885}, "simu": {"type": "float", "data": 0.002}}, {"type": "dict", "image_number": {"type": "int", "data": 12}, "Hcamera2end": {"type": "ndarray", "data": [[0.9999989081345786, -0.0008052030219683445, -0.0012391036050332755, -0.014055062857997904], [0.0012359451198905391, -0.0039113241129875576, 0.9999915869562822, 0.029234888750095223], [-0.0008100427835689755, -0.9999920265641004, -0.003910324655602482, 0.034776099957563845], [0.0, 0.0, 0.0, 1.0]]}, "Hobj2base": {"type": "ndarray", "data": [[0.9999918468039554, -0.00095300519261949, 0.0039240421401269005, -0.7344467254646906], [-0.0009485033504878253, -0.9999988901300934, -0.0011489473335524272, 0.09060442300804648], [0.00392513273772554, 0.001145215998842206, -0.999991640871716, -0.0005683298802762887], [0.0, 0.0, 0.0, 1.0]]}, "mean_rme": {"type": "float", "data": 0.0019254140806759168}, "max_rme": {"type": "float", "data": 0.00846125897536848}, "simu": {"type": "float", "data": 0.002}}, {"type": "dict", "image_number": {"type": "int", "data": 13}, "Hcamera2end": {"type": "ndarray", "data": [[0.9999967987900442, -0.0014455228899836702, -0.0020767458290248254, -0.013812450743938524], [0.002068658213296333, -0.0055741288618362805, 0.9999823247141062, 0.02922378118679717], [-0.0014570733888175894, -0.9999834196380488, -0.005571120725080592, 0.0353811984951015], [0.0, 0.0, 0.0, 1.0]]}, "Hobj2base": {"type": "ndarray", "data": [[0.9999879311395173, -0.0014613731662080685, 0.00469062509449397, -0.7342357447270607], [-0.001453673436644459, -0.9999975912165053, -0.0016445044015553855, 0.09053423454270276], [0.0046930170303978065, 0.0016376659171600761, -0.9999876467444466, -0.000680413107846812], [0.0, 0.0, 0.0, 1.0]]}, "mean_rme": {"type": "float", "data": 0.0018601652276005}, "max_rme": {"type": "float", "data": 0.008845828492649976}, "simu": {"type": "float", "data": 0.002}}, {"type": "dict", "image_number": {"type": "int", "data": 14}, "Hcamera2end": {"type": "ndarray", "data": [[0.9999987306434622, -0.0012870576845653411, -0.000939251819763646, -0.014043578321008237], [0.0009340758254521252, -0.004016288416956781, 0.9999914984287136, 0.02908739347433989], [-0.0012908190487570085, -0.9999911064153862, -0.004015081109385754, 0.034232695320126315], [0.0, 0.0, 0.0, 1.0]]}, "Hobj2base": {"type": "ndarray", "data": [[0.9999941264161197, -0.0009919308450814332, 0.003280732610262932, -0.7337955131268281], [-0.0009910132690844067, -0.9999994693813319, -0.00028130011469950175, 0.09077674044338102], [0.00328100989970546, 0.00027804721291059407, -0.9999945788171978, -0.00022318409594708686], [0.0, 0.0, 0.0, 1.0]]}, "mean_rme": {"type": "float", "data": 0.0018944149689535806}, "max_rme": {"type": "float", "data": 0.008574982009464882}, "simu": {"type": "float", "data": 0.002}}, {"type": "dict", "image_number": {"type": "int", "data": 15}, "Hcamera2end": {"type": "ndarray", "data": [[0.999995291714705, -0.0006898873726141205, -0.002990084252189787, -0.013497214295478623], [0.002987225989608323, -0.004107571119077225, 0.9999871020870165, 0.029369229640481283], [-0.0007021604582247213, -0.9999913259198377, -0.004105490929971145, 0.0329478509907889], [0.0, 0.0, 0.0, 1.0]]}, "Hobj2base": {"type": "ndarray", "data": [[0.9999932998287627, -0.0006213925719670166, 0.0036075156068505363, -0.7325001687928921], [-0.0006139420092847513, -0.9999976772964048, -0.0020660292845145036, 0.09014790376596757], [0.00360879104291193, 0.0020638006363843204, -0.9999913586397342, -0.0009601609772997806], [0.0, 0.0, 0.0, 1.0]]}, "mean_rme": {"type": "float", "data": 0.0018494131372886874}, "max_rme": {"type": "float", "data": 0.008429211394238467}, "simu": {"type": "float", "data": 0.002}}, {"type": "dict", "image_number": {"type": "int", "data": 16}, "Hcamera2end": {"type": "ndarray", "data": [[0.9999933655322383, -0.0017565660385267048, -0.0031911388655884014, -0.013345307303014534], [0.0031848874056222528, -0.0035502757635668125, 0.9999886259524237, 0.02939344687611853], [-0.001767875482233686, -0.9999921549781053, -0.003544657744323443, 0.03283641198927107], [0.0, 0.0, 0.0, 1.0]]}, "Hobj2base": {"type": "ndarray", "data": [[0.9999917168762257, -0.002108387704886392, 0.0034815054537369263, -0.7323029565012917], [-0.0021009248839668907, -0.9999954907557689, -0.00214582915481023, 0.09047372020244693], [0.003486013994585331, 0.00213849699920032, -0.9999916372335393, -0.0009977364241281726], [0.0, 0.0, 0.0, 1.0]]}, "mean_rme": {"type": "float", "data": 0.0018104819015515607}, "max_rme": {"type": "float", "data": 0.008334685997396452}, "simu": {"type": "float", "data": 0.002}}, {"type": "dict", "image_number": {"type": "int", "data": 17}, "Hcamera2end": {"type": "ndarray", "data": [[0.9999862195210907, -0.0037562532889665445, -0.0036676053694575943, -0.013208389872198831], [0.0036588402213191757, -0.0023377011873708664, 0.9999905739762718, 0.028964412364684305], [-0.0037647916478609025, -0.9999902128092992, -0.0023239254421136835, 0.03257662218203545], [0.0, 0.0, 0.0, 1.0]]}, "Hobj2base": {"type": "ndarray", "data": [[0.9999848028382902, -0.004686027326162614, 0.0029043485266878975, -0.7319327743329345], [-0.004678700099783463, -0.9999858681637668, -0.0025245273089742667, 0.09109468487388248], [0.002916137486865651, 0.0025109003675828903, -0.9999925957333393, -0.0005103643083033715], [0.0, 0.0, 0.0, 1.0]]}, "mean_rme": {"type": "float", "data": 0.0019425512598535487}, "max_rme": {"type": "float", "data": 0.00897395690778452}, "simu": {"type": "float", "data": 0.002}}, {"type": "dict", "image_number": {"type": "int", "data": 18}, "Hcamera2end": {"type": "ndarray", "data": [[0.9999881567054052, -0.004474193948126722, -0.0019152121137240596, -0.013650778208965302], [0.0019085442041982218, -0.0014940986540923351, 0.9999970625598019, 0.02848033688138234], [-0.0044770423212909805, -0.9999888745669755, -0.0014855417621137956, 0.03411555873820923], [0.0, 0.0, 0.0, 1.0]]}, "Hobj2base": {"type": "ndarray", "data": [[0.9999863823605344, -0.004888895388400336, 0.0018258683885786474, -0.7339497322692448], [-0.0048870758033303955, -0.9999875584733238, -0.0009996942798822551, 0.0915306182519413], [0.0018307330727431101, 0.0009907575091840874, -0.9999978334056401, 0.0004774652331655866], [0.0, 0.0, 0.0, 1.0]]}, "mean_rme": {"type": "float", "data": 0.0020573660865142803}, "max_rme": {"type": "float", "data": 0.008863069027400361}, "simu": {"type": "float", "data": 0.002}}, {"type": "dict", "image_number": {"type": "int", "data": 19}, "Hcamera2end": {"type": "ndarray", "data": [[0.9999858349034207, -0.005132657853096163, -0.0014091897926200008, -0.013976556675246667], [0.0014060839934630842, -0.0006086636775017862, 0.9999988262274766, 0.028344167549187987], [-0.005133509551164877, -0.9999866425867352, -0.0006014381076708819, 0.034495060115589116], [0.0, 0.0, 0.0, 1.0]]}, "Hobj2base": {"type": "ndarray", "data": [[0.999985315991771, -0.005281209702726676, 0.0012151645624559897, -0.734638056184873], [-0.005280290628692846, -0.9999857716499794, -0.0007583063176474509, 0.09154326065482007], [0.0012191520473516615, 0.0007518787606197864, -0.999998974172781, 0.0009262594790352087], [0.0, 0.0, 0.0, 1.0]]}, "mean_rme": {"type": "float", "data": 0.0020966065364099013}, "max_rme": {"type": "float", "data": 0.008550622145074294}, "simu": {"type": "float", "data": 0.002}}, {"type": "dict", "image_number": {"type": "int", "data": 20}, "Hcamera2end": {"type": "ndarray", "data": [[0.9999881732340272, -0.004651829929872978, -0.0014191090080563566, -0.013965621239679506], [0.0014198141400574703, 0.00014828275655132117, 0.9999989810694969, 0.028556267009062736], [-0.004651614760586005, -0.9999891691866107, 0.00015488573675748185, 0.03458970177956639], [0.0, 0.0, 0.0, 1.0]]}, "Hobj2base": {"type": "ndarray", "data": [[0.999987927757949, -0.004870352131329336, 0.0006511593352549046, -0.7351684131006315], [-0.0048700064343038686, -0.9999880002375428, -0.0005314303804615828, 0.09150891331045988], [0.0006537397745836941, 0.000528252814752948, -0.9999996467865726, 0.0008114448608528835], [0.0, 0.0, 0.0, 1.0]]}, "mean_rme": {"type": "float", "data": 0.002043524622722337}, "max_rme": {"type": "float", "data": 0.00847849580283111}, "simu": {"type": "float", "data": 0.002}}, {"type": "dict", "image_number": {"type": "int", "data": 21}, "Hcamera2end": {"type": "ndarray", "data": [[0.9999846182597244, -0.004664575711958949, -0.0030008294487958863, -0.013694934941355964], [0.003002445234808879, 0.0003394310505099307, 0.9999954350441675, 0.02898119425914388], [-0.004663535843684641, -0.9999890632001878, 0.0003534309625884413, 0.036477088495104955], [0.0, 0.0, 0.0, 1.0]]}, "Hobj2base": {"type": "ndarray", "data": [[0.9999878136743213, -0.004930567267639684, 0.00024901660612167056, -0.7372980506944367], [-0.004930138762515951, -0.9999864135710168, -0.0016930461179751495, 0.09102101028835301], [0.0002573609006471286, 0.001691797799541416, -0.9999985357917143, 0.00042540679437064454], [0.0, 0.0, 0.0, 1.0]]}, "mean_rme": {"type": "float", "data": 0.002090569018321382}, "max_rme": {"type": "float", "data": 0.008585194166374821}, "simu": {"type": "float", "data": 0.002}}, {"type": "dict", "image_number": {"type": "int", "data": 22}, "Hcamera2end": {"type": "ndarray", "data": [[0.9999818463071312, -0.005247524269788066, -0.00296151063127966, -0.013695833998012396], [0.0029635099637420467, 0.0003732702563559176, 0.9999955391290556, 0.029012673573337384], [-0.005246395417426982, -0.9999861619834316, 0.0003888145705808199, 0.03642464170347749], [0.0, 0.0, 0.0, 1.0]]}, "Hobj2base": {"type": "ndarray", "data": [[0.9999853455968083, -0.005413651818584283, 3.107440998633352e-05, -0.7373160799193577], [-0.005413582731807093, -0.9999835286731891, -0.0019066998515311294, 0.09112182823892133], [4.139610726830705e-05, 0.0019065036860934363, -0.9999981817633758, 0.0003594364009734043], [0.0, 0.0, 0.0, 1.0]]}, "mean_rme": {"type": "float", "data": 0.002042026721005321}, "max_rme": {"type": "float", "data": 0.008615644005437628}, "simu": {"type": "float", "data": 0.002}}, {"type": "dict", "image_number": {"type": "int", "data": 23}, "Hcamera2end": {"type": "ndarray", "data": [[0.9999791722099335, -0.005549024274729189, -0.0032959787521549804, -0.013450189400905282], [0.0032973338666926894, 0.0002350768408496684, 0.9999945361491983, 0.02916525112924632], [-0.005548219147415894, -0.9999845764152951, 0.0002533689303867437, 0.036513621981903], [0.0, 0.0, 0.0, 1.0]]}, "Hobj2base": {"type": "ndarray", "data": [[0.999984355329776, -0.005587671424842344, 0.000258889436355871, -0.737327852836604], [-0.005587122113785873, -0.999982236900044, -0.0020760421165420284, 0.09100693053267915], [0.0002704850788883066, 0.002074563190652855, -0.9999978115103003, 0.00017748346028382558], [0.0, 0.0, 0.0, 1.0]]}, "mean_rme": {"type": "float", "data": 0.00201299765379188}, "max_rme": {"type": "float", "data": 0.00861977491333249}, "simu": {"type": "float", "data": 0.002}}, {"type": "dict", "image_number": {"type": "int", "data": 24}, "Hcamera2end": {"type": "ndarray", "data": [[0.99997758780914, -0.0059307937661496665, -0.003106374851347707, -0.013612508544862565], [0.0031043365808597783, -0.000352850599672605, 0.9999951192835128, 0.02891785977080043], [-0.005931860905855855, -0.9999823504351253, -0.00033443151147571903, 0.0359155989687246], [0.0, 0.0, 0.0, 1.0]]}, "Hobj2base": {"type": "ndarray", "data": [[0.9999837077871713, -0.005655533010134771, 0.0007740197623379593, -0.7363898052562551], [-0.005654164743530344, -0.9999824686176424, -0.0017586581304417826, 0.09094361450177135], [0.0007839523418118084, 0.0017542530427582213, -0.9999981540057905, 0.0003677889134335981], [0.0, 0.0, 0.0, 1.0]]}, "mean_rme": {"type": "float", "data": 0.00200924464003286}, "max_rme": {"type": "float", "data": 0.008744084195941304}, "simu": {"type": "float", "data": 0.002}}, {"type": "dict", "image_number": {"type": "int", "data": 25}, "Hcamera2end": {"type": "ndarray", "data": [[0.9999761680551292, -0.0061639836692327045, -0.003109441606698151, -0.013625040054493245], [0.0031045909640433104, -0.0007963453853341296, 0.9999948636612955, 0.02879061699365981], [-0.006166428198399271, -0.9999806853831491, -0.0007771897588726429, 0.03597984649792056], [0.0, 0.0, 0.0, 1.0]]}, "Hobj2base": {"type": "ndarray", "data": [[0.9999824613837647, -0.005787299172614234, 0.0012586076252477027, -0.7362301397952251], [-0.00578513870090537, -0.9999817979191881, -0.001713476150885732, 0.09093826403274186], [0.0012685011150803125, 0.0017061648792030181, -0.9999977399506093, 0.00044165714684944567], [0.0, 0.0, 0.0, 1.0]]}, "mean_rme": {"type": "float", "data": 0.0019846579107447113}, "max_rme": {"type": "float", "data": 0.008861141521446292}, "simu": {"type": "float", "data": 0.002}}, {"type": "dict", "image_number": {"type": "int", "data": 26}, "Hcamera2end": {"type": "ndarray", "data": [[0.9999771565670236, -0.005825596531749556, -0.003427647761890014, -0.013377753764048242], [0.0034225106042368022, -0.0008915657199797256, 0.9999937457463076, 0.028752931460176608], [-0.005828616070235602, -0.9999826336170125, -0.0008716071876520015, 0.03592682068501401], [0.0, 0.0, 0.0, 1.0]]}, "Hobj2base": {"type": "ndarray", "data": [[0.99998298499253, -0.005663256925083118, 0.0013990162364828941, -0.7362379831235908], [-0.005660459873798134, -0.9999819889581154, -0.0019952326653162886, 0.09091924749299608], [0.0014102905539518662, 0.0019872796411481803, -0.9999970308956829, 0.00031610695740517627], [0.0, 0.0, 0.0, 1.0]]}, "mean_rme": {"type": "float", "data": 0.001965491224244155}, "max_rme": {"type": "float", "data": 0.008887693618101378}, "simu": {"type": "float", "data": 0.002}}, {"type": "dict", "image_number": {"type": "int", "data": 27}, "Hcamera2end": {"type": "ndarray", "data": [[0.9999791843093939, -0.005687173647049328, -0.0030474585850265514, -0.01358052754503603], [0.003044426694975364, -0.0005416912174953659, 0.9999952190069331, 0.028616094427173583], [-0.00568879723826274, -0.9999836811801147, -0.0005243657585485284, 0.035548440258779894], [0.0, 0.0, 0.0, 1.0]]}, "Hobj2base": {"type": "ndarray", "data": [[0.9999836771835318, -0.005571677487292684, 0.0012656130845601203, -0.7360533484808724], [-0.005569663891622107, -0.9999832268279585, -0.0015889955560303255, 0.09086192645254067], [0.001274445226981058, 0.0015819205796496563, -0.9999979366561922, 0.00048603218460645606], [0.0, 0.0, 0.0, 1.0]]}, "mean_rme": {"type": "float", "data": 0.001958273314136387}, "max_rme": {"type": "float", "data": 0.008846768765454205}, "simu": {"type": "float", "data": 0.002}}, {"type": "dict", "image_number": {"type": "int", "data": 28}, "Hcamera2end": {"type": "ndarray", "data": [[0.9999790904556858, -0.005680267760767807, -0.0030908266831519023, -0.013477372962535697], [0.0030872514029301073, -0.0006380816225939334, 0.9999950308529628, 0.028732850988428708], [-0.0056822117343872346, -0.9999836635715651, -0.0006205318659846526, 0.03558818224342125], [0.0, 0.0, 0.0, 1.0]]}, "Hobj2base": {"type": "ndarray", "data": [[0.999984382852512, -0.005452899073144098, 0.0012247215107226827, -0.7360742865974953], [-0.005450830762913841, -0.9999837230672284, -0.0016858364685462515, 0.09085037287576182], [0.0012338942721297971, 0.0016791343909028321, -0.9999978290039546, 0.0003197441772259133], [0.0, 0.0, 0.0, 1.0]]}, "mean_rme": {"type": "float", "data": 0.0019124430629671972}, "max_rme": {"type": "float", "data": 0.008893458259014442}, "simu": {"type": "float", "data": 0.002}}, {"type": "dict", "image_number": {"type": "int", "data": 29}, "Hcamera2end": {"type": "ndarray", "data": [[0.9999799867692254, -0.005366852214646684, -0.003350068406157728, -0.013274801687959723], [0.003349240871152166, -0.00016317384870867535, 0.9999943779641375, 0.029063687083553048], [-0.005367368685566334, -0.9999855850319049, -0.00014519570228621603, 0.03576065750340717], [0.0, 0.0, 0.0, 1.0]]}, "Hobj2base": {"type": "ndarray", "data": [[0.9999868029069229, -0.005050613659648719, 0.0009409110754860214, -0.7365001177371264], [-0.005048933770925609, -0.999985671101258, -0.0017792863575869344, 0.09091415395493997], [0.0009498840812485512, 0.0017745122784748031, -0.9999979744111509, 5.316798176305164e-05], [0.0, 0.0, 0.0, 1.0]]}, "mean_rme": {"type": "float", "data": 0.0019558888069539696}, "max_rme": {"type": "float", "data": 0.008829082292731771}, "simu": {"type": "float", "data": 0.002}}, {"type": "dict", "image_number": {"type": "int", "data": 30}, "Hcamera2end": {"type": "ndarray", "data": [[0.9999755042914614, -0.006067196560614538, -0.0034899774973973785, -0.013140693365562759], [0.003488533866163063, -0.0002485070684652424, 0.9999938841691492, 0.029187946155737495], [-0.006068026738743522, -0.999981563515114, -0.0002273353604342887, 0.03581274537019996], [0.0, 0.0, 0.0, 1.0]]}, "Hobj2base": {"type": "ndarray", "data": [[0.9999833261450743, -0.0056869315028080705, 0.001003116103031034, -0.7365404169324964], [-0.005684835646377624, -0.9999816780219457, -0.002079967328599361, 0.09098444820116657], [0.0010149263556856315, 0.0020742300973459076, -0.9999973337434438, -0.00013813104250675243], [0.0, 0.0, 0.0, 1.0]]}, "mean_rme": {"type": "float", "data": 0.0019508687457538195}, "max_rme": {"type": "float", "data": 0.00897329395069818}, "simu": {"type": "float", "data": 0.002}}]}