{"type": "list", "data": [{"type": "dict", "image_number": {"type": "int", "data": 5}, "Hcamera2end": {"type": "ndarray", "data": [[0.999674049758946, 0.0006687469649514794, 0.02552150105392015, -0.014353502294370664], [-0.02548063308542043, -0.03616560547412262, 0.999020913854288, 0.02700190361363539], [0.0015910927422865817, -0.9993455867507433, -0.03613677719025943, 0.03057351015283292], [0.0, 0.0, 0.0, 1.0]]}, "Hobj2base": {"type": "ndarray", "data": [[0.9993627319325586, -0.002240198623961119, 0.0356245917087913, -0.7109511163026621], [-0.0028477408189675622, -0.9998512228086811, 0.01701242546529657, 0.10329389318624001], [0.0355811803699774, -0.01710303359376599, -0.9992204290572568, 0.002118079453172261], [0.0, 0.0, 0.0, 1.0]]}, "mean_rme": {"type": "float", "data": 0.0024921498121111343}, "max_rme": {"type": "float", "data": 0.00805082285253994}, "simu": {"type": "float", "data": 0.002}}, {"type": "dict", "image_number": {"type": "int", "data": 6}, "Hcamera2end": {"type": "ndarray", "data": [[0.9999882599378949, 0.0009222555087013305, -0.004757040167770897, -0.01654739658524955], [0.004784259073915411, -0.03218357222198609, 0.9994705240997086, 0.027950795489965475], [0.0007686686508332199, -0.9994815491662712, -0.03218760669413534, 0.03068117277333799], [0.0, 0.0, 0.0, 1.0]]}, "Hobj2base": {"type": "ndarray", "data": [[0.9994868692274301, 0.0014967028734720735, 0.0319962204402115, -0.7131096637793718], [0.0018212345273931503, -0.9999471726628764, -0.0101160757369171, 0.08398764660807369], [0.03197938940546394, 0.010169157488570635, -0.9994367948445892, -0.004946695992050813], [0.0, 0.0, 0.0, 1.0]]}, "mean_rme": {"type": "float", "data": 0.0026561463821987096}, "max_rme": {"type": "float", "data": 0.009141286153321132}, "simu": {"type": "float", "data": 0.002}}, {"type": "dict", "image_number": {"type": "int", "data": 7}, "Hcamera2end": {"type": "ndarray", "data": [[0.999998519805853, 0.0011906734371461866, -0.0012420478529876914, -0.01623743442695334], [0.0012772708550456632, -0.03005286221819814, 0.9995474946452805, 0.028732304053900988], [0.0011528075580459077, -0.9995476015524525, -0.03005433854660655, 0.03058977373973873], [0.0, 0.0, 0.0, 1.0]]}, "Hobj2base": {"type": "ndarray", "data": [[0.9995955237494414, 0.003803598646711737, 0.028183710497637578, -0.714793905628454], [0.003965164081430631, -0.99997601341969, -0.005678913546752808, 0.08623900313464607], [0.02816143415892107, 0.005788369597640842, -0.9995866287638675, -0.004212617387409031], [0.0, 0.0, 0.0, 1.0]]}, "mean_rme": {"type": "float", "data": 0.002577236990963956}, "max_rme": {"type": "float", "data": 0.00906383059314994}, "simu": {"type": "float", "data": 0.002}}, {"type": "dict", "image_number": {"type": "int", "data": 8}, "Hcamera2end": {"type": "ndarray", "data": [[0.9999999756948379, -0.000182957181980252, 0.00012303248864274066, -0.01634056686707024], [-0.00012705129010712405, -0.02213048490713443, 0.9997550827556441, 0.02930352027487181], [-0.00018018960397841088, -0.9997550740878711, -0.022130507614195327, 0.031242128085653617], [0.0, 0.0, 0.0, 1.0]]}, "Hobj2base": {"type": "ndarray", "data": [[0.9997710345705736, 0.0036080751388259075, 0.021091709923034583, -0.7194731258670156], [0.003685900739433892, -0.9999865378530624, -0.0036521566758279775, 0.08719767088112021], [0.02107824872763128, 0.003729062407407603, -0.9997708745128244, -0.0031142971309078143], [0.0, 0.0, 0.0, 1.0]]}, "mean_rme": {"type": "float", "data": 0.002522708000652153}, "max_rme": {"type": "float", "data": 0.008769563425363863}, "simu": {"type": "float", "data": 0.002}}, {"type": "dict", "image_number": {"type": "int", "data": 9}, "Hcamera2end": {"type": "ndarray", "data": [[0.9999988262518125, -0.0008010643756555634, 0.001306059287865176, -0.016180915810281117], [-0.0013229738688531625, -0.021491183709860584, 0.9997681625071341, 0.029397664847593454], [-0.0007728098988076069, -0.9997687169133743, -0.021492218271858876, 0.03154119457177177], [0.0, 0.0, 0.0, 1.0]]}, "Hobj2base": {"type": "ndarray", "data": [[0.999760289552526, 0.004944367986224732, 0.021328775376615698, -0.7198154779357508], [0.0049864067151302975, -0.9999857279236297, -0.0019182536641533805, 0.08791010963879854], [0.021318986418698137, 0.00202414778747264, -0.9997706755270501, -0.0028568881655780653], [0.0, 0.0, 0.0, 1.0]]}, "mean_rme": {"type": "float", "data": 0.002497412484280506}, "max_rme": {"type": "float", "data": 0.008453544080912645}, "simu": {"type": "float", "data": 0.002}}, {"type": "dict", "image_number": {"type": "int", "data": 10}, "Hcamera2end": {"type": "ndarray", "data": [[0.9999987614727026, -0.001377783481417627, 0.0007607665470276447, -0.015199423123039084], [-0.0007781991199209768, -0.012696596595918486, 0.999919092147465, 0.028614879328517032], [-0.001368012861963607, -0.9999184457482315, -0.012697653060729674, 0.031991505002493405], [0.0, 0.0, 0.0, 1.0]]}, "Hobj2base": {"type": "ndarray", "data": [[0.9999019892155547, 0.0019510998629660376, 0.013863807994251545, -0.7248181005945865], [0.001976859248043263, -0.9999963447879769, -0.0018445699223378447, 0.08954189012834943], [0.013860158378971178, 0.0018717959316393244, -0.99990219141159, -0.0009170150377220965], [0.0, 0.0, 0.0, 1.0]]}, "mean_rme": {"type": "float", "data": 0.0024586845191813676}, "max_rme": {"type": "float", "data": 0.008760028818297044}, "simu": {"type": "float", "data": 0.002}}, {"type": "dict", "image_number": {"type": "int", "data": 11}, "Hcamera2end": {"type": "ndarray", "data": [[0.9999992948098001, -0.0010486932812343902, 0.0005573350020048945, -0.015195755022620595], [-0.0005705770849548381, -0.012669580872796793, 0.9999195748470462, 0.027982629507483227], [-0.001041547739035704, -0.999919187716142, -0.012670170298688, 0.03167574425566791], [0.0, 0.0, 0.0, 1.0]]}, "Hobj2base": {"type": "ndarray", "data": [[0.9999089505837602, 0.0027176060455981984, 0.01321760794789814, -0.7250437298338638], [0.0027405562245840383, -0.9999947679873806, -0.0017185311881002094, 0.0890271485330768], [0.01321286850246023, 0.0017545983145744665, -0.9999111667996767, -0.00027405194644938087], [0.0, 0.0, 0.0, 1.0]]}, "mean_rme": {"type": "float", "data": 0.0025582586117663566}, "max_rme": {"type": "float", "data": 0.008260060546085829}, "simu": {"type": "float", "data": 0.002}}, {"type": "dict", "image_number": {"type": "int", "data": 12}, "Hcamera2end": {"type": "ndarray", "data": [[0.9999998236604106, -8.069710028856935e-05, 0.0005883596906557207, -0.015346875400265922], [-0.0005891577320241846, -0.010274141736493325, 0.9999470460503123, 0.028361782948904624], [-7.464793620454445e-05, -0.9999472163567217, -0.010274187468076068, 0.03142407813125207], [0.0, 0.0, 0.0, 1.0]]}, "Hobj2base": {"type": "ndarray", "data": [[0.999935874231367, 0.0035215953570444576, 0.010763168273936809, -0.7268354247335038], [0.003536842906782103, -0.9999927682332366, -0.0013979354350897924, 0.08883821293403726], [0.01075816747427656, 0.0014359134267696936, -0.9999410982579053, -0.00018647166967503126], [0.0, 0.0, 0.0, 1.0]]}, "mean_rme": {"type": "float", "data": 0.0025970643579070907}, "max_rme": {"type": "float", "data": 0.008355566653496543}, "simu": {"type": "float", "data": 0.002}}, {"type": "dict", "image_number": {"type": "int", "data": 13}, "Hcamera2end": {"type": "ndarray", "data": [[0.9999997044806446, 0.0003559639341891193, 0.0006814163933498859, -0.015319486920215852], [-0.0006771220204000207, -0.011928006302006855, 0.9999286295388431, 0.02797523906167784], [0.0003640664679131491, -0.999928795442624, -0.011927761746031829, 0.031143079640690408], [0.0, 0.0, 0.0, 1.0]]}, "Hobj2base": {"type": "ndarray", "data": [[0.9999203689546319, 0.0038794936842598514, 0.012008550220014708, -0.7259280950235976], [0.003898946438535564, -0.999991123989872, -0.0015969214575334916, 0.08870709216121639], [0.012002248385292576, 0.0016436149871207593, -0.9999266195893934, -0.00010677873478180346], [0.0, 0.0, 0.0, 1.0]]}, "mean_rme": {"type": "float", "data": 0.002572230879522105}, "max_rme": {"type": "float", "data": 0.008213853783193642}, "simu": {"type": "float", "data": 0.002}}, {"type": "dict", "image_number": {"type": "int", "data": 14}, "Hcamera2end": {"type": "ndarray", "data": [[0.9999993884294475, 0.00039692973117366525, 0.00103227298693314, -0.015306471549519092], [-0.001028083824551246, -0.01041312211231138, 0.9999452534671706, 0.028074915657893152], [0.0004076571853132817, -0.9999457031932598, -0.010412707666916488, 0.03121566028448314], [0.0, 0.0, 0.0, 1.0]]}, "Hobj2base": {"type": "ndarray", "data": [[0.999935653422068, 0.003737000336758894, 0.010710921709401201, -0.7268593714032073], [0.003748493635005715, -0.9999924197853467, -0.0010531701266960239, 0.08895023213939404], [0.010706904821197379, 0.0010932521806551257, -0.9999420818171518, 0.00017750096540753276], [0.0, 0.0, 0.0, 1.0]]}, "mean_rme": {"type": "float", "data": 0.0024277058546124932}, "max_rme": {"type": "float", "data": 0.008189416417822754}, "simu": {"type": "float", "data": 0.002}}, {"type": "dict", "image_number": {"type": "int", "data": 15}, "Hcamera2end": {"type": "ndarray", "data": [[0.9999999053391179, 4.025463567517261e-05, -0.0004332451034231524, -0.015083176087214727], [0.000433577953106817, -0.008673431981519375, 0.9999622910829291, 0.02869845502310378], [3.6495395780587254e-05, -0.9999623842711416, -0.008673448614007206, 0.031493570001025685], [0.0, 0.0, 0.0, 1.0]]}, "Hobj2base": {"type": "ndarray", "data": [[0.9999477796925342, 0.003079334786568957, 0.009744515649492308, -0.7278621275252103], [0.0031010675492861503, -0.9999927364847971, -0.0022159326936337384, 0.08865580053275966], [0.009737621271426538, 0.0022460353782113055, -0.9999500657818146, -0.0004036553510079773], [0.0, 0.0, 0.0, 1.0]]}, "mean_rme": {"type": "float", "data": 0.0025484942159340477}, "max_rme": {"type": "float", "data": 0.008567791891703203}, "simu": {"type": "float", "data": 0.002}}, {"type": "dict", "image_number": {"type": "int", "data": 16}, "Hcamera2end": {"type": "ndarray", "data": [[0.9999998800177066, -0.000133657471911361, -0.0004712751347533779, -0.015334131727435226], [0.0004700863079648474, -0.008759339952961964, 0.999961525751092, 0.028993023009943948], [-0.00013778038865720104, -0.999961627313403, -0.008759276071448774, 0.03143224280924457], [0.0, 0.0, 0.0, 1.0]]}, "Hobj2base": {"type": "ndarray", "data": [[0.9999468316867782, 0.002577218959263955, 0.009984575204286299, -0.7278511178073191], [0.0025954664862367044, -0.9999949845695688, -0.0018150452962956021, 0.08859660009825507], [0.009979847358194436, 0.0018408634237208122, -0.9999485056084454, -0.0007641570082635718], [0.0, 0.0, 0.0, 1.0]]}, "mean_rme": {"type": "float", "data": 0.0025497808040036408}, "max_rme": {"type": "float", "data": 0.008830897809924604}, "simu": {"type": "float", "data": 0.002}}, {"type": "dict", "image_number": {"type": "int", "data": 17}, "Hcamera2end": {"type": "ndarray", "data": [[0.9999999198513602, -2.312062154561826e-05, -0.0003997032774836839, -0.015282749589858612], [0.00039946621029092434, -0.009477126450848194, 0.9999550112384965, 0.02902940216324132], [-2.690761988102103e-05, -0.9999550907614161, -0.009477116455362422, 0.031406122799765304], [0.0, 0.0, 0.0, 1.0]]}, "Hobj2base": {"type": "ndarray", "data": [[0.9999398230772588, 0.00276000484879422, 0.010617560805329506, -0.7274406288200508], [0.002777088341610698, -0.9999948725376568, -0.0015945779183416196, 0.08868531024760516], [0.010613105321399901, 0.0016239678658782459, -0.9999423607007591, -0.0008838417760003061], [0.0, 0.0, 0.0, 1.0]]}, "mean_rme": {"type": "float", "data": 0.0024319869041367235}, "max_rme": {"type": "float", "data": 0.008892065004371758}, "simu": {"type": "float", "data": 0.002}}, {"type": "dict", "image_number": {"type": "int", "data": 18}, "Hcamera2end": {"type": "ndarray", "data": [[0.9999967667147065, 0.0022889740264733782, -0.0011077716547485809, -0.014999444341671808], [0.00112859233400788, -0.009114893390026246, 0.9999578216094076, 0.028745890619013406], [0.0022787802606993074, -0.9999558386830862, -0.00911744723751462, 0.03151927705661189], [0.0, 0.0, 0.0, 1.0]]}, "Hobj2base": {"type": "ndarray", "data": [[0.9999412516628239, 0.004495922421375592, 0.009863057566803717, -0.727619549701788], [0.004515903434232152, -0.999987794205494, -0.0020045089679575053, 0.08848713012787153], [0.00985392506353697, 0.0020489318219267414, -0.9999493497368905, -0.0003954923238477638], [0.0, 0.0, 0.0, 1.0]]}, "mean_rme": {"type": "float", "data": 0.0024498695560949903}, "max_rme": {"type": "float", "data": 0.009187175065574205}, "simu": {"type": "float", "data": 0.002}}, {"type": "dict", "image_number": {"type": "int", "data": 19}, "Hcamera2end": {"type": "ndarray", "data": [[0.9999954010444219, 0.0026664542167986814, -0.0014449608698966338, -0.014908255093317562], [0.0014707118495413721, -0.009680830027220422, 0.9999520581191081, 0.02891318921588834], [0.002652337961390762, -0.9999495845050861, -0.009684707091326183, 0.031436545997997625], [0.0, 0.0, 0.0, 1.0]]}, "Hobj2base": {"type": "ndarray", "data": [[0.9999372089912657, 0.00501930997325378, 0.010019211653131518, -0.7273617393399219], [0.005041133569319908, -0.9999849732787591, -0.0021541097965716628, 0.08835757238332367], [0.010008248952445536, 0.0022044827220473345, -0.9999474862255686, -0.0006624118814214916], [0.0, 0.0, 0.0, 1.0]]}, "mean_rme": {"type": "float", "data": 0.0024145763541876275}, "max_rme": {"type": "float", "data": 0.009311004912937376}, "simu": {"type": "float", "data": 0.002}}, {"type": "dict", "image_number": {"type": "int", "data": 20}, "Hcamera2end": {"type": "ndarray", "data": [[0.9999965938156078, 0.002588251295151363, 0.00033661909551292463, -0.015676119566015577], [-0.0003144480178911026, -0.008561685783001538, 0.9999632986560043, 0.02878085110511507], [0.0025910383297745726, -0.9999599984458309, -0.008560842749831377, 0.031267128232400083], [0.0, 0.0, 0.0, 1.0]]}, "Hobj2base": {"type": "ndarray", "data": [[0.9999487614369065, 0.0045592476473789445, 0.009038128218087488, -0.7278279655118272], [0.004562562867130504, -0.9999895315215543, -0.0003462186966641048, 0.08871185465123331], [0.009036455105858803, 0.000387437985111782, -0.9999590953488684, -0.0004266640284546347], [0.0, 0.0, 0.0, 1.0]]}, "mean_rme": {"type": "float", "data": 0.00235900708137837}, "max_rme": {"type": "float", "data": 0.009246143802115442}, "simu": {"type": "float", "data": 0.002}}, {"type": "dict", "image_number": {"type": "int", "data": 21}, "Hcamera2end": {"type": "ndarray", "data": [[0.9999984137516267, 0.0017754515601701827, 0.0001423586594989358, -0.01545543116228284], [-0.00012679978983693016, -0.008760366832413657, 0.999961619210845, 0.029306822512887517], [0.0017766305310171781, -0.9999600510744012, -0.008760127809411156, 0.03130769449501257], [0.0, 0.0, 0.0, 1.0]]}, "Hobj2base": {"type": "ndarray", "data": [[0.9999495019246489, 0.003722160557001675, 0.009334833765761554, -0.7277552482881395], [0.0037309331492082535, -0.999992614509555, -0.00092253139805168, 0.0885670887222471], [0.009331331013453547, 0.0009573124527306558, -0.9999560039393658, -0.0010174634356055585], [0.0, 0.0, 0.0, 1.0]]}, "mean_rme": {"type": "float", "data": 0.0023825540011806865}, "max_rme": {"type": "float", "data": 0.008995627095258335}, "simu": {"type": "float", "data": 0.002}}, {"type": "dict", "image_number": {"type": "int", "data": 22}, "Hcamera2end": {"type": "ndarray", "data": [[0.999998648463094, 0.001522192625403151, 0.0006212902674933942, -0.015587148520860098], [-0.0006082509683990194, -0.008551669347013346, 0.9999632488157445, 0.028954680410782425], [0.0015274497519576235, -0.999962275228916, -0.008550731913978149, 0.031315084691779425], [0.0, 0.0, 0.0, 1.0]]}, "Hobj2base": {"type": "ndarray", "data": [[0.9999525896210578, 0.0035740262741183726, 0.009057861024115075, -0.7278529777555032], [0.003580149304463922, -0.9999933735317537, -0.0006598663046450954, 0.08864190289126082], [0.009055442622976414, 0.0006922635149789575, -0.9999587590146544, -0.0005438038343411384], [0.0, 0.0, 0.0, 1.0]]}, "mean_rme": {"type": "float", "data": 0.002384555633157631}, "max_rme": {"type": "float", "data": 0.008760576543672571}, "simu": {"type": "float", "data": 0.002}}, {"type": "dict", "image_number": {"type": "int", "data": 23}, "Hcamera2end": {"type": "ndarray", "data": [[0.9999987483051065, 0.0014892121045786127, -0.0005344488075973652, -0.014024591718317811], [0.0005447709097445182, -0.006939487181279347, 0.9999757730776864, 0.028376417064538553], [0.0014854672249032747, -0.9999748125652808, -0.0069402897745916015, 0.03123183058906302], [0.0, 0.0, 0.0, 1.0]]}, "Hobj2base": {"type": "ndarray", "data": [[0.9999649669722953, 0.0028419979906736657, 0.007873237930952053, -0.728658044541234], [0.0028527145653951046, -0.9999950194183111, -0.001350243748432328, 0.08986252672156686], [0.007869361327627417, 0.001372656545828129, -0.9999680939741542, -0.00016117159489423876], [0.0, 0.0, 0.0, 1.0]]}, "mean_rme": {"type": "float", "data": 0.0023747542611800144}, "max_rme": {"type": "float", "data": 0.008943689021625095}, "simu": {"type": "float", "data": 0.002}}, {"type": "dict", "image_number": {"type": "int", "data": 24}, "Hcamera2end": {"type": "ndarray", "data": [[0.9999996621179387, 0.00033137124136122236, -0.0007523012089337667, -0.01403190577281861], [0.0007536631763428264, -0.004129327316917397, 0.9999911902850577, 0.02829773531875291], [0.00032826182414244574, -0.9999914193876916, -0.004129575663994078, 0.03154266433830878], [0.0, 0.0, 0.0, 1.0]]}, "Hobj2base": {"type": "ndarray", "data": [[0.999982948982695, 0.0009612949313593757, 0.0057600048548286245, -0.7301755308163457], [0.000968975321738461, -0.9999986450844611, -0.001330757704330842, 0.09020272518835944], [0.0057587177998725024, 0.0013363163161156195, -0.9999825255613242, 0.0004075094841466421], [0.0, 0.0, 0.0, 1.0]]}, "mean_rme": {"type": "float", "data": 0.00241863486076682}, "max_rme": {"type": "float", "data": 0.009053282247321243}, "simu": {"type": "float", "data": 0.002}}, {"type": "dict", "image_number": {"type": "int", "data": 25}, "Hcamera2end": {"type": "ndarray", "data": [[0.9999986250933419, 0.00048424441709528756, -0.0015859756524998331, -0.013646477046001065], [0.0015854109246740875, 0.0011643692732705713, 0.9999980653563265, 0.02876160795061195], [0.00048609014157281586, -0.999999204875454, 0.0011635999459824742, 0.034131393589061136], [0.0, 0.0, 0.0, 1.0]]}, "Hobj2base": {"type": "ndarray", "data": [[0.9999995651074643, 4.2525951252242846e-05, 0.000931652524092334, -0.7358055112194362], [4.4175352056168035e-05, -0.9999984317687012, -0.0017704543703448807, 0.09032121406005171], [0.0009315757727894382, 0.0017704947564657362, -0.9999979987554464, 0.0010727775132184814], [0.0, 0.0, 0.0, 1.0]]}, "mean_rme": {"type": "float", "data": 0.0023832042161808223}, "max_rme": {"type": "float", "data": 0.009172907394242341}, "simu": {"type": "float", "data": 0.002}}, {"type": "dict", "image_number": {"type": "int", "data": 26}, "Hcamera2end": {"type": "ndarray", "data": [[0.9999988087394202, 0.00028728467390520005, -0.0015165708874692232, -0.013961751052619613], [0.0015157073235626786, 0.002982690888431394, 0.9999944030775241, 0.028651151357567243], [0.00029180652816286634, -0.9999955105012124, 0.0029822518957850486, 0.03380811908945539], [0.0, 0.0, 0.0, 1.0]]}, "Hobj2base": {"type": "ndarray", "data": [[0.999999657946559, -0.000632294236583814, -0.0005332079927006827, -0.736402657998355], [-0.0006332045038667047, -0.9999983396711285, -0.001708715026706365, 0.09006623929799139], [-0.0005321266967367073, 0.0017090520719369863, -0.9999983979898137, 0.0014365582895020036], [0.0, 0.0, 0.0, 1.0]]}, "mean_rme": {"type": "float", "data": 0.002431032935240956}, "max_rme": {"type": "float", "data": 0.009032377675726816}, "simu": {"type": "float", "data": 0.002}}, {"type": "dict", "image_number": {"type": "int", "data": 27}, "Hcamera2end": {"type": "ndarray", "data": [[0.9999992989214274, 7.312760026864629e-05, -0.0011818667471196055, -0.014101526435504864], [0.001181600898012869, 0.003534507409681753, 0.9999930555142312, 0.028509023409727767], [7.730440921001748e-05, -0.9999937509353368, 0.0035344185240762105, 0.03376454679170784], [0.0, 0.0, 0.0, 1.0]]}, "Hobj2base": {"type": "ndarray", "data": [[0.9999990305468007, -0.0009605276773794431, -0.0010081131085502922, -0.7365879247551452], [-0.0009619892982936441, -0.9999984854919066, -0.0014503759797766516, 0.09011972582374092], [-0.0010067184554836484, 0.001451344367726913, -0.9999984400575221, 0.001733024148005812], [0.0, 0.0, 0.0, 1.0]]}, "mean_rme": {"type": "float", "data": 0.0024127775329195324}, "max_rme": {"type": "float", "data": 0.008916726281509524}, "simu": {"type": "float", "data": 0.002}}, {"type": "dict", "image_number": {"type": "int", "data": 28}, "Hcamera2end": {"type": "ndarray", "data": [[0.9999993632207851, 0.00018719402423860658, -0.0011128865268758045, -0.014050735775552995], [0.0011123940587505145, 0.0026106363049490655, 0.9999959735706647, 0.028427164965168204], [0.00019009861248544678, -0.9999965747623742, 0.0026104264090297535, 0.033912298402734985], [0.0, 0.0, 0.0, 1.0]]}, "Hobj2base": {"type": "ndarray", "data": [[0.9999997284292841, -0.000733432231379367, -7.223932475498332e-05, -0.7363123309714739], [-0.0007335396107954602, -0.9999986092529849, -0.0014978023018568534, 0.09017297755015462], [-7.114068780394202e-05, 0.001497854885503775, -0.9999988756842404, 0.0016331165017257324], [0.0, 0.0, 0.0, 1.0]]}, "mean_rme": {"type": "float", "data": 0.0023717884361672817}, "max_rme": {"type": "float", "data": 0.008926996443380408}, "simu": {"type": "float", "data": 0.002}}, {"type": "dict", "image_number": {"type": "int", "data": 29}, "Hcamera2end": {"type": "ndarray", "data": [[0.9999997333149818, -0.00011064420755462243, -0.0007218918371616646, -0.014532334995518039], [0.0007222321655082514, 0.0031073398850598455, 0.999994911396822, 0.028837628248032945], [-0.00010840048123184466, -0.9999951660866656, 0.003107418967184472, 0.03404090531301724], [0.0, 0.0, 0.0, 1.0]]}, "Hobj2base": {"type": "ndarray", "data": [[0.9999990769088657, -0.0012433370071441832, -0.0005479913349438884, -0.7365982596109567], [-0.0012439463511039089, -0.9999986068859734, -0.0011130245228502687, 0.08987419357875971], [-0.0005466067069503544, 0.0011137051672487394, -0.9999992304406584, 0.0014875147031994356], [0.0, 0.0, 0.0, 1.0]]}, "mean_rme": {"type": "float", "data": 0.002373844427094763}, "max_rme": {"type": "float", "data": 0.008883235061900141}, "simu": {"type": "float", "data": 0.002}}, {"type": "dict", "image_number": {"type": "int", "data": 30}, "Hcamera2end": {"type": "ndarray", "data": [[0.999999142085814, -0.0004495089169606964, -0.0012303533515411887, -0.013911736073347909], [0.0012318323139773944, 0.0033048467793990177, 0.9999937802691149, 0.02867623561725228], [-0.00044543999182483873, -0.9999944379492808, 0.0033053976637335003, 0.03395273763425969], [0.0, 0.0, 0.0, 1.0]]}, "Hobj2base": {"type": "ndarray", "data": [[0.9999988426833596, -0.001409098274146074, -0.0005736497146683596, -0.7365568932139577], [-0.0014098861811147716, -0.9999980602201055, -0.0013754188388582559, 0.09029009791054189], [-0.0005717105016021135, 0.0013762260278686576, -0.9999988895738947, 0.0014886621018608177], [0.0, 0.0, 0.0, 1.0]]}, "mean_rme": {"type": "float", "data": 0.002357170832764475}, "max_rme": {"type": "float", "data": 0.008888700884752798}, "simu": {"type": "float", "data": 0.002}}]}