{"type": "list", "data": [{"type": "dict", "image_number": {"type": "int", "data": 5}, "Hcamera2end": {"type": "ndarray", "data": [[0.999997852779746, -0.001712571588685176, -0.0011668480839786737, -0.014506347009487984], [0.001143473916323464, -0.013586676568107858, 0.9999070430231185, 0.030744073465778364], [-0.0017282659807287331, -0.9999062302628119, -0.013584689113579351, 0.02966480939578779], [0.0, 0.0, 0.0, 1.0]]}, "Hobj2base": {"type": "ndarray", "data": [[0.9998840632871316, -0.0017293481835255746, 0.015128428182577112, -0.7235373701908687], [-0.0017733621891827735, -0.9999942329332459, 0.002896426556140163, 0.08928863955028891], [0.015123332005918321, -0.002922918936486929, -0.9998813636496728, -0.0021989268169320788], [0.0, 0.0, 0.0, 1.0]]}, "mean_rme": {"type": "float", "data": 0.0010398807890110618}, "max_rme": {"type": "float", "data": 0.003554297142036922}, "simu": {"type": "float", "data": 0.002}}, {"type": "dict", "image_number": {"type": "int", "data": 6}, "Hcamera2end": {"type": "ndarray", "data": [[0.9999858606428894, -0.0022980831677185606, 0.0047955529455911035, -0.014517981344866952], [-0.004778996898234825, 0.007156422035744625, 0.999962972720637, 0.030157695106327802], [-0.002332317076724519, -0.9999717518197206, 0.00714533831620745, 0.03205100775002524], [0.0, 0.0, 0.0, 1.0]]}, "Hobj2base": {"type": "ndarray", "data": [[0.9999828190656307, -0.003392712513444556, -0.004780279840692875, -0.7356789388474608], [-0.00336014532332747, -0.9999712039578754, 0.006804460187458401, 0.0924523027976412], [-0.004803227764778442, -0.0067882808455236015, -0.9999654235253344, 0.0007512255996768117], [0.0, 0.0, 0.0, 1.0]]}, "mean_rme": {"type": "float", "data": 0.001111420651792538}, "max_rme": {"type": "float", "data": 0.0033176618314255946}, "simu": {"type": "float", "data": 0.002}}, {"type": "dict", "image_number": {"type": "int", "data": 7}, "Hcamera2end": {"type": "ndarray", "data": [[0.9999989183924284, 0.0014331567226733796, -0.0003305688756002459, -0.014110907002715927], [0.00032323471832820707, 0.005114699324995864, 0.9999868675988358, 0.03150983458588613], [0.0014348286622892638, -0.9999858928568058, 0.005114230546888754, 0.032145388741642356], [0.0, 0.0, 0.0, 1.0]]}, "Hobj2base": {"type": "ndarray", "data": [[0.9999978168801399, 0.0003554138531726816, -0.002059105618262077, -0.7350744501334676], [0.0003622635180449471, -0.9999943995467657, 0.003327106888295661, 0.09043915787992456], [-0.002057911586458271, -0.003327845563667834, -0.9999923451926049, -0.0015690490845500862], [0.0, 0.0, 0.0, 1.0]]}, "mean_rme": {"type": "float", "data": 0.0014377197757858414}, "max_rme": {"type": "float", "data": 0.0034573598580446008}, "simu": {"type": "float", "data": 0.002}}, {"type": "dict", "image_number": {"type": "int", "data": 8}, "Hcamera2end": {"type": "ndarray", "data": [[0.9999904785775697, 0.004063037516915943, 0.0015920051316180045, -0.013922951969025713], [-0.0016165394768880496, 0.006042300965185543, 0.9999804385082571, 0.03169925299465468], [0.004053338663697747, -0.9999734908112228, 0.006048811494427819, 0.031205582728398053], [0.0, 0.0, 0.0, 1.0]]}, "Hobj2base": {"type": "ndarray", "data": [[0.9999938572002929, 0.003006608127271884, -0.0018016296093377815, -0.7343158533175844], [0.003013022787014986, -0.9999890940357925, 0.003568403447029789, 0.09084371260989495], [-0.0017908811700245212, -0.003573809878108835, -0.9999920102818776, -0.001787065153651013], [0.0, 0.0, 0.0, 1.0]]}, "mean_rme": {"type": "float", "data": 0.0016734992536572661}, "max_rme": {"type": "float", "data": 0.005661006229840282}, "simu": {"type": "float", "data": 0.002}}, {"type": "dict", "image_number": {"type": "int", "data": 9}, "Hcamera2end": {"type": "ndarray", "data": [[0.9999850787209714, 0.00409094694392707, 0.003620288457357133, -0.014543149834758391], [-0.0036474848300699575, 0.00666015119562402, 0.9999711687046112, 0.03171693682790203], [0.004066717328129538, -0.9999694528030111, 0.006674973484568247, 0.03112546887589729], [0.0, 0.0, 0.0, 1.0]]}, "Hobj2base": {"type": "ndarray", "data": [[0.9999943291327232, 0.0025150056928605427, -0.0022397430119719636, -0.7345119377789547], [0.002525477216608902, -0.9999858370519521, 0.00468483301036537, 0.09131863795869657], [-0.002227928908916874, -0.004690462863246948, -0.9999865178545684, -0.0018977098887239653], [0.0, 0.0, 0.0, 1.0]]}, "mean_rme": {"type": "float", "data": 0.0016294062690979769}, "max_rme": {"type": "float", "data": 0.005399778861823967}, "simu": {"type": "float", "data": 0.002}}, {"type": "dict", "image_number": {"type": "int", "data": 10}, "Hcamera2end": {"type": "ndarray", "data": [[0.9999852621860796, 0.002997292767030097, 0.004526770008096819, -0.014432436970999822], [-0.0045489317239983465, 0.007428845435532128, 0.9999620590180737, 0.032718246306942186], [0.0029635503720870406, -0.9999679137310175, 0.007442370430744583, 0.031169277868356042], [0.0, 0.0, 0.0, 1.0]]}, "Hobj2base": {"type": "ndarray", "data": [[0.999993600807133, 0.0021796810369175772, -0.0028367825721607094, -0.7349440527164637], [0.0021940560083130224, -0.9999847194833753, 0.005074142093746833, 0.09163556978017663], [-0.0028256792133570896, -0.005080333683179668, -0.9999831027305666, -0.0028270788059943097], [0.0, 0.0, 0.0, 1.0]]}, "mean_rme": {"type": "float", "data": 0.0015708871947595138}, "max_rme": {"type": "float", "data": 0.005280322078069222}, "simu": {"type": "float", "data": 0.002}}, {"type": "dict", "image_number": {"type": "int", "data": 11}, "Hcamera2end": {"type": "ndarray", "data": [[0.9999796828708865, 0.0036959610063031765, 0.005193622789658478, -0.015367395493535538], [-0.005217913616457088, 0.006593252830484175, 0.9999646505725112, 0.03314949433756786], [0.0036615874880392, -0.9999714340366693, 0.006612404079775924, 0.03172594390344784], [0.0, 0.0, 0.0, 1.0]]}, "Hobj2base": {"type": "ndarray", "data": [[0.9999926421232991, 0.003170790071774554, -0.0021591177791632802, -0.7350521185390498], [0.0031827674302551227, -0.9999794407923035, 0.005566685207211356, 0.09082374381816065], [-0.002141422599224698, -0.005573516217973574, -0.9999821749542432, -0.003028363159515793], [0.0, 0.0, 0.0, 1.0]]}, "mean_rme": {"type": "float", "data": 0.0015468831127811182}, "max_rme": {"type": "float", "data": 0.00531837506508781}, "simu": {"type": "float", "data": 0.002}}, {"type": "dict", "image_number": {"type": "int", "data": 12}, "Hcamera2end": {"type": "ndarray", "data": [[0.9999877812955404, 0.0032073225400489243, 0.003761693999579333, -0.014960126296073784], [-0.003780630982836917, 0.005918819717687818, 0.9999753368971259, 0.03325412772743102], [0.003184978648906553, -0.9999773400709003, 0.00593087310034579, 0.03210447292338954], [0.0, 0.0, 0.0, 1.0]]}, "Hobj2base": {"type": "ndarray", "data": [[0.9999951239221865, 0.002872063578744929, -0.0012261250550365062, -0.7351495761837544], [0.0028766222059329067, -0.9999888967494623, 0.0037324820799784536, 0.09057811132081312], [-0.0012153915152226054, -0.0037359909786659627, -0.9999922825676566, -0.003317989662478251], [0.0, 0.0, 0.0, 1.0]]}, "mean_rme": {"type": "float", "data": 0.001547233094037726}, "max_rme": {"type": "float", "data": 0.005787791815317522}, "simu": {"type": "float", "data": 0.002}}, {"type": "dict", "image_number": {"type": "int", "data": 13}, "Hcamera2end": {"type": "ndarray", "data": [[0.9999871547654346, 0.003775240377060964, 0.003381991162913309, -0.014894060362679607], [-0.003401189809282899, 0.005090627041781648, 0.9999812585364801, 0.03287380275354038], [0.003757953167862165, -0.9999799163365316, 0.005103401960581344, 0.03227061330252078], [0.0, 0.0, 0.0, 1.0]]}, "Hobj2base": {"type": "ndarray", "data": [[0.9999925265464744, 0.0038535112089400775, -0.0003119335845707613, -0.7350419802746371], [0.003854685389946824, -0.9999851383629945, 0.003855444680854005, 0.09043128158204289], [-0.00029707194943393825, -0.003856618273198441, -0.9999925190938936, -0.003058711543277782], [0.0, 0.0, 0.0, 1.0]]}, "mean_rme": {"type": "float", "data": 0.0015199858253703241}, "max_rme": {"type": "float", "data": 0.005778175838778654}, "simu": {"type": "float", "data": 0.002}}, {"type": "dict", "image_number": {"type": "int", "data": 14}, "Hcamera2end": {"type": "ndarray", "data": [[0.9999832407409225, 0.0047315666001310295, 0.0033362426157123, -0.015044593134892299], [-0.003355810116874835, 0.004133630733841542, 0.9999858257172527, 0.03268787108011171], [0.00471770873855634, -0.9999802624924479, 0.004149439696318535, 0.03252793989698205], [0.0, 0.0, 0.0, 1.0]]}, "Hobj2base": {"type": "ndarray", "data": [[0.999990425098494, 0.004354561172289123, 0.00043302232042570027, -0.735008315921697], [0.00435272324606292, -0.9999818803968883, 0.0041584466145527035, 0.0902495014799121], [0.0004511226843978841, -0.0041565219715157704, -0.9999912598685168, -0.00288800349581479], [0.0, 0.0, 0.0, 1.0]]}, "mean_rme": {"type": "float", "data": 0.0015283571698064104}, "max_rme": {"type": "float", "data": 0.005882628644047261}, "simu": {"type": "float", "data": 0.002}}, {"type": "dict", "image_number": {"type": "int", "data": 15}, "Hcamera2end": {"type": "ndarray", "data": [[0.9999799880589073, 0.004926714584048684, 0.003968748557790946, -0.015237215750080461], [-0.003988018143943871, 0.003907601809085559, 0.9999844130582164, 0.032569107747263855], [0.004911129502591048, -0.9999802288703058, 0.003927171437539512, 0.03228128727125312], [0.0, 0.0, 0.0, 1.0]]}, "Hobj2base": {"type": "ndarray", "data": [[0.9999897646306993, 0.004419670864145451, 0.0009680616153494104, -0.7346131276936769], [0.004415069969289659, -0.9999791879005635, 0.004704351485179519, 0.09031470102729046], [0.0009888331531485582, -0.004700029274638397, -0.9999884659003888, -0.002841897851465558], [0.0, 0.0, 0.0, 1.0]]}, "mean_rme": {"type": "float", "data": 0.0015432236734020022}, "max_rme": {"type": "float", "data": 0.005687416830905123}, "simu": {"type": "float", "data": 0.002}}, {"type": "dict", "image_number": {"type": "int", "data": 16}, "Hcamera2end": {"type": "ndarray", "data": [[0.9999899498237305, 0.0032004932114542044, 0.003139601047347396, -0.015332336175864702], [-0.0031514776873854894, 0.00371261392525446, 0.999988142272811, 0.03261489763701427], [0.003188799134310708, -0.9999879865983616, 0.003722662895774609, 0.032662449615506434], [0.0, 0.0, 0.0, 1.0]]}, "Hobj2base": {"type": "ndarray", "data": [[0.9999960763617981, 0.0027722797851236092, 0.0004021514661881509, -0.7350206781393062], [0.0027708315917198854, -0.9999898313368363, 0.0035580493554836228, 0.09017186145633058], [0.00041201128514802975, -0.003556921100998077, -0.9999935892589422, -0.0029762360845280098], [0.0, 0.0, 0.0, 1.0]]}, "mean_rme": {"type": "float", "data": 0.0016367142675072798}, "max_rme": {"type": "float", "data": 0.007302372723085232}, "simu": {"type": "float", "data": 0.002}}, {"type": "dict", "image_number": {"type": "int", "data": 17}, "Hcamera2end": {"type": "ndarray", "data": [[0.999987347183387, 0.00207039252930874, 0.004584642614947806, -0.015216063207225416], [-0.004591927146290802, 0.0035274906954718688, 0.9999832353667119, 0.03174964506718869], [0.002054185535770932, -0.9999916351070982, 0.0035369531544378052, 0.033155302249114386], [0.0, 0.0, 0.0, 1.0]]}, "Hobj2base": {"type": "ndarray", "data": [[0.9999981940237838, 0.0018849847397264064, -0.00024244938030019056, -0.735516948970632], [0.0018860989198194935, -0.9999872679001869, 0.004680456001758111, 0.09092097208945303], [-0.00023362370527220603, -0.004680904832480186, -0.999989017214646, -0.0016610401312545], [0.0, 0.0, 0.0, 1.0]]}, "mean_rme": {"type": "float", "data": 0.0016668713590131245}, "max_rme": {"type": "float", "data": 0.007333866823923868}, "simu": {"type": "float", "data": 0.002}}, {"type": "dict", "image_number": {"type": "int", "data": 18}, "Hcamera2end": {"type": "ndarray", "data": [[0.9999863480807422, 0.002820645116567707, 0.004398592191502642, -0.01496102067788967], [-0.004406955575612956, 0.0029657322898680727, 0.9999858914877446, 0.031619541249077114], [0.002807560274569211, -0.9999916241614784, 0.0029781222596536594, 0.033251273465200175], [0.0, 0.0, 0.0, 1.0]]}, "Hobj2base": {"type": "ndarray", "data": [[0.9999962393779704, 0.0027330696361072423, 0.00022706889060216767, -0.7356409040763356], [0.0027320130721355845, -0.9999860080057128, 0.004529889333317836, 0.09095976736213901], [0.00023944621644736463, -0.004529251942938817, -0.9999897142182748, -0.001667938300267476], [0.0, 0.0, 0.0, 1.0]]}, "mean_rme": {"type": "float", "data": 0.0016609190664855318}, "max_rme": {"type": "float", "data": 0.007325624122051261}, "simu": {"type": "float", "data": 0.002}}, {"type": "dict", "image_number": {"type": "int", "data": 19}, "Hcamera2end": {"type": "ndarray", "data": [[0.9999900449899651, 0.00277581310590118, 0.003493534394943174, -0.014630789284254035], [-0.00349820825669012, 0.001680713805739198, 0.999992468841689, 0.031878392690912145], [0.0027699205693248307, -0.9999947350174923, 0.0016904074465424745, 0.03327554563007798], [0.0, 0.0, 0.0, 1.0]]}, "Hobj2base": {"type": "ndarray", "data": [[0.9999952768884749, 0.0028929731425284297, 0.0010377413642619086, -0.7349992917436616], [0.002888665742666523, -0.9999873054558617, 0.004128503040030655, 0.09121291830675386], [0.001049671839022012, -0.004125485852721674, -0.9999909392367057, -0.0020467630186363772], [0.0, 0.0, 0.0, 1.0]]}, "mean_rme": {"type": "float", "data": 0.0017117731864573194}, "max_rme": {"type": "float", "data": 0.007233012943677369}, "simu": {"type": "float", "data": 0.002}}, {"type": "dict", "image_number": {"type": "int", "data": 20}, "Hcamera2end": {"type": "ndarray", "data": [[0.9999888659503751, 0.0037070446737822497, 0.002919896414152909, -0.014642417737391698], [-0.002923233384909569, 0.0008950711366308983, 0.9999953267661993, 0.03083883084760338], [0.003704413834893519, -0.9999927283072848, 0.00090589772761418, 0.03318053301480467], [0.0, 0.0, 0.0, 1.0]]}, "Hobj2base": {"type": "ndarray", "data": [[0.9999920267484678, 0.0034569539518814387, 0.001998976954908281, -0.7346315954949971], [0.003448650553755349, -0.9999854733222024, 0.004142457474485084, 0.09108506231540495], [0.002013268201151055, -0.00413553067264719, -0.9999894220126555, -0.0011626116982686341], [0.0, 0.0, 0.0, 1.0]]}, "mean_rme": {"type": "float", "data": 0.0018333187824283355}, "max_rme": {"type": "float", "data": 0.007152865376346712}, "simu": {"type": "float", "data": 0.002}}, {"type": "dict", "image_number": {"type": "int", "data": 21}, "Hcamera2end": {"type": "ndarray", "data": [[0.9999857919535572, 0.004404680724892182, 0.003002445458098517, -0.01502529713620018], [-0.0030029628337571567, 0.00011085153191103814, 0.9999954849528856, 0.03068886842341002], [0.0044043280118726755, -0.9999902932027138, 0.0001240770494387311, 0.033483450054226274], [0.0, 0.0, 0.0, 1.0]]}, "Hobj2base": {"type": "ndarray", "data": [[0.9999883742012627, 0.003971854273137609, 0.0027341974962178804, -0.7345703769027893], [0.0039593486944158865, -0.9999817461797196, 0.004564084275534907, 0.09071064188031622], [0.002752275464300918, -0.004553205573122774, -0.9999858465492282, -0.0009838183338361057], [0.0, 0.0, 0.0, 1.0]]}, "mean_rme": {"type": "float", "data": 0.0018357700026879803}, "max_rme": {"type": "float", "data": 0.00708284315054572}, "simu": {"type": "float", "data": 0.002}}, {"type": "dict", "image_number": {"type": "int", "data": 22}, "Hcamera2end": {"type": "ndarray", "data": [[0.9999845031189399, 0.005142230381296525, 0.0021333046365630873, -0.015309713959150761], [-0.002141532308321517, 0.0015950452771320567, 0.9999964348286129, 0.030437482132568253], [0.005138809330878671, -0.9999855065436046, 0.0016060328114034794, 0.03295990637578959], [0.0, 0.0, 0.0, 1.0]]}, "Hobj2base": {"type": "ndarray", "data": [[0.9999866362546502, 0.004856586081371722, 0.001772253859960017, -0.7348306883226008], [0.004850334920558911, -0.9999820605762704, 0.003514651731720121, 0.08962480820410292], [0.0017892912754282073, -0.0035060087380243254, -0.9999922531397236, -0.0009711384308448826], [0.0, 0.0, 0.0, 1.0]]}, "mean_rme": {"type": "float", "data": 0.0018545575616908082}, "max_rme": {"type": "float", "data": 0.006994671457070917}, "simu": {"type": "float", "data": 0.002}}, {"type": "dict", "image_number": {"type": "int", "data": 23}, "Hcamera2end": {"type": "ndarray", "data": [[0.9999864025036899, 0.004719016609344316, 0.002219389548748248, -0.015349528761096336], [-0.0022286095216514676, 0.0019494311740770875, 0.9999956164992412, 0.03025666016300861], [0.004714669376357677, -0.9999869652152162, 0.001959921512042384, 0.03295109920314404], [0.0, 0.0, 0.0, 1.0]]}, "Hobj2base": {"type": "ndarray", "data": [[0.9999883626764833, 0.004543007510807364, 0.0016234513737073803, -0.7348481189819066], [0.004537180231438845, -0.9999833155686615, 0.0035752733958303636, 0.08961854769021546], [0.0016396667812348508, -0.0035678658977377087, -0.9999922908831762, -0.0007373761116129722], [0.0, 0.0, 0.0, 1.0]]}, "mean_rme": {"type": "float", "data": 0.001841071566926556}, "max_rme": {"type": "float", "data": 0.007052242989917162}, "simu": {"type": "float", "data": 0.002}}, {"type": "dict", "image_number": {"type": "int", "data": 24}, "Hcamera2end": {"type": "ndarray", "data": [[0.9999868797006025, 0.004762700200834461, 0.0018860311370087449, -0.015104820496093112], [-0.001894761953391801, 0.0018293189660009146, 0.9999965317286158, 0.030222080303148897], [0.0047592335299682445, -0.9999869850547644, 0.0018383191479243166, 0.03322295060389702], [0.0, 0.0, 0.0, 1.0]]}, "Hobj2base": {"type": "ndarray", "data": [[0.999987295681021, 0.004642317036805107, 0.001964018606865097, -0.7350298311295184], [0.004637394776626382, -0.9999861137000674, 0.002503393041825913, 0.08948808602250428], [0.001975612878081536, -0.0024942533082935063, -0.9999949378142823, -0.0008082493785365], [0.0, 0.0, 0.0, 1.0]]}, "mean_rme": {"type": "float", "data": 0.001818986303623857}, "max_rme": {"type": "float", "data": 0.007087526699862151}, "simu": {"type": "float", "data": 0.002}}, {"type": "dict", "image_number": {"type": "int", "data": 25}, "Hcamera2end": {"type": "ndarray", "data": [[0.9999942813132658, 0.003190482150311079, 0.0011216792827826905, -0.01437635227181888], [-0.0011247970338349607, 0.0009755773205325502, 0.9999988915396478, 0.03023551847625094], [0.003189384328918917, -0.9999944345207827, 0.0009791603863705811, 0.03353649861436571], [0.0, 0.0, 0.0, 1.0]]}, "Hobj2base": {"type": "ndarray", "data": [[0.9999915832596682, 0.003194472993516855, 0.002574636307467475, -0.734932094785221], [0.003188743949854366, -0.9999924378835259, 0.002226227253467314, 0.09003188931697505], [0.0025817284606064732, -0.0022179986599420894, -0.9999942075632735, -0.0008495049563190138], [0.0, 0.0, 0.0, 1.0]]}, "mean_rme": {"type": "float", "data": 0.0018767093348172907}, "max_rme": {"type": "float", "data": 0.007335135927824699}, "simu": {"type": "float", "data": 0.002}}, {"type": "dict", "image_number": {"type": "int", "data": 26}, "Hcamera2end": {"type": "ndarray", "data": [[0.9999946552021638, 0.0028692517688345062, 0.0015674697421557528, -0.014799492823893201], [-0.00157072728524157, 0.0011334273113481341, 0.9999981240774031, 0.030700789782962024], [0.002867469773324806, -0.9999952413570862, 0.001137928065449878, 0.0336947072724941], [0.0, 0.0, 0.0, 1.0]]}, "Hobj2base": {"type": "ndarray", "data": [[0.9999929452797098, 0.0028782449554271327, 0.0024135237284666536, -0.7349962994140463], [0.0028724202146442153, -0.9999929623757771, 0.002413379586439806, 0.08980319993263942], [0.0024204530406138004, -0.0024064299063756983, -0.9999941752341281, -0.0011619996663156684], [0.0, 0.0, 0.0, 1.0]]}, "mean_rme": {"type": "float", "data": 0.0019086635834732583}, "max_rme": {"type": "float", "data": 0.007362157841552142}, "simu": {"type": "float", "data": 0.002}}, {"type": "dict", "image_number": {"type": "int", "data": 27}, "Hcamera2end": {"type": "ndarray", "data": [[0.9999924843198503, 0.0037467520752644985, 0.0009965704693947067, -0.014788016822436398], [-0.0009991771353711038, 0.0006939060341687453, 0.9999992600694603, 0.031250004976098984], [0.0037460577766660254, -0.9999927401452984, 0.0006976444879984722, 0.0335631975101425], [0.0, 0.0, 0.0, 1.0]]}, "Hobj2base": {"type": "ndarray", "data": [[0.9999901515977418, 0.0035499098182072367, 0.0026636155518075153, -0.734841362232391], [0.003544613928567945, -0.9999917371211289, 0.001990326999210837, 0.08956455217725842], [0.002670659024030794, -0.001980865908884637, -0.9999944718600335, -0.0019262109794613374], [0.0, 0.0, 0.0, 1.0]]}, "mean_rme": {"type": "float", "data": 0.0019885911108998575}, "max_rme": {"type": "float", "data": 0.007470618264010409}, "simu": {"type": "float", "data": 0.002}}, {"type": "dict", "image_number": {"type": "int", "data": 28}, "Hcamera2end": {"type": "ndarray", "data": [[0.9999875923205125, 0.004844566587702211, 0.0011599049968712659, -0.015255102375655548], [-0.0011592823342100147, -0.0001313341928375067, 0.9999993194076682, 0.030817939381473917], [0.0048447156257138725, -0.9999882563939975, -0.00012571634282299016, 0.033757416779803394], [0.0, 0.0, 0.0, 1.0]]}, "Hobj2base": {"type": "ndarray", "data": [[0.9999849376263779, 0.004305592531023625, 0.003403879158535779, -0.7347838543838536], [0.004297436270382014, -0.9999878862833229, 0.0023998600196484692, 0.08916310425411754], [0.0034141707442841506, -0.0023851959183043233, -0.9999913271016705, -0.0014626696984448295], [0.0, 0.0, 0.0, 1.0]]}, "mean_rme": {"type": "float", "data": 0.002076621307731505}, "max_rme": {"type": "float", "data": 0.007564002790332314}, "simu": {"type": "float", "data": 0.002}}, {"type": "dict", "image_number": {"type": "int", "data": 29}, "Hcamera2end": {"type": "ndarray", "data": [[0.9999873340682947, 0.00485452518438109, 0.0013286414937885372, -0.015242770171491076], [-0.0013276497406504943, -0.00020751143445751907, 0.9999990971421777, 0.031154761180899677], [0.00485479650973731, -0.9999881951924425, -0.00020106369702976856, 0.03392775563032582], [0.0, 0.0, 0.0, 1.0]]}, "Hobj2base": {"type": "ndarray", "data": [[0.9999837510097357, 0.004573078307107515, 0.0034036261980416637, -0.7349721248184875], [0.00456483084359554, -0.9999866359616278, 0.00242697703252126, 0.0891190963729656], [0.0034146794678698196, -0.0024114006187461964, -0.9999912625174221, -0.0018012354757357828], [0.0, 0.0, 0.0, 1.0]]}, "mean_rme": {"type": "float", "data": 0.002066239577867005}, "max_rme": {"type": "float", "data": 0.007534385733942328}, "simu": {"type": "float", "data": 0.002}}, {"type": "dict", "image_number": {"type": "int", "data": 30}, "Hcamera2end": {"type": "ndarray", "data": [[0.999982358731748, 0.005690553736588682, 0.001702886802079859, -0.015578642921128838], [-0.0016989185392597265, -0.0007021033137388777, 0.9999983103619395, 0.031291616891151126], [0.005691739724079165, -0.9999835621894532, -0.000692423140504328, 0.03419496338417789], [0.0, 0.0, 0.0, 1.0]]}, "Hobj2base": {"type": "ndarray", "data": [[0.9999793071239146, 0.005380100640659139, 0.00352701588771279, -0.735181881563297], [0.005370471525435102, -0.9999818417145445, 0.0027339123580972227, 0.08878558027354179], [0.0035416605667808005, -0.002714914047192849, -0.9999900428915007, -0.0018573811699348019], [0.0, 0.0, 0.0, 1.0]]}, "mean_rme": {"type": "float", "data": 0.0021095787735382885}, "max_rme": {"type": "float", "data": 0.007556778487338045}, "simu": {"type": "float", "data": 0.002}}]}