{"type": "list", "data": [{"type": "dict", "image_number": {"type": "int", "data": 5}, "Hcamera2end": {"type": "ndarray", "data": [[0.9992292594761443, -0.009348419807011515, 0.03812471709886066, -0.015608179524465323], [-0.037982787350832777, 0.014916819118970581, 0.9991670512844354, 0.032242690936395514], [-0.00990933256166634, -0.9998450357702858, 0.014550243080392544, 0.03498912963612065], [0.0, 0.0, 0.0, 1.0]]}, "Hobj2base": {"type": "ndarray", "data": [[0.9998536832891401, -0.012324611389257882, -0.011862376121317372, -0.7417090373166066], [-0.01188279070663583, -0.9992585477102225, 0.03662177102597694, 0.10947496621877792], [-0.01230492983166157, -0.03647545451616155, -0.9992587902639021, 0.007520379334220473], [0.0, 0.0, 0.0, 1.0]]}, "mean_rme": {"type": "float", "data": 0.0019599237656716902}, "max_rme": {"type": "float", "data": 0.0069630678580107075}, "simu": {"type": "float", "data": 0.002}}, {"type": "dict", "image_number": {"type": "int", "data": 6}, "Hcamera2end": {"type": "ndarray", "data": [[0.999967654923424, -0.006304426213754358, -0.004994328489744939, -0.017950646323039245], [0.004876444478908573, -0.018577494516673454, 0.9998155314790459, 0.03132285592740128], [-0.006396045355707944, -0.999807546934708, -0.018546150441787868, 0.03343737210945706], [0.0, 0.0, 0.0, 1.0]]}, "Hobj2base": {"type": "ndarray", "data": [[0.9997771400404065, -0.008382067823209403, 0.01937553074453583, -0.7253576078694449], [-0.008315094365931301, -0.9999591821314577, -0.003534582955839956, 0.08678904693220683], [0.019404366990731572, 0.003372685872294419, -0.9998060289534645, -0.006387952760090891], [0.0, 0.0, 0.0, 1.0]]}, "mean_rme": {"type": "float", "data": 0.002105912719119467}, "max_rme": {"type": "float", "data": 0.00791351694629927}, "simu": {"type": "float", "data": 0.002}}, {"type": "dict", "image_number": {"type": "int", "data": 7}, "Hcamera2end": {"type": "ndarray", "data": [[0.999983623761756, -0.0055522108492800865, -0.0013875024295861614, -0.01761608015331663], [0.0012896639397458904, -0.017586484956668702, 0.9998445140689582, 0.03092479384975291], [-0.0055757488492121044, -0.9998299297888387, -0.017579036470082965, 0.0332594233427117], [0.0, 0.0, 0.0, 1.0]]}, "Hobj2base": {"type": "ndarray", "data": [[0.999805428927721, -0.0059156299886956015, 0.01881780030962224, -0.7262680767158279], [-0.005910261458224743, -0.9999824761476328, -0.00034089169021383873, 0.08826380672414744], [0.018819487138373267, 0.00022960724265361283, -0.9998228714049118, -0.005130591126548535], [0.0, 0.0, 0.0, 1.0]]}, "mean_rme": {"type": "float", "data": 0.002125312852781401}, "max_rme": {"type": "float", "data": 0.007848641015785363}, "simu": {"type": "float", "data": 0.002}}, {"type": "dict", "image_number": {"type": "int", "data": 8}, "Hcamera2end": {"type": "ndarray", "data": [[0.9999828262887757, -0.005370741304650397, -0.002345690804626023, -0.01747404233203873], [0.0022496963428509337, -0.017810407647971038, 0.9998388511384112, 0.031928487116634055], [-0.005411653525249752, -0.9998269572867354, -0.017798019240101937, 0.033238406902076224], [0.0, 0.0, 0.0, 1.0]]}, "Hobj2base": {"type": "ndarray", "data": [[0.999809860454438, -0.004850633793746327, 0.018886881422729526, -0.7261940800190185], [-0.004844208955882553, -0.9999881922867748, -0.0003859101191626827, 0.08821563018193221], [0.01888853032051533, 0.0002943447422513191, -0.9998215524699914, -0.006177220033389268], [0.0, 0.0, 0.0, 1.0]]}, "mean_rme": {"type": "float", "data": 0.002099360094159447}, "max_rme": {"type": "float", "data": 0.008405209768029387}, "simu": {"type": "float", "data": 0.002}}, {"type": "dict", "image_number": {"type": "int", "data": 9}, "Hcamera2end": {"type": "ndarray", "data": [[0.9999819187792515, -0.005904579449718016, -0.0011393226445513918, -0.017626947305866794], [0.001046363495828975, -0.015722815203392138, 0.9998758413950777, 0.03096059661166545], [-0.005921759704768208, -0.9998589545648935, -0.01571635257930537, 0.033325694599404876], [0.0, 0.0, 0.0, 1.0]]}, "Hobj2base": {"type": "ndarray", "data": [[0.9998449655762063, -0.0052100607156760756, 0.016819633743151693, -0.7273268020217665], [-0.005213407835278325, -0.9999863980596031, 0.00015515967218283523, 0.08829264603907237], [0.016818596572183327, -0.00024282322743552105, -0.9998585279159358, -0.004788301104019411], [0.0, 0.0, 0.0, 1.0]]}, "mean_rme": {"type": "float", "data": 0.002126216773766931}, "max_rme": {"type": "float", "data": 0.008002594156248155}, "simu": {"type": "float", "data": 0.002}}, {"type": "dict", "image_number": {"type": "int", "data": 10}, "Hcamera2end": {"type": "ndarray", "data": [[0.9999849858507223, -0.0054193469543976835, 0.0008116352128331918, -0.01763761954789883], [-0.0008825704422761342, -0.013099721703596634, 0.9999138054656025, 0.03152432912612409], [-0.005408247640897256, -0.999899508935711, -0.013104307977857887, 0.03324374560261925], [0.0, 0.0, 0.0, 1.0]]}, "Hobj2base": {"type": "ndarray", "data": [[0.9998866188597306, -0.00449670273547224, 0.014371119989916723, -0.7288318611540777], [-0.004525876619695522, -0.999987761828077, 0.001998157875846443, 0.08930035047610448], [0.014361958991693333, -0.0020629732383892446, -0.9998947335971615, -0.004549080311147663], [0.0, 0.0, 0.0, 1.0]]}, "mean_rme": {"type": "float", "data": 0.0020915008196268374}, "max_rme": {"type": "float", "data": 0.008241773705669808}, "simu": {"type": "float", "data": 0.002}}, {"type": "dict", "image_number": {"type": "int", "data": 11}, "Hcamera2end": {"type": "ndarray", "data": [[0.9999824501842015, -0.005891435871075564, 0.0006247455305722106, -0.017603425041592256], [-0.0006725112034420919, -0.0081091527103474, 0.9999668941375017, 0.03159186357660979], [-0.005886174673097181, -0.9999497650510736, -0.008112972452838818, 0.033510497063009216], [0.0, 0.0, 0.0, 1.0]]}, "Hobj2base": {"type": "ndarray", "data": [[0.999930271621074, -0.005559858999340071, 0.010418246671719197, -0.7312830009704538], [-0.00557937879676258, -0.9999827322016277, 0.001845489314431917, 0.08942780605051252], [0.010407806111163247, -0.0019034879760333287, -0.9999440255861711, -0.003996815562225899], [0.0, 0.0, 0.0, 1.0]]}, "mean_rme": {"type": "float", "data": 0.0021740995211217778}, "max_rme": {"type": "float", "data": 0.008118807199367473}, "simu": {"type": "float", "data": 0.002}}, {"type": "dict", "image_number": {"type": "int", "data": 12}, "Hcamera2end": {"type": "ndarray", "data": [[0.9999846187375554, -0.005470223931407406, 0.0009159358307904496, -0.01769486166688435], [-0.0009728702724076141, -0.010414488530035237, 0.9999452944796984, 0.031487485105719026], [-0.0054603856767570565, -0.9999308051454351, -0.01041965016030022, 0.03335951313294353], [0.0, 0.0, 0.0, 1.0]]}, "Hobj2base": {"type": "ndarray", "data": [[0.9999174206784109, -0.004484145431555819, 0.012043432383766895, -0.7301949360885679], [-0.004510941067171512, -0.9999874085413993, 0.0021986744518024516, 0.08928052817879158], [0.012033421563388097, -0.002252820100487464, -0.9999250579753827, -0.004126755658124805], [0.0, 0.0, 0.0, 1.0]]}, "mean_rme": {"type": "float", "data": 0.0020683840587098407}, "max_rme": {"type": "float", "data": 0.008160014931426318}, "simu": {"type": "float", "data": 0.002}}, {"type": "dict", "image_number": {"type": "int", "data": 13}, "Hcamera2end": {"type": "ndarray", "data": [[0.9999864675736494, -0.004943572784909249, 0.0016204189874443951, -0.017858640491965696], [-0.0016262275264769682, -0.001171174472399894, 0.9999979918651773, 0.03161853005950594], [-0.004941665064195903, -0.9999870946359635, -0.0011791979977096023, 0.0335334200410721], [0.0, 0.0, 0.0, 1.0]]}, "Hobj2base": {"type": "ndarray", "data": [[0.9999736769242751, -0.006162564729678465, 0.0038299157298998248, -0.7348451629811199], [-0.006175130518270444, -0.9999755614712049, 0.0032778382253500445, 0.08971351043633514], [0.0038096222421568414, -0.0033014021720723327, -0.9999872936803103, -0.002789848664246364], [0.0, 0.0, 0.0, 1.0]]}, "mean_rme": {"type": "float", "data": 0.002252294859114386}, "max_rme": {"type": "float", "data": 0.007958504931278865}, "simu": {"type": "float", "data": 0.002}}, {"type": "dict", "image_number": {"type": "int", "data": 14}, "Hcamera2end": {"type": "ndarray", "data": [[0.9999912733508863, -0.0021338227081851902, 0.003591660162495702, -0.018177537672681553], [-0.0035865479659738637, 0.0023948078118817273, 0.999990700741378, 0.03202248048547817], [-0.0021424042010307425, -0.9999948558348659, 0.0023871338557404087, 0.033400164675030715], [0.0, 0.0, 0.0, 1.0]]}, "Hobj2base": {"type": "ndarray", "data": [[0.9999915526788481, -0.004102631797049942, -0.00025096470740350524, -0.7365646017728024], [-0.004101464702022297, -0.9999815246482555, 0.004486462910649534, 0.08976399686060521], [-0.00026936637613577655, -0.004485395689167623, -0.9999899042826719, -0.0024837563794965173], [0.0, 0.0, 0.0, 1.0]]}, "mean_rme": {"type": "float", "data": 0.002336748341634838}, "max_rme": {"type": "float", "data": 0.007746919239404959}, "simu": {"type": "float", "data": 0.002}}, {"type": "dict", "image_number": {"type": "int", "data": 15}, "Hcamera2end": {"type": "ndarray", "data": [[0.9999892948310392, -0.0016343706735348377, 0.004328863109708181, -0.01866810969112864], [-0.004329191852360189, -0.0001976591018102436, 0.9999906094703014, 0.03249137876368602], [-0.0016334996867343637, -0.9999986448807722, -0.0002047324900398273, 0.033249451633354], [0.0, 0.0, 0.0, 1.0]]}, "Hobj2base": {"type": "ndarray", "data": [[0.9999949997035102, -0.002895227700648379, 0.0012720945475917112, -0.7352774839238667], [-0.002901394908370842, -0.999983916423876, 0.004873274171754521, 0.08920870099297265], [0.0012579648493872995, -0.004876940652582134, -0.9999873164067179, -0.003218875197848736], [0.0, 0.0, 0.0, 1.0]]}, "mean_rme": {"type": "float", "data": 0.002286581112454436}, "max_rme": {"type": "float", "data": 0.007810803388392018}, "simu": {"type": "float", "data": 0.002}}, {"type": "dict", "image_number": {"type": "int", "data": 16}, "Hcamera2end": {"type": "ndarray", "data": [[0.9999924731630189, -0.001983461211353508, 0.00333459126912181, -0.018293324182135032], [-0.0033411605113400546, -0.0033179684791873054, 0.9999889138043523, 0.032397697161278646], [-0.0019723751535925395, -0.9999925284554849, -0.003324570567654561, 0.03224070696889528], [0.0, 0.0, 0.0, 1.0]]}, "Hobj2base": {"type": "ndarray", "data": [[0.9999887042789567, -0.00254696677117673, 0.004013013177120038, -0.7325170444632463], [-0.0025628531821747283, -0.999988880702956, 0.003958567166945435, 0.08891393211560593], [0.004002886216198801, -0.003968807215666077, -0.9999841126094076, -0.0036856579217865414], [0.0, 0.0, 0.0, 1.0]]}, "mean_rme": {"type": "float", "data": 0.00222013171658968}, "max_rme": {"type": "float", "data": 0.007439617433142809}, "simu": {"type": "float", "data": 0.002}}, {"type": "dict", "image_number": {"type": "int", "data": 17}, "Hcamera2end": {"type": "ndarray", "data": [[0.999996035659219, -0.0014751023228773447, 0.002398486811108107, -0.018027968226269175], [-0.002403438581024589, -0.0033643383859536247, 0.9999914523185746, 0.03144765998982794], [-0.0014670203929258046, -0.9999932526274175, -0.0033678703664035137, 0.03191573702285271], [0.0, 0.0, 0.0, 1.0]]}, "Hobj2base": {"type": "ndarray", "data": [[0.9999895694511188, -0.0023371193850797345, 0.003924138369874514, -0.7321986494875994], [-0.0023498201158373686, -0.9999920062681458, 0.003235080405723638, 0.08900240635619598], [0.003916546232236119, -0.0032442676813381915, -0.9999870676127878, -0.0027791648960021195], [0.0, 0.0, 0.0, 1.0]]}, "mean_rme": {"type": "float", "data": 0.0022239102896003432}, "max_rme": {"type": "float", "data": 0.007024984661209932}, "simu": {"type": "float", "data": 0.002}}, {"type": "dict", "image_number": {"type": "int", "data": 18}, "Hcamera2end": {"type": "ndarray", "data": [[0.9999957996156876, -0.00222387556740875, 0.0018587975796814833, -0.018579139218164804], [-0.001861453221951958, -0.001192677288551991, 0.9999975562534081, 0.03173422331830035], [-0.0022216531871631097, -0.9999968159441041, -0.001196811919189189, 0.03285104573739784], [0.0, 0.0, 0.0, 1.0]]}, "Hobj2base": {"type": "ndarray", "data": [[0.9999927390370602, -0.002921079798888218, 0.0024472772557490047, -0.7341403481725481], [-0.0029269368452937363, -0.9999928529410873, 0.002393137574098194, 0.08815867159349516], [0.0024402692190906234, -0.00240028322358546, -0.9999941418461336, -0.0027244602163375184], [0.0, 0.0, 0.0, 1.0]]}, "mean_rme": {"type": "float", "data": 0.002231332790788389}, "max_rme": {"type": "float", "data": 0.007368413279856323}, "simu": {"type": "float", "data": 0.002}}, {"type": "dict", "image_number": {"type": "int", "data": 19}, "Hcamera2end": {"type": "ndarray", "data": [[0.9999964046806282, -0.0019918871257392566, 0.0017952747688369315, -0.018567521972660317], [-0.0017983109513688101, -0.00152353184942422, 0.9999972224603557, 0.03180420000250341], [-0.001989146434905007, -0.9999968556132475, -0.0015271084042727257, 0.032968196352507154], [0.0, 0.0, 0.0, 1.0]]}, "Hobj2base": {"type": "ndarray", "data": [[0.999992278779257, -0.002934680685516904, 0.0026134328272891766, -0.7341566000123428], [-0.0029408920952088604, -0.9999928527169153, 0.002376061608964673, 0.08814844316722988], [0.002606441166233511, -0.0023837290868116254, -0.9999937621305879, -0.0028418110085808037], [0.0, 0.0, 0.0, 1.0]]}, "mean_rme": {"type": "float", "data": 0.0021527463696682375}, "max_rme": {"type": "float", "data": 0.007426517900038676}, "simu": {"type": "float", "data": 0.002}}, {"type": "dict", "image_number": {"type": "int", "data": 20}, "Hcamera2end": {"type": "ndarray", "data": [[0.9999945562896668, -0.0022765779428251982, 0.002388427077078035, -0.01868158314758253], [-0.0023900886364063836, -0.0007274085450046375, 0.9999968791716894, 0.03165402176440254], [-0.0022748334757513155, -0.999997144030761, -0.0007328458082742628, 0.032681995244361155], [0.0, 0.0, 0.0, 1.0]]}, "Hobj2base": {"type": "ndarray", "data": [[0.9999915765997023, -0.003422642698769987, 0.0022654462249716636, -0.734093335912951], [-0.0034291692195769067, -0.9999899636070586, 0.002883311224480724, 0.08837705686336293], [0.002255554943952412, -0.0028910555356593767, -0.9999932771122937, -0.0024643466778868695], [0.0, 0.0, 0.0, 1.0]]}, "mean_rme": {"type": "float", "data": 0.0022018471043597624}, "max_rme": {"type": "float", "data": 0.00717616807753918}, "simu": {"type": "float", "data": 0.002}}, {"type": "dict", "image_number": {"type": "int", "data": 21}, "Hcamera2end": {"type": "ndarray", "data": [[0.9999972885400121, -5.1285595820492426e-05, 0.0023281499976153474, -0.018228613260800445], [-0.002328082244357905, 0.0012837537061844984, 0.999996465998498, 0.03153244995209252], [-5.4274185765111616e-05, -0.999999174672764, 0.0012836308282526687, 0.03308209415703396], [0.0, 0.0, 0.0, 1.0]]}, "Hobj2base": {"type": "ndarray", "data": [[0.9999985641426732, -0.0016871051061232308, -0.00015933911286603036, -0.7356416403624976], [-0.0016866325571520224, -0.9999943124928319, 0.0029206596181483233, 0.08862603565813622], [-0.00016426566637870978, -0.0029203866779624237, -0.9999957221700708, -0.0018785318836667094], [0.0, 0.0, 0.0, 1.0]]}, "mean_rme": {"type": "float", "data": 0.0022441129269531027}, "max_rme": {"type": "float", "data": 0.006937654108414015}, "simu": {"type": "float", "data": 0.002}}, {"type": "dict", "image_number": {"type": "int", "data": 22}, "Hcamera2end": {"type": "ndarray", "data": [[0.9999972977153669, 5.364686074448054e-05, 0.0023241523138870057, -0.01843242596074524], [-0.002324223795337689, 0.0013732344602097601, 0.9999963560987941, 0.03125016672484567], [5.0455059212414517e-05, -0.9999990556741198, 0.001373355436649626, 0.033036529109515864], [0.0, 0.0, 0.0, 1.0]]}, "Hobj2base": {"type": "ndarray", "data": [[0.9999984016189135, -0.0017847095670032293, 0.00010757034751212417, -0.7356410131064784], [-0.00178503786939795, -0.9999934979156859, 0.0031333314786755177, 0.08856103829460898], [0.0001019775614140704, -0.003133518487561678, -0.9999950853191553, -0.0015348465432367246], [0.0, 0.0, 0.0, 1.0]]}, "mean_rme": {"type": "float", "data": 0.0021923723655860577}, "max_rme": {"type": "float", "data": 0.006831837682741648}, "simu": {"type": "float", "data": 0.002}}, {"type": "dict", "image_number": {"type": "int", "data": 23}, "Hcamera2end": {"type": "ndarray", "data": [[0.9999979079193061, 1.5611805973305467e-05, 0.0020454616306776518, -0.01830286102731377], [-0.0020454826853661618, 0.0014950532392558058, 0.9999967904030472, 0.030970864095327316], [1.2553681828982163e-05, -0.9999988822854172, 0.0014950820451625768, 0.032980061590722566], [0.0, 0.0, 0.0, 1.0]]}, "Hobj2base": {"type": "ndarray", "data": [[0.9999982431943278, -0.0018554418678444324, 0.0002663526478123551, -0.7356358114226815], [-0.0018562494979625292, -0.9999935810933644, 0.003064654934997279, 0.08866123096441285], [0.0002606646490426866, -0.0030651439679628884, -0.9999952684620048, -0.0012906007694792477], [0.0, 0.0, 0.0, 1.0]]}, "mean_rme": {"type": "float", "data": 0.002131656247454873}, "max_rme": {"type": "float", "data": 0.006717375711392193}, "simu": {"type": "float", "data": 0.002}}, {"type": "dict", "image_number": {"type": "int", "data": 24}, "Hcamera2end": {"type": "ndarray", "data": [[0.9999980724234137, 0.0008779871290691475, 0.001756214126549552, -0.018348143246364124], [-0.0017568929749016337, 0.0007730146952161787, 0.999998157885981, 0.030443126202790185], [0.0008766279323889799, -0.9999993157932069, 0.0007745557345902876, 0.03322522012795313], [0.0, 0.0, 0.0, 1.0]]}, "Hobj2base": {"type": "ndarray", "data": [[0.9999995662343817, -0.0007084488351531444, 0.0006046745376414772, -0.735745724846633], [-0.000710382590088006, -0.9999946154691457, 0.0032038085603639326, 0.08842623544188855], [0.0006024015473101288, -0.0032042367209261413, -0.9999946849755816, -0.0007905727079211902], [0.0, 0.0, 0.0, 1.0]]}, "mean_rme": {"type": "float", "data": 0.002163675256729763}, "max_rme": {"type": "float", "data": 0.006498857458851703}, "simu": {"type": "float", "data": 0.002}}, {"type": "dict", "image_number": {"type": "int", "data": 25}, "Hcamera2end": {"type": "ndarray", "data": [[0.9999978926305977, 0.0015050879364145219, 0.0013962251492022622, -0.017939419045289343], [-0.0013957975305173907, -0.0002851283842895125, 0.9999989852250144, 0.030158758083380085], [0.001505484512509829, -0.9999988267053659, -0.00028302698539395266, 0.033581339044019366], [0.0, 0.0, 0.0, 1.0]]}, "Hobj2base": {"type": "ndarray", "data": [[0.9999991082498774, 0.00021578519577301428, 0.0013179287534967818, -0.7358352620994539], [0.000211916567595138, -0.9999956709535538, 0.0029348195037888786, 0.08850576480946418], [0.001318556338723179, -0.00293453759572545, -0.9999948249357495, -0.0008230541493432853], [0.0, 0.0, 0.0, 1.0]]}, "mean_rme": {"type": "float", "data": 0.002199932907311432}, "max_rme": {"type": "float", "data": 0.007092453783827585}, "simu": {"type": "float", "data": 0.002}}, {"type": "dict", "image_number": {"type": "int", "data": 26}, "Hcamera2end": {"type": "ndarray", "data": [[0.9999978239946475, 0.0016157158596693864, 0.0013196470099095068, -0.018114581841107803], [-0.0013216050416759463, 0.0012113990796926988, 0.9999983929349004, 0.03014257210777807], [0.001614114643935494, -0.9999979609851865, 0.0012135317819078617, 0.032994450819970815], [0.0, 0.0, 0.0, 1.0]]}, "Hobj2base": {"type": "ndarray", "data": [[0.9999999424689271, 0.00026351407967878897, 0.0002135941768841358, -0.7359171127559109], [0.00026289983503721784, -0.999995844973224, 0.0028707002567603546, 0.08823227666733399], [0.00021434975933080555, -0.0028706439377320214, -0.9999958567201983, -0.000647101383321311], [0.0, 0.0, 0.0, 1.0]]}, "mean_rme": {"type": "float", "data": 0.002248184004919703}, "max_rme": {"type": "float", "data": 0.0074730150373372994}, "simu": {"type": "float", "data": 0.002}}, {"type": "dict", "image_number": {"type": "int", "data": 27}, "Hcamera2end": {"type": "ndarray", "data": [[0.9999988444381065, 0.0010541825065908937, 0.0010953637270078394, -0.018101213414065877], [-0.0010970030699204952, 0.0015557647272070874, 0.9999981880885472, 0.029938310382799392], [0.0010524764682555965, -0.9999982341461188, 0.0015569193708706575, 0.03295889908881904], [0.0, 0.0, 0.0, 1.0]]}, "Hobj2base": {"type": "ndarray", "data": [[0.9999999940026616, -7.593238877731631e-05, 7.892369148984256e-05, -0.7357833563297469], [-7.615346829605223e-05, -0.999996063185306, 0.002804962484429724, 0.08812998016353814], [7.871039328002069e-05, -0.0028049684779202525, -0.999996062970506, -0.0004627643734265472], [0.0, 0.0, 0.0, 1.0]]}, "mean_rme": {"type": "float", "data": 0.0023035257636567657}, "max_rme": {"type": "float", "data": 0.007814071416642171}, "simu": {"type": "float", "data": 0.002}}, {"type": "dict", "image_number": {"type": "int", "data": 28}, "Hcamera2end": {"type": "ndarray", "data": [[0.9999990392705016, 0.0008835863156506838, 0.0010680511675908938, -0.018104124480501606], [-0.0010695285914051383, 0.0016732970625383814, 0.9999980280908219, 0.02993227160258146], [0.000881797406417348, -0.9999982096744789, 0.001674240475780131, 0.032932050863333645], [0.0, 0.0, 0.0, 1.0]]}, "Hobj2base": {"type": "ndarray", "data": [[0.9999999784487035, -0.00020374804599603648, -3.986635667853094e-05, -0.7357532822732019], [-0.00020364218438648012, -0.9999965006914515, 0.002637638093649809, 0.08813968707259126], [-4.040363078147407e-05, -0.0026376299183333307, -0.9999965206319277, -0.0004517740546528616], [0.0, 0.0, 0.0, 1.0]]}, "mean_rme": {"type": "float", "data": 0.0022467883011786293}, "max_rme": {"type": "float", "data": 0.007900713723035385}, "simu": {"type": "float", "data": 0.002}}, {"type": "dict", "image_number": {"type": "int", "data": 29}, "Hcamera2end": {"type": "ndarray", "data": [[0.9999988670692155, 0.0009127154844252555, 0.0011970007226302962, -0.01813097090070811], [-0.001198347758278552, 0.0014767391171972566, 0.9999981916004796, 0.03020247758253868], [0.0009109461760805901, -0.9999984930948767, 0.0014778311947087897, 0.03302665979034113], [0.0, 0.0, 0.0, 1.0]]}, "Hobj2base": {"type": "ndarray", "data": [[0.9999999911052629, -0.00013180338409244277, 2.0428948264284154e-05, -0.7357358926631453], [-0.00013185974015290548, -0.9999961169944893, 0.0027836323307550205, 0.08828719186483504], [2.0061976777302816e-05, -0.002783634999751152, -0.9999961254793468, -0.0006859549093604242], [0.0, 0.0, 0.0, 1.0]]}, "mean_rme": {"type": "float", "data": 0.002235800927423199}, "max_rme": {"type": "float", "data": 0.007873655448112388}, "simu": {"type": "float", "data": 0.002}}, {"type": "dict", "image_number": {"type": "int", "data": 30}, "Hcamera2end": {"type": "ndarray", "data": [[0.9999991768363723, 0.0009875863557701112, 0.0008191457549177618, -0.017848547493459137], [-0.0008202135457921709, 0.0010812929007255612, 0.9999990790272769, 0.03062158423959265], [0.000986699709740564, -0.9999989277388514, 0.0010821020423512628, 0.033223920744855806], [0.0, 0.0, 0.0, 1.0]]}, "Hobj2base": {"type": "ndarray", "data": [[0.9999999641302327, 0.0001609677953074998, 0.00021407686035825082, -0.7357114787417822], [0.0001604063840271169, -0.9999965551596364, 0.0026199119551054383, 0.08846714163736867], [0.0002144978443489544, -0.002619877521834732, -0.9999965451102546, -0.001102267856553892], [0.0, 0.0, 0.0, 1.0]]}, "mean_rme": {"type": "float", "data": 0.002265309412979967}, "max_rme": {"type": "float", "data": 0.007812553822006435}, "simu": {"type": "float", "data": 0.002}}]}