{"type": "list", "data": [{"type": "dict", "image_number": {"type": "int", "data": 5}, "Hcamera2end": {"type": "ndarray", "data": [[0.9992532479148346, -0.001072915291275834, -0.038623767092707845, -0.010605287219301351], [0.0386368557253034, 0.01806896929400925, 0.9990899387584253, 0.023956403334759915], [-0.0003740472110366523, -0.9998361671801184, 0.018096930326826688, 0.03428534262963601], [0.0, 0.0, 0.0, 1.0]]}, "Hobj2base": {"type": "ndarray", "data": [[0.999857192364797, -0.0004967592226003979, -0.016892249899293707, -0.7440661757576045], [-0.0010930139771291075, -0.9993759283229062, -0.035306645396803484, 0.0753789472750628], [-0.01686416902284922, 0.0353200668035125, -0.9992337527746771, 0.00026853625236800127], [0.0, 0.0, 0.0, 1.0]]}, "mean_rme": {"type": "float", "data": 0.001200738945580905}, "max_rme": {"type": "float", "data": 0.004849583677203867}, "simu": {"type": "float", "data": 0.002}}, {"type": "dict", "image_number": {"type": "int", "data": 6}, "Hcamera2end": {"type": "ndarray", "data": [[0.9999694407648697, -0.000900798721085404, -0.0077657001009394985, -0.009113134849240409], [0.007766244305195099, 0.0006022187534405754, 0.999969660930753, 0.02350576561621543], [-0.000896094741456245, -0.9999994129469464, 0.0006091961730338991, 0.03336772609736158], [0.0, 0.0, 0.0, 1.0]]}, "Hobj2base": {"type": "ndarray", "data": [[0.9999994910836353, -0.000996558276741017, -0.00015717528902257558, -0.7351489844119286], [-0.0009975173141835818, -0.999980130340407, -0.0062244584978153415, 0.0913823856087096], [-0.0001509691303688574, 0.006224612115158712, -0.99998061551829, 0.0029909975899729546], [0.0, 0.0, 0.0, 1.0]]}, "mean_rme": {"type": "float", "data": 0.0015777093608165527}, "max_rme": {"type": "float", "data": 0.005125679014692269}, "simu": {"type": "float", "data": 0.002}}, {"type": "dict", "image_number": {"type": "int", "data": 7}, "Hcamera2end": {"type": "ndarray", "data": [[0.9999663857230681, -0.0007306131199375423, -0.008166616705421178, -0.008941829057495626], [0.008165326657113977, -0.0017516004362938542, 0.9999651290602558, 0.023781519583040422], [-0.0007448922921557215, -0.9999981990485685, -0.0017455758627273887, 0.03329509628448416], [0.0, 0.0, 0.0, 1.0]]}, "Hobj2base": {"type": "ndarray", "data": [[0.9999959707477224, -0.001131043804714299, 0.002603695111197259, -0.733888448002291], [-0.0011127223524701338, -0.9999746881592391, -0.007027438352467716, 0.09146287265517228], [0.0026115775474927863, 0.007024512847396482, -0.9999719175466726, 0.002254515339256548], [0.0, 0.0, 0.0, 1.0]]}, "mean_rme": {"type": "float", "data": 0.001420552814807872}, "max_rme": {"type": "float", "data": 0.004748199619683258}, "simu": {"type": "float", "data": 0.002}}, {"type": "dict", "image_number": {"type": "int", "data": 8}, "Hcamera2end": {"type": "ndarray", "data": [[0.9999921489007012, -0.0014503607115127163, -0.0036876267116158342, -0.008794467390745695], [0.003684911616224121, -0.0018702520814435353, 0.9999914617553155, 0.02335638552282477], [-0.001457245119511066, -0.9999971993015574, -0.0018648929468751962, 0.03334279406731113], [0.0, 0.0, 0.0, 1.0]]}, "Hobj2base": {"type": "ndarray", "data": [[0.9999952673467243, -0.0012230636001212614, 0.0028230125014875335, -0.733857740340849], [-0.0012144535666797987, -0.9999946123633412, -0.003049647000248223, 0.09360386558492614], [0.002826727204361114, 0.0030462041497251444, -0.9999913650895147, 0.0033395783968951515], [0.0, 0.0, 0.0, 1.0]]}, "mean_rme": {"type": "float", "data": 0.0017036243549034766}, "max_rme": {"type": "float", "data": 0.005267423533686921}, "simu": {"type": "float", "data": 0.002}}, {"type": "dict", "image_number": {"type": "int", "data": 9}, "Hcamera2end": {"type": "ndarray", "data": [[0.9999876605870532, -0.0018394648805310436, -0.004614655196849005, -0.009378049689878687], [0.0046074927760692014, -0.0038791559958377686, 0.9999818614150351, 0.02331689746607082], [-0.0018573324826165981, -0.9999907842163913, -0.003870632808181007, 0.03323347643415938], [0.0, 0.0, 0.0, 1.0]]}, "Hobj2base": {"type": "ndarray", "data": [[0.9999905158397444, -0.0006933909941298482, 0.00429970225610502, -0.7329296765814571], [-0.0006768665718667095, -0.9999923849582437, -0.0038434199831721455, 0.09251917518844949], [0.004302334506495791, 0.003840473206834958, -0.9999833702033956, 0.002886150414486107], [0.0, 0.0, 0.0, 1.0]]}, "mean_rme": {"type": "float", "data": 0.0016521082637026856}, "max_rme": {"type": "float", "data": 0.005534138811400635}, "simu": {"type": "float", "data": 0.002}}, {"type": "dict", "image_number": {"type": "int", "data": 10}, "Hcamera2end": {"type": "ndarray", "data": [[0.9999941904462227, -6.3207616617924275e-06, -0.0034086703935158683, -0.009015932586623143], [0.003408672392518407, 0.003359490297768608, 0.9999885473231479, 0.023626094494980324], [5.130705843155734e-06, -0.9999943568765711, 0.0033594923260348297, 0.03348110838040914], [0.0, 0.0, 0.0, 1.0]]}, "Hobj2base": {"type": "ndarray", "data": [[0.9999982798478029, -0.00017423483738098036, -0.0018466032754142845, -0.7366087798175198], [-0.00017955444563296842, -0.9999958338513899, -0.0028809790116103864, 0.09346460990945071], [-0.0018460936152810286, 0.002881305621715431, -0.9999941449909988, 0.0037747573318647476], [0.0, 0.0, 0.0, 1.0]]}, "mean_rme": {"type": "float", "data": 0.001782437737429204}, "max_rme": {"type": "float", "data": 0.006053509462609741}, "simu": {"type": "float", "data": 0.002}}, {"type": "dict", "image_number": {"type": "int", "data": 11}, "Hcamera2end": {"type": "ndarray", "data": [[0.9999889591499697, 0.000620305491702338, -0.004657982316119577, -0.008169595931698524], [0.004655685201773924, 0.0036545369804513728, 0.9999824843239808, 0.02424618910548472], [0.0006373173952608597, -0.9999931297666778, 0.0036516086841582585, 0.03355074190886427], [0.0, 0.0, 0.0, 1.0]]}, "Hobj2base": {"type": "ndarray", "data": [[0.9999978629477791, 0.00032742765792587966, -0.0020412964026908505, -0.736744162700782], [0.00031885925222776575, -0.9999911440511886, -0.004196444682465952, 0.09382652804764903], [-0.002042652357128394, 0.004195784828199987, -0.9999891114212314, 0.0031857656616153906], [0.0, 0.0, 0.0, 1.0]]}, "mean_rme": {"type": "float", "data": 0.001862416010632129}, "max_rme": {"type": "float", "data": 0.005830545869144166}, "simu": {"type": "float", "data": 0.002}}, {"type": "dict", "image_number": {"type": "int", "data": 12}, "Hcamera2end": {"type": "ndarray", "data": [[0.9999882387315616, 0.0018430845729157797, -0.00448613840696687, -0.008297537085570484], [0.0044818384476184745, 0.0023305666903203903, 0.999987240710116, 0.024208527586779393], [0.0018535163012048772, -0.9999955857393368, 0.0023222788725988375, 0.033339064956158425], [0.0, 0.0, 0.0, 1.0]]}, "Hobj2base": {"type": "ndarray", "data": [[0.999998106644069, 0.001449103332624856, -0.0012987716537742348, -0.7362391659843709], [0.001443403409123322, -0.9999893706446621, -0.004378947852124852, 0.09360375817991207], [-0.0013051033965947284, 0.004377064909785234, -0.9999895689495466, 0.003066389717386491], [0.0, 0.0, 0.0, 1.0]]}, "mean_rme": {"type": "float", "data": 0.0018144460798582421}, "max_rme": {"type": "float", "data": 0.006302797178900477}, "simu": {"type": "float", "data": 0.002}}, {"type": "dict", "image_number": {"type": "int", "data": 13}, "Hcamera2end": {"type": "ndarray", "data": [[0.9999891291269112, 0.0019910204604693463, -0.004216333185105042, -0.008251886745015077], [0.004212745254104055, 0.001802824753630139, 0.9999895012450539, 0.02442633822380861], [0.0019986008670690985, -0.999996392823711, 0.0017944174933554047, 0.03333968162534171], [0.0, 0.0, 0.0, 1.0]]}, "Hobj2base": {"type": "ndarray", "data": [[0.9999985545173687, 0.0015439279644008615, -0.0007122145840836858, -0.7359599805135549], [0.001540902063463158, -0.9999898673983767, -0.004229742475366451, 0.09383495577659273], [-0.0007187377851869672, 0.004228638908424925, -0.9999908009721781, 0.0028107158174911326], [0.0, 0.0, 0.0, 1.0]]}, "mean_rme": {"type": "float", "data": 0.0017614996034491482}, "max_rme": {"type": "float", "data": 0.006380403406569257}, "simu": {"type": "float", "data": 0.002}}, {"type": "dict", "image_number": {"type": "int", "data": 14}, "Hcamera2end": {"type": "ndarray", "data": [[0.9999863952453946, 0.0019767340227315666, -0.00482719864155081, -0.008552304551528389], [0.0048283908469022195, -0.0005987912927261085, 0.9999881639753628, 0.02413931775430577], [0.0019738201415441517, -0.9999978669835207, -0.000608327590779556, 0.03316323380044212], [0.0, 0.0, 0.0, 1.0]]}, "Hobj2base": {"type": "ndarray", "data": [[0.9999972757063101, 0.0022004181029133887, 0.0007789352542060991, -0.7348493173915646], [0.002204161894797825, -0.9999858651226354, -0.0048385147799888135, 0.09306336920261864], [0.0007682774885387045, 0.004840218497859365, -0.9999879909451881, 0.0026856431856144597], [0.0, 0.0, 0.0, 1.0]]}, "mean_rme": {"type": "float", "data": 0.0018249504483061803}, "max_rme": {"type": "float", "data": 0.007031353507181037}, "simu": {"type": "float", "data": 0.002}}, {"type": "dict", "image_number": {"type": "int", "data": 15}, "Hcamera2end": {"type": "ndarray", "data": [[0.9999862113146917, 0.0022513022948938343, -0.004744345947109152, -0.008735156428774878], [0.004750467266547107, -0.0027215001819085316, 0.9999850131364515, 0.023876228473980285], [0.00223835681657544, -0.9999937625179153, -0.0027321573938579036, 0.033035317522195184], [0.0, 0.0, 0.0, 1.0]]}, "Hobj2base": {"type": "ndarray", "data": [[0.9999925054214885, 0.002958354129604752, 0.0024974470360922254, -0.7338475884323004], [0.002971282709408569, -0.9999821228322305, -0.0051889782237969214, 0.09272620597803201], [0.002482051553655767, 0.0051963599557882335, -0.9999834184941745, 0.002608689781497279], [0.0, 0.0, 0.0, 1.0]]}, "mean_rme": {"type": "float", "data": 0.0018682024430857261}, "max_rme": {"type": "float", "data": 0.007529344929352477}, "simu": {"type": "float", "data": 0.002}}, {"type": "dict", "image_number": {"type": "int", "data": 16}, "Hcamera2end": {"type": "ndarray", "data": [[0.9999845288824961, 0.002421545218241385, -0.005007805348487427, -0.008620745076432103], [0.0050200454584660575, -0.0050752896247705515, 0.9999745199647938, 0.024229862077652358], [0.0023960674546559214, -0.9999841886519911, -0.005087367371443774, 0.032884897129944496], [0.0, 0.0, 0.0, 1.0]]}, "Hobj2base": {"type": "ndarray", "data": [[0.999984741602444, 0.003789520444813331, 0.0040194647767756025, -0.7327409778804808], [0.0038115322483382613, -0.9999777050260992, -0.005482852602002164, 0.0927124589089382], [0.003998597780882124, 0.005498089262075162, -0.9999768908481097, 0.0020095341456128277], [0.0, 0.0, 0.0, 1.0]]}, "mean_rme": {"type": "float", "data": 0.002049470075637528}, "max_rme": {"type": "float", "data": 0.008084675866872781}, "simu": {"type": "float", "data": 0.002}}, {"type": "dict", "image_number": {"type": "int", "data": 17}, "Hcamera2end": {"type": "ndarray", "data": [[0.9999617271667698, 0.003193877377561971, -0.008145142659750257, -0.007153582710723316], [0.008150312530115267, -0.0016090205864807139, 0.999965491133776, 0.02374132807851005], [0.0031806614582554535, -0.9999936050795771, -0.001634990103513978, 0.03528796681425228], [0.0, 0.0, 0.0, 1.0]]}, "Hobj2base": {"type": "ndarray", "data": [[0.9999945849873231, 0.003159156577243087, 0.0009218057018683941, -0.7371200399865386], [0.0031668692976872287, -0.9999589527165473, -0.008489041222443603, 0.09279199319509791], [0.0008949496538360911, 0.008491914492353448, -0.9999635425621132, 0.003279338722244791], [0.0, 0.0, 0.0, 1.0]]}, "mean_rme": {"type": "float", "data": 0.0020816291990597984}, "max_rme": {"type": "float", "data": 0.007761070933270331}, "simu": {"type": "float", "data": 0.002}}, {"type": "dict", "image_number": {"type": "int", "data": 18}, "Hcamera2end": {"type": "ndarray", "data": [[0.9999741823042235, 0.0011462343475748967, -0.007093720590777472, -0.00874198697069996], [0.007094573305201329, -0.0007415811347171175, 0.9999745582198767, 0.024866132173508255], [0.0011409446159675804, -0.9999990681016862, -0.0007496940324047685, 0.03566836932927098], [0.0, 0.0, 0.0, 1.0]]}, "Hobj2base": {"type": "ndarray", "data": [[0.9999992356114746, 0.000569037036092787, 0.0010977127665826516, -0.7372692234959398], [0.0005773383509379229, -0.9999711279201084, -0.007576939132251693, 0.09202117509365687], [0.001093369514345485, 0.007577567092204825, -0.9999706920805567, 0.0027382254075339185], [0.0, 0.0, 0.0, 1.0]]}, "mean_rme": {"type": "float", "data": 0.0021892103107736365}, "max_rme": {"type": "float", "data": 0.008760213904896064}, "simu": {"type": "float", "data": 0.002}}, {"type": "dict", "image_number": {"type": "int", "data": 19}, "Hcamera2end": {"type": "ndarray", "data": [[0.9999742174056003, 0.0007563034820146203, -0.007140905341773285, -0.00912370299511734], [0.0071418593520185935, -0.0012663137742625619, 0.9999736948012286, 0.025130439656884277], [0.0007472409605062012, -0.9999989122266422, -0.0012716825385039598, 0.035758503230497646], [0.0, 0.0, 0.0, 1.0]]}, "Hobj2base": {"type": "ndarray", "data": [[0.9999983957537077, 0.0002913068015824159, 0.0017673795173469122, -0.7369723687430177], [0.00030426938333782684, -0.9999730264030358, -0.007338520729327723, 0.09180298436196949], [0.0017651940837621225, 0.007339046716008919, -0.9999715108357565, 0.002271330891033608], [0.0, 0.0, 0.0, 1.0]]}, "mean_rme": {"type": "float", "data": 0.0022110104876363547}, "max_rme": {"type": "float", "data": 0.00873270473598936}, "simu": {"type": "float", "data": 0.002}}, {"type": "dict", "image_number": {"type": "int", "data": 20}, "Hcamera2end": {"type": "ndarray", "data": [[0.999969809092637, -0.0005361266064993989, -0.007751997903574427, -0.009054011849412215], [0.007750529421858518, -0.0026889427904410734, 0.999966348873976, 0.024994589565255895], [-0.0005569532441097309, -0.9999962410704007, -0.0026847063437809293, 0.036388173123686834], [0.0, 0.0, 0.0, 1.0]]}, "Hobj2base": {"type": "ndarray", "data": [[0.9999921146461338, -0.00030709013001692663, 0.003959335955149879, -0.7363628586370797], [-0.0002758282643105646, -0.9999688049255013, -0.007893864366244655, 0.09168240544515363], [0.003961636571204361, 0.007892710023566422, -0.9999610045217568, 0.0019436867247601714], [0.0, 0.0, 0.0, 1.0]]}, "mean_rme": {"type": "float", "data": 0.0022318153784566448}, "max_rme": {"type": "float", "data": 0.008484075573629069}, "simu": {"type": "float", "data": 0.002}}, {"type": "dict", "image_number": {"type": "int", "data": 21}, "Hcamera2end": {"type": "ndarray", "data": [[0.9999680109345841, -0.0011213579907059694, -0.00791957472268282, -0.009014774999973047], [0.007916882925332793, -0.0023849085351199673, 0.9999658170037742, 0.02498163309497409], [-0.0011402071206806515, -0.9999965273777383, -0.002375954584195039, 0.036458875087763055], [0.0, 0.0, 0.0, 1.0]]}, "Hobj2base": {"type": "ndarray", "data": [[0.9999923679972815, -0.0005574387287041417, 0.0038669379686400323, -0.7364063377180831], [-0.0005260960700963773, -0.9999670432793786, -0.008101578736463099, 0.0916748764708882], [0.003871326660797089, 0.00809948252432355, -0.9999597047945104, 0.0019596363956137695], [0.0, 0.0, 0.0, 1.0]]}, "mean_rme": {"type": "float", "data": 0.0022085027547531664}, "max_rme": {"type": "float", "data": 0.008242074324683824}, "simu": {"type": "float", "data": 0.002}}, {"type": "dict", "image_number": {"type": "int", "data": 22}, "Hcamera2end": {"type": "ndarray", "data": [[0.9999631695445563, -0.0009965092277457563, -0.008524466186454333, -0.00893178845997296], [0.008523405739024584, -0.0010636090416542565, 0.9999631094647514, 0.025450998806625512], [-0.0010055391652981547, -0.9999989378520187, -0.0010550762159780014, 0.03612337234504028], [0.0, 0.0, 0.0, 1.0]]}, "Hobj2base": {"type": "ndarray", "data": [[0.999995469541076, -0.000599875833264623, 0.0029497536011554183, -0.736529538571752], [-0.0005749701326473711, -0.9999642431966458, -0.008436927017858578, 0.09156688829317457], [0.0029547092360209908, 0.008435192774487945, -0.999960057810404, 0.0016259565516773293], [0.0, 0.0, 0.0, 1.0]]}, "mean_rme": {"type": "float", "data": 0.0023866499561304684}, "max_rme": {"type": "float", "data": 0.007769560125889197}, "simu": {"type": "float", "data": 0.002}}, {"type": "dict", "image_number": {"type": "int", "data": 23}, "Hcamera2end": {"type": "ndarray", "data": [[0.9999649332345582, -6.52532151583108e-05, -0.008374248815474087, -0.009147224241707276], [0.008374172266469564, -0.0010962979243815951, 0.999964335048862, 0.02467923931429294], [-7.443155950023934e-05, -0.9999993969362576, -0.0010957130390947256, 0.035703143501689495], [0.0, 0.0, 0.0, 1.0]]}, "Hobj2base": {"type": "ndarray", "data": [[0.9999969428163177, 0.00040860572668172584, 0.0024387290497887384, -0.7361302949171595], [0.0004283502126975691, -0.9999670930268862, -0.008101196174267989, 0.09176063533307911], [0.002435338603447687, 0.008102216037530427, -0.9999642109701565, 0.0024305295011229234], [0.0, 0.0, 0.0, 1.0]]}, "mean_rme": {"type": "float", "data": 0.002402413662679036}, "max_rme": {"type": "float", "data": 0.007843685206966211}, "simu": {"type": "float", "data": 0.002}}, {"type": "dict", "image_number": {"type": "int", "data": 24}, "Hcamera2end": {"type": "ndarray", "data": [[0.9999694808173657, 0.00046413537995020895, -0.007798846850477931, -0.00966905634219471], [0.007799358843713617, -0.0011117192334244574, 0.9999689665594492, 0.025142679371048183], [0.00045545084819027847, -0.9999992743290841, -0.0011153052630423765, 0.03576241764732672], [0.0, 0.0, 0.0, 1.0]]}, "Hobj2base": {"type": "ndarray", "data": [[0.999997052442887, 0.00089410704067588, 0.0022573608789408523, -0.7363347077777721], [0.000911148941216712, -0.9999710094004988, -0.007559772890377836, 0.0912832340162677], [0.0022505361905284845, 0.007561807399490272, -0.9999688765935206, 0.002189044941092918], [0.0, 0.0, 0.0, 1.0]]}, "mean_rme": {"type": "float", "data": 0.0023668064721996175}, "max_rme": {"type": "float", "data": 0.007995810032732975}, "simu": {"type": "float", "data": 0.002}}, {"type": "dict", "image_number": {"type": "int", "data": 25}, "Hcamera2end": {"type": "ndarray", "data": [[0.99997099853542, 0.0003990902670659574, -0.007605446405947555, -0.010236184818666377], [0.007606012883720117, -0.0014376400654754207, 0.9999700404307394, 0.02506859535325062], [0.0003881444160244436, -0.9999988869583809, -0.0014406338575210231, 0.03583043724892097], [0.0, 0.0, 0.0, 1.0]]}, "Hobj2base": {"type": "ndarray", "data": [[0.9999963922078969, 0.0009112755904855555, 0.00252688503658761, -0.7361445818206418], [0.0009291873007915139, -0.9999743887840833, -0.007096364340926031, 0.09090502146918164], [0.0025203535763842636, 0.007098686688205359, -0.9999716278300865, 0.00242522950125992], [0.0, 0.0, 0.0, 1.0]]}, "mean_rme": {"type": "float", "data": 0.002322647270170858}, "max_rme": {"type": "float", "data": 0.007963620003027139}, "simu": {"type": "float", "data": 0.002}}, {"type": "dict", "image_number": {"type": "int", "data": 26}, "Hcamera2end": {"type": "ndarray", "data": [[0.999981445853419, -0.0006255288517349388, -0.006059427577031278, -0.011189261318458035], [0.006058532351023129, -0.001423260420627681, 0.9999806340702436, 0.026518604769396124], [-0.0006341408812291852, -0.999998791520985, -0.0014194442264603424, 0.03640624077950596], [0.0, 0.0, 0.0, 1.0]]}, "Hobj2base": {"type": "ndarray", "data": [[0.9999964298074046, -7.659550151763639e-05, 0.002671049526660204, -0.7365505731809302], [-6.09620123163333e-05, -0.999982871947064, -0.005852529037591315, 0.0904621154882451], [0.002671452054179296, 0.005852345310381338, -0.9999793064850349, 0.0011896180847768213], [0.0, 0.0, 0.0, 1.0]]}, "mean_rme": {"type": "float", "data": 0.002394289394172675}, "max_rme": {"type": "float", "data": 0.007742388409126055}, "simu": {"type": "float", "data": 0.002}}, {"type": "dict", "image_number": {"type": "int", "data": 27}, "Hcamera2end": {"type": "ndarray", "data": [[0.999984135673448, -0.0007901827506034582, -0.005577097152434873, -0.011595711377184749], [0.005575879169090878, -0.001535302965266716, 0.9999832760683032, 0.02735894336871233], [-0.000798732069436823, -0.9999985092269015, -0.00153087264518037, 0.0367213644559871], [0.0, 0.0, 0.0, 1.0]]}, "Hobj2base": {"type": "ndarray", "data": [[0.999995797395091, -0.0001517675068922328, 0.0028951958103033246, -0.7367860725520484], [-0.00013550591754812218, -0.999984220298695, -0.005616118922994322, 0.09000072175465662], [0.0028960024693455715, 0.0056157030045006105, -0.9999800383254971, 0.000464318974545153], [0.0, 0.0, 0.0, 1.0]]}, "mean_rme": {"type": "float", "data": 0.002412612257016943}, "max_rme": {"type": "float", "data": 0.00774081146125935}, "simu": {"type": "float", "data": 0.002}}, {"type": "dict", "image_number": {"type": "int", "data": 28}, "Hcamera2end": {"type": "ndarray", "data": [[0.9999826467969426, 0.00019038548953657615, -0.005888111611239785, -0.011478490771237814], [0.005888407741736481, -0.0015941930299798734, 0.9999813924283044, 0.027215969167599014], [0.00018099516043454996, -0.9999987111501439, -0.0015952864330148753, 0.03659999083612554], [0.0, 0.0, 0.0, 1.0]]}, "Hobj2base": {"type": "ndarray", "data": [[0.9999961617131458, 0.0007045064847671126, 0.002679595041968445, -0.7366170893263225], [0.0007200481894302965, -0.9999829004042429, -0.005803484274384256, 0.08989722140586057], [0.0026754606296708868, 0.005805391436505233, -0.9999795694616407, 0.0006626937124134437], [0.0, 0.0, 0.0, 1.0]]}, "mean_rme": {"type": "float", "data": 0.0023939141089865034}, "max_rme": {"type": "float", "data": 0.007731523881628066}, "simu": {"type": "float", "data": 0.002}}, {"type": "dict", "image_number": {"type": "int", "data": 29}, "Hcamera2end": {"type": "ndarray", "data": [[0.9999868996366856, 0.002070431550996789, -0.00468122507490693, -0.011904786654648059], [0.004686158742609511, -0.0023845204590748903, 0.9999861768936705, 0.028021502799180968], [0.0020592404542366617, -0.9999950136752548, -0.002394191591904349, 0.03681819649054571], [0.0, 0.0, 0.0, 1.0]]}, "Hobj2base": {"type": "ndarray", "data": [[0.9999931276435969, 0.0025049502971981816, 0.002733109874371996, -0.736898349014641], [0.0025181077477821378, -0.999985206887005, -0.004821321450120701, 0.08937702556447288], [0.0027209922725694273, 0.004828170581431559, -0.9999846423670165, -9.089221202801152e-05], [0.0, 0.0, 0.0, 1.0]]}, "mean_rme": {"type": "float", "data": 0.0025460146906391605}, "max_rme": {"type": "float", "data": 0.010555726368617846}, "simu": {"type": "float", "data": 0.002}}, {"type": "dict", "image_number": {"type": "int", "data": 30}, "Hcamera2end": {"type": "ndarray", "data": [[0.999989499475306, 0.0018462595759476887, -0.004194313377084154, -0.011965607870865829], [0.004198283470459927, -0.0021517466904410476, 0.9999888721391264, 0.028046451618246235], [0.0018372139311001782, -0.9999959806478016, -0.0021594752170315257, 0.03683403508923542], [0.0, 0.0, 0.0, 1.0]]}, "Hobj2base": {"type": "ndarray", "data": [[0.9999937655994465, 0.0021344731783128857, 0.002812967559404611, -0.7369302815756915], [0.0021466309605312926, -0.9999883381766757, -0.004326139869466127, 0.08965713487625186], [0.0028037007255569102, 0.004332151301831318, -0.9999866857750357, 1.3595270962637093e-05], [0.0, 0.0, 0.0, 1.0]]}, "mean_rme": {"type": "float", "data": 0.0025393048726822416}, "max_rme": {"type": "float", "data": 0.010713128948359962}, "simu": {"type": "float", "data": 0.002}}]}