{"type": "list", "data": [{"type": "dict", "image_number": {"type": "int", "data": 5}, "Hcamera2end": {"type": "ndarray", "data": [[0.9999945108973881, 0.0018154426078210442, -0.0027717040302564513, -0.013436457253616162], [0.002810781848178824, -0.021888543000021077, 0.9997564659409502, 0.031426488557323294], [0.0017543319228641896, -0.9997587688304984, -0.02189352566469105, 0.03085420858242415], [0.0, 0.0, 0.0, 1.0]]}, "Hobj2base": {"type": "ndarray", "data": [[0.9997582181268031, -0.003193827107310099, 0.0217555683981895, -0.7233460266966683], [-0.0031290083752391167, -0.9999905661320039, -0.003012798297621983, 0.0907463291093305], [0.021764985515900854, 0.0029439965018799976, -0.9997587800515131, -0.0056475872688298455], [0.0, 0.0, 0.0, 1.0]]}, "mean_rme": {"type": "float", "data": 0.000827979693498824}, "max_rme": {"type": "float", "data": 0.0023121209251768526}, "simu": {"type": "float", "data": 0.002}}, {"type": "dict", "image_number": {"type": "int", "data": 6}, "Hcamera2end": {"type": "ndarray", "data": [[0.9999976205612313, 0.0005331126504619543, -0.0021153398728379447, -0.014162165603015558], [0.0021197610789542146, -0.008433764721553105, 0.9999621883979363, 0.02971621274708506], [0.0005152522138249242, -0.999964293064269, -0.00843487472537352, 0.03141484727857267], [0.0, 0.0, 0.0, 1.0]]}, "Hobj2base": {"type": "ndarray", "data": [[0.999969939872492, -0.0006272075043260204, 0.007728257381262813, -0.7300094237108823], [-0.0006116192919083072, -0.9999977742945678, -0.002019239399337274, 0.08931299208738834], [0.007729506662542675, 0.002014451949436248, -0.9999680978461747, -0.0016613449661535644], [0.0, 0.0, 0.0, 1.0]]}, "mean_rme": {"type": "float", "data": 0.0010755252450734415}, "max_rme": {"type": "float", "data": 0.00461325843583496}, "simu": {"type": "float", "data": 0.002}}, {"type": "dict", "image_number": {"type": "int", "data": 7}, "Hcamera2end": {"type": "ndarray", "data": [[0.999992312636793, 0.0032873733217968094, 0.0021372514970331097, -0.014586536183730793], [-0.0021299821786553066, -0.0022131985107451957, 0.9999952824530078, 0.030037618249742975], [0.003292087975289004, -0.9999921474336664, -0.0022061794504943943, 0.031395147955390605], [0.0, 0.0, 0.0, 1.0]]}, "Hobj2base": {"type": "ndarray", "data": [[0.9999936718569653, 0.002920857243444877, 0.0020309699621955915, -0.7328077637433588], [0.0029178080539447636, -0.9999946141418274, 0.0015026920834773072, 0.08973030831375893], [0.0020353481727361142, -0.0014967565937138519, -0.9999968085336648, -0.0006454584746112031], [0.0, 0.0, 0.0, 1.0]]}, "mean_rme": {"type": "float", "data": 0.0014729386420225497}, "max_rme": {"type": "float", "data": 0.004428056025923749}, "simu": {"type": "float", "data": 0.002}}, {"type": "dict", "image_number": {"type": "int", "data": 8}, "Hcamera2end": {"type": "ndarray", "data": [[0.9999924257702913, 0.00246781411994783, -0.0030097002372017007, -0.013853081743362727], [0.0030087006699728155, 0.00040865401791134737, 0.9999953903504617, 0.03006330719266773], [0.002469032670284253, -0.9999968714427876, 0.0004012260086758701, 0.032407564229064274], [0.0, 0.0, 0.0, 1.0]]}, "Hobj2base": {"type": "ndarray", "data": [[0.9999961274141627, 0.0027111071240551884, -0.0006285338811485932, -0.7351354435775714], [0.0027089932116360397, -0.9999907526779237, -0.0033400470684210068, 0.0881400114968], [-0.0006375832942952342, 0.0033383314397847186, -0.9999942244986924, -0.00024329537608012292], [0.0, 0.0, 0.0, 1.0]]}, "mean_rme": {"type": "float", "data": 0.0015641496096445967}, "max_rme": {"type": "float", "data": 0.004797544971763684}, "simu": {"type": "float", "data": 0.002}}, {"type": "dict", "image_number": {"type": "int", "data": 9}, "Hcamera2end": {"type": "ndarray", "data": [[0.999985274926596, 0.0021739641665381804, -0.0049723042729562196, -0.014072235320185469], [0.004972957671143678, -0.00029525391976759074, 0.9999875911815725, 0.030802019400641804], [0.0021724690978847027, -0.9999975933495668, -0.0003060606039106961, 0.032232536563129605], [0.0, 0.0, 0.0, 1.0]]}, "Hobj2base": {"type": "ndarray", "data": [[0.9999978542682123, 0.0020500556304465438, 0.0002978772958577799, -0.7343963776018393], [0.0020514363081588923, -0.9999867983224928, -0.004711134662061751, 0.08740470011509831], [0.00028821527523803167, 0.00471173562953045, -0.9999888581775864, -0.0015949400990605451], [0.0, 0.0, 0.0, 1.0]]}, "mean_rme": {"type": "float", "data": 0.001589925818570299}, "max_rme": {"type": "float", "data": 0.005310374284321101}, "simu": {"type": "float", "data": 0.002}}, {"type": "dict", "image_number": {"type": "int", "data": 10}, "Hcamera2end": {"type": "ndarray", "data": [[0.9999888015292039, 0.0013150188555855126, -0.004546156794023426, -0.014158911711066108], [0.004544866881926122, 0.0009822384293779463, 0.9999891896379149, 0.030917317604366716], [0.0013194700496646033, -0.9999986529656315, 0.0009762508441637507, 0.03215650714411015], [0.0, 0.0, 0.0, 1.0]]}, "Hobj2base": {"type": "ndarray", "data": [[0.999998540801024, 0.0016042932452163608, -0.0005870596272673189, -0.7346857413614769], [0.001601611824751876, -0.9999884121976497, -0.004539857925825517, 0.0875961558228244], [-0.0005943360879410341, 0.004538911059628615, -0.9999895224706146, -0.001465418666165469], [0.0, 0.0, 0.0, 1.0]]}, "mean_rme": {"type": "float", "data": 0.0015125928529074618}, "max_rme": {"type": "float", "data": 0.00521043778922714}, "simu": {"type": "float", "data": 0.002}}, {"type": "dict", "image_number": {"type": "int", "data": 11}, "Hcamera2end": {"type": "ndarray", "data": [[0.9999911357983757, 0.0025130856896081384, -0.0033782724862277073, -0.014727153623322872], [0.0033691658626123677, 0.003619132447915119, 0.9999877752261349, 0.030878033565128915], [0.0025252813832766846, -0.9999902930932086, 0.003610633364680149, 0.03152966020823274], [0.0, 0.0, 0.0, 1.0]]}, "Hobj2base": {"type": "ndarray", "data": [[0.9999950826289397, 0.0020724572554933697, -0.00235364374199666, -0.7352858210702755], [0.002063351168378627, -0.9999904029357207, -0.0038647921562043686, 0.08759410877153558], [-0.0023616307704714774, 0.0038599167580222696, -0.9999897618189524, -0.0012275069831477242], [0.0, 0.0, 0.0, 1.0]]}, "mean_rme": {"type": "float", "data": 0.0015994021428049662}, "max_rme": {"type": "float", "data": 0.00534678985225745}, "simu": {"type": "float", "data": 0.002}}, {"type": "dict", "image_number": {"type": "int", "data": 12}, "Hcamera2end": {"type": "ndarray", "data": [[0.9999913564792888, 0.0018688647516305976, -0.0037140693655265972, -0.014538029529440232], [0.0037055180943376424, 0.004558495577708044, 0.9999827444779836, 0.030672680353946175], [0.0018857630721717837, -0.9999878636576585, 0.0045515310641039974, 0.03134565239620024], [0.0, 0.0, 0.0, 1.0]]}, "Hobj2base": {"type": "ndarray", "data": [[0.999994302575383, 0.0016477318971846616, -0.0029461494137969367, -0.7353938193869838], [0.0016339990769732816, -0.9999878182166435, -0.004657624430276168, 0.0877509973861594], [-0.0029537880407819145, 0.004652783888389312, -0.9999848132538303, -0.001023363874499722], [0.0, 0.0, 0.0, 1.0]]}, "mean_rme": {"type": "float", "data": 0.001525630133814793}, "max_rme": {"type": "float", "data": 0.005396559756983527}, "simu": {"type": "float", "data": 0.002}}, {"type": "dict", "image_number": {"type": "int", "data": 13}, "Hcamera2end": {"type": "ndarray", "data": [[0.9999815471808341, 0.002591333908380372, -0.005494568809344156, -0.01343611574748712], [0.0054838987800289, 0.004106867503949396, 0.9999765299713165, 0.02943660039469174], [0.0026138385557905233, -0.9999882092444291, 0.004092581107807192, 0.0309500341599444], [0.0, 0.0, 0.0, 1.0]]}, "Hobj2base": {"type": "ndarray", "data": [[0.9999947177398382, 0.0020302065133251395, -0.002538258051211263, -0.7349095911576509], [0.0020149319065381507, -0.9999799344322389, -0.006005895629047983, 0.0882298259849413], [-0.002550400328046786, 0.006000749487210353, -0.9999787430059492, -0.0002063256092053216], [0.0, 0.0, 0.0, 1.0]]}, "mean_rme": {"type": "float", "data": 0.001578048905731024}, "max_rme": {"type": "float", "data": 0.00588554064859606}, "simu": {"type": "float", "data": 0.002}}, {"type": "dict", "image_number": {"type": "int", "data": 14}, "Hcamera2end": {"type": "ndarray", "data": [[0.9999857963528653, 0.002791513447142222, -0.004540324349673249, -0.015290418057499673], [0.004530604896576873, 0.0034783065725726425, 0.9999836873682781, 0.029590374015594504], [0.0028072605502384917, -0.9999900543685729, 0.0034656099234410265, 0.03128422033849496], [0.0, 0.0, 0.0, 1.0]]}, "Hobj2base": {"type": "ndarray", "data": [[0.9999964962986823, 0.0019923445925723792, -0.0017429725712037193, -0.7347873582011454], [0.001983728450716922, -0.9999858739387844, -0.004931201103085148, 0.08689318543616507], [-0.0017527726017191002, 0.004927726241351028, -0.999986322557612, 8.141425806490068e-05], [0.0, 0.0, 0.0, 1.0]]}, "mean_rme": {"type": "float", "data": 0.0017044665263314563}, "max_rme": {"type": "float", "data": 0.0062536965843841275}, "simu": {"type": "float", "data": 0.002}}, {"type": "dict", "image_number": {"type": "int", "data": 15}, "Hcamera2end": {"type": "ndarray", "data": [[0.99998818877403, 0.0029715356554784866, -0.0038460743990804008, -0.015333823263955975], [0.003839907626439273, 0.0020782069393905367, 0.9999904680372397, 0.030162205449180975], [0.0029795002694168586, -0.9999934254942707, 0.00206677197079308, 0.03169671775665946], [0.0, 0.0, 0.0, 1.0]]}, "Hobj2base": {"type": "ndarray", "data": [[0.9999957102876531, 0.0028870703802829694, -0.0004941972394326812, -0.7347076685532172], [0.002885031482318094, -0.9999875238529563, -0.00407783420192925, 0.08689058692725853], [-0.0005059640680953484, 0.004076390934599288, -0.9999915634830674, -0.0006477427454525249], [0.0, 0.0, 0.0, 1.0]]}, "mean_rme": {"type": "float", "data": 0.0017263859716550448}, "max_rme": {"type": "float", "data": 0.006372365010542058}, "simu": {"type": "float", "data": 0.002}}, {"type": "dict", "image_number": {"type": "int", "data": 16}, "Hcamera2end": {"type": "ndarray", "data": [[0.9999908945526337, 0.002616607717839945, -0.0033710793337555804, -0.015400952196232557], [0.003363068802884513, 0.0030598046219193487, 0.9999896636285309, 0.03020128078447974], [0.002626895515736867, -0.9999918954470212, 0.0030509769292441646, 0.03159880890621115], [0.0, 0.0, 0.0, 1.0]]}, "Hobj2base": {"type": "ndarray", "data": [[0.9999952778680529, 0.002831458839240262, -0.001194605557285928, -0.7349804438162836], [0.0028274830332624336, -0.9999905020520503, -0.003316797459167308, 0.08708894233449187], [-0.0012039855864682532, 0.0033134040698673973, -0.9999937858667811, -0.00037126568965755585], [0.0, 0.0, 0.0, 1.0]]}, "mean_rme": {"type": "float", "data": 0.001689587468458913}, "max_rme": {"type": "float", "data": 0.006342348770116524}, "simu": {"type": "float", "data": 0.002}}, {"type": "dict", "image_number": {"type": "int", "data": 17}, "Hcamera2end": {"type": "ndarray", "data": [[0.999988947453789, 0.003128281454163285, -0.0035098184293090567, -0.015008347821934043], [0.003499496091267178, 0.003299071596589931, 0.9999884347599765, 0.029478934681127337], [0.0031398244171267275, -0.9999896649374652, 0.00328808772472744, 0.0317716104094911], [0.0, 0.0, 0.0, 1.0]]}, "Hobj2base": {"type": "ndarray", "data": [[0.999991225463074, 0.0037991626767483085, -0.0017650381908619454, -0.7353281669086482], [0.003792154231379202, -0.9999849798498457, -0.003957226426449262, 0.0869250563508729], [-0.0017800458266660978, 0.003950498406575835, -0.9999906124555349, 0.0004486182942575255], [0.0, 0.0, 0.0, 1.0]]}, "mean_rme": {"type": "float", "data": 0.0017570839226253325}, "max_rme": {"type": "float", "data": 0.006476472651263276}, "simu": {"type": "float", "data": 0.002}}, {"type": "dict", "image_number": {"type": "int", "data": 18}, "Hcamera2end": {"type": "ndarray", "data": [[0.9999869289519714, 0.003359074600135202, -0.003854678071592593, -0.014994546324326976], [0.0038453304939664442, 0.002784812902560052, 0.9999887290617278, 0.02921596441193768], [0.003369771297441718, -0.9999904806721553, 0.002771859750145378, 0.031871412783338327], [0.0, 0.0, 0.0, 1.0]]}, "Hobj2base": {"type": "ndarray", "data": [[0.9999932373519335, 0.0033760397068226433, -0.0014586316524979905, -0.7351792114453112], [0.003370151757653534, -0.9999862391347125, -0.004020400271531652, 0.08671528265616384], [-0.0014721846114183282, 0.004015457272952093, -0.9999908543458578, 0.0005408073321282612], [0.0, 0.0, 0.0, 1.0]]}, "mean_rme": {"type": "float", "data": 0.0017567567902688427}, "max_rme": {"type": "float", "data": 0.006432332700202381}, "simu": {"type": "float", "data": 0.002}}, {"type": "dict", "image_number": {"type": "int", "data": 19}, "Hcamera2end": {"type": "ndarray", "data": [[0.9999808174167987, 0.0031578683758340526, -0.005328476869816437, -0.014473527208562405], [0.005323816576549964, 0.001482344992249196, 0.9999847296986005, 0.02912900754331534], [0.0031657187952364623, -0.9999939152418104, 0.0014655046450372522, 0.03173536333231403], [0.0, 0.0, 0.0, 1.0]]}, "Hobj2base": {"type": "ndarray", "data": [[0.9999944186997383, 0.003331464053052844, 0.00025281739590264575, -0.7344202038446155], [0.0033325348051332962, -0.9999849415905075, -0.0043601380714226815, 0.08702360415221695], [0.0002382879456234796, 0.004360956258954111, -0.9999904625942002, 0.00033857047033272893], [0.0, 0.0, 0.0, 1.0]]}, "mean_rme": {"type": "float", "data": 0.001906037794518919}, "max_rme": {"type": "float", "data": 0.009756162639883076}, "simu": {"type": "float", "data": 0.002}}, {"type": "dict", "image_number": {"type": "int", "data": 20}, "Hcamera2end": {"type": "ndarray", "data": [[0.9999801778899841, 0.0032069241304553335, -0.0054184374811678485, -0.014365389435141183], [0.005414575379685522, 0.0012117602449097653, 0.9999846068868095, 0.02945228710544055], [0.003213440613038408, -0.9999941236200993, 0.0011943720928236923, 0.0317566274200107], [0.0, 0.0, 0.0, 1.0]]}, "Hobj2base": {"type": "ndarray", "data": [[0.9999944794871082, 0.00329758535255781, 0.0004085659679856175, -0.7342337039235459], [0.0032992856722512324, -0.9999855966319606, -0.00423334887224147, 0.0872072843955152], [0.0003946002540262417, 0.00423467347782879, -0.9999909558746896, 2.8934711425004923e-05], [0.0, 0.0, 0.0, 1.0]]}, "mean_rme": {"type": "float", "data": 0.00187126239019038}, "max_rme": {"type": "float", "data": 0.009641482497125015}, "simu": {"type": "float", "data": 0.002}}, {"type": "dict", "image_number": {"type": "int", "data": 21}, "Hcamera2end": {"type": "ndarray", "data": [[0.9999842381371329, 0.0029230088565996783, -0.00479369341135313, -0.014828554045752233], [0.004787409165757174, 0.002153143583669137, 0.9999862222481807, 0.02892623583092002], [0.0029332900943198183, -0.9999934099742519, 0.0021391160067235626, 0.03168699241256615], [0.0, 0.0, 0.0, 1.0]]}, "Hobj2base": {"type": "ndarray", "data": [[0.999995868897801, 0.002845341697480524, -0.0004076983646459086, -0.73459395338772], [0.00284372631914584, -0.9999883146344348, -0.0039094520337973745, 0.0869616588067878], [-0.00041881732742754107, 0.003908276500881664, -0.9999922749535812, 0.0006961257205568574], [0.0, 0.0, 0.0, 1.0]]}, "mean_rme": {"type": "float", "data": 0.0018917993205661559}, "max_rme": {"type": "float", "data": 0.00991264827187896}, "simu": {"type": "float", "data": 0.002}}, {"type": "dict", "image_number": {"type": "int", "data": 22}, "Hcamera2end": {"type": "ndarray", "data": [[0.9999862822732605, 0.0026015410896815337, -0.004546124642132161, -0.014870803339694679], [0.004538987647542664, 0.0027427315739987357, 0.9999859374084459, 0.028809362359339362], [0.002613973304867088, -0.999992854678208, 0.002730885587085896, 0.031693990906093886], [0.0, 0.0, 0.0, 1.0]]}, "Hobj2base": {"type": "ndarray", "data": [[0.9999960228521961, 0.0026875118179177497, -0.0008553128191083669, -0.7347416764608112], [0.0026845594627766217, -0.9999904989274935, -0.0034344133755835277, 0.08703472638007682], [-0.000864534719253752, 0.0034321035782917423, -0.9999937366027589, 0.0009980945300963127], [0.0, 0.0, 0.0, 1.0]]}, "mean_rme": {"type": "float", "data": 0.0018940720150950059}, "max_rme": {"type": "float", "data": 0.009972705167048929}, "simu": {"type": "float", "data": 0.002}}, {"type": "dict", "image_number": {"type": "int", "data": 23}, "Hcamera2end": {"type": "ndarray", "data": [[0.9999856113439786, 0.0027589648941150177, -0.00460056710879694, -0.014722870790517359], [0.004596120687057948, 0.0016158073734787726, 0.9999881323501605, 0.028833236297276063], [0.002766365781942313, -0.9999948886265595, 0.0016031035885575307, 0.03189163215099526], [0.0, 0.0, 0.0, 1.0]]}, "Hobj2base": {"type": "ndarray", "data": [[0.9999957459941881, 0.0029122034665338184, -0.00016451290792908943, -0.7344411416111266], [0.0029116337180697042, -0.9999901050053834, -0.0033633733681783257, 0.08715354391275278], [-0.0001743061076568076, 0.0033628800590386858, -0.999994330311472, 0.0008418795606001117], [0.0, 0.0, 0.0, 1.0]]}, "mean_rme": {"type": "float", "data": 0.001873263078647411}, "max_rme": {"type": "float", "data": 0.009912706670975852}, "simu": {"type": "float", "data": 0.002}}, {"type": "dict", "image_number": {"type": "int", "data": 24}, "Hcamera2end": {"type": "ndarray", "data": [[0.9999875998697135, 0.0025397085617752764, -0.004283688507683621, -0.01468878159719533], [0.004278436545381118, 0.0020697780674556743, 0.9999887054359556, 0.02876178785222164], [0.002548546161395287, -0.9999946329351835, 0.002058886420012618, 0.031907744985741504], [0.0, 0.0, 0.0, 1.0]]}, "Hobj2base": {"type": "ndarray", "data": [[0.9999954165113069, 0.0029612825868355896, -0.0006306836123132172, -0.7345870918206273], [0.0029594485178124803, -0.9999914464478279, -0.002889410952255711, 0.08732075514807257], [-0.0006392345800671621, 0.0028875312329916126, -0.9999956267617023, 0.0011304040400544728], [0.0, 0.0, 0.0, 1.0]]}, "mean_rme": {"type": "float", "data": 0.0018826403661380247}, "max_rme": {"type": "float", "data": 0.009942990201130514}, "simu": {"type": "float", "data": 0.002}}, {"type": "dict", "image_number": {"type": "int", "data": 25}, "Hcamera2end": {"type": "ndarray", "data": [[0.9999882256298577, 0.0022617922641629505, -0.004293355028709501, -0.014668981731158014], [0.004288546271184124, 0.0021266597358748918, 0.9999885427789899, 0.02895734844446803], [0.0022708968555804733, -0.9999951807954484, 0.002116934895015299, 0.03191042669966004], [0.0, 0.0, 0.0, 1.0]]}, "Hobj2base": {"type": "ndarray", "data": [[0.9999971944943143, 0.002305656671796253, -0.0005430937416447873, -0.7344656558054382], [0.0023040723393857156, -0.9999931405531115, -0.002900016789609772, 0.0875123978365912], [-0.000549776459381396, 0.0028987573263283633, -0.9999956474664318, 0.0009522118761860954], [0.0, 0.0, 0.0, 1.0]]}, "mean_rme": {"type": "float", "data": 0.0018658340088450788}, "max_rme": {"type": "float", "data": 0.009940400455319048}, "simu": {"type": "float", "data": 0.002}}, {"type": "dict", "image_number": {"type": "int", "data": 26}, "Hcamera2end": {"type": "ndarray", "data": [[0.9999898038622717, 0.0020571029165375176, -0.004020012324137077, -0.014836324386919373], [0.004015594913045776, 0.002147037650226946, 0.9999896325596694, 0.028822113670761585], [0.0020657127074600757, -0.9999955792686882, 0.0021387552667281318, 0.031924693689053436], [0.0, 0.0, 0.0, 1.0]]}, "Hobj2base": {"type": "ndarray", "data": [[0.9999975907845128, 0.0021220048080605883, -0.0005617123505020336, -0.7345008266471965], [0.0021204703713983905, -0.9999940570542365, -0.0027183564174936294, 0.08749066337418748], [-0.0005674773776639437, 0.0027171587739907607, -0.9999961475013905, 0.0010965068779224861], [0.0, 0.0, 0.0, 1.0]]}, "mean_rme": {"type": "float", "data": 0.0018267221583725844}, "max_rme": {"type": "float", "data": 0.010000398404636984}, "simu": {"type": "float", "data": 0.002}}, {"type": "dict", "image_number": {"type": "int", "data": 27}, "Hcamera2end": {"type": "ndarray", "data": [[0.9999849656347074, 0.0032773309859754672, -0.004396317340835415, -0.014723710670501683], [0.004392217258050452, 0.0012571926855592386, 0.9999895638925985, 0.029049848423014023], [0.003282823801401603, -0.9999938392651025, 0.0012427790347482315, 0.03189027564381156], [0.0, 0.0, 0.0, 1.0]]}, "Hobj2base": {"type": "ndarray", "data": [[0.999994714537952, 0.003246542753381294, -0.00017565964377086932, -0.7343419558114809], [0.0032460429383573903, -0.9999908825718269, -0.0027745231052080798, 0.08727344185973512], [-0.00018466565008798654, 0.0027739382418252886, -0.9999961355751472, 0.0006966158601224704], [0.0, 0.0, 0.0, 1.0]]}, "mean_rme": {"type": "float", "data": 0.0019557529776863094}, "max_rme": {"type": "float", "data": 0.009849209665143827}, "simu": {"type": "float", "data": 0.002}}, {"type": "dict", "image_number": {"type": "int", "data": 28}, "Hcamera2end": {"type": "ndarray", "data": [[0.999985247475997, 0.0032698687852094834, -0.004337371150426598, -0.014788316748189326], [0.004335537636194738, 0.0005676102106133563, 0.9999904404203344, 0.02886779101395205], [0.003272299462790537, -0.9999944928732241, 0.0005534251977463711, 0.032002408892409254], [0.0, 0.0, 0.0, 1.0]]}, "Hobj2base": {"type": "ndarray", "data": [[0.9999947681952139, 0.0032003183658842337, 0.00047068519975109266, -0.7342129164638285], [0.003201572676927221, -0.9999912603780701, -0.0026886985462367856, 0.08720963842251629], [0.0004620763948025511, 0.00269019141236582, -0.9999962746708457, 0.000720597201721498], [0.0, 0.0, 0.0, 1.0]]}, "mean_rme": {"type": "float", "data": 0.001971876703977684}, "max_rme": {"type": "float", "data": 0.009894770479234066}, "simu": {"type": "float", "data": 0.002}}, {"type": "dict", "image_number": {"type": "int", "data": 29}, "Hcamera2end": {"type": "ndarray", "data": [[0.999984487015198, 0.003361990566455534, -0.00444103010372263, -0.014754057806949454], [0.00443810663776408, 0.0008765256514681186, 0.999989767403774, 0.0289924675070877], [0.0033658488413684066, -0.999993964342892, 0.0008615911812899224, 0.03193657152789956], [0.0, 0.0, 0.0, 1.0]]}, "Hobj2base": {"type": "ndarray", "data": [[0.9999947258165336, 0.0032370572297651945, 0.00026419615237752376, -0.734252105522894], [0.0032377196878118847, -0.999991515534921, -0.002546768421921398, 0.08720968405812328], [0.00025594987568177655, 0.0025476103828814913, -0.9999967220801267, 0.0006599518515703885], [0.0, 0.0, 0.0, 1.0]]}, "mean_rme": {"type": "float", "data": 0.001953328290036554}, "max_rme": {"type": "float", "data": 0.009861771947144743}, "simu": {"type": "float", "data": 0.002}}, {"type": "dict", "image_number": {"type": "int", "data": 30}, "Hcamera2end": {"type": "ndarray", "data": [[0.9999860040786105, 0.0026373392523053344, -0.004586511589591134, -0.014249839816273788], [0.004582339935098353, 0.0015856393907162092, 0.9999882438851179, 0.029155858080203413], [0.0026445808008845333, -0.9999952650834857, 0.00157353201325372, 0.031850172839263814], [0.0, 0.0, 0.0, 1.0]]}, "Hobj2base": {"type": "ndarray", "data": [[0.9999962587373591, 0.002734229454918643, -8.06261284676316e-05, -0.7344168360802946], [0.002734007167101876, -0.9999927802925783, -0.0026390467085122475, 0.08765882758174813], [-8.784130561389379e-05, 0.0026388164027323032, -0.9999965144598746, 0.0004010318201560041], [0.0, 0.0, 0.0, 1.0]]}, "mean_rme": {"type": "float", "data": 0.0019542849172493404}, "max_rme": {"type": "float", "data": 0.009937893885061194}, "simu": {"type": "float", "data": 0.002}}]}