{"type": "list", "data": [{"type": "dict", "image_number": {"type": "int", "data": 5}, "Hcamera2end": {"type": "ndarray", "data": [[0.9999877470713798, 0.0014620848531117054, -0.004729483585795634, -0.01758302972472785], [0.004692167061064089, 0.024551460248384394, 0.9996875558733053, 0.025071630832460366], [0.0015777437615386689, -0.9996974983001378, 0.024544299074706233, 0.03388127020495135], [0.0, 0.0, 0.0, 1.0]]}, "Hobj2base": {"type": "ndarray", "data": [[0.9997659381453367, 0.002029167661826246, -0.02153953116887608, -0.7464300277848809], [0.001930726104405621, -0.9999876016250666, -0.004590086367100491, 0.08617767543625601], [-0.02154857816851386, 0.004547425067867934, -0.9997574604393649, 0.007132884581073151], [0.0, 0.0, 0.0, 1.0]]}, "mean_rme": {"type": "float", "data": 0.0014987840664036545}, "max_rme": {"type": "float", "data": 0.003847891333808362}, "simu": {"type": "float", "data": 0.002}}, {"type": "dict", "image_number": {"type": "int", "data": 6}, "Hcamera2end": {"type": "ndarray", "data": [[0.9999521844014825, -0.001357736432167779, 0.009684289467189425, -0.016908171961230616], [-0.009685638872626575, -0.0009908365276056763, 0.9999526021980266, 0.024907232564120543], [-0.0013480765306972372, -0.9999985873963805, -0.0010039396949301782, 0.032684848766815024], [0.0, 0.0, 0.0, 1.0]]}, "Hobj2base": {"type": "ndarray", "data": [[0.999994227876903, 0.0001406521099245482, 0.0033947650670739433, -0.7332240437685447], [0.00011362944072954434, -0.9999683203563758, 0.00795898058792452, 0.09321606993886793], [0.00339577696953897, -0.00795854890245286, -0.9999625643983583, 0.002526878265741069], [0.0, 0.0, 0.0, 1.0]]}, "mean_rme": {"type": "float", "data": 0.0017528313807603068}, "max_rme": {"type": "float", "data": 0.004451146052155325}, "simu": {"type": "float", "data": 0.002}}, {"type": "dict", "image_number": {"type": "int", "data": 7}, "Hcamera2end": {"type": "ndarray", "data": [[0.9999922296062972, -0.0010706331711305718, 0.003794004696819508, -0.017045718520932288], [-0.0037789562552376773, 0.013724026143295487, 0.9998986801651649, 0.026475180798688446], [-0.0011225937144014402, -0.9999052479365386, 0.013719873626290013, 0.033231638315400575], [0.0, 0.0, 0.0, 1.0]]}, "Hobj2base": {"type": "ndarray", "data": [[0.9999581227952878, -0.0018710156251056558, -0.008958345620412004, -0.7405293672125488], [-0.0018445476721856385, -0.9999939123500199, 0.0029619093141256057, 0.09074251908801467], [-0.008963832863746345, -0.002945261182082154, -0.9999554865777573, 0.0033069939430804274], [0.0, 0.0, 0.0, 1.0]]}, "mean_rme": {"type": "float", "data": 0.0018604859656171843}, "max_rme": {"type": "float", "data": 0.005055957440305098}, "simu": {"type": "float", "data": 0.002}}, {"type": "dict", "image_number": {"type": "int", "data": 8}, "Hcamera2end": {"type": "ndarray", "data": [[0.9999898047143744, -0.0028221390746874546, -0.003525052957109252, -0.01759591232965601], [0.0035826743429744224, 0.020679817490742325, 0.9997797305372327, 0.026613120544890085], [-0.002748619991831398, -0.9997821666141042, 0.020689717459351553, 0.034766316516739365], [0.0, 0.0, 0.0, 1.0]]}, "Hobj2base": {"type": "ndarray", "data": [[0.9998655245660899, -0.0042515039817269396, -0.015838481558257466, -0.7456709437617861], [-0.004321171725057041, -0.9999811281496331, -0.004367014942685059, 0.08700005125421338], [-0.01581961627538637, 0.00443486848513313, -0.9998650267323179, 0.004823469941074701], [0.0, 0.0, 0.0, 1.0]]}, "mean_rme": {"type": "float", "data": 0.0018855221060984722}, "max_rme": {"type": "float", "data": 0.0058550930897978415}, "simu": {"type": "float", "data": 0.002}}, {"type": "dict", "image_number": {"type": "int", "data": 9}, "Hcamera2end": {"type": "ndarray", "data": [[0.9999960527782713, -0.002189618559456097, -0.0017606812433852415, -0.017317544537657006], [0.0017868566910590649, 0.01201040197003278, 0.9999262759762262, 0.026491045489123826], [-0.0021683106424912092, -0.9999254751305631, 0.012014267096887021, 0.032808701174307876], [0.0, 0.0, 0.0, 1.0]]}, "Hobj2base": {"type": "ndarray", "data": [[0.9999669923479233, -0.0029281969831803367, -0.007578910018988653, -0.7391988422502312], [-0.0029523296415852164, -0.9999906016481079, -0.0031749590773111017, 0.08771412558245956], [-0.007569541884133433, 0.0031972297200664876, -0.9999662393089985, 0.00320200260570358], [0.0, 0.0, 0.0, 1.0]]}, "mean_rme": {"type": "float", "data": 0.002149412998970999}, "max_rme": {"type": "float", "data": 0.005361862774449944}, "simu": {"type": "float", "data": 0.002}}, {"type": "dict", "image_number": {"type": "int", "data": 10}, "Hcamera2end": {"type": "ndarray", "data": [[0.9999995615002518, -0.0007632296960888251, 0.0005426598706216735, -0.017280380097480754], [-0.000536215133239848, 0.00841904115115244, 0.9999644154765838, 0.02650133225565107], [-0.0007677712127056755, -0.9999642679748743, 0.008418628204091783, 0.03350364063826618], [0.0, 0.0, 0.0, 1.0]]}, "Hobj2base": {"type": "ndarray", "data": [[0.9999857755236535, -0.0008747927900094677, -0.00526151004291163, -0.7385673336354239], [-0.000876863719261484, -0.9999995389947725, -0.00039130584034631195, 0.08877742312202017], [-0.005261165305800172, 0.00039591390149080086, -0.9999860815990429, 0.0030740596498122553], [0.0, 0.0, 0.0, 1.0]]}, "mean_rme": {"type": "float", "data": 0.0020924238098069814}, "max_rme": {"type": "float", "data": 0.0055303693964171285}, "simu": {"type": "float", "data": 0.002}}, {"type": "dict", "image_number": {"type": "int", "data": 11}, "Hcamera2end": {"type": "ndarray", "data": [[0.9999965683177019, -0.0016637690495325053, 0.0020236663187205716, -0.016385838010683884], [-0.002014915521681734, 0.005244581452085506, 0.9999842171158669, 0.026334763422486484], [-0.0016743560732987444, -0.9999848630044069, 0.0052412111002657635, 0.03472061747055301], [0.0, 0.0, 0.0, 1.0]]}, "Hobj2base": {"type": "ndarray", "data": [[0.9999958032770017, -0.0016616257627871582, -0.0023732737323562112, -0.7382223194868831], [-0.0016596308092409562, -0.9999982680651927, 0.0008423135950305544, 0.09062555701562278], [-0.002374669231970675, -0.0008383713018687377, -0.999996829034772, 0.003070117114403384], [0.0, 0.0, 0.0, 1.0]]}, "mean_rme": {"type": "float", "data": 0.0020943486116417353}, "max_rme": {"type": "float", "data": 0.005563464973308757}, "simu": {"type": "float", "data": 0.002}}, {"type": "dict", "image_number": {"type": "int", "data": 12}, "Hcamera2end": {"type": "ndarray", "data": [[0.9999979469912367, -0.0004213807154956889, 0.001982032190555409, -0.015386959014588919], [-0.00197976307014168, 0.005318858219270806, 0.9999838950130296, 0.02636451067261904], [-0.00043191607737235187, -0.9999857659914647, 0.005318013065629179, 0.034477741039921024], [0.0, 0.0, 0.0, 1.0]]}, "Hobj2base": {"type": "ndarray", "data": [[0.9999972980349653, -0.000661034112976513, -0.0022286670164927106, -0.7378062528400243], [-0.0006596455190933222, -0.9999995879094008, 0.0006237377796179923, 0.0912972335621156], [-0.0022290784100298645, -0.0006222659640893405, -0.9999973219936702, 0.003031206739597938], [0.0, 0.0, 0.0, 1.0]]}, "mean_rme": {"type": "float", "data": 0.0021027776577293984}, "max_rme": {"type": "float", "data": 0.0054130582526230875}, "simu": {"type": "float", "data": 0.002}}, {"type": "dict", "image_number": {"type": "int", "data": 13}, "Hcamera2end": {"type": "ndarray", "data": [[0.9999984164988912, 3.791973430194767e-05, 0.0017792025752678873, -0.01548929073416101], [-0.001779377529080326, 0.005263794066261651, 0.9999845630246683, 0.02616696336144523], [2.8553792977572233e-05, -0.9999861454210862, 0.005263853204561131, 0.03439657342024105], [0.0, 0.0, 0.0, 1.0]]}, "Hobj2base": {"type": "ndarray", "data": [[0.9999970739036452, -0.0002516022452759398, -0.002406009238889466, -0.7376412896628284], [-0.0002495565033606693, -0.9999996071634996, 0.000850525953942021, 0.09116564544832576], [-0.0024062222879608934, -0.0008499230299684168, -0.9999967438572708, 0.003271555225933288], [0.0, 0.0, 0.0, 1.0]]}, "mean_rme": {"type": "float", "data": 0.0020114959440562198}, "max_rme": {"type": "float", "data": 0.005527732248245959}, "simu": {"type": "float", "data": 0.002}}, {"type": "dict", "image_number": {"type": "int", "data": 14}, "Hcamera2end": {"type": "ndarray", "data": [[0.999998219278565, 0.000981431834607484, 0.001611902991214713, -0.015635253766432065], [-0.0016170632898214433, 0.005280036265792987, 0.9999847530454395, 0.02617248397554858], [0.0009729059645103438, -0.9999855789003089, 0.00528161390091042, 0.034446296832429654], [0.0, 0.0, 0.0, 1.0]]}, "Hobj2base": {"type": "ndarray", "data": [[0.999996954670072, 0.0011663507619235256, -0.0021749198794585463, -0.7376628240176188], [0.001167940704540871, -0.9999990515737496, 0.0007299082900648514, 0.0906403095115265], [-0.002174066487617189, -0.0007324462447096258, -0.9999973684752403, 0.0032725123294707814], [0.0, 0.0, 0.0, 1.0]]}, "mean_rme": {"type": "float", "data": 0.0019420628038815137}, "max_rme": {"type": "float", "data": 0.0056058704370959556}, "simu": {"type": "float", "data": 0.002}}, {"type": "dict", "image_number": {"type": "int", "data": 15}, "Hcamera2end": {"type": "ndarray", "data": [[0.9999997492668743, 0.0006885715123349939, -0.00016533439150830744, -0.01509449766013257], [0.00016214317211204484, 0.00463203041060245, 0.9999892589442482, 0.02589450224486152], [0.0006893299502793758, -0.9999890350216584, 0.004631917602029745, 0.03444809880252053], [0.0, 0.0, 0.0, 1.0]]}, "Hobj2base": {"type": "ndarray", "data": [[0.9999985037745651, 0.0005873504219635031, -0.0016271042108329822, -0.737347085653241], [0.0005865415817880163, -0.9999997042130633, -0.000497536689997211, 0.09056495801166377], [-0.001627395957941625, 0.0004965815812926047, -0.9999985524935167, 0.003605916924495626], [0.0, 0.0, 0.0, 1.0]]}, "mean_rme": {"type": "float", "data": 0.002080770111607674}, "max_rme": {"type": "float", "data": 0.006317970488308289}, "simu": {"type": "float", "data": 0.002}}, {"type": "dict", "image_number": {"type": "int", "data": 16}, "Hcamera2end": {"type": "ndarray", "data": [[0.9999896392485808, 0.0037185981069452227, 0.0026255330149034606, -0.0152114161389248], [-0.0026270369942501294, 0.0003996212320465098, 0.9999964694835187, 0.025903184351503836], [0.003717535759635123, -0.9999930061410381, 0.0004093859864640059, 0.03532166741428976], [0.0, 0.0, 0.0, 1.0]]}, "Hobj2base": {"type": "ndarray", "data": [[0.9999918143305774, 0.00375490804460871, 0.0015072947344794236, -0.7368347648283039], [0.003750752304168327, -0.9999891832218044, 0.002750508415196054, 0.09149634966931895], [0.0015176063365815885, -0.0027448324112450133, -0.9999950813709246, 0.0034909560652500726], [0.0, 0.0, 0.0, 1.0]]}, "mean_rme": {"type": "float", "data": 0.0022373476043686916}, "max_rme": {"type": "float", "data": 0.006278253117913302}, "simu": {"type": "float", "data": 0.002}}, {"type": "dict", "image_number": {"type": "int", "data": 17}, "Hcamera2end": {"type": "ndarray", "data": [[0.9999902980658922, 0.0037635335995474077, 0.002289014838979287, -0.015302422062917221], [-0.0022906958451927176, 0.00044240646831483765, 0.9999972784908276, 0.026364107578821128], [0.0037625106820853623, -0.999992820019905, 0.0004510232868960573, 0.03529112354430131], [0.0, 0.0, 0.0, 1.0]]}, "Hobj2base": {"type": "ndarray", "data": [[0.9999924245972595, 0.0036812517469573714, 0.0012645685706395276, -0.736791913908001], [0.003677620046926204, -0.9999891410920472, 0.002862308295743882, 0.09128092087824634], [0.0012750917162198568, -0.0028576360098796776, -0.9999951040167896, 0.0030057020799509828], [0.0, 0.0, 0.0, 1.0]]}, "mean_rme": {"type": "float", "data": 0.0021686518335195014}, "max_rme": {"type": "float", "data": 0.006194795010608267}, "simu": {"type": "float", "data": 0.002}}, {"type": "dict", "image_number": {"type": "int", "data": 18}, "Hcamera2end": {"type": "ndarray", "data": [[0.9999906803526791, 0.0036423485223208334, 0.0023178664818668928, -0.015353908465792898], [-0.0023211868602519585, 0.0009076409636591398, 0.9999968941348971, 0.02567528200499734], [0.003640233419110432, -0.9999929547177433, 0.0009160870762959794, 0.035098561968402636], [0.0, 0.0, 0.0, 1.0]]}, "Hobj2base": {"type": "ndarray", "data": [[0.9999925695276881, 0.003806286809357774, 0.0006107946763636608, -0.7368712276367707], [0.0038046196733244448, -0.9999890963123366, 0.002707789795727587, 0.09115731741282879], [0.0006210946410312747, -0.002705445834128429, -0.9999961473947214, 0.0037815805771051233], [0.0, 0.0, 0.0, 1.0]]}, "mean_rme": {"type": "float", "data": 0.0021171611021031543}, "max_rme": {"type": "float", "data": 0.006224318741993806}, "simu": {"type": "float", "data": 0.002}}, {"type": "dict", "image_number": {"type": "int", "data": 19}, "Hcamera2end": {"type": "ndarray", "data": [[0.9999870627553478, 0.00447488728430408, 0.002418616489844489, -0.0154584981023512], [-0.0024126738342164925, -0.0013329231882457382, 0.999996201153156, 0.02605714458638687], [0.004478094114895432, -0.9999890992903704, -0.001322109500430546, 0.03595002911424306], [0.0, 0.0, 0.0, 1.0]]}, "Hobj2base": {"type": "ndarray", "data": [[0.9999876590806842, 0.004189150779178849, 0.0026707119055661556, -0.7367810981481014], [0.0041826658974628474, -0.9999883022577203, 0.0024291261212638035, 0.09103518462710303], [0.0026808566398501964, -0.0024179254480049734, -0.9999934833008688, 0.0029468089963776934], [0.0, 0.0, 0.0, 1.0]]}, "mean_rme": {"type": "float", "data": 0.0021596484439018833}, "max_rme": {"type": "float", "data": 0.0062280548703130545}, "simu": {"type": "float", "data": 0.002}}, {"type": "dict", "image_number": {"type": "int", "data": 20}, "Hcamera2end": {"type": "ndarray", "data": [[0.9999837487887523, 0.005016878168340936, 0.002707968212055173, -0.01563423072775228], [-0.0027011543146973037, -0.001364472947958717, 0.9999954209789875, 0.026045552057080118], [0.005020550145319668, -0.9999864844821745, -0.0013508994115098982, 0.03601135626245149], [0.0, 0.0, 0.0, 1.0]]}, "Hobj2base": {"type": "ndarray", "data": [[0.9999842025736694, 0.00475652311077784, 0.00299501101821854, -0.7367805941776306], [0.004748344174092577, -0.9999849944033732, 0.0027320680243332375, 0.09090004196153846], [0.003007961220989267, -0.002717803521570192, -0.9999917828228944, 0.0029002797944079504], [0.0, 0.0, 0.0, 1.0]]}, "mean_rme": {"type": "float", "data": 0.002104775438664753}, "max_rme": {"type": "float", "data": 0.006332388676275391}, "simu": {"type": "float", "data": 0.002}}, {"type": "dict", "image_number": {"type": "int", "data": 21}, "Hcamera2end": {"type": "ndarray", "data": [[0.9999853930002071, 0.004716637520498953, 0.0026395296402202542, -0.015352905293344134], [-0.0026349313681486375, -0.0009808529522632448, 0.9999960475242747, 0.02626433378226051], [0.004719207868543844, -0.9999883955616619, -0.0009684106087894939, 0.03586305164307125], [0.0, 0.0, 0.0, 1.0]]}, "Hobj2base": {"type": "ndarray", "data": [[0.9999871277257126, 0.004253342233627442, 0.0027664892414151184, -0.7367880086896577], [0.0042458829627313715, -0.9999873503265311, 0.0026966024534162115, 0.09117418060631581], [0.0027779238193319762, -0.002684821552473083, -0.9999925374083982, 0.0026681009865231315], [0.0, 0.0, 0.0, 1.0]]}, "mean_rme": {"type": "float", "data": 0.0020292758804890455}, "max_rme": {"type": "float", "data": 0.006418503860970759}, "simu": {"type": "float", "data": 0.002}}, {"type": "dict", "image_number": {"type": "int", "data": 22}, "Hcamera2end": {"type": "ndarray", "data": [[0.9999885182436073, 0.003992449633637174, 0.0026502314761899038, -0.014766712040526727], [-0.002645546747562066, -0.0011782215556752629, 0.9999958064293931, 0.026314904750656853], [0.003995555450870517, -0.9999913360324121, -0.0011676458154792346, 0.036113579383237435], [0.0, 0.0, 0.0, 1.0]]}, "Hobj2base": {"type": "ndarray", "data": [[0.9999896015650871, 0.0036449899670068136, 0.0027405856743957895, -0.7370158851118794], [0.0036372306642684085, -0.9999893781363003, 0.0028309305308706046, 0.09187280701959141], [0.002750875277650615, -0.002820932951370769, -0.999992237481117, 0.002648883089040453], [0.0, 0.0, 0.0, 1.0]]}, "mean_rme": {"type": "float", "data": 0.002036728830892479}, "max_rme": {"type": "float", "data": 0.006344010550226042}, "simu": {"type": "float", "data": 0.002}}, {"type": "dict", "image_number": {"type": "int", "data": 23}, "Hcamera2end": {"type": "ndarray", "data": [[0.9999891434364068, 0.004071323405657375, 0.002266569003607939, -0.014580652075833764], [-0.002261731715486646, -0.0011923480004571996, 0.9999967314326049, 0.02639898754042317], [0.004074012637281786, -0.9999910012754979, -0.0011831268143847051, 0.03612318849464229], [0.0, 0.0, 0.0, 1.0]]}, "Hobj2base": {"type": "ndarray", "data": [[0.9999898238442121, 0.0037579653941705172, 0.0024959775876125852, -0.7370251630941193], [0.0037519007598911486, -0.9999900090784439, 0.0024300172800589353, 0.09174230562183397], [0.002505084571342, -0.002420627891616891, -0.9999939325375433, 0.0026304734898415687], [0.0, 0.0, 0.0, 1.0]]}, "mean_rme": {"type": "float", "data": 0.0020045574357608247}, "max_rme": {"type": "float", "data": 0.0062178602330579535}, "simu": {"type": "float", "data": 0.002}}, {"type": "dict", "image_number": {"type": "int", "data": 24}, "Hcamera2end": {"type": "ndarray", "data": [[0.9999841934130651, 0.004874710608530827, 0.002801806650141075, -0.014333460433569747], [-0.0027892018615327018, -0.0025906308700405223, 0.9999927544660866, 0.027927893137058537], [0.004881933735449535, -0.9999847627980031, -0.002576993369104885, 0.036661003263786164], [0.0, 0.0, 0.0, 1.0]]}, "Hobj2base": {"type": "ndarray", "data": [[0.999981697725954, 0.004773883761677623, 0.003716752204379612, -0.737113284447951], [0.004763012463198973, -0.9999843691947425, 0.002928323491087554, 0.09165571468924583], [0.0037306735845127567, -0.0029105669590364426, -0.9999888052746306, 0.0007718243448665146], [0.0, 0.0, 0.0, 1.0]]}, "mean_rme": {"type": "float", "data": 0.0021526692890588214}, "max_rme": {"type": "float", "data": 0.006316820719369565}, "simu": {"type": "float", "data": 0.002}}, {"type": "dict", "image_number": {"type": "int", "data": 25}, "Hcamera2end": {"type": "ndarray", "data": [[0.9999835009293803, 0.004722976681143275, 0.003269764561783654, -0.014765461000486283], [-0.003258200833156102, -0.0024540211100487763, 0.9999916809192577, 0.028530225157428927], [0.004730961461578425, -0.9999858355355145, -0.0024385922144238847, 0.036638269057781905], [0.0, 0.0, 0.0, 1.0]]}, "Hobj2base": {"type": "ndarray", "data": [[0.9999824759506397, 0.004525111598487791, 0.003817218444041748, -0.7370876370418324], [0.004511918743827609, -0.9999838433061534, 0.0034577038484245146, 0.09141068117007778], [0.0038328032662006436, -0.0034404202760046454, -0.9999867364757629, 0.0003228617774212461], [0.0, 0.0, 0.0, 1.0]]}, "mean_rme": {"type": "float", "data": 0.0021398395257794744}, "max_rme": {"type": "float", "data": 0.006341483105580803}, "simu": {"type": "float", "data": 0.002}}, {"type": "dict", "image_number": {"type": "int", "data": 26}, "Hcamera2end": {"type": "ndarray", "data": [[0.9999884233482156, 0.003458629402002862, 0.003345303007127452, -0.014831566900695956], [-0.003341315110080973, -0.0011581641244533536, 0.9999937471150487, 0.028787519726791222], [0.0034624821855194035, -0.9999933482471374, -0.0011465943461095307, 0.03618183276082074], [0.0, 0.0, 0.0, 1.0]]}, "Hobj2base": {"type": "ndarray", "data": [[0.9999912451713551, 0.0032703666624543035, 0.002610418076863828, -0.7369577312503517], [0.0032606584423005586, -0.9999877846259313, 0.0037146608788437567, 0.09164503605495633], [0.002622534492731037, -0.0037061166758840286, -0.9999896934528973, 0.00038933831549626136], [0.0, 0.0, 0.0, 1.0]]}, "mean_rme": {"type": "float", "data": 0.002147072762851034}, "max_rme": {"type": "float", "data": 0.006686707458982699}, "simu": {"type": "float", "data": 0.002}}, {"type": "dict", "image_number": {"type": "int", "data": 27}, "Hcamera2end": {"type": "ndarray", "data": [[0.9999906041180504, 0.0027108931956771574, 0.003382710998315797, -0.015179578900892313], [-0.0033821193279542656, -0.0002228112021311901, 0.999994255795512, 0.028559997745821752], [0.0027116313296562927, -0.9999963006997826, -0.00021364054435024649, 0.035858844666998735], [0.0, 0.0, 0.0, 1.0]]}, "Hobj2base": {"type": "ndarray", "data": [[0.9999949841468465, 0.0024146272614618877, 0.0020496966449791297, -0.7368678209798559], [0.0024065524458518634, -0.9999893704062075, 0.00393288442779839, 0.09159847248973538], [0.0020591713074919363, -0.0039279319985534005, -0.9999901655335122, 0.0008957634201943649], [0.0, 0.0, 0.0, 1.0]]}, "mean_rme": {"type": "float", "data": 0.0021830186794697757}, "max_rme": {"type": "float", "data": 0.00667681078408397}, "simu": {"type": "float", "data": 0.002}}, {"type": "dict", "image_number": {"type": "int", "data": 28}, "Hcamera2end": {"type": "ndarray", "data": [[0.999989750531349, 0.0027819293423324526, 0.003572072421530301, -0.015201347296490393], [-0.003571032952756951, -0.0003785279290582366, 0.9999935521993415, 0.02894802841973458], [0.0027832635341827755, -0.999996058785104, -0.00036858968799435843, 0.0359193245982115], [0.0, 0.0, 0.0, 1.0]]}, "Hobj2base": {"type": "ndarray", "data": [[0.9999950840412508, 0.002328867880833561, 0.0020995875131523045, -0.7368666547307215], [0.002320417936402474, -0.9999892353435509, 0.004018066403254701, 0.091590140659374], [0.0021089224576036365, -0.004013174730081446, -0.9999897233845223, 0.0004939580322496917], [0.0, 0.0, 0.0, 1.0]]}, "mean_rme": {"type": "float", "data": 0.00216006450588755}, "max_rme": {"type": "float", "data": 0.006603483654125636}, "simu": {"type": "float", "data": 0.002}}, {"type": "dict", "image_number": {"type": "int", "data": 29}, "Hcamera2end": {"type": "ndarray", "data": [[0.9999884899150379, 0.0030998179753600483, 0.003662125880133542, -0.015178309828497348], [-0.003659714597147515, -0.0007831940516858094, 0.9999929965235479, 0.028606613321136377], [0.0031026644210636993, -0.9999948888547365, -0.0007718405879628687, 0.03605386610103888], [0.0, 0.0, 0.0, 1.0]]}, "Hobj2base": {"type": "ndarray", "data": [[0.999994137402394, 0.0024787020678364814, 0.002362455692901714, -0.7368955187972831], [0.0024690506136996774, -0.999988630480626, 0.004079546365587429, 0.09152657465783047], [0.0023725408129281595, -0.004073689426170275, -0.9999888879905368, 0.000779280732879844], [0.0, 0.0, 0.0, 1.0]]}, "mean_rme": {"type": "float", "data": 0.00216770337919438}, "max_rme": {"type": "float", "data": 0.0066057447074898135}, "simu": {"type": "float", "data": 0.002}}, {"type": "dict", "image_number": {"type": "int", "data": 30}, "Hcamera2end": {"type": "ndarray", "data": [[0.9999883093418929, 0.002972024474017114, 0.003814216835539811, -0.015102141546587318], [-0.0038109150189898433, -0.001115837692752919, 0.9999921158854009, 0.028442516293905432], [0.002976257089148999, -0.9999949609756885, -0.0011044985151711373, 0.03621346530470434], [0.0, 0.0, 0.0, 1.0]]}, "Hobj2base": {"type": "ndarray", "data": [[0.9999939239634615, 0.0021707191508783634, 0.002727639002253226, -0.7368395849107483], [0.0021596845202767985, -0.9999894991787672, 0.0040419419801390275, 0.09170403580392011], [0.002736384280666703, -0.004036026581421801, -0.9999881112745801, 0.000912963579471319], [0.0, 0.0, 0.0, 1.0]]}, "mean_rme": {"type": "float", "data": 0.0021344123528786825}, "max_rme": {"type": "float", "data": 0.006617171483046469}, "simu": {"type": "float", "data": 0.002}}]}