{"type": "list", "data": [{"type": "dict", "image_number": {"type": "int", "data": 5}, "Hcamera2end": {"type": "ndarray", "data": [[0.9998181163648212, -0.0037708999803906414, 0.018695306952246103, -0.01640175179728921], [-0.018646287086410432, 0.012640759123538903, 0.9997462313940831, 0.02779902244726446], [-0.004006265916283531, -0.999912991975861, 0.01256814669270967, 0.03291786021947504], [0.0, 0.0, 0.0, 1.0]]}, "Hobj2base": {"type": "ndarray", "data": [[0.9999396515246689, -0.007974037297279624, -0.007556986033161334, -0.7416115719087033], [-0.007823281606647386, -0.9997738855382956, 0.019773064015534345, 0.10093292071953255], [-0.007712948439273706, -0.019712750311433457, -0.9997759338479459, 0.0015552415600648128], [0.0, 0.0, 0.0, 1.0]]}, "mean_rme": {"type": "float", "data": 0.0010339855832542434}, "max_rme": {"type": "float", "data": 0.003483383318932387}, "simu": {"type": "float", "data": 0.002}}, {"type": "dict", "image_number": {"type": "int", "data": 6}, "Hcamera2end": {"type": "ndarray", "data": [[0.9999079949646591, -0.0028577246997859096, 0.013260279608497749, -0.01604206407705243], [-0.013238195564700274, 0.0076129585023531066, 0.9998833897215375, 0.028592647700152567], [-0.0029583414181019903, -0.9999669375896293, 0.007574426953391278, 0.03308553473822916], [0.0, 0.0, 0.0, 1.0]]}, "Hobj2base": {"type": "ndarray", "data": [[0.9999875685514705, -0.003522738377092895, -0.0035288888966105133, -0.7384726866924044], [-0.0034725746803953668, -0.9998942520820238, 0.01412182277255755, 0.09629094338577802], [-0.00357826321099232, -0.014109392887612314, -0.999894054920188, 0.0002871901647805153], [0.0, 0.0, 0.0, 1.0]]}, "mean_rme": {"type": "float", "data": 0.0015203384421200187}, "max_rme": {"type": "float", "data": 0.005572520488786092}, "simu": {"type": "float", "data": 0.002}}, {"type": "dict", "image_number": {"type": "int", "data": 7}, "Hcamera2end": {"type": "ndarray", "data": [[0.9999850002184858, -0.0005964386005916258, 0.0054445935597417375, -0.01738807696556814], [-0.005448639722892945, -0.007006412164731302, 0.9999606104811071, 0.025930007207901267], [-0.0005582680406131073, -0.9999752769191715, -0.007009556849131071, 0.03292634242113011], [0.0, 0.0, 0.0, 1.0]]}, "Hobj2base": {"type": "ndarray", "data": [[0.9999544811434156, 0.0027191921920306722, 0.009145580081405867, -0.729484252388825], [0.0026576051139519464, -0.9999737577528762, 0.006739505964919555, 0.0908388368736601], [0.009163666092831228, -0.006714893849919685, -0.9999354666298843, 0.0008535982067391685], [0.0, 0.0, 0.0, 1.0]]}, "mean_rme": {"type": "float", "data": 0.002170085590244518}, "max_rme": {"type": "float", "data": 0.006581745587337429}, "simu": {"type": "float", "data": 0.002}}, {"type": "dict", "image_number": {"type": "int", "data": 8}, "Hcamera2end": {"type": "ndarray", "data": [[0.9999914802959136, -0.0006173794768868156, 0.004081443147827916, -0.0173167886445741], [-0.00408695871026046, -0.009213228886065794, 0.999949205300946, 0.02565744570759505], [-0.0005797448473756819, -0.999957366719239, -0.009215673596512541, 0.03271444630794458], [0.0, 0.0, 0.0, 1.0]]}, "Hobj2base": {"type": "ndarray", "data": [[0.999929840620018, 0.0036882377027749385, 0.011256586528480961, -0.728048778941998], [0.0036288322606302893, -0.9999794062543192, 0.005293263991361642, 0.08999639907690005], [0.011275877529024448, -0.0052520443549028, -0.9999226323151424, 0.0004716339504300185], [0.0, 0.0, 0.0, 1.0]]}, "mean_rme": {"type": "float", "data": 0.0019314771702101218}, "max_rme": {"type": "float", "data": 0.006595540568369307}, "simu": {"type": "float", "data": 0.002}}, {"type": "dict", "image_number": {"type": "int", "data": 9}, "Hcamera2end": {"type": "ndarray", "data": [[0.9999831832657068, -0.0010621826132658908, 0.005701311592946963, -0.017318672358412973], [-0.00570562064890613, -0.004098921027387181, 0.9999753220652109, 0.025895616140550345], [-0.00103878717482061, -0.9999910352670706, -0.0041049125079726245, 0.03319479543720774], [0.0, 0.0, 0.0, 1.0]]}, "Hobj2base": {"type": "ndarray", "data": [[0.9999772515383653, 0.002131988470271041, 0.006399299253789674, -0.7311870094476006], [0.0020877206731695886, -0.9999739025768357, 0.006916327612525618, 0.0911443490119727], [0.006413877779295614, -0.006902810327366335, -0.9999556057052816, 0.0015145423882606782], [0.0, 0.0, 0.0, 1.0]]}, "mean_rme": {"type": "float", "data": 0.001892720575324899}, "max_rme": {"type": "float", "data": 0.006555879474132775}, "simu": {"type": "float", "data": 0.002}}, {"type": "dict", "image_number": {"type": "int", "data": 10}, "Hcamera2end": {"type": "ndarray", "data": [[0.9999831451372537, -0.0009706218898929363, 0.005724275897702292, -0.017242915976401096], [-0.005724729688423708, -0.0004653937726417645, 0.9999835053032778, 0.026014878741655367], [-0.0009679418374235562, -0.9999994206507238, -0.00047094247644285936, 0.033277978387298034], [0.0, 0.0, 0.0, 1.0]]}, "Hobj2base": {"type": "ndarray", "data": [[0.9999942215115858, 0.001833007622684994, 0.0028630449686771107, -0.7334195089383077], [0.0018117382767144563, -0.9999708751626859, 0.00741393490587792, 0.09129849510878225], [0.0028765513821547395, -0.007408704976383256, -0.9999684177726409, 0.002186684309293274], [0.0, 0.0, 0.0, 1.0]]}, "mean_rme": {"type": "float", "data": 0.0017782026771775107}, "max_rme": {"type": "float", "data": 0.006680355481225808}, "simu": {"type": "float", "data": 0.002}}, {"type": "dict", "image_number": {"type": "int", "data": 11}, "Hcamera2end": {"type": "ndarray", "data": [[0.9999895340762012, -0.0017538469301614284, 0.00422560753118451, -0.01660982873434358], [-0.004218740922058494, 0.003900575934233763, 0.9999834937299785, 0.0260010475246047], [-0.0017703002837340786, -0.9999908547223455, 0.0038931360852879626, 0.034853823318023704], [0.0, 0.0, 0.0, 1.0]]}, "Hobj2base": {"type": "ndarray", "data": [[0.9999994074230617, -0.00035350016159657713, -0.0010296558460202692, -0.7371344007823392], [-0.0003472122175121005, -0.9999813306990972, 0.006100630864013627, 0.09148563120941716], [-0.0010317931970617235, -0.006100269739830896, -0.9999808608727969, 0.002588570277738213], [0.0, 0.0, 0.0, 1.0]]}, "mean_rme": {"type": "float", "data": 0.0017414142664921842}, "max_rme": {"type": "float", "data": 0.006632490145415448}, "simu": {"type": "float", "data": 0.002}}, {"type": "dict", "image_number": {"type": "int", "data": 12}, "Hcamera2end": {"type": "ndarray", "data": [[0.9999909346375178, -0.0033628784201830994, 0.0026118368086145934, -0.01656931412172655], [-0.002606883890151949, 0.0014763630746692513, 0.9999955122441575, 0.02764342592881016], [-0.0033667193478271224, -0.9999932556776585, 0.0014675830573247506, 0.03559229152688671], [0.0, 0.0, 0.0, 1.0]]}, "Hobj2base": {"type": "ndarray", "data": [[0.9999992762466973, -0.00017182599198509955, 0.0011907904559879004, -0.7367234886186084], [-0.0001765996237343291, -0.9999919449357919, 0.00400984739175236, 0.08968347170672906], [0.0011900918680885224, -0.004010054782758541, -0.9999912515327245, 0.0010982839160907458], [0.0, 0.0, 0.0, 1.0]]}, "mean_rme": {"type": "float", "data": 0.00196907229963381}, "max_rme": {"type": "float", "data": 0.007301265462500706}, "simu": {"type": "float", "data": 0.002}}, {"type": "dict", "image_number": {"type": "int", "data": 13}, "Hcamera2end": {"type": "ndarray", "data": [[0.9999941228428401, -0.0033501864192593796, 0.0007283754080487279, -0.017417841440696538], [-0.0006940819202408868, 0.010226089575177455, 0.9999474712915114, 0.02773030850052649], [-0.003357458870460643, -0.999942099995273, 0.010223704171018921, 0.03630460359951021], [0.0, 0.0, 0.0, 1.0]]}, "Hobj2base": {"type": "ndarray", "data": [[0.9999704100907955, -0.0036047427093496526, -0.006795937966590704, -0.7423424150912182], [-0.003591272696436922, -0.9999915648604256, 0.001993230648139694, 0.08845551762535446], [-0.006803065725552352, -0.001968765602159696, -0.9999749208148858, 0.0028731364162763364], [0.0, 0.0, 0.0, 1.0]]}, "mean_rme": {"type": "float", "data": 0.0020998834206692792}, "max_rme": {"type": "float", "data": 0.0073579312716874345}, "simu": {"type": "float", "data": 0.002}}, {"type": "dict", "image_number": {"type": "int", "data": 14}, "Hcamera2end": {"type": "ndarray", "data": [[0.9999912830876161, -0.004175284375484151, -2.7370915955747532e-05, -0.01732935591872684], [6.696337468938864e-05, 0.00948273271349942, 0.9999550356371985, 0.028357601066687322], [-0.00417483708540256, -0.9999463209496138, 0.009482929644481275, 0.03664694519164018], [0.0, 0.0, 0.0, 1.0]]}, "Hobj2base": {"type": "ndarray", "data": [[0.9999709139426824, -0.004291050431259737, -0.006305406793606472, -0.7423029978890094], [-0.004282998203217309, -0.9999899958834815, 0.0012899842423181214, 0.08788516373861602], [-0.0063108791010215316, -0.0012629406757949397, -0.9999792886784311, 0.002380323307743733], [0.0, 0.0, 0.0, 1.0]]}, "mean_rme": {"type": "float", "data": 0.002109220068296213}, "max_rme": {"type": "float", "data": 0.007619931823796777}, "simu": {"type": "float", "data": 0.002}}, {"type": "dict", "image_number": {"type": "int", "data": 15}, "Hcamera2end": {"type": "ndarray", "data": [[0.9999871940365075, -0.005050768429875696, 0.0003185926238845117, -0.017806134769414332], [-0.0002700922503976657, 0.009600348774098433, 0.9999538791132279, 0.02725180036487482], [-0.005053594084262977, -0.9999411597897565, 0.009598861658971058, 0.03630672932434238], [0.0, 0.0, 0.0, 1.0]]}, "Hobj2base": {"type": "ndarray", "data": [[0.9999651715863664, -0.004991120942402415, -0.006689119971041467, -0.7421000088063845], [-0.004980746278316182, -0.9999863686560295, 0.001566738216211545, 0.08850970107432857], [-0.006696848569268479, -0.00153336683980392, -0.9999764002242126, 0.003497931125465233], [0.0, 0.0, 0.0, 1.0]]}, "mean_rme": {"type": "float", "data": 0.0021702947424036565}, "max_rme": {"type": "float", "data": 0.007957751762611431}, "simu": {"type": "float", "data": 0.002}}, {"type": "dict", "image_number": {"type": "int", "data": 16}, "Hcamera2end": {"type": "ndarray", "data": [[0.9999837571209328, -0.005693252634844636, 0.00026901438452009646, -0.01859215479827922], [-0.00020835253295937908, 0.010652955140677212, 0.9999432339568045, 0.026684229792305097], [-0.005695795249590133, -0.9999270480496097, 0.010651595902407829, 0.03616937368265445], [0.0, 0.0, 0.0, 1.0]]}, "Hobj2base": {"type": "ndarray", "data": [[0.9999542272023233, -0.0058262014039407875, -0.007589392426611882, -0.74224647891363], [-0.005813233030680375, -0.9999816070770242, 0.0017296905454616868, 0.08813016088437789], [-0.007599330360985897, -0.0016854924659491304, -0.9999697041876878, 0.004537338368307553], [0.0, 0.0, 0.0, 1.0]]}, "mean_rme": {"type": "float", "data": 0.002128506731309032}, "max_rme": {"type": "float", "data": 0.00785501433863156}, "simu": {"type": "float", "data": 0.002}}, {"type": "dict", "image_number": {"type": "int", "data": 17}, "Hcamera2end": {"type": "ndarray", "data": [[0.9999858507530316, -0.005192468436513109, 0.0011560991616136477, -0.018536756108965945], [-0.0011079117933752037, 0.00927355125303364, 0.9999563859382145, 0.02828052947771314], [-0.005202963116702713, -0.9999435181642476, 0.009267667242249145, 0.036270780561705025], [0.0, 0.0, 0.0, 1.0]]}, "Hobj2base": {"type": "ndarray", "data": [[0.9999604509383209, -0.005575063662501298, -0.006929301868812666, -0.7417771989725995], [-0.005559501055773085, -0.9999819848894487, 0.002263149259053987, 0.08794526367329583], [-0.006941794237870427, -0.0022245362925689166, -0.9999734311125679, 0.0028010906878365846], [0.0, 0.0, 0.0, 1.0]]}, "mean_rme": {"type": "float", "data": 0.0021970424159702996}, "max_rme": {"type": "float", "data": 0.007885903039725473}, "simu": {"type": "float", "data": 0.002}}, {"type": "dict", "image_number": {"type": "int", "data": 18}, "Hcamera2end": {"type": "ndarray", "data": [[0.9999883343279633, -0.004694646571303501, 0.0011364425000552358, -0.01879206241379344], [-0.0010990996892296936, 0.007949275525845456, 0.9999677999808231, 0.028335970648652918], [-0.004703529298146096, -0.9999573837480199, 0.007944022907616644, 0.03684551319067384], [0.0, 0.0, 0.0, 1.0]]}, "Hobj2base": {"type": "ndarray", "data": [[0.9999673313773947, -0.005533988283211043, -0.0058916170660509885, -0.7418041364561381], [-0.005520956707634904, -0.9999822821455877, 0.0022258553265596783, 0.0877150084456865], [-0.005903830536534863, -0.0021932552481724104, -0.9999801670115325, 0.0026824244467795588], [0.0, 0.0, 0.0, 1.0]]}, "mean_rme": {"type": "float", "data": 0.0021958145485762377}, "max_rme": {"type": "float", "data": 0.007907634859624868}, "simu": {"type": "float", "data": 0.002}}, {"type": "dict", "image_number": {"type": "int", "data": 19}, "Hcamera2end": {"type": "ndarray", "data": [[0.9999972820647959, -0.0017625862781506113, 0.001526156162734383, -0.017725621019635877], [-0.0015245661950561479, 0.0009030567441185022, 0.9999984300919849, 0.02898256958170482], [-0.001763961716667621, -0.9999980388871417, 0.0009003671102132405, 0.03709430371294828], [0.0, 0.0, 0.0, 1.0]]}, "Hobj2base": {"type": "ndarray", "data": [[0.9999988814469517, -0.0014080868220460888, -0.0005043771872797926, -0.7390192513169688], [-0.0014064928614092099, -0.9999940597253605, 0.0031467907180279865, 0.08843857979103044], [-0.0005088051456825703, -0.0031460777952622694, -0.9999949216430202, 0.0004894905780753788], [0.0, 0.0, 0.0, 1.0]]}, "mean_rme": {"type": "float", "data": 0.0023576916866198737}, "max_rme": {"type": "float", "data": 0.007888362742596855}, "simu": {"type": "float", "data": 0.002}}, {"type": "dict", "image_number": {"type": "int", "data": 20}, "Hcamera2end": {"type": "ndarray", "data": [[0.9999983878331029, -0.00030022674844522844, 0.0017703658081091773, -0.017401011659794276], [-0.001771346216768715, -0.003297356467649948, 0.999992994861917, 0.02945326950819854], [-0.00029438711816792457, -0.9999945186370899, -0.003297882957276066, 0.03687233536607148], [0.0, 0.0, 0.0, 1.0]]}, "Hobj2base": {"type": "ndarray", "data": [[0.9999953852752137, 0.0005740770332653227, 0.002983263956937224, -0.7368282502373154], [0.0005637634677612584, -0.9999938662187207, 0.0034568331878149883, 0.08871890236467302], [0.002985230146789567, -0.0034551353802475845, -0.9999895751658991, -0.0008783952997285238], [0.0, 0.0, 0.0, 1.0]]}, "mean_rme": {"type": "float", "data": 0.002432134227969143}, "max_rme": {"type": "float", "data": 0.007801285849887818}, "simu": {"type": "float", "data": 0.002}}, {"type": "dict", "image_number": {"type": "int", "data": 21}, "Hcamera2end": {"type": "ndarray", "data": [[0.9999955285369576, -0.0011544565115482702, 0.002758647540667815, -0.01707672481556173], [-0.002764969368580315, -0.005510729413592097, 0.9999809932222319, 0.029249374471625924], [-0.0011392324089058202, -0.9999841494201263, -0.005513896809461016, 0.03589678566894601], [0.0, 0.0, 0.0, 1.0]]}, "Hobj2base": {"type": "ndarray", "data": [[0.99998807224897, 0.0003811506085470655, 0.004869300155295781, -0.7343716802888286], [0.0003592865253287691, -0.9999898541158814, 0.004490275992707804, 0.08962036221161661], [0.0048709622233678316, -0.004488472959880128, -0.9999780634281468, -0.0011063124070116819], [0.0, 0.0, 0.0, 1.0]]}, "mean_rme": {"type": "float", "data": 0.002458416518703138}, "max_rme": {"type": "float", "data": 0.007794755039375434}, "simu": {"type": "float", "data": 0.002}}, {"type": "dict", "image_number": {"type": "int", "data": 22}, "Hcamera2end": {"type": "ndarray", "data": [[0.9999958483351572, -0.0006614614875545171, 0.0028045999981714583, -0.017008575935852383], [-0.0028084000301293924, -0.005815701021252062, 0.9999791450379865, 0.029277113635571488], [-0.0006451369777267513, -0.9999828698984459, -0.005817534524872325, 0.03593819542895424], [0.0, 0.0, 0.0, 1.0]]}, "Hobj2base": {"type": "ndarray", "data": [[0.9999874081236879, 0.0009683539989177203, 0.0049240110277626046, -0.73450512135543], [0.0009457802646776473, -0.9999890430274454, 0.004584683712670807, 0.08959675406100763], [0.004928396672315851, -0.004579968950447454, -0.9999773671392036, -0.001155892494362848], [0.0, 0.0, 0.0, 1.0]]}, "mean_rme": {"type": "float", "data": 0.002416726760028753}, "max_rme": {"type": "float", "data": 0.007911603988110527}, "simu": {"type": "float", "data": 0.002}}, {"type": "dict", "image_number": {"type": "int", "data": 23}, "Hcamera2end": {"type": "ndarray", "data": [[0.99999338345177, -0.0008259066640016375, 0.0035427292958400813, -0.0173032416376785], [-0.003547395991154751, -0.005719113368300777, 0.9999773536055516, 0.029212030353478566], [-0.0008056266897174371, -0.9999833046708644, -0.0057220053455004916, 0.03620600899073435], [0.0, 0.0, 0.0, 1.0]]}, "Hobj2base": {"type": "ndarray", "data": [[0.9999876511487873, 0.000880461230354729, 0.004891046713445762, -0.7348086642393582], [0.0008555151124090226, -0.9999866283620125, 0.005100116769919734, 0.08973661032096794], [0.004895471767225925, -0.005095869424957723, -0.9999750329238126, -0.000914373451442289], [0.0, 0.0, 0.0, 1.0]]}, "mean_rme": {"type": "float", "data": 0.002366439369499625}, "max_rme": {"type": "float", "data": 0.007943397344276126}, "simu": {"type": "float", "data": 0.002}}, {"type": "dict", "image_number": {"type": "int", "data": 24}, "Hcamera2end": {"type": "ndarray", "data": [[0.9999954613995076, -0.0012143282848281658, 0.0027572789489868316, -0.01737518056436683], [-0.0027650806249994043, -0.006470564127123213, 0.9999752427580466, 0.029208362693845604], [-0.0011964570711532215, -0.9999783283685171, -0.006473892475430398, 0.03599519918078812], [0.0, 0.0, 0.0, 1.0]]}, "Hobj2base": {"type": "ndarray", "data": [[0.9999820311931169, 0.0009447413288137233, 0.0059198610380489375, -0.7340629000363101], [0.0009195641908547636, -0.9999905277311405, 0.004254274285254644, 0.08929021836446543], [0.005923824152274963, -0.004248754148796159, -0.9999734278447583, -0.0011642098786715238], [0.0, 0.0, 0.0, 1.0]]}, "mean_rme": {"type": "float", "data": 0.0023423924300401823}, "max_rme": {"type": "float", "data": 0.007941005653085031}, "simu": {"type": "float", "data": 0.002}}, {"type": "dict", "image_number": {"type": "int", "data": 25}, "Hcamera2end": {"type": "ndarray", "data": [[0.9999958604975826, -0.0011628791077723092, 0.0026318624356141854, -0.01742075245220116], [-0.0026396352478283568, -0.0067339132154973225, 0.9999738430271887, 0.02936623242822992], [-0.001145125957138551, -0.9999766507899006, -0.006736954917129223, 0.035792382392398826], [0.0, 0.0, 0.0, 1.0]]}, "Hobj2base": {"type": "ndarray", "data": [[0.9999799187114118, 0.0010984318641500946, 0.006241443852041572, -0.733695857888586], [0.0010727175760813724, -0.9999909300565948, 0.004121781356197558, 0.08921892738199935], [0.0062459147384777754, -0.004115003278996437, -0.9999720272573096, -0.0013863127031252165], [0.0, 0.0, 0.0, 1.0]]}, "mean_rme": {"type": "float", "data": 0.0023223813610461813}, "max_rme": {"type": "float", "data": 0.007907990468379145}, "simu": {"type": "float", "data": 0.002}}, {"type": "dict", "image_number": {"type": "int", "data": 26}, "Hcamera2end": {"type": "ndarray", "data": [[0.99999389304652, -0.0022709181262009744, 0.0026564639145429643, -0.017801913091165928], [-0.0026679330375989152, -0.0050624126302853956, 0.9999836269217949, 0.02915915340994513], [-0.0022574328278080168, -0.9999846073361452, -0.0050684403718617155, 0.03549609018944861], [0.0, 0.0, 0.0, 1.0]]}, "Hobj2base": {"type": "ndarray", "data": [[0.9999850513911631, -0.0002180679459949081, 0.005463464155999778, -0.7339993410970183], [-0.00023798649065609394, -0.9999933272350947, 0.0036453871832386993, 0.08905926022446937], [0.00546263275749249, -0.00364663292043295, -0.9999784306232316, -0.0008725179208884082], [0.0, 0.0, 0.0, 1.0]]}, "mean_rme": {"type": "float", "data": 0.002406168654358183}, "max_rme": {"type": "float", "data": 0.007911276755634133}, "simu": {"type": "float", "data": 0.002}}, {"type": "dict", "image_number": {"type": "int", "data": 27}, "Hcamera2end": {"type": "ndarray", "data": [[0.9999936771327071, -0.0019426376734141184, 0.002978565674438667, -0.01769540689870655], [-0.0029879750810997557, -0.00485884240489276, 0.9999837316953706, 0.029221036850259428], [-0.0019281336887879428, -0.9999863088109526, -0.004864616236036623, 0.0353880388425644], [0.0, 0.0, 0.0, 1.0]]}, "Hobj2base": {"type": "ndarray", "data": [[0.9999864998210485, -8.898537777384471e-05, 0.005195407322886443, -0.734081779969271], [-0.00010732808045828902, -0.9999937623976909, 0.0035303889862016093, 0.08929749457047864], [0.005195060763004103, -0.003530898938413691, -0.999980271853578, -0.0009382694700137911], [0.0, 0.0, 0.0, 1.0]]}, "mean_rme": {"type": "float", "data": 0.0023663027876751758}, "max_rme": {"type": "float", "data": 0.007892261928685307}, "simu": {"type": "float", "data": 0.002}}, {"type": "dict", "image_number": {"type": "int", "data": 28}, "Hcamera2end": {"type": "ndarray", "data": [[0.9999930104772695, -0.0020008575462317473, 0.0031584118932188126, -0.017727472714930588], [-0.003168115692693275, -0.004865358484531956, 0.9999831455228505, 0.02915932640409968], [-0.001985457016721636, -0.9999861623322077, -0.004871663426189388, 0.035504539402301215], [0.0, 0.0, 0.0, 1.0]]}, "Hobj2base": {"type": "ndarray", "data": [[0.999986446777099, 7.877978996826683e-05, 0.005205771398831731, -0.7342238633091289], [6.004692158883018e-05, -0.9999935234343409, 0.003598539111892459, 0.08932709654594854], [0.0052060211754668875, -0.0035981777495427626, -0.999979975029702, -0.0008561491336002028], [0.0, 0.0, 0.0, 1.0]]}, "mean_rme": {"type": "float", "data": 0.002322294064163239}, "max_rme": {"type": "float", "data": 0.007942754060551449}, "simu": {"type": "float", "data": 0.002}}, {"type": "dict", "image_number": {"type": "int", "data": 29}, "Hcamera2end": {"type": "ndarray", "data": [[0.9999936594525242, -0.0018764012884412398, 0.0030265777627241208, -0.017532074328156733], [-0.003035644131095109, -0.004847913967911177, 0.9999836411636288, 0.029081746239759114], [-0.0018616980040887159, -0.9999864883328996, -0.0048535793160413565, 0.035597121929645446], [0.0, 0.0, 0.0, 1.0]]}, "Hobj2base": {"type": "ndarray", "data": [[0.9999871571575848, 0.0002947036723137614, 0.005059512786566566, -0.7344149358779077], [0.00027742320405990326, -0.9999941276447957, 0.0034158033156062506, 0.08936009107460831], [0.00506048972509133, -0.0034143558207343156, -0.9999813666354351, -0.0008349596790014174], [0.0, 0.0, 0.0, 1.0]]}, "mean_rme": {"type": "float", "data": 0.0022942952954031243}, "max_rme": {"type": "float", "data": 0.007997257173542882}, "simu": {"type": "float", "data": 0.002}}, {"type": "dict", "image_number": {"type": "int", "data": 30}, "Hcamera2end": {"type": "ndarray", "data": [[0.9999922134732702, -0.002393728560896112, 0.003137364563832692, -0.018060477880869223], [-0.003148711985568893, -0.004751530114832647, 0.9999837541552363, 0.029107275843155138], [-0.0023787823905472454, -0.9999858464124105, -0.004759030278726373, 0.03525345468380626], [0.0, 0.0, 0.0, 1.0]]}, "Hobj2base": {"type": "ndarray", "data": [[0.9999849457323908, -4.852405110561334e-05, 0.00548688928298383, -0.7340057807942694], [-6.649787350746387e-05, -0.9999946328612823, 0.0032756414123608457, 0.08904911841130862], [0.005486700886696622, -0.003275956966447922, -0.9999795819012176, -0.0007556353491522505], [0.0, 0.0, 0.0, 1.0]]}, "mean_rme": {"type": "float", "data": 0.0023011134672625343}, "max_rme": {"type": "float", "data": 0.008032532740271214}, "simu": {"type": "float", "data": 0.002}}]}