{"type": "list", "data": [{"type": "dict", "image_number": {"type": "int", "data": 5}, "Hcamera2end": {"type": "ndarray", "data": [[0.9999976800781185, 0.0020398343894403076, -0.0006920361584661232, -0.013873356530243613], [0.0006835955301107845, 0.004135695662094041, 0.9999912143206768, 0.035224530609083725], [0.0020426785190480706, -0.999989367492002, 0.004134291645932486, 0.03261169817311435], [0.0, 0.0, 0.0, 1.0]]}, "Hobj2base": {"type": "ndarray", "data": [[0.9999822085784672, 0.004309948237525006, -0.004123938981210969, -0.7371781556838142], [0.004338316554189562, -0.9999668191433877, 0.0068948982392854725, 0.08994484292655942], [-0.004094085490868635, -0.006912666521995126, -0.9999677262319762, -0.005702528358378501], [0.0, 0.0, 0.0, 1.0]]}, "mean_rme": {"type": "float", "data": 0.0012297650550778245}, "max_rme": {"type": "float", "data": 0.0025135370619371322}, "simu": {"type": "float", "data": 0.002}}, {"type": "dict", "image_number": {"type": "int", "data": 6}, "Hcamera2end": {"type": "ndarray", "data": [[0.999853378050515, 0.0013243289863401429, 0.017072450137863605, -0.012102512836403501], [-0.01709504140197942, 0.019501851913050317, 0.999663662104123, 0.03631333846748102], [0.0009909391699338757, -0.999808943711096, 0.01952163197235557, 0.03394138989959334], [0.0, 0.0, 0.0, 1.0]]}, "Hobj2base": {"type": "ndarray", "data": [[0.999870285545503, -0.003402856382946595, -0.01574270153408697, -0.7460580697298491], [-0.003028859407852053, -0.9997140530053781, 0.023719996506063688, 0.10151324039652802], [-0.0158189156974102, -0.023669237250009707, -0.9995946824159085, -0.006229230381945043], [0.0, 0.0, 0.0, 1.0]]}, "mean_rme": {"type": "float", "data": 0.0011848322654449644}, "max_rme": {"type": "float", "data": 0.0036131166903317566}, "simu": {"type": "float", "data": 0.002}}, {"type": "dict", "image_number": {"type": "int", "data": 7}, "Hcamera2end": {"type": "ndarray", "data": [[0.9999768290749997, 0.0023262977381758136, 0.006397628618644759, -0.01345522415478514], [-0.006428294873217605, 0.013422994106822683, 0.9998892439936689, 0.03487008187270623], [0.00224016475548309, -0.9999072014782378, 0.013437637211456854, 0.036325064942582745], [0.0, 0.0, 0.0, 1.0]]}, "Hobj2base": {"type": "ndarray", "data": [[0.9999254432608978, 7.579285747765173e-05, -0.012210740147086698, -0.7460792105023002], [0.0002311308242195489, -0.9999190642989562, 0.01272051217685196, 0.09511474237778494], [-0.012208787738306172, -0.01272238605537887, -0.9998445311122217, -0.0036921728539802212], [0.0, 0.0, 0.0, 1.0]]}, "mean_rme": {"type": "float", "data": 0.0016223629087486892}, "max_rme": {"type": "float", "data": 0.004706694266156886}, "simu": {"type": "float", "data": 0.002}}, {"type": "dict", "image_number": {"type": "int", "data": 8}, "Hcamera2end": {"type": "ndarray", "data": [[0.9999912146718192, 0.002920812656692433, 0.003006564917675779, -0.013846539413704059], [-0.0030389321035159712, 0.011141067163812579, 0.9999333185338519, 0.034578657524925845], [0.002887121550941952, -0.9999336705381392, 0.011149845437231964, 0.0371792153210172], [0.0, 0.0, 0.0, 1.0]]}, "Hobj2base": {"type": "ndarray", "data": [[0.9999416024622199, 0.001418152994629498, -0.0107135665103456, -0.7459167946623932], [0.0015116762241693636, -0.9999607818627985, 0.00872637217483927, 0.09294085100619803], [-0.010700771013392282, -0.008742058019960251, -0.9999045304034253, -0.0031089869612496435], [0.0, 0.0, 0.0, 1.0]]}, "mean_rme": {"type": "float", "data": 0.001646963712193373}, "max_rme": {"type": "float", "data": 0.005703660294516383}, "simu": {"type": "float", "data": 0.002}}, {"type": "dict", "image_number": {"type": "int", "data": 9}, "Hcamera2end": {"type": "ndarray", "data": [[0.9999914843239375, 0.0016202010315529692, 0.0037955537442850356, -0.015120734636381174], [-0.0038121630522046646, 0.010374445636175511, 0.9999389172797535, 0.035169767422176736], [0.001580725299287348, -0.9999448713935981, 0.010380533761266797, 0.037404552827811015], [0.0, 0.0, 0.0, 1.0]]}, "Hobj2base": {"type": "ndarray", "data": [[0.9999590804247157, 0.0015486477836425129, -0.008912865207059844, -0.7452998735949444], [0.0016279690612325977, -0.9999590754722467, 0.008899275106718474, 0.09197498393359464], [-0.008898718609590274, -0.0089134208209648, -0.9999206787222552, -0.0034391216016876644], [0.0, 0.0, 0.0, 1.0]]}, "mean_rme": {"type": "float", "data": 0.0016465163886167982}, "max_rme": {"type": "float", "data": 0.006527551191263997}, "simu": {"type": "float", "data": 0.002}}, {"type": "dict", "image_number": {"type": "int", "data": 10}, "Hcamera2end": {"type": "ndarray", "data": [[0.9999855636623269, 0.0037106698417019132, 0.0038863088225549983, -0.016055205513033143], [-0.003917911847570015, 0.00854785674572034, 0.9999557910786903, 0.03495401698698174], [0.0036772861859060463, -0.9999565815946112, 0.008562271423309231, 0.03758099485571621], [0.0, 0.0, 0.0, 1.0]]}, "Hobj2base": {"type": "ndarray", "data": [[0.9999602754007982, 0.0044531267144299735, -0.007721222884031729, -0.7453947449147206], [0.004516273130018287, -0.9999563425601412, 0.008180235373166112, 0.09068283593436766], [-0.007684458170537462, -0.008214781568036572, -0.9999367312317387, -0.003160224588506677], [0.0, 0.0, 0.0, 1.0]]}, "mean_rme": {"type": "float", "data": 0.001709943219404921}, "max_rme": {"type": "float", "data": 0.00616412799053187}, "simu": {"type": "float", "data": 0.002}}, {"type": "dict", "image_number": {"type": "int", "data": 11}, "Hcamera2end": {"type": "ndarray", "data": [[0.9999882868382187, 0.0022284861885318516, 0.004296514363065279, -0.015590464296086333], [-0.004316668156174733, 0.009119156179879129, 0.9999491023880148, 0.03569087284096808], [0.002189192178400627, -0.9999559364491389, 0.009128669001093992, 0.037566131981540574], [0.0, 0.0, 0.0, 1.0]]}, "Hobj2base": {"type": "ndarray", "data": [[0.9999657502045074, 0.0030349109872194607, -0.007699852806143882, -0.7451208351902285], [0.0030968574042381913, -0.9999628348552383, 0.008046016560564627, 0.09129204891219528], [-0.007675147695936691, -0.008069586332317148, -0.9999379850192063, -0.004063064386522496], [0.0, 0.0, 0.0, 1.0]]}, "mean_rme": {"type": "float", "data": 0.0018435429148999387}, "max_rme": {"type": "float", "data": 0.006303734693116875}, "simu": {"type": "float", "data": 0.002}}, {"type": "dict", "image_number": {"type": "int", "data": 12}, "Hcamera2end": {"type": "ndarray", "data": [[0.9999912815052555, 0.00171814575522226, 0.003805901816993604, -0.015368875322615494], [-0.0038221221908068636, 0.009538177919243385, 0.9999472058783601, 0.03490207699537431], [0.0016817536785526071, -0.9999530344656917, 0.009544661723707382, 0.03756375759658088], [0.0, 0.0, 0.0, 1.0]]}, "Hobj2base": {"type": "ndarray", "data": [[0.9999688163260806, 0.0029687756137948985, -0.007317974225985222, -0.7451690379912752], [0.00302214902217826, -0.9999688372073623, 0.007293231755728421, 0.09164409852639878], [-0.007296094208889732, -0.007315120334618918, -0.9999466265875316, -0.0034918079640255395], [0.0, 0.0, 0.0, 1.0]]}, "mean_rme": {"type": "float", "data": 0.0018490908330439215}, "max_rme": {"type": "float", "data": 0.006639364489829241}, "simu": {"type": "float", "data": 0.002}}, {"type": "dict", "image_number": {"type": "int", "data": 13}, "Hcamera2end": {"type": "ndarray", "data": [[0.99999616958975, 0.0017302717914595817, 0.002160316031440703, -0.0147311086132967], [-0.002175839572876082, 0.009020674179896049, 0.9999569456529082, 0.035060271441082896], [0.0017107097886920766, -0.9999578159086852, 0.009024404420848953, 0.03784286163825894], [0.0, 0.0, 0.0, 1.0]]}, "Hobj2base": {"type": "ndarray", "data": [[0.9999705461969792, 0.002651795449570051, -0.007202410666485724, -0.7450840171062265], [0.0026902948894399485, -0.9999821181944912, 0.005340936684384279, 0.09133673839868542], [-0.0071881188027828995, -0.005360155982094925, -0.9999597990299034, -0.0036245700283284313], [0.0, 0.0, 0.0, 1.0]]}, "mean_rme": {"type": "float", "data": 0.0018034303312569}, "max_rme": {"type": "float", "data": 0.006855036330341763}, "simu": {"type": "float", "data": 0.002}}, {"type": "dict", "image_number": {"type": "int", "data": 14}, "Hcamera2end": {"type": "ndarray", "data": [[0.9999953382810869, 0.001817112709858654, 0.0024538780520516274, -0.01480594225975733], [-0.002470301607978627, 0.009091869206524383, 0.9999556167772132, 0.03505028800964945], [0.00179472172224241, -0.9999570170840999, 0.009096315639234853, 0.03776380965599627], [0.0, 0.0, 0.0, 1.0]]}, "Hobj2base": {"type": "ndarray", "data": [[0.9999705785283746, 0.0023335879327755203, -0.007307287115467103, -0.745001511356672], [0.0023729522401895087, -0.9999826962424976, 0.005382965098418812, 0.09141410525333624], [-0.007294599049546634, -0.005400146566994265, -0.9999588127726871, -0.003614615235525357], [0.0, 0.0, 0.0, 1.0]]}, "mean_rme": {"type": "float", "data": 0.0017117643116826516}, "max_rme": {"type": "float", "data": 0.0067710236063495965}, "simu": {"type": "float", "data": 0.002}}, {"type": "dict", "image_number": {"type": "int", "data": 15}, "Hcamera2end": {"type": "ndarray", "data": [[0.9999970863462428, -0.0001057016664891895, 0.002411664608251287, -0.01458692810233857], [-0.0024105648275167617, 0.009397286941296379, 0.9999529389803078, 0.03503667324032555], [-0.0001283597963908879, -0.9999558389375506, 0.009397004760136496, 0.03785228762859089], [0.0, 0.0, 0.0, 1.0]]}, "Hobj2base": {"type": "ndarray", "data": [[0.9999743892312597, 0.0009008822979577083, -0.007099950186747446, -0.7445909965588678], [0.0009393499574836996, -0.9999848892050323, 0.0054165471711254505, 0.09191954720758846], [-0.007094963229393372, -0.005423077787094538, -0.9999601250670394, -0.0036934386644846755], [0.0, 0.0, 0.0, 1.0]]}, "mean_rme": {"type": "float", "data": 0.001733176019356691}, "max_rme": {"type": "float", "data": 0.007296721099515707}, "simu": {"type": "float", "data": 0.002}}, {"type": "dict", "image_number": {"type": "int", "data": 16}, "Hcamera2end": {"type": "ndarray", "data": [[0.9999974065860557, -8.913285087503884e-05, 0.002275714502658565, -0.014823033233907346], [-0.00227475447249062, 0.009595482870861649, 0.9999513749180833, 0.034745484415033896], [-0.00011096509631209565, -0.999953958321987, 0.00959525523045135, 0.037810085029545935], [0.0, 0.0, 0.0, 1.0]]}, "Hobj2base": {"type": "ndarray", "data": [[0.999972288180216, 0.000703122827567846, -0.007411375709837741, -0.7446273100588857], [0.0007422724076559941, -0.9999857802666654, 0.005280937051418612, 0.09177510049194958], [-0.007407557174659705, -0.005286291966734937, -0.99995859074961, -0.003280962401382155], [0.0, 0.0, 0.0, 1.0]]}, "mean_rme": {"type": "float", "data": 0.0017093097455410824}, "max_rme": {"type": "float", "data": 0.0074774923830879525}, "simu": {"type": "float", "data": 0.002}}, {"type": "dict", "image_number": {"type": "int", "data": 17}, "Hcamera2end": {"type": "ndarray", "data": [[0.9999965479581094, -0.00032528310237359614, 0.002607347841723496, -0.015087463573064121], [-0.0026040881572826345, 0.0096484212136565, 0.9999500620995795, 0.035096024036409885], [-0.00035042364864588753, -0.9999533999937132, 0.009647540841027591, 0.03782166687945588], [0.0, 0.0, 0.0, 1.0]]}, "Hobj2base": {"type": "ndarray", "data": [[0.9999703704553023, 0.000554433088635741, -0.007677943437905258, -0.7445694296479646], [0.000596033607643451, -0.9999851505484676, 0.005416957309849066, 0.09161646059608497], [-0.007674826084284002, -0.0054213731201969055, -0.9999558519045064, -0.0034796144199393418], [0.0, 0.0, 0.0, 1.0]]}, "mean_rme": {"type": "float", "data": 0.0016917411230218246}, "max_rme": {"type": "float", "data": 0.007585741075317093}, "simu": {"type": "float", "data": 0.002}}, {"type": "dict", "image_number": {"type": "int", "data": 18}, "Hcamera2end": {"type": "ndarray", "data": [[0.9999973197881029, -4.6654825548113734e-05, 0.0023147872338268967, -0.015477958717176643], [-0.002314243692347718, 0.009439734548042145, 0.9999527667284063, 0.03451709559072725], [-6.850359891058967e-05, -0.9999554436248594, 0.009439601276917564, 0.037828625137629614], [0.0, 0.0, 0.0, 1.0]]}, "Hobj2base": {"type": "ndarray", "data": [[0.9999720906204466, 0.0007945271449881638, -0.007428775591524191, -0.7445763292650559], [0.0008357063417508827, -0.9999842952272482, 0.005541741041748464, 0.09126037148178559], [-0.007424255860603539, -0.005547794650067624, -0.9999570502773789, -0.002805170501692575], [0.0, 0.0, 0.0, 1.0]]}, "mean_rme": {"type": "float", "data": 0.0017934007542615752}, "max_rme": {"type": "float", "data": 0.007764220496515178}, "simu": {"type": "float", "data": 0.002}}, {"type": "dict", "image_number": {"type": "int", "data": 19}, "Hcamera2end": {"type": "ndarray", "data": [[0.9999975712434206, 0.0001580113702618071, 0.002198303815870422, -0.015532290132022487], [-0.002199651490809405, 0.009105580747701847, 0.9999561240037316, 0.034303779391836445], [0.00013798760445212594, -0.9999585308559822, 0.009105906202408809, 0.03787887010491059], [0.0, 0.0, 0.0, 1.0]]}, "Hobj2base": {"type": "ndarray", "data": [[0.9999739798494048, 0.0012244464118966085, -0.0071091740115501465, -0.7445490628504748], [0.0012627165339758077, -0.9999847239368476, 0.005381211750252146, 0.09114320399425328], [-0.007102476405939734, -0.005390048601879316, -0.9999602503124672, -0.0026540962637459143], [0.0, 0.0, 0.0, 1.0]]}, "mean_rme": {"type": "float", "data": 0.0017824912531107986}, "max_rme": {"type": "float", "data": 0.007748581794748438}, "simu": {"type": "float", "data": 0.002}}, {"type": "dict", "image_number": {"type": "int", "data": 20}, "Hcamera2end": {"type": "ndarray", "data": [[0.9999977851903094, 0.0002624807195999885, 0.0020882333077937984, -0.015477963033412522], [-0.0020905963641833472, 0.009350313988840564, 0.9999540994641467, 0.03428530222810178], [0.0002429430344844804, -0.9999562504090778, 0.00935084202091252, 0.03805846105896364], [0.0, 0.0, 0.0, 1.0]]}, "Hobj2base": {"type": "ndarray", "data": [[0.9999726804451579, 0.001149052338006739, -0.007301920435801129, -0.7449275319076679], [0.0011860808950012248, -0.9999864503219305, 0.005068765594900936, 0.09110883537901546], [-0.007295997220172303, -0.005077287786807007, -0.999960494006285, -0.0026646162690527886], [0.0, 0.0, 0.0, 1.0]]}, "mean_rme": {"type": "float", "data": 0.0017338567314115025}, "max_rme": {"type": "float", "data": 0.007674077573755572}, "simu": {"type": "float", "data": 0.002}}, {"type": "dict", "image_number": {"type": "int", "data": 21}, "Hcamera2end": {"type": "ndarray", "data": [[0.9999972212105164, 0.0009042337275786368, 0.002177138629382827, -0.015439027823150089], [-0.002184965379962979, 0.00874680994194299, 0.9999593587952101, 0.03463154996142], [0.0008851539606220629, -0.9999613370911925, 0.008748761355789725, 0.038229287875965356], [0.0, 0.0, 0.0, 1.0]]}, "Hobj2base": {"type": "ndarray", "data": [[0.9999755830572506, 0.001533012959650593, -0.0068178560102986376, -0.7450592788294065], [0.001565961275934664, -0.999987109635154, 0.004829940870542111, 0.09091660218881602], [-0.006810363763698309, -0.004840499436649419, -0.9999650936460782, -0.003150407418028644], [0.0, 0.0, 0.0, 1.0]]}, "mean_rme": {"type": "float", "data": 0.001844643133834679}, "max_rme": {"type": "float", "data": 0.0072503587555230176}, "simu": {"type": "float", "data": 0.002}}, {"type": "dict", "image_number": {"type": "int", "data": 22}, "Hcamera2end": {"type": "ndarray", "data": [[0.9999946803784032, 0.000898646056824834, 0.003135546229893969, -0.015388263480720414], [-0.003140170327340614, 0.005191257307461727, 0.999981594919568, 0.03454211304695369], [0.0008823520898930568, -0.9999861215451104, 0.005194051593619631, 0.03747583354565651], [0.0, 0.0, 0.0, 1.0]]}, "Hobj2base": {"type": "ndarray", "data": [[0.9999933362801604, 0.0010247537194680882, -0.0035038942747364025, -0.7421460414841197], [0.0010448294416183675, -0.9999830231078539, 0.005732523660258883, 0.0917085295866534], [-0.0034979603645584195, -0.0057361464322258, -0.9999774301940001, -0.003579968519149884], [0.0, 0.0, 0.0, 1.0]]}, "mean_rme": {"type": "float", "data": 0.001894942419949478}, "max_rme": {"type": "float", "data": 0.006875969714031427}, "simu": {"type": "float", "data": 0.002}}, {"type": "dict", "image_number": {"type": "int", "data": 23}, "Hcamera2end": {"type": "ndarray", "data": [[0.9999974747942637, 0.0007147836984870144, 0.002130607744358505, -0.015053706380444613], [-0.0021336400167881963, 0.00426862769930092, 0.9999886131340914, 0.034344835400958604], [0.0007056807881069722, -0.9999906339070528, 0.004270142011240208, 0.03727756948978375], [0.0, 0.0, 0.0, 1.0]]}, "Hobj2base": {"type": "ndarray", "data": [[0.9999955329669374, 0.0009785755971497016, -0.0028242584816748507, -0.7414075133075867], [0.000992244285802544, -0.9999877831943083, 0.004842407811280277, 0.0913913019500189], [-0.0028194853161421906, -0.0048451885344245535, -0.9999842872018629, -0.0037572730952456696], [0.0, 0.0, 0.0, 1.0]]}, "mean_rme": {"type": "float", "data": 0.0018633054196118385}, "max_rme": {"type": "float", "data": 0.006882438332756674}, "simu": {"type": "float", "data": 0.002}}, {"type": "dict", "image_number": {"type": "int", "data": 24}, "Hcamera2end": {"type": "ndarray", "data": [[0.9999989756800941, 0.0008577993315742567, 0.0011457831685612201, -0.014957947203317683], [-0.0011505199413101993, 0.005542028764151663, 0.9999839809822164, 0.0343001815976435], [0.0008514356271938627, -0.9999842749251029, 0.005543010002577842, 0.03708333381617691], [0.0, 0.0, 0.0, 1.0]]}, "Hobj2base": {"type": "ndarray", "data": [[0.9999920031652446, 0.0010469908384860686, -0.003859717055101941, -0.7419829586098715], [0.0010621644768510456, -0.9999917081866552, 0.00393133114348938, 0.09079994316572194], [-0.003855568983358268, -0.0039353993596304825, -0.9999848234946844, -0.003738367041659918], [0.0, 0.0, 0.0, 1.0]]}, "mean_rme": {"type": "float", "data": 0.0019005121417869464}, "max_rme": {"type": "float", "data": 0.007285792054907841}, "simu": {"type": "float", "data": 0.002}}, {"type": "dict", "image_number": {"type": "int", "data": 25}, "Hcamera2end": {"type": "ndarray", "data": [[0.9999991013066581, 0.0005259213364122165, 0.0012332042101439143, -0.015127756109352034], [-0.0012365852572120122, 0.0064776831509347765, 0.9999782550025266, 0.03422626277350432], [0.0005179215941203737, -0.9999788812908722, 0.006478327676055051, 0.03701661359610304], [0.0, 0.0, 0.0, 1.0]]}, "Hobj2base": {"type": "ndarray", "data": [[0.9999895377932816, 0.0008129521701660746, -0.004501490058644142, -0.7423548765308812], [0.0008313543192046474, -0.9999912999385054, 0.004087651806842802, 0.09068808359314612], [-0.004498127829996559, -0.004091351374187717, -0.9999815136741068, -0.003457720057034166], [0.0, 0.0, 0.0, 1.0]]}, "mean_rme": {"type": "float", "data": 0.001919899436784707}, "max_rme": {"type": "float", "data": 0.00750986040709542}, "simu": {"type": "float", "data": 0.002}}, {"type": "dict", "image_number": {"type": "int", "data": 26}, "Hcamera2end": {"type": "ndarray", "data": [[0.9999998659497438, -0.00042921682538145096, -0.0002896090662934189, -0.014761170782030297], [0.0002914228290890053, 0.004231728635900378, 0.9999910037322769, 0.033585620717104324], [-0.00042798741705292844, -0.99999095408192, 0.004231853152217635, 0.03628534002948007], [0.0, 0.0, 0.0, 1.0]]}, "Hobj2base": {"type": "ndarray", "data": [[0.9999963002195094, -0.00046297817500564193, -0.002680522057816767, -0.7401313005111043], [-0.00045686069238195707, -0.9999972910498571, 0.0022823608950828717, 0.09019006788943577], [-0.0026815714796980645, -0.00228112782568528, -0.9999938027959185, -0.003561754541825809], [0.0, 0.0, 0.0, 1.0]]}, "mean_rme": {"type": "float", "data": 0.0020134865799693474}, "max_rme": {"type": "float", "data": 0.007861990459595541}, "simu": {"type": "float", "data": 0.002}}, {"type": "dict", "image_number": {"type": "int", "data": 27}, "Hcamera2end": {"type": "ndarray", "data": [[0.9999998553503098, -0.00023678277800104217, -0.00048294231080681896, -0.014647162663766517], [0.0004838152540507067, 0.003700592590628826, 0.9999930357443886, 0.03369501973795598], [-0.00023499395624817894, -0.9999931247505626, 0.003700706614459204, 0.03639965616006697], [0.0, 0.0, 0.0, 1.0]]}, "Hobj2base": {"type": "ndarray", "data": [[0.9999974383926032, -0.0004064180452227524, -0.002226664007947426, -0.7399736130378225], [-0.00040154081044843377, -0.9999975204820581, 0.0021903868863851986, 0.09022563375575048], [-0.0022275486996507156, -0.0021894871790036014, -0.9999951220744443, -0.003799782347147885], [0.0, 0.0, 0.0, 1.0]]}, "mean_rme": {"type": "float", "data": 0.0020027502227453154}, "max_rme": {"type": "float", "data": 0.007776576100832683}, "simu": {"type": "float", "data": 0.002}}, {"type": "dict", "image_number": {"type": "int", "data": 28}, "Hcamera2end": {"type": "ndarray", "data": [[0.9999999863447425, -6.829372470341986e-05, -0.00015048748086785057, -0.014753179492009667], [0.00015072673261458345, 0.0035168979203428208, 0.999993804336042, 0.03388316769518325], [-6.776405246994938e-05, -0.9999938133633554, 0.003516908166008581, 0.0361927217789417], [0.0, 0.0, 0.0, 1.0]]}, "Hobj2base": {"type": "ndarray", "data": [[0.9999978129225788, -0.0003302460827734274, -0.0020652088474972805, -0.7396854084569523], [-0.00032457740417095955, -0.9999961809626139, 0.002744578236294227, 0.09039341364918915], [-0.0020661073465988843, -0.0027439019135623442, -0.9999941010839617, -0.003937344150776401], [0.0, 0.0, 0.0, 1.0]]}, "mean_rme": {"type": "float", "data": 0.001999653077802175}, "max_rme": {"type": "float", "data": 0.007689485828775072}, "simu": {"type": "float", "data": 0.002}}, {"type": "dict", "image_number": {"type": "int", "data": 29}, "Hcamera2end": {"type": "ndarray", "data": [[0.9999998799220345, -0.00020324095827922327, 0.00044592491450740296, -0.015003041052322814], [-0.0004451779443168254, 0.003660638569067287, 0.9999932007478174, 0.0340000136385413], [-0.00020487194633364797, -0.9999932791866051, 0.003660547651113344, 0.03590307266298196], [0.0, 0.0, 0.0, 1.0]]}, "Hobj2base": {"type": "ndarray", "data": [[0.9999977658996245, -0.000399314351460344, -0.0020757513840851394, -0.7394235151852193], [-0.0003922546237714531, -0.999994141887836, 0.003400342088628622, 0.09058939174352197], [-0.002077097029496572, -0.003399520268844878, -0.9999920644334488, -0.0038948974074435624], [0.0, 0.0, 0.0, 1.0]]}, "mean_rme": {"type": "float", "data": 0.002003153443820639}, "max_rme": {"type": "float", "data": 0.007696339853205697}, "simu": {"type": "float", "data": 0.002}}, {"type": "dict", "image_number": {"type": "int", "data": 30}, "Hcamera2end": {"type": "ndarray", "data": [[0.9999989201034795, -0.0014140791527731183, 0.00040021497292450786, -0.014902819870908005], [-0.0003982710509357535, 0.0013747053473993631, 0.9999989757821645, 0.033276733352125776], [-0.0014146278821114177, -0.9999980552807878, 0.0013741406760695574, 0.035054221903926264], [0.0, 0.0, 0.0, 1.0]]}, "Hobj2base": {"type": "ndarray", "data": [[0.9999990312336472, -0.0013895204567864645, -8.224759692406737e-05, -0.7371054055177013], [-0.0013892620231480352, -0.9999943441181804, 0.003062953261425327, 0.09066537792720311], [-8.650316795631053e-05, -0.0030628360306763653, -0.9999953057653079, -0.003726205902692185], [0.0, 0.0, 0.0, 1.0]]}, "mean_rme": {"type": "float", "data": 0.002106234254770712}, "max_rme": {"type": "float", "data": 0.007680037500827325}, "simu": {"type": "float", "data": 0.002}}]}