{"type": "list", "data": [{"type": "dict", "image_number": {"type": "int", "data": 5}, "Hcamera2end": {"type": "ndarray", "data": [[0.999477975650982, -0.006335415812078053, -0.031680257181772836, -0.018017460806427174], [0.031631104560079434, -0.007713684876814009, 0.9994698456131281, 0.032331139853084744], [-0.0065764285843092525, -0.9999501795450156, -0.007509261945504386, 0.03248057032862602], [0.0, 0.0, 0.0, 1.0]]}, "Hobj2base": {"type": "ndarray", "data": [[0.9999384792367392, -0.005603752837741364, 0.009572653542821727, -0.7304123010757508], [-0.005300810653065537, -0.9994933415193588, -0.03138409891787306, 0.071744375923554], [0.009743672210093002, 0.03133142532027549, -0.9994615563588538, -0.009509521778853692], [0.0, 0.0, 0.0, 1.0]]}, "mean_rme": {"type": "float", "data": 0.0013651782826343195}, "max_rme": {"type": "float", "data": 0.004245454028359685}, "simu": {"type": "float", "data": 0.002}}, {"type": "dict", "image_number": {"type": "int", "data": 6}, "Hcamera2end": {"type": "ndarray", "data": [[0.9999544313705846, -0.00666973818699963, -0.0068300640441836214, -0.015680524206731276], [0.006794278083121503, -0.005373421158774372, 0.9999624813613658, 0.034229731923145636], [-0.006706188758153607, -0.999963319796065, -0.0053278602433528555, 0.03267913412238695], [0.0, 0.0, 0.0, 1.0]]}, "Hobj2base": {"type": "ndarray", "data": [[0.9999599541310594, -0.005260035102261134, 0.007240315250901091, -0.7314763690143246], [-0.005210046765716308, -0.9999625819806925, -0.006905798375773708, 0.08634470339045645], [0.007276369074510945, 0.006867799446021298, -0.9999499426390612, -0.006703220898834017], [0.0, 0.0, 0.0, 1.0]]}, "mean_rme": {"type": "float", "data": 0.0014306955120542658}, "max_rme": {"type": "float", "data": 0.004250347385184788}, "simu": {"type": "float", "data": 0.002}}, {"type": "dict", "image_number": {"type": "int", "data": 7}, "Hcamera2end": {"type": "ndarray", "data": [[0.9999597224963377, -0.006569878476654389, -0.006114742991277201, -0.015780161427192223], [0.006040449699245812, -0.01126911962432442, 0.9999182566141711, 0.03403248616820941], [-0.0066382492027839265, -0.999914918200391, -0.01122898071184908, 0.03230507661550265], [0.0, 0.0, 0.0, 1.0]]}, "Hobj2base": {"type": "ndarray", "data": [[0.999917066982756, -0.004439224200947106, 0.012089352550754976, -0.7284832589432002], [-0.004374776160486639, -0.9999761072898454, -0.005352212906226871, 0.08637200852803592], [0.012112823376420464, 0.005298880819726864, -0.9999125968663014, -0.007075834817823494], [0.0, 0.0, 0.0, 1.0]]}, "mean_rme": {"type": "float", "data": 0.0013782459474208847}, "max_rme": {"type": "float", "data": 0.0041298554853683445}, "simu": {"type": "float", "data": 0.002}}, {"type": "dict", "image_number": {"type": "int", "data": 8}, "Hcamera2end": {"type": "ndarray", "data": [[0.9999678912131775, -0.0072735611592448625, -0.0033633094911923235, -0.016221665629320994], [0.0033798441046139294, 0.0022621527746624626, 0.999991729625127, 0.03300619994459012], [-0.0072658926842698625, -0.999970988565612, 0.002286663642484865, 0.033024507990935634], [0.0, 0.0, 0.0, 1.0]]}, "Hobj2base": {"type": "ndarray", "data": [[0.9999827656401279, -0.005835428792096524, 0.0006451306328301774, -0.7353932167179561], [-0.0058334134665024556, -0.9999782334132303, -0.0030828537240080497, 0.08707599684425331], [0.0006631063639211789, 0.003079037279276332, -0.9999950398973902, -0.004060414374504107], [0.0, 0.0, 0.0, 1.0]]}, "mean_rme": {"type": "float", "data": 0.0017954350416646374}, "max_rme": {"type": "float", "data": 0.005776689344269864}, "simu": {"type": "float", "data": 0.002}}, {"type": "dict", "image_number": {"type": "int", "data": 9}, "Hcamera2end": {"type": "ndarray", "data": [[0.999956976420978, -0.00786204316600303, -0.004922761854027507, -0.016251866597813684], [0.004954266899953531, 0.003992798105210582, 0.9999797561964814, 0.032620077434294605], [-0.007842228414142765, -0.9999611221645301, 0.00403157698096912, 0.03322191241649563], [0.0, 0.0, 0.0, 1.0]]}, "Hobj2base": {"type": "ndarray", "data": [[0.9999779259563829, -0.006644334585629696, 2.044223272704811e-05, -0.7361373113334417], [-0.006644170427736811, -0.9999673623274972, -0.004596659560481546, 0.08629821338623918], [5.098330963622407e-05, 0.004596422271939753, -0.9999894350956913, -0.003830353059750941], [0.0, 0.0, 0.0, 1.0]]}, "mean_rme": {"type": "float", "data": 0.0018992694259816108}, "max_rme": {"type": "float", "data": 0.005365279830937236}, "simu": {"type": "float", "data": 0.002}}, {"type": "dict", "image_number": {"type": "int", "data": 10}, "Hcamera2end": {"type": "ndarray", "data": [[0.9999642515236675, -0.00790082363094139, -0.00301208576639943, -0.016444901927896806], [0.003042640013125314, 0.0038580580860015923, 0.9999879287919208, 0.032101557734720336], [-0.007889107456608558, -0.9999613454397914, 0.0038819595284195207, 0.033120777167260355], [0.0, 0.0, 0.0, 1.0]]}, "Hobj2base": {"type": "ndarray", "data": [[0.9999780634067434, -0.006621460536984974, -0.00017019299686196545, -0.7360357674301083], [-0.006621881863577443, -0.9999746759679282, -0.002607317284605904, 0.0867988204694903], [-0.00015292443838163763, 0.002608387086866369, -0.999996586459635, -0.0030428837796648957], [0.0, 0.0, 0.0, 1.0]]}, "mean_rme": {"type": "float", "data": 0.00193756677458072}, "max_rme": {"type": "float", "data": 0.004951774338497639}, "simu": {"type": "float", "data": 0.002}}, {"type": "dict", "image_number": {"type": "int", "data": 11}, "Hcamera2end": {"type": "ndarray", "data": [[0.9999709075538238, -0.00758962251235214, -0.0007626769316596877, -0.016472972479650815], [0.0007993559576270079, 0.004830927233738125, 0.9999880115141959, 0.03195162853736517], [-0.007585847087510693, -0.999959529067143, 0.004836853500219007, 0.0330679465754061], [0.0, 0.0, 0.0, 1.0]]}, "Hobj2base": {"type": "ndarray", "data": [[0.9999800688948631, -0.0062042278970610215, -0.0011702005067992889, -0.736584452123295], [-0.006204837944327198, -0.9999806154304178, -0.0005184105395625409, 0.08770058329132753], [-0.0011669614858344553, 0.0005256611115746319, -0.9999991809403077, -0.0024070872668294774], [0.0, 0.0, 0.0, 1.0]]}, "mean_rme": {"type": "float", "data": 0.0019662778333745766}, "max_rme": {"type": "float", "data": 0.004885095965663028}, "simu": {"type": "float", "data": 0.002}}, {"type": "dict", "image_number": {"type": "int", "data": 12}, "Hcamera2end": {"type": "ndarray", "data": [[0.999969629446333, -0.007726435480534198, 0.0010209699939668043, -0.016658818566389247], [-0.000984893122557751, 0.004671642836431844, 0.999988602804425, 0.032074821810243806], [-0.007731117027996455, -0.9999592381432226, 0.004663891242885687, 0.03307290554718595], [0.0, 0.0, 0.0, 1.0]]}, "Hobj2base": {"type": "ndarray", "data": [[0.9999788823445932, -0.006466287163111979, -0.0006496115626522872, -0.7364333120083911], [-0.006465747564141041, -0.9999787529237198, 0.000829342847807495, 0.08843354437488105], [-0.0006549605293164594, -0.0008251251096521641, -0.9999994450974754, -0.0023922458127215904], [0.0, 0.0, 0.0, 1.0]]}, "mean_rme": {"type": "float", "data": 0.0019406353085144035}, "max_rme": {"type": "float", "data": 0.005285671519692614}, "simu": {"type": "float", "data": 0.002}}, {"type": "dict", "image_number": {"type": "int", "data": 13}, "Hcamera2end": {"type": "ndarray", "data": [[0.9999666438757296, -0.007844403652870261, 0.002275185100291137, -0.016609211128554423], [-0.0022070120981894973, 0.008688385365713813, 0.9999598197214402, 0.032225032500408146], [-0.007863856147476013, -0.9999314862984702, 0.008670782861086912, 0.03327490928251665], [0.0, 0.0, 0.0, 1.0]]}, "Hobj2base": {"type": "ndarray", "data": [[0.9999619056760939, -0.00791900836409725, -0.003671035707260924, -0.7383996178386982], [-0.007913811458178401, -0.9999676656473651, 0.0014280223961145322, 0.08932309119698872], [-0.003682225527996779, -0.001398916112123326, -0.9999922420943435, -0.0018994682013967307], [0.0, 0.0, 0.0, 1.0]]}, "mean_rme": {"type": "float", "data": 0.001986312153669717}, "max_rme": {"type": "float", "data": 0.005615415404632396}, "simu": {"type": "float", "data": 0.002}}, {"type": "dict", "image_number": {"type": "int", "data": 14}, "Hcamera2end": {"type": "ndarray", "data": [[0.9999563462170231, -0.009259720214427059, 0.0012502967054338456, -0.016916190018962926], [-0.0011948861990329065, 0.005987153453177352, 0.9999813629465799, 0.03228074662927642], [-0.009267033358764203, -0.9999392039394588, 0.005975827779388765, 0.03342250951761616], [0.0, 0.0, 0.0, 1.0]]}, "Hobj2base": {"type": "ndarray", "data": [[0.9999655516456692, -0.008299142429105398, -0.00014055928908122115, -0.7367740553835846], [-0.008299025206334456, -0.9999652303920064, 0.0008149771079035091, 0.08864274402355841], [-0.00014731801298479153, -0.000813782528200255, -0.9999996580276416, -0.002679682321147605], [0.0, 0.0, 0.0, 1.0]]}, "mean_rme": {"type": "float", "data": 0.002052859336804955}, "max_rme": {"type": "float", "data": 0.005612348727887961}, "simu": {"type": "float", "data": 0.002}}, {"type": "dict", "image_number": {"type": "int", "data": 15}, "Hcamera2end": {"type": "ndarray", "data": [[0.9999521724024848, -0.009664932433227653, 0.0014973271561080949, -0.016863706086551376], [-0.0014240018176718003, 0.007589169101148041, 0.9999701879212087, 0.032067336209539075], [-0.009676007770487887, -0.9999244939461257, 0.0075750432480702345, 0.033576304230808277], [0.0, 0.0, 0.0, 1.0]]}, "Hobj2base": {"type": "ndarray", "data": [[0.9999569461808118, -0.00920683483167867, -0.0011575738107150342, -0.7374498670622186], [-0.009206036030053, -0.9999573830638271, 0.0006935104582884413, 0.08886081673001596], [-0.0011639095147093312, -0.0006828239338056766, -0.999999089532644, -0.002291776074171148], [0.0, 0.0, 0.0, 1.0]]}, "mean_rme": {"type": "float", "data": 0.002104765361045029}, "max_rme": {"type": "float", "data": 0.006067426209512394}, "simu": {"type": "float", "data": 0.002}}, {"type": "dict", "image_number": {"type": "int", "data": 16}, "Hcamera2end": {"type": "ndarray", "data": [[0.9999566067067779, -0.009315696937082573, 4.9940392426992865e-05, -0.016474863436192762], [-1.1743693830186704e-05, 0.00410026095145577, 0.999991593825776, 0.03225036366315376], [-0.00931582339635207, -0.9999482014838101, 0.00409997362693737, 0.033498650641051196], [0.0, 0.0, 0.0, 1.0]]}, "Hobj2base": {"type": "ndarray", "data": [[0.9999647846507, -0.008061643945498628, 0.0023322425635217588, -0.735713221074038], [-0.008060785747808191, -0.999967440220213, -0.0003771373262572426, 0.0884710580539739], [0.0023352069730603236, 0.0003583243376180966, -0.9999972092021367, -0.0031147866754015034], [0.0, 0.0, 0.0, 1.0]]}, "mean_rme": {"type": "float", "data": 0.0021793182455450153}, "max_rme": {"type": "float", "data": 0.005501779518148842}, "simu": {"type": "float", "data": 0.002}}, {"type": "dict", "image_number": {"type": "int", "data": 17}, "Hcamera2end": {"type": "ndarray", "data": [[0.99995346658745, -0.009613791919416673, 0.0007997903923228, -0.016671408579638718], [-0.0007534549933865733, 0.004822335822321833, 0.9999880886204544, 0.03218447550876186], [-0.009617534263751493, -0.9999421583682464, 0.004814867863052519, 0.033526069211651695], [0.0, 0.0, 0.0, 1.0]]}, "Hobj2base": {"type": "ndarray", "data": [[0.9999596397960522, -0.008768653242817191, 0.001956910640972197, -0.736024878473176], [-0.00876907059633255, -0.9999615299903168, 0.00020479331269698743, 0.0887034875307044], [0.0019550395970554025, -0.00022194533475851944, -0.9999980642783477, -0.0029254304043388403], [0.0, 0.0, 0.0, 1.0]]}, "mean_rme": {"type": "float", "data": 0.002140940950938693}, "max_rme": {"type": "float", "data": 0.005609079304505382}, "simu": {"type": "float", "data": 0.002}}, {"type": "dict", "image_number": {"type": "int", "data": 18}, "Hcamera2end": {"type": "ndarray", "data": [[0.9999737299721531, -0.007248069724888676, -6.964799057509801e-05, -0.016387316178732014], [0.00010223158292330201, 0.004495212106391477, 0.9999898912573177, 0.03125177181029743], [-0.0072476833735264645, -0.999963628615252, 0.004495834998685333, 0.03337855956627003], [0.0, 0.0, 0.0, 1.0]]}, "Hobj2base": {"type": "ndarray", "data": [[0.9999775562371882, -0.006652537503672751, 0.0007942081990499082, -0.7361162596042162], [-0.006652122718291773, -0.999977737217915, -0.0005237670087044505, 0.08847363471422157], [0.0007976748974344354, 0.000518472082997985, -0.9999995474506262, -0.001819720119445361], [0.0, 0.0, 0.0, 1.0]]}, "mean_rme": {"type": "float", "data": 0.0021460104310755397}, "max_rme": {"type": "float", "data": 0.005295303253124994}, "simu": {"type": "float", "data": 0.002}}, {"type": "dict", "image_number": {"type": "int", "data": 19}, "Hcamera2end": {"type": "ndarray", "data": [[0.9999792473286256, -0.006244448625957722, -0.0015848575435115017, -0.015639905255528958], [0.0016145833582316875, 0.004758196665093806, 0.9999873762628583, 0.031584142625030565], [-0.006236828733801488, -0.9999691827380751, 0.004768180102634911, 0.03345499841480244], [0.0, 0.0, 0.0, 1.0]]}, "Hobj2base": {"type": "ndarray", "data": [[0.9999821474334536, -0.005949955225101684, 0.0005503155440440596, -0.7363040913247026], [-0.005948986128760233, -0.9999807800467426, -0.0017461675602061402, 0.08842860300307512], [0.0005606945858037777, 0.0017428625670956111, -0.9999983240244226, -0.0021344263085880666], [0.0, 0.0, 0.0, 1.0]]}, "mean_rme": {"type": "float", "data": 0.0022138763509747554}, "max_rme": {"type": "float", "data": 0.0058171112121912505}, "simu": {"type": "float", "data": 0.002}}, {"type": "dict", "image_number": {"type": "int", "data": 20}, "Hcamera2end": {"type": "ndarray", "data": [[0.9999806464507777, -0.004201322392763839, -0.0045886396717060764, -0.01421107060833396], [0.0046107836207653005, 0.005276282313025682, 0.999975450458338, 0.029326622419885786], [-0.00417700829388405, -0.9999772546088763, 0.005295551586710356, 0.03345081710593329], [0.0, 0.0, 0.0, 1.0]]}, "Hobj2base": {"type": "ndarray", "data": [[0.9999903739956806, -0.004315837718948878, -0.0007908607731664784, -0.7368462838465714], [-0.004319325373960447, -0.9999807140329633, -0.004462621475981053, 0.08882134222781474], [-0.0007715855705602465, 0.0044659945037722575, -0.9999897297216602, 0.00015849743721277066], [0.0, 0.0, 0.0, 1.0]]}, "mean_rme": {"type": "float", "data": 0.0023329844974691117}, "max_rme": {"type": "float", "data": 0.006703634836226463}, "simu": {"type": "float", "data": 0.002}}, {"type": "dict", "image_number": {"type": "int", "data": 21}, "Hcamera2end": {"type": "ndarray", "data": [[0.9999815274169913, -0.004279357836062856, -0.004316470930279285, -0.014250594739819928], [0.004338666670674343, 0.005191054535523931, 0.9999771142002849, 0.029282774230537562], [-0.004256852863536428, -0.9999773697685963, 0.005209525350553301, 0.03345600114035278], [0.0, 0.0, 0.0, 1.0]]}, "Hobj2base": {"type": "ndarray", "data": [[0.9999904086559165, -0.00429305941726918, -0.0008673159821279232, -0.7368035203416209], [-0.004296427141430457, -0.9999830904913356, -0.003919112809735293, 0.08891099834742004], [-0.0008504763320856342, 0.003922801580101644, -0.9999919441264371, 0.0002761190638908615], [0.0, 0.0, 0.0, 1.0]]}, "mean_rme": {"type": "float", "data": 0.0022521299624258437}, "max_rme": {"type": "float", "data": 0.006751636230540675}, "simu": {"type": "float", "data": 0.002}}, {"type": "dict", "image_number": {"type": "int", "data": 22}, "Hcamera2end": {"type": "ndarray", "data": [[0.9999803045739862, -0.00417104513279903, -0.004689653144723723, -0.014149057889975296], [0.004710146531929551, 0.004917073028462782, 0.9999768181875422, 0.029385903761358034], [-0.004147889073422241, -0.9999792121715997, 0.004936622418381553, 0.03344736961282152], [0.0, 0.0, 0.0, 1.0]]}, "Hobj2base": {"type": "ndarray", "data": [[0.9999906422679928, -0.004292343086439049, -0.0005395991804508583, -0.736658088904575], [-0.004294580312258397, -0.9999818922608161, -0.004215653023966559, 0.0888557048059908], [-0.0005214943804173862, 0.004217930927032201, -0.9999909685103687, 8.207947855700216e-05], [0.0, 0.0, 0.0, 1.0]]}, "mean_rme": {"type": "float", "data": 0.0022160422096245886}, "max_rme": {"type": "float", "data": 0.006737295889736733}, "simu": {"type": "float", "data": 0.002}}, {"type": "dict", "image_number": {"type": "int", "data": 23}, "Hcamera2end": {"type": "ndarray", "data": [[0.9999908968977786, -0.0024168399234684376, -0.0035163910989345756, -0.014465475457774648], [0.0035302812017937715, 0.005767182842920993, 0.9999771380970129, 0.02952177114308618], [-0.0023965049994937974, -0.9999804490523004, 0.005775662468215592, 0.03341222349128358], [0.0, 0.0, 0.0, 1.0]]}, "Hobj2base": {"type": "ndarray", "data": [[0.9999937242035396, -0.0029710996160044324, -0.0019297980741649011, -0.7370760253722274], [-0.002977187109313915, -0.9999905775572004, -0.0031592963983974806, 0.08878960805105067], [-0.0019203933064368098, 0.003165021941246309, -0.9999931473393506, 0.00018418972229762394], [0.0, 0.0, 0.0, 1.0]]}, "mean_rme": {"type": "float", "data": 0.0021741841585198956}, "max_rme": {"type": "float", "data": 0.006801943349408063}, "simu": {"type": "float", "data": 0.002}}, {"type": "dict", "image_number": {"type": "int", "data": 24}, "Hcamera2end": {"type": "ndarray", "data": [[0.9999904199722629, -0.0023974076807259416, -0.0036622943778054935, -0.014248841377578474], [0.003672104714785706, 0.004100529075082737, 0.9999848505393809, 0.029597488828490497], [-0.002382354016714992, -0.9999887189852277, 0.004109293323948049, 0.03337109975226046], [0.0, 0.0, 0.0, 1.0]]}, "Hobj2base": {"type": "ndarray", "data": [[0.9999966896634058, -0.0025154879478225802, -0.0005412786845158139, -0.7362314436571155], [-0.0025171908076586915, -0.9999918116582316, -0.003168653803226494, 0.08892008669435782], [-0.0005333035418881151, 0.0031700058156449, -0.9999948333118827, -0.00012174335352429604], [0.0, 0.0, 0.0, 1.0]]}, "mean_rme": {"type": "float", "data": 0.0022213754297964574}, "max_rme": {"type": "float", "data": 0.007051634146752778}, "simu": {"type": "float", "data": 0.002}}, {"type": "dict", "image_number": {"type": "int", "data": 25}, "Hcamera2end": {"type": "ndarray", "data": [[0.9999914858670749, -0.0026269015077935824, -0.0031823861846259583, -0.014243340403672396], [0.00319124124967941, 0.003373635950763343, 0.9999892172217449, 0.02947774126508165], [-0.0026161369700554594, -0.9999908589426906, 0.0033819903036289567, 0.033396359068225655], [0.0, 0.0, 0.0, 1.0]]}, "Hobj2base": {"type": "ndarray", "data": [[0.9999959532159719, -0.0028303237967727615, 0.0002877827046095843, -0.7357995193851097], [-0.002829500226420964, -0.9999920122460271, -0.0028230077240781943, 0.08920258887835955], [0.00029577043181207405, 0.0028221820187477723, -0.9999959738961477, -5.930696079382125e-05], [0.0, 0.0, 0.0, 1.0]]}, "mean_rme": {"type": "float", "data": 0.0022147422659709766}, "max_rme": {"type": "float", "data": 0.007151586825391604}, "simu": {"type": "float", "data": 0.002}}, {"type": "dict", "image_number": {"type": "int", "data": 26}, "Hcamera2end": {"type": "ndarray", "data": [[0.9999930395642116, -0.0024437192155512197, -0.0028194076549469807, -0.014363068557789073], [0.0028199908612293705, 0.00023524241396666312, 0.9999959961482594, 0.02935694155055884], [-0.0024430461869990785, -0.9999969864441605, 0.0002421320424321749, 0.03143224311164359], [0.0, 0.0, 0.0, 1.0]]}, "Hobj2base": {"type": "ndarray", "data": [[0.9999945150969811, -0.0016064950303241114, 0.0028963683590081403, -0.7320390569670712], [-0.001598948727367728, -0.999995326386401, -0.0026058718928450787, 0.08900713738987129], [0.0029005411427471075, 0.0026012264553888424, -0.9999924102122006, -0.0005867376858162068], [0.0, 0.0, 0.0, 1.0]]}, "mean_rme": {"type": "float", "data": 0.002156982138985266}, "max_rme": {"type": "float", "data": 0.00783279510840737}, "simu": {"type": "float", "data": 0.002}}, {"type": "dict", "image_number": {"type": "int", "data": 27}, "Hcamera2end": {"type": "ndarray", "data": [[0.9999849250116718, -0.0033221506811969845, -0.004371849065614238, -0.013884596936204304], [0.0043744233808023485, 0.000768023364070225, 0.9999901372314618, 0.02946865970552522], [-0.0033187602333671863, -0.9999941867105847, 0.0007825442797413373, 0.031611725892231095], [0.0, 0.0, 0.0, 1.0]]}, "Hobj2base": {"type": "ndarray", "data": [[0.9999929433918816, -0.0027244018034537605, 0.002586658318077951, -0.7324991668513562], [-0.002713395657259871, -0.9999872917265795, -0.004248984507877964, 0.08880513173883635], [0.0025982013871729093, 0.0042419358970123035, -0.9999876275881605, -0.0005400737681681617], [0.0, 0.0, 0.0, 1.0]]}, "mean_rme": {"type": "float", "data": 0.002171356375382729}, "max_rme": {"type": "float", "data": 0.0076781404112909735}, "simu": {"type": "float", "data": 0.002}}, {"type": "dict", "image_number": {"type": "int", "data": 28}, "Hcamera2end": {"type": "ndarray", "data": [[0.9999845347940456, -0.0025677749155617715, -0.00493322457619751, -0.013518756631107853], [0.00493446805389474, 0.00047815286316532646, 0.9999877111219242, 0.02883222438192648], [-0.00256538452503316, -0.9999965889450937, 0.000490816071723188, 0.03137884086024155], [0.0, 0.0, 0.0, 1.0]]}, "Hobj2base": {"type": "ndarray", "data": [[0.999994954445824, -0.001953492217325702, 0.0025049852397103457, -0.7322763790613653], [-0.001941909213152779, -0.999987450963369, -0.0046181061478054565, 0.08893981659976054], [0.0025139752389773335, 0.0046132183929848926, -0.9999861989770444, 4.06968320812638e-06], [0.0, 0.0, 0.0, 1.0]]}, "mean_rme": {"type": "float", "data": 0.0021855597929099782}, "max_rme": {"type": "float", "data": 0.007074834059995233}, "simu": {"type": "float", "data": 0.002}}, {"type": "dict", "image_number": {"type": "int", "data": 29}, "Hcamera2end": {"type": "ndarray", "data": [[0.9999856474557159, -0.0022060207985576167, -0.004882453769259956, -0.013610776298871965], [0.004882641541922658, 7.974064095706002e-05, 0.9999880766554187, 0.02881675424709337], [-0.0022056051654184773, -0.9999975635538653, 9.051070526933103e-05, 0.03147440445452603], [0.0, 0.0, 0.0, 1.0]]}, "Hobj2base": {"type": "ndarray", "data": [[0.9999955060614978, -0.0014747626698424661, 0.0026101593584811167, -0.7322501677010812], [-0.0014630950050262194, -0.9999889553607255, -0.004466375440119341, 0.08878417578804229], [0.002616717373981141, 0.004462536457383069, -0.9999866191897531, 2.5926511246154476e-05], [0.0, 0.0, 0.0, 1.0]]}, "mean_rme": {"type": "float", "data": 0.0021411727875739056}, "max_rme": {"type": "float", "data": 0.007155721176841295}, "simu": {"type": "float", "data": 0.002}}, {"type": "dict", "image_number": {"type": "int", "data": 30}, "Hcamera2end": {"type": "ndarray", "data": [[0.9999949259971067, -0.0009853874544617195, -0.003029354981791712, -0.014461414779827543], [0.0030304475379781368, 0.0011091610186738654, 0.9999947930612211, 0.02882240766744377], [-0.000982022281152041, -0.9999988993860941, 0.0011121415557729941, 0.031193527738583807], [0.0, 0.0, 0.0, 1.0]]}, "Hobj2base": {"type": "ndarray", "data": [[0.9999988263878887, -0.0007522359493521629, 0.0013346774597833813, -0.7325515664550011], [-0.0007484248319663745, -0.9999956482190706, -0.0028536648703086634, 0.08882449813480699], [0.0013368182808623143, 0.0028526626154594427, -0.9999950376041304, 0.00023795237546505218], [0.0, 0.0, 0.0, 1.0]]}, "mean_rme": {"type": "float", "data": 0.002120118476476525}, "max_rme": {"type": "float", "data": 0.007083899914693131}, "simu": {"type": "float", "data": 0.002}}]}