{"type": "list", "data": [{"type": "dict", "image_number": {"type": "int", "data": 5}, "Hcamera2end": {"type": "ndarray", "data": [[0.999901089984049, 0.008659321792843098, 0.01108270701583146, -0.017618178803919065], [-0.01098436558789824, -0.01132291432269028, 0.9998755599192695, 0.022240667835726455], [0.008783732768143862, -0.9998983987172543, -0.011226677216738201, 0.03275575598597787], [0.0, 0.0, 0.0, 1.0]]}, "Hobj2base": {"type": "ndarray", "data": [[0.9999370055406376, 0.007868754586105425, 0.008004227113629752, -0.7304618650867845], [0.007736191822577638, -0.9998345982118877, 0.016459877112441432, 0.09525831972905455], [0.008132421933667958, -0.016396917995039045, -0.9998324883668044, 0.004359406641499875], [0.0, 0.0, 0.0, 1.0]]}, "mean_rme": {"type": "float", "data": 0.0013403573427387275}, "max_rme": {"type": "float", "data": 0.0035392795581184328}, "simu": {"type": "float", "data": 0.002}}, {"type": "dict", "image_number": {"type": "int", "data": 6}, "Hcamera2end": {"type": "ndarray", "data": [[0.9999214487465012, 0.006315743567987326, 0.010826251423349649, -0.020033591704512917], [-0.010742719921492169, -0.013113216844047981, 0.9998563084327113, 0.026350170075446933], [0.0064568030314180146, -0.999894071853206, -0.01304433852018061, 0.03307040740477562], [0.0, 0.0, 0.0, 1.0]]}, "Hobj2base": {"type": "ndarray", "data": [[0.9999094668654039, 0.00601612323107097, 0.012035960045306725, -0.729201855839722], [0.005838251610041071, -0.9998740310235734, 0.014759298858964818, 0.09093462674657997], [0.012123237648479245, -0.014687693690261775, -0.9998186329344836, 0.0013826025330540375], [0.0, 0.0, 0.0, 1.0]]}, "mean_rme": {"type": "float", "data": 0.001989915438435574}, "max_rme": {"type": "float", "data": 0.004752804581071551}, "simu": {"type": "float", "data": 0.002}}, {"type": "dict", "image_number": {"type": "int", "data": 7}, "Hcamera2end": {"type": "ndarray", "data": [[0.9999237084477126, 0.004195884033112534, 0.011617738220257452, -0.02030763330354503], [-0.011591799158573876, -0.006154322478760577, 0.9999138735446644, 0.026641630543367368], [0.004267021963975047, -0.9999722590512241, -0.006105215110940865, 0.03378152244021708], [0.0, 0.0, 0.0, 1.0]]}, "Hobj2base": {"type": "ndarray", "data": [[0.9999706074944666, 0.0023346259926406024, 0.007302990389001815, -0.7326173950223588], [0.002220277149125341, -0.9998754270571644, 0.015626923453876878, 0.09177068107683649], [0.007338563655677986, -0.015610249476761807, -0.9998512217298852, 0.0023933473394765086], [0.0, 0.0, 0.0, 1.0]]}, "mean_rme": {"type": "float", "data": 0.0019038912002378647}, "max_rme": {"type": "float", "data": 0.004721737746879839}, "simu": {"type": "float", "data": 0.002}}, {"type": "dict", "image_number": {"type": "int", "data": 8}, "Hcamera2end": {"type": "ndarray", "data": [[0.9998774620725385, 0.00428965124732275, 0.015055222733514966, -0.02064434466160861], [-0.01501856737015812, -0.00845285040871846, 0.9998514849486978, 0.027988807708453165], [0.004416273715184023, -0.9999550730968588, -0.008387390197695854, 0.03369382914230875], [0.0, 0.0, 0.0, 1.0]]}, "Hobj2base": {"type": "ndarray", "data": [[0.999953959703877, 0.002880871286588105, 0.009153089815309946, -0.7314458372728401], [0.002710209771128274, -0.999823271423677, 0.018603243874476726, 0.09243090363003845], [0.009205065753893302, -0.01857758058216643, -0.9997850470297003, 0.0008734530029103765], [0.0, 0.0, 0.0, 1.0]]}, "mean_rme": {"type": "float", "data": 0.002115353862944891}, "max_rme": {"type": "float", "data": 0.005058120195368221}, "simu": {"type": "float", "data": 0.002}}, {"type": "dict", "image_number": {"type": "int", "data": 9}, "Hcamera2end": {"type": "ndarray", "data": [[0.9998803798838486, 0.005318096617754283, 0.014523903459296167, -0.020640943904745496], [-0.01443529705393112, -0.016336923650108526, 0.9997623353200578, 0.02826268166504874], [0.005554108595939787, -0.9998524004942004, -0.0162582011209651, 0.03313230668162617], [0.0, 0.0, 0.0, 1.0]]}, "Hobj2base": {"type": "ndarray", "data": [[0.9998748572821677, 0.00415453864616038, 0.015264651440575133, -0.7273119794346828], [0.0038871920423037, -0.9998392680957486, 0.017502220195840978, 0.0915232607771689], [0.015334911574278586, -0.017440693288829228, -0.9997302949819085, -0.0007740660029325053], [0.0, 0.0, 0.0, 1.0]]}, "mean_rme": {"type": "float", "data": 0.002351555197647626}, "max_rme": {"type": "float", "data": 0.0061169302099825795}, "simu": {"type": "float", "data": 0.002}}, {"type": "dict", "image_number": {"type": "int", "data": 10}, "Hcamera2end": {"type": "ndarray", "data": [[0.9998924260973072, 0.00347386894770599, 0.014250209394080586, -0.02113641117618473], [-0.014199320041726663, -0.01425829316370586, 0.999797519694068, 0.02836235486759262], [0.0036763492208436842, -0.9998923108568203, -0.014207432766492945, 0.0337339049584396], [0.0, 0.0, 0.0, 1.0]]}, "Hobj2base": {"type": "ndarray", "data": [[0.9999001337053279, 0.0010953343027945196, 0.014089814009861878, -0.7279883552294818], [0.0008528852983222004, -0.9998516724411881, 0.017201909871484705, 0.09141954555097305], [0.0141065659441015, -0.01718817498525945, -0.9997527551539633, -0.000290164490100453], [0.0, 0.0, 0.0, 1.0]]}, "mean_rme": {"type": "float", "data": 0.002451391539305998}, "max_rme": {"type": "float", "data": 0.008812959235302786}, "simu": {"type": "float", "data": 0.002}}, {"type": "dict", "image_number": {"type": "int", "data": 11}, "Hcamera2end": {"type": "ndarray", "data": [[0.9999381854491416, 0.0018923353590576987, 0.010956475143357066, -0.020360421468719688], [-0.010924075798598843, -0.016357974538218745, 0.9998065219015895, 0.02841880199045059], [0.002071194975034534, -0.9998644086754442, -0.016336291362470945, 0.03387850881526381], [0.0, 0.0, 0.0, 1.0]]}, "Hobj2base": {"type": "ndarray", "data": [[0.9998777308517036, -0.0002442270847929989, 0.015635334981356545, -0.7271234181372818], [-0.0004639127770390208, -0.9999012072515152, 0.014048506037943114, 0.0909189615786011], [0.015630359297964913, -0.014054041770746156, -0.9997790634825892, -0.0009118378142860338], [0.0, 0.0, 0.0, 1.0]]}, "mean_rme": {"type": "float", "data": 0.0024948311617655943}, "max_rme": {"type": "float", "data": 0.009131234192629178}, "simu": {"type": "float", "data": 0.002}}, {"type": "dict", "image_number": {"type": "int", "data": 12}, "Hcamera2end": {"type": "ndarray", "data": [[0.9999939812916672, 0.001653228053263731, 0.0030502815353258177, -0.01854437313575107], [-0.0030289860976264703, -0.012734088314812375, 0.9999143304493695, 0.028285919172750442], [0.0016919289764151984, -0.999917551517021, -0.012729004067259408, 0.0342124091482349], [0.0, 0.0, 0.0, 1.0]]}, "Hobj2base": {"type": "ndarray", "data": [[0.9999158478457257, 0.00040579864691632614, 0.012966593786401021, -0.7295780224575492], [0.0003324125826482337, -0.99998391957864, 0.005661279538716473, 0.08772140097438352], [0.012968682617685955, -0.005656492870918653, -0.9998999036701441, -0.0015134359537049373], [0.0, 0.0, 0.0, 1.0]]}, "mean_rme": {"type": "float", "data": 0.002454280915205617}, "max_rme": {"type": "float", "data": 0.009009166784425982}, "simu": {"type": "float", "data": 0.002}}, {"type": "dict", "image_number": {"type": "int", "data": 13}, "Hcamera2end": {"type": "ndarray", "data": [[0.9999776173223827, 0.0019440358633243723, 0.006401998032845699, -0.01914688363750043], [-0.006376909412825229, -0.012648452372922225, 0.9998996708064817, 0.028380735631700175], [0.002024816186984026, -0.9999181153360169, -0.012635772326094807, 0.03483800092765061], [0.0, 0.0, 0.0, 1.0]]}, "Hobj2base": {"type": "ndarray", "data": [[0.9999208783156863, 0.0012668266310927614, 0.012515281006560132, -0.7304551293226308], [0.0011608441480465866, -0.999963439138901, 0.008471884463666535, 0.08898327866971759], [0.01252555584596375, -0.008456685863180834, -0.9998857909356254, -0.0010605802847302426], [0.0, 0.0, 0.0, 1.0]]}, "mean_rme": {"type": "float", "data": 0.002445167380500571}, "max_rme": {"type": "float", "data": 0.009206021912913476}, "simu": {"type": "float", "data": 0.002}}, {"type": "dict", "image_number": {"type": "int", "data": 14}, "Hcamera2end": {"type": "ndarray", "data": [[0.9999847737760394, 0.0017631198626774725, 0.005229113159319512, -0.01908498340792147], [-0.0052101330618951605, -0.010603079261671589, 0.9999302121766539, 0.028582742907175194], [0.0018184415196764725, -0.9999422313906542, -0.010593731727723599, 0.034198662787364734], [0.0, 0.0, 0.0, 1.0]]}, "Hobj2base": {"type": "ndarray", "data": [[0.9999415775167421, 0.0014203433359036481, 0.010715604422407484, -0.7308423549148207], [0.0013444886040656892, -0.9999740128845858, 0.0070827894146609964, 0.08839472403508562], [0.010725385947503344, -0.007067968612483396, -0.9999175015549886, -0.0009689211754943845], [0.0, 0.0, 0.0, 1.0]]}, "mean_rme": {"type": "float", "data": 0.002365627187946938}, "max_rme": {"type": "float", "data": 0.00894379874250495}, "simu": {"type": "float", "data": 0.002}}, {"type": "dict", "image_number": {"type": "int", "data": 15}, "Hcamera2end": {"type": "ndarray", "data": [[0.999980947339685, 0.0021057069129862783, 0.005802668009000367, -0.01932490414300239], [-0.005782344027845262, -0.00953288881682579, 0.999937842332387, 0.028625329012247833], [0.0021608922161266437, -0.9999523438790483, -0.009520531268140786, 0.03376080957025014], [0.0, 0.0, 0.0, 1.0]]}, "Hobj2base": {"type": "ndarray", "data": [[0.9999525995753271, 0.0018997645218185985, 0.00954931920647416, -0.7310056422895372], [0.0018253481454929131, -0.9999679483913773, 0.007795530391691093, 0.08840310941012956], [0.009563822807499232, -0.007777730048135719, -0.9999240172176109, -0.0008139635846901842], [0.0, 0.0, 0.0, 1.0]]}, "mean_rme": {"type": "float", "data": 0.0022671114831374806}, "max_rme": {"type": "float", "data": 0.0088758444584488}, "simu": {"type": "float", "data": 0.002}}, {"type": "dict", "image_number": {"type": "int", "data": 16}, "Hcamera2end": {"type": "ndarray", "data": [[0.9999727625696295, 0.0013327238075644073, 0.007259336479045422, -0.020040426701115225], [-0.007248353581280547, -0.008068671049139775, 0.9999411772288718, 0.0287587109353168], [0.001391218611141336, -0.9999665596382481, -0.008058791225890483, 0.03359739390797453], [0.0, 0.0, 0.0, 1.0]]}, "Hobj2base": {"type": "ndarray", "data": [[0.9999651354581065, 0.0020903482666350987, 0.00808444879845592, -0.7315124399592976], [0.002020039173305369, -0.9999601553178057, 0.008695241142621947, 0.08865037735891058], [0.008102302758413282, -0.008678607083755395, -0.9999295147504632, -0.00031245948078882646], [0.0, 0.0, 0.0, 1.0]]}, "mean_rme": {"type": "float", "data": 0.0022853646047230644}, "max_rme": {"type": "float", "data": 0.008614656921829944}, "simu": {"type": "float", "data": 0.002}}, {"type": "dict", "image_number": {"type": "int", "data": 17}, "Hcamera2end": {"type": "ndarray", "data": [[0.9999583026718336, 0.0023728018055595955, 0.008818317824678307, -0.02075132395679399], [-0.008800602758617056, -0.007375527619437161, 0.9999340733185463, 0.028624992188595908], [0.0024376851212836977, -0.9999699852515206, -0.007354337993525917, 0.033352241272953734], [0.0, 0.0, 0.0, 1.0]]}, "Hobj2base": {"type": "ndarray", "data": [[0.9999638481450029, 0.003278881049545869, 0.007845466340530603, -0.7316164448038834], [0.0031973046983367615, -0.999940932188703, 0.010387943793323652, 0.08879776260135076], [0.007879063758052942, -0.010362483903494696, -0.9999152660509019, -0.00011743154878262509], [0.0, 0.0, 0.0, 1.0]]}, "mean_rme": {"type": "float", "data": 0.0022747664412329097}, "max_rme": {"type": "float", "data": 0.008548135830532821}, "simu": {"type": "float", "data": 0.002}}, {"type": "dict", "image_number": {"type": "int", "data": 18}, "Hcamera2end": {"type": "ndarray", "data": [[0.9999633161219558, 0.0020223602635918835, 0.00832324872545674, -0.02076613703937302], [-0.008312833132511754, -0.005105166403339911, 0.9999524159085297, 0.02861871018492791], [0.002064755601175959, -0.9999849235538295, -0.005088167582633085, 0.03297593561467945], [0.0, 0.0, 0.0, 1.0]]}, "Hobj2base": {"type": "ndarray", "data": [[0.9999780297012271, 0.0030823426450751978, 0.005868498842982051, -0.7324878802874281], [0.0030246861464786443, -0.9999473219010189, 0.009808399293248372, 0.08846112453406263], [0.005898422549040634, -0.009790433432634423, -0.9999346758786969, 0.0002533676530067024], [0.0, 0.0, 0.0, 1.0]]}, "mean_rme": {"type": "float", "data": 0.0022631857307541343}, "max_rme": {"type": "float", "data": 0.00835908419264586}, "simu": {"type": "float", "data": 0.002}}, {"type": "dict", "image_number": {"type": "int", "data": 19}, "Hcamera2end": {"type": "ndarray", "data": [[0.9999591203754635, 0.0017433758754673515, 0.008872328808495176, -0.020881728447218445], [-0.008865447106043055, -0.0039161994261538435, 0.9999530325118597, 0.02851561174347218], [0.0017780398024700747, -0.9999908119690957, -0.003900583526781798, 0.03336268473128692], [0.0, 0.0, 0.0, 1.0]]}, "Hobj2base": {"type": "ndarray", "data": [[0.9999841940523304, 0.0027637681295579006, 0.004896246647926042, -0.7336013331326999], [0.0027147540858388063, -0.9999464230068529, 0.009989055313357401, 0.08862196771989511], [0.004923591754472388, -0.009975605321279118, -0.9999381208568403, 0.0006021704292477351], [0.0, 0.0, 0.0, 1.0]]}, "mean_rme": {"type": "float", "data": 0.0023260085546242862}, "max_rme": {"type": "float", "data": 0.008325640289313707}, "simu": {"type": "float", "data": 0.002}}, {"type": "dict", "image_number": {"type": "int", "data": 20}, "Hcamera2end": {"type": "ndarray", "data": [[0.9999659483029544, 0.0019049916400923302, 0.0080295231131278, -0.020758120386481664], [-0.008021854381169764, -0.003999654117907481, 0.9999598255026173, 0.028632641320681277], [0.0019370304231949242, -0.9999901868387452, -0.003984236357363002, 0.03276759646269729], [0.0, 0.0, 0.0, 1.0]]}, "Hobj2base": {"type": "ndarray", "data": [[0.9999818895948727, 0.0030159128324335526, 0.005208142860475145, -0.7328718776525169], [0.0029680527768517016, -0.9999535234413135, 0.009172874141545722, 0.08828226909122978], [0.005235565392751627, -0.009157249974199562, -0.9999443652663527, 0.0003622060013314499], [0.0, 0.0, 0.0, 1.0]]}, "mean_rme": {"type": "float", "data": 0.002341639623365517}, "max_rme": {"type": "float", "data": 0.008360296512164495}, "simu": {"type": "float", "data": 0.002}}, {"type": "dict", "image_number": {"type": "int", "data": 21}, "Hcamera2end": {"type": "ndarray", "data": [[0.9999623481881654, 0.001678739454036697, 0.008513755919426718, -0.020961930678621236], [-0.008507082172596376, -0.00394330432028811, 0.9999560389856877, 0.02867230369834618], [0.001712237985446485, -0.999990816050269, -0.003928874673253979, 0.03286193155440772], [0.0, 0.0, 0.0, 1.0]]}, "Hobj2base": {"type": "ndarray", "data": [[0.9999824492177947, 0.002913930418893548, 0.005158513923082081, -0.7329114147620043], [0.002864906359904016, -0.9999509072212573, 0.00948553946453872, 0.08842892554904673], [0.005185900879284749, -0.009470594326555585, -0.9999417054384581, 0.00046881467591244766], [0.0, 0.0, 0.0, 1.0]]}, "mean_rme": {"type": "float", "data": 0.0022956035428847326}, "max_rme": {"type": "float", "data": 0.008457407905059694}, "simu": {"type": "float", "data": 0.002}}, {"type": "dict", "image_number": {"type": "int", "data": 22}, "Hcamera2end": {"type": "ndarray", "data": [[0.9999572991504253, 0.0025277293426728673, 0.008888782827640164, -0.02094432256462802], [-0.008878983378012406, -0.0038619302911169218, 0.9999531234755954, 0.028684525353165676], [0.0025619387111598716, -0.9999893479826656, -0.0038393217165948457, 0.03271145223172564], [0.0, 0.0, 0.0, 1.0]]}, "Hobj2base": {"type": "ndarray", "data": [[0.9999808869784391, 0.00364375952948448, 0.004994866795563708, -0.7327227341893114], [0.0035948697384984864, -0.9999458858722645, 0.009762286550565498, 0.08830245352779541], [0.005030167927352092, -0.009744144068280971, -0.999939872725855, 0.0004666896560867606], [0.0, 0.0, 0.0, 1.0]]}, "mean_rme": {"type": "float", "data": 0.002283128765495814}, "max_rme": {"type": "float", "data": 0.008540751562203214}, "simu": {"type": "float", "data": 0.002}}, {"type": "dict", "image_number": {"type": "int", "data": 23}, "Hcamera2end": {"type": "ndarray", "data": [[0.9999675035722335, 0.0014928272823520996, 0.007922327071019933, -0.020592320975775364], [-0.00791591837554003, -0.004251080991320544, 0.999959632458569, 0.028763292709433973], [0.0015264454746035682, -0.999989849837042, -0.004239125747458106, 0.03288119405606745], [0.0, 0.0, 0.0, 1.0]]}, "Hobj2base": {"type": "ndarray", "data": [[0.9999827776655829, 0.002615202259511142, 0.005254054564552174, -0.7327410680403268], [0.0025694398333838786, -0.9999588716140659, 0.008697876710271325, 0.08830204945660494], [0.005276585180593975, -0.008684226935444968, -0.9999483695928335, 0.0003477357705391337], [0.0, 0.0, 0.0, 1.0]]}, "mean_rme": {"type": "float", "data": 0.00227644558412972}, "max_rme": {"type": "float", "data": 0.008438046299138774}, "simu": {"type": "float", "data": 0.002}}, {"type": "dict", "image_number": {"type": "int", "data": 24}, "Hcamera2end": {"type": "ndarray", "data": [[0.999971204369813, 0.0015075529617454091, 0.007437587999686045, -0.020326169558180226], [-0.00743073259058789, -0.00450308000036026, 0.9999622525294031, 0.028806276325439785], [0.0015409881092066182, -0.999988724713723, -0.004491748108409022, 0.03300836359328993], [0.0, 0.0, 0.0, 1.0]]}, "Hobj2base": {"type": "ndarray", "data": [[0.9999808871237023, 0.002996708388728466, 0.00540787630465624, -0.7327476817930011], [0.00295331870985268, -0.9999635289896103, 0.008013650806114533, 0.08815420655394186], [0.005431693648538372, -0.007997526459926872, -0.9999532670453308, 0.0002764263937961679], [0.0, 0.0, 0.0, 1.0]]}, "mean_rme": {"type": "float", "data": 0.002225130180306618}, "max_rme": {"type": "float", "data": 0.008376083708848542}, "simu": {"type": "float", "data": 0.002}}, {"type": "dict", "image_number": {"type": "int", "data": 25}, "Hcamera2end": {"type": "ndarray", "data": [[0.9999749292871022, 0.0009750419881409253, 0.007013564741016326, -0.01979412272286775], [-0.007009234253055053, -0.004375988017621957, 0.9999658600992616, 0.02839427332711867], [0.0010056999755717368, -0.9999899499604941, -0.004369044010781309, 0.033000665119951984], [0.0, 0.0, 0.0, 1.0]]}, "Hobj2base": {"type": "ndarray", "data": [[0.9999823516770964, 0.002251039778140215, 0.005498104606248532, -0.7326001638502756], [0.00220783823535349, -0.9999667430353594, 0.007851004622476237, 0.08874363677676124], [0.005515594679681607, -0.007838727139839892, -0.9999540652310768, 0.00048466597480261163], [0.0, 0.0, 0.0, 1.0]]}, "mean_rme": {"type": "float", "data": 0.0022325489656166253}, "max_rme": {"type": "float", "data": 0.008621644259534739}, "simu": {"type": "float", "data": 0.002}}, {"type": "dict", "image_number": {"type": "int", "data": 26}, "Hcamera2end": {"type": "ndarray", "data": [[0.9999752408542549, 0.0010113481330754344, 0.006963824626497948, -0.019725194606707512], [-0.00695947895737903, -0.004238673583927488, 0.9999667990982954, 0.028469333659419404], [0.0010408319348929186, -0.9999905053655274, -0.00423153018193978, 0.032944636260882426], [0.0, 0.0, 0.0, 1.0]]}, "Hobj2base": {"type": "ndarray", "data": [[0.9999834921719112, 0.002078357481503626, 0.005356847379607854, -0.7326122894647421], [0.00203618842451964, -0.9999669936897144, 0.007865460434980733, 0.08877471469160933], [0.005373017808381605, -0.007854423042685757, -0.9999547183339339, 0.0004291404068022958], [0.0, 0.0, 0.0, 1.0]]}, "mean_rme": {"type": "float", "data": 0.0021622712585567605}, "max_rme": {"type": "float", "data": 0.008651742478478858}, "simu": {"type": "float", "data": 0.002}}, {"type": "dict", "image_number": {"type": "int", "data": 27}, "Hcamera2end": {"type": "ndarray", "data": [[0.9999776181405937, 0.0007891808520044371, 0.006643825061497675, -0.019313608195111603], [-0.006640778122778377, -0.0038027221956855595, 0.999970719256232, 0.028258979508086885], [0.000814422365227733, -0.9999924582203031, -0.0037973963087549745, 0.03276017293157386], [0.0, 0.0, 0.0, 1.0]]}, "Hobj2base": {"type": "ndarray", "data": [[0.9999858548603815, 0.0013966970065697284, 0.005132184391068686, -0.7325609034866856], [0.0013574721866494895, -0.9999699051417723, 0.007638460579021504, 0.08920479876813012], [0.005142698553732559, -0.007631385734362511, -0.9999576564051893, 0.0005512526929244134], [0.0, 0.0, 0.0, 1.0]]}, "mean_rme": {"type": "float", "data": 0.0021509018801122996}, "max_rme": {"type": "float", "data": 0.008835753659977214}, "simu": {"type": "float", "data": 0.002}}, {"type": "dict", "image_number": {"type": "int", "data": 28}, "Hcamera2end": {"type": "ndarray", "data": [[0.9999783827919937, 0.0025176830383258977, 0.006074143629143703, -0.01872109182785773], [-0.006064749563966279, -0.0037222241432479652, 0.9999746816095665, 0.028284986949953784], [0.0025402286187096996, -0.9999899031087993, -0.003706874562045437, 0.03274282002452203], [0.0, 0.0, 0.0, 1.0]]}, "Hobj2base": {"type": "ndarray", "data": [[0.9999846673071027, 0.002572440342161472, 0.004903845571519226, -0.7324688971659414], [0.002537722912335678, -0.9999717676285673, 0.007072758176170298, 0.08890345747590676], [0.004921901372792335, -0.0070602051304758445, -0.999962963509345, 0.0006169002306279013], [0.0, 0.0, 0.0, 1.0]]}, "mean_rme": {"type": "float", "data": 0.002232851467645133}, "max_rme": {"type": "float", "data": 0.00894292960849033}, "simu": {"type": "float", "data": 0.002}}, {"type": "dict", "image_number": {"type": "int", "data": 29}, "Hcamera2end": {"type": "ndarray", "data": [[0.9999814197799715, 0.0025043518117834353, 0.005557725869029738, -0.018761968791682706], [-0.005550807843833905, -0.0027609363392901987, 0.9999807826967533, 0.02832304508388136], [0.002519648212210849, -0.9999930527021341, -0.002746983864804875, 0.03220098685955231], [0.0, 0.0, 0.0, 1.0]]}, "Hobj2base": {"type": "ndarray", "data": [[0.9999881405665515, 0.002688882857308558, 0.004060620054937137, -0.7324256249327448], [0.002661928193325385, -0.999974485287966, 0.006628944965905254, 0.08854400012264163], [0.004078340905866621, -0.006618057271366977, -0.999969783770194, 0.0006826044674730703], [0.0, 0.0, 0.0, 1.0]]}, "mean_rme": {"type": "float", "data": 0.002235141142487876}, "max_rme": {"type": "float", "data": 0.009101761278176218}, "simu": {"type": "float", "data": 0.002}}, {"type": "dict", "image_number": {"type": "int", "data": 30}, "Hcamera2end": {"type": "ndarray", "data": [[0.9999828989300146, 0.0023486707948186785, 0.0053558932982107526, -0.01844749205623916], [-0.005349650485033129, -0.0026562948893602556, 0.9999821625094863, 0.02811617982483414], [0.0023628557324216525, -0.9999937139017218, -0.0026436848960187387, 0.032158333644975716], [0.0, 0.0, 0.0, 1.0]]}, "Hobj2base": {"type": "ndarray", "data": [[0.9999878433433619, 0.0026882359965933697, 0.004133588358635632, -0.7324005371402582], [0.0026619414765860967, -0.9999762727451631, 0.0063535827897269175, 0.08882162395505235], [0.0041505702098939366, -0.006342502181103535, -0.9999712723038672, 0.0007432106546701862], [0.0, 0.0, 0.0, 1.0]]}, "mean_rme": {"type": "float", "data": 0.002216147120284621}, "max_rme": {"type": "float", "data": 0.009159773308792113}, "simu": {"type": "float", "data": 0.002}}]}