{"type": "list", "data": [{"type": "dict", "image_number": {"type": "int", "data": 5}, "Hcamera2end": {"type": "ndarray", "data": [[0.9996501297891839, 0.001785697381767322, -0.02638994689893449, -0.022645784762863858], [0.026407050684880074, -0.010349784030295517, 0.9995976938972261, 0.02675043198049391], [0.00151184873383799, -0.9999448451066625, -0.010393317950443182, 0.027409310780083296], [0.0, 0.0, 0.0, 1.0]]}, "Hobj2base": {"type": "ndarray", "data": [[0.9999442897287868, 0.006677687998626249, 0.008174712336540432, -0.7253300362263646], [0.006875781607763679, -0.9996774298824376, -0.02444912699724521, 0.06844423394046939], [0.008008811776694599, 0.02450397246648161, -0.9996676519060164, 0.0038241567706743585], [0.0, 0.0, 0.0, 1.0]]}, "mean_rme": {"type": "float", "data": 0.0016089102942441465}, "max_rme": {"type": "float", "data": 0.006038694053466492}, "simu": {"type": "float", "data": 0.002}}, {"type": "dict", "image_number": {"type": "int", "data": 6}, "Hcamera2end": {"type": "ndarray", "data": [[0.999943972766394, 0.001530174354155249, 0.010474249119002316, -0.019141633370490765], [-0.010481967758471853, 0.005126498407118207, 0.9999319213656459, 0.025268368249210273], [0.0014763739605505692, -0.9999856886878571, 0.005142250421839467, 0.02903006136865898], [0.0, 0.0, 0.0, 1.0]]}, "Hobj2base": {"type": "ndarray", "data": [[0.9999792280045591, 0.0038137326043836536, -0.0051960564881788785, -0.7345135093521006], [0.0038655868211790786, -0.9999424638512158, 0.010006309294064536, 0.08996813728081356], [-0.005157596139095361, -0.010026187250536304, -0.9999364353654105, 0.0060069586033184574], [0.0, 0.0, 0.0, 1.0]]}, "mean_rme": {"type": "float", "data": 0.0017745941949629917}, "max_rme": {"type": "float", "data": 0.004905612248213981}, "simu": {"type": "float", "data": 0.002}}, {"type": "dict", "image_number": {"type": "int", "data": 7}, "Hcamera2end": {"type": "ndarray", "data": [[0.9999460727500044, 0.0015401761418403805, 0.010270318850699171, -0.018756218677773776], [-0.010280177902369108, 0.0065361164719582865, 0.9999257958087493, 0.025108959036654464], [0.0014729338541030713, -0.999977453265281, 0.0065515972819103485, 0.028644957437541883], [0.0, 0.0, 0.0, 1.0]]}, "Hobj2base": {"type": "ndarray", "data": [[0.9999752415761118, 0.0041063255812678265, -0.005714396295096106, -0.7348826239445275], [0.004165776705265769, -0.9999369180020359, 0.01043102684452596, 0.09018334552128349], [-0.005671202627190085, -0.010454573487712523, -0.9999292671754092, 0.00598213376222085], [0.0, 0.0, 0.0, 1.0]]}, "mean_rme": {"type": "float", "data": 0.0016623522811817022}, "max_rme": {"type": "float", "data": 0.004913961455480037}, "simu": {"type": "float", "data": 0.002}}, {"type": "dict", "image_number": {"type": "int", "data": 8}, "Hcamera2end": {"type": "ndarray", "data": [[0.999977635326324, 0.002703040147357906, 0.006117386789731694, -0.017768040226734706], [-0.006124212570328684, 0.0025242037701265208, 0.9999780609671998, 0.024875450609541747], [0.0026875393144734894, -0.9999931609612582, 0.0025407013095813946, 0.02835943878547568], [0.0, 0.0, 0.0, 1.0]]}, "Hobj2base": {"type": "ndarray", "data": [[0.9999842238079484, 0.005028633407790382, -0.00250299445967394, -0.7328180857772901], [0.00504745145285916, -0.9999586117159085, 0.007569550120309568, 0.08981430657519884], [-0.002464826372411231, -0.007582064444655105, -0.9999682179598064, 0.005521472284693421], [0.0, 0.0, 0.0, 1.0]]}, "mean_rme": {"type": "float", "data": 0.002290203832971207}, "max_rme": {"type": "float", "data": 0.010445520343655947}, "simu": {"type": "float", "data": 0.002}}, {"type": "dict", "image_number": {"type": "int", "data": 9}, "Hcamera2end": {"type": "ndarray", "data": [[0.999941310084933, 0.0022082847230702266, 0.010606595316576336, -0.01930506626635923], [-0.010615980005136926, 0.004282323843363356, 0.9999344791890271, 0.022212512131750125], [0.002162719158443231, -0.9999883925231744, 0.004305515620606437, 0.02673623743017524], [0.0, 0.0, 0.0, 1.0]]}, "Hobj2base": {"type": "ndarray", "data": [[0.9999903711620224, 0.0037199593067339587, -0.002327978951147891, -0.7315937255155516], [0.003745583460879434, -0.9999313643863283, 0.011101221600954178, 0.09010987279059295], [-0.0022865230762733786, -0.011109834348546723, -0.9999356696272863, 0.0077252342415951025], [0.0, 0.0, 0.0, 1.0]]}, "mean_rme": {"type": "float", "data": 0.0023195145348223365}, "max_rme": {"type": "float", "data": 0.011002118960407353}, "simu": {"type": "float", "data": 0.002}}, {"type": "dict", "image_number": {"type": "int", "data": 10}, "Hcamera2end": {"type": "ndarray", "data": [[0.9999578040055879, 0.0019443285297780807, 0.008978295767610023, -0.018371718406568087], [-0.008983226375314506, 0.002542182985241892, 0.9999564185251072, 0.023322372267279328], [0.0019214193223361892, -0.9999948784330036, 0.0025595420586338458, 0.027705383326541363], [0.0, 0.0, 0.0, 1.0]]}, "Hobj2base": {"type": "ndarray", "data": [[0.9999924037400825, 0.00341138090272516, -0.0018854555068926434, -0.7318087432846511], [0.003427948515290345, -0.9999549196970463, 0.008854814659285812, 0.09047793729168316], [-0.0018551633643613286, -0.008861210640217637, -0.9999590178176709, 0.006770935576490345], [0.0, 0.0, 0.0, 1.0]]}, "mean_rme": {"type": "float", "data": 0.0024247345999965325}, "max_rme": {"type": "float", "data": 0.01064902787120801}, "simu": {"type": "float", "data": 0.002}}, {"type": "dict", "image_number": {"type": "int", "data": 11}, "Hcamera2end": {"type": "ndarray", "data": [[0.9999852737129359, 0.003841053438214841, 0.0038338838987918436, -0.01718259361969864], [-0.00384498836718245, 0.0028877943070333423, 0.9999884382874117, 0.02574106140559088], [0.0038299375609621936, -0.9999884534096007, 0.0029025205863330017, 0.028840913019793156], [0.0, 0.0, 0.0, 1.0]]}, "Hobj2base": {"type": "ndarray", "data": [[0.9999844263393393, 0.00445783281299466, -0.0033577976999912586, -0.7333820234201753], [0.004475232356524806, -0.999976506057014, 0.005192266303012232, 0.08953353270821413], [-0.003334572556984163, -0.005207212365332433, -0.9999808825998846, 0.004777768439676497], [0.0, 0.0, 0.0, 1.0]]}, "mean_rme": {"type": "float", "data": 0.0026580732155183587}, "max_rme": {"type": "float", "data": 0.010061943619445901}, "simu": {"type": "float", "data": 0.002}}, {"type": "dict", "image_number": {"type": "int", "data": 12}, "Hcamera2end": {"type": "ndarray", "data": [[0.9999918200515817, 0.0033337038012124422, 0.002290469142083906, -0.016671099914517856], [-0.0023080663738076143, 0.005284342561047928, 0.9999833741384461, 0.024772946160548155], [0.003321544751942301, -0.9999804808808335, 0.0052919937450421894, 0.028608149025648497], [0.0, 0.0, 0.0, 1.0]]}, "Hobj2base": {"type": "ndarray", "data": [[0.9999814534144893, 0.0038965197475395886, -0.0046808077190300165, -0.7339086821633177], [0.003919692683715129, -0.9999800581525935, 0.0049516973252280196, 0.08986985403488691], [-0.004661419988665155, -0.004969952815920314, -0.9999767850968824, 0.006404370465908434], [0.0, 0.0, 0.0, 1.0]]}, "mean_rme": {"type": "float", "data": 0.0027097423645168687}, "max_rme": {"type": "float", "data": 0.010176732674880534}, "simu": {"type": "float", "data": 0.002}}, {"type": "dict", "image_number": {"type": "int", "data": 13}, "Hcamera2end": {"type": "ndarray", "data": [[0.9999891472443092, 0.0037345021589769048, 0.0027854779166115646, -0.016581356511544194], [-0.002811554523320298, 0.006995648246453823, 0.9999715776294715, 0.0247450177730755], [0.003714909791869923, -0.9999685567052778, 0.007006072080829928, 0.028149462539503615], [0.0, 0.0, 0.0, 1.0]]}, "Hobj2base": {"type": "ndarray", "data": [[0.9999765790088371, 0.004046421219137515, -0.005519774370426824, -0.7339942346597768], [0.004074870921841004, -0.9999784224755663, 0.005152670205641655, 0.09023708948804497], [-0.005498805393305152, -0.005175041893075479, -0.9999714906339336, 0.006637191239406417], [0.0, 0.0, 0.0, 1.0]]}, "mean_rme": {"type": "float", "data": 0.002642470038087233}, "max_rme": {"type": "float", "data": 0.010345282669476541}, "simu": {"type": "float", "data": 0.002}}, {"type": "dict", "image_number": {"type": "int", "data": 14}, "Hcamera2end": {"type": "ndarray", "data": [[0.9999920001488003, 0.0031712089647570516, 0.002437841689603245, -0.01660201996050998], [-0.0024593859912117795, 0.006807653024598959, 0.9999738032972879, 0.0259778447850475], [0.0031545299091868427, -0.9999717992493581, 0.0068153977912909225, 0.028330233966238128], [0.0, 0.0, 0.0, 1.0]]}, "Hobj2base": {"type": "ndarray", "data": [[0.9999774903631476, 0.0028163729754115147, -0.0060898941110861205, -0.7343981813986721], [0.0028477719534411904, -0.9999826661526809, 0.005153405580432418, 0.09062975834699172], [-0.006075274637583347, -0.005170632208793228, -0.999968177293977, 0.005700501176123933], [0.0, 0.0, 0.0, 1.0]]}, "mean_rme": {"type": "float", "data": 0.0027863698526132425}, "max_rme": {"type": "float", "data": 0.010354028656657105}, "simu": {"type": "float", "data": 0.002}}, {"type": "dict", "image_number": {"type": "int", "data": 15}, "Hcamera2end": {"type": "ndarray", "data": [[0.9999926709827167, 0.003330992835245356, 0.001887450021484593, -0.016777566362467213], [-0.0019118021619815484, 0.007322797091713573, 0.9999713604175106, 0.02611496873188505], [0.003317076023473198, -0.9999676400411589, 0.007329111622111029, 0.028302749647816903], [0.0, 0.0, 0.0, 1.0]]}, "Hobj2base": {"type": "ndarray", "data": [[0.9999771772776878, 0.0027759763958135407, -0.006159454423711518, -0.7344787754062235], [0.002806303707148399, -0.9999839563771056, 0.0049205332937299825, 0.09025305072128251], [-0.006145696319469298, -0.004937706293548264, -0.9999689242538028, 0.005393541710375375], [0.0, 0.0, 0.0, 1.0]]}, "mean_rme": {"type": "float", "data": 0.0028053456958250936}, "max_rme": {"type": "float", "data": 0.010493658910240927}, "simu": {"type": "float", "data": 0.002}}, {"type": "dict", "image_number": {"type": "int", "data": 16}, "Hcamera2end": {"type": "ndarray", "data": [[0.9999917680891564, 0.0033059349792019725, 0.002352561972864191, -0.016751523258760472], [-0.0023749561619957646, 0.006786415485765196, 0.9999741517399755, 0.026224928004375807], [0.0032898840635311372, -0.9999715072734664, 0.006794211071248002, 0.02846067413718262], [0.0, 0.0, 0.0, 1.0]]}, "Hobj2base": {"type": "ndarray", "data": [[0.9999785338462499, 0.0024950322660031183, -0.006058602206460469, -0.7344620412317673], [0.002524469666885178, -0.9999850230415606, 0.0048560009751480015, 0.09057478663790196], [-0.006046395587910285, -0.004871191492978391, -0.9999698558425816, 0.005355519154248138], [0.0, 0.0, 0.0, 1.0]]}, "mean_rme": {"type": "float", "data": 0.002783622543576635}, "max_rme": {"type": "float", "data": 0.0105009402649828}, "simu": {"type": "float", "data": 0.002}}, {"type": "dict", "image_number": {"type": "int", "data": 17}, "Hcamera2end": {"type": "ndarray", "data": [[0.9999847258639059, 0.0027352589762344335, 0.004802748923484431, -0.017550563172423917], [-0.0048168081910714864, 0.005156832314849313, 0.9999751024097183, 0.027688553621916447], [0.002710423904028398, -0.9999829625742676, 0.005169928766532217, 0.028244597510442778], [0.0, 0.0, 0.0, 1.0]]}, "Hobj2base": {"type": "ndarray", "data": [[0.9999877262437573, 0.0025929551496645807, -0.004221841474072228, -0.7334172846893316], [0.002621830227833124, -0.9999731127449549, 0.0068483423850492515, 0.09041805492429304], [-0.0042039705156897735, -0.006859327281757992, -0.9999676376069107, 0.003366755065963838], [0.0, 0.0, 0.0, 1.0]]}, "mean_rme": {"type": "float", "data": 0.002781709607720097}, "max_rme": {"type": "float", "data": 0.010424208608921598}, "simu": {"type": "float", "data": 0.002}}, {"type": "dict", "image_number": {"type": "int", "data": 18}, "Hcamera2end": {"type": "ndarray", "data": [[0.9999817251880097, 0.0023667594405673113, 0.005563069275361113, -0.017436558255752976], [-0.005575819678294609, 0.005415232850951579, 0.9999697922877895, 0.026926322233647635], [0.002336562630687204, -0.9999825366989767, 0.00542833051245184, 0.02792001773261492], [0.0, 0.0, 0.0, 1.0]]}, "Hobj2base": {"type": "ndarray", "data": [[0.999987519679734, 0.0024084705404974565, -0.004377185674529535, -0.7329896047808836], [0.0024397151894984905, -0.9999714851013264, 0.007146801665180406, 0.09071391512135624], [-0.004359847998254186, -0.007157391557184151, -0.9999648811190964, 0.004203269541213892], [0.0, 0.0, 0.0, 1.0]]}, "mean_rme": {"type": "float", "data": 0.002910661364919488}, "max_rme": {"type": "float", "data": 0.010279036752506115}, "simu": {"type": "float", "data": 0.002}}, {"type": "dict", "image_number": {"type": "int", "data": 19}, "Hcamera2end": {"type": "ndarray", "data": [[0.9999684269080218, 0.0016257619067590844, 0.007778308641268494, -0.0181109303085334], [-0.007786731958842412, 0.005240681525838231, 0.9999559500610745, 0.028241030549105543], [0.001584926653647819, -0.9999849459643718, 0.0052531754335152225, 0.02731260773072748], [0.0, 0.0, 0.0, 1.0]]}, "Hobj2base": {"type": "ndarray", "data": [[0.9999926316385138, 0.0017545135278692232, -0.003414432743528354, -0.7320390466735374], [0.0017850361612611792, -0.9999582931257891, 0.008956877517423143, 0.090807366699101], [-0.0033985753754396304, -0.008962906405829198, -0.9999540569417069, 0.0026331482497178433], [0.0, 0.0, 0.0, 1.0]]}, "mean_rme": {"type": "float", "data": 0.002950621735680201}, "max_rme": {"type": "float", "data": 0.010663089647668673}, "simu": {"type": "float", "data": 0.002}}, {"type": "dict", "image_number": {"type": "int", "data": 20}, "Hcamera2end": {"type": "ndarray", "data": [[0.999961577245624, 0.001528194423556032, 0.008631839563371423, -0.017994110357603413], [-0.00863898390727943, 0.0047318330741522585, 0.9999514876796814, 0.028836834377240557], [0.0014872758633619116, -0.9999876371123605, 0.004744853311124619, 0.027178553555308977], [0.0, 0.0, 0.0, 1.0]]}, "Hobj2base": {"type": "ndarray", "data": [[0.9999941572748681, 0.0018706590296101047, -0.002861127561201452, -0.731544389448547], [0.0018978029474371221, -0.9999529396482849, 0.00951403346255667, 0.0910475301483906], [-0.002843195402927375, -0.009519407730992894, -0.9999506473403337, 0.0016971890544123958], [0.0, 0.0, 0.0, 1.0]]}, "mean_rme": {"type": "float", "data": 0.0029104793993264847}, "max_rme": {"type": "float", "data": 0.010796397393118627}, "simu": {"type": "float", "data": 0.002}}, {"type": "dict", "image_number": {"type": "int", "data": 21}, "Hcamera2end": {"type": "ndarray", "data": [[0.9999950756849602, 0.00014014222501450724, 0.0031351181775925233, -0.015709894972128744], [-0.0031358139939467846, 0.005276274842832773, 0.9999811636197846, 0.028996165957998084], [0.00012359784007253305, -0.999986070544955, 0.005276688320743572, 0.02723147136144133], [0.0, 0.0, 0.0, 1.0]]}, "Hobj2base": {"type": "ndarray", "data": [[0.9999925866315581, 0.00033035839300179555, -0.003836345299627422, -0.732002900415005], [0.00034869509866920827, -0.9999885147101586, 0.004780048064455615, 0.09095552707721542], [-0.0038347221090926802, -0.0047813503430009265, -0.9999812166212139, 0.0020719408122364365], [0.0, 0.0, 0.0, 1.0]]}, "mean_rme": {"type": "float", "data": 0.0030286503951120767}, "max_rme": {"type": "float", "data": 0.010650359393737863}, "simu": {"type": "float", "data": 0.002}}, {"type": "dict", "image_number": {"type": "int", "data": 22}, "Hcamera2end": {"type": "ndarray", "data": [[0.999995375110996, 0.00014743815006844504, 0.0030377653974918775, -0.01571852423139217], [-0.0030384427567289145, 0.004834800502174552, 0.9999836961519515, 0.02890042098334873], [0.00013274875658996778, -0.9999883014146196, 0.0048352261241380035, 0.027429776213320572], [0.0, 0.0, 0.0, 1.0]]}, "Hobj2base": {"type": "ndarray", "data": [[0.9999946494672541, 0.0002910431410784112, -0.003258271129531395, -0.7318914308165572], [0.0003063973599468309, -0.9999888474015739, 0.004712875250746125, 0.09087066029823428], [-0.0032568631413254366, -0.004713848360024848, -0.9999835861033504, 0.0020041518107017], [0.0, 0.0, 0.0, 1.0]]}, "mean_rme": {"type": "float", "data": 0.002935675736310954}, "max_rme": {"type": "float", "data": 0.010641719995629302}, "simu": {"type": "float", "data": 0.002}}, {"type": "dict", "image_number": {"type": "int", "data": 23}, "Hcamera2end": {"type": "ndarray", "data": [[0.9999945757386718, -4.331130429346551e-05, 0.0032934203140039843, -0.015675190768573696], [-0.003293167325077566, 0.004920678602090223, 0.9999824708318961, 0.028773031905041387], [-5.951640794914031e-05, -0.9999878924498165, 0.00492050927967147, 0.02737767454051513], [0.0, 0.0, 0.0, 1.0]]}, "Hobj2base": {"type": "ndarray", "data": [[0.9999952401098974, 1.975742313697258e-05, -0.0030853471754396966, -0.7317539727679652], [3.4856691427002106e-05, -0.999988024258107, 0.0048938865311509505, 0.09106136994365935], [-0.0030852135355312915, -0.004893970781783327, -0.999983265113686, 0.0021618013702406854], [0.0, 0.0, 0.0, 1.0]]}, "mean_rme": {"type": "float", "data": 0.0028856866596834877}, "max_rme": {"type": "float", "data": 0.010681149828406681}, "simu": {"type": "float", "data": 0.002}}, {"type": "dict", "image_number": {"type": "int", "data": 24}, "Hcamera2end": {"type": "ndarray", "data": [[0.9999958407374001, 4.8130029672007e-06, 0.0028841783466405746, -0.015720486231940608], [-0.002884165852253112, 0.0050523443908605525, 0.9999830775585621, 0.028960668608614272], [-9.758940772451596e-06, -0.9999872368150462, 0.005052337258332318, 0.027402825213500768], [0.0, 0.0, 0.0, 1.0]]}, "Hobj2base": {"type": "ndarray", "data": [[0.9999952202662167, -5.13325648289017e-05, -0.0030914090134755825, -0.7318324121432257], [-3.7269360443680543e-05, -0.9999896525047312, 0.0045490102726847515, 0.09087199906100947], [-0.0030916105375001727, -0.004548873314789869, -0.999984874733538, 0.0018807125655856151], [0.0, 0.0, 0.0, 1.0]]}, "mean_rme": {"type": "float", "data": 0.002854373602936147}, "max_rme": {"type": "float", "data": 0.01065623813635647}, "simu": {"type": "float", "data": 0.002}}, {"type": "dict", "image_number": {"type": "int", "data": 25}, "Hcamera2end": {"type": "ndarray", "data": [[0.9999965452295287, -0.0005309090464826651, 0.0025744250992033846, -0.01558056548896683], [-0.0025709383883531388, 0.006466746613240315, 0.9999757854388492, 0.028805547230971503], [-0.0005475443455444078, -0.9999789494403492, 0.006465359337666787, 0.02699653060412924], [0.0, 0.0, 0.0, 1.0]]}, "Hobj2base": {"type": "ndarray", "data": [[0.9999921148599599, -0.0006556237008624473, -0.003916679137689784, -0.7318855927130687], [-0.0006377171113843698, -0.99998934783776, 0.00457138139922734, 0.09110356623688726], [-0.003919634522579183, -0.004568847619938924, -0.9999818808841663, 0.002311124691825319], [0.0, 0.0, 0.0, 1.0]]}, "mean_rme": {"type": "float", "data": 0.0028726253994339618}, "max_rme": {"type": "float", "data": 0.010777294364849525}, "simu": {"type": "float", "data": 0.002}}, {"type": "dict", "image_number": {"type": "int", "data": 26}, "Hcamera2end": {"type": "ndarray", "data": [[0.9999967147967146, -0.0009164774447407491, 0.0023938389401899577, -0.015396280193507533], [-0.002387278542523004, 0.007093670357024684, 0.9999719899787326, 0.02860393259538031], [-0.0009334328785175477, -0.9999744196278019, 0.0070914591659368975, 0.026844918805731827], [0.0, 0.0, 0.0, 1.0]]}, "Hobj2base": {"type": "ndarray", "data": [[0.9999909406609729, -0.0008625502688128877, -0.004168285380865134, -0.7319196199224339], [-0.0008438068967362574, -0.999989535444592, 0.004496330863125984, 0.09135424334976797], [-0.004172120073006469, -0.004492772901388378, -0.9999812040262326, 0.002553581038980867], [0.0, 0.0, 0.0, 1.0]]}, "mean_rme": {"type": "float", "data": 0.002845630738313341}, "max_rme": {"type": "float", "data": 0.010833254757986993}, "simu": {"type": "float", "data": 0.002}}, {"type": "dict", "image_number": {"type": "int", "data": 27}, "Hcamera2end": {"type": "ndarray", "data": [[0.9999971640460721, -0.0006976015796443934, 0.0022771148081120224, -0.015563368068404812], [-0.0022719528220641206, 0.007313141245022692, 0.9999706776678527, 0.028405382438759154], [-0.0007142339865620247, -0.9999730152944961, 0.007311535587413487, 0.02680181121869511], [0.0, 0.0, 0.0, 1.0]]}, "Hobj2base": {"type": "ndarray", "data": [[0.9999894660263526, -0.0005279785724486395, -0.004559503806015783, -0.7322363225758489], [-0.000507338159523568, -0.9999896249757385, 0.004526869655014391, 0.09117976990536229], [-0.004561846591231291, -0.004524508758819455, -0.9999793589750585, 0.002906230627446002], [0.0, 0.0, 0.0, 1.0]]}, "mean_rme": {"type": "float", "data": 0.0028572228191778887}, "max_rme": {"type": "float", "data": 0.01077171772431209}, "simu": {"type": "float", "data": 0.002}}, {"type": "dict", "image_number": {"type": "int", "data": 28}, "Hcamera2end": {"type": "ndarray", "data": [[0.9999970652332815, -0.0006778670956690008, 0.0023259451895427915, -0.015491387310269215], [-0.0023208449675808087, 0.007430019538771315, 0.9999697037852147, 0.0284062854661738], [-0.0006951283770662888, -0.9999721672655966, 0.00742842450895953, 0.02677454133285318], [0.0, 0.0, 0.0, 1.0]]}, "Hobj2base": {"type": "ndarray", "data": [[0.9999885411919679, -0.0005377919169315198, -0.004756917553839104, -0.7322262424137038], [-0.0005158993264108116, -0.9999892763095921, 0.004602294395530109, 0.09127171631477723], [-0.004759341618853217, -0.004599787568160307, -0.9999780950709285, 0.0029851979695201003], [0.0, 0.0, 0.0, 1.0]]}, "mean_rme": {"type": "float", "data": 0.002781379600350213}, "max_rme": {"type": "float", "data": 0.010780594597271008}, "simu": {"type": "float", "data": 0.002}}, {"type": "dict", "image_number": {"type": "int", "data": 29}, "Hcamera2end": {"type": "ndarray", "data": [[0.9999965975656663, -0.0007466221799730772, 0.0024994824286632498, -0.015489725448829294], [-0.0024938298467527195, 0.007478217722684866, 0.9999689280534608, 0.0284837654472041], [-0.000765290654764185, -0.9999717590087295, 0.00747633032986339, 0.02683392954825743], [0.0, 0.0, 0.0, 1.0]]}, "Hobj2base": {"type": "ndarray", "data": [[0.999989361920639, -0.0006800241739822445, -0.004562193844629939, -0.7321929396189722], [-0.0006581536177002603, -0.9999882937696354, 0.00479365805083215, 0.0914358003387112], [-0.004565400241894197, -0.0047906044311338825, -0.9999781033751765, 0.002930457802921966], [0.0, 0.0, 0.0, 1.0]]}, "mean_rme": {"type": "float", "data": 0.0027417780592707847}, "max_rme": {"type": "float", "data": 0.010774250938710248}, "simu": {"type": "float", "data": 0.002}}, {"type": "dict", "image_number": {"type": "int", "data": 30}, "Hcamera2end": {"type": "ndarray", "data": [[0.999995652676967, -0.0010062170196795507, 0.0027716699796324525, -0.015804904581814768], [-0.0027639287693122863, 0.007614934772978366, 0.9999671861947078, 0.028750205759821037], [-0.0010272900879773085, -0.9999704997127229, 0.007612120556228175, 0.026819917004881146], [0.0, 0.0, 0.0, 1.0]]}, "Hobj2base": {"type": "ndarray", "data": [[0.9999882545021779, -0.0010352689523295698, -0.004734878655673417, -0.7322972349122717], [-0.0010110286245847068, -0.9999863864506191, 0.005119056021704721, 0.09148677270302168], [-0.004740113796933533, -0.005114208797988546, -0.9999756877992398, 0.0026750683925929166], [0.0, 0.0, 0.0, 1.0]]}, "mean_rme": {"type": "float", "data": 0.002742392674009859}, "max_rme": {"type": "float", "data": 0.010712947647804318}, "simu": {"type": "float", "data": 0.002}}]}