{"type": "list", "data": [{"type": "dict", "image_number": {"type": "int", "data": 5}, "Hcamera2end": {"type": "ndarray", "data": [[0.9999733290411819, 0.003998552446040223, -0.006111692452378915, -0.015059883090966824], [0.006070323319294989, 0.010277626046649613, 0.9999287582511288, 0.024191852094452983], [0.004061081271708694, -0.9999391891416104, 0.010253079426351897, 0.03684521857071927], [0.0, 0.0, 0.0, 1.0]]}, "Hobj2base": {"type": "ndarray", "data": [[0.9999679138397831, 0.001540814585238298, -0.007861118325403127, -0.7446143098919906], [0.0015189230904965132, -0.9999949543960651, -0.002789991945600793, 0.08922143767417397], [-0.007865377521596053, 0.002777961991330643, -0.999965208776594, 0.006695787721011004], [0.0, 0.0, 0.0, 1.0]]}, "mean_rme": {"type": "float", "data": 0.0016451497475078484}, "max_rme": {"type": "float", "data": 0.005102591989144423}, "simu": {"type": "float", "data": 0.002}}, {"type": "dict", "image_number": {"type": "int", "data": 6}, "Hcamera2end": {"type": "ndarray", "data": [[0.9999405394715438, 0.004167728803568176, 0.010077080826202598, -0.014022559407048822], [-0.010136724064004473, 0.014546162978937738, 0.9998428156304571, 0.02512362599066222], [0.004020490841693892, -0.9998855130359725, 0.014587545173255334, 0.03715465644328925], [0.0, 0.0, 0.0, 1.0]]}, "Hobj2base": {"type": "ndarray", "data": [[0.9999356794297961, -0.0014200392649096447, -0.011252577116292866, -0.7473542022776091], [-0.0012794258128882656, -0.9999211350070831, 0.012493471724719317, 0.09973431923946126], [-0.011269430902282431, -0.012478271299870057, -0.9998586363444113, 0.0040605186097119605], [0.0, 0.0, 0.0, 1.0]]}, "mean_rme": {"type": "float", "data": 0.0014450911420271096}, "max_rme": {"type": "float", "data": 0.004521066377851574}, "simu": {"type": "float", "data": 0.002}}, {"type": "dict", "image_number": {"type": "int", "data": 7}, "Hcamera2end": {"type": "ndarray", "data": [[0.9999824522636422, 0.004347328285436159, 0.004024413195882772, -0.014186070069038622], [-0.004039540578335144, 0.0034765382792704136, 0.999985797795903, 0.024435820768948683], [0.004333275517265486, -0.9999845070891704, 0.003494038482909634, 0.03617239591212492], [0.0, 0.0, 0.0, 1.0]]}, "Hobj2base": {"type": "ndarray", "data": [[0.9999936785743316, 0.0028948964419099814, -0.0020645546655375835, -0.7400397590755248], [0.0029072543628087424, -0.9999777251265232, 0.006008088119647762, 0.09521102386654452], [-0.0020471158849233733, -0.006014052325523945, -0.9999798200419743, 0.002941924837493813], [0.0, 0.0, 0.0, 1.0]]}, "mean_rme": {"type": "float", "data": 0.0021305008075211012}, "max_rme": {"type": "float", "data": 0.004568800383116467}, "simu": {"type": "float", "data": 0.002}}, {"type": "dict", "image_number": {"type": "int", "data": 8}, "Hcamera2end": {"type": "ndarray", "data": [[0.9999737508020392, 0.005173124073907049, -0.005073114843674583, -0.015065546800337073], [0.00507772766337808, -0.0008789455423352521, 0.9999867219801022, 0.024736932526308115], [0.00516859639338506, -0.9999862330262601, -0.0009051901859360445, 0.03698896195915523], [0.0, 0.0, 0.0, 1.0]]}, "Hobj2base": {"type": "ndarray", "data": [[0.9999903349001433, 0.004333855325953679, -0.0007401380364459892, -0.7396273927248596], [0.004331925936627686, -0.9999872661782843, -0.002588802611575703, 0.08866556228090794], [-0.0007513481076462079, 0.0025855713673831877, -0.9999963751417933, 0.00491996621925124], [0.0, 0.0, 0.0, 1.0]]}, "mean_rme": {"type": "float", "data": 0.002190245230639798}, "max_rme": {"type": "float", "data": 0.006333031175093873}, "simu": {"type": "float", "data": 0.002}}, {"type": "dict", "image_number": {"type": "int", "data": 9}, "Hcamera2end": {"type": "ndarray", "data": [[0.9999753539623802, 0.005204657715025278, -0.004712006566408278, -0.015178951761177721], [0.004718518774254979, -0.0012396571254498223, 0.9999880993445813, 0.024784055682467485], [0.005198754503672025, -0.9999856872917134, -0.0012641848479555406, 0.03712165820440964], [0.0, 0.0, 0.0, 1.0]]}, "Hobj2base": {"type": "ndarray", "data": [[0.9999894703954234, 0.004500720076427026, -0.0008958889854849782, -0.7395823554052385], [0.0044985842852016365, -0.999987068334871, -0.0023718984925891955, 0.08876187265450954], [-0.0009065526513134684, 0.0023678432853245844, -0.9999967857350676, 0.004894606489811302], [0.0, 0.0, 0.0, 1.0]]}, "mean_rme": {"type": "float", "data": 0.00199883661472201}, "max_rme": {"type": "float", "data": 0.006442082169099694}, "simu": {"type": "float", "data": 0.002}}, {"type": "dict", "image_number": {"type": "int", "data": 10}, "Hcamera2end": {"type": "ndarray", "data": [[0.9999863785187976, 0.004487277982758061, -0.002665916946506912, -0.014257538936955439], [0.002675580962886978, -0.002149024284051171, 0.9999941114632312, 0.02455948908564159], [0.004481522438999361, -0.9999876229388701, -0.0021610010867030294, 0.03644227862213932], [0.0, 0.0, 0.0, 1.0]]}, "Hobj2base": {"type": "ndarray", "data": [[0.9999897061524794, 0.004536710287923569, 7.647771869568781e-05, -0.7377728640947178], [0.004536745214402021, -0.9999896017910224, -0.00046287437992258775, 0.09051851088329817], [7.437699650297566e-05, 0.0004632165750886006, -0.9999998899492273, 0.004173128164228335], [0.0, 0.0, 0.0, 1.0]]}, "mean_rme": {"type": "float", "data": 0.002020869128917272}, "max_rme": {"type": "float", "data": 0.00635512329734822}, "simu": {"type": "float", "data": 0.002}}, {"type": "dict", "image_number": {"type": "int", "data": 11}, "Hcamera2end": {"type": "ndarray", "data": [[0.9999907248755295, 0.004185943622236489, -0.0010139225337929643, -0.014009590379728444], [0.0010241680487061183, -0.002446182241793382, 0.9999964836299414, 0.02438592254789039], [0.004183448663612951, -0.9999882469651488, -0.002450446662860095, 0.03607825316496794], [0.0, 0.0, 0.0, 1.0]]}, "Hobj2base": {"type": "ndarray", "data": [[0.9999896091440041, 0.004527672415742355, 0.0005308356784116688, -0.7368968439529623], [0.004527113926350239, -0.9999892027620438, 0.001048617580130929, 0.09156633913432817], [0.0005355777437447548, -0.0010462035305043179, -0.9999993093070878, 0.00374251503194566], [0.0, 0.0, 0.0, 1.0]]}, "mean_rme": {"type": "float", "data": 0.002025662089804711}, "max_rme": {"type": "float", "data": 0.008135939233533146}, "simu": {"type": "float", "data": 0.002}}, {"type": "dict", "image_number": {"type": "int", "data": 12}, "Hcamera2end": {"type": "ndarray", "data": [[0.9999891485445297, 0.004243278987292963, -0.0019228563707386626, -0.01439002229629908], [0.0019353401093111418, -0.0029398603933841194, 0.9999938058205805, 0.024408468162459424], [0.004237599774375087, -0.9999866758133847, -0.0029480406796391634, 0.036045530613001295], [0.0, 0.0, 0.0, 1.0]]}, "Hobj2base": {"type": "ndarray", "data": [[0.9999888312233567, 0.004722498246310151, 0.00018825211479495617, -0.7368295875427742], [0.004722427971959233, -0.9999887800776472, 0.0003720119191999726, 0.09058987415296706], [0.00019000682825687384, -0.0003711187572292502, -0.9999999130841326, 0.004134946905384962], [0.0, 0.0, 0.0, 1.0]]}, "mean_rme": {"type": "float", "data": 0.0020893711465249875}, "max_rme": {"type": "float", "data": 0.007120422939509902}, "simu": {"type": "float", "data": 0.002}}, {"type": "dict", "image_number": {"type": "int", "data": 13}, "Hcamera2end": {"type": "ndarray", "data": [[0.999990872478823, 0.003948694192016191, -0.001631800606772008, -0.014662226210776374], [0.001642207776827249, -0.0026337924458823547, 0.9999951831338838, 0.024398550017948994], [0.003944377347573632, -0.9999887354123196, -0.0026402529821965004, 0.03609122944364436], [0.0, 0.0, 0.0, 1.0]]}, "Hobj2base": {"type": "ndarray", "data": [[0.9999906200353827, 0.004330689669166856, 7.048574358133726e-05, -0.7369006419727708], [0.004330650536750948, -0.9999904735336778, 0.000546175630302159, 0.09055037645810388], [7.285038926097509e-05, -0.0005458652580707981, -0.9999998483619588, 0.004349083262834692], [0.0, 0.0, 0.0, 1.0]]}, "mean_rme": {"type": "float", "data": 0.001980627542112887}, "max_rme": {"type": "float", "data": 0.007089280746952059}, "simu": {"type": "float", "data": 0.002}}, {"type": "dict", "image_number": {"type": "int", "data": 14}, "Hcamera2end": {"type": "ndarray", "data": [[0.9999949672486879, 0.0030067376851346246, 0.0010124256953408578, -0.01510212077909963], [-0.0010067350696063627, -0.001893535421605419, 0.9999977005014097, 0.024743029950465432], [0.003008647835061427, -0.9999936870061231, -0.0018904989036399034, 0.03627740495981162], [0.0, 0.0, 0.0, 1.0]]}, "Hobj2base": {"type": "ndarray", "data": [[0.9999955517523142, 0.002935372681576938, -0.0005292096039574519, -0.7379192351275746], [0.0029366492642003386, -0.9999927408535847, 0.0024278243829636546, 0.09168474771261319], [-0.0005220791929780345, -0.002429367686393531, -0.9999969127982149, 0.004208955143930144], [0.0, 0.0, 0.0, 1.0]]}, "mean_rme": {"type": "float", "data": 0.0021863895724359254}, "max_rme": {"type": "float", "data": 0.007577156381200628}, "simu": {"type": "float", "data": 0.002}}, {"type": "dict", "image_number": {"type": "int", "data": 15}, "Hcamera2end": {"type": "ndarray", "data": [[0.9999959408592538, 0.0026786720337679494, 0.0009710721658634519, -0.014886385101339494], [-0.0009638490969059615, -0.002696485363975709, 0.9999958999723951, 0.02463771686638001], [0.0026812795330212816, -0.9999927768153215, -0.002693892582941393, 0.03596778289754675], [0.0, 0.0, 0.0, 1.0]]}, "Hobj2base": {"type": "ndarray", "data": [[0.9999945101461205, 0.0033083809296955537, -0.0001851843526328459, -0.7371071580344186], [0.003308843402483364, -0.9999912606970423, 0.002555403075574943, 0.09155786126515707], [-0.00017672848744776766, -0.002556001792808907, -0.9999967178055522, 0.0042732516375350695], [0.0, 0.0, 0.0, 1.0]]}, "mean_rme": {"type": "float", "data": 0.0022443396513654778}, "max_rme": {"type": "float", "data": 0.00820397490548766}, "simu": {"type": "float", "data": 0.002}}, {"type": "dict", "image_number": {"type": "int", "data": 16}, "Hcamera2end": {"type": "ndarray", "data": [[0.9999991924858301, 0.0009929040501185681, 0.0007932018878456801, -0.014734781498224925], [-0.0007906030266208715, -0.002615096090752278, 0.9999962681026816, 0.02314468758082088], [0.0009949746438586888, -0.9999960876993387, -0.002614308986077951, 0.03619450586073273], [0.0, 0.0, 0.0, 1.0]]}, "Hobj2base": {"type": "ndarray", "data": [[0.9999978480361602, 0.0017114225562983288, 0.0011725851280379302, -0.7367112243167908], [0.0017084044780868025, -0.9999952380815904, 0.0025700521945490992, 0.09276937507514783], [0.0011769779895798376, -0.0025680434142060318, -0.9999960099299572, 0.005193558056754546], [0.0, 0.0, 0.0, 1.0]]}, "mean_rme": {"type": "float", "data": 0.0022413449087928207}, "max_rme": {"type": "float", "data": 0.008606619028370815}, "simu": {"type": "float", "data": 0.002}}, {"type": "dict", "image_number": {"type": "int", "data": 17}, "Hcamera2end": {"type": "ndarray", "data": [[0.9999991175363034, 0.0009230841914977669, 0.0009554277522950099, -0.01473131624932259], [-0.0009531022175014886, -0.0025164732975238024, 0.9999963794725988, 0.023056510934485054], [0.0009254851578725215, -0.9999964076324066, -0.0025155912832375282, 0.03604538567712718], [0.0, 0.0, 0.0, 1.0]]}, "Hobj2base": {"type": "ndarray", "data": [[0.9999974324687786, 0.002104531080352462, 0.0008402409074129847, -0.7366098157564271], [0.0021020292135368866, -0.9999933879210305, 0.002967421002138699, 0.09274070802030651], [0.0008464803814012434, -0.002965647172258838, -0.9999952441925977, 0.005349603206049432], [0.0, 0.0, 0.0, 1.0]]}, "mean_rme": {"type": "float", "data": 0.0021782067419104973}, "max_rme": {"type": "float", "data": 0.008863133772568338}, "simu": {"type": "float", "data": 0.002}}, {"type": "dict", "image_number": {"type": "int", "data": 18}, "Hcamera2end": {"type": "ndarray", "data": [[0.9999988851283633, 0.0009697300243338339, 0.0011355024043315594, -0.014843425212191376], [-0.0011329127767886857, -0.002666849454127318, 0.9999958022025037, 0.02490747770237249], [0.0009727541675707177, -0.9999959737607291, -0.002665747861397838, 0.03616474112971717], [0.0, 0.0, 0.0, 1.0]]}, "Hobj2base": {"type": "ndarray", "data": [[0.9999973432783023, 0.0021152931496096227, 0.0009159537262324525, -0.7366342883324443], [0.0021123538037380644, -0.9999926546526177, 0.003198218600837202, 0.09176674925813941], [0.000922712168131452, -0.0031962752857227963, -0.9999944661979652, 0.0037898255415451418], [0.0, 0.0, 0.0, 1.0]]}, "mean_rme": {"type": "float", "data": 0.002164853389181979}, "max_rme": {"type": "float", "data": 0.00886487722773563}, "simu": {"type": "float", "data": 0.002}}, {"type": "dict", "image_number": {"type": "int", "data": 19}, "Hcamera2end": {"type": "ndarray", "data": [[0.9999970606199812, 0.002047938842161977, 0.0012979591274646714, -0.015043278982160978], [-0.0012956736875810741, -0.0011169031226083703, 0.9999985368774844, 0.025644638699194405], [0.0020493855403790305, -0.9999972792332552, -0.001114246379134043, 0.03504215997140403], [0.0, 0.0, 0.0, 1.0]]}, "Hobj2base": {"type": "ndarray", "data": [[0.9999969113229075, 0.002422266767545861, -0.0005567480147929101, -0.7368238035499929], [0.002424135053672611, -0.9999913498912003, 0.003379898225811419, 0.09122799521777751], [-0.0005485561837119378, -0.0033812374187759163, -0.9999941331426059, 0.003685297788314431], [0.0, 0.0, 0.0, 1.0]]}, "mean_rme": {"type": "float", "data": 0.0022283311468598707}, "max_rme": {"type": "float", "data": 0.00857611322573168}, "simu": {"type": "float", "data": 0.002}}, {"type": "dict", "image_number": {"type": "int", "data": 20}, "Hcamera2end": {"type": "ndarray", "data": [[0.9999979899513288, 0.0015180873186451433, 0.0013097725737671426, -0.015253822811540868], [-0.001306805843577573, -0.0019536024710038458, 0.9999972378441214, 0.026865051551670786], [0.0015206419003878963, -0.9999969394194556, -0.001951614698788795, 0.03577481609311192], [0.0, 0.0, 0.0, 1.0]]}, "Hobj2base": {"type": "ndarray", "data": [[0.9999979153129366, 0.001951815914925511, 0.0005998203189800342, -0.7366188959081847], [0.001949891056889964, -0.9999930011210227, 0.0031930602619314463, 0.09052772369199621], [0.0006060483867467676, -0.0031918840211243053, -0.9999947222769472, 0.002524288967163174], [0.0, 0.0, 0.0, 1.0]]}, "mean_rme": {"type": "float", "data": 0.002279655125938022}, "max_rme": {"type": "float", "data": 0.008625177050506222}, "simu": {"type": "float", "data": 0.002}}, {"type": "dict", "image_number": {"type": "int", "data": 21}, "Hcamera2end": {"type": "ndarray", "data": [[0.9999980964894094, 0.0014930307940996027, 0.0012561355840925953, -0.01523448831456681], [-0.0012531688740205849, -0.00198631612295741, 0.9999972420542131, 0.02725354504030167], [0.0014955217587649182, -0.9999969126988879, -0.0019844413222644963, 0.035806325742291444], [0.0, 0.0, 0.0, 1.0]]}, "Hobj2base": {"type": "ndarray", "data": [[0.9999978940271383, 0.0018725598542908058, 0.0008399171865711203, -0.736612938270804], [0.0018697830068956527, -0.9999928241208227, 0.003294786543722862, 0.09032433381281772], [0.0008460808444371034, -0.0032932091421091656, -0.9999942194436682, 0.002179949683426798], [0.0, 0.0, 0.0, 1.0]]}, "mean_rme": {"type": "float", "data": 0.0022035347738028886}, "max_rme": {"type": "float", "data": 0.008605157182283024}, "simu": {"type": "float", "data": 0.002}}, {"type": "dict", "image_number": {"type": "int", "data": 22}, "Hcamera2end": {"type": "ndarray", "data": [[0.9999990328179937, 0.00029058010838330453, 0.0013601199497091944, -0.015207486034064986], [-0.0013595771167547108, -0.0018602016795818965, 0.9999973455963646, 0.027681055979624048], [0.0002931094344812901, -0.9999982276048852, -0.0018598048143623203, 0.035875884837626396], [0.0, 0.0, 0.0, 1.0]]}, "Hobj2base": {"type": "ndarray", "data": [[0.9999993042899968, 0.0004533775771726619, 0.0010889758008933974, -0.7363957528878622], [0.00044957867593174055, -0.9999938220431421, 0.0034862235387388414, 0.09050402099153208], [0.0010905496488293562, -0.003485731533039565, -0.999993330166328, 0.001651064457982016], [0.0, 0.0, 0.0, 1.0]]}, "mean_rme": {"type": "float", "data": 0.0022198259110921843}, "max_rme": {"type": "float", "data": 0.008832610357938059}, "simu": {"type": "float", "data": 0.002}}, {"type": "dict", "image_number": {"type": "int", "data": 23}, "Hcamera2end": {"type": "ndarray", "data": [[0.9999982788108759, 0.0012042575718907102, 0.0014114315378990386, -0.015226719096072193], [-0.001409168290532411, -0.0018781547175705793, 0.9999972433859934, 0.02775834928467218], [0.0012069051390188532, -0.9999975111461814, -0.0018764544833271835, 0.0357138176631653], [0.0, 0.0, 0.0, 1.0]]}, "Hobj2base": {"type": "ndarray", "data": [[0.999999044942308, 0.0011628080898765083, 0.0007469884992587926, -0.7365995749958539], [0.0011602417294389615, -0.9999934550619352, 0.00342690420394113, 0.09028061391232223], [0.0007509684421969042, -0.0034260342438216596, -0.999993849148963, 0.0016906402153411548], [0.0, 0.0, 0.0, 1.0]]}, "mean_rme": {"type": "float", "data": 0.0022729047766030163}, "max_rme": {"type": "float", "data": 0.008608311498397997}, "simu": {"type": "float", "data": 0.002}}, {"type": "dict", "image_number": {"type": "int", "data": 24}, "Hcamera2end": {"type": "ndarray", "data": [[0.9999973458317208, 0.0014079419824509721, 0.0018237403564783392, -0.015507058253582858], [-0.001820974487475371, -0.0019632653631405095, 0.9999964148140882, 0.027667138416320392], [0.0014115174209904473, -0.9999970816399856, -0.001960696325873812, 0.0357664848669344], [0.0, 0.0, 0.0, 1.0]]}, "Hobj2base": {"type": "ndarray", "data": [[0.9999988226494988, 0.0012823340284699458, 0.0008428042808235947, -0.7365601463501221], [0.001279076779720882, -0.9999917552233903, 0.00385401710344245, 0.09033778277760933], [0.0008477394693686234, -0.0038529345545280304, -0.9999922180862757, 0.0017578180552151879], [0.0, 0.0, 0.0, 1.0]]}, "mean_rme": {"type": "float", "data": 0.002231465151123942}, "max_rme": {"type": "float", "data": 0.008669115067013872}, "simu": {"type": "float", "data": 0.002}}, {"type": "dict", "image_number": {"type": "int", "data": 25}, "Hcamera2end": {"type": "ndarray", "data": [[0.9999960429907585, 0.002029047723926458, 0.001948581063026574, -0.015571913442601977], [-0.0019450986192650404, -0.0017168559074740575, 0.9999966344929139, 0.02784950827601808], [0.0020323863280612142, -0.9999964676793249, -0.0017129024159332484, 0.035507155707115025], [0.0, 0.0, 0.0, 1.0]]}, "Hobj2base": {"type": "ndarray", "data": [[0.9999987205114796, 0.0014882198602946854, 0.0005866660472169159, -0.7366671316054376], [0.0014859679356053182, -0.9999915980362828, 0.0038204392595164666, 0.0901746367817897], [0.000592346771651135, -0.0038195626043732184, -0.9999925300055061, 0.0016936705535763074], [0.0, 0.0, 0.0, 1.0]]}, "mean_rme": {"type": "float", "data": 0.0022458295625962204}, "max_rme": {"type": "float", "data": 0.00852815955760669}, "simu": {"type": "float", "data": 0.002}}, {"type": "dict", "image_number": {"type": "int", "data": 26}, "Hcamera2end": {"type": "ndarray", "data": [[0.9999958153830074, 0.001964781859018427, 0.0021234049827182377, -0.01572950807672879], [-0.0021198067946063895, -0.001831616061877206, 0.999996075793178, 0.02805749121424475], [0.0019686634114802694, -0.9999963924009166, -0.0018274434393308336, 0.03559007395713119], [0.0, 0.0, 0.0, 1.0]]}, "Hobj2base": {"type": "ndarray", "data": [[0.999998578016065, 0.0014350480797130846, 0.0008857781081794991, -0.7366575336292646], [0.001431435033757015, -0.9999907084775936, 0.00406619628442634, 0.09005470200561255], [0.000891605065122063, -0.004064922568544364, -0.9999913406849674, 0.0015256026786456373], [0.0, 0.0, 0.0, 1.0]]}, "mean_rme": {"type": "float", "data": 0.002193348706491235}, "max_rme": {"type": "float", "data": 0.008509626933658171}, "simu": {"type": "float", "data": 0.002}}, {"type": "dict", "image_number": {"type": "int", "data": 27}, "Hcamera2end": {"type": "ndarray", "data": [[0.9999967409191113, 0.001552402034225567, 0.0020268692804445852, -0.01563060400893529], [-0.0020240425356839752, -0.0018202961750031221, 0.9999962948799606, 0.02812011262276984], [0.0015560857847881052, -0.9999971382807851, -0.0018171481147608581, 0.03562301532741684], [0.0, 0.0, 0.0, 1.0]]}, "Hobj2base": {"type": "ndarray", "data": [[0.9999992586631287, 0.0008305032726582277, 0.0008904703853963416, -0.7365799988375328], [0.0008269386062840386, -0.999991673842328, 0.003996050370040607, 0.09017566249763195], [0.0008937817041095367, -0.00399531104328169, -0.9999916192868479, 0.0014057933501409377], [0.0, 0.0, 0.0, 1.0]]}, "mean_rme": {"type": "float", "data": 0.0021512863622827967}, "max_rme": {"type": "float", "data": 0.008551872458810644}, "simu": {"type": "float", "data": 0.002}}, {"type": "dict", "image_number": {"type": "int", "data": 28}, "Hcamera2end": {"type": "ndarray", "data": [[0.9999959077628465, 0.0019072627814835917, 0.0021323241411713594, -0.015878883731671768], [-0.00212826928316067, -0.0021255180261297024, 0.9999954763112576, 0.02812343064392284], [0.0019117864470200297, -0.9999959222525875, -0.0021214501592130564, 0.03582058539871201], [0.0, 0.0, 0.0, 1.0]]}, "Hobj2base": {"type": "ndarray", "data": [[0.9999984064209892, 0.0012980977597293378, 0.001225600949839124, -0.7366003704119457], [0.0012928249264448702, -0.9999899481347274, 0.004293277677398804, 0.0899321208103652], [0.0012311617243984253, -0.0042916863482637835, -0.9999900327848759, 0.0015272311075610096], [0.0, 0.0, 0.0, 1.0]]}, "mean_rme": {"type": "float", "data": 0.0021316284359452695}, "max_rme": {"type": "float", "data": 0.008428089950931611}, "simu": {"type": "float", "data": 0.002}}, {"type": "dict", "image_number": {"type": "int", "data": 29}, "Hcamera2end": {"type": "ndarray", "data": [[0.9999921089259498, 0.001996273577297092, 0.003434672857179571, -0.01662523486215775], [-0.00343071500055975, -0.001982676627423574, 0.9999921495631734, 0.027954845347851427], [0.0020030677512742597, -0.9999960419347647, -0.0019758123362685343, 0.035504690583861104], [0.0, 0.0, 0.0, 1.0]]}, "Hobj2base": {"type": "ndarray", "data": [[0.9999985377364271, 0.0014007249269182031, 0.000981068135599328, -0.7363445078420235], [0.0013953968086102887, -0.9999843883328443, 0.005410726229793468, 0.08992978616769877], [0.00098863175859294, -0.005409349338540155, -0.9999848806591924, 0.0016592172731456634], [0.0, 0.0, 0.0, 1.0]]}, "mean_rme": {"type": "float", "data": 0.0021619520497610676}, "max_rme": {"type": "float", "data": 0.008787301510107842}, "simu": {"type": "float", "data": 0.002}}, {"type": "dict", "image_number": {"type": "int", "data": 30}, "Hcamera2end": {"type": "ndarray", "data": [[0.9999911625702635, 0.001752501239287241, 0.0038214553221409837, -0.016632730994230783], [-0.003818270194442591, -0.001817233815549768, 0.9999910591970219, 0.027750111045938004], [0.001759430048354949, -0.9999968131952551, -0.0018105262326260085, 0.035675559814623635], [0.0, 0.0, 0.0, 1.0]]}, "Hobj2base": {"type": "ndarray", "data": [[0.9999988616798159, 0.0012695216215479822, 0.0008154470705374156, -0.736703413332967], [0.0012650743694496201, -0.9999844500726585, 0.005431316573568538, 0.09006402122181525], [0.0008223295642183353, -0.005430278789802677, -0.99998491780944, 0.0019123914187356853], [0.0, 0.0, 0.0, 1.0]]}, "mean_rme": {"type": "float", "data": 0.0021866687497922167}, "max_rme": {"type": "float", "data": 0.008815051924338208}, "simu": {"type": "float", "data": 0.002}}]}