{"type": "list", "data": [{"type": "dict", "image_number": {"type": "int", "data": 5}, "Hcamera2end": {"type": "ndarray", "data": [[0.9999760454316267, -0.004098943364142873, 0.005577385249631638, -0.014120564937555872], [-0.005526927903950089, 0.012219763234408432, 0.9999100611827243, 0.030589885011899912], [-0.0041667290372422025, -0.9999169345749639, 0.012196815950798467, 0.03399563710076303], [0.0, 0.0, 0.0, 1.0]]}, "Hobj2base": {"type": "ndarray", "data": [[0.9998587736022502, -0.013554614655841884, -0.009935052699203665, -0.7438185121753202], [-0.01348258640353902, -0.9998825937492994, 0.007281385928868782, 0.09561466661639431], [-0.010032582642342023, -0.0071464073985226945, -0.9999241351956754, 0.0007103623474455367], [0.0, 0.0, 0.0, 1.0]]}, "mean_rme": {"type": "float", "data": 0.001601869734666744}, "max_rme": {"type": "float", "data": 0.00403620509137545}, "simu": {"type": "float", "data": 0.002}}, {"type": "dict", "image_number": {"type": "int", "data": 6}, "Hcamera2end": {"type": "ndarray", "data": [[0.9999306980226044, -0.004140259248237127, -0.011020771542160013, -0.014500037372007642], [0.011098144148548294, 0.01915441298436904, 0.9997549398025909, 0.02910497337723286], [-0.0039281482259635155, -0.9998079649195546, 0.0191990347396227, 0.03443199879741496], [0.0, 0.0, 0.0, 1.0]]}, "Hobj2base": {"type": "ndarray", "data": [[0.999781636614462, -0.012993086624488816, -0.01636639204212625, -0.7473668597342352], [-0.013122384448816717, -0.9998833361779154, -0.007817740088974949, 0.08919429635127897], [-0.016262906102093095, 0.008030799069198697, -0.9998354985453477, 0.005830559897904782], [0.0, 0.0, 0.0, 1.0]]}, "mean_rme": {"type": "float", "data": 0.001535208924840213}, "max_rme": {"type": "float", "data": 0.0041570029434388756}, "simu": {"type": "float", "data": 0.002}}, {"type": "dict", "image_number": {"type": "int", "data": 7}, "Hcamera2end": {"type": "ndarray", "data": [[0.9999750040672423, -0.0038363176521826496, -0.005939184084559667, -0.01395580485455661], [0.005983372009631131, 0.011611414763437411, 0.9999146835138416, 0.029170642234001374], [-0.0037670280212785483, -0.9999252260614607, 0.011634078640954892, 0.034104578594842054], [0.0, 0.0, 0.0, 1.0]]}, "Hobj2base": {"type": "ndarray", "data": [[0.9999169036714584, -0.008084414929393092, -0.010041314024212591, -0.7438530395054226], [-0.00811943524883331, -0.9999610792808278, -0.003451766904288326, 0.09084409770658551], [-0.010013017693155523, 0.003533009874164394, -0.9999436270699988, 0.003381318677112174], [0.0, 0.0, 0.0, 1.0]]}, "mean_rme": {"type": "float", "data": 0.001801766847036185}, "max_rme": {"type": "float", "data": 0.00414756102968486}, "simu": {"type": "float", "data": 0.002}}, {"type": "dict", "image_number": {"type": "int", "data": 8}, "Hcamera2end": {"type": "ndarray", "data": [[0.9999807083802948, -0.003482930395425256, -0.005143156920065532, -0.013757896992518955], [0.005153307292898273, 0.002911643395493213, 0.9999824827249139, 0.028774700325213225], [-0.0034678943450971184, -0.9999896957112099, 0.002929535835783481, 0.03269431129039874], [0.0, 0.0, 0.0, 1.0]]}, "Hobj2base": {"type": "ndarray", "data": [[0.9999745403348259, -0.006369651225019868, -0.0032165549000943926, -0.7381151602255772], [-0.006378693168231876, -0.999975711517942, -0.00280867364611839, 0.09133026542165729], [-0.0031985865033277356, 0.002829119554994251, -0.9999908825218975, 0.0021177176975934048], [0.0, 0.0, 0.0, 1.0]]}, "mean_rme": {"type": "float", "data": 0.001742372897606873}, "max_rme": {"type": "float", "data": 0.0037324013267477085}, "simu": {"type": "float", "data": 0.002}}, {"type": "dict", "image_number": {"type": "int", "data": 9}, "Hcamera2end": {"type": "ndarray", "data": [[0.999983744072678, -0.00383594885180294, -0.004218659359933261, -0.014004535902835815], [0.004230642360137148, 0.0031211388877167012, 0.9999861799831359, 0.028555103091136364], [-0.0038227288171427992, -0.9999877719194622, 0.0031373166784135487, 0.0324026351232858], [0.0, 0.0, 0.0, 1.0]]}, "Hobj2base": {"type": "ndarray", "data": [[0.9999745410719605, -0.006595438595362033, -0.002723489977360196, -0.7377455651677223], [-0.006600977397706704, -0.9999761533038167, -0.002029758876458305, 0.09152661091817205], [-0.002710037881089076, 0.0020476848967565667, -0.9999942313239847, 0.0023338408735525027], [0.0, 0.0, 0.0, 1.0]]}, "mean_rme": {"type": "float", "data": 0.0016879846514802886}, "max_rme": {"type": "float", "data": 0.0034370881891233607}, "simu": {"type": "float", "data": 0.002}}, {"type": "dict", "image_number": {"type": "int", "data": 10}, "Hcamera2end": {"type": "ndarray", "data": [[0.9999639697370952, -0.005061832118330683, -0.006814476005938648, -0.013920121371760324], [0.0068441526977493445, 0.0058688355725105, 0.999959356345483, 0.028881607078614216], [-0.0050216333477831705, -0.9999699668613197, 0.005903268068770062, 0.03216049243925014], [0.0, 0.0, 0.0, 1.0]]}, "Hobj2base": {"type": "ndarray", "data": [[0.9999591133220366, -0.007720627945895813, -0.004707822036512823, -0.7385807520884653], [-0.007742188659081929, -0.9999595454231376, -0.004578867973589097, 0.09050501223123952], [-0.004672279847526932, 0.00461512960526889, -0.9999784349573511, 0.0026776842992340677], [0.0, 0.0, 0.0, 1.0]]}, "mean_rme": {"type": "float", "data": 0.0017885691104656148}, "max_rme": {"type": "float", "data": 0.004875979907619343}, "simu": {"type": "float", "data": 0.002}}, {"type": "dict", "image_number": {"type": "int", "data": 11}, "Hcamera2end": {"type": "ndarray", "data": [[0.9999696242068971, -0.005082373107861081, -0.005909327128325053, -0.013992421815769355], [0.005926226797288764, 0.003316546102424156, 0.999976939913065, 0.028716833755441186], [-0.00506265735203998, -0.9999815848332124, 0.00334656465541161, 0.031220954095121], [0.0, 0.0, 0.0, 1.0]]}, "Hobj2base": {"type": "ndarray", "data": [[0.9999684666687426, -0.0074763000032670454, -0.0026777988021950312, -0.7364324564144357], [-0.007486511338408274, -0.9999646646246529, -0.003823826628671607, 0.0909269517123976], [-0.0026491161061328204, 0.003843753421774463, -0.9999891038123814, 0.002225595533899651], [0.0, 0.0, 0.0, 1.0]]}, "mean_rme": {"type": "float", "data": 0.0018763987841593577}, "max_rme": {"type": "float", "data": 0.005393057160192005}, "simu": {"type": "float", "data": 0.002}}, {"type": "dict", "image_number": {"type": "int", "data": 12}, "Hcamera2end": {"type": "ndarray", "data": [[0.9999751371665097, -0.005799769878555686, -0.00401094978477385, -0.014098166487192918], [0.004029147613721466, 0.0031294086827150513, 0.9999869863007235, 0.030234764048507886], [-0.0057871425010122095, -0.9999782844995447, 0.0031526990057143545, 0.030705655570412774], [0.0, 0.0, 0.0, 1.0]]}, "Hobj2base": {"type": "ndarray", "data": [[0.9999686526595305, -0.007579252112678668, -0.002290990112507671, -0.7355926636699275], [-0.00758516498085892, -0.9999678952790192, -0.0025833473366335593, 0.09079431320796981], [-0.002271336720150376, 0.0026006438935379343, -0.9999940388226536, 0.000453257151422128], [0.0, 0.0, 0.0, 1.0]]}, "mean_rme": {"type": "float", "data": 0.001937673833318115}, "max_rme": {"type": "float", "data": 0.006008182127353906}, "simu": {"type": "float", "data": 0.002}}, {"type": "dict", "image_number": {"type": "int", "data": 13}, "Hcamera2end": {"type": "ndarray", "data": [[0.9999762302474524, -0.005977328577191311, -0.0034366383537212273, -0.014386788584545134], [0.003456920541117098, 0.003386170621405671, 0.9999882917059055, 0.030281361415209262], [-0.005965621549040664, -0.9999764024173785, 0.0034067532829074043, 0.03057164972202538], [0.0, 0.0, 0.0, 1.0]]}, "Hobj2base": {"type": "ndarray", "data": [[0.9999700716808924, -0.007482835039424762, -0.0019654318313638915, -0.7355131656909155], [-0.0074866304017401995, -0.9999701106419854, -0.001930851595375791, 0.09089282556516622], [-0.0019509248418944232, 0.001945508269934332, -0.9999962044377133, 0.0005629391503031605], [0.0, 0.0, 0.0, 1.0]]}, "mean_rme": {"type": "float", "data": 0.0018865308486303107}, "max_rme": {"type": "float", "data": 0.005979406833413942}, "simu": {"type": "float", "data": 0.002}}, {"type": "dict", "image_number": {"type": "int", "data": 14}, "Hcamera2end": {"type": "ndarray", "data": [[0.9999709759609756, -0.007055773068383212, -0.0028745959822856267, -0.015038061291653249], [0.00289717711501724, 0.0031922449449864887, 0.9999907079253165, 0.030159906957135215], [-0.007046531091119579, -0.9999700123696804, 0.0032125941174071526, 0.02962443311261473], [0.0, 0.0, 0.0, 1.0]]}, "Hobj2base": {"type": "ndarray", "data": [[0.9999656694285167, -0.008215620513245717, -0.0010786769491667068, -0.7343600325746422], [-0.008216951460867913, -0.9999654772858513, -0.0012352915321460914, 0.0907754261705956], [-0.0010684910238593936, 0.0012441125600151045, -0.9999986552545308, 0.000815464931021244], [0.0, 0.0, 0.0, 1.0]]}, "mean_rme": {"type": "float", "data": 0.0018773794787890756}, "max_rme": {"type": "float", "data": 0.00588137827780752}, "simu": {"type": "float", "data": 0.002}}, {"type": "dict", "image_number": {"type": "int", "data": 15}, "Hcamera2end": {"type": "ndarray", "data": [[0.9999668373204259, -0.007973505550543634, -0.0016575489797627727, -0.015629306038396178], [0.001689569983411486, 0.004010867146421293, 0.9999905291041534, 0.029950889229016096], [-0.007966781825556518, -0.9999601672836619, 0.00402420593096009, 0.029694619576407837], [0.0, 0.0, 0.0, 1.0]]}, "Hobj2base": {"type": "ndarray", "data": [[0.9999592558124398, -0.008930381196372206, -0.0013171965377060978, -0.7347804948493463], [-0.008930391285175704, -0.9999601232590893, -1.777838859434182e-06, 0.09096676654157941], [-0.0013171281354223145, 1.3540846904028385e-05, -0.999999132494684, 0.0012304478457868826], [0.0, 0.0, 0.0, 1.0]]}, "mean_rme": {"type": "float", "data": 0.0019267914613220795}, "max_rme": {"type": "float", "data": 0.005871221334299903}, "simu": {"type": "float", "data": 0.002}}, {"type": "dict", "image_number": {"type": "int", "data": 16}, "Hcamera2end": {"type": "ndarray", "data": [[0.9999649311072342, -0.00823988767968238, -0.0014969324402079884, -0.015567144412304171], [0.0015201279513582422, 0.002809484814636054, 0.9999948979900286, 0.029923508675331188], [-0.008235640030733973, -0.9999621048050282, 0.002821911972692326, 0.030069187887985543], [0.0, 0.0, 0.0, 1.0]]}, "Hobj2base": {"type": "ndarray", "data": [[0.9999605083974501, -0.008875175334328845, -0.00046141987186670884, -0.7345397758560596], [-0.008875139882245787, -0.9999606120637565, 7.882352248707859e-05, 0.09116922704719456], [-0.0004621012700727566, -7.472524371259198e-05, -0.9999998904392708, 0.0011219542717143018], [0.0, 0.0, 0.0, 1.0]]}, "mean_rme": {"type": "float", "data": 0.0019211218429966257}, "max_rme": {"type": "float", "data": 0.00570645546391893}, "simu": {"type": "float", "data": 0.002}}, {"type": "dict", "image_number": {"type": "int", "data": 17}, "Hcamera2end": {"type": "ndarray", "data": [[0.9999666622712972, -0.007949009259202035, -0.0018675111240910023, -0.015512950585227125], [0.001894842706749467, 0.003432222108957772, 0.9999923146817239, 0.030030400479871006], [-0.007942538455567066, -0.9999625158490654, 0.003447169808688977, 0.02982283565000391], [0.0, 0.0, 0.0, 1.0]]}, "Hobj2base": {"type": "ndarray", "data": [[0.9999603132854451, -0.008870574992960097, -0.0008274982591282468, -0.7345448343277623], [-0.008870505186142902, -0.9999606524235471, 8.799099691256177e-05, 0.09101363299628552], [-0.0008282462298140498, -8.064717723986255e-05, -0.9999996537520475, 0.0011602532276603513], [0.0, 0.0, 0.0, 1.0]]}, "mean_rme": {"type": "float", "data": 0.0018755847540107848}, "max_rme": {"type": "float", "data": 0.005827422579711666}, "simu": {"type": "float", "data": 0.002}}, {"type": "dict", "image_number": {"type": "int", "data": 18}, "Hcamera2end": {"type": "ndarray", "data": [[0.9999653614656511, -0.008186499143376403, -0.0015023650173373554, -0.01566221192093586], [0.0015330985933323343, 0.003749196789966436, 0.999991796532418, 0.02991913319427529], [-0.008180799323595712, -0.9999594615559199, 0.0037616176336057183, 0.029854656889402195], [0.0, 0.0, 0.0, 1.0]]}, "Hobj2base": {"type": "ndarray", "data": [[0.9999589829068417, -0.009011081315670072, -0.0009126431049273046, -0.734790430486789], [-0.00901068171768857, -0.9999593057317393, 0.00044101641746482125, 0.09104784084492287], [-0.0009165800003832873, -0.00043277479171299874, -0.9999994862934094, 0.001260665907465856], [0.0, 0.0, 0.0, 1.0]]}, "mean_rme": {"type": "float", "data": 0.0018564830573971395}, "max_rme": {"type": "float", "data": 0.0058190982973899685}, "simu": {"type": "float", "data": 0.002}}, {"type": "dict", "image_number": {"type": "int", "data": 19}, "Hcamera2end": {"type": "ndarray", "data": [[0.9999688114842642, -0.007884027499116753, -0.00046708579638556286, -0.01595310051731909], [0.0004961397016711956, 0.0036836068698313795, 0.9999930924190552, 0.0298668379368391], [-0.007882252479110265, -0.9999621358585644, 0.0036874035626519586, 0.029887263421020344], [0.0, 0.0, 0.0, 1.0]]}, "Hobj2base": {"type": "ndarray", "data": [[0.9999611359935183, -0.008761667341424454, -0.0009796366421616367, -0.7348328294893497], [-0.00876038025256799, -0.9999607683886338, 0.001310504270737209, 0.09129399850734976], [-0.000991080411907327, -0.0013018713497960517, -0.9999986614444072, 0.0014105617934899086], [0.0, 0.0, 0.0, 1.0]]}, "mean_rme": {"type": "float", "data": 0.001883505010686755}, "max_rme": {"type": "float", "data": 0.005778045010809418}, "simu": {"type": "float", "data": 0.002}}, {"type": "dict", "image_number": {"type": "int", "data": 20}, "Hcamera2end": {"type": "ndarray", "data": [[0.9999685563809122, -0.007922893518180166, -0.0003376503724122396, -0.016009985915677268], [0.00036800954980549744, 0.0038306845863947947, 0.9999925951848697, 0.029852594952039745], [-0.007921541418541176, -0.9999612760571776, 0.00383347983628457, 0.029945080349548788], [0.0, 0.0, 0.0, 1.0]]}, "Hobj2base": {"type": "ndarray", "data": [[0.9999600741784826, -0.00890673350930975, -0.0007212122833256691, -0.7349281782060585], [-0.008905640572530679, -0.9999592118801874, 0.0015047065983807267, 0.09132319706999543], [-0.0007345848871141236, -0.001498223664361851, -0.9999986078544787, 0.001452232813213164], [0.0, 0.0, 0.0, 1.0]]}, "mean_rme": {"type": "float", "data": 0.0018395614522826102}, "max_rme": {"type": "float", "data": 0.005800296114644915}, "simu": {"type": "float", "data": 0.002}}, {"type": "dict", "image_number": {"type": "int", "data": 21}, "Hcamera2end": {"type": "ndarray", "data": [[0.9999752079793418, -0.006778804438383031, -0.001905580504284288, -0.015301605549230093], [0.001930042650200926, 0.0036039128687274102, 0.9999916433387848, 0.030146577127675645], [-0.006771880244109107, -0.9999705293769516, 0.0036169069021285694, 0.02974066859873166], [0.0, 0.0, 0.0, 1.0]]}, "Hobj2base": {"type": "ndarray", "data": [[0.9999659271495832, -0.008170364362709596, -0.001178849462431806, -0.7346492271292531], [-0.008169856250818947, -0.9999665314660189, 0.0004351972661878472, 0.0910291485457736], [-0.001182365728302924, -0.0004255514071270715, -0.9999992104583306, 0.001151164822036675], [0.0, 0.0, 0.0, 1.0]]}, "mean_rme": {"type": "float", "data": 0.001990341504803688}, "max_rme": {"type": "float", "data": 0.0071788128329144385}, "simu": {"type": "float", "data": 0.002}}, {"type": "dict", "image_number": {"type": "int", "data": 22}, "Hcamera2end": {"type": "ndarray", "data": [[0.9999841699091722, -0.0044436275406369435, -0.0034516815241280342, -0.014339820334080192], [0.0034709620205126707, 0.004338533880845374, 0.9999845646540834, 0.030433960707952186], [-0.004428583714470413, -0.9999807154630757, 0.004353888863886768, 0.030208990301705315], [0.0, 0.0, 0.0, 1.0]]}, "Hobj2base": {"type": "ndarray", "data": [[0.9999721512726744, -0.006870410814523593, -0.0029144698212970033, -0.7354022824011395], [-0.006872333611391699, -0.9999761738250761, -0.0006502406438693513, 0.09088187069904045], [-0.0029099329602775476, 0.0006702517444072504, -0.9999955415164439, 0.0013143819134948968], [0.0, 0.0, 0.0, 1.0]]}, "mean_rme": {"type": "float", "data": 0.0020216905227883027}, "max_rme": {"type": "float", "data": 0.007037151756777771}, "simu": {"type": "float", "data": 0.002}}, {"type": "dict", "image_number": {"type": "int", "data": 23}, "Hcamera2end": {"type": "ndarray", "data": [[0.9999837609061565, -0.004452292667833234, -0.0035573886460301732, -0.014270026366537146], [0.003577448209174781, 0.004505620626295115, 0.9999834504865981, 0.03038350238557647], [-0.004436190740896758, -0.9999799380351446, 0.004521475305530265, 0.030369312226638637], [0.0, 0.0, 0.0, 1.0]]}, "Hobj2base": {"type": "ndarray", "data": [[0.9999706893973119, -0.0069498076310638675, -0.0032125566385459024, -0.7356654912648487], [-0.006952527767900314, -0.999975481154864, -0.000836329321685734, 0.09085520455643771], [-0.003206665542465258, 0.0008586401976047126, -0.9999944900013746, 0.0013806122426631754], [0.0, 0.0, 0.0, 1.0]]}, "mean_rme": {"type": "float", "data": 0.0019950193510566545}, "max_rme": {"type": "float", "data": 0.00710793608124205}, "simu": {"type": "float", "data": 0.002}}, {"type": "dict", "image_number": {"type": "int", "data": 24}, "Hcamera2end": {"type": "ndarray", "data": [[0.9999826162979464, -0.0046075143638571745, -0.0036793903436664454, -0.014199598318225997], [0.003701305065655042, 0.004756840551884078, 0.9999818362394265, 0.030330501598593837], [-0.004589928400876466, -0.9999780713992438, 0.0047738116766402605, 0.030572408538107294], [0.0, 0.0, 0.0, 1.0]]}, "Hobj2base": {"type": "ndarray", "data": [[0.9999698655589725, -0.006883886693835457, -0.0035888825498808655, -0.736013193203816], [-0.006887195492126234, -0.9999758685496771, -0.000910415603950281, 0.09080755365138499], [-0.003582528747078005, 0.0009351055048042632, -0.9999931455092435, 0.0015027974198397302], [0.0, 0.0, 0.0, 1.0]]}, "mean_rme": {"type": "float", "data": 0.0019921307448574842}, "max_rme": {"type": "float", "data": 0.007237193038089451}, "simu": {"type": "float", "data": 0.002}}, {"type": "dict", "image_number": {"type": "int", "data": 25}, "Hcamera2end": {"type": "ndarray", "data": [[0.9999807304353445, -0.004601377027964693, -0.004167263783514462, -0.014043298360002811], [0.00419054682973051, 0.00506202343000095, 0.9999784073849104, 0.030668560590650942], [-0.004580182885290502, -0.9999766013503718, 0.005081208172930118, 0.0312083910981553], [0.0, 0.0, 0.0, 1.0]]}, "Hobj2base": {"type": "ndarray", "data": [[0.9999681323036836, -0.007143563248140216, -0.0035642504404757146, -0.736670578159079], [-0.007148195882808832, -0.9999736209154617, -0.001288708206268844, 0.09090999299081493], [-0.003554950450232152, 0.0013141450984309943, -0.999992817649185, 0.0009432493058969027], [0.0, 0.0, 0.0, 1.0]]}, "mean_rme": {"type": "float", "data": 0.0020441841600055597}, "max_rme": {"type": "float", "data": 0.0069798018599164235}, "simu": {"type": "float", "data": 0.002}}, {"type": "dict", "image_number": {"type": "int", "data": 26}, "Hcamera2end": {"type": "ndarray", "data": [[0.9999841869621855, -0.003757137073362433, -0.0041844649106806174, -0.013981778413878645], [0.004204362591477129, 0.005303782154083003, 0.9999770963527422, 0.030642686009800198], [-0.0037348575309025514, -0.9999788766848398, 0.005319494651737533, 0.03132243814375443], [0.0, 0.0, 0.0, 1.0]]}, "Hobj2base": {"type": "ndarray", "data": [[0.9999700361993976, -0.006495239349466347, -0.004211718078008841, -0.7368866659280289], [-0.006500477625782461, -0.9999781136744479, -0.0012312443823648625, 0.09089027284457905], [-0.004203628672014708, 0.0012585856687358963, -0.9999903726877084, 0.0010767764385408484], [0.0, 0.0, 0.0, 1.0]]}, "mean_rme": {"type": "float", "data": 0.001998303476156335}, "max_rme": {"type": "float", "data": 0.006973863685843296}, "simu": {"type": "float", "data": 0.002}}, {"type": "dict", "image_number": {"type": "int", "data": 27}, "Hcamera2end": {"type": "ndarray", "data": [[0.9999945355495462, -0.0017975939247534848, -0.002774441768915684, -0.014326199582060852], [0.002784509354641429, 0.005622504457506006, 0.9999803167819251, 0.03062681046710136], [-0.0017819592311074345, -0.9999825778980888, 0.005627479150708381, 0.031152772977530264], [0.0, 0.0, 0.0, 1.0]]}, "Hobj2base": {"type": "ndarray", "data": [[0.9999787290280584, -0.004488446969797264, -0.004732370994350012, -0.7367238245935711], [-0.0044894739003515345, -0.9999899009604551, -0.00020640057288631524, 0.09071240731478761], [-0.0047313967839222645, 0.00022764203861143568, -0.9999887809688539, 0.001060221181754853], [0.0, 0.0, 0.0, 1.0]]}, "mean_rme": {"type": "float", "data": 0.002039827474718615}, "max_rme": {"type": "float", "data": 0.006995305807652175}, "simu": {"type": "float", "data": 0.002}}, {"type": "dict", "image_number": {"type": "int", "data": 28}, "Hcamera2end": {"type": "ndarray", "data": [[0.9999938027710328, -0.0014774778556261516, -0.00319554044177346, -0.014081195391744317], [0.0032030837996471604, 0.005131702738796706, 0.9999817027731923, 0.03064072408556527], [-0.0014610522582417388, -0.9999857412414372, 0.005136403421843516, 0.031191290056095715], [0.0, 0.0, 0.0, 1.0]]}, "Hobj2base": {"type": "ndarray", "data": [[0.9999800713990081, -0.004364243697657335, -0.0045618178155249715, -0.7365510806314218], [-0.004366970638052241, -0.9999902918732957, -0.0005879852108902845, 0.09067081134571262], [-0.004559207418068671, 0.0006078948176241688, -0.9999894219898582, 0.0008850796660547976], [0.0, 0.0, 0.0, 1.0]]}, "mean_rme": {"type": "float", "data": 0.0020729709251189167}, "max_rme": {"type": "float", "data": 0.00673993584635213}, "simu": {"type": "float", "data": 0.002}}, {"type": "dict", "image_number": {"type": "int", "data": 29}, "Hcamera2end": {"type": "ndarray", "data": [[0.9999989805397439, -0.0010232339874963732, -0.000995947629016519, -0.015037407235421955], [0.0010014790576791256, 0.005419614597177436, 0.9999848122933246, 0.030433131897710203], [-0.0010178207946104681, -0.9999847902692447, 0.005420633819505416, 0.030678432596337256], [0.0, 0.0, 0.0, 1.0]]}, "Hobj2base": {"type": "ndarray", "data": [[0.9999840481190096, -0.003612377029529007, -0.004342146901572433, -0.7361164066069973], [-0.0036063246883879987, -0.9999925159485228, 0.001400881574366566, 0.09072224966509425], [-0.004347174917141832, -0.0013852000360986617, -0.9999895915913823, 0.0009210899977915156], [0.0, 0.0, 0.0, 1.0]]}, "mean_rme": {"type": "float", "data": 0.0020916325429164704}, "max_rme": {"type": "float", "data": 0.006816611210422208}, "simu": {"type": "float", "data": 0.002}}, {"type": "dict", "image_number": {"type": "int", "data": 30}, "Hcamera2end": {"type": "ndarray", "data": [[0.9999961090320606, -0.002463343861454602, -0.0013091439032108946, -0.01498256534853576], [0.0013211471865773538, 0.004877458496588716, 0.9999872324028569, 0.030499873706932395], [-0.0024569271154185808, -0.9999850710563805, 0.004880693958366211, 0.03061880590604404], [0.0, 0.0, 0.0, 1.0]]}, "Hobj2base": {"type": "ndarray", "data": [[0.9999816907583656, -0.004620966814743077, -0.003907021082278103, -0.7358285925214495], [-0.004616695181784816, -0.9999887361994337, 0.0011016350837711594, 0.0907155124757683], [-0.003912067693535887, -0.0010835773882625329, -0.9999917607592599, 0.0007794644663522717], [0.0, 0.0, 0.0, 1.0]]}, "mean_rme": {"type": "float", "data": 0.002097454603164154}, "max_rme": {"type": "float", "data": 0.006897403956426573}, "simu": {"type": "float", "data": 0.002}}]}