{"type": "list", "data": [{"type": "dict", "image_number": {"type": "int", "data": 5}, "Hcamera2end": {"type": "ndarray", "data": [[0.9998630946915976, 0.0016836024013840208, 0.016460782384058244, -0.02258944214185256], [-0.01647209560772167, 0.006942340174734385, 0.9998402242254452, 0.030146841913562903], [0.00156905705165389, -0.9999744843724026, 0.006969122191232691, 0.028993754807841294], [0.0, 0.0, 0.0, 1.0]]}, "Hobj2base": {"type": "ndarray", "data": [[0.9999893553207095, 0.0006961408041985845, -0.004561209626004172, -0.7346059144552202], [0.0007729074947264518, -0.9998577257842214, 0.016850246396104458, 0.09117818435656573], [-0.004548830539404502, -0.01685359242374056, -0.9998476206718394, 0.0021830293575556105], [0.0, 0.0, 0.0, 1.0]]}, "mean_rme": {"type": "float", "data": 0.002278929933313435}, "max_rme": {"type": "float", "data": 0.005932222549353508}, "simu": {"type": "float", "data": 0.002}}, {"type": "dict", "image_number": {"type": "int", "data": 6}, "Hcamera2end": {"type": "ndarray", "data": [[0.9999976059336851, 0.002167406625036711, 0.0003007913229075927, -0.0236777558467627], [-0.0003422755596873294, 0.01916515358027282, 0.999816272990036, 0.02952849821357743], [0.002161243701998979, -0.9998139823170942, 0.019165849547939873, 0.029885172213057722], [0.0, 0.0, 0.0, 1.0]]}, "Hobj2base": {"type": "ndarray", "data": [[0.9998782272769329, -0.0021116997720598083, -0.015461932014174394, -0.7408987993843477], [-0.002094266635117528, -0.9999971531176572, 0.0011435925158810986, 0.08255474483589588], [-0.01546430291992827, -0.0011110718491746197, -0.9998798032036387, 0.006548898268875299], [0.0, 0.0, 0.0, 1.0]]}, "mean_rme": {"type": "float", "data": 0.0023694223598505273}, "max_rme": {"type": "float", "data": 0.006280247402755096}, "simu": {"type": "float", "data": 0.002}}, {"type": "dict", "image_number": {"type": "int", "data": 7}, "Hcamera2end": {"type": "ndarray", "data": [[0.9999645716243579, 0.0054407542092081524, 0.006422903529498011, -0.021497465020803845], [-0.006433214768656172, 0.0018798093502327973, 0.9999775397800428, 0.02957235403451148], [0.005428558174561488, -0.9999834321179735, 0.001914744291972248, 0.029566253961032147], [0.0, 0.0, 0.0, 1.0]]}, "Hobj2base": {"type": "ndarray", "data": [[0.9999875409202182, 0.004913831342819209, -0.0008787865890561846, -0.73293422447448], [0.004920258101443411, -0.9999600164332327, 0.007467033886570428, 0.0860960986143587], [-0.0008420597068842044, -0.007471264711033746, -0.999971735170083, 0.002210062725606215], [0.0, 0.0, 0.0, 1.0]]}, "mean_rme": {"type": "float", "data": 0.0024827780135527515}, "max_rme": {"type": "float", "data": 0.006646281159775461}, "simu": {"type": "float", "data": 0.002}}, {"type": "dict", "image_number": {"type": "int", "data": 8}, "Hcamera2end": {"type": "ndarray", "data": [[0.9999678577897234, 0.004029848394957462, 0.006931356962752122, -0.021539266505944902], [-0.00693153677955489, 3.065619944708775e-05, 0.9999759761404625, 0.030103711853901663], [0.004029539093384177, -0.9999918796580853, 5.858825645477239e-05, 0.029495455656278452], [0.0, 0.0, 0.0, 1.0]]}, "Hobj2base": {"type": "ndarray", "data": [[0.9999897420708745, 0.004460575018700693, 0.0007867804829657316, -0.7321012395087909], [0.004454238012859612, -0.9999590306408166, 0.007880152511469328, 0.08587820049762973], [0.0008218982605097379, -0.007876567169888367, -0.9999686415947593, 0.001289328422643371], [0.0, 0.0, 0.0, 1.0]]}, "mean_rme": {"type": "float", "data": 0.0023932920980028576}, "max_rme": {"type": "float", "data": 0.0065974979695643254}, "simu": {"type": "float", "data": 0.002}}, {"type": "dict", "image_number": {"type": "int", "data": 9}, "Hcamera2end": {"type": "ndarray", "data": [[0.9999731608203046, 0.00330611588057334, 0.006538137107264808, -0.02171512639392269], [-0.006536224066073388, -0.0005891112769367268, 0.9999784651295555, 0.02968545313260894], [0.003309896374096224, -0.9999943612569461, -0.000567485951489255, 0.029615007187081127], [0.0, 0.0, 0.0, 1.0]]}, "Hobj2base": {"type": "ndarray", "data": [[0.9999910130030164, 0.003882398169556762, 0.0017032021765403446, -0.732052651737846], [0.003870309054175781, -0.9999676962090434, 0.007044660829561023, 0.08592454813154271], [0.0017304973349631127, -0.007038005600410441, -0.9999737355831613, 0.0014736687640858337], [0.0, 0.0, 0.0, 1.0]]}, "mean_rme": {"type": "float", "data": 0.0022585857711715117}, "max_rme": {"type": "float", "data": 0.007013786700585223}, "simu": {"type": "float", "data": 0.002}}, {"type": "dict", "image_number": {"type": "int", "data": 10}, "Hcamera2end": {"type": "ndarray", "data": [[0.9999796839934535, 0.003680072127766728, 0.005204677654511438, -0.01885372981717386], [-0.005206747421808, 0.0005530689051599369, 0.9999862918540792, 0.029163248367675886], [0.0036771431354289097, -0.9999930755679864, 0.0005722188750717505, 0.029561171430234564], [0.0, 0.0, 0.0, 1.0]]}, "Hobj2base": {"type": "ndarray", "data": [[0.9999925059114421, 0.0038712366915079504, 4.058857927516532e-05, -0.732733606713704], [0.003870922931958685, -0.9999744558981363, 0.006008619382288146, 0.08805445990858124], [6.384833029438153e-05, -0.006008417237900093, -0.9999819472598923, 0.001093825468269738], [0.0, 0.0, 0.0, 1.0]]}, "mean_rme": {"type": "float", "data": 0.002303851068127804}, "max_rme": {"type": "float", "data": 0.006967124123442359}, "simu": {"type": "float", "data": 0.002}}, {"type": "dict", "image_number": {"type": "int", "data": 11}, "Hcamera2end": {"type": "ndarray", "data": [[0.9999883878593858, 0.002940353172673057, 0.0038181762146865875, -0.017767746317803052], [-0.0038222912600056292, 0.0013951616782448273, 0.9999917217724432, 0.027531780533197915], [0.002935001858624879, -0.9999947039095316, 0.0014063843636644702, 0.029594196368627222], [0.0, 0.0, 0.0, 1.0]]}, "Hobj2base": {"type": "ndarray", "data": [[0.9999961377180601, 0.0026449017446613116, -0.0008538405728236507, -0.7328470110627143], [0.002649036465546783, -0.9999845925629984, 0.004878241734290043, 0.08926741337549081], [-0.0008409249472549122, -0.0048804847479582665, -0.9999877367817358, 0.002330978403609074], [0.0, 0.0, 0.0, 1.0]]}, "mean_rme": {"type": "float", "data": 0.002346135314964516}, "max_rme": {"type": "float", "data": 0.006760486039465219}, "simu": {"type": "float", "data": 0.002}}, {"type": "dict", "image_number": {"type": "int", "data": 12}, "Hcamera2end": {"type": "ndarray", "data": [[0.9999864344190588, 0.003773633703465403, 0.003590357437589904, -0.01876124102675593], [-0.003592417725614913, 0.0005393328625580285, 0.9999934018057061, 0.02660685594362632], [0.0037716724065426106, -0.9999927343779732, 0.0005528820148007485, 0.029625167143192584], [0.0, 0.0, 0.0, 1.0]]}, "Hobj2base": {"type": "ndarray", "data": [[0.9999921799162964, 0.003932454270160389, -0.00041941586348281766, -0.7327535335995643], [0.003934618647955046, -0.9999782622911637, 0.005290909301806631, 0.0883631911510312], [-0.0003986004874659751, -0.0052925181679307305, -0.9999859150853545, 0.003533799916624928], [0.0, 0.0, 0.0, 1.0]]}, "mean_rme": {"type": "float", "data": 0.0024219316716205743}, "max_rme": {"type": "float", "data": 0.00690333951278721}, "simu": {"type": "float", "data": 0.002}}, {"type": "dict", "image_number": {"type": "int", "data": 13}, "Hcamera2end": {"type": "ndarray", "data": [[0.9999854074498917, 0.004289875591434306, 0.003283573462566416, -0.018232330914488185], [-0.0032956081457303477, 0.0028013183497149763, 0.9999906457474756, 0.027197307462974427], [0.004280637128261402, -0.99998687470532, 0.0028154152202798377, 0.03029846029457811], [0.0, 0.0, 0.0, 1.0]]}, "Hobj2base": {"type": "ndarray", "data": [[0.999987839611231, 0.004096911214721387, -0.0027451681481243106, -0.734751607449973], [0.004109357510748917, -0.9999812338302521, 0.0045436954317099165, 0.08877388601715028], [-0.002726501515062405, -0.0045549210559547824, -0.9999859093425583, 0.0034587648620215085], [0.0, 0.0, 0.0, 1.0]]}, "mean_rme": {"type": "float", "data": 0.002315362622120855}, "max_rme": {"type": "float", "data": 0.0067200839114428534}, "simu": {"type": "float", "data": 0.002}}, {"type": "dict", "image_number": {"type": "int", "data": 14}, "Hcamera2end": {"type": "ndarray", "data": [[0.9999862388722627, 0.004361653361689322, 0.0029151408299715386, -0.01807489281501721], [-0.002927154224155114, 0.0027504773637706537, 0.9999919332886736, 0.027353084271918376], [0.004353600148625708, -0.9999867053387378, 0.002763206746162261, 0.03060368646631195], [0.0, 0.0, 0.0, 1.0]]}, "Hobj2base": {"type": "ndarray", "data": [[0.999986401549904, 0.004209552996091509, -0.003078372759613355, -0.7350707898015368], [0.0042227274083442385, -0.999981900232829, 0.004285764806331958, 0.08875668326618359], [-0.0030602758877021023, -0.004298705655598236, -0.9999860778236753, 0.0033480591742908023], [0.0, 0.0, 0.0, 1.0]]}, "mean_rme": {"type": "float", "data": 0.002201084474340905}, "max_rme": {"type": "float", "data": 0.006743503464673117}, "simu": {"type": "float", "data": 0.002}}, {"type": "dict", "image_number": {"type": "int", "data": 15}, "Hcamera2end": {"type": "ndarray", "data": [[0.9999846324931803, 0.004808162076118387, 0.002759774434433801, -0.017700860812360043], [-0.002786893936211254, 0.005642765003254446, 0.9999801960165542, 0.027927820853523643], [0.004792494096760728, -0.999972520012709, 0.005656078125759079, 0.031462517770718026], [0.0, 0.0, 0.0, 1.0]]}, "Hobj2base": {"type": "ndarray", "data": [[0.9999741433089251, 0.00414317737163277, -0.005877652154429237, -0.7376343066688443], [0.004168512475855144, -0.9999820462402682, 0.004304730057057153, 0.08911860418071252], [-0.005859711368311284, -0.0043291198173163814, -0.9999734608999815, 0.0034927351007878324], [0.0, 0.0, 0.0, 1.0]]}, "mean_rme": {"type": "float", "data": 0.0023029779408159637}, "max_rme": {"type": "float", "data": 0.006583260403004609}, "simu": {"type": "float", "data": 0.002}}, {"type": "dict", "image_number": {"type": "int", "data": 16}, "Hcamera2end": {"type": "ndarray", "data": [[0.9999830370577408, 0.005808328646641502, 0.0004346436582235722, -0.016305946839659045], [-0.0004516213956857647, 0.002922006917547071, 0.9999956289472914, 0.027895440416266782], [0.005807033226354841, -0.9999788623735536, 0.0029245805172024575, 0.031942945294330845], [0.0, 0.0, 0.0, 1.0]]}, "Hobj2base": {"type": "ndarray", "data": [[0.9999789386388945, 0.005331680893112534, -0.003700737424368154, -0.7368059853175172], [0.005341677034333437, -0.9999820974902514, 0.002696513574681119, 0.0888814270917831], [-0.003686294221976191, -0.0027162249265448423, -0.9999895166235782, 0.0023199042866432623], [0.0, 0.0, 0.0, 1.0]]}, "mean_rme": {"type": "float", "data": 0.00225328673769774}, "max_rme": {"type": "float", "data": 0.006608018127410409}, "simu": {"type": "float", "data": 0.002}}, {"type": "dict", "image_number": {"type": "int", "data": 17}, "Hcamera2end": {"type": "ndarray", "data": [[0.9999806047671902, 0.006121476374577725, 0.001147874749330351, -0.016683632735050618], [-0.0011597680144307685, 0.0019396795389471366, 0.9999974462874586, 0.028381784030521738], [0.006119234232922186, -0.9999793823725973, 0.0019467414109112235, 0.031847282926428785], [0.0, 0.0, 0.0, 1.0]]}, "Hobj2base": {"type": "ndarray", "data": [[0.9999796883781589, 0.005631041214058214, -0.0029856667539928335, -0.7362430075694502], [0.005642201418196881, -0.9999770783417992, 0.0037427735912546685, 0.08912578502933517], [-0.0029645226052127534, -0.003759543302646488, -0.999988538654258, 0.001858005969063466], [0.0, 0.0, 0.0, 1.0]]}, "mean_rme": {"type": "float", "data": 0.002258237658474308}, "max_rme": {"type": "float", "data": 0.006630859630442021}, "simu": {"type": "float", "data": 0.002}}, {"type": "dict", "image_number": {"type": "int", "data": 18}, "Hcamera2end": {"type": "ndarray", "data": [[0.9999806030740365, 0.005800863695388964, 0.0022679188860829803, -0.017401975173299136], [-0.0022846658795502668, 0.002881987291211585, 0.9999932372026682, 0.028561166621105156], [0.005794288351916255, -0.9999790218447787, 0.002895184424874242, 0.0313612442552805], [0.0, 0.0, 0.0, 1.0]]}, "Hobj2base": {"type": "ndarray", "data": [[0.999981524333643, 0.005084473941974678, -0.0033315335954057427, -0.7361977268282461], [0.005099668734033986, -0.9999765613199161, 0.004568390263377399, 0.08926602605054494], [-0.0033082276474046993, -0.0045852955770359785, -0.9999840152193953, 0.0021227186084645058], [0.0, 0.0, 0.0, 1.0]]}, "mean_rme": {"type": "float", "data": 0.0022431266025134187}, "max_rme": {"type": "float", "data": 0.006595988137489239}, "simu": {"type": "float", "data": 0.002}}, {"type": "dict", "image_number": {"type": "int", "data": 19}, "Hcamera2end": {"type": "ndarray", "data": [[0.9999780992666791, 0.006373954882077297, 0.0017814842577945221, -0.017109647217895346], [-0.0018075548183680802, 0.004086750126531147, 0.9999900155596462, 0.02914268566438718], [0.0063666107606890066, -0.999971335175446, 0.004098181896565634, 0.0313351969935451], [0.0, 0.0, 0.0, 1.0]]}, "Hobj2base": {"type": "ndarray", "data": [[0.9999767872579106, 0.005194889613284266, -0.0044088623536075655, -0.7367370280758295], [0.005214978017839075, -0.9999760178151877, 0.004557170037622663, 0.08940787712238746], [-0.004385082624161375, -0.004580056373467664, -0.9999798968649292, 0.0016918937826147361], [0.0, 0.0, 0.0, 1.0]]}, "mean_rme": {"type": "float", "data": 0.0023710596075570273}, "max_rme": {"type": "float", "data": 0.007039198535065044}, "simu": {"type": "float", "data": 0.002}}, {"type": "dict", "image_number": {"type": "int", "data": 20}, "Hcamera2end": {"type": "ndarray", "data": [[0.9999789892974086, 0.0063791786855118045, 0.0011519735376364633, -0.0167338798075168], [-0.0011778837182198645, 0.004059413360767539, 0.9999910668366557, 0.029344148206042645], [0.006374445362496673, -0.9999714132126302, 0.004066842000350013, 0.03135315846540674], [0.0, 0.0, 0.0, 1.0]]}, "Hobj2base": {"type": "ndarray", "data": [[0.9999763590456672, 0.005329103913442632, -0.004345342477946154, -0.7367656787660993], [0.005344893623256139, -0.9999791265570186, 0.0036302289760095185, 0.08920798521006026], [-0.004325905908244961, -0.003653368547233318, -0.9999839695896784, 0.0014972833444890643], [0.0, 0.0, 0.0, 1.0]]}, "mean_rme": {"type": "float", "data": 0.00232311410610515}, "max_rme": {"type": "float", "data": 0.007065718110855879}, "simu": {"type": "float", "data": 0.002}}, {"type": "dict", "image_number": {"type": "int", "data": 21}, "Hcamera2end": {"type": "ndarray", "data": [[0.9999771238130298, 0.006642757215515984, 0.0012750008612376247, -0.016985140263512413], [-0.0013022230986473363, 0.004095320614729392, 0.999990766239401, 0.02896681807393426], [0.006637474340575314, -0.9999695505992363, 0.004103877281294133, 0.03134491361613695], [0.0, 0.0, 0.0, 1.0]]}, "Hobj2base": {"type": "ndarray", "data": [[0.9999770854596135, 0.005426102278105335, -0.00404795871575282, -0.7367435106483997], [0.0054420369717917355, -0.9999774461979083, 0.003935902578585192, 0.0894404117737605], [-0.004026510808945006, -0.003957841530178011, -0.9999840612235418, 0.0018888977160514276], [0.0, 0.0, 0.0, 1.0]]}, "mean_rme": {"type": "float", "data": 0.002371786927847328}, "max_rme": {"type": "float", "data": 0.007181742630667842}, "simu": {"type": "float", "data": 0.002}}, {"type": "dict", "image_number": {"type": "int", "data": 22}, "Hcamera2end": {"type": "ndarray", "data": [[0.9999862470982309, 0.005164130015714204, 0.0009150822786504966, -0.016804898081068442], [-0.0009353566092571491, 0.003924942925337516, 0.9999918599323928, 0.029075298913093923], [0.005160496333631052, -0.9999789630708306, 0.0039297192491243305, 0.03137072861692243], [0.0, 0.0, 0.0, 1.0]]}, "Hobj2base": {"type": "ndarray", "data": [[0.9999838802510754, 0.003988669886833052, -0.00404100860390194, -0.7367909000742724], [0.004002471527605364, -0.9999861654425835, 0.0034130843981518624, 0.0897266323722078], [-0.00402733903137626, -0.0034292034019682317, -0.9999860104543234, 0.0017405044833029343], [0.0, 0.0, 0.0, 1.0]]}, "mean_rme": {"type": "float", "data": 0.0023753893985331478}, "max_rme": {"type": "float", "data": 0.007420445864428971}, "simu": {"type": "float", "data": 0.002}}, {"type": "dict", "image_number": {"type": "int", "data": 23}, "Hcamera2end": {"type": "ndarray", "data": [[0.999989712860953, 0.004415224152552078, 0.0010392150650830434, -0.016743259371197642], [-0.0010560393996301815, 0.0038099068486470156, 0.9999921846647557, 0.029920388886915734], [0.004411230333501471, -0.9999829950581596, 0.0038145303062687708, 0.03153416227048687], [0.0, 0.0, 0.0, 1.0]]}, "Hobj2base": {"type": "ndarray", "data": [[0.999987554067873, 0.003340149026741572, -0.003706091449472997, -0.7366931738436955], [0.003352447886359473, -0.9999888781854502, 0.003317317978983029, 0.08964451736179763], [-0.0036949698945922997, -0.0033297011703150594, -0.9999876300672894, 0.0008005356285818009], [0.0, 0.0, 0.0, 1.0]]}, "mean_rme": {"type": "float", "data": 0.0023905626600925}, "max_rme": {"type": "float", "data": 0.00772153418315627}, "simu": {"type": "float", "data": 0.002}}, {"type": "dict", "image_number": {"type": "int", "data": 24}, "Hcamera2end": {"type": "ndarray", "data": [[0.9999900151995801, 0.0042319204423741826, 0.0014353921112641413, -0.01690252234110258], [-0.001451107910075675, 0.0037129041584186284, 0.9999920542827047, 0.02993210517596068], [0.004226557343391857, -0.9999841524704679, 0.003719008059040352, 0.03158109031242443], [0.0, 0.0, 0.0, 1.0]]}, "Hobj2base": {"type": "ndarray", "data": [[0.9999868806384601, 0.003384675016921309, -0.003844805065555371, -0.7367052396885282], [0.0033986700822707105, -0.9999876021533318, 0.0036393105531080674, 0.08965856433145546], [-0.003832439514743776, -0.003652330031625631, -0.9999859863481619, 0.0007476088433106589], [0.0, 0.0, 0.0, 1.0]]}, "mean_rme": {"type": "float", "data": 0.0023476143519506176}, "max_rme": {"type": "float", "data": 0.007621088150576799}, "simu": {"type": "float", "data": 0.002}}, {"type": "dict", "image_number": {"type": "int", "data": 25}, "Hcamera2end": {"type": "ndarray", "data": [[0.9999910467655817, 0.004073834968748892, 0.0011446647210234518, -0.016678546843089236], [-0.0011605738852247856, 0.0039049867794661575, 0.9999917020388265, 0.02949282007144887], [0.004069331263621976, -0.9999840773466844, 0.0039096798036816205, 0.0314970166255139], [0.0, 0.0, 0.0, 1.0]]}, "Hobj2base": {"type": "ndarray", "data": [[0.9999876920626178, 0.0030401734475040817, -0.003920850505697137, -0.7366528760167553], [0.0030541061818065846, -0.9999890263147466, 0.003552419670464055, 0.08993932268096963], [-0.003910007507561226, -0.0035643506412725854, -0.9999860035249477, 0.0011144696703855584], [0.0, 0.0, 0.0, 1.0]]}, "mean_rme": {"type": "float", "data": 0.002316385586474286}, "max_rme": {"type": "float", "data": 0.007542571036625312}, "simu": {"type": "float", "data": 0.002}}, {"type": "dict", "image_number": {"type": "int", "data": 26}, "Hcamera2end": {"type": "ndarray", "data": [[0.9999918324460039, 0.003796912307594239, 0.001385098628931102, -0.01687937002017511], [-0.001399269033012122, 0.003731973751368467, 0.999992057177502, 0.029722880804602905], [0.003791712997667512, -0.9999858278139983, 0.0037372561720844244, 0.031643688424965274], [0.0, 0.0, 0.0, 1.0]]}, "Hobj2base": {"type": "ndarray", "data": [[0.9999888882503134, 0.0029457395112414035, -0.003680488368976302, -0.736616974303196], [0.0029594201107410404, -0.9999887122114417, 0.003717160517125634, 0.08984627255212549], [-0.0036694970377968796, -0.00372801132426492, -0.9999863182679327, 0.0009160803193355139], [0.0, 0.0, 0.0, 1.0]]}, "mean_rme": {"type": "float", "data": 0.00227409041401478}, "max_rme": {"type": "float", "data": 0.00760387044747074}, "simu": {"type": "float", "data": 0.002}}, {"type": "dict", "image_number": {"type": "int", "data": 27}, "Hcamera2end": {"type": "ndarray", "data": [[0.9999921591716063, 0.00372351459037161, 0.0013479741852426392, -0.0167571097926972], [-0.001361276541941854, 0.003572305901518691, 0.9999926927516634, 0.030105575113089242], [0.0037186720055887752, -0.999986686946202, 0.0035773466247466246, 0.031729794795080056], [0.0, 0.0, 0.0, 1.0]]}, "Hobj2base": {"type": "ndarray", "data": [[0.9999891559961653, 0.0030676724041913653, -0.0035038944187016077, -0.7366452873655176], [0.0030803338509925193, -0.9999887256689235, 0.003613873048170278, 0.08975236845325626], [-0.003492768736013752, -0.0036246270239053166, -0.9999873312424983, 0.00044812282385149664], [0.0, 0.0, 0.0, 1.0]]}, "mean_rme": {"type": "float", "data": 0.0022504109779851555}, "max_rme": {"type": "float", "data": 0.007724549462636704}, "simu": {"type": "float", "data": 0.002}}, {"type": "dict", "image_number": {"type": "int", "data": 28}, "Hcamera2end": {"type": "ndarray", "data": [[0.9999925109946217, 0.003540287931117155, 0.0015634308542588889, -0.016630257797857734], [-0.00157477345131243, 0.0032033450142616715, 0.9999936293143553, 0.02980760960342898], [0.0035352571686235222, -0.9999886024060894, 0.003208896175837528, 0.031181067866756024], [0.0, 0.0, 0.0, 1.0]]}, "Hobj2base": {"type": "ndarray", "data": [[0.9999907282023046, 0.003009339954808687, -0.0030801594862854037, -0.7358112061646179], [0.0030206285946982893, -0.9999887148106983, 0.0036668861640805545, 0.08991206620335815], [-0.00306908981905922, -0.0036761561832743743, -0.9999885332159555, 0.0006774614418640476], [0.0, 0.0, 0.0, 1.0]]}, "mean_rme": {"type": "float", "data": 0.002252517503343485}, "max_rme": {"type": "float", "data": 0.007680456570418076}, "simu": {"type": "float", "data": 0.002}}, {"type": "dict", "image_number": {"type": "int", "data": 29}, "Hcamera2end": {"type": "ndarray", "data": [[0.9999941304801829, 0.003146624633632124, 0.001355639553064194, -0.016397162438962817], [-0.0013659082238858125, 0.003263540677372556, 0.999993741778903, 0.029841312674637084], [0.003142180756534177, -0.9999897239750329, 0.00326781952242039, 0.03119353624326892], [0.0, 0.0, 0.0, 1.0]]}, "Hobj2base": {"type": "ndarray", "data": [[0.999991789831572, 0.002704337392875418, -0.00301775226196516, -0.7357599236571336], [0.0027145891114325714, -0.9999905414813459, 0.0033982280382199065, 0.09005898635788427], [-0.003008533763345822, -0.003406392095626688, -0.9999896725554145, 0.0005152881451997361], [0.0, 0.0, 0.0, 1.0]]}, "mean_rme": {"type": "float", "data": 0.0022187888046081338}, "max_rme": {"type": "float", "data": 0.007735741424043346}, "simu": {"type": "float", "data": 0.002}}, {"type": "dict", "image_number": {"type": "int", "data": 30}, "Hcamera2end": {"type": "ndarray", "data": [[0.9999952369520825, 0.0028674371484491736, 0.0011418744887667339, -0.01627138118917957], [-0.001151229804210242, 0.0032630769042225616, 0.9999940134816084, 0.029881894087173025], [0.0028636939582121317, -0.9999905650221491, 0.003266362441137871, 0.031187026483367075], [0.0, 0.0, 0.0, 1.0]]}, "Hobj2base": {"type": "ndarray", "data": [[0.99999244238968, 0.0026259768233181944, -0.002866951210959525, -0.7357894537788413], [0.002634958016840343, -0.9999916193849963, 0.0031333936910656413, 0.0900550186921016], [-0.00285869896493412, -0.003140924306174353, -0.9999909811766963, 0.0004531608590728838], [0.0, 0.0, 0.0, 1.0]]}, "mean_rme": {"type": "float", "data": 0.0021753364526865865}, "max_rme": {"type": "float", "data": 0.0078053812300652725}, "simu": {"type": "float", "data": 0.002}}]}