{"type": "list", "data": [{"type": "dict", "image_number": {"type": "int", "data": 5}, "Hcamera2end": {"type": "ndarray", "data": [[0.9994352759212879, 0.007807015283247773, 0.03268301939090591, -0.010713575759884394], [-0.03255419094856543, -0.016094997022582547, 0.9993403703055967, 0.039018906872335765], [0.008327898643927922, -0.9998399879896833, -0.015831756723947876, 0.03585138044285197], [0.0, 0.0, 0.0, 1.0]]}, "Hobj2base": {"type": "ndarray", "data": [[0.9999209735274914, 0.006260671654365336, 0.010901866366364622, -0.7364099668095353], [0.005923023636646456, -0.999510075230553, 0.0307331629289036, 0.1078959061949722], [0.011088935513996513, -0.03066616218327676, -0.9994681695812608, -0.003700084367725043], [0.0, 0.0, 0.0, 1.0]]}, "mean_rme": {"type": "float", "data": 0.0016473417831949174}, "max_rme": {"type": "float", "data": 0.0046209752234006585}, "simu": {"type": "float", "data": 0.002}}, {"type": "dict", "image_number": {"type": "int", "data": 6}, "Hcamera2end": {"type": "ndarray", "data": [[0.9999745232957921, 0.005694984156749563, 0.004303477060202033, -0.013927961956938205], [-0.004434619238875287, 0.023218981291820318, 0.9997205674887241, 0.03587090081570646], [0.005593470439674356, -0.9997141821857009, 0.023243644835008515, 0.037737457538893654], [0.0, 0.0, 0.0, 1.0]]}, "Hobj2base": {"type": "ndarray", "data": [[0.9996263427261202, 0.005621751095877873, -0.026750155936317088, -0.7564288424074186], [0.005720007574967597, -0.9999771676330178, 0.0035980169523469113, 0.09038649590381631], [-0.026729318011195078, -0.0037496836217284224, -0.9996356753494711, 0.0010040826343951832], [0.0, 0.0, 0.0, 1.0]]}, "mean_rme": {"type": "float", "data": 0.0020386334253733734}, "max_rme": {"type": "float", "data": 0.006092447715370819}, "simu": {"type": "float", "data": 0.002}}, {"type": "dict", "image_number": {"type": "int", "data": 7}, "Hcamera2end": {"type": "ndarray", "data": [[0.999976055264266, 0.005844437752243492, 0.003705596507690435, -0.014195766477828605], [-0.003809180284636414, 0.017813074531890072, 0.9998340784956674, 0.034872948405463226], [0.005777459967563061, -0.9998242530180399, 0.01783491051958841, 0.03733587078873101], [0.0, 0.0, 0.0, 1.0]]}, "Hobj2base": {"type": "ndarray", "data": [[0.9997624157386993, 0.00437310098870726, -0.021353877026499088, -0.7534791113862485], [0.004445464879448935, -0.9999845326444075, 0.003342501151974117, 0.08971672740843999], [-0.02133892964339739, -0.0034366349366684013, -0.9997663925247666, 0.0007229410463973471], [0.0, 0.0, 0.0, 1.0]]}, "mean_rme": {"type": "float", "data": 0.0019432984856180082}, "max_rme": {"type": "float", "data": 0.00593987361292006}, "simu": {"type": "float", "data": 0.002}}, {"type": "dict", "image_number": {"type": "int", "data": 8}, "Hcamera2end": {"type": "ndarray", "data": [[0.9999855270447242, 0.00537997435515993, 3.9711749097135016e-05, -0.014241265785856785], [-0.00015458107325631897, 0.021352544408041463, 0.9997719964831954, 0.03511671835247977], [0.005377899755200517, -0.9997575329664891, 0.021353067015831173, 0.03762237466091344], [0.0, 0.0, 0.0, 1.0]]}, "Hobj2base": {"type": "ndarray", "data": [[0.9997086652754507, 0.0026407068475492335, -0.02399189947716163, -0.7551076773269448], [0.002651270625078689, -0.9999964019363596, 0.0004085075370049721, 0.08827716231927826], [-0.023990734404130205, -0.00047199754289784174, -0.9997120694885455, 0.00048375591640949234], [0.0, 0.0, 0.0, 1.0]]}, "mean_rme": {"type": "float", "data": 0.0020878828271484956}, "max_rme": {"type": "float", "data": 0.00654532973594002}, "simu": {"type": "float", "data": 0.002}}, {"type": "dict", "image_number": {"type": "int", "data": 9}, "Hcamera2end": {"type": "ndarray", "data": [[0.9999808328403892, 0.005965910031321901, -0.0016558590942054993, -0.013534068841666028], [0.0015155598885662628, 0.02344507373622129, 0.9997239777037098, 0.03622223149149369], [0.006003085045696035, -0.9997073253882865, 0.023435582666808674, 0.03789036762692058], [0.0, 0.0, 0.0, 1.0]]}, "Hobj2base": {"type": "ndarray", "data": [[0.9996717849959771, 0.001780488968770916, -0.025556841393042918, -0.7561550372833634], [0.0017705239964643747, -0.999998347527636, -0.00041253699845781667, 0.08862845357865108], [-0.02555753367864377, 0.00036715259666499176, -0.9996732854644237, -0.00030248155773532966], [0.0, 0.0, 0.0, 1.0]]}, "mean_rme": {"type": "float", "data": 0.002184233064014349}, "max_rme": {"type": "float", "data": 0.006918773895381952}, "simu": {"type": "float", "data": 0.002}}, {"type": "dict", "image_number": {"type": "int", "data": 10}, "Hcamera2end": {"type": "ndarray", "data": [[0.9999791037242095, 0.005955290985803018, -0.0025152781558096205, -0.013516466151644044], [0.002376764282151826, 0.023152886673615147, 0.9997291107246133, 0.03639686001401245], [0.006011913711437235, -0.9997141983326803, 0.023138248541604955, 0.03792401421947853], [0.0, 0.0, 0.0, 1.0]]}, "Hobj2base": {"type": "ndarray", "data": [[0.9996919633749242, 0.0008700722854747346, -0.024803655734737213, -0.7559080503422146], [0.0008432111213508613, -0.9999990467459599, -0.0010933902212655743, 0.08843450141713265], [-0.02480458341908091, 0.001072138698666236, -0.9996917440691488, -0.0007298333872146845], [0.0, 0.0, 0.0, 1.0]]}, "mean_rme": {"type": "float", "data": 0.0020856583718692925}, "max_rme": {"type": "float", "data": 0.00701348717476083}, "simu": {"type": "float", "data": 0.002}}, {"type": "dict", "image_number": {"type": "int", "data": 11}, "Hcamera2end": {"type": "ndarray", "data": [[0.9999820717973017, 0.005839414684916602, -0.0013256395112030144, -0.013563791506678288], [0.0011861529804273177, 0.023826110282158752, 0.999715414260443, 0.03616457280202778], [0.0058693377039582256, -0.9996990635711127, 0.0238187566836916, 0.037962392289221616], [0.0, 0.0, 0.0, 1.0]]}, "Hobj2base": {"type": "ndarray", "data": [[0.9996899940202159, -0.00026570369216867546, -0.0248966916960632, -0.7561318646233066], [-0.0002638024112329022, -0.999999962031987, 7.965119208225024e-05, 0.08901615860739541], [-0.024896711914401105, -7.305869243526415e-05, -0.9996900261572479, -0.00024517333935893744], [0.0, 0.0, 0.0, 1.0]]}, "mean_rme": {"type": "float", "data": 0.0020638762766526154}, "max_rme": {"type": "float", "data": 0.007268779100479877}, "simu": {"type": "float", "data": 0.002}}, {"type": "dict", "image_number": {"type": "int", "data": 12}, "Hcamera2end": {"type": "ndarray", "data": [[0.9999852004320772, 0.005440418479983772, -2.7632969821594217e-05, -0.013600556567047156], [-0.00012075840439384816, 0.02727350996279454, 0.9996280013443587, 0.036419062462939765], [0.005439148299700824, -0.999613203944942, 0.027273763302886223, 0.038176682630701134], [0.0, 0.0, 0.0, 1.0]]}, "Hobj2base": {"type": "ndarray", "data": [[0.999617750610688, -0.002198832710329139, -0.027559350477475517, -0.7577407084582584], [-0.002171751997768739, -0.9999971291383534, 0.0010125257093266643, 0.08991871812964536], [-0.027561497733042933, -0.0009522865975359451, -0.9996196561657578, 0.000312457853678579], [0.0, 0.0, 0.0, 1.0]]}, "mean_rme": {"type": "float", "data": 0.002059258826529394}, "max_rme": {"type": "float", "data": 0.00783685275420895}, "simu": {"type": "float", "data": 0.002}}, {"type": "dict", "image_number": {"type": "int", "data": 13}, "Hcamera2end": {"type": "ndarray", "data": [[0.9999862036048548, 0.005234853466325117, 0.00043463678634530004, -0.013897670735041242], [-0.0005629808265791439, 0.02454075214229967, 0.9996986718691184, 0.035905758731645365], [0.005222609744069044, -0.9996851243233923, 0.024543360690517435, 0.03801435574927168], [0.0, 0.0, 0.0, 1.0]]}, "Hobj2base": {"type": "ndarray", "data": [[0.9996798747087194, -0.0023027971074295545, -0.025196135176671675, -0.7563030493983087], [-0.0022790417190879167, -0.9999969310791852, 0.0009714942375959998, 0.08971873104687642], [-0.025198295005848203, -0.0009137601944927986, -0.9996820549410221, 0.00026478662153267123], [0.0, 0.0, 0.0, 1.0]]}, "mean_rme": {"type": "float", "data": 0.002112439324613711}, "max_rme": {"type": "float", "data": 0.00754735962388528}, "simu": {"type": "float", "data": 0.002}}, {"type": "dict", "image_number": {"type": "int", "data": 14}, "Hcamera2end": {"type": "ndarray", "data": [[0.9999938088924143, 0.0033270240631004186, 0.0011459003993554554, -0.014231472827713415], [-0.0012137612368849449, 0.020466999589554336, 0.9997897922620841, 0.03534158744626834], [0.0033028715538948434, -0.9997849933054032, 0.0204709110889999, 0.037959097176436196], [0.0, 0.0, 0.0, 1.0]]}, "Hobj2base": {"type": "ndarray", "data": [[0.9997759214696221, -0.003301147781430778, -0.02090954980129952, -0.754130651211513], [-0.0032760533473311887, -0.9999938719914307, 0.0012342828086906433, 0.08978065309336955], [-0.02091349621735472, -0.0011655054317950657, -0.9997806095704473, -2.53502695739776e-05], [0.0, 0.0, 0.0, 1.0]]}, "mean_rme": {"type": "float", "data": 0.002239368830457249}, "max_rme": {"type": "float", "data": 0.007062903278048954}, "simu": {"type": "float", "data": 0.002}}, {"type": "dict", "image_number": {"type": "int", "data": 15}, "Hcamera2end": {"type": "ndarray", "data": [[0.9999969415095261, 0.002074138941939284, 0.0013471893864072755, -0.014462953385967424], [-0.0013678284108588517, 0.009981594911040559, 0.9999492471163075, 0.03521069402470364], [0.0020605865746832317, -0.9999480315049784, 0.009984401448600466, 0.0332149165413892], [0.0, 0.0, 0.0, 1.0]]}, "Hobj2base": {"type": "ndarray", "data": [[0.999937462828433, -0.0009889434480663162, -0.011139677872039684, -0.7434246753212548], [-0.000978927670706507, -0.9999991117670786, 0.0009045251066610426, 0.08890217660491426], [-0.011140562501588912, -0.0008935636013075641, -0.9999375427551653, -0.002335627254146207], [0.0, 0.0, 0.0, 1.0]]}, "mean_rme": {"type": "float", "data": 0.0022830230407554536}, "max_rme": {"type": "float", "data": 0.0072458745752151665}, "simu": {"type": "float", "data": 0.002}}, {"type": "dict", "image_number": {"type": "int", "data": 16}, "Hcamera2end": {"type": "ndarray", "data": [[0.9999978728302599, 0.0008337020975546894, -0.0018866042955243212, -0.013345163623207725], [0.0018795960130194825, 0.008328532787386767, 0.9999635506659416, 0.03393222891669557], [0.0008493843554005298, -0.9999649696276475, 0.008326948048045235, 0.03302796176501042], [0.0, 0.0, 0.0, 1.0]]}, "Hobj2base": {"type": "ndarray", "data": [[0.9999581245467942, -0.0015057704625535012, -0.009026727434235311, -0.7423368113491665], [-0.0015217143698896137, -0.9999972939311523, -0.0017596919472189535, 0.08911175247138414], [-0.00902405331513209, 0.0017733543601709141, -0.999957709943815, -0.0015471755037367863], [0.0, 0.0, 0.0, 1.0]]}, "mean_rme": {"type": "float", "data": 0.002416381648096271}, "max_rme": {"type": "float", "data": 0.006832409665574052}, "simu": {"type": "float", "data": 0.002}}, {"type": "dict", "image_number": {"type": "int", "data": 17}, "Hcamera2end": {"type": "ndarray", "data": [[0.9999976205250649, 0.000514716216024491, -0.002119908353009758, -0.01335041539914314], [0.0021155659102171736, 0.008295428420153073, 0.9999633544526546, 0.03393374094468462], [0.000532282901966704, -0.9999654598707611, 0.008294319765309033, 0.03308542519748042], [0.0, 0.0, 0.0, 1.0]]}, "Hobj2base": {"type": "ndarray", "data": [[0.9999596601549088, -0.002046009602864345, -0.00874596521741553, -0.7422369275816272], [-0.002062611282086334, -0.999996087493372, -0.0018896117715641232, 0.08908761688821763], [-0.008742064834938343, 0.0019075750714481515, -0.9999599679286009, -0.0016349906814421473], [0.0, 0.0, 0.0, 1.0]]}, "mean_rme": {"type": "float", "data": 0.0023285756988915543}, "max_rme": {"type": "float", "data": 0.0069223826588649395}, "simu": {"type": "float", "data": 0.002}}, {"type": "dict", "image_number": {"type": "int", "data": 18}, "Hcamera2end": {"type": "ndarray", "data": [[0.9999997876045502, 0.000516023488608874, 0.00039813391425592553, -0.014525373322807733], [-0.00040049457685218775, 0.004582718040672229, 0.9999894190937489, 0.03383778550026724], [0.0005141934931412537, -0.9999893661510201, 0.004582923731932476, 0.03262570783565975], [0.0, 0.0, 0.0, 1.0]]}, "Hobj2base": {"type": "ndarray", "data": [[0.9999839027850802, -0.0008776299463143417, -0.005605705700134995, -0.7397204124641159], [-0.0008749602835321644, -0.9999995026572883, 0.0004786749191962562, 0.08907157530898811], [-0.0056061230116217576, -0.0004737624440144172, -0.9999841733417212, -0.0024100340979461687], [0.0, 0.0, 0.0, 1.0]]}, "mean_rme": {"type": "float", "data": 0.002320715591839084}, "max_rme": {"type": "float", "data": 0.00664708230793204}, "simu": {"type": "float", "data": 0.002}}, {"type": "dict", "image_number": {"type": "int", "data": 19}, "Hcamera2end": {"type": "ndarray", "data": [[0.9999996357841441, -0.0005380850367615056, 0.0006624923186656555, -0.014642908771520247], [-0.000659751702594941, 0.0050775840154750895, 0.9999868913482101, 0.03404432017149363], [-0.000541441843599757, -0.9999869642175637, 0.005077227163619358, 0.03266996862206201], [0.0, 0.0, 0.0, 1.0]]}, "Hobj2base": {"type": "ndarray", "data": [[0.9999815655842806, -0.001969589917713576, -0.005743623174183655, -0.7396788026698038], [-0.0019642501899635673, -0.9999976335842797, 0.0009351721941275419, 0.08932518850909046], [-0.005745451488108361, -0.0009238730418635768, -0.9999830679795538, -0.0024749544171324776], [0.0, 0.0, 0.0, 1.0]]}, "mean_rme": {"type": "float", "data": 0.0022982060939807643}, "max_rme": {"type": "float", "data": 0.0068164791634481026}, "simu": {"type": "float", "data": 0.002}}, {"type": "dict", "image_number": {"type": "int", "data": 20}, "Hcamera2end": {"type": "ndarray", "data": [[0.9999997047036765, -0.0006073093853020285, 0.00047092236129103423, -0.014710621128813077], [-0.00046798239442198615, 0.004832060552507844, 0.9999882160222164, 0.03439336718999455], [-0.0006095777541470126, -0.9999881411127469, 0.004831774915517895, 0.03262410162576841], [0.0, 0.0, 0.0, 1.0]]}, "Hobj2base": {"type": "ndarray", "data": [[0.9999834774751352, -0.0022595208908692496, -0.0052857678798385, -0.7394338518973509], [-0.002254935745326069, -0.9999970763453512, 0.0008732499839711231, 0.08931423195973043], [-0.005287725552660399, -0.0008613164887428055, -0.9999856489432166, -0.0029502124694695655], [0.0, 0.0, 0.0, 1.0]]}, "mean_rme": {"type": "float", "data": 0.00230031155341107}, "max_rme": {"type": "float", "data": 0.006758818003441608}, "simu": {"type": "float", "data": 0.002}}, {"type": "dict", "image_number": {"type": "int", "data": 21}, "Hcamera2end": {"type": "ndarray", "data": [[0.9999920164194191, -0.0028293530623847442, -0.0028216765712171677, -0.012189376931025045], [0.002838756628409846, 0.006051002009166528, 0.9999776631682777, 0.03213908733901966], [-0.0028122158929998545, -0.9999776898190946, 0.006058985545264295, 0.0313411636147287], [0.0, 0.0, 0.0, 1.0]]}, "Hobj2base": {"type": "ndarray", "data": [[0.9999772934821153, -0.0043537593009252565, -0.0051436660207503666, -0.738204984026202], [-0.00436538869343265, -0.9999879361914001, -0.0022518555059997288, 0.0913045998587505], [-0.005133799931694404, 0.0022742584756921857, -0.9999842357990687, -0.0014521250885276243], [0.0, 0.0, 0.0, 1.0]]}, "mean_rme": {"type": "float", "data": 0.002453563668247682}, "max_rme": {"type": "float", "data": 0.009892430177761424}, "simu": {"type": "float", "data": 0.002}}, {"type": "dict", "image_number": {"type": "int", "data": 22}, "Hcamera2end": {"type": "ndarray", "data": [[0.9999904040695223, -0.0035665643257524926, -0.0025438922508095804, -0.012504115636761709], [0.0025666546022047134, 0.006392166596670967, 0.9999762759637618, 0.032391172846205775], [-0.003550218729380027, -0.9999732095536915, 0.006401259396625392, 0.03144655777851109], [0.0, 0.0, 0.0, 1.0]]}, "Hobj2base": {"type": "ndarray", "data": [[0.999974488273352, -0.004906249677654095, -0.005191485004158866, -0.7382809660980955], [-0.004916945844921083, -0.9999858113412088, -0.0020495755227547875, 0.09121269669383363], [-0.005181355614701676, 0.0020750494851644757, -0.9999844237405047, -0.0015926052883791634], [0.0, 0.0, 0.0, 1.0]]}, "mean_rme": {"type": "float", "data": 0.0024039109655725924}, "max_rme": {"type": "float", "data": 0.009632973942368173}, "simu": {"type": "float", "data": 0.002}}, {"type": "dict", "image_number": {"type": "int", "data": 23}, "Hcamera2end": {"type": "ndarray", "data": [[0.999996058164355, -0.002688829852307573, -0.0008086097806433956, -0.013065869885274308], [0.0008194037301426699, 0.004015691343791761, 0.9999916013650104, 0.03213211943115601], [-0.00268556014251046, -0.999988322140342, 0.004017878751807147, 0.03046379078976096], [0.0, 0.0, 0.0, 1.0]]}, "Hobj2base": {"type": "ndarray", "data": [[0.999987844493957, -0.003690126564507707, -0.0032701422396717982, -0.7359249767365261], [-0.0036916681024528014, -0.9999930774302319, -0.0004654870945044916, 0.09137220394968255], [-0.003268401895591126, 0.00047755371606998133, -0.9999945447308685, -0.0019416625479442128], [0.0, 0.0, 0.0, 1.0]]}, "mean_rme": {"type": "float", "data": 0.002435360395744616}, "max_rme": {"type": "float", "data": 0.009580941126995202}, "simu": {"type": "float", "data": 0.002}}, {"type": "dict", "image_number": {"type": "int", "data": 24}, "Hcamera2end": {"type": "ndarray", "data": [[0.9999961903230082, -0.002443364675687041, -0.0012842540759346157, -0.013015515238700046], [0.0012931569836674903, 0.0036456241612558005, 0.999992518556759, 0.03217272113394153], [-0.0024386644881044853, -0.9999903696503961, 0.00364876992669938, 0.03048455970863587], [0.0, 0.0, 0.0, 1.0]]}, "Hobj2base": {"type": "ndarray", "data": [[0.9999895713519071, -0.0036836244616562388, -0.002699647801941411, -0.7357689842663685], [-0.003685577542893953, -0.9999929498685345, -0.000718840317551591, 0.09118595892514902], [-0.0026969808312917393, 0.0007287825823314427, -0.9999960975775575, -0.0022041085248477124], [0.0, 0.0, 0.0, 1.0]]}, "mean_rme": {"type": "float", "data": 0.002419670235737462}, "max_rme": {"type": "float", "data": 0.009664185502827993}, "simu": {"type": "float", "data": 0.002}}, {"type": "dict", "image_number": {"type": "int", "data": 25}, "Hcamera2end": {"type": "ndarray", "data": [[0.9999930293667605, -0.003304029001690359, -0.0017391406628986907, -0.01247688234789636], [0.0017532675690502637, 0.004277586258227828, 0.9999893140972231, 0.03207857806944035], [-0.0032965543709569337, -0.9999853927173934, 0.004283349287638738, 0.03023872524053387], [0.0, 0.0, 0.0, 1.0]]}, "Hobj2base": {"type": "ndarray", "data": [[0.9999851091482852, -0.004653200527324214, -0.002851176344024492, -0.7356809602836603], [-0.004656486189294284, -0.9999885008860931, -0.0011468356260956188, 0.09169662568286041], [-0.002845807101882841, 0.001160095012005562, -0.9999952777696013, -0.002230207563450346], [0.0, 0.0, 0.0, 1.0]]}, "mean_rme": {"type": "float", "data": 0.0024049968106097867}, "max_rme": {"type": "float", "data": 0.009484482263999339}, "simu": {"type": "float", "data": 0.002}}, {"type": "dict", "image_number": {"type": "int", "data": 26}, "Hcamera2end": {"type": "ndarray", "data": [[0.9999964578858913, -0.00265970416344991, 0.00010094272459202367, -0.013199816367185788], [-9.295468040770296e-05, 0.0030033106191597048, 0.999995485732187, 0.03182407749934417], [-0.0026599953191897064, -0.9999919530171671, 0.003003052749140256, 0.0308830039912115], [0.0, 0.0, 0.0, 1.0]]}, "Hobj2base": {"type": "ndarray", "data": [[0.9999916798569355, -0.0036131074657085984, -0.001893586899400802, -0.7355933695871225], [-0.0036122185051987122, -0.999993364208968, 0.0004726684889903765, 0.09189369653091095], [-0.0018952821360002133, -0.0004658245066817085, -0.9999980954547629, -0.002326115304275387], [0.0, 0.0, 0.0, 1.0]]}, "mean_rme": {"type": "float", "data": 0.0024195866146779696}, "max_rme": {"type": "float", "data": 0.009420646339612926}, "simu": {"type": "float", "data": 0.002}}, {"type": "dict", "image_number": {"type": "int", "data": 27}, "Hcamera2end": {"type": "ndarray", "data": [[0.9999989821386583, -0.001426510038665022, -2.8120399740527973e-05, -0.012875781141592196], [3.441811965188251e-05, 0.004414941909370529, 0.9999902535041678, 0.03188798736882834], [-0.001426371985259553, -0.999989236620598, 0.004414986513365027, 0.03150882963752742], [0.0, 0.0, 0.0, 1.0]]}, "Hobj2base": {"type": "ndarray", "data": [[0.9999898785886514, -0.002940701169291862, -0.0034051427117103242, -0.7370588198914165], [-0.002939255434602759, -0.9999955881437168, 0.0004295003984573534, 0.09197247589360232], [-0.0034063907210340107, -0.00041948746708615373, -0.9999941102489158, -0.002044511903438684], [0.0, 0.0, 0.0, 1.0]]}, "mean_rme": {"type": "float", "data": 0.002431813933774922}, "max_rme": {"type": "float", "data": 0.009531114770996496}, "simu": {"type": "float", "data": 0.002}}, {"type": "dict", "image_number": {"type": "int", "data": 28}, "Hcamera2end": {"type": "ndarray", "data": [[0.9999995559685827, -0.0008055431863866228, -0.0004890427509628595, -0.012552958907902747], [0.0004912243458625312, 0.0027102605535584967, 0.9999962065859918, 0.03213075374026331], [-0.0008042146973508771, -0.9999960027859642, 0.002710655052542532, 0.031892859018895804], [0.0, 0.0, 0.0, 1.0]]}, "Hobj2base": {"type": "ndarray", "data": [[0.9999955666285929, -0.0021530875115331302, -0.0020569242395149087, -0.736727524215915], [-0.002152584576319131, -0.9999976527588526, 0.00024669095514654284, 0.0920549215450435], [-0.002057450558632431, -0.00024226215808127914, -0.9999978541008203, -0.002612618976526684], [0.0, 0.0, 0.0, 1.0]]}, "mean_rme": {"type": "float", "data": 0.0025049297825772356}, "max_rme": {"type": "float", "data": 0.009778524648111464}, "simu": {"type": "float", "data": 0.002}}, {"type": "dict", "image_number": {"type": "int", "data": 29}, "Hcamera2end": {"type": "ndarray", "data": [[0.9999990581395345, -0.0010422787900285328, -0.0008929585476086627, -0.01249747857357738], [0.0008945088417399765, 0.0014878910690276914, 0.9999984930159139, 0.03196554823047497], [-0.001040948594282984, -0.9999983499161839, 0.0014888219952351456, 0.0324584426895568], [0.0, 0.0, 0.0, 1.0]]}, "Hobj2base": {"type": "ndarray", "data": [[0.9999974334350942, -0.0021271952885223585, -0.0007798483370385404, -0.736493506448131], [-0.0021271157320394336, -0.9999977323996994, 0.0001028305518243641, 0.09190986021419202], [-0.0007800653093195736, -0.00010117146023675907, -0.999999690631177, -0.0027947471029956617], [0.0, 0.0, 0.0, 1.0]]}, "mean_rme": {"type": "float", "data": 0.0024589542413640314}, "max_rme": {"type": "float", "data": 0.009646123146025753}, "simu": {"type": "float", "data": 0.002}}, {"type": "dict", "image_number": {"type": "int", "data": 30}, "Hcamera2end": {"type": "ndarray", "data": [[0.9999983657018504, -0.00012028064701662469, -0.001803919675082916, -0.011774039818152712], [0.0018040692326412426, 0.0012551114393696272, 0.9999975850118233, 0.03146527640149008], [-0.00011801623632038338, -0.9999992051136045, 0.0012553263827579375, 0.03279016966018126], [0.0, 0.0, 0.0, 1.0]]}, "Hobj2base": {"type": "ndarray", "data": [[0.9999990685502861, -0.0012240123074312484, -0.0006038976994636863, -0.7367811052414696], [-0.0012245326786334207, -0.9999988786754082, -0.0008620717169849055, 0.09172455748588264], [-0.0006028418359068672, 0.0008628104064759962, -0.9999994460698083, -0.002397311638873125], [0.0, 0.0, 0.0, 1.0]]}, "mean_rme": {"type": "float", "data": 0.0024674902790710763}, "max_rme": {"type": "float", "data": 0.009733428465426575}, "simu": {"type": "float", "data": 0.002}}]}