{"type": "list", "data": [{"type": "dict", "image_number": {"type": "int", "data": 5}, "Hcamera2end": {"type": "ndarray", "data": [[0.9999833414259399, -0.004863482947906107, 0.0031086016514667667, -0.012981809092875437], [-0.002971037682104677, 0.028041086545166793, 0.9996023561399094, 0.023684550431484184], [-0.004948717581716444, -0.9995949399626742, 0.02802616982954531, 0.02881378463644255], [0.0, 0.0, 0.0, 1.0]]}, "Hobj2base": {"type": "ndarray", "data": [[0.9997540681909075, -0.015333007886865445, -0.016021922633429112, -0.7444102484678996], [-0.015203269892931675, -0.9998508958464327, 0.00818820246743243, 0.1008867193033893], [-0.016145083471228738, -0.007942603113986707, -0.9998381125639688, 0.007376320976306116], [0.0, 0.0, 0.0, 1.0]]}, "mean_rme": {"type": "float", "data": 0.00152170931877697}, "max_rme": {"type": "float", "data": 0.004481614915311405}, "simu": {"type": "float", "data": 0.002}}, {"type": "dict", "image_number": {"type": "int", "data": 6}, "Hcamera2end": {"type": "ndarray", "data": [[0.999984710532781, -0.00533442808450052, 0.0014569068884106116, -0.012418689335738245], [-0.001343391021356778, 0.021221952682316858, 0.9997738864487876, 0.024866053416051026], [-0.005364140307071038, -0.9997605576343572, 0.02121446198717425, 0.028426116102818307], [0.0, 0.0, 0.0, 1.0]]}, "Hobj2base": {"type": "ndarray", "data": [[0.9998796311729132, -0.010192795810983807, -0.011697438996405143, -0.7409920293144415], [-0.010122359749222582, -0.9999303744673127, 0.006064985636212961, 0.09861060448394061], [-0.011758443716170408, -0.005945849915339434, -0.9999131891670188, 0.0053319946786093975], [0.0, 0.0, 0.0, 1.0]]}, "mean_rme": {"type": "float", "data": 0.001651922179997095}, "max_rme": {"type": "float", "data": 0.004759298913144194}, "simu": {"type": "float", "data": 0.002}}, {"type": "dict", "image_number": {"type": "int", "data": 7}, "Hcamera2end": {"type": "ndarray", "data": [[0.9999819324010024, -0.004776611322559068, -0.003649500764509908, -0.014907021218586477], [0.003701665015197128, 0.010957870592677943, 0.9999331091369008, 0.023762004521099524], [-0.004736301053799636, -0.9999285519757635, 0.010975354025290152, 0.02785160886639441], [0.0, 0.0, 0.0, 1.0]]}, "Hobj2base": {"type": "ndarray", "data": [[0.9999810108985194, -0.005230636602240078, -0.0032585707158867576, -0.7350841698688332], [-0.005224969413998846, -0.9999848267729528, 0.0017452559955734698, 0.09319925072967991], [-0.003267650072744162, -0.0017281969224063995, -0.9999931678758607, 0.006217905025727484], [0.0, 0.0, 0.0, 1.0]]}, "mean_rme": {"type": "float", "data": 0.0018088133056504516}, "max_rme": {"type": "float", "data": 0.004325084285500963}, "simu": {"type": "float", "data": 0.002}}, {"type": "dict", "image_number": {"type": "int", "data": 8}, "Hcamera2end": {"type": "ndarray", "data": [[0.999988676379737, -0.004736860416915721, -0.0004574556723925833, -0.01485630436653963], [0.0005097228258603226, 0.011038812410595344, 0.9999389405374731, 0.024914988164651826], [-0.0047315214194108965, -0.9999278507842223, 0.011041101897152905, 0.027740860417165857], [0.0, 0.0, 0.0, 1.0]]}, "Hobj2base": {"type": "ndarray", "data": [[0.9999795625328242, -0.005110319880432503, -0.0038417635769699525, -0.7348553594916065], [-0.00509826057518469, -0.9999820667801314, 0.0031422694419100164, 0.09348594947561689], [-0.0038577526837777097, -0.0031226189100977933, -0.9999876834218382, 0.004909548585738097], [0.0, 0.0, 0.0, 1.0]]}, "mean_rme": {"type": "float", "data": 0.002218273235394081}, "max_rme": {"type": "float", "data": 0.008686269308595701}, "simu": {"type": "float", "data": 0.002}}, {"type": "dict", "image_number": {"type": "int", "data": 9}, "Hcamera2end": {"type": "ndarray", "data": [[0.9999876412378143, -0.004888241411135677, -0.0009068999608489248, -0.014568023021917573], [0.000928656677275048, 0.004450396307633553, 0.9999896657313415, 0.0243227634004663], [-0.004884154830498514, -0.9999781492955787, 0.004454880804270589, 0.026157004926669624], [0.0, 0.0, 0.0, 1.0]]}, "Hobj2base": {"type": "ndarray", "data": [[0.999991593641129, -0.003642394749386811, 0.0018829783760932325, -0.7295002878351213], [-0.0036466279439060834, -0.9999908206285739, 0.002249614017968771, 0.09315463494875321], [0.0018747671092481347, -0.0022564616284700472, -0.9999956968053438, 0.003985813090354482], [0.0, 0.0, 0.0, 1.0]]}, "mean_rme": {"type": "float", "data": 0.0021265936147825187}, "max_rme": {"type": "float", "data": 0.00836002240285591}, "simu": {"type": "float", "data": 0.002}}, {"type": "dict", "image_number": {"type": "int", "data": 10}, "Hcamera2end": {"type": "ndarray", "data": [[0.9999879271511751, -0.004777889895524582, -0.0011477456348695566, -0.014512647529771388], [0.0011795695621809941, 0.0066631849720042435, 0.9999771050287484, 0.02463609831560805], [-0.004770132864406836, -0.999966386302147, 0.006668740381871596, 0.027073027214275302], [0.0, 0.0, 0.0, 1.0]]}, "Hobj2base": {"type": "ndarray", "data": [[0.9999905366228715, -0.004349028131615513, 0.00011233437487208143, -0.7317373699242716], [-0.004349242037836102, -0.9999885820910213, 0.0019798437527960367, 0.09327497154286793], [0.00010372269607130073, -0.0019803135861734362, -0.9999980337979186, 0.004232020228823663], [0.0, 0.0, 0.0, 1.0]]}, "mean_rme": {"type": "float", "data": 0.002074865358560264}, "max_rme": {"type": "float", "data": 0.008508487136470871}, "simu": {"type": "float", "data": 0.002}}, {"type": "dict", "image_number": {"type": "int", "data": 11}, "Hcamera2end": {"type": "ndarray", "data": [[0.9999877351827163, -0.004851200404691423, -0.0009976666653747194, -0.014814769157614503], [0.0010350806314237905, 0.007715926174141852, 0.999969696086517, 0.024675172184401566], [-0.004843355471997639, -0.9999584643063473, 0.007720852923295163, 0.027147946401223404], [0.0, 0.0, 0.0, 1.0]]}, "Hobj2base": {"type": "ndarray", "data": [[0.9999882811829254, -0.004772180462016922, -0.0008147333653544597, -0.732451756733359], [-0.004770936491250806, -0.9999874607307584, 0.0015220204488738832, 0.09314542473512195], [-0.0008219865054423374, -0.0015181155714512496, -0.9999985098305382, 0.004406084011950367], [0.0, 0.0, 0.0, 1.0]]}, "mean_rme": {"type": "float", "data": 0.0019530378354011382}, "max_rme": {"type": "float", "data": 0.008583238985476888}, "simu": {"type": "float", "data": 0.002}}, {"type": "dict", "image_number": {"type": "int", "data": 12}, "Hcamera2end": {"type": "ndarray", "data": [[0.9999842224199871, -0.00557940041855342, -0.0006520751974714084, -0.01522994340917516], [0.0007040410507691214, 0.00931698850647067, 0.9999563480729394, 0.02455185089567953], [-0.005573081489853111, -0.9999410302693554, 0.009320769633872406, 0.027173629627979982], [0.0, 0.0, 0.0, 1.0]]}, "Hobj2base": {"type": "ndarray", "data": [[0.9999814299305134, -0.005803214566472015, -0.0018607780150430222, -0.7331454690008576], [-0.005800607791462241, -0.9999821917525802, 0.0014032558411512463, 0.09306177449599874], [-0.0018688882725855927, -0.0013924361391405285, -0.9999972841854237, 0.0049665899795469926], [0.0, 0.0, 0.0, 1.0]]}, "mean_rme": {"type": "float", "data": 0.001859661755510659}, "max_rme": {"type": "float", "data": 0.00856032906061907}, "simu": {"type": "float", "data": 0.002}}, {"type": "dict", "image_number": {"type": "int", "data": 13}, "Hcamera2end": {"type": "ndarray", "data": [[0.9999773645046156, -0.006720236787963196, -0.0003299938132504663, -0.01513153847923121], [0.00039078291543140917, 0.009046375424727082, 0.9999590043498723, 0.025000075857392123], [-0.006716976039564561, -0.9999364987383892, 0.009048796809262294, 0.02722063214148093], [0.0, 0.0, 0.0, 1.0]]}, "Hobj2base": {"type": "ndarray", "data": [[0.9999766111210945, -0.006591067588337461, -0.001826208864675097, -0.7332800701005563], [-0.0065879753594791195, -0.9999768639955757, 0.0016941234418580769, 0.09309910507833585], [-0.0018373326956069981, -0.0016820527992083025, -0.9999968974486599, 0.004448432127961182], [0.0, 0.0, 0.0, 1.0]]}, "mean_rme": {"type": "float", "data": 0.0019381041866364595}, "max_rme": {"type": "float", "data": 0.008042403390008196}, "simu": {"type": "float", "data": 0.002}}, {"type": "dict", "image_number": {"type": "int", "data": 14}, "Hcamera2end": {"type": "ndarray", "data": [[0.9999682428334168, -0.007851635403077283, -0.0013657035351304328, -0.01468875567761056], [0.001431679901923387, 0.008403411393960836, 0.9999636658247151, 0.02528893195859074], [-0.007839873551732384, -0.9999338650623055, 0.00841438555402918, 0.027510889959037423], [0.0, 0.0, 0.0, 1.0]]}, "Hobj2base": {"type": "ndarray", "data": [[0.999972480207992, -0.007181053023928371, -0.0018631436188699358, -0.7333012622016065], [-0.00718023902036923, -0.9999741235271669, 0.0004432196808108671, 0.0928745001535387], [-0.0018662781913138485, -0.00042982966698467556, -0.9999981661244037, 0.004166409576873004], [0.0, 0.0, 0.0, 1.0]]}, "mean_rme": {"type": "float", "data": 0.001961614711991444}, "max_rme": {"type": "float", "data": 0.007728631559617699}, "simu": {"type": "float", "data": 0.002}}, {"type": "dict", "image_number": {"type": "int", "data": 15}, "Hcamera2end": {"type": "ndarray", "data": [[0.9999780515920499, -0.006596799151258423, -0.0006152845890898197, -0.014923561275141287], [0.0006588311235997076, 0.006601021487490422, 0.9999779959863477, 0.026329888114589237], [-0.006592592488406334, -0.9999564534299878, 0.006605222782174902, 0.028010462326732044], [0.0, 0.0, 0.0, 1.0]]}, "Hobj2base": {"type": "ndarray", "data": [[0.9999851839764063, -0.005278501069816706, -0.0013301331244362517, -0.7333076652457583], [-0.005276838417418231, -0.9999852956125053, 0.0012504139663087163, 0.0922641911193339], [-0.0013367138771022446, -0.0012433765425745838, -0.9999983336040037, 0.003091724206483696], [0.0, 0.0, 0.0, 1.0]]}, "mean_rme": {"type": "float", "data": 0.002031413639660693}, "max_rme": {"type": "float", "data": 0.007264327421976996}, "simu": {"type": "float", "data": 0.002}}, {"type": "dict", "image_number": {"type": "int", "data": 16}, "Hcamera2end": {"type": "ndarray", "data": [[0.9999795983310781, -0.006204922256234473, -0.0015171886533490286, -0.013585329967050225], [0.0015593370785679456, 0.006793552975119743, 0.9999757077578684, 0.026539550913603365], [-0.006194464423270839, -0.999957672393071, 0.006803089940644935, 0.02787009115271098], [0.0, 0.0, 0.0, 1.0]]}, "Hobj2base": {"type": "ndarray", "data": [[0.9999851055053881, -0.005060239647008579, -0.0020451753207852245, -0.7334452054342336], [-0.005059810605293469, -0.9999871759846382, 0.0002149020875975969, 0.09281229194342035], [-0.0020462365494893792, -0.00020455068696181755, -0.9999978855352647, 0.0024963769836087377], [0.0, 0.0, 0.0, 1.0]]}, "mean_rme": {"type": "float", "data": 0.0020195833590339455}, "max_rme": {"type": "float", "data": 0.007050190035626902}, "simu": {"type": "float", "data": 0.002}}, {"type": "dict", "image_number": {"type": "int", "data": 17}, "Hcamera2end": {"type": "ndarray", "data": [[0.99997938393687, -0.006271793740174163, -0.001377063730741822, -0.013826133462628358], [0.0014145498039657982, 0.005976421260911469, 0.9999811405410427, 0.026698933885538994], [-0.0062634455445794955, -0.9999624727919508, 0.005985169815239111, 0.02779013478300831], [0.0, 0.0, 0.0, 1.0]]}, "Hobj2base": {"type": "ndarray", "data": [[0.9999849082366872, -0.00539081074240559, -0.001059461374414961, -0.7327300074448231], [-0.005390235823282107, -0.9999853241891632, 0.0005447605565928288, 0.09282482494010251], [-0.0010623825270207605, -0.0005390415885416913, -0.9999992903885144, 0.002301290177201869], [0.0, 0.0, 0.0, 1.0]]}, "mean_rme": {"type": "float", "data": 0.0020244232242225013}, "max_rme": {"type": "float", "data": 0.007137000221852846}, "simu": {"type": "float", "data": 0.002}}, {"type": "dict", "image_number": {"type": "int", "data": 18}, "Hcamera2end": {"type": "ndarray", "data": [[0.999986357302334, -0.0050625005210104546, -0.0012869722932765866, -0.013830059688579345], [0.0013299839800219285, 0.008501963500177068, 0.9999629731941351, 0.027109309295035185], [-0.005051371281323295, -0.9999510426541474, 0.008508580555051326, 0.027692596487051836], [0.0, 0.0, 0.0, 1.0]]}, "Hobj2base": {"type": "ndarray", "data": [[0.9999826594095647, -0.005134387055644999, -0.002884258958103225, -0.7340831787778365], [-0.005134111719413887, -0.9999868150716524, 0.00010285769709221435, 0.09282124159773977], [-0.00288474904058405, -8.80478057603937e-05, -0.9999958352266058, 0.002123230036217058], [0.0, 0.0, 0.0, 1.0]]}, "mean_rme": {"type": "float", "data": 0.0020314336242455273}, "max_rme": {"type": "float", "data": 0.007372045631368618}, "simu": {"type": "float", "data": 0.002}}, {"type": "dict", "image_number": {"type": "int", "data": 19}, "Hcamera2end": {"type": "ndarray", "data": [[0.9999838874143905, -0.0053810933363556916, -0.0018079673971059397, -0.013801892073988346], [0.0018553317881907117, 0.008810063654462796, 0.9999594694398167, 0.02711564950384441], [-0.0053649469297746746, -0.9999467118866433, 0.008819905415080154, 0.02749365364481351], [0.0, 0.0, 0.0, 1.0]]}, "Hobj2base": {"type": "ndarray", "data": [[0.9999816930145646, -0.005290260086747411, -0.002937138733448832, -0.7339569578397641], [-0.005291217011422277, -0.999985950810274, -0.00031812671942219387, 0.09259768151214734], [-0.0029354144959432287, 0.0003336619339123066, -0.9999956359962028, 0.002111774757124248], [0.0, 0.0, 0.0, 1.0]]}, "mean_rme": {"type": "float", "data": 0.0019692838404936765}, "max_rme": {"type": "float", "data": 0.007361585968506057}, "simu": {"type": "float", "data": 0.002}}, {"type": "dict", "image_number": {"type": "int", "data": 20}, "Hcamera2end": {"type": "ndarray", "data": [[0.9999824531394074, -0.005216687412707059, -0.002807059979965533, -0.013393639899134084], [0.0028506498568304354, 0.00836728832489153, 0.9999609303775233, 0.027297404997035767], [-0.005192996118501629, -0.9999513861476098, 0.008382012454475896, 0.02827860731321022], [0.0, 0.0, 0.0, 1.0]]}, "Hobj2base": {"type": "ndarray", "data": [[0.9999811779738186, -0.005591040945615845, -0.002526649805317941, -0.7345414185586023], [-0.005594849157901971, -0.9999832196794289, -0.001502671775169498, 0.09252844641684049], [-0.002518205907901442, 0.0015167797163775996, -0.9999956789998135, 0.0018188856038564543], [0.0, 0.0, 0.0, 1.0]]}, "mean_rme": {"type": "float", "data": 0.001965488765325764}, "max_rme": {"type": "float", "data": 0.007522684987308653}, "simu": {"type": "float", "data": 0.002}}, {"type": "dict", "image_number": {"type": "int", "data": 21}, "Hcamera2end": {"type": "ndarray", "data": [[0.9999843418703502, -0.004520919567257478, -0.0032980752551974215, -0.013356263427414798], [0.0033350375920219812, 0.008192834959665607, 0.9999608767244765, 0.02700120936047473], [-0.004493722107825239, -0.9999562184123814, 0.008207784111900929, 0.028382397714509098], [0.0, 0.0, 0.0, 1.0]]}, "Hobj2base": {"type": "ndarray", "data": [[0.9999837113840558, -0.005100225263952686, -0.002562160968053723, -0.7344666021855331], [-0.005104599742567753, -0.9999855201098984, -0.0017037112445534906, 0.09250868758728008], [-0.00255343455711253, 0.0017167622996732926, -0.9999952663383811, 0.002215190458261616], [0.0, 0.0, 0.0, 1.0]]}, "mean_rme": {"type": "float", "data": 0.0020342268955647275}, "max_rme": {"type": "float", "data": 0.00791793659248971}, "simu": {"type": "float", "data": 0.002}}, {"type": "dict", "image_number": {"type": "int", "data": 22}, "Hcamera2end": {"type": "ndarray", "data": [[0.9999891998193133, -0.0034738077533901174, -0.0030875401895338523, -0.013305543277901564], [0.0031050863914938755, 0.005056995577750079, 0.9999823924621014, 0.027364213841393148], [-0.0034581329111038482, -0.9999811795506051, 0.0050677274344658185, 0.028628216798697103], [0.0, 0.0, 0.0, 1.0]]}, "Hobj2base": {"type": "ndarray", "data": [[0.9999919513059311, -0.004011143492925604, -8.972867656671298e-05, -0.7330757935493645], [-0.004011239142788591, -0.9999913581687956, -0.0010924963461119146, 0.09266259127964224], [-8.534574153688412e-05, 0.0010928474761227284, -0.9999993992000684, 0.0012693630288669725], [0.0, 0.0, 0.0, 1.0]]}, "mean_rme": {"type": "float", "data": 0.0020888574359547714}, "max_rme": {"type": "float", "data": 0.008107888976711969}, "simu": {"type": "float", "data": 0.002}}, {"type": "dict", "image_number": {"type": "int", "data": 23}, "Hcamera2end": {"type": "ndarray", "data": [[0.9999881690421892, -0.003906831699957236, -0.0028980065075977146, -0.013898066223405692], [0.0029175690566323018, 0.005010901607279128, 0.9999831891866394, 0.027578240860026224], [-0.0038922443974718684, -0.9999798135618293, 0.005022240774790854, 0.02950347609678942], [0.0, 0.0, 0.0, 1.0]]}, "Hobj2base": {"type": "ndarray", "data": [[0.9999899020202191, -0.0044938444669663695, 3.492133097027434e-05, -0.7339629396285645], [-0.004493823384285137, -0.9999897333559482, -0.0005820086684992118, 0.09241473241626064], [3.7536428880061105e-05, 0.0005818458610937204, -0.9999998300231907, 0.0009944275646608742], [0.0, 0.0, 0.0, 1.0]]}, "mean_rme": {"type": "float", "data": 0.0021621915855833036}, "max_rme": {"type": "float", "data": 0.008243776942478437}, "simu": {"type": "float", "data": 0.002}}, {"type": "dict", "image_number": {"type": "int", "data": 24}, "Hcamera2end": {"type": "ndarray", "data": [[0.9999914525160861, -0.0033124560968701543, -0.0024743745421060503, -0.014038187379346609], [0.0024911230419667023, 0.005061676865001141, 0.999984086740036, 0.02763274089592791], [-0.00329987890052004, -0.9999817033635767, 0.005069885336107971, 0.029521095857504457], [0.0, 0.0, 0.0, 1.0]]}, "Hobj2base": {"type": "ndarray", "data": [[0.9999916677274855, -0.004075401018813541, -0.0002357586436740123, -0.7339721752847671], [-0.004075385747631689, -0.999991693454257, 6.521882413651853e-05, 0.09233162920228936], [-0.00023602247819638617, -6.42574732991927e-05, -0.9999999700821829, 0.0009917326080223314], [0.0, 0.0, 0.0, 1.0]]}, "mean_rme": {"type": "float", "data": 0.002137646487044443}, "max_rme": {"type": "float", "data": 0.00818055971614659}, "simu": {"type": "float", "data": 0.002}}, {"type": "dict", "image_number": {"type": "int", "data": 25}, "Hcamera2end": {"type": "ndarray", "data": [[0.9999921693153431, -0.002828582265889659, -0.002767748247091978, -0.013730945725194536], [0.002785274292117939, 0.006211011209140027, 0.9999768325250731, 0.0278851377585723], [-0.0028113262193941685, -0.999976710959873, 0.006218840950138249, 0.029383696922402003], [0.0, 0.0, 0.0, 1.0]]}, "Hobj2base": {"type": "ndarray", "data": [[0.9999913686876142, -0.0039056704899876975, -0.0014171408877422151, -0.7344873064725822], [-0.0039060952244280504, -0.9999923270558098, -0.0002970683490956631, 0.09243700216593381], [-0.0014159697630147013, 0.0003026012722598938, -0.9999989517305006, 0.0008988302471295672], [0.0, 0.0, 0.0, 1.0]]}, "mean_rme": {"type": "float", "data": 0.002116883868967171}, "max_rme": {"type": "float", "data": 0.008334588876347887}, "simu": {"type": "float", "data": 0.002}}, {"type": "dict", "image_number": {"type": "int", "data": 26}, "Hcamera2end": {"type": "ndarray", "data": [[0.9999919121701145, -0.0027200700125866225, -0.0029625687307958475, -0.013566555502307408], [0.002979240629366461, 0.006145760981364323, 0.9999766766016258, 0.02762847085575735], [-0.0027017993319997775, -0.9999774151655061, 0.006153815018591247, 0.02950716797470049], [0.0, 0.0, 0.0, 1.0]]}, "Hobj2base": {"type": "ndarray", "data": [[0.9999911913972676, -0.003969489840556472, -0.00136392018797009, -0.7345733315903422], [-0.003970317463576802, -0.9999919354705655, -0.0006046263894359283, 0.09238739930960589], [-0.0013615091302853894, 0.0006100362596634848, -0.9999988870737058, 0.0010884141221826433], [0.0, 0.0, 0.0, 1.0]]}, "mean_rme": {"type": "float", "data": 0.0020963329970696385}, "max_rme": {"type": "float", "data": 0.008541046679026082}, "simu": {"type": "float", "data": 0.002}}, {"type": "dict", "image_number": {"type": "int", "data": 27}, "Hcamera2end": {"type": "ndarray", "data": [[0.9999921555902909, -0.002396169859271148, -0.0031539067660512348, -0.013712730215584869], [0.003168795033797967, 0.0062351814895039714, 0.9999755403257753, 0.027607392723358836], [-0.0023764460686497, -0.9999776901920352, 0.006242725549335915, 0.02951032949270819], [0.0, 0.0, 0.0, 1.0]]}, "Hobj2base": {"type": "ndarray", "data": [[0.9999922300557258, -0.0035473309713473502, -0.0017193810386558345, -0.7347813496464658], [-0.003548647458220449, -0.9999934122690024, -0.0007632298558563799, 0.09205525491547827], [-0.0017166622829301345, 0.00076932540275547, -0.9999982306029493, 0.0011702566686426917], [0.0, 0.0, 0.0, 1.0]]}, "mean_rme": {"type": "float", "data": 0.002090512204331724}, "max_rme": {"type": "float", "data": 0.008641827781282724}, "simu": {"type": "float", "data": 0.002}}, {"type": "dict", "image_number": {"type": "int", "data": 28}, "Hcamera2end": {"type": "ndarray", "data": [[0.9999916134068778, -0.0029488664700698334, -0.0028420595439295, -0.013837471666101823], [0.0028609415282032334, 0.006418795372077124, 0.9999753067348932, 0.02748811040467802], [-0.0029305510542805813, -0.9999750513150382, 0.006427178074797313, 0.029578788105794517], [0.0, 0.0, 0.0, 1.0]]}, "Hobj2base": {"type": "ndarray", "data": [[0.9999901693975879, -0.004123732179853777, -0.0016297058300218943, -0.7347170616934778], [-0.004124776256549777, -0.9999912896700975, -0.0006378124868615323, 0.09220093789374748], [-0.0016270614668696876, 0.0006445283886933954, -0.9999984686258971, 0.0013853218285521662], [0.0, 0.0, 0.0, 1.0]]}, "mean_rme": {"type": "float", "data": 0.002121838995407788}, "max_rme": {"type": "float", "data": 0.008862785747427465}, "simu": {"type": "float", "data": 0.002}}, {"type": "dict", "image_number": {"type": "int", "data": 29}, "Hcamera2end": {"type": "ndarray", "data": [[0.9999913959708987, -0.0032699885351222947, -0.002552480980048094, -0.013777720575062153], [0.0025715346796834977, 0.005835947272229136, 0.9999796642576424, 0.02737776139057959], [-0.003255025893065003, -0.9999776241968699, 0.005844305948489281, 0.02948268311698855], [0.0, 0.0, 0.0, 1.0]]}, "Hobj2base": {"type": "ndarray", "data": [[0.9999900959945878, -0.00434147926214617, -0.0009795256767694373, -0.7341826952463354], [-0.004341948871235658, -0.9999904595438118, -0.0004778089111488442, 0.09245248251998191], [-0.0009774419341686115, 0.0004820572293333975, -0.99999940611387, 0.0014139429189517418], [0.0, 0.0, 0.0, 1.0]]}, "mean_rme": {"type": "float", "data": 0.002145037580144052}, "max_rme": {"type": "float", "data": 0.008626618015670579}, "simu": {"type": "float", "data": 0.002}}, {"type": "dict", "image_number": {"type": "int", "data": 30}, "Hcamera2end": {"type": "ndarray", "data": [[0.9999921125212097, -0.0030731659685973665, -0.00251605768969514, -0.0137533478434421], [0.002532639362740779, 0.005403711144297607, 0.9999821926633129, 0.027438658513756205], [-0.0030595151947187676, -0.9999806775917214, 0.005411451743740914, 0.029618447844075278], [0.0, 0.0, 0.0, 1.0]]}, "Hobj2base": {"type": "ndarray", "data": [[0.9999911795628078, -0.004097289470780279, -0.0009235884240283404, -0.7342081506189665], [-0.004097819148263726, -0.9999914401167784, -0.0005723385359397373, 0.09247802058794545], [-0.0009212354815622582, 0.0005761181859927263, -0.9999994097063374, 0.0013086737880295427], [0.0, 0.0, 0.0, 1.0]]}, "mean_rme": {"type": "float", "data": 0.0021426367186220003}, "max_rme": {"type": "float", "data": 0.008416130003945338}, "simu": {"type": "float", "data": 0.002}}]}