{"type": "list", "data": [{"type": "dict", "image_number": {"type": "int", "data": 5}, "Hcamera2end": {"type": "ndarray", "data": [[0.9998932258844593, 0.006878402862969755, -0.012892804366175317, -0.015544152580583035], [0.012978020562685199, -0.012491607529182769, 0.9998377521996313, 0.02650774235180452], [0.006716235005142391, -0.9998983184881309, -0.012579541802631322, 0.024227287999111006], [0.0, 0.0, 0.0, 1.0]]}, "Hobj2base": {"type": "ndarray", "data": [[0.999872263304653, 0.0065388512071086384, 0.014584255172002864, -0.7190856318381286], [0.006678040376730149, -0.9999324262476859, -0.009515603771846348, 0.08277676366441619], [0.014521048541946281, 0.00961178252496947, -0.999848364896365, 0.0006983079610050735], [0.0, 0.0, 0.0, 1.0]]}, "mean_rme": {"type": "float", "data": 0.0010163546260766672}, "max_rme": {"type": "float", "data": 0.0034565155631553213}, "simu": {"type": "float", "data": 0.002}}, {"type": "dict", "image_number": {"type": "int", "data": 6}, "Hcamera2end": {"type": "ndarray", "data": [[0.9998695109769774, 0.007876206958605324, -0.01410412643893067, -0.015040788414555658], [0.014133666154986142, -0.003707516511411324, 0.9998932412024482, 0.027305934223288253], [0.007823074822569788, -0.9999621091247723, -0.0038183524009245406, 0.02488336996706644], [0.0, 0.0, 0.0, 1.0]]}, "Hobj2base": {"type": "ndarray", "data": [[0.9999593206499929, 0.006357547083962264, 0.006398331054260638, -0.7238734630405977], [0.006423431815806419, -0.9999260141252686, -0.010329849914723315, 0.08290514086271268], [0.006332185160937651, 0.010370528946405113, -0.9999261750551685, 0.0015911837865336491], [0.0, 0.0, 0.0, 1.0]]}, "mean_rme": {"type": "float", "data": 0.0011047756768143239}, "max_rme": {"type": "float", "data": 0.004118080846878841}, "simu": {"type": "float", "data": 0.002}}, {"type": "dict", "image_number": {"type": "int", "data": 7}, "Hcamera2end": {"type": "ndarray", "data": [[0.9999547223057925, 0.007733195584961576, -0.005545360618575203, -0.01445897865289907], [0.0054758733803688415, 0.008977987778147511, 0.999944703744251, 0.026848533576731302], [0.007782554148059741, -0.9999297942463263, 0.008935235275713493, 0.025467462301556908], [0.0, 0.0, 0.0, 1.0]]}, "Hobj2base": {"type": "ndarray", "data": [[0.9999756061799377, 0.004305379325023415, -0.005500068539009812, -0.7307869787864824], [0.004291619978054387, -0.9999876382972226, -0.002511025827593744, 0.08830591978849138], [-0.005510811467479999, 0.0024873603700588513, -0.9999817218306337, 0.0037984284574933574], [0.0, 0.0, 0.0, 1.0]]}, "mean_rme": {"type": "float", "data": 0.0013048637930670234}, "max_rme": {"type": "float", "data": 0.004818046053111424}, "simu": {"type": "float", "data": 0.002}}, {"type": "dict", "image_number": {"type": "int", "data": 8}, "Hcamera2end": {"type": "ndarray", "data": [[0.9999697730741967, 0.007754755327141793, 0.0005627679412909012, -0.014027927498288434], [-0.0006882151914840789, 0.016183654784115098, 0.9998687992320185, 0.027265282214719005], [0.007744630255201945, -0.9998389635774576, 0.016188502542405114, 0.025952025849577478], [0.0, 0.0, 0.0, 1.0]]}, "Hobj2base": {"type": "ndarray", "data": [[0.9999252898747247, 0.0024493567814766223, -0.011975613566946788, -0.7344782306649933], [0.002492434665260623, -0.9999904729842604, 0.003583533194238539, 0.09247870967999744], [-0.011966722123756893, -0.003613113902416693, -0.9999218684324993, 0.004397807646619151], [0.0, 0.0, 0.0, 1.0]]}, "mean_rme": {"type": "float", "data": 0.0015433803561413395}, "max_rme": {"type": "float", "data": 0.005614254671436308}, "simu": {"type": "float", "data": 0.002}}, {"type": "dict", "image_number": {"type": "int", "data": 9}, "Hcamera2end": {"type": "ndarray", "data": [[0.9999591993109674, 0.007959458343997335, -0.004271619861257256, -0.014437566327218892], [0.004172144574342285, 0.012472714904370519, 0.9999135085558976, 0.02794829353881819], [0.008012048615660197, -0.9998905332114033, 0.012438997998063694, 0.02580063287869739], [0.0, 0.0, 0.0, 1.0]]}, "Hobj2base": {"type": "ndarray", "data": [[0.9999622112442184, 0.0032864269585143675, -0.008048321652347179, -0.7325478417432426], [0.0032813920557900364, -0.9999944122426276, -0.0006387093996655783, 0.08954109099942559], [-0.008050375752068252, 0.0006122755648996039, -0.9999674077533138, 0.003244021998200656], [0.0, 0.0, 0.0, 1.0]]}, "mean_rme": {"type": "float", "data": 0.0017420824890276286}, "max_rme": {"type": "float", "data": 0.005325595632614755}, "simu": {"type": "float", "data": 0.002}}, {"type": "dict", "image_number": {"type": "int", "data": 10}, "Hcamera2end": {"type": "ndarray", "data": [[0.9999637518358677, 0.006327383947345263, 0.005697299949805533, -0.015302829911680466], [-0.005769892332271717, 0.01151435826052416, 0.9999170605086816, 0.025911022075992156], [0.006261258404599565, -0.9999136881582487, 0.011550449210297131, 0.025363729008545666], [0.0, 0.0, 0.0, 1.0]]}, "Hobj2base": {"type": "ndarray", "data": [[0.9999696588767542, 0.0022125764665458154, -0.007468991316615943, -0.7318574414623727], [0.0022718974405963083, -0.9999658715922606, 0.007943181525739423, 0.09364535943210033], [-0.0074511615153215315, -0.007959909302945841, -0.9999405582513203, 0.004345116050724629], [0.0, 0.0, 0.0, 1.0]]}, "mean_rme": {"type": "float", "data": 0.0022714219640007265}, "max_rme": {"type": "float", "data": 0.01038813606723174}, "simu": {"type": "float", "data": 0.002}}, {"type": "dict", "image_number": {"type": "int", "data": 11}, "Hcamera2end": {"type": "ndarray", "data": [[0.9999982851898912, 0.0018467912810584703, 0.00013776516685946373, -0.018227326431119597], [-0.0001452865573494562, 0.004073165005408885, 0.9999916940748333, 0.026080709356695472], [0.001846214801491675, -0.9999899992943945, 0.004073426334651797, 0.02734677603061482], [0.0, 0.0, 0.0, 1.0]]}, "Hobj2base": {"type": "ndarray", "data": [[0.999999040469004, 0.001375412506867411, 0.00016523167716589918, -0.7300825888617264], [0.0013751881385456117, -0.999998142601747, 0.0013504260955484982, 0.08802586242828142], [0.0001670887632062882, -0.0013501975751302514, -0.9999990745234983, 0.003790786967995861], [0.0, 0.0, 0.0, 1.0]]}, "mean_rme": {"type": "float", "data": 0.0024287167277976685}, "max_rme": {"type": "float", "data": 0.010435052605581724}, "simu": {"type": "float", "data": 0.002}}, {"type": "dict", "image_number": {"type": "int", "data": 12}, "Hcamera2end": {"type": "ndarray", "data": [[0.9999975677393104, 0.0020574516889731876, 0.000794611861748514, -0.018203883182166952], [-0.000801748573228464, 0.0034702157903497843, 0.9999936573806825, 0.0259920969007555], [0.0020546811647105213, -0.9999918622143462, 0.003471856908836446, 0.02735514498062334], [0.0, 0.0, 0.0, 1.0]]}, "Hobj2base": {"type": "ndarray", "data": [[0.9999981858786893, 0.0018303056422934957, 0.000527466194468391, -0.7297555309198852], [0.001829619763357146, -0.9999974839835901, 0.0012978898300999165, 0.08833717625307864], [0.0005298404024338973, -0.0012969224129964145, -0.9999990186302197, 0.0036041445335778153], [0.0, 0.0, 0.0, 1.0]]}, "mean_rme": {"type": "float", "data": 0.0022620716610430988}, "max_rme": {"type": "float", "data": 0.01044680503385273}, "simu": {"type": "float", "data": 0.002}}, {"type": "dict", "image_number": {"type": "int", "data": 13}, "Hcamera2end": {"type": "ndarray", "data": [[0.9999998322193624, 0.0005056693566315658, -0.00028259467241111545, -0.018001669780030326], [0.00028112466146000884, 0.002904773058167054, 0.9999957416221356, 0.026045159214439596], [0.0005064880766911722, -0.999995653286544, 0.002904630414675702, 0.027394840598247545], [0.0, 0.0, 0.0, 1.0]]}, "Hobj2base": {"type": "ndarray", "data": [[0.9999990691528302, 0.0007722012199305315, 0.0011248994394805238, -0.729638294665979], [0.0007723796197310467, -0.9999996892065743, -0.00015816598528765256, 0.088173215040221], [0.0011247769539023823, 0.00015903468746059443, -0.9999993547921784, 0.0034882133610323073], [0.0, 0.0, 0.0, 1.0]]}, "mean_rme": {"type": "float", "data": 0.002248233158360468}, "max_rme": {"type": "float", "data": 0.010443191690832326}, "simu": {"type": "float", "data": 0.002}}, {"type": "dict", "image_number": {"type": "int", "data": 14}, "Hcamera2end": {"type": "ndarray", "data": [[0.9999951888770108, -0.002529681983997233, 0.0017952525981887403, -0.01678662663142261], [-0.0017783927307029935, 0.0066513785173933915, 0.9999762979606633, 0.027715327698101897], [-0.0025415629299402266, -0.999974679615878, 0.006646847748741913, 0.02738200130505015], [0.0, 0.0, 0.0, 1.0]]}, "Hobj2base": {"type": "ndarray", "data": [[0.9999958154986702, -0.002431363450917783, -0.0015676277999391711, -0.732112489300501], [-0.0024291030037887004, -0.9999960096800926, 0.0014422491078174542, 0.09012200685339357], [-0.0015711281763706197, -0.0014384351433264896, -0.9999977312277222, 0.0020381015192405855], [0.0, 0.0, 0.0, 1.0]]}, "mean_rme": {"type": "float", "data": 0.002436661421544184}, "max_rme": {"type": "float", "data": 0.009789526915436969}, "simu": {"type": "float", "data": 0.002}}, {"type": "dict", "image_number": {"type": "int", "data": 15}, "Hcamera2end": {"type": "ndarray", "data": [[0.9999968573918391, -0.002199770210745495, 0.0012025878204400707, -0.016483447513831597], [-0.0011887956157753993, 0.006260437540014707, 0.9999796966372825, 0.028167835272603588], [-0.0022072542739492583, -0.9999779837240554, 0.006257802788730338, 0.027645329221168607], [0.0, 0.0, 0.0, 1.0]]}, "Hobj2base": {"type": "ndarray", "data": [[0.9999967541545103, -0.00230182111621728, -0.001092382713563141, -0.7320091619758702], [-0.002300756409819853, -0.9999968780185424, 0.0009749221048418361, 0.09015128406879519], [-0.0010946233994521568, -0.0009724056338651124, -0.9999989281128736, 0.0015737778260331182], [0.0, 0.0, 0.0, 1.0]]}, "mean_rme": {"type": "float", "data": 0.0023933909389480127}, "max_rme": {"type": "float", "data": 0.01023329540934012}, "simu": {"type": "float", "data": 0.002}}, {"type": "dict", "image_number": {"type": "int", "data": 16}, "Hcamera2end": {"type": "ndarray", "data": [[0.9999968595651639, -0.002294964526478588, 0.0010069744942109251, -0.016471668587693288], [-0.000991222380351731, 0.006854604903708372, 0.9999760156472788, 0.028691277124868256], [-0.00230181189554583, -0.9999738734234191, 0.006852308557067643, 0.027405656478740888], [0.0, 0.0, 0.0, 1.0]]}, "Hobj2base": {"type": "ndarray", "data": [[0.9999965275263049, -0.0021968724594221846, -0.0014555709289316866, -0.7318871804171285], [-0.0021953543032384062, -0.9999970454720897, 0.0010437751556121831, 0.09015139681817567], [-0.0014578596692999446, -0.0010405760372279127, -0.9999983959220615, 0.0011419957872897402], [0.0, 0.0, 0.0, 1.0]]}, "mean_rme": {"type": "float", "data": 0.0023946421387617965}, "max_rme": {"type": "float", "data": 0.010479005323756313}, "simu": {"type": "float", "data": 0.002}}, {"type": "dict", "image_number": {"type": "int", "data": 17}, "Hcamera2end": {"type": "ndarray", "data": [[0.9999960780695414, -0.0024524030179743127, 0.0013526141257061346, -0.016515858108931854], [-0.001336152596682693, 0.006701666443158949, 0.9999766509089715, 0.028124236659394106], [-0.0024614105252897954, -0.9999745363689628, 0.006698363375028604, 0.02747079076007483], [0.0, 0.0, 0.0, 1.0]]}, "Hobj2base": {"type": "ndarray", "data": [[0.9999958357667532, -0.002460225259850303, -0.001508555873506242, -0.7319463995406369], [-0.0024585052265230834, -0.9999963269497056, 0.001140981660364195, 0.09022277273723675], [-0.0015113574044064999, -0.001137268116550914, -0.999998211208414, 0.0017462978342150022], [0.0, 0.0, 0.0, 1.0]]}, "mean_rme": {"type": "float", "data": 0.002416461574729431}, "max_rme": {"type": "float", "data": 0.010108334736838337}, "simu": {"type": "float", "data": 0.002}}, {"type": "dict", "image_number": {"type": "int", "data": 18}, "Hcamera2end": {"type": "ndarray", "data": [[0.9999958084131682, -0.0025355979642112465, 0.0013978193939551409, -0.01638269223411842], [-0.001382964098560271, 0.005851017670395087, 0.9999819263379326, 0.028265896492997312], [-0.002543730802644555, -0.9999796679608961, 0.005847486504393595, 0.02786325405033316], [0.0, 0.0, 0.0, 1.0]]}, "Hobj2base": {"type": "ndarray", "data": [[0.9999956831708077, -0.0027631481613512618, -0.00099932576679027, -0.7319156758695077], [-0.0027619942301548056, -0.9999955195347132, 0.0011542522995925419, 0.09045114345883183], [-0.0010025106594652165, -0.0011514871848806, -0.9999988345241411, 0.0016256961839828759], [0.0, 0.0, 0.0, 1.0]]}, "mean_rme": {"type": "float", "data": 0.0023929768844672718}, "max_rme": {"type": "float", "data": 0.010366083984501256}, "simu": {"type": "float", "data": 0.002}}, {"type": "dict", "image_number": {"type": "int", "data": 19}, "Hcamera2end": {"type": "ndarray", "data": [[0.9999963928916333, -0.002385355780900952, 0.0012346179654659057, -0.016279840058176048], [-0.0012221211435396479, 0.005233349839292689, 0.9999855591304156, 0.028456807850487712], [-0.0023917825220203665, -0.9999834609268585, 0.00523041576829808, 0.02805993555773267], [0.0, 0.0, 0.0, 1.0]]}, "Hobj2base": {"type": "ndarray", "data": [[0.9999958306938801, -0.0028181728096828194, -0.0006296799754723155, -0.7319907059177956], [-0.0028173492941993617, -0.9999951798602646, 0.0013049134804626198, 0.09050376564440599], [-0.0006333544120164735, -0.0013031340114443915, -0.9999989503514177, 0.0013558970036674793], [0.0, 0.0, 0.0, 1.0]]}, "mean_rme": {"type": "float", "data": 0.0023727227605313777}, "max_rme": {"type": "float", "data": 0.010635959475741835}, "simu": {"type": "float", "data": 0.002}}, {"type": "dict", "image_number": {"type": "int", "data": 20}, "Hcamera2end": {"type": "ndarray", "data": [[0.9999988239069425, -0.00153363606926183, -1.204736120380889e-05, -0.015612979548666044], [2.034592829794823e-05, 0.005411140042638318, 0.9999853594675682, 0.02832815291229047], [-0.0015335484260546016, -0.999984183636844, 0.0054111648818835345, 0.028121182079252727], [0.0, 0.0, 0.0, 1.0]]}, "Hobj2base": {"type": "ndarray", "data": [[0.9999972096831808, -0.0021676562546708565, -0.0009390911638085987, -0.7321031352564195], [-0.0021676538887706143, -0.999997650629294, 3.5371573794362676e-06, 0.0903565353905427], [-0.0009390966248766453, -1.501522896506709e-06, -0.9999995590475403, 0.0016037302403688225], [0.0, 0.0, 0.0, 1.0]]}, "mean_rme": {"type": "float", "data": 0.0023545689164323896}, "max_rme": {"type": "float", "data": 0.010700152813437752}, "simu": {"type": "float", "data": 0.002}}, {"type": "dict", "image_number": {"type": "int", "data": 21}, "Hcamera2end": {"type": "ndarray", "data": [[0.99999665458597, -0.002586194599510247, -4.913615473341464e-05, -0.01571581861256793], [6.25154963955273e-05, 0.005173543476968079, 0.9999866151802759, 0.028617907725324843], [-0.0025859057757289554, -0.9999832728827946, 0.005173687846562358, 0.027916615776599117], [0.0, 0.0, 0.0, 1.0]]}, "Hobj2base": {"type": "ndarray", "data": [[0.9999951063262227, -0.0030585516391302228, -0.0006577123059977843, -0.7318154946553639], [-0.0030587033374971863, -0.9999952957602667, -0.00022976342303170235, 0.09027152814396354], [-0.0006570064686672953, 0.00023177404546993247, -0.9999997573116168, 0.0012623144524686364], [0.0, 0.0, 0.0, 1.0]]}, "mean_rme": {"type": "float", "data": 0.002339988696144976}, "max_rme": {"type": "float", "data": 0.010658169050595329}, "simu": {"type": "float", "data": 0.002}}, {"type": "dict", "image_number": {"type": "int", "data": 22}, "Hcamera2end": {"type": "ndarray", "data": [[0.9999978911948783, -0.0019813014769888265, -0.0005404167407977126, -0.015572469224029974], [0.0005493361853478418, 0.004504033997029588, 0.9999897059007704, 0.02888823924441159], [-0.0019788470259017015, -0.9999878939878278, 0.004505112899495067, 0.02819328589573103], [0.0, 0.0, 0.0, 1.0]]}, "Hobj2base": {"type": "ndarray", "data": [[0.9999961406190142, -0.0027746840830503395, -0.0001409798423238614, -0.7318706520440922], [-0.002774727169187987, -0.9999961035123459, -0.0003063482688802071, 0.09012794773576506], [-0.00014012927333211442, 0.00030673826716432704, -0.9999999431377093, 0.0008199844402172877], [0.0, 0.0, 0.0, 1.0]]}, "mean_rme": {"type": "float", "data": 0.002346532176113244}, "max_rme": {"type": "float", "data": 0.011029517281989948}, "simu": {"type": "float", "data": 0.002}}, {"type": "dict", "image_number": {"type": "int", "data": 23}, "Hcamera2end": {"type": "ndarray", "data": [[0.9999990331983921, -0.001312696901316775, -0.0004587255457814075, -0.015062626707337948], [0.00046629146034351317, 0.005769151724306032, 0.99998324959004, 0.028741392234324238], [-0.0013100284558320964, -0.9999824967044311, 0.005769758246035983, 0.028386107805460872], [0.0, 0.0, 0.0, 1.0]]}, "Hobj2base": {"type": "ndarray", "data": [[0.9999960069245201, -0.002401574846414168, -0.0014894875871247863, -0.7327868456230925], [-0.002402170548478341, -0.9999970354714074, -0.0003982776078732852, 0.09068988488357707], [-0.0014885266780112875, 0.00040185402073485024, -0.9999988114001312, 0.0011028757562359538], [0.0, 0.0, 0.0, 1.0]]}, "mean_rme": {"type": "float", "data": 0.0023757800766910676}, "max_rme": {"type": "float", "data": 0.01100862602189015}, "simu": {"type": "float", "data": 0.002}}, {"type": "dict", "image_number": {"type": "int", "data": 24}, "Hcamera2end": {"type": "ndarray", "data": [[0.9999999126470793, 0.00015010665416966625, -0.00039009463735707435, -0.015321983915480123], [0.00038928939760636517, 0.005327599055919063, 0.9999857324692509, 0.028857769679736283], [0.0001521827803400649, -0.999985796977283, 0.005327540155608657, 0.02891161982693339], [0.0, 0.0, 0.0, 1.0]]}, "Hobj2base": {"type": "ndarray", "data": [[0.9999982643418214, -0.0011427461808855989, -0.0014715449401122536, -0.7329515704877198], [-0.001142735692346215, -0.9999993470456079, 7.968344341547355e-06, 0.09007812064084049], [-0.0014715530850555867, -6.286743585267583e-06, -0.9999989172454107, 0.001104172402266665], [0.0, 0.0, 0.0, 1.0]]}, "mean_rme": {"type": "float", "data": 0.0023580102858307543}, "max_rme": {"type": "float", "data": 0.011039304628529284}, "simu": {"type": "float", "data": 0.002}}, {"type": "dict", "image_number": {"type": "int", "data": 25}, "Hcamera2end": {"type": "ndarray", "data": [[0.9999998799634925, 0.0004789036606651218, -0.00010355812130960617, -0.015366175310761157], [0.00010095192050147569, 0.005438840679626078, 0.9999852043009292, 0.02944459666499922], [0.0004794598110735591, -0.9999850947205888, 0.0054387916805223036, 0.02914773286934622], [0.0, 0.0, 0.0, 1.0]]}, "Hobj2base": {"type": "ndarray", "data": [[0.9999976939697405, -0.0009928325628757568, -0.0019042948047664186, -0.7331994511661302], [-0.0009926075293219799, -0.9999995002710607, 0.00011911306434476027, 0.08979281095789693], [-0.0019044121124641405, -0.0001172225723051697, -0.9999981797350308, 0.0006141064984431033], [0.0, 0.0, 0.0, 1.0]]}, "mean_rme": {"type": "float", "data": 0.0023518546325727854}, "max_rme": {"type": "float", "data": 0.01098219094686717}, "simu": {"type": "float", "data": 0.002}}, {"type": "dict", "image_number": {"type": "int", "data": 26}, "Hcamera2end": {"type": "ndarray", "data": [[0.9999991269123257, 0.0012996182445072831, 0.00023909622479685176, -0.015472626063473507], [-0.0002456144169396562, 0.005017623264841009, 0.9999873814855517, 0.029578991829617464], [0.001298402150475611, -0.9999865671343743, 0.005017938088993312, 0.029301673190105276], [0.0, 0.0, 0.0, 1.0]]}, "Hobj2base": {"type": "ndarray", "data": [[0.9999981946407747, -0.00022372285746409532, -0.0018869719855869722, -0.7334446780243963], [-0.0002225495622157704, -0.9999997818097623, 0.0006219743721959103, 0.08973137049747847], [-0.0018871107237519238, -0.0006215533045194337, -0.9999980262403549, 0.000583157975774462], [0.0, 0.0, 0.0, 1.0]]}, "mean_rme": {"type": "float", "data": 0.002359443294671755}, "max_rme": {"type": "float", "data": 0.011137297309753075}, "simu": {"type": "float", "data": 0.002}}, {"type": "dict", "image_number": {"type": "int", "data": 27}, "Hcamera2end": {"type": "ndarray", "data": [[0.999997804123222, 0.0020799661618422635, 0.00025590916310082984, -0.015441098487229514], [-0.000265811643438334, 0.004762004051949598, 0.9999886262661086, 0.0295196167134401], [0.002078723864389019, -0.9999864984379412, 0.004762546474399221, 0.02937121561860621], [0.0, 0.0, 0.0, 1.0]]}, "Hobj2base": {"type": "ndarray", "data": [[0.9999977020136838, 0.00038711114526572543, -0.002108580639416141, -0.733675908159339], [0.00038890187013261546, -0.999999564051568, 0.0008489122506154176, 0.089622665701601], [-0.002108251096790151, -0.0008497303307806764, -0.9999974166145018, 0.0006890700862805911], [0.0, 0.0, 0.0, 1.0]]}, "mean_rme": {"type": "float", "data": 0.002345262568871453}, "max_rme": {"type": "float", "data": 0.011180452181123263}, "simu": {"type": "float", "data": 0.002}}, {"type": "dict", "image_number": {"type": "int", "data": 28}, "Hcamera2end": {"type": "ndarray", "data": [[0.9999968019239447, 0.002256172819103004, 0.0011427274798799887, -0.015832375176349382], [-0.0011535650832903538, 0.0048080905732692525, 0.9999877757016021, 0.029477892087850826], [0.0022506509017493994, -0.9999858958751616, 0.004810677838815947, 0.02941237191805855], [0.0, 0.0, 0.0, 1.0]]}, "Hobj2base": {"type": "ndarray", "data": [[0.9999971420584997, 0.0005799068239381803, -0.002319392788717357, -0.7337442402205905], [0.0005837020467870417, -0.9999984914653333, 0.0016359581225583574, 0.08973157185250537], [-0.0023184405865539805, -0.0016373072814038236, -0.9999959720209441, 0.0007113885253770705], [0.0, 0.0, 0.0, 1.0]]}, "mean_rme": {"type": "float", "data": 0.0023201922851125044}, "max_rme": {"type": "float", "data": 0.011156451869146905}, "simu": {"type": "float", "data": 0.002}}, {"type": "dict", "image_number": {"type": "int", "data": 29}, "Hcamera2end": {"type": "ndarray", "data": [[0.9999958491463854, 0.0026143706210518813, 0.0012110971287680819, -0.015353501208745752], [-0.0012242319636567346, 0.005028350503492596, 0.9999866083839888, 0.029380023713028548], [0.0026082457895471945, -0.999983940249777, 0.005031530227624814, 0.0295270529608131], [0.0, 0.0, 0.0, 1.0]]}, "Hobj2base": {"type": "ndarray", "data": [[0.9999967759185396, 0.0005907596718265865, -0.0024696468444323186, -0.7339478381885887], [0.0005945904662285509, -0.9999986208881395, 0.0015507043552278775, 0.09023780545493885], [-0.002468727344917069, -0.0015521677840993663, -0.9999957480711943, 0.0006879374951091687], [0.0, 0.0, 0.0, 1.0]]}, "mean_rme": {"type": "float", "data": 0.0023069733654142778}, "max_rme": {"type": "float", "data": 0.011215151089833869}, "simu": {"type": "float", "data": 0.002}}, {"type": "dict", "image_number": {"type": "int", "data": 30}, "Hcamera2end": {"type": "ndarray", "data": [[0.9999993366911588, 0.0009862770974216027, 0.0005948737089138476, -0.014481043419692483], [-0.0006011338915927491, 0.006359186162732011, 0.9999795994866056, 0.029285729362851568], [0.0009824740642041681, -0.999979293790044, 0.006359774829217346, 0.02869632790192819], [0.0, 0.0, 0.0, 1.0]]}, "Hobj2base": {"type": "ndarray", "data": [[0.9999948704701093, -0.0011266367256150625, -0.002998286703754914, -0.7336161430786768], [-0.0011241241268226145, -0.9999990157374241, 0.0008395648458965828, 0.09114174654741176], [-0.002999229637242442, -0.0008361900929007882, -0.9999951526921076, 0.0005499998036640438], [0.0, 0.0, 0.0, 1.0]]}, "mean_rme": {"type": "float", "data": 0.0023565247975192677}, "max_rme": {"type": "float", "data": 0.011096202734410504}, "simu": {"type": "float", "data": 0.002}}]}