{"type": "list", "data": [{"type": "dict", "image_number": {"type": "int", "data": 5}, "Hcamera2end": {"type": "ndarray", "data": [[0.9996910244864237, -0.001607378550193413, 0.024804674871506643, -0.011767303934327329], [-0.024780578968991822, 0.013589838332128013, 0.9996005398158148, 0.028759532187619306], [-0.0019438279878464717, -0.9999063619301074, 0.013545807633753792, 0.031534756335095684], [0.0, 0.0, 0.0, 1.0]]}, "Hobj2base": {"type": "ndarray", "data": [[0.9999513436041206, -0.0058101602624084665, -0.007971979806739566, -0.7392889341626525], [-0.005597733685695822, -0.9996353879800781, 0.0264150804561133, 0.1079203149095949], [-0.008122548977873885, -0.026369170173595566, -0.9996192730547258, 0.0004597707539575113], [0.0, 0.0, 0.0, 1.0]]}, "mean_rme": {"type": "float", "data": 0.0014541224315274223}, "max_rme": {"type": "float", "data": 0.005017426315667234}, "simu": {"type": "float", "data": 0.002}}, {"type": "dict", "image_number": {"type": "int", "data": 6}, "Hcamera2end": {"type": "ndarray", "data": [[0.9999738287713028, -0.002296658189614803, 0.0068605490757892434, -0.012311568101834043], [-0.006852637737102185, 0.0034350436046142185, 0.9999706204841612, 0.028595533865796358], [-0.0023201570001360767, -0.999991462881856, 0.0034192155387230416, 0.0311201785540873], [0.0, 0.0, 0.0, 1.0]]}, "Hobj2base": {"type": "ndarray", "data": [[0.9999989969848253, -0.0013438328751312868, -0.00044737293951930564, -0.7336438028070619], [-0.0013402396893363313, -0.9999675999834274, 0.007937426595563514, 0.09567997173699809], [-0.00045802501943171056, -0.007936819047234712, -0.9999683980589056, 0.00022419845667119112], [0.0, 0.0, 0.0, 1.0]]}, "mean_rme": {"type": "float", "data": 0.0015053188423772156}, "max_rme": {"type": "float", "data": 0.00471515505690151}, "simu": {"type": "float", "data": 0.002}}, {"type": "dict", "image_number": {"type": "int", "data": 7}, "Hcamera2end": {"type": "ndarray", "data": [[0.9999914559207211, -0.0003409943028651113, 0.004119685478519359, -0.014252657607100228], [-0.004121326932758457, -0.004961787487979263, 0.9999791974482457, 0.028957265809648476], [-0.0003205462054517512, -0.9999876321174226, -0.004963150443078046, 0.03016151368438631], [0.0, 0.0, 0.0, 1.0]]}, "Hobj2base": {"type": "ndarray", "data": [[0.9999837417560108, 0.0013989366072404902, 0.005528037628021929, -0.7287981209658573], [0.0013707361607832806, -0.999986046013853, 0.005101848680471094, 0.09138909586958048], [0.005535097652745159, -0.005094188252295551, -0.9999717055697253, -0.0005748840824978714], [0.0, 0.0, 0.0, 1.0]]}, "mean_rme": {"type": "float", "data": 0.0016440464751706371}, "max_rme": {"type": "float", "data": 0.00528012787074883}, "simu": {"type": "float", "data": 0.002}}, {"type": "dict", "image_number": {"type": "int", "data": 8}, "Hcamera2end": {"type": "ndarray", "data": [[0.9999999109824487, 0.0004167428262866019, 6.603416874683551e-05, -0.013170300571658604], [-6.11673221063172e-05, -0.011667524548218733, 0.9999319302479922, 0.028299075178509343], [0.0004174849139906404, -0.9999318452756335, -0.011667498018561373, 0.028561343964036555], [0.0, 0.0, 0.0, 1.0]]}, "Hobj2base": {"type": "ndarray", "data": [[0.9999358230888765, 0.003978549251144235, 0.010607584523694648, -0.7236966513748476], [0.003962631688435553, -0.9999909917420522, 0.0015211787694371023, 0.08954227327472107], [0.010613541052491056, -0.0014790471943110623, -0.9999425809343874, -0.0019606485068914964], [0.0, 0.0, 0.0, 1.0]]}, "mean_rme": {"type": "float", "data": 0.0015732836972075423}, "max_rme": {"type": "float", "data": 0.005454985178798333}, "simu": {"type": "float", "data": 0.002}}, {"type": "dict", "image_number": {"type": "int", "data": 9}, "Hcamera2end": {"type": "ndarray", "data": [[0.9999908697882476, 0.00011091846395525073, 0.004271772142614096, -0.01392365561045369], [-0.004271361644403751, -0.003469386499611149, 0.999984859298889, 0.02903977756207329], [0.000125737213172941, -0.999993975509058, -0.003468881050505024, 0.030287300892214108], [0.0, 0.0, 0.0, 1.0]]}, "Hobj2base": {"type": "ndarray", "data": [[0.999991054871383, 0.001437697881139026, 0.003977838863168091, -0.7300514352356474], [0.0014173634448487245, -0.9999859392078441, 0.005110035955889481, 0.09168936153051083], [0.003985129619468934, -0.005104352202566465, -0.999979031945424, -0.0005414285310825711], [0.0, 0.0, 0.0, 1.0]]}, "mean_rme": {"type": "float", "data": 0.0019348954181461339}, "max_rme": {"type": "float", "data": 0.006264752926881112}, "simu": {"type": "float", "data": 0.002}}, {"type": "dict", "image_number": {"type": "int", "data": 10}, "Hcamera2end": {"type": "ndarray", "data": [[0.9999869477499601, 0.002684829682503927, 0.004346955175122898, -0.015181302491610855], [-0.004339978423754396, -0.0025989649109381396, 0.9999872049024793, 0.03018362513791837], [0.002696092913815879, -0.9999930185111133, -0.002587278885704869, 0.029728071129976875], [0.0, 0.0, 0.0, 1.0]]}, "Hobj2base": {"type": "ndarray", "data": [[0.9999939326618559, 0.0027188031908936356, 0.002177785270596542, -0.7310905537198293], [0.0027076588325616628, -0.9999833087669887, 0.005103995598736297, 0.08977086776229601], [0.002191625680195293, -0.00509806793154576, -0.9999846031215898, -0.0006009216974672161], [0.0, 0.0, 0.0, 1.0]]}, "mean_rme": {"type": "float", "data": 0.0021282147579441933}, "max_rme": {"type": "float", "data": 0.006344606675032061}, "simu": {"type": "float", "data": 0.002}}, {"type": "dict", "image_number": {"type": "int", "data": 11}, "Hcamera2end": {"type": "ndarray", "data": [[0.9999911650824066, 0.0031390466993574994, 0.0027957365666987912, -0.015443470422463332], [-0.0027890701031826016, -0.0021260951669912487, 0.9999938503847414, 0.027542001929730477], [0.0031449713974306586, -0.9999928130267539, -0.002117321361813973, 0.029897261006497748], [0.0, 0.0, 0.0, 1.0]]}, "Hobj2base": {"type": "ndarray", "data": [[0.9999945495043724, 0.0028888920362757976, 0.0015985194243775152, -0.7316077457846656], [0.0028816659871753647, -0.9999857028581443, 0.00450445118103609, 0.09006213177928281], [0.0016115094432632333, -0.004499820230489556, -0.9999885772623647, 0.002245604695396404], [0.0, 0.0, 0.0, 1.0]]}, "mean_rme": {"type": "float", "data": 0.0024470648871606753}, "max_rme": {"type": "float", "data": 0.009214732229054695}, "simu": {"type": "float", "data": 0.002}}, {"type": "dict", "image_number": {"type": "int", "data": 12}, "Hcamera2end": {"type": "ndarray", "data": [[0.999987948366445, 0.0042751048430849465, 0.002413835215726601, -0.01558831499316795], [-0.0024089139114250916, -0.0011559294060237146, 0.9999964304741171, 0.02778432559969215], [0.004277879806094711, -0.9999901936048119, -0.0011456171156567496, 0.029471336445436317], [0.0, 0.0, 0.0, 1.0]]}, "Hobj2base": {"type": "ndarray", "data": [[0.9999912062192259, 0.004191932490065274, 0.00012323236729826217, -0.7324328250338223], [0.00419138332695098, -0.9999825548983488, 0.004161995287877539, 0.08942324286252601], [0.00014067702076784046, -0.00416144217411376, -0.9999913312669297, 0.002418185257221789], [0.0, 0.0, 0.0, 1.0]]}, "mean_rme": {"type": "float", "data": 0.002447641817843248}, "max_rme": {"type": "float", "data": 0.00926966549220018}, "simu": {"type": "float", "data": 0.002}}, {"type": "dict", "image_number": {"type": "int", "data": 13}, "Hcamera2end": {"type": "ndarray", "data": [[0.9999930030006917, 0.0018090111284270848, 0.0032743592343713467, -0.015908985009732052], [-0.0032722806843992975, -0.0011507653803946027, 0.9999939839409846, 0.02794331981697172], [0.0018127682645592657, -0.9999977016062471, -0.001144837736316573, 0.029616582949699693], [0.0, 0.0, 0.0, 1.0]]}, "Hobj2base": {"type": "ndarray", "data": [[0.9999974846736961, 0.0019103111315476719, 0.0011753117295269296, -0.7314324614469856], [0.0019048000526544386, -0.9999872700256949, 0.0046724215689567415, 0.09004622903132711], [0.0011842225467732735, -0.004670171082447578, -0.999988393492155, 0.0021674229665051667], [0.0, 0.0, 0.0, 1.0]]}, "mean_rme": {"type": "float", "data": 0.002583152391895492}, "max_rme": {"type": "float", "data": 0.010738069244786597}, "simu": {"type": "float", "data": 0.002}}, {"type": "dict", "image_number": {"type": "int", "data": 14}, "Hcamera2end": {"type": "ndarray", "data": [[0.99999578566542, 0.0025855779870694157, 0.0013203930748654467, -0.014656344406684745], [-0.0013189197436946501, -0.0005714488259436212, 0.9999989669479411, 0.028640203204428172], [0.002586329853105168, -0.9999964941102105, -0.000568036247811099, 0.029693011038129116], [0.0, 0.0, 0.0, 1.0]]}, "Hobj2base": {"type": "ndarray", "data": [[0.9999970095935592, 0.002347400061279425, 0.0006859423381937711, -0.7319849107134349], [0.0023455331519747556, -0.9999935773907647, 0.002709917241288175, 0.08962469339950632], [0.0006922991925524366, -0.0027083002370396256, -0.9999960929081948, 0.0013393146416277155], [0.0, 0.0, 0.0, 1.0]]}, "mean_rme": {"type": "float", "data": 0.0025506353486760072}, "max_rme": {"type": "float", "data": 0.010851733576849543}, "simu": {"type": "float", "data": 0.002}}, {"type": "dict", "image_number": {"type": "int", "data": 15}, "Hcamera2end": {"type": "ndarray", "data": [[0.9999942151218867, 0.0028504103324330696, 0.00185603978907113, -0.014924960953502979], [-0.0018564761268415907, 0.0001504406953258819, 0.9999982654304893, 0.028321624731651868], [0.0028501261642817945, -0.9999959262559692, 0.00015573154377868104, 0.029380501947589975], [0.0, 0.0, 0.0, 1.0]]}, "Hobj2base": {"type": "ndarray", "data": [[0.9999963208858458, 0.0027125942200200343, -6.88258529618534e-06, -0.73226064056734], [0.0027126019343185833, -0.9999905297816853, 0.003403253985429451, 0.08984914614383516], [2.349126973536057e-06, -0.00340326013418373, -0.9999942088907015, 0.0018234149072372048], [0.0, 0.0, 0.0, 1.0]]}, "mean_rme": {"type": "float", "data": 0.002507200236999927}, "max_rme": {"type": "float", "data": 0.010962644473438032}, "simu": {"type": "float", "data": 0.002}}, {"type": "dict", "image_number": {"type": "int", "data": 16}, "Hcamera2end": {"type": "ndarray", "data": [[0.9999943725595409, 0.0029054274266592317, 0.0016773016182097798, -0.01486007825458188], [-0.0016779842755758664, 0.00023253765880548727, 0.9999985651464748, 0.028468096666620764], [0.0029050332220050368, -0.999995752199831, 0.0002374116117495051, 0.029357933668233974], [0.0, 0.0, 0.0, 1.0]]}, "Hobj2base": {"type": "ndarray", "data": [[0.9999955790445332, 0.0029660823227154543, 0.0002103498127727941, -0.7323546636666354], [0.0029654935459747876, -0.9999918321125107, 0.0027461894130609422, 0.08969945727656643], [0.00021849351853209841, -0.002745553481267669, -0.9999962070911388, 0.0016217958063896552], [0.0, 0.0, 0.0, 1.0]]}, "mean_rme": {"type": "float", "data": 0.0023863711827153463}, "max_rme": {"type": "float", "data": 0.011029157618944962}, "simu": {"type": "float", "data": 0.002}}, {"type": "dict", "image_number": {"type": "int", "data": 17}, "Hcamera2end": {"type": "ndarray", "data": [[0.9999949091976161, 0.0025237047734727324, 0.001952560643845765, -0.01487770724297772], [-0.0019537537699892324, 0.000470388856508297, 0.9999979807882263, 0.028572123790338494], [0.002522781214809819, -0.9999967048188408, 0.0004753171595670569, 0.02927975374016826], [0.0, 0.0, 0.0, 1.0]]}, "Hobj2base": {"type": "ndarray", "data": [[0.9999956590368893, 0.0029374511226918855, 0.0002308425423882623, -0.732288148340484], [0.0029368007186387365, -0.9999918536462118, 0.0027690869890664715, 0.08983624103310124], [0.00023897471954810736, -0.0027683970300176235, -0.9999961394270322, 0.0014919139722027513], [0.0, 0.0, 0.0, 1.0]]}, "mean_rme": {"type": "float", "data": 0.0023282181396664836}, "max_rme": {"type": "float", "data": 0.010869575536668674}, "simu": {"type": "float", "data": 0.002}}, {"type": "dict", "image_number": {"type": "int", "data": 18}, "Hcamera2end": {"type": "ndarray", "data": [[0.9999870938024932, 0.0033874924427535575, 0.0037864394084608823, -0.01496343347540012], [-0.0037924801984608658, 0.0017786203016327828, 0.9999912267633987, 0.028690179389338065], [0.0033807280854780807, -0.9999926806756002, 0.0017914443444194683, 0.030587614815125737], [0.0, 0.0, 0.0, 1.0]]}, "Hobj2base": {"type": "ndarray", "data": [[0.9999938572365225, 0.003382860896084348, -0.0009174646474143418, -0.7346133260498342], [0.0033869500818943608, -0.9999841718276221, 0.004492734508909884, 0.09065936269233116], [-0.0009022518297390719, -0.004495814318067123, -0.9999894867423624, 0.0018734725175819028], [0.0, 0.0, 0.0, 1.0]]}, "mean_rme": {"type": "float", "data": 0.002366803995760261}, "max_rme": {"type": "float", "data": 0.011030875218082603}, "simu": {"type": "float", "data": 0.002}}, {"type": "dict", "image_number": {"type": "int", "data": 19}, "Hcamera2end": {"type": "ndarray", "data": [[0.9999878434649299, 0.003131946554467736, 0.0038083898354569507, -0.014811617213473268], [-0.003814950785613888, 0.0020915481915403378, 0.9999905357435468, 0.0286826501490667], [0.003123951482049317, -0.9999929081433239, 0.002103470987529832, 0.0305011231802483], [0.0, 0.0, 0.0, 1.0]]}, "Hobj2base": {"type": "ndarray", "data": [[0.9999949452960536, 0.0029974028505292774, -0.001060640605712779, -0.7345801665121201], [0.003002020367123957, -0.9999859058397744, 0.004379040479404867, 0.09090893773062103], [-0.0010474999084585897, -0.004382202409352222, -0.9999898494714756, 0.0018282661497960463], [0.0, 0.0, 0.0, 1.0]]}, "mean_rme": {"type": "float", "data": 0.0023234590064131096}, "max_rme": {"type": "float", "data": 0.010859863722939234}, "simu": {"type": "float", "data": 0.002}}, {"type": "dict", "image_number": {"type": "int", "data": 20}, "Hcamera2end": {"type": "ndarray", "data": [[0.9999937390710228, 0.0026021503411050332, 0.0023980476136421873, -0.014262347573605923], [-0.0024029486351586004, 0.0018819615492119413, 0.9999953420184438, 0.028812930047320606], [0.0025976251869346836, -0.9999948435038701, 0.0018882025999950036, 0.030884868982693173], [0.0, 0.0, 0.0, 1.0]]}, "Hobj2base": {"type": "ndarray", "data": [[0.9999966047516365, 0.002463218868151837, -0.0008503164157011443, -0.7348998444038537], [0.0024658461948500747, -0.9999921463123269, 0.0031027272212140874, 0.09085781858698294], [-0.0008426670413475691, -0.0031048134361826426, -0.9999948250095019, 0.0016854044877063323], [0.0, 0.0, 0.0, 1.0]]}, "mean_rme": {"type": "float", "data": 0.00229510092943781}, "max_rme": {"type": "float", "data": 0.010913994508728209}, "simu": {"type": "float", "data": 0.002}}, {"type": "dict", "image_number": {"type": "int", "data": 21}, "Hcamera2end": {"type": "ndarray", "data": [[0.9999936367287755, 0.002729116609129825, 0.002297482207015842, -0.014547434708869808], [-0.002302381537918151, 0.0017934244502222363, 0.9999957413249296, 0.028648385527258943], [0.002724984625944944, -0.9999946677614213, 0.0017996965058716397, 0.03090438099373903], [0.0, 0.0, 0.0, 1.0]]}, "Hobj2base": {"type": "ndarray", "data": [[0.9999960354420295, 0.0026923742730961793, -0.0008247551131646904, -0.7349569909335171], [0.002694918450400318, -0.9999915656989737, 0.003099345973137414, 0.0905871963884732], [-0.0008164035575702934, -0.003101556333372163, -0.9999948569035455, 0.001986225349946667], [0.0, 0.0, 0.0, 1.0]]}, "mean_rme": {"type": "float", "data": 0.0022893613927805574}, "max_rme": {"type": "float", "data": 0.011015404802477369}, "simu": {"type": "float", "data": 0.002}}, {"type": "dict", "image_number": {"type": "int", "data": 22}, "Hcamera2end": {"type": "ndarray", "data": [[0.9999923184416725, 0.0024780877755171595, 0.0030367974291256187, -0.0150350264823183], [-0.003040456879520482, 0.001474294814553967, 0.9999942910220855, 0.029126247198059833], [0.0024735964934661687, -0.9999958427592469, 0.0014818180086975108, 0.030917601094369456], [0.0, 0.0, 0.0, 1.0]]}, "Hobj2base": {"type": "ndarray", "data": [[0.9999968825025322, 0.002470211284584179, -0.0003647484425995103, -0.7347296399113081], [0.002471495571351276, -0.9999905962508169, 0.0035635824076351717, 0.09035597274617446], [-0.00035594221111975524, -0.0035644727723365814, -0.9999935838989154, 0.001583941763091464], [0.0, 0.0, 0.0, 1.0]]}, "mean_rme": {"type": "float", "data": 0.0023071592924376943}, "max_rme": {"type": "float", "data": 0.0109777335764496}, "simu": {"type": "float", "data": 0.002}}, {"type": "dict", "image_number": {"type": "int", "data": 23}, "Hcamera2end": {"type": "ndarray", "data": [[0.9999938686201926, 0.0017917849177861048, 0.003008692212464926, -0.01502757511193224], [-0.003007919487077022, -0.0004337988693094985, 0.9999953821087878, 0.028918313521520134], [0.0017930818107981456, -0.9999983006612309, -0.00042840666475285616, 0.03166932003286195], [0.0, 0.0, 0.0, 1.0]]}, "Hobj2base": {"type": "ndarray", "data": [[0.9999978643744959, 0.0014891870387413258, 0.0014330277076457878, -0.7339611926939489], [0.0014843100675173803, -0.9999931240634758, 0.0033983303831794176, 0.09046558785685906], [0.0014380786037982243, -0.00339619606816489, -0.9999931988679702, 0.0013935236049318635], [0.0, 0.0, 0.0, 1.0]]}, "mean_rme": {"type": "float", "data": 0.0023386122624916806}, "max_rme": {"type": "float", "data": 0.01072011450295618}, "simu": {"type": "float", "data": 0.002}}, {"type": "dict", "image_number": {"type": "int", "data": 24}, "Hcamera2end": {"type": "ndarray", "data": [[0.999997691896111, 0.001410706236978782, 0.0016205278040253655, -0.014798482814117017], [-0.0016208890641386088, 0.0002549789565611249, 0.9999986538512807, 0.028817081686271274], [0.001410291137469839, -0.9999989724462944, 0.0002572649663553639, 0.031585886611056296], [0.0, 0.0, 0.0, 1.0]]}, "Hobj2base": {"type": "ndarray", "data": [[0.9999985985479015, 0.0015248121417009506, 0.0006912670725000423, -0.7342155745592037], [0.0015233657065841686, -0.9999966594664733, 0.0020881601513965628, 0.0898474583367615], [0.0006944488152518764, -0.002087104172387799, -0.9999975808655821, 0.0014269709377677197], [0.0, 0.0, 0.0, 1.0]]}, "mean_rme": {"type": "float", "data": 0.0023258199239828406}, "max_rme": {"type": "float", "data": 0.010578643398371723}, "simu": {"type": "float", "data": 0.002}}, {"type": "dict", "image_number": {"type": "int", "data": 25}, "Hcamera2end": {"type": "ndarray", "data": [[0.9999962320599999, 0.0022508575060900624, 0.0015714662866953158, -0.014859587271935181], [-0.001573675523099825, 0.0009800742387530148, 0.9999982814984407, 0.02914266453822666], [0.0022493134843632697, -0.9999969865429466, 0.0009836126652553734, 0.032014232353312286], [0.0, 0.0, 0.0, 1.0]]}, "Hobj2base": {"type": "ndarray", "data": [[0.999997514694654, 0.0022262735930471344, 0.00011962610101854475, -0.7350330641551089], [0.0022260124371938105, -0.9999952313353657, 0.0021406015878153734, 0.08993762343102775], [0.00012439109534997562, -0.0021403299785781238, -0.999997701754578, 0.001261125358852837], [0.0, 0.0, 0.0, 1.0]]}, "mean_rme": {"type": "float", "data": 0.0023505386499552525}, "max_rme": {"type": "float", "data": 0.0105074011496043}, "simu": {"type": "float", "data": 0.002}}, {"type": "dict", "image_number": {"type": "int", "data": 26}, "Hcamera2end": {"type": "ndarray", "data": [[0.9999975068010806, 0.002100401304415831, 0.0007580936506797439, -0.014563348497138022], [-0.0007553546068643493, -0.0013045439050995977, 0.9999988638016631, 0.028541505787016076], [0.0021013878843948513, -0.999996943235108, -0.0013029541048106275, 0.03269939831952541], [0.0, 0.0, 0.0, 1.0]]}, "Hobj2base": {"type": "ndarray", "data": [[0.9999960687575061, 0.0018133105869413211, 0.0021387786815016017, -0.7342253156190306], [0.0018108861018830142, -0.9999977162576379, 0.0011349762261495813, 0.08960393361815257], [0.002140831861488928, -0.0011310986796934767, -0.9999970687230622, 0.0012350289375583313], [0.0, 0.0, 0.0, 1.0]]}, "mean_rme": {"type": "float", "data": 0.002355139182014074}, "max_rme": {"type": "float", "data": 0.010559210073035896}, "simu": {"type": "float", "data": 0.002}}, {"type": "dict", "image_number": {"type": "int", "data": 27}, "Hcamera2end": {"type": "ndarray", "data": [[0.9999976076751766, 0.0021728337338052595, 0.00025186799840415603, -0.014640730031394529], [-0.0002486478625752425, -0.0014821411296181974, 0.9999988707153185, 0.02869352427070014], [0.002173204583977078, -0.9999965410196363, -0.0014815973133917026, 0.033801107322349255], [0.0, 0.0, 0.0, 1.0]]}, "Hobj2base": {"type": "ndarray", "data": [[0.9999952167194238, 0.0017866189918438141, 0.002524783327442558, -0.7351789717518252], [0.001784670968350099, -0.9999981082420957, 0.000773603106398073, 0.08933880277335289], [0.00252616068516578, -0.0007690934985314993, -0.9999965134976145, 0.0007934750165769397], [0.0, 0.0, 0.0, 1.0]]}, "mean_rme": {"type": "float", "data": 0.0023403266949288686}, "max_rme": {"type": "float", "data": 0.010532114086308275}, "simu": {"type": "float", "data": 0.002}}, {"type": "dict", "image_number": {"type": "int", "data": 28}, "Hcamera2end": {"type": "ndarray", "data": [[0.99999839718511, 0.0015707569955386927, 0.0008592727576731931, -0.014757562391562678], [-0.0008578831457504484, -0.0008851363718069827, 0.9999992402847673, 0.029101053833113618], [0.0015715163757817952, -0.9999983746267114, -0.0008837874271447888, 0.03346876765099978], [0.0, 0.0, 0.0, 1.0]]}, "Hobj2base": {"type": "ndarray", "data": [[0.9999968563361248, 0.0012575749099385664, 0.0021692909472349297, -0.7349900957318924], [0.0012548113944182916, -0.9999984001441169, 0.001274816681659036, 0.08951574742122718], [0.00217089065415567, -0.0012720906230654875, -0.9999968345045973, 0.0004599397174332879], [0.0, 0.0, 0.0, 1.0]]}, "mean_rme": {"type": "float", "data": 0.0024066862529134527}, "max_rme": {"type": "float", "data": 0.01024439620319334}, "simu": {"type": "float", "data": 0.002}}, {"type": "dict", "image_number": {"type": "int", "data": 29}, "Hcamera2end": {"type": "ndarray", "data": [[0.9999979186540516, 0.0019313847319824898, 0.0006576021455744727, -0.01456702228948936], [-0.0006583401313652744, 0.0003814910118616899, 0.9999997105263978, 0.029102032397762004], [0.0019311333035896762, -0.9999980621069349, 0.00038276172592510704, 0.03275569661526394], [0.0, 0.0, 0.0, 1.0]]}, "Hobj2base": {"type": "ndarray", "data": [[0.9999980629721051, 0.0017190414869348405, 0.0009586179655674712, -0.7352463669267286], [0.0017180035224308953, -0.9999979382767972, 0.0010825460968253175, 0.08943448363200397], [0.0009604769308145312, -0.0010808970908618202, -0.9999989545722257, 0.0007334800280649229], [0.0, 0.0, 0.0, 1.0]]}, "mean_rme": {"type": "float", "data": 0.0023995936532150795}, "max_rme": {"type": "float", "data": 0.01037115889520801}, "simu": {"type": "float", "data": 0.002}}, {"type": "dict", "image_number": {"type": "int", "data": 30}, "Hcamera2end": {"type": "ndarray", "data": [[0.9999981740139113, 0.0018540475509363458, 0.00046311609996805365, -0.01458670783760906], [-0.0004635150061885774, 0.00021473034748742403, 0.99999986952235, 0.02921508913021435], [0.0018539478639435047, -0.9999982581977616, 0.00021558933425480653, 0.0333721538130083], [0.0, 0.0, 0.0, 1.0]]}, "Hobj2base": {"type": "ndarray", "data": [[0.9999980857063246, 0.0015571553400693435, 0.0011848421553003318, -0.7357409395727735], [0.0015560977682563966, -0.9999983905687977, 0.0008929835100305529, 0.08939917509759956], [0.0011862307624196356, -0.0008911380703642685, -0.9999988993641529, 0.0005112211468480029], [0.0, 0.0, 0.0, 1.0]]}, "mean_rme": {"type": "float", "data": 0.002352285147727197}, "max_rme": {"type": "float", "data": 0.010356834270700666}, "simu": {"type": "float", "data": 0.002}}]}