{"type": "list", "data": [{"type": "dict", "image_number": {"type": "int", "data": 5}, "Hcamera2end": {"type": "ndarray", "data": [[0.9999941754126147, 0.0033956193320509487, 0.0003448335779518525, -0.008694184923745681], [-0.0003490798551306711, 0.0012500029981069583, 0.9999991578175252, 0.02096732888179824], [0.0033951854293135676, -0.9999934536095009, 0.0012511810596597117, 0.030335641482015608], [0.0, 0.0, 0.0, 1.0]]}, "Hobj2base": {"type": "ndarray", "data": [[0.9999949505002891, 0.0026113670478714645, 0.0018110041594768774, -0.7315568429843611], [0.0026051482081366865, -0.9999907315930576, 0.003427817205687129, 0.09568867675438751], [0.0018199386632504107, -0.0034230819626841504, -0.999992485138333, 0.005063598012958992], [0.0, 0.0, 0.0, 1.0]]}, "mean_rme": {"type": "float", "data": 0.0013725873008653428}, "max_rme": {"type": "float", "data": 0.0033230174922007916}, "simu": {"type": "float", "data": 0.002}}, {"type": "dict", "image_number": {"type": "int", "data": 6}, "Hcamera2end": {"type": "ndarray", "data": [[0.9999956916583365, 0.00284534461610785, 0.0007215807515003529, -0.00860732498438589], [-0.0007228893636088993, 0.00045891178424606327, 0.9999996334154033, 0.021013337016417225], [0.0028450124311381947, -0.9999958466983694, 0.00046096667645612044, 0.030468129067826283], [0.0, 0.0, 0.0, 1.0]]}, "Hobj2base": {"type": "ndarray", "data": [[0.9999963940911483, 0.0022755713931900848, 0.0014260363022849162, -0.731432631446555], [0.0022713991444308647, -0.999993155433623, 0.002920587583486724, 0.09552222208729495], [0.0014326725472410774, -0.0029173379544771673, -0.9999947182803677, 0.005099748458167584], [0.0, 0.0, 0.0, 1.0]]}, "mean_rme": {"type": "float", "data": 0.0013793076019520847}, "max_rme": {"type": "float", "data": 0.0031550180834155617}, "simu": {"type": "float", "data": 0.002}}, {"type": "dict", "image_number": {"type": "int", "data": 7}, "Hcamera2end": {"type": "ndarray", "data": [[0.9999959553697273, 0.0026302379084917086, 0.0010821703799219627, -0.008626978479470864], [-0.001081740284157344, -0.00016493683913743062, 0.9999994013167192, 0.021201267825766854], [0.00263041482357412, -0.9999965273161621, -0.00016209093772623362, 0.03060754896193413], [0.0, 0.0, 0.0, 1.0]]}, "Hobj2base": {"type": "ndarray", "data": [[0.9999962747884621, 0.0022890455757213386, 0.0014868354148590312, -0.731180428634006], [0.002284878228888566, -0.9999934738228746, 0.002798507305553454, 0.0957314230458026], [0.0014932316222741584, -0.0027950996426523984, -0.9999949788260492, 0.005112168567877995], [0.0, 0.0, 0.0, 1.0]]}, "mean_rme": {"type": "float", "data": 0.0012465856615579698}, "max_rme": {"type": "float", "data": 0.003070759506373505}, "simu": {"type": "float", "data": 0.002}}, {"type": "dict", "image_number": {"type": "int", "data": 8}, "Hcamera2end": {"type": "ndarray", "data": [[0.9999960187974131, 0.0027340754414660997, 0.0006980120373115575, -0.008355395816273814], [-0.0006987664476706514, 0.0002749833519843925, 0.9999997180547643, 0.02111053517683226], [0.002733882728916809, -0.9999962246006916, 0.00027689273740394427, 0.030394382260006594], [0.0, 0.0, 0.0, 1.0]]}, "Hobj2base": {"type": "ndarray", "data": [[0.9999964227855072, 0.0024897377679283196, 0.0009775592238618295, -0.7317368197440952], [0.0024873129879199847, -0.9999938465944986, 0.0024738729227798853, 0.09524350564670621], [0.000983712503392424, -0.0024714325774518402, -0.9999964621591046, 0.005194493714373909], [0.0, 0.0, 0.0, 1.0]]}, "mean_rme": {"type": "float", "data": 0.0014987414978497712}, "max_rme": {"type": "float", "data": 0.003815986140202704}, "simu": {"type": "float", "data": 0.002}}, {"type": "dict", "image_number": {"type": "int", "data": 9}, "Hcamera2end": {"type": "ndarray", "data": [[0.9999964564277479, 0.0024235123654885635, 0.0011016895032894265, -0.008374468979134742], [-0.001103800847459091, 0.0008700268661767652, 0.9999990123379828, 0.021359652371275246], [0.0024225514724114054, -0.999996684815038, 0.0008726988581765349, 0.030281855082010305], [0.0, 0.0, 0.0, 1.0]]}, "Hobj2base": {"type": "ndarray", "data": [[0.999997449818139, 0.002229187339071644, 0.0003620511372442303, -0.7322393008756164], [0.0022283104233430935, -0.9999946260479731, 0.0024046845597029136, 0.09560535516423646], [0.00036740968397373823, -0.002403871664997063, -0.9999970432011998, 0.005220094568745886], [0.0, 0.0, 0.0, 1.0]]}, "mean_rme": {"type": "float", "data": 0.0015060915778269087}, "max_rme": {"type": "float", "data": 0.0039998830361672455}, "simu": {"type": "float", "data": 0.002}}, {"type": "dict", "image_number": {"type": "int", "data": 10}, "Hcamera2end": {"type": "ndarray", "data": [[0.9999969071586596, 0.0018863324473402505, 0.0016209327601967, -0.008441059572610689], [-0.0016231872486535616, 0.0011942536902642686, 0.9999979695085779, 0.021583759404860136], [0.0018843928122278624, -0.9999975077509049, 0.0011973118674023508, 0.03028504474450122], [0.0, 0.0, 0.0, 1.0]]}, "Hobj2base": {"type": "ndarray", "data": [[0.9999984493991485, 0.001745473478873076, -0.00023349867922978337, -0.732556569859876], [0.0017460007968336073, -0.9999958821810955, 0.0022775210363183435, 0.09597564120412999], [-0.0002295223651580386, -0.0022779251936722797, -0.9999973791847141, 0.00520686438461212], [0.0, 0.0, 0.0, 1.0]]}, "mean_rme": {"type": "float", "data": 0.0014625150941452087}, "max_rme": {"type": "float", "data": 0.0041669979422395975}, "simu": {"type": "float", "data": 0.002}}, {"type": "dict", "image_number": {"type": "int", "data": 11}, "Hcamera2end": {"type": "ndarray", "data": [[0.9999959307962254, 0.001894570796929802, 0.0021328367228253984, -0.008746747310746383], [-0.0021351463403967512, 0.0012178867337745425, 0.9999969789464408, 0.021641212547570638], [0.0018919675197799173, -0.9999974636734829, 0.0012219269638489294, 0.030227613394340665], [0.0, 0.0, 0.0, 1.0]]}, "Hobj2base": {"type": "ndarray", "data": [[0.9999984689780017, 0.001727941160864999, -0.0002761539372081502, -0.7325456341809488], [0.0017286208994887068, -0.9999954295773139, 0.002480462511202913, 0.09618416686883843], [-0.0002718665817968406, -0.002480936079027577, -0.9999968855175168, 0.005055878754134027], [0.0, 0.0, 0.0, 1.0]]}, "mean_rme": {"type": "float", "data": 0.0014557396848854085}, "max_rme": {"type": "float", "data": 0.004477249642713954}, "simu": {"type": "float", "data": 0.002}}, {"type": "dict", "image_number": {"type": "int", "data": 12}, "Hcamera2end": {"type": "ndarray", "data": [[0.9999958404625651, 0.002264827435605291, 0.001785949118834036, -0.00867319980259413], [-0.0017881767376302744, 0.0009819278596715497, 0.9999979191186515, 0.02179087162583441], [0.0022630690495723848, -0.9999969531825409, 0.0009859736870408975, 0.030352651801802015], [0.0, 0.0, 0.0, 1.0]]}, "Hobj2base": {"type": "ndarray", "data": [[0.9999979024629395, 0.002047976944601963, 2.9328411536181124e-05, -0.7323679307936025], [0.002047914486765622, -0.9999959205693096, 0.0019912034035675596, 0.0961114658638997], [3.340623055547831e-05, -0.0019911391648657667, -0.9999980171224594, 0.004973319367329518], [0.0, 0.0, 0.0, 1.0]]}, "mean_rme": {"type": "float", "data": 0.0014969167722668664}, "max_rme": {"type": "float", "data": 0.004511636958077908}, "simu": {"type": "float", "data": 0.002}}, {"type": "dict", "image_number": {"type": "int", "data": 13}, "Hcamera2end": {"type": "ndarray", "data": [[0.9999957290788909, 0.002167503876144286, 0.0019605486283950273, -0.008560419057876328], [-0.001962519810562005, 0.0009076724408284553, 0.9999976623206347, 0.021830084742765384], [0.0021657192732563004, -0.9999972390250323, 0.0009119223335274373, 0.03036052091666106], [0.0, 0.0, 0.0, 1.0]]}, "Hobj2base": {"type": "ndarray", "data": [[0.9999979729996884, 0.00201129234978998, -9.327163650088365e-05, -0.7324317640263263], [0.0020114747587037392, -0.9999959796679265, 0.0019986538666229414, 0.09616937200125507], [-8.925138428611502e-05, -0.0019988374288934553, -0.9999979983395582, 0.005054857661549745], [0.0, 0.0, 0.0, 1.0]]}, "mean_rme": {"type": "float", "data": 0.0014912707761554444}, "max_rme": {"type": "float", "data": 0.004375278625004114}, "simu": {"type": "float", "data": 0.002}}, {"type": "dict", "image_number": {"type": "int", "data": 14}, "Hcamera2end": {"type": "ndarray", "data": [[0.9999958275758276, 0.0018596798932855058, 0.0022105251933014366, -0.008541259738648346], [-0.002211825303230998, 0.0006973382195722966, 0.9999973107705016, 0.021876923074639846], [0.0018581334084768635, -0.9999980276531057, 0.000701448597025367, 0.03042970874300481], [0.0, 0.0, 0.0, 1.0]]}, "Hobj2base": {"type": "ndarray", "data": [[0.99999850937502, 0.0017251765415970852, -7.080705058196403e-05, -0.7322917525083344], [0.0017253208082899142, -0.9999963262171097, 0.002090650710321024, 0.0963604324169262], [-6.720004889011397e-05, -0.002090769758822594, -0.999997812080591, 0.005087709213491672], [0.0, 0.0, 0.0, 1.0]]}, "mean_rme": {"type": "float", "data": 0.001416245593125485}, "max_rme": {"type": "float", "data": 0.004411606969993459}, "simu": {"type": "float", "data": 0.002}}, {"type": "dict", "image_number": {"type": "int", "data": 15}, "Hcamera2end": {"type": "ndarray", "data": [[0.9999981345361584, 0.0008074185394611198, 0.0017547078119683236, -0.008624129506458227], [-0.0017549891626352765, 0.0003478805642750382, 0.999998399494795, 0.021806621475379998], [0.0008068068184397801, -0.9999996135271327, 0.00034929692610286, 0.030600090642650967], [0.0, 0.0, 0.0, 1.0]]}, "Hobj2base": {"type": "ndarray", "data": [[0.9999997448736152, 0.0007001650941880967, 0.00014149751045319138, -0.7317651978714383], [0.0006999324095841498, -0.9999984137599287, 0.0016378559912545386, 0.09624644728267925], [0.0001426440555985536, -0.001637756534700819, -0.9999986487021899, 0.004914048417309846], [0.0, 0.0, 0.0, 1.0]]}, "mean_rme": {"type": "float", "data": 0.0014621093816926949}, "max_rme": {"type": "float", "data": 0.004699720031028309}, "simu": {"type": "float", "data": 0.002}}, {"type": "dict", "image_number": {"type": "int", "data": 16}, "Hcamera2end": {"type": "ndarray", "data": [[0.9999978050544768, 0.0009589830019074659, 0.0018628574370599693, -0.00875365859237989], [-0.00186320417599759, 0.00036080310411112926, 0.9999981991440379, 0.021905514971590857], [0.0009583091501714014, -0.9999994750862233, 0.00036258909330177946, 0.03059812656436664], [0.0, 0.0, 0.0, 1.0]]}, "Hobj2base": {"type": "ndarray", "data": [[0.9999996367268599, 0.0008386453188438661, 0.0001523816838137037, -0.7318209735827242], [0.000838365662498633, -0.9999979812050617, 0.0018261239872860227, 0.09648681186884547], [0.00015391284651989764, -0.0018259955723329245, -0.9999983210240933, 0.004847755172335003], [0.0, 0.0, 0.0, 1.0]]}, "mean_rme": {"type": "float", "data": 0.0014492579211012279}, "max_rme": {"type": "float", "data": 0.005102724592697859}, "simu": {"type": "float", "data": 0.002}}, {"type": "dict", "image_number": {"type": "int", "data": 17}, "Hcamera2end": {"type": "ndarray", "data": [[0.999998543278659, 0.00013424083422530796, 0.0017015933587097953, -0.008742567695005827], [-0.001701624898422959, 0.0002351854137349063, 0.9999985245791746, 0.021893343404733662], [0.0001338404462255089, -0.9999999633336091, 0.00023541349868128059, 0.030705412696327178], [0.0, 0.0, 0.0, 1.0]]}, "Hobj2base": {"type": "ndarray", "data": [[0.9999999602570598, 5.4900626068244976e-05, 0.0002765353505027308, -0.731531650518876], [5.4434462757695886e-05, -0.9999985781410574, 0.0016854532780031216, 0.09655790750759184], [0.000276627489748641, -0.0016854381579650146, -0.9999985413866599, 0.0047878049080440485], [0.0, 0.0, 0.0, 1.0]]}, "mean_rme": {"type": "float", "data": 0.0014317492481540203}, "max_rme": {"type": "float", "data": 0.005113240259626263}, "simu": {"type": "float", "data": 0.002}}, {"type": "dict", "image_number": {"type": "int", "data": 18}, "Hcamera2end": {"type": "ndarray", "data": [[0.9999994918959679, 0.00010961784192438883, 0.0010020936756356613, -0.008806978524872444], [-0.0010021108685428245, 0.00015690173815230413, 0.9999994855776936, 0.021859855919849038], [0.000109460555295027, -0.9999999816828865, 0.00015701150766067595, 0.030712474120330346], [0.0, 0.0, 0.0, 1.0]]}, "Hobj2base": {"type": "ndarray", "data": [[0.9999999748329292, 2.6388210960106814e-06, 0.00022433719590112634, -0.7315559964892171], [2.4122176321491523e-06, -0.999999489849662, 0.0010100963305005343, 0.09620231108715067], [0.00022433974691893598, -0.0010100957639292288, -0.9999994646889696, 0.004608259180922901], [0.0, 0.0, 0.0, 1.0]]}, "mean_rme": {"type": "float", "data": 0.0013960651422806703}, "max_rme": {"type": "float", "data": 0.005128271612918706}, "simu": {"type": "float", "data": 0.002}}, {"type": "dict", "image_number": {"type": "int", "data": 19}, "Hcamera2end": {"type": "ndarray", "data": [[0.9999993336565736, 0.00015405382953804234, 0.001144095199910634, -0.008762338657945672], [-0.0011441144551141578, 0.0001249600371192594, 0.999999337693332, 0.021861097760568812], [0.00015391076132851482, -0.9999999803262032, 0.00012513620906628997, 0.030730201958832956], [0.0, 0.0, 0.0, 1.0]]}, "Hobj2base": {"type": "ndarray", "data": [[0.999999977230181, 3.441888899139246e-05, 0.00021060621451267136, -0.7316000989171203], [3.42307449674811e-05, -0.9999996004363663, 0.0008932834733210223, 0.09616448871630572], [0.0002106368761867931, -0.0008932762437735017, -0.9999995788447404, 0.004633373812909964], [0.0, 0.0, 0.0, 1.0]]}, "mean_rme": {"type": "float", "data": 0.001397021408500338}, "max_rme": {"type": "float", "data": 0.00526012781819913}, "simu": {"type": "float", "data": 0.002}}, {"type": "dict", "image_number": {"type": "int", "data": 20}, "Hcamera2end": {"type": "ndarray", "data": [[0.999999109356913, -0.0003575837841491485, 0.0012858534978552718, -0.008841286391041413], [-0.001285624921576651, 0.0006387212730091241, 0.9999989696013176, 0.02149511957515062], [-0.0003584047176783421, -0.9999997320844507, 0.0006382609855120069, 0.032583971793129315], [0.0, 0.0, 0.0, 1.0]]}, "Hobj2base": {"type": "ndarray", "data": [[0.9999998667607928, -0.0004757450833642683, -0.00020036220265356086, -0.7335850644435323], [-0.00047552210403347127, -0.9999992692648154, 0.0011114623535010606, 0.09611682049227367], [-0.0002008908289918724, -0.0011113669287545233, -0.9999993622530086, 0.004919243163800291], [0.0, 0.0, 0.0, 1.0]]}, "mean_rme": {"type": "float", "data": 0.0014427136942403887}, "max_rme": {"type": "float", "data": 0.005367788389145693}, "simu": {"type": "float", "data": 0.002}}, {"type": "dict", "image_number": {"type": "int", "data": 21}, "Hcamera2end": {"type": "ndarray", "data": [[0.9999994542580815, -0.000375134449740908, 0.0009750680406770059, -0.008746944770025411], [-0.0009749033965699694, 0.000438826395980918, 0.9999994284972175, 0.02131288753369419], [-0.0003755621209446527, -0.9999998333527554, 0.00043846043664574896, 0.03188070623823835], [0.0, 0.0, 0.0, 1.0]]}, "Hobj2base": {"type": "ndarray", "data": [[0.9999998521765453, -0.0005284325944147185, 0.00012808544323098596, -0.7327635828391548], [-0.0005285325085609657, -0.999999555124274, 0.000781283969947525, 0.09595978206039517], [0.00012767253033366742, -0.0007813515517760505, -0.9999996865946899, 0.005045178542123195], [0.0, 0.0, 0.0, 1.0]]}, "mean_rme": {"type": "float", "data": 0.0014571580603791703}, "max_rme": {"type": "float", "data": 0.0054960268546449115}, "simu": {"type": "float", "data": 0.002}}, {"type": "dict", "image_number": {"type": "int", "data": 22}, "Hcamera2end": {"type": "ndarray", "data": [[0.9999992665381738, -0.0008655043699960653, 0.0008472457139917747, -0.00868192089453831], [-0.0008468038654127672, 0.0005107488931163084, 0.9999995110292713, 0.021753162561657838], [-0.0008659366766003817, -0.9999994950187493, 0.0005100156060554584, 0.031423764934919544], [0.0, 0.0, 0.0, 1.0]]}, "Hobj2base": {"type": "ndarray", "data": [[0.9999994795715175, -0.001015173123740567, 0.00010139143503635283, -0.732184364981928], [-0.0010152516772656392, -0.9999991821981027, 0.0007777320605154795, 0.09605537465137276], [0.00010060181943293819, -0.0007778345935860445, -0.9999996924262624, 0.004659032687898788], [0.0, 0.0, 0.0, 1.0]]}, "mean_rme": {"type": "float", "data": 0.00143304993627111}, "max_rme": {"type": "float", "data": 0.005495365648891609}, "simu": {"type": "float", "data": 0.002}}, {"type": "dict", "image_number": {"type": "int", "data": 23}, "Hcamera2end": {"type": "ndarray", "data": [[0.9999998294845234, -0.00014747815439938855, 0.0005650496598992334, -0.008765393375501833], [-0.0005649291944799133, 0.0008156031286050691, 0.9999995078231501, 0.02054470141180042], [-0.0001479389380844862, -0.9999996565208065, 0.0008155196748171889, 0.03147292778538625], [0.0, 0.0, 0.0, 1.0]]}, "Hobj2base": {"type": "ndarray", "data": [[0.9999999247833328, -0.0003633431201297883, 0.00013570226876920684, -0.732494385335906], [-0.00036338281833704557, -0.9999998911605885, 0.0002926290122072909, 0.09576113362321614], [0.00013559592926111583, -0.00029267830206959193, -0.9999999479765764, 0.0057715681146803186], [0.0, 0.0, 0.0, 1.0]]}, "mean_rme": {"type": "float", "data": 0.0014474766421244947}, "max_rme": {"type": "float", "data": 0.005470379829889772}, "simu": {"type": "float", "data": 0.002}}, {"type": "dict", "image_number": {"type": "int", "data": 24}, "Hcamera2end": {"type": "ndarray", "data": [[0.999999348878548, -0.0006460081575880775, 0.0009406997078311459, -0.008897532919498033], [-0.0009400667013672834, 0.0009794793600600427, 0.9999990784469653, 0.020189682655437143], [-0.0006469289582051344, -0.9999993116465847, 0.0009788714315421831, 0.032626814039393], [0.0, 0.0, 0.0, 1.0]]}, "Hobj2base": {"type": "ndarray", "data": [[0.999999622858997, -0.0008679250830698968, -3.1431099368913106e-05, -0.733688560991156], [-0.0008679014879203339, -0.9999993472859761, 0.0007430845371618163, 0.09596853886526836], [-3.207602056203789e-05, -0.0007430569778162594, -0.9999997234186901, 0.006114321644091356], [0.0, 0.0, 0.0, 1.0]]}, "mean_rme": {"type": "float", "data": 0.001514562376304676}, "max_rme": {"type": "float", "data": 0.005360968299676763}, "simu": {"type": "float", "data": 0.002}}, {"type": "dict", "image_number": {"type": "int", "data": 25}, "Hcamera2end": {"type": "ndarray", "data": [[0.9999988932938972, -0.001040065325354555, 0.0010638021901319694, -0.008900618221141167], [-0.0010627226392710613, 0.0010379667320132846, 0.9999988966222189, 0.020227448990136655], [-0.0010411683690523838, -0.9999989204440083, 0.0010368602823216388, 0.03295637137461296], [0.0, 0.0, 0.0, 1.0]]}, "Hobj2base": {"type": "ndarray", "data": [[0.9999991952864632, -0.0012673031907502858, -5.804350704623102e-05, -0.7339582095386038], [-0.001267247309171625, -0.9999987430525183, 0.0009528786075436346, 0.09605750925196847], [-5.925102018832875e-05, -0.000952804285271201, -0.9999995443265515, 0.006087135257113414], [0.0, 0.0, 0.0, 1.0]]}, "mean_rme": {"type": "float", "data": 0.0014791095961936202}, "max_rme": {"type": "float", "data": 0.005382228366387347}, "simu": {"type": "float", "data": 0.002}}, {"type": "dict", "image_number": {"type": "int", "data": 26}, "Hcamera2end": {"type": "ndarray", "data": [[0.9999991429631083, -0.0008457124073291697, 0.0009994216192097613, -0.008892157801271418], [-0.0009985638995269651, 0.0010140130267983771, 0.9999989873233471, 0.020264372697439553], [-0.0008467249774371025, -0.9999991282736728, 0.0010131676598723605, 0.032892527407848406], [0.0, 0.0, 0.0, 1.0]]}, "Hobj2base": {"type": "ndarray", "data": [[0.9999994067610003, -0.0010890314541682888, -2.20938727711937e-05, -0.733902766758246], [-0.001089012363141555, -0.9999990487937109, 0.0008464418150838616, 0.09597863182355966], [-2.301565351611259e-05, -0.0008464172524409684, -0.9999996415239931, 0.006032801965056244], [0.0, 0.0, 0.0, 1.0]]}, "mean_rme": {"type": "float", "data": 0.0014408917171158146}, "max_rme": {"type": "float", "data": 0.0054148124411544235}, "simu": {"type": "float", "data": 0.002}}, {"type": "dict", "image_number": {"type": "int", "data": 27}, "Hcamera2end": {"type": "ndarray", "data": [[0.9999991499065973, -0.0006782797341935395, 0.0011136079583814098, -0.008846800757946286], [-0.0011129684375934526, 0.0009425058000329667, 0.9999989364914713, 0.02044874041108422], [-0.0006793285947969945, -0.9999993258094823, 0.000941750094878957, 0.03230737363616702], [0.0, 0.0, 0.0, 1.0]]}, "Hobj2base": {"type": "ndarray", "data": [[0.9999995451997586, -0.0009491985807557927, 9.285650363057087e-05, -0.733268460537219], [-0.0009492828679632428, -0.9999991336303482, 0.0009119213722841735, 0.09602481493554152], [9.199082871018116e-05, -0.0009120091046301887, -0.9999995798884518, 0.005895285860559867], [0.0, 0.0, 0.0, 1.0]]}, "mean_rme": {"type": "float", "data": 0.0014363276298986454}, "max_rme": {"type": "float", "data": 0.00544088243237046}, "simu": {"type": "float", "data": 0.002}}, {"type": "dict", "image_number": {"type": "int", "data": 28}, "Hcamera2end": {"type": "ndarray", "data": [[0.9999989356741048, -0.0011715878539044992, 0.0008695013272978794, -0.008847579105584964], [-0.0008683687833541875, 0.0009668365405790524, 0.9999991555810236, 0.020753452669019335], [-0.0011724275302487962, -0.9999988463038368, 0.0009658181412306455, 0.032885629618463225], [0.0, 0.0, 0.0, 1.0]]}, "Hobj2base": {"type": "ndarray", "data": [[0.9999990119107973, -0.0014045921598482888, 5.743077162585526e-05, -0.7337445653754806], [-0.0014046336413216002, -0.9999987479696082, 0.0007287410714427501, 0.09595081780336416], [5.640711572527584e-05, -0.0007288210205754386, -0.9999997328190429, 0.0055117194971766115], [0.0, 0.0, 0.0, 1.0]]}, "mean_rme": {"type": "float", "data": 0.0014428677543101558}, "max_rme": {"type": "float", "data": 0.005487528476713854}, "simu": {"type": "float", "data": 0.002}}, {"type": "dict", "image_number": {"type": "int", "data": 29}, "Hcamera2end": {"type": "ndarray", "data": [[0.9999993556324147, -0.0009413502011160472, 0.0006345033918439333, -0.008834306382935038], [-0.0006336171139450596, 0.0009414961574455427, 0.999999356056962, 0.020845546522796674], [-0.000941946977445446, -0.9999991137219995, 0.0009408990951783602, 0.0331655052194796], [0.0, 0.0, 0.0, 1.0]]}, "Hobj2base": {"type": "ndarray", "data": [[0.9999993099519795, -0.0011726837342739551, 7.006014676270518e-05, -0.7340410806986526], [-0.0011727128558101276, -0.999999225394177, 0.00041707985190962113, 0.09574747794709519], [6.957098973547976e-05, -0.00041716172453928354, -0.999999910567982, 0.005352930737008331], [0.0, 0.0, 0.0, 1.0]]}, "mean_rme": {"type": "float", "data": 0.0014463849000620403}, "max_rme": {"type": "float", "data": 0.005573307087672577}, "simu": {"type": "float", "data": 0.002}}, {"type": "dict", "image_number": {"type": "int", "data": 30}, "Hcamera2end": {"type": "ndarray", "data": [[0.9999991196855359, -0.001178603795962289, 0.0006095254263783563, -0.008802333713020232], [-0.0006083636646361163, 0.0009858175608677966, 0.9999993290284689, 0.02086127666907396], [-0.0011792038860218147, -0.9999988195277175, 0.0009850996733138384, 0.03323051514353866], [0.0, 0.0, 0.0, 1.0]]}, "Hobj2base": {"type": "ndarray", "data": [[0.9999990244232908, -0.0013943789501586748, 8.282396951137447e-05, -0.7340631140926526], [-0.0013944154181402962, -0.9999989301673116, 0.0004418935099803218, 0.0957797747482079], [8.220771389505618e-05, -0.0004420085698993838, -0.9999998989351531, 0.005325004699985366], [0.0, 0.0, 0.0, 1.0]]}, "mean_rme": {"type": "float", "data": 0.001417302299320731}, "max_rme": {"type": "float", "data": 0.005601720608024448}, "simu": {"type": "float", "data": 0.002}}]}