{"type": "list", "data": [{"type": "dict", "image_number": {"type": "int", "data": 5}, "Hcamera2end": {"type": "ndarray", "data": [[0.9999992757809537, -0.001032333815754366, -0.0006186472831540677, -0.016069853441026755], [0.0006183389721154351, -0.00029894684742393096, 0.9999997641438211, 0.031108867648836344], [-0.0010325185149270234, -0.9999994224586707, -0.0002983082986902641, 0.037848921950047625], [0.0, 0.0, 0.0, 1.0]]}, "Hobj2base": {"type": "ndarray", "data": [[0.9999992700665865, -0.0011262063876377125, -0.0004376362263640279, -0.740573855619736], [-0.001128151417692987, -0.9999893737434984, -0.004469862913453423, 0.08703088083461485], [-0.00043259758776423583, 0.004470353370680334, -0.9999899143491744, 0.002796007538419243], [0.0, 0.0, 0.0, 1.0]]}, "mean_rme": {"type": "float", "data": 0.0012901677804958178}, "max_rme": {"type": "float", "data": 0.0028925736941207703}, "simu": {"type": "float", "data": 0.002}}, {"type": "dict", "image_number": {"type": "int", "data": 6}, "Hcamera2end": {"type": "ndarray", "data": [[0.9999992591882411, -0.0009380955998012857, -0.0007756285288146946, -0.016398124934206008], [0.0007752842462990865, -0.00036730950557917197, 0.9999996320089646, 0.030942366051350485], [-0.0009383801503219463, -0.9999994925300577, -0.0003665819427318695, 0.038112084280928105], [0.0, 0.0, 0.0, 1.0]]}, "Hobj2base": {"type": "ndarray", "data": [[0.999999434311403, -0.001062746079879842, -4.413211631249476e-05, -0.7401918146056697], [-0.0010629233016592428, -0.9999904832814388, -0.004231257568344578, 0.0868694846802192], [-3.9634943925844186e-05, 0.004231302083825201, -0.9999910472157973, 0.0024335690972968615], [0.0, 0.0, 0.0, 1.0]]}, "mean_rme": {"type": "float", "data": 0.0015723148235084273}, "max_rme": {"type": "float", "data": 0.0030671674666241655}, "simu": {"type": "float", "data": 0.002}}, {"type": "dict", "image_number": {"type": "int", "data": 7}, "Hcamera2end": {"type": "ndarray", "data": [[0.9999989789811151, -0.0009992706778191819, -0.0010215159517917667, -0.016513348634086024], [0.0010211205758393813, -0.0003960947220964517, 0.9999994002106907, 0.03079504971526002], [-0.0009996746955443538, -0.999999422283375, -0.0003950739418263627, 0.03843469001424051], [0.0, 0.0, 0.0, 1.0]]}, "Hobj2base": {"type": "ndarray", "data": [[0.9999994274466685, -0.0010224817498085909, 0.00031565393476830437, -0.7397493395378211], [-0.0010211464123799664, -0.9999906503912797, -0.004201950741065929, 0.08657220146501314], [0.00031994740147385774, 0.004201626006341992, -0.9999911219468718, 0.0021743057502170266], [0.0, 0.0, 0.0, 1.0]]}, "mean_rme": {"type": "float", "data": 0.0017734654411324451}, "max_rme": {"type": "float", "data": 0.004516762019996179}, "simu": {"type": "float", "data": 0.002}}, {"type": "dict", "image_number": {"type": "int", "data": 8}, "Hcamera2end": {"type": "ndarray", "data": [[0.9999987858990501, -0.0010246690434713714, -0.001173990535371046, -0.01658862461604432], [0.0011735360760760573, -0.0004440067406834558, 0.9999992128352362, 0.030764433688522563], [-0.0010251894965992096, -0.9999993764554882, -0.0004428037155259634, 0.0384360148299485], [0.0, 0.0, 0.0, 1.0]]}, "Hobj2base": {"type": "ndarray", "data": [[0.9999994527026896, -0.0009917609613226224, 0.00033317340335644664, -0.7397505061862832], [-0.0009904005713081345, -0.9999912726787463, -0.004058777285092247, 0.08655157076317546], [0.0003371958325071798, 0.004058445088605326, -0.9999917076268352, 0.0021194121056737], [0.0, 0.0, 0.0, 1.0]]}, "mean_rme": {"type": "float", "data": 0.001612299158448664}, "max_rme": {"type": "float", "data": 0.0045288978955265735}, "simu": {"type": "float", "data": 0.002}}, {"type": "dict", "image_number": {"type": "int", "data": 9}, "Hcamera2end": {"type": "ndarray", "data": [[0.9999987735112681, -0.0011724327075848888, -0.0010384495681675502, -0.016706278215611974], [0.0010379346166128367, -0.0004397393541373251, 0.9999993646603141, 0.030847827609598116], [-0.0011728886098342707, -0.999999216015116, -0.00043852190630899734, 0.03847659796476689], [0.0, 0.0, 0.0, 1.0]]}, "Hobj2base": {"type": "ndarray", "data": [[0.9999992721178299, -0.0011653113571272826, 0.00031275110112248034, -0.7396987001300194], [-0.001164086360924525, -0.9999917608377387, -0.0038888506762830522, 0.08678549634727424], [0.00031728024617465566, 0.0038884837763668023, -0.999992389484623, 0.0021020066035137655], [0.0, 0.0, 0.0, 1.0]]}, "mean_rme": {"type": "float", "data": 0.001525512043228478}, "max_rme": {"type": "float", "data": 0.004463033551586781}, "simu": {"type": "float", "data": 0.002}}, {"type": "dict", "image_number": {"type": "int", "data": 10}, "Hcamera2end": {"type": "ndarray", "data": [[0.9999983693743985, -0.0013873825894409283, -0.00115603550754108, -0.016724107221515253], [0.0011559494133205647, -6.285540820627489e-05, 0.999999329914851, 0.030856186291908307], [-0.0013874543228601871, -0.9999990356089087, -6.125156162228862e-05, 0.03832056341837057], [0.0, 0.0, 0.0, 1.0]]}, "Hobj2base": {"type": "ndarray", "data": [[0.9999990371817646, -0.0013837433783552234, 0.00010435423604196828, -0.7399515404202467], [-0.0013833290312165686, -0.9999915497037126, -0.0038712946101797812, 0.0867861114228288], [0.0001097102325002534, 0.0038711465265824888, -0.9999925010660002, 0.002158973304055123], [0.0, 0.0, 0.0, 1.0]]}, "mean_rme": {"type": "float", "data": 0.0014676627943500582}, "max_rme": {"type": "float", "data": 0.0047555763998125}, "simu": {"type": "float", "data": 0.002}}, {"type": "dict", "image_number": {"type": "int", "data": 11}, "Hcamera2end": {"type": "ndarray", "data": [[0.9999987193710447, -0.001162393695987772, -0.0011000441656024043, -0.016797186957241094], [0.0010997736522892565, -0.00023333446925288825, 0.9999993680262698, 0.030847482662532632], [-0.001162649639607028, -0.9999992971977134, -0.0002320558004775819, 0.03840064847202366], [0.0, 0.0, 0.0, 1.0]]}, "Hobj2base": {"type": "ndarray", "data": [[0.9999993299641984, -0.0011418550996484798, 0.00019036303668831317, -0.7398602542470338], [-0.0011411198131865696, -0.9999920568186069, -0.0038189193842729377, 0.08668611909621417], [0.00019472217717426076, 0.0038186995984273633, -0.9999926897816056, 0.0021373022558016856], [0.0, 0.0, 0.0, 1.0]]}, "mean_rme": {"type": "float", "data": 0.0013936175486349046}, "max_rme": {"type": "float", "data": 0.004613643015765556}, "simu": {"type": "float", "data": 0.002}}, {"type": "dict", "image_number": {"type": "int", "data": 12}, "Hcamera2end": {"type": "ndarray", "data": [[0.9999964540884875, -0.0017601308220416025, -0.0019984368743492863, -0.01659622266498824], [0.001998420701267031, -1.0947264412974889e-05, 0.9999980030954353, 0.030737173814380913], [-0.0017601491846452053, -0.9999984509086236, -7.429743723141868e-06, 0.03824715225376531], [0.0, 0.0, 0.0, 1.0]]}, "Hobj2base": {"type": "ndarray", "data": [[0.9999984865773982, -0.0017394718475166944, 3.28725542661145e-05, -0.7399350233597274], [-0.0017393268678323095, -0.9999905299825855, -0.003989321645925594, 0.08633290523241137], [3.9811555656229676e-05, 0.0039892584322792, -0.9999920420844362, 0.0023326226281163895], [0.0, 0.0, 0.0, 1.0]]}, "mean_rme": {"type": "float", "data": 0.0014935722488155477}, "max_rme": {"type": "float", "data": 0.00484630440797984}, "simu": {"type": "float", "data": 0.002}}, {"type": "dict", "image_number": {"type": "int", "data": 13}, "Hcamera2end": {"type": "ndarray", "data": [[0.9999962236588723, -0.001505356733692858, -0.0022992540309829256, -0.016763743895859145], [0.0022994804878810884, 0.00014872055615511304, 0.9999973451323166, 0.030682677856854353], [-0.001505010790831685, -0.9999988558909955, 0.00015218153297191783, 0.038175603441184564], [0.0, 0.0, 0.0, 1.0]]}, "Hobj2base": {"type": "ndarray", "data": [[0.999998847549428, -0.001515441528942407, -9.130601321889913e-05, -0.7401318370660435], [-0.001515818836366329, -0.9999896720957782, -0.004284623091186355, 0.08617528604078634], [-8.481197445089032e-05, 0.004284756556744734, -0.9999908167919236, 0.0021619054238901604], [0.0, 0.0, 0.0, 1.0]]}, "mean_rme": {"type": "float", "data": 0.001527113587743059}, "max_rme": {"type": "float", "data": 0.005017207079211605}, "simu": {"type": "float", "data": 0.002}}, {"type": "dict", "image_number": {"type": "int", "data": 14}, "Hcamera2end": {"type": "ndarray", "data": [[0.9999966803282371, -0.0014441482419346385, -0.0021339560353585705, -0.016633557513475783], [0.0021341534964970502, 0.0001352046998711609, 0.9999977135516572, 0.030731182480435482], [-0.0014438564190789856, -0.9999989480772188, 0.0001382862850559663, 0.03816425901192611], [0.0, 0.0, 0.0, 1.0]]}, "Hobj2base": {"type": "ndarray", "data": [[0.9999989114857899, -0.0014696627348014665, -0.00013083837876346556, -0.7401725425066614], [-0.0014701689949838303, -0.9999910894949107, -0.003957212896498915, 0.08639209265589809], [-0.00012502144459976543, 0.003957400943544256, -0.9999921616429857, 0.002248466004738603], [0.0, 0.0, 0.0, 1.0]]}, "mean_rme": {"type": "float", "data": 0.001463990895387895}, "max_rme": {"type": "float", "data": 0.005068123852607409}, "simu": {"type": "float", "data": 0.002}}, {"type": "dict", "image_number": {"type": "int", "data": 15}, "Hcamera2end": {"type": "ndarray", "data": [[0.9999986414320263, -0.0007437667287750009, -0.00147103540232393, -0.01657553612886348], [0.0014713243714697861, 0.0003881234331721828, 0.9999988422817271, 0.030829541984371846], [-0.0007431949243920006, -0.999999648085565, 0.000389217227994898, 0.03805812842467093], [0.0, 0.0, 0.0, 1.0]]}, "Hobj2base": {"type": "ndarray", "data": [[0.9999996808355183, -0.0007519696050231435, -0.00026994550341491756, -0.7404596768118762], [-0.0007528610363305383, -0.9999942137056943, -0.00331749233458932, 0.08680857145683331], [-0.00026744928803027986, 0.0033176945072150516, -0.9999944606716755, 0.002392539710817317], [0.0, 0.0, 0.0, 1.0]]}, "mean_rme": {"type": "float", "data": 0.0014823513560626366}, "max_rme": {"type": "float", "data": 0.0052467347370188655}, "simu": {"type": "float", "data": 0.002}}, {"type": "dict", "image_number": {"type": "int", "data": 16}, "Hcamera2end": {"type": "ndarray", "data": [[0.9999976199217019, -0.0009824649491033508, -0.001948053786525877, -0.016529835647936607], [0.0019484406742872125, 0.00039298966329837093, 0.9999980245670805, 0.03080948673700376], [-0.000981697443308094, -0.9999994401607175, 0.00039490300262012834, 0.0380897096293807], [0.0, 0.0, 0.0, 1.0]]}, "Hobj2base": {"type": "ndarray", "data": [[0.9999995369009647, -0.0009416445163879458, -0.0001987547759023419, -0.7403694191831893], [-0.000942387304876575, -0.9999924464522054, -0.0037708015992831195, 0.08663874146818577], [-0.0001952025199502908, 0.0037709871570061303, -0.9999928707505061, 0.0022596393569833707], [0.0, 0.0, 0.0, 1.0]]}, "mean_rme": {"type": "float", "data": 0.0014672271102466187}, "max_rme": {"type": "float", "data": 0.005150718349463734}, "simu": {"type": "float", "data": 0.002}}, {"type": "dict", "image_number": {"type": "int", "data": 17}, "Hcamera2end": {"type": "ndarray", "data": [[0.9999965042143578, -5.3401805363946335e-05, -0.0026436163320252984, -0.0164961290981434], [0.0026436473527111145, 0.0005894229210261503, 0.9999963318479197, 0.03076891345991362], [-5.1843401417507725e-05, -0.9999998248644184, 0.0005895620360713005, 0.03799493962146885], [0.0, 0.0, 0.0, 1.0]]}, "Hobj2base": {"type": "ndarray", "data": [[0.9999999463366961, 4.2083129951146305e-07, -0.0003276071243580901, -0.7406481730184444], [-9.642143241820703e-07, -0.9999910630143616, -0.004227752414423719, 0.08627752124016465], [-0.0003276059757084672, 0.004227752503432039, -0.9999910093511315, 0.0021521665797874217], [0.0, 0.0, 0.0, 1.0]]}, "mean_rme": {"type": "float", "data": 0.0014625024227880965}, "max_rme": {"type": "float", "data": 0.005297126192925827}, "simu": {"type": "float", "data": 0.002}}, {"type": "dict", "image_number": {"type": "int", "data": 18}, "Hcamera2end": {"type": "ndarray", "data": [[0.9999946204300968, 0.0010069161895496677, -0.0031217351991866403, -0.016326741938231807], [0.003121023053023037, 0.0007080522628980512, 0.999994878925435, 0.030717825919725994], [0.0010091213847287328, -0.9999992423906031, 0.0007049058452412993, 0.03786694609395902], [0.0, 0.0, 0.0, 1.0]]}, "Hobj2base": {"type": "ndarray", "data": [[0.9999993604987069, 0.001032813508958074, -0.00046075854099940404, -0.7408971277211778], [0.0010308671248368158, -0.9999906287414162, -0.004204728566623819, 0.08608417673009054], [-0.00046509692357708245, 0.004204250896862058, -0.9999910539396084, 0.0021444322260623897], [0.0, 0.0, 0.0, 1.0]]}, "mean_rme": {"type": "float", "data": 0.0014564352679702073}, "max_rme": {"type": "float", "data": 0.005466267097978761}, "simu": {"type": "float", "data": 0.002}}, {"type": "dict", "image_number": {"type": "int", "data": 19}, "Hcamera2end": {"type": "ndarray", "data": [[0.999995968792624, 0.0005436493901850891, -0.002786905782760301, -0.01631872972012298], [0.0027867121655017705, 0.00035657659977683664, 0.9999960535364304, 0.03214830314205753], [0.0005446409900804912, -0.9999997886492124, 0.00035506016797326456, 0.037393837547488575], [0.0, 0.0, 0.0, 1.0]]}, "Hobj2base": {"type": "ndarray", "data": [[0.9999997399920701, 0.0006254279908960077, -0.0003589646503710268, -0.740150722660289], [0.0006240734085393699, -0.9999927312907833, -0.0037613691628844447, 0.08636544705871518], [-0.0003613145067199253, 0.0037611441646057332, -0.9999928615977214, 0.0008170573869321453], [0.0, 0.0, 0.0, 1.0]]}, "mean_rme": {"type": "float", "data": 0.0014338869275969464}, "max_rme": {"type": "float", "data": 0.0053915227940284915}, "simu": {"type": "float", "data": 0.002}}, {"type": "dict", "image_number": {"type": "int", "data": 20}, "Hcamera2end": {"type": "ndarray", "data": [[0.9999958138875507, 0.0001593789596696189, -0.002889083889817995, -0.016304828001694645], [0.0028890771645405772, 4.241087429068813e-05, 0.9999958257085154, 0.032563032772348725], [0.00015950082294905192, -0.9999999863998327, 4.1950238641064175e-05, 0.03664071857870191], [0.0, 0.0, 0.0, 1.0]]}, "Hobj2base": {"type": "ndarray", "data": [[0.9999999671667417, 0.0002385587905668095, -9.357467076904892e-05, -0.7391910892260167], [0.0002382027343363115, -0.999992801746246, -0.0037867816349012383, 0.08642229936959725], [-9.447736724178642e-05, 0.0037867592208264164, -0.9999928257385804, 0.00042835605878886187], [0.0, 0.0, 0.0, 1.0]]}, "mean_rme": {"type": "float", "data": 0.001402498943083043}, "max_rme": {"type": "float", "data": 0.0053703311880377025}, "simu": {"type": "float", "data": 0.002}}, {"type": "dict", "image_number": {"type": "int", "data": 21}, "Hcamera2end": {"type": "ndarray", "data": [[0.9999965290267562, 0.0002643222520172439, -0.002621462986015681, -0.016302194754035805], [0.0026214255763541876, 0.0001417777642110929, 0.9999965540075693, 0.033377039576163746], [0.0002646930063258837, -0.9999999550164054, 0.00014108437099236149, 0.035188269147892914], [0.0, 0.0, 0.0, 1.0]]}, "Hobj2base": {"type": "ndarray", "data": [[0.9999998421845502, 0.00040243790140268926, -0.000392013533238687, -0.7377877380222099], [0.00040105012607151604, -0.9999936757235999, -0.003533789976871405, 0.0865805112149394], [-0.00039343318505904014, 0.0035336322021078228, -0.9999936793069191, -0.00019012989190738577], [0.0, 0.0, 0.0, 1.0]]}, "mean_rme": {"type": "float", "data": 0.0014002194686990284}, "max_rme": {"type": "float", "data": 0.005349389108133651}, "simu": {"type": "float", "data": 0.002}}, {"type": "dict", "image_number": {"type": "int", "data": 22}, "Hcamera2end": {"type": "ndarray", "data": [[0.9999973945845164, -0.0002633226799621713, -0.00226748436491903, -0.016355285753800623], [0.002267484181858439, -9.937332403620047e-07, 0.9999974292539444, 0.03390455912262632], [-0.00026332425630101546, -0.9999999653300888, -3.966506396668734e-07, 0.03544500395928076], [0.0, 0.0, 0.0, 1.0]]}, "Hobj2base": {"type": "ndarray", "data": [[0.9999999798186663, -8.532314817830485e-05, -0.00018188630350955072, -0.7378311195322617], [-8.58852606245555e-05, -0.9999952139155652, -0.0030926961838743466, 0.0869019776933813], [-0.0001816215544115773, 0.003092711742812194, -0.9999952010623288, -0.0007075122126581926], [0.0, 0.0, 0.0, 1.0]]}, "mean_rme": {"type": "float", "data": 0.0014214611269000965}, "max_rme": {"type": "float", "data": 0.005266880642695482}, "simu": {"type": "float", "data": 0.002}}, {"type": "dict", "image_number": {"type": "int", "data": 23}, "Hcamera2end": {"type": "ndarray", "data": [[0.999997387023275, -3.1436823664334574e-05, -0.002285816779273638, -0.016438891907927192], [0.0022858177850193897, 3.199396923192488e-05, 0.9999973870033058, 0.03391376799475573], [-3.1363609168312545e-05, -0.9999999989940559, 3.206574448300081e-05, 0.03619853853346389], [0.0, 0.0, 0.0, 1.0]]}, "Hobj2base": {"type": "ndarray", "data": [[0.9999999781648047, 0.0001093549257421703, -0.00017807832659372916, -0.7385999567740115], [0.00010879368097285681, -0.9999950371047512, -0.0031486393573461257, 0.08682542757814327], [-0.00017842176203275963, 0.0031486199147983188, -0.9999950271667892, -0.0007843398712401125], [0.0, 0.0, 0.0, 1.0]]}, "mean_rme": {"type": "float", "data": 0.0014051330536907906}, "max_rme": {"type": "float", "data": 0.005239848305642447}, "simu": {"type": "float", "data": 0.002}}, {"type": "dict", "image_number": {"type": "int", "data": 24}, "Hcamera2end": {"type": "ndarray", "data": [[0.9999970854496752, -3.781585843283205e-05, -0.0024140551186141385, -0.01648140447849863], [0.0024140521008274036, -7.964555228978654e-05, 0.9999970830002658, 0.03404404661340684], [-3.8008016877163044e-05, -0.9999999961132735, -7.955403070636358e-05, 0.03578301685092602], [0.0, 0.0, 0.0, 1.0]]}, "Hobj2base": {"type": "ndarray", "data": [[0.9999999693972592, 0.0001195865545694677, -0.00021657455229188023, -0.7381887216852013], [0.00011887876890184644, -0.9999946622784175, -0.0032651619427155865, 0.08675106315378876], [-0.00021696386574405894, 0.00326513609667653, -0.9999946458921425, -0.0008850015683925192], [0.0, 0.0, 0.0, 1.0]]}, "mean_rme": {"type": "float", "data": 0.0013805270285406725}, "max_rme": {"type": "float", "data": 0.005286066174468029}, "simu": {"type": "float", "data": 0.002}}, {"type": "dict", "image_number": {"type": "int", "data": 25}, "Hcamera2end": {"type": "ndarray", "data": [[0.999996658095456, -0.0003299672505853251, -0.0025641605903786923, -0.01654026398200606], [0.0025641887046170837, 8.480829313994853e-05, 0.9999967088665046, 0.03340322839616635], [-0.0003297487025360473, -0.9999999419645819, 8.565410801564255e-05, 0.03614793656017655], [0.0, 0.0, 0.0, 1.0]]}, "Hobj2base": {"type": "ndarray", "data": [[0.9999999474703221, -0.00018021177839362286, -0.0002694124498015598, -0.7386228027346031], [-0.000181107464877996, -0.9999944448854483, -0.0033282725745948003, 0.0867999119628017], [-0.000268811159264893, 0.003328321192367504, -0.9999944249937605, -0.00028078975651665063], [0.0, 0.0, 0.0, 1.0]]}, "mean_rme": {"type": "float", "data": 0.0014135156130646376}, "max_rme": {"type": "float", "data": 0.005338460763554542}, "simu": {"type": "float", "data": 0.002}}, {"type": "dict", "image_number": {"type": "int", "data": 26}, "Hcamera2end": {"type": "ndarray", "data": [[0.9999961873192925, -0.0005610777492484648, -0.0027038007762714184, -0.01653324495147947], [0.002703790302413439, -1.9425071627887647e-05, 0.9999963445636523, 0.03405017701934986], [-0.0005611282197882134, -0.9999998424072004, -1.7907960988994276e-05, 0.03675403616090903], [0.0, 0.0, 0.0, 1.0]]}, "Hobj2base": {"type": "ndarray", "data": [[0.9999998881418255, -0.00038084316847592756, -0.00028049031619563136, -0.7391229771806346], [-0.0003818192538606097, -0.9999938435548132, -0.003488132240852904, 0.08675467625361681], [-0.0002791601580377047, 0.0034882389472800446, -0.9999938771105819, -0.0009849229306767443], [0.0, 0.0, 0.0, 1.0]]}, "mean_rme": {"type": "float", "data": 0.0014193575110594222}, "max_rme": {"type": "float", "data": 0.005303052630673599}, "simu": {"type": "float", "data": 0.002}}, {"type": "dict", "image_number": {"type": "int", "data": 27}, "Hcamera2end": {"type": "ndarray", "data": [[0.9999962015941897, -0.0008746866944680715, -0.0026137559907771436, -0.016529899506476278], [0.0026136215831824004, -0.0001547714897180974, 0.999996572508129, 0.03473783346422131], [-0.0008750882313949896, -0.9999996054844082, -0.0001524848018101821, 0.0368061139481361], [0.0, 0.0, 0.0, 1.0]]}, "Hobj2base": {"type": "ndarray", "data": [[0.9999997416266228, -0.0006756854464283692, -0.0002453484569273965, -0.7390366396730803], [-0.0006765256093620802, -0.9999938523277534, -0.003440584223526359, 0.08688570659931096], [-0.00024302219591844934, 0.0034407493190853223, -0.9999940510744729, -0.001667695744343455], [0.0, 0.0, 0.0, 1.0]]}, "mean_rme": {"type": "float", "data": 0.0014129928525524736}, "max_rme": {"type": "float", "data": 0.0052628224256272005}, "simu": {"type": "float", "data": 0.002}}, {"type": "dict", "image_number": {"type": "int", "data": 28}, "Hcamera2end": {"type": "ndarray", "data": [[0.9999976206366411, -0.00040089984451551646, -0.002144294842384792, -0.016534450831580713], [0.0021442454297324045, -0.00012364356989191805, 0.9999976934592424, 0.034405160278286], [-0.00040116404809289845, -0.9999999119957873, -0.00012278364803952613, 0.036368555948957736], [0.0, 0.0, 0.0, 1.0]]}, "Hobj2base": {"type": "ndarray", "data": [[0.9999999555425724, -0.00021462215181296582, -0.00020700769376141276, -0.7386802330949778], [-0.0002152396995984955, -0.999995513299861, -0.0029878172667221945, 0.08714114337023762], [-0.0002063655132089565, 0.0029878616901653442, -0.9999955150378403, -0.0012534235998538962], [0.0, 0.0, 0.0, 1.0]]}, "mean_rme": {"type": "float", "data": 0.0014509883350417628}, "max_rme": {"type": "float", "data": 0.005260314400339805}, "simu": {"type": "float", "data": 0.002}}, {"type": "dict", "image_number": {"type": "int", "data": 29}, "Hcamera2end": {"type": "ndarray", "data": [[0.9999983597883636, -0.0007911535858351568, -0.0016292625896609002, -0.016409271654344873], [0.0016291477179308132, -0.00014581798686408298, 0.9999986623065195, 0.03437251994499316], [-0.0007913901033050597, -0.999999676406507, -0.00014452884163285162, 0.03586643280247851], [0.0, 0.0, 0.0, 1.0]]}, "Hobj2base": {"type": "ndarray", "data": [[0.9999997829866608, -0.0006283155429945104, -0.0001981065616819695, -0.7381300884121766], [-0.0006287858480913552, -0.9999969630993399, -0.0023829436531894728, 0.08754027468034643], [-0.0001966087195166425, 0.0023830677026613132, -0.9999971411625814, -0.0011263216954104543], [0.0, 0.0, 0.0, 1.0]]}, "mean_rme": {"type": "float", "data": 0.0014363834999408913}, "max_rme": {"type": "float", "data": 0.005287843559189931}, "simu": {"type": "float", "data": 0.002}}, {"type": "dict", "image_number": {"type": "int", "data": 30}, "Hcamera2end": {"type": "ndarray", "data": [[0.9999983685921755, -0.000694580487744534, -0.0016674444319472966, -0.01591925435560281], [0.0016673643750144925, -0.00011582252192132714, 0.9999986032396166, 0.03444944158504617], [-0.000694772645201298, -0.999999752071514, -0.00011466421420669448, 0.03575487328855687], [0.0, 0.0, 0.0, 1.0]]}, "Hobj2base": {"type": "ndarray", "data": [[0.999999842729586, -0.0005288624243722022, -0.0001866690638589459, -0.7380699901827541], [-0.0005292883166720233, -0.9999972403706507, -0.0022889091200408006, 0.08805991098084262], [-0.00018545803069512634, 0.0022890075618177, -0.9999973630213732, -0.0012269487005689417], [0.0, 0.0, 0.0, 1.0]]}, "mean_rme": {"type": "float", "data": 0.0014269512316985194}, "max_rme": {"type": "float", "data": 0.005311705813062784}, "simu": {"type": "float", "data": 0.002}}]}