{"type": "list", "data": [{"type": "dict", "image_number": {"type": "int", "data": 5}, "Hcamera2end": {"type": "ndarray", "data": [[0.9999981274177915, 0.0010759235067286947, -0.0016085861861360553, -0.010021863793104718], [0.0016081845338800388, 0.000374070328509446, 0.9999986369060182, 0.026178264795130645], [0.0010765237645069215, -0.9999993512297881, 0.0003723393444888812, 0.034395492548039946], [0.0, 0.0, 0.0, 1.0]]}, "Hobj2base": {"type": "ndarray", "data": [[0.9999989804502892, 0.0014230354150953197, 0.00011861108451522593, -0.7366175905031339], [0.0014230877824192214, -0.9999988894645238, -0.0004425956198921322, 0.09667974128443016], [0.00011798112355173612, 0.0004427639626291291, -0.9999998950202584, 0.0036276148141870745], [0.0, 0.0, 0.0, 1.0]]}, "mean_rme": {"type": "float", "data": 0.0009327181854259971}, "max_rme": {"type": "float", "data": 0.0026077499011042393}, "simu": {"type": "float", "data": 0.002}}, {"type": "dict", "image_number": {"type": "int", "data": 6}, "Hcamera2end": {"type": "ndarray", "data": [[0.9999983139455775, 0.0010028346192845234, -0.0015383200995243464, -0.009917383908528752], [0.0015376148896178766, 0.0007036086662562946, 0.9999985703366261, 0.026401798892211385], [0.0010039155609220998, -0.9999992496285042, 0.0007020655064914338, 0.03406108951203452], [0.0, 0.0, 0.0, 1.0]]}, "Hobj2base": {"type": "ndarray", "data": [[0.9999990567289517, 0.0013673467570274977, -0.0001300155865905199, -0.7370793609822001], [0.0013672544276229193, -0.999998814959683, -0.0007075977386555975, 0.09641083811447355], [-0.0001309829639900387, 0.000707419306812711, -0.9999997412006603, 0.0035996549299276612], [0.0, 0.0, 0.0, 1.0]]}, "mean_rme": {"type": "float", "data": 0.001071483779295767}, "max_rme": {"type": "float", "data": 0.0031843925924259775}, "simu": {"type": "float", "data": 0.002}}, {"type": "dict", "image_number": {"type": "int", "data": 7}, "Hcamera2end": {"type": "ndarray", "data": [[0.9999982240222459, 0.0012054596110601952, -0.0014487302993132414, -0.009993973114011612], [0.0014470040069268465, 0.0014317035080895213, 0.9999979282000883, 0.02613932662958824], [0.0012075312658408818, -0.9999982485445617, 0.0014299566605285863, 0.03393389703942633], [0.0, 0.0, 0.0, 1.0]]}, "Hobj2base": {"type": "ndarray", "data": [[0.9999993148119827, 0.0011067626929075769, -0.0003813815762799884, -0.7369953450365275], [0.0011064973369981767, -0.9999991461205915, -0.0006952853591664545, 0.09646331689347475], [-0.00038215076652256395, 0.0006948628850667238, -0.9999996855631317, 0.0033898600169649995], [0.0, 0.0, 0.0, 1.0]]}, "mean_rme": {"type": "float", "data": 0.0012569923906794482}, "max_rme": {"type": "float", "data": 0.0035243330009590013}, "simu": {"type": "float", "data": 0.002}}, {"type": "dict", "image_number": {"type": "int", "data": 8}, "Hcamera2end": {"type": "ndarray", "data": [[0.9999980944864827, 0.0013469659960761479, -0.0014130484807736267, -0.010114667727132595], [0.0014101044450693827, 0.0021841289327880764, 0.9999966205874192, 0.025998654492097695], [0.0013500477241926048, -0.9999967076262853, 0.002182225408162486, 0.033688385084642725], [0.0, 0.0, 0.0, 1.0]]}, "Hobj2base": {"type": "ndarray", "data": [[0.9999988389366565, 0.0008269955749387282, -0.0012799233015861392, -0.7373552119491044], [0.0008259331979381772, -0.9999993141864465, -0.0008303378766682819, 0.09646378016204579], [-0.0012806091095471002, 0.0008292797814478159, -0.9999988361669991, 0.0033556961218148135], [0.0, 0.0, 0.0, 1.0]]}, "mean_rme": {"type": "float", "data": 0.0012965257108351505}, "max_rme": {"type": "float", "data": 0.003188585768724217}, "simu": {"type": "float", "data": 0.002}}, {"type": "dict", "image_number": {"type": "int", "data": 9}, "Hcamera2end": {"type": "ndarray", "data": [[0.999998052871018, 0.0011880961307813324, -0.001575652803358902, -0.01000467814011894], [0.0015731185257082253, 0.0021309836913031566, 0.9999964920971531, 0.026048709538771028], [0.001191449653482647, -0.9999970236636164, 0.0021291105259694243, 0.03356972691099004], [0.0, 0.0, 0.0, 1.0]]}, "Hobj2base": {"type": "ndarray", "data": [[0.9999989853936627, 0.0006636302326659593, -0.0012604787024513714, -0.737402594114831], [0.0006626358571207645, -0.9999994690848952, -0.0007891410830548074, 0.09640075617005535], [-0.0012610017311247424, 0.0007883050440018823, -0.9999988942242846, 0.003370460947622716], [0.0, 0.0, 0.0, 1.0]]}, "mean_rme": {"type": "float", "data": 0.00126357772779729}, "max_rme": {"type": "float", "data": 0.0033061885982270667}, "simu": {"type": "float", "data": 0.002}}, {"type": "dict", "image_number": {"type": "int", "data": 10}, "Hcamera2end": {"type": "ndarray", "data": [[0.9999982926108899, 0.0011203742713711531, -0.00146953625240628, -0.010024362673710112], [0.0014667083823382907, 0.0025206978194162177, 0.99999574741547, 0.02615034548042155], [0.0011240737637118526, -0.9999961954147604, 0.0025190502532690395, 0.033661840224355456], [0.0, 0.0, 0.0, 1.0]]}, "Hobj2base": {"type": "ndarray", "data": [[0.999998700169477, 0.00042987687405119377, -0.0015539836645075888, -0.737700951972907], [0.00042868310360346144, -0.9999996128563899, -0.0007684516036457217, 0.09653062850936658], [-0.0015543134024659775, 0.0007677844382486216, -0.9999984973073228, 0.0034640482775675162], [0.0, 0.0, 0.0, 1.0]]}, "mean_rme": {"type": "float", "data": 0.0012036950975663346}, "max_rme": {"type": "float", "data": 0.0033390656328209922}, "simu": {"type": "float", "data": 0.002}}, {"type": "dict", "image_number": {"type": "int", "data": 11}, "Hcamera2end": {"type": "ndarray", "data": [[0.9999987593258092, 0.0009185125398675728, -0.001279719327223487, -0.010110118101122313], [0.0012762504035184218, 0.0037673772544354334, 0.9999920889954732, 0.026414212087352913], [0.0009233264589961552, -0.9999924815734051, 0.0037662003283480683, 0.03369977405142226], [0.0, 0.0, 0.0, 1.0]]}, "Hobj2base": {"type": "ndarray", "data": [[0.9999967913487078, -0.00031301228806395425, -0.002513824893753819, -0.7386475458086939], [-0.0003146769150211668, -0.9999997314858731, -0.000661820686507528, 0.09686724871704237], [-0.0025136170607489502, 0.000662609605618197, -0.9999966213331835, 0.0036650649333092237], [0.0, 0.0, 0.0, 1.0]]}, "mean_rme": {"type": "float", "data": 0.00130960620746881}, "max_rme": {"type": "float", "data": 0.003747397539343944}, "simu": {"type": "float", "data": 0.002}}, {"type": "dict", "image_number": {"type": "int", "data": 12}, "Hcamera2end": {"type": "ndarray", "data": [[0.9999989986420829, 0.0009813189726473055, -0.0010196704886874218, -0.010140967552057532], [0.0010161851732963113, 0.0035456331286478626, 0.9999931979035712, 0.026322595087699255], [0.0009849276750860207, -0.9999932327264978, 0.0035446323764097842, 0.03370265804655396], [0.0, 0.0, 0.0, 1.0]]}, "Hobj2base": {"type": "ndarray", "data": [[0.9999973644862897, -0.0001798358752760154, -0.0022888161858628207, -0.7383990974109454], [-0.00018103059191594778, -0.9999998474848402, -0.0005217836916739678, 0.09690015128622857], [-0.0022887220013567576, 0.0005221966622548081, -0.9999972445273266, 0.0035216454451756315], [0.0, 0.0, 0.0, 1.0]]}, "mean_rme": {"type": "float", "data": 0.0013318062264294902}, "max_rme": {"type": "float", "data": 0.00390952720001736}, "simu": {"type": "float", "data": 0.002}}, {"type": "dict", "image_number": {"type": "int", "data": 13}, "Hcamera2end": {"type": "ndarray", "data": [[0.9999985217986911, 0.0012378158190224243, -0.0011934037166181246, -0.01012593658520507], [0.0011892337505741905, 0.003364092649999928, 0.9999936342816031, 0.026324886543005813], [0.0012418226601070511, -0.9999935753256819, 0.0033626156248448558, 0.03378715190227288], [0.0, 0.0, 0.0, 1.0]]}, "Hobj2base": {"type": "ndarray", "data": [[0.9999975594947318, 0.00013023180141641928, -0.0022054578341774095, -0.7382526412015242], [0.00012873010725092602, -0.9999997598151411, -0.0006810273263970801, 0.09671825886856962], [-0.002205545995875362, 0.0006807417555227711, -0.9999973360752128, 0.0035975723348852027], [0.0, 0.0, 0.0, 1.0]]}, "mean_rme": {"type": "float", "data": 0.0013276110517494953}, "max_rme": {"type": "float", "data": 0.00407819736168491}, "simu": {"type": "float", "data": 0.002}}, {"type": "dict", "image_number": {"type": "int", "data": 14}, "Hcamera2end": {"type": "ndarray", "data": [[0.9999976057069833, 0.0015284499054063025, -0.0015660208132132493, -0.010029672134903881], [0.0015611709243425569, 0.003169128579263991, 0.9999937596652256, 0.026324698837561958], [0.0015334032886820835, -0.9999938102133107, 0.003166734819889938, 0.033812781215778936], [0.0, 0.0, 0.0, 1.0]]}, "Hobj2base": {"type": "ndarray", "data": [[0.9999975153851286, 0.00043724097682756, -0.0021858737149324206, -0.7381462989206016], [0.0004350714887893212, -0.9999994124500491, -0.0009928808364314714, 0.09635120351722981], [-0.0021863065588092223, 0.0009919273581735185, -0.9999971180677203, 0.003727336796733423], [0.0, 0.0, 0.0, 1.0]]}, "mean_rme": {"type": "float", "data": 0.0013499188958422885}, "max_rme": {"type": "float", "data": 0.004144446762326587}, "simu": {"type": "float", "data": 0.002}}, {"type": "dict", "image_number": {"type": "int", "data": 15}, "Hcamera2end": {"type": "ndarray", "data": [[0.9999985207364107, 0.001703949919000821, -0.00023469057028733316, -0.010014567853965014], [0.00022994539582853418, 0.0027844706812327757, 0.9999960969164532, 0.026216276211633156], [0.001704596757354054, -0.9999946716246537, 0.002784074746828069, 0.03371711098779205], [0.0, 0.0, 0.0, 1.0]]}, "Hobj2base": {"type": "ndarray", "data": [[0.9999976818707816, 0.0007334319909279461, -0.0020244333967155328, -0.7378830387885028], [0.0007339906854310788, -0.9999996927484498, 0.0002752465785728545, 0.09675472592170288], [-0.002024230900059115, -0.00027673185577218326, -0.9999979129521934, 0.0033687908796942796], [0.0, 0.0, 0.0, 1.0]]}, "mean_rme": {"type": "float", "data": 0.0014033202435993091}, "max_rme": {"type": "float", "data": 0.004162777549406152}, "simu": {"type": "float", "data": 0.002}}, {"type": "dict", "image_number": {"type": "int", "data": 16}, "Hcamera2end": {"type": "ndarray", "data": [[0.9999947621779641, 0.00305886541065036, -0.0010578086011105397, -0.010013469121462774], [0.001052607869593088, 0.0017013262281759811, 0.9999979987508666, 0.026211171959281028], [0.003060658966616068, -0.9999938743969708, 0.001698097531128706, 0.03383372467069646], [0.0, 0.0, 0.0, 1.0]]}, "Hobj2base": {"type": "ndarray", "data": [[0.999995614633022, 0.002384776517001043, -0.0017560056060640157, -0.7373622027391317], [0.0023840816018847947, -0.99999707898131, -0.00039772322467993167, 0.0960020854389934], [-0.001756948957745303, 0.00039353501985941195, -0.9999983791289604, 0.003554671574691373], [0.0, 0.0, 0.0, 1.0]]}, "mean_rme": {"type": "float", "data": 0.0014681453435785514}, "max_rme": {"type": "float", "data": 0.0046417235189396555}, "simu": {"type": "float", "data": 0.002}}, {"type": "dict", "image_number": {"type": "int", "data": 17}, "Hcamera2end": {"type": "ndarray", "data": [[0.9999947943874764, 0.0030806193473101656, -0.0009596782719943091, -0.01009526325215714], [0.0009544852229673145, 0.0016867437270386976, 0.9999981219250156, 0.026248403266690187], [0.0030822322929812945, -0.999993832320998, 0.001683794540859762, 0.03383545911431742], [0.0, 0.0, 0.0, 1.0]]}, "Hobj2base": {"type": "ndarray", "data": [[0.9999955549296177, 0.0024059960270983423, -0.0017610519934530785, -0.7374090942462395], [0.0024053547097761035, -0.9999970400807354, -0.00036619460505629285, 0.09613953782142169], [-0.001761927843646267, 0.0003619570225888868, -0.9999983822973857, 0.003513571371381017], [0.0, 0.0, 0.0, 1.0]]}, "mean_rme": {"type": "float", "data": 0.0014829426351417095}, "max_rme": {"type": "float", "data": 0.004684874785494786}, "simu": {"type": "float", "data": 0.002}}, {"type": "dict", "image_number": {"type": "int", "data": 18}, "Hcamera2end": {"type": "ndarray", "data": [[0.999995248786374, 0.003079886223884297, -0.00012924985860432404, -0.009938286795336107], [0.0001236679893189443, 0.0018124836974234837, 0.9999983498031758, 0.02631189390658651], [0.003080115404727446, -0.9999936145814604, 0.0018120942025896536, 0.03391283837790905], [0.0, 0.0, 0.0, 1.0]]}, "Hobj2base": {"type": "ndarray", "data": [[0.9999955022454922, 0.0023353261913873834, -0.001881951212362521, -0.7375316929358721], [0.002336046318319134, -0.9999971990338385, 0.0003805418194827456, 0.09647895984759776], [-0.0018810572518029012, -0.0003849364330999573, -0.9999981567220801, 0.003531273003258864], [0.0, 0.0, 0.0, 1.0]]}, "mean_rme": {"type": "float", "data": 0.0014945795431648393}, "max_rme": {"type": "float", "data": 0.004690577769952298}, "simu": {"type": "float", "data": 0.002}}, {"type": "dict", "image_number": {"type": "int", "data": 19}, "Hcamera2end": {"type": "ndarray", "data": [[0.9999969002656341, 0.0024895678633387497, -3.8871291124842116e-05, -0.009970530850688717], [3.3499250059093426e-05, 0.002157826048933109, 0.9999976713295599, 0.026278449275913374], [0.002489645943440203, -0.9999945729045713, 0.002157735961589191, 0.03402013223454133], [0.0, 0.0, 0.0, 1.0]]}, "Hobj2base": {"type": "ndarray", "data": [[0.9999967929419269, 0.0016867704855013032, -0.0018891562111791793, -0.737586687549222], [0.0016875317924370146, -0.9999984955294845, 0.0004014663346669796, 0.09677312759714288], [-0.001888476187435121, -0.0004046530583083746, -0.9999981349550571, 0.00354388166022912], [0.0, 0.0, 0.0, 1.0]]}, "mean_rme": {"type": "float", "data": 0.0015257119637036884}, "max_rme": {"type": "float", "data": 0.004697783169808345}, "simu": {"type": "float", "data": 0.002}}, {"type": "dict", "image_number": {"type": "int", "data": 20}, "Hcamera2end": {"type": "ndarray", "data": [[0.9999970962161887, 0.0024098732511949744, 8.372806727433534e-06, -0.009968712906503476], [-1.3339881334329751e-05, 0.002061126515231715, 0.9999978757875115, 0.027867978097378808], [0.002409850874698166, -0.9999949721215607, 0.0020611526775891065, 0.033610073454433106], [0.0, 0.0, 0.0, 1.0]]}, "Hobj2base": {"type": "ndarray", "data": [[0.9999970422705088, 0.0016672450830435975, -0.0017708032265775211, -0.7369566535034731], [0.001668028502419783, -0.9999985115881103, 0.0004410243525512454, 0.09604982515227206], [-0.0017700652952096505, -0.0004439767983746198, -0.9999983348753405, 0.002155437325076087], [0.0, 0.0, 0.0, 1.0]]}, "mean_rme": {"type": "float", "data": 0.0015058121416077895}, "max_rme": {"type": "float", "data": 0.0047179749454951125}, "simu": {"type": "float", "data": 0.002}}, {"type": "dict", "image_number": {"type": "int", "data": 21}, "Hcamera2end": {"type": "ndarray", "data": [[0.9999977304341109, 0.002119561473425479, 0.00021583741013390131, -0.009945266427558823], [-0.0002200316960313802, 0.0019788123042903116, 0.9999980179419943, 0.029063722871920834], [0.0021191301706087935, -0.999995795871675, 0.001979274183951163, 0.03345775081115069], [0.0, 0.0, 0.0, 1.0]]}, "Hobj2base": {"type": "ndarray", "data": [[0.9999976745209782, 0.001469464121955435, -0.0015784890972175374, -0.7366199894420434], [0.0014705252723599643, -0.9999986934503664, 0.0006713069216221329, 0.09561361543439417], [-0.001577500573407042, -0.0006736265686215725, -0.9999985288585111, 0.00105530808225182], [0.0, 0.0, 0.0, 1.0]]}, "mean_rme": {"type": "float", "data": 0.0014746787118626252}, "max_rme": {"type": "float", "data": 0.004850887541164556}, "simu": {"type": "float", "data": 0.002}}, {"type": "dict", "image_number": {"type": "int", "data": 22}, "Hcamera2end": {"type": "ndarray", "data": [[0.9999980000950541, 0.001991413788127282, 0.0001845996113756951, -0.009991652546927604], [-0.0001887813205819094, 0.0020998860077575676, 0.9999977774177137, 0.029692005793820295], [0.0019910217239053067, -0.9999958123661713, 0.0021002577499099617, 0.033699296464979746], [0.0, 0.0, 0.0, 1.0]]}, "Hobj2base": {"type": "ndarray", "data": [[0.9999978276930425, 0.0012942441553253042, -0.001633873086412645, -0.7368373317599306], [0.001295354653148674, -0.9999989306450006, 0.000678796860738618, 0.09537593297630174], [-0.0016329928103526272, -0.0006809118312886138, -0.9999984348455551, 0.00048244032992753543], [0.0, 0.0, 0.0, 1.0]]}, "mean_rme": {"type": "float", "data": 0.001485411091671424}, "max_rme": {"type": "float", "data": 0.00491923212537565}, "simu": {"type": "float", "data": 0.002}}, {"type": "dict", "image_number": {"type": "int", "data": 23}, "Hcamera2end": {"type": "ndarray", "data": [[0.9999979928980574, 0.0020035258190810408, -9.173278841788325e-06, -0.010036772814934394], [5.376559852794194e-06, 0.001895015912936282, 0.9999982044412791, 0.029877062790573602], [0.0020035396051421633, -0.999996197392261, 0.0018950013373697505, 0.03425733249397482], [0.0, 0.0, 0.0, 1.0]]}, "Hobj2base": {"type": "ndarray", "data": [[0.9999980248967625, 0.0014422336352907538, -0.0013675396576614386, -0.7372434113147501], [0.0014428697586922066, -0.9999988512817584, 0.00046428657571312074, 0.09518778364038093], [-0.0013668684770277793, -0.0004662588403150539, -0.999998957136087, 0.0002398224911558968], [0.0, 0.0, 0.0, 1.0]]}, "mean_rme": {"type": "float", "data": 0.0014920577785211434}, "max_rme": {"type": "float", "data": 0.004983818731444503}, "simu": {"type": "float", "data": 0.002}}, {"type": "dict", "image_number": {"type": "int", "data": 24}, "Hcamera2end": {"type": "ndarray", "data": [[0.9999982374880134, 0.0018755164684787053, -8.636459440927767e-05, -0.010112933091393769], [8.315610187901816e-05, 0.0017107354006907771, 0.9999985332336502, 0.029929059586628413], [0.0018756614645032829, -0.9999967779059918, 0.0017105764248604993, 0.03453713214519002], [0.0, 0.0, 0.0, 1.0]]}, "Hobj2base": {"type": "ndarray", "data": [[0.9999983627190788, 0.001442663427398964, -0.0010923742018713132, -0.7374037877818714], [0.0014430525467407729, -0.9999988956053911, 0.0003555099785877567, 0.09519130085819999], [-0.00109186011421495, -0.0003570857498920557, -0.9999993401654113, 9.068971923461427e-05], [0.0, 0.0, 0.0, 1.0]]}, "mean_rme": {"type": "float", "data": 0.0015234882522172273}, "max_rme": {"type": "float", "data": 0.005016794293318583}, "simu": {"type": "float", "data": 0.002}}, {"type": "dict", "image_number": {"type": "int", "data": 25}, "Hcamera2end": {"type": "ndarray", "data": [[0.9999985677613411, 0.001686751865276039, -0.00013908059352183593, -0.010079963291731539], [0.00013599324500741187, 0.0018303279216745905, 0.9999983157013496, 0.02953362450648813], [0.0016870035873758349, -0.9999969023791243, 0.001830095913348595, 0.03405967961956745], [0.0, 0.0, 0.0, 1.0]]}, "Hobj2base": {"type": "ndarray", "data": [[0.9999986393625518, 0.0012417672628253535, -0.001085949865328159, -0.7369963047618469], [0.001242120506951936, -0.9999991758620526, 0.00032467192978778865, 0.09540166348075824], [-0.0010855458033820972, -0.0003260203686242484, -0.9999993576503077, 0.0004786422304891591], [0.0, 0.0, 0.0, 1.0]]}, "mean_rme": {"type": "float", "data": 0.0015137030239314253}, "max_rme": {"type": "float", "data": 0.004985807036914994}, "simu": {"type": "float", "data": 0.002}}, {"type": "dict", "image_number": {"type": "int", "data": 26}, "Hcamera2end": {"type": "ndarray", "data": [[0.9999990824569067, 0.0012444357074229446, -0.0005352243591876152, -0.010030508847902572], [0.0005324289399061012, 0.0022455820377531577, 0.9999973369368218, 0.028537698577017524], [0.0012456342836191943, -0.9999967043651101, 0.002244917403750435, 0.03323490256424342], [0.0, 0.0, 0.0, 1.0]]}, "Hobj2base": {"type": "ndarray", "data": [[0.9999990040281155, 0.000674724144417309, -0.001239633052933101, -0.7364226499385882], [0.0006746494958864057, -0.9999997705856754, -6.063542051531807e-05, 0.09579904858676526], [-0.0012396736807257502, 5.9799042309898594e-05, -0.9999992298163234, 0.0015157671896855569], [0.0, 0.0, 0.0, 1.0]]}, "mean_rme": {"type": "float", "data": 0.0015917043479530756}, "max_rme": {"type": "float", "data": 0.004883308828796271}, "simu": {"type": "float", "data": 0.002}}, {"type": "dict", "image_number": {"type": "int", "data": 27}, "Hcamera2end": {"type": "ndarray", "data": [[0.999999133037927, 0.0010499538635373139, -0.0007946825018830864, -0.010003981938649473], [0.0007925956746521268, 0.001986465227367895, 0.9999977128713828, 0.028916725380836752], [0.0010515300713145744, -0.9999974757732064, 0.00198563131628704, 0.03312363234428928], [0.0, 0.0, 0.0, 1.0]]}, "Hobj2base": {"type": "ndarray", "data": [[0.9999993745721764, 0.0006353332699484231, -0.0009204384238985639, -0.7361440969722752], [0.0006351025442987322, -0.9999997668369358, -0.0002509398980352158, 0.09548581777272075], [-0.0009205976397522999, 0.0002503551683055332, -0.9999995449110342, 0.0011924419814245413], [0.0, 0.0, 0.0, 1.0]]}, "mean_rme": {"type": "float", "data": 0.0015752087140103533}, "max_rme": {"type": "float", "data": 0.004928509056713451}, "simu": {"type": "float", "data": 0.002}}, {"type": "dict", "image_number": {"type": "int", "data": 28}, "Hcamera2end": {"type": "ndarray", "data": [[0.999999412531408, 0.0006879294908728116, -0.0008376692989253008, -0.009990443210133778], [0.0008363836550915198, 0.0018670259664430588, 0.9999979073360215, 0.028983104966694238], [0.0006894920015999319, -0.9999980204815688, 0.001866449496641942, 0.0332998575884218], [0.0, 0.0, 0.0, 1.0]]}, "Hobj2base": {"type": "ndarray", "data": [[0.999999715206399, 0.00035509532476329675, -0.0006659537756488229, -0.7362440713107105], [0.0003549420985103768, -0.9999999105144481, -0.000230189493419185, 0.09546725809816126], [-0.0006660354552685045, 0.00022995305283205053, -0.9999997517591523, 0.0011005496490002545], [0.0, 0.0, 0.0, 1.0]]}, "mean_rme": {"type": "float", "data": 0.0015321913461091995}, "max_rme": {"type": "float", "data": 0.004932917907787118}, "simu": {"type": "float", "data": 0.002}}, {"type": "dict", "image_number": {"type": "int", "data": 29}, "Hcamera2end": {"type": "ndarray", "data": [[0.9999991377985106, 0.0004307256393408894, -0.001240515078133468, -0.009964037612950304], [0.0012398512933553731, 0.0015379470228868986, 0.9999980487419587, 0.029229838190001908], [0.00043263264535528366, -0.9999987245963758, 0.0015374116611256428, 0.03315233421980377], [0.0, 0.0, 0.0, 1.0]]}, "Hobj2base": {"type": "ndarray", "data": [[0.9999999090245754, 0.0002872137467387122, -0.0003153713758520923, -0.7359326950748263], [0.0002870410996717899, -0.9999998090080169, -0.0005473493737937804, 0.09515170477670837], [-0.00031552852188311016, 0.0005472587994519091, -0.9999998004747592, 0.0009229181640614393], [0.0, 0.0, 0.0, 1.0]]}, "mean_rme": {"type": "float", "data": 0.0015225340190815925}, "max_rme": {"type": "float", "data": 0.004941145696811311}, "simu": {"type": "float", "data": 0.002}}, {"type": "dict", "image_number": {"type": "int", "data": 30}, "Hcamera2end": {"type": "ndarray", "data": [[0.9999991622906605, 0.0005620846114103291, -0.0011659669235581488, -0.009955643352423245], [0.0011650701941520935, 0.0015930600515112747, 0.9999980523836608, 0.029274665219943197], [0.0005639409720124597, -0.9999985731092628, 0.0015924038489626424, 0.03323098029613038], [0.0, 0.0, 0.0, 1.0]]}, "Hobj2base": {"type": "ndarray", "data": [[0.99999983433025, 0.0004081744795182299, -0.0004058732153056279, -0.7360248345293694], [0.000407971020223809, -0.9999997911568734, -0.0005012443067729994, 0.09513875092852794], [-0.00040607772567582533, 0.0005010786392222507, -0.9999997920105168, 0.0008806563001955851], [0.0, 0.0, 0.0, 1.0]]}, "mean_rme": {"type": "float", "data": 0.0014868759511439983}, "max_rme": {"type": "float", "data": 0.004958418371138584}, "simu": {"type": "float", "data": 0.002}}]}