{"type": "list", "data": [{"type": "dict", "image_number": {"type": "int", "data": 5}, "Hcamera2end": {"type": "ndarray", "data": [[0.9999899186690112, -0.003201844622284242, 0.0031481345840346595, -0.020645430077546312], [-0.0031473833658290417, 0.00023963212981159554, 0.9999950182647865, 0.02923723312116448], [-0.003202583065737445, -0.9999948453704435, 0.00022955228149668105, 0.03910387415681559], [0.0, 0.0, 0.0, 1.0]]}, "Hobj2base": {"type": "ndarray", "data": [[0.9999949987987655, -0.0031187950259719127, 0.0005248762168148201, -0.7405722308636887], [-0.003119519964387781, -0.9999941737043154, 0.0013860564976373073, 0.08709688258406338], [0.0005205503326202359, -0.0013876869275270265, -0.9999989016755677, -0.003900753297214199], [0.0, 0.0, 0.0, 1.0]]}, "mean_rme": {"type": "float", "data": 0.0013849123447698187}, "max_rme": {"type": "float", "data": 0.004855386806484563}, "simu": {"type": "float", "data": 0.002}}, {"type": "dict", "image_number": {"type": "int", "data": 6}, "Hcamera2end": {"type": "ndarray", "data": [[0.9999904295073432, -0.0032788550877657073, 0.0028965501951119807, -0.020539758924548297], [-0.002896841966758395, -8.42401441607521e-05, 0.9999958005962916, 0.02910822722946774], [-0.003278597312723487, -0.9999946209919891, -9.373766296216779e-05, 0.039276147677427285], [0.0, 0.0, 0.0, 1.0]]}, "Hobj2base": {"type": "ndarray", "data": [[0.9999949155607009, -0.0031202683899513453, 0.0006578585876496246, -0.7404438975345194], [-0.003121138325007243, -0.999994250728867, 0.001325520564588429, 0.0869075942900643], [0.0006537188255243216, -0.0013275670927099267, -0.999998905108056, -0.0037904287814678104], [0.0, 0.0, 0.0, 1.0]]}, "mean_rme": {"type": "float", "data": 0.0012662142759878093}, "max_rme": {"type": "float", "data": 0.0047213452244223575}, "simu": {"type": "float", "data": 0.002}}, {"type": "dict", "image_number": {"type": "int", "data": 7}, "Hcamera2end": {"type": "ndarray", "data": [[0.9999911418803694, -0.003213365586086467, 0.00271853681324701, -0.020023386816595996], [-0.002717508614133745, 0.0003242986617852939, 0.9999962549816425, 0.02929956223706408], [-0.0032142351698239073, -0.9999947845423937, 0.0003155634404484742, 0.039477034103970514], [0.0, 0.0, 0.0, 1.0]]}, "Hobj2base": {"type": "ndarray", "data": [[0.9999953150085628, -0.003054585156572288, 0.0001986717056895634, -0.740874340676071], [-0.0030548227256008624, -0.9999946059728475, 0.0012066827770182858, 0.08711626051080668], [0.00019498471874961705, -0.0012072840305612825, -0.9999992522228347, -0.003347485313835346], [0.0, 0.0, 0.0, 1.0]]}, "mean_rme": {"type": "float", "data": 0.0013410602753407327}, "max_rme": {"type": "float", "data": 0.004285157752637159}, "simu": {"type": "float", "data": 0.002}}, {"type": "dict", "image_number": {"type": "int", "data": 8}, "Hcamera2end": {"type": "ndarray", "data": [[0.9999936248270603, -0.002830755120644424, 0.002176495045583895, -0.019574874627449702], [-0.0021739223450491776, 0.0009115985699325035, 0.9999972215209826, 0.029240490502219735], [-0.0028327313452217373, -0.9999955778969697, 0.0009054389165238375, 0.0393802721432349], [0.0, 0.0, 0.0, 1.0]]}, "Hobj2base": {"type": "ndarray", "data": [[0.9999964357594681, -0.002637625790882435, -0.0004140030764401357, -0.741391146292637], [-0.002637270475229501, -0.9999961556361685, 0.0008564562590062395, 0.08665057975338895], [-0.0004162604959792002, -0.0008553613682999777, -0.9999995475419619, -0.003059488468187148], [0.0, 0.0, 0.0, 1.0]]}, "mean_rme": {"type": "float", "data": 0.001475103031441934}, "max_rme": {"type": "float", "data": 0.0044723943070041905}, "simu": {"type": "float", "data": 0.002}}, {"type": "dict", "image_number": {"type": "int", "data": 9}, "Hcamera2end": {"type": "ndarray", "data": [[0.9999950183604459, -0.002511956106686592, 0.0019113688313755286, -0.01965887562346689], [-0.0019101425075138904, 0.0004905032425648326, 0.9999980553791943, 0.02907349882204312], [-0.002512888754494011, -0.9999967247361798, 0.00048570260491809236, 0.03908189266797922], [0.0, 0.0, 0.0, 1.0]]}, "Hobj2base": {"type": "ndarray", "data": [[0.9999971695253825, -0.002378685409143985, 5.2886176433156464e-05, -0.7410754176595611], [-0.002378730453182472, -0.9999967935616101, 0.0008686241590815554, 0.08627420246804882], [5.081982324365279e-05, -0.000868747502421355, -0.9999996213474895, -0.0032625377195535377], [0.0, 0.0, 0.0, 1.0]]}, "mean_rme": {"type": "float", "data": 0.0014691560237898498}, "max_rme": {"type": "float", "data": 0.004240264561739537}, "simu": {"type": "float", "data": 0.002}}, {"type": "dict", "image_number": {"type": "int", "data": 10}, "Hcamera2end": {"type": "ndarray", "data": [[0.9999955301991104, -0.0023586100834580397, 0.0018375364688765895, -0.01965771388425742], [-0.001836809701201857, 0.00031026306667691905, 0.9999982649319701, 0.02905575025276142], [-0.0023591761108090535, -0.9999971703436481, 0.00030592936198015064, 0.03917622712452262], [0.0, 0.0, 0.0, 1.0]]}, "Hobj2base": {"type": "ndarray", "data": [[0.999997382026738, -0.002272608591106101, 0.0002668142831633047, -0.7409524804072576], [-0.0022728435926227743, -0.9999970265409321, 0.0008837936962997192, 0.08623659409992865], [0.00026480497265497885, -0.0008843978096853612, -0.9999995738593295, -0.0032355965586402637], [0.0, 0.0, 0.0, 1.0]]}, "mean_rme": {"type": "float", "data": 0.0013846594902449326}, "max_rme": {"type": "float", "data": 0.004298767518890134}, "simu": {"type": "float", "data": 0.002}}, {"type": "dict", "image_number": {"type": "int", "data": 11}, "Hcamera2end": {"type": "ndarray", "data": [[0.999996028772069, -0.0024223321696403644, 0.0014403981919406867, -0.019672214762020412], [-0.001439574458213324, 0.0003417673141875577, 0.999998905409642, 0.029325860997945537], [-0.0024228217992003477, -0.9999970077465047, 0.000338278829430938, 0.03926738787297437], [0.0, 0.0, 0.0, 1.0]]}, "Hobj2base": {"type": "ndarray", "data": [[0.9999971453774309, -0.002323493457176013, 0.0005573285780312265, -0.7409687617089972], [-0.002323531312702211, -0.9999972983338135, 6.72853079111151e-05, 0.0861866454842947], [0.0005571707353427569, -6.858008623947593e-05, -0.9999998424287591, -0.003389485033652445], [0.0, 0.0, 0.0, 1.0]]}, "mean_rme": {"type": "float", "data": 0.0013997938814270783}, "max_rme": {"type": "float", "data": 0.004478292886164081}, "simu": {"type": "float", "data": 0.002}}, {"type": "dict", "image_number": {"type": "int", "data": 12}, "Hcamera2end": {"type": "ndarray", "data": [[0.9999964903055351, -0.002237567185898316, 0.0014186859061908334, -0.019462600030507517], [-0.0014175839648361763, 0.0004939820795427652, 0.9999988732180692, 0.029331195120117323], [-0.0022382654700622, -0.9999973746339507, 0.0004908084064536578, 0.039224253353462406], [0.0, 0.0, 0.0, 1.0]]}, "Hobj2base": {"type": "ndarray", "data": [[0.9999975049879654, -0.0021820882968042357, 0.0004780256365978898, -0.741177601184733], [-0.002182111391255202, -0.9999976180498757, 4.779593503973548e-05, 0.0860901795800456], [0.0004779202030141801, -4.883892097523462e-05, -0.9999998846035132, -0.0033082186716183737], [0.0, 0.0, 0.0, 1.0]]}, "mean_rme": {"type": "float", "data": 0.0014608906172054114}, "max_rme": {"type": "float", "data": 0.004537073216400955}, "simu": {"type": "float", "data": 0.002}}, {"type": "dict", "image_number": {"type": "int", "data": 13}, "Hcamera2end": {"type": "ndarray", "data": [[0.9999971197901186, -0.001813462204605705, 0.001572185198923006, -0.01938509568052162], [-0.0015709169400541054, 0.0007005702779961931, 0.9999985207095324, 0.029395135098289473], [-0.0018145609481902236, -0.9999981102762735, 0.0006977194617093785, 0.039139314739256616], [0.0, 0.0, 0.0, 1.0]]}, "Hobj2base": {"type": "ndarray", "data": [[0.9999984406238231, -0.0017519296235335646, 0.00022246913539226092, -0.7415318592845515], [-0.0017519478630950022, -0.9999984619910232, 8.181853690449141e-05, 0.08608517271141175], [0.00022232545291417648, -8.220816364496921e-05, -0.9999999719066048, -0.003273663621392108], [0.0, 0.0, 0.0, 1.0]]}, "mean_rme": {"type": "float", "data": 0.001490183470622806}, "max_rme": {"type": "float", "data": 0.00459179572014623}, "simu": {"type": "float", "data": 0.002}}, {"type": "dict", "image_number": {"type": "int", "data": 14}, "Hcamera2end": {"type": "ndarray", "data": [[0.9999964084049536, -0.0022594921057044297, 0.0014414827843163003, -0.019431617576510195], [-0.001440303215347256, 0.0005235907675202878, 0.9999988256889881, 0.029374944360808855], [-0.002260244199435377, -0.9999973102704486, 0.0005203345332494003, 0.03918518544472868], [0.0, 0.0, 0.0, 1.0]]}, "Hobj2base": {"type": "ndarray", "data": [[0.9999978519325547, -0.0020700104958299185, 0.00010576778099041842, -0.7414442968181217], [-0.0020700002517528727, -0.9999978528550557, -9.687226612661019e-05, 0.086146256573679], [0.00010596808049929912, 9.665311870517146e-05, -0.99999998971447, -0.003298707438929817], [0.0, 0.0, 0.0, 1.0]]}, "mean_rme": {"type": "float", "data": 0.0014254028637519778}, "max_rme": {"type": "float", "data": 0.0046198812074005335}, "simu": {"type": "float", "data": 0.002}}, {"type": "dict", "image_number": {"type": "int", "data": 15}, "Hcamera2end": {"type": "ndarray", "data": [[0.9999940515327365, -0.0030196840418574788, 0.0016668555517082321, -0.01918173387121668], [-0.001666228523727571, 0.000210150733975345, 0.9999985897585933, 0.029315779224828593], [-0.003020030074291631, -0.9999954186619838, 0.0002051180002173858, 0.0393099888897463], [0.0, 0.0, 0.0, 1.0]]}, "Hobj2base": {"type": "ndarray", "data": [[0.9999958339007032, -0.0028710435960959146, 0.0002988141670411836, -0.7411494059565248], [-0.0028711083548163155, -0.9999958549201879, 0.00021651618259268835, 0.08648639811783622], [0.0002981913010331284, -0.00021737320841630172, -0.9999999319154158, -0.0031581233042722607], [0.0, 0.0, 0.0, 1.0]]}, "mean_rme": {"type": "float", "data": 0.001443429379790013}, "max_rme": {"type": "float", "data": 0.004698361030876064}, "simu": {"type": "float", "data": 0.002}}, {"type": "dict", "image_number": {"type": "int", "data": 16}, "Hcamera2end": {"type": "ndarray", "data": [[0.9999926356619877, -0.0034637407968828643, 0.0016526105055532604, -0.019070730998770484], [-0.001652098802455519, 0.00015058737367934505, 0.9999986239455482, 0.029292423117698838], [-0.0034639848928626673, -0.9999939898935067, 0.00014486382268041886, 0.03938017787172303], [0.0, 0.0, 0.0, 1.0]]}, "Hobj2base": {"type": "ndarray", "data": [[0.9999943840061947, -0.003320733766033238, 0.0004524194143120147, -0.7409751864094627], [-0.0033208686559073435, -0.999994441579253, 0.00029772800968419277, 0.08668692474684674], [0.0004514282241197038, -0.00029922876309784746, -0.999999853337342, -0.0031535901482198647], [0.0, 0.0, 0.0, 1.0]]}, "mean_rme": {"type": "float", "data": 0.0014183843231532105}, "max_rme": {"type": "float", "data": 0.004670689220851787}, "simu": {"type": "float", "data": 0.002}}, {"type": "dict", "image_number": {"type": "int", "data": 17}, "Hcamera2end": {"type": "ndarray", "data": [[0.999991222629271, -0.0041369401750097675, 0.0006636191710001902, -0.01915034380633119], [-0.0006638971011688375, -6.580964949520762e-05, 0.9999997774548399, 0.02922856713582598], [-0.004136895581808711, -0.9999914406609083, -6.855557444929161e-05, 0.039403970430481584], [0.0, 0.0, 0.0, 1.0]]}, "Hobj2base": {"type": "ndarray", "data": [[0.9999920063015603, -0.003983270998409152, 0.00034768539447057434, -0.7408354804749008], [-0.003982990935192687, -0.9999917458406529, -0.0008025171484982736, 0.08634322052439262], [0.0003508791679032648, 0.0008011259056437206, -0.9999996175404735, -0.0033613535614661592], [0.0, 0.0, 0.0, 1.0]]}, "mean_rme": {"type": "float", "data": 0.0013969074130643327}, "max_rme": {"type": "float", "data": 0.00465784017741544}, "simu": {"type": "float", "data": 0.002}}, {"type": "dict", "image_number": {"type": "int", "data": 18}, "Hcamera2end": {"type": "ndarray", "data": [[0.9999921517507767, -0.003942699086505984, 0.00038930805891432795, -0.019152963037164086], [-0.0003904686295551044, -0.00029359395099848307, 0.9999998806684134, 0.029498504617612428], [-0.003942584317526275, -0.9999921844327109, -0.0002951311471091067, 0.038906839740174434], [0.0, 0.0, 0.0, 1.0]]}, "Hobj2base": {"type": "ndarray", "data": [[0.9999925506681208, -0.0038217119689009506, 0.0005414110200133605, -0.7402472035280998], [-0.003821113228386771, -0.9999920916076639, -0.0011026403878992461, 0.08618822927445242], [0.0005456207122904274, 0.001100563381154486, -0.9999992455288564, -0.0036657805354308303], [0.0, 0.0, 0.0, 1.0]]}, "mean_rme": {"type": "float", "data": 0.0013484792631911979}, "max_rme": {"type": "float", "data": 0.004726803121389067}, "simu": {"type": "float", "data": 0.002}}, {"type": "dict", "image_number": {"type": "int", "data": 19}, "Hcamera2end": {"type": "ndarray", "data": [[0.9999936002919889, -0.003573690369905703, 0.00016766694962189253, -0.019026638548385905], [-0.00016875889856426095, -0.0003052528397438081, 0.9999999391705673, 0.029917492450606098], [-0.003573638971707641, -0.9999935677582351, -0.0003058539782654357, 0.038196216933106444], [0.0, 0.0, 0.0, 1.0]]}, "Hobj2base": {"type": "ndarray", "data": [[0.9999938134678134, -0.003458677918072731, 0.0006407598295698362, -0.739487760099377], [-0.0034578055061642984, -0.999993100135099, -0.0013576683227880069, 0.08590980966165036], [0.000645451145861672, 0.0013554443006624135, -0.9999988730811478, -0.00408381315175605], [0.0, 0.0, 0.0, 1.0]]}, "mean_rme": {"type": "float", "data": 0.0014288283778929474}, "max_rme": {"type": "float", "data": 0.004778369278452654}, "simu": {"type": "float", "data": 0.002}}, {"type": "dict", "image_number": {"type": "int", "data": 20}, "Hcamera2end": {"type": "ndarray", "data": [[0.9999928898926076, -0.003768134586894652, 0.00014603412670236883, -0.019077562318699864], [-0.00014652656611134824, -0.00013040946056497305, 0.9999999807616693, 0.02964306703123415], [-0.0037681154701703435, -0.9999928920522929, -0.00013096066516138372, 0.038032526073445386], [0.0, 0.0, 0.0, 1.0]]}, "Hobj2base": {"type": "ndarray", "data": [[0.999993153213278, -0.0036581037035700596, 0.000558394000248681, -0.7393692471471048], [-0.003657337253778394, -0.9999923768828405, -0.0013675015246544747, 0.0859767469632243], [0.000563392205937772, 0.0013654499264837974, -0.9999989090672654, -0.003787277585299678], [0.0, 0.0, 0.0, 1.0]]}, "mean_rme": {"type": "float", "data": 0.0013901740508441606}, "max_rme": {"type": "float", "data": 0.004805239037983633}, "simu": {"type": "float", "data": 0.002}}, {"type": "dict", "image_number": {"type": "int", "data": 21}, "Hcamera2end": {"type": "ndarray", "data": [[0.9999943208834469, -0.0033687663329455384, -9.805227084371047e-05, -0.019015365071071853], [0.00010140863989965138, 0.0009961635707721461, 0.9999994986870887, 0.028739462257471], [-0.003368666968039233, -0.99999382951673, 0.0009964995354551087, 0.0365345038873872], [0.0, 0.0, 0.0, 1.0]]}, "Hobj2base": {"type": "ndarray", "data": [[0.9999946294544112, -0.003238855704811277, -0.0005008752922210551, -0.738496762530281], [-0.0032397015313338187, -0.9999933118876878, -0.0016972076716329826, 0.0857485786181291], [-0.0004953749315613285, 0.001698821243153024, -0.9999984343038044, -0.0026359005270057438], [0.0, 0.0, 0.0, 1.0]]}, "mean_rme": {"type": "float", "data": 0.001438063430730998}, "max_rme": {"type": "float", "data": 0.0048673296272000455}, "simu": {"type": "float", "data": 0.002}}, {"type": "dict", "image_number": {"type": "int", "data": 22}, "Hcamera2end": {"type": "ndarray", "data": [[0.999991945998141, -0.0039988301261942505, -0.00034248572645873454, -0.019013703551430047], [0.00034608564587241815, 0.0008995858827521852, 0.9999995354848749, 0.02861366066378682], [-0.003998520173352608, -0.999991600016151, 0.0009009625751927874, 0.03574615748125967], [0.0, 0.0, 0.0, 1.0]]}, "Hobj2base": {"type": "ndarray", "data": [[0.9999924994455992, -0.003860425904614376, -0.00031331195025232635, -0.7375661541555986], [-0.0038609946923867104, -0.99999086165938, -0.0018355701338411913, 0.08585277884783199], [-0.0003062230046065876, 0.0018367660618245315, -0.9999982662574498, -0.002501430461747384], [0.0, 0.0, 0.0, 1.0]]}, "mean_rme": {"type": "float", "data": 0.0014597222737133234}, "max_rme": {"type": "float", "data": 0.004919582408124623}, "simu": {"type": "float", "data": 0.002}}, {"type": "dict", "image_number": {"type": "int", "data": 23}, "Hcamera2end": {"type": "ndarray", "data": [[0.9999916586549634, -0.00404397680263578, -0.0005734737264528871, -0.01909511605227337], [0.0005778041794218883, 0.0010697532105607976, 0.9999992608849262, 0.027830117577894296], [-0.004043360338311522, -0.9999912509015707, 0.0010720809140781773, 0.03577506873576743], [0.0, 0.0, 0.0, 1.0]]}, "Hobj2base": {"type": "ndarray", "data": [[0.999992191897039, -0.003939719737041231, -0.0003078203192579469, -0.737678365952606], [-0.00394037164360699, -0.9999899324894621, -0.0021467163370646318, 0.0856937621029584], [-0.0002993597595506765, 0.0021479125017397744, -0.9999976484250448, -0.0017839195641077517], [0.0, 0.0, 0.0, 1.0]]}, "mean_rme": {"type": "float", "data": 0.0014411329027815391}, "max_rme": {"type": "float", "data": 0.004878555336371049}, "simu": {"type": "float", "data": 0.002}}, {"type": "dict", "image_number": {"type": "int", "data": 24}, "Hcamera2end": {"type": "ndarray", "data": [[0.9999913780461381, -0.004119281309041357, -0.0005247426822584565, -0.0190082503214895], [0.0005288187999678347, 0.0009884947624236862, 0.9999993716141933, 0.027494735050907878], [-0.0041187600151504165, -0.9999910271595449, 0.0009906645930660707, 0.03516772451519567], [0.0, 0.0, 0.0, 1.0]]}, "Hobj2base": {"type": "ndarray", "data": [[0.9999918677182867, -0.0040282365302796224, -0.00019444214712376195, -0.7370529733389141], [-0.004028631499516854, -0.9999897310730888, -0.0020755424862215766, 0.08572590035219378], [-0.0001860793743484196, 0.002076308943084107, -0.9999978271554588, -0.0014168152384683743], [0.0, 0.0, 0.0, 1.0]]}, "mean_rme": {"type": "float", "data": 0.0014625720044306476}, "max_rme": {"type": "float", "data": 0.004991888106584352}, "simu": {"type": "float", "data": 0.002}}, {"type": "dict", "image_number": {"type": "int", "data": 25}, "Hcamera2end": {"type": "ndarray", "data": [[0.9999914568886712, -0.004119676719361013, -0.0003382505002397327, -0.01891776116474953], [0.0003420054829586835, 0.0009108047223870264, 0.9999995267333917, 0.027220015394608388], [-0.004119366689502617, -0.9999910993096317, 0.0009122058933069832, 0.034493769744398065], [0.0, 0.0, 0.0, 1.0]]}, "Hobj2base": {"type": "ndarray", "data": [[0.9999917690498317, -0.004057285897045956, -1.624000288911246e-05, -0.7363345269258985], [-0.004057309103477647, -0.9999900354081361, -0.0018620760654017357, 0.08584075101872052], [-8.684866104730515e-06, 0.0018621266294579942, -0.9999982662029914, -0.0010984924199457047], [0.0, 0.0, 0.0, 1.0]]}, "mean_rme": {"type": "float", "data": 0.00146291206096147}, "max_rme": {"type": "float", "data": 0.005422802213836175}, "simu": {"type": "float", "data": 0.002}}, {"type": "dict", "image_number": {"type": "int", "data": 26}, "Hcamera2end": {"type": "ndarray", "data": [[0.9999922570251257, -0.003917167311658715, -0.00037641738444160896, -0.018916921276102883], [0.00038098459654948387, 0.0011652668031683078, 0.9999992485017248, 0.026270766637002684], [-0.003916725741232013, -0.9999916489418947, 0.0011667501609445852, 0.034677322523285176], [0.0, 0.0, 0.0, 1.0]]}, "Hobj2base": {"type": "ndarray", "data": [[0.999992632261517, -0.0038349314965056016, -0.00016947890594913763, -0.7367308747392365], [-0.0038352279224475945, -0.9999910527699902, -0.0017847707838148587, 0.0858363682691852], [-0.00016263291588948959, 0.0017854076243228336, -0.9999983929337841, -0.0001398559382043269], [0.0, 0.0, 0.0, 1.0]]}, "mean_rme": {"type": "float", "data": 0.0014838547491149254}, "max_rme": {"type": "float", "data": 0.0054347387565382155}, "simu": {"type": "float", "data": 0.002}}, {"type": "dict", "image_number": {"type": "int", "data": 27}, "Hcamera2end": {"type": "ndarray", "data": [[0.9999918365110855, -0.004028169662222325, -0.0003174277221853583, -0.018882456415939566], [0.0003220443035473594, 0.0011454773398040796, 0.9999992920843147, 0.02629976962119602], [-0.0040278032043550484, -0.9999912308269691, 0.0011467652378059912, 0.03461780359065385], [0.0, 0.0, 0.0, 1.0]]}, "Hobj2base": {"type": "ndarray", "data": [[0.9999921931891612, -0.003948147370275953, -0.00016029059163515295, -0.7366485626118346], [-0.0039484154075931956, -0.9999907466523543, -0.0017078130564138739, 0.08593931062380467], [-0.00015354641078298086, 0.0017084326176820988, -0.9999985288396631, -0.00015571534786928758], [0.0, 0.0, 0.0, 1.0]]}, "mean_rme": {"type": "float", "data": 0.001442727978372723}, "max_rme": {"type": "float", "data": 0.005476768784127728}, "simu": {"type": "float", "data": 0.002}}, {"type": "dict", "image_number": {"type": "int", "data": 28}, "Hcamera2end": {"type": "ndarray", "data": [[0.9999932133092262, -0.0036704535929098793, -0.00031797155648517436, -0.01883135368413883], [0.00032248772699442494, 0.001229885841027234, 0.9999991916909151, 0.02577268757946507], [-0.003670059557333725, -0.9999925075475516, 0.0012310611704086094, 0.0345372286130512], [0.0, 0.0, 0.0, 1.0]]}, "Hobj2base": {"type": "ndarray", "data": [[0.9999934766044685, -0.003607815160491825, -0.00017440836048643357, -0.7366869657889411], [-0.0036080934804341895, -0.9999921741797655, -0.0016227263049229319, 0.08593617651452888], [-0.00016855249903372727, 0.0016233450009058095, -0.999998668169644, 0.00038213949204189094], [0.0, 0.0, 0.0, 1.0]]}, "mean_rme": {"type": "float", "data": 0.0014271856490174189}, "max_rme": {"type": "float", "data": 0.005565283399179721}, "simu": {"type": "float", "data": 0.002}}, {"type": "dict", "image_number": {"type": "int", "data": 29}, "Hcamera2end": {"type": "ndarray", "data": [[0.9999915308486612, -0.0038489353385818396, -0.0014573701350602203, -0.01882576017998807], [0.0014629914401395687, 0.0014580716729519771, 0.9999978668392462, 0.02598026163539918], [-0.0038468021780730935, -0.999991529826006, 0.0014636902837763532, 0.035584648626983024], [0.0, 0.0, 0.0, 1.0]]}, "Hobj2base": {"type": "ndarray", "data": [[0.9999932859558742, -0.0036433357029857162, -0.00039261702516759565, -0.7377891903564691], [-0.0036444301262714943, -0.9999893720587725, -0.0028238092282126866, 0.08539223389082115], [-0.00038232476747735925, 0.0028252211343475333, -0.9999959359683992, -2.035127758806256e-05], [0.0, 0.0, 0.0, 1.0]]}, "mean_rme": {"type": "float", "data": 0.0014978949974366615}, "max_rme": {"type": "float", "data": 0.005630482639588985}, "simu": {"type": "float", "data": 0.002}}, {"type": "dict", "image_number": {"type": "int", "data": 30}, "Hcamera2end": {"type": "ndarray", "data": [[0.9999931037025397, -0.0034803597185113734, -0.0012960106448389685, -0.01706461202844326], [0.0013035628137611432, 0.002168548148103966, 0.999996799056337, 0.025794694612412208], [-0.0034775381165921986, -0.9999915922122342, 0.0021730700606584774, 0.03527181088551078], [0.0, 0.0, 0.0, 1.0]]}, "Hobj2base": {"type": "ndarray", "data": [[0.999993906957218, -0.003318928776444892, -0.0010820167353942493, -0.7377716493185922], [-0.0033215941207261567, -0.9999914308166262, -0.0024708917043693786, 0.08727269315269225], [-0.0010738067498133191, 0.002474470669547327, -0.9999963619603676, 0.00022420038194072013], [0.0, 0.0, 0.0, 1.0]]}, "mean_rme": {"type": "float", "data": 0.0015242205301798561}, "max_rme": {"type": "float", "data": 0.005653691741610345}, "simu": {"type": "float", "data": 0.002}}]}