{"type": "list", "data": [{"type": "dict", "image_number": {"type": "int", "data": 5}, "Hcamera2end": {"type": "ndarray", "data": [[0.9999876870737813, -0.0028650600992826993, 0.004051805950047629, -0.015519976972224164], [-0.004047954718952162, 0.0013487296529327564, 0.9999908974540299, 0.012244998758708363], [-0.002870498810774196, -0.999994986166906, 0.001337115412575085, 0.035127892712120565], [0.0, 0.0, 0.0, 1.0]]}, "Hobj2base": {"type": "ndarray", "data": [[0.9999973367019196, -0.002300885562932442, 0.00018031831288051626, -0.7381115204163708], [-0.002300797794591452, -0.9999972353318543, -0.0004854463471811785, 0.09397834244115448], [0.00018143477085202805, 0.0004850301783162539, -0.9999998659135658, 0.012073943462863945], [0.0, 0.0, 0.0, 1.0]]}, "mean_rme": {"type": "float", "data": 0.002335273719488683}, "max_rme": {"type": "float", "data": 0.007690630969667852}, "simu": {"type": "float", "data": 0.002}}, {"type": "dict", "image_number": {"type": "int", "data": 6}, "Hcamera2end": {"type": "ndarray", "data": [[0.999989482624482, -0.0030662235917914495, 0.0034107056903223414, -0.015781504476009896], [-0.0034089002116260534, 0.0005938616706320232, 0.9999940133459115, 0.013077512433312852], [-0.0030682307227507363, -0.999995122788707, 0.0005834029745148683, 0.03570542882201974], [0.0, 0.0, 0.0, 1.0]]}, "Hobj2base": {"type": "ndarray", "data": [[0.9999961847220623, -0.00247153911239456, 0.0012337081239011173, -0.7376933405110871], [-0.0024705749613229367, -0.999996642033675, -0.0007824197944031656, 0.09264437891202874], [0.0012356377622749614, 0.0007793688408536952, -0.9999989328911958, 0.012161349828213958], [0.0, 0.0, 0.0, 1.0]]}, "mean_rme": {"type": "float", "data": 0.0023370073594068622}, "max_rme": {"type": "float", "data": 0.008045058233493092}, "simu": {"type": "float", "data": 0.002}}, {"type": "dict", "image_number": {"type": "int", "data": 7}, "Hcamera2end": {"type": "ndarray", "data": [[0.9999925406613451, -0.002924489676910494, 0.002523089732371843, -0.015576492024844013], [-0.0025219007700649685, 0.00041017014644884053, 0.9999967358831511, 0.01338447538613672], [-0.002925515027119496, -0.9999956395507833, 0.00040279181408253706, 0.03563053878481544], [0.0, 0.0, 0.0, 1.0]]}, "Hobj2base": {"type": "ndarray", "data": [[0.9999963350033448, -0.002407599295581514, 0.0012383236693717169, -0.7375713870611821], [-0.002406949926292116, -0.9999969651547675, -0.0005256170722420955, 0.09233478733887866], [0.0012395853865439085, 0.0005226345627925638, -0.999999095140182, 0.012017311874386831], [0.0, 0.0, 0.0, 1.0]]}, "mean_rme": {"type": "float", "data": 0.0020197797451132404}, "max_rme": {"type": "float", "data": 0.007865749850552302}, "simu": {"type": "float", "data": 0.002}}, {"type": "dict", "image_number": {"type": "int", "data": 8}, "Hcamera2end": {"type": "ndarray", "data": [[0.9999950354998128, -0.002627542607842282, 0.0017392514401590618, -0.015512282479648334], [-0.0017376905357420576, 0.0005962210265868517, 0.9999983124746207, 0.01374031328775288], [-0.0026285751520765902, -0.999996370263578, 0.0005916522107255462, 0.03581902742176929], [0.0, 0.0, 0.0, 1.0]]}, "Hobj2base": {"type": "ndarray", "data": [[0.9999972331813672, -0.001982184169458113, 0.0012667184093303912, -0.7377216907757216], [-0.001981507873408509, -0.9999978937369143, -0.0005349282967490591, 0.09168036416756686], [0.001267776067689777, 0.0005324168041980008, -0.9999990546376476, 0.011950409465193816], [0.0, 0.0, 0.0, 1.0]]}, "mean_rme": {"type": "float", "data": 0.0018823288919507998}, "max_rme": {"type": "float", "data": 0.007829762459104595}, "simu": {"type": "float", "data": 0.002}}, {"type": "dict", "image_number": {"type": "int", "data": 9}, "Hcamera2end": {"type": "ndarray", "data": [[0.9999980378675789, -0.001798454554978296, 0.000830555359870274, -0.01525784341101638], [-0.0008303385671778346, 0.00012128719004578237, 0.9999996479135785, 0.013902422185697772], [-0.001798554657492644, -0.9999983754239957, 0.00011979362588598885, 0.03624088492221826], [0.0, 0.0, 0.0, 1.0]]}, "Hobj2base": {"type": "ndarray", "data": [[0.9999980945944449, -0.0012413428042600393, 0.0015066106072561993, -0.737403418711388], [-0.0012406167104499803, -0.9999991138976299, -0.0004827775191058345, 0.09102324724459104], [0.00150720856464437, 0.00048090747292336446, -0.9999987485243895, 0.011860097507815661], [0.0, 0.0, 0.0, 1.0]]}, "mean_rme": {"type": "float", "data": 0.0018788027542781987}, "max_rme": {"type": "float", "data": 0.00800241126143675}, "simu": {"type": "float", "data": 0.002}}, {"type": "dict", "image_number": {"type": "int", "data": 10}, "Hcamera2end": {"type": "ndarray", "data": [[0.9999987758252267, -0.001513287781083659, 0.0003978795543512461, -0.015256187653163715], [-0.0003968379881920213, 0.0006885182932738765, 0.9999996842310357, 0.014119962786836214], [-0.0015135612505860342, -0.9999986179503708, 0.0006879169203285462, 0.03624556276987703], [0.0, 0.0, 0.0, 1.0]]}, "Hobj2base": {"type": "ndarray", "data": [[0.9999988241566219, -0.0009178861190546748, 0.0012284829856777273, -0.7378815533817067], [-0.0009174839911125461, -0.9999995253651828, -0.0003278605431164862, 0.09079610906338562], [0.0012287833412384418, 0.0003267330441311242, -0.9999991916681825, 0.011812586569116773], [0.0, 0.0, 0.0, 1.0]]}, "mean_rme": {"type": "float", "data": 0.0017760470480889597}, "max_rme": {"type": "float", "data": 0.007762253399968312}, "simu": {"type": "float", "data": 0.002}}, {"type": "dict", "image_number": {"type": "int", "data": 11}, "Hcamera2end": {"type": "ndarray", "data": [[0.9999992947893951, -0.001117151510549929, 0.0004029804150018691, -0.015425237394368662], [-0.00040272391732888984, 0.0002298151638524537, 0.9999998924992125, 0.014093942757376023], [-0.0011172440014653648, -0.9999993495785348, 0.00022936509815174588, 0.03648111164509275], [0.0, 0.0, 0.0, 1.0]]}, "Hobj2base": {"type": "ndarray", "data": [[0.9999989135668137, -0.0006223211401430218, 0.0013362565587286478, -0.7376683975184708], [-0.0006217581217199338, -0.9999997177869688, -0.0004217141468295443, 0.09063287487728172], [0.0013365186232483027, 0.00042088286029720904, -0.9999990182873122, 0.01196119915158666], [0.0, 0.0, 0.0, 1.0]]}, "mean_rme": {"type": "float", "data": 0.0017244489692759338}, "max_rme": {"type": "float", "data": 0.0077946725015992}, "simu": {"type": "float", "data": 0.002}}, {"type": "dict", "image_number": {"type": "int", "data": 12}, "Hcamera2end": {"type": "ndarray", "data": [[0.9999991081370376, -0.0013169213464679999, 0.0002223584866742123, -0.015323151018052025], [-0.00022186152466927402, 0.00037750056982388536, 0.9999999041353871, 0.014221798507977284], [-0.0013170051606772697, -0.9999990616053032, 0.00037720805896723775, 0.0363618904363079], [0.0, 0.0, 0.0, 1.0]]}, "Hobj2base": {"type": "ndarray", "data": [[0.9999990352039223, -0.0008785054761995732, 0.0010760201452065946, -0.7378717039336896], [-0.0008781469478754346, -0.9999995587758288, -0.0003336256673427838, 0.09058047048166713], [0.0010763127624162589, 0.0003326804416556828, -0.9999993654370793, 0.011865227796489264], [0.0, 0.0, 0.0, 1.0]]}, "mean_rme": {"type": "float", "data": 0.001722771543635924}, "max_rme": {"type": "float", "data": 0.007797859670036921}, "simu": {"type": "float", "data": 0.002}}, {"type": "dict", "image_number": {"type": "int", "data": 13}, "Hcamera2end": {"type": "ndarray", "data": [[0.9999998071131144, -0.0005429841159183218, -0.0003015658864334035, -0.01550743490113558], [0.00030161329129079796, 8.722454809328983e-05, 0.9999999507106492, 0.014220473169269752], [-0.0005429577852068227, -0.9999998487800525, 8.73883024951061e-05, 0.036557035897745005], [0.0, 0.0, 0.0, 1.0]]}, "Hobj2base": {"type": "ndarray", "data": [[0.9999992090471733, -0.0001610184759523325, 0.0012473885032870077, -0.7376914488555047], [-0.00016022011747318023, -0.9999997823023847, -0.0006400974117244856, 0.09018246110607307], [0.0012474912992432024, 0.0006398970487050971, -0.9999990171481294, 0.011979556919703312], [0.0, 0.0, 0.0, 1.0]]}, "mean_rme": {"type": "float", "data": 0.0017301408977154341}, "max_rme": {"type": "float", "data": 0.0076644846689392435}, "simu": {"type": "float", "data": 0.002}}, {"type": "dict", "image_number": {"type": "int", "data": 14}, "Hcamera2end": {"type": "ndarray", "data": [[0.9999991971541115, -0.0011037625624157356, -0.0006224141212064302, -0.015695417720512583], [0.0006225592583529869, 0.00013115438339661445, 0.9999997976092284, 0.014282966043096347], [-0.0011036807066840944, -0.999999382253176, 0.00013184143570210693, 0.036511989215026575], [0.0, 0.0, 0.0, 1.0]]}, "Hobj2base": {"type": "ndarray", "data": [[0.9999991878021913, -0.0007100602297795372, 0.0010583994651170167, -0.7379139722660295], [-0.0007090041494241886, -0.999999250803659, -0.000997850308174668, 0.09006677110187591], [0.0010591072059871177, 0.0009970990881103183, -0.999998942042108, 0.012035506772423979], [0.0, 0.0, 0.0, 1.0]]}, "mean_rme": {"type": "float", "data": 0.0017566430572570956}, "max_rme": {"type": "float", "data": 0.007536810384532395}, "simu": {"type": "float", "data": 0.002}}, {"type": "dict", "image_number": {"type": "int", "data": 15}, "Hcamera2end": {"type": "ndarray", "data": [[0.999998153274267, -0.0015334172980457088, -0.0011584815257779774, -0.0156642892925333], [0.0011588519503031563, 0.00024070152864430483, 0.9999992995622206, 0.014430775020142983], [-0.0015331373757081403, -0.9999987953463566, 0.0002424780877610111, 0.03648437664137285], [0.0, 0.0, 0.0, 1.0]]}, "Hobj2base": {"type": "ndarray", "data": [[0.9999988061950379, -0.0012141282620812734, 0.0009557724950825362, -0.7380282823565316], [-0.0012127169350477666, -0.9999981756169325, -0.0014758321182251914, 0.08968752288965831], [0.0009575626008722047, 0.001474671274878646, -0.9999984542080531, 0.011968375616630023], [0.0, 0.0, 0.0, 1.0]]}, "mean_rme": {"type": "float", "data": 0.001782548679879723}, "max_rme": {"type": "float", "data": 0.00767117906562491}, "simu": {"type": "float", "data": 0.002}}, {"type": "dict", "image_number": {"type": "int", "data": 16}, "Hcamera2end": {"type": "ndarray", "data": [[0.9999966917096684, -0.002255698792424626, -0.0012362817948180596, -0.015808427865330286], [0.001236893904320478, 0.00026998651437037946, 0.9999991986000548, 0.014455066451691484], [-0.0022553632052951743, -0.9999974194617905, 0.00027277568126293783, 0.03643189946504147], [0.0, 0.0, 0.0, 1.0]]}, "Hobj2base": {"type": "ndarray", "data": [[0.999997811875662, -0.0019148241862198866, 0.0008424323260923205, -0.738150674212113], [-0.0019133471309158378, -0.9999966371610296, -0.0017506482768987895, 0.08967046421124385], [0.0008457816767902341, 0.001749032580788568, -0.9999981127674127, 0.011970465260898525], [0.0, 0.0, 0.0, 1.0]]}, "mean_rme": {"type": "float", "data": 0.0017539571856354421}, "max_rme": {"type": "float", "data": 0.007659492515239355}, "simu": {"type": "float", "data": 0.002}}, {"type": "dict", "image_number": {"type": "int", "data": 17}, "Hcamera2end": {"type": "ndarray", "data": [[0.9999948762540478, -0.003192961586132426, -0.00022904576184356153, -0.015682710035395918], [0.0002307108241318505, 0.0005211203881080317, 0.999999837603015, 0.014509813179251447], [-0.0031928417071887855, -0.9999947667012314, 0.000521854368818464, 0.03634344192148469], [0.0, 0.0, 0.0, 1.0]]}, "Hobj2base": {"type": "ndarray", "data": [[0.9999954021586925, -0.0029159869720129243, 0.0008322748668176912, -0.7381801418612379], [-0.00291532357965622, -0.9999954326806058, -0.0007971865239302289, 0.09022207414684064], [0.0008345956510705955, 0.0007947565080491106, -0.9999993359058756, 0.01182151817989356], [0.0, 0.0, 0.0, 1.0]]}, "mean_rme": {"type": "float", "data": 0.0017915255077884267}, "max_rme": {"type": "float", "data": 0.007881010696337707}, "simu": {"type": "float", "data": 0.002}}, {"type": "dict", "image_number": {"type": "int", "data": 18}, "Hcamera2end": {"type": "ndarray", "data": [[0.9999952483060447, -0.0029824470316625294, -0.0007799839968251775, -0.015508653482761854], [0.000781456482411784, 0.0004925838126534909, 0.9999995733433859, 0.014498522783804655], [-0.0029820615516908122, -0.9999954311750084, 0.00049491212461239, 0.03624073610958581], [0.0, 0.0, 0.0, 1.0]]}, "Hobj2base": {"type": "ndarray", "data": [[0.9999960577035086, -0.0027399540355524045, 0.0006141899739348429, -0.7382254283040858], [-0.0027392919999103794, -0.9999956690674818, -0.0010761624501933046, 0.09010256203745323], [0.0006171359495678293, 0.001074475761959828, -0.999999232322234, 0.011731776300189949], [0.0, 0.0, 0.0, 1.0]]}, "mean_rme": {"type": "float", "data": 0.0017898405599878252}, "max_rme": {"type": "float", "data": 0.007826954501300928}, "simu": {"type": "float", "data": 0.002}}, {"type": "dict", "image_number": {"type": "int", "data": 19}, "Hcamera2end": {"type": "ndarray", "data": [[0.9999981454482629, -0.0018977147084009872, -0.0003282969999846213, -0.015547847175172005], [0.0003297201126906506, 0.0007496444582600903, 0.9999996646588606, 0.014677806562156406], [-0.0018974679659924725, -0.9999979183538693, 0.0007502687827131149, 0.036135029793211815], [0.0, 0.0, 0.0, 1.0]]}, "Hobj2base": {"type": "ndarray", "data": [[0.9999985176750723, -0.0016955950598702616, 0.0002993410278672821, -0.738625382780615], [-0.001695448082418662, -0.9999984423941766, -0.0004905762128979074, 0.09009237943973167], [0.0003001723802150334, 0.0004900679685328712, -0.9999998348649506, 0.011743670393030004], [0.0, 0.0, 0.0, 1.0]]}, "mean_rme": {"type": "float", "data": 0.0018266870929205571}, "max_rme": {"type": "float", "data": 0.007698907042974323}, "simu": {"type": "float", "data": 0.002}}, {"type": "dict", "image_number": {"type": "int", "data": 20}, "Hcamera2end": {"type": "ndarray", "data": [[0.999998413987289, -0.0017674821615691816, -0.00021915682797030785, -0.0157840404639761], [0.0002198629533344689, 0.0003993247821473256, 0.9999998960999946, 0.014489664568112258], [-0.00176739446317519, -0.9999983582719157, 0.00039971275266115214, 0.03373575838766077], [0.0, 0.0, 0.0, 1.0]]}, "Hobj2base": {"type": "ndarray", "data": [[0.9999984879801239, -0.0016066274065199516, 0.0006654215524766527, -0.7361086133368381], [-0.0016063767162461154, -0.9999986386729214, -0.00037710230609795534, 0.09010549672624789], [0.0006660265095203135, 0.00037603281822338634, -0.9999997075039613, 0.012049712980111368], [0.0, 0.0, 0.0, 1.0]]}, "mean_rme": {"type": "float", "data": 0.0018788847823765335}, "max_rme": {"type": "float", "data": 0.007683702668158798}, "simu": {"type": "float", "data": 0.002}}, {"type": "dict", "image_number": {"type": "int", "data": 21}, "Hcamera2end": {"type": "ndarray", "data": [[0.9999938535513517, -0.0034926459916941235, -0.0003070561746282522, -0.015659003367425615], [0.00030697774317301916, -2.299223265889161e-05, 0.9999999526180102, 0.015647900827226554], [-0.0034926528861126127, -0.9999939004290647, -2.1919926753932728e-05, 0.03435734489272105], [0.0, 0.0, 0.0, 1.0]]}, "Hobj2base": {"type": "ndarray", "data": [[0.9999940389689835, -0.0033044935187462625, 0.0010011738527907763, -0.7363560653409036], [-0.0033043297743960715, -0.999994527048093, -0.000165162352071726, 0.09047459073913504], [0.0010017141513363915, 0.00016185315896269917, -0.9999994851860243, 0.01080117344636313], [0.0, 0.0, 0.0, 1.0]]}, "mean_rme": {"type": "float", "data": 0.0018288932629075064}, "max_rme": {"type": "float", "data": 0.00700247600189262}, "simu": {"type": "float", "data": 0.002}}, {"type": "dict", "image_number": {"type": "int", "data": 22}, "Hcamera2end": {"type": "ndarray", "data": [[0.9999931419613127, -0.003698368930583477, -0.00019518605288421282, -0.015677427749935732], [0.0001938841118690859, -0.0003523863943741823, 0.9999999191163869, 0.0159225652842225], [-0.003698437412355443, -0.9999930989217287, -0.0003516669227192626, 0.03520526421142919], [0.0, 0.0, 0.0, 1.0]]}, "Hobj2base": {"type": "ndarray", "data": [[0.9999930207093116, -0.003487704488644377, 0.0013395708514467993, -0.7370090318517744], [-0.0034876368765397207, -0.9999939167817888, -5.280561957416116e-05, 0.09067165438504193], [0.0013397468729414155, 4.81333143281486e-05, -0.9999991013803462, 0.010421151752085188], [0.0, 0.0, 0.0, 1.0]]}, "mean_rme": {"type": "float", "data": 0.0018248519967743156}, "max_rme": {"type": "float", "data": 0.006733412676263191}, "simu": {"type": "float", "data": 0.002}}, {"type": "dict", "image_number": {"type": "int", "data": 23}, "Hcamera2end": {"type": "ndarray", "data": [[0.9999924306867016, -0.0038794558333384117, -0.0002973074830995184, -0.01566325492196437], [0.0002960711323654079, -0.00031926220061273547, 0.9999999052067616, 0.015583476627194186], [-0.0038795503846335423, -0.999992423918344, -0.00031811118913549485, 0.03473830839144328], [0.0, 0.0, 0.0, 1.0]]}, "Hobj2base": {"type": "ndarray", "data": [[0.9999923185536065, -0.0036735081492089415, 0.0013668107623396174, -0.7365719597608976], [-0.0036733381888327233, -0.9999932452265536, -0.00012683775697066503, 0.09060627771760021], [0.0013672674693764326, 0.0001218160245030245, -0.9999990578698181, 0.010783426350666056], [0.0, 0.0, 0.0, 1.0]]}, "mean_rme": {"type": "float", "data": 0.001806403714318217}, "max_rme": {"type": "float", "data": 0.007008190275362071}, "simu": {"type": "float", "data": 0.002}}, {"type": "dict", "image_number": {"type": "int", "data": 24}, "Hcamera2end": {"type": "ndarray", "data": [[0.9999925255312767, -0.0038387959515021122, -0.0004610067478781324, -0.015689729129274167], [0.00045971214629768656, -0.0003381171168062025, 0.9999998371707657, 0.01564640850480551], [-0.0038389512007063276, -0.9999925746336611, -0.00033634984843433635, 0.03449423160664019], [0.0, 0.0, 0.0, 1.0]]}, "Hobj2base": {"type": "ndarray", "data": [[0.9999923910361017, -0.0036483922153528556, 0.0013809794144963381, -0.7363168780795072], [-0.0036479881621979864, -0.999993302559087, -0.0002949904028495823, 0.0905059747614607], [0.0013820464061576685, 0.00028995036172193493, -0.9999990029377621, 0.010731272173717166], [0.0, 0.0, 0.0, 1.0]]}, "mean_rme": {"type": "float", "data": 0.0017443203629511417}, "max_rme": {"type": "float", "data": 0.00696053735953049}, "simu": {"type": "float", "data": 0.002}}, {"type": "dict", "image_number": {"type": "int", "data": 25}, "Hcamera2end": {"type": "ndarray", "data": [[0.9999920563009115, -0.003949027847889931, -0.0005408457555741986, -0.01567342934159939], [0.0005390934867271424, -0.0004447725426590665, 0.9999997557777689, 0.0161890746555547], [-0.003949267436791433, -0.9999921036470445, -0.0004426401143280412, 0.03433145632758294], [0.0, 0.0, 0.0, 1.0]]}, "Hobj2base": {"type": "ndarray", "data": [[0.999991865174685, -0.0037538187821944133, 0.001475950204144325, -0.7360449160695766], [-0.0037533677300564047, -0.9999929085804196, -0.0003082524217582889, 0.09044892993502293], [0.001477096861292601, 0.0003027101303112795, -0.9999988632750736, 0.010194196992090076], [0.0, 0.0, 0.0, 1.0]]}, "mean_rme": {"type": "float", "data": 0.0017174872817321753}, "max_rme": {"type": "float", "data": 0.0066716177556511505}, "simu": {"type": "float", "data": 0.002}}, {"type": "dict", "image_number": {"type": "int", "data": 26}, "Hcamera2end": {"type": "ndarray", "data": [[0.9999939436796129, -0.0034594101130083254, -0.0003809012538231896, -0.015675947821754094], [0.0003795414526857094, -0.00039372111427282697, 0.9999998504659738, 0.016376563394745462], [-0.003459559564574886, -0.9999939387143076, -0.00039240574023180486, 0.034729278996896956], [0.0, 0.0, 0.0, 1.0]]}, "Hobj2base": {"type": "ndarray", "data": [[0.9999935562340665, -0.0032906690895006183, 0.0014349171712535187, -0.7364607959971028], [-0.003290359082013707, -0.9999945629148077, -0.00021835277239139599, 0.09041248365630444], [0.0014356278962053305, 0.0002136299726308683, -0.9999989466668342, 0.009987663159454678], [0.0, 0.0, 0.0, 1.0]]}, "mean_rme": {"type": "float", "data": 0.0016932298304310751}, "max_rme": {"type": "float", "data": 0.006574205298078357}, "simu": {"type": "float", "data": 0.002}}, {"type": "dict", "image_number": {"type": "int", "data": 27}, "Hcamera2end": {"type": "ndarray", "data": [[0.9999962264131398, -0.0026901786105453726, -0.0005568649061803051, -0.015685994012270686], [0.0005557027655834776, -0.0004327220012081412, 0.9999997519730225, 0.017048866628638824], [-0.002690418911005107, -0.9999962878384666, -0.00043122542860030144, 0.03471734286098525], [0.0, 0.0, 0.0, 1.0]]}, "Hobj2base": {"type": "ndarray", "data": [[0.9999956458350541, -0.00254991206215482, 0.0014853482447997118, -0.7363824403701732], [-0.0025492921584305142, -0.999996662731125, -0.0004190896127416151, 0.0901225754599092], [0.0014864119294518995, 0.00041530120132330766, -0.9999988090515348, 0.009299393467389146], [0.0, 0.0, 0.0, 1.0]]}, "mean_rme": {"type": "float", "data": 0.001707523179826869}, "max_rme": {"type": "float", "data": 0.006298624816804016}, "simu": {"type": "float", "data": 0.002}}, {"type": "dict", "image_number": {"type": "int", "data": 28}, "Hcamera2end": {"type": "ndarray", "data": [[0.9999968014731141, -0.0024861992781525007, -0.0004646037995001478, -0.015641690403184676], [0.0004637341044948682, -0.0003503740849404302, 0.9999998310943261, 0.016881780590175158], [-0.002486361643350446, -0.9999968480206074, -0.00034922002886372816, 0.034960400208227216], [0.0, 0.0, 0.0, 1.0]]}, "Hobj2base": {"type": "ndarray", "data": [[0.9999961689506427, -0.0023715735466889407, 0.0014274883362877958, -0.7366860714608362], [-0.00237097090477424, -0.9999970994776124, -0.00042371373812250066, 0.09001003584032642], [0.0014284890641186176, 0.0004203275815420136, -0.999998891371245, 0.009448716181395046], [0.0, 0.0, 0.0, 1.0]]}, "mean_rme": {"type": "float", "data": 0.0017296364808962153}, "max_rme": {"type": "float", "data": 0.006452932485588401}, "simu": {"type": "float", "data": 0.002}}, {"type": "dict", "image_number": {"type": "int", "data": 29}, "Hcamera2end": {"type": "ndarray", "data": [[0.9999979405447547, -0.0016753741533050079, -0.0011454377747180664, -0.015754544951463514], [0.0011448556830194337, -0.0003483575985394616, 0.9999992839759682, 0.01710782448920159], [-0.0016757719756493284, -0.9999985358831434, -0.00034643881949203426, 0.03457793900333413], [0.0, 0.0, 0.0, 1.0]]}, "Hobj2base": {"type": "ndarray", "data": [[0.9999976844062606, -0.001568430446492351, 0.001473501968578327, -0.736288653642742], [-0.0015666891083717374, -0.9999980739655645, -0.0011821803582218345, 0.08949018443399079], [0.001475353298229875, 0.001179869101287062, -0.9999982156191827, 0.00919042344272821], [0.0, 0.0, 0.0, 1.0]]}, "mean_rme": {"type": "float", "data": 0.0017266517283263836}, "max_rme": {"type": "float", "data": 0.0062264278801815}, "simu": {"type": "float", "data": 0.002}}, {"type": "dict", "image_number": {"type": "int", "data": 30}, "Hcamera2end": {"type": "ndarray", "data": [[0.999997035196379, -0.002257007880438905, -0.0009140644833514648, -0.015687442736124147], [0.0009131114297399678, -0.0004232585444239323, 0.9999994935397324, 0.01746426462417775], [-0.002257393622956823, -0.9999973633803402, -0.00042119638985282926, 0.03419659543711216], [0.0, 0.0, 0.0, 1.0]]}, "Hobj2base": {"type": "ndarray", "data": [[0.9999963350946274, -0.0021594177555023294, 0.0016330071252140073, -0.7357736348614697], [-0.002157976262590269, -0.9999972808637061, -0.0008839703865207612, 0.08966792883102227], [0.0016349115461930562, 0.0008804431562400898, -0.9999982759405561, 0.00884130445756927], [0.0, 0.0, 0.0, 1.0]]}, "mean_rme": {"type": "float", "data": 0.0017317175431092338}, "max_rme": {"type": "float", "data": 0.006334254866661726}, "simu": {"type": "float", "data": 0.002}}]}