{"type": "list", "data": [{"type": "dict", "image_number": {"type": "int", "data": 5}, "Hcamera2end": {"type": "ndarray", "data": [[0.9999979653121147, -0.00045543726084170603, -0.0019651840961988796, -0.015856594477795596], [0.0019649180709607446, -0.0005838227206158564, 0.9999978991217962, 0.02736049239473236], [-0.0004565836231490445, -0.9999997258639288, -0.0005829266358148288, 0.03093559298737161], [0.0, 0.0, 0.0, 1.0]]}, "Hobj2base": {"type": "ndarray", "data": [[0.999997858158782, -0.0007686033396097063, 0.0019216989241125338, -0.7328517695773619], [-0.0007724986935803081, -0.9999976470191339, 0.0020271166628300337, 0.09042335320410579], [0.0019201363537549045, -0.002028596830976343, -0.9999960989280312, 0.005917308173303049], [0.0, 0.0, 0.0, 1.0]]}, "mean_rme": {"type": "float", "data": 0.001482172802772817}, "max_rme": {"type": "float", "data": 0.004453019383704793}, "simu": {"type": "float", "data": 0.002}}, {"type": "dict", "image_number": {"type": "int", "data": 6}, "Hcamera2end": {"type": "ndarray", "data": [[0.9999980594075426, -0.0006903713094157885, -0.001845147312307129, -0.015361271936498867], [0.0018446826866263329, -0.0006730409469104526, 0.9999980720789765, 0.027400145485116063], [-0.0006916118381286911, -0.9999995352015616, -0.0006717661248105689, 0.030767452720546633], [0.0, 0.0, 0.0, 1.0]]}, "Hobj2base": {"type": "ndarray", "data": [[0.9999979337390538, -0.000934814477565158, 0.0018051702178654488, -0.7327241186293479], [-0.0009373801734308847, -0.9999985510639471, 0.0014209814978641342, 0.09028245891646708], [0.0018038392482126824, -0.001422670692517455, -0.9999973610825519, 0.005588049871273639], [0.0, 0.0, 0.0, 1.0]]}, "mean_rme": {"type": "float", "data": 0.0015483736980250926}, "max_rme": {"type": "float", "data": 0.00447382229126192}, "simu": {"type": "float", "data": 0.002}}, {"type": "dict", "image_number": {"type": "int", "data": 7}, "Hcamera2end": {"type": "ndarray", "data": [[0.9999988125565197, -0.0009426931611659609, -0.0012191042426527344, -0.015177423459973373], [0.0012186826764894634, -0.00044763859080343416, 0.9999991572157577, 0.02719241220248432], [-0.0009432380847842431, -0.9999994554744996, -0.0004464892154332212, 0.030650130336787967], [0.0, 0.0, 0.0, 1.0]]}, "Hobj2base": {"type": "ndarray", "data": [[0.9999976754003201, -0.0011645896348315059, 0.0018146418209627345, -0.7325082201425507], [-0.0011665578943424592, -0.9999987320708417, 0.0010839738869003062, 0.090593338799797], [0.0018133771353723463, -0.0010860882518366037, -0.9999977660353416, 0.005464997514886129], [0.0, 0.0, 0.0, 1.0]]}, "mean_rme": {"type": "float", "data": 0.0015182296466361006}, "max_rme": {"type": "float", "data": 0.004277925713641495}, "simu": {"type": "float", "data": 0.002}}, {"type": "dict", "image_number": {"type": "int", "data": 8}, "Hcamera2end": {"type": "ndarray", "data": [[0.9999989209624058, -0.0013265903753317757, -0.0006310562574054968, -0.015545115600110078], [0.0006309049843700257, -0.00011444684244765746, 0.9999997944303892, 0.027288605412084943], [-0.001326662325021176, -0.9999991135295551, -0.00011360976647534216, 0.03077083477631306], [0.0, 0.0, 0.0, 1.0]]}, "Hobj2base": {"type": "ndarray", "data": [[0.9999976681267563, -0.0015100481640247384, 0.001543857374321319, -0.7328560578651275], [-0.0015115675377719267, -0.9999983739949339, 0.0009834485584674006, 0.09067404692944393], [0.0015423698093112806, -0.0009857799098799945, -0.9999983246652668, 0.005702457472675969], [0.0, 0.0, 0.0, 1.0]]}, "mean_rme": {"type": "float", "data": 0.001486012973006025}, "max_rme": {"type": "float", "data": 0.004231072011027737}, "simu": {"type": "float", "data": 0.002}}, {"type": "dict", "image_number": {"type": "int", "data": 9}, "Hcamera2end": {"type": "ndarray", "data": [[0.9999990777124224, -0.00112434574984187, -0.0007618536208066981, -0.015182949079227792], [0.0007607236996081987, -0.001005044562280455, 0.999999205592125, 0.02711940295628566], [-0.0011251105534915973, -0.9999988628653849, -0.0010041883188818268, 0.030646199900318086], [0.0, 0.0, 0.0, 1.0]]}, "Hobj2base": {"type": "ndarray", "data": [[0.9999969881988273, -0.0013317946720944973, 0.0020615324944848017, -0.7322765340159775], [-0.0013337828664955087, -0.9999986464878978, 0.0009633512533658025, 0.09088835947352376], [0.002060246718109033, -0.0009660979886632356, -0.999997411015717, 0.005348219697536109], [0.0, 0.0, 0.0, 1.0]]}, "mean_rme": {"type": "float", "data": 0.0014883619035399149}, "max_rme": {"type": "float", "data": 0.004321295736579356}, "simu": {"type": "float", "data": 0.002}}, {"type": "dict", "image_number": {"type": "int", "data": 10}, "Hcamera2end": {"type": "ndarray", "data": [[0.9999990540554831, -0.0008042110438161328, -0.0011158551590454279, -0.015162768851638262], [0.0011153691859793814, -0.0006044808669747326, 0.9999991952769064, 0.027301847507525324], [-0.000804884909742892, -0.9999994939236111, -0.000603583302952071, 0.030738696704385383], [0.0, 0.0, 0.0, 1.0]]}, "Hobj2base": {"type": "ndarray", "data": [[0.9999981016932501, -0.0009874859764593862, 0.0016797265677995874, -0.7325788095255625], [-0.0009891508502856234, -0.99999902012996, 0.0009906158266014759, 0.09062148720251637], [0.00167874670264902, -0.000992275449071552, -0.9999980985976633, 0.005385543257541087], [0.0, 0.0, 0.0, 1.0]]}, "mean_rme": {"type": "float", "data": 0.0013916689574228404}, "max_rme": {"type": "float", "data": 0.004277566532678745}, "simu": {"type": "float", "data": 0.002}}, {"type": "dict", "image_number": {"type": "int", "data": 11}, "Hcamera2end": {"type": "ndarray", "data": [[0.9999997194103925, -0.0002843755502285512, -0.0006930437812209273, -0.01507802974422752], [0.0006926791310566999, -0.0012803849570757198, 0.9999989404044303, 0.026988978021572022], [-0.0002852626117375481, -0.9999991398720842, -0.0012801876168040405, 0.03099784247882728], [0.0, 0.0, 0.0, 1.0]]}, "Hobj2base": {"type": "ndarray", "data": [[0.9999976344158553, -0.0004553430387120863, 0.0021269286331298104, -0.7318473824910309], [-0.00045773278877336035, -0.9999992644319715, 0.0011232169027281433, 0.09077519116446549], [0.0021264156196314876, -0.0011241878106388117, -0.9999971072750058, 0.005412789215914537], [0.0, 0.0, 0.0, 1.0]]}, "mean_rme": {"type": "float", "data": 0.0015719829725727133}, "max_rme": {"type": "float", "data": 0.006905149895857499}, "simu": {"type": "float", "data": 0.002}}, {"type": "dict", "image_number": {"type": "int", "data": 12}, "Hcamera2end": {"type": "ndarray", "data": [[0.9999996330654295, -0.0006275361570294614, -0.0005831529627316111, -0.01506833407532928], [0.0005824668199262376, -0.0010930195149532196, 0.9999992330200778, 0.02707490371880466], [-0.0006281730732902968, -0.9999992057530405, -0.001092653594896964, 0.030881664117558785], [0.0, 0.0, 0.0, 1.0]]}, "Hobj2base": {"type": "ndarray", "data": [[0.9999976351259171, -0.0007798082690997881, 0.0020301826609205277, -0.7319814587388741], [-0.0007822040939529519, -0.9999989983773103, 0.0011795766749109057, 0.09078496778289841], [0.0020292607837983766, -0.0011811619025494428, -0.9999972434748166, 0.005292306093804368], [0.0, 0.0, 0.0, 1.0]]}, "mean_rme": {"type": "float", "data": 0.0015186250286223402}, "max_rme": {"type": "float", "data": 0.007087200987628994}, "simu": {"type": "float", "data": 0.002}}, {"type": "dict", "image_number": {"type": "int", "data": 13}, "Hcamera2end": {"type": "ndarray", "data": [[0.999999654181547, -0.0008274624072786742, -8.332317122686477e-05, -0.015146996536541883], [8.242986656651285e-05, -0.0010795467224611333, 0.9999994138919239, 0.02706268031205406], [-0.0008275518735526775, -0.9999990749419916, -0.0010794781415179866, 0.030786984833593597], [0.0, 0.0, 0.0, 1.0]]}, "Hobj2base": {"type": "ndarray", "data": [[0.9999977664474745, -0.0009765954054967, 0.001874396296452851, -0.7320600346673716], [-0.000979588909658139, -0.9999982453214034, 0.0015967966938874576, 0.09105790279311322], [0.001872833583175026, -0.0015986292651824787, -0.9999969684348256, 0.0052332467597780855], [0.0, 0.0, 0.0, 1.0]]}, "mean_rme": {"type": "float", "data": 0.001516446893294646}, "max_rme": {"type": "float", "data": 0.007260660542483699}, "simu": {"type": "float", "data": 0.002}}, {"type": "dict", "image_number": {"type": "int", "data": 14}, "Hcamera2end": {"type": "ndarray", "data": [[0.9999994711952941, -0.0010171875120912693, 0.00015145526551446056, -0.01532226211949446], [-0.00015258258408849476, -0.0011082840214615697, 0.9999993742123456, 0.027065829759355394], [-0.0010170190200971463, -0.9999988685174064, -0.0011084386404949242, 0.030750149584545167], [0.0, 0.0, 0.0, 1.0]]}, "Hobj2base": {"type": "ndarray", "data": [[0.9999976982353476, -0.001136346561647019, 0.0018199561804036059, -0.7321070825081409], [-0.001139455034735831, -0.9999978924120001, 0.001707868197781282, 0.09110337169798406], [0.0018180116145315051, -0.0017099380249033928, -0.9999968854680099, 0.005217716453830817], [0.0, 0.0, 0.0, 1.0]]}, "mean_rme": {"type": "float", "data": 0.0014726939284215041}, "max_rme": {"type": "float", "data": 0.007356002005234452}, "simu": {"type": "float", "data": 0.002}}, {"type": "dict", "image_number": {"type": "int", "data": 15}, "Hcamera2end": {"type": "ndarray", "data": [[0.9999999661411257, -0.00024406927048517497, -9.026593216217233e-05, -0.01543673797213423], [8.997408201303352e-05, -0.0011955143844564198, 0.9999992813247524, 0.02710746766596563], [-0.00024417700929895775, -0.9999992555874969, -0.00119549238406913, 0.030864478968919622], [0.0, 0.0, 0.0, 1.0]]}, "Hobj2base": {"type": "ndarray", "data": [[0.999997919861443, -0.00043612101188720697, 0.0019925037640768847, -0.7319481467712589], [-0.0004387233452550999, -0.9999990511884758, 0.001305811615565154, 0.09054434239713392], [0.0019919323816832363, -0.0013066830572128737, -0.9999971623883617, 0.0051696160083781716], [0.0, 0.0, 0.0, 1.0]]}, "mean_rme": {"type": "float", "data": 0.0015491939973976685}, "max_rme": {"type": "float", "data": 0.007109921665760077}, "simu": {"type": "float", "data": 0.002}}, {"type": "dict", "image_number": {"type": "int", "data": 16}, "Hcamera2end": {"type": "ndarray", "data": [[0.9999992488583248, 5.6008243364367907e-05, 0.0012243961217036398, -0.015383098879804595], [-0.0012243280114705819, -0.001200360943174994, 0.9999985300761828, 0.02710929446760404], [5.7477878319985216e-05, -0.9999992779980807, -0.001200291469072745, 0.030839300480278345], [0.0, 0.0, 0.0, 1.0]]}, "Hobj2base": {"type": "ndarray", "data": [[0.9999978823727504, -0.0001263145776026774, 0.0020540921698515655, -0.7318458875047723], [-0.00013189145755733518, -0.9999963054092604, 0.00271510082178296, 0.09103440611167683], [0.002053741624008205, -0.002715365989421714, -0.9999942044496484, 0.005022651831784415], [0.0, 0.0, 0.0, 1.0]]}, "mean_rme": {"type": "float", "data": 0.0015659325204876793}, "max_rme": {"type": "float", "data": 0.007025383213265068}, "simu": {"type": "float", "data": 0.002}}, {"type": "dict", "image_number": {"type": "int", "data": 17}, "Hcamera2end": {"type": "ndarray", "data": [[0.9999992062735112, -0.0005638134245935879, -0.0011267505357135032, -0.015659008438913217], [0.0011260164110203173, -0.0013006980169283366, 0.9999985201347605, 0.027281005384530002], [-0.0005652781524130748, -0.9999989951490407, -0.001300062121361023, 0.030867859987225098], [0.0, 0.0, 0.0, 1.0]]}, "Hobj2base": {"type": "ndarray", "data": [[0.9999977230939417, -0.0006715591299165945, 0.00202554073450099, -0.7319765426862987], [-0.0006722926791619587, -0.9999997086734707, 0.00036149070152424246, 0.0896293990546172], [0.0020252973820262493, -0.00036285163465102355, -0.9999978832523624, 0.0050327978964698926], [0.0, 0.0, 0.0, 1.0]]}, "mean_rme": {"type": "float", "data": 0.0017033647364657239}, "max_rme": {"type": "float", "data": 0.0071691761258656506}, "simu": {"type": "float", "data": 0.002}}, {"type": "dict", "image_number": {"type": "int", "data": 18}, "Hcamera2end": {"type": "ndarray", "data": [[0.9999989308717615, -0.0012688626351575565, -0.0007268032382027154, -0.01564742127831612], [0.0007248399559166968, -0.0015470520563136692, 0.9999985406174217, 0.027227071949321217], [-0.0012699851858457296, -0.9999979983067706, -0.0015461306799799956, 0.031013475165040223], [0.0, 0.0, 0.0, 1.0]]}, "Hobj2base": {"type": "ndarray", "data": [[0.999996415405306, -0.001325471847629358, 0.002326435238684151, -0.7317027334178295], [-0.0013264731163081937, -0.9999990282576103, 0.00042889731505549273, 0.08985414239273114], [0.0023258644866717827, -0.0004319817314333995, -0.9999972018691721, 0.005125431555367587], [0.0, 0.0, 0.0, 1.0]]}, "mean_rme": {"type": "float", "data": 0.0017636630461180431}, "max_rme": {"type": "float", "data": 0.00685758353321736}, "simu": {"type": "float", "data": 0.002}}, {"type": "dict", "image_number": {"type": "int", "data": 19}, "Hcamera2end": {"type": "ndarray", "data": [[0.9999990533297961, -0.0011387395241290541, -0.0007724065042591744, -0.01551309881692425], [0.0007707299261260201, -0.001472014867127669, 0.9999986195728533, 0.027194603220817334], [-0.0011398749460398373, -0.9999982682207641, -0.0014711358129857466, 0.030956165537104424], [0.0, 0.0, 0.0, 1.0]]}, "Hobj2base": {"type": "ndarray", "data": [[0.9999967336198027, -0.0012126956051656972, 0.00224991535274232, -0.7317435219953771], [-0.0012127679137043357, -0.9999992641231945, 3.0774300919842606e-05, 0.0898061677465126], [0.0022498763772223194, -3.350282554763216e-05, -0.9999974684637198, 0.005133140070691243], [0.0, 0.0, 0.0, 1.0]]}, "mean_rme": {"type": "float", "data": 0.0017387265114167066}, "max_rme": {"type": "float", "data": 0.006925027973986031}, "simu": {"type": "float", "data": 0.002}}, {"type": "dict", "image_number": {"type": "int", "data": 20}, "Hcamera2end": {"type": "ndarray", "data": [[0.9999992621291375, -0.0008544556261091844, -0.0008635084039064448, -0.015428933184430017], [0.0008624051606377442, -0.001290692237863933, 0.9999987951847172, 0.02707538041458815], [-0.00085556912024224, -0.9999988020088474, -0.0012899543985582795, 0.032228336938073414], [0.0, 0.0, 0.0, 1.0]]}, "Hobj2base": {"type": "ndarray", "data": [[0.9999977180838435, -0.0009223949532504126, 0.001926918435258368, -0.7331733153936415], [-0.0009221988657647697, -0.999999569506203, -0.0001026482373147636, 0.08982819407744821], [0.0019270122879479937, 0.00010087100108467593, -0.9999981382226084, 0.005205173940352295], [0.0, 0.0, 0.0, 1.0]]}, "mean_rme": {"type": "float", "data": 0.0017196812531515635}, "max_rme": {"type": "float", "data": 0.007000402438958941}, "simu": {"type": "float", "data": 0.002}}, {"type": "dict", "image_number": {"type": "int", "data": 21}, "Hcamera2end": {"type": "ndarray", "data": [[0.9999990417670631, -0.0010384270253938669, -0.0009154967332340812, -0.015340955217186581], [0.0009136734827620418, -0.0017548986074620299, 0.9999980427639068, 0.029336057798123805], [-0.0010400315968893013, -0.9999979209979342, -0.0017539481426236403, 0.03226924427058791], [0.0, 0.0, 0.0, 1.0]]}, "Hobj2base": {"type": "ndarray", "data": [[0.9999968350690985, -0.001111091181160846, 0.002257283361330522, -0.732767053089736], [-0.0011106578546110641, -0.9999993645538017, -0.00019321263513102756, 0.08982240788012152], [0.0022574966038033752, 0.00019070495413104344, -0.999997433667059, 0.002899167417618708], [0.0, 0.0, 0.0, 1.0]]}, "mean_rme": {"type": "float", "data": 0.0017571195755560225}, "max_rme": {"type": "float", "data": 0.006756700015114858}, "simu": {"type": "float", "data": 0.002}}, {"type": "dict", "image_number": {"type": "int", "data": 22}, "Hcamera2end": {"type": "ndarray", "data": [[0.9999990366246593, -0.001222762690155393, -0.0006569635887904937, -0.015248117290382862], [0.0006544625426808408, -0.0020446834300631433, 0.9999976954715702, 0.030011669070361718], [-0.0012241031548281653, -0.9999971620565103, -0.0020438812078862334, 0.032988169409351016], [0.0, 0.0, 0.0, 1.0]]}, "Hobj2base": {"type": "ndarray", "data": [[0.9999956303923987, -0.0012412092695225144, 0.002683019876650641, -0.7332079235438499], [-0.0012414045967837704, -0.9999992269267686, 7.113713827298676e-05, 0.09001282119316706], [0.0026829295064043635, -7.446754063974295e-05, -0.9999963981654378, 0.0021143216240887097], [0.0, 0.0, 0.0, 1.0]]}, "mean_rme": {"type": "float", "data": 0.0017637413139861514}, "max_rme": {"type": "float", "data": 0.006592745152201651}, "simu": {"type": "float", "data": 0.002}}, {"type": "dict", "image_number": {"type": "int", "data": 23}, "Hcamera2end": {"type": "ndarray", "data": [[0.9999992744119208, -0.001086403178038545, -0.0005204841656366702, -0.015295016820742783], [0.0005181948653050452, -0.0021064479234087496, 0.9999976471728462, 0.030383837301841812], [-0.0010874969947095195, -0.9999971912986962, -0.0021058834264469084, 0.03326988699738711], [0.0, 0.0, 0.0, 1.0]]}, "Hobj2base": {"type": "ndarray", "data": [[0.999995794600999, -0.0010973193025906474, 0.0026845242902218285, -0.7334421135273357], [-0.0010978278937840288, -0.9999993797172531, 0.00018798676514961181, 0.09012545114996698], [0.0026843163435516988, -0.00019093312023760374, -0.9999963789885995, 0.001727873250141676], [0.0, 0.0, 0.0, 1.0]]}, "mean_rme": {"type": "float", "data": 0.001745766526055332}, "max_rme": {"type": "float", "data": 0.006567032569833431}, "simu": {"type": "float", "data": 0.002}}, {"type": "dict", "image_number": {"type": "int", "data": 24}, "Hcamera2end": {"type": "ndarray", "data": [[0.9999990733454225, -0.0011128330337193055, -0.0007841625695433232, -0.015368365783268197], [0.0007816349928669157, -0.00226991933816012, 0.9999971182523159, 0.030765375710722218], [-0.0011146098125961554, -0.9999968045293132, -0.002269047405488722, 0.032365043486653526], [0.0, 0.0, 0.0, 1.0]]}, "Hobj2base": {"type": "ndarray", "data": [[0.999995359043613, -0.0011302441281250116, 0.0028292118065403834, -0.7324274857144116], [-0.0011300979569562146, -0.9999993600206207, -5.3263092867071687e-05, 0.08997371344728784], [0.002829270196201126, 5.006555919301296e-05, -0.9999959963537839, 0.0013795304263684003], [0.0, 0.0, 0.0, 1.0]]}, "mean_rme": {"type": "float", "data": 0.0017372247886592864}, "max_rme": {"type": "float", "data": 0.006526261573611913}, "simu": {"type": "float", "data": 0.002}}, {"type": "dict", "image_number": {"type": "int", "data": 25}, "Hcamera2end": {"type": "ndarray", "data": [[0.9999989629289308, -0.0013253601034548242, -0.000563526094555009, -0.015338426872828107], [0.0005607095617455467, -0.00212451993216356, 0.9999975860070088, 0.030522649990534296], [-0.0013265541264650003, -0.9999968649129126, -0.0021237745868027957, 0.03347323985318661], [0.0, 0.0, 0.0, 1.0]]}, "Hobj2base": {"type": "ndarray", "data": [[0.9999955591535745, -0.001387141797495632, 0.0026377093781222855, -0.7336317172698739], [-0.0013876465782150006, -0.9999990192533317, 0.0001895503852187614, 0.09014607763441418], [0.002637443857935533, -0.0001932097518474878, -0.9999965032738303, 0.0015798451718186124], [0.0, 0.0, 0.0, 1.0]]}, "mean_rme": {"type": "float", "data": 0.0017447574859027802}, "max_rme": {"type": "float", "data": 0.006577981978871605}, "simu": {"type": "float", "data": 0.002}}, {"type": "dict", "image_number": {"type": "int", "data": 26}, "Hcamera2end": {"type": "ndarray", "data": [[0.9999991662141352, -0.0010847969431452748, -0.0007005616507287886, -0.015435065703070447], [0.0006982157728656917, -0.002161374921681114, 0.9999974204732641, 0.030699863298966786], [-0.001086308321265534, -0.9999970758327444, -0.0021606156972213686, 0.03342812887130593], [0.0, 0.0, 0.0, 1.0]]}, "Hobj2base": {"type": "ndarray", "data": [[0.9999958632941284, -0.001171418911661935, 0.002627008253563143, -0.733575932300413], [-0.001171515153921157, -0.99999931315998, 3.509719578158291e-05, 0.09001667440732296], [0.002626965335709856, -3.817463057333222e-05, -0.9999965487919562, 0.0013981836769984225], [0.0, 0.0, 0.0, 1.0]]}, "mean_rme": {"type": "float", "data": 0.0016985046475336773}, "max_rme": {"type": "float", "data": 0.006581166553678575}, "simu": {"type": "float", "data": 0.002}}, {"type": "dict", "image_number": {"type": "int", "data": 27}, "Hcamera2end": {"type": "ndarray", "data": [[0.999998930901803, -0.001348725704887027, -0.0005649196615195415, -0.01542440630413798], [0.0005620797581802024, -0.002105070983940749, 0.9999976263684316, 0.030578453928164977], [-0.0013499116994968399, -0.9999968748026791, -0.002104310641995122, 0.033871433007557517], [0.0, 0.0, 0.0, 1.0]]}, "Hobj2base": {"type": "ndarray", "data": [[0.9999956761647952, -0.0014757532640782007, 0.00254358094378022, -0.7340561429866808], [-0.0014762463563384256, -0.9999988919174754, 0.00019199092989572329, 0.09004664096577118], [0.002543294794041159, -0.000195745051858889, -0.9999967466624406, 0.0015082832388526692], [0.0, 0.0, 0.0, 1.0]]}, "mean_rme": {"type": "float", "data": 0.0017007920538746767}, "max_rme": {"type": "float", "data": 0.006610368359802554}, "simu": {"type": "float", "data": 0.002}}, {"type": "dict", "image_number": {"type": "int", "data": 28}, "Hcamera2end": {"type": "ndarray", "data": [[0.999998630768769, -0.0014487598690962034, -0.0007997220947373001, -0.015455978921454757], [0.0007965425731629892, -0.002193899745992489, 0.999997276158207, 0.03076228995039223], [-0.0014505104330040331, -0.9999965439434009, -0.002192742743122311, 0.03372671112417023], [0.0, 0.0, 0.0, 1.0]]}, "Hobj2base": {"type": "ndarray", "data": [[0.9999954961653432, -0.0015800838440894447, 0.002551663001786615, -0.733881971897392], [-0.001580128777398955, -0.9999987514741651, 1.5593534974493857e-05, 0.08984718089074005], [0.0025516351768767494, -1.962542088313785e-05, -0.999996744381084, 0.0013321943866380914], [0.0, 0.0, 0.0, 1.0]]}, "mean_rme": {"type": "float", "data": 0.0016771146725510014}, "max_rme": {"type": "float", "data": 0.006620510560856885}, "simu": {"type": "float", "data": 0.002}}, {"type": "dict", "image_number": {"type": "int", "data": 29}, "Hcamera2end": {"type": "ndarray", "data": [[0.9999985527964013, -0.0014986442880416783, -0.0008052765990793851, -0.01547732066502431], [0.0008019314877959845, -0.0022313555096424853, 0.9999971889752883, 0.030967238305050434], [-0.0015004369336916925, -0.9999963875524189, -0.0022301504703732267, 0.033847874839523846], [0.0, 0.0, 0.0, 1.0]]}, "Hobj2base": {"type": "ndarray", "data": [[0.9999954056084636, -0.001657816400444721, 0.0025377956472016866, -0.7339810608759927], [-0.0016580035719237338, -0.9999986229441606, 7.165150093537163e-05, 0.08973512232127684], [0.002537673367482005, -7.585884598819507e-05, -0.9999967772244645, 0.0011318701767782016], [0.0, 0.0, 0.0, 1.0]]}, "mean_rme": {"type": "float", "data": 0.001660450523337986}, "max_rme": {"type": "float", "data": 0.00662126565864285}, "simu": {"type": "float", "data": 0.002}}, {"type": "dict", "image_number": {"type": "int", "data": 30}, "Hcamera2end": {"type": "ndarray", "data": [[0.9999990137851243, -0.0012586038527010448, -0.0006231734274885258, -0.015497101125764492], [0.0006204311415934338, -0.0021780480735482666, 0.9999974355826056, 0.03063028094226761], [-0.0012599579267986605, -0.9999968360064599, -0.002177265048499688, 0.033713458141514684], [0.0, 0.0, 0.0, 1.0]]}, "Hobj2base": {"type": "ndarray", "data": [[0.999995776400452, -0.0014073003092527345, 0.0025429681666982993, -0.733895930218536], [-0.0014079745618072223, -0.9999989741205806, 0.00026337315699022503, 0.08989053290184028], [0.0025425949127943115, -0.000266952479097675, -0.9999967319684018, 0.0014815330925540382], [0.0, 0.0, 0.0, 1.0]]}, "mean_rme": {"type": "float", "data": 0.001669450615192384}, "max_rme": {"type": "float", "data": 0.006639210638681559}, "simu": {"type": "float", "data": 0.002}}]}