{"type": "list", "data": [{"type": "dict", "image_number": {"type": "int", "data": 5}, "Hcamera2end": {"type": "ndarray", "data": [[0.9999980274891987, 0.00012230741873362752, -0.0019824375417962833, -0.017055141829309572], [0.001982187897623172, 0.0020085505107630963, 0.9999960183200652, 0.02283288013235519], [0.00012628875768176337, -0.9999979753808209, 0.0020083041125903422, 0.03629813099278298], [0.0, 0.0, 0.0, 1.0]]}, "Hobj2base": {"type": "ndarray", "data": [[0.9999998484488676, -0.0005463432255532626, -6.790671384036225e-05, -0.7389897870183916], [-0.000546286582556758, -0.9999995051991473, 0.0008313678069231157, 0.08812123410852915], [-6.836089240931785e-05, -0.0008313305844017465, -0.9999996521080634, 0.002760457163018981], [0.0, 0.0, 0.0, 1.0]]}, "mean_rme": {"type": "float", "data": 0.0011076311072940248}, "max_rme": {"type": "float", "data": 0.002265329110704012}, "simu": {"type": "float", "data": 0.002}}, {"type": "dict", "image_number": {"type": "int", "data": 6}, "Hcamera2end": {"type": "ndarray", "data": [[0.9999974190535701, 4.041968126634356e-05, -0.002271618904650732, -0.017148371267449322], [0.0022715393716170908, 0.0018695178697135661, 0.9999956724965453, 0.022723048053444824], [4.466633848545674e-05, -0.9999982516330637, 0.0018694212296906931, 0.036341090230557094], [0.0, 0.0, 0.0, 1.0]]}, "Hobj2base": {"type": "ndarray", "data": [[0.9999998754028996, -0.0004964767957544483, -5.20093897033177e-05, -0.7388513413172175], [-0.0004964387632527879, -0.9999996112428584, 0.0007287404794988979, 0.08793205791087344], [-5.23711722224942e-05, -0.0007287145692228454, -0.9999997331161328, 0.002764847840646132], [0.0, 0.0, 0.0, 1.0]]}, "mean_rme": {"type": "float", "data": 0.0009847689986179997}, "max_rme": {"type": "float", "data": 0.00231015155172698}, "simu": {"type": "float", "data": 0.002}}, {"type": "dict", "image_number": {"type": "int", "data": 7}, "Hcamera2end": {"type": "ndarray", "data": [[0.9999968594955522, -0.00020323984266937267, -0.002497937669203089, -0.0171752301421055], [0.0024983005412160947, 0.0018052154616379212, 0.9999952498344896, 0.022597159531756686], [-0.00019872956154382807, -0.9999983499439905, 0.0018057175465596709, 0.03641103842516688], [0.0, 0.0, 0.0, 1.0]]}, "Hobj2base": {"type": "ndarray", "data": [[0.9999998464332399, -0.0005539288466811668, -1.7214219449264524e-05, -0.7387188550371757], [-0.000553921940664832, -0.9999997671326444, 0.0003986290756438522, 0.08764187784542485], [-1.7435027584759748e-05, -0.00039861947909383217, -0.9999999203992618, 0.0028634718052194213], [0.0, 0.0, 0.0, 1.0]]}, "mean_rme": {"type": "float", "data": 0.0009524133582215295}, "max_rme": {"type": "float", "data": 0.0025051257382688874}, "simu": {"type": "float", "data": 0.002}}, {"type": "dict", "image_number": {"type": "int", "data": 8}, "Hcamera2end": {"type": "ndarray", "data": [[0.9999975296585838, -0.00040120977523503017, -0.002186254204357965, -0.016746425094653863], [0.00218661103179121, 0.0008911057012701562, 0.9999972123275267, 0.022953648551332667], [-0.00039926047320765494, -0.9999995224805585, 0.0008919807896553555, 0.03658554292662254], [0.0, 0.0, 0.0, 1.0]]}, "Hobj2base": {"type": "ndarray", "data": [[0.9999998023676134, -0.00020790467889203202, 0.0005933299069825053, -0.738666301092299], [-0.00020826937218648283, -0.9999997894087072, 0.0006146595887060356, 0.08798081853531052], [0.0005932019914279752, -0.0006147830396766208, -0.9999996350765392, 0.002875279398391252], [0.0, 0.0, 0.0, 1.0]]}, "mean_rme": {"type": "float", "data": 0.0012778890017376395}, "max_rme": {"type": "float", "data": 0.005311340502843098}, "simu": {"type": "float", "data": 0.002}}, {"type": "dict", "image_number": {"type": "int", "data": 9}, "Hcamera2end": {"type": "ndarray", "data": [[0.9999969292313695, -0.00021039189156041456, -0.002469263672297854, -0.016735724511631835], [0.0024694365819122616, 0.0008255879434775348, 0.999996610138012, 0.022868528032758424], [-0.00020835258404382326, -0.9999996370698339, 0.0008261049577216184, 0.03647280727946093], [0.0, 0.0, 0.0, 1.0]]}, "Hobj2base": {"type": "ndarray", "data": [[0.9999998273110567, -2.7151753410192965e-05, 0.0005870610180331686, -0.7386327535197825], [-2.73740187662745e-05, -0.9999999279555212, 0.0003786021864809422, 0.08764216301188706], [0.0005870506960254557, -0.00037861819131985536, -0.999999756009843, 0.0029330392492301995], [0.0, 0.0, 0.0, 1.0]]}, "mean_rme": {"type": "float", "data": 0.0012371359768998168}, "max_rme": {"type": "float", "data": 0.005387817538657802}, "simu": {"type": "float", "data": 0.002}}, {"type": "dict", "image_number": {"type": "int", "data": 10}, "Hcamera2end": {"type": "ndarray", "data": [[0.9999972936926889, -0.0004170145648186486, -0.0022888220006865617, -0.016994059090262484], [0.002289189570543855, 0.0008830968685625828, 0.999996989870985, 0.02295842981428403], [-0.0004149920580095041, -0.999999523119273, 0.0008840491040236209, 0.036233956589276736], [0.0, 0.0, 0.0, 1.0]]}, "Hobj2base": {"type": "ndarray", "data": [[0.9999998630605248, -0.00027791076654325023, 0.0004434462057693664, -0.7388624000918094], [-0.00027815815802064976, -0.9999998056767838, 0.0005579197383189622, 0.0877898692248891], [0.0004432910676953275, -0.000558043010097504, -0.9999997460404821, 0.0026443520392430363], [0.0, 0.0, 0.0, 1.0]]}, "mean_rme": {"type": "float", "data": 0.0014251158128589319}, "max_rme": {"type": "float", "data": 0.005676143379007514}, "simu": {"type": "float", "data": 0.002}}, {"type": "dict", "image_number": {"type": "int", "data": 11}, "Hcamera2end": {"type": "ndarray", "data": [[0.9999968540520474, -0.0003379820181546266, -0.0024854887172496183, -0.016930599394290154], [0.00248567569676977, 0.0005539331766571953, 0.9999967572819258, 0.02287446187941689], [-0.000336604127513535, -0.9999997894630738, 0.000554771547700672, 0.03626424867892962], [0.0, 0.0, 0.0, 1.0]]}, "Hobj2base": {"type": "ndarray", "data": [[0.9999998611496085, -7.370591222134635e-05, 0.0005217932562409759, -0.7386787945281733], [-7.390765163523321e-05, -0.9999999225319423, 0.0003866183765725155, 0.08759559999671734], [0.0005217647197585389, -0.0003866568874046104, -0.9999997891289925, 0.002715750278815326], [0.0, 0.0, 0.0, 1.0]]}, "mean_rme": {"type": "float", "data": 0.001370436519791936}, "max_rme": {"type": "float", "data": 0.005590313766029142}, "simu": {"type": "float", "data": 0.002}}, {"type": "dict", "image_number": {"type": "int", "data": 12}, "Hcamera2end": {"type": "ndarray", "data": [[0.9999972944375521, -0.0004252699685398342, -0.002286976831892984, -0.01691376501714275], [0.002287465778349332, 0.0011528220206173945, 0.999996719245469, 0.023086421822271427], [-0.0004226320960810105, -0.9999992450731362, 0.001153791692085071, 0.036197796739170576], [0.0, 0.0, 0.0, 1.0]]}, "Hobj2base": {"type": "ndarray", "data": [[0.999999910998081, -0.000402230687167135, 0.00012733540065391352, -0.7392243236050992], [-0.0004022899932426332, -0.9999998104733241, 0.0004660644569955574, 0.08788320125952946], [0.00012714791109365674, -0.00046611564127239496, -0.9999998832848025, 0.002702559140638989], [0.0, 0.0, 0.0, 1.0]]}, "mean_rme": {"type": "float", "data": 0.0014942266054107042}, "max_rme": {"type": "float", "data": 0.005528957248561783}, "simu": {"type": "float", "data": 0.002}}, {"type": "dict", "image_number": {"type": "int", "data": 13}, "Hcamera2end": {"type": "ndarray", "data": [[0.9999974696663088, -0.0004012714013022046, -0.0022135135514216382, -0.016936481080587443], [0.0022140044922067978, 0.001227175607623865, 0.9999967961069359, 0.023029582628296005], [-0.0003985537458340953, -0.999999166510298, 0.0012280609191451797, 0.03616023177765282], [0.0, 0.0, 0.0, 1.0]]}, "Hobj2base": {"type": "ndarray", "data": [[0.9999999139853085, -0.0003793541566407323, 0.000167689592571698, -0.7391798755464011], [-0.0003794381355912105, -0.9999998024866732, 0.0005010522086493159, 0.08780159969429488], [0.0001674994832127236, -0.0005011157933778283, -0.9999998604134326, 0.0026973935145678165], [0.0, 0.0, 0.0, 1.0]]}, "mean_rme": {"type": "float", "data": 0.0014397750717263609}, "max_rme": {"type": "float", "data": 0.005605083122008414}, "simu": {"type": "float", "data": 0.002}}, {"type": "dict", "image_number": {"type": "int", "data": 14}, "Hcamera2end": {"type": "ndarray", "data": [[0.9999971588345187, -0.00027386460786868265, -0.002367978265714306, -0.016952456592502045], [0.0023683054822929116, 0.0012007235665654203, 0.9999964746898158, 0.023120617711045933], [-0.0002710203551022333, -0.9999992416302592, 0.0012013687501633008, 0.03621521448420972], [0.0, 0.0, 0.0, 1.0]]}, "Hobj2base": {"type": "ndarray", "data": [[0.999999924694829, -0.00028617119135062225, 0.0002621381040052617, -0.7391642767886181], [-0.0002862902201377394, -0.9999998558955243, 0.0004541440741105878, 0.08787911993973538], [0.00026200810327925466, -0.0004542190874866928, -0.9999998625183777, 0.0026710467376760377], [0.0, 0.0, 0.0, 1.0]]}, "mean_rme": {"type": "float", "data": 0.001438402685918628}, "max_rme": {"type": "float", "data": 0.0056213423449938404}, "simu": {"type": "float", "data": 0.002}}, {"type": "dict", "image_number": {"type": "int", "data": 15}, "Hcamera2end": {"type": "ndarray", "data": [[0.9999961984636673, -0.00011342454476103358, -0.002755030505541598, -0.016974564024298235], [0.0027551384462833, 0.0009627568169061629, 0.999995741146658, 0.023235833280212122], [-0.00011077163730253709, -0.999999530116982, 0.0009630656572751084, 0.036314093308806875], [0.0, 0.0, 0.0, 1.0]]}, "Hobj2base": {"type": "ndarray", "data": [[0.9999999341149295, -6.21972803500492e-06, 0.0003629482767810321, -0.7391002197507037], [-6.1676092545076285e-06, -0.9999999896705984, -0.00014359931135873882, 0.08767766495352476], [0.00036294916618065647, 0.0001435970633745373, -0.9999999238238895, 0.0027281305137708987], [0.0, 0.0, 0.0, 1.0]]}, "mean_rme": {"type": "float", "data": 0.00144889366866913}, "max_rme": {"type": "float", "data": 0.0054459616288114465}, "simu": {"type": "float", "data": 0.002}}, {"type": "dict", "image_number": {"type": "int", "data": 16}, "Hcamera2end": {"type": "ndarray", "data": [[0.9999963900211293, 0.0002650708987319099, -0.0026738889520915954, -0.01700908175550081], [0.002673708773030907, 0.0006777789010807833, 0.9999961959413436, 0.02322234818878296], [0.00026688219590222367, -0.9999997351765547, 0.0006770677319258844, 0.03631926483732559], [0.0, 0.0, 0.0, 1.0]]}, "Hobj2base": {"type": "ndarray", "data": [[0.9999998003833875, 0.0003689221063421866, 0.00051296165987332, -0.7389087682051286], [0.0003688705076393047, -0.9999999268989648, 0.00010068075455736295, 0.08769460606719509], [0.000512998765731331, -0.00010049151803193481, -0.9999998633668516, 0.002686614504725779], [0.0, 0.0, 0.0, 1.0]]}, "mean_rme": {"type": "float", "data": 0.001418291643277004}, "max_rme": {"type": "float", "data": 0.005515134553640666}, "simu": {"type": "float", "data": 0.002}}, {"type": "dict", "image_number": {"type": "int", "data": 17}, "Hcamera2end": {"type": "ndarray", "data": [[0.9999968649027372, 0.0001330757915692397, -0.0025004950570729455, -0.016975455254618813], [0.0025004025368798046, 0.0006909278884790204, 0.9999966352972428, 0.023243592580201443], [0.00013480300557869307, -0.999999752454713, 0.0006905929793060706, 0.0363791957735482], [0.0, 0.0, 0.0, 1.0]]}, "Hobj2base": {"type": "ndarray", "data": [[0.9999997862486333, 0.0002520622917144378, 0.0006032970154601909, -0.7388752910691608], [0.0002518830268558168, -0.9999999241136965, 0.000297199499238236, 0.08788970276861964], [0.0006033718824650848, -0.00029704747543308964, -0.999999773852559, 0.0026391402008831112], [0.0, 0.0, 0.0, 1.0]]}, "mean_rme": {"type": "float", "data": 0.0013911434405592614}, "max_rme": {"type": "float", "data": 0.005487700550612207}, "simu": {"type": "float", "data": 0.002}}, {"type": "dict", "image_number": {"type": "int", "data": 18}, "Hcamera2end": {"type": "ndarray", "data": [[0.9999980757055745, 0.0003138292721344858, -0.0019365165467853294, -0.016820675278143925], [0.0019363148474710874, 0.0006417383792337583, 0.9999979194261677, 0.02329208757374663], [0.00031507135617960804, -0.9999997448414877, 0.0006411294720609639, 0.03639154853759507], [0.0, 0.0, 0.0, 1.0]]}, "Hobj2base": {"type": "ndarray", "data": [[0.9999997616610131, 0.000427108973566291, 0.0005424535387994982, -0.7389506767021418], [0.00042663373405457704, -0.9999995253857752, 0.0008759063204248809, 0.0881929349445805], [0.0005428273887927892, -0.0008756746826834468, -0.9999994692659977, 0.00261613859750494], [0.0, 0.0, 0.0, 1.0]]}, "mean_rme": {"type": "float", "data": 0.0013956944036183116}, "max_rme": {"type": "float", "data": 0.0053256984952922415}, "simu": {"type": "float", "data": 0.002}}, {"type": "dict", "image_number": {"type": "int", "data": 19}, "Hcamera2end": {"type": "ndarray", "data": [[0.9999964511177872, 0.00046051772967938107, -0.0026240570214159232, -0.0169360361275828], [0.0026237796029195543, 0.000601979472134917, 0.9999963766940908, 0.023271585708324376], [0.00046209568954337296, -0.9999997127720265, 0.0006007690387547227, 0.036341754673887255], [0.0, 0.0, 0.0, 1.0]]}, "Hobj2base": {"type": "ndarray", "data": [[0.9999996905719253, 0.0005800822942280088, 0.0005313761244543689, -0.7389209878691357], [0.0005799660313708311, -0.999999807855878, 0.00021892375323893587, 0.08778745271983542], [0.0005315030161466098, -0.0002186155053957154, -0.9999998348558887, 0.002643429797909649], [0.0, 0.0, 0.0, 1.0]]}, "mean_rme": {"type": "float", "data": 0.00137039068634474}, "max_rme": {"type": "float", "data": 0.0054968427637527295}, "simu": {"type": "float", "data": 0.002}}, {"type": "dict", "image_number": {"type": "int", "data": 20}, "Hcamera2end": {"type": "ndarray", "data": [[0.9999957925771007, -0.00018546185109354725, -0.0028948975798637725, -0.01696525480562519], [0.002895047927630156, 0.0008155933002240712, 0.9999954767423026, 0.02323963103147402], [-0.00018309995313083027, -0.9999996502056739, 0.0008161267896258373, 0.03643172942667929], [0.0, 0.0, 0.0, 1.0]]}, "Hobj2base": {"type": "ndarray", "data": [[0.999999807925492, -7.719677790187399e-05, 0.0006149712485563769, -0.7389316368699215], [-7.718291367537087e-05, -0.9999999967667368, -2.2568212430024097e-05, 0.08784959854404113], [0.0006149729887612957, 2.2520742822455633e-05, -0.9999998106505017, 0.0026428688074932537], [0.0, 0.0, 0.0, 1.0]]}, "mean_rme": {"type": "float", "data": 0.0013845238955466949}, "max_rme": {"type": "float", "data": 0.005539764598987251}, "simu": {"type": "float", "data": 0.002}}, {"type": "dict", "image_number": {"type": "int", "data": 21}, "Hcamera2end": {"type": "ndarray", "data": [[0.9999957322595132, -0.0003608162802516623, -0.0028991851220360517, -0.01693928244524394], [0.0028994890006029733, 0.0008445434751588321, 0.9999954398445297, 0.022868625291960716], [-0.0003583661469952345, -0.9999995782788764, 0.0008455860537023296, 0.03646746776344698], [0.0, 0.0, 0.0, 1.0]]}, "Hobj2base": {"type": "ndarray", "data": [[0.9999997459624702, -0.00024350414833812988, 0.0006699109827770174, -0.7390077551868023], [-0.00024350454742226845, -0.999999970352635, 5.141639860528671e-07, 0.08805142515680493], [0.0006699108377148585, -6.772902261102429e-07, -0.9999997756094803, 0.0029581232874288034], [0.0, 0.0, 0.0, 1.0]]}, "mean_rme": {"type": "float", "data": 0.0013510803141869767}, "max_rme": {"type": "float", "data": 0.005519104002886965}, "simu": {"type": "float", "data": 0.002}}, {"type": "dict", "image_number": {"type": "int", "data": 22}, "Hcamera2end": {"type": "ndarray", "data": [[0.9999956057077818, -0.0004172444548683721, -0.0029350421106781313, -0.016923592096217563], [0.0029353962939078614, 0.0008507998596298805, 0.9999953297831927, 0.022400296636933405], [-0.000414745372830534, -0.9999995510232309, 0.0008520208987931044, 0.03633325957831808], [0.0, 0.0, 0.0, 1.0]]}, "Hobj2base": {"type": "ndarray", "data": [[0.999999703509349, -0.0002884631908725302, 0.0007139819337873522, -0.738914004633165], [-0.0002884460117173344, -0.9999999581075012, -2.416390594962683e-05, 0.08826909622871881], [0.0007139888742742789, 2.3957953544015433e-05, -0.9999997448229194, 0.003369595253428796], [0.0, 0.0, 0.0, 1.0]]}, "mean_rme": {"type": "float", "data": 0.0013138072289229248}, "max_rme": {"type": "float", "data": 0.0055069992966984005}, "simu": {"type": "float", "data": 0.002}}, {"type": "dict", "image_number": {"type": "int", "data": 23}, "Hcamera2end": {"type": "ndarray", "data": [[0.9999958276948646, -0.0003524339328965858, -0.0028671210622635912, -0.016871989663454233], [0.002867470587772497, 0.0009952756584649114, 0.9999953935087862, 0.023017702076204526], [-0.00034957873360962717, -0.999999442608188, 0.0009962820998078437, 0.03498386493189304], [0.0, 0.0, 0.0, 1.0]]}, "Hobj2base": {"type": "ndarray", "data": [[0.9999997958652587, -0.00030283123753330627, 0.0005626390339287658, -0.7375674989618932], [-0.000302846115030848, -0.9999999537947593, 2.6357340362533407e-05, 0.08808188950625108], [0.0005626310261058938, -2.6527728027674586e-05, -0.9999998413712912, 0.0029127885767116102], [0.0, 0.0, 0.0, 1.0]]}, "mean_rme": {"type": "float", "data": 0.0013601960715354917}, "max_rme": {"type": "float", "data": 0.005438420906443808}, "simu": {"type": "float", "data": 0.002}}, {"type": "dict", "image_number": {"type": "int", "data": 24}, "Hcamera2end": {"type": "ndarray", "data": [[0.9999964217688722, -0.00046235852123973275, -0.0026348954533110536, -0.016825980292646134], [0.0026355293690940337, 0.0013758373474982433, 0.9999955805185032, 0.023374770650017154], [-0.0004587312902833839, -0.999998946647541, 0.0013770509838959555, 0.03363701961446025], [0.0, 0.0, 0.0, 1.0]]}, "Hobj2base": {"type": "ndarray", "data": [[0.9999997921251169, -0.000606513323346839, 0.0002188408358907984, -0.7363756462188378], [-0.0006065709933424186, -0.999999781305233, 0.00026355476920276376, 0.08819386061722946], [0.00021868093855249968, -0.0002636874569195571, -0.9999999413237843, 0.002674362022946769], [0.0, 0.0, 0.0, 1.0]]}, "mean_rme": {"type": "float", "data": 0.0014065238755434958}, "max_rme": {"type": "float", "data": 0.005401700260639075}, "simu": {"type": "float", "data": 0.002}}, {"type": "dict", "image_number": {"type": "int", "data": 25}, "Hcamera2end": {"type": "ndarray", "data": [[0.999996365663528, -0.0003239250992355168, -0.002676514947788012, -0.016831122819696648], [0.002676919053389519, 0.0012535912668967253, 0.999995631297116, 0.024670163916287915], [-0.0003205684283387354, -0.9999991617903817, 0.0012544538321942467, 0.03337499637882813], [0.0, 0.0, 0.0, 1.0]]}, "Hobj2base": {"type": "ndarray", "data": [[0.9999998728557374, -0.0004359511262856468, 0.000253446492174571, -0.7359315824248772], [-0.00043599494860406275, -0.9999998900111282, 0.0001728760716169596, 0.08751881319811144], [0.0002533710987801481, -0.0001729865510270885, -0.9999999529393686, 0.0015627814014392838], [0.0, 0.0, 0.0, 1.0]]}, "mean_rme": {"type": "float", "data": 0.0014275970704528901}, "max_rme": {"type": "float", "data": 0.00537056089193072}, "simu": {"type": "float", "data": 0.002}}, {"type": "dict", "image_number": {"type": "int", "data": 26}, "Hcamera2end": {"type": "ndarray", "data": [[0.9999957815604531, -0.00029595690007893196, -0.002889510479614542, -0.016870813412824988], [0.0028899339295509903, 0.0014404902786449014, 0.9999947866212302, 0.02390676756874934], [-0.0002917930453875852, -0.9999989186980505, 0.0014413394979110317, 0.03328829295584088], [0.0, 0.0, 0.0, 1.0]]}, "Hobj2base": {"type": "ndarray", "data": [[0.999999856846221, -0.0005264860246865884, 9.549870853079129e-05, -0.7360129421834446], [-0.000526480660275161, -0.9999998598304427, -5.618905106774189e-05, 0.0878208186181441], [9.552827789490714e-05, 5.613876480094418e-05, -0.9999999938613937, 0.002286755313614388], [0.0, 0.0, 0.0, 1.0]]}, "mean_rme": {"type": "float", "data": 0.0014314808813242334}, "max_rme": {"type": "float", "data": 0.005422151480857174}, "simu": {"type": "float", "data": 0.002}}, {"type": "dict", "image_number": {"type": "int", "data": 27}, "Hcamera2end": {"type": "ndarray", "data": [[0.9999954615545567, -0.00019702646208159878, -0.0030063351214515742, -0.01686365735433889], [0.0030066094881179796, 0.0014073582835811838, 0.9999944898058429, 0.023859918365947447], [-0.0001927943857911419, -0.9999989902611078, 0.0014079442779927342, 0.032746738691398214], [0.0, 0.0, 0.0, 1.0]]}, "Hobj2base": {"type": "ndarray", "data": [[0.9999999127608522, -0.00041069698513852723, 7.619891307370778e-05, -0.7354714461466139], [-0.00041068237022882085, -0.9999998972924655, -0.00019171606289906316, 0.08777980765822742], [7.627764245654056e-05, 0.00019168475262368724, -0.9999999787193381, 0.0023783575621599416], [0.0, 0.0, 0.0, 1.0]]}, "mean_rme": {"type": "float", "data": 0.0014106086233488236}, "max_rme": {"type": "float", "data": 0.00538666777644875}, "simu": {"type": "float", "data": 0.002}}, {"type": "dict", "image_number": {"type": "int", "data": 28}, "Hcamera2end": {"type": "ndarray", "data": [[0.9999940662173584, -2.4077319555135777e-05, -0.003444844024939383, -0.016903515638773736], [0.0034448696214657137, 0.0011591880854779912, 0.9999933945563204, 0.024003053834984012], [-2.0083938363719142e-05, -0.9999993278514063, 0.0011592641503345158, 0.03126662166874822], [0.0, 0.0, 0.0, 1.0]]}, "Hobj2base": {"type": "ndarray", "data": [[0.9999999751824368, -9.826761196013819e-05, 0.00019994649859805786, -0.7338885449286053], [-9.813918017861068e-05, -0.9999997889487386, -0.0006422391914825832, 0.08755663821025024], [0.00020000956771075136, 0.0006422195529583194, -0.9999997737750834, 0.0023381665308132293], [0.0, 0.0, 0.0, 1.0]]}, "mean_rme": {"type": "float", "data": 0.0014822436673365218}, "max_rme": {"type": "float", "data": 0.005333482499873088}, "simu": {"type": "float", "data": 0.002}}, {"type": "dict", "image_number": {"type": "int", "data": 29}, "Hcamera2end": {"type": "ndarray", "data": [[0.9999943234147337, -1.9278639884938832e-05, -0.00336938668649237, -0.016917770276059958], [0.0033694091718689525, 0.001318146238980078, 0.9999934547647429, 0.02381486424033759], [-1.483716931323484e-05, -0.9999991310590362, 0.0013182037140365699, 0.031212985874675025], [0.0, 0.0, 0.0, 1.0]]}, "Hobj2base": {"type": "ndarray", "data": [[0.9999999855318809, -0.00015244223550966773, 7.548246797187552e-05, -0.7339199318073933], [-0.0001523973690952161, -0.9999998119430173, -0.0005940445872119905, 0.08768676851150675], [7.557301126173738e-05, 0.0005940330752877509, -0.9999998207066965, 0.002517586106100566], [0.0, 0.0, 0.0, 1.0]]}, "mean_rme": {"type": "float", "data": 0.0014439073965380991}, "max_rme": {"type": "float", "data": 0.005358090445671371}, "simu": {"type": "float", "data": 0.002}}, {"type": "dict", "image_number": {"type": "int", "data": 30}, "Hcamera2end": {"type": "ndarray", "data": [[0.9999957824503544, 0.00011096592238164196, -0.002902200556059561, -0.016954687278284204], [0.002902032238209189, 0.0014880535498688063, 0.9999946819386196, 0.02371547269391195], [0.00011528396209793072, -0.9999988866909786, 0.001487725247244942, 0.03155149672226398], [0.0, 0.0, 0.0, 1.0]]}, "Hobj2base": {"type": "ndarray", "data": [[0.9999999842660545, -0.0001399211943532159, -0.00010904104796677597, -0.7343486497482989], [-0.00013993877337183184, -0.9999999772120225, -0.0001612237379929788, 0.08793934437596364], [-0.00010901848686397297, 0.0001612389945267929, -0.9999999810584776, 0.002540556761293272], [0.0, 0.0, 0.0, 1.0]]}, "mean_rme": {"type": "float", "data": 0.0014331009185084695}, "max_rme": {"type": "float", "data": 0.005439105079938389}, "simu": {"type": "float", "data": 0.002}}]}