{"type": "list", "data": [{"type": "dict", "image_number": {"type": "int", "data": 5}, "Hcamera2end": {"type": "ndarray", "data": [[0.9999999815888382, 0.00018916827823214975, 3.221312948694058e-05, -0.010660913299188692], [-3.205294975815012e-05, -0.0008466998645997315, 0.9999996410359092, 0.031219755912081815], [0.00018919548517990574, -0.9999996236572798, -0.0008466937856097534, 0.028268687111959092], [0.0, 0.0, 0.0, 1.0]]}, "Hobj2base": {"type": "ndarray", "data": [[0.9999995410452035, -0.00011904320408767947, -0.0009506514072009459, -0.73087031218953], [-0.00011985694448015771, -0.9999996264740785, -0.000855970803932349, 0.09444291516638789], [-0.000950549154600897, 0.0008560843532533758, -0.9999991817876079, -0.0010728762487756782], [0.0, 0.0, 0.0, 1.0]]}, "mean_rme": {"type": "float", "data": 0.0014136306126515824}, "max_rme": {"type": "float", "data": 0.003910850558424328}, "simu": {"type": "float", "data": 0.002}}, {"type": "dict", "image_number": {"type": "int", "data": 6}, "Hcamera2end": {"type": "ndarray", "data": [[0.999999835912152, 0.0005618546297399043, -0.00011178123341082171, -0.01071335436973736], [0.00011183327714543812, -9.259790631577225e-05, 0.9999999894594729, 0.031127082415050626], [0.000561844273109481, -0.9999998378724884, -9.266072516611601e-05, 0.02817962554456829], [0.0, 0.0, 0.0, 1.0]]}, "Hobj2base": {"type": "ndarray", "data": [[0.9999995387427356, 0.00019378161843236437, -0.000940724720857824, -0.7311055409718697], [0.0001931846070716964, -0.999999779931384, -0.000634678572786295, 0.09440479670369772], [-0.0009408475028748557, 0.0006344965465006312, -0.999999356109847, -0.0010277254231889725], [0.0, 0.0, 0.0, 1.0]]}, "mean_rme": {"type": "float", "data": 0.001271304581237843}, "max_rme": {"type": "float", "data": 0.0036215004148854035}, "simu": {"type": "float", "data": 0.002}}, {"type": "dict", "image_number": {"type": "int", "data": 7}, "Hcamera2end": {"type": "ndarray", "data": [[0.9999998367739439, 0.000559970283337481, 0.00011351373202140251, -0.010820670127018615], [-0.00011344300802680648, -0.00012632969523562743, 0.9999999855857459, 0.031097128458815876], [0.0005599846154210983, -0.9999998352370313, -0.00012626614990196572, 0.028150129642653045], [0.0, 0.0, 0.0, 1.0]]}, "Hobj2base": {"type": "ndarray", "data": [[0.9999995653784767, 0.00024971039639192877, -0.0008982692110883074, -0.7310227390301131], [0.00024948732265958536, -0.9999999380166298, -0.000248440761696994, 0.09475422334392876], [-0.0008983311936516377, 0.0002482165469387898, -0.9999995656947116, -0.0009635654755650393], [0.0, 0.0, 0.0, 1.0]]}, "mean_rme": {"type": "float", "data": 0.0011899505939045288}, "max_rme": {"type": "float", "data": 0.0035743761231565863}, "simu": {"type": "float", "data": 0.002}}, {"type": "dict", "image_number": {"type": "int", "data": 8}, "Hcamera2end": {"type": "ndarray", "data": [[0.9999996942725307, 0.0007316682761953591, -0.00027589196943740297, -0.010384849888451493], [0.0002762359816222831, -0.0004701157021143043, 0.9999998513424435, 0.03100559919768292], [0.0007315384662804212, -0.9999996218263085, -0.0004703176714915269, 0.028495744259569376], [0.0, 0.0, 0.0, 1.0]]}, "Hobj2base": {"type": "ndarray", "data": [[0.9999996841527589, 0.0004621870445514469, -0.0006465891419119933, -0.7308040488250455], [0.00046174005953971916, -0.9999996544671785, -0.000691275373007938, 0.09456502076149731], [-0.0006469084170158443, 0.0006909765985616343, -0.99999955203032, -0.0006644597774178793], [0.0, 0.0, 0.0, 1.0]]}, "mean_rme": {"type": "float", "data": 0.0013816996371796512}, "max_rme": {"type": "float", "data": 0.004072607409126738}, "simu": {"type": "float", "data": 0.002}}, {"type": "dict", "image_number": {"type": "int", "data": 9}, "Hcamera2end": {"type": "ndarray", "data": [[0.9999997261482781, 0.0007028612931924344, -0.0002317096702744488, -0.010389102431883335], [0.00023247105080624855, -0.0010833703826937935, 0.9999993861327238, 0.030870977625219963], [0.0007026098343347278, -0.9999991661469606, -0.0010835334809142783, 0.028540116906097257], [0.0, 0.0, 0.0, 1.0]]}, "Hobj2base": {"type": "ndarray", "data": [[0.9999998836286805, 0.00046599443853819725, -0.00012486716441274145, -0.7302489834578135], [0.0004659152082439218, -0.9999996906126181, -0.0006337962507256079, 0.09464390479009518], [-0.00012516247130842082, 0.0006337379994589916, -0.9999997913552303, -0.0006867010343889417], [0.0, 0.0, 0.0, 1.0]]}, "mean_rme": {"type": "float", "data": 0.0013595302524525353}, "max_rme": {"type": "float", "data": 0.004060501686118156}, "simu": {"type": "float", "data": 0.002}}, {"type": "dict", "image_number": {"type": "int", "data": 10}, "Hcamera2end": {"type": "ndarray", "data": [[0.9999997624140777, 0.0006414182711389101, 0.0002524963159070285, -0.010561778141350911], [-0.00025191035669435634, -0.0009134534151928886, 0.9999995510719147, 0.030669489600610878], [0.0006416486268103225, -0.9999993770925361, -0.0009132916182639228, 0.02843127732668193], [0.0, 0.0, 0.0, 1.0]]}, "Hobj2base": {"type": "ndarray", "data": [[0.999999856907517, 0.0004969522215737939, -0.00019804907213966086, -0.7301449594972199], [0.000496851376907342, -0.9999997470722752, -0.0005089146243677347, 0.09454627626684495], [-0.0001983019283007306, 0.0005088161505916896, -0.999999850891224, -0.0007605195257534503], [0.0, 0.0, 0.0, 1.0]]}, "mean_rme": {"type": "float", "data": 0.0013889579797504636}, "max_rme": {"type": "float", "data": 0.003691845693128526}, "simu": {"type": "float", "data": 0.002}}, {"type": "dict", "image_number": {"type": "int", "data": 11}, "Hcamera2end": {"type": "ndarray", "data": [[0.9999996226606963, 0.0007426954196165918, -0.0004506461791197278, -0.010408414808275479], [0.0004513397094480315, -0.0009338989055920344, 0.9999994620625057, 0.030550980844903708], [0.0007422741621193895, -0.9999992881179205, -0.0009342337611302209, 0.028433348579035476], [0.0, 0.0, 0.0, 1.0]]}, "Hobj2base": {"type": "ndarray", "data": [[0.999999763304069, 0.0006537127926078691, -0.00021459587777408366, -0.7301541107787141], [0.0006535781764470861, -0.9999995899956988, -0.0006267726874168079, 0.09426221859292255], [-0.00021500551911267233, 0.0006266322838797944, -0.9999997805522798, -0.0006236671180536925], [0.0, 0.0, 0.0, 1.0]]}, "mean_rme": {"type": "float", "data": 0.0013194751988865453}, "max_rme": {"type": "float", "data": 0.003755886400347408}, "simu": {"type": "float", "data": 0.002}}, {"type": "dict", "image_number": {"type": "int", "data": 12}, "Hcamera2end": {"type": "ndarray", "data": [[0.9999992939778208, 0.0007956679022134104, -0.0008825850945610174, -0.010247314058213983], [0.0008832850920420872, -0.0008798391460953514, 0.9999992228449595, 0.030461378072574357], [0.0007948907509401344, -0.9999992963975854, -0.0008805413265056128, 0.028472790269995975], [0.0, 0.0, 0.0, 1.0]]}, "Hobj2base": {"type": "ndarray", "data": [[0.9999997279708437, 0.0007308493253116257, -9.958665676996768e-05, -0.7301440377652103], [0.0007307755095897919, -0.9999994597364663, -0.0007392522776433934, 0.09400627247578114], [-0.00010012688499527934, 0.0007391793010553707, -0.9999997217942451, -0.0005412866634167726], [0.0, 0.0, 0.0, 1.0]]}, "mean_rme": {"type": "float", "data": 0.0013204738567131002}, "max_rme": {"type": "float", "data": 0.003843950150310471}, "simu": {"type": "float", "data": 0.002}}, {"type": "dict", "image_number": {"type": "int", "data": 13}, "Hcamera2end": {"type": "ndarray", "data": [[0.9999989637691753, 0.0009056820486313444, -0.0011190176952963738, -0.010235687101621541], [0.0011197019059118597, -0.0007553103409541073, 0.9999990878865495, 0.030401764308052314], [0.0009048360169095979, -0.9999993046229161, -0.0007563236521943573, 0.028466246380825976], [0.0, 0.0, 0.0, 1.0]]}, "Hobj2base": {"type": "ndarray", "data": [[0.9999996352544481, 0.0008458443637143596, -0.0001184832603850556, -0.7302212238226168], [0.0008457334468487261, -0.9999992070459098, -0.0009330822517814825, 0.09375178355606112], [-0.00011927240879682093, 0.0009329817061876823, -0.9999995576595164, -0.0005525565460330767], [0.0, 0.0, 0.0, 1.0]]}, "mean_rme": {"type": "float", "data": 0.001267476575987462}, "max_rme": {"type": "float", "data": 0.003808882094954058}, "simu": {"type": "float", "data": 0.002}}, {"type": "dict", "image_number": {"type": "int", "data": 14}, "Hcamera2end": {"type": "ndarray", "data": [[0.9999976944027497, 0.001059694838079053, -0.0018676819951607528, -0.01027222590741974], [0.0018682595037914568, -0.0005442484398483494, 0.9999981066982389, 0.030268388506775677], [0.0010586763487449502, -0.9999992904199912, -0.0005462269699829658, 0.028433015035826868], [0.0, 0.0, 0.0, 1.0]]}, "Hobj2base": {"type": "ndarray", "data": [[0.999999520223947, 0.0009790549755889287, -3.167381678767881e-05, -0.7302216702417725], [0.0009790017107329037, -0.9999981757948826, -0.0016401105320852454, 0.09306153862536053], [-3.3279517385094e-05, 0.0016400787364786672, -0.9999986545162007, -0.0007142229202518177], [0.0, 0.0, 0.0, 1.0]]}, "mean_rme": {"type": "float", "data": 0.0013283077206229874}, "max_rme": {"type": "float", "data": 0.0036636652629906674}, "simu": {"type": "float", "data": 0.002}}, {"type": "dict", "image_number": {"type": "int", "data": 15}, "Hcamera2end": {"type": "ndarray", "data": [[0.9999960564425141, 0.0016693339090924815, -0.0022584117693817377, -0.010418435315981054], [0.0022588928285607298, -0.00028634509857994317, 0.9999974077014768, 0.030253709853477945], [0.0016686828965399158, -0.9999985656643635, -0.00029011481575746956, 0.02835374085011003], [0.0, 0.0, 0.0, 1.0]]}, "Hobj2base": {"type": "ndarray", "data": [[0.9999987476926979, 0.0015651711140943203, -0.00023420593400752266, -0.7305232716426227], [0.0015646802736165946, -0.9999966096164397, -0.002081473340583442, 0.09261616103597922], [-0.00023746300190701284, 0.002081104276534273, -0.9999978063057504, -0.0008381039296382824], [0.0, 0.0, 0.0, 1.0]]}, "mean_rme": {"type": "float", "data": 0.0013197880633025823}, "max_rme": {"type": "float", "data": 0.003591079937814934}, "simu": {"type": "float", "data": 0.002}}, {"type": "dict", "image_number": {"type": "int", "data": 16}, "Hcamera2end": {"type": "ndarray", "data": [[0.9999962847455852, 0.0017066797544495632, -0.002125497410551132, -0.010515653932603574], [0.002126050738777262, -0.00032246450501838275, 0.9999976879597768, 0.030264457770719115], [0.0017059904110669113, -0.9999984916292918, -0.0003260917947336406, 0.02837130910871908], [0.0, 0.0, 0.0, 1.0]]}, "Hobj2base": {"type": "ndarray", "data": [[0.9999987139888519, 0.0015880182077397497, -0.0002240955475243096, -0.7305453873087804], [0.0015875542091611362, -0.999996626784883, -0.0020557457258264383, 0.09265849495034523], [-0.00022735935324491653, 0.0020553873182847906, -0.9999978618430627, -0.000841853197765835], [0.0, 0.0, 0.0, 1.0]]}, "mean_rme": {"type": "float", "data": 0.0012725027294315612}, "max_rme": {"type": "float", "data": 0.003680680020359234}, "simu": {"type": "float", "data": 0.002}}, {"type": "dict", "image_number": {"type": "int", "data": 17}, "Hcamera2end": {"type": "ndarray", "data": [[0.9999978574780717, 0.0018246867623871875, -0.000977526206983044, -0.01050502384100602], [0.0009781174028956788, -0.000323134319742735, 0.9999994694351381, 0.030332589805185217], [0.001824369922006583, -0.9999982830497413, -0.000324918385297579, 0.028415622595489517], [0.0, 0.0, 0.0, 1.0]]}, "Hobj2base": {"type": "ndarray", "data": [[0.999998540405989, 0.0016997644906045968, -0.00017316630193077166, -0.7306064972955936], [0.0016995548242134595, -0.999997831166614, -0.0012038170410737883, 0.09325017824242945], [-0.00017521213182151654, 0.0012035209783658072, -0.9999992604187085, -0.0006117860890478538], [0.0, 0.0, 0.0, 1.0]]}, "mean_rme": {"type": "float", "data": 0.0012830076687281116}, "max_rme": {"type": "float", "data": 0.0038228338406131046}, "simu": {"type": "float", "data": 0.002}}, {"type": "dict", "image_number": {"type": "int", "data": 18}, "Hcamera2end": {"type": "ndarray", "data": [[0.9999963641612621, 0.002691299946463739, 0.00016902323664473953, -0.010418102547650899], [-0.00016879822530229197, -8.38338602640043e-05, 0.9999999822395214, 0.03039190474131434], [0.002691314068535366, -0.9999963749316705, -8.33792688028634e-05, 0.028411553339642338], [0.0, 0.0, 0.0, 1.0]]}, "Hobj2base": {"type": "ndarray", "data": [[0.9999965971014391, 0.0026035436934081922, -0.00016536559080911094, -0.7308717156697839], [0.002603547489383301, -0.9999966105058478, 2.27439288263833e-05, 0.09382631074321207], [-0.00016530581549094867, -2.3174388599882076e-05, -0.9999999860684674, -0.0003430784334498714], [0.0, 0.0, 0.0, 1.0]]}, "mean_rme": {"type": "float", "data": 0.0013250481772338083}, "max_rme": {"type": "float", "data": 0.004038900396382522}, "simu": {"type": "float", "data": 0.002}}, {"type": "dict", "image_number": {"type": "int", "data": 19}, "Hcamera2end": {"type": "ndarray", "data": [[0.9999975423800144, 0.0022082284583162023, -0.00019738542822489566, -0.010320905523449355], [0.000198448580938681, -0.00048124175824804105, 0.9999998645122564, 0.03101830885227383], [0.0022081331690177795, -0.9999974460634619, -0.000481678795342555, 0.026955343404012084], [0.0, 0.0, 0.0, 1.0]]}, "Hobj2base": {"type": "ndarray", "data": [[0.9999977728652016, 0.002101023298532019, 0.00019991432041686644, -0.7291031326168103], [0.0021010677445761983, -0.9999977680291785, -0.00022237579427216792, 0.09389786816037798], [0.0001994466574891411, 0.00022279533254160495, -0.9999999552916341, -0.0009477373482829095], [0.0, 0.0, 0.0, 1.0]]}, "mean_rme": {"type": "float", "data": 0.0013643023862346636}, "max_rme": {"type": "float", "data": 0.004048601923545281}, "simu": {"type": "float", "data": 0.002}}, {"type": "dict", "image_number": {"type": "int", "data": 20}, "Hcamera2end": {"type": "ndarray", "data": [[0.9999981692279579, 0.0018561882527930306, -0.0004648719205732211, -0.010344225162099235], [0.00046590017090183716, -0.000553564030694842, 0.999999738251913, 0.03130510057445873], [0.001855930430565197, -0.9999981240642575, -0.0005544278156695004, 0.02750173318497808], [0.0, 0.0, 0.0, 1.0]]}, "Hobj2base": {"type": "ndarray", "data": [[0.9999984976657643, 0.0017055355144756043, 0.0003095396957778514, -0.7295010917827061], [0.0017056601976167254, -0.9999984641616955, -0.0004029857814216038, 0.09387167993991476], [0.00030885191381288665, 0.0004035131455409386, -0.9999998708938098, -0.0013202894088851168], [0.0, 0.0, 0.0, 1.0]]}, "mean_rme": {"type": "float", "data": 0.0013575342525805841}, "max_rme": {"type": "float", "data": 0.0040638492638094825}, "simu": {"type": "float", "data": 0.002}}, {"type": "dict", "image_number": {"type": "int", "data": 21}, "Hcamera2end": {"type": "ndarray", "data": [[0.9999965175287229, 0.002587259995525456, -0.0005205921072938199, -0.010381703611784896], [0.0005234014930691271, -0.0010852952356221746, 0.9999992740923008, 0.032516084405004975], [0.002586693121279757, -0.999996064102238, -0.0010866456318574524, 0.02794504332907606], [0.0, 0.0, 0.0, 1.0]]}, "Hobj2base": {"type": "ndarray", "data": [[0.9999967911450368, 0.00239510893281929, 0.0008253198347389228, -0.7296427334833451], [0.0023955712629054123, -0.9999969740102688, -0.0005596504542613669, 0.09373379285622198], [0.0008239769135273198, 0.0005616257709030355, -0.9999995028191464, -0.002681009110297262], [0.0, 0.0, 0.0, 1.0]]}, "mean_rme": {"type": "float", "data": 0.001406703525040802}, "max_rme": {"type": "float", "data": 0.0043524963627430135}, "simu": {"type": "float", "data": 0.002}}, {"type": "dict", "image_number": {"type": "int", "data": 22}, "Hcamera2end": {"type": "ndarray", "data": [[0.9999972313057195, 0.0022500847604897947, -0.0006888392163154509, -0.010326039278097629], [0.0006912484766819849, -0.001070139914100876, 0.9999991884877247, 0.03255235318147092], [0.002249345780178614, -0.9999968959547499, -0.0010716923188736072, 0.027684432771604886], [0.0, 0.0, 0.0, 1.0]]}, "Hobj2base": {"type": "ndarray", "data": [[0.9999975024867057, 0.0020598002538195492, 0.0008673195866052157, -0.729308632312344], [0.0020603719463456295, -0.9999976604407974, -0.0006587718681983146, 0.09373603075455006], [0.0008659606189983713, 0.0006605572238515734, -0.9999994068880043, -0.002717462476049426], [0.0, 0.0, 0.0, 1.0]]}, "mean_rme": {"type": "float", "data": 0.001384696863574757}, "max_rme": {"type": "float", "data": 0.0044475210093745665}, "simu": {"type": "float", "data": 0.002}}, {"type": "dict", "image_number": {"type": "int", "data": 23}, "Hcamera2end": {"type": "ndarray", "data": [[0.9999969892410119, 0.0022109654497282074, -0.001064490813316631, -0.010328302037592104], [0.0010670969348093968, -0.0011778805618889443, 0.9999987369499589, 0.03288994490986038], [0.002209708814130891, -0.9999968621096577, -0.0011802363300288388, 0.027342279927587674], [0.0, 0.0, 0.0, 1.0]]}, "Hobj2base": {"type": "ndarray", "data": [[0.9999975042380975, 0.001990379910837638, 0.0010148425427690133, -0.7288461373410873], [0.0019913755240717483, -0.9999975360408742, -0.0009809871066045032, 0.09364871726757089], [0.001012887505208692, 0.0009830055908947126, -0.999999003878959, -0.003095901130077748], [0.0, 0.0, 0.0, 1.0]]}, "mean_rme": {"type": "float", "data": 0.0013947876377455512}, "max_rme": {"type": "float", "data": 0.004752267671492977}, "simu": {"type": "float", "data": 0.002}}, {"type": "dict", "image_number": {"type": "int", "data": 24}, "Hcamera2end": {"type": "ndarray", "data": [[0.9999970519163859, 0.0020794341671572466, -0.001253838937625994, -0.010407742449198693], [0.0012559120097082107, -0.0009959345018768495, 0.999998715398921, 0.033181171223298486], [0.002078182754456094, -0.9999973420304741, -0.0009985431521224442, 0.029052130797045432], [0.0, 0.0, 0.0, 1.0]]}, "Hobj2base": {"type": "ndarray", "data": [[0.9999978443340167, 0.001891158946083142, 0.0008572311008346436, -0.7305613293952987], [0.0018921499227525576, -0.9999975409185398, -0.001156687314692646, 0.09344561367862275], [0.0008550415132705341, 0.0011583068310223738, -0.9999989636141111, -0.0035170518391941935], [0.0, 0.0, 0.0, 1.0]]}, "mean_rme": {"type": "float", "data": 0.0014595707999369631}, "max_rme": {"type": "float", "data": 0.005674070815176013}, "simu": {"type": "float", "data": 0.002}}, {"type": "dict", "image_number": {"type": "int", "data": 25}, "Hcamera2end": {"type": "ndarray", "data": [[0.9999978694803766, 0.0016254968756978024, -0.001272318597980911, -0.01033493409578519], [0.001273819989383226, -0.0009229495754197181, 0.9999987627725925, 0.03294840256760725], [0.001624320578678712, -0.999998252960468, -0.0009250181994704398, 0.02891415705854354], [0.0, 0.0, 0.0, 1.0]]}, "Hobj2base": {"type": "ndarray", "data": [[0.9999986380135175, 0.0014519920354241272, 0.0007846593139940186, -0.730419394874854], [0.0014528295537085353, -0.9999983744881988, -0.001067851697469009, 0.09350525476136065], [0.0007831075263613047, 0.001068990219310395, -0.9999991220008713, -0.003256141706777631], [0.0, 0.0, 0.0, 1.0]]}, "mean_rme": {"type": "float", "data": 0.0014491217450122492}, "max_rme": {"type": "float", "data": 0.005706142130281311}, "simu": {"type": "float", "data": 0.002}}, {"type": "dict", "image_number": {"type": "int", "data": 26}, "Hcamera2end": {"type": "ndarray", "data": [[0.9999980943042489, 0.0015783605645345918, -0.00114898468176899, -0.010324940685431556], [0.0011505033504424387, -0.0009616103317322544, 0.9999988758231734, 0.03292963467615076], [0.0015772539146372297, -0.9999982920402904, -0.0009634244083132071, 0.028585287495049676], [0.0, 0.0, 0.0, 1.0]]}, "Hobj2base": {"type": "ndarray", "data": [[0.9999986787710852, 0.001393360727078097, 0.0008372586029459528, -0.7300608608701025], [0.0013941377468800478, -0.9999985974239103, -0.0009281864868918061, 0.0936034766874131], [0.000835964130028816, 0.0009293525143672483, -0.9999992187336333, -0.003204745852696608], [0.0, 0.0, 0.0, 1.0]]}, "mean_rme": {"type": "float", "data": 0.0014189792694489134}, "max_rme": {"type": "float", "data": 0.005806527030429776}, "simu": {"type": "float", "data": 0.002}}, {"type": "dict", "image_number": {"type": "int", "data": 27}, "Hcamera2end": {"type": "ndarray", "data": [[0.9999972510908196, 0.0019301040016741306, -0.0013313562058669469, -0.01044180952649296], [0.0013327588476259953, -0.0007256142798923726, 0.9999988486182227, 0.03227331806225674], [0.0019291357283129544, -0.9999978740889701, -0.0007281846484297194, 0.02907381598040711], [0.0, 0.0, 0.0, 1.0]]}, "Hobj2base": {"type": "ndarray", "data": [[0.9999981919977662, 0.0017774773510776593, 0.0006757036814464975, -0.7307642390119826], [0.0017781871242560138, -0.9999978664331393, -0.0010512752828473737, 0.09346283957926786], [0.0006738336217825061, 0.0010524749097254747, -0.9999992191221023, -0.002583704212389737], [0.0, 0.0, 0.0, 1.0]]}, "mean_rme": {"type": "float", "data": 0.0014680784817852198}, "max_rme": {"type": "float", "data": 0.005644273970257296}, "simu": {"type": "float", "data": 0.002}}, {"type": "dict", "image_number": {"type": "int", "data": 28}, "Hcamera2end": {"type": "ndarray", "data": [[0.9999964256777598, 0.002094540625187995, -0.0016617855680341367, -0.010487019484511261], [0.001662985839650139, -0.0005714363941542455, 0.999998453968077, 0.03192069730444011], [0.002093587782208469, -0.9999976431772309, -0.0005749175430567188, 0.029586829211151206], [0.0, 0.0, 0.0, 1.0]]}, "Hobj2base": {"type": "ndarray", "data": [[0.999997852953503, 0.001998622631884279, 0.0005473535964299037, -0.73140678589041], [0.001999352057581031, -0.9999971097093197, -0.0013353517727001023, 0.09319004919625537], [0.0005446831501444598, 0.001336443258177003, -0.9999989586192994, -0.0022957710014628895], [0.0, 0.0, 0.0, 1.0]]}, "mean_rme": {"type": "float", "data": 0.0014765018759933836}, "max_rme": {"type": "float", "data": 0.0054772571172989615}, "simu": {"type": "float", "data": 0.002}}, {"type": "dict", "image_number": {"type": "int", "data": 29}, "Hcamera2end": {"type": "ndarray", "data": [[0.9999969470392304, 0.0021817042891106478, -0.0011602062805822083, -0.010458447834126564], [0.0011616871463934315, -0.0006776209126393429, 0.9999990956560276, 0.03198322239604625], [0.0021809161360608264, -0.9999973904947423, -0.0006801533017191108, 0.029043025326825823], [0.0, 0.0, 0.0, 1.0]]}, "Hobj2base": {"type": "ndarray", "data": [[0.9999976902470744, 0.002038528101659866, 0.0006811047607074461, -0.7307982928406744], [0.00203912084888065, -0.9999975419176355, -0.0008707151375634257, 0.0934402959865045], [0.0006793281092193817, 0.0008721019813444197, -0.9999993889755405, -0.002273104192662965], [0.0, 0.0, 0.0, 1.0]]}, "mean_rme": {"type": "float", "data": 0.001472785349520685}, "max_rme": {"type": "float", "data": 0.005644486886100197}, "simu": {"type": "float", "data": 0.002}}, {"type": "dict", "image_number": {"type": "int", "data": 30}, "Hcamera2end": {"type": "ndarray", "data": [[0.9999973350676519, 0.0018673136102008707, -0.0013575704311512948, -0.010510645054338248], [0.0013587038435646686, -0.0006058402757678216, 0.9999988934401006, 0.032043207117511824], [0.0018664890730621271, -0.9999980730468642, -0.0006083757874237872, 0.029324218897694865], [0.0, 0.0, 0.0, 1.0]]}, "Hobj2base": {"type": "ndarray", "data": [[0.9999981958070965, 0.0017852033017756333, 0.0006491777285590631, -0.7310451771714165], [0.0017858653959732043, -0.9999978843736033, -0.0010207512457291452, 0.093379644292769], [0.000647354106647357, 0.0010219087481382616, -0.999999268317318, -0.0023831244773517], [0.0, 0.0, 0.0, 1.0]]}, "mean_rme": {"type": "float", "data": 0.0014698344953930525}, "max_rme": {"type": "float", "data": 0.005526049091059415}, "simu": {"type": "float", "data": 0.002}}]}