{"type": "list", "data": [{"type": "dict", "image_number": {"type": "int", "data": 5}, "Hcamera2end": {"type": "ndarray", "data": [[0.9999910015540617, -0.004183128802979404, 0.0007058642378556944, -0.011978189897623136], [-0.0007045493754628451, 0.00031579038488660505, 0.9999997019432605, 0.032980933524656836], [-0.004183350461309023, -0.9999912008162122, 0.0003128403224782472, 0.03567180158991837], [0.0, 0.0, 0.0, 1.0]]}, "Hobj2base": {"type": "ndarray", "data": [[0.9999929331307551, -0.003092075180847953, 0.0021384011843333882, -0.7380314817256544], [-0.003091079413078938, -0.9999951127114912, -0.0004688082698880349, 0.0936566160881431], [0.0021398403237657504, 0.0004621949890034941, -0.9999976037267195, 0.0020013868145287495], [0.0, 0.0, 0.0, 1.0]]}, "mean_rme": {"type": "float", "data": 0.0017879760478667903}, "max_rme": {"type": "float", "data": 0.004264327018822012}, "simu": {"type": "float", "data": 0.002}}, {"type": "dict", "image_number": {"type": "int", "data": 6}, "Hcamera2end": {"type": "ndarray", "data": [[0.9999929483376757, -0.003678911346448378, 0.0007542454690431506, -0.011977278991556279], [-0.0007532051873187394, 0.00028414619910621663, 0.999999675971389, 0.03285633105094289], [-0.0036791244703590666, -0.9999931924129495, 0.0002813732202934238, 0.035592191819945475], [0.0, 0.0, 0.0, 1.0]]}, "Hobj2base": {"type": "ndarray", "data": [[0.9999946520618277, -0.00277177134424501, 0.0017358373654630074, -0.738154432917001], [-0.002772275848873122, -0.9999961156767869, 0.0002883018501662356, 0.09437810701781689], [0.00173503151610285, -0.0002931125283516106, -0.9999984518741438, 0.0019645310745460645], [0.0, 0.0, 0.0, 1.0]]}, "mean_rme": {"type": "float", "data": 0.001887996322970049}, "max_rme": {"type": "float", "data": 0.004313945152769283}, "simu": {"type": "float", "data": 0.002}}, {"type": "dict", "image_number": {"type": "int", "data": 7}, "Hcamera2end": {"type": "ndarray", "data": [[0.9999933742829302, -0.0035214925130889925, 0.0009222151157134515, -0.011456786589461218], [-0.0009206382611660683, 0.0004493749430964922, 0.9999994752435387, 0.03237226204430136], [-0.0035219050855281892, -0.9999936985564665, 0.0004461299449213252, 0.03547368179269833], [0.0, 0.0, 0.0, 1.0]]}, "Hobj2base": {"type": "ndarray", "data": [[0.9999951862600444, -0.00274380188215925, 0.0014487953515793857, -0.7377922905875652], [-0.0027444158935786174, -0.9999961450453174, 0.0004219904116707275, 0.09512425409664708], [0.0014476319084531658, -0.0004259644773080392, -0.9999988614574127, 0.0017222279973428956], [0.0, 0.0, 0.0, 1.0]]}, "mean_rme": {"type": "float", "data": 0.0019971073071962707}, "max_rme": {"type": "float", "data": 0.004732803935074248}, "simu": {"type": "float", "data": 0.002}}, {"type": "dict", "image_number": {"type": "int", "data": 8}, "Hcamera2end": {"type": "ndarray", "data": [[0.9999947940927271, -0.0031590348360685996, 0.0006574848659063478, -0.01118108604266186], [-0.0006571965816655281, 9.229425246082279e-05, 0.9999997797871877, 0.03241345500921732], [-0.0031590948224828573, -0.9999950059778676, 9.021766508987561e-05, 0.035507531468001896], [0.0, 0.0, 0.0, 1.0]]}, "Hobj2base": {"type": "ndarray", "data": [[0.9999954798666771, -0.0026260657423862366, 0.0014642489305859612, -0.7375966434560575], [-0.0026263841429273525, -0.9999965278120757, 0.000215569307785358, 0.09490035769496827], [0.001463677747264221, -0.0002194140135559358, -0.9999989047518718, 0.0015542396355687008], [0.0, 0.0, 0.0, 1.0]]}, "mean_rme": {"type": "float", "data": 0.0018843160761336795}, "max_rme": {"type": "float", "data": 0.004873592028429186}, "simu": {"type": "float", "data": 0.002}}, {"type": "dict", "image_number": {"type": "int", "data": 9}, "Hcamera2end": {"type": "ndarray", "data": [[0.9999950686180599, -0.003055833224178458, 0.0007243085445145273, -0.011160795454793614], [-0.000725096780384597, -0.00025684465824538094, 0.9999997041326968, 0.032378124553816987], [-0.003055646285276742, -0.9999952979460093, -0.0002590591664786146, 0.03554374579053029], [0.0, 0.0, 0.0, 1.0]]}, "Hobj2base": {"type": "ndarray", "data": [[0.9999955398685209, -0.00260189486443405, 0.0014664195102235124, -0.7374757623466435], [-0.002602339377584335, -0.9999965685176289, 0.0003013017269515418, 0.09501845485576298], [0.0014656305228148143, -0.0003051165043417373, -0.9999988794149166, 0.0015076799307986073], [0.0, 0.0, 0.0, 1.0]]}, "mean_rme": {"type": "float", "data": 0.0017158971397051477}, "max_rme": {"type": "float", "data": 0.0048865445019933285}, "simu": {"type": "float", "data": 0.002}}, {"type": "dict", "image_number": {"type": "int", "data": 10}, "Hcamera2end": {"type": "ndarray", "data": [[0.9999960452443339, -0.002771817970421908, 0.00047594204570673617, -0.011204926519236828], [-0.00047460314756423826, 0.0004836774354906037, 0.999999770403969, 0.03260014675304016], [-0.002772047536451613, -0.9999960415328039, 0.0004823600091312663, 0.03553631960140984], [0.0, 0.0, 0.0, 1.0]]}, "Hobj2base": {"type": "ndarray", "data": [[0.9999969926203193, -0.002346779071321499, 0.0007123049260226289, -0.738089460813768], [-0.002346932673601068, -0.9999972228625245, 0.00021488197602961823, 0.09467926022871437], [0.0007117986673297745, -0.00021655306150237928, -0.9999997232236759, 0.001614295337205418], [0.0, 0.0, 0.0, 1.0]]}, "mean_rme": {"type": "float", "data": 0.0017256044842717498}, "max_rme": {"type": "float", "data": 0.004715166539214888}, "simu": {"type": "float", "data": 0.002}}, {"type": "dict", "image_number": {"type": "int", "data": 11}, "Hcamera2end": {"type": "ndarray", "data": [[0.9999962509352084, -0.0027036886745654826, 0.0004338007363603848, -0.011182785653591501], [-0.0004322958274299456, 0.0005571727915686386, 0.999999751339368, 0.03263466249881587], [-0.0027039297042318103, -0.9999961898057569, 0.0005560019093591162, 0.035501862815213676], [0.0, 0.0, 0.0, 1.0]]}, "Hobj2base": {"type": "ndarray", "data": [[0.9999971003331248, -0.0023511111519797802, 0.0005211541934841442, -0.7382185497069372], [-0.0023512883239187195, -0.9999971780504593, 0.0003396090932806901, 0.09473153094983436], [0.0005203542640867812, -0.00034083349229755235, -0.9999998065319666, 0.0015835673372692155], [0.0, 0.0, 0.0, 1.0]]}, "mean_rme": {"type": "float", "data": 0.0016337621517037257}, "max_rme": {"type": "float", "data": 0.0047610840678457}, "simu": {"type": "float", "data": 0.002}}, {"type": "dict", "image_number": {"type": "int", "data": 12}, "Hcamera2end": {"type": "ndarray", "data": [[0.9999966109276658, -0.002595748405428389, 0.00020055771803788596, -0.011303539766522264], [-0.00019923332350647795, 0.0005104653571843532, 0.9999998498655898, 0.032699904455743736], [-0.0025958503934844068, -0.9999965007515452, 0.0005099464675984988, 0.03555599288927138], [0.0, 0.0, 0.0, 1.0]]}, "Hobj2base": {"type": "ndarray", "data": [[0.9999972528563544, -0.0023062131413844633, 0.0004191189460514144, -0.7383171158076509], [-0.0023063039918236783, -0.9999973170604008, 0.0002164114084434982, 0.09455529673063064], [0.0004186187307464993, -0.00021737742962859996, -0.9999998887526997, 0.0016432149224748782], [0.0, 0.0, 0.0, 1.0]]}, "mean_rme": {"type": "float", "data": 0.0015687181768466601}, "max_rme": {"type": "float", "data": 0.004624335413365821}, "simu": {"type": "float", "data": 0.002}}, {"type": "dict", "image_number": {"type": "int", "data": 13}, "Hcamera2end": {"type": "ndarray", "data": [[0.9999967533501466, -0.00254752471294585, -5.836953780740078e-05, -0.0113390343425387], [5.958676147203032e-05, 0.0004777331366115911, 0.9999998841102274, 0.03276856531894456], [-0.0025474965326514106, -0.999996640938802, 0.00047788338432674937, 0.03557656259360255], [0.0, 0.0, 0.0, 1.0]]}, "Hobj2base": {"type": "ndarray", "data": [[0.9999973644032436, -0.002274015985994037, 0.0003162876251278483, -0.7384000016189938], [-0.0022740566676306747, -0.9999974060964809, 0.00012832218242205454, 0.09436476177807426], [0.00031599499801407904, -0.00012904110019933783, -0.9999999417477763, 0.0016383187224436452], [0.0, 0.0, 0.0, 1.0]]}, "mean_rme": {"type": "float", "data": 0.0014875523092692262}, "max_rme": {"type": "float", "data": 0.0045912885899829226}, "simu": {"type": "float", "data": 0.002}}, {"type": "dict", "image_number": {"type": "int", "data": 14}, "Hcamera2end": {"type": "ndarray", "data": [[0.999997598556927, -0.0021906856273081025, -6.145617341370038e-05, -0.011325528590534047], [6.203145674048977e-05, 0.000262537258110207, 0.9999999636131424, 0.03281425362418511], [-0.002190669413060675, -0.9999975659823727, 0.00026267251906264555, 0.03564109168102679], [0.0, 0.0, 0.0, 1.0]]}, "Hobj2base": {"type": "ndarray", "data": [[0.999998150840532, -0.0018953202560669567, 0.0003256940949029355, -0.7383424508917614], [-0.001895322782932922, -0.9999982038464101, 7.4499299048668e-06, 0.09408704592005819], [0.00032567938990326283, -8.067211567094631e-06, -0.9999999469339258, 0.0015774704313422966], [0.0, 0.0, 0.0, 1.0]]}, "mean_rme": {"type": "float", "data": 0.0014697377629610436}, "max_rme": {"type": "float", "data": 0.0045288832246926924}, "simu": {"type": "float", "data": 0.002}}, {"type": "dict", "image_number": {"type": "int", "data": 15}, "Hcamera2end": {"type": "ndarray", "data": [[0.9999974423780958, -0.0018463113391079275, 0.001306281633459433, -0.01122278185558978], [-0.0013058693099049104, 0.00022451075613949545, 0.9999991221497475, 0.032752513154514065], [-0.0018466029926003113, -0.9999982703631838, 0.00022209914061166458, 0.035631691089455506], [0.0, 0.0, 0.0, 1.0]]}, "Hobj2base": {"type": "ndarray", "data": [[0.9999987008182224, -0.0015886173922748856, 0.0002732336882013261, -0.7382814067030932], [-0.0015889766968676747, -0.9999978665627962, 0.0013198571561230808, 0.09477615740209479], [0.00027113635724087485, -0.0013202896033520655, -0.9999990916598067, 0.0014187634884985016], [0.0, 0.0, 0.0, 1.0]]}, "mean_rme": {"type": "float", "data": 0.0014563944291695642}, "max_rme": {"type": "float", "data": 0.004660847743401031}, "simu": {"type": "float", "data": 0.002}}, {"type": "dict", "image_number": {"type": "int", "data": 16}, "Hcamera2end": {"type": "ndarray", "data": [[0.9999984410365904, -0.0015769858399183395, 0.0007943802927966371, -0.01129420370885007], [-0.0007941104164937436, 0.00017175303398864195, 0.9999996699447163, 0.03282222715406325], [-0.0015771217566512593, -0.9999987418074864, 0.0001705004653498321, 0.03569946274851814], [0.0, 0.0, 0.0, 1.0]]}, "Hobj2base": {"type": "ndarray", "data": [[0.999999074612362, -0.0013344454082400933, 0.00026463157792978387, -0.7383018065819562], [-0.0013346723557202183, -0.999998740139806, 0.0008592837153301895, 0.09427756594253521], [0.0002634845773226949, -0.0008596361166111752, -0.9999995958007306, 0.0014134837149226871], [0.0, 0.0, 0.0, 1.0]]}, "mean_rme": {"type": "float", "data": 0.0014434175685827388}, "max_rme": {"type": "float", "data": 0.004594051830017043}, "simu": {"type": "float", "data": 0.002}}, {"type": "dict", "image_number": {"type": "int", "data": 17}, "Hcamera2end": {"type": "ndarray", "data": [[0.9999985566607231, -0.0016850308215129546, -0.00021759503926101968, -0.01160457204367224], [0.00021807699517737192, 0.00028584356720762205, 0.9999999353679375, 0.03283161677554228], [-0.0016849685144637082, -0.9999985394812262, 0.00028621062109679407, 0.03575856631401825], [0.0, 0.0, 0.0, 1.0]]}, "Hobj2base": {"type": "ndarray", "data": [[0.9999988432115946, -0.00150211863900731, 0.00023919671205171423, -0.7383857394116368], [-0.0015020773786216797, -0.999998856988858, -0.00017258194157682562, 0.09367776225127773], [0.0002394556771984058, 0.00017222244996582304, -0.9999999565002025, 0.001535441400095052], [0.0, 0.0, 0.0, 1.0]]}, "mean_rme": {"type": "float", "data": 0.0014486909666613932}, "max_rme": {"type": "float", "data": 0.004459423762789405}, "simu": {"type": "float", "data": 0.002}}, {"type": "dict", "image_number": {"type": "int", "data": 18}, "Hcamera2end": {"type": "ndarray", "data": [[0.999998743492335, -0.001585201275030424, 1.2274726032870486e-05, -0.01158779855267342], [-1.186087939277782e-05, 0.00026107796574514897, 0.9999999658488073, 0.03292419698793279], [-0.0015852044255544122, -0.9999987094867743, 0.000261058835817507, 0.03578463011259117], [0.0, 0.0, 0.0, 1.0]]}, "Hobj2base": {"type": "ndarray", "data": [[0.9999989425732753, -0.0014372582011725192, 0.00022167813271211325, -0.7384440977450363], [-0.0014373159939186358, -0.9999989330610661, 0.0002607670670916683, 0.0938279230328472], [0.0002213031065893094, -0.0002610854128752517, -0.9999999414296694, 0.0015504463216675214], [0.0, 0.0, 0.0, 1.0]]}, "mean_rme": {"type": "float", "data": 0.0014165861152736835}, "max_rme": {"type": "float", "data": 0.004509445706376569}, "simu": {"type": "float", "data": 0.002}}, {"type": "dict", "image_number": {"type": "int", "data": 19}, "Hcamera2end": {"type": "ndarray", "data": [[0.9999979722065033, -0.0019363643247295318, -0.0005532414331001062, -0.011405945112186601], [0.0005534494391772828, 0.00010688674871783821, 0.999999841134458, 0.03287071042885491], [-0.001936304882929924, -0.9999981195324443, 0.00010795821172304709, 0.035755079834879536], [0.0, 0.0, 0.0, 1.0]]}, "Hobj2base": {"type": "ndarray", "data": [[0.9999984321552657, -0.0017339529976955284, 0.00035929655198924885, -0.7382465342122341], [-0.0017338981146133496, -0.9999984850919887, -0.00015300671719754435, 0.09374041993759176], [0.0003595613141439761, 0.00015238349369268726, -0.9999999237474633, 0.0014653675021874155], [0.0, 0.0, 0.0, 1.0]]}, "mean_rme": {"type": "float", "data": 0.0014380552188279737}, "max_rme": {"type": "float", "data": 0.0046149025390793685}, "simu": {"type": "float", "data": 0.002}}, {"type": "dict", "image_number": {"type": "int", "data": 20}, "Hcamera2end": {"type": "ndarray", "data": [[0.9999981017349742, -0.0018950919919488466, -0.00045293795416674317, -0.011391272587319437], [0.00045251583915914453, -0.00022316402135058588, 0.9999998727136096, 0.033549635249925366], [-0.0018951928301847013, -0.9999981794104237, -0.00022230603858330866, 0.03500255436568617], [0.0, 0.0, 0.0, 1.0]]}, "Hobj2base": {"type": "ndarray", "data": [[0.9999984154289839, -0.0016904472709155082, 0.0005581465269655335, -0.7373320974765241], [-0.0016903985343960648, -0.9999985674228207, -8.777870579930762e-05, 0.09372450523707551], [0.0005582941126512193, 8.68350766365538e-05, -0.9999998403836639, 0.0008190170658860574], [0.0, 0.0, 0.0, 1.0]]}, "mean_rme": {"type": "float", "data": 0.0014029006106627956}, "max_rme": {"type": "float", "data": 0.004536547943308711}, "simu": {"type": "float", "data": 0.002}}, {"type": "dict", "image_number": {"type": "int", "data": 21}, "Hcamera2end": {"type": "ndarray", "data": [[0.9999982291158517, -0.0016743541271164288, -0.0008592458423375962, -0.011405288529735215], [0.0008593084144243538, 3.665184418277789e-05, 0.9999996301227772, 0.03321271506462643], [-0.001674322014866246, -0.9999985975964663, 3.8090565866788495e-05, 0.0358287997677009], [0.0, 0.0, 0.0, 1.0]]}, "Hobj2base": {"type": "ndarray", "data": [[0.9999988313235971, -0.0015230995914487378, 0.00013235964064167184, -0.7383804136626587], [-0.0015230353920995651, -0.9999987231534868, -0.0004837918868889734, 0.09365212115584816], [0.00013309633486399306, 0.0004835897330756285, -0.9999998742131597, 0.0011711057250756824], [0.0, 0.0, 0.0, 1.0]]}, "mean_rme": {"type": "float", "data": 0.0014504079778500764}, "max_rme": {"type": "float", "data": 0.004560404263583506}, "simu": {"type": "float", "data": 0.002}}, {"type": "dict", "image_number": {"type": "int", "data": 22}, "Hcamera2end": {"type": "ndarray", "data": [[0.9999980416579785, -0.001906661830349105, -0.0005303969010062421, -0.011524528135124886], [0.0005307161347252943, 0.0001669286476388976, 0.9999998452375934, 0.03335087813800048], [-0.001906572996832135, -0.9999981683860683, 0.00016794021693233852, 0.03433393067436518], [0.0, 0.0, 0.0, 1.0]]}, "Hobj2base": {"type": "ndarray", "data": [[0.9999984617241613, -0.0017506665469159725, -0.00010824025432747085, -0.7369732828183287], [-0.001750679860228252, -0.9999984599911746, -0.00012302563186413938, 0.09387333960111394], [-0.00010802471077840618, 0.0001232149366500994, -0.9999999865743705, 0.00119108345745879], [0.0, 0.0, 0.0, 1.0]]}, "mean_rme": {"type": "float", "data": 0.0014981386502029245}, "max_rme": {"type": "float", "data": 0.004584241415979073}, "simu": {"type": "float", "data": 0.002}}, {"type": "dict", "image_number": {"type": "int", "data": 23}, "Hcamera2end": {"type": "ndarray", "data": [[0.9999983764439304, -0.0017642946708335287, -0.00036657034479040953, -0.011431225748150791], [0.0003666647945669494, 5.3210859622288e-05, 0.9999999313627642, 0.03354761560409452], [-0.0017642750442140608, -0.9999984422152463, 5.385767797450036e-05, 0.03469365525937395], [0.0, 0.0, 0.0, 1.0]]}, "Hobj2base": {"type": "ndarray", "data": [[0.9999987625126977, -0.0015682172910799457, 0.00012517028864951, -0.7372167585112356], [-0.0015682199966808492, -0.9999987701107065, 2.152014072830727e-05, 0.09388111232479643], [0.00012513638644711552, -2.171640864705685e-05, -0.9999999919346412, 0.0009327163956899905], [0.0, 0.0, 0.0, 1.0]]}, "mean_rme": {"type": "float", "data": 0.0015100219353792208}, "max_rme": {"type": "float", "data": 0.004560470535740435}, "simu": {"type": "float", "data": 0.002}}, {"type": "dict", "image_number": {"type": "int", "data": 24}, "Hcamera2end": {"type": "ndarray", "data": [[0.9999984117857345, -0.001755773331604129, -0.00030608171581467136, -0.011497659043330041], [0.00030594642722906156, -7.732162891094241e-05, 0.9999999502090737, 0.03386277568454382], [-0.0017557969109193948, -0.9999984556394945, -7.67843335298668e-05, 0.03406280348204949], [0.0, 0.0, 0.0, 1.0]]}, "Hobj2base": {"type": "ndarray", "data": [[0.9999987743203979, -0.0015504334782927961, 0.0002179764466415767, -0.7365094054988841], [-0.0015504519977713215, -0.99999879445156, 8.481762173594598e-05, 0.09391221665865875], [0.00021784467978012298, -8.515547979387966e-05, -0.9999999726461195, 0.0006505098391894661], [0.0, 0.0, 0.0, 1.0]]}, "mean_rme": {"type": "float", "data": 0.0015113533496317925}, "max_rme": {"type": "float", "data": 0.004633629187075716}, "simu": {"type": "float", "data": 0.002}}, {"type": "dict", "image_number": {"type": "int", "data": 25}, "Hcamera2end": {"type": "ndarray", "data": [[0.9999985479698429, -0.0016264023359634273, -0.0005087962729512146, -0.011538085372798573], [0.0005085237790971853, -0.00016795308102635076, 0.9999998565976543, 0.034079722195592486], [-0.0016264875566351735, -0.999998663302709, -0.0001671257728912412, 0.03345428359467549], [0.0, 0.0, 0.0, 1.0]]}, "Hobj2base": {"type": "ndarray", "data": [[0.999998951197386, -0.0014245993744473502, 0.0002609995216499422, -0.73586218130057], [-0.001424564906192429, -0.9999989765683557, -0.00013220086389826398, 0.09373107562704014], [0.00026118758780278357, 0.0001318289144865768, -0.9999999572010894, 0.00046701955348715796], [0.0, 0.0, 0.0, 1.0]]}, "mean_rme": {"type": "float", "data": 0.0014894958663638211}, "max_rme": {"type": "float", "data": 0.004682746557169437}, "simu": {"type": "float", "data": 0.002}}, {"type": "dict", "image_number": {"type": "int", "data": 26}, "Hcamera2end": {"type": "ndarray", "data": [[0.9999985397527138, -0.0016661801807908356, -0.0003799158395283329, -0.011501679894199805], [0.0003796048563046925, -0.000186956687951767, 0.999999910473671, 0.034347961133144034], [-0.001666251059430899, -0.9999985944444132, -0.00018632392486050975, 0.03407322527036563], [0.0, 0.0, 0.0, 1.0]]}, "Hobj2base": {"type": "ndarray", "data": [[0.9999988626167752, -0.0014928378013494838, 0.0002149429105081989, -0.7364670949543268], [-0.00149284496111872, -0.999998885156762, 3.3153512865577216e-05, 0.09381362407920639], [0.00021489317806329527, -3.3474351598208195e-05, -0.9999999763501948, 0.0001699454199001514], [0.0, 0.0, 0.0, 1.0]]}, "mean_rme": {"type": "float", "data": 0.001470367209861874}, "max_rme": {"type": "float", "data": 0.004668059680267789}, "simu": {"type": "float", "data": 0.002}}, {"type": "dict", "image_number": {"type": "int", "data": 27}, "Hcamera2end": {"type": "ndarray", "data": [[0.9999990998800308, -0.0012003325405913604, -0.0005995339191312654, -0.011554921034943617], [0.0005991972307577877, -0.0002808358864494487, 0.9999997810469178, 0.03515472824428205], [-0.001200500648414487, -0.9999992401662098, -0.00028011639772929087, 0.03405417327725774], [0.0, 0.0, 0.0, 1.0]]}, "Hobj2base": {"type": "ndarray", "data": [[0.9999993862285476, -0.0010655826862118055, 0.0003034403846841871, -0.7363154020169903], [-0.001065536860041314, -0.9999994208932346, -0.00015114362744602833, 0.09361522484631271], [0.0003036012649923451, 0.0001508202077636785, -0.9999999425397672, -0.000648662496369994], [0.0, 0.0, 0.0, 1.0]]}, "mean_rme": {"type": "float", "data": 0.0014570913064512242}, "max_rme": {"type": "float", "data": 0.004673360030714779}, "simu": {"type": "float", "data": 0.002}}, {"type": "dict", "image_number": {"type": "int", "data": 28}, "Hcamera2end": {"type": "ndarray", "data": [[0.9999992394482251, -0.0008672164351072848, -0.0008769484739341809, -0.011549631284905854], [0.0008766030946099074, -0.0003985619066106949, 0.999999536357603, 0.03582278761498579], [-0.0008675655512847487, -0.9999995445419269, -0.00039780139887302113, 0.033922365982587015], [0.0, 0.0, 0.0, 1.0]]}, "Hobj2base": {"type": "ndarray", "data": [[0.9999996523261154, -0.0007474565314661682, 0.00036967063976881106, -0.7360816609562535], [-0.0007473232810080773, -0.9999996557867101, -0.0003604641106760232, 0.09333836227423287], [0.0003699399437771479, 0.00036018772187666124, -0.9999998667046126, -0.0013139204848483205], [0.0, 0.0, 0.0, 1.0]]}, "mean_rme": {"type": "float", "data": 0.0014756629526545709}, "max_rme": {"type": "float", "data": 0.00469775544669232}, "simu": {"type": "float", "data": 0.002}}, {"type": "dict", "image_number": {"type": "int", "data": 29}, "Hcamera2end": {"type": "ndarray", "data": [[0.9999990394531736, -0.0009075446893093527, -0.0010475950395963734, -0.011578102520505005], [0.0010471666736830208, -0.00047235197187189826, 0.9999993401625683, 0.03585043674995597], [-0.0009080389240600725, -0.9999994766229888, -0.0004714011676021368, 0.0337995440021962], [0.0, 0.0, 0.0, 1.0]]}, "Hobj2base": {"type": "ndarray", "data": [[0.9999996460190289, -0.0007805844971513115, 0.0003140854336200912, -0.7359825269154027], [-0.0007804217744255035, -0.9999995613742296, -0.0005178737323606624, 0.0931870695774988], [0.00031448954006108845, 0.0005176284299317887, -0.9999998165785522, -0.0013201890721247893], [0.0, 0.0, 0.0, 1.0]]}, "mean_rme": {"type": "float", "data": 0.0014659048249856031}, "max_rme": {"type": "float", "data": 0.004733850951291474}, "simu": {"type": "float", "data": 0.002}}, {"type": "dict", "image_number": {"type": "int", "data": 30}, "Hcamera2end": {"type": "ndarray", "data": [[0.9999982556174312, -0.001491468010664748, -0.0011244044059188928, -0.011632608495535723], [0.001123692615351111, -0.00047799374642587544, 0.9999992544181646, 0.035678433540114664], [-0.0014920043569277735, -0.9999987735218239, -0.00047631696103245247, 0.033786360312242206], [0.0, 0.0, 0.0, 1.0]]}, "Hobj2base": {"type": "ndarray", "data": [[0.9999990286320735, -0.0013638813403018322, 0.0002873370827858637, -0.7359892739291596], [-0.0013637264493947913, -0.9999989250986536, -0.0005385644894307839, 0.09323863355159934], [0.0002880713119845303, 0.0005381721171068255, -0.9999998136928288, -0.0011277261099232197], [0.0, 0.0, 0.0, 1.0]]}, "mean_rme": {"type": "float", "data": 0.001467477429444909}, "max_rme": {"type": "float", "data": 0.004752994277161637}, "simu": {"type": "float", "data": 0.002}}]}