{"type": "list", "data": [{"type": "dict", "image_number": {"type": "int", "data": 5}, "Hcamera2end": {"type": "ndarray", "data": [[0.9999916475018343, 0.0010236892069018007, -0.0039568910744149696, -0.01661344694413556], [0.003956818874981453, 7.254433920855785e-05, 0.9999921691301934, 0.03342861303520383], [0.0010239682405732125, -0.9999994733987245, 6.849318050616837e-05, 0.03266687261719474], [0.0, 0.0, 0.0, 1.0]]}, "Hobj2base": {"type": "ndarray", "data": [[0.9999980844625019, 0.0012949556549105253, 0.0014677060940968022, -0.7340077393922514], [0.0012993337523889857, -0.999994697948988, -0.0029859346462497867, 0.08450076587180419], [0.0014638316592888668, 0.0029878359666466524, -0.9999944650012365, 0.0006220693364488383], [0.0, 0.0, 0.0, 1.0]]}, "mean_rme": {"type": "float", "data": 0.0013718714252626337}, "max_rme": {"type": "float", "data": 0.0029902523038027318}, "simu": {"type": "float", "data": 0.002}}, {"type": "dict", "image_number": {"type": "int", "data": 6}, "Hcamera2end": {"type": "ndarray", "data": [[0.9999902118414288, 0.001074899236766282, -0.004291947456005396, -0.017167391702964524], [0.004290939415435319, 0.0009383569714136453, 0.9999903536160374, 0.03323461013814344], [0.0010789162466918072, -0.9999989820383944, 0.0009337354591241187, 0.03240488217250465], [0.0, 0.0, 0.0, 1.0]]}, "Hobj2base": {"type": "ndarray", "data": [[0.9999994942571625, 0.0009326885906558955, 0.0003762677398955522, -0.7348208737473345], [0.000933942016026961, -0.9999939696845932, -0.0033448986174262783, 0.08383194533038778], [0.0003731457221050289, 0.0033452483380193247, -0.9999943350218681, 0.0007549645417588938], [0.0, 0.0, 0.0, 1.0]]}, "mean_rme": {"type": "float", "data": 0.0015594550142978764}, "max_rme": {"type": "float", "data": 0.0036200974958390253}, "simu": {"type": "float", "data": 0.002}}, {"type": "dict", "image_number": {"type": "int", "data": 7}, "Hcamera2end": {"type": "ndarray", "data": [[0.9999896972310511, 0.0008657488072563943, -0.004455997167114835, -0.01672322877313474], [0.004455816226630039, 0.00021081535453781886, 0.9999900505798248, 0.03328287011478172], [0.0008666795861803488, -0.9999996030178656, 0.00020695556497241085, 0.032463171489267625], [0.0, 0.0, 0.0, 1.0]]}, "Hobj2base": {"type": "ndarray", "data": [[0.9999988720181197, 0.0009673888795029616, 0.0011489652928848891, -0.7341979746855803], [0.0009712748313209952, -0.9999937944309392, -0.003386402931592746, 0.08399924585015069], [0.0011456821943638764, 0.0033875150728626393, -0.9999936060565293, 0.0008022675572760342], [0.0, 0.0, 0.0, 1.0]]}, "mean_rme": {"type": "float", "data": 0.001558051439805118}, "max_rme": {"type": "float", "data": 0.003584316387930664}, "simu": {"type": "float", "data": 0.002}}, {"type": "dict", "image_number": {"type": "int", "data": 8}, "Hcamera2end": {"type": "ndarray", "data": [[0.9999890065380745, 0.0006682519313759919, -0.00464114666336222, -0.016856488201490435], [0.004641139681631155, 1.1998107691257864e-05, 0.9999892297812519, 0.033181275775822645], [0.0006683004191339907, -0.9999997766476761, 8.896525234503017e-06, 0.032561362506611256], [0.0, 0.0, 0.0, 1.0]]}, "Hobj2base": {"type": "ndarray", "data": [[0.9999986313719922, 0.0008180777445988344, 0.0014380552653805339, -0.733798925641892], [0.0008233488336148408, -0.9999929314674698, -0.0036686662146370743, 0.08365868473153298], [0.0014350438462575543, 0.0036698452147231665, -0.9999922364124931, 0.0008075550946886681], [0.0, 0.0, 0.0, 1.0]]}, "mean_rme": {"type": "float", "data": 0.0015397422534875822}, "max_rme": {"type": "float", "data": 0.0039616867646885545}, "simu": {"type": "float", "data": 0.002}}, {"type": "dict", "image_number": {"type": "int", "data": 9}, "Hcamera2end": {"type": "ndarray", "data": [[0.9999880167940866, 0.0006907549079905274, -0.004846558148504486, -0.017245917528643837], [0.004846837654263883, -0.00040354014472732125, 0.9999881725901086, 0.03302473666095755], [0.0006887909573724182, -0.9999996800064531, -0.000406883285920534, 0.03255871027321609], [0.0, 0.0, 0.0, 1.0]]}, "Hobj2base": {"type": "ndarray", "data": [[0.9999978827654971, 0.0010396133872588374, 0.001775857124946481, -0.7336800861952398], [0.0010467344197422064, -0.9999913972379204, -0.004013701185550341, 0.08302604865747683], [0.0017716691501851922, 0.004015551538380932, -0.9999903682207472, 0.0007508822614007241], [0.0, 0.0, 0.0, 1.0]]}, "mean_rme": {"type": "float", "data": 0.0015365390506494178}, "max_rme": {"type": "float", "data": 0.003925453105241061}, "simu": {"type": "float", "data": 0.002}}, {"type": "dict", "image_number": {"type": "int", "data": 10}, "Hcamera2end": {"type": "ndarray", "data": [[0.9999892500707653, 0.00032923333666834377, -0.004625078195911567, -0.01759379350628903], [0.004625292864279542, -0.0006542774352800151, 0.9999890892339562, 0.03308873983537609], [0.00032620366018044303, -0.9999997317631879, -0.0006557932024466862, 0.03259919106375351], [0.0, 0.0, 0.0, 1.0]]}, "Hobj2base": {"type": "ndarray", "data": [[0.9999973444047774, 0.0009537368590870638, 0.0020979917532181376, -0.7335885540602556], [0.0009620111705445531, -0.9999917499890183, -0.003946452635994133, 0.08297794561852437], [0.0020942105674215455, 0.003948460447315672, -0.9999900119212166, 0.00047071847676066205], [0.0, 0.0, 0.0, 1.0]]}, "mean_rme": {"type": "float", "data": 0.001542927597751249}, "max_rme": {"type": "float", "data": 0.003928923410986773}, "simu": {"type": "float", "data": 0.002}}, {"type": "dict", "image_number": {"type": "int", "data": 11}, "Hcamera2end": {"type": "ndarray", "data": [[0.9999905863947285, 0.00023768522532191094, -0.0043325082412863395, -0.017851116672435635], [0.004332616292946572, -0.00045598418796877205, 0.9999905102122111, 0.033048213739555896], [0.00023570741448729077, -0.9999998677920681, -0.00045700969439343986, 0.032538966648184425], [0.0, 0.0, 0.0, 1.0]]}, "Hobj2base": {"type": "ndarray", "data": [[0.9999978251501314, 0.0008048616084453429, 0.0019240303527929068, -0.7337742148464674], [0.0008121935373978105, -0.9999924007542453, -0.0038129746154841873, 0.08288941375836073], [0.0019209468147314368, 0.0038145290078551415, -0.9999908796243007, 0.0003880777708275551], [0.0, 0.0, 0.0, 1.0]]}, "mean_rme": {"type": "float", "data": 0.0015453599538166106}, "max_rme": {"type": "float", "data": 0.0037478488358144713}, "simu": {"type": "float", "data": 0.002}}, {"type": "dict", "image_number": {"type": "int", "data": 12}, "Hcamera2end": {"type": "ndarray", "data": [[0.9999910857554045, 5.772069418258146e-05, -0.004221975609682304, -0.01797823850531355], [0.004221983656715611, -0.00014000963358817842, 0.9999910775858478, 0.03305997354031084], [5.712906191651266e-05, -0.9999999885328119, -0.0001402520813356123, 0.0324906296149663], [0.0, 0.0, 0.0, 1.0]]}, "Hobj2base": {"type": "ndarray", "data": [[0.9999983457160861, 0.0005290923321866015, 0.0017402949161260605, -0.7339860648217238], [0.0005348926471486644, -0.9999942985693573, -0.0033341743558690374, 0.08310598082514288], [0.0017385209078694347, 0.0033350997111525403, -0.9999929273024732, 0.000315234556434868], [0.0, 0.0, 0.0, 1.0]]}, "mean_rme": {"type": "float", "data": 0.0016143692004154547}, "max_rme": {"type": "float", "data": 0.003584273082892525}, "simu": {"type": "float", "data": 0.002}}, {"type": "dict", "image_number": {"type": "int", "data": 13}, "Hcamera2end": {"type": "ndarray", "data": [[0.9999916526636975, 0.0003345155787677777, -0.004072186421878569, -0.017976280118895654], [0.004072324062978279, -0.0004118185010952846, 0.9999916232560392, 0.033076115524899016], [0.00033283577490798486, -0.999999859252415, -0.0004131773193485344, 0.03252166064798013], [0.0, 0.0, 0.0, 1.0]]}, "Hobj2base": {"type": "ndarray", "data": [[0.9999976033537576, 0.0008783549571177383, 0.0020054374361033237, -0.7337821930622975], [0.0008852048785868786, -0.999993769061063, -0.0034173456618089818, 0.0829931558463463], [0.0020024232978428824, 0.003419112694642482, -0.9999921499538471, 0.0002326057540576721], [0.0, 0.0, 0.0, 1.0]]}, "mean_rme": {"type": "float", "data": 0.0015840382600363107}, "max_rme": {"type": "float", "data": 0.0037562772054033355}, "simu": {"type": "float", "data": 0.002}}, {"type": "dict", "image_number": {"type": "int", "data": 14}, "Hcamera2end": {"type": "ndarray", "data": [[0.9999907189488485, 0.0006367736550649936, -0.004261048635866951, -0.018034452459837536], [0.004261285212536923, -0.0003706301908594778, 0.9999908519989568, 0.03302533661350211], [0.0006351885565897607, -0.9999997285762502, -0.0003733402251817619, 0.03243321550898463], [0.0, 0.0, 0.0, 1.0]]}, "Hobj2base": {"type": "ndarray", "data": [[0.9999977743493107, 0.001125475795091615, 0.001784544944700454, -0.7339771285659769], [0.001131866896591631, -0.999992935431018, -0.0035844058621584147, 0.08276950138966385], [0.0017804981756219464, 0.0035864177518714234, -0.9999919836848474, 0.0003166994343618953], [0.0, 0.0, 0.0, 1.0]]}, "mean_rme": {"type": "float", "data": 0.00156763380875116}, "max_rme": {"type": "float", "data": 0.0035439252180690106}, "simu": {"type": "float", "data": 0.002}}, {"type": "dict", "image_number": {"type": "int", "data": 15}, "Hcamera2end": {"type": "ndarray", "data": [[0.9999947290109052, 7.73830761742879e-05, -0.003245914704015581, -0.017875186577253697], [0.003245932842240796, -0.00023543340825682435, 0.9999947042315246, 0.033213058250753755], [7.661846960975546e-05, -0.9999999692914846, -0.000235683347558302, 0.03255598144970998], [0.0, 0.0, 0.0, 1.0]]}, "Hobj2base": {"type": "ndarray", "data": [[0.9999980818955443, 0.0005866344991371339, 0.001868706824689773, -0.7338880122257972], [0.0005917547569410681, -0.9999960693869432, -0.002740627112854017, 0.08361798249862497], [0.0018670917331126578, 0.002741727672197779, -0.9999944984337823, 0.000160057659587128], [0.0, 0.0, 0.0, 1.0]]}, "mean_rme": {"type": "float", "data": 0.001664502517440463}, "max_rme": {"type": "float", "data": 0.003715087128357636}, "simu": {"type": "float", "data": 0.002}}, {"type": "dict", "image_number": {"type": "int", "data": 16}, "Hcamera2end": {"type": "ndarray", "data": [[0.9999957735119628, 8.042359659992597e-05, -0.0029062846137708565, -0.017849315955011276], [0.0029063021313135698, -0.00021856314771473428, 0.9999957528100165, 0.03324884527354447], [7.978804831229114e-05, -0.9999999728810973, -0.00021879595923035566, 0.03256001346017224], [0.0, 0.0, 0.0, 1.0]]}, "Hobj2base": {"type": "ndarray", "data": [[0.9999982924634097, 0.000600066563986097, 0.001747853078429568, -0.7339641391480245], [0.0006044226783687605, -0.9999967102935903, -0.0024928046901750507, 0.08380396806185872], [0.0017463514797609705, 0.0024938568756588896, -0.9999953654564571, 0.00016800749878895932], [0.0, 0.0, 0.0, 1.0]]}, "mean_rme": {"type": "float", "data": 0.0016094142240612838}, "max_rme": {"type": "float", "data": 0.0036538786775469345}, "simu": {"type": "float", "data": 0.002}}, {"type": "dict", "image_number": {"type": "int", "data": 17}, "Hcamera2end": {"type": "ndarray", "data": [[0.9999985350484167, -0.00015681767707581616, -0.0017044967693101583, -0.01766134173271447], [0.001704484358981716, -7.923822028255145e-05, 0.9999985442261276, 0.03329948670547908], [-0.00015695251007521668, -0.9999999845647601, -7.897081092456126e-05, 0.03261321831301024], [0.0, 0.0, 0.0, 1.0]]}, "Hobj2base": {"type": "ndarray", "data": [[0.9999985368561499, 0.0003438951991180854, 0.0016757152656015576, -0.7340143138806067], [0.0003462734535167871, -0.9999989330336372, -0.0014191639380834347, 0.08454610822729276], [0.0016752254340046666, 0.001419742117354577, -0.9999975889731263, 0.0001684732866861053], [0.0, 0.0, 0.0, 1.0]]}, "mean_rme": {"type": "float", "data": 0.001588166890677206}, "max_rme": {"type": "float", "data": 0.0036764618791428616}, "simu": {"type": "float", "data": 0.002}}, {"type": "dict", "image_number": {"type": "int", "data": 18}, "Hcamera2end": {"type": "ndarray", "data": [[0.9999999619525219, -0.00011732388934457894, 0.00024965988781464586, -0.01739402036339022], [-0.00024965972020359495, 1.4432616155524158e-06, 0.99999996883397, 0.03336188457763999], [-0.00011732424601259211, -0.9999999931165109, 1.4139705112325984e-06, 0.03262780422983271], [0.0, 0.0, 0.0, 1.0]]}, "Hobj2base": {"type": "ndarray", "data": [[0.9999987056173663, 0.00036218326088542906, 0.0015676692500664342, -0.7340833826548763], [0.00036152683443131276, -0.9999998468725291, 0.00041899077113228205, 0.08566256960626699], [0.0015678207614569764, -0.00041842347429649234, -0.9999986834290615, 0.00014714649180479675], [0.0, 0.0, 0.0, 1.0]]}, "mean_rme": {"type": "float", "data": 0.001602027129602268}, "max_rme": {"type": "float", "data": 0.0046358990962483415}, "simu": {"type": "float", "data": 0.002}}, {"type": "dict", "image_number": {"type": "int", "data": 19}, "Hcamera2end": {"type": "ndarray", "data": [[0.9999999539696067, 0.00022916252855976043, 0.00019886005133680176, -0.017392921442297843], [-0.00019886416651785155, 1.793483174250543e-05, 0.9999999800656924, 0.03381489469253312], [0.00022915895747000305, -0.9999999735814383, 1.798040313216731e-05, 0.03316050664476227], [0.0, 0.0, 0.0, 1.0]]}, "Hobj2base": {"type": "ndarray", "data": [[0.9999987978317387, 0.0006651025220727162, 0.0014007047199500536, -0.7346028221802839], [0.0006646760520290668, -0.9999997326172643, 0.0003049117012945724, 0.08525429701062703], [0.0014009071429673344, -0.0003039803198560877, -0.9999989725270431, -0.00020741328036329824], [0.0, 0.0, 0.0, 1.0]]}, "mean_rme": {"type": "float", "data": 0.0015723975142364018}, "max_rme": {"type": "float", "data": 0.004626380674748243}, "simu": {"type": "float", "data": 0.002}}, {"type": "dict", "image_number": {"type": "int", "data": 20}, "Hcamera2end": {"type": "ndarray", "data": [[0.9999999736548038, 5.601625397434222e-05, 0.0002226040679304551, -0.01729063831028926], [-0.00022258146480858462, -0.0004031932919623671, 0.9999998939463248, 0.03419884771170137], [5.610600050056573e-05, -0.9999999171486709, -0.00040318081316037535, 0.032035481916501046], [0.0, 0.0, 0.0, 1.0]]}, "Hobj2base": {"type": "ndarray", "data": [[0.9999981887474874, 0.0006789767067807073, 0.001778058597540474, -0.7332676981497659], [0.000678353153935752, -0.9999997082222096, 0.0003512726770370528, 0.08521463714885061], [0.0017782965847079023, -0.00035006588913600976, -0.9999983575562161, -0.0005673940428677443], [0.0, 0.0, 0.0, 1.0]]}, "mean_rme": {"type": "float", "data": 0.0015438708790520726}, "max_rme": {"type": "float", "data": 0.004528446232687555}, "simu": {"type": "float", "data": 0.002}}, {"type": "dict", "image_number": {"type": "int", "data": 21}, "Hcamera2end": {"type": "ndarray", "data": [[0.9999999127881308, 0.00029160662255798235, 0.00029898044826779833, -0.017424564328389614], [-0.00029892071080197565, -0.0002048784158827921, 0.9999999343356194, 0.033031520773241986], [0.0002916678580504352, -0.9999999364952041, -0.00020479123075611838, 0.032593907000339595], [0.0, 0.0, 0.0, 1.0]]}, "Hobj2base": {"type": "ndarray", "data": [[0.9999983810920553, 0.0008262052113963991, 0.0015984987385616297, -0.7340531650909493], [0.0008256137010287236, -0.999999590484403, 0.00037066567651334974, 0.08577491088665143], [0.001598804329865085, -0.00036934533398010755, -0.9999986537034637, 0.00041132340419238904], [0.0, 0.0, 0.0, 1.0]]}, "mean_rme": {"type": "float", "data": 0.0016340821198159584}, "max_rme": {"type": "float", "data": 0.00464380994810526}, "simu": {"type": "float", "data": 0.002}}, {"type": "dict", "image_number": {"type": "int", "data": 22}, "Hcamera2end": {"type": "ndarray", "data": [[0.9999998534348212, 0.0004951774777656238, -0.00021892830212939284, -0.017583912703764575], [0.00021910842603878263, -0.0003637312704580786, 0.9999999098455261, 0.03253009985532198], [0.0004950978020536861, -0.9999998112493964, -0.0003638397147054384, 0.03347561772258617], [0.0, 0.0, 0.0, 1.0]]}, "Hobj2base": {"type": "ndarray", "data": [[0.9999974727511035, 0.0011391859363600052, 0.001938232908730208, -0.7348380823588166], [0.0011395851907399814, -0.9999993296811949, -0.00020489693500064064, 0.08569716734910625], [0.0019379981937894847, 0.0002071051986940816, -0.9999981006334151, 0.0007740450210643104], [0.0, 0.0, 0.0, 1.0]]}, "mean_rme": {"type": "float", "data": 0.0016664935691196885}, "max_rme": {"type": "float", "data": 0.004938372437628291}, "simu": {"type": "float", "data": 0.002}}, {"type": "dict", "image_number": {"type": "int", "data": 23}, "Hcamera2end": {"type": "ndarray", "data": [[0.9999999279034085, 0.0001660342187137833, -0.0003415052210852295, -0.017516795421524824], [0.0003415997124711402, -0.0005694130221032268, 0.9999997795391988, 0.033024741422590806], [0.00016583972458974425, -0.9999998241007086, -0.0005694696982918579, 0.03296045433462415], [0.0, 0.0, 0.0, 1.0]]}, "Hobj2base": {"type": "ndarray", "data": [[0.9999969828890471, 0.0009500386138097363, 0.002265312215775367, -0.7341320752522087], [0.0009506130368970069, -0.9999995162865996, -0.00025251023884919455, 0.08553085185776932], [0.0022650712255362034, 0.0002546629123227453, -0.9999974022961979, 0.00031169146168569733], [0.0, 0.0, 0.0, 1.0]]}, "mean_rme": {"type": "float", "data": 0.0016337026551678949}, "max_rme": {"type": "float", "data": 0.004936429155594613}, "simu": {"type": "float", "data": 0.002}}, {"type": "dict", "image_number": {"type": "int", "data": 24}, "Hcamera2end": {"type": "ndarray", "data": [[0.9999998624331463, -0.0003711497469976956, -0.0003706501770771643, -0.01742621511559632], [0.00037037885758167726, -0.0007308264199339387, 0.9999996643560666, 0.03322850964100189], [-0.0003714205033654959, -0.9999996640702481, -0.0007306888533773481, 0.03284004091827741], [0.0, 0.0, 0.0, 1.0]]}, "Hobj2base": {"type": "ndarray", "data": [[0.9999964778616228, 0.0005559549149079917, 0.002595222241263001, -0.7338637787297086], [0.0005564165907230686, -0.9999998295046251, -0.00017717589626031633, 0.08550918227620126], [0.002595123296979283, 0.00017861929693394483, -0.9999966167093866, 0.00010573469769870059], [0.0, 0.0, 0.0, 1.0]]}, "mean_rme": {"type": "float", "data": 0.00159237684669339}, "max_rme": {"type": "float", "data": 0.004889019235616909}, "simu": {"type": "float", "data": 0.002}}, {"type": "dict", "image_number": {"type": "int", "data": 25}, "Hcamera2end": {"type": "ndarray", "data": [[0.9999999622777718, 1.188903732665241e-05, -0.00027441411388820107, -0.017476815009508078], [0.00027442231756977584, -0.0006956031674945073, 0.9999997204142735, 0.032996859279236714], [1.1698150675821411e-05, -0.999999757997413, -0.0006956064038721177, 0.032688534285363655], [0.0, 0.0, 0.0, 1.0]]}, "Hobj2base": {"type": "ndarray", "data": [[0.9999966783316274, 0.0008931333293364208, 0.002417775541213486, -0.7338013110763142], [0.0008934529233985479, -0.9999995922761598, -0.0001311083076806215, 0.08564314381169985], [0.0024176574582294146, 0.00013326804080772116, -0.9999970685817257, 0.00031341800358452464], [0.0, 0.0, 0.0, 1.0]]}, "mean_rme": {"type": "float", "data": 0.0015761773975814606}, "max_rme": {"type": "float", "data": 0.004901741678215721}, "simu": {"type": "float", "data": 0.002}}, {"type": "dict", "image_number": {"type": "int", "data": 26}, "Hcamera2end": {"type": "ndarray", "data": [[0.999999862590699, 0.0004858278600548698, -0.00019695144968007354, -0.017529586905336875], [0.00019733908415485527, -0.0007979655546255238, 0.9999996621540727, 0.032188263479878354], [0.0004856705354471276, -0.9999995636110367, -0.0007980613178026896, 0.03295891587170695], [0.0, 0.0, 0.0, 1.0]]}, "Hobj2base": {"type": "ndarray", "data": [[0.9999963877120159, 0.001393741763722634, 0.0022982703965065496, -0.7341912135041814], [0.0013938708233979609, -0.9999990270735024, -5.4554338333342835e-05, 0.08595952464893375], [0.0022981921257986555, 5.775763331733173e-05, -0.9999973574850127, 0.0010153977660483583], [0.0, 0.0, 0.0, 1.0]]}, "mean_rme": {"type": "float", "data": 0.0016114299569984299}, "max_rme": {"type": "float", "data": 0.004928285371092078}, "simu": {"type": "float", "data": 0.002}}, {"type": "dict", "image_number": {"type": "int", "data": 27}, "Hcamera2end": {"type": "ndarray", "data": [[0.999999669884346, 0.0007950583279313388, 0.00016767067203881422, -0.017534037878326837], [-0.00016696843429915348, -0.0008832372368836605, 0.9999995960066811, 0.03196276437863881], [0.0007952060997141641, -0.9999992938868699, -0.0008831041956689489, 0.03233477815068537], [0.0, 0.0, 0.0, 1.0]]}, "Hobj2base": {"type": "ndarray", "data": [[0.9999960926254088, 0.0016852657434607572, 0.0022303841123636477, -0.7336099738997885], [0.0016846214354245, -0.9999985387637953, 0.00029072477172751676, 0.08625937293574495], [0.0022308708017442004, -0.00028696628287201264, -0.9999974704297094, 0.001207231988866684], [0.0, 0.0, 0.0, 1.0]]}, "mean_rme": {"type": "float", "data": 0.0016212061140538827}, "max_rme": {"type": "float", "data": 0.004833535611831863}, "simu": {"type": "float", "data": 0.002}}, {"type": "dict", "image_number": {"type": "int", "data": 28}, "Hcamera2end": {"type": "ndarray", "data": [[0.9999997801128749, 0.00048401126592894907, 0.00045332912581291156, -0.017522205513524902], [-0.0004530953676463644, -0.00048296064555031215, 0.9999997807267774, 0.03260824758891553], [0.00048423009992548823, -0.9999997662410275, -0.00048274123609104436, 0.03220516611060184], [0.0, 0.0, 0.0, 1.0]]}, "Hobj2base": {"type": "ndarray", "data": [[0.9999971627560386, 0.001243330907981222, 0.0020318976662518943, -0.7335110811928184], [0.0012423096544505526, -0.999999101427969, 0.0005037955704451746, 0.08612108931413087], [0.00203252222504952, -0.0005012698949665943, -0.9999978087885477, 0.0006787346202120566], [0.0, 0.0, 0.0, 1.0]]}, "mean_rme": {"type": "float", "data": 0.0016094272499660393}, "max_rme": {"type": "float", "data": 0.004725142259531467}, "simu": {"type": "float", "data": 0.002}}, {"type": "dict", "image_number": {"type": "int", "data": 29}, "Hcamera2end": {"type": "ndarray", "data": [[0.9999996557904236, 0.0005597269880427146, 0.0006124742714405636, -0.017604566283116296], [-0.000612313141749387, -0.00028799797363343593, 0.9999997710648659, 0.03280093297689605], [0.0005599032512506187, -0.9999998018814137, -0.0002876551463113497, 0.03225651090690861], [0.0, 0.0, 0.0, 1.0]]}, "Hobj2base": {"type": "ndarray", "data": [[0.9999975302408483, 0.0012819315376542025, 0.001815534008644925, -0.7336252457353338], [0.001280833443897957, -0.9999989961955456, 0.000605865983528974, 0.08610048689707385], [0.001816308864915678, -0.0006035390905091098, -0.9999981683796593, 0.000521893890838567], [0.0, 0.0, 0.0, 1.0]]}, "mean_rme": {"type": "float", "data": 0.0016047483058224464}, "max_rme": {"type": "float", "data": 0.004727133179468934}, "simu": {"type": "float", "data": 0.002}}, {"type": "dict", "image_number": {"type": "int", "data": 30}, "Hcamera2end": {"type": "ndarray", "data": [[0.9999995860058702, 0.0006593723154249638, 0.0006270695638220249, -0.0187917014897706], [-0.0006266607868567263, -0.0006199725878390794, 0.9999996114650489, 0.03247276649327703], [0.0006597608251760112, -0.9999995904309862, -0.0006195591284001711, 0.03253033203219476], [0.0, 0.0, 0.0, 1.0]]}, "Hobj2base": {"type": "ndarray", "data": [[0.999996819137459, 0.0015064699309812798, 0.0020229343318904983, -0.7336329549441548], [0.0015052450107936681, -0.9999986829524885, 0.0006069025836643381, 0.08524375994072049], [0.002023845948083195, -0.0006038556413804023, -0.9999977697004843, 0.0014255727221066958], [0.0, 0.0, 0.0, 1.0]]}, "mean_rme": {"type": "float", "data": 0.0016258360164995774}, "max_rme": {"type": "float", "data": 0.004649939880665088}, "simu": {"type": "float", "data": 0.002}}]}