{"type": "list", "data": [{"type": "dict", "image_number": {"type": "int", "data": 5}, "Hcamera2end": {"type": "ndarray", "data": [[0.9999986952738015, -0.001487974838568725, -0.0006287937455744142, -0.012777951470373233], [0.0006282091240725938, -0.0003933322065863276, 0.9999997253214985, 0.021807113574388748], [-0.00148822175468546, -0.9999988156096264, -0.00039239693402559617, 0.034334284105425966], [0.0, 0.0, 0.0, 1.0]]}, "Hobj2base": {"type": "ndarray", "data": [[0.9999985311555679, -0.001157169156834426, 0.0012643758337973288, -0.7342526248123927], [-0.0011614523577173409, -0.9999935722051869, 0.0033921345389123355, 0.09092227782735865], [0.0012604424331846406, -0.0033935980686876097, -0.9999934473670418, -0.00011170289065920436], [0.0, 0.0, 0.0, 1.0]]}, "mean_rme": {"type": "float", "data": 0.0015410726580957154}, "max_rme": {"type": "float", "data": 0.004110727033132422}, "simu": {"type": "float", "data": 0.002}}, {"type": "dict", "image_number": {"type": "int", "data": 6}, "Hcamera2end": {"type": "ndarray", "data": [[0.9999988854657472, -0.001492766300050075, -2.6758865395803727e-05, -0.013189580366177778], [2.6961327862474516e-05, 0.0001356090857032033, 0.9999999904416312, 0.022015798450258858], [-0.0014927626570363935, -0.9999988766288437, 0.00013564918152386696, 0.03414729055268682], [0.0, 0.0, 0.0, 1.0]]}, "Hobj2base": {"type": "ndarray", "data": [[0.9999988534560542, -0.0013095151430963167, 0.0007604318950362951, -0.7349111956341048], [-0.0013121352254179975, -0.9999931695685358, 0.003455302797751383, 0.09098039011156452], [0.0007559019296207142, -0.0034562966255708883, -0.9999937412933688, 0.00011086233631356819], [0.0, 0.0, 0.0, 1.0]]}, "mean_rme": {"type": "float", "data": 0.0015984375571342587}, "max_rme": {"type": "float", "data": 0.0046820459651450985}, "simu": {"type": "float", "data": 0.002}}, {"type": "dict", "image_number": {"type": "int", "data": 7}, "Hcamera2end": {"type": "ndarray", "data": [[0.9999982415390631, -0.0014175788185960944, 0.0012277577425967813, -0.013931114743909503], [-0.001227900758856903, -0.00010002177971091264, 0.9999992411273969, 0.021909756993836235], [-0.0014174549403198978, -0.9999989902324583, -0.00010176224993352356, 0.034167614929296826], [0.0, 0.0, 0.0, 1.0]]}, "Hobj2base": {"type": "ndarray", "data": [[0.9999986083123799, -0.0012310531460068867, 0.0011260024223994534, -0.7348291913096643], [-0.001235052887633966, -0.9999929062277357, 0.0035583898846236433, 0.09137203708948739], [0.0011216138677325154, -0.00355977560499976, -0.9999930349657307, 0.0005009212894082944], [0.0, 0.0, 0.0, 1.0]]}, "mean_rme": {"type": "float", "data": 0.001622496402608138}, "max_rme": {"type": "float", "data": 0.005528656502606588}, "simu": {"type": "float", "data": 0.002}}, {"type": "dict", "image_number": {"type": "int", "data": 8}, "Hcamera2end": {"type": "ndarray", "data": [[0.9999983548663823, -0.0013355516041453162, 0.0012274226825519615, -0.013856156252137094], [-0.0012274415756967152, -1.3326758785625614e-05, 0.9999992466045041, 0.022010615484444586], [-0.0013355342403807348, -0.9999991080617573, -1.4966048426767742e-05, 0.034061065887222214], [0.0, 0.0, 0.0, 1.0]]}, "Hobj2base": {"type": "ndarray", "data": [[0.9999989833592079, -0.0011647058668872114, 0.0008226425677495806, -0.7351030581790605], [-0.0011674812957382034, -0.9999936014961228, 0.003381413053420852, 0.0911931749989516], [0.0008186989524462329, -0.003382370035549333, -0.9999939446341504, 0.0004250036907742019], [0.0, 0.0, 0.0, 1.0]]}, "mean_rme": {"type": "float", "data": 0.0016130854137579869}, "max_rme": {"type": "float", "data": 0.005485484212864211}, "simu": {"type": "float", "data": 0.002}}, {"type": "dict", "image_number": {"type": "int", "data": 9}, "Hcamera2end": {"type": "ndarray", "data": [[0.999997371949788, -0.0016219338607061811, 0.0016203160398190516, -0.01421496716547688], [-0.0016195731506374786, 0.0004592354836772117, 0.9999985830417861, 0.02205403373960858], [-0.0016226756691139308, -0.9999985792156516, 0.0004566074362503114, 0.03412179313615534], [0.0, 0.0, 0.0, 1.0]]}, "Hobj2base": {"type": "ndarray", "data": [[0.9999988565949396, -0.0014741044632025156, 0.00033737937847448164, -0.7355736454565237], [-0.0014752748476103375, -0.9999928025189053, 0.0034954934573479747, 0.09131065280178216], [0.00033222422768621135, -0.0034959871878942326, -0.9999938338313119, 0.0006786394580877461], [0.0, 0.0, 0.0, 1.0]]}, "mean_rme": {"type": "float", "data": 0.0016268647354261499}, "max_rme": {"type": "float", "data": 0.005859112404014932}, "simu": {"type": "float", "data": 0.002}}, {"type": "dict", "image_number": {"type": "int", "data": 10}, "Hcamera2end": {"type": "ndarray", "data": [[0.9999961870716937, -0.001930651129149878, 0.0019744437929863695, -0.014354258712774206], [-0.0019733951735232676, 0.0005448971134296432, 0.9999979043971166, 0.022042220364097396], [-0.0019317229519952323, -0.9999979878346521, 0.00054108509815598, 0.03419144545818776], [0.0, 0.0, 0.0, 1.0]]}, "Hobj2base": {"type": "ndarray", "data": [[0.999998440264394, -0.001740233069484889, 0.00030175758983412836, -0.7356684978883463], [-0.0017412247740776093, -0.9999929797685001, 0.0033179135013780728, 0.09129030227847143], [0.00029598152862920227, -0.003318433754101432, -0.9999944501807769, 0.0007465486441215252], [0.0, 0.0, 0.0, 1.0]]}, "mean_rme": {"type": "float", "data": 0.0015320555255336084}, "max_rme": {"type": "float", "data": 0.006080207452451747}, "simu": {"type": "float", "data": 0.002}}, {"type": "dict", "image_number": {"type": "int", "data": 11}, "Hcamera2end": {"type": "ndarray", "data": [[0.9999963403273626, -0.002062968147706995, 0.0017502840635593487, -0.014384005533964607], [-0.0017488996008291958, 0.0006727153465888591, 0.9999982444005833, 0.022179758518915623], [-0.002064141968911765, -0.9999976458054709, 0.000669104960500877, 0.034135454583143286], [0.0, 0.0, 0.0, 1.0]]}, "Hobj2base": {"type": "ndarray", "data": [[0.9999982462582401, -0.001869606111537566, 0.0001097881232058077, -0.7359298410915205], [-0.0018699440683146555, -0.999993248171666, 0.0031633716604715844, 0.091117190955064], [0.00010387312294576427, -0.0031635714103843615, -0.9999949905006054, 0.0007644814184697121], [0.0, 0.0, 0.0, 1.0]]}, "mean_rme": {"type": "float", "data": 0.0015208911372967377}, "max_rme": {"type": "float", "data": 0.006175408047754183}, "simu": {"type": "float", "data": 0.002}}, {"type": "dict", "image_number": {"type": "int", "data": 12}, "Hcamera2end": {"type": "ndarray", "data": [[0.9999972930766762, -0.0019848985892791447, 0.0012140909811086016, -0.014593226412812986], [-0.0012129002276051908, 0.0006010001874637849, 0.9999990838354866, 0.022258258904198518], [-0.0019856264396927387, -0.9999978494858701, 0.0005985910766516112, 0.03426256210245235], [0.0, 0.0, 0.0, 1.0]]}, "Hobj2base": {"type": "ndarray", "data": [[0.9999983657040662, -0.0017948790386822116, 0.00021679122023045828, -0.7359553572096035], [-0.0017954527306052502, -0.9999948083812145, 0.002675735433660043, 0.09073926031176699], [0.00021198747329015104, -0.002676120299104838, -0.9999963967142365, 0.0009111900760064758], [0.0, 0.0, 0.0, 1.0]]}, "mean_rme": {"type": "float", "data": 0.001491505240807085}, "max_rme": {"type": "float", "data": 0.006442190896223776}, "simu": {"type": "float", "data": 0.002}}, {"type": "dict", "image_number": {"type": "int", "data": 13}, "Hcamera2end": {"type": "ndarray", "data": [[0.9999970554240681, -0.002211166194169722, 0.000999943625939163, -0.014654713827421489], [-0.0009986221524918132, 0.000598659742416574, 0.999999322179925, 0.022322008895779025], [-0.002211763321390422, -0.999997376171845, 0.0005964498600731227, 0.03428436884998989], [0.0, 0.0, 0.0, 1.0]]}, "Hobj2base": {"type": "ndarray", "data": [[0.9999979656321144, -0.002012773412135284, 0.00013219237494369737, -0.7360981199162578], [-0.0020130592126956885, -0.9999955566912204, 0.002198679245215359, 0.09049566426718156], [0.000127766344445574, -0.0021989408833711405, -0.9999975741644345, 0.0009523947464976474], [0.0, 0.0, 0.0, 1.0]]}, "mean_rme": {"type": "float", "data": 0.0014837982776024921}, "max_rme": {"type": "float", "data": 0.006586082851185615}, "simu": {"type": "float", "data": 0.002}}, {"type": "dict", "image_number": {"type": "int", "data": 14}, "Hcamera2end": {"type": "ndarray", "data": [[0.9999959862026258, -0.0026164595528915106, 0.001087068556245447, -0.014669793859562047], [-0.0010852104727024003, 0.0007114668049169603, 0.9999991580662533, 0.022328862975417994], [-0.002617230763198354, -0.9999963239704401, 0.0007086245399251512, 0.034251674278493904], [0.0, 0.0, 0.0, 1.0]]}, "Hobj2base": {"type": "ndarray", "data": [[0.9999971061966899, -0.002405102250624626, 5.5510451503643245e-05, -0.7362320513358849], [-0.002405222068774438, -0.9999945308652018, 0.0022700542911555134, 0.09066505729134319], [5.005043522480305e-05, -0.002270181237027896, -0.9999974218827292, 0.0009508209953270143], [0.0, 0.0, 0.0, 1.0]]}, "mean_rme": {"type": "float", "data": 0.001449558832984907}, "max_rme": {"type": "float", "data": 0.006599980848076392}, "simu": {"type": "float", "data": 0.002}}, {"type": "dict", "image_number": {"type": "int", "data": 15}, "Hcamera2end": {"type": "ndarray", "data": [[0.9999976247371934, -0.0020113733966048964, 0.0008395814616642635, -0.014748176933584885], [-0.0008383485372942069, 0.000613741090211728, 0.9999994602466565, 0.022308733114864667], [-0.002011887596600984, -0.9999977888470223, 0.0006120534004703249, 0.03438050717809038], [0.0, 0.0, 0.0, 1.0]]}, "Hobj2base": {"type": "ndarray", "data": [[0.9999982999391107, -0.001834628303055575, 0.00018508883839910595, -0.7361346952327436], [-0.0018349427887727658, -0.9999968484613873, 0.0017134912477854384, 0.09027593841880731], [0.00018194463554425968, -0.0017138279621752865, -0.9999985148438304, 0.0009850989247569182], [0.0, 0.0, 0.0, 1.0]]}, "mean_rme": {"type": "float", "data": 0.0014562203243093357}, "max_rme": {"type": "float", "data": 0.006700150780873437}, "simu": {"type": "float", "data": 0.002}}, {"type": "dict", "image_number": {"type": "int", "data": 16}, "Hcamera2end": {"type": "ndarray", "data": [[0.9999989168779376, -0.001085167123645141, 0.000994311452894183, -0.014640417321863972], [-0.0009938602337235035, 0.00041626622945867275, 0.9999994194819626, 0.022303639522671358], [-0.0010855803919654558, -0.9999993245671419, 0.0004151872741403606, 0.03447527914902045], [0.0, 0.0, 0.0, 1.0]]}, "Hobj2base": {"type": "ndarray", "data": [[0.9999995697643739, -0.0009004078972015214, 0.00022301723211530115, -0.7360530432850385], [-0.0009009008217273661, -0.9999971297551618, 0.0022201034092241088, 0.09028622236294866], [0.00022101759335897242, -0.002220303370464201, -0.9999975106989849, 0.0009740620796070479], [0.0, 0.0, 0.0, 1.0]]}, "mean_rme": {"type": "float", "data": 0.001408489134558925}, "max_rme": {"type": "float", "data": 0.006561425000396914}, "simu": {"type": "float", "data": 0.002}}, {"type": "dict", "image_number": {"type": "int", "data": 17}, "Hcamera2end": {"type": "ndarray", "data": [[0.9999981730608559, -0.0017607945032638806, -0.0007439607971756107, -0.01477900261314047], [0.0007450059528308057, 0.0005929890377424085, 0.9999995466649629, 0.022362245146996203], [-0.0017603525444368035, -0.9999982739818696, 0.0005942997567741637, 0.0344932906563672], [0.0, 0.0, 0.0, 1.0]]}, "Hobj2base": {"type": "ndarray", "data": [[0.9999986327516058, -0.001644905335222535, 0.00016965069136331488, -0.7361999737983986], [-0.0016450561891095785, -0.9999982482316037, 0.0008929299289848209, 0.08974212481523675], [0.00016818160897042839, -0.0008932077930476233, -0.9999995869473068, 0.0011418977704781026], [0.0, 0.0, 0.0, 1.0]]}, "mean_rme": {"type": "float", "data": 0.0015026048687245617}, "max_rme": {"type": "float", "data": 0.006680364051113552}, "simu": {"type": "float", "data": 0.002}}, {"type": "dict", "image_number": {"type": "int", "data": 18}, "Hcamera2end": {"type": "ndarray", "data": [[0.9999979798162103, -0.0017308509918837268, -0.0010220168013178666, -0.014634454990478035], [0.0010230433171076025, 0.0005922885068180284, 0.9999993012881041, 0.022390552476515065], [-0.0017302444537123528, -0.9999983266731844, 0.0005940580458265732, 0.03443496948879944], [0.0, 0.0, 0.0, 1.0]]}, "Hobj2base": {"type": "ndarray", "data": [[0.9999986605292799, -0.0016328854443642038, 0.00011236000931094842, -0.7361794486468465], [-0.0016329569739620819, -0.9999984622498965, 0.0006394914883510412, 0.08954962117065084], [0.00011131562018620925, -0.0006396741108317155, -0.9999997892129102, 0.0010603704241209872], [0.0, 0.0, 0.0, 1.0]]}, "mean_rme": {"type": "float", "data": 0.0015142986472306873}, "max_rme": {"type": "float", "data": 0.006554068674640867}, "simu": {"type": "float", "data": 0.002}}, {"type": "dict", "image_number": {"type": "int", "data": 19}, "Hcamera2end": {"type": "ndarray", "data": [[0.9999986123494209, -0.0016366793771482643, -0.00031077298648151015, -0.014753439657405325], [0.00031167671622610825, 0.0005519466373115067, 0.9999997991062468, 0.022536547691001312], [-0.0016365075182447459, -0.9999985083166503, 0.0005524559862561951, 0.03450218393677264], [0.0, 0.0, 0.0, 1.0]]}, "Hobj2base": {"type": "ndarray", "data": [[0.9999987908262605, -0.0015458096092590228, 0.00016976062190336282, -0.7362391736325641], [-0.0015460890933358285, -0.9999974290918867, 0.0016587399232175317, 0.08984866201258404], [0.00016719608935183137, -0.0016590003825587788, -0.9999986098806333, 0.001098431525617385], [0.0, 0.0, 0.0, 1.0]]}, "mean_rme": {"type": "float", "data": 0.0015176649971404442}, "max_rme": {"type": "float", "data": 0.0067453005642990616}, "simu": {"type": "float", "data": 0.002}}, {"type": "dict", "image_number": {"type": "int", "data": 20}, "Hcamera2end": {"type": "ndarray", "data": [[0.9999989044672009, -0.0014388255563057514, -0.00034762827364419574, -0.014804243316437801], [0.00034850177656300756, 0.0006068882000724862, 0.9999997551165823, 0.022765548933555896], [-0.0014386142324639452, -0.9999987807331224, 0.0006073889684690137, 0.034384322510701074], [0.0, 0.0, 0.0, 1.0]]}, "Hobj2base": {"type": "ndarray", "data": [[0.9999990205060064, -0.0013658974479455923, 0.0003054688026052156, -0.7360383018017056], [-0.001366378782583216, -0.9999978165535959, 0.0015811062784996796, 0.08983518678234698], [0.0003033085065997234, -0.0015815221159061975, -0.999998703395033, 0.0008434391659991631], [0.0, 0.0, 0.0, 1.0]]}, "mean_rme": {"type": "float", "data": 0.0015150145514416702}, "max_rme": {"type": "float", "data": 0.006770215847352157}, "simu": {"type": "float", "data": 0.002}}, {"type": "dict", "image_number": {"type": "int", "data": 21}, "Hcamera2end": {"type": "ndarray", "data": [[0.9999998579110483, -0.00041298652506994386, -0.0003370756790045456, -0.014932429509028192], [0.00033745318291039227, 0.000914354420376684, 0.9999995250405591, 0.02267554749612352], [-0.00041267812228099537, -0.9999994966989356, 0.0009144936540743664, 0.03313693108275266], [0.0, 0.0, 0.0, 1.0]]}, "Hobj2base": {"type": "ndarray", "data": [[0.9999999163674564, -0.00038189515613668625, 0.00014635972728673137, -0.7349066419041468], [-0.00038209866040983027, -0.9999989568553138, 0.0013929425323721567, 0.08948398948089024], [0.00014582761660646983, -0.001392998339732564, -0.999999019144485, 0.0010558317538556807], [0.0, 0.0, 0.0, 1.0]]}, "mean_rme": {"type": "float", "data": 0.0015266368289949743}, "max_rme": {"type": "float", "data": 0.006927431103421144}, "simu": {"type": "float", "data": 0.002}}, {"type": "dict", "image_number": {"type": "int", "data": 22}, "Hcamera2end": {"type": "ndarray", "data": [[0.9999992096472209, -0.0012523959281828159, -0.00011049602979646312, -0.014938862489690573], [0.00011233404663579761, 0.0014676251428833442, 0.9999989167281641, 0.021622106742618115], [-0.0012522324047460616, -0.9999981387887072, 0.001467764669644267, 0.03215321847892866], [0.0, 0.0, 0.0, 1.0]]}, "Hobj2base": {"type": "ndarray", "data": [[0.9999992667097746, -0.0011982370772975683, -0.00017552156508793157, -0.73417620043038], [-0.0011979152204551304, -0.9999976217693041, 0.0018224859013851627, 0.0897448879562432], [-0.00017770491783704946, -0.0018222743050197283, -0.9999983238672552, 0.0022420660641179076], [0.0, 0.0, 0.0, 1.0]]}, "mean_rme": {"type": "float", "data": 0.001546325602378376}, "max_rme": {"type": "float", "data": 0.007048923389630479}, "simu": {"type": "float", "data": 0.002}}, {"type": "dict", "image_number": {"type": "int", "data": 23}, "Hcamera2end": {"type": "ndarray", "data": [[0.9999992474116088, -0.0012071921034038846, -0.0002187771502156244, -0.014964624060675965], [0.00022068454917860403, 0.0015801224349603071, 0.9999987272549005, 0.020998561607568467], [-0.0012068448722727383, -0.999998022948204, 0.0015803876544235873, 0.03171991266887943], [0.0, 0.0, 0.0, 1.0]]}, "Hobj2base": {"type": "ndarray", "data": [[0.9999993072735424, -0.001164789948327605, -0.00016946035401895683, -0.7338235176019253], [-0.001164500469067908, -0.9999978796387035, 0.001698427730326137, 0.08966288478022127], [-0.00017143830625002558, -0.0016982292171185682, -0.9999985433121559, 0.0028823945275470307], [0.0, 0.0, 0.0, 1.0]]}, "mean_rme": {"type": "float", "data": 0.0015213301818039007}, "max_rme": {"type": "float", "data": 0.00710355768861215}, "simu": {"type": "float", "data": 0.002}}, {"type": "dict", "image_number": {"type": "int", "data": 24}, "Hcamera2end": {"type": "ndarray", "data": [[0.9999995488098298, -0.0009497111284088751, -2.0710126932436956e-05, -0.014914314297751474], [2.2420947956027632e-05, 0.0018014367374681317, 0.9999983771601743, 0.020636378993460717], [-0.0009496722791963393, -0.999997926435077, 0.001801457218101321, 0.0325107954879535], [0.0, 0.0, 0.0, 1.0]]}, "Hobj2base": {"type": "ndarray", "data": [[0.9999995535458874, -0.0009151938705443027, -0.00023521948287461502, -0.7346944536521165], [-0.0009147632940469107, -0.9999979178118044, 0.0018241656095372225, 0.08973269753359359], [-0.00023688845828809062, -0.0018239496249820057, -0.9999983085443811, 0.0031936624060657573], [0.0, 0.0, 0.0, 1.0]]}, "mean_rme": {"type": "float", "data": 0.00149905639577732}, "max_rme": {"type": "float", "data": 0.0070698274898330915}, "simu": {"type": "float", "data": 0.002}}, {"type": "dict", "image_number": {"type": "int", "data": 25}, "Hcamera2end": {"type": "ndarray", "data": [[0.9999995467574858, -0.0009507764030194553, -5.0090462518903687e-05, -0.014890895657994509], [5.198009498421903e-05, 0.0019875418702426373, 0.9999980234857387, 0.020261506046972008], [-0.0009506749669047792, -0.9999975728478273, 0.0019875903908519454, 0.03301824937866442], [0.0, 0.0, 0.0, 1.0]]}, "Hobj2base": {"type": "ndarray", "data": [[0.9999994917161247, -0.0009593264837136152, -0.000310258263269384, -0.7352758080591524], [-0.0009587791372552213, -0.9999979924013154, 0.001759527182385301, 0.08976185759721238], [-0.0003119456014201789, -0.0017592288188960222, -0.9999984039006788, 0.0035357262753740602], [0.0, 0.0, 0.0, 1.0]]}, "mean_rme": {"type": "float", "data": 0.0014717380483226972}, "max_rme": {"type": "float", "data": 0.007044817569827111}, "simu": {"type": "float", "data": 0.002}}, {"type": "dict", "image_number": {"type": "int", "data": 26}, "Hcamera2end": {"type": "ndarray", "data": [[0.9999995903798927, -0.0008847383410190964, -0.00019099244657064067, -0.014849586579921779], [0.0001928265767757804, 0.0020734552178718335, 0.9999978317983349, 0.019725498271307602], [-0.0008843404084430362, -0.9999974590075356, 0.0020736249696085007, 0.032924812962222466], [0.0, 0.0, 0.0, 1.0]]}, "Hobj2base": {"type": "ndarray", "data": [[0.9999995179026905, -0.000900440714845402, -0.0003916642766577341, -0.7352911377800108], [-0.0008998436760488443, -0.999998437082946, 0.0015218781240657216, 0.08960213006601568], [-0.00039303402554489785, -0.0015215249537498879, -0.9999987652422728, 0.004074958952188999], [0.0, 0.0, 0.0, 1.0]]}, "mean_rme": {"type": "float", "data": 0.0014966195299925976}, "max_rme": {"type": "float", "data": 0.0070519715057763}, "simu": {"type": "float", "data": 0.002}}, {"type": "dict", "image_number": {"type": "int", "data": 27}, "Hcamera2end": {"type": "ndarray", "data": [[0.9999998832804731, -0.0004670288538993025, -0.00012378646880949103, -0.014889988250690624], [0.00012478135167474022, 0.002130811134829602, 0.9999977220341666, 0.019846416750940093], [-0.00046676402443744945, -0.9999976207611484, 0.0021308691626139575, 0.033115406390752014], [0.0, 0.0, 0.0, 1.0]]}, "Hobj2base": {"type": "ndarray", "data": [[0.9999997891247435, -0.0005139501985771426, -0.0003969957957671612, -0.7354750827787669], [-0.000513339236503773, -0.9999986862329073, 0.0015375354589714635, 0.08960522449445535], [-0.00039778549086160657, -0.0015373313412245851, -0.9999987391887304, 0.003934997328951018], [0.0, 0.0, 0.0, 1.0]]}, "mean_rme": {"type": "float", "data": 0.0014921294904261726}, "max_rme": {"type": "float", "data": 0.007045362206791583}, "simu": {"type": "float", "data": 0.002}}, {"type": "dict", "image_number": {"type": "int", "data": 28}, "Hcamera2end": {"type": "ndarray", "data": [[0.9999998087336397, -0.0002572009971272062, -0.0005624769606009906, -0.014978796149337302], [0.000563012990650133, 0.0020887888212560712, 0.9999976599860785, 0.02005246689774199], [-0.00025602549968577475, -0.9999977854020015, 0.002088933229243639, 0.0326812528739489], [0.0, 0.0, 0.0, 1.0]]}, "Hobj2base": {"type": "ndarray", "data": [[0.9999999139409733, -0.0002911001709199044, -0.00029559894542658847, -0.7349721952636135], [-0.0002907691507887388, -0.9999993313608679, 0.0011192547153126592, 0.08942359846771845], [-0.00029592456301649663, -0.001119168667936352, -0.9999993299448482, 0.0037312198053224633], [0.0, 0.0, 0.0, 1.0]]}, "mean_rme": {"type": "float", "data": 0.0015359779245273117}, "max_rme": {"type": "float", "data": 0.007060028860505829}, "simu": {"type": "float", "data": 0.002}}, {"type": "dict", "image_number": {"type": "int", "data": 29}, "Hcamera2end": {"type": "ndarray", "data": [[0.9999990874620993, -0.00030455324662414433, -0.0013161771494464814, -0.0150568156160024], [0.0013168028335346946, 0.0020634340878206148, 0.9999970041305435, 0.019585635976845348], [-0.0003018364894265971, -0.9999978247411765, 0.0020638332414368854, 0.0319581713578199], [0.0, 0.0, 0.0, 1.0]]}, "Hobj2base": {"type": "ndarray", "data": [[0.9999999279677699, -0.00027274743939483155, -0.0002639569836751952, -0.7342950399366207], [-0.00027268760766446364, -0.9999999371284296, 0.00022668172583084688, 0.08900805140412918], [-0.00026401879394008314, -0.00022660973170405196, -0.9999999394710508, 0.004196011710877628], [0.0, 0.0, 0.0, 1.0]]}, "mean_rme": {"type": "float", "data": 0.0015628801599353612}, "max_rme": {"type": "float", "data": 0.0070969917904836755}, "simu": {"type": "float", "data": 0.002}}, {"type": "dict", "image_number": {"type": "int", "data": 30}, "Hcamera2end": {"type": "ndarray", "data": [[0.5839704350199492, 0.44273055347726187, 0.6804176570609619, -1438.4854063217454], [0.6804907705595347, 0.19003665425939953, -0.7076852274996166, -618.6079619302656], [-0.44261816750547195, 0.87628518591587, -0.19029826782839399, 401.9950648969801], [0.0, 0.0, 0.0, 1.0]]}, "Hobj2base": {"type": "ndarray", "data": [[-0.9135226402351644, -0.37073027412999815, 0.1674378978047405, -333.3623183305009], [0.36982096444776835, -0.5854448844588962, 0.7214476706704596, -1423.406303557442], [-0.1694368319837713, 0.7209808257536436, 0.6719209840918032, 647.3740399665438], [0.0, 0.0, 0.0, 1.0]]}, "mean_rme": {"type": "float", "data": 70.20176664618381}, "max_rme": {"type": "float", "data": 1014.2590120255567}, "simu": {"type": "float", "data": 0.002}}, {"type": "dict", "image_number": {"type": "int", "data": 30}, "Hcamera2end": {"type": "ndarray", "data": [[0.9999986627393007, 0.00019548371316193596, -0.0016236704494003306, -0.015119912058910114], [0.0016232362722151193, 0.00220108165733357, 0.999996260164778, 0.01927230080345271], [0.00019905681332878992, -0.9999975585098475, 0.0022007613976596785, 0.03234437209373508], [0.0, 0.0, 0.0, 1.0]]}, "Hobj2base": {"type": "ndarray", "data": [[0.9999999203994658, 0.00023405391216725307, -0.00032314057033771746, -0.7347528751883313], [0.00023401188406165784, -0.9999999641571176, -0.0001300930547199792, 0.08886489650390611], [-0.0003231710075438308, 0.00013001742563082105, -0.9999999393279833, 0.004486952505235773], [0.0, 0.0, 0.0, 1.0]]}, "mean_rme": {"type": "float", "data": 0.0015754492792088887}, "max_rme": {"type": "float", "data": 0.007080183700670095}, "simu": {"type": "float", "data": 0.002}}]}