{"type": "list", "data": [{"type": "dict", "image_number": {"type": "int", "data": 5}, "Hcamera2end": {"type": "ndarray", "data": [[0.9999976510838436, -0.001333056102905047, 0.0017090313694333222, -0.012296055299455176], [-0.0017084925399564813, 0.0004052402335587013, 0.9999984584156086, 0.03152267859122621], [-0.001333746616157874, -0.9999990293704185, 0.00040296176527621075, 0.03787877441473196], [0.0, 0.0, 0.0, 1.0]]}, "Hobj2base": {"type": "ndarray", "data": [[0.999998392957809, -0.000823674165830093, 0.0015923701416455818, -0.7394384138461816], [-0.0008222506793058815, -0.9999992619848452, -0.0008943900632650629, 0.09337714554953747], [0.001593105652441572, 0.0008930792985118215, -0.9999983322104826, 0.004165073722860413], [0.0, 0.0, 0.0, 1.0]]}, "mean_rme": {"type": "float", "data": 0.0012395152368674797}, "max_rme": {"type": "float", "data": 0.004112178992303039}, "simu": {"type": "float", "data": 0.002}}, {"type": "dict", "image_number": {"type": "int", "data": 6}, "Hcamera2end": {"type": "ndarray", "data": [[0.9999979884797962, -0.0012236876742169425, 0.0015892214564097646, -0.012347032349372601], [-0.0015892142965955314, 6.823344145479027e-06, 0.9999987371748839, 0.0315794691255334], [-0.0012236969727183336, -0.9999992512706791, 4.8786284737589725e-06, 0.0380135767059437], [0.0, 0.0, 0.0, 1.0]]}, "Hobj2base": {"type": "ndarray", "data": [[0.9999977325318687, -0.0007482354105565619, 0.0019937589853000607, -0.7390646267160044], [-0.0007467602471387463, -0.9999994469803863, -0.0007405322784276479, 0.09340004188953972], [0.001994311975185616, 0.0007390417393417086, -0.999997738265969, 0.00413033676518712], [0.0, 0.0, 0.0, 1.0]]}, "mean_rme": {"type": "float", "data": 0.0011194507191440491}, "max_rme": {"type": "float", "data": 0.004241209986265926}, "simu": {"type": "float", "data": 0.002}}, {"type": "dict", "image_number": {"type": "int", "data": 7}, "Hcamera2end": {"type": "ndarray", "data": [[0.9999984712300206, -0.0011477067610912006, 0.0013192068875960217, -0.011944977340450046], [-0.001318380922360433, 0.0007201248886056222, 0.9999988716453075, 0.03158393841322345], [-0.0011486554597838691, -0.9999990820942463, 0.0007186106730020514, 0.037609344338847314], [0.0, 0.0, 0.0, 1.0]]}, "Hobj2base": {"type": "ndarray", "data": [[0.999999274387169, -0.000693187495864834, 0.0009852493243209298, -0.7395952268599172], [-0.0006922579534845852, -0.9999993153052347, -0.0009434871424985771, 0.09343901082390803], [0.0009859026632155642, 0.0009428044112112741, -0.9999990695574577, 0.003948845813135228], [0.0, 0.0, 0.0, 1.0]]}, "mean_rme": {"type": "float", "data": 0.0014276405001329552}, "max_rme": {"type": "float", "data": 0.004025399280188552}, "simu": {"type": "float", "data": 0.002}}, {"type": "dict", "image_number": {"type": "int", "data": 8}, "Hcamera2end": {"type": "ndarray", "data": [[0.9999994217769369, -0.0007523556253086381, 0.0007683793366359156, -0.011583194904863292], [-0.0007682334769312513, 0.0001941404937084723, 0.9999996860633475, 0.03167557585799582], [-0.0007525045626604015, -0.9999996981351953, 0.00019356239667411845, 0.03759955982765728], [0.0, 0.0, 0.0, 1.0]]}, "Hobj2base": {"type": "ndarray", "data": [[0.999999362799116, -0.00033340600958901563, 0.0010785368768071425, -0.7393523078166913], [-0.0003319623788527866, -0.9999990492284696, -0.0013384106756567644, 0.09296241643714494], [0.001078982085527547, 0.0013380517891529936, -0.9999985227064436, 0.0037045811635856157], [0.0, 0.0, 0.0, 1.0]]}, "mean_rme": {"type": "float", "data": 0.0015086669602350244}, "max_rme": {"type": "float", "data": 0.0034539318822287834}, "simu": {"type": "float", "data": 0.002}}, {"type": "dict", "image_number": {"type": "int", "data": 9}, "Hcamera2end": {"type": "ndarray", "data": [[0.9999995740012712, -0.0006434369269429246, 0.0006618052562605775, -0.011648678174201885], [-0.0006616970541914757, 0.00016836100583972335, 0.9999997669057631, 0.03172185759550378], [-0.0006435481991600991, -0.999999778821722, 0.00016793517379909417, 0.03771082504335521], [0.0, 0.0, 0.0, 1.0]]}, "Hobj2base": {"type": "ndarray", "data": [[0.9999994222991252, -0.0002526632171985064, 0.0010447787874001682, -0.739357097915043], [-0.0002514646322357719, -0.9999993103642433, -0.0011471863737453115, 0.09298318928771346], [0.0010450679186832755, 0.0011469229861011986, -0.99999879619963, 0.0037346015945070588], [0.0, 0.0, 0.0, 1.0]]}, "mean_rme": {"type": "float", "data": 0.0014006172726446454}, "max_rme": {"type": "float", "data": 0.0035879755026656523}, "simu": {"type": "float", "data": 0.002}}, {"type": "dict", "image_number": {"type": "int", "data": 10}, "Hcamera2end": {"type": "ndarray", "data": [[0.9999990415767441, -0.0008744905566687298, 0.001073364737344045, -0.011617257851655714], [-0.0010735858785254748, -0.0002524498480434012, 0.9999993918410329, 0.031623440034944515], [-0.0008742190540746183, -0.9999995857675844, -0.00025338844680211636, 0.037549539051384646], [0.0, 0.0, 0.0, 1.0]]}, "Hobj2base": {"type": "ndarray", "data": [[0.9999991894388018, -0.0004856744728574468, 0.0011769630604762562, -0.73927683546959], [-0.00048447791573593926, -0.999999365780669, -0.001016719926523312, 0.09339353924417414], [0.0011774561089378892, 0.0010161488897991522, -0.9999987905185412, 0.003574265969517787], [0.0, 0.0, 0.0, 1.0]]}, "mean_rme": {"type": "float", "data": 0.0014626608497653308}, "max_rme": {"type": "float", "data": 0.003758157470177631}, "simu": {"type": "float", "data": 0.002}}, {"type": "dict", "image_number": {"type": "int", "data": 11}, "Hcamera2end": {"type": "ndarray", "data": [[0.9999993841447772, -0.0006101901121343579, 0.0009270264793393433, -0.011577417969783656], [-0.000927345758956755, -0.0005231713451878672, 0.9999994331606328, 0.03156901139027185], [-0.0006097047725643602, -0.9999996769798332, -0.0005237368802026854, 0.03762736121180121], [0.0, 0.0, 0.0, 1.0]]}, "Hobj2base": {"type": "ndarray", "data": [[0.999998922574042, -0.0002138125354688946, 0.00145228611330264, -0.7389541981736812], [-0.00021268120904158758, -0.9999996738796701, -0.0007791067039639946, 0.09346642159525703], [0.0014524522224623896, 0.0007787969905677563, -0.999998641927972, 0.003510101026585464], [0.0, 0.0, 0.0, 1.0]]}, "mean_rme": {"type": "float", "data": 0.0014730958482873807}, "max_rme": {"type": "float", "data": 0.0038641742665292134}, "simu": {"type": "float", "data": 0.002}}, {"type": "dict", "image_number": {"type": "int", "data": 12}, "Hcamera2end": {"type": "ndarray", "data": [[0.9999991236251526, -0.00039835831366250946, 0.0012625607235410175, -0.011861636059863803], [-0.0012628119440537679, -0.0006310195468075541, 0.9999990035596662, 0.031465993577708996], [-0.0003975612162266324, -0.9999997215624539, -0.0006315220454342629, 0.037680181405027546], [0.0, 0.0, 0.0, 1.0]]}, "Hobj2base": {"type": "ndarray", "data": [[0.9999989013011459, -5.164617757311919e-05, 0.0014814618366512267, -0.7389053197792687], [-5.08969501930271e-05, -0.9999998708038895, -0.000505768430539778, 0.09376635448879596], [0.0014814877662582937, 0.0005056924729632699, -0.9999987747338104, 0.0036427736788212234], [0.0, 0.0, 0.0, 1.0]]}, "mean_rme": {"type": "float", "data": 0.00145684429889368}, "max_rme": {"type": "float", "data": 0.0049872975004116235}, "simu": {"type": "float", "data": 0.002}}, {"type": "dict", "image_number": {"type": "int", "data": 13}, "Hcamera2end": {"type": "ndarray", "data": [[0.9999980015349473, -0.0005810759355806078, 0.0019129236442259182, -0.01156143237220458], [-0.0019132052879305118, -0.00048452491242767515, 0.9999980524386711, 0.03145791187495768], [-0.0005801479447383868, -0.999999713793142, -0.0004856356616742552, 0.03751340166708618], [0.0, 0.0, 0.0, 1.0]]}, "Hobj2base": {"type": "ndarray", "data": [[0.9999992459861956, -0.00026054876484563484, 0.0012000589074594493, -0.7390040566678279], [-0.00026106009829235627, -0.999999875205674, 0.0004259533558174581, 0.09430874654340907], [0.0011999477760781666, -0.00042626632213908577, -0.99999918921085, 0.0034223476958080957], [0.0, 0.0, 0.0, 1.0]]}, "mean_rme": {"type": "float", "data": 0.0015462544912611678}, "max_rme": {"type": "float", "data": 0.005037612491453243}, "simu": {"type": "float", "data": 0.002}}, {"type": "dict", "image_number": {"type": "int", "data": 14}, "Hcamera2end": {"type": "ndarray", "data": [[0.9999989413104176, -0.000576307156787916, 0.0013361317693257446, -0.011593096240857383], [-0.0013364101835903605, -0.00048298623826825704, 0.9999989903655477, 0.03154352122530061], [-0.000575661241671258, -0.9999997172971373, -0.0004837559096888544, 0.03752407711779119], [0.0, 0.0, 0.0, 1.0]]}, "Hobj2base": {"type": "ndarray", "data": [[0.9999992947451422, -0.00026778971359402924, 0.001157064340294845, -0.7390532928214609], [-0.00026791327833493864, -0.9999999584254147, 0.0001066379134830748, 0.09395629784982872], [0.0011570357356540648, -0.00010694783117682114, -0.9999993249150063, 0.0034412163885324176], [0.0, 0.0, 0.0, 1.0]]}, "mean_rme": {"type": "float", "data": 0.0014896703299256341}, "max_rme": {"type": "float", "data": 0.00512694336723294}, "simu": {"type": "float", "data": 0.002}}, {"type": "dict", "image_number": {"type": "int", "data": 15}, "Hcamera2end": {"type": "ndarray", "data": [[0.9999978692529872, 0.0009490924839665384, 0.0018332247386350622, -0.01159221695438998], [-0.0018324084216763544, -0.0008602589361579316, 0.9999979511148704, 0.031463660598983666], [0.0009506675873484579, -0.9999991795886731, -0.0008585179781031016, 0.03766281037502806], [0.0, 0.0, 0.0, 1.0]]}, "Hobj2base": {"type": "ndarray", "data": [[0.9999983529771481, 0.0011954510100213474, 0.0013656280143787762, -0.7387211541723084], [0.0011944757627751358, -0.9999990311932931, 0.0007147308079911299, 0.09399222557212956], [0.0013664811170155029, -0.000713098421249014, -0.999998812109294, 0.0034045395720232277], [0.0, 0.0, 0.0, 1.0]]}, "mean_rme": {"type": "float", "data": 0.0015170144997899624}, "max_rme": {"type": "float", "data": 0.005014546946781169}, "simu": {"type": "float", "data": 0.002}}, {"type": "dict", "image_number": {"type": "int", "data": 16}, "Hcamera2end": {"type": "ndarray", "data": [[0.9999963494462208, 0.001026169290066508, 0.002499614134187616, -0.011482586582436696], [-0.002498774796133163, -0.0008184022083150833, 0.999996543165197, 0.0314718910513558], [0.0010282114324961463, -0.9999991385968358, -0.0008158350547351478, 0.03763956080205452], [0.0, 0.0, 0.0, 1.0]]}, "Hobj2base": {"type": "ndarray", "data": [[0.9999984085887896, 0.0012400583735004544, 0.0012826048177488163, -0.7387425922330596], [0.0012377237609768816, -0.9999975788964426, 0.001819406811053391, 0.09448665552017595], [0.00128485788308058, -0.0018178164051701248, -0.9999975223387991, 0.003333451514623803], [0.0, 0.0, 0.0, 1.0]]}, "mean_rme": {"type": "float", "data": 0.0014938432769448153}, "max_rme": {"type": "float", "data": 0.004882025754436796}, "simu": {"type": "float", "data": 0.002}}, {"type": "dict", "image_number": {"type": "int", "data": 17}, "Hcamera2end": {"type": "ndarray", "data": [[0.9999950031030854, 0.0012968846163491786, 0.002883029509398653, -0.011551862993832814], [-0.0028818525962139127, -0.0009084477704841554, 0.9999954348137104, 0.031442912343701765], [0.0012994977775593628, -0.9999987464056842, -0.0009047058007656261, 0.03766794573263834], [0.0, 0.0, 0.0, 1.0]]}, "Hobj2base": {"type": "ndarray", "data": [[0.9999981403785991, 0.001508383836076582, 0.001201672811793078, -0.7387801240521311], [0.0015055176277738885, -0.9999960284839766, 0.0023825265886208828, 0.09472255382421102], [0.0012052618039255503, -0.0023807130184224797, -0.999996439768416, 0.0033633636365673855], [0.0, 0.0, 0.0, 1.0]]}, "mean_rme": {"type": "float", "data": 0.0014714434820833247}, "max_rme": {"type": "float", "data": 0.004681436565635279}, "simu": {"type": "float", "data": 0.002}}, {"type": "dict", "image_number": {"type": "int", "data": 18}, "Hcamera2end": {"type": "ndarray", "data": [[0.9999956083866706, 0.0011886364834173858, 0.002714838979166949, -0.011476425516543414], [-0.002713793367392829, -0.0008804042221108865, 0.9999959300987004, 0.031452240765312243], [0.0011910218014838272, -0.9999989060152595, -0.0008771746419111714, 0.03764495397875087], [0.0, 0.0, 0.0, 1.0]]}, "Hobj2base": {"type": "ndarray", "data": [[0.9999980202576911, 0.0014589458385701351, 0.0013531288698478852, -0.738671030581853], [0.0014558879132148823, -0.9999963906117257, 0.0022581306217291197, 0.09468084587461162], [0.0013564184761539284, -0.0022561561472457556, -0.999996534938175, 0.003287396033157222], [0.0, 0.0, 0.0, 1.0]]}, "mean_rme": {"type": "float", "data": 0.0014586423753823062}, "max_rme": {"type": "float", "data": 0.00475194223924031}, "simu": {"type": "float", "data": 0.002}}, {"type": "dict", "image_number": {"type": "int", "data": 19}, "Hcamera2end": {"type": "ndarray", "data": [[0.9999958678431943, 0.0007265895918703083, 0.002781432023575507, -0.011373593436123297], [-0.0027805962029601164, -0.0011488223593925095, 0.9999954742357297, 0.03154184012143218], [0.0007297816747969094, -0.9999990761369487, -0.0011467972600180953, 0.03771270631956765], [0.0, 0.0, 0.0, 1.0]]}, "Hobj2base": {"type": "ndarray", "data": [[0.9999982427467163, 0.0010353633260704225, 0.0015628583628967707, -0.7384907571559612], [0.0010312462769788175, -0.9999960023911694, 0.0026328184131219246, 0.09481316185931196], [0.0015655780388295275, -0.00263120209472494, -0.9999953128594858, 0.003217071907863578], [0.0, 0.0, 0.0, 1.0]]}, "mean_rme": {"type": "float", "data": 0.001449951625497238}, "max_rme": {"type": "float", "data": 0.004833789754345098}, "simu": {"type": "float", "data": 0.002}}, {"type": "dict", "image_number": {"type": "int", "data": 20}, "Hcamera2end": {"type": "ndarray", "data": [[0.9999960038284051, 0.000865286945667604, 0.002691394754019867, -0.011391669976121984], [-0.002690665208415863, -0.0008431870905367678, 0.9999960246702316, 0.030949193298387943], [0.0008675528551787788, -0.9999992701567496, -0.0008408555235364101, 0.03884412690473369], [0.0, 0.0, 0.0, 1.0]]}, "Hobj2base": {"type": "ndarray", "data": [[0.9999985405558326, 0.0011679797571519383, 0.0012468799026644848, -0.7398266573079689], [0.0011647814212588266, -0.9999960378590229, 0.0025627232576925173, 0.09492268364055793], [0.001249868171238697, -0.002561267174995842, -0.9999959388617596, 0.00377113436786822], [0.0, 0.0, 0.0, 1.0]]}, "mean_rme": {"type": "float", "data": 0.0015038617600812106}, "max_rme": {"type": "float", "data": 0.0046421118775840445}, "simu": {"type": "float", "data": 0.002}}, {"type": "dict", "image_number": {"type": "int", "data": 21}, "Hcamera2end": {"type": "ndarray", "data": [[0.9999967596293368, 0.0005039330223363422, 0.0024953521465893615, -0.01122731894855317], [-0.0024949510154973066, -0.0007950668458778232, 0.999996571538193, 0.03133729631186704], [0.0005059152663817654, -0.9999995569600114, -0.0007938069813606674, 0.03930119925953124], [0.0, 0.0, 0.0, 1.0]]}, "Hobj2base": {"type": "ndarray", "data": [[0.999999014652566, 0.000805294706709574, 0.0011498670933154222, -0.7402761687679467], [0.0008025668438133594, -0.999996867537895, 0.0023708228229949234, 0.09482516746531763], [0.0011517727024702312, -0.0023698976417068514, -0.9999965284963788, 0.0033643540393042746], [0.0, 0.0, 0.0, 1.0]]}, "mean_rme": {"type": "float", "data": 0.0015290652902051386}, "max_rme": {"type": "float", "data": 0.004892390570041698}, "simu": {"type": "float", "data": 0.002}}, {"type": "dict", "image_number": {"type": "int", "data": 22}, "Hcamera2end": {"type": "ndarray", "data": [[0.9999972662891362, 0.0007637941919055328, 0.002209984770732602, -0.011213492164583566], [-0.0022094068848100713, -0.0007566164156969091, 0.9999972730226904, 0.03120530119631408], [0.0007654642198120784, -0.999999422074849, -0.0007549268151803012, 0.03934997107748479], [0.0, 0.0, 0.0, 1.0]]}, "Hobj2base": {"type": "ndarray", "data": [[0.9999988888431323, 0.0010277372613114618, 0.001079846573644654, -0.7403799120764168], [0.0010255245850985504, -0.9999973777623061, 0.002047624925778676, 0.09462411850742476], [0.001081948162463678, -0.00204651524133677, -0.9999973205781807, 0.0034946455155891506], [0.0, 0.0, 0.0, 1.0]]}, "mean_rme": {"type": "float", "data": 0.0015007922038395285}, "max_rme": {"type": "float", "data": 0.004944825182852143}, "simu": {"type": "float", "data": 0.002}}, {"type": "dict", "image_number": {"type": "int", "data": 23}, "Hcamera2end": {"type": "ndarray", "data": [[0.9999971911597825, 0.000967795494410499, 0.002163572144951925, -0.011182228295712218], [-0.002162876438480686, -0.0007193268205929471, 0.9999974022638445, 0.031038740311492074], [0.0009693492958053034, -0.9999992729701388, -0.0007172315780465954, 0.039221372798561825], [0.0, 0.0, 0.0, 1.0]]}, "Hobj2base": {"type": "ndarray", "data": [[0.9999988282765181, 0.0012282554184336763, 0.0009136926277848212, -0.7403538983648567], [0.00122643569603114, -0.9999972688397081, 0.001989514666459056, 0.09452924153186715], [0.0009161337645129287, -0.0019883917500440875, -0.9999976034957152, 0.0036912117203671026], [0.0, 0.0, 0.0, 1.0]]}, "mean_rme": {"type": "float", "data": 0.001499034266035438}, "max_rme": {"type": "float", "data": 0.005014668458839806}, "simu": {"type": "float", "data": 0.002}}, {"type": "dict", "image_number": {"type": "int", "data": 24}, "Hcamera2end": {"type": "ndarray", "data": [[0.9999968328209536, 0.0014063496025636833, 0.002087229948275883, -0.011223869670171452], [-0.002085938487208229, -0.000919149123479901, 0.9999974020093836, 0.031586244090479484], [0.0014082644244580705, -0.9999985886718463, -0.0009162126536075288, 0.03810084763891093], [0.0, 0.0, 0.0, 1.0]]}, "Hobj2base": {"type": "ndarray", "data": [[0.9999980948650479, 0.0016672470911483657, 0.0010151617662823276, -0.739139075278672], [0.0016653843881887411, -0.9999969333499295, 0.0018329717883637546, 0.09426848340608329], [0.0010182146700187318, -0.0018312776617480818, -0.9999978048280966, 0.003209617894027225], [0.0, 0.0, 0.0, 1.0]]}, "mean_rme": {"type": "float", "data": 0.0015451667488072694}, "max_rme": {"type": "float", "data": 0.005126860226754161}, "simu": {"type": "float", "data": 0.002}}, {"type": "dict", "image_number": {"type": "int", "data": 25}, "Hcamera2end": {"type": "ndarray", "data": [[0.9999973317235034, 0.0015868809799184699, 0.001678795588850753, -0.01124004524668082], [-0.0016770631916972942, -0.0010924004470109772, 0.9999979970581512, 0.03212749224351001], [0.0015887117185398472, -0.9999981442332875, -0.0010897362325033022, 0.03730348175951044], [0.0, 0.0, 0.0, 1.0]]}, "Hobj2base": {"type": "ndarray", "data": [[0.9999977263085053, 0.0018270493987559277, 0.001099667365357266, -0.7382449363006368], [0.0018254885600142636, -0.9999973274266027, 0.0014187075701305265, 0.093946275332615], [0.0011022564752285369, -0.00141669691423191, -0.9999983889989605, 0.0027062158097074574], [0.0, 0.0, 0.0, 1.0]]}, "mean_rme": {"type": "float", "data": 0.0015687473500817317}, "max_rme": {"type": "float", "data": 0.005239170257909841}, "simu": {"type": "float", "data": 0.002}}, {"type": "dict", "image_number": {"type": "int", "data": 26}, "Hcamera2end": {"type": "ndarray", "data": [[0.999997914833566, 0.0014895814133778988, 0.0013969523015861368, -0.011204699151812316], [-0.0013950606749942283, -0.0012701885438366478, 0.9999982202118042, 0.032953468269309186], [0.001491353155048244, -0.9999980838823023, -0.0012681078388301348, 0.03725455723359482], [0.0, 0.0, 0.0, 1.0]]}, "Hobj2base": {"type": "ndarray", "data": [[0.9999978290892683, 0.0016989980229526651, 0.0012063260208780625, -0.7380435005494537], [0.0016974995684427715, -0.9999977878352331, 0.001242102997386359, 0.0938181341564172], [0.0012084336828230044, -0.00124005256299179, -0.9999985009777144, 0.0018712123347164173], [0.0, 0.0, 0.0, 1.0]]}, "mean_rme": {"type": "float", "data": 0.00155774980928663}, "max_rme": {"type": "float", "data": 0.005311003484369144}, "simu": {"type": "float", "data": 0.002}}, {"type": "dict", "image_number": {"type": "int", "data": 27}, "Hcamera2end": {"type": "ndarray", "data": [[0.9999987593870514, 0.0012038753183199941, 0.001015829009191501, -0.011145288246485016], [-0.0010141969672509007, -0.0013554929482126887, 0.9999985670206627, 0.033269645500525906], [0.0012052505422500874, -0.9999983566601923, -0.0013542702998738942, 0.03703482605195924], [0.0, 0.0, 0.0, 1.0]]}, "Hobj2base": {"type": "ndarray", "data": [[0.9999982091740982, 0.0013981104552414293, 0.001275513916637544, -0.7377502665865087], [0.0013968863225695101, -0.9999985634535828, 0.0009601038339048887, 0.09362059595133075], [0.001276854415510897, -0.0009583203665816765, -0.9999987256316258, 0.001559581441503142], [0.0, 0.0, 0.0, 1.0]]}, "mean_rme": {"type": "float", "data": 0.0015672189122542548}, "max_rme": {"type": "float", "data": 0.005468200849069092}, "simu": {"type": "float", "data": 0.002}}, {"type": "dict", "image_number": {"type": "int", "data": 28}, "Hcamera2end": {"type": "ndarray", "data": [[0.999999171811293, 0.0012614070977675172, 0.0002553994161085579, -0.01123837810171767], [-0.00025347851931655787, -0.0015227458399929006, 0.9999988084961637, 0.03339074045790004], [0.001261794503194537, -0.9999980450467094, -0.0015224248392686768, 0.036133521542685815], [0.0, 0.0, 0.0, 1.0]]}, "Hobj2base": {"type": "ndarray", "data": [[0.9999980428279793, 0.0014908339900833675, 0.0013006745268258947, -0.7368229101339396], [0.001490549288594539, -0.9999988649682645, 0.00021982948109097207, 0.09316524958608323], [0.0013010007797814623, -0.000217890331356209, -0.9999991299600088, 0.0014879231557449804], [0.0, 0.0, 0.0, 1.0]]}, "mean_rme": {"type": "float", "data": 0.001576209735796097}, "max_rme": {"type": "float", "data": 0.00551715812322915}, "simu": {"type": "float", "data": 0.002}}, {"type": "dict", "image_number": {"type": "int", "data": 29}, "Hcamera2end": {"type": "ndarray", "data": [[0.9999999796942158, 0.00018078150929636108, 8.904837897134776e-05, -0.011253217172629369], [-8.88093418334362e-05, -0.0013218210083552062, 0.999999122450676, 0.0323485661675816], [0.0001808990566697542, -0.9999991100532376, -0.0013218049264278608, 0.0361680596045271], [0.0, 0.0, 0.0, 1.0]]}, "Hobj2base": {"type": "ndarray", "data": [[0.9999991973991722, 0.0003878368529310517, 0.0012061440987285016, -0.7369953573333783], [0.00038785775309835123, -0.9999999246370725, -1.7094226874026316e-05, 0.0932395523724578], [0.0012061373780587973, 1.7562025494231352e-05, -0.9999992724618356, 0.002529662906976451], [0.0, 0.0, 0.0, 1.0]]}, "mean_rme": {"type": "float", "data": 0.0016138919278114805}, "max_rme": {"type": "float", "data": 0.005550502608891235}, "simu": {"type": "float", "data": 0.002}}, {"type": "dict", "image_number": {"type": "int", "data": 30}, "Hcamera2end": {"type": "ndarray", "data": [[0.9999999556501057, -0.00012585838176204948, -0.0002699249052360094, -0.011306078160116651], [0.00026975027664615425, -0.0013854593551700933, 0.9999990038680856, 0.03220057387002136], [-0.00012623222637565134, -0.9999990323305533, -0.0013854253433918107, 0.03589203233664529], [0.0, 0.0, 0.0, 1.0]]}, "Hobj2base": {"type": "ndarray", "data": [[0.9999993147943423, 0.00010183625028002598, 0.0011662076247180866, -0.7367470779811662], [0.00010225831110810232, -0.9999999293021269, -0.00036185491396638055, 0.09308499505027042], [0.0011661706923221044, 0.0003619739204434513, -0.9999992545101206, 0.002702492511153324], [0.0, 0.0, 0.0, 1.0]]}, "mean_rme": {"type": "float", "data": 0.0016159683868680233}, "max_rme": {"type": "float", "data": 0.005563636014768218}, "simu": {"type": "float", "data": 0.002}}]}