{"type": "list", "data": [{"type": "dict", "image_number": {"type": "int", "data": 5}, "Hcamera2end": {"type": "ndarray", "data": [[0.9999599447375042, -0.007341222721656409, -0.005120094678679641, -0.022845871517177894], [0.005129554919445879, 0.0012703971058974917, 0.9999860367812753, 0.027701841058613258], [-0.0073346156610961215, -0.9999722458849268, 0.001308003424934645, 0.030972917004764147], [0.0, 0.0, 0.0, 1.0]]}, "Hobj2base": {"type": "ndarray", "data": [[0.9999766593093108, -0.006536589687585189, -0.001988424463402146, -0.7343731469992081], [-0.006542405903161238, -0.9999742976724941, -0.00293273241189244, 0.08250728169558164], [-0.001969203287825345, 0.0029456730398396925, -0.9999937226046736, -0.006558994459642586], [0.0, 0.0, 0.0, 1.0]]}, "mean_rme": {"type": "float", "data": 0.0020596208462729036}, "max_rme": {"type": "float", "data": 0.004196019630872155}, "simu": {"type": "float", "data": 0.002}}, {"type": "dict", "image_number": {"type": "int", "data": 6}, "Hcamera2end": {"type": "ndarray", "data": [[0.999960032620513, -0.007371867102517864, -0.005058531111422235, -0.02312114008333415], [0.00507030202907885, 0.0015789214615616887, 0.9999858994227631, 0.027767619668660495], [-0.0073637761316006, -0.9999715808873977, 0.0016162359489364508, 0.030989355270539098], [0.0, 0.0, 0.0, 1.0]]}, "Hobj2base": {"type": "ndarray", "data": [[0.9999757962463371, -0.006586382263375647, -0.0022419835379892494, -0.7347884674689303], [-0.00659317591172869, -0.9999736547659386, -0.0030364132538952334, 0.0823071957399518], [-0.0022219254940084453, 0.003051121553153981, -0.9999928768268138, -0.006403697236033633], [0.0, 0.0, 0.0, 1.0]]}, "mean_rme": {"type": "float", "data": 0.001870503143306647}, "max_rme": {"type": "float", "data": 0.004082982542099184}, "simu": {"type": "float", "data": 0.002}}, {"type": "dict", "image_number": {"type": "int", "data": 7}, "Hcamera2end": {"type": "ndarray", "data": [[0.9999614198122581, -0.0072418084482241876, -0.004971428109940935, -0.022638066792999408], [0.00498421632613128, 0.0017489110524093743, 0.9999860493515621, 0.027487175845400707], [-0.007233012834732738, -0.9999722483751886, 0.0017849383189909585, 0.03109520688260429], [0.0, 0.0, 0.0, 1.0]]}, "Hobj2base": {"type": "ndarray", "data": [[0.9999759092690731, -0.006535030517846106, -0.002339713149384476, -0.7345274876711224], [-0.006541809051721101, -0.9999743931835483, -0.0029013292685540165, 0.0826054558070026], [-0.00232069296146699, 0.002916565330070351, -0.9999930539913033, -0.006401743645212153], [0.0, 0.0, 0.0, 1.0]]}, "mean_rme": {"type": "float", "data": 0.0018951526327350783}, "max_rme": {"type": "float", "data": 0.0043546874528311574}, "simu": {"type": "float", "data": 0.002}}, {"type": "dict", "image_number": {"type": "int", "data": 8}, "Hcamera2end": {"type": "ndarray", "data": [[0.9999631703584093, -0.007111976888908205, -0.004803926674142112, -0.022428621166110402], [0.00481354440891588, 0.001335830295965068, 0.9999875225959791, 0.02729088228028601], [-0.007105470919108261, -0.9999738173283099, 0.0013700149144039164, 0.031019332335807684], [0.0, 0.0, 0.0, 1.0]]}, "Hobj2base": {"type": "ndarray", "data": [[0.9999763368691073, -0.006557685242105714, -0.0020790541376330845, -0.7341397349917728], [-0.006563477339700872, -0.9999745639476214, -0.002791455350779807, 0.08287344354865867], [-0.002060695769145336, 0.0028050351209268267, -0.9999939426371129, -0.0063638701801220915], [0.0, 0.0, 0.0, 1.0]]}, "mean_rme": {"type": "float", "data": 0.001772548795167097}, "max_rme": {"type": "float", "data": 0.004418331872534015}, "simu": {"type": "float", "data": 0.002}}, {"type": "dict", "image_number": {"type": "int", "data": 9}, "Hcamera2end": {"type": "ndarray", "data": [[0.9999654513938249, -0.006692338436486804, -0.00493037777413354, -0.02261917627205022], [0.004935001762983506, 0.0006745999949564485, 0.9999875952592844, 0.027037143699044516], [-0.006688929386942153, -0.9999773785046832, 0.0007076033904495072, 0.03152003505020115], [0.0, 0.0, 0.0, 1.0]]}, "Hobj2base": {"type": "ndarray", "data": [[0.9999780964812454, -0.006436276698785698, -0.0015430165267395484, -0.7333763238256705], [-0.006440416972692369, -0.9999756328781595, -0.002693451158311794, 0.08269826867065411], [-0.0015256431309382797, 0.002703329832081792, -0.9999951821988224, -0.006086266206111117], [0.0, 0.0, 0.0, 1.0]]}, "mean_rme": {"type": "float", "data": 0.001938672893507401}, "max_rme": {"type": "float", "data": 0.007388418955207476}, "simu": {"type": "float", "data": 0.002}}, {"type": "dict", "image_number": {"type": "int", "data": 10}, "Hcamera2end": {"type": "ndarray", "data": [[0.9999673008589678, -0.006365388288366667, -0.004987889811233506, -0.022383609903239628], [0.004988146181533161, 2.4400305741356654e-05, 0.9999875588237567, 0.02694937257018236], [-0.006365187389412719, -0.999979740413056, 5.615099515687838e-05, 0.03139757179340412], [0.0, 0.0, 0.0, 1.0]]}, "Hobj2base": {"type": "ndarray", "data": [[0.9999795202566705, -0.006302503998666515, -0.0011124345310393295, -0.7329703490764541], [-0.006305422322295548, -0.9999766366760863, -0.002639649847915839, 0.08282033782178304], [-0.0010957721371494793, 0.002646610158088582, -0.9999958973606311, -0.006208294274648585], [0.0, 0.0, 0.0, 1.0]]}, "mean_rme": {"type": "float", "data": 0.001821982460223633}, "max_rme": {"type": "float", "data": 0.00737253430122603}, "simu": {"type": "float", "data": 0.002}}, {"type": "dict", "image_number": {"type": "int", "data": 11}, "Hcamera2end": {"type": "ndarray", "data": [[0.9999680264505534, -0.006278222915611289, -0.004952776353441129, -0.022591559928442143], [0.004953077067760533, 3.2350395134606025e-05, 0.9999877329152655, 0.0268905710731993], [-0.006277985675846756, -0.9999802912410192, 6.344588272733098e-05, 0.03144976892752907], [0.0, 0.0, 0.0, 1.0]]}, "Hobj2base": {"type": "ndarray", "data": [[0.9999795941445536, -0.006272876464098691, -0.0012092623205924972, -0.7330604342728979], [-0.006276236696646397, -0.9999763973755824, -0.0027952718434750864, 0.08274714268298981], [-0.0011916993838704292, 0.002802804420114289, -0.9999953620592252, -0.006042423944420167], [0.0, 0.0, 0.0, 1.0]]}, "mean_rme": {"type": "float", "data": 0.0017616679753941894}, "max_rme": {"type": "float", "data": 0.007414993707201445}, "simu": {"type": "float", "data": 0.002}}, {"type": "dict", "image_number": {"type": "int", "data": 12}, "Hcamera2end": {"type": "ndarray", "data": [[0.9999666080130187, -0.006479209670335399, -0.004980231017283246, -0.022545809004652112], [0.004980657683612034, 4.971763537697793e-05, 0.9999875952116584, 0.026952426890167955], [-0.006478881691801006, -0.9999790084647802, 8.198670063463975e-05, 0.03141257146112162], [0.0, 0.0, 0.0, 1.0]]}, "Hobj2base": {"type": "ndarray", "data": [[0.9999781866548199, -0.006469367262797439, -0.0013317288602407008, -0.7331358405833135], [-0.0064732589336081526, -0.999974729275487, -0.002939001394262319, 0.08270414769059975], [-0.0013126817270821907, 0.002947557910552118, -0.9999947943709746, -0.006098369065503813], [0.0, 0.0, 0.0, 1.0]]}, "mean_rme": {"type": "float", "data": 0.0016928701180362578}, "max_rme": {"type": "float", "data": 0.0075294291059129215}, "simu": {"type": "float", "data": 0.002}}, {"type": "dict", "image_number": {"type": "int", "data": 13}, "Hcamera2end": {"type": "ndarray", "data": [[0.9999720048369874, -0.005936714293659771, -0.004554664168896715, -0.022582120134016753], [0.004556354878172455, 0.00027129476262222063, 0.9999895829604306, 0.026742593255626074], [-0.005935416794137537, -0.9999823407553492, 0.00029833694481340434, 0.03147246892968995], [0.0, 0.0, 0.0, 1.0]]}, "Hobj2base": {"type": "ndarray", "data": [[0.9999814217281822, -0.005952495418325919, -0.001313010578113301, -0.7331256666590901], [-0.005955951317103291, -0.9999787676622582, -0.0026440250717452243, 0.08299230530805811], [-0.0012972441527037454, 0.0026517961774108327, -0.9999956425578276, -0.005795649003351666], [0.0, 0.0, 0.0, 1.0]]}, "mean_rme": {"type": "float", "data": 0.0017477501530215806}, "max_rme": {"type": "float", "data": 0.007357700595913119}, "simu": {"type": "float", "data": 0.002}}, {"type": "dict", "image_number": {"type": "int", "data": 14}, "Hcamera2end": {"type": "ndarray", "data": [[0.9999704775299201, -0.006022073008660149, -0.004772704187552054, -0.022604083666735914], [0.004774469348452504, 0.0002787729012825313, 0.9999885632986559, 0.02675689603839906], [-0.00602067363541635, -0.9999818282960685, 0.00030751687421193274, 0.03148056397743158], [0.0, 0.0, 0.0, 1.0]]}, "Hobj2base": {"type": "ndarray", "data": [[0.9999807383284555, -0.0060484691666772734, -0.001392477223121873, -0.7331571292324419], [-0.006052736359096049, -0.9999769358952686, -0.0030809187067270907, 0.08282206841309783], [-0.0013738102650786847, 0.003089287660600509, -0.9999942844572194, -0.005868770662547497], [0.0, 0.0, 0.0, 1.0]]}, "mean_rme": {"type": "float", "data": 0.0016576577368660483}, "max_rme": {"type": "float", "data": 0.007383346974164429}, "simu": {"type": "float", "data": 0.002}}, {"type": "dict", "image_number": {"type": "int", "data": 15}, "Hcamera2end": {"type": "ndarray", "data": [[0.9999834889207702, -0.005289374861625574, -0.002245974046386763, -0.022327119580267132], [0.0022500461773406494, 0.0007640451458862385, 0.999997176759622, 0.026534985199103807], [-0.005287643902880963, -0.9999857192723244, 0.0007759338683642758, 0.03147206359523043], [0.0, 0.0, 0.0, 1.0]]}, "Hobj2base": {"type": "ndarray", "data": [[0.9999849653291097, -0.00527222825011192, -0.001507555975071504, -0.7332591303932876], [-0.005273272532402506, -0.9999858584484518, -0.0006895650166952401, 0.08425925386782743], [-0.0015038991117296608, 0.0006975044028265604, -0.9999986258865909, -0.0051028731507282155], [0.0, 0.0, 0.0, 1.0]]}, "mean_rme": {"type": "float", "data": 0.001863359633107695}, "max_rme": {"type": "float", "data": 0.007277528441031023}, "simu": {"type": "float", "data": 0.002}}, {"type": "dict", "image_number": {"type": "int", "data": 16}, "Hcamera2end": {"type": "ndarray", "data": [[0.999982822955875, -0.005535593773844574, -0.0019263942405674758, -0.022490594806497125], [0.0019283399614810003, 0.0003461769209406329, 0.9999980808314248, 0.026413990093960706], [-0.005534916276880238, -0.999984618563261, 0.0003568454813289712, 0.03157461368765354], [0.0, 0.0, 0.0, 1.0]]}, "Hobj2base": {"type": "ndarray", "data": [[0.9999830551831869, -0.00569101515518064, -0.0012254358420373257, -0.7328960900582228], [-0.0056914617160829795, -0.9999837382554668, -0.00036123144563559375, 0.08451410297622819], [-0.0012233601406810802, 0.0003681998458153917, -0.9999991839090874, -0.004881985166619338], [0.0, 0.0, 0.0, 1.0]]}, "mean_rme": {"type": "float", "data": 0.001958528994672087}, "max_rme": {"type": "float", "data": 0.007019257667010836}, "simu": {"type": "float", "data": 0.002}}, {"type": "dict", "image_number": {"type": "int", "data": 17}, "Hcamera2end": {"type": "ndarray", "data": [[0.9999853307934554, -0.0050684565370091115, -0.001910221514922404, -0.02255630865358157], [0.001914368158006431, 0.0008134020711754175, 0.9999978367834732, 0.02637989505373944], [-0.005066891794703526, -0.9999868244759043, 0.0008230930310171303, 0.031490414899151976], [0.0, 0.0, 0.0, 1.0]]}, "Hobj2base": {"type": "ndarray", "data": [[0.9999860974496492, -0.00507200959997597, -0.0014420908565530362, -0.7332824274697822], [-0.005072327224096168, -0.9999871121900041, -0.00021668047486177107, 0.08451521421956028], [-0.0014409732657114538, 0.0002239922191618734, -0.9999989367112014, -0.004782136784874403], [0.0, 0.0, 0.0, 1.0]]}, "mean_rme": {"type": "float", "data": 0.0019618574281639496}, "max_rme": {"type": "float", "data": 0.0072593383327085315}, "simu": {"type": "float", "data": 0.002}}, {"type": "dict", "image_number": {"type": "int", "data": 18}, "Hcamera2end": {"type": "ndarray", "data": [[0.999983832332261, -0.005198454173726942, -0.002304592868211424, -0.0225518733699999], [0.0023080167534737525, 0.0006527323455826073, 0.9999971234954381, 0.02632099209209989], [-0.005196934938041317, -0.9999862749131552, 0.0006647199117481017, 0.03148215170984294], [0.0, 0.0, 0.0, 1.0]]}, "Hobj2base": {"type": "ndarray", "data": [[0.9999854475038027, -0.005237604935149218, -0.0012931647856443355, -0.7331113088357921], [-0.005238072699491071, -0.999986216905558, -0.00035859908762810554, 0.0844691774834975], [-0.0012912687614808644, 0.00036536756027587324, -0.9999990995653605, -0.0048699814999572716], [0.0, 0.0, 0.0, 1.0]]}, "mean_rme": {"type": "float", "data": 0.001931896351404494}, "max_rme": {"type": "float", "data": 0.007170342266753449}, "simu": {"type": "float", "data": 0.002}}, {"type": "dict", "image_number": {"type": "int", "data": 19}, "Hcamera2end": {"type": "ndarray", "data": [[0.9999838576627216, -0.00514092962471741, -0.0024197637437324837, -0.022330173461858525], [0.002424559877546934, 0.0009269038603687552, 0.9999966311736423, 0.026667614876093017], [-0.005138669417462943, -0.9999863557528308, 0.0009393533896753237, 0.033471180304021464], [0.0, 0.0, 0.0, 1.0]]}, "Hobj2base": {"type": "ndarray", "data": [[0.9999861404589336, -0.005045320692779316, -0.0015045361919120968, -0.735202701362928], [-0.005046099569148878, -0.9999871360842916, -0.0005143394553310114, 0.0846091790980199], [-0.0015019218301882491, 0.0005219243662519848, -0.9999987359120872, -0.005294078825195009], [0.0, 0.0, 0.0, 1.0]]}, "mean_rme": {"type": "float", "data": 0.0019969729004773143}, "max_rme": {"type": "float", "data": 0.007137519850835217}, "simu": {"type": "float", "data": 0.002}}, {"type": "dict", "image_number": {"type": "int", "data": 20}, "Hcamera2end": {"type": "ndarray", "data": [[0.9999864595847119, -0.004591779236795992, -0.0024487161276520175, -0.022470950641606816], [0.0024528619562596, 0.0008974665774628132, 0.9999965890051657, 0.026493447069896297], [-0.004589565933378472, -0.9999890549986951, 0.0009087174259940767, 0.033398028513062755], [0.0, 0.0, 0.0, 1.0]]}, "Hobj2base": {"type": "ndarray", "data": [[0.9999886046919741, -0.004627678272018322, -0.0011726380555484952, -0.7351213909130385], [-0.0046283590571358545, -0.9999891217492807, -0.0005785114867311255, 0.0845014314752176], [-0.0011699481342604652, 0.0005839322843796779, -0.9999991451218595, -0.005167287930682757], [0.0, 0.0, 0.0, 1.0]]}, "mean_rme": {"type": "float", "data": 0.0019788984446320558}, "max_rme": {"type": "float", "data": 0.0071388098878375494}, "simu": {"type": "float", "data": 0.002}}, {"type": "dict", "image_number": {"type": "int", "data": 21}, "Hcamera2end": {"type": "ndarray", "data": [[0.9999874099486029, -0.004319186840724932, -0.002554323652089147, -0.022390779126548056], [0.002558368879605581, 0.0009313059966199466, 0.9999962937020398, 0.025479740403451773], [-0.004316791975597057, -0.9999902385994451, 0.0009423443446281432, 0.034133476910174446], [0.0, 0.0, 0.0, 1.0]]}, "Hobj2base": {"type": "ndarray", "data": [[0.9999899350114124, -0.004345203216829969, -0.001117624657737985, -0.7360450293165253], [-0.004346003882929733, -0.9999903004858324, -0.0007149716811574054, 0.08393813392922923], [-0.0011145071200728755, 0.0007198216860777814, -0.9999991198649227, -0.004381771723074571], [0.0, 0.0, 0.0, 1.0]]}, "mean_rme": {"type": "float", "data": 0.0019880389857024994}, "max_rme": {"type": "float", "data": 0.0073018903851969075}, "simu": {"type": "float", "data": 0.002}}, {"type": "dict", "image_number": {"type": "int", "data": 22}, "Hcamera2end": {"type": "ndarray", "data": [[0.9999879768729409, -0.004186275503781912, -0.0025536653987913577, -0.022436637903381497], [0.0025557571763703156, 0.0004944016788560601, 0.9999966118303778, 0.026618887367484592], [-0.004184998783510021, -0.9999911152927241, 0.0005050948382628873, 0.0342706211689396], [0.0, 0.0, 0.0, 1.0]]}, "Hobj2base": {"type": "ndarray", "data": [[0.9999901219648692, -0.004365289310239478, -0.0008367926408819407, -0.7359024378759905], [-0.004365916154852739, -0.9999901890291822, -0.0007487466255435734, 0.08454361838798671], [-0.0008335159354931972, 0.0007523925959071906, -0.9999993695780847, -0.005401312764519109], [0.0, 0.0, 0.0, 1.0]]}, "mean_rme": {"type": "float", "data": 0.0019922331766958758}, "max_rme": {"type": "float", "data": 0.007206242857693501}, "simu": {"type": "float", "data": 0.002}}, {"type": "dict", "image_number": {"type": "int", "data": 23}, "Hcamera2end": {"type": "ndarray", "data": [[0.9999897916858137, -0.003858304690784171, -0.002351597133006788, -0.022480136732974273], [0.0023537783645207365, 0.0005608907894525395, 0.9999970725601818, 0.026859831089529215], [-0.0038569744066569802, -0.9999923994143335, 0.0005699666578079521, 0.033881256939010757], [0.0, 0.0, 0.0, 1.0]]}, "Hobj2base": {"type": "ndarray", "data": [[0.999991736675173, -0.003981358058298313, -0.000821808604901686, -0.7355862372946124], [-0.003981863235771958, -0.9999918838540078, -0.0006139961598728251, 0.08465161820494772], [-0.0008193573964241969, 0.0006172634156938127, -0.9999994738195279, -0.00554566344470877], [0.0, 0.0, 0.0, 1.0]]}, "mean_rme": {"type": "float", "data": 0.0019250099254941504}, "max_rme": {"type": "float", "data": 0.0072255662540734455}, "simu": {"type": "float", "data": 0.002}}, {"type": "dict", "image_number": {"type": "int", "data": 24}, "Hcamera2end": {"type": "ndarray", "data": [[0.9999897133352255, -0.0038499709661646815, -0.0023981132778348453, -0.02250435679413563], [0.002400102237225573, 0.0005120796883456569, 0.9999969886372876, 0.02680451935267434], [-0.0038487313474057394, -0.9999924577205331, 0.0005213147446827548, 0.0336741939937267], [0.0, 0.0, 0.0, 1.0]]}, "Hobj2base": {"type": "ndarray", "data": [[0.9999917795462433, -0.003972167930453134, -0.0008140773119242242, -0.7353850613551138], [-0.003972704572030761, -0.9999918918672293, -0.0006586487554888249, 0.08460262527678535], [-0.0008114544478133078, 0.0006618774297562564, -0.9999994517298232, -0.005491217766189782], [0.0, 0.0, 0.0, 1.0]]}, "mean_rme": {"type": "float", "data": 0.0018686685869206204}, "max_rme": {"type": "float", "data": 0.0072493693269144455}, "simu": {"type": "float", "data": 0.002}}, {"type": "dict", "image_number": {"type": "int", "data": 25}, "Hcamera2end": {"type": "ndarray", "data": [[0.9999900716638708, -0.0038218200604700457, -0.002291345698907924, -0.022498095115093812], [0.002293043076883947, 0.0004398055018040026, 0.9999972742585695, 0.026295560539916638], [-0.0038208018967318506, -0.999992600103894, 0.000448564733297907, 0.033960687851981385], [0.0, 0.0, 0.0, 1.0]]}, "Hobj2base": {"type": "ndarray", "data": [[0.9999918453330733, -0.003964494981946764, -0.0007694458349771301, -0.7357188046098441], [-0.0039649526985444765, -0.9999919629736782, -0.0005942542786142156, 0.08443494442087791], [-0.000767083732815135, 0.0005973002490082801, -0.9999995274073679, -0.005031286796640115], [0.0, 0.0, 0.0, 1.0]]}, "mean_rme": {"type": "float", "data": 0.001844245310096276}, "max_rme": {"type": "float", "data": 0.0073290765024800475}, "simu": {"type": "float", "data": 0.002}}, {"type": "dict", "image_number": {"type": "int", "data": 26}, "Hcamera2end": {"type": "ndarray", "data": [[0.999991996631882, -0.0032996801304158423, -0.0022624728106569055, -0.022470007911198714], [0.002264566935649237, 0.0006310468030704675, 0.9999972367544454, 0.026949407168447966], [-0.003298243286355191, -0.9999943569295626, 0.0006385140990922133, 0.034067230814773294], [0.0, 0.0, 0.0, 1.0]]}, "Hobj2base": {"type": "ndarray", "data": [[0.9999939345079308, -0.0034052671206189693, -0.0007315074745438374, -0.7358924797813668], [-0.0034056820661521937, -0.999994040042911, -0.0005667524338505341, 0.08467330464601944], [-0.0007295731713621568, 0.0005692402781054516, -0.9999995718441552, -0.005597341772494068], [0.0, 0.0, 0.0, 1.0]]}, "mean_rme": {"type": "float", "data": 0.0018477247222645}, "max_rme": {"type": "float", "data": 0.007286824344890086}, "simu": {"type": "float", "data": 0.002}}, {"type": "dict", "image_number": {"type": "int", "data": 27}, "Hcamera2end": {"type": "ndarray", "data": [[0.9999946714356196, -0.0028074530790391395, -0.0016659254413915222, -0.022399796284218926], [0.0016682370366822923, 0.0008212375571277075, 0.9999982712755379, 0.027213286052575742], [-0.0028060801051864796, -0.9999957218788907, 0.0008259166783157745, 0.034877441816637884], [0.0, 0.0, 0.0, 1.0]]}, "Hobj2base": {"type": "ndarray", "data": [[0.9999955001445513, -0.0029165863193199295, -0.0007022925961445403, -0.7368035053751628], [-0.0029165908899101926, -0.9999957467247076, -5.484035295531256e-06, 0.08503949526118751], [-0.0007022736144384757, 7.532310806131695e-06, -0.9999997533774865, -0.005686456673409758], [0.0, 0.0, 0.0, 1.0]]}, "mean_rme": {"type": "float", "data": 0.0018577457514490812}, "max_rme": {"type": "float", "data": 0.007291677828802801}, "simu": {"type": "float", "data": 0.002}}, {"type": "dict", "image_number": {"type": "int", "data": 28}, "Hcamera2end": {"type": "ndarray", "data": [[0.9999965753771468, -0.0020813709560267117, -0.0015865462242534395, -0.02241246354994555], [0.0015889818617661601, 0.0011690770212035018, 0.9999980541958876, 0.02767183416375178], [-0.002079512111352694, -0.9999971505728712, 0.001172380278252394, 0.035109606851615106], [0.0, 0.0, 0.0, 1.0]]}, "Hobj2base": {"type": "ndarray", "data": [[0.9999975253294064, -0.0021235366622996215, -0.0006632700106079409, -0.7371903114531003], [-0.002123490637930417, -0.9999977429351414, 7.008661378046675e-05, 0.08522548359106305], [-0.0006634173450584074, -6.867799268123866e-05, -0.9999997775803551, -0.006049341799272273], [0.0, 0.0, 0.0, 1.0]]}, "mean_rme": {"type": "float", "data": 0.0018625315477109035}, "max_rme": {"type": "float", "data": 0.007262168992943241}, "simu": {"type": "float", "data": 0.002}}, {"type": "dict", "image_number": {"type": "int", "data": 29}, "Hcamera2end": {"type": "ndarray", "data": [[0.9999970517833863, -0.002201364609604039, -0.0010248992102488462, -0.022348059607370928], [0.0010265495117197307, 0.0007486729953165572, 0.9999991928420974, 0.027229576776511135], [-0.002200595518393563, -0.999997296737647, 0.0007509305978314895, 0.035538041845411754], [0.0, 0.0, 0.0, 1.0]]}, "Hobj2base": {"type": "ndarray", "data": [[0.9999969095582502, -0.002453807748956773, -0.00039962667572284225, -0.737473097731548], [-0.0024536016822158746, -0.9999968571347191, 0.0005153246249696013, 0.08532557522738217], [-0.00040088992730801643, -0.0005143425077050538, -0.9999997873695028, -0.005589615873695742], [0.0, 0.0, 0.0, 1.0]]}, "mean_rme": {"type": "float", "data": 0.0018698759417315831}, "max_rme": {"type": "float", "data": 0.007326765360386733}, "simu": {"type": "float", "data": 0.002}}, {"type": "dict", "image_number": {"type": "int", "data": 30}, "Hcamera2end": {"type": "ndarray", "data": [[0.9999965110820117, -0.002307338825298408, -0.0012860837255984823, -0.022286340846137707], [0.0012875403953058612, 0.0006299459611478486, 0.9999989727033807, 0.02752780615230719], [-0.002306526291728394, -0.999997139673725, 0.0006329145552612658, 0.036146013720191654], [0.0, 0.0, 0.0, 1.0]]}, "Hobj2base": {"type": "ndarray", "data": [[0.9999966529426255, -0.0025679437353507755, -0.00031586154930211374, -0.737973182648993], [-0.0025678722989091055, -0.99999667739058, 0.0002263617831840843, 0.08536853862626605], [-0.000316441784140605, -0.0002255499334154652, -0.9999999244959097, -0.005991570271553844], [0.0, 0.0, 0.0, 1.0]]}, "mean_rme": {"type": "float", "data": 0.0018934650439245654}, "max_rme": {"type": "float", "data": 0.007269251024406231}, "simu": {"type": "float", "data": 0.002}}]}