{"type": "list", "data": [{"type": "dict", "image_number": {"type": "int", "data": 5}, "Hcamera2end": {"type": "ndarray", "data": [[0.999999303463309, -0.0006780832726319742, -0.0009660620954186178, -0.01600305903374731], [0.0009660918234073146, 4.351503016564173e-05, 0.9999995323864059, 0.04402711759087626], [-0.0006780409173297941, -0.999999769154732, 4.41700905611242e-05, 0.031135050790384203], [0.0, 0.0, 0.0, 1.0]]}, "Hobj2base": {"type": "ndarray", "data": [[0.9999990128257964, -0.0009820582825846068, 0.0010049422681564512, -0.7348966003897751], [-0.00098368094195596, -0.9999982113274284, 0.0016154608469145654, 0.09225075007224878], [0.0010033539939388765, -0.0016164477947302417, -0.999998190187007, -0.00894932379571769], [0.0, 0.0, 0.0, 1.0]]}, "mean_rme": {"type": "float", "data": 0.0017085178008855125}, "max_rme": {"type": "float", "data": 0.006833710458753306}, "simu": {"type": "float", "data": 0.002}}, {"type": "dict", "image_number": {"type": "int", "data": 6}, "Hcamera2end": {"type": "ndarray", "data": [[0.9999992670936338, -0.0009246816452390796, -0.0007815216248238055, -0.015458148825230323], [0.0007805893694984512, -0.0010081223047733179, 0.9999991871844969, 0.043669886910208455], [-0.0009254687630251506, -0.9999990643261989, -0.0010073997692516823, 0.03174421220513352], [0.0, 0.0, 0.0, 1.0]]}, "Hobj2base": {"type": "ndarray", "data": [[0.9999975628344562, -0.0012369756045478822, 0.0018287199079334811, -0.734008216080453], [-0.0012384978369837682, -0.9999988873603927, 0.0008315053131353886, 0.09169096909894216], [0.0018276893214398792, -0.0008337681522697147, -0.9999979821891711, -0.008714682444058467], [0.0, 0.0, 0.0, 1.0]]}, "mean_rme": {"type": "float", "data": 0.002250865972481923}, "max_rme": {"type": "float", "data": 0.007099506213850831}, "simu": {"type": "float", "data": 0.002}}, {"type": "dict", "image_number": {"type": "int", "data": 7}, "Hcamera2end": {"type": "ndarray", "data": [[0.9999988629047093, -0.001235213552881678, -0.0008651224001190064, -0.01533555919784578], [0.0008634002928162644, -0.0013940310186402183, 0.9999986556078229, 0.043416659454557846], [-0.001236417899730927, -0.9999982654609945, -0.0013929629497508866, 0.0319842833084855], [0.0, 0.0, 0.0, 1.0]]}, "Hobj2base": {"type": "ndarray", "data": [[0.9999976776947496, -0.0014815670784104418, 0.0015651083348812145, -0.7340702502396922], [-0.0014826775260683156, -0.9999986497897797, 0.0007085802499195539, 0.09148604204314494], [0.0015640564124852526, -0.0007108991553339097, -0.9999985241738754, -0.008492658635348014], [0.0, 0.0, 0.0, 1.0]]}, "mean_rme": {"type": "float", "data": 0.0020544991903434233}, "max_rme": {"type": "float", "data": 0.0068687974801183715}, "simu": {"type": "float", "data": 0.002}}, {"type": "dict", "image_number": {"type": "int", "data": 8}, "Hcamera2end": {"type": "ndarray", "data": [[0.9999989128544864, -0.0012233531691429357, -0.0008232234623515209, -0.015426051203383289], [0.0008206972813782467, -0.0020640338784818635, 0.9999975331070174, 0.04305756393644408], [-0.0012250493123774427, -0.9999971215814432, -0.0020630276319566487, 0.03199182104374014], [0.0, 0.0, 0.0, 1.0]]}, "Hobj2base": {"type": "ndarray", "data": [[0.9999968589670198, -0.0014472582890668166, 0.002046338080304237, -0.7334737950276345], [-0.0014482406407484987, -0.9999988367444108, 0.0004786531857996046, 0.09100553775730258], [0.0020456429650992907, -0.00048161527230676987, -0.9999977916933565, -0.008612758164405501], [0.0, 0.0, 0.0, 1.0]]}, "mean_rme": {"type": "float", "data": 0.00214061619347611}, "max_rme": {"type": "float", "data": 0.006944182001300869}, "simu": {"type": "float", "data": 0.002}}, {"type": "dict", "image_number": {"type": "int", "data": 9}, "Hcamera2end": {"type": "ndarray", "data": [[0.9999990645464246, -0.0010167571842985953, -0.0009149377595305403, -0.015079062193521479], [0.0009133949527780678, -0.0015168095667954518, 0.9999984324979706, 0.04300943657557103], [-0.0010181433768763238, -0.9999983327453933, -0.00151587944701026, 0.03185404477198339], [0.0, 0.0, 0.0, 1.0]]}, "Hobj2base": {"type": "ndarray", "data": [[0.9999978489782891, -0.0012144670709040982, 0.0016814007637848641, -0.7336896626564955], [-0.001214893087690375, -0.9999992301712857, 0.0002523719898503451, 0.09086708409767795], [0.0016810929719229845, -0.00025441416915827534, -0.9999985545988803, -0.008314431570974853], [0.0, 0.0, 0.0, 1.0]]}, "mean_rme": {"type": "float", "data": 0.0020802740466453018}, "max_rme": {"type": "float", "data": 0.006916007764243143}, "simu": {"type": "float", "data": 0.002}}, {"type": "dict", "image_number": {"type": "int", "data": 10}, "Hcamera2end": {"type": "ndarray", "data": [[0.9999985536761627, -0.001061494029661951, -0.0013288626744821165, -0.014611672024242843], [0.0013273011187343014, -0.001470444696751727, 0.9999980380301424, 0.04315499264135521], [-0.0010634459661150644, -0.9999983555100572, -0.0014690336477993782, 0.031883318807869834], [0.0, 0.0, 0.0, 1.0]]}, "Hobj2base": {"type": "ndarray", "data": [[0.9999977259792726, -0.001317923551510118, 0.0016766376459879826, -0.7337918356453299], [-0.0013172889497025167, -0.9999990603473743, -0.0003795447162802178, 0.0908565133518443], [0.001677136281451453, 0.00037733523694395086, -0.9999985224149146, -0.00812952082045904], [0.0, 0.0, 0.0, 1.0]]}, "mean_rme": {"type": "float", "data": 0.002104385096550314}, "max_rme": {"type": "float", "data": 0.0069745295037774435}, "simu": {"type": "float", "data": 0.002}}, {"type": "dict", "image_number": {"type": "int", "data": 11}, "Hcamera2end": {"type": "ndarray", "data": [[0.9999990366448894, -0.0011103279762626763, -0.0008329952450531581, -0.014678436732694611], [0.000831298218803955, -0.001527987118071561, 0.9999984870981747, 0.042921266016653206], [-0.0011115991024493105, -0.999998216211985, -0.0015270626324084269, 0.031832317981759076], [0.0, 0.0, 0.0, 1.0]]}, "Hobj2base": {"type": "ndarray", "data": [[0.9999979751806521, -0.0013005883678369303, 0.0015356120907711495, -0.7337955590810825], [-0.0013010737845467785, -0.9999991039434397, 0.000315149687948184, 0.09097063424792363], [0.001535200834757588, -0.00031714699446153377, -0.9999987712873359, -0.008033319744564787], [0.0, 0.0, 0.0, 1.0]]}, "mean_rme": {"type": "float", "data": 0.002003172788132515}, "max_rme": {"type": "float", "data": 0.006711977353013321}, "simu": {"type": "float", "data": 0.002}}, {"type": "dict", "image_number": {"type": "int", "data": 12}, "Hcamera2end": {"type": "ndarray", "data": [[0.9999990224251846, -0.0010242786838642662, -0.0009518412960808738, -0.01474966531737431], [0.0009503462285465266, -0.0014591277736466512, 0.9999984838929435, 0.04280727953268329], [-0.0010256659890193415, -0.9999984108983963, -0.0014581529278558936, 0.031772025716280024], [0.0, 0.0, 0.0, 1.0]]}, "Hobj2base": {"type": "ndarray", "data": [[0.9999981581399405, -0.0012342277464635891, 0.0014698294446821684, -0.7338793903249082], [-0.0012343704905349686, -0.9999992335359928, 9.62128805691424e-05, 0.09068945495136804], [0.0014697095695040373, -9.802701745111555e-05, -0.999998915171654, -0.00806401908988682], [0.0, 0.0, 0.0, 1.0]]}, "mean_rme": {"type": "float", "data": 0.0019135638942913914}, "max_rme": {"type": "float", "data": 0.0065860187573534845}, "simu": {"type": "float", "data": 0.002}}, {"type": "dict", "image_number": {"type": "int", "data": 13}, "Hcamera2end": {"type": "ndarray", "data": [[0.9999987518054282, -0.0010333785572947552, -0.0011952055651661012, -0.014991194137976163], [0.0011937372349473964, -0.0014203536808694572, 0.9999982787919364, 0.04272701807984299], [-0.001035074393259129, -0.9999984573608995, -0.0014191183255300999, 0.03174741416827093], [0.0, 0.0, 0.0, 1.0]]}, "Hobj2base": {"type": "ndarray", "data": [[0.9999982369303237, -0.0012028830599645221, 0.001441946111356667, -0.7338811685766908], [-0.0012025336059461422, -0.9999992473851567, -0.00024319137761674841, 0.09041100910833409], [0.0014422375569150853, 0.0002414569601965353, -0.9999989308241111, -0.008197914163074228], [0.0, 0.0, 0.0, 1.0]]}, "mean_rme": {"type": "float", "data": 0.0018355762359046426}, "max_rme": {"type": "float", "data": 0.006570770977809726}, "simu": {"type": "float", "data": 0.002}}, {"type": "dict", "image_number": {"type": "int", "data": 14}, "Hcamera2end": {"type": "ndarray", "data": [[0.9999972898262841, -0.0021321964760982227, -0.000934921533580865, -0.014796490420022118], [0.0009311614787435174, -0.0017637769041467521, 0.9999980110126885, 0.04261839254956768], [-0.002133841228194605, -0.9999961714072809, -0.0017617867047812208, 0.031964102619500785], [0.0, 0.0, 0.0, 1.0]]}, "Hobj2base": {"type": "ndarray", "data": [[0.999995922064977, -0.0022459995887964723, 0.0017638988813424342, -0.7332938848274981], [-0.002246087662237739, -0.999997476392237, 4.7951764479140353e-05, 0.09057990774244716], [0.0017637867303102214, -5.191344044977876e-05, -0.9999984431794708, -0.007978505628877194], [0.0, 0.0, 0.0, 1.0]]}, "mean_rme": {"type": "float", "data": 0.0020317676867822407}, "max_rme": {"type": "float", "data": 0.00687473580781478}, "simu": {"type": "float", "data": 0.002}}, {"type": "dict", "image_number": {"type": "int", "data": 15}, "Hcamera2end": {"type": "ndarray", "data": [[0.9999989973655131, -0.0012378796457702492, -0.0006876932100183743, -0.015026765852238697], [0.0006857975441843522, -0.0015311549879060138, 0.9999985926220754, 0.0426811167970243], [-0.0012389308684944312, -0.9999980616073141, -0.0015303045178960417, 0.031841750927318106], [0.0, 0.0, 0.0, 1.0]]}, "Hobj2base": {"type": "ndarray", "data": [[0.999997856033603, -0.0013487655664941728, 0.0015712287051732109, -0.7337121955193663], [-0.0013491592656358254, -0.9999990587504066, 0.00024953471972134035, 0.0905867819656956], [0.0015708906624172265, -0.00025165402249330385, -0.999998734485589, -0.007952510119209066], [0.0, 0.0, 0.0, 1.0]]}, "mean_rme": {"type": "float", "data": 0.002044881531905472}, "max_rme": {"type": "float", "data": 0.00664059443604037}, "simu": {"type": "float", "data": 0.002}}, {"type": "dict", "image_number": {"type": "int", "data": 16}, "Hcamera2end": {"type": "ndarray", "data": [[0.9999990089361412, -0.0008508272422388259, -0.0011217039445294362, -0.01519337079247075], [0.0011204669688949151, -0.0014529365470106193, 0.9999983167631646, 0.042593651322596245], [-0.0008524555747510033, -0.9999985825331928, -0.0014519817832365778, 0.03178649556769656], [0.0, 0.0, 0.0, 1.0]]}, "Hobj2base": {"type": "ndarray", "data": [[0.9999983784484261, -0.0009722272669857232, 0.0015158742228932958, -0.7338501037611015], [-0.0009718063545944447, -0.9999994890479216, -0.00027838158172129393, 0.09006399237405596], [0.001516144098518587, 0.0002769079941086284, -0.9999988123138124, -0.008034506288401109], [0.0, 0.0, 0.0, 1.0]]}, "mean_rme": {"type": "float", "data": 0.001988708664175962}, "max_rme": {"type": "float", "data": 0.00657657401748829}, "simu": {"type": "float", "data": 0.002}}, {"type": "dict", "image_number": {"type": "int", "data": 17}, "Hcamera2end": {"type": "ndarray", "data": [[0.9999997705040566, -0.000477355656713732, -0.0004807529626179398, -0.015200675541984137], [0.000480097500559116, -0.0013722769616013597, 0.9999989431806067, 0.04258522473531615], [-0.0004780148784498389, -0.9999989444932016, -0.0013720474694118856, 0.03175571757620683], [0.0, 0.0, 0.0, 1.0]]}, "Hobj2base": {"type": "ndarray", "data": [[0.9999987323321602, -0.0005912213192618633, 0.001478442228920161, -0.7339790884683854], [-0.0005917351701184696, -0.9999997646684731, 0.00034714908431160375, 0.09022731969247799], [0.0014782366390564865, -0.0003480234905057143, -0.9999988468473795, -0.007814860337589609], [0.0, 0.0, 0.0, 1.0]]}, "mean_rme": {"type": "float", "data": 0.0019229732417799785}, "max_rme": {"type": "float", "data": 0.00645168633995305}, "simu": {"type": "float", "data": 0.002}}, {"type": "dict", "image_number": {"type": "int", "data": 18}, "Hcamera2end": {"type": "ndarray", "data": [[0.9999981151181837, -0.0003144128139287957, -0.0019159605064332868, -0.015460057024453225], [0.0019155477484811424, -0.001307881523710197, 0.9999973100577537, 0.04243169732963194], [-0.0003169178175230075, -0.9999990952948419, -0.0013072767857502665, 0.031721107141176645], [0.0, 0.0, 0.0, 1.0]]}, "Hobj2base": {"type": "ndarray", "data": [[0.9999988364183404, -0.00040022987460252885, 0.001472065899596763, -0.7340059447476341], [-0.0003987541853402155, -0.9999994178756175, -0.001002618335365067, 0.08922158750956706], [0.0014724663204819472, 0.0010020301762981995, -0.999998413887973, -0.008091557672571692], [0.0, 0.0, 0.0, 1.0]]}, "mean_rme": {"type": "float", "data": 0.0019078195995373875}, "max_rme": {"type": "float", "data": 0.006552319485703534}, "simu": {"type": "float", "data": 0.002}}, {"type": "dict", "image_number": {"type": "int", "data": 19}, "Hcamera2end": {"type": "ndarray", "data": [[0.9999982188391491, -0.000635613488955108, -0.0017771646018301247, -0.015393196935905826], [0.0017763715035208068, -0.001246163750496132, 0.9999976457873232, 0.042575775349823784], [-0.0006378266306912403, -0.9999990215352212, -0.0012450324451889205, 0.03238349439609748], [0.0, 0.0, 0.0, 1.0]]}, "Hobj2base": {"type": "ndarray", "data": [[0.9999989642086318, -0.0007001145825363239, 0.0012575457188480452, -0.7346832117438999], [-0.0006990878947823511, -0.9999994221581114, -0.0008166759206080686, 0.0892896705995202], [0.0012581167589066757, 0.0008157959397130174, -0.9999988758089713, -0.008218834555221351], [0.0, 0.0, 0.0, 1.0]]}, "mean_rme": {"type": "float", "data": 0.001872589135641979}, "max_rme": {"type": "float", "data": 0.006478970907432352}, "simu": {"type": "float", "data": 0.002}}, {"type": "dict", "image_number": {"type": "int", "data": 20}, "Hcamera2end": {"type": "ndarray", "data": [[0.999997621589054, -0.0009495832167707467, -0.0019634428816757993, -0.015324515859365484], [0.0019621046154426106, -0.0014082037433673644, 0.9999970835495949, 0.04245075588990597], [-0.000952345374974253, -0.9999985576259257, -0.0014063372124677453, 0.03214580889535494], [0.0, 0.0, 0.0, 1.0]]}, "Hobj2base": {"type": "ndarray", "data": [[0.9999986610494519, -0.0010320900359174498, 0.0012699171080039877, -0.7344089809143124], [-0.0010308748962611193, -0.9999990105817183, -0.0009571481244148185, 0.08931675526209353], [0.0012709037145668906, 0.0009558377171738388, -0.9999987355882036, -0.008080477372528802], [0.0, 0.0, 0.0, 1.0]]}, "mean_rme": {"type": "float", "data": 0.001803996941470797}, "max_rme": {"type": "float", "data": 0.006422913898666782}, "simu": {"type": "float", "data": 0.002}}, {"type": "dict", "image_number": {"type": "int", "data": 21}, "Hcamera2end": {"type": "ndarray", "data": [[0.999997431759931, -0.0011456319099026266, -0.0019555053231890903, -0.015265164175831753], [0.0019537609790674306, -0.001521750014443768, 0.9999969335427634, 0.04245456374004097], [-0.0011486041871251746, -0.9999981859005647, -0.0015195078153025232, 0.032329328547723926], [0.0, 0.0, 0.0, 1.0]]}, "Hobj2base": {"type": "ndarray", "data": [[0.9999984798591767, -0.001224757243210769, 0.0012410676979642658, -0.7345711472762969], [-0.0012236317307675584, -0.9999988398159128, -0.0009072442975833784, 0.08934864717635657], [0.0012421774121220985, 0.0009057243086290251, -0.9999988183286783, -0.008091940772564445], [0.0, 0.0, 0.0, 1.0]]}, "mean_rme": {"type": "float", "data": 0.00175089916644655}, "max_rme": {"type": "float", "data": 0.00646018069667198}, "simu": {"type": "float", "data": 0.002}}, {"type": "dict", "image_number": {"type": "int", "data": 22}, "Hcamera2end": {"type": "ndarray", "data": [[0.999997397996823, -0.0011120153013460326, -0.0019918387367548356, -0.01512103122878371], [0.0019900475655239562, -0.0016095328674896603, 0.9999967245519534, 0.042814404497396485], [-0.0011152175889112318, -0.9999980864111282, -0.0016073157161367035, 0.03207716591519821], [0.0, 0.0, 0.0, 1.0]]}, "Hobj2base": {"type": "ndarray", "data": [[0.9999986586897356, -0.0011747176469437154, 0.0011413400805938845, -0.7343105776486898], [-0.001173687784474264, -0.9999989039038164, -0.0009025786116776351, 0.08929701687689243], [0.0011423991045982696, 0.000901237824129155, -0.9999989413467747, -0.008417265451031797], [0.0, 0.0, 0.0, 1.0]]}, "mean_rme": {"type": "float", "data": 0.001734283275356301}, "max_rme": {"type": "float", "data": 0.006480211815483972}, "simu": {"type": "float", "data": 0.002}}, {"type": "dict", "image_number": {"type": "int", "data": 23}, "Hcamera2end": {"type": "ndarray", "data": [[0.9999968042272204, -0.0016873937894517964, -0.001882614550436133, -0.015223459642419876], [0.001879878147447597, -0.0016217958653150788, 0.9999969179134115, 0.042759118437283014], [-0.0016904418052519075, -0.9999972612364351, -0.00161861858771295, 0.032692827397074097], [0.0, 0.0, 0.0, 1.0]]}, "Hobj2base": {"type": "ndarray", "data": [[0.9999979340473191, -0.0017682037643213292, 0.0010026746937420582, -0.7349078903209986], [-0.0017675166138993001, -0.9999982027869938, -0.0006857899109302219, 0.08959193900859007], [0.0010038855080240982, 0.0006840162499411914, -0.9999992621675562, -0.008350947522754015], [0.0, 0.0, 0.0, 1.0]]}, "mean_rme": {"type": "float", "data": 0.0018091916253725544}, "max_rme": {"type": "float", "data": 0.00651188434353861}, "simu": {"type": "float", "data": 0.002}}, {"type": "dict", "image_number": {"type": "int", "data": 24}, "Hcamera2end": {"type": "ndarray", "data": [[0.9999969693653051, -0.0013863359978289694, -0.0020345350097817714, -0.01523992137012185], [0.0020322895287088263, -0.0016192117593134547, 0.9999966239705763, 0.04230635561241353], [-0.0013896256605304231, -0.9999977281103091, -0.001616389415942443, 0.0327182791474332], [0.0, 0.0, 0.0, 1.0]]}, "Hobj2base": {"type": "ndarray", "data": [[0.9999984108157474, -0.0015033220264282208, 0.0009583260742521111, -0.735060566303785], [-0.0015023971107050792, -0.9999984056649847, -0.0009651271470906657, 0.08951263687564669], [0.0009597754432578203, 0.0009636858270007319, -0.9999990750699348, -0.007949746678362768], [0.0, 0.0, 0.0, 1.0]]}, "mean_rme": {"type": "float", "data": 0.0017648467920174707}, "max_rme": {"type": "float", "data": 0.006624715244047619}, "simu": {"type": "float", "data": 0.002}}, {"type": "dict", "image_number": {"type": "int", "data": 25}, "Hcamera2end": {"type": "ndarray", "data": [[0.9999967988639944, -0.00162728548749114, -0.001937576761364039, -0.015219783546319171], [0.0019348802216814882, -0.001657021201436626, 0.9999967552543685, 0.042041506527832825], [-0.0016304908131366553, -0.9999973031077032, -0.0016538672945816124, 0.032088169446054096], [0.0, 0.0, 0.0, 1.0]]}, "Hobj2base": {"type": "ndarray", "data": [[0.9999980801130197, -0.0017438147686967373, 0.0008938010555954206, -0.73446581231253], [-0.0017430887250117408, -0.9999981507844904, -0.0008124464884918471, 0.08969648046436633], [0.0008952161589500539, 0.0008108869541439997, -0.9999992705249221, -0.007594583623257139], [0.0, 0.0, 0.0, 1.0]]}, "mean_rme": {"type": "float", "data": 0.0017852352630754154}, "max_rme": {"type": "float", "data": 0.006692940842092154}, "simu": {"type": "float", "data": 0.002}}, {"type": "dict", "image_number": {"type": "int", "data": 26}, "Hcamera2end": {"type": "ndarray", "data": [[0.9999955637757941, -0.0021974352362774062, -0.0020108970918733993, -0.015172577010976775], [0.002007171559874171, -0.001696292302528546, 0.9999965469214149, 0.042265045639827054], [-0.0022008387176189717, -0.9999961469279803, -0.001691874147884631, 0.032493098589998305], [0.0, 0.0, 0.0, 1.0]]}, "Hobj2base": {"type": "ndarray", "data": [[0.9999970846219729, -0.0022775113537778567, 0.0008023026786855828, -0.7347863993843744], [-0.0022768763686932905, -0.9999970946928347, -0.0007914795584220362, 0.08968343432487995], [0.0008041029514304509, 0.0007896505069502842, -0.9999993649350585, -0.00783820113877853], [0.0, 0.0, 0.0, 1.0]]}, "mean_rme": {"type": "float", "data": 0.0017791844974532004}, "max_rme": {"type": "float", "data": 0.006657218799640319}, "simu": {"type": "float", "data": 0.002}}, {"type": "dict", "image_number": {"type": "int", "data": 27}, "Hcamera2end": {"type": "ndarray", "data": [[0.9999948922786205, -0.0020878024281292323, -0.002420020184084674, -0.01527866650300308], [0.002416672385992769, -0.001604538658194432, 0.9999957925662852, 0.04224833450881803], [-0.0020916766597778814, -0.9999965332623486, -0.0015994849281826262, 0.03358789851860504], [0.0, 0.0, 0.0, 1.0]]}, "Hobj2base": {"type": "ndarray", "data": [[0.9999975304496548, -0.002108818419848234, 0.0007014124777359913, -0.7359452230802035], [-0.0021079534153135957, -0.9999970197269905, -0.0012316937672574775, 0.08937078880844726], [0.0007040078058393201, 0.0012302121806997222, -0.9999989954749955, -0.007968664583360256], [0.0, 0.0, 0.0, 1.0]]}, "mean_rme": {"type": "float", "data": 0.0017822906547277962}, "max_rme": {"type": "float", "data": 0.0066649173208017665}, "simu": {"type": "float", "data": 0.002}}, {"type": "dict", "image_number": {"type": "int", "data": 28}, "Hcamera2end": {"type": "ndarray", "data": [[0.9999962501838552, -0.0018084259407854257, -0.002056505250487425, -0.015339331979146307], [0.002053528244172117, -0.0016465053382053174, 0.9999965360149612, 0.042103958999122046], [-0.001811805723297998, -0.9999970093034218, -0.0016427855103660072, 0.03311710845369191], [0.0, 0.0, 0.0, 1.0]]}, "Hobj2base": {"type": "ndarray", "data": [[0.9999980072073125, -0.0018536542467282129, 0.0007413146009013622, -0.7355179981701581], [-0.0018529863912342284, -0.9999978776950955, -0.0009005813340300692, 0.08950937773071725], [0.0007429823940200977, 0.0008992058934910787, -0.9999993197027304, -0.007737940024655881], [0.0, 0.0, 0.0, 1.0]]}, "mean_rme": {"type": "float", "data": 0.0017756817975974897}, "max_rme": {"type": "float", "data": 0.0067106992990988434}, "simu": {"type": "float", "data": 0.002}}, {"type": "dict", "image_number": {"type": "int", "data": 29}, "Hcamera2end": {"type": "ndarray", "data": [[0.9999979625051026, -0.0009866864429132183, -0.0017610892955168787, -0.015448171320317557], [0.00175953447855775, -0.0015744546657556757, 0.9999972125615773, 0.04131095164748262], [-0.0009894564478436546, -0.9999982737696946, -0.0015727153489963897, 0.032864100040586645], [0.0, 0.0, 0.0, 1.0]]}, "Hobj2base": {"type": "ndarray", "data": [[0.9999992210554597, -0.0010429342666357813, 0.0006856942389979533, -0.7355238886434328], [-0.0010425423899518144, -0.999999293181838, -0.0005716127969237329, 0.08953103964740015], [0.0006862899089099708, 0.0005708974863583645, -0.9999996015410311, -0.006870342027477056], [0.0, 0.0, 0.0, 1.0]]}, "mean_rme": {"type": "float", "data": 0.001801672303372522}, "max_rme": {"type": "float", "data": 0.006886174973450898}, "simu": {"type": "float", "data": 0.002}}, {"type": "dict", "image_number": {"type": "int", "data": 30}, "Hcamera2end": {"type": "ndarray", "data": [[0.999998751869705, -0.0009597986375260585, -0.0012550082101697318, -0.015423737623573817], [0.001253440958208916, -0.0016317586403931106, 0.9999978831225114, 0.041330362274544064], [-0.0009618444762406377, -0.9999982080735521, -0.001630553552821823, 0.032392555477838966], [0.0, 0.0, 0.0, 1.0]]}, "Hobj2base": {"type": "ndarray", "data": [[0.9999991573483606, -0.0010522710788692456, 0.0007602816222481352, -0.7350096253393006], [-0.0010522047172539506, -0.9999994425885452, -8.768028506904269e-05, 0.08967479760729231], [0.0007603734618866151, 8.688023927573578e-05, -0.9999997071419686, -0.006788139197080545], [0.0, 0.0, 0.0, 1.0]]}, "mean_rme": {"type": "float", "data": 0.0018021575496094146}, "max_rme": {"type": "float", "data": 0.006871561171377272}, "simu": {"type": "float", "data": 0.002}}]}