{"type": "list", "data": [{"type": "dict", "image_number": {"type": "int", "data": 5}, "Hcamera2end": {"type": "ndarray", "data": [[0.9999597176875058, 0.008494957591978929, 0.0028980506955669266, -0.011857754446297691], [-0.002878995640202318, -0.002254473008654445, 0.9999933143454296, 0.03056017902178534], [0.008501434374697745, -0.9999613757775667, -0.00222992524739718, 0.03572197351773378], [0.0, 0.0, 0.0, 1.0]]}, "Hobj2base": {"type": "ndarray", "data": [[0.9999644400797401, 0.008431311086910896, 0.0001776777074839339, -0.737652639995776], [0.008430218848448568, -0.9999496413010747, 0.005444839026100707, 0.09049642433966752], [0.0002235758915129649, -0.00544314754610053, -0.9999851609692081, -0.00787418778628073], [0.0, 0.0, 0.0, 1.0]]}, "mean_rme": {"type": "float", "data": 0.002317144222429872}, "max_rme": {"type": "float", "data": 0.005708993631068998}, "simu": {"type": "float", "data": 0.002}}, {"type": "dict", "image_number": {"type": "int", "data": 6}, "Hcamera2end": {"type": "ndarray", "data": [[0.9999601646893091, 0.008611680138122595, 0.002346912808015424, -0.011270041371829798], [-0.0023314669136227217, -0.0018031992251377194, 0.9999956563578589, 0.03034557368593293], [0.00861587468342272, -0.9999612929697594, -0.001783049546823623, 0.03583341784216489], [0.0, 0.0, 0.0, 1.0]]}, "Hobj2base": {"type": "ndarray", "data": [[0.9999634699610016, 0.008547031798659325, 8.361211531921343e-05, -0.7380148012152591], [0.00854647739185358, -0.9999497902493459, 0.005232084143026855, 0.09039951894024116], [0.00012832670671946334, -0.005231178425735806, -0.9999863090585464, -0.007387370367498841], [0.0, 0.0, 0.0, 1.0]]}, "mean_rme": {"type": "float", "data": 0.0021414618688744723}, "max_rme": {"type": "float", "data": 0.005692648018335217}, "simu": {"type": "float", "data": 0.002}}, {"type": "dict", "image_number": {"type": "int", "data": 7}, "Hcamera2end": {"type": "ndarray", "data": [[0.9999624331083449, 0.008473750400010886, 0.0018242604521241691, -0.011422120552847949], [-0.001807354603255484, -0.0020023140027027875, 0.9999963620973691, 0.029958844942463116], [0.008477372315579879, -0.9999620924279045, -0.0019869237101972637, 0.03566456731709499], [0.0, 0.0, 0.0, 1.0]]}, "Hobj2base": {"type": "ndarray", "data": [[0.9999633662019517, 0.00855861376720085, 0.00012800173913755003, -0.7376786820263506], [0.00855789199543385, -0.999951607500593, 0.004852333621487589, 0.08985917324529538], [0.00016952479414938, -0.00485106043701887, -0.9999882191675962, -0.007028406888910789], [0.0, 0.0, 0.0, 1.0]]}, "mean_rme": {"type": "float", "data": 0.0018714098742948994}, "max_rme": {"type": "float", "data": 0.005717222827618412}, "simu": {"type": "float", "data": 0.002}}, {"type": "dict", "image_number": {"type": "int", "data": 8}, "Hcamera2end": {"type": "ndarray", "data": [[0.9999648216835894, 0.00819161232231201, 0.0018035750242945021, -0.011636810677538387], [-0.001786247560294244, -0.002122092961526878, 0.9999961530131583, 0.02986106932655265], [0.008195408163151835, -0.999964196463565, -0.002107386062343508, 0.03560009477806791], [0.0, 0.0, 0.0, 1.0]]}, "Hobj2base": {"type": "ndarray", "data": [[0.9999645101723867, 0.008422701895568967, 0.00019101957248498762, -0.7374648360281929], [0.008421662908891455, -0.9999524881283268, 0.004908877653548585, 0.0898986935993962], [0.00023235650990523245, -0.004907094735878417, -0.9999879331430481, -0.006996312120390855], [0.0, 0.0, 0.0, 1.0]]}, "mean_rme": {"type": "float", "data": 0.001733642542822167}, "max_rme": {"type": "float", "data": 0.005721353793276568}, "simu": {"type": "float", "data": 0.002}}, {"type": "dict", "image_number": {"type": "int", "data": 9}, "Hcamera2end": {"type": "ndarray", "data": [[0.9999680775936639, 0.007784261209135198, 0.001802517977756431, -0.011874564501500966], [-0.0017820970282017919, -0.0026295038102841506, 0.9999949549072203, 0.02967880849483584], [0.007788961664705793, -0.9999662449238672, -0.002615547561427567, 0.035550948689298006], [0.0, 0.0, 0.0, 1.0]]}, "Hobj2base": {"type": "ndarray", "data": [[0.9999654905472456, 0.008287193619325492, 0.0005832122445830949, -0.7369438121368372], [0.00828426520847685, -0.9999538930418881, 0.004856206372024752, 0.08982916222088473], [0.000623429676900935, -0.004851207302093434, -0.9999880384900361, -0.006960268901511357], [0.0, 0.0, 0.0, 1.0]]}, "mean_rme": {"type": "float", "data": 0.001602115926880407}, "max_rme": {"type": "float", "data": 0.0058306145967024214}, "simu": {"type": "float", "data": 0.002}}, {"type": "dict", "image_number": {"type": "int", "data": 10}, "Hcamera2end": {"type": "ndarray", "data": [[0.9999706945162691, 0.007450681615522984, 0.0017599579866021823, -0.011832838851349396], [-0.0017413642824897803, -0.0025013230308861267, 0.9999953555059797, 0.029552713397009035], [0.007455049234322054, -0.9999691148863346, -0.002488275377559246, 0.03571601175310943], [0.0, 0.0, 0.0, 1.0]]}, "Hobj2base": {"type": "ndarray", "data": [[0.9999679324428977, 0.007999475003306751, 0.0003774725788508623, -0.7369198331607618], [0.007997542502366764, -0.9999561605253291, 0.004869942645015571, 0.09007087653092612], [0.0004164130151076424, -0.004866767624858879, -0.9999880705153872, -0.006723551624206059], [0.0, 0.0, 0.0, 1.0]]}, "mean_rme": {"type": "float", "data": 0.0015497272611710157}, "max_rme": {"type": "float", "data": 0.005971835314903223}, "simu": {"type": "float", "data": 0.002}}, {"type": "dict", "image_number": {"type": "int", "data": 11}, "Hcamera2end": {"type": "ndarray", "data": [[0.9999705484618645, 0.007414834086953358, 0.001980516180388822, -0.012007715827290974], [-0.001965601833248051, -0.0020181675912911423, 0.9999960316966299, 0.029569396183560782], [0.007418801676211548, -0.9999704731816019, -0.0020035335416768163, 0.03555341830873929], [0.0, 0.0, 0.0, 1.0]]}, "Hobj2base": {"type": "ndarray", "data": [[0.9999696158343077, 0.007794736882496614, 9.73915801568139e-05, -0.7371412467476712], [0.007794157505273807, -0.999957306173834, 0.004963561055588037, 0.09006058831712825], [0.00013607707456613651, -0.004962651156611071, -0.9999876767123324, -0.006791017989201994], [0.0, 0.0, 0.0, 1.0]]}, "mean_rme": {"type": "float", "data": 0.0015149400778235935}, "max_rme": {"type": "float", "data": 0.00579619920712951}, "simu": {"type": "float", "data": 0.002}}, {"type": "dict", "image_number": {"type": "int", "data": 12}, "Hcamera2end": {"type": "ndarray", "data": [[0.9999710939667311, 0.007368718824342773, 0.001874356920866749, -0.0120371292471291], [-0.0018587615172982793, -0.002122712585706843, 0.999996019540528, 0.029300776901670926], [0.007372668214482163, -0.9999705976048325, -0.0021089545355237327, 0.03550887303861901], [0.0, 0.0, 0.0, 1.0]]}, "Hobj2base": {"type": "ndarray", "data": [[0.9999695585222046, 0.0078017547412675, 0.00012104488580119295, -0.7369602391131691], [0.007801065425894501, -0.9999574853857884, 0.004916380696344519, 0.0898531227612891], [0.0001593961360321527, -0.004915286755377112, -0.9999879072013742, -0.006593498030092321], [0.0, 0.0, 0.0, 1.0]]}, "mean_rme": {"type": "float", "data": 0.001494202591518445}, "max_rme": {"type": "float", "data": 0.005866642021469137}, "simu": {"type": "float", "data": 0.002}}, {"type": "dict", "image_number": {"type": "int", "data": 13}, "Hcamera2end": {"type": "ndarray", "data": [[0.9999708193480596, 0.007409604259945081, 0.0018596282105014118, -0.011923087308511188], [-0.001844454076378552, -0.0020542081745971164, 0.9999961891017063, 0.029258981581763533], [0.007413396086168573, -0.9999704385598037, -0.0020404815566816836, 0.03550373771134103], [0.0, 0.0, 0.0, 1.0]]}, "Hobj2base": {"type": "ndarray", "data": [[0.9999692976001859, 0.007835687358381327, 7.655463746492251e-05, -0.7370388850034326], [0.007835212251701239, -0.9999570440420273, 0.004951718863377501, 0.08982865670642001], [0.00011535146988715837, -0.0049509670118918015, -0.9999877372346553, -0.006479916069473115], [0.0, 0.0, 0.0, 1.0]]}, "mean_rme": {"type": "float", "data": 0.0014758267089496871}, "max_rme": {"type": "float", "data": 0.005825916697269423}, "simu": {"type": "float", "data": 0.002}}, {"type": "dict", "image_number": {"type": "int", "data": 14}, "Hcamera2end": {"type": "ndarray", "data": [[0.999964326958423, 0.008278033974774952, 0.0016789770994728864, -0.012098641038192519], [-0.0016626077090044944, -0.001983934348600558, 0.9999966498644417, 0.029435079101519136], [0.008281337222577137, -0.999963768422643, -0.0019701004525263244, 0.035272079340526924], [0.0, 0.0, 0.0, 1.0]]}, "Hobj2base": {"type": "ndarray", "data": [[0.9999631347966351, 0.008579382395094072, -0.00035106324960986087, -0.7373501506470251], [0.008580977563138675, -0.9999515311907288, 0.004827224189729189, 0.08948998028554692], [-0.00030963163176163854, -0.004830058698995891, -0.9999882872620143, -0.006578217503936259], [0.0, 0.0, 0.0, 1.0]]}, "mean_rme": {"type": "float", "data": 0.0016108482536718507}, "max_rme": {"type": "float", "data": 0.005591141769070329}, "simu": {"type": "float", "data": 0.002}}, {"type": "dict", "image_number": {"type": "int", "data": 15}, "Hcamera2end": {"type": "ndarray", "data": [[0.9999700432187034, 0.007570442522962373, 0.0016127818174960819, -0.012134032897259091], [-0.0015997966973444844, -0.001720981657125753, 0.9999972394325211, 0.029330261542950684], [0.007573197192169801, -0.9999698628569474, -0.0017088189331089243, 0.035388128268678924], [0.0, 0.0, 0.0, 1.0]]}, "Hobj2base": {"type": "ndarray", "data": [[0.9999686788105852, 0.007908613870991777, -0.00030858459521904266, -0.737258575564048], [0.0079099888612559, -0.9999574671181712, 0.004742998084198757, 0.08958981503966576], [-0.00027106092978813824, -0.004745290428568305, -0.9999887043085642, -0.006469786131249929], [0.0, 0.0, 0.0, 1.0]]}, "mean_rme": {"type": "float", "data": 0.001539030843666279}, "max_rme": {"type": "float", "data": 0.005691856963060571}, "simu": {"type": "float", "data": 0.002}}, {"type": "dict", "image_number": {"type": "int", "data": 16}, "Hcamera2end": {"type": "ndarray", "data": [[0.9999703645701435, 0.007402916747598862, 0.002113481744003279, -0.012044606061673319], [-0.002101248810418633, -0.0016598360146931057, 0.9999964148424939, 0.029318591197199526], [0.00740639824009141, -0.9999712204698855, -0.0016442314547298054, 0.03543847835538606], [0.0, 0.0, 0.0, 1.0]]}, "Hobj2base": {"type": "ndarray", "data": [[0.999969912555623, 0.00775124444337104, -0.000303633132060316, -0.7372679226733545], [0.007752744062636789, -0.9999559232677868, 0.005295892858375159, 0.08992981687809377], [-0.00026256998881289424, -0.005298087508455156, -0.9999859305639025, -0.006424082981049458], [0.0, 0.0, 0.0, 1.0]]}, "mean_rme": {"type": "float", "data": 0.0014810195350974712}, "max_rme": {"type": "float", "data": 0.00570933893027134}, "simu": {"type": "float", "data": 0.002}}, {"type": "dict", "image_number": {"type": "int", "data": 17}, "Hcamera2end": {"type": "ndarray", "data": [[0.9999700507192625, 0.007454810044685902, 0.002079295965749203, -0.012102599252931653], [-0.00206746044687872, -0.0015949902168801433, 0.9999965908009429, 0.029335838049665962], [0.007458101086477896, -0.999970940484475, -0.0015795299231640136, 0.03541533309847697], [0.0, 0.0, 0.0, 1.0]]}, "Hobj2base": {"type": "ndarray", "data": [[0.9999695350084402, 0.007793472644734547, -0.00043685139313215767, -0.7373120458068073], [0.007795681814881915, -0.999955532225981, 0.00530668594288709, 0.0898723758387739], [-0.00039547445559304006, -0.0053099298292058755, -0.9999858240221029, -0.006389458309871254], [0.0, 0.0, 0.0, 1.0]]}, "mean_rme": {"type": "float", "data": 0.0014168418893642722}, "max_rme": {"type": "float", "data": 0.005687670981228327}, "simu": {"type": "float", "data": 0.002}}, {"type": "dict", "image_number": {"type": "int", "data": 18}, "Hcamera2end": {"type": "ndarray", "data": [[0.999964547410365, 0.008370628149256739, 0.000914607440843151, -0.012341249297416083], [-0.0008995614054882746, -0.001801068377071502, 0.9999979734689364, 0.029400326216723775], [0.008372258456457905, -0.9999633436967021, -0.0017934746305106053, 0.035240883472782376], [0.0, 0.0, 0.0, 1.0]]}, "Hobj2base": {"type": "ndarray", "data": [[0.9999616135273154, 0.00873332336222984, -0.0007074849106010069, -0.7373521807919929], [0.008736240555739462, -0.9999528877511941, 0.00423088395025314, 0.08895261609712225], [-0.000670501901750243, -0.004236902299910517, -0.999990799500726, -0.0063556893812571165], [0.0, 0.0, 0.0, 1.0]]}, "mean_rme": {"type": "float", "data": 0.0015049161065260734}, "max_rme": {"type": "float", "data": 0.005664437911444553}, "simu": {"type": "float", "data": 0.002}}, {"type": "dict", "image_number": {"type": "int", "data": 19}, "Hcamera2end": {"type": "ndarray", "data": [[0.9999671260582327, 0.00800241716047661, 0.0013069515784198907, -0.012421992335879671], [-0.0012945741620651752, -0.0015516943536106886, 0.9999979581591015, 0.029492347689704556], [0.00800442881019864, -0.9999667762302021, -0.0015412836208108516, 0.035305545829541506], [0.0, 0.0, 0.0, 1.0]]}, "Hobj2base": {"type": "ndarray", "data": [[0.9999651253037386, 0.008315827794042694, -0.0007714819364160141, -0.7374092928656514], [0.00831932868043279, -0.9999545754477519, 0.004651431114586343, 0.08933098582752598], [-0.0007327663920497326, -0.004657687109139103, -0.9999888844403264, -0.006444810880270137], [0.0, 0.0, 0.0, 1.0]]}, "mean_rme": {"type": "float", "data": 0.0015292612926765998}, "max_rme": {"type": "float", "data": 0.005672180381130265}, "simu": {"type": "float", "data": 0.002}}, {"type": "dict", "image_number": {"type": "int", "data": 20}, "Hcamera2end": {"type": "ndarray", "data": [[0.9999690442422271, 0.007795179007480465, 0.0010703931651938683, -0.012397563976945993], [-0.0010588990813667908, -0.001478489825081919, 0.9999983463989192, 0.02889699171572135], [0.007796748682767609, -0.999968524130674, -0.0014701897494189264, 0.035046026789429904], [0.0, 0.0, 0.0, 1.0]]}, "Hobj2base": {"type": "ndarray", "data": [[0.9999670833534777, 0.008086003307258146, -0.0006698955544752688, -0.7372125138701919], [0.008088910834325528, -0.9999573486190041, 0.004457629904449229, 0.08967099352894033], [-0.0006338225723548384, -0.004462901899629799, -0.9999898403361809, -0.005953245043922001], [0.0, 0.0, 0.0, 1.0]]}, "mean_rme": {"type": "float", "data": 0.0014997455257538474}, "max_rme": {"type": "float", "data": 0.0055756661819362785}, "simu": {"type": "float", "data": 0.002}}, {"type": "dict", "image_number": {"type": "int", "data": 21}, "Hcamera2end": {"type": "ndarray", "data": [[0.9999705667621412, 0.007621615782973289, 0.0008812390474249401, -0.012414231512270968], [-0.000868966095109652, -0.0016134438439374676, 0.999998320847034, 0.029337585784531665], [0.007623024814830648, -0.9999696534254521, -0.001606773429355668, 0.03430080163897364], [0.0, 0.0, 0.0, 1.0]]}, "Hobj2base": {"type": "ndarray", "data": [[0.9999681218416193, 0.00797364635612732, -0.0004198384592832761, -0.7363357520438631], [0.007975377985574714, -0.9999589575738894, 0.004298431542713624, 0.0895903953928344], [-0.0003855470550867114, -0.004301642887037783, -0.9999906735674791, -0.006402416346284021], [0.0, 0.0, 0.0, 1.0]]}, "mean_rme": {"type": "float", "data": 0.0015558316256489508}, "max_rme": {"type": "float", "data": 0.005592979235979345}, "simu": {"type": "float", "data": 0.002}}, {"type": "dict", "image_number": {"type": "int", "data": 22}, "Hcamera2end": {"type": "ndarray", "data": [[0.9999735215224195, 0.007226780047561122, 0.0008543443073082599, -0.012469223559598966], [-0.0008435967693832102, -0.0014900996737421401, 0.9999985339726521, 0.02902325002296807], [0.007228042511077516, -0.9999727762559875, -0.0014839637298702524, 0.03402635234835254], [0.0, 0.0, 0.0, 1.0]]}, "Hobj2base": {"type": "ndarray", "data": [[0.9999715492789155, 0.00753502487945724, -0.0003521828949618502, -0.7361321566907884], [0.007536475267832418, -0.9999622844596294, 0.004316387241271886, 0.08991451518474264], [-0.00031964552694130203, -0.004318918654620025, -0.9999906223402257, -0.006166495097132251], [0.0, 0.0, 0.0, 1.0]]}, "mean_rme": {"type": "float", "data": 0.001574926079723668}, "max_rme": {"type": "float", "data": 0.005453602476764602}, "simu": {"type": "float", "data": 0.002}}, {"type": "dict", "image_number": {"type": "int", "data": 23}, "Hcamera2end": {"type": "ndarray", "data": [[0.9999743276253952, 0.007107410999721296, 0.0009103839958660102, -0.01257504548746476], [-0.0008962793120761035, -0.0019874367442358487, 0.999997623386467, 0.028743355602066506], [0.007109203438756878, -0.999972767031217, -0.0019810154965738125, 0.03517963108626987], [0.0, 0.0, 0.0, 1.0]]}, "Hobj2base": {"type": "ndarray", "data": [[0.9999710180665247, 0.007613116817578952, 5.898576187378955e-05, -0.7371263650664461], [0.007612785974332632, -0.9999614544859672, 0.004374360755334375, 0.08993437851666741], [9.228600766987101e-05, -0.004373784931921288, -0.999990430698545, -0.00604387833696651], [0.0, 0.0, 0.0, 1.0]]}, "mean_rme": {"type": "float", "data": 0.0015734457594040263}, "max_rme": {"type": "float", "data": 0.0053467786292464015}, "simu": {"type": "float", "data": 0.002}}, {"type": "dict", "image_number": {"type": "int", "data": 24}, "Hcamera2end": {"type": "ndarray", "data": [[0.9999724160283255, 0.007384478841745402, 0.0007979064539375977, -0.012505177337150349], [-0.0007878148298374864, -0.0013694073230319237, 0.9999987520349098, 0.02926325736439682], [0.0073855622851147175, -0.9999717967001964, -0.0013635519473969016, 0.033866887673452264], [0.0, 0.0, 0.0, 1.0]]}, "Hobj2base": {"type": "ndarray", "data": [[0.9999715970536055, 0.007502694720516821, -0.0007173966770827787, -0.7360993320627993], [0.007505662502635016, -0.9999628948073804, 0.004227769960658228, 0.08972354336963771], [-0.0006856503905775008, -0.004233034416873362, -0.9999908056093154, -0.006271268918786435], [0.0, 0.0, 0.0, 1.0]]}, "mean_rme": {"type": "float", "data": 0.0016409815814475645}, "max_rme": {"type": "float", "data": 0.005434830186006878}, "simu": {"type": "float", "data": 0.002}}, {"type": "dict", "image_number": {"type": "int", "data": 25}, "Hcamera2end": {"type": "ndarray", "data": [[0.9999741114961135, 0.007163878948020721, 0.0006746673080239543, -0.012424423081693965], [-0.0006642731608896592, -0.0014531907961090607, 0.999998723488024, 0.02886480445863871], [0.0071648502235659075, -0.9999732831805698, -0.0014483944026604245, 0.03313505514606696], [0.0, 0.0, 0.0, 1.0]]}, "Hobj2base": {"type": "ndarray", "data": [[0.9999727226795918, 0.007367713871908199, -0.0005202778737591549, -0.7353513334194467], [0.00736979631715961, -0.9999643510719101, 0.004121005651147153, 0.08999873343937756], [-0.0004898969359084775, -0.004124727583113532, -0.9999913732744683, -0.00594706994702934], [0.0, 0.0, 0.0, 1.0]]}, "mean_rme": {"type": "float", "data": 0.0016460721219703305}, "max_rme": {"type": "float", "data": 0.005341284104949495}, "simu": {"type": "float", "data": 0.002}}, {"type": "dict", "image_number": {"type": "int", "data": 26}, "Hcamera2end": {"type": "ndarray", "data": [[0.9999761581748386, 0.006899024445892531, 0.0002941829109627931, -0.012311977538448699], [-0.00028490160168937297, -0.001346251690139022, 0.9999990532182836, 0.028262673571554136], [0.00689941395826342, -0.9999752952288778, -0.0013442540499268851, 0.032474683917910925], [0.0, 0.0, 0.0, 1.0]]}, "Hobj2base": {"type": "ndarray", "data": [[0.9999745579082581, 0.0071199190151487925, -0.0004362217345026678, -0.7347609610224038], [0.0071214934415352454, -0.9999677196349865, 0.003720755187724167, 0.09025451966462192], [-0.0004097161774940605, -0.0037237670741506477, -0.9999929828210952, -0.005388252931354207], [0.0, 0.0, 0.0, 1.0]]}, "mean_rme": {"type": "float", "data": 0.0016425916031799536}, "max_rme": {"type": "float", "data": 0.0052328874261197145}, "simu": {"type": "float", "data": 0.002}}, {"type": "dict", "image_number": {"type": "int", "data": 27}, "Hcamera2end": {"type": "ndarray", "data": [[0.9999791514662577, 0.0064377368847561255, -0.000502171908787956, -0.012067196039593827], [0.0005106041557255549, -0.0013082387388092531, 0.9999990138969131, 0.027753377073320908], [0.006437073575739291, -0.999978421794793, -0.0013114985991564687, 0.03161792566922124], [0.0, 0.0, 0.0, 1.0]]}, "Hobj2base": {"type": "ndarray", "data": [[0.9999769402498634, 0.00678739659530453, -0.0002240892216514991, -0.733915466257929], [0.006788017899914061, -0.9999727584261937, 0.0028991754862304625, 0.09027015271062622], [-0.00020440526328399726, -0.0029006297536158963, -0.9999957722738237, -0.004849685251860305], [0.0, 0.0, 0.0, 1.0]]}, "mean_rme": {"type": "float", "data": 0.0016962384557093408}, "max_rme": {"type": "float", "data": 0.0066725614510824705}, "simu": {"type": "float", "data": 0.002}}, {"type": "dict", "image_number": {"type": "int", "data": 28}, "Hcamera2end": {"type": "ndarray", "data": [[0.9999803468124766, 0.006237091331270707, -0.0006361450497941092, -0.012019155519970463], [0.000643681956327153, -0.0012064679660026556, 0.9999990650538558, 0.02790332901256388], [0.006236318011301909, -0.9999798213597973, -0.001210458958211591, 0.032147553686091505], [0.0, 0.0, 0.0, 1.0]]}, "Hobj2base": {"type": "ndarray", "data": [[0.9999784164002029, 0.006565698416699426, -0.00024153269626584856, -0.7344530851154769], [0.00656634421540033, -0.9999745828639246, 0.0027779038436135718, 0.09008821667832412], [-0.0002232876783286841, -0.0027794298732716914, -0.9999961124485393, -0.004942600270638582], [0.0, 0.0, 0.0, 1.0]]}, "mean_rme": {"type": "float", "data": 0.001691088854355355}, "max_rme": {"type": "float", "data": 0.0067371411503832634}, "simu": {"type": "float", "data": 0.002}}, {"type": "dict", "image_number": {"type": "int", "data": 29}, "Hcamera2end": {"type": "ndarray", "data": [[0.9999815086704856, 0.006035424253245112, -0.0007456347515463328, -0.011995757442288871], [0.0007530381005456366, -0.0012244697971588447, 0.9999989668031338, 0.027923781480443513], [0.006034505010230706, -0.9999810369841017, -0.0012289920594998893, 0.032189168427205636], [0.0, 0.0, 0.0, 1.0]]}, "Hobj2base": {"type": "ndarray", "data": [[0.9999795899671977, 0.006387972194624734, -0.00011601842931267871, -0.7344600098113147], [0.006388262482541985, -0.9999759419452752, 0.0027028934707100777, 0.09006174556938518], [-9.87496297990285e-05, -0.002703579460744941, -0.999996340446609, -0.0049683628750109895], [0.0, 0.0, 0.0, 1.0]]}, "mean_rme": {"type": "float", "data": 0.0016387446834704147}, "max_rme": {"type": "float", "data": 0.006714622487392796}, "simu": {"type": "float", "data": 0.002}}, {"type": "dict", "image_number": {"type": "int", "data": 30}, "Hcamera2end": {"type": "ndarray", "data": [[0.9999836933703468, 0.005648040474869312, -0.0008441754524970255, -0.012017036137795659], [0.0008508075770077548, -0.001171934936247565, 0.9999989513469363, 0.028182334999055612], [0.00564704523332926, -0.9999833629652544, -0.0011767212215698652, 0.03227883221537065], [0.0, 0.0, 0.0, 1.0]]}, "Hobj2base": {"type": "ndarray", "data": [[0.9999819279881005, 0.006011962476497898, -2.0934626798381173e-06, -0.7345205135307407], [0.006011946956070442, -0.9999784247165269, 0.0026469974029869874, 0.08998915232602081], [1.3820231549357794e-05, -0.0026469621522050082, -0.9999964966940467, -0.00521833010070859], [0.0, 0.0, 0.0, 1.0]]}, "mean_rme": {"type": "float", "data": 0.0016219332168648365}, "max_rme": {"type": "float", "data": 0.006763049603759286}, "simu": {"type": "float", "data": 0.002}}]}