{"type": "list", "data": [{"type": "dict", "image_number": {"type": "int", "data": 5}, "Hcamera2end": {"type": "ndarray", "data": [[0.9999922009807364, 0.00393607735723517, -0.0003244576095228363, -0.018319556048416553], [0.0003235397408886602, 0.00023382824867712593, 0.99999992032319, 0.022513765128714093], [0.003936152910975686, -0.9999922262794787, 0.00023255294759783052, 0.039885560943268346], [0.0, 0.0, 0.0, 1.0]]}, "Hobj2base": {"type": "ndarray", "data": [[0.9999948433813154, 0.003191080604912231, -0.00036085364272939933, -0.7404902988042579], [0.003190763441351575, -0.9999945257131944, -0.0008761120386487012, 0.08542388294703014], [-0.0003636474114473263, 0.0008749561222620934, -0.9999995511060711, -0.002500291961279122], [0.0, 0.0, 0.0, 1.0]]}, "mean_rme": {"type": "float", "data": 0.001060212329969579}, "max_rme": {"type": "float", "data": 0.002886879789308322}, "simu": {"type": "float", "data": 0.002}}, {"type": "dict", "image_number": {"type": "int", "data": 6}, "Hcamera2end": {"type": "ndarray", "data": [[0.9999922304774012, 0.0037243128494616378, -0.0012916960290814798, -0.018027996791781048], [0.0012914060430372543, 8.026672393701695e-05, 0.9999991629134922, 0.022644076723049068], [0.003724413412098178, -0.9999930615014548, 7.54565001830354e-05, 0.03993266055450826], [0.0, 0.0, 0.0, 1.0]]}, "Hobj2base": {"type": "ndarray", "data": [[0.9999948108714091, 0.0031729188183525292, -0.0005575091273299898, -0.7406847573127724], [0.003171835344297707, -0.9999931001603548, -0.0019336732483680417, 0.08441009099638264], [-0.0005636406688447024, 0.0019318948871340693, -0.9999979750436205, -0.002588833548559377], [0.0, 0.0, 0.0, 1.0]]}, "mean_rme": {"type": "float", "data": 0.0012492808642682323}, "max_rme": {"type": "float", "data": 0.003766211206677139}, "simu": {"type": "float", "data": 0.002}}, {"type": "dict", "image_number": {"type": "int", "data": 7}, "Hcamera2end": {"type": "ndarray", "data": [[0.9999934908124749, 0.0034655700196068373, -0.0010040702764023896, -0.01854292707282526], [0.0010022877567207142, 0.0005160495156524281, 0.9999993645558731, 0.022933331136940346], [0.0034660859674105404, -0.9999938617398292, 0.0005125726581886036, 0.04034986522139075], [0.0, 0.0, 0.0, 1.0]]}, "Hobj2base": {"type": "ndarray", "data": [[0.9999950761943501, 0.0031132197794757344, -0.000394271049471709, -0.7408534138783123], [0.003112609655205931, -0.9999939719408923, -0.0015387472216809612, 0.08450501467558388], [-0.0003990591310686688, 0.0015375124333133437, -0.9999987384028679, -0.002093359448618207], [0.0, 0.0, 0.0, 1.0]]}, "mean_rme": {"type": "float", "data": 0.0015800424390424212}, "max_rme": {"type": "float", "data": 0.004897057952972794}, "simu": {"type": "float", "data": 0.002}}, {"type": "dict", "image_number": {"type": "int", "data": 8}, "Hcamera2end": {"type": "ndarray", "data": [[0.9999934927252874, 0.0034337516894047374, -0.0011062804419062666, -0.018487390232526997], [0.0011010019392074543, 0.0015387504625102855, 0.9999982100192699, 0.022943448567519814], [0.003435447832597031, -0.9999929207731171, 0.001534959882169562, 0.04003744362873271], [0.0, 0.0, 0.0, 1.0]]}, "Hobj2base": {"type": "ndarray", "data": [[0.999994451485043, 0.0031488836586997695, -0.0010869824432646856, -0.7414355701342121], [0.003147346678524198, -0.9999940490644412, -0.0014128144216787784, 0.08463827313233438], [-0.0010914247629474115, 0.0014093854720744052, -0.9999984112110272, -0.002121417477064784], [0.0, 0.0, 0.0, 1.0]]}, "mean_rme": {"type": "float", "data": 0.0015621185357254461}, "max_rme": {"type": "float", "data": 0.00496561630265252}, "simu": {"type": "float", "data": 0.002}}, {"type": "dict", "image_number": {"type": "int", "data": 9}, "Hcamera2end": {"type": "ndarray", "data": [[0.9999934094680252, 0.0034540029980765557, -0.0011184291680295074, -0.01866314081277283], [0.0011098757060993237, 0.0024773156806163765, 0.99999631553468, 0.02310043306357265], [0.0034567609740379125, -0.9999909663443503, 0.0024734658397718157, 0.040224971244741135], [0.0, 0.0, 0.0, 1.0]]}, "Hobj2base": {"type": "ndarray", "data": [[0.999992663574682, 0.0031738215023249345, -0.0021446803687786373, -0.7421932164878562], [0.0031707678247472762, -0.9999939567282887, -0.0014257413168964, 0.08446164954042736], [-0.0021491924563407545, 0.0014189305735440153, -0.9999966837984078, -0.0016751453097547232], [0.0, 0.0, 0.0, 1.0]]}, "mean_rme": {"type": "float", "data": 0.0015709295448169433}, "max_rme": {"type": "float", "data": 0.004535781813406581}, "simu": {"type": "float", "data": 0.002}}, {"type": "dict", "image_number": {"type": "int", "data": 10}, "Hcamera2end": {"type": "ndarray", "data": [[0.9999921984991292, 0.003687610003202545, -0.0014157942443894485, -0.018846382958041377], [0.001399560794715654, 0.004401026779043304, 0.9999893360395762, 0.023318119440082326], [0.0036938016270585848, -0.9999835161120181, 0.004395831410042406, 0.04055980439347439], [0.0, 0.0, 0.0, 1.0]]}, "Hobj2base": {"type": "ndarray", "data": [[0.9999855787388056, 0.003455879203253153, -0.00411086527980089, -0.7435666330482538], [0.003449558901471457, -0.9999928589563414, -0.0015435607239498474, 0.08402826497712056], [-0.004116170283337308, 0.0015293577919387909, -0.9999903590569978, -0.0009200051870537018], [0.0, 0.0, 0.0, 1.0]]}, "mean_rme": {"type": "float", "data": 0.0016836715022267724}, "max_rme": {"type": "float", "data": 0.005789772665064419}, "simu": {"type": "float", "data": 0.002}}, {"type": "dict", "image_number": {"type": "int", "data": 11}, "Hcamera2end": {"type": "ndarray", "data": [[0.999991295351228, 0.0033884370111122077, -0.002434690205101699, -0.018995872592464484], [0.002418562639584199, 0.004755575004772972, 0.9999857674292832, 0.023614006295064476], [0.003399967136826574, -0.9999829513551698, 0.004747338462001149, 0.04061461632179045], [0.0, 0.0, 0.0, 1.0]]}, "Hobj2base": {"type": "ndarray", "data": [[0.9999869428792155, 0.0031808251541011476, -0.003999552777457572, -0.7438599101773868], [0.0031725037071405095, -0.9999927935125554, -0.00208522017641599, 0.08340081019868595], [-0.00400615667551968, 0.002072504353430896, -0.99998982766546, -0.0008232873739931958], [0.0, 0.0, 0.0, 1.0]]}, "mean_rme": {"type": "float", "data": 0.0017100595346669102}, "max_rme": {"type": "float", "data": 0.005350764081993142}, "simu": {"type": "float", "data": 0.002}}, {"type": "dict", "image_number": {"type": "int", "data": 12}, "Hcamera2end": {"type": "ndarray", "data": [[0.9999894225117599, 0.003719101425710118, -0.0027061317747180402, -0.01912590248707956], [0.002690361053285166, 0.004238946545359834, 0.999987396565371, 0.02363438426741424], [0.0037305257001961504, -0.9999840996819753, 0.004228895982323677, 0.040747790597245814], [0.0, 0.0, 0.0, 1.0]]}, "Hobj2base": {"type": "ndarray", "data": [[0.9999872282879771, 0.003500277181785117, -0.0036457263445939148, -0.7436306113465996], [0.0034917614124086614, -0.9999911669585446, -0.0023395741336600336, 0.08306663318954949], [-0.0036538832996971227, 0.002326814246722688, -0.9999906174921311, -0.0008044708171701989], [0.0, 0.0, 0.0, 1.0]]}, "mean_rme": {"type": "float", "data": 0.001681862339436467}, "max_rme": {"type": "float", "data": 0.0052920427599569275}, "simu": {"type": "float", "data": 0.002}}, {"type": "dict", "image_number": {"type": "int", "data": 13}, "Hcamera2end": {"type": "ndarray", "data": [[0.9999872989134198, 0.0036849227853492698, -0.003438510710877672, -0.01937129972506701], [0.0034235126868542225, 0.004068713285960257, 0.999985862466605, 0.023731856459024734], [0.003698861003843599, -0.9999849333446295, 0.004056046228974819, 0.040825724333841004], [0.0, 0.0, 0.0, 1.0]]}, "Hobj2base": {"type": "ndarray", "data": [[0.9999875446563004, 0.0034783537327718154, -0.003579327810286598, -0.7437022174183756], [0.003468026586179853, -0.9999898178257705, -0.002887392661161992, 0.08261487491428025], [-0.0035893347379881402, 0.0028749434936872743, -0.9999894256321147, -0.0007311954685790609], [0.0, 0.0, 0.0, 1.0]]}, "mean_rme": {"type": "float", "data": 0.0016845284542584904}, "max_rme": {"type": "float", "data": 0.005080062971531574}, "simu": {"type": "float", "data": 0.002}}, {"type": "dict", "image_number": {"type": "int", "data": 14}, "Hcamera2end": {"type": "ndarray", "data": [[0.9999885345317877, 0.0023075906452509377, -0.004195930216477581, -0.019564282477809142], [0.004185431862955868, 0.004535652483365404, 0.9999809548269761, 0.02386540998749978], [0.002326577978094225, -0.9999870513571484, 0.004525942216572654, 0.040736941938567764], [0.0, 0.0, 0.0, 1.0]]}, "Hobj2base": {"type": "ndarray", "data": [[0.9999897072691546, 0.002164755282315796, -0.003987378878181844, -0.7441016626920679], [0.0021503793081654667, -0.9999911857904906, -0.003606135072302362, 0.08231656393157043], [-0.003995150132535528, 0.0035975235782912127, -0.9999855481953337, -0.0006916409802668373], [0.0, 0.0, 0.0, 1.0]]}, "mean_rme": {"type": "float", "data": 0.0016894414036658638}, "max_rme": {"type": "float", "data": 0.00489749626090652}, "simu": {"type": "float", "data": 0.002}}, {"type": "dict", "image_number": {"type": "int", "data": 15}, "Hcamera2end": {"type": "ndarray", "data": [[0.9999924503579788, 0.002186594861053839, -0.0032121690427237134, -0.01960588116553883], [0.0032022780545635835, 0.0045120368880900985, 0.9999846933520441, 0.023820062911925052], [0.002201054816827629, -0.9999874300840156, 0.0045050007390889935, 0.04066534958031944], [0.0, 0.0, 0.0, 1.0]]}, "Hobj2base": {"type": "ndarray", "data": [[0.9999892606965153, 0.002127355296965263, -0.004117384008966647, -0.7441188433484958], [0.0021157428144083345, -0.9999937780970027, -0.002822658255217435, 0.0827813346226594], [-0.004123363187993501, 0.002813916616202667, -0.9999875397970202, -0.0007127471766364486], [0.0, 0.0, 0.0, 1.0]]}, "mean_rme": {"type": "float", "data": 0.0016655278131075212}, "max_rme": {"type": "float", "data": 0.00498557357776791}, "simu": {"type": "float", "data": 0.002}}, {"type": "dict", "image_number": {"type": "int", "data": 16}, "Hcamera2end": {"type": "ndarray", "data": [[0.9999918615372694, 0.002356516755188736, -0.003274704262871959, -0.01959229455396662], [0.003263790424407328, 0.004620380732341833, 0.9999839997489729, 0.023779616263022794], [0.002371609430809395, -0.9999865493648755, 0.004612651952724867, 0.04063094732197426], [0.0, 0.0, 0.0, 1.0]]}, "Hobj2base": {"type": "ndarray", "data": [[0.9999878994730143, 0.00231353971988541, -0.004341479184947425, -0.7442688188529432], [0.002300868456534903, -0.9999930857489181, -0.002921379588970286, 0.0828128225595348], [-0.004348207894586218, 0.002911355066226386, -0.9999863084561627, -0.0006959004297805473], [0.0, 0.0, 0.0, 1.0]]}, "mean_rme": {"type": "float", "data": 0.0016261337381547468}, "max_rme": {"type": "float", "data": 0.005006093273836332}, "simu": {"type": "float", "data": 0.002}}, {"type": "dict", "image_number": {"type": "int", "data": 17}, "Hcamera2end": {"type": "ndarray", "data": [[0.999994254951147, 0.002536540489915155, -0.002248561105086758, -0.019741694939709845], [0.002236970237362947, 0.004563176783915379, 0.99998708660752, 0.023789180443937904], [0.0025467683164042145, -0.999986371597124, 0.004557476402660021, 0.040626849475395806], [0.0, 0.0, 0.0, 1.0]]}, "Hobj2base": {"type": "ndarray", "data": [[0.9999868103621358, 0.0025381292368184052, -0.004465086980019968, -0.7444114734272309], [0.0025264861242415013, -0.9999933989682348, -0.002611300024928884, 0.08314414592737823], [-0.004471685322778356, 0.002599984602528648, -0.9999866219657341, -0.000506361605712566], [0.0, 0.0, 0.0, 1.0]]}, "mean_rme": {"type": "float", "data": 0.001651786812808469}, "max_rme": {"type": "float", "data": 0.005057249991572865}, "simu": {"type": "float", "data": 0.002}}, {"type": "dict", "image_number": {"type": "int", "data": 18}, "Hcamera2end": {"type": "ndarray", "data": [[0.9999932917878357, 0.0026315977704564728, -0.0025477583290279045, -0.019665962913397034], [0.0025353434186113394, 0.004710243593564645, 0.9999856927171703, 0.02373836011856199], [0.002643560681790131, -0.9999854440432939, 0.004703539992163552, 0.04060602220487608], [0.0, 0.0, 0.0, 1.0]]}, "Hobj2base": {"type": "ndarray", "data": [[0.9999861261621863, 0.002656867074143793, -0.004548465729720458, -0.74446893772854], [0.002643227513343809, -0.9999920003205112, -0.003002106476376697, 0.08302213870220192], [-0.004556405541302614, 0.0029900421958780456, -0.9999851492978333, -0.0005287572444994701], [0.0, 0.0, 0.0, 1.0]]}, "mean_rme": {"type": "float", "data": 0.0015903433036014846}, "max_rme": {"type": "float", "data": 0.004974521906782048}, "simu": {"type": "float", "data": 0.002}}, {"type": "dict", "image_number": {"type": "int", "data": 19}, "Hcamera2end": {"type": "ndarray", "data": [[0.9999956409319944, 0.0020018148196659265, -0.0021704502844887203, -0.01970647579035359], [0.002162408889620066, 0.004010506514741885, 0.9999896198587707, 0.023890364572551996], [0.0020104986455512486, -0.9999899542370024, 0.004006160290509819, 0.03773452950458261], [0.0, 0.0, 0.0, 1.0]]}, "Hobj2base": {"type": "ndarray", "data": [[0.9999909860737253, 0.0020523558502170583, -0.0037169351302772796, -0.7411835395123794], [0.00204298420925981, -0.9999947293710392, -0.0025233798092706085, 0.08333948249267328], [-0.0037220944130052147, 0.002515763423933045, -0.9999899084228674, -0.0005900802338946772], [0.0, 0.0, 0.0, 1.0]]}, "mean_rme": {"type": "float", "data": 0.001648211620583783}, "max_rme": {"type": "float", "data": 0.005339381944188704}, "simu": {"type": "float", "data": 0.002}}, {"type": "dict", "image_number": {"type": "int", "data": 20}, "Hcamera2end": {"type": "ndarray", "data": [[0.9999964148778954, 0.00174815209000985, -0.0020283480042447744, -0.019678219773732658], [0.0020208634038297014, 0.004272619966856794, 0.9999888303524802, 0.023646983913475993], [0.001756798923949864, -0.9999893442846721, 0.004269071872409547, 0.036594437339544726], [0.0, 0.0, 0.0, 1.0]]}, "Hobj2base": {"type": "ndarray", "data": [[0.9999916452738568, 0.001820255861386582, -0.003660061622996448, -0.7400411879087457], [0.0018117016748130203, -0.9999956230970366, -0.002339128857241836, 0.08341387367122871], [-0.0036643034162748174, 0.0023324783746885187, -0.9999905661680539, -0.000265642451291756], [0.0, 0.0, 0.0, 1.0]]}, "mean_rme": {"type": "float", "data": 0.0016494862644662127}, "max_rme": {"type": "float", "data": 0.006027835682097971}, "simu": {"type": "float", "data": 0.002}}, {"type": "dict", "image_number": {"type": "int", "data": 21}, "Hcamera2end": {"type": "ndarray", "data": [[0.9999976621704947, 0.0011043093323570442, -0.0018590735444305403, -0.019630279893434997], [0.0018542685757011652, 0.00433631118364286, 0.9999888789848453, 0.023738189892009376], [0.0011123585727181523, -0.9999899884029925, 0.004334253359993823, 0.03662624853367106], [0.0, 0.0, 0.0, 1.0]]}, "Hobj2base": {"type": "ndarray", "data": [[0.9999932898485195, 0.0012063427421162296, -0.003459045406361487, -0.7399313816343019], [0.0011991993554365237, -0.999997145821103, -0.002066463295883145, 0.08366352677917141], [-0.0034615283966259233, 0.0020623013445796663, -0.9999918823342133, -0.0003772185087828828], [0.0, 0.0, 0.0, 1.0]]}, "mean_rme": {"type": "float", "data": 0.0016442231470247812}, "max_rme": {"type": "float", "data": 0.005964151302948362}, "simu": {"type": "float", "data": 0.002}}, {"type": "dict", "image_number": {"type": "int", "data": 22}, "Hcamera2end": {"type": "ndarray", "data": [[0.9999968237648202, 0.0016650124980788202, -0.001892139966375683, -0.019599230618773035], [0.0018837890047207785, 0.005002910341593836, 0.999985711011462, 0.022988840571454332], [0.0016744549133398433, -0.9999860992141314, 0.004999757918937364, 0.03580699239702674], [0.0, 0.0, 0.0, 1.0]]}, "Hobj2base": {"type": "ndarray", "data": [[0.9999901479092267, 0.0017759878336008823, -0.0040681631847570955, -0.7395224022880896], [0.001767269538367825, -0.9999961364697159, -0.002145647692525345, 0.08342204744399723], [-0.0040719581114825485, 0.00213843701253598, -0.9999894230662052, 0.0005355293301536284], [0.0, 0.0, 0.0, 1.0]]}, "mean_rme": {"type": "float", "data": 0.0016813015982688956}, "max_rme": {"type": "float", "data": 0.006573776937658149}, "simu": {"type": "float", "data": 0.002}}, {"type": "dict", "image_number": {"type": "int", "data": 23}, "Hcamera2end": {"type": "ndarray", "data": [[0.9999968615487569, 0.0016305225413495203, -0.0019021800331319267, -0.01959240256878929], [0.001894021868954413, 0.0049904309100001765, 0.9999857540387727, 0.02290919155668542], [0.0016399920110223426, -0.9999862184028212, 0.0049873270024249905, 0.03550760937492672], [0.0, 0.0, 0.0, 1.0]]}, "Hobj2base": {"type": "ndarray", "data": [[0.9999906221296317, 0.0017526007068615521, -0.003960308517571371, -0.739186407156265], [0.0017440518183017642, -0.9999961440321601, -0.0021610654931860525, 0.08336683188861875], [-0.003964080731660025, 0.0021541382437228937, -0.999989822824402, 0.0006097153092644484], [0.0, 0.0, 0.0, 1.0]]}, "mean_rme": {"type": "float", "data": 0.0016472647256427757}, "max_rme": {"type": "float", "data": 0.006757788819585997}, "simu": {"type": "float", "data": 0.002}}, {"type": "dict", "image_number": {"type": "int", "data": 24}, "Hcamera2end": {"type": "ndarray", "data": [[0.9999977186209085, 0.0012626884728932188, -0.0017228960499163645, -0.01960900365036013], [0.0017160903190295174, 0.005371281659997229, 0.9999841020573009, 0.021864305701872793], [0.0012719225586992273, -0.9999847773597105, 0.005369102518603341, 0.03584499238082618], [0.0, 0.0, 0.0, 1.0]]}, "Hobj2base": {"type": "ndarray", "data": [[0.9999903459686821, 0.0013905364326776682, -0.004168258373102707, -0.7397164428809894], [0.0013822311310665518, -0.9999970552399005, -0.001994730214228955, 0.08353824648842582], [-0.004171019843618015, 0.001988949460555365, -0.9999893232797576, 0.0016619088327096802], [0.0, 0.0, 0.0, 1.0]]}, "mean_rme": {"type": "float", "data": 0.001656453281706813}, "max_rme": {"type": "float", "data": 0.00666922751705179}, "simu": {"type": "float", "data": 0.002}}, {"type": "dict", "image_number": {"type": "int", "data": 25}, "Hcamera2end": {"type": "ndarray", "data": [[0.9999979863204674, 0.0009363831182005108, -0.0017749765255237926, -0.019643796398608884], [0.0017698366559713947, 0.0054616320316701605, 0.9999835189910687, 0.021351683830027668], [0.0009460619543092396, -0.999984646763242, 0.005459963788526867, 0.035586478559949127], [0.0, 0.0, 0.0, 1.0]]}, "Hobj2base": {"type": "ndarray", "data": [[0.9999908089762007, 0.0010877441149230323, -0.004147140685357261, -0.7394923495762257], [0.0010791992342421629, -0.9999972915153887, -0.002062108362688125, 0.08350060932020555], [-0.004149372499126381, 0.002057613818749155, -0.999989274409099, 0.002175350511053413], [0.0, 0.0, 0.0, 1.0]]}, "mean_rme": {"type": "float", "data": 0.0016249337793095618}, "max_rme": {"type": "float", "data": 0.006861581451861887}, "simu": {"type": "float", "data": 0.002}}, {"type": "dict", "image_number": {"type": "int", "data": 26}, "Hcamera2end": {"type": "ndarray", "data": [[0.999997860842754, 0.0007481986067093789, -0.0019283435277100084, -0.019687922274724635], [0.001924212980108269, 0.005482650023727165, 0.9999831188340752, 0.021102724690069928], [0.0007587584089325075, -0.9999846902565869, 0.00548119860200591, 0.03533113891091875], [0.0, 0.0, 0.0, 1.0]]}, "Hobj2base": {"type": "ndarray", "data": [[0.9999912229095638, 0.0009192474789213734, -0.004087675122562836, -0.7392317585398711], [0.0009101027613091431, -0.9999970805418661, -0.002238441580505552, 0.08335297689726139], [-0.004089720870546042, 0.002234701729084984, -0.9999891400867229, 0.0024117383040807763], [0.0, 0.0, 0.0, 1.0]]}, "mean_rme": {"type": "float", "data": 0.0015965269505235787}, "max_rme": {"type": "float", "data": 0.007028180253004002}, "simu": {"type": "float", "data": 0.002}}, {"type": "dict", "image_number": {"type": "int", "data": 27}, "Hcamera2end": {"type": "ndarray", "data": [[0.9999973035673411, 0.0002818004352517921, -0.0023050914432584425, -0.019761823577064186], [0.0023035089104607577, 0.005492736801483877, 0.9999822616872407, 0.02080850256836702], [0.00029445669718870695, -0.9999848751010909, 0.0054920728608753855, 0.03500361482512167], [0.0, 0.0, 0.0, 1.0]]}, "Hobj2base": {"type": "ndarray", "data": [[0.9999918247633637, 0.00047046773079913217, -0.004016100914127552, -0.7388757579894509], [0.00045995908197074, -0.9999964694692756, -0.0026171523890193642, 0.08314354705472952], [-0.004017318020905499, 0.002615283751089707, -0.9999885106574076, 0.002685341505568642], [0.0, 0.0, 0.0, 1.0]]}, "mean_rme": {"type": "float", "data": 0.001570387847826641}, "max_rme": {"type": "float", "data": 0.007219845783623224}, "simu": {"type": "float", "data": 0.002}}, {"type": "dict", "image_number": {"type": "int", "data": 28}, "Hcamera2end": {"type": "ndarray", "data": [[0.9999976992461026, 0.0004224377936240104, -0.002103104565121896, -0.019698486357365097], [0.0021007301583795485, 0.005544653166028923, 0.9999824217225373, 0.020523079920017798], [0.0004340913532807566, -0.9999845390642694, 0.005543752981333472, 0.03464723438847047], [0.0, 0.0, 0.0, 1.0]]}, "Hobj2base": {"type": "ndarray", "data": [[0.9999920763199152, 0.0006125620047246642, -0.003933454610824363, -0.7385317195512325], [0.0006030787063418544, -0.9999969100734638, -0.0024116673897409645, 0.08319270409889537], [-0.00393491975254957, 0.0024092760977419466, -0.9999893558409638, 0.0029901702715897254], [0.0, 0.0, 0.0, 1.0]]}, "mean_rme": {"type": "float", "data": 0.0015583753372174019}, "max_rme": {"type": "float", "data": 0.007480298894094073}, "simu": {"type": "float", "data": 0.002}}, {"type": "dict", "image_number": {"type": "int", "data": 29}, "Hcamera2end": {"type": "ndarray", "data": [[0.9999979970412879, 0.0005068019366030661, -0.0019362502961886604, -0.019662621873068963], [0.0019333658813802338, 0.005631326488303334, 0.9999822749720868, 0.020261661462314656], [0.0005176966111055057, -0.9999840155291377, 0.005630335375416018, 0.03447719040845588], [0.0, 0.0, 0.0, 1.0]]}, "Hobj2base": {"type": "ndarray", "data": [[0.9999921816165988, 0.0006963724999913468, -0.003892527587150299, -0.7383824301716099], [0.0006877844339360824, -0.9999973276093201, -0.0022071988562520238, 0.08332708258671112], [-0.003894054217381359, 0.0022045043796420144, -0.9999899882009784, 0.0032625488849616453], [0.0, 0.0, 0.0, 1.0]]}, "mean_rme": {"type": "float", "data": 0.0015272652579271843}, "max_rme": {"type": "float", "data": 0.007618485552349674}, "simu": {"type": "float", "data": 0.002}}, {"type": "dict", "image_number": {"type": "int", "data": 30}, "Hcamera2end": {"type": "ndarray", "data": [[0.9999990592813464, 0.0001570581401234549, -0.0013626331725687972, -0.01963393138334428], [0.0013617535439162678, 0.005470926742394244, 0.9999841071676416, 0.0203953978446841], [0.00016451051028864357, -0.9999850220344904, 0.005470707721312529, 0.033844203321655504], [0.0, 0.0, 0.0, 1.0]]}, "Hobj2base": {"type": "ndarray", "data": [[0.9999932866115585, 0.00028854235066568033, -0.003652872174784798, -0.7376026988524822], [0.00028277093762920573, -0.9999987112132027, -0.0015803836657347348, 0.08384333924006869], [-0.0036533234746292304, 0.0015793401299153966, -0.9999920794248043, 0.0031691641928642935], [0.0, 0.0, 0.0, 1.0]]}, "mean_rme": {"type": "float", "data": 0.001583895782248244}, "max_rme": {"type": "float", "data": 0.00794086808254002}, "simu": {"type": "float", "data": 0.002}}]}