{"type": "list", "data": [{"type": "dict", "image_number": {"type": "int", "data": 5}, "Hcamera2end": {"type": "ndarray", "data": [[0.9999982780357282, -0.0018055168464751724, 0.0004289924190230525, -0.01550716508100834], [-0.00042858578223191183, 0.00022559993532034195, 0.9999998827094413, 0.02364771781187588], [-0.0018056134153670773, -0.9999983446054229, 0.00022482572799542577, 0.03690572804354086], [0.0, 0.0, 0.0, 1.0]]}, "Hobj2base": {"type": "ndarray", "data": [[0.9999982047004136, -0.001670685353067932, 0.0008940952973878396, -0.7406816901028902], [-0.0016697006160357958, -0.9999979999544755, -0.0011009935977447179, 0.08987901414803048], [0.0008959329230341151, 0.001099498749662524, -0.9999989942028429, 0.0011180989117497652], [0.0, 0.0, 0.0, 1.0]]}, "mean_rme": {"type": "float", "data": 0.0012311620510046697}, "max_rme": {"type": "float", "data": 0.003178494947912558}, "simu": {"type": "float", "data": 0.002}}, {"type": "dict", "image_number": {"type": "int", "data": 6}, "Hcamera2end": {"type": "ndarray", "data": [[0.9999988036072568, -0.001545071598157022, 7.441647431360716e-05, -0.015509112573558716], [-7.357301138185592e-05, 0.0005459550631962129, 0.9999998482600291, 0.02356733404812092], [-0.0015451119917588392, -0.9999986573425116, 0.0005458407344491878, 0.03671580230638042], [0.0, 0.0, 0.0, 1.0]]}, "Hobj2base": {"type": "ndarray", "data": [[0.9999986260502567, -0.0014659491842861716, 0.0007738802155175219, -0.7409677617913762], [-0.0014652583850155569, -0.999998528267914, -0.0008924572093942934, 0.08977128678167151], [0.0007751873734913002, 0.000891322048728155, -0.999999302314527, 0.001199548652465197], [0.0, 0.0, 0.0, 1.0]]}, "mean_rme": {"type": "float", "data": 0.0011601043503825235}, "max_rme": {"type": "float", "data": 0.003414648910135487}, "simu": {"type": "float", "data": 0.002}}, {"type": "dict", "image_number": {"type": "int", "data": 7}, "Hcamera2end": {"type": "ndarray", "data": [[0.9999989667604099, -0.0014372043714404523, 3.0359634706873958e-05, -0.015888787174277344], [-2.9294389515260237e-05, 0.0007412078116741938, 0.9999997248763713, 0.02347555465729395], [-0.001437226478829975, -0.9999986925264325, 0.0007411649438042733, 0.03676757286572575], [0.0, 0.0, 0.0, 1.0]]}, "Hobj2base": {"type": "ndarray", "data": [[0.9999987418354968, -0.00145494966562672, 0.0006320196943277118, -0.7409252858865012], [-0.0014543927726464066, -0.9999985545534733, -0.000880700077432954, 0.08950526332226962], [0.0006333001550602184, 0.0008797797644917783, -0.999999412459067, 0.0011179006442147263], [0.0, 0.0, 0.0, 1.0]]}, "mean_rme": {"type": "float", "data": 0.0011669351136167532}, "max_rme": {"type": "float", "data": 0.0031930189601008796}, "simu": {"type": "float", "data": 0.002}}, {"type": "dict", "image_number": {"type": "int", "data": 8}, "Hcamera2end": {"type": "ndarray", "data": [[0.9999985363051368, -0.0017068716893678358, -0.00011822275639919368, -0.015902760285146214], [0.0001196872272005463, 0.0008579086395756885, 0.9999996248337963, 0.023634200414599203], [-0.001706769624683155, -0.9999981752892362, 0.000858111674598927, 0.036650056762576946], [0.0, 0.0, 0.0, 1.0]]}, "Hobj2base": {"type": "ndarray", "data": [[0.9999984266770792, -0.0017657499710616855, 0.00016961841269572329, -0.7412821165824931], [-0.0017656411040093667, -0.9999982365470952, -0.0006398548205792876, 0.08976859109443504], [0.00017074793721256231, 0.0006395543286395799, -0.9999997809076773, 0.0010243351158989306], [0.0, 0.0, 0.0, 1.0]]}, "mean_rme": {"type": "float", "data": 0.0013032995487904963}, "max_rme": {"type": "float", "data": 0.00373271780590384}, "simu": {"type": "float", "data": 0.002}}, {"type": "dict", "image_number": {"type": "int", "data": 9}, "Hcamera2end": {"type": "ndarray", "data": [[0.9999970022186543, -0.0024448607662261876, 0.0001349427230507654, -0.016133782706731693], [-0.0001338611102609244, 0.00044256084729787926, 0.9999998931105439, 0.023686636576216426], [-0.0024449202252622006, -0.9999969133931014, 0.00044223224882067314, 0.03695689823988809], [0.0, 0.0, 0.0, 1.0]]}, "Hobj2base": {"type": "ndarray", "data": [[0.9999973669663514, -0.002267681507909313, 0.00035168301493055103, -0.7407993601818557], [-0.002267433287474361, -0.9999971811335429, -0.0007046071639376397, 0.08990509924885187], [0.00035327984821909844, 0.0007038078909085752, -0.9999996899238528, 0.0008137262047558133], [0.0, 0.0, 0.0, 1.0]]}, "mean_rme": {"type": "float", "data": 0.0014405055700313875}, "max_rme": {"type": "float", "data": 0.004032137706890371}, "simu": {"type": "float", "data": 0.002}}, {"type": "dict", "image_number": {"type": "int", "data": 10}, "Hcamera2end": {"type": "ndarray", "data": [[0.9999973079839245, -0.002273236976346645, 0.00046520807532467406, -0.016528485112684094], [-0.000464239608080791, 0.0004265391356181869, 0.9999998012729561, 0.023583634903910886], [-0.0022734349540433126, -0.9999973252254302, 0.0004254826607249518, 0.03687669604002004], [0.0, 0.0, 0.0, 1.0]]}, "Hobj2base": {"type": "ndarray", "data": [[0.9999975479490376, -0.00215480492471982, 0.0005107951140813208, -0.7406710687707885], [-0.0021547176210460054, -0.9999976639032597, -0.00017140594350992263, 0.08979073599669925], [0.000511163267185721, 0.00017030490398075869, -0.9999998548541669, 0.0006946161170794385], [0.0, 0.0, 0.0, 1.0]]}, "mean_rme": {"type": "float", "data": 0.0014869769677707037}, "max_rme": {"type": "float", "data": 0.003956389341242816}, "simu": {"type": "float", "data": 0.002}}, {"type": "dict", "image_number": {"type": "int", "data": 11}, "Hcamera2end": {"type": "ndarray", "data": [[0.9999975902759061, -0.002026382540168044, 0.0008445212738644143, -0.016639374167372923], [-0.0008441174164102387, 0.00020014668789891665, 0.9999996237034746, 0.02382585532895111], [-0.0020265508057831596, -0.9999979268554032, 0.00019843570080613215, 0.03697431362453779], [0.0, 0.0, 0.0, 1.0]]}, "Hobj2base": {"type": "ndarray", "data": [[0.9999979925769561, -0.0018714546519973932, 0.0007158907343365918, -0.7405087691998744], [-0.001871326513581504, -0.9999982329353856, -0.0001796195597935614, 0.08997919148854186], [0.0007162256191721725, 0.00017827953390912654, -0.9999997276185983, 0.00041255496890304296], [0.0, 0.0, 0.0, 1.0]]}, "mean_rme": {"type": "float", "data": 0.0015129175862643668}, "max_rme": {"type": "float", "data": 0.004107438242769879}, "simu": {"type": "float", "data": 0.002}}, {"type": "dict", "image_number": {"type": "int", "data": 12}, "Hcamera2end": {"type": "ndarray", "data": [[0.9999975130936414, -0.0021117038803155144, 0.0007172957928852947, -0.016561279922255437], [-0.0007167354722779642, 0.0002660853317791867, 0.9999997077443864, 0.02372945140259389], [-0.002111894125047235, -0.9999977349500934, 0.0002645711369718695, 0.03706590930289075], [0.0, 0.0, 0.0, 1.0]]}, "Hobj2base": {"type": "ndarray", "data": [[0.9999977530877985, -0.0019387277543782258, 0.0008574112483476632, -0.7403592556541517], [-0.0019387118164507099, -0.999998120507928, -1.9419175266900963e-05, 0.09002890439406595], [0.0008574472853440764, 1.775685831498974e-05, -0.9999996322343558, 0.00048658770127267087], [0.0, 0.0, 0.0, 1.0]]}, "mean_rme": {"type": "float", "data": 0.0014726233387887598}, "max_rme": {"type": "float", "data": 0.0043633959069849515}, "simu": {"type": "float", "data": 0.002}}, {"type": "dict", "image_number": {"type": "int", "data": 13}, "Hcamera2end": {"type": "ndarray", "data": [[0.9999976300486981, -0.0021137668896116513, 0.000521427390353869, -0.01655327784193509], [-0.0005207355648729141, 0.0003278322154541824, 0.9999998106802371, 0.023736837206286793], [-0.002113937430130383, -0.9999977122551705, 0.0003267307249125162, 0.03708862884838372], [0.0, 0.0, 0.0, 1.0]]}, "Hobj2base": {"type": "ndarray", "data": [[0.9999978167336123, -0.001918778254607403, 0.0008275373213940232, -0.7403683273010314], [-0.001918878536457581, -0.9999981517022973, 0.00012040411716943203, 0.09010589682636691], [0.0008273047630569032, -0.00012199179789931066, -0.9999996503423538, 0.0004470113099548026], [0.0, 0.0, 0.0, 1.0]]}, "mean_rme": {"type": "float", "data": 0.0014440997406953574}, "max_rme": {"type": "float", "data": 0.004408731626794227}, "simu": {"type": "float", "data": 0.002}}, {"type": "dict", "image_number": {"type": "int", "data": 14}, "Hcamera2end": {"type": "ndarray", "data": [[0.9999972807848445, -0.0023293118875843764, -0.00011282307892005751, -0.016500649733138115], [0.00011380860644157943, 0.0004229699249705954, 0.9999999040720173, 0.023467857346921604], [-0.00232926394336896, -0.9999971976973601, 0.00042323387056419914, 0.0370949397083054], [0.0, 0.0, 0.0, 1.0]]}, "Hobj2base": {"type": "ndarray", "data": [[0.9999973188538731, -0.002142567262259016, 0.0008784592146817102, -0.7402632981889206], [-0.002142362415959657, -0.9999976777462249, -0.00023406288841172954, 0.08975144522016676], [0.0008789586701585036, 0.0002321802828494353, -0.9999995867619007, 0.0006594861946508221], [0.0, 0.0, 0.0, 1.0]]}, "mean_rme": {"type": "float", "data": 0.0014805569688110206}, "max_rme": {"type": "float", "data": 0.00451505944573409}, "simu": {"type": "float", "data": 0.002}}, {"type": "dict", "image_number": {"type": "int", "data": 15}, "Hcamera2end": {"type": "ndarray", "data": [[0.9999961225724979, -0.002499483768669322, -0.0012277706870234633, -0.016508988922394423], [0.0012290472241051134, 0.0005092483762908495, 0.9999991150541143, 0.02320189100608973], [-0.002498856316532621, -0.9999967466181983, 0.0005123183853047442, 0.037072409236889176], [0.0, 0.0, 0.0, 1.0]]}, "Hobj2base": {"type": "ndarray", "data": [[0.9999969770523095, -0.0023041283024363597, 0.0008584165706062486, -0.740203064862433], [-0.0023031992731530415, -0.9999967626150639, -0.0010816804052716956, 0.08914569237397371], [0.0008609061220173517, 0.0010797000309869297, -0.9999990465437913, 0.0008551130053698527], [0.0, 0.0, 0.0, 1.0]]}, "mean_rme": {"type": "float", "data": 0.0015288690807096765}, "max_rme": {"type": "float", "data": 0.004557324115790892}, "simu": {"type": "float", "data": 0.002}}, {"type": "dict", "image_number": {"type": "int", "data": 16}, "Hcamera2end": {"type": "ndarray", "data": [[0.9999950879767783, -0.002683477670033384, -0.0016195585540103351, -0.01649389388247733], [0.001621177327234463, 0.0006011717251553916, 0.9999985051871981, 0.023182080587830195], [-0.0026825000259267043, -0.9999962187629269, 0.0006055191653427938, 0.03711065411632967], [0.0, 0.0, 0.0, 1.0]]}, "Hobj2base": {"type": "ndarray", "data": [[0.9999964668998889, -0.002507206001022032, 0.0008832359865139998, -0.7401881710924985], [-0.002506093443192952, -0.9999960678277551, -0.001258500966022236, 0.08911385887141547], [0.0008863878346522711, 0.0012562830476977383, -0.9999988180340564, 0.0008081806116824984], [0.0, 0.0, 0.0, 1.0]]}, "mean_rme": {"type": "float", "data": 0.0015008853348936668}, "max_rme": {"type": "float", "data": 0.004608460524022612}, "simu": {"type": "float", "data": 0.002}}, {"type": "dict", "image_number": {"type": "int", "data": 17}, "Hcamera2end": {"type": "ndarray", "data": [[0.999996337036541, -0.002445364225209064, -0.001160218646140606, -0.01635850659675582], [0.0011614479971714191, 0.0005013670534398385, 0.9999991998344937, 0.02314015494810201], [-0.0024447805731089988, -0.9999968844075884, 0.0005042053803323565, 0.03709525593516903], [0.0, 0.0, 0.0, 1.0]]}, "Hobj2base": {"type": "ndarray", "data": [[0.9999970721278393, -0.0022555814730905125, 0.0008764062798463264, -0.7402043586418963], [-0.0022550710183915877, -0.9999972873832497, -0.0005829930047797111, 0.08939344856159287], [0.0008777188907124944, 0.0005810149394487047, -0.9999994460154407, 0.0008132099882324576], [0.0, 0.0, 0.0, 1.0]]}, "mean_rme": {"type": "float", "data": 0.0014445124527592273}, "max_rme": {"type": "float", "data": 0.004586217271720025}, "simu": {"type": "float", "data": 0.002}}, {"type": "dict", "image_number": {"type": "int", "data": 18}, "Hcamera2end": {"type": "ndarray", "data": [[0.999995428494849, -0.002695604535563635, -0.0013699290460160868, -0.01622692377175057], [0.001371450370029904, 0.0005626046192234169, 0.999998901299359, 0.022554614307545205], [-0.002694830845491907, -0.9999962085889279, 0.0005662989351111758, 0.037131747123481634], [0.0, 0.0, 0.0, 1.0]]}, "Hobj2base": {"type": "ndarray", "data": [[0.9999964443141163, -0.002478524060285862, 0.0009840109791292649, -0.7402733371423484], [-0.002477752597199114, -0.9999966226883865, -0.000784444955350737, 0.08949966031656492], [0.0009859519215133638, 0.0007820040303516729, -0.9999992081839391, 0.0013904890510315934], [0.0, 0.0, 0.0, 1.0]]}, "mean_rme": {"type": "float", "data": 0.0015106145328013703}, "max_rme": {"type": "float", "data": 0.004532372468352225}, "simu": {"type": "float", "data": 0.002}}, {"type": "dict", "image_number": {"type": "int", "data": 19}, "Hcamera2end": {"type": "ndarray", "data": [[0.9999948219877874, -0.0027890178762448098, -0.0016054210971972267, -0.016019795912889934], [0.0016060417490704052, 0.0002203088133402309, 0.9999986860461001, 0.02144236380412665], [-0.0027886605231870606, -0.9999960864139981, 0.00022478695172656327, 0.0346731126368608], [0.0, 0.0, 0.0, 1.0]]}, "Hobj2base": {"type": "ndarray", "data": [[0.9999962530259937, -0.0023304531247240784, 0.00143628764749138, -0.7377709028777198], [-0.0023289478342569613, -0.9999967379782986, -0.0010488254132643405, 0.09002099073154496], [0.0014387272007515364, 0.0010454764443367849, -0.9999984185202726, 0.0024120178800236536], [0.0, 0.0, 0.0, 1.0]]}, "mean_rme": {"type": "float", "data": 0.0015732840499794178}, "max_rme": {"type": "float", "data": 0.005111541890522653}, "simu": {"type": "float", "data": 0.002}}, {"type": "dict", "image_number": {"type": "int", "data": 20}, "Hcamera2end": {"type": "ndarray", "data": [[0.9999976599255688, -0.001904284982115582, -0.0010265681143257406, -0.016230336806309427], [0.0010262400915756662, -0.0001732242046659227, 0.9999994584121783, 0.021916929520150938], [-0.0019044617772231653, -0.99999817184437, -0.0001712695457138924, 0.03660832216752607], [0.0, 0.0, 0.0, 1.0]]}, "Hobj2base": {"type": "ndarray", "data": [[0.9999982141755961, -0.0014012504534094024, 0.001268125697806742, -0.7396486463266274], [-0.001400442075040562, -0.9999988157799404, -0.0006381228020050857, 0.08968571684957513], [0.0012690183659324935, 0.0006363457258461644, -0.9999989923277439, 0.0019322220784535743], [0.0, 0.0, 0.0, 1.0]]}, "mean_rme": {"type": "float", "data": 0.0015803528352228765}, "max_rme": {"type": "float", "data": 0.005703767666414228}, "simu": {"type": "float", "data": 0.002}}, {"type": "dict", "image_number": {"type": "int", "data": 21}, "Hcamera2end": {"type": "ndarray", "data": [[0.9999973726808976, -0.0021076085394631456, -0.0009014530195205989, -0.016291809260188986], [0.0009014338640311434, -1.0038650569699215e-05, 0.9999995936580247, 0.021358019456942122], [-0.0021076167324251957, -0.9999977789402684, -8.138754485464972e-06, 0.03654651558413417], [0.0, 0.0, 0.0, 1.0]]}, "Hobj2base": {"type": "ndarray", "data": [[0.9999978863311277, -0.0016475001354260322, 0.0012300717786892558, -0.7396989589219393], [-0.001646878015648304, -0.9999985155731996, -0.000506600630928306, 0.09007388650345226], [0.0012309045773458021, 0.000504573781972329, -0.9999991151392187, 0.002407948853079365], [0.0, 0.0, 0.0, 1.0]]}, "mean_rme": {"type": "float", "data": 0.001584654523176002}, "max_rme": {"type": "float", "data": 0.005734812587881666}, "simu": {"type": "float", "data": 0.002}}, {"type": "dict", "image_number": {"type": "int", "data": 22}, "Hcamera2end": {"type": "ndarray", "data": [[0.9999969796976259, -0.0022756435494702566, -0.0009284622025965914, -0.016240519056044844], [0.0009284016529785032, -2.7663902775865168e-05, 0.9999995686524465, 0.022890609856173996], [-0.002275668252765083, -0.9999974103372189, -2.5551107989629784e-05, 0.03569754272337437], [0.0, 0.0, 0.0, 1.0]]}, "Hobj2base": {"type": "ndarray", "data": [[0.9999974927912236, -0.0017983149605003352, 0.001334344246990058, -0.7386175515052311], [-0.0017975981754870841, -0.9999982394965086, -0.0005381864755116431, 0.08944754037705997], [0.0013353097266628044, 0.0005357865113819275, -0.9999989649398382, 0.0010840490489607405], [0.0, 0.0, 0.0, 1.0]]}, "mean_rme": {"type": "float", "data": 0.001641409219655485}, "max_rme": {"type": "float", "data": 0.006259758413116767}, "simu": {"type": "float", "data": 0.002}}, {"type": "dict", "image_number": {"type": "int", "data": 23}, "Hcamera2end": {"type": "ndarray", "data": [[0.9999958298944372, -0.002648278031512272, -0.0011518755155947033, -0.016168171931824578], [0.0011516589776113806, -8.328908361709964e-05, 0.9999993333720416, 0.022850735495037605], [-0.00264837220475223, -0.9999964898370375, -8.023882312269137e-05, 0.036118571736665286], [0.0, 0.0, 0.0, 1.0]]}, "Hobj2base": {"type": "ndarray", "data": [[0.9999965354488769, -0.002087220268628446, 0.0016039332259224154, -0.7389408040750398], [-0.0020861124616106115, -0.9999975846017617, -0.000692044391255103, 0.08936410284866071], [0.0016053738008651457, 0.000688696008541742, -0.9999984742352195, 0.0011048883586044693], [0.0, 0.0, 0.0, 1.0]]}, "mean_rme": {"type": "float", "data": 0.0016279442031738533}, "max_rme": {"type": "float", "data": 0.00625068133717277}, "simu": {"type": "float", "data": 0.002}}, {"type": "dict", "image_number": {"type": "int", "data": 24}, "Hcamera2end": {"type": "ndarray", "data": [[0.9999947792187867, -0.003090429165904751, -0.0009438128737772138, -0.016179992902141463], [0.0009436251554634455, -6.219937077811544e-05, 0.9999995528513019, 0.023137757757820055], [-0.0030904864885902554, -0.9999952226779927, -5.9282839346863625e-05, 0.03526747041529054], [0.0, 0.0, 0.0, 1.0]]}, "Hobj2base": {"type": "ndarray", "data": [[0.9999952367365531, -0.0025181106596130556, 0.0017848313396616358, -0.7380199064630361], [-0.0025173442468345098, -0.9999967383788944, -0.00043152000550020816, 0.08956658882308721], [0.0017859121333437555, 0.00042702491515227224, -0.9999983140823654, 0.0007849108149570438], [0.0, 0.0, 0.0, 1.0]]}, "mean_rme": {"type": "float", "data": 0.0016443554929244848}, "max_rme": {"type": "float", "data": 0.006139954907124268}, "simu": {"type": "float", "data": 0.002}}, {"type": "dict", "image_number": {"type": "int", "data": 25}, "Hcamera2end": {"type": "ndarray", "data": [[0.999993274757869, -0.0036146577733689855, -0.0006202323874491681, -0.01606147879409668], [0.0006201909896394423, -1.2573642095059512e-05, 0.9999998076025014, 0.023403892489099576], [-0.0036146648764979273, -0.9999934670242026, -1.0331779352723558e-05, 0.03470310493390448], [0.0, 0.0, 0.0, 1.0]]}, "Hobj2base": {"type": "ndarray", "data": [[0.9999933524495549, -0.003054734366293292, 0.0019908929282423243, -0.7373682795930421], [-0.003054624976899368, -0.999995332941203, -5.7983300364806896e-05, 0.0896999585816397], [0.0019910607602082655, 5.190148365295142e-05, -0.9999980164896753, 0.0005275314361288341], [0.0, 0.0, 0.0, 1.0]]}, "mean_rme": {"type": "float", "data": 0.0016385262011512972}, "max_rme": {"type": "float", "data": 0.0060316045414419706}, "simu": {"type": "float", "data": 0.002}}, {"type": "dict", "image_number": {"type": "int", "data": 26}, "Hcamera2end": {"type": "ndarray", "data": [[0.9999929615528227, -0.0036457486389618564, -0.0008862063396090599, -0.01598847351235956], [0.0008853722628795301, -0.00023038821314314006, 0.9999995815185261, 0.023089605926132448], [-0.003645951284778651, -0.9999933276968065, -0.00022715874684542392, 0.03522975204883687], [0.0, 0.0, 0.0, 1.0]]}, "Hobj2base": {"type": "ndarray", "data": [[0.9999931785253516, -0.0029664453025721738, 0.0022007055757239827, -0.737835086131722], [-0.0029658848501354935, -0.9999955685002728, -0.00025788926501809565, 0.08968369790734876], [0.0022014608376966197, 0.00025136046650636376, -0.9999975451910355, 0.0007803124812433026], [0.0, 0.0, 0.0, 1.0]]}, "mean_rme": {"type": "float", "data": 0.0016477906148248027}, "max_rme": {"type": "float", "data": 0.006146472228059252}, "simu": {"type": "float", "data": 0.002}}, {"type": "dict", "image_number": {"type": "int", "data": 27}, "Hcamera2end": {"type": "ndarray", "data": [[0.9999921217821296, -0.0038833285886787678, -0.0008222729150872581, -0.015956353593084165], [0.0008209554312342483, -0.0003408484836762149, 0.9999996049271673, 0.02300970385195288], [-0.0038836073249574185, -0.9999924017618249, -0.00033765775870153725, 0.03497018264070653], [0.0, 0.0, 0.0, 1.0]]}, "Hobj2base": {"type": "ndarray", "data": [[0.9999920637801138, -0.003145770431718695, 0.002444689178512521, -0.7375039828572432], [-0.003145476481313561, -0.9999950452791548, -0.0001240759710766212, 0.0898785230236404], [0.0024450673802811876, 0.00011638527406729927, -0.9999970040454991, 0.0007764334990206008], [0.0, 0.0, 0.0, 1.0]]}, "mean_rme": {"type": "float", "data": 0.001622382988030633}, "max_rme": {"type": "float", "data": 0.006164455242656741}, "simu": {"type": "float", "data": 0.002}}, {"type": "dict", "image_number": {"type": "int", "data": 28}, "Hcamera2end": {"type": "ndarray", "data": [[0.9999922379930998, -0.003836605027245964, -0.0008968920875314992, -0.016195898171010685], [0.0008962323840012651, -0.0001736656121555935, 0.9999995833037976, 0.023357960093113427], [-0.003836759187860638, -0.9999926251238656, -0.00017022577449199439, 0.03502548066529279], [0.0, 0.0, 0.0, 1.0]]}, "Hobj2base": {"type": "ndarray", "data": [[0.9999922254240811, -0.003185311302431607, 0.002324410312416911, -0.7376277639819456], [-0.0031850375968952584, -0.9999949203804255, -0.00012144485928221412, 0.08941968861604635], [0.0023247853449796818, 0.00011404058086427676, -0.9999972911802544, 0.000689477293100623], [0.0, 0.0, 0.0, 1.0]]}, "mean_rme": {"type": "float", "data": 0.0016184517324011505}, "max_rme": {"type": "float", "data": 0.006071479517000933}, "simu": {"type": "float", "data": 0.002}}, {"type": "dict", "image_number": {"type": "int", "data": 29}, "Hcamera2end": {"type": "ndarray", "data": [[0.9999918585059402, -0.003917919939703237, -0.0009658287538995909, -0.016925878898933516], [0.0009650563947337617, -0.00019902072942845628, 0.9999995145283346, 0.023611395311095677], [-0.003918110257607221, -0.9999923051174423, -0.0001952380954104438, 0.03520946788807973], [0.0, 0.0, 0.0, 1.0]]}, "Hobj2base": {"type": "ndarray", "data": [[0.999991764601696, -0.0032393252445720904, 0.0024448927882594414, -0.7378043638662335], [-0.0032389999492489843, -0.9999947450415287, -0.0001369987509334481, 0.08865616750263611], [0.0024453237239617444, 0.00012907861507707548, -0.9999970018608042, 0.0009042225876250583], [0.0, 0.0, 0.0, 1.0]]}, "mean_rme": {"type": "float", "data": 0.001585901494067851}, "max_rme": {"type": "float", "data": 0.006023788476300029}, "simu": {"type": "float", "data": 0.002}}, {"type": "dict", "image_number": {"type": "int", "data": 30}, "Hcamera2end": {"type": "ndarray", "data": [[0.9999925946611112, -0.0037166168975032053, -0.00099869002980801, -0.017185530745002744], [0.0009984603795814154, -6.364506732370323e-05, 0.9999994995129626, 0.02336677287695262], [-0.0037166785990788076, -0.9999930913302064, -5.993370129231401e-05, 0.03529660184215919], [0.0, 0.0, 0.0, 1.0]]}, "Hobj2base": {"type": "ndarray", "data": [[0.999992587650086, -0.0031435304204995435, 0.0022232546818679, -0.7379094033361293], [-0.003143372520599071, -0.9999950568163121, -7.451266405035028e-05, 0.08861547587540425], [0.0022234779247377774, 6.752359406313452e-05, -0.9999975257901801, 0.0012778469691066626], [0.0, 0.0, 0.0, 1.0]]}, "mean_rme": {"type": "float", "data": 0.0015699106730604577}, "max_rme": {"type": "float", "data": 0.006028155093059817}, "simu": {"type": "float", "data": 0.002}}]}