{"type": "list", "data": [{"type": "dict", "image_number": {"type": "int", "data": 5}, "Hcamera2end": {"type": "ndarray", "data": [[0.9999695254011474, 0.0067620534283268415, 0.0039016538078786235, -0.015025747855253449], [-0.003893343204374246, -0.001241734137667816, 0.9999916499526504, 0.026109980001193238], [0.006766841781587141, -0.9999763660856009, -0.0012153693015553024, 0.029583369349207432], [0.0, 0.0, 0.0, 1.0]]}, "Hobj2base": {"type": "ndarray", "data": [[0.9999767115312955, 0.006495272265947775, 0.0020947155528801753, -0.7312465537659681], [0.006487375798315153, -0.9999719076030149, 0.003754725028436166, 0.08789684428336454], [0.0021190446686427536, -0.003741048379657738, -0.9999907570606408, -0.00483376190775533], [0.0, 0.0, 0.0, 1.0]]}, "mean_rme": {"type": "float", "data": 0.0021922426032622757}, "max_rme": {"type": "float", "data": 0.006123390172437168}, "simu": {"type": "float", "data": 0.002}}, {"type": "dict", "image_number": {"type": "int", "data": 6}, "Hcamera2end": {"type": "ndarray", "data": [[0.9999739366911499, 0.006633312244866083, 0.0028504573433543188, -0.015204179644305149], [-0.0028419674208424975, -0.0012889660636512534, 0.9999951308819788, 0.025683800407630155], [0.006636954089267359, -0.9999771686069383, -0.0012700808116383744, 0.029605943421902873], [0.0, 0.0, 0.0, 1.0]]}, "Hobj2base": {"type": "ndarray", "data": [[0.9999761664498485, 0.006653295719149622, 0.0018439599611597042, -0.7310598235988489], [0.006646832845728874, -0.9999718223934564, 0.0034891305837717146, 0.08736139928384755], [0.0018671222203579987, -0.0034767909317669162, -0.9999922128593959, -0.004505394505137798], [0.0, 0.0, 0.0, 1.0]]}, "mean_rme": {"type": "float", "data": 0.0018960575280516088}, "max_rme": {"type": "float", "data": 0.005869551864170382}, "simu": {"type": "float", "data": 0.002}}, {"type": "dict", "image_number": {"type": "int", "data": 7}, "Hcamera2end": {"type": "ndarray", "data": [[0.9999736072617614, 0.006578473329649656, 0.0030835804759336183, -0.014871783384425817], [-0.0030777755727440115, -0.0008923501167290571, 0.999994865491215, 0.02590019148584633], [0.006581191185818196, -0.9999779634571555, -0.0008720795006460502, 0.029980480418083107], [0.0, 0.0, 0.0, 1.0]]}, "Hobj2base": {"type": "ndarray", "data": [[0.9999776296636308, 0.006540554528874221, 0.0014004709069538642, -0.7316660238593885], [0.006535032706471712, -0.9999709953185623, 0.003911760361888985, 0.0880940311138972], [0.0014260153686921691, -0.0039025207313124885, -0.9999913683688022, -0.004382408659634669], [0.0, 0.0, 0.0, 1.0]]}, "mean_rme": {"type": "float", "data": 0.0018860428074352704}, "max_rme": {"type": "float", "data": 0.00579403384223362}, "simu": {"type": "float", "data": 0.002}}, {"type": "dict", "image_number": {"type": "int", "data": 8}, "Hcamera2end": {"type": "ndarray", "data": [[0.9999748457394334, 0.006300296908913516, 0.003257936042339815, -0.014888964276359067], [-0.0032538987065852242, -0.0006509609983051945, 0.9999944941813358, 0.02601352947287628], [0.006302383009919742, -0.9999799410531384, -0.0006304440958995183, 0.030028869333738443], [0.0, 0.0, 0.0, 1.0]]}, "Hobj2base": {"type": "ndarray", "data": [[0.9999803625573753, 0.006189212085857241, 0.0009839478524803723, -0.7319919617995302], [0.0061851876836785825, -0.9999727032891745, 0.004041797849702953, 0.08842666014669194], [0.0010089365380403492, -0.004035632576991035, -0.9999913478209528, -0.004384964641293211], [0.0, 0.0, 0.0, 1.0]]}, "mean_rme": {"type": "float", "data": 0.001820331181316099}, "max_rme": {"type": "float", "data": 0.005577759348931871}, "simu": {"type": "float", "data": 0.002}}, {"type": "dict", "image_number": {"type": "int", "data": 9}, "Hcamera2end": {"type": "ndarray", "data": [[0.9999743756717454, 0.006381244925942519, 0.003244643755193769, -0.014529627524677086], [-0.0032462371436160252, 0.0002393568814695879, 0.9999947023123128, 0.026150734519961014], [0.006380434492289122, -0.9999796110028838, 0.00026006578241144496, 0.030204111947237062], [0.0, 0.0, 0.0, 1.0]]}, "Hobj2base": {"type": "ndarray", "data": [[0.9999829291404183, 0.005842169531021218, -0.00010238613115909215, -0.7328929872380137], [0.005842539907931498, -0.999974544072469, 0.004095843561717214, 0.08878535205429851], [-7.845491236506345e-05, -0.004096371837204218, -0.9999916067560757, -0.00403801483057159], [0.0, 0.0, 0.0, 1.0]]}, "mean_rme": {"type": "float", "data": 0.00190261084269021}, "max_rme": {"type": "float", "data": 0.005420907178100433}, "simu": {"type": "float", "data": 0.002}}, {"type": "dict", "image_number": {"type": "int", "data": 10}, "Hcamera2end": {"type": "ndarray", "data": [[0.9999754488864141, 0.006178640754490679, 0.0033054535001279146, -0.014232406168664183], [-0.00331032353184885, 0.000778143859910263, 0.9999942181084085, 0.026104371606091845], [0.006176032911914313, -0.9999806092572794, 0.000798578055496435, 0.030597377750662177], [0.0, 0.0, 0.0, 1.0]]}, "Hobj2base": {"type": "ndarray", "data": [[0.9999852402306344, 0.005376335671776733, -0.0007837956524932814, -0.7332993715509627], [0.005379653223831568, -0.9999763107564392, 0.004293862728727115, 0.08936328897331511], [-0.0007606918376089992, -0.004298015901112311, -0.9999904741582504, -0.0036771560049958405], [0.0, 0.0, 0.0, 1.0]]}, "mean_rme": {"type": "float", "data": 0.0019008711603337397}, "max_rme": {"type": "float", "data": 0.00554341733021424}, "simu": {"type": "float", "data": 0.002}}, {"type": "dict", "image_number": {"type": "int", "data": 11}, "Hcamera2end": {"type": "ndarray", "data": [[0.9999747453822468, 0.006300897743025136, 0.0032874435877279203, -0.014019404576954393], [-0.0032919088693933, 0.0006984338235266341, 0.9999943377470643, 0.026322868679987583], [0.006298566003953788, -0.9999799052370132, 0.0007191581660128676, 0.03080611846153629], [0.0, 0.0, 0.0, 1.0]]}, "Hobj2base": {"type": "ndarray", "data": [[0.9999843785851994, 0.005553226219910566, -0.000635817680764131, -0.7335490181077969], [0.005555985342308406, -0.9999747827172714, 0.0044232291848907744, 0.0896819420440455], [-0.0006112384548837023, -0.004426692681507625, -0.9999900153398806, -0.003741854172383687], [0.0, 0.0, 0.0, 1.0]]}, "mean_rme": {"type": "float", "data": 0.0019110526465909352}, "max_rme": {"type": "float", "data": 0.005492756535085547}, "simu": {"type": "float", "data": 0.002}}, {"type": "dict", "image_number": {"type": "int", "data": 12}, "Hcamera2end": {"type": "ndarray", "data": [[0.9999785275054572, 0.005895094627528197, 0.002862234677660706, -0.0138671781062438], [-0.0028698833955591524, 0.0012894213336746008, 0.9999950505687116, 0.026403048959419334], [0.0058913748237070405, -0.999981792460221, 0.0013063118807687957, 0.030800207836765164], [0.0, 0.0, 0.0, 1.0]]}, "Hobj2base": {"type": "ndarray", "data": [[0.9999868286039411, 0.005052126908825896, -0.000904783028847341, -0.7340203365331166], [0.005055610046288627, -0.9999796553249087, 0.0038896970751704143, 0.08946991705833117], [-0.0008851133780699412, -0.00389422007260004, -0.9999920257803729, -0.003605173654797724], [0.0, 0.0, 0.0, 1.0]]}, "mean_rme": {"type": "float", "data": 0.0019764305387692136}, "max_rme": {"type": "float", "data": 0.005430012717617144}, "simu": {"type": "float", "data": 0.002}}, {"type": "dict", "image_number": {"type": "int", "data": 13}, "Hcamera2end": {"type": "ndarray", "data": [[0.9999775402431814, 0.0060308699215685675, 0.0029236308223682893, -0.013829437199482646], [-0.0029314019333550787, 0.0012801187199943387, 0.9999948840762976, 0.026465809082165642], [0.006027096473552124, -0.9999809947714264, 0.001297768872587035, 0.030850818669368972], [0.0, 0.0, 0.0, 1.0]]}, "Hobj2base": {"type": "ndarray", "data": [[0.9999859561924526, 0.005217093031580539, -0.0009323937827688371, -0.7341120170219503], [0.005220897418436546, -0.9999778611023329, 0.004125473954535803, 0.08962665931821799], [-0.0009108501591781192, -0.004130283949466968, -0.9999910555132403, -0.0036529693229477344], [0.0, 0.0, 0.0, 1.0]]}, "mean_rme": {"type": "float", "data": 0.001884298105829236}, "max_rme": {"type": "float", "data": 0.005315953520580105}, "simu": {"type": "float", "data": 0.002}}, {"type": "dict", "image_number": {"type": "int", "data": 14}, "Hcamera2end": {"type": "ndarray", "data": [[0.9999804871264619, 0.005722091394782002, 0.002506598570496437, -0.013835855827310777], [-0.0025147879424220277, 0.0014244390183056899, 0.9999958233988219, 0.026332248735655307], [0.005718496999081297, -0.9999826141706428, 0.0014388010698522802, 0.030878658799783753], [0.0, 0.0, 0.0, 1.0]]}, "Hobj2base": {"type": "ndarray", "data": [[0.9999872852376114, 0.004949541474183274, -0.0009650918647382802, -0.7340445859989088], [0.004953184513786207, -0.9999804759403781, 0.0038096851874449417, 0.0894259883043416], [-0.0009462168273883319, -0.0038144170262818106, -0.9999922774184136, -0.003541430522601926], [0.0, 0.0, 0.0, 1.0]]}, "mean_rme": {"type": "float", "data": 0.0018209571301013702}, "max_rme": {"type": "float", "data": 0.005322329959297961}, "simu": {"type": "float", "data": 0.002}}, {"type": "dict", "image_number": {"type": "int", "data": 15}, "Hcamera2end": {"type": "ndarray", "data": [[0.9999816271041914, 0.005397241610063623, 0.0027595718973359162, -0.013660715267604446], [-0.0027674561571088235, 0.0014538718526783123, 0.9999951137095896, 0.026268906418946022], [0.005393203173666721, -0.9999843778977945, 0.0014687817703673556, 0.03098088720537283], [0.0, 0.0, 0.0, 1.0]]}, "Hobj2base": {"type": "ndarray", "data": [[0.9999886612444261, 0.004676696343573272, -0.0008977159297240874, -0.7340284568400272], [0.004680406778421949, -0.9999803248045935, 0.0041765770780062906, 0.0896905370935739], [-0.0008781656842383865, -0.004180731396542246, -0.9999908751133788, -0.003462309580565426], [0.0, 0.0, 0.0, 1.0]]}, "mean_rme": {"type": "float", "data": 0.0017769557715685742}, "max_rme": {"type": "float", "data": 0.005410027604183736}, "simu": {"type": "float", "data": 0.002}}, {"type": "dict", "image_number": {"type": "int", "data": 16}, "Hcamera2end": {"type": "ndarray", "data": [[0.9999875654721356, 0.004597260125602807, 0.001932382065966065, -0.01373697315101055], [-0.0019410240368060857, 0.0018760905003999406, 0.9999963563484234, 0.026129110361599376], [0.0045936180511516, -0.9999876726659044, 0.0018849905645075271, 0.031076650474543742], [0.0, 0.0, 0.0, 1.0]]}, "Hobj2base": {"type": "ndarray", "data": [[0.9999920258725972, 0.0038778955228480597, -0.000954000803395283, -0.7339858691349744], [0.0038811718688644098, -0.9999864934863623, 0.00345678315408604, 0.0894429706082715], [-0.0009405828742537344, -0.0034604582303377775, -0.9999935702456759, -0.0033649010555191865], [0.0, 0.0, 0.0, 1.0]]}, "mean_rme": {"type": "float", "data": 0.0017429000688056401}, "max_rme": {"type": "float", "data": 0.005571799266305272}, "simu": {"type": "float", "data": 0.002}}, {"type": "dict", "image_number": {"type": "int", "data": 17}, "Hcamera2end": {"type": "ndarray", "data": [[0.9999879291865085, 0.004581900151910601, 0.0017741680519353681, -0.013628713538044578], [-0.0017828795541832791, 0.0018979017886965321, 0.9999966096489006, 0.026051928132677836], [0.004578517420941168, -0.9999877020042789, 0.0019060478555781302, 0.031055716102138472], [0.0, 0.0, 0.0, 1.0]]}, "Hobj2base": {"type": "ndarray", "data": [[0.9999919719609569, 0.0038684189055152576, -0.0010446764131178058, -0.7340122880866662], [0.003871998695677053, -0.9999865638655092, 0.003446696179372282, 0.089342295215417], [-0.001031329112043169, -0.0034507134948697812, -0.9999935144472885, -0.0032733489555175927], [0.0, 0.0, 0.0, 1.0]]}, "mean_rme": {"type": "float", "data": 0.0017127150988245276}, "max_rme": {"type": "float", "data": 0.005533914433534598}, "simu": {"type": "float", "data": 0.002}}, {"type": "dict", "image_number": {"type": "int", "data": 18}, "Hcamera2end": {"type": "ndarray", "data": [[0.9999861183502756, 0.004897863693530268, 0.00194268834048785, -0.013543529713824887], [-0.0019512406819107216, 0.0017419636905604552, 0.9999965791053, 0.02607077535437535], [0.00489446284590311, -0.9999864881555856, 0.0017514964201239547, 0.03102597713948127], [0.0, 0.0, 0.0, 1.0]]}, "Hobj2base": {"type": "ndarray", "data": [[0.9999904830617335, 0.004214877971774751, -0.0011263168488055938, -0.7340480482180389], [0.004219099348198987, -0.9999839846117868, 0.0037722301923251533, 0.08941555478529888], [-0.001110399320461914, -0.0037769463349259474, -0.9999922508148413, -0.0032997605190027888], [0.0, 0.0, 0.0, 1.0]]}, "mean_rme": {"type": "float", "data": 0.0016661373387837034}, "max_rme": {"type": "float", "data": 0.005461766554850922}, "simu": {"type": "float", "data": 0.002}}, {"type": "dict", "image_number": {"type": "int", "data": 19}, "Hcamera2end": {"type": "ndarray", "data": [[0.9999898770839457, 0.004419579725696614, 0.0008444197318069114, -0.013651173781559988], [-0.0008535440819977102, 0.0020630501086857933, 0.9999975076402686, 0.026084392992653468], [0.004417826630294596, -0.9999881054989089, 0.002066801530722473, 0.031127128998909893], [0.0, 0.0, 0.0, 1.0]]}, "Hobj2base": {"type": "ndarray", "data": [[0.9999923957570946, 0.003691884971498078, -0.0012563492123909036, -0.7341690238822127], [0.003695405535173425, -0.999989219581555, 0.0028115295843148575, 0.08910951890785206], [-0.0012459558246014264, -0.0028161509245945428, -0.9999952584327854, -0.0033233464170216646], [0.0, 0.0, 0.0, 1.0]]}, "mean_rme": {"type": "float", "data": 0.0017324120825429488}, "max_rme": {"type": "float", "data": 0.00550122559398844}, "simu": {"type": "float", "data": 0.002}}, {"type": "dict", "image_number": {"type": "int", "data": 20}, "Hcamera2end": {"type": "ndarray", "data": [[0.9999905707657439, 0.004282489980010686, 0.0007201799586381205, -0.013675120181609768], [-0.0007299763429138347, 0.002286421109238268, 0.9999971197023769, 0.025130073882264743], [0.004280831010505095, -0.9999882162096123, 0.002289525666412273, 0.030945366112298686], [0.0, 0.0, 0.0, 1.0]]}, "Hobj2base": {"type": "ndarray", "data": [[0.9999931133672573, 0.0034703514222805356, -0.0013152486706139964, -0.7341653496991233], [0.003473911613242344, -0.9999902821844593, 0.002714309258083593, 0.08960259666668303], [-0.0013058162822757258, -0.00271885962326373, -0.9999954513127474, -0.002475616636444236], [0.0, 0.0, 0.0, 1.0]]}, "mean_rme": {"type": "float", "data": 0.0017085350914918882}, "max_rme": {"type": "float", "data": 0.005404350006111447}, "simu": {"type": "float", "data": 0.002}}, {"type": "dict", "image_number": {"type": "int", "data": 21}, "Hcamera2end": {"type": "ndarray", "data": [[0.9999914567270398, 0.004100258988247031, 0.0005237835068630974, -0.01362382847824508], [-0.0005332448101488961, 0.0023067361506283746, 0.9999971973052244, 0.02517002136580862], [0.004099039266122202, -0.9999889333610452, 0.0023089028853775506, 0.029981727771911156], [0.0, 0.0, 0.0, 1.0]]}, "Hobj2base": {"type": "ndarray", "data": [[0.999993852914921, 0.00327967480792626, -0.001240107062144048, -0.7331943310895702], [0.0032828336596112877, -0.9999913504051929, 0.0025538437624373867, 0.0896357782006464], [-0.0012317205586693972, -0.0025578991289476284, -0.9999959700001357, -0.0024717073136906664], [0.0, 0.0, 0.0, 1.0]]}, "mean_rme": {"type": "float", "data": 0.0016854330515273179}, "max_rme": {"type": "float", "data": 0.005375643316913176}, "simu": {"type": "float", "data": 0.002}}, {"type": "dict", "image_number": {"type": "int", "data": 22}, "Hcamera2end": {"type": "ndarray", "data": [[0.9999921060656465, 0.003961372709241488, 0.0003087598603274391, -0.013517999960782089], [-0.0003183045834471419, 0.0024090442203891227, 0.9999970475897098, 0.02545204496968763], [0.0039606171974869275, -0.9999892519583411, 0.0024102861266422915, 0.028930676067287057], [0.0, 0.0, 0.0, 1.0]]}, "Hobj2base": {"type": "ndarray", "data": [[0.999994408912722, 0.003082010215244714, -0.00129744222566607, -0.7321580374034338], [0.003085098082415438, -0.9999923975884748, 0.002384729560096679, 0.08951088659474048], [-0.0012900826011115268, -0.0023887189633880214, -0.9999963148475075, -0.0026215336656755695], [0.0, 0.0, 0.0, 1.0]]}, "mean_rme": {"type": "float", "data": 0.0016650151400946546}, "max_rme": {"type": "float", "data": 0.005376043226783395}, "simu": {"type": "float", "data": 0.002}}, {"type": "dict", "image_number": {"type": "int", "data": 23}, "Hcamera2end": {"type": "ndarray", "data": [[0.9999928614071308, 0.0037778799143034425, 6.897921345199831e-05, -0.01347570204999064], [-7.772891944062086e-05, 0.002315938173794496, 0.9999973151906911, 0.02574805681739322], [0.003777710019822649, -0.9999901819786674, 0.0023162152917782786, 0.028722595348993435], [0.0, 0.0, 0.0, 1.0]]}, "Hobj2base": {"type": "ndarray", "data": [[0.9999950625617385, 0.002903877491720165, -0.0012009777923753498, -0.7318907542397693], [0.002906514742260539, -0.9999933559869074, 0.0022000350215699103, 0.0893059059052259], [-0.0011945811808830398, -0.0022035148186914846, -0.9999968587441896, -0.002851644733500626], [0.0, 0.0, 0.0, 1.0]]}, "mean_rme": {"type": "float", "data": 0.0016179793316142487}, "max_rme": {"type": "float", "data": 0.005333112873085327}, "simu": {"type": "float", "data": 0.002}}, {"type": "dict", "image_number": {"type": "int", "data": 24}, "Hcamera2end": {"type": "ndarray", "data": [[0.999993708279531, 0.0035423626738384454, -0.00018726462322598636, -0.01342936589825475], [0.00017997786943676022, 0.002057239058668059, 0.9999978676854375, 0.025965476668023263], [0.003542740368504138, -0.9999916096818724, 0.0020565885682082286, 0.028896554762928413], [0.0, 0.0, 0.0, 1.0]]}, "Hobj2base": {"type": "ndarray", "data": [[0.9999957163839904, 0.002782833325315177, -0.0009072223284212016, -0.7319196048024104], [0.0027846782208259284, -0.9999940446493716, 0.002038684133749812, 0.08907326149891863], [-0.0009015436074469475, -0.00204120172306922, -0.9999975103542258, -0.003053265752155525], [0.0, 0.0, 0.0, 1.0]]}, "mean_rme": {"type": "float", "data": 0.0015870207506387937}, "max_rme": {"type": "float", "data": 0.005283852253057719}, "simu": {"type": "float", "data": 0.002}}, {"type": "dict", "image_number": {"type": "int", "data": 25}, "Hcamera2end": {"type": "ndarray", "data": [[0.9999932212094921, 0.003676367768950031, -0.00020458516850253784, -0.013441183191668215], [0.00019738465802058257, 0.0019588497321089138, 0.9999980619716339, 0.026127257647567945], [0.003676761395647525, -0.9999913235762371, 0.001958110794882062, 0.02877010156325278], [0.0, 0.0, 0.0, 1.0]]}, "Hobj2base": {"type": "ndarray", "data": [[0.9999952619946374, 0.002953974309786774, -0.0008660392910999823, -0.7317354979403364], [0.002955708980110019, -0.9999936146305426, 0.0020086021424882677, 0.08896336048464734], [-0.000860100401991651, -0.0020111523858303776, -0.9999976077438284, -0.0031957743297592912], [0.0, 0.0, 0.0, 1.0]]}, "mean_rme": {"type": "float", "data": 0.0015448060426693476}, "max_rme": {"type": "float", "data": 0.005323779886452135}, "simu": {"type": "float", "data": 0.002}}, {"type": "dict", "image_number": {"type": "int", "data": 26}, "Hcamera2end": {"type": "ndarray", "data": [[0.999992851869098, 0.0037664460902603085, -0.0003318049989890794, -0.013442937265043376], [0.0003244792056618219, 0.0019454592456167319, 0.9999980549488927, 0.02590095760478952], [0.003767084277433195, -0.9999910144957167, 0.0019442232057839126, 0.02827738859886475], [0.0, 0.0, 0.0, 1.0]]}, "Hobj2base": {"type": "ndarray", "data": [[0.9999949308316057, 0.003063730871101116, -0.0008671010561184811, -0.7312635424109301], [0.0030653260299024327, -0.999993601082144, 0.001844334865445793, 0.08902696767247886], [-0.0008614449619461359, -0.0018469834636396603, -0.9999979232801748, -0.0029683847186469637], [0.0, 0.0, 0.0, 1.0]]}, "mean_rme": {"type": "float", "data": 0.0015228216494120156}, "max_rme": {"type": "float", "data": 0.005321082138085492}, "simu": {"type": "float", "data": 0.002}}, {"type": "dict", "image_number": {"type": "int", "data": 27}, "Hcamera2end": {"type": "ndarray", "data": [[0.9999933066643865, 0.0036458703729869975, -0.0003070108300010613, -0.013462552972033186], [0.00029828023400716103, 0.0023949557864351156, 0.9999970876036005, 0.02536336230524411], [0.0036465950321310594, -0.9999904858627428, 0.002393852265124341, 0.02843825876736618], [0.0, 0.0, 0.0, 1.0]]}, "Hobj2base": {"type": "ndarray", "data": [[0.9999955273322414, 0.0027573535224721768, -0.0011585840775107307, -0.7316545625551764], [0.002759446525613596, -0.9999945567979833, 0.0018088198576570965, 0.08929434877804449], [-0.001153590215297515, -0.001812008818214156, -0.9999976929241676, -0.002432026407973787], [0.0, 0.0, 0.0, 1.0]]}, "mean_rme": {"type": "float", "data": 0.001510722122661431}, "max_rme": {"type": "float", "data": 0.005294294077790612}, "simu": {"type": "float", "data": 0.002}}, {"type": "dict", "image_number": {"type": "int", "data": 28}, "Hcamera2end": {"type": "ndarray", "data": [[0.9999934350869895, 0.003595177081384435, -0.0004521998191078006, -0.013535699479941838], [0.0004429061954567717, 0.0025854013323566294, 0.9999965597611088, 0.024999841516598426], [0.0035963338311312313, -0.9999901951527846, 0.0025837920332186792, 0.029254307059865904], [0.0, 0.0, 0.0, 1.0]]}, "Hobj2base": {"type": "ndarray", "data": [[0.9999956731674041, 0.002620839077325532, -0.0013359824104403827, -0.73261044891874], [0.002623115141757149, -0.9999951065049799, 0.0017047677399747905, 0.08941137814827933], [-0.0013315079509064202, -0.0017082647994201123, -0.9999976544562252, -0.0021061899726643996], [0.0, 0.0, 0.0, 1.0]]}, "mean_rme": {"type": "float", "data": 0.0015617144820700025}, "max_rme": {"type": "float", "data": 0.005238384388287692}, "simu": {"type": "float", "data": 0.002}}, {"type": "dict", "image_number": {"type": "int", "data": 29}, "Hcamera2end": {"type": "ndarray", "data": [[0.9999937777376742, 0.003432860670051269, -0.0008123752550863962, -0.013499479745503699], [0.000803006398034787, 0.0027296665982246004, 0.9999959520423007, 0.02470280090292438], [0.0034350642875755222, -0.9999903821476899, 0.0027268930044412887, 0.03025797332596982], [0.0, 0.0, 0.0, 1.0]]}, "Hobj2base": {"type": "ndarray", "data": [[0.9999960382279574, 0.002423716970347574, -0.0014314763139038626, -0.7337101792225312], [0.002425713638864987, -0.9999960852901442, 0.0013947464741486352, 0.08932542745132402], [-0.001428090239390703, -0.0013982133000993962, -0.9999980027769226, -0.001792141653973944], [0.0, 0.0, 0.0, 1.0]]}, "mean_rme": {"type": "float", "data": 0.0016323693646226468}, "max_rme": {"type": "float", "data": 0.005192288636114456}, "simu": {"type": "float", "data": 0.002}}, {"type": "dict", "image_number": {"type": "int", "data": 30}, "Hcamera2end": {"type": "ndarray", "data": [[0.999994308250756, 0.0032519264990398078, -0.0008991329917546413, -0.01351505840643534], [0.0008902385261466135, 0.002735551406292447, 0.9999958621083741, 0.024743181841541877], [0.0032543726674404173, -0.9999909708255114, 0.00273264084596625, 0.03040747301304507], [0.0, 0.0, 0.0, 1.0]]}, "Hobj2base": {"type": "ndarray", "data": [[0.9999964938177123, 0.0022600889199594545, -0.0013799820129123954, -0.733856937653948], [0.0022619461452350774, -0.9999965362605416, 0.00134575872867037, 0.08933683360172266], [-0.0013769356986226384, -0.001348875455189553, -0.9999981422898188, -0.0018536045489507657], [0.0, 0.0, 0.0, 1.0]]}, "mean_rme": {"type": "float", "data": 0.0016198942858174188}, "max_rme": {"type": "float", "data": 0.0052306904011419075}, "simu": {"type": "float", "data": 0.002}}]}