{"type": "list", "data": [{"type": "dict", "image_number": {"type": "int", "data": 5}, "Hcamera2end": {"type": "ndarray", "data": [[0.9999993172603024, -0.0008856656094767759, -0.0007622829902779369, -0.01649863206256091], [0.0007611336208469655, -0.001297359584189195, 0.9999988687662207, 0.041405213541167184], [-0.0008866535627252224, -0.999998766226508, -0.00129668458855825, 0.034537666771185464], [0.0, 0.0, 0.0, 1.0]]}, "Hobj2base": {"type": "ndarray", "data": [[0.9999943618749252, -0.001577979467188575, 0.002964152351394008, -0.7368550024772413], [-0.00159047961147808, -0.9999898330749344, 0.0042194930229017625, 0.08781882021950563], [0.002957463941727084, -0.004224183656752554, -0.999986704751352, -0.01148061242308418], [0.0, 0.0, 0.0, 1.0]]}, "mean_rme": {"type": "float", "data": 0.002297901211012045}, "max_rme": {"type": "float", "data": 0.007949225727857473}, "simu": {"type": "float", "data": 0.002}}, {"type": "dict", "image_number": {"type": "int", "data": 6}, "Hcamera2end": {"type": "ndarray", "data": [[0.9999995654792873, -0.0009031064375654817, 0.00023117093061926643, -0.017002455951429813], [-0.00023110294849873188, 7.537949758906759e-05, 0.9999999704546787, 0.041019647152073284], [-0.0009031238364315191, -0.9999995893582625, 7.517075427465603e-05, 0.03417349706523793], [0.0, 0.0, 0.0, 1.0]]}, "Hobj2base": {"type": "ndarray", "data": [[0.9999964609871191, -0.0014745535026012733, 0.002214431124490859, -0.7374097779992003], [-0.0014843791143799997, -0.9999890325117449, 0.004442012479572249, 0.08789016439128489], [0.002207856852683158, -0.004445283814544294, -0.9999876823341003, -0.011494566443491791], [0.0, 0.0, 0.0, 1.0]]}, "mean_rme": {"type": "float", "data": 0.0021140695866138956}, "max_rme": {"type": "float", "data": 0.007622346777462402}, "simu": {"type": "float", "data": 0.002}}, {"type": "dict", "image_number": {"type": "int", "data": 7}, "Hcamera2end": {"type": "ndarray", "data": [[0.999999210521021, -0.001065404728956008, 0.000666235767643013, -0.016922225838771017], [-0.000668227286265886, -0.0018699979851852788, 0.9999980282879707, 0.04071429551060793], [-0.0010641567687415371, -0.9999976840074675, -0.0018707084413720487, 0.034666365453113863], [0.0, 0.0, 0.0, 1.0]]}, "Hobj2base": {"type": "ndarray", "data": [[0.999992743740017, -0.0016617633358237628, 0.003427974610232815, -0.7362688615479025], [-0.001677363151689022, -0.9999882287345898, 0.004552894147124224, 0.08824182243858318], [0.0034203684260682814, -0.004558611068436748, -0.9999837599406085, -0.01121931569082278], [0.0, 0.0, 0.0, 1.0]]}, "mean_rme": {"type": "float", "data": 0.0019673576594995044}, "max_rme": {"type": "float", "data": 0.007738247890146266}, "simu": {"type": "float", "data": 0.002}}, {"type": "dict", "image_number": {"type": "int", "data": 8}, "Hcamera2end": {"type": "ndarray", "data": [[0.9999989886684633, -0.0011723586119215565, 0.0008051318747160155, -0.017038972112300696], [-0.0008087012695155489, -0.003047342794745944, 0.999995029839723, 0.0402587299016858], [-0.0011698992722941168, -0.9999946696243819, -0.0030482878007700442, 0.034628241138971436], [0.0, 0.0, 0.0, 1.0]]}, "Hobj2base": {"type": "ndarray", "data": [[0.9999886042413243, -0.0017529963228758742, 0.004440539537038957, -0.7351304294754877], [-0.0017720826107776046, -0.9999891937903234, 0.00429790946856391, 0.08793884574908076], [0.004432957332143196, -0.004305729493520853, -0.9999809046090933, -0.011338257590369633], [0.0, 0.0, 0.0, 1.0]]}, "mean_rme": {"type": "float", "data": 0.0019994626129577406}, "max_rme": {"type": "float", "data": 0.007842779097842673}, "simu": {"type": "float", "data": 0.002}}, {"type": "dict", "image_number": {"type": "int", "data": 9}, "Hcamera2end": {"type": "ndarray", "data": [[0.9999954613500736, -0.0020228040115960444, 0.002232832995135944, -0.017566209153996457], [-0.002241002071331309, -0.004045266440958928, 0.9999893068073968, 0.04016194775012901], [-0.002013749976979661, -0.99998977198937, -0.004049781188890655, 0.03431656072913475], [0.0, 0.0, 0.0, 1.0]]}, "Hobj2base": {"type": "ndarray", "data": [[0.9999835337520836, -0.0025932069507712003, 0.005119326362510171, -0.7341307128166098], [-0.002618313035704283, -0.999984549540105, 0.004903582152007827, 0.08876218454158057], [0.00510653126324325, -0.004916905407357419, -0.9999748733741631, -0.011634510811227504], [0.0, 0.0, 0.0, 1.0]]}, "mean_rme": {"type": "float", "data": 0.0020101435766849023}, "max_rme": {"type": "float", "data": 0.007610789215742264}, "simu": {"type": "float", "data": 0.002}}, {"type": "dict", "image_number": {"type": "int", "data": 10}, "Hcamera2end": {"type": "ndarray", "data": [[0.9999959562208474, -0.0019607408787299372, 0.0020598633836988707, -0.0171217850566397], [-0.002065962636375467, -0.0031137618276446677, 0.9999930181184593, 0.040164853559556145], [-0.0019543132650950657, -0.9999932299683267, -0.0031178000536744577, 0.03441517629540904], [0.0, 0.0, 0.0, 1.0]]}, "Hobj2base": {"type": "ndarray", "data": [[0.9999884212911887, -0.0023935580095442647, 0.004174705212467337, -0.7348177808986944], [-0.0024126562873779916, -0.9999866207562147, 0.004575740181172686, 0.08880930729937528], [0.0041636970585083284, -0.004585759328788342, -0.9999808170350986, -0.011135450928742092], [0.0, 0.0, 0.0, 1.0]]}, "mean_rme": {"type": "float", "data": 0.0020618189138710903}, "max_rme": {"type": "float", "data": 0.007635519220941078}, "simu": {"type": "float", "data": 0.002}}, {"type": "dict", "image_number": {"type": "int", "data": 11}, "Hcamera2end": {"type": "ndarray", "data": [[0.9999965534441314, -0.001957276675232324, 0.0017499051046051181, -0.017028822500592483], [-0.0017565636409822827, -0.0034054095448221577, 0.999992658808057, 0.039793874528986854], [-0.0019513031629428107, -0.9999922860971722, -0.003408835888931039, 0.034369639827589324], [0.0, 0.0, 0.0, 1.0]]}, "Hobj2base": {"type": "ndarray", "data": [[0.9999884523609784, -0.002348118126133735, 0.004193028256632561, -0.7345968568229693], [-0.002366555982405168, -0.9999875296099363, 0.0043977309375399344, 0.08836385580578353], [0.004182649576206356, -0.004407603190235682, -0.9999815390679172, -0.011029405983207795], [0.0, 0.0, 0.0, 1.0]]}, "mean_rme": {"type": "float", "data": 0.0020721465744554623}, "max_rme": {"type": "float", "data": 0.0074624889125777805}, "simu": {"type": "float", "data": 0.002}}, {"type": "dict", "image_number": {"type": "int", "data": 12}, "Hcamera2end": {"type": "ndarray", "data": [[0.99999593330266, -0.0023945821034072725, 0.0015489850522490763, -0.01686619686379775], [-0.0015565715212700884, -0.00316957023622666, 0.9999937654353734, 0.039828561803536805], [-0.0023896575573124266, -0.9999921098694067, -0.0031732846848513407, 0.03433686136202334], [0.0, 0.0, 0.0, 1.0]]}, "Hobj2base": {"type": "ndarray", "data": [[0.9999893335171018, -0.002661320697193791, 0.003774946909459806, -0.7348918808734131], [-0.002676788628440101, -0.9999880188637744, 0.0040984059757835315, 0.08844610086278769], [0.0037639945086577835, -0.004108466995166487, -0.9999844763016517, -0.010950764655875087], [0.0, 0.0, 0.0, 1.0]]}, "mean_rme": {"type": "float", "data": 0.002070444191371388}, "max_rme": {"type": "float", "data": 0.007236123443574216}, "simu": {"type": "float", "data": 0.002}}, {"type": "dict", "image_number": {"type": "int", "data": 13}, "Hcamera2end": {"type": "ndarray", "data": [[0.9999939728633997, -0.002451727428126077, 0.0024583062242637226, -0.016654406193388524], [-0.0024661968011869713, -0.0032205609267335067, 0.9999917728964848, 0.03999041348717186], [-0.0024437901325389255, -0.9999918084764171, -0.0032265879583133206, 0.034479277275670156], [0.0, 0.0, 0.0, 1.0]]}, "Hobj2base": {"type": "ndarray", "data": [[0.9999895295648866, -0.0026841819253414475, 0.0037062012881786295, -0.7351033735757901], [-0.0027015283450328026, -0.9999853839731279, 0.0046833305154322475, 0.0891303696098796], [0.0036935762071210847, -0.004693293886756382, -0.9999821650846052, -0.010598093531112514], [0.0, 0.0, 0.0, 1.0]]}, "mean_rme": {"type": "float", "data": 0.0020672220904782656}, "max_rme": {"type": "float", "data": 0.007179875010632941}, "simu": {"type": "float", "data": 0.002}}, {"type": "dict", "image_number": {"type": "int", "data": 14}, "Hcamera2end": {"type": "ndarray", "data": [[0.9999939457023184, -0.002129194983252632, 0.0027522876724613747, -0.016853818055553915], [-0.0027585613116934823, -0.0029491800630894183, 0.9999918463049811, 0.04003068017373512], [-0.002121060630514592, -0.9999933844109563, -0.0029550357227814406, 0.03444592838867076], [0.0, 0.0, 0.0, 1.0]]}, "Hobj2base": {"type": "ndarray", "data": [[0.9999907459429216, -0.00234758662077775, 0.003605116583026738, -0.7353233113936516], [-0.0023654450593490707, -0.9999849143707613, 0.004957388483145265, 0.08928938420005225], [0.0035934242986975736, -0.004965870312398981, -0.9999812135404595, -0.010572357512576073], [0.0, 0.0, 0.0, 1.0]]}, "mean_rme": {"type": "float", "data": 0.002016759015609226}, "max_rme": {"type": "float", "data": 0.007189248248932745}, "simu": {"type": "float", "data": 0.002}}, {"type": "dict", "image_number": {"type": "int", "data": 15}, "Hcamera2end": {"type": "ndarray", "data": [[0.9999948394110636, -0.002308821279141338, 0.0022339417051622386, -0.016957655547730446], [-0.0022407942101093183, -0.002969653876839118, 0.9999930799746363, 0.039873753081148565], [-0.0023021712683941585, -0.99999292522505, -0.002974812145030592, 0.03445974881010109], [0.0, 0.0, 0.0, 1.0]]}, "Hobj2base": {"type": "ndarray", "data": [[0.9999902224236531, -0.0024874945636179503, 0.0036561493252835545, -0.7352313668389695], [-0.00250382410483435, -0.9999868813690758, 0.00446855173424677, 0.08876444846850043], [0.0036449858634637683, -0.004477662397452546, -0.9999833321698464, -0.010609457918735703], [0.0, 0.0, 0.0, 1.0]]}, "mean_rme": {"type": "float", "data": 0.0019948976883017496}, "max_rme": {"type": "float", "data": 0.007177815250726166}, "simu": {"type": "float", "data": 0.002}}, {"type": "dict", "image_number": {"type": "int", "data": 16}, "Hcamera2end": {"type": "ndarray", "data": [[0.9999953215942671, -0.002444196307850176, 0.0018392101530736939, -0.01723979377297266], [-0.0018465978681136794, -0.0030237422692642735, 0.9999937235098042, 0.03981147480434894], [-0.0024386196693941035, -0.9999924414149828, -0.0030282415706623933, 0.03445771717106386], [0.0, 0.0, 0.0, 1.0]]}, "Hobj2base": {"type": "ndarray", "data": [[0.9999900781308777, -0.0025948159068074268, 0.003620852138779923, -0.7351955295248961], [-0.0026095198832593613, -0.9999883447340145, 0.004062117933297802, 0.08840458540337891], [0.003610269488556503, -0.004071526315145797, -0.9999851942042366, -0.010717316031567111], [0.0, 0.0, 0.0, 1.0]]}, "mean_rme": {"type": "float", "data": 0.0019174678074881887}, "max_rme": {"type": "float", "data": 0.007128205757668926}, "simu": {"type": "float", "data": 0.002}}, {"type": "dict", "image_number": {"type": "int", "data": 17}, "Hcamera2end": {"type": "ndarray", "data": [[0.9999927683425928, -0.0028788903416520715, 0.0024850056173795947, -0.017310766959193168], [-0.0024941084470759805, -0.003162659661972267, 0.9999918884705601, 0.03980289836202952], [-0.00287100776242245, -0.999990854745314, -0.0031698170554204097, 0.034551078456218604], [0.0, 0.0, 0.0, 1.0]]}, "Hobj2base": {"type": "ndarray", "data": [[0.9999886815415414, -0.002993723092332141, 0.0036978927588735945, -0.7350850625903089], [-0.0030109091350558168, -0.9999846524386877, 0.004650732550626565, 0.08878493975917878], [0.00368391299980468, -0.004661813930591537, -0.9999823479821464, -0.010520661366486132], [0.0, 0.0, 0.0, 1.0]]}, "mean_rme": {"type": "float", "data": 0.001877940521314256}, "max_rme": {"type": "float", "data": 0.007132944216290044}, "simu": {"type": "float", "data": 0.002}}, {"type": "dict", "image_number": {"type": "int", "data": 18}, "Hcamera2end": {"type": "ndarray", "data": [[0.9999926546723548, -0.00333758598121509, 0.0018844418682304582, -0.017539245042649344], [-0.0018952166201300102, -0.0032280917456777303, 0.9999929937642784, 0.03970744037838957], [-0.0033314794460609204, -0.9999892199136446, -0.0032343934827090415, 0.034602103681790765], [0.0, 0.0, 0.0, 1.0]]}, "Hobj2base": {"type": "ndarray", "data": [[0.9999869772052825, -0.0034270233647456885, 0.00378165713667789, -0.7349385678650446], [-0.0034422939136274267, -0.99998591859113, 0.004038964231793621, 0.08828362686266653], [0.0037677622608258137, -0.00405192920853657, -0.9999846928014622, -0.010632360594511173], [0.0, 0.0, 0.0, 1.0]]}, "mean_rme": {"type": "float", "data": 0.0018491191398484449}, "max_rme": {"type": "float", "data": 0.007148634549419219}, "simu": {"type": "float", "data": 0.002}}, {"type": "dict", "image_number": {"type": "int", "data": 19}, "Hcamera2end": {"type": "ndarray", "data": [[0.9999931121563589, -0.0036032001007984937, 0.0008902746056768252, -0.017890466546732237], [-0.0009022864038401119, -0.003333395755505064, 0.9999940371582133, 0.039637065190638296], [-0.0036002109778945704, -0.9999879526383156, -0.003336623914057535, 0.034629994920580096], [0.0, 0.0, 0.0, 1.0]]}, "Hobj2base": {"type": "ndarray", "data": [[0.9999859089104814, -0.0037125847004741007, 0.0037945612816287573, -0.7348698207645118], [-0.003724960668764057, -0.999987749583966, 0.0032596548915277026, 0.08765790032930122], [0.0037824130517952787, -0.0032737435509681083, -0.9999874878990578, -0.01084915899397581], [0.0, 0.0, 0.0, 1.0]]}, "mean_rme": {"type": "float", "data": 0.00181101537305928}, "max_rme": {"type": "float", "data": 0.007141097034898458}, "simu": {"type": "float", "data": 0.002}}, {"type": "dict", "image_number": {"type": "int", "data": 20}, "Hcamera2end": {"type": "ndarray", "data": [[0.9999973288558169, -0.0022275880273480105, 0.0006165491152289596, -0.017956684736666142], [-0.0006242629029018218, -0.0034638087918092975, 0.9999938061430589, 0.039142781113302744], [-0.0022254386217405333, -0.9999915199041609, -0.0034651901400450935, 0.034139148023991005], [0.0, 0.0, 0.0, 1.0]]}, "Hobj2base": {"type": "ndarray", "data": [[0.9999893602408814, -0.0024106346216734085, 0.003932969076105159, -0.73457850937554], [-0.0024213981328755434, -0.9999933302582666, 0.002734276881287015, 0.087275590886239], [0.003926351501701905, -0.002743771073217173, -0.9999885276762843, -0.010435568456699264], [0.0, 0.0, 0.0, 1.0]]}, "mean_rme": {"type": "float", "data": 0.0017634810404030632}, "max_rme": {"type": "float", "data": 0.0069704560663881865}, "simu": {"type": "float", "data": 0.002}}, {"type": "dict", "image_number": {"type": "int", "data": 21}, "Hcamera2end": {"type": "ndarray", "data": [[0.9999964675068959, -0.0026265027594338224, 0.000407991402468713, -0.017922359106902982], [-0.00041670452570874124, -0.003317693853986281, 0.9999944096167885, 0.038495179263551754], [-0.0026251344857084417, -0.9999910471552962, -0.0033187766098423666, 0.03491378815223101], [0.0, 0.0, 0.0, 1.0]]}, "Hobj2base": {"type": "ndarray", "data": [[0.9999885855743577, -0.002839380216247127, 0.003842738734704722, -0.7354027596979058], [-0.00284933190096792, -0.9999925950004942, 0.002586745425340697, 0.08721072863446973], [0.0038353655254411106, -0.002597665137191263, -0.9999892709960048, -0.009853576461866229], [0.0, 0.0, 0.0, 1.0]]}, "mean_rme": {"type": "float", "data": 0.0017254477606616892}, "max_rme": {"type": "float", "data": 0.0065339866053500395}, "simu": {"type": "float", "data": 0.002}}, {"type": "dict", "image_number": {"type": "int", "data": 22}, "Hcamera2end": {"type": "ndarray", "data": [[0.9999949358734038, -0.003179758059474314, 0.00013178099297773993, -0.017879041044530142], [-0.0001415976263256615, -0.0030871989024185975, 0.999995224565122, 0.03768236166787634], [-0.0031793360406098935, -0.9999901791225851, -0.0030876335146459155, 0.035158853923176234], [0.0, 0.0, 0.0, 1.0]]}, "Hobj2base": {"type": "ndarray", "data": [[0.9999872819509514, -0.003425205525174197, 0.003701878368982493, -0.7357217374284555], [-0.0034340955428303044, -0.9999912287186674, 0.0023978059830960376, 0.08720476023882906], [0.003693632920464263, -0.0024104880916889586, -0.9999902732641999, -0.00906380361997985], [0.0, 0.0, 0.0, 1.0]]}, "mean_rme": {"type": "float", "data": 0.0016446103572381572}, "max_rme": {"type": "float", "data": 0.006093781488420935}, "simu": {"type": "float", "data": 0.002}}, {"type": "dict", "image_number": {"type": "int", "data": 23}, "Hcamera2end": {"type": "ndarray", "data": [[0.9999961088638413, -0.0027771409950395768, -0.0002640929194644456, -0.01781448830136141], [0.00025565065237809713, -0.0030398287507877875, 0.9999953470311298, 0.03685801299640072], [-0.0027779308703384463, -0.9999915234286036, -0.003039106944493053, 0.03441584840120823], [0.0, 0.0, 0.0, 1.0]]}, "Hobj2base": {"type": "ndarray", "data": [[0.999988560443691, -0.003057227900515804, 0.003678632805668076, -0.7351502447773387], [-0.0030641098161383654, -0.9999935634942647, 0.0018666014776245543, 0.0869368601891417], [0.003672902502010387, -0.0018778518594216608, -0.9999914916936066, -0.008276319640519196], [0.0, 0.0, 0.0, 1.0]]}, "mean_rme": {"type": "float", "data": 0.0016386378662757595}, "max_rme": {"type": "float", "data": 0.005762042052829847}, "simu": {"type": "float", "data": 0.002}}, {"type": "dict", "image_number": {"type": "int", "data": 24}, "Hcamera2end": {"type": "ndarray", "data": [[0.9999972005632887, -0.002328916357921685, -0.0004183469654860183, -0.017774732297819708], [0.0004107594500894268, -0.0032574851319693288, 0.9999946100191186, 0.03725302321330023], [-0.0023302665641271162, -0.9999919824374657, -0.003256519388443291, 0.03393546055656007], [0.0, 0.0, 0.0, 1.0]]}, "Hobj2base": {"type": "ndarray", "data": [[0.99998931493839, -0.002611958465974955, 0.003814142370354576, -0.7346321387290478], [-0.002618358837952895, -0.9999951708901309, 0.0016740350691866273, 0.08691287933739279], [0.003809751441370714, -0.0016840039754034042, -0.9999913249246539, -0.008686043368418531], [0.0, 0.0, 0.0, 1.0]]}, "mean_rme": {"type": "float", "data": 0.001634682062032413}, "max_rme": {"type": "float", "data": 0.00602844023655752}, "simu": {"type": "float", "data": 0.002}}, {"type": "dict", "image_number": {"type": "int", "data": 25}, "Hcamera2end": {"type": "ndarray", "data": [[0.999997511897952, -0.002187720040171766, -0.0004359804249903981, -0.01785201438395129], [0.0004290520849528687, -0.0031663931953229696, 0.9999948949211896, 0.03695497979896365], [-0.002189089357139529, -0.9999925938901542, -0.0031654466711690254, 0.03440108643015155], [0.0, 0.0, 0.0, 1.0]]}, "Hobj2base": {"type": "ndarray", "data": [[0.999990168472015, -0.0024735006412028512, 0.0036803198079710885, -0.7352158689176765], [-0.002479537030587526, -0.9999955868346873, 0.001636522918784253, 0.08688175254248913], [0.0036762556256224152, -0.001645632318511648, -0.9999918884865255, -0.008401692211214977], [0.0, 0.0, 0.0, 1.0]]}, "mean_rme": {"type": "float", "data": 0.0016267880113870032}, "max_rme": {"type": "float", "data": 0.005783590490796464}, "simu": {"type": "float", "data": 0.002}}, {"type": "dict", "image_number": {"type": "int", "data": 26}, "Hcamera2end": {"type": "ndarray", "data": [[0.9999982401150325, -0.0018756739243669003, -4.017670148395323e-05, -0.01779784861137703], [3.3945417164011845e-05, -0.00332207120708361, 0.9999944813300741, 0.0366559067845396], [-0.0018757970430048183, -0.9999927228186336, -0.0033220016900865623, 0.033098086580786265], [0.0, 0.0, 0.0, 1.0]]}, "Hobj2base": {"type": "ndarray", "data": [[0.9999904941456128, -0.002191613507726966, 0.0037694095885064806, -0.7339537443582634], [-0.002199128533875015, -0.9999956004639401, 0.00199069999131003, 0.08708384671542564], [0.0037650301598622844, -0.001998970484187731, -0.9999909142911743, -0.007967030749114767], [0.0, 0.0, 0.0, 1.0]]}, "mean_rme": {"type": "float", "data": 0.0016495161965086828}, "max_rme": {"type": "float", "data": 0.005682306846567647}, "simu": {"type": "float", "data": 0.002}}, {"type": "dict", "image_number": {"type": "int", "data": 27}, "Hcamera2end": {"type": "ndarray", "data": [[0.9999993776852559, -0.001114303498266793, 5.437659998232399e-05, -0.01782064461492336], [-5.791605119135029e-05, -0.003176593822689533, 0.9999949529359721, 0.03537050459325691], [-0.0011141251419340878, -0.9999943337736469, -0.003176656381906895, 0.03265825561281291], [0.0, 0.0, 0.0, 1.0]]}, "Hobj2base": {"type": "ndarray", "data": [[0.9999924318864768, -0.0014731564848778494, 0.003600830423815859, -0.7338560733749183], [-0.0014806833305412992, -0.9999967227896924, 0.002088536987965172, 0.08694743501839704], [0.0035977418813295495, -0.0020938528712647997, -0.9999913359792221, -0.006609627731775867], [0.0, 0.0, 0.0, 1.0]]}, "mean_rme": {"type": "float", "data": 0.0016735011963077316}, "max_rme": {"type": "float", "data": 0.006625212091666721}, "simu": {"type": "float", "data": 0.002}}, {"type": "dict", "image_number": {"type": "int", "data": 28}, "Hcamera2end": {"type": "ndarray", "data": [[0.9999999654731234, -0.00023858249323601593, -0.00011014602110117617, -0.017965385439979192], [0.00010945584278031441, -0.0028909127573275573, 0.9999958153126682, 0.034282338706809606], [-0.0002388999173804491, -0.9999957928420617, -0.002890886543265525, 0.03300263224972389], [0.0, 0.0, 0.0, 1.0]]}, "Hobj2base": {"type": "ndarray", "data": [[0.9999938043054001, -0.0005993605739001485, 0.0034687343103396388, -0.7345244435037506], [-0.0006061173212108201, -0.9999979205603526, 0.0019471766133442167, 0.08665286838297005], [0.003467560036423529, -0.0019492670091807635, -0.9999920881614617, -0.005550460655323132], [0.0, 0.0, 0.0, 1.0]]}, "mean_rme": {"type": "float", "data": 0.0016692227208534483}, "max_rme": {"type": "float", "data": 0.006180582559062869}, "simu": {"type": "float", "data": 0.002}}, {"type": "dict", "image_number": {"type": "int", "data": 29}, "Hcamera2end": {"type": "ndarray", "data": [[0.9999996697222312, -0.0005532354328783818, -0.0005953872557108077, -0.018103280455890006], [0.0005938131990015322, -0.0028410058072290134, 0.9999957880270737, 0.03432755405625788], [-0.0005549246013167412, -0.999995811299507, -0.0028406763504058574, 0.033619855608940014], [0.0, 0.0, 0.0, 1.0]]}, "Hobj2base": {"type": "ndarray", "data": [[0.9999940388544928, -0.0008763751095932099, 0.0033397937281319083, -0.7351522336553703], [-0.0008814254660733118, -0.9999984699762408, 0.0015110044093073678, 0.08636041197999487], [0.003338464411513351, -0.0015139391812336294, -0.9999932812991938, -0.0056865698426712945], [0.0, 0.0, 0.0, 1.0]]}, "mean_rme": {"type": "float", "data": 0.0016536863708286687}, "max_rme": {"type": "float", "data": 0.006149169448865788}, "simu": {"type": "float", "data": 0.002}}, {"type": "dict", "image_number": {"type": "int", "data": 30}, "Hcamera2end": {"type": "ndarray", "data": [[0.9999996300452224, -5.377185589997024e-05, -0.0008584975281575181, -0.018197470177777064], [0.0008583481800773529, -0.0027184701717528625, 0.9999959365709078, 0.034056563809525826], [-5.6105437324666476e-05, -0.9999963035074243, -0.0027184230110670615, 0.03401784346790618], [0.0, 0.0, 0.0, 1.0]]}, "Hobj2base": {"type": "ndarray", "data": [[0.999994472144398, -0.00032957392655543676, 0.0033086344122284237, -0.7356694550919638], [-0.00033358317105650266, -0.9999992107692859, 0.0012112733266988352, 0.08594287462144404], [0.0033082325968461137, -0.0012123703357138885, -0.9999937928583622, -0.005475987630572479], [0.0, 0.0, 0.0, 1.0]]}, "mean_rme": {"type": "float", "data": 0.001669437442346195}, "max_rme": {"type": "float", "data": 0.006032342788758832}, "simu": {"type": "float", "data": 0.002}}]}