{"type": "list", "data": [{"type": "dict", "image_number": {"type": "int", "data": 5}, "Hcamera2end": {"type": "ndarray", "data": [[0.9999951224193087, 0.003121978729876222, -9.157730111401872e-05, -0.01473690292394298], [9.543832800405273e-05, -0.0012365977323440802, 0.9999992308584912, 0.023586206109108797], [0.0031218630843498994, -0.9999943620215358, -0.0012368896571688381, 0.031768609384073006], [0.0, 0.0, 0.0, 1.0]]}, "Hobj2base": {"type": "ndarray", "data": [[0.9999904873334343, 0.003519640937585176, 0.002576309436180124, -0.7332338367668422], [0.0035279031235628173, -0.9999886264500775, -0.0032094968513273255, 0.0900810327114003], [0.002564983857889153, 0.003218555290561099, -0.9999915308439622, 0.002071066101084318], [0.0, 0.0, 0.0, 1.0]]}, "mean_rme": {"type": "float", "data": 0.0012605511432399743}, "max_rme": {"type": "float", "data": 0.004175364610948917}, "simu": {"type": "float", "data": 0.002}}, {"type": "dict", "image_number": {"type": "int", "data": 6}, "Hcamera2end": {"type": "ndarray", "data": [[0.9999950391537656, 0.0030659451096642825, -0.0007222523403862622, -0.014585455163188748], [0.000725923322061181, -0.0011963970503399146, 0.999999020834235, 0.023697224198916317], [0.003065078007026154, -0.9999945842926764, -0.0011986167562574312, 0.031559332682838816], [0.0, 0.0, 0.0, 1.0]]}, "Hobj2base": {"type": "ndarray", "data": [[0.9999921233582493, 0.0033343658311334183, 0.00215295749241941, -0.7335390747715579], [0.00334114786876975, -0.9999894437322163, -0.0031542281229643278, 0.0897836640592537], [0.0021424174147467805, 0.0031613966275767518, -0.9999927077829038, 0.0023653393673961722], [0.0, 0.0, 0.0, 1.0]]}, "mean_rme": {"type": "float", "data": 0.0013879842483564882}, "max_rme": {"type": "float", "data": 0.004097817623899602}, "simu": {"type": "float", "data": 0.002}}, {"type": "dict", "image_number": {"type": "int", "data": 7}, "Hcamera2end": {"type": "ndarray", "data": [[0.9999950684586476, 0.0029086863873544716, -0.0011843149431773863, -0.01451026940699442], [0.0011881454474089738, -0.0013155442350478719, 0.9999984288256464, 0.02386920143525919], [0.002907123798605039, -0.9999949044304505, -0.0013189936898760912, 0.03133371973931877], [0.0, 0.0, 0.0, 1.0]]}, "Hobj2base": {"type": "ndarray", "data": [[0.9999925952011224, 0.0031273884891433114, 0.002242539667894981, -0.7335751751686667], [0.0031342706793035294, -0.9999903695107086, -0.003072007998873498, 0.08955999804876313], [0.0022329107086864913, 0.0030790139776003746, -0.9999927668651871, 0.002625578447296582], [0.0, 0.0, 0.0, 1.0]]}, "mean_rme": {"type": "float", "data": 0.0014430195553309117}, "max_rme": {"type": "float", "data": 0.004460443591418284}, "simu": {"type": "float", "data": 0.002}}, {"type": "dict", "image_number": {"type": "int", "data": 8}, "Hcamera2end": {"type": "ndarray", "data": [[0.9999952232160682, 0.0026302786076278367, -0.0016233235944612544, -0.014353691626921095], [0.0016275624439133479, -0.0016102208626538328, 0.9999973791111978, 0.023870172870415454], [0.0026276578044414473, -0.999995244400302, -0.0016144941136555513, 0.03151878514006258], [0.0, 0.0, 0.0, 1.0]]}, "Hobj2base": {"type": "ndarray", "data": [[0.9999931395355741, 0.002811094192166899, 0.002412183912677872, -0.7332981222759928], [0.0028184642494284515, -0.999991354226788, -0.003057405918319907, 0.08936727547814204], [0.0024035684014627316, 0.003064183597216298, -0.9999924167901586, 0.0025513675542861783], [0.0, 0.0, 0.0, 1.0]]}, "mean_rme": {"type": "float", "data": 0.0014378566674023562}, "max_rme": {"type": "float", "data": 0.0041634271897234565}, "simu": {"type": "float", "data": 0.002}}, {"type": "dict", "image_number": {"type": "int", "data": 9}, "Hcamera2end": {"type": "ndarray", "data": [[0.9999938732921043, 0.0029111438497381936, -0.0019438672127673631, -0.014095041355390189], [0.0019488042270760083, -0.0016940265576590452, 0.999996666212496, 0.023836855882442266], [0.0029078411819202146, -0.9999943277416666, -0.0016996894282932384, 0.031473974595536386], [0.0, 0.0, 0.0, 1.0]]}, "Hobj2base": {"type": "ndarray", "data": [[0.9999924687980782, 0.0030572309024830013, 0.0023907501612174887, -0.7333648085642729], [0.003065157156003803, -0.9999897952120309, -0.0033187773968106874, 0.08894931094319324], [0.0023805794953030146, 0.003326080427392852, -0.9999916349801419, 0.0025052497392942983], [0.0, 0.0, 0.0, 1.0]]}, "mean_rme": {"type": "float", "data": 0.0015014848004869458}, "max_rme": {"type": "float", "data": 0.004258973266422772}, "simu": {"type": "float", "data": 0.002}}, {"type": "dict", "image_number": {"type": "int", "data": 10}, "Hcamera2end": {"type": "ndarray", "data": [[0.999992530829142, 0.003118557276628171, -0.0022831746406822492, -0.013987071164393714], [0.002288027222155641, -0.0015533537553054089, 0.9999961760044591, 0.024010613048001086], [0.0031149987733769292, -0.999993930827894, -0.0015604774969835145, 0.031633242232711564], [0.0, 0.0, 0.0, 1.0]]}, "Hobj2base": {"type": "ndarray", "data": [[0.9999924865673612, 0.003238441183644208, 0.002130565071982815, -0.733248102029242], [0.003245426284995421, -0.9999893436059393, -0.0032832731826978154, 0.08877594108989299], [0.0021199096807498316, 0.0032901631059324287, -0.9999923403755064, 0.0026437615765085576], [0.0, 0.0, 0.0, 1.0]]}, "mean_rme": {"type": "float", "data": 0.0015986645971842565}, "max_rme": {"type": "float", "data": 0.0039879680987842114}, "simu": {"type": "float", "data": 0.002}}, {"type": "dict", "image_number": {"type": "int", "data": 11}, "Hcamera2end": {"type": "ndarray", "data": [[0.999992551609107, 0.002924577237099327, -0.0025186453286538553, -0.013916850854735902], [0.0025226190858349405, -0.0013558529394328556, 0.9999958990194683, 0.023951164167532398], [0.0029211503307927703, -0.9999948042418977, -0.0013632204348665855, 0.03152460939105581], [0.0, 0.0, 0.0, 1.0]]}, "Hobj2base": {"type": "ndarray", "data": [[0.9999935387029287, 0.0030412033752270145, 0.0019166727484496008, -0.7334603739666307], [0.003047064970176214, -0.9999906674356465, -0.003062749855546236, 0.08887015543281067], [0.001907340415779668, 0.0030685702926006564, -0.9999934729431474, 0.002703947517314065], [0.0, 0.0, 0.0, 1.0]]}, "mean_rme": {"type": "float", "data": 0.001561382644655516}, "max_rme": {"type": "float", "data": 0.004175586393261099}, "simu": {"type": "float", "data": 0.002}}, {"type": "dict", "image_number": {"type": "int", "data": 12}, "Hcamera2end": {"type": "ndarray", "data": [[0.9999935482228065, 0.0030285766767091955, -0.0019316407727450096, -0.013905323557230165], [0.0019362340564961352, -0.001514449897507042, 0.9999969787150291, 0.023837960994270258], [0.003025642153345695, -0.9999942670659774, -0.0015203041599178846, 0.031578684012908566], [0.0, 0.0, 0.0, 1.0]]}, "Hobj2base": {"type": "ndarray", "data": [[0.999992988431704, 0.003143861348537819, 0.002034508110337219, -0.7333860467444117], [0.0031490082838206484, -0.999991837394121, -0.0025315789458595743, 0.08928229843540743], [0.0020265325702506953, 0.0025379678784138507, -0.9999947259284876, 0.0026158510087304168], [0.0, 0.0, 0.0, 1.0]]}, "mean_rme": {"type": "float", "data": 0.0015595324637055032}, "max_rme": {"type": "float", "data": 0.0041009713528809}, "simu": {"type": "float", "data": 0.002}}, {"type": "dict", "image_number": {"type": "int", "data": 13}, "Hcamera2end": {"type": "ndarray", "data": [[0.9999936768453253, 0.002783092973756547, -0.002213744083363191, -0.013860401085528376], [0.0022176915556313174, -0.0014160909846210323, 0.9999965382592518, 0.023845725836230822], [0.002779948476371485, -0.9999951245280262, -0.001422254072245055, 0.03150911439534268], [0.0, 0.0, 0.0, 1.0]]}, "Hobj2base": {"type": "ndarray", "data": [[0.9999940211961001, 0.0028904728249396277, 0.0018980882229189455, -0.7334684789271679], [0.0028956091627684397, -0.9999921385982633, -0.002708909235860263, 0.08924581763793643], [0.0018902432727534117, 0.002714389161473186, -0.9999945295209618, 0.002683576805295266], [0.0, 0.0, 0.0, 1.0]]}, "mean_rme": {"type": "float", "data": 0.0014978759246921203}, "max_rme": {"type": "float", "data": 0.004197117946906137}, "simu": {"type": "float", "data": 0.002}}, {"type": "dict", "image_number": {"type": "int", "data": 14}, "Hcamera2end": {"type": "ndarray", "data": [[0.9999961015476367, 0.0025710944642094234, -0.0010892028207557306, -0.013756955157218177], [0.001093091691616391, -0.0015116148668503637, 0.9999982600840103, 0.02371972497846732], [0.0025694435355441848, -0.9999955522369839, -0.0015144194158889235, 0.031484833602834175], [0.0, 0.0, 0.0, 1.0]]}, "Hobj2base": {"type": "ndarray", "data": [[0.9999946594191524, 0.0027076406835394224, 0.001830250010805711, -0.733521143479518], [0.002710536157816234, -0.9999950760948892, -0.0015813853779716325, 0.08997932514192854], [0.0018259591754425785, 0.0015863378912873028, -0.9999970746983133, 0.0026708294052287885], [0.0, 0.0, 0.0, 1.0]]}, "mean_rme": {"type": "float", "data": 0.0015413202806306633}, "max_rme": {"type": "float", "data": 0.004346740582250819}, "simu": {"type": "float", "data": 0.002}}, {"type": "dict", "image_number": {"type": "int", "data": 15}, "Hcamera2end": {"type": "ndarray", "data": [[0.9999946786046222, 0.0029358807577243256, -0.0014224509182575503, -0.013555423583334014], [0.0014270122927751163, -0.0015521552095483226, 0.9999977772225904, 0.023723440324874508], [0.0029336663673118005, -0.9999944856939872, -0.0015563364878481423, 0.03149462558053173], [0.0, 0.0, 0.0, 1.0]]}, "Hobj2base": {"type": "ndarray", "data": [[0.9999936203820922, 0.003003155489642329, 0.001933973169691738, -0.733418720811349], [0.003006152443203871, -0.9999942824301356, -0.0015485975999271304, 0.08984115394691372], [0.0019293114326815563, 0.0015544015386353097, -0.9999969307919161, 0.0026916517888493697], [0.0, 0.0, 0.0, 1.0]]}, "mean_rme": {"type": "float", "data": 0.001553906881389324}, "max_rme": {"type": "float", "data": 0.004221918392440793}, "simu": {"type": "float", "data": 0.002}}, {"type": "dict", "image_number": {"type": "int", "data": 16}, "Hcamera2end": {"type": "ndarray", "data": [[0.999996259106048, 0.0025281009396000108, -0.001044260288009823, -0.013625566263323008], [0.0010488618307061197, -0.0018195167497701004, 0.9999977946213965, 0.02382449663209812], [0.0025261953150951377, -0.999995149020452, -0.0018221615717306516, 0.03159122099074726], [0.0, 0.0, 0.0, 1.0]]}, "Hobj2base": {"type": "ndarray", "data": [[0.9999946878715913, 0.0025475458589854123, 0.0020332827386105507, -0.7331948603403681], [0.0025498738088392007, -0.9999960956660017, -0.0011431519200267865, 0.09009629881105505], [0.00203036256805557, 0.0011483304618581448, -0.9999972794787959, 0.0027617677762982566], [0.0, 0.0, 0.0, 1.0]]}, "mean_rme": {"type": "float", "data": 0.0015842081089755481}, "max_rme": {"type": "float", "data": 0.004160598944603189}, "simu": {"type": "float", "data": 0.002}}, {"type": "dict", "image_number": {"type": "int", "data": 17}, "Hcamera2end": {"type": "ndarray", "data": [[0.9999957385394528, 0.0025565704585322115, -0.0014095568186093125, -0.01365775487538946], [0.0014141984112188526, -0.0018146561906908776, 0.9999973535293797, 0.023785174639176686], [0.002554005831636585, -0.9999950854731238, -0.0018182639554857882, 0.03160756587688014], [0.0, 0.0, 0.0, 1.0]]}, "Hobj2base": {"type": "ndarray", "data": [[0.9999945114229979, 0.0025915339399971674, 0.0020642373210559674, -0.7332175249467769], [0.0025943733173084712, -0.9999956906371892, -0.0013740211576605754, 0.0899264679571369], [0.0020606676030440717, 0.001379369018465989, -0.999996925490344, 0.0026899124870614142], [0.0, 0.0, 0.0, 1.0]]}, "mean_rme": {"type": "float", "data": 0.0015222679420435457}, "max_rme": {"type": "float", "data": 0.004142770956256786}, "simu": {"type": "float", "data": 0.002}}, {"type": "dict", "image_number": {"type": "int", "data": 18}, "Hcamera2end": {"type": "ndarray", "data": [[0.999995831660956, 0.002522735575297606, -0.0014044450613205383, -0.013674075939123724], [0.0014090773326297418, -0.0018353717325609864, 0.9999973229522534, 0.02379692310541914], [0.002520151143048536, -0.9999951335960691, -0.00183891881162479, 0.031625231755074854], [0.0, 0.0, 0.0, 1.0]]}, "Hobj2base": {"type": "ndarray", "data": [[0.999994532068706, 0.0025780984146852467, 0.00207104834656281, -0.7332194667081212], [0.0025810233577801653, -0.9999956738704308, -0.0014108716627320252, 0.08982990021175441], [0.002067402020942306, 0.0014162093723402796, -0.9999968600950186, 0.0026802362325978107], [0.0, 0.0, 0.0, 1.0]]}, "mean_rme": {"type": "float", "data": 0.001470748788333335}, "max_rme": {"type": "float", "data": 0.004116870969462227}, "simu": {"type": "float", "data": 0.002}}, {"type": "dict", "image_number": {"type": "int", "data": 19}, "Hcamera2end": {"type": "ndarray", "data": [[0.9999974544055167, 0.0019303551236747225, -0.0011682943049796289, -0.01356456637437533], [0.001172143781195438, -0.00199425386740959, 0.9999973245116551, 0.02387977074215698], [0.0019280200835961093, -0.9999961483328867, -0.0019965114446016674, 0.03166977981572963], [0.0, 0.0, 0.0, 1.0]]}, "Hobj2base": {"type": "ndarray", "data": [[0.9999958207394452, 0.0019445247085317988, 0.0021394689297520907, -0.73305867044244], [0.001946093313027014, -0.9999978389309208, -0.0007313373401493774, 0.09006019616864218], [0.002138042202683748, 0.0007354978898776991, -0.9999974439059298, 0.002680937395371657], [0.0, 0.0, 0.0, 1.0]]}, "mean_rme": {"type": "float", "data": 0.0014545723990369121}, "max_rme": {"type": "float", "data": 0.004103968378702749}, "simu": {"type": "float", "data": 0.002}}, {"type": "dict", "image_number": {"type": "int", "data": 20}, "Hcamera2end": {"type": "ndarray", "data": [[0.9999986571743463, 0.0010747191572747126, -0.0012371856114139325, -0.013524692968873623], [0.0012390182780190973, -0.0017062628713235828, 0.999997776747889, 0.023739798933591533], [0.001072605804029386, -0.9999979668208067, -0.0017075921767895075, 0.03304329118525312], [0.0, 0.0, 0.0, 1.0]]}, "Hobj2base": {"type": "ndarray", "data": [[0.9999976005478052, 0.0010994520260944386, 0.0018947569434285558, -0.7344899052914251], [0.0011006699764116484, -0.9999991882591328, -0.0006418774643253498, 0.09020497178320044], [0.001894049691898254, 0.0006439614262512886, -0.9999979989427215, 0.002724466007625734], [0.0, 0.0, 0.0, 1.0]]}, "mean_rme": {"type": "float", "data": 0.0014300569295996137}, "max_rme": {"type": "float", "data": 0.004185991024820868}, "simu": {"type": "float", "data": 0.002}}, {"type": "dict", "image_number": {"type": "int", "data": 21}, "Hcamera2end": {"type": "ndarray", "data": [[0.999998606278166, 0.0010444021755957374, -0.0013025612543478124, -0.013515292790787432], [0.001304307357922313, -0.0016729345195223289, 0.9999977500336737, 0.023868816214412777], [0.0010422207260398204, -0.9999980552552036, -0.0016742944093592893, 0.03308541159743746], [0.0, 0.0, 0.0, 1.0]]}, "Hobj2base": {"type": "ndarray", "data": [[0.9999976052912088, 0.0010614853322209788, 0.0019138079154547613, -0.7345031046094623], [0.001062845868845947, -0.9999991831086217, -0.0007100286950768263, 0.0901455956682466], [0.001913052667036296, 0.000712061077601574, -0.9999979165970869, 0.00258500656711544], [0.0, 0.0, 0.0, 1.0]]}, "mean_rme": {"type": "float", "data": 0.0013975400836752994}, "max_rme": {"type": "float", "data": 0.004209997837013202}, "simu": {"type": "float", "data": 0.002}}, {"type": "dict", "image_number": {"type": "int", "data": 22}, "Hcamera2end": {"type": "ndarray", "data": [[0.9999992302076893, 0.0005203156106948193, -0.00112643494882935, -0.013523125148506664], [0.0011270784388887824, -0.0012380971024323895, 0.9999985984038964, 0.02224350478628336], [0.0005189202455762624, -0.9999990981932083, -0.0012386825858610173, 0.032918141013754836], [0.0, 0.0, 0.0, 1.0]]}, "Hobj2base": {"type": "ndarray", "data": [[0.9999983579553708, 0.0005639064508070156, 0.0017222357785112137, -0.7346121716519746], [0.0005646579398598108, -0.999999745580634, -0.00043588998518465105, 0.09039525591376875], [0.0017219895391665904, 0.0004368617435404889, -0.9999984219506772, 0.004255685661566813], [0.0, 0.0, 0.0, 1.0]]}, "mean_rme": {"type": "float", "data": 0.0014377161149452524}, "max_rme": {"type": "float", "data": 0.004225369549463426}, "simu": {"type": "float", "data": 0.002}}, {"type": "dict", "image_number": {"type": "int", "data": 23}, "Hcamera2end": {"type": "ndarray", "data": [[0.9999994608224024, 0.00023009379777530958, -0.0010126261642654938, -0.013593215113341203], [0.0010130038279703368, -0.001647201504496154, 0.999998130273476, 0.022737350787330184], [0.00022842536822156233, -0.9999986168910673, -0.0016474337022600594, 0.033502036519261175], [0.0, 0.0, 0.0, 1.0]]}, "Hobj2base": {"type": "ndarray", "data": [[0.9999975986858327, 0.00028044833935690454, 0.0021734698749188317, -0.7349106178747964], [0.0002811255894433843, -0.9999999120305654, -0.0003112993165024405, 0.09060355216711184], [0.0021733823803435593, 0.00031190958697470547, -0.9999975895578141, 0.003664065495756283], [0.0, 0.0, 0.0, 1.0]]}, "mean_rme": {"type": "float", "data": 0.001485593381709588}, "max_rme": {"type": "float", "data": 0.0044360858530388125}, "simu": {"type": "float", "data": 0.002}}, {"type": "dict", "image_number": {"type": "int", "data": 24}, "Hcamera2end": {"type": "ndarray", "data": [[0.99999940398186, -0.0002249939749126687, -0.0010683696157725586, -0.013581244587118329], [0.0010679964128329645, -0.0016523628981228722, 0.9999980645383846, 0.022885050272779803], [-0.000226758873760051, -0.9999986095363154, -0.0016521216205265254, 0.03332758313055193], [0.0, 0.0, 0.0, 1.0]]}, "Hobj2base": {"type": "ndarray", "data": [[0.9999975134173152, -0.00017211416915922985, 0.0022234063729525784, -0.7346643959942081], [-0.00017150376377305832, -0.9999999475566235, -0.00027472387668011196, 0.090685496025304], [0.002223453540221425, 0.00027434187099511874, -0.999997490492297, 0.003533757531064878], [0.0, 0.0, 0.0, 1.0]]}, "mean_rme": {"type": "float", "data": 0.0014505023704221235}, "max_rme": {"type": "float", "data": 0.00449508772445098}, "simu": {"type": "float", "data": 0.002}}, {"type": "dict", "image_number": {"type": "int", "data": 25}, "Hcamera2end": {"type": "ndarray", "data": [[0.9999995348121175, 0.00015895978654458832, -0.000951371291811979, -0.013563186663283865], [0.0009516485940284367, -0.0017536077941293637, 0.9999980096103482, 0.023817292161981883], [0.00015729113804024194, -0.9999984497945438, -0.0017537582522295647, 0.03336057686710876], [0.0, 0.0, 0.0, 1.0]]}, "Hobj2base": {"type": "ndarray", "data": [[0.99999714803453, 0.00022247130927229006, 0.0023779043973546645, -0.7345273196196257], [0.00022284865528710216, -0.999999962620046, -0.0001584246929895823, 0.0906902128470273], [0.002377869063519837, 0.0001589541539651801, -0.9999971602321145, 0.00259599697465974], [0.0, 0.0, 0.0, 1.0]]}, "mean_rme": {"type": "float", "data": 0.0014690710783470675}, "max_rme": {"type": "float", "data": 0.004822943446064876}, "simu": {"type": "float", "data": 0.002}}, {"type": "dict", "image_number": {"type": "int", "data": 26}, "Hcamera2end": {"type": "ndarray", "data": [[0.9999987797668, 0.000409218021436659, -0.0015076490048973555, -0.013627926389787163], [0.0015083434279428059, -0.0017019807087139682, 0.9999974140775418, 0.023557182060101316], [0.0004066509737087399, -0.9999984678999654, -0.0017025958732139745, 0.032553330577103565], [0.0, 0.0, 0.0, 1.0]]}, "Hobj2base": {"type": "ndarray", "data": [[0.9999969774808757, 0.0004662996331126531, 0.0024140409617899932, -0.7337596056376735], [0.000468215624535747, -0.9999995758180698, -0.0007931820787635602, 0.090361655380522], [0.002413670077285119, 0.0007943099730521374, -0.9999967716290015, 0.00287757175558063], [0.0, 0.0, 0.0, 1.0]]}, "mean_rme": {"type": "float", "data": 0.001463364416138648}, "max_rme": {"type": "float", "data": 0.004849928013238358}, "simu": {"type": "float", "data": 0.002}}, {"type": "dict", "image_number": {"type": "int", "data": 27}, "Hcamera2end": {"type": "ndarray", "data": [[0.9999987835119691, 0.0010597211355485234, -0.0011445373286682152, -0.013607120092772656], [0.001146408057108323, -0.0017663812018844371, 0.9999977828205503, 0.02399741658581666], [0.0010576970967343846, -0.9999978784420319, -0.0017675939259509388, 0.032952292620554435], [0.0, 0.0, 0.0, 1.0]]}, "Hobj2base": {"type": "ndarray", "data": [[0.9999964294842252, 0.001103209476104636, 0.0024339161145797276, -0.7341283045830278], [0.001104356738985272, -0.9999992797142716, -0.0004700714115275568, 0.09049478136991228], [0.002433395774229042, 0.0004727576447934276, -0.9999969275378879, 0.0024172241956892074], [0.0, 0.0, 0.0, 1.0]]}, "mean_rme": {"type": "float", "data": 0.0014726391004374608}, "max_rme": {"type": "float", "data": 0.004646222870050842}, "simu": {"type": "float", "data": 0.002}}, {"type": "dict", "image_number": {"type": "int", "data": 28}, "Hcamera2end": {"type": "ndarray", "data": [[0.9999988304674573, 0.0010524926592316679, -0.0011096499086592283, -0.013572073770499302], [0.0011114240286963098, -0.0016865521184405985, 0.9999979601372097, 0.02364402999315329], [0.0010506190298868784, -0.9999980238986247, -0.001687719911594554, 0.03276551880068353], [0.0, 0.0, 0.0, 1.0]]}, "Hobj2base": {"type": "ndarray", "data": [[0.9999964562731276, 0.0010930263669159405, 0.0024274955299860407, -0.7339959522545808], [0.0010939904829310027, -0.9999993232346303, -0.00039587258642172945, 0.09046080188525267], [0.0024270611879662327, 0.0003985268405645692, -0.999996975270599, 0.0027893461636062456], [0.0, 0.0, 0.0, 1.0]]}, "mean_rme": {"type": "float", "data": 0.001476976036541993}, "max_rme": {"type": "float", "data": 0.004754012576577149}, "simu": {"type": "float", "data": 0.002}}, {"type": "dict", "image_number": {"type": "int", "data": 29}, "Hcamera2end": {"type": "ndarray", "data": [[0.9999985996966593, 0.0010815679424191842, -0.0012770338705413882, -0.013582916460269705], [0.001278826577741143, -0.0016584412414004657, 0.9999978070852118, 0.023663603581421774], [0.0010794476849952776, -0.9999980398897961, -0.0016598220569101763, 0.033011096918297345], [0.0, 0.0, 0.0, 1.0]]}, "Hobj2base": {"type": "ndarray", "data": [[0.9999963555872985, 0.0011270499741994463, 0.002453277496921911, -0.7342296651788062], [0.001128457664047982, -0.9999991994182891, -0.0005724911186974328, 0.09033624891659707], [0.0024526303067722586, 0.0005752574520969662, -0.9999968268366863, 0.0027327488701053893], [0.0, 0.0, 0.0, 1.0]]}, "mean_rme": {"type": "float", "data": 0.0014596124973514212}, "max_rme": {"type": "float", "data": 0.004730999177306017}, "simu": {"type": "float", "data": 0.002}}, {"type": "dict", "image_number": {"type": "int", "data": 30}, "Hcamera2end": {"type": "ndarray", "data": [[0.9999984277994757, 0.0013464593951995282, -0.0011538828683872768, -0.013604339645205295], [0.001156022710349375, -0.0015895415895932352, 0.9999980684826486, 0.023545938915878393], [0.0013446226496810227, -0.9999978301999619, -0.0015910956281546262, 0.03293841376661416], [0.0, 0.0, 0.0, 1.0]]}, "Hobj2base": {"type": "ndarray", "data": [[0.9999959119843828, 0.0013954837072269136, 0.002495724292747709, -0.7341732666294869], [0.0013966821238337013, -0.9999989101532518, -0.0004785095113684543, 0.09031030736056], [0.0024950538205638375, 0.0004819932887197971, -0.9999967711892379, 0.0028614792676276996], [0.0, 0.0, 0.0, 1.0]]}, "mean_rme": {"type": "float", "data": 0.001437742658032632}, "max_rme": {"type": "float", "data": 0.004704883831259221}, "simu": {"type": "float", "data": 0.002}}]}