{"type": "list", "data": [{"type": "dict", "image_number": {"type": "int", "data": 5}, "Hcamera2end": {"type": "ndarray", "data": [[0.9999939170501337, 0.0014514003732390215, 0.0031716399049832905, -0.017097753193559433], [-0.0031722911238131254, 0.00044660114548111807, 0.9999948685450555, 0.0231705820032186], [0.0014499764674287805, -0.999998846991522, 0.0004512026933498614, 0.03325236400528469], [0.0, 0.0, 0.0, 1.0]]}, "Hobj2base": {"type": "ndarray", "data": [[0.9999989448627791, 0.001452415997423431, 2.758802091550125e-05, -0.7358773696610706], [0.0014523548687346193, -0.9999967408840329, 0.002099734899457543, 0.0890493264847518], [3.063761956126219e-05, -0.002099692616352601, -0.9999977951736962, -0.00038169711507443085], [0.0, 0.0, 0.0, 1.0]]}, "mean_rme": {"type": "float", "data": 0.001463694787999704}, "max_rme": {"type": "float", "data": 0.004858682296872918}, "simu": {"type": "float", "data": 0.002}}, {"type": "dict", "image_number": {"type": "int", "data": 6}, "Hcamera2end": {"type": "ndarray", "data": [[0.9999920251205319, 0.002181461573430011, 0.003345283357396474, -0.01616714226473221], [-0.0033486009467489407, 0.0015189354634126406, 0.9999932398305287, 0.023758645200855005], [0.0021763655568533664, -0.9999964670239898, 0.001526228194375534, 0.03343411231772199], [0.0, 0.0, 0.0, 1.0]]}, "Hobj2base": {"type": "ndarray", "data": [[0.9999981325807052, 0.0018100619171462808, -0.0006771343724894122, -0.7373600896494019], [0.0018116974289271938, -0.9999954244242923, 0.002422577739605542, 0.08966019249375536], [-0.0006727462585020406, -0.002423799978238805, -0.9999968362980636, -0.000358194237024545], [0.0, 0.0, 0.0, 1.0]]}, "mean_rme": {"type": "float", "data": 0.0016733196380619407}, "max_rme": {"type": "float", "data": 0.005081516265787456}, "simu": {"type": "float", "data": 0.002}}, {"type": "dict", "image_number": {"type": "int", "data": 7}, "Hcamera2end": {"type": "ndarray", "data": [[0.9999933904286559, 0.0021878808984640242, 0.0029038381800576126, -0.01651699787704477], [-0.0029059075555654167, 0.000943251061454764, 0.9999953329784662, 0.023499943656265655], [0.0021851316391311255, -0.9999971617232767, 0.0009496026066031504, 0.03335640118168287], [0.0, 0.0, 0.0, 1.0]]}, "Hobj2base": {"type": "ndarray", "data": [[0.999997735414565, 0.0020831799851317627, -0.00043534686293975755, -0.7367929215722305], [0.002084316916946354, -0.9999943755887388, 0.0026276251403358373, 0.08949609381457357], [-0.00042987059826918246, -0.0026285265906853808, -0.9999964530233247, -0.00035477803453615967], [0.0, 0.0, 0.0, 1.0]]}, "mean_rme": {"type": "float", "data": 0.0016866117660293762}, "max_rme": {"type": "float", "data": 0.004723315633076264}, "simu": {"type": "float", "data": 0.002}}, {"type": "dict", "image_number": {"type": "int", "data": 8}, "Hcamera2end": {"type": "ndarray", "data": [[0.9999930407653885, 0.0022535912133667423, 0.0029731712757674915, -0.01654379687845075], [-0.0029753995563991426, 0.0009860618603473315, 0.9999950873276764, 0.02359223724838845], [0.0022506484114122455, -0.9999969744997483, 0.000992760332408138, 0.033291127195729436], [0.0, 0.0, 0.0, 1.0]]}, "Hobj2base": {"type": "ndarray", "data": [[0.9999978289679265, 0.0019787700901325554, -0.0006530913900872701, -0.7369409909658162], [0.0019806846320948287, -0.9999937048681058, 0.002943996016941007, 0.08975510311364841], [-0.0006472617875270384, -0.00294528319351093, -0.9999954531692072, -0.00043449064813573524], [0.0, 0.0, 0.0, 1.0]]}, "mean_rme": {"type": "float", "data": 0.0016544852757458906}, "max_rme": {"type": "float", "data": 0.004691387421290827}, "simu": {"type": "float", "data": 0.002}}, {"type": "dict", "image_number": {"type": "int", "data": 9}, "Hcamera2end": {"type": "ndarray", "data": [[0.9999927314701352, 0.0024431574968499744, 0.0029271126291281506, -0.01618437887924126], [-0.0029296179035387224, 0.0010224767449298344, 0.9999951859285352, 0.023477802175471095], [0.00244015283072211, -0.9999964927552256, 0.0010296268309709644, 0.03349742022850658], [0.0, 0.0, 0.0, 1.0]]}, "Hobj2base": {"type": "ndarray", "data": [[0.9999976763021138, 0.001977452601814117, -0.000858528730089648, -0.7370367054228323], [0.0019800816259477457, -0.9999933201947386, 0.0030722699520595643, 0.09004665151611778], [-0.0008524477270747439, -0.00307396276999617, -0.9999949120299374, -0.00015351089620082827], [0.0, 0.0, 0.0, 1.0]]}, "mean_rme": {"type": "float", "data": 0.0016103886237951316}, "max_rme": {"type": "float", "data": 0.005080898160792935}, "simu": {"type": "float", "data": 0.002}}, {"type": "dict", "image_number": {"type": "int", "data": 10}, "Hcamera2end": {"type": "ndarray", "data": [[0.9999933260267521, 0.002471229287850861, 0.002690897203693976, -0.015902472066932953], [-0.0026931408426745644, 0.0009050255396105822, 0.9999959639524422, 0.02324046209135162], [0.0024687839831581196, -0.9999965369712934, 0.0009116748680210174, 0.03373334505130629], [0.0, 0.0, 0.0, 1.0]]}, "Hobj2base": {"type": "ndarray", "data": [[0.9999974030511942, 0.001996163251872499, -0.0010996468247983938, -0.7369853367811398], [0.001999476822691357, -0.9999934393387531, 0.0030204919942452375, 0.09020371466882876], [-0.0010936102152665976, -0.0030226828685214905, -0.9999948336891415, 0.0001978448969941038], [0.0, 0.0, 0.0, 1.0]]}, "mean_rme": {"type": "float", "data": 0.0015799040223103394}, "max_rme": {"type": "float", "data": 0.005442149807083796}, "simu": {"type": "float", "data": 0.002}}, {"type": "dict", "image_number": {"type": "int", "data": 11}, "Hcamera2end": {"type": "ndarray", "data": [[0.9999948924944726, 0.002425350330090394, 0.00208150444257626, -0.015268006292110024], [-0.002083091208352537, 0.0006518995454594112, 0.999997617876163, 0.023361901434729545], [0.0024239876208055717, -0.999996846346407, 0.0006569484418286198, 0.03408950296746755], [0.0, 0.0, 0.0, 1.0]]}, "Hobj2base": {"type": "ndarray", "data": [[0.9999973599219864, 0.0021113782742882875, -0.0009067694525993348, -0.7372834718368171], [0.0021137919696278215, -0.999994203598457, 0.0026692045626138285, 0.09038514010173039], [-0.0009011284960763465, -0.0026711142376927574, -0.9999960265501873, 0.0003792703713694627], [0.0, 0.0, 0.0, 1.0]]}, "mean_rme": {"type": "float", "data": 0.0016323334269409682}, "max_rme": {"type": "float", "data": 0.006147064112878908}, "simu": {"type": "float", "data": 0.002}}, {"type": "dict", "image_number": {"type": "int", "data": 12}, "Hcamera2end": {"type": "ndarray", "data": [[0.9999956813057213, 0.0023221457020959468, 0.0018013909194573411, -0.01517856058023482], [-0.0018043401302304015, 0.0012685681968188645, 0.9999975675427535, 0.023406816729554695], [0.0023198548663453454, -0.999996499180906, 0.0012727526589392246, 0.03399410704262384], [0.0, 0.0, 0.0, 1.0]]}, "Hobj2base": {"type": "ndarray", "data": [[0.9999979902337931, 0.001730523603203893, -0.001012332175393125, -0.7375969921081649], [0.0017330535804105205, -0.999995364142038, 0.002503641292194368, 0.0902589305984595], [-0.0010079948720148515, -0.0025053906863618347, -0.9999963534752747, 0.0004656178179788297], [0.0, 0.0, 0.0, 1.0]]}, "mean_rme": {"type": "float", "data": 0.0016061638355267564}, "max_rme": {"type": "float", "data": 0.00621684414197865}, "simu": {"type": "float", "data": 0.002}}, {"type": "dict", "image_number": {"type": "int", "data": 13}, "Hcamera2end": {"type": "ndarray", "data": [[0.9999969276427025, 0.0024429252659863235, 0.0004205012490516439, -0.014767404824796267], [-0.00042329263321834454, 0.0011422353707644106, 0.9999992580605772, 0.02350596250510607], [0.0024424431420836433, -0.9999963637006402, 0.0011432659336778617, 0.03425531902226855], [0.0, 0.0, 0.0, 1.0]]}, "Hobj2base": {"type": "ndarray", "data": [[0.9999978167005091, 0.001900183635297725, -0.0008694230080922175, -0.7378209100191943], [0.0019016224398192428, -0.9999968189657786, 0.0016570728471354257, 0.09005141874844409], [-0.0008662714997212527, -0.0016587225435510057, -0.9999982491050736, 0.000650313610379504], [0.0, 0.0, 0.0, 1.0]]}, "mean_rme": {"type": "float", "data": 0.0016411682676714093}, "max_rme": {"type": "float", "data": 0.006687009557664769}, "simu": {"type": "float", "data": 0.002}}, {"type": "dict", "image_number": {"type": "int", "data": 14}, "Hcamera2end": {"type": "ndarray", "data": [[0.9999968146364161, 0.0024279850246767105, 0.0006896417483911208, -0.014628494289054522], [-0.000692213463542982, 0.0010585163234073658, 0.9999992001915371, 0.023552575385278725], [0.002427253085705765, -0.9999964922098042, 0.0010601936355714159, 0.03438323062000667], [0.0, 0.0, 0.0, 1.0]]}, "Hobj2base": {"type": "ndarray", "data": [[0.9999978137900327, 0.0019719116031067956, -0.0006956865562008255, -0.7378016335540922], [0.0019732903617637253, -0.9999960794087808, 0.001986779357555281, 0.09037580515932597], [-0.0006917660754302455, -0.0019881478056146067, -0.9999977843615455, 0.0005894465865646673], [0.0, 0.0, 0.0, 1.0]]}, "mean_rme": {"type": "float", "data": 0.0016233111471150826}, "max_rme": {"type": "float", "data": 0.006778893719702972}, "simu": {"type": "float", "data": 0.002}}, {"type": "dict", "image_number": {"type": "int", "data": 15}, "Hcamera2end": {"type": "ndarray", "data": [[0.9999974625214968, 0.0022475501688818617, 0.00015319531941767684, -0.014778737665840324], [-0.00015595700197350358, 0.0012286285511837747, 0.9999992330743543, 0.023471075826654673], [0.0022473602250346527, -0.9999967194896799, 0.0012289759547513546, 0.034373901299657235], [0.0, 0.0, 0.0, 1.0]]}, "Hobj2base": {"type": "ndarray", "data": [[0.9999981182710423, 0.0017967317162970178, -0.0007315801487151895, -0.7377131484147703], [0.0017978576756415828, -0.9999971959842351, 0.001541340794652286, 0.09011370642908698], [-0.000728808721461545, -0.0015426531712523937, -0.9999985445284612, 0.0005959910917434271], [0.0, 0.0, 0.0, 1.0]]}, "mean_rme": {"type": "float", "data": 0.001631578086064081}, "max_rme": {"type": "float", "data": 0.006600362515174818}, "simu": {"type": "float", "data": 0.002}}, {"type": "dict", "image_number": {"type": "int", "data": 16}, "Hcamera2end": {"type": "ndarray", "data": [[0.9999969616361055, 0.0024641783918040398, -6.740482690692257e-05, -0.014775415809270016], [6.44080842239947e-05, 0.0012161815877872462, 0.9999992583766971, 0.023478039534411445], [0.0024642585408213343, -0.9999962243564716, 0.0012160191795757003, 0.034336461002363386], [0.0, 0.0, 0.0, 1.0]]}, "Hobj2base": {"type": "ndarray", "data": [[0.9999976774940584, 0.002009003876630238, -0.0007803267986817573, -0.737737312697051], [0.002010118612131724, -0.9999969566819864, 0.0014304020169989176, 0.08999273770117867], [-0.0007774507407018638, -0.0014319672443033097, -0.9999986725191972, 0.0005651115363146421], [0.0, 0.0, 0.0, 1.0]]}, "mean_rme": {"type": "float", "data": 0.001562147769805116}, "max_rme": {"type": "float", "data": 0.0065387635520745}, "simu": {"type": "float", "data": 0.002}}, {"type": "dict", "image_number": {"type": "int", "data": 17}, "Hcamera2end": {"type": "ndarray", "data": [[0.9999968255217125, 0.0023761525680947564, 0.0008383587959449766, -0.014553937781473075], [-0.000840998994303579, 0.0011103419567802808, 0.9999990299302448, 0.023536983456594912], [0.0023752193981150427, -0.9999965605139411, 0.001112336773943845, 0.03444871840099968], [0.0, 0.0, 0.0, 1.0]]}, "Hobj2base": {"type": "ndarray", "data": [[0.9999978559584239, 0.001974220011614038, -0.0006249271165386279, -0.7377439437137281], [0.0019757042384831946, -0.9999952079868302, 0.002383400121398327, 0.09067907984525962], [-0.0006202187656643072, -0.0023846296824422625, -0.999996964430373, 0.0004660578571263667], [0.0, 0.0, 0.0, 1.0]]}, "mean_rme": {"type": "float", "data": 0.0015627172107205516}, "max_rme": {"type": "float", "data": 0.006699462188178185}, "simu": {"type": "float", "data": 0.002}}, {"type": "dict", "image_number": {"type": "int", "data": 18}, "Hcamera2end": {"type": "ndarray", "data": [[0.9999978107393491, 0.0019396789807620933, -0.0007849598464332269, -0.014796417357075644], [0.0007821056620054665, 0.0014717932360894803, 0.9999986110667373, 0.023495155666396796], [0.00194083158527002, -0.9999970357306674, 0.0014702729800372127, 0.03446867074950604], [0.0, 0.0, 0.0, 1.0]]}, "Hobj2base": {"type": "ndarray", "data": [[0.9999986026558131, 0.0014826986948830662, -0.0007721988095189618, -0.7377572913845031], [0.001483386922192962, -0.9999985024408999, 0.0008914478088289042, 0.08999537649259207], [-0.0007708759046029009, -0.0008925920327848641, -0.9999993045146591, 0.00045962588132333275], [0.0, 0.0, 0.0, 1.0]]}, "mean_rme": {"type": "float", "data": 0.0016597318517326764}, "max_rme": {"type": "float", "data": 0.00643600064356209}, "simu": {"type": "float", "data": 0.002}}, {"type": "dict", "image_number": {"type": "int", "data": 19}, "Hcamera2end": {"type": "ndarray", "data": [[0.9999974211068094, 0.0012880996922594065, -0.0018704488534182695, -0.014815662186566408], [0.001868022247990707, 0.001882498024737722, 0.9999964833408506, 0.02333378333403461], [0.0012916162787237713, -0.9999973984968009, 0.001880086971093653, 0.0345084955922158], [0.0, 0.0, 0.0, 1.0]]}, "Hobj2base": {"type": "ndarray", "data": [[0.9999993471101472, 0.0007730070340944687, -0.0008415696076868359, -0.7377615057522205], [0.000772951441213373, -0.9999996990697173, -6.638180788946293e-05, 0.08957853178143534], [-0.0008416206680374903, 6.573127210831124e-05, -0.999999643676962, 0.0005996097995440022], [0.0, 0.0, 0.0, 1.0]]}, "mean_rme": {"type": "float", "data": 0.0016844118256456016}, "max_rme": {"type": "float", "data": 0.00641420115311242}, "simu": {"type": "float", "data": 0.002}}, {"type": "dict", "image_number": {"type": "int", "data": 20}, "Hcamera2end": {"type": "ndarray", "data": [[0.9999981778715282, 0.0008661761237929577, -0.0017011738729153418, -0.014659592124103707], [0.0016993694545866076, 0.0020796919646803858, 0.9999963935058911, 0.02321079355762897], [0.0008697109175678963, -0.9999974623069074, 0.002078216221967355, 0.03454726075767871], [0.0, 0.0, 0.0, 1.0]]}, "Hobj2base": {"type": "ndarray", "data": [[0.9999996020839687, 0.0003343119134582356, -0.0008270837012282012, -0.7377588714775007], [0.0003344896373384521, -0.9999999209993058, 0.0002147511697267966, 0.08978973501604345], [-0.0008270118420135457, -0.00021502773520113577, -0.9999996349071767, 0.000676561244083923], [0.0, 0.0, 0.0, 1.0]]}, "mean_rme": {"type": "float", "data": 0.0016722793100007668}, "max_rme": {"type": "float", "data": 0.006532223541491522}, "simu": {"type": "float", "data": 0.002}}, {"type": "dict", "image_number": {"type": "int", "data": 21}, "Hcamera2end": {"type": "ndarray", "data": [[0.9999981172586624, 0.0011381906392171877, -0.0015716237461153974, -0.014748113726910657], [0.0015691614642482738, 0.0021610014474359174, 0.9999964338961631, 0.023310054325236085], [0.0011415828615013621, -0.9999970172929582, 0.0021592113739391516, 0.034786480005483573], [0.0, 0.0, 0.0, 1.0]]}, "Hobj2base": {"type": "ndarray", "data": [[0.9999993555550112, 0.0005566306614064872, -0.0009894704993539001, -0.7380339025229044], [0.0005569428400363493, -0.9999997952150386, 0.0003152531587673697, 0.08974614764818147], [-0.0009892948171509469, -0.0003158040341140937, -0.9999994607816431, 0.0005914056767161882], [0.0, 0.0, 0.0, 1.0]]}, "mean_rme": {"type": "float", "data": 0.0016461721895019942}, "max_rme": {"type": "float", "data": 0.006418819771637496}, "simu": {"type": "float", "data": 0.002}}, {"type": "dict", "image_number": {"type": "int", "data": 22}, "Hcamera2end": {"type": "ndarray", "data": [[0.999998380825756, 0.000989868284381174, -0.0015028328735544989, -0.014727994817197264], [0.0015003549193987084, 0.0024993205961333365, 0.9999957511568104, 0.02214495715046997], [0.0009936201397394765, -0.999996386772141, 0.0024978313955478226, 0.0351390143135579], [0.0, 0.0, 0.0, 1.0]]}, "Hobj2base": {"type": "ndarray", "data": [[0.9999992239203003, 0.00028955350698024686, -0.0012117415416527247, -0.7386386193285496], [0.0002900484064870309, -0.9999998745961161, 0.0004082642215628548, 0.09028768398169282], [-0.0012116231753585007, -0.0004086153684205108, -0.999999182501047, 0.001673793940510651], [0.0, 0.0, 0.0, 1.0]]}, "mean_rme": {"type": "float", "data": 0.001658129338407711}, "max_rme": {"type": "float", "data": 0.0065795698917962}, "simu": {"type": "float", "data": 0.002}}, {"type": "dict", "image_number": {"type": "int", "data": 23}, "Hcamera2end": {"type": "ndarray", "data": [[0.9999983871747924, 0.0009744599866668321, -0.0015086668116132064, -0.014706073508114701], [0.001506370044871122, 0.0023534128262026055, 0.9999960961410586, 0.0226896663380029], [0.000978006698337417, -0.9999967559326399, 0.0023519411332252327, 0.034891197230707306], [0.0, 0.0, 0.0, 1.0]]}, "Hobj2base": {"type": "ndarray", "data": [[0.9999993140130922, 0.0003244968493902655, -0.001125466632023147, -0.7382838788300389], [0.00032496087865169194, -0.9999998622700685, 0.00041214108197342754, 0.09002995800393332], [-0.0011253327385301003, -0.00041250653187567657, -0.9999992817320364, 0.001198930261736547], [0.0, 0.0, 0.0, 1.0]]}, "mean_rme": {"type": "float", "data": 0.001621080400017298}, "max_rme": {"type": "float", "data": 0.006568095578504685}, "simu": {"type": "float", "data": 0.002}}, {"type": "dict", "image_number": {"type": "int", "data": 24}, "Hcamera2end": {"type": "ndarray", "data": [[0.9999985283942282, 0.0009836416710764602, -0.0014055811754545098, -0.014692997062023667], [0.0014031663091451623, 0.002451425309815347, 0.9999960108111728, 0.023004840519376943], [0.000987083424412605, -0.9999965114754218, 0.002450041489430621, 0.03425644244607033], [0.0, 0.0, 0.0, 1.0]]}, "Hobj2base": {"type": "ndarray", "data": [[0.9999990548770981, 0.00022502662781846198, -0.0013563214690658705, -0.7377202976465661], [0.00022571658844421286, -0.999999845205132, 0.0005085683184504121, 0.08998765253108888], [-0.001356206817700551, -0.0005088739820456782, -0.999998950874619, 0.0009779015529476145], [0.0, 0.0, 0.0, 1.0]]}, "mean_rme": {"type": "float", "data": 0.0015963652168699293}, "max_rme": {"type": "float", "data": 0.0065899080765136064}, "simu": {"type": "float", "data": 0.002}}, {"type": "dict", "image_number": {"type": "int", "data": 25}, "Hcamera2end": {"type": "ndarray", "data": [[0.9999984706491146, 0.0007076534091563988, -0.0015993517700176496, -0.014631785737955618], [0.0015974029382411158, 0.0027459831268374923, 0.9999949539275287, 0.023276103557339896], [0.000712041631260358, -0.9999959793935772, 0.0027448485196307493, 0.03353684151777184], [0.0, 0.0, 0.0, 1.0]]}, "Hobj2base": {"type": "ndarray", "data": [[0.999998773030878, -0.0002117732671994529, -0.0015521239711449534, -0.7371001660979621], [-0.00021118056384337894, -0.9999999047317663, 0.00038201993130897573, 0.0899397641133955], [-0.0015522047248858325, -0.0003816916841669348, -0.9999987224851592, 0.0008197487279915205], [0.0, 0.0, 0.0, 1.0]]}, "mean_rme": {"type": "float", "data": 0.0015811062133520217}, "max_rme": {"type": "float", "data": 0.006665166698865632}, "simu": {"type": "float", "data": 0.002}}, {"type": "dict", "image_number": {"type": "int", "data": 26}, "Hcamera2end": {"type": "ndarray", "data": [[0.9999984694214287, 0.0007919874110202388, -0.0015600995932286749, -0.01461435878001403], [0.001558032861578516, 0.0026034952427512748, 0.9999953971624683, 0.023194368168258636], [0.0007960454775000475, -0.9999962972773756, 0.0026022573154849127, 0.03281032317292826], [0.0, 0.0, 0.0, 1.0]]}, "Hobj2base": {"type": "ndarray", "data": [[0.9999989330831972, -4.089524618031766e-05, -0.0014601917840455084, -0.7363300263813402], [-4.0308518013750256e-05, -0.9999999184487132, 0.0004018429933340297, 0.09001631499324586], [-0.001460208098433127, -0.0004017837064341573, -0.999998853180424, 0.0008929701347613233], [0.0, 0.0, 0.0, 1.0]]}, "mean_rme": {"type": "float", "data": 0.0015602263762554234}, "max_rme": {"type": "float", "data": 0.006701886496445542}, "simu": {"type": "float", "data": 0.002}}, {"type": "dict", "image_number": {"type": "int", "data": 27}, "Hcamera2end": {"type": "ndarray", "data": [[0.999998101298105, 0.0009548596237011872, -0.0016987181296701929, -0.014598818064140135], [0.0016963802691901263, 0.0024438820875503087, 0.9999955748573714, 0.023427920774731457], [0.0009590068651200601, -0.9999965578357966, 0.0024422576423213105, 0.0326003981676883], [0.0, 0.0, 0.0, 1.0]]}, "Hobj2base": {"type": "ndarray", "data": [[0.9999990675390096, 0.00020672013035122694, -0.0013498844021505663, -0.7360202026459526], [0.00020706013161649113, -0.9999999468766714, 0.0002517394607188336, 0.08978477600396705], [-0.0013498322908260794, -0.0002520187332235831, -0.9999990572192279, 0.0007040395070459915], [0.0, 0.0, 0.0, 1.0]]}, "mean_rme": {"type": "float", "data": 0.0015493513835228788}, "max_rme": {"type": "float", "data": 0.006699831147288449}, "simu": {"type": "float", "data": 0.002}}, {"type": "dict", "image_number": {"type": "int", "data": 28}, "Hcamera2end": {"type": "ndarray", "data": [[0.9999982392610809, 0.0011510745781907427, -0.0014820600708256872, -0.014672634881873176], [0.0014791456593766098, 0.002528642739414666, 0.9999957090378012, 0.023388567046491764], [0.0011548172394107094, -0.9999961404891581, 0.00252693568016904, 0.03276601732755069], [0.0, 0.0, 0.0, 1.0]]}, "Hobj2base": {"type": "ndarray", "data": [[0.9999987421713857, 0.00031348422334881004, -0.0015547936480914976, -0.7362633168760124], [0.0003141572124546912, -0.9999998570714876, 0.00043262252621711444, 0.08982486792347044], [-0.00155465780553052, -0.0004331104316905485, -0.9999986977263828, 0.0007654984321783956], [0.0, 0.0, 0.0, 1.0]]}, "mean_rme": {"type": "float", "data": 0.0015177896380064251}, "max_rme": {"type": "float", "data": 0.006650933186896801}, "simu": {"type": "float", "data": 0.002}}, {"type": "dict", "image_number": {"type": "int", "data": 29}, "Hcamera2end": {"type": "ndarray", "data": [[0.9999981549698965, 0.001096614385367176, -0.0015771790299729293, -0.014641110934248788], [0.0015744017195404166, 0.0025288901082609616, 0.9999955629771792, 0.023243792100826152], [0.001100598032111978, -0.9999962010686391, 0.0025271589308085707, 0.032834413320591116], [0.0, 0.0, 0.0, 1.0]]}, "Hobj2base": {"type": "ndarray", "data": [[0.9999988290480569, 0.00026593345016905567, -0.0015070440985666764, -0.7363313097552139], [0.0002664630127502942, -0.9999999028274196, 0.0003512016720671959, 0.08984586322483676], [-0.0015069505558509546, -0.00035160283233776724, -0.9999988027370186, 0.0009012005008160175], [0.0, 0.0, 0.0, 1.0]]}, "mean_rme": {"type": "float", "data": 0.0014887402500209379}, "max_rme": {"type": "float", "data": 0.006697652468323101}, "simu": {"type": "float", "data": 0.002}}, {"type": "dict", "image_number": {"type": "int", "data": 30}, "Hcamera2end": {"type": "ndarray", "data": [[0.999998129377914, 0.0009237909536797278, -0.001699367807918043, -0.014661682232063572], [0.0016969520579922727, 0.0026095636319933835, 0.9999951552539458, 0.023469994155927276], [0.000928221086576073, -0.9999961683866215, 0.0026079911215259877, 0.03313296003189091], [0.0, 0.0, 0.0, 1.0]]}, "Hobj2base": {"type": "ndarray", "data": [[0.9999988665834164, 8.429085889588494e-05, -0.0015032388145485582, -0.736623174313494], [8.465801540337282e-05, -0.9999999666041652, 0.0002441816736638507, 0.08973145505360319], [-0.0015032181820636428, -0.0002443086581190094, -0.9999988403235163, 0.0006931551502901923], [0.0, 0.0, 0.0, 1.0]]}, "mean_rme": {"type": "float", "data": 0.0014833330287029962}, "max_rme": {"type": "float", "data": 0.006656513161223732}, "simu": {"type": "float", "data": 0.002}}]}