{"type": "list", "data": [{"type": "dict", "image_number": {"type": "int", "data": 5}, "Hcamera2end": {"type": "ndarray", "data": [[0.9999976561507207, 0.0021622976146790473, 0.00011028186835272181, -0.01447730536010795], [-0.0001107112844607426, 0.00019847381901028083, 0.999999974175577, 0.018685572937441615], [0.0021622756707753796, -0.9999976425358055, 0.0001987127445638448, 0.033394950190177394], [0.0, 0.0, 0.0, 1.0]]}, "Hobj2base": {"type": "ndarray", "data": [[0.9999912399759731, 0.0026128885100375533, 0.003269982408216882, -0.7344174579815659], [0.002623638262079248, -0.9999911545810509, -0.003287443068197068, 0.09022039736383014], [0.0032613637616322306, 0.003295993521079327, -0.9999892499087795, 0.005062445708465413], [0.0, 0.0, 0.0, 1.0]]}, "mean_rme": {"type": "float", "data": 0.001950606586620273}, "max_rme": {"type": "float", "data": 0.005934309065443033}, "simu": {"type": "float", "data": 0.002}}, {"type": "dict", "image_number": {"type": "int", "data": 6}, "Hcamera2end": {"type": "ndarray", "data": [[0.9999971488719791, 0.002387856785888969, -1.9694745267018893e-05, -0.014969930428762206], [1.9948260801737512e-05, -0.0001061448810653065, 0.9999999941676653, 0.019076952445146893], [0.0023878546814657957, -0.9999971434325369, -0.0001061922120224601, 0.033555613188028736], [0.0, 0.0, 0.0, 1.0]]}, "Hobj2base": {"type": "ndarray", "data": [[0.9999904916111805, 0.0028338402288521154, 0.0033145190883196343, -0.7345925686655338], [0.002843398433163249, -0.9999918028482526, -0.002882589400470292, 0.0899660410527577], [0.0033063231208973827, 0.0028919864900718833, -0.9999903522742415, 0.005293991124881751], [0.0, 0.0, 0.0, 1.0]]}, "mean_rme": {"type": "float", "data": 0.001931643176160021}, "max_rme": {"type": "float", "data": 0.0054244871684915475}, "simu": {"type": "float", "data": 0.002}}, {"type": "dict", "image_number": {"type": "int", "data": 7}, "Hcamera2end": {"type": "ndarray", "data": [[0.9999968097524602, 0.0025223185832069193, -0.00013562399015524217, -0.01469601767017634], [0.00013757169900248563, -0.0007720323967419507, 0.9999996925199558, 0.018936442875351952], [0.0025222131015301143, -0.9999965209314198, -0.0007723769334204711, 0.033637256384075706], [0.0, 0.0, 0.0, 1.0]]}, "Hobj2base": {"type": "ndarray", "data": [[0.9999909893365915, 0.002835281093155721, 0.003159497863231812, -0.7341083885035015], [0.0028447432560003995, -0.99999147054848, -0.0029943724043757468, 0.0899119006479738], [0.0031509810269839656, 0.003003333383332667, -0.9999905256086961, 0.005299696055635517], [0.0, 0.0, 0.0, 1.0]]}, "mean_rme": {"type": "float", "data": 0.0018438317365484763}, "max_rme": {"type": "float", "data": 0.005658663104779721}, "simu": {"type": "float", "data": 0.002}}, {"type": "dict", "image_number": {"type": "int", "data": 8}, "Hcamera2end": {"type": "ndarray", "data": [[0.9999963912262093, 0.0026810089217915297, -0.00017241148268341182, -0.01514427425986191], [0.00017351071805409121, -0.00040978091189036725, 0.9999999009868124, 0.0191986298617597], [0.0026809380054016968, -0.9999963221286192, -0.00041024461686678393, 0.03389802686274715], [0.0, 0.0, 0.0, 1.0]]}, "Hobj2base": {"type": "ndarray", "data": [[0.9999925180658105, 0.002933820509099657, 0.002521211934782002, -0.7347263140814565], [0.0029402251650997983, -0.9999924507753319, -0.002540367753600144, 0.08987011240500115], [0.002513739918570503, 0.00254776167751299, -0.9999935949905159, 0.0056556507018154095], [0.0, 0.0, 0.0, 1.0]]}, "mean_rme": {"type": "float", "data": 0.00195664217622848}, "max_rme": {"type": "float", "data": 0.005150770685099679}, "simu": {"type": "float", "data": 0.002}}, {"type": "dict", "image_number": {"type": "int", "data": 9}, "Hcamera2end": {"type": "ndarray", "data": [[0.9999964501106781, 0.0026641818547569122, -4.360145476790529e-05, -0.015382824834043983], [4.3274302114901936e-05, 0.00012285418937707515, 0.9999999915170912, 0.019398984571986917], [0.0026641871887782822, -0.999996443514622, 0.00012273846264787558, 0.03399326882489617], [0.0, 0.0, 0.0, 1.0]]}, "Hobj2base": {"type": "ndarray", "data": [[0.9999940597505383, 0.0028952455365500933, 0.001870298617828864, -0.7353628969725424], [0.0028997511272694774, -0.9999928896720689, -0.0024108190940920512, 0.08982097022974377], [0.0018633054061707635, 0.002416228173750605, -0.9999953449563528, 0.005845459053713457], [0.0, 0.0, 0.0, 1.0]]}, "mean_rme": {"type": "float", "data": 0.0019319926316214888}, "max_rme": {"type": "float", "data": 0.005023850740410047}, "simu": {"type": "float", "data": 0.002}}, {"type": "dict", "image_number": {"type": "int", "data": 10}, "Hcamera2end": {"type": "ndarray", "data": [[0.9999954184554513, 0.003013028346440602, -0.0002910812438466836, -0.01539395738333588], [0.0002913371354304913, -8.448981307762615e-05, 0.9999999539920715, 0.019454219818757848], [0.0030130036144175257, -0.9999954572505093, -8.53672330312083e-05, 0.034363532587993996], [0.0, 0.0, 0.0, 1.0]]}, "Hobj2base": {"type": "ndarray", "data": [[0.9999934007991317, 0.003198764451593939, 0.0017222845788389674, -0.7353728892876771], [0.0032027166762795935, -0.9999922333746807, -0.0022969101439844703, 0.08964038482161231], [0.0017149239279828673, 0.0023024109757550006, -0.9999958789613186, 0.005949112187865635], [0.0, 0.0, 0.0, 1.0]]}, "mean_rme": {"type": "float", "data": 0.0018633196576540857}, "max_rme": {"type": "float", "data": 0.004961198913751207}, "simu": {"type": "float", "data": 0.002}}, {"type": "dict", "image_number": {"type": "int", "data": 11}, "Hcamera2end": {"type": "ndarray", "data": [[0.9999949986902424, 0.0031573236208572433, -0.00018412510759938062, -0.015056025553667021], [0.0001844465310200964, -0.00010151161732308012, 0.9999999778374342, 0.01936874204512709], [0.0031573048600453883, -0.999995010489025, -0.0001020934670212803, 0.03418256157169748], [0.0, 0.0, 0.0, 1.0]]}, "Hobj2base": {"type": "ndarray", "data": [[0.9999935215639326, 0.0032837437379846044, 0.0014744006334188211, -0.7353019790018052], [0.0032865329542937343, -0.9999928069524837, -0.0018933421330455786, 0.08991420282336599], [0.0014681727776117565, 0.0018981755334191784, -0.9999971206950244, 0.005739808627137239], [0.0, 0.0, 0.0, 1.0]]}, "mean_rme": {"type": "float", "data": 0.0018814663415113637}, "max_rme": {"type": "float", "data": 0.005034603429922242}, "simu": {"type": "float", "data": 0.002}}, {"type": "dict", "image_number": {"type": "int", "data": 12}, "Hcamera2end": {"type": "ndarray", "data": [[0.9999954292802908, 0.003021649948889235, -0.00010511951887284235, -0.014841276144621354], [0.00010505542131070632, 2.1371481814025373e-05, 0.9999999942533092, 0.01939507458317989], [0.0030216521780846326, -0.9999954345770016, 2.1053943422444377e-05, 0.03399913713698061], [0.0, 0.0, 0.0, 1.0]]}, "Hobj2base": {"type": "ndarray", "data": [[0.9999942351707558, 0.0031507963798851103, 0.001265743823838992, -0.735377232850751], [0.0031525607819516558, -0.9999940584920102, -0.0013943963546012305, 0.09014873607027368], [0.0012613428444257471, 0.00139837865048338, -0.9999982267741168, 0.005581863809833799], [0.0, 0.0, 0.0, 1.0]]}, "mean_rme": {"type": "float", "data": 0.001848876136707229}, "max_rme": {"type": "float", "data": 0.005022547989058029}, "simu": {"type": "float", "data": 0.002}}, {"type": "dict", "image_number": {"type": "int", "data": 13}, "Hcamera2end": {"type": "ndarray", "data": [[0.9999953340293815, 0.002882327673438068, -0.0010119815456802199, -0.015053059400536266], [0.0010120114322889207, -8.910455517208149e-06, 0.9999994878766011, 0.019519888479727143], [0.002882317180114076, -0.9999958460452655, -1.182736249827343e-05, 0.034010530225194915], [0.0, 0.0, 0.0, 1.0]]}, "Hobj2base": {"type": "ndarray", "data": [[0.9999946967407604, 0.0030201539216684523, 0.0012186716719647525, -0.7355019655290911], [0.0030226418235456587, -0.9999933411203112, -0.0020448353095927022, 0.08966025153276098], [0.0012124878395972764, 0.002048508073265804, -0.9999971667399425, 0.005699981892362209], [0.0, 0.0, 0.0, 1.0]]}, "mean_rme": {"type": "float", "data": 0.0018365791931194521}, "max_rme": {"type": "float", "data": 0.0048135553060065905}, "simu": {"type": "float", "data": 0.002}}, {"type": "dict", "image_number": {"type": "int", "data": 14}, "Hcamera2end": {"type": "ndarray", "data": [[0.9999967511042206, 0.0019563703961840173, -0.0016341345955323472, -0.015305205898564347], [0.0016338589633769565, 0.00014247948547640998, 0.9999986551013375, 0.019600007612444056], [0.001956600595720459, -0.9999980761553838, 0.00013928258926787507, 0.03389261419552571], [0.0, 0.0, 0.0, 1.0]]}, "Hobj2base": {"type": "ndarray", "data": [[0.9999972298837578, 0.002122401768924429, 0.0010176618014314223, -0.7357736769147218], [0.0021250713312401647, -0.9999942852386152, -0.0026293653127528577, 0.08949512606295573], [0.0010120754161461216, 0.002631520633024418, -0.999996025393356, 0.0058030034838917844], [0.0, 0.0, 0.0, 1.0]]}, "mean_rme": {"type": "float", "data": 0.001902061384298761}, "max_rme": {"type": "float", "data": 0.004553490018818138}, "simu": {"type": "float", "data": 0.002}}, {"type": "dict", "image_number": {"type": "int", "data": 15}, "Hcamera2end": {"type": "ndarray", "data": [[0.9999977168542621, 0.0018642529169324783, -0.0010444363670701175, -0.015198299120760636], [0.0010442001943566294, 0.0001276537426255775, 0.9999994466750851, 0.01961484799823314], [0.0018643852116060826, -0.9999982541312679, 0.0001257067979153481, 0.0338067625180447], [0.0, 0.0, 0.0, 1.0]]}, "Hobj2base": {"type": "ndarray", "data": [[0.999997534562747, 0.002011328362098746, 0.0009409711193076843, -0.7357495953719508], [0.0020132529354833996, -0.9999958745070787, -0.002048848808670366, 0.08976460262860718], [0.0009368463296194614, 0.002050738170230339, -0.9999974583927262, 0.0057093084008588224], [0.0, 0.0, 0.0, 1.0]]}, "mean_rme": {"type": "float", "data": 0.0018612567715642397}, "max_rme": {"type": "float", "data": 0.00467210652878816}, "simu": {"type": "float", "data": 0.002}}, {"type": "dict", "image_number": {"type": "int", "data": 16}, "Hcamera2end": {"type": "ndarray", "data": [[0.9999994916860279, 0.0010071160019379992, 4.8425659948596474e-05, -0.015166238823121469], [-4.877611877648056e-05, 0.00034796093284605867, 0.9999999382720378, 0.01957261800786977], [0.0010070990895329713, -0.9999994323201128, 0.00034800987918248705, 0.03365739106374185], [0.0, 0.0, 0.0, 1.0]]}, "Hobj2base": {"type": "ndarray", "data": [[0.99999898356299, 0.0011212401628620486, 0.0008807346274824187, -0.7357767449019678], [0.001122139668119833, -0.999998848686718, -0.0010214831393185846, 0.09052051284587331], [0.0008795882855594536, 0.0010224704083079015, -0.9999990904389424, 0.005645219290947218], [0.0, 0.0, 0.0, 1.0]]}, "mean_rme": {"type": "float", "data": 0.0018428251841374479}, "max_rme": {"type": "float", "data": 0.0046749567164850216}, "simu": {"type": "float", "data": 0.002}}, {"type": "dict", "image_number": {"type": "int", "data": 17}, "Hcamera2end": {"type": "ndarray", "data": [[0.9999959050847192, 0.0013147486988296683, 0.00254189882804718, -0.015134123048583255], [-0.002542268432809082, 0.0002795271962779955, 0.9999967293625323, 0.01939152568133107], [0.0013140338689106876, -0.9999990966497945, 0.00028286849575187567, 0.03356035244093789], [0.0, 0.0, 0.0, 1.0]]}, "Hobj2base": {"type": "ndarray", "data": [[0.9999986116565954, 0.0014109349906761676, 0.0008865367075099745, -0.7356374003966536], [0.0014099761619973774, -0.9999984214423749, 0.0010812400203926553, 0.09174902938044033], [0.0008880608674387859, -0.0010799885236358795, -0.999999022485865, 0.005596196670484881], [0.0, 0.0, 0.0, 1.0]]}, "mean_rme": {"type": "float", "data": 0.0018819550657765203}, "max_rme": {"type": "float", "data": 0.005591894422600052}, "simu": {"type": "float", "data": 0.002}}, {"type": "dict", "image_number": {"type": "int", "data": 18}, "Hcamera2end": {"type": "ndarray", "data": [[0.9999968415163836, 0.001372794083823115, 0.0021053250723669955, -0.01495390461807767], [-0.0021056718348644405, 0.0002511997633888319, 0.9999977515198737, 0.01940827196665093], [0.0013722621399628642, -0.999999026167067, 0.0002540896238159007, 0.033512038654267634], [0.0, 0.0, 0.0, 1.0]]}, "Hobj2base": {"type": "ndarray", "data": [[0.9999986387953004, 0.0014591357809136066, 0.0007702793773724226, -0.7356500469636739], [0.0014585232864245644, -0.9999986202439384, 0.0007951226585417393, 0.09159564326130258], [0.0007714385064960761, -0.0007939981058080895, -0.9999993872246316, 0.005492161902988374], [0.0, 0.0, 0.0, 1.0]]}, "mean_rme": {"type": "float", "data": 0.001874366531272981}, "max_rme": {"type": "float", "data": 0.00561257988765812}, "simu": {"type": "float", "data": 0.002}}, {"type": "dict", "image_number": {"type": "int", "data": 19}, "Hcamera2end": {"type": "ndarray", "data": [[0.9999956743219962, 0.0007918250087950883, 0.0028327284464868215, -0.015073158678351866], [-0.002832750110239302, 2.6239083252499462e-05, 0.9999959874111114, 0.01940602581697056], [0.0007917475033293164, -0.9999996861622839, 2.8482012131569867e-05, 0.03364655243752292], [0.0, 0.0, 0.0, 1.0]]}, "Hobj2base": {"type": "ndarray", "data": [[0.9999991881758604, 0.0008868227167202905, 0.0009149825622457465, -0.7355321111194985], [0.0008857875084568776, -0.9999989679030132, 0.001131182300896499, 0.09187863745530604], [0.0009159847760561883, -0.0011303709024513078, -0.9999989416161963, 0.005625726280719048], [0.0, 0.0, 0.0, 1.0]]}, "mean_rme": {"type": "float", "data": 0.0018616059728238006}, "max_rme": {"type": "float", "data": 0.005515942767387816}, "simu": {"type": "float", "data": 0.002}}, {"type": "dict", "image_number": {"type": "int", "data": 20}, "Hcamera2end": {"type": "ndarray", "data": [[0.9999974194829933, -0.0005412641669162207, 0.0022063681596939007, -0.014940375256100098], [-0.002206104258339556, 0.00048767829142948305, 0.9999974476336856, 0.018481762115312036], [-0.0005423387832661781, -0.9999997346014579, 0.0004864829477838617, 0.0353983322697641], [0.0, 0.0, 0.0, 1.0]]}, "Hobj2base": {"type": "ndarray", "data": [[0.9999997384435343, -0.0004805827822316082, 0.0005405118430527599, -0.7374867643060783], [-0.000481005401005401, -0.9999995785327462, 0.0007820282183610027, 0.09203491567268611], [0.0005401357859477542, -0.0007822880029322816, -0.9999995481393047, 0.00644645128710718], [0.0, 0.0, 0.0, 1.0]]}, "mean_rme": {"type": "float", "data": 0.001885025919684098}, "max_rme": {"type": "float", "data": 0.005564917757914678}, "simu": {"type": "float", "data": 0.002}}, {"type": "dict", "image_number": {"type": "int", "data": 21}, "Hcamera2end": {"type": "ndarray", "data": [[0.9999969483801486, -0.001093334166927884, 0.0022153669650293137, -0.014984633336625445], [-0.0022146935124601696, 0.0006167890379132901, 0.9999973573484724, 0.018884737262501665], [-0.0010946976916856627, -0.9999992120955306, 0.0006143657556212379, 0.034215530911945534], [0.0, 0.0, 0.0, 1.0]]}, "Hobj2base": {"type": "ndarray", "data": [[0.9999992933288598, -0.0010558838729994324, 0.0005463067157477902, -0.736232606331526], [-0.0010563642888182438, -0.999999054980101, 0.0008798485064713554, 0.09213098472621517], [0.0005453771816284072, -0.0008804249836130657, -0.9999994637076453, 0.0061400268148263035], [0.0, 0.0, 0.0, 1.0]]}, "mean_rme": {"type": "float", "data": 0.0018702241890696735}, "max_rme": {"type": "float", "data": 0.005677113792977917}, "simu": {"type": "float", "data": 0.002}}, {"type": "dict", "image_number": {"type": "int", "data": 22}, "Hcamera2end": {"type": "ndarray", "data": [[0.9999962821194215, -0.0015742774027627743, 0.0022265215007848103, -0.014968595910225698], [-0.0022247486070099886, 0.0011270192827895764, 0.9999968901557504, 0.018411039985882328], [-0.0015767818396701762, -0.9999981257373413, 0.0011235127212075868, 0.033106786598401536], [0.0, 0.0, 0.0, 1.0]]}, "Hobj2base": {"type": "ndarray", "data": [[0.999998771808206, -0.001551076643079643, 0.00022481843090747106, -0.7353097824695194], [-0.0015513058226481202, -0.9999982736286328, 0.0010228342968719552, 0.09216872901150848], [0.0002232315483997502, -0.0010231818027761704, -0.9999994516331867, 0.006757811215642837], [0.0, 0.0, 0.0, 1.0]]}, "mean_rme": {"type": "float", "data": 0.001842589303155261}, "max_rme": {"type": "float", "data": 0.00578265355792229}, "simu": {"type": "float", "data": 0.002}}, {"type": "dict", "image_number": {"type": "int", "data": 23}, "Hcamera2end": {"type": "ndarray", "data": [[0.9999962558990376, -0.0019049339814632017, 0.0019645392418679527, -0.014987589022048213], [-0.0019624072157598945, 0.0011204365567395458, 0.9999974467866616, 0.01840264920361764], [-0.0019071302593440895, -0.9999975579212425, 0.0011166941055211765, 0.03292841314524833], [0.0, 0.0, 0.0, 1.0]]}, "Hobj2base": {"type": "ndarray", "data": [[0.9999981418868809, -0.00191487074685029, 0.00022246979250801317, -0.7351161877703265], [-0.0019150545999308641, -0.9999978225228445, 0.0008291655137787426, 0.09215304611693165], [0.00022088156329849016, -0.0008295900148949118, -0.9999996314958033, 0.006771679566732641], [0.0, 0.0, 0.0, 1.0]]}, "mean_rme": {"type": "float", "data": 0.0017873199002004486}, "max_rme": {"type": "float", "data": 0.00587498595716468}, "simu": {"type": "float", "data": 0.002}}, {"type": "dict", "image_number": {"type": "int", "data": 24}, "Hcamera2end": {"type": "ndarray", "data": [[0.9999950156123539, -0.0026628154013295176, 0.0016965154247522444, -0.014975827219809668], [-0.0016939031237679348, 0.0009829785838104677, 0.9999980822208167, 0.0189622159388166], [-0.002664477932967207, -0.999995971575507, 0.0009784631329378124, 0.03231144614390093], [0.0, 0.0, 0.0, 1.0]]}, "Hobj2base": {"type": "ndarray", "data": [[0.9999963295055893, -0.002675973755376333, 0.000424428803753607, -0.7343096514568858], [-0.0026762828544381868, -0.9999961527482542, 0.0007293824607583914, 0.09217170541959246], [0.0004224753625465293, -0.0007305156750945615, -0.9999996439306451, 0.00622568805233985], [0.0, 0.0, 0.0, 1.0]]}, "mean_rme": {"type": "float", "data": 0.0017730469664842367}, "max_rme": {"type": "float", "data": 0.006023991919209715}, "simu": {"type": "float", "data": 0.002}}, {"type": "dict", "image_number": {"type": "int", "data": 25}, "Hcamera2end": {"type": "ndarray", "data": [[0.9999945431469692, -0.0029194944033178326, 0.0015460364527945893, -0.01496475527254565], [-0.001542963608447565, 0.0010544853809328902, 0.9999982536604172, 0.01896805298113411], [-0.0029211195777270557, -0.9999951822948999, 0.0010499749531417413, 0.032554508331708615], [0.0, 0.0, 0.0, 1.0]]}, "Hobj2base": {"type": "ndarray", "data": [[0.9999955050164256, -0.0029683003117110924, 0.0004232495758230816, -0.7345357366696759], [-0.0029685667053088115, -0.9999953952395326, 0.0006301677929657726, 0.09217738217267941], [0.0004213770996038764, -0.0006314214049707186, -0.9999997118741333, 0.006199869689391524], [0.0, 0.0, 0.0, 1.0]]}, "mean_rme": {"type": "float", "data": 0.001732343518351356}, "max_rme": {"type": "float", "data": 0.006061914004790614}, "simu": {"type": "float", "data": 0.002}}, {"type": "dict", "image_number": {"type": "int", "data": 26}, "Hcamera2end": {"type": "ndarray", "data": [[0.9999953754502661, -0.002634479970297187, 0.0015194055967381662, -0.01500350966887903], [-0.0015168509156506774, 0.0009714368646359661, 0.9999983777355431, 0.01992193810627378], [-0.002635951703082974, -0.9999960579050821, 0.0009674362588226737, 0.03284127589407887], [0.0, 0.0, 0.0, 1.0]]}, "Hobj2base": {"type": "ndarray", "data": [[0.9999961583524672, -0.002725514605338197, 0.0005048271419867908, -0.734672681120652], [-0.0027258640632059957, -0.9999960448089693, 0.0006928430757339489, 0.09218694682371781], [0.0005029367913768862, -0.0006942165042395291, -0.9999996325589475, 0.005228228457732377], [0.0, 0.0, 0.0, 1.0]]}, "mean_rme": {"type": "float", "data": 0.0017680400828774712}, "max_rme": {"type": "float", "data": 0.0060694632439776686}, "simu": {"type": "float", "data": 0.002}}, {"type": "dict", "image_number": {"type": "int", "data": 27}, "Hcamera2end": {"type": "ndarray", "data": [[0.999995782618262, -0.002563555083286717, 0.0013648923124036276, -0.015076367349857775], [-0.0013626421011301427, 0.0008793114092892074, 0.9999986850081104, 0.020217133007458147], [-0.0025647518776153212, -0.9999963274916468, 0.0008758144928122658, 0.032633480361990944], [0.0, 0.0, 0.0, 1.0]]}, "Hobj2base": {"type": "ndarray", "data": [[0.9999963359044562, -0.002648101361665008, 0.0005619046540267452, -0.7344040637740278], [-0.002648433704056937, -0.999996317933225, 0.0005915394390392407, 0.0921243619864275], [0.0005603361286622895, -0.0005930254388064091, -0.9999996671720706, 0.004942533693322971], [0.0, 0.0, 0.0, 1.0]]}, "mean_rme": {"type": "float", "data": 0.001750050044183464}, "max_rme": {"type": "float", "data": 0.006138362688795029}, "simu": {"type": "float", "data": 0.002}}, {"type": "dict", "image_number": {"type": "int", "data": 28}, "Hcamera2end": {"type": "ndarray", "data": [[0.9999939248715535, -0.0030229030939439676, 0.0017355912164386475, -0.015016032461887447], [-0.0017327433158182623, 0.0009444721183397009, 0.9999980527846138, 0.020073730138920578], [-0.0030245364252133138, -0.9999949850020761, 0.000939228465419828, 0.033196874364884305], [0.0, 0.0, 0.0, 1.0]]}, "Hobj2base": {"type": "ndarray", "data": [[0.9999949145350647, -0.0031514854777227163, 0.0004889205378889409, -0.7349910827383747], [-0.003151979545723804, -0.9999945193416147, 0.0010130704205639986, 0.09236958132847406], [0.00048572518156417705, -0.0010146063361648082, -0.9999993673223155, 0.005087671816696651], [0.0, 0.0, 0.0, 1.0]]}, "mean_rme": {"type": "float", "data": 0.0017455472774046891}, "max_rme": {"type": "float", "data": 0.006003971445408207}, "simu": {"type": "float", "data": 0.002}}, {"type": "dict", "image_number": {"type": "int", "data": 29}, "Hcamera2end": {"type": "ndarray", "data": [[0.9999947630097595, -0.0029726511206579678, 0.0012795696032901894, -0.014985234524979695], [-0.0012768620900725502, 0.0009125269593642793, 0.9999987684581173, 0.02021146035708045], [-0.0029738151014729957, -0.9999951653082444, 0.0009087265149465562, 0.032921278455550394], [0.0, 0.0, 0.0, 1.0]]}, "Hobj2base": {"type": "ndarray", "data": [[0.9999950668694487, -0.0030895669465497108, 0.0005664034334859447, -0.7346716420216041], [-0.0030898931569245222, -0.9999950603998957, 0.0005759653533232137, 0.09202901024418352], [0.0005646211521615002, -0.0005777126381041194, -0.9999996737254782, 0.004936227641184667], [0.0, 0.0, 0.0, 1.0]]}, "mean_rme": {"type": "float", "data": 0.001785116519842631}, "max_rme": {"type": "float", "data": 0.006158818454407078}, "simu": {"type": "float", "data": 0.002}}, {"type": "dict", "image_number": {"type": "int", "data": 30}, "Hcamera2end": {"type": "ndarray", "data": [[0.9999940319337643, -0.003199688410756467, 0.0013031081795005302, -0.014857794901223118], [-0.0013002653934845304, 0.0008903766899318599, 0.9999987582688574, 0.020229559351308563], [-0.003200844694751208, -0.9999944845965023, 0.000886210931994369, 0.03261029299459677], [0.0, 0.0, 0.0, 1.0]]}, "Hobj2base": {"type": "ndarray", "data": [[0.999994224770063, -0.0033428067456289373, 0.0006132451241424806, -0.734343079136483], [-0.0033432083483877096, -0.999994196930464, 0.0006550292631917267, 0.0919795488256352], [0.000611051929198801, -0.0006570756864657574, -0.9999995974334601, 0.004926762200680451], [0.0, 0.0, 0.0, 1.0]]}, "mean_rme": {"type": "float", "data": 0.0018190438479379488}, "max_rme": {"type": "float", "data": 0.006474935487996186}, "simu": {"type": "float", "data": 0.002}}]}