{"type": "list", "data": [{"type": "dict", "image_number": {"type": "int", "data": 5}, "Hcamera2end": {"type": "ndarray", "data": [[0.9999784332402737, -0.00042369377632050197, -0.006553894865750764, -0.012784208106995881], [0.006554366357767504, 0.0011211708580085578, 0.9999778913843823, 0.03245205849915415], [-0.0004163363731077294, -0.9999992817294877, 0.0011239237222195886, 0.028702202900584478], [0.0, 0.0, 0.0, 1.0]]}, "Hobj2base": {"type": "ndarray", "data": [[0.9999997698617935, -0.00048692205496222437, 0.00047242276883152623, -0.730184142576017], [-0.0004869421489776628, -0.9999998805439416, 4.241988015236631e-05, 0.08882160193997057], [0.0004724020572225493, -4.264991294821197e-05, -0.9999998875086344, 0.0005031684824980065], [0.0, 0.0, 0.0, 1.0]]}, "mean_rme": {"type": "float", "data": 0.001153643210792462}, "max_rme": {"type": "float", "data": 0.0031220792825280563}, "simu": {"type": "float", "data": 0.002}}, {"type": "dict", "image_number": {"type": "int", "data": 6}, "Hcamera2end": {"type": "ndarray", "data": [[0.9999834958860433, -0.00015996148298889033, -0.005743027759947488, -0.013333179426892963], [0.005743299641972932, 0.0017545003722938546, 0.9999819679562555, 0.03248821771292218], [-0.00014988245421351104, -0.9999984480691794, 0.001755390122547773, 0.028460737112852224], [0.0, 0.0, 0.0, 1.0]]}, "Hobj2base": {"type": "ndarray", "data": [[0.9999998237137253, -0.0005482812124047308, -0.00022794786767770835, -0.7306708239586301], [-0.0005483522204528465, -0.9999998011187368, -0.000311564327095425, 0.08856238557572045], [-0.00022777699747614648, 0.00031168926789029895, -0.9999999254837175, 0.00033710648723497827], [0.0, 0.0, 0.0, 1.0]]}, "mean_rme": {"type": "float", "data": 0.0012120933534123313}, "max_rme": {"type": "float", "data": 0.003690339833678169}, "simu": {"type": "float", "data": 0.002}}, {"type": "dict", "image_number": {"type": "int", "data": 7}, "Hcamera2end": {"type": "ndarray", "data": [[0.9999895102621833, -3.0077215919044678e-05, -0.004580224990086484, -0.013786440848203206], [0.0045802717221574705, 0.0018005290102586224, 0.9999878895297855, 0.032764262264756094], [-2.183002370165438e-05, -0.9999983785940078, 0.0018006478850030039, 0.028347165208208822], [0.0, 0.0, 0.0, 1.0]]}, "Hobj2base": {"type": "ndarray", "data": [[0.9999995815421194, -0.0005141932489893058, -0.0007566511009947064, -0.7308139863114063], [-0.0005143398805645977, -0.9999998489851285, -0.0001936083835075642, 0.08886934291636592], [-0.0007565514346053908, 0.00019399747832752506, -0.9999996949974055, -2.5530662696401523e-05], [0.0, 0.0, 0.0, 1.0]]}, "mean_rme": {"type": "float", "data": 0.0012314075331243443}, "max_rme": {"type": "float", "data": 0.004194024846566835}, "simu": {"type": "float", "data": 0.002}}, {"type": "dict", "image_number": {"type": "int", "data": 8}, "Hcamera2end": {"type": "ndarray", "data": [[0.9999922480389482, 0.00019586211343869983, -0.003932619997314318, -0.013413484146791877], [0.00393225694968468, 0.0018207070918928592, 0.9999906111464081, 0.03289760041990461], [0.00020302042363682174, -0.9999983233304532, 0.0018199227976856136, 0.02805109315559143], [0.0, 0.0, 0.0, 1.0]]}, "Hobj2base": {"type": "ndarray", "data": [[0.9999996999967652, -0.00029630940519640624, -0.0007156864649546452, -0.7308745217595246], [-0.00029668090856736974, -0.9999998212908165, -0.0005190363897221591, 0.0890339218489031], [-0.0007155325416909875, 0.0005192485645202354, -0.9999996091969787, 5.0654185712865896e-05], [0.0, 0.0, 0.0, 1.0]]}, "mean_rme": {"type": "float", "data": 0.0014523253242597685}, "max_rme": {"type": "float", "data": 0.0041015333641126195}, "simu": {"type": "float", "data": 0.002}}, {"type": "dict", "image_number": {"type": "int", "data": 9}, "Hcamera2end": {"type": "ndarray", "data": [[0.9999948063178727, 7.130407719090808e-05, -0.0032221503703067323, -0.013024185612826634], [0.0032219579448143384, 0.002551674946354554, 0.999991553935317, 0.03323129920637433], [7.952535532535854e-05, -0.9999967419300408, 0.0025514319550279385, 0.028127423971534865], [0.0, 0.0, 0.0, 1.0]]}, "Hobj2base": {"type": "ndarray", "data": [[0.9999990948777446, -0.0006392503539168574, -0.0011838930173099862, -0.7312163225555454], [-0.0006394242125962445, -0.9999997848400188, -0.00014648068774803966, 0.08991998366689788], [-0.0011837991247521022, 0.00014723756502550082, -0.9999992884701123, -3.268686276520278e-05], [0.0, 0.0, 0.0, 1.0]]}, "mean_rme": {"type": "float", "data": 0.0014908738644370278}, "max_rme": {"type": "float", "data": 0.0037451370595383837}, "simu": {"type": "float", "data": 0.002}}, {"type": "dict", "image_number": {"type": "int", "data": 10}, "Hcamera2end": {"type": "ndarray", "data": [[0.9999954204695997, 0.00015075835730609722, -0.0030226332470532444, -0.013032782333908402], [0.0030222150757674617, 0.002700896088807525, 0.999991785654439, 0.03324429842837589], [0.00015892093723971997, -0.9999963412094243, 0.0027004280957915183, 0.02814122094350349], [0.0, 0.0, 0.0, 1.0]]}, "Hobj2base": {"type": "ndarray", "data": [[0.9999990579529277, -0.000589154068287977, -0.0012397543066972306, -0.7313795667799947], [-0.000589595113195488, -0.9999997630283413, -0.00035541646566373164, 0.08982325952861772], [-0.0012395446178539134, 0.00035614708392548247, -0.9999991683438516, -1.6083313845988157e-05], [0.0, 0.0, 0.0, 1.0]]}, "mean_rme": {"type": "float", "data": 0.0014373918370200092}, "max_rme": {"type": "float", "data": 0.0036509104745307552}, "simu": {"type": "float", "data": 0.002}}, {"type": "dict", "image_number": {"type": "int", "data": 11}, "Hcamera2end": {"type": "ndarray", "data": [[0.9999974913487057, 8.975027926244042e-05, -0.0022381334148380144, -0.01345523242308476], [0.0022378904351627983, 0.00262169230238829, 0.9999940592702894, 0.03334696644953304], [9.561744322568824e-05, -0.9999965593312601, 0.0026214848741850094, 0.028124335844042187], [0.0, 0.0, 0.0, 1.0]]}, "Hobj2base": {"type": "ndarray", "data": [[0.9999991491655454, -0.0006257836640200522, -0.0011445798316282209, -0.7313298299984209], [-0.0006256130019732038, -0.9999997931355429, 0.00014945649295990064, 0.0900525520727235], [-0.0011446731222871116, -0.0001487403017727041, -0.9999993337996611, -0.0004099346650265951], [0.0, 0.0, 0.0, 1.0]]}, "mean_rme": {"type": "float", "data": 0.001529728685936706}, "max_rme": {"type": "float", "data": 0.004426472313400653}, "simu": {"type": "float", "data": 0.002}}, {"type": "dict", "image_number": {"type": "int", "data": 12}, "Hcamera2end": {"type": "ndarray", "data": [[0.9999977291851628, 7.295852514434937e-05, -0.002129859519178365, -0.013507222138444096], [0.0021296647316576597, 0.002573269410831247, 0.9999944213907747, 0.03333915681913364], [7.843882048731775e-05, -0.9999966864753068, 0.0025731081902150565, 0.02814393008687565], [0.0, 0.0, 0.0, 1.0]]}, "Hobj2base": {"type": "ndarray", "data": [[0.9999991746299352, -0.0005831997055760643, -0.0011448220612415101, -0.7313200491227918], [-0.0005826631499997416, -0.999999720291026, 0.00046895791147785314, 0.09018638680308066], [-0.0011450952371404078, -0.0004682904787856392, -0.9999992347301696, -0.000500975497427586], [0.0, 0.0, 0.0, 1.0]]}, "mean_rme": {"type": "float", "data": 0.0014858192483553018}, "max_rme": {"type": "float", "data": 0.004314971911009213}, "simu": {"type": "float", "data": 0.002}}, {"type": "dict", "image_number": {"type": "int", "data": 13}, "Hcamera2end": {"type": "ndarray", "data": [[0.9999985476655825, 0.00040122538271532315, -0.0016564072319617562, -0.01356962084202274], [0.0016556257176587163, 0.0019403816664423923, 0.9999967469059444, 0.0334215216091692], [0.0004044381397164768, -0.9999980369666636, 0.0019397145692970907, 0.028223228384930316], [0.0, 0.0, 0.0, 1.0]]}, "Hobj2base": {"type": "ndarray", "data": [[0.999999637478916, -8.406657046915621e-05, -0.0008473339650543568, -0.7310193089220209], [-8.318468023442125e-05, -0.9999994549452977, 0.0010407638622149328, 0.09049629950012415], [-0.0008474209966595591, -0.0010406929997111543, -0.9999990994174621, -0.0007694871515312152], [0.0, 0.0, 0.0, 1.0]]}, "mean_rme": {"type": "float", "data": 0.0015608907018107659}, "max_rme": {"type": "float", "data": 0.004333126364290563}, "simu": {"type": "float", "data": 0.002}}, {"type": "dict", "image_number": {"type": "int", "data": 14}, "Hcamera2end": {"type": "ndarray", "data": [[0.9999980274618526, 0.00029237098014550775, -0.0019645843361600765, -0.013819284575603556], [0.0019640401457026824, 0.0018500920040911417, 0.9999963598463159, 0.03336959626720471], [0.00029600457764189926, -0.9999982458378546, 0.0018495141263715764, 0.028241761992266124], [0.0, 0.0, 0.0, 1.0]]}, "Hobj2base": {"type": "ndarray", "data": [[0.9999997120556497, -0.00015724477182504584, -0.000742403326536681, -0.730936801338761], [-0.000156850362479376, -0.9999998465652109, 0.0005312885448227109, 0.0900492136774391], [-0.0007424867549721874, -0.0005311719456103028, -0.9999995832848043, -0.0007623378220634787], [0.0, 0.0, 0.0, 1.0]]}, "mean_rme": {"type": "float", "data": 0.001545379939035294}, "max_rme": {"type": "float", "data": 0.004435898245574554}, "simu": {"type": "float", "data": 0.002}}, {"type": "dict", "image_number": {"type": "int", "data": 15}, "Hcamera2end": {"type": "ndarray", "data": [[0.9999960354351906, -0.00014592957160439548, -0.002812084362391183, -0.014215732700110116], [0.0028123508048592035, 0.0018589263737075479, 0.9999943175216984, 0.03331087443913991], [-0.00014070128457643145, -0.9999982615471376, 0.0018593294090216705, 0.0283342462851651], [0.0, 0.0, 0.0, 1.0]]}, "Hobj2base": {"type": "ndarray", "data": [[0.999999767760859, -0.0005034388710901233, -0.00045937732986930404, -0.7307303934795644], [-0.0005036757758060407, -0.9999997401622447, -0.0005157384566221055, 0.089282564634154], [-0.00045911756771935025, 0.0005159697140804591, -0.9999997614931282, -0.0007778401580769035], [0.0, 0.0, 0.0, 1.0]]}, "mean_rme": {"type": "float", "data": 0.0016278869878796106}, "max_rme": {"type": "float", "data": 0.004677261189577453}, "simu": {"type": "float", "data": 0.002}}, {"type": "dict", "image_number": {"type": "int", "data": 16}, "Hcamera2end": {"type": "ndarray", "data": [[0.9999949855519196, 0.0011048313239868904, -0.002967864343540782, -0.014417715116302531], [0.0029661729338850127, 0.0015294246851998983, 0.9999944313236241, 0.033333489645430474], [0.001109364296528133, -0.9999982201023548, 0.001526139895209555, 0.028106226363791502], [0.0, 0.0, 0.0, 1.0]]}, "Hobj2base": {"type": "ndarray", "data": [[0.9999994229819634, 0.0007437285197270986, -0.0007751797398965443, -0.7309599613104203], [0.0007430966918690504, -0.9999993917565013, -0.0008150422897915911, 0.08883484793112735], [-0.0007757854385942088, 0.0008144657859971683, -0.9999993674010184, -0.0007041777968380125], [0.0, 0.0, 0.0, 1.0]]}, "mean_rme": {"type": "float", "data": 0.00166127688098506}, "max_rme": {"type": "float", "data": 0.005715119077197822}, "simu": {"type": "float", "data": 0.002}}, {"type": "dict", "image_number": {"type": "int", "data": 17}, "Hcamera2end": {"type": "ndarray", "data": [[0.9999973756566168, 0.0011155631798392932, -0.0020010493924335583, -0.014406230606981173], [0.001999314954989555, 0.0015537171652100223, 0.9999967943462024, 0.033423190031724115], [0.0011186686685194062, -0.9999981707392079, 0.0015514827255739272, 0.028094096397610974], [0.0, 0.0, 0.0, 1.0]]}, "Hobj2base": {"type": "ndarray", "data": [[0.999999345469797, 0.0007498339389012653, -0.0008641811394024179, -0.7310000889384254], [0.0007497998774263411, -0.9999997181104763, -3.973804760638303e-05, 0.08932541180791731], [-0.0008642106927355688, 3.909005868423258e-05, -0.9999996258058532, -0.0007094191770242305], [0.0, 0.0, 0.0, 1.0]]}, "mean_rme": {"type": "float", "data": 0.0016528975064039227}, "max_rme": {"type": "float", "data": 0.0056746581588572875}, "simu": {"type": "float", "data": 0.002}}, {"type": "dict", "image_number": {"type": "int", "data": 18}, "Hcamera2end": {"type": "ndarray", "data": [[0.9999972977880677, 0.0014536375727864405, -0.001814209020409474, -0.014533683584089175], [0.0018121245064314198, 0.001434034583200905, 0.999997329871229, 0.03343662098840625], [0.001456235329863357, -0.9999979152391376, 0.001431396535866436, 0.028034600118392757], [0.0, 0.0, 0.0, 1.0]]}, "Hobj2base": {"type": "ndarray", "data": [[0.9999989488435325, 0.0011217723285463037, -0.0009186613484135188, -0.7310076651387384], [0.0011217543986398479, -0.9999993706326871, -2.0032451612813722e-05, 0.08919793182720018], [-0.0009186832420879866, 1.9001918147129366e-05, -0.9999995778299249, -0.0006313781145211923], [0.0, 0.0, 0.0, 1.0]]}, "mean_rme": {"type": "float", "data": 0.0016070916302621495}, "max_rme": {"type": "float", "data": 0.0055629074136555046}, "simu": {"type": "float", "data": 0.002}}, {"type": "dict", "image_number": {"type": "int", "data": 19}, "Hcamera2end": {"type": "ndarray", "data": [[0.9999970603625215, 0.0014407915957277712, -0.0019502271389052366, -0.01477282365514735], [0.0019474350005948184, 0.0019367874877769253, 0.9999962281684593, 0.03344017823038433], [0.0014445633368255415, -0.999997086482658, 0.0019339759463417039, 0.03142906829067892], [0.0, 0.0, 0.0, 1.0]]}, "Hobj2base": {"type": "ndarray", "data": [[0.9999987313744276, 0.0008792095077590886, -0.0013282470315690992, -0.7345803426771865], [0.0008789991532393811, -0.9999996010483303, -0.00015894549236108616, 0.08876777905834991], [-0.0013283862480508268, 0.00015777776270272796, -0.9999991052476769, -0.000647906154537499], [0.0, 0.0, 0.0, 1.0]]}, "mean_rme": {"type": "float", "data": 0.0016753879288222183}, "max_rme": {"type": "float", "data": 0.0056069836148533725}, "simu": {"type": "float", "data": 0.002}}, {"type": "dict", "image_number": {"type": "int", "data": 20}, "Hcamera2end": {"type": "ndarray", "data": [[0.9999968495542669, 0.0015949732457982016, -0.001938283231617675, -0.014794855270373228], [0.0019358263601802822, 0.0015404888394066063, 0.9999969397305372, 0.03469628059499569], [0.0015979542684361994, -0.9999975414742185, 0.0015373963949271152, 0.030771560814151735], [0.0, 0.0, 0.0, 1.0]]}, "Hobj2base": {"type": "ndarray", "data": [[0.9999987116099092, 0.0011749716483006455, -0.0010937184955418667, -0.7336468272118896], [0.0011748117196958782, -0.9999992991251789, -0.00014685562432779065, 0.08827426572227748], [-0.0010938902801770904, 0.00014557052181384875, -0.9999993911064537, -0.0017998599654299313], [0.0, 0.0, 0.0, 1.0]]}, "mean_rme": {"type": "float", "data": 0.001704887782728368}, "max_rme": {"type": "float", "data": 0.005713314288166599}, "simu": {"type": "float", "data": 0.002}}, {"type": "dict", "image_number": {"type": "int", "data": 21}, "Hcamera2end": {"type": "ndarray", "data": [[0.9999954627594511, 0.002087918661797457, -0.0021714180097433455, -0.014797506227339757], [0.002167846042230246, 0.0017115229973203583, 0.9999961855590083, 0.03352326955052484], [0.0020916271294153972, -0.9999963556357048, 0.0017069889455213483, 0.031541594858645404], [0.0, 0.0, 0.0, 1.0]]}, "Hobj2base": {"type": "ndarray", "data": [[0.9999978652313618, 0.0015835401306759271, -0.0013273783837493922, -0.7346336976223088], [0.001582953422864609, -0.9999986490308115, -0.00044293906237574194, 0.08849491538259399], [-0.0013280780022828101, 0.0004408369386473304, -0.9999990209353273, -0.0007138136612945373], [0.0, 0.0, 0.0, 1.0]]}, "mean_rme": {"type": "float", "data": 0.0017168705256999626}, "max_rme": {"type": "float", "data": 0.005582271195043481}, "simu": {"type": "float", "data": 0.002}}, {"type": "dict", "image_number": {"type": "int", "data": 22}, "Hcamera2end": {"type": "ndarray", "data": [[0.9999948048482656, 0.002434824739666632, -0.0021123221738688254, -0.014857328514847595], [0.0021080374454547374, 0.001760993820835055, 0.9999962275323301, 0.032718533884152405], [0.0024385353406648153, -0.9999954852544336, 0.0017558519704806708, 0.03208779842133707], [0.0, 0.0, 0.0, 1.0]]}, "Hobj2base": {"type": "ndarray", "data": [[0.9999971466768262, 0.0019216466255992434, -0.0014191238327224153, -0.7353019312117209], [0.0019210032936602499, -0.9999980515614266, -0.0004545543925939895, 0.08880035739681182], [-0.0014199945605614791, 0.0004518269540466358, -0.9999988897333094, -3.5205799035267516e-05], [0.0, 0.0, 0.0, 1.0]]}, "mean_rme": {"type": "float", "data": 0.0016878678845066277}, "max_rme": {"type": "float", "data": 0.005489335030521347}, "simu": {"type": "float", "data": 0.002}}, {"type": "dict", "image_number": {"type": "int", "data": 23}, "Hcamera2end": {"type": "ndarray", "data": [[0.9999942975225387, 0.0023324172195512936, -0.0024422842419180605, -0.014667920968425258], [0.0024385614242496837, 0.001597632257538173, 0.999995750485646, 0.03306484327887903], [0.002336309179997805, -0.9999960036925568, 0.0015919354044193756, 0.03081018109327026], [0.0, 0.0, 0.0, 1.0]]}, "Hobj2base": {"type": "ndarray", "data": [[0.9999973978937294, 0.0019278337786745546, -0.0012196977871572615, -0.7338953920261306], [0.0019269145920158125, -0.99999785897945, -0.0007543451937318983, 0.08863874901788346], [-0.0012211494279044915, 0.0007519929773816167, -0.9999989716497897, -0.00030372064366685663], [0.0, 0.0, 0.0, 1.0]]}, "mean_rme": {"type": "float", "data": 0.0017115733419274116}, "max_rme": {"type": "float", "data": 0.0055426554224335955}, "simu": {"type": "float", "data": 0.002}}, {"type": "dict", "image_number": {"type": "int", "data": 24}, "Hcamera2end": {"type": "ndarray", "data": [[0.9999951537693551, 0.0017552061572712714, -0.0025713205069095952, -0.014494470188879532], [0.0025682257010729804, 0.001763197517547277, 0.9999951476638587, 0.03254808160833333], [0.0017597313863555997, -0.9999969051881408, 0.0017586812071216373, 0.029950927474278397], [0.0, 0.0, 0.0, 1.0]]}, "Hobj2base": {"type": "ndarray", "data": [[0.9999983628863082, 0.0013204165435135428, -0.0012372246583186163, -0.7331559322788892], [0.0013193823034987123, -0.9999987798493979, -0.0008363791326544003, 0.08908453908327048], [-0.0012383275175616105, 0.0008347453910870329, -0.9999988848719243, 0.00016432675138866362], [0.0, 0.0, 0.0, 1.0]]}, "mean_rme": {"type": "float", "data": 0.0017624005346478229}, "max_rme": {"type": "float", "data": 0.005481260377052599}, "simu": {"type": "float", "data": 0.002}}, {"type": "dict", "image_number": {"type": "int", "data": 25}, "Hcamera2end": {"type": "ndarray", "data": [[0.9999960668505735, 0.001073342189461107, -0.002591181183857023, -0.014380271237096344], [0.0025892315474885055, 0.0018138408031355135, 0.9999950029182817, 0.03238001592190619], [0.0010780368160420717, -0.999997778956576, 0.0018110545375704667, 0.03027071228273125], [0.0, 0.0, 0.0, 1.0]]}, "Hobj2base": {"type": "ndarray", "data": [[0.9999992446892091, 0.0006750233210063298, -0.0010271146612438698, -0.7334420450270173], [0.0006742368566633469, -0.9999994794342792, -0.0007658562739254205, 0.08926800977932393], [-0.0010276310974086241, 0.0007651631769052828, -0.9999991792494836, 0.00026950405059456895], [0.0, 0.0, 0.0, 1.0]]}, "mean_rme": {"type": "float", "data": 0.0017518527274224562}, "max_rme": {"type": "float", "data": 0.00552011486371462}, "simu": {"type": "float", "data": 0.002}}, {"type": "dict", "image_number": {"type": "int", "data": 26}, "Hcamera2end": {"type": "ndarray", "data": [[0.999995799775558, 0.0014569633594381987, -0.002505531682378404, -0.014409726034690533], [0.002502769681883558, 0.001894467223094054, 0.9999950735567953, 0.03248549686160295], [0.001461702829439647, -0.9999971441217772, 0.0018908128221828413, 0.030180857133473113], [0.0, 0.0, 0.0, 1.0]]}, "Hobj2base": {"type": "ndarray", "data": [[0.9999987448953549, 0.001014503823210402, -0.0012169592053949253, -0.733398019936218], [0.0010135892307494814, -0.9999992036258238, -0.0007519206007637582, 0.08917574031189598], [-0.0012177210625642658, 0.0007506861602798698, -0.9999989768123279, 0.00021184339085952213], [0.0, 0.0, 0.0, 1.0]]}, "mean_rme": {"type": "float", "data": 0.0017036341409238515}, "max_rme": {"type": "float", "data": 0.005519338512717409}, "simu": {"type": "float", "data": 0.002}}, {"type": "dict", "image_number": {"type": "int", "data": 27}, "Hcamera2end": {"type": "ndarray", "data": [[0.9999950778988385, 0.001677874680483501, -0.0026512100355445736, -0.014557408501424098], [0.002647882041601006, 0.0019825809636350167, 0.9999945290317424, 0.03261398185960276], [0.0016831217394314526, -0.9999966270489512, 0.0019781283909364733, 0.030492696348674624], [0.0, 0.0, 0.0, 1.0]]}, "Hobj2base": {"type": "ndarray", "data": [[0.999998348221003, 0.0012179275148462903, -0.0013491507826082975, -0.7337429425868218], [0.0012166506452164, -0.999998811625511, -0.0009468414726887446, 0.08901068592199353], [-0.00135030236359371, 0.0009451984635457319, -0.9999986416407738, 9.708529618056037e-05], [0.0, 0.0, 0.0, 1.0]]}, "mean_rme": {"type": "float", "data": 0.0017256365373074349}, "max_rme": {"type": "float", "data": 0.005530264618833464}, "simu": {"type": "float", "data": 0.002}}, {"type": "dict", "image_number": {"type": "int", "data": 28}, "Hcamera2end": {"type": "ndarray", "data": [[0.9999957326741356, 0.0015644786624506746, -0.002467192743506459, -0.014613424797699748], [0.002463671339556209, 0.0022487946698489525, 0.9999944366075562, 0.033133720073064574], [0.0015700181685329932, -0.9999962476574837, 0.002244930712267279, 0.030318486520224414], [0.0, 0.0, 0.0, 1.0]]}, "Hobj2base": {"type": "ndarray", "data": [[0.9999983558131026, 0.001025427469038397, -0.0014956167948705847, -0.7335787260849441], [0.0010241938953165, -0.9999991349319985, -0.0008253254629274131, 0.08884919395026894], [-0.0014964618124609355, 0.0008237923043470616, -0.9999985409830774, -0.00032326183266575707], [0.0, 0.0, 0.0, 1.0]]}, "mean_rme": {"type": "float", "data": 0.0017161056512505271}, "max_rme": {"type": "float", "data": 0.005635706905919552}, "simu": {"type": "float", "data": 0.002}}, {"type": "dict", "image_number": {"type": "int", "data": 29}, "Hcamera2end": {"type": "ndarray", "data": [[0.9999961512673551, 0.0015017608814179215, -0.002332844772398606, -0.01469223066402826], [0.0023289108303900874, 0.0026159933827206716, 0.9999938663576718, 0.033633501098636304], [0.0015078543766413222, -0.9999954506360899, 0.0026124858472802437, 0.030264834762077777], [0.0, 0.0, 0.0, 1.0]]}, "Hobj2base": {"type": "ndarray", "data": [[0.9999980954036646, 0.0008333686713641462, -0.001764847217452347, -0.7335891577489486], [0.0008319837854983545, -0.9999993455574376, -0.0007852946438799455, 0.088633549762758], [-0.001765500502415211, 0.0007838248239418424, -0.9999981343115705, -0.0006908304286257274], [0.0, 0.0, 0.0, 1.0]]}, "mean_rme": {"type": "float", "data": 0.0016971062989317184}, "max_rme": {"type": "float", "data": 0.005732939653449398}, "simu": {"type": "float", "data": 0.002}}, {"type": "dict", "image_number": {"type": "int", "data": 30}, "Hcamera2end": {"type": "ndarray", "data": [[0.9999962278631075, 0.0015812741480202245, -0.002245847640624894, -0.01474018562853753], [0.0022413368994344323, 0.002848615830385426, 0.9999934308768003, 0.03384388566842793], [0.0015876613175772516, -0.9999946924658748, 0.0028450609169204943, 0.030433525102904924], [0.0, 0.0, 0.0, 1.0]]}, "Hobj2base": {"type": "ndarray", "data": [[0.9999976459230221, 0.0008250277062776252, -0.00200685766762515, -0.7338256935528044], [0.0008234747307067584, -0.9999993609901663, -0.0007745376854725544, 0.0884203528043328], [-0.002007495400273437, 0.000772883265573806, -0.9999976863041609, -0.0007756244031807099], [0.0, 0.0, 0.0, 1.0]]}, "mean_rme": {"type": "float", "data": 0.0017072324443441421}, "max_rme": {"type": "float", "data": 0.005777698360402178}, "simu": {"type": "float", "data": 0.002}}]}