{"type": "list", "data": [{"type": "dict", "image_number": {"type": "int", "data": 5}, "Hcamera2end": {"type": "ndarray", "data": [[0.999998494794111, 0.0015451007803222385, 0.0007893497900263442, -0.015526876797208416], [-0.000790284299264924, 0.0006043038308662929, 0.999999505133681, 0.03367322411531598], [0.0015446230086018958, -0.9999986237392826, 0.0006055239901521237, 0.035544871487339404], [0.0, 0.0, 0.0, 1.0]]}, "Hobj2base": {"type": "ndarray", "data": [[0.9999979467578366, 0.0012605186471560587, -0.0015866861224666084, -0.7386513245968305], [0.001261710615427508, -0.999998922451506, 0.0007504546281239073, 0.09016514153890266], [-0.0015857384506827725, -0.0007524550259828907, -0.9999984596213132, 0.0030602647007993864], [0.0, 0.0, 0.0, 1.0]]}, "mean_rme": {"type": "float", "data": 0.0010435516405617182}, "max_rme": {"type": "float", "data": 0.0038502927805939002}, "simu": {"type": "float", "data": 0.002}}, {"type": "dict", "image_number": {"type": "int", "data": 6}, "Hcamera2end": {"type": "ndarray", "data": [[0.9999980297307913, 0.0014565338208227612, 0.0013487193052241471, -0.01570508183895296], [-0.0013497623025797495, 0.0007153363747555153, 0.999998833217118, 0.033460441849117395], [0.0014555673333856703, -0.9999986834006832, 0.0007173009397940522, 0.03568813436715248], [0.0, 0.0, 0.0, 1.0]]}, "Hobj2base": {"type": "ndarray", "data": [[0.9999986221610386, 0.000998446479990399, -0.0013261902769901232, -0.7384278301730979], [0.0009995268813078368, -0.9999991689690197, 0.0008142525918420215, 0.09059904093270203], [-0.0013253761872507696, -0.0008155770327646567, -0.9999987891052997, 0.003001079006160867], [0.0, 0.0, 0.0, 1.0]]}, "mean_rme": {"type": "float", "data": 0.0010629885451999322}, "max_rme": {"type": "float", "data": 0.003548065482464058}, "simu": {"type": "float", "data": 0.002}}, {"type": "dict", "image_number": {"type": "int", "data": 7}, "Hcamera2end": {"type": "ndarray", "data": [[0.9999976624519065, 0.0015164093646197292, 0.0015412960007238575, -0.0157388933893409], [-0.0015424052715504416, 0.0007306141465356353, 0.9999985435934128, 0.03317994551590008], [0.0015152810634490148, -0.9999985833518003, 0.0007329513564876544, 0.03553749969902185], [0.0, 0.0, 0.0, 1.0]]}, "Hobj2base": {"type": "ndarray", "data": [[0.9999982412723517, 0.0008563556108125348, -0.0016685644342567675, -0.7382807240254036], [0.0008575495720050656, -0.9999993767074467, 0.0007149779367048894, 0.09089069130921588], [-0.0016679511188852764, -0.000716407555969884, -0.999998352348282, 0.0029453584372244957], [0.0, 0.0, 0.0, 1.0]]}, "mean_rme": {"type": "float", "data": 0.0010526299003363903}, "max_rme": {"type": "float", "data": 0.0036925144779600405}, "simu": {"type": "float", "data": 0.002}}, {"type": "dict", "image_number": {"type": "int", "data": 8}, "Hcamera2end": {"type": "ndarray", "data": [[0.9999976469331019, 0.0015045946470981077, 0.001562793398767591, -0.015636622452134555], [-0.0015646193349498187, 0.0012131622631429417, 0.9999980400999093, 0.03301864178455839], [0.0015026957762664485, -0.9999981322143912, 0.0012155135263671735, 0.03514335925877262], [0.0, 0.0, 0.0, 1.0]]}, "Hobj2base": {"type": "ndarray", "data": [[0.9999970189844557, 0.0006052945627427472, -0.002365510662524419, -0.7384021511236631], [0.0006063425193754613, -0.9999997183495493, 0.0004423229259970597, 0.0909680199101954], [-0.002365242260615193, -0.00044375591712026634, -0.9999971043506748, 0.002848876750270367], [0.0, 0.0, 0.0, 1.0]]}, "mean_rme": {"type": "float", "data": 0.0011867493957249898}, "max_rme": {"type": "float", "data": 0.0039754564678384785}, "simu": {"type": "float", "data": 0.002}}, {"type": "dict", "image_number": {"type": "int", "data": 9}, "Hcamera2end": {"type": "ndarray", "data": [[0.9999974970859647, 0.0014724283964640292, 0.0016845701004411732, -0.015676333992765523], [-0.0016867406339868287, 0.001474121583026844, 0.9999974909326484, 0.0331296208538209], [0.0014699414408988296, -0.9999978294577324, 0.0014766014982341424, 0.03511892886280307], [0.0, 0.0, 0.0, 1.0]]}, "Hobj2base": {"type": "ndarray", "data": [[0.9999970259366014, 0.00045992249322116685, -0.002395117795066668, -0.7386195249030094], [0.00046113685077553114, -0.9999997654122637, 0.0005064861522927719, 0.09104089183460157], [-0.0023948842888274614, -0.0005075891230480981, -0.9999970034367729, 0.0027561690128654922], [0.0, 0.0, 0.0, 1.0]]}, "mean_rme": {"type": "float", "data": 0.0011089693898899112}, "max_rme": {"type": "float", "data": 0.004000361551611986}, "simu": {"type": "float", "data": 0.002}}, {"type": "dict", "image_number": {"type": "int", "data": 10}, "Hcamera2end": {"type": "ndarray", "data": [[0.999997214625242, 0.0016069606865716252, 0.0017287044598372921, -0.015596650635239562], [-0.001731599526234117, 0.0018019367321249202, 0.9999968772886714, 0.03327956472288631], [0.0016038406524321158, -0.999997085346435, 0.0018047143254193987, 0.03513432003015443], [0.0, 0.0, 0.0, 1.0]]}, "Hobj2base": {"type": "ndarray", "data": [[0.9999966532076002, 0.00046043016322750736, -0.002545894275742886, -0.7388607687729601], [0.00046167957494250164, -0.9999997732830257, 0.0004901896235541929, 0.09090473410233782], [-0.0025456680004570537, -0.0004913633703783598, -0.9999966390625867, 0.002775912301412775], [0.0, 0.0, 0.0, 1.0]]}, "mean_rme": {"type": "float", "data": 0.001119167035544307}, "max_rme": {"type": "float", "data": 0.003952934504390104}, "simu": {"type": "float", "data": 0.002}}, {"type": "dict", "image_number": {"type": "int", "data": 11}, "Hcamera2end": {"type": "ndarray", "data": [[0.9999977138973712, 0.0015129457558484155, 0.0015110245435101734, -0.015819222063025093], [-0.0015138752829478882, 0.0018848621427659529, 0.9999970777338956, 0.03347534582971126], [0.0015100932616594622, -0.9999970791406558, 0.0018871482449619448, 0.03531408025583402], [0.0, 0.0, 0.0, 1.0]]}, "Hobj2base": {"type": "ndarray", "data": [[0.9999962903679499, 0.000374564092984547, -0.002697953312972346, -0.7392305597686707], [0.0003753063829761013, -0.9999998918618036, 0.00027462975140834687, 0.09079407330983003], [-0.0026978501547767976, -0.0002756412917323492, -0.9999963228064497, 0.00299366217353688], [0.0, 0.0, 0.0, 1.0]]}, "mean_rme": {"type": "float", "data": 0.0011628682382376573}, "max_rme": {"type": "float", "data": 0.004037958728188185}, "simu": {"type": "float", "data": 0.002}}, {"type": "dict", "image_number": {"type": "int", "data": 12}, "Hcamera2end": {"type": "ndarray", "data": [[0.9999973867381899, 0.0016684199812984721, 0.0015629752259706203, -0.015845202634708296], [-0.0015659417183313427, 0.001778201887409514, 0.9999971929083514, 0.03344678125770719], [0.0016656360123938803, -0.9999970271819881, 0.001780809888954904, 0.03534767805043118], [0.0, 0.0, 0.0, 1.0]]}, "Hobj2base": {"type": "ndarray", "data": [[0.9999964000689344, 0.0005459936833026994, -0.0026271163030114507, -0.7390862198400905], [0.0005469843740489807, -0.9999997795661992, 0.00037639825635813606, 0.09078393789485395], [-0.0026269102128358415, -0.0003778338929169165, -0.9999964782859403, 0.002964870223662125], [0.0, 0.0, 0.0, 1.0]]}, "mean_rme": {"type": "float", "data": 0.0011327720809854408}, "max_rme": {"type": "float", "data": 0.003930106661721222}, "simu": {"type": "float", "data": 0.002}}, {"type": "dict", "image_number": {"type": "int", "data": 13}, "Hcamera2end": {"type": "ndarray", "data": [[0.9999967215074981, 0.001271583950656892, 0.0022226219902957713, -0.015767874843124488], [-0.002225337632640604, 0.002138223657225491, 0.9999952379246677, 0.03348743446861699], [0.0012668254323576068, -0.9999969055321363, 0.002141046350693787, 0.03508243489054736], [0.0, 0.0, 0.0, 1.0]]}, "Hobj2base": {"type": "ndarray", "data": [[0.9999961517415419, -1.6126592972253108e-05, -0.0027742101650952257, -0.7392518607963038], [-1.3058471553977968e-05, -0.9999993883422527, 0.0011059586780037256, 0.09117965242161669], [-0.0027742263035735286, -0.0011059181950443628, -0.9999955402967371, 0.0025704280412369076], [0.0, 0.0, 0.0, 1.0]]}, "mean_rme": {"type": "float", "data": 0.0012070525855754147}, "max_rme": {"type": "float", "data": 0.004063698320255271}, "simu": {"type": "float", "data": 0.002}}, {"type": "dict", "image_number": {"type": "int", "data": 14}, "Hcamera2end": {"type": "ndarray", "data": [[0.9999952560677825, 0.0012039507240045367, 0.0028351974506736757, -0.015800617635348804], [-0.0028377030171721556, 0.002084537026974531, 0.9999938010542713, 0.033473086870270695], [0.0011980331867146258, -0.9999971025998211, 0.0020879435926742795, 0.03496896440414174], [0.0, 0.0, 0.0, 1.0]]}, "Hobj2base": {"type": "ndarray", "data": [[0.9999959483336613, -8.656694272971956e-05, -0.0028453158745218436, -0.7392169552803598], [-8.148914858404499e-05, -0.999998404132225, 0.0017846827512512668, 0.09149711560247172], [-0.0028454658283034472, -0.0017844436579441709, -0.9999943595266187, 0.00231349711846606], [0.0, 0.0, 0.0, 1.0]]}, "mean_rme": {"type": "float", "data": 0.001222020297201529}, "max_rme": {"type": "float", "data": 0.004111434753410137}, "simu": {"type": "float", "data": 0.002}}, {"type": "dict", "image_number": {"type": "int", "data": 15}, "Hcamera2end": {"type": "ndarray", "data": [[0.9999943863856805, 0.0017104015478574472, 0.0028812711902002886, -0.01579785224765475], [-0.002884014931241956, 0.0016038571279320957, 0.999994555035271, 0.03345794076117231], [0.0017057710874454385, -0.9999972510806509, 0.001608780948099131, 0.03496341536249015], [0.0, 0.0, 0.0, 1.0]]}, "Hobj2base": {"type": "ndarray", "data": [[0.99999599246322, 0.0005500911879104827, -0.0027771311068352698, -0.7389144811466676], [0.0005554241420915992, -0.9999980027330484, 0.001919904668622089, 0.09129974597870417], [-0.0027760694375232524, -0.0019214394601960053, -0.9999943007381988, 0.00228713934776195], [0.0, 0.0, 0.0, 1.0]]}, "mean_rme": {"type": "float", "data": 0.0012181951720644337}, "max_rme": {"type": "float", "data": 0.004056973908518835}, "simu": {"type": "float", "data": 0.002}}, {"type": "dict", "image_number": {"type": "int", "data": 16}, "Hcamera2end": {"type": "ndarray", "data": [[0.9999938813926306, 0.0016253646251549198, 0.0030976389616542053, -0.015768163873320196], [-0.003100259461133544, 0.001612218353307604, 0.9999938945529891, 0.03349766717428661], [0.001620360631191429, -0.9999973794674746, 0.0016172475408333664, 0.03487775751758928], [0.0, 0.0, 0.0, 1.0]]}, "Hobj2base": {"type": "ndarray", "data": [[0.9999957150214591, 0.0004401817479327257, -0.0028941628754473353, -0.7389365152189461], [0.0004468320914892165, -0.9999972606790928, 0.0022976020962900225, 0.09135375970360676], [-0.002893143584899662, -0.0022988854559650913, -0.9999931723996209, 0.002189948910087093], [0.0, 0.0, 0.0, 1.0]]}, "mean_rme": {"type": "float", "data": 0.001206836200470297}, "max_rme": {"type": "float", "data": 0.004112199350818524}, "simu": {"type": "float", "data": 0.002}}, {"type": "dict", "image_number": {"type": "int", "data": 17}, "Hcamera2end": {"type": "ndarray", "data": [[0.9999937976708105, 0.0017465630872700053, 0.003058453415074861, -0.015729920856455498], [-0.003061250001846188, 0.0016007720151977045, 0.9999940331208887, 0.033499527504522945], [0.0017416567791025666, -0.9999971935192304, 0.0016061087529368745, 0.034818600387584914], [0.0, 0.0, 0.0, 1.0]]}, "Hobj2base": {"type": "ndarray", "data": [[0.9999958506591108, 0.0005528562170143854, -0.0028271919928887176, -0.7389055546054899], [0.0005589412507999889, -0.9999975282647684, 0.002151987228780421, 0.09130502433330648], [-0.002825995265300294, -0.002153558533680576, -0.9999936879482807, 0.0021396052572104705], [0.0, 0.0, 0.0, 1.0]]}, "mean_rme": {"type": "float", "data": 0.0011655912719821314}, "max_rme": {"type": "float", "data": 0.004132858003570938}, "simu": {"type": "float", "data": 0.002}}, {"type": "dict", "image_number": {"type": "int", "data": 18}, "Hcamera2end": {"type": "ndarray", "data": [[0.9999927926468374, 0.000988332793000789, 0.0036657676780726184, -0.01568203230566713], [-0.003667866176527066, 0.002129885763052175, 0.9999910051317199, 0.03341053729324484], [0.000980516236689315, -0.9999972433886638, 0.0021334954846359278, 0.03509686468663317], [0.0, 0.0, 0.0, 1.0]]}, "Hobj2base": {"type": "ndarray", "data": [[0.9999960761391731, -0.000352924723243862, -0.002779055666376248, -0.7390600817568184], [-0.0003456497698107679, -0.9999965137551234, 0.002617824256166748, 0.09181549611497987], [-0.0027799698728087773, -0.002616853404237323, -0.9999927118963254, 0.002226902653145488], [0.0, 0.0, 0.0, 1.0]]}, "mean_rme": {"type": "float", "data": 0.0012588610578775695}, "max_rme": {"type": "float", "data": 0.005264532895983942}, "simu": {"type": "float", "data": 0.002}}, {"type": "dict", "image_number": {"type": "int", "data": 19}, "Hcamera2end": {"type": "ndarray", "data": [[0.9999914542934231, 0.0014447655223134778, 0.0038734987685818656, -0.015561850560775647], [-0.0038762998165599227, 0.0019410210344285028, 0.9999906033243893, 0.03349074566289945], [0.0014372334037338805, -0.9999970725406797, 0.0019466047913614393, 0.03502622909717233], [0.0, 0.0, 0.0, 1.0]]}, "Hobj2base": {"type": "ndarray", "data": [[0.9999963413668274, 0.00012660609721176032, -0.002702077692398595, -0.7389981213115195], [0.00013395779002226915, -0.9999962897859662, 0.002720747987555897, 0.09169719052491647], [-0.0027017232038278197, -0.002721099997693197, -0.9999926481262409, 0.002125965836979759], [0.0, 0.0, 0.0, 1.0]]}, "mean_rme": {"type": "float", "data": 0.0012934860097536928}, "max_rme": {"type": "float", "data": 0.005414147762713539}, "simu": {"type": "float", "data": 0.002}}, {"type": "dict", "image_number": {"type": "int", "data": 20}, "Hcamera2end": {"type": "ndarray", "data": [[0.999992027098207, 0.001278784586123119, 0.0037829155424229472, -0.015498680437508868], [-0.00378525932844107, 0.0018353986945720546, 0.9999911515225761, 0.03373819532139755], [0.0012718301125783408, -0.9999974980076769, 0.0018402245924022953, 0.03441390368183399], [0.0, 0.0, 0.0, 1.0]]}, "Hobj2base": {"type": "ndarray", "data": [[0.9999969002880028, 3.521129984001548e-05, -0.002489613333519857, -0.7382899451407408], [4.1779958875502004e-05, -0.9999965184842132, 0.002638422613625774, 0.09152028421511482], [-0.0024895117636019796, -0.002638518451218235, -0.9999934202541343, 0.0019511973149430178], [0.0, 0.0, 0.0, 1.0]]}, "mean_rme": {"type": "float", "data": 0.001312426341235778}, "max_rme": {"type": "float", "data": 0.005358200655771361}, "simu": {"type": "float", "data": 0.002}}, {"type": "dict", "image_number": {"type": "int", "data": 21}, "Hcamera2end": {"type": "ndarray", "data": [[0.9999929166501801, 0.000916855679505708, 0.0036504828624375064, -0.015384937817643033], [-0.0036521262755032004, 0.0017972125147707185, 0.9999917159661097, 0.03490962785601381], [0.0009102873907568571, -0.9999979646993488, 0.0018005482572037712, 0.034391170720600064], [0.0, 0.0, 0.0, 1.0]]}, "Hobj2base": {"type": "ndarray", "data": [[0.9999973669221742, -0.0002834548304170653, -0.0022772356218756463, -0.7380887324419161], [-0.00027774664138266713, -0.9999968200114493, 0.0025065561617660017, 0.09089821372431102], [-0.0022779388757442056, -0.00250591706726294, -0.999994265670624, 0.0009536643454458779], [0.0, 0.0, 0.0, 1.0]]}, "mean_rme": {"type": "float", "data": 0.0013512517713303686}, "max_rme": {"type": "float", "data": 0.005177675601256704}, "simu": {"type": "float", "data": 0.002}}, {"type": "dict", "image_number": {"type": "int", "data": 22}, "Hcamera2end": {"type": "ndarray", "data": [[0.9999936906748362, 0.0006283690585712107, 0.003496249826044863, -0.015329729042676977], [-0.0034972490721941977, 0.0015962210671865984, 0.9999926106363146, 0.035094444517330244], [0.0006227836276952278, -0.999998528614233, 0.0015984085592160024, 0.034094407025461064], [0.0, 0.0, 0.0, 1.0]]}, "Hobj2base": {"type": "ndarray", "data": [[0.9999979430065478, -0.0004675215066113268, -0.0019736783715070543, -0.73768373983849], [-0.000462856078081009, -0.9999970995294638, 0.0023636194514927724, 0.09075919058192121], [-0.001974777689838107, -0.0023627010605126075, -0.9999952589371486, 0.0007909211263286218], [0.0, 0.0, 0.0, 1.0]]}, "mean_rme": {"type": "float", "data": 0.0013356406378500086}, "max_rme": {"type": "float", "data": 0.005152714549009063}, "simu": {"type": "float", "data": 0.002}}, {"type": "dict", "image_number": {"type": "int", "data": 23}, "Hcamera2end": {"type": "ndarray", "data": [[0.9999935580245837, 0.00024005570688245782, 0.003581379984190716, -0.01523407990776729], [-0.0035816840749283503, 0.0012785224222635616, 0.9999927684336537, 0.03649192552505236], [0.00023547509629125358, -0.9999991538764786, 0.001279373989755972, 0.03364673867889696], [0.0, 0.0, 0.0, 1.0]]}, "Hobj2base": {"type": "ndarray", "data": [[0.9999986114599168, -0.0006600975963476892, -0.0015301468562560283, -0.7369119071469398], [-0.0006564051531050988, -0.9999968747788281, 0.0024123774272912643, 0.09009482193472663], [-0.0015317344787499155, -0.0024113696813270564, -0.9999959195345482, -0.0004618767882760543], [0.0, 0.0, 0.0, 1.0]]}, "mean_rme": {"type": "float", "data": 0.0014014591837163293}, "max_rme": {"type": "float", "data": 0.005178366013616542}, "simu": {"type": "float", "data": 0.002}}, {"type": "dict", "image_number": {"type": "int", "data": 24}, "Hcamera2end": {"type": "ndarray", "data": [[0.9999936370307864, 0.0002765987673044529, 0.0035565982429490153, -0.015209821994889176], [-0.003556999687992464, 0.001464671970982212, 0.9999926012172474, 0.036470692849029276], [0.00027138747105177256, -0.9999988891139525, 0.0014656465130484797, 0.03334265346812878], [0.0, 0.0, 0.0, 1.0]]}, "Hobj2base": {"type": "ndarray", "data": [[0.999998427684478, -0.0006881299070826171, -0.0016343517989578016, -0.7366594717763387], [-0.0006842192249924075, -0.9999969047069879, 0.002392158125024247, 0.09008908507442122], [-0.001635992855708399, -0.002391036108875648, -0.9999958032280445, -0.0003812825868944672], [0.0, 0.0, 0.0, 1.0]]}, "mean_rme": {"type": "float", "data": 0.0013857923815332968}, "max_rme": {"type": "float", "data": 0.005140346002794116}, "simu": {"type": "float", "data": 0.002}}, {"type": "dict", "image_number": {"type": "int", "data": 25}, "Hcamera2end": {"type": "ndarray", "data": [[0.9999938905469757, 0.00021689612392205735, 0.003488814239031574, -0.015218383695302488], [-0.0034890647799669964, 0.0011656764725512803, 0.9999932337897707, 0.03586716755524098], [0.0002128278276817433, -0.9999992970769694, 0.0011664261155325262, 0.0339100587437518], [0.0, 0.0, 0.0, 1.0]]}, "Hobj2base": {"type": "ndarray", "data": [[0.9999990362077016, -0.0005484940528444192, -0.0012754363731021913, -0.7371279351829759], [-0.0005455387066758675, -0.9999971685203524, 0.002316320098056168, 0.09035728560880855], [-0.0012767032495283272, -0.002315622065695267, -0.9999965039555192, -7.881733634329535e-06], [0.0, 0.0, 0.0, 1.0]]}, "mean_rme": {"type": "float", "data": 0.0014120400974351654}, "max_rme": {"type": "float", "data": 0.0053499989724531405}, "simu": {"type": "float", "data": 0.002}}, {"type": "dict", "image_number": {"type": "int", "data": 26}, "Hcamera2end": {"type": "ndarray", "data": [[0.9999939884502412, 0.0002121193512176359, 0.0034609346656259117, -0.015301583620872212], [-0.003461176232676072, 0.0011492405758042334, 0.9999933497304792, 0.03600546726492468], [0.00020814049401883636, -0.9999993171255064, 0.0011499678495442422, 0.03393020582020082], [0.0, 0.0, 0.0, 1.0]]}, "Hobj2base": {"type": "ndarray", "data": [[0.9999991197821324, -0.0005347069816899323, -0.001214299552895533, -0.7370983789532778], [-0.0005319284775037291, -0.9999972425939094, 0.002287325222382038, 0.09034548418342749], [-0.0012155192533443533, -0.002286677288525103, -0.9999966468043395, -0.00018231637443639502], [0.0, 0.0, 0.0, 1.0]]}, "mean_rme": {"type": "float", "data": 0.001448853524759135}, "max_rme": {"type": "float", "data": 0.005274270081787824}, "simu": {"type": "float", "data": 0.002}}, {"type": "dict", "image_number": {"type": "int", "data": 27}, "Hcamera2end": {"type": "ndarray", "data": [[0.9999940723435591, 5.226197237003004e-05, 0.0034427527403179375, -0.015367495856868741], [-0.003442813919363051, 0.0012195258765229644, 0.9999933298722313, 0.03577009318938396], [4.806309772270871e-05, -0.9999992550123838, 0.0012196985758383683, 0.03406808207916772], [0.0, 0.0, 0.0, 1.0]]}, "Hobj2base": {"type": "ndarray", "data": [[0.999999092546194, -0.0007092756585849568, -0.0011453535824047444, -0.7372698337501327], [-0.0007066621719379695, -0.9999971497163724, 0.002280611257165844, 0.09054187586816387], [-0.001146967899873583, -0.0022797998095662997, -0.9999967434834303, -3.441665450978184e-05], [0.0, 0.0, 0.0, 1.0]]}, "mean_rme": {"type": "float", "data": 0.0014741689968875448}, "max_rme": {"type": "float", "data": 0.005338348830668749}, "simu": {"type": "float", "data": 0.002}}, {"type": "dict", "image_number": {"type": "int", "data": 28}, "Hcamera2end": {"type": "ndarray", "data": [[0.9999938327975714, -6.144644676766881e-05, 0.003511494148810246, -0.0154186541026049], [-0.0035114285038836185, 0.0010376745671778487, 0.9999932965282091, 0.03602213450088436], [-6.508982303416052e-05, -0.9999994597277674, 0.0010374524028241572, 0.034343579461220575], [0.0, 0.0, 0.0, 1.0]]}, "Hobj2base": {"type": "ndarray", "data": [[0.9999993321758605, -0.0007348727801239269, -0.0008919696352022935, -0.7374109196672542], [-0.0007327304765522429, -0.9999968522138125, 0.002399722591354358, 0.09050050363957966], [-0.0008937303182848308, -0.0023990674154258113, -0.9999967228554574, -0.00037699760897112945], [0.0, 0.0, 0.0, 1.0]]}, "mean_rme": {"type": "float", "data": 0.001502069402078938}, "max_rme": {"type": "float", "data": 0.005232660798750011}, "simu": {"type": "float", "data": 0.002}}, {"type": "dict", "image_number": {"type": "int", "data": 29}, "Hcamera2end": {"type": "ndarray", "data": [[0.9999958146191054, -0.00045877345460980205, 0.0028566188386467814, -0.01549031977268156], [-0.002856125827846097, 0.0010717116745329047, 0.9999953469788455, 0.03593030855713923], [-0.00046183279168628025, -0.999999320480271, 0.0010703968742985515, 0.0337128246973617], [0.0, 0.0, 0.0, 1.0]]}, "Hobj2base": {"type": "ndarray", "data": [[0.9999990970574962, -0.0011095396981924512, -0.0007581595150918663, -0.7368068978874792], [-0.0011081697857509008, -0.9999977570921323, 0.0018049294806611624, 0.09036219259604718], [-0.0007601604555211566, -0.0018040876814462137, -0.9999980837100235, -0.00013589478056617722], [0.0, 0.0, 0.0, 1.0]]}, "mean_rme": {"type": "float", "data": 0.001532572792135234}, "max_rme": {"type": "float", "data": 0.005244644671027254}, "simu": {"type": "float", "data": 0.002}}, {"type": "dict", "image_number": {"type": "int", "data": 30}, "Hcamera2end": {"type": "ndarray", "data": [[0.9999961645611021, -0.0009799633656831074, 0.002590470012792108, -0.015452839496041208], [-0.0025896453349071, 0.0008418744361882169, 0.9999962924853639, 0.03602765080119088], [-0.0009821405829360686, -0.9999991654592698, 0.0008393334496720195, 0.03359465697256373], [0.0, 0.0, 0.0, 1.0]]}, "Hobj2base": {"type": "ndarray", "data": [[0.9999988694558241, -0.0014512042047008355, -0.0003938190320228669, -0.7365935432657573], [-0.0014505505226426025, -0.9999975782804036, 0.001655094109262195, 0.09025208134344727], [-0.0003962199578341363, -0.0016545209837024615, -0.9999985527839832, -0.0002094515984830107], [0.0, 0.0, 0.0, 1.0]]}, "mean_rme": {"type": "float", "data": 0.0015211541568841101}, "max_rme": {"type": "float", "data": 0.005224129329363891}, "simu": {"type": "float", "data": 0.002}}]}