{"type": "list", "data": [{"type": "dict", "image_number": {"type": "int", "data": 5}, "Hcamera2end": {"type": "ndarray", "data": [[0.9999763519318238, 0.00535266074062626, -0.004317939336882714, -0.016520331878084944], [0.004313231416374401, 0.0008907796725283745, 0.9999903012261288, 0.03191045687375061], [0.005356455158968633, -0.9999852776589117, 0.0008676713428422689, 0.03455999398193565], [0.0, 0.0, 0.0, 1.0]]}, "Hobj2base": {"type": "ndarray", "data": [[0.9999858444194852, 0.005149477908962554, 0.0013393423438858554, -0.7367801591077491], [0.005150278360449014, -0.999986560282381, -0.000594884376704347, 0.08391309211783285], [0.0013362609995467324, 0.0006017739416616039, -0.9999989261367555, 0.0008955330340540968], [0.0, 0.0, 0.0, 1.0]]}, "mean_rme": {"type": "float", "data": 0.00128369760906558}, "max_rme": {"type": "float", "data": 0.0032493862569969445}, "simu": {"type": "float", "data": 0.002}}, {"type": "dict", "image_number": {"type": "int", "data": 6}, "Hcamera2end": {"type": "ndarray", "data": [[0.999978087828012, 0.0054817346398627585, -0.003711394504863112, -0.01663443600781006], [0.0037091854745119183, 0.0004130917066662576, 0.9999930356249276, 0.03170171602115627], [0.005483229609296804, -0.9999848898561319, 0.00039274988442838943, 0.03467418534994666], [0.0, 0.0, 0.0, 1.0]]}, "Hobj2base": {"type": "ndarray", "data": [[0.9999853221233265, 0.005251631637698867, 0.001332630124607229, -0.7365607969562363], [0.0052524741023148875, -0.9999860075428246, -0.0006294714971660181, 0.08424032140869953], [0.0013293057254077337, 0.0006364618630784772, -0.9999989139307026, 0.0010146194326179265], [0.0, 0.0, 0.0, 1.0]]}, "mean_rme": {"type": "float", "data": 0.001150975174179951}, "max_rme": {"type": "float", "data": 0.0033322659118555364}, "simu": {"type": "float", "data": 0.002}}, {"type": "dict", "image_number": {"type": "int", "data": 7}, "Hcamera2end": {"type": "ndarray", "data": [[0.9999788572465848, 0.0056167811971433584, -0.0032767100570469847, -0.01666385902662719], [0.003274865835502117, 0.00033750711348068396, 0.9999945806566697, 0.03155006759905117], [0.005617856670830705, -0.9999841688036528, 0.00031910577280291896, 0.034689548312105765], [0.0, 0.0, 0.0, 1.0]]}, "Hobj2base": {"type": "ndarray", "data": [[0.9999851497859127, 0.005319046192197385, 0.0011865729017117921, -0.7365174859458543], [0.005319844907305219, -0.999985624407872, -0.000670990134249703, 0.08448128587225975], [0.0011829868165051441, 0.0006772925537108769, -0.9999990709080626, 0.0010640286319031275], [0.0, 0.0, 0.0, 1.0]]}, "mean_rme": {"type": "float", "data": 0.0010239657659678117}, "max_rme": {"type": "float", "data": 0.0032931577958296154}, "simu": {"type": "float", "data": 0.002}}, {"type": "dict", "image_number": {"type": "int", "data": 8}, "Hcamera2end": {"type": "ndarray", "data": [[0.9999823932096831, 0.005309860430772908, -0.002649274021388312, -0.016827129272097244], [0.002649114337601028, 3.710611677509856e-05, 0.9999964904020227, 0.03131333616050196], [0.005309940099568687, -0.9999859019032928, 2.3039036057603823e-05, 0.03476357909835345], [0.0, 0.0, 0.0, 1.0]]}, "Hobj2base": {"type": "ndarray", "data": [[0.999986323043326, 0.0050378223107988744, 0.0014050169584647202, -0.736236627099167], [0.005038685324892655, -0.9999871188520473, -0.0006113756437362932, 0.08499975126076229], [0.0014019188583751087, 0.0006184467203079439, -0.9999988260728951, 0.001168630551948241], [0.0, 0.0, 0.0, 1.0]]}, "mean_rme": {"type": "float", "data": 0.0010216145875170317}, "max_rme": {"type": "float", "data": 0.003386643359495123}, "simu": {"type": "float", "data": 0.002}}, {"type": "dict", "image_number": {"type": "int", "data": 9}, "Hcamera2end": {"type": "ndarray", "data": [[0.999986412755522, 0.00483013608434368, -0.0019606350373044734, -0.01695549405010442], [0.0019646244214673782, -0.0008213299483585956, 0.9999977328314296, 0.03094863400138355], [0.004828514805337018, -0.9999879975292321, -0.0008308081920582744, 0.035015145985553414], [0.0, 0.0, 0.0, 1.0]]}, "Hobj2base": {"type": "ndarray", "data": [[0.9999873989501443, 0.004592137254974294, 0.002028353114312952, -0.7354897939997007], [0.004593424672199119, -0.999989251396505, -0.0006305087142109577, 0.0855558749784825], [0.002025435929793464, 0.0006398178563784327, -0.999997744118658, 0.0012669886319569988], [0.0, 0.0, 0.0, 1.0]]}, "mean_rme": {"type": "float", "data": 0.0012243404296043343}, "max_rme": {"type": "float", "data": 0.004903383718506182}, "simu": {"type": "float", "data": 0.002}}, {"type": "dict", "image_number": {"type": "int", "data": 10}, "Hcamera2end": {"type": "ndarray", "data": [[0.9999884189775894, 0.004553720815316227, -0.0015574137013769215, -0.0174660835137854], [0.0015546562898639882, 0.0006090063970212167, 0.9999986060765429, 0.031183309741464268], [0.004554662942684912, -0.9999894463132821, 0.0006019198733966391, 0.03500624041333546], [0.0, 0.0, 0.0, 1.0]]}, "Hobj2base": {"type": "ndarray", "data": [[0.9999911463624874, 0.004199742468573277, 0.0002633625558718577, -0.7368606227056373], [0.004199833444654294, -0.9999911208560148, -0.0003458441381762782, 0.08569295980743157], [0.0002619077611231978, 0.00034694715506786324, -0.9999999055159934, 0.001825518852974345], [0.0, 0.0, 0.0, 1.0]]}, "mean_rme": {"type": "float", "data": 0.001626813200043653}, "max_rme": {"type": "float", "data": 0.006773381740819262}, "simu": {"type": "float", "data": 0.002}}, {"type": "dict", "image_number": {"type": "int", "data": 11}, "Hcamera2end": {"type": "ndarray", "data": [[0.999988273968832, 0.004664477063079155, -0.0013017597950596893, -0.017254002656625307], [0.0012996472140860455, 0.0004559109133691619, 0.9999990515307295, 0.031062083597984656], [0.004665066125463149, -0.9999890173391746, 0.00044984339272335916, 0.03500640173199573], [0.0, 0.0, 0.0, 1.0]]}, "Hobj2base": {"type": "ndarray", "data": [[0.9999903940133473, 0.004367845568208891, 0.0003657951922959498, -0.7365996522923293], [0.004367904320041668, -0.9999904478651933, -0.00015996943944214547, 0.08586652303556368], [0.00036509297636384505, 0.0001615656611785253, -0.9999999203018248, 0.0016614217762043295], [0.0, 0.0, 0.0, 1.0]]}, "mean_rme": {"type": "float", "data": 0.0016115658924462895}, "max_rme": {"type": "float", "data": 0.006980478219770991}, "simu": {"type": "float", "data": 0.002}}, {"type": "dict", "image_number": {"type": "int", "data": 12}, "Hcamera2end": {"type": "ndarray", "data": [[0.999989732643134, 0.004414580622673081, -0.001022783574052461, -0.017094746893679687], [0.0010204295986044995, 0.0005354468853532302, 0.9999993360098131, 0.03110418103803842], [0.004415125337713986, -0.9999901123383964, 0.0005309366189961695, 0.034906796081050136], [0.0, 0.0, 0.0, 1.0]]}, "Hobj2base": {"type": "ndarray", "data": [[0.999991200103435, 0.004185046806329516, 0.000291717193054807, -0.7366529048993162], [0.004185075097929041, -0.9999912378844786, -9.644009950347836e-05, 0.08588173529845], [0.00029131103066463277, 9.766010920086944e-05, -0.9999999528001922, 0.0015001575566548446], [0.0, 0.0, 0.0, 1.0]]}, "mean_rme": {"type": "float", "data": 0.0016295606666584226}, "max_rme": {"type": "float", "data": 0.006882967727372832}, "simu": {"type": "float", "data": 0.002}}, {"type": "dict", "image_number": {"type": "int", "data": 13}, "Hcamera2end": {"type": "ndarray", "data": [[0.9999909556009324, 0.0040879938117892745, -0.0011734662026283503, -0.017296911185295076], [0.001170943870597224, 0.0006193485335489468, 0.9999991226485382, 0.0311294671258487], [0.004088717009753695, -0.999991452320463, 0.0006145561206166716, 0.034843739436726306], [0.0, 0.0, 0.0, 1.0]]}, "Hobj2base": {"type": "ndarray", "data": [[0.9999923344889199, 0.00390783753923031, 0.00024447733456565496, -0.7367625674665343], [0.003907897682954569, -0.9999923338762056, -0.0002460173157728082, 0.08583861045762713], [0.00024351406467026552, 0.00024697082233363223, -0.9999999398531552, 0.0015529058493385457], [0.0, 0.0, 0.0, 1.0]]}, "mean_rme": {"type": "float", "data": 0.0016276508619901746}, "max_rme": {"type": "float", "data": 0.006767729513185057}, "simu": {"type": "float", "data": 0.002}}, {"type": "dict", "image_number": {"type": "int", "data": 14}, "Hcamera2end": {"type": "ndarray", "data": [[0.9999938628706331, 0.003469610542273957, -0.00048582276033098037, -0.01717969312082264], [0.00048327258349775736, 0.0007358043393461688, 0.999999612519717, 0.03117507369489739], [0.003469966668363487, -0.9999937101775487, 0.0007341230559692047, 0.03469019879236178], [0.0, 0.0, 0.0, 1.0]]}, "Hobj2base": {"type": "ndarray", "data": [[0.9999944366836053, 0.0033352117583570905, 5.4445988911791774e-05, -0.7368966461230644], [0.003335192121986737, -0.9999943745598778, 0.00035685026043823074, 0.08619093376797778], [5.563585381372763e-05, -0.000356666687334034, -0.9999999348467608, 0.001391513785911914], [0.0, 0.0, 0.0, 1.0]]}, "mean_rme": {"type": "float", "data": 0.001675803014381018}, "max_rme": {"type": "float", "data": 0.006563035975611642}, "simu": {"type": "float", "data": 0.002}}, {"type": "dict", "image_number": {"type": "int", "data": 15}, "Hcamera2end": {"type": "ndarray", "data": [[0.999990331290775, 0.0035733625871323758, -0.002562889928783413, -0.017639123963041087], [0.0025605974776456144, 0.0006459663771419821, 0.999996513027919, 0.03125903582436868], [0.0035750056676391094, -0.9999934068818955, 0.0006368101882535671, 0.034755878997886125], [0.0, 0.0, 0.0, 1.0]]}, "Hobj2base": {"type": "ndarray", "data": [[0.9999940118121259, 0.0034579761822275444, 0.00013689635842697778, -0.7369047413202785], [0.0034581969313080083, -0.9999926648612694, -0.0016465411143704424, 0.08496213194394739], [0.00013120165431664563, 0.0016470046691395264, -0.9999986350799412, 0.0016403898019158461], [0.0, 0.0, 0.0, 1.0]]}, "mean_rme": {"type": "float", "data": 0.0017462726270769063}, "max_rme": {"type": "float", "data": 0.006580643325465457}, "simu": {"type": "float", "data": 0.002}}, {"type": "dict", "image_number": {"type": "int", "data": 16}, "Hcamera2end": {"type": "ndarray", "data": [[0.9999910909655205, 0.00347014638695033, -0.002403346342325841, -0.01778790822129325], [0.002400970576821542, 0.0006886334080080658, 0.9999968805572941, 0.03126430634652249], [0.0034717905866098343, -0.9999937419144598, 0.0006802955535769595, 0.034714433811140706], [0.0, 0.0, 0.0, 1.0]]}, "Hobj2base": {"type": "ndarray", "data": [[0.9999944342557315, 0.003334866981885373, 0.00010059708018475093, -0.736898417346314], [0.0033350299209165208, -0.999993051749551, -0.0016655413673717517, 0.08491275285573341], [9.50420222980311e-05, 0.0016658675916668053, -0.9999986079251215, 0.001621584518187346], [0.0, 0.0, 0.0, 1.0]]}, "mean_rme": {"type": "float", "data": 0.001651879717543873}, "max_rme": {"type": "float", "data": 0.006563472806166586}, "simu": {"type": "float", "data": 0.002}}, {"type": "dict", "image_number": {"type": "int", "data": 17}, "Hcamera2end": {"type": "ndarray", "data": [[0.9999937831172742, 0.0017551153660143302, -0.003058316016040526, -0.017951860150668866], [0.0030569654362102966, 0.0007716780226659781, 0.9999950297253238, 0.03136156543359967], [0.0017574666778648182, -0.9999981620398516, 0.0007663078982237392, 0.034546568810529296], [0.0, 0.0, 0.0, 1.0]]}, "Hobj2base": {"type": "ndarray", "data": [[0.9999985387146217, 0.0017090244575039856, -4.247381412488505e-05, -0.7370641376711298], [0.0017089132542603834, -0.9999954319059303, -0.0024931471600880056, 0.08468878855389919], [-4.673446957325362e-05, 0.002493070932824598, -0.9999968912017747, 0.001607617034406591], [0.0, 0.0, 0.0, 1.0]]}, "mean_rme": {"type": "float", "data": 0.0017410257707576946}, "max_rme": {"type": "float", "data": 0.006353367352061656}, "simu": {"type": "float", "data": 0.002}}, {"type": "dict", "image_number": {"type": "int", "data": 18}, "Hcamera2end": {"type": "ndarray", "data": [[0.999994000111928, 0.0023355525620542186, -0.0025583069353246977, -0.018004960816186112], [0.0025560960902676847, 0.000949099414678245, 0.9999962827846304, 0.03147958667565618], [0.0023379719679172224, -0.9999968221972163, 0.0009431238234154371, 0.034512217535683135], [0.0, 0.0, 0.0, 1.0]]}, "Hobj2base": {"type": "ndarray", "data": [[0.9999973960769837, 0.0022741125167364262, -0.00019039830231367305, -0.7373559430860647], [0.002273717061055376, -0.9999953096079703, -0.002052065492538459, 0.08475873918706713], [-0.00019506403709273806, 0.0020516272372495255, -0.9999978763855955, 0.0016725583913849984], [0.0, 0.0, 0.0, 1.0]]}, "mean_rme": {"type": "float", "data": 0.0017870126781876067}, "max_rme": {"type": "float", "data": 0.006457968228187672}, "simu": {"type": "float", "data": 0.002}}, {"type": "dict", "image_number": {"type": "int", "data": 19}, "Hcamera2end": {"type": "ndarray", "data": [[0.999992015367709, 0.0022706984807506652, -0.0032883322881282254, -0.017878822646176944], [0.0032861790179259825, 0.0009513661367208659, 0.9999941479478446, 0.03125094894995827], [0.002273813600489938, -0.9999969694108494, 0.0009438966187086395, 0.034420058367050074], [0.0, 0.0, 0.0, 1.0]]}, "Hobj2base": {"type": "ndarray", "data": [[0.9999973977258693, 0.0022720077008935346, -0.00020620983676062743, -0.7372629835895288], [0.0022713557560826575, -0.9999925888464938, -0.003108568017090892, 0.0846409328327989], [-0.00021327099898145452, 0.00310809155184507, -0.9999951471294182, 0.0016945594328833598], [0.0, 0.0, 0.0, 1.0]]}, "mean_rme": {"type": "float", "data": 0.0017455919778451864}, "max_rme": {"type": "float", "data": 0.006455489978364093}, "simu": {"type": "float", "data": 0.002}}, {"type": "dict", "image_number": {"type": "int", "data": 20}, "Hcamera2end": {"type": "ndarray", "data": [[0.9999945212100393, 0.002065209643245529, -0.0025869787462836553, -0.017931330328620897], [0.0025857989072649986, 0.0005737584608810353, 0.9999964922164675, 0.03135429631341789], [0.0020666866998809504, -0.9999977028525404, 0.0005684151005400651, 0.03287373355867587], [0.0, 0.0, 0.0, 1.0]]}, "Hobj2base": {"type": "ndarray", "data": [[0.9999977254380924, 0.0021276283779047373, 0.00014938583304135287, -0.7355584131466151], [0.002127976562486588, -0.9999949258750047, -0.0023706412619153433, 0.08499113667712804], [0.00014434123141628057, 0.0023709537592965122, -0.9999971788679605, 0.0016507636474354325], [0.0, 0.0, 0.0, 1.0]]}, "mean_rme": {"type": "float", "data": 0.0017357626981559834}, "max_rme": {"type": "float", "data": 0.006439662441795335}, "simu": {"type": "float", "data": 0.002}}, {"type": "dict", "image_number": {"type": "int", "data": 21}, "Hcamera2end": {"type": "ndarray", "data": [[0.9999946196491742, 0.002146077630483797, -0.0024809319835989176, -0.01788257261234997], [0.002479879958344414, 0.0004927305811017746, 0.999996803700875, 0.03085780821991857], [0.0021472932020356965, -0.9999975757807505, 0.0004874059151334098, 0.03449856273852425], [0.0, 0.0, 0.0, 1.0]]}, "Hobj2base": {"type": "ndarray", "data": [[0.9999974296144384, 0.002246796324994987, 0.0003044187745887954, -0.7371707233567375], [0.002247484449781321, -0.9999948768124356, -0.0022792899179204648, 0.08517095201466313], [0.00029929611478313314, 0.002279968235728679, -0.9999973560798447, 0.0020036961019507435], [0.0, 0.0, 0.0, 1.0]]}, "mean_rme": {"type": "float", "data": 0.0017585472610339079}, "max_rme": {"type": "float", "data": 0.0064651824450716044}, "simu": {"type": "float", "data": 0.002}}, {"type": "dict", "image_number": {"type": "int", "data": 22}, "Hcamera2end": {"type": "ndarray", "data": [[0.9999941128850638, 0.0024254279843182727, -0.0024272400596741044, -0.017890980450230687], [0.0024266774941803307, 0.00023486079642076607, 0.9999970280339565, 0.03190314129426793], [0.0024259908395621818, -0.9999970310653423, 0.00022897368226493242, 0.03455264761711115], [0.0, 0.0, 0.0, 1.0]]}, "Hobj2base": {"type": "ndarray", "data": [[0.9999967146592562, 0.0025233980920794288, 0.0004507025216360523, -0.7370408127365782], [0.002524440343616384, -0.9999941058793698, -0.0023271028064933163, 0.08514679995114384], [0.0004448276583590434, 0.0023282329327962386, -0.9999971907259368, 0.0009355330179475687], [0.0, 0.0, 0.0, 1.0]]}, "mean_rme": {"type": "float", "data": 0.001707289812878429}, "max_rme": {"type": "float", "data": 0.006392124808353328}, "simu": {"type": "float", "data": 0.002}}, {"type": "dict", "image_number": {"type": "int", "data": 23}, "Hcamera2end": {"type": "ndarray", "data": [[0.9999951932129456, 0.002129468249354494, -0.0022536450426973603, -0.017880874720555745], [0.0022536282919372375, 1.0265658376806819e-05, 0.999997460523845, 0.03277960323479358], [0.0021294859767707623, -0.9999977326272255, 5.46657913846893e-06, 0.03461368499611578], [0.0, 0.0, 0.0, 1.0]]}, "Hobj2base": {"type": "ndarray", "data": [[0.9999973331977569, 0.0022494950349780806, 0.0005228474559130053, -0.7369565563381315], [0.0022505851616245044, -0.9999952753634691, -0.0020938283526181108, 0.08530300058811123], [0.0005181349291655042, 0.002094999481518034, -0.9999976712539724, 5.761613909756626e-05], [0.0, 0.0, 0.0, 1.0]]}, "mean_rme": {"type": "float", "data": 0.0016598623878987069}, "max_rme": {"type": "float", "data": 0.006321100242669353}, "simu": {"type": "float", "data": 0.002}}, {"type": "dict", "image_number": {"type": "int", "data": 24}, "Hcamera2end": {"type": "ndarray", "data": [[0.9999943303830762, 0.002390801248980016, -0.0023713437311026022, -0.017874355337766386], [0.0023717112231731044, -0.0001508874069799937, 0.9999971761054449, 0.03322062217559507], [0.0023904366917027416, -0.9999971306470725, -0.0001565568416608265, 0.03364062598388652], [0.0, 0.0, 0.0, 1.0]]}, "Hobj2base": {"type": "ndarray", "data": [[0.9999965610888978, 0.0025292686262746, 0.0006932608415556357, -0.7358771174577275], [0.0025308247133333612, -0.9999942594863473, -0.0022529803863302225, 0.08505215440415542], [0.0006875584692755533, 0.0022547271602015545, -0.9999972217305324, -0.000352343766894421], [0.0, 0.0, 0.0, 1.0]]}, "mean_rme": {"type": "float", "data": 0.0017192307726218226}, "max_rme": {"type": "float", "data": 0.006289320756034444}, "simu": {"type": "float", "data": 0.002}}, {"type": "dict", "image_number": {"type": "int", "data": 25}, "Hcamera2end": {"type": "ndarray", "data": [[0.999994729738012, 0.0023222683066574743, -0.0022688248306712983, -0.017898147365381978], [0.0022694102490435865, -0.0002494849873704297, 0.9999973937637854, 0.03383618998634374], [0.002321696216543488, -0.9999972724098569, -0.0002547538520152326, 0.03380389040054657], [0.0, 0.0, 0.0, 1.0]]}, "Hobj2base": {"type": "ndarray", "data": [[0.9999967126067012, 0.0024597268968273326, 0.0007242371046528849, -0.7359517798656801], [0.0024612294428297057, -0.9999948056097421, -0.002081130260989912, 0.08512069590138685], [0.0007191143306039662, 0.002082905933181799, -0.999997572185779, -0.0009719293735689894], [0.0, 0.0, 0.0, 1.0]]}, "mean_rme": {"type": "float", "data": 0.001687021379084033}, "max_rme": {"type": "float", "data": 0.006340387447133805}, "simu": {"type": "float", "data": 0.002}}, {"type": "dict", "image_number": {"type": "int", "data": 26}, "Hcamera2end": {"type": "ndarray", "data": [[0.9999944879319722, 0.0024118808875258314, -0.0022818712183156004, -0.01793689766912116], [0.0022824631994908225, -0.00024271976752587854, 0.9999973657209588, 0.03390742407166629], [0.0024113206787069264, -0.9999970619545332, -0.0002482234590053256, 0.03381008046046883], [0.0, 0.0, 0.0, 1.0]]}, "Hobj2base": {"type": "ndarray", "data": [[0.9999965107606047, 0.0025424006014878324, 0.0007174021168761581, -0.7359570059548178], [0.0025439051565373867, -0.9999945504999039, -0.002104166592593112, 0.08505619151018963], [0.0007120485729826139, 0.002105984253596575, -0.9999975289055234, -0.0010449526430123173], [0.0, 0.0, 0.0, 1.0]]}, "mean_rme": {"type": "float", "data": 0.0016293956713383435}, "max_rme": {"type": "float", "data": 0.006339152149032086}, "simu": {"type": "float", "data": 0.002}}, {"type": "dict", "image_number": {"type": "int", "data": 27}, "Hcamera2end": {"type": "ndarray", "data": [[0.9999948374457922, 0.002379655112335315, -0.002159241373706161, -0.017947706952636814], [0.002159950711922584, -0.00029555481059517774, 0.9999976236273143, 0.034115149140639886], [0.0023790112832126693, -0.999997124940317, -0.00030069322253156727, 0.033974559450446876], [0.0, 0.0, 0.0, 1.0]]}, "Hobj2base": {"type": "ndarray", "data": [[0.9999966470062682, 0.002502344125749247, 0.0006665208904174067, -0.7361217570605495], [0.0025036326948945278, -0.9999949850505077, -0.0019395095165628256, 0.08506512556870024], [0.0006616642276031996, 0.0019411717368926528, -0.9999978970241581, -0.0012435665191054032], [0.0, 0.0, 0.0, 1.0]]}, "mean_rme": {"type": "float", "data": 0.0015897808836168408}, "max_rme": {"type": "float", "data": 0.006318633494898231}, "simu": {"type": "float", "data": 0.002}}, {"type": "dict", "image_number": {"type": "int", "data": 28}, "Hcamera2end": {"type": "ndarray", "data": [[0.9999952175187646, 0.0020909816270419926, -0.0022787574320238114, -0.01802821985459499], [0.002279613618098417, -0.0004071741711941801, 0.9999973187818786, 0.03410157159605728], [0.0020900481694954257, -0.9999977309999405, -0.0004119388540835267, 0.033714795696923205], [0.0, 0.0, 0.0, 1.0]]}, "Hobj2base": {"type": "ndarray", "data": [[0.9999972633972176, 0.0022452537835703276, 0.0006572925704584918, -0.7358646806943783], [0.0022465685165355574, -0.9999954637003281, -0.002006367031743398, 0.08503072638804476], [0.0006527847856131675, 0.002007838193908741, -0.9999977712264216, -0.0012031582306225288], [0.0, 0.0, 0.0, 1.0]]}, "mean_rme": {"type": "float", "data": 0.001591843425925056}, "max_rme": {"type": "float", "data": 0.006290124405780112}, "simu": {"type": "float", "data": 0.002}}, {"type": "dict", "image_number": {"type": "int", "data": 29}, "Hcamera2end": {"type": "ndarray", "data": [[0.9999961501572682, 0.0020944132363156535, -0.0018201933517743942, -0.018139546177887142], [0.0018208933828182123, -0.00033237901166738304, 0.999998286934273, 0.03377498982155703], [0.002093804654380814, -0.999997751476166, -0.0003361914352633111, 0.034085003908464404], [0.0, 0.0, 0.0, 1.0]]}, "Hobj2base": {"type": "ndarray", "data": [[0.9999974169279411, 0.002210004493773456, 0.0005310532770098623, -0.7363262267565872], [0.002210873221225829, -0.9999962097742137, -0.00164087684093898, 0.08521862567998933], [0.0005274249190058336, 0.0016420466939050455, -0.9999985127516993, -0.0008814732113222858], [0.0, 0.0, 0.0, 1.0]]}, "mean_rme": {"type": "float", "data": 0.0016193980055243958}, "max_rme": {"type": "float", "data": 0.006350594954255884}, "simu": {"type": "float", "data": 0.002}}, {"type": "dict", "image_number": {"type": "int", "data": 30}, "Hcamera2end": {"type": "ndarray", "data": [[0.9999956691853463, 0.002120796947574582, -0.0020405467058198187, -0.018128156980584023], [0.002041336396786404, -0.00037025785389066534, 0.9999978479251026, 0.034112705069254345], [0.002120036855016648, -0.9999976825620291, -0.00037458551037183874, 0.03467428195763369], [0.0, 0.0, 0.0, 1.0]]}, "Hobj2base": {"type": "ndarray", "data": [[0.9999972679850307, 0.0022800989961769915, 0.0005149476112489177, -0.7368728360326298], [0.0022810960927569595, -0.9999955085432717, -0.0019440920501529006, 0.08518993819240715], [0.000510512576051975, 0.0019452613838483123, -0.9999979776654844, -0.0012566656003430432], [0.0, 0.0, 0.0, 1.0]]}, "mean_rme": {"type": "float", "data": 0.0016266920685634523}, "max_rme": {"type": "float", "data": 0.0063237063683742045}, "simu": {"type": "float", "data": 0.002}}]}