{"type": "list", "data": [{"type": "dict", "image_number": {"type": "int", "data": 5}, "Hcamera2end": {"type": "ndarray", "data": [[0.9999964342182062, -0.0006782422666928177, -0.0025829321130237315, -0.013715674377537544], [0.002581777159600526, -0.001698252197445349, 0.9999952251716865, 0.01979196575285041], [-0.0006826254983392339, -0.9999983279620529, -0.0016964950714557503, 0.032124075603317606], [0.0, 0.0, 0.0, 1.0]]}, "Hobj2base": {"type": "ndarray", "data": [[0.9999969119090424, 0.0005500310444915938, 0.002423559000521623, -0.7331184787454902], [0.0005502536263742264, -0.9999998444540128, -9.117508773621106e-05, 0.08991491730579107], [0.002423508474418007, 9.250837830801599e-05, -0.9999970590201124, 0.0006489450526148243], [0.0, 0.0, 0.0, 1.0]]}, "mean_rme": {"type": "float", "data": 0.001511557625109497}, "max_rme": {"type": "float", "data": 0.004031984429514773}, "simu": {"type": "float", "data": 0.002}}, {"type": "dict", "image_number": {"type": "int", "data": 6}, "Hcamera2end": {"type": "ndarray", "data": [[0.9999967445277822, -0.0005259423526995652, -0.0024968617260716698, -0.013912911111768449], [0.0024960453552483903, -0.001547184980914773, 0.9999956879788131, 0.02011216319092409], [-0.0005298031917869957, -0.999998664800747, -0.0015458671681303215, 0.0323413555834195], [0.0, 0.0, 0.0, 1.0]]}, "Hobj2base": {"type": "ndarray", "data": [[0.9999964737802408, 0.0006419180565814147, 0.0025768912070288402, -0.7334827315146891], [0.0006412764494320702, -0.9999997631813382, 0.0002498034884439607, 0.08986826826499839], [0.0025770509501427427, -0.00024815010793814766, -0.9999966486093463, 0.0007834813366866719], [0.0, 0.0, 0.0, 1.0]]}, "mean_rme": {"type": "float", "data": 0.0014589592810645765}, "max_rme": {"type": "float", "data": 0.0041294141334921874}, "simu": {"type": "float", "data": 0.002}}, {"type": "dict", "image_number": {"type": "int", "data": 7}, "Hcamera2end": {"type": "ndarray", "data": [[0.9999960932360858, -0.0004619965139899206, -0.0027568227702610484, -0.013686819843366334], [0.002756346875470974, -0.0010275732898428203, 0.999995673313158, 0.019991862041644652], [-0.0004648273525192329, -0.9999993653259761, -0.0010262958527087473, 0.03209301631770369], [0.0, 0.0, 0.0, 1.0]]}, "Hobj2base": {"type": "ndarray", "data": [[0.9999972976335503, 0.0005073711590801528, 0.0022687662073302218, -0.7334965962557219], [0.0005066986737674136, -0.9999998275311046, 0.00029697510934135264, 0.08986027815074205], [0.0022689164926440637, -0.00029582472597743825, -0.9999973822494146, 0.0006415091507732752], [0.0, 0.0, 0.0, 1.0]]}, "mean_rme": {"type": "float", "data": 0.0013704874680911803}, "max_rme": {"type": "float", "data": 0.004113838037814066}, "simu": {"type": "float", "data": 0.002}}, {"type": "dict", "image_number": {"type": "int", "data": 8}, "Hcamera2end": {"type": "ndarray", "data": [[0.9999958072912374, -0.0003552881915649213, -0.0028738772150725105, -0.013798651377655125], [0.002873381291844508, -0.0013885518882983394, 0.9999949077888372, 0.020289417806714335], [-0.0003592769099961528, -0.9999989728464497, -0.0013875251880617334, 0.03219443841133784], [0.0, 0.0, 0.0, 1.0]]}, "Hobj2base": {"type": "ndarray", "data": [[0.9999964549241057, 0.0008503302089773986, 0.0025233069089483835, -0.7336869205560943], [0.0008491409504318458, -0.9999995279255618, 0.0004723434122440578, 0.08970470741851849], [0.0025237073656321353, -0.00047019909452391753, -0.9999967049015428, 0.0006401357196875457], [0.0, 0.0, 0.0, 1.0]]}, "mean_rme": {"type": "float", "data": 0.0014007789738171444}, "max_rme": {"type": "float", "data": 0.003989318624912003}, "simu": {"type": "float", "data": 0.002}}, {"type": "dict", "image_number": {"type": "int", "data": 9}, "Hcamera2end": {"type": "ndarray", "data": [[0.9999958589693169, -0.00035260404273423267, -0.0028561713196587706, -0.013908655676183683], [0.0028557016307349556, -0.001325451229636343, 0.9999950440613364, 0.020320169371930385], [-0.00035638801103791756, -0.9999990594242713, -0.0013244388089623804, 0.03211059553266897], [0.0, 0.0, 0.0, 1.0]]}, "Hobj2base": {"type": "ndarray", "data": [[0.9999965835575124, 0.0007939282329866338, 0.0024904921730269235, -0.7337738872073852], [0.0007925049065302284, -0.999999522124724, 0.0005724389020800309, 0.08978909057693134], [0.00249094545828831, -0.0005704632191086453, -0.9999967348758891, 0.0005956078786131987], [0.0, 0.0, 0.0, 1.0]]}, "mean_rme": {"type": "float", "data": 0.0013746411435789278}, "max_rme": {"type": "float", "data": 0.00413783854472799}, "simu": {"type": "float", "data": 0.002}}, {"type": "dict", "image_number": {"type": "int", "data": 10}, "Hcamera2end": {"type": "ndarray", "data": [[0.9999956407874833, -0.00032724635403791704, -0.00293450436266654, -0.013902183230530213], [0.0029339803911359015, -0.0015903006987891821, 0.9999944313358708, 0.020221187503424647], [-0.00033191127605143285, -0.9999986819258868, -0.0015893336319448004, 0.032188513493775876], [0.0, 0.0, 0.0, 1.0]]}, "Hobj2base": {"type": "ndarray", "data": [[0.9999965429526325, 0.0008883924339873423, 0.002474841745848843, -0.7336156831349963], [0.000887209625084896, -0.9999994917136967, 0.00047899000912985474, 0.08970689689072957], [0.002475266019020748, -0.00047679264982122566, -0.9999968228584049, 0.0007483363587644842], [0.0, 0.0, 0.0, 1.0]]}, "mean_rme": {"type": "float", "data": 0.0013129918126816211}, "max_rme": {"type": "float", "data": 0.0040200313775112795}, "simu": {"type": "float", "data": 0.002}}, {"type": "dict", "image_number": {"type": "int", "data": 11}, "Hcamera2end": {"type": "ndarray", "data": [[0.9999956226087798, -0.00034556012385130916, -0.002938596855578456, -0.014092119119944048], [0.002938031157313601, -0.001626315985269411, 0.999994361518721, 0.020192337270782165], [-0.0003503372624575104, -0.9999986178413032, -0.0016252935998375406, 0.03231885351445845], [0.0, 0.0, 0.0, 1.0]]}, "Hobj2base": {"type": "ndarray", "data": [[0.9999964068872865, 0.0009386739565162783, 0.00251099655911954, -0.7336489484937526], [0.0009374323958851991, -0.9999994378100208, 0.0004955806146875895, 0.08984207682534472], [0.002511460336078798, -0.0004932249444901074, -0.9999967246427033, 0.0008480405283534412], [0.0, 0.0, 0.0, 1.0]]}, "mean_rme": {"type": "float", "data": 0.0013163690886983117}, "max_rme": {"type": "float", "data": 0.003932004963541624}, "simu": {"type": "float", "data": 0.002}}, {"type": "dict", "image_number": {"type": "int", "data": 12}, "Hcamera2end": {"type": "ndarray", "data": [[0.9999940644834613, -0.0005754027495286924, -0.0033970442332850598, -0.014231823641823927], [0.0033963206666068795, -0.0012538396981673916, 0.9999934464244956, 0.020375824412910765], [-0.0005796583274994512, -0.9999990483983906, -0.001251878003731166, 0.032453599895792204], [0.0, 0.0, 0.0, 1.0]]}, "Hobj2base": {"type": "ndarray", "data": [[0.9999969211777459, 0.0006136073021631471, 0.0024043962044110216, -0.7340839607187336], [0.000613610355713487, -0.999999811741006, -5.323042069121833e-07, 0.08963120590877173], [0.0024043954251360636, 2.0076649783069504e-06, -0.9999971094351265, 0.001147878817439903], [0.0, 0.0, 0.0, 1.0]]}, "mean_rme": {"type": "float", "data": 0.00138035793905795}, "max_rme": {"type": "float", "data": 0.0040670569649546295}, "simu": {"type": "float", "data": 0.002}}, {"type": "dict", "image_number": {"type": "int", "data": 13}, "Hcamera2end": {"type": "ndarray", "data": [[0.9999929575109561, -0.0008972083877290182, -0.003644165967704443, -0.014245042122721189], [0.003643343553333337, -0.000916571354748541, 0.999992942947451, 0.020458445873154325], [-0.0009005421942202257, -0.9999991774566921, -0.00091329606140933, 0.03244633989439947], [0.0, 0.0, 0.0, 1.0]]}, "Hobj2base": {"type": "ndarray", "data": [[0.9999974252841267, 0.00019226611908519688, 0.002261074712815852, -0.7344070604070154], [0.0001928283052566746, -0.9999999505520409, -0.00024842133581998356, 0.08960431737592314], [0.0022610268380041866, 0.0002488566954105579, -0.9999974129106448, 0.0012501315806072082], [0.0, 0.0, 0.0, 1.0]]}, "mean_rme": {"type": "float", "data": 0.0013726554303882196}, "max_rme": {"type": "float", "data": 0.004237983217400321}, "simu": {"type": "float", "data": 0.002}}, {"type": "dict", "image_number": {"type": "int", "data": 14}, "Hcamera2end": {"type": "ndarray", "data": [[0.9999949988458036, -0.0005478046140934109, -0.0031148344235559142, -0.014204418155444546], [0.0031141248533769613, -0.0012914156981154168, 0.9999943172197989, 0.020310167328777363], [-0.0005518240471118069, -0.9999990160773156, -0.0012897033075829345, 0.03244916301705428], [0.0, 0.0, 0.0, 1.0]]}, "Hobj2base": {"type": "ndarray", "data": [[0.9999967682981912, 0.0006854528495137956, 0.0024481722906948902, -0.7340660149241467], [0.0006849768426713769, -0.9999997463387813, 0.00019526673524244897, 0.0898380058966309], [0.002448305515828611, -0.00019358916287259172, -0.999996984157121, 0.0010791270593395383], [0.0, 0.0, 0.0, 1.0]]}, "mean_rme": {"type": "float", "data": 0.001364392040066095}, "max_rme": {"type": "float", "data": 0.004060175309457292}, "simu": {"type": "float", "data": 0.002}}, {"type": "dict", "image_number": {"type": "int", "data": 15}, "Hcamera2end": {"type": "ndarray", "data": [[0.9999948797222203, -0.0005441784773398003, -0.0031534741360872125, -0.01433272863884155], [0.003152842607835841, -0.0011574983540101336, 0.9999943598746199, 0.02027593133121251], [-0.0005478255492268934, -0.9999991820333383, -0.0011557767182075462, 0.03254267906348823], [0.0, 0.0, 0.0, 1.0]]}, "Hobj2base": {"type": "ndarray", "data": [[0.9999966131416694, 0.0006243361944722797, 0.002526639963773114, -0.7341315960543857], [0.0006240270425970419, -0.999999797712954, 0.00012314341408446643, 0.08998719613762435], [0.002526716335557104, -0.00012156630535086775, -0.9999968004579776, 0.0011389907719173032], [0.0, 0.0, 0.0, 1.0]]}, "mean_rme": {"type": "float", "data": 0.001371216858825545}, "max_rme": {"type": "float", "data": 0.003957213357836942}, "simu": {"type": "float", "data": 0.002}}, {"type": "dict", "image_number": {"type": "int", "data": 16}, "Hcamera2end": {"type": "ndarray", "data": [[0.999992317335871, 2.0264016343636603e-05, -0.003919803388477684, -0.014483987005849228], [0.003919829695719104, -0.0015223444184233603, 0.9999911586622293, 0.020242796058851858], [1.429654637285691e-05, -0.9999988410277488, -0.0015224121542556368, 0.032727898851427135], [0.0, 0.0, 0.0, 1.0]]}, "Hobj2base": {"type": "ndarray", "data": [[0.9999954806224695, 0.0012946020461115637, 0.002713436967869172, -0.7339572377342684], [0.0012964460586995495, -0.9999989298140461, -0.0006779368548105658, 0.08959400608213623], [0.00271255640554767, 0.0006814516156205007, -0.9999960888230723, 0.0014364461484201], [0.0, 0.0, 0.0, 1.0]]}, "mean_rme": {"type": "float", "data": 0.0014385329188665256}, "max_rme": {"type": "float", "data": 0.003982566243008329}, "simu": {"type": "float", "data": 0.002}}, {"type": "dict", "image_number": {"type": "int", "data": 17}, "Hcamera2end": {"type": "ndarray", "data": [[0.9999904941267194, 0.000289111614914002, -0.00435064026019869, -0.014534597023873951], [0.004351109472432016, -0.0016426335347039522, 0.9999891847422296, 0.020228317329607004], [0.0002819619805085262, -0.9999986090838048, -0.0016438758763239747, 0.03255029579710867], [0.0, 0.0, 0.0, 1.0]]}, "Hobj2base": {"type": "ndarray", "data": [[0.9999949609074453, 0.0015875636473468085, 0.0027491455731789324, -0.733835920390789], [0.0015904674700245164, -0.9999981793254642, -0.0010543998214965725, 0.08937999876872607], [0.002747466641053215, 0.0010587669348827852, -0.9999956652104218, 0.0013707912784457293], [0.0, 0.0, 0.0, 1.0]]}, "mean_rme": {"type": "float", "data": 0.001450866149527902}, "max_rme": {"type": "float", "data": 0.003854870867972371}, "simu": {"type": "float", "data": 0.002}}, {"type": "dict", "image_number": {"type": "int", "data": 18}, "Hcamera2end": {"type": "ndarray", "data": [[0.9999891565513164, -4.183464828247819e-05, -0.004656718764217193, -0.014544985862659416], [0.004656649695495231, -0.0015221541665391136, 0.9999879992581444, 0.020130099123501576], [-4.892239010501759e-05, -0.9999988406476057, -0.0015219428518362665, 0.03256046738488041], [0.0, 0.0, 0.0, 1.0]]}, "Hobj2base": {"type": "ndarray", "data": [[0.9999955209073497, 0.0012375550778562874, 0.002725183052135817, -0.7337945519628442], [0.0012409473801422112, -0.9999984569283704, -0.0012434590774034855, 0.08939094433207738], [0.002723639997887817, 0.0012468353166040266, -0.9999955135833634, 0.0014462985552731208], [0.0, 0.0, 0.0, 1.0]]}, "mean_rme": {"type": "float", "data": 0.0014266875927514907}, "max_rme": {"type": "float", "data": 0.003870456910168185}, "simu": {"type": "float", "data": 0.002}}, {"type": "dict", "image_number": {"type": "int", "data": 19}, "Hcamera2end": {"type": "ndarray", "data": [[0.9999843501783823, 0.00011453000202713047, -0.0055934140913354545, -0.014587770490980086], [0.005593597399347993, -0.00166818386887857, 0.9999829642702488, 0.020055590226879853], [0.00010519720776584448, -0.9999986020217521, -0.0016687983968199926, 0.03238872762775451], [0.0, 0.0, 0.0, 1.0]]}, "Hobj2base": {"type": "ndarray", "data": [[0.9999951507346089, 0.0014368028570985285, 0.0027629883851799436, -0.7336097272586696], [0.0014426513021551799, -0.9999967208923888, -0.0021158831937775186, 0.08897509469126462], [0.0027599392180255944, 0.002119858962090095, -0.9999939444484118, 0.0015180675126976301], [0.0, 0.0, 0.0, 1.0]]}, "mean_rme": {"type": "float", "data": 0.0014200851241899586}, "max_rme": {"type": "float", "data": 0.0037185746750574844}, "simu": {"type": "float", "data": 0.002}}, {"type": "dict", "image_number": {"type": "int", "data": 20}, "Hcamera2end": {"type": "ndarray", "data": [[0.9999845578653319, -8.497862167411267e-05, -0.005556690517789497, -0.014510131324301326], [0.005556549915985891, -0.001573832410768805, 0.9999833237632385, 0.019796474991787986], [-9.372250418400712e-05, -0.9999987579143168, -0.0015733359194836094, 0.0334103562742287], [0.0, 0.0, 0.0, 1.0]]}, "Hobj2base": {"type": "ndarray", "data": [[0.9999955349316988, 0.0012117652577039331, 0.0027316188653973943, -0.7347201014952135], [0.001217351710361127, -0.9999971692933705, -0.002044372778848889, 0.08914210732248518], [0.0027291338330785583, 0.002047688991482645, -0.9999941793822176, 0.0016692121590064946], [0.0, 0.0, 0.0, 1.0]]}, "mean_rme": {"type": "float", "data": 0.001417561488278445}, "max_rme": {"type": "float", "data": 0.0037273467652174097}, "simu": {"type": "float", "data": 0.002}}, {"type": "dict", "image_number": {"type": "int", "data": 21}, "Hcamera2end": {"type": "ndarray", "data": [[0.9999845023407706, -0.00022242541028522338, -0.00556287742253668, -0.014474572299938968], [0.0055625934612210295, -0.0012575217110362136, 0.9999837379643388, 0.01955436803948803], [-0.00022941723232994173, -0.9999991845827092, -0.0012562649602603226, 0.034505486855549695], [0.0, 0.0, 0.0, 1.0]]}, "Hobj2base": {"type": "ndarray", "data": [[0.9999964107636926, 0.0009421465741103127, 0.0025081506264823627, -0.7359863803048194], [0.0009472024054484379, -0.9999975206100846, -0.0020153365193480354, 0.08933082739194047], [0.002506245665401611, 0.0020177050121356595, -0.9999948237861775, 0.0018320812674315914], [0.0, 0.0, 0.0, 1.0]]}, "mean_rme": {"type": "float", "data": 0.0014064919706246763}, "max_rme": {"type": "float", "data": 0.0037136641630293177}, "simu": {"type": "float", "data": 0.002}}, {"type": "dict", "image_number": {"type": "int", "data": 22}, "Hcamera2end": {"type": "ndarray", "data": [[0.9999842312069287, -0.00046753670398520537, -0.005596315477005721, -0.014422815116984618], [0.0055958524900207385, -0.0009857764598275587, 0.9999838572095459, 0.018223184495934353], [-0.0004730458726971633, -0.9999994048269238, -0.0009831446488934859, 0.03518678502465951], [0.0, 0.0, 0.0, 1.0]]}, "Hobj2base": {"type": "ndarray", "data": [[0.9999968804085784, 0.0006184406504484305, 0.002420062865582362, -0.7369391208119374], [0.0006232364482629662, -0.9999978427513379, -0.001981431048721981, 0.0900741659870296], [0.0024188322473983914, 0.001982933138851597, -0.9999951086014003, 0.0029273021754127122], [0.0, 0.0, 0.0, 1.0]]}, "mean_rme": {"type": "float", "data": 0.0014187486371339837}, "max_rme": {"type": "float", "data": 0.004349606569991699}, "simu": {"type": "float", "data": 0.002}}, {"type": "dict", "image_number": {"type": "int", "data": 23}, "Hcamera2end": {"type": "ndarray", "data": [[0.9999846152263837, -0.0005000122141300212, -0.005524427420735589, -0.014435830901060483], [0.005523857797499112, -0.0011335189638967957, 0.9999841009385058, 0.01808964341520411], [-0.000506266307651155, -0.9999992325609777, -0.001130739528596214, 0.03500683697530015], [0.0, 0.0, 0.0, 1.0]]}, "Hobj2base": {"type": "ndarray", "data": [[0.999996471276349, 0.0006769199870766683, 0.0025688935713846913, -0.73670387015549], [0.0006817812362780415, -0.9999979778521288, -0.0018919476736013957, 0.09018656279441747], [0.00256760767950726, 0.0018936924208758591, -0.9999949106469592, 0.0029954484436069697], [0.0, 0.0, 0.0, 1.0]]}, "mean_rme": {"type": "float", "data": 0.0013769570447591435}, "max_rme": {"type": "float", "data": 0.004308284860760042}, "simu": {"type": "float", "data": 0.002}}, {"type": "dict", "image_number": {"type": "int", "data": 24}, "Hcamera2end": {"type": "ndarray", "data": [[0.9999843175799813, -0.0004979587284249234, -0.00557822832123115, -0.014345122905215321], [0.0055774504642202285, -0.0015500466611118036, 0.9999832445604614, 0.01809738199329374], [-0.0005065968990918004, -0.9999986746953483, -0.001547245012488041, 0.03580050688347221], [0.0, 0.0, 0.0, 1.0]]}, "Hobj2base": {"type": "ndarray", "data": [[0.9999955316466406, 0.0008589637615690183, 0.002863366551625032, -0.7373394495419352], [0.0008644821729687923, -0.9999977705051979, -0.0019265656505147513, 0.09004928653840037], [0.0028617053176861135, 0.0019290323712772097, -0.9999940447206597, 0.0028957805484905084], [0.0, 0.0, 0.0, 1.0]]}, "mean_rme": {"type": "float", "data": 0.001393540969780696}, "max_rme": {"type": "float", "data": 0.0042469701343305355}, "simu": {"type": "float", "data": 0.002}}, {"type": "dict", "image_number": {"type": "int", "data": 25}, "Hcamera2end": {"type": "ndarray", "data": [[0.9999847451780831, -0.000802213683774605, -0.005464967001713924, -0.014394600058227548], [0.005463669400026122, -0.001610902744169751, 0.9999837765229173, 0.018569250933159205], [-0.0008110041994191502, -0.999998380721466, -0.0016064951397789518, 0.035692753258486254], [0.0, 0.0, 0.0, 1.0]]}, "Hobj2base": {"type": "ndarray", "data": [[0.9999953298953409, 0.0006004939693913877, 0.0029965971536097774, -0.7371660210141252], [0.0006058592694343767, -0.9999982146344113, -0.0017898777990895713, 0.08996068341885773], [0.0029955169927640348, 0.0017916849563351979, -0.9999939083529277, 0.0024255834080189453], [0.0, 0.0, 0.0, 1.0]]}, "mean_rme": {"type": "float", "data": 0.0014057743427241978}, "max_rme": {"type": "float", "data": 0.004412411949339251}, "simu": {"type": "float", "data": 0.002}}, {"type": "dict", "image_number": {"type": "int", "data": 26}, "Hcamera2end": {"type": "ndarray", "data": [[0.9999857858392839, -0.0008620114887059192, -0.00526165901434397, -0.01445689417201718], [0.005261497875502721, -0.00018909474440631513, 0.9999861403455965, 0.018627901127040027], [-0.0008629944935910662, -0.9999996105896094, -0.0001845565849667441, 0.034123799418581936], [0.0, 0.0, 0.0, 1.0]]}, "Hobj2base": {"type": "ndarray", "data": [[0.9999984643691874, -0.00019692685805319362, 0.0017414014699543394, -0.7362725326462071], [-0.00019424136197034869, -0.9999987919731104, -0.0015421811220798155, 0.09022259067028005], [0.0017417030631774583, 0.0015418405016657047, -0.999997294595494, 0.002769114528256306], [0.0, 0.0, 0.0, 1.0]]}, "mean_rme": {"type": "float", "data": 0.001476762817142972}, "max_rme": {"type": "float", "data": 0.005195289734222841}, "simu": {"type": "float", "data": 0.002}}, {"type": "dict", "image_number": {"type": "int", "data": 27}, "Hcamera2end": {"type": "ndarray", "data": [[0.9999853870993242, -0.0009954714480352525, -0.005313626295748509, -0.014451714233733592], [0.0053134748813235206, -0.00015468626201498026, 0.9999858714286146, 0.01841539362931493], [-0.0009962793284352717, -0.9999994925542494, -0.00014939458906582104, 0.033928600583803835], [0.0, 0.0, 0.0, 1.0]]}, "Hobj2base": {"type": "ndarray", "data": [[0.9999983739804387, -0.0003312743142509326, 0.0017726516316984029, -0.7361199091796865], [-0.0003284845835972412, -0.9999987075915935, -0.001573821152703543, 0.09034085928577998], [0.001773170707231648, 0.0015732363049064612, -0.9999971903926388, 0.0029758950507331483], [0.0, 0.0, 0.0, 1.0]]}, "mean_rme": {"type": "float", "data": 0.0014515470039604846}, "max_rme": {"type": "float", "data": 0.005139416147657672}, "simu": {"type": "float", "data": 0.002}}, {"type": "dict", "image_number": {"type": "int", "data": 28}, "Hcamera2end": {"type": "ndarray", "data": [[0.9999850436700304, -0.0008017841442151358, -0.005410136637237472, -0.014435661971756246], [0.0054098759714651026, -0.00032692014672908165, 0.9999853130747429, 0.01893917382484681], [-0.0008035410511346053, -0.999999625132632, -0.00032257770442734035, 0.033433622780395314], [0.0, 0.0, 0.0, 1.0]]}, "Hobj2base": {"type": "ndarray", "data": [[0.9999984004004273, -6.405448437393134e-05, 0.0017874824781265743, -0.7355001832688578], [-6.107137469329375e-05, -0.9999986055312655, -0.0016688935891182779, 0.08993484922861028], [0.0017875868856564708, 0.0016687817555446267, -0.9999970098458189, 0.002616906727805697], [0.0, 0.0, 0.0, 1.0]]}, "mean_rme": {"type": "float", "data": 0.0015094939253432812}, "max_rme": {"type": "float", "data": 0.004946908281037499}, "simu": {"type": "float", "data": 0.002}}, {"type": "dict", "image_number": {"type": "int", "data": 29}, "Hcamera2end": {"type": "ndarray", "data": [[0.9999865983964037, -0.0008426338848976649, -0.005108130355199761, -0.014417833628719694], [0.005107999896695737, -0.0001569018009972556, 0.9999869417741817, 0.018606681666877255], [-0.0008434243564465725, -0.9999996326749131, -0.00015259552446456048, 0.033701929764272484], [0.0, 0.0, 0.0, 1.0]]}, "Hobj2base": {"type": "ndarray", "data": [[0.9999986494548169, -0.00019756440515254873, 0.0016315810884235335, -0.7359010137259892], [-0.00019528120490843956, -0.9999990017443421, -0.0013994197264327512, 0.09028339749740748], [0.0016318559352142918, 0.0013990992193323273, -0.9999976897811222, 0.0028398524262903467], [0.0, 0.0, 0.0, 1.0]]}, "mean_rme": {"type": "float", "data": 0.0014945886022742789}, "max_rme": {"type": "float", "data": 0.0049922501955673715}, "simu": {"type": "float", "data": 0.002}}, {"type": "dict", "image_number": {"type": "int", "data": 30}, "Hcamera2end": {"type": "ndarray", "data": [[0.9999856921015282, -0.0006445336679183808, -0.005310383091513633, -0.01443870410433561], [0.0053103007115577906, -0.00012945738900671522, 0.9999858918740492, 0.01862706228573475], [-0.0006452120430858656, -0.9999997839085444, -0.0001260328691481405, 0.03328967317954541], [0.0, 0.0, 0.0, 1.0]]}, "Hobj2base": {"type": "ndarray", "data": [[0.9999988533591158, 3.892960266793756e-06, 0.0015143530957169257, -0.7354953006339829], [6.371743438088266e-06, -0.9999986603266378, -0.0016368580666549525, 0.0901304183088601], [0.0015143446947550065, 0.0016368658388359724, -0.9999975137120947, 0.002934070413825568], [0.0, 0.0, 0.0, 1.0]]}, "mean_rme": {"type": "float", "data": 0.0014851710843441165}, "max_rme": {"type": "float", "data": 0.004848697668108193}, "simu": {"type": "float", "data": 0.002}}]}