{"type": "list", "data": [{"type": "dict", "image_number": {"type": "int", "data": 5}, "Hcamera2end": {"type": "ndarray", "data": [[0.9999968589242978, 0.0020117306994535526, -0.0014950187727553123, -0.017454306427425265], [0.0014947087699057572, 0.000155592244208691, 0.9999988708177356, 0.027965216343241492], [0.0020119610411689134, -0.9999979643632511, 0.00015258480396251883, 0.038789550012709], [0.0, 0.0, 0.0, 1.0]]}, "Hobj2base": {"type": "ndarray", "data": [[0.9999946265897786, 0.002350364671657227, 0.002285295928210543, -0.7413780966401846], [0.002348733697132954, -0.9999969853179724, 0.0007161040334394265, 0.08790984493521674], [0.0022869721443914076, -0.0007107326339641849, -0.999997132304655, 0.0026837586436538998], [0.0, 0.0, 0.0, 1.0]]}, "mean_rme": {"type": "float", "data": 0.0014437142706951133}, "max_rme": {"type": "float", "data": 0.002690004819144276}, "simu": {"type": "float", "data": 0.002}}, {"type": "dict", "image_number": {"type": "int", "data": 6}, "Hcamera2end": {"type": "ndarray", "data": [[0.999997087191009, 0.0015821709496865006, -0.001822729980983341, -0.01731698157034029], [0.0018227124084251028, 1.254846396536724e-05, 0.9999983387796263, 0.027552390882261336], [0.0015821911938133692, -0.9999987482880277, 9.664584791790887e-06, 0.03905625216309901], [0.0, 0.0, 0.0, 1.0]]}, "Hobj2base": {"type": "ndarray", "data": [[0.9999953301773615, 0.0020823104961895677, 0.0022368742627024893, -0.7410034381979093], [0.0020811378428059794, -0.9999976958618819, 0.0005264372776094775, 0.08764634380087187], [0.0022379653145039855, -0.0005217795755630521, -0.9999973596251774, 0.0031316787098371137], [0.0, 0.0, 0.0, 1.0]]}, "mean_rme": {"type": "float", "data": 0.0014937870760527304}, "max_rme": {"type": "float", "data": 0.002946463824957307}, "simu": {"type": "float", "data": 0.002}}, {"type": "dict", "image_number": {"type": "int", "data": 7}, "Hcamera2end": {"type": "ndarray", "data": [[0.9999973767550635, 0.0019258859223174607, -0.0012399380652948163, -0.017894428629977175], [0.0012393741013566727, 0.00029399936066110133, 0.9999991887577773, 0.02785952335657582], [0.0019262489009559403, -0.9999981022620943, 0.000291611696294547, 0.038833708081060854], [0.0, 0.0, 0.0, 1.0]]}, "Hobj2base": {"type": "ndarray", "data": [[0.9999955868962866, 0.00227254123156018, 0.0019135684733080469, -0.7411895152149243], [0.002271586321060605, -0.999997294420357, 0.0005010464572774483, 0.08763305556214133], [0.0019147019447292297, -0.0004966974101390878, -0.9999980436021592, 0.002618950496217457], [0.0, 0.0, 0.0, 1.0]]}, "mean_rme": {"type": "float", "data": 0.0016413217669803686}, "max_rme": {"type": "float", "data": 0.0032211991800525364}, "simu": {"type": "float", "data": 0.002}}, {"type": "dict", "image_number": {"type": "int", "data": 8}, "Hcamera2end": {"type": "ndarray", "data": [[0.9999974580999667, 0.0018861861024867452, -0.0012353524161774977, -0.018329588248104565], [0.0012351838498552588, 9.05311503494044e-05, 0.9999992330621899, 0.027775501915427714], [0.0018862964937746297, -0.9999982170514594, 8.820113361662774e-05, 0.03856903914240864], [0.0, 0.0, 0.0, 1.0]]}, "Hobj2base": {"type": "ndarray", "data": [[0.9999949043875185, 0.00236320880928523, 0.0021462625938076492, -0.7410744633129345], [0.0023624594122030125, -0.9999971475662033, 0.00035163188576541434, 0.08718199457609635], [0.0021470874513057564, -0.00034655963571978814, -0.9999976349531512, 0.0024295999632697463], [0.0, 0.0, 0.0, 1.0]]}, "mean_rme": {"type": "float", "data": 0.0016784769808424497}, "max_rme": {"type": "float", "data": 0.0036526958728452796}, "simu": {"type": "float", "data": 0.002}}, {"type": "dict", "image_number": {"type": "int", "data": 9}, "Hcamera2end": {"type": "ndarray", "data": [[0.9999987903905625, 0.0012625183238372504, -0.0009084409137372943, -0.01838016158363122], [0.0009082270242388622, 0.000169977967849122, 0.9999995731154904, 0.027925335246804593], [0.0012626721998281628, -0.999999188577157, 0.000168831108981915, 0.03878420233734768], [0.0, 0.0, 0.0, 1.0]]}, "Hobj2base": {"type": "ndarray", "data": [[0.9999962204787692, 0.001882261399025861, 0.002004025998479761, -0.7409664015918923], [0.0018819588758827673, -0.999998217434882, 0.00015283274435579848, 0.08741160523747622], [0.002004310097348129, -0.00014906067220585759, -0.9999979802589352, 0.0022887427199857788], [0.0, 0.0, 0.0, 1.0]]}, "mean_rme": {"type": "float", "data": 0.0016007263841607438}, "max_rme": {"type": "float", "data": 0.0037065732686153985}, "simu": {"type": "float", "data": 0.002}}, {"type": "dict", "image_number": {"type": "int", "data": 10}, "Hcamera2end": {"type": "ndarray", "data": [[0.9999990147924052, 0.0012821029346778224, -0.0005715122781033625, -0.018639656952694802], [0.0005715490062803152, -2.828061426751738e-05, 0.9999998362659567, 0.02811703654263041], [0.001282086562035639, -0.9999991777057978, -2.9013371063424387e-05, 0.03882083698216631], [0.0, 0.0, 0.0, 1.0]]}, "Hobj2base": {"type": "ndarray", "data": [[0.9999960952162436, 0.0018918448752254925, 0.0020568119101484197, -0.740858435646302], [0.001890722007493342, -0.999998062577141, 0.0005477337444750962, 0.08768718919815825], [0.0020578441525114814, -0.0005438427461494758, -0.9999977347536901, 0.0019771690622162053], [0.0, 0.0, 0.0, 1.0]]}, "mean_rme": {"type": "float", "data": 0.001668053930607673}, "max_rme": {"type": "float", "data": 0.004094560890167104}, "simu": {"type": "float", "data": 0.002}}, {"type": "dict", "image_number": {"type": "int", "data": 11}, "Hcamera2end": {"type": "ndarray", "data": [[0.99999770629886, 0.0015451228355103908, -0.0014832371496555563, -0.018336185949767624], [0.0014838921426199923, -0.0004228498503877631, 0.9999988096303478, 0.0282505473200887], [0.001544493809636237, -0.9999987168958901, -0.0004251416761316129, 0.03903693575299966], [0.0, 0.0, 0.0, 1.0]]}, "Hobj2base": {"type": "ndarray", "data": [[0.9999953313737086, 0.00218683607094376, 0.002134239627035387, -0.7407753348065241], [0.002187122941012838, -0.9999975995200436, -0.0001320885724345242, 0.08770912221499988], [0.0021339456477811815, 0.00013675580021224988, -0.9999977137842981, 0.002041691842684268], [0.0, 0.0, 0.0, 1.0]]}, "mean_rme": {"type": "float", "data": 0.0017159327936991605}, "max_rme": {"type": "float", "data": 0.003840716973728224}, "simu": {"type": "float", "data": 0.002}}, {"type": "dict", "image_number": {"type": "int", "data": 12}, "Hcamera2end": {"type": "ndarray", "data": [[0.9999977855783347, 0.0018703392445226124, -0.0009647121525434252, -0.018075229682369715], [0.0009655148937916947, -0.0004283401289795208, 0.9999994421527063, 0.028332821382936475], [0.001869924976231078, -0.9999981591762279, -0.00043014502085081396, 0.03895468246327991], [0.0, 0.0, 0.0, 1.0]]}, "Hobj2base": {"type": "ndarray", "data": [[0.9999946688226792, 0.0025059221943760047, 0.0020934851745117718, -0.7409540542608318], [0.0025052478052656115, -0.9999968091474547, 0.00032469730893728963, 0.08803897048654784], [0.0020942921607021952, -0.0003194508787795584, -0.9999977559432225, 0.0021004087145626064], [0.0, 0.0, 0.0, 1.0]]}, "mean_rme": {"type": "float", "data": 0.0017305899364019853}, "max_rme": {"type": "float", "data": 0.0038630440436842398}, "simu": {"type": "float", "data": 0.002}}, {"type": "dict", "image_number": {"type": "int", "data": 13}, "Hcamera2end": {"type": "ndarray", "data": [[0.9999953843434354, 0.0020308105393820886, -0.0022598894614631647, -0.018426489831043377], [0.0022607289499308363, -0.00041117562411474573, 0.9999973600161258, 0.02814220478603593], [0.0020298759666152666, -0.9999978533692757, -0.00041576483844751877, 0.0388228650571153], [0.0, 0.0, 0.0, 1.0]]}, "Hobj2base": {"type": "ndarray", "data": [[0.999994252387216, 0.002706561874171364, 0.0020419880887000736, -0.740921560723015], [0.0027085606544191604, -0.9999958548591257, -0.0009767106778160205, 0.08703905511661995], [0.002039336096489109, 0.0009822359126550881, -0.9999974381571675, 0.002147494619903626], [0.0, 0.0, 0.0, 1.0]]}, "mean_rme": {"type": "float", "data": 0.0017967203904180192}, "max_rme": {"type": "float", "data": 0.0041139289609294985}, "simu": {"type": "float", "data": 0.002}}, {"type": "dict", "image_number": {"type": "int", "data": 14}, "Hcamera2end": {"type": "ndarray", "data": [[0.9999945103898561, 0.0018112775908001623, -0.002774610538607176, -0.018512051790185582], [0.002775193363182075, -0.00031934141499911917, 0.9999960981538166, 0.02804697047088737], [0.0018103844754181378, -0.9999983086458445, -0.0003243663074881109, 0.03882880177329439], [0.0, 0.0, 0.0, 1.0]]}, "Hobj2base": {"type": "ndarray", "data": [[0.9999948738244246, 0.002506529596431506, 0.001992394101392709, -0.7408884076399337], [0.002509581933465877, -0.9999956790496145, -0.0015309737489453566, 0.08670507688802254], [0.0019885480613435567, 0.0015359659771463174, -0.9999968432375799, 0.0022173572609785713], [0.0, 0.0, 0.0, 1.0]]}, "mean_rme": {"type": "float", "data": 0.0017359754186246138}, "max_rme": {"type": "float", "data": 0.004249815000421132}, "simu": {"type": "float", "data": 0.002}}, {"type": "dict", "image_number": {"type": "int", "data": 15}, "Hcamera2end": {"type": "ndarray", "data": [[0.9999954047449364, 0.0020664187642586928, -0.0022181980302753966, -0.01840719870896528], [0.0022190205869705867, -0.00039585141526732315, 0.9999974596214192, 0.028033077269244675], [0.0020655354379430974, -0.9999977866051244, -0.00040043502200814984, 0.03879714159362171], [0.0, 0.0, 0.0, 1.0]]}, "Hobj2base": {"type": "ndarray", "data": [[0.9999941760018011, 0.0027823270271307887, 0.0019765168334997603, -0.7409212909337533], [0.0027843547623599215, -0.9999955994852421, -0.001023903661660999, 0.08691047284235548], [0.001973659300977248, 0.0010294010225061572, -0.9999975224981801, 0.0022775251530312863], [0.0, 0.0, 0.0, 1.0]]}, "mean_rme": {"type": "float", "data": 0.0017032729937720998}, "max_rme": {"type": "float", "data": 0.004327118767695606}, "simu": {"type": "float", "data": 0.002}}, {"type": "dict", "image_number": {"type": "int", "data": 16}, "Hcamera2end": {"type": "ndarray", "data": [[0.9999950388514643, 0.0017466345471221119, -0.002621362282707846, -0.01837577838574398], [0.0026217646181564023, -0.0002280991510248409, 0.9999965371545364, 0.027839967763045866], [0.0017460305682853799, -0.9999984486180645, -0.0002326772840475222, 0.03881372617158367], [0.0, 0.0, 0.0, 1.0]]}, "Hobj2base": {"type": "ndarray", "data": [[0.9999950915529091, 0.002480546536296837, 0.0019140948174510466, -0.7409039391619645], [0.0024832537188888898, -0.9999959180612004, -0.0014132628577483287, 0.0866239065179406], [0.0019105813399464802, 0.001418009103896107, -0.9999971694605565, 0.0024817156420724705], [0.0, 0.0, 0.0, 1.0]]}, "mean_rme": {"type": "float", "data": 0.001709965319634799}, "max_rme": {"type": "float", "data": 0.004629280762041402}, "simu": {"type": "float", "data": 0.002}}, {"type": "dict", "image_number": {"type": "int", "data": 17}, "Hcamera2end": {"type": "ndarray", "data": [[0.9999970347233615, 0.0014530520212931962, -0.0019542733451286317, -0.018269158246839896], [0.0019543644618650784, -6.128988573128602e-05, 0.9999980883497229, 0.027782493814456938], [0.0014529294663758862, -0.9999989424411274, -6.41294972216766e-05, 0.03885423126613706], [0.0, 0.0, 0.0, 1.0]]}, "Hobj2base": {"type": "ndarray", "data": [[0.9999958624162044, 0.0021867365470275356, 0.0018690462127648204, -0.7409157701146215], [0.002188132422793977, -0.9999973284325809, -0.0007451202596215141, 0.08696217685932937], [0.0018674118377782084, 0.0007492068972418532, -0.9999979757289779, 0.0025639215824007273], [0.0, 0.0, 0.0, 1.0]]}, "mean_rme": {"type": "float", "data": 0.0016788472732080194}, "max_rme": {"type": "float", "data": 0.004730185780129813}, "simu": {"type": "float", "data": 0.002}}, {"type": "dict", "image_number": {"type": "int", "data": 18}, "Hcamera2end": {"type": "ndarray", "data": [[0.9999971922539596, 0.0012571074358258359, -0.002008772035889473, -0.018099718375672452], [0.0020090783792324433, -0.00024247371994112754, 0.9999979524031841, 0.02783176223848564], [0.0012566177873485971, -0.999999180443359, -0.00024499866650606883, 0.037284965266369], [0.0, 0.0, 0.0, 1.0]]}, "Hobj2base": {"type": "ndarray", "data": [[0.9999955133153283, 0.002120792777284756, 0.0021155583680777692, -0.7392431190730181], [0.0021224527956198347, -0.99999744125655, -0.0007827352571632903, 0.0870170343880847], [0.0021138929356267345, 0.0007872219180496338, -0.9999974558659177, 0.0025621427154060047], [0.0, 0.0, 0.0, 1.0]]}, "mean_rme": {"type": "float", "data": 0.0016428622599644971}, "max_rme": {"type": "float", "data": 0.004791920228586814}, "simu": {"type": "float", "data": 0.002}}, {"type": "dict", "image_number": {"type": "int", "data": 19}, "Hcamera2end": {"type": "ndarray", "data": [[0.9999978121814302, 0.0011598454280323503, -0.001740801808373072, -0.01821392183398982], [0.0017410652803346702, -0.00022619032448067955, 0.9999984587636256, 0.029174375565047133], [0.0011594498879104952, -0.9999993017980163, -0.00022820919622268399, 0.038119531687083326], [0.0, 0.0, 0.0, 1.0]]}, "Hobj2base": {"type": "ndarray", "data": [[0.9999957289651225, 0.00202517778588458, 0.0021072983768110403, -0.7399112800609092], [0.00202614033182337, -0.9999978439842117, -0.00045473320180590486, 0.08650825932829893], [0.0021063729178636666, 0.00045900094185698275, -0.9999976762529337, 0.0013324024833188163], [0.0, 0.0, 0.0, 1.0]]}, "mean_rme": {"type": "float", "data": 0.001675490312429286}, "max_rme": {"type": "float", "data": 0.004661078728827442}, "simu": {"type": "float", "data": 0.002}}, {"type": "dict", "image_number": {"type": "int", "data": 20}, "Hcamera2end": {"type": "ndarray", "data": [[0.9999972802386624, 0.0018113451665897162, -0.0014691984091987917, -0.018253379150609227], [0.0014695048132054626, -0.00016783897984740115, 0.9999989061922421, 0.02954633740235508], [0.0018110965965641274, -0.9999983454280132, -0.00017050030380616477, 0.03766844122048695], [0.0, 0.0, 0.0, 1.0]]}, "Hobj2base": {"type": "ndarray", "data": [[0.9999953558658989, 0.0025500075569464043, 0.0016690440658546986, -0.739566191761354], [0.0025505215643655678, -0.9999967006242212, -0.00030590917196566446, 0.08637836531440368], [0.0016682584883508825, 0.00031016468416428586, -0.9999985603547061, 0.0010619711499776114], [0.0, 0.0, 0.0, 1.0]]}, "mean_rme": {"type": "float", "data": 0.001615405799208754}, "max_rme": {"type": "float", "data": 0.004602890767452739}, "simu": {"type": "float", "data": 0.002}}, {"type": "dict", "image_number": {"type": "int", "data": 21}, "Hcamera2end": {"type": "ndarray", "data": [[0.9999978489165261, 0.0014212726578552162, -0.0015106774482602971, -0.018237800753207623], [0.001510973423281663, -0.00020719577386985044, 0.9999988370139365, 0.029587454379872875], [0.0014209579989519624, -0.9999989685264399, -0.00020934283338780446, 0.03755849861105478], [0.0, 0.0, 0.0, 1.0]]}, "Hobj2base": {"type": "ndarray", "data": [[0.9999957135912354, 0.002232977101677794, 0.0018938353728148631, -0.7393798947522764], [0.002233510593162282, -0.9999974666153089, -0.0002796308183451651, 0.08643792269181295], [0.001893206165787034, 0.0002838595211000619, -0.9999981675954142, 0.0009913098646263795], [0.0, 0.0, 0.0, 1.0]]}, "mean_rme": {"type": "float", "data": 0.0015523959830542789}, "max_rme": {"type": "float", "data": 0.004567950120606172}, "simu": {"type": "float", "data": 0.002}}, {"type": "dict", "image_number": {"type": "int", "data": 22}, "Hcamera2end": {"type": "ndarray", "data": [[0.9999982257012003, 0.000441261404288219, -0.001831360921350702, -0.018098488931635383], [0.0018314001438752016, -8.849961479717727e-05, 0.9999983190692527, 0.029143598439764003], [0.00044109858782226266, -0.9999998987280905, -8.930758397163174e-05, 0.036651909334409], [0.0, 0.0, 0.0, 1.0]]}, "Hobj2base": {"type": "ndarray", "data": [[0.9999966942231596, 0.0013400909951215994, 0.0021944700675782716, -0.7384636530943586], [0.0013411441355657778, -0.9999989861820353, -0.00047850528690047067, 0.08676811642767245], [0.002193826602159, 0.00048144680573058247, -0.9999974776637257, 0.00138762517794033], [0.0, 0.0, 0.0, 1.0]]}, "mean_rme": {"type": "float", "data": 0.0015709602092350118}, "max_rme": {"type": "float", "data": 0.004585979136488318}, "simu": {"type": "float", "data": 0.002}}, {"type": "dict", "image_number": {"type": "int", "data": 23}, "Hcamera2end": {"type": "ndarray", "data": [[0.9999981042575966, 0.0007611283594089763, -0.0017922513310123771, -0.01804947087652636], [0.0017922611936203423, -1.227600403352902e-05, 0.999998393823267, 0.02885928164540727], [0.000761105135217746, -0.9999997102664182, -1.364012158333594e-05, 0.03619297742014186], [0.0, 0.0, 0.0, 1.0]]}, "Hobj2base": {"type": "ndarray", "data": [[0.9999966072602092, 0.0016119975794505522, 0.002046199373159029, -0.7380851985938103], [0.0016129886104336213, -0.9999985825994995, -0.00048276985691729876, 0.08686252310371208], [0.002045418249034231, 0.0004860687152883773, -0.9999977899982533, 0.0016902623056410707], [0.0, 0.0, 0.0, 1.0]]}, "mean_rme": {"type": "float", "data": 0.001559483516753687}, "max_rme": {"type": "float", "data": 0.004655061172988383}, "simu": {"type": "float", "data": 0.002}}, {"type": "dict", "image_number": {"type": "int", "data": 24}, "Hcamera2end": {"type": "ndarray", "data": [[0.9999984810642719, 0.0009954690424740767, -0.0014307028114053837, -0.01802468668324133], [0.0014306853228772413, 1.8280008816873305e-05, 0.9999989764021502, 0.028599178995156252], [0.0009954941767741123, -0.9999995043534906, 1.685577810228711e-05, 0.03472345580655984], [0.0, 0.0, 0.0, 1.0]]}, "Hobj2base": {"type": "ndarray", "data": [[0.999996475664561, 0.0017872497173232987, 0.0019632618024890726, -0.7366850529650161], [0.001787525479308836, -0.9999983927540541, -0.00013871542534957642, 0.08725275245340948], [0.0019630107279397556, 0.00014222431696438991, -0.9999980631786871, 0.0019338422807069697], [0.0, 0.0, 0.0, 1.0]]}, "mean_rme": {"type": "float", "data": 0.0016017099497949718}, "max_rme": {"type": "float", "data": 0.004589930115015128}, "simu": {"type": "float", "data": 0.002}}, {"type": "dict", "image_number": {"type": "int", "data": 25}, "Hcamera2end": {"type": "ndarray", "data": [[0.9999988868658078, 0.000843217627722633, -0.0012309553921919572, -0.017963001171121998], [0.001230939564495525, 1.9289312907067035e-05, 0.9999992422075685, 0.028625524083249494], [0.0008432407330224315, -0.9999996443059143, 1.825134149602281e-05, 0.03455874791203862], [0.0, 0.0, 0.0, 1.0]]}, "Hobj2base": {"type": "ndarray", "data": [[0.9999965544402909, 0.0016528310520101154, 0.0020394256690895204, -0.7364871536481946], [0.0016526645986332036, -0.9999986308794535, 8.330031787243767e-05, 0.08731754341495124], [0.0020395605582219554, -7.992954425137057e-05, -0.999997916899829, 0.0019155182841685426], [0.0, 0.0, 0.0, 1.0]]}, "mean_rme": {"type": "float", "data": 0.001584014344163253}, "max_rme": {"type": "float", "data": 0.004608786414902304}, "simu": {"type": "float", "data": 0.002}}, {"type": "dict", "image_number": {"type": "int", "data": 26}, "Hcamera2end": {"type": "ndarray", "data": [[0.9999987876762816, 0.0009958859664037933, -0.0011970200955016671, -0.01798175889293646], [0.0011970474053817728, -2.682708824552904e-05, 0.9999992831786514, 0.028483586412930167], [0.0009958531399677382, -0.9999995037456014, -2.8019178434535164e-05, 0.03462783842993118], [0.0, 0.0, 0.0, 1.0]]}, "Hobj2base": {"type": "ndarray", "data": [[0.999996317181522, 0.0018268513098643397, 0.0020070470060379706, -0.7365770594636454], [0.0018266259735634745, -0.999998325207982, 0.00011409988708366703, 0.08736941022936014], [0.002007252088179839, -0.00011043334268310278, -0.9999979793697245, 0.0020384330057484166], [0.0, 0.0, 0.0, 1.0]]}, "mean_rme": {"type": "float", "data": 0.0015415096289022605}, "max_rme": {"type": "float", "data": 0.004601050670716839}, "simu": {"type": "float", "data": 0.002}}, {"type": "dict", "image_number": {"type": "int", "data": 27}, "Hcamera2end": {"type": "ndarray", "data": [[0.9999992090305628, 0.0003574895674002296, -0.0012058770492130357, -0.018007245004333407], [0.0012056994553714387, 0.0004965804610473912, 0.9999991498479731, 0.029304701754750865], [0.00035808807846081386, -0.9999998128045099, 0.0004961490432906501, 0.034644886424076635], [0.0, 0.0, 0.0, 1.0]]}, "Hobj2base": {"type": "ndarray", "data": [[0.9999977530086903, 0.0010500681937197422, 0.001841557590423941, -0.7366040961707525], [0.0010499977082254724, -0.9999994479823124, 3.924133253037994e-05, 0.08711171488249791], [0.0018415977799267488, -3.730761310593641e-05, -0.9999983035614399, 0.0013294485347795381], [0.0, 0.0, 0.0, 1.0]]}, "mean_rme": {"type": "float", "data": 0.001565643369017596}, "max_rme": {"type": "float", "data": 0.004676994422407099}, "simu": {"type": "float", "data": 0.002}}, {"type": "dict", "image_number": {"type": "int", "data": 28}, "Hcamera2end": {"type": "ndarray", "data": [[0.9999997432470498, 3.9637911944220036e-05, -0.0007154961010317333, -0.018002400766626535], [0.0007154623534936235, 0.0008449660072387122, 0.9999993870728462, 0.029717935063912872], [4.024245753275128e-05, -0.9999996422305776, 0.0008449374308574509, 0.03422962140912632], [0.0, 0.0, 0.0, 1.0]]}, "Hobj2base": {"type": "ndarray", "data": [[0.9999984118927651, 0.000586187720498648, 0.0016830317596931842, -0.7362296072907493], [0.000585392442887637, -0.9999997168025083, 0.0004729805397361286, 0.08720741201425941], [0.0016833085384472394, -0.00047199455451904716, -0.9999984718455848, 0.0009787271449482246], [0.0, 0.0, 0.0, 1.0]]}, "mean_rme": {"type": "float", "data": 0.0015705023803414457}, "max_rme": {"type": "float", "data": 0.004797577200113257}, "simu": {"type": "float", "data": 0.002}}, {"type": "dict", "image_number": {"type": "int", "data": 29}, "Hcamera2end": {"type": "ndarray", "data": [[0.9999997167462649, 8.552529162498466e-05, -0.0007477919594247055, -0.01853281757743228], [0.0007477283162200055, 0.0007417715732931374, 0.999999445338495, 0.029547086901476234], [8.607993500563599e-05, -0.9999997212301397, 0.0007417074135012136, 0.03439807667304534], [0.0, 0.0, 0.0, 1.0]]}, "Hobj2base": {"type": "ndarray", "data": [[0.999998250707292, 0.0006750730954863069, 0.0017443791651601983, -0.7363268447790028], [0.000674289554358124, -0.9999996715383934, 0.0004497295874993706, 0.08686989158027875], [0.0017446821925433805, -0.0004485525841407751, -0.9999983774409966, 0.0014076609596581579], [0.0, 0.0, 0.0, 1.0]]}, "mean_rme": {"type": "float", "data": 0.0015534945373886356}, "max_rme": {"type": "float", "data": 0.004711647929743323}, "simu": {"type": "float", "data": 0.002}}, {"type": "dict", "image_number": {"type": "int", "data": 30}, "Hcamera2end": {"type": "ndarray", "data": [[-0.9599267288835771, -0.21594628511505884, 0.17862776133591698, 500.4244047751117], [0.17863252927566967, -0.9625904056704844, -0.20374035043581673, 2237.3725157403055], [0.21594234105300567, -0.1636670793291617, 0.9625912904677714, 2706.228708858574], [0.0, 0.0, 0.0, 1.0]]}, "Hobj2base": {"type": "ndarray", "data": [[0.3639028856463423, -0.20541511547669103, -0.90850389110447, -2880.032124308648], [0.20415461590084968, 0.9692516550917807, -0.13737584179258128, -433.58981229110054], [0.9087879745158611, -0.1354837976864447, 0.3946499182057649, -1921.356799899838], [0.0, 0.0, 0.0, 1.0]]}, "mean_rme": {"type": "float", "data": 291.39074512556545}, "max_rme": {"type": "float", "data": 1508.3817713303145}, "simu": {"type": "float", "data": 0.002}}, {"type": "dict", "image_number": {"type": "int", "data": 30}, "Hcamera2end": {"type": "ndarray", "data": [[0.9999997817939148, 0.00029222451470748085, -0.0005924668394224178, -0.017275045129562204], [0.0005923585810244516, 0.00037041062392939583, 0.9999997559536108, 0.02932503591387537], [0.00029244389940279115, -0.9999998887003952, 0.00037023744140463055, 0.03412979336797336], [0.0, 0.0, 0.0, 1.0]]}, "Hobj2base": {"type": "ndarray", "data": [[0.9999976153715956, 0.000991305273688236, 0.001945909806908643, -0.7358110019954212], [0.0009901407137818247, -0.9999993302076362, 0.0005993376729169338, 0.08797056110695983], [0.0019465026301489958, -0.0005974095191941276, -0.9999979271125403, 0.0008557714313554751], [0.0, 0.0, 0.0, 1.0]]}, "mean_rme": {"type": "float", "data": 0.0016121677486767357}, "max_rme": {"type": "float", "data": 0.004872254133429621}, "simu": {"type": "float", "data": 0.002}}]}