{"type": "list", "data": [{"type": "dict", "image_number": {"type": "int", "data": 5}, "Hcamera2end": {"type": "ndarray", "data": [[0.9999972465892407, 0.002346164357370361, -4.8236349491796726e-05, -0.00855908475371007], [4.6671117271672924e-05, 0.0006671953442781708, 0.9999997763360646, 0.038725318524035504], [0.0023461960156858142, -0.9999970251771655, 0.0006670840091034247, 0.03480569352754137], [0.0, 0.0, 0.0, 1.0]]}, "Hobj2base": {"type": "ndarray", "data": [[0.9999951586670041, 0.0030575674712796266, 0.0005778613258764014, -0.7378257039076571], [0.0030563551751202444, -0.9999931509785169, 0.002087268334514331, 0.09428208950296682], [0.0005842393318552094, -0.0020854920798994278, -0.9999976546908436, -0.001332824125080867], [0.0, 0.0, 0.0, 1.0]]}, "mean_rme": {"type": "float", "data": 0.0019398986670382669}, "max_rme": {"type": "float", "data": 0.006239264207591081}, "simu": {"type": "float", "data": 0.002}}, {"type": "dict", "image_number": {"type": "int", "data": 6}, "Hcamera2end": {"type": "ndarray", "data": [[0.9999967635008759, 0.002451516131855459, 0.0006804824968544974, -0.008079114283770502], [-0.0006815197219905916, 0.0004222848422645864, 0.9999996786031385, 0.03788580832893559], [0.002451227986502021, -0.9999969058672967, 0.0004239542321327061, 0.03481602676063926], [0.0, 0.0, 0.0, 1.0]]}, "Hobj2base": {"type": "ndarray", "data": [[0.9999954519445469, 0.002979650126199729, 0.00046666406212679957, -0.7371917288409913], [0.002978627996440451, -0.9999931966372062, 0.0021758801805856856, 0.09545443190830132], [0.0004731442488965598, -0.0021744802659215815, -0.9999975238819807, -0.0014413260969407538], [0.0, 0.0, 0.0, 1.0]]}, "mean_rme": {"type": "float", "data": 0.0020705563217131074}, "max_rme": {"type": "float", "data": 0.0058844496777511295}, "simu": {"type": "float", "data": 0.002}}, {"type": "dict", "image_number": {"type": "int", "data": 7}, "Hcamera2end": {"type": "ndarray", "data": [[0.9999967565344933, 0.0024968720038630555, 0.0005025442167340048, -0.008395766848941066], [-0.0005023454193482039, -8.024508215442872e-05, 0.9999998706048947, 0.03804720039995176], [0.002496912007481998, -0.9999968795905929, -7.899052966853226e-05, 0.03515018334716545], [0.0, 0.0, 0.0, 1.0]]}, "Hobj2base": {"type": "ndarray", "data": [[0.9999947078791083, 0.003058023419759779, 0.0011102731831226557, -0.7370325657218038], [0.0030553016334132063, -0.9999923436909288, 0.0024449317888540064, 0.09532824867313515], [0.0011177413411980431, -0.0024415266305094782, -0.9999963947945045, -0.0013449558830632782], [0.0, 0.0, 0.0, 1.0]]}, "mean_rme": {"type": "float", "data": 0.0020147734079154363}, "max_rme": {"type": "float", "data": 0.0056186989147465095}, "simu": {"type": "float", "data": 0.002}}, {"type": "dict", "image_number": {"type": "int", "data": 8}, "Hcamera2end": {"type": "ndarray", "data": [[0.9999968526900563, 0.0023310432526221104, 0.0009278185900642435, -0.008623986886702026], [-0.000928092936198576, 0.00011661346817082308, 0.9999995625223046, 0.03808424309740912], [0.00233093403669906, -0.9999972763156173, 0.00011877652592884314, 0.035267444911680476], [0.0, 0.0, 0.0, 1.0]]}, "Hobj2base": {"type": "ndarray", "data": [[0.9999957474646586, 0.0028009917292725057, 0.0008120947797057961, -0.7372377986607723], [0.002799152335802939, -0.9999935345236037, 0.002257356239321401, 0.09525356028554578], [0.0008184123652825273, -0.0022550734628347083, -0.9999971224182986, -0.0010959767893071251], [0.0, 0.0, 0.0, 1.0]]}, "mean_rme": {"type": "float", "data": 0.0018550914983682415}, "max_rme": {"type": "float", "data": 0.005645689028632935}, "simu": {"type": "float", "data": 0.002}}, {"type": "dict", "image_number": {"type": "int", "data": 9}, "Hcamera2end": {"type": "ndarray", "data": [[0.9999970100845794, 0.002304811553357358, 0.0008171080743114978, -0.008463508080937845], [-0.0008159194264013083, -0.0005166176876592043, 0.9999995336907187, 0.03783468513721832], [0.002305232611086257, -0.9999972104710436, -0.0005147356024954863, 0.03521186797526485], [0.0, 0.0, 0.0, 1.0]]}, "Hobj2base": {"type": "ndarray", "data": [[0.999995227655232, 0.0027604748086369943, 0.001387243883235517, -0.7366210401049569], [0.0027570971997675554, -0.999993244778747, 0.0024308047852940867, 0.09564305640598184], [0.0013939446874706722, -0.002426968418429724, -0.9999960833635821, -0.001277552358188679], [0.0, 0.0, 0.0, 1.0]]}, "mean_rme": {"type": "float", "data": 0.0019400897334406907}, "max_rme": {"type": "float", "data": 0.005374857137400133}, "simu": {"type": "float", "data": 0.002}}, {"type": "dict", "image_number": {"type": "int", "data": 10}, "Hcamera2end": {"type": "ndarray", "data": [[0.999997193391967, 0.002119001688748891, 0.0010597358312143836, -0.008404018567445796], [-0.0010583747030086755, -0.0006433622965074104, 0.9999992329636774, 0.03776161243999617], [0.0021196818574756894, -0.999997547955393, -0.0006411177930585321, 0.0349352435743441], [0.0, 0.0, 0.0, 1.0]]}, "Hobj2base": {"type": "ndarray", "data": [[0.9999959080365458, 0.002503764346654917, 0.0013838620814909616, -0.7366257287212485], [0.0025004477294685934, -0.9999940101714935, 0.002393194995578475, 0.09591490101736358], [0.0013898457886989393, -0.002389724927912453, -0.9999961787644251, -0.0013868474422020494], [0.0, 0.0, 0.0, 1.0]]}, "mean_rme": {"type": "float", "data": 0.0019308395073771502}, "max_rme": {"type": "float", "data": 0.00526460770502038}, "simu": {"type": "float", "data": 0.002}}, {"type": "dict", "image_number": {"type": "int", "data": 11}, "Hcamera2end": {"type": "ndarray", "data": [[0.9999963189878474, 0.0020514460213731096, 0.0017758321927626225, -0.008327024733963278], [-0.0017745725118517635, -0.0006157024727388993, 0.9999982358998764, 0.03754762048457633], [0.002052535786689184, -0.9999977062372124, -0.0006120597666117167, 0.03483908626580367], [0.0, 0.0, 0.0, 1.0]]}, "Hobj2base": {"type": "ndarray", "data": [[0.9999961691839057, 0.0024367508878217364, 0.001312959490716627, -0.7365539891477391], [0.0024332902497996756, -0.9999935786169301, 0.0026309358537248695, 0.09639797666695075], [0.0013193619949781476, -0.0026277309635663153, -0.9999956771476115, -0.0014442981069385595], [0.0, 0.0, 0.0, 1.0]]}, "mean_rme": {"type": "float", "data": 0.0018415389279983884}, "max_rme": {"type": "float", "data": 0.005131763798670471}, "simu": {"type": "float", "data": 0.002}}, {"type": "dict", "image_number": {"type": "int", "data": 12}, "Hcamera2end": {"type": "ndarray", "data": [[0.9999941756049934, 0.0023111865169157643, 0.002511408563685863, -0.008123802750398482], [-0.002510047866631373, -0.0005914563387048322, 0.9999966749140253, 0.03739588078741109], [0.0023126642205359613, -0.9999971542940927, -0.0005856517050433219, 0.034812714479731104], [0.0, 0.0, 0.0, 1.0]]}, "Hobj2base": {"type": "ndarray", "data": [[0.9999958777994126, 0.0025700859041477425, 0.0012802510018360019, -0.7363878073746858], [0.002565798462623391, -0.9999911326128734, 0.0033393672861722953, 0.09688082905859702], [0.0012888221101457127, -0.0033360686545782234, -0.9999936047713007, -0.0015878353309271055], [0.0, 0.0, 0.0, 1.0]]}, "mean_rme": {"type": "float", "data": 0.001812513392711312}, "max_rme": {"type": "float", "data": 0.005192138855881181}, "simu": {"type": "float", "data": 0.002}}, {"type": "dict", "image_number": {"type": "int", "data": 13}, "Hcamera2end": {"type": "ndarray", "data": [[0.9999964360305943, 0.0019965137323974653, 0.001772528991549374, -0.00828186276228626], [-0.0017715188604776019, -0.0005076023227177373, 0.999998302028963, 0.03752211023668004], [0.001997410082208167, -0.999997878134148, -0.0005040636519064723, 0.034815221101051126], [0.0, 0.0, 0.0, 1.0]]}, "Hobj2base": {"type": "ndarray", "data": [[0.9999967001085667, 0.0022529747646685954, 0.0012344540036249535, -0.7365686097853567], [0.00224942882876178, -0.9999933619708683, 0.0028663712501449928, 0.09650998667151424], [0.0012409036713760643, -0.002863584975007525, -0.9999951300077259, -0.0015238856181262323], [0.0, 0.0, 0.0, 1.0]]}, "mean_rme": {"type": "float", "data": 0.0017829418501128732}, "max_rme": {"type": "float", "data": 0.005097437695306104}, "simu": {"type": "float", "data": 0.002}}, {"type": "dict", "image_number": {"type": "int", "data": 14}, "Hcamera2end": {"type": "ndarray", "data": [[0.9999972129856974, 0.002094340844623823, 0.0010898427704600204, -0.008382626284561004], [-0.0010888001334943363, -0.0004989110705126976, 0.9999992828007491, 0.037616371421577574], [0.00209488307718744, -0.9999976824093992, -0.0004966293614492301, 0.03487656982717115], [0.0, 0.0, 0.0, 1.0]]}, "Hobj2base": {"type": "ndarray", "data": [[0.9999965962853219, 0.002279890524020048, 0.0012686673990783008, -0.7365839241768638], [0.0022769537779520365, -0.9999947362640891, 0.0023114769320261128, 0.0960044063506643], [0.001273930635501971, -0.0023085803673908553, -0.9999965237726693, -0.001494533759287641], [0.0, 0.0, 0.0, 1.0]]}, "mean_rme": {"type": "float", "data": 0.001741971322195938}, "max_rme": {"type": "float", "data": 0.00526347169450464}, "simu": {"type": "float", "data": 0.002}}, {"type": "dict", "image_number": {"type": "int", "data": 15}, "Hcamera2end": {"type": "ndarray", "data": [[0.9999975297809218, 0.002222313098050578, 4.191119978921962e-05, -0.00869606324253111], [-4.062848876813037e-05, -0.000577238358717036, 0.9999998325725878, 0.03766334814593127], [0.0022223369187266244, -0.9999973640567119, -0.0005771466435890993, 0.034972753578600003], [0.0, 0.0, 0.0, 1.0]]}, "Hobj2base": {"type": "ndarray", "data": [[0.9999963599125332, 0.002368621134513304, 0.001292205712863818, -0.7366251910290629], [0.0023672878293116415, -0.9999966650836678, 0.0010323613104591728, 0.09519569328993807], [0.0012946466762842892, -0.0010292985297166758, -0.9999986322163243, -0.0013701323995060225], [0.0, 0.0, 0.0, 1.0]]}, "mean_rme": {"type": "float", "data": 0.001702115702383253}, "max_rme": {"type": "float", "data": 0.005369577788182412}, "simu": {"type": "float", "data": 0.002}}, {"type": "dict", "image_number": {"type": "int", "data": 16}, "Hcamera2end": {"type": "ndarray", "data": [[0.9999978124488419, 0.0020782363573799492, 0.0002367090488292348, -0.008828304532627215], [-0.00023548389191004342, -0.0005897425100682696, 0.999999798375534, 0.03765428563967125], [0.002078375535745266, -0.9999976665659849, -0.0005892518287906601, 0.03496461271387918], [0.0, 0.0, 0.0, 1.0]]}, "Hobj2base": {"type": "ndarray", "data": [[0.9999967323516997, 0.002218139199406648, 0.0012708833208136105, -0.7366486408710919], [0.0022168058558667283, -0.9999969920545102, 0.0010495969363675298, 0.09520102363237773], [0.0012732076501739916, -0.0010467762050661816, -0.9999986416000051, -0.0013812141235956393], [0.0, 0.0, 0.0, 1.0]]}, "mean_rme": {"type": "float", "data": 0.0016228721604921402}, "max_rme": {"type": "float", "data": 0.005300171938131572}, "simu": {"type": "float", "data": 0.002}}, {"type": "dict", "image_number": {"type": "int", "data": 17}, "Hcamera2end": {"type": "ndarray", "data": [[0.9999953177710802, 0.002954180439458676, 0.0007982818095298337, -0.008973139501085012], [-0.0007957460852680007, -0.00085942704816655, 0.9999993140864233, 0.03758495292547578], [0.0029548644781253724, -0.9999952670903399, -0.000857072246612578, 0.03502206345144105], [0.0, 0.0, 0.0, 1.0]]}, "Hobj2base": {"type": "ndarray", "data": [[0.99999437207446, 0.003116910015482052, 0.0012412458909777453, -0.7365914907806799], [0.0031151413423796213, -0.9999941335994706, 0.0014243107318529674, 0.09519087403321243], [0.0012456780577174646, -0.001420436059547179, -0.999998215322196, -0.001366454100427657], [0.0, 0.0, 0.0, 1.0]]}, "mean_rme": {"type": "float", "data": 0.0015828757997907853}, "max_rme": {"type": "float", "data": 0.005433562524456887}, "simu": {"type": "float", "data": 0.002}}, {"type": "dict", "image_number": {"type": "int", "data": 18}, "Hcamera2end": {"type": "ndarray", "data": [[0.9999957329982949, 0.002833882875229149, 0.0007092905275037161, -0.008937442360250116], [-0.0007068440931109195, -0.0008641883090596547, 0.9999993767748028, 0.03754638060164046], [0.002834494069663532, -0.9999956111335766, -0.0008621815081957251, 0.035047025598144974], [0.0, 0.0, 0.0, 1.0]]}, "Hobj2base": {"type": "ndarray", "data": [[0.9999946616569458, 0.002994796070546753, 0.0013068489225482492, -0.7365296489662723], [0.0029928863134232914, -0.9999944542416768, 0.001460861870986, 0.09531390274545366], [0.0013112166584708003, -0.0014569428221501712, -0.9999980790123988, -0.001360065295838733], [0.0, 0.0, 0.0, 1.0]]}, "mean_rme": {"type": "float", "data": 0.0015551792766634936}, "max_rme": {"type": "float", "data": 0.0053041755147284035}, "simu": {"type": "float", "data": 0.002}}, {"type": "dict", "image_number": {"type": "int", "data": 19}, "Hcamera2end": {"type": "ndarray", "data": [[0.99999514973364, 0.003114563312702946, 2.136841848379657e-06, -0.008695370537950262], [1.273114854330893e-07, -0.0007269565343108741, 0.9999997357670557, 0.037569656029149065], [0.0031145640431238563, -0.9999948855017052, -0.0007269534048977011, 0.034947079610767075], [0.0, 0.0, 0.0, 1.0]]}, "Hobj2base": {"type": "ndarray", "data": [[0.9999936586572484, 0.0033124044789773323, 0.0013079074348723812, -0.7365208302311843], [0.003310884197645244, -0.999993842910035, 0.0011628361233133322, 0.09507301628924607], [0.0013117511655518187, -0.0011584984193128089, -0.9999984685939733, -0.0015149166263224185], [0.0, 0.0, 0.0, 1.0]]}, "mean_rme": {"type": "float", "data": 0.001577068021747908}, "max_rme": {"type": "float", "data": 0.005519968612274884}, "simu": {"type": "float", "data": 0.002}}, {"type": "dict", "image_number": {"type": "int", "data": 20}, "Hcamera2end": {"type": "ndarray", "data": [[0.9999953797817852, 0.003038198326927386, -9.88231223163034e-05, -0.008509102941763956], [0.00010060789482386557, -0.000587297150550059, 0.9999998224800384, 0.037363341521532485], [0.003038139749048391, -0.99999521220503, -0.0005876001038467304, 0.03598485453882594], [0.0, 0.0, 0.0, 1.0]]}, "Hobj2base": {"type": "ndarray", "data": [[0.9999941646268906, 0.0032509798227347893, 0.001049686791056551, -0.7376933702932285], [0.0032498661824055903, -0.9999941564190482, 0.0010608946941609637, 0.09502314858423613], [0.0010531296043715772, -0.0010574771618402212, -0.9999988863294238, -0.0013326493368165603], [0.0, 0.0, 0.0, 1.0]]}, "mean_rme": {"type": "float", "data": 0.00162588897054009}, "max_rme": {"type": "float", "data": 0.005700869752925275}, "simu": {"type": "float", "data": 0.002}}, {"type": "dict", "image_number": {"type": "int", "data": 21}, "Hcamera2end": {"type": "ndarray", "data": [[0.9999953917180635, 0.0030354702377932527, 4.9629348661985604e-05, -0.008495097158587091], [-4.782723715409569e-05, -0.0005937541675800073, 0.9999998225842561, 0.036837111054015395], [0.0030354991668856447, -0.9999952166767718, -0.0005936062532383435, 0.036698415361531324], [0.0, 0.0, 0.0, 1.0]]}, "Hobj2base": {"type": "ndarray", "data": [[0.9999940687849975, 0.0032789551350420995, 0.0010539677641698763, -0.7384642325431718], [0.0032776720247046256, -0.9999938880645569, 0.0012168400177441053, 0.09519856397300511], [0.0010579512862116493, -0.0012133782397487764, -0.999998704225322, -0.0008586107658164688], [0.0, 0.0, 0.0, 1.0]]}, "mean_rme": {"type": "float", "data": 0.0016184263511766724}, "max_rme": {"type": "float", "data": 0.005579953534038673}, "simu": {"type": "float", "data": 0.002}}, {"type": "dict", "image_number": {"type": "int", "data": 22}, "Hcamera2end": {"type": "ndarray", "data": [[0.9999955432246346, 0.002955507566534741, -0.0004224995765186009, -0.008432299969490242], [0.0004252591597768158, -0.0009331426369343365, 0.9999994741995948, 0.03876645199470523], [0.0029551117601587288, -0.9999951970983876, -0.0009343953347915601, 0.03598199895288397], [0.0, 0.0, 0.0, 1.0]]}, "Hobj2base": {"type": "ndarray", "data": [[0.9999945735805537, 0.003128064504563235, 0.0010334514512023382, -0.7375135666240831], [0.0031273138036735267, -0.999994845515817, 0.0007272208542165596, 0.09494660472505073], [0.0010357209180342321, -0.000723984981022403, -0.999999201563645, -0.0027379115931631696], [0.0, 0.0, 0.0, 1.0]]}, "mean_rme": {"type": "float", "data": 0.0016821366551646863}, "max_rme": {"type": "float", "data": 0.005747829232463895}, "simu": {"type": "float", "data": 0.002}}, {"type": "dict", "image_number": {"type": "int", "data": 23}, "Hcamera2end": {"type": "ndarray", "data": [[0.9999957382221271, 0.0028993205543150703, -0.00034275050166230085, -0.008411844395179802], [0.0003456636839688303, -0.0010043396211538713, 0.9999994359091124, 0.03904142451286772], [0.0028989746809257753, -0.9999952926100446, -0.001005337530705308, 0.03611276102366166], [0.0, 0.0, 0.0, 1.0]]}, "Hobj2base": {"type": "ndarray", "data": [[0.9999947161600964, 0.0030826926704341623, 0.0010318225564260966, -0.7376096770849577], [0.0030818488103394556, -0.9999949161790258, 0.0008184277689161233, 0.09499931366945107], [0.0010343402721094603, -0.0008152435233568164, -0.9999991327587234, -0.0030130018044810213], [0.0, 0.0, 0.0, 1.0]]}, "mean_rme": {"type": "float", "data": 0.001623006896628364}, "max_rme": {"type": "float", "data": 0.0057420312386851115}, "simu": {"type": "float", "data": 0.002}}, {"type": "dict", "image_number": {"type": "int", "data": 24}, "Hcamera2end": {"type": "ndarray", "data": [[0.9999957424971706, 0.002902329421820891, -0.00030244248971736517, -0.008491003448920318], [0.00030570503548720505, -0.0011237350581358996, 0.9999993218817452, 0.03935519288493504], [0.0029019875884695634, -0.9999951568399951, -0.0011246175305497097, 0.03610649286246194], [0.0, 0.0, 0.0, 1.0]]}, "Hobj2base": {"type": "ndarray", "data": [[0.9999947076255605, 0.0030861798488706735, 0.001029667329806326, -0.7375612357226417], [0.0030852715129255155, -0.9999948510542966, 0.000882589704918763, 0.09507823715667539], [0.001032385858667293, -0.0008794082306431266, -0.9999990804098788, -0.0033151093742369276], [0.0, 0.0, 0.0, 1.0]]}, "mean_rme": {"type": "float", "data": 0.0016099503300713702}, "max_rme": {"type": "float", "data": 0.005602733934298075}, "simu": {"type": "float", "data": 0.002}}, {"type": "dict", "image_number": {"type": "int", "data": 25}, "Hcamera2end": {"type": "ndarray", "data": [[0.9999959419303759, 0.002832736476113479, -0.0003028643875086338, -0.008444352058160137], [0.0003059524306728116, -0.0010897574220611883, 0.9999993594107303, 0.039230814401416216], [0.0028324046127787238, -0.9999953940058012, -0.0010906196823601277, 0.0364141659808163], [0.0, 0.0, 0.0, 1.0]]}, "Hobj2base": {"type": "ndarray", "data": [[0.9999950416285671, 0.003001395932970827, 0.0009530691127980135, -0.7379166577780657], [0.0030005586507699557, -0.999995112229175, 0.0008787295049711475, 0.09504509346873015], [0.0009557018695770117, -0.0008758654081326852, -0.9999991597465085, -0.0031967952140298616], [0.0, 0.0, 0.0, 1.0]]}, "mean_rme": {"type": "float", "data": 0.0016044661816964954}, "max_rme": {"type": "float", "data": 0.005679451809523565}, "simu": {"type": "float", "data": 0.002}}, {"type": "dict", "image_number": {"type": "int", "data": 26}, "Hcamera2end": {"type": "ndarray", "data": [[0.9999964258632327, 0.0026683134350403356, -0.00016841666374345474, -0.00848516965944707], [0.0001711373579430936, -0.0010194351515286915, 0.9999994657318458, 0.03901445819426383], [0.002668140319578318, -0.9999959204193709, -0.0010198881560394835, 0.036945341968463594], [0.0, 0.0, 0.0, 1.0]]}, "Hobj2base": {"type": "ndarray", "data": [[0.9999957295253084, 0.002800048695505505, 0.0008370534327331498, -0.7385121097134808], [0.0027991919684907255, -0.9999955590606562, 0.0010229287800970536, 0.09518541958813165], [0.0008399139658259334, -0.0010205813384594827, -0.9999991264787491, -0.0029885537810010487], [0.0, 0.0, 0.0, 1.0]]}, "mean_rme": {"type": "float", "data": 0.0016131342843764445}, "max_rme": {"type": "float", "data": 0.005546124235616113}, "simu": {"type": "float", "data": 0.002}}, {"type": "dict", "image_number": {"type": "int", "data": 27}, "Hcamera2end": {"type": "ndarray", "data": [[0.9999984609211953, 0.0017521510685687364, -9.012143811912429e-05, -0.00849644500202817], [9.175243123892029e-05, -0.0009307937847120584, 0.9999995626021152, 0.038177794824385866], [0.0017520664177070946, -0.9999980317928447, -0.0009309531162675633, 0.03721849721961596], [0.0, 0.0, 0.0, 1.0]]}, "Hobj2base": {"type": "ndarray", "data": [[0.999998001977813, 0.0018686472783034742, 0.0007100688214919297, -0.7389136530885617], [0.0018678520976939303, -0.9999976296130295, 0.0011188819706883675, 0.09539049244999827], [0.0007121579341033163, -0.0011175534315996346, -0.999999121952317, -0.0021408409563439218], [0.0, 0.0, 0.0, 1.0]]}, "mean_rme": {"type": "float", "data": 0.0016242490040390377}, "max_rme": {"type": "float", "data": 0.005294902424260645}, "simu": {"type": "float", "data": 0.002}}, {"type": "dict", "image_number": {"type": "int", "data": 28}, "Hcamera2end": {"type": "ndarray", "data": [[0.9999983788258162, 0.001777769930649576, -0.00028614648863134755, -0.008479068661012798], [0.0002879289850944145, -0.0010024836709083829, 0.9999994560615467, 0.03839074677614042], [0.0017774821064698088, -0.9999979172781129, -0.0010029939171996016, 0.037216801072115155], [0.0, 0.0, 0.0, 1.0]]}, "Hobj2base": {"type": "ndarray", "data": [[0.9999980158497286, 0.0018724827607471434, 0.0006797829923155586, -0.7388999181935755], [0.001871827681125813, -0.999997784423837, 0.0009630205344371904, 0.09521683779127502], [0.0006815847255535437, -0.0009617461870375609, -0.9999993052430256, -0.0023437169173644856], [0.0, 0.0, 0.0, 1.0]]}, "mean_rme": {"type": "float", "data": 0.0016133610037296375}, "max_rme": {"type": "float", "data": 0.0054190616748057835}, "simu": {"type": "float", "data": 0.002}}, {"type": "dict", "image_number": {"type": "int", "data": 29}, "Hcamera2end": {"type": "ndarray", "data": [[0.9999983048836175, 0.001759923707584082, -0.0005412009192850909, -0.008479197992705238], [0.0005432270982683988, -0.0011510138166757056, 0.9999991900354285, 0.0386155097393765], [0.001759299352372536, -0.999997788915424, -0.0011519679038221042, 0.037014181399238254], [0.0, 0.0, 0.0, 1.0]]}, "Hobj2base": {"type": "ndarray", "data": [[0.9999980096240072, 0.0018743335101296197, 0.0006838288650863123, -0.7386740456326608], [0.0018738057985630175, -0.9999979467964859, 0.00077152747341583, 0.09501178012601579], [0.0006852735608438923, -0.0007702445752934456, -0.9999994685615796, -0.0025459277997315582], [0.0, 0.0, 0.0, 1.0]]}, "mean_rme": {"type": "float", "data": 0.0016188805289357778}, "max_rme": {"type": "float", "data": 0.005520090496045203}, "simu": {"type": "float", "data": 0.002}}, {"type": "dict", "image_number": {"type": "int", "data": 30}, "Hcamera2end": {"type": "ndarray", "data": [[0.999998220113501, 0.0018593878606054039, -0.00032007282584995095, -0.00845075542335843], [0.000322250154347577, -0.0011708105509535827, 0.9999992626784743, 0.03845545846283553], [0.0018590117449971304, -0.9999975859368052, -0.0011714076550686237, 0.03677589345364288], [0.0, 0.0, 0.0, 1.0]]}, "Hobj2base": {"type": "ndarray", "data": [[0.9999978098023948, 0.001979167348467632, 0.0006806519082418884, -0.7384605544109433], [0.0019784844636347373, -0.9999975402987564, 0.0010024947203968496, 0.09510476783132243], [0.0006826343388591637, -0.0010011458655097138, -0.9999992658583883, -0.0023628538415976824], [0.0, 0.0, 0.0, 1.0]]}, "mean_rme": {"type": "float", "data": 0.0015939881265200492}, "max_rme": {"type": "float", "data": 0.005546409854824387}, "simu": {"type": "float", "data": 0.002}}]}