{"type": "list", "data": [{"type": "dict", "image_number": {"type": "int", "data": 5}, "Hcamera2end": {"type": "ndarray", "data": [[0.999995392220506, 0.002916927518636349, -0.0008408755005139316, -0.014808974204647713], [0.0008423754998775187, -0.0005130490497486928, 0.9999995135919765, 0.028114928772627775], [0.002916494689442904, -0.9999956141476439, -0.0005155038340085571, 0.034625216030234315], [0.0, 0.0, 0.0, 1.0]]}, "Hobj2base": {"type": "ndarray", "data": [[0.9999949827405276, 0.002750599724090406, 0.001571208111568357, -0.7362233625177504], [0.002756143066715791, -0.9999899470463547, -0.0035368745560079395, 0.08930550872585435], [0.0015614637901081461, 0.0035411872849336373, -0.9999925108836794, -0.0020116901762021523], [0.0, 0.0, 0.0, 1.0]]}, "mean_rme": {"type": "float", "data": 0.0013776524751594633}, "max_rme": {"type": "float", "data": 0.0048478296831128975}, "simu": {"type": "float", "data": 0.002}}, {"type": "dict", "image_number": {"type": "int", "data": 6}, "Hcamera2end": {"type": "ndarray", "data": [[0.9999953570644975, 0.002889340392893808, -0.0009682776162737125, -0.014559394301519604], [0.0009697788946778282, -0.0005182363179825344, 0.9999993954798245, 0.028422514419486195], [0.0028888368496026036, -0.9999956915623252, -0.0005210359331770942, 0.03451338749051998], [0.0, 0.0, 0.0, 1.0]]}, "Hobj2base": {"type": "ndarray", "data": [[0.999995688076713, 0.002668259301944781, 0.0012264665828985246, -0.7367344549076482], [0.002672162510813876, -0.999991335500696, -0.00319193844723544, 0.08987707103931807], [0.0012179390367265993, 0.0031952020018653064, -0.9999941536372454, -0.0016994915298405948], [0.0, 0.0, 0.0, 1.0]]}, "mean_rme": {"type": "float", "data": 0.0015883893415365856}, "max_rme": {"type": "float", "data": 0.005200829670199386}, "simu": {"type": "float", "data": 0.002}}, {"type": "dict", "image_number": {"type": "int", "data": 7}, "Hcamera2end": {"type": "ndarray", "data": [[0.9999958970258386, 0.0026381774653601166, -0.0011162218192354463, -0.014644701677857325], [0.0011198075228531124, -0.0013580732674527418, 0.9999984508328561, 0.02813634653278823], [0.0026366574673690165, -0.9999955978186412, -0.0013610219462856232, 0.035000072074211755], [0.0, 0.0, 0.0, 1.0]]}, "Hobj2base": {"type": "ndarray", "data": [[0.9999955106751454, 0.0025751876639668403, 0.001532004585667848, -0.7360726273619559], [0.002580114225948697, -0.9999914791379241, -0.0032225241856473777, 0.08956795742770522], [0.0015236929271383605, 0.003226462465515157, -0.9999936341296487, -0.0016736166064703786], [0.0, 0.0, 0.0, 1.0]]}, "mean_rme": {"type": "float", "data": 0.0016841013440975542}, "max_rme": {"type": "float", "data": 0.004997359617958885}, "simu": {"type": "float", "data": 0.002}}, {"type": "dict", "image_number": {"type": "int", "data": 8}, "Hcamera2end": {"type": "ndarray", "data": [[0.9999950875162624, 0.0027706526979100875, -0.0014657513330333524, -0.014778533410941187], [0.0014703102867654682, -0.0016441238817666015, 0.9999975675192027, 0.027837146942471865], [0.0027682360815792324, -0.9999948101566775, -0.0016481895241975408, 0.034852065121686454], [0.0, 0.0, 0.0, 1.0]]}, "Hobj2base": {"type": "ndarray", "data": [[0.9999946493929293, 0.0027181053817196617, 0.0018201891787357931, -0.7358431205916635], [0.002723900381859203, -0.9999912057290417, -0.003188860499736371, 0.08909175334403169], [0.0018115055126130734, 0.0031938014513958482, -0.9999932590173126, -0.0018352523554522049], [0.0, 0.0, 0.0, 1.0]]}, "mean_rme": {"type": "float", "data": 0.0015999728593416597}, "max_rme": {"type": "float", "data": 0.004889267084620258}, "simu": {"type": "float", "data": 0.002}}, {"type": "dict", "image_number": {"type": "int", "data": 9}, "Hcamera2end": {"type": "ndarray", "data": [[0.999994679038616, 0.002812773984810209, -0.0016523307676542657, -0.01456151856226251], [0.0016568987681339444, -0.0016224649013318881, 0.9999973111434428, 0.02779693346989407], [0.0028100855729885263, -0.9999947279411796, -0.001627116750009261, 0.034864964508837255], [0.0, 0.0, 0.0, 1.0]]}, "Hobj2base": {"type": "ndarray", "data": [[0.9999947140641862, 0.0028635095195619123, 0.0015401808069065255, -0.7359009802764471], [0.002868616592272643, -0.9999903610939904, -0.0033239672015833864, 0.08896066972141319], [0.0015306477495240444, 0.0033283678195239036, -0.9999932895200472, -0.0016810510424168368], [0.0, 0.0, 0.0, 1.0]]}, "mean_rme": {"type": "float", "data": 0.0015276207039231736}, "max_rme": {"type": "float", "data": 0.004678854613720612}, "simu": {"type": "float", "data": 0.002}}, {"type": "dict", "image_number": {"type": "int", "data": 10}, "Hcamera2end": {"type": "ndarray", "data": [[0.9999951256717389, 0.0026873966948638564, -0.00158950676865736, -0.014760452975902517], [0.001594185376975867, -0.0017396995847449581, 0.9999972160052941, 0.027773343076779672], [0.0026846239489003026, -0.9999948756590502, -0.0017439753133912106, 0.0346223440713158], [0.0, 0.0, 0.0, 1.0]]}, "Hobj2base": {"type": "ndarray", "data": [[0.999994687492979, 0.0027170484555185106, 0.0018007313818221222, -0.7357558459942137], [0.00272271960445999, -0.9999913181603604, -0.0031544257576614533, 0.08905093863826455], [0.001792145020528129, 0.0031593118863881223, -0.9999934034605578, -0.00184123694024102], [0.0, 0.0, 0.0, 1.0]]}, "mean_rme": {"type": "float", "data": 0.001531281098115897}, "max_rme": {"type": "float", "data": 0.004885348742075718}, "simu": {"type": "float", "data": 0.002}}, {"type": "dict", "image_number": {"type": "int", "data": 11}, "Hcamera2end": {"type": "ndarray", "data": [[0.9999943759604096, 0.002696188749576663, -0.001994646278785524, -0.014632900812038545], [0.0019993692001495267, -0.0017501439492144666, 0.9999964697532477, 0.027610434212822714], [0.0026926883132494463, -0.9999948337678466, -0.0017555247830793874, 0.03459667114757986], [0.0, 0.0, 0.0, 1.0]]}, "Hobj2base": {"type": "ndarray", "data": [[0.9999947199080103, 0.002702909345370633, 0.0018040058677664245, -0.7357305240561636], [0.002708366667064711, -0.9999917432331764, -0.0030295569758375584, 0.08880210734584923], [0.0017958023546483018, 0.0030344268888574857, -0.9999937836543582, -0.001718080690696864], [0.0, 0.0, 0.0, 1.0]]}, "mean_rme": {"type": "float", "data": 0.0014519464100988995}, "max_rme": {"type": "float", "data": 0.004706889063581549}, "simu": {"type": "float", "data": 0.002}}, {"type": "dict", "image_number": {"type": "int", "data": 12}, "Hcamera2end": {"type": "ndarray", "data": [[0.9999958794525129, 0.002465120643453336, -0.001471141804359065, -0.014823943090753681], [0.0014755571332872861, -0.0017902604102451036, 0.9999973088457836, 0.02762343993795599], [0.0024624802825033223, -0.9999953590631692, -0.0017938904597418759, 0.03452302129444333], [0.0, 0.0, 0.0, 1.0]]}, "Hobj2base": {"type": "ndarray", "data": [[0.999995639892269, 0.002492739938342192, 0.0015831753065540122, -0.7358063294526765], [0.0024972836727417706, -0.9999927502398869, -0.002874550734506849, 0.08893963251223132], [0.0015759983214921267, 0.0028784918390001133, -0.9999946152425141, -0.001768140887231114], [0.0, 0.0, 0.0, 1.0]]}, "mean_rme": {"type": "float", "data": 0.0014619662027425082}, "max_rme": {"type": "float", "data": 0.004736197015871746}, "simu": {"type": "float", "data": 0.002}}, {"type": "dict", "image_number": {"type": "int", "data": 13}, "Hcamera2end": {"type": "ndarray", "data": [[0.999995736394935, 0.0026152368182676905, -0.0012991259892969882, -0.014805475301353253], [0.0013036096090266389, -0.0017134481077336616, 0.999997682346099, 0.027692685560136557], [0.002613004772085808, -0.9999951123040385, -0.001716850050113905, 0.034513086313389126], [0.0, 0.0, 0.0, 1.0]]}, "Hobj2base": {"type": "ndarray", "data": [[0.9999952627197035, 0.002557265346257587, 0.0017131643528559475, -0.7358126082148129], [0.002561814862819867, -0.9999931841545913, -0.002658711900515025, 0.08917261810766267], [0.0017063536443836893, 0.0026630881153531243, -0.9999949981469556, -0.0017374971990482546], [0.0, 0.0, 0.0, 1.0]]}, "mean_rme": {"type": "float", "data": 0.001434459848950568}, "max_rme": {"type": "float", "data": 0.004857282263589974}, "simu": {"type": "float", "data": 0.002}}, {"type": "dict", "image_number": {"type": "int", "data": 14}, "Hcamera2end": {"type": "ndarray", "data": [[0.9999933928994116, 0.002787996582368237, -0.002332644975096024, -0.015065877266789979], [0.002336885316183923, -0.001518638964412622, 0.9999961163438159, 0.027493646411606676], [0.0027844433091987466, -0.9999949603926773, -0.0015251441588872705, 0.03442393515250541], [0.0, 0.0, 0.0, 1.0]]}, "Hobj2base": {"type": "ndarray", "data": [[0.9999950832149235, 0.002717021453022148, 0.001565675701472164, -0.7359267425364979], [0.002722842949803447, -0.9999893434806866, -0.003728143148557421, 0.08835487845253624], [0.0015555295719042448, 0.0037323879071242566, -0.9999918247707136, -0.0021391390054826026], [0.0, 0.0, 0.0, 1.0]]}, "mean_rme": {"type": "float", "data": 0.0015126070994160154}, "max_rme": {"type": "float", "data": 0.004912772603657967}, "simu": {"type": "float", "data": 0.002}}, {"type": "dict", "image_number": {"type": "int", "data": 15}, "Hcamera2end": {"type": "ndarray", "data": [[0.9999920084926556, 0.003106438048205622, -0.0025165439549775528, -0.015116185040649613], [0.0025209312539226933, -0.0014092179183529119, 0.9999958294965394, 0.027488108958871403], [0.0031028787339613157, -0.9999941820568317, -0.0014170377733415673, 0.03437118957317362], [0.0, 0.0, 0.0, 1.0]]}, "Hobj2base": {"type": "ndarray", "data": [[0.9999944031681848, 0.0030006979261071112, 0.00147967708040558, -0.7360909832832794], [0.003006455642243524, -0.9999878581781803, -0.003904448832709805, 0.08826047334629147], [0.0014679430429152152, 0.00390887556367344, -0.9999912828795312, -0.0022172316355070555], [0.0, 0.0, 0.0, 1.0]]}, "mean_rme": {"type": "float", "data": 0.0014963864408792805}, "max_rme": {"type": "float", "data": 0.005042248848814296}, "simu": {"type": "float", "data": 0.002}}, {"type": "dict", "image_number": {"type": "int", "data": 16}, "Hcamera2end": {"type": "ndarray", "data": [[0.9999921119766282, 0.0025427836096643583, -0.0030512679392497026, -0.015148609568020267], [0.0030549940979984363, -0.0014627922475307642, 0.9999942636084979, 0.027424766593153294], [0.0025383056521753942, -0.9999956972359206, -0.0014705488979114278, 0.03444694714395933], [0.0, 0.0, 0.0, 1.0]]}, "Hobj2base": {"type": "ndarray", "data": [[0.9999956575499046, 0.0025167066466498076, 0.0015333195976808226, -0.7358843247232545], [0.0025234024275312904, -0.9999872209548253, -0.004380681138139268, 0.0880893448205291], [0.001522275113983208, 0.004384531297645012, -0.9999892292238839, -0.002363329223291997], [0.0, 0.0, 0.0, 1.0]]}, "mean_rme": {"type": "float", "data": 0.0014769566285664309}, "max_rme": {"type": "float", "data": 0.004968625119286224}, "simu": {"type": "float", "data": 0.002}}, {"type": "dict", "image_number": {"type": "int", "data": 17}, "Hcamera2end": {"type": "ndarray", "data": [[0.9999935872646252, 0.00246431181719815, -0.002598575935797084, -0.014984911952858102], [0.002602277687542355, -0.001500129371653225, 0.9999954888711775, 0.027447205032265564], [0.0024604025002843235, -0.9999958383809084, -0.0015065325753775838, 0.03448323922220979], [0.0, 0.0, 0.0, 1.0]]}, "Hobj2base": {"type": "ndarray", "data": [[0.9999958437301973, 0.002430058100360541, 0.0015515604917995395, -0.7358751916951034], [0.0024358186836395553, -0.9999901076859894, -0.0037217358186725324, 0.08852677286169267], [0.0015425011090023808, 0.003725499670169058, -0.9999918706382249, -0.0021902186032929667], [0.0, 0.0, 0.0, 1.0]]}, "mean_rme": {"type": "float", "data": 0.0014431423992207141}, "max_rme": {"type": "float", "data": 0.004984425431103445}, "simu": {"type": "float", "data": 0.002}}, {"type": "dict", "image_number": {"type": "int", "data": 18}, "Hcamera2end": {"type": "ndarray", "data": [[0.9999931979991709, 0.0021095447966225553, -0.003025520805085774, -0.01490995200773006], [0.0030288088198958617, -0.001557188397109499, 0.9999942007238986, 0.027391595053855078], [0.002104821256896938, -0.9999965624866153, -0.0015635672129985512, 0.03452891674731477], [0.0, 0.0, 0.0, 1.0]]}, "Hobj2base": {"type": "ndarray", "data": [[0.9999966230053651, 0.0020805313093506124, 0.0015573590904146306, -0.7357864320845717], [0.002086798503073408, -0.9999896880396311, -0.004033495557008609, 0.08842344285103464], [0.0015489512171969273, 0.004036731830534379, -0.9999906527294415, -0.0022529333149059593], [0.0, 0.0, 0.0, 1.0]]}, "mean_rme": {"type": "float", "data": 0.0014032724918743736}, "max_rme": {"type": "float", "data": 0.004878848413792408}, "simu": {"type": "float", "data": 0.002}}, {"type": "dict", "image_number": {"type": "int", "data": 19}, "Hcamera2end": {"type": "ndarray", "data": [[0.9999955843963413, 0.0012108532756390546, -0.002713857432659096, -0.014769461654106695], [0.0027158008719177515, -0.0016062693749641088, 0.9999950221497702, 0.027383140742730988], [0.0012064880621106995, -0.9999979768644736, -0.0016095507186968394, 0.03463962203226852], [0.0, 0.0, 0.0, 1.0]]}, "Hobj2base": {"type": "ndarray", "data": [[0.9999978727174599, 0.0012286146676601765, 0.0016568242373348069, -0.7355491373671712], [0.0012350452965049206, -0.9999916872781747, -0.0038858766918860354, 0.08870332748267905], [0.0016520362195154386, 0.003887914678509851, -0.9999910774080845, -0.0021763779463009718], [0.0, 0.0, 0.0, 1.0]]}, "mean_rme": {"type": "float", "data": 0.0014328574987876683}, "max_rme": {"type": "float", "data": 0.004822383168351874}, "simu": {"type": "float", "data": 0.002}}, {"type": "dict", "image_number": {"type": "int", "data": 20}, "Hcamera2end": {"type": "ndarray", "data": [[0.9999969471486773, 0.0007516561549945395, -0.002353870504149646, -0.014908843906275974], [0.002354735185368544, -0.0011515626457816452, 0.9999965645569391, 0.026490183981189602], [0.0007489429433770321, -0.9999990544578021, -0.0011533290814276231, 0.035910411027678356], [0.0, 0.0, 0.0, 1.0]]}, "Hobj2base": {"type": "ndarray", "data": [[0.9999988772135444, 0.0008041215972691653, 0.0012644999436241375, -0.7370406854701481], [0.0008084863222832048, -0.9999937045544858, -0.003455025508129157, 0.08890276965753725], [0.0012617137224034374, 0.003456043959782261, -0.9999932318964115, -0.0012801828145695276], [0.0, 0.0, 0.0, 1.0]]}, "mean_rme": {"type": "float", "data": 0.001455816619305834}, "max_rme": {"type": "float", "data": 0.004708286900289238}, "simu": {"type": "float", "data": 0.002}}, {"type": "dict", "image_number": {"type": "int", "data": 21}, "Hcamera2end": {"type": "ndarray", "data": [[0.9999973673939807, 0.0008125610106153126, -0.002145914656279968, -0.014991016382640603], [0.0021464514012270526, -0.0006602646788416155, 0.9999974783952891, 0.025435158494157444], [0.0008111420900062902, -0.999999451897429, -0.0006620070633447384, 0.036801816937673044], [0.0, 0.0, 0.0, 1.0]]}, "Hobj2base": {"type": "ndarray", "data": [[0.9999992226759052, 0.0008817929684226017, 0.0008815263729404548, -0.7382490242132944], [0.0008846892145859289, -0.9999941948951145, -0.003290516838512047, 0.08888492275742672], [0.0008786197009767249, 0.0032912941575885374, -0.9999941976882609, -0.00023878451222938044], [0.0, 0.0, 0.0, 1.0]]}, "mean_rme": {"type": "float", "data": 0.0014567447708757275}, "max_rme": {"type": "float", "data": 0.004798961343619512}, "simu": {"type": "float", "data": 0.002}}, {"type": "dict", "image_number": {"type": "int", "data": 22}, "Hcamera2end": {"type": "ndarray", "data": [[0.9999972471096129, 0.001087572958256433, -0.0020791724931612764, -0.014961645373379115], [0.002079670657014288, -0.00045712080492377183, 0.9999977330026945, 0.02505863898630493], [0.0010866200597278177, -0.9999993041125731, -0.00045938134008904896, 0.036141245867182106], [0.0, 0.0, 0.0, 1.0]]}, "Hobj2base": {"type": "ndarray", "data": [[0.9999990537880571, 0.0011824579441289224, 0.0007030051215584272, -0.737768457007219], [0.0011847685369437337, -0.9999938681277964, -0.0032954560110966657, 0.0888391634648309], [0.0006991040726810147, 0.0032962857912461636, -0.9999943228606241, 0.00021611323034218734], [0.0, 0.0, 0.0, 1.0]]}, "mean_rme": {"type": "float", "data": 0.0014492354558450383}, "max_rme": {"type": "float", "data": 0.004832105210422155}, "simu": {"type": "float", "data": 0.002}}, {"type": "dict", "image_number": {"type": "int", "data": 23}, "Hcamera2end": {"type": "ndarray", "data": [[0.9999974330914493, 0.0008282072445065879, -0.0021090005387558444, -0.014955096030429882], [0.0021091911145057454, -0.0002293003856457254, 0.999997749364555, 0.025301767282450118], [0.0008277217858771438, -0.9999996307469784, -0.00023104664441353506, 0.035476531084997556], [0.0, 0.0, 0.0, 1.0]]}, "Hobj2base": {"type": "ndarray", "data": [[0.9999994611125076, 0.0009423227732870994, 0.00043566327053888484, -0.7371521626550729], [0.0009437465015402835, -0.9999941774805274, -0.003279382195631181, 0.08895485144460868], [0.00043257049735575295, 0.0032797915841005537, -0.9999945279099933, 7.890775599829299e-05], [0.0, 0.0, 0.0, 1.0]]}, "mean_rme": {"type": "float", "data": 0.0014427998500676597}, "max_rme": {"type": "float", "data": 0.00484192933302019}, "simu": {"type": "float", "data": 0.002}}, {"type": "dict", "image_number": {"type": "int", "data": 24}, "Hcamera2end": {"type": "ndarray", "data": [[0.9999971686981198, 0.0006236518439220913, -0.002296443798946718, -0.014866406907580905], [0.0022965451347469784, -0.00016182029034483847, 0.9999973498438073, 0.024913683578098755], [0.0006232785799449884, -0.9999997924362642, -0.00016325207679068754, 0.0348921756230572], [0.0, 0.0, 0.0, 1.0]]}, "Hobj2base": {"type": "ndarray", "data": [[0.99999960859036, 0.0007496019424487949, 0.00047001707918968544, -0.7365774377300854], [0.0007512221542310621, -0.9999937441677129, -0.0034564853122127505, 0.08883516337438045], [0.00046742315073758557, 0.003456837046553833, -0.9999939158781075, 0.00047798467668732036], [0.0, 0.0, 0.0, 1.0]]}, "mean_rme": {"type": "float", "data": 0.0014571132742860365}, "max_rme": {"type": "float", "data": 0.004867497739410476}, "simu": {"type": "float", "data": 0.002}}, {"type": "dict", "image_number": {"type": "int", "data": 25}, "Hcamera2end": {"type": "ndarray", "data": [[0.9999981483575183, 0.0005079183591993041, -0.0018561520614511526, -0.014996717563700912], [0.0018561786889424556, -5.1958375398175605e-05, 0.9999982759490148, 0.024354891063830673], [0.0005078210408765512, -0.9999998696596254, -5.29010664238605e-05, 0.03521134867355703], [0.0, 0.0, 0.0, 1.0]]}, "Hobj2base": {"type": "ndarray", "data": [[0.9999997203714892, 0.0006557134244598751, 0.00035957870968680085, -0.737013875132889], [0.0006568131034385962, -0.9999950819607937, -0.003066700306982245, 0.08905873642184427], [0.00035756606470452535, 0.003066935625453645, -0.9999952330148272, 0.0010748984192312028], [0.0, 0.0, 0.0, 1.0]]}, "mean_rme": {"type": "float", "data": 0.0015181721161340418}, "max_rme": {"type": "float", "data": 0.004961146400984051}, "simu": {"type": "float", "data": 0.002}}, {"type": "dict", "image_number": {"type": "int", "data": 26}, "Hcamera2end": {"type": "ndarray", "data": [[0.9999983082552283, 0.0005526021120823086, -0.0017544564933756974, -0.014926447696645], [0.0017545260320545994, -0.0001253789750723655, 0.9999984529580611, 0.024568801780443645], [0.0005523812852267173, -0.9999998394554964, -0.0001263483177542657, 0.03466650636918852], [0.0, 0.0, 0.0, 1.0]]}, "Hobj2base": {"type": "ndarray", "data": [[0.9999996613197422, 0.000701308134005267, 0.0004307288033646934, -0.7364161467066003], [0.0007025900893668012, -0.9999953030069917, -0.002983342273620425, 0.08909158107561942], [0.00042863453803150363, 0.0029836438890097437, -0.9999954570604692, 0.0009144570638475222], [0.0, 0.0, 0.0, 1.0]]}, "mean_rme": {"type": "float", "data": 0.0015233206495101192}, "max_rme": {"type": "float", "data": 0.0049281482360902795}, "simu": {"type": "float", "data": 0.002}}, {"type": "dict", "image_number": {"type": "int", "data": 27}, "Hcamera2end": {"type": "ndarray", "data": [[0.999998767430773, 0.0001760399230133949, -0.001560175272327941, -0.014767780480758181], [0.001560200510277159, -0.00014331878449724833, 0.9999987726162936, 0.024662301850020663], [0.000175816104521229, -0.9999999742348353, -0.00014359326542456863, 0.033973007866088784], [0.0, 0.0, 0.0, 1.0]]}, "Hobj2base": {"type": "ndarray", "data": [[0.9999998172031709, 0.0003205698093724469, 0.0005126681403004185, -0.7356114599223859], [0.00032196229362686465, -0.9999962533701303, -0.0027183792937435836, 0.0892383268301831], [0.0005117947891906531, 0.0027185438566427887, -0.9999961737853771, 0.0009070189289388848], [0.0, 0.0, 0.0, 1.0]]}, "mean_rme": {"type": "float", "data": 0.0015558969871305322}, "max_rme": {"type": "float", "data": 0.004908262490641635}, "simu": {"type": "float", "data": 0.002}}, {"type": "dict", "image_number": {"type": "int", "data": 28}, "Hcamera2end": {"type": "ndarray", "data": [[0.9999989363541489, 0.0004606065572606928, -0.0013838830045329034, -0.01472753119533165], [0.0013839188223257865, -7.745259454972064e-05, 0.9999990393844329, 0.024139405602455297], [0.0004604989294656092, -0.9999998909213414, -7.808995425184762e-05, 0.033661901955861204], [0.0, 0.0, 0.0, 1.0]]}, "Hobj2base": {"type": "ndarray", "data": [[0.9999997072922099, 0.0005964949347689555, 0.000479175633149274, -0.7354311334583327], [0.0005977058209095331, -0.9999966187332592, -0.0025308634496737474, 0.0892906624610152], [0.0004776643657003202, 0.0025311491149354716, -0.9999966825549533, 0.0014886315160816776], [0.0, 0.0, 0.0, 1.0]]}, "mean_rme": {"type": "float", "data": 0.0015636244758245501}, "max_rme": {"type": "float", "data": 0.004951991164672764}, "simu": {"type": "float", "data": 0.002}}, {"type": "dict", "image_number": {"type": "int", "data": 29}, "Hcamera2end": {"type": "ndarray", "data": [[0.9999997501543207, 7.596169978547971e-05, -0.0007027952164556738, -0.014591628758662555], [0.0007028030708944199, -0.00010342279996478076, 0.9999997476857523, 0.02433417819827009], [7.588899557017293e-05, -0.9999999917667723, -0.00010347616024097839, 0.032683890134717744], [0.0, 0.0, 0.0, 1.0]]}, "Hobj2base": {"type": "ndarray", "data": [[0.9999997902554751, 0.00017254928878455782, 0.0006242721751766676, -0.734299196588257], [0.0001736703149512824, -0.9999983718860255, -0.0017961246949984942, 0.08976206686436605], [0.0006239612387517249, 0.0017962327358164516, -0.9999981921085312, 0.0014657113778635143], [0.0, 0.0, 0.0, 1.0]]}, "mean_rme": {"type": "float", "data": 0.0015828373697874406}, "max_rme": {"type": "float", "data": 0.005041047258657838}, "simu": {"type": "float", "data": 0.002}}, {"type": "dict", "image_number": {"type": "int", "data": 30}, "Hcamera2end": {"type": "ndarray", "data": [[0.9999997502690615, -0.0005740798513401506, -0.00041218216714840783, -0.01446509152704497], [0.00041212161465047065, -0.000105591784997916, 0.9999999095030708, 0.024309239488553867], [-0.0005741233224384604, -0.9999998296413352, -0.00010535516791310151, 0.03220199185120623], [0.0, 0.0, 0.0, 1.0]]}, "Hobj2base": {"type": "ndarray", "data": [[0.9999996741504158, -0.0005176959249910104, 0.0006194271478866042, -0.7337174707203986], [-0.0005168619739410631, -0.999998960932015, -0.001345729761423819, 0.09011628774369382], [0.0006201231830733138, 0.001345409164579966, -0.999998902660107, 0.0015847993970855975], [0.0, 0.0, 0.0, 1.0]]}, "mean_rme": {"type": "float", "data": 0.0015609718459780899}, "max_rme": {"type": "float", "data": 0.004995333914835198}, "simu": {"type": "float", "data": 0.002}}]}