{"type": "list", "data": [{"type": "dict", "image_number": {"type": "int", "data": 5}, "Hcamera2end": {"type": "ndarray", "data": [[0.9999990081237334, 0.0011209706974549972, 0.0008527462957225878, -0.013261946842265879], [-0.0008540093736400228, 0.0011267762400589687, 0.9999990005211479, 0.021030252632655795], [0.0011200087228036726, -0.9999987368992025, 0.001127732441919549, 0.038944253102205714], [0.0, 0.0, 0.0, 1.0]]}, "Hobj2base": {"type": "ndarray", "data": [[0.9999977653666756, 0.0005797407276325065, 0.0020330180382655996, -0.7401038140854481], [0.0005807122384725783, -0.9999997174748678, -0.00047730857976316984, 0.0919173261379091], [0.0020327407486635724, 0.0004784881116093678, -0.9999978195047106, 0.0011186612087745295], [0.0, 0.0, 0.0, 1.0]]}, "mean_rme": {"type": "float", "data": 0.0012813408760443687}, "max_rme": {"type": "float", "data": 0.0034834392143087145}, "simu": {"type": "float", "data": 0.002}}, {"type": "dict", "image_number": {"type": "int", "data": 6}, "Hcamera2end": {"type": "ndarray", "data": [[0.9999988789921659, 0.0008947972619627908, 0.0012005633142504193, -0.013484455337355927], [-0.0012013897555989779, 0.0009236428586146816, 0.9999988517726031, 0.021227115518352102], [0.0008936873428005381, -0.9999991731105229, 0.0009247168234677305, 0.03893803317096264], [0.0, 0.0, 0.0, 1.0]]}, "Hobj2base": {"type": "ndarray", "data": [[0.9999984369080248, 0.0006157535040915516, 0.0016574164018929437, -0.7401737015255413], [0.000616294468193542, -0.9999997569854426, -0.0003258990399161213, 0.092312340532838], [0.001657215325640822, 0.00032691998706592715, -0.9999985733793257, 0.0011014199402123264], [0.0, 0.0, 0.0, 1.0]]}, "mean_rme": {"type": "float", "data": 0.001281110450898803}, "max_rme": {"type": "float", "data": 0.0034269576102011756}, "simu": {"type": "float", "data": 0.002}}, {"type": "dict", "image_number": {"type": "int", "data": 7}, "Hcamera2end": {"type": "ndarray", "data": [[0.9999994083961078, 0.0005227188099415324, 0.0009539247770031455, -0.013317810578009464], [-0.0009538480179935435, -0.00014707532652158406, 0.9999995342712951, 0.021069325477880003], [0.0005228588652944326, -0.9999998525669362, -0.00014657664521045, 0.039120983955554134], [0.0, 0.0, 0.0, 1.0]]}, "Hobj2base": {"type": "ndarray", "data": [[0.999998633165141, 0.00016807057682552304, 0.00164481613890222, -0.7396785877154156], [0.00016883720521539792, -0.999999877187707, -0.000465959836059083, 0.09210669991848992], [0.0016447376227601545, 0.0004662369053289217, -0.9999985387295824, 0.0012529830939057257], [0.0, 0.0, 0.0, 1.0]]}, "mean_rme": {"type": "float", "data": 0.0012658183801354497}, "max_rme": {"type": "float", "data": 0.003515804836196401}, "simu": {"type": "float", "data": 0.002}}, {"type": "dict", "image_number": {"type": "int", "data": 8}, "Hcamera2end": {"type": "ndarray", "data": [[0.9999995471725669, 0.0006366687689046036, 0.0007073242112356571, -0.012921800462558222], [-0.0007074567238413863, 0.00020793315697997805, 0.9999997281343563, 0.021128079717494117], [0.0006365215196599879, -0.9999997757083156, 0.0002083834784235572, 0.039114882328471115], [0.0, 0.0, 0.0, 1.0]]}, "Hobj2base": {"type": "ndarray", "data": [[0.9999991361519883, 0.00029203392610970604, 0.001281566019806545, -0.7400352549668154], [0.00029290737149897207, -0.9999997249423858, -0.0006814106136352729, 0.09199501258696079], [0.0012813666722852604, 0.0006817854051343331, -0.9999989466335013, 0.0014818596759012675], [0.0, 0.0, 0.0, 1.0]]}, "mean_rme": {"type": "float", "data": 0.0013280499210446622}, "max_rme": {"type": "float", "data": 0.0032347166236091907}, "simu": {"type": "float", "data": 0.002}}, {"type": "dict", "image_number": {"type": "int", "data": 9}, "Hcamera2end": {"type": "ndarray", "data": [[0.999999567774984, 0.0005684775448648773, 0.0007357194616489699, -0.013078051344732711], [-0.0007356156920879219, -0.000182726953491974, 0.9999997127401659, 0.021158150492649727], [0.000568611817339964, -0.9999998217220549, -0.00018230869351021362, 0.03921209002710037], [0.0, 0.0, 0.0, 1.0]]}, "Hobj2base": {"type": "ndarray", "data": [[0.9999986588335623, 0.00013207425909833505, 0.0016324483044257473, -0.7397637042214069], [0.00013289860736282063, -0.9999998637178291, -0.0005048784837265942, 0.09215089713932806], [0.0016323814005004755, 0.0005050947567067667, -0.9999985401040592, 0.001344772084097877], [0.0, 0.0, 0.0, 1.0]]}, "mean_rme": {"type": "float", "data": 0.0013489306097665284}, "max_rme": {"type": "float", "data": 0.003293522452307185}, "simu": {"type": "float", "data": 0.002}}, {"type": "dict", "image_number": {"type": "int", "data": 10}, "Hcamera2end": {"type": "ndarray", "data": [[0.9999995754759118, 0.00036255035436993536, 0.0008471158343148824, -0.01295133591407992], [-0.0008472261791782057, 0.00030431206215464357, 0.9999995948009032, 0.021330876732936987], [0.000362292419898435, -0.9999998879756985, 0.0003046190951182526, 0.03926208050136666], [0.0, 0.0, 0.0, 1.0]]}, "Hobj2base": {"type": "ndarray", "data": [[0.9999995856611444, -4.295472562830746e-05, 0.0009093032667822933, -0.740234163879039], [-4.248008268830582e-05, -0.999999862856662, -0.000521998179854412, 0.09242354164054598], [0.0009093255643660022, 0.0005219593362923219, -0.9999994503425835, 0.0015150090291735751], [0.0, 0.0, 0.0, 1.0]]}, "mean_rme": {"type": "float", "data": 0.0013756539345837005}, "max_rme": {"type": "float", "data": 0.0031246245475584633}, "simu": {"type": "float", "data": 0.002}}, {"type": "dict", "image_number": {"type": "int", "data": 11}, "Hcamera2end": {"type": "ndarray", "data": [[0.9999997204671955, 0.0002818858038611003, 0.0006925358650614254, -0.012786210930661807], [-0.0006925634658687849, 9.78290220634559e-05, 0.9999997553926342, 0.021277552466177928], [0.00028181798480333346, -0.9999999554849371, 9.802421852633803e-05, 0.039281412640271504], [0.0, 0.0, 0.0, 1.0]]}, "Hobj2base": {"type": "ndarray", "data": [[0.999999670751862, -0.00012134877880727494, 0.000802353190022923, -0.7402240675181453], [-0.00012075885177123504, -0.9999997224096473, -0.0007352536485831572, 0.0922242641947608], [0.0008024421894297872, 0.0007351565152523202, -0.9999994078155399, 0.0015763089487305447], [0.0, 0.0, 0.0, 1.0]]}, "mean_rme": {"type": "float", "data": 0.0013804261794200324}, "max_rme": {"type": "float", "data": 0.0031406109398979254}, "simu": {"type": "float", "data": 0.002}}, {"type": "dict", "image_number": {"type": "int", "data": 12}, "Hcamera2end": {"type": "ndarray", "data": [[0.9999998006785881, 0.00029563991768731643, 0.000557888719340856, -0.012689903798555526], [-0.0005579088655821493, 6.806643534051915e-05, 0.9999998420523167, 0.02118469403355002], [0.0002956018974952339, -0.9999999539819989, 6.823136190459156e-05, 0.039281244155727854], [0.0, 0.0, 0.0, 1.0]]}, "Hobj2base": {"type": "ndarray", "data": [[0.9999997036994142, -8.068144547253914e-05, 0.000765566188065049, -0.740209439579362], [-8.013714935286148e-05, -0.9999997440455239, -0.0007109760358677432, 0.09206522422046635], [0.0007656233546892267, 0.0007109144749131749, -0.999999454210595, 0.0016421792032164974], [0.0, 0.0, 0.0, 1.0]]}, "mean_rme": {"type": "float", "data": 0.001327962539120827}, "max_rme": {"type": "float", "data": 0.0032493503867267737}, "simu": {"type": "float", "data": 0.002}}, {"type": "dict", "image_number": {"type": "int", "data": 13}, "Hcamera2end": {"type": "ndarray", "data": [[0.9999996034793414, 0.0003791640649535461, 0.0008057765024403318, -0.012549971693910915], [-0.0008057783209398274, 4.643338854637413e-06, 0.9999996753498158, 0.021302600780127735], [0.0003791602003645205, -0.9999999281065232, 4.9488591971069695e-06, 0.03927153475541814], [0.0, 0.0, 0.0, 1.0]]}, "Hobj2base": {"type": "ndarray", "data": [[0.9999996796047836, -6.133539760795547e-05, 0.0007981405258471951, -0.740243003926252], [-6.106888512133024e-05, -0.9999999423783901, -0.0003339368318337432, 0.09241548285575477], [0.0007981609620054096, 0.00033388798328989606, -0.9999996257288766, 0.0017966825485702985], [0.0, 0.0, 0.0, 1.0]]}, "mean_rme": {"type": "float", "data": 0.0013510692002752214}, "max_rme": {"type": "float", "data": 0.0031400744414390447}, "simu": {"type": "float", "data": 0.002}}, {"type": "dict", "image_number": {"type": "int", "data": 14}, "Hcamera2end": {"type": "ndarray", "data": [[0.9999992480890347, 0.0003052777461999447, 0.001187698136214003, -0.01227985600984297], [-0.001187645371119984, -0.0001729661155494, 0.9999992797903385, 0.021359697989970998], [0.00030548295786902833, -0.9999999384441085, -0.00017260342379210591, 0.039290452139320434], [0.0, 0.0, 0.0, 1.0]]}, "Hobj2base": {"type": "ndarray", "data": [[0.9999997877768289, -8.725571538330319e-05, 0.0006456258494109869, -0.7403398129629205], [-8.737207044261263e-05, -0.9999999799480206, 0.00018019456111854763, 0.09273861460110878], [0.0006456101134595719, -0.00018025093254428075, -0.9999997753485661, 0.0020814848458133544], [0.0, 0.0, 0.0, 1.0]]}, "mean_rme": {"type": "float", "data": 0.0014108368575623787}, "max_rme": {"type": "float", "data": 0.003607925011830493}, "simu": {"type": "float", "data": 0.002}}, {"type": "dict", "image_number": {"type": "int", "data": 15}, "Hcamera2end": {"type": "ndarray", "data": [[0.9999986550524331, -5.49734002858387e-05, 0.0016391678529721874, -0.012146321076206867], [-0.001639183787540733, -0.00029107811313067167, 0.9999986141740611, 0.0214129483416792], [-5.449619821652676e-05, -0.9999999561257278, -0.00029116783315252803, 0.039364186016440136], [0.0, 0.0, 0.0, 1.0]]}, "Hobj2base": {"type": "ndarray", "data": [[0.9999996022592018, -0.00041661712013957904, 0.0007886137288499003, -0.7401439163806214], [-0.00041716270708404475, -0.99999967369924, 0.0006917923748503321, 0.0931235923386753], [0.0007883252589776963, -0.0006921210799342515, -0.9999994497556972, 0.002238382501589272], [0.0, 0.0, 0.0, 1.0]]}, "mean_rme": {"type": "float", "data": 0.0014130048287632}, "max_rme": {"type": "float", "data": 0.0034334511878383323}, "simu": {"type": "float", "data": 0.002}}, {"type": "dict", "image_number": {"type": "int", "data": 16}, "Hcamera2end": {"type": "ndarray", "data": [[0.9999985649668347, 0.0006675915035880424, 0.0015570439478713588, -0.012139434768191834], [-0.0015570027858107897, -6.217284464571371e-05, 0.9999987859376942, 0.0214078801685999], [0.0006676874989418399, -0.9999997752280356, -6.113331359469676e-05, 0.03925782112890476], [0.0, 0.0, 0.0, 1.0]]}, "Hobj2base": {"type": "ndarray", "data": [[0.9999997628638644, 0.0003681925187114133, 0.0005819849518582439, -0.7405033896878277], [0.0003678099968285385, -0.9999997163746539, 0.0006572415213902836, 0.0929375833770894], [0.0005822267782037232, -0.0006570273056512718, -0.9999996146634749, 0.0022568407275890927], [0.0, 0.0, 0.0, 1.0]]}, "mean_rme": {"type": "float", "data": 0.0014057448361369195}, "max_rme": {"type": "float", "data": 0.0034663560478569444}, "simu": {"type": "float", "data": 0.002}}, {"type": "dict", "image_number": {"type": "int", "data": 17}, "Hcamera2end": {"type": "ndarray", "data": [[0.9999991948932756, 0.0005052369097191346, 0.0011640225365715602, -0.012141658754591991], [-0.0011640240220225856, 2.646063781308605e-06, 0.9999993225203075, 0.02136409221287388], [0.000505233487353514, -0.9999998723643234, 3.2341695507254187e-06, 0.03927195109575546], [0.0, 0.0, 0.0, 1.0]]}, "Hobj2base": {"type": "ndarray", "data": [[0.9999997646333892, 0.00026784034618437835, 0.0006316602845582107, -0.7404360443636725], [0.00026756788904738293, -0.9999998711593578, 0.0004313799861755469, 0.09275571241931933], [0.0006317757441395283, -0.0004312108726341673, -0.9999997074582534, 0.002182582670466909], [0.0, 0.0, 0.0, 1.0]]}, "mean_rme": {"type": "float", "data": 0.0013779219068686887}, "max_rme": {"type": "float", "data": 0.003569620604369772}, "simu": {"type": "float", "data": 0.002}}, {"type": "dict", "image_number": {"type": "int", "data": 18}, "Hcamera2end": {"type": "ndarray", "data": [[0.9999998282642784, -0.00027102032921473096, 0.0005196339047077186, -0.012289580408490042], [-0.0005197025854975654, -0.0002534068085058294, 0.9999998328470919, 0.02134871529783012], [-0.0002708886051435113, -0.9999999311664828, -0.000253547614952776, 0.0393254412953019], [0.0, 0.0, 0.0, 1.0]]}, "Hobj2base": {"type": "ndarray", "data": [[0.9999996462400637, -0.0005403867057799057, 0.0006445944118270154, -0.7401961356270129], [-0.0005401542445759624, -0.9999997890459122, -0.00036075133110571894, 0.09251298659591445], [0.0006447892210706114, 0.0003604030230787727, -0.9999997271782233, 0.0019653591090084996], [0.0, 0.0, 0.0, 1.0]]}, "mean_rme": {"type": "float", "data": 0.0013674152893851613}, "max_rme": {"type": "float", "data": 0.0037474783025270297}, "simu": {"type": "float", "data": 0.002}}, {"type": "dict", "image_number": {"type": "int", "data": 19}, "Hcamera2end": {"type": "ndarray", "data": [[0.9999994820656961, -0.00034391419281240505, -0.0009579098953275515, -0.012503722089207702], [0.00095779663041024, -0.00032935441446180214, 0.9999994870755107, 0.02129650159944075], [-0.0003442295082630761, -0.9999998866243425, -0.0003290248440228627, 0.03931585728275182], [0.0, 0.0, 0.0, 1.0]]}, "Hobj2base": {"type": "ndarray", "data": [[0.9999996307219277, -0.0006308003972402306, 0.0005836496098899069, -0.7401932372939877], [-0.0006297541985213253, -0.9999981979299783, -0.001790962435549972, 0.09176491866455776], [0.000584778297928229, 0.001790594218394523, -0.9999982259017701, 0.0015887013519566152], [0.0, 0.0, 0.0, 1.0]]}, "mean_rme": {"type": "float", "data": 0.0013955938344936472}, "max_rme": {"type": "float", "data": 0.0038729020774216916}, "simu": {"type": "float", "data": 0.002}}, {"type": "dict", "image_number": {"type": "int", "data": 20}, "Hcamera2end": {"type": "ndarray", "data": [[0.9999996760077271, -0.0004659987042965941, -0.0006563761485459757, -0.012561489034456811], [0.00065651786640649, 0.0003040286212613319, 0.9999997382754098, 0.01945932597341938], [-0.00046579902519780313, -0.9999998452058902, 0.0003043344592335018, 0.04047261648837236], [0.0, 0.0, 0.0, 1.0]]}, "Hobj2base": {"type": "ndarray", "data": [[0.9999997211743599, -0.0007246703757594047, 0.0001802887936814155, -0.7417568469229675], [-0.000724393752079272, -0.999998567635624, -0.0015296994451082407, 0.09177228894093334], [0.00018139706331385557, 0.001529568418513101, -0.9999988137570757, 0.0033911179132931762], [0.0, 0.0, 0.0, 1.0]]}, "mean_rme": {"type": "float", "data": 0.001487239018444043}, "max_rme": {"type": "float", "data": 0.004053829164158529}, "simu": {"type": "float", "data": 0.002}}, {"type": "dict", "image_number": {"type": "int", "data": 21}, "Hcamera2end": {"type": "ndarray", "data": [[0.9999997045029458, -0.0004227034688933861, -0.0006421182120943984, -0.012498108177008582], [0.0006421540337106168, 8.46138141110675e-05, 0.9999997902393277, 0.0189043944448622], [-0.00042264904815578685, -0.9999999070811355, 8.48852298455105e-05, 0.039408457021420144], [0.0, 0.0, 0.0, 1.0]]}, "Hobj2base": {"type": "ndarray", "data": [[0.9999996246841543, -0.0006678976887335065, 0.0005518552600436962, -0.7406326959400671], [-0.0006670500319988431, -0.9999985997589622, -0.0015347717647745094, 0.09182300844016628], [0.0005528795578277404, 0.0015344030736814758, -0.9999986699648165, 0.003961713740867108], [0.0, 0.0, 0.0, 1.0]]}, "mean_rme": {"type": "float", "data": 0.0014764412322181668}, "max_rme": {"type": "float", "data": 0.004005344625871432}, "simu": {"type": "float", "data": 0.002}}, {"type": "dict", "image_number": {"type": "int", "data": 22}, "Hcamera2end": {"type": "ndarray", "data": [[0.9999993463893516, -0.0006369394336592415, -0.0009494888243028719, -0.012480273707231124], [0.0009498868368766071, 0.0006248717263134251, 0.9999993536249526, 0.017854301440664407], [-0.0006363457132367272, -0.9999996019216627, 0.0006254763382744777, 0.03852637823668913], [0.0, 0.0, 0.0, 1.0]]}, "Hobj2base": {"type": "ndarray", "data": [[0.999999517870455, -0.0009061480316712406, 0.000378357770010914, -0.7399467719645013], [-0.0009054522766194098, -0.9999979064245967, -0.0018350211438079174, 0.09181950812630256], [0.0003800197786879297, 0.0018346776741857756, -0.9999982447698594, 0.005063281055990296], [0.0, 0.0, 0.0, 1.0]]}, "mean_rme": {"type": "float", "data": 0.0015115890007591723}, "max_rme": {"type": "float", "data": 0.004121475307284045}, "simu": {"type": "float", "data": 0.002}}, {"type": "dict", "image_number": {"type": "int", "data": 23}, "Hcamera2end": {"type": "ndarray", "data": [[0.9999987789235322, -0.001006870405793398, -0.0011951415943842886, -0.012319847531076785], [0.0011958687167701897, 0.0007218685870936659, 0.999999024401402, 0.017823440154436487], [-0.0010060066883179264, -0.9999992325585702, 0.0007230717904570527, 0.03776920947314993], [0.0, 0.0, 0.0, 1.0]]}, "Hobj2base": {"type": "ndarray", "data": [[0.9999991136844287, -0.001255850408460503, 0.0004421200160361941, -0.7391143505028339], [-0.0012549618310420982, -0.9999972037549751, -0.0020043834547574866, 0.09174497925280983], [0.00044463598554066744, 0.0020038268344963546, -0.9999978934862104, 0.005127316431176291], [0.0, 0.0, 0.0, 1.0]]}, "mean_rme": {"type": "float", "data": 0.0015632405353225758}, "max_rme": {"type": "float", "data": 0.004036479725788994}, "simu": {"type": "float", "data": 0.002}}, {"type": "dict", "image_number": {"type": "int", "data": 24}, "Hcamera2end": {"type": "ndarray", "data": [[0.9999981162859717, -0.0006647782487795559, -0.0018235938111818796, -0.012361768693250997], [0.0018241541302860221, 0.0008432365145567555, 0.9999979807049062, 0.01745566931748559], [-0.0006632391855067908, -0.9999994235108642, 0.0008444475841284937, 0.037108143341736996], [0.0, 0.0, 0.0, 1.0]]}, "Hobj2base": {"type": "ndarray", "data": [[0.9999993721818868, -0.0009627550782938258, 0.0005733572109751846, -0.738504407397997], [-0.0009611814773811887, -0.9999957883134349, -0.0027385188624020904, 0.0914811390499154], [0.0005759913191161032, 0.002737966042779233, -0.9999960858803145, 0.005403705562944369], [0.0, 0.0, 0.0, 1.0]]}, "mean_rme": {"type": "float", "data": 0.0015737438892518452}, "max_rme": {"type": "float", "data": 0.00441497412186323}, "simu": {"type": "float", "data": 0.002}}, {"type": "dict", "image_number": {"type": "int", "data": 25}, "Hcamera2end": {"type": "ndarray", "data": [[0.9999982600618827, -0.0007195301701940432, -0.0017210896377549282, -0.012411570296765144], [0.0017217656358256964, 0.0009399378628306421, 0.9999980760181038, 0.01730273284139923], [-0.0007179110685151708, -0.9999992993963287, 0.0009411750897179161, 0.03753696086161529], [0.0, 0.0, 0.0, 1.0]]}, "Hobj2base": {"type": "ndarray", "data": [[0.999999340360734, -0.0009933831485402637, 0.0005766003963615997, -0.738949745644226], [-0.0009918704736046116, -0.9999960815949176, -0.002617821188313393, 0.0915370879907736], [0.0005791986364620385, 0.0026172475485875257, -0.9999964072656504, 0.005533974308752874], [0.0, 0.0, 0.0, 1.0]]}, "mean_rme": {"type": "float", "data": 0.0015593609271681345}, "max_rme": {"type": "float", "data": 0.004560932715790472}, "simu": {"type": "float", "data": 0.002}}, {"type": "dict", "image_number": {"type": "int", "data": 26}, "Hcamera2end": {"type": "ndarray", "data": [[0.9999985415906034, -0.0009301540136854214, -0.0014323512757232356, -0.012351672612914068], [0.0014332201323198903, 0.0009341059396731355, 0.9999985366620022, 0.017573760952317503], [-0.0009288146847213578, -0.9999991311294246, 0.0009354376928228936, 0.036899952584920306], [0.0, 0.0, 0.0, 1.0]]}, "Hobj2base": {"type": "ndarray", "data": [[0.9999990839306024, -0.0011950076405564715, 0.0006356844303954756, -0.7382212999746758], [-0.001193540817802761, -0.9999966361278485, -0.002302866323303602, 0.09175079983862823], [0.0006384342348858512, 0.002302105498403318, -0.999997146351929, 0.005361925300122045], [0.0, 0.0, 0.0, 1.0]]}, "mean_rme": {"type": "float", "data": 0.001548473723770209}, "max_rme": {"type": "float", "data": 0.004382368366110945}, "simu": {"type": "float", "data": 0.002}}, {"type": "dict", "image_number": {"type": "int", "data": 27}, "Hcamera2end": {"type": "ndarray", "data": [[0.9999980663608266, -0.0016703296646640292, -0.001037917828777113, -0.012262629764540272], [0.0010393511825501822, 0.0008574871546382923, 0.9999990922320374, 0.018354537742420123], [-0.0016694381471865265, -0.9999982373557419, 0.0008592215556797456, 0.03616467670837082], [0.0, 0.0, 0.0, 1.0]]}, "Hobj2base": {"type": "ndarray", "data": [[0.9999978255397948, -0.0019401914753573674, 0.0007645735550936882, -0.7372098862877237], [-0.0019387779946677308, -0.9999964182878247, -0.0018451426529259081, 0.0921362136282383], [0.000768150746657302, 0.001843656302352716, -0.9999980054359456, 0.004699807470888074], [0.0, 0.0, 0.0, 1.0]]}, "mean_rme": {"type": "float", "data": 0.0015699477655192454}, "max_rme": {"type": "float", "data": 0.005067153513005629}, "simu": {"type": "float", "data": 0.002}}, {"type": "dict", "image_number": {"type": "int", "data": 28}, "Hcamera2end": {"type": "ndarray", "data": [[0.9999972179296333, -0.00213565822640897, -0.0010015472697022445, -0.012284223361513441], [0.0010033682033733075, 0.0008517325694478162, 0.999999133901564, 0.018577143101350918], [-0.0021348033262892745, -0.9999973567542916, 0.00085387305142548, 0.0361270216831185], [0.0, 0.0, 0.0, 1.0]]}, "Hobj2base": {"type": "ndarray", "data": [[0.9999967994560158, -0.0024057333753554544, 0.000783278144412196, -0.737066783105077], [-0.0024043670354112253, -0.9999955945159862, -0.0017406802634267735, 0.09230635831394464], [0.0007874623062984002, 0.0017387914041530452, -0.9999981782521257, 0.004490422266837463], [0.0, 0.0, 0.0, 1.0]]}, "mean_rme": {"type": "float", "data": 0.0015594259129830276}, "max_rme": {"type": "float", "data": 0.004937359059652979}, "simu": {"type": "float", "data": 0.002}}, {"type": "dict", "image_number": {"type": "int", "data": 29}, "Hcamera2end": {"type": "ndarray", "data": [[0.9999966511810886, -0.0024565714805299924, -0.0008141763747252293, -0.012231617915350207], [0.0008162488044198263, 0.0008427422483460179, 0.9999993117614592, 0.018950860996538053], [-0.002455883648994235, -0.9999966275153451, 0.0008447445996887515, 0.035960605099763565], [0.0, 0.0, 0.0, 1.0]]}, "Hobj2base": {"type": "ndarray", "data": [[0.999995873997393, -0.002728223098769582, 0.000899325810539743, -0.7367478828631037], [-0.0027268033471411534, -0.9999950401377773, -0.0015761482644579242, 0.09241200701226046], [0.0009036214341098089, 0.0015736894766357258, -0.9999983534835122, 0.004141945284095738], [0.0, 0.0, 0.0, 1.0]]}, "mean_rme": {"type": "float", "data": 0.0015669558977151222}, "max_rme": {"type": "float", "data": 0.0047025221435150755}, "simu": {"type": "float", "data": 0.002}}, {"type": "dict", "image_number": {"type": "int", "data": 30}, "Hcamera2end": {"type": "ndarray", "data": [[0.9999970524665743, -0.002351457089178382, -0.0006047377291396332, -0.012196871782500611], [0.0006069320033532729, 0.0009325535264703699, 0.9999993809885404, 0.01869030949938367], [-0.002350891683297598, -0.9999968004916207, 0.0009339779522996583, 0.03584742217289501], [0.0, 0.0, 0.0, 1.0]]}, "Hobj2base": {"type": "ndarray", "data": [[0.9999961673609258, -0.002613646658635531, 0.0009132987479895171, -0.7366781657506357], [-0.002612452441702251, -0.9999957342724499, -0.0013063418937735995, 0.09248357117025181], [0.0009167091682315834, 0.0013039509374924245, -0.9999987296773198, 0.004442375481613633], [0.0, 0.0, 0.0, 1.0]]}, "mean_rme": {"type": "float", "data": 0.001542625336419902}, "max_rme": {"type": "float", "data": 0.0047576779586975815}, "simu": {"type": "float", "data": 0.002}}]}