{"type": "list", "data": [{"type": "dict", "image_number": {"type": "int", "data": 5}, "Hcamera2end": {"type": "ndarray", "data": [[0.9999840612245623, 0.002306926030379114, -0.005153192129272246, -0.0187160050630431], [0.005150846326762457, 0.0010216411867119968, 0.9999862124206531, 0.025479485951755976], [0.0023121589367757272, -0.9999968171657228, 0.0010097422815328327, 0.04190740977384771], [0.0, 0.0, 0.0, 1.0]]}, "Hobj2base": {"type": "ndarray", "data": [[0.9999971310386271, 0.0016936988281308271, -0.0016939004677258816, -0.7440896046195331], [0.0016905774745414363, -0.9999968736777809, -0.001842439270811876, 0.08296667879737044], [-0.001697015709281089, 0.0018395703149499234, -0.9999968680544649, 0.004125986031542972], [0.0, 0.0, 0.0, 1.0]]}, "mean_rme": {"type": "float", "data": 0.0017429715347859363}, "max_rme": {"type": "float", "data": 0.0056086922931561645}, "simu": {"type": "float", "data": 0.002}}, {"type": "dict", "image_number": {"type": "int", "data": 6}, "Hcamera2end": {"type": "ndarray", "data": [[0.9999831092875983, 0.0023499582921513943, -0.005315904018354619, -0.01886189840783261], [0.005312100070964895, 0.0016220184969630846, 0.9999845752054534, 0.025256144155075443], [0.0023585445391733958, -0.9999959233677006, 0.0016095078863046508, 0.04154320502208108], [0.0, 0.0, 0.0, 1.0]]}, "Hobj2base": {"type": "ndarray", "data": [[0.9999962508486124, 0.001500731118673518, -0.002290435510631808, -0.744385293187927], [0.0014957700820807458, -0.9999965352101245, -0.002166157798477481, 0.08269427295898618], [-0.002293678395170173, 0.002162723712312227, -0.9999950308204357, 0.003974924288455389], [0.0, 0.0, 0.0, 1.0]]}, "mean_rme": {"type": "float", "data": 0.001746136396522322}, "max_rme": {"type": "float", "data": 0.005733326125502286}, "simu": {"type": "float", "data": 0.002}}, {"type": "dict", "image_number": {"type": "int", "data": 7}, "Hcamera2end": {"type": "ndarray", "data": [[0.9999835267623697, 0.002709906735011958, -0.005059902111766842, -0.01871685808559727], [0.005054096624380933, 0.002144900407579753, 0.9999849276411884, 0.02567435466612181], [0.0027207188764271444, -0.9999940278860314, 0.0021311689436438463, 0.04126746606613701], [0.0, 0.0, 0.0, 1.0]]}, "Hobj2base": {"type": "ndarray", "data": [[0.9999956501458648, 0.0016216028666100563, -0.0024637559725307085, -0.7451166762217127], [0.0016169190583580817, -0.9999968841917004, -0.001901888442930231, 0.08280542213502609], [-0.0024668324036904296, 0.0018978964760057945, -0.9999951563516987, 0.0039922730310863385], [0.0, 0.0, 0.0, 1.0]]}, "mean_rme": {"type": "float", "data": 0.00187954485791138}, "max_rme": {"type": "float", "data": 0.005735407518016156}, "simu": {"type": "float", "data": 0.002}}, {"type": "dict", "image_number": {"type": "int", "data": 8}, "Hcamera2end": {"type": "ndarray", "data": [[0.9999823321032237, 0.0029935642782817095, -0.005135567574257018, -0.018857608353101796], [0.005126924013391798, 0.002887939042364729, 0.9999826870792557, 0.025468762016277523], [0.0030083436570430165, -0.9999913491530813, 0.0028725402419719215, 0.04119822613514322], [0.0, 0.0, 0.0, 1.0]]}, "Hobj2base": {"type": "ndarray", "data": [[0.9999949459837267, 0.0014771870870117696, -0.0028153019932916725, -0.7452182590196592], [0.0014722014641934328, -0.9999973460466074, -0.0017721519661837283, 0.08285649382778346], [-0.0028179123216120643, 0.0017679983179821818, -0.9999944667607397, 0.0038583200478537402], [0.0, 0.0, 0.0, 1.0]]}, "mean_rme": {"type": "float", "data": 0.0019100221777289443}, "max_rme": {"type": "float", "data": 0.005694203824229693}, "simu": {"type": "float", "data": 0.002}}, {"type": "dict", "image_number": {"type": "int", "data": 9}, "Hcamera2end": {"type": "ndarray", "data": [[0.999984446162049, 0.0027008403373837897, -0.004879845843084047, -0.019005228298539956], [0.004872076549050001, 0.002875763451551383, 0.9999839962992764, 0.025500239966304433], [0.0027148303962680736, -0.9999922176927393, 0.002862560021522187, 0.041243365391332186], [0.0, 0.0, 0.0, 1.0]]}, "Hobj2base": {"type": "ndarray", "data": [[0.9999954290990586, 0.0012310657604371572, -0.0027615680479104064, -0.7451965094960776], [0.0012265579014847758, -0.9999979136881192, -0.0016334549653191184, 0.0831699170941374], [-0.0027635731768971983, 0.0016300602758486274, -0.9999948527701497, 0.0037478315974438883], [0.0, 0.0, 0.0, 1.0]]}, "mean_rme": {"type": "float", "data": 0.0018350691832981166}, "max_rme": {"type": "float", "data": 0.005353273776534134}, "simu": {"type": "float", "data": 0.002}}, {"type": "dict", "image_number": {"type": "int", "data": 10}, "Hcamera2end": {"type": "ndarray", "data": [[0.9999846363148591, 0.00249179630253292, -0.004951574035156522, -0.019195593303940113], [0.004946387751818317, 0.002083219510210954, 0.9999855966186119, 0.02538752994175939], [0.002502075627876725, -0.9999947255599196, 0.0020708621135715477, 0.040894415498603814], [0.0, 0.0, 0.0, 1.0]]}, "Hobj2base": {"type": "ndarray", "data": [[0.9999967794091766, 0.0014055647408963796, -0.0021131869377225775, -0.7447656483793328], [0.0014017353204499594, -0.9999973749070215, -0.0018125443877320582, 0.0829674486588779], [-0.002115729038893091, 0.001809576421498917, -0.9999961245543949, 0.00331255528442313], [0.0, 0.0, 0.0, 1.0]]}, "mean_rme": {"type": "float", "data": 0.0018741913185064607}, "max_rme": {"type": "float", "data": 0.005212222027685454}, "simu": {"type": "float", "data": 0.002}}, {"type": "dict", "image_number": {"type": "int", "data": 11}, "Hcamera2end": {"type": "ndarray", "data": [[0.999985657968323, 0.0023358382922280883, -0.004819514200904745, -0.01918415912032883], [0.004813459311374816, 0.0025908964295178194, 0.9999850588209552, 0.02545593219674893], [0.0023482902541850795, -0.9999939155390717, 0.002579615808221525, 0.04102028710021293], [0.0, 0.0, 0.0, 1.0]]}, "Hobj2base": {"type": "ndarray", "data": [[0.9999960626906145, 0.000994601849233147, -0.0026239989386819787, -0.745105327338313], [0.0009900393993783924, -0.9999979970387616, -0.0017394655653003637, 0.08320797980377734], [-0.0026257237585817395, 0.0017368608541530454, -0.9999950444322796, 0.0034883452765695137], [0.0, 0.0, 0.0, 1.0]]}, "mean_rme": {"type": "float", "data": 0.001807449543791192}, "max_rme": {"type": "float", "data": 0.005084842385337129}, "simu": {"type": "float", "data": 0.002}}, {"type": "dict", "image_number": {"type": "int", "data": 12}, "Hcamera2end": {"type": "ndarray", "data": [[0.9999877712153082, 0.0022452420588406456, -0.004406393983468544, -0.019387734823826153], [0.004400779759258875, 0.0024993333626012193, 0.9999871931531191, 0.025481767982609184], [0.002256226351861037, -0.9999943560944934, 0.0024894219829844078, 0.0410210467409483], [0.0, 0.0, 0.0, 1.0]]}, "Hobj2base": {"type": "ndarray", "data": [[0.9999959895584348, 0.0009837741077404834, -0.0026557589407987924, -0.7451000855920659], [0.00097987510358188, -0.9999984408907843, -0.0014690339620947917, 0.08352280894512414], [-0.0026571999977558535, 0.0014664257585527258, -0.9999953944312276, 0.0033312053598892797], [0.0, 0.0, 0.0, 1.0]]}, "mean_rme": {"type": "float", "data": 0.001842630331592138}, "max_rme": {"type": "float", "data": 0.004787893490043937}, "simu": {"type": "float", "data": 0.002}}, {"type": "dict", "image_number": {"type": "int", "data": 13}, "Hcamera2end": {"type": "ndarray", "data": [[0.9999911879187136, 0.002199227424698972, -0.0035759591237292465, -0.019558806648844445], [0.0035701463048083224, 0.0026413889688399195, 0.9999901385112144, 0.025447958600969125], [0.002208651236024827, -0.9999940932140798, 0.0026335141290418917, 0.040948713290086966], [0.0, 0.0, 0.0, 1.0]]}, "Hobj2base": {"type": "ndarray", "data": [[0.9999963452863386, 0.0008786885617293945, -0.0025568184091159948, -0.7450501528065187], [0.0008765923165963307, -0.9999992788790262, -0.0008208698665280591, 0.08397553372689442], [-0.0025575378543030007, 0.0008186255791113805, -0.9999963944196422, 0.0030347128226498065], [0.0, 0.0, 0.0, 1.0]]}, "mean_rme": {"type": "float", "data": 0.001868496942063225}, "max_rme": {"type": "float", "data": 0.004643655242366346}, "simu": {"type": "float", "data": 0.002}}, {"type": "dict", "image_number": {"type": "int", "data": 14}, "Hcamera2end": {"type": "ndarray", "data": [[0.9999910641101744, 0.002317879112824909, -0.003535411746809982, -0.019583995897794707], [0.00352970315891181, 0.0024623318416687745, 0.9999907390158725, 0.02544433336687647], [0.0023265630039008152, -0.9999942821628128, 0.002454128413316159, 0.0409790361510263], [0.0, 0.0, 0.0, 1.0]]}, "Hobj2base": {"type": "ndarray", "data": [[0.9999963993809061, 0.0010373440226580295, -0.002474902543931463, -0.7449558415827321], [0.0010352964934787507, -0.9999991209114947, -0.0008284548316548719, 0.08395507234672281], [-0.002475759760940745, 0.0008258895907791528, -0.9999965942541953, 0.003031245094771643], [0.0, 0.0, 0.0, 1.0]]}, "mean_rme": {"type": "float", "data": 0.0017652641007159598}, "max_rme": {"type": "float", "data": 0.004669732225128981}, "simu": {"type": "float", "data": 0.002}}, {"type": "dict", "image_number": {"type": "int", "data": 15}, "Hcamera2end": {"type": "ndarray", "data": [[0.9999917867692506, 0.0025543853152035865, -0.0031466664429506703, -0.019666248407663213], [0.003140909200559059, 0.0022547573943314525, 0.999992525351308, 0.025447963528017432], [0.0025614611915004692, -0.9999941955755314, 0.002246715783150388, 0.04100971352463285], [0.0, 0.0, 0.0, 1.0]]}, "Hobj2base": {"type": "ndarray", "data": [[0.999996519536017, 0.0013479235906853112, -0.0022680427346485157, -0.7447750365881497], [0.0013465185830775566, -0.9999989006890608, -0.0006208932082820128, 0.08407011108361337], [-0.002268877157967066, 0.0006178370855961457, -0.9999972352330673, 0.0029160887612183274], [0.0, 0.0, 0.0, 1.0]]}, "mean_rme": {"type": "float", "data": 0.0017439658698745668}, "max_rme": {"type": "float", "data": 0.004709444886949188}, "simu": {"type": "float", "data": 0.002}}, {"type": "dict", "image_number": {"type": "int", "data": 16}, "Hcamera2end": {"type": "ndarray", "data": [[0.9999911875312729, 0.002538773753602212, -0.0033435740791140627, -0.019747676174772855], [0.003337891352270253, 0.0022393221376192374, 0.9999919219262144, 0.025428910632920354], [0.0025462405846546354, -0.9999942700156795, 0.0022308282527054857, 0.04098514563732355], [0.0, 0.0, 0.0, 1.0]]}, "Hobj2base": {"type": "ndarray", "data": [[0.9999964529060351, 0.0013530611947968202, -0.0022942102673857725, -0.7447620034424712], [0.001351195352276582, -0.9999987553171286, -0.0008146381487318838, 0.08401815410630263], [-0.0022953096670883994, 0.0008115353328833861, -0.9999970364775765, 0.0028857264162476526], [0.0, 0.0, 0.0, 1.0]]}, "mean_rme": {"type": "float", "data": 0.0017074092705808856}, "max_rme": {"type": "float", "data": 0.004582046127613815}, "simu": {"type": "float", "data": 0.002}}, {"type": "dict", "image_number": {"type": "int", "data": 17}, "Hcamera2end": {"type": "ndarray", "data": [[0.9999901257880836, 0.0030370744651095336, -0.0032441493532397634, -0.019621784419260022], [0.003237763725978279, 0.002105119563668434, 0.9999925426510328, 0.02545770902883991], [0.0030438811388563756, -0.9999931723018494, 0.002095265447735528, 0.04087800909011034], [0.0, 0.0, 0.0, 1.0]]}, "Hobj2base": {"type": "ndarray", "data": [[0.9999953848825311, 0.0018633370395638549, -0.002399622619386329, -0.7448113297715131], [0.0018617085717915552, -0.9999980353492715, -0.0006806899369857076, 0.0838611168874787], [-0.0024008862597380463, 0.0006762193975221122, -0.9999968892314084, 0.002917360279462554], [0.0, 0.0, 0.0, 1.0]]}, "mean_rme": {"type": "float", "data": 0.0017587606475927134}, "max_rme": {"type": "float", "data": 0.004910907436997014}, "simu": {"type": "float", "data": 0.002}}, {"type": "dict", "image_number": {"type": "int", "data": 18}, "Hcamera2end": {"type": "ndarray", "data": [[0.9999953914076104, 0.0021527422631038946, -0.002140762548428098, -0.019433404421651944], [0.002135486272118543, 0.0024502748374739536, 0.9999947179118508, 0.02548053552687889], [0.0021579763487349184, -0.9999946809128383, 0.002445666393605772, 0.0410805930104208], [0.0, 0.0, 0.0, 1.0]]}, "Hobj2base": {"type": "ndarray", "data": [[0.9999969346878931, 0.0009199533159984008, -0.0022987606909014345, -0.7448487339384848], [0.0009208913455880943, -0.9999994931412219, 0.0004070336944683464, 0.0846394249929508], [-0.0022983850737574507, -0.00040914935560886406, -0.9999972750077157, 0.0028661957530748006], [0.0, 0.0, 0.0, 1.0]]}, "mean_rme": {"type": "float", "data": 0.0017935570767042448}, "max_rme": {"type": "float", "data": 0.004866228286377644}, "simu": {"type": "float", "data": 0.002}}, {"type": "dict", "image_number": {"type": "int", "data": 19}, "Hcamera2end": {"type": "ndarray", "data": [[0.9999970987568877, 0.001959678227761838, -0.001400763738504855, -0.019347413724913394], [0.0013957391987892268, 0.002562984002019597, 0.9999957415034797, 0.025531664158222594], [0.001963260017531321, -0.9999947953735804, 0.0025602413664603807, 0.041138389941205264], [0.0, 0.0, 0.0, 1.0]]}, "Hobj2base": {"type": "ndarray", "data": [[0.9999971383606631, 0.0007112285050946923, -0.0022841682290281285, -0.7448813756748738], [0.000713869583102632, -0.9999990774351124, 0.0011556466338858075, 0.08508945369417535], [-0.002283344192906887, -0.001157273925063333, -0.9999967235228118, 0.0027785205629288416], [0.0, 0.0, 0.0, 1.0]]}, "mean_rme": {"type": "float", "data": 0.001754230659288188}, "max_rme": {"type": "float", "data": 0.004874957452640383}, "simu": {"type": "float", "data": 0.002}}, {"type": "dict", "image_number": {"type": "int", "data": 20}, "Hcamera2end": {"type": "ndarray", "data": [[0.99999705089334, 0.0019229106603163785, -0.0014834484201617902, -0.019422622805442723], [0.0014791393252185034, 0.0022404115466684305, 0.9999963963449858, 0.02637230670893697], [0.0019262272657791532, -0.9999956414758486, 0.002237560686679241, 0.039846844194706486], [0.0, 0.0, 0.0, 1.0]]}, "Hobj2base": {"type": "ndarray", "data": [[0.9999977368572428, 0.0008244148891348039, -0.0019612803173438263, -0.7433492594253717], [0.0008265558137510269, -0.9999990632231608, 0.0010910354202157487, 0.0847690782501169], [-0.0019603790142168503, -0.0010926540586955356, -0.9999974815074433, 0.002020172499153569], [0.0, 0.0, 0.0, 1.0]]}, "mean_rme": {"type": "float", "data": 0.0017965019043847193}, "max_rme": {"type": "float", "data": 0.004560785371992254}, "simu": {"type": "float", "data": 0.002}}, {"type": "dict", "image_number": {"type": "int", "data": 21}, "Hcamera2end": {"type": "ndarray", "data": [[0.9999977650990545, 0.0016059618289450742, -0.0013750212726667756, -0.019359297318101765], [0.0013723985604665622, 0.001633071767333849, 0.9999977247968088, 0.026254742970872248], [0.0016082036834754719, -0.9999973769781634, 0.0016308640978780486, 0.0380322366399995], [0.0, 0.0, 0.0, 1.0]]}, "Hobj2base": {"type": "ndarray", "data": [[0.9999988143277032, 0.0008406219663682077, -0.0012902317224127333, -0.7412714233985526], [0.0008422135693866396, -0.999998884536937, 0.001233531996029217, 0.08496238303717567], [-0.0012891933491148242, -0.0012346171841287712, -0.9999984068491894, 0.0020646025242756862], [0.0, 0.0, 0.0, 1.0]]}, "mean_rme": {"type": "float", "data": 0.0018018984059808756}, "max_rme": {"type": "float", "data": 0.004547190839775422}, "simu": {"type": "float", "data": 0.002}}, {"type": "dict", "image_number": {"type": "int", "data": 22}, "Hcamera2end": {"type": "ndarray", "data": [[0.9999976986301228, 0.0017185911384976493, -0.0012842036274634053, -0.019359858076403134], [0.001280907714146978, 0.0019175280351879653, 0.9999973411772966, 0.02574398856110554], [0.0017210490655270635, -0.9999966847598712, 0.0019153222655999835, 0.03712406021575959], [0.0, 0.0, 0.0, 1.0]]}, "Hobj2base": {"type": "ndarray", "data": [[0.9999983880412762, 0.0007898909114592285, -0.0016124475797125895, -0.7405684566841987], [0.0007920061937828926, -0.999998826177229, 0.0013116288931924328, 0.08530859751221204], [-0.001611409643242963, -0.0013129038473710785, -0.9999978398188916, 0.00260237161170749], [0.0, 0.0, 0.0, 1.0]]}, "mean_rme": {"type": "float", "data": 0.0017965699384521402}, "max_rme": {"type": "float", "data": 0.004467103445554871}, "simu": {"type": "float", "data": 0.002}}, {"type": "dict", "image_number": {"type": "int", "data": 23}, "Hcamera2end": {"type": "ndarray", "data": [[0.9999977634034662, 0.0016052988273603539, -0.0013770271384664825, -0.019362922164586203], [0.0013737368100417635, 0.002048971164899216, 0.9999969572775418, 0.02473162488077816], [0.0016081154317815613, -0.9999966123606818, 0.0020467613240870985, 0.03723145373313642], [0.0, 0.0, 0.0, 1.0]]}, "Hobj2base": {"type": "ndarray", "data": [[0.9999984006933128, 0.0006125983864319427, -0.0016802779632094972, -0.740845568922564], [0.0006146936323575974, -0.9999990339062765, 0.0012467310262598717, 0.08579886078486852], [-0.0016795125944885018, -0.00124776188851918, -0.9999978111614616, 0.003497285096997697], [0.0, 0.0, 0.0, 1.0]]}, "mean_rme": {"type": "float", "data": 0.0017798122600479968}, "max_rme": {"type": "float", "data": 0.00442639420079638}, "simu": {"type": "float", "data": 0.002}}, {"type": "dict", "image_number": {"type": "int", "data": 24}, "Hcamera2end": {"type": "ndarray", "data": [[0.3476254489048207, -0.010270618601712023, 0.9375772297081776, -2019.7482570053394], [0.9375728139839778, -0.007567312577646312, -0.34770670723832575, -1411.3594001698468], [0.010666102938186817, 0.9999186217757381, 0.00699886235195557, -17.939448688355515], [0.0, 0.0, 0.0, 1.0]]}, "Hobj2base": {"type": "ndarray", "data": [[-0.9957532462990382, 0.04059309163304878, -0.0826297367574032, 112.98161685486288], [-0.041152097503635465, 0.6066199054082007, 0.7939261900413646, -1075.492534240174], [0.08235276167790687, 0.7939549680392564, -0.602373249214974, 2176.172738634819], [0.0, 0.0, 0.0, 1.0]]}, "mean_rme": {"type": "float", "data": 122.23029550981241}, "max_rme": {"type": "float", "data": 1173.5508976422761}, "simu": {"type": "float", "data": 0.002}}, {"type": "dict", "image_number": {"type": "int", "data": 24}, "Hcamera2end": {"type": "ndarray", "data": [[0.4549014518320418, 0.0360739524321525, 0.8898108445490107, -1658.2981458285562], [0.8898115033401511, 0.022044408615887412, -0.4557954942431051, -1018.2848474092143], [-0.036057698826201634, 0.9991059573462162, -0.022070984360928803, 38.93006405711398], [0.0, 0.0, 0.0, 1.0]]}, "Hobj2base": {"type": "ndarray", "data": [[-0.9995254509385862, 0.01472210033339623, -0.027057950546709224, 30.90546921153091], [-0.01573241137206195, 0.5112160550501019, 0.8593082312485033, -948.1449295438297], [0.02648328073398315, 0.8593261341427855, -0.5107418438122924, 1670.2823598152052], [0.0, 0.0, 0.0, 1.0]]}, "mean_rme": {"type": "float", "data": 89.7153326877337}, "max_rme": {"type": "float", "data": 948.2465132374872}, "simu": {"type": "float", "data": 0.002}}, {"type": "dict", "image_number": {"type": "int", "data": 24}, "Hcamera2end": {"type": "ndarray", "data": [[0.9999974548971844, 0.0018559233345338821, -0.0012828669962101848, -0.019402052027428857], [0.0012792886635559497, 0.001927964646189828, 0.9999973231828369, 0.025059021506795426], [0.0018583916887809034, -0.999996419244039, 0.0019255854776392134, 0.03739414799033761], [0.0, 0.0, 0.0, 1.0]]}, "Hobj2base": {"type": "ndarray", "data": [[0.9999981769141757, 0.0008788177205075764, -0.0016952426785017919, -0.7409394088079037], [0.0008810637094358799, -0.9999987345985244, 0.001324586007219755, 0.08563579430492042], [-0.0016940764636837232, -0.0013260772091884968, -0.9999976858094077, 0.0031844064715379227], [0.0, 0.0, 0.0, 1.0]]}, "mean_rme": {"type": "float", "data": 0.001750984483290988}, "max_rme": {"type": "float", "data": 0.004391171139918215}, "simu": {"type": "float", "data": 0.002}}, {"type": "dict", "image_number": {"type": "int", "data": 25}, "Hcamera2end": {"type": "ndarray", "data": [[0.9999973330641819, 0.0021935443800954373, -0.0007226531507026737, -0.01938142738424091], [0.0007181500594503083, 0.002052977506087683, 0.9999976347691285, 0.02502494831025421], [0.0021950227825196476, -0.9999954868130215, 0.0020513967369014674, 0.0387420920455113], [0.0, 0.0, 0.0, 1.0]]}, "Hobj2base": {"type": "ndarray", "data": [[0.9999975265114514, 0.0010776286254858575, -0.0019456843332813583, -0.7423630987133873], [0.0010811924678183523, -0.9999977382331955, 0.0018315434312766218, 0.08577601579778209], [-0.0019437062089667574, -0.001833642560220814, -0.9999964298741943, 0.003115164349585653], [0.0, 0.0, 0.0, 1.0]]}, "mean_rme": {"type": "float", "data": 0.0017779452875079968}, "max_rme": {"type": "float", "data": 0.0043814104113432395}, "simu": {"type": "float", "data": 0.002}}, {"type": "dict", "image_number": {"type": "int", "data": 26}, "Hcamera2end": {"type": "ndarray", "data": [[0.9999973368333993, 0.00218080441382749, -0.0007552603640677643, -0.019418921216404643], [0.0007502723653960564, 0.002287141742697507, 0.9999971030328169, 0.02474711603950739], [0.0021825254836139348, -0.9999950065249111, 0.002285499454372064, 0.03867837275990801], [0.0, 0.0, 0.0, 1.0]]}, "Hobj2base": {"type": "ndarray", "data": [[0.9999973558383994, 0.0009717312935540289, -0.0020842395502009008, -0.7424055457573592], [0.0009754135758208585, -0.9999979641292369, 0.0017664387160693813, 0.08592388574219392], [-0.0020825188031799867, -0.0017684670408724874, -0.9999962678129155, 0.0033849005788887322], [0.0, 0.0, 0.0, 1.0]]}, "mean_rme": {"type": "float", "data": 0.0017331461926811855}, "max_rme": {"type": "float", "data": 0.004370064733745321}, "simu": {"type": "float", "data": 0.002}}, {"type": "dict", "image_number": {"type": "int", "data": 27}, "Hcamera2end": {"type": "ndarray", "data": [[0.9999974730127097, 0.002115433426247468, -0.000760861100405046, -0.019506382151715275], [0.0007548402037201046, 0.0028455194914518422, 0.9999956666081561, 0.024141172161060376], [0.0021175893043370027, -0.9999937139603642, 0.002843915486661741, 0.03820720785768885], [0.0, 0.0, 0.0, 1.0]]}, "Hobj2base": {"type": "ndarray", "data": [[0.9999965773073142, 0.000657252438644573, -0.0025324677468271614, -0.7422392703177905], [0.0006614681558769764, -0.9999983964647003, 0.0016641898649847086, 0.08631760862242359], [-0.0025313698930786058, -0.0016658593157445414, -0.9999954085290614, 0.0039985096200763895], [0.0, 0.0, 0.0, 1.0]]}, "mean_rme": {"type": "float", "data": 0.0017420438167941215}, "max_rme": {"type": "float", "data": 0.004440500724202323}, "simu": {"type": "float", "data": 0.002}}, {"type": "dict", "image_number": {"type": "int", "data": 28}, "Hcamera2end": {"type": "ndarray", "data": [[0.43746511366226304, -0.09417897961201882, 0.8942899944244604, -1241.3305019903923], [0.8942817919286054, -0.05867807837797012, -0.44364057495097353, -775.0782809604706], [0.09425683504884547, 0.9938245332638487, 0.05855293442234222, -83.34911614103385], [0.0, 0.0, 0.0, 1.0]]}, "Hobj2base": {"type": "ndarray", "data": [[-0.9770277816698794, 0.10451707831998867, -0.18572262701321113, 156.30023926655122], [-0.10578398097157975, 0.5186895313619599, 0.8483931396618639, -709.2587065129335], [0.1850039545929747, 0.8485501460697321, -0.49571784957775855, 1252.9530215967054], [0.0, 0.0, 0.0, 1.0]]}, "mean_rme": {"type": "float", "data": 69.57681534956821}, "max_rme": {"type": "float", "data": 696.8965205676108}, "simu": {"type": "float", "data": 0.002}}, {"type": "dict", "image_number": {"type": "int", "data": 28}, "Hcamera2end": {"type": "ndarray", "data": [[0.9999983195192057, 0.0017133176585576787, -0.0006523046568876435, -0.019506376481580497], [0.0006474087499926464, 0.002856561207780439, 0.9999957104507881, 0.024389962361321092], [0.0017151736573757866, -0.9999944522849448, 0.0028554471905405387, 0.03787285389314355], [0.0, 0.0, 0.0, 1.0]]}, "Hobj2base": {"type": "ndarray", "data": [[0.999997141511217, 0.0002624843579698092, -0.002376567137063481, -0.7418703195375083], [0.00026678806638102406, -0.9999983249902917, 0.0018107569515939514, 0.08639964788169543], [-0.0023760878609145764, -0.0018113858153166384, -0.999995536533991, 0.0037214388483944477], [0.0, 0.0, 0.0, 1.0]]}, "mean_rme": {"type": "float", "data": 0.0017133987216784857}, "max_rme": {"type": "float", "data": 0.00438552519628288}, "simu": {"type": "float", "data": 0.002}}, {"type": "dict", "image_number": {"type": "int", "data": 29}, "Hcamera2end": {"type": "ndarray", "data": [[0.9999982063330972, 0.0011938636912120697, -0.0014703809285820733, -0.01955224631089091], [0.0014667141513548263, 0.003066441675138365, 0.9999942228258374, 0.024877109873188013], [0.0011983656314113317, -0.9999945857978128, 0.0030646851181926893, 0.03902801309560474], [0.0, 0.0, 0.0, 1.0]]}, "Hobj2base": {"type": "ndarray", "data": [[0.9999971739335879, -0.00023868388041651682, -0.002365407965400751, -0.743033620999345], [-0.00023633709137941785, -0.9999994796845364, 0.000992358521166731, 0.08584382735033042], [-0.0023656435946250065, -0.0009917966830571769, -0.9999967100294489, 0.003362564527106193], [0.0, 0.0, 0.0, 1.0]]}, "mean_rme": {"type": "float", "data": 0.0017608299023724953}, "max_rme": {"type": "float", "data": 0.004649948528756942}, "simu": {"type": "float", "data": 0.002}}, {"type": "dict", "image_number": {"type": "int", "data": 30}, "Hcamera2end": {"type": "ndarray", "data": [[0.999998663348578, 0.0008204220667071367, -0.00141428734342827, -0.019519155341150125], [0.0014116523159478519, 0.003203531615317834, 0.9999938722926899, 0.02513999066213264], [0.0008249477536186574, -0.9999945321314622, 0.003202369182602194, 0.03894573091444613], [0.0, 0.0, 0.0, 1.0]]}, "Hobj2base": {"type": "ndarray", "data": [[0.9999971094832714, -0.0006563876536476907, -0.0023130456870428555, -0.7429609286298721], [-0.0006539422912486285, -0.9999992267065869, 0.0010578023009452783, 0.08584317716052528], [-0.002313738226750202, -0.0010562866449536842, -0.9999967654317397, 0.0031114785272876107], [0.0, 0.0, 0.0, 1.0]]}, "mean_rme": {"type": "float", "data": 0.0017115984725278744}, "max_rme": {"type": "float", "data": 0.004629678314639285}, "simu": {"type": "float", "data": 0.002}}]}