{"type": "list", "data": [{"type": "dict", "image_number": {"type": "int", "data": 5}, "Hcamera2end": {"type": "ndarray", "data": [[0.9999909995600997, -0.0026767827195098145, -0.0032917522788250123, -0.013203062488873357], [0.0032890093528214316, -0.0010284671739440032, 0.999994062318747, 0.031058247294713296], [-0.002680152284790767, -0.9999958885363206, -0.0010196539538869231, 0.03591477946947652], [0.0, 0.0, 0.0, 1.0]]}, "Hobj2base": {"type": "ndarray", "data": [[0.9999941815837077, -0.003062114649045611, 0.001503413651248634, -0.7378881349243315], [-0.0030667941961321646, -0.999990429396044, 0.0031202387206711885, 0.09161126610223656], [0.0014938447339769094, -0.0031248312260834157, -0.9999940019108711, -0.001909909266937193], [0.0, 0.0, 0.0, 1.0]]}, "mean_rme": {"type": "float", "data": 0.002026634782450425}, "max_rme": {"type": "float", "data": 0.0037433059700898996}, "simu": {"type": "float", "data": 0.002}}, {"type": "dict", "image_number": {"type": "int", "data": 6}, "Hcamera2end": {"type": "ndarray", "data": [[0.9999949259109195, -0.00309266492737029, -0.0007639215022460966, -0.013587912762691813], [0.000757368730343859, -0.0021194277934355465, 0.9999974672060097, 0.031177174765492824], [-0.003094276170751012, -0.9999929717000391, -0.0021170747515608657, 0.035992488440888426], [0.0, 0.0, 0.0, 1.0]]}, "Hobj2base": {"type": "ndarray", "data": [[0.9999926146004493, -0.003379850257241961, 0.0018295783109239711, -0.7371994501562341], [-0.0033864337083209417, -0.9999877597041813, 0.0036072854824300174, 0.09297930857345314], [0.0018173638315784856, -0.003613454586849562, -0.9999918200338702, -0.0019369542919391673], [0.0, 0.0, 0.0, 1.0]]}, "mean_rme": {"type": "float", "data": 0.0018347768027054342}, "max_rme": {"type": "float", "data": 0.0038106311592612796}, "simu": {"type": "float", "data": 0.002}}, {"type": "dict", "image_number": {"type": "int", "data": 7}, "Hcamera2end": {"type": "ndarray", "data": [[0.9999945799922995, -0.0031708775514555946, -0.0008862965520472119, -0.013592666218072914], [0.0008792143137873786, -0.0022342234415169138, 0.9999971176097477, 0.03084213348667678], [-0.0031728485962817694, -0.9999924768622845, -0.002231423451078296, 0.03575331474712779], [0.0, 0.0, 0.0, 1.0]]}, "Hobj2base": {"type": "ndarray", "data": [[0.9999924760325405, -0.0034289406692460706, 0.0018139030282059239, -0.7370724023623557], [-0.0034343750227581768, -0.9999895983926474, 0.003001362143407592, 0.09233806651108176], [0.001803592667982182, -0.0030075691845102663, -0.9999938507716384, -0.0021705211416322423], [0.0, 0.0, 0.0, 1.0]]}, "mean_rme": {"type": "float", "data": 0.0019387020493629053}, "max_rme": {"type": "float", "data": 0.0036789722974109873}, "simu": {"type": "float", "data": 0.002}}, {"type": "dict", "image_number": {"type": "int", "data": 8}, "Hcamera2end": {"type": "ndarray", "data": [[0.9999946368906826, -0.003177861067623497, -0.0007920788514042549, -0.013397838350478062], [0.0007849856720500018, -0.002232687618839213, 0.999997199447824, 0.030831206108763543], [-0.003179620632502444, -0.9999924581240757, -0.0022301810692855195, 0.03585242375611285], [0.0, 0.0, 0.0, 1.0]]}, "Hobj2base": {"type": "ndarray", "data": [[0.9999922663794898, -0.003472321709046686, 0.001846662708872207, -0.7371260233061279], [-0.0034774546207877815, -0.9999900792460401, 0.002783652072121779, 0.09238773110217235], [0.0018369786530653641, -0.002790052230183025, -0.9999944205434252, -0.0021053369734573488], [0.0, 0.0, 0.0, 1.0]]}, "mean_rme": {"type": "float", "data": 0.001786103804246832}, "max_rme": {"type": "float", "data": 0.003888530652346095}, "simu": {"type": "float", "data": 0.002}}, {"type": "dict", "image_number": {"type": "int", "data": 9}, "Hcamera2end": {"type": "ndarray", "data": [[0.9999938414981209, -0.0035014046651434413, -0.0002390213421803308, -0.013211572299140035], [0.0002303314093498308, -0.002482034946358569, 0.9999968932201573, 0.030875457372752026], [-0.003501987046374224, -0.9999907897915339, -0.0024812131772706802, 0.036172881167901155], [0.0, 0.0, 0.0, 1.0]]}, "Hobj2base": {"type": "ndarray", "data": [[0.9999909175146828, -0.0037552745486480023, 0.002015639155988479, -0.7369611789114745], [-0.003760266497217721, -0.9999898585197962, 0.002478558740100819, 0.09264709850276048], [0.002006311045869851, -0.0024861155690161976, -0.9999948969596619, -0.0020018389193946127], [0.0, 0.0, 0.0, 1.0]]}, "mean_rme": {"type": "float", "data": 0.0018060450585749921}, "max_rme": {"type": "float", "data": 0.004200882756981439}, "simu": {"type": "float", "data": 0.002}}, {"type": "dict", "image_number": {"type": "int", "data": 10}, "Hcamera2end": {"type": "ndarray", "data": [[0.9999940158717944, -0.0034192258211229484, -0.0005264175012803288, -0.012974354323064093], [0.0005175485527611147, -0.002594214063041056, 0.9999965010923241, 0.030905472155331317], [-0.00342057949725233, -0.9999907894316723, -0.002592428923556156, 0.0362422562909142], [0.0, 0.0, 0.0, 1.0]]}, "Hobj2base": {"type": "ndarray", "data": [[0.999991016043269, -0.0036445009706791215, 0.0021645889737185037, -0.7369016826570483], [-0.0036493891047828953, -0.9999907903292533, 0.0022585871328442064, 0.09269264182975193], [0.0021563376155687404, -0.0022664662692121534, -0.9999951066573964, -0.0019447578728532754], [0.0, 0.0, 0.0, 1.0]]}, "mean_rme": {"type": "float", "data": 0.0016978358228916164}, "max_rme": {"type": "float", "data": 0.0041961274490769085}, "simu": {"type": "float", "data": 0.002}}, {"type": "dict", "image_number": {"type": "int", "data": 11}, "Hcamera2end": {"type": "ndarray", "data": [[0.9999922742111859, -0.003868146604517834, -0.0006992565955394013, -0.01276313861370405], [0.0006908396561964418, -0.00217687016896817, 0.9999973919850175, 0.030888902954761897], [-0.003869658707156819, -0.9999901492905384, -0.0021741810818585172, 0.036121844139899294], [0.0, 0.0, 0.0, 1.0]]}, "Hobj2base": {"type": "ndarray", "data": [[0.9999907248350162, -0.003960317622368888, 0.0016929643436779521, -0.7371878781451389], [-0.003963764761087246, -0.9999900681800233, 0.0020376727488683947, 0.09270309882626447], [0.001684877698164899, -0.002044364361524714, -0.9999964908745931, -0.0018993082358810455], [0.0, 0.0, 0.0, 1.0]]}, "mean_rme": {"type": "float", "data": 0.0016944068240430667}, "max_rme": {"type": "float", "data": 0.004352161525208814}, "simu": {"type": "float", "data": 0.002}}, {"type": "dict", "image_number": {"type": "int", "data": 12}, "Hcamera2end": {"type": "ndarray", "data": [[0.9999921792954211, -0.0038544612569851675, -0.0008857067307901296, -0.012966493837604974], [0.0008784614184711374, -0.0018810083622211593, 0.9999978450542171, 0.030760704217886535], [-0.003856118972597227, -0.9999908024256823, -0.0018776076559072763, 0.03598598552346566], [0.0, 0.0, 0.0, 1.0]]}, "Hobj2base": {"type": "ndarray", "data": [[0.9999913841718262, -0.003882927750541603, 0.001467805913319766, -0.7372698292319207], [-0.0038852527412773946, -0.9999911970913298, 0.0015844718317439628, 0.09225275598697269], [0.0014616406027129355, -0.001590160977155303, -0.9999976674946871, -0.0020419607880329815], [0.0, 0.0, 0.0, 1.0]]}, "mean_rme": {"type": "float", "data": 0.0016875223480434167}, "max_rme": {"type": "float", "data": 0.004482019060943393}, "simu": {"type": "float", "data": 0.002}}, {"type": "dict", "image_number": {"type": "int", "data": 13}, "Hcamera2end": {"type": "ndarray", "data": [[0.9999908163223779, -0.004205472309511887, -0.0008253929720874861, -0.013135385827595734], [0.0008167755327290231, -0.0020504070315492395, 0.9999975643514007, 0.030683884817168286], [-0.0042071544580129065, -0.9999890548569312, -0.0020469532743860874, 0.036036953394077566], [0.0, 0.0, 0.0, 1.0]]}, "Hobj2base": {"type": "ndarray", "data": [[0.9999892746145435, -0.004224249903824957, 0.0018990441356879126, -0.7368243286946465], [-0.004226835516365589, -0.9999901426421058, 0.0013595882239248976, 0.09213820376826695], [0.001893282175706054, -0.0013676005890170052, -0.9999972725718969, -0.002156657338855258], [0.0, 0.0, 0.0, 1.0]]}, "mean_rme": {"type": "float", "data": 0.001726957604059287}, "max_rme": {"type": "float", "data": 0.004532451686705741}, "simu": {"type": "float", "data": 0.002}}, {"type": "dict", "image_number": {"type": "int", "data": 14}, "Hcamera2end": {"type": "ndarray", "data": [[0.9999904243919886, -0.0043522550110792, -0.0004571658878282966, -0.013358925914290554], [0.00044749791561949823, -0.002222085518145178, 0.999997431037483, 0.03070968590335802], [-0.004353259691997946, -0.9999880600348529, -0.0022201166152795437, 0.036035663064958444], [0.0, 0.0, 0.0, 1.0]]}, "Hobj2base": {"type": "ndarray", "data": [[0.9999889881690304, -0.004331892372034047, 0.0018050620919685236, -0.7368076398451223], [-0.0043346382761423425, -0.9999894500493935, 0.0015200989855410378, 0.09227498814079176], [0.0017984581434524103, -0.0015279065377026124, -0.9999972155210821, -0.0021060005083854217], [0.0, 0.0, 0.0, 1.0]]}, "mean_rme": {"type": "float", "data": 0.0017144885159900336}, "max_rme": {"type": "float", "data": 0.004425143064763298}, "simu": {"type": "float", "data": 0.002}}, {"type": "dict", "image_number": {"type": "int", "data": 15}, "Hcamera2end": {"type": "ndarray", "data": [[0.9999917470900852, -0.004061261685803869, -0.00010911112925361677, -0.013569757730620349], [0.00010041189823180091, -0.002142144360854914, 0.9999977005648503, 0.03075079789967481], [-0.004061486078986233, -0.9999894586299681, -0.0021417188829355727, 0.03601349077243544], [0.0, 0.0, 0.0, 1.0]]}, "Hobj2base": {"type": "ndarray", "data": [[0.999990237244475, -0.004057231116259037, 0.001750511756001376, -0.7369326354989801], [-0.004060492438337017, -0.9999900197345086, 0.0018635537382190122, 0.09238591810657827], [0.0017429334172157824, -0.001870643484547922, -0.9999967314326867, -0.002043464469925723], [0.0, 0.0, 0.0, 1.0]]}, "mean_rme": {"type": "float", "data": 0.001708398142803662}, "max_rme": {"type": "float", "data": 0.004300901799271395}, "simu": {"type": "float", "data": 0.002}}, {"type": "dict", "image_number": {"type": "int", "data": 16}, "Hcamera2end": {"type": "ndarray", "data": [[0.9999922190528914, -0.003939967018151972, -0.00019619778268449746, -0.013691481117583507], [0.00018798357922438945, -0.002085102780169379, 0.9999978085018838, 0.03068000697063083], [-0.003940367476263812, -0.9999900644537886, -0.0020843459069930237, 0.035989876928747916], [0.0, 0.0, 0.0, 1.0]]}, "Hobj2base": {"type": "ndarray", "data": [[0.9999908067132028, -0.003936971828284249, 0.001699041465384902, -0.7369997009047261], [-0.0039396694429275105, -0.9999909796819986, 0.0015873119785388553, 0.09194976195624059], [0.001692776936948381, -0.0015939910476680437, -0.9999972968457373, -0.0020108475672318583], [0.0, 0.0, 0.0, 1.0]]}, "mean_rme": {"type": "float", "data": 0.0016764943637883813}, "max_rme": {"type": "float", "data": 0.004490323699581272}, "simu": {"type": "float", "data": 0.002}}, {"type": "dict", "image_number": {"type": "int", "data": 17}, "Hcamera2end": {"type": "ndarray", "data": [[0.999993058419532, -0.0036719387377749805, -0.0006324386583472573, -0.013967004283370044], [0.0006252104700438003, -0.001969307988846092, 0.9999978654666786, 0.030612987527616577], [-0.003673176366401728, -0.9999913193082983, -0.0019669985841921367, 0.03593172119210593], [0.0, 0.0, 0.0, 1.0]]}, "Hobj2base": {"type": "ndarray", "data": [[0.9999918683122621, -0.0036830245069411206, 0.0016427537346982133, -0.737077841416066], [-0.003684513351512915, -0.9999928033600567, 0.0009042065342215107, 0.09125475606417231], [0.001639411697566196, -0.0009102519295650671, -0.9999982418838094, -0.0021128433005988055], [0.0, 0.0, 0.0, 1.0]]}, "mean_rme": {"type": "float", "data": 0.0016510079908619013}, "max_rme": {"type": "float", "data": 0.004591585850652197}, "simu": {"type": "float", "data": 0.002}}, {"type": "dict", "image_number": {"type": "int", "data": 18}, "Hcamera2end": {"type": "ndarray", "data": [[0.999997587938191, -0.001960863234212051, -0.0009895115848221356, -0.014094203568090543], [0.0009864804388737363, -0.0015461869383361915, 0.9999983180797332, 0.030503705129471797], [-0.0019623899060842213, -0.9999968821558036, -0.0015442488556138834, 0.035770146408691916], [0.0, 0.0, 0.0, 1.0]]}, "Hobj2base": {"type": "ndarray", "data": [[0.9999970350424388, -0.0019724068599028277, 0.0014281167706352437, -0.7375831337229802], [-0.0019737150956504186, -0.9999976334009226, 0.0009152274444388242, 0.09051059689742781], [0.0014263081899656294, -0.0009180434264568468, -0.9999985614195726, -0.002029950341084555], [0.0, 0.0, 0.0, 1.0]]}, "mean_rme": {"type": "float", "data": 0.0016021330851523467}, "max_rme": {"type": "float", "data": 0.004712943744603848}, "simu": {"type": "float", "data": 0.002}}, {"type": "dict", "image_number": {"type": "int", "data": 19}, "Hcamera2end": {"type": "ndarray", "data": [[0.9999986511510428, -0.0012739302712308671, -0.001036724533786126, -0.01407035786185203], [0.0010346244321590152, -0.001648076344878735, 0.9999981066965307, 0.03058811949832605], [-0.0012756364604745534, -0.9999978304706594, -0.0016467560824893201, 0.03554192984883966], [0.0, 0.0, 0.0, 1.0]]}, "Hobj2base": {"type": "ndarray", "data": [[0.9999979327734615, -0.0013048267724874397, 0.0015594473051065703, -0.7373858085190969], [-0.0013059909789201137, -0.9999988691099229, 0.0007457656730719507, 0.09040374966814146], [0.00155847244652686, -0.0007478007555179303, -0.9999985059777161, -0.002146066360682927], [0.0, 0.0, 0.0, 1.0]]}, "mean_rme": {"type": "float", "data": 0.0015144142827942008}, "max_rme": {"type": "float", "data": 0.004708957613855813}, "simu": {"type": "float", "data": 0.002}}, {"type": "dict", "image_number": {"type": "int", "data": 20}, "Hcamera2end": {"type": "ndarray", "data": [[0.9999989419017784, -0.0008093608313860968, -0.0012087722565392704, -0.013927698999344307], [0.0012075309813156198, -0.001532385017570581, 0.9999980968307324, 0.030439155539605734], [-0.0008112115955310119, -0.9999984983644737, -0.0015314060678777164, 0.03365586201343344], [0.0, 0.0, 0.0, 1.0]]}, "Hobj2base": {"type": "ndarray", "data": [[0.9999986342940463, -0.0008226538656814996, 0.0014334052670050153, -0.7356564022861473], [-0.00082332532699247, -0.9999995515973548, 0.0004679107760221121, 0.09032512931193717], [0.001433019695653614, -0.0004690902958537492, -0.9999988632037766, -0.0018618410592124352], [0.0, 0.0, 0.0, 1.0]]}, "mean_rme": {"type": "float", "data": 0.0015118911913554723}, "max_rme": {"type": "float", "data": 0.00476151636445471}, "simu": {"type": "float", "data": 0.002}}, {"type": "dict", "image_number": {"type": "int", "data": 21}, "Hcamera2end": {"type": "ndarray", "data": [[0.9999990979834186, -0.00021540079005119323, -0.0013257582166037226, -0.013857550960565103], [0.0013254743335666239, -0.001312769799892477, 0.9999982598751079, 0.030422171123897293], [-0.00021714083057563333, -0.9999991151185846, -0.001312483107533735, 0.032425153618944], [0.0, 0.0, 0.0, 1.0]]}, "Hobj2base": {"type": "ndarray", "data": [[0.9999992332899144, -0.00022509864898872975, 0.0012176822991569996, -0.7346208986867799], [-0.00022535463236435943, -0.9999999525390157, 0.00021008868860200396, 0.09024362472386474], [0.0012176349506846263, -0.00021036293787175066, -0.9999992365559898, -0.0017396994775992743], [0.0, 0.0, 0.0, 1.0]]}, "mean_rme": {"type": "float", "data": 0.001483876352230253}, "max_rme": {"type": "float", "data": 0.004799553754065045}, "simu": {"type": "float", "data": 0.002}}, {"type": "dict", "image_number": {"type": "int", "data": 22}, "Hcamera2end": {"type": "ndarray", "data": [[0.9999989245894572, -0.0002753629469389731, -0.0014404843549010193, -0.013684969596206867], [0.001440270056753345, -0.0007768594220611824, 0.9999986610549049, 0.029400701294019487], [-0.00027648163208654215, -0.9999996603322855, -0.0007764619896111213, 0.03191153130080181], [0.0, 0.0, 0.0, 1.0]]}, "Hobj2base": {"type": "ndarray", "data": [[0.9999997244881096, -0.00025032608549583674, 0.0006988279873310707, -0.7344694865164361], [-0.0002503980357041016, -0.9999999633590049, 0.00010287280150335267, 0.09017167841654881], [0.0006988022099796133, -0.00010304775831599541, -0.9999997505282845, -0.0005943762347033073], [0.0, 0.0, 0.0, 1.0]]}, "mean_rme": {"type": "float", "data": 0.0015277291720531628}, "max_rme": {"type": "float", "data": 0.004947445407386286}, "simu": {"type": "float", "data": 0.002}}, {"type": "dict", "image_number": {"type": "int", "data": 23}, "Hcamera2end": {"type": "ndarray", "data": [[0.9999989679381281, 3.9149590088060704e-05, -0.0014361719911083564, -0.013686523692206114], [0.001436192821815201, -0.0005373484224941993, 0.9999988243027346, 0.02867653637999944], [3.837781930614238e-05, -0.9999998548619807, -0.0005374040942776048, 0.03224446154171523], [0.0, 0.0, 0.0, 1.0]]}, "Hobj2base": {"type": "ndarray", "data": [[0.9999998398409791, 3.571152596612257e-05, 0.0005648386523720941, -0.7350024176972959], [3.5717310037297766e-05, -0.9999999993098092, -1.0230134480513971e-05, 0.09014717892415171], [0.0005648382866485344, 1.0250307359333474e-05, -0.999999840426308, 0.00010160616329055786], [0.0, 0.0, 0.0, 1.0]]}, "mean_rme": {"type": "float", "data": 0.0015128545128725974}, "max_rme": {"type": "float", "data": 0.005021186793534249}, "simu": {"type": "float", "data": 0.002}}, {"type": "dict", "image_number": {"type": "int", "data": 24}, "Hcamera2end": {"type": "ndarray", "data": [[0.9999989664255853, 0.0003645133063143874, -0.0013907831644821666, -0.013685621841891225], [0.0013909326185539868, -0.0004100776208464385, 0.9999989485708449, 0.028197777121625932], [0.00036394259400326543, -0.9999998494831859, -0.0004105842104484836, 0.032444764382146433], [0.0, 0.0, 0.0, 1.0]]}, "Hobj2base": {"type": "ndarray", "data": [[0.9999998340734823, 0.00033154747600505245, 0.0004710937053345835, -0.7353561872365327], [0.0003315882156452625, -0.9999999412918543, -8.640337369977267e-05, 0.09020949123763465], [0.0004710650308570772, 8.655956848431535e-05, -0.9999998853025822, 0.0005618943869452053], [0.0, 0.0, 0.0, 1.0]]}, "mean_rme": {"type": "float", "data": 0.0015235241544533265}, "max_rme": {"type": "float", "data": 0.00509216804508994}, "simu": {"type": "float", "data": 0.002}}, {"type": "dict", "image_number": {"type": "int", "data": 25}, "Hcamera2end": {"type": "ndarray", "data": [[0.9999989604024491, 0.0005009288190752323, -0.0013521332550362113, -0.013656748667679209], [0.0013523639841156276, -0.000460550492854539, 0.9999989795019285, 0.028161959749167614], [0.0005003055822413267, -0.9999997684817542, -0.00046122745216070626, 0.032291521269981235], [0.0, 0.0, 0.0, 1.0]]}, "Hobj2base": {"type": "ndarray", "data": [[0.9999997749461856, 0.0004706074937464448, 0.00047815914179031286, -0.7352236035073209], [0.00047064643945697663, -0.9999998859378594, -8.134000765488805e-05, 0.09018662612974593], [0.0004781208080333139, 8.156503324658648e-05, -0.9999998823738121, 0.0006135858005138228], [0.0, 0.0, 0.0, 1.0]]}, "mean_rme": {"type": "float", "data": 0.0014952102815364464}, "max_rme": {"type": "float", "data": 0.005116728344489452}, "simu": {"type": "float", "data": 0.002}}, {"type": "dict", "image_number": {"type": "int", "data": 26}, "Hcamera2end": {"type": "ndarray", "data": [[0.9999988482815301, 0.0007086517435924536, -0.001342105927122474, -0.013600417716864995], [0.0013423993915110603, -0.0004138033864669044, 0.9999990133648289, 0.027681623627592578], [0.0007080956764340786, -0.9999996632896753, -0.0004147542035513041, 0.032029302462989344], [0.0, 0.0, 0.0, 1.0]]}, "Hobj2base": {"type": "ndarray", "data": [[0.9999996672813959, 0.0006717554596024694, 0.00046279768805635195, -0.7350564769273257], [0.0006717963035413601, -0.9999997704636256, -8.810461488344701e-05, 0.09005080237383215], [0.0004627383970713843, 8.841549134552628e-05, -0.9999998890279325, 0.0011136421249988704], [0.0, 0.0, 0.0, 1.0]]}, "mean_rme": {"type": "float", "data": 0.0015229317483416043}, "max_rme": {"type": "float", "data": 0.005232729395257318}, "simu": {"type": "float", "data": 0.002}}, {"type": "dict", "image_number": {"type": "int", "data": 27}, "Hcamera2end": {"type": "ndarray", "data": [[0.9999989829734524, 0.0004485329294360088, -0.0013538353933225254, -0.01370896407844299], [0.0013540409544720825, -0.0004583104289710427, 0.9999989782618002, 0.02818387809862059], [0.00044791199427291124, -0.9999997943848598, -0.000458917294813066, 0.03226110854009899], [0.0, 0.0, 0.0, 1.0]]}, "Hobj2base": {"type": "ndarray", "data": [[0.9999997802265854, 0.00042902222945939076, 0.0005054569292975841, -0.7351698608850237], [0.0004290763381135332, -0.9999999022280825, -0.0001069454146600716, 0.09009733870487081], [0.000505410997917863, 0.00010716227076460976, -0.9999998665379766, 0.0005881033544560965], [0.0, 0.0, 0.0, 1.0]]}, "mean_rme": {"type": "float", "data": 0.0015520132379553803}, "max_rme": {"type": "float", "data": 0.005136590180033762}, "simu": {"type": "float", "data": 0.002}}, {"type": "dict", "image_number": {"type": "int", "data": 28}, "Hcamera2end": {"type": "ndarray", "data": [[0.9999988216785523, 0.0005452298552315995, -0.0014350490974571232, -0.013823346112819167], [0.0014352621031005642, -0.0003904810628561073, 0.9999988937730055, 0.028135449746440604], [0.0005446688925867897, -0.9999997751244469, -0.00039126315049275995, 0.032549356050971014], [0.0, 0.0, 0.0, 1.0]]}, "Hobj2base": {"type": "ndarray", "data": [[0.9999997509509627, 0.0005531319131575092, 0.000438341304455435, -0.7355107118166545], [0.0005532201081602796, -0.9999998267519352, -0.00020110596918932255, 0.0899561320599103], [0.0004382299903841673, 0.0002013484183279365, -0.999999883706638, 0.0006149882911201308], [0.0, 0.0, 0.0, 1.0]]}, "mean_rme": {"type": "float", "data": 0.0015238968169407978}, "max_rme": {"type": "float", "data": 0.0052213685303234}, "simu": {"type": "float", "data": 0.002}}, {"type": "dict", "image_number": {"type": "int", "data": 29}, "Hcamera2end": {"type": "ndarray", "data": [[0.9999992014649306, 0.0003411859356079789, -0.001216824415634326, -0.013893473152679622], [0.001216989573119473, -0.000484279818537825, 0.9999991422043505, 0.028215811912184714], [0.00034059635943297186, -0.9999998245325922, -0.0004846946515495443, 0.03217002352317306], [0.0, 0.0, 0.0, 1.0]]}, "Hobj2base": {"type": "ndarray", "data": [[0.9999998163143982, 0.00029911155713411105, 0.0005271654828779861, -0.735048185294342], [0.00029908521535306924, -0.9999999540216726, 5.0046838986027124e-05, 0.09010975185150269], [0.0005271804282277379, -4.9889162391170114e-05, -0.9999998597959237, 0.0005802832561064784], [0.0, 0.0, 0.0, 1.0]]}, "mean_rme": {"type": "float", "data": 0.0015338842139455608}, "max_rme": {"type": "float", "data": 0.005230447774965841}, "simu": {"type": "float", "data": 0.002}}, {"type": "dict", "image_number": {"type": "int", "data": 30}, "Hcamera2end": {"type": "ndarray", "data": [[0.9999993821316685, 0.0005121754461776556, -0.0009866167409295378, -0.0139983366316835], [0.0009868737687758035, -0.0005018256194386783, 0.9999993871254184, 0.028035703373310097], [0.0005116800227211777, -0.999999742923647, -0.0005023307618894357, 0.03194057030121651], [0.0, 0.0, 0.0, 1.0]]}, "Hobj2base": {"type": "ndarray", "data": [[0.9999997548021894, 0.0004412729904732115, 0.000543758870316555, -0.7348553246234911], [0.00044110556386299136, -0.9999998552847948, 0.0003079874528387633, 0.090141528438406], [0.000543894698170721, -0.0003077475222578177, -0.999999804734991, 0.0008093683615109481], [0.0, 0.0, 0.0, 1.0]]}, "mean_rme": {"type": "float", "data": 0.0015334051287613404}, "max_rme": {"type": "float", "data": 0.005366671051085903}, "simu": {"type": "float", "data": 0.002}}]}