{"type": "list", "data": [{"type": "dict", "image_number": {"type": "int", "data": 5}, "Hcamera2end": {"type": "ndarray", "data": [[0.9999979683228616, 0.0015533458849239002, -0.001284704911982681, -0.013569074028705516], [0.001282747384244157, 0.0012605410402579675, 0.9999983827964091, 0.03239741667909187], [0.0015549627961135327, -0.9999979990744218, 0.0012585459288748657, 0.0316836260162608], [0.0, 0.0, 0.0, 1.0]]}, "Hobj2base": {"type": "ndarray", "data": [[0.9999986913858305, 0.0013735624092568882, -0.0008547238936101026, -0.735895031520462], [0.0013723011323712494, -0.9999979713248544, -0.0014744950923295135, 0.08885190996902292], [-0.0008567474706844411, 0.0014733202242172769, -0.9999985476545894, -0.002374216611697344], [0.0, 0.0, 0.0, 1.0]]}, "mean_rme": {"type": "float", "data": 0.001222739354913438}, "max_rme": {"type": "float", "data": 0.0025747037679150764}, "simu": {"type": "float", "data": 0.002}}, {"type": "dict", "image_number": {"type": "int", "data": 6}, "Hcamera2end": {"type": "ndarray", "data": [[0.999998110817255, 0.0016433928929290831, -0.0010380856036573628, -0.013525406071150377], [0.0010366528883937612, 0.0008724151475996145, 0.9999990821208785, 0.032384256916010455], [0.001644297026098194, -0.9999982690743069, 0.0008707098714587636, 0.031906246390505884], [0.0, 0.0, 0.0, 1.0]]}, "Hobj2base": {"type": "ndarray", "data": [[0.9999986579892173, 0.0016360929406905866, 8.496854642609368e-05, -0.7352063363966911], [0.0016362021939914503, -0.9999978137342611, -0.0013020633925321737, 0.08901943765178598], [8.283806393741822e-05, 0.001302200670871144, -0.9999991487052715, -0.002542948124592668], [0.0, 0.0, 0.0, 1.0]]}, "mean_rme": {"type": "float", "data": 0.0012486866681358953}, "max_rme": {"type": "float", "data": 0.0036346280159046396}, "simu": {"type": "float", "data": 0.002}}, {"type": "dict", "image_number": {"type": "int", "data": 7}, "Hcamera2end": {"type": "ndarray", "data": [[0.9999979808380036, 0.0017467767927444927, -0.000993524409401461, -0.013323191470394975], [0.00099122378822923, 0.001317439261703468, 0.999998640913673, 0.03247914582990099], [0.0017480833267884436, -0.9999976065594496, 0.0013157051548705612, 0.03172069252442431], [0.0, 0.0, 0.0, 1.0]]}, "Hobj2base": {"type": "ndarray", "data": [[0.999998829830291, 0.0015215471219014066, 0.000158847110781274, -0.7353964494346885], [0.0015217840185404719, -0.9999977140277401, -0.0015020361833670659, 0.08879968581958296], [0.00015656132882939117, 0.0015022761567244007, -0.9999988593267997, -0.0025069513208675104], [0.0, 0.0, 0.0, 1.0]]}, "mean_rme": {"type": "float", "data": 0.0012838507977328624}, "max_rme": {"type": "float", "data": 0.0038138090556847914}, "simu": {"type": "float", "data": 0.002}}, {"type": "dict", "image_number": {"type": "int", "data": 8}, "Hcamera2end": {"type": "ndarray", "data": [[0.9999978122585592, 0.0018221837816647841, -0.0010271924655229352, -0.013257438769526992], [0.0010241442858782556, 0.001672961907552284, 0.9999980761616181, 0.03256624481685933], [0.0018238987299442307, -0.9999969404176803, 0.0016710920684364083, 0.031534992155687634], [0.0, 0.0, 0.0, 1.0]]}, "Hobj2base": {"type": "ndarray", "data": [[0.9999990009357832, 0.001411167750085032, -8.20549609014268e-05, -0.7356794192414016], [0.0014110384613860685, -0.9999977956181083, -0.001554904943748013, 0.08872108093919416], [-8.424901173202186e-05, 0.0015547876075923438, -0.9999987877680647, -0.002498668143950722], [0.0, 0.0, 0.0, 1.0]]}, "mean_rme": {"type": "float", "data": 0.0012390663014993492}, "max_rme": {"type": "float", "data": 0.004129215144562826}, "simu": {"type": "float", "data": 0.002}}, {"type": "dict", "image_number": {"type": "int", "data": 9}, "Hcamera2end": {"type": "ndarray", "data": [[0.9999986087875149, 0.001536954087969471, -0.0006482246263119593, -0.013349658934825478], [0.0006451368452730264, 0.002008671548507923, 0.9999977745160543, 0.03277456934490766], [0.001538252737866738, -0.9999968015002557, 0.0020076772083074124, 0.031744403618052974], [0.0, 0.0, 0.0, 1.0]]}, "Hobj2base": {"type": "ndarray", "data": [[0.9999995168828717, 0.000921943697739256, -0.0003409601755282742, -0.7360023430152711], [0.0009215781802533223, -0.9999990022200653, -0.00107063183742629, 0.08944428407088095], [-0.00034194689760016676, 0.0010703170987276093, -0.9999993687466142, -0.002615195986326282], [0.0, 0.0, 0.0, 1.0]]}, "mean_rme": {"type": "float", "data": 0.0013359576302308905}, "max_rme": {"type": "float", "data": 0.005063311129870948}, "simu": {"type": "float", "data": 0.002}}, {"type": "dict", "image_number": {"type": "int", "data": 10}, "Hcamera2end": {"type": "ndarray", "data": [[0.9999983178622295, 0.0016075201294636504, -0.0008832619910261833, -0.013352812006554946], [0.0008813389736228559, 0.0011965788377178432, 0.9999988957197399, 0.03259760042592712], [0.001608575246917526, -0.9999979920370434, 0.0011951600547663865, 0.031738910736908044], [0.0, 0.0, 0.0, 1.0]]}, "Hobj2base": {"type": "ndarray", "data": [[0.9999990665870975, 0.001357099982295928, 0.00015844422312807644, -0.7354944908292728], [0.0013573162191013153, -0.9999981366728559, -0.0013727139169605698, 0.08899449135857888], [0.00015658101786225007, 0.001372927694565563, -0.9999990452755094, -0.0026180657006873], [0.0, 0.0, 0.0, 1.0]]}, "mean_rme": {"type": "float", "data": 0.0013562350734632647}, "max_rme": {"type": "float", "data": 0.005433581318383632}, "simu": {"type": "float", "data": 0.002}}, {"type": "dict", "image_number": {"type": "int", "data": 11}, "Hcamera2end": {"type": "ndarray", "data": [[0.9999991006418266, 0.0011386744160724667, -0.0007086156307036767, -0.01347124459170971], [0.0007068401918908209, 0.0015588622023996468, 0.9999985351617157, 0.032715112780919715], [0.0011397773822213223, -0.9999981366828682, 0.0015580559395814708, 0.03178345273155478], [0.0, 0.0, 0.0, 1.0]]}, "Hobj2base": {"type": "ndarray", "data": [[0.999999664805964, 0.0008136526945267958, -9.141800802677065e-05, -0.7358124530599928], [0.0008135444414620775, -0.9999989752105602, -0.0011780166686881936, 0.08936943875469858], [-9.237641077923703e-05, 0.0011779419012117522, -0.9999993019594946, -0.0027282863786170157], [0.0, 0.0, 0.0, 1.0]]}, "mean_rme": {"type": "float", "data": 0.0014359249401026464}, "max_rme": {"type": "float", "data": 0.0050566400540662665}, "simu": {"type": "float", "data": 0.002}}, {"type": "dict", "image_number": {"type": "int", "data": 12}, "Hcamera2end": {"type": "ndarray", "data": [[0.9999990452672902, 0.0012386967941871102, -0.0006124498020820184, -0.01356370191448458], [0.0006109162342975739, 0.0012380490474226402, 0.9999990470075014, 0.03264302822651728], [0.001239453856612419, -0.9999984664312284, 0.001237291125435691, 0.031829026190005195], [0.0, 0.0, 0.0, 1.0]]}, "Hobj2base": {"type": "ndarray", "data": [[0.9999994634459125, 0.001033145364048791, 7.562105387224358e-05, -0.735547001443731], [0.0010332205891522767, -0.9999989646476894, -0.0010015781362036082, 0.08940636481757001], [7.458619976965936e-05, 0.0010016557320325996, -0.9999994955612193, -0.002804791711735602], [0.0, 0.0, 0.0, 1.0]]}, "mean_rme": {"type": "float", "data": 0.001448902396568592}, "max_rme": {"type": "float", "data": 0.004975941320296259}, "simu": {"type": "float", "data": 0.002}}, {"type": "dict", "image_number": {"type": "int", "data": 13}, "Hcamera2end": {"type": "ndarray", "data": [[0.9999990202437558, 0.0012883926195561726, -0.0005473170804250367, -0.013560483253445527], [0.0005459864830940851, 0.001032882922885836, 0.9999993175255809, 0.03255246859333284], [0.001288957054726943, -0.9999986365977332, 0.0010321784659571565, 0.03180010858609979], [0.0, 0.0, 0.0, 1.0]]}, "Hobj2base": {"type": "ndarray", "data": [[0.999999332538134, 0.0011532033338936601, 7.10306776636759e-05, -0.7354246090682083], [0.0011532687621175909, -0.9999989043206885, -0.0009280778983722798, 0.08929695487350668], [6.996033731031594e-05, 0.0009281591963773755, -0.9999995668129351, -0.0027871567799688034], [0.0, 0.0, 0.0, 1.0]]}, "mean_rme": {"type": "float", "data": 0.0014007536947161653}, "max_rme": {"type": "float", "data": 0.00513679388153665}, "simu": {"type": "float", "data": 0.002}}, {"type": "dict", "image_number": {"type": "int", "data": 14}, "Hcamera2end": {"type": "ndarray", "data": [[0.9999986857505887, 0.0015905726572567054, -0.0003139677009804571, -0.013593587132956556], [0.00031288196538233157, 0.0006828095778792509, 0.9999997179379381, 0.03248555763888829], [0.0015907865887698767, -0.999998501923729, 0.0006823110189980719, 0.031795291938536197], [0.0, 0.0, 0.0, 1.0]]}, "Hobj2base": {"type": "ndarray", "data": [[0.999998799373062, 0.001537318086047275, 0.00019469344332266543, -0.735191780834324], [0.0015374289337778718, -0.9999986554310296, -0.000570480855979411, 0.08932212839172325], [0.00019381617100626186, 0.0005707794983777089, -0.9999998183230117, -0.0028535957630489123], [0.0, 0.0, 0.0, 1.0]]}, "mean_rme": {"type": "float", "data": 0.0013661691637044484}, "max_rme": {"type": "float", "data": 0.005142990721074894}, "simu": {"type": "float", "data": 0.002}}, {"type": "dict", "image_number": {"type": "int", "data": 15}, "Hcamera2end": {"type": "ndarray", "data": [[0.9999957139308684, 0.002781523183745447, -0.0009139194008005481, -0.01352911902322654], [0.0009155807187926874, -0.0005960544109884225, 0.9999994032153651, 0.03230718613265686], [0.002780976778085014, -0.9999959539157731, -0.000598598565253905, 0.03184672217860615], [0.0, 0.0, 0.0, 1.0]]}, "Hobj2base": {"type": "ndarray", "data": [[0.9999947575405926, 0.003194632712697759, 0.0005284062473279153, -0.7345266860563691], [0.0031949479610848563, -0.9999947180319892, -0.0005968380417365446, 0.08876981363440635], [0.0005264967779707064, 0.0005985231432998629, -0.9999996822855444, -0.002663487409351184], [0.0, 0.0, 0.0, 1.0]]}, "mean_rme": {"type": "float", "data": 0.0014220300280811987}, "max_rme": {"type": "float", "data": 0.005348816136644119}, "simu": {"type": "float", "data": 0.002}}, {"type": "dict", "image_number": {"type": "int", "data": 16}, "Hcamera2end": {"type": "ndarray", "data": [[0.9999954095092671, 0.0028451877532342045, -0.0010420494431652428, -0.013580163566861404], [0.001043722835690107, -0.0005867269277100018, 0.9999992831968204, 0.0322930513285097], [0.002844574315326266, -0.9999957803201777, -0.0005896938217755388, 0.03179911705256227], [0.0, 0.0, 0.0, 1.0]]}, "Hobj2base": {"type": "ndarray", "data": [[0.9999945261519411, 0.003262650300323623, 0.0005502537347143196, -0.7345005229712437], [0.003263109488760681, -0.9999943268614604, -0.0008356801774646723, 0.08862459195232693], [0.0005475240808666711, 0.0008374711412613274, -0.9999994994296089, -0.002676014921964353], [0.0, 0.0, 0.0, 1.0]]}, "mean_rme": {"type": "float", "data": 0.0013657442851284086}, "max_rme": {"type": "float", "data": 0.00539789608955589}, "simu": {"type": "float", "data": 0.002}}, {"type": "dict", "image_number": {"type": "int", "data": 17}, "Hcamera2end": {"type": "ndarray", "data": [[0.9999967125058566, 0.0024496285971418196, -0.000757824000095291, -0.01345138178548376], [0.0007589781370003105, -0.0004702524428685795, 0.999999601407334, 0.03225187771640474], [0.0024492712521505177, -0.9999968890863489, -0.00047211011146552906, 0.03189051821975282], [0.0, 0.0, 0.0, 1.0]]}, "Hobj2base": {"type": "ndarray", "data": [[0.9999956878328891, 0.002869859855838716, 0.0006230730574674615, -0.7344731952960805], [0.0028702228405663587, -0.9999957112706845, -0.0005824612296344029, 0.08882306504569763], [0.0006213988031752638, 0.0005842470764851296, -0.9999996362593746, -0.002627967311916929], [0.0, 0.0, 0.0, 1.0]]}, "mean_rme": {"type": "float", "data": 0.0014071786720531124}, "max_rme": {"type": "float", "data": 0.0055064384336831335}, "simu": {"type": "float", "data": 0.002}}, {"type": "dict", "image_number": {"type": "int", "data": 18}, "Hcamera2end": {"type": "ndarray", "data": [[0.9999960215145229, 0.002614509769819011, -0.001058911605977993, -0.01353593506717035], [0.0010603779068450768, -0.000559509569856953, 0.9999992812736098, 0.03226608427445694], [0.0026139154195246646, -0.9999964256374645, -0.0005622797122533107, 0.031843623753837244], [0.0, 0.0, 0.0, 1.0]]}, "Hobj2base": {"type": "ndarray", "data": [[0.9999950660674698, 0.0030841436159045406, 0.0005965726051612157, -0.7344592346167361], [0.0030846866211906225, -0.9999948269796322, -0.0009114397534404318, 0.08864774084787119], [0.0005937585079821236, 0.0009132754959918926, -0.9999994066891751, -0.002637187262590444], [0.0, 0.0, 0.0, 1.0]]}, "mean_rme": {"type": "float", "data": 0.0013937616526572645}, "max_rme": {"type": "float", "data": 0.005452787350601923}, "simu": {"type": "float", "data": 0.002}}, {"type": "dict", "image_number": {"type": "int", "data": 19}, "Hcamera2end": {"type": "ndarray", "data": [[0.9999962657923699, 0.0026476301501163098, -0.0006770937188396351, -0.013503976448596904], [0.0006786179122918398, -0.0005748261798443899, 0.9999996045262177, 0.03230081365098218], [0.002647239891852203, -0.9999963298079902, -0.0005766207625690356, 0.03185457665447769], [0.0, 0.0, 0.0, 1.0]]}, "Hobj2base": {"type": "ndarray", "data": [[0.99999491201997, 0.003127085854360123, 0.0006302921797908108, -0.7344568540835542], [0.0031274567676503697, -0.9999949364138654, -0.0005883543111144413, 0.0888575772020198], [0.0006284491538084308, 0.0005903225291227398, -0.9999996282854169, -0.002692814085876817], [0.0, 0.0, 0.0, 1.0]]}, "mean_rme": {"type": "float", "data": 0.0013532851062006764}, "max_rme": {"type": "float", "data": 0.005401318615837855}, "simu": {"type": "float", "data": 0.002}}, {"type": "dict", "image_number": {"type": "int", "data": 20}, "Hcamera2end": {"type": "ndarray", "data": [[0.9999976954092114, 0.0020794202302077463, -0.0005340297485535725, -0.013419983705822345], [0.0005355391351238948, -0.0007253798088158181, 0.9999995935109013, 0.031134933566322964], [0.0020790320105491832, -0.9999975749148792, -0.0007264917480238609, 0.030646347710947867], [0.0, 0.0, 0.0, 1.0]]}, "Hobj2base": {"type": "ndarray", "data": [[0.9999958100095511, 0.0027093355291732102, 0.0010195412360933314, -0.7332749844586217], [0.002709705795765288, -0.9999962632313402, -0.0003619638889577297, 0.08968285320674621], [0.0010185567446789618, 0.0003647250291289559, -0.9999994147587343, -0.0017429138789761185], [0.0, 0.0, 0.0, 1.0]]}, "mean_rme": {"type": "float", "data": 0.0013995432024271413}, "max_rme": {"type": "float", "data": 0.005345714282893363}, "simu": {"type": "float", "data": 0.002}}, {"type": "dict", "image_number": {"type": "int", "data": 21}, "Hcamera2end": {"type": "ndarray", "data": [[0.9999975686133472, 0.002190066515718876, -0.0002576354998281616, -0.013478999497520627], [0.0002592896782822665, -0.0007550593145122519, 0.9999996813270967, 0.03182447154202299], [0.0021898712877201263, -0.9999973167434445, -0.0007556253403133706, 0.03069855042281429], [0.0, 0.0, 0.0, 1.0]]}, "Hobj2base": {"type": "ndarray", "data": [[0.999995493962758, 0.0028397002400838665, 0.0009737333957923728, -0.7332542426430684], [0.002839777122304099, -0.9999959648152748, -7.75826259230652e-05, 0.08950566663545141], [0.0009735091551967874, 8.034746215345812e-05, -0.9999995229119916, -0.0024101886921447683], [0.0, 0.0, 0.0, 1.0]]}, "mean_rme": {"type": "float", "data": 0.0014122539043308186}, "max_rme": {"type": "float", "data": 0.005226203047628136}, "simu": {"type": "float", "data": 0.002}}, {"type": "dict", "image_number": {"type": "int", "data": 22}, "Hcamera2end": {"type": "ndarray", "data": [[0.9999972963562959, 0.0023111890103813325, -0.00025629174156287867, -0.013428222100882164], [0.00025854287017369445, -0.0009737670391898323, 0.9999994924665401, 0.03193673772771327], [0.002310938268925227, -0.9999968550866107, -0.0009743619479110066, 0.03154036385136595], [0.0, 0.0, 0.0, 1.0]]}, "Hobj2base": {"type": "ndarray", "data": [[0.9999947310788478, 0.0030578137701581837, 0.001089765795886872, -0.7339988638154018], [0.0030579038001863333, -0.9999953213241726, -8.09574808089327e-05, 0.08928632213986219], [0.0010895131443263702, 8.428945321890517e-05, -0.9999994029280199, -0.002532406180434281], [0.0, 0.0, 0.0, 1.0]]}, "mean_rme": {"type": "float", "data": 0.001408342264184258}, "max_rme": {"type": "float", "data": 0.005402081925872285}, "simu": {"type": "float", "data": 0.002}}, {"type": "dict", "image_number": {"type": "int", "data": 23}, "Hcamera2end": {"type": "ndarray", "data": [[0.9999971043237416, 0.0023956835197963084, -0.0002281328668137857, -0.01345567539360613], [0.00023062761261736522, -0.0010411257032387766, 0.9999994314339256, 0.03144554537475463], [0.0023954446427005404, -0.9999965883730519, -0.0010416751992465834, 0.03192817583894798], [0.0, 0.0, 0.0, 1.0]]}, "Hobj2base": {"type": "ndarray", "data": [[0.999994359055056, 0.0031691794274466625, 0.0011127263026314011, -0.7344152501156833], [0.0031692591243696576, -0.9999949754449684, -6.986715692341429e-05, 0.089499758822185], [0.0011124992901204824, 7.339328079416936e-05, -0.9999993784791847, -0.002141120752407946], [0.0, 0.0, 0.0, 1.0]]}, "mean_rme": {"type": "float", "data": 0.0013966771495207823}, "max_rme": {"type": "float", "data": 0.005401632472748927}, "simu": {"type": "float", "data": 0.002}}, {"type": "dict", "image_number": {"type": "int", "data": 24}, "Hcamera2end": {"type": "ndarray", "data": [[0.9999968900284254, 0.002492542265452486, -8.465537304613532e-05, -0.0134612914433162], [8.656656261627643e-05, -0.0007666652531663765, 0.9999997023652656, 0.03106323747876419], [0.0024924766212523226, -0.9999965997229412, -0.0007668786396752836, 0.03173040860459693], [0.0, 0.0, 0.0, 1.0]]}, "Hobj2base": {"type": "ndarray", "data": [[0.9999946995972873, 0.0031438969378337757, 0.0008465750855118246, -0.7343760297116732], [0.0031438557750809453, -0.9999950568257605, 4.994905340413011e-05, 0.08978212871027426], [0.0008467279354197157, -4.728727868240595e-05, -0.9999996404077929, -0.0017762743571333843], [0.0, 0.0, 0.0, 1.0]]}, "mean_rme": {"type": "float", "data": 0.0013767282291739784}, "max_rme": {"type": "float", "data": 0.005368403214814799}, "simu": {"type": "float", "data": 0.002}}, {"type": "dict", "image_number": {"type": "int", "data": 25}, "Hcamera2end": {"type": "ndarray", "data": [[0.9999967052482527, 0.0025664994424681297, -5.072722118587775e-05, -0.013437934309852713], [5.273266714957256e-05, -0.0007813318576896933, 0.9999996933698501, 0.031229907689145787], [0.002566459020708056, -0.9999964012940947, -0.0007814646217558785, 0.03187956803847125], [0.0, 0.0, 0.0, 1.0]]}, "Hobj2base": {"type": "ndarray", "data": [[0.9999944500595308, 0.0032264278259319977, 0.0008306705848734804, -0.7345008365630954], [0.003226365861202155, -0.9999947923857833, 7.592525609587132e-05, 0.08966056899509552], [0.0008309112264204918, -7.324478749827925e-05, -0.9999996521108072, -0.0019140266692645035], [0.0, 0.0, 0.0, 1.0]]}, "mean_rme": {"type": "float", "data": 0.001358192358489752}, "max_rme": {"type": "float", "data": 0.005431024829017347}, "simu": {"type": "float", "data": 0.002}}, {"type": "dict", "image_number": {"type": "int", "data": 26}, "Hcamera2end": {"type": "ndarray", "data": [[0.9999969301686764, 0.002468832225944529, -0.00021099920273879528, -0.013404455095131378], [0.00021346565273910054, -0.0009988142279524492, 0.9999994784011403, 0.031354554925711486], [0.0024686201891986736, -0.9999964536125006, -0.00099933817264386, 0.031174359174051997], [0.0, 0.0, 0.0, 1.0]]}, "Hobj2base": {"type": "ndarray", "data": [[0.9999943155941161, 0.0032278282417469253, 0.0009746303386826103, -0.7337219496490331], [0.003227893577328956, -0.9999947881947386, -6.547070665420428e-05, 0.08956519627134972], [0.0009744139309031376, 6.861633750263769e-05, -0.9999995229045311, -0.0019858340156374043], [0.0, 0.0, 0.0, 1.0]]}, "mean_rme": {"type": "float", "data": 0.0013461644572407164}, "max_rme": {"type": "float", "data": 0.005427096121129474}, "simu": {"type": "float", "data": 0.002}}, {"type": "dict", "image_number": {"type": "int", "data": 27}, "Hcamera2end": {"type": "ndarray", "data": [[0.9999975852403732, 0.0021954461972319753, -9.76187364327937e-05, -0.013358656926627754], [9.915697051834189e-05, -0.0007005496565142266, 0.9999997496990057, 0.030995231496025795], [0.0021953772609373317, -0.9999973446195615, -0.0007007656586490718, 0.031652243913814], [0.0, 0.0, 0.0, 1.0]]}, "Hobj2base": {"type": "ndarray", "data": [[0.9999956404163953, 0.002833221001062301, 0.0008318695585938727, -0.7343490302438966], [0.0028331859849315207, -0.9999959855844396, 4.3268701329187216e-05, 0.08979118521414513], [0.0008319888089170668, -4.0911671520966975e-05, -0.9999996530603685, -0.0016551251411742246], [0.0, 0.0, 0.0, 1.0]]}, "mean_rme": {"type": "float", "data": 0.0013687771149300016}, "max_rme": {"type": "float", "data": 0.005520346689264086}, "simu": {"type": "float", "data": 0.002}}, {"type": "dict", "image_number": {"type": "int", "data": 28}, "Hcamera2end": {"type": "ndarray", "data": [[0.999998555424484, 0.0016572275849343772, -0.0003778169886141557, -0.01334719474008323], [0.00037878779473395324, -0.000585526581461604, 0.9999997568391851, 0.030756860886448394], [0.0016570059600718055, -0.9999984553764844, -0.0005861534732065632, 0.031264423678155254], [0.0, 0.0, 0.0, 1.0]]}, "Hobj2base": {"type": "ndarray", "data": [[0.9999968516769987, 0.0023206748175082213, 0.0009545179317212554, -0.7340061508918934], [0.0023208660454368557, -0.99999728693027, -0.0001992809552976893, 0.08991992447539035], [0.0009540528757529793, 0.00020149563615436648, -0.9999995245911968, -0.001407930846871319], [0.0, 0.0, 0.0, 1.0]]}, "mean_rme": {"type": "float", "data": 0.0013782603557300683}, "max_rme": {"type": "float", "data": 0.0054864262659356094}, "simu": {"type": "float", "data": 0.002}}, {"type": "dict", "image_number": {"type": "int", "data": 29}, "Hcamera2end": {"type": "ndarray", "data": [[0.9999984060060825, 0.001736203475576201, -0.00041663267459574787, -0.013328829540577574], [0.0004186674730701338, -0.0011717829724153805, 0.9999992258208065, 0.03123703742049386], [0.0017357139283697516, -0.9999978062586722, -0.0011725079965221319, 0.03132594252492231], [0.0, 0.0, 0.0, 1.0]]}, "Hobj2base": {"type": "ndarray", "data": [[0.9999955649464674, 0.0026433637351105477, 0.0013721208254279611, -0.7337902992848637], [0.0026435713936919735, -0.999996494576437, -0.00014954973825703695, 0.08960818677321883], [0.0013717207012085848, 0.00015317637435873237, -0.9999990474592042, -0.0018931494174128133], [0.0, 0.0, 0.0, 1.0]]}, "mean_rme": {"type": "float", "data": 0.0013636883445502714}, "max_rme": {"type": "float", "data": 0.005507861973794881}, "simu": {"type": "float", "data": 0.002}}, {"type": "dict", "image_number": {"type": "int", "data": 30}, "Hcamera2end": {"type": "ndarray", "data": [[0.999998092242049, 0.0019163365787940641, -0.00037837333303412924, -0.01332593699089675], [0.00038070182100150094, -0.001214853559994733, 0.9999991895981474, 0.031015761497145158], [0.0019158753576007065, -0.9999974258891594, -0.0012155807951732545, 0.03137040423792815], [0.0, 0.0, 0.0, 1.0]]}, "Hobj2base": {"type": "ndarray", "data": [[0.9999951563111125, 0.002824126089548501, 0.0013083065940615094, -0.7338609375909091], [0.002824285399575646, -0.9999960045056147, -0.00011993660200663062, 0.08968992897316781], [0.0013079626506430398, 0.00012363105228282073, -0.9999991369741612, -0.001695113482103026], [0.0, 0.0, 0.0, 1.0]]}, "mean_rme": {"type": "float", "data": 0.0013400454223759736}, "max_rme": {"type": "float", "data": 0.005526190734655129}, "simu": {"type": "float", "data": 0.002}}]}