{"type": "list", "data": [{"type": "dict", "image_number": {"type": "int", "data": 5}, "Hcamera2end": {"type": "ndarray", "data": [[0.9999990309898593, 0.0012907444558548258, -0.000521534363165405, -0.018274051014616467], [0.0005196728939322051, 0.0014420825733140186, 0.9999988251682773, 0.025952746528565863], [0.0012914950350637984, -0.9999981271865469, 0.001441410411014643, 0.03531776845682043], [0.0, 0.0, 0.0, 1.0]]}, "Hobj2base": {"type": "ndarray", "data": [[0.9999976074672274, 0.0019094972363544352, 0.0010671832669554276, -0.7379499964102422], [0.0019097606575794348, -0.9999981461785448, -0.00024587335194391663, 0.08783361601907207], [0.00106671179410216, 0.00024791082830152275, -0.9999994003329054, -4.177941690493014e-05], [0.0, 0.0, 0.0, 1.0]]}, "mean_rme": {"type": "float", "data": 0.0009761594071986637}, "max_rme": {"type": "float", "data": 0.0031972605351220373}, "simu": {"type": "float", "data": 0.002}}, {"type": "dict", "image_number": {"type": "int", "data": 6}, "Hcamera2end": {"type": "ndarray", "data": [[0.9999990443561756, 0.0011506856112131058, -0.0007662958696006392, -0.018264194728744926], [0.0007648350461262564, 0.0012694282569466475, 0.9999989017890233, 0.02581986135950608], [0.0011516571051475894, -0.9999985322361852, 0.0012685469591429133, 0.035477270772111213], [0.0, 0.0, 0.0, 1.0]]}, "Hobj2base": {"type": "ndarray", "data": [[0.9999976972905118, 0.0018768855225315823, 0.001040535635766545, -0.7377675152221751], [0.001877053433412398, -0.9999982254668902, -0.00016041657952939166, 0.08778163605795429], [0.0010402327057459145, 0.00016236935112431546, -0.9999994457759025, 1.6181637184179791e-06], [0.0, 0.0, 0.0, 1.0]]}, "mean_rme": {"type": "float", "data": 0.0009130214351042536}, "max_rme": {"type": "float", "data": 0.0029699710426730197}, "simu": {"type": "float", "data": 0.002}}, {"type": "dict", "image_number": {"type": "int", "data": 7}, "Hcamera2end": {"type": "ndarray", "data": [[0.9999989351061301, 0.0009983562395116997, -0.0010644582775615585, -0.018135568679798146], [0.0010634942092930576, 0.000965689843500428, 0.9999989682110642, 0.025814140798008905], [0.0009993831459662488, -0.9999990353635073, 0.0009646270690636394, 0.035642253473351794], [0.0, 0.0, 0.0, 1.0]]}, "Hobj2base": {"type": "ndarray", "data": [[0.9999974902434758, 0.0018947256542295279, 0.0011956259634997564, -0.7375819821571757], [0.0018946483823153923, -0.9999982029900709, 6.575817342522639e-05, 0.08783385165542834], [0.0011957484086461921, -6.349271759062252e-05, -0.9999992830769524, 9.36340199732861e-05], [0.0, 0.0, 0.0, 1.0]]}, "mean_rme": {"type": "float", "data": 0.0009053078714622487}, "max_rme": {"type": "float", "data": 0.00313320464493283}, "simu": {"type": "float", "data": 0.002}}, {"type": "dict", "image_number": {"type": "int", "data": 8}, "Hcamera2end": {"type": "ndarray", "data": [[0.9999989077691407, 0.000387644580422165, -0.0014262511016166707, -0.017786198914340363], [0.001425853301459435, 0.0010245445168679534, 0.9999984586242598, 0.025656172980830887], [0.0003891052406620512, -0.9999994000199262, 0.0010239906735241, 0.03576093864796786], [0.0, 0.0, 0.0, 1.0]]}, "Hobj2base": {"type": "ndarray", "data": [[0.999998421996808, 0.0013860610200131659, 0.0011112329831079327, -0.7375855709295085], [0.001386109652695642, -0.9999990384252395, -4.2995662511098144e-05, 0.08754912404811113], [0.001111172319962507, 4.453588542808514e-05, -0.9999993816561239, 0.00034770726298014726], [0.0, 0.0, 0.0, 1.0]]}, "mean_rme": {"type": "float", "data": 0.0011153640908967922}, "max_rme": {"type": "float", "data": 0.004131646100163311}, "simu": {"type": "float", "data": 0.002}}, {"type": "dict", "image_number": {"type": "int", "data": 9}, "Hcamera2end": {"type": "ndarray", "data": [[0.9999983438434844, -0.00033970334413755256, -0.00178799103083499, -0.017288286034064786], [0.0017882253326769416, 0.0006906776447590524, 0.9999981626055873, 0.025713278240878833], [-0.0003384677945344989, -0.9999997037829705, 0.0006912839670143445, 0.035639360694258805], [0.0, 0.0, 0.0, 1.0]]}, "Hobj2base": {"type": "ndarray", "data": [[0.9999981525814496, 0.0009141122044176345, 0.0016909265405220047, -0.7375925322947572], [0.0009141314806662991, -0.9999995821252643, -1.0626984185762846e-05, 0.08736839368717907], [0.0016909161196705833, 1.2172693735460452e-05, -0.9999985703262289, 0.0005165739067790239], [0.0, 0.0, 0.0, 1.0]]}, "mean_rme": {"type": "float", "data": 0.0014884734050634996}, "max_rme": {"type": "float", "data": 0.0042587683274702415}, "simu": {"type": "float", "data": 0.002}}, {"type": "dict", "image_number": {"type": "int", "data": 10}, "Hcamera2end": {"type": "ndarray", "data": [[0.9999982850319088, -0.00020383552579261038, -0.0018407564531190647, -0.017157523945430297], [0.0018409572234644573, 0.0009891947808610135, 0.9999978161827088, 0.025792004451253073], [-0.00020201421397680332, -0.9999994899722517, 0.0009895683369072206, 0.035726844223361975], [0.0, 0.0, 0.0, 1.0]]}, "Hobj2base": {"type": "ndarray", "data": [[0.9999987960607686, 0.0008280974623087879, 0.0013123001205251838, -0.7377463806554267], [0.0008280304371254053, -0.9999996558505773, 5.1617074011927206e-05, 0.08740756662905572], [0.0013123424128658558, -5.0530387425668606e-05, -0.9999991376016637, 0.0007490206004379385], [0.0, 0.0, 0.0, 1.0]]}, "mean_rme": {"type": "float", "data": 0.001471635219943692}, "max_rme": {"type": "float", "data": 0.0040899844411071695}, "simu": {"type": "float", "data": 0.002}}, {"type": "dict", "image_number": {"type": "int", "data": 11}, "Hcamera2end": {"type": "ndarray", "data": [[0.9999983514409229, -0.0001283530831910078, -0.0018112539641363997, -0.017210554682084444], [0.0018113711644076125, 0.0009189519918102462, 0.9999979372287432, 0.02578683989213727], [-0.00012668836298993966, -0.9999995695262688, 0.0009191829719373823, 0.0355140677565738], [0.0, 0.0, 0.0, 1.0]]}, "Hobj2base": {"type": "ndarray", "data": [[0.9999985749169685, 0.0008501385214569258, 0.0014585707135714074, -0.7378201158336786], [0.0008501060575368738, -0.9999996383980976, 2.2877176781537794e-05, 0.08733113530197842], [0.0014585896349187067, -2.1637204380708422e-05, -0.9999989360234882, 0.0006723058112168505], [0.0, 0.0, 0.0, 1.0]]}, "mean_rme": {"type": "float", "data": 0.0014872515604633643}, "max_rme": {"type": "float", "data": 0.004112882539273388}, "simu": {"type": "float", "data": 0.002}}, {"type": "dict", "image_number": {"type": "int", "data": 12}, "Hcamera2end": {"type": "ndarray", "data": [[0.9999976500042448, 2.299754847596633e-06, -0.002167943887423145, -0.017074885081920746], [0.002167941089030446, 0.0008645353005957146, 0.999997276301365, 0.025832583998233124], [4.174012604145393e-06, -0.9999996262866427, 0.0008645282832083767, 0.035609381000577436], [0.0, 0.0, 0.0, 1.0]]}, "Hobj2base": {"type": "ndarray", "data": [[0.999998541706304, 0.0009878448756871297, 0.0013931072345312338, -0.7377712728861026], [0.0009880610452170327, -0.9999994999338142, -0.0001544910751978852, 0.08720434389552405], [0.001392953924668439, 0.00015586732489477449, -0.9999990176918878, 0.000874042194020185], [0.0, 0.0, 0.0, 1.0]]}, "mean_rme": {"type": "float", "data": 0.0014962946403479205}, "max_rme": {"type": "float", "data": 0.0040294288468954165}, "simu": {"type": "float", "data": 0.002}}, {"type": "dict", "image_number": {"type": "int", "data": 13}, "Hcamera2end": {"type": "ndarray", "data": [[0.9999974083859777, -0.00010228834408170396, -0.00227436989574548, -0.017062809848882407], [0.0022744733449041924, 0.001022866467744965, 0.9999968902527614, 0.025836634143836273], [-9.996164928920094e-05, -0.9999994716405027, 0.001023096468982021, 0.035549572225807874], [0.0, 0.0, 0.0, 1.0]]}, "Hobj2base": {"type": "ndarray", "data": [[0.9999988388915476, 0.0007611176793587424, 0.0013201952260015175, -0.7378919749294879], [0.0007612372568294016, -0.9999997062020811, -9.007547072899674e-05, 0.08727517690113626], [0.001320126280097659, 9.108034793392699e-05, -0.9999991244851043, 0.0008891930134516903], [0.0, 0.0, 0.0, 1.0]]}, "mean_rme": {"type": "float", "data": 0.0014538393497738591}, "max_rme": {"type": "float", "data": 0.004056665340493509}, "simu": {"type": "float", "data": 0.002}}, {"type": "dict", "image_number": {"type": "int", "data": 14}, "Hcamera2end": {"type": "ndarray", "data": [[0.9999975068820485, 0.00023329107391166764, -0.002220766750992493, -0.016995143367849706], [0.0022206122142451146, 0.0006606038728589336, 0.999997316238357, 0.025746114184638118], [0.0002347574949304531, -0.9999997545888687, 0.0006600841768873433, 0.03556803237892854], [0.0, 0.0, 0.0, 1.0]]}, "Hobj2base": {"type": "ndarray", "data": [[0.9999981974554596, 0.0011873740826484245, 0.001481630392308552, -0.7376493032048507], [0.0011871718718167534, -0.999999285878624, 0.0001373506062574307, 0.08718337078013698], [0.0014817924207947235, -0.00013559140875066776, -0.999998892952483, 0.0008672158839561945], [0.0, 0.0, 0.0, 1.0]]}, "mean_rme": {"type": "float", "data": 0.0014520558413363748}, "max_rme": {"type": "float", "data": 0.003996409575078214}, "simu": {"type": "float", "data": 0.002}}, {"type": "dict", "image_number": {"type": "int", "data": 15}, "Hcamera2end": {"type": "ndarray", "data": [[0.9999991713799665, 0.00011319933645869654, -0.0012823514692282423, -0.01697429964938552], [0.0012822841841165131, 0.0005924797023928452, 0.9999990023570391, 0.02564296360927593], [0.00011395899074302673, -0.9999998180768397, 0.0005923340577335123, 0.03550223393764072], [0.0, 0.0, 0.0, 1.0]]}, "Hobj2base": {"type": "ndarray", "data": [[0.9999982654259536, 0.0010646358123159248, 0.0015282982925963991, -0.7376111794871277], [0.001063193118449033, -0.9999989887796115, 0.000944489357630374, 0.08752494368377975], [0.001529302284344491, -0.0009428628431160212, -0.9999983861207884, 0.0006488087124801422], [0.0, 0.0, 0.0, 1.0]]}, "mean_rme": {"type": "float", "data": 0.001475169093300377}, "max_rme": {"type": "float", "data": 0.004001688022729544}, "simu": {"type": "float", "data": 0.002}}, {"type": "dict", "image_number": {"type": "int", "data": 16}, "Hcamera2end": {"type": "ndarray", "data": [[0.9999991879608203, 6.723613043681709e-05, -0.0012726181684291874, -0.016904919102574856], [0.0012725772703701915, 0.0006048559601092851, 0.9999990073476864, 0.025636580924518614], [6.800581437883422e-05, -0.9999998148142678, 0.0006047699057711853, 0.0355283911433755], [0.0, 0.0, 0.0, 1.0]]}, "Hobj2base": {"type": "ndarray", "data": [[0.9999983804009661, 0.0010255761385803428, 0.0014789824301491361, -0.7376160378574828], [0.0010239997791045628, -0.9999989073159059, 0.0010662042238998501, 0.08752278752312191], [0.0014800742876994442, -0.0010646880193947467, -0.999998337908381, 0.0006857947606757689], [0.0, 0.0, 0.0, 1.0]]}, "mean_rme": {"type": "float", "data": 0.0014355746825447987}, "max_rme": {"type": "float", "data": 0.003927225142000168}, "simu": {"type": "float", "data": 0.002}}, {"type": "dict", "image_number": {"type": "int", "data": 17}, "Hcamera2end": {"type": "ndarray", "data": [[0.9999993506107162, -3.336517420786443e-05, -0.0011391509606254375, -0.016789912597879698], [0.0011391737183435897, 0.0006901934901598628, 0.9999991129576994, 0.0256243052553107], [-3.2578910034210544e-05, -0.9999997612598271, 0.0006902310506851084, 0.03556724266389286], [0.0, 0.0, 0.0, 1.0]]}, "Hobj2base": {"type": "ndarray", "data": [[0.9999985329935771, 0.0009170843054898593, 0.0014467090482610495, -0.7376156986157384], [0.0009152337124862859, -0.9999987628454499, 0.0012793181078886579, 0.0875349260723301], [0.0014478805010168414, -0.0012779921542276492, -0.9999981351873155, 0.0007277886616355834], [0.0, 0.0, 0.0, 1.0]]}, "mean_rme": {"type": "float", "data": 0.0014612170167709632}, "max_rme": {"type": "float", "data": 0.0038275269027742698}, "simu": {"type": "float", "data": 0.002}}, {"type": "dict", "image_number": {"type": "int", "data": 18}, "Hcamera2end": {"type": "ndarray", "data": [[0.9999997929894876, 0.00034354918358686615, -0.0005440541704766769, -0.016745788761035142], [0.0005438583110251645, 0.0005699422989291492, 0.9999996896919087, 0.025711924500818273], [0.0003438591564654381, -0.9999997785698428, 0.0005697553388662735, 0.035521857588764395], [0.0, 0.0, 0.0, 1.0]]}, "Hobj2base": {"type": "ndarray", "data": [[0.9999981952383882, 0.0013104128480930833, 0.0013756228167446584, -0.7376623924736747], [0.0013077868120176678, -0.9999973243314026, 0.0019081466637448704, 0.08775379370233957], [0.0013781195959381028, -0.0019063441986169728, -0.9999972333152609, 0.0006818912607905397], [0.0, 0.0, 0.0, 1.0]]}, "mean_rme": {"type": "float", "data": 0.0014731893400143847}, "max_rme": {"type": "float", "data": 0.003720331314513381}, "simu": {"type": "float", "data": 0.002}}, {"type": "dict", "image_number": {"type": "int", "data": 19}, "Hcamera2end": {"type": "ndarray", "data": [[0.9999992609061047, 0.001151712853260244, -0.0003895442825764195, -0.016720178619193865], [0.00038943963218048493, 9.108787168177201e-05, 0.9999999200198831, 0.02575495916957682], [0.001151748243905741, -0.999999332630029, 9.063928172936553e-05, 0.03539662618691586], [0.0, 0.0, 0.0, 1.0]]}, "Hobj2base": {"type": "ndarray", "data": [[0.9999965231975324, 0.0022403562961938487, 0.0013908258385316953, -0.7376011152697037], [0.002237378081711817, -0.9999952089619601, 0.002139203693951846, 0.08761386197306346], [0.0013956117534967827, -0.002136084453116555, -0.9999967447002225, 0.0006433297245666576], [0.0, 0.0, 0.0, 1.0]]}, "mean_rme": {"type": "float", "data": 0.001509526213881056}, "max_rme": {"type": "float", "data": 0.0038421466058658205}, "simu": {"type": "float", "data": 0.002}}, {"type": "dict", "image_number": {"type": "int", "data": 20}, "Hcamera2end": {"type": "ndarray", "data": [[0.9999992371965343, 0.00108143503259056, -0.0005967450207299106, -0.01681373660993788], [0.0005966891602164157, 5.197596744987987e-05, 0.9999998206302562, 0.02600384936218286], [0.0010814658550136085, -0.9999994138982126, 5.133064724105463e-05, 0.03524681039831998], [0.0, 0.0, 0.0, 1.0]]}, "Hobj2base": {"type": "ndarray", "data": [[0.9999964799116019, 0.002189262005154965, 0.0014990984883987155, -0.7373840443357299], [0.0021863239773944557, -0.999995691721606, 0.0019587051062379015, 0.08750952486512527], [0.0015033801485334767, -0.00195542069645312, -0.9999969580843882, 0.00040314359015490575], [0.0, 0.0, 0.0, 1.0]]}, "mean_rme": {"type": "float", "data": 0.0015197890142067513}, "max_rme": {"type": "float", "data": 0.0040093528391495215}, "simu": {"type": "float", "data": 0.002}}, {"type": "dict", "image_number": {"type": "int", "data": 21}, "Hcamera2end": {"type": "ndarray", "data": [[0.9999991115554996, 0.0010270538967638051, -0.0008497343730081219, -0.016813295096459853], [0.0008490123642410842, 0.0007032218174679583, 0.9999993923283558, 0.025280972251234754], [0.001027650824402427, -0.9999992253193842, 0.0007023492112373519, 0.03721570069661223], [0.0, 0.0, 0.0, 1.0]]}, "Hobj2base": {"type": "ndarray", "data": [[0.9999978421285024, 0.0018200753776801911, 0.0010015308074357752, -0.7396924098555173], [0.0018183554782369258, -0.9999968752996606, 0.0017155099152397716, 0.08768946480741564], [0.0010046500353090156, -0.0017136850743594977, -0.9999980269789397, 0.001035735908071497], [0.0, 0.0, 0.0, 1.0]]}, "mean_rme": {"type": "float", "data": 0.0016014454026556904}, "max_rme": {"type": "float", "data": 0.003986806156316192}, "simu": {"type": "float", "data": 0.002}}, {"type": "dict", "image_number": {"type": "int", "data": 22}, "Hcamera2end": {"type": "ndarray", "data": [[0.9999991762774147, 0.0008356244843529259, -0.0009742567490717328, -0.016774359509938726], [0.0009737670004264429, 0.0005862937438128046, 0.9999993540185287, 0.026349023720697296], [0.00083619514519184, -0.9999994789955476, 0.0005854795573217997, 0.03707183888845922], [0.0, 0.0, 0.0, 1.0]]}, "Hobj2base": {"type": "ndarray", "data": [[0.9999977910500815, 0.0017101269967003977, 0.0012220313469232017, -0.7393337080479917], [0.0017081755250866557, -0.999997267182966, 0.001596171349166173, 0.08711729135775631], [0.001224757663050689, -0.001594080379265898, -0.9999979794361646, 0.00011957695758538475], [0.0, 0.0, 0.0, 1.0]]}, "mean_rme": {"type": "float", "data": 0.0016073067487278074}, "max_rme": {"type": "float", "data": 0.0039137971258913495}, "simu": {"type": "float", "data": 0.002}}, {"type": "dict", "image_number": {"type": "int", "data": 23}, "Hcamera2end": {"type": "ndarray", "data": [[0.9999990959630716, 0.0007301495850540253, -0.0011291388856446763, -0.01675909845831995], [0.0011285200460590511, 0.0008474090670789192, 0.9999990041696937, 0.02618892080262134], [0.000731105700478627, -0.9999993743895327, 0.0008465843125464723, 0.03644934212031991], [0.0, 0.0, 0.0, 1.0]]}, "Hobj2base": {"type": "ndarray", "data": [[0.9999983547900495, 0.0014755198148125976, 0.0010551106436878996, -0.7388374897207051], [0.0014739705062507163, -0.9999978366931674, 0.001467657975011796, 0.08720534058187882], [0.0010572739195833327, -0.0014661003584366642, -0.9999983663594645, 0.0003564364959461668], [0.0, 0.0, 0.0, 1.0]]}, "mean_rme": {"type": "float", "data": 0.0015822736765396027}, "max_rme": {"type": "float", "data": 0.0039546425646693195}, "simu": {"type": "float", "data": 0.002}}, {"type": "dict", "image_number": {"type": "int", "data": 24}, "Hcamera2end": {"type": "ndarray", "data": [[0.9999990375086095, 0.0007732470637534444, -0.0011519856044798242, -0.016740090632480983], [0.001151554848855723, 0.0005572879714828005, 0.9999991816754388, 0.026788807091288912], [0.0007738884187070782, -0.9999995457594446, 0.0005563969986922546, 0.03667816522517165], [0.0, 0.0, 0.0, 1.0]]}, "Hobj2base": {"type": "ndarray", "data": [[0.9999979607177321, 0.0016147093697553214, 0.0012129608519821915, -0.7389022258160338], [0.0016129495303098217, -0.9999976473026404, 0.0014504423448876255, 0.0868336039693559], [0.0012153000410969784, -0.0014484829423897822, -0.9999982124698898, -0.0001870761787774386], [0.0, 0.0, 0.0, 1.0]]}, "mean_rme": {"type": "float", "data": 0.001566800703986072}, "max_rme": {"type": "float", "data": 0.0038086346482510414}, "simu": {"type": "float", "data": 0.002}}, {"type": "dict", "image_number": {"type": "int", "data": 25}, "Hcamera2end": {"type": "ndarray", "data": [[0.9999986276210896, 0.0008981686674299377, -0.0013921382770181435, -0.016747905919897693], [0.0013916834575600514, 0.000506811765962567, 0.9999989031788924, 0.02719223198039097], [0.0008988732343582248, -0.999999468217298, 0.0005055611039482821, 0.036352981959498494], [0.0, 0.0, 0.0, 1.0]]}, "Hobj2base": {"type": "ndarray", "data": [[0.9999976738160513, 0.0017575998015829898, 0.001250282137621325, -0.738490129551275], [0.0017560919403356498, -0.9999977307366066, 0.0012060939990733448, 0.08651616888380394], [0.0012523991309753004, -0.001203895583091821, -0.9999984910647826, -0.00047901145444841477], [0.0, 0.0, 0.0, 1.0]]}, "mean_rme": {"type": "float", "data": 0.001558894948076135}, "max_rme": {"type": "float", "data": 0.0038078275806588957}, "simu": {"type": "float", "data": 0.002}}, {"type": "dict", "image_number": {"type": "int", "data": 26}, "Hcamera2end": {"type": "ndarray", "data": [[0.9999985038895619, 0.0009811601465358674, -0.0014246204422868, -0.01676251342018574], [0.00142417962831054, 0.0004498305426861027, 0.9999988846818126, 0.0272991708229377], [0.0009817998900167868, -0.9999994174884552, 0.0004484325213971463, 0.03679109500092979], [0.0, 0.0, 0.0, 1.0]]}, "Hobj2base": {"type": "ndarray", "data": [[0.9999974065628283, 0.0018539957025041933, 0.0013227121956224332, -0.7388678941590674], [0.0018524484398943105, -0.9999975997260719, 0.001170032850759351, 0.08641541468736696], [0.0013248782566279325, -0.001167579560209454, -0.9999984407265718, -0.0006138253423479977], [0.0, 0.0, 0.0, 1.0]]}, "mean_rme": {"type": "float", "data": 0.0015434310194935457}, "max_rme": {"type": "float", "data": 0.0038490321783918313}, "simu": {"type": "float", "data": 0.002}}, {"type": "dict", "image_number": {"type": "int", "data": 27}, "Hcamera2end": {"type": "ndarray", "data": [[0.9999979105139487, 0.001292008186771995, -0.0015841977723422907, -0.016782295940152736], [0.00158378129561071, 0.00032330782054623697, 0.9999986935535771, 0.027565621271612925], [0.0012925186823616115, -0.999999113093056, 0.0003212608865990063, 0.03656068255223796], [0.0, 0.0, 0.0, 1.0]]}, "Hobj2base": {"type": "ndarray", "data": [[0.9999967027132769, 0.0022046851868234188, 0.0013167861637482805, -0.7385569580545556], [0.0022033781643476546, -0.9999970793225375, 0.0009932124949357574, 0.08616065631660944], [0.0013189720387155614, -0.0009903078421490666, -0.9999986398006446, -0.0008049945343374378], [0.0, 0.0, 0.0, 1.0]]}, "mean_rme": {"type": "float", "data": 0.001525679207880847}, "max_rme": {"type": "float", "data": 0.0038758694743627475}, "simu": {"type": "float", "data": 0.002}}, {"type": "dict", "image_number": {"type": "int", "data": 28}, "Hcamera2end": {"type": "ndarray", "data": [[0.9999979499186852, 0.0012067222324944312, -0.0016260319432107274, -0.016752014859316607], [0.0016258592798728123, 0.00014405176545384535, 0.9999986679144581, 0.02771710539902376], [0.001206954857809296, -0.9999992615349984, 0.00014208950959615496, 0.036740331889504096], [0.0, 0.0, 0.0, 1.0]]}, "Hobj2base": {"type": "ndarray", "data": [[0.9999964602154646, 0.0021972778455997357, 0.0015005087836776718, -0.7386376256299761], [0.0021957871431705247, -0.999997094848998, 0.0009943904593425455, 0.08605570461394958], [0.0015026893765992648, -0.0009910921415191615, -0.9999983798291896, -0.0009639947986746837], [0.0, 0.0, 0.0, 1.0]]}, "mean_rme": {"type": "float", "data": 0.0014954234147893266}, "max_rme": {"type": "float", "data": 0.003949652724427377}, "simu": {"type": "float", "data": 0.002}}, {"type": "dict", "image_number": {"type": "int", "data": 29}, "Hcamera2end": {"type": "ndarray", "data": [[0.9999981501653168, 0.0010068878642488274, -0.001638854103711184, -0.016760697721945224], [0.0016385919833038348, 0.0002610971185634803, 0.9999986234213559, 0.028170324507898904], [0.0010073143782727213, -0.9999994590024154, 0.0002594467571945813, 0.0366454200445408], [0.0, 0.0, 0.0, 1.0]]}, "Hobj2base": {"type": "ndarray", "data": [[0.9999969276289323, 0.001965575377209178, 0.0015103794663600108, -0.7385133048105483], [0.001964098182003542, -0.9999975920426298, 0.0009788908385464884, 0.08588427443045568], [0.0015122999131598656, -0.0009759212974665845, -0.9999983802619852, -0.0013528968908032588], [0.0, 0.0, 0.0, 1.0]]}, "mean_rme": {"type": "float", "data": 0.0014780665232151755}, "max_rme": {"type": "float", "data": 0.0040703906435055615}, "simu": {"type": "float", "data": 0.002}}, {"type": "dict", "image_number": {"type": "int", "data": 30}, "Hcamera2end": {"type": "ndarray", "data": [[0.9999975090330349, 0.0012683729837920739, -0.0018366158279334672, -0.01670680843071137], [0.0018368412746862862, -0.00017660281796372246, 0.9999982974113386, 0.02739067207469565], [0.0012680464727438832, -0.9999991800203729, -0.0001789321779002151, 0.03704571155170115], [0.0, 0.0, 0.0, 1.0]]}, "Hobj2base": {"type": "ndarray", "data": [[0.9999955705150727, 0.002407461575734651, 0.0017501654194791209, -0.738854251125331], [0.002405976573436729, -0.9999967442951796, 0.0008501033868422333, 0.08602592837880232], [0.0017522063126963537, -0.0008458887643231888, -0.9999981071208262, -0.0006896413130255871], [0.0, 0.0, 0.0, 1.0]]}, "mean_rme": {"type": "float", "data": 0.0015625163220806578}, "max_rme": {"type": "float", "data": 0.005250285709273328}, "simu": {"type": "float", "data": 0.002}}]}