{"type": "list", "data": [{"type": "dict", "image_number": {"type": "int", "data": 5}, "Hcamera2end": {"type": "ndarray", "data": [[0.999999554910464, 0.0003551568836448212, -0.0008740952247005173, -0.015658474468465796], [0.0008738189070152928, 0.0007774275672206565, 0.9999993160232139, 0.03323459497125216], [0.00035583618644981555, -0.9999996347349163, 0.0007771168783958782, 0.029086076658783495], [0.0, 0.0, 0.0, 1.0]]}, "Hobj2base": {"type": "ndarray", "data": [[0.9999999749742522, 0.00021747344055824853, 5.250521514139354e-05, -0.7295009460279759], [0.0002174470946461204, -0.9999998507263659, 0.0005012624133167276, 0.08722389813499899], [5.2614218565395784e-05, -0.0005012509836657747, -0.9999998729895896, 0.0023069210202204204], [0.0, 0.0, 0.0, 1.0]]}, "mean_rme": {"type": "float", "data": 0.001081138613643075}, "max_rme": {"type": "float", "data": 0.003534542419954906}, "simu": {"type": "float", "data": 0.002}}, {"type": "dict", "image_number": {"type": "int", "data": 6}, "Hcamera2end": {"type": "ndarray", "data": [[0.9999997784783954, 0.00039451213714433524, -0.0005361001153854372, -0.015740081533300795], [0.0005358181745503738, 0.0007144159487294521, 0.9999996012542884, 0.033447966782279764], [0.0003948949783068594, -0.9999996669849573, 0.000714204403697738, 0.02905222801466458], [0.0, 0.0, 0.0, 1.0]]}, "Hobj2base": {"type": "ndarray", "data": [[0.9999999705718662, 0.0002013560437613462, 0.00013532187743407192, -0.7296411811576674], [0.00020129388537576935, -0.9999998743107896, 0.000459194050337224, 0.08737232217075158], [0.0001354143219228667, -0.000459166797357515, -0.9999998854143999, 0.00223512971020152], [0.0, 0.0, 0.0, 1.0]]}, "mean_rme": {"type": "float", "data": 0.0010744122658295843}, "max_rme": {"type": "float", "data": 0.0032395711229220026}, "simu": {"type": "float", "data": 0.002}}, {"type": "dict", "image_number": {"type": "int", "data": 7}, "Hcamera2end": {"type": "ndarray", "data": [[0.9999998385135092, 0.0004847519390640413, -0.00029662857780309856, -0.015908522330490903], [0.00029611851271393885, 0.0010519520129733673, 0.9999994028552163, 0.03339144043265931], [0.0004850636886264749, -0.9999993292060351, 0.0010518082990741418, 0.028812661023656816], [0.0, 0.0, 0.0, 1.0]]}, "Hobj2base": {"type": "ndarray", "data": [[0.999999988055035, 2.368178629992555e-05, -0.00015273867525750987, -0.7297635058659557], [2.372486853076264e-05, -0.9999999599370102, 0.0002820693327010165, 0.08730912384615022], [-0.0001527319892326831, -0.00028207295303669824, -0.9999999485538931, 0.002100026342215463], [0.0, 0.0, 0.0, 1.0]]}, "mean_rme": {"type": "float", "data": 0.0010884055725020796}, "max_rme": {"type": "float", "data": 0.00304762839384054}, "simu": {"type": "float", "data": 0.002}}, {"type": "dict", "image_number": {"type": "int", "data": 8}, "Hcamera2end": {"type": "ndarray", "data": [[0.9999997546556795, 0.0006874092039010579, 0.00013474853300224273, -0.01633358397416856], [-0.00013556843277427272, 0.0011928318795528803, 0.999999279386394, 0.03331158746212465], [0.0006872479761987444, -0.9999990523098977, 0.0011929247778867946, 0.028690518796783467], [0.0, 0.0, 0.0, 1.0]]}, "Hobj2base": {"type": "ndarray", "data": [[0.9999996633357442, 8.546904734979797e-05, -0.0008161025917732898, -0.7298544155585162], [8.542846622117032e-05, -0.9999999951129472, -4.9760253252809414e-05, 0.0873778227066829], [-0.0008161068407463948, 4.969051810761647e-05, -0.9999996657501826, 0.002058816049507549], [0.0, 0.0, 0.0, 1.0]]}, "mean_rme": {"type": "float", "data": 0.0011460430392680957}, "max_rme": {"type": "float", "data": 0.0030066595163682486}, "simu": {"type": "float", "data": 0.002}}, {"type": "dict", "image_number": {"type": "int", "data": 9}, "Hcamera2end": {"type": "ndarray", "data": [[0.9999996622856849, 0.0008042041006375146, 0.0001693643426353814, -0.016184835817860878], [-0.0001707229217598637, 0.0016895781508703411, 0.9999985580886386, 0.03353219111982336], [0.0008039167867536316, -0.9999982492891859, 0.0016897148763493908, 0.028658893802843956], [0.0, 0.0, 0.0, 1.0]]}, "Hobj2base": {"type": "ndarray", "data": [[0.999999109783814, -1.664615817103581e-05, -0.001334224300830688, -0.7304362259169895], [-1.6721170467402524e-05, -0.99999999828039, -5.6210518342622085e-05, 0.08740417749802736], [-0.0013342233628471634, 5.623277809508477e-05, -0.9999991083425488, 0.002202970422940456], [0.0, 0.0, 0.0, 1.0]]}, "mean_rme": {"type": "float", "data": 0.0012269181875406287}, "max_rme": {"type": "float", "data": 0.0032394611074010315}, "simu": {"type": "float", "data": 0.002}}, {"type": "dict", "image_number": {"type": "int", "data": 10}, "Hcamera2end": {"type": "ndarray", "data": [[0.9999997953233027, 0.0005906947052760154, 0.0002458314823089681, -0.016264905176158685], [-0.0002468077393844876, 0.0016532228665470106, 0.9999986029690711, 0.03355783124128405], [0.000590287465829372, -0.9999984589657722, 0.0016533683161956692, 0.028625315804832595], [0.0, 0.0, 0.0, 1.0]]}, "Hobj2base": {"type": "ndarray", "data": [[0.999999352185752, -7.911088245261292e-05, -0.001135504092750705, -0.730426573082927], [-7.919627250231084e-05, -0.9999999940398112, -7.515535812227539e-05, 0.08748461712410686], [-0.0011354981403761842, 7.524523712712055e-05, -0.9999993524908541, 0.0020217772090734333], [0.0, 0.0, 0.0, 1.0]]}, "mean_rme": {"type": "float", "data": 0.0011844612700398487}, "max_rme": {"type": "float", "data": 0.003116625043856902}, "simu": {"type": "float", "data": 0.002}}, {"type": "dict", "image_number": {"type": "int", "data": 11}, "Hcamera2end": {"type": "ndarray", "data": [[0.9999998138841966, 0.0005397914485124541, 0.00028435323857747054, -0.01621102372152268], [-0.0002852981924506364, 0.0017513215963139706, 0.9999984257375645, 0.033568343558414586], [0.0005392926047713513, -0.9999983207475192, 0.0017514752718899018, 0.028541886170219126], [0.0, 0.0, 0.0, 1.0]]}, "Hobj2base": {"type": "ndarray", "data": [[0.9999993181329188, -0.00018238875525692142, -0.0011534591625093542, -0.7304983906280238], [-0.0001825541445493732, -0.9999999730721518, -0.00014328181828925663, 0.08736199675722364], [-0.0011534329984566923, 0.0001434922893407859, -0.9999993245009122, 0.002012720354964147], [0.0, 0.0, 0.0, 1.0]]}, "mean_rme": {"type": "float", "data": 0.0011883325556486081}, "max_rme": {"type": "float", "data": 0.0031366568753826707}, "simu": {"type": "float", "data": 0.002}}, {"type": "dict", "image_number": {"type": "int", "data": 12}, "Hcamera2end": {"type": "ndarray", "data": [[0.999999377063212, 0.0003076527216774586, 0.0010729506003542893, -0.016353068802426485], [-0.001073517828668364, 0.0018495301785884655, 0.9999977133961806, 0.03350553783872186], [0.00030566756368208037, -0.9999982422924159, 0.0018498592971298855, 0.02833607404136434], [0.0, 0.0, 0.0, 1.0]]}, "Hobj2base": {"type": "ndarray", "data": [[0.9999991765304408, -0.0004766008268234201, -0.001191549450159368, -0.730527329601188], [-0.00047583307598930935, -0.99999967908174, 0.0006445302946960117, 0.0876899716537239], [-0.0011918562514407567, -0.0006439627853048714, -0.9999990823948823, 0.0016711754227103082], [0.0, 0.0, 0.0, 1.0]]}, "mean_rme": {"type": "float", "data": 0.0012898133929367696}, "max_rme": {"type": "float", "data": 0.00402379229126304}, "simu": {"type": "float", "data": 0.002}}, {"type": "dict", "image_number": {"type": "int", "data": 13}, "Hcamera2end": {"type": "ndarray", "data": [[0.9999987550115493, 0.0004484337572391255, 0.0015129053231482388, -0.016444299775112546], [-0.001513606343932437, 0.0015670698686883755, 0.9999976266411149, 0.0334699284749265], [0.00044606186459879933, -0.9999986715987138, 0.0015677466698842402, 0.028325594013379665], [0.0, 0.0, 0.0, 1.0]]}, "Hobj2base": {"type": "ndarray", "data": [[0.9999992962106017, -0.00020603630637211492, -0.0011683866405752554, -0.7303726716664313], [-0.00020478372559392546, -0.9999994043554976, 0.0010720784840492362, 0.08779843435916311], [-0.0011686068317231706, -0.0010718384629625735, -0.999998742759401, 0.0015365372427264973], [0.0, 0.0, 0.0, 1.0]]}, "mean_rme": {"type": "float", "data": 0.0012653887477216666}, "max_rme": {"type": "float", "data": 0.0038276718230788598}, "simu": {"type": "float", "data": 0.002}}, {"type": "dict", "image_number": {"type": "int", "data": 14}, "Hcamera2end": {"type": "ndarray", "data": [[0.9999989829074456, 0.0006700456622307923, 0.0012590563469740122, -0.016464222222687452], [-0.0012599979430370433, 0.001406709646543658, 0.9999982167849871, 0.0334730529078474], [0.0006682733406864776, -0.9999987861026537, 0.0014075524719457944, 0.02832905714356635], [0.0, 0.0, 0.0, 1.0]]}, "Hobj2base": {"type": "ndarray", "data": [[0.9999992684125213, 8.092311321878908e-05, -0.0012069075656454759, -0.7303051117697977], [8.236058683309863e-05, -0.999999287324072, 0.0011910365575689096, 0.08770475701743531], [-0.0012068103231253108, -0.0011911350878368373, -0.9999985624019898, 0.0015810888605081095], [0.0, 0.0, 0.0, 1.0]]}, "mean_rme": {"type": "float", "data": 0.0012136307896654433}, "max_rme": {"type": "float", "data": 0.0038016899408978566}, "simu": {"type": "float", "data": 0.002}}, {"type": "dict", "image_number": {"type": "int", "data": 15}, "Hcamera2end": {"type": "ndarray", "data": [[0.9999997969146818, 0.00044638311979533295, 0.0004548765827176715, -0.016502724322180817], [-0.0004556434448808082, 0.0017193508434821814, 0.9999984181096129, 0.033555608611585304], [0.0004456003212299909, -0.9999984222861491, 0.0017195538858496562, 0.0283150923720999], [0.0, 0.0, 0.0, 1.0]]}, "Hobj2base": {"type": "ndarray", "data": [[0.9999990091332466, -0.000273330470141247, -0.00138095002775806, -0.7305043039759873], [-0.00027201541399620604, -0.9999995094881882, 0.0009523817501072718, 0.08761706242748452], [-0.0013812096653372703, -0.0009520051667303504, -0.9999985929720216, 0.0017310711948947473], [0.0, 0.0, 0.0, 1.0]]}, "mean_rme": {"type": "float", "data": 0.0012452109213559326}, "max_rme": {"type": "float", "data": 0.003940845016914496}, "simu": {"type": "float", "data": 0.002}}, {"type": "dict", "image_number": {"type": "int", "data": 16}, "Hcamera2end": {"type": "ndarray", "data": [[0.9999997643535591, 0.0002522715000470892, 0.0006384762459317821, -0.016596762200244385], [-0.0006389279010570487, 0.0017943474902758494, 0.9999981860424654, 0.033594367473297956], [0.00025112539418781265, -0.9999983583367396, 0.0017945082507442311, 0.0284026915688562], [0.0, 0.0, 0.0, 1.0]]}, "Hobj2base": {"type": "ndarray", "data": [[0.999998952654397, -0.0004764736685061959, -0.0013666246567153471, -0.7305391292026484], [-0.0004751089483122551, -0.9999993883774678, 0.0009987573167731488, 0.08787755799709512], [-0.0013670997024195842, -0.000998106975125675, -0.999998567409409, 0.0016877759208512727], [0.0, 0.0, 0.0, 1.0]]}, "mean_rme": {"type": "float", "data": 0.001265619575274247}, "max_rme": {"type": "float", "data": 0.0038921307372252745}, "simu": {"type": "float", "data": 0.002}}, {"type": "dict", "image_number": {"type": "int", "data": 17}, "Hcamera2end": {"type": "ndarray", "data": [[0.9999994228014883, 8.619008623535966e-05, 0.0010709659001351386, -0.01657792859518374], [-0.0010711263542960716, 0.001883629664281683, 0.9999976523110549, 0.033634989328735966], [8.417258074891812e-05, -0.9999982222536984, 0.0018837208975263087, 0.02848635839271626], [0.0, 0.0, 0.0, 1.0]]}, "Hobj2base": {"type": "ndarray", "data": [[0.9999988239167245, -0.0006583076463531144, -0.0013852061978737022, -0.7306098015201807], [-0.0006565668913793136, -0.9999989947423737, 0.0012567554094338094, 0.08816383498162386], [-0.0013860321370802336, -0.0012558444508575335, -0.9999982508832854, 0.0016749956662205061], [0.0, 0.0, 0.0, 1.0]]}, "mean_rme": {"type": "float", "data": 0.0012504598472746636}, "max_rme": {"type": "float", "data": 0.003934780708143404}, "simu": {"type": "float", "data": 0.002}}, {"type": "dict", "image_number": {"type": "int", "data": 18}, "Hcamera2end": {"type": "ndarray", "data": [[0.9999980084235319, -9.989162944703633e-05, 0.001993281373053926, -0.01655121482645871], [-0.0019930750158407493, 0.0020250014936915584, 0.9999959635023195, 0.033727476790624863], [-0.00010392762399248775, -0.9999979446931946, 0.0020247983692353033, 0.028612058178449664], [0.0, 0.0, 0.0, 1.0]]}, "Hobj2base": {"type": "ndarray", "data": [[0.9999985903310445, -0.0009058049452458724, -0.0014138080933750797, -0.730737408865514], [-0.0009029454249087349, -0.9999975483107573, 0.0020218956536083425, 0.08876688900380429], [-0.0014156360702387957, -0.0020206162118551964, -0.9999969565376892, 0.001598916856071741], [0.0, 0.0, 0.0, 1.0]]}, "mean_rme": {"type": "float", "data": 0.0012853018746376206}, "max_rme": {"type": "float", "data": 0.003985542982614998}, "simu": {"type": "float", "data": 0.002}}, {"type": "dict", "image_number": {"type": "int", "data": 19}, "Hcamera2end": {"type": "ndarray", "data": [[0.9999978879843451, 0.0006029550272994915, 0.0019648084090570844, -0.016588556159722573], [-0.0019657580755860736, 0.0015784905760568568, 0.9999968220762949, 0.033783999800205834], [0.0005998516795969638, -0.9999985724053488, 0.001579672505974239, 0.02851497268040763], [0.0, 0.0, 0.0, 1.0]]}, "Hobj2base": {"type": "ndarray", "data": [[0.9999990598279159, -9.375179394542292e-05, -0.0013680474719033804, -0.7306910911184331], [-9.120155154474583e-05, -0.9999982584221438, 0.0018640909194718926, 0.08860914482440652], [-0.0013682198512099753, -0.0018639643988536236, -0.9999973268020061, 0.0015429732518915749], [0.0, 0.0, 0.0, 1.0]]}, "mean_rme": {"type": "float", "data": 0.0013065289038146832}, "max_rme": {"type": "float", "data": 0.003966819696456458}, "simu": {"type": "float", "data": 0.002}}, {"type": "dict", "image_number": {"type": "int", "data": 20}, "Hcamera2end": {"type": "ndarray", "data": [[0.9999982862323377, 0.0006968666667783937, 0.0017151994742200475, -0.016628642756121532], [-0.0017163872966804833, 0.0017075115309596045, 0.9999970692052149, 0.03368259604704156], [0.0006939359015250743, -0.9999982993891641, 0.0017087046977759535, 0.029255487493958093], [0.0, 0.0, 0.0, 1.0]]}, "Hobj2base": {"type": "ndarray", "data": [[0.9999988648524729, -8.708477231604527e-05, -0.0015042307030308558, -0.7314958699574344], [-8.466726475737285e-05, -0.9999987049851, 0.001607127741482695, 0.08851264388630453], [-0.001504368711383132, -0.001606998558056424, -0.9999975772122724, 0.0016476196641961316], [0.0, 0.0, 0.0, 1.0]]}, "mean_rme": {"type": "float", "data": 0.001273173626423542}, "max_rme": {"type": "float", "data": 0.003924203269995041}, "simu": {"type": "float", "data": 0.002}}, {"type": "dict", "image_number": {"type": "int", "data": 21}, "Hcamera2end": {"type": "ndarray", "data": [[0.9999983824277066, 0.0007967999478173135, 0.001612529631854606, -0.016615153871754804], [-0.0016139286054207976, 0.0017582274182277313, 0.9999971519313453, 0.033082429722630396], [0.0007939624846649271, -0.9999981368713586, 0.001759510552396315, 0.029381231686507504], [0.0, 0.0, 0.0, 1.0]]}, "Hobj2base": {"type": "ndarray", "data": [[0.9999987098444789, -4.027117126717332e-05, -0.0016058292594345474, -0.7317269215540634], [-3.788746433211745e-05, -0.9999988975429128, 0.0014844114992513867, 0.08869767284555549], [-0.0016058872680664168, -0.0014843487433309052, -0.9999976089145866, 0.0022130352467029735], [0.0, 0.0, 0.0, 1.0]]}, "mean_rme": {"type": "float", "data": 0.001281805153073966}, "max_rme": {"type": "float", "data": 0.003947431041266436}, "simu": {"type": "float", "data": 0.002}}, {"type": "dict", "image_number": {"type": "int", "data": 22}, "Hcamera2end": {"type": "ndarray", "data": [[0.9999986607020256, 0.0008557187887424075, 0.0013951127229317663, -0.016630897937700766], [-0.0013970253583167947, 0.002238610991799894, 0.9999965184644274, 0.03203393112455211], [0.0008525926948506491, -0.9999971281789674, 0.0022398034544801604, 0.03037700995657055], [0.0, 0.0, 0.0, 1.0]]}, "Hobj2base": {"type": "ndarray", "data": [[0.9999978196828713, -0.0002547823506191349, -0.0020726107829191582, -0.7330605931241894], [-0.00025217086327215127, -0.9999991741995959, 0.0012601626806117265, 0.08906428991478155], [-0.002072930138566265, -0.001259637281007093, -0.9999970581329531, 0.0032173133745998328], [0.0, 0.0, 0.0, 1.0]]}, "mean_rme": {"type": "float", "data": 0.0013648984320005298}, "max_rme": {"type": "float", "data": 0.004193266202898671}, "simu": {"type": "float", "data": 0.002}}, {"type": "dict", "image_number": {"type": "int", "data": 23}, "Hcamera2end": {"type": "ndarray", "data": [[0.9999984347138299, 0.001204177826857796, 0.0012963508982456692, -0.016657935835665647], [-0.0012990975430469147, 0.002282954725230879, 0.9999965502256977, 0.03129269254967403], [0.0012012141623073663, -0.9999966690311942, 0.0022845154962096714, 0.030683426523183545], [0.0, 0.0, 0.0, 1.0]]}, "Hobj2base": {"type": "ndarray", "data": [[0.9999975768145004, 5.9582193505366386e-05, -0.0022006397000825318, -0.7334624076809917], [6.202358283480873e-05, -0.999999382749571, 0.0011093482553453532, 0.08929197454821092], [-0.002200572244334319, -0.0011094820587474743, -0.9999969632610684, 0.0038805113518077033], [0.0, 0.0, 0.0, 1.0]]}, "mean_rme": {"type": "float", "data": 0.0013650501364905721}, "max_rme": {"type": "float", "data": 0.004643000055660262}, "simu": {"type": "float", "data": 0.002}}, {"type": "dict", "image_number": {"type": "int", "data": 24}, "Hcamera2end": {"type": "ndarray", "data": [[0.999997107108645, 0.0020564447878562635, 0.0012477215938314025, -0.016678877369819253], [-0.001251181174792215, 0.0016818845883838085, 0.9999978029025361, 0.03057626715790236], [0.0020543417459273766, -0.9999964711433066, 0.0016844527078800908, 0.0322023213062827], [0.0, 0.0, 0.0, 1.0]]}, "Hobj2base": {"type": "ndarray", "data": [[0.9999974321316234, 0.0011853782815183568, -0.0019314783169883938, -0.7347965310683217], [0.0011871505044696237, -0.9999988752039517, 0.0009166594303764719, 0.0892729887533939], [-0.001930389556288898, -0.0009189500319740935, -0.9999977145608883, 0.004383992789253728], [0.0, 0.0, 0.0, 1.0]]}, "mean_rme": {"type": "float", "data": 0.0014266319716664728}, "max_rme": {"type": "float", "data": 0.005210318433919892}, "simu": {"type": "float", "data": 0.002}}, {"type": "dict", "image_number": {"type": "int", "data": 25}, "Hcamera2end": {"type": "ndarray", "data": [[0.9999971075846439, 0.0020625816411509665, 0.001237165841696673, -0.0167077012806262], [-0.001239371874390036, 0.0010686144124327779, 0.9999986610094008, 0.030490810964205424], [0.0020612568261245325, -0.9999973019064657, 0.0010711676272306958, 0.03299464820571738], [0.0, 0.0, 0.0, 1.0]]}, "Hobj2base": {"type": "ndarray", "data": [[0.9999979392782256, 0.0015294671693229375, -0.00133497920592653, -0.7353069268353843], [0.0015306294889733407, -0.9999984500676313, 0.0008700779865355382, 0.0892318627833928], [-0.0013336463810838903, -0.0008721195520866432, -0.9999987303966027, 0.0042740682025881015], [0.0, 0.0, 0.0, 1.0]]}, "mean_rme": {"type": "float", "data": 0.001412997208167898}, "max_rme": {"type": "float", "data": 0.005366656624184896}, "simu": {"type": "float", "data": 0.002}}, {"type": "dict", "image_number": {"type": "int", "data": 26}, "Hcamera2end": {"type": "ndarray", "data": [[0.9999974135117892, 0.0020541001352296145, 0.0009765461413618669, -0.016649272780498544], [-0.0009786720505973326, 0.0010342085051767702, 0.9999989863063786, 0.030671090210791018], [0.002053088100676316, -0.9999973555392044, 0.0010362161206001197, 0.03241095843217511], [0.0, 0.0, 0.0, 1.0]]}, "Hobj2base": {"type": "ndarray", "data": [[0.9999979969876114, 0.0015643536204900893, -0.0012485265376930017, -0.7346636202175905], [0.001565124859329568, -0.9999985848580588, 0.0006169814050071516, 0.0889917366214927], [-0.0012475595937560355, -0.0006189342691074298, -0.999999030257245, 0.004198362425320657], [0.0, 0.0, 0.0, 1.0]]}, "mean_rme": {"type": "float", "data": 0.001443291269335227}, "max_rme": {"type": "float", "data": 0.0051598681126108215}, "simu": {"type": "float", "data": 0.002}}, {"type": "dict", "image_number": {"type": "int", "data": 27}, "Hcamera2end": {"type": "ndarray", "data": [[0.9999979802865678, 0.0018623754440419125, 0.0007556325102710473, -0.016648623006802594], [-0.0007577241522943799, 0.0011226548054523722, 0.9999990827497277, 0.03038122951896177], [0.0018615254213087177, -0.9999976355991514, 0.0011240637048659519, 0.03203325273968906], [0.0, 0.0, 0.0, 1.0]]}, "Hobj2base": {"type": "ndarray", "data": [[0.9999983225775839, 0.0013623797654431526, -0.001224239924666511, -0.7343389091662892], [0.001362877818226251, -0.9999989888294032, 0.0004060840115078409, 0.08908045571375994], [-0.001223685446110747, -0.0004077518197709321, -0.9999991681658458, 0.004503424840432805], [0.0, 0.0, 0.0, 1.0]]}, "mean_rme": {"type": "float", "data": 0.0014415199710229455}, "max_rme": {"type": "float", "data": 0.0052914503974463845}, "simu": {"type": "float", "data": 0.002}}, {"type": "dict", "image_number": {"type": "int", "data": 28}, "Hcamera2end": {"type": "ndarray", "data": [[0.9999977350469068, 0.0019146302000512872, 0.000929565626170204, -0.016629440770190126], [-0.0009312861574251834, 0.0008979278513384648, 0.9999991632154833, 0.03073833554605353], [0.0019137939150529956, -0.9999977639558856, 0.000899708886175965, 0.032640325049290916], [0.0, 0.0, 0.0, 1.0]]}, "Hobj2base": {"type": "ndarray", "data": [[0.9999983308963238, 0.001466164589654948, -0.0010902137233089865, -0.7348321595134183], [0.0014668340235570918, -0.9999987360111575, 0.0006134933045378317, 0.08889673062905958], [-0.0010893128631319004, -0.0006150914431362002, -0.9999992175296954, 0.004128198816315376], [0.0, 0.0, 0.0, 1.0]]}, "mean_rme": {"type": "float", "data": 0.0014461740684928632}, "max_rme": {"type": "float", "data": 0.005187275091155574}, "simu": {"type": "float", "data": 0.002}}, {"type": "dict", "image_number": {"type": "int", "data": 29}, "Hcamera2end": {"type": "ndarray", "data": [[0.9999988248915298, 0.0013528240522214705, 0.0007211675555413666, -0.01659471082768753], [-0.0007224553696994389, 0.000951698033226922, 0.9999992861642911, 0.03052648744325584], [0.001352136752783119, -0.9999986320680329, 0.0009526742698793278, 0.032393838711261946], [0.0, 0.0, 0.0, 1.0]]}, "Hobj2base": {"type": "ndarray", "data": [[0.9999990971680923, 0.0009456268617757166, -0.0009547003920074569, -0.7346237512917387], [0.0009460620800009156, -0.9999994487337596, 0.0004555202720900487, 0.08900208806300537], [-0.0009542691135079891, -0.00045642306667045276, -0.9999994405240655, 0.004352890202159054], [0.0, 0.0, 0.0, 1.0]]}, "mean_rme": {"type": "float", "data": 0.0014646988410946136}, "max_rme": {"type": "float", "data": 0.005339458259545793}, "simu": {"type": "float", "data": 0.002}}, {"type": "dict", "image_number": {"type": "int", "data": 30}, "Hcamera2end": {"type": "ndarray", "data": [[0.9999996208652312, 0.0003929829478256115, 0.0007770674337084172, -0.016523838948482403], [-0.0007774192976520065, 0.0008960082063280694, 0.9999992963940175, 0.03040677352544536], [0.0003922864125229852, -0.999999521366734, 0.0008963133791474176, 0.03265312757219827], [0.0, 0.0, 0.0, 1.0]]}, "Hobj2base": {"type": "ndarray", "data": [[0.9999998342564709, 8.577922288746188e-05, -0.0005693232434988083, -0.7348455184815749], [8.613960999975308e-05, -0.9999997959357603, 0.0006330153279275152, 0.08922057129509196], [-0.0005692688277573881, -0.0006330642642914796, -0.9999996375812539, 0.004401150082604995], [0.0, 0.0, 0.0, 1.0]]}, "mean_rme": {"type": "float", "data": 0.0014876549910936346}, "max_rme": {"type": "float", "data": 0.0055307318471019}, "simu": {"type": "float", "data": 0.002}}]}