{"type": "list", "data": [{"type": "dict", "image_number": {"type": "int", "data": 5}, "Hcamera2end": {"type": "ndarray", "data": [[0.9999947847230972, 0.00023161451487196862, -0.0032213167064056364, -0.013444157640722945], [0.003221578481409629, -0.0011388708929351843, 0.9999941621855486, 0.02813682389746644], [0.00022794449891555546, -0.9999993246636747, -0.0011396111177450763, 0.031343453112919986], [0.0, 0.0, 0.0, 1.0]]}, "Hobj2base": {"type": "ndarray", "data": [[0.9999967469034541, 0.0012794856425874083, 0.002206603498503643, -0.7330946717786637], [0.0012827959674811256, -0.9999980530733104, -0.0014994279224049218, 0.09220799594803435], [0.002204680705909587, 0.001502253666690837, -0.999996441302121, 0.005736345616605809], [0.0, 0.0, 0.0, 1.0]]}, "mean_rme": {"type": "float", "data": 0.0015837836091749905}, "max_rme": {"type": "float", "data": 0.005314002866382381}, "simu": {"type": "float", "data": 0.002}}, {"type": "dict", "image_number": {"type": "int", "data": 6}, "Hcamera2end": {"type": "ndarray", "data": [[0.9999952671574773, 0.00041394066704647146, -0.0030486580276855675, -0.013384058524251837], [0.0030490698904225427, -0.0009980216239318107, 0.9999948535495774, 0.028347203977745847], [0.00041089591008574623, -0.9999994163028104, -0.0009992790344768299, 0.031049316386553075], [0.0, 0.0, 0.0, 1.0]]}, "Hobj2base": {"type": "ndarray", "data": [[0.9999968321831979, 0.0012174576696667703, 0.002203047977624564, -0.7334050653674549], [0.001220750999168868, -0.9999981386095318, -0.001494170160661701, 0.0922946318922031], [0.002201224787970173, 0.001496854800424263, -0.9999964570112929, 0.005730458059986852], [0.0, 0.0, 0.0, 1.0]]}, "mean_rme": {"type": "float", "data": 0.001558533094285203}, "max_rme": {"type": "float", "data": 0.005168982018850188}, "simu": {"type": "float", "data": 0.002}}, {"type": "dict", "image_number": {"type": "int", "data": 7}, "Hcamera2end": {"type": "ndarray", "data": [[0.9999951507717886, 0.0004002698796855206, -0.003088400383895089, -0.013343595943709175], [0.0030889293468241755, -0.0013277045296575807, 0.9999943478421126, 0.028415449607934046], [0.00039616713411786916, -0.9999990384918903, -0.001328934496693357, 0.031081302963756195], [0.0, 0.0, 0.0, 1.0]]}, "Hobj2base": {"type": "ndarray", "data": [[0.9999966666618078, 0.0012312498559192168, 0.0022695129578100427, -0.7332652849318776], [0.0012344134905045534, -0.9999982677499228, -0.0013930974438728626, 0.09241120583810916], [0.002267793775418996, 0.001395894317619943, -0.999996454288937, 0.005754439195819948], [0.0, 0.0, 0.0, 1.0]]}, "mean_rme": {"type": "float", "data": 0.0014088743809149511}, "max_rme": {"type": "float", "data": 0.00495572394468205}, "simu": {"type": "float", "data": 0.002}}, {"type": "dict", "image_number": {"type": "int", "data": 8}, "Hcamera2end": {"type": "ndarray", "data": [[0.9999952269723841, 0.0005297987368845462, -0.0030439030451645628, -0.013521468792541111], [0.003044075092717629, -0.000324238479442851, 0.9999953142271409, 0.02816286381267364], [0.0005288093038730683, -0.9999998070913347, -0.0003258496789828591, 0.030843139068983585], [0.0, 0.0, 0.0, 1.0]]}, "Hobj2base": {"type": "ndarray", "data": [[0.999998998869628, 0.0008083968761628739, 0.001161358787094465, -0.7337625387341206], [0.0008102075726938327, -0.9999984557676016, -0.0015594954636959, 0.09234569103877349], [0.001160096302425358, 0.0015604348441215447, -0.9999981096080464, 0.005691949393589864], [0.0, 0.0, 0.0, 1.0]]}, "mean_rme": {"type": "float", "data": 0.0015739462721439824}, "max_rme": {"type": "float", "data": 0.00526980407603099}, "simu": {"type": "float", "data": 0.002}}, {"type": "dict", "image_number": {"type": "int", "data": 9}, "Hcamera2end": {"type": "ndarray", "data": [[0.9999952526533099, 0.0008095948499891789, -0.002973083756268656, -0.013549641440620697], [0.002973031569021423, 6.565679326653306e-05, 0.9999955783764619, 0.028186179985831547], [0.000809786473411083, -0.9999996701226276, 6.324953052383453e-05, 0.030526744786627907], [0.0, 0.0, 0.0, 1.0]]}, "Hobj2base": {"type": "ndarray", "data": [[0.9999992206073351, 0.0007078536145735704, 0.0010284590330284166, -0.7340008288979671], [0.0007094141077165604, -0.9999985965971459, -0.0015177402156939866, 0.09239051726252878], [0.0010273832517884115, 0.0015184686361256342, -0.9999983193669153, 0.005601015399428798], [0.0, 0.0, 0.0, 1.0]]}, "mean_rme": {"type": "float", "data": 0.0015835010284352745}, "max_rme": {"type": "float", "data": 0.005248541044628491}, "simu": {"type": "float", "data": 0.002}}, {"type": "dict", "image_number": {"type": "int", "data": 10}, "Hcamera2end": {"type": "ndarray", "data": [[0.9999955899348743, 0.000684467015137565, -0.0028899162112463973, -0.013639145042675303], [0.002890235507366563, -0.000465959851512876, 0.9999957147008824, 0.02806244288789134], [0.0006831174970629921, -0.9999996571931022, -0.0004679360674701982, 0.03047067604765869], [0.0, 0.0, 0.0, 1.0]]}, "Hobj2base": {"type": "ndarray", "data": [[0.9999984175241916, 0.0009114488568500572, 0.0015278121919889917, -0.7337473959837153], [0.000914080863877473, -0.9999980980042311, -0.0017229173207500372, 0.09219100747530813], [0.0015262389350742223, 0.0017243111381633532, -0.9999973486693909, 0.005364705615088639], [0.0, 0.0, 0.0, 1.0]]}, "mean_rme": {"type": "float", "data": 0.0015657352857708906}, "max_rme": {"type": "float", "data": 0.005476063746978357}, "simu": {"type": "float", "data": 0.002}}, {"type": "dict", "image_number": {"type": "int", "data": 11}, "Hcamera2end": {"type": "ndarray", "data": [[0.9999955610942753, 0.0006885570592849966, -0.0028989102989718457, -0.013625789870246305], [0.0028994881661209585, -0.000839733350210814, 0.9999954438977584, 0.027987007881617336], [0.000686119610491319, -0.9999994103683644, -0.0008417260857587205, 0.03061779198988253], [0.0, 0.0, 0.0, 1.0]]}, "Hobj2base": {"type": "ndarray", "data": [[0.9999975392400008, 0.0011888182788580897, 0.0018730256386390875, -0.7334568495387512], [0.001192276418691636, -0.9999975849126299, -0.0018462518377215988, 0.09200625333463189], [0.0018708262571864658, 0.0018484804588394825, -0.9999965415585736, 0.005316143672229697], [0.0, 0.0, 0.0, 1.0]]}, "mean_rme": {"type": "float", "data": 0.0015716733331610836}, "max_rme": {"type": "float", "data": 0.005676875370022455}, "simu": {"type": "float", "data": 0.002}}, {"type": "dict", "image_number": {"type": "int", "data": 12}, "Hcamera2end": {"type": "ndarray", "data": [[0.9999954834281395, 0.0006341523091087872, -0.0029378519653892082, -0.013658332094333446], [0.002938367862701025, -0.0008141298499888538, 0.9999953515826412, 0.02804594126862845], [0.0006317575683243131, -0.999999467521576, -0.0008159895456778532, 0.03064823202431621], [0.0, 0.0, 0.0, 1.0]]}, "Hobj2base": {"type": "ndarray", "data": [[0.9999977305915433, 0.0011617584527128578, 0.0017858132771530872, -0.7335243744081869], [0.0011651532613163235, -0.9999975140696551, -0.0019011239802208893, 0.09202492068634342], [0.0017836001908919938, 0.001903200411958028, -0.99999659829349, 0.0053436303099475], [0.0, 0.0, 0.0, 1.0]]}, "mean_rme": {"type": "float", "data": 0.0014917258454247384}, "max_rme": {"type": "float", "data": 0.005582140996038765}, "simu": {"type": "float", "data": 0.002}}, {"type": "dict", "image_number": {"type": "int", "data": 13}, "Hcamera2end": {"type": "ndarray", "data": [[0.9999965169303036, 0.0007424420061327634, -0.0025327666944630354, -0.013683687089876058], [0.0025336503249136304, -0.001191653077703192, 0.9999960802818048, 0.027929404947866845], [0.0007394209167427623, -0.9999990143709193, -0.0011935300155223594, 0.030654115778299386], [0.0, 0.0, 0.0, 1.0]]}, "Hobj2base": {"type": "ndarray", "data": [[0.9999971120540662, 0.001452711710673141, 0.0019145527449292365, -0.7333206624890869], [0.00145555386260443, -0.9999978396360296, -0.0014839427976030678, 0.0920102501451516], [0.00191239286771842, 0.0014867252466995412, -0.9999970661964765, 0.0051822104534643846], [0.0, 0.0, 0.0, 1.0]]}, "mean_rme": {"type": "float", "data": 0.0015029974015018071}, "max_rme": {"type": "float", "data": 0.005802723456524883}, "simu": {"type": "float", "data": 0.002}}, {"type": "dict", "image_number": {"type": "int", "data": 14}, "Hcamera2end": {"type": "ndarray", "data": [[0.999998551051486, 0.0007347051784941238, -0.0015356116791766417, -0.013790096386227448], [0.0015365563560518164, -0.0012869583557468811, 0.9999979913643603, 0.0278369502990667], [0.0007327274344574187, -0.9999989019726429, -0.001288085406922379, 0.03061968316928973], [0.0, 0.0, 0.0, 1.0]]}, "Hobj2base": {"type": "ndarray", "data": [[0.9999965138944971, 0.0015256599422750195, 0.0021551242640518516, -0.7331786513692587], [0.001526755864680432, -0.9999987060002946, -0.0005069657444497856, 0.09236473189577811], [0.002154348017993276, 0.0005102543257229703, -0.999997549209567, 0.0048395933577675965], [0.0, 0.0, 0.0, 1.0]]}, "mean_rme": {"type": "float", "data": 0.0015200196200990117}, "max_rme": {"type": "float", "data": 0.005908723495508042}, "simu": {"type": "float", "data": 0.002}}, {"type": "dict", "image_number": {"type": "int", "data": 15}, "Hcamera2end": {"type": "ndarray", "data": [[0.9999960187761886, 0.0015747701263619488, -0.0023414804764859557, -0.013720245054363402], [0.002344541048225003, -0.0019444740059908483, 0.9999953610632969, 0.02786267899566494], [0.001570209873180949, -0.9999968695550449, -0.0019481583778073741, 0.030751077026248963], [0.0, 0.0, 0.0, 1.0]]}, "Hobj2base": {"type": "ndarray", "data": [[0.999994123930428, 0.0025186382959771158, 0.002325632333347664, -0.7328449974027494], [0.002521547187283172, -0.9999960412511328, -0.0012487120746537735, 0.0917080779875823], [0.0023224780727014267, 0.001254568928803555, -0.9999965160701336, 0.0050587125712250845], [0.0, 0.0, 0.0, 1.0]]}, "mean_rme": {"type": "float", "data": 0.0016166410592062333}, "max_rme": {"type": "float", "data": 0.006052063456440382}, "simu": {"type": "float", "data": 0.002}}, {"type": "dict", "image_number": {"type": "int", "data": 16}, "Hcamera2end": {"type": "ndarray", "data": [[0.9999944601295236, 0.0012196778076088986, -0.0030971109615493464, -0.013884547404224217], [0.0030996612251370705, -0.0020946224411337866, 0.9999930023040755, 0.027668648758810494], [0.0012131819945517324, -0.999997062467123, -0.0020983914252041824, 0.03075944491388199], [0.0, 0.0, 0.0, 1.0]]}, "Hobj2base": {"type": "ndarray", "data": [[0.9999940664214421, 0.0023121747090942327, 0.002553619005104039, -0.7326146455275743], [0.0023178257963523663, -0.9999948668387746, -0.002212234092462417, 0.09132019071929513], [0.0025484908252467894, 0.0022181398100017268, -0.999994292508861, 0.00498286957997451], [0.0, 0.0, 0.0, 1.0]]}, "mean_rme": {"type": "float", "data": 0.001698587774904274}, "max_rme": {"type": "float", "data": 0.006170317021418181}, "simu": {"type": "float", "data": 0.002}}, {"type": "dict", "image_number": {"type": "int", "data": 17}, "Hcamera2end": {"type": "ndarray", "data": [[0.9999950424906667, 0.0015076395382593315, -0.002764419850933647, -0.01383552488376864], [0.0027677240996171987, -0.0021940054382247887, 0.9999937630022725, 0.02771382938029114], [0.0015015649829284725, -0.9999964566753022, -0.002198167291705966, 0.030702957658364123], [0.0, 0.0, 0.0, 1.0]]}, "Hobj2base": {"type": "ndarray", "data": [[0.9999934175006325, 0.0026120248867276975, 0.002518388650841004, -0.7326632655041398], [0.0026169851211606584, -0.9999946385244292, -0.0019683270237189987, 0.09142799642930696], [0.002513233829390601, 0.0019749046528361605, -0.9999948916906183, 0.004975664419216763], [0.0, 0.0, 0.0, 1.0]]}, "mean_rme": {"type": "float", "data": 0.0016653927571131672}, "max_rme": {"type": "float", "data": 0.006167250344293496}, "simu": {"type": "float", "data": 0.002}}, {"type": "dict", "image_number": {"type": "int", "data": 18}, "Hcamera2end": {"type": "ndarray", "data": [[0.9999944480203603, 0.0014237713187445762, -0.00301277342107644, -0.013825035539089385], [0.0030159171820453496, -0.002211087555474389, 0.99999300764324, 0.027655592106135916], [0.001417099857408765, -0.9999965419775481, -0.002215369255944788, 0.03069629682366023], [0.0, 0.0, 0.0, 1.0]]}, "Hobj2base": {"type": "ndarray", "data": [[0.9999933893799829, 0.0025647855314098866, 0.002577415665297844, -0.7326201430207401], [0.0025710431562051697, -0.9999937484841817, -0.002427494519991377, 0.09125138956658572], [0.0025711735497205906, 0.002434105119654472, -0.9999937320797787, 0.005022039626450984], [0.0, 0.0, 0.0, 1.0]]}, "mean_rme": {"type": "float", "data": 0.0016215600249458533}, "max_rme": {"type": "float", "data": 0.0062890605948630884}, "simu": {"type": "float", "data": 0.002}}, {"type": "dict", "image_number": {"type": "int", "data": 19}, "Hcamera2end": {"type": "ndarray", "data": [[0.9999958140537621, 0.0014450059295040385, -0.0025067574308723587, -0.013730788109245669], [0.0025100214898691442, -0.0022614847967072915, 0.9999942927230309, 0.027888606067992813], [0.0014393286886360257, -0.9999963988157047, -0.002265102326189705, 0.029950669096249386], [0.0, 0.0, 0.0, 1.0]]}, "Hobj2base": {"type": "ndarray", "data": [[0.9999928334419136, 0.0026974373812748945, 0.0026564819569264964, -0.7317955865735265], [0.002702595318398938, -0.999994466231789, -0.0019399701915929336, 0.09132611171200822], [0.0026512343084577283, 0.0019471356843840705, -0.9999945897949989, 0.0048142868119595535], [0.0, 0.0, 0.0, 1.0]]}, "mean_rme": {"type": "float", "data": 0.0016101524290095634}, "max_rme": {"type": "float", "data": 0.006303637059141651}, "simu": {"type": "float", "data": 0.002}}, {"type": "dict", "image_number": {"type": "int", "data": 20}, "Hcamera2end": {"type": "ndarray", "data": [[0.9999963093236294, 0.001480178696713533, -0.0022782471652582105, -0.013766046266641725], [0.002281388486961055, -0.00212404755563278, 0.9999951418324755, 0.02907847264204782], [0.0014753324004349643, -0.999996648740888, -0.002127416579097874, 0.030443594223066774], [0.0, 0.0, 0.0, 1.0]]}, "Hobj2base": {"type": "ndarray", "data": [[0.9999933466126227, 0.0026747903737360194, 0.0024803683080405333, -0.7321924030084814], [0.0026790591649691956, -0.999994933296976, -0.001719308688712038, 0.09085112774906341], [0.002475756950420879, 0.001725942302933466, -0.9999954458649745, 0.0037358160141276547], [0.0, 0.0, 0.0, 1.0]]}, "mean_rme": {"type": "float", "data": 0.001574877331346019}, "max_rme": {"type": "float", "data": 0.005914076636919521}, "simu": {"type": "float", "data": 0.002}}, {"type": "dict", "image_number": {"type": "int", "data": 21}, "Hcamera2end": {"type": "ndarray", "data": [[0.999996844773613, 0.0013103080109065964, -0.00214325353963995, -0.013728286846349717], [0.002145397715552173, -0.0016371810679187693, 0.9999963584467658, 0.029458486496790323], [0.0013067943452313728, -0.9999978013631164, -0.0016399870340553235, 0.03143287209731196], [0.0, 0.0, 0.0, 1.0]]}, "Hobj2base": {"type": "ndarray", "data": [[0.9999953202884502, 0.002269659441958043, 0.002051352533696769, -0.7333483508103124], [0.0022729075679740296, -0.9999961648402054, -0.001582465186994528, 0.09071615381594943], [0.0020477530093787753, 0.0015871203162123374, -0.9999966438727252, 0.0034127499398872905], [0.0, 0.0, 0.0, 1.0]]}, "mean_rme": {"type": "float", "data": 0.001550812480511337}, "max_rme": {"type": "float", "data": 0.00590497187590977}, "simu": {"type": "float", "data": 0.002}}, {"type": "dict", "image_number": {"type": "int", "data": 22}, "Hcamera2end": {"type": "ndarray", "data": [[0.9999970076065422, 0.0014278191195437246, -0.0019864819463261706, -0.013705030818953528], [0.0019888287835359585, -0.0016441154068265185, 0.9999966707167576, 0.029415187918169144], [0.0014245483603561192, -0.9999976291057351, -0.001646950174748918, 0.03161596369125596], [0.0, 0.0, 0.0, 1.0]]}, "Hobj2base": {"type": "ndarray", "data": [[0.9999948527416405, 0.002442974534928525, 0.002079991741935236, -0.7335013450800699], [0.0024459734216130346, -0.9999959711404585, -0.0014404571750108869, 0.09074360029928709], [0.002076464361743453, 0.0014455373651235995, -0.9999967993536187, 0.003421394601841886], [0.0, 0.0, 0.0, 1.0]]}, "mean_rme": {"type": "float", "data": 0.0015087031694709153}, "max_rme": {"type": "float", "data": 0.005988231678874814}, "simu": {"type": "float", "data": 0.002}}, {"type": "dict", "image_number": {"type": "int", "data": 23}, "Hcamera2end": {"type": "ndarray", "data": [[0.9999972026767029, 0.0015073748249767786, -0.0018227616152751045, -0.013833022397760984], [0.0018252514349750423, -0.0016520360526275368, 0.9999969696124487, 0.029629279952894404], [0.001504358989143094, -0.9999974992958824, -0.0016547827694108896, 0.031692135089301285], [0.0, 0.0, 0.0, 1.0]]}, "Hobj2base": {"type": "ndarray", "data": [[0.9999942456382167, 0.002599127830005659, 0.0021801892067445042, -0.7334867035427526], [0.002602126249037212, -0.9999956710785844, -0.0013735949460584546, 0.090779547182489], [0.0021766096200253014, 0.0013792601694589287, -0.9999966800004623, 0.0031319441437350506], [0.0, 0.0, 0.0, 1.0]]}, "mean_rme": {"type": "float", "data": 0.0015898764879546032}, "max_rme": {"type": "float", "data": 0.00577436076080802}, "simu": {"type": "float", "data": 0.002}}, {"type": "dict", "image_number": {"type": "int", "data": 24}, "Hcamera2end": {"type": "ndarray", "data": [[0.9999972360741077, 0.0014220895393994989, -0.0018722995185479173, -0.01381870793368463], [0.001874596236679527, -0.0016154183828358537, 0.9999969381515115, 0.02985153432191485], [0.001419060638116355, -0.9999976840397133, -0.0016180797616378584, 0.03092436537381301], [0.0, 0.0, 0.0, 1.0]]}, "Hobj2base": {"type": "ndarray", "data": [[0.9999942977881945, 0.0025439579494026267, 0.0022209612890422047, -0.7326839201239066], [0.0025470738946740787, -0.9999957744166525, -0.0014012720700366244, 0.0907104300311407], [0.0022173871269633213, 0.001406921032206885, -0.9999965518778244, 0.002994733615906605], [0.0, 0.0, 0.0, 1.0]]}, "mean_rme": {"type": "float", "data": 0.0015987416704204992}, "max_rme": {"type": "float", "data": 0.005661100877333958}, "simu": {"type": "float", "data": 0.002}}, {"type": "dict", "image_number": {"type": "int", "data": 25}, "Hcamera2end": {"type": "ndarray", "data": [[0.9999971217070655, 0.0012179739891857156, -0.0020671518923990255, -0.013808271494772602], [0.002069023819004502, -0.0015376681122258873, 0.9999966773530866, 0.0297391813948153], [0.0012147913487401303, -0.9999980760562184, -0.0015401837035611265, 0.03066642406135414], [0.0, 0.0, 0.0, 1.0]]}, "Hobj2base": {"type": "ndarray", "data": [[0.9999946276498994, 0.0023493394547041235, 0.002285886144484593, -0.7324427327714418], [0.002352928099684099, -0.9999960017708489, -0.0015684934407632091, 0.09071368831221979], [0.0022821920814631446, 0.0015738635400093515, -0.999996157269047, 0.003138503158691557], [0.0, 0.0, 0.0, 1.0]]}, "mean_rme": {"type": "float", "data": 0.001557975022527496}, "max_rme": {"type": "float", "data": 0.005693925729403457}, "simu": {"type": "float", "data": 0.002}}, {"type": "dict", "image_number": {"type": "int", "data": 26}, "Hcamera2end": {"type": "ndarray", "data": [[0.9999976070933851, 0.0009942326536483271, -0.0019486685028601092, -0.013818948497555474], [0.0019504887522498377, -0.0018331352925764488, 0.9999964175978963, 0.030141464240732746], [0.000990656918901052, -0.9999978255558505, -0.0018350701456628649, 0.03091136037214196], [0.0, 0.0, 0.0, 1.0]]}, "Hobj2base": {"type": "ndarray", "data": [[0.9999938914556847, 0.0022857683276632564, 0.002644298483254643, -0.7324918386907063], [0.002289372064377399, -0.9999964537522545, -0.0013606095934309288, 0.09058685388615918], [0.0026411790676021296, 0.0013666550651643703, -0.9999955782037566, 0.0026951766620408836], [0.0, 0.0, 0.0, 1.0]]}, "mean_rme": {"type": "float", "data": 0.0015415450018944192}, "max_rme": {"type": "float", "data": 0.005660043897424194}, "simu": {"type": "float", "data": 0.002}}, {"type": "dict", "image_number": {"type": "int", "data": 27}, "Hcamera2end": {"type": "ndarray", "data": [[0.9999984777391356, 0.00039856325254350954, -0.0016987250351620333, -0.013763270946720054], [0.0016995505889851107, -0.0020802104943213884, 0.9999963921195391, 0.03030115423477824], [0.0003950281089298279, -0.9999977569333008, -0.0020808847061088986, 0.031496785893645546], [0.0, 0.0, 0.0, 1.0]]}, "Hobj2base": {"type": "ndarray", "data": [[0.9999934882703237, 0.0018480920657180484, 0.0030996729934938076, -0.732916933915355], [0.0018511280402920942, -0.9999978095253745, -0.0009768671514003393, 0.09063366758522422], [0.003097860863307004, 0.0009825986818995122, -0.999994718865006, 0.0024400441789255035], [0.0, 0.0, 0.0, 1.0]]}, "mean_rme": {"type": "float", "data": 0.0015359704265713596}, "max_rme": {"type": "float", "data": 0.005684394117826841}, "simu": {"type": "float", "data": 0.002}}, {"type": "dict", "image_number": {"type": "int", "data": 28}, "Hcamera2end": {"type": "ndarray", "data": [[0.9999988639584723, 0.0006624043382045465, -0.0013539949252177404, -0.013734426193182707], [0.00135534291549239, -0.0020387973965925177, 0.999997003170888, 0.0301855833245733], [0.0006596418317634086, -0.9999977022601945, -0.002039692865461129, 0.031289913531510734], [0.0, 0.0, 0.0, 1.0]]}, "Hobj2base": {"type": "ndarray", "data": [[0.9999934324495744, 0.002098370488459196, 0.00295497868210685, -0.7327517861072211], [0.0021003603431532076, -0.9999975694897654, -0.0006704483502673574, 0.09079608229597362], [0.0029535646509686836, 0.0006766504671027697, -0.9999954092894614, 0.0025347297697021092], [0.0, 0.0, 0.0, 1.0]]}, "mean_rme": {"type": "float", "data": 0.0015014373997621286}, "max_rme": {"type": "float", "data": 0.005736585937138883}, "simu": {"type": "float", "data": 0.002}}, {"type": "dict", "image_number": {"type": "int", "data": 29}, "Hcamera2end": {"type": "ndarray", "data": [[0.9999990828027747, 0.0008851176324821556, -0.0010251635898146818, -0.013757767057352273], [0.0010268870599264008, -0.0019489112246753315, 0.9999975736210585, 0.03021747414210593], [0.0008831175320240528, -0.9999977091532835, -0.0019498183529826907, 0.030920404134099203], [0.0, 0.0, 0.0, 1.0]]}, "Hobj2base": {"type": "ndarray", "data": [[0.9999936607397638, 0.002252400238790968, 0.0027577478946584797, -0.7324390980585395], [0.002253496297564144, -0.9999973830964242, -0.0003944042854863478, 0.0909494442782016], [0.0027568523215913436, 0.00040061635992517204, -0.999996119628376, 0.0025024071181316957], [0.0, 0.0, 0.0, 1.0]]}, "mean_rme": {"type": "float", "data": 0.0014919733581254986}, "max_rme": {"type": "float", "data": 0.0057500327023498055}, "simu": {"type": "float", "data": 0.002}}, {"type": "dict", "image_number": {"type": "int", "data": 30}, "Hcamera2end": {"type": "ndarray", "data": [[0.9999993451970699, 0.0005348390862707963, -0.0010117077558365046, -0.013726371918010112], [0.001012436257255465, -0.0013635831232314821, 0.9999985578059056, 0.031010941458025947], [0.0005334587673075237, -0.9999989272935337, -0.0013641237208359414, 0.03119445957212236], [0.0, 0.0, 0.0, 1.0]]}, "Hobj2base": {"type": "ndarray", "data": [[0.999995723311557, 0.001692613323733283, 0.0023850406144007917, -0.7328171690239746], [0.0016938005060938585, -0.9999984425950363, -0.0004958299581054255, 0.09062194577025416], [0.0023841976515333045, 0.0004998676205949004, -0.9999970328625583, 0.0018762758209846556], [0.0, 0.0, 0.0, 1.0]]}, "mean_rme": {"type": "float", "data": 0.001535894485874104}, "max_rme": {"type": "float", "data": 0.0057678579150046705}, "simu": {"type": "float", "data": 0.002}}]}