{"type": "list", "data": [{"type": "dict", "image_number": {"type": "int", "data": 5}, "Hcamera2end": {"type": "ndarray", "data": [[0.9999978974249248, 0.0018423566305726747, 0.0009004819682712371, -0.012779183240224597], [-0.0009033806375342808, 0.001573121863393423, 0.9999983545941594, 0.028668284170660363], [0.0018409370312764356, -0.9999970655005185, 0.001574782905094052, 0.03404012242467663], [0.0, 0.0, 0.0, 1.0]]}, "Hobj2base": {"type": "ndarray", "data": [[0.9999990411124086, 0.0013098826534887983, -0.000449423739323519, -0.7366134509078623], [0.0013091485309434793, -0.9999978147766388, -0.0016298994052433367, 0.09295840463157994], [-0.0004515577341901247, 0.0016293094799249154, -0.9999985707220944, -0.002494122549377131], [0.0, 0.0, 0.0, 1.0]]}, "mean_rme": {"type": "float", "data": 0.0016205396039291036}, "max_rme": {"type": "float", "data": 0.005550001318289824}, "simu": {"type": "float", "data": 0.002}}, {"type": "dict", "image_number": {"type": "int", "data": 6}, "Hcamera2end": {"type": "ndarray", "data": [[0.9999979424956564, 0.0018505161718647073, 0.0008310200668404849, -0.013013359485701653], [-0.000832956888996362, 0.001046114255428554, 0.9999991059134932, 0.02902323379949469], [0.0018496451754046982, -0.9999977406148788, 0.0010476535032375445, 0.033950222517165944], [0.0, 0.0, 0.0, 1.0]]}, "Hobj2base": {"type": "ndarray", "data": [[0.9999989330038767, 0.0013950315454476089, -0.00043344906908938116, -0.7367160794145263], [0.0013944692321631554, -0.9999981893370231, -0.0012949047207012068, 0.09301237109429544], [-0.0004352547171929266, 0.0012942989076523347, -0.9999990676713997, -0.00188240007360585], [0.0, 0.0, 0.0, 1.0]]}, "mean_rme": {"type": "float", "data": 0.0019497967895444775}, "max_rme": {"type": "float", "data": 0.005249916879863384}, "simu": {"type": "float", "data": 0.002}}, {"type": "dict", "image_number": {"type": "int", "data": 7}, "Hcamera2end": {"type": "ndarray", "data": [[0.9999986809138487, 0.0015927713162931464, 0.0003181982032399148, -0.012815489059405754], [-0.0003204175491617944, 0.0013933252332923862, 0.9999989779881717, 0.028878470546225072], [0.0015923263348762593, -0.9999977608596571, 0.0013938337472578777, 0.033932918101500814], [0.0, 0.0, 0.0, 1.0]]}, "Hobj2base": {"type": "ndarray", "data": [[0.9999988698470997, 0.0012557583504422543, -0.0008266652820291736, -0.7370597312731694], [0.001254612134286872, -0.9999982530074623, -0.0013856155367326772, 0.09273840999446546], [-0.0008284038361318495, 0.0013845768264814321, -0.9999986983462006, -0.0018430144259935658], [0.0, 0.0, 0.0, 1.0]]}, "mean_rme": {"type": "float", "data": 0.0018613595758435188}, "max_rme": {"type": "float", "data": 0.0052172676864853385}, "simu": {"type": "float", "data": 0.002}}, {"type": "dict", "image_number": {"type": "int", "data": 8}, "Hcamera2end": {"type": "ndarray", "data": [[0.9999991298562959, 0.0013191303076327148, -1.3486380425583341e-05, -0.01273187787141025], [1.258718685055065e-05, 0.000681662295307861, 0.9999997675890119, 0.02886365066039834], [0.001319139194209373, -0.9999988976152657, 0.0006816450980240418, 0.0341380858329336], [0.0, 0.0, 0.0, 1.0]]}, "Hobj2base": {"type": "ndarray", "data": [[0.9999990395521106, 0.001196821428834207, -0.000698937281807276, -0.736869259676561], [0.0011958581143349143, -0.9999983368250764, -0.0013770513612000308, 0.09257297180807206], [-0.0007005842039300052, 0.001376214208794097, -0.9999988076074013, -0.0017622602375032756], [0.0, 0.0, 0.0, 1.0]]}, "mean_rme": {"type": "float", "data": 0.0017221615039837877}, "max_rme": {"type": "float", "data": 0.004993466888166764}, "simu": {"type": "float", "data": 0.002}}, {"type": "dict", "image_number": {"type": "int", "data": 9}, "Hcamera2end": {"type": "ndarray", "data": [[0.9999990870797394, 0.0013320891183279664, -0.00022666774945719916, -0.012704956539291526], [0.00022515771594482114, 0.001133623607740053, 0.9999993321005367, 0.028899851674988136], [0.001332345184538257, -0.9999984702168785, 0.0011333226426888388, 0.034016079494921476], [0.0, 0.0, 0.0, 1.0]]}, "Hobj2base": {"type": "ndarray", "data": [[0.9999986518916698, 0.001306360776523075, -0.0009948046865848445, -0.7370799866622229], [0.001305044412248984, -0.9999982736070021, -0.0013227403740470548, 0.09247633972504066], [-0.0009965309453031778, 0.0013214403265522311, -0.9999986303598312, -0.0015750339320399487], [0.0, 0.0, 0.0, 1.0]]}, "mean_rme": {"type": "float", "data": 0.0016403848561970132}, "max_rme": {"type": "float", "data": 0.004924280377212528}, "simu": {"type": "float", "data": 0.002}}, {"type": "dict", "image_number": {"type": "int", "data": 10}, "Hcamera2end": {"type": "ndarray", "data": [[0.9999990730979101, 0.0013280659376330253, -0.0003000736340573566, -0.012678770367915796], [0.0002999588183877196, 8.66516282608254e-05, 0.9999999512581002, 0.028783836597350884], [0.0013280918747695573, -0.9999991143657883, 8.625318285382377e-05, 0.03416406110452001], [0.0, 0.0, 0.0, 1.0]]}, "Hobj2base": {"type": "ndarray", "data": [[0.9999991571027643, 0.0012932168037172555, -0.00011568949570302736, -0.7363468187443096], [0.0012930704479431918, -0.9999983748029071, -0.0012563281263917082, 0.09254290964712245], [-0.00011731401232882764, 0.0012561774727681723, -0.999999204127473, -0.0018021300181912004], [0.0, 0.0, 0.0, 1.0]]}, "mean_rme": {"type": "float", "data": 0.0016610113895748773}, "max_rme": {"type": "float", "data": 0.005194543457538128}, "simu": {"type": "float", "data": 0.002}}, {"type": "dict", "image_number": {"type": "int", "data": 11}, "Hcamera2end": {"type": "ndarray", "data": [[0.9999993853055574, 0.0010743829228324656, -0.0002740252587195728, -0.012668793921002966], [0.00027365631760114037, 0.00034353012856869203, 0.9999999035496305, 0.02872037860529594], [0.0010744769551401948, -0.9999993638439906, 0.00034323590572826745, 0.03402313917325932], [0.0, 0.0, 0.0, 1.0]]}, "Hobj2base": {"type": "ndarray", "data": [[0.9999993569580795, 0.0010645835211209303, -0.0003908265011940206, -0.7366195254036637], [0.0010641512610985956, -0.9999988237617194, -0.001104562026873668, 0.0927317707485794], [-0.00039200194002079444, 0.0011041454180798643, -0.999999313598452, -0.0017214173682190894], [0.0, 0.0, 0.0, 1.0]]}, "mean_rme": {"type": "float", "data": 0.0016648142940627014}, "max_rme": {"type": "float", "data": 0.0050138047031910715}, "simu": {"type": "float", "data": 0.002}}, {"type": "dict", "image_number": {"type": "int", "data": 12}, "Hcamera2end": {"type": "ndarray", "data": [[0.9999997515274911, 0.0006953596589191237, -0.00011584429513689028, -0.01242428108632197], [0.00011546529891274284, 0.0005450516569633912, 0.999999844793216, 0.028629179176431954], [0.0006954226921196014, -0.999999609696742, 0.0005449712316222266, 0.03390903776621508], [0.0, 0.0, 0.0, 1.0]]}, "Hobj2base": {"type": "ndarray", "data": [[0.9999996046612841, 0.0007016604288411342, -0.0005462141685745314, -0.7368025927245561], [0.0007011708166594757, -0.9999993527267161, -0.0008960500179920728, 0.09284342733730096], [-0.0005468425378645802, 0.0008956666743141589, -0.9999994493720721, -0.001738760427904662], [0.0, 0.0, 0.0, 1.0]]}, "mean_rme": {"type": "float", "data": 0.0017104319681539428}, "max_rme": {"type": "float", "data": 0.005168777258540425}, "simu": {"type": "float", "data": 0.002}}, {"type": "dict", "image_number": {"type": "int", "data": 13}, "Hcamera2end": {"type": "ndarray", "data": [[0.9999999077758164, -0.0004052114360639494, 0.0001423097005122499, -0.01218042271653218], [-0.000141917696435585, 0.0009672707222132537, 0.9999995221232445, 0.028544435912113787], [-0.0004053488944296154, -0.9999994500953697, 0.0009672131263338546, 0.033706106954352014], [0.0, 0.0, 0.0, 1.0]]}, "Hobj2base": {"type": "ndarray", "data": [[0.9999995675305544, -0.0003826960862592051, -0.0008476334170657738, -0.7371009319270253], [-0.00038321966631454967, -0.9999997358440293, -0.0006176200766321415, 0.09315112567226864], [-0.0008473968323722235, 0.0006179446393255745, -0.9999994500313643, -0.001696777885239501], [0.0, 0.0, 0.0, 1.0]]}, "mean_rme": {"type": "float", "data": 0.0017681472527630692}, "max_rme": {"type": "float", "data": 0.005305213377959639}, "simu": {"type": "float", "data": 0.002}}, {"type": "dict", "image_number": {"type": "int", "data": 14}, "Hcamera2end": {"type": "ndarray", "data": [[0.9999998433257498, 0.0005448721723360266, 0.0001283074108871296, -0.012091779509442476], [-0.00012867049787674566, 0.0006663881911728176, 0.9999997696853142, 0.028517965095061455], [0.0005447865443005084, -0.9999996295204785, 0.0006664581957406268, 0.033804661637669826], [0.0, 0.0, 0.0, 1.0]]}, "Hobj2base": {"type": "ndarray", "data": [[0.999999640998054, 0.0005284520127929618, -0.0006623762022295532, -0.736922515378269], [0.0005281132785355882, -0.9999997297508552, -0.0005114631779086971, 0.09318048517438789], [-0.000662646306968786, 0.0005111131846246375, -0.9999996498315311, -0.0016870475705538196], [0.0, 0.0, 0.0, 1.0]]}, "mean_rme": {"type": "float", "data": 0.0017513594432710387}, "max_rme": {"type": "float", "data": 0.005262972880935968}, "simu": {"type": "float", "data": 0.002}}, {"type": "dict", "image_number": {"type": "int", "data": 15}, "Hcamera2end": {"type": "ndarray", "data": [[0.9999994586669695, 0.0009765311053706144, -0.0003592391519599706, -0.01198948759230186], [0.0003587205316017819, 0.0005312076018408884, 0.9999997945690108, 0.028530457388112374], [0.0009767217353292635, -0.9999993821025509, 0.0005308570125234224, 0.0338355195123269], [0.0, 0.0, 0.0, 1.0]]}, "Hobj2base": {"type": "ndarray", "data": [[0.9999992818537454, 0.0010270904199172377, -0.0006175574975758734, -0.7368852009344038], [0.001026390704145117, -0.9999988322213813, -0.0011322888302290693, 0.09287661905910728], [-0.0006187197394155399, 0.0011316541618052996, -0.9999991682720246, -0.0016974260194344301], [0.0, 0.0, 0.0, 1.0]]}, "mean_rme": {"type": "float", "data": 0.0017282403430385629}, "max_rme": {"type": "float", "data": 0.00521280353295972}, "simu": {"type": "float", "data": 0.002}}, {"type": "dict", "image_number": {"type": "int", "data": 16}, "Hcamera2end": {"type": "ndarray", "data": [[0.9999998589096575, 0.0005306415675149528, -2.449881607300531e-05, -0.012060126150247222], [2.4269869642211265e-05, 0.0004314542651338016, 0.9999999066290909, 0.02860501762945976], [0.0005306520880871528, -0.9999997661333445, 0.00043144132565808846, 0.03391655745144284], [0.0, 0.0, 0.0, 1.0]]}, "Hobj2base": {"type": "ndarray", "data": [[0.9999997380173571, 0.0006159857551596516, -0.00038016676150265627, -0.7366269479105951], [0.000615734149924171, -0.9999995915842126, -0.0006615911602572334, 0.09310785369411037], [-0.0003805741369670073, 0.0006613569052741094, -0.999999708885142, -0.0016402920811194079], [0.0, 0.0, 0.0, 1.0]]}, "mean_rme": {"type": "float", "data": 0.0017700192434828043}, "max_rme": {"type": "float", "data": 0.005355066227228394}, "simu": {"type": "float", "data": 0.002}}, {"type": "dict", "image_number": {"type": "int", "data": 17}, "Hcamera2end": {"type": "ndarray", "data": [[0.9999996380217512, 0.0008264248092371344, 0.00020243122596534625, -0.012105918900752726], [-0.00020291580487175807, 0.0005863139776530746, 0.9999998075305293, 0.02863762527722752], [0.0008263059619182919, -0.9999994866288454, 0.0005864814600755608, 0.033873318588575806], [0.0, 0.0, 0.0, 1.0]]}, "Hobj2base": {"type": "ndarray", "data": [[0.999999463164445, 0.0009181274912660759, -0.00048032565156765403, -0.7367529166047397], [0.0009179862292838024, -0.9999995353636753, -0.00029423411819856025, 0.09311491761394296], [-0.0004805955728236952, 0.0002937930279095133, -0.9999998413567635, -0.0015646599747691683], [0.0, 0.0, 0.0, 1.0]]}, "mean_rme": {"type": "float", "data": 0.0017171873136281781}, "max_rme": {"type": "float", "data": 0.005308035797166488}, "simu": {"type": "float", "data": 0.002}}, {"type": "dict", "image_number": {"type": "int", "data": 18}, "Hcamera2end": {"type": "ndarray", "data": [[0.9999997880689384, 0.0005761844771721032, -0.00030310646089067386, -0.012250573953394055], [0.00030283925067459133, 0.00046378878538677615, 0.9999998465941635, 0.028566936235346913], [0.000576324966159381, -0.9999997264556679, 0.0004636141958201945, 0.03390675641005858], [0.0, 0.0, 0.0, 1.0]]}, "Hobj2base": {"type": "ndarray", "data": [[0.9999997034221522, 0.0006470418905017988, -0.00041772287433264636, -0.7366779105034372], [0.0006466549989066359, -0.9999993624918486, -0.0009256636588286159, 0.09282197380339224], [-0.00041832155119468607, 0.0009253932617124353, -0.9999994843270628, -0.0016489348753371794], [0.0, 0.0, 0.0, 1.0]]}, "mean_rme": {"type": "float", "data": 0.001664555011932596}, "max_rme": {"type": "float", "data": 0.005313712575628071}, "simu": {"type": "float", "data": 0.002}}, {"type": "dict", "image_number": {"type": "int", "data": 19}, "Hcamera2end": {"type": "ndarray", "data": [[0.999999126606339, 0.001233719512811309, -0.0004740492830485194, -0.012278430732528163], [0.00047320830175342414, 0.0006818659386903514, 0.9999996555663133, 0.028561076985942055], [0.0012340423259361202, -0.9999990064970095, 0.0006812815368374414, 0.0338323883234589], [0.0, 0.0, 0.0, 1.0]]}, "Hobj2base": {"type": "ndarray", "data": [[0.9999990209065701, 0.00131568239992789, -0.00047661905513233306, -0.7368110540314297], [0.0013153760761145147, -0.9999989285239352, -0.0006424459197581648, 0.09263034053899528], [-0.00047746379923595484, 0.0006418183574410444, -0.999999680048707, -0.0016507585187772091], [0.0, 0.0, 0.0, 1.0]]}, "mean_rme": {"type": "float", "data": 0.0016141239416032382}, "max_rme": {"type": "float", "data": 0.005326420820399275}, "simu": {"type": "float", "data": 0.002}}, {"type": "dict", "image_number": {"type": "int", "data": 20}, "Hcamera2end": {"type": "ndarray", "data": [[0.9999998974741295, 1.2651857170263369e-05, -0.00045264960061025197, -0.012156108495539178], [0.0004526354826472577, 0.0010944560030903272, 0.9999992986433427, 0.02765898926075438], [1.3147253369483463e-05, -0.9999994010028145, 0.0010944501642007332, 0.03567315594645643], [0.0, 0.0, 0.0, 1.0]]}, "Hobj2base": {"type": "ndarray", "data": [[0.9999996380683059, 0.0001270936140711463, -0.0008412552944836452, -0.7388260320018359], [0.00012672994941330656, -0.999999898516309, -0.00043232729693455565, 0.09281079759969504], [-0.0008413101551485819, 0.000432220528220691, -0.9999995526912189, -0.0008310574759990697], [0.0, 0.0, 0.0, 1.0]]}, "mean_rme": {"type": "float", "data": 0.0016361811260176033}, "max_rme": {"type": "float", "data": 0.005333231470738997}, "simu": {"type": "float", "data": 0.002}}, {"type": "dict", "image_number": {"type": "int", "data": 21}, "Hcamera2end": {"type": "ndarray", "data": [[0.9999999014903783, 0.0001629587538195045, -0.00041287247218494316, -0.01224550124297509], [0.00041272266025530835, 0.0009182896916811734, 0.9999994932018955, 0.027588670139653503], [0.00016333780776750325, -0.9999995650941488, 0.0009182223444503812, 0.034923405468096365], [0.0, 0.0, 0.0, 1.0]]}, "Hobj2base": {"type": "ndarray", "data": [[0.9999998107267941, 0.00026973418835246404, -0.0005529826792688035, -0.7379731831293957], [0.00026951910031554175, -0.9999998880202174, -0.0003889974369092989, 0.09286831268159834], [-0.0005530875432538394, 0.00038884832388830036, -0.9999997714455486, -0.000745091291149802], [0.0, 0.0, 0.0, 1.0]]}, "mean_rme": {"type": "float", "data": 0.0016343612103807575}, "max_rme": {"type": "float", "data": 0.005290037300297978}, "simu": {"type": "float", "data": 0.002}}, {"type": "dict", "image_number": {"type": "int", "data": 22}, "Hcamera2end": {"type": "ndarray", "data": [[0.999999871415988, -0.00016927845886870708, -0.0004780301358820225, -0.012232269091294448], [0.0004781460922281506, 0.0006856269056060293, 0.9999996506459695, 0.027509687526505337], [-0.00016895064940774388, -0.9999997506302439, 0.0006857077572790526, 0.03582321481073651], [0.0, 0.0, 0.0, 1.0]]}, "Hobj2base": {"type": "ndarray", "data": [[0.9999999401081908, -6.369266157720345e-05, -0.00034018650700924787, -0.7387662979123071], [-6.382745100814913e-05, -0.9999999194655051, -0.0003962259962792604, 0.09291320049195434], [-0.0003401612429242102, 0.00039624768578617846, -0.999999863639041, -0.0007615648125112552], [0.0, 0.0, 0.0, 1.0]]}, "mean_rme": {"type": "float", "data": 0.0016087932274699744}, "max_rme": {"type": "float", "data": 0.0053535228473651775}, "simu": {"type": "float", "data": 0.002}}, {"type": "dict", "image_number": {"type": "int", "data": 23}, "Hcamera2end": {"type": "ndarray", "data": [[0.9999997339134233, 0.0005991957076248096, -0.0004160980491322618, -0.012203129499126098], [0.000416011392335999, 0.0001447392322552199, 0.9999999029925335, 0.027193130827068215], [0.0005992558752105264, -0.9999998100075114, 0.00014448992150151163, 0.037171886267700995], [0.0, 0.0, 0.0, 1.0]]}, "Hobj2base": {"type": "ndarray", "data": [[0.9999997019753464, 0.0007088607591459802, 0.00030588501536118383, -0.739924900705096], [0.0007090007746989372, -0.9999996438346934, -0.00045787376897528907, 0.09279108067663809], [0.0003055603376680846, 0.00045809050523047754, -0.9999998483929733, -0.0006329859727478161], [0.0, 0.0, 0.0, 1.0]]}, "mean_rme": {"type": "float", "data": 0.0016139137664784667}, "max_rme": {"type": "float", "data": 0.005427067516901585}, "simu": {"type": "float", "data": 0.002}}, {"type": "dict", "image_number": {"type": "int", "data": 24}, "Hcamera2end": {"type": "ndarray", "data": [[0.999999821573928, 0.0003159489268273367, -0.000506979672004722, -0.012234520909954983], [0.0005069465313242567, 0.00010496378293844977, 0.9999998659939003, 0.027549199247699857], [0.00031600209899249987, -0.9999999445794384, 0.00010480359499764891, 0.036698856240064595], [0.0, 0.0, 0.0, 1.0]]}, "Hobj2base": {"type": "ndarray", "data": [[0.9999998315994633, 0.0004241950344132615, 0.0003960550693495134, -0.7393529859752049], [0.0004243887705771507, -0.9999997902843998, -0.000489208880035389, 0.0928704051536746], [0.00039584746631288485, 0.0004893768789763131, -0.9999998019075074, -0.0009612987718753985], [0.0, 0.0, 0.0, 1.0]]}, "mean_rme": {"type": "float", "data": 0.0016387005419962633}, "max_rme": {"type": "float", "data": 0.005400181977047225}, "simu": {"type": "float", "data": 0.002}}, {"type": "dict", "image_number": {"type": "int", "data": 25}, "Hcamera2end": {"type": "ndarray", "data": [[0.9999996375202995, -0.00016225962730379684, -0.0008358415417762576, -0.01213035147527763], [0.00083586127409686, 0.0001215798534034418, 0.9999996432770712, 0.02724409121445906], [-0.00016215794792994972, -0.999999979445076, 0.00012171543587202738, 0.03585155772612345], [0.0, 0.0, 0.0, 1.0]]}, "Hobj2base": {"type": "ndarray", "data": [[0.9999999135811475, -3.1406563313420667e-05, 0.0004145495450739262, -0.73850712849577], [-3.1091678046130165e-05, -0.9999997110442704, -0.0007595687483749763, 0.0927231439875043], [0.0004145732807314466, 0.000759555793692927, -0.9999996256019257, -0.0006134355566972727], [0.0, 0.0, 0.0, 1.0]]}, "mean_rme": {"type": "float", "data": 0.0016611557603977724}, "max_rme": {"type": "float", "data": 0.00535697792626455}, "simu": {"type": "float", "data": 0.002}}, {"type": "dict", "image_number": {"type": "int", "data": 26}, "Hcamera2end": {"type": "ndarray", "data": [[0.9999990120296349, -0.00010419646367382251, -0.0014018141285505998, -0.012083927183108599], [0.0014018268953838457, 0.00012255467191779612, 0.9999990099303637, 0.027195469073584454], [-0.00010402456164145327, -0.9999999870617247, 0.0001227006162426436, 0.034890266996712806], [0.0, 0.0, 0.0, 1.0]]}, "Hobj2base": {"type": "ndarray", "data": [[0.9999998827969081, 5.1121216358534374e-05, 0.0004814486383034375, -0.7375325974093871], [5.176674856316396e-05, -0.9999990996597394, -0.0013408951911687843, 0.09238332837049852], [0.00048137965664266335, 0.0013409199570423272, -0.9999989851031323, -0.0005431679709674393], [0.0, 0.0, 0.0, 1.0]]}, "mean_rme": {"type": "float", "data": 0.0016947321205639321}, "max_rme": {"type": "float", "data": 0.005304709426683263}, "simu": {"type": "float", "data": 0.002}}, {"type": "dict", "image_number": {"type": "int", "data": 27}, "Hcamera2end": {"type": "ndarray", "data": [[0.9999976038352115, -0.0002697670095819783, -0.002172452438109679, -0.01209526137070728], [0.0021724783941364477, 9.59607334416468e-05, 0.9999976355617872, 0.026992668731112782], [-0.000269557901605224, -0.9999999590086484, 9.654656650359694e-05, 0.033752431100505124], [0.0, 0.0, 0.0, 1.0]]}, "Hobj2base": {"type": "ndarray", "data": [[0.9999998739501187, -5.6775524318176154e-05, 0.000498875021087356, -0.7364083804787611], [-5.571885183107071e-05, -0.999997755759997, -0.0021178693017228196, 0.09205596322407983], [0.0004989941446321199, 0.0021178412380222634, -0.9999976328738656, -0.00030980221803256214], [0.0, 0.0, 0.0, 1.0]]}, "mean_rme": {"type": "float", "data": 0.0016818257493260976}, "max_rme": {"type": "float", "data": 0.0052287321543030285}, "simu": {"type": "float", "data": 0.002}}, {"type": "dict", "image_number": {"type": "int", "data": 28}, "Hcamera2end": {"type": "ndarray", "data": [[0.9999990134191062, -0.00024305663705143934, -0.001383504349567495, -0.011982123119517657], [0.0013835271655303547, 9.372792669926078e-05, 0.9999990385333668, 0.02656427286587889], [-0.00024292673036632826, -0.9999999660692729, 9.406410968926249e-05, 0.0343850213808537], [0.0, 0.0, 0.0, 1.0]]}, "Hobj2base": {"type": "ndarray", "data": [[0.9999999280022959, -4.924032586930446e-05, 0.00037625894471575243, -0.7371465826626664], [-4.8702890985883965e-05, -0.9999989788786137, -0.0014282400913365391, 0.09251342215780704], [0.00037632888751721423, 0.0014282216636081646, -0.9999989092791293, 0.00012327219295651948], [0.0, 0.0, 0.0, 1.0]]}, "mean_rme": {"type": "float", "data": 0.001710576652780235}, "max_rme": {"type": "float", "data": 0.005243063847973184}, "simu": {"type": "float", "data": 0.002}}, {"type": "dict", "image_number": {"type": "int", "data": 29}, "Hcamera2end": {"type": "ndarray", "data": [[0.9999991948015534, -0.00023353075273576177, -0.0012473410248932835, -0.011971147156463344], [0.001247375019049476, 0.00014547706251810677, 0.9999992114456823, 0.02650145877712898], [-0.00023334910907581846, -0.9999999621499053, 0.00014576824580736503, 0.03420492270677816], [0.0, 0.0, 0.0, 1.0]]}, "Hobj2base": {"type": "ndarray", "data": [[0.9999999061654742, -3.474479359255949e-05, 0.0004318122765597347, -0.7369517290180283], [-3.418852124681402e-05, -0.9999991697269808, -0.001288167882988641, 0.09250839351268664], [0.000431856675164859, 0.0012881529990908267, -0.9999990770804059, 0.00020081626689702386], [0.0, 0.0, 0.0, 1.0]]}, "mean_rme": {"type": "float", "data": 0.0016951477919125825}, "max_rme": {"type": "float", "data": 0.005247026327518112}, "simu": {"type": "float", "data": 0.002}}, {"type": "dict", "image_number": {"type": "int", "data": 30}, "Hcamera2end": {"type": "ndarray", "data": [[0.9999986460489001, -0.0010809281249121985, -0.0012407637790670144, -0.011949368282086748], [0.0012406182087842733, -0.00013533166796597662, 0.9999992212755964, 0.027371728245188978], [-0.0010810951977988624, -0.999999406639688, -0.0001339904656192381, 0.03416697025391742], [0.0, 0.0, 0.0, 1.0]]}, "Hobj2base": {"type": "ndarray", "data": [[0.9999995086670754, -0.0008798595734786465, 0.00045663195113270145, -0.7367408125275717], [-0.0008792809621811473, -0.9999988123246937, -0.0012657859973746934, 0.09257950218148728], [0.0004577451227299745, 0.0012653838676710029, -0.9999990946361248, -0.0006642744829923071], [0.0, 0.0, 0.0, 1.0]]}, "mean_rme": {"type": "float", "data": 0.0017030357639915875}, "max_rme": {"type": "float", "data": 0.005193306987888335}, "simu": {"type": "float", "data": 0.002}}]}