{"type": "list", "data": [{"type": "dict", "image_number": {"type": "int", "data": 5}, "Hcamera2end": {"type": "ndarray", "data": [[0.999990702988393, 0.0043094932075531155, -0.00014901366956288336, -0.015252511047305083], [0.0001477519770741141, 0.00029308738942113166, 0.9999999461345661, 0.029654237592358135], [0.004309536649447795, -0.9999906711405242, 0.0002924479284427406, 0.03329467811355368], [0.0, 0.0, 0.0, 1.0]]}, "Hobj2base": {"type": "ndarray", "data": [[0.9999914668519523, 0.0037382282060111536, 0.001758372304321166, -0.7368935178051305], [0.003739610722805884, -0.9999927006002494, -0.0007836184415785045, 0.08926516285420082], [0.0017554301246977468, 0.000790187382770254, -0.9999981470327721, 0.0008121501374680484], [0.0, 0.0, 0.0, 1.0]]}, "mean_rme": {"type": "float", "data": 0.0008269021425593889}, "max_rme": {"type": "float", "data": 0.0025125890771531267}, "simu": {"type": "float", "data": 0.002}}, {"type": "dict", "image_number": {"type": "int", "data": 6}, "Hcamera2end": {"type": "ndarray", "data": [[0.9999909129528743, 0.004263093895412861, -6.489663179349257e-06, -0.01538777939784146], [5.994081733373593e-06, 0.000116262011267243, 0.9999999932236079, 0.02943853634753177], [0.004263094621025759, -0.9999909062154435, 0.00011623540145555555, 0.03327594310818647], [0.0, 0.0, 0.0, 1.0]]}, "Hobj2base": {"type": "ndarray", "data": [[0.9999907904871651, 0.0037981285311447423, 0.0019982893973313548, -0.7365187711296453], [0.003800014103858671, -0.9999923375111892, -0.000940644310653887, 0.08903605280367978], [0.0019947013974672525, 0.0009482291756714853, -0.9999975610109089, 0.0007339667237557246], [0.0, 0.0, 0.0, 1.0]]}, "mean_rme": {"type": "float", "data": 0.0009032736012293418}, "max_rme": {"type": "float", "data": 0.0022346085858206965}, "simu": {"type": "float", "data": 0.002}}, {"type": "dict", "image_number": {"type": "int", "data": 7}, "Hcamera2end": {"type": "ndarray", "data": [[0.9999906620048891, 0.004321560458586936, -4.269260712442841e-06, -0.015372790320757345], [3.6072177974524715e-06, 0.00015320312081412713, 0.9999999882578956, 0.02946454666200373], [0.004321561061906787, -0.9999906502782945, 0.00015318610139436473, 0.03334577813430367], [0.0, 0.0, 0.0, 1.0]]}, "Hobj2base": {"type": "ndarray", "data": [[0.9999892991259542, 0.004061278369779153, 0.002215322005032038, -0.7364461302930139], [0.004063248557536352, -0.9999913528497926, -0.0008855714545375372, 0.08910400068379706], [0.002211706296616696, 0.0008945633820903687, -0.9999971540517565, 0.0007914740298116198], [0.0, 0.0, 0.0, 1.0]]}, "mean_rme": {"type": "float", "data": 0.0008790226155443939}, "max_rme": {"type": "float", "data": 0.002385150231980271}, "simu": {"type": "float", "data": 0.002}}, {"type": "dict", "image_number": {"type": "int", "data": 8}, "Hcamera2end": {"type": "ndarray", "data": [[0.9999909367772649, 0.004254719039999955, 0.00015404291257704525, -0.015186879435947676], [-0.00015121459427013765, -0.0006650622387747163, 0.9999997674131553, 0.029478673967610516], [0.004254820498532585, -0.9999907274860647, -0.0006644128355541845, 0.03369373899156004], [0.0, 0.0, 0.0, 1.0]]}, "Hobj2base": {"type": "ndarray", "data": [[0.9999883962922494, 0.003973329732973975, 0.0027239551553022924, -0.7359309250698762], [0.003975574055283528, -0.9999917619898397, -0.0008190014569227737, 0.08946003000912915], [0.0027206785524919066, 0.0008298212389123958, -0.9999959546442803, 0.0009726566412909116], [0.0, 0.0, 0.0, 1.0]]}, "mean_rme": {"type": "float", "data": 0.0009494666610257677}, "max_rme": {"type": "float", "data": 0.0028828703363025787}, "simu": {"type": "float", "data": 0.002}}, {"type": "dict", "image_number": {"type": "int", "data": 9}, "Hcamera2end": {"type": "ndarray", "data": [[0.9999910507658702, 0.004226010846210326, 0.00019804165841323966, -0.015137809884532536], [-0.0001927112167746086, -0.0012617111361665767, 0.9999991854733661, 0.02941553173191558], [0.004226257275377782, -0.9999902744113747, -0.0012608854451259255, 0.033806591547749905], [0.0, 0.0, 0.0, 1.0]]}, "Hobj2base": {"type": "ndarray", "data": [[0.9999876934131906, 0.003902966364446768, 0.003062658277501853, -0.735539912570518], [0.0039052426787831458, -0.9999921024670078, -0.000737619978880991, 0.08961634638453779], [0.0030597551840897456, 0.0007495713251125172, -0.9999950380082103, 0.0010016254155010224], [0.0, 0.0, 0.0, 1.0]]}, "mean_rme": {"type": "float", "data": 0.0009099673389213535}, "max_rme": {"type": "float", "data": 0.0026319679681665598}, "simu": {"type": "float", "data": 0.002}}, {"type": "dict", "image_number": {"type": "int", "data": 10}, "Hcamera2end": {"type": "ndarray", "data": [[0.9999899839540061, 0.004475179063568684, -6.902184923432766e-05, -0.015048346408475268], [7.428616245551021e-05, -0.0011761802210970007, 0.9999993055405857, 0.029332706544101594], [0.0044750947736045595, -0.9999892946289158, -0.0011765008843005464, 0.03367520304582214], [0.0, 0.0, 0.0, 1.0]]}, "Hobj2base": {"type": "ndarray", "data": [[0.9999867436453852, 0.004133405136249132, 0.003070422687223805, -0.7356255925779073], [0.004136402884438028, -0.9999909739904012, -0.0009706229478655208, 0.0893211591985132], [0.003066382995681088, 0.0009833105862034031, -0.9999948151843665, 0.0009437438793314157], [0.0, 0.0, 0.0, 1.0]]}, "mean_rme": {"type": "float", "data": 0.0009777810416808639}, "max_rme": {"type": "float", "data": 0.002765115886246672}, "simu": {"type": "float", "data": 0.002}}, {"type": "dict", "image_number": {"type": "int", "data": 11}, "Hcamera2end": {"type": "ndarray", "data": [[0.9999891970783894, 0.004619074456568282, -0.0005194975291168704, -0.015043884008445198], [0.0005262081739678222, -0.0014517149845172383, 0.99999880781357, 0.028917301366076738], [0.004618314787422957, -0.9999882782686846, -0.001454129896489409, 0.033527520964925686], [0.0, 0.0, 0.0, 1.0]]}, "Hobj2base": {"type": "ndarray", "data": [[0.9999861006208867, 0.0042659376412058775, 0.003098441717249378, -0.7353126124217506], [0.00426871044374081, -0.9999904939911965, -0.0008888410376062849, 0.08875905767992315], [0.0030946205229957636, 0.0009020550337854763, -0.9999948047967724, 0.0009923465972868487], [0.0, 0.0, 0.0, 1.0]]}, "mean_rme": {"type": "float", "data": 0.0011135249045312692}, "max_rme": {"type": "float", "data": 0.0037144581881088934}, "simu": {"type": "float", "data": 0.002}}, {"type": "dict", "image_number": {"type": "int", "data": 12}, "Hcamera2end": {"type": "ndarray", "data": [[0.9999896463609601, 0.0043820979628018805, -0.0012265350896920695, -0.014889627193740266], [0.0012317072152502938, -0.0011777815208979803, 0.9999985478629583, 0.029085281693187106], [0.004380647009031735, -0.9999897049710731, -0.0011831667882518104, 0.03351924448079051], [0.0, 0.0, 0.0, 1.0]]}, "Hobj2base": {"type": "ndarray", "data": [[0.9999877155787431, 0.0040107478964750455, 0.0029124891274732874, -0.7355460646130881], [0.004014688712034593, -0.9999910318826475, -0.0013484913138228649, 0.08872235568235781], [0.0029070545492286743, 0.001360167485611495, -0.9999948494758657, 0.001020393116610105], [0.0, 0.0, 0.0, 1.0]]}, "mean_rme": {"type": "float", "data": 0.0011931687406955586}, "max_rme": {"type": "float", "data": 0.00402684898562522}, "simu": {"type": "float", "data": 0.002}}, {"type": "dict", "image_number": {"type": "int", "data": 13}, "Hcamera2end": {"type": "ndarray", "data": [[0.999989794261014, 0.004319104729087519, -0.0013254086743487064, -0.014962317188117562], [0.0013306861081045678, -0.0012192368687156119, 0.9999983713666436, 0.029039127996292647], [0.004317481707727606, -0.9999899293471894, -0.0012249717981647201, 0.033483012792464156], [0.0, 0.0, 0.0, 1.0]]}, "Hobj2base": {"type": "ndarray", "data": [[0.9999882081648076, 0.003998180107464423, 0.002756462799601395, -0.7355920573065562], [0.004002352402207827, -0.9999908508129629, -0.0015097899241402972, 0.0885716720717361], [0.002750401168166533, 0.0015208044564539176, -0.9999950612114137, 0.0009875134547667752], [0.0, 0.0, 0.0, 1.0]]}, "mean_rme": {"type": "float", "data": 0.00117707550715024}, "max_rme": {"type": "float", "data": 0.003939426159385584}, "simu": {"type": "float", "data": 0.002}}, {"type": "dict", "image_number": {"type": "int", "data": 14}, "Hcamera2end": {"type": "ndarray", "data": [[0.9999877740536598, 0.004448797353702655, -0.0021586906476536716, -0.015116053204954762], [0.0021635834615221002, -0.001095286881274582, 0.9999970596223035, 0.028892537401941747], [0.004446419887011034, -0.999989504219296, -0.0011048988347339694, 0.03336667046926934], [0.0, 0.0, 0.0, 1.0]]}, "Hobj2base": {"type": "ndarray", "data": [[0.999988156973616, 0.004129916377057051, 0.002574821009177073, -0.7356755755121546], [0.004135887285842393, -0.9999887606742752, -0.002317964944824552, 0.08781008492127339], [0.0025652190685379935, 0.002328586662579728, -0.9999939986496345, 0.0007584344250287367], [0.0, 0.0, 0.0, 1.0]]}, "mean_rme": {"type": "float", "data": 0.0012663374534690357}, "max_rme": {"type": "float", "data": 0.0037779919587009325}, "simu": {"type": "float", "data": 0.002}}, {"type": "dict", "image_number": {"type": "int", "data": 15}, "Hcamera2end": {"type": "ndarray", "data": [[0.9999885901218845, 0.003937888105397023, -0.002704193653391752, -0.015198850988537066], [0.0027097378451380128, -0.0014032558347647495, 0.9999953440860978, 0.028773546471699007], [0.003934075095406592, -0.9999912619169888, -0.0014139104682158177, 0.03340473653172389], [0.0, 0.0, 0.0, 1.0]]}, "Hobj2base": {"type": "ndarray", "data": [[0.9999897392743566, 0.0036332208140758496, 0.0027057443560830775, -0.7353786030173721], [0.003640998388164296, -0.9999892383771132, -0.0028751105542157555, 0.08743801018172612], [0.0026952693263743426, 0.002884932664334447, -0.9999922063130195, 0.0006268306281236387], [0.0, 0.0, 0.0, 1.0]]}, "mean_rme": {"type": "float", "data": 0.0012778105130437872}, "max_rme": {"type": "float", "data": 0.0038416009626643377}, "simu": {"type": "float", "data": 0.002}}, {"type": "dict", "image_number": {"type": "int", "data": 16}, "Hcamera2end": {"type": "ndarray", "data": [[0.9999871386762058, 0.004139366598811145, -0.002930550517461865, -0.015300447370538137], [0.0029362388431753354, -0.0013687939697553109, 0.9999947524384935, 0.028751658372229337], [0.004135333557353956, -0.999990495978451, -0.0013809305342462608, 0.03338635280284283], [0.0, 0.0, 0.0, 1.0]]}, "Hobj2base": {"type": "ndarray", "data": [[0.9999892704294967, 0.0038273108843672526, 0.0026097350971684753, -0.7355013354130616], [0.0038354661963741305, -0.9999877550012903, -0.0031271467083402392, 0.08719798540340495], [0.0025977345783317345, 0.0031371227061458384, -0.9999917050836906, 0.0005673007665093523], [0.0, 0.0, 0.0, 1.0]]}, "mean_rme": {"type": "float", "data": 0.0012387391335443873}, "max_rme": {"type": "float", "data": 0.0038730036492804487}, "simu": {"type": "float", "data": 0.002}}, {"type": "dict", "image_number": {"type": "int", "data": 17}, "Hcamera2end": {"type": "ndarray", "data": [[0.9999846697490165, 0.004528843322811905, -0.0031858821553835594, -0.015348114992579499], [0.0031916030550474548, -0.0012565488756808296, 0.9999941173601282, 0.028715702243969524], [0.004524813464617202, -0.9999889552705471, -0.0012709838826561182, 0.033370238149247854], [0.0, 0.0, 0.0, 1.0]]}, "Hobj2base": {"type": "ndarray", "data": [[0.999987895635411, 0.004238487529311968, 0.002498760918157424, -0.7357021554957311], [0.004246918481845604, -0.9999852747436733, -0.003378458114145674, 0.08687487382310528], [0.002484404570677295, 0.0033890292539819483, -0.9999911710683476, 0.0005448571447179565], [0.0, 0.0, 0.0, 1.0]]}, "mean_rme": {"type": "float", "data": 0.0012300508664489168}, "max_rme": {"type": "float", "data": 0.003869671261058194}, "simu": {"type": "float", "data": 0.002}}, {"type": "dict", "image_number": {"type": "int", "data": 18}, "Hcamera2end": {"type": "ndarray", "data": [[0.9999910508438359, 0.003962353777206114, -0.0014825602129512857, -0.01531052203285806], [0.0014887213463325116, -0.0015524206863697376, 0.9999976868467074, 0.028820725674792894], [0.003960043054531052, -0.9999909448302803, -0.0015583056341645918, 0.03350110913039547], [0.0, 0.0, 0.0, 1.0]]}, "Hobj2base": {"type": "ndarray", "data": [[0.9999899458751402, 0.0036420448206551303, 0.0026160386385447277, -0.7355599635616399], [0.0036466408218382733, -0.999991812294345, -0.0017542391478316671, 0.08812390592524438], [0.002609628201587823, 0.0017637612637830646, -0.9999950394811234, 0.0009231812090536214], [0.0, 0.0, 0.0, 1.0]]}, "mean_rme": {"type": "float", "data": 0.0013924621931911978}, "max_rme": {"type": "float", "data": 0.00567993292899565}, "simu": {"type": "float", "data": 0.002}}, {"type": "dict", "image_number": {"type": "int", "data": 19}, "Hcamera2end": {"type": "ndarray", "data": [[0.9999844234036123, 0.005277119971591303, -0.0018179535061396445, -0.015482019419054546], [0.0018248785031486998, -0.0013077499194049658, 0.9999974798011226, 0.028838896073106496], [0.00527472924364834, -0.9999852207882642, -0.0013173596519069353, 0.033420908798817886], [0.0, 0.0, 0.0, 1.0]]}, "Hobj2base": {"type": "ndarray", "data": [[0.9999846985151009, 0.004984375124353768, 0.0023997375445090597, -0.7360191978593404], [0.004989239080781523, -0.9999855029884614, -0.002025168217296325, 0.08767101972906523], [0.002389608557401264, 0.0020371100935561133, -0.9999950699645519, 0.0008410515789558969], [0.0, 0.0, 0.0, 1.0]]}, "mean_rme": {"type": "float", "data": 0.0014354355467367961}, "max_rme": {"type": "float", "data": 0.005573519727306714}, "simu": {"type": "float", "data": 0.002}}, {"type": "dict", "image_number": {"type": "int", "data": 20}, "Hcamera2end": {"type": "ndarray", "data": [[0.9999870522942323, 0.004731616568968658, -0.0018727115465525404, -0.015468263741019889], [0.0018780507890609052, -0.0011242272131974929, 0.999997604516334, 0.028026687439887576], [0.00472949988117535, -0.9999881738889801, -0.0011330988732651814, 0.03334283045146943], [0.0, 0.0, 0.0, 1.0]]}, "Hobj2base": {"type": "ndarray", "data": [[0.9999878147527332, 0.004447949292488682, 0.0021415165525213013, -0.7360772691589744], [0.004452258785073221, -0.9999880649321973, -0.002011811340736369, 0.08775816197990548], [0.0021325425585463965, 0.00202132141220207, -0.9999956832516752, 0.0017060618861698435], [0.0, 0.0, 0.0, 1.0]]}, "mean_rme": {"type": "float", "data": 0.001426768088894665}, "max_rme": {"type": "float", "data": 0.005569935717999033}, "simu": {"type": "float", "data": 0.002}}, {"type": "dict", "image_number": {"type": "int", "data": 21}, "Hcamera2end": {"type": "ndarray", "data": [[0.9999907410547901, 0.003912353992011549, -0.0017920075147230448, -0.01539994848858219], [0.0017970021196687463, -0.001273482181685992, 0.999997574510316, 0.028421111780761666], [0.0039100624129978535, -0.999991535828866, -0.0012805008990006694, 0.03391902493376355], [0.0, 0.0, 0.0, 1.0]]}, "Hobj2base": {"type": "ndarray", "data": [[0.9999910860805663, 0.003658628635663852, 0.0021076517538964465, -0.7364890996514855], [0.003662339915426448, -0.9999917453270979, -0.001759699976740261, 0.08798206743928898], [0.0021011962671955483, 0.0017674032280625542, -0.999996230622934, 0.0013233318195145585], [0.0, 0.0, 0.0, 1.0]]}, "mean_rme": {"type": "float", "data": 0.0013938460603431335}, "max_rme": {"type": "float", "data": 0.005612197675240842}, "simu": {"type": "float", "data": 0.002}}, {"type": "dict", "image_number": {"type": "int", "data": 22}, "Hcamera2end": {"type": "ndarray", "data": [[0.999991775557013, 0.0035921359110538276, -0.00188291739837686, -0.015279256583497056], [0.0018885290453135627, -0.0015594516075445597, 0.9999970007798668, 0.029673275901800508], [0.00358918881888371, -0.9999923323057435, -0.0015662226349264508, 0.03356118798464328], [0.0, 0.0, 0.0, 1.0]]}, "Hobj2base": {"type": "ndarray", "data": [[0.999991771286291, 0.0033558696973631425, 0.002279363569186329, -0.7358462530868742], [0.0033598019730322055, -0.999992870559989, -0.0017235312283255617, 0.08807864698486657], [0.0022735633723789026, 0.0017311752560975255, -0.9999959169625765, 8.571493871788813e-05], [0.0, 0.0, 0.0, 1.0]]}, "mean_rme": {"type": "float", "data": 0.0014346275304209252}, "max_rme": {"type": "float", "data": 0.005681268264081676}, "simu": {"type": "float", "data": 0.002}}, {"type": "dict", "image_number": {"type": "int", "data": 23}, "Hcamera2end": {"type": "ndarray", "data": [[0.9999916273132607, 0.0035342799046169386, -0.0020625636796041263, -0.015219116183602714], [0.0020685884580815355, -0.0017018625756404226, 0.9999964122963465, 0.02980733667075867], [0.003530757024731819, -0.9999923062350677, -0.0017091592970965852, 0.03297425995334734], [0.0, 0.0, 0.0, 1.0]]}, "Hobj2base": {"type": "ndarray", "data": [[0.9999918667896804, 0.003305572417790628, 0.0023107456547246767, -0.7352229291772209], [0.0033099399553430603, -0.999992738270266, -0.001888836739440173, 0.08803065677996728], [0.0023044851880866437, 0.0018964698065029202, -0.9999955463652286, -3.131145501072963e-05], [0.0, 0.0, 0.0, 1.0]]}, "mean_rme": {"type": "float", "data": 0.0014123531540554237}, "max_rme": {"type": "float", "data": 0.005730102638297235}, "simu": {"type": "float", "data": 0.002}}, {"type": "dict", "image_number": {"type": "int", "data": 24}, "Hcamera2end": {"type": "ndarray", "data": [[0.9999923053720461, 0.0030885190818147686, -0.00241872829848362, -0.015188296874586605], [0.002423260853756769, -0.0014646518399188402, 0.9999959912928764, 0.02891460656330155], [0.003084964105993686, -0.9999941579053695, -0.0014721248573548174, 0.03287795781789208], [0.0, 0.0, 0.0, 1.0]]}, "Hobj2base": {"type": "ndarray", "data": [[0.9999936773382512, 0.0028339152721398027, 0.0021480707045826476, -0.7352367408050138], [0.0028387868453082824, -0.9999933981732385, -0.002268237021607065, 0.08788726931729109], [0.002141628531855619, 0.002274320595170573, -0.9999951204346262, 0.0008279666685796517], [0.0, 0.0, 0.0, 1.0]]}, "mean_rme": {"type": "float", "data": 0.001399515065581312}, "max_rme": {"type": "float", "data": 0.0058323183657754685}, "simu": {"type": "float", "data": 0.002}}, {"type": "dict", "image_number": {"type": "int", "data": 25}, "Hcamera2end": {"type": "ndarray", "data": [[0.9999928334773545, 0.002910847635341746, -0.0024207354204504425, -0.015172385040978509], [0.0024249714907614117, -0.0014526226757147764, 0.9999960046923345, 0.028947482385149968], [0.002907319590446223, -0.9999947084127027, -0.0014596709879912684, 0.03306379935815881], [0.0, 0.0, 0.0, 1.0]]}, "Hobj2base": {"type": "ndarray", "data": [[0.9999942444514307, 0.0026716990041534454, 0.0020911930670185546, -0.7354163516758787], [0.0026763833162815687, -0.9999939086930467, -0.0022404350351815016, 0.08790118227398501], [0.00208519456086732, 0.002246018974484532, -0.999995303670177, 0.0007975456075125132], [0.0, 0.0, 0.0, 1.0]]}, "mean_rme": {"type": "float", "data": 0.0013644683207620395}, "max_rme": {"type": "float", "data": 0.005868675410526228}, "simu": {"type": "float", "data": 0.002}}, {"type": "dict", "image_number": {"type": "int", "data": 26}, "Hcamera2end": {"type": "ndarray", "data": [[0.9999937315337943, 0.0026703365434967564, -0.002325122762814618, -0.01517092682999497], [0.002328801832739326, -0.0013754731980744062, 0.9999963423710637, 0.02834573935471044], [0.0026671286323540606, -0.9999954886779371, -0.0013816832606035057, 0.03279174630679397], [0.0, 0.0, 0.0, 1.0]]}, "Hobj2base": {"type": "ndarray", "data": [[0.9999952217912216, 0.002435053405172751, 0.0019044447063191142, -0.7352683754865477], [0.002438964497233512, -0.9999949161600683, -0.0020540462991374742, 0.088051400984357], [0.0018994333119919716, 0.002058681357501073, -0.9999960769843856, 0.001478136374753164], [0.0, 0.0, 0.0, 1.0]]}, "mean_rme": {"type": "float", "data": 0.0014105498135244606}, "max_rme": {"type": "float", "data": 0.005794411780315194}, "simu": {"type": "float", "data": 0.002}}, {"type": "dict", "image_number": {"type": "int", "data": 27}, "Hcamera2end": {"type": "ndarray", "data": [[0.999994671530648, 0.0020063931690670255, -0.0025751304359975438, -0.015224829277200192], [0.0025780760332229204, -0.0014669051233024977, 0.9999956008469867, 0.02898799170001202], [0.002002606870606733, -0.999996911283135, -0.0014720699410857296, 0.033389452387899185], [0.0, 0.0, 0.0, 1.0]]}, "Hobj2base": {"type": "ndarray", "data": [[0.9999966411827059, 0.0018030043583430585, 0.0018619340993235908, -0.7357052215908125], [0.0018071956205989368, -0.9999958317062898, -0.002251802396885771, 0.08805014571798349], [0.0018578663286996833, 0.002255159712643079, -0.9999957312845766, 0.000771312588539924], [0.0, 0.0, 0.0, 1.0]]}, "mean_rme": {"type": "float", "data": 0.001436797325102582}, "max_rme": {"type": "float", "data": 0.00578075072776487}, "simu": {"type": "float", "data": 0.002}}, {"type": "dict", "image_number": {"type": "int", "data": 28}, "Hcamera2end": {"type": "ndarray", "data": [[0.9999945282142478, 0.0019160314346823156, -0.00269673230137074, -0.015285146315302702], [0.002699360908722943, -0.0013706430226154698, 0.9999954173836946, 0.02885128296788002], [0.0019123263969326857, -0.9999972250767731, -0.001375807583105182, 0.03380524389391101], [0.0, 0.0, 0.0, 1.0]]}, "Hobj2base": {"type": "ndarray", "data": [[0.9999969089452684, 0.0017538434007134055, 0.0017624225470415425, -0.7361727756701645], [0.0017579479409804606, -0.9999957401747623, -0.0023300753993583958, 0.08799446004205365], [0.0017583284520671673, 0.002333166444055517, -0.9999957322985931, 0.000879673126424184], [0.0, 0.0, 0.0, 1.0]]}, "mean_rme": {"type": "float", "data": 0.0014347226093853558}, "max_rme": {"type": "float", "data": 0.005743922097871633}, "simu": {"type": "float", "data": 0.002}}, {"type": "dict", "image_number": {"type": "int", "data": 29}, "Hcamera2end": {"type": "ndarray", "data": [[0.9999942397718928, 0.0019641416263841424, -0.002768134878505375, -0.015281427539230882], [0.0027706847159051006, -0.001296663011844057, 0.9999953209746733, 0.028762551544145892], [0.001960543098006974, -0.9999972304025178, -0.0013020975599535856, 0.034050792748696594], [0.0, 0.0, 0.0, 1.0]]}, "Hobj2base": {"type": "ndarray", "data": [[0.9999967700661251, 0.001846314208612457, 0.0017467058024748607, -0.7364430922375542], [0.0018505041314778516, -0.9999954073513087, -0.0024001897320135744, 0.08786282920586978], [0.0017422662760631603, 0.002403414265863409, -0.9999955940443388, 0.0009410298376552128], [0.0, 0.0, 0.0, 1.0]]}, "mean_rme": {"type": "float", "data": 0.0014262957241051094}, "max_rme": {"type": "float", "data": 0.005841149807082363}, "simu": {"type": "float", "data": 0.002}}, {"type": "dict", "image_number": {"type": "int", "data": 30}, "Hcamera2end": {"type": "ndarray", "data": [[0.9999964311113905, 0.0013497528375224985, -0.002305630447343831, -0.015257871320074274], [0.00230748181064949, -0.0013716847263225418, 0.9999963969978618, 0.02908935702370905], [0.0013465853762909727, -0.9999981483224303, -0.0013747943610540325, 0.03373566039509621], [0.0, 0.0, 0.0, 1.0]]}, "Hobj2base": {"type": "ndarray", "data": [[0.999997593011997, 0.0012402415360733277, 0.0018099091537141603, -0.735960404128671], [0.0012436919235401319, -0.9999974092246009, -0.0019065084539983792, 0.08825247154503206], [0.0018075399336725266, 0.0019087548344522182, -0.9999965447212156, 0.0006947214270610883], [0.0, 0.0, 0.0, 1.0]]}, "mean_rme": {"type": "float", "data": 0.00145837422033806}, "max_rme": {"type": "float", "data": 0.005782464298341443}, "simu": {"type": "float", "data": 0.002}}]}