{"type": "list", "data": [{"type": "dict", "image_number": {"type": "int", "data": 5}, "Hcamera2end": {"type": "ndarray", "data": [[0.9999873136870233, -0.004785047065966259, 0.0015734641995602257, -0.016614233796348767], [-0.0015766642355123414, -0.0006650587845651312, 0.9999985359122789, 0.020967567181432705], [-0.004783993614049489, -0.9999883304426054, -0.0006725947599954818, 0.03009338956058774], [0.0, 0.0, 0.0, 1.0]]}, "Hobj2base": {"type": "ndarray", "data": [[0.9999876467968338, -0.004463131226192748, 0.0021878558883987836, -0.7303264822456008], [-0.004465083752018516, -0.9999896368615526, 0.0008883673719724852, 0.09220468470644652], [0.002183868315187128, -0.0008981253575689004, -0.9999972120411256, 0.003900231117795627], [0.0, 0.0, 0.0, 1.0]]}, "mean_rme": {"type": "float", "data": 0.0018634976818743662}, "max_rme": {"type": "float", "data": 0.0036791430022229954}, "simu": {"type": "float", "data": 0.002}}, {"type": "dict", "image_number": {"type": "int", "data": 6}, "Hcamera2end": {"type": "ndarray", "data": [[0.9999902083918035, -0.004252708102749632, 0.0012237623585540272, -0.016551744316037537], [-0.001227144182626477, -0.0007926982492381107, 0.9999989328727507, 0.021165801164998235], [-0.004251733490289823, -0.9999906430078623, -0.0007979091734562349, 0.029923155225086272], [0.0, 0.0, 0.0, 1.0]]}, "Hobj2base": {"type": "ndarray", "data": [[0.999990588465483, -0.004100718357415325, 0.0014167178301147999, -0.7307453505780549], [-0.004102359507115729, -0.9999909154257487, 0.0011574594798240167, 0.09218869480739093], [0.0014119585444996004, -0.001163260472213442, -0.9999983265976711, 0.0039045861630945256], [0.0, 0.0, 0.0, 1.0]]}, "mean_rme": {"type": "float", "data": 0.0017271743119901429}, "max_rme": {"type": "float", "data": 0.004218066246995167}, "simu": {"type": "float", "data": 0.002}}, {"type": "dict", "image_number": {"type": "int", "data": 7}, "Hcamera2end": {"type": "ndarray", "data": [[0.9999894104418767, -0.004257480991235595, 0.0017472434624615362, -0.016732147813801133], [-0.0017531533174579709, -0.0013847742994108625, 0.9999975044236787, 0.021368975629123252], [-0.004255050828525214, -0.9999899780776552, -0.0013922236521868303, 0.029902762585291835], [0.0, 0.0, 0.0, 1.0]]}, "Hobj2base": {"type": "ndarray", "data": [[0.9999910532408197, -0.004062696080327845, 0.0011781081762154897, -0.7309378216055011], [-0.004063541766713673, -0.9999914872126787, 0.0007163312681663733, 0.0918920384035912], [0.001175187910995748, -0.0007211121511027822, -0.9999990494648681, 0.0040715471977904195], [0.0, 0.0, 0.0, 1.0]]}, "mean_rme": {"type": "float", "data": 0.0018250972442886454}, "max_rme": {"type": "float", "data": 0.0046327642335897146}, "simu": {"type": "float", "data": 0.002}}, {"type": "dict", "image_number": {"type": "int", "data": 8}, "Hcamera2end": {"type": "ndarray", "data": [[0.999990285717915, -0.004144727908852482, 0.0014999001180486823, -0.01669935136078905], [-0.00150430741806257, -0.0010604380502581279, 0.9999983062637324, 0.021557795678684606], [-0.004143130337619739, -0.9999908483089749, -0.0010666626938029555, 0.029903490890245903], [0.0, 0.0, 0.0, 1.0]]}, "Hobj2base": {"type": "ndarray", "data": [[0.999991425064303, -0.003989055631693599, 0.0011123097732348324, -0.7311010155037776], [-0.003989825059115634, -0.9999918023023866, 0.0006903796217745342, 0.09161221098716349], [0.001109546692137413, -0.0006948116232204225, -0.9999991430711059, 0.003974593446548068], [0.0, 0.0, 0.0, 1.0]]}, "mean_rme": {"type": "float", "data": 0.001639781692751713}, "max_rme": {"type": "float", "data": 0.0045313294182151576}, "simu": {"type": "float", "data": 0.002}}, {"type": "dict", "image_number": {"type": "int", "data": 9}, "Hcamera2end": {"type": "ndarray", "data": [[0.9999930008013688, -0.003607092651836627, 0.000993594924915484, -0.01645101345660239], [-0.000997840884284611, -0.0011755052692155044, 0.9999988112497594, 0.021726831330037662], [-0.003605920387834665, -0.9999928035090869, -0.0011790963461419945, 0.029874808700026796], [0.0, 0.0, 0.0, 1.0]]}, "Hobj2base": {"type": "ndarray", "data": [[0.999993242483787, -0.003512212654635705, 0.001085978374851975, -0.7311182295113053], [-0.0035128602424587653, -0.9999936528820843, 0.0005949861027116318, 0.09117738558237969], [0.0010838817642999, -0.0005987969723405837, -0.9999992333209595, 0.003732634575001867], [0.0, 0.0, 0.0, 1.0]]}, "mean_rme": {"type": "float", "data": 0.0015714718172129807}, "max_rme": {"type": "float", "data": 0.004555727119283537}, "simu": {"type": "float", "data": 0.002}}, {"type": "dict", "image_number": {"type": "int", "data": 10}, "Hcamera2end": {"type": "ndarray", "data": [[0.9999954646718049, -0.0029380325749456286, 0.0006622691367831424, -0.016570099501614637], [-0.0006643116715587796, -0.0006942835390315594, 0.9999995383300787, 0.022034642326182192], [-0.0029375714159842834, -0.9999954429570946, -0.0006962321595587184, 0.030300319825343786], [0.0, 0.0, 0.0, 1.0]]}, "Hobj2base": {"type": "ndarray", "data": [[0.9999959063667465, -0.0028533510216163308, 0.00021362981221194902, -0.7316491036212843], [-0.002853418782076447, -0.9999958785711314, 0.0003175563030037599, 0.09027512082388729], [0.00021272283215027722, -0.00031816457836329515, -0.9999999267601463, 0.003990805676278908], [0.0, 0.0, 0.0, 1.0]]}, "mean_rme": {"type": "float", "data": 0.0017165073312883216}, "max_rme": {"type": "float", "data": 0.004705490555592828}, "simu": {"type": "float", "data": 0.002}}, {"type": "dict", "image_number": {"type": "int", "data": 11}, "Hcamera2end": {"type": "ndarray", "data": [[0.999995115715492, -0.003012202269738159, 0.0008337761365014252, -0.016583681319608266], [-0.0008358979519532863, -0.0007032164329947577, 0.999999403380453, 0.022059680194338356], [-0.0030116141475187794, -0.9999952160506241, -0.0007057308919937721, 0.030262447418851313], [0.0, 0.0, 0.0, 1.0]]}, "Hobj2base": {"type": "ndarray", "data": [[0.9999957320297649, -0.002920410740371082, 8.440001279059689e-05, -0.7317447290268526], [-0.0029204294360825767, -0.9999957108402493, 0.00022224539038342576, 0.09026567355295877], [8.375060296038535e-05, -0.00022249092612847414, -0.9999999717418118, 0.003977016581315763], [0.0, 0.0, 0.0, 1.0]]}, "mean_rme": {"type": "float", "data": 0.0016341204244146395}, "max_rme": {"type": "float", "data": 0.004638175323975813}, "simu": {"type": "float", "data": 0.002}}, {"type": "dict", "image_number": {"type": "int", "data": 12}, "Hcamera2end": {"type": "ndarray", "data": [[0.9999953929576506, -0.0030353714409576673, -2.4159664694471715e-05, -0.016651769149254654], [2.2013379343309132e-05, -0.0007071229216710773, 0.999999749746261, 0.022286119914704645], [-0.003035387765197301, -0.9999951432369004, -0.0007070528451429414, 0.03034272540630615], [0.0, 0.0, 0.0, 1.0]]}, "Hobj2base": {"type": "ndarray", "data": [[0.9999955669972173, -0.0029770465436725294, 5.638963280254022e-05, -0.7318903225095017], [-0.0029770231472535736, -0.9999954843836059, -0.0004105430293095532, 0.08960253971773702], [5.7611583875024705e-05, 0.0004103733361290435, -0.9999999141373119, 0.004007272021871298], [0.0, 0.0, 0.0, 1.0]]}, "mean_rme": {"type": "float", "data": 0.0016543865868267579}, "max_rme": {"type": "float", "data": 0.004816954965400567}, "simu": {"type": "float", "data": 0.002}}, {"type": "dict", "image_number": {"type": "int", "data": 13}, "Hcamera2end": {"type": "ndarray", "data": [[0.9999952906394107, -0.003066414344081632, -0.0001257062881306599, -0.016784792271981243], [0.00012379144166740842, -0.0006246396409526067, 0.9999997972504786, 0.02229747756747046], [-0.003066492243498274, -0.9999951034522068, -0.0006242571034467126, 0.03040326319781136], [0.0, 0.0, 0.0, 1.0]]}, "Hobj2base": {"type": "ndarray", "data": [[0.9999954259965119, -0.0030189352564131016, 0.00018443419474629464, -0.7318768739087461], [-0.0030188130356184856, -0.9999952259667408, -0.0006594024433369313, 0.0894614197606336], [0.00018642400753566965, 0.0006588426548765416, -0.999999765586195, 0.004025371370920922], [0.0, 0.0, 0.0, 1.0]]}, "mean_rme": {"type": "float", "data": 0.0015922066793670362}, "max_rme": {"type": "float", "data": 0.004789215000842477}, "simu": {"type": "float", "data": 0.002}}, {"type": "dict", "image_number": {"type": "int", "data": 14}, "Hcamera2end": {"type": "ndarray", "data": [[0.999993801836146, -0.0035207115904742747, -2.9651096608239967e-05, -0.016809054781352376], [2.7886862489719588e-05, -0.000501149607271989, 0.9999998740356894, 0.022342108693118423], [-0.0035207260066256853, -0.999993676699492, -0.0005010483194647364, 0.030356980314067538], [0.0, 0.0, 0.0, 1.0]]}, "Hobj2base": {"type": "ndarray", "data": [[0.9999939070626124, -0.003490694536521914, 2.9821200114779983e-05, -0.7320547852452961], [-0.003490680363928828, -0.9999938004766351, -0.0004627730470582521, 0.08962378650024251], [3.1436414584568934e-05, 0.00046266613113338223, -0.9999998924758959, 0.003994919173056027], [0.0, 0.0, 0.0, 1.0]]}, "mean_rme": {"type": "float", "data": 0.0015628212027022908}, "max_rme": {"type": "float", "data": 0.004821390468245618}, "simu": {"type": "float", "data": 0.002}}, {"type": "dict", "image_number": {"type": "int", "data": 15}, "Hcamera2end": {"type": "ndarray", "data": [[0.9999932616225193, -0.003650855721647441, -0.0003846583619417786, -0.016815134873984096], [0.000382953034547619, -0.0004677910368733329, 0.9999998172592431, 0.022426729001861517], [-0.003651034994221277, -0.9999932261890808, -0.0004663897784433768, 0.03039230764326284], [0.0, 0.0, 0.0, 1.0]]}, "Hobj2base": {"type": "ndarray", "data": [[0.9999934607586816, -0.0036161441538505937, 4.406056965474294e-05, -0.7321122311572136], [-0.003616108831111439, -0.9999931599934742, -0.0007769962597489849, 0.08933889900887139], [4.686999876241404e-05, 0.0007768318509679065, -0.9999996971676937, 0.0039467612583060935], [0.0, 0.0, 0.0, 1.0]]}, "mean_rme": {"type": "float", "data": 0.001524550017482961}, "max_rme": {"type": "float", "data": 0.004970872066644091}, "simu": {"type": "float", "data": 0.002}}, {"type": "dict", "image_number": {"type": "int", "data": 16}, "Hcamera2end": {"type": "ndarray", "data": [[0.9999919575150145, -0.003937257448404953, -0.0007634848226419533, -0.01688621195623339], [0.0007619295512811537, -0.00039649871986502383, 0.9999996311259943, 0.022490120112985876], [-0.0039375587168078395, -0.9999921703656237, -0.00039349561822921153, 0.030429883007380306], [0.0, 0.0, 0.0, 1.0]]}, "Hobj2base": {"type": "ndarray", "data": [[0.9999923766418479, -0.0039040446094774327, 7.13713924920174e-05, -0.7321748635255397], [-0.003903945073174509, -0.9999914746854885, -0.001345276628470282, 0.08899893765194415], [7.662280399808469e-05, 0.0013449877429486448, -0.9999990925680466, 0.00389930326107309], [0.0, 0.0, 0.0, 1.0]]}, "mean_rme": {"type": "float", "data": 0.0014933560860573038}, "max_rme": {"type": "float", "data": 0.005157063762457521}, "simu": {"type": "float", "data": 0.002}}, {"type": "dict", "image_number": {"type": "int", "data": 17}, "Hcamera2end": {"type": "ndarray", "data": [[0.9999862472692743, -0.004957066949675721, -0.0017125301661825387, -0.017017499526249102], [0.0017117432790099217, -0.0001629787668309124, 0.9999985216853414, 0.0225712987949602], [-0.004957338727625632, -0.9999877003869487, -0.00015449129939315576, 0.030410797112116597], [0.0, 0.0, 0.0, 1.0]]}, "Hobj2base": {"type": "ndarray", "data": [[0.9999876311069327, -0.0049732994067089266, 6.265904773454108e-05, -0.7322747860657471], [-0.004973129274185484, -0.9999845766466056, -0.002472742228959906, 0.08851112864315977], [7.495576878213493e-05, 0.0024724000323311118, -0.999996940805177, 0.00386956733116256], [0.0, 0.0, 0.0, 1.0]]}, "mean_rme": {"type": "float", "data": 0.001498006184589605}, "max_rme": {"type": "float", "data": 0.00542860908142008}, "simu": {"type": "float", "data": 0.002}}, {"type": "dict", "image_number": {"type": "int", "data": 18}, "Hcamera2end": {"type": "ndarray", "data": [[0.9999879912940278, -0.004617718353260445, -0.0016413241438852665, -0.0169542796145199], [0.0016412497881850997, -1.9891651012793332e-05, 0.9999986529508204, 0.022695642773514556], [-0.0046177447816137945, -0.9999893380839281, -1.2312582870599442e-05, 0.030341670614987236], [0.0, 0.0, 0.0, 1.0]]}, "Hobj2base": {"type": "ndarray", "data": [[0.9999894069788674, -0.004602765091376542, 2.199014789876465e-05, -0.732395229020074], [-0.004602703865474468, -0.9999868693367426, -0.002253058194411913, 0.08843273096257939], [3.236015675961662e-05, 0.0022529331135801105, -0.9999974616193814, 0.0038191841906269433], [0.0, 0.0, 0.0, 1.0]]}, "mean_rme": {"type": "float", "data": 0.0014866887990930458}, "max_rme": {"type": "float", "data": 0.005474894771034473}, "simu": {"type": "float", "data": 0.002}}, {"type": "dict", "image_number": {"type": "int", "data": 19}, "Hcamera2end": {"type": "ndarray", "data": [[0.9999875348416283, -0.0043228977260023295, -0.0024985428981381913, -0.016753771955849307], [0.0024993806177972685, 0.00018839513816826248, 0.9999968587969659, 0.022587606059131526], [-0.004322413433568362, -0.999990638487442, 0.000199197356582137, 0.03016380152646004], [0.0, 0.0, 0.0, 1.0]]}, "Hobj2base": {"type": "ndarray", "data": [[0.9999906935297441, -0.004313377882375719, -8.732207736344261e-05, -0.732381313489249], [-0.004313631932123836, -0.9999857190682955, -0.0031550339171748133, 0.0881406715417909], [-7.371197680633242e-05, 0.0031553812302468013, -0.9999950190555134, 0.0037111794721655027], [0.0, 0.0, 0.0, 1.0]]}, "mean_rme": {"type": "float", "data": 0.0014911375976112363}, "max_rme": {"type": "float", "data": 0.005522864269888567}, "simu": {"type": "float", "data": 0.002}}, {"type": "dict", "image_number": {"type": "int", "data": 20}, "Hcamera2end": {"type": "ndarray", "data": [[0.9999871481435554, -0.004406331104853019, -0.002507547390082762, -0.016651677824040367], [0.0025095272340681747, 0.00044384654394402645, 0.9999967526313809, 0.0234105965823587], [-0.004405203829628799, -0.999990193575137, 0.0004548986476018424, 0.032164334044205836], [0.0, 0.0, 0.0, 1.0]]}, "Hobj2base": {"type": "ndarray", "data": [[0.9999903954367189, -0.004374324108576282, -0.0002726222803550981, -0.7343346157778214], [-0.004375165271199815, -0.9999854194123767, -0.0031652632596806687, 0.08836691786251391], [-0.0002587724179752394, 0.0031664256262425544, -0.9999949533800605, 0.0027761203074674196], [0.0, 0.0, 0.0, 1.0]]}, "mean_rme": {"type": "float", "data": 0.0015618801563601996}, "max_rme": {"type": "float", "data": 0.0054407895575220785}, "simu": {"type": "float", "data": 0.002}}, {"type": "dict", "image_number": {"type": "int", "data": 21}, "Hcamera2end": {"type": "ndarray", "data": [[0.9999862011340107, -0.004617656945784632, -0.002504952275199221, -0.016586486746401], [0.0025073234887938965, 0.0005077926479835071, 0.9999967277324208, 0.023399574917015175], [-0.004616369839226621, -0.999989209637263, 0.000519363600744116, 0.032074322224147425], [0.0, 0.0, 0.0, 1.0]]}, "Hobj2base": {"type": "ndarray", "data": [[0.9999894859176734, -0.004580767061782255, -0.00021125158643004005, -0.73421755490124], [-0.004581403486033778, -0.9999846456607233, -0.0031175607286360466, 0.08835288408820297], [-0.00019696752330266727, 0.003118495779100389, -0.9999951180820192, 0.00278453468682083], [0.0, 0.0, 0.0, 1.0]]}, "mean_rme": {"type": "float", "data": 0.001543705435621818}, "max_rme": {"type": "float", "data": 0.005593215653475626}, "simu": {"type": "float", "data": 0.002}}, {"type": "dict", "image_number": {"type": "int", "data": 22}, "Hcamera2end": {"type": "ndarray", "data": [[0.9999899383186673, -0.0040162266325073324, -0.0019982955397715952, -0.01676106130304674], [0.0020023665352242688, 0.0010098716238970962, 0.9999974853406194, 0.023747750930907162], [-0.00401419851110358, -0.9999914250047047, 0.001017903420697519, 0.030469627427741897], [0.0, 0.0, 0.0, 1.0]]}, "Hobj2base": {"type": "ndarray", "data": [[0.9999920019035629, -0.003963240800433529, -0.000537448846382788, -0.7327473968565986], [-0.003964711262376789, -0.9999883230757907, -0.0027631099642000606, 0.08830795558605223], [-0.0005264917004871402, 0.0027652186940743057, -0.9999960381781836, 0.002650839496698133], [0.0, 0.0, 0.0, 1.0]]}, "mean_rme": {"type": "float", "data": 0.0015890250331024635}, "max_rme": {"type": "float", "data": 0.00544907066130087}, "simu": {"type": "float", "data": 0.002}}, {"type": "dict", "image_number": {"type": "int", "data": 23}, "Hcamera2end": {"type": "ndarray", "data": [[0.999988938547669, -0.004263889305706269, -0.001985454682171445, -0.016714850414771096], [0.0019893478895735284, 0.0009090178192634468, 0.9999976080879287, 0.02458373413592426], [-0.004262074293172534, -0.9999904964221376, 0.0009174901233979238, 0.030610363517611604], [0.0, 0.0, 0.0, 1.0]]}, "Hobj2base": {"type": "ndarray", "data": [[0.9999910505594662, -0.004210825112440097, -0.00040957642457911447, -0.7327156520872088], [-0.004211917529922001, -0.9999874741697712, -0.0027039331134742326, 0.08835744318739172], [-0.00039818550483777885, 0.0027056340169081534, -0.9999962604894432, 0.0017920502033921405], [0.0, 0.0, 0.0, 1.0]]}, "mean_rme": {"type": "float", "data": 0.0015766945514859958}, "max_rme": {"type": "float", "data": 0.005544609977064213}, "simu": {"type": "float", "data": 0.002}}, {"type": "dict", "image_number": {"type": "int", "data": 24}, "Hcamera2end": {"type": "ndarray", "data": [[0.9999880429505319, -0.004598445064863515, -0.001663808567921372, -0.016626837354151394], [0.0016688729184350763, 0.0010977004219782094, 0.9999980049564927, 0.024213061260112273], [-0.004596609527398448, -0.9999888246159399, 0.0011053615171555675, 0.03183880754635331], [0.0, 0.0, 0.0, 1.0]]}, "Hobj2base": {"type": "ndarray", "data": [[0.9999895341539593, -0.004542655741432187, -0.0005439313948935581, -0.734030406140492], [-0.004543915458546524, -0.9999869442517617, -0.0023375539201362914, 0.0886474196321871], [-0.0005333055907259931, 0.0023400010339304973, -0.9999971199860069, 0.0021091896319682182], [0.0, 0.0, 0.0, 1.0]]}, "mean_rme": {"type": "float", "data": 0.0015917111986363365}, "max_rme": {"type": "float", "data": 0.0055866042886709415}, "simu": {"type": "float", "data": 0.002}}, {"type": "dict", "image_number": {"type": "int", "data": 25}, "Hcamera2end": {"type": "ndarray", "data": [[0.9999876033313855, -0.004584267027801724, -0.0019436253161253633, -0.01665999668473731], [0.001948550334579701, 0.0010701090443006045, 0.9999975290060602, 0.02419168781576206], [-0.0045821758090761645, -0.9999889196198378, 0.0010790284535642236, 0.031245291516612518], [0.0, 0.0, 0.0, 1.0]]}, "Hobj2base": {"type": "ndarray", "data": [[0.9999896424831665, -0.004526807003918926, -0.00047217024287858763, -0.7334152291164338], [-0.004528033308773493, -0.9999862918508722, -0.002629263147256233, 0.08844291793368075], [-0.000460261603468339, 0.0026313739172060917, -0.999996432008917, 0.0021464614754699183], [0.0, 0.0, 0.0, 1.0]]}, "mean_rme": {"type": "float", "data": 0.0015764720833560107}, "max_rme": {"type": "float", "data": 0.005640268013489401}, "simu": {"type": "float", "data": 0.002}}, {"type": "dict", "image_number": {"type": "int", "data": 26}, "Hcamera2end": {"type": "ndarray", "data": [[0.9999868579215859, -0.004714941517287498, -0.0020132835375245572, -0.01672016195863279], [0.002017961390175904, 0.000987586686662656, 0.9999974762489976, 0.024522394876095394], [-0.004712941325930979, -0.999988396932197, 0.0009970882776598744, 0.03102578128477305], [0.0, 0.0, 0.0, 1.0]]}, "Hobj2base": {"type": "ndarray", "data": [[0.999989131985914, -0.0046458706651010305, -0.00038960983236666416, -0.7331125767961034], [-0.004646877416507717, -0.9999857600038999, -0.0026241798144814596, 0.08846139272272636], [-0.000377412684304121, 0.0026259617639895457, -0.9999964809360482, 0.0018284361686372126], [0.0, 0.0, 0.0, 1.0]]}, "mean_rme": {"type": "float", "data": 0.001569889790703786}, "max_rme": {"type": "float", "data": 0.005581735582820635}, "simu": {"type": "float", "data": 0.002}}, {"type": "dict", "image_number": {"type": "int", "data": 27}, "Hcamera2end": {"type": "ndarray", "data": [[0.9999884668381297, -0.004352672750144157, -0.0020298843949534966, -0.01684450150287444], [0.0020336921800285786, 0.0008705678818280438, 0.9999975531008463, 0.025114055561003667], [-0.004350894947434817, -0.9999901481272169, 0.0008794098379618642, 0.03091778301449661], [0.0, 0.0, 0.0, 1.0]]}, "Hobj2base": {"type": "ndarray", "data": [[0.9999907867447035, -0.004280634731336931, -0.00032029986826341767, -0.7329149534625508], [-0.004281448227408916, -0.999987496660999, -0.002583742004329596, 0.088454859867483], [-0.0003092358076850353, 0.0025850895469581056, -0.9999966108368816, 0.0012470697120970477], [0.0, 0.0, 0.0, 1.0]]}, "mean_rme": {"type": "float", "data": 0.0015978211655691044}, "max_rme": {"type": "float", "data": 0.005337308471324985}, "simu": {"type": "float", "data": 0.002}}, {"type": "dict", "image_number": {"type": "int", "data": 28}, "Hcamera2end": {"type": "ndarray", "data": [[0.9999903893582364, -0.004162078893965418, -0.0013777846142269223, -0.016864720854254125], [0.001381284938323404, 0.0008382463613866298, 0.9999986946966266, 0.025498836741574958], [-0.004160918538250147, -0.9999909871805437, 0.0008439873221894878, 0.03155070091194011], [0.0, 0.0, 0.0, 1.0]]}, "Hobj2base": {"type": "ndarray", "data": [[0.9999914396653321, -0.004119962235968355, -0.00038276262978951837, -0.7335370719333423], [-0.0041206694648887885, -0.9999897696538078, -0.0018656556182728215, 0.0887702854722704], [-0.0003750722833026999, 0.0018672168859172284, -0.9999981864092973, 0.000877154388731433], [0.0, 0.0, 0.0, 1.0]]}, "mean_rme": {"type": "float", "data": 0.0016191886125660924}, "max_rme": {"type": "float", "data": 0.005215067914287528}, "simu": {"type": "float", "data": 0.002}}, {"type": "dict", "image_number": {"type": "int", "data": 29}, "Hcamera2end": {"type": "ndarray", "data": [[0.9999926867728303, -0.0035500427189291764, -0.0014225320910057236, -0.016913462913195683], [0.0014258095888558262, 0.0009208677046714797, 0.9999985595338058, 0.025757191030603276], [-0.0035487276413511864, -0.9999932745770662, 0.0009259226551062705, 0.03171834981469978], [0.0, 0.0, 0.0, 1.0]]}, "Hobj2base": {"type": "ndarray", "data": [[0.9999935943993163, -0.003559584008610158, -0.00037486266989081085, -0.7336929550314042], [-0.0035603079103377856, -0.9999917637779046, -0.0019484824709792823, 0.08863440020203851], [-0.00036792379539385113, 0.0019498046163075368, -0.9999980314450823, 0.0005934880158796714], [0.0, 0.0, 0.0, 1.0]]}, "mean_rme": {"type": "float", "data": 0.0016134153200091821}, "max_rme": {"type": "float", "data": 0.005202223546446838}, "simu": {"type": "float", "data": 0.002}}, {"type": "dict", "image_number": {"type": "int", "data": 30}, "Hcamera2end": {"type": "ndarray", "data": [[0.999993000747991, -0.0034391298105723046, -0.0014733774718411793, -0.016880378080690026], [0.0014768420437545075, 0.0010050757797249732, 0.9999984043788543, 0.025482014604247812], [-0.0034376434670127165, -0.9999935810838103, 0.0010101477964444827, 0.03174214782220536], [0.0, 0.0, 0.0, 1.0]]}, "Hobj2base": {"type": "ndarray", "data": [[0.9999939723065528, -0.0034493492642926823, -0.0003966613343604539, -0.7337693790947456], [-0.0034501251167059783, -0.9999921035087498, -0.001972195939598667, 0.0886115681574886], [-0.00038985540951440236, 0.001973552583038628, -0.9999979765494333, 0.0008624004400692775], [0.0, 0.0, 0.0, 1.0]]}, "mean_rme": {"type": "float", "data": 0.0015795423862537126}, "max_rme": {"type": "float", "data": 0.00519447728804695}, "simu": {"type": "float", "data": 0.002}}]}