{"type": "list", "data": [{"type": "dict", "image_number": {"type": "int", "data": 5}, "Hcamera2end": {"type": "ndarray", "data": [[0.9999961917209067, 0.0027538772717309442, 0.00018084152135391983, -0.01744010951403595], [-0.00018219649193190225, 0.0004917799374717369, 0.9999998624784562, 0.028021977498855634], [0.002753787958781427, -0.9999960871485775, 0.000492279811414531, 0.03704790949891144], [0.0, 0.0, 0.0, 1.0]]}, "Hobj2base": {"type": "ndarray", "data": [[0.9999971886648764, 0.0023268526032979926, -0.0004565296332897524, -0.7390392788439949], [0.002327359491949684, -0.9999966723794012, 0.0011129366196844443, 0.08945467608057202], [-0.00045393847466152236, -0.0011139959994220284, -0.9999992764761254, 0.007111088248246511], [0.0, 0.0, 0.0, 1.0]]}, "mean_rme": {"type": "float", "data": 0.0014393505438763097}, "max_rme": {"type": "float", "data": 0.00347389222853256}, "simu": {"type": "float", "data": 0.002}}, {"type": "dict", "image_number": {"type": "int", "data": 6}, "Hcamera2end": {"type": "ndarray", "data": [[0.9999962398035698, 0.002706319033748579, 0.0004429627624745736, -0.017697999762865877], [-0.00044415642903469625, 0.00044048136795338255, 0.9999998043505963, 0.028097461768895285], [0.002706123387415307, -0.9999962408996607, 0.00044168174065484234, 0.037046857423529395], [0.0, 0.0, 0.0, 1.0]]}, "Hobj2base": {"type": "ndarray", "data": [[0.9999970261527933, 0.0023843162598439866, -0.0005125636962592225, -0.7390459318310793], [0.0023848593368894656, -0.999996592779723, 0.0010615436342428486, 0.08966934800495685], [-0.0005100308940941445, -0.0010627628696910515, -0.999999305201543, 0.006986936690783846], [0.0, 0.0, 0.0, 1.0]]}, "mean_rme": {"type": "float", "data": 0.0013503975493732335}, "max_rme": {"type": "float", "data": 0.0038450625899860147}, "simu": {"type": "float", "data": 0.002}}, {"type": "dict", "image_number": {"type": "int", "data": 7}, "Hcamera2end": {"type": "ndarray", "data": [[0.9999959574388672, 0.0027883674185689078, 0.0005568779600798955, -0.017678442462314127], [-0.0005587164561419399, 0.0006586094431261236, 0.9999996270346919, 0.02825654050701353], [0.002787999613521417, -0.9999958956119471, 0.0006601646874198064, 0.03675957190354606], [0.0, 0.0, 0.0, 1.0]]}, "Hobj2base": {"type": "ndarray", "data": [[0.9999971385899222, 0.00231867191217136, -0.0005887041121021251, -0.739346899482909], [0.002319284743647157, -0.9999967671091758, 0.0010424439911178014, 0.08960849104357814], [-0.0005862851232837864, -0.0010438063807237804, -0.9999992833687401, 0.00691242692729392], [0.0, 0.0, 0.0, 1.0]]}, "mean_rme": {"type": "float", "data": 0.001365840574860024}, "max_rme": {"type": "float", "data": 0.003740282728891875}, "simu": {"type": "float", "data": 0.002}}, {"type": "dict", "image_number": {"type": "int", "data": 8}, "Hcamera2end": {"type": "ndarray", "data": [[0.999995838799438, 0.002816042191248355, 0.0006263307318259323, -0.017778074380249916], [-0.0006269623702649905, 0.0002234228794556481, 0.9999997785001769, 0.02824436127573489], [0.0028159016308799125, -0.9999960099863368, 0.00022518750223521344, 0.03691274799835029], [0.0, 0.0, 0.0, 1.0]]}, "Hobj2base": {"type": "ndarray", "data": [[0.9999967811514227, 0.002488010558223853, -0.0004974839252940522, -0.7391008100056364], [0.002488540456076704, -0.9999963339168363, 0.0010673890040759286, 0.08974310028699928], [-0.0004948264263647365, -0.0010686235771866933, -0.9999993065949888, 0.0069525151132991195], [0.0, 0.0, 0.0, 1.0]]}, "mean_rme": {"type": "float", "data": 0.0013294182099251259}, "max_rme": {"type": "float", "data": 0.003986189082596958}, "simu": {"type": "float", "data": 0.002}}, {"type": "dict", "image_number": {"type": "int", "data": 9}, "Hcamera2end": {"type": "ndarray", "data": [[0.999996409493757, 0.0026024973869475444, 0.0006387542135075335, -0.017959499087728908], [-0.0006385568867242303, -7.665230431141978e-05, 0.9999997931847419, 0.028191679442777652], [0.0026025458106937295, -0.9999966105601433, -7.499018646184297e-05, 0.03676621862284785], [0.0, 0.0, 0.0, 1.0]]}, "Hobj2base": {"type": "ndarray", "data": [[0.999996822528866, 0.0025108305586089732, -0.0002250823796893374, -0.738958931944321], [0.0025110576975572335, -0.9999963325821382, 0.0010145991883678377, 0.08973884957233881], [-0.00022253406757130395, -0.0010151611593503076, -0.9999994599630588, 0.006671795244666163], [0.0, 0.0, 0.0, 1.0]]}, "mean_rme": {"type": "float", "data": 0.00137650183177378}, "max_rme": {"type": "float", "data": 0.00406133841759676}, "simu": {"type": "float", "data": 0.002}}, {"type": "dict", "image_number": {"type": "int", "data": 10}, "Hcamera2end": {"type": "ndarray", "data": [[0.9999957371672121, 0.0028726140371344916, 0.0005231978570021381, -0.017811391254849464], [-0.0005223063105466836, -0.0003111021057575769, 0.9999998152057819, 0.028123151998063395], [0.0028727762742470674, -0.9999958256433241, -0.00030960039514194015, 0.036684218173349444], [0.0, 0.0, 0.0, 1.0]]}, "Hobj2base": {"type": "ndarray", "data": [[0.9999955117099584, 0.002995885725524985, -3.50522196030829e-05, -0.7388089388433247], [0.0029959124813220177, -0.9999952002484256, 0.0007899294372639149, 0.08932340061169641], [-3.268551303586572e-05, -0.000790030905213695, -0.9999996873913644, 0.006692409186147469], [0.0, 0.0, 0.0, 1.0]]}, "mean_rme": {"type": "float", "data": 0.0014100552191972913}, "max_rme": {"type": "float", "data": 0.004072122812486562}, "simu": {"type": "float", "data": 0.002}}, {"type": "dict", "image_number": {"type": "int", "data": 11}, "Hcamera2end": {"type": "ndarray", "data": [[0.9999958523621458, 0.002848658672129789, 0.00042473789003090673, -0.017813570514256187], [-0.00042181893110178055, -0.0010252009182842858, 0.9999993855157444, 0.028002480217102596], [0.0028490923633487757, -0.9999954170429216, -0.0010239950479660198, 0.03667193543250258], [0.0, 0.0, 0.0, 1.0]]}, "Hobj2base": {"type": "ndarray", "data": [[0.9999940000422626, 0.003423638682552547, 0.0005278045534639778, -0.7383675064553383], [0.0034233004745639747, -0.9999939354581702, 0.0006403598538933295, 0.08908240992030377], [0.000529993713337728, -0.000638549178182919, -0.9999996556807464, 0.0065362089966085005], [0.0, 0.0, 0.0, 1.0]]}, "mean_rme": {"type": "float", "data": 0.0014178883469004677}, "max_rme": {"type": "float", "data": 0.0038436282115182074}, "simu": {"type": "float", "data": 0.002}}, {"type": "dict", "image_number": {"type": "int", "data": 12}, "Hcamera2end": {"type": "ndarray", "data": [[0.9999952804808271, 0.0030302686380008458, 0.000506446496128558, -0.01775827171032192], [-0.000502447769474688, -0.0013202105685297116, 0.9999990022946496, 0.027800236566429458], [0.003030934230702195, -0.9999945372430977, -0.0013186817860526556, 0.03674775012280481], [0.0, 0.0, 0.0, 1.0]]}, "Hobj2base": {"type": "ndarray", "data": [[0.999992630751936, 0.003773457374311946, 0.0007067257363917465, -0.7379544259837146], [0.0037729447343453574, -0.9999926193814939, 0.0007253072253387652, 0.08890613883250686], [0.0007094574362167937, -0.0007226354432241536, -0.9999994872339502, 0.006531088488111463], [0.0, 0.0, 0.0, 1.0]]}, "mean_rme": {"type": "float", "data": 0.0015391955736419524}, "max_rme": {"type": "float", "data": 0.0041904554249430626}, "simu": {"type": "float", "data": 0.002}}, {"type": "dict", "image_number": {"type": "int", "data": 13}, "Hcamera2end": {"type": "ndarray", "data": [[0.9999947910136767, 0.0031052045439785864, 0.0008807100846335444, -0.01783225370897474], [-0.0008762278705095005, -0.0014445172183850108, 0.999998572796344, 0.02774830346732725], [0.0031064723131009673, -0.999994135520177, -0.001441788827149626, 0.03672580662253163], [0.0, 0.0, 0.0, 1.0]]}, "Hobj2base": {"type": "ndarray", "data": [[0.9999921586803187, 0.0038915176756424428, 0.0007339400906422432, -0.7378358259186037], [0.0038907321712617236, -0.9999918600460243, 0.001068664991453843, 0.08902706944097699], [0.0007380928451072673, -0.001065801047387572, -0.9999991596431865, 0.006400838241005786], [0.0, 0.0, 0.0, 1.0]]}, "mean_rme": {"type": "float", "data": 0.0014900231613140826}, "max_rme": {"type": "float", "data": 0.004135336100813403}, "simu": {"type": "float", "data": 0.002}}, {"type": "dict", "image_number": {"type": "int", "data": 14}, "Hcamera2end": {"type": "ndarray", "data": [[0.99999369295595, 0.003451348386422878, 0.0008379991866506863, -0.017808721853298216], [-0.0008317987942104716, -0.0017975568266106468, 0.9999980384481867, 0.027699948508117724], [0.003452847967582851, -0.9999924284632212, -0.0017946746619144083, 0.036763173879133464], [0.0, 0.0, 0.0, 1.0]]}, "Hobj2base": {"type": "ndarray", "data": [[0.9999903439447874, 0.004320490236170167, 0.0008033562752293328, -0.7376311095701019], [0.00431957527673543, -0.9999900239851209, 0.0011371893708866825, 0.08889960363449859], [0.0008082614765087705, -0.0011337082322184393, -0.9999990307090447, 0.006426710139279701], [0.0, 0.0, 0.0, 1.0]]}, "mean_rme": {"type": "float", "data": 0.001442117755518734}, "max_rme": {"type": "float", "data": 0.00400327436790876}, "simu": {"type": "float", "data": 0.002}}, {"type": "dict", "image_number": {"type": "int", "data": 15}, "Hcamera2end": {"type": "ndarray", "data": [[0.9999958964625427, 0.002864795389720541, 2.3346295975430406e-06, -0.01781545482023838], [1.105072817561819e-06, -0.0012006777900805954, 0.9999992791855518, 0.02781847764247946], [0.0028647961278725387, -0.9999951756484725, -0.001200676028861869, 0.036728633366017976], [0.0, 0.0, 0.0, 1.0]]}, "Hobj2base": {"type": "ndarray", "data": [[0.9999936559022342, 0.0034874971965098453, 0.0007249266089821891, -0.7379552540018981], [0.0034871520340053106, -0.9999938061711486, 0.0004768543090056032, 0.08876981552990412], [0.0007265851469766435, -0.00047432335449623, -0.9999996235456194, 0.006584485571100233], [0.0, 0.0, 0.0, 1.0]]}, "mean_rme": {"type": "float", "data": 0.0014845210764936854}, "max_rme": {"type": "float", "data": 0.004199685507722262}, "simu": {"type": "float", "data": 0.002}}, {"type": "dict", "image_number": {"type": "int", "data": 16}, "Hcamera2end": {"type": "ndarray", "data": [[0.999995234986561, 0.0030507685262785708, 0.0004720334436209882, -0.01776640903974967], [-0.00046766378504811386, -0.00143286872507975, 0.9999988640882551, 0.027733932718489868], [0.0030514414228333276, -0.9999943198331755, -0.0014314351634847622, 0.03666341000143872], [0.0, 0.0, 0.0, 1.0]]}, "Hobj2base": {"type": "ndarray", "data": [[0.9999926343165229, 0.0037829956366063453, 0.0006482720990383422, -0.7378389303246025], [0.003782198448457439, -0.9999920952346917, 0.0012265573885350393, 0.08887762649215526], [0.0006529070358484188, -0.0012240964603743875, -0.9999990376496659, 0.006528257772559009], [0.0, 0.0, 0.0, 1.0]]}, "mean_rme": {"type": "float", "data": 0.001459052519539011}, "max_rme": {"type": "float", "data": 0.0042147806794284315}, "simu": {"type": "float", "data": 0.002}}, {"type": "dict", "image_number": {"type": "int", "data": 17}, "Hcamera2end": {"type": "ndarray", "data": [[0.9999948597693379, 0.0032045299479944783, 0.00010687710063801898, -0.017829700430387948], [-0.0001020372613663432, -0.001510437216386551, 0.9999988540832498, 0.027687682879414616], [0.0032046877070203176, -0.9999937247639246, -0.001510102470930974, 0.036561851985169966], [0.0, 0.0, 0.0, 1.0]]}, "Hobj2base": {"type": "ndarray", "data": [[0.9999920656711118, 0.00393335363716306, 0.0006303364086006047, -0.7378172934876506], [0.00393286366163855, -0.9999919646379019, 0.0007766872274190599, 0.08862031297065003], [0.0006333863291502245, -0.0007742020377711612, -0.9999994997163566, 0.0065110501484190895], [0.0, 0.0, 0.0, 1.0]]}, "mean_rme": {"type": "float", "data": 0.0014529805224292429}, "max_rme": {"type": "float", "data": 0.004314009562386811}, "simu": {"type": "float", "data": 0.002}}, {"type": "dict", "image_number": {"type": "int", "data": 18}, "Hcamera2end": {"type": "ndarray", "data": [[0.9999963865531926, 0.0026648348542766464, -0.0003543102558120632, -0.017881323298461718], [0.0003576648354164302, -0.0012584608849086631, 0.9999991441756675, 0.02756869814386665], [0.0026643866880480737, -0.9999956574562718, -0.0012594094552467183, 0.03662733512319902], [0.0, 0.0, 0.0, 1.0]]}, "Hobj2base": {"type": "ndarray", "data": [[0.9999942001581058, 0.0033448817651747, 0.0006414172800795013, -0.7377634222668081], [0.0033447742266896987, -0.9999943920043564, 0.00016865707813067555, 0.08851593487080785], [0.0006419778209993958, -0.00016651070395932473, -0.9999997800693072, 0.006586214396452578], [0.0, 0.0, 0.0, 1.0]]}, "mean_rme": {"type": "float", "data": 0.0014713537071517468}, "max_rme": {"type": "float", "data": 0.004157204248893542}, "simu": {"type": "float", "data": 0.002}}, {"type": "dict", "image_number": {"type": "int", "data": 19}, "Hcamera2end": {"type": "ndarray", "data": [[0.9999965944461042, 0.0026003534591384093, -0.00022194161692593332, -0.018010153246691613], [0.0002251400165023743, -0.0012297583182272476, 0.9999992185029205, 0.02761525168293028], [0.0026000784924201997, -0.9999958629196255, -0.0012303395738397782, 0.03667241552554841], [0.0, 0.0, 0.0, 1.0]]}, "Hobj2base": {"type": "ndarray", "data": [[0.9999944115372938, 0.003273093756230116, 0.000680992984109848, -0.7377873244637151], [0.003272973035530354, -0.9999946279119969, 0.0001783105592014721, 0.08873367274326051], [0.0006815729529336001, -0.00017608069104518498, -0.9999997522269193, 0.006529226109505515], [0.0, 0.0, 0.0, 1.0]]}, "mean_rme": {"type": "float", "data": 0.00151737543295875}, "max_rme": {"type": "float", "data": 0.005095201953425804}, "simu": {"type": "float", "data": 0.002}}, {"type": "dict", "image_number": {"type": "int", "data": 20}, "Hcamera2end": {"type": "ndarray", "data": [[0.9999945561646166, 0.00323340748447513, -0.0006578124130458619, -0.01799165978545688], [0.0006630112669787967, -0.0016070472558085136, 0.999998488906447, 0.027593015039358643], [0.003232345462860704, -0.9999934812163311, -0.001609182292900746, 0.03654541637361111], [0.0, 0.0, 0.0, 1.0]]}, "Hobj2base": {"type": "ndarray", "data": [[0.9999917677990392, 0.003998653435437002, 0.000689278503828116, -0.7377095778525193], [0.003998909314722398, -0.9999919357870528, -0.00037025012630199314, 0.08826419573773944], [0.0006877924433999727, 0.0003730034405579438, -0.9999996939049476, 0.006584723522578167], [0.0, 0.0, 0.0, 1.0]]}, "mean_rme": {"type": "float", "data": 0.0015422248378010592}, "max_rme": {"type": "float", "data": 0.005268506194177763}, "simu": {"type": "float", "data": 0.002}}, {"type": "dict", "image_number": {"type": "int", "data": 21}, "Hcamera2end": {"type": "ndarray", "data": [[0.999994580151954, 0.003245041073170105, -0.0005562150220326768, -0.018010678075409656], [0.0005612339961187263, -0.0015459541002753596, 0.9999986475202464, 0.026844536983556076], [0.003244176801423807, -0.9999935398463101, -0.0015477669488082046, 0.03665331813378004], [0.0, 0.0, 0.0, 1.0]]}, "Hobj2base": {"type": "ndarray", "data": [[0.9999917902126975, 0.004000438649843576, 0.0006449789246874327, -0.7379179965093149], [0.004000606747501071, -0.999991963858506, -0.00025954587295306164, 0.088687528684646], [0.0006439354442039645, 0.00026212404917474996, -0.9999997583190341, 0.007203476468782631], [0.0, 0.0, 0.0, 1.0]]}, "mean_rme": {"type": "float", "data": 0.0015350125883526347}, "max_rme": {"type": "float", "data": 0.0052413826397892105}, "simu": {"type": "float", "data": 0.002}}, {"type": "dict", "image_number": {"type": "int", "data": 22}, "Hcamera2end": {"type": "ndarray", "data": [[0.9999949965768129, 0.003125222181276953, -0.0004897016006394769, -0.01802953728080485], [0.0004946596105635049, -0.0015858746537382729, 0.999998620155774, 0.027116333016308707], [0.0031244412636008225, -0.9999938589750939, -0.001587412640123409, 0.03658546604952623], [0.0, 0.0, 0.0, 1.0]]}, "Hobj2base": {"type": "ndarray", "data": [[0.999992066689207, 0.00391704517712753, 0.0007234056461865945, -0.7378005807464078], [0.0039171685548091304, -0.9999923135491722, -0.0001692131403948526, 0.08863506643229292], [0.0007227372702491764, 0.0001720454998240331, -0.9999997240255538, 0.0069277448208945455], [0.0, 0.0, 0.0, 1.0]]}, "mean_rme": {"type": "float", "data": 0.0014950447490310827}, "max_rme": {"type": "float", "data": 0.0051876480507790645}, "simu": {"type": "float", "data": 0.002}}, {"type": "dict", "image_number": {"type": "int", "data": 23}, "Hcamera2end": {"type": "ndarray", "data": [[0.9999946895565414, 0.0032267554750789688, -0.0004570643505599915, -0.018073797958945904], [0.0004615317913884676, -0.0013838904989251777, 0.99999893591718, 0.026931321273038974], [0.0032261195145317665, -0.9999938364291007, -0.0013853724000876255, 0.0360690843802635], [0.0, 0.0, 0.0, 1.0]]}, "Hobj2base": {"type": "ndarray", "data": [[0.9999919619890386, 0.0039640503525856284, 0.0006018821440417645, -0.7373497343763141], [0.003964147183103689, -0.9999921299740608, -0.0001597718749457135, 0.08879882202002042], [0.0006012440634564667, 0.0001621565401034949, -0.9999998061053976, 0.007103899406593136], [0.0, 0.0, 0.0, 1.0]]}, "mean_rme": {"type": "float", "data": 0.0014904943147081302}, "max_rme": {"type": "float", "data": 0.005093097264070562}, "simu": {"type": "float", "data": 0.002}}, {"type": "dict", "image_number": {"type": "int", "data": 24}, "Hcamera2end": {"type": "ndarray", "data": [[0.9999947456146187, 0.00321697681185934, -0.0003997541068953203, -0.018115304443693518], [0.0004045857042123506, -0.0015013955738474305, 0.9999987910601387, 0.027375426671632792], [0.0032163727336811192, -0.9999936984159066, -0.0015026892277654191, 0.0363060929038353], [0.0, 0.0, 0.0, 1.0]]}, "Hobj2base": {"type": "ndarray", "data": [[0.9999914805275203, 0.00405508989553693, 0.0007714391208527784, -0.7374561140512225], [0.004055189255020366, -0.9999917695864626, -0.00012727702587920337, 0.08861994943930618], [0.000770916651808218, 0.00013040427317986863, -0.999999694341074, 0.006641255109825957], [0.0, 0.0, 0.0, 1.0]]}, "mean_rme": {"type": "float", "data": 0.0014886658065839397}, "max_rme": {"type": "float", "data": 0.0050312685498338505}, "simu": {"type": "float", "data": 0.002}}, {"type": "dict", "image_number": {"type": "int", "data": 25}, "Hcamera2end": {"type": "ndarray", "data": [[0.9999944455669899, 0.003329641454371652, -0.0001494086805546894, -0.01823177173834814], [0.00015445956116912204, -0.0015167387803789456, 0.9999988378221828, 0.02750645965108605], [0.003329410970796291, -0.9999933064732273, -0.0015172446507127901, 0.036364870747192635], [0.0, 0.0, 0.0, 1.0]]}, "Hobj2base": {"type": "ndarray", "data": [[0.9999907983477317, 0.004215742502791503, 0.0007941882751151137, -0.7374713146354988], [0.0042157338359272885, -0.9999911136754178, 1.2586593263369448e-05, 0.08872219809534837], [0.0007942342795365073, -9.238391062415481e-06, -0.9999996845532308, 0.006425535102944249], [0.0, 0.0, 0.0, 1.0]]}, "mean_rme": {"type": "float", "data": 0.0015428561433264534}, "max_rme": {"type": "float", "data": 0.004843387317784192}, "simu": {"type": "float", "data": 0.002}}, {"type": "dict", "image_number": {"type": "int", "data": 26}, "Hcamera2end": {"type": "ndarray", "data": [[0.9999948817305835, 0.003191967491855926, -0.00021876052510194448, -0.018253657140978305], [0.00022375693627269704, -0.0015650345188154002, 0.9999987502991132, 0.027455449310563537], [0.0031916211350781825, -0.9999936809852779, -0.0015657407334137563, 0.035934766270008175], [0.0, 0.0, 0.0, 1.0]]}, "Hobj2base": {"type": "ndarray", "data": [[0.9999910449496254, 0.004129960549741684, 0.0009238216352307657, -0.7370081506179654], [0.004129995904357863, -0.9999914708693156, -3.636553505168897e-05, 0.08878557541697336], [0.0009236635676101763, 4.0180588966350935e-05, -0.9999995726154753, 0.006456096583844996], [0.0, 0.0, 0.0, 1.0]]}, "mean_rme": {"type": "float", "data": 0.0015152470330396857}, "max_rme": {"type": "float", "data": 0.004778160086730959}, "simu": {"type": "float", "data": 0.002}}, {"type": "dict", "image_number": {"type": "int", "data": 27}, "Hcamera2end": {"type": "ndarray", "data": [[0.999994957162474, 0.0031701701028823007, -0.0001888680508916247, -0.018211674620811743], [0.00019427280250622412, -0.0017046561316020892, 0.9999985282016929, 0.027945086277519366], [0.0031698434819502925, -0.9999935220635144, -0.0017052634131284883, 0.036314455511957514], [0.0, 0.0, 0.0, 1.0]]}, "Hobj2base": {"type": "ndarray", "data": [[0.9999906833049517, 0.004182232866565116, 0.0010687523312759727, -0.7372660934464531], [0.004182211569212026, -0.9999912542693876, 2.2161412146782387e-05, 0.0884918824741905], [0.0010688356684422412, -1.769145731117888e-05, -0.9999994286385003, 0.006003168567458343], [0.0, 0.0, 0.0, 1.0]]}, "mean_rme": {"type": "float", "data": 0.0015111726014049624}, "max_rme": {"type": "float", "data": 0.00486965270288911}, "simu": {"type": "float", "data": 0.002}}, {"type": "dict", "image_number": {"type": "int", "data": 28}, "Hcamera2end": {"type": "ndarray", "data": [[0.9999946820891054, 0.003234645709603815, 0.0004157651290321667, -0.018187699844713665], [-0.0004096088999082214, -0.0019036456300065563, 0.9999981041751351, 0.02864905039286804], [0.0032354310467530407, -0.9999929565754193, -0.0019023105669180307, 0.037907790713577326], [0.0, 0.0, 0.0, 1.0]]}, "Hobj2base": {"type": "ndarray", "data": [[0.9999901743003596, 0.004265799288567774, 0.0012059266835332577, -0.7387080265546679], [0.00426497305664772, -0.9999906690526004, 0.0006868861323109283, 0.08830428979148283], [0.001208845549469345, -0.0006817361383605431, -0.999999036963674, 0.005214001425654367], [0.0, 0.0, 0.0, 1.0]]}, "mean_rme": {"type": "float", "data": 0.0015920428723652162}, "max_rme": {"type": "float", "data": 0.00527920852049768}, "simu": {"type": "float", "data": 0.002}}, {"type": "dict", "image_number": {"type": "int", "data": 29}, "Hcamera2end": {"type": "ndarray", "data": [[0.9999964642379924, 0.0026368071340310073, 0.00034461522245423683, -0.0181380804603482], [-0.00033976244265848253, -0.001840626642245935, 0.999998248325989, 0.028381010899182855], [0.0026374368231642516, -0.9999948296574848, -0.0018397242461956065, 0.037599320840785835], [0.0, 0.0, 0.0, 1.0]]}, "Hobj2base": {"type": "ndarray", "data": [[0.9999920980647508, 0.0037340238843757145, 0.0013641384419363915, -0.7384370216244406], [0.003733128553066562, -0.999992815175363, 0.0006582923806342044, 0.08851018078689116], [0.0013665867203130964, -0.0006531946746825091, -0.9999988528880683, 0.005459134788438247], [0.0, 0.0, 0.0, 1.0]]}, "mean_rme": {"type": "float", "data": 0.0015881887673422114}, "max_rme": {"type": "float", "data": 0.005383019084574392}, "simu": {"type": "float", "data": 0.002}}, {"type": "dict", "image_number": {"type": "int", "data": 30}, "Hcamera2end": {"type": "ndarray", "data": [[0.999998836318211, 0.001525226936141009, -3.2326724766100923e-05, -0.018062665309993023], [3.569662770536522e-05, -0.002209468142788662, 0.9999975584851577, 0.02852075470871091], [0.0015251517874082755, -0.999996395960165, -0.0022095200171288187, 0.03737625929329394], [0.0, 0.0, 0.0, 1.0]]}, "Hobj2base": {"type": "ndarray", "data": [[0.9999934233895142, 0.00294089898926434, 0.002122331466706378, -0.737987868731862], [0.0029399197532273343, -0.999995570606959, 0.0004643687199778666, 0.08847208439177175], [0.0021236877275653764, -0.0004581261818038075, -0.9999976400326345, 0.005281925589846246], [0.0, 0.0, 0.0, 1.0]]}, "mean_rme": {"type": "float", "data": 0.0015467341865387327}, "max_rme": {"type": "float", "data": 0.0054721753379186056}, "simu": {"type": "float", "data": 0.002}}]}