{"type": "list", "data": [{"type": "dict", "image_number": {"type": "int", "data": 5}, "Hcamera2end": {"type": "ndarray", "data": [[0.999986177998845, -0.005186937103089526, -0.0008599388064222625, -0.01652863634955641], [0.000874940904820811, 0.002890709244483536, 0.9999954391288377, 0.025731867610460646], [-0.005184427613080257, -0.9999823695863606, 0.0028952075525392473, 0.03571044258846606], [0.0, 0.0, 0.0, 1.0]]}, "Hobj2base": {"type": "ndarray", "data": [[0.9999879967418686, -0.004870965447110383, -0.0005292143210825627, -0.7371576120736819], [-0.00487291504171773, -0.9999811059635975, -0.0037473210185698857, 0.0877472360929213], [-0.0005109512508872313, 0.003749854854933894, -0.999992838733051, 0.006727271336864215], [0.0, 0.0, 0.0, 1.0]]}, "mean_rme": {"type": "float", "data": 0.0017646166941363622}, "max_rme": {"type": "float", "data": 0.0028340532888787573}, "simu": {"type": "float", "data": 0.002}}, {"type": "dict", "image_number": {"type": "int", "data": 6}, "Hcamera2end": {"type": "ndarray", "data": [[0.999984175015064, -0.005252986263252185, -0.002013915281244178, -0.016383808156867144], [0.0020272125227105008, 0.0025272730506162855, 0.9999947516363851, 0.025466877174852354], [-0.005247868979853698, -0.9999830093687821, 0.0025378819760928373, 0.03560423512609344], [0.0, 0.0, 0.0, 1.0]]}, "Hobj2base": {"type": "ndarray", "data": [[0.9999874571727955, -0.004920403739396068, -0.0009354806935224637, -0.7371719301936924], [-0.004923702422646813, -0.9999815515405308, -0.003557208603074793, 0.08729552747123144], [-0.000917960532832424, 0.0035617700141789897, -0.9999932355485341, 0.006918283357491266], [0.0, 0.0, 0.0, 1.0]]}, "mean_rme": {"type": "float", "data": 0.0016301101417755997}, "max_rme": {"type": "float", "data": 0.002972064266139829}, "simu": {"type": "float", "data": 0.002}}, {"type": "dict", "image_number": {"type": "int", "data": 7}, "Hcamera2end": {"type": "ndarray", "data": [[0.9999838721506336, -0.005302721164898647, -0.0020338600917130956, -0.01634991205731442], [0.0020460987729837123, 0.002303597632503873, 0.9999952534476143, 0.025474422566976834], [-0.005298010799962737, -0.9999832871534376, 0.0023144103716972175, 0.035688373105113635], [0.0, 0.0, 0.0, 1.0]]}, "Hobj2base": {"type": "ndarray", "data": [[0.9999869036689192, -0.0050275103081213425, -0.0009574083504401233, -0.7371645705474688], [-0.005030992902578221, -0.9999806079545193, -0.003670534746323184, 0.08716382799888124], [-0.0009389361330603907, 0.0036753033904008358, -0.9999928052460809, 0.006892332553525219], [0.0, 0.0, 0.0, 1.0]]}, "mean_rme": {"type": "float", "data": 0.00146460406778032}, "max_rme": {"type": "float", "data": 0.0030110462738086596}, "simu": {"type": "float", "data": 0.002}}, {"type": "dict", "image_number": {"type": "int", "data": 8}, "Hcamera2end": {"type": "ndarray", "data": [[0.9999825169337664, -0.005709787824252547, -0.001537579204965927, -0.016783200374869363], [0.0015485288817514617, 0.0019137774177124811, 0.9999969697525578, 0.025669386697175608], [-0.005706827937822189, -0.9999818677251092, 0.0019225857303696303, 0.03577682143787721], [0.0, 0.0, 0.0, 1.0]]}, "Hobj2base": {"type": "ndarray", "data": [[0.9999846113354038, -0.0054874576382214785, -0.0008154146491384133, -0.7369640637196072], [-0.005490106183389505, -0.9999795428869218, -0.0032821550478861644, 0.08770076400946844], [-0.00079738728132138, 0.003286581252910241, -0.999994281262244, 0.006652275429165695], [0.0, 0.0, 0.0, 1.0]]}, "mean_rme": {"type": "float", "data": 0.0015422658664050145}, "max_rme": {"type": "float", "data": 0.004499285437153305}, "simu": {"type": "float", "data": 0.002}}, {"type": "dict", "image_number": {"type": "int", "data": 9}, "Hcamera2end": {"type": "ndarray", "data": [[0.9999819661561714, -0.005840499158560511, -0.0013985463941273892, -0.016818288283044748], [0.0014107544420534548, 0.002086644083669653, 0.9999968278391549, 0.02580486332469313], [-0.005837562362998721, -0.9999807670580705, 0.002094845963587888, 0.03576127125528753], [0.0, 0.0, 0.0, 1.0]]}, "Hobj2base": {"type": "ndarray", "data": [[0.9999833478096387, -0.00565290065906032, -0.0011613860537954602, -0.7373148684390644], [-0.005656709194450218, -0.9999785469583544, -0.0033026147440777098, 0.08774999703059787], [-0.0011426917854686623, 0.003309129371477112, -0.9999938719403667, 0.006616658535838748], [0.0, 0.0, 0.0, 1.0]]}, "mean_rme": {"type": "float", "data": 0.0014776460867567931}, "max_rme": {"type": "float", "data": 0.00448463469875976}, "simu": {"type": "float", "data": 0.002}}, {"type": "dict", "image_number": {"type": "int", "data": 10}, "Hcamera2end": {"type": "ndarray", "data": [[0.9999829165541322, -0.0057378816996447625, -0.0011150396819948906, -0.01696951101431992], [0.0011233546006292907, 0.0014461081201792014, 0.9999983234214674, 0.025965920607072396], [-0.005736259611697029, -0.9999824925891979, 0.0014525290914746414, 0.03600491406877141], [0.0, 0.0, 0.0, 1.0]]}, "Hobj2base": {"type": "ndarray", "data": [[0.999984199304478, -0.005528444478188813, -0.00101854947529233, -0.7371105761519141], [-0.005531925628180564, -0.999978756947868, -0.0034472382919879096, 0.08799924295649422], [-0.0009994699726923852, 0.0034528183631712056, -0.9999935395316937, 0.006581925756746787], [0.0, 0.0, 0.0, 1.0]]}, "mean_rme": {"type": "float", "data": 0.0015271060726822782}, "max_rme": {"type": "float", "data": 0.004189462475501976}, "simu": {"type": "float", "data": 0.002}}, {"type": "dict", "image_number": {"type": "int", "data": 11}, "Hcamera2end": {"type": "ndarray", "data": [[0.9999821177845304, -0.005964641616802865, -0.0004326217153715049, -0.01718184007564421], [0.0004407410235510896, 0.0013599926664855655, 0.9999989780831265, 0.02616166346459705], [-0.005964047159074686, -0.9999812865600687, 0.001362597209054961, 0.035976168767279194], [0.0, 0.0, 0.0, 1.0]]}, "Hobj2base": {"type": "ndarray", "data": [[0.9999827416235207, -0.00578990219938106, -0.0009967384956154632, -0.7370722981874401], [-0.005793782441967883, -0.9999754732631139, -0.003935093039245504, 0.08809617687069032], [-0.0009739302450299399, 0.003940800011923482, -0.9999917607436297, 0.006326613196987039], [0.0, 0.0, 0.0, 1.0]]}, "mean_rme": {"type": "float", "data": 0.0014452143800791053}, "max_rme": {"type": "float", "data": 0.004174733100438005}, "simu": {"type": "float", "data": 0.002}}, {"type": "dict", "image_number": {"type": "int", "data": 12}, "Hcamera2end": {"type": "ndarray", "data": [[0.9999798105800419, -0.006294877893233771, -0.0008677238113448398, -0.016913306768954], [0.0008741615694944989, 0.0010200185594497757, 0.9999990977014375, 0.025997938530721153], [-0.006293987118982446, -0.999979666830505, 0.001025500706205662, 0.03610017782551763], [0.0, 0.0, 0.0, 1.0]]}, "Hobj2base": {"type": "ndarray", "data": [[0.9999809806785096, -0.006107363644882352, -0.0008592965468158934, -0.7367831053234446], [-0.006110618764811676, -0.9999739650436459, -0.0038379126096586176, 0.08803227811960908], [-0.0008358346471233377, 0.0038430904487683536, -0.9999922659882148, 0.0065189937960627485], [0.0, 0.0, 0.0, 1.0]]}, "mean_rme": {"type": "float", "data": 0.0014682744722254774}, "max_rme": {"type": "float", "data": 0.0043612732574670465}, "simu": {"type": "float", "data": 0.002}}, {"type": "dict", "image_number": {"type": "int", "data": 13}, "Hcamera2end": {"type": "ndarray", "data": [[0.9999761382268352, -0.006639828040852792, -0.0019067408143900013, -0.017104871239209472], [0.0019127400958837445, 0.0008972966869474908, 0.9999977681395003, 0.02580032965704835], [-0.006638102309467241, -0.9999775535191997, 0.0009099755411809962, 0.03597901823295633], [0.0, 0.0, 0.0, 1.0]]}, "Hobj2base": {"type": "ndarray", "data": [[0.999978943762603, -0.0063695642450615235, -0.0012412424247485929, -0.7367060999572058], [-0.006375480442922593, -0.9999680495188605, -0.004822156215643981, 0.08732353395925779], [-0.0012104877326406442, 0.004829968195981849, -0.9999876029864947, 0.006287237131561724], [0.0, 0.0, 0.0, 1.0]]}, "mean_rme": {"type": "float", "data": 0.0015229560905995006}, "max_rme": {"type": "float", "data": 0.004493727017653409}, "simu": {"type": "float", "data": 0.002}}, {"type": "dict", "image_number": {"type": "int", "data": 14}, "Hcamera2end": {"type": "ndarray", "data": [[0.9999770698006771, -0.006599286459201784, -0.0015196351802520716, -0.016986062406194623], [0.0015257065062678245, 0.0009150604707811594, 0.9999984174407436, 0.025872216057353355], [-0.006597885457356454, -0.9999778057949907, 0.000925108062549751, 0.035993684253977164], [0.0, 0.0, 0.0, 1.0]]}, "Hobj2base": {"type": "ndarray", "data": [[0.9999792309644916, -0.00633881610935377, -0.0011649248884405866, -0.7366990038132295], [-0.006343886644601818, -0.9999701892713346, -0.004401780422965077, 0.08765112835398524], [-0.0011369880845258926, 0.0044090791536729144, -0.9999896335858252, 0.006372597388188271], [0.0, 0.0, 0.0, 1.0]]}, "mean_rme": {"type": "float", "data": 0.0014676153441475152}, "max_rme": {"type": "float", "data": 0.0044368669452481135}, "simu": {"type": "float", "data": 0.002}}, {"type": "dict", "image_number": {"type": "int", "data": 15}, "Hcamera2end": {"type": "ndarray", "data": [[0.9999766528490825, -0.0064212043010072745, -0.00233706911967333, -0.01692113361621469], [0.0023438093398597173, 0.0010423570898057122, 0.999996710019326, 0.025762810017450486], [-0.006418747114802962, -0.9999788405896509, 0.001057382832351239, 0.035913169080935115], [0.0, 0.0, 0.0, 1.0]]}, "Hobj2base": {"type": "ndarray", "data": [[0.999980345830785, -0.00614286269821969, -0.0012542687169757435, -0.736748919142144], [-0.006148993478120064, -0.9999688727595579, -0.004944025807496461, 0.08718730821063371], [-0.0012238592033399058, 0.0049516411269371315, -0.9999869916247912, 0.006275778537968413], [0.0, 0.0, 0.0, 1.0]]}, "mean_rme": {"type": "float", "data": 0.0014580593453056643}, "max_rme": {"type": "float", "data": 0.0046211813069140795}, "simu": {"type": "float", "data": 0.002}}, {"type": "dict", "image_number": {"type": "int", "data": 16}, "Hcamera2end": {"type": "ndarray", "data": [[0.999977684343943, -0.006086802153854905, -0.0027534802823769794, -0.01691093600195324], [0.0027606469126326126, 0.0011693167032585938, 0.9999955057534365, 0.025761668858630796], [-0.006083555107778966, -0.9999807915845121, 0.0011860941207629816, 0.035855586906092626], [0.0, 0.0, 0.0, 1.0]]}, "Hobj2base": {"type": "ndarray", "data": [[0.9999822547674811, -0.005820798289473216, -0.0012682497457731767, -0.7368144450157911], [-0.00582710433587746, -0.9999703885513842, -0.005026616700370705, 0.08710332586903835], [-0.0012389532691696424, 0.0050339177254811445, -0.9999865622432782, 0.006188269955519375], [0.0, 0.0, 0.0, 1.0]]}, "mean_rme": {"type": "float", "data": 0.0014444418681206462}, "max_rme": {"type": "float", "data": 0.004517567251031057}, "simu": {"type": "float", "data": 0.002}}, {"type": "dict", "image_number": {"type": "int", "data": 17}, "Hcamera2end": {"type": "ndarray", "data": [[0.9999856776307204, -0.00443232681724277, -0.0029998353978132656, -0.01693156675323796], [0.0030065130095581934, 0.0015006761622696763, 0.9999943544093532, 0.025814930266727196], [-0.004427800012667717, -0.999989051165082, 0.0015139805172701415, 0.03565727312033334], [0.0, 0.0, 0.0, 1.0]]}, "Hobj2base": {"type": "ndarray", "data": [[0.999990210622478, -0.00418172208699538, -0.0014463262423683723, -0.7372634187066529], [-0.004189168201819738, -0.9999777874103069, -0.005184163940756939, 0.08677994194533872], [-0.0014246153828633193, 0.005190172094922973, -0.9999855161874278, 0.006103450279751121], [0.0, 0.0, 0.0, 1.0]]}, "mean_rme": {"type": "float", "data": 0.0014815592564479615}, "max_rme": {"type": "float", "data": 0.004571931884988306}, "simu": {"type": "float", "data": 0.002}}, {"type": "dict", "image_number": {"type": "int", "data": 18}, "Hcamera2end": {"type": "ndarray", "data": [[0.9999829107618055, -0.005058834217740409, -0.002930252669047617, -0.016870911060593935], [0.002937588918003845, 0.001443364821033688, 0.9999946436203256, 0.02653890661963034], [-0.005054577697084386, -0.9999861623514351, 0.0014582009303645282, 0.03582325579140291], [0.0, 0.0, 0.0, 1.0]]}, "Hobj2base": {"type": "ndarray", "data": [[0.9999875310065588, -0.004782129776139671, -0.0014384249061793527, -0.7372387339950236], [-0.00478926288637203, -0.9999760457160012, -0.00499709467539023, 0.08689207930294968], [-0.0014144936944992669, 0.005003921361667496, -0.9999864798979006, 0.005406583049841596], [0.0, 0.0, 0.0, 1.0]]}, "mean_rme": {"type": "float", "data": 0.0014498131721286573}, "max_rme": {"type": "float", "data": 0.004735321003095788}, "simu": {"type": "float", "data": 0.002}}, {"type": "dict", "image_number": {"type": "int", "data": 19}, "Hcamera2end": {"type": "ndarray", "data": [[0.9999861691994992, -0.004462282974494604, -0.002783781666368468, -0.016917997635022067], [0.002788448618676542, 0.0010399864568994, 0.9999955714814296, 0.02806181368206088], [-0.004459368117959595, -0.999989503174321, 0.0010524149198505306, 0.03428849513858218], [0.0, 0.0, 0.0, 1.0]]}, "Hobj2base": {"type": "ndarray", "data": [[0.9999902250273628, -0.004152809212607684, -0.001517901633161043, -0.7356246447084962], [-0.0041602732864490745, -0.9999791057978571, -0.004947736239903148, 0.0869479335985758], [-0.0014973229131788643, 0.004954002761532684, -0.9999866078506912, 0.004050368713804066], [0.0, 0.0, 0.0, 1.0]]}, "mean_rme": {"type": "float", "data": 0.0014465118703522338}, "max_rme": {"type": "float", "data": 0.004593533600457195}, "simu": {"type": "float", "data": 0.002}}, {"type": "dict", "image_number": {"type": "int", "data": 20}, "Hcamera2end": {"type": "ndarray", "data": [[0.9999847839957238, -0.004804061435950738, -0.002711599296573523, -0.016906813840329847], [0.002717082509806304, 0.0011352116662020073, 0.999995664369155, 0.027682702575874126], [-0.004800962368158261, -0.9999878160698721, 0.001148247424120119, 0.034511211367241404], [0.0, 0.0, 0.0, 1.0]]}, "Hobj2base": {"type": "ndarray", "data": [[0.9999888280700581, -0.004478408128683881, -0.0015124799849093342, -0.7358515693594683], [-0.004485632515761402, -0.9999783838212781, -0.0048073892205888775, 0.08699966082165846], [-0.0014909178399084347, 0.004814119942173048, -0.9999873006259516, 0.004434354617848102], [0.0, 0.0, 0.0, 1.0]]}, "mean_rme": {"type": "float", "data": 0.0014085554528048864}, "max_rme": {"type": "float", "data": 0.004663098378185293}, "simu": {"type": "float", "data": 0.002}}, {"type": "dict", "image_number": {"type": "int", "data": 21}, "Hcamera2end": {"type": "ndarray", "data": [[0.9999807755516398, -0.005596958989779426, -0.0026688156938565227, -0.016869478851705123], [0.002671633546887634, 0.0004960453029488887, 0.9999963081498098, 0.02903280947566481], [-0.0055956144731559385, -0.9999842138699615, 0.0005109887901493249, 0.035147874266692324], [0.0, 0.0, 0.0, 1.0]]}, "Hobj2base": {"type": "ndarray", "data": [[0.9999856651197017, -0.005261494441664462, -0.0009930918125937431, -0.7359629911757953], [-0.0052659300773063595, -0.9999759284815521, -0.00451801260286202, 0.0871454770679503], [-0.000969296409168527, 0.004523177389737635, -0.999989300608148, 0.0029971299714949776], [0.0, 0.0, 0.0, 1.0]]}, "mean_rme": {"type": "float", "data": 0.001431958964157703}, "max_rme": {"type": "float", "data": 0.0050269689785846505}, "simu": {"type": "float", "data": 0.002}}, {"type": "dict", "image_number": {"type": "int", "data": 22}, "Hcamera2end": {"type": "ndarray", "data": [[0.9999784712717237, -0.00603411245652917, -0.0025780767887048687, -0.0169095300568141], [0.0025818026612128508, 0.0006097601339351, 0.9999964812376081, 0.02930870176591287], [-0.006032519215473212, -0.9999816086706002, 0.0006253258941731898, 0.03575630421425468], [0.0, 0.0, 0.0, 1.0]]}, "Hobj2base": {"type": "ndarray", "data": [[0.9999831498691503, -0.005704349650350865, -0.0010772060337671465, -0.736504554873068], [-0.00570895552804401, -0.9999743627788276, -0.004322223022488215, 0.08725136025442261], [-0.0010525229458107415, 0.004328299913806041, -0.9999900789584386, 0.0027257259625165305], [0.0, 0.0, 0.0, 1.0]]}, "mean_rme": {"type": "float", "data": 0.0014256955998359073}, "max_rme": {"type": "float", "data": 0.005188281492381042}, "simu": {"type": "float", "data": 0.002}}, {"type": "dict", "image_number": {"type": "int", "data": 23}, "Hcamera2end": {"type": "ndarray", "data": [[0.9999780169090645, -0.006182175669958996, -0.0023971655346406422, -0.01691064170622983], [0.002400986516986973, 0.0006107166811528675, 0.9999969311397313, 0.02986393055172929], [-0.0061806927087462195, -0.9999807036783864, 0.0006255465761416668, 0.03627136176788732], [0.0, 0.0, 0.0, 1.0]]}, "Hobj2base": {"type": "ndarray", "data": [[0.9999821781914765, -0.005862092132731671, -0.001131006303079756, -0.7369361229321391], [-0.005866623184997443, -0.9999746085106112, -0.0040453759350556305, 0.08730143160892992], [-0.0011072632187023805, 0.004051939026940336, -0.9999911778402284, 0.0021940515877443374], [0.0, 0.0, 0.0, 1.0]]}, "mean_rme": {"type": "float", "data": 0.0014189838129800732}, "max_rme": {"type": "float", "data": 0.0052911020427275635}, "simu": {"type": "float", "data": 0.002}}, {"type": "dict", "image_number": {"type": "int", "data": 24}, "Hcamera2end": {"type": "ndarray", "data": [[0.9999762188417294, -0.006448821746124872, -0.00244426861954505, -0.01689249111716759], [0.0024483652942866186, 0.0006274412844431421, 0.999996805907309, 0.02979704831671406], [-0.006447267512948296, -0.9999790092874556, 0.0006432154345148433, 0.03609082103902032], [0.0, 0.0, 0.0, 1.0]]}, "Hobj2base": {"type": "ndarray", "data": [[0.999980601685636, -0.0061369794223131045, -0.0010647703994629116, -0.7367023479218794], [-0.006141226455352914, -0.9999730123847264, -0.004032349171433188, 0.08736574525940989], [-0.0010399952199603491, 0.004038809946802394, -0.9999913031742609, 0.0022619711486289488], [0.0, 0.0, 0.0, 1.0]]}, "mean_rme": {"type": "float", "data": 0.001393614278644322}, "max_rme": {"type": "float", "data": 0.005380149888006447}, "simu": {"type": "float", "data": 0.002}}, {"type": "dict", "image_number": {"type": "int", "data": 25}, "Hcamera2end": {"type": "ndarray", "data": [[0.9999751759205676, -0.006569271482804858, -0.002547982498979655, -0.016863396611856783], [0.0025531805028878147, 0.000782995412646037, 0.999996434087394, 0.0295221690772465], [-0.006567252998748661, -0.9999781155557202, 0.0007997485113737657, 0.03655091980997109], [0.0, 0.0, 0.0, 1.0]]}, "Hobj2base": {"type": "ndarray", "data": [[0.9999798869845313, -0.006223392389952073, -0.001222707473001401, -0.7372515895851935], [-0.0062283502247562775, -0.9999722241632638, -0.004093721467551312, 0.0872965022665724], [-0.001197196676250512, 0.0041012545808323895, -0.9999908731738418, 0.002516790775236921], [0.0, 0.0, 0.0, 1.0]]}, "mean_rme": {"type": "float", "data": 0.0014084832927597293}, "max_rme": {"type": "float", "data": 0.005365050711310881}, "simu": {"type": "float", "data": 0.002}}, {"type": "dict", "image_number": {"type": "int", "data": 26}, "Hcamera2end": {"type": "ndarray", "data": [[0.9999745081634555, -0.0066551192049283375, -0.0025869695830435203, -0.01685462456977361], [0.002592372480875647, 0.0008033426360796181, 0.9999963171159829, 0.029632676899774602], [-0.006653016471931886, -0.9999775317620778, 0.0008205747052842938, 0.03674985061612841], [0.0, 0.0, 0.0, 1.0]]}, "Hobj2base": {"type": "ndarray", "data": [[0.9999794138792215, -0.006285187665159713, -0.0012916012474063522, -0.737456026254512], [-0.006290481287971737, -0.999971660692414, -0.0041361403774446215, 0.08730242986424747], [-0.001265568225839639, 0.004144180023837585, -0.9999906120104309, 0.0023996155654096704], [0.0, 0.0, 0.0, 1.0]]}, "mean_rme": {"type": "float", "data": 0.0013644896993039236}, "max_rme": {"type": "float", "data": 0.0054203629915688945}, "simu": {"type": "float", "data": 0.002}}, {"type": "dict", "image_number": {"type": "int", "data": 27}, "Hcamera2end": {"type": "ndarray", "data": [[0.9999746597602315, -0.00670228311018158, -0.0023998413531296026, -0.01677871104975088], [0.0024049880408812093, 0.0007599467204825183, 0.9999968192516943, 0.02978085192877467], [-0.006700438040339942, -0.9999772506822809, 0.0007760463739769907, 0.03667768779982509], [0.0, 0.0, 0.0, 1.0]]}, "Hobj2base": {"type": "ndarray", "data": [[0.9999792349384067, -0.006311866110569947, -0.0013000146926674253, -0.7373583674477104], [-0.006317005123211674, -0.9999720967882861, -0.003987617222243238, 0.08736633471848643], [-0.001274809112075223, 0.003995746618599838, -0.9999912043966621, 0.0022842528446280846], [0.0, 0.0, 0.0, 1.0]]}, "mean_rme": {"type": "float", "data": 0.001349850204702896}, "max_rme": {"type": "float", "data": 0.0053955992479970405}, "simu": {"type": "float", "data": 0.002}}, {"type": "dict", "image_number": {"type": "int", "data": 28}, "Hcamera2end": {"type": "ndarray", "data": [[0.9999782848312411, -0.006352811231570148, -0.00175261388367194, -0.01661873581628366], [0.0017565983524692377, 0.0006216722745377989, 0.9999982639413987, 0.029705308555732262], [-0.006351710651258119, -0.9999796274489992, 0.0006328181125623278, 0.03604315029948348], [0.0, 0.0, 0.0, 1.0]]}, "Hobj2base": {"type": "ndarray", "data": [[0.9999812716295019, -0.006011208309784652, -0.0011496803471951408, -0.7367049130855078], [-0.006015100022110179, -0.9999760878584196, -0.003412078998715813, 0.08752403504471847], [-0.001129142138245185, 0.0034189305383179897, -0.9999935179549941, 0.002470216468498838], [0.0, 0.0, 0.0, 1.0]]}, "mean_rme": {"type": "float", "data": 0.0014191955801046506}, "max_rme": {"type": "float", "data": 0.006340312588035274}, "simu": {"type": "float", "data": 0.002}}, {"type": "dict", "image_number": {"type": "int", "data": 29}, "Hcamera2end": {"type": "ndarray", "data": [[0.9999760593381373, -0.006818602401635765, -0.001177884484391546, -0.016378095301586265], [0.0011804365299571025, 0.00037026451711275055, 0.9999992347366005, 0.029773056336055103], [-0.00681816105477908, -0.9999766845109321, 0.0003783045800932472, 0.0354317968311494], [0.0, 0.0, 0.0, 1.0]]}, "Hobj2base": {"type": "ndarray", "data": [[0.9999779528672598, -0.0065537246287804855, -0.0010688652368504553, -0.7359721251358009], [-0.006556691580841142, -0.9999745948595433, -0.0027963245530873053, 0.08787165633438286], [-0.0010505117410853518, 0.00280327112184821, -0.9999955190380103, 0.002511405508210159], [0.0, 0.0, 0.0, 1.0]]}, "mean_rme": {"type": "float", "data": 0.0015003543533460876}, "max_rme": {"type": "float", "data": 0.006154065248288237}, "simu": {"type": "float", "data": 0.002}}, {"type": "dict", "image_number": {"type": "int", "data": 30}, "Hcamera2end": {"type": "ndarray", "data": [[0.9999774739382461, -0.006627775474311821, -0.0010602869170596276, -0.015251143491797525], [0.001063695805339705, 0.0005108298531893984, 0.9999993038018052, 0.029478502858700326], [-0.006627229233856319, -0.99997790557848, 0.0005178682831753489, 0.03518747518495092], [0.0, 0.0, 0.0, 1.0]]}, "Hobj2base": {"type": "ndarray", "data": [[0.9999789511134723, -0.006370390662812315, -0.001231037287371815, -0.7357340473815416], [-0.006373627818220589, -0.9999761932263378, -0.0026438322556047865, 0.08904903203862101], [-0.0012141657360305986, 0.0026516227793797003, -0.9999957473400576, 0.0027579591500099605], [0.0, 0.0, 0.0, 1.0]]}, "mean_rme": {"type": "float", "data": 0.0015046655086011261}, "max_rme": {"type": "float", "data": 0.006169904739055959}, "simu": {"type": "float", "data": 0.002}}]}