{"type": "list", "data": [{"type": "dict", "image_number": {"type": "int", "data": 5}, "Hcamera2end": {"type": "ndarray", "data": [[0.9999992086974059, -0.0012500750847139264, -0.00014112705106061755, -0.013714771195220628], [0.00014059374695683476, -0.00042669526037331096, 0.9999998990822716, 0.028996917767734942], [-0.0012501351768029864, -0.9999991276213382, -0.00042651916998814876, 0.033592241349392205], [0.0, 0.0, 0.0, 1.0]]}, "Hobj2base": {"type": "ndarray", "data": [[0.9999994945509938, -0.0010048841955155555, 3.324921879166326e-05, -0.733496924263671], [-0.0010049264387127714, -0.9999986554315736, 0.0012958618359608179, 0.0911983317164512], [3.194698300728467e-05, -0.0012958945939877708, -0.9999991598179427, 0.002301562145193459], [0.0, 0.0, 0.0, 1.0]]}, "mean_rme": {"type": "float", "data": 0.001211167469483813}, "max_rme": {"type": "float", "data": 0.0031930299851066213}, "simu": {"type": "float", "data": 0.002}}, {"type": "dict", "image_number": {"type": "int", "data": 6}, "Hcamera2end": {"type": "ndarray", "data": [[0.9999992797762421, -0.0011979303905717453, -7.355118173873792e-05, -0.013809315938949133], [7.386458318377534e-05, 0.0002615769375251542, 0.999999963060764, 0.029098691061918064], [-0.0011979111070282412, -0.9999992482698602, 0.0002616652337602554, 0.0332514958174528], [0.0, 0.0, 0.0, 1.0]]}, "Hobj2base": {"type": "ndarray", "data": [[0.9999993794497719, -0.001006635021184568, -0.00047726932157988696, -0.7340473002592215], [-0.001005955344449561, -0.9999984826958346, 0.0014222024727417726, 0.09130384583587368], [-0.0004787002362334345, -0.0014217214785689186, -0.9999988747764275, 0.0023810318522878016], [0.0, 0.0, 0.0, 1.0]]}, "mean_rme": {"type": "float", "data": 0.001228965099424284}, "max_rme": {"type": "float", "data": 0.0032914827963386184}, "simu": {"type": "float", "data": 0.002}}, {"type": "dict", "image_number": {"type": "int", "data": 7}, "Hcamera2end": {"type": "ndarray", "data": [[0.9999992610121158, -0.0012137580572464256, 6.904057362970128e-05, -0.01382201116026548], [-6.834142838400457e-05, 0.0005760490147342923, 0.9999998317484767, 0.029230031584728432], [-0.0012137976237841998, -0.9999990974790484, 0.0005759656390816881, 0.032989173169950876], [0.0, 0.0, 0.0, 1.0]]}, "Hobj2base": {"type": "ndarray", "data": [[0.9999992986716676, -0.0010260136475929629, -0.00059156755139454, -0.7342538297853972], [-0.0010252757317977131, -0.9999986977130546, 0.0012463474107938521, 0.09117611636257161], [-0.0005928455504569573, -0.001245740016840937, -0.999999048332529, 0.0024208633014228265], [0.0, 0.0, 0.0, 1.0]]}, "mean_rme": {"type": "float", "data": 0.0012737809771288515}, "max_rme": {"type": "float", "data": 0.003510900656992444}, "simu": {"type": "float", "data": 0.002}}, {"type": "dict", "image_number": {"type": "int", "data": 8}, "Hcamera2end": {"type": "ndarray", "data": [[0.9999991089669692, -0.001325758443187654, -0.00015630040965932453, -0.013639656075795061], [0.000157600954470709, 0.0009809339930045846, 0.9999995064650985, 0.02913848437153927], [-0.0013256044684946359, -0.9999986400656012, 0.0009811420597560794, 0.03291219950418439], [0.0, 0.0, 0.0, 1.0]]}, "Hobj2base": {"type": "ndarray", "data": [[0.9999983777265978, -0.001288097389949841, -0.0012591065429989055, -0.7345028103444091], [-0.0012867264983205718, -0.9999985792215824, 0.0010889856446990958, 0.09103753262579153], [-0.001260507473654134, -0.0010873637523135633, -0.9999986143795292, 0.002343027702641255], [0.0, 0.0, 0.0, 1.0]]}, "mean_rme": {"type": "float", "data": 0.001351435015170442}, "max_rme": {"type": "float", "data": 0.0037114465238385907}, "simu": {"type": "float", "data": 0.002}}, {"type": "dict", "image_number": {"type": "int", "data": 9}, "Hcamera2end": {"type": "ndarray", "data": [[0.9999986482159264, -0.0016116424721797358, 0.0003258448429670675, -0.013898924192255146], [-0.00032445157735849696, 0.0008646863409107475, 0.999999573524262, 0.02915816526286397], [-0.001611923538438293, -0.9999983274616383, 0.0008641622720992892, 0.03300934237043757], [0.0, 0.0, 0.0, 1.0]]}, "Hobj2base": {"type": "ndarray", "data": [[0.9999979134733427, -0.0015897669334265846, -0.0012828445184519001, -0.7344883836790469], [-0.0015880986172190563, -0.9999978933783675, 0.001300454385717695, 0.09145808324722955], [-0.00128490923536473, -0.001298414388679092, -0.9999983315627743, 0.0023757008612650212], [0.0, 0.0, 0.0, 1.0]]}, "mean_rme": {"type": "float", "data": 0.0013526324783281955}, "max_rme": {"type": "float", "data": 0.0036527375256025785}, "simu": {"type": "float", "data": 0.002}}, {"type": "dict", "image_number": {"type": "int", "data": 10}, "Hcamera2end": {"type": "ndarray", "data": [[0.9999988112433515, -0.00149659335871895, 0.0003711067263033666, -0.013763330531229908], [-0.00037231395297218953, -0.0008064518457500114, 0.9999996055087923, 0.028924314276488627], [-0.0014962934886216315, -0.999998554920825, -0.000807008089664274, 0.03319129687306814], [0.0, 0.0, 0.0, 1.0]]}, "Hobj2base": {"type": "ndarray", "data": [[0.9999987403948507, -0.0015753914055262682, 0.0001932631145171203, -0.7336041498447026], [-0.0015756105447507665, -0.9999981100320112, 0.001139027575019102, 0.09143527701226109], [0.00019146833500367796, -0.001139330647695248, -0.9999993326325531, 0.0018150696318489257], [0.0, 0.0, 0.0, 1.0]]}, "mean_rme": {"type": "float", "data": 0.0015890026514276106}, "max_rme": {"type": "float", "data": 0.0052789405119764155}, "simu": {"type": "float", "data": 0.002}}, {"type": "dict", "image_number": {"type": "int", "data": 11}, "Hcamera2end": {"type": "ndarray", "data": [[0.9999986153226652, -0.001452733951287172, 0.000811736914919722, -0.013865053287748154], [-0.0008131546199836956, -0.0009755631781600549, 0.9999991935276994, 0.028839339905279024], [-0.0014519408790529312, -0.9999984689191038, -0.0009767431246439084, 0.0332417346208093], [0.0, 0.0, 0.0, 1.0]]}, "Hobj2base": {"type": "ndarray", "data": [[0.999998782831958, -0.0015281255623505498, 0.00031490771393682254, -0.733502423233234], [-0.0015285995627268433, -0.9999976908822972, 0.001510501059496095, 0.09176794234518991], [0.00031259875149687187, -0.0015109805887563007, -0.9999988096091321, 0.001714308548656749], [0.0, 0.0, 0.0, 1.0]]}, "mean_rme": {"type": "float", "data": 0.0016256063195036277}, "max_rme": {"type": "float", "data": 0.005059158179461121}, "simu": {"type": "float", "data": 0.002}}, {"type": "dict", "image_number": {"type": "int", "data": 12}, "Hcamera2end": {"type": "ndarray", "data": [[0.9999984215070185, -0.0014750215330773624, 0.0009906033254414907, -0.01390476651052536], [-0.0009920677963769075, -0.000992446722840823, 0.9999990154250101, 0.02884879745742146], [-0.0014740369597840818, -0.999998419679241, -0.000993908477632477, 0.03324280243829031], [0.0, 0.0, 0.0, 1.0]]}, "Hobj2base": {"type": "ndarray", "data": [[0.999998787883445, -0.0015306955194586964, 0.0002849611685588874, -0.7335245330450405], [-0.0015310992369913538, -0.9999978168802073, 0.001421959896006222, 0.09173409735252817], [0.0002827839588128535, -0.001422394476252844, -0.9999989484130403, 0.0016896390643872429], [0.0, 0.0, 0.0, 1.0]]}, "mean_rme": {"type": "float", "data": 0.0015245720009686263}, "max_rme": {"type": "float", "data": 0.0050167978379153655}, "simu": {"type": "float", "data": 0.002}}, {"type": "dict", "image_number": {"type": "int", "data": 13}, "Hcamera2end": {"type": "ndarray", "data": [[0.9999974602450995, -0.0020719570038706357, 0.0008868469567612857, -0.013965518052304254], [-0.0008884748791899062, -0.0007849048666457303, 0.9999992972681229, 0.028866643806034164], [-0.002071259457348069, -0.99999754545625, -0.0007867437549284872, 0.033143537617900086], [0.0, 0.0, 0.0, 1.0]]}, "Hobj2base": {"type": "ndarray", "data": [[0.999997819319633, -0.002087158960761557, 7.157828670729309e-05, -0.7337133081799591], [-0.002087254121978074, -0.999996902020527, 0.0013562151668468738, 0.09178068769822481], [6.874742832102497e-05, -0.00135636161144906, -0.9999990777780599, 0.0017322312251121497], [0.0, 0.0, 0.0, 1.0]]}, "mean_rme": {"type": "float", "data": 0.0015250937971300882}, "max_rme": {"type": "float", "data": 0.005078719462136061}, "simu": {"type": "float", "data": 0.002}}, {"type": "dict", "image_number": {"type": "int", "data": 14}, "Hcamera2end": {"type": "ndarray", "data": [[0.9999954915998519, -0.0029534755423244394, 0.0005419983315860472, -0.013983088955333362], [-0.000543667970553819, -0.000564539756809479, 0.9999996928599534, 0.028903270470552467], [-0.0029531686555875182, -0.9999954791283229, -0.0005661429216925473, 0.03302901584233596], [0.0, 0.0, 0.0, 1.0]]}, "Hobj2base": {"type": "ndarray", "data": [[0.9999958209236723, -0.0028868429306346437, -0.0001557982170047542, -0.7338940449315361], [-0.0028867007153989266, -0.999995423549235, 0.0009054499243686664, 0.09160347754808519], [-0.00015841139571509216, -0.0009049963975998361, -0.9999995779435857, 0.0017519626032206398], [0.0, 0.0, 0.0, 1.0]]}, "mean_rme": {"type": "float", "data": 0.00157045003122107}, "max_rme": {"type": "float", "data": 0.005146670358997907}, "simu": {"type": "float", "data": 0.002}}, {"type": "dict", "image_number": {"type": "int", "data": 15}, "Hcamera2end": {"type": "ndarray", "data": [[0.9999974133697848, -0.002264662805044631, -0.00021108320471342713, -0.014163523197662264], [0.00020972254449706578, -0.0006010430862835037, 0.9999997973818109, 0.028962976785411862], [-0.002264789216283578, -0.9999972550210265, -0.0006005665807613525, 0.033089268528819445], [0.0, 0.0, 0.0, 1.0]]}, "Hobj2base": {"type": "ndarray", "data": [[0.9999975504743716, -0.002213278626597164, -2.1047035508215492e-05, -0.7337958272930335], [-0.0022132795354167347, -0.9999975497583233, -4.325560041120457e-05, 0.09103910719297974], [-2.0951247242021178e-05, 4.330207742847431e-05, -0.9999999988429873, 0.0017064905579114663], [0.0, 0.0, 0.0, 1.0]]}, "mean_rme": {"type": "float", "data": 0.0015555659779795598}, "max_rme": {"type": "float", "data": 0.005227834375810758}, "simu": {"type": "float", "data": 0.002}}, {"type": "dict", "image_number": {"type": "int", "data": 16}, "Hcamera2end": {"type": "ndarray", "data": [[0.9999979304536194, -0.002028722509661192, -0.00015288380194265977, -0.014018651607561763], [0.00015187232484471552, -0.0004987230258508557, 0.9999998641050611, 0.029014260401569014], [-0.0020287984806403783, -0.9999978177777802, -0.0004984138869164045, 0.03304991130143295], [0.0, 0.0, 0.0, 1.0]]}, "Hobj2base": {"type": "ndarray", "data": [[0.9999980140641435, -0.001988707261553272, -0.00013004305821377827, -0.7339238094647639], [-0.0019887039334673374, -0.9999980221957079, 2.571648707875377e-05, 0.09091059672861522], [-0.0001300939435786547, -2.5457818866070116e-05, -0.9999999912137327, 0.001742148507648436], [0.0, 0.0, 0.0, 1.0]]}, "mean_rme": {"type": "float", "data": 0.0015880789395889322}, "max_rme": {"type": "float", "data": 0.005305399394469168}, "simu": {"type": "float", "data": 0.002}}, {"type": "dict", "image_number": {"type": "int", "data": 17}, "Hcamera2end": {"type": "ndarray", "data": [[0.9999981304101981, -0.0019189918742257618, -0.00023800482123424824, -0.013984450287775098], [0.0002370771023991724, -0.0004836537135581853, 0.999999854936756, 0.029009174953745165], [-0.00191910670776621, -0.9999980417727189, -0.0004831978602910514, 0.03304071487812932], [0.0, 0.0, 0.0, 1.0]]}, "Hobj2base": {"type": "ndarray", "data": [[0.9999981942191938, -0.0018933682641437322, -0.0001634471412454977, -0.73397133508123], [-0.0018933811401090266, -0.9999982044587143, -7.865879306336637e-05, 0.09085598349353638], [-0.00016329791770692553, 7.896811875746657e-05, -0.9999999835489131, 0.0017258031508398304], [0.0, 0.0, 0.0, 1.0]]}, "mean_rme": {"type": "float", "data": 0.0015275545484011632}, "max_rme": {"type": "float", "data": 0.005281916476231052}, "simu": {"type": "float", "data": 0.002}}, {"type": "dict", "image_number": {"type": "int", "data": 18}, "Hcamera2end": {"type": "ndarray", "data": [[0.9999986292240521, -0.0015453871105636065, 0.0005944145818285868, -0.013942279237215856], [-0.0005947242900055427, -0.00019995633814051672, 0.9999998031602214, 0.029087158125833353], [-0.00154526794940683, -0.9999987858973335, -0.00020087514329736322, 0.03297742293974059], [0.0, 0.0, 0.0, 1.0]]}, "Hobj2base": {"type": "ndarray", "data": [[0.9999989935745666, -0.001411856327045136, -0.00013968380601747698, -0.7340390853185234], [-0.0014117445442624278, -0.9999986857686172, 0.0007971438895063183, 0.09124753484296184], [-0.00014080907508460025, -0.0007969458893893668, -0.9999996725249736, 0.0018546152526233027], [0.0, 0.0, 0.0, 1.0]]}, "mean_rme": {"type": "float", "data": 0.0015109224462248182}, "max_rme": {"type": "float", "data": 0.005526042828443933}, "simu": {"type": "float", "data": 0.002}}, {"type": "dict", "image_number": {"type": "int", "data": 19}, "Hcamera2end": {"type": "ndarray", "data": [[0.9999975627914702, -0.002004713041360238, 0.0009249522913683162, -0.013969739629815948], [-0.0009256463230643938, -0.00034529984594655616, 0.9999995119733313, 0.029120550418917736], [-0.0020043926771230935, -0.9999979309446784, -0.0003471546596343078, 0.03303545825002153], [0.0, 0.0, 0.0, 1.0]]}, "Hobj2base": {"type": "ndarray", "data": [[0.9999982332067808, -0.0018761030265790654, -0.00011756168793528742, -0.7339631136641275], [-0.001875953072969905, -0.9999974429168255, 0.0012629172092947386, 0.09164659514521648], [-0.00011993075011894994, -0.0012626944377714313, -0.9999991956093621, 0.001887539383478129], [0.0, 0.0, 0.0, 1.0]]}, "mean_rme": {"type": "float", "data": 0.0015246249738988318}, "max_rme": {"type": "float", "data": 0.005545851682917324}, "simu": {"type": "float", "data": 0.002}}, {"type": "dict", "image_number": {"type": "int", "data": 20}, "Hcamera2end": {"type": "ndarray", "data": [[0.9999972063833068, -0.0022724409607188514, 0.0006505671849049382, -0.013892240817027035], [-0.0006514323822339985, -0.00038001536897169785, 0.9999997156120449, 0.028811121970370158], [-0.0022721930889352013, -0.9999973457966772, -0.0003814946489830717, 0.03245956725148928], [0.0, 0.0, 0.0, 1.0]]}, "Hobj2base": {"type": "ndarray", "data": [[0.9999976453490318, -0.002169840631303648, -3.298525126993165e-05, -0.7333747215790988], [-0.00216980588489232, -0.9999971265213341, 0.00101926026934624, 0.09146763798997089], [-3.5196788833816816e-05, -0.0010191862977517398, -0.9999994800101031, 0.002208157469888955], [0.0, 0.0, 0.0, 1.0]]}, "mean_rme": {"type": "float", "data": 0.0015351619666664016}, "max_rme": {"type": "float", "data": 0.005586943405686717}, "simu": {"type": "float", "data": 0.002}}, {"type": "dict", "image_number": {"type": "int", "data": 21}, "Hcamera2end": {"type": "ndarray", "data": [[0.999997362277072, -0.0022372491973798423, 0.0005197642997006637, -0.013962549042390667], [-0.0005208904086160311, -0.0005027920730953372, 0.9999997379366224, 0.028166279097607237], [-0.0022369872777089936, -0.999997370954624, -0.0005039561085178335, 0.03181063074919406], [0.0, 0.0, 0.0, 1.0]]}, "Hobj2base": {"type": "ndarray", "data": [[0.9999976605711764, -0.002158957178824836, 0.0001332519197651845, -0.7327385149028968], [-0.0021590775673165446, -0.9999972551086271, 0.0009100325651125668, 0.09146490683912327], [0.0001312868326637254, -0.0009103181373869204, -0.9999995770422387, 0.002864789617940873], [0.0, 0.0, 0.0, 1.0]]}, "mean_rme": {"type": "float", "data": 0.0015650821660170657}, "max_rme": {"type": "float", "data": 0.005621436462743268}, "simu": {"type": "float", "data": 0.002}}, {"type": "dict", "image_number": {"type": "int", "data": 22}, "Hcamera2end": {"type": "ndarray", "data": [[0.999997861664506, -0.001994708133017553, 0.0005457159331027224, -0.01392550223497326], [-0.0005474192395691244, -0.0008534664245600787, 0.9999994859634872, 0.02778533061015938], [-0.0019942413574384897, -0.9999976463644934, -0.0008545565411717249, 0.03372516375154294], [0.0, 0.0, 0.0, 1.0]]}, "Hobj2base": {"type": "ndarray", "data": [[0.9999979795197957, -0.0019090143383095942, 0.0006297782009407865, -0.7344972233480853], [-0.0019095793410825763, -0.9999977737576025, 0.0008977675529860275, 0.09143873217156057], [0.0006280629477707349, -0.0008989683505064392, -0.9999993986962383, 0.0030339672354182615], [0.0, 0.0, 0.0, 1.0]]}, "mean_rme": {"type": "float", "data": 0.0015795278188824595}, "max_rme": {"type": "float", "data": 0.005457727016835723}, "simu": {"type": "float", "data": 0.002}}, {"type": "dict", "image_number": {"type": "int", "data": 23}, "Hcamera2end": {"type": "ndarray", "data": [[0.9999976886808517, -0.00209208704315895, 0.0004957870089126412, -0.013948676800482241], [-0.0004973252404609377, -0.0007348055787332886, 0.9999996063641062, 0.02754574146739764], [-0.0020917219125783835, -0.9999975416132613, -0.0007358443280547355, 0.033798582884503894], [0.0, 0.0, 0.0, 1.0]]}, "Hobj2base": {"type": "ndarray", "data": [[0.9999977039733563, -0.002016592194670297, 0.0007248475261237894, -0.7345516404009536], [-0.0020172113154998286, -0.9999976004048445, 0.0008544255738549435, 0.0914552467452796], [0.0007231227588400149, -0.0008558857827027699, -0.9999993722763041, 0.0032630033016514824], [0.0, 0.0, 0.0, 1.0]]}, "mean_rme": {"type": "float", "data": 0.0015533388738428711}, "max_rme": {"type": "float", "data": 0.005509518451731754}, "simu": {"type": "float", "data": 0.002}}, {"type": "dict", "image_number": {"type": "int", "data": 24}, "Hcamera2end": {"type": "ndarray", "data": [[0.9999971034862347, -0.0023683502127116495, 0.00042887808381843336, -0.0139209021828024], [-0.00043091856873990237, -0.0008611207840514279, 0.9999995363899838, 0.028233178036743013], [-0.002367979798888969, -0.9999968246890913, -0.0008621388558871512, 0.034468665695045975], [0.0, 0.0, 0.0, 1.0]]}, "Hobj2base": {"type": "ndarray", "data": [[0.9999970477410631, -0.0023128349912730573, 0.0007451868631817065, -0.7351052472813642], [-0.0023134748947169622, -0.9999969549711274, 0.000859000806275044, 0.09148048745484334], [0.0007431978669439077, -0.0008607222413820806, -0.9999993534068681, 0.002530557885435651], [0.0, 0.0, 0.0, 1.0]]}, "mean_rme": {"type": "float", "data": 0.0015367269107678613}, "max_rme": {"type": "float", "data": 0.005442355020213174}, "simu": {"type": "float", "data": 0.002}}, {"type": "dict", "image_number": {"type": "int", "data": 25}, "Hcamera2end": {"type": "ndarray", "data": [[0.9999947854999715, -0.0032076261252858016, 0.00037430937269848446, -0.013902395450657143], [-0.0003770327942657903, -0.0008484831976540708, 0.9999995689611747, 0.02789522393864424], [-0.0032073071474609458, -0.9999944955903024, -0.000849688153479411, 0.03422588519369436], [0.0, 0.0, 0.0, 1.0]]}, "Hobj2base": {"type": "ndarray", "data": [[0.9999948492167026, -0.003134122861477814, 0.0006919638382805277, -0.7348728126656495], [-0.0031347622340434297, -0.999994658941016, 0.0009248541387895142, 0.09160194727536104], [0.0006890615359609397, -0.000927018517173829, -0.9999993329152124, 0.0029042411080025766], [0.0, 0.0, 0.0, 1.0]]}, "mean_rme": {"type": "float", "data": 0.0015346059541878506}, "max_rme": {"type": "float", "data": 0.0054724679179142255}, "simu": {"type": "float", "data": 0.002}}, {"type": "dict", "image_number": {"type": "int", "data": 26}, "Hcamera2end": {"type": "ndarray", "data": [[0.9999951810794734, -0.00310196998668244, -0.00012490009181411626, -0.013966934678010735], [0.0001224181812134789, -0.0008002848520094474, 0.9999996722789184, 0.027800364382015476], [-0.0031020689257529755, -0.9999948686500131, -0.0007999012579764653, 0.033838298354250444], [0.0, 0.0, 0.0, 1.0]]}, "Hobj2base": {"type": "ndarray", "data": [[0.9999950618490386, -0.0030570560442560093, 0.0007284819006618871, -0.7344843768324257], [-0.003057346436424948, -0.9999952471640379, 0.00039784683234529434, 0.09131928081444272], [0.0007272621982434028, -0.0004000720892605654, -0.9999996555159496, 0.002984738492813548], [0.0, 0.0, 0.0, 1.0]]}, "mean_rme": {"type": "float", "data": 0.001502806368012316}, "max_rme": {"type": "float", "data": 0.005508241401201264}, "simu": {"type": "float", "data": 0.002}}, {"type": "dict", "image_number": {"type": "int", "data": 27}, "Hcamera2end": {"type": "ndarray", "data": [[0.9999979394120297, -0.00202927383191592, 5.673984083276592e-05, -0.013993741092711048], [-5.872026260491476e-05, -0.0009758800702144299, 0.9999995221048956, 0.02858544068161913], [-0.0020292174908560345, -0.9999974648496885, -0.0009759972188201349, 0.03421615634248943], [0.0, 0.0, 0.0, 1.0]]}, "Hobj2base": {"type": "ndarray", "data": [[0.999997693630233, -0.002022344319160957, 0.0007230889774120447, -0.7348347102924646], [-0.002022730766570841, -0.9999978116418655, 0.000534108346971879, 0.09123973314914269], [0.0007220072440530839, -0.000535569729442115, -0.9999995959352206, 0.002179983945729742], [0.0, 0.0, 0.0, 1.0]]}, "mean_rme": {"type": "float", "data": 0.001494290719636819}, "max_rme": {"type": "float", "data": 0.005427759912056351}, "simu": {"type": "float", "data": 0.002}}, {"type": "dict", "image_number": {"type": "int", "data": 28}, "Hcamera2end": {"type": "ndarray", "data": [[0.9999971883413364, -0.002347775822647171, 0.00033355375621953284, -0.01396156146369596], [-0.00033568549152745986, -0.0009076452878169494, 0.9999995317475315, 0.028425034383713646], [-0.0023474719748002807, -0.9999968320593412, -0.0009084308501092764, 0.03476323840921086], [0.0, 0.0, 0.0, 1.0]]}, "Hobj2base": {"type": "ndarray", "data": [[0.9999968865391065, -0.0023929258424181393, 0.0007076849624936551, -0.7353762995888802], [-0.0023935122228361545, -0.9999967920013066, 0.0008289067104380895, 0.091383583585103], [0.0007056991799528589, -0.000830597982277108, -0.9999994060476531, 0.0023240687477637245], [0.0, 0.0, 0.0, 1.0]]}, "mean_rme": {"type": "float", "data": 0.001494621844194568}, "max_rme": {"type": "float", "data": 0.005411261757485297}, "simu": {"type": "float", "data": 0.002}}, {"type": "dict", "image_number": {"type": "int", "data": 29}, "Hcamera2end": {"type": "ndarray", "data": [[0.9999975683655035, -0.0021515430255160273, 0.00048386536316998496, -0.013936296006773749], [-0.00048558900680436277, -0.0008006695576814327, 0.9999995615656916, 0.028044840909705125], [-0.0021511546659394427, -0.9999973648919622, -0.0008017123763865985, 0.03473757656819648], [0.0, 0.0, 0.0, 1.0]]}, "Hobj2base": {"type": "ndarray", "data": [[0.99999736566082, -0.0021765824448758265, 0.000728807437447571, -0.7354017380656032], [-0.002177299260681263, -0.9999971453535119, 0.0009842015836623668, 0.09142583816315222], [0.0007266631610707606, -0.0009857858228363076, -0.9999992500932, 0.002710676584920049], [0.0, 0.0, 0.0, 1.0]]}, "mean_rme": {"type": "float", "data": 0.0014627747438147544}, "max_rme": {"type": "float", "data": 0.005443616354394776}, "simu": {"type": "float", "data": 0.002}}, {"type": "dict", "image_number": {"type": "int", "data": 30}, "Hcamera2end": {"type": "ndarray", "data": [[0.9999977331493884, -0.0020719549532349953, 0.0004906105953884186, -0.01392495232117109], [-0.0004924824974426679, -0.0009030337278039813, 0.9999994709953982, 0.02856174719460593], [-0.0020715108192464367, -0.999997445763117, -0.0009040520823113685, 0.03470210441445321], [0.0, 0.0, 0.0, 1.0]]}, "Hobj2base": {"type": "ndarray", "data": [[0.999997474695613, -0.0021078437622351195, 0.0007794851319270804, -0.7352871193663771], [-0.0021085304049768003, -0.9999973888578682, 0.0008811225668366217, 0.09138189382658957], [0.0007776258278743398, -0.0008827639098348337, -0.9999993080127367, 0.002196017978364345], [0.0, 0.0, 0.0, 1.0]]}, "mean_rme": {"type": "float", "data": 0.0014532428091987599}, "max_rme": {"type": "float", "data": 0.005430627520013054}, "simu": {"type": "float", "data": 0.002}}]}