{"type": "list", "data": [{"type": "dict", "image_number": {"type": "int", "data": 5}, "Hcamera2end": {"type": "ndarray", "data": [[0.9999914517034525, 0.0031350649562224874, -0.0026959020275198124, -0.016407706959662264], [0.0026936794384630116, 0.0007129516182431406, 0.9999961178880009, 0.02703554617648906], [0.0031369748332623483, -0.9999948315204984, 0.0007045006637105278, 0.038482845670956334], [0.0, 0.0, 0.0, 1.0]]}, "Hobj2base": {"type": "ndarray", "data": [[0.9999909578607169, 0.0032756314603488326, 0.0027119062192342094, -0.7401667849397745], [0.0032813819941008592, -0.99999237168679, -0.002118749734404992, 0.08731738500426409], [0.0027049452886775513, 0.0021276293766122733, -0.9999940782145766, 0.004810372277939434], [0.0, 0.0, 0.0, 1.0]]}, "mean_rme": {"type": "float", "data": 0.0012094186965480873}, "max_rme": {"type": "float", "data": 0.0030780385088594892}, "simu": {"type": "float", "data": 0.002}}, {"type": "dict", "image_number": {"type": "int", "data": 6}, "Hcamera2end": {"type": "ndarray", "data": [[0.9999916299188717, 0.0030616286125647488, -0.0027141338281387165, -0.016422292167089358], [0.0027118556711591252, 0.0007480058214496266, 0.9999960431552265, 0.027387627375808563], [0.003063646686079216, -0.9999950334464315, 0.0007396968656643299, 0.038433350738682606], [0.0, 0.0, 0.0, 1.0]]}, "Hobj2base": {"type": "ndarray", "data": [[0.999992605642535, 0.0031390675513841104, 0.0022214668940578183, -0.740593681947051], [0.003143296063409491, -0.9999932499684694, -0.0019025528523171254, 0.08763975312913641], [0.0022154796571627377, 0.0019095215123043257, -0.9999957226795937, 0.0045895283100890845], [0.0, 0.0, 0.0, 1.0]]}, "mean_rme": {"type": "float", "data": 0.001300060898010881}, "max_rme": {"type": "float", "data": 0.00253596866435013}, "simu": {"type": "float", "data": 0.002}}, {"type": "dict", "image_number": {"type": "int", "data": 7}, "Hcamera2end": {"type": "ndarray", "data": [[0.9999943053380701, 0.002272269434612237, -0.0024952120244973843, -0.01597532332207595], [0.0024933433501335596, 0.0008248441704693521, 0.9999965514295699, 0.02750391233465984], [0.0022743197596235476, -0.9999970782075869, 0.0008191739253762265, 0.03855090496261197], [0.0, 0.0, 0.0, 1.0]]}, "Hobj2base": {"type": "ndarray", "data": [[0.9999943840652817, 0.002630873452483251, 0.0020761365019526536, -0.7409257429807875], [0.002636527571131455, -0.999992810532212, -0.0027253635086621534, 0.0875637692502118], [0.0020689514891328435, 0.0027308219943274355, -0.999994131008263, 0.004773264304590289], [0.0, 0.0, 0.0, 1.0]]}, "mean_rme": {"type": "float", "data": 0.001547438217060055}, "max_rme": {"type": "float", "data": 0.004204195893452167}, "simu": {"type": "float", "data": 0.002}}, {"type": "dict", "image_number": {"type": "int", "data": 8}, "Hcamera2end": {"type": "ndarray", "data": [[0.9999946453421262, 0.0018926350945183367, -0.0026696852762491496, -0.0158565329837758], [0.0026683446182291927, 0.0007105268311620172, 0.9999961875370429, 0.027337860424497415], [0.0018945247619366807, -0.9999979565399228, 0.0007054728238651276, 0.038832390838252746], [0.0, 0.0, 0.0, 1.0]]}, "Hobj2base": {"type": "ndarray", "data": [[0.999994900179231, 0.0024826123349609816, 0.002009042439606119, -0.7408107336859147], [0.002488764994384204, -0.9999922034280861, -0.0030658003594120718, 0.08751045041924428], [0.0020014155821734565, 0.003070784758875649, -0.9999932822857522, 0.004994425240577541], [0.0, 0.0, 0.0, 1.0]]}, "mean_rme": {"type": "float", "data": 0.0015225089887995838}, "max_rme": {"type": "float", "data": 0.0039542041475599254}, "simu": {"type": "float", "data": 0.002}}, {"type": "dict", "image_number": {"type": "int", "data": 9}, "Hcamera2end": {"type": "ndarray", "data": [[0.9999974727164003, 0.0010880668690497327, -0.001967402170573242, -0.01638213694413826], [0.0019669036660387375, 0.00045903660294832616, 0.9999979602856025, 0.02771939844074312], [0.0010889677593130876, -0.9999993026976995, 0.0004568953201190551, 0.03876193870812469], [0.0, 0.0, 0.0, 1.0]]}, "Hobj2base": {"type": "ndarray", "data": [[0.9999953842057396, 0.0018063265329075582, 0.0024431028778351604, -0.7405919760237905], [0.0018130907661091063, -0.9999945217395865, -0.002769330729424763, 0.08789517090087891], [0.002438087178306423, 0.002773747514032335, -0.9999931810045699, 0.004290039347975024], [0.0, 0.0, 0.0, 1.0]]}, "mean_rme": {"type": "float", "data": 0.0017756008000930034}, "max_rme": {"type": "float", "data": 0.004622024978931983}, "simu": {"type": "float", "data": 0.002}}, {"type": "dict", "image_number": {"type": "int", "data": 10}, "Hcamera2end": {"type": "ndarray", "data": [[0.999997264471454, 0.0011268829674683917, -0.0020496790935775073, -0.016520902464732746], [0.0020493422625276763, 0.0002999785619516304, 0.9999978551022766, 0.027723814879875963], [0.0011274954102066341, -0.999999320073589, 0.0002976683724615903, 0.03852550055993743], [0.0, 0.0, 0.0, 1.0]]}, "Hobj2base": {"type": "ndarray", "data": [[0.9999950553677207, 0.0019226993166679977, 0.0024884668868436943, -0.7406264040700121], [0.0019304520534004425, -0.999993279359163, -0.0031168239245854355, 0.08742557650535346], [0.002482457447521538, 0.003121612379048775, -0.9999920464389587, 0.004229289323689295], [0.0, 0.0, 0.0, 1.0]]}, "mean_rme": {"type": "float", "data": 0.0017888461079018322}, "max_rme": {"type": "float", "data": 0.004924798135387083}, "simu": {"type": "float", "data": 0.002}}, {"type": "dict", "image_number": {"type": "int", "data": 11}, "Hcamera2end": {"type": "ndarray", "data": [[0.9999969499770273, 0.0008621012454294763, -0.0023144800896603077, -0.016704721616942426], [0.0023140632617661898, 0.0004841863324932527, 0.9999972053335024, 0.027707128403430387], [0.0008632194757702487, -0.9999995111723992, 0.00048218989889381447, 0.03824167500513268], [0.0, 0.0, 0.0, 1.0]]}, "Hobj2base": {"type": "ndarray", "data": [[0.9999969809826765, 0.0015155449877593942, 0.0019342049846427104, -0.740855902610362], [0.0015213989163141187, -0.9999942562795323, -0.003028655358826084, 0.08725449833650559], [0.001929603811661232, 0.0030315889126306533, -0.9999935430280511, 0.004279263460762961], [0.0, 0.0, 0.0, 1.0]]}, "mean_rme": {"type": "float", "data": 0.001850237136602773}, "max_rme": {"type": "float", "data": 0.005004187189606907}, "simu": {"type": "float", "data": 0.002}}, {"type": "dict", "image_number": {"type": "int", "data": 12}, "Hcamera2end": {"type": "ndarray", "data": [[0.9999959205685002, 0.0010876483156260735, -0.002641186759645932, -0.016794579390697156], [0.002641108338337733, 7.353170486212868e-05, 0.9999965095638255, 0.027396721748600215], [0.001087838730224344, -0.9999994058069386, 7.065880785905865e-05, 0.03818444471482022], [0.0, 0.0, 0.0, 1.0]]}, "Hobj2base": {"type": "ndarray", "data": [[0.999996752943068, 0.0018124528425485977, 0.0017914011315773924, -0.7405812584313066], [0.0018174627219438117, -0.9999944312935554, -0.0027989660828750336, 0.08704041516758974], [0.001786318161757262, 0.0028022127992495013, -0.9999944783201817, 0.004574363537525462], [0.0, 0.0, 0.0, 1.0]]}, "mean_rme": {"type": "float", "data": 0.0017632126876045403}, "max_rme": {"type": "float", "data": 0.005112923432849414}, "simu": {"type": "float", "data": 0.002}}, {"type": "dict", "image_number": {"type": "int", "data": 13}, "Hcamera2end": {"type": "ndarray", "data": [[0.9999958182617091, 0.0011442601852113792, -0.0026559607909991097, -0.016815300782672904], [0.0026559346324169716, 2.4379630979232125e-05, 0.9999964727022103, 0.027456528398421706], [0.001144320900408937, -0.9999993450369168, 2.13404487756641e-05, 0.03814905732645054], [0.0, 0.0, 0.0, 1.0]]}, "Hobj2base": {"type": "ndarray", "data": [[0.9999968434112232, 0.0018342195309295746, 0.0017172088696190452, -0.74064945105515], [0.0018389923817645822, -0.9999944393241369, -0.0027819827145588445, 0.08706398110757663], [0.0017120965537473802, 0.0027851318670125583, -0.9999946558686568, 0.0045131499395574], [0.0, 0.0, 0.0, 1.0]]}, "mean_rme": {"type": "float", "data": 0.0017068516667283367}, "max_rme": {"type": "float", "data": 0.004995580398666627}, "simu": {"type": "float", "data": 0.002}}, {"type": "dict", "image_number": {"type": "int", "data": 14}, "Hcamera2end": {"type": "ndarray", "data": [[0.9999956904518336, 0.0008044336480730312, -0.002823466710720237, -0.016792742074686524], [0.002823371822182042, 0.0001190681504805724, 0.999996007189193, 0.027332276355188107], [0.0008047666210808564, -0.9999996693545857, 0.00011679642205586482, 0.0381998800675624], [0.0, 0.0, 0.0, 1.0]]}, "Hobj2base": {"type": "ndarray", "data": [[0.9999971516615902, 0.0015163831931188042, 0.00184316323701681, -0.7404886916600599], [0.0015218728621871748, -0.9999943997956717, -0.002980650983499256, 0.08699543206311701], [0.0018386331058701413, 0.00298344755370757, -0.9999938592156434, 0.004587816957968318], [0.0, 0.0, 0.0, 1.0]]}, "mean_rme": {"type": "float", "data": 0.0016809534025323905}, "max_rme": {"type": "float", "data": 0.005167248052790174}, "simu": {"type": "float", "data": 0.002}}, {"type": "dict", "image_number": {"type": "int", "data": 15}, "Hcamera2end": {"type": "ndarray", "data": [[0.9999947045514888, 0.001037189647196349, -0.003084656644830593, -0.01688468267065274], [0.0030845767432521507, 7.862744077125061e-05, 0.9999952395906896, 0.02742968545429013], [0.001037427248406737, -0.9999994590275344, 7.542773333957253e-05, 0.038149513261386755], [0.0, 0.0, 0.0, 1.0]]}, "Hobj2base": {"type": "ndarray", "data": [[0.9999969084149176, 0.0017745997763959714, 0.0017418255482550915, -0.7405608997304898], [0.0017802266364794527, -0.9999931852787498, -0.003234221572773492, 0.08686595939830756], [0.0017360742293196557, 0.003237312418139429, -0.9999932529045266, 0.0044680477092272405], [0.0, 0.0, 0.0, 1.0]]}, "mean_rme": {"type": "float", "data": 0.0016813959869704323}, "max_rme": {"type": "float", "data": 0.00509010656230624}, "simu": {"type": "float", "data": 0.002}}, {"type": "dict", "image_number": {"type": "int", "data": 16}, "Hcamera2end": {"type": "ndarray", "data": [[0.9999950336127174, 0.00031006870424904595, -0.003136336604839342, -0.016916525907977886], [0.0031362348847066603, 0.00032800048521230973, 0.9999950282108553, 0.027460063768043746], [0.0003110958825810043, -0.9999998981365349, 0.00032702640794801674, 0.03829246965995314], [0.0, 0.0, 0.0, 1.0]]}, "Hobj2base": {"type": "ndarray", "data": [[0.9999978164933204, 0.0010545082191654295, 0.001804167677108938, -0.7405147488536719], [0.0010604911542306066, -0.999993931645413, -0.003318438015163154, 0.08711376131135441], [0.0018006574086179585, 0.0033203440731939047, -0.9999928664486222, 0.004381586102922632], [0.0, 0.0, 0.0, 1.0]]}, "mean_rme": {"type": "float", "data": 0.00172800975476353}, "max_rme": {"type": "float", "data": 0.005207752995309789}, "simu": {"type": "float", "data": 0.002}}, {"type": "dict", "image_number": {"type": "int", "data": 17}, "Hcamera2end": {"type": "ndarray", "data": [[0.9999953296230685, -3.06640728534788e-05, -0.0030561072895576914, -0.016867921075049898], [0.0030561211792039618, 0.0004636283295140764, 0.9999952225746431, 0.027437155230353824], [-2.9247028440686478e-05, -0.9999998920542374, 0.0004637198773175255, 0.03835166392952595], [0.0, 0.0, 0.0, 1.0]]}, "Hobj2base": {"type": "ndarray", "data": [[0.9999981506321899, 0.0007311054323734356, 0.0017788246251011287, -0.7405311498879739], [0.0007368785070286823, -0.9999944571298105, -0.0032469554541014953, 0.08727310256337598], [0.0017764408985359744, 0.0032482602269206075, -0.9999931465081306, 0.0043913100331460135], [0.0, 0.0, 0.0, 1.0]]}, "mean_rme": {"type": "float", "data": 0.0016553090191454196}, "max_rme": {"type": "float", "data": 0.005227866933544878}, "simu": {"type": "float", "data": 0.002}}, {"type": "dict", "image_number": {"type": "int", "data": 18}, "Hcamera2end": {"type": "ndarray", "data": [[0.9999965725673244, -0.0005890755370083439, -0.002551047552566392, -0.016843264336919357], [0.0025514595122149196, 0.0006996431571014705, 0.9999965002707812, 0.027533671218755593], [-0.0005872886524398808, -0.9999995817446449, 0.0007011437615039862, 0.038482186638375174], [0.0, 0.0, 0.0, 1.0]]}, "Hobj2base": {"type": "ndarray", "data": [[0.9999983339257579, 0.00017940253996151926, 0.0018165793230747978, -0.7405677732011379], [0.00018450708353521934, -0.9999960343642502, -0.002810198019696722, 0.0877847174232696], [0.001816067962520363, 0.002810528509451097, -0.9999944013976545, 0.00425943157821693], [0.0, 0.0, 0.0, 1.0]]}, "mean_rme": {"type": "float", "data": 0.001673242150577652}, "max_rme": {"type": "float", "data": 0.005286696498989024}, "simu": {"type": "float", "data": 0.002}}, {"type": "dict", "image_number": {"type": "int", "data": 19}, "Hcamera2end": {"type": "ndarray", "data": [[0.9999964089875895, -0.0011294604202349353, -0.0024302944440765546, -0.016724880948450937], [0.0024309312182539573, 0.0005627557431728825, 0.9999968869348471, 0.02717191539420072], [-0.0011280892419950545, -0.9999992038122493, 0.0005654993629053973, 0.037433916067419776], [0.0, 0.0, 0.0, 1.0]]}, "Hobj2base": {"type": "ndarray", "data": [[0.9999977546448618, -0.0002470922137456322, 0.0021046735310958358, -0.7394739938447543], [-0.00024156842085915222, -0.9999965271136086, -0.002624386674978792, 0.088150527903313], [0.0021053146873170167, 0.0026238723596373557, -0.9999943414559442, 0.004559169140290616], [0.0, 0.0, 0.0, 1.0]]}, "mean_rme": {"type": "float", "data": 0.0016760348927275701}, "max_rme": {"type": "float", "data": 0.005160002714495682}, "simu": {"type": "float", "data": 0.002}}, {"type": "dict", "image_number": {"type": "int", "data": 20}, "Hcamera2end": {"type": "ndarray", "data": [[0.9999965554828788, -0.0012208764349768936, -0.0023234636016551125, -0.016756249508015825], [0.0023243202811204897, 0.0007007424845748567, 0.999997053243259, 0.026986244677901797], [-0.0012192446876939853, -0.9999990092098597, 0.000703577778713993, 0.03694999663782097], [0.0, 0.0, 0.0, 1.0]]}, "Hobj2base": {"type": "ndarray", "data": [[0.9999977223773013, -0.0003475372975772825, 0.0021058152902160804, -0.7390312425197412], [-0.0003422597277051019, -0.9999968013291041, -0.002506030694042829, 0.08837707312947517], [0.0021066794935410524, 0.0025053042504826106, -0.9999946426617115, 0.00470317249913845], [0.0, 0.0, 0.0, 1.0]]}, "mean_rme": {"type": "float", "data": 0.001641008379687329}, "max_rme": {"type": "float", "data": 0.005152998868368619}, "simu": {"type": "float", "data": 0.002}}, {"type": "dict", "image_number": {"type": "int", "data": 21}, "Hcamera2end": {"type": "ndarray", "data": [[0.999995463908964, -0.001787264894359387, -0.002424426879340195, -0.016722691936493003], [0.002426135981225485, 0.0009547196410902847, 0.9999966011815276, 0.025739096090482833], [-0.0017849441718103566, -0.9999979470951947, 0.0009590514580632981, 0.03720480994080946], [0.0, 0.0, 0.0, 1.0]]}, "Hobj2base": {"type": "ndarray", "data": [[0.9999970793580508, -0.0009184519611013841, 0.002235558400815517, -0.7394245891648473], [-0.0009128517004647369, -0.9999964462925395, -0.0025048161738866065, 0.08900144427554892], [0.0022378510096220544, 0.0025027681249277416, -0.999994364071404, 0.0057891947882270445], [0.0, 0.0, 0.0, 1.0]]}, "mean_rme": {"type": "float", "data": 0.0016618559286189919}, "max_rme": {"type": "float", "data": 0.004977400495203621}, "simu": {"type": "float", "data": 0.002}}, {"type": "dict", "image_number": {"type": "int", "data": 22}, "Hcamera2end": {"type": "ndarray", "data": [[0.9999951791845865, -0.001946551215609496, -0.0024192035780060983, -0.016700538365837438], [0.0024202525534002357, 0.0005367141832063327, 0.9999969271530103, 0.02689018542924882], [-0.0019452468132830742, -0.9999979614360472, 0.0005414227413561568, 0.03685033352424687], [0.0, 0.0, 0.0, 1.0]]}, "Hobj2base": {"type": "ndarray", "data": [[0.999996152955041, -0.0008709288799938816, 0.0026335447602489344, -0.7387571896716035], [-0.0008645530643021395, -0.9999966952328856, -0.002421171474042288, 0.08849864395530171], [0.002635644725156977, 0.0024188853204943237, -0.9999936011648722, 0.004726725854886979], [0.0, 0.0, 0.0, 1.0]]}, "mean_rme": {"type": "float", "data": 0.0016430520033933406}, "max_rme": {"type": "float", "data": 0.00511559809285278}, "simu": {"type": "float", "data": 0.002}}, {"type": "dict", "image_number": {"type": "int", "data": 23}, "Hcamera2end": {"type": "ndarray", "data": [[0.9999939200156341, -0.002292416324012919, -0.002627690842355826, -0.016601028636896022], [0.0026283228550446165, 0.0002727281304329976, 0.9999965087630739, 0.027266607616283405], [-0.002291691675433607, -0.9999973352198316, 0.000278751682467937, 0.036424042631652054], [0.0, 0.0, 0.0, 1.0]]}, "Hobj2base": {"type": "ndarray", "data": [[0.9999950832296259, -0.00105168023882754, 0.0029542317527220126, -0.7381566251646079], [-0.0010441475769589546, -0.9999962031790199, -0.002550173206256159, 0.08826510677429085], [0.002956902502799521, 0.0025470760137137095, -0.9999923845366872, 0.004403418220568737], [0.0, 0.0, 0.0, 1.0]]}, "mean_rme": {"type": "float", "data": 0.0016437901023434415}, "max_rme": {"type": "float", "data": 0.005124222217812419}, "simu": {"type": "float", "data": 0.002}}, {"type": "dict", "image_number": {"type": "int", "data": 24}, "Hcamera2end": {"type": "ndarray", "data": [[0.9999954631257555, -0.002028277596911752, -0.0022270648611322054, -0.01653844315414567], [0.0022274602433366066, 0.00019269686358258653, 0.9999975006412682, 0.026836121765869258], [-0.0020278433791046943, -0.9999979244768005, 0.00019721389705074088, 0.03487564526396923], [0.0, 0.0, 0.0, 1.0]]}, "Hobj2base": {"type": "ndarray", "data": [[0.9999954187452373, -0.0007834202049355139, 0.0029238230657672396, -0.7366601124130033], [-0.0007770553573484782, -0.9999973275673164, -0.0021773936707627038, 0.08867294946522432], [0.0029255210662426914, 0.0021751117231903856, -0.9999933550856643, 0.004804382526628718], [0.0, 0.0, 0.0, 1.0]]}, "mean_rme": {"type": "float", "data": 0.0016970641981781274}, "max_rme": {"type": "float", "data": 0.005102986728469344}, "simu": {"type": "float", "data": 0.002}}, {"type": "dict", "image_number": {"type": "int", "data": 25}, "Hcamera2end": {"type": "ndarray", "data": [[0.9999971011047025, -0.0018179777081588394, -0.0015788411078841893, -0.0165078079326367], [0.0015790896662758454, 0.00013529520499810932, 0.9999987440847281, 0.026983576602298928], [-0.0018177618153015207, -0.9999983383247496, 0.0001381655626039313, 0.0332590397622478], [0.0, 0.0, 0.0, 1.0]]}, "Hobj2base": {"type": "ndarray", "data": [[0.9999955611265761, -0.0005795652415687225, 0.002922641147139875, -0.7350170089288433], [-0.0005749669244797049, -0.9999985960653008, -0.001573937883946829, 0.08894823249116587], [0.0029235492436324798, 0.0015722504754440564, -0.9999944904289533, 0.00466761632521705], [0.0, 0.0, 0.0, 1.0]]}, "mean_rme": {"type": "float", "data": 0.0017584111728816889}, "max_rme": {"type": "float", "data": 0.005156534252628742}, "simu": {"type": "float", "data": 0.002}}, {"type": "dict", "image_number": {"type": "int", "data": 26}, "Hcamera2end": {"type": "ndarray", "data": [[0.9999971983071858, -0.001842483224485299, -0.0014861471482651887, -0.0165268159090885], [0.0014866891009747466, 0.0002928078475530338, 0.9999988520088816, 0.02740363765498636], [-0.0018420459537832918, -0.9999982597580515, 0.0002955462269239595, 0.03327910604960304], [0.0, 0.0, 0.0, 1.0]]}, "Hobj2base": {"type": "ndarray", "data": [[0.9999958490900843, -0.0006445043271828625, 0.0028082764774219598, -0.7350390099525138], [-0.0006402139705223227, -0.9999986270808499, -0.0015283855821293976, 0.08881076939388302], [0.002809257673006691, 0.0015265813401045948, -0.9999948887973074, 0.004301724853064921], [0.0, 0.0, 0.0, 1.0]]}, "mean_rme": {"type": "float", "data": 0.0017297646660390923}, "max_rme": {"type": "float", "data": 0.005209862804381793}, "simu": {"type": "float", "data": 0.002}}, {"type": "dict", "image_number": {"type": "int", "data": 27}, "Hcamera2end": {"type": "ndarray", "data": [[0.9999973434952443, -0.0017611573468684358, -0.0014870532115569002, -0.016532472601035898], [0.00148777352068105, 0.00040775814076743355, 0.9999988101309171, 0.027540443877434758], [-0.0017605488932689918, -0.9999983660277142, 0.00041037726082249204, 0.033533311202767126], [0.0, 0.0, 0.0, 1.0]]}, "Hobj2base": {"type": "ndarray", "data": [[0.999996310049929, -0.0005941723148075714, 0.0026508198329561177, -0.7353362332607192], [-0.0005900133394368031, -0.999998594361529, -0.0015694455154382763, 0.088719367991726], [0.002651748627936652, 0.0015678757052007973, -0.9999952549862363, 0.0042000190446807705], [0.0, 0.0, 0.0, 1.0]]}, "mean_rme": {"type": "float", "data": 0.0016877224970658212}, "max_rme": {"type": "float", "data": 0.0052310691358523065}, "simu": {"type": "float", "data": 0.002}}, {"type": "dict", "image_number": {"type": "int", "data": 28}, "Hcamera2end": {"type": "ndarray", "data": [[0.9999977200165101, -0.001681462671767219, -0.0013162997625889702, -0.016532558352032108], [0.0013171883281414623, 0.0005274499280853995, 0.9999989934052343, 0.027679569805695595], [-0.0016807666970005781, -0.999998447238723, 0.0005296635285138018, 0.03349732619788688], [0.0, 0.0, 0.0, 1.0]]}, "Hobj2base": {"type": "ndarray", "data": [[0.999996716127048, -0.0005598619953540292, 0.0025008577861140107, -0.7353408186043844], [-0.0005562478470311046, -0.9999988003771583, -0.0014456253238469613, 0.08872408123423384], [0.00250166413670623, 0.0014442294798378045, -0.9999958279301753, 0.004090117779540127], [0.0, 0.0, 0.0, 1.0]]}, "mean_rme": {"type": "float", "data": 0.0016380498323083387}, "max_rme": {"type": "float", "data": 0.005253551867853229}, "simu": {"type": "float", "data": 0.002}}, {"type": "dict", "image_number": {"type": "int", "data": 29}, "Hcamera2end": {"type": "ndarray", "data": [[0.999997916376053, -0.001551980934766998, -0.001326121687721824, -0.016520212050828202], [0.0013270888527054192, 0.0006223171672784522, 0.9999989257776828, 0.027726313576219616], [-0.0015511539993022733, -0.9999986020372832, 0.0006243754872016227, 0.033741795240737484], [0.0, 0.0, 0.0, 1.0]]}, "Hobj2base": {"type": "ndarray", "data": [[0.9999972053982511, -0.00045316758677906, 0.002320309209214876, -0.7356407490721265], [-0.0004496936456114128, -0.9999987776462607, -0.0014974917728215876, 0.0886553276340424], [0.0023209849877091487, 0.001496444159621223, -0.9999961868345117, 0.00407933601194261], [0.0, 0.0, 0.0, 1.0]]}, "mean_rme": {"type": "float", "data": 0.0016023123496146385}, "max_rme": {"type": "float", "data": 0.005267024499723161}, "simu": {"type": "float", "data": 0.002}}, {"type": "dict", "image_number": {"type": "int", "data": 30}, "Hcamera2end": {"type": "ndarray", "data": [[0.9999986867356951, -0.0014794962047767696, -0.0006615269193992698, -0.016506029692212876], [0.0006625113951838915, 0.0006650217753425558, 0.9999995594122476, 0.02777421792042595], [-0.0014790556231224863, -0.9999986844176437, 0.0006660010850880749, 0.03330908422941173], [0.0, 0.0, 0.0, 1.0]]}, "Hobj2base": {"type": "ndarray", "data": [[0.9999973458232438, -0.00043392198467602624, 0.002262754555588833, -0.7352205159348061], [-0.0004319738736345734, -0.9999995357249027, -0.0008613643545570868, 0.08894447388574665], [0.0022631272699785003, 0.0008603846174933765, -0.9999970689923396, 0.004007014886090182], [0.0, 0.0, 0.0, 1.0]]}, "mean_rme": {"type": "float", "data": 0.0016033556241017036}, "max_rme": {"type": "float", "data": 0.0052809875827593}, "simu": {"type": "float", "data": 0.002}}]}