{"type": "list", "data": [{"type": "dict", "image_number": {"type": "int", "data": 5}, "Hcamera2end": {"type": "ndarray", "data": [[0.9999810718478017, 0.005935157096250197, 0.001621683188681574, -0.015356355971058753], [-0.0016202545326855478, -0.00024551109260717574, 0.999998657248875, 0.032098916095264], [0.005935547268022845, -0.9999823566616295, -0.00023588998034851372, 0.029732860345547684], [0.0, 0.0, 0.0, 1.0]]}, "Hobj2base": {"type": "ndarray", "data": [[0.9999827102272433, 0.005686937761480007, 0.0014959897975169358, -0.7326769015232404], [0.005682617366809353, -0.9999797164445314, 0.002876553385056471, 0.09018138300147809], [0.0015123182335932883, -0.002868002512498181, -0.9999947437137602, -0.00045130851311403486], [0.0, 0.0, 0.0, 1.0]]}, "mean_rme": {"type": "float", "data": 0.0011470531601084197}, "max_rme": {"type": "float", "data": 0.0031836367510692243}, "simu": {"type": "float", "data": 0.002}}, {"type": "dict", "image_number": {"type": "int", "data": 6}, "Hcamera2end": {"type": "ndarray", "data": [[0.9999825082141093, 0.00565189034408892, 0.0017433878963756771, -0.015178421905062219], [-0.001741774073854209, -0.0002904463990398565, 0.9999984409307674, 0.03215107327379596], [0.005652387893137208, -0.9999839857599861, -0.0002805970025439031, 0.02958044732986161], [0.0, 0.0, 0.0, 1.0]]}, "Hobj2base": {"type": "ndarray", "data": [[0.9999842005085889, 0.005533196917907876, 0.0009911937579894672, -0.7328681641842731], [0.005531024953395772, -0.9999823258644194, 0.0021807617364474384, 0.08981447574167152], [0.0010032428236154043, -0.0021752449641120244, -0.9999971309024758, -0.0005175962466701193], [0.0, 0.0, 0.0, 1.0]]}, "mean_rme": {"type": "float", "data": 0.001266547860873906}, "max_rme": {"type": "float", "data": 0.003274365449538519}, "simu": {"type": "float", "data": 0.002}}, {"type": "dict", "image_number": {"type": "int", "data": 7}, "Hcamera2end": {"type": "ndarray", "data": [[0.9999825221494751, 0.0056959379294993714, 0.0015848301731899, -0.01506883516103145], [-0.0015816100268733163, -0.0005698007956607132, 0.9999985869173896, 0.03219855521401723], [0.005696832918162205, -0.9999836156748553, -0.0005607820842259414, 0.02959484175587545], [0.0, 0.0, 0.0, 1.0]]}, "Hobj2base": {"type": "ndarray", "data": [[0.9999837418153847, 0.005606661238665787, 0.0010399301211117436, -0.7327898347480085], [0.005604605045903955, -0.999982354132043, 0.001969727599845976, 0.08964258818429875], [0.001050955366026928, -0.0019638671780468457, -0.9999975193561863, -0.0005933979806781295], [0.0, 0.0, 0.0, 1.0]]}, "mean_rme": {"type": "float", "data": 0.0011746497824036935}, "max_rme": {"type": "float", "data": 0.0032175116490028577}, "simu": {"type": "float", "data": 0.002}}, {"type": "dict", "image_number": {"type": "int", "data": 8}, "Hcamera2end": {"type": "ndarray", "data": [[0.9999826282274181, 0.005693817240353509, 0.0015243649887029254, -0.015325655512696126], [-0.0015219660094132285, -0.0004256397500854714, 0.9999987512243548, 0.03240972603297869], [0.005694458960386043, -0.9999836995051651, -0.0004169665596649441, 0.029994572370616243], [0.0, 0.0, 0.0, 1.0]]}, "Hobj2base": {"type": "ndarray", "data": [[0.9999835503088923, 0.0056980048455020395, 0.0006571547790969392, -0.7331645190310654], [0.005696633788807576, -0.9999816322105828, 0.0020696871586513605, 0.08949712580817878], [0.0006689357960750111, -0.0020659095428178314, -0.9999976422685513, -0.0001968128521325635], [0.0, 0.0, 0.0, 1.0]]}, "mean_rme": {"type": "float", "data": 0.0013055820762409263}, "max_rme": {"type": "float", "data": 0.003961506509567392}, "simu": {"type": "float", "data": 0.002}}, {"type": "dict", "image_number": {"type": "int", "data": 9}, "Hcamera2end": {"type": "ndarray", "data": [[0.999983531205368, 0.005424129151024317, 0.0018751375938491752, -0.015237315664423462], [-0.0018720214816538205, -0.0005795108300061802, 0.9999980798495414, 0.03232451349017741], [0.005425205398423629, -0.9999851213843887, -0.0005693471998713395, 0.02972683632275427], [0.0, 0.0, 0.0, 1.0]]}, "Hobj2base": {"type": "ndarray", "data": [[0.9999849477246868, 0.005411519153023371, 0.0009054195225281375, -0.7330379145999288], [0.005409250642328458, -0.9999822711776698, 0.002489445287114496, 0.0901620203450699], [0.0009188751513579123, -0.0024845101741648454, -0.9999964914326702, -0.00046631527295586887], [0.0, 0.0, 0.0, 1.0]]}, "mean_rme": {"type": "float", "data": 0.0013900418170254875}, "max_rme": {"type": "float", "data": 0.004322177469736732}, "simu": {"type": "float", "data": 0.002}}, {"type": "dict", "image_number": {"type": "int", "data": 10}, "Hcamera2end": {"type": "ndarray", "data": [[0.9999848696055563, 0.00513772339448691, 0.0019657971106763926, -0.015253809957291115], [-0.0019661424862443214, 6.217354305004807e-05, 0.9999980652072152, 0.03241914516933304], [0.005137591233485468, -0.9999867998792643, 7.2274098588343e-05, 0.029561025525326707], [0.0, 0.0, 0.0, 1.0]]}, "Hobj2base": {"type": "ndarray", "data": [[0.9999866724494045, 0.005159451524919989, 0.0001870388442382513, -0.733599023812213], [0.0051589695374342, -0.9999835878131975, 0.0024918141094960773, 0.09025369598889438], [0.0001998921686288571, -0.0024908159720177167, -0.9999968779345834, -0.00041614522140737684], [0.0, 0.0, 0.0, 1.0]]}, "mean_rme": {"type": "float", "data": 0.0013840589626251665}, "max_rme": {"type": "float", "data": 0.004251128755744127}, "simu": {"type": "float", "data": 0.002}}, {"type": "dict", "image_number": {"type": "int", "data": 11}, "Hcamera2end": {"type": "ndarray", "data": [[0.9999817992314645, 0.005486071901750286, 0.002510820760596195, -0.015179706378417961], [-0.00250956547760485, -0.00023568462369549792, 0.9999968232618902, 0.03228786739457363], [0.005486646235782729, -0.999984923620275, -0.00022191267740190312, 0.029540703105790142], [0.0, 0.0, 0.0, 1.0]]}, "Hobj2base": {"type": "ndarray", "data": [[0.9999847736594958, 0.005493258455083656, 0.0005258903997543554, -0.733210212461837], [0.005491684985124147, -0.9999805748438473, 0.002948106340181647, 0.09060666728406713], [0.0005420748943309094, -0.0029451734268985167, -0.9999955160440943, -0.0005041134370090734], [0.0, 0.0, 0.0, 1.0]]}, "mean_rme": {"type": "float", "data": 0.0014096852195404676}, "max_rme": {"type": "float", "data": 0.00446777319854047}, "simu": {"type": "float", "data": 0.002}}, {"type": "dict", "image_number": {"type": "int", "data": 12}, "Hcamera2end": {"type": "ndarray", "data": [[0.9999837818331841, 0.005268079345197167, 0.0021641189005096066, -0.015275654600346623], [-0.00216349951831711, -0.00012326862784384218, 0.9999976520345832, 0.032366610824915605], [0.00526833374389641, -0.9999861159760459, -0.0001118691415269435, 0.02951695677085363], [0.0, 0.0, 0.0, 1.0]]}, "Hobj2base": {"type": "ndarray", "data": [[0.9999860857421644, 0.0052627079009893015, 0.00036363115043841097, -0.7333607584079541], [0.0052617227736722885, -0.9999826219233665, 0.0026589706134237568, 0.09045813430879089], [0.0003776182168841758, -0.002657020289515586, -0.9999963988173477, -0.0004494356991133486], [0.0, 0.0, 0.0, 1.0]]}, "mean_rme": {"type": "float", "data": 0.001396454090767908}, "max_rme": {"type": "float", "data": 0.004327163400085043}, "simu": {"type": "float", "data": 0.002}}, {"type": "dict", "image_number": {"type": "int", "data": 13}, "Hcamera2end": {"type": "ndarray", "data": [[0.9999815723572845, 0.0056666444473511615, 0.0021780924132039294, -0.015128232821134843], [-0.00217609118079987, -0.00035930170211662116, 0.9999975677617718, 0.032358939877887884], [0.005667413257033344, -0.9999838798915681, -0.00034696394602673486, 0.029503761986922106], [0.0, 0.0, 0.0, 1.0]]}, "Hobj2base": {"type": "ndarray", "data": [[0.9999838953703896, 0.005651489899411283, 0.0005192896866114622, -0.7331716717309599], [0.005650054100146798, -0.9999803227044906, 0.002726003024370363, 0.09033722892922597], [0.0005346854469528372, -0.002723025108278336, -0.9999961496154537, -0.000521360738122679], [0.0, 0.0, 0.0, 1.0]]}, "mean_rme": {"type": "float", "data": 0.001408886052107192}, "max_rme": {"type": "float", "data": 0.004380939023134911}, "simu": {"type": "float", "data": 0.002}}, {"type": "dict", "image_number": {"type": "int", "data": 14}, "Hcamera2end": {"type": "ndarray", "data": [[0.999978780100918, 0.0054832939472018415, 0.003517504139080514, -0.014963472926590577], [-0.003516106091107871, -0.0002645841639312696, 0.9999937834772656, 0.0322831616825326], [0.005484190536072122, -0.9999849316278266, -0.0002452987062349088, 0.029385748388277885], [0.0, 0.0, 0.0, 1.0]]}, "Hobj2base": {"type": "ndarray", "data": [[0.9999847817959497, 0.005502789592607769, 0.00039431358878738173, -0.7331443718157299], [0.005501252177372294, -0.9999776502081852, 0.003799382660016008, 0.0911537488751039], [0.00041521197932063307, -0.0037971556217465383, -0.9999927045774866, -0.0005634311479184306], [0.0, 0.0, 0.0, 1.0]]}, "mean_rme": {"type": "float", "data": 0.0013931674327627218}, "max_rme": {"type": "float", "data": 0.004581035950285195}, "simu": {"type": "float", "data": 0.002}}, {"type": "dict", "image_number": {"type": "int", "data": 15}, "Hcamera2end": {"type": "ndarray", "data": [[0.9999785502695591, 0.005421851963350504, 0.00367457780956627, -0.014951633612663152], [-0.003672667829773558, -0.0003621888217619773, 0.9999931901419475, 0.03233778525969258], [0.005423145932315573, -0.9999852360612854, -0.00034226839162565525, 0.029422467692503982], [0.0, 0.0, 0.0, 1.0]]}, "Hobj2base": {"type": "ndarray", "data": [[0.9999850973415704, 0.005444793581195989, 0.0003991461239595604, -0.7331599513505221], [0.005443216031127313, -0.9999777655764399, 0.003852239866472392, 0.0911290138017694], [0.00042011190007377417, -0.003850009819276774, -0.9999925004370696, -0.0005415652292735551], [0.0, 0.0, 0.0, 1.0]]}, "mean_rme": {"type": "float", "data": 0.0013809692224474805}, "max_rme": {"type": "float", "data": 0.004501649630537341}, "simu": {"type": "float", "data": 0.002}}, {"type": "dict", "image_number": {"type": "int", "data": 16}, "Hcamera2end": {"type": "ndarray", "data": [[0.9999828525988643, 0.004799806891896384, 0.0033550502288970615, -0.014884543620436418], [-0.003351484760306532, -0.0007506863950863529, 0.9999941019925257, 0.03229467671000838], [0.004802297173161124, -0.9999881990922378, -0.0007345870431150203, 0.02947271668152429], [0.0, 0.0, 0.0, 1.0]]}, "Hobj2base": {"type": "ndarray", "data": [[0.9999878935663626, 0.004865451300712094, 0.000734917920092677, -0.7328074248904455], [0.004862744720312175, -0.9999815490267623, 0.003640785605136723, 0.09106890456269232], [0.0007526184251999276, -0.003637167809971613, -0.9999931022641251, -0.0006264678825839663], [0.0, 0.0, 0.0, 1.0]]}, "mean_rme": {"type": "float", "data": 0.0013983152220254488}, "max_rme": {"type": "float", "data": 0.004572752128265245}, "simu": {"type": "float", "data": 0.002}}, {"type": "dict", "image_number": {"type": "int", "data": 17}, "Hcamera2end": {"type": "ndarray", "data": [[0.9999875872930921, 0.003981128583059064, 0.0029959764594465334, -0.014907057654920315], [-0.002991930016315576, -0.0010219732814260585, 0.9999950019502044, 0.03216081347856773], [0.0039841704930735, -0.999991553057233, -0.00101004933786486, 0.029487081936726348], [0.0, 0.0, 0.0, 1.0]]}, "Hobj2base": {"type": "ndarray", "data": [[0.9999909139303871, 0.004125621303303084, 0.0010729890636900655, -0.7324262684207352], [0.004122413960762354, -0.9999870792561776, 0.0029743947007301675, 0.09099816232855953], [0.0010852464260150132, -0.002969944370076959, -0.9999950008228209, -0.0007001683839736839], [0.0, 0.0, 0.0, 1.0]]}, "mean_rme": {"type": "float", "data": 0.00142437001831283}, "max_rme": {"type": "float", "data": 0.004743035722120814}, "simu": {"type": "float", "data": 0.002}}, {"type": "dict", "image_number": {"type": "int", "data": 18}, "Hcamera2end": {"type": "ndarray", "data": [[0.999991919099363, 0.0031980505763227318, 0.00243602308778971, -0.014902317458328682], [-0.0024329017736149953, -0.00097953301098741, 0.999996560746106, 0.03231468424892008], [0.0032004257424448515, -0.9999944064781522, -0.0009717445525592172, 0.029854828425285536], [0.0, 0.0, 0.0, 1.0]]}, "Hobj2base": {"type": "ndarray", "data": [[0.9999941068609772, 0.0032827929172440148, 0.001004745728469841, -0.7327426448521601], [0.0032802296772556708, -0.9999913885266212, 0.002542236390428158, 0.09091406137495503], [0.001013082711745205, -0.0025389256119190576, -0.9999962637530986, -0.0009042328202220803], [0.0, 0.0, 0.0, 1.0]]}, "mean_rme": {"type": "float", "data": 0.001361621940980371}, "max_rme": {"type": "float", "data": 0.004768790731052797}, "simu": {"type": "float", "data": 0.002}}, {"type": "dict", "image_number": {"type": "int", "data": 19}, "Hcamera2end": {"type": "ndarray", "data": [[0.9999938597882208, 0.00280130774816038, 0.002105483497046511, -0.01485768400183193], [-0.0021016616054411095, -0.0013665689881630083, 0.9999968577489114, 0.03317802880842482], [0.002804176234200212, -0.999995142570253, -0.0013606731962005902, 0.03094273426735707], [0.0, 0.0, 0.0, 1.0]]}, "Hobj2base": {"type": "ndarray", "data": [[0.9999950293596991, 0.0028520368063494443, 0.0013442997990461348, -0.7335302058941144], [0.002848979782590265, -0.999993364005672, 0.0022705195039078798, 0.09089094406996956], [0.0013507664834749732, -0.002266678335022907, -0.9999965187935569, -0.0019387473270248584], [0.0, 0.0, 0.0, 1.0]]}, "mean_rme": {"type": "float", "data": 0.0013731789288459215}, "max_rme": {"type": "float", "data": 0.0048786978545563575}, "simu": {"type": "float", "data": 0.002}}, {"type": "dict", "image_number": {"type": "int", "data": 20}, "Hcamera2end": {"type": "ndarray", "data": [[0.9999941882962057, 0.002721299887324581, 0.0020537528420052804, -0.01484922767215385], [-0.002049203885606355, -0.0016733467453666773, 0.9999965003309286, 0.033425055095515126], [0.002724727004309489, -0.9999948972057773, -0.0016677605220680736, 0.03187461827639326], [0.0, 0.0, 0.0, 1.0]]}, "Hobj2base": {"type": "ndarray", "data": [[0.9999947187523739, 0.0027604442933194706, 0.001715346805792546, -0.7342538745876178], [0.002756640530002795, -0.9999937453158243, 0.0022159111486117307, 0.09095751540474664], [0.0017214529761247124, -0.002211170851308379, -0.9999960736538505, -0.002335211799996656], [0.0, 0.0, 0.0, 1.0]]}, "mean_rme": {"type": "float", "data": 0.0013854226316068886}, "max_rme": {"type": "float", "data": 0.0049910772128385905}, "simu": {"type": "float", "data": 0.002}}, {"type": "dict", "image_number": {"type": "int", "data": 21}, "Hcamera2end": {"type": "ndarray", "data": [[0.999994138137731, 0.0027949062371445633, 0.0019779255046869526, -0.014849535689431287], [-0.001974183269531816, -0.0013410734417398373, 0.9999971520571654, 0.03351697152976606], [0.002797550820775449, -0.9999951949990306, -0.0013355479234187229, 0.031397828331614], [0.0, 0.0, 0.0, 1.0]]}, "Hobj2base": {"type": "ndarray", "data": [[0.9999946888453252, 0.0028219003895771136, 0.0016306928995482347, -0.733815785766162], [0.002818418735205471, -0.9999937524448284, 0.0021334449006768738, 0.09086722316556463], [0.0016367030807007382, -0.002128837594201563, -0.9999963946202621, -0.002360679628379521], [0.0, 0.0, 0.0, 1.0]]}, "mean_rme": {"type": "float", "data": 0.001388672593658884}, "max_rme": {"type": "float", "data": 0.00496205274732664}, "simu": {"type": "float", "data": 0.002}}, {"type": "dict", "image_number": {"type": "int", "data": 22}, "Hcamera2end": {"type": "ndarray", "data": [[0.9999958291835783, 0.0023600520881208783, 0.0016648632343172717, -0.014794229524909296], [-0.0016615905639906694, -0.0013879772474931773, 0.9999976563152324, 0.03347563935675494], [0.0023623573491921694, -0.9999962518296264, -0.001384050018214733, 0.031227634673189467], [0.0, 0.0, 0.0, 1.0]]}, "Hobj2base": {"type": "ndarray", "data": [[0.9999958420836966, 0.0023694044019804917, 0.001643696473928952, -0.7336152749494641], [0.0023663064192937762, -0.9999954252627337, 0.0018841569823020983, 0.09073496077904353], [0.0016481532842973275, -0.001880259658617435, -0.999996874102298, -0.0023281214975072813], [0.0, 0.0, 0.0, 1.0]]}, "mean_rme": {"type": "float", "data": 0.001380252299289998}, "max_rme": {"type": "float", "data": 0.004952037678760957}, "simu": {"type": "float", "data": 0.002}}, {"type": "dict", "image_number": {"type": "int", "data": 23}, "Hcamera2end": {"type": "ndarray", "data": [[0.9999979640031298, 0.0017236417739059894, 0.001049308644023506, -0.014867905717321085], [-0.0010464088700047913, -0.0016823942516313029, 0.9999980372871031, 0.033571692285483776], [0.0017254037417229425, -0.9999970993001015, -0.0016805871922409565, 0.030171762409779816], [0.0, 0.0, 0.0, 1.0]]}, "Hobj2base": {"type": "ndarray", "data": [[0.9999966584735311, 0.0017165240025699495, 0.0019330253801888176, -0.7323709510134934], [0.001713837276060723, -0.9999975643445513, 0.0013907072862880132, 0.09056840354683172], [0.0019354078544424804, -0.0013873897482506667, -0.9999971646690422, -0.0024221157115214384], [0.0, 0.0, 0.0, 1.0]]}, "mean_rme": {"type": "float", "data": 0.0013969416136903176}, "max_rme": {"type": "float", "data": 0.004894275630859313}, "simu": {"type": "float", "data": 0.002}}, {"type": "dict", "image_number": {"type": "int", "data": 24}, "Hcamera2end": {"type": "ndarray", "data": [[0.9999979488563362, 0.0015812328032588265, 0.001265695833216028, -0.014858216478182664], [-0.00126327142955228, -0.0015332954463813664, 0.9999980265732374, 0.03351422463103866], [0.0015831703684692688, -0.999997574351006, -0.0015312947751482398, 0.03088013430314429], [0.0, 0.0, 0.0, 1.0]]}, "Hobj2base": {"type": "ndarray", "data": [[0.9999974071255652, 0.0015261464027101473, 0.001690153633298341, -0.733176519134532], [0.0015233782236813362, -0.9999974982899715, 0.0016379049377302948, 0.09080996878331608], [0.001692649087752746, -0.0016353259476088126, -0.9999972303202194, -0.002356597887427543], [0.0, 0.0, 0.0, 1.0]]}, "mean_rme": {"type": "float", "data": 0.001433194470643712}, "max_rme": {"type": "float", "data": 0.004906897049816783}, "simu": {"type": "float", "data": 0.002}}, {"type": "dict", "image_number": {"type": "int", "data": 25}, "Hcamera2end": {"type": "ndarray", "data": [[0.9999988740524713, 0.0009876674018541843, 0.00112978178994362, -0.014806639694568047], [-0.001128365211374625, -0.0014336493968738484, 0.9999983357192931, 0.03321702612790359], [0.0009892854690801349, -0.9999984845801065, -0.0014325333331230983, 0.031114375032240328], [0.0, 0.0, 0.0, 1.0]]}, "Hobj2base": {"type": "ndarray", "data": [[0.999998442020324, 0.0008952172951778385, 0.001521362191985872, -0.733474930379582], [0.0008928657749187309, -0.9999984068855865, 0.0015456445247878058, 0.09085005718584993], [0.0015227434559926228, -0.0015442837444725704, -0.9999976482172765, -0.0020508880439842627], [0.0, 0.0, 0.0, 1.0]]}, "mean_rme": {"type": "float", "data": 0.0014333162435536118}, "max_rme": {"type": "float", "data": 0.004901450833609988}, "simu": {"type": "float", "data": 0.002}}, {"type": "dict", "image_number": {"type": "int", "data": 26}, "Hcamera2end": {"type": "ndarray", "data": [[0.9999979505442483, 0.000782197028336813, 0.0018673711768132126, -0.014642378759725754], [-0.001866399071117008, -0.0012416805301587175, 0.9999974873888275, 0.03330008103057047], [0.0007845137414126496, -0.9999989231980551, -0.0012402180935824347, 0.03212259897553231], [0.0, 0.0, 0.0, 1.0]]}, "Hobj2base": {"type": "ndarray", "data": [[0.9999990536694702, 0.000603399027350583, 0.0012363534195261382, -0.7345750203121445], [0.0006005096048570091, -0.9999970910266389, 0.002336092137438081, 0.09133680848701052], [0.0012377594187305075, -0.0023353474846193475, -0.9999965070457735, -0.002098231505214169], [0.0, 0.0, 0.0, 1.0]]}, "mean_rme": {"type": "float", "data": 0.0014632354889541263}, "max_rme": {"type": "float", "data": 0.00491607568409641}, "simu": {"type": "float", "data": 0.002}}, {"type": "dict", "image_number": {"type": "int", "data": 27}, "Hcamera2end": {"type": "ndarray", "data": [[0.9999989684211644, 0.00012542654513874533, 0.0014308825209713295, -0.014722962165687909], [-0.0014307203384341274, -0.0012837387702766545, 0.9999981525253349, 0.032878267672340956], [0.0001272631927842629, -0.9999991681411297, -0.0012835579956897991, 0.031760683183392056], [0.0, 0.0, 0.0, 1.0]]}, "Hobj2base": {"type": "ndarray", "data": [[0.9999992751554432, -2.3036033987505845e-05, 0.0012038097563203101, -0.7342333016615409], [-2.5303207930116367e-05, -0.9999982261725631, 0.0018833511290000326, 0.0912330544183858], [0.0012037642360289175, -0.0018833802241117904, -0.9999975019121776, -0.001673359242590579], [0.0, 0.0, 0.0, 1.0]]}, "mean_rme": {"type": "float", "data": 0.0015019952757455875}, "max_rme": {"type": "float", "data": 0.0050281876329622555}, "simu": {"type": "float", "data": 0.002}}, {"type": "dict", "image_number": {"type": "int", "data": 28}, "Hcamera2end": {"type": "ndarray", "data": [[0.9999988989994582, 0.00019132323019526603, 0.0014715282169113723, -0.014791490152812382], [-0.0014712754980028189, -0.0013143985162324956, 0.9999980538505812, 0.03292044662948241], [0.00019325703235657506, -0.9999991178755921, -0.001314115579898134, 0.031678562114378674], [0.0, 0.0, 0.0, 1.0]]}, "Hobj2base": {"type": "ndarray", "data": [[0.9999992311149716, 2.1072916941611487e-05, 0.001239889268334808, -0.7341330038593312], [1.8702114507536274e-05, -0.9999981717818018, 0.0019120887231686501, 0.09130285431877597], [0.0012399272948335322, -0.0019120640644411848, -0.9999974032922874, -0.0017121321396267538], [0.0, 0.0, 0.0, 1.0]]}, "mean_rme": {"type": "float", "data": 0.0014975587611949011}, "max_rme": {"type": "float", "data": 0.005048409287146227}, "simu": {"type": "float", "data": 0.002}}, {"type": "dict", "image_number": {"type": "int", "data": 29}, "Hcamera2end": {"type": "ndarray", "data": [[0.999999251641114, -0.00014084102421103774, 0.0012152699362032566, -0.014839789300612048], [-0.001215467600018965, -0.0014119701739283563, 0.9999982644878649, 0.033466729102299315], [-0.00013912485487654056, -0.9999989932515103, -0.0014121403049696113, 0.032068180266175514], [0.0, 0.0, 0.0, 1.0]]}, "Hobj2base": {"type": "ndarray", "data": [[0.9999991168266955, -0.0002994851963139418, 0.0012948569211096827, -0.7344005082674069], [-0.0003015537393936485, -0.999998678357628, 0.0015976070669233777, 0.09127652354974616], [0.0012943767501058395, -0.0015979961249060054, -0.9999978854963716, -0.002318993967352768], [0.0, 0.0, 0.0, 1.0]]}, "mean_rme": {"type": "float", "data": 0.0015326631482225127}, "max_rme": {"type": "float", "data": 0.004974186863398233}, "simu": {"type": "float", "data": 0.002}}, {"type": "dict", "image_number": {"type": "int", "data": 30}, "Hcamera2end": {"type": "ndarray", "data": [[0.9999995111077201, 4.299993694797629e-05, 0.0009878943901358629, -0.014920509233904729], [-0.0009878369969439894, -0.0013148886976201979, 0.9999986476219757, 0.033379852636357954], [4.4298849963838476e-05, -0.9999991346089846, -0.0013148455778526635, 0.032361261546556885], [0.0, 0.0, 0.0, 1.0]]}, "Hobj2base": {"type": "ndarray", "data": [[0.9999992693295879, -0.00010209782495400777, 0.0012045398808212897, -0.7347567759508924], [-0.00010373705957283875, -0.9999990685994531, 0.0013608963400059538, 0.09119365304498965], [0.0012043998143558836, -0.001361020301064639, -0.9999983485210495, -0.0022538200500628364], [0.0, 0.0, 0.0, 1.0]]}, "mean_rme": {"type": "float", "data": 0.0015471139183706982}, "max_rme": {"type": "float", "data": 0.004939707622476808}, "simu": {"type": "float", "data": 0.002}}]}