{"type": "list", "data": [{"type": "dict", "image_number": {"type": "int", "data": 5}, "Hcamera2end": {"type": "ndarray", "data": [[0.999994984305368, -0.0028606836775248415, -0.001359357570253525, -0.014068274638886045], [0.0013625421361966763, 0.001111564171362045, 0.9999984539508149, 0.03049641788464514], [-0.0028591682415960093, -0.9999952904459051, 0.0011154563981445875, 0.03287626445911601], [0.0, 0.0, 0.0, 1.0]]}, "Hobj2base": {"type": "ndarray", "data": [[0.9999954306909841, -0.0030018760354593764, 0.0003568436927681046, -0.7365370708442527], [-0.003001473273677821, -0.9999948639835918, -0.0011239059677982826, 0.08862497898714157], [0.00036021568640388696, 0.001122829775517887, -0.9999993047487352, 0.0005500055131654191], [0.0, 0.0, 0.0, 1.0]]}, "mean_rme": {"type": "float", "data": 0.0014352070814722877}, "max_rme": {"type": "float", "data": 0.004724098374631364}, "simu": {"type": "float", "data": 0.002}}, {"type": "dict", "image_number": {"type": "int", "data": 6}, "Hcamera2end": {"type": "ndarray", "data": [[0.9999959916069981, -0.002506159300870444, -0.0013175490485163829, -0.013755146203678346], [0.0013189999030994918, 0.0005773508552883166, 0.9999989634520855, 0.03023401786353267], [-0.002505396015046202, -0.9999966929103058, 0.0005806541649141517, 0.03316272139822103], [0.0, 0.0, 0.0, 1.0]]}, "Hobj2base": {"type": "ndarray", "data": [[0.9999953530073445, -0.002957472136469901, 0.0007398123264500464, -0.7358466257066345], [-0.0029566804332323217, -0.9999950576757435, -0.0010689550515517485, 0.08870785010737388], [0.0007429700748377432, 0.0010667626954955958, -0.9999991550060527, 0.0005542623171153246], [0.0, 0.0, 0.0, 1.0]]}, "mean_rme": {"type": "float", "data": 0.0014543082995335578}, "max_rme": {"type": "float", "data": 0.0053859097935237965}, "simu": {"type": "float", "data": 0.002}}, {"type": "dict", "image_number": {"type": "int", "data": 7}, "Hcamera2end": {"type": "ndarray", "data": [[0.9999958206096692, -0.0024577746349597556, -0.0015225330991970958, -0.013535945469057842], [0.0015238403706863434, 0.0005301073596220007, 0.9999986984475089, 0.030154776226790525], [-0.0024569643300359043, -0.99999683916002, 0.0005338504003072897, 0.033251704307285676], [0.0, 0.0, 0.0, 1.0]]}, "Hobj2base": {"type": "ndarray", "data": [[0.9999952042129385, -0.002969021168704953, 0.0008811721870511472, -0.7355859750519359], [-0.002968168491666826, -0.9999951270469909, -0.0009673975802493076, 0.08877472272055134], [0.0008840401170348006, 0.0009647774732951706, -0.9999991438383831, 0.0004989619787106643], [0.0, 0.0, 0.0, 1.0]]}, "mean_rme": {"type": "float", "data": 0.0013554776464847326}, "max_rme": {"type": "float", "data": 0.005707307944246093}, "simu": {"type": "float", "data": 0.002}}, {"type": "dict", "image_number": {"type": "int", "data": 8}, "Hcamera2end": {"type": "ndarray", "data": [[0.9999956163015865, -0.0025034521158683893, -0.001581172069598379, -0.013643372611399383], [0.001582849576606379, 0.0006682380854324821, 0.9999985240214504, 0.030168118268089975], [-0.0025023918214302373, -0.9999966430870482, 0.0006721977441999094, 0.033206214908739484], [0.0, 0.0, 0.0, 1.0]]}, "Hobj2base": {"type": "ndarray", "data": [[0.9999954700930919, -0.002920647216641292, 0.0007277452384302693, -0.7357788199612578], [-0.0029200425535313036, -0.9999953917553166, -0.0008305538009694886, 0.08883419837439369], [0.0007301676394492158, 0.0008284249915737419, -0.9999993902834399, 0.0006097048320415702], [0.0, 0.0, 0.0, 1.0]]}, "mean_rme": {"type": "float", "data": 0.0013707424706624902}, "max_rme": {"type": "float", "data": 0.005548332927593214}, "simu": {"type": "float", "data": 0.002}}, {"type": "dict", "image_number": {"type": "int", "data": 9}, "Hcamera2end": {"type": "ndarray", "data": [[0.9999954492274767, -0.0026130218505544807, -0.0015078597897109848, -0.013539491038022461], [0.001509185028682696, 0.0005052696638251364, 0.9999987335307563, 0.030088317561236727], [-0.00261225666543363, -0.9999964584034164, 0.0005092108979143362, 0.032991938198458734], [0.0, 0.0, 0.0, 1.0]]}, "Hobj2base": {"type": "ndarray", "data": [[0.999994930211705, -0.0030753049266830177, 0.000825863484589433, -0.7357127865534429], [-0.0030748427088456605, -0.9999951156542237, -0.0005603659623381738, 0.0892364903191763], [0.0008275827469913342, 0.0005578237210872853, -0.9999995019696226, 0.0006447742599465481], [0.0, 0.0, 0.0, 1.0]]}, "mean_rme": {"type": "float", "data": 0.0014293486795256367}, "max_rme": {"type": "float", "data": 0.005309456561556181}, "simu": {"type": "float", "data": 0.002}}, {"type": "dict", "image_number": {"type": "int", "data": 10}, "Hcamera2end": {"type": "ndarray", "data": [[0.999995478692635, -0.0026574921048636495, -0.0014072419835500143, -0.01362702835342499], [0.001407075508271388, -6.451236412496897e-05, 0.9999990079878424, 0.029843384713510987], [-0.002657580253106428, -0.9999964667806919, -6.0772780390738745e-05, 0.03315485984086342], [0.0, 0.0, 0.0, 1.0]]}, "Hobj2base": {"type": "ndarray", "data": [[0.9999934861842843, -0.0033998952443041754, 0.0012117348428547215, -0.7351670152822904], [-0.0033996557494341676, -0.9999942012232708, -0.00019965124305627586, 0.08959409094570062], [0.0012124066095866987, 0.00019553046123957043, -0.9999992459187419, 0.0009041661143239343], [0.0, 0.0, 0.0, 1.0]]}, "mean_rme": {"type": "float", "data": 0.0015816017610366729}, "max_rme": {"type": "float", "data": 0.005696013533471295}, "simu": {"type": "float", "data": 0.002}}, {"type": "dict", "image_number": {"type": "int", "data": 11}, "Hcamera2end": {"type": "ndarray", "data": [[0.9999954089665084, -0.002783952017133687, -0.0011965187302661047, -0.013666987375607436], [0.0011966314029671621, 3.880687970980734e-05, 0.9999992832833988, 0.02977384781175876], [-0.002783903588670624, -0.9999961240450845, 4.2138065954211434e-05, 0.03301614849857136], [0.0, 0.0, 0.0, 1.0]]}, "Hobj2base": {"type": "ndarray", "data": [[0.9999934808171713, -0.0034724269602217114, 0.0009902394475965212, -0.7353340441031505], [-0.0034724885467712226, -0.9999939690644799, 6.0481073587405164e-05, 0.08992639377720711], [0.0009900234594157553, -6.391927444056875e-05, -0.9999995078838169, 0.0011014798462882427], [0.0, 0.0, 0.0, 1.0]]}, "mean_rme": {"type": "float", "data": 0.0016472376579028476}, "max_rme": {"type": "float", "data": 0.005450905903842035}, "simu": {"type": "float", "data": 0.002}}, {"type": "dict", "image_number": {"type": "int", "data": 12}, "Hcamera2end": {"type": "ndarray", "data": [[0.9999962543132371, -0.002488053526237095, -0.0011405915773069946, -0.013670992796806801], [0.001140791337881877, 7.887019282049046e-05, 0.9999993461870945, 0.0297015079660818], [-0.002487961940837958, -0.999996901679772, 8.170824730835413e-05, 0.03308615677005821], [0.0, 0.0, 0.0, 1.0]]}, "Hobj2base": {"type": "ndarray", "data": [[0.9999943026930028, -0.0032202632372862064, 0.0010121690657452426, -0.7353214300330541], [-0.0032204231831402235, -0.9999948021881429, 0.00015643279594259042, 0.08996414339741232], [0.0010116600498989907, -0.00015969151742151088, -0.9999994755211443, 0.001205445295318482], [0.0, 0.0, 0.0, 1.0]]}, "mean_rme": {"type": "float", "data": 0.0015839435731317814}, "max_rme": {"type": "float", "data": 0.005546419710075107}, "simu": {"type": "float", "data": 0.002}}, {"type": "dict", "image_number": {"type": "int", "data": 13}, "Hcamera2end": {"type": "ndarray", "data": [[0.999996939633203, -0.001935736055827118, -0.001540665489439593, -0.01370404782038374], [0.001541100185606241, 0.00022309224783823023, 0.9999987876192985, 0.0297182826301642], [-0.0019353899984508747, -0.9999981015760836, 0.00022607472828906072, 0.033255195056016665], [0.0, 0.0, 0.0, 1.0]]}, "Hobj2base": {"type": "ndarray", "data": [[0.9999956955968244, -0.002718121346118872, 0.0011048095631854113, -0.7353643386995111], [-0.002717911923663173, -0.9999962882276188, -0.0001910124637795374, 0.08956588523753141], [0.0011053246574389615, 0.00018800886649972303, -0.9999993714548367, 0.001122701744373336], [0.0, 0.0, 0.0, 1.0]]}, "mean_rme": {"type": "float", "data": 0.0015814925784265559}, "max_rme": {"type": "float", "data": 0.005739477492251233}, "simu": {"type": "float", "data": 0.002}}, {"type": "dict", "image_number": {"type": "int", "data": 14}, "Hcamera2end": {"type": "ndarray", "data": [[0.999996968286721, -0.0022853160862025173, -0.0009169229808714322, -0.013542606215309156], [0.0009171946121849658, 0.00011781419934142612, 0.9999995724368373, 0.02973049315485914], [-0.0022852070825386955, -0.9999973817216725, 0.0001199099217640276, 0.033164520997749115], [0.0, 0.0, 0.0, 1.0]]}, "Hobj2base": {"type": "ndarray", "data": [[0.9999947490904898, -0.003085207531559714, 0.0009916077528287434, -0.735340934576055], [-0.003085670373730599, -0.9999951309301389, 0.0004655688548863636, 0.09005937857382391], [0.000990166548083765, -0.0004686261848917011, -0.9999993999796728, 0.0012662422346368266], [0.0, 0.0, 0.0, 1.0]]}, "mean_rme": {"type": "float", "data": 0.0015654432634548009}, "max_rme": {"type": "float", "data": 0.005620616250106847}, "simu": {"type": "float", "data": 0.002}}, {"type": "dict", "image_number": {"type": "int", "data": 15}, "Hcamera2end": {"type": "ndarray", "data": [[0.9999977903828773, -0.0017246864147611373, -0.0012019509697620456, -0.0135445075088616], [0.0012025386371762661, 0.0003397421683154489, 0.9999992192377378, 0.02972144139197711], [-0.0017242767147623945, -0.9999984550148215, 0.00034181541966615825, 0.03327242733945717], [0.0, 0.0, 0.0, 1.0]]}, "Hobj2base": {"type": "ndarray", "data": [[0.9999963730722733, -0.002505334074208784, 0.0009885056779582984, -0.735486605240485], [-0.0025055638970018185, -0.9999968343140659, 0.00023132532245745155, 0.08979357466734715], [0.000987923001447198, -0.00023380124759589927, -0.9999994846724272, 0.0012396535415309718], [0.0, 0.0, 0.0, 1.0]]}, "mean_rme": {"type": "float", "data": 0.0015242474044259587}, "max_rme": {"type": "float", "data": 0.005691814089583774}, "simu": {"type": "float", "data": 0.002}}, {"type": "dict", "image_number": {"type": "int", "data": 16}, "Hcamera2end": {"type": "ndarray", "data": [[0.9999971801461932, -0.0018752638764898842, -0.001457081005151621, -0.013463039269205269], [0.0014573660072001217, 0.00015062220353523337, 0.9999989266980601, 0.029690454187389564], [-0.0018750423950138035, -0.9999982303476066, 0.00015335472463073874, 0.03327899775543131], [0.0, 0.0, 0.0, 1.0]]}, "Hobj2base": {"type": "ndarray", "data": [[0.9999957525396401, -0.0027041546652398244, 0.001087405271882913, -0.7352894172714038], [-0.0027041668348787157, -0.9999963436869286, 9.721337369091526e-06, 0.08973375050405119], [0.0010873750079890038, -1.2661821350394452e-05, -0.9999994087274608, 0.001121337475357271], [0.0, 0.0, 0.0, 1.0]]}, "mean_rme": {"type": "float", "data": 0.001496727117702276}, "max_rme": {"type": "float", "data": 0.0057937756838618015}, "simu": {"type": "float", "data": 0.002}}, {"type": "dict", "image_number": {"type": "int", "data": 17}, "Hcamera2end": {"type": "ndarray", "data": [[0.9999974194267668, -0.0015928429004158282, -0.0016198738536457136, -0.013475867754177145], [0.001620599910327677, 0.0004546394319473457, 0.9999985834784554, 0.029635045577619045], [-0.001592104185590895, -0.9999986280762995, 0.000457219619778626, 0.03319357406579809], [0.0, 0.0, 0.0, 1.0]]}, "Hobj2base": {"type": "ndarray", "data": [[0.9999968694631248, -0.0023171566990262036, 0.0009443774575006534, -0.7354953295840033], [-0.002317116843651153, -0.9999973145439436, -4.3294735550889175e-05, 0.08973493834867877], [0.0009444752421030049, 4.110636710158382e-05, -0.9999995531382919, 0.0011456809765965376], [0.0, 0.0, 0.0, 1.0]]}, "mean_rme": {"type": "float", "data": 0.0015198820884487305}, "max_rme": {"type": "float", "data": 0.0056652233060695}, "simu": {"type": "float", "data": 0.002}}, {"type": "dict", "image_number": {"type": "int", "data": 18}, "Hcamera2end": {"type": "ndarray", "data": [[0.9999977376186702, -0.0014371761653873892, -0.0015682098746192653, -0.01352337218363351], [0.0015690217991278827, 0.0005639910745608434, 0.9999986100413647, 0.029623341213672726], [-0.0014362897113996446, -0.9999988082186584, 0.0005662447593306474, 0.033165977390342744], [0.0, 0.0, 0.0, 1.0]]}, "Hobj2base": {"type": "ndarray", "data": [[0.999997389392058, -0.002101034367137287, 0.0008982558972117398, -0.7355939192079494], [-0.002101088975654536, -0.9999977909188313, 5.985460635941108e-05, 0.08975049968863771], [0.00089812815630656, -6.174176566544861e-05, -0.9999995947768026, 0.001191042355806215], [0.0, 0.0, 0.0, 1.0]]}, "mean_rme": {"type": "float", "data": 0.0014926047582683876}, "max_rme": {"type": "float", "data": 0.005595168689103286}, "simu": {"type": "float", "data": 0.002}}, {"type": "dict", "image_number": {"type": "int", "data": 19}, "Hcamera2end": {"type": "ndarray", "data": [[0.9999982569762077, -0.001166485218708441, -0.0014578603434713432, -0.013645852998154073], [0.0014584999046800484, 0.000547617913434717, 0.9999987864455884, 0.029050804323705933], [-0.001165685452675786, -0.9999991697130832, 0.0005493182775039296, 0.032757965448031584], [0.0, 0.0, 0.0, 1.0]]}, "Hobj2base": {"type": "ndarray", "data": [[0.9999977095805858, -0.001871562796085315, 0.0010383093386391361, -0.7352617818072001], [-0.0018717231754075687, -0.9999982365416891, 0.00015351177938009554, 0.08950900596473998], [0.001038020200688855, -0.00015545485542610874, -0.9999994491737736, 0.0017441541676415124], [0.0, 0.0, 0.0, 1.0]]}, "mean_rme": {"type": "float", "data": 0.001516748875836807}, "max_rme": {"type": "float", "data": 0.00549957798113726}, "simu": {"type": "float", "data": 0.002}}, {"type": "dict", "image_number": {"type": "int", "data": 20}, "Hcamera2end": {"type": "ndarray", "data": [[0.9999984642108418, -0.0010029061828047592, -0.0014372735113000108, -0.013677958120506133], [0.0014379686709381796, 0.0006927687682194428, 0.9999987261579562, 0.029220384702908164], [-0.0010019092070606803, -0.9999992571250351, 0.0006942098519434614, 0.03334563943973928], [0.0, 0.0, 0.0, 1.0]]}, "Hobj2base": {"type": "ndarray", "data": [[0.9999981457107826, -0.0016587495030752509, 0.0009783276968895445, -0.7359051686031025], [-0.001658924219566359, -0.9999986081773946, 0.0001778024392270769, 0.08967001882090087], [0.0009780314055232268, -0.00017942508104097364, -0.9999995056304829, 0.0016297612373298853], [0.0, 0.0, 0.0, 1.0]]}, "mean_rme": {"type": "float", "data": 0.0015079947928054794}, "max_rme": {"type": "float", "data": 0.0055210430253430365}, "simu": {"type": "float", "data": 0.002}}, {"type": "dict", "image_number": {"type": "int", "data": 21}, "Hcamera2end": {"type": "ndarray", "data": [[0.9999985635833685, -0.0009769881615591803, -0.0013850362204435418, -0.01361997437785811], [0.0013853601913190313, 0.0003310028774050622, 0.999998985606603, 0.0303956618551789], [-0.0009765287195345637, -0.9999994679654719, 0.00033235588245339454, 0.03401318777814907], [0.0, 0.0, 0.0, 1.0]]}, "Hobj2base": {"type": "ndarray", "data": [[0.9999974619692632, -0.00181987408329291, 0.0013281992895832666, -0.7362243125968955], [-0.001820175073798493, -0.9999983180679142, 0.00022544188380483647, 0.09033201312010049], [0.0013277867798006404, -0.00022785886686634235, -0.9999990925308901, 0.0005348155305158224], [0.0, 0.0, 0.0, 1.0]]}, "mean_rme": {"type": "float", "data": 0.0015491573449718417}, "max_rme": {"type": "float", "data": 0.005667858249156776}, "simu": {"type": "float", "data": 0.002}}, {"type": "dict", "image_number": {"type": "int", "data": 22}, "Hcamera2end": {"type": "ndarray", "data": [[0.9999990123915918, -0.00098942850645166, -0.00099812177190101, -0.013553123577315692], [0.0009986201052089468, 0.0005032917054605957, 0.9999993747274768, 0.029968452403180267], [-0.000988925541380364, -0.9999993838641551, 0.0005042792716046796, 0.033970243369776366], [0.0, 0.0, 0.0, 1.0]]}, "Hobj2base": {"type": "ndarray", "data": [[0.9999974667100173, -0.0017897575236657344, 0.001365042693225228, -0.7362385269419377], [-0.0017906231921128624, -0.9999981963544324, 0.0006332112335002747, 0.09022667727067642], [0.0013639069366027977, -0.0006356539064973133, -0.9999988678503491, 0.0009836185253880832], [0.0, 0.0, 0.0, 1.0]]}, "mean_rme": {"type": "float", "data": 0.0015321132236162272}, "max_rme": {"type": "float", "data": 0.005706110120213825}, "simu": {"type": "float", "data": 0.002}}, {"type": "dict", "image_number": {"type": "int", "data": 23}, "Hcamera2end": {"type": "ndarray", "data": [[0.9999985350904683, -0.0010307078366029732, -0.0013665497696773513, -0.013603449615339094], [0.0013678685670542026, 0.0012798886965039724, 0.9999982454087148, 0.030020755508200922], [-0.0010289569965285647, -0.9999986497622286, 0.0012812966944343307, 0.03258542684407912], [0.0, 0.0, 0.0, 1.0]]}, "Hobj2base": {"type": "ndarray", "data": [[0.9999988442793213, -0.0014157874293997449, 0.0005540631521043061, -0.7353055715461462], [-0.0014159546775870703, -0.9999989520598154, 0.00030158186685084565, 0.0898766872174117], [0.0005536355956632417, -0.00030236604661834654, -0.999999801031181, 0.001007676064039562], [0.0, 0.0, 0.0, 1.0]]}, "mean_rme": {"type": "float", "data": 0.001556310215254396}, "max_rme": {"type": "float", "data": 0.005695228218528331}, "simu": {"type": "float", "data": 0.002}}, {"type": "dict", "image_number": {"type": "int", "data": 24}, "Hcamera2end": {"type": "ndarray", "data": [[0.9999983892560691, -0.001137465163719915, -0.0013884013356032883, -0.01365467614308074], [0.0013899199849576518, 0.0013354164193051243, 0.9999981423909863, 0.03031700591417959], [-0.0011356089568142235, -0.9999984614168109, 0.001336995253854445, 0.033039890369505706], [0.0, 0.0, 0.0, 1.0]]}, "Hobj2base": {"type": "ndarray", "data": [[0.999998812537942, -0.0014820382883434188, 0.0004224751091433978, -0.7357481463823804], [-0.001482174281363983, -0.9999988498127472, 0.00032176479382456494, 0.09015521034812025], [0.0004219977554736236, -0.0003223905934823694, -0.9999998589910899, 0.0008119960942539126], [0.0, 0.0, 0.0, 1.0]]}, "mean_rme": {"type": "float", "data": 0.0015855212636777458}, "max_rme": {"type": "float", "data": 0.005742919740309105}, "simu": {"type": "float", "data": 0.002}}, {"type": "dict", "image_number": {"type": "int", "data": 25}, "Hcamera2end": {"type": "ndarray", "data": [[0.9999984250300332, -0.0009742246632432937, -0.0014835173604125817, -0.013672372747791147], [0.0014849745761984449, 0.0014967537612536885, 0.9999977772868728, 0.031114270312206115], [-0.0009720020376322634, -0.9999984053059702, 0.001498198102767856, 0.033181934746342234], [0.0, 0.0, 0.0, 1.0]]}, "Hobj2base": {"type": "ndarray", "data": [[0.999999121700052, -0.0012774938020595431, 0.00035299958959575574, -0.73586905937766], [-0.001277589640378521, -0.9999991470516587, 0.0002714049848965683, 0.09052946385926659], [0.0003526525703192879, -0.0002718557351403096, -0.9999999008653071, 0.00013899762518534864], [0.0, 0.0, 0.0, 1.0]]}, "mean_rme": {"type": "float", "data": 0.0016199087634256896}, "max_rme": {"type": "float", "data": 0.005853120426046049}, "simu": {"type": "float", "data": 0.002}}, {"type": "dict", "image_number": {"type": "int", "data": 26}, "Hcamera2end": {"type": "ndarray", "data": [[0.9999983077039272, -0.0009669758611975509, -0.00156510286101242, -0.013623545746301976], [0.0015666399680575585, 0.0015908950293422874, 0.9999975073430013, 0.031380520841587774], [-0.0009644835364964091, -0.9999982670038431, 0.0015924072401092282, 0.033149199743721], [0.0, 0.0, 0.0, 1.0]]}, "Hobj2base": {"type": "ndarray", "data": [[0.9999992052591951, -0.0012339849543214546, 0.00025838365046581017, -0.7358568300186531], [-0.0012340418208868274, -0.9999992143608141, 0.00022004213043484187, 0.09060010686760313], [0.00025811191879121585, -0.00022036081178889022, -0.9999999424096733, -0.00010040832734782675], [0.0, 0.0, 0.0, 1.0]]}, "mean_rme": {"type": "float", "data": 0.0016092852398585011}, "max_rme": {"type": "float", "data": 0.005886612864636015}, "simu": {"type": "float", "data": 0.002}}, {"type": "dict", "image_number": {"type": "int", "data": 27}, "Hcamera2end": {"type": "ndarray", "data": [[0.9999985179912388, -0.0008411974842287009, -0.0015021325236289147, -0.013533160607077082], [0.0015036253049583337, 0.0017767790901067615, 0.9999972910798343, 0.03174009165017586], [-0.0008385262478333198, -0.9999980677195617, 0.0017780413027284059, 0.033162195499819566], [0.0, 0.0, 0.0, 1.0]]}, "Hobj2base": {"type": "ndarray", "data": [[0.9999994375889601, -0.0010515436584316975, 0.00013812203994003925, -0.7359327484043026], [-0.0010515875907370531, -0.9999993963979843, 0.0003183821696827259, 0.09073095247222186], [0.00013778716381780996, -0.000318527238044287, -0.9999999397775461, -0.00039001568063652323], [0.0, 0.0, 0.0, 1.0]]}, "mean_rme": {"type": "float", "data": 0.001641361991593273}, "max_rme": {"type": "float", "data": 0.005925444725324441}, "simu": {"type": "float", "data": 0.002}}, {"type": "dict", "image_number": {"type": "int", "data": 28}, "Hcamera2end": {"type": "ndarray", "data": [[0.999998553600309, -0.0007428930732638161, -0.0015300023436433776, -0.013478128642117511], [0.0015314123097930087, 0.0019010946651043525, 0.9999970203032666, 0.03190927000196181], [-0.0007399821803746546, -0.9999979169723086, 0.0019022295909588705, 0.03319092859009877], [0.0, 0.0, 0.0, 1.0]]}, "Hobj2base": {"type": "ndarray", "data": [[0.9999995763562567, -0.0009192606618889184, 4.7404036045771865e-05, -0.7360176648898472], [-0.0009192753857228351, -0.9999995289432111, 0.00031152226389340306, 0.09076935733151305], [4.711764355327909e-05, -0.00031156570928246585, -0.999999950353367, -0.0005314430541584401], [0.0, 0.0, 0.0, 1.0]]}, "mean_rme": {"type": "float", "data": 0.0016257634069553838}, "max_rme": {"type": "float", "data": 0.005936893500239987}, "simu": {"type": "float", "data": 0.002}}, {"type": "dict", "image_number": {"type": "int", "data": 29}, "Hcamera2end": {"type": "ndarray", "data": [[0.999997410308487, -0.0011571885886095682, -0.0019596660148693988, -0.013453648693917276], [0.0019615169043305488, 0.0016005080646462888, 0.9999967954075499, 0.03164901879224037], [-0.0011540484190309419, -0.9999980496423508, 0.0016027737648022233, 0.03282528726403569], [0.0, 0.0, 0.0, 1.0]]}, "Hobj2base": {"type": "ndarray", "data": [[0.9999990207916882, -0.0013958572990752126, 9.999032596091279e-05, -0.7355282662498368], [-0.0013958439952150043, -0.9999990169650634, -0.00013299792386299678, 0.09049824922957249], [0.00010017587378971506, 0.00013285822273425218, -0.9999999861567432, -0.0004346073051893074], [0.0, 0.0, 0.0, 1.0]]}, "mean_rme": {"type": "float", "data": 0.001630658935653235}, "max_rme": {"type": "float", "data": 0.005904479178378413}, "simu": {"type": "float", "data": 0.002}}, {"type": "dict", "image_number": {"type": "int", "data": 30}, "Hcamera2end": {"type": "ndarray", "data": [[0.9999975922026609, -0.0010767728185883335, -0.0019121059536046558, -0.013431313793627938], [0.0019137913466778407, 0.0015663772155791733, 0.9999969419278736, 0.03166503456194213], [-0.001073774446539892, -0.9999981935097257, 0.001568434162562804, 0.03283788032928264], [0.0, 0.0, 0.0, 1.0]]}, "Hobj2base": {"type": "ndarray", "data": [[0.9999991095922787, -0.001322798307645054, 0.00017612293156721951, -0.7355295649923068], [-0.0013227793857935898, -0.999999119347905, -0.0001075086541746211, 0.09047410812350357], [0.00017626498872999025, 0.00010727558666484267, -0.9999999787113008, -0.00047295606438540284], [0.0, 0.0, 0.0, 1.0]]}, "mean_rme": {"type": "float", "data": 0.001610339473902481}, "max_rme": {"type": "float", "data": 0.005893417655812194}, "simu": {"type": "float", "data": 0.002}}]}