{"type": "list", "data": [{"type": "dict", "image_number": {"type": "int", "data": 5}, "Hcamera2end": {"type": "ndarray", "data": [[0.999988544913573, -0.0034211720490440046, 0.0033474801636208065, -0.011617687742541303], [-0.003349650231033286, -0.0006287723189692951, 0.9999941922274851, 0.021093483703881852], [-0.003419047376789826, -0.9999939500952901, -0.0006402248460724014, 0.028384799674201287], [0.0, 0.0, 0.0, 1.0]]}, "Hobj2base": {"type": "ndarray", "data": [[0.9999934666252395, -0.0030365713611337887, 0.001961107137518363, -0.7298103703123207], [-0.003028098823376741, -0.9999861319129209, -0.0043088976954661195, 0.09419193319357058], [0.0019741642160539166, 0.004302931117607035, -0.9999887936669316, -0.002183655791441419], [0.0, 0.0, 0.0, 1.0]]}, "mean_rme": {"type": "float", "data": 0.001743901365206995}, "max_rme": {"type": "float", "data": 0.005740948744784591}, "simu": {"type": "float", "data": 0.002}}, {"type": "dict", "image_number": {"type": "int", "data": 6}, "Hcamera2end": {"type": "ndarray", "data": [[0.9999933237969124, -0.002985974728808136, 0.002106256518658512, -0.01183143532599512], [-0.002106011623041075, 8.515718841894948e-05, 0.9999977787291815, 0.02171252841643213], [-0.0029861474590328237, -0.9999955383416329, 7.886812240731622e-05, 0.028228614816707204], [0.0, 0.0, 0.0, 1.0]]}, "Hobj2base": {"type": "ndarray", "data": [[0.9999958328358695, -0.002732707101186258, 0.0009309257731144404, -0.7308954579477946], [-0.002728871722980259, -0.9999878854298103, -0.004096614789829889, 0.09341622643601581], [0.0009421093436758134, 0.004094057341545235, -0.9999911755232986, -0.0019739745633534], [0.0, 0.0, 0.0, 1.0]]}, "mean_rme": {"type": "float", "data": 0.0018840101540197995}, "max_rme": {"type": "float", "data": 0.00614070801411859}, "simu": {"type": "float", "data": 0.002}}, {"type": "dict", "image_number": {"type": "int", "data": 7}, "Hcamera2end": {"type": "ndarray", "data": [[0.9999925222863728, -0.0032174292300067033, 0.0021455816199831943, -0.012260192383715111], [-0.0021465657514592273, -0.00030245307387000153, 0.9999976503860458, 0.021945457070009968], [-0.0032167727325338852, -0.9999947783220108, -0.00030935723560543416, 0.028392794755471816], [0.0, 0.0, 0.0, 1.0]]}, "Hobj2base": {"type": "ndarray", "data": [[0.9999943513230473, -0.0027997835670031308, 0.0018597134122825475, -0.7305143506454999], [-0.002792145175420152, -0.9999877080746125, -0.004097270433201241, 0.09310969880191342], [0.0018711620232524865, 0.004092054699212406, -0.9999898768692717, -0.0018648986633148512], [0.0, 0.0, 0.0, 1.0]]}, "mean_rme": {"type": "float", "data": 0.0018620016662068508}, "max_rme": {"type": "float", "data": 0.006230552551454438}, "simu": {"type": "float", "data": 0.002}}, {"type": "dict", "image_number": {"type": "int", "data": 8}, "Hcamera2end": {"type": "ndarray", "data": [[0.9999962097281846, -0.002586507256167267, 0.000943668097656342, -0.012296063498338027], [-0.0009453021894351563, -0.0006306257580146468, 0.9999993543572535, 0.02216344167844218], [-0.0025859104847982197, -0.999996456139404, -0.0006330683987438857, 0.028660929049986898], [0.0, 0.0, 0.0, 1.0]]}, "Hobj2base": {"type": "ndarray", "data": [[0.9999957326505637, -0.0022157468947104006, 0.001903981712317787, -0.7304007297202063], [-0.00220820013943104, -0.999989734244652, -0.003956672523012727, 0.09239450764394873], [0.0019127291513635926, 0.003952451265825853, -0.9999903597516251, -0.0017839144572431506], [0.0, 0.0, 0.0, 1.0]]}, "mean_rme": {"type": "float", "data": 0.0016953674515869288}, "max_rme": {"type": "float", "data": 0.006407986765021967}, "simu": {"type": "float", "data": 0.002}}, {"type": "dict", "image_number": {"type": "int", "data": 9}, "Hcamera2end": {"type": "ndarray", "data": [[0.999996896732372, -0.0023758786827108554, 0.0007494838962001323, -0.012346032710203899], [-0.0007514565307009567, -0.0008294918423976672, 0.9999993736279866, 0.022174981731797022], [-0.002375255503749035, -0.999996833566871, -0.0008312746378147384, 0.028740921658183385], [0.0, 0.0, 0.0, 1.0]]}, "Hobj2base": {"type": "ndarray", "data": [[0.9999959628469725, -0.002062254919730114, 0.001954838715204216, -0.7303308678689179], [-0.002054638863405954, -0.9999903229891729, -0.0038900369085881777, 0.09222105137634694], [0.0019628420459614723, 0.0038860047163179457, -0.9999905230643173, -0.001788874274839653], [0.0, 0.0, 0.0, 1.0]]}, "mean_rme": {"type": "float", "data": 0.001514141004072998}, "max_rme": {"type": "float", "data": 0.006380296684464937}, "simu": {"type": "float", "data": 0.002}}, {"type": "dict", "image_number": {"type": "int", "data": 10}, "Hcamera2end": {"type": "ndarray", "data": [[0.9999986498069726, -0.0016270722147225306, -0.00023026124262461414, -0.01241789268312319], [0.0002300401505959137, -0.0001360691929617186, 0.9999999642833513, 0.02242849776039658], [-0.0016271034880704183, -0.999998667059703, -0.00013569471730479066, 0.028844386170784338], [0.0, 0.0, 0.0, 1.0]]}, "Hobj2base": {"type": "ndarray", "data": [[0.9999981910571037, -0.0013354884159734101, 0.0013543829631862015, -0.7307943041939404], [-0.0013304408847314845, -0.9999921924191697, -0.0037208907205255864, 0.09158540809045086], [0.0013593415951861064, 0.0037190820631789433, -0.9999921602787867, -0.001644901640775498], [0.0, 0.0, 0.0, 1.0]]}, "mean_rme": {"type": "float", "data": 0.0014127081250866994}, "max_rme": {"type": "float", "data": 0.006468819832301187}, "simu": {"type": "float", "data": 0.002}}, {"type": "dict", "image_number": {"type": "int", "data": 11}, "Hcamera2end": {"type": "ndarray", "data": [[0.8691626851679569, -0.14149990302592, -0.47385019168011555, 778.9622065630124], [-0.4736866882154307, 0.03701244421452787, -0.8799153370528119, -198.01526058615195], [0.1420462886495962, 0.9892461050804908, -0.03485678504902445, 58.15920455428649], [0.0, 0.0, 0.0, 1.0]]}, "Hobj2base": {"type": "ndarray", "data": [[-0.9902741184497943, 0.13627499258797784, 0.028040982929098825, -54.2845726236452], [-0.1354774728262391, -0.8986105122728445, -0.4173068434489805, 766.0426291468469], [-0.031670564963370666, -0.4170470880223034, 0.9083329244759424, 168.4511691934595], [0.0, 0.0, 0.0, 1.0]]}, "mean_rme": {"type": "float", "data": 51.887456356002104}, "max_rme": {"type": "float", "data": 361.7401946567727}, "simu": {"type": "float", "data": 0.002}}, {"type": "dict", "image_number": {"type": "int", "data": 11}, "Hcamera2end": {"type": "ndarray", "data": [[0.9442201410604184, -0.12906517946827933, -0.30296947810739033, 739.9054906235779], [-0.3028495949545665, 0.021032225356768297, -0.9528062595997139, -115.74085086642002], [0.12934623323351413, 0.991413044570911, -0.01922828653152453, 48.297861999537155], [0.0, 0.0, 0.0, 1.0]]}, "Hobj2base": {"type": "ndarray", "data": [[-0.9920021549856741, 0.1254527719270497, 0.013904190720704106, -45.827514007089825], [-0.1250301496521591, -0.9615675214397708, -0.24444910183949117, 725.5498226104999], [-0.017296999211908526, -0.24423247885568963, 0.9695624322808039, 90.65403066308338], [0.0, 0.0, 0.0, 1.0]]}, "mean_rme": {"type": "float", "data": 45.880597073430415}, "max_rme": {"type": "float", "data": 368.13547647975474}, "simu": {"type": "float", "data": 0.002}}, {"type": "dict", "image_number": {"type": "int", "data": 11}, "Hcamera2end": {"type": "ndarray", "data": [[0.9658453649624098, -0.13818087041978466, -0.21920031485073205, 739.8165677358224], [-0.21909390014520636, 0.01616993040363901, -0.9755697803180988, -82.93058488592595], [0.13834953523518506, 0.9902750024113361, -0.014656933493610635, 51.14581095503692], [0.0, 0.0, 0.0, 1.0]]}, "Hobj2base": {"type": "ndarray", "data": [[-0.9907165393913944, 0.13561879294357704, 0.009395827630773136, -49.10968782978964], [-0.13535311300094183, -0.977615922806885, -0.16107961471085416, 724.5257083729434], [-0.012659912215109785, -0.16085599297188194, 0.9868966897035046, 59.26908299805007], [0.0, 0.0, 0.0, 1.0]]}, "mean_rme": {"type": "float", "data": 44.69744793654728}, "max_rme": {"type": "float", "data": 379.13745432702626}, "simu": {"type": "float", "data": 0.002}}, {"type": "dict", "image_number": {"type": "int", "data": 11}, "Hcamera2end": {"type": "ndarray", "data": [[0.9999953019592537, -0.0024669199356561803, -0.0018194409723929971, -0.012728036326615004], [0.0018200002006086044, 0.000224464916630418, 0.9999983186059721, 0.02259132109389638], [-0.00246650738712555, -0.9999969319560599, 0.00022895365686292912, 0.028897051505464087], [0.0, 0.0, 0.0, 1.0]]}, "Hobj2base": {"type": "ndarray", "data": [[0.9999967536540668, -0.0022134883493033827, 0.0012622007190091732, -0.7311918566832002], [-0.0022067946345461177, -0.9999836248049718, -0.005280168496395583, 0.09071813219621362], [0.001273867641675365, 0.005277365937367629, -0.999985263226411, -0.0013573385330509628], [0.0, 0.0, 0.0, 1.0]]}, "mean_rme": {"type": "float", "data": 0.0014651524972834297}, "max_rme": {"type": "float", "data": 0.00668696436046623}, "simu": {"type": "float", "data": 0.002}}, {"type": "dict", "image_number": {"type": "int", "data": 12}, "Hcamera2end": {"type": "ndarray", "data": [[0.9999945830325664, -0.0023634083388356505, -0.0022908964506523273, -0.012849565097855188], [0.002291207625377125, 0.00012896441280374482, 0.9999973668644324, 0.02256346370415496], [-0.0023631066715455386, -0.9999971988306791, 0.00013437877341548887, 0.028988185565027597], [0.0, 0.0, 0.0, 1.0]]}, "Hobj2base": {"type": "ndarray", "data": [[0.9999968421456193, -0.0021539008265913408, 0.001294762533663243, -0.7312420529601965], [-0.002146522478912746, -0.9999816032138105, -0.005673242034773095, 0.09058170849332209], [0.0013069583149018953, 0.00567044488261752, -0.9999830688140658, -0.0012041541440458159], [0.0, 0.0, 0.0, 1.0]]}, "mean_rme": {"type": "float", "data": 0.0013998966322852878}, "max_rme": {"type": "float", "data": 0.0067308326264230445}, "simu": {"type": "float", "data": 0.002}}, {"type": "dict", "image_number": {"type": "int", "data": 13}, "Hcamera2end": {"type": "ndarray", "data": [[0.9999948802720642, -0.00073233394494191, -0.003114982608791333, -0.01261807932840026], [0.003114651819652926, -0.00045239907052141426, 0.9999950471272964, 0.022601231321202803], [-0.000733739533022011, -0.9999996295109687, -0.00045011578910703065, 0.029188796912575445], [0.0, 0.0, 0.0, 1.0]]}, "Hobj2base": {"type": "ndarray", "data": [[0.999998533545685, -0.0005477435789656273, 0.001622616236542238, -0.7309002712792694], [-0.0005381695257142218, -0.999982479799959, -0.005894952644956496, 0.08997330493342852], [0.0016258167304407651, 0.005894070757667317, -0.9999813081502387, -0.0011859378266117705], [0.0, 0.0, 0.0, 1.0]]}, "mean_rme": {"type": "float", "data": 0.0014901490453352218}, "max_rme": {"type": "float", "data": 0.006775494964437745}, "simu": {"type": "float", "data": 0.002}}, {"type": "dict", "image_number": {"type": "int", "data": 14}, "Hcamera2end": {"type": "ndarray", "data": [[0.9999952507681038, 0.00019259498052354878, -0.0030759304950826977, -0.012371843851660413], [0.0030760657923957014, -0.0007061860464905312, 0.9999950195478519, 0.02261786207908232], [0.00019042184211786207, -0.9999997321041848, -0.000706775127480741, 0.029313611751826486], [0.0, 0.0, 0.0, 1.0]]}, "Hobj2base": {"type": "ndarray", "data": [[0.9999984221647247, 0.00031455364761120405, 0.0017483489537098154, -0.7307850839515554], [0.00032416172492418996, -0.9999848336132271, -0.005497950772965235, 0.08999518020317765], [0.0017465930371033471, 0.005498508845917167, -0.9999833577681347, -0.0012284215045198896], [0.0, 0.0, 0.0, 1.0]]}, "mean_rme": {"type": "float", "data": 0.001491232841241489}, "max_rme": {"type": "float", "data": 0.006826296700935819}, "simu": {"type": "float", "data": 0.002}}, {"type": "dict", "image_number": {"type": "int", "data": 15}, "Hcamera2end": {"type": "ndarray", "data": [[0.9999960396615749, 0.0005993456621488213, -0.0027498083466056004, -0.012454463498994598], [0.0027502035517072226, -0.0006595705835066301, 0.9999960006655372, 0.022969812933415643], [0.0005975295724693569, -0.9999996028756323, -0.000661216293952549, 0.029352741286992237], [0.0, 0.0, 0.0, 1.0]]}, "Hobj2base": {"type": "ndarray", "data": [[0.9999984671496072, 0.0007091528218332254, 0.0016008749830111802, -0.7310326266979208], [0.0007161909284014514, -0.9999900629204272, -0.004400128515626154, 0.0899799830143527], [0.001597738711435803, 0.004401268303027768, -0.9999890379740843, -0.0012282969499253634], [0.0, 0.0, 0.0, 1.0]]}, "mean_rme": {"type": "float", "data": 0.0015111004332660728}, "max_rme": {"type": "float", "data": 0.0070185988816584555}, "simu": {"type": "float", "data": 0.002}}, {"type": "dict", "image_number": {"type": "int", "data": 16}, "Hcamera2end": {"type": "ndarray", "data": [[0.9999964250890918, -0.00019366377952376277, -0.002666890207138853, -0.012449009451112816], [0.002666803944652251, -0.00044432442961395147, 0.9999963453595829, 0.021519882716888452], [-0.0001948480362224164, -0.9999998825350641, -0.0004438063778626766, 0.02854886607016592], [0.0, 0.0, 0.0, 1.0]]}, "Hobj2base": {"type": "ndarray", "data": [[0.999998771436253, -5.2094948318775665e-05, 0.0015666563442136019, -0.7304698485998128], [-4.5684772168318596e-05, -0.9999916292007565, -0.004091386234404461, 0.09015145687735077], [0.0015668563706022936, 0.004091309635537507, -0.9999904030272393, 0.00026845119567916326], [0.0, 0.0, 0.0, 1.0]]}, "mean_rme": {"type": "float", "data": 0.0015243746543661249}, "max_rme": {"type": "float", "data": 0.007457837210653184}, "simu": {"type": "float", "data": 0.002}}, {"type": "dict", "image_number": {"type": "int", "data": 17}, "Hcamera2end": {"type": "ndarray", "data": [[0.9999963682961976, -0.0011501037559211347, -0.0024373460497109224, -0.01252929669138668], [0.0024368240181772516, -0.00045508271662053623, 0.9999969273894925, 0.021271381487018348], [-0.001151209416161896, -0.9999992350802435, -0.00045227846343909306, 0.028250480358865234], [0.0, 0.0, 0.0, 1.0]]}, "Hobj2base": {"type": "ndarray", "data": [[0.9999978802301287, -0.0009672778937424155, 0.001817665735345391, -0.7300734096128014], [-0.00096070855796549, -0.9999930167950575, -0.0036115647836459804, 0.09060238224186543], [0.0018211464289900835, 0.003609810880932297, -0.9999918263121395, 0.0004833464815773782], [0.0, 0.0, 0.0, 1.0]]}, "mean_rme": {"type": "float", "data": 0.0015434122754145383}, "max_rme": {"type": "float", "data": 0.007565872677963381}, "simu": {"type": "float", "data": 0.002}}, {"type": "dict", "image_number": {"type": "int", "data": 18}, "Hcamera2end": {"type": "ndarray", "data": [[0.9999966050506583, -0.0013556172659076589, -0.0022253514297818195, -0.012664877252869178], [0.0022244743652664544, -0.000648149913808238, 0.9999973158041412, 0.022291642787798178], [-0.001357055988502814, -0.9999988711011215, -0.0006451321775149399, 0.02808948406427763], [0.0, 0.0, 0.0, 1.0]]}, "Hobj2base": {"type": "ndarray", "data": [[0.999997025997387, -0.0011632458838155692, 0.002143561381194332, -0.7295940484891249], [-0.0011559016209132084, -0.9999934691587613, -0.003424256308687305, 0.09074283979297287], [0.002147530633991477, 0.003421768378865046, -0.9999918397733738, -0.0005515028616303566], [0.0, 0.0, 0.0, 1.0]]}, "mean_rme": {"type": "float", "data": 0.001585753038221195}, "max_rme": {"type": "float", "data": 0.007305230351164149}, "simu": {"type": "float", "data": 0.002}}, {"type": "dict", "image_number": {"type": "int", "data": 19}, "Hcamera2end": {"type": "ndarray", "data": [[0.9999980429625737, -0.0007397734673755293, -0.001834885892801286, -0.012731838674671498], [0.0018344334488394412, -0.0006118133331549647, 0.9999981302674354, 0.0216392919498807], [-0.0007408946918510214, -0.9999995392097247, -0.0006104550706200751, 0.028985456170941483], [0.0, 0.0, 0.0, 1.0]]}, "Hobj2base": {"type": "ndarray", "data": [[0.9999967922134924, -0.0005024361757110842, 0.00248256331533694, -0.7304457745380918], [-0.0004944201719058594, -0.9999946662134949, -0.0032284815709524, 0.09091995453707159], [0.0024841721798080944, 0.00322724378529164, -0.9999917068586772, -2.3137015673372518e-05], [0.0, 0.0, 0.0, 1.0]]}, "mean_rme": {"type": "float", "data": 0.0015934333275549528}, "max_rme": {"type": "float", "data": 0.007199503272139585}, "simu": {"type": "float", "data": 0.002}}, {"type": "dict", "image_number": {"type": "int", "data": 20}, "Hcamera2end": {"type": "ndarray", "data": [[0.9999977842546622, -0.0009601377093485306, -0.0018733983412829273, -0.012706070514803079], [0.001873014211764981, -0.0004008206684191773, 0.9999981655785947, 0.021039388765138528], [-0.0009608868448267326, -0.999999458739039, -0.0003990214287277194, 0.02953160830298056], [0.0, 0.0, 0.0, 1.0]]}, "Hobj2base": {"type": "ndarray", "data": [[0.9999969550723664, -0.0007341444998473927, 0.002356030103563172, -0.73113441550983], [-0.0007265561809917269, -0.9999945516868853, -0.0032200485494979576, 0.09102444502037178], [0.0023583812481053155, 0.0032183269564488013, -0.9999920401730658, 0.0005385419139901565], [0.0, 0.0, 0.0, 1.0]]}, "mean_rme": {"type": "float", "data": 0.0016040417952205362}, "max_rme": {"type": "float", "data": 0.007305385658521568}, "simu": {"type": "float", "data": 0.002}}, {"type": "dict", "image_number": {"type": "int", "data": 21}, "Hcamera2end": {"type": "ndarray", "data": [[0.9999972337913862, -0.001237925163327949, -0.0019999877164052823, -0.012651394247994791], [0.0019993250010472328, -0.0005363498359021168, 0.999997857511902, 0.021646407045293706], [-0.00123899520417152, -0.9999990899346578, -0.0005338733375181981, 0.02927447297821274], [0.0, 0.0, 0.0, 1.0]]}, "Hobj2base": {"type": "ndarray", "data": [[0.9999961625240693, -0.0009984512649175417, 0.0025841888875776133, -0.7306800954817498], [-0.0009900457750236624, -0.9999942224652887, -0.0032518987386204582, 0.09094919335341219], [0.0025874208197455735, 0.0032493277942473105, -0.9999913735239856, -7.541622559718655e-05], [0.0, 0.0, 0.0, 1.0]]}, "mean_rme": {"type": "float", "data": 0.0016156415195963583}, "max_rme": {"type": "float", "data": 0.007250181019508584}, "simu": {"type": "float", "data": 0.002}}, {"type": "dict", "image_number": {"type": "int", "data": 22}, "Hcamera2end": {"type": "ndarray", "data": [[0.9999961638283446, -0.0018012990063878995, -0.002104198299654394, -0.012613424905922113], [0.0021032268529800713, -0.0005410279004121055, 0.9999976418600274, 0.02154321418448568], [-0.001802433188660823, -0.9999982313037861, -0.0005372372844958395, 0.029038511497545987], [0.0, 0.0, 0.0, 1.0]]}, "Hobj2base": {"type": "ndarray", "data": [[0.9999952267682336, -0.0015341017167911876, 0.0026819717879785947, -0.7304070560661088], [-0.0015254001465410338, -0.9999935763846015, -0.0032435079661057627, 0.09101291219843911], [0.002686930431162549, 0.0032394014039321033, -0.9999911433024802, 3.859634121219924e-05], [0.0, 0.0, 0.0, 1.0]]}, "mean_rme": {"type": "float", "data": 0.0015638282854396192}, "max_rme": {"type": "float", "data": 0.007377516081611302}, "simu": {"type": "float", "data": 0.002}}, {"type": "dict", "image_number": {"type": "int", "data": 23}, "Hcamera2end": {"type": "ndarray", "data": [[0.9999968741798899, -0.0018379270258948172, -0.0016951857411242634, -0.01245190931071944], [0.001694413339218217, -0.0004217328015094779, 0.9999984755512781, 0.021622487197544633], [-0.0018386391395009947, -0.9999982220812653, -0.0004186172751794448, 0.029930009504523278], [0.0, 0.0, 0.0, 1.0]]}, "Hobj2base": {"type": "ndarray", "data": [[0.9999950635019426, -0.001624469856759212, 0.0026896225442261906, -0.7312837089200329], [-0.00161688418481479, -0.9999947162776996, -0.0028201245036163624, 0.09127394987948502], [0.0026941895402560066, 0.002815761773922348, -0.9999924063853454, -0.00011246057908132658], [0.0, 0.0, 0.0, 1.0]]}, "mean_rme": {"type": "float", "data": 0.0016001087824976132}, "max_rme": {"type": "float", "data": 0.007389879127644994}, "simu": {"type": "float", "data": 0.002}}, {"type": "dict", "image_number": {"type": "int", "data": 24}, "Hcamera2end": {"type": "ndarray", "data": [[0.9999962754710877, -0.0017807452522234873, -0.0020683303167339973, -0.012455987298946671], [0.0020673929100395723, -0.0005280924958970257, 0.9999977234998442, 0.021793442359679283], [-0.0017818334680759476, -0.9999982750308433, -0.0005244090288922809, 0.029406744627737597], [0.0, 0.0, 0.0, 1.0]]}, "Hobj2base": {"type": "ndarray", "data": [[0.9999949260488644, -0.0015106180761471377, 0.0028046228898476466, -0.7306888484025015], [-0.0015017327544330685, -0.9999938558332351, -0.003167506039925717, 0.09104440291650961], [0.002809390549657116, 0.0031632781740973314, -0.999991050457919, -0.0002558474282347914], [0.0, 0.0, 0.0, 1.0]]}, "mean_rme": {"type": "float", "data": 0.001592437315694632}, "max_rme": {"type": "float", "data": 0.007371682319769812}, "simu": {"type": "float", "data": 0.002}}, {"type": "dict", "image_number": {"type": "int", "data": 25}, "Hcamera2end": {"type": "ndarray", "data": [[0.9999960038080569, -0.0018200646905842434, -0.002163268924283207, -0.012426925089714226], [0.0021621645335968076, -0.0006085354937328535, 0.9999974773613596, 0.02196804891840203], [-0.001821376525141642, -0.9999981585228421, -0.0006045977825854809, 0.02929630486934022], [0.0, 0.0, 0.0, 1.0]]}, "Hobj2base": {"type": "ndarray", "data": [[0.9999946636171773, -0.001522645074059881, 0.002890378720336509, -0.7305129168716626], [-0.0015134235514314164, -0.9999937669259271, -0.00318993079055784, 0.0910586303573954], [0.0028952178367966817, 0.0031855394006380495, -0.9999907349832822, -0.00042113389985246605], [0.0, 0.0, 0.0, 1.0]]}, "mean_rme": {"type": "float", "data": 0.0015542084362642325}, "max_rme": {"type": "float", "data": 0.007376576771129462}, "simu": {"type": "float", "data": 0.002}}, {"type": "dict", "image_number": {"type": "int", "data": 26}, "Hcamera2end": {"type": "ndarray", "data": [[0.995844379493377, 0.010855064748956818, 0.09042200728111963, 589.8181829653868], [0.09042651527456502, 7.58045176715294e-05, -0.9959031276128084, 26.722608239567403], [-0.010817447330574478, 0.9999410791756537, -0.0009060961754645547, -4.266344790313116], [0.0, 0.0, 0.0, 1.0]]}, "Hobj2base": {"type": "ndarray", "data": [[-0.9999973925136205, -0.001331080249369253, -0.0018555838245036672, 1.125277280357739], [0.0011274619119900208, -0.9943959031703489, 0.10571431590689735, 583.7212163819939], [-0.001985899191054867, 0.10571194815817188, 0.9943948110388584, -30.417354925326457], [0.0, 0.0, 0.0, 1.0]]}, "mean_rme": {"type": "float", "data": 15.350951583899958}, "max_rme": {"type": "float", "data": 344.8752686047804}, "simu": {"type": "float", "data": 0.002}}, {"type": "dict", "image_number": {"type": "int", "data": 26}, "Hcamera2end": {"type": "ndarray", "data": [[0.9999962218885913, -0.002116629334586426, -0.001753878217919966, -0.01242320608455841], [0.0017525176000085282, -0.0006445065575746423, 0.9999982566451596, 0.02204333067049768], [-0.002117756030563068, -0.9999975522427828, -0.0006407946923954189, 0.028447569310118045], [0.0, 0.0, 0.0, 1.0]]}, "Hobj2base": {"type": "ndarray", "data": [[0.9999938580774098, -0.0018684032239510639, 0.002965278545084841, -0.7296300822653626], [-0.0018603895898419707, -0.9999946164893787, -0.0027029507641456447, 0.09117583609300965], [0.002970312783398211, 0.0026974175894950284, -0.999991950557761, -0.00042759939929395974], [0.0, 0.0, 0.0, 1.0]]}, "mean_rme": {"type": "float", "data": 0.00159257470847492}, "max_rme": {"type": "float", "data": 0.007487868090551242}, "simu": {"type": "float", "data": 0.002}}, {"type": "dict", "image_number": {"type": "int", "data": 27}, "Hcamera2end": {"type": "ndarray", "data": [[0.9999965622324442, -0.0020392662436316466, -0.0016483071561678177, -0.013544069794052396], [0.001647392695860087, -0.00045002464980026247, 0.9999985417864968, 0.022228863042501042], [-0.002040005048796792, -0.9999978194331235, -0.00044666363040546386, 0.02883405224935045], [0.0, 0.0, 0.0, 1.0]]}, "Hobj2base": {"type": "ndarray", "data": [[0.9999946917810437, -0.0018245106022077259, 0.002699550110271522, -0.7300799931956858], [-0.0018173974667888215, -0.9999948767898141, -0.0026350447003079926, 0.08999506649808815], [0.002704343946901903, 0.0026301245573818865, -0.9999928844589996, -0.0004333921457877559], [0.0, 0.0, 0.0, 1.0]]}, "mean_rme": {"type": "float", "data": 0.0015964928269897453}, "max_rme": {"type": "float", "data": 0.00687394923543827}, "simu": {"type": "float", "data": 0.002}}, {"type": "dict", "image_number": {"type": "int", "data": 28}, "Hcamera2end": {"type": "ndarray", "data": [[0.999995427207057, -0.0027354172963430373, -0.0012895957468695564, -0.014586002024782656], [0.0012889226186344306, -0.0002478274129347202, 0.9999991386296574, 0.021468748106401266], [-0.002735734537313382, -0.9999962280297803, -0.00024430053844670674, 0.02908992424592151], [0.0, 0.0, 0.0, 1.0]]}, "Hobj2base": {"type": "ndarray", "data": [[0.9999938356116285, -0.0025581107471094673, 0.0024051628113261427, -0.7304288524414512], [-0.0025513445722864458, -0.999992791453842, -0.002812059961423997, 0.08932583605143596], [0.002412339034407834, 0.0028059062277101285, -0.9999931537318767, 0.0004857161181301952], [0.0, 0.0, 0.0, 1.0]]}, "mean_rme": {"type": "float", "data": 0.0016772579059253767}, "max_rme": {"type": "float", "data": 0.006597657791705069}, "simu": {"type": "float", "data": 0.002}}, {"type": "dict", "image_number": {"type": "int", "data": 29}, "Hcamera2end": {"type": "ndarray", "data": [[0.9999958672009043, -0.002642569980887327, -0.0011324332242703755, -0.014143591230419061], [0.0011322929127196612, -5.4592106949469255e-05, 0.9999993574660243, 0.021207904771612853], [-0.0026426301048620244, -0.9999965069156981, -5.159971807056074e-05, 0.029005268073076875], [0.0, 0.0, 0.0, 1.0]]}, "Hobj2base": {"type": "ndarray", "data": [[0.9999944045440796, -0.0025106357653472047, 0.002210789131843508, -0.7302917885528462], [-0.002504682980041412, -0.9999932417888715, -0.0026912710293050777, 0.08979683040470701], [0.00221753099216421, 0.0026857186445056747, -0.9999939347174369, 0.0007286156093871188], [0.0, 0.0, 0.0, 1.0]]}, "mean_rme": {"type": "float", "data": 0.0016832021618656435}, "max_rme": {"type": "float", "data": 0.006883963345943767}, "simu": {"type": "float", "data": 0.002}}, {"type": "dict", "image_number": {"type": "int", "data": 30}, "Hcamera2end": {"type": "ndarray", "data": [[0.9999957637084087, -0.0026010069162511183, -0.0013066477176883078, -0.014845809075408323], [0.001307191757660062, 0.00020747611779381447, 0.9999991241013012, 0.021514625553562906], [-0.002600733539836754, -0.9999965958525471, 0.00021087525366703108, 0.029211150211877347], [0.0, 0.0, 0.0, 1.0]]}, "Hobj2base": {"type": "ndarray", "data": [[0.9999950230169838, -0.002475489775927547, 0.0019559886582866007, -0.7306750777684826], [-0.0024700364382646434, -0.9999930698325585, -0.002785535289571781, 0.08900520456783774], [0.0019628706670875057, 0.002780690062751154, -0.9999942074339827, 0.0005519774095121924], [0.0, 0.0, 0.0, 1.0]]}, "mean_rme": {"type": "float", "data": 0.001659302039059486}, "max_rme": {"type": "float", "data": 0.006451470693190298}, "simu": {"type": "float", "data": 0.002}}]}