{"type": "list", "data": [{"type": "dict", "image_number": {"type": "int", "data": 5}, "Hcamera2end": {"type": "ndarray", "data": [[0.9999957800044581, -0.0014556963691382129, -0.0025141442592650195, -0.013421577021916079], [0.002512361207126244, -0.0012254148949468746, 0.9999960931921185, 0.030927947309880723], [-0.0014587715518355132, -0.9999981896515694, -0.001221752488614447, 0.0329117707063885], [0.0, 0.0, 0.0, 1.0]]}, "Hobj2base": {"type": "ndarray", "data": [[0.9999933153533757, 0.0002979688337144467, 0.003644236976137644, -0.7346124552887219], [0.0003064748630118526, -0.9999972297946556, -0.002333768663177587, 0.08920729151439258], [0.0036435314905261702, 0.0023348699297868155, -0.9999906364865065, -0.0027768626679676943], [0.0, 0.0, 0.0, 1.0]]}, "mean_rme": {"type": "float", "data": 0.0012501790912471697}, "max_rme": {"type": "float", "data": 0.0028093083718691847}, "simu": {"type": "float", "data": 0.002}}, {"type": "dict", "image_number": {"type": "int", "data": 6}, "Hcamera2end": {"type": "ndarray", "data": [[0.9999959489149666, -0.001341918469068201, -0.002510260639442034, -0.01339636457111136], [0.002508638590379659, -0.0012090734981267115, 0.9999961224293314, 0.030967223739623895], [-0.0013449483552970464, -0.9999983686967184, -0.0012057022116103155, 0.03288707465985918], [0.0, 0.0, 0.0, 1.0]]}, "Hobj2base": {"type": "ndarray", "data": [[0.9999928040246274, 0.00026129325397644947, 0.0037846564967741283, -0.7345611679171693], [0.00026995687163433265, -0.9999973442268517, -0.0022888124715873975, 0.08923385675835444], [0.0037840483943265874, 0.002289817695377299, -0.9999902188084995, -0.002807482830574304], [0.0, 0.0, 0.0, 1.0]]}, "mean_rme": {"type": "float", "data": 0.0010538421480347524}, "max_rme": {"type": "float", "data": 0.0028216841093788025}, "simu": {"type": "float", "data": 0.002}}, {"type": "dict", "image_number": {"type": "int", "data": 7}, "Hcamera2end": {"type": "ndarray", "data": [[0.9999958202395842, -0.0012163006333571007, -0.002622997546796754, -0.01328891474570151], [0.0026218240254840736, -0.0009654211289804593, 0.9999960969927948, 0.030992500139516543], [-0.0012188281833799062, -0.9999987942866797, -0.000962228167528556, 0.03267379997627022], [0.0, 0.0, 0.0, 1.0]]}, "Hobj2base": {"type": "ndarray", "data": [[0.9999926604032574, 0.00014120911234552605, 0.0038287334200855162, -0.7347149572373252], [0.0001498170640691274, -0.9999974618943208, -0.002248056886191798, 0.08915401233665236], [0.0038284062562380775, 0.0022486139959608997, -0.9999901434717415, -0.0028177360034670434], [0.0, 0.0, 0.0, 1.0]]}, "mean_rme": {"type": "float", "data": 0.0010480058132959441}, "max_rme": {"type": "float", "data": 0.0027339506196182584}, "simu": {"type": "float", "data": 0.002}}, {"type": "dict", "image_number": {"type": "int", "data": 8}, "Hcamera2end": {"type": "ndarray", "data": [[0.9999955998565976, -0.0011464003270057377, -0.002736061719677464, -0.01316714440100742], [0.0027350344102902847, -0.0008967289890393637, 0.9999958577233681, 0.031018455923480674], [-0.0011488490841582877, -0.9999989408211443, -0.0008935895989607978, 0.03257569482310931], [0.0, 0.0, 0.0, 1.0]]}, "Hobj2base": {"type": "ndarray", "data": [[0.9999913812908198, 3.676725974940183e-05, 0.00415162525367234, -0.7346179179060313], [4.5748629225984965e-05, -0.9999976590953299, -0.002163263951426797, 0.08912596794847727], [0.004151535997825786, 0.0021634352380483354, -0.999989042088377, -0.002856117293089745], [0.0, 0.0, 0.0, 1.0]]}, "mean_rme": {"type": "float", "data": 0.000961171834611936}, "max_rme": {"type": "float", "data": 0.002677470403319643}, "simu": {"type": "float", "data": 0.002}}, {"type": "dict", "image_number": {"type": "int", "data": 9}, "Hcamera2end": {"type": "ndarray", "data": [[0.9999957385875736, -0.0010610276400824527, -0.002719747605946687, -0.01310620909646372], [0.0027181602642888337, -0.001494626201075544, 0.9999951888370747, 0.031137952371122855], [-0.0010650875413377686, -0.9999983201550221, -0.0014917357886863325, 0.032597483944952044], [0.0, 0.0, 0.0, 1.0]]}, "Hobj2base": {"type": "ndarray", "data": [[0.9999878089113451, 0.0002966269473216626, 0.0049288985728425235, -0.7341571587386102], [0.00030682043968574877, -0.9999978156911999, -0.0020674801201842063, 0.08919654993343995], [0.004928274536289297, 0.0020689672021780552, -0.9999857156403844, -0.002957936981777672], [0.0, 0.0, 0.0, 1.0]]}, "mean_rme": {"type": "float", "data": 0.0009718424401238313}, "max_rme": {"type": "float", "data": 0.002766555549952837}, "simu": {"type": "float", "data": 0.002}}, {"type": "dict", "image_number": {"type": "int", "data": 10}, "Hcamera2end": {"type": "ndarray", "data": [[0.9999955263007957, -0.001233901743759826, -0.0027248605251142055, -0.013186670243523324], [0.002722513680042467, -0.0018996728279649933, 0.9999944895660218, 0.031073945761217834], [-0.0012390712879252856, -0.9999974343615254, -0.0018963050150229144, 0.0325412442851942], [0.0, 0.0, 0.0, 1.0]]}, "Hobj2base": {"type": "ndarray", "data": [[0.9999873887301078, 0.0003665598621920887, 0.005008793727787359, -0.7341191752246002], [0.0003773125886118975, -0.9999976261709953, -0.0021459933795479657, 0.08910885650307131], [0.005007995202730056, 0.0021478561967735238, -0.9999851532386907, -0.003074030435023284], [0.0, 0.0, 0.0, 1.0]]}, "mean_rme": {"type": "float", "data": 0.0010261424995076558}, "max_rme": {"type": "float", "data": 0.002788679135015154}, "simu": {"type": "float", "data": 0.002}}, {"type": "dict", "image_number": {"type": "int", "data": 11}, "Hcamera2end": {"type": "ndarray", "data": [[0.9999955134170939, -0.0015034183948496762, -0.002590922386488453, -0.013226854193272474], [0.0025883142760576186, -0.001734147011067222, 0.9999951466698986, 0.031113188434485038], [-0.0015079041385763624, -0.9999973662301684, -0.0017302479113787683, 0.032752301802278554], [0.0, 0.0, 0.0, 1.0]]}, "Hobj2base": {"type": "ndarray", "data": [[0.9999890296934714, 8.374856615882395e-05, 0.004683319216889184, -0.7342349199125444], [9.397268890888225e-05, -0.9999976130209152, -0.0021829158495247974, 0.0892553084371242], [0.004683125221831721, 0.002183332006368632, -0.9999866506106503, -0.002962687440114207], [0.0, 0.0, 0.0, 1.0]]}, "mean_rme": {"type": "float", "data": 0.0010252392211579286}, "max_rme": {"type": "float", "data": 0.0028920387129197367}, "simu": {"type": "float", "data": 0.002}}, {"type": "dict", "image_number": {"type": "int", "data": 12}, "Hcamera2end": {"type": "ndarray", "data": [[0.9999953831209387, -0.0014559023356971526, -0.0026672242492833094, -0.013262672603010684], [0.002664483833486291, -0.001880985342325614, 0.9999946811958764, 0.031136755493086442], [-0.0014609116017554038, -0.9999971711172639, -0.0018770974298070175, 0.03284057417949458], [0.0, 0.0, 0.0, 1.0]]}, "Hobj2base": {"type": "ndarray", "data": [[0.9999890908949114, 0.0001666869375534174, 0.004668008851047388, -0.7341699391383293], [0.00017665717835743864, -0.9999977041385986, -0.002135535008715163, 0.08930692002671205], [0.004667642168155404, 0.002136336349211506, -0.9999868245049996, -0.0029460752094722605], [0.0, 0.0, 0.0, 1.0]]}, "mean_rme": {"type": "float", "data": 0.0010078977614756438}, "max_rme": {"type": "float", "data": 0.0030047530588130644}, "simu": {"type": "float", "data": 0.002}}, {"type": "dict", "image_number": {"type": "int", "data": 13}, "Hcamera2end": {"type": "ndarray", "data": [[0.9999965522001594, -0.001312723147255291, -0.002274279167695898, -0.013292685534899946], [0.002271236529956266, -0.002314661796795514, 0.999994741898872, 0.030992678330118883], [-0.001317980431928943, -0.9999964595430854, -0.002311672311539281, 0.0328438180696379], [0.0, 0.0, 0.0, 1.0]]}, "Hobj2base": {"type": "ndarray", "data": [[0.9999883131334213, 0.0004896484419041685, 0.004809765168692774, -0.7339348427981958], [0.0004973558510337191, -0.9999985941008982, -0.0016013848336125021, 0.08934187628874367], [0.004808974291059575, 0.0016037582832903578, -0.9999871507802676, -0.0031178045170596747], [0.0, 0.0, 0.0, 1.0]]}, "mean_rme": {"type": "float", "data": 0.0010841031670269531}, "max_rme": {"type": "float", "data": 0.0032820604490439442}, "simu": {"type": "float", "data": 0.002}}, {"type": "dict", "image_number": {"type": "int", "data": 14}, "Hcamera2end": {"type": "ndarray", "data": [[0.9999950818579539, -0.0015298249904611965, -0.002737863291411495, -0.013327430998368778], [0.0027348596183606926, -0.0019620640389568234, 0.9999943354077434, 0.031106845602980777], [-0.001535188187734061, -0.999996904965313, -0.001957870532657724, 0.03283826928126126], [0.0, 0.0, 0.0, 1.0]]}, "Hobj2base": {"type": "ndarray", "data": [[0.9999890966425212, 0.00010670897470394593, 0.004668533952872602, -0.7341518936024803], [0.00011627825410342684, -0.9999978929789408, -0.0020495162958553393, 0.08930398487494638], [0.0046683054143906765, 0.0020500367982237695, -0.9999870020523689, -0.0029871521242176052], [0.0, 0.0, 0.0, 1.0]]}, "mean_rme": {"type": "float", "data": 0.0011204471694058035}, "max_rme": {"type": "float", "data": 0.0034591820905890414}, "simu": {"type": "float", "data": 0.002}}, {"type": "dict", "image_number": {"type": "int", "data": 15}, "Hcamera2end": {"type": "ndarray", "data": [[0.9999963640603015, -0.0013664129183608132, -0.00232481868403388, -0.013281343596374366], [0.0023217809027779625, -0.002220577017197689, 0.9999948391722581, 0.031024706186056378], [-0.0013715683054780345, -0.999996600970947, -0.0022173964318943362, 0.03282432705517807], [0.0, 0.0, 0.0, 1.0]]}, "Hobj2base": {"type": "ndarray", "data": [[0.9999886803964886, 0.0003490924158108124, 0.004745230592367143, -0.7340286279107107], [0.0003562200191446224, -0.999998809610976, -0.0015012940849850004, 0.08936177519442577], [0.004744700853317758, 0.0015029674370636628, -0.9999876143746464, -0.0030797393709302012], [0.0, 0.0, 0.0, 1.0]]}, "mean_rme": {"type": "float", "data": 0.0011360404267675842}, "max_rme": {"type": "float", "data": 0.0033106271213641514}, "simu": {"type": "float", "data": 0.002}}, {"type": "dict", "image_number": {"type": "int", "data": 16}, "Hcamera2end": {"type": "ndarray", "data": [[0.9999965065462701, -0.0013452079583915802, -0.0022753704762689406, -0.013287227367133836], [0.002272364041886033, -0.0022322416126576705, 0.9999949267166531, 0.031046381959831202], [-0.001350280310431786, -0.9999966037506988, -0.0022291770122313537, 0.0328195075084275], [0.0, 0.0, 0.0, 1.0]]}, "Hobj2base": {"type": "ndarray", "data": [[0.9999889431719504, 0.00037804982911095696, 0.004687281959983319, -0.7340744802976502], [0.0003847732283466239, -0.9999988984082608, -0.0014335730980509817, 0.08941756712803602], [0.004686734834447498, 0.0014353607878916537, -0.9999879870558446, -0.003079331668573826], [0.0, 0.0, 0.0, 1.0]]}, "mean_rme": {"type": "float", "data": 0.0011037535562875116}, "max_rme": {"type": "float", "data": 0.0033088502617507065}, "simu": {"type": "float", "data": 0.002}}, {"type": "dict", "image_number": {"type": "int", "data": 17}, "Hcamera2end": {"type": "ndarray", "data": [[0.9999985652373382, -0.0013091851697245168, -0.0010749685838656584, -0.013185272640264731], [0.0010722323699876703, -0.0020889244932877915, 0.9999972433523033, 0.03122564446855288], [-0.0013114270889665863, -0.9999969612097092, -0.002087517745459566, 0.03288883138864463], [0.0, 0.0, 0.0, 1.0]]}, "Hobj2base": {"type": "ndarray", "data": [[0.9999901813616747, 0.0003171614102614495, 0.004420021367003387, -0.7342919461426801], [0.0003184123857287927, -0.9999999094533709, -0.00028232393139583986, 0.09010557468622893], [0.00441993142452912, 0.0002837285489077067, -0.9999901918040561, -0.003085121867545207], [0.0, 0.0, 0.0, 1.0]]}, "mean_rme": {"type": "float", "data": 0.0012034589419876675}, "max_rme": {"type": "float", "data": 0.004950112934533457}, "simu": {"type": "float", "data": 0.002}}, {"type": "dict", "image_number": {"type": "int", "data": 18}, "Hcamera2end": {"type": "ndarray", "data": [[0.9999992716665328, -0.001040056000839327, -0.0006123315433470671, -0.013106698270068181], [0.0006100107160185342, -0.0022302979347113006, 0.9999973268254517, 0.031276664626240874], [-0.0010414189023645818, -0.9999969720227347, -0.0022296618650048394, 0.03285578637331364], [0.0, 0.0, 0.0, 1.0]]}, "Hobj2base": {"type": "ndarray", "data": [[0.999990512102672, 0.0006206818274468818, 0.004311665421253457, -0.7343545098680035], [0.000619970174181184, -0.9999997939760561, 0.00016638758661617156, 0.09025510088863392], [0.004311767806698466, -0.00016371290398560758, -0.9999906908849034, -0.003093335214775108], [0.0, 0.0, 0.0, 1.0]]}, "mean_rme": {"type": "float", "data": 0.0012271767734278777}, "max_rme": {"type": "float", "data": 0.004761212797045777}, "simu": {"type": "float", "data": 0.002}}, {"type": "dict", "image_number": {"type": "int", "data": 19}, "Hcamera2end": {"type": "ndarray", "data": [[0.9999992989146375, -0.0010534255097242283, -0.000540800267234453, -0.013098657701719533], [0.0005384867696349434, -0.0021952132793574552, 0.9999974455320658, 0.030204295542639436], [-0.0010546099907106558, -0.999997035662283, -0.0021946444846256963, 0.032989912075446146], [0.0, 0.0, 0.0, 1.0]]}, "Hobj2base": {"type": "ndarray", "data": [[0.9999908565926625, 0.0005741788129291867, 0.004237575930165926, -0.7346764148089722], [0.000573120103883348, -0.999999804253989, 0.0002510484627818505, 0.09081339096050701], [0.004237719247385688, -0.0002486175273861836, -0.9999909899218622, -0.0021765045489236844], [0.0, 0.0, 0.0, 1.0]]}, "mean_rme": {"type": "float", "data": 0.0012606998374645696}, "max_rme": {"type": "float", "data": 0.004763135039270838}, "simu": {"type": "float", "data": 0.002}}, {"type": "dict", "image_number": {"type": "int", "data": 20}, "Hcamera2end": {"type": "ndarray", "data": [[0.9999994380667152, -0.0009818015356114402, -0.0003999149890116163, -0.01310282558716395], [0.00039760379924395185, -0.002353097158769968, 0.9999971524184356, 0.029716741913352968], [-0.0009827397786758806, -0.99999674949447, -0.0023527054684657767, 0.0325360211483928], [0.0, 0.0, 0.0, 1.0]]}, "Hobj2base": {"type": "ndarray", "data": [[0.9999906021172182, 0.000694842828812157, 0.004279354003424158, -0.7342634289880251], [0.0006931805134236352, -0.9999996837311387, 0.00038992101594030533, 0.09113175203868591], [0.004279623583819468, -0.0003869509867030884, -0.9999907675028381, -0.00175613857216301], [0.0, 0.0, 0.0, 1.0]]}, "mean_rme": {"type": "float", "data": 0.0012737877835493248}, "max_rme": {"type": "float", "data": 0.004716413071938208}, "simu": {"type": "float", "data": 0.002}}, {"type": "dict", "image_number": {"type": "int", "data": 21}, "Hcamera2end": {"type": "ndarray", "data": [[0.9999994460220667, -0.0010042051238276354, -0.0003154799976355193, -0.013105915965869977], [0.0003130622491746421, -0.0024068714442797567, 0.9999970544766014, 0.029466025606606237], [-0.0010049614857154964, -0.9999965992651775, -0.0024065557322112685, 0.032496839378939664], [0.0, 0.0, 0.0, 1.0]]}, "Hobj2base": {"type": "ndarray", "data": [[0.9999906210730694, 0.0006805130563120262, 0.004277226657226511, -0.7342641538324848], [0.0006784416369594237, -0.9999996518952057, 0.00048572256833164207, 0.09131279664326113], [0.004277555708852899, -0.0004828161641201899, -0.9999907346599317, -0.001551913127298328], [0.0, 0.0, 0.0, 1.0]]}, "mean_rme": {"type": "float", "data": 0.0012517838161889496}, "max_rme": {"type": "float", "data": 0.004703673862869684}, "simu": {"type": "float", "data": 0.002}}, {"type": "dict", "image_number": {"type": "int", "data": 22}, "Hcamera2end": {"type": "ndarray", "data": [[0.9999995657821358, -0.0009180415169414687, -0.00016011031529303304, -0.013124508828458682], [0.00015781388708562281, -0.002500969687225796, 0.9999968601177708, 0.02956238048110286], [-0.0009184390654443841, -0.9999964511689011, -0.0025008237215597973, 0.03272825325580829], [0.0, 0.0, 0.0, 1.0]]}, "Hobj2base": {"type": "ndarray", "data": [[0.9999903996933491, 0.0008143345719947057, 0.004305505817060196, -0.7344526357793879], [0.0008116771368076537, -0.9999994790532938, 0.0006189292094310822, 0.09130509563427665], [0.00430600758957398, -0.0006154285868867764, -0.9999905397283979, -0.0016842254089000262], [0.0, 0.0, 0.0, 1.0]]}, "mean_rme": {"type": "float", "data": 0.0012117360321070665}, "max_rme": {"type": "float", "data": 0.004713809730071961}, "simu": {"type": "float", "data": 0.002}}, {"type": "dict", "image_number": {"type": "int", "data": 23}, "Hcamera2end": {"type": "ndarray", "data": [[0.9999995824454024, -0.0009138373086683374, 3.223973236687861e-06, -0.013118738044327678], [-5.119108206549504e-06, -0.002073826213033092, 0.9999978496070043, 0.029419854936809788], [-0.0009138286575987813, -0.9999974320698086, -0.0020738300251295083, 0.0321619587476693], [0.0, 0.0, 0.0, 1.0]]}, "Hobj2base": {"type": "ndarray", "data": [[0.999992058404253, 0.0006267534439035075, 0.003935772928631064, -0.7340856805963776], [0.0006236933414919982, -0.9999995023248005, 0.0007786891337042374, 0.09152962140682346], [0.003936259015990766, -0.0007762282343007132, -0.9999919516349554, -0.0014820553422024393], [0.0, 0.0, 0.0, 1.0]]}, "mean_rme": {"type": "float", "data": 0.0012089747361131691}, "max_rme": {"type": "float", "data": 0.004652077006853439}, "simu": {"type": "float", "data": 0.002}}, {"type": "dict", "image_number": {"type": "int", "data": 24}, "Hcamera2end": {"type": "ndarray", "data": [[0.9999994535996453, -0.0010432184753419436, 6.7049412348094e-05, -0.013112545409939596], [-6.896869946110355e-05, -0.0018398476597849545, 0.9999983051005173, 0.028455333172819525], [-0.001043093346487091, -0.9999977633253995, -0.00183991860391286, 0.032226500535016585], [0.0, 0.0, 0.0, 1.0]]}, "Hobj2base": {"type": "ndarray", "data": [[0.9999926600176042, 0.0004146887336562157, 0.003808929530776004, -0.7343643685717401], [0.00041151376089631814, -0.9999995672946347, 0.0008343062794786902, 0.0920575559757618], [0.0038092738600462783, -0.0008327327287690874, -0.9999923979655354, -0.0006388793899648401], [0.0, 0.0, 0.0, 1.0]]}, "mean_rme": {"type": "float", "data": 0.0012334215175980772}, "max_rme": {"type": "float", "data": 0.00465224773203976}, "simu": {"type": "float", "data": 0.002}}, {"type": "dict", "image_number": {"type": "int", "data": 25}, "Hcamera2end": {"type": "ndarray", "data": [[0.999999543842862, -0.0009098618139765453, -0.00029062957052507915, -0.013129893457923633], [0.0002888878212505527, -0.0019138473967967862, 0.9999981268642301, 0.02882614116075492], [-0.0009104163303288173, -0.9999977546672899, -0.001913583675784647, 0.03109293401416209], [0.0, 0.0, 0.0, 1.0]]}, "Hobj2base": {"type": "ndarray", "data": [[0.9999927344681924, 0.0005757373792511144, 0.00376822734153994, -0.7331819687291548], [0.0005739216501819081, -0.9999997187030387, 0.00048291591698175685, 0.0917562387859538], [0.003768504314293481, -0.0004807497410866844, -0.9999927836014217, -0.0008156635675683966], [0.0, 0.0, 0.0, 1.0]]}, "mean_rme": {"type": "float", "data": 0.001300821270901173}, "max_rme": {"type": "float", "data": 0.004596857591599723}, "simu": {"type": "float", "data": 0.002}}, {"type": "dict", "image_number": {"type": "int", "data": 26}, "Hcamera2end": {"type": "ndarray", "data": [[0.9999994019062242, -0.0010930717181429359, -3.716736552963906e-05, -0.0130647275786378], [3.515795810542157e-05, -0.001838274283968877, 0.999998309754359, 0.028575713336362225], [-0.001093138194395485, -0.9999977129683226, -0.0018382347543386413, 0.031761502809913494], [0.0, 0.0, 0.0, 1.0]]}, "Hobj2base": {"type": "ndarray", "data": [[0.9999928572131599, 0.0003501578101961876, 0.0037633644746043905, -0.7339106678732764], [0.00034737848905425474, -0.9999996664937052, 0.0007391486079464594, 0.09193950274081406], [0.0037636220381566153, -0.0007378360165005612, -0.9999926453465382, -0.0006508515619698268], [0.0, 0.0, 0.0, 1.0]]}, "mean_rme": {"type": "float", "data": 0.0013368538336527977}, "max_rme": {"type": "float", "data": 0.004556204807833697}, "simu": {"type": "float", "data": 0.002}}, {"type": "dict", "image_number": {"type": "int", "data": 27}, "Hcamera2end": {"type": "ndarray", "data": [[0.9999996402661726, -0.000767139477629609, 0.00036189024188814083, -0.013057307370345096], [-0.00036372100278277283, -0.0023876825764019838, 0.9999970833352196, 0.029124482475960764], [-0.0007662731611157869, -0.9999968552295231, -0.0023879607422117033, 0.032382518031826735], [0.0, 0.0, 0.0, 1.0]]}, "Hobj2base": {"type": "ndarray", "data": [[0.99999146250072, 0.0008357418320557842, 0.004046784064076866, -0.734270446444551], [0.0008309473037468225, -0.9999989510954177, 0.001186311360210147, 0.09172462114326808], [0.004047771269416086, -0.001182938567770873, -0.9999911080625146, -0.0012706028783587369], [0.0, 0.0, 0.0, 1.0]]}, "mean_rme": {"type": "float", "data": 0.0013646262033412738}, "max_rme": {"type": "float", "data": 0.004572579369150093}, "simu": {"type": "float", "data": 0.002}}, {"type": "dict", "image_number": {"type": "int", "data": 28}, "Hcamera2end": {"type": "ndarray", "data": [[0.9999996446802443, -0.0008150047739872879, 0.00021542191971258293, -0.013096485513286814], [-0.00021735265106749454, -0.0023696352361350925, 0.9999971687893284, 0.029305958333862334], [-0.0008144919951654876, -0.9999968602931041, -0.002369811537605182, 0.03271071330215296], [0.0, 0.0, 0.0, 1.0]]}, "Hobj2base": {"type": "ndarray", "data": [[0.9999914561819945, 0.000801556070698612, 0.0040552522584610525, -0.7345728661383631], [0.0007973954607736027, -0.9999991542085769, 0.0010274933621605004, 0.09158283039404394], [0.004056072422105517, -0.0010242509437010236, -0.9999912495549701, -0.001445168777623514], [0.0, 0.0, 0.0, 1.0]]}, "mean_rme": {"type": "float", "data": 0.0013579281864945698}, "max_rme": {"type": "float", "data": 0.0046400960896521015}, "simu": {"type": "float", "data": 0.002}}, {"type": "dict", "image_number": {"type": "int", "data": 29}, "Hcamera2end": {"type": "ndarray", "data": [[0.9999994411058379, -0.001053237107232215, 9.208478572007411e-05, -0.013066085009689234], [-9.438838898711627e-05, -0.0021873243861598723, 0.9999976033485592, 0.029787349866455006], [-0.0010530331636925843, -0.9999970531474712, -0.002187422577030862, 0.03309385579924265], [0.0, 0.0, 0.0, 1.0]]}, "Hobj2base": {"type": "ndarray", "data": [[0.9999919887651929, 0.000508843073363229, 0.003970325447744495, -0.7349585752802206], [0.000505383460271953, -0.9999994918205899, 0.0008723222564131959, 0.09129233114058204], [0.00397076730524477, -0.0008703087312215855, -0.9999917377507272, -0.0018376372482701068], [0.0, 0.0, 0.0, 1.0]]}, "mean_rme": {"type": "float", "data": 0.0013859934613046682}, "max_rme": {"type": "float", "data": 0.004797915948456327}, "simu": {"type": "float", "data": 0.002}}, {"type": "dict", "image_number": {"type": "int", "data": 30}, "Hcamera2end": {"type": "ndarray", "data": [[0.9999993944321245, -0.0010655379439205774, 0.0002752531096585758, -0.013014682323458399], [-0.0002774011778768723, -0.0020163245862276913, 0.9999979287397301, 0.02998074737338881], [-0.0010649807373017276, -0.9999973995286459, -0.002016618946687032, 0.0330288549908862], [0.0, 0.0, 0.0, 1.0]]}, "Hobj2base": {"type": "ndarray", "data": [[0.9999925865498711, 0.0004074405905724392, 0.003828947304887305, -0.7349372280600449], [0.0004035337490969772, -0.9999993972976322, 0.001021060666566907, 0.0912629999731176], [0.0038293610187326963, -0.001019507987523541, -0.9999921482680005, -0.001978119299510741], [0.0, 0.0, 0.0, 1.0]]}, "mean_rme": {"type": "float", "data": 0.001395052596472247}, "max_rme": {"type": "float", "data": 0.004866803560370003}, "simu": {"type": "float", "data": 0.002}}]}