{"type": "list", "data": [{"type": "dict", "image_number": {"type": "int", "data": 5}, "Hcamera2end": {"type": "ndarray", "data": [[0.9999894391986361, -0.004595668635206001, 3.634546089282447e-05, -0.017089680431234627], [-3.207385433165889e-05, 0.0009295556108568359, 0.9999995674487235, 0.026081555405879128], [-0.004595700432470769, -0.9999890078176669, 0.0009293983931983885, 0.033865892525965884], [0.0, 0.0, 0.0, 1.0]]}, "Hobj2base": {"type": "ndarray", "data": [[0.9999914308798055, -0.004124476573746025, 0.0003561740470401975, -0.7344587735298239], [-0.004123879655804486, -0.99999011780267, -0.0016606967169811593, 0.08817826783745798], [0.0003630200319632667, 0.0016592136673648703, -0.9999985576121906, 0.004082278050523946], [0.0, 0.0, 0.0, 1.0]]}, "mean_rme": {"type": "float", "data": 0.0018476254962183393}, "max_rme": {"type": "float", "data": 0.006609410526101811}, "simu": {"type": "float", "data": 0.002}}, {"type": "dict", "image_number": {"type": "int", "data": 6}, "Hcamera2end": {"type": "ndarray", "data": [[0.9999919190470795, -0.00399656618222251, -0.0004350853828796013, -0.01697201922696908], [0.0004385450076778794, 0.0008648137721639637, 0.9999995298875978, 0.026312694195687512], [-0.003996188035555998, -0.9999916397429988, 0.0008665594577916824, 0.033901768665345514], [0.0, 0.0, 0.0, 1.0]]}, "Hobj2base": {"type": "ndarray", "data": [[0.9999921223134124, -0.0038683507417507355, 0.0008894794297815548, -0.7342891595212621], [-0.0038672823503960786, -0.9999918023404666, -0.0011997412586414204, 0.08840719216000624], [0.000894113158119802, 0.0011962919393559643, -0.9999988847230064, 0.004038853539167812], [0.0, 0.0, 0.0, 1.0]]}, "mean_rme": {"type": "float", "data": 0.001713332853910809}, "max_rme": {"type": "float", "data": 0.006640551199362216}, "simu": {"type": "float", "data": 0.002}}, {"type": "dict", "image_number": {"type": "int", "data": 7}, "Hcamera2end": {"type": "ndarray", "data": [[0.9999926836248498, -0.003817699596577807, 0.0002405546948715594, -0.016992989396405582], [-0.00024149041168217557, -0.0002446405656895134, 0.9999999409166859, 0.026563373093007006], [-0.0038176405215788294, -0.9999926826336204, -0.00024556071365444687, 0.034071958057367374], [0.0, 0.0, 0.0, 1.0]]}, "Hobj2base": {"type": "ndarray", "data": [[0.9999905796053417, -0.004007741347273621, 0.0016669462697579654, -0.7336394299230327], [-0.004006199448284121, -0.9999915452073453, -0.0009272970432945129, 0.0889396492055666], [0.001670648542774504, 0.000920610188564176, -0.9999981807035088, 0.003926755067026523], [0.0, 0.0, 0.0, 1.0]]}, "mean_rme": {"type": "float", "data": 0.0015679668842976107}, "max_rme": {"type": "float", "data": 0.006760863973538173}, "simu": {"type": "float", "data": 0.002}}, {"type": "dict", "image_number": {"type": "int", "data": 8}, "Hcamera2end": {"type": "ndarray", "data": [[0.9999931456330762, -0.0036842399912500367, -0.00036750857435320834, -0.016757214860151845], [0.0003692580799888299, 0.00047419304480667, 0.999999819394697, 0.02668852037380984], [-0.0036840650558468916, -0.9999931007345216, 0.00047555022989898, 0.03402405358427759], [0.0, 0.0, 0.0, 1.0]]}, "Hobj2base": {"type": "ndarray", "data": [[0.9999925210411102, -0.0037847656778989876, 0.0007958709745758011, -0.7344755431571304], [-0.0037837090926423414, -0.9999919640276043, -0.0013249247963250583, 0.08852999883386804], [0.0008008791088735475, 0.001321903543023902, -0.9999988055811242, 0.004062654974694005], [0.0, 0.0, 0.0, 1.0]]}, "mean_rme": {"type": "float", "data": 0.0017108764200700058}, "max_rme": {"type": "float", "data": 0.006273805990373776}, "simu": {"type": "float", "data": 0.002}}, {"type": "dict", "image_number": {"type": "int", "data": 9}, "Hcamera2end": {"type": "ndarray", "data": [[0.9999923661736164, -0.0039030780105940377, -0.00018323901102217837, -0.016865854244806154], [0.00018463850362977503, 0.00035820395714936115, 0.9999999187992706, 0.02682799539952966], [-0.003903012056722404, -0.9999923188064838, 0.00035892188116593005, 0.03408734591604831], [0.0, 0.0, 0.0, 1.0]]}, "Hobj2base": {"type": "ndarray", "data": [[0.9999920874264846, -0.003947878702334867, 0.0004892220084697054, -0.7346316888990632], [-0.003947322266552196, -0.9999915672368132, -0.0011331823272625818, 0.08874569438748318], [0.0004936915493520241, 0.0011312422439467911, -0.99999923827953, 0.004060237552840369], [0.0, 0.0, 0.0, 1.0]]}, "mean_rme": {"type": "float", "data": 0.0016533653717855916}, "max_rme": {"type": "float", "data": 0.0061617923538989094}, "simu": {"type": "float", "data": 0.002}}, {"type": "dict", "image_number": {"type": "int", "data": 10}, "Hcamera2end": {"type": "ndarray", "data": [[0.9999924391104248, -0.003876966897773956, -0.00030141276850159356, -0.01664501499755555], [0.00030461751331927194, 0.0008260474082540936, 0.9999996124268498, 0.02700096650705505], [-0.0038767164139294464, -0.999992143355813, 0.0008272221546165026, 0.03439796820015785], [0.0, 0.0, 0.0, 1.0]]}, "Hobj2base": {"type": "ndarray", "data": [[0.999992481549969, -0.003873208868761944, -0.00018734084913794456, -0.7351456838328989], [-0.0038734247873890995, -0.9999918181866896, -0.001166250443116488, 0.08889072649176599], [-0.00018282218479061507, 0.001166967325409549, -0.9999993023814122, 0.004373865852811382], [0.0, 0.0, 0.0, 1.0]]}, "mean_rme": {"type": "float", "data": 0.0015735414827782032}, "max_rme": {"type": "float", "data": 0.0062293995839326766}, "simu": {"type": "float", "data": 0.002}}, {"type": "dict", "image_number": {"type": "int", "data": 11}, "Hcamera2end": {"type": "ndarray", "data": [[0.9999927028045984, -0.0037845864971866343, -0.0005208095616613651, -0.016615357071884603], [0.0005236890001744084, 0.0007598819140175461, 0.9999995741645631, 0.027049988471096305], [-0.0037841891318090366, -0.9999925497145075, 0.0007618583153295999, 0.03444799821627036], [0.0, 0.0, 0.0, 1.0]]}, "Hobj2base": {"type": "ndarray", "data": [[0.9999927669906828, -0.003802001060524285, -0.00010370271746456227, -0.7351251883681859], [-0.0038021280850248323, -0.999991986240039, -0.0012535061735402316, 0.08879746613195975], [-9.893605461470348e-05, 0.0012538913979329646, -0.9999992089836971, 0.00436986557309458], [0.0, 0.0, 0.0, 1.0]]}, "mean_rme": {"type": "float", "data": 0.0014615991902134663}, "max_rme": {"type": "float", "data": 0.006239461604857305}, "simu": {"type": "float", "data": 0.002}}, {"type": "dict", "image_number": {"type": "int", "data": 12}, "Hcamera2end": {"type": "ndarray", "data": [[0.9999934672520855, -0.00354060866382137, -0.0007276973560515088, -0.016621576157852754], [0.0007294768825163932, 0.0005013392363202307, 0.9999996082611473, 0.027019278148789953], [-0.003540242453590639, -0.9999936063541905, 0.0005039187533676381, 0.03453105106321403], [0.0, 0.0, 0.0, 1.0]]}, "Hobj2base": {"type": "ndarray", "data": [[0.9999936358266209, -0.0035675225631494178, 3.300025398976437e-05, -0.7350262907413211], [-0.003567474073945299, -0.9999927005038838, -0.0013682352435858166, 0.08856748870488541], [3.788122320772717e-05, 0.001368108808348961, -0.9999990634212124, 0.004367398308565501], [0.0, 0.0, 0.0, 1.0]]}, "mean_rme": {"type": "float", "data": 0.0013956631253171108}, "max_rme": {"type": "float", "data": 0.006210492183931299}, "simu": {"type": "float", "data": 0.002}}, {"type": "dict", "image_number": {"type": "int", "data": 13}, "Hcamera2end": {"type": "ndarray", "data": [[0.9999927917052513, -0.003729639207224661, -0.0007115679319629365, -0.016362803118659598], [0.0007124093837760975, 0.0002242884573359083, 0.9999997210837399, 0.027040588203044297], [-0.003729478570493893, -0.9999930197186737, 0.00022694387056787502, 0.03464758212086113], [0.0, 0.0, 0.0, 1.0]]}, "Hobj2base": {"type": "ndarray", "data": [[0.9999928960349945, -0.0037538878267652427, 0.00034088961353683867, -0.7347745290354252], [-0.003753416346189637, -0.9999920128514124, -0.0013733532367530684, 0.08861628429785982], [0.0003460423047981394, 0.001372063979852039, -0.9999989988470781, 0.004455697601018173], [0.0, 0.0, 0.0, 1.0]]}, "mean_rme": {"type": "float", "data": 0.0014654317653762482}, "max_rme": {"type": "float", "data": 0.0064588950402308665}, "simu": {"type": "float", "data": 0.002}}, {"type": "dict", "image_number": {"type": "int", "data": 14}, "Hcamera2end": {"type": "ndarray", "data": [[0.9999946284804552, -0.003257325534338849, -0.00036447304393237546, -0.016193850963997267], [0.0003661543107973289, 0.000515568037289138, 0.99999980006029, 0.027171599618907534], [-0.0032571369724182205, -0.9999945619951954, 0.0005167579516913712, 0.03457749724811262], [0.0, 0.0, 0.0, 1.0]]}, "Hobj2base": {"type": "ndarray", "data": [[0.9999946802847199, -0.0032617889610590724, 1.1620425192406898e-05, -0.7352263674452094], [-0.0032617751400290775, -0.9999941415259941, -0.0010381409465115953, 0.08882800764844244], [1.5006553793802918e-05, 0.00103809752068333, -0.9999994610640248, 0.004606796837035834], [0.0, 0.0, 0.0, 1.0]]}, "mean_rme": {"type": "float", "data": 0.0015176978136055548}, "max_rme": {"type": "float", "data": 0.005997292576023355}, "simu": {"type": "float", "data": 0.002}}, {"type": "dict", "image_number": {"type": "int", "data": 15}, "Hcamera2end": {"type": "ndarray", "data": [[0.9999926927225766, -0.0038213877001962377, -0.00010722637375134864, -0.016047977812746583], [0.00010781410623187846, 0.00015359513009438608, 0.999999982392327, 0.027209365088131217], [-0.0038213711634616674, -0.9999926866755479, 0.00015400600723158853, 0.034669879357862254], [0.0, 0.0, 0.0, 1.0]]}, "Hobj2base": {"type": "ndarray", "data": [[0.9999926770386105, -0.0038140793127326984, 0.00031411486646422973, -0.7348406034791354], [-0.003813890096812125, -0.9999925466190118, -0.0006007901070821935, 0.08929281309469479], [0.0003164039863651726, 0.0005995877079409669, -0.9999997701915224, 0.004684039578592322], [0.0, 0.0, 0.0, 1.0]]}, "mean_rme": {"type": "float", "data": 0.001534664479964833}, "max_rme": {"type": "float", "data": 0.006392294641540175}, "simu": {"type": "float", "data": 0.002}}, {"type": "dict", "image_number": {"type": "int", "data": 16}, "Hcamera2end": {"type": "ndarray", "data": [[0.999993576610645, -0.003415430433769763, -0.0010870015649467142, -0.016073332964374604], [0.0010881028247363641, 0.00032059497390946046, 0.999999356625346, 0.02715524129189359], [-0.0034150797491300346, -0.9999941160095969, 0.00032430925410575906, 0.03455134507378166], [0.0, 0.0, 0.0, 1.0]]}, "Hobj2base": {"type": "ndarray", "data": [[0.9999942457541191, -0.0033861175478265876, 0.0002065589568119828, -0.7349631087123569], [-0.003385834402236471, -0.9999933485929979, -0.001356058687238047, 0.08866132849631304], [0.00021114935702103057, 0.0013553515097208676, -0.9999990592186745, 0.004447080572866517], [0.0, 0.0, 0.0, 1.0]]}, "mean_rme": {"type": "float", "data": 0.0015377301689442017}, "max_rme": {"type": "float", "data": 0.00615673102675901}, "simu": {"type": "float", "data": 0.002}}, {"type": "dict", "image_number": {"type": "int", "data": 17}, "Hcamera2end": {"type": "ndarray", "data": [[0.9999923061069401, -0.0031341644979498645, -0.002358970076844765, -0.016179801658185163], [0.0023601130467561255, 0.0003610324514984331, 0.9999971497569256, 0.02711112037347225], [-0.0031333039000693563, -0.9999950233218504, 0.0003684266562756777, 0.03442444608960183], [0.0, 0.0, 0.0, 1.0]]}, "Hobj2base": {"type": "ndarray", "data": [[0.9999951532270916, -0.0031117457770624426, 0.00010276450907326115, -0.7350057917876799], [-0.0031114685812833397, -0.9999917908768476, -0.002595562016786371, 0.08784268384442319], [0.00011084039461158914, 0.002595229688145454, -0.9999966262429454, 0.00408043378354313], [0.0, 0.0, 0.0, 1.0]]}, "mean_rme": {"type": "float", "data": 0.0015607973010660664}, "max_rme": {"type": "float", "data": 0.005947721449376081}, "simu": {"type": "float", "data": 0.002}}, {"type": "dict", "image_number": {"type": "int", "data": 18}, "Hcamera2end": {"type": "ndarray", "data": [[0.9999953612129462, -0.0018620680108210254, -0.00241044711874885, -0.016124359338870957], [0.0024116324962172517, 0.00063460912672475, 0.9999968906451456, 0.027164677796783426], [-0.0018605325292497719, -0.9999980649851176, 0.0006390968066332103, 0.03427577528315201], [0.0, 0.0, 0.0, 1.0]]}, "Hobj2base": {"type": "ndarray", "data": [[0.9999983491119856, -0.0018125351084741575, -0.0001284125535299521, -0.7354342835014314], [-0.0018128581103364916, -0.9999950760162768, -0.0025615402928853065, 0.08768665587658965], [-0.00012376903951600288, 0.002561768857808274, -0.9999967110053629, 0.004069375810616582], [0.0, 0.0, 0.0, 1.0]]}, "mean_rme": {"type": "float", "data": 0.0015508067845847492}, "max_rme": {"type": "float", "data": 0.005230350333552625}, "simu": {"type": "float", "data": 0.002}}, {"type": "dict", "image_number": {"type": "int", "data": 19}, "Hcamera2end": {"type": "ndarray", "data": [[0.9999968912609748, -0.002160704283329055, -0.0012445181341321386, -0.015989420901231628], [0.0012454909630240478, 0.00044894976673226505, 0.9999991235977997, 0.027251963386405547], [-0.002160143663557055, -0.9999975648975884, 0.0004516395087232894, 0.034257099705060357], [0.0, 0.0, 0.0, 1.0]]}, "Hobj2base": {"type": "ndarray", "data": [[0.9999976825161757, -0.002151956024547668, -6.362032836848491e-05, -0.7352879810983342], [-0.0021520644658320318, -0.9999961414270211, -0.0017566301842413842, 0.08842553257687241], [-5.983989197692444e-05, 0.0017567630283273333, -0.9999984551002314, 0.0042778455349885705], [0.0, 0.0, 0.0, 1.0]]}, "mean_rme": {"type": "float", "data": 0.001542020094063547}, "max_rme": {"type": "float", "data": 0.005317471157936238}, "simu": {"type": "float", "data": 0.002}}, {"type": "dict", "image_number": {"type": "int", "data": 20}, "Hcamera2end": {"type": "ndarray", "data": [[0.999996916216786, -0.002128576122217638, -0.001279343820163153, -0.016037990970601154], [0.0012796133402976453, 0.0001252628573322756, 0.9999991734491165, 0.028687444731906802], [-0.0021284141085787392, -0.9999977267338704, 0.00012798622545051597, 0.034361559836545916], [0.0, 0.0, 0.0, 1.0]]}, "Hobj2base": {"type": "ndarray", "data": [[0.9999977231666777, -0.002128026760095116, 0.0001586302902088249, -0.7351198368046338], [-0.002127747239213755, -0.999996219212361, -0.0017419106372725712, 0.08844713085877198], [0.000162336522911195, 0.0017415691460703404, -0.9999984702907105, 0.0028132526078940264], [0.0, 0.0, 0.0, 1.0]]}, "mean_rme": {"type": "float", "data": 0.001482760138291701}, "max_rme": {"type": "float", "data": 0.005392877192488932}, "simu": {"type": "float", "data": 0.002}}, {"type": "dict", "image_number": {"type": "int", "data": 21}, "Hcamera2end": {"type": "ndarray", "data": [[0.9999964280355247, -0.0022437211586564796, -0.0014524570747128233, -0.016120491453263417], [0.0014523150573760991, -6.492344960173924e-05, 0.9999989432824015, 0.029413573674021098], [-0.002243813086200534, -0.9999974807469805, -6.166462767431824e-05, 0.03478583041245152], [0.0, 0.0, 0.0, 1.0]]}, "Hobj2base": {"type": "ndarray", "data": [[0.9999973345921144, -0.0022814988805110537, 0.00035436072734920226, -0.7353456879144779], [-0.0022808336499128305, -0.9999956570457562, -0.0018664638994324262, 0.08841437883654749], [0.00035861752367384695, 0.0018656506866736849, -0.9999981953688653, 0.0020075546253081823], [0.0, 0.0, 0.0, 1.0]]}, "mean_rme": {"type": "float", "data": 0.001462624184138647}, "max_rme": {"type": "float", "data": 0.005508089701488805}, "simu": {"type": "float", "data": 0.002}}, {"type": "dict", "image_number": {"type": "int", "data": 22}, "Hcamera2end": {"type": "ndarray", "data": [[0.9999946629598023, -0.002943654405778674, -0.001417374562612039, -0.016150142910107496], [0.0014170487228600268, -0.00011277496439721091, 0.9999989896268519, 0.029170117450650207], [-0.002943811275955141, -0.9999956610808604, -0.00010860306079640836, 0.03589750667691025], [0.0, 0.0, 0.0, 1.0]]}, "Hobj2base": {"type": "ndarray", "data": [[0.9999954181041322, -0.0029841313821183366, 0.0005086557147539469, -0.7363049242302271], [-0.002983270062674188, -0.9999941291471222, -0.0016857553267122095, 0.08850713173578582], [0.0005136832438840953, 0.0016842301453908102, -0.9999984497479693, 0.002174258888931986], [0.0, 0.0, 0.0, 1.0]]}, "mean_rme": {"type": "float", "data": 0.001456429964598514}, "max_rme": {"type": "float", "data": 0.0057986102365192305}, "simu": {"type": "float", "data": 0.002}}, {"type": "dict", "image_number": {"type": "int", "data": 23}, "Hcamera2end": {"type": "ndarray", "data": [[0.9999948260120946, -0.0027112849267552767, -0.00173115079838807, -0.016192765543590545], [0.0017300097072986587, -0.00042315601902220834, 0.9999984140014403, 0.030047873859337507], [-0.002712013173541461, -0.9999962349294268, -0.00041846328037542513, 0.035143614389184244], [0.0, 0.0, 0.0, 1.0]]}, "Hobj2base": {"type": "ndarray", "data": [[0.9999958537585623, -0.002770980164391888, 0.000783667412116947, -0.7353591835178439], [-0.002769428481509379, -0.999994216325583, -0.001974229284807856, 0.08835789418701391], [0.0007891334298279482, 0.00197205078832544, -0.9999977441395147, 0.0012612185019566997], [0.0, 0.0, 0.0, 1.0]]}, "mean_rme": {"type": "float", "data": 0.001447113202745646}, "max_rme": {"type": "float", "data": 0.005753495845331913}, "simu": {"type": "float", "data": 0.002}}, {"type": "dict", "image_number": {"type": "int", "data": 24}, "Hcamera2end": {"type": "ndarray", "data": [[0.9999942280089521, -0.0029559211661627375, -0.0016752548580341695, -0.01619214534591825], [0.0016737793290659804, -0.0005015805716321875, 0.9999984734386786, 0.030144785852240286], [-0.0029567569290571386, -0.9999955054633944, -0.0004966301167672604, 0.034964706695373896], [0.0, 0.0, 0.0, 1.0]]}, "Hobj2base": {"type": "ndarray", "data": [[0.9999952999527718, -0.00298423141432239, 0.0007031608861061643, -0.7351715046896983], [-0.002982912823677644, -0.9999938047425776, -0.0018688786877116555, 0.08839460698858716], [0.0007087336963328924, 0.0018667724362692846, -0.9999980064266221, 0.0012155280069164262], [0.0, 0.0, 0.0, 1.0]]}, "mean_rme": {"type": "float", "data": 0.0014324328523160656}, "max_rme": {"type": "float", "data": 0.005773721802670578}, "simu": {"type": "float", "data": 0.002}}, {"type": "dict", "image_number": {"type": "int", "data": 25}, "Hcamera2end": {"type": "ndarray", "data": [[0.999994316630596, -0.0029276081090610566, -0.001672069755453355, -0.01613091147811936], [0.0016702347895871813, -0.0006291126391433366, 0.999998407265249, 0.030239091654144536], [-0.002928655366374569, -0.9999955166539733, -0.0006242192707497374, 0.034150031027804575], [0.0, 0.0, 0.0, 1.0]]}, "Hobj2base": {"type": "ndarray", "data": [[0.9999952361315649, -0.0029713943437987534, 0.0008357809696539947, -0.7342917156948714], [-0.002969824715285886, -0.9999938358915821, -0.0018730509870865874, 0.0883902737586647], [0.0008413413909181599, 0.0018705599411378687, -0.9999978965728731, 0.0011509780479657362], [0.0, 0.0, 0.0, 1.0]]}, "mean_rme": {"type": "float", "data": 0.0014398862510627084}, "max_rme": {"type": "float", "data": 0.005756868854834368}, "simu": {"type": "float", "data": 0.002}}, {"type": "dict", "image_number": {"type": "int", "data": 26}, "Hcamera2end": {"type": "ndarray", "data": [[0.9999931545635448, -0.003238910122322306, -0.0017889346746126388, -0.01607178306577526], [0.0017871520461572163, -0.0005531896985628837, 0.9999982500328295, 0.030152844741738842], [-0.0032398940745693213, -0.9999946017066177, -0.0005473974868857034, 0.03464829049422882], [0.0, 0.0, 0.0, 1.0]]}, "Hobj2base": {"type": "ndarray", "data": [[0.9999944803880658, -0.0032469021980636144, 0.0007048542533637773, -0.7348106690706092], [-0.0032455355514018867, -0.999992867939141, -0.0019314683112312346, 0.08832689327202378], [0.0007111205150055721, 0.0019291700207378444, -0.999997886303089, 0.0012115926946423827], [0.0, 0.0, 0.0, 1.0]]}, "mean_rme": {"type": "float", "data": 0.0014666378495499612}, "max_rme": {"type": "float", "data": 0.0058553836189140784}, "simu": {"type": "float", "data": 0.002}}, {"type": "dict", "image_number": {"type": "int", "data": 27}, "Hcamera2end": {"type": "ndarray", "data": [[0.9999937715250969, -0.0032356773609399417, -0.0014097173575421296, -0.01604063028863762], [0.001407787387746029, -0.000598665562359102, 0.9999988298664231, 0.029988309304343427], [-0.0032365175239998383, -0.9999945859811243, -0.0005941066878061285, 0.033977841717152645], [0.0, 0.0, 0.0, 1.0]]}, "Hobj2base": {"type": "ndarray", "data": [[0.9999944190766997, -0.003254954876877641, 0.0007530499341015395, -0.7341416536033071], [-0.0032538043212648046, -0.9999935449568123, -0.0015240741933691365, 0.08861666559175149], [0.0007580058658601226, 0.0015216154104982517, -0.9999985550557811, 0.0014722881962113215], [0.0, 0.0, 0.0, 1.0]]}, "mean_rme": {"type": "float", "data": 0.0014912859148261666}, "max_rme": {"type": "float", "data": 0.00582474464902491}, "simu": {"type": "float", "data": 0.002}}, {"type": "dict", "image_number": {"type": "int", "data": 28}, "Hcamera2end": {"type": "ndarray", "data": [[0.9999943201185295, -0.0032538773046360443, -0.000878642797948461, -0.01594593004844529], [0.0008762276022881291, -0.0007436028104312875, 0.9999993396398065, 0.030046286947185454], [-0.003254528517158918, -0.9999944296531588, -0.0007407474497467259, 0.03297176524243459], [0.0, 0.0, 0.0, 1.0]]}, "Hobj2base": {"type": "ndarray", "data": [[0.9999940336765918, -0.0033282304006337585, 0.0009249289808448818, -0.73304465772089], [-0.0033273123985459877, -0.9999939721645348, -0.0009922836275905967, 0.08897623303486328], [0.0009282259540605667, 0.000989200179639822, -0.9999990799393679, 0.0015317577156275717], [0.0, 0.0, 0.0, 1.0]]}, "mean_rme": {"type": "float", "data": 0.0015055661023939727}, "max_rme": {"type": "float", "data": 0.005833678972123307}, "simu": {"type": "float", "data": 0.002}}, {"type": "dict", "image_number": {"type": "int", "data": 29}, "Hcamera2end": {"type": "ndarray", "data": [[0.9999937376453113, -0.0034705860995600866, -0.0006926054330445778, -0.015843707911915972], [0.0006895707961591855, -0.0008755077728941352, 0.9999993789889354, 0.03042245947157531], [-0.003471190325727898, -0.9999935942386156, -0.0008731090753342219, 0.03273310070153673], [0.0, 0.0, 0.0, 1.0]]}, "Hobj2base": {"type": "ndarray", "data": [[0.9999931863837983, -0.003545781066070879, 0.0010269482020050387, -0.7326784706005671], [-0.0035449007307218378, -0.9999933489156485, -0.0008577897613652926, 0.08910241685326985], [0.0010299829063804417, 0.0008541434872833758, -0.9999991047866568, 0.0011775241884433535], [0.0, 0.0, 0.0, 1.0]]}, "mean_rme": {"type": "float", "data": 0.001517813513982235}, "max_rme": {"type": "float", "data": 0.005935482715922202}, "simu": {"type": "float", "data": 0.002}}, {"type": "dict", "image_number": {"type": "int", "data": 30}, "Hcamera2end": {"type": "ndarray", "data": [[0.9999954673178869, -0.002952565906725095, -0.0005896594334746875, -0.015839398156443807], [0.0005869960363946111, -0.0009028471903320678, 0.9999994201511339, 0.03028641013725946], [-0.0029530965670458674, -0.9999952335993992, -0.0009011099535283229, 0.03267288328631577], [0.0, 0.0, 0.0, 1.0]]}, "Hobj2base": {"type": "ndarray", "data": [[0.9999948427823672, -0.003031253312526803, 0.0010610900169989923, -0.73270096092251], [-0.003030390598319032, -0.9999950772915016, -0.0008137109965451054, 0.08910590567601769], [0.0010635513577158646, 0.000810491282848922, -0.9999991059807956, 0.0013263706789460059], [0.0, 0.0, 0.0, 1.0]]}, "mean_rme": {"type": "float", "data": 0.001482143633062834}, "max_rme": {"type": "float", "data": 0.005712145957777859}, "simu": {"type": "float", "data": 0.002}}]}