{"type": "list", "data": [{"type": "dict", "image_number": {"type": "int", "data": 5}, "Hcamera2end": {"type": "ndarray", "data": [[0.9999878869497375, 0.0003297790193531806, 0.00491092655181375, -0.013760398524720335], [-0.0049108966388123326, -9.145478100269777e-05, 0.9999879372923587, 0.0283947623931107], [0.00033022416903759995, -0.9999999414409092, -8.983416252861254e-05, 0.03739163907886879], [0.0, 0.0, 0.0, 1.0]]}, "Hobj2base": {"type": "ndarray", "data": [[0.9999979147391618, -0.00035062099618481997, 0.0020118603940537665, -0.7402695119596444], [-0.0003595217355059072, -0.9999901428917102, 0.00442547890496512, 0.09048689100005829], [0.002010288897105745, -0.004426192984227735, -0.9999881837072955, 0.006995916104940991], [0.0, 0.0, 0.0, 1.0]]}, "mean_rme": {"type": "float", "data": 0.0015547182386919515}, "max_rme": {"type": "float", "data": 0.006815690423183335}, "simu": {"type": "float", "data": 0.002}}, {"type": "dict", "image_number": {"type": "int", "data": 6}, "Hcamera2end": {"type": "ndarray", "data": [[0.9999899936687695, 0.0008432744708903148, 0.004393341609885931, -0.01377003450434136], [-0.004392583193349054, -0.00089912577650475, 0.9999899483423459, 0.028434593903091502], [0.0008472161612704647, -0.9999992402302137, -0.0008954126262861184, 0.03775133697466852], [0.0, 0.0, 0.0, 1.0]]}, "Hobj2base": {"type": "ndarray", "data": [[0.9999967134374721, -0.00016371720851442864, 0.002558575957425581, -0.7396230111821046], [-0.00017526447931536353, -0.9999897983380686, 0.0045135908267105555, 0.09010567536295522], [0.0025578109032081122, -0.004514024419995046, -0.9999865405028803, 0.006910442411854271], [0.0, 0.0, 0.0, 1.0]]}, "mean_rme": {"type": "float", "data": 0.0016060006026467155}, "max_rme": {"type": "float", "data": 0.006937248017123615}, "simu": {"type": "float", "data": 0.002}}, {"type": "dict", "image_number": {"type": "int", "data": 7}, "Hcamera2end": {"type": "ndarray", "data": [[0.9999909195111069, 0.0009594773548915361, 0.004152143848239876, -0.013542744132111123], [-0.00415131296767955, -0.0008663470297454179, 0.999991007981306, 0.028454649160796486], [0.0009630659247432229, -0.9999991644226657, -0.0008623560721052748, 0.037572826851518366], [0.0, 0.0, 0.0, 1.0]]}, "Hobj2base": {"type": "ndarray", "data": [[0.9999973597881652, 0.00010892205958188299, 0.0022953328046123483, -0.7396161629963516], [9.818883481381518e-05, -0.9999890640237517, 0.004675702284552845, 0.09014025571699746], [0.00229581699003014, -0.004675464563654742, -0.9999864345357203, 0.006843228234662649], [0.0, 0.0, 0.0, 1.0]]}, "mean_rme": {"type": "float", "data": 0.0014327689562513455}, "max_rme": {"type": "float", "data": 0.006934658817872169}, "simu": {"type": "float", "data": 0.002}}, {"type": "dict", "image_number": {"type": "int", "data": 8}, "Hcamera2end": {"type": "ndarray", "data": [[0.9999924589192487, 0.0010623221790139687, 0.0037354485972600293, -0.013717507087440347], [-0.003734949568192587, -0.0004713495737602713, 0.999992913965545, 0.02874351374871325], [0.001064075353466528, -0.9999993246503553, -0.0004673782995112674, 0.037711230179137405], [0.0, 0.0, 0.0, 1.0]]}, "Hobj2base": {"type": "ndarray", "data": [[0.9999977871532497, 0.0003484382821727197, 0.002074675725856039, -0.7400579749379378], [0.00033898738597354936, -0.9999895731632027, 0.004553971061335563, 0.08966668919654987], [0.0020762408714045145, -0.004553257695194448, -0.9999874784557077, 0.006730154611808259], [0.0, 0.0, 0.0, 1.0]]}, "mean_rme": {"type": "float", "data": 0.0013984207811726201}, "max_rme": {"type": "float", "data": 0.006916485090588537}, "simu": {"type": "float", "data": 0.002}}, {"type": "dict", "image_number": {"type": "int", "data": 9}, "Hcamera2end": {"type": "ndarray", "data": [[0.9999943256044159, 0.0012849895323714016, 0.0031140906972965047, -0.013881001293396537], [-0.003114570904393432, 0.00037187334051402843, 0.9999950805670497, 0.02911812036638868], [0.0012838251636412882, -0.9999991052556598, 0.0003758734213675785, 0.037827311352131264], [0.0, 0.0, 0.0, 1.0]]}, "Hobj2base": {"type": "ndarray", "data": [[0.9999983911964736, 0.0008884543784636209, 0.001558285365993162, -0.7408668787940784], [0.0008815087694404744, -0.999989700152407, 0.004452250148964111, 0.08907649354312955], [0.0015622249370302482, -0.004450869343952957, -0.9999888745457768, 0.006609220219993334], [0.0, 0.0, 0.0, 1.0]]}, "mean_rme": {"type": "float", "data": 0.0014198824372987293}, "max_rme": {"type": "float", "data": 0.006851716880941577}, "simu": {"type": "float", "data": 0.002}}, {"type": "dict", "image_number": {"type": "int", "data": 10}, "Hcamera2end": {"type": "ndarray", "data": [[0.9999939017826138, 0.0013297233139545517, 0.0032292775496226074, -0.013615920764027935], [-0.0032282306175321026, -0.0007887258348848736, 0.9999944782040737, 0.028886281460821978], [0.001332262986125174, -0.9999988048730188, -0.0007844283715483513, 0.03799296372540797], [0.0, 0.0, 0.0, 1.0]]}, "Hobj2base": {"type": "ndarray", "data": [[0.9999959523668501, 0.00031760363850443565, 0.002827433084117159, -0.7398117037828553], [0.00030437656663788703, -0.9999890149465542, 0.004677322003684314, 0.08958983209616188], [0.002828887559100442, -0.004676442467226177, -0.9999850640289729, 0.006489719516558579], [0.0, 0.0, 0.0, 1.0]]}, "mean_rme": {"type": "float", "data": 0.001734161862625718}, "max_rme": {"type": "float", "data": 0.0068619610497190064}, "simu": {"type": "float", "data": 0.002}}, {"type": "dict", "image_number": {"type": "int", "data": 11}, "Hcamera2end": {"type": "ndarray", "data": [[0.9999932569755813, 0.0014792078545419484, 0.003361241956783611, -0.013694798511521201], [-0.0033599877085667843, -0.0008495886214541226, 0.9999939943228524, 0.02873682431182615], [0.001482054643817577, -0.9999985450705904, -0.0008446127724477392, 0.037966418351246374], [0.0, 0.0, 0.0, 1.0]]}, "Hobj2base": {"type": "ndarray", "data": [[0.9999957195596086, 0.0005091561028554121, 0.0028812536374654874, -0.7397496561255538], [0.0004948685705132249, -0.9999875899034338, 0.0049573323693104885, 0.08985519886566275], [0.0028837419368593314, -0.004955885307875923, -0.999983561481516, 0.00671601815524674], [0.0, 0.0, 0.0, 1.0]]}, "mean_rme": {"type": "float", "data": 0.0017596263046506038}, "max_rme": {"type": "float", "data": 0.006571224110922563}, "simu": {"type": "float", "data": 0.002}}, {"type": "dict", "image_number": {"type": "int", "data": 12}, "Hcamera2end": {"type": "ndarray", "data": [[0.9999936707233601, 0.0012845131434573588, 0.0033179118740921665, -0.013824046471926808], [-0.0033168469918982545, -0.0008302607500429993, 0.9999941545794752, 0.02868599321067831], [0.0012872603669390268, -0.9999988303458515, -0.0008259949615372353, 0.03785567232267692], [0.0, 0.0, 0.0, 1.0]]}, "Hobj2base": {"type": "ndarray", "data": [[0.9999962899474805, 0.00030329787190386465, 0.0027070466703709877, -0.7398594025693148], [0.0002895304320587552, -0.9999870308016883, 0.0050847222689676605, 0.09006862476627565], [0.0027085537475892807, -0.005083919631988919, -0.9999834086112489, 0.006901534509805777], [0.0, 0.0, 0.0, 1.0]]}, "mean_rme": {"type": "float", "data": 0.0018565823187527187}, "max_rme": {"type": "float", "data": 0.006253525484285011}, "simu": {"type": "float", "data": 0.002}}, {"type": "dict", "image_number": {"type": "int", "data": 13}, "Hcamera2end": {"type": "ndarray", "data": [[0.9999977184259098, 0.001304046179700639, 0.0016919239155703883, -0.014108771743864325], [-0.001690662743978492, -0.0009676182269831024, 0.9999981026854264, 0.028906391778735066], [0.0013056808419341925, -0.9999986815883947, -0.0009654113169978995, 0.03799864449541838], [0.0, 0.0, 0.0, 1.0]]}, "Hobj2base": {"type": "ndarray", "data": [[0.9999962065922003, 0.0002713467564965961, 0.0027410166265540385, -0.7399935281315464], [0.0002614376262684653, -0.999993432265162, 0.0036148412009350934, 0.08893919990065649], [0.0027419794997187736, -0.003614110883487879, -0.9999897098225285, 0.006479523483440637], [0.0, 0.0, 0.0, 1.0]]}, "mean_rme": {"type": "float", "data": 0.0018788433069680636}, "max_rme": {"type": "float", "data": 0.0062644073146631285}, "simu": {"type": "float", "data": 0.002}}, {"type": "dict", "image_number": {"type": "int", "data": 14}, "Hcamera2end": {"type": "ndarray", "data": [[0.9999971124616522, 0.0012223521619736822, 0.002069039281832958, -0.014019882973317577], [-0.002067847794339985, -0.0009752107837674995, 0.9999973864812982, 0.028877306571164236], [0.0012243667167531282, -0.9999987774088125, -0.0009726803295868613, 0.037937412269691724], [0.0, 0.0, 0.0, 1.0]]}, "Hobj2base": {"type": "ndarray", "data": [[0.9999965123012943, 0.000170744819926488, 0.002635570422885414, -0.7400010146052894], [0.00015992478346390045, -0.9999915614508428, 0.0041050519081356285, 0.08926557048138561], [0.0026362490988436874, -0.004104616097922218, -0.9999881010878964, 0.006638351484315986], [0.0, 0.0, 0.0, 1.0]]}, "mean_rme": {"type": "float", "data": 0.0018092886339414194}, "max_rme": {"type": "float", "data": 0.006239456568152918}, "simu": {"type": "float", "data": 0.002}}, {"type": "dict", "image_number": {"type": "int", "data": 15}, "Hcamera2end": {"type": "ndarray", "data": [[0.9999983338714838, 0.0016046673212879962, 0.0008702281565221895, -0.014155917081763097], [-0.0008688524097638748, -0.0008578386903748125, 0.9999992546038583, 0.02890828773990503], [0.0016054126405572835, -0.9999983445764149, -0.0008564430420363589, 0.038037743780192715], [0.0, 0.0, 0.0, 1.0]]}, "Hobj2base": {"type": "ndarray", "data": [[0.9999962736525795, 0.0005670081663817905, 0.0026704274366827893, -0.7401124112998015], [0.0005588223817693158, -0.9999951464419512, 0.003065095444770336, 0.08852704936225723], [0.002672152409756136, -0.0030635917285393222, -0.9999917369694709, 0.006406335980187823], [0.0, 0.0, 0.0, 1.0]]}, "mean_rme": {"type": "float", "data": 0.0017969807494268035}, "max_rme": {"type": "float", "data": 0.006163524318840513}, "simu": {"type": "float", "data": 0.002}}, {"type": "dict", "image_number": {"type": "int", "data": 16}, "Hcamera2end": {"type": "ndarray", "data": [[0.9999983245883554, 0.0015603862769102163, 0.0009570868032970621, -0.014184060367336182], [-0.0009555492242970182, -0.00098583148033482, 0.9999990575305422, 0.028879766970287376], [0.0015613283325939108, -0.9999982966640291, -0.000984338802764828, 0.03805182205368944], [0.0, 0.0, 0.0, 1.0]]}, "Hobj2base": {"type": "ndarray", "data": [[0.9999963435025582, 0.0004583725543470996, 0.0026651221576298157, -0.7400294684030313], [0.0004501278662660206, -0.9999951143443282, 0.0030933270726067963, 0.08858693988001787], [0.0026665270329923317, -0.0030921161161141164, -0.9999916641910105, 0.0064452929413530355], [0.0, 0.0, 0.0, 1.0]]}, "mean_rme": {"type": "float", "data": 0.0017177405171843096}, "max_rme": {"type": "float", "data": 0.006152496808861846}, "simu": {"type": "float", "data": 0.002}}, {"type": "dict", "image_number": {"type": "int", "data": 17}, "Hcamera2end": {"type": "ndarray", "data": [[0.9999987752065043, 0.0013725624865522758, 0.0007521021950525259, -0.014106841942822934], [-0.0007504313274700712, -0.001217443707212995, 0.9999989773412985, 0.028827742307045795], [0.0013734767249738529, -0.9999983169501039, -0.001216412202206918, 0.03802974013959798], [0.0, 0.0, 0.0, 1.0]]}, "Hobj2base": {"type": "ndarray", "data": [[0.9999964628611258, 0.00022194917873697434, 0.002650472372860894, -0.7398562461019849], [0.00021490299030579204, -0.9999964432129256, 0.002658454100137588, 0.08850573338627636], [0.0026510529873992527, -0.0026578751023775943, -0.9999929537841743, 0.006325719369894844], [0.0, 0.0, 0.0, 1.0]]}, "mean_rme": {"type": "float", "data": 0.0016826787563881999}, "max_rme": {"type": "float", "data": 0.006266054010012595}, "simu": {"type": "float", "data": 0.002}}, {"type": "dict", "image_number": {"type": "int", "data": 18}, "Hcamera2end": {"type": "ndarray", "data": [[0.9999984054660884, 0.0015252244133502138, 0.0009288464725629973, -0.014120201702019013], [-0.0009271554697295025, -0.0011090241950952873, 0.999998955223489, 0.02895442878731078], [0.0015262529330431743, -0.9999982218763309, -0.001107608306561314, 0.03803908695056819], [0.0, 0.0, 0.0, 1.0]]}, "Hobj2base": {"type": "ndarray", "data": [[0.999996526329207, 0.00042774680738967574, 0.0026008387470995513, -0.7400020969111626], [0.00042052693923635086, -0.9999960587872645, 0.002775890313214501, 0.08840274286300748], [0.0026020158748599003, -0.00277478694792763, -0.9999927650092175, 0.006262951689957848], [0.0, 0.0, 0.0, 1.0]]}, "mean_rme": {"type": "float", "data": 0.001659986881003592}, "max_rme": {"type": "float", "data": 0.0063795261824871885}, "simu": {"type": "float", "data": 0.002}}, {"type": "dict", "image_number": {"type": "int", "data": 19}, "Hcamera2end": {"type": "ndarray", "data": [[0.9999989636856454, 0.0013463034057716906, 0.0005099948772093746, -0.01408141237645781], [-0.000508580004023471, -0.0010510651366746337, 0.9999993183039967, 0.03046448346614945], [0.001346838525837357, -0.9999985413635454, -0.0010503793444491816, 0.03961175718250744], [0.0, 0.0, 0.0, 1.0]]}, "Hobj2base": {"type": "ndarray", "data": [[0.9999971418314458, 0.00028798892886551254, 0.0023734766306255962, -0.741418991756736], [0.00028229650472334956, -0.9999970841455281, 0.0023983346563852016, 0.0891872347788178], [0.002374160403741904, -0.002397657777383636, -0.999994307283576, 0.004868665428749714], [0.0, 0.0, 0.0, 1.0]]}, "mean_rme": {"type": "float", "data": 0.0017082687842252765}, "max_rme": {"type": "float", "data": 0.005712573517627106}, "simu": {"type": "float", "data": 0.002}}, {"type": "dict", "image_number": {"type": "int", "data": 20}, "Hcamera2end": {"type": "ndarray", "data": [[0.999999369138833, 0.00109336074731603, 0.0002574572047241669, -0.014017501444416918], [-0.0002562051712473153, -0.0011451095726211502, 0.9999993115412513, 0.03172197278588425], [0.0010936548112919283, -0.9999987466423859, -0.0011448287255384493, 0.03974521942975303], [0.0, 0.0, 0.0, 1.0]]}, "Hobj2base": {"type": "ndarray", "data": [[0.999997407729251, 2.555198245555649e-05, 0.0022768139744420344, -0.7413571733304595], [2.063616586890214e-05, -0.9999976689834591, 0.0021590742916510926, 0.0897130436332925], [0.0022768638357794197, -0.002159021710035132, -0.9999950772460475, 0.0037045997274919194], [0.0, 0.0, 0.0, 1.0]]}, "mean_rme": {"type": "float", "data": 0.0017059919350925577}, "max_rme": {"type": "float", "data": 0.005564070678352961}, "simu": {"type": "float", "data": 0.002}}, {"type": "dict", "image_number": {"type": "int", "data": 21}, "Hcamera2end": {"type": "ndarray", "data": [[0.9999995873405195, 0.000908392275139559, -1.1927498798727538e-05, -0.01406468984744545], [1.2538905443053576e-05, -0.0006730618361141527, 0.9999997734152448, 0.03082028304481514], [0.0009083840413674758, -0.9999993609054156, -0.0006730729486137399, 0.038542274149015295], [0.0, 0.0, 0.0, 1.0]]}, "Hobj2base": {"type": "ndarray", "data": [[0.9999983419284528, 4.5944376659754946e-05, 0.0018204475986563968, -0.740481036872453], [4.243715877169402e-05, -0.9999981432796001, 0.0019265607802353435, 0.08902613801384164], [0.0018205327332283484, -0.0019264803312359503, -0.9999964871608802, 0.0045155515696301595], [0.0, 0.0, 0.0, 1.0]]}, "mean_rme": {"type": "float", "data": 0.0017374585916852677}, "max_rme": {"type": "float", "data": 0.0056692922471444085}, "simu": {"type": "float", "data": 0.002}}, {"type": "dict", "image_number": {"type": "int", "data": 22}, "Hcamera2end": {"type": "ndarray", "data": [[0.9999998483560752, 0.0005126851076483568, 0.00020110148384171924, -0.014202394926997824], [-0.00020116965123871848, 0.00013291343041876846, 0.9999999709323956, 0.030845091727379936], [0.000512658363657749, -0.9999998597439906, 0.00013301654694752862, 0.03669215338987752], [0.0, 0.0, 0.0, 1.0]]}, "Hobj2base": {"type": "ndarray", "data": [[0.9999993860925883, 1.0752239959986614e-05, 0.0011080157200481415, -0.7389264043249635], [8.342485944742349e-06, -0.9999976350434303, 0.0021748190612972404, 0.08902939452810461], [0.0011080364838155015, -0.002174808482554129, -0.9999970212271709, 0.004792021290531934], [0.0, 0.0, 0.0, 1.0]]}, "mean_rme": {"type": "float", "data": 0.001787455415126934}, "max_rme": {"type": "float", "data": 0.0058542461274357915}, "simu": {"type": "float", "data": 0.002}}, {"type": "dict", "image_number": {"type": "int", "data": 23}, "Hcamera2end": {"type": "ndarray", "data": [[0.9999999071386929, 0.00018641476036964613, 0.0003885513384562627, -0.014163489469900179], [-0.0003886515950386705, 0.0005380801689833792, 0.9999997797098106, 0.0305206720379662], [0.0001862056475344479, -0.9999998378596213, 0.0005381525694105882, 0.0363565413256481], [0.0, 0.0, 0.0, 1.0]]}, "Hobj2base": {"type": "ndarray", "data": [[0.9999996483769934, -0.00016391709463202427, 0.0008224214707537637, -0.7387140447582269], [-0.00016592458361406462, -0.9999970058300216, 0.0024414749689630018, 0.08892910927533797], [0.0008220188088005572, -0.0024416105704243227, -0.9999966814059436, 0.005193860079840023], [0.0, 0.0, 0.0, 1.0]]}, "mean_rme": {"type": "float", "data": 0.0017655901004695164}, "max_rme": {"type": "float", "data": 0.0056605757903215315}, "simu": {"type": "float", "data": 0.002}}, {"type": "dict", "image_number": {"type": "int", "data": 24}, "Hcamera2end": {"type": "ndarray", "data": [[0.9999999871523488, 6.907094103691379e-05, 0.00014465305858246116, -0.014264077060959219], [-0.00014468864389497913, 0.0005154727191085673, 0.9999998566765255, 0.030965488579393144], [6.899636643199174e-05, -0.999999864758531, 0.0005154827062667788, 0.03603185960362519], [0.0, 0.0, 0.0, 1.0]]}, "Hobj2base": {"type": "ndarray", "data": [[0.9999996693556735, -0.0002847368948262158, 0.0007617174307492156, -0.7383147156367741], [-0.0002864471128699665, -0.9999974366069588, 0.002246047097189363, 0.08912340453870726], [0.0007610759456919671, -0.002246264546305494, -0.9999971875255413, 0.004817982599023943], [0.0, 0.0, 0.0, 1.0]]}, "mean_rme": {"type": "float", "data": 0.0018063017380410846}, "max_rme": {"type": "float", "data": 0.005489832670604822}, "simu": {"type": "float", "data": 0.002}}, {"type": "dict", "image_number": {"type": "int", "data": 25}, "Hcamera2end": {"type": "ndarray", "data": [[0.9999999274505598, -0.00018805448447909521, -0.0003312618090731765, -0.014285746688715129], [0.0003313515792383702, 0.000477532249848478, 0.9999998310845263, 0.030959625922181173], [-0.00018789626451680733, -0.9999998682992218, 0.00047759452735418595, 0.03525736948241271], [0.0, 0.0, 0.0, 1.0]]}, "Hobj2base": {"type": "ndarray", "data": [[0.9999996123097535, -0.0005460595117712144, 0.0006907961727054473, -0.7374984897012729], [-0.0005473095373480558, -0.9999982109972938, 0.0018106502925711188, 0.08888656449861991], [0.0006898062140544753, -0.001811027669933346, -0.9999981221713197, 0.004722579598051275], [0.0, 0.0, 0.0, 1.0]]}, "mean_rme": {"type": "float", "data": 0.0017889398088049187}, "max_rme": {"type": "float", "data": 0.00543658441633138}, "simu": {"type": "float", "data": 0.002}}, {"type": "dict", "image_number": {"type": "int", "data": 26}, "Hcamera2end": {"type": "ndarray", "data": [[0.9999996188596636, -0.0006758192500821485, -0.0005527647499874813, -0.014181676302250869], [0.0005530793495839434, 0.0004654102503633961, 0.9999997387482319, 0.030899199888567413], [-0.0006755618111424907, -0.9999996633307634, 0.0004657838546480164, 0.034922548226573986], [0.0, 0.0, 0.0, 1.0]]}, "Hobj2base": {"type": "ndarray", "data": [[0.9999993870036614, -0.0010015501597186007, 0.0004721118288243062, -0.7371421162911714], [-0.001002328446655818, -0.9999981344717701, 0.001651178568407042, 0.088748763069062], [0.0004704572099274498, -0.0016516507673566584, -0.9999985253587911, 0.004727485225143903], [0.0, 0.0, 0.0, 1.0]]}, "mean_rme": {"type": "float", "data": 0.0017876767551865875}, "max_rme": {"type": "float", "data": 0.005429152773753498}, "simu": {"type": "float", "data": 0.002}}, {"type": "dict", "image_number": {"type": "int", "data": 27}, "Hcamera2end": {"type": "ndarray", "data": [[0.9999989610364898, -0.0009868105065231883, -0.0010507763630880449, -0.014222120036145841], [0.0010512648584120807, 0.0004946362814295391, 0.9999993250883454, 0.030911858259648796], [-0.0009862900884004247, -0.999999390769801, 0.000495673166727939, 0.03462579580660342], [0.0, 0.0, 0.0, 1.0]]}, "Hobj2base": {"type": "ndarray", "data": [[0.9999991701779913, -0.0012549677184592264, 0.0002910315350551985, -0.7368402427707941], [-0.0012553204711389409, -0.9999984738759515, 0.0012150787147797864, 0.08861300352498332], [0.0002895062063425384, -0.0012154430443244285, -0.9999992194418768, 0.00465547094543241], [0.0, 0.0, 0.0, 1.0]]}, "mean_rme": {"type": "float", "data": 0.0017762872559121353}, "max_rme": {"type": "float", "data": 0.005413886172325577}, "simu": {"type": "float", "data": 0.002}}, {"type": "dict", "image_number": {"type": "int", "data": 28}, "Hcamera2end": {"type": "ndarray", "data": [[-0.8754058304210406, 0.12947847635750168, -0.46572519389119194, -279.54639498792574], [-0.4663847027959769, -0.4795266740648454, 0.7433299925727577, 1047.800697540713], [-0.1270824183856948, 0.867922515562563, 0.480167227033245, 288.7569564504159], [0.0, 0.0, 0.0, 1.0]]}, "Hobj2base": {"type": "ndarray", "data": [[-0.7472725036724075, 0.1635992330045533, -0.6440645124640029, -390.6805219319942], [-0.16204091487454936, 0.8951023966304184, 0.4153726537136264, 253.03249555934116], [0.6444583362497461, 0.41476136573553113, -0.6423756395843527, -994.5102820110105], [0.0, 0.0, 0.0, 1.0]]}, "mean_rme": {"type": "float", "data": 92.84183508846442}, "max_rme": {"type": "float", "data": 504.62442757157777}, "simu": {"type": "float", "data": 0.002}}, {"type": "dict", "image_number": {"type": "int", "data": 28}, "Hcamera2end": {"type": "ndarray", "data": [[0.9999983050829201, -0.0006646361254569545, -0.0017170003225787428, -0.01425358921939545], [0.0017177547665162955, 0.0011362216776036327, 0.9999978791571821, 0.031511853495252956], [-0.0006626838228812341, -0.999999133629185, 0.0011373614336745996, 0.03443000207171328], [0.0, 0.0, 0.0, 1.0]]}, "Hobj2base": {"type": "ndarray", "data": [[0.999999773670625, -0.0006615032750847693, -0.00012276854555624426, -0.7368951261202012], [-0.0006614188852731365, -0.9999995458533926, 0.0006861618365363937, 0.08857703935859695], [-0.00012322238810343283, -0.0006860804798032657, -0.9999997570548793, 0.004093242158091366], [0.0, 0.0, 0.0, 1.0]]}, "mean_rme": {"type": "float", "data": 0.0017852776250818255}, "max_rme": {"type": "float", "data": 0.005350341472759423}, "simu": {"type": "float", "data": 0.002}}, {"type": "dict", "image_number": {"type": "int", "data": 29}, "Hcamera2end": {"type": "ndarray", "data": [[0.99999822011818, -0.0007723981070993343, -0.0017213836400306298, -0.014267075382693438], [0.0017219274351165238, 0.0007039229070370245, 0.9999982697277277, 0.03220025641892037], [-0.0007711850492642901, -0.9999994539467034, 0.0007052516676289144, 0.03442770862700715], [0.0, 0.0, 0.0, 1.0]]}, "Hobj2base": {"type": "ndarray", "data": [[0.9999995611440683, -0.0009289829595507641, 0.00012125317214716408, -0.73662181205325], [-0.000929058986282325, -0.9999993709402735, 0.0006284651603839537, 0.08893850999174975], [0.00012066926244700871, -0.0006285775359274888, -0.9999997951645845, 0.0034414091529815114], [0.0, 0.0, 0.0, 1.0]]}, "mean_rme": {"type": "float", "data": 0.0017533396549463032}, "max_rme": {"type": "float", "data": 0.005285777387904478}, "simu": {"type": "float", "data": 0.002}}, {"type": "dict", "image_number": {"type": "int", "data": 30}, "Hcamera2end": {"type": "ndarray", "data": [[0.9999986954098952, -0.00043180409559926433, -0.0015565101126359094, -0.014297684107874051], [0.001556703284986884, 0.00044738628198925934, 0.9999986882593384, 0.03236489336032671], [-0.0004311071679121035, -0.9999998066953502, 0.0004480578891875586, 0.034237886466831215], [0.0, 0.0, 0.0, 1.0]]}, "Hobj2base": {"type": "ndarray", "data": [[0.9999996305145075, -0.0007336856545349219, 0.00044796898208855103, -0.7363284063410214], [-0.0007339995429122038, -0.9999994849705416, 0.0007009303263826998, 0.08898673147861128], [0.0004474544888460334, -0.0007012588764272047, -0.9999996540101743, 0.0032693542909175053], [0.0, 0.0, 0.0, 1.0]]}, "mean_rme": {"type": "float", "data": 0.0017203386581122722}, "max_rme": {"type": "float", "data": 0.005298551093086079}, "simu": {"type": "float", "data": 0.002}}]}