{"type": "list", "data": [{"type": "dict", "image_number": {"type": "int", "data": 5}, "Hcamera2end": {"type": "ndarray", "data": [[0.9999997339549828, -0.0004758535797591821, -0.0005528592356045702, -0.012931369962789055], [0.0005540160459184369, 0.002434332604125067, 0.9999968835406405, 0.025221939030014927], [-0.0004745062535181158, -0.99999692378934, 0.0024345955870017644, 0.03412209255496181], [0.0, 0.0, 0.0, 1.0]]}, "Hobj2base": {"type": "ndarray", "data": [[0.9999993068603931, -0.0009762791068830855, 0.0006581472774969547, -0.7372222818337268], [-0.0009753053555870467, -0.9999984317991977, -0.001478234964111601, 0.09168050996180874], [0.0006595894153003921, 0.0014775920449238912, -0.9999986908309193, -0.0038790112422825594], [0.0, 0.0, 0.0, 1.0]]}, "mean_rme": {"type": "float", "data": 0.0008190777772091875}, "max_rme": {"type": "float", "data": 0.0026484625871200373}, "simu": {"type": "float", "data": 0.002}}, {"type": "dict", "image_number": {"type": "int", "data": 6}, "Hcamera2end": {"type": "ndarray", "data": [[0.9999994052384291, -0.00046108640162052886, -0.000988393706106466, -0.012332823326713222], [0.0009892940231560838, 0.0019564749924432245, 0.9999975967485821, 0.025276746927240423], [-0.00045915152594529484, -0.9999979798004266, 0.001956929978828459, 0.03458590545582192], [0.0, 0.0, 0.0, 1.0]]}, "Hobj2base": {"type": "ndarray", "data": [[0.9999990820019333, -0.000670028539539428, 0.0011777338607900673, -0.7371611713098664], [-0.0006684039951327167, -0.9999988254736187, -0.0013792343823766909, 0.09176690620189765], [0.0011786566039094844, 0.0013784459142244393, -0.9999983553263831, -0.003599178915098885], [0.0, 0.0, 0.0, 1.0]]}, "mean_rme": {"type": "float", "data": 0.0009997459190177463}, "max_rme": {"type": "float", "data": 0.0033269790016555723}, "simu": {"type": "float", "data": 0.002}}, {"type": "dict", "image_number": {"type": "int", "data": 7}, "Hcamera2end": {"type": "ndarray", "data": [[0.9999997627258064, 0.00023739902251323602, -0.0006466761438159382, -0.011643619253964309], [0.000646255729290415, 0.001766745099523237, 0.9999982304810772, 0.025821986518095228], [0.0002385411143392388, -0.9999984111254664, 0.0017665912598417988, 0.03501437868435716], [0.0, 0.0, 0.0, 1.0]]}, "Hobj2base": {"type": "ndarray", "data": [[0.99999854209897, -4.6255328220247724e-05, 0.0017069447498596728, -0.7376239580944954], [-4.57171413978751e-05, -0.999999949238422, -0.00031533013912192584, 0.09255588428002445], [0.0017069592489115464, 0.0003152516427673036, -0.9999984934521273, -0.003745572312535504], [0.0, 0.0, 0.0, 1.0]]}, "mean_rme": {"type": "float", "data": 0.0012424488207144384}, "max_rme": {"type": "float", "data": 0.004834334980113653}, "simu": {"type": "float", "data": 0.002}}, {"type": "dict", "image_number": {"type": "int", "data": 8}, "Hcamera2end": {"type": "ndarray", "data": [[0.9999993650677499, 0.0002680377982944508, -0.0010945409246346204, -0.011268997601139434], [0.0010941167208590441, 0.001577692086660698, 0.9999981568964419, 0.02574454819135589], [0.0002697641528283532, -0.9999987195208894, 0.0015773978202962002, 0.035361109964628865], [0.0, 0.0, 0.0, 1.0]]}, "Hobj2base": {"type": "ndarray", "data": [[0.9999987045292003, 0.00010741127501419488, 0.0016060519105250603, -0.7377111198653152], [0.00010812930787626794, -0.9999998942498165, -0.0004469993390434532, 0.0924937985789044], [0.0016060037279158384, 0.0004471724212503604, -0.9999986103934604, -0.0033094013917510517], [0.0, 0.0, 0.0, 1.0]]}, "mean_rme": {"type": "float", "data": 0.0013463364499309114}, "max_rme": {"type": "float", "data": 0.0044146692707367485}, "simu": {"type": "float", "data": 0.002}}, {"type": "dict", "image_number": {"type": "int", "data": 9}, "Hcamera2end": {"type": "ndarray", "data": [[0.9999988870912415, 0.00018409218134142935, -0.001480515568029851, -0.011070253804201652], [0.0014803254009971487, 0.0010288796125826893, 0.9999983750204048, 0.025539260168881167], [0.0001856151544794483, -0.9999994537582567, 0.0010286059512013557, 0.03562701309543266], [0.0, 0.0, 0.0, 1.0]]}, "Hobj2base": {"type": "ndarray", "data": [[0.9999983036352007, 0.00029165037984785224, 0.0018186991991031663, -0.7373768608709788], [0.00029285567369376816, -0.9999997376699559, -0.000662491942103957, 0.0923394864533568], [0.0018185055059771649, 0.0006630234346551463, -0.9999981267170701, -0.0029920486307656127], [0.0, 0.0, 0.0, 1.0]]}, "mean_rme": {"type": "float", "data": 0.0014222239139229148}, "max_rme": {"type": "float", "data": 0.004791784183219239}, "simu": {"type": "float", "data": 0.002}}, {"type": "dict", "image_number": {"type": "int", "data": 10}, "Hcamera2end": {"type": "ndarray", "data": [[0.9999981360727871, 0.0003897454520692858, -0.0018910180946436197, -0.010963528444602707], [0.001890619303281712, 0.0010210508661009365, 0.999997691504225, 0.02548524393023407], [0.00039167537800690504, -0.9999994027766275, 0.0010203121026614026, 0.03567013268092726], [0.0, 0.0, 0.0, 1.0]]}, "Hobj2base": {"type": "ndarray", "data": [[0.999998904201553, 0.00045291021935895103, 0.0014094211671447524, -0.7375570773069144], [0.0004539766014999671, -0.9999996108956273, -0.0007563820725551475, 0.09218700793734738], [0.0014090780455624128, 0.0007570210879443897, -0.9999987207082488, -0.0027420733015353304], [0.0, 0.0, 0.0, 1.0]]}, "mean_rme": {"type": "float", "data": 0.001349692147057873}, "max_rme": {"type": "float", "data": 0.004920150172240234}, "simu": {"type": "float", "data": 0.002}}, {"type": "dict", "image_number": {"type": "int", "data": 11}, "Hcamera2end": {"type": "ndarray", "data": [[0.9999976936107041, 0.0004400984866595916, -0.002102162361581257, -0.011108244081095606], [0.0021017990469617363, 0.0008243715316874622, 0.9999974514229242, 0.025519410166101066], [0.0004418303278405498, -0.9999995633623544, 0.0008234446317859634, 0.035422086447875575], [0.0, 0.0, 0.0, 1.0]]}, "Hobj2base": {"type": "ndarray", "data": [[0.9999989870629972, 0.0005422146721854546, 0.0013160076857181078, -0.7375440091175569], [0.0005431875714442927, -0.9999995793864094, -0.000739036038666315, 0.0920295183801779], [0.0013156064160039513, 0.0007397501290881723, -0.9999988609741035, -0.002873319583579155], [0.0, 0.0, 0.0, 1.0]]}, "mean_rme": {"type": "float", "data": 0.0014173080926206437}, "max_rme": {"type": "float", "data": 0.00466513171168248}, "simu": {"type": "float", "data": 0.002}}, {"type": "dict", "image_number": {"type": "int", "data": 12}, "Hcamera2end": {"type": "ndarray", "data": [[0.9999976988005754, 0.00036046148049698667, -0.00211481939529702, -0.011194356841520012], [0.002114269508799981, 0.001519121705732207, 0.9999966110611009, 0.02546199896990848], [0.00036367292696215265, -0.9999987811676392, 0.0015183560972129584, 0.03515756260920462], [0.0, 0.0, 0.0, 1.0]]}, "Hobj2base": {"type": "ndarray", "data": [[0.9999995405920965, 0.00018740631894812308, 0.0009400502473926082, -0.7378066549865681], [0.00018822755536873991, -0.9999996006995311, -0.0008735966838997172, 0.09180749598999309], [0.0009398861544913285, 0.0008737732259224867, -0.9999991765668441, -0.002848834016704452], [0.0, 0.0, 0.0, 1.0]]}, "mean_rme": {"type": "float", "data": 0.001458775059526814}, "max_rme": {"type": "float", "data": 0.004437664640432992}, "simu": {"type": "float", "data": 0.002}}, {"type": "dict", "image_number": {"type": "int", "data": 13}, "Hcamera2end": {"type": "ndarray", "data": [[0.9999976174751606, 0.00020153295085052801, -0.002173575044041069, -0.01128487206281191], [0.002173154395968928, 0.0020644822451771905, 0.9999955076464249, 0.025365681236620967], [0.00020601935258023887, -0.9999978486464505, 0.0020640393642789023, 0.03490628321566177], [0.0, 0.0, 0.0, 1.0]]}, "Hobj2base": {"type": "ndarray", "data": [[0.9999998748263025, -0.00024408039484701889, 0.00043677470183904474, -0.7380721441282205], [-0.0002437802635488523, -0.9999997342495754, -0.0006870749320217691, 0.09174755867289826], [0.0004369422872866795, 0.0006869683689661336, -0.9999996685778942, -0.002781109168903848], [0.0, 0.0, 0.0, 1.0]]}, "mean_rme": {"type": "float", "data": 0.001494641515489514}, "max_rme": {"type": "float", "data": 0.004671202633672822}, "simu": {"type": "float", "data": 0.002}}, {"type": "dict", "image_number": {"type": "int", "data": 14}, "Hcamera2end": {"type": "ndarray", "data": [[0.9999977403298577, 0.00026358372261523443, -0.002109468843021452, -0.011362678802199622], [0.0021088572451365343, 0.0022994426077447283, 0.9999951326305611, 0.025282165112099454], [0.00026843304219323187, -0.9999973215400705, 0.0022988815513198535, 0.03477930786476877], [0.0, 0.0, 0.0, 1.0]]}, "Hobj2base": {"type": "ndarray", "data": [[0.9999999134598366, -0.0003358068927672504, 0.0002455891894352271, -0.738118861753464], [-0.00033575339108027916, -0.9999999199035274, -0.00021785912604742867, 0.09186192667379575], [0.0002456623283605783, 0.00021777664979069877, -0.999999946111674, -0.0027761875451807988], [0.0, 0.0, 0.0, 1.0]]}, "mean_rme": {"type": "float", "data": 0.0014916130661185047}, "max_rme": {"type": "float", "data": 0.00483077922554126}, "simu": {"type": "float", "data": 0.002}}, {"type": "dict", "image_number": {"type": "int", "data": 15}, "Hcamera2end": {"type": "ndarray", "data": [[0.9999962945888875, -0.00012850531982968715, -0.002719245277233379, -0.011356487392289859], [0.0027195848321852436, 0.0027204819674091496, 0.9999926013907332, 0.025500118996227995], [-0.00012110671132736068, -0.9999962912252465, 0.0027208213680237625, 0.034949842347905394], [0.0, 0.0, 0.0, 1.0]]}, "Hobj2base": {"type": "ndarray", "data": [[0.9999996014773668, -0.0008465636393083453, 0.0002835050478511524, -0.7385057770623403], [-0.0008462698487713783, -0.9999991065063947, -0.0010348013119378173, 0.09171195853615759], [0.0002843808197058002, 0.0010345609777721028, -0.9999994244054005, -0.0026771627230260386], [0.0, 0.0, 0.0, 1.0]]}, "mean_rme": {"type": "float", "data": 0.0015138583041455016}, "max_rme": {"type": "float", "data": 0.004634469546234032}, "simu": {"type": "float", "data": 0.002}}, {"type": "dict", "image_number": {"type": "int", "data": 16}, "Hcamera2end": {"type": "ndarray", "data": [[0.9999965816045867, -0.00021336831454832317, -0.0026060032815744625, -0.011306062494648137], [0.0026065564684979517, 0.002634762908497512, 0.999993131920311, 0.02552928668498312], [-0.00020650064833202053, -0.999996506243086, 0.002635310058396567, 0.035043197357394154], [0.0, 0.0, 0.0, 1.0]]}, "Hobj2base": {"type": "ndarray", "data": [[0.9999996145953423, -0.0008364206653041679, 0.00026685133991436616, -0.7385455761546409], [-0.000836223406183565, -0.999999377698285, -0.0007384669645929116, 0.09196007374211965], [0.00026746884288214964, 0.0007382435326478961, -0.9999996917284049, -0.002700860140829143], [0.0, 0.0, 0.0, 1.0]]}, "mean_rme": {"type": "float", "data": 0.0014904751413857482}, "max_rme": {"type": "float", "data": 0.004585737540500734}, "simu": {"type": "float", "data": 0.002}}, {"type": "dict", "image_number": {"type": "int", "data": 17}, "Hcamera2end": {"type": "ndarray", "data": [[0.9999980257834293, -0.00031446426835097976, -0.0019620248387288057, -0.011091489642940561], [0.001962812562587519, 0.0025245497342116785, 0.9999948869946707, 0.025573843406849678], [-0.0003095094312083698, -0.9999967638751956, 0.002525161984620161, 0.03516031730411706], [0.0, 0.0, 0.0, 1.0]]}, "Hobj2base": {"type": "ndarray", "data": [[0.9999995321740556, -0.0008919884510421742, 0.00037417679409913204, -0.7385798815282388], [-0.0008919839971167582, -0.9999996021093529, -1.2069975693826469e-05, 0.09244880287070618], [0.00037418741149660865, 1.1736210334749811e-05, -0.9999999299230187, -0.0027463528354351044], [0.0, 0.0, 0.0, 1.0]]}, "mean_rme": {"type": "float", "data": 0.0014792545008059802}, "max_rme": {"type": "float", "data": 0.0044993911095901895}, "simu": {"type": "float", "data": 0.002}}, {"type": "dict", "image_number": {"type": "int", "data": 18}, "Hcamera2end": {"type": "ndarray", "data": [[0.9999994971170095, 0.00033416336504694217, -0.0009455689153194482, -0.010878316268844435], [0.0009448159276583128, 0.002246371284605142, 0.9999970305650483, 0.02573087903845937], [0.00033628647162955516, -0.999997421072123, 0.0022460544320734854, 0.035152991146205], [0.0, 0.0, 0.0, 1.0]]}, "Hobj2base": {"type": "ndarray", "data": [[0.9999999332118005, -0.00022421380912587274, 0.00028862529750149835, -0.7386939660083396], [-0.00022451766492574387, -0.999999420214785, 0.0010531675609287518, 0.09292176305655332], [0.0002883889954503346, -0.0010532322920674202, -0.9999994037665851, -0.002889579483960495], [0.0, 0.0, 0.0, 1.0]]}, "mean_rme": {"type": "float", "data": 0.0015582665467621531}, "max_rme": {"type": "float", "data": 0.004661129598606539}, "simu": {"type": "float", "data": 0.002}}, {"type": "dict", "image_number": {"type": "int", "data": 19}, "Hcamera2end": {"type": "ndarray", "data": [[0.9999995466084721, -7.244461125089133e-05, -0.0009494917737469944, -0.010803885468874244], [0.0009496598667382953, 0.0023566589756609524, 0.9999967721470957, 0.025685755661707863], [-7.020674909942519e-05, -0.9999972204512626, 0.0023567267049116047, 0.03520424501941922], [0.0, 0.0, 0.0, 1.0]]}, "Hobj2base": {"type": "ndarray", "data": [[0.999999762409297, -0.0006152888984704904, 0.0003108068870379618, -0.7387059955391225], [-0.0006156195751647088, -0.9999992434394074, 0.0010649568779478346, 0.09303416841662533], [0.000310151395749368, -0.0010651479637277378, -0.9999993846327744, -0.002857741608185521], [0.0, 0.0, 0.0, 1.0]]}, "mean_rme": {"type": "float", "data": 0.001513075309804238}, "max_rme": {"type": "float", "data": 0.004742566153002281}, "simu": {"type": "float", "data": 0.002}}, {"type": "dict", "image_number": {"type": "int", "data": 20}, "Hcamera2end": {"type": "ndarray", "data": [[0.9999990067929075, 0.00021761796967116446, -0.001392499772988479, -0.010731439747246685], [0.0013920057867720056, 0.0022538706087793514, 0.9999964911874282, 0.025652722709060105], [0.00022075572040156717, -0.9999974363515627, 0.002253565444745975, 0.035117367752001125], [0.0, 0.0, 0.0, 1.0]]}, "Hobj2base": {"type": "ndarray", "data": [[0.9999999324527977, -0.00031957306685311313, 0.00018156942187765133, -0.7386980800499383], [-0.0003197002983032333, -0.9999997031004406, 0.0007011353290974306, 0.09265512404465774], [0.00018134530400237126, -0.0007011933295360377, -0.9999997377208634, -0.0027633433318942245], [0.0, 0.0, 0.0, 1.0]]}, "mean_rme": {"type": "float", "data": 0.0015555916993189487}, "max_rme": {"type": "float", "data": 0.0047605122744113215}, "simu": {"type": "float", "data": 0.002}}, {"type": "dict", "image_number": {"type": "int", "data": 21}, "Hcamera2end": {"type": "ndarray", "data": [[0.9999991605880114, -1.712554537747072e-05, -0.0012955809462028734, -0.010711704238200467], [0.0012956170318532139, 0.002308737973242936, 0.9999964955465983, 0.02555679245326576], [-1.4134328433886272e-05, -0.9999973347142914, 0.0023087582234089243, 0.035409335421785745], [0.0, 0.0, 0.0, 1.0]]}, "Hobj2base": {"type": "ndarray", "data": [[0.9999998262263948, -0.0005529701885929357, 0.0002043799175723934, -0.7390263246994753], [-0.000553139969161128, -0.9999995012472149, 0.0008315897398625128, 0.09279294511364863], [0.0002039199713020566, -0.0008317026460554688, -0.9999996333436094, -0.002710520311426273], [0.0, 0.0, 0.0, 1.0]]}, "mean_rme": {"type": "float", "data": 0.0014987321304315302}, "max_rme": {"type": "float", "data": 0.004842870812565736}, "simu": {"type": "float", "data": 0.002}}, {"type": "dict", "image_number": {"type": "int", "data": 22}, "Hcamera2end": {"type": "ndarray", "data": [[0.9999992830179523, -0.00012610391346891642, -0.001190823825949529, -0.010711107196268034], [0.0011911243839939697, 0.002410783672880057, 0.999996384665857, 0.025293997659289903], [-0.00012323263892425674, -0.9999970861056975, 0.0024109321498376746, 0.034466276364453485], [0.0, 0.0, 0.0, 1.0]]}, "Hobj2base": {"type": "ndarray", "data": [[0.9999997264356937, -0.0007303130295468335, 0.00011735167939424581, -0.7381837518129862], [-0.000730424733087269, -0.9999992775486144, 0.0009546632697422359, 0.09309717773522305], [0.00011665439158863989, -0.0009547487251495398, -0.9999995374232056, -0.0024531129691072666], [0.0, 0.0, 0.0, 1.0]]}, "mean_rme": {"type": "float", "data": 0.0015037468916955408}, "max_rme": {"type": "float", "data": 0.004675529015416902}, "simu": {"type": "float", "data": 0.002}}, {"type": "dict", "image_number": {"type": "int", "data": 23}, "Hcamera2end": {"type": "ndarray", "data": [[0.9999993032164277, -0.00043423093359556795, -0.0010977295456058814, -0.010744108616381243], [0.001098749728201358, 0.002356181057324158, 0.9999966205742197, 0.025732928474462992], [-0.0004316430165829347, -0.9999971299230421, 0.0023566565266961437, 0.034001132624470506], [0.0, 0.0, 0.0, 1.0]]}, "Hobj2base": {"type": "ndarray", "data": [[0.9999994647421275, -0.0009987115964663847, 0.00027035274273235675, -0.7376484425466213], [-0.0009990025591520174, -0.9999989196886727, 0.0010782464352049228, 0.09307626982274775], [0.00026927559344853866, -0.0010785159411468932, -0.9999993821468194, -0.0028949430603239343], [0.0, 0.0, 0.0, 1.0]]}, "mean_rme": {"type": "float", "data": 0.001501458367662212}, "max_rme": {"type": "float", "data": 0.004555565398413841}, "simu": {"type": "float", "data": 0.002}}, {"type": "dict", "image_number": {"type": "int", "data": 24}, "Hcamera2end": {"type": "ndarray", "data": [[0.9999993004906214, -0.00041280371101748604, -0.0011084274284681305, -0.010755243563898446], [0.0011093798135165412, 0.0023140753706438755, 0.9999967071603828, 0.025803208486842717], [-0.000410237367108708, -0.9999972373203214, 0.0023145317080304206, 0.03399748403154001], [0.0, 0.0, 0.0, 1.0]]}, "Hobj2base": {"type": "ndarray", "data": [[0.9999994804175912, -0.000987337723839255, 0.00025363116243765744, -0.7376421324446257], [-0.0009876069034901406, -0.9999989469274853, 0.0010633797650858598, 0.09302503002010959], [0.0002525809803888148, -0.0010636297004594036, -0.9999994024471759, -0.0029463461742584365], [0.0, 0.0, 0.0, 1.0]]}, "mean_rme": {"type": "float", "data": 0.001446848825662054}, "max_rme": {"type": "float", "data": 0.004562977560840231}, "simu": {"type": "float", "data": 0.002}}, {"type": "dict", "image_number": {"type": "int", "data": 25}, "Hcamera2end": {"type": "ndarray", "data": [[0.9999992871612631, -0.0001719369740270691, -0.001181572952726361, -0.010754792440830883], [0.0011819466163191798, 0.002189633222858367, 0.9999969042494807, 0.025210383900415606], [-0.00016934923036057204, -0.9999975879691041, 0.0021898348823277125, 0.03450812715012895], [0.0, 0.0, 0.0, 1.0]]}, "Hobj2base": {"type": "ndarray", "data": [[0.9999997037308488, -0.0007413145695113896, 0.00020734252736945505, -0.7381980079188422], [-0.0007415176784170246, -0.9999992436731819, 0.0009812260682488892, 0.093147061430718], [0.00020661497337036376, -0.0009813795256914067, -0.9999994971021133, -0.0024117302357417538], [0.0, 0.0, 0.0, 1.0]]}, "mean_rme": {"type": "float", "data": 0.0014666215788011903}, "max_rme": {"type": "float", "data": 0.004695684641439768}, "simu": {"type": "float", "data": 0.002}}, {"type": "dict", "image_number": {"type": "int", "data": 26}, "Hcamera2end": {"type": "ndarray", "data": [[0.999999151800866, -0.0002587912213615238, -0.001276489190103407, -0.010729527313481542], [0.0012769773074068473, 0.001894834348537322, 0.9999973894624666, 0.02527703982147111], [-0.0002563718102143825, -0.9999981713132756, 0.0018951632118574535, 0.033554040726044856], [0.0, 0.0, 0.0, 1.0]]}, "Hobj2base": {"type": "ndarray", "data": [[0.9999996511646165, -0.0006736239983668523, 0.0004938636999563223, -0.7371043343846915], [-0.0006740687790839174, -0.9999993669133955, 0.0009010017144268594, 0.0931079629674485], [0.0004932564509204217, -0.0009013342982268443, -0.999999472147139, -0.0024762419122138567], [0.0, 0.0, 0.0, 1.0]]}, "mean_rme": {"type": "float", "data": 0.0014808829052639614}, "max_rme": {"type": "float", "data": 0.004559269796829746}, "simu": {"type": "float", "data": 0.002}}, {"type": "dict", "image_number": {"type": "int", "data": 27}, "Hcamera2end": {"type": "ndarray", "data": [[0.999999021374713, -0.0004191950463418125, -0.0013347378504992278, -0.010741581304371042], [0.0013355818713544384, 0.002019648027906884, 0.9999970686171575, 0.024715341818510622], [-0.00041649811685311275, -0.9999978726464154, 0.0020202059207327094, 0.03300422159908422], [0.0, 0.0, 0.0, 1.0]]}, "Hobj2base": {"type": "ndarray", "data": [[0.9999995246485607, -0.0008549655736713211, 0.0004687606216740745, -0.7366618368012731], [-0.0008553555501976347, -0.9999992877693418, 0.0008323627166497541, 0.09342765146543168], [0.00046804864634084525, -0.0008327632779844017, -0.9999995437177898, -0.0019482650349231163], [0.0, 0.0, 0.0, 1.0]]}, "mean_rme": {"type": "float", "data": 0.0015037584265298503}, "max_rme": {"type": "float", "data": 0.004476158413650677}, "simu": {"type": "float", "data": 0.002}}, {"type": "dict", "image_number": {"type": "int", "data": 28}, "Hcamera2end": {"type": "ndarray", "data": [[0.9999992619661006, -0.00021299686180350987, -0.0011961185522735818, -0.010774739007638407], [0.001196542807622658, 0.0020029773012053553, 0.9999972781799158, 0.024836682639763345], [-0.00021060048375461929, -0.999997971355076, 0.00200323068280317, 0.033224212545680226], [0.0, 0.0, 0.0, 1.0]]}, "Hobj2base": {"type": "ndarray", "data": [[0.9999996927074495, -0.0006704173962490242, 0.0004063563969267413, -0.736864948349518], [-0.000670806395508752, -0.9999993162164602, 0.0009579067765245084, 0.09337704009214683], [0.00040571392169995874, -0.0009581790686368063, -0.9999994586443968, -0.0020733827444232855], [0.0, 0.0, 0.0, 1.0]]}, "mean_rme": {"type": "float", "data": 0.0014741136948112472}, "max_rme": {"type": "float", "data": 0.0044711591566866105}, "simu": {"type": "float", "data": 0.002}}, {"type": "dict", "image_number": {"type": "int", "data": 29}, "Hcamera2end": {"type": "ndarray", "data": [[0.9999995965659049, 0.00018792142464266946, -0.0008783812188091907, -0.010827448115862108], [0.0008780502265142477, 0.001754224684417327, 0.9999980758599272, 0.025228103978431546], [0.0001894619410718894, -0.9999984436894365, 0.0017540589722537803, 0.033550456746880314], [0.0, 0.0, 0.0, 1.0]]}, "Hobj2base": {"type": "ndarray", "data": [[0.9999998739541907, -0.0002308229757471885, 0.00044588379277571975, -0.7370562098987726], [-0.00023139833734207274, -0.9999991401907666, 0.0012907643227769263, 0.09323888946363319], [0.000445585471338746, -0.0012908673368497885, -0.9999990675571186, -0.002505652460649019], [0.0, 0.0, 0.0, 1.0]]}, "mean_rme": {"type": "float", "data": 0.00148642776015186}, "max_rme": {"type": "float", "data": 0.004442272068529207}, "simu": {"type": "float", "data": 0.002}}, {"type": "dict", "image_number": {"type": "int", "data": 30}, "Hcamera2end": {"type": "ndarray", "data": [[0.999999777422686, -7.521872385699507e-05, -0.0006629454895412237, -0.010754723345735944], [0.0006630642573849774, 0.0015900838691513819, 0.9999985159884385, 0.025492259818536134], [-7.416447330249316e-05, -0.9999987329869134, 0.0015901333900819603, 0.03294180610430131], [0.0, 0.0, 0.0, 1.0]]}, "Hobj2base": {"type": "ndarray", "data": [[0.9999996723597531, -0.00041109601442299574, 0.0006973381199337794, -0.7363372145121623], [-0.00041215697253058986, -0.9999987568521831, 0.0015219792108819542, 0.09328648242222991], [0.0006967115734517897, -0.0015222661249886516, -0.9999985986484321, -0.002802630870458415], [0.0, 0.0, 0.0, 1.0]]}, "mean_rme": {"type": "float", "data": 0.001491524079813651}, "max_rme": {"type": "float", "data": 0.004370096595777695}, "simu": {"type": "float", "data": 0.002}}]}