{"type": "list", "data": [{"type": "dict", "image_number": {"type": "int", "data": 5}, "Hcamera2end": {"type": "ndarray", "data": [[0.9999580703956458, -0.000448223182356787, -0.00914639527877404, -0.014045884743648998], [0.00914631336849014, -0.00018445478622730604, 0.9999581545885793, 0.020807213747924762], [-0.0004498915226592119, -0.9999998825361983, -0.00018034746242623356, 0.03237171080247513], [0.0, 0.0, 0.0, 1.0]]}, "Hobj2base": {"type": "ndarray", "data": [[0.9999969889668641, 0.00021918740219779693, 0.0024441796350280487, -0.7340202033250988], [0.00022498421816718217, -0.9999971623039228, -0.002371658956079217, 0.09107484858327294], [0.0024436528614236036, 0.0023722017167797605, -0.9999942005930376, 0.013723706662678681], [0.0, 0.0, 0.0, 1.0]]}, "mean_rme": {"type": "float", "data": 0.0024305333308980385}, "max_rme": {"type": "float", "data": 0.0069865290874844554}, "simu": {"type": "float", "data": 0.002}}, {"type": "dict", "image_number": {"type": "int", "data": 6}, "Hcamera2end": {"type": "ndarray", "data": [[0.9999689115887407, -0.0006555229764749326, -0.007857871572926466, -0.014378003655300689], [0.007857132706986769, -0.001122201612621998, 0.9999685025685389, 0.021350996918413176], [-0.0006643204453358241, -0.9999991554762276, -0.0011170161941382872, 0.0325824447883599], [0.0, 0.0, 0.0, 1.0]]}, "Hobj2base": {"type": "ndarray", "data": [[0.9999954990038121, 0.000303954101241815, 0.002984892631437901, -0.7332956859361172], [0.00030992830022389924, -0.9999979495291014, -0.0020012201384101706, 0.09172498084987148], [0.0029842782319338657, 0.002002136233625569, -0.9999935427461204, 0.012936446781281613], [0.0, 0.0, 0.0, 1.0]]}, "mean_rme": {"type": "float", "data": 0.0023224358959804967}, "max_rme": {"type": "float", "data": 0.00725627929983233}, "simu": {"type": "float", "data": 0.002}}, {"type": "dict", "image_number": {"type": "int", "data": 7}, "Hcamera2end": {"type": "ndarray", "data": [[0.9999754853207518, -0.0002826473851266372, -0.006996346759749446, -0.014763015336356742], [0.006996043584197496, -0.0010597433694441438, 0.9999749658457248, 0.02168505794720659], [-0.0002900546413773706, -0.9999993985270422, -0.0010577399767499607, 0.03238238397187151], [0.0, 0.0, 0.0, 1.0]]}, "Hobj2base": {"type": "ndarray", "data": [[0.9999965483148537, 0.00043919567806211055, 0.0025904566266871094, -0.7334182668757421], [0.0004438800993695344, -0.9999982669786323, -0.0018080404282093195, 0.0920385213100529], [0.002589658053828591, 0.001809184039567896, -0.9999950102496891, 0.012439239803126214], [0.0, 0.0, 0.0, 1.0]]}, "mean_rme": {"type": "float", "data": 0.002198013694891046}, "max_rme": {"type": "float", "data": 0.007416308873080951}, "simu": {"type": "float", "data": 0.002}}, {"type": "dict", "image_number": {"type": "int", "data": 8}, "Hcamera2end": {"type": "ndarray", "data": [[0.9999757543947815, -0.0007111794397821778, -0.0069271095264905585, -0.014738486219647684], [0.006925989474877348, -0.001565486090643109, 0.9999747896437657, 0.02175272348303538], [-0.000722005804307238, -0.9999985217374595, -0.0015605225131707368, 0.03240973623733634], [0.0, 0.0, 0.0, 1.0]]}, "Hobj2base": {"type": "ndarray", "data": [[0.9999966880612323, 0.00011988754696323898, 0.002570893529965878, -0.7331027685125693], [0.00012522100932867993, -0.9999978403921372, -0.0020744953025283283, 0.0919446208814034], [0.0025706392716909896, 0.002074810361809611, -0.9999945434729618, 0.012394201499071202], [0.0, 0.0, 0.0, 1.0]]}, "mean_rme": {"type": "float", "data": 0.002035845415153054}, "max_rme": {"type": "float", "data": 0.007228012373673237}, "simu": {"type": "float", "data": 0.002}}, {"type": "dict", "image_number": {"type": "int", "data": 9}, "Hcamera2end": {"type": "ndarray", "data": [[0.9999805914575961, -0.0009493453275800515, -0.0061575524005244246, -0.014878866097036914], [0.006156437064670696, -0.0011733271944074364, 0.9999803606001287, 0.022084321648906835], [-0.0009565515066900713, -0.9999988610227233, -0.0011674598370750022, 0.03245049416035888], [0.0, 0.0, 0.0, 1.0]]}, "Hobj2base": {"type": "ndarray", "data": [[0.9999968456653587, -0.00012309094209611633, 0.0025086864994974976, -0.7332793282912196], [-0.00011887711435112921, -0.9999985821115345, -0.0016797747326356073, 0.09252832651225192], [0.002508889707514196, 0.0016794712086521065, -0.9999954424140616, 0.012005158403438207], [0.0, 0.0, 0.0, 1.0]]}, "mean_rme": {"type": "float", "data": 0.001957047311779092}, "max_rme": {"type": "float", "data": 0.007433454036155224}, "simu": {"type": "float", "data": 0.002}}, {"type": "dict", "image_number": {"type": "int", "data": 10}, "Hcamera2end": {"type": "ndarray", "data": [[0.9999865460080923, -0.001460705370699629, -0.00497736301926049, -0.014855298967121693], [0.004977161332400972, -0.00014167761768102416, 0.9999876038194291, 0.02255051664481493], [-0.0014613924444669974, -0.9999989231330564, -0.00013440554526256143, 0.03251402521413336], [0.0, 0.0, 0.0, 1.0]]}, "Hobj2base": {"type": "ndarray", "data": [[0.9999975811121206, -0.0009231222099243508, 0.0019964005844075334, -0.7337703522637522], [-0.0009209016998027972, -0.9999989567072163, -0.0011128901735082601, 0.09356761567137445], [0.001997425835213582, 0.00111104899286004, -0.9999973879266726, 0.011708097329923062], [0.0, 0.0, 0.0, 1.0]]}, "mean_rme": {"type": "float", "data": 0.0019450925420646397}, "max_rme": {"type": "float", "data": 0.007551681723910492}, "simu": {"type": "float", "data": 0.002}}, {"type": "dict", "image_number": {"type": "int", "data": 11}, "Hcamera2end": {"type": "ndarray", "data": [[0.999988243492072, -0.001505005444180222, -0.0046095375314137085, -0.014868168197331284], [0.0046096366405252685, 6.239084999060118e-05, 0.999989373622252, 0.022772764612873003], [-0.0015047018584592115, -0.9999988655323537, 6.932764473177588e-05, 0.03246861742345011], [0.0, 0.0, 0.0, 1.0]]}, "Hobj2base": {"type": "ndarray", "data": [[0.9999977446415181, -0.0010828006841715216, 0.0018270890934527495, -0.7339467587186816], [-0.0010809303444058271, -0.9999988911486875, -0.0010243490549320918, 0.09383030814493946], [0.001828196233340121, 0.0010223717886147163, -0.9999978062248229, 0.01155026425700109], [0.0, 0.0, 0.0, 1.0]]}, "mean_rme": {"type": "float", "data": 0.0018520052443269472}, "max_rme": {"type": "float", "data": 0.007545770267400914}, "simu": {"type": "float", "data": 0.002}}, {"type": "dict", "image_number": {"type": "int", "data": 12}, "Hcamera2end": {"type": "ndarray", "data": [[0.9999899197809279, -0.0015673913191778463, -0.004207567110106775, -0.014934137876272048], [0.004207938650381424, 0.00023382143072148143, 0.9999911192504928, 0.023015176388918736], [-0.0015663935802066186, -0.9999987443052073, 0.00024041456026246966, 0.032457335364000535], [0.0, 0.0, 0.0, 1.0]]}, "Hobj2base": {"type": "ndarray", "data": [[0.9999978091221895, -0.0011615396849101243, 0.001741429407539774, -0.7340237832763293], [-0.001159783293870501, -0.9999988181453681, -0.0010092623935487042, 0.09404357572752424], [0.001742599647745956, 0.0010072405016438018, -0.9999979744044685, 0.011353596020524132], [0.0, 0.0, 0.0, 1.0]]}, "mean_rme": {"type": "float", "data": 0.0017358566894885115}, "max_rme": {"type": "float", "data": 0.0075476860779842}, "simu": {"type": "float", "data": 0.002}}, {"type": "dict", "image_number": {"type": "int", "data": 13}, "Hcamera2end": {"type": "ndarray", "data": [[0.9999921636349092, -0.001670195303046511, -0.0035893058413328034, -0.015077737197937568], [0.0035899993006961867, 0.0004123839591438916, 0.999993470900931, 0.023245712365568404], [-0.001668704226022486, -0.999998520192465, 0.0004183767275225403, 0.03243635290413157], [0.0, 0.0, 0.0, 1.0]]}, "Hobj2base": {"type": "ndarray", "data": [[0.9999977931698563, -0.0012826557075634626, 0.0016638659060101513, -0.7340898832723491], [-0.0012811255562102583, -0.9999987558116314, -0.0009203762808384162, 0.09426624886587019], [0.0016650443617372676, 0.0009182426285899996, -0.9999981922272401, 0.011111446346160438], [0.0, 0.0, 0.0, 1.0]]}, "mean_rme": {"type": "float", "data": 0.00164509333003687}, "max_rme": {"type": "float", "data": 0.007516066647135805}, "simu": {"type": "float", "data": 0.002}}, {"type": "dict", "image_number": {"type": "int", "data": 14}, "Hcamera2end": {"type": "ndarray", "data": [[0.9999929752648729, -0.00175946140941078, -0.0033096399284914305, -0.015026721396813443], [0.003310343535474496, 0.00039713737146152006, 0.999994441938347, 0.023326720347041124], [-0.0017581372485141037, -0.9999983732874057, 0.00040295900337916635, 0.03245489566910295], [0.0, 0.0, 0.0, 1.0]]}, "Hobj2base": {"type": "ndarray", "data": [[0.9999977578720178, -0.0013616837502381722, 0.0016217485321512336, -0.7341114525071875], [-0.0013603513820007141, -0.9999987365646164, -0.0008223826897236642, 0.09445529368151687], [0.0016228663083218285, 0.0008201746979794541, -0.9999983468078386, 0.011038347443990876], [0.0, 0.0, 0.0, 1.0]]}, "mean_rme": {"type": "float", "data": 0.0015487458958642758}, "max_rme": {"type": "float", "data": 0.007481617007783353}, "simu": {"type": "float", "data": 0.002}}, {"type": "dict", "image_number": {"type": "int", "data": 15}, "Hcamera2end": {"type": "ndarray", "data": [[0.9999936351348313, -0.0019763130493162264, -0.002970501061618405, -0.014886391071149686], [0.002971390065822321, 0.0004470456121956623, 0.9999954854854584, 0.02334951084441064], [-0.001974976177756607, -0.9999979471663688, 0.0004529151637723272, 0.03251284802864026], [0.0, 0.0, 0.0, 1.0]]}, "Hobj2base": {"type": "ndarray", "data": [[0.9999973437849068, -0.0015555736159300138, 0.001700768607556672, -0.7340519034037636], [-0.0015545074854331634, -0.9999985945637007, -0.0006279945071448236, 0.09468503271153421], [0.0017017431089209978, 0.0006253489815248988, -0.9999983565031707, 0.01101757460162143], [0.0, 0.0, 0.0, 1.0]]}, "mean_rme": {"type": "float", "data": 0.0015402272837143855}, "max_rme": {"type": "float", "data": 0.007362320600818345}, "simu": {"type": "float", "data": 0.002}}, {"type": "dict", "image_number": {"type": "int", "data": 16}, "Hcamera2end": {"type": "ndarray", "data": [[0.9999967416854811, -0.0012727238372882926, -0.0022128697329712134, -0.01474816220989185], [0.002213274406991263, 0.00031663850853669295, 0.9999975005751038, 0.023440896028146103], [-0.001272019976438813, -0.9999991399566748, 0.00031945436392510906, 0.03239241439490504], [0.0, 0.0, 0.0, 1.0]]}, "Hobj2base": {"type": "ndarray", "data": [[0.999998448279915, -0.0008572980161277503, 0.0015389859887468666, -0.7341830054226032], [-0.0008572582511112626, -0.9999996322030078, -2.649792135897857e-05, 0.09508424668098697], [0.0015390081393278614, 2.517857180442391e-05, -0.9999988154092916, 0.010961875486584578], [0.0, 0.0, 0.0, 1.0]]}, "mean_rme": {"type": "float", "data": 0.0015171587891311758}, "max_rme": {"type": "float", "data": 0.007314236243915223}, "simu": {"type": "float", "data": 0.002}}, {"type": "dict", "image_number": {"type": "int", "data": 17}, "Hcamera2end": {"type": "ndarray", "data": [[0.9999973464063786, -0.0019110871653190559, -0.0012864392903968213, -0.014494598843043521], [0.0012874975637068575, 0.000552627585512, 0.9999990184759056, 0.023430492326357372], [-0.0019103743677019978, -0.9999980211723409, 0.0005550866391323961, 0.032504323693277576], [0.0, 0.0, 0.0, 1.0]]}, "Hobj2base": {"type": "ndarray", "data": [[0.9999975561111631, -0.0015037807862022278, 0.001620621809098479, -0.7341401445517417], [-0.0015048659328647728, -0.9999986441918509, 0.000668575339201337, 0.09566466883929976], [0.001619614221097004, -0.0006710125238280989, -0.9999984632948031, 0.010983133687949813], [0.0, 0.0, 0.0, 1.0]]}, "mean_rme": {"type": "float", "data": 0.001607341264303509}, "max_rme": {"type": "float", "data": 0.007051895488982135}, "simu": {"type": "float", "data": 0.002}}, {"type": "dict", "image_number": {"type": "int", "data": 18}, "Hcamera2end": {"type": "ndarray", "data": [[0.9999973735574347, -0.002052542854447118, -0.0010197774576808825, -0.014451968855995655], [0.0010209446207911836, 0.0005676750870545755, 0.9999993177083057, 0.023500164835250196], [-0.0020519625517571114, -0.9999977324038423, 0.0005697691286747908, 0.03251650209457094], [0.0, 0.0, 0.0, 1.0]]}, "Hobj2base": {"type": "ndarray", "data": [[0.9999973968502749, -0.0016234841772675105, 0.0016033065209063561, -0.7341498739942837], [-0.0016247227948248367, -0.9999983825000911, 0.0007715393968699487, 0.09591478468344532], [0.001602051345555248, -0.0007741423170889877, -0.9999984170663263, 0.010885804190291198], [0.0, 0.0, 0.0, 1.0]]}, "mean_rme": {"type": "float", "data": 0.0015444859873739475}, "max_rme": {"type": "float", "data": 0.0070905149000602685}, "simu": {"type": "float", "data": 0.002}}, {"type": "dict", "image_number": {"type": "int", "data": 19}, "Hcamera2end": {"type": "ndarray", "data": [[0.999997452226759, -0.0019520801620233079, -0.0011335444552019326, -0.014632860641191356], [0.0011348122221535165, 0.0006484589865625168, 0.9999991458507169, 0.02479487516041496], [-0.0019513434375667928, -0.9999978844397541, 0.0006506725788625323, 0.034771299669932865], [0.0, 0.0, 0.0, 1.0]]}, "Hobj2base": {"type": "ndarray", "data": [[0.9999976233272913, -0.0015880310742964947, 0.00149381962628896, -0.7362677409172235], [-0.0015890080184476354, -0.9999985243006944, 0.0006530313555506057, 0.0950559104148208], [0.0014927803877752698, -0.0006554034948730926, -0.9999986710256035, 0.009680250365369476], [0.0, 0.0, 0.0, 1.0]]}, "mean_rme": {"type": "float", "data": 0.0015829379086888425}, "max_rme": {"type": "float", "data": 0.0062352619876274995}, "simu": {"type": "float", "data": 0.002}}, {"type": "dict", "image_number": {"type": "int", "data": 20}, "Hcamera2end": {"type": "ndarray", "data": [[0.9999974640390118, -0.0019330093485488236, -0.0011555909327223743, -0.014589270605418234], [0.0011558318401601946, 0.00012351570518298605, 0.9999993243980855, 0.026130874894287583], [-0.0019328653089750493, -0.9999981241076047, 0.00012574962570433001, 0.033690061327240915], [0.0, 0.0, 0.0, 1.0]]}, "Hobj2base": {"type": "ndarray", "data": [[0.999997332250961, -0.001368729628347785, 0.001860663904506386, -0.7348381099563025], [-0.0013699086321531091, -0.999998861633673, 0.0006325201159414615, 0.09448935068625945], [0.0018597960373660366, -0.0006350673680808491, -0.9999980689222039, 0.008498018492082112], [0.0, 0.0, 0.0, 1.0]]}, "mean_rme": {"type": "float", "data": 0.0015495560082343163}, "max_rme": {"type": "float", "data": 0.005462571058284155}, "simu": {"type": "float", "data": 0.002}}, {"type": "dict", "image_number": {"type": "int", "data": 21}, "Hcamera2end": {"type": "ndarray", "data": [[0.9999993802076426, -0.0005857668720951744, -0.0009468165093582137, -0.014813054874109027], [0.0009468192287401919, 4.36514013824052e-06, 0.9999995517570464, 0.026454440570511537], [-0.0005857624765425529, -0.9999998284290439, 4.919752770837782e-06, 0.03474774578440134], [0.0, 0.0, 0.0, 1.0]]}, "Hobj2base": {"type": "ndarray", "data": [[0.9999988362617009, -4.009776416783068e-05, 0.0015250794776405978, -0.7359094863821556], [-4.098986109815686e-05, -0.9999998280916531, 0.0005849243498937927, 0.09413133212663298], [0.001525055761308068, -0.0005849861819908768, -0.999998665997156, 0.008157141006055716], [0.0, 0.0, 0.0, 1.0]]}, "mean_rme": {"type": "float", "data": 0.0016006953781856597}, "max_rme": {"type": "float", "data": 0.005456329811132865}, "simu": {"type": "float", "data": 0.002}}, {"type": "dict", "image_number": {"type": "int", "data": 22}, "Hcamera2end": {"type": "ndarray", "data": [[0.9999995353008907, 0.0003645940830536629, -0.0008924512071944965, -0.014807424780431361], [0.0008923539899874696, 0.000266720760401129, 0.9999995662821018, 0.026418123813118713], [0.00036483196018728713, -0.9999998979655896, 0.00026639528947147717, 0.034384519433469755], [0.0, 0.0, 0.0, 1.0]]}, "Hobj2base": {"type": "ndarray", "data": [[0.9999993093026043, 0.0007150506907307772, 0.000932789806962558, -0.7357586753292551], [0.0007146036022855753, -0.9999996296877676, 0.00047954772306980605, 0.09400613951619788], [0.000933132362469702, -0.0004788808168912119, -0.999999449968427, 0.008316480113198833], [0.0, 0.0, 0.0, 1.0]]}, "mean_rme": {"type": "float", "data": 0.0015733043005470657}, "max_rme": {"type": "float", "data": 0.005607032554923674}, "simu": {"type": "float", "data": 0.002}}, {"type": "dict", "image_number": {"type": "int", "data": 23}, "Hcamera2end": {"type": "ndarray", "data": [[0.9999995368282698, 5.737620338681503e-05, -0.0009607555449988771, -0.014865547464872501], [0.0009607500667887161, 9.543014376900416e-05, 0.9999995339260899, 0.026999445194262416], [5.746786168504966e-05, -0.9999999938005295, 9.537497537726036e-05, 0.03534528082818124], [0.0, 0.0, 0.0, 1.0]]}, "Hobj2base": {"type": "ndarray", "data": [[0.9999990654233989, 0.000521306876990275, 0.0012638795309320085, -0.7365055524627945], [0.0005206865828367729, -0.999999743870194, 0.0004910651985255432, 0.09362953995601045], [0.0012641352028798312, -0.0004904066544734206, -0.9999990807313286, 0.007741635899366423], [0.0, 0.0, 0.0, 1.0]]}, "mean_rme": {"type": "float", "data": 0.0016009017370648033}, "max_rme": {"type": "float", "data": 0.00529566268043008}, "simu": {"type": "float", "data": 0.002}}, {"type": "dict", "image_number": {"type": "int", "data": 24}, "Hcamera2end": {"type": "ndarray", "data": [[0.9999994282667665, -0.0004071546353702244, -0.0009887827077246939, -0.014873433327093358], [0.0009887663337425098, -4.0414961778312275e-05, 0.9999995103537642, 0.02721311422300512], [-0.0004071943976238295, -0.9999999162958635, -4.0012357875651716e-05, 0.03540217600500531], [0.0, 0.0, 0.0, 1.0]]}, "Hobj2base": {"type": "ndarray", "data": [[0.9999987749071787, 0.00015558816724694358, 0.0015575546423686124, -0.7364321411432089], [0.00015471487462112652, -0.9999998307908098, 0.0005607866428514171, 0.09358283437238696], [0.0015576416305820308, -0.000560544978964517, -0.9999986297699996, 0.007519496067191998], [0.0, 0.0, 0.0, 1.0]]}, "mean_rme": {"type": "float", "data": 0.001549402425092484}, "max_rme": {"type": "float", "data": 0.005267513052142125}, "simu": {"type": "float", "data": 0.002}}, {"type": "dict", "image_number": {"type": "int", "data": 25}, "Hcamera2end": {"type": "ndarray", "data": [[0.9999988695380705, -0.0009707418013429881, -0.0011482956658143784, -0.014841957254580615], [0.001147600280300254, -0.0007165982281085448, 0.9999990847498693, 0.028050462583263772], [-0.0009715637795108947, -0.9999992720734024, -0.0007154833944582606, 0.035005848278551285], [0.0, 0.0, 0.0, 1.0]]}, "Hobj2base": {"type": "ndarray", "data": [[0.9999974929945797, -7.220281968251008e-05, 0.0022380329104297655, -0.7356354111782357], [-7.354123340479363e-05, -0.9999998185208725, 0.0005979547713891748, 0.09322307584564264], [0.002237989330252969, -0.0005981178600139553, -0.9999973168257916, 0.006737439699300844], [0.0, 0.0, 0.0, 1.0]]}, "mean_rme": {"type": "float", "data": 0.0015251129530882235}, "max_rme": {"type": "float", "data": 0.005371287702399863}, "simu": {"type": "float", "data": 0.002}}, {"type": "dict", "image_number": {"type": "int", "data": 26}, "Hcamera2end": {"type": "ndarray", "data": [[0.9999988197559946, -0.0008443087381543518, -0.0012836001606550743, -0.014813751685443993], [0.0012830439495118244, -0.000658989037543023, 0.999998959765295, 0.028123999840163484], [-0.0008451537383095608, -0.999999426437937, -0.0006579049745571997, 0.03489808762324712], [0.0, 0.0, 0.0, 1.0]]}, "Hobj2base": {"type": "ndarray", "data": [[0.9999974635047973, 5.342935999390799e-05, 0.0022516947561717713, -0.7355042364213413], [5.243189931702633e-05, -0.9999999004837123, 0.0004430388934010064, 0.09310264372766891], [0.0022517182033759955, -0.0004429197090022304, -0.9999973667901649, 0.0066858252864444665], [0.0, 0.0, 0.0, 1.0]]}, "mean_rme": {"type": "float", "data": 0.001509559648751886}, "max_rme": {"type": "float", "data": 0.005397665235752913}, "simu": {"type": "float", "data": 0.002}}, {"type": "dict", "image_number": {"type": "int", "data": 27}, "Hcamera2end": {"type": "ndarray", "data": [[0.9999990728964004, -0.0005675481027468535, -0.0012377784497241383, -0.014816721189585356], [0.0012374430437566734, -0.000590944439780472, 0.9999990597592491, 0.028150472827221714], [-0.0005682790274075438, -0.9999996643368535, -0.0005902415834619923, 0.034778364386884045], [0.0, 0.0, 0.0, 1.0]]}, "Hobj2base": {"type": "ndarray", "data": [[0.9999976442305317, 0.00031007432675353756, 0.002148345246650965, -0.7354084397124686], [0.0003091271070311957, -0.9999998548805933, 0.0004412246859381003, 0.09309909622410048], [0.0021484817473318174, -0.00044055953476345507, -0.9999975949638464, 0.006659650455992444], [0.0, 0.0, 0.0, 1.0]]}, "mean_rme": {"type": "float", "data": 0.0014763488973835073}, "max_rme": {"type": "float", "data": 0.005402668432635982}, "simu": {"type": "float", "data": 0.002}}, {"type": "dict", "image_number": {"type": "int", "data": 28}, "Hcamera2end": {"type": "ndarray", "data": [[0.9999993123453168, -0.00038955512835816327, -0.0011061445183425049, -0.01479520336426223], [0.001105976152471014, -0.0004321509107059196, 0.9999992950309218, 0.028417626187742375], [-0.0003900328750948176, -0.9999998307461819, -0.00043171977485334523, 0.03480921301122738], [0.0, 0.0, 0.0, 1.0]]}, "Hobj2base": {"type": "ndarray", "data": [[0.9999980319654239, 0.00042446861096435333, 0.0019380123006033383, -0.7354821113603088], [0.00042350986585145507, -0.9999997877631317, 0.0004950889665510675, 0.09300061237209677], [0.001938222039011613, -0.000494267224869416, -0.9999979994956179, 0.006445353520708947], [0.0, 0.0, 0.0, 1.0]]}, "mean_rme": {"type": "float", "data": 0.001450438668610441}, "max_rme": {"type": "float", "data": 0.005401186818198955}, "simu": {"type": "float", "data": 0.002}}, {"type": "dict", "image_number": {"type": "int", "data": 29}, "Hcamera2end": {"type": "ndarray", "data": [[0.9999998289445247, 0.00015591898065229337, -0.0005637376986783731, -0.014812130188431291], [0.0005638109549764958, -0.0004701914526921147, 0.9999997305185662, 0.02830113299238497], [0.00015565387398754408, -0.9999998773046272, -0.00047027928109266703, 0.034042275701828606], [0.0, 0.0, 0.0, 1.0]]}, "Hobj2base": {"type": "ndarray", "data": [[0.9999980005108132, 0.000928385096543422, 0.0017711791236454625, -0.7347705360979534], [0.0009266738043488105, -0.9999991033208988, 0.0009667642207891029, 0.09336074393392196], [0.0017720750649606097, -0.0009651209824578055, -0.9999979641436543, 0.006512320950471928], [0.0, 0.0, 0.0, 1.0]]}, "mean_rme": {"type": "float", "data": 0.0014640385736031118}, "max_rme": {"type": "float", "data": 0.00555090848819062}, "simu": {"type": "float", "data": 0.002}}, {"type": "dict", "image_number": {"type": "int", "data": 30}, "Hcamera2end": {"type": "ndarray", "data": [[0.9999998261438933, 0.000540443996239515, 0.00023586536447687712, -0.014742508009244384], [-0.0002356382497815045, -0.0004202623889175694, 0.9999998839270632, 0.028292859159444336], [0.0005405430588501311, -0.9999997656498782, -0.00042013496657489213, 0.033506285657683085], [0.0, 0.0, 0.0, 1.0]]}, "Hobj2base": {"type": "ndarray", "data": [[0.9999979546636499, 0.001257396938588369, 0.001584178479702182, -0.734282604944391], [0.0012547070186582094, -0.9999977715195958, 0.0016978416119510639, 0.09372808241056134], [0.0015863098102365586, -0.0016958504594366086, -0.999997303852568, 0.006499040327061108], [0.0, 0.0, 0.0, 1.0]]}, "mean_rme": {"type": "float", "data": 0.0014554346590971968}, "max_rme": {"type": "float", "data": 0.005715788312204539}, "simu": {"type": "float", "data": 0.002}}]}