{"type": "list", "data": [{"type": "dict", "image_number": {"type": "int", "data": 5}, "Hcamera2end": {"type": "ndarray", "data": [[0.9999980878226996, 0.0012514452025785287, 0.0015027427755015764, -0.01529841491033353], [-0.0015025193075530526, -0.00017948892592700716, 0.9999988551090727, 0.03243616980933435], [0.0012517134954969894, -0.9999992008339961, -0.0001776082621331998, 0.034362119275329055], [0.0, 0.0, 0.0, 1.0]]}, "Hobj2base": {"type": "ndarray", "data": [[0.9999994532787485, 0.0008074606196042754, -0.000664416700484855, -0.7366950534202094], [0.0008080549482292304, -0.9999992732523022, 0.0008947301653542687, 0.089082034326999], [-0.0006636937582478517, -0.000895266561388786, -0.9999993790039972, 0.0010510187889882338], [0.0, 0.0, 0.0, 1.0]]}, "mean_rme": {"type": "float", "data": 0.001344664870251319}, "max_rme": {"type": "float", "data": 0.002661893091379375}, "simu": {"type": "float", "data": 0.002}}, {"type": "dict", "image_number": {"type": "int", "data": 6}, "Hcamera2end": {"type": "ndarray", "data": [[0.9999983379309435, 0.001063589450047332, 0.0014808486865205033, -0.01524113047832641], [-0.0014802501623022517, -0.0005633068039854194, 0.9999987457716643, 0.032041218721717175], [0.001064422288204096, -0.999999275731201, -0.0005617314892745195, 0.034773942173219455], [0.0, 0.0, 0.0, 1.0]]}, "Hobj2base": {"type": "ndarray", "data": [[0.9999995747190298, 0.0008626914803343065, -0.0003260754043817979, -0.736061477435645], [0.0008629607430012576, -0.9999992860720324, 0.0008265314161166222, 0.08922739550436594], [-0.0003253621299765347, -0.0008268124548817793, -0.9999996052602467, 0.001294733118930071], [0.0, 0.0, 0.0, 1.0]]}, "mean_rme": {"type": "float", "data": 0.0013549887010159628}, "max_rme": {"type": "float", "data": 0.004076987647695207}, "simu": {"type": "float", "data": 0.002}}, {"type": "dict", "image_number": {"type": "int", "data": 7}, "Hcamera2end": {"type": "ndarray", "data": [[0.9999973589728312, 0.001199145735259307, 0.0019606368527114535, -0.015632317175941577], [-0.0019599955647969414, -0.0005357288626923751, 0.9999979357038551, 0.03250848334154259], [0.0012001936296186446, -0.9999991375216737, -0.0005333771274953492, 0.03476600340291093], [0.0, 0.0, 0.0, 1.0]]}, "Hobj2base": {"type": "ndarray", "data": [[0.9999995416491901, 0.0009574446618954724, 1.062593901777342e-06, -0.7365155800589028], [0.0009574430577647838, -0.9999990103041405, 0.0010308702785694053, 0.08924151851299247], [2.0495940954555323e-06, -0.001030868788696024, -0.9999994686525289, 0.001179692663361471], [0.0, 0.0, 0.0, 1.0]]}, "mean_rme": {"type": "float", "data": 0.0014947186317020966}, "max_rme": {"type": "float", "data": 0.004532604914059768}, "simu": {"type": "float", "data": 0.002}}, {"type": "dict", "image_number": {"type": "int", "data": 8}, "Hcamera2end": {"type": "ndarray", "data": [[0.999997276335661, 0.0012368748901671121, 0.001979257882537968, -0.01569820106014506], [-0.001978437740874958, -0.0006639478163652512, 0.9999978224763304, 0.03262909790576052], [0.001238186320791898, -0.9999990146564159, -0.0006614989280309125, 0.03468218012664315], [0.0, 0.0, 0.0, 1.0]]}, "Hobj2base": {"type": "ndarray", "data": [[0.9999994368136518, 0.0010607535601437265, -3.426753578976398e-05, -0.7366225777143113], [0.0010607874900879276, -0.9999989315596656, 0.0010057879641067703, 0.08917759800655267], [-3.32006060132706e-05, -0.0010058237482340015, -0.9999994936080259, 0.0011513902344629304], [0.0, 0.0, 0.0, 1.0]]}, "mean_rme": {"type": "float", "data": 0.0014229265735747141}, "max_rme": {"type": "float", "data": 0.004782696644338502}, "simu": {"type": "float", "data": 0.002}}, {"type": "dict", "image_number": {"type": "int", "data": 9}, "Hcamera2end": {"type": "ndarray", "data": [[0.9999974249395892, 0.0008524335058102436, 0.002103205008758295, -0.01599360187816319], [-0.002102646021269454, -0.000656121501713125, 0.9999975741892001, 0.03247132771575684], [0.0008538113959965953, -0.9999994214306794, -0.0006543274462411652, 0.034842843558911867], [0.0, 0.0, 0.0, 1.0]]}, "Hobj2base": {"type": "ndarray", "data": [[0.9999996660103714, 0.0008006437011829119, 0.00016416092554046404, -0.736561375597918], [0.0008004668791119382, -0.9999991024823349, 0.0010743776337972237, 0.08963373155530888], [0.00016502097188832502, -0.0010742458695824975, -0.9999994093817708, 0.0011208431549364103], [0.0, 0.0, 0.0, 1.0]]}, "mean_rme": {"type": "float", "data": 0.001547990605227664}, "max_rme": {"type": "float", "data": 0.004550542875667252}, "simu": {"type": "float", "data": 0.002}}, {"type": "dict", "image_number": {"type": "int", "data": 10}, "Hcamera2end": {"type": "ndarray", "data": [[0.999997572284454, 0.0005804254030192368, 0.0021256837840524555, -0.01609433462829983], [-0.0021252677895089505, -0.0007163849425633195, 0.9999974850115558, 0.032464169249681964], [0.0005819467511116018, -0.9999995749493924, -0.0007151496439712357, 0.034728824622421], [0.0, 0.0, 0.0, 1.0]]}, "Hobj2base": {"type": "ndarray", "data": [[0.9999996762058576, 0.000686108184401575, 0.00042052792924936454, -0.736525527322131], [0.0006856513613125477, -0.9999991757945781, 0.00108549176662521, 0.08981627237508556], [0.0004212723474331473, -0.0010852030796021745, -0.9999993224317132, 0.0008953495140431034], [0.0, 0.0, 0.0, 1.0]]}, "mean_rme": {"type": "float", "data": 0.0015731326050157045}, "max_rme": {"type": "float", "data": 0.004656346237889686}, "simu": {"type": "float", "data": 0.002}}, {"type": "dict", "image_number": {"type": "int", "data": 11}, "Hcamera2end": {"type": "ndarray", "data": [[0.9999973829810345, 0.0006507694154790673, 0.0021932921032199377, -0.0161650353059907], [-0.0021927419767801526, -0.0008448603895283568, 0.9999972390429614, 0.032362991190162796], [0.0006526206443533445, -0.9999994313548835, -0.0008434312090981333, 0.03482048010030423], [0.0, 0.0, 0.0, 1.0]]}, "Hobj2base": {"type": "ndarray", "data": [[0.9999995150371469, 0.0008225882436588683, 0.0005415478302871322, -0.7363404773543738], [0.0008219557542686111, -0.9999989811123637, 0.001167117377127616, 0.08992981836437988], [0.0005425073355441388, -0.0011666716827637268, -0.999999172281145, 0.0008967145436087949], [0.0, 0.0, 0.0, 1.0]]}, "mean_rme": {"type": "float", "data": 0.0015695258199935717}, "max_rme": {"type": "float", "data": 0.0044396322434447355}, "simu": {"type": "float", "data": 0.002}}, {"type": "dict", "image_number": {"type": "int", "data": 12}, "Hcamera2end": {"type": "ndarray", "data": [[0.9999976808640573, 0.0006557277593613694, 0.0020514111271595836, -0.01624080990156], [-0.0020508913871321, -0.0007923076989353461, 0.9999975830435935, 0.03241105063654357], [0.0006573515233256903, -0.9999994711346681, -0.0007909610350520513, 0.03488930777302389], [0.0, 0.0, 0.0, 1.0]]}, "Hobj2base": {"type": "ndarray", "data": [[0.9999994993091627, 0.0008277974962788879, 0.0005622568178052217, -0.736395003402838], [0.0008272003780245159, -0.9999990945777071, 0.001061406284132863, 0.0898632500905417], [0.0005631349381899045, -0.0010609406536442267, -0.9999992786417249, 0.0009760177697683836], [0.0, 0.0, 0.0, 1.0]]}, "mean_rme": {"type": "float", "data": 0.0014887475436436764}, "max_rme": {"type": "float", "data": 0.004402520453761494}, "simu": {"type": "float", "data": 0.002}}, {"type": "dict", "image_number": {"type": "int", "data": 13}, "Hcamera2end": {"type": "ndarray", "data": [[0.9999975296731212, 0.0007668316011454262, 0.002086292633009403, -0.01584272804235946], [-0.002085600868755675, -0.0009018024550182524, 0.9999974185073421, 0.032394663145362074], [0.0007687110453936124, -0.9999992993605684, -0.0009002009226179997, 0.034677313127673276], [0.0, 0.0, 0.0, 1.0]]}, "Hobj2base": {"type": "ndarray", "data": [[0.9999993348337434, 0.0009748194953062055, 0.0006164892719843115, -0.7361252885358484], [0.0009740688213538486, -0.999998785305708, 0.0012167896449799308, 0.08961011436541748], [0.0006176746734059248, -0.0012161883326339785, -0.9999990696815362, 0.0008064827372651778], [0.0, 0.0, 0.0, 1.0]]}, "mean_rme": {"type": "float", "data": 0.0015810140694101514}, "max_rme": {"type": "float", "data": 0.0069225480949778595}, "simu": {"type": "float", "data": 0.002}}, {"type": "dict", "image_number": {"type": "int", "data": 14}, "Hcamera2end": {"type": "ndarray", "data": [[0.9999992773314947, 0.0005057006261522826, 0.0010906893989670024, -0.01608374579102815], [-0.0010904318769540675, -0.0005092344440464913, 0.9999992758190392, 0.03255981621400729], [0.0005062556765432274, -0.9999997424735458, -0.0005086826439557601, 0.03483098040746463], [0.0, 0.0, 0.0, 1.0]]}, "Hobj2base": {"type": "ndarray", "data": [[0.9999996932177848, 0.0005968082764236354, 0.0005073304814602094, -0.7365216873300806], [0.0005966164302258991, -0.9999997505008491, 0.0003782156462112037, 0.08928239650556526], [0.0005075560771096168, -0.0003779128484805764, -0.999999799784334, 0.001185840000177078], [0.0, 0.0, 0.0, 1.0]]}, "mean_rme": {"type": "float", "data": 0.0016048861457946088}, "max_rme": {"type": "float", "data": 0.0071991994541746596}, "simu": {"type": "float", "data": 0.002}}, {"type": "dict", "image_number": {"type": "int", "data": 15}, "Hcamera2end": {"type": "ndarray", "data": [[0.9999985095729612, 0.0008000780228242414, 0.0015299434674332438, -0.01593993659464703], [-0.0015292439316558271, -0.000874216508989667, 0.9999984485780429, 0.032511474331086664], [0.0008014142834026806, -0.9999992978100798, -0.0008729916915724001, 0.03471398124278028], [0.0, 0.0, 0.0, 1.0]]}, "Hobj2base": {"type": "ndarray", "data": [[0.9999993638894941, 0.0010078058663510827, 0.0005065056198915871, -0.7362524824289393], [0.0010073142592939052, -0.9999990223003605, 0.000969905307337202, 0.08936918117387015], [0.0005074826009397649, -0.0009693944800369168, -0.9999994013676963, 0.0009818676028135575], [0.0, 0.0, 0.0, 1.0]]}, "mean_rme": {"type": "float", "data": 0.0015848827907155708}, "max_rme": {"type": "float", "data": 0.007051684672359532}, "simu": {"type": "float", "data": 0.002}}, {"type": "dict", "image_number": {"type": "int", "data": 16}, "Hcamera2end": {"type": "ndarray", "data": [[0.9999990897973154, 0.0012898310416465653, 0.0003959045649511806, -0.016044698402468145], [-0.00039429176678607226, -0.0012504093330190091, 0.999999140504882, 0.03256968383948851], [0.0012903249758060816, -0.9999983864048902, -0.0012498996251326666, 0.03482582783686099], [0.0, 0.0, 0.0, 1.0]]}, "Hobj2base": {"type": "ndarray", "data": [[0.9999985346117188, 0.0016155926641418714, 0.0005662461995608336, -0.7361099825436463], [0.0016156133455926867, -0.999998694245446, -3.60682640267944e-05, 0.08868068749410855], [0.0005661871885595101, 3.6983046089684594e-05, -0.9999998390321476, 0.0013414228136496044], [0.0, 0.0, 0.0, 1.0]]}, "mean_rme": {"type": "float", "data": 0.001590420557334976}, "max_rme": {"type": "float", "data": 0.007075659395144568}, "simu": {"type": "float", "data": 0.002}}, {"type": "dict", "image_number": {"type": "int", "data": 17}, "Hcamera2end": {"type": "ndarray", "data": [[0.9999986913129711, 0.0014158405522964712, 0.0007827949127945338, -0.016034326582335875], [-0.0007810192317107996, -0.0012542716732553139, 0.9999989084051689, 0.03267029215401693], [0.001416820844257329, -0.99999821109745, -0.0012531642331059523, 0.034881164824869186], [0.0, 0.0, 0.0, 1.0]]}, "Hobj2base": {"type": "ndarray", "data": [[0.9999983514147761, 0.0017306094946866783, 0.0005496894640805394, -0.7362168539530884], [0.0017304526081018468, -0.9999984619371787, 0.00028575697293607493, 0.08873242652012654], [0.0005501831523541477, -0.00028480529027458747, -0.9999998080922039, 0.0013264678053629016], [0.0, 0.0, 0.0, 1.0]]}, "mean_rme": {"type": "float", "data": 0.0015724953580902978}, "max_rme": {"type": "float", "data": 0.007040305793405283}, "simu": {"type": "float", "data": 0.002}}, {"type": "dict", "image_number": {"type": "int", "data": 18}, "Hcamera2end": {"type": "ndarray", "data": [[0.9999977964241342, 0.0019372089235285073, 0.0008089304434731185, -0.016044003436902626], [-0.0008060573411400643, -0.0014834361199238533, 0.9999985748434049, 0.032759369966974636], [0.001938406159340788, -0.9999970233150021, -0.0014818713495856617, 0.03477266113285171], [0.0, 0.0, 0.0, 1.0]]}, "Hobj2base": {"type": "ndarray", "data": [[0.9999971700378003, 0.002302762965847321, 0.0005976613705340126, -0.736173978824741], [0.0023026107645234936, -0.9999973164183971, 0.0002552247483942167, 0.0885605044702889], [0.0005982474887595235, -0.0002538478446124948, -0.9999997888305849, 0.0012405144373043237], [0.0, 0.0, 0.0, 1.0]]}, "mean_rme": {"type": "float", "data": 0.001544662259004341}, "max_rme": {"type": "float", "data": 0.007040437374989578}, "simu": {"type": "float", "data": 0.002}}, {"type": "dict", "image_number": {"type": "int", "data": 19}, "Hcamera2end": {"type": "ndarray", "data": [[0.999999153831102, 0.0013008962429320071, 2.4586456909440673e-06, -0.01604475107684146], [-9.142764066410363e-07, -0.0011871571878137033, 0.9999992953282392, 0.032540355587947205], [0.0013008982450260658, -0.9999984491621855, -0.0011871549938995418, 0.03477758204013364], [0.0, 0.0, 0.0, 1.0]]}, "Hobj2base": {"type": "ndarray", "data": [[0.999998469938427, 0.0016310295564975956, 0.0006323475236890419, -0.7361245191762995], [0.0016314184508700996, -0.9999984801393964, -0.0006149737680961516, 0.08850952278519236], [0.0006313435222167173, 0.0006160044505659288, -0.9999996109718614, 0.0014211372329310918], [0.0, 0.0, 0.0, 1.0]]}, "mean_rme": {"type": "float", "data": 0.0015546421777100131}, "max_rme": {"type": "float", "data": 0.00705315571990614}, "simu": {"type": "float", "data": 0.002}}, {"type": "dict", "image_number": {"type": "int", "data": 20}, "Hcamera2end": {"type": "ndarray", "data": [[0.999999008889456, 0.001405726187627643, 7.844737741624674e-05, -0.01600870816082899], [-7.710667289927186e-05, -0.0009537739537115453, 0.9999995421847983, 0.032195987370119764], [0.0014058003651301414, -0.9999985571235244, -0.0009536646175467567, 0.036174998834345364], [0.0, 0.0, 0.0, 1.0]]}, "Hobj2base": {"type": "ndarray", "data": [[0.9999986061744514, 0.0016295378383424722, 0.0003636696136692447, -0.7376681459374106], [0.0016297359095041142, -0.9999985234582476, -0.0005450157706321192, 0.08870489238458497], [0.00036278095287513757, 0.0005456076964038061, -0.999999785351088, 0.001635796788543828], [0.0, 0.0, 0.0, 1.0]]}, "mean_rme": {"type": "float", "data": 0.0015549550720530035}, "max_rme": {"type": "float", "data": 0.0070302821786390746}, "simu": {"type": "float", "data": 0.002}}, {"type": "dict", "image_number": {"type": "int", "data": 21}, "Hcamera2end": {"type": "ndarray", "data": [[0.9999992952174626, 0.0011789366545119984, 0.00014026026773584208, -0.015990587999712737], [-0.00013952347143013312, -0.0006250258438684764, 0.9999997949379266, 0.033512524691141084], [0.0011790240790490066, -0.9999991097251332, -0.0006248609140264705, 0.03719532427674675], [0.0, 0.0, 0.0, 1.0]]}, "Hobj2base": {"type": "ndarray", "data": [[0.9999991592107128, 0.0012849207199198262, 0.00017480449389265315, -0.7386509438494302], [0.0012850008735457025, -0.9999990689554477, -0.0004591960284117322, 0.08818584200685928], [0.0001742143006504703, 0.0004594202662519826, -0.9999998792911908, 0.0004303911146025241], [0.0, 0.0, 0.0, 1.0]]}, "mean_rme": {"type": "float", "data": 0.0015853750717144328}, "max_rme": {"type": "float", "data": 0.007046894629152339}, "simu": {"type": "float", "data": 0.002}}, {"type": "dict", "image_number": {"type": "int", "data": 22}, "Hcamera2end": {"type": "ndarray", "data": [[0.9999994683298806, 0.0010208577153594705, 0.00014556607133462524, -0.016003739909943686], [-0.0001452792383361826, -0.00028104107936988143, 0.999999949954926, 0.0341922689019426], [0.0010208985743163782, -0.9999994394325612, -0.00028089262051733677, 0.037890689594722735], [0.0, 0.0, 0.0, 1.0]]}, "Hobj2base": {"type": "ndarray", "data": [[0.9999995359018442, 0.0009581794450994101, -0.00010044026702131364, -0.7394266894721361], [0.0009581380703205842, -0.999999456452696, -0.00041117605824709456, 0.08797577799139354], [-0.00010083419287460663, 0.00041107963177741794, -0.9999999104229969, -0.0001748503026009384], [0.0, 0.0, 0.0, 1.0]]}, "mean_rme": {"type": "float", "data": 0.001596571655240483}, "max_rme": {"type": "float", "data": 0.0071098064495627444}, "simu": {"type": "float", "data": 0.002}}, {"type": "dict", "image_number": {"type": "int", "data": 23}, "Hcamera2end": {"type": "ndarray", "data": [[0.9999991399197236, 0.0012963348095768354, 0.0001991880383846611, -0.01609867946641058], [-0.00019855740836194704, -0.00048658208263230307, 0.9999998619064066, 0.033950359571336415], [0.0012964315518918562, -0.9999990413765096, -0.00048632426725259137, 0.037616309013417316], [0.0, 0.0, 0.0, 1.0]]}, "Hobj2base": {"type": "ndarray", "data": [[0.9999991623864983, 0.0012909977801208888, -9.247179791707531e-05, -0.7391157876289869], [0.0012909666659342307, -0.9999991103396961, -0.0003357452649375311, 0.08811438279401103], [-9.290516204030798e-05, 0.0003356256057041141, -0.9999999393620398, 2.487152657790083e-06], [0.0, 0.0, 0.0, 1.0]]}, "mean_rme": {"type": "float", "data": 0.0016258997511593844}, "max_rme": {"type": "float", "data": 0.00726411364073784}, "simu": {"type": "float", "data": 0.002}}, {"type": "dict", "image_number": {"type": "int", "data": 24}, "Hcamera2end": {"type": "ndarray", "data": [[0.9999987487197665, 0.0015550297643545726, 0.000290587909820541, -0.01603425244973325], [-0.0002902656726412354, -0.00020744418938445364, 0.9999999363563717, 0.03257928446839327], [0.0015550899461602339, -0.9999987694239129, -0.00020699255805300965, 0.03732762071459056], [0.0, 0.0, 0.0, 1.0]]}, "Hobj2base": {"type": "ndarray", "data": [[0.999998915331592, 0.0014131120846314841, -0.00041527084622851546, -0.7391179916666778], [0.001413016305587032, -0.9999989750471572, -0.0002308453054704451, 0.08874031426853014], [-0.00041559663088632187, 0.00023025827060287933, -0.9999998871302782, 0.0012960412428210527], [0.0, 0.0, 0.0, 1.0]]}, "mean_rme": {"type": "float", "data": 0.0017130851913497497}, "max_rme": {"type": "float", "data": 0.007153861039377124}, "simu": {"type": "float", "data": 0.002}}, {"type": "dict", "image_number": {"type": "int", "data": 25}, "Hcamera2end": {"type": "ndarray", "data": [[0.9999985175426441, 0.0016801820478555196, 0.0003766972260629772, -0.015998714498345668], [-0.0003759351523786959, -0.0004538588998470594, 0.9999998263424149, 0.03240200795697717], [0.0016803527234677594, -0.9999984854990455, -0.00045322658752633416, 0.037783480837274216], [0.0, 0.0, 0.0, 1.0]]}, "Hobj2base": {"type": "ndarray", "data": [[0.9999985478272393, 0.0016891670923694954, -0.00022596005552846595, -0.7394632363054663], [0.0016891295854867105, -0.9999985596288032, -0.00016607697782694813, 0.08878486601467764], [-0.00022624026182785576, 0.00016569506083955338, -0.9999999606802448, 0.001350964764469438], [0.0, 0.0, 0.0, 1.0]]}, "mean_rme": {"type": "float", "data": 0.001681568517457555}, "max_rme": {"type": "float", "data": 0.007114744464538775}, "simu": {"type": "float", "data": 0.002}}, {"type": "dict", "image_number": {"type": "int", "data": 26}, "Hcamera2end": {"type": "ndarray", "data": [[0.9999986620786085, 0.0016027864600467335, 0.0003269809723392392, -0.015930876700097976], [-0.00032626387874569527, -0.0004476453740569486, 0.9999998465827385, 0.03234824539230683], [0.0016029325856712965, -0.9999986153436328, -0.0004471218438153457, 0.03779084571284117], [0.0, 0.0, 0.0, 1.0]]}, "Hobj2base": {"type": "ndarray", "data": [[0.9999986497694056, 0.0016341331739204424, -0.00017340165979870683, -0.7394694636272047], [0.0016340983698879682, -0.9999986447270017, -0.00020066558510407447, 0.08874768274789614], [-0.00017372933908160217, 0.00020038195878964928, -0.9999999648325928, 0.0014229828693255603], [0.0, 0.0, 0.0, 1.0]]}, "mean_rme": {"type": "float", "data": 0.0016699505877458187}, "max_rme": {"type": "float", "data": 0.007000350388701476}, "simu": {"type": "float", "data": 0.002}}, {"type": "dict", "image_number": {"type": "int", "data": 27}, "Hcamera2end": {"type": "ndarray", "data": [[0.9999987531356025, 0.0015504808814177213, 0.00029956013881323764, -0.015935924165910074], [-0.00029882964700987354, -0.0004713490893701877, 0.9999998442654273, 0.032397817593323594], [0.001550621837352884, -0.9999986869186744, -0.0004708851720074403, 0.03777889192284595], [0.0, 0.0, 0.0, 1.0]]}, "Hobj2base": {"type": "ndarray", "data": [[0.9999987098129451, 0.0016017570280564806, -0.00012143668357686591, -0.7394366686874774], [0.0016017306947250676, -0.9999986937629026, -0.00021663626175162106, 0.08872228861993513], [-0.00012178352360655739, 0.00021644147338676988, -0.9999999691609305, 0.001371825431464312], [0.0, 0.0, 0.0, 1.0]]}, "mean_rme": {"type": "float", "data": 0.001616607979894955}, "max_rme": {"type": "float", "data": 0.007007098834483222}, "simu": {"type": "float", "data": 0.002}}, {"type": "dict", "image_number": {"type": "int", "data": 28}, "Hcamera2end": {"type": "ndarray", "data": [[0.9999990527187256, 0.0013538408695342923, -0.0002483476421884888, -0.0160013261515174], [0.00024898986802837685, -0.00047422530563179244, 0.9999998565571921, 0.03253791927281293], [0.001353722902599037, -0.9999989711121002, -0.00047456194906647653, 0.036678538512866954], [0.0, 0.0, 0.0, 1.0]]}, "Hobj2base": {"type": "ndarray", "data": [[0.9999989101369873, 0.0014762049524740702, -2.33190055633368e-05, -0.7383060061219214], [0.0014761879179858912, -0.9999986552762146, -0.0007143633477165209, 0.0884823608077799], [-2.4373520917480458e-05, 0.0007143281459240586, -0.9999997445705826, 0.0014264194091605548], [0.0, 0.0, 0.0, 1.0]]}, "mean_rme": {"type": "float", "data": 0.0016545366924378782}, "max_rme": {"type": "float", "data": 0.007077236350876953}, "simu": {"type": "float", "data": 0.002}}, {"type": "dict", "image_number": {"type": "int", "data": 29}, "Hcamera2end": {"type": "ndarray", "data": [[-0.3607849440881796, 0.07230764030706693, 0.9298418302445388, 1027.0208476474036], [0.9298299956844834, 0.10534533321102901, 0.3525883433921934, 1491.5438849900622], [-0.07245966633019701, 0.9918033907604276, -0.10524082302716731, -115.9473183561272], [0.0, 0.0, 0.0, 1.0]]}, "Hobj2base": {"type": "ndarray", "data": [[-0.9993306287014139, 0.003016000107633375, -0.03645817168465312, -32.791367240177216], [-0.003348382916870188, 0.984871531325432, 0.17325373045490408, 156.38937034817988], [0.036429148646089704, 0.17325983529961378, -0.9842021878663305, -1775.0482412804597], [0.0, 0.0, 0.0, 1.0]]}, "mean_rme": {"type": "float", "data": 121.97423654608369}, "max_rme": {"type": "float", "data": 827.8065761872134}, "simu": {"type": "float", "data": 0.002}}, {"type": "dict", "image_number": {"type": "int", "data": 29}, "Hcamera2end": {"type": "ndarray", "data": [[0.9999997309277365, 0.0006985766171043739, -0.000223908830706064, -0.01600614569888923], [0.0002240142516859168, -0.0001508336615378969, 0.99999996353341, 0.03209656419890143], [0.0006985428186408809, -0.9999997446199256, -0.0001509901120708701, 0.03664855698966308], [0.0, 0.0, 0.0, 1.0]]}, "Hobj2base": {"type": "ndarray", "data": [[0.9999997316590504, 0.0007321058827778264, -2.6510442596564757e-05, -0.738478945329636], [0.0007320880134989479, -0.9999995089801361, -0.000667897168279001, 0.08889830698432165], [-2.6999401025398544e-05, 0.0006678775810775831, -0.9999997766052597, 0.0018081206358405155], [0.0, 0.0, 0.0, 1.0]]}, "mean_rme": {"type": "float", "data": 0.0016582106167021523}, "max_rme": {"type": "float", "data": 0.007100356488648901}, "simu": {"type": "float", "data": 0.002}}, {"type": "dict", "image_number": {"type": "int", "data": 30}, "Hcamera2end": {"type": "ndarray", "data": [[0.999999648225044, 0.00045470774606247004, -0.0007048337776441514, -0.015980359953841353], [0.0007050194356828592, -0.0004082709047528166, 0.9999996681311765, 0.03226646729666121], [0.0004544198320350462, -0.9999998132778494, -0.00040859133893178523, 0.03637672368742163], [0.0, 0.0, 0.0, 1.0]]}, "Hobj2base": {"type": "ndarray", "data": [[0.9999997288052958, 0.0006868824285685519, 0.0002656724757660826, -0.7380786531604596], [0.0006871654554439083, -0.9999991949744487, -0.001066702438076927, 0.08858672432554211], [0.00026493956273172505, 0.0010668847097406837, -0.9999993957818396, 0.0017467034186773385], [0.0, 0.0, 0.0, 1.0]]}, "mean_rme": {"type": "float", "data": 0.0016509141826354177}, "max_rme": {"type": "float", "data": 0.007030875559450617}, "simu": {"type": "float", "data": 0.002}}]}