{"type": "list", "data": [{"type": "dict", "image_number": {"type": "int", "data": 5}, "Hcamera2end": {"type": "ndarray", "data": [[0.9999732032989147, -0.007239811741100758, 0.0010852695797802865, -0.01151790378975999], [-0.0010753588896238058, 0.0013726677762667672, 0.9999984796920617, 0.03241356068701099], [-0.007241290448938223, -0.9999728500860058, 0.0013648455973835905, 0.0321639393435611], [0.0, 0.0, 0.0, 1.0]]}, "Hobj2base": {"type": "ndarray", "data": [[0.99997704709575, -0.006625559942106881, -0.0014167699593653734, -0.7340429768137562], [-0.00662950535489916, -0.999974108772999, -0.0027984714391388753, 0.09566110032267508], [-0.0013981918371864584, 0.0028077996901241594, -0.9999950806481432, 0.005589046675531795], [0.0, 0.0, 0.0, 1.0]]}, "mean_rme": {"type": "float", "data": 0.00173344914946878}, "max_rme": {"type": "float", "data": 0.005308816119628079}, "simu": {"type": "float", "data": 0.002}}, {"type": "dict", "image_number": {"type": "int", "data": 6}, "Hcamera2end": {"type": "ndarray", "data": [[0.9999742400627234, -0.007172898623680521, 0.0002621761110045964, -0.011735137133098025], [-0.0002537662723283017, 0.0011733313419781677, 0.9999992794478607, 0.0321050093590484], [-0.007173201074681233, -0.9999735860605998, 0.001171480877290909, 0.03198087580570618], [0.0, 0.0, 0.0, 1.0]]}, "Hobj2base": {"type": "ndarray", "data": [[0.9999762775538104, -0.006719994080759135, -0.0015119554158242537, -0.7337865927218066], [-0.006724453767436395, -0.9999729974814089, -0.002964123745187072, 0.09492779882384374], [-0.0014919956951977334, 0.002974220503213163, -0.9999944639652985, 0.005386891517315297], [0.0, 0.0, 0.0, 1.0]]}, "mean_rme": {"type": "float", "data": 0.0016021871533445796}, "max_rme": {"type": "float", "data": 0.004905129369960792}, "simu": {"type": "float", "data": 0.002}}, {"type": "dict", "image_number": {"type": "int", "data": 7}, "Hcamera2end": {"type": "ndarray", "data": [[0.9999758962051798, -0.00694312240214912, 7.743141716671977e-06, -0.012540417328259515], [-7.327642968917372e-06, 5.9868648944583214e-05, 0.9999999981810251, 0.031669397383215545], [-0.006943122853091189, -0.9999758944429878, 5.981632916085555e-05, 0.03174492110384877], [0.0, 0.0, 0.0, 1.0]]}, "Hobj2base": {"type": "ndarray", "data": [[0.9999774110313021, -0.006695750425828071, -0.0005868162995303946, -0.7328058784324148], [-0.00669717750923818, -0.9999745363212611, -0.002464654638775307, 0.09439014640581227], [-0.0005702986446815658, 0.00246852897769209, -0.9999967905569207, 0.004750165107387635], [0.0, 0.0, 0.0, 1.0]]}, "mean_rme": {"type": "float", "data": 0.001818734037906751}, "max_rme": {"type": "float", "data": 0.005298426810350532}, "simu": {"type": "float", "data": 0.002}}, {"type": "dict", "image_number": {"type": "int", "data": 8}, "Hcamera2end": {"type": "ndarray", "data": [[0.7835891903389132, -0.6211030099457393, -0.014799723657868025, 1452.6949718725677], [-0.015398477956247159, 0.004398215543558903, -0.9998717630659758, -12.714694239765144], [0.6210884539746633, 0.7837165984821138, -0.006117646850494873, 500.1688457515436], [0.0, 0.0, 0.0, 1.0]]}, "Hobj2base": {"type": "ndarray", "data": [[-0.7819796087606152, 0.6212921508719508, 0.05003953184733589, -487.03407495394123], [-0.6215509455461451, -0.771246447063157, -0.13730746513991948, 1402.785611005746], [-0.046715239197594495, -0.1384737562044241, 0.989263718767321, 109.4026243485632], [0.0, 0.0, 0.0, 1.0]]}, "mean_rme": {"type": "float", "data": 138.33898502671212}, "max_rme": {"type": "float", "data": 755.6935848040315}, "simu": {"type": "float", "data": 0.002}}, {"type": "dict", "image_number": {"type": "int", "data": 8}, "Hcamera2end": {"type": "ndarray", "data": [[0.99997724126897, -0.00674658430620132, -2.3330224550323873e-05, -0.012978295043635797], [1.800680229209657e-05, -0.0007891140999514157, 0.9999996884872975, 0.03149175216434683], [-0.006746600614763759, -0.99997693018346, -0.0007889746563061184, 0.03165967570471725], [0.0, 0.0, 0.0, 1.0]]}, "Hobj2base": {"type": "ndarray", "data": [[0.9999780449316418, -0.006604584381713961, 0.0005376986481988892, -0.7320753574103062], [-0.006603347896540858, -0.9999756216684761, -0.002269772081477052, 0.09404143968299367], [0.0005526764412423571, 0.0022661716372382886, -0.9999972795037304, 0.00425992644542153], [0.0, 0.0, 0.0, 1.0]]}, "mean_rme": {"type": "float", "data": 0.0018386598838638487}, "max_rme": {"type": "float", "data": 0.004809296550420228}, "simu": {"type": "float", "data": 0.002}}, {"type": "dict", "image_number": {"type": "int", "data": 9}, "Hcamera2end": {"type": "ndarray", "data": [[0.9999789750367384, -0.006478439178298286, 0.0002816208215603291, -0.01315198570892271], [-0.0002883891565107913, -0.0010438373395900147, 0.9999994136174799, 0.031511643094060696], [-0.006478141413125641, -0.9999784698829381, -0.0010456837045584866, 0.03172376762683578], [0.0, 0.0, 0.0, 1.0]]}, "Hobj2base": {"type": "ndarray", "data": [[0.9999790130908682, -0.006406519007039142, 0.0009643090923766875, -0.7317496246904347], [-0.006404638081102883, -0.9999776060162413, -0.0019411535428779374, 0.09423025118985688], [0.0009767235347225632, 0.0019349367533299329, -0.9999976510126898, 0.004139558561050373], [0.0, 0.0, 0.0, 1.0]]}, "mean_rme": {"type": "float", "data": 0.0018095562168569973}, "max_rme": {"type": "float", "data": 0.004861695733880178}, "simu": {"type": "float", "data": 0.002}}, {"type": "dict", "image_number": {"type": "int", "data": 10}, "Hcamera2end": {"type": "ndarray", "data": [[0.9999773354874567, -0.006722145035150936, 0.0003758690368026742, -0.013220876160387154], [-0.0003804786254075817, -0.0006844661147007436, 0.9999996933710297, 0.03146474199734061], [-0.006721885704327269, -0.9999771718755704, -0.0006870082341126071, 0.03159426843057611], [0.0, 0.0, 0.0, 1.0]]}, "Hobj2base": {"type": "ndarray", "data": [[0.9999774855665736, -0.0066784003615029865, 0.0006537037284166796, -0.7319469879499586], [-0.006677256091484571, -0.9999761978303072, -0.0017372460766408913, 0.09423111374978266], [0.0006652901936758652, 0.001732842016327157, -0.9999982773222684, 0.004148397052101504], [0.0, 0.0, 0.0, 1.0]]}, "mean_rme": {"type": "float", "data": 0.0017344904892221229}, "max_rme": {"type": "float", "data": 0.0049002885100074}, "simu": {"type": "float", "data": 0.002}}, {"type": "dict", "image_number": {"type": "int", "data": 11}, "Hcamera2end": {"type": "ndarray", "data": [[0.9999781960218834, -0.006593476051831986, 0.0003654509183097167, -0.012964934738445512], [-0.0003692114616341397, -0.0005691348709442323, 0.999999769884171, 0.03159881909934653], [-0.006593266543707552, -0.9999781008397396, -0.0005715568484703226, 0.03160226111271873], [0.0, 0.0, 0.0, 1.0]]}, "Hobj2base": {"type": "ndarray", "data": [[0.9999786333421169, -0.00652120923595934, 0.0004546309854463655, -0.7322302174869019], [-0.006520538303015554, -0.9999776723784708, -0.0014619592250862676, 0.09443549210332775], [0.0004641545766190153, 0.0014589635491493254, -0.9999988279922594, 0.00435715802026781], [0.0, 0.0, 0.0, 1.0]]}, "mean_rme": {"type": "float", "data": 0.0017249035643541353}, "max_rme": {"type": "float", "data": 0.004849039120268572}, "simu": {"type": "float", "data": 0.002}}, {"type": "dict", "image_number": {"type": "int", "data": 12}, "Hcamera2end": {"type": "ndarray", "data": [[0.999978718961172, -0.006478094895897317, -0.0007719529086365634, -0.012833719032217996], [0.0007681780278910766, -0.0005851826031817442, 0.9999995337318106, 0.031421450993132136], [-0.006478543608780347, -0.9999788457001682, -0.0005801938197265155, 0.03147402038120123], [0.0, 0.0, 0.0, 1.0]]}, "Hobj2base": {"type": "ndarray", "data": [[0.9999789343766007, -0.006483753522234279, 0.0003028915666211158, -0.7322531327368061], [-0.006483104244939686, -0.999976784588779, -0.0020975325588948645, 0.09364350946773281], [0.00031648441898557704, 0.0020955246954625934, -0.9999977543044101, 0.004278188010002418], [0.0, 0.0, 0.0, 1.0]]}, "mean_rme": {"type": "float", "data": 0.0017878659449256085}, "max_rme": {"type": "float", "data": 0.004724395078099741}, "simu": {"type": "float", "data": 0.002}}, {"type": "dict", "image_number": {"type": "int", "data": 13}, "Hcamera2end": {"type": "ndarray", "data": [[0.9999790457132189, -0.006134756633075685, -0.002067098336514937, -0.01316112385943758], [0.0020655670720742788, -0.0002559302038607214, 0.9999978339638548, 0.031312808010573526], [-0.00613527237786974, -0.9999811494527201, -0.00024325308972938942, 0.03129749497244165], [0.0, 0.0, 0.0, 1.0]]}, "Hobj2base": {"type": "ndarray", "data": [[0.9999811803984551, -0.006134094449810346, 0.00010832448160149657, -0.732369269924074], [-0.006133717893788182, -0.9999761045878113, -0.0031886922376458873, 0.09269698927617899], [0.00012788163250045554, 0.003187967795917391, -0.9999949102408574, 0.0038447589004936148], [0.0, 0.0, 0.0, 1.0]]}, "mean_rme": {"type": "float", "data": 0.0017586360910093527}, "max_rme": {"type": "float", "data": 0.005051094320087657}, "simu": {"type": "float", "data": 0.002}}, {"type": "dict", "image_number": {"type": "int", "data": 14}, "Hcamera2end": {"type": "ndarray", "data": [[0.9999825068329754, -0.005526295158641252, -0.0021085753147211364, -0.013039956238973104], [0.002108172931495728, -7.863670699603809e-05, 0.9999977747091037, 0.03134290627230615], [-0.005526448672446147, -0.999984726822409, -6.698494552614953e-05, 0.031199008636849795], [0.0, 0.0, 0.0, 1.0]]}, "Hobj2base": {"type": "ndarray", "data": [[0.9999845667082129, -0.005552883011265387, -0.00017842547691542877, -0.7327093331408455], [-0.00555339007385237, -0.999980140812742, -0.0029795702401791565, 0.09264149534931776], [-0.00016187672856290833, 0.002980515121874664, -0.9999955451528435, 0.003946921911935884], [0.0, 0.0, 0.0, 1.0]]}, "mean_rme": {"type": "float", "data": 0.001719018605861153}, "max_rme": {"type": "float", "data": 0.005028498999150921}, "simu": {"type": "float", "data": 0.002}}, {"type": "dict", "image_number": {"type": "int", "data": 15}, "Hcamera2end": {"type": "ndarray", "data": [[0.9999846161174091, -0.005074431846031083, -0.0022400156155543776, -0.013176627194664413], [0.0022403403494842137, 5.8310778472070446e-05, 0.9999974887343327, 0.03140624144475932], [-0.005074288485730273, -0.9999871232877419, 6.967833584126115e-05, 0.031096118408262104], [0.0, 0.0, 0.0, 1.0]]}, "Hobj2base": {"type": "ndarray", "data": [[0.9999868065812876, -0.00512726025848677, -0.00031283478130161824, -0.7328577944749629], [-0.005128198600323625, -0.9999821189100051, -0.003076270367340793, 0.09256667548356946], [-0.0002970563486759132, 0.003077834059705367, -0.9999952193360864, 0.0038388816231300932], [0.0, 0.0, 0.0, 1.0]]}, "mean_rme": {"type": "float", "data": 0.0016694611648156211}, "max_rme": {"type": "float", "data": 0.0050764520869560625}, "simu": {"type": "float", "data": 0.002}}, {"type": "dict", "image_number": {"type": "int", "data": 16}, "Hcamera2end": {"type": "ndarray", "data": [[0.9999859255094491, -0.004572047531984307, -0.0026916843009267043, -0.013136243003622702], [0.00269236422164727, 0.0001425641809235101, 0.9999963654185714, 0.031383899204584176], [-0.004571647176737589, -0.9999895379736831, 0.00015487179160000863, 0.030987476358472432], [0.0, 0.0, 0.0, 1.0]]}, "Hobj2base": {"type": "ndarray", "data": [[0.9999890086513633, -0.0046673764136103465, -0.0004451672464654547, -0.7329990525093422], [-0.004668824926695382, -0.9999836218426941, -0.003310305147902822, 0.09223764357593676], [-0.00042970951527709, 0.003312347171121694, -0.9999944218374175, 0.003787447922364972], [0.0, 0.0, 0.0, 1.0]]}, "mean_rme": {"type": "float", "data": 0.0016215446132604198}, "max_rme": {"type": "float", "data": 0.0051278871218614075}, "simu": {"type": "float", "data": 0.002}}, {"type": "dict", "image_number": {"type": "int", "data": 17}, "Hcamera2end": {"type": "ndarray", "data": [[0.9999881204727137, -0.0041878372704997596, -0.0024941797139055154, -0.012980945001838513], [0.002495486387675842, 0.00030681998677151157, 0.999996839199597, 0.03137018630089588], [-0.004187058769395201, -0.999991183901384, 0.0003172670327974414, 0.030916338719869513], [0.0, 0.0, 0.0, 1.0]]}, "Hobj2base": {"type": "ndarray", "data": [[0.9999909383049891, -0.0042307811201073315, -0.00047307401242153557, -0.7330752518326137], [-0.0042321478089925105, -0.9999867628489534, -0.0029262692620510324, 0.09230266369238393], [-0.000460687345523141, 0.0029282448642366206, -0.9999956065649414, 0.003899888733854443], [0.0, 0.0, 0.0, 1.0]]}, "mean_rme": {"type": "float", "data": 0.0015734623237873542}, "max_rme": {"type": "float", "data": 0.005106298166478229}, "simu": {"type": "float", "data": 0.002}}, {"type": "dict", "image_number": {"type": "int", "data": 18}, "Hcamera2end": {"type": "ndarray", "data": [[0.9999863917906192, -0.004568648345605623, -0.0025186674795356525, -0.013010365748599755], [0.002518854588884189, 3.5201620604663475e-05, 0.9999968270611693, 0.03263899566089082], [-0.004568545188386838, -0.9999895630521053, 4.6708902423975296e-05, 0.031221025007589106], [0.0, 0.0, 0.0, 1.0]]}, "Hobj2base": {"type": "ndarray", "data": [[0.9999893015234992, -0.004610396007756271, -0.0003756157556725775, -0.7331110106614066], [-0.00461143625889831, -0.9999853985412761, -0.0028173320490773555, 0.09245636461644349], [-0.00036262125470303507, 0.0028190340360317555, -0.9999959607683067, 0.002635583409321953], [0.0, 0.0, 0.0, 1.0]]}, "mean_rme": {"type": "float", "data": 0.0015446552425383768}, "max_rme": {"type": "float", "data": 0.005117011499328528}, "simu": {"type": "float", "data": 0.002}}, {"type": "dict", "image_number": {"type": "int", "data": 19}, "Hcamera2end": {"type": "ndarray", "data": [[0.9999836218333343, -0.005142716977999197, -0.0025116781583494696, -0.012978595677428133], [0.0025110095646182686, -0.00013646051135030035, 0.9999968380997485, 0.03276055082887125], [-0.005143043462126929, -0.9999867668327479, -0.0001235448648575499, 0.03270780538267158], [0.0, 0.0, 0.0, 1.0]]}, "Hobj2base": {"type": "ndarray", "data": [[0.9999864863442657, -0.005186762835183304, -0.0003530157806495877, -0.7344769240916584], [-0.005187688965113823, -0.9999829655148798, -0.0026751753714493688, 0.09247071544393737], [-0.00033913426701329374, 0.0026769705561201567, -0.9999963594016683, 0.0024251259276284612], [0.0, 0.0, 0.0, 1.0]]}, "mean_rme": {"type": "float", "data": 0.0015940098901780927}, "max_rme": {"type": "float", "data": 0.005245603196758042}, "simu": {"type": "float", "data": 0.002}}, {"type": "dict", "image_number": {"type": "int", "data": 20}, "Hcamera2end": {"type": "ndarray", "data": [[0.999984726256715, -0.004824889535699039, -0.002695866141187328, -0.013042777209526887], [0.0026933658793324823, -0.0005246234969613628, 0.9999962352681265, 0.033480419077760656], [-0.004826285686005949, -0.999988222536223, -0.0005116202911499279, 0.03329171608967807], [0.0, 0.0, 0.0, 1.0]]}, "Hobj2base": {"type": "ndarray", "data": [[0.9999878729382439, -0.004924693114064777, 3.7069918649502274e-05, -0.7348241036000694], [-0.004924565714116231, -0.9999837146510666, -0.002884282437802846, 0.09229922113555063], [5.127352081340779e-05, 0.0028840649066811945, -0.9999958397616662, 0.0015648416705076995], [0.0, 0.0, 0.0, 1.0]]}, "mean_rme": {"type": "float", "data": 0.0015713117315256885}, "max_rme": {"type": "float", "data": 0.005263215973013047}, "simu": {"type": "float", "data": 0.002}}, {"type": "dict", "image_number": {"type": "int", "data": 21}, "Hcamera2end": {"type": "ndarray", "data": [[0.9999832522923938, -0.005301393544637397, -0.0023217151443698466, -0.013062014777984968], [0.002319615216640446, -0.0004022229259554866, 0.9999972287971427, 0.03353025523056236], [-0.0053023127004590605, -0.9999858666217253, -0.00038991899650797635, 0.034373935813584826], [0.0, 0.0, 0.0, 1.0]]}, "Hobj2base": {"type": "ndarray", "data": [[0.9999854958235662, -0.005381674403079616, -0.0002138296414617879, -0.7359407241561233], [-0.005382175335335011, -0.9999825984871011, -0.0024155561770808193, 0.09255836086100094], [-0.00020082618365512716, 0.002416672010050081, -0.9999970596782972, 0.0015633730909394255], [0.0, 0.0, 0.0, 1.0]]}, "mean_rme": {"type": "float", "data": 0.0015734319539278333}, "max_rme": {"type": "float", "data": 0.005831686070871922}, "simu": {"type": "float", "data": 0.002}}, {"type": "dict", "image_number": {"type": "int", "data": 22}, "Hcamera2end": {"type": "ndarray", "data": [[0.9999840365916982, -0.005158989282213058, -0.0023046456038370165, -0.013071453167029713], [0.00230080142618277, -0.000750952599312793, 0.9999970711872066, 0.034754641915880916], [-0.005160704852105942, -0.9999864103575506, -0.0007390708016516978, 0.034449578481393364], [0.0, 0.0, 0.0, 1.0]]}, "Hobj2base": {"type": "ndarray", "data": [[0.9999862973597659, -0.005234983291572539, 6.530161118766551e-06, -0.7357697937981708], [-0.005234955215559427, -0.9999837499603323, -0.0022572237734670227, 0.09260080944043042], [1.834658374282951e-05, 0.0022571586584407195, -0.9999974524458521, 0.0003418750924658749], [0.0, 0.0, 0.0, 1.0]]}, "mean_rme": {"type": "float", "data": 0.0015665583949858797}, "max_rme": {"type": "float", "data": 0.006024946849582102}, "simu": {"type": "float", "data": 0.002}}, {"type": "dict", "image_number": {"type": "int", "data": 23}, "Hcamera2end": {"type": "ndarray", "data": [[0.9999827806447299, -0.005372070514119413, -0.0023620483537099882, -0.012985327128834375], [0.002358027092980814, -0.0007547601597939213, 0.9999969350179678, 0.03472249076016244], [-0.005373836828812701, -0.9999852854894877, -0.0007420796754928904, 0.03454453562246748], [0.0, 0.0, 0.0, 1.0]]}, "Hobj2base": {"type": "ndarray", "data": [[0.999985261827866, -0.005428821726042877, -6.341704217085372e-05, -0.7358685199687822], [-0.005428952267511802, -0.9999826615451266, -0.002281027488182216, 0.09253495885497691], [-5.10326510317852e-05, 0.002281338158101345, -0.999997396442549, 0.0003791473613900869], [0.0, 0.0, 0.0, 1.0]]}, "mean_rme": {"type": "float", "data": 0.001579002456563851}, "max_rme": {"type": "float", "data": 0.006047395350369689}, "simu": {"type": "float", "data": 0.002}}, {"type": "dict", "image_number": {"type": "int", "data": 24}, "Hcamera2end": {"type": "ndarray", "data": [[0.9999815062961405, -0.005529025613686233, -0.0025331682662430954, -0.012915547173991834], [0.0025294358572007973, -0.0006819456519968625, 0.9999965684462985, 0.03459698396640903], [-0.005530734123622861, -0.999984482292546, -0.0006679477246533949, 0.03496647034805915], [0.0, 0.0, 0.0, 1.0]]}, "Hobj2base": {"type": "ndarray", "data": [[0.9999845268394518, -0.005559928783964621, -0.0001824105121302168, -0.7363372000106998], [-0.005560354469408909, -0.9999816064545375, -0.0024226454088286573, 0.09238258952936111], [-0.0001689374210122829, 0.0024236221899536854, -0.9999970487534591, 0.00047554227474531685], [0.0, 0.0, 0.0, 1.0]]}, "mean_rme": {"type": "float", "data": 0.001611853986129468}, "max_rme": {"type": "float", "data": 0.006247460719133402}, "simu": {"type": "float", "data": 0.002}}, {"type": "dict", "image_number": {"type": "int", "data": 25}, "Hcamera2end": {"type": "ndarray", "data": [[0.999978133357889, -0.006158530439364202, -0.002409420863917526, -0.01292857578306851], [0.002403915366437623, -0.0009012089569164772, 0.999996704501233, 0.035677766648460334], [-0.00616068153559828, -0.9999806299750225, -0.0008863846645448259, 0.03497529384538095], [0.0, 0.0, 0.0, 1.0]]}, "Hobj2base": {"type": "ndarray", "data": [[0.9999810041749247, -0.006163704248343889, -6.264835969571502e-06, -0.7360398123291667], [-0.006163702327212548, -0.9999783512842655, -0.002303418421256399, 0.09262164056663406], [7.932889564893165e-06, 0.002303413280507039, -0.9999973471086452, -0.0006175842427745027], [0.0, 0.0, 0.0, 1.0]]}, "mean_rme": {"type": "float", "data": 0.0016661302420840382}, "max_rme": {"type": "float", "data": 0.006335309220128704}, "simu": {"type": "float", "data": 0.002}}, {"type": "dict", "image_number": {"type": "int", "data": 26}, "Hcamera2end": {"type": "ndarray", "data": [[0.9999791612535712, -0.0059324879057978865, -0.0025461040535890746, -0.012950725736057035], [0.0025410071453884926, -0.0008665308768061042, 0.9999963961969695, 0.03577664404845857], [-0.0059346728040579905, -0.9999820271942325, -0.0008514383252302693, 0.03547680447982221], [0.0, 0.0, 0.0, 1.0]]}, "Hobj2base": {"type": "ndarray", "data": [[0.9999826818042702, -0.005885024743298071, -5.074751657475749e-05, -0.7365839835426358], [-0.005885133803869887, -0.9999795171685257, -0.0025160372637314885, 0.09245438965664671], [-3.593953556980798e-05, 0.002516292346430948, -0.9999968334855751, -0.0007665618493299386], [0.0, 0.0, 0.0, 1.0]]}, "mean_rme": {"type": "float", "data": 0.0016376041722200654}, "max_rme": {"type": "float", "data": 0.006662242071217683}, "simu": {"type": "float", "data": 0.002}}, {"type": "dict", "image_number": {"type": "int", "data": 27}, "Hcamera2end": {"type": "ndarray", "data": [[0.9999843623488368, -0.0051560519681252475, -0.002165683700878613, -0.01292763363059966], [0.002161461190951998, -0.000824374014363416, 0.9999973242429223, 0.03504658852939353], [-0.005157823505149036, -0.999986367674873, -0.0008132165168626138, 0.03502794691895513], [0.0, 0.0, 0.0, 1.0]]}, "Hobj2base": {"type": "ndarray", "data": [[0.9999867932957477, -0.00513795373962003, -0.00012110101993516604, -0.7363651524278388], [-0.0051381984935662045, -0.9999845611409792, -0.0021157494945788185, 0.0925087134481734], [-0.00011022852724582158, 0.002116343793579172, -0.9999977544667882, 6.554458848599214e-05], [0.0, 0.0, 0.0, 1.0]]}, "mean_rme": {"type": "float", "data": 0.001655361279134126}, "max_rme": {"type": "float", "data": 0.006408993735806501}, "simu": {"type": "float", "data": 0.002}}, {"type": "dict", "image_number": {"type": "int", "data": 28}, "Hcamera2end": {"type": "ndarray", "data": [[0.9999848219862949, -0.00501754962571172, -0.002275959751762812, -0.01295104825780993], [0.002271796067079453, -0.0008353676658494624, 0.9999970705474555, 0.03514777067131092], [-0.0050194361902235985, -0.9999870630946266, -0.0008239561371214954, 0.03525810342796777], [0.0, 0.0, 0.0, 1.0]]}, "Hobj2base": {"type": "ndarray", "data": [[0.9999876876266418, -0.004960178189449072, -0.00014569643393552364, -0.7366159342778836], [-0.004960499455227734, -0.9999850646936215, -0.0022943048724480956, 0.09240249595110243], [-0.00013431409692638084, 0.002294999351191074, -0.9999973574653589, -6.34164974008434e-05], [0.0, 0.0, 0.0, 1.0]]}, "mean_rme": {"type": "float", "data": 0.0016068895169739587}, "max_rme": {"type": "float", "data": 0.006571159624660927}, "simu": {"type": "float", "data": 0.002}}, {"type": "dict", "image_number": {"type": "int", "data": 29}, "Hcamera2end": {"type": "ndarray", "data": [[0.9999859428086647, -0.0047305398045142605, -0.002395031988082349, -0.012986957457606519], [0.0023907927964770077, -0.0009015844542872298, 0.99999673562231, 0.03518205427479845], [-0.004732683685853636, -0.9999884045020871, -0.0008902620400539352, 0.035387054875401266], [0.0, 0.0, 0.0, 1.0]]}, "Hobj2base": {"type": "ndarray", "data": [[0.9999891404307253, -0.004656867015183425, -0.00018058300598620557, -0.7367986265867358], [-0.004657302997859902, -0.9999860443454083, -0.0024941217310130606, 0.09227260898491106], [-0.00016896569261114197, 0.002494935675700485, -0.9999968733683966, -0.00011286062903085621], [0.0, 0.0, 0.0, 1.0]]}, "mean_rme": {"type": "float", "data": 0.0015598897966882452}, "max_rme": {"type": "float", "data": 0.0066844862266870475}, "simu": {"type": "float", "data": 0.002}}, {"type": "dict", "image_number": {"type": "int", "data": 30}, "Hcamera2end": {"type": "ndarray", "data": [[0.999986159540514, -0.00458161870192617, -0.0025864062875039116, -0.014100722473888593], [0.002582516883361608, -0.0008546276280296805, 0.9999963001022376, 0.035271092564015484], [-0.004583812164675997, -0.9999891391318645, -0.0008427836919397969, 0.03561987846544873], [0.0, 0.0, 0.0, 1.0]]}, "Hobj2base": {"type": "ndarray", "data": [[0.9999898123579417, -0.004508866522005091, -0.00021284504994535043, -0.7371056013556507], [-0.004509394616787958, -0.9999865825715504, -0.0025495170251658593, 0.091131724323099], [-0.00020134676215006962, 0.002550450853921419, -0.9999967273246062, -0.00011253950776174601], [0.0, 0.0, 0.0, 1.0]]}, "mean_rme": {"type": "float", "data": 0.0015527294186404726}, "max_rme": {"type": "float", "data": 0.006697930383701589}, "simu": {"type": "float", "data": 0.002}}]}