{"type": "list", "data": [{"type": "dict", "image_number": {"type": "int", "data": 5}, "Hcamera2end": {"type": "ndarray", "data": [[0.9999970896786573, 0.0018080447146591107, -0.001597375511647948, -0.015087865261437915], [0.001597533884129475, -8.615241386245032e-05, 0.9999987202308065, 0.03607760980602406], [0.0018079047830230116, -0.9999983617746939, -8.904057582692637e-05, 0.029749860701786313], [0.0, 0.0, 0.0, 1.0]]}, "Hobj2base": {"type": "ndarray", "data": [[0.9999988296407868, 0.0014709092930520785, 0.0004208834852878188, -0.7330405319187694], [0.0014711996132789292, -0.999998679520008, -0.0006903114787723474, 0.08787335513010869], [0.0004198675439503709, 0.0006909298744807392, -0.9999996731635235, -0.0017003188527256463], [0.0, 0.0, 0.0, 1.0]]}, "mean_rme": {"type": "float", "data": 0.0012542524078642831}, "max_rme": {"type": "float", "data": 0.003227398321833108}, "simu": {"type": "float", "data": 0.002}}, {"type": "dict", "image_number": {"type": "int", "data": 6}, "Hcamera2end": {"type": "ndarray", "data": [[0.9999976354130492, 0.0016338292441320918, -0.0014351899913745978, -0.015495142764688538], [0.0014348886617679836, 0.0001855887629625963, 0.9999989533251218, 0.035900571155268825], [0.0016340938891791822, -0.999998648078492, 0.00018324396106406127, 0.02948372971504054], [0.0, 0.0, 0.0, 1.0]]}, "Hobj2base": {"type": "ndarray", "data": [[0.9999989914409502, 0.0014195324729017976, -4.5217703963169574e-05, -0.7331563254021832], [0.0014194933022945372, -0.9999986271513333, -0.000854829932219441, 0.08750960311221086], [-4.643110073369892e-05, 0.0008547648838450559, -0.9999996336105057, -0.0019660254868666405], [0.0, 0.0, 0.0, 1.0]]}, "mean_rme": {"type": "float", "data": 0.0013296165336847722}, "max_rme": {"type": "float", "data": 0.0028364971292261787}, "simu": {"type": "float", "data": 0.002}}, {"type": "dict", "image_number": {"type": "int", "data": 7}, "Hcamera2end": {"type": "ndarray", "data": [[0.9999974309789078, 0.0017112240579033515, -0.0014865220510233738, -0.015509993965990477], [0.001486517215014265, 4.097932722824105e-06, 0.9999988951242779, 0.0359651876555051], [0.0017112282588807911, -0.9999985358466436, 1.554158174377207e-06, 0.029512654509891902], [0.0, 0.0, 0.0, 1.0]]}, "Hobj2base": {"type": "ndarray", "data": [[0.9999989912700626, 0.0014203699839003226, -2.8223973102809092e-06, -0.7331678723611866], [0.0014203675732408954, -0.9999987301306013, -0.0007226985141959343, 0.0876447465160661], [-3.848893003178199e-06, 0.000722693776346689, -0.999999738849412, -0.0019401963834194125], [0.0, 0.0, 0.0, 1.0]]}, "mean_rme": {"type": "float", "data": 0.0012098028959081292}, "max_rme": {"type": "float", "data": 0.0030053652741103554}, "simu": {"type": "float", "data": 0.002}}, {"type": "dict", "image_number": {"type": "int", "data": 8}, "Hcamera2end": {"type": "ndarray", "data": [[0.9999976135925938, 0.00168134421692402, -0.0013949518778970038, -0.015986612470599813], [0.0013958423744164718, -0.0005285766461295971, 0.999998886114777, 0.03572456606573955], [0.0016806050051144112, -0.9999984468429706, -0.0005309222762341914, 0.029457245970944842], [0.0, 0.0, 0.0, 1.0]]}, "Hobj2base": {"type": "ndarray", "data": [[0.9999988965454932, 0.0013606911671655347, 0.0005961772752489722, -0.7325360711656929], [0.0013610518302464535, -0.9999988907728032, -0.0006049719651609882, 0.08748630261744626], [0.0005953534339435471, 0.0006057827257735758, -0.999999639290724, -0.002305138995967536], [0.0, 0.0, 0.0, 1.0]]}, "mean_rme": {"type": "float", "data": 0.0014287170109953072}, "max_rme": {"type": "float", "data": 0.003344574544765111}, "simu": {"type": "float", "data": 0.002}}, {"type": "dict", "image_number": {"type": "int", "data": 9}, "Hcamera2end": {"type": "ndarray", "data": [[0.9999981421917655, 0.0015151030980651691, -0.0011916692576891164, -0.01603313485330904], [0.0011929832043722937, -0.0008666247487834067, 0.9999989128757183, 0.035646049891015295], [0.001514068720888724, -0.9999984767109131, -0.0008684306313095913, 0.02968731987325609], [0.0, 0.0, 0.0, 1.0]]}, "Hobj2base": {"type": "ndarray", "data": [[0.9999990619054555, 0.0011622685559015552, 0.0007247896335337622, -0.7321943390086986], [0.0011627616236131947, -0.9999990926284619, -0.0006802408835615254, 0.08756202927927043], [0.0007239983532908754, 0.0006810830030023293, -0.9999995059760418, -0.0022814529534757105], [0.0, 0.0, 0.0, 1.0]]}, "mean_rme": {"type": "float", "data": 0.0014002252798780853}, "max_rme": {"type": "float", "data": 0.0033530126683717354}, "simu": {"type": "float", "data": 0.002}}, {"type": "dict", "image_number": {"type": "int", "data": 10}, "Hcamera2end": {"type": "ndarray", "data": [[0.9999978649967751, 0.0016355379324709313, -0.0012629400472589961, -0.016314341807766967], [0.001266278206146898, -0.0020415912605999953, 0.9999971142181503, 0.03538126471421481], [0.0016329548053021059, -0.9999965784545441, -0.0020436579478351202, 0.02951448415697906], [0.0, 0.0, 0.0, 1.0]]}, "Hobj2base": {"type": "ndarray", "data": [[0.9999977421329227, 0.0012003599283461875, 0.0017535293265773931, -0.7314805188562474], [0.0012013692233957662, -0.9999991132504149, -0.00057463934076095, 0.08724488118319426], [0.0017528379975980904, 0.0005767446794669732, -0.9999982974608146, -0.002656865033289002], [0.0, 0.0, 0.0, 1.0]]}, "mean_rme": {"type": "float", "data": 0.0014317700229123092}, "max_rme": {"type": "float", "data": 0.004113527285841523}, "simu": {"type": "float", "data": 0.002}}, {"type": "dict", "image_number": {"type": "int", "data": 11}, "Hcamera2end": {"type": "ndarray", "data": [[0.9999982625556008, 0.0016696866055280115, -0.0008288741877834267, -0.01649760880225795], [0.0008322149573200579, -0.0020011361800538197, 0.9999976514333688, 0.03515012665979473], [0.0016680239940318792, -0.9999966037945469, -0.0020025222413579957, 0.029433665471607143], [0.0, 0.0, 0.0, 1.0]]}, "Hobj2base": {"type": "ndarray", "data": [[0.9999978374855014, 0.0012380914236511777, 0.0016709739517615833, -0.7313385676111868], [0.0012384471515001945, -0.9999992106798599, -0.00021186861663456756, 0.08710360059138483], [0.001670710320110993, 0.00021393757139640245, -0.9999985814778649, -0.0027040483047762946], [0.0, 0.0, 0.0, 1.0]]}, "mean_rme": {"type": "float", "data": 0.0014955903492007573}, "max_rme": {"type": "float", "data": 0.003937022603578699}, "simu": {"type": "float", "data": 0.002}}, {"type": "dict", "image_number": {"type": "int", "data": 12}, "Hcamera2end": {"type": "ndarray", "data": [[0.9999978342814136, 0.0020101988027133376, -0.0005390113689668464, -0.016659499316128437], [0.000543092823138512, -0.0020303805246943973, 0.9999977913001163, 0.035118848256817874], [0.002009099964601336, -0.9999959183195195, -0.002031467852004365, 0.029494806631129737], [0.0, 0.0, 0.0, 1.0]]}, "Hobj2base": {"type": "ndarray", "data": [[0.9999972377742682, 0.00159236950186982, 0.0017288155492357323, -0.7312385229876851], [0.0015922610775645832, -0.999998730297728, 6.409050093981692e-05, 0.08720014970505822], [0.001728915409913758, -6.133759819804958e-05, -0.9999985035434824, -0.0027229905323957193], [0.0, 0.0, 0.0, 1.0]]}, "mean_rme": {"type": "float", "data": 0.0015017599045441421}, "max_rme": {"type": "float", "data": 0.004062637617961107}, "simu": {"type": "float", "data": 0.002}}, {"type": "dict", "image_number": {"type": "int", "data": 13}, "Hcamera2end": {"type": "ndarray", "data": [[0.9999973299132292, 0.0022596574191597885, -0.0004838540692577468, -0.016701191379900386], [0.0004880387659058114, -0.0018517323364333205, 0.9999981664510779, 0.035200377489342155], [0.0022587573077412033, -0.9999957325087455, -0.0018528301925655466, 0.029395817327599737], [0.0, 0.0, 0.0, 1.0]]}, "Hobj2base": {"type": "ndarray", "data": [[0.9999968171977696, 0.0018828754716035815, 0.0016793970016092908, -0.7314384847725001], [0.0018827440133785806, -0.9999982244475398, 7.985454454274758e-05, 0.08721754267403906], [0.001679544375915028, -7.669241573065928e-05, -0.9999985866234826, -0.0027802034933745103], [0.0, 0.0, 0.0, 1.0]]}, "mean_rme": {"type": "float", "data": 0.0014845880603701542}, "max_rme": {"type": "float", "data": 0.004051459733569462}, "simu": {"type": "float", "data": 0.002}}, {"type": "dict", "image_number": {"type": "int", "data": 14}, "Hcamera2end": {"type": "ndarray", "data": [[0.9999966494034791, 0.0025800422308580404, -0.00021110163976318774, -0.01656148473733416], [0.00021570632366096172, -0.00178458405109172, 0.9999983843639682, 0.03525572916297742], [0.002579661333829368, -0.9999950793088193, -0.00178513460309504, 0.029358253430915138], [0.0, 0.0, 0.0, 1.0]]}, "Hobj2base": {"type": "ndarray", "data": [[0.999996203861127, 0.002205931892035364, 0.0016510989743107904, -0.7316375026290124], [0.0022053140238540744, -0.9999974976251709, 0.0003759434175652195, 0.08731134601320785], [0.0016519241482166839, -0.0003723007987089794, -0.9999985662683344, -0.002673926309093117], [0.0, 0.0, 0.0, 1.0]]}, "mean_rme": {"type": "float", "data": 0.0015032499304027695}, "max_rme": {"type": "float", "data": 0.0039024125568242196}, "simu": {"type": "float", "data": 0.002}}, {"type": "dict", "image_number": {"type": "int", "data": 15}, "Hcamera2end": {"type": "ndarray", "data": [[0.9999961838208441, 0.0027612151909179707, 8.963491484114587e-05, -0.01642505791439333], [-8.471073775342605e-05, -0.001783402289891045, 0.9999984061489116, 0.03527538624096603], [0.002761370645064515, -0.9999945975688778, -0.0017831615795325106, 0.0293559610898223], [0.0, 0.0, 0.0, 1.0]]}, "Hobj2base": {"type": "ndarray", "data": [[0.9999958349073832, 0.0024098545782938736, 0.001588322636360487, -0.7317736108627497], [0.002408771220242086, -0.9999968652257725, 0.0006836372108110768, 0.08740346858272004], [0.0015899651235899872, -0.0006798084575438532, -0.9999985049345654, -0.002548437163044078], [0.0, 0.0, 0.0, 1.0]]}, "mean_rme": {"type": "float", "data": 0.0015111329985758105}, "max_rme": {"type": "float", "data": 0.0038952200657950686}, "simu": {"type": "float", "data": 0.002}}, {"type": "dict", "image_number": {"type": "int", "data": 16}, "Hcamera2end": {"type": "ndarray", "data": [[0.9999967853758114, 0.002344558431037594, 0.0009655484487020307, -0.01630943658222158], [-0.0009612665285096271, -0.00182676323874853, 0.9999978694490959, 0.03535179070011872], [0.002346317264247828, -0.9999955829811615, -0.0018245036208472953, 0.02946964931493158], [0.0, 0.0, 0.0, 1.0]]}, "Hobj2base": {"type": "ndarray", "data": [[0.9999965701466511, 0.002032607159486481, 0.0016517272986740876, -0.731680257162255], [0.0020300215721556587, -0.9999967140186643, 0.0015655555853538168, 0.08801221693640945], [0.0016549040306203765, -0.0015621971736801228, -0.9999974104129674, -0.002334914834379396], [0.0, 0.0, 0.0, 1.0]]}, "mean_rme": {"type": "float", "data": 0.0015061790563247442}, "max_rme": {"type": "float", "data": 0.004022841972178226}, "simu": {"type": "float", "data": 0.002}}, {"type": "dict", "image_number": {"type": "int", "data": 17}, "Hcamera2end": {"type": "ndarray", "data": [[0.9999934980535049, 0.00237474586107421, 0.00271374884802045, -0.016009878160582126], [-0.0027094446359301615, -0.0018138377340619627, 0.999994684437092, 0.035449214788158684], [0.002379655538024502, -0.999995535277418, -0.0018073916981511395, 0.029549003945434197], [0.0, 0.0, 0.0, 1.0]]}, "Hobj2base": {"type": "ndarray", "data": [[0.9999963371616749, 0.002076526109016069, 0.001736001887227452, -0.7317294638197576], [0.0020707361508735984, -0.9999923102253556, 0.003330396665419612, 0.08891170674518212], [0.0017429041933932812, -0.003326789664849201, -0.999992947352879, -0.0019092917819453052], [0.0, 0.0, 0.0, 1.0]]}, "mean_rme": {"type": "float", "data": 0.0015159771458643269}, "max_rme": {"type": "float", "data": 0.004232540645698113}, "simu": {"type": "float", "data": 0.002}}, {"type": "dict", "image_number": {"type": "int", "data": 18}, "Hcamera2end": {"type": "ndarray", "data": [[0.9999944591466898, 0.0020097980881558764, 0.002653749717668235, -0.01589794232911195], [-0.002650213838728374, -0.0017599449515974808, 0.9999949394673838, 0.03539367125776735], [0.0020144583709255127, -0.9999964316463396, -0.001754608805294433, 0.029598794418161455], [0.0, 0.0, 0.0, 1.0]]}, "Hobj2base": {"type": "ndarray", "data": [[0.9999968699754505, 0.00176268297296955, 0.0017756655199620314, -0.7316399286541473], [0.0017566342831539683, -0.9999926694220742, 0.0034022548566746244, 0.08890245704419536], [0.00178164960001313, -0.0033991250126056195, -0.9999926358098103, -0.0018624024024835966], [0.0, 0.0, 0.0, 1.0]]}, "mean_rme": {"type": "float", "data": 0.0015189947045896246}, "max_rme": {"type": "float", "data": 0.0042342697665057605}, "simu": {"type": "float", "data": 0.002}}, {"type": "dict", "image_number": {"type": "int", "data": 19}, "Hcamera2end": {"type": "ndarray", "data": [[0.9999951162167214, 0.0015882000654407148, 0.0026916840932808585, -0.01590735463345576], [-0.0026892136635173402, -0.001555580846783755, 0.9999951741374059, 0.03518525835528194], [0.0015923795332265277, -0.9999975288913373, -0.0015513022403474963, 0.030827165127141697], [0.0, 0.0, 0.0, 1.0]]}, "Hobj2base": {"type": "ndarray", "data": [[0.9999979948504752, 0.0013420131345292365, 0.0014863699995805496, -0.7329463787673045], [0.0013368152580372696, -0.9999930075990799, 0.003492517417624566, 0.08888094433014454], [0.0014910466105326214, -0.0034905234125103975, -0.9999927964872106, -0.0016796880280468113], [0.0, 0.0, 0.0, 1.0]]}, "mean_rme": {"type": "float", "data": 0.0015326998690653661}, "max_rme": {"type": "float", "data": 0.004156713583552019}, "simu": {"type": "float", "data": 0.002}}, {"type": "dict", "image_number": {"type": "int", "data": 20}, "Hcamera2end": {"type": "ndarray", "data": [[0.9999967460083615, 0.0013004557323465127, 0.002194718108711937, -0.015941339942662815], [-0.002192652859844647, -0.0015873994838335737, 0.9999963362114457, 0.03492114074954488], [0.0013039348621446153, -0.9999978944866668, -0.0015845428704683862, 0.03136006360368795], [0.0, 0.0, 0.0, 1.0]]}, "Hobj2base": {"type": "ndarray", "data": [[0.9999982312712086, 0.0009891686134543996, 0.0015996874408793476, -0.7334147018391871], [0.0009842889981468593, -0.9999948695952785, 0.0030482713609510546, 0.08871980425326302], [0.0016026944881908927, -0.0030466914146372037, -0.9999940745033449, -0.001537131344935136], [0.0, 0.0, 0.0, 1.0]]}, "mean_rme": {"type": "float", "data": 0.0014860336392097924}, "max_rme": {"type": "float", "data": 0.004143144942817756}, "simu": {"type": "float", "data": 0.002}}, {"type": "dict", "image_number": {"type": "int", "data": 21}, "Hcamera2end": {"type": "ndarray", "data": [[0.9999976167596633, 0.0008879150183690302, 0.001994512951541176, -0.015990167040074676], [-0.001992873453136491, -0.0018435299847971987, 0.9999963149195076, 0.03516143567427885], [0.0008915886907619494, -0.9999979064998662, -0.001841756088953428, 0.031901569541461006], [0.0, 0.0, 0.0, 1.0]]}, "Hobj2base": {"type": "ndarray", "data": [[0.9999983108251064, 0.0005433331648156694, 0.001755886102780675, -0.7337994858805074], [0.0005382035076912587, -0.9999955903240705, 0.002920559774898589, 0.08875143707649474], [0.001757465196877521, -0.002919609817502719, -0.9999941935804406, -0.001859651405923141], [0.0, 0.0, 0.0, 1.0]]}, "mean_rme": {"type": "float", "data": 0.0014550926711141415}, "max_rme": {"type": "float", "data": 0.004201901266017327}, "simu": {"type": "float", "data": 0.002}}, {"type": "dict", "image_number": {"type": "int", "data": 22}, "Hcamera2end": {"type": "ndarray", "data": [[0.9999957564070504, 0.0022283573341826844, 0.001876590387441908, -0.01619158160661698], [-0.0018691025278163437, -0.003357601285960854, 0.9999926164574143, 0.037927133366441435], [0.0022346417233095072, -0.9999918804356344, -0.0033534220093414113, 0.0314249484302483], [0.0, 0.0, 0.0, 1.0]]}, "Hobj2base": {"type": "ndarray", "data": [[0.9999967776246683, 0.0018254212011206321, 0.001764249902417305, -0.7331210491530992], [0.0018210028539591755, -0.9999952100910419, 0.0025027472064576227, 0.0884980837182986], [0.0017688100196326057, -0.0024995264375593644, -0.999995311828362, -0.004706151203452585], [0.0, 0.0, 0.0, 1.0]]}, "mean_rme": {"type": "float", "data": 0.0015564407376958724}, "max_rme": {"type": "float", "data": 0.006528082201620322}, "simu": {"type": "float", "data": 0.002}}, {"type": "dict", "image_number": {"type": "int", "data": 23}, "Hcamera2end": {"type": "ndarray", "data": [[0.9999964078418931, 0.002073155341658441, 0.0016989203158231645, -0.016180304016146334], [-0.00169179384305026, -0.003434426188755779, 0.9999926712483179, 0.03773529032655737], [0.0020789749644430163, -0.9999919533394671, -0.0034309065003110817, 0.03116723243839669], [0.0, 0.0, 0.0, 1.0]]}, "Hobj2base": {"type": "ndarray", "data": [[0.9999970273139142, 0.0016626747905075937, 0.0017835010164649451, -0.7328591758132367], [0.0016585014033167539, -0.9999958893829748, 0.0023389292952868223, 0.08846423173009733], [0.0017873825639513554, -0.0023359644034456266, -0.9999956742575817, -0.004516501955526661], [0.0, 0.0, 0.0, 1.0]]}, "mean_rme": {"type": "float", "data": 0.001521572276119338}, "max_rme": {"type": "float", "data": 0.00662491400613302}, "simu": {"type": "float", "data": 0.002}}, {"type": "dict", "image_number": {"type": "int", "data": 24}, "Hcamera2end": {"type": "ndarray", "data": [[0.999996689915565, 0.0013750190858747959, 0.0021747368638237517, -0.01622550479145991], [-0.0021703250002237185, -0.0032019753735927914, 0.9999925184935635, 0.03734192677619468], [0.0013819722525426632, -0.9999939283196774, -0.00319898053648604, 0.0323999398691179], [0.0, 0.0, 0.0, 1.0]]}, "Hobj2base": {"type": "ndarray", "data": [[0.9999984615819998, 0.0009367885351883779, 0.0014829905171969307, -0.7341552880751347], [0.0009325015544854575, -0.9999953925568199, 0.002888824325220394, 0.08871836031355769], [0.0014856899019104262, -0.0028874369900384793, -0.9999947277026731, -0.004074583324574323], [0.0, 0.0, 0.0, 1.0]]}, "mean_rme": {"type": "float", "data": 0.0015124249020820883}, "max_rme": {"type": "float", "data": 0.006284311225768668}, "simu": {"type": "float", "data": 0.002}}, {"type": "dict", "image_number": {"type": "int", "data": 25}, "Hcamera2end": {"type": "ndarray", "data": [[0.9999972210452382, 0.0015040112693176658, 0.0018154481272126734, -0.01624589768626979], [-0.0018110314071299195, -0.0029328024965398214, 0.9999940593997341, 0.036537154282365876], [0.001509326685387747, -0.9999945682950575, -0.0029300705347690137, 0.033422010213007426], [0.0, 0.0, 0.0, 1.0]]}, "Hobj2base": {"type": "ndarray", "data": [[0.9999985653522153, 0.0010609081121670883, 0.001320517886570577, -0.7353551260146929], [0.0010575577865019536, -0.9999962270378371, 0.002535247841738084, 0.08841333176093054], [0.0013232025693082092, -0.0025338476805772266, -0.9999959143671, -0.0033698146005975583], [0.0, 0.0, 0.0, 1.0]]}, "mean_rme": {"type": "float", "data": 0.0015546781607870593}, "max_rme": {"type": "float", "data": 0.0060170558655826545}, "simu": {"type": "float", "data": 0.002}}, {"type": "dict", "image_number": {"type": "int", "data": 26}, "Hcamera2end": {"type": "ndarray", "data": [[0.9999969621514261, 0.0014869048842549681, 0.001965909912618252, -0.01616910444733697], [-0.0019614663211156994, -0.0029840614100775653, 0.9999936239933591, 0.03637691467239048], [0.0014927617996454852, -0.9999944422302385, -0.0029811358310976033, 0.03319529289969703], [0.0, 0.0, 0.0, 1.0]]}, "Hobj2base": {"type": "ndarray", "data": [[0.9999985644631141, 0.0010486997547589701, 0.001330902150981523, -0.7351394871547712], [0.0010451099719285268, -0.9999958221073917, 0.0026950905194339098, 0.08843536391750491], [0.0013337229313820477, -0.0026936957114224065, -0.9999954825830746, -0.0031695483552111646], [0.0, 0.0, 0.0, 1.0]]}, "mean_rme": {"type": "float", "data": 0.0015636904574208071}, "max_rme": {"type": "float", "data": 0.006081676793711466}, "simu": {"type": "float", "data": 0.002}}, {"type": "dict", "image_number": {"type": "int", "data": 27}, "Hcamera2end": {"type": "ndarray", "data": [[0.9999955581883626, 0.0019224516363047584, 0.0022776705756431155, -0.01620627250211721], [-0.0022718492211774534, -0.003024860268321383, 0.9999928444351356, 0.036370060379711924], [0.0019293275153059635, -0.9999935771794053, -0.0030204793122090567, 0.03307526517057448], [0.0, 0.0, 0.0, 1.0]]}, "Hobj2base": {"type": "ndarray", "data": [[0.9999979867875503, 0.0015046473523914717, 0.0013275756820025663, -0.73508574259868], [0.0015007572827056336, -0.999994592080568, 0.0029263521997990906, 0.08849144637120264], [0.0013319716306698303, -0.002924353939557301, -0.9999948369894776, -0.0031093706351044423], [0.0, 0.0, 0.0, 1.0]]}, "mean_rme": {"type": "float", "data": 0.0015260979300638462}, "max_rme": {"type": "float", "data": 0.006071626620854975}, "simu": {"type": "float", "data": 0.002}}, {"type": "dict", "image_number": {"type": "int", "data": 28}, "Hcamera2end": {"type": "ndarray", "data": [[0.9999963841644912, 0.0017126510610918583, 0.0020732786320934163, -0.01618040171775479], [-0.0020679672171971856, -0.0030972535854902894, 0.9999930652418625, 0.03635973890166982], [0.001719060653947947, -0.999993736903672, -0.0030937006800819677, 0.033437506901079335], [0.0, 0.0, 0.0, 1.0]]}, "Hobj2base": {"type": "ndarray", "data": [[0.99999846721554, 0.001335499011845266, 0.0011322583451006867, -0.7355052119375873], [0.0013323836226262157, -0.9999953372004626, 0.002747786602986423, 0.08839289598581733], [0.0011359227319000487, -0.0027462737887462246, -0.9999955838201611, -0.003110339436110774], [0.0, 0.0, 0.0, 1.0]]}, "mean_rme": {"type": "float", "data": 0.0015464737910551468}, "max_rme": {"type": "float", "data": 0.005936529405062729}, "simu": {"type": "float", "data": 0.002}}, {"type": "dict", "image_number": {"type": "int", "data": 29}, "Hcamera2end": {"type": "ndarray", "data": [[0.9999964056314914, 0.0016946805518658116, 0.0020776866763210335, -0.016191099499753524], [-0.0020725407314765537, -0.003032652831368887, 0.9999932537731046, 0.03637473038265099], [0.0017009700215479357, -0.9999939655191082, -0.003029129636426431, 0.03354984603013561], [0.0, 0.0, 0.0, 1.0]]}, "Hobj2base": {"type": "ndarray", "data": [[0.9999984494283658, 0.001341486764817072, 0.0011408567499464207, -0.7356118956932826], [0.0013383358568874138, -0.9999953006614462, 0.0027581718870042576, 0.08840003043434708], [0.001144551439755818, -0.002756640760765142, -0.9999955454569376, -0.003131094903759059], [0.0, 0.0, 0.0, 1.0]]}, "mean_rme": {"type": "float", "data": 0.001514168910759995}, "max_rme": {"type": "float", "data": 0.0059212736461421445}, "simu": {"type": "float", "data": 0.002}}, {"type": "dict", "image_number": {"type": "int", "data": 30}, "Hcamera2end": {"type": "ndarray", "data": [[0.999997829583546, 0.0008241076994850684, 0.0019135502860028915, -0.01621941445846164], [-0.0019109678366635214, -0.0031231000452125457, 0.9999932972015537, 0.03694527645385286], [0.0008300783846419926, -0.9999947835326979, -0.0031215184234771876, 0.03373795430357124], [0.0, 0.0, 0.0, 1.0]]}, "Hobj2base": {"type": "ndarray", "data": [[0.9999993045264374, 0.0005000983571714923, 0.001068104992342153, -0.7356478044069961], [0.0004973531487425041, -0.9999965767206813, 0.0025688882350172544, 0.08851368437577097], [0.0010693860327065116, -0.002568355223042273, -0.9999961299749922, -0.003721624803438574], [0.0, 0.0, 0.0, 1.0]]}, "mean_rme": {"type": "float", "data": 0.0015228315300867185}, "max_rme": {"type": "float", "data": 0.005871762989982876}, "simu": {"type": "float", "data": 0.002}}]}