{"type": "list", "data": [{"type": "dict", "image_number": {"type": "int", "data": 5}, "Hcamera2end": {"type": "ndarray", "data": [[0.9999941361568034, 0.0034208432421246318, 0.0001596355890242675, -0.01216074556684925], [-0.00016086158298274952, 0.0003581172554677492, 0.9999999229377882, 0.03218784937610523], [0.0034207858102478688, -0.9999940847742771, 0.00035866543778328985, 0.035896156058432424], [0.0, 0.0, 0.0, 1.0]]}, "Hobj2base": {"type": "ndarray", "data": [[0.9999936730271193, 0.0035446778960324518, -0.0002986039922255858, -0.7389651934672482], [0.0035442658832279044, -0.9999927816994798, -0.001369207174103056, 0.0929177578511092], [-0.00030345523521736555, 0.0013681401792241567, -0.999999018053203, 0.003082059720242203], [0.0, 0.0, 0.0, 1.0]]}, "mean_rme": {"type": "float", "data": 0.0007125285982347474}, "max_rme": {"type": "float", "data": 0.002241960997311221}, "simu": {"type": "float", "data": 0.002}}, {"type": "dict", "image_number": {"type": "int", "data": 6}, "Hcamera2end": {"type": "ndarray", "data": [[0.999994773054716, 0.0032211020315073007, 0.0002799374033518275, -0.012273657166869333], [-0.00027916214423280745, -0.00024112841832257814, 0.9999999319627892, 0.03197907789852187], [0.0032211693132158025, -0.9999947831657865, -0.0002402279482076608, 0.036164696507195226], [0.0, 0.0, 0.0, 1.0]]}, "Hobj2base": {"type": "ndarray", "data": [[0.9999931375996799, 0.0036636037545438324, 0.0005502372918666892, -0.7382005022946965], [0.0036643520316355207, -0.999992354453678, -0.0013651221108541974, 0.09308474400339978], [0.00054523181851125, 0.00136712900597812, -0.9999989168396857, 0.0030362345396691046], [0.0, 0.0, 0.0, 1.0]]}, "mean_rme": {"type": "float", "data": 0.0009941439872981851}, "max_rme": {"type": "float", "data": 0.003933723241487774}, "simu": {"type": "float", "data": 0.002}}, {"type": "dict", "image_number": {"type": "int", "data": 7}, "Hcamera2end": {"type": "ndarray", "data": [[0.9999943523306442, 0.0032351395973221836, -0.0009105924452604735, -0.011520630259528847], [0.0009098948019497415, 0.00021711078286712482, 0.999999562477083, 0.032153957805102586], [0.0032353358813131334, -0.9999947433535308, 0.00021416591999412482, 0.03589782610398554], [0.0, 0.0, 0.0, 1.0]]}, "Hobj2base": {"type": "ndarray", "data": [[0.9999938608810182, 0.00350181262809462, -0.00012453350025735583, -0.7384427909633027], [0.0035016403636462293, -0.9999929477051872, -0.0013575914901090404, 0.09272580830121939], [-0.0001292866530342556, 0.0013571470841622264, -0.9999990707179447, 0.002618088483113084], [0.0, 0.0, 0.0, 1.0]]}, "mean_rme": {"type": "float", "data": 0.0012743102042101341}, "max_rme": {"type": "float", "data": 0.004301976610748437}, "simu": {"type": "float", "data": 0.002}}, {"type": "dict", "image_number": {"type": "int", "data": 8}, "Hcamera2end": {"type": "ndarray", "data": [[0.9999938265200874, 0.0033389843021545337, -0.0010945800762670306, -0.01158548338251239], [0.0010931917802534015, 0.0004175806780714053, 0.99999931527882, 0.032394763293031724], [0.0033394390913717136, -0.9999943383890768, 0.00041392794995187554, 0.03607585216408951], [0.0, 0.0, 0.0, 1.0]]}, "Hobj2base": {"type": "ndarray", "data": [[0.9999933178598575, 0.0036413719560819645, -0.000323490203323, -0.7386686712461819], [0.003640881866702649, -0.999992242617767, -0.0015028917199974964, 0.09229203004822291], [-0.00032896028164807085, 0.0015017038878490697, -0.9999988183345851, 0.0027317465156923085], [0.0, 0.0, 0.0, 1.0]]}, "mean_rme": {"type": "float", "data": 0.0012910361062594608}, "max_rme": {"type": "float", "data": 0.00426813270976667}, "simu": {"type": "float", "data": 0.002}}, {"type": "dict", "image_number": {"type": "int", "data": 9}, "Hcamera2end": {"type": "ndarray", "data": [[0.9999934379115663, 0.003433385506677846, -0.0011558536971132073, -0.01148588940818152], [0.0011556012616691308, 7.550667826605739e-05, 0.9999993294420078, 0.03230490524448856], [0.003433470479066985, -0.999994103063965, 7.153855816122157e-05, 0.0361866196064586], [0.0, 0.0, 0.0, 1.0]]}, "Hobj2base": {"type": "ndarray", "data": [[0.9999932456230819, 0.0036745656796668873, -7.921666705978752e-05, -0.7383847776882245], [0.0036744512578965795, -0.999992270341463, -0.0013991659231231562, 0.09244012642704284], [-8.435738182326847e-05, 0.0013988653948472163, -0.999999018029238, 0.002670382628569945], [0.0, 0.0, 0.0, 1.0]]}, "mean_rme": {"type": "float", "data": 0.0012966514381111262}, "max_rme": {"type": "float", "data": 0.004025899002458977}, "simu": {"type": "float", "data": 0.002}}, {"type": "dict", "image_number": {"type": "int", "data": 10}, "Hcamera2end": {"type": "ndarray", "data": [[0.9999919688815239, 0.0037330666887583387, -0.0014582131362301538, -0.011485042402660434], [0.0014566315014723794, 0.0004263662362335996, 0.9999988482175876, 0.032426378240086866], [0.0037336841219243024, -0.9999929411875516, 0.00042092510949987005, 0.03636651282371873], [0.0, 0.0, 0.0, 1.0]]}, "Hobj2base": {"type": "ndarray", "data": [[0.9999921405302398, 0.00394238755061357, -0.0004200692203643658, -0.7385813946842431], [0.003941830198307856, -0.99999136043766, -0.001319478959838107, 0.09222699931872602], [-0.00042526748857471167, 0.001317812747894911, -0.9999990412581026, 0.002799224248718951], [0.0, 0.0, 0.0, 1.0]]}, "mean_rme": {"type": "float", "data": 0.001267716598228725}, "max_rme": {"type": "float", "data": 0.004018630723000072}, "simu": {"type": "float", "data": 0.002}}, {"type": "dict", "image_number": {"type": "int", "data": 11}, "Hcamera2end": {"type": "ndarray", "data": [[0.9999922741088696, 0.0038124332491856067, -0.000957640481565596, -0.011332416671301568], [0.0009560898772084981, 0.0004085247653191626, 0.9999994594996854, 0.032242611053262725], [0.003812822408417227, -0.9999926492031012, 0.000404876580264224, 0.03629864643593231], [0.0, 0.0, 0.0, 1.0]]}, "Hobj2base": {"type": "ndarray", "data": [[0.9999918502656139, 0.004013065555270698, -0.00044125639170773537, -0.7384094861194338], [0.004012628116143452, -0.9999914614917267, -0.000987805265436347, 0.09263934230368892], [-0.0004452167513224217, 0.0009860266172820138, -0.999999414766606, 0.0026893052700212128], [0.0, 0.0, 0.0, 1.0]]}, "mean_rme": {"type": "float", "data": 0.0012887710232130406}, "max_rme": {"type": "float", "data": 0.00382994934287173}, "simu": {"type": "float", "data": 0.002}}, {"type": "dict", "image_number": {"type": "int", "data": 12}, "Hcamera2end": {"type": "ndarray", "data": [[0.999991268904943, 0.004079339953293864, -0.0009061453676210997, -0.011238644848533284], [0.0009047572893164794, 0.00034210287411040596, 0.999999532189826, 0.03221809259932671], [0.004079648039871756, -0.9999916209404801, 0.0003384090746193502, 0.03637337245309973], [0.0, 0.0, 0.0, 1.0]]}, "Hobj2base": {"type": "ndarray", "data": [[0.9999906871247835, 0.004313646998274728, -0.00013458557780971598, -0.7381002695825528], [0.004313527303330898, -0.9999903118464275, -0.0008773229100196737, 0.09257590384285512], [-0.00013836873526129351, 0.0008767342010563712, -0.9999996060955394, 0.002582229106398696], [0.0, 0.0, 0.0, 1.0]]}, "mean_rme": {"type": "float", "data": 0.0013774646950312126}, "max_rme": {"type": "float", "data": 0.003923517935812859}, "simu": {"type": "float", "data": 0.002}}, {"type": "dict", "image_number": {"type": "int", "data": 13}, "Hcamera2end": {"type": "ndarray", "data": [[0.9999945505735213, 0.0032903615236256787, -0.0002689689666471643, -0.01105822513248456], [0.00026662414930149546, 0.0007130500219757474, 0.9999997102355727, 0.0322515782651747], [0.0032905523585235346, -0.9999943325242948, 0.0007121688464198916, 0.0361772460142339], [0.0, 0.0, 0.0, 1.0]]}, "Hobj2base": {"type": "ndarray", "data": [[0.9999936985341491, 0.0035400656354662137, -0.00026613397001681475, -0.7382672282312494], [0.0035399343485520967, -0.99999361329418, -0.000492174417734052, 0.09294715676803335], [-0.00026787460004031553, 0.0004912292195319869, -0.9999998434685138, 0.002393645535893449], [0.0, 0.0, 0.0, 1.0]]}, "mean_rme": {"type": "float", "data": 0.0014532233708167662}, "max_rme": {"type": "float", "data": 0.004181936621816096}, "simu": {"type": "float", "data": 0.002}}, {"type": "dict", "image_number": {"type": "int", "data": 14}, "Hcamera2end": {"type": "ndarray", "data": [[0.9999943451409248, 0.003362123693581933, 7.622625588428987e-05, -0.011056698408670861], [-7.82546105048197e-05, 0.0006031682311434805, 0.9999998150321333, 0.032234319936223714], [0.003362077094441158, -0.9999941661391599, 0.0006034279219923055, 0.03613573562561359], [0.0, 0.0, 0.0, 1.0]]}, "Hobj2base": {"type": "ndarray", "data": [[0.9999933739417163, 0.003620862467668686, -0.0003760686812058735, -0.7382568175199112], [0.003620740307351334, -0.9999933922823747, -0.0003250095608127261, 0.09302046159387893], [-0.0003772430111706008, 0.0003236457602480588, -0.9999998764705582, 0.0023725036345161243], [0.0, 0.0, 0.0, 1.0]]}, "mean_rme": {"type": "float", "data": 0.0014005027493548992}, "max_rme": {"type": "float", "data": 0.004250912145800534}, "simu": {"type": "float", "data": 0.002}}, {"type": "dict", "image_number": {"type": "int", "data": 15}, "Hcamera2end": {"type": "ndarray", "data": [[0.9999931882523339, 0.0033662830096464307, 0.0015137990723483174, -0.01094243497219459], [-0.0015162659667848485, 0.0007303931236559702, 0.9999985837306986, 0.03214160741404381], [0.0033651725736501045, -0.9999940673146936, 0.0007354923287643533, 0.03603627542552627], [0.0, 0.0, 0.0, 1.0]]}, "Hobj2base": {"type": "ndarray", "data": [[0.9999935764481458, 0.00355167016223265, -0.0004823914438996118, -0.7382124663888738], [0.0035522166023689425, -0.9999930448336143, 0.0011366800813121978, 0.09387445258072444], [-0.00047835097605805567, -0.0011383863386846148, -0.9999992376281535, 0.002266211095031797], [0.0, 0.0, 0.0, 1.0]]}, "mean_rme": {"type": "float", "data": 0.0014081935468140336}, "max_rme": {"type": "float", "data": 0.0042679586615571585}, "simu": {"type": "float", "data": 0.002}}, {"type": "dict", "image_number": {"type": "int", "data": 16}, "Hcamera2end": {"type": "ndarray", "data": [[0.999994527532167, 0.0031508934186414463, 0.0010083533024048007, -0.011082754403118945], [-0.0010107261707373797, 0.0007515763610476123, 0.9999992067824761, 0.032148478472131946], [0.0031501330647918987, -0.999994753488056, 0.0007547569385095709, 0.03599988347568819], [0.0, 0.0, 0.0, 1.0]]}, "Hobj2base": {"type": "ndarray", "data": [[0.9999941715798844, 0.003384241623438449, -0.00045134786469646363, -0.7382039529866119], [0.0033845296972091054, -0.9999940682865818, 0.0006390229880184824, 0.09361870604364039], [-0.0004491825792358923, -0.0006405468637758817, -0.9999996939673157, 0.0023202017092118117], [0.0, 0.0, 0.0, 1.0]]}, "mean_rme": {"type": "float", "data": 0.0013684191252441584}, "max_rme": {"type": "float", "data": 0.004290627595982144}, "simu": {"type": "float", "data": 0.002}}, {"type": "dict", "image_number": {"type": "int", "data": 17}, "Hcamera2end": {"type": "ndarray", "data": [[0.9999950692535448, 0.0028234597830589835, 0.0013746066534235908, -0.011060767044495684], [-0.0013769637959719137, 0.0008330677281992438, 0.999998704983594, 0.03217048660076585], [0.002822310986190307, -0.9999956670271196, 0.0008369514224542129, 0.035944129983841624], [0.0, 0.0, 0.0, 1.0]]}, "Hobj2base": {"type": "ndarray", "data": [[0.9999953114026944, 0.0030225994013421925, -0.0004909842026172617, -0.7381960190838535], [0.003022870010245721, -0.9999952791227011, 0.0005513521673368996, 0.09358175798009291], [-0.0004893153680101643, -0.0005528337636902095, -0.9999997274726131, 0.002222546175786358], [0.0, 0.0, 0.0, 1.0]]}, "mean_rme": {"type": "float", "data": 0.0014088694033997293}, "max_rme": {"type": "float", "data": 0.0045027937867368195}, "simu": {"type": "float", "data": 0.002}}, {"type": "dict", "image_number": {"type": "int", "data": 18}, "Hcamera2end": {"type": "ndarray", "data": [[0.9999963890059281, 0.002631719984939547, 0.0005440818185001692, -0.010878297724679725], [-0.0005460249379900769, 0.0007376837026279448, 0.9999995788396724, 0.032036354516957584], [0.0026313175162730918, -0.9999962649293627, 0.000739118023598051, 0.035905446594148516], [0.0, 0.0, 0.0, 1.0]]}, "Hobj2base": {"type": "ndarray", "data": [[0.9999959491694381, 0.002795634651411555, -0.0005348566260190765, -0.7380533959566586], [0.002795637582932781, -0.9999960921864142, 4.733392114572234e-06, 0.09350368456858653], [-0.0005348413030640727, -6.228638225582349e-06, -0.9999998569529818, 0.002130274473011818], [0.0, 0.0, 0.0, 1.0]]}, "mean_rme": {"type": "float", "data": 0.0014457114443391177}, "max_rme": {"type": "float", "data": 0.004528415944759612}, "simu": {"type": "float", "data": 0.002}}, {"type": "dict", "image_number": {"type": "int", "data": 19}, "Hcamera2end": {"type": "ndarray", "data": [[0.99999685615452, 0.0024941346137158397, 0.00025879259046719303, -0.010769937202489125], [-0.0002606959194320713, 0.0007628270973002449, 0.9999996750661756, 0.032014051694241014], [0.002493936389286553, -0.9999965986878895, 0.0007634749098059945, 0.0359186637685485], [0.0, 0.0, 0.0, 1.0]]}, "Hobj2base": {"type": "ndarray", "data": [[0.9999963442376855, 0.002665969244050346, -0.00045179558909752435, -0.737993909286066], [0.0026658435427221873, -0.999996407823587, -0.00027860030004883874, 0.09343411322900194], [-0.00045253670599937926, 0.000277394865198535, -0.9999998591312989, 0.00207000042864726], [0.0, 0.0, 0.0, 1.0]]}, "mean_rme": {"type": "float", "data": 0.0014474442833838416}, "max_rme": {"type": "float", "data": 0.004440003500487649}, "simu": {"type": "float", "data": 0.002}}, {"type": "dict", "image_number": {"type": "int", "data": 20}, "Hcamera2end": {"type": "ndarray", "data": [[0.9999985212140833, 0.0017165226424561706, -0.00010544981993285, -0.010679912882324644], [0.0001041557579019892, 0.0007539577278726783, 0.9999997103496193, 0.03164363022841812], [0.0017166016499713752, -0.9999982425473369, 0.000753777827213753, 0.036194618188082124], [0.0, 0.0, 0.0, 1.0]]}, "Hobj2base": {"type": "ndarray", "data": [[0.9999980805055075, 0.0018625102024387608, -0.0006083099918755785, -0.7383611133374846], [0.0018622118543492534, -0.9999981457117302, -0.000490652739673933, 0.0934637420495483], [-0.0006092227096269933, 0.0004895189957907117, -0.9999996946093748, 0.002444706213334644], [0.0, 0.0, 0.0, 1.0]]}, "mean_rme": {"type": "float", "data": 0.0014318407247210399}, "max_rme": {"type": "float", "data": 0.004369871583057822}, "simu": {"type": "float", "data": 0.002}}, {"type": "dict", "image_number": {"type": "int", "data": 21}, "Hcamera2end": {"type": "ndarray", "data": [[0.9999995906551543, 0.0008949911841425878, 0.00013296730442330119, -0.010688381924673954], [-0.0001336380871269119, 0.0007494671933292452, 0.999999710219852, 0.03252491318067159], [0.0008948912701594593, -0.9999993186446211, 0.0007495864914485173, 0.03381326443349283], [0.0, 0.0, 0.0, 1.0]]}, "Hobj2base": {"type": "ndarray", "data": [[0.9999991748812844, 0.0010387708840885583, -0.0007557723206356653, -0.7359217788605508], [0.001038688633816433, -0.9999994545989856, -0.0001092137997233989, 0.09365099020139245], [-0.0007558853565519679, 0.00010842869748985142, -0.9999997084402306, 0.0017808025641990386], [0.0, 0.0, 0.0, 1.0]]}, "mean_rme": {"type": "float", "data": 0.0014757349103052683}, "max_rme": {"type": "float", "data": 0.004996579330494411}, "simu": {"type": "float", "data": 0.002}}, {"type": "dict", "image_number": {"type": "int", "data": 22}, "Hcamera2end": {"type": "ndarray", "data": [[0.9999997656052341, 0.0006834382499619294, -4.125088430881346e-05, -0.010508950466015564], [4.1093955298567594e-05, 0.00022962940698656453, 0.9999999727908109, 0.032581336980452465], [0.0006834477037822302, -0.9999997400912133, 0.0002296012679817716, 0.03544336526759127], [0.0, 0.0, 0.0, 1.0]]}, "Hobj2base": {"type": "ndarray", "data": [[0.999999597764436, 0.0008561195029852829, -0.0002674516084105048, -0.737331462241437], [0.0008560616963284544, -0.9999996102125361, -0.0002161785116231029, 0.09364460238219595], [-0.0002676365788011474, 0.00021594946959083567, -0.999999940868243, 0.0015105988606696082], [0.0, 0.0, 0.0, 1.0]]}, "mean_rme": {"type": "float", "data": 0.001517476818101559}, "max_rme": {"type": "float", "data": 0.005568697790919563}, "simu": {"type": "float", "data": 0.002}}, {"type": "dict", "image_number": {"type": "int", "data": 23}, "Hcamera2end": {"type": "ndarray", "data": [[0.9999997772050889, 0.0006279423778067536, -0.00022644677652481132, -0.010582021764886047], [0.0002262118133374859, 0.0003742253179667143, 0.999999904391809, 0.03200556470701973], [0.0006280270598872663, -0.9999997328218552, 0.0003740831866072547, 0.03618042847470013], [0.0, 0.0, 0.0, 1.0]]}, "Hobj2base": {"type": "ndarray", "data": [[0.999999599562381, 0.0007619287640918446, -0.00046940348947364507, -0.7382110402064543], [0.0007617511998561215, -0.9999996382972649, -0.0003783390661221091, 0.09373168845335825], [-0.0004696915871061771, 0.00037798134594959113, -0.999999818259941, 0.0020663487055819943], [0.0, 0.0, 0.0, 1.0]]}, "mean_rme": {"type": "float", "data": 0.0015896908181419003}, "max_rme": {"type": "float", "data": 0.0057880889863137774}, "simu": {"type": "float", "data": 0.002}}, {"type": "dict", "image_number": {"type": "int", "data": 24}, "Hcamera2end": {"type": "ndarray", "data": [[0.9999996549207903, 0.00067865467015136, -0.0004791514780974103, -0.010688766225543201], [0.0004789293306683458, 0.00032745970142988856, 0.999999831698406, 0.03138698166228521], [0.0006788114587326546, -0.9999997160989511, 0.0003271345608034659, 0.03537886367045051], [0.0, 0.0, 0.0, 1.0]]}, "Hobj2base": {"type": "ndarray", "data": [[0.9999995416449605, 0.0008059928326528914, -0.0005168030790057958, -0.7375067401813338], [0.0008056516993479821, -0.9999994576938709, -0.0006599525011124593, 0.093607847909016], [-0.0005173347157261064, 0.0006595358353410752, -0.9999996486885752, 0.0027415648183004293], [0.0, 0.0, 0.0, 1.0]]}, "mean_rme": {"type": "float", "data": 0.0016405176646976073}, "max_rme": {"type": "float", "data": 0.005503392012573327}, "simu": {"type": "float", "data": 0.002}}, {"type": "dict", "image_number": {"type": "int", "data": 25}, "Hcamera2end": {"type": "ndarray", "data": [[0.9999995076840023, 0.000725851762787692, -0.000676587741282535, -0.010656120254241262], [0.0006765082954964528, 0.00010969174535024884, 0.9999997651520961, 0.03258940645428935], [0.0007259258084131506, -0.9999997305534335, 0.00010920064660835394, 0.035107578726334486], [0.0, 0.0, 0.0, 1.0]]}, "Hobj2base": {"type": "ndarray", "data": [[0.9999995744026595, 0.000847843588228687, -0.0003638072976652958, -0.7370255887098742], [0.0008475667205035665, -0.9999993516281367, -0.0007605090142803516, 0.0934673169107298], [-0.00036445185447442797, 0.0007602003396515603, -0.9999996446350816, 0.001543767623369292], [0.0, 0.0, 0.0, 1.0]]}, "mean_rme": {"type": "float", "data": 0.0016789796120170407}, "max_rme": {"type": "float", "data": 0.005441028431461159}, "simu": {"type": "float", "data": 0.002}}, {"type": "dict", "image_number": {"type": "int", "data": 26}, "Hcamera2end": {"type": "ndarray", "data": [[0.9999990721276011, 0.000740971222789148, -0.0011431122359211083, -0.010695494202639102], [0.0011431314390710227, -2.5493192700398737e-05, 0.9999993463000916, 0.03298634906093276], [0.000740941596835819, -0.9999997251558344, -2.6340196546126293e-05, 0.03438320632786686], [0.0, 0.0, 0.0, 1.0]]}, "Hobj2base": {"type": "ndarray", "data": [[0.9999995868839087, 0.0008772739198998832, -0.00023795478862117858, -0.7362005169983425], [0.0008769936505648763, -0.9999989246765648, -0.0011753841291086962, 0.09321235024597839], [-0.00023898566658514916, 0.0011751749586998567, -0.9999992809245752, 0.001170018641440701], [0.0, 0.0, 0.0, 1.0]]}, "mean_rme": {"type": "float", "data": 0.0016796260712612203}, "max_rme": {"type": "float", "data": 0.005239218528306999}, "simu": {"type": "float", "data": 0.002}}, {"type": "dict", "image_number": {"type": "int", "data": 27}, "Hcamera2end": {"type": "ndarray", "data": [[0.9999989545562691, 0.0007671029842515289, -0.0012257403397304462, -0.010684745653235952], [0.001225772313949892, -4.121302321435927e-05, 0.9999992478915777, 0.03333394132534346], [0.0007670518908418375, -0.9999997049272057, -4.215327372847355e-05, 0.03452528845136784], [0.0, 0.0, 0.0, 1.0]]}, "Hobj2base": {"type": "ndarray", "data": [[0.9999995866561434, 0.0008753152499564953, -0.00024598934038791854, -0.7363010948855805], [0.0008750203503880141, -0.9999989014920201, -0.0011963921343762446, 0.09316366840267618], [-0.0002470362904468127, 0.0011961763941760878, -0.9999992540672742, 0.0008232483461058916], [0.0, 0.0, 0.0, 1.0]]}, "mean_rme": {"type": "float", "data": 0.0016507927084845233}, "max_rme": {"type": "float", "data": 0.005286090035846569}, "simu": {"type": "float", "data": 0.002}}, {"type": "dict", "image_number": {"type": "int", "data": 28}, "Hcamera2end": {"type": "ndarray", "data": [[0.9999985783687788, 0.0011126186615725137, -0.0012670201794983198, -0.01068207801695983], [0.0012671882649205291, -0.00015037995434830087, 0.9999991858095538, 0.034132043778487255], [0.001112427221252278, -0.9999993697325931, -0.00015178963787465527, 0.034668983800251345], [0.0, 0.0, 0.0, 1.0]]}, "Hobj2base": {"type": "ndarray", "data": [[0.999999261287119, 0.0011906478606342437, -0.00024450539519496774, -0.7363531262618919], [0.0011903782498584126, -0.9999986866319732, -0.0010998790621022493, 0.09309288351959215], [-0.0002458146427216477, 0.0010995871957030054, -0.999999365241379, 4.024089221974146e-05], [0.0, 0.0, 0.0, 1.0]]}, "mean_rme": {"type": "float", "data": 0.001641022987776381}, "max_rme": {"type": "float", "data": 0.005314369747618453}, "simu": {"type": "float", "data": 0.002}}, {"type": "dict", "image_number": {"type": "int", "data": 29}, "Hcamera2end": {"type": "ndarray", "data": [[0.9999993889208255, 0.001083497396029925, -0.00021952532500147878, -0.01062426938697218], [0.0002195951855696257, -6.435836945706264e-05, 0.999999973817977, 0.03423956473505316], [0.0010834832393698, -0.999999410945523, -6.459626094068582e-05, 0.03571296652733096], [0.0, 0.0, 0.0, 1.0]]}, "Hobj2base": {"type": "ndarray", "data": [[0.9999993334720817, 0.0010617546658640662, -0.0004535773604646376, -0.7374682118051378], [0.0010617497138610962, -0.9999994362813593, -1.1158312431232513e-05, 0.09359512339157364], [-0.00045358895216491174, 1.0676719361218555e-05, -0.9999998970715294, -5.6433575948458833e-05], [0.0, 0.0, 0.0, 1.0]]}, "mean_rme": {"type": "float", "data": 0.0016578667039587858}, "max_rme": {"type": "float", "data": 0.005549575535578166}, "simu": {"type": "float", "data": 0.002}}, {"type": "dict", "image_number": {"type": "int", "data": 30}, "Hcamera2end": {"type": "ndarray", "data": [[0.9999994890694017, 0.0009694053354886421, 0.0002865558080553363, -0.01067078471454131], [-0.00028635894685273615, -0.00020320689350494803, 0.9999999383527539, 0.03446391909849951], [0.0009694635058430437, -0.9999995094800066, -0.00020292919178954705, 0.0348996357385788], [0.0, 0.0, 0.0, 1.0]]}, "Hobj2base": {"type": "ndarray", "data": [[0.9999995319358813, 0.0009094120140350235, -0.00033029957178836507, -0.736573907556719], [0.000909571918953854, -0.9999994690691068, 0.00048429374255202416, 0.09383765563310555], [-0.00032985897387431955, -0.0004845939470868415, -0.9999998281808673, -0.00022978130872290206], [0.0, 0.0, 0.0, 1.0]]}, "mean_rme": {"type": "float", "data": 0.0016836144834362873}, "max_rme": {"type": "float", "data": 0.005573285202382816}, "simu": {"type": "float", "data": 0.002}}]}