{"type": "list", "data": [{"type": "dict", "image_number": {"type": "int", "data": 5}, "Hcamera2end": {"type": "ndarray", "data": [[0.9999755236865916, -0.004851658942597978, -0.005041173795012891, -0.01530676093694026], [0.005042426528969226, 0.0002460097716526777, 0.9999872566257494, 0.028778260014714483], [-0.004850356938078163, -0.9999882003727331, 0.0002704678840020902, 0.02915535908094837], [0.0, 0.0, 0.0, 1.0]]}, "Hobj2base": {"type": "ndarray", "data": [[0.9999899123351167, -0.004353083418557311, 0.0011072004139888341, -0.7306163669734946], [-0.004349998883149327, -0.9999866933383317, -0.002773203199619941, 0.09010064205669233], [0.0011192576657120816, 0.002768358903911136, -0.9999955417156905, 0.004683115298138363], [0.0, 0.0, 0.0, 1.0]]}, "mean_rme": {"type": "float", "data": 0.0020968979671661205}, "max_rme": {"type": "float", "data": 0.004497463698338644}, "simu": {"type": "float", "data": 0.002}}, {"type": "dict", "image_number": {"type": "int", "data": 6}, "Hcamera2end": {"type": "ndarray", "data": [[0.9999747425954032, -0.004611485180816992, -0.005408176743072572, -0.01554016773041275], [0.005407262464058787, -0.0002107061617917516, 0.9999853584505916, 0.02858743310153726], [-0.0046125571976926944, -0.9999893448469042, -0.00018576532917902178, 0.029090432189292078], [0.0, 0.0, 0.0, 1.0]]}, "Hobj2base": {"type": "ndarray", "data": [[0.9999906645495922, -0.004039220779968816, 0.0015347668082574086, -0.7299652364249766], [-0.004035184680842351, -0.9999884163108399, -0.0026238385488324915, 0.08983946004936301], [0.0015453472931854955, 0.0026176209866044953, -0.9999953799703849, 0.004639622634539524], [0.0, 0.0, 0.0, 1.0]]}, "mean_rme": {"type": "float", "data": 0.0019958030734843714}, "max_rme": {"type": "float", "data": 0.004599117549344223}, "simu": {"type": "float", "data": 0.002}}, {"type": "dict", "image_number": {"type": "int", "data": 7}, "Hcamera2end": {"type": "ndarray", "data": [[0.9999736890298803, -0.004455142522393495, -0.005724766639568102, -0.016342146980988292], [0.005721355766175901, -0.0007779723241823078, 0.99998333028469, 0.02827393742445426], [-0.004459521966443968, -0.9999897731797899, -0.0007524623996160162, 0.028561824590260163], [0.0, 0.0, 0.0, 1.0]]}, "Hobj2base": {"type": "ndarray", "data": [[0.9999907445641587, -0.0036279743546096407, 0.002312701472714543, -0.7289816029745353], [-0.003620930736214037, -0.9999888157524388, -0.003042569742532548, 0.0886495364409166], [0.0023237139718867567, 0.0030341674503772636, -0.9999926970639634, 0.004413192577658843], [0.0, 0.0, 0.0, 1.0]]}, "mean_rme": {"type": "float", "data": 0.0020869362388838955}, "max_rme": {"type": "float", "data": 0.004416216145967922}, "simu": {"type": "float", "data": 0.002}}, {"type": "dict", "image_number": {"type": "int", "data": 8}, "Hcamera2end": {"type": "ndarray", "data": [[0.9999739597800242, -0.00443758097507255, -0.005691013701272088, -0.016719780700503794], [0.005686012304691414, -0.0011388576056170496, 0.9999831859923568, 0.02827465427961811], [-0.0044439876157894844, -0.9999895053841531, -0.0011135958094872223, 0.028420030612973272], [0.0, 0.0, 0.0, 1.0]]}, "Hobj2base": {"type": "ndarray", "data": [[0.999990201398406, -0.0033990521446995397, 0.002836115599377069, -0.7285533289917432], [-0.0033904406780235637, -0.9999896447783998, -0.0030356626919962547, 0.08833884656486368], [0.002846404606555366, 0.003026017265051257, -0.9999913705629306, 0.004122189812941476], [0.0, 0.0, 0.0, 1.0]]}, "mean_rme": {"type": "float", "data": 0.0019533462327951004}, "max_rme": {"type": "float", "data": 0.00441625412448704}, "simu": {"type": "float", "data": 0.002}}, {"type": "dict", "image_number": {"type": "int", "data": 9}, "Hcamera2end": {"type": "ndarray", "data": [[0.9999758905964329, -0.004342267083977973, -0.005418758385671334, -0.016595453387131188], [0.005416038631133148, -0.0006378588632611759, 0.9999851297202457, 0.028498180505952795], [-0.004345658916315838, -0.9999903688799417, -0.0006143255985910923, 0.028623802250640904], [0.0, 0.0, 0.0, 1.0]]}, "Hobj2base": {"type": "ndarray", "data": [[0.9999904021409046, -0.003453418743202635, 0.0026962056776043066, -0.7289190257254303], [-0.0034460064416912627, -0.999990284019981, -0.0027489825830795908, 0.08873222501814856], [0.00270567286930096, 0.002739665056598954, -0.9999925867573731, 0.003995511484892324], [0.0, 0.0, 0.0, 1.0]]}, "mean_rme": {"type": "float", "data": 0.0018215738584923956}, "max_rme": {"type": "float", "data": 0.004507497531406113}, "simu": {"type": "float", "data": 0.002}}, {"type": "dict", "image_number": {"type": "int", "data": 10}, "Hcamera2end": {"type": "ndarray", "data": [[0.9999782656336059, -0.004083860697672793, -0.005175938775485016, -0.016694545970822053], [0.00517552693093468, -0.00011140860178837642, 0.999986600664784, 0.028796781477827542], [-0.004084382620756251, -0.9999916548001413, -9.027004937012251e-05, 0.028485173863289696], [0.0, 0.0, 0.0, 1.0]]}, "Hobj2base": {"type": "ndarray", "data": [[0.9999908040268315, -0.003405395335944679, 0.002606749772605461, -0.7293130988051267], [-0.0033988245991916125, -0.9999910463459707, -0.0025209560159073535, 0.08877128756206686], [0.002615311284528549, 0.002512072948012404, -0.9999934247965776, 0.0037219671901994765], [0.0, 0.0, 0.0, 1.0]]}, "mean_rme": {"type": "float", "data": 0.001780504751348056}, "max_rme": {"type": "float", "data": 0.0045512687041684985}, "simu": {"type": "float", "data": 0.002}}, {"type": "dict", "image_number": {"type": "int", "data": 11}, "Hcamera2end": {"type": "ndarray", "data": [[0.999976092615839, -0.0043059468602719185, -0.0054104545461130995, -0.01664851302734653], [0.005410434815568567, -1.623081009838323e-05, 0.9999853633587182, 0.02888847973168273], [-0.004305971651732628, -0.9999907292361253, 7.066622744633655e-06, 0.028446463926351376], [0.0, 0.0, 0.0, 1.0]]}, "Hobj2base": {"type": "ndarray", "data": [[0.9999907124176792, -0.0036937646438178562, 0.0022206262941821837, -0.7295846675329841], [-0.003687747911292656, -0.9999895349471561, -0.002707491738284055, 0.08871295069341932], [0.0022306038924669713, 0.002699277482253521, -0.9999938691348806, 0.003768230471726207], [0.0, 0.0, 0.0, 1.0]]}, "mean_rme": {"type": "float", "data": 0.0017531996610387237}, "max_rme": {"type": "float", "data": 0.004666698576651085}, "simu": {"type": "float", "data": 0.002}}, {"type": "dict", "image_number": {"type": "int", "data": 12}, "Hcamera2end": {"type": "ndarray", "data": [[0.9999732786584322, -0.004374272393271837, -0.005857278389741793, -0.016424006765277], [0.005857147515154704, -4.272911839531268e-05, 0.9999828458514717, 0.028986925281390772], [-0.004374447632695289, -0.9999904319118518, -1.7107217937128993e-05, 0.028518260497359723], [0.0, 0.0, 0.0, 1.0]]}, "Hobj2base": {"type": "ndarray", "data": [[0.9999902165367528, -0.0038064410402360582, 0.0022534057303476855, -0.7297138081942202], [-0.0037995038917752327, -0.999988054508399, -0.0030748350661922203, 0.08862906980561663], [0.0022650829906963707, 0.0030662431598141543, -0.9999927337495662, 0.0038152779671383474], [0.0, 0.0, 0.0, 1.0]]}, "mean_rme": {"type": "float", "data": 0.0017179147121566178}, "max_rme": {"type": "float", "data": 0.004680383817046496}, "simu": {"type": "float", "data": 0.002}}, {"type": "dict", "image_number": {"type": "int", "data": 13}, "Hcamera2end": {"type": "ndarray", "data": [[0.9999752852363898, -0.00453749400183687, -0.005370294645944995, -0.01667174170188516], [0.005372256938293588, 0.00042038398403032584, 0.9999854809609461, 0.028934426739602417], [-0.004535170535925573, -0.9999896171588427, 0.00044475017797340755, 0.028261206063930053], [0.0, 0.0, 0.0, 1.0]]}, "Hobj2base": {"type": "ndarray", "data": [[0.999989279243922, -0.0042054968009431395, 0.0019378322627662708, -0.7297532311151176], [-0.004200565457596679, -0.9999879470398154, -0.002541854624502084, 0.08865076841317034], [0.0019484986676429688, 0.0025336873826330764, -0.9999948918775483, 0.003808148819959983], [0.0, 0.0, 0.0, 1.0]]}, "mean_rme": {"type": "float", "data": 0.0017246125068812706}, "max_rme": {"type": "float", "data": 0.0046706821302768264}, "simu": {"type": "float", "data": 0.002}}, {"type": "dict", "image_number": {"type": "int", "data": 14}, "Hcamera2end": {"type": "ndarray", "data": [[0.9999751664343274, -0.004457187478542015, -0.005458937114525685, -0.01672241528480342], [0.00546069828438301, 0.0003830561331122917, 0.9999850169088763, 0.02898516976439326], [-0.004455029616753876, -0.9999899933238231, 0.0004073859764799348, 0.0282075553519694], [0.0, 0.0, 0.0, 1.0]]}, "Hobj2base": {"type": "ndarray", "data": [[0.9999896963913584, -0.004172479659571041, 0.0017881623554277502, -0.7298272113196294], [-0.004167872179350743, -0.9999880049991028, -0.0025726833096981006, 0.08862142626305199], [0.0017988753751989248, 0.002565203969642769, -0.9999950918759448, 0.003759160101418841], [0.0, 0.0, 0.0, 1.0]]}, "mean_rme": {"type": "float", "data": 0.0016762260007792077}, "max_rme": {"type": "float", "data": 0.004762632593175498}, "simu": {"type": "float", "data": 0.002}}, {"type": "dict", "image_number": {"type": "int", "data": 15}, "Hcamera2end": {"type": "ndarray", "data": [[0.9999783444413771, -0.004777193599540329, -0.0045264853468240844, -0.01643247983260499], [0.0045272572325883555, 0.0001507757027842116, 0.9999897405516908, 0.02905363514486444], [-0.004776462104160218, -0.9999885777787666, 0.00017240002192719928, 0.028439911248970905], [0.0, 0.0, 0.0, 1.0]]}, "Hobj2base": {"type": "ndarray", "data": [[0.9999878846766443, -0.004415342573573234, 0.00217606293296978, -0.7297460104233869], [-0.0044115497895588504, -0.9999887470868023, -0.0017446857084621144, 0.08942412028941045], [0.00218374183100856, 0.0017350647610565927, -0.9999961104033805, 0.0036649559617215536], [0.0, 0.0, 0.0, 1.0]]}, "mean_rme": {"type": "float", "data": 0.0017305708869372162}, "max_rme": {"type": "float", "data": 0.004819375393964431}, "simu": {"type": "float", "data": 0.002}}, {"type": "dict", "image_number": {"type": "int", "data": 16}, "Hcamera2end": {"type": "ndarray", "data": [[0.9999835721133713, -0.004412056433973355, -0.0036591339692974164, -0.01617109862865204], [0.0036585407719359614, -0.00014251259354947088, 0.9999932973623279, 0.02917013119672572], [-0.004412548334229797, -0.999990256676626, -0.00012636856401693208, 0.02845912237654758], [0.0, 0.0, 0.0, 1.0]]}, "Hobj2base": {"type": "ndarray", "data": [[0.9999895227011757, -0.003993033634391562, 0.0022383409636211283, -0.7298591194295201], [-0.003990815717317334, -0.9999915421762386, -0.0009944676456699823, 0.08986343085585807], [0.002242292974885215, 0.0009855244200369531, -0.9999970004274175, 0.0035969213292925267], [0.0, 0.0, 0.0, 1.0]]}, "mean_rme": {"type": "float", "data": 0.0017519029866993174}, "max_rme": {"type": "float", "data": 0.004536952450737208}, "simu": {"type": "float", "data": 0.002}}, {"type": "dict", "image_number": {"type": "int", "data": 17}, "Hcamera2end": {"type": "ndarray", "data": [[0.9999856193757498, -0.004372572405234752, -0.003105101006261318, -0.016080496452364375], [0.0031038520282565094, -0.00029239617575327337, 0.9999951402917231, 0.02925927911949195], [-0.004373459075468001, -0.9999903975114148, -0.0002788201531851442, 0.02850843194358751], [0.0, 0.0, 0.0, 1.0]]}, "Hobj2base": {"type": "ndarray", "data": [[0.999989570354118, -0.003926240252419654, 0.0023331996200121985, -0.7298760494656911], [-0.003925000016681772, -0.9999921535614611, -0.0005359014653471965, 0.09024404142933233], [0.0023352853906093572, 0.0005267380675372154, -0.9999971344904708, 0.003484498648539695], [0.0, 0.0, 0.0, 1.0]]}, "mean_rme": {"type": "float", "data": 0.0017088603724338155}, "max_rme": {"type": "float", "data": 0.004550088113897066}, "simu": {"type": "float", "data": 0.002}}, {"type": "dict", "image_number": {"type": "int", "data": 18}, "Hcamera2end": {"type": "ndarray", "data": [[0.9999880659426628, -0.0038244159765103117, -0.0030400353108799723, -0.01605308395335412], [0.0030379816939371048, -0.0005426700413695418, 0.9999952380768888, 0.029315651618412545], [-0.0038260475010234063, -0.999992539648004, -0.0005310450593873917, 0.0284240473746114], [0.0, 0.0, 0.0, 1.0]]}, "Hobj2base": {"type": "ndarray", "data": [[0.9999915720438559, -0.0033407638267393966, 0.002386448891499451, -0.7298541697766757], [-0.0033393587032936106, -0.9999942487764633, -0.0005925347657648928, 0.09010480754804152], [0.002388414685209969, 0.000584560563032079, -0.9999969768775505, 0.0034233863649622306], [0.0, 0.0, 0.0, 1.0]]}, "mean_rme": {"type": "float", "data": 0.0016527973973547731}, "max_rme": {"type": "float", "data": 0.004378281115973881}, "simu": {"type": "float", "data": 0.002}}, {"type": "dict", "image_number": {"type": "int", "data": 19}, "Hcamera2end": {"type": "ndarray", "data": [[0.9999922811496219, -0.0034775998627735007, -0.0018286444077337633, -0.015881441598333677], [0.001825313941052161, -0.0009606240186166293, 0.9999978727129932, 0.029421934633992796], [-0.0034793491046600754, -0.999993491729166, -0.0009542688921926334, 0.028424151991061634], [0.0, 0.0, 0.0, 1.0]]}, "Hobj2base": {"type": "ndarray", "data": [[0.9999925594341383, -0.0029354496468813034, 0.0025028407324538078, -0.7298644294381615], [-0.0029364906373690186, -0.9999956034853257, 0.0004123502825373766, 0.09066464142831487], [0.002501619295186535, -0.00041969678279561766, -0.9999967828725811, 0.0033132923004116134], [0.0, 0.0, 0.0, 1.0]]}, "mean_rme": {"type": "float", "data": 0.0016514033234488372}, "max_rme": {"type": "float", "data": 0.0045291484185333575}, "simu": {"type": "float", "data": 0.002}}, {"type": "dict", "image_number": {"type": "int", "data": 20}, "Hcamera2end": {"type": "ndarray", "data": [[0.9999936169117517, -0.0034347366826679828, -0.0009842355782652386, -0.01579470969517132], [0.000980425678713175, -0.0011107336214946084, 0.999998902517553, 0.0295121745448972], [-0.0034358261366530148, -0.9999934844061448, -0.0011073590275405554, 0.028451914495824293], [0.0, 0.0, 0.0, 1.0]]}, "Hobj2base": {"type": "ndarray", "data": [[0.999992566048539, -0.0028506969667922597, 0.0025964156951157284, -0.7298562079571512], [-0.0028536172081312936, -0.9999952993056274, 0.0011217109601859199, 0.09115590771486046], [0.0025932058321272615, -0.001129111797948133, -0.9999960001870307, 0.0031894695840904317], [0.0, 0.0, 0.0, 1.0]]}, "mean_rme": {"type": "float", "data": 0.0016312847143192298}, "max_rme": {"type": "float", "data": 0.004579420874880835}, "simu": {"type": "float", "data": 0.002}}, {"type": "dict", "image_number": {"type": "int", "data": 21}, "Hcamera2end": {"type": "ndarray", "data": [[0.9999936807510493, -0.003515318362856278, -0.0005300894039624844, -0.01600052157744983], [0.0005291037137804423, -0.00028132261215207954, 0.9999998204534081, 0.0284732419572544], [-0.0035154668578286424, -0.9999937816778642, -0.00027946086640362466, 0.030815770669955212], [0.0, 0.0, 0.0, 1.0]]}, "Hobj2base": {"type": "ndarray", "data": [[0.9999928653843791, -0.003314122871361453, 0.0018126692837853605, -0.7327140181731281], [-0.003317003184057692, -0.9999932373765226, 0.0015882981768368235, 0.09167781878551566], [0.0018073932100711085, -0.0015942994747258003, -0.9999970957652673, 0.004153300671777075], [0.0, 0.0, 0.0, 1.0]]}, "mean_rme": {"type": "float", "data": 0.001732905008388578}, "max_rme": {"type": "float", "data": 0.004760338123018959}, "simu": {"type": "float", "data": 0.002}}, {"type": "dict", "image_number": {"type": "int", "data": 22}, "Hcamera2end": {"type": "ndarray", "data": [[0.9999938607337728, -0.0034173738507444246, -0.0007746294133806268, -0.015934131295060956], [0.0007744666555403088, -4.8949651316743115e-05, 0.99999969890262, 0.027855149075577935], [-0.0034174107396217975, -0.9999941595628924, -4.630270870475961e-05, 0.030325887606080522], [0.0, 0.0, 0.0, 1.0]]}, "Hobj2base": {"type": "ndarray", "data": [[0.9999931132380075, -0.003345841181698466, 0.0016058715217461459, -0.7323905260742264], [-0.0033479753771735276, -0.9999935135154998, 0.0013281520243463231, 0.09188725296791905], [0.0016014173195467965, -0.0013335192959931519, -0.9999978285920703, 0.004783378805824626], [0.0, 0.0, 0.0, 1.0]]}, "mean_rme": {"type": "float", "data": 0.0017209204840084498}, "max_rme": {"type": "float", "data": 0.005039538977421321}, "simu": {"type": "float", "data": 0.002}}, {"type": "dict", "image_number": {"type": "int", "data": 23}, "Hcamera2end": {"type": "ndarray", "data": [[0.9999942705328462, -0.0032746121372319546, -0.0008577976634804526, -0.016002222431139274], [0.0008581982406371163, 0.00012092494592275127, 0.9999996244363979, 0.027361159811597566], [-0.003274507178270757, -0.9999946311318416, 0.00012373451946212644, 0.030555178147218802], [0.0, 0.0, 0.0, 1.0]]}, "Hobj2base": {"type": "ndarray", "data": [[0.9999935117683951, -0.0032650271679521238, 0.001521847135955298, -0.7327125286961383], [-0.003266861817949349, -0.9999939382353349, 0.0012046187978642284, 0.09208691979008495], [0.0015179047977740509, -0.0012095826463196803, -0.9999981164356495, 0.005204963907003424], [0.0, 0.0, 0.0, 1.0]]}, "mean_rme": {"type": "float", "data": 0.001707735495742037}, "max_rme": {"type": "float", "data": 0.005328027591585072}, "simu": {"type": "float", "data": 0.002}}, {"type": "dict", "image_number": {"type": "int", "data": 24}, "Hcamera2end": {"type": "ndarray", "data": [[0.9999947667315385, -0.003070422652334883, -0.0010193204951850828, -0.0160839317803362], [0.0010174820296608234, -0.0006002688266011358, 0.999999302203584, 0.028269372651041152], [-0.0030710323761225363, -0.9999951060790606, -0.0005971415853611717, 0.031630311333999246], [0.0, 0.0, 0.0, 1.0]]}, "Hobj2base": {"type": "ndarray", "data": [[0.9999938919680326, -0.002683949856442867, 0.0022388478722190123, -0.7333171135599722], [-0.002686188599532075, -0.9999958946376934, 0.000997546272641764, 0.09141659780512869], [0.0022361613167620966, -0.001003554147227683, -0.9999969962263078, 0.004234227000504004], [0.0, 0.0, 0.0, 1.0]]}, "mean_rme": {"type": "float", "data": 0.0017739199618120628}, "max_rme": {"type": "float", "data": 0.005368359488437724}, "simu": {"type": "float", "data": 0.002}}, {"type": "dict", "image_number": {"type": "int", "data": 25}, "Hcamera2end": {"type": "ndarray", "data": [[0.9999954945728928, -0.0026482841742605143, -0.00141330281534253, -0.016095829334271276], [0.0014128096964484446, -0.00018806467898735413, 0.9999989842997032, 0.02726425455012537], [-0.0026485472767377722, -0.9999964756050939, -0.00018432231011544786, 0.031842279590014656], [0.0, 0.0, 0.0, 1.0]]}, "Hobj2base": {"type": "ndarray", "data": [[0.9999951171405898, -0.002421418030218055, 0.0019754568335078214, -0.7337384108416041], [-0.0024224615627959586, -0.9999969274829978, 0.0005260271290706203, 0.09164518933059135], [0.001974177032308398, -0.0005308100288022383, -0.999997910430696, 0.0052146793881748055], [0.0, 0.0, 0.0, 1.0]]}, "mean_rme": {"type": "float", "data": 0.0017503665569542227}, "max_rme": {"type": "float", "data": 0.005607020506171345}, "simu": {"type": "float", "data": 0.002}}, {"type": "dict", "image_number": {"type": "int", "data": 26}, "Hcamera2end": {"type": "ndarray", "data": [[0.9999948823801259, -0.002858547774969112, -0.0014366343224166583, -0.016083683073932438], [0.0014349286572436523, -0.0005986508758770714, 0.9999987912977082, 0.028131897809398947], [-0.0028594043622312947, -0.999995735151779, -0.0005945460000889025, 0.031806654036736264], [0.0, 0.0, 0.0, 1.0]]}, "Hobj2base": {"type": "ndarray", "data": [[0.9999942384486239, -0.0024420116538923504, 0.0023578907182258135, -0.7334330358794247], [-0.002443386312489529, -0.9999968465532203, 0.000580299012425813, 0.09124335837219062], [0.002356466185791834, -0.0005860569069104985, -0.9999970517978629, 0.004389145142083072], [0.0, 0.0, 0.0, 1.0]]}, "mean_rme": {"type": "float", "data": 0.0017278666692377915}, "max_rme": {"type": "float", "data": 0.00530456723388395}, "simu": {"type": "float", "data": 0.002}}, {"type": "dict", "image_number": {"type": "int", "data": 27}, "Hcamera2end": {"type": "ndarray", "data": [[0.9999939708673168, -0.003105419158839137, -0.0015538986015512118, -0.015989382703771288], [0.0015501810507855714, -0.0011991658808614414, 0.9999980794681057, 0.028727572488024093], [-0.0031072765769678966, -0.9999944591711686, -0.0011943446889963738, 0.03119298424292337], [0.0, 0.0, 0.0, 1.0]]}, "Hobj2base": {"type": "ndarray", "data": [[0.9999930462257719, -0.0023958237000509175, 0.0028578888886006963, -0.7325246927775195], [-0.002397398144599756, -0.9999969762963568, 0.0005476132576386713, 0.09096555830205946], [0.0028565682623705392, -0.000554460947178717, -0.999995766286448, 0.0038137821105797493], [0.0, 0.0, 0.0, 1.0]]}, "mean_rme": {"type": "float", "data": 0.001718300977742575}, "max_rme": {"type": "float", "data": 0.005102175838561873}, "simu": {"type": "float", "data": 0.002}}, {"type": "dict", "image_number": {"type": "int", "data": 28}, "Hcamera2end": {"type": "ndarray", "data": [[0.9999935983588591, -0.0033149128544488803, -0.0013470686946098172, -0.016026241427654308], [0.001342417773316289, -0.0014048550012504268, 0.9999981121466915, 0.029082997931159597], [-0.0033167990325723316, -0.9999935188465937, -0.0014003960099400192, 0.03152483825554656], [0.0, 0.0, 0.0, 1.0]]}, "Hobj2base": {"type": "ndarray", "data": [[0.9999921538771321, -0.0025291458816066523, 0.0030488695091052545, -0.7327380517436105], [-0.0025317211089873858, -0.999996441474468, 0.0008410865759857625, 0.0908811226187558], [0.0030467314289755318, -0.0008487988640118945, -0.999994998471537, 0.0034516190860918567], [0.0, 0.0, 0.0, 1.0]]}, "mean_rme": {"type": "float", "data": 0.001676511687016976}, "max_rme": {"type": "float", "data": 0.00502349127927626}, "simu": {"type": "float", "data": 0.002}}, {"type": "dict", "image_number": {"type": "int", "data": 29}, "Hcamera2end": {"type": "ndarray", "data": [[0.9999939399228427, -0.003206908633863076, -0.0013549371218745609, -0.016013197090760226], [0.0013503834529297464, -0.0014216955301942225, 0.9999980776213269, 0.028839710775316534], [-0.0032088287770201756, -0.9999938472404883, -0.0014173563582553506, 0.03142473576994951], [0.0, 0.0, 0.0, 1.0]]}, "Hobj2base": {"type": "ndarray", "data": [[0.9999924959045519, -0.0024331028902437896, 0.0030146550234425866, -0.7326720268125783], [-0.0024356026994336666, -0.9999966929204895, 0.0008258253896721801, 0.09097753251840394], [0.00301263573559628, -0.0008331616945125906, -0.9999951149218254, 0.0036710589185747267], [0.0, 0.0, 0.0, 1.0]]}, "mean_rme": {"type": "float", "data": 0.0016434513218359615}, "max_rme": {"type": "float", "data": 0.00510723388424783}, "simu": {"type": "float", "data": 0.002}}, {"type": "dict", "image_number": {"type": "int", "data": 30}, "Hcamera2end": {"type": "ndarray", "data": [[0.9999944265963591, -0.0030970020110828943, -0.0012471386299459481, -0.01601514179850065], [0.0012426316446690192, -0.0014567716596873836, 0.9999981668397833, 0.02876628365262642], [-0.0030988131299938236, -0.9999941431802861, -0.0014529151078082059, 0.03119673180051207], [0.0, 0.0, 0.0, 1.0]]}, "Hobj2base": {"type": "ndarray", "data": [[0.9999927833550206, -0.0023069857804547487, 0.0030184523331782654, -0.7324390652885031], [-0.002309786668624212, -0.999996904842624, 0.0009247652223853779, 0.0910667514204043], [0.0030163095703749612, -0.0009317305296421314, -0.9999950168649818, 0.0037159113275154346], [0.0, 0.0, 0.0, 1.0]]}, "mean_rme": {"type": "float", "data": 0.0016054870524591508}, "max_rme": {"type": "float", "data": 0.005105700472364361}, "simu": {"type": "float", "data": 0.002}}]}