{"type": "list", "data": [{"type": "dict", "image_number": {"type": "int", "data": 5}, "Hcamera2end": {"type": "ndarray", "data": [[0.9999986749970466, -0.0015992530487655787, -0.00030396354548364445, -0.012527585227063034], [0.0003059435958566376, 0.0012380105588035706, 0.9999991868638556, 0.03288653243707472], [-0.0015988754382763207, -0.9999979548576798, 0.001238498199664373, 0.034603385334015], [0.0, 0.0, 0.0, 1.0]]}, "Hobj2base": {"type": "ndarray", "data": [[0.9999990123640757, -0.001278575576148756, 0.0005835369475383075, -0.73743883625763], [-0.001279314297467314, -0.9999983786200031, 0.0012673248571202864, 0.09376692190892974], [0.0005819156307938131, -0.0012680701326248161, -0.9999990266856951, -0.00018865409357331496], [0.0, 0.0, 0.0, 1.0]]}, "mean_rme": {"type": "float", "data": 0.001382101665389517}, "max_rme": {"type": "float", "data": 0.004216026814512745}, "simu": {"type": "float", "data": 0.002}}, {"type": "dict", "image_number": {"type": "int", "data": 6}, "Hcamera2end": {"type": "ndarray", "data": [[0.9999987955752591, -0.0015513156417747342, -4.762153859352218e-05, -0.012349552549517053], [4.9065842304503644e-05, 0.000930993842436556, 0.99999956542141, 0.03259590667577618], [-0.0015512706322469713, -0.9999983633337832, 0.0009310688377331955, 0.03468419186602124], [0.0, 0.0, 0.0, 1.0]]}, "Hobj2base": {"type": "ndarray", "data": [[0.9999989510933933, -0.0012442703415926014, 0.0007413524331575177, -0.7370174328366157], [-0.001245182336299801, -0.9999984670935245, 0.0012309880381689263, 0.09408809216098264], [0.0007398196148268236, -0.001231909865932181, -0.9999989675319767, -0.00023874219899125415], [0.0, 0.0, 0.0, 1.0]]}, "mean_rme": {"type": "float", "data": 0.0013485936911984166}, "max_rme": {"type": "float", "data": 0.004191301219887585}, "simu": {"type": "float", "data": 0.002}}, {"type": "dict", "image_number": {"type": "int", "data": 7}, "Hcamera2end": {"type": "ndarray", "data": [[0.9999987510000434, -0.0015794693681522535, -5.722646364362638e-05, -0.012194951488041141], [5.868671379316917e-05, 0.0009244885864636565, 0.9999995709382693, 0.03259274407753319], [-0.001579415785249911, -0.9999983252972818, 0.0009245801256442254, 0.03469909321672793], [0.0, 0.0, 0.0, 1.0]]}, "Hobj2base": {"type": "ndarray", "data": [[0.9999989145829243, -0.0013135586439545338, 0.0006673804478267818, -0.736998224046083], [-0.0013142862014531552, -0.9999985412906096, 0.0010909025768350413, 0.09402707729785471], [0.0006659465098031422, -0.0010917785216644548, -0.9999991822671177, -0.0003073078915996619], [0.0, 0.0, 0.0, 1.0]]}, "mean_rme": {"type": "float", "data": 0.0012389519787869205}, "max_rme": {"type": "float", "data": 0.004418773139607073}, "simu": {"type": "float", "data": 0.002}}, {"type": "dict", "image_number": {"type": "int", "data": 8}, "Hcamera2end": {"type": "ndarray", "data": [[0.9999989233475219, -0.0014605857886785647, -0.00014139643178334347, -0.01226295414052404], [0.00014259289693630223, 0.0008190963581176103, 0.9999996543741511, 0.03265873885348927], [-0.001460469466560037, -0.999998597884172, 0.0008193037453942953, 0.03482773627827092], [0.0, 0.0, 0.0, 1.0]]}, "Hobj2base": {"type": "ndarray", "data": [[0.999999135004706, -0.001192589153531715, 0.0005547260139523238, -0.7370287611157698], [-0.0011931856423140655, -0.9999987090497267, 0.0010762002153561435, 0.09387749348074456], [0.0005534418331247621, -0.0010768611755632878, -0.9999992670358044, -0.00020756667028919845], [0.0, 0.0, 0.0, 1.0]]}, "mean_rme": {"type": "float", "data": 0.001142863343996372}, "max_rme": {"type": "float", "data": 0.004437423968788245}, "simu": {"type": "float", "data": 0.002}}, {"type": "dict", "image_number": {"type": "int", "data": 9}, "Hcamera2end": {"type": "ndarray", "data": [[0.9999987190440245, -0.0015971876601843175, 0.00010441210769275891, -0.01210585188558056], [-0.00010365234589681865, 0.0004757626240411428, 0.9999998814530513, 0.032517398521153956], [-0.0015972371462209315, -0.9999986113197876, 0.00047559646236239317, 0.034685497519415465], [0.0, 0.0, 0.0, 1.0]]}, "Hobj2base": {"type": "ndarray", "data": [[0.9999987417347079, -0.0013322741697174496, 0.0008611472217733461, -0.7367611985095013], [-0.00133315586049808, -0.9999985869622674, 0.001024094194646227, 0.09416952015396791], [0.000859781630696944, -0.001025240949529505, -0.9999991048278705, -0.0003725546951575491], [0.0, 0.0, 0.0, 1.0]]}, "mean_rme": {"type": "float", "data": 0.00109505009418604}, "max_rme": {"type": "float", "data": 0.004447449049635852}, "simu": {"type": "float", "data": 0.002}}, {"type": "dict", "image_number": {"type": "int", "data": 10}, "Hcamera2end": {"type": "ndarray", "data": [[0.9999991951072857, -0.0012614559370958713, -0.00013606505550213684, -0.011988385997357964], [0.00013662391686719783, 0.00044295325697418786, 0.999999892563153, 0.03260410709887919], [-0.0012613955311095277, -0.9999991062602662, 0.00044312524549539045, 0.03465392356106468], [0.0, 0.0, 0.0, 1.0]]}, "Hobj2base": {"type": "ndarray", "data": [[0.9999992398255906, -0.0010105317411036783, 0.0007065223571272538, -0.7368325167949427], [-0.001011223797562394, -0.9999990086547113, 0.000979855104597395, 0.09398100769505761], [0.0007055314820347655, -0.0009805688119576563, -0.9999992703548002, -0.00043325725018554805], [0.0, 0.0, 0.0, 1.0]]}, "mean_rme": {"type": "float", "data": 0.00105452650491969}, "max_rme": {"type": "float", "data": 0.004578556070163768}, "simu": {"type": "float", "data": 0.002}}, {"type": "dict", "image_number": {"type": "int", "data": 11}, "Hcamera2end": {"type": "ndarray", "data": [[0.999999329351398, -0.0011532431851717904, -0.00010642795688085046, -0.012187118245317916], [0.00010669353567312407, 0.00023022955454699012, 0.9999999678054203, 0.03259651163055746], [-0.0011532186451825067, -0.9999993085120149, 0.00023035244373670327, 0.034785627574514845], [0.0, 0.0, 0.0, 1.0]]}, "Hobj2base": {"type": "ndarray", "data": [[0.9999992519589158, -0.0008871596827596636, 0.0008420387794386279, -0.7367306172342293], [-0.0008878005664380166, -0.9999993163130771, 0.0007610410852525584, 0.09381367817205878], [0.0008413630387799658, -0.0007617880784679083, -0.9999993558933731, -0.00030965809820651923], [0.0, 0.0, 0.0, 1.0]]}, "mean_rme": {"type": "float", "data": 0.0010692934677972367}, "max_rme": {"type": "float", "data": 0.004537970299978697}, "simu": {"type": "float", "data": 0.002}}, {"type": "dict", "image_number": {"type": "int", "data": 12}, "Hcamera2end": {"type": "ndarray", "data": [[0.9999999044169527, -0.0004348190154298567, -4.580948852626814e-05, -0.012071222341152672], [4.572127797841289e-05, -0.00020287504525606792, 0.9999999783756403, 0.03253352918947329], [-0.00043482829962923175, -0.9999998848870634, -0.00020285514538365135, 0.03494942176209352], [0.0, 0.0, 0.0, 1.0]]}, "Hobj2base": {"type": "ndarray", "data": [[0.9999994876223482, -0.0001976161437431247, 0.0009928257151517455, -0.7363963623569855], [-0.00019844024781605934, -0.9999996358364083, 0.0008300292273000918, 0.09364337761234583], [0.0009926613264256742, -0.0008302258185926183, -0.9999991626739397, -0.0003345778926698434], [0.0, 0.0, 0.0, 1.0]]}, "mean_rme": {"type": "float", "data": 0.0011625292553539331}, "max_rme": {"type": "float", "data": 0.004732325724527692}, "simu": {"type": "float", "data": 0.002}}, {"type": "dict", "image_number": {"type": "int", "data": 13}, "Hcamera2end": {"type": "ndarray", "data": [[0.9999985754341871, -0.0006377743454610841, -0.001562809483170145, -0.012458781410624672], [0.0015627028589053375, -0.00016764589880202685, 0.999998764926551, 0.0327286452535738], [-0.0006380355563633858, -0.9999997825693449, -0.0001666490081864147, 0.035054594270558424], [0.0, 0.0, 0.0, 1.0]]}, "Hobj2base": {"type": "ndarray", "data": [[0.9999993333148793, -0.0004240898481505613, 0.0010740193654891603, -0.7365371845024163], [-0.00042331466275081283, -0.9999996498428734, -0.0007218856048277763, 0.09258784763993791], [0.001074325133770159, 0.000721430475411895, -0.9999991626814373, -0.00014843875724588853], [0.0, 0.0, 0.0, 1.0]]}, "mean_rme": {"type": "float", "data": 0.0012354656997458494}, "max_rme": {"type": "float", "data": 0.004816715060549759}, "simu": {"type": "float", "data": 0.002}}, {"type": "dict", "image_number": {"type": "int", "data": 14}, "Hcamera2end": {"type": "ndarray", "data": [[0.9999981386084609, -0.000791414867098, -0.0017596710265354051, -0.012442263561527136], [0.0017595840273275133, -0.00011061155046765414, 0.9999984458133601, 0.03282077865465993], [-0.0007916082770321449, -0.9999996807137456, -0.00010921878361691562, 0.035047673726184024], [0.0, 0.0, 0.0, 1.0]]}, "Hobj2base": {"type": "ndarray", "data": [[0.9999992940456377, -0.0006121853962822044, 0.0010183993651030504, -0.7365946660287588], [-0.0006111586731037293, -0.9999993050295275, -0.0010081793184627355, 0.09232968766907741], [0.0010190158500011592, 0.0010075562031294817, -0.9999989732180703, -0.00020662662285914464], [0.0, 0.0, 0.0, 1.0]]}, "mean_rme": {"type": "float", "data": 0.0012390493209998368}, "max_rme": {"type": "float", "data": 0.004910097022511294}, "simu": {"type": "float", "data": 0.002}}, {"type": "dict", "image_number": {"type": "int", "data": 15}, "Hcamera2end": {"type": "ndarray", "data": [[0.9999994646004279, -0.000856874145526226, -0.0005801427034289897, -0.012261582022252911], [0.0005801082890614446, -4.041068027382799e-05, 0.9999998309206605, 0.032820584965566266], [-0.000856897444607813, -0.99999963206677, -3.9913578843586706e-05, 0.03498900644272053], [0.0, 0.0, 0.0, 1.0]]}, "Hobj2base": {"type": "ndarray", "data": [[0.9999993190403776, -0.000708295014049188, 0.0009274895978556616, -0.7365877838770503], [-0.0007083149067724669, -0.9999997489219459, 2.1119618814915778e-05, 0.09286119522005264], [0.0009274744060626728, -2.1776559141345688e-05, -0.9999995696584112, -0.00035997289117762157], [0.0, 0.0, 0.0, 1.0]]}, "mean_rme": {"type": "float", "data": 0.0012769307524648941}, "max_rme": {"type": "float", "data": 0.005163836622642075}, "simu": {"type": "float", "data": 0.002}}, {"type": "dict", "image_number": {"type": "int", "data": 16}, "Hcamera2end": {"type": "ndarray", "data": [[0.9999979222763552, -0.0009332354478709248, 0.0018123229766263552, -0.011957682759047138], [-0.0018122629927134247, 6.511684311072408e-05, 0.9999983557299691, 0.032791033592160714], [-0.0009333519261307809, -0.9999995624156021, 6.342543975024206e-05, 0.03490388751697707], [0.0, 0.0, 0.0, 1.0]]}, "Hobj2base": {"type": "ndarray", "data": [[0.999999322075943, -0.000824023516735375, 0.0008226985463837602, -0.736562593467716], [-0.0008259354943155978, -0.999996952834532, 0.0023264032774816456, 0.09405797958116044], [0.0008207790284751042, -0.0023270811962874775, -0.9999969555028114, -0.0005610514915734451], [0.0, 0.0, 0.0, 1.0]]}, "mean_rme": {"type": "float", "data": 0.0013471778594693264}, "max_rme": {"type": "float", "data": 0.005623513077880171}, "simu": {"type": "float", "data": 0.002}}, {"type": "dict", "image_number": {"type": "int", "data": 17}, "Hcamera2end": {"type": "ndarray", "data": [[0.999997783702155, -0.0009460568053598873, 0.0018808421781320614, -0.011952929509681307], [-0.0018808443293012276, -1.384138004212332e-06, 0.9999982312097826, 0.0328126689772516], [-0.0009460525286387263, -0.9999995524872027, -3.1635205142155343e-06, 0.03493527020896637], [0.0, 0.0, 0.0, 1.0]]}, "Hobj2base": {"type": "ndarray", "data": [[0.9999993004533184, -0.0008467912873812479, 0.0008258555499185842, -0.7365683736526224], [-0.0008488538536759165, -0.9999965138527331, 0.002500345879018934, 0.09413815495559127], [0.0008237353997587235, -0.0025010451605763998, -0.9999965331105378, -0.0005402707319872122], [0.0, 0.0, 0.0, 1.0]]}, "mean_rme": {"type": "float", "data": 0.0012935334542393678}, "max_rme": {"type": "float", "data": 0.005617739008413336}, "simu": {"type": "float", "data": 0.002}}, {"type": "dict", "image_number": {"type": "int", "data": 18}, "Hcamera2end": {"type": "ndarray", "data": [[0.999998049684293, -0.0010818251249943597, 0.0016523565018905415, -0.011772457491964589], [-0.0016524537969048927, -8.90483347197879e-05, 0.9999986307324843, 0.032851537313194346], [-0.0010816765040915018, -0.9999994108622231, -9.083582708280247e-05, 0.03494333201749783], [0.0, 0.0, 0.0, 1.0]]}, "Hobj2base": {"type": "ndarray", "data": [[0.9999991572431052, -0.001015340075157419, 0.0008090720680280053, -0.7365288903543569], [-0.0010172176159019448, -0.999996783099605, 0.002323587476993564, 0.09402466033737056], [0.0008067102338402246, -0.0023244085211343293, -0.9999969731672318, -0.0006112953141522252], [0.0, 0.0, 0.0, 1.0]]}, "mean_rme": {"type": "float", "data": 0.0013005405867494908}, "max_rme": {"type": "float", "data": 0.005659964485976337}, "simu": {"type": "float", "data": 0.002}}, {"type": "dict", "image_number": {"type": "int", "data": 19}, "Hcamera2end": {"type": "ndarray", "data": [[0.9999977449255306, -0.0006896192477368989, 0.002008623694589715, -0.011804950538594221], [-0.002008889537103255, -0.0003850156992972753, 0.9999979080606815, 0.03331707957549753], [-0.0006888444534388823, -0.9999996880940537, -0.0003864001999496214, 0.034274880899794614], [0.0, 0.0, 0.0, 1.0]]}, "Hobj2base": {"type": "ndarray", "data": [[0.9999993958204372, -0.0005920175268392349, 0.0009262148824234342, -0.7357720548680234], [-0.0005944261653601557, -0.9999964370596075, 0.0026024076590440647, 0.09403823744165694], [0.000924670911428883, -0.002602956653083401, -0.9999961847929058, -0.0010185464957683681], [0.0, 0.0, 0.0, 1.0]]}, "mean_rme": {"type": "float", "data": 0.0012660660580891118}, "max_rme": {"type": "float", "data": 0.005714221324004081}, "simu": {"type": "float", "data": 0.002}}, {"type": "dict", "image_number": {"type": "int", "data": 20}, "Hcamera2end": {"type": "ndarray", "data": [[0.9999980493224926, -0.0004923632139132994, 0.001912832892640594, -0.011734494616351683], [-0.0019131219840756667, -0.0005873509855114367, 0.999997997489542, 0.03436489954378538], [-0.0004912387236662034, -0.9999997062985996, -0.000588291790667661, 0.03412609703817046], [0.0, 0.0, 0.0, 1.0]]}, "Hobj2base": {"type": "ndarray", "data": [[0.9999993844992966, -0.00040491997632270465, 0.0010329766893804539, -0.735453734019542], [-0.00040745528956679896, -0.9999969026198274, 0.002455347417088762, 0.09387781948789894], [0.0010319792706409456, -0.002455766797636787, -0.9999964521078166, -0.002067577086055805], [0.0, 0.0, 0.0, 1.0]]}, "mean_rme": {"type": "float", "data": 0.0013033151803777245}, "max_rme": {"type": "float", "data": 0.005874052016960056}, "simu": {"type": "float", "data": 0.002}}, {"type": "dict", "image_number": {"type": "int", "data": 21}, "Hcamera2end": {"type": "ndarray", "data": [[0.9999980509509349, -0.00026721437341425806, 0.001956192937857917, -0.011783387482389246], [-0.0019562795858360906, -0.00032438832997150335, 0.9999980338692639, 0.03489350027929508], [-0.0002665792818756519, -0.9999999116843411, -0.00032491044374638456, 0.03266751376006177], [0.0, 0.0, 0.0, 1.0]]}, "Hobj2base": {"type": "ndarray", "data": [[0.9999997713810644, -0.00020085752680461103, 0.000645673348346161, -0.7341074956769879], [-0.00020244479211638228, -0.9999969557069013, 0.0024591854415365213, 0.09375109537523563], [0.0006451774368215017, -0.0024593155925269447, -0.999996767751222, -0.0024135155496503315], [0.0, 0.0, 0.0, 1.0]]}, "mean_rme": {"type": "float", "data": 0.0013311496855704524}, "max_rme": {"type": "float", "data": 0.0059423516473842974}, "simu": {"type": "float", "data": 0.002}}, {"type": "dict", "image_number": {"type": "int", "data": 22}, "Hcamera2end": {"type": "ndarray", "data": [[0.9999968843657172, -0.0013926263878367325, 0.0020716782091649974, -0.011702829965140786], [-0.002072472335759495, -0.0005690356171517141, 0.999997690525775, 0.035901967256855176], [-0.001391444312913693, -0.9999988683944647, -0.0005719200239076017, 0.03224725453474724], [0.0, 0.0, 0.0, 1.0]]}, "Hobj2base": {"type": "ndarray", "data": [[0.9999989930966121, -0.0012940234337367454, 0.000582502459015044, -0.7335429042558578], [-0.0012956489378577098, -0.9999952437723454, 0.0027988795110969683, 0.0940480361901725], [0.0005788778728251743, -0.0027996314115880288, -0.9999959134738341, -0.003379776791379067], [0.0, 0.0, 0.0, 1.0]]}, "mean_rme": {"type": "float", "data": 0.0013099495367109597}, "max_rme": {"type": "float", "data": 0.005984157706715535}, "simu": {"type": "float", "data": 0.002}}, {"type": "dict", "image_number": {"type": "int", "data": 23}, "Hcamera2end": {"type": "ndarray", "data": [[0.9999972640609768, -0.0010256236829738292, 0.0021023716659823543, -0.011647836712446515], [-0.0021027085208941143, -0.0003274714325658401, 0.9999977356871049, 0.03520231029599982], [-0.0010249328939796534, -0.9999994204290928, -0.0003296271242814175, 0.032910019754899135], [0.0, 0.0, 0.0, 1.0]]}, "Hobj2base": {"type": "ndarray", "data": [[0.9999994953443682, -0.0009358946097227446, 0.0003652564693717047, -0.7344031428111556], [-0.0009368942973969048, -0.9999957896367528, 0.0027464409409918783, 0.09398412657823849], [0.00036268455223669414, -0.002746781761688232, -0.9999961618175686, -0.0026992797116189727], [0.0, 0.0, 0.0, 1.0]]}, "mean_rme": {"type": "float", "data": 0.0013379529319783214}, "max_rme": {"type": "float", "data": 0.006049576363701266}, "simu": {"type": "float", "data": 0.002}}, {"type": "dict", "image_number": {"type": "int", "data": 24}, "Hcamera2end": {"type": "ndarray", "data": [[0.999997741937769, -0.0007429860010555452, 0.0019910025528376975, -0.01161881756454591], [-0.0019912828245778206, -0.0003766745506961211, 0.9999979464523894, 0.03540652258881717], [-0.0007422345153063934, -0.9999996530439825, -0.00037815319540435155, 0.03295472086578406], [0.0, 0.0, 0.0, 1.0]]}, "Hobj2base": {"type": "ndarray", "data": [[0.9999997278436727, -0.0006696990846257809, 0.0003095411384899302, -0.7344585187911891], [-0.000670500104971357, -0.999996408330422, 0.0025949481431696295, 0.0938269271368853], [0.00030780219232430777, -0.0025951549843039236, -0.9999965852083788, -0.002899371004051426], [0.0, 0.0, 0.0, 1.0]]}, "mean_rme": {"type": "float", "data": 0.0013232091202846025}, "max_rme": {"type": "float", "data": 0.006136316274229239}, "simu": {"type": "float", "data": 0.002}}, {"type": "dict", "image_number": {"type": "int", "data": 25}, "Hcamera2end": {"type": "ndarray", "data": [[0.9999982011983725, -0.0008298996859526452, 0.0017055399528230885, -0.011615826944256964], [-0.0017058200645057118, -0.00033693406161217077, 0.9999984883255304, 0.03533453141686304], [-0.0008293237769109312, -0.9999995988708943, -0.00033834911507057974, 0.032886175253790305], [0.0, 0.0, 0.0, 1.0]]}, "Hobj2base": {"type": "ndarray", "data": [[0.9999996445818918, -0.0007826251785072396, 0.0003135823975517863, -0.7343926422744292], [-0.000783348271593089, -0.9999970194383885, 0.0023124618534488897, 0.09367308346362004], [0.0003117716720292837, -0.0023127066757871965, -0.9999972770894205, -0.0028343936374118426], [0.0, 0.0, 0.0, 1.0]]}, "mean_rme": {"type": "float", "data": 0.001293762482362646}, "max_rme": {"type": "float", "data": 0.006174141027135292}, "simu": {"type": "float", "data": 0.002}}, {"type": "dict", "image_number": {"type": "int", "data": 26}, "Hcamera2end": {"type": "ndarray", "data": [[0.9999984431320754, -0.0003830451963541952, 0.0017225010312885893, -0.011645792689041696], [-0.0017226323201669537, -0.0003426849838112922, 0.9999984575512562, 0.03583860693465681], [-0.00038245433028859124, -0.999999867921681, -0.000343344296331205, 0.033102523946244564], [0.0, 0.0, 0.0, 1.0]]}, "Hobj2base": {"type": "ndarray", "data": [[0.9999998898860633, -0.000369267014006801, 0.0002896027169480854, -0.7345665318536143], [-0.00036994399135517944, -0.9999971913146688, 0.0023410476751722256, 0.09361671779329289], [0.0002887374318605239, -0.002341154554175265, -0.9999972178091545, -0.003344021458091612], [0.0, 0.0, 0.0, 1.0]]}, "mean_rme": {"type": "float", "data": 0.0012998273754273352}, "max_rme": {"type": "float", "data": 0.006143022182226551}, "simu": {"type": "float", "data": 0.002}}, {"type": "dict", "image_number": {"type": "int", "data": 27}, "Hcamera2end": {"type": "ndarray", "data": [[0.9999993876815833, -0.0002648016688051111, 0.0010744843110308752, -0.011573608195976106], [-0.0010746334953973082, -0.0005638846666340402, 0.9999992635981955, 0.03631536348626863], [-0.0002641955885771552, -0.9999998059570606, -0.0005641688861000027, 0.03248528944380224], [0.0, 0.0, 0.0, 1.0]]}, "Hobj2base": {"type": "ndarray", "data": [[0.9999998765087614, -0.00021552215245319422, 0.0004478087356310959, -0.7338368786870978], [-0.00021630841292358082, -0.9999984339767065, 0.001756489340912999, 0.09313179567686797], [0.0004474294719886703, -0.0017565859887988522, -0.9999983571049162, -0.0038178035478266033], [0.0, 0.0, 0.0, 1.0]]}, "mean_rme": {"type": "float", "data": 0.001418148936514052}, "max_rme": {"type": "float", "data": 0.006995319033608727}, "simu": {"type": "float", "data": 0.002}}, {"type": "dict", "image_number": {"type": "int", "data": 28}, "Hcamera2end": {"type": "ndarray", "data": [[0.9999983023364272, 9.115407539920064e-05, 0.0018403845245557563, -0.01158069437877653], [-0.0018403382810329065, -0.0005048237074618545, 0.9999981791523601, 0.03622897659283069], [9.20829791603594e-05, -0.9999998684219708, -0.0005046550961067542, 0.03313097571498516], [0.0, 0.0, 0.0, 1.0]]}, "Hobj2base": {"type": "ndarray", "data": [[0.9999999745408326, 8.206567015187019e-05, 0.00021019885849741878, -0.7346087980125308], [8.155198286608532e-05, -0.9999970133771792, 0.002442659615268472, 0.0934248560965064], [0.00021039868921099097, -0.002442642410946685, -0.9999969946107057, -0.003717813515823321], [0.0, 0.0, 0.0, 1.0]]}, "mean_rme": {"type": "float", "data": 0.001438823221324118}, "max_rme": {"type": "float", "data": 0.00703439303478684}, "simu": {"type": "float", "data": 0.002}}, {"type": "dict", "image_number": {"type": "int", "data": 29}, "Hcamera2end": {"type": "ndarray", "data": [[0.999998019739791, -0.000540924912146006, 0.0019151806013929463, -0.01159778587918761], [-0.0019153623506531897, -0.0003356792666120434, 0.9999981093514602, 0.03566088074751644], [-0.000540281003027405, -0.9999997973598137, -0.00033671466909113157, 0.033390891021530734], [0.0, 0.0, 0.0, 1.0]]}, "Hobj2base": {"type": "ndarray", "data": [[0.9999998105417879, -0.0006060202632216526, 0.00010796216420303907, -0.7349476235595775], [-0.0006062797894224803, -0.999996887352413, 0.002420270708556372, 0.09351695105276506], [0.00010649509506300216, -0.002420335705294389, -0.9999970653126282, -0.0031622315535952826], [0.0, 0.0, 0.0, 1.0]]}, "mean_rme": {"type": "float", "data": 0.001435466203525054}, "max_rme": {"type": "float", "data": 0.007054357953156232}, "simu": {"type": "float", "data": 0.002}}, {"type": "dict", "image_number": {"type": "int", "data": 30}, "Hcamera2end": {"type": "ndarray", "data": [[0.9999980251533536, -0.0006788290290682665, 0.0018678545291829112, -0.011562344695019065], [-0.00186811710451986, -0.00038637828544629826, 0.9999981804234968, 0.03592015427575475], [-0.0006781060954564667, -0.9999996949514385, -0.0003876456545286455, 0.033454325835563105], [0.0, 0.0, 0.0, 1.0]]}, "Hobj2base": {"type": "ndarray", "data": [[0.9999997176664749, -0.0007431206556563587, 0.0001115287477241686, -0.7349719527685551], [-0.0007433808926717285, -0.9999969583294657, 0.002351747576979731, 0.09352139607961732], [0.00010978077628911945, -0.002351829821342589, -0.9999972284184957, -0.003424702847513726], [0.0, 0.0, 0.0, 1.0]]}, "mean_rme": {"type": "float", "data": 0.0014140515862255192}, "max_rme": {"type": "float", "data": 0.0070263319524048184}, "simu": {"type": "float", "data": 0.002}}]}