{"type": "list", "data": [{"type": "dict", "image_number": {"type": "int", "data": 5}, "Hcamera2end": {"type": "ndarray", "data": [[0.9999983749643129, 0.0007208342148697156, -0.0016524124086053998, -0.013411467735208838], [0.001653240634735052, -0.0011499041069422677, 0.9999979722559181, 0.03432630296756703], [0.0007189326373873846, -0.9999990790588654, -0.001151093950721993, 0.03507969624017417], [0.0, 0.0, 0.0, 1.0]]}, "Hobj2base": {"type": "ndarray", "data": [[0.9999997559920717, 0.00029906989204858236, 0.0006313263788742312, -0.7374102015109893], [0.0002985630934273165, -0.9999996332712715, 0.0008026938402450917, 0.0893449693352291], [0.0006315662089088614, -0.0008025051536247916, -0.9999994785546649, -0.004129972523362469], [0.0, 0.0, 0.0, 1.0]]}, "mean_rme": {"type": "float", "data": 0.0007330202806178195}, "max_rme": {"type": "float", "data": 0.0021913659769394744}, "simu": {"type": "float", "data": 0.002}}, {"type": "dict", "image_number": {"type": "int", "data": 6}, "Hcamera2end": {"type": "ndarray", "data": [[0.9999992937578686, 0.0004793961062642061, -0.001087503166645914, -0.013973459110988944], [0.0010877711041214874, -0.0005590002644253467, 0.9999992521360853, 0.034582247974391946], [0.0004787878331834389, -0.9999997288490022, -0.0005595213428675194, 0.03512137138886749], [0.0, 0.0, 0.0, 1.0]]}, "Hobj2base": {"type": "ndarray", "data": [[0.9999998286671559, 0.0001571721994981774, 0.0005638816884780151, -0.7380072146631592], [0.00015664712491519653, -0.9999995542552802, 0.0009311019914788279, 0.08932385398012344], [0.0005640277804786879, -0.000931013501505183, -0.9999994075430856, -0.0038265884699204646], [0.0, 0.0, 0.0, 1.0]]}, "mean_rme": {"type": "float", "data": 0.0008792945408620905}, "max_rme": {"type": "float", "data": 0.003199711088106072}, "simu": {"type": "float", "data": 0.002}}, {"type": "dict", "image_number": {"type": "int", "data": 7}, "Hcamera2end": {"type": "ndarray", "data": [[0.9999995609282899, 0.0006022864205251617, -0.0007179096705043535, -0.013806621816495612], [0.00071829425454174, -0.0006385669897797097, 0.9999995381426753, 0.0341322291346112], [0.0006018277089375394, -0.9999996147415596, -0.0006389993282784889, 0.03518899844208101], [0.0, 0.0, 0.0, 1.0]]}, "Hobj2base": {"type": "ndarray", "data": [[0.9999997334066465, 0.0002540472275415996, 0.0006845777108421078, -0.7376166603591291], [0.0002531910792770069, -0.9999991861729027, 0.0012504190533474172, 0.09007086918334485], [0.000684894819207985, -0.0012502453910245514, -0.9999989839022578, -0.0038873384180579474], [0.0, 0.0, 0.0, 1.0]]}, "mean_rme": {"type": "float", "data": 0.0011418801389389234}, "max_rme": {"type": "float", "data": 0.0036546810213975434}, "simu": {"type": "float", "data": 0.002}}, {"type": "dict", "image_number": {"type": "int", "data": 8}, "Hcamera2end": {"type": "ndarray", "data": [[0.9999998427062128, 0.0003633154640139793, -0.0004273048365020873, -0.013881197001466302], [0.0004278231975337327, -0.0014278732782107006, 0.9999988890719894, 0.03383558442475526], [0.0003627049232389621, -0.9999989145892983, -0.001428028488398736, 0.035312642988292786], [0.0, 0.0, 0.0, 1.0]]}, "Hobj2base": {"type": "ndarray", "data": [[0.9999989460965639, 0.00013268235985011673, 0.0014457527979287704, -0.736845460879796], [0.00013043261114492046, -0.9999987807817281, 0.0015560920255792137, 0.09059702485844402], [0.0014459575012026398, -0.0015559018122959774, -0.9999977441856835, -0.0038952921952107172], [0.0, 0.0, 0.0, 1.0]]}, "mean_rme": {"type": "float", "data": 0.0013861381926846305}, "max_rme": {"type": "float", "data": 0.0037760671119736466}, "simu": {"type": "float", "data": 0.002}}, {"type": "dict", "image_number": {"type": "int", "data": 9}, "Hcamera2end": {"type": "ndarray", "data": [[0.9999999924273318, -3.2114815913418735e-05, 0.00011880225075362669, -0.014026768399037812], [-0.00011884055202521182, -0.001195276230722353, 0.9999992785955673, 0.03373031354710449], [-3.197279123916601e-05, -0.9999992851414296, -0.0011952800382133422, 0.03515455291999031], [0.0, 0.0, 0.0, 1.0]]}, "Hobj2base": {"type": "ndarray", "data": [[0.9999991759196672, -0.00023019564060757454, 0.001263000377493312, -0.7369999541967217], [-0.00023240575775381093, -0.9999984416959016, 0.0017500266661987741, 0.09105005454218161], [0.0012625955608451416, -0.0017503187525959914, -0.9999976711156451, -0.0038049864567452508], [0.0, 0.0, 0.0, 1.0]]}, "mean_rme": {"type": "float", "data": 0.0013814469084568969}, "max_rme": {"type": "float", "data": 0.0038145776513325846}, "simu": {"type": "float", "data": 0.002}}, {"type": "dict", "image_number": {"type": "int", "data": 10}, "Hcamera2end": {"type": "ndarray", "data": [[0.9999999958065438, 9.156678366677119e-05, 1.5609496020904139e-06, -0.01361788000297844], [-1.4158415206694177e-06, -0.0015847026787658702, 0.9999987443569194, 0.033700880247836594], [9.15691423325887e-05, -0.9999987401656785, -0.001584702542476446, 0.03488602359976466], [0.0, 0.0, 0.0, 1.0]]}, "Hobj2base": {"type": "ndarray", "data": [[0.9999980247204094, -8.498802783125383e-05, 0.001985782544639257, -0.7364951682481895], [-8.721511125250257e-05, -0.9999993673663841, 0.0011214545718083305, 0.09076101157885993], [0.001985685978154104, -0.0011216255468675569, -0.9999973995002833, -0.004183763440868465], [0.0, 0.0, 0.0, 1.0]]}, "mean_rme": {"type": "float", "data": 0.0015038809245948841}, "max_rme": {"type": "float", "data": 0.0054711017867825895}, "simu": {"type": "float", "data": 0.002}}, {"type": "dict", "image_number": {"type": "int", "data": 11}, "Hcamera2end": {"type": "ndarray", "data": [[0.999999851096542, 1.1065488424921483e-05, 0.0005456046634569644, -0.013365144093299034], [-0.0005455880026712613, -0.0014535670049773408, 0.9999987947376205, 0.03352713045405557], [1.1858548024667374e-05, -0.9999989435097005, -0.0014535607513384008, 0.03471998338189172], [0.0, 0.0, 0.0, 1.0]]}, "Hobj2base": {"type": "ndarray", "data": [[0.999998332152875, -0.00016051471137306576, 0.0018193203389174335, -0.7364772329967767], [-0.00016318655611070822, -0.999998908377111, 0.0014685417030717645, 0.0912509654398967], [0.001819082630358102, -0.001468836142389277, -0.9999972667256496, -0.004365108302535715], [0.0, 0.0, 0.0, 1.0]]}, "mean_rme": {"type": "float", "data": 0.0014989154840074615}, "max_rme": {"type": "float", "data": 0.005490032659680816}, "simu": {"type": "float", "data": 0.002}}, {"type": "dict", "image_number": {"type": "int", "data": 12}, "Hcamera2end": {"type": "ndarray", "data": [[0.9999997741398121, 0.0005344061817678357, 0.0004075909193649213, -0.013372996779980557], [-0.0004065296892397161, -0.0019844189101236864, 0.9999979484054959, 0.033491398323962945], [0.0005352139165110326, -0.9999978882435812, -0.0019842012099435813, 0.03489302883247251], [0.0, 0.0, 0.0, 1.0]]}, "Hobj2base": {"type": "ndarray", "data": [[0.9999976134012315, 0.0003738394562223688, 0.002152541730637291, -0.7361064424114764], [0.00037114274101884517, -0.9999991460361326, 0.0012530682627676364, 0.09093065978684918], [0.002153008338802393, -0.0012522663719583976, -0.9999968981872027, -0.004352497257637057], [0.0, 0.0, 0.0, 1.0]]}, "mean_rme": {"type": "float", "data": 0.0015472634106315894}, "max_rme": {"type": "float", "data": 0.005248694147805183}, "simu": {"type": "float", "data": 0.002}}, {"type": "dict", "image_number": {"type": "int", "data": 13}, "Hcamera2end": {"type": "ndarray", "data": [[0.9999989738450102, 0.0005496843867438417, -0.001322934617279484, -0.013491902669284983], [0.0013240479339370224, -0.0020299710066480348, 0.9999970630530776, 0.033729486067570924], [0.0005469972534332054, -0.9999977885299484, -0.0020306967320598, 0.035005544501129505], [0.0, 0.0, 0.0, 1.0]]}, "Hobj2base": {"type": "ndarray", "data": [[0.9999971863756497, 0.00039499688214260164, 0.0023390635406456825, -0.7361161921412649], [0.0003952519628912644, -0.9999999159919097, -0.00010859125313854923, 0.08969895453668392], [0.002339020450939003, 0.00010951546705932276, -0.9999972584910888, -0.004238602888560001], [0.0, 0.0, 0.0, 1.0]]}, "mean_rme": {"type": "float", "data": 0.00165408141940009}, "max_rme": {"type": "float", "data": 0.004827084153644634}, "simu": {"type": "float", "data": 0.002}}, {"type": "dict", "image_number": {"type": "int", "data": 14}, "Hcamera2end": {"type": "ndarray", "data": [[0.9999992723482938, 0.0002952027856912221, -0.0011696829478067936, -0.013537383322914015], [0.0011702450671695727, -0.001911245870247491, 0.9999974888297001, 0.0337390674443924], [0.00029296649268325956, -0.999998129995521, -0.0019115899391299873, 0.03499182165617397], [0.0, 0.0, 0.0, 1.0]]}, "Hobj2base": {"type": "ndarray", "data": [[0.9999973310057116, 0.0001182811065595473, 0.002307377522853064, -0.7361880826007836], [0.00011844712071850418, -0.999999990406603, -7.181276464066464e-05, 0.0897433074527857], [0.002307369006624209, 7.208587519679854e-05, -0.9999973354223968, -0.004267693460415286], [0.0, 0.0, 0.0, 1.0]]}, "mean_rme": {"type": "float", "data": 0.0015635025846836232}, "max_rme": {"type": "float", "data": 0.0048481575086567474}, "simu": {"type": "float", "data": 0.002}}, {"type": "dict", "image_number": {"type": "int", "data": 15}, "Hcamera2end": {"type": "ndarray", "data": [[0.9999991168740777, 0.001021120214019614, -0.0008506259890326339, -0.01372862911254796], [0.0008527895291321743, -0.002120228548937675, 0.9999973886870501, 0.03363983579075985], [0.0010193140260487605, -0.9999972309683707, -0.002121097477135292, 0.03508401680154554], [0.0, 0.0, 0.0, 1.0]]}, "Hobj2base": {"type": "ndarray", "data": [[0.9999965439671873, 0.0008274002072404238, 0.002495488444818832, -0.7359940257768486], [0.0008274842520179674, -0.9999996571019543, -3.2646385880914115e-05, 0.08970155145550579], [0.0024954605774942774, 3.471125044311368e-05, -0.9999968857309682, -0.004228107433877678], [0.0, 0.0, 0.0, 1.0]]}, "mean_rme": {"type": "float", "data": 0.0015645853993597875}, "max_rme": {"type": "float", "data": 0.004892567698569772}, "simu": {"type": "float", "data": 0.002}}, {"type": "dict", "image_number": {"type": "int", "data": 16}, "Hcamera2end": {"type": "ndarray", "data": [[0.9999994685913357, 0.0010307379451353427, 1.9908156312494645e-05, -0.013730188213584533], [-1.7669181328884196e-05, -0.0021721693802445596, 0.9999976406812088, 0.03360434167969528], [0.001030778757183499, -0.9999971096255591, -0.0021721500136393512, 0.035074558133843456], [0.0, 0.0, 0.0, 1.0]]}, "Hobj2base": {"type": "ndarray", "data": [[0.9999966051337617, 0.0008493817460849196, 0.0024633862062101984, -0.7359964005193873], [0.0008475989948439083, -0.9999993782266761, 0.0007246531619000036, 0.09012441374119508], [0.0024640001817103296, -0.0007225627381271537, -0.9999967032976627, -0.004303807515320442], [0.0, 0.0, 0.0, 1.0]]}, "mean_rme": {"type": "float", "data": 0.0015264460817935807}, "max_rme": {"type": "float", "data": 0.004968738563473629}, "simu": {"type": "float", "data": 0.002}}, {"type": "dict", "image_number": {"type": "int", "data": 17}, "Hcamera2end": {"type": "ndarray", "data": [[0.9999998600337863, 0.0005145880729978678, 0.00012301025591924327, -0.013770722796562702], [-0.00012189732434076322, -0.002162234672240304, 0.9999976549383826, 0.033636466528178144], [0.0005148528432975187, -0.9999975299671181, -0.0021621716426911686, 0.03505624696234821], [0.0, 0.0, 0.0, 1.0]]}, "Hobj2base": {"type": "ndarray", "data": [[0.9999970760312346, 0.00035217463686076195, 0.002392467764991127, -0.7360868224104156], [0.0003507050714865096, -0.9999997496127415, 0.0006146384358457098, 0.09007562320946742], [0.0023926836260156274, -0.0006137975880835709, -0.9999969491541394, -0.00435348664787612], [0.0, 0.0, 0.0, 1.0]]}, "mean_rme": {"type": "float", "data": 0.0015299339554269548}, "max_rme": {"type": "float", "data": 0.004902906097050463}, "simu": {"type": "float", "data": 0.002}}, {"type": "dict", "image_number": {"type": "int", "data": 18}, "Hcamera2end": {"type": "ndarray", "data": [[0.9999996783880658, 0.00030900794141090337, 0.0007400931407778198, -0.013863133657155118], [-0.0007393823501834926, -0.0022940467388445906, 0.9999970953274314, 0.033724810795824386], [0.0003107048521000552, -0.9999973209282372, -0.002293817526033859, 0.03517258090914762], [0.0, 0.0, 0.0, 1.0]]}, "Hobj2base": {"type": "ndarray", "data": [[0.999996676619809, 0.00017112629135278645, 0.002572443416198912, -0.7360398703411796], [0.00016790619758844173, -0.9999992022409341, 0.0012519285138190128, 0.09036509359597664], [0.0025726556018924648, -0.001251492423992064, -0.9999959075965592, -0.004278206856638735], [0.0, 0.0, 0.0, 1.0]]}, "mean_rme": {"type": "float", "data": 0.0015515322097291915}, "max_rme": {"type": "float", "data": 0.005029581356669949}, "simu": {"type": "float", "data": 0.002}}, {"type": "dict", "image_number": {"type": "int", "data": 19}, "Hcamera2end": {"type": "ndarray", "data": [[0.9999997067684115, 0.0005850101345251421, 0.0004941925065276026, -0.013789575256557721], [-0.0004929700943193682, -0.0020878605472287592, 0.9999976989067633, 0.03370784862337186], [0.000586040593399393, -0.9999976492979762, -0.0020875715425008323, 0.03510119197335101], [0.0, 0.0, 0.0, 1.0]]}, "Hobj2base": {"type": "ndarray", "data": [[0.9999965258586041, 0.0005328014686947508, 0.0025815486276919413, -0.7360673608337774], [0.0005300417394835382, -0.9999992875193704, 0.001069587072974865, 0.09028422313641549], [0.002582116665951927, -0.0010682150285529549, -0.9999960957874672, -0.004320010968733248], [0.0, 0.0, 0.0, 1.0]]}, "mean_rme": {"type": "float", "data": 0.0014998678465343678}, "max_rme": {"type": "float", "data": 0.0049874345977886925}, "simu": {"type": "float", "data": 0.002}}, {"type": "dict", "image_number": {"type": "int", "data": 20}, "Hcamera2end": {"type": "ndarray", "data": [[0.9999996082177486, 0.0004229639984875004, 0.0007776026011119972, -0.013794312442815794], [-0.0007765612122224071, -0.0024567387077607528, 0.9999966806882938, 0.03409537808578264], [0.0004248729609475562, -0.9999968927633613, -0.0024564092878187616, 0.03359889608526003], [0.0, 0.0, 0.0, 1.0]]}, "Hobj2base": {"type": "ndarray", "data": [[0.9999955897088317, 0.00039191090368223303, 0.0029439715911269444, -0.7343666203006134], [0.00038791541320696757, -0.9999990031869443, 0.0013576254082503273, 0.09035336765854413], [0.0029445007247382374, -0.001356477408770738, -0.9999947449284525, -0.00465292311998231], [0.0, 0.0, 0.0, 1.0]]}, "mean_rme": {"type": "float", "data": 0.0015144799564599765}, "max_rme": {"type": "float", "data": 0.004946646037449681}, "simu": {"type": "float", "data": 0.002}}, {"type": "dict", "image_number": {"type": "int", "data": 21}, "Hcamera2end": {"type": "ndarray", "data": [[0.9999995808940437, 0.00042001778216108315, 0.0008135089425565766, -0.013809269133850614], [-0.0008125111022291345, -0.0023704395821477764, 0.9999968604160194, 0.033583022140760393], [0.0004219448372778503, -0.9999971022964265, -0.002370097319571274, 0.03369610045747807], [0.0, 0.0, 0.0, 1.0]]}, "Hobj2base": {"type": "ndarray", "data": [[0.9999958735643265, 0.00039187423463134263, 0.0028459249645131986, -0.7345668639732116], [0.00038780293377971785, -0.9999989009475836, 0.0014309830568063355, 0.09045683959343533], [0.0028464826020826463, -0.0014298734938962467, -0.9999949264864232, -0.004131786499736022], [0.0, 0.0, 0.0, 1.0]]}, "mean_rme": {"type": "float", "data": 0.0014953550468282766}, "max_rme": {"type": "float", "data": 0.0050550603443257625}, "simu": {"type": "float", "data": 0.002}}, {"type": "dict", "image_number": {"type": "int", "data": 22}, "Hcamera2end": {"type": "ndarray", "data": [[0.999998805434364, 0.0012640310015237474, 0.0008895816275236595, -0.013870924279141002], [-0.0008866405248483104, -0.0023254231156242255, 0.9999969031331611, 0.03379939436553868], [0.0012660957406679335, -0.9999964973103458, -0.0023242995966430424, 0.03335348881985467], [0.0, 0.0, 0.0, 1.0]]}, "Hobj2base": {"type": "ndarray", "data": [[0.9999954379260146, 0.0012202326823126319, 0.0027631792122985626, -0.7342474987319245], [0.0012165576154588968, -0.9999983738068061, 0.001331304364598788, 0.09029320411130927], [0.0027647992199311237, -0.0013279367243761802, -0.9999952962236018, -0.004302512256816294], [0.0, 0.0, 0.0, 1.0]]}, "mean_rme": {"type": "float", "data": 0.0014654289383347467}, "max_rme": {"type": "float", "data": 0.004941923793556902}, "simu": {"type": "float", "data": 0.002}}, {"type": "dict", "image_number": {"type": "int", "data": 23}, "Hcamera2end": {"type": "ndarray", "data": [[0.9999992135482414, 0.0009193100292193561, 0.0008530955215618723, -0.013863216883398113], [-0.0008510493253480807, -0.002223892849516629, 0.9999971650038016, 0.0337261654865672], [0.0009212046160092736, -0.9999971045806407, -0.002223108722351874, 0.032955045890760794], [0.0, 0.0, 0.0, 1.0]]}, "Hobj2base": {"type": "ndarray", "data": [[0.9999962462512177, 0.0008683322706996325, 0.00259874634034641, -0.7339225452969937], [0.0008647794430892849, -0.9999986904434901, 0.0013679429153048124, 0.09037215827641953], [0.002599930766119057, -0.0013656904379778247, -0.9999956876155209, -0.004177278602159433], [0.0, 0.0, 0.0, 1.0]]}, "mean_rme": {"type": "float", "data": 0.001433861616414448}, "max_rme": {"type": "float", "data": 0.0050157293232130085}, "simu": {"type": "float", "data": 0.002}}, {"type": "dict", "image_number": {"type": "int", "data": 24}, "Hcamera2end": {"type": "ndarray", "data": [[0.9999986139935721, 0.0013235515082240489, 0.0010100605624327067, -0.013848531643528457], [-0.001007180691133118, -0.0021747294402012507, 0.9999971280653349, 0.03402848993928845], [0.0013257443155120995, -0.9999967593763829, -0.002173393370489496, 0.033973068811604216], [0.0, 0.0, 0.0, 1.0]]}, "Hobj2base": {"type": "ndarray", "data": [[0.9999958655293552, 0.0012696806264929509, 0.0025800843595591076, -0.7349113514942838], [0.0012659400402472228, -0.9999981461284031, 0.0014509085328713385, 0.09043746419342387], [0.0025819217668689967, -0.0014476363020346195, -0.9999956190049666, -0.004543416187565548], [0.0, 0.0, 0.0, 1.0]]}, "mean_rme": {"type": "float", "data": 0.0014437098759999387}, "max_rme": {"type": "float", "data": 0.005012373888638733}, "simu": {"type": "float", "data": 0.002}}, {"type": "dict", "image_number": {"type": "int", "data": 25}, "Hcamera2end": {"type": "ndarray", "data": [[0.999998742252869, 0.0010559837342898962, 0.0011833811866421551, -0.013765179830116422], [-0.0011812081980990493, -0.002056042447722506, 0.999997188714371, 0.03357982465224463], [0.0010584138475695725, -0.9999973287903352, -0.0020547925250971044, 0.03488430010823498], [0.0, 0.0, 0.0, 1.0]]}, "Hobj2base": {"type": "ndarray", "data": [[0.9999965317124522, 0.0009988039509440517, 0.002436996867918326, -0.7359342888471403], [0.0009947831366641747, -0.9999981430272575, 0.001650560070504849, 0.09058327418235956], [0.002438640928401261, -0.0016481300624996008, -0.9999956683394775, -0.004132252048770098], [0.0, 0.0, 0.0, 1.0]]}, "mean_rme": {"type": "float", "data": 0.0014828243332214181}, "max_rme": {"type": "float", "data": 0.0049994050639758925}, "simu": {"type": "float", "data": 0.002}}, {"type": "dict", "image_number": {"type": "int", "data": 26}, "Hcamera2end": {"type": "ndarray", "data": [[0.9999988972950243, 0.0007948977474001131, 0.0012544107407460377, -0.013803071625707066], [-0.0012528325863525684, -0.0019827527576303794, 0.9999972495472239, 0.033392080466623036], [0.0007973827474268122, -0.9999977184119339, -0.0019817546974383315, 0.03527616056302508], [0.0, 0.0, 0.0, 1.0]]}, "Hobj2base": {"type": "ndarray", "data": [[0.9999968228944777, 0.0007144187918989377, 0.0024173966866040657, -0.7363458558967391], [0.0007101694853305834, -0.9999982021859743, 0.001758204800716583, 0.09073773325124607], [0.0024186484351240356, -0.001756482453353636, -0.9999955324445897, -0.003964487770535733], [0.0, 0.0, 0.0, 1.0]]}, "mean_rme": {"type": "float", "data": 0.0014831032771150888}, "max_rme": {"type": "float", "data": 0.005152378559056842}, "simu": {"type": "float", "data": 0.002}}, {"type": "dict", "image_number": {"type": "int", "data": 27}, "Hcamera2end": {"type": "ndarray", "data": [[0.9999994828835846, 0.0007733536792152904, 0.0006604215700793664, -0.013922808119222155], [-0.0006588921846099993, -0.0019761892848870755, 0.9999978302661459, 0.0330561513023519], [0.0007746571192739302, -0.9999977482974636, -0.0019756787062721326, 0.03431320490295741], [0.0, 0.0, 0.0, 1.0]]}, "Hobj2base": {"type": "ndarray", "data": [[0.9999967111797854, 0.0007171136278982114, 0.002462392669231076, -0.735401199859533], [0.000714364812006347, -0.9999991209773653, 0.0011170171941126974, 0.09038280557553678], [0.002463191532984679, -0.0011152544737677282, -0.9999963444407836, -0.003587451539951212], [0.0, 0.0, 0.0, 1.0]]}, "mean_rme": {"type": "float", "data": 0.0014876882635394457}, "max_rme": {"type": "float", "data": 0.005161698885565447}, "simu": {"type": "float", "data": 0.002}}, {"type": "dict", "image_number": {"type": "int", "data": 28}, "Hcamera2end": {"type": "ndarray", "data": [[0.9999994343208799, 0.0010265183785875696, 0.0002785999617050911, -0.01387947227820662], [-0.0002765078424535183, -0.0020376514265325607, 0.9999978857578036, 0.033117277958989506], [0.0010270838978884984, -0.9999973971149538, -0.002037366433493615, 0.0340254121636655], [0.0, 0.0, 0.0, 1.0]]}, "Hobj2base": {"type": "ndarray", "data": [[0.9999965345460962, 0.0009715463179024637, 0.002446833372026956, -0.7351223537412352], [0.0009698738406597924, -0.9999992953191179, 0.0006846210636136166, 0.08998502991926546], [0.002447496788863769, -0.0006822455714108966, -0.9999967721450149, -0.00363770447311466], [0.0, 0.0, 0.0, 1.0]]}, "mean_rme": {"type": "float", "data": 0.0015565648268564144}, "max_rme": {"type": "float", "data": 0.006652773372523235}, "simu": {"type": "float", "data": 0.002}}, {"type": "dict", "image_number": {"type": "int", "data": 29}, "Hcamera2end": {"type": "ndarray", "data": [[0.999999384692561, 0.0010050892774405257, 0.0004694784805555784, -0.013895195351544373], [-0.0004674191760999642, -0.002048132564920424, 0.9999977933337204, 0.03293972379569703], [0.0010060486137084645, -0.9999973974708839, -0.002047661506687337, 0.03424654042603313], [0.0, 0.0, 0.0, 1.0]]}, "Hobj2base": {"type": "ndarray", "data": [[0.9999968043647693, 0.0009337407857956966, 0.0023493378629018857, -0.7354078140727716], [0.0009317909110909125, -0.9999992206639761, 0.0008309254712322758, 0.09003505912792938], [0.002350111900980703, -0.0008287337242298323, -0.9999968950824134, -0.003457713247612465], [0.0, 0.0, 0.0, 1.0]]}, "mean_rme": {"type": "float", "data": 0.001543380914906829}, "max_rme": {"type": "float", "data": 0.006645182103594466}, "simu": {"type": "float", "data": 0.002}}, {"type": "dict", "image_number": {"type": "int", "data": 30}, "Hcamera2end": {"type": "ndarray", "data": [[0.9999993082551165, 0.0010068806373818332, -0.0006080137091070419, -0.014044703252549392], [0.0006100749422265181, -0.002048107201276128, 0.9999977165301215, 0.032584290878062944], [0.0010056330609441297, -0.999997395720746, -0.0020487200571550623, 0.03342967300243516], [0.0, 0.0, 0.0, 1.0]]}, "Hobj2base": {"type": "ndarray", "data": [[0.9999966943829943, 0.0009866267959886717, 0.00237440321970095, -0.7346156883617624], [0.0009874932198993243, -0.9999994462688131, -0.0003637570717273764, 0.08937564046444797], [0.002374043012445641, 0.000366100576366576, -0.9999971149409093, -0.003093078722775888], [0.0, 0.0, 0.0, 1.0]]}, "mean_rme": {"type": "float", "data": 0.001581690115648901}, "max_rme": {"type": "float", "data": 0.006536816524352257}, "simu": {"type": "float", "data": 0.002}}]}