{"type": "list", "data": [{"type": "dict", "image_number": {"type": "int", "data": 5}, "Hcamera2end": {"type": "ndarray", "data": [[0.9999918133335067, 0.0015412248241317788, -0.0037413756836909423, -0.018659919223778], [0.0037393554619927897, 0.0013115925040488863, 0.9999921484420927, 0.0358523510541387], [0.001546119883417384, -0.9999979521734758, 0.0013058185790142396, 0.026635605087226087], [0.0, 0.0, 0.0, 1.0]]}, "Hobj2base": {"type": "ndarray", "data": [[0.99999845105379, 0.0012144778982005318, 0.0012739440550798675, -0.7302800204592396], [0.0012172025960147969, -0.9999969689788697, -0.002140198802464703, 0.08523796149516884], [0.001271340969585169, 0.0021417461354229, -0.999996898303005, -0.0008039331461224374], [0.0, 0.0, 0.0, 1.0]]}, "mean_rme": {"type": "float", "data": 0.0008528100547644136}, "max_rme": {"type": "float", "data": 0.0028104103178036577}, "simu": {"type": "float", "data": 0.002}}, {"type": "dict", "image_number": {"type": "int", "data": 6}, "Hcamera2end": {"type": "ndarray", "data": [[0.9999927023274277, 0.0010659075489465632, -0.0036686691027831876, -0.018894051641434775], [0.003668224946795956, 0.0004183494090649331, 0.9999931845315306, 0.035458935485902086], [0.0010674350698384762, -0.9999993444122197, 0.0004144363674258855, 0.026723829804672368], [0.0, 0.0, 0.0, 1.0]]}, "Hobj2base": {"type": "ndarray", "data": [[0.9999990157402738, 0.0008611345309971877, 0.0011076848844286226, -0.7297151273569901], [0.0008639294920988876, -0.999996438370639, -0.0025252468929077743, 0.08469649418742431], [0.001105506361966839, 0.0025262013690485687, -0.9999961980739365, -0.0008777073383440156], [0.0, 0.0, 0.0, 1.0]]}, "mean_rme": {"type": "float", "data": 0.0010657571040509526}, "max_rme": {"type": "float", "data": 0.003303215672713883}, "simu": {"type": "float", "data": 0.002}}, {"type": "dict", "image_number": {"type": "int", "data": 7}, "Hcamera2end": {"type": "ndarray", "data": [[0.9999931412419809, 0.0008756215067775102, -0.003598715878267788, -0.018741197469243298], [0.0035983543495053693, 0.00041410814637854454, 0.9999934401586934, 0.03567149921973484], [0.0008771060204010731, -0.9999995309005998, 0.0004109545096534495, 0.0269203473971755], [0.0, 0.0, 0.0, 1.0]]}, "Hobj2base": {"type": "ndarray", "data": [[0.9999994518045862, 0.0007510785494558547, 0.0007295694208298617, -0.7299791603505545], [0.0007529306445771604, -0.9999964865103224, -0.002541665291838648, 0.08499364207339008], [0.0007276578672146358, 0.0025422132136836808, -0.999996503826891, -0.0007127432621942502], [0.0, 0.0, 0.0, 1.0]]}, "mean_rme": {"type": "float", "data": 0.0010299648808304064}, "max_rme": {"type": "float", "data": 0.003171694872553865}, "simu": {"type": "float", "data": 0.002}}, {"type": "dict", "image_number": {"type": "int", "data": 8}, "Hcamera2end": {"type": "ndarray", "data": [[0.9999928461575686, 0.0009241537899360272, -0.0036679113209039963, -0.018236098488235833], [0.0036667453705684617, 0.0012601923109268887, 0.999992483418614, 0.03592219516716627], [0.0009287691171026172, -0.9999987789268105, 0.001256794659078686, 0.027230093867244724], [0.0, 0.0, 0.0, 1.0]]}, "Hobj2base": {"type": "ndarray", "data": [[0.9999996280836444, 0.0008564911411014969, -0.00010126943295723072, -0.7306705710247636], [0.0008562061423684246, -0.9999957648321107, -0.0027815874754739253, 0.08515701202932907], [-0.00010365140909512238, 0.0027814997334455168, -0.9999961262503061, -0.0002683115669621858], [0.0, 0.0, 0.0, 1.0]]}, "mean_rme": {"type": "float", "data": 0.00118746352134414}, "max_rme": {"type": "float", "data": 0.0037385747791426893}, "simu": {"type": "float", "data": 0.002}}, {"type": "dict", "image_number": {"type": "int", "data": 9}, "Hcamera2end": {"type": "ndarray", "data": [[0.9999939544187251, 0.0005900786403914351, -0.0034267963463001636, -0.018603725161913005], [0.003426464524302759, 0.0005624309396898841, 0.9999939714879795, 0.03591720073827996], [0.0005920024193844342, -0.9999996677392631, 0.0005604056559400661, 0.027082258437487093], [0.0, 0.0, 0.0, 1.0]]}, "Hobj2base": {"type": "ndarray", "data": [[0.9999997875590185, 0.0005349428424374928, 0.00037244875222695065, -0.7303291488543292], [0.0005359340658388465, -0.9999963016031357, -0.002666374828719165, 0.0851963375060421], [0.0003710210166337745, 0.0026665738702459775, -0.9999963758570325, -0.0006486217595959761], [0.0, 0.0, 0.0, 1.0]]}, "mean_rme": {"type": "float", "data": 0.001257520162559529}, "max_rme": {"type": "float", "data": 0.004107826507396106}, "simu": {"type": "float", "data": 0.002}}, {"type": "dict", "image_number": {"type": "int", "data": 10}, "Hcamera2end": {"type": "ndarray", "data": [[0.9999929880945482, 0.0006055767979453544, -0.003695543055990831, -0.01845598992391663], [0.003695331717757782, 0.00034973475362276574, 0.9999931110808205, 0.03605854909160512], [0.0006068650860159258, -0.9999997554811422, 0.0003474944941668223, 0.027201342632459165], [0.0, 0.0, 0.0, 1.0]]}, "Hobj2base": {"type": "ndarray", "data": [[0.9999996833726893, 0.0005927983235139475, 0.0005308904488873138, -0.7303099654040903], [0.0005943789416841018, -0.9999953768738834, -0.0029821040447762528, 0.08521454032096773], [0.000529120208235527, 0.0029824186506638285, -0.9999954125948767, -0.0006118399508023176], [0.0, 0.0, 0.0, 1.0]]}, "mean_rme": {"type": "float", "data": 0.001234814219133188}, "max_rme": {"type": "float", "data": 0.0038666733133880804}, "simu": {"type": "float", "data": 0.002}}, {"type": "dict", "image_number": {"type": "int", "data": 11}, "Hcamera2end": {"type": "ndarray", "data": [[0.9999939162958547, 0.0007817452298883357, -0.003399447848520656, -0.018606666263187976], [0.0033992799273814627, 0.00021603135755865477, 0.9999941990963888, 0.03605100634193024], [0.0007824750823932744, -0.99999967110237, 0.00021337267241949842, 0.027217426587578804], [0.0, 0.0, 0.0, 1.0]]}, "Hobj2base": {"type": "ndarray", "data": [[0.9999995684333348, 0.0007443081743141925, 0.000556002235459944, -0.7302327976193177], [0.0007458455076800116, -0.9999958856596849, -0.0027699058073303987, 0.08529397749397279], [0.0005539382843430549, 0.0027703193037009644, -0.9999960092337035, -0.0006427098283693922], [0.0, 0.0, 0.0, 1.0]]}, "mean_rme": {"type": "float", "data": 0.0011973862094351684}, "max_rme": {"type": "float", "data": 0.003962788467362255}, "simu": {"type": "float", "data": 0.002}}, {"type": "dict", "image_number": {"type": "int", "data": 12}, "Hcamera2end": {"type": "ndarray", "data": [[0.9999930602559142, 0.0007288051941628665, -0.0036535302107165287, -0.018667430673312155], [0.003653366973476728, 0.00022518494680379142, 0.9999933010783104, 0.035966050563891794], [0.0007296230319600895, -0.9999997090673218, 0.00022252079125140156, 0.027143207015362644], [0.0, 0.0, 0.0, 1.0]]}, "Hobj2base": {"type": "ndarray", "data": [[0.999999691847494, 0.0006795456977402301, 0.00039309357862448043, -0.7302413534616522], [0.000680761382484443, -0.9999949608304195, -0.0031007866273492822, 0.08499827373360254], [0.000390984471547051, 0.003101053274762143, -0.9999951152879349, -0.0007380734637859321], [0.0, 0.0, 0.0, 1.0]]}, "mean_rme": {"type": "float", "data": 0.0012097278164612953}, "max_rme": {"type": "float", "data": 0.004123831829418334}, "simu": {"type": "float", "data": 0.002}}, {"type": "dict", "image_number": {"type": "int", "data": 13}, "Hcamera2end": {"type": "ndarray", "data": [[0.9999932461315051, 0.0007608279617033248, -0.003595668531415225, -0.018662300678327956], [0.003595506628260652, 0.00021405952762010294, 0.9999935132342632, 0.036021912095335396], [0.0007615927134978844, -0.9999996876596169, 0.0002113225199109614, 0.027142564960007727], [0.0, 0.0, 0.0, 1.0]]}, "Hobj2base": {"type": "ndarray", "data": [[0.9999996564055029, 0.000753221402139875, 0.0003461883813104814, -0.7302858134309097], [0.0007542259263254777, -0.9999954793093908, -0.0029107566083799693, 0.08517326129280277], [0.0003439943721260652, 0.002911016712512594, -0.9999957038155567, -0.0007221180667264302], [0.0, 0.0, 0.0, 1.0]]}, "mean_rme": {"type": "float", "data": 0.0011923191497831105}, "max_rme": {"type": "float", "data": 0.004104393509231141}, "simu": {"type": "float", "data": 0.002}}, {"type": "dict", "image_number": {"type": "int", "data": 14}, "Hcamera2end": {"type": "ndarray", "data": [[0.999991825148201, 0.0006888780733355423, -0.003984354874999221, -0.018766370839765498], [0.003984161748704313, 0.0002814944055765656, 0.9999920235762181, 0.035991509220774126], [0.0006899941521592383, -0.9999997231039113, 0.00027874750273226834, 0.027108624363829662], [0.0, 0.0, 0.0, 1.0]]}, "Hobj2base": {"type": "ndarray", "data": [[0.9999996985428675, 0.0007152625499975005, 0.0003021814995531324, -0.7302462042561523], [0.0007162810524138486, -0.999994017914587, -0.0033839439260678777, 0.08493930310134945], [0.000299759283515984, 0.003384159352836365, -0.9999942287882699, -0.0008729057895473116], [0.0, 0.0, 0.0, 1.0]]}, "mean_rme": {"type": "float", "data": 0.0011518855697589129}, "max_rme": {"type": "float", "data": 0.004192645492072988}, "simu": {"type": "float", "data": 0.002}}, {"type": "dict", "image_number": {"type": "int", "data": 15}, "Hcamera2end": {"type": "ndarray", "data": [[0.9999918636909765, 0.00041471753509730717, -0.00401255046243137, -0.01880732304595307], [0.004012447873805355, 0.00024790657662954185, 0.9999919193695467, 0.03600915682633743], [0.00041570892156685894, -0.9999998832758411, 0.00024624052709310007, 0.02712929506761426], [0.0, 0.0, 0.0, 1.0]]}, "Hobj2base": {"type": "ndarray", "data": [[0.9999998260035272, 0.00046372327158015786, 0.0003646280881494806, -0.7301226641677137], [0.00046499539438805775, -0.9999937790702476, -0.003496512560809079, 0.08502519882613001], [0.00036300440557993893, 0.0034966815028098803, -0.9999938207040426, -0.0009359127177810955], [0.0, 0.0, 0.0, 1.0]]}, "mean_rme": {"type": "float", "data": 0.0011344110577720756}, "max_rme": {"type": "float", "data": 0.004203077779244946}, "simu": {"type": "float", "data": 0.002}}, {"type": "dict", "image_number": {"type": "int", "data": 16}, "Hcamera2end": {"type": "ndarray", "data": [[0.9999950703140568, 0.0001595067518061577, -0.003135905799105207, -0.01864031704075691], [0.003135889307898874, 0.00010353400270379787, 0.999995077727365, 0.03608414631207091], [0.0001598306395499214, -0.999999981919153, 0.00010303329679617335, 0.027192561924139838], [0.0, 0.0, 0.0, 1.0]]}, "Hobj2base": {"type": "ndarray", "data": [[0.999999885542366, 0.00021063662691020283, 0.0004295898814954944, -0.7300612255275858], [0.0002117488362590126, -0.9999966219646748, -0.0025906025687364538, 0.08567740756160029], [0.00042904275453895587, 0.0025906932373796886, -0.999996552109488, -0.0007409851495104314], [0.0, 0.0, 0.0, 1.0]]}, "mean_rme": {"type": "float", "data": 0.0011457110408925354}, "max_rme": {"type": "float", "data": 0.00411736855686301}, "simu": {"type": "float", "data": 0.002}}, {"type": "dict", "image_number": {"type": "int", "data": 17}, "Hcamera2end": {"type": "ndarray", "data": [[0.9999939457394799, -0.00030849737102061335, -0.0034660227578903694, -0.01864617024245326], [0.0034660282978587987, 1.7425091348721722e-05, 0.9999939931540612, 0.03606491965885796], [-0.00030843512216126, -0.9999999522628681, 1.849424647037967e-05, 0.02721618718654389], [0.0, 0.0, 0.0, 1.0]]}, "Hobj2base": {"type": "ndarray", "data": [[0.9999998798741407, -0.00024531203201285035, 0.00042435092907719646, -0.7299423660896837], [-0.0002440174122840334, -0.9999953244869506, -0.003048189584088632, 0.08557744841861722], [0.0004250967025997233, 0.003048085668906625, -0.9999952642220604, -0.0008235836032000784], [0.0, 0.0, 0.0, 1.0]]}, "mean_rme": {"type": "float", "data": 0.001114613416776934}, "max_rme": {"type": "float", "data": 0.004147766923367546}, "simu": {"type": "float", "data": 0.002}}, {"type": "dict", "image_number": {"type": "int", "data": 18}, "Hcamera2end": {"type": "ndarray", "data": [[0.9999943690233134, -0.0005139237561666856, -0.0033162937201123197, -0.018733843421453247], [0.0033164175230766288, 0.0002402328638319018, 0.9999944718162114, 0.036182819162007857], [-0.0005131242323640184, -0.999999839085259, 0.00024193589683674244, 0.028499979503359325], [0.0, 0.0, 0.0, 1.0]]}, "Hobj2base": {"type": "ndarray", "data": [[0.9999999014198088, -0.0004440272497629938, 4.1737747235987194e-07, -0.7313599769322662], [-0.0004440242268527104, -0.9999957891890521, -0.002867829606226589, 0.0856129317449617], [1.690770207703924e-06, 0.002867829138189689, -0.9999958877681323, -0.0009329484926763424], [0.0, 0.0, 0.0, 1.0]]}, "mean_rme": {"type": "float", "data": 0.001128043931293651}, "max_rme": {"type": "float", "data": 0.004257319197050302}, "simu": {"type": "float", "data": 0.002}}, {"type": "dict", "image_number": {"type": "int", "data": 19}, "Hcamera2end": {"type": "ndarray", "data": [[0.9999937473927356, -0.00017748902864108264, -0.0035318087545007978, -0.018796485876403278], [0.0035317964764297006, -6.944238971717809e-05, 0.9999937607762377, 0.036864761555147875], [-0.00017773317848725472, -0.9999999818376992, -6.881510039535854e-05, 0.029367387656152696], [0.0, 0.0, 0.0, 1.0]]}, "Hobj2base": {"type": "ndarray", "data": [[0.9999999548530241, -0.0001600459847082898, 0.00025432112110010933, -0.7320706750189662], [-0.00015925173687431426, -0.9999951202040336, -0.0031199690710979324, 0.08538845320947513], [0.00025481921858717173, 0.003119928429160505, -0.9999951005448788, -0.0017599094113907997], [0.0, 0.0, 0.0, 1.0]]}, "mean_rme": {"type": "float", "data": 0.001139422735088322}, "max_rme": {"type": "float", "data": 0.004345632456756288}, "simu": {"type": "float", "data": 0.002}}, {"type": "dict", "image_number": {"type": "int", "data": 20}, "Hcamera2end": {"type": "ndarray", "data": [[0.9999942529206267, -0.0008145211603199829, -0.0032909999995636057, -0.018840869241015013], [0.003290394829555341, -0.0007432046163280415, 0.9999943104581966, 0.036902929791140425], [-0.0008169624124598025, -0.9999993921009042, -0.0007405202488575124, 0.031208339551424994], [0.0, 0.0, 0.0, 1.0]]}, "Hobj2base": {"type": "ndarray", "data": [[0.999999390282404, -0.0007996401139962032, 0.0007615842095007212, -0.7335934512625336], [-0.0007975479612129489, -0.999995918665179, -0.002743459537597378, 0.08547914890834238], [0.000763774881517956, 0.0027428504649282446, -0.9999959467014141, -0.0019876662385015036], [0.0, 0.0, 0.0, 1.0]]}, "mean_rme": {"type": "float", "data": 0.0012101895605458508}, "max_rme": {"type": "float", "data": 0.004733166412313472}, "simu": {"type": "float", "data": 0.002}}, {"type": "dict", "image_number": {"type": "int", "data": 21}, "Hcamera2end": {"type": "ndarray", "data": [[0.9999938815203024, -0.0014602213663412128, -0.0031787852271915966, -0.018948967322457703], [0.003176633841534931, -0.0014732925636995464, 0.9999938691844358, 0.03706599476231872], [-0.0014648956946301524, -0.9999978485789772, -0.0014686449607805852, 0.03233274712332224], [0.0, 0.0, 0.0, 1.0]]}, "Hobj2base": {"type": "ndarray", "data": [[0.9999979667108914, -0.001469095554962256, 0.0013814240237817782, -0.7343433619313429], [-0.001465597522540284, -0.9999957260458632, -0.0025298051128866644, 0.08565051464332468], [0.0013851346450851195, 0.0025277753574346495, -0.9999958458682503, -0.002324655474845669], [0.0, 0.0, 0.0, 1.0]]}, "mean_rme": {"type": "float", "data": 0.001247207167491513}, "max_rme": {"type": "float", "data": 0.004782750994958285}, "simu": {"type": "float", "data": 0.002}}, {"type": "dict", "image_number": {"type": "int", "data": 22}, "Hcamera2end": {"type": "ndarray", "data": [[0.9999939478668344, -0.0021688065959354413, -0.00272038740849998, -0.01901793195347763], [0.002717898563287232, -0.0011496869684173294, 0.9999956456141569, 0.03662639248880165], [-0.002171924746067302, -0.9999969872443738, -0.0011437854140274872, 0.033492902625050225], [0.0, 0.0, 0.0, 1.0]]}, "Hobj2base": {"type": "ndarray", "data": [[0.999997282421165, -0.0021618311794048147, 0.0008727177300733687, -0.7356755426556562], [-0.0021600930536690897, -0.9999956915577983, -0.0019876780022065853, 0.08592998625482197], [0.0008770109942992575, 0.00198578744902837, -0.9999976437471858, -0.0018060302407276816], [0.0, 0.0, 0.0, 1.0]]}, "mean_rme": {"type": "float", "data": 0.0013122174756085045}, "max_rme": {"type": "float", "data": 0.004894605747834679}, "simu": {"type": "float", "data": 0.002}}, {"type": "dict", "image_number": {"type": "int", "data": 23}, "Hcamera2end": {"type": "ndarray", "data": [[0.9999950110438705, -0.001880290492840951, -0.002538187351616104, -0.01895632352261012], [0.0025356587731697484, -0.0013459462515612586, 0.9999958794231473, 0.037429015002274614], [-0.0018836990087111383, -0.9999973264646013, -0.0013411717616103047, 0.03395998805079813], [0.0, 0.0, 0.0, 1.0]]}, "Hobj2base": {"type": "ndarray", "data": [[0.9999979224202165, -0.0018882699200095522, 0.0007678489173989945, -0.7361147995329647], [-0.0018869056739738831, -0.9999966470101045, -0.0017735714043872189, 0.0858668519203197], [0.0007711953243432264, 0.0017721188611721297, -0.9999981324245131, -0.0025831322551208157], [0.0, 0.0, 0.0, 1.0]]}, "mean_rme": {"type": "float", "data": 0.0013615193315850032}, "max_rme": {"type": "float", "data": 0.005259320602615358}, "simu": {"type": "float", "data": 0.002}}, {"type": "dict", "image_number": {"type": "int", "data": 24}, "Hcamera2end": {"type": "ndarray", "data": [[0.9999958026795694, -0.0019967730506288755, -0.002099409590334825, -0.018997249063754197], [0.0020966690035631895, -0.0013736123058742944, 0.999996858579227, 0.03740301356732307], [-0.00199965055277289, -0.9999970630389959, -0.0013694199682210417, 0.034280049218142455], [0.0, 0.0, 0.0, 1.0]]}, "Hobj2base": {"type": "ndarray", "data": [[0.9999978640397755, -0.0019946972720287304, 0.0005413858877698601, -0.7365220041243568], [-0.0019939774786847586, -0.9999971317737721, -0.0013268376101961436, 0.08605467310938948], [0.0005440309743141407, 0.0013257552648562932, -0.9999989732011114, -0.002473562557058044], [0.0, 0.0, 0.0, 1.0]]}, "mean_rme": {"type": "float", "data": 0.0013715132614642279}, "max_rme": {"type": "float", "data": 0.005485565093837685}, "simu": {"type": "float", "data": 0.002}}, {"type": "dict", "image_number": {"type": "int", "data": 25}, "Hcamera2end": {"type": "ndarray", "data": [[0.9999949686481913, -0.0022800505553301743, -0.0022054586299038855, -0.018907456012350898], [0.0022021166755223196, -0.001467209860032792, 0.9999964989825583, 0.038073009069682154], [-0.0022832784434811022, -0.9999963243255905, -0.0014621815406348215, 0.0344658009093165], [0.0, 0.0, 0.0, 1.0]]}, "Hobj2base": {"type": "ndarray", "data": [[0.9999972489013195, -0.002273289295456059, 0.0005782262288783237, -0.7365658995923943], [-0.0022724584104348616, -0.9999963903901772, -0.0014335757351747855, 0.08597710360350908], [0.0005814830740802468, 0.0014322577962095234, -0.9999988052568058, -0.003175194078516079], [0.0, 0.0, 0.0, 1.0]]}, "mean_rme": {"type": "float", "data": 0.0014376153024519213}, "max_rme": {"type": "float", "data": 0.0056849050101258625}, "simu": {"type": "float", "data": 0.002}}, {"type": "dict", "image_number": {"type": "int", "data": 26}, "Hcamera2end": {"type": "ndarray", "data": [[0.9999954118453196, -0.0023874163251482376, -0.0018645459501379965, -0.018849307416546425], [0.001860622991966821, -0.0016443494732962805, 0.9999969170936935, 0.037772984138986006], [-0.002390474930118439, -0.9999957981702223, -0.0016398998470605886, 0.033707464673626744], [0.0, 0.0, 0.0, 1.0]]}, "Hobj2base": {"type": "ndarray", "data": [[0.9999968802918023, -0.0024057371662850346, 0.0006721869900257612, -0.7357911805472417], [-0.002405042142268446, -0.9999965744634092, -0.0010328764404640125, 0.08624639663236253], [0.0006746695166656355, 0.0010312565801524176, -0.9999992406651663, -0.0027833687376241944], [0.0, 0.0, 0.0, 1.0]]}, "mean_rme": {"type": "float", "data": 0.0014855578342718367}, "max_rme": {"type": "float", "data": 0.005241244254465038}, "simu": {"type": "float", "data": 0.002}}, {"type": "dict", "image_number": {"type": "int", "data": 27}, "Hcamera2end": {"type": "ndarray", "data": [[0.9999945275483391, -0.0025871584504819508, -0.0020619128318760532, -0.018853045461622222], [0.002057938762437815, -0.0015377980237862854, 0.9999967000271991, 0.03822892324662572], [-0.0025903207184075116, -0.9999954708839386, -0.001532465394601168, 0.03429637220839416], [0.0, 0.0, 0.0, 1.0]]}, "Hobj2base": {"type": "ndarray", "data": [[0.9999966043193922, -0.002543433719646551, 0.0005677099600026648, -0.7363459752365386], [-0.002542705645229036, -0.9999959487115926, -0.0012795344478709865, 0.08613991325413008], [0.0005709620711060496, 0.0012780865836605235, -0.9999990202480189, -0.003294694536199321], [0.0, 0.0, 0.0, 1.0]]}, "mean_rme": {"type": "float", "data": 0.001507281707924984}, "max_rme": {"type": "float", "data": 0.005626614243694261}, "simu": {"type": "float", "data": 0.002}}, {"type": "dict", "image_number": {"type": "int", "data": 28}, "Hcamera2end": {"type": "ndarray", "data": [[0.9999941381610806, -0.0025335206960669936, -0.002303240404335144, -0.018825181739814557], [0.002299610645348326, -0.0014346748952684951, 0.9999963267426658, 0.03838779724899634], [-0.002536815790979384, -0.9999957614814311, -0.0014288403742725997, 0.03476198411419435], [0.0, 0.0, 0.0, 1.0]]}, "Hobj2base": {"type": "ndarray", "data": [[0.9999969420000727, -0.0024297030919855616, 0.0004610134358625387, -0.7368479272446207], [-0.002428968850626499, -0.9999957913979878, -0.0015865990780533446, 0.08594673141517639], [0.0004648664603261526, 0.0015854744389580489, -0.9999986350840571, -0.003504613981882565], [0.0, 0.0, 0.0, 1.0]]}, "mean_rme": {"type": "float", "data": 0.0015247820025379737}, "max_rme": {"type": "float", "data": 0.005893505836748969}, "simu": {"type": "float", "data": 0.002}}, {"type": "dict", "image_number": {"type": "int", "data": 29}, "Hcamera2end": {"type": "ndarray", "data": [[0.9999952003545692, -0.002210004900398932, -0.0021714387316076737, -0.018794259238384733], [0.0021682467370491613, -0.0014457107471825825, 0.9999966043074962, 0.03830941023527517], [-0.0022131366682129915, -0.9999965128933079, -0.0014409119723695074, 0.03472132820405512], [0.0, 0.0, 0.0, 1.0]]}, "Hobj2base": {"type": "ndarray", "data": [[0.9999977008111801, -0.002096520966561476, 0.0004505243502503131, -0.7368643692046287], [-0.002095841788997085, -0.9999966745924678, -0.0015027478834623482, 0.08594097340620029], [0.00045367339451838013, 0.0015018002006010002, -0.999998769387547, -0.0034019817282716883], [0.0, 0.0, 0.0, 1.0]]}, "mean_rme": {"type": "float", "data": 0.0015017151127033126}, "max_rme": {"type": "float", "data": 0.0058580029811659}, "simu": {"type": "float", "data": 0.002}}, {"type": "dict", "image_number": {"type": "int", "data": 30}, "Hcamera2end": {"type": "ndarray", "data": [[0.9999968584702145, -0.0015980904348848037, -0.0019311024477631502, -0.018735027594273083], [0.0019288290725215614, -0.0014228779558731475, 0.9999971275142403, 0.037981909162846925], [-0.0016008335674962415, -0.999997710760022, -0.0014197910425683968, 0.034559324083080774], [0.0, 0.0, 0.0, 1.0]]}, "Hobj2base": {"type": "ndarray", "data": [[0.9999987717295512, -0.0014938889398721895, 0.0004741679282307919, -0.7368100414485901], [-0.0014932864271028658, -0.9999980805068054, -0.001268494521559785, 0.08593580459439688], [0.00047606200800472717, 0.0012677848949740553, -0.9999990830427918, -0.003030201544451198], [0.0, 0.0, 0.0, 1.0]]}, "mean_rme": {"type": "float", "data": 0.0015075089912795442}, "max_rme": {"type": "float", "data": 0.005722525328106909}, "simu": {"type": "float", "data": 0.002}}]}