{"type": "list", "data": [{"type": "dict", "image_number": {"type": "int", "data": 5}, "Hcamera2end": {"type": "ndarray", "data": [[0.9999644083479835, 0.008418635047598797, 0.0005555368599227421, -0.018010432633264645], [-0.000561208736322984, 0.000671381371426305, 0.9999996171458309, 0.03123820273634789], [0.008418258847390378, -0.9999643372795798, 0.0006760820873907836, 0.02899360747372838], [0.0, 0.0, 0.0, 1.0]]}, "Hobj2base": {"type": "ndarray", "data": [[0.9999711497560542, 0.007513636288881439, -0.0011157621939224158, -0.7332518258679077], [0.007520688938984826, -0.9999508699914252, 0.006457309135765856, 0.08403160927360069], [-0.0010671895042652449, -0.006465514141212425, -0.9999785288862215, -0.006442579902909929], [0.0, 0.0, 0.0, 1.0]]}, "mean_rme": {"type": "float", "data": 0.002320146360372853}, "max_rme": {"type": "float", "data": 0.005725346200287529}, "simu": {"type": "float", "data": 0.002}}, {"type": "dict", "image_number": {"type": "int", "data": 6}, "Hcamera2end": {"type": "ndarray", "data": [[0.9999618227167245, 0.008712850944353239, 0.000662825367213642, -0.017695893266790066], [-0.0006770366325171964, 0.0016282211755592746, 0.999998445257392, 0.031376388069820564], [0.008711758171814047, -0.9999607167905269, 0.001634057933761257, 0.028960464416097325], [0.0, 0.0, 0.0, 1.0]]}, "Hobj2base": {"type": "ndarray", "data": [[0.9999704967884718, 0.007496004165753745, -0.0016779374731453272, -0.7341733432337839], [0.007506637171868663, -0.9999511966433843, 0.006422984495879961, 0.08414671049376093], [-0.0016297088656267579, -0.0064353906650177215, -0.9999779646552229, -0.006264150904529771], [0.0, 0.0, 0.0, 1.0]]}, "mean_rme": {"type": "float", "data": 0.0022275794311616428}, "max_rme": {"type": "float", "data": 0.00626029700380798}, "simu": {"type": "float", "data": 0.002}}, {"type": "dict", "image_number": {"type": "int", "data": 7}, "Hcamera2end": {"type": "ndarray", "data": [[0.9999647738258812, 0.00837944724683317, 0.00048576866081330786, -0.01767088347875295], [-0.0004972187538110021, 0.0013644205588088099, 0.9999989455644689, 0.03101120628131379], [0.008378775618498624, -0.999963960960782, 0.00136853891381028, 0.029016904520725407], [0.0, 0.0, 0.0, 1.0]]}, "Hobj2base": {"type": "ndarray", "data": [[0.9999714264278722, 0.00741256210432456, -0.0014833242586189397, -0.7338521646419477], [0.007421386217495222, -0.9999542527004317, 0.006034528393527694, 0.0839196252462182], [-0.0014385250840523894, -0.006045364287704375, -0.9999806919217049, -0.005912260421661629], [0.0, 0.0, 0.0, 1.0]]}, "mean_rme": {"type": "float", "data": 0.002043692728211665}, "max_rme": {"type": "float", "data": 0.005936312918867592}, "simu": {"type": "float", "data": 0.002}}, {"type": "dict", "image_number": {"type": "int", "data": 8}, "Hcamera2end": {"type": "ndarray", "data": [[0.999967397163066, 0.0080536449826432, 0.0005860148603248592, -0.017657766438757397], [-0.0005975012283269275, 0.0014239001679520191, 0.9999988077495863, 0.030946259811968586], [0.008052800954023597, -0.9999665550961219, 0.0014286658075367553, 0.029023792093330274], [0.0, 0.0, 0.0, 1.0]]}, "Hobj2base": {"type": "ndarray", "data": [[0.9999734199145998, 0.007090383999181798, -0.001698799294723794, -0.7339587545303721], [0.007100362606745345, -0.9999571395350559, 0.005941712187704881, 0.08406238445826958], [-0.0016565974623727292, -0.00595361634747613, -0.9999809048863058, -0.0057789178165954455], [0.0, 0.0, 0.0, 1.0]]}, "mean_rme": {"type": "float", "data": 0.0018374396003493472}, "max_rme": {"type": "float", "data": 0.005950582760407053}, "simu": {"type": "float", "data": 0.002}}, {"type": "dict", "image_number": {"type": "int", "data": 9}, "Hcamera2end": {"type": "ndarray", "data": [[0.9999747091887634, 0.007062602039525268, 0.0008370395924853012, -0.017579796743670856], [-0.0008410607687500912, 0.0005664109994258926, 0.9999994858975494, 0.030584870354202112], [0.007062124300192112, -0.999974899100478, 0.0005723367519330225, 0.02953326027250641], [0.0, 0.0, 0.0, 1.0]]}, "Hobj2base": {"type": "ndarray", "data": [[0.9999776606498892, 0.006593432075533177, -0.0010976587084402757, -0.7332395640078063], [0.006599795827935583, -0.9999608239898519, 0.005898574452026016, 0.08459398585621981], [-0.0010587238565596658, -0.00590568700507064, -0.9999820008204117, -0.005554382754926812], [0.0, 0.0, 0.0, 1.0]]}, "mean_rme": {"type": "float", "data": 0.001862355704782037}, "max_rme": {"type": "float", "data": 0.00546755490542139}, "simu": {"type": "float", "data": 0.002}}, {"type": "dict", "image_number": {"type": "int", "data": 10}, "Hcamera2end": {"type": "ndarray", "data": [[0.9999748815525873, 0.007050416851907987, 0.0007265577082200643, -0.017822673951504792], [-0.0007261911237817303, -5.455458625469589e-05, 0.9999997348350893, 0.030416357823210595], [0.007050454619439994, -0.9999751440140958, -4.9433265791432035e-05, 0.02920259667211971], [0.0, 0.0, 0.0, 1.0]]}, "Hobj2base": {"type": "ndarray", "data": [[0.9999765045796856, 0.006824186935774577, -0.0006486611285530267, -0.7327375062885834], [0.006827732954399932, -0.9999608338901822, 0.0056314073156979285, 0.08410302191927774], [-0.0006102059467862198, -0.0056357038883797445, -0.9999839331161202, -0.005568253083322816], [0.0, 0.0, 0.0, 1.0]]}, "mean_rme": {"type": "float", "data": 0.0018364962576699973}, "max_rme": {"type": "float", "data": 0.0052817914396489085}, "simu": {"type": "float", "data": 0.002}}, {"type": "dict", "image_number": {"type": "int", "data": 11}, "Hcamera2end": {"type": "ndarray", "data": [[0.9999764716655727, 0.006827687265956537, 0.0006624212183199327, -0.017488076242550596], [-0.0006640092600866446, 0.0002303243071236638, 0.9999997530211777, 0.030595172261726818], [0.006827533007954243, -0.9999766645463843, 0.00023485253554589303, 0.029305733471803222], [0.0, 0.0, 0.0, 1.0]]}, "Hobj2base": {"type": "ndarray", "data": [[0.9999782403575618, 0.006551736639400702, -0.0007704274153653586, -0.7332136856375695], [0.006555734270534589, -0.9999644329034232, 0.00530615456888737, 0.08426026670696703], [-0.0007356354861957682, -0.0053110898262711, -0.9999856254793307, -0.005549113238817965], [0.0, 0.0, 0.0, 1.0]]}, "mean_rme": {"type": "float", "data": 0.001852893550932032}, "max_rme": {"type": "float", "data": 0.005585146214187486}, "simu": {"type": "float", "data": 0.002}}, {"type": "dict", "image_number": {"type": "int", "data": 12}, "Hcamera2end": {"type": "ndarray", "data": [[0.9999780690355584, 0.006616335869385859, 0.00029248517825273233, -0.017154175319834625], [-0.00029583982832122714, 0.0005060523426081431, 0.9999998281948966, 0.030742808977943972], [0.006616186719855958, -0.9999779837629877, 0.0005079986200599018, 0.029421633175947058], [0.0, 0.0, 0.0, 1.0]]}, "Hobj2base": {"type": "ndarray", "data": [[0.9999800529071823, 0.00626528533799037, -0.0007999921140342724, -0.733595837974212], [0.006269137084581703, -0.9999683111329145, 0.004906592524460106, 0.08440422519556766], [-0.0007692255609875084, -0.004911509912433067, -0.9999876426048553, -0.0055509539751045734], [0.0, 0.0, 0.0, 1.0]]}, "mean_rme": {"type": "float", "data": 0.001815588405804883}, "max_rme": {"type": "float", "data": 0.005783036442044143}, "simu": {"type": "float", "data": 0.002}}, {"type": "dict", "image_number": {"type": "int", "data": 13}, "Hcamera2end": {"type": "ndarray", "data": [[0.9999781234678566, 0.006606669922351613, -0.0003232618769747316, -0.01750239246847589], [0.0003175732138240026, 0.0008620794131244391, 0.9999995779830806, 0.03056932416488074], [0.006606945811634313, -0.9999778041194827, 0.0008599624524165961, 0.029270643090312774], [0.0, 0.0, 0.0, 1.0]]}, "Hobj2base": {"type": "ndarray", "data": [[0.9999802544843165, 0.006195636035777764, -0.0010510640294022799, -0.7335679465366411], [0.006200139473335755, -0.9999713743452094, 0.004336906808371878, 0.08377772954399439], [-0.0010241640459004526, -0.004343337917488175, -0.9999900432023019, -0.005397892086288906], [0.0, 0.0, 0.0, 1.0]]}, "mean_rme": {"type": "float", "data": 0.0018075738574312673}, "max_rme": {"type": "float", "data": 0.005780552234168346}, "simu": {"type": "float", "data": 0.002}}, {"type": "dict", "image_number": {"type": "int", "data": 14}, "Hcamera2end": {"type": "ndarray", "data": [[0.9999819978328082, 0.005865989757984641, -0.0012626062192206441, -0.0179859844616845], [0.001255294840278605, 0.0012499162470807068, 0.9999984309708887, 0.030342232424391238], [0.005867558706103013, -0.999982013775015, 0.0012425301992031734, 0.029290086153713042], [0.0, 0.0, 0.0, 1.0]]}, "Hobj2base": {"type": "ndarray", "data": [[0.9999843004255561, 0.00548786924806961, -0.0011323398461761335, -0.7333376252895495], [0.0054916197330214895, -0.9999793561780577, 0.003336065111034778, 0.08316357910806918], [-0.0011140085812215653, -0.0033422311160759654, -0.999993794218768, -0.005240621747036905], [0.0, 0.0, 0.0, 1.0]]}, "mean_rme": {"type": "float", "data": 0.0018717236136873514}, "max_rme": {"type": "float", "data": 0.0055060052206438725}, "simu": {"type": "float", "data": 0.002}}, {"type": "dict", "image_number": {"type": "int", "data": 15}, "Hcamera2end": {"type": "ndarray", "data": [[0.9999814255312605, 0.005849897638105641, -0.0017109325211272985, -0.018148012170739063], [0.001702658835341984, 0.001419017846666426, 0.9999975436676043, 0.030246225574251877], [0.00585231111259448, -0.9999818823788635, 0.0014090311092644914, 0.029245272923002077], [0.0, 0.0, 0.0, 1.0]]}, "Hobj2base": {"type": "ndarray", "data": [[0.9999843079311777, 0.005453553912249244, -0.0012816556206511297, -0.7333692134543977], [0.00545730851179648, -0.9999807737135893, 0.002944484161854929, 0.08274808495439491], [-0.0012655730760526465, -0.002951432346934586, -0.9999948436726518, -0.005070709289102915], [0.0, 0.0, 0.0, 1.0]]}, "mean_rme": {"type": "float", "data": 0.0017998246262528185}, "max_rme": {"type": "float", "data": 0.005525502835723117}, "simu": {"type": "float", "data": 0.002}}, {"type": "dict", "image_number": {"type": "int", "data": 16}, "Hcamera2end": {"type": "ndarray", "data": [[0.9999817341628514, 0.005915936624524897, -0.0012381577084002258, -0.018115435012950425], [0.0012299593445231224, 0.0013892472594604355, 0.9999982785945497, 0.030234139037467515], [0.005917646548002524, -0.9999815356724876, 0.0013819455221633081, 0.029274667088652485], [0.0, 0.0, 0.0, 1.0]]}, "Hobj2base": {"type": "ndarray", "data": [[0.9999837786136558, 0.005547598861942664, -0.0012909904809330116, -0.7334156249520412], [0.005552013657255592, -0.999978664988111, 0.0034416148745484766, 0.08291136276872058], [-0.0012718702388744626, -0.0034487266435654757, -0.9999932442924968, -0.004976221819441389], [0.0, 0.0, 0.0, 1.0]]}, "mean_rme": {"type": "float", "data": 0.0017555831371220733}, "max_rme": {"type": "float", "data": 0.005543690697257075}, "simu": {"type": "float", "data": 0.002}}, {"type": "dict", "image_number": {"type": "int", "data": 17}, "Hcamera2end": {"type": "ndarray", "data": [[0.9999857659443727, 0.0051816713581777935, -0.001272081201083622, -0.018219156364516428], [0.0012630225165025841, 0.0017511140517295631, 0.999997669184134, 0.030137596287892192], [0.0051838868399221374, -0.9999850418288835, 0.001744544558676231, 0.029383648991358636], [0.0, 0.0, 0.0, 1.0]]}, "Hobj2base": {"type": "ndarray", "data": [[0.9999877285245815, 0.0047798310231100954, -0.001302311651767102, -0.7334285122057892], [0.004784226334498529, -0.999982799018158, 0.003393058530355362, 0.08293346885366593], [-0.0012860710043014066, -0.003399247446221122, -0.9999933955472762, -0.004813504946428264], [0.0, 0.0, 0.0, 1.0]]}, "mean_rme": {"type": "float", "data": 0.0017272249952223282}, "max_rme": {"type": "float", "data": 0.00542808650257498}, "simu": {"type": "float", "data": 0.002}}, {"type": "dict", "image_number": {"type": "int", "data": 18}, "Hcamera2end": {"type": "ndarray", "data": [[0.9999898232628224, 0.004346252085675128, -0.0012097369949903914, -0.01832908695131583], [0.0012003008830646855, 0.0021730445380870878, 0.999996918572865, 0.030062910145790253], [0.004348867505385501, -0.9999881939154296, 0.0021678056133674906, 0.029510099861456515], [0.0, 0.0, 0.0, 1.0]]}, "Hobj2base": {"type": "ndarray", "data": [[0.9999915729014742, 0.0038790757160681536, -0.0013442089214732655, -0.7334928371339802], [0.003883686995611148, -0.9999865243208679, 0.003445018431095274, 0.08304371304874658], [-0.0013308273200076843, -0.0034502098862932424, -0.9999931624518164, -0.004666500604262541], [0.0, 0.0, 0.0, 1.0]]}, "mean_rme": {"type": "float", "data": 0.0016878023150790282}, "max_rme": {"type": "float", "data": 0.005339108858128494}, "simu": {"type": "float", "data": 0.002}}, {"type": "dict", "image_number": {"type": "int", "data": 19}, "Hcamera2end": {"type": "ndarray", "data": [[0.9999920805689061, 0.003945146422377705, -0.0005240411971729596, -0.01834451881961185], [0.000514609537740851, 0.0023913350950605095, 0.9999970083422683, 0.029991987484102613], [0.003946387777955965, -0.9999893586114649, 0.002389285947070219, 0.029570825283223856], [0.0, 0.0, 0.0, 1.0]]}, "Hobj2base": {"type": "ndarray", "data": [[0.9999930739199535, 0.003450056078117685, -0.0013961465468111743, -0.7335446811592011], [0.003455877120111448, -0.9999852559388092, 0.00418865352171169, 0.08335400296745811], [-0.0013816748723993464, -0.004193449421669559, -0.9999902529307447, -0.004531465352162452], [0.0, 0.0, 0.0, 1.0]]}, "mean_rme": {"type": "float", "data": 0.0016701501426451498}, "max_rme": {"type": "float", "data": 0.00531156665524013}, "simu": {"type": "float", "data": 0.002}}, {"type": "dict", "image_number": {"type": "int", "data": 20}, "Hcamera2end": {"type": "ndarray", "data": [[0.9999902042117482, 0.0043728385856878025, -0.0006853927703031717, -0.018180175088691422], [0.0006755029259112697, 0.002262729419055476, 0.9999972118717999, 0.029722173028681208], [0.004374377252038199, -0.9999878790956818, 0.0022597533885779786, 0.028578058549589124], [0.0, 0.0, 0.0, 1.0]]}, "Hobj2base": {"type": "ndarray", "data": [[0.9999913383155083, 0.003914965956554138, -0.0014129173781421832, -0.7325345212310636], [0.003920487502504414, -0.9999846059721764, 0.003926524724775598, 0.08335844025007211], [-0.0013975234170276868, -0.003932030039380361, -0.9999912929961285, -0.0042293718804598006], [0.0, 0.0, 0.0, 1.0]]}, "mean_rme": {"type": "float", "data": 0.0016515754087500333}, "max_rme": {"type": "float", "data": 0.005340336950992841}, "simu": {"type": "float", "data": 0.002}}, {"type": "dict", "image_number": {"type": "int", "data": 21}, "Hcamera2end": {"type": "ndarray", "data": [[0.9999898104019259, 0.0044447751110626215, -0.0007893456354975017, -0.018242539199463715], [0.0007774203406890369, 0.002684080574382186, 0.9999960956569203, 0.028252148635873504], [0.004446876424422387, -0.9999865197519828, 0.0026805977660987468, 0.029549615266174327], [0.0, 0.0, 0.0, 1.0]]}, "Hobj2base": {"type": "ndarray", "data": [[0.9999913647717137, 0.0037537543022570304, -0.0017831743166971876, -0.7338580647705581], [0.003760485328374506, -0.9999857604492159, 0.0037865088006198352, 0.08394369408421141], [-0.0017689353013950885, -0.003793181704107808, -0.9999912412818714, -0.002890051771861233], [0.0, 0.0, 0.0, 1.0]]}, "mean_rme": {"type": "float", "data": 0.0016477383372407802}, "max_rme": {"type": "float", "data": 0.005468911403404164}, "simu": {"type": "float", "data": 0.002}}, {"type": "dict", "image_number": {"type": "int", "data": 22}, "Hcamera2end": {"type": "ndarray", "data": [[0.9999890225383038, 0.004564942232203632, -0.0010564588512517298, -0.018208697034311], [0.0010462647495769815, 0.002234939625291532, 0.999996955182837, 0.02898743261653457], [0.0045672894545383275, -0.9999870830902206, 0.0022301389531860227, 0.030055946189453932], [0.0, 0.0, 0.0, 1.0]]}, "Hobj2base": {"type": "ndarray", "data": [[0.9999908124591393, 0.0040321581190660245, -0.001454887697819645, -0.7340952490579071], [0.004037247115525481, -0.9999856829817053, 0.003512046033404521, 0.08337416542994457], [-0.0014407057432377329, -0.0035178875074995206, -0.9999927743911183, -0.00357769560406781], [0.0, 0.0, 0.0, 1.0]]}, "mean_rme": {"type": "float", "data": 0.0016742587065162553}, "max_rme": {"type": "float", "data": 0.005344954040363392}, "simu": {"type": "float", "data": 0.002}}, {"type": "dict", "image_number": {"type": "int", "data": 23}, "Hcamera2end": {"type": "ndarray", "data": [[0.9999895272432061, 0.00448763060537628, -0.0008980954619934847, -0.01820289484916702], [0.0008877770405761008, 0.002300766001721133, 0.9999969591592421, 0.029485624926402935], [0.004489683266711484, -0.9999872837428256, 0.002296757890940415, 0.029209494990976075], [0.0, 0.0, 0.0, 1.0]]}, "Hobj2base": {"type": "ndarray", "data": [[0.9999912361952468, 0.003842953619391423, -0.0016610960783485923, -0.7333033769494356], [0.003849002526647002, -0.9999859174046188, 0.0036537887175463178, 0.08336055478814941], [-0.0016470313452280456, -0.0036601502594579547, -0.9999919452614736, -0.003996062042821339], [0.0, 0.0, 0.0, 1.0]]}, "mean_rme": {"type": "float", "data": 0.0016720517393394331}, "max_rme": {"type": "float", "data": 0.005382484815347421}, "simu": {"type": "float", "data": 0.002}}, {"type": "dict", "image_number": {"type": "int", "data": 24}, "Hcamera2end": {"type": "ndarray", "data": [[0.9999903752711081, 0.004331493980288332, -0.0006982299385360671, -0.018204684951587054], [0.0006889194492149526, 0.0021506066119424405, 0.9999974501373458, 0.02955948896943728], [0.004332984553496066, -0.9999883064571803, 0.0021476018624896343, 0.029112321132630865], [0.0, 0.0, 0.0, 1.0]]}, "Hobj2base": {"type": "ndarray", "data": [[0.9999918249257277, 0.003663040458730372, -0.0017123715457110832, -0.7332349302984791], [0.003669636585613731, -0.9999857980458036, 0.0038649028483980687, 0.08344844257637858], [-0.0016981899311860787, -0.003871155033802533, -0.9999910651149153, -0.004088730086472908], [0.0, 0.0, 0.0, 1.0]]}, "mean_rme": {"type": "float", "data": 0.0016506827532277418}, "max_rme": {"type": "float", "data": 0.005488005011261288}, "simu": {"type": "float", "data": 0.002}}, {"type": "dict", "image_number": {"type": "int", "data": 25}, "Hcamera2end": {"type": "ndarray", "data": [[0.9999897700488395, 0.004458839512108514, -0.0007606233459293251, -0.01821212468746784], [0.0007497788061251946, 0.00243331125627555, 0.999996758408782, 0.02881936928194691], [0.0044606758917229445, -0.9999870987900471, 0.0024299432202542492, 0.028965432034682877], [0.0, 0.0, 0.0, 1.0]]}, "Hobj2base": {"type": "ndarray", "data": [[0.9999914600786658, 0.0036504719301296107, -0.0019374788838562248, -0.7332809962200149], [0.003657723526178103, -0.999986269628339, 0.003752547588640249, 0.08384957945034083], [-0.0019237537119122575, -0.0037596023042739935, -0.9999910822413216, -0.0034274720306108853], [0.0, 0.0, 0.0, 1.0]]}, "mean_rme": {"type": "float", "data": 0.001638421162911724}, "max_rme": {"type": "float", "data": 0.0055593395962064696}, "simu": {"type": "float", "data": 0.002}}, {"type": "dict", "image_number": {"type": "int", "data": 26}, "Hcamera2end": {"type": "ndarray", "data": [[0.9999892300299151, 0.004517402760174522, -0.0010643760988937627, -0.0180923936450749], [0.0010531357263990398, 0.0024898876094807676, 0.9999963456757397, 0.028430297710715906], [0.0045200364289804855, -0.999986696677508, 0.0024851033552284463, 0.028464430529609862], [0.0, 0.0, 0.0, 1.0]]}, "Hobj2base": {"type": "ndarray", "data": [[0.9999912023830466, 0.003710521702060987, -0.001956319300957617, -0.7328298711467152], [0.0037171464327337986, -0.9999873329580897, 0.003393633121646565, 0.08395989992598715], [-0.0019437023708323395, -0.0034008751910731233, -0.9999923280050846, -0.0030541883528350413], [0.0, 0.0, 0.0, 1.0]]}, "mean_rme": {"type": "float", "data": 0.0016169113091810965}, "max_rme": {"type": "float", "data": 0.005582210444017355}, "simu": {"type": "float", "data": 0.002}}, {"type": "dict", "image_number": {"type": "int", "data": 27}, "Hcamera2end": {"type": "ndarray", "data": [[0.9999899155063441, 0.004317683864097447, -0.0012355127132594697, -0.017975201262651078], [0.001221915901337627, 0.0031503188852438635, 0.9999942911899304, 0.02763814821283186], [0.004321551474293867, -0.9999857164464756, 0.0031450112693025556, 0.028688511255914578], [0.0, 0.0, 0.0, 1.0]]}, "Hobj2base": {"type": "ndarray", "data": [[0.9999918766924053, 0.003262765504905661, -0.0023666242754794985, -0.7333740543779528], [0.003270159376210519, -0.9999897635527857, 0.0031271148521140983, 0.08429170222560517], [-0.0023563970071856697, -0.003134828688162697, -0.9999923100915531, -0.0022586226305350153], [0.0, 0.0, 0.0, 1.0]]}, "mean_rme": {"type": "float", "data": 0.0016361816307570208}, "max_rme": {"type": "float", "data": 0.005692881053494581}, "simu": {"type": "float", "data": 0.002}}, {"type": "dict", "image_number": {"type": "int", "data": 28}, "Hcamera2end": {"type": "ndarray", "data": [[0.9999901568952513, 0.004181983019997801, -0.0014822721177608043, -0.01795418981288638], [0.0014685130759985738, 0.00329123049469493, 0.9999935056144997, 0.02806314248310738], [0.004186834359783324, -0.999985839309663, 0.003285056802019959, 0.029297273474840978], [0.0, 0.0, 0.0, 1.0]]}, "Hobj2base": {"type": "ndarray", "data": [[0.9999923504894135, 0.0030929238538568993, -0.0023943234310091228, -0.7339592552876278], [0.0030997931331786053, -0.9999910753984567, 0.0028706107309065167, 0.08391533629590975], [-0.0023854234822217784, -0.0028780106794693916, -0.9999930133802626, -0.0025804429390441958], [0.0, 0.0, 0.0, 1.0]]}, "mean_rme": {"type": "float", "data": 0.0016733766758381759}, "max_rme": {"type": "float", "data": 0.0056372935553756776}, "simu": {"type": "float", "data": 0.002}}, {"type": "dict", "image_number": {"type": "int", "data": 29}, "Hcamera2end": {"type": "ndarray", "data": [[0.9999903743296676, 0.004188021437154896, -0.001308328878049599, -0.01793194530258018], [0.0012953694227120969, 0.0030956282894731846, 0.9999943695359251, 0.027845097541867574], [0.004192047956537474, -0.9999864386890133, 0.0030901734570645267, 0.028715071289941226], [0.0, 0.0, 0.0, 1.0]]}, "Hobj2base": {"type": "ndarray", "data": [[0.9999925556174132, 0.003163717910821197, -0.002208981379634909, -0.7333165101734223], [0.0031704812645268884, -0.999990276885746, 0.0030649930702485104, 0.08412668707283597], [-0.0021992631279836817, -0.003071973787345291, -0.9999928630839043, -0.0024231939809306814], [0.0, 0.0, 0.0, 1.0]]}, "mean_rme": {"type": "float", "data": 0.001667984734203611}, "max_rme": {"type": "float", "data": 0.005648555902083463}, "simu": {"type": "float", "data": 0.002}}, {"type": "dict", "image_number": {"type": "int", "data": 30}, "Hcamera2end": {"type": "ndarray", "data": [[0.9999907189690461, 0.004031889694856847, -0.0015184996736369312, -0.017964001574543573], [0.0015057020219385248, 0.003175248052894819, 0.9999938253115485, 0.02793168876805645], [0.0040366864123261475, -0.9999868307459309, 0.0031691477588535744, 0.029020329517458036], [0.0, 0.0, 0.0, 1.0]]}, "Hobj2base": {"type": "ndarray", "data": [[0.9999930961167013, 0.0029940675875028077, -0.0022007449227909397, -0.7336299885071583], [0.00300038189593226, -0.9999913760926891, 0.0028714889394521573, 0.08397662369719665], [-0.002192128511809223, -0.0028780721902515326, -0.9999934556151135, -0.0024648753067091317], [0.0, 0.0, 0.0, 1.0]]}, "mean_rme": {"type": "float", "data": 0.0016373521410553973}, "max_rme": {"type": "float", "data": 0.005651417513357959}, "simu": {"type": "float", "data": 0.002}}]}