{"type": "list", "data": [{"type": "dict", "image_number": {"type": "int", "data": 5}, "Hcamera2end": {"type": "ndarray", "data": [[0.99999785982375, 0.0014481242793486543, -0.0014775939872289636, -0.011300679009381441], [0.0014779975842377467, -0.00027767277154366887, 0.9999988692098472, 0.02520260663341679], [0.001447712354206329, -0.9999989129163609, -0.00027981250146158487, 0.03171140154682676], [0.0, 0.0, 0.0, 1.0]]}, "Hobj2base": {"type": "ndarray", "data": [[0.9999988630525772, 0.0005866471583703415, 0.00138915033905011, -0.7335088161755308], [0.0005874019479583187, -0.9999996800546105, -0.0005430005786240065, 0.09336910261313822], [0.0013888313448514205, 0.0005438159508760631, -0.999998887705235, 0.0046149807799510615], [0.0, 0.0, 0.0, 1.0]]}, "mean_rme": {"type": "float", "data": 0.0018353228450331603}, "max_rme": {"type": "float", "data": 0.004538967821542311}, "simu": {"type": "float", "data": 0.002}}, {"type": "dict", "image_number": {"type": "int", "data": 6}, "Hcamera2end": {"type": "ndarray", "data": [[0.9999987292285579, 0.0011163070140746904, -0.0011381563687052891, -0.011925238960833714], [0.001138367306897158, -0.00018834355512686862, 0.9999993343230685, 0.024973476042720592], [0.0011160919065580901, -0.9999993591924726, -0.0001896140831947335, 0.031376237278902874], [0.0, 0.0, 0.0, 1.0]]}, "Hobj2base": {"type": "ndarray", "data": [[0.9999996524641189, 0.0004765942691906902, 0.0006840537580244126, -0.7334774480780095], [0.00047699088503712095, -0.9999997181811984, -0.0005797561720212206, 0.09302269878496712], [0.0006837772567760891, 0.0005800822579426016, -0.9999995979765375, 0.004303185045343207], [0.0, 0.0, 0.0, 1.0]]}, "mean_rme": {"type": "float", "data": 0.0017902592585911441}, "max_rme": {"type": "float", "data": 0.004613093648775046}, "simu": {"type": "float", "data": 0.002}}, {"type": "dict", "image_number": {"type": "int", "data": 7}, "Hcamera2end": {"type": "ndarray", "data": [[0.999999310720577, 0.0009111152156913251, -0.0007405588664464275, -0.012152272689879829], [0.0007408927320652092, -0.00036615329018263587, 0.9999996585048057, 0.025028648772199076], [0.0009108437464843341, -0.9999995179002998, -0.00036682807644217164, 0.03141045995818073], [0.0, 0.0, 0.0, 1.0]]}, "Hobj2base": {"type": "ndarray", "data": [[0.9999996039745875, 0.00031327785185072217, 0.0008330111977813138, -0.7332269468576526], [0.00031375698761677785, -0.9999997853985823, -0.0005751168069077144, 0.09320589603565389], [0.0008328308476580987, 0.0005753779422309108, -0.99999948766637, 0.00413411821133589], [0.0, 0.0, 0.0, 1.0]]}, "mean_rme": {"type": "float", "data": 0.0016551656803074526}, "max_rme": {"type": "float", "data": 0.0044717352171256275}, "simu": {"type": "float", "data": 0.002}}, {"type": "dict", "image_number": {"type": "int", "data": 8}, "Hcamera2end": {"type": "ndarray", "data": [[0.9999990035108457, 0.0010163940483483764, -0.0009797553031439124, -0.012254160956481876], [0.0009804771112065548, -0.0007099105421568552, 0.9999992673455597, 0.024821284655778555], [0.0010156977650643277, -0.9999992314847849, -0.0007109063858390385, 0.031248434666770363], [0.0, 0.0, 0.0, 1.0]]}, "Hobj2base": {"type": "ndarray", "data": [[0.9999992864166457, 0.00045532223022992386, 0.0011044672317766333, -0.7329727933342716], [0.0004561382542670779, -0.999999623129898, -0.0007387001790097585, 0.09274313179812915], [0.001104130468922977, 0.0007392034416406049, -0.9999991172366998, 0.0039136562938468095], [0.0, 0.0, 0.0, 1.0]]}, "mean_rme": {"type": "float", "data": 0.0016550939408139247}, "max_rme": {"type": "float", "data": 0.004497064362940784}, "simu": {"type": "float", "data": 0.002}}, {"type": "dict", "image_number": {"type": "int", "data": 9}, "Hcamera2end": {"type": "ndarray", "data": [[0.9999994403536233, 0.0008105564308460463, -0.0006799196369127224, -0.01242082511647118], [0.0006809622800850566, -0.0012867489008694388, 0.9999989402832581, 0.024735309012877644], [0.0008096806860403492, -0.9999988436371006, -0.0012873001391005001, 0.031311924219470114], [0.0, 0.0, 0.0, 1.0]]}, "Hobj2base": {"type": "ndarray", "data": [[0.9999985785755676, 0.00022109784104870888, 0.001671515057950074, -0.732410561103928], [0.00022255793968934057, -0.999999593835355, -0.0008733825558563041, 0.0927185496302962], [0.0016713212760422439, 0.0008737533233564576, -0.9999982216185801, 0.003693022273200101], [0.0, 0.0, 0.0, 1.0]]}, "mean_rme": {"type": "float", "data": 0.0016422195781300613}, "max_rme": {"type": "float", "data": 0.004419114290192538}, "simu": {"type": "float", "data": 0.002}}, {"type": "dict", "image_number": {"type": "int", "data": 10}, "Hcamera2end": {"type": "ndarray", "data": [[0.9999993727270079, 0.0008981673281287929, -0.0006692092658501178, -0.012391727479715453], [0.0006705511711875723, -0.0014945796377208165, 0.9999986582955166, 0.024817446813755643], [0.0008971659365115483, -0.999998479762423, -0.0014951809673651173, 0.03146534902940718], [0.0, 0.0, 0.0, 1.0]]}, "Hobj2base": {"type": "ndarray", "data": [[0.9999981486608489, 0.0003517711898189254, 0.0018918065188479134, -0.7322708935258558], [0.0003539198662641641, -0.9999992926157062, -0.0011355654162016286, 0.09271630901414303], [0.0018914057214161216, 0.0011362328617950633, -0.9999975657766773, 0.0036829989301248424], [0.0, 0.0, 0.0, 1.0]]}, "mean_rme": {"type": "float", "data": 0.0015949000425917019}, "max_rme": {"type": "float", "data": 0.004466673860245324}, "simu": {"type": "float", "data": 0.002}}, {"type": "dict", "image_number": {"type": "int", "data": 11}, "Hcamera2end": {"type": "ndarray", "data": [[0.9999996676605558, 0.0006774476078718184, 0.0004535895903636137, -0.012761635091070185], [-0.0004526997918181244, -0.0013130336560802647, 0.9999990355022932, 0.024793374317055326], [0.0006780425328733491, -0.9999989085030827, -0.0013127265393164667, 0.03127887148403793], [0.0, 0.0, 0.0, 1.0]]}, "Hobj2base": {"type": "ndarray", "data": [[0.9999986900578626, 0.0002201153228465165, 0.0016035684593001113, -0.7322624467142009], [0.00022103377703281617, -0.9999998116356346, -0.000572601750426756, 0.09300227403371278], [0.0016034421188257984, 0.0005729554431448849, -0.9999985503466648, 0.0035594659302896625], [0.0, 0.0, 0.0, 1.0]]}, "mean_rme": {"type": "float", "data": 0.0016477700092063564}, "max_rme": {"type": "float", "data": 0.004732893819542117}, "simu": {"type": "float", "data": 0.002}}, {"type": "dict", "image_number": {"type": "int", "data": 12}, "Hcamera2end": {"type": "ndarray", "data": [[0.9999999804931793, 0.00014122280180456248, 0.00013809330683825093, -0.01278204707639734], [-0.0001378561236392349, -0.0016781293761494176, 0.9999985824377382, 0.02458732205777467], [0.00014145434004730304, -0.9999985819679531, -0.0016781098749862888, 0.03146895037337226], [0.0, 0.0, 0.0, 1.0]]}, "Hobj2base": {"type": "ndarray", "data": [[0.9999980834682555, -0.0002659708821949546, 0.001939669896107354, -0.7316917352815708], [-0.00026437719006725164, -0.9999996273411991, -0.00082184071722168, 0.09281687944945288], [0.0019398877589728795, 0.0008213263376610656, -0.9999977811268033, 0.0035295708113222504], [0.0, 0.0, 0.0, 1.0]]}, "mean_rme": {"type": "float", "data": 0.0017502657491349583}, "max_rme": {"type": "float", "data": 0.005566182267802533}, "simu": {"type": "float", "data": 0.002}}, {"type": "dict", "image_number": {"type": "int", "data": 13}, "Hcamera2end": {"type": "ndarray", "data": [[0.9999999277661277, 0.00012265048072656934, 0.0003597563049838481, -0.012725246774653821], [-0.0003595513490430316, -0.001667003612918494, 0.9999985459098336, 0.02462215299999223], [0.00012325001744188977, -0.9999986030269311, -0.0016669593933584803, 0.03147788495231319], [0.0, 0.0, 0.0, 1.0]]}, "Hobj2base": {"type": "ndarray", "data": [[0.9999980343504696, -0.0002692838719655405, 0.0019643781186799232, -0.7317081850086596], [-0.0002676302399952917, -0.9999996096849955, -0.0008420237001419084, 0.09286050453674279], [0.0019646040953559293, 0.000841496318031074, -0.9999977161047398, 0.0035383042485230445], [0.0, 0.0, 0.0, 1.0]]}, "mean_rme": {"type": "float", "data": 0.0016590666479075874}, "max_rme": {"type": "float", "data": 0.005568742849001218}, "simu": {"type": "float", "data": 0.002}}, {"type": "dict", "image_number": {"type": "int", "data": 14}, "Hcamera2end": {"type": "ndarray", "data": [[0.9999999491390381, 0.0003139984615352214, 5.591857712231718e-05, -0.012896414179883508], [-5.5434231753562235e-05, -0.001542305630805929, 0.9999988091094845, 0.02464369583215024], [0.00031408433113379406, -0.9999987613483865, -0.0015422881460991356, 0.03138621122281689], [0.0, 0.0, 0.0, 1.0]]}, "Hobj2base": {"type": "ndarray", "data": [[0.999998319866057, -4.2542827759634986e-05, 0.0018326088428603595, -0.7318065126736455], [-3.9967173349766696e-05, -0.9999990115257484, -0.0014054715045262386, 0.09258191102075632], [0.0018326668241058445, 0.0014053958989505531, -0.9999973330937828, 0.0033290787822404244], [0.0, 0.0, 0.0, 1.0]]}, "mean_rme": {"type": "float", "data": 0.001630701700115269}, "max_rme": {"type": "float", "data": 0.005675228837989876}, "simu": {"type": "float", "data": 0.002}}, {"type": "dict", "image_number": {"type": "int", "data": 15}, "Hcamera2end": {"type": "ndarray", "data": [[0.9999995118829521, 0.0003254352719329662, -0.0009329125046584126, -0.012951443326319678], [0.0009334062763408028, -0.0015204276255962323, 0.999998408525013, 0.0245441077133845], [0.00032401632806652435, -0.999998791195129, -0.001520730646774826, 0.03133609016066842], [0.0, 0.0, 0.0, 1.0]]}, "Hobj2base": {"type": "ndarray", "data": [[0.9999984571560394, -7.822192930697306e-06, 0.0017565945332044032, -0.7317990396810371], [-4.011532544753971e-06, -0.9999976469743972, -0.0021693385111135606, 0.09205944689775533], [0.0017566073688768595, 0.0021693281175266025, -0.9999961041654459, 0.00313858466878878], [0.0, 0.0, 0.0, 1.0]]}, "mean_rme": {"type": "float", "data": 0.0015810924674862236}, "max_rme": {"type": "float", "data": 0.005703335148117716}, "simu": {"type": "float", "data": 0.002}}, {"type": "dict", "image_number": {"type": "int", "data": 16}, "Hcamera2end": {"type": "ndarray", "data": [[0.9999956775057673, -4.946676975752244e-05, -0.002939816800440606, -0.013153175594224194], [0.002939737249263664, -0.0015379670752180274, 0.9999944962859448, 0.024380387892290356], [-5.398783895281794e-05, -0.9999988161044562, -0.0015378150080587183, 0.03129086020080921], [0.0, 0.0, 0.0, 1.0]]}, "Hobj2base": {"type": "ndarray", "data": [[0.9999985189652993, -0.0003479425594715501, 0.001685527568184291, -0.7316507169391223], [-0.0003410986165958616, -0.9999917040385842, -0.004059003047869242, 0.09101496040897428], [0.0016869258850219983, 0.0040584221052231365, -0.999990341698896, 0.0026991639580467956], [0.0, 0.0, 0.0, 1.0]]}, "mean_rme": {"type": "float", "data": 0.0015793362268528611}, "max_rme": {"type": "float", "data": 0.005652942206825051}, "simu": {"type": "float", "data": 0.002}}, {"type": "dict", "image_number": {"type": "int", "data": 17}, "Hcamera2end": {"type": "ndarray", "data": [[0.999996078592347, 0.00021286074382353536, -0.0027923986521416365, -0.01292063428930615], [0.0027927382545618, -0.001612177855857988, 0.999994800734285, 0.024321891788954872], [0.00020835779383225725, -0.9999986777855582, -0.0016127659981934883, 0.03128210622445744], [0.0, 0.0, 0.0, 1.0]]}, "Hobj2base": {"type": "ndarray", "data": [[0.9999985787728283, -0.0001133628206711638, 0.0016821418473065021, -0.7317253078877733], [-0.00010742167042480875, -0.9999937582308147, -0.0035315662242772707, 0.0911707140779318], [0.0016825316960739248, 0.003531380506632265, -0.9999923491901375, 0.002852413273840083], [0.0, 0.0, 0.0, 1.0]]}, "mean_rme": {"type": "float", "data": 0.0015530466610482762}, "max_rme": {"type": "float", "data": 0.005735297142625384}, "simu": {"type": "float", "data": 0.002}}, {"type": "dict", "image_number": {"type": "int", "data": 18}, "Hcamera2end": {"type": "ndarray", "data": [[0.9999968823539124, 2.5628897391445637e-05, -0.0024969232297171727, -0.013007632137804268], [0.0024969527684116154, -0.0012257109855500214, 0.9999961314222435, 0.02387516115521566], [2.2568292011324997e-05, -0.9999992484875878, -0.001225771158363198, 0.032303751398698934], [0.0, 0.0, 0.0, 1.0]]}, "Hobj2base": {"type": "ndarray", "data": [[0.9999989004942536, -0.0002688053827547416, 0.001458339449571957, -0.7328787517373548], [-0.000264125666265008, -0.9999948188987229, -0.003208179132014007, 0.09125803278868448], [0.001459194269587099, 0.003207790419723857, -0.9999937903970737, 0.0032867916582307896], [0.0, 0.0, 0.0, 1.0]]}, "mean_rme": {"type": "float", "data": 0.001520784336466241}, "max_rme": {"type": "float", "data": 0.005732567662184995}, "simu": {"type": "float", "data": 0.002}}, {"type": "dict", "image_number": {"type": "int", "data": 19}, "Hcamera2end": {"type": "ndarray", "data": [[0.9999964117818614, -0.0008961246193408927, -0.0025245562122165263, -0.012991780126584015], [0.002523588697167187, -0.0010791594706085483, 0.9999962334503687, 0.02366259962578771], [-0.0008988456427885351, -0.9999990161872678, -0.0010768941483882966, 0.03249921773216584], [0.0, 0.0, 0.0, 1.0]]}, "Hobj2base": {"type": "ndarray", "data": [[0.9999982596852462, -0.001177910021285577, 0.001446773811150651, -0.7329826693642904], [-0.0011734820954556724, -0.999994637006496, -0.0030575967716733893, 0.09144252164386457], [0.0014503676259905042, 0.003055893687329057, -0.9999942789573957, 0.0035086917113459903], [0.0, 0.0, 0.0, 1.0]]}, "mean_rme": {"type": "float", "data": 0.001476877071728172}, "max_rme": {"type": "float", "data": 0.005707872897503852}, "simu": {"type": "float", "data": 0.002}}, {"type": "dict", "image_number": {"type": "int", "data": 20}, "Hcamera2end": {"type": "ndarray", "data": [[0.9999974976235881, -0.00046752339748803, -0.0021877313442427047, -0.013046948343026991], [0.002187049155394633, -0.0014547178923358661, 0.9999965502999726, 0.02452338648083597], [-0.0004707043166026467, -0.9999988326081819, -0.001453691755432418, 0.03326095325697147], [0.0, 0.0, 0.0, 1.0]]}, "Hobj2base": {"type": "ndarray", "data": [[0.9999979902323185, -0.0007334527085054768, 0.0018658988312115804, -0.7335009825926486], [-0.0007282739415580236, -0.9999958854638142, -0.0027746481773681855, 0.09146500024270468], [0.0018679262271241608, 0.002773283715473596, -0.9999944098588969, 0.0025604514205052912], [0.0, 0.0, 0.0, 1.0]]}, "mean_rme": {"type": "float", "data": 0.0014972218895905498}, "max_rme": {"type": "float", "data": 0.005551808955432058}, "simu": {"type": "float", "data": 0.002}}, {"type": "dict", "image_number": {"type": "int", "data": 21}, "Hcamera2end": {"type": "ndarray", "data": [[0.9999972684955925, -0.0006995749725123137, -0.002230156095825343, -0.012901008772593571], [0.0022292995619193675, -0.0012227629243155569, 0.9999967675319228, 0.02485134279934243], [-0.0007022996633479587, -0.9999990077223522, -0.0012212000221536456, 0.03269502216397824], [0.0, 0.0, 0.0, 1.0]]}, "Hobj2base": {"type": "ndarray", "data": [[0.9999982421265449, -0.0009272919037061722, 0.0016296851062377862, -0.7329560449034717], [-0.0009228880567114599, -0.9999959265748923, -0.002700946363293435, 0.0914651233272915], [0.0016321830335325833, 0.002699437598450772, -0.9999950244952207, 0.0023395703593664255], [0.0, 0.0, 0.0, 1.0]]}, "mean_rme": {"type": "float", "data": 0.0015343263194620058}, "max_rme": {"type": "float", "data": 0.005504133488397123}, "simu": {"type": "float", "data": 0.002}}, {"type": "dict", "image_number": {"type": "int", "data": 22}, "Hcamera2end": {"type": "ndarray", "data": [[0.9999968804935886, -0.0011196104412419597, -0.002232817850014549, -0.012942726729370406], [0.0022314299911208287, -0.0012393116333102583, 0.9999967424081291, 0.024697814652598654], [-0.001122373951144674, -0.999998605288595, -0.0012368094349528569, 0.03233989098082671], [0.0, 0.0, 0.0, 1.0]]}, "Hobj2base": {"type": "ndarray", "data": [[0.9999977752188045, -0.0013287823694705585, 0.0016382597034177591, -0.732572626181756], [-0.001324467891969273, -0.9999956595611865, -0.0026318517418081632, 0.09162242042732523], [0.0016417497508453306, 0.002629676064138015, -0.9999951947192314, 0.0025323687321679544], [0.0, 0.0, 0.0, 1.0]]}, "mean_rme": {"type": "float", "data": 0.001550209561182525}, "max_rme": {"type": "float", "data": 0.0055372515495453745}, "simu": {"type": "float", "data": 0.002}}, {"type": "dict", "image_number": {"type": "int", "data": 23}, "Hcamera2end": {"type": "ndarray", "data": [[0.9999975328124959, -0.0006948115592912947, -0.002109882892044489, -0.012945628718332023], [0.002108977992282699, -0.0013005346701071563, 0.9999969304059887, 0.025391904093686062], [-0.0006975534023528631, -0.9999989129226435, -0.0012990661191569775, 0.0325998810567595], [0.0, 0.0, 0.0, 1.0]]}, "Hobj2base": {"type": "ndarray", "data": [[0.9999981734476523, -0.0009111102184440476, 0.0016801724699831507, -0.7327685071022778], [-0.0009069076124750157, -0.9999964628474489, -0.002500362208332905, 0.09154400566669485], [0.0016824446325146357, 0.002498833880087145, -0.999995462594355, 0.001834499065964501], [0.0, 0.0, 0.0, 1.0]]}, "mean_rme": {"type": "float", "data": 0.0015793242893929877}, "max_rme": {"type": "float", "data": 0.005439608816953545}, "simu": {"type": "float", "data": 0.002}}, {"type": "dict", "image_number": {"type": "int", "data": 24}, "Hcamera2end": {"type": "ndarray", "data": [[0.9999980691259173, -0.0007733127974222941, -0.0018065801267731349, -0.012854101689070068], [0.0018054869712679825, -0.0014119723379728555, 0.9999973732720068, 0.02521471785012592], [-0.0007758616073052571, -0.9999987041598773, -0.0014105734054516983, 0.03156286901867329], [0.0, 0.0, 0.0, 1.0]]}, "Hobj2base": {"type": "ndarray", "data": [[0.9999976737785427, -0.0009858311139809809, 0.0019184823475942574, -0.7316477632228775], [-0.0009816648735325108, -0.9999971607505065, -0.0021713647785685884, 0.09173802815564157], [0.0019206174995027392, 0.002169476420762123, -0.9999958022914297, 0.0020923430984781943], [0.0, 0.0, 0.0, 1.0]]}, "mean_rme": {"type": "float", "data": 0.001584645979556292}, "max_rme": {"type": "float", "data": 0.005410842730893317}, "simu": {"type": "float", "data": 0.002}}, {"type": "dict", "image_number": {"type": "int", "data": 25}, "Hcamera2end": {"type": "ndarray", "data": [[0.9999974414353632, -0.00099061974558464, -0.002033665470789964, -0.01289759703240988], [0.002032574890724442, -0.0011006723442070765, 0.9999973285762841, 0.02473176170677109], [-0.0009928554985606248, -0.9999989035958544, -0.001098656019244748, 0.03246043932403521], [0.0, 0.0, 0.0, 1.0]]}, "Hobj2base": {"type": "ndarray", "data": [[0.9999979721326115, -0.001148428960038923, 0.0016543402275125396, -0.7326979682762037], [-0.0011446083811077286, -0.9999966802839484, -0.00230852609616615, 0.09162567376870953], [0.0016569859137965744, 0.00230662784309175, -0.9999959669247045, 0.002519909056336833], [0.0, 0.0, 0.0, 1.0]]}, "mean_rme": {"type": "float", "data": 0.001603474651614132}, "max_rme": {"type": "float", "data": 0.0054585396129721575}, "simu": {"type": "float", "data": 0.002}}, {"type": "dict", "image_number": {"type": "int", "data": 26}, "Hcamera2end": {"type": "ndarray", "data": [[0.9999986810842293, -0.0006797149283320778, -0.0014750652249928922, -0.012865342988480005], [0.0014742164234065006, -0.0012475746796316578, 0.9999981351199387, 0.024183483477689765], [-0.0006815539147707675, -0.9999989907720079, -0.0012465709872750974, 0.031468496877650826], [0.0, 0.0, 0.0, 1.0]]}, "Hobj2base": {"type": "ndarray", "data": [[0.9999980086382744, -0.0008928740239425099, 0.0017847956362513917, -0.7317696206979634], [-0.0008898197386971773, -0.9999981397624793, -0.001711342283959068, 0.09194204564676063], [0.0017863203291790042, 0.0017097507296708672, -0.9999969429013886, 0.003202788513533339], [0.0, 0.0, 0.0, 1.0]]}, "mean_rme": {"type": "float", "data": 0.001670733906429408}, "max_rme": {"type": "float", "data": 0.005549393765495125}, "simu": {"type": "float", "data": 0.002}}, {"type": "dict", "image_number": {"type": "int", "data": 27}, "Hcamera2end": {"type": "ndarray", "data": [[0.9999994767297798, -0.0006950349807530422, -0.0007506440847632771, -0.012821048527609694], [0.000749660494571118, -0.001414347162808527, 0.9999987188148022, 0.024360549462800717], [-0.0006960957616160772, -0.9999987582734683, -0.0014138253824553804, 0.03069740395703803], [0.0, 0.0, 0.0, 1.0]]}, "Hobj2base": {"type": "ndarray", "data": [[0.9999975796250169, -0.0009434138233106869, 0.0019876404267235464, -0.7308813614984766], [-0.0009413988420666575, -0.9999990423320708, -0.0010144472199113146, 0.09235643747045895], [0.0019885955667543376, 0.0010125736021724793, -0.9999975100880867, 0.003149998057273046], [0.0, 0.0, 0.0, 1.0]]}, "mean_rme": {"type": "float", "data": 0.001695704408381383}, "max_rme": {"type": "float", "data": 0.005508265163855497}, "simu": {"type": "float", "data": 0.002}}, {"type": "dict", "image_number": {"type": "int", "data": 28}, "Hcamera2end": {"type": "ndarray", "data": [[0.9999999582202389, -0.00026397338415571427, -0.00011780311084302994, -0.012756146497255642], [0.00011741552518866706, -0.0014678102780194546, 0.9999989158727032, 0.024019380878460044], [-0.00026414601059184103, -0.9999988879249015, -0.0014677792221211572, 0.030084013230974656], [0.0, 0.0, 0.0, 1.0]]}, "Hobj2base": {"type": "ndarray", "data": [[0.9999975752470999, -0.0005618116940304447, 0.002129288036247802, -0.7303062514269498], [-0.000561042259027918, -0.999999777116223, -0.0003619379621448733, 0.09261822045487524], [0.002129490902643688, 0.00036074246396477236, -0.9999976675639652, 0.0036007555186876295], [0.0, 0.0, 0.0, 1.0]]}, "mean_rme": {"type": "float", "data": 0.0016817008440214729}, "max_rme": {"type": "float", "data": 0.0055180551623301155}, "simu": {"type": "float", "data": 0.002}}, {"type": "dict", "image_number": {"type": "int", "data": 29}, "Hcamera2end": {"type": "ndarray", "data": [[0.9999998556061221, -0.00046359348155824065, -0.0002717881870659433, -0.012787788575716875], [0.0002711165597132629, -0.001448190135305616, 0.9999989146199826, 0.0241223569482847], [-0.00046398657935454096, -0.9999988439125398, -0.0014480642383261078, 0.030263418026769635], [0.0, 0.0, 0.0, 1.0]]}, "Hobj2base": {"type": "ndarray", "data": [[0.9999975374205867, -0.0007323850050896382, 0.0020949379385801236, -0.7304660258987108], [-0.0007313404476187127, -0.9999996079038604, -0.0004993328299891152, 0.09265418232538132], [0.002095302821040278, 0.0004977994874926331, -0.9999976809481903, 0.003467923282417183], [0.0, 0.0, 0.0, 1.0]]}, "mean_rme": {"type": "float", "data": 0.0016802087681613382}, "max_rme": {"type": "float", "data": 0.005512626678213728}, "simu": {"type": "float", "data": 0.002}}, {"type": "dict", "image_number": {"type": "int", "data": 30}, "Hcamera2end": {"type": "ndarray", "data": [[0.9999998201605025, -0.00037985898361044565, -0.00046409709682713215, -0.01449422787890578], [0.00046353767238231083, -0.0014714815928593694, 0.999998809936666, 0.024425278499482478], [-0.0003805414418894777, -0.9999988452238705, -0.0014713052492796308, 0.03069083670242361], [0.0, 0.0, 0.0, 1.0]]}, "Hobj2base": {"type": "ndarray", "data": [[0.9999974211026702, -0.0006643974040619297, 0.002171719157346528, -0.7308721067571131], [-0.0006631536523506562, -0.999999615734853, -0.0005733736830004208, 0.09082296304189799], [0.0021720992708170886, 0.0005719320208374865, -0.9999974774360794, 0.003279938657777781], [0.0, 0.0, 0.0, 1.0]]}, "mean_rme": {"type": "float", "data": 0.0016935983519320767}, "max_rme": {"type": "float", "data": 0.005491012503288761}, "simu": {"type": "float", "data": 0.002}}]}