{"type": "list", "data": [{"type": "dict", "image_number": {"type": "int", "data": 5}, "Hcamera2end": {"type": "ndarray", "data": [[0.999989125636901, 0.0045718554342701265, 0.0009201879342163562, -0.014513901913112179], [-0.000924083053947748, 0.0008499385491331779, 0.9999992118371757, 0.02261697711303131], [0.004571069727705896, -0.9999891878127238, 0.000854154080724645, 0.03148386965984022], [0.0, 0.0, 0.0, 1.0]]}, "Hobj2base": {"type": "ndarray", "data": [[0.9999892918030047, 0.004441802122462188, 0.001298719842770929, -0.7336530956491766], [0.004440921937346491, -0.9999899079688104, 0.000679832977065464, 0.08974604345762068], [0.0013017264196102183, -0.0006740581838397931, -0.9999989255763697, 0.0010127729104206563], [0.0, 0.0, 0.0, 1.0]]}, "mean_rme": {"type": "float", "data": 0.0010484128484089816}, "max_rme": {"type": "float", "data": 0.002526275195031902}, "simu": {"type": "float", "data": 0.002}}, {"type": "dict", "image_number": {"type": "int", "data": 6}, "Hcamera2end": {"type": "ndarray", "data": [[0.9999874883364889, 0.004983305992316521, 0.00043569699042628326, -0.014788201817401167], [-0.0004440964328905361, 0.0016845337684777695, 0.9999984825610195, 0.022622180646860366], [0.004982564484160557, -0.9999861644079733, 0.001686725760573271, 0.031137363375077366], [0.0, 0.0, 0.0, 1.0]]}, "Hobj2base": {"type": "ndarray", "data": [[0.999988930151807, 0.004651331316313639, 0.0007104159558124862, -0.7340281165457522], [0.004650966480191491, -0.9999890519203882, 0.0005143444013242526, 0.08924709601686202], [0.0007128005643432946, -0.000511034586812334, -0.9999996153794293, 0.0009605470863833973], [0.0, 0.0, 0.0, 1.0]]}, "mean_rme": {"type": "float", "data": 0.0010557832166498352}, "max_rme": {"type": "float", "data": 0.0029399653588170205}, "simu": {"type": "float", "data": 0.002}}, {"type": "dict", "image_number": {"type": "int", "data": 7}, "Hcamera2end": {"type": "ndarray", "data": [[0.9999880694813498, 0.004883368819054782, 0.00011663593037568526, -0.014692587070246902], [-0.0001280434032135333, 0.0023357368153443803, 0.9999972639654653, 0.02281434189365176], [0.004883083027152476, -0.9999853484139187, 0.0023363342319555613, 0.030972996745245843], [0.0, 0.0, 0.0, 1.0]]}, "Hobj2base": {"type": "ndarray", "data": [[0.9999907589380325, 0.004274807059612357, -0.00045613938765855385, -0.7349496891313024], [0.00427497851131634, -0.9999907917124116, 0.00037556505769037636, 0.089233936956317], [-0.00045452971923593325, -0.00037751157315081075, -0.9999998254438582, 0.0010616362262677512], [0.0, 0.0, 0.0, 1.0]]}, "mean_rme": {"type": "float", "data": 0.001154176785635187}, "max_rme": {"type": "float", "data": 0.004614443466225693}, "simu": {"type": "float", "data": 0.002}}, {"type": "dict", "image_number": {"type": "int", "data": 8}, "Hcamera2end": {"type": "ndarray", "data": [[0.9999893199592242, 0.004621664392432135, -1.3628350571213022e-05, -0.014744454187076213], [4.55174024041995e-06, 0.0019639315818347214, 0.9999980714741521, 0.022738052975333465], [0.004621682244580989, -0.9999873915160058, 0.001963889570349542, 0.031001320496625642], [0.0, 0.0, 0.0, 1.0]]}, "Hobj2base": {"type": "ndarray", "data": [[0.9999912606472906, 0.004173603807433359, -0.000244254582634838, -0.734629747745393], [0.0041737020616353345, -0.9999912088044558, 0.0004031437760069169, 0.08924597496055253], [-0.00024256987294655395, -0.00040415969864637265, -0.9999998889073913, 0.0010397792985273116], [0.0, 0.0, 0.0, 1.0]]}, "mean_rme": {"type": "float", "data": 0.0010866829610945347}, "max_rme": {"type": "float", "data": 0.004771940132362734}, "simu": {"type": "float", "data": 0.002}}, {"type": "dict", "image_number": {"type": "int", "data": 9}, "Hcamera2end": {"type": "ndarray", "data": [[0.9999913883754937, 0.004148029104228319, 0.00013049675444346378, -0.01483012996257064], [-0.00013618766762913109, 0.0013717030968722899, 0.9999990499413152, 0.022666347157279207], [0.004147846160555042, -0.9999904560970392, 0.0013722561946892808, 0.031121525664296216], [0.0, 0.0, 0.0, 1.0]]}, "Hobj2base": {"type": "ndarray", "data": [[0.9999920156694054, 0.003983562156779318, 0.0003159588307842761, -0.7340431930959449], [0.003983382813508848, -0.9999919059905116, 0.000566228598197546, 0.08944156703251598], [0.0003182118802263676, -0.0005649654922649035, -0.9999997897775741, 0.000924403934163783], [0.0, 0.0, 0.0, 1.0]]}, "mean_rme": {"type": "float", "data": 0.0011099577640972468}, "max_rme": {"type": "float", "data": 0.005170307247284345}, "simu": {"type": "float", "data": 0.002}}, {"type": "dict", "image_number": {"type": "int", "data": 10}, "Hcamera2end": {"type": "ndarray", "data": [[0.9999913440535428, 0.004137078114323667, -0.00044317340272092415, -0.01467669370675918], [0.000436694571606816, 0.0015668123030309067, 0.9999986771976539, 0.02263309502957609], [0.004137767011326792, -0.999990214794066, 0.0015649921012327317, 0.031105778536187643], [0.0, 0.0, 0.0, 1.0]]}, "Hobj2base": {"type": "ndarray", "data": [[0.999992532582801, 0.003863992260029178, 6.58972696051763e-05, -0.7343120534654406], [0.003863968965417743, -0.9999924735807937, 0.0003500365693876378, 0.08927376023444823], [6.724931222954169e-05, -0.0003497793305138791, -0.9999999365659731, 0.0011155147511991536], [0.0, 0.0, 0.0, 1.0]]}, "mean_rme": {"type": "float", "data": 0.0011457259379257484}, "max_rme": {"type": "float", "data": 0.004949886709785634}, "simu": {"type": "float", "data": 0.002}}, {"type": "dict", "image_number": {"type": "int", "data": 11}, "Hcamera2end": {"type": "ndarray", "data": [[0.9999897613167346, 0.00451381577662013, -0.00032051339265464504, -0.014557809419998749], [0.00031838201629800795, 0.0004729001339890404, 0.9999998374991641, 0.02258433486953952], [0.004513966613947627, -0.9999897008632628, 0.0004714581743462398, 0.03140279815038696], [0.0, 0.0, 0.0, 1.0]]}, "Hobj2base": {"type": "ndarray", "data": [[0.9999891281153953, 0.004565390129416691, 0.0009491385451215001, -0.7336440719867895], [0.004565077068169793, -0.9999895249542838, 0.00033174247247128963, 0.0893363223830125], [0.0009506431366611774, -0.00032740597519856026, -0.9999994945413497, 0.0010631254461723396], [0.0, 0.0, 0.0, 1.0]]}, "mean_rme": {"type": "float", "data": 0.0012595546496212728}, "max_rme": {"type": "float", "data": 0.005548575928538496}, "simu": {"type": "float", "data": 0.002}}, {"type": "dict", "image_number": {"type": "int", "data": 12}, "Hcamera2end": {"type": "ndarray", "data": [[0.9999888581709087, 0.004553682756280273, -0.001243988503729422, -0.014650420000083318], [0.001240550152255166, 0.0007578171835207481, 0.9999989433736599, 0.022397702231465748], [0.0045546206606033555, -0.9999893447864691, 0.0007521596682145137, 0.031233792106366825], [0.0, 0.0, 0.0, 1.0]]}, "Hobj2base": {"type": "ndarray", "data": [[0.9999892034453723, 0.00459722329262249, 0.0006771489403224813, -0.7336918875123839], [0.004597549267571657, -0.999989315712666, -0.0004806258897603247, 0.08857762010828253], [0.0006749321609331914, 0.000483733926271267, -0.9999996552339738, 0.0012421503487460156], [0.0, 0.0, 0.0, 1.0]]}, "mean_rme": {"type": "float", "data": 0.0013397374906517006}, "max_rme": {"type": "float", "data": 0.005518345045212314}, "simu": {"type": "float", "data": 0.002}}, {"type": "dict", "image_number": {"type": "int", "data": 13}, "Hcamera2end": {"type": "ndarray", "data": [[0.9999914389394421, 0.003996404318671074, -0.0010727536277295542, -0.014599552523887942], [0.0010698232377459914, 0.0007353222189661057, 0.999999157389382, 0.02238974035318943], [0.003997189770836308, -0.999991743992797, 0.0007310404776205148, 0.03140255653428644], [0.0, 0.0, 0.0, 1.0]]}, "Hobj2base": {"type": "ndarray", "data": [[0.9999908436327566, 0.004184457650002075, 0.0008960830447245168, -0.7335207942484107], [0.00418467655973519, -0.9999912147845738, -0.00024256084401645824, 0.08894149142923473], [0.0008950601868625934, 0.00024630844075312637, -0.9999995690996142, 0.0011761581769633796], [0.0, 0.0, 0.0, 1.0]]}, "mean_rme": {"type": "float", "data": 0.0013581274687699096}, "max_rme": {"type": "float", "data": 0.0057155727489187624}, "simu": {"type": "float", "data": 0.002}}, {"type": "dict", "image_number": {"type": "int", "data": 14}, "Hcamera2end": {"type": "ndarray", "data": [[0.9999943883562517, 0.0032794546431413646, -0.0006844218361542766, -0.014470531264854376], [0.0006818195459222533, 0.000794565410446646, 0.9999994518938076, 0.022370530341719486], [0.003279996663569129, -0.9999943069053205, 0.0007923249553529743, 0.031601629567899636], [0.0, 0.0, 0.0, 1.0]]}, "Hobj2base": {"type": "ndarray", "data": [[0.9999929671067167, 0.0035719596754272957, 0.0011431715453624355, -0.7333749339859634], [0.0035716461846451715, -0.9999935835209088, 0.000276153115684806, 0.08952804765872747], [0.0011441506180195865, -0.0002720681692410249, -0.9999993084488983, 0.001118109923570365], [0.0, 0.0, 0.0, 1.0]]}, "mean_rme": {"type": "float", "data": 0.0013881588754111186}, "max_rme": {"type": "float", "data": 0.0059706291061227545}, "simu": {"type": "float", "data": 0.002}}, {"type": "dict", "image_number": {"type": "int", "data": 15}, "Hcamera2end": {"type": "ndarray", "data": [[0.99999561020946, 0.002934079793198513, -0.00041320403784476847, -0.014357425715262728], [0.00041055291071625524, 0.0009041082227756458, 0.9999995070171929, 0.022369121496603146], [0.00293445192791592, -0.9999952868709373, 0.0009028996589305338, 0.03169846749973593], [0.0, 0.0, 0.0, 1.0]]}, "Hobj2base": {"type": "ndarray", "data": [[0.999993932954117, 0.0032927665360135286, 0.0011365489414567533, -0.7333970908273358], [0.0032920605300532507, -0.999994387401856, 0.0006224967895431492, 0.08988916872440741], [0.0011385922990616575, -0.0006187514249159214, -0.9999991603767726, 0.001094194768671053], [0.0, 0.0, 0.0, 1.0]]}, "mean_rme": {"type": "float", "data": 0.001340535855887479}, "max_rme": {"type": "float", "data": 0.006042522168982101}, "simu": {"type": "float", "data": 0.002}}, {"type": "dict", "image_number": {"type": "int", "data": 16}, "Hcamera2end": {"type": "ndarray", "data": [[0.9999935105563507, 0.0035845523200189076, 0.00036031909598428064, -0.01422387592779979], [-0.0003628852034564822, 0.0007152548526037084, 0.9999996783623608, 0.022478351823633634], [0.0035842934471100726, -0.9999933196752671, 0.0007165509919956348, 0.031668192551856746], [0.0, 0.0, 0.0, 1.0]]}, "Hobj2base": {"type": "ndarray", "data": [[0.9999917243511779, 0.0039585159274041935, 0.000938818837906454, -0.7335565938961064], [0.003957114709437594, -0.9999910609439349, 0.0014897232628954373, 0.09037482766423317], [0.000944707539015823, -0.0014859959206358947, -0.9999984496706931, 0.0009954377786917518], [0.0, 0.0, 0.0, 1.0]]}, "mean_rme": {"type": "float", "data": 0.001383040927041514}, "max_rme": {"type": "float", "data": 0.005898827909533361}, "simu": {"type": "float", "data": 0.002}}, {"type": "dict", "image_number": {"type": "int", "data": 17}, "Hcamera2end": {"type": "ndarray", "data": [[0.9999929229675661, 0.0034043441868450933, 0.0016013917199758203, -0.013966684910305453], [-0.0016039589807027709, 0.000751516730228996, 0.9999984312678658, 0.02243045349351091], [0.003403135373671759, -0.9999939228131649, 0.0007569718401525538, 0.0317219544933327], [0.0, 0.0, 0.0, 1.0]]}, "Hobj2base": {"type": "ndarray", "data": [[0.9999923566484081, 0.0038067753905765417, 0.000891687102430612, -0.733603698841552], [0.0038042482076830293, -0.9999887906489109, 0.0028189132840264353, 0.09123119040283857], [0.0009024080769146203, -0.0028154995390198626, -0.9999956293014527, 0.0010229141547688863], [0.0, 0.0, 0.0, 1.0]]}, "mean_rme": {"type": "float", "data": 0.0013534503823994955}, "max_rme": {"type": "float", "data": 0.005895941215314976}, "simu": {"type": "float", "data": 0.002}}, {"type": "dict", "image_number": {"type": "int", "data": 18}, "Hcamera2end": {"type": "ndarray", "data": [[0.9999968541728075, 0.0021105980738129466, 0.0013553672047327229, -0.013895185671523941], [-0.001358070531053961, 0.0012799282741284834, 0.9999982587125069, 0.02239482090292421], [0.0021088596258477537, -0.9999969535750517, 0.0012827905887422553, 0.03191034087117964], [0.0, 0.0, 0.0, 1.0]]}, "Hobj2base": {"type": "ndarray", "data": [[0.9999964705390324, 0.002481925522083295, 0.000948132470134068, -0.7336530964041873], [0.002479422302570681, -0.9999934617815083, 0.002632272645568943, 0.09148779538970168], [0.0009546593756969386, -0.0026299125342731425, -0.9999960860851098, 0.000989423485141842], [0.0, 0.0, 0.0, 1.0]]}, "mean_rme": {"type": "float", "data": 0.0013639756080335579}, "max_rme": {"type": "float", "data": 0.006017707345321227}, "simu": {"type": "float", "data": 0.002}}, {"type": "dict", "image_number": {"type": "int", "data": 19}, "Hcamera2end": {"type": "ndarray", "data": [[0.9999969223543619, 0.0020999925936882515, 0.001321102914542209, -0.013867110355404827], [-0.0013233418678006857, 0.0010651402679051625, 0.9999985571202141, 0.021652329249355156], [0.002098582403739063, -0.9999972277498153, 0.0010679159979021247, 0.029109794407472144], [0.0, 0.0, 0.0, 1.0]]}, "Hobj2base": {"type": "ndarray", "data": [[0.9999961778508858, 0.00252219509164908, 0.001132614470721127, -0.7308863108065234], [0.0025192204881418372, -0.9999933942612576, 0.0026201072460943003, 0.0921218200058073], [0.0011392154106015307, -0.002617243926073904, -0.9999959261029414, 0.0016322493135937511], [0.0, 0.0, 0.0, 1.0]]}, "mean_rme": {"type": "float", "data": 0.0014781673073258359}, "max_rme": {"type": "float", "data": 0.005892409404404525}, "simu": {"type": "float", "data": 0.002}}, {"type": "dict", "image_number": {"type": "int", "data": 20}, "Hcamera2end": {"type": "ndarray", "data": [[0.9999965175925253, 0.0023528785134910093, 0.0011953098021068374, -0.014008464020843069], [-0.0011971654499935713, 0.0007874210189650066, 0.999998973380985, 0.02202861843989791], [0.0023519348859188335, -0.9999969219606825, 0.0007902350617086107, 0.0312754377040423], [0.0, 0.0, 0.0, 1.0]]}, "Hobj2base": {"type": "ndarray", "data": [[0.9999951470163371, 0.002843289706992046, 0.001273439208044251, -0.7329048333893148], [0.002840163393102655, -0.9999929651361688, 0.0024501326646030257, 0.09166099237941329], [0.0012803966865588554, -0.002446503998727203, -0.9999961875939876, 0.001231067543506731], [0.0, 0.0, 0.0, 1.0]]}, "mean_rme": {"type": "float", "data": 0.0014987497767979718}, "max_rme": {"type": "float", "data": 0.006119397415276149}, "simu": {"type": "float", "data": 0.002}}, {"type": "dict", "image_number": {"type": "int", "data": 21}, "Hcamera2end": {"type": "ndarray", "data": [[0.9999956095285828, 0.002787668009531356, 0.0010049032923108753, -0.014031428940611882], [-0.0010077029740301253, 0.0010030868811324867, 0.9999989891752015, 0.021544440108120164], [0.0027866571863780784, -0.9999956113522586, 0.0010058916184519928, 0.030928324219272333], [0.0, 0.0, 0.0, 1.0]]}, "Hobj2base": {"type": "ndarray", "data": [[0.9999948636246848, 0.003078069722297174, 0.0008934265681802875, -0.7327707086942795], [0.0030761334048714935, -0.9999929345029515, 0.0021606358906029973, 0.09175056732552031], [0.0009000708435932804, -0.0021578764934549644, -0.9999972667170225, 0.0017586550707531974], [0.0, 0.0, 0.0, 1.0]]}, "mean_rme": {"type": "float", "data": 0.001483209726453628}, "max_rme": {"type": "float", "data": 0.006089324894008114}, "simu": {"type": "float", "data": 0.002}}, {"type": "dict", "image_number": {"type": "int", "data": 22}, "Hcamera2end": {"type": "ndarray", "data": [[0.9999971068080026, 0.0022571952448337575, 0.00083153187004554, -0.014060502672213418], [-0.0008333468788580379, 0.0008032777825371928, 0.9999993301386674, 0.021832316993541594], [0.002256525781749264, -0.9999971299030965, 0.0008051564851125903, 0.03105819522963147], [0.0, 0.0, 0.0, 1.0]]}, "Hobj2base": {"type": "ndarray", "data": [[0.9999956759794366, 0.0026515401256980717, 0.0012717536677212117, -0.7327449634817246], [0.00264888773049316, -0.9999943226743888, 0.0020827896631987128, 0.09165752502801078], [0.0012772690479269035, -0.002079411924486744, -0.9999970223104804, 0.0014364120138064716], [0.0, 0.0, 0.0, 1.0]]}, "mean_rme": {"type": "float", "data": 0.001448703500443057}, "max_rme": {"type": "float", "data": 0.005990274816577249}, "simu": {"type": "float", "data": 0.002}}, {"type": "dict", "image_number": {"type": "int", "data": 23}, "Hcamera2end": {"type": "ndarray", "data": [[0.999996944765648, 0.0023328468086653443, 0.0008174870866340554, -0.014088651945933874], [-0.000819155735444018, 0.0007144185314115203, 0.999999409294847, 0.02193272323997729], [0.0023322614027168325, -0.9999970237115354, 0.0007163273135387671, 0.03074856703104539], [0.0, 0.0, 0.0, 1.0]]}, "Hobj2base": {"type": "ndarray", "data": [[0.9999953208508007, 0.002757792381953662, 0.0013239553173109474, -0.7323944810056723], [0.0027550564857311307, -0.9999940750718024, 0.002063851993572173, 0.09161172527410115], [0.0013296391482761085, -0.0020601947648169945, -0.9999969938241149, 0.0013467099761641365], [0.0, 0.0, 0.0, 1.0]]}, "mean_rme": {"type": "float", "data": 0.0014143917609133446}, "max_rme": {"type": "float", "data": 0.0059072847745335055}, "simu": {"type": "float", "data": 0.002}}, {"type": "dict", "image_number": {"type": "int", "data": 24}, "Hcamera2end": {"type": "ndarray", "data": [[0.9999969310001776, 0.0023225427911858646, 0.0008624298284793532, -0.01412459303427306], [-0.0008641065422430919, 0.0007210235199378578, 0.999999366722283, 0.02188170438185977], [0.002321919488180639, -0.9999970429556612, 0.0007230282315373593, 0.030636369000735686], [0.0, 0.0, 0.0, 1.0]]}, "Hobj2base": {"type": "ndarray", "data": [[0.9999953552653801, 0.0027475859385148204, 0.0013191736719524838, -0.7322949012299489], [0.00274480231458801, -0.9999940126120059, 0.002107320666861947, 0.09164977168415041], [0.00132495581818009, -0.002103690007968571, -0.9999969094854395, 0.0014007186698568642], [0.0, 0.0, 0.0, 1.0]]}, "mean_rme": {"type": "float", "data": 0.0013685081465620143}, "max_rme": {"type": "float", "data": 0.00589571899531946}, "simu": {"type": "float", "data": 0.002}}, {"type": "dict", "image_number": {"type": "int", "data": 25}, "Hcamera2end": {"type": "ndarray", "data": [[0.9999971527702355, 0.0022747651492619064, 0.0007210374040332161, -0.014067506296416933], [-0.0007228174825885988, 0.0007818078470983592, 0.9999994331555278, 0.021865955429288934], [0.002274200147123332, -0.9999971071058185, 0.0007834498611305474, 0.031123908322811453], [0.0, 0.0, 0.0, 1.0]]}, "Hobj2base": {"type": "ndarray", "data": [[0.9999955680688062, 0.0026855691468836867, 0.0012851307727003544, -0.7327997580961952], [0.0026830400511918874, -0.9999944687201414, 0.001965661518522569, 0.09151851330104123], [0.001290402584209757, -0.001962204749511794, -0.9999972423030432, 0.0014551037069330851], [0.0, 0.0, 0.0, 1.0]]}, "mean_rme": {"type": "float", "data": 0.001378219246857318}, "max_rme": {"type": "float", "data": 0.006061450320118131}, "simu": {"type": "float", "data": 0.002}}, {"type": "dict", "image_number": {"type": "int", "data": 26}, "Hcamera2end": {"type": "ndarray", "data": [[0.9999976177430017, 0.0021049710902915656, 0.0005775855180452605, -0.01413423143814607], [-0.0005793611633907417, 0.0008430364438640758, 0.9999994768149617, 0.022305834999125456], [0.0021044830633610238, -0.9999974291898274, 0.0008442539740344257, 0.031599272872793856], [0.0, 0.0, 0.0, 1.0]]}, "Hobj2base": {"type": "ndarray", "data": [[0.999996053345494, 0.00250350342769331, 0.001275054517797921, -0.7332535042606583], [0.0025011721808326933, -0.9999952036861173, 0.0018266752537383693, 0.09131896383804426], [0.0012796214899952524, -0.001823478913593287, -0.9999975187436687, 0.0010394251095556038], [0.0, 0.0, 0.0, 1.0]]}, "mean_rme": {"type": "float", "data": 0.001408920539057473}, "max_rme": {"type": "float", "data": 0.006015710969611888}, "simu": {"type": "float", "data": 0.002}}, {"type": "dict", "image_number": {"type": "int", "data": 27}, "Hcamera2end": {"type": "ndarray", "data": [[0.99999787550645, 0.001973466113351165, 0.0005953268730867135, -0.014108367044475828], [-0.0005969275595378462, 0.0008106143445579805, 0.9999994932908081, 0.022277244231975198], [0.0019729825328747208, -0.9999977241653522, 0.0008117906387239415, 0.03154471499787487], [0.0, 0.0, 0.0, 1.0]]}, "Hobj2base": {"type": "ndarray", "data": [[0.9999962449625933, 0.0023873825291473925, 0.0013455353479617427, -0.7331862505469755], [0.0023848544665944957, -0.9999953940292969, 0.0018773357091418001, 0.09139774810339295], [0.0013500110689386995, -0.0018741197536914398, -0.9999973325690739, 0.001039055470157757], [0.0, 0.0, 0.0, 1.0]]}, "mean_rme": {"type": "float", "data": 0.0013676637373189137}, "max_rme": {"type": "float", "data": 0.0059838340166554396}, "simu": {"type": "float", "data": 0.002}}, {"type": "dict", "image_number": {"type": "int", "data": 28}, "Hcamera2end": {"type": "ndarray", "data": [[0.9999983841578649, 0.0017073013011685916, 0.0005628533790992926, -0.014029952373732378], [-0.0005643084182871407, 0.0008518831473828259, 0.9999994779254197, 0.02238318832916507], [0.0017068209245218796, -0.9999981797070282, 0.0008528452153709898, 0.031730783832411104], [0.0, 0.0, 0.0, 1.0]]}, "Hobj2base": {"type": "ndarray", "data": [[0.9999967284226454, 0.002132817110190647, 0.0014121739200465434, -0.7333522927209932], [0.0021301737438451027, -0.999995981398444, 0.0018707075623388455, 0.09135895897025363], [0.0014161581221793502, -0.0018676932663681215, -0.999997253105245, 0.0009413257312982053], [0.0, 0.0, 0.0, 1.0]]}, "mean_rme": {"type": "float", "data": 0.0013557253908862098}, "max_rme": {"type": "float", "data": 0.006083029907230702}, "simu": {"type": "float", "data": 0.002}}, {"type": "dict", "image_number": {"type": "int", "data": 29}, "Hcamera2end": {"type": "ndarray", "data": [[0.9999985573556189, 0.0015455838071165137, 0.000704597314816406, -0.013919438722954897], [-0.0007058516625959618, 0.0008111736283530346, 0.9999994218852205, 0.022363928503607456], [0.0015450113628312843, -0.9999984765828597, 0.0008122634110178106, 0.03167960852522432], [0.0, 0.0, 0.0, 1.0]]}, "Hobj2base": {"type": "ndarray", "data": [[0.9999969328431196, 0.0019734439256845347, 0.0014966039641678387, -0.7332769385535048], [0.0019703935579281867, -0.9999959842126356, 0.0020369358924020435, 0.09143700180155936], [0.001500617732888419, -0.0020339807459903397, -0.9999968055292703, 0.000948216968338683], [0.0, 0.0, 0.0, 1.0]]}, "mean_rme": {"type": "float", "data": 0.0013696706649099829}, "max_rme": {"type": "float", "data": 0.006178968572805844}, "simu": {"type": "float", "data": 0.002}}, {"type": "dict", "image_number": {"type": "int", "data": 30}, "Hcamera2end": {"type": "ndarray", "data": [[0.9999992354859681, 0.0011406096849179465, 0.0004775322249969455, -0.01391069702381223], [-0.0004786773863152267, 0.0010039286293521688, 0.999999381497442, 0.022652298994523444], [0.0011401295711758264, -0.9999988455677603, 0.0010044738458974134, 0.031950300886293], [0.0, 0.0, 0.0, 1.0]]}, "Hobj2base": {"type": "ndarray", "data": [[0.9999976875544345, 0.0015573482092728888, 0.001483088783098524, -0.7335700603636947], [0.001554649809209601, -0.9999971373944729, 0.0018188641593782247, 0.09133901277473683], [0.0014859171424418949, -0.00181655426966018, -0.9999972460866235, 0.0006721289788300333], [0.0, 0.0, 0.0, 1.0]]}, "mean_rme": {"type": "float", "data": 0.0013807823905358486}, "max_rme": {"type": "float", "data": 0.0061477284814676555}, "simu": {"type": "float", "data": 0.002}}]}