{"type": "list", "data": [{"type": "dict", "image_number": {"type": "int", "data": 5}, "Hcamera2end": {"type": "ndarray", "data": [[0.9999746323793421, 0.004934499409593116, 0.005136663642515349, -0.01510877390777872], [-0.005134940274131324, -0.00036185475597516614, 0.9999867506369857, 0.021384490305254168], [0.004936292756788031, -0.9999877598134452, -0.0003365072168299843, 0.03443564233265379], [0.0, 0.0, 0.0, 1.0]]}, "Hobj2base": {"type": "ndarray", "data": [[0.9999846863002388, 0.005022682023049632, 0.0023237534956075195, -0.7358764294025912], [0.0050120041858243165, -0.9999769591823515, 0.004578309563441725, 0.08915868582632214], [0.002346695347567222, -0.004566592790336848, -0.999986819538754, -0.000299683387099936], [0.0, 0.0, 0.0, 1.0]]}, "mean_rme": {"type": "float", "data": 0.0015609885851564256}, "max_rme": {"type": "float", "data": 0.003094799317560848}, "simu": {"type": "float", "data": 0.002}}, {"type": "dict", "image_number": {"type": "int", "data": 6}, "Hcamera2end": {"type": "ndarray", "data": [[0.9999788395303195, 0.0050461723258687155, 0.004105683433142696, -0.014634699032116963], [-0.004105281638982364, -8.99790610635609e-05, 0.999991569247678, 0.021290721197737127], [0.0050464992083799984, -0.9999872639432097, -6.92611984678404e-05, 0.03462364260987647], [0.0, 0.0, 0.0, 1.0]]}, "Hobj2base": {"type": "ndarray", "data": [[0.9999847599420385, 0.005225077386219507, 0.0017828207906806506, -0.7364811388335445], [0.0052173568332020874, -0.9999771097296488, 0.004308039509150668, 0.08883724600991215], [0.0018052898212489682, -0.004298672242144215, -0.9999891311137414, 0.00016400199576566132], [0.0, 0.0, 0.0, 1.0]]}, "mean_rme": {"type": "float", "data": 0.001531237714501227}, "max_rme": {"type": "float", "data": 0.003228193568729845}, "simu": {"type": "float", "data": 0.002}}, {"type": "dict", "image_number": {"type": "int", "data": 7}, "Hcamera2end": {"type": "ndarray", "data": [[0.9999779283450986, 0.005060436137814908, 0.00430520716575326, -0.013663478687842293], [-0.004308409992333434, 0.0006221842805915756, 0.9999905252001435, 0.021686801944518986], [0.005057709558972093, -0.9999870023519386, 0.0006439729815765904, 0.035401508897187794], [0.0, 0.0, 0.0, 1.0]]}, "Hobj2base": {"type": "ndarray", "data": [[0.9999876594677845, 0.004911248689175926, 0.0007486978398125551, -0.7378871651256996], [0.004907677283698815, -0.999976913921427, 0.004699609330361822, 0.08992500020336747], [0.0007717615054787763, -0.004695876967300677, -0.9999886764977324, 0.0006473042079871824], [0.0, 0.0, 0.0, 1.0]]}, "mean_rme": {"type": "float", "data": 0.0017973622322877592}, "max_rme": {"type": "float", "data": 0.006331296138516074}, "simu": {"type": "float", "data": 0.002}}, {"type": "dict", "image_number": {"type": "int", "data": 8}, "Hcamera2end": {"type": "ndarray", "data": [[0.9999792043475931, 0.0043923074472931025, 0.0047221295665334975, -0.013977123357780234], [-0.004722708106034686, 0.00012135395775103586, 0.9999888405884148, 0.02166667393439417], [0.004391685382614578, -0.9999903464076567, 0.00014209502010187336, 0.03546483004611611], [0.0, 0.0, 0.0, 1.0]]}, "Hobj2base": {"type": "ndarray", "data": [[0.99998915448121, 0.004527114105127297, 0.0010936900081887104, -0.7374282295404786], [0.004521571370236077, -0.9999771856494457, 0.005018323719874114, 0.09043025206076422], [0.001116383580457803, -0.005013324096120976, -0.9999868100476166, 0.0003602743168537176], [0.0, 0.0, 0.0, 1.0]]}, "mean_rme": {"type": "float", "data": 0.001890557156718129}, "max_rme": {"type": "float", "data": 0.006635904712718965}, "simu": {"type": "float", "data": 0.002}}, {"type": "dict", "image_number": {"type": "int", "data": 9}, "Hcamera2end": {"type": "ndarray", "data": [[0.9999788881192345, 0.003975501462174991, 0.005139912834259684, -0.013495004655698478], [-0.005142370142090528, 0.0006081379957474375, 0.9999865930088764, 0.021694396092660426], [0.003972322386372832, -0.9999919127454494, 0.0006285686568294757, 0.0361940595202353], [0.0, 0.0, 0.0, 1.0]]}, "Hobj2base": {"type": "ndarray", "data": [[0.9999924139564403, 0.003858492063460254, 0.0005329808322494027, -0.7379070671023658], [0.0038555160810897333, -0.9999775730023148, 0.005476174590679695, 0.09154246770133342], [0.0005540986552857722, -0.005474078132011059, -0.9999848636070867, 0.0007396138641052103], [0.0, 0.0, 0.0, 1.0]]}, "mean_rme": {"type": "float", "data": 0.002065067086228544}, "max_rme": {"type": "float", "data": 0.0060097725654977285}, "simu": {"type": "float", "data": 0.002}}, {"type": "dict", "image_number": {"type": "int", "data": 10}, "Hcamera2end": {"type": "ndarray", "data": [[0.9999817831325843, 0.003555280133660926, 0.004877846466251919, -0.013545535163283075], [-0.004877087112233293, -0.0002222233618311975, 0.9999880822480223, 0.02145796890197455], [0.0035563217341543075, -0.9999936552798467, -0.00020487990269724143, 0.03614324379891956], [0.0, 0.0, 0.0, 1.0]]}, "Hobj2base": {"type": "ndarray", "data": [[0.9999927066761921, 0.0037548689660118883, 0.000698250292691645, -0.7374226677867632], [0.003751212206623407, -0.9999796170950823, 0.005166604431709179, 0.09135108127243674], [0.0007176359829626045, -0.0051639474649688485, -0.9999864092302331, 0.0007993931115947261], [0.0, 0.0, 0.0, 1.0]]}, "mean_rme": {"type": "float", "data": 0.001936623762576017}, "max_rme": {"type": "float", "data": 0.006020418673994554}, "simu": {"type": "float", "data": 0.002}}, {"type": "dict", "image_number": {"type": "int", "data": 11}, "Hcamera2end": {"type": "ndarray", "data": [[0.9999826648569159, 0.003399608213222274, 0.004807561716468879, -0.01339897427052555], [-0.004805771713033635, -0.0005345053317202808, 0.9999883093628108, 0.021440643701036415], [0.0034021381370060947, -0.9999940784664911, -0.0005181583250075672, 0.03639091446955968], [0.0, 0.0, 0.0, 1.0]]}, "Hobj2base": {"type": "ndarray", "data": [[0.9999921035205492, 0.003855187254061265, 0.0009645868459427018, -0.7373540653471846], [0.003850435213020582, -0.9999806758231491, 0.004880791836145078, 0.09131708381143949], [0.0009833845725723358, -0.004877039215915007, -0.9999876236450469, 0.000906267717577014], [0.0, 0.0, 0.0, 1.0]]}, "mean_rme": {"type": "float", "data": 0.0019225050255373439}, "max_rme": {"type": "float", "data": 0.005802487320901495}, "simu": {"type": "float", "data": 0.002}}, {"type": "dict", "image_number": {"type": "int", "data": 12}, "Hcamera2end": {"type": "ndarray", "data": [[0.9999828111941531, 0.0034539462183934035, 0.004737886845340959, -0.013378669560204115], [-0.004736102498833238, -0.0005246072433999771, 0.9999886469957351, 0.02140084049133693], [0.003456392535484729, -0.9999938975027602, -0.0005082399827120998, 0.03644104339268256], [0.0, 0.0, 0.0, 1.0]]}, "Hobj2base": {"type": "ndarray", "data": [[0.9999915581219445, 0.003949172297796674, 0.001134778836631517, -0.7373062852614821], [0.0039437059532179556, -0.9999808010022646, 0.004779624485735848, 0.09120466294420075], [0.0011536326106281404, -0.004775108902675179, -0.9999879336605857, 0.0009634573673124499], [0.0, 0.0, 0.0, 1.0]]}, "mean_rme": {"type": "float", "data": 0.0018389476736292887}, "max_rme": {"type": "float", "data": 0.005782979412611022}, "simu": {"type": "float", "data": 0.002}}, {"type": "dict", "image_number": {"type": "int", "data": 13}, "Hcamera2end": {"type": "ndarray", "data": [[0.9999819880368556, 0.00334605533325483, 0.004982721702535677, -0.013427929443605276], [-0.004980569335850338, -0.0006512798743396608, 0.9999873848022364, 0.021563856705821262], [0.0033492582684693704, -0.9999941898572372, -0.0006346028829216088, 0.03657420908656596], [0.0, 0.0, 0.0, 1.0]]}, "Hobj2base": {"type": "ndarray", "data": [[0.9999916139102861, 0.0038800115616491, 0.0013105797887841952, -0.7373863747383691], [0.003873958264966233, -0.999981961198249, 0.004590177062514547, 0.09133015839221986], [0.001328366087567779, -0.0045850614374732404, -0.9999886062626675, 0.000841134416055126], [0.0, 0.0, 0.0, 1.0]]}, "mean_rme": {"type": "float", "data": 0.0017760172786937501}, "max_rme": {"type": "float", "data": 0.0057571338160514185}, "simu": {"type": "float", "data": 0.002}}, {"type": "dict", "image_number": {"type": "int", "data": 14}, "Hcamera2end": {"type": "ndarray", "data": [[0.9999800761251797, 0.0038092401578693866, 0.005033591371924641, -0.013399580697313587], [-0.005031392766599629, -0.000586539924666285, 0.9999871704465738, 0.021681968054237007], [0.0038121436893233576, -0.9999925728025866, -0.0005673624551416623, 0.0365265864477071], [0.0, 0.0, 0.0, 1.0]]}, "Hobj2base": {"type": "ndarray", "data": [[0.9999900484018605, 0.004291525280036916, 0.0012189782670472824, -0.737569649492366], [0.004285598023545107, -0.9999791803062488, 0.004824168697704107, 0.09138888425837151], [0.0012396559302144327, -0.004818896638663869, -0.9999876206675566, 0.0007373665805607317], [0.0, 0.0, 0.0, 1.0]]}, "mean_rme": {"type": "float", "data": 0.0017444000143800214}, "max_rme": {"type": "float", "data": 0.00579105729414181}, "simu": {"type": "float", "data": 0.002}}, {"type": "dict", "image_number": {"type": "int", "data": 15}, "Hcamera2end": {"type": "ndarray", "data": [[0.9999802791295881, 0.004407328435312053, 0.004474014749022976, -0.013567339902994458], [-0.004471825156795689, -0.0005065364237044623, 0.9999898730490318, 0.021792175919365754], [0.0044095500539436585, -0.9999901593900387, -0.0004868176321939366, 0.036361241426517296], [0.0, 0.0, 0.0, 1.0]]}, "Hobj2base": {"type": "ndarray", "data": [[0.9999877976879068, 0.0048699576895242834, 0.0008294500541414052, -0.7377936411074709], [0.004866252480315089, -0.9999784267198641, 0.004411992935473385, 0.0909944156149686], [0.0008509183791052642, -0.004407902785575371, -0.9999899231147005, 0.0006169380890914641], [0.0, 0.0, 0.0, 1.0]]}, "mean_rme": {"type": "float", "data": 0.001815096657151551}, "max_rme": {"type": "float", "data": 0.005984267549151823}, "simu": {"type": "float", "data": 0.002}}, {"type": "dict", "image_number": {"type": "int", "data": 16}, "Hcamera2end": {"type": "ndarray", "data": [[0.9999854265666659, 0.0037490761688680693, 0.003884724206851044, -0.013619946537361986], [-0.0038838331513285067, -0.00024492454519298157, 0.9999924278973413, 0.021666737883172547], [0.003749999244788008, -0.9999929421950171, -0.00023036018948996428, 0.036458367616590645], [0.0, 0.0, 0.0, 1.0]]}, "Hobj2base": {"type": "ndarray", "data": [[0.9999907184993707, 0.004225374660890745, 0.0008420950584661829, -0.7376972302394262], [0.004222006047763762, -0.9999832357234009, 0.003962693161151336, 0.09091404109912953], [0.0008588248046237141, -0.00395910105098263, -0.9999917939357414, 0.0006580976412861941], [0.0, 0.0, 0.0, 1.0]]}, "mean_rme": {"type": "float", "data": 0.001816526237877833}, "max_rme": {"type": "float", "data": 0.006086405500429881}, "simu": {"type": "float", "data": 0.002}}, {"type": "dict", "image_number": {"type": "int", "data": 17}, "Hcamera2end": {"type": "ndarray", "data": [[0.999992237431733, 0.0037123000296481793, 0.0013205698642570478, -0.013966462637496097], [-0.0013211367608875033, 0.00015025956494851833, 0.9999991160094703, 0.021495888219037085], [0.003712098319756823, -0.9999930981014584, 0.00015516285458494483, 0.036306127859692734], [0.0, 0.0, 0.0, 1.0]]}, "Hobj2base": {"type": "ndarray", "data": [[0.9999914616129649, 0.004096002084038554, 0.0005472367801390108, -0.7376657931543725], [0.004095113779958724, -0.9999903114580313, 0.0016146309791450182, 0.08949253697938059], [0.0005538450100680308, -0.001612376195921552, -0.9999985467482979, 0.0007441694226043996], [0.0, 0.0, 0.0, 1.0]]}, "mean_rme": {"type": "float", "data": 0.0018842964187069414}, "max_rme": {"type": "float", "data": 0.0072166397793271275}, "simu": {"type": "float", "data": 0.002}}, {"type": "dict", "image_number": {"type": "int", "data": 18}, "Hcamera2end": {"type": "ndarray", "data": [[0.9999918195673679, 0.003977269927397999, 0.0007362895281203075, -0.014038891104106579], [-0.000736737840276935, 0.00011125463189542995, 0.9999997224198421, 0.021568804674523077], [0.003977186907766366, -0.9999920844418376, 0.00011418392704087843, 0.03630805344470587], [0.0, 0.0, 0.0, 1.0]]}, "Hobj2base": {"type": "ndarray", "data": [[0.9999903032614098, 0.004384679398504246, 0.0004098410985015132, -0.7377492382940924], [0.004384177575666613, -0.9999896483906527, 0.0012174146885107233, 0.08932159569282076], [0.0004151748290907164, -0.001215606067405096, -0.9999991749655348, 0.0006207024183906778], [0.0, 0.0, 0.0, 1.0]]}, "mean_rme": {"type": "float", "data": 0.00193170980936053}, "max_rme": {"type": "float", "data": 0.006916477426527845}, "simu": {"type": "float", "data": 0.002}}, {"type": "dict", "image_number": {"type": "int", "data": 19}, "Hcamera2end": {"type": "ndarray", "data": [[0.9999914662007092, 0.004127918017464007, -0.00016678907925047042, -0.014038963140517646], [0.00016625802302490953, 0.00012899271330613082, 0.9999999778595747, 0.021534701473296846], [0.004127939440646028, -0.9999914717904954, 0.00012830531301943893, 0.036274762217642996], [0.0, 0.0, 0.0, 1.0]]}, "Hobj2base": {"type": "ndarray", "data": [[0.9999895285410227, 0.004569556375393949, 0.0002489233521208922, -0.7378009377452268], [0.0045694430554431235, -0.9999894570166514, 0.00045392257733316705, 0.08888395901784293], [0.00025099495253332364, -0.00045278038301883324, -0.9999998659957205, 0.0006409578437410511], [0.0, 0.0, 0.0, 1.0]]}, "mean_rme": {"type": "float", "data": 0.0018830063475440489}, "max_rme": {"type": "float", "data": 0.006699036730083929}, "simu": {"type": "float", "data": 0.002}}, {"type": "dict", "image_number": {"type": "int", "data": 20}, "Hcamera2end": {"type": "ndarray", "data": [[0.9999931968645861, 0.0036571949777488557, -0.00048078003279560986, -0.013864758215265843], [0.0004793556166768865, 0.0003903498124593341, 0.9999998089225901, 0.021367712376429305], [0.0036573819513371474, -0.9999932362530852, 0.0003885940599028803, 0.03628989245333705], [0.0, 0.0, 0.0, 1.0]]}, "Hobj2base": {"type": "ndarray", "data": [[0.9999916893356263, 0.004071387865726012, 0.00021227465005821768, -0.7377987064636381], [0.004071322079175548, -0.9999916642603977, 0.00030942890606080065, 0.08884085865469475], [0.0002135326856854514, -0.00030856209603138355, -0.9999999295966102, 0.0007655784006722815], [0.0, 0.0, 0.0, 1.0]]}, "mean_rme": {"type": "float", "data": 0.0018798110881608886}, "max_rme": {"type": "float", "data": 0.00664522562739972}, "simu": {"type": "float", "data": 0.002}}, {"type": "dict", "image_number": {"type": "int", "data": 21}, "Hcamera2end": {"type": "ndarray", "data": [[0.9999933692527222, 0.0036099900175086174, -0.00047898085797525003, -0.013872300552412634], [0.0004769854212168269, 0.0005535947841548428, 0.999999733008826, 0.020204457040233686], [0.003610254214977829, -0.9999933307302048, 0.0005518692007986381, 0.035479391714845376], [0.0, 0.0, 0.0, 1.0]]}, "Hobj2base": {"type": "ndarray", "data": [[0.9999920692031928, 0.003979560299342729, 0.0001569412015217422, -0.7371714143252888], [0.003979509918860063, -0.9999920305086325, 0.0003200312937846029, 0.08948298512819297], [0.0001582135346114839, -0.00031940420661330635, -0.9999999364747136, 0.0018143826667756592], [0.0, 0.0, 0.0, 1.0]]}, "mean_rme": {"type": "float", "data": 0.0018585080627820127}, "max_rme": {"type": "float", "data": 0.006632935516408034}, "simu": {"type": "float", "data": 0.002}}, {"type": "dict", "image_number": {"type": "int", "data": 22}, "Hcamera2end": {"type": "ndarray", "data": [[0.9999933335184351, 0.0036365018770558896, -0.00032980719511495403, -0.01386978097619004], [0.0003275948046621781, 0.0006089631142714991, 0.9999997609227562, 0.020441619184181227], [0.00363670184806769, -0.9999932024859088, 0.0006077677555080818, 0.03378407033509828], [0.0, 0.0, 0.0, 1.0]]}, "Hobj2base": {"type": "ndarray", "data": [[0.9999921142817997, 0.003970810759557833, 6.353052748220793e-05, -0.7355018879117434], [0.003970781165466019, -0.9999920109106908, 0.0004593601295268854, 0.08961233859421769], [6.535405207598727e-05, -0.000459104241320393, -0.9999998924760658, 0.0016470089059444789], [0.0, 0.0, 0.0, 1.0]]}, "mean_rme": {"type": "float", "data": 0.0018786583525023332}, "max_rme": {"type": "float", "data": 0.006666906198108502}, "simu": {"type": "float", "data": 0.002}}, {"type": "dict", "image_number": {"type": "int", "data": 23}, "Hcamera2end": {"type": "ndarray", "data": [[0.9999937747815968, 0.003514407853038523, -0.00031517534106954414, -0.013927262303233661], [0.00031267143074556686, 0.0007129967147901928, 0.9999996969360847, 0.01986110884757309], [0.003514631506931084, -0.9999935702658929, 0.000711893421298293, 0.03403985596157224], [0.0, 0.0, 0.0, 1.0]]}, "Hobj2base": {"type": "ndarray", "data": [[0.9999928359477027, 0.0037852412672732838, -1.3488995887825281e-06, -0.7358782023245233], [0.0037852414783566533, -0.9999927204118844, 0.0004806976068229364, 0.08992686542038561], [4.7066664907657393e-07, -0.00048069926899081553, -0.9999998844639888, 0.0021482045929109754], [0.0, 0.0, 0.0, 1.0]]}, "mean_rme": {"type": "float", "data": 0.0018613223904437707}, "max_rme": {"type": "float", "data": 0.006629264781531252}, "simu": {"type": "float", "data": 0.002}}, {"type": "dict", "image_number": {"type": "int", "data": 24}, "Hcamera2end": {"type": "ndarray", "data": [[0.999994263718806, 0.003369740461004536, -0.00034260576281613963, -0.013859491402862356], [0.0003402980299480338, 0.0006853894629696988, 0.9999997072192244, 0.020285492198677757], [0.003369974292789098, -0.999994087527776, 0.0006842388153427414, 0.033502394637681884], [0.0, 0.0, 0.0, 1.0]]}, "Hobj2base": {"type": "ndarray", "data": [[0.9999935262813571, 0.0035975493009148336, -7.095353661158652e-05, -0.7353361181039797], [0.0035975843146221326, -0.999993403832206, 0.0004996790742280144, 0.08977717071786388], [-6.915544848598271e-05, -0.0004999311007766569, -0.9999998726432009, 0.0018232191018849066], [0.0, 0.0, 0.0, 1.0]]}, "mean_rme": {"type": "float", "data": 0.0018251983238863566}, "max_rme": {"type": "float", "data": 0.006716769313303783}, "simu": {"type": "float", "data": 0.002}}, {"type": "dict", "image_number": {"type": "int", "data": 25}, "Hcamera2end": {"type": "ndarray", "data": [[0.9999947561946002, 0.003238425526961296, 1.3542835508775731e-05, -0.013914242736008445], [-1.3735052053822153e-05, 5.933270492763931e-05, 0.9999999981454893, 0.02161973766163288], [0.0032384247174225373, -0.9999947545261109, 5.9376873741689984e-05, 0.03337520116112222], [0.0, 0.0, 0.0, 1.0]]}, "Hobj2base": {"type": "ndarray", "data": [[0.9999932710036639, 0.0036611401557665488, 0.00023237932938075878, -0.7349043730150412], [0.003660942848168242, -0.9999929426431979, 0.0008438964750382424, 0.08930135531901934], [0.00023546731266899025, -0.0008430400690179952, -0.99999961691922, 0.0005326156715008868], [0.0, 0.0, 0.0, 1.0]]}, "mean_rme": {"type": "float", "data": 0.0018528699353548281}, "max_rme": {"type": "float", "data": 0.006793606985406986}, "simu": {"type": "float", "data": 0.002}}, {"type": "dict", "image_number": {"type": "int", "data": 26}, "Hcamera2end": {"type": "ndarray", "data": [[0.9999944065192135, 0.0033428572027339063, -0.00011061649178525077, -0.013961738858853785], [0.00011101520789559408, -0.00011908872883137356, 0.999999986746749, 0.021295203783564347], [0.0033428439852527863, -0.9999944055461493, -0.00011945917069833278, 0.03211071255106089], [0.0, 0.0, 0.0, 1.0]]}, "Hobj2base": {"type": "ndarray", "data": [[0.9999924253169438, 0.00386949706372653, 0.0004198823770205142, -0.7335922934575863], [0.003869202132625297, -0.999992268930112, 0.0007009670920807761, 0.08951964215498324], [0.000422591520985088, -0.0006993371726886011, -0.9999996661719073, 0.0007974547331633899], [0.0, 0.0, 0.0, 1.0]]}, "mean_rme": {"type": "float", "data": 0.0018751050513233832}, "max_rme": {"type": "float", "data": 0.006751024818265783}, "simu": {"type": "float", "data": 0.002}}, {"type": "dict", "image_number": {"type": "int", "data": 27}, "Hcamera2end": {"type": "ndarray", "data": [[0.9999950257762769, 0.0031434571394343357, -0.00025903651451438664, -0.013978248311580985], [0.00025792436884828403, 0.0003541972182947717, 0.9999999040096706, 0.020354288581253904], [0.0031435485877057273, -0.9999949965982545, 0.00035338468223988784, 0.031947837841801066], [0.0, 0.0, 0.0, 1.0]]}, "Hobj2base": {"type": "ndarray", "data": [[0.999993772914036, 0.0035231514772478627, 0.00020380583810459253, -0.7336775576059785], [0.0035230483315292853, -0.9999936669049649, 0.0005042622489173137, 0.08992041203505712], [0.00020558113967004447, -0.0005035410910150511, -0.9999998520913713, 0.001710618167236633], [0.0, 0.0, 0.0, 1.0]]}, "mean_rme": {"type": "float", "data": 0.0018564785340909975}, "max_rme": {"type": "float", "data": 0.006737985750971731}, "simu": {"type": "float", "data": 0.002}}, {"type": "dict", "image_number": {"type": "int", "data": 28}, "Hcamera2end": {"type": "ndarray", "data": [[0.9999944799505008, 0.0033114925878225264, -0.00027218627457496693, -0.014021682529560774], [0.00027069314685615074, 0.00045133251071471925, 0.999999861512083, 0.020241240158549497], [0.003311614975735502, -0.9999944151423076, 0.0004504336209875115, 0.03194764767064701], [0.0, 0.0, 0.0, 1.0]]}, "Hobj2base": {"type": "ndarray", "data": [[0.999993382776411, 0.003637241004050179, 6.986607649915517e-05, -0.7337378907789198], [0.003637209516652748, -0.999993286032218, 0.0004456427022467241, 0.08989367009294572], [7.148651733033603e-05, -0.00044538563577098866, -0.9999998982606513, 0.0018595958542877908], [0.0, 0.0, 0.0, 1.0]]}, "mean_rme": {"type": "float", "data": 0.001801979266419502}, "max_rme": {"type": "float", "data": 0.006735489642748171}, "simu": {"type": "float", "data": 0.002}}, {"type": "dict", "image_number": {"type": "int", "data": 29}, "Hcamera2end": {"type": "ndarray", "data": [[0.9999948947758535, 0.003187322516611604, -0.0002267099575711121, -0.014017782843421787], [0.00022548522428917153, 0.00038460554184871487, 0.9999999006174904, 0.020367330847390445], [0.0031874093937535675, -0.9999948465135968, 0.00038388488421869926, 0.03172523872395061], [0.0, 0.0, 0.0, 1.0]]}, "Hobj2base": {"type": "ndarray", "data": [[0.9999936318521984, 0.0035631248976669663, 0.00020098759567331495, -0.7334556346520181], [0.0035630217386103725, -0.9999935217007772, 0.0005113047700535807, 0.08991340000495447], [0.00020280813637200387, -0.0005105853908166583, -0.9999998490856981, 0.0017179655575926783], [0.0, 0.0, 0.0, 1.0]]}, "mean_rme": {"type": "float", "data": 0.0017731675554489414}, "max_rme": {"type": "float", "data": 0.006739697396932032}, "simu": {"type": "float", "data": 0.002}}, {"type": "dict", "image_number": {"type": "int", "data": 30}, "Hcamera2end": {"type": "ndarray", "data": [[0.9999950712163937, 0.0031166246311688417, -0.0003797286242094948, -0.014042311902738039], [0.00037846656995116704, 0.00040552243829228285, 0.9999998461572919, 0.020143173880238594], [0.0031167781401764474, -0.9999950610890338, 0.00040434090132590583, 0.03212648543294515], [0.0, 0.0, 0.0, 1.0]]}, "Hobj2base": {"type": "ndarray", "data": [[0.9999938840592003, 0.0034922105283701215, 0.0001905513583073151, -0.7338986040446027], [0.0034921338203863657, -0.9999938219139375, 0.0004014166624264645, 0.08998231792901587], [0.00019195201255941304, -0.0004007487765430556, -0.9999999012774168, 0.0019039762709368764], [0.0, 0.0, 0.0, 1.0]]}, "mean_rme": {"type": "float", "data": 0.0017636998046652345}, "max_rme": {"type": "float", "data": 0.00667402060945288}, "simu": {"type": "float", "data": 0.002}}]}