{"type": "list", "data": [{"type": "dict", "image_number": {"type": "int", "data": 5}, "Hcamera2end": {"type": "ndarray", "data": [[0.9999994729043175, 0.0006729262991709083, 0.0007754748759508684, -0.015322383611950565], [-0.000776062016326273, 0.0008726960754816826, 0.9999993180644209, 0.030917009020854244], [0.0006722490863976455, -0.9999993927856936, 0.0008732178480279629, 0.03282476178583189], [0.0, 0.0, 0.0, 1.0]]}, "Hobj2base": {"type": "ndarray", "data": [[0.9999997322581847, 0.00011601094639288002, -0.0007225129889421062, -0.7355112609379095], [0.00011665564399713864, -0.9999995950774712, 0.0008923207692841109, 0.09406322688664798], [-0.0007224091774033887, -0.0008924048155905496, -0.9999993408690959, 0.003884620831250363], [0.0, 0.0, 0.0, 1.0]]}, "mean_rme": {"type": "float", "data": 0.0011625787091351562}, "max_rme": {"type": "float", "data": 0.004510918217807358}, "simu": {"type": "float", "data": 0.002}}, {"type": "dict", "image_number": {"type": "int", "data": 6}, "Hcamera2end": {"type": "ndarray", "data": [[0.9999995224161679, 0.00045436784095639947, 0.0008652845204702962, -0.01497109375882736], [-0.0008656703143975216, 0.0008495693258513404, 0.9999992644231631, 0.03124174925110851], [0.0004536323875472146, -0.999999535890805, 0.0008499622528624906, 0.03279582603743098], [0.0, 0.0, 0.0, 1.0]]}, "Hobj2base": {"type": "ndarray", "data": [[0.9999997969257075, -0.00012149189133429292, -0.0006256103132612767, -0.7357004703158961], [-0.00012109192458348207, -0.9999997883028735, 0.0006393206977334478, 0.09353679252043466], [-0.0006256878531021076, -0.0006392448115469773, -0.9999995999403111, 0.003943718447191676], [0.0, 0.0, 0.0, 1.0]]}, "mean_rme": {"type": "float", "data": 0.0013678825451844104}, "max_rme": {"type": "float", "data": 0.004563718117809146}, "simu": {"type": "float", "data": 0.002}}, {"type": "dict", "image_number": {"type": "int", "data": 7}, "Hcamera2end": {"type": "ndarray", "data": [[0.9999993715929766, 0.0005637778401809617, 0.0009690037145631569, -0.015115502913252563], [-0.0009692909193586896, 0.0005093790138670506, 0.9999994005038871, 0.031296987282480725], [0.0005632839120417806, -0.9999997113437419, 0.0005099251585106712, 0.032871568719096474], [0.0, 0.0, 0.0, 1.0]]}, "Hobj2base": {"type": "ndarray", "data": [[0.9999997754295029, -2.403726227257806e-05, -0.0006697485750108743, -0.7357487529386189], [-2.3567339175329254e-05, -0.9999997535728355, 0.0007016401137335153, 0.09359466136144623], [-0.0006697652754740667, -0.0007016241719740167, -0.9999995295688879, 0.004013217262170021], [0.0, 0.0, 0.0, 1.0]]}, "mean_rme": {"type": "float", "data": 0.0012687794227742}, "max_rme": {"type": "float", "data": 0.004714877594021616}, "simu": {"type": "float", "data": 0.002}}, {"type": "dict", "image_number": {"type": "int", "data": 8}, "Hcamera2end": {"type": "ndarray", "data": [[0.9999991588288815, 0.0005475472356119928, 0.0011758118703066736, -0.015014329450225681], [-0.0011761335781783255, 0.0005875927217731114, 0.9999991357219262, 0.0313020238630689], [0.000546855863881756, -0.999999677463357, 0.0005882362161965249, 0.032905471623518354], [0.0, 0.0, 0.0, 1.0]]}, "Hobj2base": {"type": "ndarray", "data": [[0.999999831272819, -0.0002900525905054414, -0.0005033128532282711, -0.735653227965405], [-0.00028959453258738246, -0.9999995440899949, 0.0009099202210168386, 0.09365788710999073], [-0.0005035765484801651, -0.0009097743108380889, -0.9999994593605352, 0.003974381659858257], [0.0, 0.0, 0.0, 1.0]]}, "mean_rme": {"type": "float", "data": 0.0012530907095457192}, "max_rme": {"type": "float", "data": 0.004571152853072025}, "simu": {"type": "float", "data": 0.002}}, {"type": "dict", "image_number": {"type": "int", "data": 9}, "Hcamera2end": {"type": "ndarray", "data": [[0.9999992271640191, 0.0006329259648052784, 0.0010700822807847249, -0.014692699923923958], [-0.0010702296997686387, 0.000232623821803557, 0.999999400247094, 0.03130004615001422], [0.000632676658576291, -0.9999997726454146, 0.00023330101818874738, 0.03262797424091672], [0.0, 0.0, 0.0, 1.0]]}, "Hobj2base": {"type": "ndarray", "data": [[0.999999961560387, -1.1879682502997605e-05, -0.0002770164213282632, -0.7353693800253546], [-1.1692083878292749e-05, -0.9999997706296753, 0.0006772029917861918, 0.09336921138082632], [-0.0002770244027454492, -0.000677199726855537, -0.9999997323289693, 0.003695581799565343], [0.0, 0.0, 0.0, 1.0]]}, "mean_rme": {"type": "float", "data": 0.0013092927591947423}, "max_rme": {"type": "float", "data": 0.004702352081554451}, "simu": {"type": "float", "data": 0.002}}, {"type": "dict", "image_number": {"type": "int", "data": 10}, "Hcamera2end": {"type": "ndarray", "data": [[0.9999991503914037, 0.000828673016520163, 0.0010062392868682385, -0.014465461038014684], [-0.0010063434620735793, 0.00012530591445136796, 0.9999994857855001, 0.03144162516083612], [0.0008285465026704839, -0.9999996487996683, 0.00012613973766273379, 0.03244253007278568], [0.0, 0.0, 0.0, 1.0]]}, "Hobj2base": {"type": "ndarray", "data": [[0.9999999392333512, 0.00025779080329572197, -0.00023468531198393076, -0.7353851096318516], [0.0002579088473378536, -0.9999998401880086, 0.0005030973900274071, 0.09305313525853667], [-0.00023455558059809256, -0.0005031578868741655, -0.9999998459078983, 0.00353578660209507], [0.0, 0.0, 0.0, 1.0]]}, "mean_rme": {"type": "float", "data": 0.0013666645437571655}, "max_rme": {"type": "float", "data": 0.004834426327307628}, "simu": {"type": "float", "data": 0.002}}, {"type": "dict", "image_number": {"type": "int", "data": 11}, "Hcamera2end": {"type": "ndarray", "data": [[0.9999987918395502, 0.0009129471233163314, 0.0012581124711267574, -0.01427293683840413], [-0.0012578614542750406, -0.0002754743447903607, 0.9999991709488799, 0.031161697242499113], [0.0009132929441451527, -0.9999995453206142, -0.0002743256509769587, 0.03229557059407488], [0.0, 0.0, 0.0, 1.0]]}, "Hobj2base": {"type": "ndarray", "data": [[0.9999998508521929, 0.0005436907318830217, -5.192282782093023e-05, -0.7348136073232127], [0.0005437257267687312, -0.999999623449759, 0.0006763598702059537, 0.0931587818447475], [-5.155507767652832e-05, -0.0006763880011056552, -0.9999997699206464, 0.0032872125261681584], [0.0, 0.0, 0.0, 1.0]]}, "mean_rme": {"type": "float", "data": 0.001542426575045691}, "max_rme": {"type": "float", "data": 0.004722553825278364}, "simu": {"type": "float", "data": 0.002}}, {"type": "dict", "image_number": {"type": "int", "data": 12}, "Hcamera2end": {"type": "ndarray", "data": [[0.9999985825561785, 0.001096936732182379, 0.001277347031770068, -0.014194368355328536], [-0.0012767375643959035, -0.0005561291324753803, 0.9999990303303197, 0.03110651274915346], [0.001097646038412737, -0.9999992437248109, -0.0005547278438617909, 0.03228722264871161], [0.0, 0.0, 0.0, 1.0]]}, "Hobj2base": {"type": "ndarray", "data": [[0.9999996611026848, 0.0008229688203373649, -2.2734036260178192e-05, -0.7345858088412868], [0.0008229848925849092, -0.9999994048444694, 0.000716244772041962, 0.09305198306855672], [-2.21445756147706e-05, -0.0007162632390769214, -0.9999997432382621, 0.003263378713037298], [0.0, 0.0, 0.0, 1.0]]}, "mean_rme": {"type": "float", "data": 0.0015091148474879765}, "max_rme": {"type": "float", "data": 0.004674333524760321}, "simu": {"type": "float", "data": 0.002}}, {"type": "dict", "image_number": {"type": "int", "data": 13}, "Hcamera2end": {"type": "ndarray", "data": [[0.9999986050299953, 0.0010697235399601893, 0.0012828209585248336, -0.014266092818079144], [-0.001282278581968725, -0.000507556772801232, 0.9999990490734282, 0.031154219703628187], [0.0010703736271974417, -0.9999992990385896, -0.0005061843811908773, 0.03228096104284986], [0.0, 0.0, 0.0, 1.0]]}, "Hobj2base": {"type": "ndarray", "data": [[0.9999997121046063, 0.0007527427028348133, -9.5755562996777e-05, -0.7346570206840222], [0.0007528172265716919, -0.9999994119413733, 0.000780629957857891, 0.09306082042296747], [-9.516789318250034e-05, -0.0007807018195554859, -0.9999996907238229, 0.003250473675433497], [0.0, 0.0, 0.0, 1.0]]}, "mean_rme": {"type": "float", "data": 0.0014334168958815919}, "max_rme": {"type": "float", "data": 0.0047034648778378485}, "simu": {"type": "float", "data": 0.002}}, {"type": "dict", "image_number": {"type": "int", "data": 14}, "Hcamera2end": {"type": "ndarray", "data": [[0.9999995577518384, 0.0009258880489770136, -0.0001650074197507089, -0.014317510632673176], [0.0001653312034986259, -0.0003496351115950258, 0.9999999252104379, 0.03137859898305689], [0.0009258302873426334, -0.9999995102431847, -0.00034978803515506307, 0.0324090085578676], [0.0, 0.0, 0.0, 1.0]]}, "Hobj2base": {"type": "ndarray", "data": [[0.9999998058049905, 0.0005452648208947167, -0.00030178843005273793, -0.7349964612304137], [0.0005450937738777255, -0.9999996909354107, -0.0005665702605106438, 0.09223015813394565], [-0.0003020972676122424, 0.0005664056474912766, -0.9999997939609202, 0.0037801953203245387], [0.0, 0.0, 0.0, 1.0]]}, "mean_rme": {"type": "float", "data": 0.0015279609715873055}, "max_rme": {"type": "float", "data": 0.004880263832427623}, "simu": {"type": "float", "data": 0.002}}, {"type": "dict", "image_number": {"type": "int", "data": 15}, "Hcamera2end": {"type": "ndarray", "data": [[0.999999499263461, 0.0008181774640227013, 0.0005762451427720257, -0.014294917052384774], [-0.0005759037923730743, -0.0004173825807689546, 0.9999997470632696, 0.03138036765473413], [0.0008184177717604144, -0.9999995781886204, -0.0004169111802658776, 0.03227532961137071], [0.0, 0.0, 0.0, 1.0]]}, "Hobj2base": {"type": "ndarray", "data": [[0.9999998080435114, 0.00044060486287349665, -0.0004356378028367126, -0.7349758305014752], [0.0004406998640148497, -0.9999998791294264, 0.00021800174754954205, 0.09256117764110619], [-0.00043554169755083633, -0.00021819369122316195, -0.9999998813474642, 0.0035058945812890263], [0.0, 0.0, 0.0, 1.0]]}, "mean_rme": {"type": "float", "data": 0.0014901817117684009}, "max_rme": {"type": "float", "data": 0.00508910648867944}, "simu": {"type": "float", "data": 0.002}}, {"type": "dict", "image_number": {"type": "int", "data": 16}, "Hcamera2end": {"type": "ndarray", "data": [[0.9999987296805714, 0.0015888952052288837, 0.0001266857147603611, -0.014351027827266001], [-0.00012504830946473997, -0.0010305877152032572, 0.9999994611257955, 0.03139800067423716], [0.0015890249097555678, -0.9999982066488858, -0.0010303877173682974, 0.03231340486536344], [0.0, 0.0, 0.0, 1.0]]}, "Hobj2base": {"type": "ndarray", "data": [[0.9999989045881508, 0.0014247851797590668, -0.0004010108354532617, -0.7346493509833872], [0.0014248071843030363, -0.9999989834715644, 5.4592360135139485e-05, 0.09214382931765071], [-0.0004009326454286958, -5.516366345335849e-05, -0.9999999181049888, 0.0036219956986727198], [0.0, 0.0, 0.0, 1.0]]}, "mean_rme": {"type": "float", "data": 0.0014853249226560025}, "max_rme": {"type": "float", "data": 0.0049552380954291375}, "simu": {"type": "float", "data": 0.002}}, {"type": "dict", "image_number": {"type": "int", "data": 17}, "Hcamera2end": {"type": "ndarray", "data": [[0.9999984154596304, 0.0017380471650873782, 0.00038505880126433643, -0.014420955814092171], [-0.0003831571123539949, -0.0010943530396596568, 0.9999993277907999, 0.03146541730517489], [0.0017384673870256954, -0.9999978907895137, -0.0010936853604801566, 0.03234615930936525], [0.0, 0.0, 0.0, 1.0]]}, "Hobj2base": {"type": "ndarray", "data": [[0.9999986665764268, 0.0015839991269033522, -0.0003972305808736143, -0.7347487634952943], [0.00158408620220249, -0.999998721356939, 0.00021898719518268346, 0.09222817913728396], [-0.00039688319743151596, -0.00021961615066224993, -0.999999897126232, 0.0036027222627743115], [0.0, 0.0, 0.0, 1.0]]}, "mean_rme": {"type": "float", "data": 0.0014632121824679387}, "max_rme": {"type": "float", "data": 0.004948348071342312}, "simu": {"type": "float", "data": 0.002}}, {"type": "dict", "image_number": {"type": "int", "data": 18}, "Hcamera2end": {"type": "ndarray", "data": [[0.9999984420304207, 0.0017572179150593655, -0.00016769594624381262, -0.014175926562948913], [0.00016985827888131078, -0.0012304662694060386, 0.9999992285501647, 0.03139094955329578], [0.0017570102152485254, -0.999997699066332, -0.0012307628303878104, 0.0321843711902317], [0.0, 0.0, 0.0, 1.0]]}, "Hobj2base": {"type": "ndarray", "data": [[0.9999985248794006, 0.001688172494592126, -0.0003167217253917929, -0.7345581081435795], [0.001688033023277347, -0.9999984784222999, -0.000440110893148418, 0.09187397868098578], [-0.00031746422657946184, 0.0004395756072001227, -0.999999852994865, 0.0035983015435477727], [0.0, 0.0, 0.0, 1.0]]}, "mean_rme": {"type": "float", "data": 0.0015188052427166608}, "max_rme": {"type": "float", "data": 0.006008864359321603}, "simu": {"type": "float", "data": 0.002}}, {"type": "dict", "image_number": {"type": "int", "data": 19}, "Hcamera2end": {"type": "ndarray", "data": [[0.9999987378647149, 0.0014403543263104162, 0.0006705582688400912, -0.014222315717697599], [-0.0006691378418309618, -0.0009864206123391117, 0.9999992896142098, 0.03140141711253486], [0.0014410147556013285, -0.9999984761757341, -0.0009854555717574431, 0.03238437279992864], [0.0, 0.0, 0.0, 1.0]]}, "Hobj2base": {"type": "ndarray", "data": [[0.9999991257154458, 0.0012880515183968822, -0.00029915151672667035, -0.7347474673519065], [0.0012881240675682913, -0.9999991409766891, 0.00024245055317366493, 0.09236481619943981], [-0.0002988389709453924, -0.0002428356854714363, -0.999999925863047, 0.003596301279186493], [0.0, 0.0, 0.0, 1.0]]}, "mean_rme": {"type": "float", "data": 0.001563808022641318}, "max_rme": {"type": "float", "data": 0.006120736905010055}, "simu": {"type": "float", "data": 0.002}}, {"type": "dict", "image_number": {"type": "int", "data": 20}, "Hcamera2end": {"type": "ndarray", "data": [[0.9999985519678053, 0.0013841798108755235, 0.000990004315043745, -0.014266457393948708], [-0.0009883202531725502, -0.0012168047554537154, 0.9999987713038772, 0.031871847861606545], [0.0013853827520976221, -0.9999983017147769, -0.0012154349805402198, 0.030976115488339673], [0.0, 0.0, 0.0, 1.0]]}, "Hobj2base": {"type": "ndarray", "data": [[0.9999990350641207, 0.001387532886395664, -6.79949752653386e-05, -0.733170775225975], [0.0013875707209209667, -0.9999988807585234, 0.0005595794797557843, 0.09230374129075042], [-6.721846423182877e-05, -0.0005596732876343149, -0.9999998411237316, 0.0031647165069838058], [0.0, 0.0, 0.0, 1.0]]}, "mean_rme": {"type": "float", "data": 0.0015616495400039721}, "max_rme": {"type": "float", "data": 0.00620325124252144}, "simu": {"type": "float", "data": 0.002}}, {"type": "dict", "image_number": {"type": "int", "data": 21}, "Hcamera2end": {"type": "ndarray", "data": [[0.9999989529068823, 0.0011914154512560294, 0.0008214099838009227, -0.014388490768289684], [-0.0008196290948500599, -0.0014944862119579128, 0.9999985473584995, 0.03252636775875204], [0.0011926413064516556, -0.9999981735184243, -0.0014935081283238283, 0.030260313544906357], [0.0, 0.0, 0.0, 1.0]]}, "Hobj2base": {"type": "ndarray", "data": [[0.9999991027534857, 0.0013186769972329873, 0.0002357608970886772, -0.7322585417066405], [0.0013185709566621159, -0.9999990297175931, 0.00044937123281837656, 0.09205714341297395], [0.0002363532438419623, -0.0004490599621499865, -0.9999998712411391, 0.0025560570788044474], [0.0, 0.0, 0.0, 1.0]]}, "mean_rme": {"type": "float", "data": 0.0015896422031404496}, "max_rme": {"type": "float", "data": 0.006437737773342028}, "simu": {"type": "float", "data": 0.002}}, {"type": "dict", "image_number": {"type": "int", "data": 22}, "Hcamera2end": {"type": "ndarray", "data": [[0.9999990986979784, 0.0011464776056362492, 0.0006987076144518398, -0.014383799885097227], [-0.000697390198662962, -0.0011490962732023657, 0.9999990966119248, 0.033341640269283546], [0.0011472794522378767, -0.9999986825825595, -0.001148295695274415, 0.030856543170159477], [0.0, 0.0, 0.0, 1.0]]}, "Hobj2base": {"type": "ndarray", "data": [[0.9999994076801311, 0.0010868823616761376, -5.767251499767805e-05, -0.7329064101474966], [0.001086901300501812, -0.9999993550780448, 0.0003293767704897671, 0.0916551707962355], [-5.731448400121575e-05, -0.0003294392597249157, -0.9999999440924103, 0.0018943318003331196], [0.0, 0.0, 0.0, 1.0]]}, "mean_rme": {"type": "float", "data": 0.0015812649289081372}, "max_rme": {"type": "float", "data": 0.006438177181396748}, "simu": {"type": "float", "data": 0.002}}, {"type": "dict", "image_number": {"type": "int", "data": 23}, "Hcamera2end": {"type": "ndarray", "data": [[0.999999269982007, 0.0009978786182718914, 0.000681376339644062, -0.01437688394277353], [-0.0006804639098810314, -0.0009144237328670979, 0.9999993503988409, 0.03448419369530578], [0.000998501036744769, -0.9999990840333304, -0.0009137440449351608, 0.031104875426711157], [0.0, 0.0, 0.0, 1.0]]}, "Hobj2base": {"type": "ndarray", "data": [[0.9999996421118332, 0.0008131176518817497, -0.00023370042708768213, -0.7331257646120991], [0.0008131922930424886, -0.999999618328264, 0.0003194708447732103, 0.09115072328506856], [-0.0002334405705076878, -0.00031966077382456377, -0.9999999216612416, 0.0009365481755615058], [0.0, 0.0, 0.0, 1.0]]}, "mean_rme": {"type": "float", "data": 0.001570526755895926}, "max_rme": {"type": "float", "data": 0.006441046625505736}, "simu": {"type": "float", "data": 0.002}}, {"type": "dict", "image_number": {"type": "int", "data": 24}, "Hcamera2end": {"type": "ndarray", "data": [[0.9999992503894765, 0.000960470573303519, 0.0007594187006734528, -0.014414872599736518], [-0.000758568012757279, -0.0008857534747268581, 0.999999320007445, 0.03478553624756561], [0.0009611425779435735, -0.9999991464681658, -0.0008850242285025622, 0.03108108720425157], [0.0, 0.0, 0.0, 1.0]]}, "Hobj2base": {"type": "ndarray", "data": [[0.9999996521713701, 0.0008143203397243876, -0.00018038714784078164, -0.7330359751765796], [0.0008143877599584358, -0.9999995984499415, 0.0003739953641764992, 0.09109485714300324], [-0.00018008252337430028, -0.0003741421391754594, -0.9999999137939688, 0.0006152489030919356], [0.0, 0.0, 0.0, 1.0]]}, "mean_rme": {"type": "float", "data": 0.0015772831233588425}, "max_rme": {"type": "float", "data": 0.006523042944888174}, "simu": {"type": "float", "data": 0.002}}, {"type": "dict", "image_number": {"type": "int", "data": 25}, "Hcamera2end": {"type": "ndarray", "data": [[0.9999990491559045, 0.0010551920739858462, 0.0008878383714119523, -0.014454266021486292], [-0.0008867211673832112, -0.001058765054350097, 0.9999990463706107, 0.03421654497239725], [0.0010561310799652355, -0.9999988827924992, -0.0010578283864819404, 0.031510382810625945], [0.0, 0.0, 0.0, 1.0]]}, "Hobj2base": {"type": "ndarray", "data": [[0.9999994414303915, 0.0010569354006819932, 5.144294683422458e-06, -0.7334097702753359], [0.001056933039396445, -0.9999993449987645, 0.00043919766813582987, 0.09143614631613163], [5.608494877252827e-06, -0.00043919198563834505, -0.9999999035394673, 0.0009580234649154517], [0.0, 0.0, 0.0, 1.0]]}, "mean_rme": {"type": "float", "data": 0.001599273667129853}, "max_rme": {"type": "float", "data": 0.006608693442341634}, "simu": {"type": "float", "data": 0.002}}, {"type": "dict", "image_number": {"type": "int", "data": 26}, "Hcamera2end": {"type": "ndarray", "data": [[0.9999990200850175, 0.001023017272262767, 0.0009556488190546872, -0.014498347152769389], [-0.0009545667479611374, -0.0010576913769837493, 0.9999989850451222, 0.03395926503206108], [0.0010240270154617352, -0.9999989173617198, -0.0010567138022652411, 0.0320119330803504], [0.0, 0.0, 0.0, 1.0]]}, "Hobj2base": {"type": "ndarray", "data": [[0.9999994528549079, 0.001044178216787956, 6.310100192711043e-05, -0.7339194048505377], [0.0010441464549097005, -0.9999993292261287, 0.0005013037738334947, 0.0916402813742449], [6.362441008123759e-05, -0.0005012376128601319, -0.999999872356387, 0.0010746356423638854], [0.0, 0.0, 0.0, 1.0]]}, "mean_rme": {"type": "float", "data": 0.0016066030805581037}, "max_rme": {"type": "float", "data": 0.006695227870587878}, "simu": {"type": "float", "data": 0.002}}, {"type": "dict", "image_number": {"type": "int", "data": 27}, "Hcamera2end": {"type": "ndarray", "data": [[0.9999989554717678, 0.0009022572305661463, 0.0011291533391613658, -0.01452060049784868], [-0.0011281977858564713, -0.0010588777568716345, 0.9999988029731097, 0.03379784996098193], [0.0009034517858949145, -0.999999032354425, -0.0010578587262342065, 0.03256483593041674], [0.0, 0.0, 0.0, 1.0]]}, "Hobj2base": {"type": "ndarray", "data": [[0.9999995499556021, 0.0009361698228098354, 0.00015386570785427497, -0.7344747773047425], [0.0009360645145730913, -0.9999993285994591, 0.0006830694368181562, 0.09184503191236235], [0.00015450507354238836, -0.0006829251011774508, -0.999999754870714, 0.0010880416452777144], [0.0, 0.0, 0.0, 1.0]]}, "mean_rme": {"type": "float", "data": 0.0015948040827834715}, "max_rme": {"type": "float", "data": 0.006751156517163542}, "simu": {"type": "float", "data": 0.002}}, {"type": "dict", "image_number": {"type": "int", "data": 28}, "Hcamera2end": {"type": "ndarray", "data": [[0.9999988328896815, 0.000687734046813331, 0.0013642731236074741, -0.014497133429845693], [-0.0013634835476130324, -0.001147247788345851, 0.9999984123663033, 0.033809287785392036], [0.0006892981142673427, -0.9999991054217963, -0.001146308735323176, 0.033258172587210574], [0.0, 0.0, 0.0, 1.0]]}, "Hobj2base": {"type": "ndarray", "data": [[0.9999996368884176, 0.0007715398275915852, 0.0003618692129055138, -0.7351120784457427], [0.0007711928032140998, -0.9999992436158482, 0.0009581385032525597, 0.09196991816935611], [0.00036260818120898455, -0.0009578590844086742, -0.999999475510503, 0.0009223399284312468], [0.0, 0.0, 0.0, 1.0]]}, "mean_rme": {"type": "float", "data": 0.0015746774877536812}, "max_rme": {"type": "float", "data": 0.0067393913022952}, "simu": {"type": "float", "data": 0.002}}, {"type": "dict", "image_number": {"type": "int", "data": 29}, "Hcamera2end": {"type": "ndarray", "data": [[0.9999988685896286, 0.0006362693533002017, 0.001363077684053447, -0.01449479217871496], [-0.0013620709509829364, -0.001580004292515813, 0.9999978241722128, 0.034299423462571664], [0.0006384216374794993, -0.9999985493728206, -0.0015791358608794326, 0.0334344562053064], [0.0, 0.0, 0.0, 1.0]]}, "Hobj2base": {"type": "ndarray", "data": [[0.9999993297440869, 0.0009051778037076558, 0.0007219172533370184, -0.7350509052913956], [0.0009044208418138376, -0.9999990416683224, 0.001048181939376555, 0.09170610630195183], [0.0007228653525266168, -0.001047528319816429, -0.9999991900747229, 0.0003991432986549612], [0.0, 0.0, 0.0, 1.0]]}, "mean_rme": {"type": "float", "data": 0.0015551568343514523}, "max_rme": {"type": "float", "data": 0.006753029566892305}, "simu": {"type": "float", "data": 0.002}}, {"type": "dict", "image_number": {"type": "int", "data": 30}, "Hcamera2end": {"type": "ndarray", "data": [[0.9999994143428593, 0.00032704008197406644, 0.0010316776255681287, -0.014491455053409128], [-0.0010310706999481518, -0.001850582064617079, 0.9999977561170995, 0.03448564908278527], [0.0003289485522447615, -0.9999982341938446, -0.001850243779364158, 0.033181993252365864], [0.0, 0.0, 0.0, 1.0]]}, "Hobj2base": {"type": "ndarray", "data": [[0.999999207993555, 0.0007563101276350399, 0.0010059857124270874, -0.7346865995242184], [0.0007554927565999451, -0.9999993844236015, 0.0008126395966298623, 0.09149985755725615], [0.0010065997007230733, -0.0008118789380950826, -0.9999991638044672, 0.00027870971020264407], [0.0, 0.0, 0.0, 1.0]]}, "mean_rme": {"type": "float", "data": 0.0015269734308376716}, "max_rme": {"type": "float", "data": 0.006733232837829478}, "simu": {"type": "float", "data": 0.002}}]}