{"type": "list", "data": [{"type": "dict", "image_number": {"type": "int", "data": 5}, "Hcamera2end": {"type": "ndarray", "data": [[0.999984075589972, 0.005450247989294969, -0.0014640229930781568, -0.0195911906240755], [0.0014566000849843808, 0.0013656599267256597, 0.9999980066425915, 0.032968941613052756], [0.005452236482536215, -0.9999842147603228, 0.001357699347712571, 0.03866199922048889], [0.0, 0.0, 0.0, 1.0]]}, "Hobj2base": {"type": "ndarray", "data": [[0.9999875044801076, 0.004828480312242759, -0.0012948596529732304, -0.7416232007659697], [0.004832148877019061, -0.9999842775393681, 0.0028451733336890927, 0.08348298331876816], [-0.0012811014311666763, -0.002851394736387117, -0.9999951141516545, -0.0012398871790760603], [0.0, 0.0, 0.0, 1.0]]}, "mean_rme": {"type": "float", "data": 0.0016289580743340695}, "max_rme": {"type": "float", "data": 0.0036380434738708667}, "simu": {"type": "float", "data": 0.002}}, {"type": "dict", "image_number": {"type": "int", "data": 6}, "Hcamera2end": {"type": "ndarray", "data": [[0.9999850573684788, 0.005407784576789762, -0.0008005658818691394, -0.019482869100766714], [0.0007958797524347944, 0.000868648949006845, 0.9999993060119704, 0.03269008228763721], [0.005408476234563897, -0.9999850005449952, 0.0008643320228554074, 0.03871248054308115], [0.0, 0.0, 0.0, 1.0]]}, "Hobj2base": {"type": "ndarray", "data": [[0.9999881837657303, 0.0047304366043425215, -0.0011204010212466518, -0.7411899276469657], [0.0047334880364476185, -0.9999850521496139, 0.002736707573468465, 0.08382581601278333], [-0.0011074384519788973, -0.0027419786407207438, -0.9999956275570454, -0.001251333812498719], [0.0, 0.0, 0.0, 1.0]]}, "mean_rme": {"type": "float", "data": 0.0015000997835876468}, "max_rme": {"type": "float", "data": 0.0034325639929707608}, "simu": {"type": "float", "data": 0.002}}, {"type": "dict", "image_number": {"type": "int", "data": 7}, "Hcamera2end": {"type": "ndarray", "data": [[0.9999861407584445, 0.005221757968320957, -0.0006719633567138306, -0.01913454361657154], [0.0006646793200033481, 0.0013965497801627924, 0.999998803924341, 0.03246189146800951], [0.005222690152981451, -0.9999853913395091, 0.0013930596305063991, 0.038533972561067116], [0.0, 0.0, 0.0, 1.0]]}, "Hobj2base": {"type": "ndarray", "data": [[0.9999885090622753, 0.004594025930339094, -0.0013699157488622211, -0.7411600102644645], [0.00459751844403929, -0.9999861614752721, 0.002557280216988975, 0.08407341122650532], [-0.0013581485796212646, -0.0025635490443634314, -0.9999957918155122, -0.0014489164917328434], [0.0, 0.0, 0.0, 1.0]]}, "mean_rme": {"type": "float", "data": 0.001446627349684172}, "max_rme": {"type": "float", "data": 0.0032740194337733675}, "simu": {"type": "float", "data": 0.002}}, {"type": "dict", "image_number": {"type": "int", "data": 8}, "Hcamera2end": {"type": "ndarray", "data": [[0.9999877087000394, 0.004953789658808093, -0.00020595354217102773, -0.0190408813656756], [0.000202495629248805, 0.0006985252960503008, 0.9999997355289303, 0.03222990224688366], [0.004953932212433061, -0.9999874859369124, 0.0006975135895121998, 0.03859406776620974], [0.0, 0.0, 0.0, 1.0]]}, "Hobj2base": {"type": "ndarray", "data": [[0.9999900054992112, 0.004408217572410535, -0.0007460023604404682, -0.7405644802013898], [0.004410045820524448, -0.999987232402229, 0.0024670890521675424, 0.0844186762783808], [-0.0007351173704699273, -0.002470354299435826, -0.9999966784705272, -0.0015441522632328245], [0.0, 0.0, 0.0, 1.0]]}, "mean_rme": {"type": "float", "data": 0.0013660287172630172}, "max_rme": {"type": "float", "data": 0.0033141527536161286}, "simu": {"type": "float", "data": 0.002}}, {"type": "dict", "image_number": {"type": "int", "data": 9}, "Hcamera2end": {"type": "ndarray", "data": [[0.9999891735881646, 0.0046530897948199, -3.8233766949352915e-05, -0.01897364082064423], [3.84401141244029e-05, -4.425684465947377e-05, 0.9999999982818448, 0.032051233536828816], [0.004653088094719284, -0.9999891733397384, -4.443523081931744e-05, 0.03873641154939098], [0.0, 0.0, 0.0, 1.0]]}, "Hobj2base": {"type": "ndarray", "data": [[0.999990909833791, 0.00426068924304505, 0.00016363667357072317, -0.7398275506241361], [0.004260281363506069, -0.9999880041923364, 0.0024169141755690806, 0.08464876801057142], [0.00017393243084587055, -0.0024161950671467126, -0.9999970658701491, -0.001657062463190479], [0.0, 0.0, 0.0, 1.0]]}, "mean_rme": {"type": "float", "data": 0.0013819922763023081}, "max_rme": {"type": "float", "data": 0.0043692033536109065}, "simu": {"type": "float", "data": 0.002}}, {"type": "dict", "image_number": {"type": "int", "data": 10}, "Hcamera2end": {"type": "ndarray", "data": [[0.9999918005520047, 0.0039715623942072, 0.0007908987980337482, -0.018883163755824092], [-0.0007859664498684378, -0.0012433235519757613, 0.9999989182010574, 0.031676427516381125], [0.0039725414408780255, -0.9999913403818526, -0.0012401918426134806, 0.03858076884703147], [0.0, 0.0, 0.0, 1.0]]}, "Hobj2base": {"type": "ndarray", "data": [[0.9999929187603013, 0.0035916633720162114, 0.0011235583988920017, -0.739063823933588], [0.0035886698410759286, -0.9999900359071388, 0.0026550960833036097, 0.08558761235154201], [0.001133083415003365, -0.0026510452017910295, -0.9999958440320205, -0.0018907805788819121], [0.0, 0.0, 0.0, 1.0]]}, "mean_rme": {"type": "float", "data": 0.001460673952312312}, "max_rme": {"type": "float", "data": 0.004199771442743638}, "simu": {"type": "float", "data": 0.002}}, {"type": "dict", "image_number": {"type": "int", "data": 11}, "Hcamera2end": {"type": "ndarray", "data": [[0.9999926961856161, 0.0037686297510180155, 0.0006364002056169203, -0.019088345568257614], [-0.0006323735331329951, -0.0010695664551227946, 0.9999992280653582, 0.03181927756059469], [0.0037693075141941204, -0.999992326699259, -0.0010671754614972606, 0.038578831346946174], [0.0, 0.0, 0.0, 1.0]]}, "Hobj2base": {"type": "ndarray", "data": [[0.9999935333607547, 0.003445158093270028, 0.0010315630787773437, -0.739308504160929], [0.0034427097969033306, -0.9999912752649947, 0.002365828215233364, 0.08532407954769998], [0.0010397047308858378, -0.0023622615439583493, -0.9999966693616886, -0.0017700024087365879], [0.0, 0.0, 0.0, 1.0]]}, "mean_rme": {"type": "float", "data": 0.0014545472654998145}, "max_rme": {"type": "float", "data": 0.004354563359704744}, "simu": {"type": "float", "data": 0.002}}, {"type": "dict", "image_number": {"type": "int", "data": 12}, "Hcamera2end": {"type": "ndarray", "data": [[0.9999930208773794, 0.003636746129803347, 0.0008557301680295164, -0.01937960074829948], [-0.0008518327961224725, -0.0010730784223982326, 0.9999990614413531, 0.031789760848453065], [0.0036376609820825273, -0.9999928112643045, -0.001069973033627658, 0.038580185832429774], [0.0, 0.0, 0.0, 1.0]]}, "Hobj2base": {"type": "ndarray", "data": [[0.9999939418445148, 0.0033357636730602064, 0.0009944621594739304, -0.7393856936107914], [0.0033335845646636727, -0.9999920566675402, 0.00218490635323684, 0.08535999556345063], [0.0010017425913725455, -0.002181577993029467, -0.9999971186104688, -0.0016064109776004337], [0.0, 0.0, 0.0, 1.0]]}, "mean_rme": {"type": "float", "data": 0.001511255037415447}, "max_rme": {"type": "float", "data": 0.004418595725812269}, "simu": {"type": "float", "data": 0.002}}, {"type": "dict", "image_number": {"type": "int", "data": 13}, "Hcamera2end": {"type": "ndarray", "data": [[0.9999926954252313, 0.0035190439231412678, 0.0014917861936382462, -0.01914581188727913], [-0.0014885204362985313, -0.0009304606551976402, 0.9999984592737534, 0.03175071891018191], [0.0035204265496170777, -0.999993375264475, -0.0009252156897823216, 0.0384844888427599], [0.0, 0.0, 0.0, 1.0]]}, "Hobj2base": {"type": "ndarray", "data": [[0.9999941298194457, 0.0032575920358808345, 0.0010622715176894456, -0.7392792251628227], [0.003254627569968686, -0.9999908378615934, 0.00278057408612667, 0.0857599884470359], [0.0010713197610089185, -0.002777100465486475, -0.9999955699836742, -0.001807813088725164], [0.0, 0.0, 0.0, 1.0]]}, "mean_rme": {"type": "float", "data": 0.001504244940392398}, "max_rme": {"type": "float", "data": 0.004337463498382543}, "simu": {"type": "float", "data": 0.002}}, {"type": "dict", "image_number": {"type": "int", "data": 14}, "Hcamera2end": {"type": "ndarray", "data": [[0.9999951320441373, 0.0028796238168682523, 0.0012015218274820621, -0.019293205340980484], [-0.0011995450689191868, -0.0006880930070789493, 0.9999990438093633, 0.031782710671029446], [0.0028804478221662656, -0.9999956171377387, -0.0006846354189227188, 0.03841335339009863], [0.0, 0.0, 0.0, 1.0]]}, "Hobj2base": {"type": "ndarray", "data": [[0.9999959529522575, 0.0026636724560562984, 0.0009994639328834, -0.7394333476310997], [0.0026613095200641295, -0.9999936783034526, 0.0023581316267078305, 0.08564894457174317], [0.0010057389048375232, -0.002355462200357011, -0.9999967201381601, -0.0017386882335778992], [0.0, 0.0, 0.0, 1.0]]}, "mean_rme": {"type": "float", "data": 0.0014731319749958537}, "max_rme": {"type": "float", "data": 0.0044237200005157185}, "simu": {"type": "float", "data": 0.002}}, {"type": "dict", "image_number": {"type": "int", "data": 15}, "Hcamera2end": {"type": "ndarray", "data": [[0.9999959684062728, 0.002736892950123385, 0.0007566955663687565, -0.01941283487242635], [-0.0007549987847412464, -0.0006209464376243368, 0.9999995222010641, 0.03179913638636156], [0.0027373615098551483, -0.9999960619134963, -0.000618877583369315, 0.03839570355374978], [0.0, 0.0, 0.0, 1.0]]}, "Hobj2base": {"type": "ndarray", "data": [[0.9999962353616175, 0.0025359762113106653, 0.001047896582768687, -0.7394222735079359], [0.002534015599311753, -0.9999950444555175, 0.0018681084952158322, 0.08538047100560904], [0.0010526288685745728, -0.001865446076175687, -0.9999977060390697, -0.0016793761249833117], [0.0, 0.0, 0.0, 1.0]]}, "mean_rme": {"type": "float", "data": 0.001414975282002393}, "max_rme": {"type": "float", "data": 0.004393223011188996}, "simu": {"type": "float", "data": 0.002}}, {"type": "dict", "image_number": {"type": "int", "data": 16}, "Hcamera2end": {"type": "ndarray", "data": [[0.9999955905786839, 0.0029295227346189077, -0.0004865385251727173, -0.019546521856129578], [0.0004886401176077187, -0.000716710895085626, 0.9999996237780934, 0.03185346500138123], [0.0029291729250064094, -0.9999954521006783, -0.0007181392171387024, 0.03842189928384858], [0.0, 0.0, 0.0, 1.0]]}, "Hobj2base": {"type": "ndarray", "data": [[0.9999956166301199, 0.0027534158271738255, 0.0010887707880247127, -0.7393903555392144], [0.002752647876689508, -0.9999959620920205, 0.0007062077039796228, 0.08458284046538671], [0.0010907108751378695, -0.0007032076058121864, -0.9999991579240703, -0.001569666815064777], [0.0, 0.0, 0.0, 1.0]]}, "mean_rme": {"type": "float", "data": 0.0013959801426242698}, "max_rme": {"type": "float", "data": 0.00437943422878917}, "simu": {"type": "float", "data": 0.002}}, {"type": "dict", "image_number": {"type": "int", "data": 17}, "Hcamera2end": {"type": "ndarray", "data": [[0.9999962278449936, 0.0026248647717042077, 0.000808938016059926, -0.019578885509311944], [-0.0008074091029161886, -0.000583480510688128, 0.999999503820394, 0.03175395872215016], [0.002625335468866565, -0.9999963848111771, -0.0005813589699985577, 0.038327111429099475], [0.0, 0.0, 0.0, 1.0]]}, "Hobj2base": {"type": "ndarray", "data": [[0.999996523595612, 0.0024002725169297505, 0.0010915532671741134, -0.7393256410594984], [0.0023987463051215164, -0.9999961466817373, 0.001397368183816435, 0.08523496719300744], [0.0010949031255196207, -0.0013947449666330718, -0.9999984279355763, -0.0016435700048257177], [0.0, 0.0, 0.0, 1.0]]}, "mean_rme": {"type": "float", "data": 0.001408793593653769}, "max_rme": {"type": "float", "data": 0.004348839003367577}, "simu": {"type": "float", "data": 0.002}}, {"type": "dict", "image_number": {"type": "int", "data": 18}, "Hcamera2end": {"type": "ndarray", "data": [[0.9999981124920444, 0.0019429193370765312, -8.763452501656436e-06, -0.019407182306908584], [1.0792990389622988e-05, -0.0010445736263700045, 0.9999994543745765, 0.031537443079848786], [0.0019429091228989857, -0.9999975669622347, -0.0010445926246387405, 0.03834375017898095], [0.0, 0.0, 0.0, 1.0]]}, "Hobj2base": {"type": "ndarray", "data": [[0.9999977334402457, 0.0016943130759510573, 0.0012893477312453932, -0.7389259839558578], [0.0016933222919780578, -0.9999982705384565, 0.0007691421916822941, 0.08517909192823181], [0.001290648669040709, -0.0007669571671201279, -0.999998873000723, -0.0016936158304491295], [0.0, 0.0, 0.0, 1.0]]}, "mean_rme": {"type": "float", "data": 0.0014469454567803783}, "max_rme": {"type": "float", "data": 0.004497606551213895}, "simu": {"type": "float", "data": 0.002}}, {"type": "dict", "image_number": {"type": "int", "data": 19}, "Hcamera2end": {"type": "ndarray", "data": [[0.9999987424910585, 0.0015838613096135542, 7.999783489838356e-05, -0.019328312508324747], [-7.81033915464199e-05, -0.0011961174162360422, 0.9999992816012354, 0.032243650444228], [0.001583955858573129, -0.9999980303412995, -0.0011959922071675955, 0.03853093442522695], [0.0, 0.0, 0.0, 1.0]]}, "Hobj2base": {"type": "ndarray", "data": [[0.9999980656354579, 0.0013596340773737276, 0.001421309437849513, -0.7389534653297176], [0.0013583834723805645, -0.999998689763498, 0.0008804916976294918, 0.08523978543657713], [0.0014225047221149483, -0.000878559311188059, -0.9999986023059495, -0.0024179367831774854], [0.0, 0.0, 0.0, 1.0]]}, "mean_rme": {"type": "float", "data": 0.0014263191870879802}, "max_rme": {"type": "float", "data": 0.004505877195901176}, "simu": {"type": "float", "data": 0.002}}, {"type": "dict", "image_number": {"type": "int", "data": 20}, "Hcamera2end": {"type": "ndarray", "data": [[0.9999982542635287, 0.001866256979452416, 9.249206174077006e-05, -0.019348736996685698], [-9.039429273006679e-05, -0.0011241045705474573, 0.999999364108691, 0.03152744258549634], [0.0018663597634651645, -0.9999976267340843, -0.0011239339091773104, 0.038346125975727945], [0.0, 0.0, 0.0, 1.0]]}, "Hobj2base": {"type": "ndarray", "data": [[0.9999977802448532, 0.001635488792958062, 0.0013284132543468835, -0.738914144476538], [0.0016343289957953039, -0.9999982828189633, 0.0008736863613936312, 0.08519041997469828], [0.001329839877473454, -0.0008715133577238559, -0.9999987359943849, -0.0016708846379813792], [0.0, 0.0, 0.0, 1.0]]}, "mean_rme": {"type": "float", "data": 0.0014191503543375074}, "max_rme": {"type": "float", "data": 0.004522404488019549}, "simu": {"type": "float", "data": 0.002}}, {"type": "dict", "image_number": {"type": "int", "data": 21}, "Hcamera2end": {"type": "ndarray", "data": [[0.9999981043918086, 0.001925530071445265, 0.0002890445181644786, -0.019382267581132373], [-0.0002873340423753855, -0.0008885316602726956, 0.9999995639752235, 0.03096169933156838], [0.001925786057072063, -0.9999977514201885, -0.0008879767056255705, 0.037851528241441376], [0.0, 0.0, 0.0, 1.0]]}, "Hobj2base": {"type": "ndarray", "data": [[0.9999979019382237, 0.0017019181146449265, 0.001139997316561542, -0.7385806383547505], [0.0017006893574854258, -0.9999979728234065, 0.0010779632586990463, 0.08528827849107767], [0.0011418296107825665, -0.001076022215761699, -0.9999987691999082, -0.0010276144091385506], [0.0, 0.0, 0.0, 1.0]]}, "mean_rme": {"type": "float", "data": 0.0014210895745402987}, "max_rme": {"type": "float", "data": 0.004589430267030903}, "simu": {"type": "float", "data": 0.002}}, {"type": "dict", "image_number": {"type": "int", "data": 22}, "Hcamera2end": {"type": "ndarray", "data": [[0.9999978820362658, 0.002031328154887419, 0.00033110256674819406, -0.019435830046469593], [-0.00032937457889934687, -0.0008509445463198428, 0.9999995837027962, 0.030883606445479994], [0.002031609059174635, -0.9999975747967123, -0.0008502736761946128, 0.03763351999797672], [0.0, 0.0, 0.0, 1.0]]}, "Hobj2base": {"type": "ndarray", "data": [[0.9999979204972226, 0.0017927934570341763, 0.0009720559916999418, -0.7384461028926791], [0.0017917352403928292, -0.9999978025134846, 0.001088417672791684, 0.08531915435283867], [0.000974005163702309, -0.0010866737424481468, -0.9999989352264924, -0.0008986985588144022], [0.0, 0.0, 0.0, 1.0]]}, "mean_rme": {"type": "float", "data": 0.0014175722648502786}, "max_rme": {"type": "float", "data": 0.0046060374211673305}, "simu": {"type": "float", "data": 0.002}}, {"type": "dict", "image_number": {"type": "int", "data": 23}, "Hcamera2end": {"type": "ndarray", "data": [[0.9999981751112917, 0.0018767793633866626, 0.0003570340423210552, -0.01950739051130133], [-0.0003554774149542478, -0.0008296823054789737, 0.9999995926314568, 0.030407272062529994], [0.0018770748236731551, -0.9999978946610303, -0.0008290136387245628, 0.03726456013679507], [0.0, 0.0, 0.0, 1.0]]}, "Hobj2base": {"type": "ndarray", "data": [[0.9999982572113066, 0.0016390706686075138, 0.000893880133294454, -0.7381681480429998], [0.00163804206772454, -0.9999979968865709, 0.0011502352064940145, 0.08542158242829535], [0.000895763659540119, -0.0011487689886152622, -0.9999989389680757, -0.0003763288835131063], [0.0, 0.0, 0.0, 1.0]]}, "mean_rme": {"type": "float", "data": 0.0014505310227948221}, "max_rme": {"type": "float", "data": 0.00462699456968918}, "simu": {"type": "float", "data": 0.002}}, {"type": "dict", "image_number": {"type": "int", "data": 24}, "Hcamera2end": {"type": "ndarray", "data": [[0.9999976229772699, 0.0021286899927594537, 0.00047193084741259503, -0.019526857417947796], [-0.000470058815893311, -0.0008798435007639771, 0.999999502459938, 0.030867259658968058], [0.002129104158939809, -0.9999973472736459, -0.0008788407998585601, 0.037791998004297236], [0.0, 0.0, 0.0, 1.0]]}, "Hobj2base": {"type": "ndarray", "data": [[0.999997828306334, 0.0018723621455228841, 0.0009152281746649501, -0.738627495366928], [0.0018712242847764534, -0.999997477312693, 0.0012425328673419324, 0.0854835458102806], [0.0009175523373358298, -0.0012408175717546301, -0.999998809234022, -0.0008683975302999728], [0.0, 0.0, 0.0, 1.0]]}, "mean_rme": {"type": "float", "data": 0.0014726320455715725}, "max_rme": {"type": "float", "data": 0.0046112846238175464}, "simu": {"type": "float", "data": 0.002}}, {"type": "dict", "image_number": {"type": "int", "data": 25}, "Hcamera2end": {"type": "ndarray", "data": [[0.9999985614035246, 0.0016656412150977025, 0.00032067152002191476, -0.019649186576116272], [-0.0003192542036541163, -0.0008511095581298367, 0.9999995868445511, 0.03043868960781068], [0.0016659134535246698, -0.9999982506244008, -0.0008505765707669255, 0.03722417246218576], [0.0, 0.0, 0.0, 1.0]]}, "Hobj2base": {"type": "ndarray", "data": [[0.999998519966953, 0.001425943628373141, 0.0009626778652324506, -0.7380764115293336], [0.0014248380006012626, -0.9999983257324006, 0.001148202537847958, 0.08560694831482835], [0.0009643135255450183, -0.0011468291784655364, -0.9999988774405, -0.00040445902526477175], [0.0, 0.0, 0.0, 1.0]]}, "mean_rme": {"type": "float", "data": 0.0015287085738451042}, "max_rme": {"type": "float", "data": 0.005831647367414525}, "simu": {"type": "float", "data": 0.002}}, {"type": "dict", "image_number": {"type": "int", "data": 26}, "Hcamera2end": {"type": "ndarray", "data": [[0.9999987865850648, 0.0015555673687007148, -8.38961229251505e-05, -0.019704682314707088], [8.546318013238484e-05, -0.0010073471645053456, 0.9999994889737369, 0.030676919683599896], [0.001555482061243394, -0.9999982827294513, -0.001007478885909352, 0.036338773008137926], [0.0, 0.0, 0.0, 1.0]]}, "Hobj2base": {"type": "ndarray", "data": [[0.9999984863999165, 0.0013681312408182697, 0.0010749022206306778, -0.7371098371475525], [0.0013672674305310896, -0.9999987421278693, 0.0008039418214350075, 0.08540829555673679], [0.001076000766462837, -0.0008024709257913256, -0.999999099130976, -0.0005949017860584536], [0.0, 0.0, 0.0, 1.0]]}, "mean_rme": {"type": "float", "data": 0.001523104866886272}, "max_rme": {"type": "float", "data": 0.00580796736186194}, "simu": {"type": "float", "data": 0.002}}, {"type": "dict", "image_number": {"type": "int", "data": 27}, "Hcamera2end": {"type": "ndarray", "data": [[0.999998635289299, 0.001557087644138175, -0.0005521753417511387, -0.01976497629471071], [0.0005539428467261883, -0.0011349324805918215, 0.9999992025374753, 0.03097158326249089], [0.0015564597206887962, -0.9999981437014434, -0.0011357934692994842, 0.03573196222403706], [0.0, 0.0, 0.0, 1.0]]}, "Hobj2base": {"type": "ndarray", "data": [[0.9999983408902747, 0.0014018388301245922, 0.001163213046769354, -0.7364240823326006], [0.001401370019658477, -0.9999989365743145, 0.00040374782816301265, 0.08518744732456482], [0.0011637777991618194, -0.00040211706641084624, -0.9999992419612627, -0.0008597412550472099], [0.0, 0.0, 0.0, 1.0]]}, "mean_rme": {"type": "float", "data": 0.0015251560734882836}, "max_rme": {"type": "float", "data": 0.005766330451545468}, "simu": {"type": "float", "data": 0.002}}, {"type": "dict", "image_number": {"type": "int", "data": 28}, "Hcamera2end": {"type": "ndarray", "data": [[0.9999987743646532, 0.0013135089626145607, -0.0008520348563782743, -0.019772249250775087], [0.0008536322219653159, -0.0012160250018105057, 0.9999988962970033, 0.03078625197111827], [0.0013124714172030123, -0.9999983979874169, -0.0012171447649818035, 0.03532636214257785], [0.0, 0.0, 0.0, 1.0]]}, "Hobj2base": {"type": "ndarray", "data": [[0.9999986226736515, 0.0012101347262380062, 0.0011358806030210987, -0.7360532146540679], [0.0012100251949076712, -0.9999992632039854, 9.711082941475122e-05, 0.08503051913977556], [0.0011359972832957665, -9.57362515133847e-05, -0.9999993501721598, -0.0006435591325803791], [0.0, 0.0, 0.0, 1.0]]}, "mean_rme": {"type": "float", "data": 0.0015334123966763348}, "max_rme": {"type": "float", "data": 0.005807520869573923}, "simu": {"type": "float", "data": 0.002}}, {"type": "dict", "image_number": {"type": "int", "data": 29}, "Hcamera2end": {"type": "ndarray", "data": [[0.9999985727047743, 0.0012634652327748333, -0.0011217147675553587, -0.019764382462207193], [0.0011231710478561705, -0.00115248892039288, 0.9999987051272042, 0.0307554161043989], [0.0012621708329066267, -0.9999985377113777, -0.0011539063630203739, 0.035247345350627055], [0.0, 0.0, 0.0, 1.0]]}, "Hobj2base": {"type": "ndarray", "data": [[0.9999986627414198, 0.0011456896100756524, 0.0011670092928013763, -0.7359605362499871], [0.0011459035669669389, -0.9999993267652592, -0.00018268564035620313, 0.08486274025078533], [0.0011667992060901118, 0.00018402267616956773, -0.9999993023573901, -0.0006227520760600284], [0.0, 0.0, 0.0, 1.0]]}, "mean_rme": {"type": "float", "data": 0.0015146687314783413}, "max_rme": {"type": "float", "data": 0.005894771530908963}, "simu": {"type": "float", "data": 0.002}}, {"type": "dict", "image_number": {"type": "int", "data": 30}, "Hcamera2end": {"type": "ndarray", "data": [[0.9999984084037536, 0.001527828515846325, -0.0009213739662480971, -0.019791111548654032], [0.0009231591845984574, -0.0011681745115796893, 0.9999988915721006, 0.030781735301122427], [0.0015267504967755685, -0.9999981505524579, -0.0011695830812445962, 0.03482400549577076], [0.0, 0.0, 0.0, 1.0]]}, "Hobj2base": {"type": "ndarray", "data": [[0.9999984179265798, 0.0013606390028285153, 0.0011457773960502733, -0.7355530755114575], [0.0013606955555495813, -0.9999990730733928, -4.857943042140927e-05, 0.0848720434937073], [0.001145710234930952, 5.013840777563841e-05, -0.9999993424168829, -0.0005970960157414847], [0.0, 0.0, 0.0, 1.0]]}, "mean_rme": {"type": "float", "data": 0.0015041039771907946}, "max_rme": {"type": "float", "data": 0.005923935653501314}, "simu": {"type": "float", "data": 0.002}}]}