{"type": "list", "data": [{"type": "dict", "image_number": {"type": "int", "data": 5}, "Hcamera2end": {"type": "ndarray", "data": [[0.9999987382998946, -0.0004382298005956663, -0.0015268769632301553, -0.01622463504765905], [0.0015271512756145208, 0.0006263050292283356, 0.9999986377745682, 0.02513267237034288], [-0.0004372729129068026, -0.9999997078482836, 0.0006269734822181849, 0.02967317212533994], [0.0, 0.0, 0.0, 1.0]]}, "Hobj2base": {"type": "ndarray", "data": [[0.9999993784939797, -0.0007005897692825674, 0.0008672863596566779, -0.7328397702046197], [-0.0007011555165026508, -0.9999995415165992, 0.0006521867318571323, 0.08830880190353581], [0.0008668290466682774, -0.0006527944291346128, -0.9999994112332453, 0.0009860505502327533], [0.0, 0.0, 0.0, 1.0]]}, "mean_rme": {"type": "float", "data": 0.0017183191577637945}, "max_rme": {"type": "float", "data": 0.003929781913748737}, "simu": {"type": "float", "data": 0.002}}, {"type": "dict", "image_number": {"type": "int", "data": 6}, "Hcamera2end": {"type": "ndarray", "data": [[0.9999987365426722, -0.0002967119866690744, -0.0015616898079087555, -0.0164242094179358], [0.0015619209431567958, 0.0007803603893500322, 0.9999984757191533, 0.025065154891953503], [-0.0002954928535301325, -0.9999996514997691, 0.0007808228440639997, 0.02966974309415497], [0.0, 0.0, 0.0, 1.0]]}, "Hobj2base": {"type": "ndarray", "data": [[0.9999994382634505, -0.000537667418213249, 0.0009134476070390194, -0.7328029321990824], [-0.0005384570297954512, -0.9999994814345885, 0.0008644041769332113, 0.08856460215517585], [0.0009129823713945807, -0.0008648955436511516, -0.9999992092091314, 0.0008844782945109745], [0.0, 0.0, 0.0, 1.0]]}, "mean_rme": {"type": "float", "data": 0.0017026929381673658}, "max_rme": {"type": "float", "data": 0.0037486806552396446}, "simu": {"type": "float", "data": 0.002}}, {"type": "dict", "image_number": {"type": "int", "data": 7}, "Hcamera2end": {"type": "ndarray", "data": [[0.9999985731989288, -0.00041768126308963855, -0.001636808623194591, -0.016544754411905203], [0.0016369812209680464, 0.00041322168913138224, 0.9999985747691431, 0.025036802742439055], [-0.000417004302973353, -0.9999998273950841, 0.00041390483593028993, 0.029915872165456197], [0.0, 0.0, 0.0, 1.0]]}, "Hobj2base": {"type": "ndarray", "data": [[0.9999992366921882, -0.00031354449556248874, 0.0011951171031785357, -0.7326486162947813], [-0.00031443110078855166, -0.9999996754768719, 0.000741740678323712, 0.08852719647067485], [0.0011948841466285717, -0.0007421158941335815, -0.9999990107574486, 0.0010525415301396643], [0.0, 0.0, 0.0, 1.0]]}, "mean_rme": {"type": "float", "data": 0.0015973432828932624}, "max_rme": {"type": "float", "data": 0.00383839663530694}, "simu": {"type": "float", "data": 0.002}}, {"type": "dict", "image_number": {"type": "int", "data": 8}, "Hcamera2end": {"type": "ndarray", "data": [[0.9999979216139155, -0.0006637808616258597, -0.001927735152173898, -0.016185277432684587], [0.0019285390278264963, 0.001212552957561619, 0.9999974052229051, 0.02465173003334875], [-0.0006614416583023201, -0.9999990445546899, 0.001213830564706031, 0.029610360047636734], [0.0, 0.0, 0.0, 1.0]]}, "Hobj2base": {"type": "ndarray", "data": [[0.9999995860820482, -0.0007732061624431271, 0.00047957060241529106, -0.7325997301189355], [-0.0007733722803098921, -0.999999640985715, 0.0003463000970364554, 0.08856435107200555], [0.00047930266887351086, -0.00034667084030698804, -0.9999998250441249, 0.0010284796813415098], [0.0, 0.0, 0.0, 1.0]]}, "mean_rme": {"type": "float", "data": 0.0016963624607436887}, "max_rme": {"type": "float", "data": 0.003756314003699246}, "simu": {"type": "float", "data": 0.002}}, {"type": "dict", "image_number": {"type": "int", "data": 9}, "Hcamera2end": {"type": "ndarray", "data": [[0.9999978247224951, -0.0006472156320605149, -0.0019828419512188384, -0.016260909279822537], [0.001983604812895788, 0.0011801763658626507, 0.999997336244298, 0.024604863870035205], [-0.0006448738048281149, -0.9999990941474253, 0.0011814576186942594, 0.0296909055664861], [0.0, 0.0, 0.0, 1.0]]}, "Hobj2base": {"type": "ndarray", "data": [[0.9999996275028309, -0.000758696770931875, 0.00041155000816742686, -0.7325811153530024], [-0.0007588693762338288, -0.9999996241065721, 0.0004194090899380392, 0.08861713630336308], [0.00041123164914624795, -0.0004197212464073275, -0.9999998273612882, 0.0011261358285631043], [0.0, 0.0, 0.0, 1.0]]}, "mean_rme": {"type": "float", "data": 0.00156442898605118}, "max_rme": {"type": "float", "data": 0.003632825731342104}, "simu": {"type": "float", "data": 0.002}}, {"type": "dict", "image_number": {"type": "int", "data": 10}, "Hcamera2end": {"type": "ndarray", "data": [[0.9999978468407199, -0.0006707198839595435, -0.001963784296028342, -0.016392435848582108], [0.0019647028197285563, 0.0013715571539165694, 0.9999971293827816, 0.024646753427697406], [-0.0006680245161795292, -0.9999988344822262, 0.0013728719659827915, 0.029758443769972682], [0.0, 0.0, 0.0, 1.0]]}, "Hobj2base": {"type": "ndarray", "data": [[0.9999995702889674, -0.0009155042496012525, 0.00014585557776624616, -0.732813358114103], [-0.0009155778412881635, -0.9999994532012522, 0.000505286467049457, 0.08869118816521966], [0.00014539290610474906, -0.0005054197920573186, -0.999999861705859, 0.0012547870711962395], [0.0, 0.0, 0.0, 1.0]]}, "mean_rme": {"type": "float", "data": 0.0014961235933215074}, "max_rme": {"type": "float", "data": 0.003523356420453233}, "simu": {"type": "float", "data": 0.002}}, {"type": "dict", "image_number": {"type": "int", "data": 11}, "Hcamera2end": {"type": "ndarray", "data": [[0.9999974995855864, -0.0007539397480762267, -0.0021053259679738867, -0.016389663130040685], [0.002106490816054662, 0.0015475680573122652, 0.9999965838589399, 0.024788507556926274], [-0.0007506790372934303, -0.9999985183028844, 0.001549152354905936, 0.029757562866969206], [0.0, 0.0, 0.0, 1.0]]}, "Hobj2base": {"type": "ndarray", "data": [[0.9999994366069237, -0.0010610318451173353, 3.157940605920088e-05, -0.7330703947822894], [-0.0010610424522027831, -0.9999993800444371, 0.0003377864058379101, 0.08853589627007338], [3.1220984347930676e-05, -0.000337819722621832, -0.9999999424515409, 0.0013533162452930266], [0.0, 0.0, 0.0, 1.0]]}, "mean_rme": {"type": "float", "data": 0.0014997572642514556}, "max_rme": {"type": "float", "data": 0.003526261175000711}, "simu": {"type": "float", "data": 0.002}}, {"type": "dict", "image_number": {"type": "int", "data": 12}, "Hcamera2end": {"type": "ndarray", "data": [[0.9999971169103916, -0.0008682605801103704, -0.0022388154166084655, -0.01626183685550719], [0.00224027883951365, 0.0016881710330296507, 0.9999960656069025, 0.02484398295126294], [-0.0008644776606973186, -0.9999981980994406, 0.00169011131168606, 0.02967210521062407], [0.0, 0.0, 0.0, 1.0]]}, "Hobj2base": {"type": "ndarray", "data": [[0.9999992635215106, -0.0012127991156052477, -4.5549331835809794e-05, -0.73318016078832], [-0.0012127886614521181, -0.9999992383868992, 0.00022884336116332823, 0.08840840191029742], [-4.5826838170872956e-05, -0.0002287879509119281, -0.9999999727779867, 0.0013534912480782924], [0.0, 0.0, 0.0, 1.0]]}, "mean_rme": {"type": "float", "data": 0.0015001410536356276}, "max_rme": {"type": "float", "data": 0.0037121867454685264}, "simu": {"type": "float", "data": 0.002}}, {"type": "dict", "image_number": {"type": "int", "data": 13}, "Hcamera2end": {"type": "ndarray", "data": [[0.9999960940908986, -0.0006114479894548286, -0.002727257652435169, -0.016227085520561617], [0.0027281655861292687, 0.0014890071928188586, 0.9999951699733928, 0.02484613552534361], [-0.0006073841298836237, -0.999998704493629, 0.0014906695082547161, 0.02977860897433759], [0.0, 0.0, 0.0, 1.0]]}, "Hobj2base": {"type": "ndarray", "data": [[0.9999995908648569, -0.0009042992712414484, -2.264832762866461e-05, -0.7331001747430039], [-0.0009043029461632382, -0.999999577869501, -0.0001627789935475647, 0.08809823906001707], [-2.2501117142876295e-05, 0.00016279940789835817, -0.999999986495026, 0.0015728965917705844], [0.0, 0.0, 0.0, 1.0]]}, "mean_rme": {"type": "float", "data": 0.001463017101610999}, "max_rme": {"type": "float", "data": 0.0037609098459362444}, "simu": {"type": "float", "data": 0.002}}, {"type": "dict", "image_number": {"type": "int", "data": 14}, "Hcamera2end": {"type": "ndarray", "data": [[0.9999975312522528, -0.0001266378965684438, -0.002218434637980678, -0.01614155784072139], [0.0022185692351893403, 0.0010727936920027492, 0.9999969635275112, 0.02470893017480054], [-0.00012425758935020927, -0.9999994165380983, 0.0010730719984870518, 0.029775886139758845], [0.0, 0.0, 0.0, 1.0]]}, "Hobj2base": {"type": "ndarray", "data": [[0.9999999358039795, -0.00030661712369032255, 0.00018541298835967796, -0.7327004408769928], [-0.0003066809736990468, -0.9999998936552681, 0.0003444361083168054, 0.08826631225663051], [0.00018530735863315625, -0.00034449294884118456, -0.9999999234928925, 0.0013802739867706923], [0.0, 0.0, 0.0, 1.0]]}, "mean_rme": {"type": "float", "data": 0.0014693819428886021}, "max_rme": {"type": "float", "data": 0.0038286019813228434}, "simu": {"type": "float", "data": 0.002}}, {"type": "dict", "image_number": {"type": "int", "data": 15}, "Hcamera2end": {"type": "ndarray", "data": [[0.9999970024535783, 0.0004701291922538567, -0.00240292788090015, -0.0162219655939138], [0.0024026731127053474, 0.0005417273878046691, 0.9999969668420751, 0.02463745904424217], [0.0004714294981217742, -0.9999997427549566, 0.0005405961971819417, 0.02990255627963416], [0.0, 0.0, 0.0, 1.0]]}, "Hobj2base": {"type": "ndarray", "data": [[0.9999998199599804, 0.0004792617725601155, 0.00036109300752862686, -0.7324066751272048], [0.0004792027237206888, -0.9999998718004042, 0.0001635968370950059, 0.08809927906941249], [0.00036117136694678055, -0.00016342377088830393, -0.9999999214239546, 0.0014806237569551018], [0.0, 0.0, 0.0, 1.0]]}, "mean_rme": {"type": "float", "data": 0.0014718236334578204}, "max_rme": {"type": "float", "data": 0.003696812003549016}, "simu": {"type": "float", "data": 0.002}}, {"type": "dict", "image_number": {"type": "int", "data": 16}, "Hcamera2end": {"type": "ndarray", "data": [[0.9999958165604741, -0.00048688016018604073, -0.0028512820379995316, -0.016211058113476222], [0.002851899939999212, 0.0012731621207334731, 0.9999951228505802, 0.02471542636824966], [-0.00048324764131244045, -0.9999990710025307, 0.0012745453280363916, 0.02989572537239077], [0.0, 0.0, 0.0, 1.0]]}, "Hobj2base": {"type": "ndarray", "data": [[0.9999997580984208, -0.0006590674863073597, 0.00022233566581140695, -0.7328969894348191], [-0.0006589506707074157, -0.9999996450444073, -0.0005250667320314423, 0.0880273986518101], [0.0002226816413033425, 0.000524920096780862, -0.9999998374358763, 0.0016458775379542163], [0.0, 0.0, 0.0, 1.0]]}, "mean_rme": {"type": "float", "data": 0.0015391165430884432}, "max_rme": {"type": "float", "data": 0.003795343143873753}, "simu": {"type": "float", "data": 0.002}}, {"type": "dict", "image_number": {"type": "int", "data": 17}, "Hcamera2end": {"type": "ndarray", "data": [[0.9999954472649937, -0.0006234359356842333, -0.0029524188251983524, -0.016235178441011962], [0.0029532162268403406, 0.0012820202156371696, 0.9999948174556126, 0.024681373729666112], [-0.0006196476440808922, -0.999998983875384, 0.001283855520060495, 0.02990821750260864], [0.0, 0.0, 0.0, 1.0]]}, "Hobj2base": {"type": "ndarray", "data": [[0.9999997115521542, -0.0007300876573344596, 0.00020944598578912532, -0.7328659276870807], [-0.0007299681992032172, -0.9999995712009024, -0.000569863526477981, 0.08803695149636559], [0.00020986194630592236, 0.0005697104731929977, -0.9999998156939529, 0.001679494097756545], [0.0, 0.0, 0.0, 1.0]]}, "mean_rme": {"type": "float", "data": 0.0014823622887949145}, "max_rme": {"type": "float", "data": 0.0037492741922753037}, "simu": {"type": "float", "data": 0.002}}, {"type": "dict", "image_number": {"type": "int", "data": 18}, "Hcamera2end": {"type": "ndarray", "data": [[0.9999935933518794, -0.0012305461558931535, -0.003361400207380595, -0.01619861897339136], [0.003363272044321946, 0.0015222474151379561, 0.9999931855587629, 0.024510560612325323], [-0.0012254208876317568, -0.9999980842576475, 0.0015263763241197825, 0.02993839240967944], [0.0, 0.0, 0.0, 1.0]]}, "Hobj2base": {"type": "ndarray", "data": [[0.9999990667572373, -0.0013488484829056555, 0.00021700789066344606, -0.7327929342433294], [-0.0013486443143788938, -0.9999986504256428, -0.0009382459198187232, 0.08806892570866973], [0.00021827314938070144, 0.0009379523777495904, -0.999999536300977, 0.0018039171268741075], [0.0, 0.0, 0.0, 1.0]]}, "mean_rme": {"type": "float", "data": 0.0014905401618640164}, "max_rme": {"type": "float", "data": 0.0037889376406751163}, "simu": {"type": "float", "data": 0.002}}, {"type": "dict", "image_number": {"type": "int", "data": 19}, "Hcamera2end": {"type": "ndarray", "data": [[0.9999938005671366, -0.0013342402303228957, -0.003258623988974977, -0.016174234342997057], [0.0032607286981352016, 0.0015783340763503295, 0.999993438233422, 0.024516999862389477], [-0.0013290882780661326, -0.9999978643299953, 0.0015826748869833818, 0.029955273364854932], [0.0, 0.0, 0.0, 1.0]]}, "Hobj2base": {"type": "ndarray", "data": [[0.9999989000734961, -0.0014731011603606348, 0.00017269849212053488, -0.7328179042366492], [-0.0014729643719186899, -0.9999986035046504, -0.0007895344881280686, 0.08811032327269899], [0.00017386131511849993, 0.0007892792409721817, -0.9999996734052081, 0.0018084886157582513], [0.0, 0.0, 0.0, 1.0]]}, "mean_rme": {"type": "float", "data": 0.001439890184024044}, "max_rme": {"type": "float", "data": 0.0038405769280749347}, "simu": {"type": "float", "data": 0.002}}, {"type": "dict", "image_number": {"type": "int", "data": 20}, "Hcamera2end": {"type": "ndarray", "data": [[0.9999941441350788, -0.0014234679208053953, -0.0031121430927287803, -0.01631537840700606], [0.003114097134302419, 0.0013725828587017874, 0.9999942091909005, 0.025984595278906498], [-0.0014191880035114989, -0.9999980448757763, 0.0013770076384148622, 0.028802185482754337], [0.0, 0.0, 0.0, 1.0]]}, "Hobj2base": {"type": "ndarray", "data": [[0.9999988770034193, -0.0014492324070603884, 0.0003817293945443267, -0.7313835857808826], [-0.0014489859241569453, -0.999998742085539, -0.0006451876716829135, 0.08753304050268124], [0.0003826639412438398, 0.0006446338266198326, -0.9999997190077294, 0.0005304065520783441], [0.0, 0.0, 0.0, 1.0]]}, "mean_rme": {"type": "float", "data": 0.0015462726341014367}, "max_rme": {"type": "float", "data": 0.0040320135205599295}, "simu": {"type": "float", "data": 0.002}}, {"type": "dict", "image_number": {"type": "int", "data": 21}, "Hcamera2end": {"type": "ndarray", "data": [[0.9999942510779478, -0.0012635050552589943, -0.003146643613369015, -0.016293636742006942], [0.0031485512067757097, 0.0015106230898017659, 0.9999939023029986, 0.024512834861276252], [-0.0012587439582902745, -0.9999980607845477, 0.001514592615713961, 0.029210230964691157], [0.0, 0.0, 0.0, 1.0]]}, "Hobj2base": {"type": "ndarray", "data": [[0.9999990431404271, -0.0013685684198709656, 0.00020183832706395318, -0.7320399058491021], [-0.0013684324652370875, -0.9999988377767715, -0.0006721887341631772, 0.08823724222881839], [0.00020275802875652983, 0.0006719118888534687, -0.9999997537117673, 0.001797111391256968], [0.0, 0.0, 0.0, 1.0]]}, "mean_rme": {"type": "float", "data": 0.001536463055306974}, "max_rme": {"type": "float", "data": 0.0046029879422170294}, "simu": {"type": "float", "data": 0.002}}, {"type": "dict", "image_number": {"type": "int", "data": 22}, "Hcamera2end": {"type": "ndarray", "data": [[0.9999940541961073, -0.0013479404840572935, -0.0031740555893359857, -0.016194664387619198], [0.0031770709251273386, 0.0022407764870022717, 0.9999924425419784, 0.02425628481975788], [-0.0013408179479206478, -0.9999965809827485, 0.0022450456663053453, 0.030632155381263945], [0.0, 0.0, 0.0, 1.0]]}, "Hobj2base": {"type": "ndarray", "data": [[0.9999983498763756, -0.001780325203321178, -0.00036150614983258936, -0.7337985444246147], [-0.0017805749787380063, -0.9999981754896703, -0.0006917875942917105, 0.08841368527782788], [-0.00036027388337142233, 0.0006924301415617099, -0.9999996953715675, 0.002045893020166334], [0.0, 0.0, 0.0, 1.0]]}, "mean_rme": {"type": "float", "data": 0.0015359956889897952}, "max_rme": {"type": "float", "data": 0.004709860078628725}, "simu": {"type": "float", "data": 0.002}}, {"type": "dict", "image_number": {"type": "int", "data": 23}, "Hcamera2end": {"type": "ndarray", "data": [[0.9999944004023049, -0.0016464163214611992, -0.002913499155852215, -0.01602739303179638], [0.0029186904942794445, 0.0031595575972670487, 0.9999907491780053, 0.02416622873841857], [-0.0016371957223643755, -0.9999936532344025, 0.003164345284682679, 0.031922674879615], [0.0, 0.0, 0.0, 1.0]]}, "Hobj2base": {"type": "ndarray", "data": [[0.9999965612561018, -0.002434372637818486, -0.0009753490819338566, -0.7354736702423018], [-0.002434808324019453, -0.9999969364987071, -0.0004457596059464594, 0.08863993630900706], [-0.0009742609489629223, 0.0004481328611568517, -0.999999424996106, 0.002142131196569892], [0.0, 0.0, 0.0, 1.0]]}, "mean_rme": {"type": "float", "data": 0.0015604829564107984}, "max_rme": {"type": "float", "data": 0.005732411489791561}, "simu": {"type": "float", "data": 0.002}}, {"type": "dict", "image_number": {"type": "int", "data": 24}, "Hcamera2end": {"type": "ndarray", "data": [[0.9999941157502231, -0.001807397352179641, -0.0029157811544514188, -0.016053750765712926], [0.0029218425406249233, 0.003360135521975116, 0.9999900861135783, 0.024130008808055232], [-0.0017975820140161951, -0.9999927213755534, 0.0033653966805697877, 0.031429900540988126], [0.0, 0.0, 0.0, 1.0]]}, "Hobj2base": {"type": "ndarray", "data": [[0.9999958149224345, -0.002686569198278899, -0.001073537870355233, -0.735077795575569], [-0.0026870150135835944, -0.9999963042494457, -0.0004140504404381587, 0.08873105497415618], [-0.0010724215276672385, 0.00041693331998024453, -0.9999993380391179, 0.0022369684860288896], [0.0, 0.0, 0.0, 1.0]]}, "mean_rme": {"type": "float", "data": 0.0015320416405214291}, "max_rme": {"type": "float", "data": 0.005806871780494688}, "simu": {"type": "float", "data": 0.002}}, {"type": "dict", "image_number": {"type": "int", "data": 25}, "Hcamera2end": {"type": "ndarray", "data": [[0.99999421288523, -0.0016596730369991546, -0.0029697948513964976, -0.016046171444981515], [0.0029745096045154236, 0.0028455610032803724, 0.9999915275017034, 0.02436926306869873], [-0.0016512082430052972, -0.9999945741192736, 0.0028504812490811604, 0.03205043126552584], [0.0, 0.0, 0.0, 1.0]]}, "Hobj2base": {"type": "ndarray", "data": [[0.9999968232095336, -0.002378313891724607, -0.0008349813609496725, -0.7355091998914731], [-0.002378735988658317, -0.9999970433472516, -0.0005048879602844013, 0.08847892698510357], [-0.0008337781101500274, 0.0005068725565742925, -0.9999995239470245, 0.00194192763873267], [0.0, 0.0, 0.0, 1.0]]}, "mean_rme": {"type": "float", "data": 0.0015237029681944992}, "max_rme": {"type": "float", "data": 0.005759880858977412}, "simu": {"type": "float", "data": 0.002}}, {"type": "dict", "image_number": {"type": "int", "data": 26}, "Hcamera2end": {"type": "ndarray", "data": [[0.9999942035925216, -0.0017343456135332455, -0.0029299874831501082, -0.015941854623579374], [0.00293507627086874, 0.002938888638861603, 0.9999913740932233, 0.023321237978963228], [-0.0017257197463034272, -0.9999941774724798, 0.002943962040521275, 0.03287917203004609], [0.0, 0.0, 0.0, 1.0]]}, "Hobj2base": {"type": "ndarray", "data": [[0.9999965153749499, -0.0024908657344817433, -0.000874543223800636, -0.7365125034195125], [-0.002491278228226097, -0.9999967858899317, -0.0004708955249556964, 0.08897758245399487], [-0.0008733674753948224, 0.0004730726145544514, -0.9999995067156553, 0.002802708174293189], [0.0, 0.0, 0.0, 1.0]]}, "mean_rme": {"type": "float", "data": 0.0015848208767376322}, "max_rme": {"type": "float", "data": 0.005510591786247548}, "simu": {"type": "float", "data": 0.002}}, {"type": "dict", "image_number": {"type": "int", "data": 27}, "Hcamera2end": {"type": "ndarray", "data": [[0.999994777413586, -0.001626455747473387, -0.002792809920880146, -0.01599830713536484], [0.00279740356361042, 0.0028289339609922637, 0.9999920858016561, 0.023552581490522397], [-0.0016185422005482294, -0.9999946758729997, 0.002833469039744241, 0.03296891892695545], [0.0, 0.0, 0.0, 1.0]]}, "Hobj2base": {"type": "ndarray", "data": [[0.9999968377026763, -0.0023638166196762547, -0.000858461202282775, -0.7365373859325556], [-0.0023641090669713027, -0.9999971477547682, -0.00033980972370070494, 0.08894479349532178], [-0.0008576555058684926, 0.00034183814503328493, -0.9999995737867673, 0.002535005387027813], [0.0, 0.0, 0.0, 1.0]]}, "mean_rme": {"type": "float", "data": 0.001595370906692966}, "max_rme": {"type": "float", "data": 0.005610636098315941}, "simu": {"type": "float", "data": 0.002}}, {"type": "dict", "image_number": {"type": "int", "data": 28}, "Hcamera2end": {"type": "ndarray", "data": [[0.9999942504768914, -0.0015828449087689188, -0.0029989356703716014, -0.016054929894175042], [0.0030036414379825405, 0.0029790242532591327, 0.9999910517362696, 0.023422111748229918], [-0.0015738968429592302, -0.9999943099920585, 0.0029837614238481525, 0.03242135385722228], [0.0, 0.0, 0.0, 1.0]]}, "Hobj2base": {"type": "ndarray", "data": [[0.9999966849036458, -0.0023756873831925584, -0.0009931219340622174, -0.7360641013520101], [-0.002376253840861277, -0.9999970144877255, -0.0005695904830149584, 0.08894205021763717], [-0.0009917658001604083, 0.0005719485045778837, -0.9999993446375375, 0.0027610462447760754], [0.0, 0.0, 0.0, 1.0]]}, "mean_rme": {"type": "float", "data": 0.0015872815259739045}, "max_rme": {"type": "float", "data": 0.005740928253976513}, "simu": {"type": "float", "data": 0.002}}, {"type": "dict", "image_number": {"type": "int", "data": 29}, "Hcamera2end": {"type": "ndarray", "data": [[0.9999942237298033, -0.0015817909485058908, -0.0030083956560616916, -0.01604499646351991], [0.0030136324786146406, 0.003318797666365114, 0.9999899517501827, 0.02301951296046751], [-0.0015717907977924423, -0.9999932417368851, 0.0033235454326698832, 0.03230796694164452], [0.0, 0.0, 0.0, 1.0]]}, "Hobj2base": {"type": "ndarray", "data": [[0.9999959784810066, -0.00252773886985124, -0.0012859074694216638, -0.7361535035755309], [-0.002528571072566319, -0.9999965945275251, -0.0006459579583934555, 0.08914510734601444], [-0.00128427027725945, 0.0006492068690904336, -0.9999989645896121, 0.003200121889381038], [0.0, 0.0, 0.0, 1.0]]}, "mean_rme": {"type": "float", "data": 0.0015807116068659007}, "max_rme": {"type": "float", "data": 0.005691059638921109}, "simu": {"type": "float", "data": 0.002}}, {"type": "dict", "image_number": {"type": "int", "data": 30}, "Hcamera2end": {"type": "ndarray", "data": [[0.99999450931325, -0.0015008553395412616, -0.002954450304586956, -0.016052957815641946], [0.0029599105444845773, 0.003648985655375969, 0.9999889618557075, 0.022732669871055503], [-0.0014900580261025024, -0.9999922161381741, 0.003653408017484039, 0.03223936875910949], [0.0, 0.0, 0.0, 1.0]]}, "Hobj2base": {"type": "ndarray", "data": [[0.9999953806499609, -0.0025992579178890827, -0.0015756068723830898, -0.7362556812018857], [-0.0026003154851319495, -0.9999963950338833, -0.0006695361201088085, 0.08931576443173214], [-0.0015738608953121955, 0.000673630102235844, -0.9999985345911104, 0.003507940013411731], [0.0, 0.0, 0.0, 1.0]]}, "mean_rme": {"type": "float", "data": 0.001545320593739918}, "max_rme": {"type": "float", "data": 0.005665682368327346}, "simu": {"type": "float", "data": 0.002}}]}