{"type": "list", "data": [{"type": "dict", "image_number": {"type": "int", "data": 5}, "Hcamera2end": {"type": "ndarray", "data": [[0.9999931616663872, -0.0024056714695817666, -0.002808801389058588, -0.020149887329315736], [0.0028126395114655544, 0.001593553071838505, 0.9999947748101419, 0.03027242034745815], [-0.0024011829254098824, -0.9999958366580275, 0.0016003084612179475, 0.03699519766097126], [0.0, 0.0, 0.0, 1.0]]}, "Hobj2base": {"type": "ndarray", "data": [[0.999997053342973, -0.0022575833975208293, -0.0008925371557733793, -0.7374332967722179], [-0.0022603967495242287, -0.9999924406430383, -0.003163741979749841, 0.08463413931772433], [-0.0008853879973988942, 0.003165750145373045, -0.9999945970424597, -0.005711455436074852], [0.0, 0.0, 0.0, 1.0]]}, "mean_rme": {"type": "float", "data": 0.001461332739940716}, "max_rme": {"type": "float", "data": 0.0038868213129289175}, "simu": {"type": "float", "data": 0.002}}, {"type": "dict", "image_number": {"type": "int", "data": 6}, "Hcamera2end": {"type": "ndarray", "data": [[0.999990976693074, -0.0027086435625492287, -0.003272580401307244, -0.019735070027799395], [0.0032733042855970923, 0.0002628597736364924, 0.9999946081773607, 0.02997373176882083], [-0.002707768728280052, -0.9999962970705394, 0.00027172361635352527, 0.03729691880904638], [0.0, 0.0, 0.0, 1.0]]}, "Hobj2base": {"type": "ndarray", "data": [[0.9999966080772116, -0.0025811535426863374, -0.00034854047213895954, -0.7367815484584569], [-0.002582471580660157, -0.9999893093299803, -0.003835631145520289, 0.08422997335830569], [-0.0003386363930880856, 0.003836518231219607, -0.9999925831991232, -0.005494198937730732], [0.0, 0.0, 0.0, 1.0]]}, "mean_rme": {"type": "float", "data": 0.0013893610078848228}, "max_rme": {"type": "float", "data": 0.004355475444619505}, "simu": {"type": "float", "data": 0.002}}, {"type": "dict", "image_number": {"type": "int", "data": 7}, "Hcamera2end": {"type": "ndarray", "data": [[0.9999906559684214, -0.0027234239400501935, -0.003357221751542033, -0.01942559642114735], [0.00335922859871403, 0.0007326445334289167, 0.999994089390137, 0.030000057562397504], [-0.0027209481927900157, -0.9999960230891073, 0.0007417862911611728, 0.03731379068472919], [0.0, 0.0, 0.0, 1.0]]}, "Hobj2base": {"type": "ndarray", "data": [[0.9999963537300549, -0.002582157320368117, -0.0007905631965053345, -0.7372190011176892], [-0.0025853727056518853, -0.9999882792108075, -0.0040935667798539035, 0.08426131927467569], [-0.0007799836970537494, 0.004095595754114724, -0.9999913088226573, -0.005223532865504873], [0.0, 0.0, 0.0, 1.0]]}, "mean_rme": {"type": "float", "data": 0.0013502660347200965}, "max_rme": {"type": "float", "data": 0.0044647801586917}, "simu": {"type": "float", "data": 0.002}}, {"type": "dict", "image_number": {"type": "int", "data": 8}, "Hcamera2end": {"type": "ndarray", "data": [[0.9999912610998333, -0.0028857777545274127, -0.0030248984638364634, -0.01939379398721705], [0.0030266022106251204, 0.0005862100459306241, 0.9999952480071297, 0.030017413774223987], [-0.0028839908154646766, -0.9999956643128678, 0.0005949390244307518, 0.037350096657643383], [0.0, 0.0, 0.0, 1.0]]}, "Hobj2base": {"type": "ndarray", "data": [[0.9999958029697776, -0.0027772701674111987, -0.0008251140811739959, -0.7371422910065266], [-0.002780493278891973, -0.9999884074382697, -0.003931138028441953, 0.08461552571987352], [-0.0008141866836177081, 0.003933415753493862, -0.9999919326377358, -0.005107018243909377], [0.0, 0.0, 0.0, 1.0]]}, "mean_rme": {"type": "float", "data": 0.001251012536954716}, "max_rme": {"type": "float", "data": 0.004387122294640611}, "simu": {"type": "float", "data": 0.002}}, {"type": "dict", "image_number": {"type": "int", "data": 9}, "Hcamera2end": {"type": "ndarray", "data": [[0.9999912489503907, -0.0029599523329336985, -0.002956468302633763, -0.019527978229300032], [0.002959249715291335, 0.0009357433280767768, 0.9999951836011743, 0.029952199028163567], [-0.0029571715811338986, -0.9999951815216964, 0.0009444943774389314, 0.03704918621373115], [0.0, 0.0, 0.0, 1.0]]}, "Hobj2base": {"type": "ndarray", "data": [[0.999995461374945, -0.002806026524031225, -0.001097016252034393, -0.7373787134902887], [-0.00281027787564128, -0.9999884724585808, -0.003893236213716964, 0.08455814754715038], [-0.0010860790820541016, 0.0038963014642798503, -0.9999918196001039, -0.005185486228602721], [0.0, 0.0, 0.0, 1.0]]}, "mean_rme": {"type": "float", "data": 0.0013265287918505246}, "max_rme": {"type": "float", "data": 0.0043067569284999385}, "simu": {"type": "float", "data": 0.002}}, {"type": "dict", "image_number": {"type": "int", "data": 10}, "Hcamera2end": {"type": "ndarray", "data": [[0.9999910042519701, -0.0030427785511500066, -0.0029551503895659907, -0.019515312636433465], [0.0029592751471946613, 0.001351980460625235, 0.9999947074057128, 0.029847936608413297], [-0.0030387671413727273, -0.9999944568083979, 0.0013609727174944686, 0.036916375419445764], [0.0, 0.0, 0.0, 1.0]]}, "Hobj2base": {"type": "ndarray", "data": [[0.9999946869268378, -0.0029592673233037885, -0.0013670607173583, -0.7375764645228794], [-0.0029644768227570753, -0.9999882922697221, -0.0038245523467204594, 0.08451458362841915], [-0.0013557268393942325, 0.003828584646405939, -0.999991751938156, -0.0051539837151344855], [0.0, 0.0, 0.0, 1.0]]}, "mean_rme": {"type": "float", "data": 0.0012944186406954588}, "max_rme": {"type": "float", "data": 0.004247875289044883}, "simu": {"type": "float", "data": 0.002}}, {"type": "dict", "image_number": {"type": "int", "data": 11}, "Hcamera2end": {"type": "ndarray", "data": [[0.9999895442030025, -0.003603227518757514, -0.002815712364480598, -0.019457831150794067], [0.00282338647332036, 0.0021264760623047607, 0.9999937532746788, 0.029819474087226756], [-0.00359721746544353, -0.9999912473871984, 0.002136627132139468, 0.03671671578110899], [0.0, 0.0, 0.0, 1.0]]}, "Hobj2base": {"type": "ndarray", "data": [[0.999991850113927, -0.0035811556586905387, -0.0018641432009115359, -0.7379398670496343], [-0.003588206037120234, -0.999986370398259, -0.0037925974148497426, 0.08461179513711474], [-0.001850535911688795, 0.0037992554355004587, -0.99999107054762, -0.005122729064322071], [0.0, 0.0, 0.0, 1.0]]}, "mean_rme": {"type": "float", "data": 0.0013180292817239689}, "max_rme": {"type": "float", "data": 0.0044418370073188995}, "simu": {"type": "float", "data": 0.002}}, {"type": "dict", "image_number": {"type": "int", "data": 12}, "Hcamera2end": {"type": "ndarray", "data": [[0.9999890603731543, -0.0034240480686828978, -0.0031866955987928237, -0.01949234875295536], [0.003194929246335591, 0.002401880004861301, 0.99999201166787, 0.029726152186197036], [-0.003416366655809375, -0.9999912533953814, 0.0024127933205058127, 0.036626597924993766], [0.0, 0.0, 0.0, 1.0]]}, "Hobj2base": {"type": "ndarray", "data": [[0.9999919847704932, -0.003397559850561659, -0.0021182497094057763, -0.7381748516450815], [-0.003405882094984004, -0.9999864472254931, -0.003937681105854684, 0.0843330880127161], [-0.002104842494015548, 0.003944864053194865, -0.9999900037928766, -0.0051134112792979676], [0.0, 0.0, 0.0, 1.0]]}, "mean_rme": {"type": "float", "data": 0.00127989008649148}, "max_rme": {"type": "float", "data": 0.0043898136508403185}, "simu": {"type": "float", "data": 0.002}}, {"type": "dict", "image_number": {"type": "int", "data": 13}, "Hcamera2end": {"type": "ndarray", "data": [[0.9999914486551279, -0.0030523987928510582, -0.0027902469833525835, -0.019388475674609464], [0.0027980649216971785, 0.002559978992066947, 0.9999928086442692, 0.029792993069453245], [-0.0030452338683054467, -0.9999920646530999, 0.002568497910793055, 0.03662693949140081], [0.0, 0.0, 0.0, 1.0]]}, "Hobj2base": {"type": "ndarray", "data": [[0.9999927652088899, -0.0031197122128301946, -0.002176447928892318, -0.7384152784256516], [-0.003127097613391609, -0.9999893366325323, -0.003398217436280886, 0.08468212981627196], [-0.00216582326019046, 0.0034049988160116977, -0.9999918575631845, -0.004906487834779918], [0.0, 0.0, 0.0, 1.0]]}, "mean_rme": {"type": "float", "data": 0.001308598712568228}, "max_rme": {"type": "float", "data": 0.004358113971313138}, "simu": {"type": "float", "data": 0.002}}, {"type": "dict", "image_number": {"type": "int", "data": 14}, "Hcamera2end": {"type": "ndarray", "data": [[0.9999934589165299, -0.0023200861067710836, -0.0027747656858864594, -0.019201391355552225], [0.002781732476742776, 0.003005000163606719, 0.999991615934076, 0.029753129860193284], [-0.002311728483676156, -0.9999927935612707, 0.003011434366521959, 0.03656305514484863], [0.0, 0.0, 0.0, 1.0]]}, "Hobj2base": {"type": "ndarray", "data": [[0.9999943080957868, -0.0023740652818675604, -0.002397413203037022, -0.7388748998509607], [-0.0023815476220081337, -0.9999922875563783, -0.003122988742527203, 0.0845682357968142], [-0.0023899805339735584, 0.0031286805204870857, -0.99999224964559, -0.004679663117747863], [0.0, 0.0, 0.0, 1.0]]}, "mean_rme": {"type": "float", "data": 0.0013471237046037805}, "max_rme": {"type": "float", "data": 0.004465487976523352}, "simu": {"type": "float", "data": 0.002}}, {"type": "dict", "image_number": {"type": "int", "data": 15}, "Hcamera2end": {"type": "ndarray", "data": [[0.9999954757446134, -0.002429653414141365, -0.0017734922022397848, -0.018997755776749732], [0.0017805463045917045, 0.002904256808719863, 0.9999941974567883, 0.02979568816132222], [-0.0024244886391688735, -0.9999928310126409, 0.0029085697795283583, 0.03665703481493845], [0.0, 0.0, 0.0, 1.0]]}, "Hobj2base": {"type": "ndarray", "data": [[0.9999944458541564, -0.0024854677216830223, -0.0022205204442100382, -0.7388117909001786], [-0.002489913220632774, -0.9999948971691834, -0.0020014913807516656, 0.08531148960055271], [-0.0022155344710478027, 0.0020070091673873563, -0.9999955316506215, -0.004317744577531494], [0.0, 0.0, 0.0, 1.0]]}, "mean_rme": {"type": "float", "data": 0.0013664280979060958}, "max_rme": {"type": "float", "data": 0.004520989801504671}, "simu": {"type": "float", "data": 0.002}}, {"type": "dict", "image_number": {"type": "int", "data": 16}, "Hcamera2end": {"type": "ndarray", "data": [[0.9999983147621382, -0.0018358801736288151, -4.107503382442873e-06, -0.018619420347657276], [9.530345315144858e-06, 0.0029538114027871654, 0.9999956374441689, 0.029868008975474418], [-0.0018358600317087302, -0.9999939522528051, 0.0029538239214843554, 0.03671219042233123], [0.0, 0.0, 0.0, 1.0]]}, "Hobj2base": {"type": "ndarray", "data": [[0.9999955238827232, -0.0019221247022528348, -0.0022929568567753595, -0.7391315462285438], [-0.0019222910696419671, -0.9999981499219559, -7.03541669774735e-05, 0.08637265386143832], [-0.0022928173851439687, 7.476158255282478e-05, -0.9999973686961101, -0.003685563762909211], [0.0, 0.0, 0.0, 1.0]]}, "mean_rme": {"type": "float", "data": 0.0014252681196250663}, "max_rme": {"type": "float", "data": 0.0050649702060059365}, "simu": {"type": "float", "data": 0.002}}, {"type": "dict", "image_number": {"type": "int", "data": 17}, "Hcamera2end": {"type": "ndarray", "data": [[0.9999974287264228, -0.0021557748822584335, -0.0007036868621685519, -0.018818546117153404], [0.0007098223580102865, 0.0028466326079505944, 0.9999956964082471, 0.029814310488772058], [-0.0021537624667157937, -0.9999936246384035, 0.00284815550568962, 0.03669353128428593], [0.0, 0.0, 0.0, 1.0]]}, "Hobj2base": {"type": "ndarray", "data": [[0.9999948275509438, -0.0022394972112776148, -0.002308576097705105, -0.7390124362666001], [-0.0022415876347081413, -0.9999970796501063, -0.0009033139735773269, 0.08586069814998057], [-0.0023065463867304086, 0.0009084841768662153, -0.9999969272454121, -0.0038816903535956035], [0.0, 0.0, 0.0, 1.0]]}, "mean_rme": {"type": "float", "data": 0.0013922897536000232}, "max_rme": {"type": "float", "data": 0.005310351670882452}, "simu": {"type": "float", "data": 0.002}}, {"type": "dict", "image_number": {"type": "int", "data": 18}, "Hcamera2end": {"type": "ndarray", "data": [[0.9999966385803305, -0.002080640131931819, -0.0015471795891946177, -0.019027020623205118], [0.001553225093202501, 0.0029071280034285163, 0.9999945680345377, 0.02976573585858366], [-0.002076130980856402, -0.9999936097512889, 0.002910349933814116, 0.036659664166480664], [0.0, 0.0, 0.0, 1.0]]}, "Hobj2base": {"type": "ndarray", "data": [[0.999994972649866, -0.00211259204509301, -0.0023646627338095244, -0.7390411010241795], [-0.0021167845207879007, -0.9999961898365644, -0.001771873484960473, 0.08522993257454989], [-0.0023609104782287994, 0.0017768700586038829, -0.9999956344077252, -0.004084654237691459], [0.0, 0.0, 0.0, 1.0]]}, "mean_rme": {"type": "float", "data": 0.0013608869255265013}, "max_rme": {"type": "float", "data": 0.0055931858162002746}, "simu": {"type": "float", "data": 0.002}}, {"type": "dict", "image_number": {"type": "int", "data": 19}, "Hcamera2end": {"type": "ndarray", "data": [[0.9999956925541157, -0.0025409712283547426, -0.0014691284597104864, -0.01896802422708892], [0.001477653941185715, 0.0033565892047986434, 0.9999932749012567, 0.02853836459851891], [-0.0025360228793440014, -0.999991138347799, 0.0033603294226223213, 0.03708565731760819], [0.0, 0.0, 0.0, 1.0]]}, "Hobj2base": {"type": "ndarray", "data": [[0.9999930443603572, -0.002550430865763734, -0.002721494681930117, -0.7397156617048852], [-0.002554967585687838, -0.9999953502414298, -0.0016648231606468192, 0.08529698490554073], [-0.002717236011261944, 0.001671764911433798, -0.9999949109023205, -0.0028229152841516485], [0.0, 0.0, 0.0, 1.0]]}, "mean_rme": {"type": "float", "data": 0.001323664382023245}, "max_rme": {"type": "float", "data": 0.005646534428130234}, "simu": {"type": "float", "data": 0.002}}, {"type": "dict", "image_number": {"type": "int", "data": 20}, "Hcamera2end": {"type": "ndarray", "data": [[0.9999949136479628, -0.002846121183465536, -0.0014395389582963236, -0.018913529952782906], [0.001450819902280524, 0.003965536842121087, 0.9999910847798422, 0.026666143488475007], [-0.0028403872648937955, -0.9999880869849217, 0.003969645881261918, 0.03622419498183399], [0.0, 0.0, 0.0, 1.0]]}, "Hobj2base": {"type": "ndarray", "data": [[0.9999905808499169, -0.0028280984092685737, -0.003292426283674873, -0.7393179680728045], [-0.002833572115279974, -0.9999946092156942, -0.0016590384622976297, 0.08538789053309323], [-0.003287716610878794, 0.0016683521628743955, -0.9999932037371795, -0.0007993362890558076], [0.0, 0.0, 0.0, 1.0]]}, "mean_rme": {"type": "float", "data": 0.0013734589207492292}, "max_rme": {"type": "float", "data": 0.005612733019668359}, "simu": {"type": "float", "data": 0.002}}, {"type": "dict", "image_number": {"type": "int", "data": 21}, "Hcamera2end": {"type": "ndarray", "data": [[0.9999947556841894, -0.002934053545022554, -0.0013711068205273862, -0.018783538348882984], [0.0013835731451919547, 0.0042510369481484345, 0.9999900071551803, 0.025834323241039056], [-0.002928195599726865, -0.9999866599183515, 0.004255074132059611, 0.03609620881751321], [0.0, 0.0, 0.0, 1.0]]}, "Hobj2base": {"type": "ndarray", "data": [[0.9999895809602352, -0.002874007191781035, -0.0035465551786050755, -0.7393990371701409], [-0.002879605013992363, -0.9999946147327241, -0.0015742873035622682, 0.08534512500004407], [-0.0035420115664251627, 0.001584483579074963, -0.9999924717545883, 9.567682407917484e-05], [0.0, 0.0, 0.0, 1.0]]}, "mean_rme": {"type": "float", "data": 0.0013982598260915175}, "max_rme": {"type": "float", "data": 0.005604385939103451}, "simu": {"type": "float", "data": 0.002}}, {"type": "dict", "image_number": {"type": "int", "data": 22}, "Hcamera2end": {"type": "ndarray", "data": [[0.9999952870422318, -0.0027819301970269158, -0.0012987523640627069, -0.018794680117545544], [0.0013101204065728061, 0.00408846970245369, 0.9999907839575386, 0.026701922596440462], [-0.0027765946489486343, -0.9999877725651805, 0.004092095097189441, 0.03625527878316612], [0.0, 0.0, 0.0, 1.0]]}, "Hobj2base": {"type": "ndarray", "data": [[0.9999907108819627, -0.0027270351111480496, -0.003337877962060331, -0.7393750850326992], [-0.0027319042015367377, -0.9999952097541918, -0.0014550491754961208, 0.08545432147140118], [-0.003333894002614391, 0.0014641544222013488, -0.9999933706793296, -0.0007892130320078996], [0.0, 0.0, 0.0, 1.0]]}, "mean_rme": {"type": "float", "data": 0.0014440989444159072}, "max_rme": {"type": "float", "data": 0.005588026071557117}, "simu": {"type": "float", "data": 0.002}}, {"type": "dict", "image_number": {"type": "int", "data": 23}, "Hcamera2end": {"type": "ndarray", "data": [[0.9999944833774239, -0.002977510703171339, -0.0014722923390122111, -0.01876173246434192], [0.0014848656212076193, 0.004224956870148344, 0.9999899724064897, 0.02619637805444562], [-0.0029712604742717593, -0.9999866419955107, 0.004229354765935889, 0.03588895275624927], [0.0, 0.0, 0.0, 1.0]]}, "Hobj2base": {"type": "ndarray", "data": [[0.9999900494628947, -0.0029184925301150846, -0.0033739259845379467, -0.7390671302256839], [-0.0029240829495133765, -0.9999943583115625, -0.001653204146601684, 0.08545136458092485], [-0.003369082085946119, 0.0016630533357767882, -0.9999929417448405, -0.00028562211509687395], [0.0, 0.0, 0.0, 1.0]]}, "mean_rme": {"type": "float", "data": 0.0014190133228471923}, "max_rme": {"type": "float", "data": 0.005623088246820285}, "simu": {"type": "float", "data": 0.002}}, {"type": "dict", "image_number": {"type": "int", "data": 24}, "Hcamera2end": {"type": "ndarray", "data": [[0.9999946210119973, -0.0029519130963435174, -0.0014297398866657898, -0.018755129257706428], [0.001442208672222551, 0.004226168738301506, 0.9999900297162674, 0.02596382164300453], [-0.002945841342919463, -0.9999867127651583, 0.004230403280457762, 0.03512992175081354], [0.0, 0.0, 0.0, 1.0]]}, "Hobj2base": {"type": "ndarray", "data": [[0.9999903807660058, -0.002918122654882673, -0.003274589383407988, -0.7383008870049029], [-0.0029233775257811578, -0.9999944451485914, -0.0016011045568998757, 0.08555786341201965], [-0.0032698989740702145, 0.00161066201651011, -0.9999933567422175, -8.708437334713215e-06], [0.0, 0.0, 0.0, 1.0]]}, "mean_rme": {"type": "float", "data": 0.0014280483935982533}, "max_rme": {"type": "float", "data": 0.005578132877721409}, "simu": {"type": "float", "data": 0.002}}, {"type": "dict", "image_number": {"type": "int", "data": 25}, "Hcamera2end": {"type": "ndarray", "data": [[0.999994953314504, -0.00279903127180233, -0.001502920311356831, -0.018772912520780345], [0.0015150702559990712, 0.00434371782815135, 0.999989418282788, 0.02564049509867933], [-0.0027924733914942135, -0.9999866486805555, 0.004347936635799021, 0.03554487435003917], [0.0, 0.0, 0.0, 1.0]]}, "Hobj2base": {"type": "ndarray", "data": [[0.9999904656692995, -0.002748952129799242, -0.0033929091773421453, -0.7388330450299516], [-0.002754686594016589, -0.9999947834979608, -0.0016866175130740158, 0.08543676089043112], [-0.003388255047419781, 0.001695947833730421, -0.9999928217185756, 0.0002914463030982062], [0.0, 0.0, 0.0, 1.0]]}, "mean_rme": {"type": "float", "data": 0.0014189570344409618}, "max_rme": {"type": "float", "data": 0.005626479012031782}, "simu": {"type": "float", "data": 0.002}}, {"type": "dict", "image_number": {"type": "int", "data": 26}, "Hcamera2end": {"type": "ndarray", "data": [[0.9999940030277515, -0.0030687380902176225, -0.0016052274190735578, -0.018847842314668455], [0.00161864433441992, 0.004374655328869825, 0.999989121131461, 0.025803368026921056], [-0.0030616823891364614, -0.99998572251672, 0.004379596289706744, 0.03580837809467066], [0.0, 0.0, 0.0, 1.0]]}, "Hobj2base": {"type": "ndarray", "data": [[0.9999896804851136, -0.0030145020922615166, -0.0033987792538075893, -0.7390418494578828], [-0.0030204431727261947, -0.9999939172766446, -0.0017442284114314293, 0.08548298920344878], [-0.003393500599778001, 0.0017544762314331388, -0.9999927029567925, 0.00010025784444598426], [0.0, 0.0, 0.0, 1.0]]}, "mean_rme": {"type": "float", "data": 0.0014284397890174415}, "max_rme": {"type": "float", "data": 0.005663164491389983}, "simu": {"type": "float", "data": 0.002}}, {"type": "dict", "image_number": {"type": "int", "data": 27}, "Hcamera2end": {"type": "ndarray", "data": [[0.9999947626464417, -0.002760351063844754, -0.0016897164528680841, -0.018896980513218736], [0.0017023195478120799, 0.004569806780977292, 0.9999881094163778, 0.025291760234145172], [-0.0027525965639553576, -0.9999857485624426, 0.004574481846858269, 0.0360106444066993], [0.0, 0.0, 0.0, 1.0]]}, "Hobj2base": {"type": "ndarray", "data": [[0.9999904234082994, -0.0026954606217112448, -0.0034478375435922927, -0.739379935382297], [-0.0027016567568226807, -0.9999947418059625, -0.0017937143570536751, 0.08536262007222618], [-0.0034429845277774425, 0.001803012052979723, -0.9999924474740187, 0.0005911074197856262], [0.0, 0.0, 0.0, 1.0]]}, "mean_rme": {"type": "float", "data": 0.0014028361732082502}, "max_rme": {"type": "float", "data": 0.005725004043235116}, "simu": {"type": "float", "data": 0.002}}, {"type": "dict", "image_number": {"type": "int", "data": 28}, "Hcamera2end": {"type": "ndarray", "data": [[0.9999931681667256, -0.0031266921907837177, -0.001971653067600892, -0.01893474150777458], [0.0019864226516484074, 0.0047276598833402295, 0.9999868515920979, 0.025161762930847487], [-0.003117329774647848, -0.999983936384966, 0.004733838516948641, 0.03642964222526928], [0.0, 0.0, 0.0, 1.0]]}, "Hobj2base": {"type": "ndarray", "data": [[0.9999891969393965, -0.0030129079642269518, -0.003539546595272936, -0.7398061315784662], [-0.0030198826492199558, -0.9999935059562195, -0.0019668132023609197, 0.08524735428502841], [-0.0035335977821408437, 0.001977480970107869, -0.9999918015942564, 0.0006634819012421578], [0.0, 0.0, 0.0, 1.0]]}, "mean_rme": {"type": "float", "data": 0.0013684467341525868}, "max_rme": {"type": "float", "data": 0.005820489666767181}, "simu": {"type": "float", "data": 0.002}}, {"type": "dict", "image_number": {"type": "int", "data": 29}, "Hcamera2end": {"type": "ndarray", "data": [[0.9999943506121534, -0.0026383949925193255, -0.00208269432254165, -0.019085901473309783], [0.0020952554394648745, 0.0047671090985345055, 0.9999864421958363, 0.02490062925228311], [-0.0026284307906222545, -0.9999851566611909, 0.00477261027874587, 0.03652942525435338], [0.0, 0.0, 0.0, 1.0]]}, "Hobj2base": {"type": "ndarray", "data": [[0.9999904989734034, -0.0025469296073167844, -0.00353767049045704, -0.740016670904001], [-0.0025543063883131474, -0.999994569845502, -0.0020822580012936913, 0.08515345444227623], [-0.003532347915806147, 0.002091274512038561, -0.999991574509064, 0.0009027417847213952], [0.0, 0.0, 0.0, 1.0]]}, "mean_rme": {"type": "float", "data": 0.0013916357677718396}, "max_rme": {"type": "float", "data": 0.00585161695870029}, "simu": {"type": "float", "data": 0.002}}, {"type": "dict", "image_number": {"type": "int", "data": 30}, "Hcamera2end": {"type": "ndarray", "data": [[0.9999936736281562, -0.003107931243381842, -0.001730163879817527, -0.0190768839709324], [0.0017451599673978496, 0.004828888681185695, 0.9999868180385142, 0.024945301148891284], [-0.0030995355059760454, -0.9999835111628045, 0.004834281969027687, 0.036319377300170444], [0.0, 0.0, 0.0, 1.0]]}, "Hobj2base": {"type": "ndarray", "data": [[0.9999893776797724, -0.0030134906648005707, -0.003487606863570592, -0.7397035763106045], [-0.0030192301720877927, -0.9999940946930621, -0.001641593180878842, 0.08543375989862664], [-0.0034826393424556043, 0.0016521056312212641, -0.999992570857501, 0.0009082251643655892], [0.0, 0.0, 0.0, 1.0]]}, "mean_rme": {"type": "float", "data": 0.001399758320711371}, "max_rme": {"type": "float", "data": 0.0058048118604658305}, "simu": {"type": "float", "data": 0.002}}]}