{"type": "list", "data": [{"type": "dict", "image_number": {"type": "int", "data": 5}, "Hcamera2end": {"type": "ndarray", "data": [[0.999998650639517, 0.0007896437890120057, 0.0014405491423979228, -0.01735005274386632], [-0.0014403291416016297, -0.00027910555142840465, 0.9999989237754482, 0.02953659097294945], [0.000790045004440722, -0.9999996492813271, -0.00027796782785349805, 0.03260756869368989], [0.0, 0.0, 0.0, 1.0]]}, "Hobj2base": {"type": "ndarray", "data": [[0.9999979076941561, 0.0008199131742883338, 0.0018741263822500513, -0.7351900099710256], [0.0008187139670875147, -0.9999994596995267, 0.0006405529598914416, 0.08947025707644458], [0.0018746505674693248, -0.000639017246213505, -0.9999980386691809, 0.0018222595204908988], [0.0, 0.0, 0.0, 1.0]]}, "mean_rme": {"type": "float", "data": 0.002233363709148731}, "max_rme": {"type": "float", "data": 0.004543874775594148}, "simu": {"type": "float", "data": 0.002}}, {"type": "dict", "image_number": {"type": "int", "data": 6}, "Hcamera2end": {"type": "ndarray", "data": [[0.9999987845687286, 0.0006147285599874916, 0.0014328188521211544, -0.017183755843067], [-0.001432465135114383, -0.0005754585194863715, 0.9999988084448549, 0.0294666025277313], [0.0006155523553198468, -0.9999996454780823, -0.0005745772428265017, 0.03279669516174118], [0.0, 0.0, 0.0, 1.0]]}, "Hobj2base": {"type": "ndarray", "data": [[0.9999978094830105, 0.0007132004322017773, 0.0019678349331564717, -0.7350442313463073], [0.0007122057644812473, -0.9999996183039661, 0.0005061174475561384, 0.08941187058643994], [0.001968195145224025, -0.0005047148355143292, -0.9999979357332718, 0.0020662581237814817], [0.0, 0.0, 0.0, 1.0]]}, "mean_rme": {"type": "float", "data": 0.0020543043394898094}, "max_rme": {"type": "float", "data": 0.004914397377218105}, "simu": {"type": "float", "data": 0.002}}, {"type": "dict", "image_number": {"type": "int", "data": 7}, "Hcamera2end": {"type": "ndarray", "data": [[0.999999235582258, 0.0003625879860081588, 0.0011821018788826319, -0.01700792748072221], [-0.0011819602732726696, -0.0003905073461687447, 0.9999992252366625, 0.029285336326312986], [0.00036304932455590364, -0.9999998580169727, -0.0003900784830628279, 0.03271694152663877], [0.0, 0.0, 0.0, 1.0]]}, "Hobj2base": {"type": "ndarray", "data": [[0.9999985042703735, 0.00041382690417569466, 0.0016793463934537732, -0.7350601957602853], [0.0004133288412130089, -0.9999998704995781, 0.00029691765919411764, 0.08913249634674911], [0.001679469048493406, -0.0002962230927867766, -0.99999854581674, 0.0022684450646715377], [0.0, 0.0, 0.0, 1.0]]}, "mean_rme": {"type": "float", "data": 0.001931176685557504}, "max_rme": {"type": "float", "data": 0.0049433004032509165}, "simu": {"type": "float", "data": 0.002}}, {"type": "dict", "image_number": {"type": "int", "data": 8}, "Hcamera2end": {"type": "ndarray", "data": [[0.9999993785563337, 0.0003998294180899901, 0.0010406840936796988, -0.017072862435397594], [-0.0010404845457813766, -0.0004989668508874612, 0.9999993342117741, 0.029368098153731644], [0.0004003484187532635, -0.9999997955842381, -0.0004985505244772259, 0.03262719371824634], [0.0, 0.0, 0.0, 1.0]]}, "Hobj2base": {"type": "ndarray", "data": [[0.9999989576959819, 0.00046759220904120244, 0.0013660031023890247, -0.7352793447106335], [0.00046721492016383264, -0.9999998526275382, 0.0002765051898365909, 0.08916305969715699], [0.001366132192750312, -0.0002758666846036943, -0.9999990287897302, 0.00230828617412044], [0.0, 0.0, 0.0, 1.0]]}, "mean_rme": {"type": "float", "data": 0.0018859656614813765}, "max_rme": {"type": "float", "data": 0.004976196122709553}, "simu": {"type": "float", "data": 0.002}}, {"type": "dict", "image_number": {"type": "int", "data": 9}, "Hcamera2end": {"type": "ndarray", "data": [[0.999999442399262, 0.0003733267548057694, 0.0009878402195424335, -0.017063941549628682], [-0.000987628794358801, -0.0005660880951907643, 0.9999993520666066, 0.029364215003674775], [0.00037388571750313207, -0.9999997700856749, -0.0005657190712868854, 0.032656699054962456], [0.0, 0.0, 0.0, 1.0]]}, "Hobj2base": {"type": "ndarray", "data": [[0.9999990434850534, 0.0004992140879275604, 0.001289889248200578, -0.7353102445123133], [0.0004988625956072301, -0.99999983835664, 0.0002728054332631536, 0.08914988128565185], [0.001290025228014094, -0.000272161694822276, -0.9999991308810838, 0.0023477796477464866], [0.0, 0.0, 0.0, 1.0]]}, "mean_rme": {"type": "float", "data": 0.00169375848735706}, "max_rme": {"type": "float", "data": 0.005032324049816017}, "simu": {"type": "float", "data": 0.002}}, {"type": "dict", "image_number": {"type": "int", "data": 10}, "Hcamera2end": {"type": "ndarray", "data": [[0.9999994749791072, 0.0005634997922288666, 0.000855867684938529, -0.01698956335425955], [-0.0008554394059011915, -0.0007598369088017698, 0.999999345435433, 0.029351165523502844], [0.0005641497432379362, -0.9999995525578278, -0.000759354469944018, 0.032546152319650225], [0.0, 0.0, 0.0, 1.0]]}, "Hobj2base": {"type": "ndarray", "data": [[0.9999988371779553, 0.000787071556809694, 0.0013062010188749703, -0.735291975724141], [0.0007867355457784176, -0.9999996573093886, 0.00025773685505880376, 0.08892278259040388], [0.001306403428599903, -0.000256708920585226, -0.9999991137049131, 0.0023428708090358795], [0.0, 0.0, 0.0, 1.0]]}, "mean_rme": {"type": "float", "data": 0.0016339877119512115}, "max_rme": {"type": "float", "data": 0.004983862718579868}, "simu": {"type": "float", "data": 0.002}}, {"type": "dict", "image_number": {"type": "int", "data": 11}, "Hcamera2end": {"type": "ndarray", "data": [[0.9999995841015554, 0.0004398911998830958, 0.0007989320674391465, -0.01710679893938541], [-0.0007981689393101463, -0.0017322622165441004, 0.9999981810953245, 0.029226564546916467], [0.00044127435959694593, -0.9999984028803972, -0.00173191038860665, 0.0323855386044246], [0.0, 0.0, 0.0, 1.0]]}, "Hobj2base": {"type": "ndarray", "data": [[0.9999968761644973, 0.0012101798124629375, 0.002187035909285984, -0.7346939373094792], [0.0012096516977464658, -0.9999992388996064, 0.00024278174802963462, 0.0887335509296126], [0.0021873280543023934, -0.00024013543791869045, -0.9999975789625462, 0.0020038200076542053], [0.0, 0.0, 0.0, 1.0]]}, "mean_rme": {"type": "float", "data": 0.001641770869887386}, "max_rme": {"type": "float", "data": 0.004632606787987492}, "simu": {"type": "float", "data": 0.002}}, {"type": "dict", "image_number": {"type": "int", "data": 12}, "Hcamera2end": {"type": "ndarray", "data": [[0.9999997527978001, 0.0005545814232228776, 0.0004322543044356077, -0.017036357784388105], [-0.00043119190192020555, -0.001914375073322816, 0.9999980746189577, 0.029338417337622553], [0.0005554078523080667, -0.9999980138017895, -0.0019141354690663803, 0.032607935151959686], [0.0, 0.0, 0.0, 1.0]]}, "Hobj2base": {"type": "ndarray", "data": [[0.9999965709036855, 0.0013933499569319127, 0.0022173760997316267, -0.7347205512847305], [0.0013932085858091969, -0.9999990273524395, 6.529940082031811e-05, 0.08876850317410473], [0.002217464927923493, -6.220990948226921e-05, -0.9999975394865834, 0.0021928002067013222], [0.0, 0.0, 0.0, 1.0]]}, "mean_rme": {"type": "float", "data": 0.0016536042299769153}, "max_rme": {"type": "float", "data": 0.0049553114542313925}, "simu": {"type": "float", "data": 0.002}}, {"type": "dict", "image_number": {"type": "int", "data": 13}, "Hcamera2end": {"type": "ndarray", "data": [[0.9999996360281602, 0.0006395163338738354, 0.0005647675680252508, -0.01702566936309157], [-0.0005634636925011161, -0.0020371942766728157, 0.9999977661715784, 0.029274203499808454], [0.0006406654465613039, -0.9999977204265709, -0.0020368331909565995, 0.032590821367712096], [0.0, 0.0, 0.0, 1.0]]}, "Hobj2base": {"type": "ndarray", "data": [[0.9999963718081939, 0.001496575831662948, 0.002239783745905032, -0.7346154645359324], [0.001496093884033168, -0.9999988573419742, 0.00021683596546042853, 0.08879712101409108], [0.0022401056980635024, -0.00021348425197415, -0.9999974681722628, 0.002147354177993751], [0.0, 0.0, 0.0, 1.0]]}, "mean_rme": {"type": "float", "data": 0.001578536861726179}, "max_rme": {"type": "float", "data": 0.004870043623442399}, "simu": {"type": "float", "data": 0.002}}, {"type": "dict", "image_number": {"type": "int", "data": 14}, "Hcamera2end": {"type": "ndarray", "data": [[0.9999997861052896, 0.00047806610039655205, 0.0004463655213456737, -0.01697294922420845], [-0.0004454193558764319, -0.001977433168063758, 0.9999979456777214, 0.029287392295992656], [0.0004789477762817004, -0.9999979306032935, -0.001977219805206598, 0.032561142520216635], [0.0, 0.0, 0.0, 1.0]]}, "Hobj2base": {"type": "ndarray", "data": [[0.9999968811277132, 0.001317379765187123, 0.002121849523511262, -0.7347248568074712], [0.0013171929477301288, -0.9999991285012624, 8.943966886900148e-05, 0.08875920429025634], [0.002121965500332054, -8.664450468958333e-05, -0.9999977448750299, 0.002191057714340024], [0.0, 0.0, 0.0, 1.0]]}, "mean_rme": {"type": "float", "data": 0.0015451252657346889}, "max_rme": {"type": "float", "data": 0.00496021930628654}, "simu": {"type": "float", "data": 0.002}}, {"type": "dict", "image_number": {"type": "int", "data": 15}, "Hcamera2end": {"type": "ndarray", "data": [[0.9999998134017225, 0.0005965427177706556, -0.00013165601440148447, -0.01689522658875616], [0.00013282793389386997, -0.0019649054224495366, 0.9999980607498303, 0.02930724240464808], [0.0005962828693084933, -0.999997891639511, -0.0019649842933382455, 0.03257753276610416], [0.0, 0.0, 0.0, 1.0]]}, "Hobj2base": {"type": "ndarray", "data": [[0.9999967406379547, 0.0013939732205170542, 0.0021390540263107717, -0.7347227244660974], [0.0013943868665481105, -0.9999990094295541, -0.00019189886886992964, 0.08860157025610461], [0.00213878440554282, 0.0001948809122431645, -0.9999976938086885, 0.0023107023065020477], [0.0, 0.0, 0.0, 1.0]]}, "mean_rme": {"type": "float", "data": 0.0014781772456033773}, "max_rme": {"type": "float", "data": 0.0050029397791633845}, "simu": {"type": "float", "data": 0.002}}, {"type": "dict", "image_number": {"type": "int", "data": 16}, "Hcamera2end": {"type": "ndarray", "data": [[0.9999998403409689, 0.0004474993687900048, 0.0003450541284907567, -0.01673047349017966], [-0.00034410282576729807, -0.002124156703392943, 0.9999976847730921, 0.029203798514644132], [0.00044823128176749204, -0.9999976438485313, -0.0021240023784547812, 0.03247770637331098], [0.0, 0.0, 0.0, 1.0]]}, "Hobj2base": {"type": "ndarray", "data": [[0.9999971607949679, 0.0013264544941108593, 0.001979626348123177, -0.734701567541496], [0.0013260771366380994, -0.999999102342485, 0.00019192095324151005, 0.08865606990306657], [0.0019798791455076497, -0.0001892952710992413, -0.999998022120979, 0.0022642466806783307], [0.0, 0.0, 0.0, 1.0]]}, "mean_rme": {"type": "float", "data": 0.001558106848736455}, "max_rme": {"type": "float", "data": 0.0051542809386470045}, "simu": {"type": "float", "data": 0.002}}, {"type": "dict", "image_number": {"type": "int", "data": 17}, "Hcamera2end": {"type": "ndarray", "data": [[0.9999997975446059, 0.0003234048702285933, 0.0005480146321686455, -0.016827516569512146], [-0.0005473353396497338, -0.002096803753081744, 0.9999976519162667, 0.02925724454835661], [0.0003245531899843532, -0.9999977494091229, -0.002096626317658057, 0.03258313859147989], [0.0, 0.0, 0.0, 1.0]]}, "Hobj2base": {"type": "ndarray", "data": [[0.9999973649744751, 0.0011767305520997318, 0.0019711289440665276, -0.7347570172104148], [0.0011759710624034822, -0.9999992338848909, 0.00038642165001582883, 0.08892910923384108], [0.001971582148116428, -0.0003841026411864295, -0.9999979826624621, 0.00224211043887108], [0.0, 0.0, 0.0, 1.0]]}, "mean_rme": {"type": "float", "data": 0.0015772202962470688}, "max_rme": {"type": "float", "data": 0.005424117635197595}, "simu": {"type": "float", "data": 0.002}}, {"type": "dict", "image_number": {"type": "int", "data": 18}, "Hcamera2end": {"type": "ndarray", "data": [[0.9999999370309248, -0.00023537496304892283, 0.00026558759995746453, -0.016847335404356924], [-0.00026600032358710553, -0.0017551797473076558, 0.9999984242926999, 0.029128943450385792], [-0.00023490843819029395, -0.9999984319701115, -0.0017552422466018403, 0.03267566943195238], [0.0, 0.0, 0.0, 1.0]]}, "Hobj2base": {"type": "ndarray", "data": [[0.9999979397453584, 0.000548574736612915, 0.0019543722257787588, -0.7347086442815679], [0.000548433629594027, -0.9999998469650113, 7.273587846542418e-05, 0.08890502622985975], [0.0019544118277567985, -7.166388515763136e-05, -0.999998087567519, 0.0023399490654705535], [0.0, 0.0, 0.0, 1.0]]}, "mean_rme": {"type": "float", "data": 0.001602558690372473}, "max_rme": {"type": "float", "data": 0.005341642741862551}, "simu": {"type": "float", "data": 0.002}}, {"type": "dict", "image_number": {"type": "int", "data": 19}, "Hcamera2end": {"type": "ndarray", "data": [[0.9999998324087551, -0.00011607156147589123, 0.0005671947234485444, -0.016981557642022735], [-0.0005674071863892008, -0.0018386753493915275, 0.9999981486593085, 0.02923012773470516], [-0.00011502845963157654, -0.9999983028987359, -0.001838740901083602, 0.03271916375165903], [0.0, 0.0, 0.0, 1.0]]}, "Hobj2base": {"type": "ndarray", "data": [[0.9999977891307759, 0.0007057538324453153, 0.001980819297263762, -0.7347613255012192], [0.0007050425999467992, -0.999999686752755, 0.0003597350758055525, 0.08915385749415553], [0.0019810725611859887, -0.0003583377184909769, -0.9999979734707403, 0.0022499448136565348], [0.0, 0.0, 0.0, 1.0]]}, "mean_rme": {"type": "float", "data": 0.001652067990843401}, "max_rme": {"type": "float", "data": 0.00579924152566888}, "simu": {"type": "float", "data": 0.002}}, {"type": "dict", "image_number": {"type": "int", "data": 20}, "Hcamera2end": {"type": "ndarray", "data": [[0.9999987201307194, -0.0003004410281952683, 0.001571455411927949, -0.016847778401903768], [-0.0015719699726628612, -0.0017201892823175413, 0.9999972849259333, 0.029280286914803725], [-0.00029773701171838577, -0.9999984753408486, -0.001720659364975008, 0.03281566627564278], [0.0, 0.0, 0.0, 1.0]]}, "Hobj2base": {"type": "ndarray", "data": [[0.9999979439024362, 0.00048712569879626, 0.001968476429537373, -0.7348467341203994], [0.0004845013033526597, -0.9999989935595825, 0.0013334685257953257, 0.08961712448987658], [0.0019691240151705845, -0.0013325120546582086, -0.999997173477124, 0.002212780291817096], [0.0, 0.0, 0.0, 1.0]]}, "mean_rme": {"type": "float", "data": 0.0016701305740105716}, "max_rme": {"type": "float", "data": 0.005873537333052098}, "simu": {"type": "float", "data": 0.002}}, {"type": "dict", "image_number": {"type": "int", "data": 21}, "Hcamera2end": {"type": "ndarray", "data": [[0.9999987191247987, -0.00030950801998471495, 0.0015703354888803645, -0.01691901288088203], [-0.0015709003615365274, -0.0018333521898574734, 0.9999970855416539, 0.028480510839548584], [-0.00030662813992913315, -0.9999982715107728, -0.0018338360478227234, 0.032110395257376], [0.0, 0.0, 0.0, 1.0]]}, "Hobj2base": {"type": "ndarray", "data": [[0.9999977107913248, 0.0005291148036780256, 0.0020732702752847528, -0.7341991536793567], [0.0005263003647761855, -0.9999989396953974, 0.0013577982204719733, 0.09010703495052971], [0.002073986508125596, -0.0013567039492863458, -0.9999969289624637, 0.0028860861804075534], [0.0, 0.0, 0.0, 1.0]]}, "mean_rme": {"type": "float", "data": 0.001703176113202419}, "max_rme": {"type": "float", "data": 0.0057603759204852}, "simu": {"type": "float", "data": 0.002}}, {"type": "dict", "image_number": {"type": "int", "data": 22}, "Hcamera2end": {"type": "ndarray", "data": [[0.9999987381350905, -0.0004569732339741578, 0.0015214807557432652, -0.016889707801413384], [-0.0015224862423225693, -0.0022080897147123135, 0.9999964031812584, 0.02890826267255043], [-0.0004536120243163761, -0.9999974577544061, -0.0022087826638632624, 0.031209592639183853], [0.0, 0.0, 0.0, 1.0]]}, "Hobj2base": {"type": "ndarray", "data": [[0.9999967787271179, 0.0005732973753647505, 0.0024726232036256157, -0.7330815601517671], [0.0005700363284003118, -0.999998967167518, 0.00131936442320472, 0.08991492415847634], [0.0024733770379810286, -0.0013179506881193697, -0.9999960726982937, 0.0025000778498079053], [0.0, 0.0, 0.0, 1.0]]}, "mean_rme": {"type": "float", "data": 0.001684392914549744}, "max_rme": {"type": "float", "data": 0.005779662455689588}, "simu": {"type": "float", "data": 0.002}}, {"type": "dict", "image_number": {"type": "int", "data": 23}, "Hcamera2end": {"type": "ndarray", "data": [[0.99999888155033, -0.00041751209048491176, 0.0014361691207316761, -0.016930013737647402], [-0.0014371293840206244, -0.002308835992011149, 0.9999963019609102, 0.029425564177590624], [-0.0004141946675523207, -0.99999724747622, -0.0023094334285875817, 0.031561503809731446], [0.0, 0.0, 0.0, 1.0]]}, "Hobj2base": {"type": "ndarray", "data": [[0.9999963445495066, 0.0006868245390628383, 0.002615178708446144, -0.7332948900214804], [0.0006836459730244516, -0.9999990268278132, 0.0012161297671878656, 0.08960647946781311], [0.0026160114311937497, -0.0012143374652929394, -0.9999958409257075, 0.002003627739043211], [0.0, 0.0, 0.0, 1.0]]}, "mean_rme": {"type": "float", "data": 0.0016758595081101156}, "max_rme": {"type": "float", "data": 0.0058210755633303635}, "simu": {"type": "float", "data": 0.002}}, {"type": "dict", "image_number": {"type": "int", "data": 24}, "Hcamera2end": {"type": "ndarray", "data": [[0.9999988898405338, -0.0002717546992600337, 0.001465082620020226, -0.016936388065357744], [-0.0014656420718327675, -0.0020700183809854167, 0.9999967834534368, 0.028792620585037062], [-0.00026872107719528584, -0.999997820584268, -0.0020704143780554407, 0.031264712583660384], [0.0, 0.0, 0.0, 1.0]]}, "Hobj2base": {"type": "ndarray", "data": [[0.999997040930324, 0.0006928526986207052, 0.002331970354399128, -0.7331944247360975], [0.000689987216778332, -0.9999990062932154, 0.0012293617132772472, 0.08993028269479365], [0.002332819803684991, -0.001227749045775839, -0.999996525285985, 0.0026285677363401864], [0.0, 0.0, 0.0, 1.0]]}, "mean_rme": {"type": "float", "data": 0.0016698994689180306}, "max_rme": {"type": "float", "data": 0.005828051397182565}, "simu": {"type": "float", "data": 0.002}}, {"type": "dict", "image_number": {"type": "int", "data": 25}, "Hcamera2end": {"type": "ndarray", "data": [[0.9999989477129316, -2.2292201939630202e-05, 0.0014505433765552825, -0.016850653697035565], [-0.0014505866728305949, -0.002083424685903168, 0.999996777564749, 0.02923953175802432], [-1.9270032225763667e-05, -0.999997829419962, -0.0020834548303134692, 0.031234331231918953], [0.0, 0.0, 0.0, 1.0]]}, "Hobj2base": {"type": "ndarray", "data": [[0.9999970673672901, 0.0009276228902972335, 0.002237134907179069, -0.7331148005824424], [0.0009248723995141176, -0.999998815619209, 0.0012301915394566433, 0.08958323997917005], [0.002238273411390908, -0.0012281188674270558, -0.9999967409227808, 0.0023138776910866343], [0.0, 0.0, 0.0, 1.0]]}, "mean_rme": {"type": "float", "data": 0.0017077552707138025}, "max_rme": {"type": "float", "data": 0.0057872009931287105}, "simu": {"type": "float", "data": 0.002}}, {"type": "dict", "image_number": {"type": "int", "data": 26}, "Hcamera2end": {"type": "ndarray", "data": [[0.9999989461396156, -2.4596084753316988e-05, 0.0014515904005226415, -0.01689729493621831], [-0.0014516383343302886, -0.0020759985407505788, 0.9999967914829554, 0.029291857841592044], [-2.1582506283107476e-05, -0.9999978448102235, -0.0020760320575574642, 0.031421433150957266], [0.0, 0.0, 0.0, 1.0]]}, "Hobj2base": {"type": "ndarray", "data": [[0.9999970898453571, 0.0009104369867705214, 0.0022341453198215485, -0.7332994576390208], [0.0009076726029154729, -0.9999988216978393, 0.0012380360974194571, 0.08959911187815808], [0.0022352698411773394, -0.0012360046220452263, -0.9999967379253349, 0.0022322329245505522], [0.0, 0.0, 0.0, 1.0]]}, "mean_rme": {"type": "float", "data": 0.001691668499601017}, "max_rme": {"type": "float", "data": 0.005758611844198597}, "simu": {"type": "float", "data": 0.002}}, {"type": "dict", "image_number": {"type": "int", "data": 27}, "Hcamera2end": {"type": "ndarray", "data": [[0.999999182025796, -8.603232160263406e-05, 0.0012761450460414552, -0.016878054303031742], [-0.001276325483109386, -0.0021309425040230145, 0.9999969150338944, 0.029317997908774072], [-8.331266447592978e-05, -0.9999977258386562, -0.0021310505662115453, 0.031215670294082527], [0.0, 0.0, 0.0, 1.0]]}, "Hobj2base": {"type": "ndarray", "data": [[0.9999969477103755, 0.0008778762997360505, 0.002309524439125026, -0.733064333437354], [0.0008753978321747601, -0.9999990401623964, 0.0010739426993319643, 0.08952073726419728], [0.002310465011199641, -0.0010719176686604412, -0.9999967563667114, 0.0022383954976585583], [0.0, 0.0, 0.0, 1.0]]}, "mean_rme": {"type": "float", "data": 0.0016447648119798527}, "max_rme": {"type": "float", "data": 0.005739156230126802}, "simu": {"type": "float", "data": 0.002}}, {"type": "dict", "image_number": {"type": "int", "data": 28}, "Hcamera2end": {"type": "ndarray", "data": [[0.9999991099209249, -0.00019979718877664095, 0.001319180973716788, -0.016928501191862122], [-0.0013196279335767206, -0.002253705897485192, 0.9999965896901073, 0.02942692854395741], [-0.0001968234614659959, -0.9999974404421299, -0.0022539675494601674, 0.031089128237160875], [0.0, 0.0, 0.0, 1.0]]}, "Hobj2base": {"type": "ndarray", "data": [[0.9999966523324422, 0.0008205842706823896, 0.0024539693077916115, -0.7328746053086526], [0.0008177529179549997, -0.9999989991285092, 0.0011545657820190762, 0.08958993755901631], [0.0024549142702038848, -0.0011525551763546455, -0.9999963224994837, 0.002075735525655459], [0.0, 0.0, 0.0, 1.0]]}, "mean_rme": {"type": "float", "data": 0.0016553684466848676}, "max_rme": {"type": "float", "data": 0.005875158317707602}, "simu": {"type": "float", "data": 0.002}}, {"type": "dict", "image_number": {"type": "int", "data": 29}, "Hcamera2end": {"type": "ndarray", "data": [[0.999999059829659, -0.000329241469508625, 0.0013311423112868977, -0.01685573486414413], [-0.0013319852447685593, -0.00257339913765664, 0.9999958017072802, 0.029779297873242728], [-0.00032581452678059626, -0.9999966346028036, -0.0025738352630024774, 0.03129318551921628], [0.0, 0.0, 0.0, 1.0]]}, "Hobj2base": {"type": "ndarray", "data": [[0.9999958317138297, 0.0008498439149231202, 0.0027594057850219593, -0.732902741833418], [0.0008464223028638099, -0.999998871851951, 0.001240912611882454, 0.08939802426003969], [0.002760457254035866, -0.0012385718168044814, -0.9999954228973267, 0.0017127447512320917], [0.0, 0.0, 0.0, 1.0]]}, "mean_rme": {"type": "float", "data": 0.001645057251502064}, "max_rme": {"type": "float", "data": 0.005793093280992506}, "simu": {"type": "float", "data": 0.002}}, {"type": "dict", "image_number": {"type": "int", "data": 30}, "Hcamera2end": {"type": "ndarray", "data": [[0.999999508678291, -0.0007579301561073411, 0.0006388936179360244, -0.016789861574726773], [-0.0006408119286335396, -0.002533448952173556, 0.99999658549241, 0.029575986127656363], [-0.0007563089637821598, -0.99999650358303, -0.002533933398120247, 0.030748885428893043], [0.0, 0.0, 0.0, 1.0]]}, "Hobj2base": {"type": "ndarray", "data": [[0.9999957994331032, 0.0004912745218405268, 0.00285653032416948, -0.7323904298852084], [0.000489661166599253, -0.9999997202392645, 0.000565467358344659, 0.08925254479850855], [0.002856807324730545, -0.0005640662510902334, -0.9999957602315985, 0.0020366643353387005], [0.0, 0.0, 0.0, 1.0]]}, "mean_rme": {"type": "float", "data": 0.0016805440051150184}, "max_rme": {"type": "float", "data": 0.005771861949761065}, "simu": {"type": "float", "data": 0.002}}]}