{"type": "list", "data": [{"type": "dict", "image_number": {"type": "int", "data": 5}, "Hcamera2end": {"type": "ndarray", "data": [[0.9999636191401543, -0.008295833780700753, -0.001984826946457977, -0.013154481069428275], [0.001987218860002234, 0.00028009405873907767, 0.9999979862522327, 0.01573543213570921], [-0.008295261136748671, -0.9999655497511907, 0.0002965695060247464, 0.028858279984831793], [0.0, 0.0, 0.0, 1.0]]}, "Hobj2base": {"type": "ndarray", "data": [[0.999964715260803, -0.008189542599346037, 0.0018707285732508852, -0.7289821143049964], [-0.008195817917428789, -0.9999607289594834, 0.0033718107129261533, 0.09094759223234879], [0.0018430415203228485, -0.003387023890223821, -0.9999925656059261, 0.007077290500850886], [0.0, 0.0, 0.0, 1.0]]}, "mean_rme": {"type": "float", "data": 0.0015076571718018214}, "max_rme": {"type": "float", "data": 0.005312201156410623}, "simu": {"type": "float", "data": 0.002}}, {"type": "dict", "image_number": {"type": "int", "data": 6}, "Hcamera2end": {"type": "ndarray", "data": [[0.999963495611106, -0.008488130931688065, -0.000979325535371649, -0.013037041831941949], [0.0009713014233083696, -0.0009494040048940722, 0.9999990776023646, 0.015978967295170662], [-0.008489052877841545, -0.9999635244674285, -0.000941124813826022, 0.029094732797836358], [0.0, 0.0, 0.0, 1.0]]}, "Hobj2base": {"type": "ndarray", "data": [[0.9999605895568887, -0.008460660631771793, 0.0026900845179138066, -0.7281449126030092], [-0.008469257040898525, -0.9999590136547301, 0.003200421196607868, 0.09150001254140328], [0.0026628965835577205, -0.0032230780838343204, -0.9999912603365351, 0.006970810334687143], [0.0, 0.0, 0.0, 1.0]]}, "mean_rme": {"type": "float", "data": 0.0014413211309284245}, "max_rme": {"type": "float", "data": 0.005696401628781128}, "simu": {"type": "float", "data": 0.002}}, {"type": "dict", "image_number": {"type": "int", "data": 7}, "Hcamera2end": {"type": "ndarray", "data": [[0.9999630259505573, -0.008588474177979089, -0.00042993383132962446, -0.01296616424443953], [0.00041248967691584655, -0.002032780282411828, 0.9999978488259813, 0.016068873298514388], [-0.008589329663691643, -0.9999610521993434, -0.0020291624653543394, 0.029481192370821224], [0.0, 0.0, 0.0, 1.0]]}, "Hobj2base": {"type": "ndarray", "data": [[0.9999557501199239, -0.00867866249101461, 0.0036302368335181375, -0.7273445972074983], [-0.008689807410062507, -0.9999575437660821, 0.003065601487533727, 0.09175358754709041], [0.0036034773866916985, -0.00309701189397173, -0.999988711670313, 0.006854260817909915], [0.0, 0.0, 0.0, 1.0]]}, "mean_rme": {"type": "float", "data": 0.0014390937207508126}, "max_rme": {"type": "float", "data": 0.006278341945004873}, "simu": {"type": "float", "data": 0.002}}, {"type": "dict", "image_number": {"type": "int", "data": 8}, "Hcamera2end": {"type": "ndarray", "data": [[0.9999588628434871, -0.009060710549386092, 0.00041969643845104, -0.013014783537083324], [-0.0004315547014941065, -0.0013068409495269329, 0.999999052963188, 0.01645792694272742], [-0.009060153492067518, -0.9999580969676046, -0.0013106973820427026, 0.02954436196343733], [0.0, 0.0, 0.0, 1.0]]}, "Hobj2base": {"type": "ndarray", "data": [[0.9999548763601702, -0.00907319058481504, 0.002814685795654811, -0.7280699891630016], [-0.009082463227328296, -0.9999533107250373, 0.0032992774604387763, 0.0924695689059745], [0.0027846194068250193, -0.003324692865266471, -0.9999905961118387, 0.006947197499233289], [0.0, 0.0, 0.0, 1.0]]}, "mean_rme": {"type": "float", "data": 0.0015342569716431395}, "max_rme": {"type": "float", "data": 0.0061425305785531015}, "simu": {"type": "float", "data": 0.002}}, {"type": "dict", "image_number": {"type": "int", "data": 9}, "Hcamera2end": {"type": "ndarray", "data": [[0.9999570827647238, -0.009231741883168955, 0.0007794680659402769, -0.012782350017084316], [-0.0007879710508220204, -0.0009174582095177186, 0.999999268685761, 0.01668711148547425], [-0.009231020002488512, -0.9999569656801418, -0.0009246931801003555, 0.02992395171215344], [0.0, 0.0, 0.0, 1.0]]}, "Hobj2base": {"type": "ndarray", "data": [[0.9999541671167057, -0.009279768465366867, 0.0023557510829187345, -0.7285235619474199], [-0.009286815666355586, -0.9999523812349527, 0.0029983857868368592, 0.09264838646396174], [0.002327814579089714, -0.0030201257882339033, -0.999992730033328, 0.007160194233742694], [0.0, 0.0, 0.0, 1.0]]}, "mean_rme": {"type": "float", "data": 0.0015644835179298151}, "max_rme": {"type": "float", "data": 0.006344976708732436}, "simu": {"type": "float", "data": 0.002}}, {"type": "dict", "image_number": {"type": "int", "data": 10}, "Hcamera2end": {"type": "ndarray", "data": [[0.9999571570175176, -0.009163071326532397, 0.0013123464894901522, -0.012771699849459162], [-0.0013211407302436131, -0.0009537611377210542, 0.9999986724625506, 0.017073992645407054], [-0.009161807497131158, -0.9999575633313432, -0.0009658259824929516, 0.029985335433465734], [0.0, 0.0, 0.0, 1.0]]}, "Hobj2base": {"type": "ndarray", "data": [[0.9999536480608916, -0.009311821249065008, 0.0024477979369411174, -0.7286030264423984], [-0.009319536878785608, -0.9999515798024734, 0.0031597915915195026, 0.09338815857575623], [0.0024182559995969783, -0.0031824574721971955, -0.9999920119692745, 0.00713068874259819], [0.0, 0.0, 0.0, 1.0]]}, "mean_rme": {"type": "float", "data": 0.0016682516588762402}, "max_rme": {"type": "float", "data": 0.0062861666763913415}, "simu": {"type": "float", "data": 0.002}}, {"type": "dict", "image_number": {"type": "int", "data": 11}, "Hcamera2end": {"type": "ndarray", "data": [[0.9999539465450601, -0.00958930712570424, 0.0003872696838349123, -0.012467029686329076], [-0.000394942729183609, -0.0007982860878463782, 0.999999603379703, 0.017513318568625744], [-0.00958899417038955, -0.9999537028923746, -0.0008020365511411942, 0.030104523054370225], [0.0, 0.0, 0.0, 1.0]]}, "Hobj2base": {"type": "ndarray", "data": [[0.9999511318066573, -0.009640589565099892, 0.0021892992994214083, -0.7290159772147388], [-0.009645059922124603, -0.9999514031688213, 0.002040617505505985, 0.09338853026805329], [0.0021695201505830134, -0.0020616337071455723, -0.9999955214143579, 0.007064381281922171], [0.0, 0.0, 0.0, 1.0]]}, "mean_rme": {"type": "float", "data": 0.0018328487044432442}, "max_rme": {"type": "float", "data": 0.0061927170261792674}, "simu": {"type": "float", "data": 0.002}}, {"type": "dict", "image_number": {"type": "int", "data": 12}, "Hcamera2end": {"type": "ndarray", "data": [[0.999954127201562, -0.009490450406167222, 0.0012941575061092055, -0.01239004177629645], [-0.001302161861026165, -0.0008372808033343393, 0.999998801666954, 0.017783723136525396], [-0.009489355460210524, -0.9999546141260335, -0.0008496004974836158, 0.03014599565563511], [0.0, 0.0, 0.0, 1.0]]}, "Hobj2base": {"type": "ndarray", "data": [[0.9999517297226593, -0.009578696847942924, 0.002187873706776911, -0.7291521838947584], [-0.009584472793145999, -0.9999505698876268, 0.002644931509000434, 0.0941178430754584], [0.00216243056282544, -0.0026657734534403905, -0.9999941087556243, 0.007240389835018415], [0.0, 0.0, 0.0, 1.0]]}, "mean_rme": {"type": "float", "data": 0.0018920934237284593}, "max_rme": {"type": "float", "data": 0.006046309407700845}, "simu": {"type": "float", "data": 0.002}}, {"type": "dict", "image_number": {"type": "int", "data": 13}, "Hcamera2end": {"type": "ndarray", "data": [[0.9999524421390339, -0.009605284970529485, 0.0016887749456331088, -0.012314411136498372], [-0.0016993417172778795, -0.0010920446397602035, 0.9999979598360352, 0.017872760130219306], [-0.009603421156546077, -0.9999532718778111, -0.0011083153659097178, 0.0301829920042522], [0.0, 0.0, 0.0, 1.0]]}, "Hobj2base": {"type": "ndarray", "data": [[0.9999508267061185, -0.009677154003169567, 0.0021672240653066548, -0.7291302853325222], [-0.009683734207269404, -0.9999484704072252, 0.003046608286835056, 0.09446482081522273], [0.0021376298915540826, -0.003067445296886453, -0.999993010634473, 0.00739481598151056], [0.0, 0.0, 0.0, 1.0]]}, "mean_rme": {"type": "float", "data": 0.001863685495554789}, "max_rme": {"type": "float", "data": 0.00597798711213246}, "simu": {"type": "float", "data": 0.002}}, {"type": "dict", "image_number": {"type": "int", "data": 14}, "Hcamera2end": {"type": "ndarray", "data": [[0.9999563301373909, -0.009044183286021797, 0.0023538408718729656, -0.01233402909745088], [-0.0023632546761509715, -0.001030322300441533, 0.9999966767261247, 0.0180417388907716], [-0.009041728014981775, -0.9999585697340899, -0.0010516510148508296, 0.030100692099010506], [0.0, 0.0, 0.0, 1.0]]}, "Hobj2base": {"type": "ndarray", "data": [[0.9999563101799768, -0.009167973690202386, 0.0018237296022023766, -0.7295226692499602], [-0.009174723968623956, -0.999950961710514, 0.003728084537438334, 0.09488409559636898], [0.0017894611886681141, -0.003744653873789477, -0.9999913876609241, 0.00756697074259134], [0.0, 0.0, 0.0, 1.0]]}, "mean_rme": {"type": "float", "data": 0.0019353642935341455}, "max_rme": {"type": "float", "data": 0.005401402538491418}, "simu": {"type": "float", "data": 0.002}}, {"type": "dict", "image_number": {"type": "int", "data": 15}, "Hcamera2end": {"type": "ndarray", "data": [[0.9999616554059292, -0.008382701116371865, 0.0025333850531232454, -0.012378129978761143], [-0.002540502975577603, -0.0008385810264723847, 0.9999964213068432, 0.018096745705057458], [-0.008380546668618444, -0.9999645129222615, -0.0008598451485528624, 0.029962267599812763], [0.0, 0.0, 0.0, 1.0]]}, "Hobj2base": {"type": "ndarray", "data": [[0.9999625571493743, -0.00852299204445098, 0.001497633431291186, -0.7298729543945045], [-0.008528529952852954, -0.9999566704637368, 0.003731135473478474, 0.09471135154161983], [0.0014657681015718897, -0.003743768380707437, -0.9999919178284316, 0.007611145647911699], [0.0, 0.0, 0.0, 1.0]]}, "mean_rme": {"type": "float", "data": 0.0019190937351291281}, "max_rme": {"type": "float", "data": 0.004908448265174503}, "simu": {"type": "float", "data": 0.002}}, {"type": "dict", "image_number": {"type": "int", "data": 16}, "Hcamera2end": {"type": "ndarray", "data": [[0.999960051433085, -0.008553398606304592, 0.002595170557729948, -0.012514406209839117], [-0.002604068104502559, -0.001029262424619759, 0.9999960797164, 0.0181176402774215], [-0.008550693963015759, -0.9999628893069699, -0.0010514949395568074, 0.02989760994970574], [0.0, 0.0, 0.0, 1.0]]}, "Hobj2base": {"type": "ndarray", "data": [[0.9999608003172512, -0.008732194243436658, 0.0014651322729659145, -0.7297570434628227], [-0.008737441274614018, -0.9999552973326955, 0.0036139253248044134, 0.09465572645846561], [0.001433509279727892, -0.0036265851672727845, -0.9999923964366777, 0.00757631063460645], [0.0, 0.0, 0.0, 1.0]]}, "mean_rme": {"type": "float", "data": 0.0018364527047643226}, "max_rme": {"type": "float", "data": 0.004929754587578994}, "simu": {"type": "float", "data": 0.002}}, {"type": "dict", "image_number": {"type": "int", "data": 17}, "Hcamera2end": {"type": "ndarray", "data": [[0.9999641121014312, -0.007828603172645191, 0.0032384381361313264, -0.012607807141315864], [-0.0032449519982277308, -0.0008195005989581894, 0.9999943993369649, 0.018207903682093476], [-0.007825905425284538, -0.999969020215693, -0.0008448746303122423, 0.029784785292308623], [0.0, 0.0, 0.0, 1.0]]}, "Hobj2base": {"type": "ndarray", "data": [[0.9999669997905055, -0.00799719093204151, 0.0014297787142194306, -0.7299216044951778], [-0.008003134763382958, -0.9999591501468126, 0.0042009369935318945, 0.09488578673123835], [0.0013961246127381132, -0.00421224107346275, -0.9999901538821294, 0.0076688497795192045], [0.0, 0.0, 0.0, 1.0]]}, "mean_rme": {"type": "float", "data": 0.0017794652805169847}, "max_rme": {"type": "float", "data": 0.004959854190723145}, "simu": {"type": "float", "data": 0.002}}, {"type": "dict", "image_number": {"type": "int", "data": 18}, "Hcamera2end": {"type": "ndarray", "data": [[0.999969584475751, -0.007420733395334401, 0.0024005914415643113, -0.012854232542674794], [-0.002407012108388458, -0.0008564235494969985, 0.9999967364103813, 0.018202877691031065], [-0.007418653254062654, -0.9999720992380633, -0.0008742592960615525, 0.029635740814224047], [0.0, 0.0, 0.0, 1.0]]}, "Hobj2base": {"type": "ndarray", "data": [[0.999969998187924, -0.007634333517624934, 0.0013113640932413762, -0.7299615270908366], [-0.0076388589354692005, -0.9999647635902291, 0.0034812946013182034, 0.09426784187710208], [0.0012847405214192575, -0.0034912074814931033, -0.9999930804321167, 0.007447308645817326], [0.0, 0.0, 0.0, 1.0]]}, "mean_rme": {"type": "float", "data": 0.001771394440713028}, "max_rme": {"type": "float", "data": 0.0050617015210424054}, "simu": {"type": "float", "data": 0.002}}, {"type": "dict", "image_number": {"type": "int", "data": 19}, "Hcamera2end": {"type": "ndarray", "data": [[0.9999790183531043, -0.00616206422486199, 0.0019979534655654805, -0.012891017194030095], [-0.0020073515565477624, -0.0015193455463855532, 0.9999968310593986, 0.018955568405492926], [-0.006159009115946686, -0.9999798600739916, -0.0015316830972271767, 0.027368128027629682], [0.0, 0.0, 0.0, 1.0]]}, "Hobj2base": {"type": "ndarray", "data": [[0.9999770324251613, -0.006449124611861576, 0.0020840858687712596, -0.7274414803099315], [-0.006455170592125034, -0.9999749384813073, 0.0029074356280576114, 0.0940437380719771], [0.002065283223747994, -0.002920821981123791, -0.9999936016816104, 0.006640798665081984], [0.0, 0.0, 0.0, 1.0]]}, "mean_rme": {"type": "float", "data": 0.0018077243105957392}, "max_rme": {"type": "float", "data": 0.005494675730054022}, "simu": {"type": "float", "data": 0.002}}, {"type": "dict", "image_number": {"type": "int", "data": 20}, "Hcamera2end": {"type": "ndarray", "data": [[0.9999819757294669, -0.005626091746417139, 0.0020964989512852195, -0.012885969435991077], [-0.00210486198935722, -0.0014809646104871899, 0.9999966881444298, 0.01911207556722681], [-0.005622968272861074, -0.9999830767745437, -0.001492780063846011, 0.02608632267605573], [0.0, 0.0, 0.0, 1.0]]}, "Hobj2base": {"type": "ndarray", "data": [[0.999980486520069, -0.005891847248733766, 0.0020767077511624535, -0.7262365106183573], [-0.005897844261047869, -0.9999784211590363, 0.0028935530672903865, 0.09408877805211414], [0.0020596145655375838, -0.0029057447028927453, -0.9999936572976666, 0.006589503437463345], [0.0, 0.0, 0.0, 1.0]]}, "mean_rme": {"type": "float", "data": 0.001768687559600207}, "max_rme": {"type": "float", "data": 0.006207666758124564}, "simu": {"type": "float", "data": 0.002}}, {"type": "dict", "image_number": {"type": "int", "data": 21}, "Hcamera2end": {"type": "ndarray", "data": [[0.9999888624103384, -0.004286182537696741, 0.001975776943595479, -0.012895157180807325], [-0.0019827751828308173, -0.0016291096995730836, 0.9999967072966597, 0.01928512538809068], [-0.004282949667186177, -0.9999894872651615, -0.001637590091582597, 0.026288574487399137], [0.0, 0.0, 0.0, 1.0]]}, "Hobj2base": {"type": "ndarray", "data": [[0.9999865555981194, -0.004601507866689347, 0.002390553986436731, -0.7264635476866041], [-0.004607534229521559, -0.9999862061239395, 0.002521545195698161, 0.09367548098441289], [0.002378918101377108, -0.0025325258543512164, -0.9999939635125124, 0.006289325094042926], [0.0, 0.0, 0.0, 1.0]]}, "mean_rme": {"type": "float", "data": 0.001734926757306055}, "max_rme": {"type": "float", "data": 0.006049365653061356}, "simu": {"type": "float", "data": 0.002}}, {"type": "dict", "image_number": {"type": "int", "data": 22}, "Hcamera2end": {"type": "ndarray", "data": [[0.9999909089673246, -0.0037046624853988206, 0.0021112694222323626, -0.01289846899906321], [-0.00211787354119082, -0.001779634061643831, 0.999996173749815, 0.019957708236186377], [-0.003700891023456189, -0.9999915541535719, -0.0017874638895893913, 0.026554850225532455], [0.0, 0.0, 0.0, 1.0]]}, "Hobj2base": {"type": "ndarray", "data": [[0.9999886727217403, -0.004024570802367598, 0.0025411135490145216, -0.7266566857262838], [-0.004031177043804773, -0.9999884947522923, 0.0025999951319159646, 0.09367419417171069], [0.00253062044837948, -0.0026102093596521198, -0.9999933913617853, 0.0055849174323822585], [0.0, 0.0, 0.0, 1.0]]}, "mean_rme": {"type": "float", "data": 0.0016909636506956557}, "max_rme": {"type": "float", "data": 0.005796200850200051}, "simu": {"type": "float", "data": 0.002}}, {"type": "dict", "image_number": {"type": "int", "data": 23}, "Hcamera2end": {"type": "ndarray", "data": [[0.9999943818525736, -0.0025520494226469684, 0.0021733170577873666, -0.012909813801577755], [-0.0021781074442499115, -0.001875797669989021, 0.9999958686069971, 0.020441028817070404], [-0.0025479621760546955, -0.9999949842008437, -0.0018813457693267477, 0.027095345381898624], [0.0, 0.0, 0.0, 1.0]]}, "Hobj2base": {"type": "ndarray", "data": [[0.9999919593323662, -0.0029281295543984536, 0.002739950351353839, -0.7271989711745283], [-0.002935005493438994, -0.9999925456404901, 0.0025088655215438215, 0.09348673404448006], [0.0027325836434972375, -0.002516887117922999, -0.9999930991091222, 0.004999477606314022], [0.0, 0.0, 0.0, 1.0]]}, "mean_rme": {"type": "float", "data": 0.0016807892282360809}, "max_rme": {"type": "float", "data": 0.005382309007031516}, "simu": {"type": "float", "data": 0.002}}, {"type": "dict", "image_number": {"type": "int", "data": 24}, "Hcamera2end": {"type": "ndarray", "data": [[0.9999948101793131, -0.0022649174410542343, 0.002291236221936692, -0.012904425653871522], [-0.0022957052832341686, -0.0019725408775563835, 0.9999954193993786, 0.020563058951632854], [-0.002260387509264089, -0.9999954896055642, -0.0019777302233583427, 0.026527899286794526], [0.0, 0.0, 0.0, 1.0]]}, "Hobj2base": {"type": "ndarray", "data": [[0.9999923299108111, -0.00264876960815458, 0.0028851584203177677, -0.7265969080975062], [-0.0026561895056920054, -0.9999931673917155, 0.0025709584194568446, 0.09353486370354554], [0.002878328830635156, -0.0025786022274947736, -0.9999925329889694, 0.00490587905655452], [0.0, 0.0, 0.0, 1.0]]}, "mean_rme": {"type": "float", "data": 0.0016530719721471663}, "max_rme": {"type": "float", "data": 0.005679196743137993}, "simu": {"type": "float", "data": 0.002}}, {"type": "dict", "image_number": {"type": "int", "data": 25}, "Hcamera2end": {"type": "ndarray", "data": [[0.9999955280547621, -0.002127547944438354, 0.0021017635979212234, -0.013021585715192664], [-0.002105871226215678, -0.0019302911275533852, 0.999995919632946, 0.02082644047046993], [-0.002123482247636534, -0.9999958737494405, -0.001934762837395576, 0.027292074427309354], [0.0, 0.0, 0.0, 1.0]]}, "Hobj2base": {"type": "ndarray", "data": [[0.9999927165297136, -0.0025059923014706196, 0.0028786959042272076, -0.727353890169369], [-0.002512732671718374, -0.9999941047057395, 0.0023402410744880553, 0.0934015279155799], [0.0028728143073515136, -0.0023474574226622193, -0.999993118167122, 0.0045533599578003025], [0.0, 0.0, 0.0, 1.0]]}, "mean_rme": {"type": "float", "data": 0.0016636284265614594}, "max_rme": {"type": "float", "data": 0.0052083740421216}, "simu": {"type": "float", "data": 0.002}}, {"type": "dict", "image_number": {"type": "int", "data": 26}, "Hcamera2end": {"type": "ndarray", "data": [[0.9999958245293442, -0.0021303577750338503, 0.0019525623235513612, -0.013066854370146019], [-0.001956507531934427, -0.0018513897404717206, 0.9999963722105728, 0.020668051786916317], [-0.002126735092690983, -0.9999960169579573, -0.001855550071080847, 0.027565675692285664], [0.0, 0.0, 0.0, 1.0]]}, "Hobj2base": {"type": "ndarray", "data": [[0.9999929181039104, -0.0025023485396964552, 0.0028110485253200206, -0.7276819261458191], [-0.0025085750158180147, -0.9999944033570765, 0.0022136634601508344, 0.09328988664365814], [0.002805493435358296, -0.002220699509315102, -0.9999935988296491, 0.004680820048411209], [0.0, 0.0, 0.0, 1.0]]}, "mean_rme": {"type": "float", "data": 0.0016261062165378818}, "max_rme": {"type": "float", "data": 0.00507534917895025}, "simu": {"type": "float", "data": 0.002}}, {"type": "dict", "image_number": {"type": "int", "data": 27}, "Hcamera2end": {"type": "ndarray", "data": [[0.9999949115790687, -0.002671764757036148, 0.0017431262299455446, -0.013082168436825097], [-0.0017484543688589646, -0.0019932028385667433, 0.9999964850187048, 0.021514103971621634], [-0.0026682809616834944, -0.9999944443923315, -0.0019978641550737475, 0.027854203876718543], [0.0, 0.0, 0.0, 1.0]]}, "Hobj2base": {"type": "ndarray", "data": [[0.9999910573025145, -0.0030266182556101463, 0.0029537936512314088, -0.7277195139044054], [-0.003032392133591123, -0.9999934967041839, 0.0019522159941346461, 0.09320813038439521], [0.0029478658292707727, -0.0019611555966898295, -0.999993731958245, 0.003753708005302092], [0.0, 0.0, 0.0, 1.0]]}, "mean_rme": {"type": "float", "data": 0.0016794298878819044}, "max_rme": {"type": "float", "data": 0.004812935024586573}, "simu": {"type": "float", "data": 0.002}}, {"type": "dict", "image_number": {"type": "int", "data": 28}, "Hcamera2end": {"type": "ndarray", "data": [[0.9999947548806672, -0.002921946265009024, 0.001397297813155376, -0.013118107215857513], [-0.0014032206879593615, -0.0020259640317159544, 0.9999969632161105, 0.021878005649083324], [-0.0029191065165786326, -0.9999936788299046, -0.002030053540740928, 0.028266195647342843], [0.0, 0.0, 0.0, 1.0]]}, "Hobj2base": {"type": "ndarray", "data": [[0.9999902712723915, -0.0032472282034426703, 0.002985442942634744, -0.7280368853950019], [-0.003251886547200043, -0.9999935007440963, 0.0015568247979685034, 0.09295872588125835], [0.002980368174085291, -0.001566517973786697, -0.9999943316974278, 0.0032981040070129302], [0.0, 0.0, 0.0, 1.0]]}, "mean_rme": {"type": "float", "data": 0.0017066183699651967}, "max_rme": {"type": "float", "data": 0.004605082539144656}, "simu": {"type": "float", "data": 0.002}}, {"type": "dict", "image_number": {"type": "int", "data": 29}, "Hcamera2end": {"type": "ndarray", "data": [[0.9999954427506657, -0.002730733420243876, 0.001287467625933059, -0.013115991823044142], [-0.0012927404311705965, -0.0019300264046451243, 0.999997301906488, 0.021623705633591585], [-0.0027282412059565745, -0.9999944090309033, -0.0019335477385327149, 0.02837349398284886], [0.0, 0.0, 0.0, 1.0]]}, "Hobj2base": {"type": "ndarray", "data": [[0.9999909563840708, -0.003032602949319817, 0.0029816890218752534, -0.7282042307501408], [-0.0030370035538907483, -0.9999943042220785, 0.001472458085980088, 0.09273189826535189], [0.00297720665810246, -0.0014815001697907186, -0.9999944706835944, 0.0035242250591481475], [0.0, 0.0, 0.0, 1.0]]}, "mean_rme": {"type": "float", "data": 0.001710424158211265}, "max_rme": {"type": "float", "data": 0.004686838109843439}, "simu": {"type": "float", "data": 0.002}}, {"type": "dict", "image_number": {"type": "int", "data": 30}, "Hcamera2end": {"type": "ndarray", "data": [[0.999994516333878, -0.0029031585845449848, 0.0015934153276053573, -0.013098478826667105], [-0.0015990069139385132, -0.0019247334518823767, 0.9999968692841135, 0.021613075203812355], [-0.0029000825957964994, -0.9999939335172849, -0.0019293650679357288, 0.028120242853819706], [0.0, 0.0, 0.0, 1.0]]}, "Hobj2base": {"type": "ndarray", "data": [[0.9999901917133046, -0.0032153831970015913, 0.003045946172337836, -0.7278932940888019], [-0.003220919058208553, -0.9999931669864581, 0.0018142934752200077, 0.09285585599417669], [0.0030400917105917404, -0.0018240864261862134, -0.9999937152558016, 0.0035797435509432], [0.0, 0.0, 0.0, 1.0]]}, "mean_rme": {"type": "float", "data": 0.0017021309494462233}, "max_rme": {"type": "float", "data": 0.004686322963832423}, "simu": {"type": "float", "data": 0.002}}]}