{"type": "list", "data": [{"type": "dict", "image_number": {"type": "int", "data": 5}, "Hcamera2end": {"type": "ndarray", "data": [[0.9999948334269133, -0.0014993127555504998, 0.0028434452238474553, -0.012966466485717629], [-0.0028443753251929946, -0.0006185848271675898, 0.9999957634319364, 0.03629714105493517], [-0.0014975474915376085, -0.9999986847061714, -0.0006228462394106682, 0.03571711454372158], [0.0, 0.0, 0.0, 1.0]]}, "Hobj2base": {"type": "ndarray", "data": [[0.999998300669795, -0.0014305755626679774, 0.0011628031139178025, -0.7392896824645734], [-0.001433743375097027, -0.9999952510862538, 0.0027280368169059002, 0.09411465327485509], [0.0011588949290617866, -0.002729699342331659, -0.9999956028423544, -0.004931485215822961], [0.0, 0.0, 0.0, 1.0]]}, "mean_rme": {"type": "float", "data": 0.0012993296443777316}, "max_rme": {"type": "float", "data": 0.003609991445352373}, "simu": {"type": "float", "data": 0.002}}, {"type": "dict", "image_number": {"type": "int", "data": 6}, "Hcamera2end": {"type": "ndarray", "data": [[0.9999942238725219, -0.0015777409177732604, 0.0030104742465268627, -0.013011631523140521], [-0.003012379672454775, -0.0012067108628219803, 0.9999947346949394, 0.036068153347880196], [-0.0015740998385104913, -0.999998027289299, -0.0012114566473753197, 0.035958217695980635], [0.0, 0.0, 0.0, 1.0]]}, "Hobj2base": {"type": "ndarray", "data": [[0.9999977882482448, -0.00154494553261412, 0.0014271096383001382, -0.7388430677429306], [-0.0015485474640715817, -0.9999956099271137, 0.0025262872463519314, 0.09391153913118215], [0.0014232003969894581, -0.0025284916058430223, -0.9999957906065549, -0.004992525683025412], [0.0, 0.0, 0.0, 1.0]]}, "mean_rme": {"type": "float", "data": 0.0012975007347246971}, "max_rme": {"type": "float", "data": 0.0033122135570892164}, "simu": {"type": "float", "data": 0.002}}, {"type": "dict", "image_number": {"type": "int", "data": 7}, "Hcamera2end": {"type": "ndarray", "data": [[0.9999944148683574, -0.0017992873526901422, 0.0028165221664276127, -0.012740267241925216], [-0.0028186054059316304, -0.0011563290387903713, 0.9999953591725911, 0.035967149380981056], [-0.0017960221761386418, -0.9999977127314724, -0.001161394061599541, 0.035960513808983394], [0.0, 0.0, 0.0, 1.0]]}, "Hobj2base": {"type": "ndarray", "data": [[0.9999975425054131, -0.001782949380042461, 0.0013176018529512913, -0.7389641056495014], [-0.0017858186047254594, -0.9999960299751942, 0.0021796526699452653, 0.09353765195656176], [0.0013137104116626639, -0.002182000311363249, -0.9999967565145376, -0.004920784377007699], [0.0, 0.0, 0.0, 1.0]]}, "mean_rme": {"type": "float", "data": 0.0013537672836317846}, "max_rme": {"type": "float", "data": 0.0037620090226800074}, "simu": {"type": "float", "data": 0.002}}, {"type": "dict", "image_number": {"type": "int", "data": 8}, "Hcamera2end": {"type": "ndarray", "data": [[0.9999944511872483, -0.0018170755179785698, 0.0027921015876921367, -0.012471437997733665], [-0.00279363974813642, -0.0008445164310144637, 0.9999957411754087, 0.036240614519822974], [-0.0018147098037048013, -0.9999979925122647, -0.0008495879993433153, 0.036235188479492156], [0.0, 0.0, 0.0, 1.0]]}, "Hobj2base": {"type": "ndarray", "data": [[0.9999979122142233, -0.0017937068761104738, 0.0009788681408185523, -0.7390654632636517], [-0.0017958963386842679, -0.9999958775559481, 0.0022404525101515377, 0.09390996729380696], [0.0009748453904163495, -0.0022422057782768047, -0.9999970110903895, -0.004455467109436638], [0.0, 0.0, 0.0, 1.0]]}, "mean_rme": {"type": "float", "data": 0.0015450292500290477}, "max_rme": {"type": "float", "data": 0.00460695332800326}, "simu": {"type": "float", "data": 0.002}}, {"type": "dict", "image_number": {"type": "int", "data": 9}, "Hcamera2end": {"type": "ndarray", "data": [[0.9999942235363942, -0.0018271210710263273, 0.002866098818214549, -0.012515463473855949], [-0.002867672585889089, -0.0008593002560102203, 0.9999955190184653, 0.036177135790849434], [-0.001824650044282304, -0.9999979616137533, -0.0008645348772999828, 0.036091389061310784], [0.0, 0.0, 0.0, 1.0]]}, "Hobj2base": {"type": "ndarray", "data": [[0.999997856719233, -0.0017911768931055162, 0.0010383844557686232, -0.7390598227344078], [-0.0017934316881609428, -0.9999960273591018, 0.002174596237280012, 0.09380798923812336], [0.0010344852441080154, -0.00217645384809719, -0.9999970964402485, -0.004525794951769833], [0.0, 0.0, 0.0, 1.0]]}, "mean_rme": {"type": "float", "data": 0.0014821256474003798}, "max_rme": {"type": "float", "data": 0.004754412478763348}, "simu": {"type": "float", "data": 0.002}}, {"type": "dict", "image_number": {"type": "int", "data": 10}, "Hcamera2end": {"type": "ndarray", "data": [[0.9999936396355606, -0.001399039778379984, 0.0032807584676401297, -0.012821320727259833], [-0.0032828111704461312, -0.0014674590402778964, 0.9999935348364932, 0.03604974925224381], [-0.0013942163546867583, -0.9999979446237197, -0.00147204249011601, 0.03632196230996426], [0.0, 0.0, 0.0, 1.0]]}, "Hobj2base": {"type": "ndarray", "data": [[0.9999978073173743, -0.0014055427652426525, 0.001552356266633223, -0.7385169486285547], [-0.0014097193163189602, -0.9999953811532292, 0.0026926499320825957, 0.09411660752247404], [0.0015485644619061243, -0.0026948324145707543, -0.999995169901517, -0.004633575751444863], [0.0, 0.0, 0.0, 1.0]]}, "mean_rme": {"type": "float", "data": 0.0016896423559769308}, "max_rme": {"type": "float", "data": 0.005011135188839}, "simu": {"type": "float", "data": 0.002}}, {"type": "dict", "image_number": {"type": "int", "data": 11}, "Hcamera2end": {"type": "ndarray", "data": [[0.9999944344202805, -0.0009149702135215242, 0.0032084198559016435, -0.012836107964580512], [-0.003210195157106217, -0.0019454603545836502, 0.9999929548907143, 0.0360739251999707], [-0.0009087219138258615, -0.9999976890040883, -0.0019483867599174864, 0.03653341181935223], [0.0, 0.0, 0.0, 1.0]]}, "Hobj2base": {"type": "ndarray", "data": [[0.9999979790378672, -0.0009026698862219406, 0.0017964151128425198, -0.7382925700573953], [-0.0009070268586432671, -0.9999966458210736, 0.002426035630375799, 0.09404287606825074], [0.0017942191780383639, -0.0024276601242062784, -0.999995443611551, -0.004628658831503621], [0.0, 0.0, 0.0, 1.0]]}, "mean_rme": {"type": "float", "data": 0.00169398071757461}, "max_rme": {"type": "float", "data": 0.00491632028974881}, "simu": {"type": "float", "data": 0.002}}, {"type": "dict", "image_number": {"type": "int", "data": 12}, "Hcamera2end": {"type": "ndarray", "data": [[0.9999968020573636, -0.0012869029113928123, 0.0021770980553328617, -0.012600044824239803], [-0.002179477433926068, -0.0018504167835375895, 0.9999959129095689, 0.03614518228883695], [-0.0012828691129232424, -0.9999974599160858, -0.001853215641865802, 0.03650211525107565], [0.0, 0.0, 0.0, 1.0]]}, "Hobj2base": {"type": "ndarray", "data": [[0.9999980562363527, -0.0011770759722577486, 0.0015817761130235161, -0.7384745374567571], [-0.001179819125617343, -0.9999977999204108, 0.0017344108994316932, 0.09372781922604545], [0.0015797310995944328, -0.0017362737378574275, -0.9999972448977845, -0.004544169089324206], [0.0, 0.0, 0.0, 1.0]]}, "mean_rme": {"type": "float", "data": 0.0017742560615485814}, "max_rme": {"type": "float", "data": 0.004909593530629586}, "simu": {"type": "float", "data": 0.002}}, {"type": "dict", "image_number": {"type": "int", "data": 13}, "Hcamera2end": {"type": "ndarray", "data": [[0.9999974881677126, -0.001443728108061373, 0.0017144408462890098, -0.012688341861698827], [-0.0017172834106580122, -0.001969973104733125, 0.9999965850659961, 0.036005374374023694], [-0.0014403457754683191, -0.9999970174231104, -0.001972447446820569, 0.036533776698443966], [0.0, 0.0, 0.0, 1.0]]}, "Hobj2base": {"type": "ndarray", "data": [[0.9999976027875822, -0.0013459816597203016, 0.001727064695012529, -0.7382583046859547], [-0.0013484609004118244, -0.9999980609793973, 0.0014351622366167874, 0.09343743086223302], [0.0017251296441492942, -0.0014374876754417582, -0.9999974787752683, -0.004692069578345026], [0.0, 0.0, 0.0, 1.0]]}, "mean_rme": {"type": "float", "data": 0.00173877886153499}, "max_rme": {"type": "float", "data": 0.004800126381481973}, "simu": {"type": "float", "data": 0.002}}, {"type": "dict", "image_number": {"type": "int", "data": 14}, "Hcamera2end": {"type": "ndarray", "data": [[0.9999968164326916, -0.0017000490480505903, 0.001864660214641337, -0.012695283864844299], [-0.0018682129355097137, -0.002090588000977167, 0.999996069603395, 0.036009957544154626], [-0.0016961441299129546, -0.9999963696309325, -0.002093757399072249, 0.03659618498903004], [0.0, 0.0, 0.0, 1.0]]}, "Hobj2base": {"type": "ndarray", "data": [[0.9999970456524395, -0.001604134664950222, 0.0018263182552491664, -0.7381034910358898], [-0.0016070007534007486, -0.9999974779824243, 0.0015689414806837002, 0.0935659050056556], [0.0018237968558259842, -0.0015718717402973992, -0.9999971014879299, -0.00464368541411705], [0.0, 0.0, 0.0, 1.0]]}, "mean_rme": {"type": "float", "data": 0.0016857021639369476}, "max_rme": {"type": "float", "data": 0.004767973097563161}, "simu": {"type": "float", "data": 0.002}}, {"type": "dict", "image_number": {"type": "int", "data": 15}, "Hcamera2end": {"type": "ndarray", "data": [[0.999999093208535, -0.0012269069008848685, 0.000555231090922637, -0.012789164634852392], [-0.0005575512909099486, -0.0018915648920110328, 0.999998055557518, 0.0358168643002753], [-0.0012258542595964268, -0.9999974583376278, -0.0018922472402826962, 0.03647554883077226], [0.0, 0.0, 0.0, 1.0]]}, "Hobj2base": {"type": "ndarray", "data": [[0.9999978128968089, -0.0011636108296272122, 0.001737875552491491, -0.7382591332373261], [-0.00116416450829494, -0.999999271919789, 0.00031761751929998313, 0.09253202662799258], [0.001737504703993556, -0.00031963999767573714, -0.9999984394526196, -0.004947046402515128], [0.0, 0.0, 0.0, 1.0]]}, "mean_rme": {"type": "float", "data": 0.0017815288031828296}, "max_rme": {"type": "float", "data": 0.005019671742330922}, "simu": {"type": "float", "data": 0.002}}, {"type": "dict", "image_number": {"type": "int", "data": 16}, "Hcamera2end": {"type": "ndarray", "data": [[0.9999987175391661, -0.00012724742281179375, 0.0015964736503635824, -0.012586086722040955], [-0.0015966736495062264, -0.001587442849435572, 0.9999974653260161, 0.035909279339243004], [-0.00012471278960047975, -0.9999987319158427, -0.0015876439862092528, 0.03637000696885585], [0.0, 0.0, 0.0, 1.0]]}, "Hobj2base": {"type": "ndarray", "data": [[0.9999988707979292, -8.843807546410549e-05, 0.0015001938453028801, -0.7387255212094098], [-9.074058298190295e-05, -0.999998818064509, 0.0015348080440755036, 0.09296079648465494], [0.001500056336700906, -0.0015349424394311903, -0.9999976968886952, -0.004589473902886932], [0.0, 0.0, 0.0, 1.0]]}, "mean_rme": {"type": "float", "data": 0.0018767155089485284}, "max_rme": {"type": "float", "data": 0.004929308668801369}, "simu": {"type": "float", "data": 0.002}}, {"type": "dict", "image_number": {"type": "int", "data": 17}, "Hcamera2end": {"type": "ndarray", "data": [[0.9999990953649758, 4.816791735580688e-05, 0.001344228061692421, -0.012665933784823767], [-0.0013441500665954567, -0.0015842459638280015, 0.9999978417103332, 0.03587136138978837], [5.0297401276689214e-05, -0.9999987439215001, -0.0015841797857543138, 0.036321562916592], [0.0, 0.0, 0.0, 1.0]]}, "Hobj2base": {"type": "ndarray", "data": [[0.999998990002332, 5.483246692044492e-05, 0.0014202069272837273, -0.738782718336279], [5.339669081829372e-05, -0.9999994875331784, 0.0010109807981365463, 0.09262157663722302], [0.0014202616340459682, -0.0010109039426981037, -0.9999984804639004, -0.0046523690819112225], [0.0, 0.0, 0.0, 1.0]]}, "mean_rme": {"type": "float", "data": 0.0018504450084898642}, "max_rme": {"type": "float", "data": 0.0050069329191418654}, "simu": {"type": "float", "data": 0.002}}, {"type": "dict", "image_number": {"type": "int", "data": 18}, "Hcamera2end": {"type": "ndarray", "data": [[0.9999996434260207, 0.0004737472108377864, -0.0006990789739336462, -0.012923554344550014], [0.0006997981368507814, -0.0015195692248490822, 0.9999986005949901, 0.035714441025468266], [0.0004726842489790375, -0.9999987332356732, -0.0015199002104258064, 0.03621829639687526], [0.0, 0.0, 0.0, 1.0]]}, "Hobj2base": {"type": "ndarray", "data": [[0.9999989928601791, 0.000459950257497383, 0.0013426557220832806, -0.7388531150343146], [0.0004610393743399285, -0.999999564885607, -0.0008109693531266613, 0.09143144064312997], [0.0013422821323116584, 0.0008115875535211954, -0.9999987698014032, -0.0050499877493773], [0.0, 0.0, 0.0, 1.0]]}, "mean_rme": {"type": "float", "data": 0.0018440191912695164}, "max_rme": {"type": "float", "data": 0.005117267243154144}, "simu": {"type": "float", "data": 0.002}}, {"type": "dict", "image_number": {"type": "int", "data": 19}, "Hcamera2end": {"type": "ndarray", "data": [[0.9999997252394891, 0.00028746895147193025, -0.0006832880419497069, -0.012963486506755818], [0.0006836561065290804, -0.001282218853761341, 0.9999989442640124, 0.03577512041387246], [0.0002865925231706752, -0.9999991366378339, -0.0012824150313623939, 0.03734837342333003], [0.0, 0.0, 0.0, 1.0]]}, "Hobj2base": {"type": "ndarray", "data": [[0.999999363335692, 0.00026967910136794555, 0.001095719577761967, -0.7400461784141459], [0.0002705117219690642, -0.9999996747578399, -0.0007598076221968519, 0.09145330582994661], [0.0010955143171509979, 0.0007601035434442334, -0.999999111045097, -0.005165038119676698], [0.0, 0.0, 0.0, 1.0]]}, "mean_rme": {"type": "float", "data": 0.0017973389509736218}, "max_rme": {"type": "float", "data": 0.005133195722626549}, "simu": {"type": "float", "data": 0.002}}, {"type": "dict", "image_number": {"type": "int", "data": 20}, "Hcamera2end": {"type": "ndarray", "data": [[0.9999996644414025, 0.00037074093016912374, -0.0007305260057772664, -0.012974593698006201], [0.0007310136845628867, -0.001316990311513555, 0.9999988655771127, 0.035891576348447855], [0.0003697784139202099, -0.999999064043403, -0.001317260886279481, 0.03734528586517224], [0.0, 0.0, 0.0, 1.0]]}, "Hobj2base": {"type": "ndarray", "data": [[0.9999993105106282, 0.00034634982386368927, 0.0011220606346196429, -0.7400252573363503], [0.0003472667560024385, -0.9999996058813796, -0.0008170941717755339, 0.09143180481560881], [0.0011217771919721793, 0.0008174832627544091, -0.9999990366680591, -0.005288457132845587], [0.0, 0.0, 0.0, 1.0]]}, "mean_rme": {"type": "float", "data": 0.0017220937544007386}, "max_rme": {"type": "float", "data": 0.005131126592095692}, "simu": {"type": "float", "data": 0.002}}, {"type": "dict", "image_number": {"type": "int", "data": 21}, "Hcamera2end": {"type": "ndarray", "data": [[0.9999990167421648, 0.000801854449516834, -0.001150453886649416, -0.012993019515820126], [0.001151496373121688, -0.0013008475247986429, 0.9999984909247711, 0.03583312980683371], [0.0008003566743673039, -0.9999988324118977, -0.0013017695782207017, 0.03727092233847967], [0.0, 0.0, 0.0, 1.0]]}, "Hobj2base": {"type": "ndarray", "data": [[0.9999990767587942, 0.0007135587248290658, 0.0011564235839450977, -0.7399917604046936], [0.0007150843420311511, -0.9999988739466326, -0.0013193785850985486, 0.09112623632653688], [0.001155480827649677, 0.0013202043073915074, -0.9999984609611376, -0.005296950572952185], [0.0, 0.0, 0.0, 1.0]]}, "mean_rme": {"type": "float", "data": 0.0016629475360982813}, "max_rme": {"type": "float", "data": 0.005114407354824657}, "simu": {"type": "float", "data": 0.002}}, {"type": "dict", "image_number": {"type": "int", "data": 22}, "Hcamera2end": {"type": "ndarray", "data": [[0.9999988095270013, 0.0007066997018117322, -0.0013716851358087812, -0.012999013281736482], [0.0013723092477160507, -0.0008834092481044831, 0.9999986681768277, 0.035532535165944665], [0.0007054870012782324, -0.9999993600816112, -0.0008843780069658358, 0.03671198582303373], [0.0, 0.0, 0.0, 1.0]]}, "Hobj2base": {"type": "ndarray", "data": [[0.9999994221141942, 0.0006017365559246116, 0.0008908896647806606, -0.7395764580067915], [0.0006031081482530976, -0.9999986321620182, -0.0015401086500445287, 0.09109034330920282], [0.0008899617065131122, 0.0015406450628536244, -0.9999984171892229, -0.004931553633984148], [0.0, 0.0, 0.0, 1.0]]}, "mean_rme": {"type": "float", "data": 0.0016296045545868413}, "max_rme": {"type": "float", "data": 0.005048276502793048}, "simu": {"type": "float", "data": 0.002}}, {"type": "dict", "image_number": {"type": "int", "data": 23}, "Hcamera2end": {"type": "ndarray", "data": [[0.9999988732890134, 0.0004338802364193022, -0.0014370694639369817, -0.012984489125762548], [0.0014374880406896407, -0.0009659631837792837, 0.9999985002705053, 0.03562467349984913], [0.0004324914295216177, -0.9999994393313766, -0.0009665857930689636, 0.036037458455716175], [0.0, 0.0, 0.0, 1.0]]}, "Hobj2base": {"type": "ndarray", "data": [[0.999999544968437, 0.0003564559756272276, 0.0008848740341550585, -0.7388666171665463], [0.0003578271531918097, -0.9999987348850501, -0.0015498993605645428, 0.09119553955465845], [0.000884320443798995, 0.0015502152872679893, -0.9999984074036898, -0.004955141960229774], [0.0, 0.0, 0.0, 1.0]]}, "mean_rme": {"type": "float", "data": 0.0016272927258157938}, "max_rme": {"type": "float", "data": 0.005053045097487052}, "simu": {"type": "float", "data": 0.002}}, {"type": "dict", "image_number": {"type": "int", "data": 24}, "Hcamera2end": {"type": "ndarray", "data": [[0.9999993399760878, -0.00043626886799699895, -0.0010628813967962305, -0.0128577560500026], [0.001062480850925401, -0.0009173242434119544, 0.9999990148248517, 0.035343868510428984], [-0.0004372434450689049, -0.9999994840927207, -0.0009168601106377405, 0.036257174083517], [0.0, 0.0, 0.0, 1.0]]}, "Hobj2base": {"type": "ndarray", "data": [[0.9999996215685659, -0.00045572910320510976, 0.0007410625543860027, -0.7390786165223026], [-0.0004549520692240574, -0.9999993469681425, -0.0010483710706953445, 0.09148988092443931], [0.0007415398436564209, 0.0010480335260162346, -0.999999175871854, -0.004597420297177843], [0.0, 0.0, 0.0, 1.0]]}, "mean_rme": {"type": "float", "data": 0.0016249548600095853}, "max_rme": {"type": "float", "data": 0.005205927403551414}, "simu": {"type": "float", "data": 0.002}}, {"type": "dict", "image_number": {"type": "int", "data": 25}, "Hcamera2end": {"type": "ndarray", "data": [[0.9999991508945999, -0.0009141472773644553, -0.0009287329188164685, -0.012722171557773058], [0.0009278672154201181, -0.0009469754573736555, 0.9999991211495708, 0.03532459344054066], [-0.0009150259612463023, -0.9999991337857442, -0.0009461264460028929, 0.036401104529248614], [0.0, 0.0, 0.0, 1.0]]}, "Hobj2base": {"type": "ndarray", "data": [[0.9999993500480716, -0.0009152586789028268, 0.0006798565914707498, -0.7391869334840624], [-0.0009146936870863413, -0.9999992364765589, -0.0008308921455529788, 0.09158246304856764], [0.0006806165536317553, 0.0008302697449806843, -0.9999994237064624, -0.004543090561853869], [0.0, 0.0, 0.0, 1.0]]}, "mean_rme": {"type": "float", "data": 0.0016322895208457683}, "max_rme": {"type": "float", "data": 0.005283439490099462}, "simu": {"type": "float", "data": 0.002}}, {"type": "dict", "image_number": {"type": "int", "data": 26}, "Hcamera2end": {"type": "ndarray", "data": [[0.9999992665658328, -0.0007239329479442168, -0.0009709731630439002, -0.012670684195161104], [0.000970353872807616, -0.0008553135170277226, 0.9999991634257244, 0.03470443508560203], [-0.0007247628287915583, -0.99999937217974, -0.0008546104185718217, 0.03605470576148817], [0.0, 0.0, 0.0, 1.0]]}, "Hobj2base": {"type": "ndarray", "data": [[0.9999995206790686, -0.0007433988423288172, 0.0006371811314245243, -0.7389676460712996], [-0.0007428392168945243, -0.9999993385910386, -0.0008780702604478718, 0.09146689915979359], [0.0006378334664023144, 0.0008775965164377293, -0.9999994114962383, -0.003899734379576734], [0.0, 0.0, 0.0, 1.0]]}, "mean_rme": {"type": "float", "data": 0.001661407144525433}, "max_rme": {"type": "float", "data": 0.005341115405887831}, "simu": {"type": "float", "data": 0.002}}, {"type": "dict", "image_number": {"type": "int", "data": 27}, "Hcamera2end": {"type": "ndarray", "data": [[0.9999993185083241, -0.0007930194621392576, -0.0008567981208546345, -0.012704379669107153], [0.0008561381524111916, -0.0008321879082837658, 0.9999992872451208, 0.034554182900108116], [-0.0007937319139467819, -0.9999993392914909, -0.0008315084069374645, 0.03592811920592585], [0.0, 0.0, 0.0, 1.0]]}, "Hobj2base": {"type": "ndarray", "data": [[0.9999994905462427, -0.0008064850155846431, 0.0006070330919344331, -0.7388674976767425], [-0.0008060416789403723, -0.9999994085345116, -0.0007302242382974337, 0.09158154733650388], [0.0006076216478015127, 0.0007297345723093567, -0.9999995491415916, -0.00371772989648895], [0.0, 0.0, 0.0, 1.0]]}, "mean_rme": {"type": "float", "data": 0.0016480035616224446}, "max_rme": {"type": "float", "data": 0.005368476722151405}, "simu": {"type": "float", "data": 0.002}}, {"type": "dict", "image_number": {"type": "int", "data": 28}, "Hcamera2end": {"type": "ndarray", "data": [[0.9999996088854008, -0.0007534332315466868, -0.0004632142170835938, -0.012727562872565185], [0.0004625130306931607, -0.0009305631235243528, 0.999999460066839, 0.03481598630238814], [-0.0007538638748118108, -0.9999992831950625, -0.0009302142868801155, 0.0353826423400839], [0.0, 0.0, 0.0, 1.0]]}, "Hobj2base": {"type": "ndarray", "data": [[0.9999994484616098, -0.0007904274306284477, 0.0006915930544731759, -0.7382528868692277], [-0.0007901559942438012, -0.9999996107337115, -0.00039266516270358736, 0.09179692722866287], [0.0006919031585749676, 0.00039211847973610626, -0.9999996837565084, -0.0038937671345921254], [0.0, 0.0, 0.0, 1.0]]}, "mean_rme": {"type": "float", "data": 0.001664543460246106}, "max_rme": {"type": "float", "data": 0.005334383842947488}, "simu": {"type": "float", "data": 0.002}}, {"type": "dict", "image_number": {"type": "int", "data": 29}, "Hcamera2end": {"type": "ndarray", "data": [[0.9999999055754702, -0.0004310629080322446, 5.508012190160133e-05, -0.012700674202611917], [-5.5448724653853e-05, -0.0008551367636948637, 0.9999996328332099, 0.0343470142366125], [-0.0004310156487230734, -0.9999995414628373, -0.0008551605848374777, 0.0347478629791369], [0.0, 0.0, 0.0, 1.0]]}, "Hobj2base": {"type": "ndarray", "data": [[0.9999996163387782, -0.0005065621146731975, 0.0007146447511683708, -0.737710220178336], [-0.0005066888361697722, -0.9999998559419523, 0.00017715105842306062, 0.09203039952271486], [0.0007145549102032721, -0.00017751309297431343, -0.9999997289501541, -0.0033068051987545444], [0.0, 0.0, 0.0, 1.0]]}, "mean_rme": {"type": "float", "data": 0.0016739969923601971}, "max_rme": {"type": "float", "data": 0.005452915737633457}, "simu": {"type": "float", "data": 0.002}}, {"type": "dict", "image_number": {"type": "int", "data": 30}, "Hcamera2end": {"type": "ndarray", "data": [[0.9999999963355152, -8.258501381422342e-05, -2.255404949545528e-05, -0.012666667008460367], [2.2490204407554044e-05, -0.0007730025493615234, 0.99999970098058, 0.03390540775469458], [-8.26024234574589e-05, -0.9999996978233415, -0.000773000689175074, 0.03475040764394514], [0.0, 0.0, 0.0, 1.0]]}, "Hobj2base": {"type": "ndarray", "data": [[0.9999997731030774, -0.00015542506056864295, 0.0006554668902520678, -0.7378413878007284], [-0.00015552924206693863, -0.9999999752816044, 0.00015889445004223408, 0.09186494454345638], [0.0006554421778704558, -0.00015899635825821325, -0.9999997725578293, -0.002869580027235791], [0.0, 0.0, 0.0, 1.0]]}, "mean_rme": {"type": "float", "data": 0.0016912013156665437}, "max_rme": {"type": "float", "data": 0.005420839930941834}, "simu": {"type": "float", "data": 0.002}}]}