{"type": "list", "data": [{"type": "dict", "image_number": {"type": "int", "data": 5}, "Hcamera2end": {"type": "ndarray", "data": [[0.9999710273668394, 0.0014651800616302816, -0.007469784086214298, -0.020906404544656153], [0.007470810925714755, -0.000696611586356477, 0.9999718504620068, 0.029308714876025446], [0.0014599352793464317, -0.9999986839889765, -0.0007075374868972251, 0.03509650523335702], [0.0, 0.0, 0.0, 1.0]]}, "Hobj2base": {"type": "ndarray", "data": [[0.9999975459655746, 0.002143662925956586, 0.0005592603047611796, -0.7346803732132443], [0.002145635341663065, -0.9999913954316646, -0.003550395979682408, 0.08342655246096571], [0.0005516446403335596, 0.0035515872355635345, -0.9999935409372898, 0.009043041748347646], [0.0, 0.0, 0.0, 1.0]]}, "mean_rme": {"type": "float", "data": 0.0015838975955898822}, "max_rme": {"type": "float", "data": 0.003917346647187403}, "simu": {"type": "float", "data": 0.002}}, {"type": "dict", "image_number": {"type": "int", "data": 6}, "Hcamera2end": {"type": "ndarray", "data": [[0.9999739539495868, 0.0017146974010053698, -0.007010794195576252, -0.021405869355130662], [0.007010769015159486, 2.0695360973710386e-05, 0.9999754240427703, 0.02951249737864995], [0.001714800351591971, -0.9999985296911817, 8.673474531928349e-06, 0.03441914865436176], [0.0, 0.0, 0.0, 1.0]]}, "Hobj2base": {"type": "ndarray", "data": [[0.9999983161431638, 0.0017863101443246906, -0.00042048413202000815, -0.7350747106138206], [0.0017848908209460621, -0.999992789220921, -0.0033519652326713394, 0.08353860173893807], [-0.00042646874950037013, 0.0033512090701741716, -0.999994293744807, 0.008692750299871812], [0.0, 0.0, 0.0, 1.0]]}, "mean_rme": {"type": "float", "data": 0.0017868674755440878}, "max_rme": {"type": "float", "data": 0.004307420011987917}, "simu": {"type": "float", "data": 0.002}}, {"type": "dict", "image_number": {"type": "int", "data": 7}, "Hcamera2end": {"type": "ndarray", "data": [[0.9999755473211925, 0.0020360171021845314, -0.006690246186879123, -0.02165183226316439], [0.006687673520068037, 0.001267773998400945, 0.9999768336176483, 0.029762107132914578], [0.002044451655192494, -0.9999971236875876, 0.0012541267802699263, 0.033777532884074035], [0.0, 0.0, 0.0, 1.0]]}, "Hobj2base": {"type": "ndarray", "data": [[0.9999976863390126, 0.0014012849616584675, -0.0016320897885416976, -0.7358281187949615], [0.001395662474355668, -0.9999931057259401, -0.0034410211922684063, 0.08346002880109518], [-0.0016369003877168794, 0.003438735384439271, -0.9999927478017407, 0.008584552375111798], [0.0, 0.0, 0.0, 1.0]]}, "mean_rme": {"type": "float", "data": 0.0017813509638376923}, "max_rme": {"type": "float", "data": 0.004630872374472517}, "simu": {"type": "float", "data": 0.002}}, {"type": "dict", "image_number": {"type": "int", "data": 8}, "Hcamera2end": {"type": "ndarray", "data": [[0.9999776795044033, 0.0018396121741018918, -0.006423108284757938, -0.021518066029651783], [0.006421123611991162, 0.0010827358155063305, 0.9999787982025985, 0.02986925950032648], [0.0018465277004040622, -0.999997721752506, 0.001070899271138348, 0.03413066587026726], [0.0, 0.0, 0.0, 1.0]]}, "Hobj2base": {"type": "ndarray", "data": [[0.9999981486728892, 0.0013217949194849533, -0.001398395146229902, -0.7358086595538315], [0.0013171804522929004, -0.9999937019377712, -0.003295621405510358, 0.08375536867434066], [-0.0014027424746805997, 0.0032937733654859074, -0.99999359166475, 0.008611591217608794], [0.0, 0.0, 0.0, 1.0]]}, "mean_rme": {"type": "float", "data": 0.0017223737540078782}, "max_rme": {"type": "float", "data": 0.004404556248804425}, "simu": {"type": "float", "data": 0.002}}, {"type": "dict", "image_number": {"type": "int", "data": 9}, "Hcamera2end": {"type": "ndarray", "data": [[0.9999842089569124, 0.0015244139653525824, -0.005409066359396574, -0.021658678300814867], [0.005405832243309692, 0.002117741713975496, 0.9999831459318653, 0.030295279474932695], [0.0015358432782387004, -0.9999965956602528, 0.0021094675464587986, 0.03420280013679766], [0.0, 0.0, 0.0, 1.0]]}, "Hobj2base": {"type": "ndarray", "data": [[0.9999981297536009, 0.000640561165293655, -0.00182487552833468, -0.7366188601060686], [0.0006353487640523801, -0.9999957213470552, -0.0028554543475368247, 0.08446092952049422], [-0.0018266968134899278, 0.002854289574722137, -0.9999942580884027, 0.008328378643478], [0.0, 0.0, 0.0, 1.0]]}, "mean_rme": {"type": "float", "data": 0.0016615758032784923}, "max_rme": {"type": "float", "data": 0.004301744675190067}, "simu": {"type": "float", "data": 0.002}}, {"type": "dict", "image_number": {"type": "int", "data": 10}, "Hcamera2end": {"type": "ndarray", "data": [[0.9999855028814422, 0.0011358126636020899, -0.005263454810527745, -0.02188992575250998], [0.005261788937267542, 0.0014647171055361952, 0.9999850839792461, 0.030273993589950615], [0.0011435051940920228, -0.9999982822652214, 0.0014587194648505442, 0.03419011801154442], [0.0, 0.0, 0.0, 1.0]]}, "Hobj2base": {"type": "ndarray", "data": [[0.9999992907986601, 0.0007364022705419593, -0.0009360095473019841, -0.7359952638324333], [0.000733583368280875, -0.9999952056782231, -0.0030084009058097662, 0.08428378346791485], [-0.0009382204530287669, 0.0030077121312113604, -0.9999950366927415, 0.007979702892172109], [0.0, 0.0, 0.0, 1.0]]}, "mean_rme": {"type": "float", "data": 0.0017004181726930166}, "max_rme": {"type": "float", "data": 0.004299468030142833}, "simu": {"type": "float", "data": 0.002}}, {"type": "dict", "image_number": {"type": "int", "data": 11}, "Hcamera2end": {"type": "ndarray", "data": [[0.9999828866108105, 0.0014142047224972652, -0.005676839835139957, -0.022081457227412813], [0.005676335410052538, 0.0003604434305094495, 0.9999838245175999, 0.03026210066849029], [0.001416228026678297, -0.999998935052201, 0.0003524097617574329, 0.033753433709081224], [0.0, 0.0, 0.0, 1.0]]}, "Hobj2base": {"type": "ndarray", "data": [[0.9999987242365994, 0.0015973177541776223, -1.0058123969861035e-05, -0.7352799004553485], [0.001597267658335762, -0.999991423510401, -0.003821209451157703, 0.08312748827913814], [-1.6161723405230948e-05, 0.0038211885106824188, -0.9999926991019308, 0.007645282046398916], [0.0, 0.0, 0.0, 1.0]]}, "mean_rme": {"type": "float", "data": 0.0019336356737845752}, "max_rme": {"type": "float", "data": 0.0061755070835384784}, "simu": {"type": "float", "data": 0.002}}, {"type": "dict", "image_number": {"type": "int", "data": 12}, "Hcamera2end": {"type": "ndarray", "data": [[0.999983419552131, 0.0012987270002069143, -0.005610163010607848, -0.02198428046128391], [0.005609806785994941, 0.00027776805506285474, 0.9999842263319615, 0.030357440455388237], [0.0013002648385863824, -0.9999991180761544, 0.000270477842005179, 0.03380454436710346], [0.0, 0.0, 0.0, 1.0]]}, "Hobj2base": {"type": "ndarray", "data": [[0.9999988273520737, 0.0015289835122954197, 8.66250345648233e-05, -0.7352863126598628], [0.0015293187479302956, -0.9999907826728172, -0.004011951342395407, 0.0831268907548632], [8.049002865888345e-05, 0.004012079115078384, -0.9999919483388502, 0.007643542688061403], [0.0, 0.0, 0.0, 1.0]]}, "mean_rme": {"type": "float", "data": 0.0018554547693410606}, "max_rme": {"type": "float", "data": 0.00610597775948174}, "simu": {"type": "float", "data": 0.002}}, {"type": "dict", "image_number": {"type": "int", "data": 13}, "Hcamera2end": {"type": "ndarray", "data": [[0.9999849064286579, 0.001212070086229667, -0.005358899231593685, -0.021991441001378332], [0.005358233930585347, 0.0005514793595454703, 0.9999854924945967, 0.030444972935602783], [0.00121500782443245, -0.9999991133779179, 0.0005449764806900737, 0.03370418718885757], [0.0, 0.0, 0.0, 1.0]]}, "Hobj2base": {"type": "ndarray", "data": [[0.9999991781791105, 0.0012814814504821803, -3.8031507658274666e-05, -0.7354085619097407], [0.0012813234204736364, -0.9999915774705799, -0.0038991278760515617, 0.08327525031121222], [-4.3027847383000574e-05, 0.003899075941005344, -0.9999923976488077, 0.007514905729755768], [0.0, 0.0, 0.0, 1.0]]}, "mean_rme": {"type": "float", "data": 0.001760288870819661}, "max_rme": {"type": "float", "data": 0.006193694675963091}, "simu": {"type": "float", "data": 0.002}}, {"type": "dict", "image_number": {"type": "int", "data": 14}, "Hcamera2end": {"type": "ndarray", "data": [[0.9999858772946218, 0.001244690426349429, -0.005166813045593809, -0.021952531615365332], [0.0051663599946074005, 0.0003669275969423458, 0.9999865869543172, 0.030370632685619296], [0.0012465695775545488, -0.999999158054586, 0.00036049189610765087, 0.03359816590121977], [0.0, 0.0, 0.0, 1.0]]}, "Hobj2base": {"type": "ndarray", "data": [[0.9999990939677011, 0.0013458463593711404, -2.7592640178641116e-05, -0.7352075686251948], [0.001345731080153555, -0.999991791694194, -0.003821721090872302, 0.08323355060178372], [-3.2735863106494916e-05, 0.0038216804959960845, -0.9999926968166071, 0.007465729071673096], [0.0, 0.0, 0.0, 1.0]]}, "mean_rme": {"type": "float", "data": 0.0017288688372173976}, "max_rme": {"type": "float", "data": 0.006012122858499169}, "simu": {"type": "float", "data": 0.002}}, {"type": "dict", "image_number": {"type": "int", "data": 15}, "Hcamera2end": {"type": "ndarray", "data": [[0.9999844126224026, 0.0020360618420087106, -0.005198938776718025, -0.02186865444638961], [0.00520041494572177, -0.0007203899859422602, 0.9999862182663619, 0.030321418503620374], [0.002032288518114458, -0.999997667742502, -0.0007309671233850512, 0.03367784003807717], [0.0, 0.0, 0.0, 1.0]]}, "Hobj2base": {"type": "ndarray", "data": [[0.9999968069383783, 0.002483133569094594, 0.0004692128788010082, -0.734573790834504], [0.002484949163496546, -0.9999892710827598, -0.003909315416474226, 0.08300574843285254], [0.00045950049231203733, 0.003910468903939881, -0.9999922485160817, 0.007390984296763077], [0.0, 0.0, 0.0, 1.0]]}, "mean_rme": {"type": "float", "data": 0.0017725758792491615}, "max_rme": {"type": "float", "data": 0.005760998324748023}, "simu": {"type": "float", "data": 0.002}}, {"type": "dict", "image_number": {"type": "int", "data": 16}, "Hcamera2end": {"type": "ndarray", "data": [[0.9999829229388245, 0.0019278306583836718, -0.005517000967701837, -0.022074929869109625], [0.005518322384722918, -0.0006807968315865054, 0.9999845421973943, 0.03024232747311912], [0.0019240449015792249, -0.9999979099901293, -0.0006914235966535287, 0.03358474042867016], [0.0, 0.0, 0.0, 1.0]]}, "Hobj2base": {"type": "ndarray", "data": [[0.999997123149022, 0.0023486793400939007, 0.000487236120531989, -0.7344237212402076], [0.002350741659764606, -0.9999880939816885, -0.004276202581654365, 0.08278933481489745], [0.000477186890832228, 0.004277335645903463, -0.9999907383033326, 0.007393114146551659], [0.0, 0.0, 0.0, 1.0]]}, "mean_rme": {"type": "float", "data": 0.0017607239536970515}, "max_rme": {"type": "float", "data": 0.005809325072019533}, "simu": {"type": "float", "data": 0.002}}, {"type": "dict", "image_number": {"type": "int", "data": 17}, "Hcamera2end": {"type": "ndarray", "data": [[0.9999867915722376, 0.002316368089550917, -0.004588149946991996, -0.021963950765613208], [0.004590119068924693, -0.0008454909203794436, 0.9999891079166997, 0.030415236007003642], [0.0023124636203552106, -0.9999969597873674, -0.000856112158112099, 0.03358900425485704], [0.0, 0.0, 0.0, 1.0]]}, "Hobj2base": {"type": "ndarray", "data": [[0.9999961088933409, 0.002740984275507415, 0.0005188481270106004, -0.7345152524629254], [0.002742791543362767, -0.9999900602837724, -0.003515171149029533, 0.08319362819406821], [0.0005092079409622453, 0.0035165805633787218, -0.9999936871642812, 0.007276255131238481], [0.0, 0.0, 0.0, 1.0]]}, "mean_rme": {"type": "float", "data": 0.0017651341679061662}, "max_rme": {"type": "float", "data": 0.00584936814872139}, "simu": {"type": "float", "data": 0.002}}, {"type": "dict", "image_number": {"type": "int", "data": 18}, "Hcamera2end": {"type": "ndarray", "data": [[0.999989907830552, 0.0018131139110513688, -0.004110578425195845, -0.021982617836163277], [0.004112021296980535, -0.0007927890273575766, 0.9999912313447606, 0.030412428250567572], [0.0018098391910089846, -0.9999980420498348, -0.0008002365894124175, 0.03367474889931692], [0.0, 0.0, 0.0, 1.0]]}, "Hobj2base": {"type": "ndarray", "data": [[0.9999970711587111, 0.002314229882891824, 0.0007085294975371794, -0.7344484082336706], [0.0023165306357387913, -0.9999919905919632, -0.0032638072456481217, 0.08350833625438853], [0.0007009706223754497, 0.0032654390167620707, -0.9999944227585544, 0.007267235324483494], [0.0, 0.0, 0.0, 1.0]]}, "mean_rme": {"type": "float", "data": 0.0017481123409714995}, "max_rme": {"type": "float", "data": 0.005963231451170559}, "simu": {"type": "float", "data": 0.002}}, {"type": "dict", "image_number": {"type": "int", "data": 19}, "Hcamera2end": {"type": "ndarray", "data": [[0.999992008648847, 0.0015346700303722897, -0.0036915344157061347, -0.022067006056834426], [0.003692676044930931, -0.0007417255188311156, 0.999992906968285, 0.030444273961152207], [0.0015319210396293188, -0.9999985473145209, -0.0007473866306999533, 0.0337145881152465], [0.0, 0.0, 0.0, 1.0]]}, "Hobj2base": {"type": "ndarray", "data": [[0.9999974730555528, 0.002074127944700689, 0.0008671077084054124, -0.7343909723612111], [0.0020767816008273074, -0.9999931287514172, -0.0030707373925683377, 0.08375641066267843], [0.0008607326480560365, 0.0030725304263202868, -0.9999949093350866, 0.007220168544007746], [0.0, 0.0, 0.0, 1.0]]}, "mean_rme": {"type": "float", "data": 0.0017224189073454987}, "max_rme": {"type": "float", "data": 0.0061186024733781985}, "simu": {"type": "float", "data": 0.002}}, {"type": "dict", "image_number": {"type": "int", "data": 20}, "Hcamera2end": {"type": "ndarray", "data": [[0.9999951276586274, 0.001214010505010831, -0.0028759063787389587, -0.021984506397711566], [0.0028767658943207636, -0.0007068453300942412, 0.9999956122842083, 0.03043152764173791], [0.001211972357284167, -0.9999990132735997, -0.0007103343101186876, 0.03375199862246876], [0.0, 0.0, 0.0, 1.0]]}, "Hobj2base": {"type": "ndarray", "data": [[0.9999979176457123, 0.001765276764164278, 0.0010239639569082093, -0.7343525590833182], [0.001767762239298525, -0.9999954813966532, -0.0024315021985551366, 0.0841419524228877], [0.0010196670556881224, 0.0024333072601235334, -0.9999965196413803, 0.0072138591679463656], [0.0, 0.0, 0.0, 1.0]]}, "mean_rme": {"type": "float", "data": 0.0017507309325255243}, "max_rme": {"type": "float", "data": 0.006084020915102184}, "simu": {"type": "float", "data": 0.002}}, {"type": "dict", "image_number": {"type": "int", "data": 21}, "Hcamera2end": {"type": "ndarray", "data": [[0.9999960549734717, 0.0009644837882208697, -0.0026381449004277556, -0.021903056404819446], [0.0026392552632643934, -0.0011517965258254215, 0.999995853839614, 0.03152918428550526], [0.0009614411831854571, -0.999998871567256, -0.0011543375008720158, 0.03285173268014006], [0.0, 0.0, 0.0, 1.0]]}, "Hobj2base": {"type": "ndarray", "data": [[0.9999972626642368, 0.0017853564877706816, 0.001512338006140748, -0.733111065557036], [0.0017886451928305338, -0.9999960328146114, -0.0021760292766615755, 0.08377245986921909], [0.0015084470184288407, 0.002178728356243433, -0.9999964888590072, 0.006145446824628668], [0.0, 0.0, 0.0, 1.0]]}, "mean_rme": {"type": "float", "data": 0.0017133296435156327}, "max_rme": {"type": "float", "data": 0.006085834633387355}, "simu": {"type": "float", "data": 0.002}}, {"type": "dict", "image_number": {"type": "int", "data": 22}, "Hcamera2end": {"type": "ndarray", "data": [[0.9999964498238705, 0.0010055481011641365, -0.0024676330098990723, -0.021885622457957353], [0.002468596651624979, -0.0009582132208216798, 0.999996493922851, 0.031119542045053544], [0.0010031800570606947, -0.9999990353497543, -0.0009606921116716016, 0.03253826432806617], [0.0, 0.0, 0.0, 1.0]]}, "Hobj2base": {"type": "ndarray", "data": [[0.9999973853344027, 0.0017970872360092407, 0.0014141434949261884, -0.7328895226166505], [0.0017999219731815272, -0.9999963684202651, -0.0020058482424101763, 0.0840780870602905], [0.0014105336750775235, 0.002008388345737533, -0.999996988380967, 0.006499566212409317], [0.0, 0.0, 0.0, 1.0]]}, "mean_rme": {"type": "float", "data": 0.0016568597673325613}, "max_rme": {"type": "float", "data": 0.00610350751680222}, "simu": {"type": "float", "data": 0.002}}, {"type": "dict", "image_number": {"type": "int", "data": 23}, "Hcamera2end": {"type": "ndarray", "data": [[-0.05075905426254845, -0.05289524027848208, -0.9973091857424421, -608.4269566565124], [-0.9973153430751152, 0.05545759051745924, 0.04781801042455386, 636.4963162967467], [0.052779019291159246, 0.9970589497165547, -0.055568209551720704, -33.993025764932064], [0.0, 0.0, 0.0, 1.0]]}, "Hobj2base": {"type": "ndarray", "data": [[-0.9999964138931798, 0.0026713861230204103, -0.00018946493701313448, 1.3909380404663239], [-0.002091540404412915, -0.8232054712174348, -0.5677397093883941, -827.511742353643], [-0.0016726205539008758, -0.5677372771395791, 0.8232081064266917, -255.21542545168649], [0.0, 0.0, 0.0, 1.0]]}, "mean_rme": {"type": "float", "data": 49.196838572172645}, "max_rme": {"type": "float", "data": 491.55629637294766}, "simu": {"type": "float", "data": 0.002}}, {"type": "dict", "image_number": {"type": "int", "data": 23}, "Hcamera2end": {"type": "ndarray", "data": [[0.9999969800847431, 0.001155469355233728, -0.002169034799837841, -0.021934251783005232], [0.002170022509509924, -0.0008542457596749653, 0.9999972806295473, 0.031102992514358992], [0.0011536133243041549, -0.9999989675768423, -0.0008567505744350168, 0.03251423750800514], [0.0, 0.0, 0.0, 1.0]]}, "Hobj2base": {"type": "ndarray", "data": [[0.9999971013219766, 0.0019736537659127288, 0.001379144102945267, -0.7328612618534756], [0.001976083361776749, -0.9999964942799437, -0.001762532941269273, 0.08422700410469423], [0.0013756606382750438, 0.0017652531359690935, -0.9999974957164512, 0.006455874062626852], [0.0, 0.0, 0.0, 1.0]]}, "mean_rme": {"type": "float", "data": 0.0016463302468701867}, "max_rme": {"type": "float", "data": 0.006169282084244054}, "simu": {"type": "float", "data": 0.002}}, {"type": "dict", "image_number": {"type": "int", "data": 24}, "Hcamera2end": {"type": "ndarray", "data": [[0.9999955906702985, 0.0019582595961959303, -0.002232455893104937, -0.021917416679880806], [0.0022334040751766913, -0.0004821432238133472, 0.9999973897186675, 0.030585925289788672], [0.00195717812110614, -0.9999979663765649, -0.00048651468284721666, 0.03242071114887566], [0.0, 0.0, 0.0, 1.0]]}, "Hobj2base": {"type": "ndarray", "data": [[0.9999962960633348, 0.0025883425837385254, 0.00084163072683659, -0.7329698110272465], [0.0025899520406208894, -0.9999948088571768, -0.0019168743115311375, 0.0842205594904203], [0.0008366648304030719, 0.0019190469947685121, -0.999997808622896, 0.007109529625080088], [0.0, 0.0, 0.0, 1.0]]}, "mean_rme": {"type": "float", "data": 0.0016795092415313655}, "max_rme": {"type": "float", "data": 0.005942907902505845}, "simu": {"type": "float", "data": 0.002}}, {"type": "dict", "image_number": {"type": "int", "data": 25}, "Hcamera2end": {"type": "ndarray", "data": [[0.999996087005665, 0.001906097026149634, -0.0020476248399818354, -0.021988646741109986], [0.0020484957974191633, -0.0004550922532218227, 0.9999977982755811, 0.030732169400170796], [0.0019051609712470866, -0.999998079840741, -0.00045899510419600276, 0.03275217168666518], [0.0, 0.0, 0.0, 1.0]]}, "Hobj2base": {"type": "ndarray", "data": [[0.9999965072588045, 0.002511418673849526, 0.0008235571846797624, -0.7333083216236183], [0.0025128183176657314, -0.9999953929231786, -0.0017029023812802193, 0.08433071663850181], [0.0008192766896484557, 0.001704965883062229, -0.9999982109369214, 0.006884731600076608], [0.0, 0.0, 0.0, 1.0]]}, "mean_rme": {"type": "float", "data": 0.0016931689085761758}, "max_rme": {"type": "float", "data": 0.006110415845566597}, "simu": {"type": "float", "data": 0.002}}, {"type": "dict", "image_number": {"type": "int", "data": 26}, "Hcamera2end": {"type": "ndarray", "data": [[0.9999962298769208, 0.0017106659856093419, -0.0021479883217276207, -0.021945058128906868], [0.002149105324161045, -0.0006513931854119637, 0.9999974785134329, 0.031116866457082767], [0.0017092624872329211, -0.9999983246529984, -0.0006550671309568656, 0.032739079432287405], [0.0, 0.0, 0.0, 1.0]]}, "Hobj2base": {"type": "ndarray", "data": [[0.9999964818495228, 0.00242497754652097, 0.001075068591202191, -0.7331546874838006], [0.0024268566607830045, -0.9999955238243743, -0.001750056560017186, 0.08414344147589949], [0.0010708199311431838, 0.0017526594404262221, -0.9999978907625562, 0.0064996748820306816], [0.0, 0.0, 0.0, 1.0]]}, "mean_rme": {"type": "float", "data": 0.0016413996466453622}, "max_rme": {"type": "float", "data": 0.006110335457809091}, "simu": {"type": "float", "data": 0.002}}, {"type": "dict", "image_number": {"type": "int", "data": 27}, "Hcamera2end": {"type": "ndarray", "data": [[0.9999971673374249, 0.00115392494024815, -0.0020817719275791347, -0.021849498857178927], [0.0020824680310710902, -0.0006023756125499435, 0.9999976502325001, 0.031074502708029958], [0.0011526682201527636, -0.9999991528000682, -0.0006047769180212992, 0.03301353760191844], [0.0, 0.0, 0.0, 1.0]]}, "Hobj2base": {"type": "ndarray", "data": [[0.9999974935509953, 0.001888634675188879, 0.0012024769397663189, -0.7334557033885873], [0.0018905691701090696, -0.9999969173677146, -0.001609659368251998, 0.08431663137381769], [0.0011994331744739583, 0.001611928699552966, -0.999997981520927, 0.0064885508852702296], [0.0, 0.0, 0.0, 1.0]]}, "mean_rme": {"type": "float", "data": 0.001625615221173664}, "max_rme": {"type": "float", "data": 0.0061286346691957205}, "simu": {"type": "float", "data": 0.002}}, {"type": "dict", "image_number": {"type": "int", "data": 28}, "Hcamera2end": {"type": "ndarray", "data": [[0.9999979582444293, 0.0007851322017908264, -0.001862008162841142, -0.021765618132975166], [0.0018626393542831984, -0.0008039667786603477, 0.9999979421039096, 0.03145407494345794], [0.0007836335933658187, -0.9999993686022226, -0.0008054275552942247, 0.033605838362819544], [0.0, 0.0, 0.0, 1.0]]}, "Hobj2base": {"type": "ndarray", "data": [[0.9999976273947778, 0.0016080697717589954, 0.001469461270110111, -0.7339213657780922], [0.0016099513977445522, -0.9999978845668089, -0.0012802024856980595, 0.08430231211411636], [0.0014673995066439849, 0.0012825652095087017, -0.9999981008807826, 0.006032097782253756], [0.0, 0.0, 0.0, 1.0]]}, "mean_rme": {"type": "float", "data": 0.0016086946877651865}, "max_rme": {"type": "float", "data": 0.006128910665077314}, "simu": {"type": "float", "data": 0.002}}, {"type": "dict", "image_number": {"type": "int", "data": 29}, "Hcamera2end": {"type": "ndarray", "data": [[0.9999987011782812, -4.35942456453838e-05, -0.0016111304393390266, -0.021685599413584583], [0.0016110921432241927, -0.0008646872035387165, 0.999998328347676, 0.03161001621056605], [-4.4987296645089916e-05, -0.9999996252077209, -0.0008646158461176334, 0.03406592919888118], [0.0, 0.0, 0.0, 1.0]]}, "Hobj2base": {"type": "ndarray", "data": [[0.9999979427966261, 0.0008548666369405094, 0.0018394579497044837, -0.7343081033995065], [0.0008564673325720529, -0.9999992551399788, -0.0008695879458921819, 0.08457751577393707], [0.0018387131978429676, 0.0008711615926164876, -0.9999979301034854, 0.005737591811806641], [0.0, 0.0, 0.0, 1.0]]}, "mean_rme": {"type": "float", "data": 0.0015859916069249304}, "max_rme": {"type": "float", "data": 0.006277779383335069}, "simu": {"type": "float", "data": 0.002}}, {"type": "dict", "image_number": {"type": "int", "data": 30}, "Hcamera2end": {"type": "ndarray", "data": [[0.9999991551829402, 9.932079735868696e-05, -0.0012960589435328307, -0.02164173226477798], [0.001296153962037859, -0.000962665830551046, 0.9999986966288533, 0.0316401630840074], [9.807299624750598e-05, -0.9999995317048292, -0.0009627937523195573, 0.033459938409733644], [0.0, 0.0, 0.0, 1.0]]}, "Hobj2base": {"type": "ndarray", "data": [[0.9999977041419827, 0.0010290389741869634, 0.0018795716408824324, -0.7336537159947216], [0.0010301521522859526, -0.9999992945285323, -0.0005913788808949533, 0.08466072799000697], [0.0018789617629813165, 0.000593313767944239, -0.9999980587388486, 0.005693724307041955], [0.0, 0.0, 0.0, 1.0]]}, "mean_rme": {"type": "float", "data": 0.0015785417050322532}, "max_rme": {"type": "float", "data": 0.006219900493960928}, "simu": {"type": "float", "data": 0.002}}]}