{"type": "list", "data": [{"type": "dict", "image_number": {"type": "int", "data": 5}, "Hcamera2end": {"type": "ndarray", "data": [[0.9999987633633217, -0.0006840380188780403, 0.0014161086879500313, -0.018864626820443972], [-0.0014160051195791314, 0.00015186791059551563, 0.9999989859323053, 0.019963243985318277], [-0.0006842523866847985, -0.9999997545140331, 0.00015089912145338502, 0.029041514950157325], [0.0, 0.0, 0.0, 1.0]]}, "Hobj2base": {"type": "ndarray", "data": [[0.9999984521325301, -0.0003830875341020872, 0.0017172584211430138, -0.7322508296875746], [-0.0003818521081163895, -0.9999996681191772, -0.000719687781135275, 0.08731485073390799], [0.001717533554635275, 0.0007190309284056761, -0.9999982665350036, 0.006547139695344195], [0.0, 0.0, 0.0, 1.0]]}, "mean_rme": {"type": "float", "data": 0.0016097659348485152}, "max_rme": {"type": "float", "data": 0.0056663018546441075}, "simu": {"type": "float", "data": 0.002}}, {"type": "dict", "image_number": {"type": "int", "data": 6}, "Hcamera2end": {"type": "ndarray", "data": [[0.9999987874865996, -0.00040862546382005704, 0.0015026811241548358, -0.018853164488487343], [-0.001502645924210282, 8.643568788346823e-05, 0.9999988672914077, 0.019943735668249682], [-0.00040875488624311904, -0.9999999127770474, 8.582156369130178e-05, 0.028865715498282887], [0.0, 0.0, 0.0, 1.0]]}, "Hobj2base": {"type": "ndarray", "data": [[0.9999991339040176, -0.0002825717487223647, 0.001285435498778987, -0.7322520391895514], [-0.0002820063745865105, -0.9999998634402416, -0.00043999079926582537, 0.08755368065712373], [0.0012855596522097956, 0.00043962791718678637, -0.999999077031412, 0.006565736749480504], [0.0, 0.0, 0.0, 1.0]]}, "mean_rme": {"type": "float", "data": 0.001510931720861111}, "max_rme": {"type": "float", "data": 0.005491396137304516}, "simu": {"type": "float", "data": 0.002}}, {"type": "dict", "image_number": {"type": "int", "data": 7}, "Hcamera2end": {"type": "ndarray", "data": [[0.9999996581938333, -0.00027505780731315073, 0.0007797149601880683, -0.018685349850841006], [-0.0007798246535155259, -0.00039891942354897125, 0.9999996163683279, 0.02004056356606777], [-0.0002747466583498135, -0.9999998826032411, -0.00039913378405498356, 0.028900026226597042], [0.0, 0.0, 0.0, 1.0]]}, "Hobj2base": {"type": "ndarray", "data": [[0.9999988999864622, -0.00018016714001628238, 0.0014722654880547535, -0.7317922962229532], [-0.0001798581038168229, -0.9999999617681974, -0.0002100349157152638, 0.08734435536715926], [0.0014723032731574581, 0.00020976988579501663, -0.9999988941592217, 0.006509577344316667], [0.0, 0.0, 0.0, 1.0]]}, "mean_rme": {"type": "float", "data": 0.0013915008501207598}, "max_rme": {"type": "float", "data": 0.005409196301357099}, "simu": {"type": "float", "data": 0.002}}, {"type": "dict", "image_number": {"type": "int", "data": 8}, "Hcamera2end": {"type": "ndarray", "data": [[0.9999994631146146, -0.0002857432922962551, 0.0009960528366186718, -0.01864855981273103], [-0.0009961617068562053, -0.0003811181765207561, 0.9999994312052327, 0.020176044272260496], [-0.00028536351592615505, -0.9999998865498465, -0.0003814026184296715, 0.028895391184265977], [0.0, 0.0, 0.0, 1.0]]}, "Hobj2base": {"type": "ndarray", "data": [[0.9999991788235744, -0.00020953780833681001, 0.0012642966755418658, -0.7320349094332282], [-0.0002089459905320825, -0.9999998685584399, -0.000468214348518338, 0.08713973669176453], [0.0012643946179691588, 0.0004679497943105553, -0.9999990911642072, 0.006441276257660167], [0.0, 0.0, 0.0, 1.0]]}, "mean_rme": {"type": "float", "data": 0.0014305532495524065}, "max_rme": {"type": "float", "data": 0.005674186573511675}, "simu": {"type": "float", "data": 0.002}}, {"type": "dict", "image_number": {"type": "int", "data": 9}, "Hcamera2end": {"type": "ndarray", "data": [[0.9999998046990367, 0.00021103597240120794, 0.0005882734966617152, -0.0184675911039991], [-0.0005880707243458123, -0.0009596211549101064, 0.9999993666498309, 0.020216538538896264], [0.00021160035843380837, -0.9999995172954125, -0.0009594968634178969, 0.029036714060006224], [0.0, 0.0, 0.0, 1.0]]}, "Hobj2base": {"type": "ndarray", "data": [[0.9999990688683847, 0.00022280815942657108, 0.0013463353547660685, -0.7319234032830021], [0.0002232945128821104, -0.9999999098721191, -0.0003611029142665848, 0.08696091172558176], [0.0013462547767480245, 0.0003614032073294634, -0.9999990284924272, 0.006280662462748585], [0.0, 0.0, 0.0, 1.0]]}, "mean_rme": {"type": "float", "data": 0.0013535946528077478}, "max_rme": {"type": "float", "data": 0.0057117391160292005}, "simu": {"type": "float", "data": 0.002}}, {"type": "dict", "image_number": {"type": "int", "data": 10}, "Hcamera2end": {"type": "ndarray", "data": [[0.999999723487921, -0.00011273286579085838, 0.0007350614821134177, -0.018571793372427193], [-0.0007351912336360656, -0.0011552745845007095, 0.9999990624168025, 0.020135408828517845], [-0.00011188356224608645, -0.9999993263157405, -0.0011553571452678213, 0.029209227284450245], [0.0, 0.0, 0.0, 1.0]]}, "Hobj2base": {"type": "ndarray", "data": [[0.9999984102084719, -6.790922754157364e-05, 0.00178184423155384, -0.7317819918766658], [-6.768281882732434e-05, -0.9999999896292306, -0.00012712424999844076, 0.08728257088046698], [0.0017818528459843635, 0.00012700344765708232, -0.9999984044340069, 0.006240115480690023], [0.0, 0.0, 0.0, 1.0]]}, "mean_rme": {"type": "float", "data": 0.0014032844786866362}, "max_rme": {"type": "float", "data": 0.0055076191385145315}, "simu": {"type": "float", "data": 0.002}}, {"type": "dict", "image_number": {"type": "int", "data": 11}, "Hcamera2end": {"type": "ndarray", "data": [[0.9999998563668038, -0.00028312518416133685, 0.00045508955366807335, -0.018458277547165627], [-0.0004553517739147272, -0.0009267895798712456, 0.9999994668577761, 0.020301002202683605], [-0.0002827032609590987, -0.9999995304504921, -0.0009269183683082716, 0.029082190249107194], [0.0, 0.0, 0.0, 1.0]]}, "Hobj2base": {"type": "ndarray", "data": [[0.9999986309906087, -0.0002572448569551766, 0.0016345770070466334, -0.7319627601438392], [-0.0002568557946688894, -0.9999999386368232, -0.00023822563099927237, 0.08708898461095692], [0.0016346381890621645, 0.00023780545429005382, -0.999998635702348, 0.006142489457215946], [0.0, 0.0, 0.0, 1.0]]}, "mean_rme": {"type": "float", "data": 0.0014096217579294594}, "max_rme": {"type": "float", "data": 0.005563261783187504}, "simu": {"type": "float", "data": 0.002}}, {"type": "dict", "image_number": {"type": "int", "data": 12}, "Hcamera2end": {"type": "ndarray", "data": [[0.9999993192884735, -0.0004801256170688133, 0.0010634387530607768, -0.01816018820865707], [-0.0010638202138038586, -0.0007949468727310727, 0.9999991181726222, 0.020262944410708833], [-0.00047927981636981256, -0.9999995687693377, -0.0007954570989381349, 0.028843884500770335], [0.0, 0.0, 0.0, 1.0]]}, "Hobj2base": {"type": "ndarray", "data": [[0.9999990570745274, -0.0004933629410609331, 0.0012815783489490459, -0.7320828893488849], [-0.0004939447237803982, -0.9999997750959913, 0.00045368113949722475, 0.08764679773360863], [0.0012813542312556517, -0.00045431374057329645, -0.9999990758647523, 0.005958355951855916], [0.0, 0.0, 0.0, 1.0]]}, "mean_rme": {"type": "float", "data": 0.0015086718453574263}, "max_rme": {"type": "float", "data": 0.005616646985760743}, "simu": {"type": "float", "data": 0.002}}, {"type": "dict", "image_number": {"type": "int", "data": 13}, "Hcamera2end": {"type": "ndarray", "data": [[0.9999998096092334, -0.0006125602746980527, 7.450776372297638e-05, -0.018374212649512663], [-7.500013229140773e-05, -0.0008038042765361464, 0.9999996741367794, 0.020372909496464975], [-0.0006125001854280732, -0.9999994893341668, -0.0008038500656009084, 0.028883377690177448], [0.0, 0.0, 0.0, 1.0]]}, "Hobj2base": {"type": "ndarray", "data": [[0.9999989350133663, -0.0005968483602690933, 0.0013318198707171272, -0.7321700436732059], [-0.0005964726440926486, -0.9999997822107956, -0.0002824867183473223, 0.08717527070364207], [0.0013319881823957806, 0.00028169202338300126, -0.9999990732281134, 0.0060963912615330474], [0.0, 0.0, 0.0, 1.0]]}, "mean_rme": {"type": "float", "data": 0.001517984098508193}, "max_rme": {"type": "float", "data": 0.0053605615760642395}, "simu": {"type": "float", "data": 0.002}}, {"type": "dict", "image_number": {"type": "int", "data": 14}, "Hcamera2end": {"type": "ndarray", "data": [[0.9999995222821628, -0.0005171943385820011, -0.0008294247779269161, -0.0184943006236975], [0.0008290302620478922, -0.0007625484596238685, 0.9999993656141345, 0.020445882971200955], [-0.0005178264870680049, -0.9999995755148413, -0.0007621193255828995, 0.028939501057995563], [0.0, 0.0, 0.0, 1.0]]}, "Hobj2base": {"type": "ndarray", "data": [[0.9999987608319381, -0.0005502444521738101, 0.0014749798748787963, -0.7321269644176428], [-0.0005486853902954087, -0.9999992906340334, -0.0010572018599599921, 0.08667668551777372], [0.0014755605480365425, 0.0010563912500008864, -0.9999983533779424, 0.006169887937194256], [0.0, 0.0, 0.0, 1.0]]}, "mean_rme": {"type": "float", "data": 0.0014930935114266179}, "max_rme": {"type": "float", "data": 0.005244107897393957}, "simu": {"type": "float", "data": 0.002}}, {"type": "dict", "image_number": {"type": "int", "data": 15}, "Hcamera2end": {"type": "ndarray", "data": [[0.9999998619845427, -0.0004209843229260479, -0.00031432959659425525, -0.018237478084285927], [0.00031399424860237355, -0.0007964100553232711, 0.9999996335692505, 0.020500023415176073], [-0.00042123450391586047, -0.9999995942515294, -0.0007962777587502412, 0.02892099543493998], [0.0, 0.0, 0.0, 1.0]]}, "Hobj2base": {"type": "ndarray", "data": [[0.999998694928409, -0.0004366887831078724, 0.0015554563270920078, -0.7320372896883675], [-0.000435684933252584, -0.9999996966549833, -0.0006456536068928666, 0.08680775331807107], [0.0015557378049399855, 0.0006449750753826403, -0.9999985818425114, 0.005999241264942731], [0.0, 0.0, 0.0, 1.0]]}, "mean_rme": {"type": "float", "data": 0.001562040078714143}, "max_rme": {"type": "float", "data": 0.005521429370782338}, "simu": {"type": "float", "data": 0.002}}, {"type": "dict", "image_number": {"type": "int", "data": 16}, "Hcamera2end": {"type": "ndarray", "data": [[0.9999993898143297, -0.00019606103999954115, -0.0010871665175895746, -0.01825840704314253], [0.001086986968981969, -0.0009135722368582844, 0.9999989919220406, 0.02055337770625876], [-0.00019705404750203995, -0.999999563472823, -0.0009133585636140751, 0.028964679582015585], [0.0, 0.0, 0.0, 1.0]]}, "Hobj2base": {"type": "ndarray", "data": [[0.9999986976022803, -0.0002006497904926569, 0.00160141606232596, -0.732019875218651], [-0.00019834726905482462, -0.9999989466471626, -0.00143783271818367, 0.0863050472739668], [0.0016017028763034742, 0.001437513209051034, -0.9999976840491527, 0.006013880591475975], [0.0, 0.0, 0.0, 1.0]]}, "mean_rme": {"type": "float", "data": 0.0015371413543717363}, "max_rme": {"type": "float", "data": 0.0055326013105787206}, "simu": {"type": "float", "data": 0.002}}, {"type": "dict", "image_number": {"type": "int", "data": 17}, "Hcamera2end": {"type": "ndarray", "data": [[0.9999965585741756, 8.635730954531344e-05, -0.0026220950060238182, -0.018201222264259513], [0.0026221892238381386, -0.001109605675351455, 0.999995946441244, 0.02068846764972268], [8.344746799089013e-05, -0.9999993806586382, -0.001109828301932403, 0.02902194233539442], [0.0, 0.0, 0.0, 1.0]]}, "Hobj2base": {"type": "ndarray", "data": [[0.9999987184916687, 8.953856754931123e-05, 0.0015984360685952213, -0.7320416730201057], [9.419991596760779e-05, -0.9999957429875153, -0.002916356155061104, 0.08533061069237455], [0.0015981681376803336, 0.0029165029902697348, -0.9999944699191647, 0.005994371380353129], [0.0, 0.0, 0.0, 1.0]]}, "mean_rme": {"type": "float", "data": 0.0016176467670015557}, "max_rme": {"type": "float", "data": 0.0056240748471231925}, "simu": {"type": "float", "data": 0.002}}, {"type": "dict", "image_number": {"type": "int", "data": 18}, "Hcamera2end": {"type": "ndarray", "data": [[0.9999958204625138, -0.0004574232118334273, -0.0028547892232524885, -0.018162365186062974], [0.0028542072974686392, -0.001267824561146158, 0.9999951230489001, 0.020590438115471954], [-0.00046104035289692654, -0.9999990916920312, -0.0012665136815566136, 0.029073291116508145], [0.0, 0.0, 0.0, 1.0]]}, "Hobj2base": {"type": "ndarray", "data": [[0.9999982850433213, -0.00042238825141525656, 0.0018031912214935054, -0.7317620045104783], [-0.0004166631764168572, -0.9999948755235526, -0.0031741642099997777, 0.08535343781051871], [0.0018045227107529272, 0.003173407443063632, -0.9999933365692928, 0.005969196825357931], [0.0, 0.0, 0.0, 1.0]]}, "mean_rme": {"type": "float", "data": 0.0016161128523461766}, "max_rme": {"type": "float", "data": 0.005685696601421035}, "simu": {"type": "float", "data": 0.002}}, {"type": "dict", "image_number": {"type": "int", "data": 19}, "Hcamera2end": {"type": "ndarray", "data": [[0.9999978562456875, -0.0009973511342895817, -0.0018146059473913346, -0.018383991674643475], [0.0018131768433767323, -0.0014319407907061876, 0.9999973309640915, 0.020648024782541657], [-0.0009999468805987183, -0.9999984774169843, -0.001430129346995379, 0.029227785056150816], [0.0, 0.0, 0.0, 1.0]]}, "Hobj2base": {"type": "ndarray", "data": [[0.9999974787758563, -0.0009675132535933649, 0.002026415563251608, -0.7316425518806678], [-0.0009626516107400081, -0.9999966596756233, -0.0023987370576321315, 0.08569669757654877], [0.00202872960426145, 0.002396780277672354, -0.9999950698380933, 0.006125424521774614], [0.0, 0.0, 0.0, 1.0]]}, "mean_rme": {"type": "float", "data": 0.0016760694122317779}, "max_rme": {"type": "float", "data": 0.005797455540044766}, "simu": {"type": "float", "data": 0.002}}, {"type": "dict", "image_number": {"type": "int", "data": 20}, "Hcamera2end": {"type": "ndarray", "data": [[0.9999968796033043, -0.0018232120378535136, -0.0017078294761193788, -0.01835161665343709], [0.0017053199128506161, -0.0013771200433057018, 0.9999975977093049, 0.02134798617122622], [-0.001825559544170313, -0.9999973897157187, -0.0013740065863512285, 0.030048901733302005], [0.0, 0.0, 0.0, 1.0]]}, "Hobj2base": {"type": "ndarray", "data": [[0.999996317508189, -0.0017615802006280636, 0.002064414022948063, -0.7323124601732431], [-0.0017571208395442293, -0.9999961235929631, -0.0021599364349806456, 0.08600348014064786], [0.002068210921697494, 0.0021563010561312422, -0.9999955364247077, 0.005368674472946908], [0.0, 0.0, 0.0, 1.0]]}, "mean_rme": {"type": "float", "data": 0.0016739271155412562}, "max_rme": {"type": "float", "data": 0.005337689085755104}, "simu": {"type": "float", "data": 0.002}}, {"type": "dict", "image_number": {"type": "int", "data": 21}, "Hcamera2end": {"type": "ndarray", "data": [[0.9999957744234185, -0.0023225973069428522, -0.001748335510535725, -0.018279752303112094], [0.0017450899065882145, -0.0013986951719553442, 0.9999974991533899, 0.021240079318944904], [-0.0023250368869207946, -0.9999963245900286, -0.001394636120544357, 0.030415059773820894], [0.0, 0.0, 0.0, 1.0]]}, "Hobj2base": {"type": "ndarray", "data": [[0.9999951627977968, -0.002248063907314496, 0.0021495556928320027, -0.7326353408152202], [-0.0022435587053811464, -0.9999952866130513, -0.0020959952330639026, 0.08606646886279132], [0.002154257492377609, 0.0020911624399237885, -0.9999954930969972, 0.005435007091525044], [0.0, 0.0, 0.0, 1.0]]}, "mean_rme": {"type": "float", "data": 0.0016365097914720417}, "max_rme": {"type": "float", "data": 0.0054236789986962}, "simu": {"type": "float", "data": 0.002}}, {"type": "dict", "image_number": {"type": "int", "data": 22}, "Hcamera2end": {"type": "ndarray", "data": [[0.9999925040256993, -0.0035636396706782434, -0.0015140557153906326, -0.018251891744547163], [0.0015076181345652208, -0.001808455948000054, 0.999997228283481, 0.022625070532506297], [-0.0035663678963434023, -0.9999920149478103, -0.0018030697840680787, 0.030723950661955934], [0.0, 0.0, 0.0, 1.0]]}, "Hobj2base": {"type": "ndarray", "data": [[0.9999906232626, -0.0034388330305591495, 0.0026320741373917966, -0.7325036436691547], [-0.0034344377731480866, -0.9999927035203231, -0.0016725858114400617, 0.08641881315188318], [0.0026378066758511705, 0.0016635304332029443, -0.999995137309396, 0.003979320743642972], [0.0, 0.0, 0.0, 1.0]]}, "mean_rme": {"type": "float", "data": 0.0016598956646823987}, "max_rme": {"type": "float", "data": 0.005328837988534119}, "simu": {"type": "float", "data": 0.002}}, {"type": "dict", "image_number": {"type": "int", "data": 23}, "Hcamera2end": {"type": "ndarray", "data": [[0.9999907785566232, -0.0040799273989058655, -0.0013405200998770242, -0.01822972654871747], [0.001333553625710613, -0.0017097412498818798, 0.9999976492070297, 0.022885521159899194], [-0.004082209750352273, -0.9999902154407703, -0.001704284681624424, 0.03200012532636445], [0.0, 0.0, 0.0, 1.0]]}, "Hobj2base": {"type": "ndarray", "data": [[0.9999888254512941, -0.00394526856751574, 0.0026045783673127308, -0.7337232522852746], [-0.003941640819585752, -0.9999912565866969, -0.001396501990217562, 0.0867672244052894], [0.0026100651698140634, 0.0013862200725276446, -0.9999956329673245, 0.003645693772532249], [0.0, 0.0, 0.0, 1.0]]}, "mean_rme": {"type": "float", "data": 0.0017078618507651458}, "max_rme": {"type": "float", "data": 0.0054323166408338786}, "simu": {"type": "float", "data": 0.002}}, {"type": "dict", "image_number": {"type": "int", "data": 24}, "Hcamera2end": {"type": "ndarray", "data": [[0.9999921932241752, -0.003711766082627582, -0.0013550952924581904, -0.018242977103202593], [0.0013490400753017825, -0.001633375583554475, 0.9999977560850215, 0.022742821689965192], [-0.0037139711333041637, -0.9999917774045699, -0.0016283555109619652, 0.032114627913571586], [0.0, 0.0, 0.0, 1.0]]}, "Hobj2base": {"type": "ndarray", "data": [[0.9999902603078331, -0.0035927186107081225, 0.0025635253960984814, -0.7338909802230336], [-0.003588908109367402, -0.99999245055769, -0.0014894852162741059, 0.08669625031297129], [0.002568857344168275, 0.0014802704520639853, -0.999995604876009, 0.003779190985828943], [0.0, 0.0, 0.0, 1.0]]}, "mean_rme": {"type": "float", "data": 0.0016472545960932873}, "max_rme": {"type": "float", "data": 0.005443580273369331}, "simu": {"type": "float", "data": 0.002}}, {"type": "dict", "image_number": {"type": "int", "data": 25}, "Hcamera2end": {"type": "ndarray", "data": [[0.9999929685000684, -0.0035226321959179185, -0.001286084302640488, -0.01823331344546848], [0.0012802210216899008, -0.0016662096188990727, 0.999997792387384, 0.023122674976941548], [-0.0035247673053464155, -0.9999924073751352, -0.001661688155157437, 0.03239436158740622], [0.0, 0.0, 0.0, 1.0]]}, "Hobj2base": {"type": "ndarray", "data": [[0.9999908791169981, -0.0034197355673004845, 0.002558728485596354, -0.7341324885492309], [-0.00341611075637842, -0.9999931573284246, -0.0014196772974085332, 0.08673105201855531], [0.002563565898005714, 0.0014109234487957054, -0.9999957187032895, 0.003387693223352837], [0.0, 0.0, 0.0, 1.0]]}, "mean_rme": {"type": "float", "data": 0.0016087803663868176}, "max_rme": {"type": "float", "data": 0.005467401814255757}, "simu": {"type": "float", "data": 0.002}}, {"type": "dict", "image_number": {"type": "int", "data": 26}, "Hcamera2end": {"type": "ndarray", "data": [[0.9999933031734197, -0.0035528681173347568, -0.0008779159719754263, -0.018176976237542344], [0.0008718413776045825, -0.00171095973328117, 0.9999981562530023, 0.02339523979732723], [-0.003554363645622085, -0.9999922248422397, -0.001707850737846739, 0.03277583798720915], [0.0, 0.0, 0.0, 1.0]]}, "Hobj2base": {"type": "ndarray", "data": [[0.9999908017014743, -0.0034301974769574317, 0.0025749286809153434, -0.7344786462954147], [-0.0034277046362415783, -0.9999936530959119, -0.0009719098825975717, 0.0869415780015596], [0.0025782461809170875, 0.0009630748477027666, -0.9999962125595621, 0.003113900313482113], [0.0, 0.0, 0.0, 1.0]]}, "mean_rme": {"type": "float", "data": 0.0015746985227143762}, "max_rme": {"type": "float", "data": 0.005455750694143224}, "simu": {"type": "float", "data": 0.002}}, {"type": "dict", "image_number": {"type": "int", "data": 27}, "Hcamera2end": {"type": "ndarray", "data": [[0.9999944667634695, -0.0032763658941849807, -0.0005760806989403653, -0.01803393838663296], [0.0005708987409954254, -0.0015823329752906456, 0.9999985851474906, 0.02353965828579825], [-0.003277272810096835, -0.9999933808025345, -0.0015804537467039026, 0.03352223109445685], [0.0, 0.0, 0.0, 1.0]]}, "Hobj2base": {"type": "ndarray", "data": [[0.9999916526257967, -0.003217260300867083, 0.0025187129420248255, -0.7352464522089569], [-0.0032154739029625914, -0.9999945761797253, -0.0007129787586309094, 0.08699942300809879], [0.00252099311923401, 0.000704873951396277, -0.9999965738673333, 0.0029330468214242298], [0.0, 0.0, 0.0, 1.0]]}, "mean_rme": {"type": "float", "data": 0.0016294260451344676}, "max_rme": {"type": "float", "data": 0.005279442684113234}, "simu": {"type": "float", "data": 0.002}}, {"type": "dict", "image_number": {"type": "int", "data": 28}, "Hcamera2end": {"type": "ndarray", "data": [[0.9999964523546041, -0.002612860178811303, -0.0005179188083573177, -0.018057434766719088], [0.0005134827030483652, -0.0016981819110211127, 0.9999984262556171, 0.023859638892337876], [-0.002613735587189003, -0.999995144558154, -0.001696834227966404, 0.033506258357624386], [0.0, 0.0, 0.0, 1.0]]}, "Hobj2base": {"type": "ndarray", "data": [[0.9999936258720499, -0.002551219088353044, 0.0024978984034511966, -0.7352347779467853], [-0.002549491114868762, -0.9999965087298095, -0.000694710909501069, 0.08691482218822437], [0.0024996620423461675, 0.0006883381115393999, -0.999996638934511, 0.0026162942499369135], [0.0, 0.0, 0.0, 1.0]]}, "mean_rme": {"type": "float", "data": 0.00156863409907154}, "max_rme": {"type": "float", "data": 0.005313044594306399}, "simu": {"type": "float", "data": 0.002}}, {"type": "dict", "image_number": {"type": "int", "data": 29}, "Hcamera2end": {"type": "ndarray", "data": [[0.999995813384273, -0.002756656333021726, -0.000879806676407724, -0.018018501437251144], [0.0008752881972214334, -0.001639893806299586, 0.9999982723079456, 0.024032358073999727], [-0.0027580943598878643, -0.9999948557838515, -0.0016374740719422576, 0.03407283361996496], [0.0, 0.0, 0.0, 1.0]]}, "Hobj2base": {"type": "ndarray", "data": [[0.9999933697896703, -0.0026791330540468987, 0.002466297382396007, -0.7357843720979751], [-0.0026765239092504567, -0.9999958556511601, -0.0010606131562314058, 0.08679003262352669], [0.002469128684963728, 0.0010540050202317967, -0.9999963962319836, 0.002388522858262182], [0.0, 0.0, 0.0, 1.0]]}, "mean_rme": {"type": "float", "data": 0.0015618389578506752}, "max_rme": {"type": "float", "data": 0.005271155266965699}, "simu": {"type": "float", "data": 0.002}}, {"type": "dict", "image_number": {"type": "int", "data": 30}, "Hcamera2end": {"type": "ndarray", "data": [[0.9999945289529215, -0.0031999037081744622, -0.0008382603909842449, -0.017997573952380552], [0.0008327751149437392, -0.0017151480324566482, 0.9999981823747657, 0.02442447989417674], [-0.0032013356326090173, -0.9999934094200249, -0.0017124738486227198, 0.03396310852010932], [0.0, 0.0, 0.0, 1.0]]}, "Hobj2base": {"type": "ndarray", "data": [[0.9999918791977034, -0.0031330466999557644, 0.0025348682454439117, -0.7355764351249704], [-0.0031304839313332513, -0.9999945855741967, -0.0010143434552623307, 0.0868476843401888], [0.0025380325060030086, 0.0010063998536692603, -0.9999962727682199, 0.001993669417289077], [0.0, 0.0, 0.0, 1.0]]}, "mean_rme": {"type": "float", "data": 0.0015392981270959192}, "max_rme": {"type": "float", "data": 0.005205187978713333}, "simu": {"type": "float", "data": 0.002}}]}