{"type": "list", "data": [{"type": "dict", "image_number": {"type": "int", "data": 5}, "Hcamera2end": {"type": "ndarray", "data": [[0.9999905286197781, 0.0033113411418181564, 0.0028244805857571614, -0.01697619500784504], [-0.00282103881222931, -0.001043599990012023, 0.9999954763093085, 0.035534234334348096], [0.0033142737902461424, -0.9999939729412889, -0.0010342486837982001, 0.035830933520000045], [0.0, 0.0, 0.0, 1.0]]}, "Hobj2base": {"type": "ndarray", "data": [[0.9999936166286713, 0.0031600690354089437, 0.0016675327887215438, -0.7377757671044327], [0.0031588498284563, -0.9999947419760375, 0.0007332721453092167, 0.08966162308465683], [0.0016698412113951022, -0.0007279999788972299, -0.9999983408218032, -0.004334521304824856], [0.0, 0.0, 0.0, 1.0]]}, "mean_rme": {"type": "float", "data": 0.001502876279199385}, "max_rme": {"type": "float", "data": 0.005276165492294316}, "simu": {"type": "float", "data": 0.002}}, {"type": "dict", "image_number": {"type": "int", "data": 6}, "Hcamera2end": {"type": "ndarray", "data": [[0.9999913371170693, 0.003338605694278224, 0.0024858404682981746, -0.016897428616021004], [-0.00248254281865371, -0.0009915137798079954, 0.9999964269344054, 0.03532580252168788], [0.0033410585102998064, -0.9999939352878308, -0.0009832169588495088, 0.03586048823307005], [0.0, 0.0, 0.0, 1.0]]}, "Hobj2base": {"type": "ndarray", "data": [[0.9999933439308264, 0.003191351370679709, 0.0017684372968118733, -0.7377002660866973], [0.0031899084825023735, -0.9999945775570815, 0.0008181322067904402, 0.08941924087940596], [0.001771038654901114, -0.0008124856081120048, -0.9999981016428081, -0.004217782998696286], [0.0, 0.0, 0.0, 1.0]]}, "mean_rme": {"type": "float", "data": 0.00133401738572695}, "max_rme": {"type": "float", "data": 0.005086425661295885}, "simu": {"type": "float", "data": 0.002}}, {"type": "dict", "image_number": {"type": "int", "data": 7}, "Hcamera2end": {"type": "ndarray", "data": [[0.9999941430056007, 0.0028951472773563382, 0.0018253976927302814, -0.017126747352122336], [-0.0018251667160757556, -8.242068787156498e-05, 0.9999983309852517, 0.03454014731145363], [0.0028952928958463076, -0.9999958056557402, -7.713607868531369e-05, 0.03570997435705009], [0.0, 0.0, 0.0, 1.0]]}, "Hobj2base": {"type": "ndarray", "data": [[0.9999956015530242, 0.0028839478435381607, 0.0006926178174283983, -0.7381282867903841], [0.0028835911305672996, -0.9999957095877807, 0.0005154689346667593, 0.08810663152099342], [0.0006941014313349942, -0.0005134694408087732, -0.9999996272860987, -0.004241169967855364], [0.0, 0.0, 0.0, 1.0]]}, "mean_rme": {"type": "float", "data": 0.0017389880239481084}, "max_rme": {"type": "float", "data": 0.005119662736033703}, "simu": {"type": "float", "data": 0.002}}, {"type": "dict", "image_number": {"type": "int", "data": 8}, "Hcamera2end": {"type": "ndarray", "data": [[0.9999942177491165, 0.002897533142907108, 0.0017801039347327295, -0.016836678576988437], [-0.0017825407359290729, 0.0008386265307956942, 0.9999980596251509, 0.034727274543830386], [0.0028960346782194316, -0.999995450493265, 0.0008437866525077276, 0.035407858201799786], [0.0, 0.0, 0.0, 1.0]]}, "Hobj2base": {"type": "ndarray", "data": [[0.9999957935541367, 0.002896156572707206, -0.00015859110553380275, -0.7389212361779496], [0.0028962321683330414, -0.9999956914132755, 0.0004785332917407583, 0.08831787996750776], [-0.00015720451489213667, -0.00047899059547783126, -0.9999998729273665, -0.0039357918283033505], [0.0, 0.0, 0.0, 1.0]]}, "mean_rme": {"type": "float", "data": 0.0018012600678624922}, "max_rme": {"type": "float", "data": 0.005395559507407333}, "simu": {"type": "float", "data": 0.002}}, {"type": "dict", "image_number": {"type": "int", "data": 9}, "Hcamera2end": {"type": "ndarray", "data": [[0.9999944846096294, 0.0028493602749329505, 0.0017064279490629983, -0.016460274214753073], [-0.001710470456600124, 0.0014169085107450519, 0.9999975333275024, 0.034878084537089384], [0.002846935394210324, -0.9999949367453296, 0.0014217744425119028, 0.03546218582727671], [0.0, 0.0, 0.0, 1.0]]}, "Hobj2base": {"type": "ndarray", "data": [[0.9999952287020756, 0.002932364639049966, -0.0009714992059350623, -0.7393366087174703], [0.0029327240042082274, -0.999995631589262, 0.0003686899889322006, 0.08853232600476808], [-0.0009704138285411827, -0.0003715373688437367, -0.9999994601283466, -0.00354506517296948], [0.0, 0.0, 0.0, 1.0]]}, "mean_rme": {"type": "float", "data": 0.0017815023223739033}, "max_rme": {"type": "float", "data": 0.005737751832832982}, "simu": {"type": "float", "data": 0.002}}, {"type": "dict", "image_number": {"type": "int", "data": 10}, "Hcamera2end": {"type": "ndarray", "data": [[0.9999945106634394, 0.0028834136714631802, 0.0016323506325485724, -0.016728740875915065], [-0.001636675837423765, 0.0014983070952487854, 0.9999975381809951, 0.034649147091924494], [0.0028809608104859255, -0.9999947204867867, 0.0015030180840223117, 0.03532160442992061], [0.0, 0.0, 0.0, 1.0]]}, "Hobj2base": {"type": "ndarray", "data": [[0.9999951273722599, 0.0029403667964492085, -0.0010485584580846965, -0.7393437841371465], [0.0029415395573639674, -0.9999950479512782, 0.0011186679370185203, 0.0885362712721128], [-0.001045263971513863, -0.001121746862348763, -0.9999988245529126, -0.003512850052827088], [0.0, 0.0, 0.0, 1.0]]}, "mean_rme": {"type": "float", "data": 0.0017878606873553227}, "max_rme": {"type": "float", "data": 0.005375661878849469}, "simu": {"type": "float", "data": 0.002}}, {"type": "dict", "image_number": {"type": "int", "data": 11}, "Hcamera2end": {"type": "ndarray", "data": [[0.9999933065197575, 0.0029586163941112617, 0.0021525577146544184, -0.01684263543701629], [-0.002157350417054724, 0.0016176777464497194, 0.9999963644723349, 0.03457355436765209], [0.0029551234932665652, -0.9999943148377102, 0.0016240496908673796, 0.03524609265472445], [0.0, 0.0, 0.0, 1.0]]}, "Hobj2base": {"type": "ndarray", "data": [[0.9999956819060931, 0.0028274969557225177, -0.0008008933344784306, -0.7391940623614341], [0.0028285957360433965, -0.9999950553675403, 0.0013741494212954077, 0.08861986032138854], [-0.0007970039710498316, -0.001376408891060096, -0.9999987351408175, -0.0035992033018914264], [0.0, 0.0, 0.0, 1.0]]}, "mean_rme": {"type": "float", "data": 0.0017611254563355979}, "max_rme": {"type": "float", "data": 0.005225856694417386}, "simu": {"type": "float", "data": 0.002}}, {"type": "dict", "image_number": {"type": "int", "data": 12}, "Hcamera2end": {"type": "ndarray", "data": [[0.9999929949966677, 0.0030123920963931365, 0.0022215875972338463, -0.017092531184650137], [-0.002226581373700168, 0.001655405418402922, 0.9999961509767361, 0.03463883919622006], [0.0030087028734799596, -0.9999940925459303, 0.0016621011584145862, 0.03518957726853543], [0.0, 0.0, 0.0, 1.0]]}, "Hobj2base": {"type": "ndarray", "data": [[0.9999953841276044, 0.0029020016857263763, -0.0009000609429277043, -0.7392840086236635], [0.002903348095195802, -0.9999946629276537, 0.0014982276351849938, 0.08879890387200472], [-0.0008957082801144269, -0.0015008339097816196, -0.9999984726009599, -0.0036925596543102013], [0.0, 0.0, 0.0, 1.0]]}, "mean_rme": {"type": "float", "data": 0.001793551107231705}, "max_rme": {"type": "float", "data": 0.005256784028002559}, "simu": {"type": "float", "data": 0.002}}, {"type": "dict", "image_number": {"type": "int", "data": 13}, "Hcamera2end": {"type": "ndarray", "data": [[0.9999943329766172, 0.002829241359683617, 0.0018246665391499412, -0.017228879592602112], [-0.0018290515269461117, 0.0015480690894638105, 0.9999971290221817, 0.034515056881409864], [0.0028264085271265935, -0.9999947994241883, 0.0015532351447491433, 0.035196978522140106], [0.0, 0.0, 0.0, 1.0]]}, "Hobj2base": {"type": "ndarray", "data": [[0.9999959035431356, 0.0027303502642970724, -0.0008591183749083651, -0.7391524858782843], [0.0027311103495718577, -0.9999958790730525, 0.0008848012046166766, 0.08835514582317044], [-0.0008566990173414272, -0.0008871439271519279, -0.9999992395209343, -0.0038919773609806083], [0.0, 0.0, 0.0, 1.0]]}, "mean_rme": {"type": "float", "data": 0.0017836821761357867}, "max_rme": {"type": "float", "data": 0.00505995106243598}, "simu": {"type": "float", "data": 0.002}}, {"type": "dict", "image_number": {"type": "int", "data": 14}, "Hcamera2end": {"type": "ndarray", "data": [[0.9999887147256762, 0.003588311050637333, 0.003113590386369631, -0.016811035220073003], [-0.003120219492748112, 0.001843301775532491, 0.9999934332128793, 0.03464949166869714], [0.0035825482002750653, -0.9999918630980795, 0.0018544772914526053, 0.035120778283322135], [0.0, 0.0, 0.0, 1.0]]}, "Hobj2base": {"type": "ndarray", "data": [[0.9999933255738988, 0.0034905248340407593, -0.001079372057037988, -0.739634852644918], [0.0034927838089397895, -0.9999916991721205, 0.002098105840985349, 0.08897064174651977], [-0.0010720396068139189, -0.0021018618505776053, -0.9999972164500475, -0.003353855168106553], [0.0, 0.0, 0.0, 1.0]]}, "mean_rme": {"type": "float", "data": 0.0019402778655905817}, "max_rme": {"type": "float", "data": 0.005304145616428113}, "simu": {"type": "float", "data": 0.002}}, {"type": "dict", "image_number": {"type": "int", "data": 15}, "Hcamera2end": {"type": "ndarray", "data": [[0.9999928356778153, 0.0034459212533056146, 0.0015665949565631526, -0.01711539716143142], [-0.001572667090289065, 0.001760118754175588, 0.9999972143462171, 0.03449478780089682], [0.0034431542609987967, -0.9999925137763218, 0.0017655254310685597, 0.035095501500660334], [0.0, 0.0, 0.0, 1.0]]}, "Hobj2base": {"type": "ndarray", "data": [[0.9999937560059167, 0.003370240897372731, -0.0010627443121301167, -0.7395357232104757], [0.0033710531018958092, -0.9999940266011513, 0.0007633891532425999, 0.08807905803099551], [-0.0010601651585895975, -0.0007669669541551721, -0.999999143905397, -0.003797405438952654], [0.0, 0.0, 0.0, 1.0]]}, "mean_rme": {"type": "float", "data": 0.001910055218487107}, "max_rme": {"type": "float", "data": 0.005087590374194539}, "simu": {"type": "float", "data": 0.002}}, {"type": "dict", "image_number": {"type": "int", "data": 16}, "Hcamera2end": {"type": "ndarray", "data": [[0.9999944679325914, 0.0030496847340049805, 0.0013279786280490872, -0.01709093333526317], [-0.0013328831607142128, 0.0016067407912874199, 0.9999978209008803, 0.034433166922855064], [0.003047544371008018, -0.9999940588858777, 0.0016107967761165298, 0.03514228772492666], [0.0, 0.0, 0.0, 1.0]]}, "Hobj2base": {"type": "ndarray", "data": [[0.9999950574272632, 0.0029726758341219847, -0.001023874713921103, -0.739397271330151], [0.002973192302035491, -0.999995453411709, 0.0005032727348641332, 0.08792275597676655], [-0.001022373992087414, -0.0005063144238197138, -0.9999993491983505, -0.0038238338139296273], [0.0, 0.0, 0.0, 1.0]]}, "mean_rme": {"type": "float", "data": 0.0018534256408697558}, "max_rme": {"type": "float", "data": 0.005161986686737008}, "simu": {"type": "float", "data": 0.002}}, {"type": "dict", "image_number": {"type": "int", "data": 17}, "Hcamera2end": {"type": "ndarray", "data": [[0.9999973227601426, 0.002111529216989565, 0.0009465288758616057, -0.01721437975302837], [-0.0009496679603753916, 0.0014861334011792016, 0.9999984447679301, 0.03443515768515265], [0.002110119264894012, -0.9999966664203835, 0.0014881346740883705, 0.035256393663647544], [0.0, 0.0, 0.0, 1.0]]}, "Hobj2base": {"type": "ndarray", "data": [[0.9999974605258322, 0.002085789048068892, -0.0008534787248337192, -0.7390735184046638], [0.0020860369500595496, -0.9999977822670574, 0.00028967362583166617, 0.08799348814903929], [-0.0008528726339695614, -0.0002914532783690691, -0.9999995938315456, -0.003969825257009263], [0.0, 0.0, 0.0, 1.0]]}, "mean_rme": {"type": "float", "data": 0.0019025796920054616}, "max_rme": {"type": "float", "data": 0.005275278422659513}, "simu": {"type": "float", "data": 0.002}}, {"type": "dict", "image_number": {"type": "int", "data": 18}, "Hcamera2end": {"type": "ndarray", "data": [[0.9999964929369868, 0.002638354051360743, 0.000230654777906841, -0.017380844592517364], [-0.00023480485354994657, 0.0015727774675593498, 0.9999987356180597, 0.03441295126154135], [0.002637987946836052, -0.9999952827183423, 0.001573391450066297, 0.03521311606864129], [0.0, 0.0, 0.0, 1.0]]}, "Hobj2base": {"type": "ndarray", "data": [[0.9999960360971696, 0.0026605860554849274, -0.0009214509154892884, -0.7392506806762698], [0.002660163876000136, -0.9999963563751073, -0.0004590911259807443, 0.0875079678289426], [-0.0009226690095157767, 0.0004566380957492387, -0.9999994700816337, -0.004160809091560019], [0.0, 0.0, 0.0, 1.0]]}, "mean_rme": {"type": "float", "data": 0.001867774742031345}, "max_rme": {"type": "float", "data": 0.005438005725058426}, "simu": {"type": "float", "data": 0.002}}, {"type": "dict", "image_number": {"type": "int", "data": 19}, "Hcamera2end": {"type": "ndarray", "data": [[0.9999972298942651, 0.0023470408212078113, -0.0001777728322421813, -0.01731473811216937], [0.00017414109129032344, 0.0015474838595870288, 0.9999987874835574, 0.03371799058348283], [0.0023473130759707915, -0.9999960483387362, 0.0015470708566432956, 0.03454991963858267], [0.0, 0.0, 0.0, 1.0]]}, "Hobj2base": {"type": "ndarray", "data": [[0.9999969250944891, 0.002324115340909933, -0.0008650372529027679, -0.7386206364853742], [0.0023233928422864225, -0.9999969520614762, -0.0008352924384002237, 0.08740661226300236], [-0.0008669759322926325, 0.0008332800485931964, -0.9999992769982853, -0.003478764099783573], [0.0, 0.0, 0.0, 1.0]]}, "mean_rme": {"type": "float", "data": 0.001806477722968441}, "max_rme": {"type": "float", "data": 0.005415427879170598}, "simu": {"type": "float", "data": 0.002}}, {"type": "dict", "image_number": {"type": "int", "data": 20}, "Hcamera2end": {"type": "ndarray", "data": [[0.9999982051900189, 0.0018757366869511247, -0.00026688690866028897, -0.017342561858862727], [0.0002635256400809659, 0.0017919912724037035, 0.9999983596594129, 0.03334297996716782], [0.0018762118691151445, -0.9999966351839193, 0.001791493751408857, 0.035155212815296995], [0.0, 0.0, 0.0, 1.0]]}, "Hobj2base": {"type": "ndarray", "data": [[0.9999976106296906, 0.0018388526187512442, -0.0011820981161722263, -0.7393384695968306], [0.0018378500049907244, -0.999997951012479, -0.0008486920543740774, 0.08742590420831595], [-0.0011836563136746366, 0.0008465175075057741, -0.99999894118236, -0.0031069605987053992], [0.0, 0.0, 0.0, 1.0]]}, "mean_rme": {"type": "float", "data": 0.001747186649775866}, "max_rme": {"type": "float", "data": 0.005486479947583778}, "simu": {"type": "float", "data": 0.002}}, {"type": "dict", "image_number": {"type": "int", "data": 21}, "Hcamera2end": {"type": "ndarray", "data": [[0.9999975261695105, 0.0021849448581498718, -0.00041673831823597267, -0.017339247399308373], [0.00041281115045275075, 0.0017975191582296768, 0.9999982992544686, 0.033534239540575356], [0.002185690237225666, -0.9999959974624112, 0.0017966127418713729, 0.03476905605704265], [0.0, 0.0, 0.0, 1.0]]}, "Hobj2base": {"type": "ndarray", "data": [[0.9999969691952563, 0.002128941904133944, -0.0012366109616539112, -0.738994480700098], [0.0021276287339097063, -0.9999971723988463, -0.0010622571638509756, 0.0873246143194667], [-0.0012388689488004184, 0.0010596228953422416, -0.9999986712006406, -0.003285480296525798], [0.0, 0.0, 0.0, 1.0]]}, "mean_rme": {"type": "float", "data": 0.0016878355822868166}, "max_rme": {"type": "float", "data": 0.005466127824560685}, "simu": {"type": "float", "data": 0.002}}, {"type": "dict", "image_number": {"type": "int", "data": 22}, "Hcamera2end": {"type": "ndarray", "data": [[0.9999971893565606, 0.0023118464431144833, -0.0005259705340147086, -0.017323423183079997], [0.0005217956467091623, 0.0018060993795122604, 0.9999982328656056, 0.03332971230498997], [0.002312792312826245, -0.999995696676268, 0.0018048879918010075, 0.03459158870155145], [0.0, 0.0, 0.0, 1.0]]}, "Hobj2base": {"type": "ndarray", "data": [[0.9999966511347332, 0.0022464487268915524, -0.001284985383581381, -0.7388869512526344], [0.0022448845300967793, -0.9999967391644513, -0.0012174374360407164, 0.08723835288868428], [-0.0012877161042336267, 0.00121454871519777, -0.9999984333280993, -0.0030841822178982307], [0.0, 0.0, 0.0, 1.0]]}, "mean_rme": {"type": "float", "data": 0.0016414829655404233}, "max_rme": {"type": "float", "data": 0.005465834827817206}, "simu": {"type": "float", "data": 0.002}}, {"type": "dict", "image_number": {"type": "int", "data": 23}, "Hcamera2end": {"type": "ndarray", "data": [[0.9999969065677674, 0.0024431675188649796, -0.00046667694471259815, -0.017231291143760638], [0.0004626621589796779, 0.0016435781170280883, 0.9999985422962876, 0.03370294542029038], [0.002443930977464668, -0.9999956647823272, 0.0016424426715715423, 0.03443509202947871], [0.0, 0.0, 0.0, 1.0]]}, "Hobj2base": {"type": "ndarray", "data": [[0.9999962100398088, 0.002406310699500182, -0.0013377499154277762, -0.738717662380738], [0.0024047805582206243, -0.9999964538533488, -0.0011442513685552772, 0.08719807527081513], [-0.0013404985958814656, 0.0011410300368997596, -0.9999984505557844, -0.0034135796409326714], [0.0, 0.0, 0.0, 1.0]]}, "mean_rme": {"type": "float", "data": 0.001645643363738477}, "max_rme": {"type": "float", "data": 0.005466009235471303}, "simu": {"type": "float", "data": 0.002}}, {"type": "dict", "image_number": {"type": "int", "data": 24}, "Hcamera2end": {"type": "ndarray", "data": [[0.9999971868972425, 0.002301804871931673, -0.0005726184881629508, -0.01722838413297415], [0.0005688137733412173, 0.0016532416892595103, 0.999998471620236, 0.033613088410820786], [0.002302748030656358, -0.9999959842350609, 0.0016519277402060606, 0.034311347889205285], [0.0, 0.0, 0.0, 1.0]]}, "Hobj2base": {"type": "ndarray", "data": [[0.9999965517166121, 0.0022463337384703115, -0.0013603454049266573, -0.7385951781664125], [0.0022446800759517976, -0.9999967414590485, -0.001215928715650475, 0.0872065959982739], [-0.0013630723538829877, 0.0012128709825568326, -0.9999983354874837, -0.003320115804089372], [0.0, 0.0, 0.0, 1.0]]}, "mean_rme": {"type": "float", "data": 0.0015960580889316732}, "max_rme": {"type": "float", "data": 0.005466695785754649}, "simu": {"type": "float", "data": 0.002}}, {"type": "dict", "image_number": {"type": "int", "data": 25}, "Hcamera2end": {"type": "ndarray", "data": [[0.9999987621372782, 0.0014793486698661251, -0.0005359584165752879, -0.017098989291419335], [0.000533651382027292, 0.0015594478657148247, 0.999998641668356, 0.03430961624464186], [0.0014801824596288543, -0.9999976898222653, 0.0015586564788702129, 0.034009055006843085], [0.0, 0.0, 0.0, 1.0]]}, "Hobj2base": {"type": "ndarray", "data": [[0.9999981420034201, 0.0014310034326619045, -0.0012915954798181201, -0.7380320206462343], [0.0014296462860796915, -0.9999984256863359, -0.0010510643874788702, 0.0873757486714973], [-0.0012930975231881386, 0.0010492159099239934, -0.999998613521424, -0.003973398588234394], [0.0, 0.0, 0.0, 1.0]]}, "mean_rme": {"type": "float", "data": 0.0016550112507299438}, "max_rme": {"type": "float", "data": 0.00544364419070642}, "simu": {"type": "float", "data": 0.002}}, {"type": "dict", "image_number": {"type": "int", "data": 26}, "Hcamera2end": {"type": "ndarray", "data": [[0.9999988377153523, 0.0012910144260116349, -0.000811079340425104, -0.017124827911379464], [0.0008090430101976518, 0.0015770517067542622, 0.9999984291774272, 0.03429041547650169], [0.0012922915121151633, -0.9999979230926762, 0.0015760053875738533, 0.03475833754669478], [0.0, 0.0, 0.0, 1.0]]}, "Hobj2base": {"type": "ndarray", "data": [[0.9999982765078537, 0.0012852861090923069, -0.001339783915392358, -0.7387754150124058], [0.0012835615825221931, -0.9999983477480185, -0.0012872338159059667, 0.08720583045023328], [-0.0013414361654744671, 0.0012855119022059157, -0.9999982740025919, -0.004054986365983207], [0.0, 0.0, 0.0, 1.0]]}, "mean_rme": {"type": "float", "data": 0.0016548969631165014}, "max_rme": {"type": "float", "data": 0.005543062542074095}, "simu": {"type": "float", "data": 0.002}}, {"type": "dict", "image_number": {"type": "int", "data": 27}, "Hcamera2end": {"type": "ndarray", "data": [[0.9999988511819352, 0.0012987322700096292, -0.0007816196649185322, -0.01712938265165092], [0.0007795790699628422, 0.001570984696657507, 0.9999984621305956, 0.03430135387413738], [0.0012999581852612002, -0.999997922648629, 0.0015699704273867132, 0.03473335035256393], [0.0, 0.0, 0.0, 1.0]]}, "Hobj2base": {"type": "ndarray", "data": [[0.9999982886986745, 0.0012927702398116533, -0.0013233838557228578, -0.7387423716779078], [0.0012911002438921067, -0.9999983702181743, -0.001261990948765306, 0.08721423004608117], [-0.0013250131632373773, 0.001260280167899636, -0.9999983280156097, -0.004061836790609518], [0.0, 0.0, 0.0, 1.0]]}, "mean_rme": {"type": "float", "data": 0.0015988225205702403}, "max_rme": {"type": "float", "data": 0.005536286744668939}, "simu": {"type": "float", "data": 0.002}}, {"type": "dict", "image_number": {"type": "int", "data": 28}, "Hcamera2end": {"type": "ndarray", "data": [[0.9999981368925752, 0.0015793627818196398, -0.0011098759307805665, -0.017181216407731306], [0.0011074325650311636, 0.0015470924227023453, 0.9999981900474368, 0.03404815675369996], [0.001581077003890575, -0.9999975560561332, 0.0015453405025264155, 0.03501766243645054], [0.0, 0.0, 0.0, 1.0]]}, "Hobj2base": {"type": "ndarray", "data": [[0.999997803078676, 0.0015702511993155178, -0.0013885780469669333, -0.7391362269604246], [0.001568039707888683, -0.999997502933111, -0.0015922873541442584, 0.0869990816622357], [-0.0013910748707221686, 0.0015901065104990694, -0.9999977682335046, -0.0038720074748309096], [0.0, 0.0, 0.0, 1.0]]}, "mean_rme": {"type": "float", "data": 0.0015804031752987993}, "max_rme": {"type": "float", "data": 0.005597230805524156}, "simu": {"type": "float", "data": 0.002}}, {"type": "dict", "image_number": {"type": "int", "data": 29}, "Hcamera2end": {"type": "ndarray", "data": [[0.9999985031068288, 0.001591788426485678, -0.0006782283590127847, -0.017151782808523967], [0.0006756566784909244, 0.0016155739918440881, 0.9999984667031893, 0.03394612097627485], [0.0015928817138989126, -0.9999974280618337, 0.0016144960710212652, 0.034742839013702516], [0.0, 0.0, 0.0, 1.0]]}, "Hobj2base": {"type": "ndarray", "data": [[0.9999978616850748, 0.001590445821921397, -0.0013217818903340252, -0.7388435495975098], [0.0015889568500812904, -0.9999981027941738, -0.0011267760120387015, 0.08720327680730602], [-0.0013235714588423102, 0.001124673348247778, -0.9999984916330888, -0.003694040344324232], [0.0, 0.0, 0.0, 1.0]]}, "mean_rme": {"type": "float", "data": 0.0015569499855846746}, "max_rme": {"type": "float", "data": 0.005531587969214713}, "simu": {"type": "float", "data": 0.002}}, {"type": "dict", "image_number": {"type": "int", "data": 30}, "Hcamera2end": {"type": "ndarray", "data": [[0.9999986099598267, 0.0015721868271088215, -0.0005552539915214287, -0.017084645169107723], [0.0005525776188646857, 0.0017022477727330898, 0.9999983985039655, 0.03366052846989072], [0.0015731294891282205, -0.9999973152869468, 0.00170137665128689, 0.0347119236650291], [0.0, 0.0, 0.0, 1.0]]}, "Hobj2base": {"type": "ndarray", "data": [[0.9999978441301727, 0.0015991558380436047, -0.0013245510984642307, -0.7388431048822292], [0.0015979740433697247, -0.9999983246912134, -0.0008928010549755438, 0.08721779862636825], [-0.0013259766074514123, 0.0008906825319382249, -0.9999987242345183, -0.003391884126829192], [0.0, 0.0, 0.0, 1.0]]}, "mean_rme": {"type": "float", "data": 0.0015430175390214922}, "max_rme": {"type": "float", "data": 0.005536449433327761}, "simu": {"type": "float", "data": 0.002}}]}