{"type": "list", "data": [{"type": "dict", "image_number": {"type": "int", "data": 5}, "Hcamera2end": {"type": "ndarray", "data": [[0.9999979489701545, 0.0005143315694102789, -0.0019589585296966943, -0.013058995475625765], [0.0019595925719566726, -0.0012351537873003249, 0.9999973171924385, 0.0270559310651736], [0.0005119105745105369, -0.999999104928679, -0.0012361591342859857, 0.031703097328228534], [0.0, 0.0, 0.0, 1.0]]}, "Hobj2base": {"type": "ndarray", "data": [[0.9999989446818703, 0.00015163363571913798, 0.0014448676015939579, -0.7341106642892159], [0.00015160329728864202, -0.99999998828547, 2.1106877788429675e-05, 0.09058314052216675], [0.0014448707851806308, -2.0887808821411707e-05, -0.9999989559555118, -0.0033370048791395044], [0.0, 0.0, 0.0, 1.0]]}, "mean_rme": {"type": "float", "data": 0.0013571786352172023}, "max_rme": {"type": "float", "data": 0.005402504993820334}, "simu": {"type": "float", "data": 0.002}}, {"type": "dict", "image_number": {"type": "int", "data": 6}, "Hcamera2end": {"type": "ndarray", "data": [[0.9999989398307195, 0.0005667052715349515, -0.0013413361145461192, -0.013284737314194139], [0.0013422790386798237, -0.0016667793857894075, 0.9999977100641088, 0.02736815705735833], [0.00056446826243107, -0.9999984503446063, -0.0016675382953281748, 0.031874219832673634], [0.0, 0.0, 0.0, 1.0]]}, "Hobj2base": {"type": "ndarray", "data": [[0.9999982832546019, 0.00024017357698772216, 0.0018373362517263478, -0.7338509484160293], [0.0002395943740103056, -0.9999999215415853, 0.0003154542102856506, 0.09138385064537197], [0.0018374118713379187, -0.00031501345330200796, -0.9999982623405597, -0.0032313333374675104], [0.0, 0.0, 0.0, 1.0]]}, "mean_rme": {"type": "float", "data": 0.0015257961466932197}, "max_rme": {"type": "float", "data": 0.005673116193939509}, "simu": {"type": "float", "data": 0.002}}, {"type": "dict", "image_number": {"type": "int", "data": 7}, "Hcamera2end": {"type": "ndarray", "data": [[0.9999988951480503, 0.0005990134517252855, -0.0013604725515207554, -0.01345157470252136], [0.0013616778618811935, -0.0020163701692965663, 0.99999704003799, 0.02711523606616724], [0.0005962684623991916, -0.9999977877146656, -0.0020171836048623604, 0.032086692775756716], [0.0, 0.0, 0.0, 1.0]]}, "Hobj2base": {"type": "ndarray", "data": [[0.9999977968675682, 0.000208604929564654, 0.0020887182656474075, -0.7332992978181279], [0.00020782860640638088, -0.9999999092545631, 0.0003718845739254818, 0.09127661122473411], [0.0020887956530611053, -0.00037144965920819106, -0.999997749476403, -0.0033458366307435117], [0.0, 0.0, 0.0, 1.0]]}, "mean_rme": {"type": "float", "data": 0.001543277341204631}, "max_rme": {"type": "float", "data": 0.006301775202978782}, "simu": {"type": "float", "data": 0.002}}, {"type": "dict", "image_number": {"type": "int", "data": 8}, "Hcamera2end": {"type": "ndarray", "data": [[0.9999993841098109, 0.00043428979495139337, -0.0010213581021075915, -0.013451857524365035], [0.001021934681010996, -0.001329493559030226, 0.9999985940472039, 0.02735988516243967], [0.00043293129534222686, -0.9999990219191471, -0.001329936556011102, 0.032010263426106904], [0.0, 0.0, 0.0, 1.0]]}, "Hobj2base": {"type": "ndarray", "data": [[0.9999988520122959, 2.9207755613504038e-05, 0.0015149656752822998, -0.7338246882412868], [2.8545792632781423e-05, -0.9999999041216356, 0.00043696894348867736, 0.09170636481994383], [0.0015149782929119804, -0.0004369251959576908, -0.9999987569678002, -0.003154611248953193], [0.0, 0.0, 0.0, 1.0]]}, "mean_rme": {"type": "float", "data": 0.0016397747365014933}, "max_rme": {"type": "float", "data": 0.0059320117112516}, "simu": {"type": "float", "data": 0.002}}, {"type": "dict", "image_number": {"type": "int", "data": 9}, "Hcamera2end": {"type": "ndarray", "data": [[0.9999993101803145, 0.000447927494710561, -0.001085817597251293, -0.013195763791861735], [0.0010860973757639, -0.0006248370268786552, 0.999999214985282, 0.02751450677970979], [0.0004472486840416861, -0.9999997044697809, -0.0006253230887303118, 0.0321196302620458], [0.0, 0.0, 0.0, 1.0]]}, "Hobj2base": {"type": "ndarray", "data": [[0.9999996640545568, 0.00014987998066230652, 0.0008058701911917378, -0.7343352803453573], [0.00014963127714593912, -0.9999999411677976, 0.000308666295468673, 0.09174789111211794], [0.0008059164066790156, -0.0003085456083877157, -0.999999627649107, -0.002838586098829532], [0.0, 0.0, 0.0, 1.0]]}, "mean_rme": {"type": "float", "data": 0.001626150691966101}, "max_rme": {"type": "float", "data": 0.005828158460158245}, "simu": {"type": "float", "data": 0.002}}, {"type": "dict", "image_number": {"type": "int", "data": 10}, "Hcamera2end": {"type": "ndarray", "data": [[0.9999992500514068, 0.00036528923170774547, -0.0011689569715039165, -0.01309264621063435], [0.0011691603500562785, -0.0005570436571413762, 0.9999991613828686, 0.027495784081353926], [0.00036463776530349046, -0.9999997781330462, -0.0005574703210733389, 0.03208021382579723], [0.0, 0.0, 0.0, 1.0]]}, "Hobj2base": {"type": "ndarray", "data": [[0.9999997423697323, 9.836522399306219e-05, 0.000711044830987686, -0.7344146335330926], [9.821766339169078e-05, -0.9999999736364049, 0.00020755837820851764, 0.0916545314115733], [0.0007110652287683519, -0.00020748848757333078, -0.9999997256673465, -0.002824952954933285], [0.0, 0.0, 0.0, 1.0]]}, "mean_rme": {"type": "float", "data": 0.001544882602664584}, "max_rme": {"type": "float", "data": 0.005708949917732742}, "simu": {"type": "float", "data": 0.002}}, {"type": "dict", "image_number": {"type": "int", "data": 11}, "Hcamera2end": {"type": "ndarray", "data": [[0.9999984287852177, 0.0002744598171354757, -0.0017513134798004015, -0.013011438842224464], [0.0017514849217381099, -0.0006256617560240763, 0.9999982704224721, 0.027745077938088572], [0.0002733636125688227, -0.9999997666095606, -0.0006261414852064551, 0.032156336023101424], [0.0, 0.0, 0.0, 1.0]]}, "Hobj2base": {"type": "ndarray", "data": [[0.9999997961398983, 2.85871208811585e-07, 0.0006385296234481792, -0.7345189637069045], [6.958288116636642e-07, -0.9999997938961178, -0.000642033673716915, 0.09157671468196821], [0.0006385293083058024, 0.0006420339871391741, -0.9999995900362573, -0.002791925796913791], [0.0, 0.0, 0.0, 1.0]]}, "mean_rme": {"type": "float", "data": 0.0015737711565594356}, "max_rme": {"type": "float", "data": 0.005623928450750049}, "simu": {"type": "float", "data": 0.002}}, {"type": "dict", "image_number": {"type": "int", "data": 12}, "Hcamera2end": {"type": "ndarray", "data": [[0.9999986713088652, 0.0002973597836649427, -0.0016027968253101922, -0.013009842185165599], [0.0016030052882188975, -0.0007021372900144485, 0.9999984686874634, 0.027731480611402678], [0.00029623394489481096, -0.9999997092901503, -0.0007026130263965147, 0.03216148462465727], [0.0, 0.0, 0.0, 1.0]]}, "Hobj2base": {"type": "ndarray", "data": [[0.9999998037310027, 0.00010929322449104569, 0.0006169221564314763, -0.7345162129068198], [0.00010958825510142785, -0.9999998796497664, -0.0004782163389573194, 0.09170610904809823], [0.0006168698163790617, 0.00047828385252093484, -0.9999996953580466, -0.002787662300126864], [0.0, 0.0, 0.0, 1.0]]}, "mean_rme": {"type": "float", "data": 0.0014826445624118926}, "max_rme": {"type": "float", "data": 0.005606099191717201}, "simu": {"type": "float", "data": 0.002}}, {"type": "dict", "image_number": {"type": "int", "data": 13}, "Hcamera2end": {"type": "ndarray", "data": [[0.9999991062549913, 0.00020048620226422213, -0.0013218526775933645, -0.013004597345050144], [0.0013219909001678139, -0.0006908784453554251, 0.9999988875128981, 0.02780920559101409], [0.00019957273970302352, -0.9999997412460949, -0.0006911428688212151, 0.0322297101663419], [0.0, 0.0, 0.0, 1.0]]}, "Hobj2base": {"type": "ndarray", "data": [[0.9999997294197477, 4.260739744818592e-05, 0.0007344011444771863, -0.7344344947997888], [4.272922524251409e-05, -0.9999999853302852, -0.00016587236906978375, 0.09198554522821974], [0.0007343940663137763, 0.000165903704579917, -0.999999716570618, -0.002684012874871475], [0.0, 0.0, 0.0, 1.0]]}, "mean_rme": {"type": "float", "data": 0.0015044177493055589}, "max_rme": {"type": "float", "data": 0.00572773285416775}, "simu": {"type": "float", "data": 0.002}}, {"type": "dict", "image_number": {"type": "int", "data": 14}, "Hcamera2end": {"type": "ndarray", "data": [[0.99999910952069, -0.0003225038019550177, -0.0012949707041837134, -0.012969830626322332], [0.0012946705602239557, -0.0009291442691174989, 0.9999987302587275, 0.027775662118382765], [-0.0003237066070670975, -0.9999995163409953, -0.0009287259055557051, 0.03235176050543177], [0.0, 0.0, 0.0, 1.0]]}, "Hobj2base": {"type": "ndarray", "data": [[0.9999995128212675, -0.00043165551481472815, 0.0008877109575844718, -0.7341574126905275], [-0.00043153867183296293, -0.9999998982002298, -0.00013181010642776997, 0.09201132515266122], [0.0008877677637750483, 0.00013142696060508183, -0.9999995972975946, -0.0026390957960560186], [0.0, 0.0, 0.0, 1.0]]}, "mean_rme": {"type": "float", "data": 0.0015013072043814813}, "max_rme": {"type": "float", "data": 0.005849683152732793}, "simu": {"type": "float", "data": 0.002}}, {"type": "dict", "image_number": {"type": "int", "data": 15}, "Hcamera2end": {"type": "ndarray", "data": [[0.9999998539525542, 0.0004853560426675255, 0.00023774856894958054, -0.0127804481327093], [-0.00023744841383331207, -0.0006183865214828277, 0.9999997806081562, 0.027978618599800886], [0.0004855029566949087, -0.999999691013763, -0.0006182711841467015, 0.03230308023626876], [0.0, 0.0, 0.0, 1.0]]}, "Hobj2base": {"type": "ndarray", "data": [[0.9999997379488859, 0.0003054670257588371, 0.0006563475114401479, -0.7346136101025504], [0.00030460440156567073, -0.9999990903386673, 0.0013139779286357432, 0.09275526377113588], [0.0006567482913159689, -0.0013137776579654219, -0.9999989213343923, -0.0021853929056198317], [0.0, 0.0, 0.0, 1.0]]}, "mean_rme": {"type": "float", "data": 0.0015870055232838586}, "max_rme": {"type": "float", "data": 0.005749576371002679}, "simu": {"type": "float", "data": 0.002}}, {"type": "dict", "image_number": {"type": "int", "data": 16}, "Hcamera2end": {"type": "ndarray", "data": [[0.9999994685348819, 0.0010071028310248528, -0.00022062148915444481, -0.012909995907735412], [0.00022112481919350291, -0.0004996961992240756, 0.9999998507037502, 0.027950104458861407], [0.0010069924369485793, -0.9999993680235983, -0.0004999186290843838, 0.032211852558101925], [0.0, 0.0, 0.0, 1.0]]}, "Hobj2base": {"type": "ndarray", "data": [[0.9999995530421234, 0.0008413638808699893, 0.00043130311069948773, -0.7348565142031185], [0.0008410131038801951, -0.9999993159995166, 0.0008128329827152571, 0.09233242909724595], [0.000431986704000788, -0.0008124698878453106, -0.9999995766399947, -0.002294735357863134], [0.0, 0.0, 0.0, 1.0]]}, "mean_rme": {"type": "float", "data": 0.0015852411411566882}, "max_rme": {"type": "float", "data": 0.0056414783116205125}, "simu": {"type": "float", "data": 0.002}}, {"type": "dict", "image_number": {"type": "int", "data": 17}, "Hcamera2end": {"type": "ndarray", "data": [[0.9999991750330409, 0.0011259278480116764, 0.0006182392082362382, -0.012858815346561407], [-0.0006177920417678212, -0.0003974582508836644, 0.9999997301799294, 0.02800369027865238], [0.0011261732684880786, -0.9999992871564557, -0.000396762333729761, 0.03221978169636507], [0.0, 0.0, 0.0, 1.0]]}, "Hobj2base": {"type": "ndarray", "data": [[0.9999994606549608, 0.0009570819634179499, 0.0004033409263266419, -0.7349234747183525], [0.0009565119786072394, -0.999998547094491, 0.0014109903406711573, 0.09259108789987495], [0.0004046907737160014, -0.0014106037792330228, -0.9999989232105979, -0.002105068236667562], [0.0, 0.0, 0.0, 1.0]]}, "mean_rme": {"type": "float", "data": 0.0015758670869530048}, "max_rme": {"type": "float", "data": 0.005664890589583249}, "simu": {"type": "float", "data": 0.002}}, {"type": "dict", "image_number": {"type": "int", "data": 18}, "Hcamera2end": {"type": "ndarray", "data": [[0.9999970538142409, 0.0022622916051587938, -0.000879999733850531, -0.013171682359523831], [0.0008801684122700816, -7.356634626853875e-05, 0.9999996099457031, 0.027929308066436134], [0.002262225984377096, -0.9999974383090617, -7.555732713870889e-05, 0.032078870100085075], [0.0, 0.0, 0.0, 1.0]]}, "Hobj2base": {"type": "ndarray", "data": [[0.9999976475023826, 0.002154155179504928, 0.00025417545735865245, -0.7352283246201078], [0.002154160579998659, -0.9999976795734249, -2.0975254965335555e-05, 0.0915958802307477], [0.00025412968360904146, 2.1522740371743366e-05, -0.9999999674774371, -0.0024416546363904834], [0.0, 0.0, 0.0, 1.0]]}, "mean_rme": {"type": "float", "data": 0.0016643583893958056}, "max_rme": {"type": "float", "data": 0.0057531376580817195}, "simu": {"type": "float", "data": 0.002}}, {"type": "dict", "image_number": {"type": "int", "data": 19}, "Hcamera2end": {"type": "ndarray", "data": [[0.9999961025597178, 0.002637420667807564, -0.0009159026123152107, -0.01322465683888361], [0.000916083075289488, -6.721680124965879e-05, 0.9999995781367612, 0.029077726438150677], [0.0026373579911328836, -0.999996519741005, -6.963263571235778e-05, 0.03279088505885293], [0.0, 0.0, 0.0, 1.0]]}, "Hobj2base": {"type": "ndarray", "data": [[0.9999967820914842, 0.0025100045652755934, 0.00036835276404552277, -0.7357672319550342], [0.0025100403219177744, -0.999996845174018, -9.664157065318001e-05, 0.0915252690779405], [0.0003681090311731174, 9.756583995989097e-05, -0.9999999274883213, -0.003673748144695545], [0.0, 0.0, 0.0, 1.0]]}, "mean_rme": {"type": "float", "data": 0.0016977361877974048}, "max_rme": {"type": "float", "data": 0.006061250394265721}, "simu": {"type": "float", "data": 0.002}}, {"type": "dict", "image_number": {"type": "int", "data": 20}, "Hcamera2end": {"type": "ndarray", "data": [[0.9999959080971709, 0.0026409979197262383, -0.0010995084822644145, -0.01310683538201771], [0.0011005676457356136, -0.0003996268735078079, 0.9999993145243751, 0.029843041226341405], [0.0026405567162493754, -0.9999964327078126, -0.00040253183513638824, 0.032161567033987065], [0.0, 0.0, 0.0, 1.0]]}, "Hobj2base": {"type": "ndarray", "data": [[0.9999965761988727, 0.002497332001208576, 0.0007816158953191583, -0.7348502551026014], [0.0024975679597578457, -0.9999968357550151, -0.0003010552177151468, 0.09137682357480502], [0.0007808615872656505, 0.00030300632577893956, -0.9999996492211127, -0.004466121809940373], [0.0, 0.0, 0.0, 1.0]]}, "mean_rme": {"type": "float", "data": 0.0017744853969122415}, "max_rme": {"type": "float", "data": 0.0061989084003720996}, "simu": {"type": "float", "data": 0.002}}, {"type": "dict", "image_number": {"type": "int", "data": 21}, "Hcamera2end": {"type": "ndarray", "data": [[0.9999959231131156, 0.002545074738584523, -0.0012947400213612027, -0.01308706995515283], [0.0012951470665864692, -0.00015829286847290902, 0.9999991487683592, 0.0298395971122159], [0.0025448676240244694, -0.9999967487636857, -0.00016158846921277004, 0.0315607198801829], [0.0, 0.0, 0.0, 1.0]]}, "Hobj2base": {"type": "ndarray", "data": [[0.9999968865505248, 0.0023868729798833363, 0.0007278232167460147, -0.7342637069311332], [0.0023872209337069705, -0.9999970365417852, -0.00047758126178721325, 0.09137485222003827], [0.0007266811340628656, 0.00047931724968113833, -0.9999996210946802, -0.004415529337298158], [0.0, 0.0, 0.0, 1.0]]}, "mean_rme": {"type": "float", "data": 0.0017565613985836188}, "max_rme": {"type": "float", "data": 0.006254033338048498}, "simu": {"type": "float", "data": 0.002}}, {"type": "dict", "image_number": {"type": "int", "data": 22}, "Hcamera2end": {"type": "ndarray", "data": [[0.9999968738420278, 0.0020980896938173166, -0.0013602668150159952, -0.013041159451022397], [0.001360869469998212, -0.00028583899201328755, 0.999999033164711, 0.02913409703006038], [0.0020976988480148877, -0.9999977581553409, -0.0002886933246450951, 0.032220791232885224], [0.0, 0.0, 0.0, 1.0]]}, "Hobj2base": {"type": "ndarray", "data": [[0.9999976992021945, 0.0019332311858652322, 0.0009296276132035777, -0.7348753448352394], [0.0019336400939478381, -0.9999980340831935, -0.0004391648156767208, 0.09135985869371245], [0.0009287767785156281, 0.0004409613704726082, -0.999999471463243, -0.003802686063496556], [0.0, 0.0, 0.0, 1.0]]}, "mean_rme": {"type": "float", "data": 0.0017502033778670344}, "max_rme": {"type": "float", "data": 0.006093919756392285}, "simu": {"type": "float", "data": 0.002}}, {"type": "dict", "image_number": {"type": "int", "data": 23}, "Hcamera2end": {"type": "ndarray", "data": [[0.9999974634055874, 0.0016816147650010414, -0.0014984505908090988, -0.012922264537577739], [0.0014988893863536502, -0.0002597070835221871, 0.9999988429407497, 0.029197622975633834], [0.0016812236610403812, -0.9999985523609586, -0.00026222697927380523, 0.03220744951623701], [0.0, 0.0, 0.0, 1.0]]}, "Hobj2base": {"type": "ndarray", "data": [[0.9999983562957785, 0.001516194091995424, 0.0009942641584381592, -0.7347664800113626], [0.0015166814219747995, -0.9999987299982043, -0.0004895706727516862, 0.09130987213509596], [0.000993520611559252, 0.0004910778500199431, -0.9999993858794816, -0.0038787243676286715], [0.0, 0.0, 0.0, 1.0]]}, "mean_rme": {"type": "float", "data": 0.0017549435230380089}, "max_rme": {"type": "float", "data": 0.006059057981335048}, "simu": {"type": "float", "data": 0.002}}, {"type": "dict", "image_number": {"type": "int", "data": 24}, "Hcamera2end": {"type": "ndarray", "data": [[0.999998035493275, 0.00155693786071852, -0.001226765702344311, -0.01285550045350358], [0.0012272035303041303, -0.00028028676124569607, 0.9999992077050998, 0.029269246172183433], [0.0015565927809790756, -0.999998748691132, -0.0002821968902595451, 0.03270279091250659], [0.0, 0.0, 0.0, 1.0]]}, "Hobj2base": {"type": "ndarray", "data": [[0.9999985568501714, 0.0013969889792455987, 0.0009668088572821567, -0.7352425112349067], [0.0013971698664183314, -0.9999990065764393, -0.00018644703933678246, 0.09142657319411007], [0.000966547432372293, 0.00018779756646775057, -0.9999995152589498, -0.003950038589856074], [0.0, 0.0, 0.0, 1.0]]}, "mean_rme": {"type": "float", "data": 0.0017395640436517093}, "max_rme": {"type": "float", "data": 0.006027339163588691}, "simu": {"type": "float", "data": 0.002}}, {"type": "dict", "image_number": {"type": "int", "data": 25}, "Hcamera2end": {"type": "ndarray", "data": [[0.9999987219515474, 0.001257062047818998, -0.000987871590787124, -0.01285941390806037], [0.0009880986100941924, -0.00017998691440324066, 0.9999994956327966, 0.028908034480293464], [0.001256883609838676, -0.9999991936995344, -0.00018122878563353595, 0.033143618895691965], [0.0, 0.0, 0.0, 1.0]]}, "Hobj2base": {"type": "ndarray", "data": [[0.9999989800423786, 0.001074842335391362, 0.0009405467327467627, -0.7357022075768207], [0.001074797067527317, -0.9999994212228589, 4.863343387283126e-05, 0.09163056254626961], [0.0009405984616534555, -4.7622487398561106e-05, -0.999999556503218, -0.003599043743299426], [0.0, 0.0, 0.0, 1.0]]}, "mean_rme": {"type": "float", "data": 0.0017289240542217288}, "max_rme": {"type": "float", "data": 0.005947457515355831}, "simu": {"type": "float", "data": 0.002}}, {"type": "dict", "image_number": {"type": "int", "data": 26}, "Hcamera2end": {"type": "ndarray", "data": [[0.9999988933451474, 0.0012070683650204099, -0.0008696519089556339, -0.012811811192505292], [0.0008699197803854469, -0.00022141173797374236, 0.9999995971081278, 0.028932840887172382], [0.0012068753275617822, -0.9999992469811186, -0.00022246154559457665, 0.032584846224448405], [0.0, 0.0, 0.0, 1.0]]}, "Hobj2base": {"type": "ndarray", "data": [[0.9999990169497388, 0.0010185008070272897, 0.0009637197010131296, -0.735125338897705], [0.0010183317471326393, -0.9999994660298939, 0.00017589877718429437, 0.0917038194483383], [0.000963898339462136, -0.0001749172179000767, -0.9999995201518639, -0.0035572424423436287], [0.0, 0.0, 0.0, 1.0]]}, "mean_rme": {"type": "float", "data": 0.001708609097179404}, "max_rme": {"type": "float", "data": 0.005931627352487007}, "simu": {"type": "float", "data": 0.002}}, {"type": "dict", "image_number": {"type": "int", "data": 27}, "Hcamera2end": {"type": "ndarray", "data": [[0.9999992770386997, 0.0007435862367373893, -0.0009449876117464918, -0.01276648979496415], [0.0009451460047815476, -0.00021268976846222643, 0.999999530730936, 0.02907386381406167], [0.00074338489859903, -0.9999997009212407, -0.00021339241225648564, 0.03254108513836406], [0.0, 0.0, 0.0, 1.0]]}, "Hobj2base": {"type": "ndarray", "data": [[0.9999993614544304, 0.0005522520656537023, 0.0009859555707893027, -0.7349910554496387], [0.0005520696101454362, -0.9999998304383515, 0.00018531706145035384, 0.09172529329124204], [0.0009860577453390377, -0.0001847726270093789, -0.9999994967744728, -0.0037023002173421876], [0.0, 0.0, 0.0, 1.0]]}, "mean_rme": {"type": "float", "data": 0.0016851829262146624}, "max_rme": {"type": "float", "data": 0.005869031480514597}, "simu": {"type": "float", "data": 0.002}}, {"type": "dict", "image_number": {"type": "int", "data": 28}, "Hcamera2end": {"type": "ndarray", "data": [[0.9999994448196045, 0.0005919438471633474, -0.000871758547277998, -0.012719569877732392], [0.0008719095029513478, -0.00025480672536959403, 0.9999995874235906, 0.029042740546531633], [0.0005917214730005357, -0.9999997923379859, -0.0002553227053714302, 0.0321599817868094], [0.0, 0.0, 0.0, 1.0]]}, "Hobj2base": {"type": "ndarray", "data": [[0.9999994619211804, 0.00036320056728316905, 0.0009717215124179803, -0.7345992949496944], [0.00036290880459414413, -0.9999998890246449, 0.00030041287809697264, 0.0917740144674439], [0.0009718305147085845, -0.0003000600701586958, -0.9999994827545686, -0.00362191833223741], [0.0, 0.0, 0.0, 1.0]]}, "mean_rme": {"type": "float", "data": 0.001674903817995496}, "max_rme": {"type": "float", "data": 0.005811402651528574}, "simu": {"type": "float", "data": 0.002}}, {"type": "dict", "image_number": {"type": "int", "data": 29}, "Hcamera2end": {"type": "ndarray", "data": [[0.9999998250412984, 0.00038755231833827717, -0.00044690107777273816, -0.01265893243678009], [0.00044699154551656095, -0.00023337843839521533, 0.9999998728665237, 0.02910242129954309], [0.000387447971991756, -0.9999998976688477, -0.00023355163017346747, 0.03161324771075619], [0.0, 0.0, 0.0, 1.0]]}, "Hobj2base": {"type": "ndarray", "data": [[0.9999994213737442, 0.00012782708231914828, 0.0010681350167103137, -0.7339735029710985], [0.0001270138739164473, -0.999999702093082, 0.0007613679946527551, 0.09199600327555811], [0.0010682320219548304, -0.0007612318861389049, -0.9999991397028114, -0.0035932688906276868], [0.0, 0.0, 0.0, 1.0]]}, "mean_rme": {"type": "float", "data": 0.0016854570752418926}, "max_rme": {"type": "float", "data": 0.005830373618814527}, "simu": {"type": "float", "data": 0.002}}, {"type": "dict", "image_number": {"type": "int", "data": 30}, "Hcamera2end": {"type": "ndarray", "data": [[0.9999994995929832, 0.0009982012465971884, -6.639318107133234e-05, -0.01265510336451534], [6.646651647582895e-05, -7.343456052377739e-05, 0.9999999950947835, 0.028436665583029354], [0.0009981963661467217, -0.9999994991006926, -7.350087073620948e-05, 0.031225820373706605], [0.0, 0.0, 0.0, 1.0]]}, "Hobj2base": {"type": "ndarray", "data": [[0.9999991957824775, 0.0007104920635474223, 0.0010505405397670713, -0.7337628725370882], [0.0007091987527243572, -0.9999989908975382, 0.0012309512721186318, 0.09209916633339552], [0.0010514140607734805, -0.0012302052401255601, -0.9999986905609126, -0.0028424450164562538], [0.0, 0.0, 0.0, 1.0]]}, "mean_rme": {"type": "float", "data": 0.0016817780724863104}, "max_rme": {"type": "float", "data": 0.005925384999580591}, "simu": {"type": "float", "data": 0.002}}]}