{"type": "list", "data": [{"type": "dict", "image_number": {"type": "int", "data": 5}, "Hcamera2end": {"type": "ndarray", "data": [[0.9999955416249775, 0.002416218827858864, -0.001754598741562665, -0.01660747715279809], [0.0017569419074084523, -0.0009679846991055285, 0.9999979880783539, 0.023201150540920163], [0.002414515541881, -0.9999966124403611, -0.0009722255395829826, 0.028984253751439863], [0.0, 0.0, 0.0, 1.0]]}, "Hobj2base": {"type": "ndarray", "data": [[0.9999961726564466, 0.002676570621177427, 0.0007004585413314698, -0.7311225557831211], [0.002670444724385275, -0.9999594101556057, 0.008605043069459705, 0.08728347876262349], [0.0007234621153019549, -0.008603139599187237, -0.9999627306012986, 0.0006961391324044941], [0.0, 0.0, 0.0, 1.0]]}, "mean_rme": {"type": "float", "data": 0.0017019766375157431}, "max_rme": {"type": "float", "data": 0.006774421496080318}, "simu": {"type": "float", "data": 0.002}}, {"type": "dict", "image_number": {"type": "int", "data": 6}, "Hcamera2end": {"type": "ndarray", "data": [[0.9999964665155455, 0.0026582979903080426, -2.0204409992312898e-05, -0.016825303397672926], [2.2591659716233873e-05, -0.000898009951157519, 0.9999995965337908, 0.023565803734859087], [0.002658278774013399, -0.999996063507213, -0.0008980668334168662, 0.028983102797103793], [0.0, 0.0, 0.0, 1.0]]}, "Hobj2base": {"type": "ndarray", "data": [[0.9999952187828942, 0.002981394230931102, 0.00082079217301178, -0.73111013331336], [0.002973873625029979, -0.9999549307712523, 0.009016235462910744, 0.08809021862152912], [0.0008476361329354186, -0.009013751422136567, -0.9999590160593015, 0.00020348321643759437], [0.0, 0.0, 0.0, 1.0]]}, "mean_rme": {"type": "float", "data": 0.0015894885010315869}, "max_rme": {"type": "float", "data": 0.00714738879034571}, "simu": {"type": "float", "data": 0.002}}, {"type": "dict", "image_number": {"type": "int", "data": 7}, "Hcamera2end": {"type": "ndarray", "data": [[0.99999526408319, 0.002861676846686315, 0.0011325267397701774, -0.01689183397314446], [-0.0011285602539640983, -0.0013873053195325724, 0.9999984008665732, 0.023915956199166335], [0.002863243430853809, -0.9999949430820017, -0.0013840691746211942, 0.02911598920697762], [0.0, 0.0, 0.0, 1.0]]}, "Hobj2base": {"type": "ndarray", "data": [[0.9999933286554142, 0.0034265834679878785, 0.0012653736213616412, -0.7308329870576815], [0.003414267408162723, -0.9999479910691673, 0.00961030357490652, 0.0888627559964953], [0.0012982383179846097, -0.009605919137345235, -0.9999530193438071, -0.0002163706819844743], [0.0, 0.0, 0.0, 1.0]]}, "mean_rme": {"type": "float", "data": 0.0015915410883523054}, "max_rme": {"type": "float", "data": 0.007308949657587549}, "simu": {"type": "float", "data": 0.002}}, {"type": "dict", "image_number": {"type": "int", "data": 8}, "Hcamera2end": {"type": "ndarray", "data": [[0.9999953595273235, 0.0025934051404201395, 0.0015984910373567592, -0.016670551555348495], [-0.0015950377014004066, -0.0013331059750416596, 0.999997839339261, 0.02403649416936918], [0.002595530494904423, -0.999995748530081, -0.0013289632098258952, 0.029154954875320407], [0.0, 0.0, 0.0, 1.0]]}, "Hobj2base": {"type": "ndarray", "data": [[0.9999942304217981, 0.0032042872066406925, 0.0011276819645087669, -0.7307775595843354], [0.0031933190651399533, -0.9999488463684298, 0.009597257931059122, 0.08917805395907683], [0.0011583766502883492, -0.009593601510612284, -0.9999533093967901, -0.00019421894462222367], [0.0, 0.0, 0.0, 1.0]]}, "mean_rme": {"type": "float", "data": 0.0015462348786101367}, "max_rme": {"type": "float", "data": 0.007003618782754684}, "simu": {"type": "float", "data": 0.002}}, {"type": "dict", "image_number": {"type": "int", "data": 9}, "Hcamera2end": {"type": "ndarray", "data": [[0.999996283860944, 0.002348928153671471, 0.0013837632858287312, -0.016739531032656595], [-0.0013792815066975242, -0.0019085591129808233, 0.9999972274884755, 0.023843238177777604], [0.002351562635270471, -0.9999954199588325, -0.001905312187346686, 0.02909043806674705], [0.0, 0.0, 0.0, 1.0]]}, "Hobj2base": {"type": "ndarray", "data": [[0.9999941105904694, 0.003232012420154222, 0.0011545042624856324, -0.7305863035169774], [0.003221500318294782, -0.9999543641604962, 0.00899397198558695, 0.08862046215620553], [0.001183520204878339, -0.008990199780553551, -0.9999588869487739, -0.0001570269681743539], [0.0, 0.0, 0.0, 1.0]]}, "mean_rme": {"type": "float", "data": 0.0015708349264323617}, "max_rme": {"type": "float", "data": 0.007055253972375386}, "simu": {"type": "float", "data": 0.002}}, {"type": "dict", "image_number": {"type": "int", "data": 10}, "Hcamera2end": {"type": "ndarray", "data": [[0.999995093135393, 0.0023159566129753078, 0.0021095141865866, -0.016683620030661955], [-0.0021055252723317227, -0.0017234506171799335, 0.999996298233797, 0.024108773419449524], [0.0023195836833722148, -0.9999958330227864, -0.0017185658552629768, 0.02901311134768072], [0.0, 0.0, 0.0, 1.0]]}, "Hobj2base": {"type": "ndarray", "data": [[0.9999945638777634, 0.0031284390131514736, 0.001041673779402133, -0.7307114372007308], [0.003118876612034066, -0.9999541088988151, 0.009058294820500131, 0.08910363224377874], [0.0010699642987544015, -0.009054996726514285, -0.9999584302413183, -0.00029056735464298987], [0.0, 0.0, 0.0, 1.0]]}, "mean_rme": {"type": "float", "data": 0.0016125772279678087}, "max_rme": {"type": "float", "data": 0.006961152615329702}, "simu": {"type": "float", "data": 0.002}}, {"type": "dict", "image_number": {"type": "int", "data": 11}, "Hcamera2end": {"type": "ndarray", "data": [[0.999995773909437, 0.0022876148288096705, 0.0017941520730426212, -0.01641979546416335], [-0.0017899916421053182, -0.0018194285326167403, 0.999996742799563, 0.0242296809250283], [0.0022908717090631982, -0.9999957282399806, -0.001815326032122977, 0.029022361355621886], [0.0, 0.0, 0.0, 1.0]]}, "Hobj2base": {"type": "ndarray", "data": [[0.9999945458326034, 0.003118265037957202, 0.001088452203055652, -0.7306781105377781], [0.0031091107709323605, -0.9999606121923204, 0.00831309173377529, 0.08895592288642296], [0.0011143317546203721, -0.008309662274313226, -0.9999648532711674, -0.00015928922944067033], [0.0, 0.0, 0.0, 1.0]]}, "mean_rme": {"type": "float", "data": 0.0016893441206528418}, "max_rme": {"type": "float", "data": 0.0065648363496728646}, "simu": {"type": "float", "data": 0.002}}, {"type": "dict", "image_number": {"type": "int", "data": 12}, "Hcamera2end": {"type": "ndarray", "data": [[0.9999956305001347, 0.002224231971446969, 0.001947247486893052, -0.01640661070960156], [-0.001942906022567568, -0.001952389541677979, 0.9999962066384379, 0.024314651854342985], [0.0022280253197593716, -0.9999956204740174, -0.0019480595370193754, 0.02903316644061106], [0.0, 0.0, 0.0, 1.0]]}, "Hobj2base": {"type": "ndarray", "data": [[0.9999944739103293, 0.0031537777958688742, 0.0010515866194177785, -0.7306572940976213], [0.003145303417176025, -0.9999633305428006, 0.007965214131680071, 0.08890944460764148], [0.0010766685737750798, -0.007961862556205023, -0.9999677242438467, -0.00017963293969613472], [0.0, 0.0, 0.0, 1.0]]}, "mean_rme": {"type": "float", "data": 0.0016287036404040798}, "max_rme": {"type": "float", "data": 0.006490476395226041}, "simu": {"type": "float", "data": 0.002}}, {"type": "dict", "image_number": {"type": "int", "data": 13}, "Hcamera2end": {"type": "ndarray", "data": [[0.999994944382492, 0.0023405389828755696, 0.002152460621294472, -0.0165238944807696], [-0.0021480183122380234, -0.0018988457144144544, 0.9999958901926965, 0.02441561547945749], [0.0023446165543375536, -0.9999954581207972, -0.0018938085939810279, 0.02900369613086595], [0.0, 0.0, 0.0, 1.0]]}, "Hobj2base": {"type": "ndarray", "data": [[0.9999941705131689, 0.0032573226048339403, 0.0010241040607908932, -0.7306938115542381], [0.003249063515072918, -0.9999629965365637, 0.007965497090002173, 0.08903251288978112], [0.001050012359123728, -0.007962123276102231, -0.9999677505134761, -0.0003414699821662204], [0.0, 0.0, 0.0, 1.0]]}, "mean_rme": {"type": "float", "data": 0.0016125334046006785}, "max_rme": {"type": "float", "data": 0.006681850860861704}, "simu": {"type": "float", "data": 0.002}}, {"type": "dict", "image_number": {"type": "int", "data": 14}, "Hcamera2end": {"type": "ndarray", "data": [[0.9999924922842315, 0.002504123028216304, 0.002957151168082893, -0.01633626698813454], [-0.002952423451441243, -0.00188956964966569, 0.9999938563422791, 0.024517551345705872], [0.00250969538683821, -0.9999950794350935, -0.0018821622317599651, 0.028972595635277633], [0.0, 0.0, 0.0, 1.0]]}, "Hobj2base": {"type": "ndarray", "data": [[0.9999937658826715, 0.0033954901213752056, 0.0009689389188125399, -0.7307463597256768], [0.003387015420081596, -0.9999571287874292, 0.008617929783013777, 0.08955687915221433], [0.0009981594746711116, -0.008614594246769245, -0.9999623955147647, -0.0003684725324729275], [0.0, 0.0, 0.0, 1.0]]}, "mean_rme": {"type": "float", "data": 0.0016066667960147978}, "max_rme": {"type": "float", "data": 0.006491295599287961}, "simu": {"type": "float", "data": 0.002}}, {"type": "dict", "image_number": {"type": "int", "data": 15}, "Hcamera2end": {"type": "ndarray", "data": [[0.9999941075111475, 0.0024213431574585794, 0.0024335242545408626, -0.01638695591903204], [-0.002429118722603348, -0.0018207382673269823, 0.9999953921365802, 0.024474228354319096], [0.00242576281097473, -0.9999954109942081, -0.0018148458086493235, 0.028996962975191484], [0.0, 0.0, 0.0, 1.0]]}, "Hobj2base": {"type": "ndarray", "data": [[0.9999940203160936, 0.0033207397823906133, 0.000965411494544223, -0.730748469257053], [0.0033128878085476273, -0.9999623178157901, 0.008024196086833964, 0.08920175775903558], [0.0009920213828977001, -0.008020949804707255, -0.9999673395955517, -0.0003630902200982278], [0.0, 0.0, 0.0, 1.0]]}, "mean_rme": {"type": "float", "data": 0.0015636001572804177}, "max_rme": {"type": "float", "data": 0.006573394244485997}, "simu": {"type": "float", "data": 0.002}}, {"type": "dict", "image_number": {"type": "int", "data": 16}, "Hcamera2end": {"type": "ndarray", "data": [[0.999993376015045, 0.0032709165823692943, 0.001596568427596456, -0.016475788250188046], [-0.0015898842667024867, -0.0020450951536774564, 0.9999966449212873, 0.02442116919394029], [0.00327417074254049, -0.9999925593175799, -0.0020398812281858802, 0.028873699091111833], [0.0, 0.0, 0.0, 1.0]]}, "Hobj2base": {"type": "ndarray", "data": [[0.9999910374395342, 0.004159948786486603, 0.0007873161359904939, -0.7308624645636889], [0.004154215909840563, -0.9999658219444352, 0.007148246859525464, 0.0885342656476157], [0.0008170255679046404, -0.007144912111712555, -0.9999741410157252, -0.0003115404368074018], [0.0, 0.0, 0.0, 1.0]]}, "mean_rme": {"type": "float", "data": 0.0015914030868671187}, "max_rme": {"type": "float", "data": 0.006729491614927863}, "simu": {"type": "float", "data": 0.002}}, {"type": "dict", "image_number": {"type": "int", "data": 17}, "Hcamera2end": {"type": "ndarray", "data": [[0.9999971535142764, 0.002381329779579058, 0.0001491034055498702, -0.01665077181945939], [-0.0001450852285780986, -0.0016874504886519315, 0.9999985657295335, 0.024409524459737916], [0.0023815779687226405, -0.9999957408805943, -0.0016871001895728543, 0.029003952717828817], [0.0, 0.0, 0.0, 1.0]]}, "Hobj2base": {"type": "ndarray", "data": [[0.9999943864196859, 0.0032389321821441625, 0.0008581651563063517, -0.7308394958589325], [0.0032340076905696437, -0.9999786451198984, 0.005678952229889858, 0.08790787689385096], [0.0008765405714305811, -0.0056761450379201415, -0.9999835063910478, -0.00036074083322033904], [0.0, 0.0, 0.0, 1.0]]}, "mean_rme": {"type": "float", "data": 0.0015919668953665632}, "max_rme": {"type": "float", "data": 0.00692150921774537}, "simu": {"type": "float", "data": 0.002}}, {"type": "dict", "image_number": {"type": "int", "data": 18}, "Hcamera2end": {"type": "ndarray", "data": [[0.9459673955826796, 0.08516185102501449, -0.31287880341198465, -661.1232349857455], [-0.31290208210205267, -0.013420127135535864, -0.9496905744524726, 106.28462593613058], [-0.08507628054118482, 0.9962767483574333, 0.013952317786600554, 27.87582828286485], [0.0, 0.0, 0.0, 1.0]]}, "Hobj2base": {"type": "ndarray", "data": [[-0.9962038339831196, -0.08240831332144316, 0.02804979595020182, -28.046954897531155], [0.08193938100218401, -0.7788980027755528, 0.6217747494979462, -622.8294897458703], [-0.029391478328114614, 0.6217127722411449, 0.7826936628297934, 216.82254155941732], [0.0, 0.0, 0.0, 1.0]]}, "mean_rme": {"type": "float", "data": 26.60866626259116}, "max_rme": {"type": "float", "data": 339.2432977515106}, "simu": {"type": "float", "data": 0.002}}, {"type": "dict", "image_number": {"type": "int", "data": 18}, "Hcamera2end": {"type": "ndarray", "data": [[0.9999958248842724, 0.0028667195982465792, -0.0003635007132995168, -0.016792030115608692], [0.00036675078864159896, -0.0011332820938751986, 0.9999992905825257, 0.02437358226655043], [0.002866305615696109, -0.9999952487839332, -0.0011343287339646846, 0.03109758228620369], [0.0, 0.0, 0.0, 1.0]]}, "Hobj2base": {"type": "ndarray", "data": [[0.999994200823739, 0.0033946067171790714, 0.0002737957763016541, -0.7331733733675757], [0.0033931713021141028, -0.9999813246974383, 0.005082975985644078, 0.08741119056910224], [0.0002910453675068189, -0.0050820174725996195, -0.9999870441115735, -0.000271562685117805], [0.0, 0.0, 0.0, 1.0]]}, "mean_rme": {"type": "float", "data": 0.0016080979058481575}, "max_rme": {"type": "float", "data": 0.007097769346285365}, "simu": {"type": "float", "data": 0.002}}, {"type": "dict", "image_number": {"type": "int", "data": 19}, "Hcamera2end": {"type": "ndarray", "data": [[0.9999935841029755, 0.0035211539189647905, -0.0006582005502372048, -0.016910306731498216], [0.0006627066562179481, -0.0012787105799567655, 0.9999989628590327, 0.024123072828412712], [0.003520308619024486, -0.999992983162548, -0.0012810358680208633, 0.03241640461789401], [0.0, 0.0, 0.0, 1.0]]}, "Hobj2base": {"type": "ndarray", "data": [[0.9999921189019855, 0.003969478760660853, 7.329588003963255e-05, -0.7345643611280344], [0.003969093910650603, -0.9999812547863247, 0.004662227954096891, 0.08712673166915198], [9.180112093384659e-05, -0.004661900292390278, -0.9999891290700205, -5.2789720103734406e-05], [0.0, 0.0, 0.0, 1.0]]}, "mean_rme": {"type": "float", "data": 0.0016058683968455867}, "max_rme": {"type": "float", "data": 0.007212990765620209}, "simu": {"type": "float", "data": 0.002}}, {"type": "dict", "image_number": {"type": "int", "data": 20}, "Hcamera2end": {"type": "ndarray", "data": [[0.9999926840160129, 0.003761829051161791, -0.0006932219271556989, -0.016973985650675275], [0.0006987654612534036, -0.0014725131476462927, 0.9999986717150479, 0.024030009789510996], [0.0037608032759788965, -0.9999918401403182, -0.0014751310109759608, 0.032928274838587325], [0.0, 0.0, 0.0, 1.0]]}, "Hobj2base": {"type": "ndarray", "data": [[0.9999912122450949, 0.004192283912245433, 1.371804553829369e-05, -0.7350960807550899], [0.004192177692361388, -0.9999808047307652, 0.004562435337221669, 0.08705926684774948], [3.284480648161068e-05, -0.004562337735173666, -0.9999895919436403, 1.4366753260414144e-06], [0.0, 0.0, 0.0, 1.0]]}, "mean_rme": {"type": "float", "data": 0.0015708391376459603}, "max_rme": {"type": "float", "data": 0.007277350908397651}, "simu": {"type": "float", "data": 0.002}}, {"type": "dict", "image_number": {"type": "int", "data": 21}, "Hcamera2end": {"type": "ndarray", "data": [[0.9999912671123943, 0.00402519187872993, -0.0011240681862897369, -0.016892198575959298], [0.0011296993838763524, -0.001396988355287565, 0.9999983861001164, 0.023540776667840244], [0.004023615072306429, -0.9999909230857421, -0.0014015234123305742, 0.03171753773641723], [0.0, 0.0, 0.0, 1.0]]}, "Hobj2base": {"type": "ndarray", "data": [[0.999990405658124, 0.0043782143306327695, -0.0001408224970119411, -0.7340153946001154], [0.004378750698706756, -0.9999821490119469, 0.004065488871815988, 0.08713155368278734], [-0.00012302040155161653, -0.004066066492733044, -0.9999917259503988, 0.0005480429001474221], [0.0, 0.0, 0.0, 1.0]]}, "mean_rme": {"type": "float", "data": 0.0015795413865364206}, "max_rme": {"type": "float", "data": 0.00707720390350175}, "simu": {"type": "float", "data": 0.002}}, {"type": "dict", "image_number": {"type": "int", "data": 22}, "Hcamera2end": {"type": "ndarray", "data": [[0.9999903611207518, 0.004189024248978648, -0.0013151963464895975, -0.016910478065840378], [0.0013190795883359857, -0.0009243760047130678, 0.9999987027781794, 0.02252788079748127], [0.004187803078940804, -0.9999907987600902, -0.0009298927511462995, 0.03126208459388714], [0.0, 0.0, 0.0, 1.0]]}, "Hobj2base": {"type": "ndarray", "data": [[0.999990572066552, 0.004303944914411702, -0.0005760522405810972, -0.7339079422246872], [0.004306086459261131, -0.9999836241148139, 0.0037694988538658583, 0.0875479285916989], [-0.0005598190917937673, -0.003771943846034525, -0.999992729494674, 0.0015219912866264577], [0.0, 0.0, 0.0, 1.0]]}, "mean_rme": {"type": "float", "data": 0.0015733418292303498}, "max_rme": {"type": "float", "data": 0.0069120909314994705}, "simu": {"type": "float", "data": 0.002}}, {"type": "dict", "image_number": {"type": "int", "data": 23}, "Hcamera2end": {"type": "ndarray", "data": [[0.9999897479907024, 0.004453361832618359, -0.0008194399790341603, -0.0170382107934686], [0.0008252449997518895, -0.0013018330710596882, 0.9999988120999673, 0.02296830727894699], [0.004452289768405237, -0.9999892363415933, -0.0013054948392394738, 0.03117525456931914], [0.0, 0.0, 0.0, 1.0]]}, "Hobj2base": {"type": "ndarray", "data": [[0.9999891391598044, 0.004628575185420447, -0.0005457601912562294, -0.7337193605005667], [0.004630859255232743, -0.9999801998041984, 0.004260885132638719, 0.08757200345515029], [-0.0005260275579047235, -0.004263366194479018, -0.9999907734592854, 0.0010646747825186246], [0.0, 0.0, 0.0, 1.0]]}, "mean_rme": {"type": "float", "data": 0.0016095422681217672}, "max_rme": {"type": "float", "data": 0.007113171551669795}, "simu": {"type": "float", "data": 0.002}}, {"type": "dict", "image_number": {"type": "int", "data": 24}, "Hcamera2end": {"type": "ndarray", "data": [[0.9999903486600852, 0.004299901614635841, -0.0009019050868223739, -0.01705328009937007], [0.0009075177981580143, -0.0013035391830689136, 0.9999987385977267, 0.023519426920161395], [0.004298720522110088, -0.9999899057649047, -0.0013074288394148148, 0.031305027950862666], [0.0, 0.0, 0.0, 1.0]]}, "Hobj2base": {"type": "ndarray", "data": [[0.9999898851268207, 0.004467629951926838, -0.0005195446665317865, -0.7337750163471505], [0.004469756605584091, -0.9999813292072606, 0.004166834862085445, 0.08730237166288275], [-0.0005009190899864128, -0.004169114953284383, -0.9999911837414228, 0.0005729468790532285], [0.0, 0.0, 0.0, 1.0]]}, "mean_rme": {"type": "float", "data": 0.0015932078150462095}, "max_rme": {"type": "float", "data": 0.007213192716846506}, "simu": {"type": "float", "data": 0.002}}, {"type": "dict", "image_number": {"type": "int", "data": 25}, "Hcamera2end": {"type": "ndarray", "data": [[0.9999897714750393, 0.004375216452884283, -0.0011464843170186044, -0.01715099436473239], [0.0011523533898686238, -0.0013391509351581288, 0.9999984393770008, 0.023397190893699925], [0.004373674309275581, -0.9999895320230922, -0.0013441790331303327, 0.03153002448667203], [0.0, 0.0, 0.0, 1.0]]}, "Hobj2base": {"type": "ndarray", "data": [[0.9999895847626634, 0.004531316820340899, -0.0005454668363959014, -0.7340343372075131], [0.004533424802186304, -0.9999820115604978, 0.003927418361095149, 0.08730148121093105], [-0.0005276606474185683, -0.003929850288985685, -0.999992138894575, 0.0006475140523475975], [0.0, 0.0, 0.0, 1.0]]}, "mean_rme": {"type": "float", "data": 0.0016165140232415876}, "max_rme": {"type": "float", "data": 0.007314557735773719}, "simu": {"type": "float", "data": 0.002}}, {"type": "dict", "image_number": {"type": "int", "data": 26}, "Hcamera2end": {"type": "ndarray", "data": [[0.9999888907602037, 0.004330536564946399, -0.0018613998058196073, -0.017250186475974], [0.0018675321273732934, -0.0014124525572414282, 0.9999972586470058, 0.023126443501242266], [0.004327895554501242, -0.9999896256616032, -0.0014205242821310193, 0.0324890703964451], [0.0, 0.0, 0.0, 1.0]]}, "Hobj2base": {"type": "ndarray", "data": [[0.9999895290618608, 0.0045506811885767, -0.0004827705023400136, -0.7350059916711764], [0.004552235793212086, -0.9999842936714389, 0.0032694892133483394, 0.0870662841445283], [-0.0004678845167284456, -0.0032716526638896983, -0.9999945386715499, 0.0008671235725437812], [0.0, 0.0, 0.0, 1.0]]}, "mean_rme": {"type": "float", "data": 0.0016156504971651425}, "max_rme": {"type": "float", "data": 0.007381540351881766}, "simu": {"type": "float", "data": 0.002}}, {"type": "dict", "image_number": {"type": "int", "data": 27}, "Hcamera2end": {"type": "ndarray", "data": [[0.9999901364716283, 0.004075768788115976, -0.0017649555915674802, -0.01721940653825431], [0.0017703618563599476, -0.001323213860948469, 0.999997557459005, 0.023346281607603304], [0.004073423419180903, -0.9999908185647828, -0.0013304163949887648, 0.032063223494175855], [0.0, 0.0, 0.0, 1.0]]}, "Hobj2base": {"type": "ndarray", "data": [[0.9999908704943143, 0.004254324129040573, -0.0003995675517816782, -0.7345462490812942], [0.004255648369115391, -0.9999852527950679, 0.0033739664109410025, 0.08715057295901442], [-0.0003852077125644692, -0.003375636027295562, -0.9999942283315584, 0.0006392664826892985], [0.0, 0.0, 0.0, 1.0]]}, "mean_rme": {"type": "float", "data": 0.0016225395165027133}, "max_rme": {"type": "float", "data": 0.00741072951755295}, "simu": {"type": "float", "data": 0.002}}, {"type": "dict", "image_number": {"type": "int", "data": 28}, "Hcamera2end": {"type": "ndarray", "data": [[0.999990442892696, 0.0033728696264949533, -0.002781703390445792, -0.017312658427992386], [0.002784529969290375, -0.0008336276815839039, 0.999995775719947, 0.023915834532440842], [0.003370536473600837, -0.9999939643894712, -0.0008430115710722497, 0.03308859306507879], [0.0, 0.0, 0.0, 1.0]]}, "Hobj2base": {"type": "ndarray", "data": [[0.9999936565198605, 0.0035276318857171743, -0.0004926797318714891, -0.7355920143370833], [0.003528777198737508, -0.9999910279074686, 0.0023434666726919913, 0.08649912011213422], [-0.0004844084237456426, -0.002345190363961804, -0.9999971327112074, 0.00016452277101343195], [0.0, 0.0, 0.0, 1.0]]}, "mean_rme": {"type": "float", "data": 0.001674544427579667}, "max_rme": {"type": "float", "data": 0.007577055956401235}, "simu": {"type": "float", "data": 0.002}}, {"type": "dict", "image_number": {"type": "int", "data": 29}, "Hcamera2end": {"type": "ndarray", "data": [[0.9999922730535113, 0.0027692799597313572, -0.0027901472678474306, -0.017230764546250034], [0.002791408095061067, -0.00045152999212505485, 0.9999960020727645, 0.02430783677609567], [0.0027680090531777045, -0.9999960635968375, -0.0004592566936740816, 0.03311421983231409], [0.0, 0.0, 0.0, 1.0]]}, "Hobj2base": {"type": "ndarray", "data": [[0.9999959298912106, 0.0028080480368869996, -0.0005050418157719486, -0.7356266133328383], [0.002809211387448465, -0.9999933682605708, 0.0023177071122329313, 0.08641355513422923], [-0.0004985302335596411, -0.0023191164481328468, -0.9999971865792949, -0.00017436200184050164], [0.0, 0.0, 0.0, 1.0]]}, "mean_rme": {"type": "float", "data": 0.0016767910768677365}, "max_rme": {"type": "float", "data": 0.007590676743342684}, "simu": {"type": "float", "data": 0.002}}, {"type": "dict", "image_number": {"type": "int", "data": 30}, "Hcamera2end": {"type": "ndarray", "data": [[0.9999928719542562, 0.0026029803592158697, -0.002735056476218351, -0.01678240413599523], [0.002736267744443704, -0.0004618915612375485, 0.9999961497400959, 0.02411372275182804], [0.0026017070375590878, -0.9999965055686121, -0.0004690107200497895, 0.03307742557022683], [0.0, 0.0, 0.0, 1.0]]}, "Hobj2base": {"type": "ndarray", "data": [[0.9999963494499255, 0.002674651763513087, -0.00038382908465713875, -0.7354768495174079], [0.0026755276048250143, -0.9999937762745474, 0.002299774816375849, 0.08689166535246849], [-0.0003776755990419925, -0.002300793366244257, -0.9999972818518197, -0.0002733899361556177], [0.0, 0.0, 0.0, 1.0]]}, "mean_rme": {"type": "float", "data": 0.0016521305095448548}, "max_rme": {"type": "float", "data": 0.007493887003494515}, "simu": {"type": "float", "data": 0.002}}]}