{"type": "list", "data": [{"type": "dict", "image_number": {"type": "int", "data": 5}, "Hcamera2end": {"type": "ndarray", "data": [[0.9999833425324792, -0.005458681527286177, -0.00187548755100792, -0.017289628796472126], [0.001881381543835415, 0.0010748119829092628, 0.9999976525885891, 0.03202056509068621], [-0.005456652917021249, -0.9999845236678343, 0.0010850639419426322, 0.03202980725734549], [0.0, 0.0, 0.0, 1.0]]}, "Hobj2base": {"type": "ndarray", "data": [[0.9999858082853033, -0.0052819787505380515, 0.0006956496730225874, -0.7357802692632848], [-0.005279478543424998, -0.9999797686588587, -0.0035481515308678387, 0.08903781596523459], [0.0007143768600864703, 0.0035444285089911483, -0.9999934633247596, -0.0010354857254243123], [0.0, 0.0, 0.0, 1.0]]}, "mean_rme": {"type": "float", "data": 0.0009136809959466133}, "max_rme": {"type": "float", "data": 0.0027116502702420053}, "simu": {"type": "float", "data": 0.002}}, {"type": "dict", "image_number": {"type": "int", "data": 6}, "Hcamera2end": {"type": "ndarray", "data": [[0.9999807644042149, -0.0056028143168015115, -0.0026606941375256245, -0.016919237577305023], [0.0026629722611954468, 0.0003991825787525993, 0.9999963746094308, 0.03188779337399694], [-0.005601731901664237, -0.999984224438066, 0.00041409503934808356, 0.032192106867077484], [0.0, 0.0, 0.0, 1.0]]}, "Hobj2base": {"type": "ndarray", "data": [[0.9999844221226363, -0.005497130279698139, 0.0009680241449889786, -0.7353142799889958], [-0.005493531839963112, -0.9999781334673787, -0.003681534329682562, 0.08866456555659998], [0.0009882408514968802, 0.0036761591077299136, -0.9999927545908691, -0.0009300882119754883], [0.0, 0.0, 0.0, 1.0]]}, "mean_rme": {"type": "float", "data": 0.0009741907758303244}, "max_rme": {"type": "float", "data": 0.0030352236786061193}, "simu": {"type": "float", "data": 0.002}}, {"type": "dict", "image_number": {"type": "int", "data": 7}, "Hcamera2end": {"type": "ndarray", "data": [[0.9999801769847261, -0.005619281090847145, -0.0028406544348097526, -0.016915307317391916], [0.002840776727902895, 1.3781599923157195e-05, 0.9999959648906837, 0.031776124833359044], [-0.005619219267670726, -0.9999842116204082, 2.9744449680735308e-05, 0.032373561221699175], [0.0, 0.0, 0.0, 1.0]]}, "Hobj2base": {"type": "ndarray", "data": [[0.9999838394441705, -0.005563906436773891, 0.001167816620164632, -0.7348921339826145], [-0.005559676191348498, -0.9999780832119405, -0.0035948708489246806, 0.08864113484739156], [0.0011877925504309784, 0.0035883200715546362, -0.9999928565284457, -0.0009870875999819031], [0.0, 0.0, 0.0, 1.0]]}, "mean_rme": {"type": "float", "data": 0.0009699242571220541}, "max_rme": {"type": "float", "data": 0.00345219482206513}, "simu": {"type": "float", "data": 0.002}}, {"type": "dict", "image_number": {"type": "int", "data": 8}, "Hcamera2end": {"type": "ndarray", "data": [[0.9999806803979362, -0.005612196900325684, -0.0026724664324552674, -0.016875188497520927], [0.0026716411947970606, -0.00015453541689236516, 0.9999964192196548, 0.031865956452430295], [-0.005612589794995598, -0.9999842395581829, -0.0001395386548974642, 0.0325217986404743], [0.0, 0.0, 0.0, 1.0]]}, "Hobj2base": {"type": "ndarray", "data": [[0.9999835552406845, -0.005599042690631088, 0.0012409549344644187, -0.7347358949023052], [-0.0055943381674912985, -0.9999772726934419, -0.003762642296786753, 0.08863185059363318], [0.0012619939257504816, 0.0037556380994857807, -0.9999921512460972, -0.0009433935803802931], [0.0, 0.0, 0.0, 1.0]]}, "mean_rme": {"type": "float", "data": 0.0009877112985230301}, "max_rme": {"type": "float", "data": 0.003672826238569099}, "simu": {"type": "float", "data": 0.002}}, {"type": "dict", "image_number": {"type": "int", "data": 9}, "Hcamera2end": {"type": "ndarray", "data": [[0.9999805481189752, -0.005438305397872362, -0.00305421316766041, -0.016705068543632504], [0.0030539673618945997, -5.350267395343167e-05, 0.9999953351995281, 0.03186922866045291], [-0.005438443437834069, -0.9999852108765728, -3.6893226036616156e-05, 0.03255237316332253], [0.0, 0.0, 0.0, 1.0]]}, "Hobj2base": {"type": "ndarray", "data": [[0.9999850624850879, -0.005386849854819009, 0.0009255567711230087, -0.7349585048254674], [-0.005383283387866482, -0.9999782383281051, -0.003813545618643506, 0.08842710296718385], [0.0009460796271223708, 0.0038085061193584456, -0.9999923000775948, -0.0007941151815444056], [0.0, 0.0, 0.0, 1.0]]}, "mean_rme": {"type": "float", "data": 0.0010260917041434265}, "max_rme": {"type": "float", "data": 0.003500697489144916}, "simu": {"type": "float", "data": 0.002}}, {"type": "dict", "image_number": {"type": "int", "data": 10}, "Hcamera2end": {"type": "ndarray", "data": [[0.9999816462835366, -0.005312553124052625, -0.0029127092838219324, -0.01669024587512067], [0.0029112289943346217, -0.0002863517603639565, 0.9999957213650527, 0.03177375919570984], [-0.005313364453008019, -0.9999858472908373, -0.00027088044605627637, 0.032644363067462545], [0.0, 0.0, 0.0, 1.0]]}, "Hobj2base": {"type": "ndarray", "data": [[0.9999856416550243, -0.005259094687790185, 0.0010287890230962046, -0.7348231131235454], [-0.005255244429063822, -0.9999793086139903, -0.0037100875834323132, 0.08837223467368271], [0.0010482794379266702, 0.003704627774932592, -0.9999925883941685, -0.0008513476865566694], [0.0, 0.0, 0.0, 1.0]]}, "mean_rme": {"type": "float", "data": 0.0010439593333411927}, "max_rme": {"type": "float", "data": 0.0035909961800383583}, "simu": {"type": "float", "data": 0.002}}, {"type": "dict", "image_number": {"type": "int", "data": 11}, "Hcamera2end": {"type": "ndarray", "data": [[0.9999792879184268, -0.005183831177556029, -0.0038146596805732447, -0.016515061074277665], [0.003812550308227381, -0.0004167347876202765, 0.9999926453690865, 0.03193198660279826], [-0.005185382753782828, -0.999986477021784, -0.00039696253902166134, 0.032698562508940376], [0.0, 0.0, 0.0, 1.0]]}, "Hobj2base": {"type": "ndarray", "data": [[0.9999860455642234, -0.00517624975925913, 0.0010559901782439861, -0.7347964548244], [-0.005171382931912251, -0.9999762285997154, -0.004560595801078175, 0.08807724053862477], [0.0010795718587961719, 0.004555071230952928, -0.9999890428653118, -0.0008049399494388048], [0.0, 0.0, 0.0, 1.0]]}, "mean_rme": {"type": "float", "data": 0.0010794468562480039}, "max_rme": {"type": "float", "data": 0.0035970583884445406}, "simu": {"type": "float", "data": 0.002}}, {"type": "dict", "image_number": {"type": "int", "data": 12}, "Hcamera2end": {"type": "ndarray", "data": [[0.999981164518595, -0.004831855207980036, -0.003784677434566611, -0.016417731686374667], [0.003782147682905561, -0.0005325871814421124, 0.9999927058282971, 0.03187624257390599], [-0.004833835634286048, -0.999988184693271, -0.0005143023599272212, 0.032783796262920877], [0.0, 0.0, 0.0, 1.0]]}, "Hobj2base": {"type": "ndarray", "data": [[0.9999876549293926, -0.004830954198315305, 0.0011626995948804137, -0.7347459954129486], [-0.004825976329908315, -0.9999793375695702, -0.004246691228105461, 0.08812550349009247], [0.0011831911414982885, 0.004241027641678716, -0.9999903068246538, -0.0007587429791423341], [0.0, 0.0, 0.0, 1.0]]}, "mean_rme": {"type": "float", "data": 0.0010337684965123356}, "max_rme": {"type": "float", "data": 0.0036037129977678217}, "simu": {"type": "float", "data": 0.002}}, {"type": "dict", "image_number": {"type": "int", "data": 13}, "Hcamera2end": {"type": "ndarray", "data": [[0.9999805990041427, -0.004866794262960421, -0.0038879208991452682, -0.016321790619893507], [0.003884968378715276, -0.0006159731989865413, 0.9999922637689324, 0.03186445666862646], [-0.004869151467389098, -0.9999879673729178, -0.0005970539066757485, 0.03277326931786572], [0.0, 0.0, 0.0, 1.0]]}, "Hobj2base": {"type": "ndarray", "data": [[0.9999873815490299, -0.004887392912549611, 0.001161952336934087, -0.7347039230936786], [-0.004882512566797054, -0.9999794004514695, -0.004166502580713891, 0.08806511308778897], [0.0011822917364236324, 0.004160776759018259, -0.9999906450177483, -0.0006886214790457778], [0.0, 0.0, 0.0, 1.0]]}, "mean_rme": {"type": "float", "data": 0.0010075271237733304}, "max_rme": {"type": "float", "data": 0.003601103463683447}, "simu": {"type": "float", "data": 0.002}}, {"type": "dict", "image_number": {"type": "int", "data": 14}, "Hcamera2end": {"type": "ndarray", "data": [[0.9999778478608008, -0.0050684148250952025, -0.004314505631223953, -0.016325397474873993], [0.004311143455884297, -0.0006740966224745293, 0.9999904797726059, 0.03178159475184077], [-0.005071274966307195, -0.9999869282970176, -0.0006522310263872289, 0.032795283476128104], [0.0, 0.0, 0.0, 1.0]]}, "Hobj2base": {"type": "ndarray", "data": [[0.999986304283989, -0.005075665187293715, 0.0012762708786744415, -0.7345549820850735], [-0.005069758489082516, -0.9999766167409128, -0.004589501090612524, 0.08769702207712893], [0.0012995358062144878, 0.004582967848987426, -0.9999886537418232, -0.0007914174232858276], [0.0, 0.0, 0.0, 1.0]]}, "mean_rme": {"type": "float", "data": 0.0010540764667955583}, "max_rme": {"type": "float", "data": 0.00378087033715907}, "simu": {"type": "float", "data": 0.002}}, {"type": "dict", "image_number": {"type": "int", "data": 15}, "Hcamera2end": {"type": "ndarray", "data": [[0.9999796472519481, -0.005601189639682189, -0.0030547923807802213, -0.016093165037489122], [0.003050038427923941, -0.0008570855140992428, 0.9999949813224114, 0.031901957410097756], [-0.00560377974741542, -0.9999839459106541, -0.0008399842264106283, 0.03284765177400301], [0.0, 0.0, 0.0, 1.0]]}, "Hobj2base": {"type": "ndarray", "data": [[0.9999832301290901, -0.005603362922142546, 0.001463483704739908, -0.7342701452395904], [-0.0055984286801635365, -0.9999787032959606, -0.003354184079809547, 0.08839396998756917], [0.0014822472480674278, 0.0033459346214299523, -0.9999933038098823, -0.0004520099777788259], [0.0, 0.0, 0.0, 1.0]]}, "mean_rme": {"type": "float", "data": 0.0011841426284045242}, "max_rme": {"type": "float", "data": 0.004118753625033583}, "simu": {"type": "float", "data": 0.002}}, {"type": "dict", "image_number": {"type": "int", "data": 16}, "Hcamera2end": {"type": "ndarray", "data": [[0.9999797922498993, -0.005891259612644143, -0.00238917392098683, -0.016033893656432815], [0.0023834428404756972, -0.0009796397116239586, 0.9999966797476189, 0.031955409882496066], [-0.00589358058182636, -0.9999821665240897, -0.0009655784347644136, 0.03285592510933682], [0.0, 0.0, 0.0, 1.0]]}, "Hobj2base": {"type": "ndarray", "data": [[0.9999816279915908, -0.005874718127768579, 0.001493775822196776, -0.7341553489221111], [-0.005870754528838946, -0.9999792712937015, -0.0026440923168367654, 0.08876342346961048], [0.0015092781552216964, 0.0026352741483772536, -0.9999953886941744, -0.00028420148605684883], [0.0, 0.0, 0.0, 1.0]]}, "mean_rme": {"type": "float", "data": 0.0011650903574485889}, "max_rme": {"type": "float", "data": 0.004230073233853715}, "simu": {"type": "float", "data": 0.002}}, {"type": "dict", "image_number": {"type": "int", "data": 17}, "Hcamera2end": {"type": "ndarray", "data": [[0.9999787327843247, -0.005554524362974674, -0.003417782637504508, -0.016165233282157927], [0.0034123089345936995, -0.00099462782659554, 0.999993683411661, 0.03187002391107943], [-0.005557888699047372, -0.9999840788605523, -0.0009756529205198206, 0.03278761550145651], [0.0, 0.0, 0.0, 1.0]]}, "Hobj2base": {"type": "ndarray", "data": [[0.9999833760788784, -0.005589459659637405, 0.0014161591018341927, -0.7342355924368947], [-0.005584364393884371, -0.9999780107645944, -0.0035767110033224215, 0.08807611295716643], [0.0014361198434455825, 0.0035687431958964697, -0.9999926007885245, -0.00046735101706593836], [0.0, 0.0, 0.0, 1.0]]}, "mean_rme": {"type": "float", "data": 0.0011958175052128586}, "max_rme": {"type": "float", "data": 0.004018886512495379}, "simu": {"type": "float", "data": 0.002}}, {"type": "dict", "image_number": {"type": "int", "data": 18}, "Hcamera2end": {"type": "ndarray", "data": [[0.9999773088644193, -0.0061447554354675075, -0.0027611115356067834, -0.01613714831952314], [0.002754484594186117, -0.0010866728667873193, 0.9999956159687408, 0.0319025395093163], [-0.006147728921655514, -0.9999805303718264, -0.0010697225747640093, 0.03281052745895352], [0.0, 0.0, 0.0, 1.0]]}, "Hobj2base": {"type": "ndarray", "data": [[0.9999803064485961, -0.006100922292419248, 0.0014715509347440236, -0.734060266980721], [-0.00609652054591926, -0.9999769835163461, -0.0029773939583582643, 0.08838574357158645], [0.0014896819139898498, 0.0029683639823892627, -0.9999944848163234, -0.0003391434955165677], [0.0, 0.0, 0.0, 1.0]]}, "mean_rme": {"type": "float", "data": 0.0012117505461950889}, "max_rme": {"type": "float", "data": 0.0042729800137912555}, "simu": {"type": "float", "data": 0.002}}, {"type": "dict", "image_number": {"type": "int", "data": 19}, "Hcamera2end": {"type": "ndarray", "data": [[0.9999778188240587, -0.0062135850059578425, -0.002398587345048538, -0.01608917143939039], [0.0023941013406083185, -0.0007293046612388832, 0.9999968681918368, 0.03195672261968961], [-0.006215314847132731, -0.9999804295465409, -0.0007144125322111616, 0.03497453635761473], [0.0, 0.0, 0.0, 1.0]]}, "Hobj2base": {"type": "ndarray", "data": [[0.9999806663468123, -0.006133954168460738, 0.001020558104447851, -0.7363926744286616], [-0.00613126313570313, -0.9999777729745649, -0.0026193833606413, 0.08847935633353315], [0.001036602597960708, 0.002613075408108196, -0.9999960486381758, -0.0004537398825251259], [0.0, 0.0, 0.0, 1.0]]}, "mean_rme": {"type": "float", "data": 0.0012784513577250322}, "max_rme": {"type": "float", "data": 0.004292882955216321}, "simu": {"type": "float", "data": 0.002}}, {"type": "dict", "image_number": {"type": "int", "data": 20}, "Hcamera2end": {"type": "ndarray", "data": [[0.9999798971288009, -0.005848300589790835, -0.0024500445882330033, -0.016079699314011042], [0.002444030400256055, -0.0010352904197166168, 0.9999964774383704, 0.03183951174333536], [-0.005850816496481657, -0.9999823626214405, -0.0010209761829753639, 0.034142184503458926], [0.0, 0.0, 0.0, 1.0]]}, "Hobj2base": {"type": "ndarray", "data": [[0.9999824767560916, -0.0057803664121546215, 0.0012781020670712974, -0.7355150025761437], [-0.005776861099063535, -0.9999795886914618, -0.002729482789151639, 0.08843162043875918], [0.00129385338997263, 0.0027220515416470845, -0.9999954581790906, -0.0003178549953383486], [0.0, 0.0, 0.0, 1.0]]}, "mean_rme": {"type": "float", "data": 0.001249420364020558}, "max_rme": {"type": "float", "data": 0.00412214204503672}, "simu": {"type": "float", "data": 0.002}}, {"type": "dict", "image_number": {"type": "int", "data": 21}, "Hcamera2end": {"type": "ndarray", "data": [[0.9999814424852446, -0.0054593127510628855, -0.002703810166329393, -0.016064836314690363], [0.002698498797062572, -0.0009800324750544043, 0.9999958788118029, 0.03210341595854938], [-0.0054619400739769975, -0.9999846176020077, -0.0009652823391956833, 0.034016504000141314], [0.0, 0.0, 0.0, 1.0]]}, "Hobj2base": {"type": "ndarray", "data": [[0.9999842499519689, -0.005427947889799589, 0.0014273155585799232, -0.7353349865542439], [-0.0054235936740674, -0.9999806804137803, -0.003037010183028399, 0.0882009235084984], [0.0014437727164481951, 0.0030292211703377334, -0.999994369653872, -0.0006257990984394375], [0.0, 0.0, 0.0, 1.0]]}, "mean_rme": {"type": "float", "data": 0.001272035837162755}, "max_rme": {"type": "float", "data": 0.0041377156933695425}, "simu": {"type": "float", "data": 0.002}}, {"type": "dict", "image_number": {"type": "int", "data": 22}, "Hcamera2end": {"type": "ndarray", "data": [[0.9999827883781152, -0.005440008182221973, -0.00219755739564638, -0.01606449331293787], [0.0021874397987231824, -0.0018651013377286585, 0.9999958682435278, 0.03327915531245746], [-0.005444084372671312, -0.9999834637172643, -0.001853169545906308, 0.03494411908408717], [0.0, 0.0, 0.0, 1.0]]}, "Hobj2base": {"type": "ndarray", "data": [[0.9999837468639896, -0.0053682738757209365, 0.0019203237882250313, -0.735902425955279], [-0.005363449653944849, -0.9999824700591615, -0.0025085817084025243, 0.08842587906873683], [0.0019337568787129616, 0.002498241376125407, -0.9999950096747288, -0.0018840674970276936], [0.0, 0.0, 0.0, 1.0]]}, "mean_rme": {"type": "float", "data": 0.0013049975353962105}, "max_rme": {"type": "float", "data": 0.004167223074428961}, "simu": {"type": "float", "data": 0.002}}, {"type": "dict", "image_number": {"type": "int", "data": 23}, "Hcamera2end": {"type": "ndarray", "data": [[0.999982465809904, -0.005480801212147025, -0.002242518855474248, -0.015995073087493993], [0.0022318479368013677, -0.0019523046091638463, 0.999995603671086, 0.033806834147189595], [-0.005485155196639864, -0.9999830745191569, -0.0019400380622063285, 0.03512094467169855], [0.0, 0.0, 0.0, 1.0]]}, "Hobj2base": {"type": "ndarray", "data": [[0.9999834199050417, -0.00541804941165855, 0.0019505526370545848, -0.7359894927623152], [-0.005413137005861084, -0.9999821862024472, -0.0025150001053564825, 0.0884006309421377], [0.00196414428514594, 0.002504399797754395, -0.9999949350466133, -0.002421969176097361], [0.0, 0.0, 0.0, 1.0]]}, "mean_rme": {"type": "float", "data": 0.0013191330379734299}, "max_rme": {"type": "float", "data": 0.0041154848699188895}, "simu": {"type": "float", "data": 0.002}}, {"type": "dict", "image_number": {"type": "int", "data": 24}, "Hcamera2end": {"type": "ndarray", "data": [[0.9999803983339206, -0.0057898082584993005, -0.0023834991637038576, -0.01592431782190646], [0.002372664125002226, -0.0018775469290928104, 0.9999954226307632, 0.033511542378052914], [-0.005794256887944399, -0.9999814762973656, -0.001863772855699164, 0.03485076902093815], [0.0, 0.0, 0.0, 1.0]]}, "Hobj2base": {"type": "ndarray", "data": [[0.9999817553456146, -0.005718167770528612, 0.0019471859827275245, -0.7357225300005407], [-0.005713033384846774, -0.9999802160458853, -0.0026322549967540223, 0.08837794625805422], [0.0019621991353756412, 0.0026210826336455248, -0.9999946398358244, -0.002119736009555113], [0.0, 0.0, 0.0, 1.0]]}, "mean_rme": {"type": "float", "data": 0.00130358916178851}, "max_rme": {"type": "float", "data": 0.004203749625599995}, "simu": {"type": "float", "data": 0.002}}, {"type": "dict", "image_number": {"type": "int", "data": 25}, "Hcamera2end": {"type": "ndarray", "data": [[0.9999800179449124, -0.00583472482867559, -0.0024330427588451884, -0.015900261917124563], [0.0024223337368294963, -0.001841759601695525, 0.9999953700997006, 0.033365546755955273], [-0.005839178894343797, -0.9999812817786857, -0.001827589148756248, 0.03520076777824737], [0.0, 0.0, 0.0, 1.0]]}, "Hobj2base": {"type": "ndarray", "data": [[0.9999816402499888, -0.005753690001151034, 0.0019011087061401519, -0.7361043570754282], [-0.005748603940853953, -0.9999799120360298, -0.0026700331730191073, 0.08831161772459145], [0.0019164330599073013, 0.00265905543087742, -0.9999946283398438, -0.002001485368569058], [0.0, 0.0, 0.0, 1.0]]}, "mean_rme": {"type": "float", "data": 0.0013045129944206347}, "max_rme": {"type": "float", "data": 0.004197516097498799}, "simu": {"type": "float", "data": 0.002}}, {"type": "dict", "image_number": {"type": "int", "data": 26}, "Hcamera2end": {"type": "ndarray", "data": [[0.9999799766390226, -0.006000424538954687, -0.0020102801725395106, -0.01587696402215516], [0.001999117478667415, -0.001865735825977044, 0.999996261272578, 0.03344804622198493], [-0.006004152756741078, -0.9999802567726924, -0.0018537029140999195, 0.03435028298986637], [0.0, 0.0, 0.0, 1.0]]}, "Hobj2base": {"type": "ndarray", "data": [[0.9999804790265691, -0.005923059841909962, 0.0019897054813552014, -0.7351880784349256], [-0.005918638981876378, -0.9999800194463433, -0.0022204550644869545, 0.08858330712406629], [0.0020028176141612983, 0.0022086353706182345, -0.9999955553158246, -0.00197550612347958], [0.0, 0.0, 0.0, 1.0]]}, "mean_rme": {"type": "float", "data": 0.0013238264786632544}, "max_rme": {"type": "float", "data": 0.004355630206862304}, "simu": {"type": "float", "data": 0.002}}, {"type": "dict", "image_number": {"type": "int", "data": 27}, "Hcamera2end": {"type": "ndarray", "data": [[0.9999827931285264, -0.005634206904095614, -0.001633756234120637, -0.015884818116135856], [0.0016235116630426718, -0.0018223754980368767, 0.9999970215742767, 0.0329878168264078], [-0.005637167440359665, -0.9999824671763532, -0.0018131969400350112, 0.03390248229163588], [0.0, 0.0, 0.0, 1.0]]}, "Hobj2base": {"type": "ndarray", "data": [[0.9999825774368679, -0.005558396905952874, 0.001987220811654144, -0.7348449444783774], [-0.005554728402119466, -0.9999828669679685, -0.001846825086532744, 0.08869966688077116], [0.0019974521513831446, 0.001835754438222302, -0.9999963200885014, -0.001436959531801764], [0.0, 0.0, 0.0, 1.0]]}, "mean_rme": {"type": "float", "data": 0.0013182700364191252}, "max_rme": {"type": "float", "data": 0.004513973927716908}, "simu": {"type": "float", "data": 0.002}}, {"type": "dict", "image_number": {"type": "int", "data": 28}, "Hcamera2end": {"type": "ndarray", "data": [[0.9999844114264217, -0.005489542575198567, -0.0010206990095179497, -0.015923831677915327], [0.0010099633480305696, -0.0019580735459834298, 0.9999975729580668, 0.033516883658305276], [-0.005491527855577491, -0.9999830152909117, -0.001952498785611434, 0.03338568928021808], [0.0, 0.0, 0.0, 1.0]]}, "Hobj2base": {"type": "ndarray", "data": [[0.999983086001462, -0.005418138576353909, 0.002114588697590804, -0.734221213575122], [-0.005415245697694687, -0.9999843970751521, -0.0013713935534209619, 0.08893305648559258], [0.002121986104137424, 0.001359919340325382, -0.9999968238921371, -0.001868259778879807], [0.0, 0.0, 0.0, 1.0]]}, "mean_rme": {"type": "float", "data": 0.0013421180496768505}, "max_rme": {"type": "float", "data": 0.004658009888889703}, "simu": {"type": "float", "data": 0.002}}, {"type": "dict", "image_number": {"type": "int", "data": 29}, "Hcamera2end": {"type": "ndarray", "data": [[0.9999868731124371, -0.005123674877029926, -3.9478668511255376e-05, -0.01589660447148808], [2.9604720489287938e-05, -0.0019271838176297962, 0.9999981425413216, 0.03326653731462994], [-0.005123741442666658, -0.9999850168468962, -0.0019270068347418956, 0.0325630096079567], [0.0, 0.0, 0.0, 1.0]]}, "Hobj2base": {"type": "ndarray", "data": [[0.99998457570169, -0.005083625338433018, 0.0022372107923612364, -0.7334164299039612], [-0.00508276861286821, -0.9999870071955366, -0.0003884627935436462, 0.08934873292781716], [0.002239156524019165, 0.0003770855769818525, -0.9999974219889414, -0.0014548404473906928], [0.0, 0.0, 0.0, 1.0]]}, "mean_rme": {"type": "float", "data": 0.0013390179034498293}, "max_rme": {"type": "float", "data": 0.004921663627685591}, "simu": {"type": "float", "data": 0.002}}, {"type": "dict", "image_number": {"type": "int", "data": 30}, "Hcamera2end": {"type": "ndarray", "data": [[0.9999886680494512, -0.0047604310815711265, -4.548188759483356e-05, -0.0157384271511191], [3.777273718702425e-05, -0.0016195001329715186, 0.9999986878954092, 0.03309200693427605], [-0.004760498493310656, -0.9999873576777045, -0.0016193019663639507, 0.032537280393230346], [0.0, 0.0, 0.0, 1.0]]}, "Hobj2base": {"type": "ndarray", "data": [[0.9999869213856195, -0.004743210316392876, 0.0019128548312010918, -0.7335544607545815], [-0.004742795969907996, -0.9999887284393651, -0.00022108959596533537, 0.0895858711871342], [0.0019138819447943062, 0.00021201442423532664, -0.9999981460511742, -0.001217974573285857], [0.0, 0.0, 0.0, 1.0]]}, "mean_rme": {"type": "float", "data": 0.0013386067408858748}, "max_rme": {"type": "float", "data": 0.004944813738135434}, "simu": {"type": "float", "data": 0.002}}]}