{"type": "list", "data": [{"type": "dict", "image_number": {"type": "int", "data": 5}, "Hcamera2end": {"type": "ndarray", "data": [[0.9999987587793991, -0.0012996327478091536, -0.0008907268840494585, -0.01735193378433684], [0.000892170643566157, 0.0011107415537056076, 0.9999989851418566, 0.015189857637630555], [-0.00129864206150316, -0.9999985386028928, 0.0011118996692153216, 0.027096771635037417], [0.0, 0.0, 0.0, 1.0]]}, "Hobj2base": {"type": "ndarray", "data": [[0.9999996516528054, -0.0007800096718970846, 0.0002971181242641814, -0.7314740595849933], [-0.0007802442674438571, -0.9999993833426979, 0.0007902740706646266, 0.08774277176166512], [0.00029650151962555267, -0.000790505620088082, -0.9999996435937932, 0.00807051619879815], [0.0, 0.0, 0.0, 1.0]]}, "mean_rme": {"type": "float", "data": 0.0017883808723896477}, "max_rme": {"type": "float", "data": 0.0044490856364695075}, "simu": {"type": "float", "data": 0.002}}, {"type": "dict", "image_number": {"type": "int", "data": 6}, "Hcamera2end": {"type": "ndarray", "data": [[0.9999989648806047, -0.0012131837504279677, -0.000773577990208058, -0.017466526822983258], [0.0007740525918609542, 0.0003907827074086656, 0.9999996240656597, 0.01544220605556789], [-0.0012128809934491293, -0.9999991877367018, 0.00039172137092835513, 0.027202649190941907], [0.0, 0.0, 0.0, 1.0]]}, "Hobj2base": {"type": "ndarray", "data": [[0.9999996206556263, -0.0007229917942660355, 0.0004857689459979691, -0.7311914984591037], [-0.0007233951822349522, -0.9999993932773268, 0.0008307492931836487, 0.08778099538313232], [0.00048516802634887167, -0.0008311003809587926, -0.9999995369419639, 0.008082740067766445], [0.0, 0.0, 0.0, 1.0]]}, "mean_rme": {"type": "float", "data": 0.0015867626192606924}, "max_rme": {"type": "float", "data": 0.004369552274483157}, "simu": {"type": "float", "data": 0.002}}, {"type": "dict", "image_number": {"type": "int", "data": 7}, "Hcamera2end": {"type": "ndarray", "data": [[0.9999993069154485, -0.001119510218178649, -0.0003645071935355891, -0.017429592009495475], [0.0003651792355585349, 0.0006001543010449861, 0.9999997532294398, 0.015304306247856716], [-0.0011192911813565235, -0.9999991932555174, 0.0006005627069729513, 0.027307845599976798], [0.0, 0.0, 0.0, 1.0]]}, "Hobj2base": {"type": "ndarray", "data": [[0.9999996755337948, -0.000668852262891229, 0.0004489643143072797, -0.7310474120272208], [-0.0006691671341897051, -0.9999995300251037, 0.0007015446664499144, 0.08796123736064945], [0.00044849487356764814, -0.0007018448709859372, -0.9999996531330029, 0.007807851725444419], [0.0, 0.0, 0.0, 1.0]]}, "mean_rme": {"type": "float", "data": 0.0015734551276596605}, "max_rme": {"type": "float", "data": 0.004788526842124968}, "simu": {"type": "float", "data": 0.002}}, {"type": "dict", "image_number": {"type": "int", "data": 8}, "Hcamera2end": {"type": "ndarray", "data": [[0.9999993626316848, -0.0008994372524646793, -0.0006824579497301119, -0.01730087386000508], [0.0006831538752957826, 0.0007736544535223988, 0.9999994673796427, 0.015538472287325614], [-0.000898908786773938, -0.9999992962354601, 0.0007742684144642631, 0.02737536322677496], [0.0, 0.0, 0.0, 1.0]]}, "Hobj2base": {"type": "ndarray", "data": [[0.9999998340404896, -0.0005516158762131231, 0.00016624956655737934, -0.7311791239192618], [-0.0005516951788774278, -0.9999997338884983, 0.0004773419757740591, 0.08756509780473623], [0.00016598621290423766, -0.00047743361563897863, -0.9999998722528514, 0.007873054915543076], [0.0, 0.0, 0.0, 1.0]]}, "mean_rme": {"type": "float", "data": 0.0015477943956559354}, "max_rme": {"type": "float", "data": 0.004706758475780198}, "simu": {"type": "float", "data": 0.002}}, {"type": "dict", "image_number": {"type": "int", "data": 9}, "Hcamera2end": {"type": "ndarray", "data": [[0.999999333341886, -0.0008343274919229297, -0.0007982564875666659, -0.017280193701211963], [0.0007991399430377605, 0.001059086879138027, 0.9999991198547793, 0.01562098215268031], [-0.000833481334621407, -0.999999091115896, 0.00105975291751359, 0.0273706638618292], [0.0, 0.0, 0.0, 1.0]]}, "Hobj2base": {"type": "ndarray", "data": [[0.9999998572370831, -0.0005333595266772494, -3.245656913657346e-05, -0.731368630667591], [-0.0005333431386238629, -0.9999997313416271, 0.0005028536268708696, 0.08751351720319428], [-3.2724762189260186e-05, -0.0005028362445935667, -0.9999998730423925, 0.00788177528579417], [0.0, 0.0, 0.0, 1.0]]}, "mean_rme": {"type": "float", "data": 0.001410493552621784}, "max_rme": {"type": "float", "data": 0.004620212456383166}, "simu": {"type": "float", "data": 0.002}}, {"type": "dict", "image_number": {"type": "int", "data": 10}, "Hcamera2end": {"type": "ndarray", "data": [[0.9999993027867655, -0.0007349585888945787, -0.0009242628714327121, -0.017298534733042912], [0.0009249679230292614, 0.0009595473680936717, 0.9999991118512006, 0.015716159102800956], [-0.0007340710621362803, -0.9999992695520938, 0.0009602265122039544, 0.027435350762647744], [0.0, 0.0, 0.0, 1.0]]}, "Hobj2base": {"type": "ndarray", "data": [[0.9999998862863599, -0.0004541223544459921, 0.00014560272819455014, -0.7312209317952021], [-0.0004541650645395043, -0.9999998538151922, 0.0002934342994006313, 0.08727091133995586], [0.0001454694518347243, -0.0002935003937055966, -0.9999999463480771, 0.007829018959888823], [0.0, 0.0, 0.0, 1.0]]}, "mean_rme": {"type": "float", "data": 0.001385874630269269}, "max_rme": {"type": "float", "data": 0.00473759060900289}, "simu": {"type": "float", "data": 0.002}}, {"type": "dict", "image_number": {"type": "int", "data": 11}, "Hcamera2end": {"type": "ndarray", "data": [[0.9999998001148569, -0.0003358684443735088, -0.0005356889342338061, -0.017488293965983857], [0.0005358961794594618, 0.0006172567939822793, 0.9999996659046116, 0.015710112129940546], [-0.00033553767452729357, -0.9999997530931887, 0.0006174366612179405, 0.027550652574339283], [0.0, 0.0, 0.0, 1.0]]}, "Hobj2base": {"type": "ndarray", "data": [[0.9999999460947858, -6.50951069263597e-05, 0.00032182767533990564, -0.7310234270156911], [-6.52412005843111e-05, -0.9999998948318123, 0.00045396029689077796, 0.08733259585046], [0.0003217980908998057, -0.0004539812688438714, -0.9999998451734866, 0.007762878479239828], [0.0, 0.0, 0.0, 1.0]]}, "mean_rme": {"type": "float", "data": 0.0013845742744336262}, "max_rme": {"type": "float", "data": 0.004900858083558973}, "simu": {"type": "float", "data": 0.002}}, {"type": "dict", "image_number": {"type": "int", "data": 12}, "Hcamera2end": {"type": "ndarray", "data": [[0.9999999442311683, 0.00027179567272196203, -0.00019407414197871684, -0.017587475982824927], [0.00019401656568622226, 0.00021184702589827076, 0.9999999587392042, 0.015695862841546945], [0.00027183677553723823, -0.9999999406239733, 0.0002117942812208673, 0.027668763572624128], [0.0, 0.0, 0.0, 1.0]]}, "Hobj2base": {"type": "ndarray", "data": [[0.9999997629452662, 0.000538187672439216, 0.0004294920730646979, -0.730881065905935], [0.0005378170566124671, -0.9999994833661943, 0.00086256603117113, 0.0873432847792211], [0.00042995607357921477, -0.000862334838533195, -0.9999995357580929, 0.007696750547695187], [0.0, 0.0, 0.0, 1.0]]}, "mean_rme": {"type": "float", "data": 0.001348306610793767}, "max_rme": {"type": "float", "data": 0.004991532249828179}, "simu": {"type": "float", "data": 0.002}}, {"type": "dict", "image_number": {"type": "int", "data": 13}, "Hcamera2end": {"type": "ndarray", "data": [[0.9999995270501678, 0.00054073442933047, 0.0008083970050248136, -0.017512998728948327], [-0.0008084733603658419, 0.00014100305390341017, 0.999999663244425, 0.015639554349367982], [0.0005406202607886622, -0.9999998438621953, 0.00014144015659722786, 0.02772590053008375], [0.0, 0.0, 0.0, 1.0]]}, "Hobj2base": {"type": "ndarray", "data": [[0.999999563410508, 0.0007680670757404654, 0.0005322140176162244, -0.7308249139716501], [0.0007669779329768096, -0.9999976176605294, 0.002043628663752992, 0.0876459826842242], [0.0005337823935934318, -0.0020432195751190593, -0.9999977701625757, 0.007593893984141078], [0.0, 0.0, 0.0, 1.0]]}, "mean_rme": {"type": "float", "data": 0.0014052171607780463}, "max_rme": {"type": "float", "data": 0.0051296143046414555}, "simu": {"type": "float", "data": 0.002}}, {"type": "dict", "image_number": {"type": "int", "data": 14}, "Hcamera2end": {"type": "ndarray", "data": [[0.9999969451123091, 0.0018657954863084399, 0.0016212875293444378, -0.017648947615593928], [-0.0016209475963198307, -0.00018368976813798454, 0.999998669392594, 0.015602880521438767], [0.001866090817597499, -0.9999982425310916, -0.00018066485027756762, 0.02789568479447398], [0.0, 0.0, 0.0, 1.0]]}, "Hobj2base": {"type": "ndarray", "data": [[0.9999976824351655, 0.0020184848792210736, 0.0007488945787792257, -0.7306900359851067], [0.0020161819722608627, -0.9999932759130059, 0.0030631909880635792, 0.08782649783432273], [0.0007550725478385012, -0.0030616739811710056, -0.9999950279965799, 0.007571131724208087], [0.0, 0.0, 0.0, 1.0]]}, "mean_rme": {"type": "float", "data": 0.0014429975998919177}, "max_rme": {"type": "float", "data": 0.005357791783225346}, "simu": {"type": "float", "data": 0.002}}, {"type": "dict", "image_number": {"type": "int", "data": 15}, "Hcamera2end": {"type": "ndarray", "data": [[0.9999972172620777, 0.0015684899923269148, 0.001762188197967548, -0.017606069954772555], [-0.0017615961939204399, -0.00037873718838343784, 0.9999983766671784, 0.015628766368277196], [0.00156915485234913, -0.9999986981977959, -0.00037597308845627175, 0.02795556708033909], [0.0, 0.0, 0.0, 1.0]]}, "Hobj2base": {"type": "ndarray", "data": [[0.9999981799538527, 0.0016987344839663877, 0.0008685563511758154, -0.7305059291091213], [0.001696040730155946, -0.99999377899139, 0.003092802024130386, 0.08800082003400471], [0.000873804797329748, -0.0030913232881399472, -0.9999948400794396, 0.007557183127041844], [0.0, 0.0, 0.0, 1.0]]}, "mean_rme": {"type": "float", "data": 0.0013958702367976277}, "max_rme": {"type": "float", "data": 0.005479412786036253}, "simu": {"type": "float", "data": 0.002}}, {"type": "dict", "image_number": {"type": "int", "data": 16}, "Hcamera2end": {"type": "ndarray", "data": [[0.9999953015500107, 0.0015530097535390185, 0.0026429223614350236, -0.017609492007214032], [-0.002642152247572113, -0.0004977273428692364, 0.9999963856429646, 0.015727637518010016], [0.0015543195951316564, -0.9999986702132146, -0.0004936217161113365, 0.02795615829173741], [0.0, 0.0, 0.0, 1.0]]}, "Hobj2base": {"type": "ndarray", "data": [[0.9999984401109172, 0.001593734981915642, 0.0007614358408853891, -0.7305224460066386], [0.0015908863479228452, -0.9999917884725262, 0.0037272064802634872, 0.08845999371374945], [0.0007673697676864807, -0.003725989308350706, -0.9999927640474773, 0.007717156631969594], [0.0, 0.0, 0.0, 1.0]]}, "mean_rme": {"type": "float", "data": 0.0013960869540659306}, "max_rme": {"type": "float", "data": 0.005389893413631164}, "simu": {"type": "float", "data": 0.002}}, {"type": "dict", "image_number": {"type": "int", "data": 17}, "Hcamera2end": {"type": "ndarray", "data": [[0.9999935878373412, 0.001883099701810944, 0.0030460170247132504, -0.01737785747230193], [-0.0030454045010047527, -0.0003280560615035455, 0.9999953089343199, 0.01582553750305591], [0.0018840901324149604, -0.9999981731556982, -0.0003223191576469109, 0.02787341141253407], [0.0, 0.0, 0.0, 1.0]]}, "Hobj2base": {"type": "ndarray", "data": [[0.9999977454067115, 0.001990385200410596, 0.0007399650314539208, -0.7305780442197791], [0.0019871088735541782, -0.9999883352610086, 0.004402356214714304, 0.08871741598648185], [0.0007487187846116693, -0.0044008758981114076, -0.9999900358061129, 0.007771223477131446], [0.0, 0.0, 0.0, 1.0]]}, "mean_rme": {"type": "float", "data": 0.001370034432530626}, "max_rme": {"type": "float", "data": 0.005327617763896703}, "simu": {"type": "float", "data": 0.002}}, {"type": "dict", "image_number": {"type": "int", "data": 18}, "Hcamera2end": {"type": "ndarray", "data": [[0.9999957486456269, 0.0014859970278721221, 0.002508884912743119, -0.017359654177519425], [-0.0025084692998572104, -0.00028148400510463745, 0.9999968141691888, 0.016498712220216812], [0.0014866985047105896, -0.9999988562891402, -0.00027775523049222706, 0.02815021040127619], [0.0, 0.0, 0.0, 1.0]]}, "Hobj2base": {"type": "ndarray", "data": [[0.9999984496950592, 0.0015338636879713068, 0.0008647945795387547, -0.7306731482866615], [0.0015304567915097064, -0.9999911199630993, 0.003926537527544691, 0.08858246993539337], [0.0008708096734639344, -0.003925207909476647, -0.9999919171840239, 0.007015085795654861], [0.0, 0.0, 0.0, 1.0]]}, "mean_rme": {"type": "float", "data": 0.0013498543676948097}, "max_rme": {"type": "float", "data": 0.005187584438980736}, "simu": {"type": "float", "data": 0.002}}, {"type": "dict", "image_number": {"type": "int", "data": 19}, "Hcamera2end": {"type": "ndarray", "data": [[0.9999964819660362, 0.0015049146910783829, 0.0021843276593908932, -0.017349396642445062], [-0.002184524273588053, 0.0001290166937479853, 0.9999976056013287, 0.017545269580882487], [0.0015046292729799695, -0.9999988592925819, 0.00013230376253525744, 0.02944242543018208], [0.0, 0.0, 0.0, 1.0]]}, "Hobj2base": {"type": "ndarray", "data": [[0.9999986433374736, 0.0015214587999705742, 0.0006312577384250794, -0.7319146313859776], [0.0015191785257162914, -0.9999923762338847, 0.0035971614803168325, 0.08851775556057388], [0.0006367258588528665, -0.0035961976069822433, -0.9999933309492379, 0.00585835177307058], [0.0, 0.0, 0.0, 1.0]]}, "mean_rme": {"type": "float", "data": 0.0013725888378874605}, "max_rme": {"type": "float", "data": 0.004867951824490208}, "simu": {"type": "float", "data": 0.002}}, {"type": "dict", "image_number": {"type": "int", "data": 20}, "Hcamera2end": {"type": "ndarray", "data": [[0.9999977085722286, 0.0009617080523566683, 0.0019125814791009453, -0.01722278595479399], [-0.001912277018583488, -0.0003174030305441722, 0.9999981212241953, 0.018851401336329277], [0.0009623133046804775, -0.9999994871863376, -0.0003155632510309925, 0.030482016197955118], [0.0, 0.0, 0.0, 1.0]]}, "Hobj2base": {"type": "ndarray", "data": [[0.999998828604677, 0.0009676812291263024, 0.001185909909115315, -0.7324882015219712], [0.0009636184111404803, -0.9999936816708139, 0.0034217039626530258, 0.08846848977123203], [0.001189213534842411, -0.0034205571898626302, -0.9999934427583406, 0.004388150321420964], [0.0, 0.0, 0.0, 1.0]]}, "mean_rme": {"type": "float", "data": 0.0014611778974849235}, "max_rme": {"type": "float", "data": 0.004871219089497836}, "simu": {"type": "float", "data": 0.002}}, {"type": "dict", "image_number": {"type": "int", "data": 21}, "Hcamera2end": {"type": "ndarray", "data": [[0.9999970962497277, 0.001187350480081653, 0.002097067226002749, -0.017262472761288436], [-0.002097276258029524, 0.0001748314120233463, 0.9999977854306853, 0.01848333159958315], [0.0011869812173874842, -0.999999279816148, 0.0001773211063283986, 0.030103980867712665], [0.0, 0.0, 0.0, 1.0]]}, "Hobj2base": {"type": "ndarray", "data": [[0.999998501512679, 0.0012008125828473282, 0.0012470050270671736, -0.7321579474087547], [0.0011963951662143605, -0.9999930285962939, 0.0035371453770625706, 0.08856882792690815], [0.001251243782367843, -0.003535648165908442, -0.999992966765789, 0.0048085334825968395], [0.0, 0.0, 0.0, 1.0]]}, "mean_rme": {"type": "float", "data": 0.0014934226487797362}, "max_rme": {"type": "float", "data": 0.004831337117907397}, "simu": {"type": "float", "data": 0.002}}, {"type": "dict", "image_number": {"type": "int", "data": 22}, "Hcamera2end": {"type": "ndarray", "data": [[0.9999982606321534, 0.000750912193350621, 0.0017072971463300887, -0.0172201510918221], [-0.001707466983672466, 0.00022559180735715056, 0.9999985168313182, 0.01820808791463905], [0.0007505259273722364, -0.9999996926195599, 0.00022687357274775444, 0.02976286240142587], [0.0, 0.0, 0.0, 1.0]]}, "Hobj2base": {"type": "ndarray", "data": [[0.999998938790864, 0.0007386552789717208, 0.001255709172063887, -0.7318167216064763], [0.0007346117001642631, -0.9999945537710899, 0.0032175726579504525, 0.08837810631782737], [0.0012580790102135612, -0.0032166467847831504, -0.9999940351925438, 0.005077110262936835], [0.0, 0.0, 0.0, 1.0]]}, "mean_rme": {"type": "float", "data": 0.0015100224255667931}, "max_rme": {"type": "float", "data": 0.004974461330854829}, "simu": {"type": "float", "data": 0.002}}, {"type": "dict", "image_number": {"type": "int", "data": 23}, "Hcamera2end": {"type": "ndarray", "data": [[0.9999983910940359, 0.0010184497897785649, 0.0014766751048658018, -0.01731577369785249], [-0.0014770493291385001, 0.00036679077253154446, 0.9999988418942338, 0.017660831013027355], [0.0010179069795034983, -0.999999414112106, 0.0003682944829784818, 0.02990485327587894], [0.0, 0.0, 0.0, 1.0]]}, "Hobj2base": {"type": "ndarray", "data": [[0.9999987992810284, 0.0009603881820508299, 0.0012161788689627996, -0.7320664379308942], [0.0009568588380847343, -0.9999953393499676, 0.0028992584408665087, 0.08820250600532094], [0.0012189576143220341, -0.0028980912481724364, -0.9999950575925123, 0.005577275708674266], [0.0, 0.0, 0.0, 1.0]]}, "mean_rme": {"type": "float", "data": 0.0014943138734269399}, "max_rme": {"type": "float", "data": 0.00516178496063513}, "simu": {"type": "float", "data": 0.002}}, {"type": "dict", "image_number": {"type": "int", "data": 24}, "Hcamera2end": {"type": "ndarray", "data": [[0.9999979286987698, 0.0017443391684951752, 0.0010487511789178299, -0.017511032923428854], [-0.001049323934894518, 0.0003274684951355411, 0.9999993958416499, 0.017869017408295784], [0.0017439946816677687, -0.9999984250213848, 0.0003292981936896533, 0.029302954188284054], [0.0, 0.0, 0.0, 1.0]]}, "Hobj2base": {"type": "ndarray", "data": [[0.9999977561918144, 0.0016716103881674557, 0.0013012801568798955, -0.7314574753714572], [0.0016685205551223064, -0.9999957949806035, 0.0023719317587409957, 0.08786642583381109], [0.001305239630739531, -0.002369755223891373, -0.999996340298146, 0.005356441514466753], [0.0, 0.0, 0.0, 1.0]]}, "mean_rme": {"type": "float", "data": 0.0015130995099553852}, "max_rme": {"type": "float", "data": 0.005139063007567141}, "simu": {"type": "float", "data": 0.002}}, {"type": "dict", "image_number": {"type": "int", "data": 25}, "Hcamera2end": {"type": "ndarray", "data": [[0.9999978079736478, 0.0018446137569814685, 0.0009906805676194086, -0.01762096607470639], [-0.0009914129613561953, 0.00039617244834677656, 0.9999994300737028, 0.017537499494622653], [0.0018442202253415782, -0.9999982202221552, 0.0003980003539136856, 0.029396253962918163], [0.0, 0.0, 0.0, 1.0]]}, "Hobj2base": {"type": "ndarray", "data": [[0.9999976555181194, 0.00174676105702979, 0.0012797593814074068, -0.7316092953063125], [0.001743897212114182, -0.999995980654681, 0.002235508218740161, 0.08774732218407638], [0.0012836591363116934, -0.002233271208814235, -0.9999966823539612, 0.005658772790140909], [0.0, 0.0, 0.0, 1.0]]}, "mean_rme": {"type": "float", "data": 0.0014870030818521236}, "max_rme": {"type": "float", "data": 0.005249827635882304}, "simu": {"type": "float", "data": 0.002}}, {"type": "dict", "image_number": {"type": "int", "data": 26}, "Hcamera2end": {"type": "ndarray", "data": [[0.9999979639256193, 0.0018597351425594065, 0.0007832814406623776, -0.0175632811166083], [-0.0007841370526467181, 0.00045938739478390556, 0.999999587046067, 0.017504851034586627], [0.0018593745449540563, -0.9999981651725274, 0.000460844746670408, 0.029645373060493488], [0.0, 0.0, 0.0, 1.0]]}, "Hobj2base": {"type": "ndarray", "data": [[0.9999976013356654, 0.0017599939597192583, 0.0013037423738473364, -0.7318552945109362], [0.0017573467386603466, -0.9999963977456201, 0.002028848989622342, 0.08766603546588048], [0.0013073084394025786, -0.0020265529956858966, -0.9999970920095713, 0.005646120383637154], [0.0, 0.0, 0.0, 1.0]]}, "mean_rme": {"type": "float", "data": 0.0014742256997559312}, "max_rme": {"type": "float", "data": 0.005268896112744198}, "simu": {"type": "float", "data": 0.002}}, {"type": "dict", "image_number": {"type": "int", "data": 27}, "Hcamera2end": {"type": "ndarray", "data": [[0.9999984471049118, 0.001514211570701641, 0.0009016380005666029, -0.01741239782557047], [-0.0009022608262783805, 0.0004106874130496152, 0.9999995086305045, 0.017938216701965177], [0.001513840535286305, -0.9999987692488268, 0.0004120529890780933, 0.0292859319335623], [0.0, 0.0, 0.0, 1.0]]}, "Hobj2base": {"type": "ndarray", "data": [[0.9999979928049091, 0.0013922973125296957, 0.0014407964278576417, -0.7313551697210189], [0.001389217204773548, -0.9999967525485178, 0.002136578567666047, 0.08772780039914127], [0.001443766501538917, -0.002134572699949879, -0.9999966795633259, 0.005234081740898562], [0.0, 0.0, 0.0, 1.0]]}, "mean_rme": {"type": "float", "data": 0.0015402435600996274}, "max_rme": {"type": "float", "data": 0.0052234536229563144}, "simu": {"type": "float", "data": 0.002}}, {"type": "dict", "image_number": {"type": "int", "data": 28}, "Hcamera2end": {"type": "ndarray", "data": [[0.9999991532439448, 0.0011849875995543588, 0.0005378808253974797, -0.017301531756246262], [-0.0005382013204921776, 0.0002701605486308267, 0.9999998186762922, 0.018106712004085503], [0.0011848420705091256, -0.9999992614085611, 0.0002707980817615585, 0.029266326123783153], [0.0, 0.0, 0.0, 1.0]]}, "Hobj2base": {"type": "ndarray", "data": [[0.9999985471263477, 0.0010166455932559021, 0.0013682751665214704, -0.7313199664655612], [0.0010141772296398375, -0.9999978594446501, 0.001803482926281376, 0.08766736943906794], [0.0013701057406222581, -0.0018020926325307822, -0.999997437632919, 0.005046283154323479], [0.0, 0.0, 0.0, 1.0]]}, "mean_rme": {"type": "float", "data": 0.001532383581470965}, "max_rme": {"type": "float", "data": 0.005074785800747078}, "simu": {"type": "float", "data": 0.002}}, {"type": "dict", "image_number": {"type": "int", "data": 29}, "Hcamera2end": {"type": "ndarray", "data": [[0.9999993236743319, 0.000869007093432968, 0.0007729667201420845, -0.018870074399614557], [-0.0007732689413900727, 0.00034749547326962116, 0.9999996406509556, 0.018533593223686855], [0.0008687381787198621, -0.9999995620366878, 0.00034816721444475007, 0.02955981184678143], [0.0, 0.0, 0.0, 1.0]]}, "Hobj2base": {"type": "ndarray", "data": [[0.9999990305648947, 0.0006810109970911574, 0.001214534187528267, -0.7317877305243248], [0.0006788991107356799, -0.9999982585115974, 0.0017384101271383373, 0.08609094272616599], [0.0012157159488451006, -0.0017375838956826617, -0.9999977514159406, 0.004756239652310688], [0.0, 0.0, 0.0, 1.0]]}, "mean_rme": {"type": "float", "data": 0.0016180552990972272}, "max_rme": {"type": "float", "data": 0.004855373361301318}, "simu": {"type": "float", "data": 0.002}}, {"type": "dict", "image_number": {"type": "int", "data": 30}, "Hcamera2end": {"type": "ndarray", "data": [[0.9999995730795093, 0.00041882598695296754, 0.0008236659468240497, -0.01807814082298788], [-0.0008238393139136898, 0.0004139319435941813, 0.9999995749744751, 0.0186473536913241], [0.00041848486729499136, -0.9999998266225544, 0.0004142768121918605, 0.029333764888083265], [0.0, 0.0, 0.0, 1.0]]}, "Hobj2base": {"type": "ndarray", "data": [[0.9999992433900163, 0.00025221319377668393, 0.0012039966360945715, -0.7316092430488876], [0.0002502937248883706, -0.9999986980468272, 0.0015941322722481733, 0.08687980476215863], [0.0012043971297390173, -0.0015938297133089795, -0.9999980045652084, 0.0045748693147874275], [0.0, 0.0, 0.0, 1.0]]}, "mean_rme": {"type": "float", "data": 0.0016183520872549097}, "max_rme": {"type": "float", "data": 0.004862711837826994}, "simu": {"type": "float", "data": 0.002}}]}