{"type": "list", "data": [{"type": "dict", "image_number": {"type": "int", "data": 5}, "Hcamera2end": {"type": "ndarray", "data": [[0.9999954261882894, 0.0026291287418487865, 0.0014950868069037366, -0.01348546624460505], [-0.0014959325531605223, 0.00031974601350737153, 0.9999988299734571, 0.024933255728228063], [0.002628647617652019, -0.9999964927161223, 0.0003236775503207001, 0.03621487610032219], [0.0, 0.0, 0.0, 1.0]]}, "Hobj2base": {"type": "ndarray", "data": [[0.999994326502706, 0.003045873259576516, 0.001438616865628481, -0.7395733512491308], [0.0030442395032739744, -0.9999947205052138, 0.00113647153331412, 0.09155083812476425], [0.0014420708187118311, -0.0011320855912535287, -0.9999983194055717, 0.0004302027357723226], [0.0, 0.0, 0.0, 1.0]]}, "mean_rme": {"type": "float", "data": 0.0011200072789071408}, "max_rme": {"type": "float", "data": 0.0022644058352636054}, "simu": {"type": "float", "data": 0.002}}, {"type": "dict", "image_number": {"type": "int", "data": 6}, "Hcamera2end": {"type": "ndarray", "data": [[0.9999969725203238, 0.00243556961541776, 0.00035064345861583615, -0.013620963560357517], [-0.0003505862968802135, -2.3896454899530184e-05, 0.9999999382591022, 0.02405464699965772], [0.0024355778441790994, -0.9999970337104046, -2.304250522122686e-05, 0.036097018715672294], [0.0, 0.0, 0.0, 1.0]]}, "Hobj2base": {"type": "ndarray", "data": [[0.999994288088853, 0.002946772311517832, 0.0016553919813851385, -0.7387388699014984], [0.002945757728589977, -0.9999954721328876, 0.0006150001040670196, 0.09057582922514945], [0.0016571967512684729, -0.0006101202075180587, -0.9999984407249147, 0.00110806918229762], [0.0, 0.0, 0.0, 1.0]]}, "mean_rme": {"type": "float", "data": 0.0013697020245507694}, "max_rme": {"type": "float", "data": 0.0031820590457597997}, "simu": {"type": "float", "data": 0.002}}, {"type": "dict", "image_number": {"type": "int", "data": 7}, "Hcamera2end": {"type": "ndarray", "data": [[0.9999975223051206, 0.002195714220749662, 0.000366364136736072, -0.012743605934746173], [-0.00036449293458252715, -0.0008525461821438096, 0.9999995701548614, 0.02412554505208682], [0.0021960256192786274, -0.9999972259981864, -0.0008517437474746536, 0.03686736686541037], [0.0, 0.0, 0.0, 1.0]]}, "Hobj2base": {"type": "ndarray", "data": [[0.9999923337851134, 0.0031513710444821368, 0.002324054978334767, -0.7387494960491784], [0.0031490985898123512, -0.9999945605808125, 0.0009808092878170545, 0.09142357720715354], [0.002327133230815311, -0.0009734830904673709, -0.9999968183857377, 0.0013365333596512025], [0.0, 0.0, 0.0, 1.0]]}, "mean_rme": {"type": "float", "data": 0.001540601371226716}, "max_rme": {"type": "float", "data": 0.004627549333070469}, "simu": {"type": "float", "data": 0.002}}, {"type": "dict", "image_number": {"type": "int", "data": 8}, "Hcamera2end": {"type": "ndarray", "data": [[0.9999979526247832, 0.0019316501989393854, 0.0006028878427214986, -0.012648527708618277], [-0.0006009300301521103, -0.0010139641854067794, 0.9999993053796234, 0.024063911747574513], [0.001932260163856134, -0.9999976202992382, -0.0010128013228294375, 0.03703281095492145], [0.0, 0.0, 0.0, 1.0]]}, "Hobj2base": {"type": "ndarray", "data": [[0.9999925337192112, 0.002949329660525599, 0.002496790016401211, -0.738566208925638], [0.0029472573782126773, -0.9999953096719381, 0.0008332515056240289, 0.0915164368557406], [0.002499235839017147, -0.0008258866015366339, -0.9999965358597713, 0.0013937156426359898], [0.0, 0.0, 0.0, 1.0]]}, "mean_rme": {"type": "float", "data": 0.001507756838717797}, "max_rme": {"type": "float", "data": 0.0044983753702366736}, "simu": {"type": "float", "data": 0.002}}, {"type": "dict", "image_number": {"type": "int", "data": 9}, "Hcamera2end": {"type": "ndarray", "data": [[0.9999985276032625, 0.0013517102615168207, 0.0010571994495532978, -0.012831731436802496], [-0.001055605129189177, -0.0011796537084041159, 0.999998747056685, 0.02417015643249401], [0.0013529556971516726, -0.9999983906469537, -0.0011782250992005139, 0.03700835155857069], [0.0, 0.0, 0.0, 1.0]]}, "Hobj2base": {"type": "ndarray", "data": [[0.9999932797713674, 0.002468934052709542, 0.002710124858214169, -0.7383565892807302], [0.002467003617553648, -0.9999967010304838, 0.0007154168709934241, 0.09162921406196801], [0.0027118822346695565, -0.000708726175399247, -0.9999960716932605, 0.001149155006281451], [0.0, 0.0, 0.0, 1.0]]}, "mean_rme": {"type": "float", "data": 0.0013876193338487163}, "max_rme": {"type": "float", "data": 0.004612909949334776}, "simu": {"type": "float", "data": 0.002}}, {"type": "dict", "image_number": {"type": "int", "data": 10}, "Hcamera2end": {"type": "ndarray", "data": [[0.999998346329014, 0.0017944523495946124, 0.0002954318913930079, -0.012828450160466217], [-0.0002927561805679544, -0.0014911813196414325, 0.9999988453353785, 0.023895479595700465], [0.0017948908201216413, -0.9999972781558142, -0.0014906535167020785, 0.036755183119672366], [0.0, 0.0, 0.0, 1.0]]}, "Hobj2base": {"type": "ndarray", "data": [[0.9999923147091709, 0.0030313589563751874, 0.002486239222608403, -0.7382754335725157], [0.0030304951457542635, -0.9999953463924884, 0.00035113037181944736, 0.09098827986378419], [0.0024872920548243524, -0.0003435931373851224, -0.9999968476560259, 0.0014294588094243056], [0.0, 0.0, 0.0, 1.0]]}, "mean_rme": {"type": "float", "data": 0.0014743562447616027}, "max_rme": {"type": "float", "data": 0.004558635664981103}, "simu": {"type": "float", "data": 0.002}}, {"type": "dict", "image_number": {"type": "int", "data": 11}, "Hcamera2end": {"type": "ndarray", "data": [[0.9999984474156146, 0.001759916419091343, -8.865978858949703e-05, -0.012761447387091002], [9.074180722623787e-05, -0.0011829767207345299, 0.9999992961657537, 0.023933836858368588], [0.00175981029793593, -0.9999977516276105, -0.0011831345820598749, 0.03665916174470714], [0.0, 0.0, 0.0, 1.0]]}, "Hobj2base": {"type": "ndarray", "data": [[0.999993371202748, 0.0029216163703164495, 0.0021729492280540452, -0.7385787480232899], [0.0029209786426193114, -0.9999956899466516, 0.0002966005563296392, 0.0909051873948748], [0.002173806415567766, -0.00029025145193804444, -0.9999975951569895, 0.0015198605506164151], [0.0, 0.0, 0.0, 1.0]]}, "mean_rme": {"type": "float", "data": 0.001468929325772458}, "max_rme": {"type": "float", "data": 0.004475300108216562}, "simu": {"type": "float", "data": 0.002}}, {"type": "dict", "image_number": {"type": "int", "data": 12}, "Hcamera2end": {"type": "ndarray", "data": [[0.9999980802168772, 0.001764531624231278, 0.0008520508828890479, -0.012992164613112714], [-0.0008486889745336963, -0.0019051426807830119, 0.9999978250768301, 0.02415913265866353], [0.0017661510650137549, -0.9999966284240728, -0.0019036414847874994, 0.03688482881544095], [0.0, 0.0, 0.0, 1.0]]}, "Hobj2base": {"type": "ndarray", "data": [[0.9999922250731832, 0.003116046872253433, 0.0024166185206020065, -0.7383136068990912], [0.0031148574695727487, -0.9999950259181729, 0.0004957840830984768, 0.09132516386240282], [0.002418151386585192, -0.00048825280616350867, -0.9999969570719047, 0.001186828034544114], [0.0, 0.0, 0.0, 1.0]]}, "mean_rme": {"type": "float", "data": 0.0015116846536139912}, "max_rme": {"type": "float", "data": 0.004592264562980397}, "simu": {"type": "float", "data": 0.002}}, {"type": "dict", "image_number": {"type": "int", "data": 13}, "Hcamera2end": {"type": "ndarray", "data": [[0.9999981185601379, 0.0017957146378894027, 0.0007336791694171991, -0.012900785221120273], [-0.0007303448017933364, -0.0018567990840374637, 0.9999980094448347, 0.02402750085855223], [0.0017970733582301063, -0.9999966638474854, -0.0018554840997302424, 0.03689829828976811], [0.0, 0.0, 0.0, 1.0]]}, "Hobj2base": {"type": "ndarray", "data": [[0.9999916795557964, 0.0031751049859818376, 0.002561157454231954, -0.7381875221170853], [0.0031738334598323996, -0.9999948381886372, 0.000500377108224937, 0.09125163611592366], [0.0025627329838715006, -0.0004922442576409866, -0.9999965950418253, 0.0012963578531652309], [0.0, 0.0, 0.0, 1.0]]}, "mean_rme": {"type": "float", "data": 0.0015087521986208723}, "max_rme": {"type": "float", "data": 0.004513454834656372}, "simu": {"type": "float", "data": 0.002}}, {"type": "dict", "image_number": {"type": "int", "data": 14}, "Hcamera2end": {"type": "ndarray", "data": [[0.9999983797287785, 0.001605007894115785, 0.0008151622399951787, -0.012816640840614343], [-0.0008122105461939326, -0.0018388462508833747, 0.9999979794772057, 0.023996074491768438], [0.0016065036091896271, -0.9999970212926262, -0.0018375396671153066, 0.03696910177599835], [0.0, 0.0, 0.0, 1.0]]}, "Hobj2base": {"type": "ndarray", "data": [[0.9999920743385676, 0.0030143686177283996, 0.00260093096508145, -0.7381577998522854], [0.003012759850757895, -0.9999952680418149, 0.0006222315165349535, 0.0914026416124228], [0.0026027942927412855, -0.0006143906045524305, -0.9999964239866332, 0.0013169478575181842], [0.0, 0.0, 0.0, 1.0]]}, "mean_rme": {"type": "float", "data": 0.001431278311969283}, "max_rme": {"type": "float", "data": 0.0044617558725132955}, "simu": {"type": "float", "data": 0.002}}, {"type": "dict", "image_number": {"type": "int", "data": 15}, "Hcamera2end": {"type": "ndarray", "data": [[0.9999981825196779, 0.0010052688948592385, 0.0016199974660315727, -0.012642084446246139], [-0.0016183017123999042, -0.0016853925546191917, 0.9999972702720263, 0.024050732747632815], [0.0010079964824163668, -0.9999980744413388, -0.0016837626630774594, 0.03721438276747074], [0.0, 0.0, 0.0, 1.0]]}, "Hobj2base": {"type": "ndarray", "data": [[0.9999930451889842, 0.002443861178642191, 0.0028172888033607146, -0.7380902121872246], [0.002439623489494045, -0.9999958891442149, 0.001506629317710304, 0.09221733400019691], [0.0028209592147928945, -0.001499745715446761, -0.9999948964629259, 0.0012156370696998597], [0.0, 0.0, 0.0, 1.0]]}, "mean_rme": {"type": "float", "data": 0.001496203173130353}, "max_rme": {"type": "float", "data": 0.004355744404203332}, "simu": {"type": "float", "data": 0.002}}, {"type": "dict", "image_number": {"type": "int", "data": 16}, "Hcamera2end": {"type": "ndarray", "data": [[0.9999992147752098, 0.0009078524768296452, 0.0008638592733323928, -0.01263963586711949], [-0.0008624047394277998, -0.0016013419387734817, 0.9999983459796625, 0.023924198000777847], [0.0009092343093067704, -0.9999983057525027, -0.001600557745081277, 0.03717122048454211], [0.0, 0.0, 0.0, 1.0]]}, "Hobj2base": {"type": "ndarray", "data": [[0.9999932587195525, 0.00237600089101916, 0.002799488384684998, -0.7380318897706799], [0.002373819904371589, -0.9999968766198033, 0.0007821315105737017, 0.09177343561931675], [0.0028013379859844335, -0.0007754807567562198, -0.9999957755586193, 0.0013063658359265574], [0.0, 0.0, 0.0, 1.0]]}, "mean_rme": {"type": "float", "data": 0.0014932474838773447}, "max_rme": {"type": "float", "data": 0.004396867744928035}, "simu": {"type": "float", "data": 0.002}}, {"type": "dict", "image_number": {"type": "int", "data": 17}, "Hcamera2end": {"type": "ndarray", "data": [[0.9999985814381597, 0.0008011672074413461, -0.0014816385436353713, -0.01287592823012182], [0.0014828254203004417, -0.001482875324777977, 0.9999978011523544, 0.023874422892902224], [0.0007989683605601212, -0.9999985796049294, -0.0014840612123288022, 0.03710834817868505], [0.0, 0.0, 0.0, 1.0]]}, "Hobj2base": {"type": "ndarray", "data": [[0.9999936982857909, 0.0022850557892819916, 0.00271696682837858, -0.7379824341524899], [0.0022889106789466956, -0.9999963771175435, -0.0014165591026310458, 0.090624808594602], [0.0027137200685487957, 0.0014227690702682402, -0.9999953057147628, 0.0012740853343267263], [0.0, 0.0, 0.0, 1.0]]}, "mean_rme": {"type": "float", "data": 0.0015226810345863669}, "max_rme": {"type": "float", "data": 0.005293942509637051}, "simu": {"type": "float", "data": 0.002}}, {"type": "dict", "image_number": {"type": "int", "data": 18}, "Hcamera2end": {"type": "ndarray", "data": [[0.9999977977184942, 0.0008929495529523469, -0.0018992628195010114, -0.012841752686665773], [0.0019006024769544173, -0.0015018138264235592, 0.9999970661284238, 0.02385615825701735], [0.0008900945939906954, -0.9999984735969983, -0.0015035076611389364, 0.03710491577616031], [0.0, 0.0, 0.0, 1.0]]}, "Hobj2base": {"type": "ndarray", "data": [[0.9999933800417123, 0.0024042186950865366, 0.00273122778574003, -0.7379750374131844], [0.0024090858437765235, -0.9999955136811047, -0.0017801469212254744, 0.09045786772160119], [0.002726935670073196, 0.0017867148989218656, -0.9999946857217399, 0.001248759714633757], [0.0, 0.0, 0.0, 1.0]]}, "mean_rme": {"type": "float", "data": 0.0014662870551822686}, "max_rme": {"type": "float", "data": 0.005151276659614179}, "simu": {"type": "float", "data": 0.002}}, {"type": "dict", "image_number": {"type": "int", "data": 19}, "Hcamera2end": {"type": "ndarray", "data": [[0.999998368564477, 0.0009911590985478256, -0.0015101231823187087, -0.01302781006159789], [0.0015115400746207313, -0.001430341728682949, 0.9999978346822266, 0.024024438143573232], [0.0009889969601702912, -0.9999984858619438, -0.0014318375718704868, 0.037725175324944675], [0.0, 0.0, 0.0, 1.0]]}, "Hobj2base": {"type": "ndarray", "data": [[0.9999936600531604, 0.0024514230018878, 0.0025827076392882977, -0.7386435863937054], [0.0024549860482367576, -0.9999960380196595, -0.001377312051719806, 0.09055930909350036], [0.0025793210322070407, 0.0013836438308557437, -0.9999957163072066, 0.0010466748958421275], [0.0, 0.0, 0.0, 1.0]]}, "mean_rme": {"type": "float", "data": 0.0014996246211574794}, "max_rme": {"type": "float", "data": 0.005073780794776495}, "simu": {"type": "float", "data": 0.002}}, {"type": "dict", "image_number": {"type": "int", "data": 20}, "Hcamera2end": {"type": "ndarray", "data": [[-0.7435233702439588, 0.3013926975992035, 0.5969383885586017, -719.9428596975519], [0.5957104738062572, 0.7040934890050243, 0.38649888762874374, -1671.22460131187], [-0.30381249035974434, 0.6429734058066529, -0.7030527506004112, 847.270893754351], [0.0, 0.0, 0.0, 1.0]]}, "Hobj2base": {"type": "ndarray", "data": [[-0.6936470827112815, 0.06087138295142522, 0.7177383920229637, -768.9915655302751], [-0.06464583012304498, 0.9871412384846219, -0.14619538956735034, 156.05183812947502], [-0.7174082807535965, -0.14780679964273585, -0.6807925592172266, 1799.0242837534993], [0.0, 0.0, 0.0, 1.0]]}, "mean_rme": {"type": "float", "data": 130.68751542524004}, "max_rme": {"type": "float", "data": 1094.0326676878785}, "simu": {"type": "float", "data": 0.002}}, {"type": "dict", "image_number": {"type": "int", "data": 20}, "Hcamera2end": {"type": "ndarray", "data": [[0.9999988377373261, 0.0011075592393389676, -0.001047776945865157, -0.01311352515445045], [0.0010497251673508693, -0.0017599070755822677, 0.9999979003998751, 0.02495518840880422], [0.0011057129238467905, -0.9999978380174714, -0.0017610676629158384, 0.038101899922048425], [0.0, 0.0, 0.0, 1.0]]}, "Hobj2base": {"type": "ndarray", "data": [[0.9999927805812479, 0.0026854878831216607, 0.0026882968983980085, -0.7388382042643356], [0.0026880299577639473, -0.9999959431410042, -0.0009424417651156985, 0.0902271775803929], [0.0026857550764157858, 0.0009496611838322043, -0.9999959424234213, 0.0001728892903984286], [0.0, 0.0, 0.0, 1.0]]}, "mean_rme": {"type": "float", "data": 0.001483768094794385}, "max_rme": {"type": "float", "data": 0.0051050122777918094}, "simu": {"type": "float", "data": 0.002}}, {"type": "dict", "image_number": {"type": "int", "data": 21}, "Hcamera2end": {"type": "ndarray", "data": [[0.999998574251931, 0.0010382198851319447, -0.0013317633331093913, -0.01307362151199841], [0.0013336826111992888, -0.0018501286030854214, 0.9999973991540401, 0.025086667399205738], [0.001035753251446825, -0.9999977495592789, -0.0018515106210754695, 0.037377574145556314], [0.0, 0.0, 0.0, 1.0]]}, "Hobj2base": {"type": "ndarray", "data": [[0.9999924782032072, 0.0026651151479101477, 0.002817924458972319, -0.7380479659220819], [0.0026685313840295564, -0.9999957083066893, -0.0012092594656346169, 0.09009982220064258], [0.0028146895495851517, 0.0012167700896872386, -0.999995298485592, 8.212728963400524e-05], [0.0, 0.0, 0.0, 1.0]]}, "mean_rme": {"type": "float", "data": 0.0014517959425612065}, "max_rme": {"type": "float", "data": 0.005095024553749328}, "simu": {"type": "float", "data": 0.002}}, {"type": "dict", "image_number": {"type": "int", "data": 22}, "Hcamera2end": {"type": "ndarray", "data": [[0.9999990555776247, 0.0008424990677360218, -0.0010858357055782085, -0.013143949995589857], [0.0010872645305907507, -0.0016973361264263076, 0.9999979684508937, 0.02482035192902693], [0.000840654327987352, -0.9999982046210858, -0.001698250542777613, 0.03770422459646656], [0.0, 0.0, 0.0, 1.0]]}, "Hobj2base": {"type": "ndarray", "data": [[0.9999932011160335, 0.0024270276146390627, 0.002776194997823813, -0.7384446234976686], [0.0024296739336067885, -0.9999965968557689, -0.0009502428408911188, 0.09032803554502483], [0.002773879284416367, 0.0009569816289211258, -0.9999956948806716, 0.0003081232868714544], [0.0, 0.0, 0.0, 1.0]]}, "mean_rme": {"type": "float", "data": 0.0014225614115567695}, "max_rme": {"type": "float", "data": 0.005110123593791038}, "simu": {"type": "float", "data": 0.002}}, {"type": "dict", "image_number": {"type": "int", "data": 23}, "Hcamera2end": {"type": "ndarray", "data": [[0.999999154210133, 0.0009328979914135428, -0.0009062451966224252, -0.01315912243406192], [0.0009078953609309642, -0.0017699571153373395, 0.9999980214869544, 0.025201491283571645], [0.0009312921305286945, -0.9999979984745706, -0.0017708025920841752, 0.036513367824557934], [0.0, 0.0, 0.0, 1.0]]}, "Hobj2base": {"type": "ndarray", "data": [[0.9999928218571279, 0.0025302977460459233, 0.0028202530976575192, -0.7371927848113036], [0.002532545585528074, -0.9999964780817889, -0.0007937486219507738, 0.0903539967572066], [0.0028182347446077264, 0.0008008853438423054, -0.9999957080585846, -5.0880573558478016e-05], [0.0, 0.0, 0.0, 1.0]]}, "mean_rme": {"type": "float", "data": 0.0014780676255081013}, "max_rme": {"type": "float", "data": 0.005142701068744704}, "simu": {"type": "float", "data": 0.002}}, {"type": "dict", "image_number": {"type": "int", "data": 24}, "Hcamera2end": {"type": "ndarray", "data": [[0.9999994471129099, 0.000720978364481221, -0.0007654829015032226, -0.013138509689692785], [0.0007667337202354504, -0.0017362151717290608, 0.9999981988365175, 0.02573767922859554], [0.0007196480228540301, -0.9999982328719762, -0.0017367670102215182, 0.03645961216232628], [0.0, 0.0, 0.0, 1.0]]}, "Hobj2base": {"type": "ndarray", "data": [[0.999993182514519, 0.002331788002042858, 0.0028631607006162105, -0.7370666475789988], [0.0023336892742154536, -0.9999970585581051, -0.0006608853978623709, 0.09019811625783962], [0.002861611234153913, 0.0006675626197031496, -0.9999956827613272, -0.0005329334580022697], [0.0, 0.0, 0.0, 1.0]]}, "mean_rme": {"type": "float", "data": 0.0014494175722037687}, "max_rme": {"type": "float", "data": 0.0051812029125353765}, "simu": {"type": "float", "data": 0.002}}, {"type": "dict", "image_number": {"type": "int", "data": 25}, "Hcamera2end": {"type": "ndarray", "data": [[0.9999991474962123, 0.0007929928778381509, -0.001037385725860756, -0.013117663769110895], [0.0010388151842001365, -0.0018043303909722752, 0.9999978326250779, 0.025321006535830567], [0.0007911193725329427, -0.9999980577751818, -0.0018051526258162642, 0.037205407575289354], [0.0, 0.0, 0.0, 1.0]]}, "Hobj2base": {"type": "ndarray", "data": [[0.9999928488207571, 0.0024507877955335985, 0.0028802684818534066, -0.7378424436446244], [0.002453382615453896, -0.9999965875116688, -0.0008977075027933516, 0.09020752350824529], [0.0028780585623790155, 0.0009047674837473106, -0.9999954490770011, -0.00016846044867726783], [0.0, 0.0, 0.0, 1.0]]}, "mean_rme": {"type": "float", "data": 0.0014635925310152607}, "max_rme": {"type": "float", "data": 0.0051134102819164196}, "simu": {"type": "float", "data": 0.002}}, {"type": "dict", "image_number": {"type": "int", "data": 26}, "Hcamera2end": {"type": "ndarray", "data": [[0.9999993900979698, 0.0008613071450921491, -0.0006913419488729581, -0.013051554854274849], [0.0006930352030908479, -0.001967167264128822, 0.9999978249752158, 0.024985892457940716], [0.0008599452864776196, -0.9999976941988201, -0.0019677629805219254, 0.03671838588230858], [0.0, 0.0, 0.0, 1.0]]}, "Hobj2base": {"type": "ndarray", "data": [[0.9999921032909048, 0.0025750220288589514, 0.003026981563074824, -0.7373227170865024], [0.0025765684360507714, -0.9999965520736156, -0.0005070857667369606, 0.09054482052965841], [0.003025665369245359, 0.0005148809875801005, -0.9999952901122293, 7.660048565229761e-05], [0.0, 0.0, 0.0, 1.0]]}, "mean_rme": {"type": "float", "data": 0.0014554147265855514}, "max_rme": {"type": "float", "data": 0.005219687046530919}, "simu": {"type": "float", "data": 0.002}}, {"type": "dict", "image_number": {"type": "int", "data": 27}, "Hcamera2end": {"type": "ndarray", "data": [[0.9999995582885972, 0.0004929137629910596, -0.0008002865940609334, -0.013019877408829778], [0.0008012171875409768, -0.0018906487298138153, 0.9999978917469771, 0.025216550644814387], [0.0004913996629715804, -0.9999980912398797, -0.0018910428256717626, 0.03682766259861817], [0.0, 0.0, 0.0, 1.0]]}, "Hobj2base": {"type": "ndarray", "data": [[0.9999927023939182, 0.0022147071426253427, 0.0031129136160179516, -0.7373973796927524], [0.002216584763827175, -0.9999973634618571, -0.0005998510815166668, 0.09049906390726166], [0.0031115769142277196, 0.0006067467409321417, -0.9999949749611243, -0.0001625065626754253], [0.0, 0.0, 0.0, 1.0]]}, "mean_rme": {"type": "float", "data": 0.0014318777972667336}, "max_rme": {"type": "float", "data": 0.005175758840938516}, "simu": {"type": "float", "data": 0.002}}, {"type": "dict", "image_number": {"type": "int", "data": 28}, "Hcamera2end": {"type": "ndarray", "data": [[0.9999993892106243, 0.0001272395628548914, -0.001097901849972486, -0.012975551590108972], [0.0010981261071166142, -0.001776019288434405, 0.9999978199348936, 0.025375966318308015], [0.00012528939060200126, -0.9999984147815337, -0.0017761579287465246, 0.03733227526942361], [0.0, 0.0, 0.0, 1.0]]}, "Hobj2base": {"type": "ndarray", "data": [[0.9999932286455965, 0.001888812649777818, 0.0031583302122884663, -0.7378822674817569], [0.0018916010794299406, -0.9999978236085272, -0.0008801270164066281, 0.09035758578698636], [0.0031566609434835243, 0.0008860953575934409, -0.999994625148908, -0.00032076903125291745], [0.0, 0.0, 0.0, 1.0]]}, "mean_rme": {"type": "float", "data": 0.001424839842171944}, "max_rme": {"type": "float", "data": 0.005095695925286969}, "simu": {"type": "float", "data": 0.002}}, {"type": "dict", "image_number": {"type": "int", "data": 29}, "Hcamera2end": {"type": "ndarray", "data": [[0.9999989104510624, -0.0007490306842466562, -0.0012720258339637349, -0.01292113598235888], [0.0012710504376610035, -0.001301250722025804, 0.9999983455873034, 0.025942346031725513], [-0.0007506846695756623, -0.9999988728491613, -0.0013002972484703612, 0.03756257243257189], [0.0, 0.0, 0.0, 1.0]]}, "Hobj2base": {"type": "ndarray", "data": [[0.9999947187233326, 0.000916351705909555, 0.0031181444793368595, -0.7381341215014721], [0.0009197641780200621, -0.9999989795454611, -0.0010931339773570159, 0.09021606496896376], [0.003117139602227235, 0.0010959961618080322, -0.9999945411016566, -0.0008280471749261256], [0.0, 0.0, 0.0, 1.0]]}, "mean_rme": {"type": "float", "data": 0.0014324788523000385}, "max_rme": {"type": "float", "data": 0.005050909229550982}, "simu": {"type": "float", "data": 0.002}}, {"type": "dict", "image_number": {"type": "int", "data": 30}, "Hcamera2end": {"type": "ndarray", "data": [[0.9999989768063101, -0.0006730153570735963, -0.0012623140108312697, -0.013589511420234988], [0.001261486496238332, -0.0012285726835197242, 0.999998449629289, 0.025845820770242625], [-0.0006745651581620297, -0.9999990188292641, -0.0012277224266672437, 0.03776982937572603], [0.0, 0.0, 0.0, 1.0]]}, "Hobj2base": {"type": "ndarray", "data": [[0.9999950345063, 0.0009214542382059024, 0.0030136165699701737, -0.7383713837983436], [0.0009246877516199525, -0.9999989981512207, -0.0010717504916959134, 0.08976226461515234], [0.00301262598174922, 0.0010745318242559292, -0.9999948847199431, -0.0003535074014397288], [0.0, 0.0, 0.0, 1.0]]}, "mean_rme": {"type": "float", "data": 0.0014195041872154732}, "max_rme": {"type": "float", "data": 0.005089918099058788}, "simu": {"type": "float", "data": 0.002}}]}