{"type": "list", "data": [{"type": "dict", "image_number": {"type": "int", "data": 5}, "Hcamera2end": {"type": "ndarray", "data": [[0.9999890393456248, 0.0031087127724639917, 0.0035010132123150174, -0.018053562223833697], [-0.003503421247527602, 0.0007695010283057524, 0.9999935669331727, 0.02636553247908464], [0.003105998740639992, -0.9999948718733839, 0.0007803837244504397, 0.03277159159925403], [0.0, 0.0, 0.0, 1.0]]}, "Hobj2base": {"type": "ndarray", "data": [[0.9999961295754818, 0.0025993357748202443, -0.000992112688178975, -0.7346069183543869], [0.0026022092175129754, -0.999992391606485, 0.002906068879250959, 0.08755483534548779], [-0.000984551290993303, -0.002908639316312708, -0.9999952852269272, -0.002986730856894726], [0.0, 0.0, 0.0, 1.0]]}, "mean_rme": {"type": "float", "data": 0.0017804990368163562}, "max_rme": {"type": "float", "data": 0.004469422127899136}, "simu": {"type": "float", "data": 0.002}}, {"type": "dict", "image_number": {"type": "int", "data": 6}, "Hcamera2end": {"type": "ndarray", "data": [[0.9999905570612362, 0.0032218497941545027, 0.0029164142816980616, -0.017558707335301033], [-0.002919978289766542, 0.00110204982819051, 0.999995129594621, 0.02588574077173751], [0.003218620068581859, -0.9999942025682347, 0.0011114471530532244, 0.03257615458403027], [0.0, 0.0, 0.0, 1.0]]}, "Hobj2base": {"type": "ndarray", "data": [[0.9999958319936608, 0.002706672254957174, -0.0010049480635196703, -0.73489220832622], [0.0027094435611578183, -0.9999925023434293, 0.002766617522487151, 0.08714037060342299], [-0.000997452201876024, -0.0027693288412677804, -0.9999956679440536, -0.002318261929668164], [0.0, 0.0, 0.0, 1.0]]}, "mean_rme": {"type": "float", "data": 0.001990142929696753}, "max_rme": {"type": "float", "data": 0.00484898065470446}, "simu": {"type": "float", "data": 0.002}}, {"type": "dict", "image_number": {"type": "int", "data": 7}, "Hcamera2end": {"type": "ndarray", "data": [[0.9999896568869401, 0.0033211313631739286, 0.0031074435808898307, -0.016841154996584087], [-0.003110611705621103, 0.0009491900590808955, 0.9999947115525405, 0.026053641265386], [0.0033181642449890726, -0.9999940345445568, 0.0009595109915949696, 0.03255008157329705], [0.0, 0.0, 0.0, 1.0]]}, "Hobj2base": {"type": "ndarray", "data": [[0.9999953367545276, 0.002999445233681626, -0.0005742799744737409, -0.7351612212189885], [0.003001073380025433, -0.9999914196460336, 0.0028555547409900837, 0.08758201581277833], [-0.0005657099668909041, -0.0028572648811814416, -0.9999957579958192, -0.0021781806038136714], [0.0, 0.0, 0.0, 1.0]]}, "mean_rme": {"type": "float", "data": 0.002011880957641879}, "max_rme": {"type": "float", "data": 0.005173622506547293}, "simu": {"type": "float", "data": 0.002}}, {"type": "dict", "image_number": {"type": "int", "data": 8}, "Hcamera2end": {"type": "ndarray", "data": [[0.9999904154349115, 0.0033932962421804676, 0.002766690970415038, -0.016967932884505488], [-0.002769142360745563, 0.0007179361527739347, 0.999995908200762, 0.0258136073057669], [0.003391296050022274, -0.999993985036057, 0.0007273257920349385, 0.03231390996378156], [0.0, 0.0, 0.0, 1.0]]}, "Hobj2base": {"type": "ndarray", "data": [[0.9999951298190721, 0.003063749564860503, -0.000594791342241075, -0.735092589381649], [0.0030654175444968955, -0.9999913142205503, 0.0028239509085843293, 0.0871944641939893], [-0.0005861342976472951, -0.0028257604392482936, -0.9999958357535919, -0.002031194376418771], [0.0, 0.0, 0.0, 1.0]]}, "mean_rme": {"type": "float", "data": 0.0019108687871571244}, "max_rme": {"type": "float", "data": 0.005439364536597269}, "simu": {"type": "float", "data": 0.002}}, {"type": "dict", "image_number": {"type": "int", "data": 9}, "Hcamera2end": {"type": "ndarray", "data": [[0.9999900743425553, 0.003463090194574611, 0.002803252160438837, -0.01650034485612816], [-0.0028079290979078067, 0.0013463867755361125, 0.9999951513766613, 0.025937156185888627], [0.003459299141717362, -0.9999930971006524, 0.0013560975234881978, 0.032255706524874785], [0.0, 0.0, 0.0, 1.0]]}, "Hobj2base": {"type": "ndarray", "data": [[0.9999951898938346, 0.0028020698095964436, -0.001329884948290796, -0.7355717552766641], [0.0028059390144193714, -0.9999918102308019, 0.0029165351998141835, 0.08764099966026428], [-0.0013217017216079845, -0.0029202527470313356, -0.99999486260103, -0.0018170529965029708], [0.0, 0.0, 0.0, 1.0]]}, "mean_rme": {"type": "float", "data": 0.001892822746409076}, "max_rme": {"type": "float", "data": 0.005821384937720664}, "simu": {"type": "float", "data": 0.002}}, {"type": "dict", "image_number": {"type": "int", "data": 10}, "Hcamera2end": {"type": "ndarray", "data": [[0.999990153210532, 0.003380019528981691, 0.002875578195867259, -0.01642157825272622], [-0.0028799815835504057, 0.001298625431651046, 0.9999950096265814, 0.026165694270735913], [0.003376268362446225, -0.9999934444984987, 0.001308347038355362, 0.03234853157820343], [0.0, 0.0, 0.0, 1.0]]}, "Hobj2base": {"type": "ndarray", "data": [[0.9999952545671258, 0.002764300059998669, -0.0013599589727808466, -0.7356082904508191], [0.00276811228705517, -0.9999922225446172, 0.002809342386280961, 0.08790889890055052], [-0.0013521825304336598, -0.0028130935738776915, -0.9999951290416114, -0.0019488404978620366], [0.0, 0.0, 0.0, 1.0]]}, "mean_rme": {"type": "float", "data": 0.0018237442107456282}, "max_rme": {"type": "float", "data": 0.005760742558795495}, "simu": {"type": "float", "data": 0.002}}, {"type": "dict", "image_number": {"type": "int", "data": 11}, "Hcamera2end": {"type": "ndarray", "data": [[0.9999893022108615, 0.0034427446179568625, 0.003089170330358627, -0.016450595261012738], [-0.0030922885715605913, 0.0009007881647212779, 0.9999948131525845, 0.026345065023084844], [0.0034399440728934434, -0.999993668025042, 0.0009114244881163192, 0.03246685297056969], [0.0, 0.0, 0.0, 1.0]]}, "Hobj2base": {"type": "ndarray", "data": [[0.9999951695323235, 0.0028497779655977697, -0.0012408374455809606, -0.735469221789351], [0.0028529802800391123, -0.9999925847348952, 0.002586692626704459, 0.08802849506696982], [-0.0012334567447909934, -0.0025902202165323136, -0.9999958846633763, -0.0021096744017468287], [0.0, 0.0, 0.0, 1.0]]}, "mean_rme": {"type": "float", "data": 0.00176498939102829}, "max_rme": {"type": "float", "data": 0.005651448218461308}, "simu": {"type": "float", "data": 0.002}}, {"type": "dict", "image_number": {"type": "int", "data": 12}, "Hcamera2end": {"type": "ndarray", "data": [[0.9999906644943137, 0.0034540919766239617, 0.0025961842842864855, -0.016541765291205324], [-0.002599471105796291, 0.0009474243567089147, 0.9999961725612043, 0.026206360452688832], [0.0034516190680728897, -0.9999935857972815, 0.000956394324313381, 0.03243698529796837], [0.0, 0.0, 0.0, 1.0]]}, "Hobj2base": {"type": "ndarray", "data": [[0.9999950521837275, 0.0028715014025799874, -0.001284557417584338, -0.7354384791888063], [0.0028745998370471927, -0.9999929479590417, 0.002416755668809291, 0.08775303719193554], [-0.0012776086415401363, -0.002420436299689532, -0.9999962545951255, -0.0020349738986637452], [0.0, 0.0, 0.0, 1.0]]}, "mean_rme": {"type": "float", "data": 0.0016756335627746187}, "max_rme": {"type": "float", "data": 0.005635121027945722}, "simu": {"type": "float", "data": 0.002}}, {"type": "dict", "image_number": {"type": "int", "data": 13}, "Hcamera2end": {"type": "ndarray", "data": [[0.999993187127978, 0.003310630031478726, 0.001632613372301799, -0.01670300306057327], [-0.0016359192166690208, 0.000996092464522813, 0.9999981657823771, 0.026009171422688243], [0.0033089977251851504, -0.9999940237464406, 0.0010015016015600953, 0.032421538127816375], [0.0, 0.0, 0.0, 1.0]]}, "Hobj2base": {"type": "ndarray", "data": [[0.9999955014336555, 0.0027127975918676836, -0.0012797818866992648, -0.7353407081452695], [0.0027149450844920434, -0.9999949045459797, 0.0016792722427995713, 0.08716568065594316], [-0.0012752198399331482, -0.0016827392260244927, -0.9999977710990446, -0.0019489843551645813], [0.0, 0.0, 0.0, 1.0]]}, "mean_rme": {"type": "float", "data": 0.0016668567884852237}, "max_rme": {"type": "float", "data": 0.005522321401821684}, "simu": {"type": "float", "data": 0.002}}, {"type": "dict", "image_number": {"type": "int", "data": 14}, "Hcamera2end": {"type": "ndarray", "data": [[0.9999942987107028, 0.003356232735328325, 0.00037181704654976424, -0.016872920920912124], [-0.00037533576244366406, 0.0010478433966950584, 0.9999993805734488, 0.025869059513296693], [0.003355841050351651, -0.9999938188439177, 0.0010490971368093405, 0.03237780342467993], [0.0, 0.0, 0.0, 1.0]]}, "Hobj2base": {"type": "ndarray", "data": [[0.9999952997236933, 0.0027641424759956602, -0.001326667589605119, -0.7353176079454613], [0.0027650416860031703, -0.9999959484777241, 0.0006764411367496183, 0.08647683055896814], [-0.0013247924349032265, -0.0006801062484780978, -0.9999988911896329, -0.001913181716151398], [0.0, 0.0, 0.0, 1.0]]}, "mean_rme": {"type": "float", "data": 0.0016261615873672888}, "max_rme": {"type": "float", "data": 0.005534048845646289}, "simu": {"type": "float", "data": 0.002}}, {"type": "dict", "image_number": {"type": "int", "data": 15}, "Hcamera2end": {"type": "ndarray", "data": [[0.9999966642999378, 0.0024246218985111904, 0.0008902795328382023, -0.016699509235067526], [-0.0008938909542196763, 0.0014888020205650054, 0.9999984922126163, 0.025840600120572123], [0.0024232927927295236, -0.9999959523304048, 0.001490964401950512, 0.03256075648835803], [0.0, 0.0, 0.0, 1.0]]}, "Hobj2base": {"type": "ndarray", "data": [[0.9999974386490638, 0.001786706631909711, -0.001389379258329685, -0.7352988794762157], [0.0017887427518961476, -0.9999973261606372, 0.0014656298795512268, 0.08708848315564587], [-0.001386756892727015, -0.0014681113676367344, -0.9999979607750871, -0.0018973004336341637], [0.0, 0.0, 0.0, 1.0]]}, "mean_rme": {"type": "float", "data": 0.0016321100357838338}, "max_rme": {"type": "float", "data": 0.005049287564573679}, "simu": {"type": "float", "data": 0.002}}, {"type": "dict", "image_number": {"type": "int", "data": 16}, "Hcamera2end": {"type": "ndarray", "data": [[0.9999975407997709, 0.002115497915888461, -0.0006656297607164313, -0.016805650635588525], [0.0006619882467769479, 0.0017215850740228689, 0.9999982989567503, 0.025738205841623004], [0.0021166402555958864, -0.9999962803997827, 0.0017201804055441139, 0.03260133396172135], [0.0, 0.0, 0.0, 1.0]]}, "Hobj2base": {"type": "ndarray", "data": [[0.9999978816297952, 0.0014657715748896854, -0.001445077718446869, -0.7352938145913843], [0.001466043409425128, -0.9999989078602947, 0.00018706934350312985, 0.08644371853209754], [-0.0014448019392938754, -0.00018918749388624245, -0.9999989383771604, -0.0018876200308505682], [0.0, 0.0, 0.0, 1.0]]}, "mean_rme": {"type": "float", "data": 0.001617414997962719}, "max_rme": {"type": "float", "data": 0.004883307219923583}, "simu": {"type": "float", "data": 0.002}}, {"type": "dict", "image_number": {"type": "int", "data": 17}, "Hcamera2end": {"type": "ndarray", "data": [[0.999998371091176, 0.0014443836945958318, -0.001082391212784468, -0.016714759574930696], [0.0010794158048639743, 0.0020591764142036117, 0.9999972973233555, 0.025593194494691086], [0.0014466086253500617, -0.9999968367691161, 0.002057613969404737, 0.032687002487482256], [0.0, 0.0, 0.0, 1.0]]}, "Hobj2base": {"type": "ndarray", "data": [[0.9999986648302983, 0.0007156237978382686, -0.001469088220851631, -0.7352947259678333], [0.0007155973376442861, -0.9999997437883847, -1.8536862763323098e-05, 0.08640225413499521], [-0.0014691011098742956, 1.7485562393859563e-05, -0.9999989207175095, -0.0017981007319322715], [0.0, 0.0, 0.0, 1.0]]}, "mean_rme": {"type": "float", "data": 0.0015941900080312609}, "max_rme": {"type": "float", "data": 0.004707452191220429}, "simu": {"type": "float", "data": 0.002}}, {"type": "dict", "image_number": {"type": "int", "data": 18}, "Hcamera2end": {"type": "ndarray", "data": [[0.999998954850601, 0.0010286977432076478, -0.001015912722062913, -0.016823139313500615], [0.0010134305826825262, 0.002410547978514699, 0.999996581102604, 0.023824805148927257], [0.0010311431325541285, -0.9999965655138002, 0.002409502945378672, 0.03393503971183713], [0.0, 0.0, 0.0, 1.0]]}, "Hobj2base": {"type": "ndarray", "data": [[0.9999988163651737, 0.00020720145919174898, -0.001524577255126799, -0.7368316928195423], [0.00020735045387375891, -0.9999999737428333, 9.757111016477776e-05, 0.08725589811633604], [-0.001524556998219319, -9.788711646202989e-05, -0.9999988330713547, -0.00029510546356997173], [0.0, 0.0, 0.0, 1.0]]}, "mean_rme": {"type": "float", "data": 0.0015805703539862506}, "max_rme": {"type": "float", "data": 0.004818056646833935}, "simu": {"type": "float", "data": 0.002}}, {"type": "dict", "image_number": {"type": "int", "data": 19}, "Hcamera2end": {"type": "ndarray", "data": [[0.9999989852521095, 0.0009095979592812161, -0.0010964152059027227, -0.01681459617851165], [0.0010940024996581108, 0.002648768085420805, 0.9999958935846488, 0.02338774177478272], [0.0009124983736999579, -0.9999960783219012, 0.0026477702951478443, 0.03475512026336266], [0.0, 0.0, 0.0, 1.0]]}, "Hobj2base": {"type": "ndarray", "data": [[0.9999987698695525, 4.371024282418426e-05, -0.001567912241287105, -0.7377281787579586], [4.373059214077267e-05, -0.9999999989600394, 1.2944326332818098e-05, 0.08731669334925059], [-0.0015679116738568915, -1.3012876140344404e-05, -0.999998770741068, 0.00010945184061983122], [0.0, 0.0, 0.0, 1.0]]}, "mean_rme": {"type": "float", "data": 0.0015445921663423796}, "max_rme": {"type": "float", "data": 0.004797734438906964}, "simu": {"type": "float", "data": 0.002}}, {"type": "dict", "image_number": {"type": "int", "data": 20}, "Hcamera2end": {"type": "ndarray", "data": [[0.9999989318703775, 0.001084373563523029, -0.0009799959586052336, -0.01677448229136551], [0.0009770389977468387, 0.0027240618569721597, 0.9999958124321303, 0.023410147633992982], [0.001087038592245959, -0.9999957018012499, 0.002722999472061227, 0.03421858620427298], [0.0, 0.0, 0.0, 1.0]]}, "Hobj2base": {"type": "ndarray", "data": [[0.999998351676408, 0.00013295035166198656, -0.0018107922771457541, -0.7372817616519829], [0.00013313100450490514, -0.9999999861735691, 9.964436034396675e-05, 0.08733283408783593], [-0.0018107790043562096, -9.988526869262293e-05, -0.9999983555498138, 0.00016033248312531667], [0.0, 0.0, 0.0, 1.0]]}, "mean_rme": {"type": "float", "data": 0.001524516029298182}, "max_rme": {"type": "float", "data": 0.004810379598828685}, "simu": {"type": "float", "data": 0.002}}, {"type": "dict", "image_number": {"type": "int", "data": 21}, "Hcamera2end": {"type": "ndarray", "data": [[0.9999984139222886, 0.0014243941822619302, -0.0010692306209335938, -0.016804497609241905], [0.0010648843374041397, 0.0030485926196963664, 0.9999947860386013, 0.02250465443830752], [0.0014276464041053786, -0.9999943385761009, 0.0030470709693366516, 0.03393255851695295], [0.0, 0.0, 0.0, 1.0]]}, "Hobj2base": {"type": "ndarray", "data": [[0.999997561736487, 0.0003039944427567677, -0.002187260491939857, -0.7372655773014937], [0.00030379684853471586, -0.9999999497431797, -9.067035305567383e-05, 0.0876800521949949], [-0.002187287945298551, 9.000564913308446e-05, -0.999997603832343, 0.0010205271778210025], [0.0, 0.0, 0.0, 1.0]]}, "mean_rme": {"type": "float", "data": 0.0014962704320140958}, "max_rme": {"type": "float", "data": 0.005043680149116159}, "simu": {"type": "float", "data": 0.002}}, {"type": "dict", "image_number": {"type": "int", "data": 22}, "Hcamera2end": {"type": "ndarray", "data": [[0.999998544714162, 0.0012625402352513654, -0.001147415231067552, -0.01682665920178656], [0.0011435914203012617, 0.0030252296286977787, 0.9999947700785022, 0.022666739011618805], [0.001266004826818492, -0.9999946269744892, 0.0030237813959430593, 0.03381265396389499], [0.0, 0.0, 0.0, 1.0]]}, "Hobj2base": {"type": "ndarray", "data": [[0.9999978097217859, 0.0001608962127153007, -0.0020867831798258795, -0.7370984100043643], [0.00016059616719371847, -0.9999999767435586, -0.00014395052293848283, 0.08764908364308793], [-0.0020868062923886884, 0.00014361507826634418, -0.9999978123047106, 0.0008551924685098719], [0.0, 0.0, 0.0, 1.0]]}, "mean_rme": {"type": "float", "data": 0.0014630346516166285}, "max_rme": {"type": "float", "data": 0.004978976449184769}, "simu": {"type": "float", "data": 0.002}}, {"type": "dict", "image_number": {"type": "int", "data": 23}, "Hcamera2end": {"type": "ndarray", "data": [[0.9999990725981602, 0.0004287503343800991, -0.0012926623574383092, -0.01683279272659813], [0.0012914581334795947, 0.0027971678741384176, 0.9999952539826243, 0.022016452991375085], [0.0004323640931418969, -0.9999959960045014, 0.002796611566933227, 0.03368832090951093], [0.0, 0.0, 0.0, 1.0]]}, "Hobj2base": {"type": "ndarray", "data": [[0.9999986760533741, -0.0005125646310032095, -0.0015443992353052973, -0.7368920156996046], [-0.00051272153882859, -0.999999863437202, -0.00010120375814500229, 0.08814182232566124], [-0.0015443471509308671, 0.00010199547090911959, -0.9999988022936834, 0.0013062071158553314], [0.0, 0.0, 0.0, 1.0]]}, "mean_rme": {"type": "float", "data": 0.0014962239546262098}, "max_rme": {"type": "float", "data": 0.0048356012210037935}, "simu": {"type": "float", "data": 0.002}}, {"type": "dict", "image_number": {"type": "int", "data": 24}, "Hcamera2end": {"type": "ndarray", "data": [[0.9999990793966296, -2.1308656526689506e-05, -0.0013567430982251135, -0.016762991353363937], [0.0013567968245893117, 0.0027646575893102154, 0.9999952578741516, 0.022093480080794967], [-1.755762537510627e-05, -0.9999961780998741, 0.0027646839556746405, 0.03390928533658725], [0.0, 0.0, 0.0, 1.0]]}, "Hobj2base": {"type": "ndarray", "data": [[0.9999987473286913, -0.0008953107383486145, -0.001305281475375792, -0.7370233643704595], [-0.0008954356549522723, -0.9999995945735394, -9.511963672994146e-05, 0.08811942251227989], [-0.001305195784547951, 9.628831314910182e-05, -0.9999991435958959, 0.0012116860866063321], [0.0, 0.0, 0.0, 1.0]]}, "mean_rme": {"type": "float", "data": 0.0014593900534370112}, "max_rme": {"type": "float", "data": 0.004765407957378398}, "simu": {"type": "float", "data": 0.002}}, {"type": "dict", "image_number": {"type": "int", "data": 25}, "Hcamera2end": {"type": "ndarray", "data": [[0.9999985422576158, -0.0004946128244828019, -0.0016342707233976657, -0.016715589673430804], [0.0016355599306008735, 0.0026174148670645714, 0.9999952370302209, 0.021968507440903267], [-0.0004903329041686368, -0.9999964522424908, 0.0026182200204648565, 0.034248115466153514], [0.0, 0.0, 0.0, 1.0]]}, "Hobj2base": {"type": "ndarray", "data": [[0.9999987067060253, -0.001267568065290387, -0.0009898775058490188, -0.7372743808499126], [-0.0012678367091745872, -0.9999991596254656, -0.0002708107103774056, 0.08814411612528585], [-0.000989533402972958, 0.00027206536317904716, -0.9999994734019024, 0.001264700022132379], [0.0, 0.0, 0.0, 1.0]]}, "mean_rme": {"type": "float", "data": 0.0014229887460072625}, "max_rme": {"type": "float", "data": 0.004746083524125533}, "simu": {"type": "float", "data": 0.002}}, {"type": "dict", "image_number": {"type": "int", "data": 26}, "Hcamera2end": {"type": "ndarray", "data": [[0.9999981365566368, -0.0008243220246193009, -0.0017456736389353726, -0.01665073020826683], [0.0017477133672617205, 0.002480228460986833, 0.9999953969717895, 0.0218253776394277], [-0.0008199885607988854, -0.9999965844741575, 0.0024816645178429297, 0.03439415529657609], [0.0, 0.0, 0.0, 1.0]]}, "Hobj2base": {"type": "ndarray", "data": [[0.9999985931742743, -0.0015123468269138223, -0.0007255732542685822, -0.7373463928385972], [-0.001512561106118882, -0.9999988126056993, -0.0002948662260189897, 0.08823045279685802], [-0.0007251264527257517, 0.00029596328507764405, -0.9999996932986335, 0.0013390880800771832], [0.0, 0.0, 0.0, 1.0]]}, "mean_rme": {"type": "float", "data": 0.0013853275091867674}, "max_rme": {"type": "float", "data": 0.004718612370076425}, "simu": {"type": "float", "data": 0.002}}, {"type": "dict", "image_number": {"type": "int", "data": 27}, "Hcamera2end": {"type": "ndarray", "data": [[0.9999983001054645, -0.0008497125244049815, -0.0016363907868398144, -0.01657132940927928], [0.0016381623236592317, 0.00208837243169413, 0.9999964775561904, 0.021366764110976516], [-0.0008462921379336452, -0.9999974583413763, 0.0020897608487246977, 0.034371336331396204], [0.0, 0.0, 0.0, 1.0]]}, "Hobj2base": {"type": "ndarray", "data": [[0.9999989623992956, -0.001390149197116659, -0.0003777373979058264, -0.7372316544196035], [-0.0013901727628645368, -0.9999990317792333, -6.213119244069106e-05, 0.0885125108482589], [-0.00037765066054534617, 6.265624821540604e-05, -0.9999999267270838, 0.001668517459540376], [0.0, 0.0, 0.0, 1.0]]}, "mean_rme": {"type": "float", "data": 0.0013961830198032515}, "max_rme": {"type": "float", "data": 0.004685518642180975}, "simu": {"type": "float", "data": 0.002}}, {"type": "dict", "image_number": {"type": "int", "data": 28}, "Hcamera2end": {"type": "ndarray", "data": [[0.999998096557277, -0.0008896877727825332, -0.0017364727150002322, -0.016757485732365438], [0.0017383507319234696, 0.0021144649677419247, 0.9999962535802985, 0.021849910112454476], [-0.0008860127289154259, -0.9999973687433216, 0.0021160075323699568, 0.034333063822575824], [0.0, 0.0, 0.0, 1.0]]}, "Hobj2base": {"type": "ndarray", "data": [[0.9999988901471586, -0.0014301564273851968, -0.00041756082687834155, -0.7374003629238655], [-0.0014302107645652773, -0.9999989688161921, -0.0001298603874196636, 0.08807897217344528], [-0.00041737467562864735, 0.00013045744328320582, -0.9999999043896128, 0.0013904129120060635], [0.0, 0.0, 0.0, 1.0]]}, "mean_rme": {"type": "float", "data": 0.0014110627268845949}, "max_rme": {"type": "float", "data": 0.0047438724893899}, "simu": {"type": "float", "data": 0.002}}, {"type": "dict", "image_number": {"type": "int", "data": 29}, "Hcamera2end": {"type": "ndarray", "data": [[0.9999981249019384, -0.0009769438763200947, -0.0016720565988615282, -0.016444347206850476], [0.001674494146844369, 0.0024996071099515627, 0.9999954740065816, 0.021769357905342547], [-0.0009727599701157849, -0.9999963987659947, 0.0025012383097458013, 0.03425352842451198], [0.0, 0.0, 0.0, 1.0]]}, "Hobj2base": {"type": "ndarray", "data": [[0.9999983984933691, -0.0016815815199444455, -0.0006126126742771571, -0.7374327058885047], [-0.001681597990185475, -0.9999985857653813, -2.637115126146805e-05, 0.08847828967171859], [-0.0006125674626584841, 2.740127726972106e-05, -0.9999998120051194, 0.001285477270131073], [0.0, 0.0, 0.0, 1.0]]}, "mean_rme": {"type": "float", "data": 0.0014011733520304635}, "max_rme": {"type": "float", "data": 0.0047256728066466525}, "simu": {"type": "float", "data": 0.002}}, {"type": "dict", "image_number": {"type": "int", "data": 30}, "Hcamera2end": {"type": "ndarray", "data": [[0.99999817550373, -0.0007587341442191441, -0.0017530863382869944, -0.016271882286612853], [0.0017548798370737558, 0.0023696288931542853, 0.9999956526183831, 0.021890331774590786], [-0.000754576681672875, -0.9999969045859127, 0.00237095605702653, 0.03423970529517746], [0.0, 0.0, 0.0, 1.0]]}, "Hobj2base": {"type": "ndarray", "data": [[0.9999988219775285, -0.0014168335041888208, -0.0005904459133480497, -0.7373201558641981], [-0.0014168545163676467, -0.9999989956426645, -3.517019767844619e-05, 0.08843112882151347], [-0.0005903954900149454, 3.6006732206161005e-05, -0.9999998250683255, 0.0011269293460486754], [0.0, 0.0, 0.0, 1.0]]}, "mean_rme": {"type": "float", "data": 0.0014138171894847419}, "max_rme": {"type": "float", "data": 0.004702995316616276}, "simu": {"type": "float", "data": 0.002}}]}