{"type": "list", "data": [{"type": "dict", "image_number": {"type": "int", "data": 5}, "Hcamera2end": {"type": "ndarray", "data": [[0.9999357586156044, -0.005117985514234567, -0.010113598079409305, -0.01535877035483751], [0.010115346086146995, 0.0003157713524178929, 0.9999487887197075, 0.02612380631731503], [-0.00511452983110052, -0.9999868531699448, 0.00036752126156935905, 0.031249834517668763], [0.0, 0.0, 0.0, 1.0]]}, "Hobj2base": {"type": "ndarray", "data": [[0.9999891009431225, -0.004653239723325798, -0.00038125456419422967, -0.7329644429778277], [-0.004655004221276974, -0.9999778082555193, -0.004765913573234089, 0.08950390585415884], [-0.00035906916513344853, 0.004767636370876686, -0.9999885702910656, 0.010434648649491063], [0.0, 0.0, 0.0, 1.0]]}, "mean_rme": {"type": "float", "data": 0.0031643712094140833}, "max_rme": {"type": "float", "data": 0.006814621001246218}, "simu": {"type": "float", "data": 0.002}}, {"type": "dict", "image_number": {"type": "int", "data": 6}, "Hcamera2end": {"type": "ndarray", "data": [[0.9999468612138965, -0.004749500630766307, -0.009149699024271908, -0.01555588209367223], [0.009153409732117455, 0.0007601349930891343, 0.9999578177528632, 0.026594695184746553], [-0.00474234527975234, -0.9999884321523678, 0.0008035687257346158, 0.030858766569203354], [0.0, 0.0, 0.0, 1.0]]}, "Hobj2base": {"type": "ndarray", "data": [[0.9999889231398089, -0.004692321842645257, -0.0003683930106894942, -0.7329624348149788], [-0.004693976862453042, -0.9999782732156748, -0.004628139778788231, 0.08958297853736381], [-0.0003466682853191806, 0.004629817741799423, -0.9999892222463087, 0.009815839735421975], [0.0, 0.0, 0.0, 1.0]]}, "mean_rme": {"type": "float", "data": 0.0026928270966370396}, "max_rme": {"type": "float", "data": 0.006502359548973574}, "simu": {"type": "float", "data": 0.002}}, {"type": "dict", "image_number": {"type": "int", "data": 7}, "Hcamera2end": {"type": "ndarray", "data": [[0.9999570744513376, -0.004687201351652699, -0.007992458833866808, -0.016010582286565822], [0.007996473493018864, 0.0008384006321277004, 0.9999676762256147, 0.027027750126951793], [-0.0046803489610751405, -0.9999886635496771, 0.0008758457246855755, 0.030506925093842674], [0.0, 0.0, 0.0, 1.0]]}, "Hobj2base": {"type": "ndarray", "data": [[0.9999881041047359, -0.004821340108519001, -0.000739140429058411, -0.7329210977688936], [-0.004824406035863708, -0.9999795260928717, -0.004203867442843028, 0.0900159350448241], [-0.0007188570212528354, 0.004207383347623524, -0.9999908905434836, 0.009211247408839354], [0.0, 0.0, 0.0, 1.0]]}, "mean_rme": {"type": "float", "data": 0.00253871995924737}, "max_rme": {"type": "float", "data": 0.006648890581469974}, "simu": {"type": "float", "data": 0.002}}, {"type": "dict", "image_number": {"type": "int", "data": 8}, "Hcamera2end": {"type": "ndarray", "data": [[0.9999561213321049, -0.004552368755069931, -0.008187267503304039, -0.015862377588516628], [0.008191688444140996, 0.0009533331145782364, 0.9999659931199695, 0.02713992008497388], [-0.004544408749983012, -0.9999891834888469, 0.0009905828701154418, 0.030568041949062822], [0.0, 0.0, 0.0, 1.0]]}, "Hobj2base": {"type": "ndarray", "data": [[0.9999886007845546, -0.004706090000413233, -0.0008068567757910071, -0.7330848920586529], [-0.004709746075848566, -0.9999783708560905, -0.004590872672981695, 0.08967573438950814], [-0.0007852342641901998, 0.004594620431168568, -0.9999891363761126, 0.009212999765220227], [0.0, 0.0, 0.0, 1.0]]}, "mean_rme": {"type": "float", "data": 0.002357731195713623}, "max_rme": {"type": "float", "data": 0.0062900704042422595}, "simu": {"type": "float", "data": 0.002}}, {"type": "dict", "image_number": {"type": "int", "data": 9}, "Hcamera2end": {"type": "ndarray", "data": [[0.9999597868514694, -0.004699488871212052, -0.007638028823804744, -0.015895322541468734], [0.0076435752043457345, 0.0011633826101633549, 0.9999701107028137, 0.02740143544710613], [-0.004690462456883018, -0.9999882806039536, 0.001199256723494746, 0.030735288305125768], [0.0, 0.0, 0.0, 1.0]]}, "Hobj2base": {"type": "ndarray", "data": [[0.999988116357145, -0.004835663188048648, -0.0006192786294084659, -0.7331975840959187], [-0.004838296739935188, -0.9999789460027328, -0.0043241688126077265, 0.08999651660961346], [-0.0005983553671718594, 0.004327113679503691, -0.999990458983514, 0.008885582436519854], [0.0, 0.0, 0.0, 1.0]]}, "mean_rme": {"type": "float", "data": 0.0021985108198101315}, "max_rme": {"type": "float", "data": 0.006255819824822956}, "simu": {"type": "float", "data": 0.002}}, {"type": "dict", "image_number": {"type": "int", "data": 10}, "Hcamera2end": {"type": "ndarray", "data": [[0.9999616306859631, -0.00482964371493606, -0.007308330688762436, -0.01594174786588931], [0.007315048253174037, 0.0013747046464784862, 0.9999722997444424, 0.027598742069476972], [-0.004819463136415059, -0.9999873922848838, 0.001409980976824654, 0.030904929878894274], [0.0, 0.0, 0.0, 1.0]]}, "Hobj2base": {"type": "ndarray", "data": [[0.9999880046533747, -0.004880853647317017, -0.0004096547762712252, -0.7332910965635184], [-0.004882508142846626, -0.9999795109363008, -0.004139906017352299, 0.09018854334473998], [-0.0003894401074440757, 0.004141856500525525, -0.9999913466431261, 0.008620092896822756], [0.0, 0.0, 0.0, 1.0]]}, "mean_rme": {"type": "float", "data": 0.002081812198222504}, "max_rme": {"type": "float", "data": 0.006248047809194052}, "simu": {"type": "float", "data": 0.002}}, {"type": "dict", "image_number": {"type": "int", "data": 11}, "Hcamera2end": {"type": "ndarray", "data": [[0.9999619390608138, -0.004698234314522066, -0.007351668114321477, -0.015453563048509651], [0.007357213181521276, 0.0011640535037398259, 0.9999722578120065, 0.027956429405853783], [-0.004689546240195667, -0.9999882857182709, 0.0011985751101989406, 0.031328243336784196], [0.0, 0.0, 0.0, 1.0]]}, "Hobj2base": {"type": "ndarray", "data": [[0.999988819071569, -0.0047274889229294015, -0.00011216208078980791, -0.7335232525713614], [-0.004727919041458629, -0.9999799708505694, -0.00420769286323526, 0.09058458771344359], [-9.226801287669754e-05, 0.004208176110559993, -0.9999911413309799, 0.008577732452780455], [0.0, 0.0, 0.0, 1.0]]}, "mean_rme": {"type": "float", "data": 0.0021581588834451485}, "max_rme": {"type": "float", "data": 0.0064625141171515965}, "simu": {"type": "float", "data": 0.002}}, {"type": "dict", "image_number": {"type": "int", "data": 12}, "Hcamera2end": {"type": "ndarray", "data": [[0.9999651247726681, -0.004579530469874956, -0.00698406321977633, -0.015639635958559796], [0.006988576801720914, 0.0009703386454104068, 0.9999751088088141, 0.0279936741717946], [-0.0045726395734623495, -0.9999890431117676, 0.0010023092050341909, 0.03121733891045305], [0.0, 0.0, 0.0, 1.0]]}, "Hobj2base": {"type": "ndarray", "data": [[0.9999893989538204, -0.004603573455851999, -9.534890397276381e-05, -0.733316097794209], [-0.004603898725568908, -0.9999823676182968, -0.0037508091166665205, 0.09068380827020033], [-7.808009745704033e-05, 0.003751208330863349, -0.9999929611450056, 0.008403757886002047], [0.0, 0.0, 0.0, 1.0]]}, "mean_rme": {"type": "float", "data": 0.002056016628588696}, "max_rme": {"type": "float", "data": 0.006220449019268576}, "simu": {"type": "float", "data": 0.002}}, {"type": "dict", "image_number": {"type": "int", "data": 13}, "Hcamera2end": {"type": "ndarray", "data": [[0.9999660715931242, -0.004390237551798867, -0.0069700413810547535, -0.015732668790688215], [0.006973754543687066, 0.0008310372852632364, 0.9999753377581844, 0.027866764884147726], [-0.004384336914431254, -0.9999900175458099, 0.0008616255285668339, 0.031047552003556276], [0.0, 0.0, 0.0, 1.0]]}, "Hobj2base": {"type": "ndarray", "data": [[0.9999903077073905, -0.0044023221048056695, -6.365032660904812e-05, -0.7330455112149732], [-0.0044025211184026206, -0.9999839490612481, -0.0035664306629010676, 0.0904145580071541], [-4.794872841900807e-05, 0.0035666763179186003, -0.9999936382402452, 0.008453527299795935], [0.0, 0.0, 0.0, 1.0]]}, "mean_rme": {"type": "float", "data": 0.002023388476171704}, "max_rme": {"type": "float", "data": 0.006091845704549542}, "simu": {"type": "float", "data": 0.002}}, {"type": "dict", "image_number": {"type": "int", "data": 14}, "Hcamera2end": {"type": "ndarray", "data": [[0.9999675029462657, -0.003930115307412393, -0.007038980400646181, -0.015752348424835222], [0.007042802617531404, 0.0009595544987128779, 0.9999747387741625, 0.027958598774471564], [-0.003923261742572253, -0.999991816690934, 0.0009872023423930232, 0.030849973915036414], [0.0, 0.0, 0.0, 1.0]]}, "Hobj2base": {"type": "ndarray", "data": [[0.9999916076610504, -0.004086909619781316, -0.00028596717905400115, -0.733208300007575], [-0.004087990311312944, -0.9999840917656733, -0.0038864573581275396, 0.09008215426841483], [-0.00027007902985730565, 0.0038875937727174035, -0.9999924068071597, 0.00840850475269368], [0.0, 0.0, 0.0, 1.0]]}, "mean_rme": {"type": "float", "data": 0.002021037411129164}, "max_rme": {"type": "float", "data": 0.006083995712709678}, "simu": {"type": "float", "data": 0.002}}, {"type": "dict", "image_number": {"type": "int", "data": 15}, "Hcamera2end": {"type": "ndarray", "data": [[0.9999764112739968, -0.003635205441044862, -0.0058277076951117725, -0.015642295838545272], [0.0058307626669920854, 0.0008303536646114829, 0.9999826562093531, 0.028260342184362224], [-0.0036303033343618113, -0.9999930478729308, 0.0008515300977989249, 0.030942887537178467], [0.0, 0.0, 0.0, 1.0]]}, "Hobj2base": {"type": "ndarray", "data": [[0.9999927682189167, -0.003784472051850542, -0.00037587385742974747, -0.7334419193528973], [-0.0037855093077212554, -0.9999889196159772, -0.0027983145913973114, 0.09096502591655437], [-0.0003652795492396342, 0.0027997172285846137, -0.9999960140692021, 0.008112018685208033], [0.0, 0.0, 0.0, 1.0]]}, "mean_rme": {"type": "float", "data": 0.0020700134352092782}, "max_rme": {"type": "float", "data": 0.006169454443312183}, "simu": {"type": "float", "data": 0.002}}, {"type": "dict", "image_number": {"type": "int", "data": 16}, "Hcamera2end": {"type": "ndarray", "data": [[0.9999816886807946, -0.0033428380950295236, -0.005044574964920508, -0.015535892513741373], [0.005047021408895748, 0.0007238151951204363, 0.9999870017487537, 0.02839521759783579], [-0.003339143303967553, -0.9999941507454101, 0.0007406733165414847, 0.030938817118040397], [0.0, 0.0, 0.0, 1.0]]}, "Hobj2base": {"type": "ndarray", "data": [[0.9999938508615719, -0.003486187452035758, -0.0003804419714642552, -0.7335125402836097], [-0.0034870316047325603, -0.9999914086923678, -0.0022412389525402563, 0.09137769507250404], [-0.0003726253238568824, 0.002242551784029949, -0.999997416052594, 0.007975717390333766], [0.0, 0.0, 0.0, 1.0]]}, "mean_rme": {"type": "float", "data": 0.0020104573721411805}, "max_rme": {"type": "float", "data": 0.006310968607114442}, "simu": {"type": "float", "data": 0.002}}, {"type": "dict", "image_number": {"type": "int", "data": 17}, "Hcamera2end": {"type": "ndarray", "data": [[0.9999872274548387, -0.002591954935261766, -0.0043389741642741305, -0.015544390329751674], [0.004340166111500007, 0.00045441652738142935, 0.9999904781865397, 0.028621158406774778], [-0.002589958553578247, -0.9999965376316228, 0.0004656602382984154, 0.030855536827910864], [0.0, 0.0, 0.0, 1.0]]}, "Hobj2base": {"type": "ndarray", "data": [[0.9999962026064722, -0.0027171240406079333, -0.0004604449841641379, -0.7335831525985171], [-0.0027179375460724287, -0.9999947302598522, -0.0017754627627819782, 0.09168210298946848], [-0.00045561840518275966, 0.0017767074813615344, -0.9999983178597829, 0.007734751282983752], [0.0, 0.0, 0.0, 1.0]]}, "mean_rme": {"type": "float", "data": 0.0019763520090136616}, "max_rme": {"type": "float", "data": 0.006318549298548581}, "simu": {"type": "float", "data": 0.002}}, {"type": "dict", "image_number": {"type": "int", "data": 18}, "Hcamera2end": {"type": "ndarray", "data": [[0.9999877416948368, -0.003257885791213084, -0.0037286244422932427, -0.015508118032086888], [0.003730601906090764, 0.0006011116301817276, 0.9999928606116277, 0.028674456789760768], [-0.0032556212123843057, -0.999994512407433, 0.0006132581365144718, 0.030940422602828983], [0.0, 0.0, 0.0, 1.0]]}, "Hobj2base": {"type": "ndarray", "data": [[0.9999943443734018, -0.0033540409581396323, -0.0002482548314249317, -0.733516422302102], [-0.0033544115659407954, -0.9999932372048401, -0.0015078022518194751, 0.09218538698097473], [-0.00024319592201898168, 0.0015086264731307873, -0.9999988324502724, 0.007619755705486138], [0.0, 0.0, 0.0, 1.0]]}, "mean_rme": {"type": "float", "data": 0.001967944880097311}, "max_rme": {"type": "float", "data": 0.006416445046844466}, "simu": {"type": "float", "data": 0.002}}, {"type": "dict", "image_number": {"type": "int", "data": 19}, "Hcamera2end": {"type": "ndarray", "data": [[0.9999895150067554, -0.0036305314874863583, -0.00279089907959284, -0.015420735930825625], [0.0027933772755674075, 0.0006777071095322995, 0.9999958688697019, 0.028743459706979856], [-0.003628625077139505, -0.9999931799538395, 0.0006878414479332129, 0.031000518382308228], [0.0, 0.0, 0.0, 1.0]]}, "Hobj2base": {"type": "ndarray", "data": [[0.9999930551884484, -0.0037264547216121335, -5.57680973872724e-05, -0.7334673866138658], [-0.0037264979085555533, -0.9999927402150346, -0.0007954436270560066, 0.09286641680327609], [-5.2803507863058305e-05, 0.0007956459225481945, -0.9999996820796271, 0.007458236642292235], [0.0, 0.0, 0.0, 1.0]]}, "mean_rme": {"type": "float", "data": 0.001958790928703452}, "max_rme": {"type": "float", "data": 0.006517770839501336}, "simu": {"type": "float", "data": 0.002}}, {"type": "dict", "image_number": {"type": "int", "data": 20}, "Hcamera2end": {"type": "ndarray", "data": [[0.9999901579630285, -0.0033761493501377046, -0.002878470538816111, -0.015550302552851659], [0.002880893863174844, 0.0007131341701194227, 0.9999955959354044, 0.029657242875564843], [-0.0033740817456589705, -0.9999940465098885, 0.000722853479370511, 0.03255246042649185], [0.0, 0.0, 0.0, 1.0]]}, "Hobj2base": {"type": "ndarray", "data": [[0.9999937862621874, -0.003520379630574209, -0.00018537602716963797, -0.7349440873908921], [-0.0035205470608571784, -0.999993388121361, -0.000910748018690219, 0.09224188563067391], [-0.00018216862271226085, 0.000911394984568423, -0.9999995680867941, 0.006634818672886536], [0.0, 0.0, 0.0, 1.0]]}, "mean_rme": {"type": "float", "data": 0.0019091241178456058}, "max_rme": {"type": "float", "data": 0.006227453813910544}, "simu": {"type": "float", "data": 0.002}}, {"type": "dict", "image_number": {"type": "int", "data": 21}, "Hcamera2end": {"type": "ndarray", "data": [[0.9999904338203008, -0.0031959173100450837, -0.0029863657568800855, -0.015549104456630141], [0.0029890420314146347, 0.0008329556876288668, 0.9999951858946909, 0.029609911267568217], [-0.003193414414220059, -0.9999945461338129, 0.0008425004505936418, 0.03219131133230566], [0.0, 0.0, 0.0, 1.0]]}, "Hobj2base": {"type": "ndarray", "data": [[0.9999943237463661, -0.00336114356002611, -0.000234923427851109, -0.7345994355233891], [-0.0033613867359857663, -0.9999938071021222, -0.0010425145633220782, 0.0922087130502442], [-0.00023141793188356777, 0.001043298314239351, -0.9999994289870211, 0.00670294184220222], [0.0, 0.0, 0.0, 1.0]]}, "mean_rme": {"type": "float", "data": 0.0018468740716585366}, "max_rme": {"type": "float", "data": 0.006259327533459147}, "simu": {"type": "float", "data": 0.002}}, {"type": "dict", "image_number": {"type": "int", "data": 22}, "Hcamera2end": {"type": "ndarray", "data": [[0.999991000356734, -0.0027528660013897742, -0.0032281471956556456, -0.015584375226532159], [0.003230233676471215, 0.0007538212936664124, 0.999994498656794, 0.02966683562596593], [-0.0027504174108339253, -0.9999959267328221, 0.0007627069100082373, 0.0330786790109397], [0.0, 0.0, 0.0, 1.0]]}, "Hobj2base": {"type": "ndarray", "data": [[0.9999959704727457, -0.002835361457782891, -0.00014058333948540176, -0.7353808662904352], [-0.0028355480103950466, -0.9999950752561935, -0.0013450393456179057, 0.09186603702813169], [-0.00013676897442870477, 0.001345432556553777, -0.999999085552324, 0.0066497745632892406], [0.0, 0.0, 0.0, 1.0]]}, "mean_rme": {"type": "float", "data": 0.001839836903471297}, "max_rme": {"type": "float", "data": 0.0062601721199441185}, "simu": {"type": "float", "data": 0.002}}, {"type": "dict", "image_number": {"type": "int", "data": 23}, "Hcamera2end": {"type": "ndarray", "data": [[0.9999915135923929, -0.00215661456510292, -0.0035102360052484427, -0.015562549068034592], [0.0035124015041864093, 0.001001154021469497, 0.9999933303409071, 0.029678223034361854], [-0.0021530858943260146, -0.9999971733481264, 0.0010087204215107892, 0.032835731931024174], [0.0, 0.0, 0.0, 1.0]]}, "Hobj2base": {"type": "ndarray", "data": [[0.9999972308983898, -0.002322531687172654, -0.0003795288061178089, -0.7351899004754614], [-0.002323176202539254, -0.9999958450480346, -0.0017066748367791855, 0.0915996025691189], [-0.00037556342280573024, 0.0017075518231136977, -0.999998471608275, 0.006764837876160122], [0.0, 0.0, 0.0, 1.0]]}, "mean_rme": {"type": "float", "data": 0.0018350433429428217}, "max_rme": {"type": "float", "data": 0.006364637037270304}, "simu": {"type": "float", "data": 0.002}}, {"type": "dict", "image_number": {"type": "int", "data": 24}, "Hcamera2end": {"type": "ndarray", "data": [[0.9999922667687853, -0.0013014354243787148, -0.0037111545996793794, -0.015631229734818175], [0.003712247427801652, 0.0008383019572560935, 0.9999927582082099, 0.02885496538842651], [-0.001298314931489752, -0.9999988017571145, 0.0008431267247798191, 0.03395577423845802], [0.0, 0.0, 0.0, 1.0]]}, "Hobj2base": {"type": "ndarray", "data": [[0.9999989690870015, -0.0013909954161578305, -0.0003563098182626013, -0.7362946435844031], [-0.0013917327858817012, -0.9999968732366737, -0.002077642107970421, 0.09161980998226844], [-0.00035341871351752543, 0.002078135854158173, -0.9999977782208243, 0.007471829428472974], [0.0, 0.0, 0.0, 1.0]]}, "mean_rme": {"type": "float", "data": 0.0018342619132966102}, "max_rme": {"type": "float", "data": 0.006493354103705662}, "simu": {"type": "float", "data": 0.002}}, {"type": "dict", "image_number": {"type": "int", "data": 25}, "Hcamera2end": {"type": "ndarray", "data": [[0.999992099573498, -0.0014228996840894375, -0.0037116232400828254, -0.015648288729880215], [0.003712135890890174, 0.00035781442950877373, 0.9999930459838018, 0.02938435318492279], [-0.0014215617168697836, -0.9999989236620825, 0.00036309359960862153, 0.03267964013278614], [0.0, 0.0, 0.0, 1.0]]}, "Hobj2base": {"type": "ndarray", "data": [[0.999999180600699, -0.0012764710116941402, 9.705507161529263e-05, -0.7347563093874362], [-0.0012762721861271852, -0.9999971417860172, -0.0020217688054052097, 0.0915281282663241], [9.963552348357711e-05, 0.0020216432800808388, -0.9999979515135069, 0.006903144260080265], [0.0, 0.0, 0.0, 1.0]]}, "mean_rme": {"type": "float", "data": 0.0018495453989662498}, "max_rme": {"type": "float", "data": 0.006381673448021097}, "simu": {"type": "float", "data": 0.002}}, {"type": "dict", "image_number": {"type": "int", "data": 26}, "Hcamera2end": {"type": "ndarray", "data": [[0.9999916963450665, -0.001658792289712432, -0.0037223176995019903, -0.015646943589561476], [0.0037221110701614367, -0.0001276358452930726, 0.9999930647750874, 0.030157555191239166], [-0.0016592558867808457, -0.9999986160576575, -0.00012146057630446627, 0.03243356628928502], [0.0, 0.0, 0.0, 1.0]]}, "Hobj2base": {"type": "ndarray", "data": [[0.9999990289154242, -0.0012877501065364767, 0.0005327925221031538, -0.7342254515103673], [-0.0012867204116231068, -0.999997312639445, -0.0019284876124340787, 0.09119363967190536], [0.0005352745004259118, 0.0019278001846961532, -0.9999979985318261, 0.006148252052840774], [0.0, 0.0, 0.0, 1.0]]}, "mean_rme": {"type": "float", "data": 0.0018029440334440987}, "max_rme": {"type": "float", "data": 0.006249892856271866}, "simu": {"type": "float", "data": 0.002}}, {"type": "dict", "image_number": {"type": "int", "data": 27}, "Hcamera2end": {"type": "ndarray", "data": [[0.9999912949598228, -0.0022280814127629773, -0.0035278403868342087, -0.015612208833795844], [0.0035274547497514295, -0.000176986373125132, 0.9999937628499551, 0.030452642144968976], [-0.0022286918955599236, -0.9999975021614014, -0.00016912537608937406, 0.0333748069926258], [0.0, 0.0, 0.0, 1.0]]}, "Hobj2base": {"type": "ndarray", "data": [[0.9999980863801781, -0.0018202925399368268, 0.0007167782439765804, -0.735092911223182], [-0.0018191334736541412, -0.9999970422362607, -0.0016143952847539652, 0.09110757996219022], [0.000719714795609228, 0.0016130882801183432, -0.9999984399771902, 0.0058625907599885625], [0.0, 0.0, 0.0, 1.0]]}, "mean_rme": {"type": "float", "data": 0.0018201275583242108}, "max_rme": {"type": "float", "data": 0.0062144063311921904}, "simu": {"type": "float", "data": 0.002}}, {"type": "dict", "image_number": {"type": "int", "data": 28}, "Hcamera2end": {"type": "ndarray", "data": [[0.9999917564785513, -0.00214805764916746, -0.0034456963414708293, -0.015592675634536757], [0.003445183600557742, -0.0002423543519427529, 0.9999940359693783, 0.030623818074928706], [-0.0021488799175896933, -0.9999976635536224, -0.0002349519011035639, 0.03291866182869787], [0.0, 0.0, 0.0, 1.0]]}, "Hobj2base": {"type": "ndarray", "data": [[0.9999982397231655, -0.001698996271139333, 0.000796217458489625, -0.7345696806883192], [-0.0016977572367991398, -0.9999973509578679, -0.0015542514636267288, 0.09106706766204102], [0.0007988560167171455, 0.0015528969437616656, -0.999998475168911, 0.0056908924491133805], [0.0, 0.0, 0.0, 1.0]]}, "mean_rme": {"type": "float", "data": 0.0017899775566470873}, "max_rme": {"type": "float", "data": 0.006212662499294863}, "simu": {"type": "float", "data": 0.002}}, {"type": "dict", "image_number": {"type": "int", "data": 29}, "Hcamera2end": {"type": "ndarray", "data": [[0.9999930363064456, -0.0018731562986818986, -0.0032277893512938404, -0.01557162377229554], [0.003227299500454725, -0.00026447465927970093, 0.9999947572818013, 0.030630952572197872], [-0.0018740001467401927, -0.9999982106677168, -0.00025842758117211595, 0.03254283549560729], [0.0, 0.0, 0.0, 1.0]]}, "Hobj2base": {"type": "ndarray", "data": [[0.9999987184677807, -0.0014171304902331628, 0.0007448516429820887, -0.7341810447541682], [-0.0014160969696298037, -0.999998036484079, -0.0013862529923922135, 0.09111606837287732], [0.000746814681836725, 0.001385196433709889, -0.9999987617485688, 0.005676062685043341], [0.0, 0.0, 0.0, 1.0]]}, "mean_rme": {"type": "float", "data": 0.00175024554254507}, "max_rme": {"type": "float", "data": 0.006240445611425005}, "simu": {"type": "float", "data": 0.002}}, {"type": "dict", "image_number": {"type": "int", "data": 30}, "Hcamera2end": {"type": "ndarray", "data": [[0.9999955624930875, -0.001247228841421207, -0.0027054416183897095, -0.01550379124543698], [0.002704825393050746, -0.000495497898011843, 0.999996219193566, 0.030150808351172696], [-0.0012485646665254845, -0.9999990994506197, -0.0004921221629952122, 0.031811475947010524], [0.0, 0.0, 0.0, 1.0]]}, "Hobj2base": {"type": "ndarray", "data": [[0.9999994611729885, -0.0007524747620536873, 0.0007151471632264826, -0.73343569538901], [-0.0007518274808928322, -0.9999993079190015, -0.0009049403054407483, 0.09147030104083384], [0.0007158276130277293, 0.0009044021505442718, -0.9999993348235676, 0.006064327511571329], [0.0, 0.0, 0.0, 1.0]]}, "mean_rme": {"type": "float", "data": 0.001754205802551195}, "max_rme": {"type": "float", "data": 0.006390440041862067}, "simu": {"type": "float", "data": 0.002}}]}