{"type": "list", "data": [{"type": "dict", "image_number": {"type": "int", "data": 5}, "Hcamera2end": {"type": "ndarray", "data": [[0.9999938622610888, 0.0030318722991820677, -0.0017559016236944375, -0.015490683652053881], [0.0017550835292841195, 0.00027247094329618804, 0.9999984227194512, 0.023258211079418976], [0.0030323459492406072, -0.9999953667442396, 0.00026714808180550165, 0.03838324028589885], [0.0, 0.0, 0.0, 1.0]]}, "Hobj2base": {"type": "ndarray", "data": [[0.9999925985997242, 0.0032191426107473745, 0.0021070991012544973, -0.7409209515893067], [0.0032192597242746506, -0.999994816808023, -5.219115301837774e-05, 0.08905173427431845], [0.0021069201689907554, 5.897406600248731e-05, -0.9999977787022636, 0.002226667167893925], [0.0, 0.0, 0.0, 1.0]]}, "mean_rme": {"type": "float", "data": 0.0009553764653834586}, "max_rme": {"type": "float", "data": 0.0037977669260125246}, "simu": {"type": "float", "data": 0.002}}, {"type": "dict", "image_number": {"type": "int", "data": 6}, "Hcamera2end": {"type": "ndarray", "data": [[0.999995232427074, 0.002817871468829358, -0.0012628236247906278, -0.015729961186661964], [0.0012629578339842713, -4.584893970616122e-05, 0.9999992014173731, 0.023316881103348976], [0.002817811319401926, -0.9999960287412444, -4.9407573964765916e-05, 0.03850157464347317], [0.0, 0.0, 0.0, 1.0]]}, "Hobj2base": {"type": "ndarray", "data": [[0.9999921423894723, 0.0030636599709095913, 0.002515779580149665, -0.7406625946808499], [0.003064364163786114, -0.999995266708368, -0.0002761034782187576, 0.08889107700261474], [0.0025149217850571836, 0.00028381057349455594, -0.9999967973048576, 0.00234887900274508], [0.0, 0.0, 0.0, 1.0]]}, "mean_rme": {"type": "float", "data": 0.0010303444723459532}, "max_rme": {"type": "float", "data": 0.004302419129109669}, "simu": {"type": "float", "data": 0.002}}, {"type": "dict", "image_number": {"type": "int", "data": 7}, "Hcamera2end": {"type": "ndarray", "data": [[0.9999944896884916, 0.002987962952671113, -0.0014466063896839936, -0.015378208896417125], [0.001446185524940935, 0.00014300917873122376, 0.9999989440473434, 0.02308254952542254], [0.0029881666755154314, -0.9999955258028748, 0.00013868724193488724, 0.03832549584830613], [0.0, 0.0, 0.0, 1.0]]}, "Hobj2base": {"type": "ndarray", "data": [[0.9999926449923271, 0.0031372730893932336, 0.002206236345490083, -0.7404794682557556], [0.0031374708897800403, -0.9999950744108728, -8.61998230368116e-05, 0.0892454073291025], [0.002205955046091203, 9.31211913464016e-05, -0.9999975625424189, 0.0022163566728670464], [0.0, 0.0, 0.0, 1.0]]}, "mean_rme": {"type": "float", "data": 0.0010974623848893452}, "max_rme": {"type": "float", "data": 0.0036898191306108385}, "simu": {"type": "float", "data": 0.002}}, {"type": "dict", "image_number": {"type": "int", "data": 8}, "Hcamera2end": {"type": "ndarray", "data": [[0.999994180394287, 0.0030209932840230334, -0.0015851741658434223, -0.015208792576057239], [0.001585649563401716, -0.0001549760246901677, 0.9999987308481414, 0.023192087599163996], [0.0030207437859331287, -0.9999954247805384, -0.00015976535947270776, 0.03844042881776054], [0.0, 0.0, 0.0, 1.0]]}, "Hobj2base": {"type": "ndarray", "data": [[0.9999918404508739, 0.0032043110099537666, 0.002459963948028504, -0.7402697208587191], [0.003205829379929923, -0.9999946731004827, -0.00061353781132552, 0.08877310804495644], [0.002457984878083883, 0.0006214190298317659, -0.9999967860691996, 0.0021222895557109975], [0.0, 0.0, 0.0, 1.0]]}, "mean_rme": {"type": "float", "data": 0.0012286910182386886}, "max_rme": {"type": "float", "data": 0.0038791143145970597}, "simu": {"type": "float", "data": 0.002}}, {"type": "dict", "image_number": {"type": "int", "data": 9}, "Hcamera2end": {"type": "ndarray", "data": [[0.9999945347605433, 0.0030331587305808486, -0.0013154456125558534, -0.015522521957853178], [0.0013163180653983425, -0.00028566000980845274, 0.9999990928521432, 0.023240794839652138], [0.0030327802088508217, -0.9999953591624682, -0.0002896510502403693, 0.03870276051245125], [0.0, 0.0, 0.0, 1.0]]}, "Hobj2base": {"type": "ndarray", "data": [[0.9999928706377665, 0.0032186295557006515, 0.001974613233618424, -0.7405847223605988], [0.0032196265687799, -0.9999946910139921, -0.0005019448049792378, 0.08874285505451497], [0.00197298717603976, 0.0005082987436629241, -0.9999979244748409, 0.00243458131211361], [0.0, 0.0, 0.0, 1.0]]}, "mean_rme": {"type": "float", "data": 0.0012538823747639586}, "max_rme": {"type": "float", "data": 0.004107199317993526}, "simu": {"type": "float", "data": 0.002}}, {"type": "dict", "image_number": {"type": "int", "data": 10}, "Hcamera2end": {"type": "ndarray", "data": [[0.999995197797441, 0.002854161294801927, -0.0012075368980347103, -0.015722928713086576], [0.0012063242186771336, 0.0004265645034809973, 0.9999991814119669, 0.023347641862586335], [0.0028546740507969914, -0.9999958358943439, 0.00042311941113792884, 0.03878136999132834], [0.0, 0.0, 0.0, 1.0]]}, "Hobj2base": {"type": "ndarray", "data": [[0.9999943253992075, 0.003047189905315914, 0.0014365942589291468, -0.7411135475707891], [0.00304774370836766, -0.9999952820950293, -0.0003834657363135612, 0.08876213605204933], [0.0014354189882932226, 0.0003878419314127185, -0.9999988945748712, 0.0026473539804184876], [0.0, 0.0, 0.0, 1.0]]}, "mean_rme": {"type": "float", "data": 0.0012481650240450685}, "max_rme": {"type": "float", "data": 0.004401986277755232}, "simu": {"type": "float", "data": 0.002}}, {"type": "dict", "image_number": {"type": "int", "data": 11}, "Hcamera2end": {"type": "ndarray", "data": [[0.9999947309786537, 0.0030035868793449718, -0.0012314547447494929, -0.01580395135552206], [0.0012309121863498841, 0.00018247871791998715, 0.999999225778054, 0.02340441234392398], [0.003003809268185091, -0.9999954725734393, 0.00017878060474318946, 0.03882728179698394], [0.0, 0.0, 0.0, 1.0]]}, "Hobj2base": {"type": "ndarray", "data": [[0.9999943133262397, 0.0031342660349192907, 0.0012448660991612173, -0.7412054488038406], [0.003134964971749728, -0.9999949292396013, -0.0005599015186864428, 0.08857970626420218], [0.0012431049064305813, 0.0005638009463245573, -0.9999990684089082, 0.002753559549814705], [0.0, 0.0, 0.0, 1.0]]}, "mean_rme": {"type": "float", "data": 0.0012488309252208138}, "max_rme": {"type": "float", "data": 0.004529899046726293}, "simu": {"type": "float", "data": 0.002}}, {"type": "dict", "image_number": {"type": "int", "data": 12}, "Hcamera2end": {"type": "ndarray", "data": [[0.9999946101396628, 0.0031223784096674314, -0.0010151082161371492, -0.015680738283280017], [0.0010146692871079417, 0.00014215610201606665, 0.9999994751188024, 0.023371323852020568], [0.003122521074616843, -0.9999951152604243, 0.00013898715433957598, 0.03879323510391258], [0.0, 0.0, 0.0, 1.0]]}, "Hobj2base": {"type": "ndarray", "data": [[0.9999940809805618, 0.003212828607302536, 0.00123115237956073, -0.7411193719147149], [0.0032132687035986373, -0.9999947741929307, -0.00035565582774506126, 0.08874329242163691], [0.0012300032845781884, 0.000359609746021907, -0.9999991788860381, 0.0026877121121792746], [0.0, 0.0, 0.0, 1.0]]}, "mean_rme": {"type": "float", "data": 0.0012054420975639068}, "max_rme": {"type": "float", "data": 0.0044027638449120055}, "simu": {"type": "float", "data": 0.002}}, {"type": "dict", "image_number": {"type": "int", "data": 13}, "Hcamera2end": {"type": "ndarray", "data": [[0.999993631537633, 0.003458855455060398, -0.0008793196903191544, -0.01555893501314951], [0.0008796098040703272, -8.235531830447229e-05, 0.9999996097520211, 0.023361581145664577], [0.0034587816885960597, -0.9999940147503598, -8.539723699674262e-05, 0.03880421617646927], [0.0, 0.0, 0.0, 1.0]]}, "Hobj2base": {"type": "ndarray", "data": [[0.9999928631875848, 0.0035543373672147524, 0.0012807262690165092, -0.7409666453324062], [0.003554658055401293, -0.999993651379705, -0.0002482063535618924, 0.08874577262571931], [0.0012798359290544803, 0.0002527571261086303, -0.9999991490665527, 0.0026304090962233073], [0.0, 0.0, 0.0, 1.0]]}, "mean_rme": {"type": "float", "data": 0.0011982852653045347}, "max_rme": {"type": "float", "data": 0.004299965411773465}, "simu": {"type": "float", "data": 0.002}}, {"type": "dict", "image_number": {"type": "int", "data": 14}, "Hcamera2end": {"type": "ndarray", "data": [[0.9999946756819568, 0.002818558312607721, -0.0016444867821269048, -0.015778421646648194], [0.0016442929944575648, 7.10700763838501e-05, 0.9999986456238792, 0.02342750098639536], [0.002818671369020866, -0.9999960253311424, 6.643516229631885e-05, 0.03876762141527508], [0.0, 0.0, 0.0, 1.0]]}, "Hobj2base": {"type": "ndarray", "data": [[0.999995078632069, 0.002935595710115128, 0.0011067924235246783, -0.7412191538713817], [0.0029368395320343533, -0.9999950559411925, -0.0011238624178489555, 0.08835986801872249], [0.0011034877457852517, 0.0011271073586516568, -0.9999987559711248, 0.0027938412465683565], [0.0, 0.0, 0.0, 1.0]]}, "mean_rme": {"type": "float", "data": 0.0012541390874704465}, "max_rme": {"type": "float", "data": 0.004547566045631113}, "simu": {"type": "float", "data": 0.002}}, {"type": "dict", "image_number": {"type": "int", "data": 15}, "Hcamera2end": {"type": "ndarray", "data": [[0.9999948218035185, 0.002597278557805828, -0.0019001342695503104, -0.015736559745226256], [0.0018999083549779137, 8.944579886738246e-05, 0.9999981911722099, 0.023488834748651786], [0.0025974438188038898, -0.9999966230660692, 8.451074446724771e-05, 0.038734885847870694], [0.0, 0.0, 0.0, 1.0]]}, "Hobj2base": {"type": "ndarray", "data": [[0.9999957975096703, 0.0027113119956053452, 0.0010265233855368731, -0.7412776137027082], [0.002712831039057053, -0.9999952231299754, -0.001481305162575135, 0.08816933864254425], [0.0010225022015116407, 0.001484083721907116, -0.9999983759910585, 0.0027803179409437327], [0.0, 0.0, 0.0, 1.0]]}, "mean_rme": {"type": "float", "data": 0.0012632789536536388}, "max_rme": {"type": "float", "data": 0.0045748387681049385}, "simu": {"type": "float", "data": 0.002}}, {"type": "dict", "image_number": {"type": "int", "data": 16}, "Hcamera2end": {"type": "ndarray", "data": [[0.9999948224099922, 0.0028465373444846484, -0.0015007925755246379, -0.015617449075683486], [0.001500705111131114, 3.286225589427261e-05, 0.999998873401486, 0.02349638534017387], [0.0028465834570095675, -0.9999959480644001, 2.8590272605155675e-05, 0.03870212749082245], [0.0, 0.0, 0.0, 1.0]]}, "Hobj2base": {"type": "ndarray", "data": [[0.9999951641645556, 0.0029510563525881987, 0.000981281767596353, -0.7412358873343902], [0.0029518520562403063, -0.9999953148796028, -0.0008104247545200164, 0.08850341629432687], [0.0009788855610530069, 0.0008133174340426939, -0.9999991901485774, 0.0027374564234621986], [0.0, 0.0, 0.0, 1.0]]}, "mean_rme": {"type": "float", "data": 0.0012390125113593941}, "max_rme": {"type": "float", "data": 0.004449515407540017}, "simu": {"type": "float", "data": 0.002}}, {"type": "dict", "image_number": {"type": "int", "data": 17}, "Hcamera2end": {"type": "ndarray", "data": [[0.9999990071860541, 0.0012998333243287817, -0.0005441141746863878, -0.015357624146576283], [0.000543720591880809, 0.0003031290121688901, 0.9999998062403412, 0.02356949417964341], [0.0012999980092658003, -0.9999991092726688, 0.0003024219650737958, 0.03853394453290769], [0.0, 0.0, 0.0, 1.0]]}, "Hobj2base": {"type": "ndarray", "data": [[0.9999986889828885, 0.0014081003970498956, 0.0007995534854143519, -0.741393516770093], [0.0014081143569762281, -0.9999990084637334, -1.6896989598841507e-05, 0.08923455692069576], [0.0007995288999703108, 1.8022830188581344e-05, -0.999999680214307, 0.0025643915383566037], [0.0, 0.0, 0.0, 1.0]]}, "mean_rme": {"type": "float", "data": 0.0013685555799190436}, "max_rme": {"type": "float", "data": 0.004384876306936403}, "simu": {"type": "float", "data": 0.002}}, {"type": "dict", "image_number": {"type": "int", "data": 18}, "Hcamera2end": {"type": "ndarray", "data": [[0.9999994057923959, 0.000684224414831438, -0.0008486765021148317, -0.015214817447625473], [0.0008487174660070409, -5.95809551069415e-05, 0.9999996380643206, 0.02358021283378477], [0.0006841736022296365, -0.9999997641435019, -6.0161632915001206e-05, 0.038627004324869985], [0.0, 0.0, 0.0, 1.0]]}, "Hobj2base": {"type": "ndarray", "data": [[0.9999990589746788, 0.0007920895273430496, 0.001120108895425909, -0.7410652997474022], [0.000792163134698369, -0.9999996841084955, -6.52723359330282e-05, 0.08918606764576682], [0.0011200568400593068, 6.615958348391143e-05, -0.9999993705475945, 0.0024678780347318786], [0.0, 0.0, 0.0, 1.0]]}, "mean_rme": {"type": "float", "data": 0.001430639492757429}, "max_rme": {"type": "float", "data": 0.004267847394268776}, "simu": {"type": "float", "data": 0.002}}, {"type": "dict", "image_number": {"type": "int", "data": 19}, "Hcamera2end": {"type": "ndarray", "data": [[0.9999994514168099, 0.0007315958163557598, -0.0007496223320322327, -0.015240246044493262], [0.0007497875293888833, -0.00022555598694218304, 0.9999996934715315, 0.023459957242120178], [0.0007314265102958793, -0.9999997069459859, -0.00022610440462567105, 0.037441601253034695], [0.0, 0.0, 0.0, 1.0]]}, "Hobj2base": {"type": "ndarray", "data": [[0.9999988100092221, 0.0008331062752765348, 0.0012984275389289084, -0.7398352645739628], [0.0008330885092344268, -0.9999996528805533, 1.422352946773969e-05, 0.08907946397497188], [0.0012984389379311154, -1.3141807479115583e-05, -0.9999991569414532, 0.0026535272973899904], [0.0, 0.0, 0.0, 1.0]]}, "mean_rme": {"type": "float", "data": 0.001431033398098125}, "max_rme": {"type": "float", "data": 0.004388767259948856}, "simu": {"type": "float", "data": 0.002}}, {"type": "dict", "image_number": {"type": "int", "data": 20}, "Hcamera2end": {"type": "ndarray", "data": [[0.999999413000399, 0.0006004617301070276, -0.0009019116188374141, -0.015281129705750879], [0.0009021456627649176, -0.00038961657383129733, 0.9999995171659478, 0.02322410367032953], [0.0006001100404688271, -0.9999997438222853, -0.0003901580490719425, 0.03673351935746573], [0.0, 0.0, 0.0, 1.0]]}, "Hobj2base": {"type": "ndarray", "data": [[0.9999987308740792, 0.000666839198500659, 0.001446919387637481, -0.7390952848090174], [0.0006669932049602529, -0.9999997719465048, -0.00010595755198834841, 0.08900522364779075], [0.0014468484010134142, 0.00010692250291455213, -0.9999989475980877, 0.0029133603045039536], [0.0, 0.0, 0.0, 1.0]]}, "mean_rme": {"type": "float", "data": 0.0013979366830072415}, "max_rme": {"type": "float", "data": 0.004446690415022658}, "simu": {"type": "float", "data": 0.002}}, {"type": "dict", "image_number": {"type": "int", "data": 21}, "Hcamera2end": {"type": "ndarray", "data": [[0.9999996601396551, 0.0006012941481855126, -0.0005640619838715218, -0.015280776640092206], [0.0005642762458059498, -0.000356224568943464, 0.9999997773481628, 0.022998927705716824], [0.0006010930815692039, -0.9999997557746723, -0.00035656374388137735, 0.036957235004631564], [0.0, 0.0, 0.0, 1.0]]}, "Hobj2base": {"type": "ndarray", "data": [[0.9999986245263681, 0.0007153928828739474, 0.0014963817677810902, -0.7393316149615445], [0.0007150456465068232, -0.9999997173097739, 0.00023257277419040914, 0.08917412297406445], [0.0014965477256759963, -0.0002315024730241267, -0.9999988533750972, 0.0031261305891040455], [0.0, 0.0, 0.0, 1.0]]}, "mean_rme": {"type": "float", "data": 0.0013497458149098673}, "max_rme": {"type": "float", "data": 0.0044772610683848635}, "simu": {"type": "float", "data": 0.002}}, {"type": "dict", "image_number": {"type": "int", "data": 22}, "Hcamera2end": {"type": "ndarray", "data": [[0.9999997958267685, -3.536077306436167e-05, -0.0006380407801487932, -0.015270007276790875], [0.0006380284651021299, -0.0003471924238893642, 0.9999997361885145, 0.023184778305362405], [-3.55822866607838e-05, -0.9999999391035164, -0.00034716979182225494, 0.03671402040804701], [0.0, 0.0, 0.0, 1.0]]}, "Hobj2base": {"type": "ndarray", "data": [[0.9999988561151346, 7.186384052331641e-05, 0.0015108289151311357, -0.7390393462878309], [7.143174215598726e-05, -0.9999999565356286, 0.0002860528741361478, 0.08927601297224262], [0.0015108494063220351, -0.00028594462578308697, -0.9999988177841723, 0.002961052777225594], [0.0, 0.0, 0.0, 1.0]]}, "mean_rme": {"type": "float", "data": 0.0013146243731609539}, "max_rme": {"type": "float", "data": 0.004482634750601622}, "simu": {"type": "float", "data": 0.002}}, {"type": "dict", "image_number": {"type": "int", "data": 23}, "Hcamera2end": {"type": "ndarray", "data": [[0.9999997823763387, -5.289450980980597e-06, -0.000659711525576163, -0.01526797186550722], [0.0006597088001950796, -0.0004996799279688435, 0.9999996575520755, 0.02378627487068201], [-5.619093777199224e-06, -0.9999998751459878, -0.0004996763297293594, 0.035983347180394254], [0.0, 0.0, 0.0, 1.0]]}, "Hobj2base": {"type": "ndarray", "data": [[0.999998567642043, 0.00010793408200563511, 0.0016891015648585962, -0.7381609983000564], [0.00010750473404764304, -0.9999999618932474, 0.0002542759057072292, 0.08915126147460142], [0.0016891289455288794, -0.0002540939550786028, -0.9999985411387697, 0.002392402781979065], [0.0, 0.0, 0.0, 1.0]]}, "mean_rme": {"type": "float", "data": 0.0013645698713526627}, "max_rme": {"type": "float", "data": 0.004532934750641426}, "simu": {"type": "float", "data": 0.002}}, {"type": "dict", "image_number": {"type": "int", "data": 24}, "Hcamera2end": {"type": "ndarray", "data": [[0.9999997914664459, 0.0002399975462724096, -0.0005995567049727746, -0.015261444020563453], [0.0005996975794051876, -0.0005873418444737322, 0.9999996476961234, 0.024344261082176515], [0.0002396453169793784, -0.9999997987153474, -0.0005874856479408663, 0.03593028685318641], [0.0, 0.0, 0.0, 1.0]]}, "Hobj2base": {"type": "ndarray", "data": [[0.9999983152124614, 0.00035789093531441574, 0.0018004128184912127, -0.7379967728599044], [0.00035736835397862343, -0.9999998939285408, 0.0002905697283172814, 0.08910813734163736], [0.0018005166197906392, -0.0002899258282035978, -0.9999983370400753, 0.0018264415123251966], [0.0, 0.0, 0.0, 1.0]]}, "mean_rme": {"type": "float", "data": 0.0013600674989628777}, "max_rme": {"type": "float", "data": 0.004529746706216642}, "simu": {"type": "float", "data": 0.002}}, {"type": "dict", "image_number": {"type": "int", "data": 25}, "Hcamera2end": {"type": "ndarray", "data": [[0.9999995884510096, 0.0004523753580308199, -0.0007864186842858056, -0.015253654195632604], [0.0007866956813086831, -0.0006124650817798116, 0.9999995029980908, 0.024623077804249098], [0.0004518934792156189, -0.9999997101214875, -0.0006128207114610706, 0.03575744265368714], [0.0, 0.0, 0.0, 1.0]]}, "Hobj2base": {"type": "ndarray", "data": [[0.9999981376850346, 0.0005529005072397627, 0.0018490342050885337, -0.7377736780842663], [0.0005527404197565579, -0.9999998434467663, 8.708887112794294e-05, 0.08895538466250985], [0.001849082067097271, -8.606667299837006e-05, -0.999998286742551, 0.0015472800946130637], [0.0, 0.0, 0.0, 1.0]]}, "mean_rme": {"type": "float", "data": 0.0013502174714123936}, "max_rme": {"type": "float", "data": 0.004517229205464934}, "simu": {"type": "float", "data": 0.002}}, {"type": "dict", "image_number": {"type": "int", "data": 26}, "Hcamera2end": {"type": "ndarray", "data": [[0.9999994737141771, 0.0002302634963727584, -0.0009997750202197413, -0.015204508750670143], [0.0009999082761257536, -0.0005793242835145929, 0.9999993322831843, 0.02447316266843843], [0.00022968414867468548, -0.9999998056810299, -0.0005795542210000892, 0.03555211378325036], [0.0, 0.0, 0.0, 1.0]]}, "Hobj2base": {"type": "ndarray", "data": [[0.999998193370278, 0.0003338587291963497, 0.0018713082399889685, -0.7375754864167672], [0.0003340712560824166, -0.9999999377842979, -0.0001132598626632057, 0.08884777283363764], [0.0018712703107703944, 0.00011388480833882201, -0.9999982426872931, 0.0017015012412562526], [0.0, 0.0, 0.0, 1.0]]}, "mean_rme": {"type": "float", "data": 0.0013503113464162946}, "max_rme": {"type": "float", "data": 0.0045162363622224255}, "simu": {"type": "float", "data": 0.002}}, {"type": "dict", "image_number": {"type": "int", "data": 27}, "Hcamera2end": {"type": "ndarray", "data": [[0.9999992023204864, 0.0010114546910421599, -0.0007565168859947379, -0.015236107157122546], [0.0007571610583557047, -0.0006366459741156127, 0.999999510694398, 0.025141424454357016], [0.0010109725627018944, -0.9999992858204008, -0.0006374113003806414, 0.035828881407815566], [0.0, 0.0, 0.0, 1.0]]}, "Hobj2base": {"type": "ndarray", "data": [[0.9999975797326763, 0.0010856286338794478, 0.0019136194132855788, -0.7377689734551177], [0.001085389806097024, -0.9999994030466655, 0.00012583831696086494, 0.08889474629165388], [0.0019137548846242206, -0.0001237609893945688, -0.9999981611110389, 0.0010139179788333538], [0.0, 0.0, 0.0, 1.0]]}, "mean_rme": {"type": "float", "data": 0.0013800601998659036}, "max_rme": {"type": "float", "data": 0.00456047479714311}, "simu": {"type": "float", "data": 0.002}}, {"type": "dict", "image_number": {"type": "int", "data": 28}, "Hcamera2end": {"type": "ndarray", "data": [[0.9999979690736761, 0.0019533440705101703, -0.0004962816390827959, -0.015294699333940665], [0.0004975407152640874, -0.0006441415603193335, 0.9999996687673885, 0.025421461024515198], [0.0019530237478695563, -0.9999978847620591, -0.0006451121203212562, 0.03601873095651001], [0.0, 0.0, 0.0, 1.0]]}, "Hobj2base": {"type": "ndarray", "data": [[0.9999962661847431, 0.002000270267876939, 0.0018618634288821638, -0.7379732891015394], [0.0019997429622411055, -0.9999979598902065, 0.0002850324719957622, 0.08889368831072816], [0.0018624297724554608, -0.00028130815944860837, -0.9999982261089577, 0.0007185766919327319], [0.0, 0.0, 0.0, 1.0]]}, "mean_rme": {"type": "float", "data": 0.0013795090113658786}, "max_rme": {"type": "float", "data": 0.004820483229136141}, "simu": {"type": "float", "data": 0.002}}, {"type": "dict", "image_number": {"type": "int", "data": 29}, "Hcamera2end": {"type": "ndarray", "data": [[0.9999976373564271, 0.0019404455813950927, -0.0009797716618813793, -0.015404882117752195], [0.0009810126066550787, -0.0006386668525868444, 0.9999993148592236, 0.02480296173771327], [0.0019398185042331531, -0.9999979133856213, -0.0006405689452224639, 0.035440557196029565], [0.0, 0.0, 0.0, 1.0]]}, "Hobj2base": {"type": "ndarray", "data": [[0.9999962610535044, 0.0020561750619215967, 0.00180278205178571, -0.7375030734222526], [0.002056915122848303, -0.9999978010083517, -0.0004087525400950631, 0.0885965761545318], [0.001801937620703593, 0.00041245918145670324, -0.9999982914476582, 0.0013373616803761391], [0.0, 0.0, 0.0, 1.0]]}, "mean_rme": {"type": "float", "data": 0.0014255176358570927}, "max_rme": {"type": "float", "data": 0.004725473305829397}, "simu": {"type": "float", "data": 0.002}}, {"type": "dict", "image_number": {"type": "int", "data": 30}, "Hcamera2end": {"type": "ndarray", "data": [[0.9999983987565715, 0.0016861783274286812, -0.0005994054898187751, -0.015381101032783244], [0.0006007097815010534, -0.000773119345292228, 0.9999995207170033, 0.025191011507911778], [0.0016857141072922262, -0.999998279543083, -0.000774131011154422, 0.034775502306212853], [0.0, 0.0, 0.0, 1.0]]}, "Hobj2base": {"type": "ndarray", "data": [[0.9999966314631761, 0.0017573754461928748, 0.0019101554496705419, -0.7367394551954802], [0.0017574677127999226, -0.9999984545654446, -4.662574509116231e-05, 0.08872134359524395], [0.0019100705587107207, 4.998262455984782e-05, -0.9999981745644326, 0.0010019435092362787], [0.0, 0.0, 0.0, 1.0]]}, "mean_rme": {"type": "float", "data": 0.0014767317232909183}, "max_rme": {"type": "float", "data": 0.004684278426977079}, "simu": {"type": "float", "data": 0.002}}]}