{"type": "list", "data": [{"type": "dict", "image_number": {"type": "int", "data": 5}, "Hcamera2end": {"type": "ndarray", "data": [[0.999991531740756, 0.0034846606725445874, 0.002189426128910318, -0.01905759599263201], [-0.002192755429013646, 0.0009518822845343555, 0.9999971428677906, 0.02038259506416905], [0.003482566640462936, -0.9999934755087722, 0.0009595152323563783, 0.02826590150472387], [0.0, 0.0, 0.0, 1.0]]}, "Hobj2base": {"type": "ndarray", "data": [[0.999994706334261, 0.0032428014253804353, -0.0002674740560972327, -0.7319187476195459], [0.00324304035632166, -0.9999943383573804, 0.0008977429656593216, 0.08587877524846443], [-0.0002645613395860517, -0.0008986056424663343, -0.9999995612575023, 0.003983718260890346], [0.0, 0.0, 0.0, 1.0]]}, "mean_rme": {"type": "float", "data": 0.0019813266059327678}, "max_rme": {"type": "float", "data": 0.005762776629620769}, "simu": {"type": "float", "data": 0.002}}, {"type": "dict", "image_number": {"type": "int", "data": 6}, "Hcamera2end": {"type": "ndarray", "data": [[0.9999915775680597, 0.003525400623768251, 0.002101509787088771, -0.019147183641812143], [-0.0021028388028162806, 0.00037331857076683406, 0.9999977193485065, 0.02056795944222445], [0.003524608050927884, -0.9999937160720996, 0.0003807287757437994, 0.02840380276358629], [0.0, 0.0, 0.0, 1.0]]}, "Hobj2base": {"type": "ndarray", "data": [[0.9999944751327877, 0.0033154919260431214, 0.00023920114716727647, -0.7314064238732164], [0.003315229430415396, -0.9999939110382206, 0.001089559684712191, 0.08595898824066502], [0.00024281211701823922, -0.0010887606583567348, -0.9999993778210585, 0.003915756319514722], [0.0, 0.0, 0.0, 1.0]]}, "mean_rme": {"type": "float", "data": 0.0018151977963525448}, "max_rme": {"type": "float", "data": 0.005882055810743303}, "simu": {"type": "float", "data": 0.002}}, {"type": "dict", "image_number": {"type": "int", "data": 7}, "Hcamera2end": {"type": "ndarray", "data": [[0.9999919316208863, 0.003546011319788444, 0.0018874577739901148, -0.019194297765419196], [-0.0018853032367877574, -0.0006108390121812857, 0.9999980362517752, 0.02087224913187919], [0.0035471572891572073, -0.9999935263187564, -0.0006041487770815923, 0.02843000320263432], [0.0, 0.0, 0.0, 1.0]]}, "Hobj2base": {"type": "ndarray", "data": [[0.9999941905733656, 0.0033223757272005587, 0.0007619967497280508, -0.7309279919195651], [0.0033215040581723, -0.9999938312996084, 0.0011423543765271898, 0.08584448447630041], [0.0007657873796508378, -0.001139816764806713, -0.9999990571932713, 0.003999811347359035], [0.0, 0.0, 0.0, 1.0]]}, "mean_rme": {"type": "float", "data": 0.001594888578610761}, "max_rme": {"type": "float", "data": 0.006218656599539241}, "simu": {"type": "float", "data": 0.002}}, {"type": "dict", "image_number": {"type": "int", "data": 8}, "Hcamera2end": {"type": "ndarray", "data": [[0.9999920111647834, 0.003462006580716274, 0.0019980282897721986, -0.019285855342636736], [-0.001995209712754134, -0.0008174080302503217, 0.9999976754884554, 0.020971296629809094], [0.003463631737610737, -0.9999936731572592, -0.0008104940709567909, 0.02864497721173593], [0.0, 0.0, 0.0, 1.0]]}, "Hobj2base": {"type": "ndarray", "data": [[0.9999940007801668, 0.0032976356271822173, 0.0010601900519326957, -0.7306615038882329], [0.003296273545149576, -0.999993743015664, 0.0012839432376513425, 0.08600687657641397], [0.0010644173953039064, -0.0012804408585725899, -0.9999986137424473, 0.003974903781577617], [0.0, 0.0, 0.0, 1.0]]}, "mean_rme": {"type": "float", "data": 0.001556293371952449}, "max_rme": {"type": "float", "data": 0.006333385791290613}, "simu": {"type": "float", "data": 0.002}}, {"type": "dict", "image_number": {"type": "int", "data": 9}, "Hcamera2end": {"type": "ndarray", "data": [[0.9999918758358705, 0.0035267686589525566, 0.001951964416520895, -0.019184362044291935], [-0.0019484244538883681, -0.0010068982739677157, 0.9999975948961145, 0.020948530348787284], [0.003528725606309392, -0.9999932740067267, -0.00100001845146247, 0.028768013314918652], [0.0, 0.0, 0.0, 1.0]]}, "Hobj2base": {"type": "ndarray", "data": [[0.9999929757587588, 0.0033841340399465287, 0.0016112324295954915, -0.7304218173131515], [0.0033822010778800896, -0.9999935592611746, 0.001200896347226598, 0.08593638118737489], [0.0016152860462753224, -0.001195438399780856, -0.9999979808869723, 0.003788517562405459], [0.0, 0.0, 0.0, 1.0]]}, "mean_rme": {"type": "float", "data": 0.0015999119078912644}, "max_rme": {"type": "float", "data": 0.006260785612968722}, "simu": {"type": "float", "data": 0.002}}, {"type": "dict", "image_number": {"type": "int", "data": 10}, "Hcamera2end": {"type": "ndarray", "data": [[0.9999917639841577, 0.003508111446818761, 0.002040862055442073, -0.019202549433023984], [-0.002037104147175111, -0.0010744451373658759, 0.9999973478836535, 0.02091374473578284], [0.003510294937210551, -0.999993269338211, -0.001067289899841617, 0.0287415448170338], [0.0, 0.0, 0.0, 1.0]]}, "Hobj2base": {"type": "ndarray", "data": [[0.9999930888160838, 0.003409460366877642, 0.0014825316437202015, -0.73048443223154], [0.003407273934933048, -0.9999931076577149, 0.0014748292778882298, 0.0860845804589128], [0.0014875497975755348, -0.0014697676936444842, -0.9999978134868732, 0.00372189389171203], [0.0, 0.0, 0.0, 1.0]]}, "mean_rme": {"type": "float", "data": 0.0015685448047552376}, "max_rme": {"type": "float", "data": 0.0060697634471178485}, "simu": {"type": "float", "data": 0.002}}, {"type": "dict", "image_number": {"type": "int", "data": 11}, "Hcamera2end": {"type": "ndarray", "data": [[0.9999899182525109, 0.003822828240467195, 0.0023557116929794793, -0.019228545089955494], [-0.002350991289270428, -0.0012388178802451577, 0.9999964690788749, 0.020895856892356204], [0.0038257330401281694, -0.9999919256246538, -0.0012298179549024013, 0.02881976381112837], [0.0, 0.0, 0.0, 1.0]]}, "Hobj2base": {"type": "ndarray", "data": [[0.9999918255276925, 0.0036852086897352612, 0.0016637652196495557, -0.7303023281733964], [0.003682466939351732, -0.9999918617568795, 0.001647985816087658, 0.0861368019797122], [0.00166982485117371, -0.0016418455842570386, -0.9999972580102623, 0.0036265209262122196], [0.0, 0.0, 0.0, 1.0]]}, "mean_rme": {"type": "float", "data": 0.0015474903447168203}, "max_rme": {"type": "float", "data": 0.005991894493658778}, "simu": {"type": "float", "data": 0.002}}, {"type": "dict", "image_number": {"type": "int", "data": 12}, "Hcamera2end": {"type": "ndarray", "data": [[0.999990675160263, 0.0036902570090933235, 0.0022431218710089315, -0.01921357598095659], [-0.0022386864040848417, -0.0012056317771120817, 0.999996767362376, 0.020907523463791978], [0.003692949458837298, -0.9999924641992182, -0.0011973592065952499, 0.028780256316811727], [0.0, 0.0, 0.0, 1.0]]}, "Hobj2base": {"type": "ndarray", "data": [[0.999992385720551, 0.0035736126824956393, 0.0015677350912090071, -0.7303559468677919], [0.0035707546149844616, -0.9999919648323214, 0.0018220818514270052, 0.08612761773592738], [0.0015742339090074782, -0.001816469980274602, -0.9999971111080326, 0.003625229151671928], [0.0, 0.0, 0.0, 1.0]]}, "mean_rme": {"type": "float", "data": 0.001455596812597402}, "max_rme": {"type": "float", "data": 0.005929855885262292}, "simu": {"type": "float", "data": 0.002}}, {"type": "dict", "image_number": {"type": "int", "data": 13}, "Hcamera2end": {"type": "ndarray", "data": [[0.9999936608320986, 0.003327158818265318, 0.0012681915532900768, -0.01926146938833611], [-0.0012646473430963328, -0.001067123930452718, 0.9999986309558705, 0.020993740946402797], [0.003328507580792982, -0.9999938956117261, -0.001062909483215524, 0.028709643121293465], [0.0, 0.0, 0.0, 1.0]]}, "Hobj2base": {"type": "ndarray", "data": [[0.9999937769804507, 0.0032046796805318125, 0.0014751367793627405, -0.7304135737575811], [0.0032030472592511437, -0.9999942567732734, 0.0011076591182934698, 0.0856744391870201], [0.0014786779999871158, -0.0011029272924909645, -0.9999982985299318, 0.0036658261065300925], [0.0, 0.0, 0.0, 1.0]]}, "mean_rme": {"type": "float", "data": 0.0014311727683928984}, "max_rme": {"type": "float", "data": 0.006088244988528779}, "simu": {"type": "float", "data": 0.002}}, {"type": "dict", "image_number": {"type": "int", "data": 14}, "Hcamera2end": {"type": "ndarray", "data": [[0.9999978657203682, 0.0020657840919498694, -3.3027170710900854e-05, -0.01931118570098596], [3.46265369467573e-05, -0.0007741865458441577, 0.9999996997180522, 0.021096142191220902], [0.0020657579024409875, -0.9999975665826779, -0.0007742564244628269, 0.028547237459136215], [0.0, 0.0, 0.0, 1.0]]}, "Hobj2base": {"type": "ndarray", "data": [[0.9999972827419971, 0.001973103070078544, 0.0012415203974532045, -0.7305534068261196], [0.0019733607036250267, -0.9999980316370758, -0.00020632379441590235, 0.08500863275009367], [0.0012411108555782917, 0.00020877320134600385, -0.9999992080284841, 0.0036630286613740476], [0.0, 0.0, 0.0, 1.0]]}, "mean_rme": {"type": "float", "data": 0.0015599732351735847}, "max_rme": {"type": "float", "data": 0.006241999909705975}, "simu": {"type": "float", "data": 0.002}}, {"type": "dict", "image_number": {"type": "int", "data": 15}, "Hcamera2end": {"type": "ndarray", "data": [[0.9999980816100731, 0.0019587463693297334, -9.42518862499808e-06, -0.019255061787707785], [1.0945364983509396e-05, -0.000776087309644069, 0.9999996987842981, 0.021122501956389667], [0.0019587384645552877, -0.999997780498111, -0.0007761072600001029, 0.028574176242306862], [0.0, 0.0, 0.0, 1.0]]}, "Hobj2base": {"type": "ndarray", "data": [[0.999997219933214, 0.001925647496304217, 0.0013608848456501943, -0.7304843634411866], [0.0019259100348688865, -0.9999981270718326, -0.0001916334114664352, 0.08501505270730604], [0.0013605132784116358, 0.00019425382049329158, -0.9999990556340901, 0.0036384443305862435], [0.0, 0.0, 0.0, 1.0]]}, "mean_rme": {"type": "float", "data": 0.001518295964059426}, "max_rme": {"type": "float", "data": 0.006275942798065537}, "simu": {"type": "float", "data": 0.002}}, {"type": "dict", "image_number": {"type": "int", "data": 16}, "Hcamera2end": {"type": "ndarray", "data": [[0.999998610489091, 0.001496152883475896, 0.0007352186317761526, -0.0192785087652822], [-0.0007337992465097616, -0.0009490178969895346, 0.9999992804515897, 0.021218414545689446], [0.001496849542561223, -0.9999984304445585, -0.0009479187024603597, 0.028662945053034086], [0.0, 0.0, 0.0, 1.0]]}, "Hobj2base": {"type": "ndarray", "data": [[0.9999976963606673, 0.0014698230193608737, 0.00156425498253585, -0.7302852063756218], [0.001469121848657878, -0.9999988199043446, 0.000449300469525684, 0.0854692248148778], [0.0015649135287380594, -0.00044700135332773484, -0.9999986756168417, 0.0037365873673003216], [0.0, 0.0, 0.0, 1.0]]}, "mean_rme": {"type": "float", "data": 0.0015428539569848961}, "max_rme": {"type": "float", "data": 0.006458279917272991}, "simu": {"type": "float", "data": 0.002}}, {"type": "dict", "image_number": {"type": "int", "data": 17}, "Hcamera2end": {"type": "ndarray", "data": [[0.9999992194039938, 0.00108767999669561, 0.0006149338401135385, -0.019220250124959398], [-0.0006136511879211215, -0.0011791959895131043, 0.9999991164641285, 0.02120765709776433], [0.0010884041632093942, -0.9999987132236935, -0.001178527612915481, 0.028734284135641677], [0.0, 0.0, 0.0, 1.0]]}, "Hobj2base": {"type": "ndarray", "data": [[0.9999981747103116, 0.0010357007859967203, 0.0016055839831871793, -0.7301906224117727], [0.0010353579316943688, -0.999999441042752, 0.00021435516400962362, 0.08546507097128737], [0.0016058050935462223, -0.0002126924186373588, -0.9999986880751075, 0.00370254306923992], [0.0, 0.0, 0.0, 1.0]]}, "mean_rme": {"type": "float", "data": 0.0014968803133383977}, "max_rme": {"type": "float", "data": 0.006412322823336369}, "simu": {"type": "float", "data": 0.002}}, {"type": "dict", "image_number": {"type": "int", "data": 18}, "Hcamera2end": {"type": "ndarray", "data": [[0.9999987303508615, 0.0007139253240339039, 0.0014246428663630842, -0.019161420847490746], [-0.001423724256331104, -0.0012855638043129947, 0.9999981601657808, 0.021298604773147423], [0.0007157554798327321, -0.9999989188175837, -0.0012845457392969273, 0.028803226818797458], [0.0, 0.0, 0.0, 1.0]]}, "Hobj2base": {"type": "ndarray", "data": [[0.9999983294136433, 0.0006551776195124128, 0.0017064325974178952, -0.730108218872453], [0.0006533200074378665, -0.9999991937085297, 0.0010889238993223615, 0.08599659086009431], [0.0017071446601040353, -0.0010878072336237144, -0.9999979511641672, 0.0037842275669681216], [0.0, 0.0, 0.0, 1.0]]}, "mean_rme": {"type": "float", "data": 0.0014936895991453341}, "max_rme": {"type": "float", "data": 0.006538799379053106}, "simu": {"type": "float", "data": 0.002}}, {"type": "dict", "image_number": {"type": "int", "data": 19}, "Hcamera2end": {"type": "ndarray", "data": [[0.9999993223769927, 0.00012933008590497864, 0.001156943941656018, -0.01909364578299784], [-0.0011568781898551486, -0.0005073269068200936, 0.9999992021258134, 0.020479723551381713], [0.0001299169315071262, -0.9999998629465597, -0.0005071769438880214, 0.031959153866203086], [0.0, 0.0, 0.0, 1.0]]}, "Hobj2base": {"type": "ndarray", "data": [[0.9999993525877404, 6.066938971446709e-05, 0.0011362848785310272, -0.7335552773905982], [5.962419168856491e-05, -0.9999995751610187, 0.0009198493021964096, 0.08596711750403473], [0.00113634020248871, -0.000919780956607284, -0.9999989313663973, 0.004382473755591017], [0.0, 0.0, 0.0, 1.0]]}, "mean_rme": {"type": "float", "data": 0.0015867459395134485}, "max_rme": {"type": "float", "data": 0.006298141728710682}, "simu": {"type": "float", "data": 0.002}}, {"type": "dict", "image_number": {"type": "int", "data": 20}, "Hcamera2end": {"type": "ndarray", "data": [[0.9999995447273261, -6.394206931203939e-05, 0.0009520801186781959, -0.019082498855766673], [-0.0009520860798263567, -9.326168291301506e-05, 0.9999995424170728, 0.020106297477647597], [-6.385324745910399e-05, -0.999999993606835, -9.332251880778131e-05, 0.03281528259868045], [0.0, 0.0, 0.0, 1.0]]}, "Hobj2base": {"type": "ndarray", "data": [[0.999999623564966, -0.0001533411208674782, 0.0008540236688223489, -0.7345619691646588], [-0.00015398118282185596, -0.9999997073064719, 0.0007494509763438055, 0.08591779103360023], [0.0008539084972024005, -0.0007495821977988848, -0.9999993544831953, 0.004691739432013581], [0.0, 0.0, 0.0, 1.0]]}, "mean_rme": {"type": "float", "data": 0.0015596943192014699}, "max_rme": {"type": "float", "data": 0.006234636456420195}, "simu": {"type": "float", "data": 0.002}}, {"type": "dict", "image_number": {"type": "int", "data": 21}, "Hcamera2end": {"type": "ndarray", "data": [[0.9999989568457444, -0.0010455287834517377, 0.0009965826538771145, -0.019006053638675892], [-0.0009966723985853452, -8.531915578924298e-05, 0.9999994996822608, 0.019758559823737608], [-0.0010454432327644376, -0.9999994497949511, -8.636111646853628e-05, 0.03372744083430673], [0.0, 0.0, 0.0, 1.0]]}, "Hobj2base": {"type": "ndarray", "data": [[0.9999986022074596, -0.0011129471604715835, 0.0012477707100882157, -0.7352808674196503], [-0.0011141684396656277, -0.9999989005812242, 0.0009785014208488132, 0.08609504822337884], [0.001246680317887818, -0.0009798902798519458, -0.9999987428008217, 0.004928553276242753], [0.0, 0.0, 0.0, 1.0]]}, "mean_rme": {"type": "float", "data": 0.0015816542614460166}, "max_rme": {"type": "float", "data": 0.006241262953260329}, "simu": {"type": "float", "data": 0.002}}, {"type": "dict", "image_number": {"type": "int", "data": 22}, "Hcamera2end": {"type": "ndarray", "data": [[0.9999995728611164, -0.0005186285931541341, 0.0007650503036106034, -0.018943502826706905], [-0.0007651737733018656, -0.00023791297735620276, 0.9999996789532045, 0.020198902531617068], [-0.0005184464112545271, -0.9999998372108857, -0.0002383097167319992, 0.034064419394576], [0.0, 0.0, 0.0, 1.0]]}, "Hobj2base": {"type": "ndarray", "data": [[0.9999985569325911, -0.0006136298366930821, 0.0015841689174392205, -0.7354535290682562], [-0.0006147136155857022, -0.9999995773169559, 0.0006837346563482376, 0.08580190456686371], [0.0015837486878523639, -0.0006847074798759761, -0.9999985114567724, 0.004408847861381591], [0.0, 0.0, 0.0, 1.0]]}, "mean_rme": {"type": "float", "data": 0.0016338047797577562}, "max_rme": {"type": "float", "data": 0.0062445877296063435}, "simu": {"type": "float", "data": 0.002}}, {"type": "dict", "image_number": {"type": "int", "data": 23}, "Hcamera2end": {"type": "ndarray", "data": [[0.9999997561934463, -0.0004382244218298524, 0.0005436657099559457, -0.019023115211526175], [-0.0005438039821243274, -0.0003154708386949867, 0.9999998023776698, 0.020749012781438494], [-0.00043805282454943164, -0.9999998542187424, -0.0003157090699668075, 0.03361637003206889], [0.0, 0.0, 0.0, 1.0]]}, "Hobj2base": {"type": "ndarray", "data": [[0.9999983925403155, -0.0005608351495505105, 0.0017030504161814686, -0.7348872988900143], [-0.0005616363742863641, -0.9999997318215927, 0.0004700226865254094, 0.08573835029281147], [0.0017027863542164307, -0.00047097842604386104, -0.9999984393477594, 0.0038687812740529977], [0.0, 0.0, 0.0, 1.0]]}, "mean_rme": {"type": "float", "data": 0.0016297181169744593}, "max_rme": {"type": "float", "data": 0.00628828967221795}, "simu": {"type": "float", "data": 0.002}}, {"type": "dict", "image_number": {"type": "int", "data": 24}, "Hcamera2end": {"type": "ndarray", "data": [[0.9999999326898403, 4.479868054071837e-05, 0.00036416121851254194, -0.019080889397389614], [-0.00036414373128378525, -0.000389742225521017, 0.9999998577501602, 0.021152864055827836], [4.4940603171864736e-05, -0.999999923047035, -0.0003897258861287334, 0.03305919388804507], [0.0, 0.0, 0.0, 1.0]]}, "Hobj2base": {"type": "ndarray", "data": [[0.9999984107229105, -7.810945427697421e-05, 0.0017811374361016818, -0.7342807719681778], [-7.852869802584484e-05, -0.9999999692309725, 0.00023531106576439305, 0.08554457022820733], [0.0017811190012788829, -0.00023545056219376946, -0.9999983860877657, 0.003482681358521931], [0.0, 0.0, 0.0, 1.0]]}, "mean_rme": {"type": "float", "data": 0.0015958345722071816}, "max_rme": {"type": "float", "data": 0.00632409655552002}, "simu": {"type": "float", "data": 0.002}}, {"type": "dict", "image_number": {"type": "int", "data": 25}, "Hcamera2end": {"type": "ndarray", "data": [[0.9999999267287444, 0.00036050128431189846, 0.000128768513012848, -0.019195149763412155], [-0.00012863440039026882, -0.0003720155177546758, 0.9999999225288199, 0.02113864424630943], [0.0003605491602684775, -0.9999998658216303, -0.00037196911763004437, 0.03277158387334257], [0.0, 0.0, 0.0, 1.0]]}, "Hobj2base": {"type": "ndarray", "data": [[0.9999983363151018, 0.00022056655197770492, 0.0018107229011095115, -0.7340024920398427], [0.0002206675655098061, -0.9999999741079715, -5.558670609330121e-05, 0.08540467443561024], [0.0018107105936581236, 5.598618142893843e-05, -0.9999983590950003, 0.0034884230246141823], [0.0, 0.0, 0.0, 1.0]]}, "mean_rme": {"type": "float", "data": 0.0015732001550631473}, "max_rme": {"type": "float", "data": 0.006339248451276203}, "simu": {"type": "float", "data": 0.002}}, {"type": "dict", "image_number": {"type": "int", "data": 26}, "Hcamera2end": {"type": "ndarray", "data": [[0.9999995869644682, 0.0008817688549630301, 0.00022035103658095656, -0.019200945536075882], [-0.00021996610944312626, -0.00043661290119123564, 0.9999998804920356, 0.021841039008911274], [0.0008818649576899911, -0.9999995159263135, -0.0004364187615901738, 0.033049322031185636], [0.0, 0.0, 0.0, 1.0]]}, "Hobj2base": {"type": "ndarray", "data": [[0.9999979967281969, 0.0007096970770383152, 0.00187159548301484, -0.7341943832575258], [0.0007095654393379975, -0.9999997457380849, 7.099755530652011e-05, 0.08535588364849052], [0.0018716453938968662, -6.966939360795104e-05, -0.9999982460433094, 0.002767620334167645], [0.0, 0.0, 0.0, 1.0]]}, "mean_rme": {"type": "float", "data": 0.0015674478380091653}, "max_rme": {"type": "float", "data": 0.006322913318635881}, "simu": {"type": "float", "data": 0.002}}, {"type": "dict", "image_number": {"type": "int", "data": 27}, "Hcamera2end": {"type": "ndarray", "data": [[0.9999995012668704, 0.000980288567764097, 0.00019105060696927493, -0.019106951634076216], [-0.0001907420962309423, -0.0003147980462896438, 0.999999932259819, 0.02130847503490539], [0.0009803486437169886, -0.9999994699681165, -0.0003146109069931402, 0.033119915059202296], [0.0, 0.0, 0.0, 1.0]]}, "Hobj2base": {"type": "ndarray", "data": [[0.999997938629247, 0.0008226242532837166, 0.001856347649189641, -0.7343505735176885], [0.0008224855622073089, -0.9999996589105313, 7.547397476015123e-05, 0.0852562826878114], [0.001856409102731137, -7.39470000404111e-05, -0.999998274137053, 0.0032864366918159867], [0.0, 0.0, 0.0, 1.0]]}, "mean_rme": {"type": "float", "data": 0.001614045908079116}, "max_rme": {"type": "float", "data": 0.006326197105429476}, "simu": {"type": "float", "data": 0.002}}, {"type": "dict", "image_number": {"type": "int", "data": 28}, "Hcamera2end": {"type": "ndarray", "data": [[0.9999998092819422, 0.0005441071888101783, 0.00029220445971796867, -0.019056568401465725], [-0.00029204890342654955, -0.00028595024245925416, 0.9999999164699447, 0.02137395736592784], [0.0005441906992969788, -0.9999998110898949, -0.0002857912820153352, 0.033047469959208146], [0.0, 0.0, 0.0, 1.0]]}, "Hobj2base": {"type": "ndarray", "data": [[0.9999980341494742, 0.0003989131681440978, 0.0019423093140048938, -0.7342042736469525], [0.0003984230255035051, -0.9999998886930999, 0.00025273084743974235, 0.08539661029042603], [0.0019424099154755044, -0.0002519564898553235, -0.9999980817789842, 0.0032185312909650404], [0.0, 0.0, 0.0, 1.0]]}, "mean_rme": {"type": "float", "data": 0.0015843506256701823}, "max_rme": {"type": "float", "data": 0.006349156531985756}, "simu": {"type": "float", "data": 0.002}}, {"type": "dict", "image_number": {"type": "int", "data": 29}, "Hcamera2end": {"type": "ndarray", "data": [[0.9999998517939189, 0.0005428540719534876, -4.1492128957637336e-05, -0.01905607285783325], [4.163328246954934e-05, -0.0002600123816438593, 0.9999999653301149, 0.021279143953283293], [0.0005428432646655296, -0.9999998188514926, -0.00026003494390525184, 0.03342275813647085], [0.0, 0.0, 0.0, 1.0]]}, "Hobj2base": {"type": "ndarray", "data": [[0.9999980680815994, 0.0004146956573826331, 0.0019214215000109257, -0.7346007519523016], [0.00041481154930274127, -0.999999912170626, -5.991759772781927e-05, 0.08528016038202492], [0.0019213964836860998, 6.0714509801192826e-05, -0.9999981522729431, 0.003259242058444004], [0.0, 0.0, 0.0, 1.0]]}, "mean_rme": {"type": "float", "data": 0.0015701788421991554}, "max_rme": {"type": "float", "data": 0.006312637101122953}, "simu": {"type": "float", "data": 0.002}}, {"type": "dict", "image_number": {"type": "int", "data": 30}, "Hcamera2end": {"type": "ndarray", "data": [[0.9999998771008545, 0.00048583324480958577, 9.881464566239138e-05, -0.01980417246674162], [-9.882372881355773e-05, 1.867205600980526e-05, 0.9999999949426123, 0.021252584619264443], [0.0004858313972799403, -0.9999998818086991, 1.872006556791206e-05, 0.033546835886596314], [0.0, 0.0, 0.0, 1.0]]}, "Hobj2base": {"type": "ndarray", "data": [[0.9999986473500991, 0.00032541360946228574, 0.0016122667132815439, -0.7348874715609345], [0.0003254477917026442, -0.9999999468226435, -2.0939046742349243e-05, 0.08461117387290779], [0.0016122598136946841, 2.14637270606229e-05, -0.9999987000779553, 0.0033847827151619087], [0.0, 0.0, 0.0, 1.0]]}, "mean_rme": {"type": "float", "data": 0.0015575898569535763}, "max_rme": {"type": "float", "data": 0.006367078701759232}, "simu": {"type": "float", "data": 0.002}}]}