{"type": "list", "data": [{"type": "dict", "image_number": {"type": "int", "data": 5}, "Hcamera2end": {"type": "ndarray", "data": [[0.9999956067439365, 0.001207138784310135, -0.0027072696174849755, -0.015976061140478334], [0.0027065726680885437, 0.0005786167746986148, 0.9999961698261751, 0.02589550315778354], [0.0012087006323730695, -0.9999991040088904, 0.0005753470238467617, 0.030018298867370306], [0.0, 0.0, 0.0, 1.0]]}, "Hobj2base": {"type": "ndarray", "data": [[0.9999973616113947, 0.0020781378316986126, 0.0009788326731164036, -0.7314690715344356], [0.0020789123883246264, -0.9999975262538074, -0.0007909548322905248, 0.08640814393578575], [0.000977186538572658, 0.0007929876528145464, -0.9999992081382119, 0.0012125418315388937], [0.0, 0.0, 0.0, 1.0]]}, "mean_rme": {"type": "float", "data": 0.000932512050800118}, "max_rme": {"type": "float", "data": 0.0021081345036464416}, "simu": {"type": "float", "data": 0.002}}, {"type": "dict", "image_number": {"type": "int", "data": 6}, "Hcamera2end": {"type": "ndarray", "data": [[0.9999961301441714, 0.0014560090264469014, -0.0023705978984847583, -0.01619631045033235], [0.002369663019394168, 0.0006434731669462401, 0.9999969853151847, 0.026279645835253482], [0.0014575300531758924, -0.9999987329891964, 0.0006400204260520459, 0.03000351599900162], [0.0, 0.0, 0.0, 1.0]]}, "Hobj2base": {"type": "ndarray", "data": [[0.9999968350554201, 0.0022708954420205896, 0.0010830110960668524, -0.731839138484415], [0.002271390552098496, -0.9999973163524571, -0.0004561500223373203, 0.08680398816978428], [0.0010819723206401824, 0.0004586085198192036, -0.9999993095068227, 0.0011640080557036026], [0.0, 0.0, 0.0, 1.0]]}, "mean_rme": {"type": "float", "data": 0.0011436428525143363}, "max_rme": {"type": "float", "data": 0.003218239512940535}, "simu": {"type": "float", "data": 0.002}}, {"type": "dict", "image_number": {"type": "int", "data": 7}, "Hcamera2end": {"type": "ndarray", "data": [[0.9999957500569866, 0.0016437113246306162, -0.002407920481671413, -0.01618411059539912], [0.0024062753665276223, 0.001002099027219705, 0.9999966028124295, 0.026379609747797714], [0.0016461187154072398, -0.9999981470035936, 0.0009981395462858034, 0.029835662198982933], [0.0, 0.0, 0.0, 1.0]]}, "Hobj2base": {"type": "ndarray", "data": [[0.9999968632383955, 0.002280335022793208, 0.001036139736510325, -0.732077166008249], [0.002280661322533104, -0.9999973500386972, -0.00031384632510127777, 0.0868046911254781], [0.0010354213160132155, 0.0003162084244619742, -0.9999994139572939, 0.001085823535607782], [0.0, 0.0, 0.0, 1.0]]}, "mean_rme": {"type": "float", "data": 0.0010676074497362146}, "max_rme": {"type": "float", "data": 0.0031601908501244502}, "simu": {"type": "float", "data": 0.002}}, {"type": "dict", "image_number": {"type": "int", "data": 8}, "Hcamera2end": {"type": "ndarray", "data": [[0.9999944365699948, 0.002143062516247426, -0.0025561909377208674, -0.01638131656630136], [0.002552823145140763, 0.0015727512962470103, 0.9999955047635711, 0.026458877922028442], [0.002147073135285489, -0.9999964668619641, 0.0015672716867622949, 0.02954003637024757], [0.0, 0.0, 0.0, 1.0]]}, "Hobj2base": {"type": "ndarray", "data": [[0.9999970680162058, 0.0024063778395383567, 0.00027074838002855075, -0.7326432412601929], [0.0024063897369483176, -0.9999971036884303, -4.3625502858531883e-05, 0.08695091891118724], [0.00027064261641356773, 4.4276901072260576e-05, -0.9999999623960643, 0.0009407525442764533], [0.0, 0.0, 0.0, 1.0]]}, "mean_rme": {"type": "float", "data": 0.0014033694104639706}, "max_rme": {"type": "float", "data": 0.003953138930802763}, "simu": {"type": "float", "data": 0.002}}, {"type": "dict", "image_number": {"type": "int", "data": 9}, "Hcamera2end": {"type": "ndarray", "data": [[0.9999951638979411, 0.0015277011516375621, -0.002708931509129743, -0.016121172874901606], [0.0027065455441466673, 0.001561711611908878, 0.9999951178221113, 0.026417797105190904], [0.0015319242629224527, -0.9999976135901686, 0.0015575692665673602, 0.0296318490722832], [0.0, 0.0, 0.0, 1.0]]}, "Hobj2base": {"type": "ndarray", "data": [[0.9999978505907279, 0.001969665060781084, 0.0006474824110161704, -0.7325071843542867], [0.0019697947411369317, -0.9999980400109094, -0.00019970732887516539, 0.08676360516241122], [0.0006470877854096413, 0.00020098230707057933, -0.9999997704417287, 0.0010530591948479568], [0.0, 0.0, 0.0, 1.0]]}, "mean_rme": {"type": "float", "data": 0.001505124468541015}, "max_rme": {"type": "float", "data": 0.004160278405390377}, "simu": {"type": "float", "data": 0.002}}, {"type": "dict", "image_number": {"type": "int", "data": 10}, "Hcamera2end": {"type": "ndarray", "data": [[0.9999946367644597, 0.0015956679497776392, -0.0028601199468659003, -0.016076952108794788], [0.002858791109735741, 0.0008344382100050618, 0.9999955655032999, 0.026317710611202437], [0.0015980474671622438, -0.9999983787770197, 0.0008298720533674864, 0.02934362276518858], [0.0, 0.0, 0.0, 1.0]]}, "Hobj2base": {"type": "ndarray", "data": [[0.9999966646167722, 0.002367091081715565, 0.0010332643135462951, -0.732187883357959], [0.0023674889905236536, -0.9999971237482692, -0.00038404565960170823, 0.08644100572721532], [0.00103235227056221, 0.00038649062054887836, -0.9999993924367103, 0.0008264409387908678], [0.0, 0.0, 0.0, 1.0]]}, "mean_rme": {"type": "float", "data": 0.0015936218692569365}, "max_rme": {"type": "float", "data": 0.0038787676212397593}, "simu": {"type": "float", "data": 0.002}}, {"type": "dict", "image_number": {"type": "int", "data": 11}, "Hcamera2end": {"type": "ndarray", "data": [[0.999994158358604, 0.0015939474982251272, -0.003023669962191961, -0.016074641362058776], [0.0030250178092802683, -0.0008438716219145714, 0.99999506856181, 0.026133881024696392], [0.0015913880484964328, -0.9999983736047067, -0.0008486884118883431, 0.02891683820383225], [0.0, 0.0, 0.0, 1.0]]}, "Hobj2base": {"type": "ndarray", "data": [[0.9999923139287844, 0.003173120282004345, 0.002302909253840389, -0.7312984196811975], [0.0031745512795632834, -0.9999947701378078, -0.0006179977396618708, 0.08599902966962056], [0.002300936228780396, 0.0006253036932057299, -0.9999971573398407, 0.00029362649433590187], [0.0, 0.0, 0.0, 1.0]]}, "mean_rme": {"type": "float", "data": 0.0017517847937357429}, "max_rme": {"type": "float", "data": 0.004310866173534655}, "simu": {"type": "float", "data": 0.002}}, {"type": "dict", "image_number": {"type": "int", "data": 12}, "Hcamera2end": {"type": "ndarray", "data": [[0.9999950521750613, 0.0015471468223446042, -0.0027389709940847553, -0.016206869639815068], [0.0027405521375922772, -0.001020779943740724, 0.9999957236820002, 0.026060483425076976], [0.0015443443195955497, -0.9999982821710326, -0.0010250149296315847, 0.028897287134545604], [0.0, 0.0, 0.0, 1.0]]}, "Hobj2base": {"type": "ndarray", "data": [[0.9999918506529869, 0.0032068441285755815, 0.0024525045054800037, -0.731138364990222], [0.003207735044518875, -0.9999947906127824, -0.0003594206200773689, 0.08623228377906901], [0.0024513391235291967, 0.0003672846756830809, -0.999996928014516, 0.0001208104690427203], [0.0, 0.0, 0.0, 1.0]]}, "mean_rme": {"type": "float", "data": 0.0017740226908828263}, "max_rme": {"type": "float", "data": 0.0040614246289505385}, "simu": {"type": "float", "data": 0.002}}, {"type": "dict", "image_number": {"type": "int", "data": 13}, "Hcamera2end": {"type": "ndarray", "data": [[0.9999931498336975, 0.0014631854845750156, -0.003399907927881831, -0.01622550411862343], [0.0034007679806371768, -0.0005857087307736819, 0.9999940458434863, 0.02622178659794427], [0.0014611854167824448, -0.9999987580159889, -0.00059068067291701, 0.029001722223192652], [0.0, 0.0, 0.0, 1.0]]}, "Hobj2base": {"type": "ndarray", "data": [[0.9999933121246468, 0.0029061592531227872, 0.002220347804787202, -0.7314751840306482], [0.0029084116360217197, -0.9999952586156848, -0.0010118734630182508, 0.08608477542182175], [0.0022173966118374058, 0.0010183243811261152, -0.9999970230794293, 0.00042198708594090795], [0.0, 0.0, 0.0, 1.0]]}, "mean_rme": {"type": "float", "data": 0.0017769606340802381}, "max_rme": {"type": "float", "data": 0.004390401815856038}, "simu": {"type": "float", "data": 0.002}}, {"type": "dict", "image_number": {"type": "int", "data": 14}, "Hcamera2end": {"type": "ndarray", "data": [[0.9999921714995279, 0.0016889591874809295, -0.0035783175546400207, -0.016201645931868902], [0.0035797141136375546, -0.0008245780649873691, 0.9999932528361777, 0.026203999407899588], [0.0016859971896314877, -0.9999982337423792, -0.000830617600818373, 0.029055163327207072], [0.0, 0.0, 0.0, 1.0]]}, "Hobj2base": {"type": "ndarray", "data": [[0.9999924040997867, 0.0031830923034095, 0.0022493701600083903, -0.7313743153233486], [0.0031858860548439182, -0.9999941568365396, -0.0012395252413605043, 0.08594389058357657], [0.002245411493315206, 0.0012466820630754117, -0.999996701950091, 0.0005081750745711346], [0.0, 0.0, 0.0, 1.0]]}, "mean_rme": {"type": "float", "data": 0.0016991336207894574}, "max_rme": {"type": "float", "data": 0.004430318260086719}, "simu": {"type": "float", "data": 0.002}}, {"type": "dict", "image_number": {"type": "int", "data": 15}, "Hcamera2end": {"type": "ndarray", "data": [[0.9999895020179167, 0.0019760454278450355, -0.004134138172115922, -0.01627806035902204], [0.004136257486289324, -0.0010696219763939308, 0.9999908735997717, 0.026240967112727318], [0.0019716054286212474, -0.999997475573461, -0.0010777841802158683, 0.029163194735214094], [0.0, 0.0, 0.0, 1.0]]}, "Hobj2base": {"type": "ndarray", "data": [[0.9999912656372776, 0.0035230959848232307, 0.0022486537833562533, -0.7313243691913075], [0.0035272864247739076, -0.9999920450215962, -0.0018622953587099464, 0.08571069839414394], [0.0022420748500631437, 0.0018702107387108364, -0.9999957376969959, 0.0006804078628351751], [0.0, 0.0, 0.0, 1.0]]}, "mean_rme": {"type": "float", "data": 0.0016754192428534893}, "max_rme": {"type": "float", "data": 0.004489386731633016}, "simu": {"type": "float", "data": 0.002}}, {"type": "dict", "image_number": {"type": "int", "data": 16}, "Hcamera2end": {"type": "ndarray", "data": [[0.9999914347486457, 0.0011804839292899555, -0.003966974544616899, -0.016294680906452988], [0.003967406337436622, -0.0003636594490592504, 0.9999920636878868, 0.026279491110704073], [0.00117903193282372, -0.9999992371044578, -0.00036833979364692127, 0.029112794360203618], [0.0, 0.0, 0.0, 1.0]]}, "Hobj2base": {"type": "ndarray", "data": [[0.9999950013280622, 0.0024773527027127417, 0.0019646990800602816, -0.7317305252736591], [0.002480283678787676, -0.9999958128623634, -0.001490788587920535, 0.08616317730145194], [0.0019609976444573607, 0.0014956541470194581, -0.9999969587488309, 0.0006234267397768785], [0.0, 0.0, 0.0, 1.0]]}, "mean_rme": {"type": "float", "data": 0.0017677689996518345}, "max_rme": {"type": "float", "data": 0.004455859753607572}, "simu": {"type": "float", "data": 0.002}}, {"type": "dict", "image_number": {"type": "int", "data": 17}, "Hcamera2end": {"type": "ndarray", "data": [[0.9999923700989161, 0.0010694609009452658, -0.0037571262067903352, -0.016295418417002], [0.003757395639171392, -0.0002500352810814732, 0.9999929097050482, 0.026303560081035862], [0.0010685139040448645, -0.9999993968676877, -0.0002540517610625237, 0.029172328459297098], [0.0, 0.0, 0.0, 1.0]]}, "Hobj2base": {"type": "ndarray", "data": [[0.9999953133459318, 0.0023722209679842426, 0.0019354208458546855, -0.7317646404944242], [0.002374707426984881, -0.9999963567827752, -0.0012834273693116678, 0.08629273700703587], [0.0019323692213797572, 0.0012880174125885586, -0.9999973034765326, 0.0006484124511400927], [0.0, 0.0, 0.0, 1.0]]}, "mean_rme": {"type": "float", "data": 0.001712623522196334}, "max_rme": {"type": "float", "data": 0.004536685620807057}, "simu": {"type": "float", "data": 0.002}}, {"type": "dict", "image_number": {"type": "int", "data": 18}, "Hcamera2end": {"type": "ndarray", "data": [[0.9999924634267204, 0.0013018291104889966, -0.003657640048746301, -0.01633828702699073], [0.0036581332941849646, -0.00037670721283622477, 0.9999932380533769, 0.026356878422124277], [0.0013004424482017172, -0.9999990816658997, -0.00038146663816718274, 0.029137196874207363], [0.0, 0.0, 0.0, 1.0]]}, "Hobj2base": {"type": "ndarray", "data": [[0.9999947121854222, 0.0026427852701347114, 0.0018950691835361963, -0.7317972271653826], [0.0026449861993096766, -0.9999958294082893, -0.0011598336228663337, 0.0862995081268297], [0.0018919960887620506, 0.0011648399217183854, -0.9999975317463323, 0.0006212216926691957], [0.0, 0.0, 0.0, 1.0]]}, "mean_rme": {"type": "float", "data": 0.0016719320552241513}, "max_rme": {"type": "float", "data": 0.004540802016856582}, "simu": {"type": "float", "data": 0.002}}, {"type": "dict", "image_number": {"type": "int", "data": 19}, "Hcamera2end": {"type": "ndarray", "data": [[0.9999865138842556, 0.000487138050963014, -0.005170565359108309, -0.016358460042896948], [0.005170647943999668, -0.00016842416123696857, 0.9999866179270304, 0.026130621645064855], [0.00048626068391234003, -0.9999998671649016, -0.000170940709210754, 0.029131257601496256], [0.0, 0.0, 0.0, 1.0]]}, "Hobj2base": {"type": "ndarray", "data": [[0.9999960471498972, 0.0018692320105687652, 0.0021003943132842456, -0.7316026215832152], [0.0018747859341483077, -0.9999947435608554, -0.0026453786800598885, 0.08566103492909119], [0.002095438446180513, 0.0026493060129892114, -0.9999942951414116, 0.0007971688444578752], [0.0, 0.0, 0.0, 1.0]]}, "mean_rme": {"type": "float", "data": 0.0018245715687938478}, "max_rme": {"type": "float", "data": 0.004722540087725574}, "simu": {"type": "float", "data": 0.002}}, {"type": "dict", "image_number": {"type": "int", "data": 20}, "Hcamera2end": {"type": "ndarray", "data": [[0.9999908750885662, 0.0004877960403235743, -0.004244030469578708, -0.01629031742019489], [0.004244162535577196, -0.00027002467928838314, 0.9999909570446348, 0.026532802204715895], [0.00048664563623931727, -0.999999844570836, -0.0002720925010164521, 0.02833119646883455], [0.0, 0.0, 0.0, 1.0]]}, "Hobj2base": {"type": "ndarray", "data": [[0.9999957689446872, 0.0019853617483216713, 0.0021261306290841415, -0.7307344222455946], [0.0019890486022145905, -0.9999965195697593, -0.0017333591741347824, 0.08585705319929218], [0.002122681884234374, 0.0017375808173521455, -0.9999962375101827, 0.00036701497190760044], [0.0, 0.0, 0.0, 1.0]]}, "mean_rme": {"type": "float", "data": 0.0017772158354332408}, "max_rme": {"type": "float", "data": 0.004691119086804557}, "simu": {"type": "float", "data": 0.002}}, {"type": "dict", "image_number": {"type": "int", "data": 21}, "Hcamera2end": {"type": "ndarray", "data": [[0.999991235222593, 0.00040956691820024705, -0.004166741284530155, -0.016284940033734784], [0.00416663710585708, 0.0002548880020656341, 0.9999912870457092, 0.026667146127843308], [0.0004106254020235466, -0.9999998836435159, 0.00025317925131029817, 0.030046388377449815], [0.0, 0.0, 0.0, 1.0]]}, "Hobj2base": {"type": "ndarray", "data": [[0.9999971565391196, 0.0016769282128914647, 0.0016955310213529245, -0.7326474112569347], [0.0016797154650153604, -0.9999972382414437, -0.0016437960464429555, 0.08582624835433211], [0.0016927698107390987, 0.0016466393820511818, -0.9999972115506692, 0.00022156745060691345], [0.0, 0.0, 0.0, 1.0]]}, "mean_rme": {"type": "float", "data": 0.0017745468796709553}, "max_rme": {"type": "float", "data": 0.004637155899408968}, "simu": {"type": "float", "data": 0.002}}, {"type": "dict", "image_number": {"type": "int", "data": 22}, "Hcamera2end": {"type": "ndarray", "data": [[0.9999920742820293, 0.0004886348025529104, -0.003951279432551278, -0.0163001667681693], [0.0039514588340167755, -0.0003667295809033355, 0.9999921257102466, 0.027097300732926384], [0.00048718190385055944, -0.9999998133727048, -0.00036865749461534314, 0.02876846020888602], [0.0, 0.0, 0.0, 1.0]]}, "Hobj2base": {"type": "ndarray", "data": [[0.9999953315907166, 0.0020851731355701723, 0.00223357331809806, -0.7310496701664309], [0.002088395835345048, -0.999996780355848, -0.0014414856131090474, 0.08568674616120839], [0.0022305603797110225, 0.0014461434688796831, -0.9999964666284877, -0.00022113209296655128], [0.0, 0.0, 0.0, 1.0]]}, "mean_rme": {"type": "float", "data": 0.0017761161918824233}, "max_rme": {"type": "float", "data": 0.004697788604191927}, "simu": {"type": "float", "data": 0.002}}, {"type": "dict", "image_number": {"type": "int", "data": 23}, "Hcamera2end": {"type": "ndarray", "data": [[0.9999918858535837, 0.00046672635042233675, -0.0040012989774701364, -0.01627085947266632], [0.0040018284385624735, -0.0011390511822717553, 0.9999913439283125, 0.027358083684403706], [0.000462164626074679, -0.999999242364172, -0.0011409096986256806, 0.030459351765522644], [0.0, 0.0, 0.0, 1.0]]}, "Hobj2base": {"type": "ndarray", "data": [[0.9999928854566468, 0.002436999162452267, 0.002879248369256842, -0.7323920766455009], [0.002441290351559468, -0.999995913250306, -0.001487811851342248, 0.08536516887471579], [0.002875610806253844, 0.00149483034750394, -0.9999947481585703, -0.0006507926193937696], [0.0, 0.0, 0.0, 1.0]]}, "mean_rme": {"type": "float", "data": 0.0017938209095164578}, "max_rme": {"type": "float", "data": 0.004566045531671642}, "simu": {"type": "float", "data": 0.002}}, {"type": "dict", "image_number": {"type": "int", "data": 24}, "Hcamera2end": {"type": "ndarray", "data": [[0.9999913722047182, 0.0005541279286447273, -0.004116850539345405, -0.01629429616088892], [0.004117421558244537, -0.0010333164033760056, 0.9999909895078668, 0.02799548244732858], [0.0005498689264868328, -0.9999993125994885, -0.0010355890664128786, 0.030205701911926702], [0.0, 0.0, 0.0, 1.0]]}, "Hobj2base": {"type": "ndarray", "data": [[0.9999931795049642, 0.0024522138658123454, 0.0027618093179299003, -0.7321151049837816], [0.00245671435199756, -0.9999956581651526, -0.0016273307703072734, 0.0849945467644262], [0.002757806763530751, 0.0016341046476946721, -0.9999948620887287, -0.001135329467124753], [0.0, 0.0, 0.0, 1.0]]}, "mean_rme": {"type": "float", "data": 0.001757865346681037}, "max_rme": {"type": "float", "data": 0.004578868507589623}, "simu": {"type": "float", "data": 0.002}}, {"type": "dict", "image_number": {"type": "int", "data": 25}, "Hcamera2end": {"type": "ndarray", "data": [[0.9999915906698726, 0.0006434277922938352, -0.0040502580428936315, -0.016281394146580447], [0.004051041090507079, -0.0012203880866348271, 0.9999910498194476, 0.02864989206842667], [0.0006384791468355773, -0.9999990483263442, -0.0012229843764139936, 0.03074804995383876], [0.0, 0.0, 0.0, 1.0]]}, "Hobj2base": {"type": "ndarray", "data": [[0.9999924335645042, 0.0026165932638472817, 0.002878585317858356, -0.7325126253262875], [0.002621091802139553, -0.999995347973424, -0.0015600991236088975, 0.08463655441290525], [0.0028744897817451864, 0.0015676323555979094, -0.999994639904281, -0.0017584091626025656], [0.0, 0.0, 0.0, 1.0]]}, "mean_rme": {"type": "float", "data": 0.0017576522936230464}, "max_rme": {"type": "float", "data": 0.004535404240205848}, "simu": {"type": "float", "data": 0.002}}, {"type": "dict", "image_number": {"type": "int", "data": 26}, "Hcamera2end": {"type": "ndarray", "data": [[0.9999908030325291, 0.0008531456289489904, -0.004203093253001721, -0.016286500791434132], [0.004204263531895171, -0.0013745954542632166, 0.999990217279895, 0.029160258124956866], [0.0008473597299846738, -0.9999986913140803, -0.001378169661208517, 0.030569129009410966], [0.0, 0.0, 0.0, 1.0]]}, "Hobj2base": {"type": "ndarray", "data": [[0.9999914449818623, 0.0028922781198793372, 0.0029571422631117176, -0.7322079612529989], [0.002897352613721129, -0.9999943351799667, -0.0017131712720964336, 0.08426421738366942], [0.002952170543647095, 0.0017217244997503, -0.9999941601598619, -0.002176327826731089], [0.0, 0.0, 0.0, 1.0]]}, "mean_rme": {"type": "float", "data": 0.0017321298091254294}, "max_rme": {"type": "float", "data": 0.004524078370789525}, "simu": {"type": "float", "data": 0.002}}, {"type": "dict", "image_number": {"type": "int", "data": 27}, "Hcamera2end": {"type": "ndarray", "data": [[0.999992034962697, 0.0007680919699703114, -0.003916637063850325, -0.016257340466730587], [0.003917473641544508, -0.0010907003809568216, 0.9999917318522925, 0.028686157486664726], [0.0007638137417348399, -0.9999991102033067, -0.0010937006735343147, 0.031082142063112047], [0.0, 0.0, 0.0, 1.0]]}, "Hobj2base": {"type": "ndarray", "data": [[0.9999925520559836, 0.0026785436225479306, 0.002778711324154946, -0.7328758433960255], [0.002682615019599804, -0.9999953322956654, -0.001462519585874577, 0.08464760746121641], [0.0027747809314424567, 0.0014699629058438886, -0.9999950698877662, -0.001811857873252566], [0.0, 0.0, 0.0, 1.0]]}, "mean_rme": {"type": "float", "data": 0.0017333092862238928}, "max_rme": {"type": "float", "data": 0.004498390464159369}, "simu": {"type": "float", "data": 0.002}}, {"type": "dict", "image_number": {"type": "int", "data": 28}, "Hcamera2end": {"type": "ndarray", "data": [[0.9999937018651768, 0.0006169616060907237, -0.003495080593707815, -0.016247326727846484], [0.0034954419953817937, -0.0005856734877096592, 0.9999937194161883, 0.028096566744272536], [0.0006149107551705051, -0.9999996381724057, -0.0005878263525664895, 0.03146125240740076], [0.0, 0.0, 0.0, 1.0]]}, "Hobj2base": {"type": "ndarray", "data": [[0.9999943637679773, 0.0022965881918376647, 0.002449104929415368, -0.7335090825049969], [0.002299301121055039, -0.9999967455555148, -0.0011054830313812593, 0.08521004156900792], [0.0024465581196631914, 0.0011111080303321836, -0.9999963898896391, -0.0013486752056203755], [0.0, 0.0, 0.0, 1.0]]}, "mean_rme": {"type": "float", "data": 0.0017432988248937925}, "max_rme": {"type": "float", "data": 0.004528071150880969}, "simu": {"type": "float", "data": 0.002}}, {"type": "dict", "image_number": {"type": "int", "data": 29}, "Hcamera2end": {"type": "ndarray", "data": [[0.9999943311890157, 0.0008991386780979221, -0.0032448635519551367, -0.01625342859468628], [0.003245479310278918, -0.0006842206077002366, 0.9999944993379747, 0.028237660070231218], [0.000896913529728517, -0.9999993616956951, -0.0006871348649597486, 0.031714430931805], [0.0, 0.0, 0.0, 1.0]]}, "Hobj2base": {"type": "ndarray", "data": [[0.9999936471912281, 0.0025806152402752247, 0.002458861965875561, -0.7337042193425102], [0.0025827570346386095, -0.999996287726064, -0.0008682742594592705, 0.08522078148463277], [0.0024566121561196753, 0.0008746193865185091, -0.9999966000430411, -0.001551711524330481], [0.0, 0.0, 0.0, 1.0]]}, "mean_rme": {"type": "float", "data": 0.0017244505990821914}, "max_rme": {"type": "float", "data": 0.004566073414645794}, "simu": {"type": "float", "data": 0.002}}, {"type": "dict", "image_number": {"type": "int", "data": 30}, "Hcamera2end": {"type": "ndarray", "data": [[0.9999939977771363, 0.000707149276378591, -0.0033918062447275085, -0.016302513425869473], [0.0033922815254247927, -0.0006719954428018315, 0.9999940204062109, 0.028487883480079683], [0.0007048657695738468, -0.9999995241808998, -0.0006743902587613704, 0.03207973038648949], [0.0, 0.0, 0.0, 1.0]]}, "Hobj2base": {"type": "ndarray", "data": [[0.9999938718943137, 0.00242422395023019, 0.0025257300050130836, -0.7340343860413711], [0.002426796055725851, -0.9999965394050532, -0.0010157946752076543, 0.08507108277785887], [0.002523258750704436, 0.001021917881924523, -0.9999962944176943, -0.0017921300147497137], [0.0, 0.0, 0.0, 1.0]]}, "mean_rme": {"type": "float", "data": 0.0017178457465324064}, "max_rme": {"type": "float", "data": 0.004610606689051361}, "simu": {"type": "float", "data": 0.002}}]}