{"type": "list", "data": [{"type": "dict", "image_number": {"type": "int", "data": 5}, "Hcamera2end": {"type": "ndarray", "data": [[0.9999970993791346, 0.0019689620246063555, -0.001387235330737094, -0.014346563435536142], [0.0013860350493748769, 0.0006108347455753282, 0.9999988528932199, 0.024441910005115614], [0.0019698071375369715, -0.999997875032472, 0.0006081039233983843, 0.036467763867069014], [0.0, 0.0, 0.0, 1.0]]}, "Hobj2base": {"type": "ndarray", "data": [[0.9999942039967601, 0.0027346048156182004, 0.002028277443674631, -0.7383966206697327], [0.0027360294727619503, -0.9999960120943863, -0.000699955747367853, 0.08753456324442326], [0.0020263552527381556, 0.0007055011172869054, -0.9999976980736323, -0.0009660902534571414], [0.0, 0.0, 0.0, 1.0]]}, "mean_rme": {"type": "float", "data": 0.0014643403757402718}, "max_rme": {"type": "float", "data": 0.0036023879326372854}, "simu": {"type": "float", "data": 0.002}}, {"type": "dict", "image_number": {"type": "int", "data": 6}, "Hcamera2end": {"type": "ndarray", "data": [[0.9999959866854814, 0.002078045199547875, -0.0019257053458986975, -0.014512063710367945], [0.0019232205434452795, 0.0011970768479232508, 0.999997434111589, 0.024176570918892512], [0.002080345084801277, -0.9999971243634499, 0.001193075504459351, 0.036135735721456744], [0.0, 0.0, 0.0, 1.0]]}, "Hobj2base": {"type": "ndarray", "data": [[0.9999956477650022, 0.002604588158766804, 0.0013858468807806553, -0.7389101516172153], [0.0026052196289477244, -0.9999965033300802, -0.0004540465809521941, 0.08742519577593501], [0.0013846594305832775, 0.0004576550403312996, -0.9999989366344972, -0.001125039213928064], [0.0, 0.0, 0.0, 1.0]]}, "mean_rme": {"type": "float", "data": 0.0015906095975104873}, "max_rme": {"type": "float", "data": 0.004179040414846846}, "simu": {"type": "float", "data": 0.002}}, {"type": "dict", "image_number": {"type": "int", "data": 7}, "Hcamera2end": {"type": "ndarray", "data": [[0.9999947176981218, 0.0022175219124670213, -0.002376378004736815, -0.014723834804626553], [0.002371440749665257, 0.0022264536166562987, 0.9999947095725374, 0.023738908005387263], [0.0022228010762313853, -0.9999950627382419, 0.002221183134029636, 0.03613272582327416], [0.0, 0.0, 0.0, 1.0]]}, "Hobj2base": {"type": "ndarray", "data": [[0.9999969197383298, 0.002342754366994536, 0.0008197657154960967, -0.7390984689210783], [0.002343001431405114, -0.999997210001986, -0.00030055371729993154, 0.08728050603706274], [0.0008190593048176575, 0.0003024735037606605, -0.9999996188257452, -0.0013297889507775345], [0.0, 0.0, 0.0, 1.0]]}, "mean_rme": {"type": "float", "data": 0.0018629148871881168}, "max_rme": {"type": "float", "data": 0.006014206139261125}, "simu": {"type": "float", "data": 0.002}}, {"type": "dict", "image_number": {"type": "int", "data": 8}, "Hcamera2end": {"type": "ndarray", "data": [[0.9999944351646964, 0.0021864382349840693, -0.0025197475040930556, -0.014629928780682925], [0.0025149366544991473, 0.0022002802365423957, 0.999994416914667, 0.02378810870033906], [0.002191970178547161, -0.9999951891157904, 0.0021947692386853346, 0.03611970170310651], [0.0, 0.0, 0.0, 1.0]]}, "Hobj2base": {"type": "ndarray", "data": [[0.9999964939143742, 0.0024434584326028285, 0.0010206222842205532, -0.7391243133997122], [0.0024436386028656573, -0.9999969989421147, -0.0001753201155923747, 0.08732564550625176], [0.0010201908338591502, 0.00017781353291770378, -0.9999994637963612, -0.001330086058959637], [0.0, 0.0, 0.0, 1.0]]}, "mean_rme": {"type": "float", "data": 0.0016706340226228693}, "max_rme": {"type": "float", "data": 0.006036729734696489}, "simu": {"type": "float", "data": 0.002}}, {"type": "dict", "image_number": {"type": "int", "data": 9}, "Hcamera2end": {"type": "ndarray", "data": [[0.9999934993813496, 0.0025006253496767227, -0.0025977043525486757, -0.014688082828507861], [0.0025917142118470704, 0.002395724443074787, 0.9999937717415227, 0.023793588263592513], [0.0025068331589489725, -0.9999940036706486, 0.0023892279631264612, 0.03612262641326956], [0.0, 0.0, 0.0, 1.0]]}, "Hobj2base": {"type": "ndarray", "data": [[0.9999958156500031, 0.002633967378398843, 0.0011962016278742563, -0.7391267990170509], [0.0026339029442772025, -0.9999965297349462, 5.543775140149976e-05, 0.08747608339685486], [0.0011963434979662734, -5.228684044093767e-05, -0.9999992830139033, -0.0014832833650740285], [0.0, 0.0, 0.0, 1.0]]}, "mean_rme": {"type": "float", "data": 0.0016873276327524218}, "max_rme": {"type": "float", "data": 0.005693366967266245}, "simu": {"type": "float", "data": 0.002}}, {"type": "dict", "image_number": {"type": "int", "data": 10}, "Hcamera2end": {"type": "ndarray", "data": [[0.9999934575781361, 0.0023606550153668637, -0.002740822654442594, -0.01476591374568675], [0.0027370256579426185, 0.0016101819179726862, 0.9999949579896581, 0.02361972043198987], [0.0023650563359984152, -0.9999959173027102, 0.0016037102101367218, 0.036218497161368365], [0.0, 0.0, 0.0, 1.0]]}, "Hobj2base": {"type": "ndarray", "data": [[0.9999947014726231, 0.0028569787223493162, 0.001560352286908474, -0.7386284404839365], [0.002856957441693152, -0.9999959187628771, 1.5867132038181816e-05, 0.0873055580630173], [0.0015603912507994137, -1.1409187888002225e-05, -0.9999987825237464, -0.0015777023172697025], [0.0, 0.0, 0.0, 1.0]]}, "mean_rme": {"type": "float", "data": 0.0016994691999389368}, "max_rme": {"type": "float", "data": 0.005571396076637203}, "simu": {"type": "float", "data": 0.002}}, {"type": "dict", "image_number": {"type": "int", "data": 11}, "Hcamera2end": {"type": "ndarray", "data": [[0.9999933065220086, 0.002414775073607442, -0.0027487765504202333, -0.014677204014899645], [0.0027450313135681764, 0.0015529147957281664, 0.9999950266169951, 0.023606107036540192], [0.0024190316797814285, -0.9999958786499977, 0.0015462757681349304, 0.03640521633539438], [0.0, 0.0, 0.0, 1.0]]}, "Hobj2base": {"type": "ndarray", "data": [[0.9999952501740613, 0.00284511611281427, 0.0011853031769130794, -0.7385927181242423], [0.002845177179268847, -0.9999959512333656, -4.9836675163758115e-05, 0.08723911133943586], [0.001185156586769608, 5.320883599769369e-05, -0.9999992962860944, -0.0013388494948141044], [0.0, 0.0, 0.0, 1.0]]}, "mean_rme": {"type": "float", "data": 0.0017084320426594278}, "max_rme": {"type": "float", "data": 0.005864466971455928}, "simu": {"type": "float", "data": 0.002}}, {"type": "dict", "image_number": {"type": "int", "data": 12}, "Hcamera2end": {"type": "ndarray", "data": [[0.9999934038883896, 0.0025028442950065888, -0.002632099950026241, -0.01474871856913677], [0.002629248259797464, 0.0011419883108272355, 0.9999958914497031, 0.023525599259985167], [0.0025058398393207767, -0.9999962158094065, 0.0011354001791377133, 0.03652203270044141], [0.0, 0.0, 0.0, 1.0]]}, "Hobj2base": {"type": "ndarray", "data": [[0.9999942726979836, 0.0031040276641737174, 0.0013489193789231208, -0.7382981679568866], [0.003103961626181633, -0.9999951813966057, 5.104696440922953e-05, 0.08725258742305374], [0.0013490713302053213, -4.685967805885721e-05, -0.9999990889049433, -0.0013974648592881926], [0.0, 0.0, 0.0, 1.0]]}, "mean_rme": {"type": "float", "data": 0.0016855427890017842}, "max_rme": {"type": "float", "data": 0.005803555988820097}, "simu": {"type": "float", "data": 0.002}}, {"type": "dict", "image_number": {"type": "int", "data": 13}, "Hcamera2end": {"type": "ndarray", "data": [[0.999992411818894, 0.0024653264497299593, -0.0030163670413107637, -0.01462317158080626], [0.0030133905254551225, 0.0012101756747235903, 0.9999947274622889, 0.023533480433941805], [0.002468963785222715, -0.9999962288130553, 0.0012027375003256235, 0.036504173134589785], [0.0, 0.0, 0.0, 1.0]]}, "Hobj2base": {"type": "ndarray", "data": [[0.9999947787175089, 0.00300275374154801, 0.0011941556381833353, -0.7384251915256864], [0.0030030576878151546, -0.9999954588538278, -0.00025281662509053446, 0.08706819880348295], [0.001193391069281114, 0.0002564014233332107, -0.9999992550377554, -0.0012076474621373495], [0.0, 0.0, 0.0, 1.0]]}, "mean_rme": {"type": "float", "data": 0.0016951079856513194}, "max_rme": {"type": "float", "data": 0.005984222541712159}, "simu": {"type": "float", "data": 0.002}}, {"type": "dict", "image_number": {"type": "int", "data": 14}, "Hcamera2end": {"type": "ndarray", "data": [[0.9999926750018242, 0.002133962107795843, -0.0031774436924178135, -0.014672464876772096], [0.0031742563733014014, 0.0014953452946351309, 0.9999938440005152, 0.02359391093215978], [0.002138700346600632, -0.9999966050683236, 0.0014885605984125139, 0.03647452686446019], [0.0, 0.0, 0.0, 1.0]]}, "Hobj2base": {"type": "ndarray", "data": [[0.9999962540919222, 0.0025443175284680618, 0.0010090839599172137, -0.7386688592734546], [0.002544797596848767, -0.9999966493039405, -0.00047474844173261966, 0.08717401568161455], [0.0010078726680016524, 0.00047731457780481284, -0.9999993781815462, -0.0011347960405717577], [0.0, 0.0, 0.0, 1.0]]}, "mean_rme": {"type": "float", "data": 0.0016938875372842475}, "max_rme": {"type": "float", "data": 0.006054024603922015}, "simu": {"type": "float", "data": 0.002}}, {"type": "dict", "image_number": {"type": "int", "data": 15}, "Hcamera2end": {"type": "ndarray", "data": [[0.999988899274867, 0.002224486073634762, -0.004153671718859174, -0.014649293021422632], [0.004150575322335699, 0.0013947726104577285, 0.9999904136209798, 0.02366019970003313], [0.0022302581764144323, -0.999996553129596, 0.001385524230468227, 0.036534725557006376], [0.0, 0.0, 0.0, 1.0]]}, "Hobj2base": {"type": "ndarray", "data": [[0.9999960984542968, 0.0026548856047241064, 0.0008687108898980204, -0.7387282521866471], [0.0026560296324441676, -0.9999956036109898, -0.0013184328897876923, 0.08684149417345718], [0.0008652067822071183, 0.001320735067727112, -0.9999987535372761, -0.0008674019902432513], [0.0, 0.0, 0.0, 1.0]]}, "mean_rme": {"type": "float", "data": 0.0016636872791506334}, "max_rme": {"type": "float", "data": 0.006241175040703817}, "simu": {"type": "float", "data": 0.002}}, {"type": "dict", "image_number": {"type": "int", "data": 16}, "Hcamera2end": {"type": "ndarray", "data": [[0.9999889373094502, 0.002283914181654122, -0.00411205480597696, -0.014680147337948021], [0.004108848531907829, 0.0014067729733094891, 0.999990569132301, 0.023691494225001792], [0.0022896773699274545, -0.9999964023564347, 0.0013973731531831124, 0.03650964602188804], [0.0, 0.0, 0.0, 1.0]]}, "Hobj2base": {"type": "ndarray", "data": [[0.9999959762806906, 0.002713039294489962, 0.0008287582368217779, -0.7387603576047997], [0.0027140499085589217, -0.9999955718405082, -0.0012207507807331399, 0.08690159182687562], [0.0008254426221112169, 0.0012229951599915152, -0.9999989114630656, -0.000876053406946558], [0.0, 0.0, 0.0, 1.0]]}, "mean_rme": {"type": "float", "data": 0.0015992955456085461}, "max_rme": {"type": "float", "data": 0.006229229294387184}, "simu": {"type": "float", "data": 0.002}}, {"type": "dict", "image_number": {"type": "int", "data": 17}, "Hcamera2end": {"type": "ndarray", "data": [[0.9999881694311338, 0.0024081907342669738, -0.004226300410228867, -0.014763684799448024], [0.004223111002165119, 0.0013279495916357353, 0.9999902008936615, 0.02371933735133504], [0.0024137794500537794, -0.9999962185764851, 0.0013177638244514789, 0.036464062399437926], [0.0, 0.0, 0.0, 1.0]]}, "Hobj2base": {"type": "ndarray", "data": [[0.9999955562587024, 0.0028742028820805212, 0.0007914673973778852, -0.7387797702590184], [0.00287518149738647, -0.9999951001985117, -0.0012381075581840099, 0.08690083614789507], [0.0007879049470326955, 0.001240377668771048, -0.9999989203339339, -0.0009101103338106228], [0.0, 0.0, 0.0, 1.0]]}, "mean_rme": {"type": "float", "data": 0.0016016343127681742}, "max_rme": {"type": "float", "data": 0.006146294079780845}, "simu": {"type": "float", "data": 0.002}}, {"type": "dict", "image_number": {"type": "int", "data": 18}, "Hcamera2end": {"type": "ndarray", "data": [[0.9999855438924402, 0.002590775934927555, -0.0047116755189104895, -0.014824231338901973], [0.004708746394938538, 0.0011355369282093353, 0.9999882690628288, 0.023696277207166522], [0.0025960958242433, -0.9999959992099665, 0.0011233212059217346, 0.03639553411375339], [0.0, 0.0, 0.0, 1.0]]}, "Hobj2base": {"type": "ndarray", "data": [[0.9999947629310032, 0.0031452479189964916, 0.0007625785826978107, -0.7387545400542322], [0.0031464595487400156, -0.9999937812121913, -0.0015928996365041704, 0.08663842862671427], [0.0007575637761165325, 0.0015952907170420632, -0.9999984405711106, -0.0008975016631816774], [0.0, 0.0, 0.0, 1.0]]}, "mean_rme": {"type": "float", "data": 0.001586952211182286}, "max_rme": {"type": "float", "data": 0.0060380035800748355}, "simu": {"type": "float", "data": 0.002}}, {"type": "dict", "image_number": {"type": "int", "data": 19}, "Hcamera2end": {"type": "ndarray", "data": [[0.9999864564604275, 0.0032197270498113373, -0.004089040650593087, -0.014742709175477847], [0.00408636403300284, 0.0008374583221604226, 0.9999913001084302, 0.023761595848484744], [0.0032231234396576107, -0.999994465995329, 0.0008242900031980582, 0.03629903423052779], [0.0, 0.0, 0.0, 1.0]]}, "Hobj2base": {"type": "ndarray", "data": [[0.9999924213918502, 0.003833402283560961, 0.0006798424794209272, -0.7387468042056593], [0.003833989859853464, -0.9999922760354527, -0.0008650960580447662, 0.08678064654356513], [0.00067652096713731, 0.0008676960109931278, -0.9999993947113237, -0.0009488618272015993], [0.0, 0.0, 0.0, 1.0]]}, "mean_rme": {"type": "float", "data": 0.0015885480106309021}, "max_rme": {"type": "float", "data": 0.006140068728242409}, "simu": {"type": "float", "data": 0.002}}, {"type": "dict", "image_number": {"type": "int", "data": 20}, "Hcamera2end": {"type": "ndarray", "data": [[0.9999881525346029, 0.0029607145640562532, -0.0038638011985464345, -0.014743221624831722], [0.003861543137884989, 0.0007680115437531665, 0.9999922492913945, 0.024788238811688304], [0.002963659060343654, -0.999995322152828, 0.0007565695177548237, 0.036629068867357145], [0.0, 0.0, 0.0, 1.0]]}, "Hobj2base": {"type": "ndarray", "data": [[0.9999929717502792, 0.0036557825365945234, 0.0008316874956674184, -0.7389035746882368], [0.003656285463932788, -0.999993133361273, -0.0006039924749789228, 0.08641545021498295], [0.0008294737196275893, 0.0006070291168699226, -0.9999994717443605, -0.0019197798602019396], [0.0, 0.0, 0.0, 1.0]]}, "mean_rme": {"type": "float", "data": 0.0015967648917081247}, "max_rme": {"type": "float", "data": 0.006134873990829126}, "simu": {"type": "float", "data": 0.002}}, {"type": "dict", "image_number": {"type": "int", "data": 21}, "Hcamera2end": {"type": "ndarray", "data": [[0.999989836570627, 0.002450740367137406, -0.003784260443420149, -0.01464640241802629], [0.0037832163714004966, 0.0004305189343258853, 0.9999927509373927, 0.025755332472089318], [0.002452351797340363, -0.9999969042577581, 0.00042124287769806923, 0.035902101433857206], [0.0, 0.0, 0.0, 1.0]]}, "Hobj2base": {"type": "ndarray", "data": [[0.9999933099446512, 0.00339105750295, 0.0013714207787867893, -0.7378683312331318], [0.003391714897123307, -0.9999941342047765, -0.0004773113197251327, 0.0860318291701952], [0.0013697941441813389, 0.0004819595947716207, -0.99999894568892, -0.0027848595422072125], [0.0, 0.0, 0.0, 1.0]]}, "mean_rme": {"type": "float", "data": 0.0016575522547321623}, "max_rme": {"type": "float", "data": 0.006304981146457833}, "simu": {"type": "float", "data": 0.002}}, {"type": "dict", "image_number": {"type": "int", "data": 22}, "Hcamera2end": {"type": "ndarray", "data": [[0.999990583018241, 0.0023678942895302563, -0.0036368876078543043, -0.014694717485049778], [0.003635291076834404, 0.0006781960931597775, 0.9999931623310461, 0.02655957109353944], [0.0023703446216198952, -0.9999969665587456, 0.0006695817216179067, 0.036439623520718], [0.0, 0.0, 0.0, 1.0]]}, "Hobj2base": {"type": "ndarray", "data": [[0.9999940497319844, 0.0032293826075694195, 0.0012130905158372089, -0.7383862820920605], [0.0032297341036451313, -0.9999947429502305, -0.00028790540582910044, 0.08577966304930486], [0.0012121543818497823, 0.00029182165252458054, -0.9999992227606371, -0.0035431455428738446], [0.0, 0.0, 0.0, 1.0]]}, "mean_rme": {"type": "float", "data": 0.001704850898287451}, "max_rme": {"type": "float", "data": 0.006186759814881315}, "simu": {"type": "float", "data": 0.002}}, {"type": "dict", "image_number": {"type": "int", "data": 23}, "Hcamera2end": {"type": "ndarray", "data": [[0.9999913490458552, 0.0020906267955196774, -0.0035959856858043923, -0.014716825060627051], [0.003594141940440636, 0.0008849994633521874, 0.999993149436366, 0.026574649747470768], [0.0020937949189499387, -0.9999974230244556, 0.0008774777978148851, 0.03576137271134813], [0.0, 0.0, 0.0, 1.0]]}, "Hobj2base": {"type": "ndarray", "data": [[0.999995358088409, 0.0028457451413414544, 0.0010888233213879868, -0.7378166124051297], [0.0028459753955152175, -0.9999959281579893, -0.00020997973474027289, 0.08594362890628252], [0.0010882213390615277, 0.00021307752441564168, -0.9999993851859537, -0.0035156309112645266], [0.0, 0.0, 0.0, 1.0]]}, "mean_rme": {"type": "float", "data": 0.001696706049003418}, "max_rme": {"type": "float", "data": 0.006206871465617825}, "simu": {"type": "float", "data": 0.002}}, {"type": "dict", "image_number": {"type": "int", "data": 24}, "Hcamera2end": {"type": "ndarray", "data": [[0.9999920083747361, 0.0020731500334730643, -0.0034183673881535226, -0.014636033093509755], [0.0034158161297797233, 0.001232914008505781, 0.9999934060398675, 0.026528140928294603], [0.0020773509162434686, -0.999997090981762, 0.0012258226561951968, 0.03512078571060988], [0.0, 0.0, 0.0, 1.0]]}, "Hobj2base": {"type": "ndarray", "data": [[0.9999964061064376, 0.002603551707615394, 0.0006397598881043024, -0.7374044143953832], [0.0026035469648995257, -0.999996610731859, 8.245986950912308e-06, 0.08608592923907078], [0.0006397791886399029, -6.580312400774474e-06, -0.9999997953196236, -0.003358170028004634], [0.0, 0.0, 0.0, 1.0]]}, "mean_rme": {"type": "float", "data": 0.0017036100562366231}, "max_rme": {"type": "float", "data": 0.006309024429997034}, "simu": {"type": "float", "data": 0.002}}, {"type": "dict", "image_number": {"type": "int", "data": 25}, "Hcamera2end": {"type": "ndarray", "data": [[0.9999918450413117, 0.0021495035713129406, -0.0034189889251543685, -0.014590144438665107], [0.0034161773847211385, 0.0013103089819321845, 0.9999933063888218, 0.026223580900535347], [0.0021539691152695642, -0.9999968313573642, 0.0013029552109278253, 0.035063593891902084], [0.0, 0.0, 0.0, 1.0]]}, "Hobj2base": {"type": "ndarray", "data": [[0.9999964261195189, 0.0026255975899807035, 0.0005039697262931856, -0.7374395802557558], [0.0026256046148509047, -0.9999965530061103, -1.3277964166263966e-05, 0.08618547897653633], [0.0005039331265219036, 1.4601141951507538e-05, -0.9999998729190973, -0.003038366373208394], [0.0, 0.0, 0.0, 1.0]]}, "mean_rme": {"type": "float", "data": 0.0016953499864226658}, "max_rme": {"type": "float", "data": 0.006364138876773562}, "simu": {"type": "float", "data": 0.002}}, {"type": "dict", "image_number": {"type": "int", "data": 26}, "Hcamera2end": {"type": "ndarray", "data": [[0.999990685335165, 0.002411623350428875, -0.003579569209090978, -0.01466683491647781], [0.003576734237055146, 0.001178834202043677, 0.9999929086359167, 0.026659216030772554], [0.002415825967341924, -0.9999963972048795, 0.0011701974857938335, 0.03436246241726858], [0.0, 0.0, 0.0, 1.0]]}, "Hobj2base": {"type": "ndarray", "data": [[0.9999956090061848, 0.0029227060107431106, 0.000489650818927453, -0.736649918851366], [0.002922797874195048, -0.9999957111326494, -0.00018699971365883957, 0.08593112732636482], [0.0004891021736929247, 0.00018843004291691244, -0.9999998626365816, -0.0033642982446600834], [0.0, 0.0, 0.0, 1.0]]}, "mean_rme": {"type": "float", "data": 0.0017312215879635958}, "max_rme": {"type": "float", "data": 0.006358502134419353}, "simu": {"type": "float", "data": 0.002}}, {"type": "dict", "image_number": {"type": "int", "data": 27}, "Hcamera2end": {"type": "ndarray", "data": [[0.999989376219347, 0.0025625486577239127, -0.003831552272645358, -0.014694852270273782], [0.0038291234907177336, 0.0009520348821577818, 0.9999922156911404, 0.026978438209424607], [0.0025661764814700633, -0.9999962634799994, 0.0009422124526866638, 0.033703771198035935], [0.0, 0.0, 0.0, 1.0]]}, "Hobj2base": {"type": "ndarray", "data": [[0.999994958557295, 0.003135626940143398, 0.0005007031916130801, -0.7359150496137061], [0.0031358410027468456, -0.9999949919399769, -0.00042731273179349874, 0.08567805329560232], [0.0004993607907477649, 0.0004288807031193108, -0.999999783350048, -0.003561390206357618], [0.0, 0.0, 0.0, 1.0]]}, "mean_rme": {"type": "float", "data": 0.0017272350056467434}, "max_rme": {"type": "float", "data": 0.006424564636159813}, "simu": {"type": "float", "data": 0.002}}, {"type": "dict", "image_number": {"type": "int", "data": 28}, "Hcamera2end": {"type": "ndarray", "data": [[0.9999886424503116, 0.0022780464319099992, -0.0041863438507763525, -0.014728777275477622], [0.004182825432204067, 0.0015470681057049296, 0.9999900552263908, 0.026326812305090225], [0.0022845003363050126, -0.9999962085351776, 0.0015375218642508237, 0.03302617378876459], [0.0, 0.0, 0.0, 1.0]]}, "Hobj2base": {"type": "ndarray", "data": [[0.9999965063356502, 0.0026406465998520465, 0.00011959108885230704, -0.7355525394203817], [0.0026407474203597346, -0.9999961512191222, -0.0008508818983516605, 0.08597394317527977], [0.0001173437501806531, 0.0008511947355152911, -0.9999996308489154, -0.002840727684234024], [0.0, 0.0, 0.0, 1.0]]}, "mean_rme": {"type": "float", "data": 0.0017564497401532833}, "max_rme": {"type": "float", "data": 0.0064283830592384295}, "simu": {"type": "float", "data": 0.002}}, {"type": "dict", "image_number": {"type": "int", "data": 29}, "Hcamera2end": {"type": "ndarray", "data": [[0.9999888464816785, 0.0020843354226492763, -0.004238214021021235, -0.01479242565759763], [0.004235207867758791, 0.001444565020027433, 0.9999899880729904, 0.026142820588759517], [0.0020904369301573177, -0.9999967843837042, 0.0014357213142639491, 0.03316903016705547], [0.0, 0.0, 0.0, 1.0]]}, "Hobj2base": {"type": "ndarray", "data": [[0.9999967505687026, 0.0025322976073841705, 0.0002938041243224982, -0.7356645222352876], [0.002532548964751404, -0.9999964247239703, -0.0008583326965969862, 0.08612069418986106], [0.00029162952005772297, 0.0008590739808347511, -0.9999995884719748, -0.0027498169575786648], [0.0, 0.0, 0.0, 1.0]]}, "mean_rme": {"type": "float", "data": 0.001783850328380491}, "max_rme": {"type": "float", "data": 0.006359241378756486}, "simu": {"type": "float", "data": 0.002}}, {"type": "dict", "image_number": {"type": "int", "data": 30}, "Hcamera2end": {"type": "ndarray", "data": [[0.9999889918547432, 0.002055960039147346, -0.004217724226599804, -0.014728764112956733], [0.004215016841378057, 0.001319406259082001, 0.9999902463525083, 0.025942565910780445], [0.002061504877781525, -0.9999970160932685, 0.0013107258286760848, 0.033284141637013286], [0.0, 0.0, 0.0, 1.0]]}, "Hobj2base": {"type": "ndarray", "data": [[0.9999966080712033, 0.002570475721326939, 0.0004201198095043196, -0.7357474952410343], [0.002570810637213117, -0.9999963765747468, -0.0007986050612158206, 0.08616437012741021], [0.0004180654923108086, 0.0007996824008794938, -0.9999995928645677, -0.0025801884110881967], [0.0, 0.0, 0.0, 1.0]]}, "mean_rme": {"type": "float", "data": 0.0017816302267414424}, "max_rme": {"type": "float", "data": 0.006412819187028906}, "simu": {"type": "float", "data": 0.002}}]}