{"type": "list", "data": [{"type": "dict", "image_number": {"type": "int", "data": 5}, "Hcamera2end": {"type": "ndarray", "data": [[0.9999935071890566, 0.0027709210309078964, -0.002303817781608028, -0.0160145268932341], [0.002304334277930186, -0.0001832206596019681, 0.9999973282332937, 0.025575251845455508], [0.0027704915206397916, -0.9999961442059817, -0.00018960459829786558, 0.027760655915679697], [0.0, 0.0, 0.0, 1.0]]}, "Hobj2base": {"type": "ndarray", "data": [[0.999996317518177, 0.0026918394522785984, -0.00034489193746774054, -0.7299690545388882], [0.002691460802283501, -0.9999957799421249, -0.0010936803425120353, 0.08778199521795263], [-0.0003478344938979592, 0.0010927480519233356, -0.9999993424562139, -0.0020973054940366387], [0.0, 0.0, 0.0, 1.0]]}, "mean_rme": {"type": "float", "data": 0.0016045690014628818}, "max_rme": {"type": "float", "data": 0.005051147751543056}, "simu": {"type": "float", "data": 0.002}}, {"type": "dict", "image_number": {"type": "int", "data": 6}, "Hcamera2end": {"type": "ndarray", "data": [[0.9999935412077248, 0.0026247161294532563, -0.0024552816690484773, -0.015496924708532714], [0.002458812938452796, -0.0013430118087525145, 0.999996075271406, 0.025973918499899426], [0.002621408355879466, -0.9999956535828151, -0.0013494568204970303, 0.02807599040727263], [0.0, 0.0, 0.0, 1.0]]}, "Hobj2base": {"type": "ndarray", "data": [[0.9999962585058846, 0.002707100060311329, 0.0003931710767682259, -0.7293022741020745], [0.002707587144533854, -0.9999955611337779, -0.0012436577486676158, 0.08805654837226316], [0.00038980262556798887, 0.0012447176404825275, -0.9999991493655926, -0.001692441275589161], [0.0, 0.0, 0.0, 1.0]]}, "mean_rme": {"type": "float", "data": 0.0019270599536643732}, "max_rme": {"type": "float", "data": 0.004867273791483551}, "simu": {"type": "float", "data": 0.002}}, {"type": "dict", "image_number": {"type": "int", "data": 7}, "Hcamera2end": {"type": "ndarray", "data": [[0.9999928163509533, 0.0027538108713734805, -0.002604567559741629, -0.015317156657676516], [0.0026092763156780004, -0.0017076975108392123, 0.9999951377113391, 0.026125970395341522], [0.002749349668011523, -0.9999947501336676, -0.001714870696824189, 0.028097321957884953], [0.0, 0.0, 0.0, 1.0]]}, "Hobj2base": {"type": "ndarray", "data": [[0.9999961150473796, 0.002623421350258465, 0.000942099021783525, -0.7290625476191457], [0.0026244931576187226, -0.9999959082009604, -0.001138251730289521, 0.08826889172741915], [0.0009391090530124425, 0.0011407198406719488, -0.9999989084156198, -0.0015605527970543756], [0.0, 0.0, 0.0, 1.0]]}, "mean_rme": {"type": "float", "data": 0.0018573719823099543}, "max_rme": {"type": "float", "data": 0.004959513395678267}, "simu": {"type": "float", "data": 0.002}}, {"type": "dict", "image_number": {"type": "int", "data": 8}, "Hcamera2end": {"type": "ndarray", "data": [[0.9999930719766431, 0.0027216828414181483, -0.002539378118144901, -0.015326103734748669], [0.0025439324366173174, -0.0016711929154502592, 0.99999536775027, 0.026061690472962248], [0.0027174264431828483, -0.9999948997653691, -0.0016781051146490533, 0.028025690108823744], [0.0, 0.0, 0.0, 1.0]]}, "Hobj2base": {"type": "ndarray", "data": [[0.9999960573458829, 0.002650330833250097, 0.0009279219600276566, -0.7290634593301222], [0.002651417525028259, -0.9999957983820582, -0.0011718375901875885, 0.08826000963176084], [0.0009248123039572652, 0.001174293278583965, -0.9999988828781252, -0.0015774031906513192], [0.0, 0.0, 0.0, 1.0]]}, "mean_rme": {"type": "float", "data": 0.0016632004434806978}, "max_rme": {"type": "float", "data": 0.0049329926631226095}, "simu": {"type": "float", "data": 0.002}}, {"type": "dict", "image_number": {"type": "int", "data": 9}, "Hcamera2end": {"type": "ndarray", "data": [[0.9999935380483868, 0.002694773003843441, -0.0023795083373206864, -0.015050612406048864], [0.0023822895446431436, -0.0010293356400115083, 0.9999966325766633, 0.026276028523329553], [0.0026923146166646316, -0.9999958393246436, -0.0010357487180465696, 0.02809425235276636], [0.0, 0.0, 0.0, 1.0]]}, "Hobj2base": {"type": "ndarray", "data": [[0.9999964117004844, 0.0026765216187680362, 0.00011321740005796017, -0.7293442132438377], [0.002676681638185882, -0.9999953842343701, -0.001437666638100308, 0.08838526138786482], [0.00010936893163551925, 0.001437964526257665, -0.9999989601476884, -0.0012130235509807531], [0.0, 0.0, 0.0, 1.0]]}, "mean_rme": {"type": "float", "data": 0.0017734363440109952}, "max_rme": {"type": "float", "data": 0.004700732681018005}, "simu": {"type": "float", "data": 0.002}}, {"type": "dict", "image_number": {"type": "int", "data": 10}, "Hcamera2end": {"type": "ndarray", "data": [[0.9999945857132636, 0.0024028680664939066, -0.0022482813910355563, -0.015006716096428988], [0.002249689446859329, -0.0005834475263413186, 0.9999972992395412, 0.026093440744818605], [0.0024015498227067254, -0.9999969429023465, -0.0005888500743205238, 0.027908660464439787], [0.0, 0.0, 0.0, 1.0]]}, "Hobj2base": {"type": "ndarray", "data": [[0.9999970668429391, 0.002412517420999661, -0.00021462807795176605, -0.7296765178293586], [0.0024122219657827905, -0.9999961571129017, -0.0013663618175623002, 0.08824133520668852], [-0.00021792362484855215, 0.0013658400792443783, -0.9999990434946284, -0.0012047084753688208], [0.0, 0.0, 0.0, 1.0]]}, "mean_rme": {"type": "float", "data": 0.0018371352031492855}, "max_rme": {"type": "float", "data": 0.004573408819340485}, "simu": {"type": "float", "data": 0.002}}, {"type": "dict", "image_number": {"type": "int", "data": 11}, "Hcamera2end": {"type": "ndarray", "data": [[0.9999967402984044, 0.001585071030914996, -0.00200173484574694, -0.014998953769155422], [0.002001851389485559, -7.194275058131083e-05, 0.9999979937056147, 0.02606329514235559], [0.0015849238404851485, -0.9999987411862412, -7.511559271522472e-05, 0.02766778354365242], [0.0, 0.0, 0.0, 1.0]]}, "Hobj2base": {"type": "ndarray", "data": [[0.9999983285506868, 0.0016842702577902098, -0.0007114278116877236, -0.7300519193141003], [0.0016833043464162536, -0.9999976636936245, -0.0013561319148028995, 0.0883774521167287], [-0.0007137102422241339, 0.0013549320985695665, -0.9999988273876619, -0.0011561964916418012], [0.0, 0.0, 0.0, 1.0]]}, "mean_rme": {"type": "float", "data": 0.001882626377426413}, "max_rme": {"type": "float", "data": 0.005028357655509907}, "simu": {"type": "float", "data": 0.002}}, {"type": "dict", "image_number": {"type": "int", "data": 12}, "Hcamera2end": {"type": "ndarray", "data": [[0.999999281671504, 0.0009753834896479598, -0.0006966229425516693, -0.015036656985727655], [0.0006964045857776964, 0.00022418935036505605, 0.9999997323798582, 0.02592569947355994], [0.000975539404060632, -0.9999994991829662, 0.00022350992778841228, 0.027522208969459824], [0.0, 0.0, 0.0, 1.0]]}, "Hobj2base": {"type": "ndarray", "data": [[0.9999991090227592, 0.001016695083930158, -0.0008650345622544517, -0.7301400109964588], [0.00101615868937761, -0.9999992913255515, -0.0006202982451786284, 0.08879364434015102], [-0.0008656646034030039, 0.0006194186801199627, -0.9999994334724862, -0.0011720882669759292], [0.0, 0.0, 0.0, 1.0]]}, "mean_rme": {"type": "float", "data": 0.0019169641410136456}, "max_rme": {"type": "float", "data": 0.004770432214337761}, "simu": {"type": "float", "data": 0.002}}, {"type": "dict", "image_number": {"type": "int", "data": 13}, "Hcamera2end": {"type": "ndarray", "data": [[0.9999987205877623, 0.0012411304433827227, -0.0010091670135020784, -0.015350910258223441], [0.0010086122478946094, 0.0004475288394887311, 0.9999993912094503, 0.02581490960748213], [0.0012415813191366406, -0.9999991296562014, 0.00044627644754846596, 0.027437840973770028], [0.0, 0.0, 0.0, 1.0]]}, "Hobj2base": {"type": "ndarray", "data": [[0.9999986401590164, 0.0013069671045895228, -0.0010057420671103203, -0.730374496195044], [0.0013058651853377107, -0.9999985472904054, -0.0010955059087101714, 0.08852973582437652], [-0.0010071723962447377, 0.0010941910554454698, -0.9999988941742375, -0.0014158204814832414], [0.0, 0.0, 0.0, 1.0]]}, "mean_rme": {"type": "float", "data": 0.0019618136100615262}, "max_rme": {"type": "float", "data": 0.0051168645993583395}, "simu": {"type": "float", "data": 0.002}}, {"type": "dict", "image_number": {"type": "int", "data": 14}, "Hcamera2end": {"type": "ndarray", "data": [[0.9999988878180283, 0.001491424620787436, -3.912421915875405e-06, -0.015207382066482845], [3.180485999877583e-06, 0.000490764985304315, 0.9999998795697996, 0.025965062440758448], [0.0014914263612545542, -0.9999987674004053, 0.000490759696029186, 0.027404305351078864], [0.0, 0.0, 0.0, 1.0]]}, "Hobj2base": {"type": "ndarray", "data": [[0.9999979394337901, 0.0015856296456622124, -0.0012676382767191816, -0.7306360977638992], [0.0015855388851185896, -0.9999987403970569, -7.259988073598183e-05, 0.08918572075344307], [-0.0012677517965214444, 7.058984135911776e-05, -0.9999991939109032, -0.001068420775975227], [0.0, 0.0, 0.0, 1.0]]}, "mean_rme": {"type": "float", "data": 0.002056674302424488}, "max_rme": {"type": "float", "data": 0.00482974214066656}, "simu": {"type": "float", "data": 0.002}}, {"type": "dict", "image_number": {"type": "int", "data": 15}, "Hcamera2end": {"type": "ndarray", "data": [[0.9999992266491259, 0.001130986385455246, 0.000517272603302199, -0.015015630593899026], [-0.000517752366577722, 0.00042394735648598747, 0.9999997761005377, 0.025989352839480194], [0.0011307668358752502, -0.9999992705689513, 0.0004245325995034799, 0.027473094295731422], [0.0, 0.0, 0.0, 1.0]]}, "Hobj2base": {"type": "ndarray", "data": [[0.9999986422533836, 0.001232520639811975, -0.0010937935187588933, -0.7304498468932257], [0.0012330768194431375, -0.99999911074959, 0.0005079582528502182, 0.08948951618699064], [-0.0010931664770717573, -0.0005093062946048578, -0.9999992727968114, -0.0008908415291459248], [0.0, 0.0, 0.0, 1.0]]}, "mean_rme": {"type": "float", "data": 0.0020758580536819247}, "max_rme": {"type": "float", "data": 0.004694562186938478}, "simu": {"type": "float", "data": 0.002}}, {"type": "dict", "image_number": {"type": "int", "data": 16}, "Hcamera2end": {"type": "ndarray", "data": [[0.9999984979505706, 0.0003046135175567784, 0.0017062553172223888, -0.014821365354402649], [-0.00170633994104623, 0.00027776378304544824, 0.9999985056245265, 0.02608426384552378], [0.00030413912641805575, -0.9999999150289393, 0.0002782831400420793, 0.02758818965841437], [0.0, 0.0, 0.0, 1.0]]}, "Hobj2base": {"type": "ndarray", "data": [[0.9999995571429092, 0.00041339238818188334, -0.0008454707084023884, -0.7301230174806292], [0.00041486915022672304, -0.9999983875070364, 0.001747245522205365, 0.0902930574023114], [-0.0008447470470876558, -0.0017475955081396326, -0.9999981161544087, -0.0006267254026219027], [0.0, 0.0, 0.0, 1.0]]}, "mean_rme": {"type": "float", "data": 0.002098572030045647}, "max_rme": {"type": "float", "data": 0.0048049195163056835}, "simu": {"type": "float", "data": 0.002}}, {"type": "dict", "image_number": {"type": "int", "data": 17}, "Hcamera2end": {"type": "ndarray", "data": [[0.9999987618516964, 0.0010126796982065176, 0.0012044811758162664, -0.014931608937206738], [-0.001205009333665556, 0.0005210965379476296, 0.9999991382050807, 0.02604614051708813], [0.0010120511745135576, -0.9999993514689033, 0.0005223161812412114, 0.027557695539391504], [0.0, 0.0, 0.0, 1.0]]}, "Hobj2base": {"type": "ndarray", "data": [[0.9999989366966954, 0.0011763009916618827, -0.0008619289157129148, -0.7303440093595341], [0.001177405674475019, -0.9999984847669823, 0.001282255675317194, 0.08993852738237032], [-0.0008604192910673232, -0.0012832691518868517, -0.9999988064487513, -0.0007350552867457357], [0.0, 0.0, 0.0, 1.0]]}, "mean_rme": {"type": "float", "data": 0.0020405665735484415}, "max_rme": {"type": "float", "data": 0.004714706979366684}, "simu": {"type": "float", "data": 0.002}}, {"type": "dict", "image_number": {"type": "int", "data": 18}, "Hcamera2end": {"type": "ndarray", "data": [[0.9999973660042404, 0.0005635074414628945, 0.002224959313027303, -0.014880522909397422], [-0.002225234338149679, 0.00048790363235162726, 0.9999974051377263, 0.026115828813726944], [0.0005624204135080328, -0.9999997222046659, 0.0004891562833240215, 0.02762612343973381], [0.0, 0.0, 0.0, 1.0]]}, "Hobj2base": {"type": "ndarray", "data": [[0.9999994281006248, 0.0007529143036351717, -0.0007595514957270312, -0.7302303331485012], [0.000754582539374492, -0.9999972987018002, 0.002198452704635166, 0.09052777160361163], [-0.0007578941974647576, -0.0021990245916378693, -0.9999972949399571, -0.0005652883260187369], [0.0, 0.0, 0.0, 1.0]]}, "mean_rme": {"type": "float", "data": 0.0020217825677837768}, "max_rme": {"type": "float", "data": 0.004764990433799882}, "simu": {"type": "float", "data": 0.002}}, {"type": "dict", "image_number": {"type": "int", "data": 19}, "Hcamera2end": {"type": "ndarray", "data": [[0.9999983193532457, -6.25374463902339e-05, 0.0018323154073056356, -0.014905140837376568], [-0.0018322837737926707, 0.0005021965907201498, 0.9999981952657496, 0.025884475164859377], [-6.34575160774354e-05, -0.9999998719438178, 0.000502081160356771, 0.027119086275576545], [0.0, 0.0, 0.0, 1.0]]}, "Hobj2base": {"type": "ndarray", "data": [[0.9999997893845328, 8.072462107696353e-05, -0.000643983249426526, -0.7296274848721314], [8.196718449911135e-05, -0.9999981347611551, 0.001929703498338779, 0.09057209773577324], [-0.0006438262736602593, -0.0019297558774071953, -0.9999979307628506, -0.0003466543038048924], [0.0, 0.0, 0.0, 1.0]]}, "mean_rme": {"type": "float", "data": 0.0019931813786222196}, "max_rme": {"type": "float", "data": 0.004703311898968998}, "simu": {"type": "float", "data": 0.002}}, {"type": "dict", "image_number": {"type": "int", "data": 20}, "Hcamera2end": {"type": "ndarray", "data": [[0.9999984847150445, -0.00021778268153503188, 0.0017271764005368706, -0.014984022839238331], [-0.0017269224143925412, 0.0011610806798832973, 0.9999978348129708, 0.024632101004455554], [-0.00021978760114420856, -0.9999993022309359, 0.001160702826720983, 0.02862385277652913], [0.0, 0.0, 0.0, 1.0]]}, "Hobj2base": {"type": "ndarray", "data": [[0.9999992952579021, -9.934610184668414e-05, -0.001183052852193018, -0.7314929865620408], [-9.717540376704714e-05, -0.9999983121346485, 0.0018347437955693526, 0.0904864708336453], [-0.0011832331300030766, -0.0018346275389095714, -0.9999976170477376, 0.0008322151915521048], [0.0, 0.0, 0.0, 1.0]]}, "mean_rme": {"type": "float", "data": 0.002000404150813549}, "max_rme": {"type": "float", "data": 0.004648355393709669}, "simu": {"type": "float", "data": 0.002}}, {"type": "dict", "image_number": {"type": "int", "data": 21}, "Hcamera2end": {"type": "ndarray", "data": [[0.9999991407856403, 0.00024172935646596058, 0.0012884078932189355, -0.015012628570460143], [-0.001288730025582368, 0.0013372266166120639, 0.9999982754984614, 0.02470586821331665], [0.00024000604627544807, -0.9999990766955206, 0.0013375369915274993, 0.02819788882793126], [0.0, 0.0, 0.0, 1.0]]}, "Hobj2base": {"type": "ndarray", "data": [[0.999999358551115, 0.0002997533413718368, -0.0010922661273323317, -0.7310703359092009], [0.00030119220409937465, -0.9999990868796693, 0.0013173925319086373, 0.0902303064887764], [-0.0010918702371485866, -0.001317720668911021, -0.9999985357147396, 0.0007193243586791499], [0.0, 0.0, 0.0, 1.0]]}, "mean_rme": {"type": "float", "data": 0.0019708094774564602}, "max_rme": {"type": "float", "data": 0.004756745570429877}, "simu": {"type": "float", "data": 0.002}}, {"type": "dict", "image_number": {"type": "int", "data": 22}, "Hcamera2end": {"type": "ndarray", "data": [[0.9999984974710624, 0.001266703946854347, 0.0011834342941373754, -0.015175508697550799], [-0.0011843572531720435, 0.0007281284791706977, 0.9999990335629401, 0.025344237143427283], [0.001265841030451921, -0.9999989326444445, 0.0007296276151437242, 0.028967006562056485], [0.0, 0.0, 0.0, 1.0]]}, "Hobj2base": {"type": "ndarray", "data": [[0.9999990333480575, 0.001258523602697546, -0.0005911186784885264, -0.7316580766235724], [0.0012591069133386897, -0.9999987197877003, 0.0009874577164245251, 0.09004365245909497], [-0.0005898751828883373, -0.000988201043511294, -0.9999993377527638, -9.510145716039939e-05], [0.0, 0.0, 0.0, 1.0]]}, "mean_rme": {"type": "float", "data": 0.0019786988967753056}, "max_rme": {"type": "float", "data": 0.004963607113197044}, "simu": {"type": "float", "data": 0.002}}, {"type": "dict", "image_number": {"type": "int", "data": 23}, "Hcamera2end": {"type": "ndarray", "data": [[0.9999980216025548, 0.001550867367826129, 0.0012456329249330058, -0.015246449518241258], [-0.0012469165993896124, 0.000827022302653635, 0.9999988806159261, 0.024780595395229407], [0.0015498354656000573, -0.9999984554210664, 0.000828954468739207, 0.029520501772666963], [0.0, 0.0, 0.0, 1.0]]}, "Hobj2base": {"type": "ndarray", "data": [[0.9999986362982092, 0.0015166679504894289, -0.0006535442218536234, -0.732340539823129], [0.0015172986807131777, -0.9999983826328482, 0.0009656792434855646, 0.0900210195559774], [-0.0006520785500736192, -0.0009666695483726571, -0.9999993201715436, 0.00042087608427429765], [0.0, 0.0, 0.0, 1.0]]}, "mean_rme": {"type": "float", "data": 0.0019688051422585384}, "max_rme": {"type": "float", "data": 0.004949447800871254}, "simu": {"type": "float", "data": 0.002}}, {"type": "dict", "image_number": {"type": "int", "data": 24}, "Hcamera2end": {"type": "ndarray", "data": [[0.9999983954904546, 0.0011375454255091164, 0.0013838377511314619, -0.015246007814043063], [-0.0013849944850499733, 0.0010167103125479082, 0.9999985240441189, 0.024074033599640318], [0.0011361367844297879, -0.9999988361445951, 0.0010182841753673122, 0.030252520825372626], [0.0, 0.0, 0.0, 1.0]]}, "Hobj2base": {"type": "ndarray", "data": [[0.9999991676262158, 0.0010723226155488885, -0.0007175451789023055, -0.7331288948184621], [0.0010731175948750222, -0.9999988098789372, 0.0011084490681521739, 0.09009055780061274], [-0.000716355709932711, -0.0011092181558648264, -0.9999991282344098, 0.0010880267562264692], [0.0, 0.0, 0.0, 1.0]]}, "mean_rme": {"type": "float", "data": 0.001947180418452032}, "max_rme": {"type": "float", "data": 0.004874834730474564}, "simu": {"type": "float", "data": 0.002}}, {"type": "dict", "image_number": {"type": "int", "data": 25}, "Hcamera2end": {"type": "ndarray", "data": [[0.9999984363264097, 0.0011594684071554303, 0.0013352818984693968, -0.015300680592979898], [-0.0013365851927192225, 0.001123998250516789, 0.9999984750828151, 0.023325645836354672], [0.0011579657845443045, -0.9999986961296229, 0.001125546221254825, 0.03053995569759967], [0.0, 0.0, 0.0, 1.0]]}, "Hobj2base": {"type": "ndarray", "data": [[0.9999990460222309, 0.0010924639580634733, -0.000845267489302211, -0.7335717793766147], [0.0010933832749968858, -0.9999988104837496, 0.0010879081300823217, 0.0900911386047072], [-0.0008440779834209976, -0.0010888312935778525, -0.9999990509889356, 0.0018232499781335788], [0.0, 0.0, 0.0, 1.0]]}, "mean_rme": {"type": "float", "data": 0.0019539510969108858}, "max_rme": {"type": "float", "data": 0.004899257382950384}, "simu": {"type": "float", "data": 0.002}}, {"type": "dict", "image_number": {"type": "int", "data": 26}, "Hcamera2end": {"type": "ndarray", "data": [[0.9999990835585072, 0.0005300617569287337, 0.0012457594790666797, -0.015244340755118236], [-0.0012463898212885227, 0.0011905225048249868, 0.9999985145831862, 0.023049814041547767], [0.0005285778648706596, -0.9999991508449892, 0.001191182077359243, 0.03056079154576689], [0.0, 0.0, 0.0, 1.0]]}, "Hobj2base": {"type": "ndarray", "data": [[0.9999994887027448, 0.00046570117155256974, -0.0008976172167388444, -0.7335732184968191], [0.0004667314983704776, -0.999999232152601, 0.0011479790578783201, 0.0901533944868557], [-0.0008970819123136273, -0.0011483974171483105, -0.9999989382131438, 0.0021024534922410468], [0.0, 0.0, 0.0, 1.0]]}, "mean_rme": {"type": "float", "data": 0.0019009689366309322}, "max_rme": {"type": "float", "data": 0.004892808246495295}, "simu": {"type": "float", "data": 0.002}}, {"type": "dict", "image_number": {"type": "int", "data": 27}, "Hcamera2end": {"type": "ndarray", "data": [[0.9999990957941807, 0.00040603728347696796, 0.0012820080130044706, -0.015199658228805306], [-0.0012825003555563474, 0.0012146247127284848, 0.9999984399386058, 0.02276676396291167], [0.0004044794914193661, -0.9999991799099296, 0.0012151443574182075, 0.030255930780910115], [0.0, 0.0, 0.0, 1.0]]}, "Hobj2base": {"type": "ndarray", "data": [[0.9999995369492505, 0.00031443317364121927, -0.0009095235367906277, -0.7332941808531525], [0.0003155743674783856, -0.9999991628882605, 0.0012548448498070053, 0.0902053024991014], [-0.0009091282105692455, -0.0012551312910649864, -0.9999987990649484, 0.0024188800672776977], [0.0, 0.0, 0.0, 1.0]]}, "mean_rme": {"type": "float", "data": 0.0018703541502675587}, "max_rme": {"type": "float", "data": 0.004869555805442294}, "simu": {"type": "float", "data": 0.002}}, {"type": "dict", "image_number": {"type": "int", "data": 28}, "Hcamera2end": {"type": "ndarray", "data": [[0.9999994014180594, 0.0002643107013866785, 0.0010617454384257642, -0.015218166059290779], [-0.0010620900856550782, 0.0013072400008413698, 0.999998581543109, 0.02260390971032783], [0.0002629223703655218, -0.9999991106313212, 0.001307519940126567, 0.030511488964677678], [0.0, 0.0, 0.0, 1.0]]}, "Hobj2base": {"type": "ndarray", "data": [[0.9999995999283163, 0.00018205673213938625, -0.0008757845360582978, -0.7335414276047596], [0.00018302179783620556, -0.9999993760600006, 0.0011019903043750152, 0.09012971748073154], [-0.0008755833648676311, -0.0011021501511602053, -0.9999990093089168, 0.002530984327631882], [0.0, 0.0, 0.0, 1.0]]}, "mean_rme": {"type": "float", "data": 0.0018286009959178977}, "max_rme": {"type": "float", "data": 0.004902316923414751}, "simu": {"type": "float", "data": 0.002}}, {"type": "dict", "image_number": {"type": "int", "data": 29}, "Hcamera2end": {"type": "ndarray", "data": [[0.9999996201039079, -0.00024719648137259617, 0.0008358743563264135, -0.015210473198856744], [-0.0008355319216464168, 0.001382147216491214, 0.9999986957768895, 0.022907894947048108], [-0.00024835146038816515, -0.9999990142809999, 0.0013819401508676776, 0.030918771800012717], [0.0, 0.0, 0.0, 1.0]]}, "Hobj2base": {"type": "ndarray", "data": [[0.9999996786145802, -0.00027364300303685447, -0.000753584927722839, -0.7337979462696522], [-0.0002729683178856762, -0.9999995620005044, 0.000895258117432204, 0.09003357619050908], [-0.000753829578772768, -0.0008950521248991934, -0.9999993153110958, 0.0021492724444093073], [0.0, 0.0, 0.0, 1.0]]}, "mean_rme": {"type": "float", "data": 0.0018608721172738163}, "max_rme": {"type": "float", "data": 0.0049603559239202455}, "simu": {"type": "float", "data": 0.002}}, {"type": "dict", "image_number": {"type": "int", "data": 30}, "Hcamera2end": {"type": "ndarray", "data": [[0.9999996354873276, -0.00021065460722465874, 0.000827435706470626, -0.015866127420857003], [-0.0008271317080710771, 0.0014391330260009605, 0.9999986223736866, 0.02273995737575295], [-0.0002118451070734031, -0.9999989422598256, 0.00143895826231355, 0.031090652778176273], [0.0, 0.0, 0.0, 1.0]]}, "Hobj2base": {"type": "ndarray", "data": [[0.9999996332056796, -0.0002512597442951657, -0.0008188144154789148, -0.7339263821600278], [-0.0002505493859361331, -0.9999995923064127, 0.0008675321400176478, 0.0893748108358666], [-0.0008190320575571969, -0.0008673266683627924, -0.9999992884652165, 0.0023703586455646702], [0.0, 0.0, 0.0, 1.0]]}, "mean_rme": {"type": "float", "data": 0.001837573993536526}, "max_rme": {"type": "float", "data": 0.004909866231207205}, "simu": {"type": "float", "data": 0.002}}]}