{"type": "list", "data": [{"type": "dict", "image_number": {"type": "int", "data": 5}, "Hcamera2end": {"type": "ndarray", "data": [[0.9999916657112704, 0.003385717557283023, -0.0022815399670000737, -0.016019091227965437], [0.002283166731828434, -0.00047669131412564347, 0.9999972799538336, 0.026510817438748474], [0.003384620757689861, -0.9999941548239236, -0.00048441749893290975, 0.02990653605049161], [0.0, 0.0, 0.0, 1.0]]}, "Hobj2base": {"type": "ndarray", "data": [[0.9999914439691592, 0.004129226597716816, -0.00024794390615968004, -0.73036104647257], [0.004129394645329955, -0.9999912420482571, 0.0006811216096995046, 0.0869514695486757], [-0.000245129229211864, -0.0006821396402404437, -0.9999997372985514, 0.0006197052522793567], [0.0, 0.0, 0.0, 1.0]]}, "mean_rme": {"type": "float", "data": 0.0010056152592655123}, "max_rme": {"type": "float", "data": 0.002764537669583539}, "simu": {"type": "float", "data": 0.002}}, {"type": "dict", "image_number": {"type": "int", "data": 6}, "Hcamera2end": {"type": "ndarray", "data": [[0.9999914209646907, 0.0033747768006461747, -0.0024018489887021703, -0.01581462067222017], [0.002403190765801877, -0.0003935910137051746, 0.9999970348757325, 0.026476931707520728], [0.0033738214478353564, -0.9999942279671716, -0.0004016978695180473, 0.02973326306430213], [0.0, 0.0, 0.0, 1.0]]}, "Hobj2base": {"type": "ndarray", "data": [[0.9999917902024431, 0.004033795663392074, -0.0003847340107834666, -0.730327890825447], [0.004034019792076009, -0.9999916930313115, 0.00058356892315263, 0.08682062544190701], [-0.0003823768170185822, -0.0005851161567840957, -0.9999997557134965, 0.000562040422830525], [0.0, 0.0, 0.0, 1.0]]}, "mean_rme": {"type": "float", "data": 0.0009606536245355059}, "max_rme": {"type": "float", "data": 0.0024815539146146592}, "simu": {"type": "float", "data": 0.002}}, {"type": "dict", "image_number": {"type": "int", "data": 7}, "Hcamera2end": {"type": "ndarray", "data": [[0.9999920547492006, 0.003289439969403021, -0.002251671192565281, -0.01579606978090795], [0.002253017667801055, -0.0004056844315754038, 0.9999973796623323, 0.02694048857983393], [0.0032885178820117123, -0.9999945074873311, -0.00041309237467901383, 0.029861712921219176], [0.0, 0.0, 0.0, 1.0]]}, "Hobj2base": {"type": "ndarray", "data": [[0.9999920698181503, 0.003981273241481199, 9.881390831212463e-05, -0.7306028532005848], [0.003981198792717967, -0.9999917993267162, 0.0007425196896407856, 0.08648803625035402], [0.00010176927174318645, -0.0007421204035121437, -0.9999997194501218, 0.0005982895102917829], [0.0, 0.0, 0.0, 1.0]]}, "mean_rme": {"type": "float", "data": 0.0010825227332943218}, "max_rme": {"type": "float", "data": 0.0034557112089900754}, "simu": {"type": "float", "data": 0.002}}, {"type": "dict", "image_number": {"type": "int", "data": 8}, "Hcamera2end": {"type": "ndarray", "data": [[0.9999916632102592, 0.0033934185156902553, -0.002271171670479158, -0.01577392122093446], [0.002271688358873735, -0.00014841526125985993, 0.9999974086990977, 0.02706609459338036], [0.003393072645784953, -0.9999942313252048, -0.0001561228132920256, 0.029719500709791225], [0.0, 0.0, 0.0, 1.0]]}, "Hobj2base": {"type": "ndarray", "data": [[0.9999922716835347, 0.003931460602588046, -1.3810655670155422e-05, -0.730799489370108], [0.003931471056515356, -0.9999918994278969, 0.0008629101455214893, 0.0864573333240459], [-1.041804655525212e-05, -0.0008629577728718422, -0.9999996275976042, 0.0004810777343647321], [0.0, 0.0, 0.0, 1.0]]}, "mean_rme": {"type": "float", "data": 0.0010024214472365712}, "max_rme": {"type": "float", "data": 0.003507667670455905}, "simu": {"type": "float", "data": 0.002}}, {"type": "dict", "image_number": {"type": "int", "data": 9}, "Hcamera2end": {"type": "ndarray", "data": [[0.9999923954145138, 0.0033270906649027765, -0.0020345959918860184, -0.01624173670560087], [0.0020316411724816807, 0.0008912477772757832, 0.9999975390527447, 0.027568280873364936], [0.003328895806263559, -0.9999940680549595, 0.0008844815453263877, 0.030059226219801127], [0.0, 0.0, 0.0, 1.0]]}, "Hobj2base": {"type": "ndarray", "data": [[0.9999938513265386, 0.003386156361328415, -0.0009117314370037372, -0.732107341620417], [0.0033871464056331566, -0.999993673305063, 0.0010865491586986463, 0.08659623492451475], [-0.000908046443411447, -0.0010896306457224198, -0.9999989940778504, 0.0009383766520540651], [0.0, 0.0, 0.0, 1.0]]}, "mean_rme": {"type": "float", "data": 0.001368425700536855}, "max_rme": {"type": "float", "data": 0.004258114314172529}, "simu": {"type": "float", "data": 0.002}}, {"type": "dict", "image_number": {"type": "int", "data": 10}, "Hcamera2end": {"type": "ndarray", "data": [[0.9999916905868629, 0.0034570665048286727, -0.002160427830101615, -0.016233709284354234], [0.0021567273140177265, 0.0010737910613709545, 0.9999970977458131, 0.027636281637768784], [0.0034593763196356345, -0.9999934478105031, 0.0010663261890400122, 0.030208358163980556], [0.0, 0.0, 0.0, 1.0]]}, "Hobj2base": {"type": "ndarray", "data": [[0.9999932011112307, 0.003465683999472409, -0.0012596688967761672, -0.7323213387409432], [0.003467001889408322, -0.9999934433444881, 0.001045545758231826, 0.08645581289576636], [-0.0012560371063561318, -0.0010499059241276644, -0.9999986600332711, 0.001182566346379471], [0.0, 0.0, 0.0, 1.0]]}, "mean_rme": {"type": "float", "data": 0.0013283411921803288}, "max_rme": {"type": "float", "data": 0.004299622909274187}, "simu": {"type": "float", "data": 0.002}}, {"type": "dict", "image_number": {"type": "int", "data": 11}, "Hcamera2end": {"type": "ndarray", "data": [[0.9999920269198258, 0.0034105995942910884, -0.002076994748613676, -0.01628132122527251], [0.002072923930997603, 0.0011966797842033472, 0.9999971354678323, 0.027642599867582537], [0.0034130753221464022, -0.9999934678626163, 0.001189600329461471, 0.03014874538498467], [0.0, 0.0, 0.0, 1.0]]}, "Hobj2base": {"type": "ndarray", "data": [[0.9999934625225012, 0.003391666487102533, -0.0012535990983344291, -0.7323711915580803], [0.0033931194415086686, -0.9999935720306417, 0.0011587225089085015, 0.0865748579696351], [-0.0012496610399365218, -0.0011629685452585884, -0.9999985429246621, 0.0010943120386145977], [0.0, 0.0, 0.0, 1.0]]}, "mean_rme": {"type": "float", "data": 0.0012854631383452607}, "max_rme": {"type": "float", "data": 0.0041797013788909265}, "simu": {"type": "float", "data": 0.002}}, {"type": "dict", "image_number": {"type": "int", "data": 12}, "Hcamera2end": {"type": "ndarray", "data": [[0.9999929438214367, 0.0032119315630838234, -0.0019482820563183068, -0.01634434728055322], [0.0019437111548814387, 0.0014256083573724876, 0.9999970948096588, 0.027692375083914207], [0.003214699718993276, -0.9999938255491607, 0.0014193552308174873, 0.030081448979380622], [0.0, 0.0, 0.0, 1.0]]}, "Hobj2base": {"type": "ndarray", "data": [[0.999994300701627, 0.0031023815846588734, -0.001331838115990837, -0.7325696441082764], [0.0031040689364047274, -0.9999943800439139, 0.001266742525857876, 0.086730648220867], [-0.0013279007124343855, -0.0012708694236384262, -0.9999983107838766, 0.0010183151454362706], [0.0, 0.0, 0.0, 1.0]]}, "mean_rme": {"type": "float", "data": 0.001283689872263314}, "max_rme": {"type": "float", "data": 0.004047852867926943}, "simu": {"type": "float", "data": 0.002}}, {"type": "dict", "image_number": {"type": "int", "data": 13}, "Hcamera2end": {"type": "ndarray", "data": [[0.9999937706894855, 0.0030926231628012066, -0.0017012537135115899, -0.016279339958856144], [0.0016962499770108589, 0.0016198622382728178, 0.9999972493873894, 0.02768645123334519], [0.0030953704528411735, -0.9999939058455818, 0.00161460628567911, 0.029978975255117137], [0.0, 0.0, 0.0, 1.0]]}, "Hobj2base": {"type": "ndarray", "data": [[0.9999949099271661, 0.0028903086953321676, -0.0013513827750141446, -0.7326127246252953], [0.00289241778501205, -0.9999945980394473, 0.001561349186374793, 0.08690602289842554], [-0.0013468626937678731, -0.0015652500025665251, -0.9999978679743844, 0.0008656965932326267], [0.0, 0.0, 0.0, 1.0]]}, "mean_rme": {"type": "float", "data": 0.0012325435514799487}, "max_rme": {"type": "float", "data": 0.004070416037840169}, "simu": {"type": "float", "data": 0.002}}, {"type": "dict", "image_number": {"type": "int", "data": 14}, "Hcamera2end": {"type": "ndarray", "data": [[0.9999966340570782, 0.0024464183117255713, -0.0008642406829583795, -0.016201663631851736], [0.0008588281568385213, 0.0022126153217973954, 0.9999971833698507, 0.027693281810927076], [0.002448323653246831, -0.9999945596706423, 0.0022105068213310597, 0.029774865293946955], [0.0, 0.0, 0.0, 1.0]]}, "Hobj2base": {"type": "ndarray", "data": [[0.9999968737636206, 0.0020316220577374987, -0.0014577293301662943, -0.7328872572125551], [0.0020349912257185284, -0.9999952532642566, 0.0023134951192082956, 0.08749004027957107], [-0.001453022262995727, -0.0023164543530720515, -0.999996261375778, 0.0005032252357093092], [0.0, 0.0, 0.0, 1.0]]}, "mean_rme": {"type": "float", "data": 0.0012577095255040872}, "max_rme": {"type": "float", "data": 0.004040322603985014}, "simu": {"type": "float", "data": 0.002}}, {"type": "dict", "image_number": {"type": "int", "data": 15}, "Hcamera2end": {"type": "ndarray", "data": [[0.9999973392627367, 0.0021557121508416857, -0.0008212019056414763, -0.016156606796810895], [0.0008158951181927803, 0.002461459083263118, 0.9999966377615164, 0.02771293111062356], [0.0021577262577131668, -0.9999946470478249, 0.002459693698947163, 0.029727609754633448], [0.0, 0.0, 0.0, 1.0]]}, "Hobj2base": {"type": "ndarray", "data": [[0.9999975107446938, 0.0016691793666549243, -0.0014806568333175494, -0.7330069206159956], [0.0016725472231482752, -0.9999960106171821, 0.002276254710711854, 0.087530533986948], [-0.0014768514490142472, -0.0022787255130077375, -0.9999963131531211, 0.0004851840582894007], [0.0, 0.0, 0.0, 1.0]]}, "mean_rme": {"type": "float", "data": 0.0012249761517506836}, "max_rme": {"type": "float", "data": 0.004110265399818791}, "simu": {"type": "float", "data": 0.002}}, {"type": "dict", "image_number": {"type": "int", "data": 16}, "Hcamera2end": {"type": "ndarray", "data": [[0.9999967209355066, 0.0021732973324872363, -0.0013545836774201277, -0.01625171209616289], [0.0013490235370087176, 0.0025578185432677536, 0.999995818841157, 0.0277374563568788], [0.002176753024834389, -0.9999943671556376, 0.0025548783267613784, 0.029792051764676884], [0.0, 0.0, 0.0, 1.0]]}, "Hobj2base": {"type": "ndarray", "data": [[0.9999976078825487, 0.0016023511240044542, -0.0014888586420130129, -0.7330883917967859], [0.0016050183764480246, -0.9999971063036657, 0.0017920101300341314, 0.08734711711047483], [-0.001485982904262131, -0.0017943954888157909, -0.9999972859961359, 0.0006831580716365922], [0.0, 0.0, 0.0, 1.0]]}, "mean_rme": {"type": "float", "data": 0.0012229504308568695}, "max_rme": {"type": "float", "data": 0.004000565127132899}, "simu": {"type": "float", "data": 0.002}}, {"type": "dict", "image_number": {"type": "int", "data": 17}, "Hcamera2end": {"type": "ndarray", "data": [[0.9999968382964693, 0.0019935053726496815, -0.0015327535333917771, -0.016269623298523606], [0.0015276078976011543, 0.0025801662314456353, 0.9999955045680602, 0.027664217933195897], [0.001997451169889944, -0.9999946843251455, 0.002577112779173829, 0.029787164164731893], [0.0, 0.0, 0.0, 1.0]]}, "Hobj2base": {"type": "ndarray", "data": [[0.9999978830781614, 0.0014638895895384564, -0.0014459828718020016, -0.7330266683923382], [0.0014661399739721878, -0.9999977139165284, 0.0015564688542905195, 0.08733698524633474], [-0.001443701067612221, -0.0015585855726576387, -0.9999977432665739, 0.0007171144551077121], [0.0, 0.0, 0.0, 1.0]]}, "mean_rme": {"type": "float", "data": 0.001185444318036141}, "max_rme": {"type": "float", "data": 0.003981965431437667}, "simu": {"type": "float", "data": 0.002}}, {"type": "dict", "image_number": {"type": "int", "data": 18}, "Hcamera2end": {"type": "ndarray", "data": [[0.9999985491891102, 0.0014601016596041405, -0.0008773384856020142, -0.016228900213093804], [0.0008730427686762433, 0.0029401084446997183, 0.9999952967682687, 0.027655802441474753], [0.0014626742626980625, -0.9999946119182229, 0.002938829447962865, 0.03002777852818585], [0.0, 0.0, 0.0, 1.0]]}, "Hobj2base": {"type": "ndarray", "data": [[0.9999985599254181, 0.0008217869970399527, -0.001484861347551514, -0.7332036249967966], [0.000825104304383406, -0.999997162307019, 0.002234855878215548, 0.08774956943552409], [-0.0014830205584699145, -0.002236077825345681, -0.999996400296512, 0.0007618789741681965], [0.0, 0.0, 0.0, 1.0]]}, "mean_rme": {"type": "float", "data": 0.0012519640282465908}, "max_rme": {"type": "float", "data": 0.003984047421418696}, "simu": {"type": "float", "data": 0.002}}, {"type": "dict", "image_number": {"type": "int", "data": 19}, "Hcamera2end": {"type": "ndarray", "data": [[0.9999989109499408, 0.0013136782342023446, -0.0006725685313308332, -0.01632289642413822], [0.0006685549160397418, 0.0030533032342291433, 0.9999951151749114, 0.027658090530367687], [0.001315725372785901, -0.9999944757791699, 0.0030524216429874684, 0.030123540271624297], [0.0, 0.0, 0.0, 1.0]]}, "Hobj2base": {"type": "ndarray", "data": [[0.9999986709535745, 0.0006495083393150705, -0.0014954029562905368, -0.7332966719747489], [0.0006531826863026973, -0.999996765987962, 0.002457919037700858, 0.08795029897347308], [-0.0014938016812270263, -0.0024588925423324414, -0.9999958611934365, 0.0007633686772941079], [0.0, 0.0, 0.0, 1.0]]}, "mean_rme": {"type": "float", "data": 0.0012657224892321445}, "max_rme": {"type": "float", "data": 0.0038110356867612494}, "simu": {"type": "float", "data": 0.002}}, {"type": "dict", "image_number": {"type": "int", "data": 20}, "Hcamera2end": {"type": "ndarray", "data": [[0.9999987927655231, 0.0012452521488303004, -0.0009294162588824488, -0.01630660685559992], [0.0009253328350236019, 0.0032757674157812833, 0.999994206536709, 0.028642383509812366], [0.0012482894860042326, -0.9999938593286078, 0.00327461118846073, 0.03151208340347599], [0.0, 0.0, 0.0, 1.0]]}, "Hobj2base": {"type": "ndarray", "data": [[0.9999985412476652, 0.0004671636387916917, -0.0016429426880665155, -0.7346434235629203], [0.00047077611094972836, -0.9999974711994573, 0.0021990826595422843, 0.08738798142456855], [-0.0016419112019349193, -0.0021998529097945214, -0.9999962323802924, -0.00011194419453008364], [0.0, 0.0, 0.0, 1.0]]}, "mean_rme": {"type": "float", "data": 0.0012865302752620169}, "max_rme": {"type": "float", "data": 0.0038258924978066544}, "simu": {"type": "float", "data": 0.002}}, {"type": "dict", "image_number": {"type": "int", "data": 21}, "Hcamera2end": {"type": "ndarray", "data": [[0.9999991182612196, 0.0010166628874555142, -0.0008543262589026405, -0.016247735229480226], [0.0008510713944780633, 0.003197655513281994, 0.999994525323364, 0.028963384314024117], [0.0010193891626268793, -0.9999943706820513, 0.0031967874410838704, 0.03134354947598076], [0.0, 0.0, 0.0, 1.0]]}, "Hobj2base": {"type": "ndarray", "data": [[0.9999989032569387, 0.0003212980282147824, -0.0014457705547023137, -0.7343844152057841], [0.0003245971851765073, -0.9999973429115037, 0.0022822810082672213, 0.08726011754603945], [-0.0014450334207742157, -0.002282747798243829, -0.9999963504637921, -0.00041370379411297716], [0.0, 0.0, 0.0, 1.0]]}, "mean_rme": {"type": "float", "data": 0.0012904612202779646}, "max_rme": {"type": "float", "data": 0.0039037875736031846}, "simu": {"type": "float", "data": 0.002}}, {"type": "dict", "image_number": {"type": "int", "data": 22}, "Hcamera2end": {"type": "ndarray", "data": [[0.9999989843950108, 0.0010118224128173438, -0.0010037053113369652, -0.01620502922577572], [0.0009999587802770667, 0.003696486080961736, 0.9999926680096664, 0.028833285474171442], [0.001015525176857938, -0.9999926560760625, 0.0036954705460862103, 0.03229408385461882], [0.0, 0.0, 0.0, 1.0]]}, "Hobj2base": {"type": "ndarray", "data": [[0.9999982634554393, 6.210528320764668e-05, -0.0018625866529049441, -0.7355687382826723], [6.608675873632384e-05, -0.9999977131036635, 0.0021376201682808908, 0.08729954771811642], [-0.0018624496358564094, -0.0021377395485229706, -0.999995980667411, -0.0002449401697659529], [0.0, 0.0, 0.0, 1.0]]}, "mean_rme": {"type": "float", "data": 0.001283288929302136}, "max_rme": {"type": "float", "data": 0.003944966411079609}, "simu": {"type": "float", "data": 0.002}}, {"type": "dict", "image_number": {"type": "int", "data": 23}, "Hcamera2end": {"type": "ndarray", "data": [[0.9999987549299837, 0.0011760533536420978, -0.0010521582541711404, -0.016209340743437845], [0.0010474523064645665, 0.0039949536074675995, 0.9999914715583028, 0.029645655210713443], [0.0011802466471527665, -0.9999913285844951, 0.003993716773672773, 0.032557193221092344], [0.0, 0.0, 0.0, 1.0]]}, "Hobj2base": {"type": "ndarray", "data": [[0.9999976182184799, 5.816707664872368e-05, -0.0021817822894257956, -0.7358529302484077], [6.265729555321609e-05, -0.9999978802725928, 0.002058038965946552, 0.08686932779838759], [-0.0021816579545318013, -0.0020581707687251163, -0.9999955021407132, -0.0008749068252839392], [0.0, 0.0, 0.0, 1.0]]}, "mean_rme": {"type": "float", "data": 0.001302490604455636}, "max_rme": {"type": "float", "data": 0.003951591422034856}, "simu": {"type": "float", "data": 0.002}}, {"type": "dict", "image_number": {"type": "int", "data": 24}, "Hcamera2end": {"type": "ndarray", "data": [[0.9999986108510857, 0.0011800295349949275, -0.0011772111940611648, -0.016256741353384577], [0.0011727834027121335, 0.0037459667765965543, 0.9999922961263247, 0.028686870617434596], [0.0011844302382184473, -0.999992287601862, 0.003744577653837511, 0.03322843328273043], [0.0, 0.0, 0.0, 1.0]]}, "Hobj2base": {"type": "ndarray", "data": [[0.9999980624548539, 0.00018406852018037836, -0.001959899313241288, -0.7365291441274167], [0.0001878453231797669, -0.9999981256337092, 0.0019270296320364213, 0.08730024082341914], [-0.0019595409341793693, -0.0019273940562494069, -0.9999962226686054, -0.0001648555246225175], [0.0, 0.0, 0.0, 1.0]]}, "mean_rme": {"type": "float", "data": 0.0013651072996827887}, "max_rme": {"type": "float", "data": 0.004148113240156515}, "simu": {"type": "float", "data": 0.002}}, {"type": "dict", "image_number": {"type": "int", "data": 25}, "Hcamera2end": {"type": "ndarray", "data": [[0.9999984432306591, 0.001256253863580783, -0.0012390974491613173, -0.016248129762940725], [0.0012342942813200809, 0.003816998362739299, 0.9999919534881896, 0.02815251504806858], [0.001260973388053956, -0.9999919261422707, 0.0038154418335936136, 0.03319110312015712], [0.0, 0.0, 0.0, 1.0]]}, "Hobj2base": {"type": "ndarray", "data": [[0.9999978371092554, 0.0001968924240292442, -0.0020705096436496842, -0.7366073223218632], [0.00020078136048529244, -0.9999982160040455, 0.0018782107367222853, 0.0875174631924697], [-0.0020701361444040657, -0.0018786223941008164, -0.9999960926494882, 0.0003465400495925941], [0.0, 0.0, 0.0, 1.0]]}, "mean_rme": {"type": "float", "data": 0.001366618150481135}, "max_rme": {"type": "float", "data": 0.003936221554899755}, "simu": {"type": "float", "data": 0.002}}, {"type": "dict", "image_number": {"type": "int", "data": 26}, "Hcamera2end": {"type": "ndarray", "data": [[0.9999984401839072, 0.0012174502461697891, -0.0012796267623215174, -0.016255977046468088], [0.0012748875784444236, 0.003885557463496947, 0.999991638517473, 0.027828027758547653], [0.001222412129797657, -0.9999917100946867, 0.0038839992905457255, 0.03307446120134859], [0.0, 0.0, 0.0, 1.0]]}, "Hobj2base": {"type": "ndarray", "data": [[0.9999977343197175, 0.00011532733696385789, -0.0021255716965243436, -0.7365729905140177], [0.00011923781056983357, -0.9999983006545086, 0.0018396930287525094, 0.08768457192488519], [-0.002125355917545827, -0.0018399423091115912, -0.9999960487294555, 0.0006564559321167537], [0.0, 0.0, 0.0, 1.0]]}, "mean_rme": {"type": "float", "data": 0.001351613691482512}, "max_rme": {"type": "float", "data": 0.004069206670813119}, "simu": {"type": "float", "data": 0.002}}, {"type": "dict", "image_number": {"type": "int", "data": 27}, "Hcamera2end": {"type": "ndarray", "data": [[0.999998251036059, 0.0012545650778616087, -0.0013870801305176372, -0.016280037766486545], [0.0013824160255209014, 0.0037109644664342634, 0.9999921588035888, 0.028292097582509772], [0.0012597026456468703, -0.9999923273751629, 0.003709223645222526, 0.03308955243440773], [0.0, 0.0, 0.0, 1.0]]}, "Hobj2base": {"type": "ndarray", "data": [[0.999998037874644, 0.00022685057164467543, -0.0019679394503138966, -0.7364387666203738], [0.00023030611771284568, -0.9999984319349724, 0.0017558720592718484, 0.08740732776216839], [-0.001967538043876487, -0.001756321842525455, -0.9999965220577676, 0.00022853986859009166], [0.0, 0.0, 0.0, 1.0]]}, "mean_rme": {"type": "float", "data": 0.001362904944714763}, "max_rme": {"type": "float", "data": 0.003968827850764162}, "simu": {"type": "float", "data": 0.002}}, {"type": "dict", "image_number": {"type": "int", "data": 28}, "Hcamera2end": {"type": "ndarray", "data": [[0.9999982149547257, 0.0013485465855088137, -0.0013234460581961179, -0.016264018070461066], [0.0013186561298351683, 0.0035466390395590963, 0.9999928412231431, 0.028533392225283356], [0.001353230717021476, -0.9999928013609047, 0.003544854439426537, 0.033450379971288365], [0.0, 0.0, 0.0, 1.0]]}, "Hobj2base": {"type": "ndarray", "data": [[0.9999982133388802, 0.0003697359082172516, -0.0018538107793739593, -0.7366907541039788], [0.000373129967869484, -0.9999982543905479, 0.001830844036341556, 0.08728027567044776], [-0.0018531306145617582, -0.0018315324776002435, -0.9999966056920944, -5.243180274807397e-05], [0.0, 0.0, 0.0, 1.0]]}, "mean_rme": {"type": "float", "data": 0.0013579464324450562}, "max_rme": {"type": "float", "data": 0.004048791847570815}, "simu": {"type": "float", "data": 0.002}}, {"type": "dict", "image_number": {"type": "int", "data": 29}, "Hcamera2end": {"type": "ndarray", "data": [[0.9999981710854186, 0.0013351532400747684, -0.0013693763702588336, -0.01634691840987988], [0.0013646931556636724, 0.003502247508059164, 0.9999929359125408, 0.0285907367806611], [0.0013399397034158432, -0.999992975789439, 0.0035004190282591496, 0.03321494949598084], [0.0, 0.0, 0.0, 1.0]]}, "Hobj2base": {"type": "ndarray", "data": [[0.9999983083543643, 0.00036992054611164086, -0.001801789998631286, -0.7364229903547341], [0.0003731608452606809, -0.9999983132999952, 0.001798373750866099, 0.08730696053224798], [-0.0018011217041520537, -0.0017990430661338635, -0.9999967596970765, -0.00012315516332781035], [0.0, 0.0, 0.0, 1.0]]}, "mean_rme": {"type": "float", "data": 0.001389993215955942}, "max_rme": {"type": "float", "data": 0.004412790849361227}, "simu": {"type": "float", "data": 0.002}}, {"type": "dict", "image_number": {"type": "int", "data": 30}, "Hcamera2end": {"type": "ndarray", "data": [[0.9999984320030756, 0.0014197830178586494, -0.0010583985886214071, -0.01629457756765353], [0.0010536745020062192, 0.0033239616099742797, 0.9999939205061495, 0.02874082175970086], [0.0014232924625731521, -0.9999934677263637, 0.0033224604088483156, 0.03375717434234309], [0.0, 0.0, 0.0, 1.0]]}, "Hobj2base": {"type": "ndarray", "data": [[0.9999984805130671, 0.0004855286251275774, -0.00167428597056018, -0.7368677426111326], [0.000489093885247823, -0.9999976126442494, 0.002129669686499493, 0.08732949194703554], [-0.0016732479578490777, -0.00213048533352459, -0.9999963306300255, -0.0003919005585408512], [0.0, 0.0, 0.0, 1.0]]}, "mean_rme": {"type": "float", "data": 0.001390963129192205}, "max_rme": {"type": "float", "data": 0.004539406841270556}, "simu": {"type": "float", "data": 0.002}}]}