{"type": "list", "data": [{"type": "dict", "image_number": {"type": "int", "data": 5}, "Hcamera2end": {"type": "ndarray", "data": [[0.9999891752495309, -0.002496139184157462, -0.003926661805694059, -0.017758062403733836], [0.0039279116468241265, 0.0004960047284693347, 0.9999921627139905, 0.03285516545500449], [-0.002494171978378033, -0.9999967616289978, 0.0005058039735154063, 0.03016650298679026], [0.0, 0.0, 0.0, 1.0]]}, "Hobj2base": {"type": "ndarray", "data": [[0.999996531323059, -0.002503595231830334, 0.0008181398202243734, -0.7330715879548755], [-0.002503135767111474, -0.9999967091501016, -0.0005621390386969875, 0.08845652810584995], [0.0008195444964659366, 0.0005600891737717646, -0.9999995073233465, -0.006962236896931118], [0.0, 0.0, 0.0, 1.0]]}, "mean_rme": {"type": "float", "data": 0.0015754580084954744}, "max_rme": {"type": "float", "data": 0.0031663894924012226}, "simu": {"type": "float", "data": 0.002}}, {"type": "dict", "image_number": {"type": "int", "data": 6}, "Hcamera2end": {"type": "ndarray", "data": [[0.9999894774948584, -0.0025371292035255184, -0.0038220249822101295, -0.017451800281628307], [0.003823877614447601, 0.0007257592773646238, 0.9999924255880447, 0.03271579477147221], [-0.002534336116174589, -0.9999965181183762, 0.0007354533121252116, 0.030078783997613007], [0.0, 0.0, 0.0, 1.0]]}, "Hobj2base": {"type": "ndarray", "data": [[0.9999966392802754, -0.0025145001549883392, 0.0006314405160217761, -0.733107726437208], [-0.0025141506650939874, -0.9999966862449976, -0.0005536654740144503, 0.08864136041593718], [0.0006328306155028284, 0.0005520760767066475, -0.9999996473686468, -0.006986692031650209], [0.0, 0.0, 0.0, 1.0]]}, "mean_rme": {"type": "float", "data": 0.0014174062406232951}, "max_rme": {"type": "float", "data": 0.003152885105293629}, "simu": {"type": "float", "data": 0.002}}, {"type": "dict", "image_number": {"type": "int", "data": 7}, "Hcamera2end": {"type": "ndarray", "data": [[0.9999912475425136, -0.00243757743174034, -0.003400449180847574, -0.017596260769461143], [0.0034029246723898446, 0.0010121269422328494, 0.9999936978315047, 0.03250685246069665], [-0.0024341203834850156, -0.9999965169015925, 0.0010204129760181813, 0.030023330813467333], [0.0, 0.0, 0.0, 1.0]]}, "Hobj2base": {"type": "ndarray", "data": [[0.9999970929917669, -0.0023603214612998237, 0.0004928393399144177, -0.7333040166266134], [-0.0023601579736865614, -0.9999971596963673, -0.00033204447991548055, 0.08896465041887966], [0.0004936216718131011, 0.0003308803359615982, -0.9999998234279082, -0.006659241060771061], [0.0, 0.0, 0.0, 1.0]]}, "mean_rme": {"type": "float", "data": 0.0013649862949799544}, "max_rme": {"type": "float", "data": 0.003043076427272695}, "simu": {"type": "float", "data": 0.002}}, {"type": "dict", "image_number": {"type": "int", "data": 8}, "Hcamera2end": {"type": "ndarray", "data": [[0.9999922305495633, -0.0022092961570150307, -0.0032646364268715837, -0.017815743210125176], [0.0032658017700766713, 0.0005240707581443127, 0.9999945299293588, 0.032272598334315075], [-0.0022075731715216875, -0.999997422176843, 0.0005312818097027439, 0.03032088552289913], [0.0, 0.0, 0.0, 1.0]]}, "Hobj2base": {"type": "ndarray", "data": [[0.9999969503038739, -0.002346523713498571, 0.0007702008917098926, -0.7328383406126651], [-0.0023463792247637324, -0.9999972294919584, -0.00018844877643615958, 0.08898240384823249], [0.0007706409573848156, 0.0001866410183534535, -0.9999996856387732, -0.006330011159170271], [0.0, 0.0, 0.0, 1.0]]}, "mean_rme": {"type": "float", "data": 0.001477674892105924}, "max_rme": {"type": "float", "data": 0.0035431041361264626}, "simu": {"type": "float", "data": 0.002}}, {"type": "dict", "image_number": {"type": "int", "data": 9}, "Hcamera2end": {"type": "ndarray", "data": [[0.99999233739603, -0.001976662188795931, -0.0033790465838659483, -0.017771160184021757], [0.0033798751212820877, 0.00041596967669010887, 0.9999942016898862, 0.03229074201519906], [-0.0019752451465805576, -0.9999979598858288, 0.00042264736063435393, 0.030376885573989182], [0.0, 0.0, 0.0, 1.0]]}, "Hobj2base": {"type": "ndarray", "data": [[0.999997451949574, -0.0021133412534361717, 0.0007936517536059098, -0.7327797404615398], [-0.002113065003645373, -0.9999977066616494, -0.0003487516775193721, 0.08873043003516642], [0.0007943869648012128, 0.00034707375113688516, -0.9999996242445104, -0.006396371342212104], [0.0, 0.0, 0.0, 1.0]]}, "mean_rme": {"type": "float", "data": 0.0014133630263434116}, "max_rme": {"type": "float", "data": 0.0035989375970735538}, "simu": {"type": "float", "data": 0.002}}, {"type": "dict", "image_number": {"type": "int", "data": 10}, "Hcamera2end": {"type": "ndarray", "data": [[0.9999927314914248, -0.002066913276650236, -0.003203877935580815, -0.01757687617203145], [0.003204106960803973, 0.0001075036340446589, 0.9999948610575717, 0.032233377777720174], [-0.002066558226380793, -0.9999978581539439, 0.00011412546387068456, 0.03006552592261499], [0.0, 0.0, 0.0, 1.0]]}, "Hobj2base": {"type": "ndarray", "data": [[0.9999969618003491, -0.0022865980198767447, 0.0009207929009660316, -0.7326563437915252], [-0.002286367542318669, -0.9999973546878516, -0.0002512782552730931, 0.08905876063184912], [0.0009213650375423295, 0.00024917222083761944, -0.9999995444997327, -0.006447187987632191], [0.0, 0.0, 0.0, 1.0]]}, "mean_rme": {"type": "float", "data": 0.0014614942230894157}, "max_rme": {"type": "float", "data": 0.0037839793304507707}, "simu": {"type": "float", "data": 0.002}}, {"type": "dict", "image_number": {"type": "int", "data": 11}, "Hcamera2end": {"type": "ndarray", "data": [[0.9999922374781067, -0.0021562119100988547, -0.003297837735330212, -0.017662395693509938], [0.0032980928037234965, 0.00011474967383784396, 0.9999945546933595, 0.032283354653391466], [-0.002155821743059323, -0.9999976687886383, 0.00012186017007498329, 0.030049128845362417], [0.0, 0.0, 0.0, 1.0]]}, "Hobj2base": {"type": "ndarray", "data": [[0.9999968894843794, -0.0023646651241380568, 0.0007933349964100269, -0.7327967078774443], [-0.0023643144280219063, -0.9999971070128106, -0.0004427000054061924, 0.08892423693666343], [0.0007943795385652853, 0.00044082293500264345, -0.9999995873180592, -0.006447312579329284], [0.0, 0.0, 0.0, 1.0]]}, "mean_rme": {"type": "float", "data": 0.001431347697431786}, "max_rme": {"type": "float", "data": 0.0039392507298026125}, "simu": {"type": "float", "data": 0.002}}, {"type": "dict", "image_number": {"type": "int", "data": 12}, "Hcamera2end": {"type": "ndarray", "data": [[0.9999918460218755, -0.002468539203796946, -0.003195966827243278, -0.017775529230718942], [0.0031962486009552704, 0.00011020932063221522, 0.9999948859113165, 0.032230015734476446], [-0.0024681743541357442, -0.9999969470793925, 0.00011809848696442415, 0.029929053775336962], [0.0, 0.0, 0.0, 1.0]]}, "Hobj2base": {"type": "ndarray", "data": [[0.9999962717529371, -0.002673280380727617, 0.0005568233398629339, -0.7329252337794604], [-0.002673021892772837, -0.9999963196146917, -0.00046444701658384876, 0.08912128679513592], [0.000558062887635816, 0.00046295688403276284, -0.9999997371183333, -0.00628249627973305], [0.0, 0.0, 0.0, 1.0]]}, "mean_rme": {"type": "float", "data": 0.001504353879486062}, "max_rme": {"type": "float", "data": 0.004205064505082068}, "simu": {"type": "float", "data": 0.002}}, {"type": "dict", "image_number": {"type": "int", "data": 13}, "Hcamera2end": {"type": "ndarray", "data": [[0.9999938923618452, -0.0020716339261694513, -0.0028148839909183762, -0.017899107993392283], [0.00281538903569678, 0.00024091470735332354, 0.9999960077643717, 0.0319789076416372], [-0.0020709475087657765, -0.9999978251441248, 0.000246745691375172, 0.02993765407658261], [0.0, 0.0, 0.0, 1.0]]}, "Hobj2base": {"type": "ndarray", "data": [[0.999997205235541, -0.0023033451652960325, 0.0005330311029228328, -0.7329213886412529], [-0.00230323313239946, -0.9999973253578998, -0.00021069927459357182, 0.08946424291743467], [0.0005335149904108708, 0.00020947099084187636, -0.9999998357418161, -0.005917344381305145], [0.0, 0.0, 0.0, 1.0]]}, "mean_rme": {"type": "float", "data": 0.0015717131209700846}, "max_rme": {"type": "float", "data": 0.005548404883574248}, "simu": {"type": "float", "data": 0.002}}, {"type": "dict", "image_number": {"type": "int", "data": 14}, "Hcamera2end": {"type": "ndarray", "data": [[0.999997256769002, -0.0014505099636762252, -0.00183915070505586, -0.017760768581306825], [0.0018399774398080299, 0.0005688330854698442, 0.9999981454542515, 0.031835025472393794], [-0.0014494611038689373, -0.9999987862241466, 0.0005715004306386939, 0.02998780709089204], [0.0, 0.0, 0.0, 1.0]]}, "Hobj2base": {"type": "ndarray", "data": [[0.9999984806384721, -0.0016686741929294317, 0.0005042292981945845, -0.7329745848957316], [-0.0016689730768461556, -0.9999984314886787, 0.0005929157204344022, 0.08994135834958525], [0.0005032391241439506, -0.0005937563647043111, -0.9999996971018359, -0.005618811886448091], [0.0, 0.0, 0.0, 1.0]]}, "mean_rme": {"type": "float", "data": 0.0015965005821310663}, "max_rme": {"type": "float", "data": 0.0053782604581037174}, "simu": {"type": "float", "data": 0.002}}, {"type": "dict", "image_number": {"type": "int", "data": 15}, "Hcamera2end": {"type": "ndarray", "data": [[0.9999996583557629, -0.0008108519636073031, -0.00016064697535750198, -0.017564154570831988], [0.0001614018073161172, 0.0009309325920993095, 0.999999553656883, 0.03167254112238717], [-0.0008107020501839279, -0.9999992379415105, 0.0009310631470239583, 0.030005815408729816], [0.0, 0.0, 0.0, 1.0]]}, "Hobj2base": {"type": "ndarray", "data": [[0.9999994269215308, -0.0009895127897089535, 0.00040868208793345956, -0.733089082679767], [-0.0009903944704597629, -0.9999971706227031, 0.00216283734517081, 0.0908439004532329], [0.00040654077640253156, -0.0021632408621753605, -0.9999975775538508, -0.005097652562405145], [0.0, 0.0, 0.0, 1.0]]}, "mean_rme": {"type": "float", "data": 0.0016504768988660427}, "max_rme": {"type": "float", "data": 0.005100187970917575}, "simu": {"type": "float", "data": 0.002}}, {"type": "dict", "image_number": {"type": "int", "data": 16}, "Hcamera2end": {"type": "ndarray", "data": [[0.9999995093126179, -0.0009863732549070304, 9.188212775420467e-05, -0.017673549988298037], [-9.129567541175888e-05, 0.0005945827431620421, 0.9999998190682142, 0.03175194047562821], [-0.0009864277079683237, -0.9999993367693618, 0.0005944923997952545, 0.030145890732235024], [0.0, 0.0, 0.0, 1.0]]}, "Hobj2base": {"type": "ndarray", "data": [[0.9999989399089643, -0.0013226837618067232, 0.0006088420270622256, -0.7328895719627313], [-0.00132420816097649, -0.9999959726471914, 0.002510211573440739, 0.09085707322568455], [0.0006055193589536887, -0.0025110151459689337, -0.9999966640690567, -0.0050271320197184735], [0.0, 0.0, 0.0, 1.0]]}, "mean_rme": {"type": "float", "data": 0.0016675677119679208}, "max_rme": {"type": "float", "data": 0.005193396752753737}, "simu": {"type": "float", "data": 0.002}}, {"type": "dict", "image_number": {"type": "int", "data": 17}, "Hcamera2end": {"type": "ndarray", "data": [[0.9999997731828718, -0.0006555944340393272, -0.00015437014917661602, -0.017606263447641678], [0.00015499083502989108, 0.0009468075272969223, 0.999999539766568, 0.03189390668765471], [-0.0006554479734936203, -0.9999993368755025, 0.0009469089236735506, 0.03010787545373767], [0.0, 0.0, 0.0, 1.0]]}, "Hobj2base": {"type": "ndarray", "data": [[0.9999995141001616, -0.0008585652062914318, 0.00048442257080200964, -0.7332090644025933], [-0.0008597283677504396, -0.9999967358837432, 0.002406052574822705, 0.09054562115315912], [0.00048235523656517046, -0.0024064678775482452, -0.9999969881183544, -0.0052098986091486735], [0.0, 0.0, 0.0, 1.0]]}, "mean_rme": {"type": "float", "data": 0.0017186041444375237}, "max_rme": {"type": "float", "data": 0.005451184994784725}, "simu": {"type": "float", "data": 0.002}}, {"type": "dict", "image_number": {"type": "int", "data": 18}, "Hcamera2end": {"type": "ndarray", "data": [[0.999999120236191, -0.0013238872336452248, 8.2761323468277e-05, -0.017680967638178124], [-8.245455048256798e-05, 0.0002317742887475438, 0.9999999697409628, 0.03179097286260615], [-0.0013239063755325544, -0.9999990968012281, 0.00023166492431414554, 0.03018652489759144], [0.0, 0.0, 0.0, 1.0]]}, "Hobj2base": {"type": "ndarray", "data": [[0.9999981730213713, -0.0017613508937382337, 0.0007426957309551066, -0.7326769971427765], [-0.0017632127709948206, -0.9999952860344767, 0.0025137600421144875, 0.09077029615301181], [0.0007382646164162147, -0.002515064980126396, -0.9999965647008504, -0.005105351431498256], [0.0, 0.0, 0.0, 1.0]]}, "mean_rme": {"type": "float", "data": 0.0017321699263744932}, "max_rme": {"type": "float", "data": 0.005377749155103612}, "simu": {"type": "float", "data": 0.002}}, {"type": "dict", "image_number": {"type": "int", "data": 19}, "Hcamera2end": {"type": "ndarray", "data": [[0.9999989812464739, -0.0013977937816373304, -0.0002892724640398477, -0.01767813362754618], [0.00028931895408146845, 3.305749562187987e-05, 0.9999999576008713, 0.03225898068583485], [-0.0013977841597488786, -0.9999990225393951, 3.34618701793854e-05, 0.029485816570554872], [0.0, 0.0, 0.0, 1.0]]}, "Hobj2base": {"type": "ndarray", "data": [[0.9999978077864827, -0.0019269933820561397, 0.0008192183679262292, -0.7318416988120614], [-0.0019287469710418759, -0.9999958390392192, 0.0021451898214777092, 0.09075942640878513], [0.0008150811926014875, -0.0021467651837093447, -0.9999973635174726, -0.005630217730365848], [0.0, 0.0, 0.0, 1.0]]}, "mean_rme": {"type": "float", "data": 0.0017132519823703156}, "max_rme": {"type": "float", "data": 0.005507916630629134}, "simu": {"type": "float", "data": 0.002}}, {"type": "dict", "image_number": {"type": "int", "data": 20}, "Hcamera2end": {"type": "ndarray", "data": [[0.9999991465375959, -0.0012106792519349582, -0.0004911006299014886, -0.01765422589611688], [0.00049158777573561, 0.0004021092494016498, 0.9999997983247849, 0.0322666093887509], [-0.001210481531665289, -0.9999991862816192, 0.00040270406133713355, 0.030617385994944103], [0.0, 0.0, 0.0, 1.0]]}, "Hobj2base": {"type": "ndarray", "data": [[0.9999985102795121, -0.0016184589594577575, 0.0006000244603520253, -0.7331465304233119], [-0.0016196109876881013, -0.9999968366128391, 0.001924480335832088, 0.09071891531694344], [0.0005969078698005236, -0.0019254492751031708, -0.9999979681709779, -0.005690351780989098], [0.0, 0.0, 0.0, 1.0]]}, "mean_rme": {"type": "float", "data": 0.00167884967485543}, "max_rme": {"type": "float", "data": 0.0054303322849825475}, "simu": {"type": "float", "data": 0.002}}, {"type": "dict", "image_number": {"type": "int", "data": 21}, "Hcamera2end": {"type": "ndarray", "data": [[0.9999989895754361, -0.0011505371661974107, -0.0008349325337796868, -0.01760373167790675], [0.0008352780579796045, 0.00029986777072954496, 0.9999996061948655, 0.03204043875223309], [-0.0011502863437523533, -0.9999992931715249, 0.0003008284861856225, 0.031232090049422605], [0.0, 0.0, 0.0, 1.0]]}, "Hobj2base": {"type": "ndarray", "data": [[0.9999985434914842, -0.0015924703017874571, 0.0006140466172640255, -0.733789281900763], [-0.0015934407574329779, -0.9999974772254117, 0.0015831896174749666, 0.09049211604502996], [0.0006115238857148963, -0.0015841657584527188, -0.9999985582276543, -0.00562942973869472], [0.0, 0.0, 0.0, 1.0]]}, "mean_rme": {"type": "float", "data": 0.0016538482409723192}, "max_rme": {"type": "float", "data": 0.005449659515017163}, "simu": {"type": "float", "data": 0.002}}, {"type": "dict", "image_number": {"type": "int", "data": 22}, "Hcamera2end": {"type": "ndarray", "data": [[0.9999985115534964, -0.0012136843109175044, -0.0012263201805333098, -0.01758954506667823], [0.0012261069404258338, -0.00017642497945402624, 0.9999992327677043, 0.03299327539207384], [-0.0012138997332523588, -0.9999992479220272, -0.00017493661009759798, 0.031725642896811006], [0.0, 0.0, 0.0, 1.0]]}, "Hobj2base": {"type": "ndarray", "data": [[0.9999979814366444, -0.0018334048418615265, 0.0008220397328823764, -0.7339962943309571], [-0.0018343970596653987, -0.9999975879864156, 0.0012078943569915725, 0.09089707532242243], [0.0008198231907488086, -0.0012093998660492138, -0.9999989326203798, -0.006611035913285559], [0.0, 0.0, 0.0, 1.0]]}, "mean_rme": {"type": "float", "data": 0.0016687875558749033}, "max_rme": {"type": "float", "data": 0.005440584878760396}, "simu": {"type": "float", "data": 0.002}}, {"type": "dict", "image_number": {"type": "int", "data": 23}, "Hcamera2end": {"type": "ndarray", "data": [[0.9999985920602604, -0.0009088062119723304, -0.0014106554384259891, -0.017633058787161267], [0.0014113087506940028, 0.0007186288339458002, 0.9999987458893183, 0.032225428968118724], [-0.0009077913345559368, -0.9999993288217088, 0.0007199104283194258, 0.030407880933020832], [0.0, 0.0, 0.0, 1.0]]}, "Hobj2base": {"type": "ndarray", "data": [[0.9999994032077986, -0.0010886543021140665, 9.17379816043884e-05, -0.7333098607816338], [-0.0010887452840524902, -0.9999989096988688, 0.0009976145446531578, 0.09016435971052628], [9.065182421647507e-05, -0.0009977138285794179, -0.9999994981745555, -0.00585487181009958], [0.0, 0.0, 0.0, 1.0]]}, "mean_rme": {"type": "float", "data": 0.001752558705128881}, "max_rme": {"type": "float", "data": 0.005537444449487922}, "simu": {"type": "float", "data": 0.002}}, {"type": "dict", "image_number": {"type": "int", "data": 24}, "Hcamera2end": {"type": "ndarray", "data": [[0.9999981520758415, -0.0010780273551597103, -0.0015917606364348798, -0.01764358511446586], [0.0015924576542826262, 0.0006460184406701375, 0.9999985233683063, 0.0315073702642394], [-0.001076997456586082, -0.9999992102582859, 0.000647733959790342, 0.02985218470208033], [0.0, 0.0, 0.0, 1.0]]}, "Hobj2base": {"type": "ndarray", "data": [[0.9999992143596366, -0.0012526523835859286, 4.6282994659219553e-05, -0.7328200644714143], [-0.0012526898908354987, -0.9999988796357846, 0.000819448115083084, 0.08971542354830135], [4.525645917082473e-05, -0.0008195054495310962, -0.9999996631812789, -0.0052614131334804875], [0.0, 0.0, 0.0, 1.0]]}, "mean_rme": {"type": "float", "data": 0.0017685031631821946}, "max_rme": {"type": "float", "data": 0.005572005973241506}, "simu": {"type": "float", "data": 0.002}}, {"type": "dict", "image_number": {"type": "int", "data": 25}, "Hcamera2end": {"type": "ndarray", "data": [[0.9999979106571099, -0.0011508660452003397, -0.0016894344500408263, -0.01766087475498615], [0.0016900919836417424, 0.0005706053415075463, 0.9999984089980498, 0.031201313364096876], [-0.0011499002138488975, -0.9999991749581048, 0.0005725492187945713, 0.029744573838262234], [0.0, 0.0, 0.0, 1.0]]}, "Hobj2base": {"type": "ndarray", "data": [[0.9999991078834457, -0.0013348730562692008, 4.843796339311524e-05, -0.7327256524018676], [-0.0013349072974335192, -0.9999988541850702, 0.0007138984894140977, 0.08955190241262806], [4.7484944033743465e-05, -0.0007139625127242435, -0.9999997440013222, -0.005007577621051112], [0.0, 0.0, 0.0, 1.0]]}, "mean_rme": {"type": "float", "data": 0.0017396884856605466}, "max_rme": {"type": "float", "data": 0.005544467929522817}, "simu": {"type": "float", "data": 0.002}}, {"type": "dict", "image_number": {"type": "int", "data": 26}, "Hcamera2end": {"type": "ndarray", "data": [[0.9999981774346943, -0.0010019496351009892, -0.001625184364381016, -0.017624658945315758], [0.0016258423886426376, 0.0006562795162543544, 0.9999984629656804, 0.031330747367831355], [-0.0010008815198615342, -0.9999992826968052, 0.0006579073323300655, 0.03005216922125371], [0.0, 0.0, 0.0, 1.0]]}, "Hobj2base": {"type": "ndarray", "data": [[0.9999992901950252, -0.001190704628396892, 4.280109370928997e-05, -0.7330606882970763], [-0.0011907372368775728, -0.99999899455654, 0.0007700848925002112, 0.08964176615844657], [4.1884107029451695e-05, -0.0007701353107461822, -0.999999702568618, -0.005109262828722406], [0.0, 0.0, 0.0, 1.0]]}, "mean_rme": {"type": "float", "data": 0.0016993605936945484}, "max_rme": {"type": "float", "data": 0.005546088022853973}, "simu": {"type": "float", "data": 0.002}}, {"type": "dict", "image_number": {"type": "int", "data": 27}, "Hcamera2end": {"type": "ndarray", "data": [[0.9999978540346893, -0.0007300993998901699, -0.001938783351073076, -0.017648905321375995], [0.0019392300078751427, 0.0006115651608228356, 0.9999979326853785, 0.03140921521309905], [-0.000728912198193106, -0.9999995464713574, 0.000612979679090242, 0.029597802599930126], [0.0, 0.0, 0.0, 1.0]]}, "Hobj2base": {"type": "ndarray", "data": [[0.9999995526573121, -0.0009268230448412431, 0.00018890267120360652, -0.7326146310484725], [-0.0009269040125911342, -0.9999994784100128, 0.0004289856107513583, 0.08945813544015983], [0.00018850497892391498, -0.00042916051349170997, -0.9999998901435574, -0.005283517746337137], [0.0, 0.0, 0.0, 1.0]]}, "mean_rme": {"type": "float", "data": 0.0016784990060154839}, "max_rme": {"type": "float", "data": 0.005583573786547363}, "simu": {"type": "float", "data": 0.002}}, {"type": "dict", "image_number": {"type": "int", "data": 28}, "Hcamera2end": {"type": "ndarray", "data": [[0.9999985778991718, -0.0004662096798009014, -0.0016207554314044033, -0.017648080315467145], [0.0016210388765071845, 0.0006082437317441736, 0.9999985011351383, 0.031369718271945804], [-0.0004652231666837525, -0.9999997063440053, 0.0006089986107757905, 0.03011920378976764], [0.0, 0.0, 0.0, 1.0]]}, "Hobj2base": {"type": "ndarray", "data": [[0.9999997097328356, -0.0007116052214697439, 0.0002723091134415056, -0.7331665289602595], [-0.0007117966294144544, -0.9999994992469856, 0.0007034567060952103, 0.08962297980610776], [0.0002718083936167608, -0.0007036503306139334, -0.9999997154981646, -0.005169988260529188], [0.0, 0.0, 0.0, 1.0]]}, "mean_rme": {"type": "float", "data": 0.0016713819647308423}, "max_rme": {"type": "float", "data": 0.005486685950466169}, "simu": {"type": "float", "data": 0.002}}, {"type": "dict", "image_number": {"type": "int", "data": 29}, "Hcamera2end": {"type": "ndarray", "data": [[0.9999987711105439, 0.00021297846577590532, -0.001553195922979709, -0.017658635220552374], [0.0015529768642246924, 0.0010248853466418018, 0.9999982689349445, 0.03178544920832686], [0.00021456994483825154, -0.9999994521249496, 0.0010245533365410564, 0.030323604401558117], [0.0, 0.0, 0.0, 1.0]]}, "Hobj2base": {"type": "ndarray", "data": [[0.9999999729330524, 7.642253303395147e-05, 0.0002197578004306638, -0.7335691302340807], [7.62481270617133e-05, -0.9999996822504946, 0.0007935270214681401, 0.08977777929854447], [0.00021981837394774282, -0.0007935102438690959, -0.9999996610106308, -0.005478748066770129], [0.0, 0.0, 0.0, 1.0]]}, "mean_rme": {"type": "float", "data": 0.0016707001393065164}, "max_rme": {"type": "float", "data": 0.005415275920539725}, "simu": {"type": "float", "data": 0.002}}, {"type": "dict", "image_number": {"type": "int", "data": 30}, "Hcamera2end": {"type": "ndarray", "data": [[0.9999982841569297, 0.00031021391651582823, -0.0018263215824389544, -0.017629233424828673], [0.0018259479768195082, 0.0012003919466891944, 0.9999976124837303, 0.03158674665896761], [0.00031240547759468003, -0.999999231412955, 0.0011998234525316676, 0.031083069227962657], [0.0, 0.0, 0.0, 1.0]]}, "Hobj2base": {"type": "ndarray", "data": [[0.9999999473913678, 0.000305032551570608, 0.00011032861855307617, -0.734460809553697], [0.0003049749025157418, -0.9999998171689506, 0.0005221612534685691, 0.08957297729971064], [0.00011048787456105586, -0.0005221275785386919, -0.9999998575876008, -0.005395996038441699], [0.0, 0.0, 0.0, 1.0]]}, "mean_rme": {"type": "float", "data": 0.0016803037244321345}, "max_rme": {"type": "float", "data": 0.005405885908881941}, "simu": {"type": "float", "data": 0.002}}]}