{"type": "list", "data": [{"type": "dict", "image_number": {"type": "int", "data": 5}, "Hcamera2end": {"type": "ndarray", "data": [[0.9999841326742205, 0.005437792432192624, -0.0014713304358585917, -0.01769013722310942], [0.0014671229988172541, 0.0007776479233576605, 0.9999986214059562, 0.017128576654293966], [0.005438929112742385, -0.9999849127247726, 0.0007696576738246419, 0.03194683952776414], [0.0, 0.0, 0.0, 1.0]]}, "Hobj2base": {"type": "ndarray", "data": [[0.9999846001061639, 0.005354618492392244, 0.0014586333728634155, -0.7355435683733985], [0.005355986780442359, -0.999985218755042, -0.0009357761691838568, 0.08656404998109912], [0.0014536010880659752, 0.0009435741793927655, -0.999998498354695, 0.00409122751469253], [0.0, 0.0, 0.0, 1.0]]}, "mean_rme": {"type": "float", "data": 0.0010330980399424832}, "max_rme": {"type": "float", "data": 0.0028881371816666945}, "simu": {"type": "float", "data": 0.002}}, {"type": "dict", "image_number": {"type": "int", "data": 6}, "Hcamera2end": {"type": "ndarray", "data": [[0.9999842831032109, 0.005198500014068291, -0.002099796218956114, -0.016824319985415306], [0.0021030467005278605, -0.0006198855685453086, 0.9999975964653403, 0.017508456171055252], [0.005197185885920311, -0.9999862955758372, -0.0006308085141699671, 0.03225405609053408], [0.0, 0.0, 0.0, 1.0]]}, "Hobj2base": {"type": "ndarray", "data": [[0.9999845956019119, 0.005121424489257105, 0.0021399930096889846, -0.7349434787340704], [0.005124984120315087, -0.9999854873297744, -0.0016612247287715346, 0.08624586781518943], [0.0021314541156680607, 0.0016721665687967403, -0.9999963303744261, 0.0045873700402195945], [0.0, 0.0, 0.0, 1.0]]}, "mean_rme": {"type": "float", "data": 0.0016602545381023894}, "max_rme": {"type": "float", "data": 0.005565474677801219}, "simu": {"type": "float", "data": 0.002}}, {"type": "dict", "image_number": {"type": "int", "data": 7}, "Hcamera2end": {"type": "ndarray", "data": [[0.9999844118503174, 0.005323256157378491, -0.0016849333096000793, -0.016985890675575398], [0.0016841069159153838, 0.00015972082858262127, 0.9999985691355526, 0.017555601013366947], [0.005323517659464826, -0.999985818616014, 0.00015075340632053624, 0.03192258649732193], [0.0, 0.0, 0.0, 1.0]]}, "Hobj2base": {"type": "ndarray", "data": [[0.9999849725215191, 0.005263070211968696, 0.0015345432807762503, -0.735589807894976], [0.005265473226494767, -0.9999849108917376, -0.0015661355445588277, 0.08649481196844579], [0.0015262774445540812, 0.0015741921060504584, -0.9999975961952983, 0.004646449309851578], [0.0, 0.0, 0.0, 1.0]]}, "mean_rme": {"type": "float", "data": 0.0016711620350557395}, "max_rme": {"type": "float", "data": 0.005615247839585058}, "simu": {"type": "float", "data": 0.002}}, {"type": "dict", "image_number": {"type": "int", "data": 8}, "Hcamera2end": {"type": "ndarray", "data": [[0.9999849494191981, 0.0052421984286697785, -0.0016187312062822025, -0.016630044248888497], [0.001615540647196672, 0.0006128073150851732, 0.9999985072466916, 0.01796962602687672], [0.005243182573685098, -0.9999860718144172, 0.0006043291073368762, 0.03213230649460465], [0.0, 0.0, 0.0, 1.0]]}, "Hobj2base": {"type": "ndarray", "data": [[0.9999856914529038, 0.005277312307451217, 0.0008757078664283751, -0.7358330559747105], [0.005278836648751505, -0.999984539748825, -0.0017476117892250705, 0.08680370278513616], [0.0008664716345608801, 0.0017522095022183806, -0.9999980894925582, 0.005167924486815148], [0.0, 0.0, 0.0, 1.0]]}, "mean_rme": {"type": "float", "data": 0.0019172222859570856}, "max_rme": {"type": "float", "data": 0.006045483907125115}, "simu": {"type": "float", "data": 0.002}}, {"type": "dict", "image_number": {"type": "int", "data": 9}, "Hcamera2end": {"type": "ndarray", "data": [[0.9999861187030356, 0.005080792928206492, -0.001395687808600765, -0.01655731397618431], [0.0013907467767375187, 0.0009758954833483102, 0.9999985567246626, 0.01813995737495284], [0.005082147640651943, -0.9999866164960539, 0.0009688158402650915, 0.03217921737600715], [0.0, 0.0, 0.0, 1.0]]}, "Hobj2base": {"type": "ndarray", "data": [[0.9999868080178288, 0.005126540802935751, 0.00031995266809561114, -0.7360930152197303], [0.005127103252579825, -0.9999852675103837, -0.001782575222514239, 0.08705883702478133], [0.0003108095097837291, 0.0017841921371789496, -0.9999983600265885, 0.005371923785505723], [0.0, 0.0, 0.0, 1.0]]}, "mean_rme": {"type": "float", "data": 0.001866564323702074}, "max_rme": {"type": "float", "data": 0.005688490477583907}, "simu": {"type": "float", "data": 0.002}}, {"type": "dict", "image_number": {"type": "int", "data": 10}, "Hcamera2end": {"type": "ndarray", "data": [[0.9999845232132776, 0.005310127178086296, -0.0016600853190215118, -0.01639850830268347], [0.0016566376297550579, 0.0006535994296118508, 0.9999984141785172, 0.01807044814682849], [0.0053112037879901606, -0.9999856875761464, 0.0006447923574909309, 0.03230259140652488], [0.0, 0.0, 0.0, 1.0]]}, "Hobj2base": {"type": "ndarray", "data": [[0.9999856913836334, 0.005319043908936626, 0.0005699121789208131, -0.7358420314603349], [0.0053200989220328985, -0.9999841072748052, -0.0018659435334749226, 0.08682925029150532], [0.000559978085877019, 0.00186894882357347, -0.9999980967256077, 0.005371522406027607], [0.0, 0.0, 0.0, 1.0]]}, "mean_rme": {"type": "float", "data": 0.0018524801506925091}, "max_rme": {"type": "float", "data": 0.005721807090878661}, "simu": {"type": "float", "data": 0.002}}, {"type": "dict", "image_number": {"type": "int", "data": 11}, "Hcamera2end": {"type": "ndarray", "data": [[0.9999848132777939, 0.0052928312904014525, -0.001535952703430605, -0.016304327279761034], [0.0015332084007149082, 0.0005225128096033593, 0.9999986881253213, 0.018027874943312656], [0.005293626901832592, -0.9999858563586261, 0.0005143898609484276, 0.032300648888149236], [0.0, 0.0, 0.0, 1.0]]}, "Hobj2base": {"type": "ndarray", "data": [[0.9999857693487265, 0.005314398325504923, 0.0004671942566971696, -0.735865200326764], [0.005315293934517651, -0.9999839974745082, -0.0019371229419748103, 0.08673927773580781], [0.0004568921374900391, 0.0019395786502526132, -0.9999980146401461, 0.005365309969293065], [0.0, 0.0, 0.0, 1.0]]}, "mean_rme": {"type": "float", "data": 0.0018087182821564026}, "max_rme": {"type": "float", "data": 0.005739053023607998}, "simu": {"type": "float", "data": 0.002}}, {"type": "dict", "image_number": {"type": "int", "data": 12}, "Hcamera2end": {"type": "ndarray", "data": [[0.999985851888943, 0.0051699062059418766, -0.0012522347091662202, -0.016338261940754578], [0.001249289411311303, 0.0005728905189709144, 0.999999055535764, 0.018066343318448877], [0.00517061871654277, -0.9999864718416319, 0.0005664237045717169, 0.03225491935574004], [0.0, 0.0, 0.0, 1.0]]}, "Hobj2base": {"type": "ndarray", "data": [[0.999986522097553, 0.005173632560000456, 0.00043491306513284436, -0.735866790146514], [0.005174536075573403, -0.9999844013724488, -0.0021026621667998807, 0.08682823430901443], [0.0004240278796370873, 0.0021048843006695856, -0.999997694828562, 0.0052914561617870325], [0.0, 0.0, 0.0, 1.0]]}, "mean_rme": {"type": "float", "data": 0.0016908004404754353}, "max_rme": {"type": "float", "data": 0.005737458850116395}, "simu": {"type": "float", "data": 0.002}}, {"type": "dict", "image_number": {"type": "int", "data": 13}, "Hcamera2end": {"type": "ndarray", "data": [[0.9999854411287346, 0.005241925505035024, -0.001280526286253299, -0.01611596038638214], [0.001277511890408992, 0.0005783630211035895, 0.9999990167293097, 0.018092604191714476], [0.0052426609598548325, -0.9999860937599162, 0.0005716579786294584, 0.032226897143442075], [0.0, 0.0, 0.0, 1.0]]}, "Hobj2base": {"type": "ndarray", "data": [[0.9999860739568212, 0.0052692354979861, 0.0002950418440777677, -0.7359881142608605], [0.005269737070182113, -0.999984625542516, -0.0017258475616005688, 0.08692498882871409], [0.00028594341073378133, 0.0017273783203158972, -0.9999984671990776, 0.005513564875313169], [0.0, 0.0, 0.0, 1.0]]}, "mean_rme": {"type": "float", "data": 0.0017108339256768255}, "max_rme": {"type": "float", "data": 0.005566817373963584}, "simu": {"type": "float", "data": 0.002}}, {"type": "dict", "image_number": {"type": "int", "data": 14}, "Hcamera2end": {"type": "ndarray", "data": [[0.9999887946021445, 0.004591176018672369, -0.0011540246599196485, -0.016049427230951367], [0.0011530834279695052, 0.00020765063855043842, 0.9999993136396744, 0.01810760189287987], [0.004591412501428838, -0.9999894389362206, 0.00020235430276038802, 0.03237194794526901], [0.0, 0.0, 0.0, 1.0]]}, "Hobj2base": {"type": "ndarray", "data": [[0.9999892242333185, 0.004615813272309351, 0.0004956663001838191, -0.7356440349923161], [0.004616519422486732, -0.9999883169439736, -0.0014330819868276729, 0.08714790331903348], [0.0004890456704315569, 0.001435354797372418, -0.9999988502948081, 0.00558744586674336], [0.0, 0.0, 0.0, 1.0]]}, "mean_rme": {"type": "float", "data": 0.0017019965391173357}, "max_rme": {"type": "float", "data": 0.00549660762944254}, "simu": {"type": "float", "data": 0.002}}, {"type": "dict", "image_number": {"type": "int", "data": 15}, "Hcamera2end": {"type": "ndarray", "data": [[0.9999876131033679, 0.00497412120444524, 0.0001782079473395832, -0.016035616648895943], [-0.0001800104457828815, 0.0003619299083882366, 0.9999999183014873, 0.018259733069124214], [0.00497405629928088, -0.9999875634851593, 0.0003628208189752069, 0.03232485785981972], [0.0, 0.0, 0.0, 1.0]]}, "Hobj2base": {"type": "ndarray", "data": [[0.9999873576589152, 0.005012813205592954, 0.000395254483310794, -0.7358321204853829], [0.005012880530703048, -0.9999874210655293, -0.00016952726979828792, 0.0879181497880483], [0.0003943997028937965, 0.0001715064900807817, -0.9999999075171941, 0.0059121730363068], [0.0, 0.0, 0.0, 1.0]]}, "mean_rme": {"type": "float", "data": 0.0017907638755477713}, "max_rme": {"type": "float", "data": 0.00524244591111761}, "simu": {"type": "float", "data": 0.002}}, {"type": "dict", "image_number": {"type": "int", "data": 16}, "Hcamera2end": {"type": "ndarray", "data": [[0.9999881995254865, 0.004620048975264285, 0.0015019844346622375, -0.015874840570599975], [-0.0015034877421483276, 0.0003219318796578996, 0.9999988179415383, 0.01836445666113395], [0.004619559977424034, -0.99998927569616, 0.0003288742677114431, 0.032384837641589004], [0.0, 0.0, 0.0, 1.0]]}, "Hobj2base": {"type": "ndarray", "data": [[0.9999887547877817, 0.004720841662614398, 0.00045161042747163, -0.7357366929999515], [0.004720289592686941, -0.9999881202767926, 0.0012158007432987858, 0.08868932146619614], [0.00045734466526715673, -0.001213655339360669, -0.9999991589379331, 0.006242197048751671], [0.0, 0.0, 0.0, 1.0]]}, "mean_rme": {"type": "float", "data": 0.0017847117408214407}, "max_rme": {"type": "float", "data": 0.005041073976898791}, "simu": {"type": "float", "data": 0.002}}, {"type": "dict", "image_number": {"type": "int", "data": 17}, "Hcamera2end": {"type": "ndarray", "data": [[0.9999884374205611, 0.004423115622922137, 0.0018870806476706777, -0.015801270539877642], [-0.0018880865274842134, 0.00022324971266562965, 0.9999981926427819, 0.01837666237779026], [0.00442268633855982, -0.999990193055788, 0.00023159835634023462, 0.03242462975728489], [0.0, 0.0, 0.0, 1.0]]}, "Hobj2base": {"type": "ndarray", "data": [[0.9999898022274575, 0.004494043465584146, 0.00044611032262378673, -0.7357091285207469], [0.004493312295037654, -0.9999885819616701, 0.0016266809483908619, 0.08885906185013903], [0.0004534156038057297, -0.0016246598468709621, -0.9999985774463245, 0.006353093205795011], [0.0, 0.0, 0.0, 1.0]]}, "mean_rme": {"type": "float", "data": 0.0017287670625097571}, "max_rme": {"type": "float", "data": 0.004978312612430258}, "simu": {"type": "float", "data": 0.002}}, {"type": "dict", "image_number": {"type": "int", "data": 18}, "Hcamera2end": {"type": "ndarray", "data": [[0.9999917173485761, 0.0038711631941934083, 0.001256713877305405, -0.015863869828274167], [-0.0012569204144305705, 5.092031007214448e-05, 0.9999992087787838, 0.01833404388348951], [0.003871096138986654, -0.9999925057232407, 5.578563236330325e-05, 0.032487553441004194], [0.0, 0.0, 0.0, 1.0]]}, "Hobj2base": {"type": "ndarray", "data": [[0.9999922196460344, 0.003917496111678652, 0.000462462552303452, -0.7355957115286994], [0.003916991780284509, -0.9999917383676511, 0.0010864491872215254, 0.08859845591449078], [0.00046671489207434654, -0.001084629272246221, -0.9999993028780327, 0.00623792556414242], [0.0, 0.0, 0.0, 1.0]]}, "mean_rme": {"type": "float", "data": 0.0016792909241029666}, "max_rme": {"type": "float", "data": 0.005029608955761766}, "simu": {"type": "float", "data": 0.002}}, {"type": "dict", "image_number": {"type": "int", "data": 19}, "Hcamera2end": {"type": "ndarray", "data": [[0.9999944670276042, 0.003158388045774379, 0.001044269663524666, -0.0158942912490751], [-0.0010458050787538337, 0.0004845264227186785, 0.9999993357627206, 0.01765973588597848], [0.0031578799716108757, -0.9999948948965176, 0.00048782680010628354, 0.033979665015974304], [0.0, 0.0, 0.0, 1.0]]}, "Hobj2base": {"type": "ndarray", "data": [[0.9999949417035183, 0.0031757735455824826, 0.00017615267291065602, -0.7371991847505559], [0.003175597990708585, -0.9999944696122793, 0.0009880902068980337, 0.08857084323150834], [0.00017928964945779273, -0.0009875258187706634, -0.9999994963238623, 0.00680983899914054], [0.0, 0.0, 0.0, 1.0]]}, "mean_rme": {"type": "float", "data": 0.0016219731756332864}, "max_rme": {"type": "float", "data": 0.005156679409458964}, "simu": {"type": "float", "data": 0.002}}, {"type": "dict", "image_number": {"type": "int", "data": 20}, "Hcamera2end": {"type": "ndarray", "data": [[0.99999505148885, 0.003032875490631114, 0.0008358612747025927, -0.015895833168700774], [-0.0008369061643489916, 0.0003432683537094583, 0.9999995908773711, 0.01779037075152022], [0.003032587325089423, -0.999995341905699, 0.000345804887236012, 0.03346145069364681], [0.0, 0.0, 0.0, 1.0]]}, "Hobj2base": {"type": "ndarray", "data": [[0.9999953485049391, 0.0030244636292096655, 0.0003944467530826238, -0.7365573621372968], [0.0030241399444960446, -0.9999950921949363, 0.0008186352281980724, 0.08856725906235652], [0.00039692074968812645, -0.0008174385581383778, -0.9999995871239757, 0.0066697731428566], [0.0, 0.0, 0.0, 1.0]]}, "mean_rme": {"type": "float", "data": 0.0016046179325335203}, "max_rme": {"type": "float", "data": 0.005129248264077624}, "simu": {"type": "float", "data": 0.002}}, {"type": "dict", "image_number": {"type": "int", "data": 21}, "Hcamera2end": {"type": "ndarray", "data": [[0.9999966992654001, 0.0024491804502306414, 0.0007765136361683187, -0.0158668328717203], [-0.0007776312454132868, 0.0004554004152244051, 0.9999995939499715, 0.01773815134966532], [0.002448825831108512, -0.9999968970579778, 0.0004573034713122315, 0.033307053251171], [0.0, 0.0, 0.0, 1.0]]}, "Hobj2base": {"type": "ndarray", "data": [[0.9999969517935854, 0.0024437150263059157, 0.00035307280827018837, -0.7363587978381168], [0.002443407538697969, -0.9999966375435145, 0.0008687124181074998, 0.08869196496099499], [0.00035519450666790205, -0.0008678470693312978, -0.999999560339067, 0.006753755118544665], [0.0, 0.0, 0.0, 1.0]]}, "mean_rme": {"type": "float", "data": 0.001559309883116128}, "max_rme": {"type": "float", "data": 0.005122565404277135}, "simu": {"type": "float", "data": 0.002}}, {"type": "dict", "image_number": {"type": "int", "data": 22}, "Hcamera2end": {"type": "ndarray", "data": [[0.999998173719091, 0.0018064747912811662, 0.0006238648178979867, -0.015859956227939516], [-0.0006255704837929204, 0.0009437847427713475, 0.999999358965759, 0.017337239961558594], [0.0018058848391722857, -0.9999979229574367, 0.0009449130964644947, 0.03278375573598342], [0.0, 0.0, 0.0, 1.0]]}, "Hobj2base": {"type": "ndarray", "data": [[0.9999983718958555, 0.0017952925034717586, 0.00018201776084997677, -0.735888067116874], [0.001795143157118105, -0.9999980546783807, 0.000817374148840307, 0.08882324120381005], [0.00018348483244883616, -0.0008170460701322038, -0.9999996493844561, 0.007230439277347211], [0.0, 0.0, 0.0, 1.0]]}, "mean_rme": {"type": "float", "data": 0.0015751163674546894}, "max_rme": {"type": "float", "data": 0.005094017066282319}, "simu": {"type": "float", "data": 0.002}}, {"type": "dict", "image_number": {"type": "int", "data": 23}, "Hcamera2end": {"type": "ndarray", "data": [[0.9999966419414525, 0.002519699094462952, 0.000605988689385525, -0.015855439467420955], [-0.0006083705154766196, 0.0009446229753993229, 0.9999993687861761, 0.01728693695524012], [0.0025191250731552255, -0.9999963793953996, 0.000946152713936943, 0.03269476989202475], [0.0, 0.0, 0.0, 1.0]]}, "Hobj2base": {"type": "ndarray", "data": [[0.99999684217252, 0.00250088125689335, 0.00024746298087195115, -0.7358656037357818], [0.002500715816297163, -0.999996651018205, 0.0006666129169252126, 0.08865100949298736], [0.0002491292718724745, -0.0006659919772864105, -0.9999997471946145, 0.007254823423244765], [0.0, 0.0, 0.0, 1.0]]}, "mean_rme": {"type": "float", "data": 0.0015388938931958647}, "max_rme": {"type": "float", "data": 0.0050910917574514825}, "simu": {"type": "float", "data": 0.002}}, {"type": "dict", "image_number": {"type": "int", "data": 24}, "Hcamera2end": {"type": "ndarray", "data": [[0.9999960578545245, 0.0027791889617681145, 0.00040047986887930685, -0.01584901545633382], [-0.0004030186590051085, 0.0009130004617620147, 0.9999995020029346, 0.01749372122469134], [0.002778821939434954, -0.9999957212602819, 0.0009141169275899141, 0.032445935052921315], [0.0, 0.0, 0.0, 1.0]]}, "Hobj2base": {"type": "ndarray", "data": [[0.9999961709726959, 0.00274913070256199, 0.00031673384238400763, -0.735592072141818], [0.0027489918658084207, -0.9999961256170924, 0.00043794351886644654, 0.08853983779414354], [0.00031793657920952626, -0.00043707114321241526, -0.999999853942563, 0.007032338599477467], [0.0, 0.0, 0.0, 1.0]]}, "mean_rme": {"type": "float", "data": 0.0015035679699209538}, "max_rme": {"type": "float", "data": 0.0050660671980363725}, "simu": {"type": "float", "data": 0.002}}, {"type": "dict", "image_number": {"type": "int", "data": 25}, "Hcamera2end": {"type": "ndarray", "data": [[0.9999956355020007, 0.002935305238096888, 0.00033609538688342353, -0.015941385484086405], [-0.00033899968994809604, 0.0009889966963672059, 0.9999994534822232, 0.017202705648315553], [0.0029349712366731028, -0.9999952029228409, 0.0009899874474587067, 0.032925491232251955], [0.0, 0.0, 0.0, 1.0]]}, "Hobj2base": {"type": "ndarray", "data": [[0.9999957471530815, 0.002902087664856528, 0.00028907254410503097, -0.7361421975091831], [0.00290198386189936, -0.9999957248439553, 0.00035886414945272377, 0.08852987077047919], [0.00029011276349628267, -0.00035802373940052064, -0.9999998938267876, 0.007277303421378421], [0.0, 0.0, 0.0, 1.0]]}, "mean_rme": {"type": "float", "data": 0.0015336994323065115}, "max_rme": {"type": "float", "data": 0.005102607896747824}, "simu": {"type": "float", "data": 0.002}}, {"type": "dict", "image_number": {"type": "int", "data": 26}, "Hcamera2end": {"type": "ndarray", "data": [[0.9999960318347366, 0.002794190069033935, 0.00035891034894881325, -0.0159271087950496], [-0.0003617120182026986, 0.0010022359214578724, 0.9999994323436256, 0.017171451735239953], [0.002793828770049832, -0.9999955940028016, 0.001003242636549273, 0.03262928442235302], [0.0, 0.0, 0.0, 1.0]]}, "Hobj2base": {"type": "ndarray", "data": [[0.9999961898133479, 0.0027429227306496784, 0.0003110203857750556, -0.7358244409212742], [0.0027427935923552784, -0.9999961524725574, 0.0004148775622340675, 0.08858265671916166], [0.0003121571662114744, -0.0004140229167519219, -0.999999865571455, 0.007336539157669743], [0.0, 0.0, 0.0, 1.0]]}, "mean_rme": {"type": "float", "data": 0.0014944884169104632}, "max_rme": {"type": "float", "data": 0.0050882749688698214}, "simu": {"type": "float", "data": 0.002}}, {"type": "dict", "image_number": {"type": "int", "data": 27}, "Hcamera2end": {"type": "ndarray", "data": [[0.9999962758137414, 0.0026662566886430736, 0.0005826095758074384, -0.015881557884853376], [-0.0005854940195432693, 0.001081180083133515, 0.999999244122905, 0.01718076098837398], [0.002665624767411107, -0.9999958610538838, 0.0010827371339632297, 0.03237815922291717], [0.0, 0.0, 0.0, 1.0]]}, "Hobj2base": {"type": "ndarray", "data": [[0.9999964754137033, 0.002621621731240186, 0.0004198329060371367, -0.735510521834886], [0.002621342170799357, -0.9999963431257828, 0.0006650566036882557, 0.08867461670784545], [0.0004215748976057408, -0.0006639537339375794, -0.9999996907199751, 0.007359356832999248], [0.0, 0.0, 0.0, 1.0]]}, "mean_rme": {"type": "float", "data": 0.0014866860555937745}, "max_rme": {"type": "float", "data": 0.005111106573791213}, "simu": {"type": "float", "data": 0.002}}, {"type": "dict", "image_number": {"type": "int", "data": 28}, "Hcamera2end": {"type": "ndarray", "data": [[0.9999964556255877, 0.0026448656048259737, 0.00030565044486494846, -0.01591442750558022], [-0.0003087967448527323, 0.0011892612655820534, 0.9999992451508215, 0.016965501351953686], [0.002644500110116459, -0.999995795162947, 0.0011900737762842173, 0.032784268143232674], [0.0, 0.0, 0.0, 1.0]]}, "Hobj2base": {"type": "ndarray", "data": [[0.9999964682430905, 0.002626776382195306, 0.00040440967296824005, -0.7359512028701557], [0.0026265990971103275, -0.9999964544338189, 0.000438288688006168, 0.08852358714594179], [0.0004055595254812183, -0.0004372249179951847, -0.9999998221779054, 0.007509010823214757], [0.0, 0.0, 0.0, 1.0]]}, "mean_rme": {"type": "float", "data": 0.0014674348851068083}, "max_rme": {"type": "float", "data": 0.005149838356018566}, "simu": {"type": "float", "data": 0.002}}, {"type": "dict", "image_number": {"type": "int", "data": 29}, "Hcamera2end": {"type": "ndarray", "data": [[0.9999972786419505, 0.002308289021660052, 0.00033839397983199764, -0.015928509755827353], [-0.0003410273592357705, 0.0011405379028017748, 0.9999992914365653, 0.017458253086495713], [0.0023079014349307756, -0.9999966854820493, 0.0011413219886992065, 0.03272755537354476], [0.0, 0.0, 0.0, 1.0]]}, "Hobj2base": {"type": "ndarray", "data": [[0.9999972796858875, 0.002275427200052351, 0.00051288583732154, -0.7357441626959924], [0.0022752189332346964, -0.9999973291513065, 0.0004062869178674023, 0.08857230914999831], [0.0005138089437850123, -0.000405118885071704, -0.9999997859395062, 0.00701150010362436], [0.0, 0.0, 0.0, 1.0]]}, "mean_rme": {"type": "float", "data": 0.0014607114464310798}, "max_rme": {"type": "float", "data": 0.005144387165916697}, "simu": {"type": "float", "data": 0.002}}, {"type": "dict", "image_number": {"type": "int", "data": 30}, "Hcamera2end": {"type": "ndarray", "data": [[0.9999973236617529, 0.002278170528122514, 0.0004032472892975201, -0.016310655698023296], [-0.000406241875361826, 0.0013141598789927489, 0.999999053975228, 0.017338889399792154], [0.002277638441507852, -0.9999965414554478, 0.001315081850124078, 0.03282247505296734], [0.0, 0.0, 0.0, 1.0]]}, "Hobj2base": {"type": "ndarray", "data": [[0.9999974729951703, 0.002227435428330781, 0.00030419514503251247, -0.735871828148197], [0.0022273185723295026, -0.9999974458146363, 0.00038394814974596764, 0.08819654537386852], [0.00030504958777311143, -0.0003832696400109955, -0.9999998800245593, 0.0071824902441311326], [0.0, 0.0, 0.0, 1.0]]}, "mean_rme": {"type": "float", "data": 0.0014368022039344622}, "max_rme": {"type": "float", "data": 0.005095060242812144}, "simu": {"type": "float", "data": 0.002}}]}