{"type": "list", "data": [{"type": "dict", "image_number": {"type": "int", "data": 5}, "Hcamera2end": {"type": "ndarray", "data": [[0.9999959009847459, 0.002840828854744201, 0.00035735853743144256, -0.00971769046017102], [-0.0003506233460695927, -0.0023709989158768874, 0.99999712770958, 0.03520309691510131], [0.002841667991763526, -0.9999931540043456, -0.002369993136197568, 0.03542729362136563], [0.0, 0.0, 0.0, 1.0]]}, "Hobj2base": {"type": "ndarray", "data": [[0.9999962687700068, 0.002729576119404814, 0.00010890487912265327, -0.7361382842938962], [0.00272924045899498, -0.9999918602750821, 0.0029716376120770666, 0.09587779018500572], [0.0001170153037283457, -0.0029713292966113956, -0.999995578745041, -0.005249896400627363], [0.0, 0.0, 0.0, 1.0]]}, "mean_rme": {"type": "float", "data": 0.002089013815521714}, "max_rme": {"type": "float", "data": 0.007195752035889791}, "simu": {"type": "float", "data": 0.002}}, {"type": "dict", "image_number": {"type": "int", "data": 6}, "Hcamera2end": {"type": "ndarray", "data": [[0.99999525983193, 0.002974991966455189, 0.0007935593677777337, -0.009992664367072895], [-0.0007883410917051154, -0.0017548096202857355, 0.9999981495790478, 0.03502142676582366], [0.002976379007080566, -0.9999940350152074, -0.00175245599377849, 0.035383301564353105], [0.0, 0.0, 0.0, 1.0]]}, "Hobj2base": {"type": "ndarray", "data": [[0.9999957968399484, 0.0028992214186816367, 2.8593739577577805e-05, -0.7364065692491858], [0.0028991187608534766, -0.9999909852534841, 0.0031023414022886445, 0.09601757806045996], [3.758785645384164e-05, -0.003102245466004344, -0.9999951873185298, -0.005270744200761919], [0.0, 0.0, 0.0, 1.0]]}, "mean_rme": {"type": "float", "data": 0.001882911043827146}, "max_rme": {"type": "float", "data": 0.006876311990654582}, "simu": {"type": "float", "data": 0.002}}, {"type": "dict", "image_number": {"type": "int", "data": 7}, "Hcamera2end": {"type": "ndarray", "data": [[0.9999947467307368, 0.0031241417085218206, 0.0008638573461847788, -0.010075499626805066], [-0.000861484224901582, -0.0007608733852670913, 0.9999993394580928, 0.03482970488458288], [0.0031247969309586773, -0.9999948303917761, -0.0007581779893961471, 0.0352381603321581], [0.0, 0.0, 0.0, 1.0]]}, "Hobj2base": {"type": "ndarray", "data": [[0.9999955512547308, 0.0029710976746980425, -0.0002646683857620676, -0.7369781678402026], [0.0029718987534174224, -0.9999908419669685, 0.0030795778920039893, 0.09589993456672241], [-0.0002555162352062639, -0.003080350759392127, -0.9999952230639169, -0.005225670293296609], [0.0, 0.0, 0.0, 1.0]]}, "mean_rme": {"type": "float", "data": 0.0017707698141850203}, "max_rme": {"type": "float", "data": 0.006743817056528684}, "simu": {"type": "float", "data": 0.002}}, {"type": "dict", "image_number": {"type": "int", "data": 8}, "Hcamera2end": {"type": "ndarray", "data": [[0.9999942987236937, 0.0032341378258592085, 0.0009710162879110504, -0.009834408554534595], [-0.0009691885516678656, -0.0005666579488852186, 0.9999993697859613, 0.03487356572577548], [0.003234686021758191, -0.9999946096111176, -0.0005635202288563068, 0.03531888203478884], [0.0, 0.0, 0.0, 1.0]]}, "Hobj2base": {"type": "ndarray", "data": [[0.999995312408241, 0.003058731166107295, -0.0001390150996657594, -0.7367484521747815], [0.0030591094041132628, -0.9999913802911249, 0.002807346274262697, 0.09586706099042547], [-0.0001304269838529286, -0.002807758376968138, -0.9999960497330467, -0.005016256279652992], [0.0, 0.0, 0.0, 1.0]]}, "mean_rme": {"type": "float", "data": 0.0018299561086500644}, "max_rme": {"type": "float", "data": 0.007021615240718787}, "simu": {"type": "float", "data": 0.002}}, {"type": "dict", "image_number": {"type": "int", "data": 9}, "Hcamera2end": {"type": "ndarray", "data": [[0.9999937507041181, 0.003440562059035976, 0.0008130716007424916, -0.009566618005363535], [-0.0008133532678868847, 8.046819908069658e-05, 0.9999996659906092, 0.03485217168262063], [0.0034404954834485043, -0.9999940780112582, 8.326608860520501e-05, 0.035175625506847275], [0.0, 0.0, 0.0, 1.0]]}, "Hobj2base": {"type": "ndarray", "data": [[0.9999944226132296, 0.0032916730451038032, -0.0005653591758778017, -0.7370198273529908], [0.0032931427308440678, -0.9999911490165823, 0.002618606394427924, 0.09574757342470791], [-0.0005567345758088364, -0.0026204535979076206, -0.9999964116283382, -0.004745864583017006], [0.0, 0.0, 0.0, 1.0]]}, "mean_rme": {"type": "float", "data": 0.001801843551608756}, "max_rme": {"type": "float", "data": 0.007185063993663976}, "simu": {"type": "float", "data": 0.002}}, {"type": "dict", "image_number": {"type": "int", "data": 10}, "Hcamera2end": {"type": "ndarray", "data": [[0.999993909342726, 0.0033938124366451466, 0.000814441278894851, -0.009554739718449409], [-0.000815401060680145, 0.00028142936006958497, 0.9999996279592437, 0.03490202955883545], [0.0033935819663206673, -0.9999942014005184, 0.0002841949642403696, 0.0351299683945907], [0.0, 0.0, 0.0, 1.0]]}, "Hobj2base": {"type": "ndarray", "data": [[0.9999944834851271, 0.0032769807377865485, -0.0005425832269353196, -0.73705368146024], [0.003278409031137005, -0.9999911073813221, 0.002652770721499689, 0.09598410298787272], [-0.000533885323393463, -0.0026545348972018775, -0.9999963341987512, -0.004686458942386651], [0.0, 0.0, 0.0, 1.0]]}, "mean_rme": {"type": "float", "data": 0.0017304985418406115}, "max_rme": {"type": "float", "data": 0.0069744544076180415}, "simu": {"type": "float", "data": 0.002}}, {"type": "dict", "image_number": {"type": "int", "data": 11}, "Hcamera2end": {"type": "ndarray", "data": [[0.9999939247403272, 0.0030791772487175546, 0.00163375331912087, -0.009634886827992233], [-0.0016350259674278423, 0.00041083596074042994, 0.9999985789509398, 0.034826587100584436], [0.0030785016684411453, -0.9999951749290015, 0.0004158679995652781, 0.03501053509011979], [0.0, 0.0, 0.0, 1.0]]}, "Hobj2base": {"type": "ndarray", "data": [[0.999995284991948, 0.0029825152734227586, -0.0007311610742579315, -0.7371542703347598], [0.002984773272149409, -0.9999907192728277, 0.003106846749856034, 0.09641571526863295], [-0.0007218880706678526, -0.003109014451080673, -0.9999949064404061, -0.004712629195740271], [0.0, 0.0, 0.0, 1.0]]}, "mean_rme": {"type": "float", "data": 0.001750152561842858}, "max_rme": {"type": "float", "data": 0.006869328704729921}, "simu": {"type": "float", "data": 0.002}}, {"type": "dict", "image_number": {"type": "int", "data": 12}, "Hcamera2end": {"type": "ndarray", "data": [[0.9999946051576262, 0.0029266452578898005, 0.0014914433203690883, -0.009572742959573204], [-0.0014926413766256108, 0.0004072201107346851, 0.9999988030960348, 0.03490591694691677], [0.0029260344092624114, -0.999995634450129, 0.00041158634565308105, 0.03497894158322741], [0.0, 0.0, 0.0, 1.0]]}, "Hobj2base": {"type": "ndarray", "data": [[0.9999953958220652, 0.002916943624816937, -0.0008365252900296027, -0.7371873504095032], [0.0029190552694662864, -0.9999925282115709, 0.002534292280674121, 0.09642828660708248], [-0.000829126651978085, -0.002536722475897425, -0.9999964387876963, -0.004765913921718161], [0.0, 0.0, 0.0, 1.0]]}, "mean_rme": {"type": "float", "data": 0.0016568048788027706}, "max_rme": {"type": "float", "data": 0.00690119994967317}, "simu": {"type": "float", "data": 0.002}}, {"type": "dict", "image_number": {"type": "int", "data": 13}, "Hcamera2end": {"type": "ndarray", "data": [[0.9999947339140117, 0.0027798192026614625, 0.0016747386200513651, -0.00975477007760963], [-0.0016755524248299478, 0.0002904515203061564, 0.9999985540799474, 0.03491870993968651], [0.0027793287528868264, -0.9999960941139292, 0.0002951077235691102, 0.0350317450413601], [0.0, 0.0, 0.0, 1.0]]}, "Hobj2base": {"type": "ndarray", "data": [[0.9999959200328511, 0.0027584940909093822, -0.0007420431269055099, -0.7370645272300559], [0.002760417904576261, -0.9999927991406392, 0.0026041812267244345, 0.09656284418826709], [-0.0007348541650317368, -0.0026062189508840572, -0.9999963337993476, -0.004788199827399779], [0.0, 0.0, 0.0, 1.0]]}, "mean_rme": {"type": "float", "data": 0.001633161189311773}, "max_rme": {"type": "float", "data": 0.006743733702540583}, "simu": {"type": "float", "data": 0.002}}, {"type": "dict", "image_number": {"type": "int", "data": 14}, "Hcamera2end": {"type": "ndarray", "data": [[0.9999942130824099, 0.0031292855229033364, 0.0013346811634005347, -0.009817579952121444], [-0.0013362026104287018, 0.00048415603100371296, 0.9999989900772509, 0.034815699084567255], [0.0031286361686319705, -0.9999949865699597, 0.0004883345887172208, 0.03498579981070578], [0.0, 0.0, 0.0, 1.0]]}, "Hobj2base": {"type": "ndarray", "data": [[0.9999948107901188, 0.0031130202503785688, -0.0008291548440331152, -0.7372586355335676], [0.0031148782926063434, -0.9999926195087363, 0.002249102327196669, 0.09611375545152871], [-0.0008221472233732956, -0.0022516733725575365, -0.9999971270163563, -0.004808712765250772], [0.0, 0.0, 0.0, 1.0]]}, "mean_rme": {"type": "float", "data": 0.0016308352452760653}, "max_rme": {"type": "float", "data": 0.006855100852491941}, "simu": {"type": "float", "data": 0.002}}, {"type": "dict", "image_number": {"type": "int", "data": 15}, "Hcamera2end": {"type": "ndarray", "data": [[0.9999955295747953, 0.0025405430694520636, 0.0015768548877295324, -0.00974229933676452], [-0.0015776519633308836, 0.000311768714600702, 0.9999987069064397, 0.03477101588523417], [0.0025400481702707207, -0.9999967242152251, 0.00031577541362348693, 0.03509413115276467], [0.0, 0.0, 0.0, 1.0]]}, "Hobj2base": {"type": "ndarray", "data": [[0.9999965496713308, 0.002535991012099116, -0.0006851240910633247, -0.7370301087260297], [0.0025376535236768982, -0.9999938113551317, 0.002436712135239023, 0.09610014519630808], [-0.0006789403709995957, -0.0024384423353451265, -0.9999967965143433, -0.004682084921997161], [0.0, 0.0, 0.0, 1.0]]}, "mean_rme": {"type": "float", "data": 0.001675374990521588}, "max_rme": {"type": "float", "data": 0.0071074511745375935}, "simu": {"type": "float", "data": 0.002}}, {"type": "dict", "image_number": {"type": "int", "data": 16}, "Hcamera2end": {"type": "ndarray", "data": [[0.9999966129783774, 0.0020682017447697524, 0.0015800548459424886, -0.009812125176617214], [-0.0015805449139507626, 0.00023534068275177233, 0.9999987232454539, 0.034728914396174114], [0.002067827252997543, -0.9999978335758062, 0.00023860877139647574, 0.03517612615258795], [0.0, 0.0, 0.0, 1.0]]}, "Hobj2base": {"type": "ndarray", "data": [[0.9999976573644879, 0.002083182611402046, -0.000587890928542347, -0.7368860354400906], [0.002084596357019275, -0.9999949123187919, 0.002414496750815583, 0.0959880222811304], [-0.0005828580998941318, -0.0024157166098177146, -0.9999969122900811, -0.004652130535594979], [0.0, 0.0, 0.0, 1.0]]}, "mean_rme": {"type": "float", "data": 0.001633068041255608}, "max_rme": {"type": "float", "data": 0.007199896342217099}, "simu": {"type": "float", "data": 0.002}}, {"type": "dict", "image_number": {"type": "int", "data": 17}, "Hcamera2end": {"type": "ndarray", "data": [[0.9999952627075591, 0.0027057709688770035, 0.001467435144695922, -0.009883399850354874], [-0.0014685747134362147, 0.0004192235977921177, 0.999998833769263, 0.03465701027154788], [0.0027051526298828466, -0.999996251520494, 0.0004231952386325455, 0.03515631534121013], [0.0, 0.0, 0.0, 1.0]]}, "Hobj2base": {"type": "ndarray", "data": [[0.9999960221903815, 0.002743107884294903, -0.0006564773788936914, -0.7371084999007456], [0.002744549717537102, -0.9999938013924259, 0.002205589166960261, 0.09554063468771372], [-0.0006504231406146342, -0.002207382128351271, -0.9999973522034333, -0.004604916743715705], [0.0, 0.0, 0.0, 1.0]]}, "mean_rme": {"type": "float", "data": 0.0016518619035972536}, "max_rme": {"type": "float", "data": 0.007402717536126147}, "simu": {"type": "float", "data": 0.002}}, {"type": "dict", "image_number": {"type": "int", "data": 18}, "Hcamera2end": {"type": "ndarray", "data": [[0.9999970060884659, 0.0022474990512529125, 0.000967761395860677, -0.010074228020838965], [-0.0009685834105877397, 0.0003646867760143113, 0.9999994644247223, 0.03460033302789126], [0.002247144917764578, -0.9999974078724252, 0.0003668625744707166, 0.0352255737373355], [0.0, 0.0, 0.0, 1.0]]}, "Hobj2base": {"type": "ndarray", "data": [[0.9999971508902403, 0.0023061735946520363, -0.0006162586739046935, -0.7370240423987977], [0.002307219682498558, -0.9999958896231811, 0.0017021968392670413, 0.09516596012318201], [-0.0006123305794457079, -0.0017036138336633572, -0.9999983613742414, -0.00468315196036571], [0.0, 0.0, 0.0, 1.0]]}, "mean_rme": {"type": "float", "data": 0.0016038838589609791}, "max_rme": {"type": "float", "data": 0.007395369675262525}, "simu": {"type": "float", "data": 0.002}}, {"type": "dict", "image_number": {"type": "int", "data": 19}, "Hcamera2end": {"type": "ndarray", "data": [[0.9999977091708084, 0.0020408527820745025, 0.0006454247106515099, -0.01009136092299909], [-0.0006457617130587762, 0.00016447358869553508, 0.9999997779700998, 0.03443697322960145], [0.0020407461736257687, -0.9999979039319837, 0.00016579111650338874, 0.03406388395214172], [0.0, 0.0, 0.0, 1.0]]}, "Hobj2base": {"type": "ndarray", "data": [[0.9999977897764415, 0.002061290553991418, -0.0004141539376297153, -0.7357771901473577], [0.002061882262909583, -0.9999968469886169, 0.001433406557453595, 0.09523235223413812], [-0.0004111979644007271, -0.0014342573259627654, -0.9999988869104592, -0.004484725493289558], [0.0, 0.0, 0.0, 1.0]]}, "mean_rme": {"type": "float", "data": 0.0016211493309457633}, "max_rme": {"type": "float", "data": 0.0070972716282401704}, "simu": {"type": "float", "data": 0.002}}, {"type": "dict", "image_number": {"type": "int", "data": 20}, "Hcamera2end": {"type": "ndarray", "data": [[0.9999984318104902, 0.001759587466819894, 0.0002005704537428591, -0.009968141641013884], [-0.00020031219300682516, -0.00014694846314999843, 0.9999999691405869, 0.03471189233135819], [0.0017596168860399882, -0.999998441127833, -0.0001465957658826067, 0.03319439681633406], [0.0, 0.0, 0.0, 1.0]]}, "Hobj2base": {"type": "ndarray", "data": [[0.9999984971813946, 0.001733533915356957, -2.225121742422891e-05, -0.7346651241953248], [0.001733555586110175, -0.9999979833503683, 0.0010139429106741323, 0.09505582301398108], [-2.0493468127430132e-05, -0.0010139799606241249, -0.9999994857121963, -0.0047943701872589254], [0.0, 0.0, 0.0, 1.0]]}, "mean_rme": {"type": "float", "data": 0.0016480027650542647}, "max_rme": {"type": "float", "data": 0.007370797094062936}, "simu": {"type": "float", "data": 0.002}}, {"type": "dict", "image_number": {"type": "int", "data": 21}, "Hcamera2end": {"type": "ndarray", "data": [[0.9999994206312238, 0.0010724011579835986, -9.323611390625705e-05, -0.00989686754457333], [9.317269388555858e-05, 5.9188143879951305e-05, 0.9999999939078064, 0.03396943211039363], [0.0010724066699228478, -0.9999994232260936, 5.908819108335628e-05, 0.03281020541757255], [0.0, 0.0, 0.0, 1.0]]}, "Hobj2base": {"type": "ndarray", "data": [[0.9999994328976105, 0.0010276094922227908, -0.00027968408744968274, -0.7344041055394193], [0.0010278431614270025, -0.9999991218039554, 0.0008366180451092986, 0.0950812277619103], [-0.0002788241251877042, -0.0008369050420378513, -0.9999996109234532, -0.0040125672396323815], [0.0, 0.0, 0.0, 1.0]]}, "mean_rme": {"type": "float", "data": 0.0015972237256920878}, "max_rme": {"type": "float", "data": 0.006880787196840793}, "simu": {"type": "float", "data": 0.002}}, {"type": "dict", "image_number": {"type": "int", "data": 22}, "Hcamera2end": {"type": "ndarray", "data": [[0.9999994677401585, 0.0010274230419734392, -9.445259405627446e-05, -0.0099593033395643], [9.432685250081245e-05, 0.00012243314448268094, 0.9999999880562848, 0.033069466822606274], [0.001027434593830286, -0.9999994647058655, 0.00012233616573475992, 0.0331887271734195], [0.0, 0.0, 0.0, 1.0]]}, "Hobj2base": {"type": "ndarray", "data": [[0.9999995213214576, 0.0009642638525965134, -0.0001659881865654377, -0.7348423914284224], [0.0009643956719034794, -0.9999992182345814, 0.0007959090482219708, 0.09514774091968198], [-0.0001652205904764587, -0.0007960687455260987, -0.9999996694882993, -0.003170698368117536], [0.0, 0.0, 0.0, 1.0]]}, "mean_rme": {"type": "float", "data": 0.001585799659108655}, "max_rme": {"type": "float", "data": 0.006237665152285549}, "simu": {"type": "float", "data": 0.002}}, {"type": "dict", "image_number": {"type": "int", "data": 23}, "Hcamera2end": {"type": "ndarray", "data": [[0.9999995607805677, 0.0009031636673517607, -0.00025046768561319934, -0.009970000886127015], [0.0002502524433724836, 0.000238425439569534, 0.9999999402635105, 0.032217267047365515], [0.0009032233312679739, -0.9999995637242547, 0.00023819931593394017, 0.03328439698368468], [0.0, 0.0, 0.0, 1.0]]}, "Hobj2base": {"type": "ndarray", "data": [[0.999999635914561, 0.0008121743854378801, -0.00026180816112143237, -0.7350710684605938], [0.0008123343323822754, -0.999999483147967, 0.0006114055367470431, 0.09514099300616212], [-0.00026131145788929134, -0.0006116179899009666, -0.9999997788198534, -0.002344628961179031], [0.0, 0.0, 0.0, 1.0]]}, "mean_rme": {"type": "float", "data": 0.001563455158891815}, "max_rme": {"type": "float", "data": 0.005663833782968614}, "simu": {"type": "float", "data": 0.002}}, {"type": "dict", "image_number": {"type": "int", "data": 24}, "Hcamera2end": {"type": "ndarray", "data": [[0.9999984526848372, 0.0017276978044715148, -0.00033119213121551806, -0.009924136075375595], [0.0003310113970052495, 0.00010489474640462682, 0.9999999397142716, 0.03251087341954732], [0.0017277324406306093, -0.9999985020275721, 0.00010432269643556591, 0.03301908612286584], [0.0, 0.0, 0.0, 1.0]]}, "Hobj2base": {"type": "ndarray", "data": [[0.9999986400876012, 0.0016346550492860913, -0.00021846239535353834, -0.7348450072173232], [0.0016347441516717785, -0.9999985804474116, 0.0004083071391206932, 0.09498661730810531], [-0.0002177946439080564, -0.0004086637139819166, -0.9999998927797251, -0.00265053317717553], [0.0, 0.0, 0.0, 1.0]]}, "mean_rme": {"type": "float", "data": 0.0015606646297560251}, "max_rme": {"type": "float", "data": 0.005906295969309361}, "simu": {"type": "float", "data": 0.002}}, {"type": "dict", "image_number": {"type": "int", "data": 25}, "Hcamera2end": {"type": "ndarray", "data": [[0.9999993039934882, 0.0010468472034625307, -0.000544172281210756, -0.009933969634380372], [0.0005439470947526253, 0.00021538188359560007, 0.9999998288660865, 0.03220598134942843], [0.0010469642291623998, -0.9999994288606253, 0.00021481230419351238, 0.03371581193487058], [0.0, 0.0, 0.0, 1.0]]}, "Hobj2base": {"type": "ndarray", "data": [[0.9999994891146324, 0.0009634904179190003, -0.00030570686711773974, -0.7355341338205912], [0.0009635936587622181, -0.9999994787078164, 0.0003377445142624451, 0.09495299629847302], [-0.00030538129415194274, -0.00033803891891230956, -0.9999998962359722, -0.0024049995673214907], [0.0, 0.0, 0.0, 1.0]]}, "mean_rme": {"type": "float", "data": 0.0015327610531793523}, "max_rme": {"type": "float", "data": 0.005714667662970935}, "simu": {"type": "float", "data": 0.002}}, {"type": "dict", "image_number": {"type": "int", "data": 26}, "Hcamera2end": {"type": "ndarray", "data": [[0.9999994682940294, 0.0010007553030491091, -0.0002487980744808978, -0.009876390691167036], [0.0002486214903775831, 0.00017657136407778218, 0.9999999535049529, 0.03192452556895622], [0.001000799187134335, -0.999999483655555, 0.00017632246091880965, 0.03271175875838128], [0.0, 0.0, 0.0, 1.0]]}, "Hobj2base": {"type": "ndarray", "data": [[0.9999995578606966, 0.0008870499212329926, -0.0003121231302900742, -0.7345619865989567], [0.0008872581692899215, -0.9999993834788363, 0.0006676937081719958, 0.09511744521870738], [-0.000311530660208317, -0.000667970346755539, -0.9999997283820947, -0.002004472375772527], [0.0, 0.0, 0.0, 1.0]]}, "mean_rme": {"type": "float", "data": 0.001542387380995064}, "max_rme": {"type": "float", "data": 0.005587760342612713}, "simu": {"type": "float", "data": 0.002}}, {"type": "dict", "image_number": {"type": "int", "data": 27}, "Hcamera2end": {"type": "ndarray", "data": [[0.9999991847185221, 0.001217174118394889, -0.00038606923812616506, -0.009942852631509038], [0.0003856528858779744, 0.000342280806559514, 0.9999998670578417, 0.031235041672059965], [0.0012173061006713487, -0.999999200665188, 0.0003418111207930119, 0.0329972814705598], [0.0, 0.0, 0.0, 1.0]]}, "Hobj2base": {"type": "ndarray", "data": [[0.9999993131373555, 0.0011163846998745333, -0.00035694540085950234, -0.7349785183872259], [0.0011165956728151785, -0.9999992017303188, 0.0005913990440530556, 0.0949798350442147], [-0.00035628488707650964, -0.0005917972015331753, -0.9999997614185474, -0.001351160217919838], [0.0, 0.0, 0.0, 1.0]]}, "mean_rme": {"type": "float", "data": 0.0015157064616558693}, "max_rme": {"type": "float", "data": 0.00516169044637102}, "simu": {"type": "float", "data": 0.002}}, {"type": "dict", "image_number": {"type": "int", "data": 28}, "Hcamera2end": {"type": "ndarray", "data": [[0.9999978713378529, 0.0020501008379415404, -0.00023325161802394503, -0.010001587671319003], [0.00023216953278211016, 0.0005280426343855504, 0.9999998336341281, 0.030480172391838888], [0.0020502236636735834, -0.9999977591262544, 0.0005275655394074708, 0.033057627480602814], [0.0, 0.0, 0.0, 1.0]]}, "Hobj2base": {"type": "ndarray", "data": [[0.9999979911538047, 0.001976285904498727, -0.00033463768298194643, -0.7352169132206215], [0.001976531298742372, -0.9999977768576027, 0.0007345773466378064, 0.094846333702974], [-0.0003331852041788011, -0.0007352372928390508, -0.9999996742068189, -0.0005912061091439368], [0.0, 0.0, 0.0, 1.0]]}, "mean_rme": {"type": "float", "data": 0.0014860563551880915}, "max_rme": {"type": "float", "data": 0.004773946931448336}, "simu": {"type": "float", "data": 0.002}}, {"type": "dict", "image_number": {"type": "int", "data": 29}, "Hcamera2end": {"type": "ndarray", "data": [[0.9999964658327061, 0.002632793154991663, -0.0003697597876509578, -0.010128408604603383], [0.0003682411253930248, 0.0005772869006753778, 0.9999997655691264, 0.030435750096343542], [0.0026330059952654715, -0.9999963675634214, 0.0005763153577326152, 0.03329219532656841], [0.0, 0.0, 0.0, 1.0]]}, "Hobj2base": {"type": "ndarray", "data": [[0.9999966362823504, 0.002578063529817134, -0.0002846268098072798, -0.7355018514338477], [0.0025782034067587745, -0.9999965553112435, 0.0004921715557522909, 0.09459889578959896], [-0.00028335697981821, -0.0004929037260368421, -0.9999998383773563, -0.0005867369964798102], [0.0, 0.0, 0.0, 1.0]]}, "mean_rme": {"type": "float", "data": 0.0014586568102941129}, "max_rme": {"type": "float", "data": 0.004754120185817334}, "simu": {"type": "float", "data": 0.002}}, {"type": "dict", "image_number": {"type": "int", "data": 30}, "Hcamera2end": {"type": "ndarray", "data": [[0.9999967929878579, 0.0025136963269990382, -0.00030877949233971123, -0.00852921840888108], [0.000306647783701887, 0.0008483786998780829, 0.9999995931102764, 0.031051159692302467], [0.0025139572661460946, -0.9999964807859861, 0.000847605159709719, 0.03293332878706485], [0.0, 0.0, 0.0, 1.0]]}, "Hobj2base": {"type": "ndarray", "data": [[0.9999968545563505, 0.0024580205604415126, -0.0004990113524021335, -0.7353781847510257], [0.002458334429967987, -0.9999967802520562, 0.0006293467657330631, 0.09616403712853722], [-0.0004974627984215382, -0.0006305715229468305, -0.9999996774551074, -0.0012651452160568992], [0.0, 0.0, 0.0, 1.0]]}, "mean_rme": {"type": "float", "data": 0.0015126151713435543}, "max_rme": {"type": "float", "data": 0.004880622182412475}, "simu": {"type": "float", "data": 0.002}}]}