{"type": "list", "data": [{"type": "dict", "image_number": {"type": "int", "data": 5}, "Hcamera2end": {"type": "ndarray", "data": [[0.999996096187501, 0.002706538774855028, -0.0006944477075234603, -0.020118994512800713], [0.0006952241910582805, -0.0002859614416166334, 0.999999717444649, 0.04053573162280087], [0.002706339424840444, -0.9999962964300987, -0.0002878419765071083, 0.03408936678258079], [0.0, 0.0, 0.0, 1.0]]}, "Hobj2base": {"type": "ndarray", "data": [[0.9999967682606316, 0.001762681018276898, 0.0018320545626634198, -0.7346364621818748], [0.0017626613624216374, -0.9999984464350735, 1.2343452227506932e-05, 0.08660780533838341], [0.0018320734740166493, -9.114120545231345e-06, -0.9999983217104509, -0.006894655369635605], [0.0, 0.0, 0.0, 1.0]]}, "mean_rme": {"type": "float", "data": 0.0016442451328350714}, "max_rme": {"type": "float", "data": 0.0044295480772473805}, "simu": {"type": "float", "data": 0.002}}, {"type": "dict", "image_number": {"type": "int", "data": 6}, "Hcamera2end": {"type": "ndarray", "data": [[0.9999967425174803, 0.002386128734773451, -0.0009062803591329676, -0.02019875367516248], [0.0009074824160131398, -0.0005027341794592299, 0.99999946186686, 0.04020830236651377], [0.002385671832605793, -0.999997026819583, -0.000504897911680624, 0.034215800398059916], [0.0, 0.0, 0.0, 1.0]]}, "Hobj2base": {"type": "ndarray", "data": [[0.9999974684246652, 0.0016300567268346087, 0.0015511477453729898, -0.7346115135622399], [0.0016303064426319506, -0.9999986582916047, -0.00015973695303911082, 0.08603048852006036], [0.0015508852838902116, 0.00016226539481573605, -0.9999987842116502, -0.006889912057329427], [0.0, 0.0, 0.0, 1.0]]}, "mean_rme": {"type": "float", "data": 0.0015430705627262659}, "max_rme": {"type": "float", "data": 0.004336917595295642}, "simu": {"type": "float", "data": 0.002}}, {"type": "dict", "image_number": {"type": "int", "data": 7}, "Hcamera2end": {"type": "ndarray", "data": [[0.9999967999717151, 0.0021949706726495234, -0.001257835472444152, -0.019639464002938277], [0.0012586847593397219, -0.0003855855439254263, 0.9999991335178571, 0.04028441303459035], [0.0021944837675718205, -0.9999975167106838, -0.0003883470861736349, 0.034125047411302054], [0.0, 0.0, 0.0, 1.0]]}, "Hobj2base": {"type": "ndarray", "data": [[0.9999975645971416, 0.0014867894854247168, 0.001631029371809836, -0.7349684146540506], [0.0014873518850038907, -0.9999988348425011, -0.0003436539106821898, 0.08589437778199746], [0.001630516530382705, 0.0003460789883571315, -0.9999986108216241, -0.006628029403653313], [0.0, 0.0, 0.0, 1.0]]}, "mean_rme": {"type": "float", "data": 0.0017366006214632871}, "max_rme": {"type": "float", "data": 0.004692300010491701}, "simu": {"type": "float", "data": 0.002}}, {"type": "dict", "image_number": {"type": "int", "data": 8}, "Hcamera2end": {"type": "ndarray", "data": [[0.9999976181204764, 0.001876702059803015, -0.0011143351168312772, -0.020128241837726407], [0.001115157758936904, -0.0004373551921184049, 0.9999992825715469, 0.04023448357304676], [0.0018762133531544532, -0.9999981433531837, -0.0004394469692541314, 0.03380049465918009], [0.0, 0.0, 0.0, 1.0]]}, "Hobj2base": {"type": "ndarray", "data": [[0.9999981730161772, 0.001358669268039744, 0.0013446122592793684, -0.7351297017377371], [0.0013587907264437761, -0.9999990728454573, -8.942028522377511e-05, 0.08595288916929156], [0.0013444895200225313, 9.124716852293198e-05, -0.9999990920105302, -0.00688863756684896], [0.0, 0.0, 0.0, 1.0]]}, "mean_rme": {"type": "float", "data": 0.0019113549401022806}, "max_rme": {"type": "float", "data": 0.00515092558354574}, "simu": {"type": "float", "data": 0.002}}, {"type": "dict", "image_number": {"type": "int", "data": 9}, "Hcamera2end": {"type": "ndarray", "data": [[0.9999972883559559, 0.0020427879319799697, -0.001118167339958575, -0.020119790761282928], [0.0011192846620355868, -0.0005458980772599098, 0.9999992245982665, 0.040107425719877604], [0.002042175942597728, -0.9999977645038782, -0.0005481830581786085, 0.03369413471161766], [0.0, 0.0, 0.0, 1.0]]}, "Hobj2base": {"type": "ndarray", "data": [[0.9999975978726521, 0.0014637199548982482, 0.0016314940451503358, -0.7349045590594172], [0.0014641351497102894, -0.9999988960674602, -0.00025332217562968755, 0.08565491488903808], [0.0016311214513674832, 0.0002557102948956092, -0.9999986370265992, -0.00697522833320109], [0.0, 0.0, 0.0, 1.0]]}, "mean_rme": {"type": "float", "data": 0.0018539270979701658}, "max_rme": {"type": "float", "data": 0.005116883617803603}, "simu": {"type": "float", "data": 0.002}}, {"type": "dict", "image_number": {"type": "int", "data": 10}, "Hcamera2end": {"type": "ndarray", "data": [[0.9999969418159038, 0.0020294325966151916, -0.0014134221505839471, -0.0198943055026651], [0.0014146515588950043, -0.0006044815569448136, 0.999998816680807, 0.0400137515747149], [0.0020285758075264436, -0.9999977580001783, -0.0006073506483155189, 0.033750849151309915], [0.0, 0.0, 0.0, 1.0]]}, "Hobj2base": {"type": "ndarray", "data": [[0.9999975007847253, 0.0015299840375814224, 0.0016302064740578888, -0.7348904542242154], [0.001530872432737262, -0.9999986803273608, -0.0005438502841532175, 0.08529068482943848], [0.0016293722404654202, 0.0005463445631050852, -0.99999852332577, -0.006859146577015201], [0.0, 0.0, 0.0, 1.0]]}, "mean_rme": {"type": "float", "data": 0.0018302061651230537}, "max_rme": {"type": "float", "data": 0.005075860556910561}, "simu": {"type": "float", "data": 0.002}}, {"type": "dict", "image_number": {"type": "int", "data": 11}, "Hcamera2end": {"type": "ndarray", "data": [[0.9999979372067359, 0.001734436284970066, -0.0010570302958616503, -0.02007638122574518], [0.0010578088390495867, -0.00044801796677806927, 0.9999993401599631, 0.04010257330460538], [0.0017339615719555888, -0.9999983955040502, -0.00044985174464251543, 0.03367249554560871], [0.0, 0.0, 0.0, 1.0]]}, "Hobj2base": {"type": "ndarray", "data": [[0.9999979969233147, 0.0013517568823737808, 0.0014761106629410932, -0.7349925370027788], [0.001352757643676956, -0.9999988557336978, -0.0006771839136614358, 0.08535601568891943], [0.0014751935858614783, 0.0006791793771923334, -0.9999986812587596, -0.006957594807488466], [0.0, 0.0, 0.0, 1.0]]}, "mean_rme": {"type": "float", "data": 0.001759469691354092}, "max_rme": {"type": "float", "data": 0.005125409551667848}, "simu": {"type": "float", "data": 0.002}}, {"type": "dict", "image_number": {"type": "int", "data": 12}, "Hcamera2end": {"type": "ndarray", "data": [[0.9999983498627358, 0.0017806711709988155, -0.00035983605467451024, -0.01964899519991395], [0.00036048316695410515, -0.0003631015901870427, 0.9999998691045524, 0.04032475748889292], [0.0017805402808734063, -0.9999983486823447, -0.000363742893002561, 0.033726195165704596], [0.0, 0.0, 0.0, 1.0]]}, "Hobj2base": {"type": "ndarray", "data": [[0.9999980092346651, 0.0014092137993433089, 0.0014126723521510215, -0.7351654763941008], [0.0014093702875441236, -0.9999990008107997, -0.00010978522109189259, 0.08597065030720631], [0.0014125162297755369, 0.00011177598097443687, -0.9999989961515114, -0.006571563557362155], [0.0, 0.0, 0.0, 1.0]]}, "mean_rme": {"type": "float", "data": 0.0018350584262854408}, "max_rme": {"type": "float", "data": 0.005209042270527986}, "simu": {"type": "float", "data": 0.002}}, {"type": "dict", "image_number": {"type": "int", "data": 13}, "Hcamera2end": {"type": "ndarray", "data": [[0.9999990251659456, 0.0012948341807150253, -0.0005225625348229392, -0.019741388773759784], [0.0005233399816618925, -0.0006001558747856794, 0.9999996829640442, 0.04029019137686909], [0.0012945201512308165, -0.9999989816081664, -0.0006008329282296554, 0.03383644906677848], [0.0, 0.0, 0.0, 1.0]]}, "Hobj2base": {"type": "ndarray", "data": [[0.9999984065063807, 0.0009569149460437743, 0.0015070827732134471, -0.7348799550079241], [0.000957421260027931, -0.9999994854689109, -0.00033527070374527606, 0.08597975850776768], [0.0015067611722251214, 0.0003367130825812453, -0.999998808146825, -0.006697547827580705], [0.0, 0.0, 0.0, 1.0]]}, "mean_rme": {"type": "float", "data": 0.0018009583947312727}, "max_rme": {"type": "float", "data": 0.004902076856832138}, "simu": {"type": "float", "data": 0.002}}, {"type": "dict", "image_number": {"type": "int", "data": 14}, "Hcamera2end": {"type": "ndarray", "data": [[0.9999992018200174, 0.0012036268922525246, -0.0003842416325676817, -0.01950904372045766], [0.000384994548953469, -0.0006253704600587273, 0.999999730345456, 0.04027090399990762], [0.0012033862743225314, -0.9999990800966227, -0.0006258333506929947, 0.033878520304567054], [0.0, 0.0, 0.0, 1.0]]}, "Hobj2base": {"type": "ndarray", "data": [[0.9999985583509848, 0.0008888997380654103, 0.0014467733781535544, -0.7349103723061231], [0.0008890881605245014, -0.9999995963631685, -0.00012959838874896905, 0.08611405608141247], [0.0014466575942087198, 0.00013088451099505793, -0.9999989450249682, -0.0065562852832467865], [0.0, 0.0, 0.0, 1.0]]}, "mean_rme": {"type": "float", "data": 0.0017572012452629381}, "max_rme": {"type": "float", "data": 0.004839235307226797}, "simu": {"type": "float", "data": 0.002}}, {"type": "dict", "image_number": {"type": "int", "data": 15}, "Hcamera2end": {"type": "ndarray", "data": [[0.9999988420250546, 0.0010514626540663408, -0.0011001703672339357, -0.01957994645756496], [0.0011009419267842514, -0.0007334995548953227, 0.9999991249522558, 0.0402073911306473], [0.0010506547595116422, -0.9999991782020076, -0.0007346563048415966, 0.033880896019631686], [0.0, 0.0, 0.0, 1.0]]}, "Hobj2base": {"type": "ndarray", "data": [[0.9999988492250165, 0.0007497098201874638, 0.0013188949269042852, -0.7349183185402051], [0.0007508923046671172, -0.9999993163982992, -0.0008963055739831088, 0.08574196865565911], [0.0013182220562147655, 0.0008972948905883537, -0.999998728575437, -0.006771803440046549], [0.0, 0.0, 0.0, 1.0]]}, "mean_rme": {"type": "float", "data": 0.001705763703573325}, "max_rme": {"type": "float", "data": 0.005036003904384856}, "simu": {"type": "float", "data": 0.002}}, {"type": "dict", "image_number": {"type": "int", "data": 16}, "Hcamera2end": {"type": "ndarray", "data": [[0.9999944337931316, 0.0018247075261644268, -0.002793353754566489, -0.019933018489479766], [0.002794294414442128, -0.0005131668675584233, 0.9999959642811022, 0.04014623959925316], [0.0018232667055615667, -0.9999982035494913, -0.0005182627812139184, 0.033772316433635464], [0.0, 0.0, 0.0, 1.0]]}, "Hobj2base": {"type": "ndarray", "data": [[0.9999981164545183, 0.0015525442571292956, 0.0011647719713682365, -0.7352219107132496], [0.0015556208591655206, -0.999995291634866, -0.002645137395617741, 0.0847623616507375], [0.001160659794323613, 0.0026469443569559826, -0.9999958232684838, -0.00732581567891951], [0.0, 0.0, 0.0, 1.0]]}, "mean_rme": {"type": "float", "data": 0.0018115983750002001}, "max_rme": {"type": "float", "data": 0.005367595349183407}, "simu": {"type": "float", "data": 0.002}}, {"type": "dict", "image_number": {"type": "int", "data": 17}, "Hcamera2end": {"type": "ndarray", "data": [[0.9999977344059185, 0.0015814461690928582, -0.0014248547449332632, -0.019552320823832896], [0.0014257066786259583, -0.000537708921402924, 0.9999988391141171, 0.04018686367128925], [0.0015806781761062722, -0.9999986049475919, -0.0005399623815380838, 0.03384753419015756], [0.0, 0.0, 0.0, 1.0]]}, "Hobj2base": {"type": "ndarray", "data": [[0.9999985006160697, 0.0013173581366464485, 0.0011239809394798857, -0.7352310853797105], [0.0013190853126544483, -0.9999979483523136, -0.0015373044922382937, 0.08547486304821683], [0.0011219534528856382, 0.0015387848139776137, -0.9999981866792291, -0.006926628354697585], [0.0, 0.0, 0.0, 1.0]]}, "mean_rme": {"type": "float", "data": 0.0018743030596086315}, "max_rme": {"type": "float", "data": 0.005210953653329686}, "simu": {"type": "float", "data": 0.002}}, {"type": "dict", "image_number": {"type": "int", "data": 18}, "Hcamera2end": {"type": "ndarray", "data": [[0.9999989131226674, 0.0012435123760058718, -0.0007921050779289868, -0.019271120420393268], [0.0007928248040826712, -0.0005783986624952053, 0.9999995184417929, 0.04018903212262118], [0.0012430536246646519, -0.999999059565537, -0.0005793839213026342, 0.033914404111470495], [0.0, 0.0, 0.0, 1.0]]}, "Hobj2base": {"type": "ndarray", "data": [[0.9999989272187109, 0.0009887731930679408, 0.001080689132045335, -0.7352036132180522], [0.0009896781359878296, -0.9999991598480902, -0.000837162052029481, 0.08596981370911987], [0.001079860460706996, 0.0008382306883434804, -0.9999990656349129, -0.006714862024138439], [0.0, 0.0, 0.0, 1.0]]}, "mean_rme": {"type": "float", "data": 0.001838310884237204}, "max_rme": {"type": "float", "data": 0.005337455330722274}, "simu": {"type": "float", "data": 0.002}}, {"type": "dict", "image_number": {"type": "int", "data": 19}, "Hcamera2end": {"type": "ndarray", "data": [[0.9999989966865173, 0.0009178562655841912, -0.0010789651683806136, -0.01913239833565801], [0.001079864252622663, -0.0009796170081348698, 0.9999989371212917, 0.04010709536797187], [0.0009167983173841783, -0.9999990989447906, -0.0009806071854423504, 0.03243719625307486], [0.0, 0.0, 0.0, 1.0]]}, "Hobj2base": {"type": "ndarray", "data": [[0.9999989750788689, 0.0006544177287610689, 0.001273412206626398, -0.7336174687286584], [0.0006557875385370259, -0.9999992065346985, -0.0010755801586355195, 0.08594360606839362], [0.001272707317493483, 0.0010764141441072133, -0.999998610773372, -0.006555894830376114], [0.0, 0.0, 0.0, 1.0]]}, "mean_rme": {"type": "float", "data": 0.0018545345265551857}, "max_rme": {"type": "float", "data": 0.005475515517710305}, "simu": {"type": "float", "data": 0.002}}, {"type": "dict", "image_number": {"type": "int", "data": 20}, "Hcamera2end": {"type": "ndarray", "data": [[0.9999992582688553, -1.9083122601095542e-05, -0.0012178249355968471, -0.01926747075378348], [0.0012178161106835225, -0.0004558280294550965, 0.9999991545720067, 0.03969762892140751], [-1.9638225208304036e-05, -0.9999998959283155, -0.0004558044516191906, 0.03404149802779793], [0.0, 0.0, 0.0, 1.0]]}, "Hobj2base": {"type": "ndarray", "data": [[0.9999998156379616, -0.0003104470383314313, 0.0005218684501178202, -0.7354480807522171], [-0.00030990107619703806, -0.9999994050023462, -0.0010459236480084382, 0.08596481937237334], [0.0005221928435061615, 0.0010457617275854978, -0.9999993168482888, -0.006154358033170349], [0.0, 0.0, 0.0, 1.0]]}, "mean_rme": {"type": "float", "data": 0.0018801151921070687}, "max_rme": {"type": "float", "data": 0.005383736434729003}, "simu": {"type": "float", "data": 0.002}}, {"type": "dict", "image_number": {"type": "int", "data": 21}, "Hcamera2end": {"type": "ndarray", "data": [[0.999999213722205, -0.0002957898165852718, -0.0012186317557304678, -0.019257297300654758], [0.0012185765508245338, -0.0001867441087328725, 0.9999992400986253, 0.03952723854659464], [-0.0002960171641152808, -0.9999999388175094, -0.00018638351936561826, 0.03282924770551542], [0.0, 0.0, 0.0, 1.0]]}, "Hobj2base": {"type": "ndarray", "data": [[0.9999998386500791, -0.0005518343396945651, 0.000134828324758514, -0.7344056108345034], [-0.0005516969945909034, -0.9999993310883939, -0.0010165889977444978, 0.08614113057759397], [0.00013538922328859386, 0.0010165144493363885, -0.9999994741839278, -0.005807879519848201], [0.0, 0.0, 0.0, 1.0]]}, "mean_rme": {"type": "float", "data": 0.001920566877935208}, "max_rme": {"type": "float", "data": 0.005518607734536163}, "simu": {"type": "float", "data": 0.002}}, {"type": "dict", "image_number": {"type": "int", "data": 22}, "Hcamera2end": {"type": "ndarray", "data": [[0.9999990306861258, -0.0007660590376509617, -0.0011626608962207463, -0.019295945531732986], [0.0011623647715573258, -0.0003868878234902784, 0.9999992496126932, 0.03911600152217666], [-0.0007665082821535802, -0.9999996317356133, -0.000385997008436334, 0.033375424203995134], [0.0, 0.0, 0.0, 1.0]]}, "Hobj2base": {"type": "ndarray", "data": [[0.9999994462575643, -0.0010261801287724385, 0.00023332146935588842, -0.7348971184094183], [-0.00102597689485754, -0.9999990956663891, -0.000869504350465344, 0.0861980496828279], [0.00023421352644177024, 0.0008692644865472538, -0.9999995947615563, -0.005457731665730729], [0.0, 0.0, 0.0, 1.0]]}, "mean_rme": {"type": "float", "data": 0.0018922742780807238}, "max_rme": {"type": "float", "data": 0.005495060836365806}, "simu": {"type": "float", "data": 0.002}}, {"type": "dict", "image_number": {"type": "int", "data": 23}, "Hcamera2end": {"type": "ndarray", "data": [[0.9999986768262682, -0.0011057555253574795, -0.0011931682324623164, -0.01923621492911267], [0.001192575422363253, -0.0005366175385113081, 0.9999991449023741, 0.03952918709928691], [-0.001106394854828489, -0.9999992446728826, -0.0005352981316104621, 0.033279181188767694], [0.0, 0.0, 0.0, 1.0]]}, "Hobj2base": {"type": "ndarray", "data": [[0.9999990640786296, -0.0013533505191978938, 0.00020070933454229188, -0.7346996506087276], [-0.001353189910933818, -0.9999987658826752, -0.0007981918253853005, 0.086195045775824], [0.00020178932016472973, 0.0007979194804939807, -0.9999996613027284, -0.005837191849238337], [0.0, 0.0, 0.0, 1.0]]}, "mean_rme": {"type": "float", "data": 0.001849422131414207}, "max_rme": {"type": "float", "data": 0.005556451802238405}, "simu": {"type": "float", "data": 0.002}}, {"type": "dict", "image_number": {"type": "int", "data": 24}, "Hcamera2end": {"type": "ndarray", "data": [[0.9999979194856182, -0.001572993602638544, -0.0012987361398579572, -0.019305474364767043], [0.0012977543962017879, -0.0006249843355290441, 0.9999989626135157, 0.03967560693783544], [-0.001573803660579637, -0.9999985675418273, -0.0006229416758771755, 0.03297401127636035], [0.0, 0.0, 0.0, 1.0]]}, "Hobj2base": {"type": "ndarray", "data": [[0.9999983605311278, -0.0018053317207534746, 0.0001404009777774058, -0.7343395261252192], [-0.0018052197382566327, -0.9999980556338925, -0.0007936687789782353, 0.08629926742582333], [0.00014183354020896427, 0.0007934140231666231, -0.9999996751886646, -0.005934511001893186], [0.0, 0.0, 0.0, 1.0]]}, "mean_rme": {"type": "float", "data": 0.0018559185149520368}, "max_rme": {"type": "float", "data": 0.005621821663590543}, "simu": {"type": "float", "data": 0.002}}, {"type": "dict", "image_number": {"type": "int", "data": 25}, "Hcamera2end": {"type": "ndarray", "data": [[0.9999974442102955, -0.0018738076575595267, -0.0012650761792916405, -0.019301188368370664], [0.0012641589389195654, -0.000490609686603527, 0.9999990806017337, 0.03909084703586459], [-0.0018744265934118663, -0.9999981240717394, -0.00048823964200805925, 0.03349057899071927], [0.0, 0.0, 0.0, 1.0]]}, "Hobj2base": {"type": "ndarray", "data": [[0.999997848283921, -0.0020743207708471137, -2.4917215821835113e-05, -0.7349668268922491], [-0.0020743372553529904, -0.9999976167872195, -0.0006808412683373196, 0.08631504384849659], [-2.3504873254245916e-05, 0.0006808914900692943, -0.9999997679171231, -0.0053634306700163], [0.0, 0.0, 0.0, 1.0]]}, "mean_rme": {"type": "float", "data": 0.0018534337552781797}, "max_rme": {"type": "float", "data": 0.005588407551576191}, "simu": {"type": "float", "data": 0.002}}, {"type": "dict", "image_number": {"type": "int", "data": 26}, "Hcamera2end": {"type": "ndarray", "data": [[0.9999967483491073, -0.002160841814595108, -0.0013542724483432216, -0.01916190469731921], [0.0013532336790812876, -0.00048211401147923993, 0.9999989681618127, 0.03877455345186304], [-0.0021614924986787126, -0.9999975491613629, -0.00047918831989401944, 0.0336620185271467], [0.0, 0.0, 0.0, 1.0]]}, "Hobj2base": {"type": "ndarray", "data": [[0.9999972465060646, -0.002342254593677597, -0.0001443042187376506, -0.7351860246682047], [-0.0023423535767513404, -0.9999970188934708, -0.0006896259077391629, 0.0862328193063728], [-0.00014268850910108082, 0.0006899620203613088, -0.999999751796169, -0.0050527438453797325], [0.0, 0.0, 0.0, 1.0]]}, "mean_rme": {"type": "float", "data": 0.0018799590289000536}, "max_rme": {"type": "float", "data": 0.005580282678540327}, "simu": {"type": "float", "data": 0.002}}, {"type": "dict", "image_number": {"type": "int", "data": 27}, "Hcamera2end": {"type": "ndarray", "data": [[0.9999960880390796, -0.0024879639884241214, -0.0012782573018667608, -0.01917542915400909], [0.0012770963917583878, -0.0004681432654227713, 0.9999990749329167, 0.03879515010222891], [-0.002488560094437878, -0.9999967954334031, -0.0004649640642322428, 0.03361464334959167], [0.0, 0.0, 0.0, 1.0]]}, "Hobj2base": {"type": "ndarray", "data": [[0.9999964497731465, -0.0026582733585900162, -0.00018445556098512495, -0.735110405003728], [-0.002658371996452861, -0.9999963225618702, -0.0005365827653829763, 0.08643139881879397], [-0.00018302849899131564, 0.0005370712118903463, -0.9999998390275278, -0.005045502931647607], [0.0, 0.0, 0.0, 1.0]]}, "mean_rme": {"type": "float", "data": 0.0018640220505876447}, "max_rme": {"type": "float", "data": 0.005609907379465151}, "simu": {"type": "float", "data": 0.002}}, {"type": "dict", "image_number": {"type": "int", "data": 28}, "Hcamera2end": {"type": "ndarray", "data": [[0.99999784459198, -0.00157461818701234, -0.0013532882025630592, -0.019216074436420642], [0.0013526857240621281, -0.00038362088103949255, 0.9999990115376872, 0.03815483298420365], [-0.0015751357801741725, -0.9999986867054299, -0.00038149009063759287, 0.03376110609340462], [0.0, 0.0, 0.0, 1.0]]}, "Hobj2base": {"type": "ndarray", "data": [[0.9999984479602628, -0.0017461882393079973, -0.00023431538234498797, -0.7355083369221065], [-0.0017463489274159238, -0.9999982389172708, -0.0006873338204880877, 0.08626941966268915], [-0.0002331147554624, 0.0006877419501353209, -0.9999997363342257, -0.0044289727407372985], [0.0, 0.0, 0.0, 1.0]]}, "mean_rme": {"type": "float", "data": 0.0018626556032324123}, "max_rme": {"type": "float", "data": 0.0055698823546426746}, "simu": {"type": "float", "data": 0.002}}, {"type": "dict", "image_number": {"type": "int", "data": 29}, "Hcamera2end": {"type": "ndarray", "data": [[0.9999990269720418, -0.0007779624426326533, -0.0011579418842895194, -0.019130846700158022], [0.0011577223233442545, -0.00028261671582785475, 0.9999992899031547, 0.03747873258060694], [-0.0007782891439364349, -0.9999996574510561, -0.000281715776347502, 0.03357419061414696], [0.0, 0.0, 0.0, 1.0]]}, "Hobj2base": {"type": "ndarray", "data": [[0.9999995132863255, -0.0009517049207620214, -0.0002601631332118087, -0.735542118543134], [-0.0009518332850341248, -0.999999425126112, -0.0004937214222088509, 0.08621565393310254], [-0.000259693106543815, 0.0004939688138376132, -0.9999998442771385, -0.0037044923643280254], [0.0, 0.0, 0.0, 1.0]]}, "mean_rme": {"type": "float", "data": 0.0018883482767026725}, "max_rme": {"type": "float", "data": 0.00560670688493109}, "simu": {"type": "float", "data": 0.002}}, {"type": "dict", "image_number": {"type": "int", "data": 30}, "Hcamera2end": {"type": "ndarray", "data": [[0.9999986500903569, -0.0006640743927731252, -0.0015029380109553977, -0.019123911741924328], [0.0015028048809499564, -0.00020092806440286104, 0.9999988506020409, 0.037171243459226136], [-0.000664375611912832, -0.9999997593165281, -0.00019992981892946737, 0.033852310892927014], [0.0, 0.0, 0.0, 1.0]]}, "Hobj2base": {"type": "ndarray", "data": [[0.9999996030977771, -0.0008130616287653416, -0.00036432825325529236, -0.7359324521710201], [-0.0008133363552046383, -0.9999993845686885, -0.0007545503413958823, 0.08611645719371949], [-0.0003637145331067168, 0.0007548463633267752, -0.9999996489592915, -0.003456131372686966], [0.0, 0.0, 0.0, 1.0]]}, "mean_rme": {"type": "float", "data": 0.0018959091668132944}, "max_rme": {"type": "float", "data": 0.005525890813024237}, "simu": {"type": "float", "data": 0.002}}]}