{"type": "list", "data": [{"type": "dict", "image_number": {"type": "int", "data": 5}, "Hcamera2end": {"type": "ndarray", "data": [[0.999999763812711, -0.0006251940800116105, 0.0002854941057581352, -0.008883149766324816], [-0.0002856427932213728, -0.0002377497141285989, 0.9999999309416315, 0.022509367476144876], [-0.0006251261606946979, -0.9999997763036926, -0.00023792824015855807, 0.03554044253537958], [0.0, 0.0, 0.0, 1.0]]}, "Hobj2base": {"type": "ndarray", "data": [[0.999999131047327, -0.0008064402966888206, -0.0010428607954971801, -0.7363616929279726], [-0.0008081691539490887, -0.9999982982097622, -0.0016584451148358413, 0.09688682213236599], [-0.0010415215837964082, 0.0016592864816523092, -0.9999980809987401, 0.0011815333777788206], [0.0, 0.0, 0.0, 1.0]]}, "mean_rme": {"type": "float", "data": 0.001244648668373126}, "max_rme": {"type": "float", "data": 0.0038983471585429252}, "simu": {"type": "float", "data": 0.002}}, {"type": "dict", "image_number": {"type": "int", "data": 6}, "Hcamera2end": {"type": "ndarray", "data": [[0.9999996557709695, -0.0007168559925025096, -0.00041782224519607014, -0.009367471212918574], [0.0004176077350962724, -0.00029936095875537916, 0.9999998679933892, 0.023133499681499428], [-0.000716980977540691, -0.9999996982502057, -0.0002990614910991507, 0.035814495561141815], [0.0, 0.0, 0.0, 1.0]]}, "Hobj2base": {"type": "ndarray", "data": [[0.999999563415289, -0.0008260493730907278, -0.0004368199454825477, -0.736409658739056], [-0.0008267030912158445, -0.9999985355555108, -0.0014984821764851533, 0.09596335744318475], [-0.0004355814855215124, 0.0014988426426699802, -0.9999987818690093, 0.0013768434794898625], [0.0, 0.0, 0.0, 1.0]]}, "mean_rme": {"type": "float", "data": 0.0013428474514868428}, "max_rme": {"type": "float", "data": 0.0043930974228590935}, "simu": {"type": "float", "data": 0.002}}, {"type": "dict", "image_number": {"type": "int", "data": 7}, "Hcamera2end": {"type": "ndarray", "data": [[0.999999325867515, -0.0006138290012826808, -0.0009856360751535577, -0.009556318891375894], [0.0009851172305566562, -0.0008449886887311742, 0.9999991577687244, 0.023421248889513722], [-0.0006146613356314083, -0.999999454603888, -0.000844383425571138, 0.03594255144717152], [0.0, 0.0, 0.0, 1.0]]}, "Hobj2base": {"type": "ndarray", "data": [[0.9999997553936542, -0.0006923291686244243, -9.946333062493607e-05, -0.7362576106812023], [-0.0006924564337277288, -0.9999989343401037, -0.0012852325645403705, 0.09552407276884432], [-9.857342063795617e-05, 0.0012853011241875404, -0.9999991691418058, 0.0014771157941904486], [0.0, 0.0, 0.0, 1.0]]}, "mean_rme": {"type": "float", "data": 0.0012767466426136605}, "max_rme": {"type": "float", "data": 0.004369164100717804}, "simu": {"type": "float", "data": 0.002}}, {"type": "dict", "image_number": {"type": "int", "data": 8}, "Hcamera2end": {"type": "ndarray", "data": [[0.9999988415728511, -0.00034437548501236985, -0.0014826525152635745, -0.0092016682447215], [0.001482504731581622, -0.0004289948849589553, 0.9999988090708457, 0.023665199372411565], [-0.00034501112523078407, -0.9999998486844456, -0.00042848384971372333, 0.03563589781592134], [0.0, 0.0, 0.0, 1.0]]}, "Hobj2base": {"type": "ndarray", "data": [[0.9999998363494024, -0.00044221805933745344, -0.0003629660542967254, -0.7366639681487692], [-0.0004427780458244647, -0.9999987097283691, -0.0015441791343876886, 0.09506838077320288], [-0.00036228272207184433, 0.0015443395950820726, -0.9999987418824308, 0.0011601656014845474], [0.0, 0.0, 0.0, 1.0]]}, "mean_rme": {"type": "float", "data": 0.001516322181309571}, "max_rme": {"type": "float", "data": 0.004087039744336107}, "simu": {"type": "float", "data": 0.002}}, {"type": "dict", "image_number": {"type": "int", "data": 9}, "Hcamera2end": {"type": "ndarray", "data": [[0.9999990736954056, -0.000709675500936939, -0.0011614512533780926, -0.00959168768189387], [0.0011615500619652718, 0.0001388343627595212, 0.9999993157630027, 0.02370717418913531], [-0.0007095137660060658, -0.9999997385428174, 0.00013965855777864356, 0.03575508290421043], [0.0, 0.0, 0.0, 1.0]]}, "Hobj2base": {"type": "ndarray", "data": [[0.9999994540847393, -0.0007851326060034299, -0.0006894904018586793, -0.7371075554396495], [-0.0007860953630001044, -0.9999987149812499, -0.0013971721183388386, 0.09518079281522425], [-0.0006883925504642786, 0.0013977133608089917, -0.9999987862557917, 0.0014471328311258832], [0.0, 0.0, 0.0, 1.0]]}, "mean_rme": {"type": "float", "data": 0.0015211495966291563}, "max_rme": {"type": "float", "data": 0.004414061833141969}, "simu": {"type": "float", "data": 0.002}}, {"type": "dict", "image_number": {"type": "int", "data": 10}, "Hcamera2end": {"type": "ndarray", "data": [[0.9999990014249835, -0.00046032781102188497, -0.0013361314838939793, -0.009322195587603044], [0.001336052979018004, -0.0001708065632479716, 0.9999990928933661, 0.02375816126092801], [-0.0004605556134822853, -0.9999998794617048, -0.00017019137034157694, 0.0355996966061353], [0.0, 0.0, 0.0, 1.0]]}, "Hobj2base": {"type": "ndarray", "data": [[0.999999826450579, -0.0005341183303318868, -0.00024862908333262514, -0.7370119880906882], [-0.0005345120449008334, -0.9999985991669205, -0.001586178133427185, 0.09501176806812525], [-0.00024778152822854557, 0.0015863107533866424, -0.9999987111104236, 0.0011090951714468555], [0.0, 0.0, 0.0, 1.0]]}, "mean_rme": {"type": "float", "data": 0.001613074853740258}, "max_rme": {"type": "float", "data": 0.0041186662576427335}, "simu": {"type": "float", "data": 0.002}}, {"type": "dict", "image_number": {"type": "int", "data": 11}, "Hcamera2end": {"type": "ndarray", "data": [[0.9999989932934004, -0.00037454554285243856, -0.001368622600363631, -0.00933258586555467], [0.0013685354401858853, -0.0002328665902198157, 0.999999036441486, 0.023758687986215624], [-0.00037486388843413585, -0.9999999027443892, -0.00023235377694197368, 0.0356044274228555], [0.0, 0.0, 0.0, 1.0]]}, "Hobj2base": {"type": "ndarray", "data": [[0.9999998143491395, -0.00048772077464935483, -0.0003652808953031416, -0.7370657823023131], [-0.0004882849695200584, -0.9999986856411658, -0.001546057479461131, 0.09504506407654899], [-0.0003645263708414346, 0.001546235553605059, -0.9999987381372728, 0.0011678158047479564], [0.0, 0.0, 0.0, 1.0]]}, "mean_rme": {"type": "float", "data": 0.001516844133254078}, "max_rme": {"type": "float", "data": 0.0041837618102409935}, "simu": {"type": "float", "data": 0.002}}, {"type": "dict", "image_number": {"type": "int", "data": 12}, "Hcamera2end": {"type": "ndarray", "data": [[0.9999989359613729, -0.0004945425226646045, -0.0013724080352542469, -0.009471815375111017], [0.001372321935448771, -0.0001743972019585538, 0.999999043158603, 0.02371108239591207], [-0.00049478139358714, -0.9999998625066453, -0.00017371834484136706, 0.03560390593356254], [0.0, 0.0, 0.0, 1.0]]}, "Hobj2base": {"type": "ndarray", "data": [[0.9999997822306584, -0.0005713459280537244, -0.0003303066244141256, -0.7371106134074523], [-0.0005718701513508357, -0.999998573749326, -0.0015891708038584754, 0.09520214467075376], [-0.0003293981870463135, 0.001589359350285092, -0.9999986827159775, 0.001284229397866173], [0.0, 0.0, 0.0, 1.0]]}, "mean_rme": {"type": "float", "data": 0.001491270811882606}, "max_rme": {"type": "float", "data": 0.00427813015364803}, "simu": {"type": "float", "data": 0.002}}, {"type": "dict", "image_number": {"type": "int", "data": 13}, "Hcamera2end": {"type": "ndarray", "data": [[0.9999969976275469, -0.00045060214132490017, -0.002408670505110762, -0.009582028706416237], [0.0024085349337123036, -0.0003011682832174678, 0.9999970541242301, 0.023834619192199577], [-0.0004513262290678306, -0.9999998531276769, -0.0003000820879994759, 0.035720902610308594], [0.0, 0.0, 0.0, 1.0]]}, "Hobj2base": {"type": "ndarray", "data": [[0.9999998137645145, -0.000516611609429798, -0.00032493596486235824, -0.7372073449410732], [-0.0005174506271254454, -0.9999965189533602, -0.002587339562248439, 0.09454895725419896], [-0.00032359818408971507, 0.002587507218712793, -0.9999966000395244, 0.001446870232915441], [0.0, 0.0, 0.0, 1.0]]}, "mean_rme": {"type": "float", "data": 0.0014844857856247246}, "max_rme": {"type": "float", "data": 0.004563190122793492}, "simu": {"type": "float", "data": 0.002}}, {"type": "dict", "image_number": {"type": "int", "data": 14}, "Hcamera2end": {"type": "ndarray", "data": [[0.9999964192156319, -0.0008409484291262895, -0.002540543574465716, -0.009360911155444705], [0.002540423229606993, -0.00014414337358314988, 0.9999967627310111, 0.023899922076053265], [-0.000841311909271577, -0.9999996360141474, -0.00014200649251239206, 0.03565145818141871], [0.0, 0.0, 0.0, 1.0]]}, "Hobj2base": {"type": "ndarray", "data": [[0.9999995121603062, -0.0009101989155728168, -0.0003836887848391289, -0.7372942230450032], [-0.0009111509865536979, -0.999996488494604, -0.0024885341750772788, 0.09469382374366302], [-0.00038142237640636937, 0.0024888825594863648, -0.9999968299852631, 0.0013873839003300367], [0.0, 0.0, 0.0, 1.0]]}, "mean_rme": {"type": "float", "data": 0.0014298454415566696}, "max_rme": {"type": "float", "data": 0.00440407804715659}, "simu": {"type": "float", "data": 0.002}}, {"type": "dict", "image_number": {"type": "int", "data": 15}, "Hcamera2end": {"type": "ndarray", "data": [[0.9999972221683091, -0.0006859894722079799, -0.002255010889005594, -0.009137299821880135], [0.002254930149883915, -0.00011844798946447632, 0.9999974506267967, 0.023888223464000893], [-0.0006862548248708253, -0.9999997576942293, -0.00011690080209247888, 0.03565317736965092], [0.0, 0.0, 0.0, 1.0]]}, "Hobj2base": {"type": "ndarray", "data": [[0.9999996458792874, -0.0007696922329838702, -0.00034031627415384715, -0.737235467212829], [-0.0007704184012539265, -0.9999974158913152, -0.002138846927425507, 0.09495769664127801], [-0.00033866914087202666, 0.0021391083559353626, -0.9999976547565772, 0.0013341046403274456], [0.0, 0.0, 0.0, 1.0]]}, "mean_rme": {"type": "float", "data": 0.0014053230531183604}, "max_rme": {"type": "float", "data": 0.004283088809402147}, "simu": {"type": "float", "data": 0.002}}, {"type": "dict", "image_number": {"type": "int", "data": 16}, "Hcamera2end": {"type": "ndarray", "data": [[0.9999974973889353, -0.0014240764647288119, -0.0017254628622234986, -0.008930648194002173], [0.0017254993420658569, 2.4388265806196685e-05, 0.9999985110275081, 0.023879919645036517], [-0.0014240322632712067, -0.9999989857052033, 2.68454477748703e-05, 0.03557529512446788], [0.0, 0.0, 0.0, 1.0]]}, "Hobj2base": {"type": "ndarray", "data": [[0.9999987952961646, -0.0015017832815113529, -0.0003924961079843663, -0.7373069002407847], [-0.0015025243375550914, -0.9999970763865076, -0.001894634279535817, 0.09541373832017207], [-0.0003896496303918639, 0.0018952217320172759, -0.9999981281521244, 0.0012617599356952863], [0.0, 0.0, 0.0, 1.0]]}, "mean_rme": {"type": "float", "data": 0.0014034925418229996}, "max_rme": {"type": "float", "data": 0.004159774181079601}, "simu": {"type": "float", "data": 0.002}}, {"type": "dict", "image_number": {"type": "int", "data": 17}, "Hcamera2end": {"type": "ndarray", "data": [[0.999999340352771, -0.001109531294042993, -0.000297042640426594, -0.008721166251617885], [0.0002970655165796699, 2.0453108066420533e-05, 0.9999999556668735, 0.023754743028909286], [-0.001109525169408777, -0.9999993842607993, 2.0782698061605487e-05, 0.03556880237428794], [0.0, 0.0, 0.0, 1.0]]}, "Hobj2base": {"type": "ndarray", "data": [[0.9999992323480079, -0.0011929659954144323, -0.00033486643421331376, -0.7372165351563049], [-0.0011932414412826446, -0.999998948958563, -0.0008235633750064789, 0.09620898236914727], [-0.000333883599153364, 0.0008239623193030114, -0.9999996048038415, 0.0012016686608144903], [0.0, 0.0, 0.0, 1.0]]}, "mean_rme": {"type": "float", "data": 0.0014242489702196456}, "max_rme": {"type": "float", "data": 0.0040756011721736485}, "simu": {"type": "float", "data": 0.002}}, {"type": "dict", "image_number": {"type": "int", "data": 18}, "Hcamera2end": {"type": "ndarray", "data": [[0.9999993624667183, -0.0011246796800741818, -0.00010080562567517631, -0.008800508375642417], [0.00010076713849219556, -3.427718581372474e-05, 0.9999999943355292, 0.023856215321699334], [-0.0011246831290366286, -0.9999993669601456, -3.416383320775651e-05, 0.03561801382425823], [0.0, 0.0, 0.0, 1.0]]}, "Hobj2base": {"type": "ndarray", "data": [[0.9999992345807507, -0.0012029867424980594, -0.0002892417848631051, -0.737224090797649], [-0.0012031018686597201, -0.999999196997603, -0.0003981834285248126, 0.09619577091240221], [-0.0002887625432156608, 0.0003985311110794149, -0.9999998788945663, 0.0011980681434754009], [0.0, 0.0, 0.0, 1.0]]}, "mean_rme": {"type": "float", "data": 0.0013797238028457016}, "max_rme": {"type": "float", "data": 0.004164253601363133}, "simu": {"type": "float", "data": 0.002}}, {"type": "dict", "image_number": {"type": "int", "data": 19}, "Hcamera2end": {"type": "ndarray", "data": [[0.9999988686443277, -0.0013804287924640338, -0.0005976005467055542, -0.008755563629240966], [0.0005974371766650757, -0.00011875664296856492, 0.9999998144828226, 0.023829799638241108], [-0.0013804995054055437, -0.9999990401561436, -0.00011793178913221958, 0.03559282672744529], [0.0, 0.0, 0.0, 1.0]]}, "Hobj2base": {"type": "ndarray", "data": [[0.9999989458368657, -0.0014335963997823321, -0.00023049190881306564, -0.7370838509660086], [-0.0014337615629616454, -0.9999987143960565, -0.0007180069737247217, 0.09598983539790772], [-0.00022946228027920842, 0.0007183366872676696, -0.9999997156696923, 0.0011116807916726932], [0.0, 0.0, 0.0, 1.0]]}, "mean_rme": {"type": "float", "data": 0.0013942770028308662}, "max_rme": {"type": "float", "data": 0.003985127127550003}, "simu": {"type": "float", "data": 0.002}}, {"type": "dict", "image_number": {"type": "int", "data": 20}, "Hcamera2end": {"type": "ndarray", "data": [[0.9999982952300629, -0.0017193024791737582, -0.0006734507799621769, -0.008664373583222362], [0.0006735848562610948, 7.740510394582678e-05, 0.9999997701459195, 0.023832060463387646], [-0.0017192499554574418, -0.9999985190026209, 7.856306810116731e-05, 0.03641349939392252], [0.0, 0.0, 0.0, 1.0]]}, "Hobj2base": {"type": "ndarray", "data": [[0.9999983990584049, -0.0017619055746981218, -0.00031236096597569014, -0.7379293671916675], [-0.001762138895644263, -0.999998167481776, -0.0007482643935088179, 0.09598833731753016], [-0.0003110420223622562, 0.000748813618988853, -0.9999996712654582, 0.0010604447347631496], [0.0, 0.0, 0.0, 1.0]]}, "mean_rme": {"type": "float", "data": 0.0013999534048215448}, "max_rme": {"type": "float", "data": 0.003972904476541472}, "simu": {"type": "float", "data": 0.002}}, {"type": "dict", "image_number": {"type": "int", "data": 21}, "Hcamera2end": {"type": "ndarray", "data": [[0.9999979220912909, -0.001950463335450711, -0.0005928793110292223, -0.008707516539753334], [0.0005936664514355101, 0.0004030116494533331, 0.9999997425708443, 0.022655824273126495], [-0.0019502238960755166, -0.999998016635227, 0.0004041687366789226, 0.035714535566211555], [0.0, 0.0, 0.0, 1.0]]}, "Hobj2base": {"type": "ndarray", "data": [[0.9999978649713495, -0.001990903575193741, -0.0005534940803901764, -0.7374821718727848], [-0.001991223071756339, -0.9999978508839436, -0.0005772851751297404, 0.09601205985327016], [-0.0005523435717480886, 0.0005783860727923056, -0.999999680193014, 0.0023303080697280043], [0.0, 0.0, 0.0, 1.0]]}, "mean_rme": {"type": "float", "data": 0.0014265229795719855}, "max_rme": {"type": "float", "data": 0.004273606769270355}, "simu": {"type": "float", "data": 0.002}}, {"type": "dict", "image_number": {"type": "int", "data": 22}, "Hcamera2end": {"type": "ndarray", "data": [[0.9999978861190059, -0.0020429521003772614, -0.00023260317139517665, -0.008789716678910282], [0.00023415388679386866, 0.0007588497910312464, 0.9999996846594265, 0.022418617884134948], [-0.0020427749452835674, -0.9999976252440356, 0.000759326552087991, 0.034948574049320835], [0.0, 0.0, 0.0, 1.0]]}, "Hobj2base": {"type": "ndarray", "data": [[0.9999976469789814, -0.0020561604986126703, -0.0006915493506107357, -0.7368073240586973], [-0.002056298533722151, -0.9999978660251558, -0.00019895093599460142, 0.09611301031568979], [-0.0006911387998060637, 0.0002003724997745247, -0.9999997410889769, 0.0026749398629323973], [0.0, 0.0, 0.0, 1.0]]}, "mean_rme": {"type": "float", "data": 0.0014228678674493502}, "max_rme": {"type": "float", "data": 0.004347366004542885}, "simu": {"type": "float", "data": 0.002}}, {"type": "dict", "image_number": {"type": "int", "data": 23}, "Hcamera2end": {"type": "ndarray", "data": [[0.9999975567477506, -0.0022074725256260187, -0.00011646277490035212, -0.00881800396529232], [0.00011831144686304533, 0.0008373488325449374, 0.9999996424246029, 0.02176387302982802], [-0.0022073742163195567, -0.9999972129521066, 0.0008376079559589966, 0.03440986919728832], [0.0, 0.0, 0.0, 1.0]]}, "Hobj2base": {"type": "ndarray", "data": [[0.9999973774344072, -0.0021972920341768146, -0.0006457801672444633, -0.7363325211307582], [-0.002197330451934885, -0.9999975841385698, -5.878698330073927e-05, 0.0961596376217315], [-0.0006456494349589447, 6.020582155476142e-05, -0.9999997897560111, 0.003361979220794345], [0.0, 0.0, 0.0, 1.0]]}, "mean_rme": {"type": "float", "data": 0.0014146494096894085}, "max_rme": {"type": "float", "data": 0.004518061525135897}, "simu": {"type": "float", "data": 0.002}}, {"type": "dict", "image_number": {"type": "int", "data": 24}, "Hcamera2end": {"type": "ndarray", "data": [[0.9999973685526387, -0.0022866872743110248, -0.00018425283634209127, -0.008833116121897848], [0.0001861652516470958, 0.0008361410166646266, 0.9999996331052825, 0.021791533360414443], [-0.0022865323739836405, -0.9999970359603623, 0.0008365645181154235, 0.034043908962255204], [0.0, 0.0, 0.0, 1.0]]}, "Hobj2base": {"type": "ndarray", "data": [[0.9999972643084407, -0.002272419099972988, -0.0005545151653514956, -0.7359223896169724], [-0.0022724818000874236, -0.9999974115853474, -0.00011246810177373336, 0.09614619812903323], [-0.0005542581553737081, 0.00011372791971683038, -0.9999998399319159, 0.003347952822667269], [0.0, 0.0, 0.0, 1.0]]}, "mean_rme": {"type": "float", "data": 0.0013917893428166358}, "max_rme": {"type": "float", "data": 0.004523875909632213}, "simu": {"type": "float", "data": 0.002}}, {"type": "dict", "image_number": {"type": "int", "data": 25}, "Hcamera2end": {"type": "ndarray", "data": [[0.999997907214825, -0.0020089321129569304, -0.0003869854465551805, -0.008836570376276588], [0.00038850936879917175, 0.000758238477628792, 0.9999996370673748, 0.02203308938176209], [-0.002008637956594064, -0.9999976946304309, 0.0007590173797457078, 0.03342491772263383], [0.0, 0.0, 0.0, 1.0]]}, "Hobj2base": {"type": "ndarray", "data": [[0.999997933645065, -0.0019811623911809174, -0.00045574244934919184, -0.7352422104616381], [-0.0019813226623814776, -0.9999979754061961, -0.00035148828912148495, 0.09595434602684205], [-0.00045504517127650443, 0.0003523905356650289, -0.9999998343773882, 0.0031324074761284893], [0.0, 0.0, 0.0, 1.0]]}, "mean_rme": {"type": "float", "data": 0.0013953372966271412}, "max_rme": {"type": "float", "data": 0.00446184167178254}, "simu": {"type": "float", "data": 0.002}}, {"type": "dict", "image_number": {"type": "int", "data": 26}, "Hcamera2end": {"type": "ndarray", "data": [[0.9999980806598048, -0.0019580938585026203, -6.74177110415419e-05, -0.008788506100176414], [6.910954881763579e-05, 0.0008639680098467828, 0.9999996243915036, 0.021488757439511237], [-0.001958034876280293, -0.999997709711237, 0.0008641016745813968, 0.033815353566318124], [0.0, 0.0, 0.0, 1.0]]}, "Hobj2base": {"type": "ndarray", "data": [[0.9999979797159233, -0.0019272903580207662, -0.0005710656247962503, -0.7357522548024288], [-0.0019273571716489591, -0.9999981358626884, -0.0001164709451372378, 0.09615558785247767], [-0.0005708400869219592, 0.00011757135726027519, -0.9999998301592712, 0.0036691362019481634], [0.0, 0.0, 0.0, 1.0]]}, "mean_rme": {"type": "float", "data": 0.0014154121820381337}, "max_rme": {"type": "float", "data": 0.004590034553746514}, "simu": {"type": "float", "data": 0.002}}, {"type": "dict", "image_number": {"type": "int", "data": 27}, "Hcamera2end": {"type": "ndarray", "data": [[0.9999977689327535, -0.002049418137024682, -0.0005118738272007208, -0.008750911494635825], [0.0005136509768441651, 0.0008667159747417497, 0.9999994924829179, 0.02100505514385852], [-0.0020489734476868814, -0.9999975243412951, 0.0008677667266681066, 0.033127880407224614], [0.0, 0.0, 0.0, 1.0]]}, "Hobj2base": {"type": "ndarray", "data": [[0.9999979099596289, -0.001974052970598648, -0.0005321571603405078, -0.7351126088547824], [-0.001974396582374264, -0.9999978422537152, -0.0006459458560953588, 0.09591179090648595], [-0.0005308808807443012, 0.0006469951953211043, -0.9999996497812924, 0.004172215542549636], [0.0, 0.0, 0.0, 1.0]]}, "mean_rme": {"type": "float", "data": 0.0014642441931071218}, "max_rme": {"type": "float", "data": 0.00473720472334116}, "simu": {"type": "float", "data": 0.002}}, {"type": "dict", "image_number": {"type": "int", "data": 28}, "Hcamera2end": {"type": "ndarray", "data": [[0.9999985662509902, -0.001667707046807348, -0.0002936820903452765, -0.0086713503426799], [0.0002951880674105287, 0.0009028482148386585, 0.9999995488644511, 0.021192929819021898], [-0.0016674411440944156, -0.9999982018075366, 0.000903339207601106, 0.03340952070207932], [0.0, 0.0, 0.0, 1.0]]}, "Hobj2base": {"type": "ndarray", "data": [[0.9999985440591863, -0.0016157527016388712, -0.0005488376033113588, -0.7353872378551747], [-0.0016160017751827096, -0.99999859135527, -0.00045368021601441364, 0.09602295583424636], [-0.0005481037951594558, 0.0004545664780241089, -0.9999997464757413, 0.003971494503569505], [0.0, 0.0, 0.0, 1.0]]}, "mean_rme": {"type": "float", "data": 0.0014462685787773506}, "max_rme": {"type": "float", "data": 0.004682229047157538}, "simu": {"type": "float", "data": 0.002}}, {"type": "dict", "image_number": {"type": "int", "data": 29}, "Hcamera2end": {"type": "ndarray", "data": [[0.9999983264963607, -0.0016777055564839054, -0.0007295947805973973, -0.008646969365569013], [0.0007311131022976114, 0.0009045637705132892, 0.9999993236187797, 0.021000104246139528], [-0.0016770444567096897, -0.9999981835325759, 0.0009057888492366439, 0.03300263042855285], [0.0, 0.0, 0.0, 1.0]]}, "Hobj2base": {"type": "ndarray", "data": [[0.9999986203618235, -0.001587654645206733, -0.0004884948075583628, -0.7349776069794737], [-0.0015881161853663903, -0.999998291589739, -0.0009458882515766257, 0.09588516782148325], [-0.00048699222913235914, 0.000946662733103434, -0.9999994333339584, 0.004160652887821321], [0.0, 0.0, 0.0, 1.0]]}, "mean_rme": {"type": "float", "data": 0.001432575729518886}, "max_rme": {"type": "float", "data": 0.004724667838159169}, "simu": {"type": "float", "data": 0.002}}, {"type": "dict", "image_number": {"type": "int", "data": 30}, "Hcamera2end": {"type": "ndarray", "data": [[0.9999977016870814, -0.00207792061581803, -0.0005280780902473137, -0.008651310611883524], [0.0005296290671375013, 0.000745928696101017, 0.9999995815416282, 0.02177978380134326], [-0.0020775258376934547, -0.9999975629151775, 0.0007470275088808931, 0.032659364679634], [0.0, 0.0, 0.0, 1.0]]}, "Hobj2base": {"type": "ndarray", "data": [[0.9999979181583629, -0.0020134441324478236, -0.00033124260842609036, -0.7344599512236549], [-0.0020137112690110045, -0.9999976459509812, -0.0008081209198053456, 0.09590886914019028], [-0.0003296147223404626, 0.0008087862643989312, -0.9999996186093838, 0.003395357903930553], [0.0, 0.0, 0.0, 1.0]]}, "mean_rme": {"type": "float", "data": 0.0014743086613059574}, "max_rme": {"type": "float", "data": 0.0047485481130180585}, "simu": {"type": "float", "data": 0.002}}]}