{"type": "list", "data": [{"type": "dict", "image_number": {"type": "int", "data": 5}, "Hcamera2end": {"type": "ndarray", "data": [[0.9999987038753958, 0.0011329897632018314, -0.00114393257009899, -0.011165502841136774], [0.0011460625886073725, -0.001881136439157327, 0.9999975739301773, 0.03237832509439793], [0.0011308351212480053, -0.9999975888270402, -0.0018824324781510082, 0.03421670900524572], [0.0, 0.0, 0.0, 1.0]]}, "Hobj2base": {"type": "ndarray", "data": [[0.9999896441064652, 0.0026701455968003176, 0.0036853768215682494, -0.7335203854662982], [0.002668452011073142, -0.9999963318495337, 0.0004643827535553345, 0.09132555454844023], [0.0036866032726161784, -0.0004545436932659032, -0.9999931011493735, -0.00638024834870885], [0.0, 0.0, 0.0, 1.0]]}, "mean_rme": {"type": "float", "data": 0.001489166005116721}, "max_rme": {"type": "float", "data": 0.004118498527868053}, "simu": {"type": "float", "data": 0.002}}, {"type": "dict", "image_number": {"type": "int", "data": 6}, "Hcamera2end": {"type": "ndarray", "data": [[0.9999982408078814, 0.001008777703407926, -0.001581375568146622, -0.01107525212248283], [0.001583762446045664, -0.002369714547582502, 0.9999959380664891, 0.03225328257203639], [0.0010050261971309392, -0.9999966834047542, -0.0023713080430425304, 0.034359227532597854], [0.0, 0.0, 0.0, 1.0]]}, "Hobj2base": {"type": "ndarray", "data": [[0.9999890926587651, 0.002708451096161877, 0.0038051092178112613, -0.7333579796059307], [0.002706968853764262, -0.9999962582839332, 0.0003946362350397063, 0.09120200994851523], [0.0038061638331163437, -0.0003843316184698407, -0.9999926826762697, -0.0061510883060046], [0.0, 0.0, 0.0, 1.0]]}, "mean_rme": {"type": "float", "data": 0.0012749583410132251}, "max_rme": {"type": "float", "data": 0.004162499098590566}, "simu": {"type": "float", "data": 0.002}}, {"type": "dict", "image_number": {"type": "int", "data": 7}, "Hcamera2end": {"type": "ndarray", "data": [[0.9999974435215839, 0.0015316874581815573, -0.0016633952708237797, -0.01086690236790512], [0.0016657060308269377, -0.0015085989636960395, 0.9999974747731047, 0.032682873759159306], [0.0015291741939414108, -0.9999976890286787, -0.0015111464480319636, 0.03425625941205759], [0.0, 0.0, 0.0, 1.0]]}, "Hobj2base": {"type": "ndarray", "data": [[0.9999924775850689, 0.0027169409599164386, 0.0027682133400136573, -0.7345779231365503], [0.002715203649099342, -0.9999961146469425, 0.0006311577960579073, 0.0912776465018925], [0.0027699174029957724, -0.0006236367852647878, -0.9999959693092475, -0.006032035604396794], [0.0, 0.0, 0.0, 1.0]]}, "mean_rme": {"type": "float", "data": 0.0014343884760145147}, "max_rme": {"type": "float", "data": 0.00461734801227473}, "simu": {"type": "float", "data": 0.002}}, {"type": "dict", "image_number": {"type": "int", "data": 8}, "Hcamera2end": {"type": "ndarray", "data": [[0.9999968743070291, 0.001349483792358504, -0.0021048205780922046, -0.010994386137758334], [0.002108060539323972, -0.0024039791770533725, 0.9999948884693755, 0.03234336858645061], [0.0013444169495896046, -0.9999961998815847, -0.0024068164564836625, 0.03428065126324541], [0.0, 0.0, 0.0, 1.0]]}, "Hobj2base": {"type": "ndarray", "data": [[0.9999887141918121, 0.0030707858343936856, 0.003625157012525952, -0.7335974785862561], [0.003069352127695572, -0.9999952091326303, 0.00040098541520043775, 0.09091048966101702], [0.003626370985212307, -0.00038985400636632866, -0.9999933487015458, -0.006031453611690871], [0.0, 0.0, 0.0, 1.0]]}, "mean_rme": {"type": "float", "data": 0.0015074606061881264}, "max_rme": {"type": "float", "data": 0.0052438737030358895}, "simu": {"type": "float", "data": 0.002}}, {"type": "dict", "image_number": {"type": "int", "data": 9}, "Hcamera2end": {"type": "ndarray", "data": [[0.9999956056170012, 0.0015301402717722862, -0.002539176527084636, -0.010788445501524427], [0.002542973086676655, -0.0024843675970649404, 0.9999936805827941, 0.03223734480110937], [0.0015238223542904088, -0.999995743285136, -0.002488247785332076, 0.03434602440125255], [0.0, 0.0, 0.0, 1.0]]}, "Hobj2base": {"type": "ndarray", "data": [[0.9999886700445824, 0.0032697917133000273, 0.003459515084381718, -0.7336592679781425], [0.0032700435671331857, -0.9999946511389084, -6.71464183088047e-05, 0.0904501298463631], [0.0034592770251139246, 7.845842258996146e-05, -0.999994013605451, -0.005679057865704761], [0.0, 0.0, 0.0, 1.0]]}, "mean_rme": {"type": "float", "data": 0.001537577493539743}, "max_rme": {"type": "float", "data": 0.005225531487636187}, "simu": {"type": "float", "data": 0.002}}, {"type": "dict", "image_number": {"type": "int", "data": 10}, "Hcamera2end": {"type": "ndarray", "data": [[0.9999954245631523, 0.0017605245560209635, -0.0024599605786577985, -0.010820346606997235], [0.0024625072943400303, -0.0014458636644638645, 0.9999959227597326, 0.03250718801773426], [0.0017569606103226571, -0.9999974050124087, -0.0014501923535670258, 0.034180832673540065], [0.0, 0.0, 0.0, 1.0]]}, "Hobj2base": {"type": "ndarray", "data": [[0.9999923905449958, 0.0030280474629376247, 0.002459630189044065, -0.7346268291780091], [0.003027762131207889, -0.9999954091511098, 0.00011972126639748444, 0.09059733558181317], [0.0024599814189305153, -0.00011227318024073141, -0.9999969679384793, -0.0056699553721278936], [0.0, 0.0, 0.0, 1.0]]}, "mean_rme": {"type": "float", "data": 0.001655705460785806}, "max_rme": {"type": "float", "data": 0.005129430503259078}, "simu": {"type": "float", "data": 0.002}}, {"type": "dict", "image_number": {"type": "int", "data": 11}, "Hcamera2end": {"type": "ndarray", "data": [[0.9999946237575944, 0.0019955259529032985, -0.002601986179543268, -0.010689019580665829], [0.002604053220271304, -0.0010339397899938874, 0.9999960749299653, 0.03252134862435638], [0.001992827823280134, -0.9999974744191519, -0.001039130687066736, 0.034265346117018786], [0.0, 0.0, 0.0, 1.0]]}, "Hobj2base": {"type": "ndarray", "data": [[0.9999933944501276, 0.003080410198630685, 0.0019292820218233505, -0.7350329858818728], [0.0030804060296416333, -0.9999952555249205, 5.132393902769105e-06, 0.09052218009168281], [0.0019292886782713982, 8.106119724186356e-07, -0.9999981389205375, -0.0054192677321885175], [0.0, 0.0, 0.0, 1.0]]}, "mean_rme": {"type": "float", "data": 0.001628622325677278}, "max_rme": {"type": "float", "data": 0.004996442781002322}, "simu": {"type": "float", "data": 0.002}}, {"type": "dict", "image_number": {"type": "int", "data": 12}, "Hcamera2end": {"type": "ndarray", "data": [[0.999993408257766, 0.001900101669085004, -0.003094035336615045, -0.010512159648201201], [0.0030954857262291023, -0.000760856209970795, 0.9999949195200679, 0.03257514363634941], [0.0018977378996568733, -0.9999979053535439, -0.0007667329321976446, 0.03425870557003196], [0.0, 0.0, 0.0, 1.0]]}, "Hobj2base": {"type": "ndarray", "data": [[0.9999946113390008, 0.002850666777316948, 0.001628186686289134, -0.735406817396249], [0.0028512447535714368, -0.9999958729695575, -0.0003527707581042191, 0.09026613268530413], [0.001627174334832977, 0.00035741121588931003, -0.9999986122794906, -0.005191436227336759], [0.0, 0.0, 0.0, 1.0]]}, "mean_rme": {"type": "float", "data": 0.0017085766889587514}, "max_rme": {"type": "float", "data": 0.004750804159023292}, "simu": {"type": "float", "data": 0.002}}, {"type": "dict", "image_number": {"type": "int", "data": 13}, "Hcamera2end": {"type": "ndarray", "data": [[0.9999933122504259, 0.0018753770104644762, -0.0031398113782409687, -0.01051190057674922], [0.0031406734093638576, -0.00045688953069422666, 0.9999949636985642, 0.03259323599038703], [0.001873933018553473, -0.9999981371047776, -0.0004627764218407826, 0.03419674771232314], [0.0, 0.0, 0.0, 1.0]]}, "Hobj2base": {"type": "ndarray", "data": [[0.9999953176988645, 0.0026694863463416303, 0.00149613602115395, -0.7355672346249469], [0.002669934180294685, -0.9999963914929582, -0.00029740970820651275, 0.09028315546977346], [0.0014953366911812558, 0.0003014029003459473, -0.9999988365615589, -0.005183321611614735], [0.0, 0.0, 0.0, 1.0]]}, "mean_rme": {"type": "float", "data": 0.0016157827409841407}, "max_rme": {"type": "float", "data": 0.004757534825056142}, "simu": {"type": "float", "data": 0.002}}, {"type": "dict", "image_number": {"type": "int", "data": 14}, "Hcamera2end": {"type": "ndarray", "data": [[0.9999950066819356, 0.001969138668431154, -0.0024716601910635435, -0.010618818688583304], [0.0024725026662422477, -0.0004255200219795974, 0.9999968528266858, 0.03237132425589862], [0.0019680807303116567, -0.9999979707107487, -0.0004303865978307897, 0.03394254363180826], [0.0, 0.0, 0.0, 1.0]]}, "Hobj2base": {"type": "ndarray", "data": [[0.9999953056563481, 0.0026936566125658756, 0.0014604380577790581, -0.7352825874976148], [0.0026931180819888424, -0.9999963048832416, 0.0003705871811769158, 0.09041692921833942], [0.0014614308959010258, -0.0003666523093723049, -0.9999988648922657, -0.005297520290233643], [0.0, 0.0, 0.0, 1.0]]}, "mean_rme": {"type": "float", "data": 0.0016755243508345908}, "max_rme": {"type": "float", "data": 0.004716323414641677}, "simu": {"type": "float", "data": 0.002}}, {"type": "dict", "image_number": {"type": "int", "data": 15}, "Hcamera2end": {"type": "ndarray", "data": [[0.9999917799631127, 0.0022304172025656836, -0.0033860368143263132, -0.010519261588131278], [0.0033875902454695594, -0.000693066300367029, 0.9999940219278473, 0.032320526943493556], [0.002228057120962904, -0.9999972724453831, -0.0007006163428950885, 0.03399546414675606], [0.0, 0.0, 0.0, 1.0]]}, "Hobj2base": {"type": "ndarray", "data": [[0.9999945627956508, 0.0029955223309155042, 0.0013788491941114365, -0.7352700703189232], [0.0029954849566450593, -0.9999955130994336, 2.9169776946229258e-05, 0.09009794957658968], [0.0013789303860704363, -2.5039296325748212e-05, -0.99999904896156, -0.005043001542941231], [0.0, 0.0, 0.0, 1.0]]}, "mean_rme": {"type": "float", "data": 0.0016238367481874708}, "max_rme": {"type": "float", "data": 0.004758579205732638}, "simu": {"type": "float", "data": 0.002}}, {"type": "dict", "image_number": {"type": "int", "data": 16}, "Hcamera2end": {"type": "ndarray", "data": [[0.9999924547389438, 0.0025041123277914678, -0.002969829394305401, -0.010520083146454327], [0.0029716677967502646, -0.0007307525265383141, 0.9999953175846628, 0.03246236823660772], [0.0025019303921642215, -0.9999965977053096, -0.0007381884027837238, 0.033998327757557005], [0.0, 0.0, 0.0, 1.0]]}, "Hobj2base": {"type": "ndarray", "data": [[0.999993929673469, 0.0032375023288867466, 0.0012880973890380912, -0.7354278178959165], [0.00323705764858411, -0.9999947004555898, 0.00034715776617489323, 0.09030486272612975], [0.0012892144867852559, -0.00034298601330858783, -0.9999991101429049, -0.005139763402525303], [0.0, 0.0, 0.0, 1.0]]}, "mean_rme": {"type": "float", "data": 0.001620958562585275}, "max_rme": {"type": "float", "data": 0.004912351240922708}, "simu": {"type": "float", "data": 0.002}}, {"type": "dict", "image_number": {"type": "int", "data": 17}, "Hcamera2end": {"type": "ndarray", "data": [[0.9999947714527203, 0.0019894588495068615, -0.0025493373075899635, -0.01045896628088265], [0.002550763707325043, -0.0007147710977652988, 0.9999964913472383, 0.03244453146304738], [0.001987629676560655, -0.9999977655753858, -0.0007198419999814298, 0.03413131920675051], [0.0, 0.0, 0.0, 1.0]]}, "Hobj2base": {"type": "ndarray", "data": [[0.9999948642184965, 0.002838726203504512, 0.0014876727369945147, -0.7353750041363636], [0.002837906489272291, -0.9999958203263577, 0.0005528259880921841, 0.0905918914043346], [0.001489235840626363, -0.0005486012727844696, -0.9999987406058342, -0.005125908134868792], [0.0, 0.0, 0.0, 1.0]]}, "mean_rme": {"type": "float", "data": 0.0016277799112661198}, "max_rme": {"type": "float", "data": 0.004742589210265935}, "simu": {"type": "float", "data": 0.002}}, {"type": "dict", "image_number": {"type": "int", "data": 18}, "Hcamera2end": {"type": "ndarray", "data": [[0.9999946968845413, 0.0014788975563151448, -0.0029015624777366583, -0.010595932142364633], [0.002902439549792357, -0.0005912572415194273, 0.9999956131201446, 0.03238873790174925], [0.0014771754987425636, -0.9999987316376417, -0.0005955465167715168, 0.03418585819280621], [0.0, 0.0, 0.0, 1.0]]}, "Hobj2base": {"type": "ndarray", "data": [[0.9999960829746964, 0.0023424788030754775, 0.0015319361347980614, -0.7353470574911419], [0.0023422772221767924, -0.9999972479715973, 0.000133366584280641, 0.09052430826467316], [0.0015322443272630234, -0.0001297778427659887, -0.9999988176918175, -0.0050803390575380435], [0.0, 0.0, 0.0, 1.0]]}, "mean_rme": {"type": "float", "data": 0.001616811871069404}, "max_rme": {"type": "float", "data": 0.004754795816937996}, "simu": {"type": "float", "data": 0.002}}, {"type": "dict", "image_number": {"type": "int", "data": 19}, "Hcamera2end": {"type": "ndarray", "data": [[0.999995056266101, 0.0016566581736563559, -0.0026726254981248934, -0.01063960510439636], [0.0026738265849773337, -0.0007232155164254017, 0.9999961637979969, 0.03246148342755266], [0.0016547189341511136, -0.9999983662201716, -0.0007276415577073259, 0.03418809131081998], [0.0, 0.0, 0.0, 1.0]]}, "Hobj2base": {"type": "ndarray", "data": [[0.9999956909414606, 0.002541194249175196, 0.0014698402290535685, -0.735395077956322], [0.0025407375307896166, -0.9999967234896641, 0.00031251037631970196, 0.09062646556089062], [0.0014706295626779776, -0.0003087745514599754, -0.9999988709528451, -0.005140274893421553], [0.0, 0.0, 0.0, 1.0]]}, "mean_rme": {"type": "float", "data": 0.0016049417377231939}, "max_rme": {"type": "float", "data": 0.004734017712435479}, "simu": {"type": "float", "data": 0.002}}, {"type": "dict", "image_number": {"type": "int", "data": 20}, "Hcamera2end": {"type": "ndarray", "data": [[0.9999932640187392, 0.001622281163158202, -0.0032924338984811974, -0.010779559703505307], [0.003293533619659475, -0.0006756811094481563, 0.9999943480296948, 0.03245863474700335], [0.00162004735868393, -0.9999984558282408, -0.0006810195956243881, 0.034170519997318884], [0.0, 0.0, 0.0, 1.0]]}, "Hobj2base": {"type": "ndarray", "data": [[0.9999958192126147, 0.002510847939830372, 0.0014342942217743725, -0.7354012476230943], [0.0025114737165525505, -0.9999967517792712, -0.0004346615662296486, 0.09022120518516841], [0.0014331981937720595, 0.0004382619412418452, -0.9999988769340731, -0.005049794402197982], [0.0, 0.0, 0.0, 1.0]]}, "mean_rme": {"type": "float", "data": 0.0015566576785776551}, "max_rme": {"type": "float", "data": 0.00473634385162891}, "simu": {"type": "float", "data": 0.002}}, {"type": "dict", "image_number": {"type": "int", "data": 21}, "Hcamera2end": {"type": "ndarray", "data": [[0.9999936335551385, 0.001679534708905586, -0.0031483348540026408, -0.010817938051511322], [0.0031497448288467953, -0.0008375197804175727, 0.9999946888199608, 0.03273898165762513], [0.0016768889958787597, -0.9999982388603385, -0.0008428045541584162, 0.033685478480981024], [0.0, 0.0, 0.0, 1.0]]}, "Hobj2base": {"type": "ndarray", "data": [[0.9999953111767838, 0.0026429687681930425, 0.0015467192821812376, -0.7348184896758946], [0.002643413242740303, -0.9999964654525901, -0.0002853922837697904, 0.09020551010274196], [0.0015459595323359173, 0.00028947956384914417, -0.9999987631045886, -0.005357478945960377], [0.0, 0.0, 0.0, 1.0]]}, "mean_rme": {"type": "float", "data": 0.0015423964052764163}, "max_rme": {"type": "float", "data": 0.004701664729775623}, "simu": {"type": "float", "data": 0.002}}, {"type": "dict", "image_number": {"type": "int", "data": 22}, "Hcamera2end": {"type": "ndarray", "data": [[0.9999934703724394, 0.0016702258226448557, -0.003204615138611777, -0.010855842280090837], [0.0032057751810908195, -0.0006923284946764863, 0.9999946218289094, 0.03197890581770579], [0.0016679981935096891, -0.9999983655121426, -0.0006976783425183264, 0.034859380402432104], [0.0, 0.0, 0.0, 1.0]]}, "Hobj2base": {"type": "ndarray", "data": [[0.9999956502791908, 0.002576421487914371, 0.001435783763315703, -0.7361370241321289], [0.0025768967030321078, -0.9999966256004611, -0.00032922799664084296, 0.09047427287126458], [0.0014349306883226652, 0.0003329264310369302, -0.9999989150663673, -0.004709519719305565], [0.0, 0.0, 0.0, 1.0]]}, "mean_rme": {"type": "float", "data": 0.0015732784683664136}, "max_rme": {"type": "float", "data": 0.004784554613333991}, "simu": {"type": "float", "data": 0.002}}, {"type": "dict", "image_number": {"type": "int", "data": 23}, "Hcamera2end": {"type": "ndarray", "data": [[0.9999938767926112, 0.0017159404161605082, -0.0030499058628185457, -0.01084905645468217], [0.0030500498567778284, -8.13048764931601e-05, 0.9999953452818608, 0.030679113852318706], [0.001715684456722035, -0.9999985244679139, -8.653808246705808e-05, 0.03391369707318632], [0.0, 0.0, 0.0, 1.0]]}, "Hobj2base": {"type": "ndarray", "data": [[0.9999969243255458, 0.0023172790009221072, 0.000884057396613618, -0.7356318992229781], [0.002317437575349689, -0.999997298826576, -0.00017838900176537213, 0.0913347264957403], [0.0008836416315334866, 0.0001804372009285547, -0.9999995933098589, -0.0034640997564006986], [0.0, 0.0, 0.0, 1.0]]}, "mean_rme": {"type": "float", "data": 0.001650320846175127}, "max_rme": {"type": "float", "data": 0.0049652402353445035}, "simu": {"type": "float", "data": 0.002}}, {"type": "dict", "image_number": {"type": "int", "data": 24}, "Hcamera2end": {"type": "ndarray", "data": [[0.9999942257327297, 0.0016433332348714203, -0.0029745515758901925, -0.010836279245544683], [0.0029738584552352508, 0.0004240599477765006, 0.999995488159346, 0.030554509537215484], [0.001644587208599654, -0.9999985598134828, 0.0004191704587057643, 0.03284886274347042], [0.0, 0.0, 0.0, 1.0]]}, "Hobj2base": {"type": "ndarray", "data": [[0.9999978223032762, 0.0020219465016817575, 0.0005168375467372712, -0.7347964311821323], [0.002022001217599004, -0.9999979502024225, -0.00010536617009558697, 0.09160330947776663], [0.0005166234425658994, 0.0001064109867888272, -0.9999998608884508, -0.00325493713017141], [0.0, 0.0, 0.0, 1.0]]}, "mean_rme": {"type": "float", "data": 0.0016574359237465665}, "max_rme": {"type": "float", "data": 0.0049829896600901424}, "simu": {"type": "float", "data": 0.002}}, {"type": "dict", "image_number": {"type": "int", "data": 25}, "Hcamera2end": {"type": "ndarray", "data": [[0.9999942279764132, 0.0017889017141189166, -0.0028885713621836307, -0.010870968555494128], [0.0028885000565222916, 4.244236795025724e-05, 0.9999958273743291, 0.030405519515649064], [0.001789016847510306, -0.9999983990133697, 3.727488026949999e-05, 0.033544016697213366], [0.0, 0.0, 0.0, 1.0]]}, "Hobj2base": {"type": "ndarray", "data": [[0.9999969226413044, 0.0023516487122525152, 0.0007902254459411583, -0.7353361404067239], [0.0023516934074936952, -0.9999972332175662, -5.563568927895084e-05, 0.09159705038727578], [0.0007900924239622275, 5.7493886039632235e-05, -0.9999996862241582, -0.003242564506395347], [0.0, 0.0, 0.0, 1.0]]}, "mean_rme": {"type": "float", "data": 0.0016410247820377072}, "max_rme": {"type": "float", "data": 0.004975733601966681}, "simu": {"type": "float", "data": 0.002}}, {"type": "dict", "image_number": {"type": "int", "data": 26}, "Hcamera2end": {"type": "ndarray", "data": [[0.9999947764169597, 0.0016955578810759965, -0.0027517671170964077, -0.010905377723729126], [0.0027513535299452958, 0.0002462082190296533, 0.9999961847103549, 0.030020865224420414], [0.0016962289197126545, -0.9999985322314153, 0.00024154185377922577, 0.03379347237389667], [0.0, 0.0, 0.0, 1.0]]}, "Hobj2base": {"type": "ndarray", "data": [[0.9999974309556123, 0.0021710789986900706, 0.0006515352307237969, -0.7357213366394144], [0.002171018349745319, -0.9999976389396228, 9.377902495152235e-05, 0.09190831552878292], [0.0006517372940813691, -9.23642890876377e-05, -0.9999997833536458, -0.0029317117192287677], [0.0, 0.0, 0.0, 1.0]]}, "mean_rme": {"type": "float", "data": 0.0016434256095534427}, "max_rme": {"type": "float", "data": 0.005032015364199949}, "simu": {"type": "float", "data": 0.002}}, {"type": "dict", "image_number": {"type": "int", "data": 27}, "Hcamera2end": {"type": "ndarray", "data": [[0.9999947936063612, 0.0015887853546926538, -0.002808651147391813, -0.010918827180378295], [0.0028082103902169826, 0.0002795805329914858, 0.9999960178866365, 0.029733514328399952], [0.0015895642721540362, -0.9999986987970648, 0.0002751174338442297, 0.033419174048427716], [0.0, 0.0, 0.0, 1.0]]}, "Hobj2base": {"type": "ndarray", "data": [[0.9999976712568246, 0.0020538547262955484, 0.00066269275759323, -0.735398373964908], [0.0020538290084522143, -0.9999978901113926, 3.9486290793154734e-05, 0.09210204059156685], [0.0006627724584903, -3.812514123048836e-05, -0.9999997796395468, -0.0026767270657648444], [0.0, 0.0, 0.0, 1.0]]}, "mean_rme": {"type": "float", "data": 0.0016415136266186472}, "max_rme": {"type": "float", "data": 0.005078408195621165}, "simu": {"type": "float", "data": 0.002}}, {"type": "dict", "image_number": {"type": "int", "data": 28}, "Hcamera2end": {"type": "ndarray", "data": [[0.9999948228023904, 0.0014552803434323774, -0.0028699351103863313, -0.01088484525583635], [0.002869504011544522, 0.0002982322817316474, 0.999995838493458, 0.02965748786397926], [0.0014561301945701, -0.9999988966077054, 0.00029405480494082425, 0.033384077505280656], [0.0, 0.0, 0.0, 1.0]]}, "Hobj2base": {"type": "ndarray", "data": [[0.9999979310832013, 0.0019203118641825526, 0.0006709930411385033, -0.7353886391580541], [0.001920323417828717, -0.9999981560399218, -1.6574889036887942e-05, 0.09212491668772317], [0.0006709599748980577, 1.7863378394919956e-05, -0.9999997747467806, -0.0025883645922697685], [0.0, 0.0, 0.0, 1.0]]}, "mean_rme": {"type": "float", "data": 0.0016178936365687689}, "max_rme": {"type": "float", "data": 0.00510685624101459}, "simu": {"type": "float", "data": 0.002}}, {"type": "dict", "image_number": {"type": "int", "data": 29}, "Hcamera2end": {"type": "ndarray", "data": [[0.9999944826784851, 0.0015590574884167144, -0.0029332494501200395, -0.010864595944375065], [0.0029334049965725932, -9.749222838184579e-05, 0.9999956928059198, 0.030094393182069433], [0.0015587648042282372, -0.9999987799167623, -0.00010206503751231111, 0.03338720081185055], [0.0, 0.0, 0.0, 1.0]]}, "Hobj2base": {"type": "ndarray", "data": [[0.9999971880044891, 0.0021814909149685206, 0.0009300970392597042, -0.735182716176116], [0.0021815178803616334, -0.9999976200956391, -2.7978493932040497e-05, 0.09183310773281766], [0.0009300337908873769, 3.0007438578257617e-05, -0.9999995670682573, -0.0030165881623795197], [0.0, 0.0, 0.0, 1.0]]}, "mean_rme": {"type": "float", "data": 0.0015966421919123687}, "max_rme": {"type": "float", "data": 0.005061789079093382}, "simu": {"type": "float", "data": 0.002}}, {"type": "dict", "image_number": {"type": "int", "data": 30}, "Hcamera2end": {"type": "ndarray", "data": [[0.9999946261226061, 0.0015848624084365142, -0.0028698322347383664, -0.010891070871350692], [0.0028700986845618826, -0.00016587297523673605, 0.9999958675013099, 0.02987543309721598], [0.001584379831383481, -0.9999987303478453, -0.00017042079536944144, 0.03317379748371406], [0.0, 0.0, 0.0, 1.0]]}, "Hobj2base": {"type": "ndarray", "data": [[0.9999970262175744, 0.0022318269539308936, 0.0009831095847417425, -0.7349668619911618], [0.002231770072748697, -0.999997507860416, 5.895167478729646e-05, 0.09201144434544317], [0.0009832387046322005, -5.675742492838299e-05, -0.9999995150100047, -0.0028657786753925217], [0.0, 0.0, 0.0, 1.0]]}, "mean_rme": {"type": "float", "data": 0.0015946782351716061}, "max_rme": {"type": "float", "data": 0.005087630924491493}, "simu": {"type": "float", "data": 0.002}}]}