{"type": "list", "data": [{"type": "dict", "image_number": {"type": "int", "data": 5}, "Hcamera2end": {"type": "ndarray", "data": [[0.9999821429054533, -0.00261154476575568, 0.005375286425314082, -0.012019014655483752], [-0.0053766639335364776, -0.0005207346180486905, 0.9999854100537683, 0.01701217322007253], [-0.0026087075657343787, -0.9999964543284109, -0.0005347667177941773, 0.029591649075158745], [0.0, 0.0, 0.0, 1.0]]}, "Hobj2base": {"type": "ndarray", "data": [[0.9999932376311726, -0.0021882772529387704, -0.00295569528019298, -0.7292312376411487], [-0.0022040210134745735, -0.9999833459124752, -0.0053338718640424795, 0.09744033395667344], [-0.002943974065314914, 0.00534035020894063, -0.9999814066653179, 0.005188940707533241], [0.0, 0.0, 0.0, 1.0]]}, "mean_rme": {"type": "float", "data": 0.001775749873241254}, "max_rme": {"type": "float", "data": 0.0038949159261645327}, "simu": {"type": "float", "data": 0.002}}, {"type": "dict", "image_number": {"type": "int", "data": 6}, "Hcamera2end": {"type": "ndarray", "data": [[0.9999952934843203, -0.0020923173870210374, 0.0022439289561235315, -0.011668945826890974], [-0.0022418583862701307, 0.000991426766674297, 0.9999969955674575, 0.0166178313370488], [-0.002094535792024207, -0.9999973196368666, 0.0009867314212278488, 0.029247816292621652], [0.0, 0.0, 0.0, 1.0]]}, "Hobj2base": {"type": "ndarray", "data": [[0.9999918858895955, -0.0017210542841349897, -0.0036422695014428326, -0.7301223706247549], [-0.0017426395252558866, -0.9999808902892529, -0.005931463883270034, 0.09570114544909547], [-0.003631991527398702, 0.005937762917512073, -0.9999757755111274, 0.0053178263653143225], [0.0, 0.0, 0.0, 1.0]]}, "mean_rme": {"type": "float", "data": 0.0016329026138822743}, "max_rme": {"type": "float", "data": 0.004068907561708857}, "simu": {"type": "float", "data": 0.002}}, {"type": "dict", "image_number": {"type": "int", "data": 7}, "Hcamera2end": {"type": "ndarray", "data": [[0.9999977451314332, -0.001707468518553665, 0.0012626493207992815, -0.011445493439201603], [-0.0012597429101862674, 0.001702180765617567, 0.9999977578117067, 0.016786160842093424], [-0.001709613947475326, -0.9999970935617257, 0.0017000259560630004, 0.029246852699832356], [0.0, 0.0, 0.0, 1.0]]}, "Hobj2base": {"type": "ndarray", "data": [[0.999990297706223, -0.0013434321905834773, -0.004195197655492142, -0.7308000047150526], [-0.0013676377869275345, -0.9999824048698365, -0.005772306092187253, 0.09553476772633829], [-0.004187369138625187, 0.005777987598415058, -0.9999745400754008, 0.005563681708298074], [0.0, 0.0, 0.0, 1.0]]}, "mean_rme": {"type": "float", "data": 0.0015636902698990668}, "max_rme": {"type": "float", "data": 0.004136156467061447}, "simu": {"type": "float", "data": 0.002}}, {"type": "dict", "image_number": {"type": "int", "data": 8}, "Hcamera2end": {"type": "ndarray", "data": [[0.9999986646041201, -0.001458596259898064, 0.0007370800004341906, -0.011430103435768873], [-0.0007330472679615111, 0.0027634096676374398, 0.9999959130960044, 0.01690248913532516], [-0.0014606271527542037, -0.9999951180200629, 0.0027623367573881286, 0.029047804274802948], [0.0, 0.0, 0.0, 1.0]]}, "Hobj2base": {"type": "ndarray", "data": [[0.999986516555176, -0.001052315540917535, -0.005085207945302557, -0.731678257359177], [-0.0010816957222898886, -0.9999827205302008, -0.0057782848132135, 0.09525234134804582], [-0.005079039496696652, 0.0057837075497104325, -0.9999703756035827, 0.005680191444738837], [0.0, 0.0, 0.0, 1.0]]}, "mean_rme": {"type": "float", "data": 0.0014517262239868035}, "max_rme": {"type": "float", "data": 0.004404549167723537}, "simu": {"type": "float", "data": 0.002}}, {"type": "dict", "image_number": {"type": "int", "data": 9}, "Hcamera2end": {"type": "ndarray", "data": [[0.9999996446893193, -0.0007169532920031754, -0.00044339509703874376, -0.010850365185284932], [0.00044581118042477436, 0.003373290557412645, 0.9999942110648476, 0.016933683818747824], [-0.0007154534411130167, -0.9999940534267155, 0.0033736089846398976, 0.029290759290286322], [0.0, 0.0, 0.0, 1.0]]}, "Hobj2base": {"type": "ndarray", "data": [[0.9999836851605562, -0.0003390180623023741, -0.0057021469173470915, -0.7322606845581956], [-0.0003744267506971103, -0.9999806489635672, -0.0062097908992082285, 0.09471897395372053], [-0.005699931343616395, 0.006211824623808988, -0.999964461377264, 0.006145905169381936], [0.0, 0.0, 0.0, 1.0]]}, "mean_rme": {"type": "float", "data": 0.001610449869087778}, "max_rme": {"type": "float", "data": 0.004855652792912113}, "simu": {"type": "float", "data": 0.002}}, {"type": "dict", "image_number": {"type": "int", "data": 10}, "Hcamera2end": {"type": "ndarray", "data": [[0.9999995445260648, -0.0007053747973810504, -0.000642957275598539, -0.011079562245735915], [0.000645372536840506, 0.003429214713341344, 0.9999939119718373, 0.01671902908681342], [-0.0007031656644898862, -0.9999938714476431, 0.0034296683809458273, 0.029249330172454645], [0.0, 0.0, 0.0, 1.0]]}, "Hobj2base": {"type": "ndarray", "data": [[0.9999832735583066, -0.000234136738862469, -0.0057790815533622876, -0.7322172265438652], [-0.00026899787320530693, -0.9999817695934996, -0.006032256691937509, 0.09428336412161455], [-0.0057775638254465396, 0.006033710354394607, -0.9999651064390209, 0.006103684106860541], [0.0, 0.0, 0.0, 1.0]]}, "mean_rme": {"type": "float", "data": 0.0015864518168391326}, "max_rme": {"type": "float", "data": 0.0050652942360756015}, "simu": {"type": "float", "data": 0.002}}, {"type": "dict", "image_number": {"type": "int", "data": 11}, "Hcamera2end": {"type": "ndarray", "data": [[0.9999995805468453, -0.0004347041625158989, -0.0008061875863777108, -0.011281618166220572], [0.0008076620797722017, 0.003402507604641003, 0.9999938852932877, 0.016532109431888514], [-0.00043195844503402127, -0.9999941169698405, 0.0034028572715164573, 0.029277930717990015], [0.0, 0.0, 0.0, 1.0]]}, "Hobj2base": {"type": "ndarray", "data": [[0.9999842422792796, 0.00010495568555314073, -0.00561285822367666, -0.7320979767120317], [7.345380441151935e-05, -0.9999842478814687, -0.005612360775277707, 0.09395983393355335], [-0.005613358858441363, 0.005611860051473877, -0.9999684981183601, 0.0061618449553185635], [0.0, 0.0, 0.0, 1.0]]}, "mean_rme": {"type": "float", "data": 0.0015469684698295818}, "max_rme": {"type": "float", "data": 0.005148805559921477}, "simu": {"type": "float", "data": 0.002}}, {"type": "dict", "image_number": {"type": "int", "data": 12}, "Hcamera2end": {"type": "ndarray", "data": [[0.9999990032594053, -3.919596822673447e-05, -0.0014113624169550803, -0.011352492961214232], [0.001411506434803902, 0.003956046936738455, 0.9999911786322013, 0.016466606531381767], [-3.361220649845931e-05, -0.9999921740475326, 0.0039560983189471655, 0.02917280272361864], [0.0, 0.0, 0.0, 1.0]]}, "Hobj2base": {"type": "ndarray", "data": [[0.9999843852766787, 0.000461938616386559, -0.005569184458951731, -0.7322339104383234], [0.00042986561313493717, -0.9999833253800805, -0.005758834721631502, 0.09361288722872063], [-0.005571751823060926, 0.005756350798128562, -0.9999679094886553, 0.005975312158699199], [0.0, 0.0, 0.0, 1.0]]}, "mean_rme": {"type": "float", "data": 0.0015105750456184343}, "max_rme": {"type": "float", "data": 0.0053069819518765105}, "simu": {"type": "float", "data": 0.002}}, {"type": "dict", "image_number": {"type": "int", "data": 13}, "Hcamera2end": {"type": "ndarray", "data": [[0.9999982752905094, 0.00040537046061304104, -0.0018124819436637803, -0.01109408112022042], [0.001810711401267253, 0.0043262461486610615, 0.9999890023987676, 0.016463287331671104], [0.0004132072455386573, -0.9999905595899647, 0.004325504678228453, 0.02909625655586081], [0.0, 0.0, 0.0, 1.0]]}, "Hobj2base": {"type": "ndarray", "data": [[0.9999834734094343, 0.0008735231569160415, -0.005682417205523148, -0.7325143174005171], [0.0008401345013171072, -0.9999823860662767, -0.005875519654983172, 0.09339980491480437], [-0.005687449518280644, 0.005870648557930235, -0.999966593643751, 0.0059934852437306336], [0.0, 0.0, 0.0, 1.0]]}, "mean_rme": {"type": "float", "data": 0.0015146960895484655}, "max_rme": {"type": "float", "data": 0.005230994708679215}, "simu": {"type": "float", "data": 0.002}}, {"type": "dict", "image_number": {"type": "int", "data": 14}, "Hcamera2end": {"type": "ndarray", "data": [[0.9999991912724332, 0.0011643768419219668, -0.0005115477001999954, -0.010618030766202234], [0.0005059221866755656, 0.004826529197927587, 0.9999882242599873, 0.016638588001851227], [0.0011668321304341474, -0.9999876743452749, 0.004825936210502313, 0.029074318310125913], [0.0, 0.0, 0.0, 1.0]]}, "Hobj2base": {"type": "ndarray", "data": [[0.9999830297915479, 0.0016251224994731914, -0.0055945603739797735, -0.7328723332971107], [0.0015978656951639652, -0.9999868500374287, -0.004873046012678195, 0.09411742313566117], [-0.005602406102436424, 0.004864023959970457, -0.9999724767796265, 0.006368398975419889], [0.0, 0.0, 0.0, 1.0]]}, "mean_rme": {"type": "float", "data": 0.0015777808736391358}, "max_rme": {"type": "float", "data": 0.005005486941082271}, "simu": {"type": "float", "data": 0.002}}, {"type": "dict", "image_number": {"type": "int", "data": 15}, "Hcamera2end": {"type": "ndarray", "data": [[0.9999967681592621, 0.002399341766494302, -0.0008407318945628687, -0.010258226202363762], [0.000827980333166239, 0.005310662102693375, 0.9999855555539786, 0.016646428675928634], [0.00240377195234265, -0.999983019869397, 0.005308658331684035, 0.028919793670721377], [0.0, 0.0, 0.0, 1.0]]}, "Hobj2base": {"type": "ndarray", "data": [[0.9999786507162075, 0.0028209582798108673, -0.005894090784559053, -0.7334340194680193], [0.0027924241037307488, -0.9999843699416242, -0.004843783653109153, 0.09388237861261335], [-0.005907662771177868, 0.004827221440620933, -0.9999708983034183, 0.006443713307718087], [0.0, 0.0, 0.0, 1.0]]}, "mean_rme": {"type": "float", "data": 0.0016568523655485163}, "max_rme": {"type": "float", "data": 0.004934283034382536}, "simu": {"type": "float", "data": 0.002}}, {"type": "dict", "image_number": {"type": "int", "data": 16}, "Hcamera2end": {"type": "ndarray", "data": [[0.9999983389351812, 0.0018202438150954421, -9.401772244609237e-05, -0.009694565075399498], [8.50407647794805e-05, 0.004931183069751155, 0.9999878380268434, 0.016642645001712558], [0.0018206852959402075, -0.9999861849775655, 0.0049310200838103, 0.029016010189011687], [0.0, 0.0, 0.0, 1.0]]}, "Hobj2base": {"type": "ndarray", "data": [[0.999981528754884, 0.0021934872319938977, -0.005668400374726278, -0.7331521487292513], [0.0021730436110166547, -0.9999911219847559, -0.003610240038193306, 0.09486824250197665], [-0.005676269066009553, 0.0035978556713456497, -0.9999774174470433, 0.006791353119204556], [0.0, 0.0, 0.0, 1.0]]}, "mean_rme": {"type": "float", "data": 0.0016700795429244895}, "max_rme": {"type": "float", "data": 0.0047013786798131285}, "simu": {"type": "float", "data": 0.002}}, {"type": "dict", "image_number": {"type": "int", "data": 17}, "Hcamera2end": {"type": "ndarray", "data": [[0.999998887738985, 0.001171772649198007, -0.0009227511319064851, -0.009361447738830433], [0.0009172495901385266, 0.004686948865746499, 0.9999885955167284, 0.016569479390048016], [0.0011760841731074862, -0.9999883296614956, 0.004685868844653829, 0.029013619199140327], [0.0, 0.0, 0.0, 1.0]]}, "Hobj2base": {"type": "ndarray", "data": [[0.9999834543760244, 0.0015107877180028895, -0.00555054003359694, -0.7328561070033843], [0.0014872008956893499, -0.9999898579820861, -0.004251137078808714, 0.09467935220333674], [-0.005556906305606699, 0.0042428119729836155, -0.9999755593707638, 0.006647226189896386], [0.0, 0.0, 0.0, 1.0]]}, "mean_rme": {"type": "float", "data": 0.0017225376067170836}, "max_rme": {"type": "float", "data": 0.004892330221393404}, "simu": {"type": "float", "data": 0.002}}, {"type": "dict", "image_number": {"type": "int", "data": 18}, "Hcamera2end": {"type": "ndarray", "data": [[0.999996741158245, 0.0025162299526728157, 0.0004315781680793286, -0.008922289502044732], [-0.0004441130131111468, 0.00498316888257222, 0.9999874853174512, 0.016645896570936035], [0.0025140478359561673, -0.9999844181859602, 0.004984270133679303, 0.02890785555735209], [0.0, 0.0, 0.0, 1.0]]}, "Hobj2base": {"type": "ndarray", "data": [[0.9999803774487702, 0.0028167574063646217, -0.005595587112062241, -0.7332089045503755], [0.0027999654244119537, -0.9999915605294227, -0.0030065035427881146, 0.09535250689213941], [-0.005604008479390855, 0.0029907770970752645, -0.9999798249671437, 0.006988814988732476], [0.0, 0.0, 0.0, 1.0]]}, "mean_rme": {"type": "float", "data": 0.0018007571955177854}, "max_rme": {"type": "float", "data": 0.004846434479453432}, "simu": {"type": "float", "data": 0.002}}, {"type": "dict", "image_number": {"type": "int", "data": 19}, "Hcamera2end": {"type": "ndarray", "data": [[0.9999987352199149, 0.0015801201056828652, 0.00018104977840629707, -0.008904132466149784], [-0.0001891601904937852, 0.005134142810380049, 0.9999868023109232, 0.01596130005298519], [0.0015791697163308803, -0.9999855717949407, 0.005134435212638677, 0.02797853858899059], [0.0, 0.0, 0.0, 1.0]]}, "Hobj2base": {"type": "ndarray", "data": [[0.9999830587014654, 0.0018791508154621765, -0.0055091834489648965, -0.7322044266912976], [0.0018620999570036004, -0.9999934659635572, -0.0030984857498522075, 0.09542244828011925], [-0.0055149699737830045, 0.0030881746072166714, -0.9999800239423704, 0.007694225860867961], [0.0, 0.0, 0.0, 1.0]]}, "mean_rme": {"type": "float", "data": 0.0017813341661456102}, "max_rme": {"type": "float", "data": 0.004970941654878547}, "simu": {"type": "float", "data": 0.002}}, {"type": "dict", "image_number": {"type": "int", "data": 20}, "Hcamera2end": {"type": "ndarray", "data": [[0.9999992861797978, 0.001192381773237358, 7.658721555053459e-05, -0.008941715118140414], [-8.28730381896703e-05, 0.005272496130388604, 0.9999860968616587, 0.01581857463487182], [0.0011919613895909817, -0.9999853893983961, 0.005272591183074549, 0.028137101183628707], [0.0, 0.0, 0.0, 1.0]]}, "Hobj2base": {"type": "ndarray", "data": [[0.9999838300470728, 0.0014892517412428492, -0.005488330678650695, -0.7323132713141501], [0.0014721645853780448, -0.9999940613486062, -0.003116087122164315, 0.09536565662047572], [-0.0054929387235406095, 0.003107957009124279, -0.999980083915379, 0.007819622768401804], [0.0, 0.0, 0.0, 1.0]]}, "mean_rme": {"type": "float", "data": 0.0017363589305624484}, "max_rme": {"type": "float", "data": 0.004982088923699224}, "simu": {"type": "float", "data": 0.002}}, {"type": "dict", "image_number": {"type": "int", "data": 21}, "Hcamera2end": {"type": "ndarray", "data": [[0.999999541267733, 0.0009560582734003573, 5.845426708112414e-05, -0.009051503702945732], [-6.322633325994454e-05, 0.004992128417836916, 0.9999875372504853, 0.016639847916877983], [0.0009557545470777351, -0.9999870822197844, 0.0049921865758454365, 0.028794254445219734], [0.0, 0.0, 0.0, 1.0]]}, "Hobj2base": {"type": "ndarray", "data": [[0.9999861560755781, 0.0012354840977420488, -0.005114805591022944, -0.7326556510050094], [0.0012199349833663536, -0.9999946289064361, -0.003042025133863858, 0.09537239281722776], [-0.0051185364926013745, 0.0030357432900242087, -0.9999822922666433, 0.006899143326648805], [0.0, 0.0, 0.0, 1.0]]}, "mean_rme": {"type": "float", "data": 0.0017111394185578789}, "max_rme": {"type": "float", "data": 0.004917734343647173}, "simu": {"type": "float", "data": 0.002}}, {"type": "dict", "image_number": {"type": "int", "data": 22}, "Hcamera2end": {"type": "ndarray", "data": [[0.9134447153337621, 0.40302448500740423, -0.05648023117285372, 394.98725155030667], [-0.05604160417346715, -0.012892170295891736, -0.9983451960853655, -11.870806501854002], [-0.403085711270552, 0.9150983862020408, 0.010809853835035188, -83.60983406263556], [0.0, 0.0, 0.0, 1.0]]}, "Hobj2base": {"type": "ndarray", "data": [[-0.9134789454649406, -0.4065633736028371, -0.016199982621590007, 83.04626447987214], [0.40653000706605547, -0.9102909302026265, -0.07812666475480429, 389.7742391582331], [0.017016743141177553, -0.07795284238253652, 0.996811810131356, 16.50872677296265], [0.0, 0.0, 0.0, 1.0]]}, "mean_rme": {"type": "float", "data": 13.537749457328088}, "max_rme": {"type": "float", "data": 237.54750278919545}, "simu": {"type": "float", "data": 0.002}}, {"type": "dict", "image_number": {"type": "int", "data": 22}, "Hcamera2end": {"type": "ndarray", "data": [[0.9199050293012317, 0.3908702883262957, -0.03154607376550081, 395.99920910103265], [-0.03112799884123707, -0.007406851782111978, -0.9994879620259655, -6.72483510276372], [-0.39090380498843946, 0.9204159691413422, 0.0053534096764412675, -81.05949609471422], [0.0, 0.0, 0.0, 1.0]]}, "Hobj2base": {"type": "ndarray", "data": [[-0.9194504579044136, -0.3930614708153333, -0.01065530946765541, 80.23297801217296], [0.3930332855807555, -0.9179066019431106, -0.05451886402749499, 390.90514245654464], [0.011648685975720514, -0.05431528578346105, 0.9984558867798317, 11.677520537546553], [0.0, 0.0, 0.0, 1.0]]}, "mean_rme": {"type": "float", "data": 13.51976818656682}, "max_rme": {"type": "float", "data": 236.71989784692528}, "simu": {"type": "float", "data": 0.002}}, {"type": "dict", "image_number": {"type": "int", "data": 22}, "Hcamera2end": {"type": "ndarray", "data": [[0.9054551446354349, 0.41774064900579383, -0.07512477102422288, 387.0436886905354], [-0.07467698086761859, -0.017443567085275946, -0.9970551993224038, -15.462090586521672], [-0.4178209300426692, 0.9083988508004396, 0.01540124289527589, -85.36692910281056], [0.0, 0.0, 0.0, 1.0]]}, "Hobj2base": {"type": "ndarray", "data": [[-0.906241708465142, -0.42224803565731167, -0.02079813024581307, 84.98076460665719], [0.4222144430869907, -0.901478095916209, -0.09524813190833778, 381.8355159156412], [0.02146927774571126, -0.09509910076771191, 0.9952362690066364, 19.716251523867296], [0.0, 0.0, 0.0, 1.0]]}, "mean_rme": {"type": "float", "data": 13.356356303927008}, "max_rme": {"type": "float", "data": 233.73823990151445}, "simu": {"type": "float", "data": 0.002}}, {"type": "dict", "image_number": {"type": "int", "data": 22}, "Hcamera2end": {"type": "ndarray", "data": [[0.9999999627234658, -0.0002513998754105359, -0.00010654186767830855, -0.008905214473314058], [0.00010778606977337572, 0.004954283422379913, 0.9999877216535881, 0.01729984543690622], [-0.0002508689500269497, -0.9999876958612407, 0.004954310335105849, 0.028654386142991154], [0.0, 0.0, 0.0, 1.0]]}, "Hobj2base": {"type": "ndarray", "data": [[0.9999875038339742, 4.505239737776328e-05, -0.004999014520772828, -0.7322054578670415], [3.0062129553846652e-05, -0.9999955034995263, -0.002998679208644312, 0.09554395044423267], [-0.004999127140388985, 0.0029984914556288977, -0.9999830087440607, 0.006226423721617511], [0.0, 0.0, 0.0, 1.0]]}, "mean_rme": {"type": "float", "data": 0.001734648809211746}, "max_rme": {"type": "float", "data": 0.004969164204031595}, "simu": {"type": "float", "data": 0.002}}, {"type": "dict", "image_number": {"type": "int", "data": 23}, "Hcamera2end": {"type": "ndarray", "data": [[0.904837973402187, 0.392476094891123, -0.16501744401255725, 372.83991889762626], [-0.1646988749869539, -0.034746391510103614, -0.9857316921226882, -32.525161873395724], [-0.39260988585038836, 0.9191056540006926, 0.03320051681079983, -77.61664079125079], [0.0, 0.0, 0.0, 1.0]]}, "Hobj2base": {"type": "ndarray", "data": [[-0.9143754644850199, -0.4030837643952849, -0.03796035864859551, 78.56225068343213], [0.40304587604475295, -0.8973684372930664, -0.17967723716018394, 367.6174788259711], [0.03836054941109683, -0.17959222319222448, 0.982992930604159, 35.47707038012343], [0.0, 0.0, 0.0, 1.0]]}, "mean_rme": {"type": "float", "data": 12.601278119708757}, "max_rme": {"type": "float", "data": 232.05243139928166}, "simu": {"type": "float", "data": 0.002}}, {"type": "dict", "image_number": {"type": "int", "data": 23}, "Hcamera2end": {"type": "ndarray", "data": [[0.9019252649059832, 0.38987907076445943, -0.18580938271280484, 372.6941635942337], [-0.18549650737016926, -0.03882760159725951, -0.9818775194023296, -36.65102167575575], [-0.39002802755409854, 0.920047133322008, 0.03730161106726204, -77.17515757510655], [0.0, 0.0, 0.0, 1.0]]}, "Hobj2base": {"type": "ndarray", "data": [[-0.9147233403929196, -0.40186111529808843, -0.04229485254490025, 78.40603390458087], [0.4018236605744251, -0.8935701550113757, -0.20017523292234432, 367.37412505714764], [0.04264922441249814, -0.20010003019570496, 0.978846781459024, 39.514514751194014], [0.0, 0.0, 0.0, 1.0]]}, "mean_rme": {"type": "float", "data": 12.728354582319575}, "max_rme": {"type": "float", "data": 233.29180378530899}, "simu": {"type": "float", "data": 0.002}}, {"type": "dict", "image_number": {"type": "int", "data": 23}, "Hcamera2end": {"type": "ndarray", "data": [[0.9999999444660567, -0.00025163730991998006, 0.00021850983459901493, -0.008742866557203046], [-0.00021720363076218935, 0.005179200408145901, 0.9999865642625979, 0.01624166588032102], [-0.0002527656352117025, -0.9999865561905302, 0.005179145463987123, 0.027839264781465457], [0.0, 0.0, 0.0, 1.0]]}, "Hobj2base": {"type": "ndarray", "data": [[0.9999872870346528, -1.0660937928068731e-05, -0.005042385885607987, -0.7315486857765153], [-2.311486205321547e-05, -0.9999969497828944, -0.0024697956616979693, 0.09595656149813979], [-0.005042344174898061, 0.002469880817325472, -0.9999842371027505, 0.007393903335476819], [0.0, 0.0, 0.0, 1.0]]}, "mean_rme": {"type": "float", "data": 0.0018160229943514367}, "max_rme": {"type": "float", "data": 0.005090213526789622}, "simu": {"type": "float", "data": 0.002}}, {"type": "dict", "image_number": {"type": "int", "data": 24}, "Hcamera2end": {"type": "ndarray", "data": [[0.882944747675737, 0.379547333713987, -0.27631936961138326, 363.0795090705566], [-0.27607452071780775, -0.056293614218528853, -0.9594862625429544, -53.52640816542367], [-0.37972546867738755, 0.9234580935098343, 0.05507919724287669, -74.02877920874994], [0.0, 0.0, 0.0, 1.0]]}, "Hobj2base": {"type": "ndarray", "data": [[-0.9147998107548712, -0.3993033452427969, -0.06081237308939577, 76.81744930516801], [0.3993466606021046, -0.8715977114279647, -0.2843231860040291, 357.6830005072373], [0.060527274090277916, -0.28438401486624737, 0.9567978789586411, 55.06139523682307], [0.0, 0.0, 0.0, 1.0]]}, "mean_rme": {"type": "float", "data": 12.697682234443677}, "max_rme": {"type": "float", "data": 233.77578473432854}, "simu": {"type": "float", "data": 0.002}}, {"type": "dict", "image_number": {"type": "int", "data": 24}, "Hcamera2end": {"type": "ndarray", "data": [[0.9999994913174595, -0.0010035204012378977, -0.00010154617989329611, -0.008524468718358137], [0.00010686925736474534, 0.0053057745691440505, 0.9999859185684483, 0.016194188293816483], [-0.0010029674890951851, -0.9999854207452357, 0.005305879115669265, 0.028018833317232296], [0.0, 0.0, 0.0, 1.0]]}, "Hobj2base": {"type": "ndarray", "data": [[0.9999866973150475, -0.0007440786518075161, -0.005104070914804774, -0.7316646568223537], [-0.0007574460606066317, -0.9999962873804864, -0.0026175371456876387, 0.09613450745207554], [-0.005102104311821077, 0.0026213683838231137, -0.9999835483443655, 0.0073867854760597445], [0.0, 0.0, 0.0, 1.0]]}, "mean_rme": {"type": "float", "data": 0.0017856705990099808}, "max_rme": {"type": "float", "data": 0.00514192526758539}, "simu": {"type": "float", "data": 0.002}}, {"type": "dict", "image_number": {"type": "int", "data": 25}, "Hcamera2end": {"type": "ndarray", "data": [[0.9999993716447939, -0.001015215231641374, -0.00047544510817915624, -0.010281360984193511], [0.00048049962948637335, 0.004984342283286813, 0.9999874626474623, 0.01654726116114829], [-0.0010128327223740334, -0.9999870627513323, 0.004984826961892064, 0.02831696298354397], [0.0, 0.0, 0.0, 1.0]]}, "Hobj2base": {"type": "ndarray", "data": [[0.9999883007985181, -0.0007269127708493312, -0.004782244652473896, -0.7318543032754422], [-0.0007409894553882696, -0.9999953965454169, -0.002942417815586065, 0.09416693877720757], [-0.004780083756540508, 0.0029459269845077667, -0.99998423603249, 0.007080075438772029], [0.0, 0.0, 0.0, 1.0]]}, "mean_rme": {"type": "float", "data": 0.0017729235473298393}, "max_rme": {"type": "float", "data": 0.004888661988018073}, "simu": {"type": "float", "data": 0.002}}, {"type": "dict", "image_number": {"type": "int", "data": 26}, "Hcamera2end": {"type": "ndarray", "data": [[0.9999994376812973, -0.0007763801140748133, -0.000722406400576268, -0.010704022262848358], [0.0007261540611932231, 0.004837702697576884, 0.9999880345948592, 0.017198927009955872], [-0.0007728760369793905, -0.9999879968612265, 0.004838263748819016, 0.02841014986159206], [0.0, 0.0, 0.0, 1.0]]}, "Hobj2base": {"type": "ndarray", "data": [[0.9999892583229535, -0.00045645885608286413, -0.0046124704901106955, -0.7318815766121303], [-0.00047082191884784624, -0.9999950426545712, -0.0031133571917687365, 0.09340026263291211], [-0.004611026505038862, 0.0031154954012980354, -0.9999845159416094, 0.006404797833441088], [0.0, 0.0, 0.0, 1.0]]}, "mean_rme": {"type": "float", "data": 0.00178199934772715}, "max_rme": {"type": "float", "data": 0.005575756351886452}, "simu": {"type": "float", "data": 0.002}}, {"type": "dict", "image_number": {"type": "int", "data": 27}, "Hcamera2end": {"type": "ndarray", "data": [[0.9999992564209048, -0.0006698896241180312, -0.0010190218491264687, -0.011747397948593311], [0.0010223651787285985, 0.005009614603718848, 0.9999869291800587, 0.01764013811141607], [-0.0006647759613744814, -0.9999872274231376, 0.005010295750499383, 0.028612289252298688], [0.0, 0.0, 0.0, 1.0]]}, "Hobj2base": {"type": "ndarray", "data": [[0.9999885794341854, -0.0002966434434135722, -0.004770010887554698, -0.7321869453055242], [-0.0003127844578932311, -0.999994227155744, -0.0033834628811179796, 0.0920976122388107], [-0.004768979668945031, 0.0033849162253270734, -0.9999828994413174, 0.006046724240363333], [0.0, 0.0, 0.0, 1.0]]}, "mean_rme": {"type": "float", "data": 0.001777041709221112}, "max_rme": {"type": "float", "data": 0.005302880599705073}, "simu": {"type": "float", "data": 0.002}}, {"type": "dict", "image_number": {"type": "int", "data": 28}, "Hcamera2end": {"type": "ndarray", "data": [[0.9999988814428894, -0.0005903391971892242, -0.001374268024204759, -0.01281629406931568], [0.0013774312305748085, 0.0053917222001976794, 0.9999845158875817, 0.018225720210834843], [-0.000582920384895603, -0.9999852903074866, 0.00539252932089529, 0.02877987414252143], [0.0, 0.0, 0.0, 1.0]]}, "Hobj2base": {"type": "ndarray", "data": [[0.9999867804454138, -0.0001368096565450703, -0.005140060071011249, -0.7326505750546526], [-0.00015567149911690546, -0.9999932557758091, -0.0036693554313344157, 0.09077417989368076], [-0.005139523402037473, 0.0036701070849468006, -0.9999800576077429, 0.005589654127494663], [0.0, 0.0, 0.0, 1.0]]}, "mean_rme": {"type": "float", "data": 0.001791181275160602}, "max_rme": {"type": "float", "data": 0.005114443164046523}, "simu": {"type": "float", "data": 0.002}}, {"type": "dict", "image_number": {"type": "int", "data": 29}, "Hcamera2end": {"type": "ndarray", "data": [[0.9999988756472762, -0.0006239879091845064, -0.0013635773805259386, -0.012567232431908944], [0.001366895091296091, 0.00534777376612372, 0.9999847663407457, 0.018513955694936607], [-0.0006166863002216628, -0.9999855058723779, 0.005348620679349825, 0.028734687655589314], [0.0, 0.0, 0.0, 1.0]]}, "Hobj2base": {"type": "ndarray", "data": [[0.9999872569631469, -0.00016337767448323332, -0.005045712938395389, -0.7325652132257747], [-0.00018158917391183994, -0.9999934708547789, -0.003609054333841085, 0.09096033728742345], [-0.005045090355298724, 0.003609924590372983, -0.9999807575687438, 0.005266112377426143], [0.0, 0.0, 0.0, 1.0]]}, "mean_rme": {"type": "float", "data": 0.0017753426757325553}, "max_rme": {"type": "float", "data": 0.0048823971059757665}, "simu": {"type": "float", "data": 0.002}}, {"type": "dict", "image_number": {"type": "int", "data": 30}, "Hcamera2end": {"type": "ndarray", "data": [[0.9999992079575594, -0.0005346766179225572, -0.0011393880674409555, -0.012068437682669388], [0.0011422442468104923, 0.0053723324971231, 0.9999849165470552, 0.018636633156030723], [-0.0005285473816114028, -0.9999854259760262, 0.005372938973298491, 0.028676841118276883], [0.0, 0.0, 0.0, 1.0]]}, "Hobj2base": {"type": "ndarray", "data": [[0.9999874641011169, -9.29481547575241e-05, -0.005006296161616881, -0.7324606870852083], [-0.00010960076718659185, -0.9999944623009134, -0.003326162229776368, 0.09150140469802893], [-0.005005959277613517, 0.0033266692272430633, -0.9999819366586393, 0.005126984256443209], [0.0, 0.0, 0.0, 1.0]]}, "mean_rme": {"type": "float", "data": 0.001777144998666128}, "max_rme": {"type": "float", "data": 0.004835362786085318}, "simu": {"type": "float", "data": 0.002}}]}