{"type": "list", "data": [{"type": "dict", "image_number": {"type": "int", "data": 5}, "Hcamera2end": {"type": "ndarray", "data": [[0.9999422351894824, -0.0030750847413280715, -0.010299035784740772, -0.01557540604542293], [0.010299292403331425, 6.762650983793694e-05, 0.9999469585946277, 0.03096576452214155], [-0.003074225146666932, -0.9999952696290564, 9.929380032136503e-05, 0.03191618914043244], [0.0, 0.0, 0.0, 1.0]]}, "Hobj2base": {"type": "ndarray", "data": [[0.9999971825087619, -0.0023033949196238843, 0.0005738870814783727, -0.7347300472781836], [-0.002300839023025268, -0.999987605962281, -0.0044152079924160885, 0.08629536870544371], [0.0005840499363590524, 0.00441387513081438, -0.9999900882468793, 0.007315243759148648], [0.0, 0.0, 0.0, 1.0]]}, "mean_rme": {"type": "float", "data": 0.0019129289462033136}, "max_rme": {"type": "float", "data": 0.005404729235231942}, "simu": {"type": "float", "data": 0.002}}, {"type": "dict", "image_number": {"type": "int", "data": 6}, "Hcamera2end": {"type": "ndarray", "data": [[0.9999644313985073, -0.00303414450142214, -0.00786955557858959, -0.01639784093267587], [0.007868332853213235, -0.00041471516777913386, 0.9999689581929233, 0.03157288582159695], [-0.0030373139401560076, -0.9999953109782435, -0.0003908267580787772, 0.031674247831091705], [0.0, 0.0, 0.0, 1.0]]}, "Hobj2base": {"type": "ndarray", "data": [[0.9999962795454772, -0.002380201073621931, 0.0013324931718056495, -0.7339321253232932], [-0.002376044798466679, -0.9999923345513708, -0.003112113368049129, 0.08740630517723992], [0.0013398904132275555, 0.003108935726103012, -0.9999942695897472, 0.0060718564880155495], [0.0, 0.0, 0.0, 1.0]]}, "mean_rme": {"type": "float", "data": 0.0019831711027638935}, "max_rme": {"type": "float", "data": 0.005785004880797695}, "simu": {"type": "float", "data": 0.002}}, {"type": "dict", "image_number": {"type": "int", "data": 7}, "Hcamera2end": {"type": "ndarray", "data": [[0.9999699475977324, -0.003421583162538896, -0.006956771524938914, -0.01721042726870537], [0.006953426779141908, -0.0009884698431041894, 0.999975336087544, 0.03168978523191601], [-0.0034283753317690823, -0.999993657827904, -0.0009646484092213914, 0.03139815702460583], [0.0, 0.0, 0.0, 1.0]]}, "Hobj2base": {"type": "ndarray", "data": [[0.9999940608229965, -0.0024546302772956575, 0.002419319932351901, -0.7328800097450252], [-0.002447328321651934, -0.9999924555111861, -0.0030165385452130666, 0.08722818202624956], [0.0024267061666654434, 0.0030105997592671267, -0.9999925236651872, 0.005272591922987632], [0.0, 0.0, 0.0, 1.0]]}, "mean_rme": {"type": "float", "data": 0.0020114824082940494}, "max_rme": {"type": "float", "data": 0.00687050114778498}, "simu": {"type": "float", "data": 0.002}}, {"type": "dict", "image_number": {"type": "int", "data": 8}, "Hcamera2end": {"type": "ndarray", "data": [[0.9999728129361003, -0.004070643316059441, -0.0061484348948597795, -0.017306574888282467], [0.006142767478932509, -0.0014033072535153401, 0.9999801483711827, 0.0318476992082205], [-0.004079190650445007, -0.9999907302529089, -0.0013782640863311268, 0.03167265404910016], [0.0, 0.0, 0.0, 1.0]]}, "Hobj2base": {"type": "ndarray", "data": [[0.999991213063066, -0.002837934338701767, 0.003085437626467224, -0.7324819108900471], [-0.0028288349367255835, -0.9999916489782958, -0.0029495197183849785, 0.08756375343898119], [0.003093782403202122, 0.0029407656073883893, -0.9999908901625472, 0.004936240014755552], [0.0, 0.0, 0.0, 1.0]]}, "mean_rme": {"type": "float", "data": 0.0018319166096511567}, "max_rme": {"type": "float", "data": 0.006992136373160873}, "simu": {"type": "float", "data": 0.002}}, {"type": "dict", "image_number": {"type": "int", "data": 9}, "Hcamera2end": {"type": "ndarray", "data": [[0.9999758053900419, -0.004391835483828342, -0.005394480106551895, -0.017474935483906592], [0.005389391342508916, -0.0011696987552212157, 0.9999847930172635, 0.03219572354002216], [-0.0043980786139276576, -0.9999896717396161, -0.0011460011346817733, 0.031806827315227576], [0.0, 0.0, 0.0, 1.0]]}, "Hobj2base": {"type": "ndarray", "data": [[0.9999895900803463, -0.0031468593276683704, 0.00330408948319469, -0.7326080051828392], [-0.0031388897954854954, -0.9999921588892471, -0.002414442145562878, 0.08810655361820725], [0.0033116614852499956, 0.0024040458386519635, -0.9999916266958502, 0.004488756087158269], [0.0, 0.0, 0.0, 1.0]]}, "mean_rme": {"type": "float", "data": 0.0018219430460850185}, "max_rme": {"type": "float", "data": 0.007268602103355559}, "simu": {"type": "float", "data": 0.002}}, {"type": "dict", "image_number": {"type": "int", "data": 10}, "Hcamera2end": {"type": "ndarray", "data": [[0.9999781867020291, -0.0045363208385098205, -0.004800824238802908, -0.017681485261164483], [0.004796842299525138, -0.0008882632700322191, 0.99998810057536, 0.032429194541807066], [-0.0045405312547390705, -0.9999893163337362, -0.0008664838783984941, 0.031645965070994916], [0.0, 0.0, 0.0, 1.0]]}, "Hobj2base": {"type": "ndarray", "data": [[0.9999898081729865, -0.0033361322046017747, 0.0030420013259190126, -0.7327298205409615], [-0.003329452141887845, -0.9999920409279797, -0.0021983696524862173, 0.08829593702938138], [0.003049311166206652, 0.0021882190492528006, -0.999992956674598, 0.004185621313179721], [0.0, 0.0, 0.0, 1.0]]}, "mean_rme": {"type": "float", "data": 0.0018006839009729017}, "max_rme": {"type": "float", "data": 0.007540340718018124}, "simu": {"type": "float", "data": 0.002}}, {"type": "dict", "image_number": {"type": "int", "data": 11}, "Hcamera2end": {"type": "ndarray", "data": [[0.9999750619189405, -0.004248025035748668, -0.005641792579205973, -0.017469863896170508], [0.005637531269052876, -0.0010144343792866106, 0.9999835944474691, 0.032364498565971234], [-0.004253678572903943, -0.9999904625576113, -0.0009904607072690474, 0.0316837180521749], [0.0, 0.0, 0.0, 1.0]]}, "Hobj2base": {"type": "ndarray", "data": [[0.9999902790677804, -0.002999603113417775, 0.003231741187758726, -0.7325945176014127], [-0.002991516523268409, -0.9999923899409529, -0.0025041743294807453, 0.08801278029032403], [0.0032392281231327135, 0.0024944821794097146, -0.9999916424449873, 0.004336728076317475], [0.0, 0.0, 0.0, 1.0]]}, "mean_rme": {"type": "float", "data": 0.0017480649821440173}, "max_rme": {"type": "float", "data": 0.007336445406429193}, "simu": {"type": "float", "data": 0.002}}, {"type": "dict", "image_number": {"type": "int", "data": 12}, "Hcamera2end": {"type": "ndarray", "data": [[0.9999778796991267, -0.004694326284693855, -0.00471204978452924, -0.017031996540031395], [0.004706121122146296, -0.0012731887652115415, 0.9999881156365569, 0.03240198899985907], [-0.004700269824460947, -0.9999881710755887, -0.0012510685338102956, 0.03196810178079968], [0.0, 0.0, 0.0, 1.0]]}, "Hobj2base": {"type": "ndarray", "data": [[0.9999877055070587, -0.0033215506118209337, 0.0036818658667970524, -0.7324978197169508], [-0.0033137685593177093, -0.9999922671003201, -0.00211770571547349, 0.0885914704804605], [0.003688871462012557, 0.0021054788280065024, -0.9999909795524364, 0.0044316828557636745], [0.0, 0.0, 0.0, 1.0]]}, "mean_rme": {"type": "float", "data": 0.001877415575539193}, "max_rme": {"type": "float", "data": 0.006822560297225055}, "simu": {"type": "float", "data": 0.002}}, {"type": "dict", "image_number": {"type": "int", "data": 13}, "Hcamera2end": {"type": "ndarray", "data": [[0.9999796149985011, -0.003909473287242652, -0.005048327056157684, -0.01737314878368365], [0.005043752777324965, -0.0011790266326308085, 0.999986585137081, 0.03256966203512601], [-0.00391537295424386, -0.9999916629226544, -0.00115928418142075, 0.031661336806425876], [0.0, 0.0, 0.0, 1.0]]}, "Hobj2base": {"type": "ndarray", "data": [[0.9999901138971231, -0.0027538005886590037, 0.0034912304903284377, -0.7325931189798508], [-0.0027442320991435914, -0.9999924737613313, -0.002742555538029042, 0.08800139483262844], [0.0034987566655495747, 0.002732947678065779, -0.9999901448008295, 0.004195578559617868], [0.0, 0.0, 0.0, 1.0]]}, "mean_rme": {"type": "float", "data": 0.0018859576280710016}, "max_rme": {"type": "float", "data": 0.007280989546189054}, "simu": {"type": "float", "data": 0.002}}, {"type": "dict", "image_number": {"type": "int", "data": 14}, "Hcamera2end": {"type": "ndarray", "data": [[0.9999854846630932, -0.003753301801924967, -0.0038656420815060626, -0.017069770744891785], [0.003860788697480624, -0.0012994826688850214, 0.9999917027932913, 0.03263112450517215], [-0.003758293994893108, -0.9999921120040781, -0.0012849731012811727, 0.031731181892772374], [0.0, 0.0, 0.0, 1.0]]}, "Hobj2base": {"type": "ndarray", "data": [[0.9999904608605993, -0.002592342710796203, 0.0035153871872081787, -0.7327217515718152], [-0.0025861853051750362, -0.9999951158434455, -0.0017549743078416808, 0.08867727692462857], [0.0035199195123613745, 0.001745866124211555, -0.9999922810292601, 0.004249224851332639], [0.0, 0.0, 0.0, 1.0]]}, "mean_rme": {"type": "float", "data": 0.0019045153189777139}, "max_rme": {"type": "float", "data": 0.006965098138547732}, "simu": {"type": "float", "data": 0.002}}, {"type": "dict", "image_number": {"type": "int", "data": 15}, "Hcamera2end": {"type": "ndarray", "data": [[0.999989605761054, -0.0033341253266686056, -0.0031099804111840703, -0.016957557754800984], [0.003105185985597115, -0.0014421994756557144, 0.9999941389231574, 0.03271372394309979], [-0.0033385909972221735, -0.9999934018127211, -0.001431831405851236, 0.03169585244351289], [0.0, 0.0, 0.0, 1.0]]}, "Hobj2base": {"type": "ndarray", "data": [[0.9999916769517072, -0.002187632674530629, 0.003443877261724223, -0.7328245256635741], [-0.002183766043086588, -0.9999969815102787, -0.0011261155357189204, 0.08902207764967753], [0.0034463303935573435, 0.001118585540784222, -0.9999934357650582, 0.004232038060750369], [0.0, 0.0, 0.0, 1.0]]}, "mean_rme": {"type": "float", "data": 0.0018646810360738232}, "max_rme": {"type": "float", "data": 0.006866085216880258}, "simu": {"type": "float", "data": 0.002}}, {"type": "dict", "image_number": {"type": "int", "data": 16}, "Hcamera2end": {"type": "ndarray", "data": [[-0.6287602541982154, -0.261245036879455, -0.7324012380153707, -275.0542320841107], [-0.7320567846542898, 0.5164715919174151, 0.4442408792354816, 536.3603378696114], [0.2622087084408492, 0.8154803035316937, -0.5159830111250161, -191.6124377902805], [0.0, 0.0, 0.0, 1.0]]}, "Hobj2base": {"type": "ndarray", "data": [[-0.8258762459204427, 0.45918720417318276, 0.32722398742752973, 181.32353146523752], [-0.45745758374516604, -0.2063895852847446, -0.8649484945128383, -480.2154544701889], [-0.3296376578887655, -0.8640315101948579, 0.3805109247998043, -340.6235425489483], [0.0, 0.0, 0.0, 1.0]]}, "mean_rme": {"type": "float", "data": 37.26042606122582}, "max_rme": {"type": "float", "data": 423.52653071500737}, "simu": {"type": "float", "data": 0.002}}, {"type": "dict", "image_number": {"type": "int", "data": 16}, "Hcamera2end": {"type": "ndarray", "data": [[0.9999870753722034, -0.0033818679329760673, -0.0037963216184988707, -0.017210394151084846], [0.0037913696214576425, -0.0014694881910715107, 0.9999917330262533, 0.032863417275568914], [-0.0033874186249505446, -0.999993201763762, -0.0014566472871386793, 0.03164717019881926], [0.0, 0.0, 0.0, 1.0]]}, "Hobj2base": {"type": "ndarray", "data": [[0.9999917861316426, -0.002226869574379939, 0.003386550035931277, -0.732822607619754], [-0.002219550759180595, -0.999995196707673, -0.0021633668228196426, 0.08854069669391501], [0.0033913513050974338, 0.002155832433506097, -0.9999919255288237, 0.004121181688341059], [0.0, 0.0, 0.0, 1.0]]}, "mean_rme": {"type": "float", "data": 0.0018404834538695966}, "max_rme": {"type": "float", "data": 0.007033030302581067}, "simu": {"type": "float", "data": 0.002}}, {"type": "dict", "image_number": {"type": "int", "data": 17}, "Hcamera2end": {"type": "ndarray", "data": [[-0.8525750878593445, -0.0912640205147085, -0.5145741910756132, -147.9422254581669], [-0.5138469472408828, 0.3258963193508536, 0.7935697221068807, 507.75189567588603], [0.09527347150627127, 0.9409901527609401, -0.3247468214380034, -91.90900814169896], [0.0, 0.0, 0.0, 1.0]]}, "Hobj2base": {"type": "ndarray", "data": [[-0.9486038198866453, 0.22014109561639408, 0.22735147001345304, 83.40491881729596], [-0.21632620673174455, 0.07328893265197689, -0.9735664870114358, -357.37189114571686], [-0.23098433968024526, -0.9727109695955667, -0.021899873308615314, -371.91229550380876], [0.0, 0.0, 0.0, 1.0]]}, "mean_rme": {"type": "float", "data": 32.708796777703014}, "max_rme": {"type": "float", "data": 354.93384280551146}, "simu": {"type": "float", "data": 0.002}}, {"type": "dict", "image_number": {"type": "int", "data": 17}, "Hcamera2end": {"type": "ndarray", "data": [[0.9999890420499056, -0.003140272862910616, -0.0034719542708125223, -0.01736363727134057], [0.003467732288716371, -0.001348910526573377, 0.9999930776126229, 0.03376496251165941], [-0.0031449344803890695, -0.9999941595463135, -0.0013380061196770487, 0.03403217632917576], [0.0, 0.0, 0.0, 1.0]]}, "Hobj2base": {"type": "ndarray", "data": [[0.9999932297718999, -0.0020812860239189713, 0.0030345772112245883, -0.7352089181859789], [-0.0020755422202105955, -0.9999960510958179, -0.0018947076984190605, 0.08800441765377283], [0.0030385086566220793, 0.0018883964776933734, -0.9999936006914676, 0.0033032918116499194], [0.0, 0.0, 0.0, 1.0]]}, "mean_rme": {"type": "float", "data": 0.001837046633297501}, "max_rme": {"type": "float", "data": 0.00729888582918925}, "simu": {"type": "float", "data": 0.002}}, {"type": "dict", "image_number": {"type": "int", "data": 18}, "Hcamera2end": {"type": "ndarray", "data": [[0.9999915901516371, -0.002567283890312855, -0.0031982306712845248, -0.017366836251101823], [0.003195152654978504, -0.0012021462343987377, 0.9999941729049938, 0.03331677219610487], [-0.002571113671463941, -0.9999959819408565, -0.0011939332605930275, 0.03415000254635686], [0.0, 0.0, 0.0, 1.0]]}, "Hobj2base": {"type": "ndarray", "data": [[0.9999952326651853, -0.0016233380787716732, 0.002626674776944633, -0.7355425656330992], [-0.001618786618939476, -0.9999971864122525, -0.0017339831203511604, 0.08818811462230859], [0.0026294822273918764, 0.001729722827891839, -0.9999950469288112, 0.003752252241084756], [0.0, 0.0, 0.0, 1.0]]}, "mean_rme": {"type": "float", "data": 0.0017931961993796982}, "max_rme": {"type": "float", "data": 0.007289747920971812}, "simu": {"type": "float", "data": 0.002}}, {"type": "dict", "image_number": {"type": "int", "data": 19}, "Hcamera2end": {"type": "ndarray", "data": [[0.9999931956784358, -0.0017988182511836327, -0.0032206908775682963, -0.017465165453469357], [0.003218757330675886, -0.0010767610452804277, 0.9999942400768606, 0.032604194874852784], [-0.0018022758046046202, -0.9999978024168606, -0.0010709637592196675, 0.035199636625293365], [0.0, 0.0, 0.0, 1.0]]}, "Hobj2base": {"type": "ndarray", "data": [[0.9999967436184269, -0.0009187677261253989, 0.0023808860551105524, -0.7367642075975656], [-0.0009142367353075592, -0.9999977705045933, -0.0019034592282756748, 0.08826342266960664], [0.0023826295838429647, 0.0019012763363919552, -0.9999953541014868, 0.0043747293677458], [0.0, 0.0, 0.0, 1.0]]}, "mean_rme": {"type": "float", "data": 0.0017786809681449751}, "max_rme": {"type": "float", "data": 0.007406833023357429}, "simu": {"type": "float", "data": 0.002}}, {"type": "dict", "image_number": {"type": "int", "data": 20}, "Hcamera2end": {"type": "ndarray", "data": [[0.9999942543193011, -0.000507889797613648, -0.003351622940959517, -0.017535236899452106], [0.0033510945211022137, -0.0010377258816802737, 0.9999938466263206, 0.032354929730875205], [-0.0005113647382494018, -0.9999993325862514, -0.0010360179325206165, 0.03565418012064845], [0.0, 0.0, 0.0, 1.0]]}, "Hobj2base": {"type": "ndarray", "data": [[0.9999978990639241, 0.00029637823686542227, 0.0020283066036775573, -0.7373440741766892], [0.0003010210000881345, -0.9999973347859232, -0.002289062560790525, 0.08799306682805562], [0.0020276227694804036, 0.002289668314498735, -0.9999953230715202, 0.004654237653961682], [0.0, 0.0, 0.0, 1.0]]}, "mean_rme": {"type": "float", "data": 0.0017590542708121935}, "max_rme": {"type": "float", "data": 0.007551818289425194}, "simu": {"type": "float", "data": 0.002}}, {"type": "dict", "image_number": {"type": "int", "data": 21}, "Hcamera2end": {"type": "ndarray", "data": [[0.9999950379461613, -0.0006107046621680865, -0.003090489099001264, -0.017624633338469357], [0.003089794753512434, -0.0011346492539960895, 0.999994582855053, 0.03262966246177915], [-0.0006142079750430767, -0.9999991698050984, -0.001132756671744506, 0.03605083365106363], [0.0, 0.0, 0.0, 1.0]]}, "Hobj2base": {"type": "ndarray", "data": [[0.9999979436187808, 0.0001728823080192806, 0.0020206112731697328, -0.7377138489719793], [0.00017691168029712901, -0.9999979960784406, -0.0019941267160481515, 0.08803980631100689], [0.002020262474794087, 0.001994480085098988, -0.999995970286242, 0.004350708646508931], [0.0, 0.0, 0.0, 1.0]]}, "mean_rme": {"type": "float", "data": 0.0017458408259565389}, "max_rme": {"type": "float", "data": 0.007665722526698615}, "simu": {"type": "float", "data": 0.002}}, {"type": "dict", "image_number": {"type": "int", "data": 22}, "Hcamera2end": {"type": "ndarray", "data": [[0.9999949230042208, -0.0011709889179521114, -0.002963570605987653, -0.01755826739413216], [0.0029620933605482326, -0.001261263475595964, 0.9999948175952558, 0.03285667937474273], [-0.0011747206927762693, -0.9999985189986031, -0.0012577884936675332, 0.036327259997579214], [0.0, 0.0, 0.0, 1.0]]}, "Hobj2base": {"type": "ndarray", "data": [[0.9999974218656632, -0.00028859064596788316, 0.00225232712231522, -0.7378690792299324], [-0.0002846356710704529, -0.9999984175928793, -0.001756073538051914, 0.08805496315306552], [0.002252830344613459, 0.0017554279180164972, -0.9999959216058143, 0.004116833558360607], [0.0, 0.0, 0.0, 1.0]]}, "mean_rme": {"type": "float", "data": 0.0016949439626621524}, "max_rme": {"type": "float", "data": 0.007581747023667651}, "simu": {"type": "float", "data": 0.002}}, {"type": "dict", "image_number": {"type": "int", "data": 23}, "Hcamera2end": {"type": "ndarray", "data": [[0.9999957316618504, -0.0010027259909817774, -0.0027443029474673065, -0.017578443003759187], [0.0027430171653714955, -0.001281419666593342, 0.9999954168997317, 0.032664508745182466], [-0.0010062379991559948, -0.9999986762512362, -0.0012786637024555514, 0.0359646188337206], [0.0, 0.0, 0.0, 1.0]]}, "Hobj2base": {"type": "ndarray", "data": [[0.99999756876204, -0.0001220163331860054, 0.002201722512791589, -0.737551479312464], [-0.0001186079523387794, -0.9999987946335736, -0.00154811613052404, 0.08827466462895225], [0.0022019087543627843, 0.0015478512248864765, -0.9999963778706518, 0.004265510055832139], [0.0, 0.0, 0.0, 1.0]]}, "mean_rme": {"type": "float", "data": 0.0016659830178584506}, "max_rme": {"type": "float", "data": 0.007608697180686574}, "simu": {"type": "float", "data": 0.002}}, {"type": "dict", "image_number": {"type": "int", "data": 24}, "Hcamera2end": {"type": "ndarray", "data": [[0.9999962218511075, -0.0008970111943709937, -0.002598394586617092, -0.017560638179701528], [0.0025973080338147834, -0.0012103507174041628, 0.9999958945126316, 0.03293267309146121], [-0.000900152480454877, -0.9999988652103852, -0.0012080163301373403, 0.036095239828374974], [0.0, 0.0, 0.0, 1.0]]}, "Hobj2base": {"type": "ndarray", "data": [[0.9999978414390984, -2.9999357231412723e-05, 0.0020775507652840406, -0.7376834074850591], [-2.6950133599925252e-05, -0.9999989225446804, -0.0014677135851398724, 0.08811794779754539], [0.002077592557280071, 0.0014676544267200277, -0.9999967647945911, 0.00406648305977204], [0.0, 0.0, 0.0, 1.0]]}, "mean_rme": {"type": "float", "data": 0.0016613960456437708}, "max_rme": {"type": "float", "data": 0.007611195194882292}, "simu": {"type": "float", "data": 0.002}}, {"type": "dict", "image_number": {"type": "int", "data": 25}, "Hcamera2end": {"type": "ndarray", "data": [[0.9999970253600606, -0.0005688976997959938, -0.002371840306074337, -0.017547689955460723], [0.0023711494252216547, -0.0012120357369727053, 0.9999964543036016, 0.03278372764349395], [-0.0005717704378708239, -0.9999991036619879, -0.0012106831901490533, 0.03605588412431964], [0.0, 0.0, 0.0, 1.0]]}, "Hobj2base": {"type": "ndarray", "data": [[0.9999980992159879, 0.000285068520974286, 0.0019288080126073773, -0.7377022008096225], [0.0002875519799044202, -0.9999991299485307, -0.001287406711286365, 0.08818219217773157], [0.0019284393353180536, 0.001287958896767152, -0.9999973111381901, 0.0042309756838911075], [0.0, 0.0, 0.0, 1.0]]}, "mean_rme": {"type": "float", "data": 0.0016377207060792192}, "max_rme": {"type": "float", "data": 0.0075906714912630235}, "simu": {"type": "float", "data": 0.002}}, {"type": "dict", "image_number": {"type": "int", "data": 26}, "Hcamera2end": {"type": "ndarray", "data": [[0.9999985930751636, -6.466789239781257e-05, -0.0016762057621676455, -0.017490559198326934], [0.0016761165383548293, -0.001355951120411758, 0.9999976760122538, 0.03258958473874085], [-6.694059519167528e-05, -0.9999990786068866, -0.0013558408217666518, 0.03535197324369175], [0.0, 0.0, 0.0, 1.0]]}, "Hobj2base": {"type": "ndarray", "data": [[0.9999979649645091, 0.0007718336589782616, 0.0018639580583502632, -0.7370111868965588], [0.0007730542858872808, -0.9999994871876807, -0.0006542258375701047, 0.08848582545077574], [0.0018634521489675985, 0.0006556654469630279, -0.9999980488225515, 0.004421687133933374], [0.0, 0.0, 0.0, 1.0]]}, "mean_rme": {"type": "float", "data": 0.0016417860366219538}, "max_rme": {"type": "float", "data": 0.007541251494813106}, "simu": {"type": "float", "data": 0.002}}, {"type": "dict", "image_number": {"type": "int", "data": 27}, "Hcamera2end": {"type": "ndarray", "data": [[0.9999996824819093, -0.00025846644069353207, -0.0007538111033599682, -0.017452055735988993], [0.0007535394677097865, -0.0010494430101370966, 0.9999991654234714, 0.03321847140803637], [-0.000259257306776892, -0.9999994159320633, -0.0010492479122559129, 0.03465782765356902], [0.0, 0.0, 0.0, 1.0]]}, "Hobj2base": {"type": "ndarray", "data": [[0.999998467029991, 0.0004255355193143654, 0.001698486735288614, -0.7363100206906353], [0.0004253722197695666, -0.9999999048727, 9.650422591113364e-05, 0.08862651741718709], [0.0016985276396920457, -9.57815889002107e-05, -0.9999985529138251, 0.003910594152930497], [0.0, 0.0, 0.0, 1.0]]}, "mean_rme": {"type": "float", "data": 0.001707812358744318}, "max_rme": {"type": "float", "data": 0.0075457979614853565}, "simu": {"type": "float", "data": 0.002}}, {"type": "dict", "image_number": {"type": "int", "data": 28}, "Hcamera2end": {"type": "ndarray", "data": [[0.9999997392294606, -0.00013834440170121698, -0.0007088031018673569, -0.017547639953125332], [0.0007086892440828111, -0.0008213236240219857, 0.9999994115933568, 0.03348928765980433], [-0.00013892647703079588, -0.9999996531441053, -0.0008212253666555203, 0.03463797140294051], [0.0, 0.0, 0.0, 1.0]]}, "Hobj2base": {"type": "ndarray", "data": [[0.9999988778966432, 0.0004717621385038907, 0.0014218459617997231, -0.7363725342448831], [0.00047172224432861316, -0.9999998883359675, 2.8393242737469943e-05, 0.08850469349481356], [0.0014218591978875825, -2.7722494509127216e-05, -0.9999989887734309, 0.0037204827329347955], [0.0, 0.0, 0.0, 1.0]]}, "mean_rme": {"type": "float", "data": 0.001701144712401741}, "max_rme": {"type": "float", "data": 0.007640728291879895}, "simu": {"type": "float", "data": 0.002}}, {"type": "dict", "image_number": {"type": "int", "data": 29}, "Hcamera2end": {"type": "ndarray", "data": [[0.9999995230319711, 0.00014538777245534244, -0.0009658147989613752, -0.017651457039843596], [0.000965912014407493, -0.000670084652369507, 0.999999309000031, 0.03361000048695946], [0.00014474049431858094, -0.9999997649244496, -0.0006702247645566928, 0.03480158794902078], [0.0, 0.0, 0.0, 1.0]]}, "Hobj2base": {"type": "ndarray", "data": [[0.9999991148650268, 0.0007203091887750954, 0.001118670566173028, -0.7366374013088962], [0.0007206739641762255, -0.9999996872707995, -0.0003257105175865129, 0.08826101434812837], [0.0011184356040533775, 0.0003265164260402738, -0.9999993212441816, 0.003687631666989121], [0.0, 0.0, 0.0, 1.0]]}, "mean_rme": {"type": "float", "data": 0.001672504960447355}, "max_rme": {"type": "float", "data": 0.007714954238487448}, "simu": {"type": "float", "data": 0.002}}, {"type": "dict", "image_number": {"type": "int", "data": 30}, "Hcamera2end": {"type": "ndarray", "data": [[0.9999995742095629, -0.00010065383289188, -0.0009173055646112267, -0.01749419087715165], [0.0009172603443680194, -0.0004483951723228685, 0.9999994787874791, 0.03399944227627295], [-0.0001010650958165589, -0.9999998944052819, -0.0004483026556312275, 0.034695065366637835], [0.0, 0.0, 0.0, 1.0]]}, "Hobj2base": {"type": "ndarray", "data": [[0.9999993810433355, 0.0003872180714748922, 0.0010430604541413274, -0.7367063306157365], [0.0003876260814602471, -0.9999998484354553, -0.0003909924381849248, 0.08818188201819001], [0.0010429088967124696, 0.00039139651361411436, -0.9999993795747084, 0.0032975701592218134], [0.0, 0.0, 0.0, 1.0]]}, "mean_rme": {"type": "float", "data": 0.0016722675155324052}, "max_rme": {"type": "float", "data": 0.00770673971998137}, "simu": {"type": "float", "data": 0.002}}]}