{"type": "list", "data": [{"type": "dict", "image_number": {"type": "int", "data": 5}, "Hcamera2end": {"type": "ndarray", "data": [[0.9999863591269103, -0.005219630841751456, 0.00019239018139835008, -0.01989672241828841], [-0.00019601304012768425, -0.0006935806422063706, 0.9999997402623567, 0.02312293576761064], [-0.005219496047911274, -0.9999861371037945, -0.0006945942968705765, 0.03268675705563882], [0.0, 0.0, 0.0, 1.0]]}, "Hobj2base": {"type": "ndarray", "data": [[0.9999880370509878, -0.004887238742874192, 0.0002016243594722456, -0.7338138292652203], [-0.004887698061399223, -0.9999853073928269, 0.0023442282598294334, 0.08671889343297841], [0.0001901645939111564, -0.0023451856949372116, -0.9999972319669108, 0.014767324773225888], [0.0, 0.0, 0.0, 1.0]]}, "mean_rme": {"type": "float", "data": 0.0026593425851278445}, "max_rme": {"type": "float", "data": 0.006877059518205303}, "simu": {"type": "float", "data": 0.002}}, {"type": "dict", "image_number": {"type": "int", "data": 6}, "Hcamera2end": {"type": "ndarray", "data": [[0.9999855357837072, -0.005355496282752582, 0.0004968731603658613, -0.01953786984474843], [-0.0005000651610904319, -0.0005947007514217617, 0.9999996981328799, 0.023230836469597053], [-0.005355199175262512, -0.9999854823899103, -0.0005973702466528508, 0.03234603400764683], [0.0, 0.0, 0.0, 1.0]]}, "Hobj2base": {"type": "ndarray", "data": [[0.9999872874150171, -0.005038540100025756, -0.00019524860168810784, -0.7336740958752291], [-0.0050381476822066226, -0.9999853861610184, 0.0019607479012080835, 0.08682187943237218], [-0.00020512505528275956, -0.0019597392837437102, -0.9999980586709416, 0.014279016498317088], [0.0, 0.0, 0.0, 1.0]]}, "mean_rme": {"type": "float", "data": 0.0025110172186639697}, "max_rme": {"type": "float", "data": 0.006696402344029462}, "simu": {"type": "float", "data": 0.002}}, {"type": "dict", "image_number": {"type": "int", "data": 7}, "Hcamera2end": {"type": "ndarray", "data": [[0.9999850859035472, -0.005404633015305273, 0.0007860740710349508, -0.01945512483429843], [-0.0007887116151409656, -0.000485901349568163, 0.9999995709168412, 0.023340542080692528], [-0.005404248741816291, -0.9999852768125379, -0.0004901567996233869, 0.03220164670566596], [0.0, 0.0, 0.0, 1.0]]}, "Hobj2base": {"type": "ndarray", "data": [[0.9999869104344767, -0.0051053672608958, -0.0003379124756519264, -0.7338017638840592], [-0.005104601480556495, -0.999984485956853, 0.0022295491323149333, 0.08726044788083484], [-0.0003492899004098784, -0.002227795039961967, -0.9999974574596806, 0.013887315342023246], [0.0, 0.0, 0.0, 1.0]]}, "mean_rme": {"type": "float", "data": 0.002339625548027353}, "max_rme": {"type": "float", "data": 0.006438619674385859}, "simu": {"type": "float", "data": 0.002}}, {"type": "dict", "image_number": {"type": "int", "data": 8}, "Hcamera2end": {"type": "ndarray", "data": [[0.9999861188267233, -0.005250728679533203, 0.00043818055671723723, -0.01923428752225527], [-0.00044468107043764676, -0.0012369177586073477, 0.9999991361462288, 0.023444223306301887], [-0.005250182150359352, -0.9999854498355425, -0.0012392354883874468, 0.03234615847241939], [0.0, 0.0, 0.0, 1.0]]}, "Hobj2base": {"type": "ndarray", "data": [[0.9999875828923571, -0.004950284879539683, 0.0005733591479944852, -0.7332474271102836], [-0.004951394148519557, -0.9999858410850313, 0.0019496988097964195, 0.08699016304781237], [0.0005636994653132703, -0.0019525135273068073, -0.9999979349647872, 0.013394910017051273], [0.0, 0.0, 0.0, 1.0]]}, "mean_rme": {"type": "float", "data": 0.0022909533245396092}, "max_rme": {"type": "float", "data": 0.006688101835791799}, "simu": {"type": "float", "data": 0.002}}, {"type": "dict", "image_number": {"type": "int", "data": 9}, "Hcamera2end": {"type": "ndarray", "data": [[0.9999882726187258, -0.004841223011700972, 0.0001310906853596739, -0.019017465586969397], [-0.00014019845396356055, -0.0018810035440517403, 0.9999982210834483, 0.02360062069699903], [-0.004840967817525472, -0.9999865121017476, -0.001881660216787484, 0.032520349559937045], [0.0, 0.0, 0.0, 1.0]]}, "Hobj2base": {"type": "ndarray", "data": [[0.9999889322762027, -0.004631946180182496, 0.0008248634335182238, -0.7331813858734502], [-0.004633161103564387, -0.9999881759133937, 0.0014771092010722978, 0.08649199826096025], [0.0008180117899399284, -0.001480914578011571, -0.9999985688733379, 0.013063090701147615], [0.0, 0.0, 0.0, 1.0]]}, "mean_rme": {"type": "float", "data": 0.002214284053279457}, "max_rme": {"type": "float", "data": 0.006511101810940972}, "simu": {"type": "float", "data": 0.002}}, {"type": "dict", "image_number": {"type": "int", "data": 10}, "Hcamera2end": {"type": "ndarray", "data": [[0.9999859258439867, -0.005255347461745802, 0.0007276242169175101, -0.01888480836886726], [-0.0007311058981350664, -0.0006606118393288618, 0.9999995145379638, 0.023633348807537122], [-0.005254864233301845, -0.9999859723591394, -0.000664444757300986, 0.032130804214453856], [0.0, 0.0, 0.0, 1.0]]}, "Hobj2base": {"type": "ndarray", "data": [[0.999987133584425, -0.005058925317105393, -0.00037408587418580585, -0.7339540488105886], [-0.005058216627027648, -0.9999854554125951, 0.0018717392497414353, 0.08703810324419574], [-0.00038354942233864855, -0.0018698229597776572, -0.9999981783243106, 0.012948081629696667], [0.0, 0.0, 0.0, 1.0]]}, "mean_rme": {"type": "float", "data": 0.002228974414660442}, "max_rme": {"type": "float", "data": 0.006472333003607944}, "simu": {"type": "float", "data": 0.002}}, {"type": "dict", "image_number": {"type": "int", "data": 11}, "Hcamera2end": {"type": "ndarray", "data": [[0.9999835228296916, -0.005631007105031308, 0.0011161667002463037, -0.018874083881313806], [-0.0011171691718923089, -0.00017488478265992313, 0.9999993606739727, 0.02371734466741638], [-0.0056308083044111215, -0.9999841304612268, -0.00018117268859785263, 0.03199189205076813], [0.0, 0.0, 0.0, 1.0]]}, "Hobj2base": {"type": "ndarray", "data": [[0.9999849671792542, -0.005437955887970612, -0.000702887804963629, -0.7341730415687682], [-0.005436576520733072, -0.9999833210837576, 0.0019496640820681702, 0.08722052781707781], [-0.0007134782688314496, -0.001945813469780335, -0.9999978523770443, 0.012838676373036177], [0.0, 0.0, 0.0, 1.0]]}, "mean_rme": {"type": "float", "data": 0.002119051890647159}, "max_rme": {"type": "float", "data": 0.006608495428804519}, "simu": {"type": "float", "data": 0.002}}, {"type": "dict", "image_number": {"type": "int", "data": 12}, "Hcamera2end": {"type": "ndarray", "data": [[0.9999843041598305, -0.005283482033969568, 0.0018644708569073353, -0.018623945603981434], [-0.0018663557055984363, -0.00035183564580809623, 0.9999981964624028, 0.023657908234376836], [-0.005282816517703047, -0.9999859804163632, -0.0003616909802914847, 0.031901875489486135], [0.0, 0.0, 0.0, 1.0]]}, "Hobj2base": {"type": "ndarray", "data": [[0.9999867975588687, -0.005094932753036628, -0.0006681079255935303, -0.7339508805698874], [-0.005093023755283905, -0.9999830300599144, 0.0028285510814639305, 0.08760517065906942], [-0.00068250786539065, -0.002825111048148649, -0.9999957764563705, 0.01263215701445064], [0.0, 0.0, 0.0, 1.0]]}, "mean_rme": {"type": "float", "data": 0.0020767214495529}, "max_rme": {"type": "float", "data": 0.006844519456492476}, "simu": {"type": "float", "data": 0.002}}, {"type": "dict", "image_number": {"type": "int", "data": 13}, "Hcamera2end": {"type": "ndarray", "data": [[0.9999841226244663, -0.005180620219346932, 0.0022171317324591383, -0.0186770351191845], [-0.0022189899142876766, -0.0003529590305211272, 0.9999974757486555, 0.023699409286176046], [-0.005179824585492551, -0.9999865182061533, -0.00036444917047462333, 0.03189778168189964], [0.0, 0.0, 0.0, 1.0]]}, "Hobj2base": {"type": "ndarray", "data": [[0.999987305904264, -0.0050086689241258305, -0.0005488769811918158, -0.7338528666465578], [-0.005007058603726357, -0.9999832683403969, 0.0028969645143205403, 0.08762253739894622], [-0.000563377733706175, -0.002894179480764588, -0.9999956531558838, 0.012516454129831366], [0.0, 0.0, 0.0, 1.0]]}, "mean_rme": {"type": "float", "data": 0.0019838240050272233}, "max_rme": {"type": "float", "data": 0.006956594070426814}, "simu": {"type": "float", "data": 0.002}}, {"type": "dict", "image_number": {"type": "int", "data": 14}, "Hcamera2end": {"type": "ndarray", "data": [[0.9999843460383725, -0.00509247800934637, 0.0023182635598285976, -0.019086938325305454], [-0.0023202660503713265, -0.000387352375886163, 0.9999972331579687, 0.023719884945398544], [-0.005091565934366339, -0.9999869582278869, -0.0003991622161243491, 0.03191105909240376], [0.0, 0.0, 0.0, 1.0]]}, "Hobj2base": {"type": "ndarray", "data": [[0.9999878455368275, -0.00491425978206636, -0.0003985340744127704, -0.7337898171160269], [-0.004913171239676018, -0.9999843180213899, 0.002687835498200404, 0.08767278832813936], [-0.00041173654649955666, -0.002685844762850392, -0.9999963083486489, 0.01253019496287038], [0.0, 0.0, 0.0, 1.0]]}, "mean_rme": {"type": "float", "data": 0.002038968524652376}, "max_rme": {"type": "float", "data": 0.0065835289280112355}, "simu": {"type": "float", "data": 0.002}}, {"type": "dict", "image_number": {"type": "int", "data": 15}, "Hcamera2end": {"type": "ndarray", "data": [[0.9999844924275122, -0.005135497641238652, 0.002154429963520342, -0.01910588713128792], [-0.00215576403874124, -0.00025425391049238577, 0.9999976440154039, 0.023593837153087126], [-0.005134937769842209, -0.999986780922091, -0.00026532088876751736, 0.03180908443820138], [0.0, 0.0, 0.0, 1.0]]}, "Hobj2base": {"type": "ndarray", "data": [[0.9999877818126227, -0.004930569521501737, -0.00035455558691567274, -0.7336483476139131], [-0.004929717479398623, -0.9999850519003317, 0.0023651345552341005, 0.08782180545987606], [-0.00036621174733570934, -0.002363357798702695, -0.9999971402103465, 0.012419608659325058], [0.0, 0.0, 0.0, 1.0]]}, "mean_rme": {"type": "float", "data": 0.0020635659346710496}, "max_rme": {"type": "float", "data": 0.006406295757018704}, "simu": {"type": "float", "data": 0.002}}, {"type": "dict", "image_number": {"type": "int", "data": 16}, "Hcamera2end": {"type": "ndarray", "data": [[0.9999871881839003, -0.004795571892452344, 0.0016204808795800872, -0.019066487910528215], [-0.0016202602478773871, 4.989208542149903e-05, 0.9999986861328912, 0.023530752813746683], [-0.004795646440878635, -0.9999884999343761, 4.212137171000219e-05, 0.03168274573294918], [0.0, 0.0, 0.0, 1.0]]}, "Hobj2base": {"type": "ndarray", "data": [[0.9999890752122057, -0.0046362217514713125, -0.0005957382889286085, -0.7337580186542804], [-0.004635048732093051, -0.9999873460146413, 0.001955539272134635, 0.08770567552395245], [-0.00060479706417435, -0.0019527566322823057, -0.9999979104788399, 0.012329436910399168], [0.0, 0.0, 0.0, 1.0]]}, "mean_rme": {"type": "float", "data": 0.0020428655688253475}, "max_rme": {"type": "float", "data": 0.006239962370453267}, "simu": {"type": "float", "data": 0.002}}, {"type": "dict", "image_number": {"type": "int", "data": 17}, "Hcamera2end": {"type": "ndarray", "data": [[0.9999835307356636, -0.00532321705709005, 0.002145138130561729, -0.018953549716913962], [-0.0021468306452249774, -0.00031225588841099494, 0.9999976468044517, 0.023646825817786155], [-0.005322534698506645, -0.9999857828271476, -0.0003236787912954675, 0.03175940286219345], [0.0, 0.0, 0.0, 1.0]]}, "Hobj2base": {"type": "ndarray", "data": [[0.9999865772240922, -0.005174833242706941, -0.00025782271975625807, -0.7334952964442593], [-0.005174117841334904, -0.999982963154181, 0.0027022039054873568, 0.08818813724890827], [-0.0002718017818690216, -0.002700833629275684, -0.999996315803962, 0.01232914223151031], [0.0, 0.0, 0.0, 1.0]]}, "mean_rme": {"type": "float", "data": 0.002026050267701143}, "max_rme": {"type": "float", "data": 0.0062361127835262875}, "simu": {"type": "float", "data": 0.002}}, {"type": "dict", "image_number": {"type": "int", "data": 18}, "Hcamera2end": {"type": "ndarray", "data": [[0.9999866492871564, -0.004795056994770754, 0.0019257922688076924, -0.018986260477640335], [-0.001928632147008254, -0.0005876976595966532, 0.9999979674926859, 0.02436592463997958], [-0.004793915465173093, -0.9999883309518557, -0.0005969377144807719, 0.03150914024660731], [0.0, 0.0, 0.0, 1.0]]}, "Hobj2base": {"type": "ndarray", "data": [[0.999988979276648, -0.004693199304731654, -0.00012331072062671638, -0.7331321608466203], [-0.004692891123001337, -0.9999861303923003, 0.0023907730843980906, 0.08796862407015427], [-0.0001345293849328644, -0.00239016805256313, -0.999997134495157, 0.011597618578276125], [0.0, 0.0, 0.0, 1.0]]}, "mean_rme": {"type": "float", "data": 0.0019126466211642588}, "max_rme": {"type": "float", "data": 0.005986828934814947}, "simu": {"type": "float", "data": 0.002}}, {"type": "dict", "image_number": {"type": "int", "data": 19}, "Hcamera2end": {"type": "ndarray", "data": [[0.9999865358251143, -0.004775438402512697, 0.002030604971704527, -0.019119733796081638], [-0.002034310058542205, -0.0007711338141140889, 0.9999976334648133, 0.02503429615368519], [-0.004773861233112894, -0.9999883002019099, -0.0007808381538099152, 0.030511161875537124], [0.0, 0.0, 0.0, 1.0]]}, "Hobj2base": {"type": "ndarray", "data": [[0.9999889756446423, -0.004695128593004377, -6.600510747933979e-05, -0.7320277748840457], [-0.004694951016334954, -0.9999859207227688, 0.0024730125736343845, 0.08807407228824417], [-7.761529022046311e-05, -0.002472675419518525, -0.9999969399213857, 0.011022358976742842], [0.0, 0.0, 0.0, 1.0]]}, "mean_rme": {"type": "float", "data": 0.0019125520248174882}, "max_rme": {"type": "float", "data": 0.005955120571135231}, "simu": {"type": "float", "data": 0.002}}, {"type": "dict", "image_number": {"type": "int", "data": 20}, "Hcamera2end": {"type": "ndarray", "data": [[0.9999858672177201, -0.004991185613455452, 0.0018312375586570409, -0.01908220287893484], [-0.0018376173557663185, -0.0012739266388825943, 0.9999975001335616, 0.025589861706985264], [-0.004988840273849954, -0.9999867325005322, -0.0012830805240637844, 0.03174161191819269], [0.0, 0.0, 0.0, 1.0]]}, "Hobj2base": {"type": "ndarray", "data": [[0.9999877247110872, -0.004931333372984569, 0.00048205633219064545, -0.732922618631771], [-0.004932428434649677, -0.9999851962479396, 0.0022974844300424945, 0.08808340996873527], [0.00047071953430444366, -0.0022998339361173428, -0.9999972445896967, 0.010262536958764468], [0.0, 0.0, 0.0, 1.0]]}, "mean_rme": {"type": "float", "data": 0.0018844842735051689}, "max_rme": {"type": "float", "data": 0.005651809260798113}, "simu": {"type": "float", "data": 0.002}}, {"type": "dict", "image_number": {"type": "int", "data": 21}, "Hcamera2end": {"type": "ndarray", "data": [[0.9999904954518107, -0.00402018967761098, 0.001687329546422749, -0.019098577519635694], [-0.0016949454574005016, -0.0018917625530299187, 0.999996774191967, 0.026239208978114364], [-0.00401698468240028, -0.9999901296059873, -0.0018985585749133893, 0.03260923716827589], [0.0, 0.0, 0.0, 1.0]]}, "Hobj2base": {"type": "ndarray", "data": [[0.9999913739729139, -0.004002235093288438, 0.0011108978449110658, -0.7334919886960052], [-0.004004398781985329, -0.9999900765082661, 0.0019523512457372079, 0.08781773510343063], [0.00110307305225537, -0.0019567828826795525, -0.9999974771121132, 0.009416137366109332], [0.0, 0.0, 0.0, 1.0]]}, "mean_rme": {"type": "float", "data": 0.001852062123615582}, "max_rme": {"type": "float", "data": 0.0057058879251575545}, "simu": {"type": "float", "data": 0.002}}, {"type": "dict", "image_number": {"type": "int", "data": 22}, "Hcamera2end": {"type": "ndarray", "data": [[0.9999904677524849, -0.004097663858586658, 0.0015078312466542552, -0.01906799205762528], [-0.0015170684946111093, -0.0022520992865315836, 0.999996313269197, 0.02734319309910302], [-0.004094252965928291, -0.9999890685401044, -0.0022582942557050067, 0.032423552122608515], [0.0, 0.0, 0.0, 1.0]]}, "Hobj2base": {"type": "ndarray", "data": [[0.9999906316303027, -0.004095856069500667, 0.0014002195136354235, -0.7330329205640124], [-0.00409838989409018, -0.9999899607174245, 0.0018115365409415941, 0.08771409873757928], [0.001392785663499721, -0.0018172582153017497, -0.9999973788569019, 0.0082735085240918], [0.0, 0.0, 0.0, 1.0]]}, "mean_rme": {"type": "float", "data": 0.001812761580436613}, "max_rme": {"type": "float", "data": 0.0058294219336368636}, "simu": {"type": "float", "data": 0.002}}, {"type": "dict", "image_number": {"type": "int", "data": 23}, "Hcamera2end": {"type": "ndarray", "data": [[0.6587495086167195, 0.16460617849380604, 0.7341347906882603, -1162.9539879389865], [0.7343143897293725, 0.07177601323848115, -0.6750041340317614, -514.82281324432], [-0.16380311942575915, 0.9837443824110277, -0.07359027205504676, 117.62619154106366], [0.0, 0.0, 0.0, 1.0]]}, "Hobj2base": {"type": "ndarray", "data": [[-0.9928609547903366, -0.10863452471463045, 0.04925103544949089, -78.00738617113402], [0.11008215039746816, -0.6755776385321595, 0.7290245362669078, -1155.8930293352598], [-0.045924335778428665, 0.7292416570351264, 0.6827133813160344, 503.8630860393607], [0.0, 0.0, 0.0, 1.0]]}, "mean_rme": {"type": "float", "data": 52.360843149255736}, "max_rme": {"type": "float", "data": 612.8281113641236}, "simu": {"type": "float", "data": 0.002}}, {"type": "dict", "image_number": {"type": "int", "data": 23}, "Hcamera2end": {"type": "ndarray", "data": [[0.6769339240014742, 0.2117905692556995, 0.7049150426188344, -1159.0766723572399], [0.7051368876825609, 0.08800688193417527, -0.7035884865186295, -487.500353150786], [-0.2110507810109165, 0.9733445142941788, -0.08976649891864596, 148.66666282897293], [0.0, 0.0, 0.0, 1.0]]}, "Hobj2base": {"type": "ndarray", "data": [[-0.9851391660423277, -0.15792558717268, 0.0675302335668382, -110.54721532271971], [0.15928287139114403, -0.6929058634503347, 0.7032143565638705, -1151.9150263636088], [-0.06426344536997482, 0.7035204142825641, 0.7077635454562984, 479.6160917944862], [0.0, 0.0, 0.0, 1.0]]}, "mean_rme": {"type": "float", "data": 50.78882365338704}, "max_rme": {"type": "float", "data": 598.975688266468}, "simu": {"type": "float", "data": 0.002}}, {"type": "dict", "image_number": {"type": "int", "data": 23}, "Hcamera2end": {"type": "ndarray", "data": [[0.9999910798633553, -0.003573141384328524, 0.002252299795347728, -0.01897845028433462], [-0.0022601893555024895, -0.0022055186093070667, 0.9999950136034383, 0.02824558672499066], [-0.0035681560781162325, -0.9999911841352958, -0.0022135749119021053, 0.03378956315951149], [0.0, 0.0, 0.0, 1.0]]}, "Hobj2base": {"type": "ndarray", "data": [[0.9999926295272442, -0.0036573895643558516, 0.0011680722418386579, -0.734416799649955], [-0.003660446309846274, -0.9999898536611804, 0.002625587077996343, 0.08805935185108954], [0.0011584575954025546, -0.002629843391905589, -0.9999958709413426, 0.007379027352627523], [0.0, 0.0, 0.0, 1.0]]}, "mean_rme": {"type": "float", "data": 0.00180667908776788}, "max_rme": {"type": "float", "data": 0.005879804433137958}, "simu": {"type": "float", "data": 0.002}}, {"type": "dict", "image_number": {"type": "int", "data": 24}, "Hcamera2end": {"type": "ndarray", "data": [[0.9999948540700234, -0.0024565699301036695, 0.002063273527910524, -0.01904099738050794], [-0.002069605547756067, -0.002577839947738081, 0.9999945357221112, 0.02923776227882585], [-0.00245123771779956, -0.9999936599825934, -0.0025829108131099066, 0.03372070264119428], [0.0, 0.0, 0.0, 1.0]]}, "Hobj2base": {"type": "ndarray", "data": [[0.9999958987083821, -0.0025672314089065754, 0.0012696020275320015, -0.7342530433488189], [-0.0025703662253586967, -0.9999936370016385, 0.0024736963645384294, 0.0877054952408418], [0.0012632433980532389, -0.0024769495613594793, -0.9999961344610231, 0.006371823770156798], [0.0, 0.0, 0.0, 1.0]]}, "mean_rme": {"type": "float", "data": 0.0017572463880817827}, "max_rme": {"type": "float", "data": 0.00593014121545149}, "simu": {"type": "float", "data": 0.002}}, {"type": "dict", "image_number": {"type": "int", "data": 25}, "Hcamera2end": {"type": "ndarray", "data": [[0.9999959749444277, -0.0015243592091963645, 0.002392994764889554, -0.019033190250229842], [-0.0023968474778430704, -0.002530638307861377, 0.9999939254775113, 0.029987273990680498], [-0.0015182941452195258, -0.999995636089856, -0.0025342817784275162, 0.03445317339932332], [0.0, 0.0, 0.0, 1.0]]}, "Hobj2base": {"type": "ndarray", "data": [[0.9999977429702466, -0.001756132875970569, 0.0011958477054822977, -0.7349745990085319], [-0.0017595462600386344, -0.9999943641300475, 0.0028593189924071023, 0.08772161041143275], [0.0011908196217546936, -0.0028614166881968193, -0.9999951971100483, 0.00561461045281189], [0.0, 0.0, 0.0, 1.0]]}, "mean_rme": {"type": "float", "data": 0.0017694744540630654}, "max_rme": {"type": "float", "data": 0.006048668434452037}, "simu": {"type": "float", "data": 0.002}}, {"type": "dict", "image_number": {"type": "int", "data": 26}, "Hcamera2end": {"type": "ndarray", "data": [[0.9999970257359071, -0.00144820691717718, 0.001962451544503303, -0.019027493000778526], [-0.001965854536916045, -0.0023521266777655203, 0.9999953014469776, 0.029732992679513674], [-0.001443584178068544, -0.9999961850911316, -0.0023549666460580543, 0.03510455548761066], [0.0, 0.0, 0.0, 1.0]]}, "Hobj2base": {"type": "ndarray", "data": [[0.9999982058804812, -0.0016766796127655006, 0.0008814654246834321, -0.7358041792515377], [-0.0016788407337354127, -0.9999955729505314, 0.0024567403461668363, 0.08754383035495045], [0.0008773423559401162, -0.0024582157785413665, -0.9999965937169866, 0.005845990279015556], [0.0, 0.0, 0.0, 1.0]]}, "mean_rme": {"type": "float", "data": 0.001781964794631424}, "max_rme": {"type": "float", "data": 0.006274837709208558}, "simu": {"type": "float", "data": 0.002}}, {"type": "dict", "image_number": {"type": "int", "data": 27}, "Hcamera2end": {"type": "ndarray", "data": [[0.9999971498836223, -0.0010869664982417224, 0.002125730101351959, -0.018969127067646592], [-0.002128265164870779, -0.002336423481132721, 0.9999950057938815, 0.02949807236390826], [-0.0010819944639836369, -0.9999966798090626, -0.0023387301749875355, 0.03476305195084394], [0.0, 0.0, 0.0, 1.0]]}, "Hobj2base": {"type": "ndarray", "data": [[0.9999987023569158, -0.0013384257369480664, 0.0008966052817620592, -0.7355174323197976], [-0.0013407447774714993, -0.9999957448653791, 0.0025908791127907897, 0.08753755190104719], [0.0008931337673000032, -0.002592077869603403, -0.9999962417151333, 0.006116622692565784], [0.0, 0.0, 0.0, 1.0]]}, "mean_rme": {"type": "float", "data": 0.0017815113119416283}, "max_rme": {"type": "float", "data": 0.006046992612337765}, "simu": {"type": "float", "data": 0.002}}, {"type": "dict", "image_number": {"type": "int", "data": 28}, "Hcamera2end": {"type": "ndarray", "data": [[0.9999969031263078, -0.001261866712469192, 0.002145094448643156, -0.0189075936742377], [-0.0021481220574675747, -0.002402867272149889, 0.9999948058867598, 0.029739983123707712], [-0.0012567057809442779, -0.9999963169538537, -0.0024055704744920803, 0.03477831370454895], [0.0, 0.0, 0.0, 1.0]]}, "Hobj2base": {"type": "ndarray", "data": [[0.9999984053738369, -0.0015028843694112495, 0.0009646700759892471, -0.7354623639747795], [-0.0015053692144075214, -0.9999955379148744, 0.002580312746381312, 0.08759669029266258], [0.0009607878598545209, -0.0025817608163815524, -0.9999962056916891, 0.005861347192107509], [0.0, 0.0, 0.0, 1.0]]}, "mean_rme": {"type": "float", "data": 0.0017439023930297566}, "max_rme": {"type": "float", "data": 0.0060858754762088685}, "simu": {"type": "float", "data": 0.002}}, {"type": "dict", "image_number": {"type": "int", "data": 29}, "Hcamera2end": {"type": "ndarray", "data": [[0.999997361715647, -0.0011633474598415105, 0.0019807030148812363, -0.018899242187617606], [-0.001983554985994668, -0.0024555052669059663, 0.9999950179893409, 0.030064324641151833], [-0.001158478037346848, -0.9999963085514727, -0.0024578063522391336, 0.03488518937661741], [0.0, 0.0, 0.0, 1.0]]}, "Hobj2base": {"type": "ndarray", "data": [[0.9999984668545182, -0.001420443397441607, 0.00102402596048175, -0.7355110496885339], [-0.001422774321108438, -0.9999963906758327, 0.002279111348303317, 0.08752304121840977], [0.0010207849157733713, -0.0022805648119347726, -0.9999968785062749, 0.00551406419624039], [0.0, 0.0, 0.0, 1.0]]}, "mean_rme": {"type": "float", "data": 0.001706254403431967}, "max_rme": {"type": "float", "data": 0.0061960972843251305}, "simu": {"type": "float", "data": 0.002}}, {"type": "dict", "image_number": {"type": "int", "data": 30}, "Hcamera2end": {"type": "ndarray", "data": [[0.9999972851455737, -0.0012877861986551103, 0.0019419856303875963, -0.01840789018676066], [-0.001944887645454861, -0.0022560811154623828, 0.9999955637451835, 0.03012979398683549], [-0.0012833992086001675, -0.9999966258466612, -0.0022585795899983108, 0.03470599473932487], [0.0, 0.0, 0.0, 1.0]]}, "Hobj2base": {"type": "ndarray", "data": [[0.9999982705554034, -0.0015504634979276205, 0.001027107172558412, -0.7354643697071308], [-0.0015528926850296857, -0.9999959893198569, 0.0023685160987693375, 0.08816665012058235], [0.001023430755404674, -0.002370106989766976, -0.9999966675856207, 0.005414248435734707], [0.0, 0.0, 0.0, 1.0]]}, "mean_rme": {"type": "float", "data": 0.0017228074197916828}, "max_rme": {"type": "float", "data": 0.006128534188652779}, "simu": {"type": "float", "data": 0.002}}]}