{"type": "list", "data": [{"type": "dict", "image_number": {"type": "int", "data": 5}, "Hcamera2end": {"type": "ndarray", "data": [[0.9999992019543712, 0.0006585314459878651, -0.0010781590584315898, -0.012730204641048353], [0.001078054069709642, 0.00015976272759821164, 0.9999994061374702, 0.033964759391353], [0.0006587033045426742, -0.9999997704060761, 0.00015905266759486114, 0.028979532363187163], [0.0, 0.0, 0.0, 1.0]]}, "Hobj2base": {"type": "ndarray", "data": [[0.9999986138279537, 0.0006774934913856403, 0.0015209683560984382, -0.732298127252755], [0.0006768811796201058, -0.9999996896876553, 0.00040305888170021547, 0.09118133586222923], [0.0015212409538921784, -0.0004020288081362199, -0.9999987620986328, -0.005927321886807379], [0.0, 0.0, 0.0, 1.0]]}, "mean_rme": {"type": "float", "data": 0.0015686377146982848}, "max_rme": {"type": "float", "data": 0.007187810895628199}, "simu": {"type": "float", "data": 0.002}}, {"type": "dict", "image_number": {"type": "int", "data": 6}, "Hcamera2end": {"type": "ndarray", "data": [[0.9999996396921533, 0.0007635647468979303, -0.0003709237669746907, -0.012822079667330056], [0.00037088443026237156, 5.1658145395538924e-05, 0.9999999298880852, 0.034346208216362126], [0.0007635838545968289, -0.9999997071501138, 5.1374932506620397e-05, 0.028990488898981488], [0.0, 0.0, 0.0, 1.0]]}, "Hobj2base": {"type": "ndarray", "data": [[0.9999986129293464, 0.0006637692480662217, 0.0015275960750512465, -0.7325795665022907], [0.0006626911773285247, -0.9999995311115575, 0.0007061282239916287, 0.09210861116049916], [0.001528064064979379, -0.0007051149201004335, -0.9999985839155787, -0.005665933194274044], [0.0, 0.0, 0.0, 1.0]]}, "mean_rme": {"type": "float", "data": 0.0018792576483196517}, "max_rme": {"type": "float", "data": 0.006753978759621693}, "simu": {"type": "float", "data": 0.002}}, {"type": "dict", "image_number": {"type": "int", "data": 7}, "Hcamera2end": {"type": "ndarray", "data": [[0.9999997539800639, 0.0006916417800725195, 0.00011692501735808094, -0.01268721528502344], [-0.00011659994775010713, -0.0004700187192621108, 0.9999998827434209, 0.03460127262846456], [0.0006916966559198788, -0.9999996503569646, -0.00046993795823269124, 0.029039911453459095], [0.0, 0.0, 0.0, 1.0]]}, "Hobj2base": {"type": "ndarray", "data": [[0.9999984956884367, 0.0005794324618993968, 0.0016348941512508975, -0.7327425076609335], [0.00057853189487889, -0.9999996807063913, 0.0005512603387534025, 0.09245703522651914], [0.0016352130473748763, -0.000550313671074851, -0.9999985116154686, -0.005454595074010423], [0.0, 0.0, 0.0, 1.0]]}, "mean_rme": {"type": "float", "data": 0.0018931479513093884}, "max_rme": {"type": "float", "data": 0.0069603801024552825}, "simu": {"type": "float", "data": 0.002}}, {"type": "dict", "image_number": {"type": "int", "data": 8}, "Hcamera2end": {"type": "ndarray", "data": [[0.999999745038582, 0.000598407192011623, 0.0003896557499217426, -0.012685865025493105], [-0.0003893469400131947, -0.000516082955182906, 0.99999979103365, 0.03460684432236056], [0.0005986081616555798, -0.9999996877835593, -0.0005158498355923857, 0.02907536372324905], [0.0, 0.0, 0.0, 1.0]]}, "Hobj2base": {"type": "ndarray", "data": [[0.9999985185244903, 0.00045547667450344936, 0.0016599668140507005, -0.7326236758207294], [0.00045474643552591445, -0.9999997996872063, 0.0004402626782965671, 0.09255066025871182], [0.0016601670109187294, -0.00043950716206641043, -0.9999985253383874, -0.00538857263764423], [0.0, 0.0, 0.0, 1.0]]}, "mean_rme": {"type": "float", "data": 0.0017252197445850653}, "max_rme": {"type": "float", "data": 0.007022270326913466}, "simu": {"type": "float", "data": 0.002}}, {"type": "dict", "image_number": {"type": "int", "data": 9}, "Hcamera2end": {"type": "ndarray", "data": [[0.9999996696418081, 0.0008127960041488527, -8.884272143088573e-06, -0.012664755273171301], [9.682874758163318e-06, -0.0009825389162354536, 0.9999995172616438, 0.03437982937436536], [0.0008127868826379224, -0.9999991869896367, -0.0009825464618475888, 0.028922721110676054], [0.0, 0.0, 0.0, 1.0]]}, "Hobj2base": {"type": "ndarray", "data": [[0.999997774642695, 0.0007262742481952564, 0.001980715874169116, -0.7323858573200885], [0.0007254682516422195, -0.999999653774907, 0.00040760996328140215, 0.0921539201160504], [0.0019810112250152174, -0.00040617210972135933, -0.9999979553072815, -0.005497236027887949], [0.0, 0.0, 0.0, 1.0]]}, "mean_rme": {"type": "float", "data": 0.0016436411900621745}, "max_rme": {"type": "float", "data": 0.0071285394317806006}, "simu": {"type": "float", "data": 0.002}}, {"type": "dict", "image_number": {"type": "int", "data": 10}, "Hcamera2end": {"type": "ndarray", "data": [[0.9999997259500872, 0.0006962652565230998, -0.0002516236136555169, -0.012432912927127986], [0.00025232039990352826, -0.0010008414561022416, 0.999999467325256, 0.03448894640331683], [0.0006960130502963018, -0.9999992567652601, -0.0010010168637495376, 0.028967856441687614], [0.0, 0.0, 0.0, 1.0]]}, "Hobj2base": {"type": "ndarray", "data": [[0.999998115386694, 0.0006648384691340438, 0.0018240649303747627, -0.7325429915906727], [0.0006648339245879155, -0.9999997789931041, 3.097788356260271e-06, 0.09210732396523225], [0.0018240665867727025, -1.8850822717628793e-06, -0.9999983363873832, -0.0053575873489992544], [0.0, 0.0, 0.0, 1.0]]}, "mean_rme": {"type": "float", "data": 0.0016559911624481202}, "max_rme": {"type": "float", "data": 0.007321109670603149}, "simu": {"type": "float", "data": 0.002}}, {"type": "dict", "image_number": {"type": "int", "data": 11}, "Hcamera2end": {"type": "ndarray", "data": [[0.9999990786047921, 0.0013247789848271046, 0.00029622661617311364, -0.012516619016444562], [-0.00029427214967915095, -0.0014752667995723279, 0.9999988684952457, 0.034282241027538365], [0.001325214499125375, -0.9999980342723236, -0.0014748755947089354, 0.029121585811174897], [0.0, 0.0, 0.0, 1.0]]}, "Hobj2base": {"type": "ndarray", "data": [[0.9999967112486495, 0.0012815178756321877, 0.0022215318632505445, -0.7321492378948121], [0.0012800937573759228, -0.9999989743689952, 0.0006423557660720225, 0.09229110897080565], [0.0022223527751753236, -0.0006395098844536706, -0.9999973260840505, -0.00538306346575925], [0.0, 0.0, 0.0, 1.0]]}, "mean_rme": {"type": "float", "data": 0.0017830014730037436}, "max_rme": {"type": "float", "data": 0.007195268273656991}, "simu": {"type": "float", "data": 0.002}}, {"type": "dict", "image_number": {"type": "int", "data": 12}, "Hcamera2end": {"type": "ndarray", "data": [[0.9999983347824551, 0.001791542699601085, 0.0003475731178924725, -0.012434216957549805], [-0.00034451670610969123, -0.001706048662853954, 0.9999984853519523, 0.03430925395074615], [0.0017921329626974574, -0.9999969398816755, -0.0017054286055220302, 0.02924999671723761], [0.0, 0.0, 0.0, 1.0]]}, "Hobj2base": {"type": "ndarray", "data": [[0.9999955020063228, 0.0016508725959944862, 0.0025041139738944903, -0.7319773168484068], [0.0016505506527601179, -0.9999986293086427, 0.00013062686737870993, 0.09218888481122132], [0.0025043261898427646, -0.0001264931128656891, -0.9999968561699719, -0.005478783767883179], [0.0, 0.0, 0.0, 1.0]]}, "mean_rme": {"type": "float", "data": 0.0017897142658969928}, "max_rme": {"type": "float", "data": 0.007371804997854309}, "simu": {"type": "float", "data": 0.002}}, {"type": "dict", "image_number": {"type": "int", "data": 13}, "Hcamera2end": {"type": "ndarray", "data": [[0.9999985379477591, 0.00170607035734345, -0.00011587182577939281, -0.012563829804034008], [0.00011891481207914505, -0.0017836295906028532, 0.9999984022610989, 0.03417280183983651], [0.0017058609590712953, -0.9999969539900705, -0.001783829859879127, 0.029242033059663875], [0.0, 0.0, 0.0, 1.0]]}, "Hobj2base": {"type": "ndarray", "data": [[0.9999954437588465, 0.0015719453663117352, 0.002577100951257177, -0.731835372599856], [0.0015722183971118944, -0.9999987586639456, -0.00010392247394303368, 0.09188762539438508], [0.0025769343917574784, 0.00010797376597396223, -0.999996673869872, -0.005585610677068185], [0.0, 0.0, 0.0, 1.0]]}, "mean_rme": {"type": "float", "data": 0.0017278921702847528}, "max_rme": {"type": "float", "data": 0.0072754828762372215}, "simu": {"type": "float", "data": 0.002}}, {"type": "dict", "image_number": {"type": "int", "data": 14}, "Hcamera2end": {"type": "ndarray", "data": [[0.9999992893614287, 0.001188377354245664, 9.505735984787086e-05, -0.012497844306180238], [-9.257241793202782e-05, -0.002090917916379942, 0.9999978097439085, 0.03413730770727424], [0.0011885735085317148, -0.9999971079065834, -0.0020908064195279685, 0.02935453969519236], [0.0, 0.0, 0.0, 1.0]]}, "Hobj2base": {"type": "ndarray", "data": [[0.9999958467913755, 0.0010777237376713837, 0.002672996734947142, -0.7315882583796517], [0.0010776013559081572, -0.9999994182724234, 4.722427199525244e-05, 0.09194716485916112], [0.0026730460747101535, -4.4343650957081586e-05, -0.9999964264227761, -0.005449664674744685], [0.0, 0.0, 0.0, 1.0]]}, "mean_rme": {"type": "float", "data": 0.0017282386241609072}, "max_rme": {"type": "float", "data": 0.007446356059470555}, "simu": {"type": "float", "data": 0.002}}, {"type": "dict", "image_number": {"type": "int", "data": 15}, "Hcamera2end": {"type": "ndarray", "data": [[0.9999996201814197, 0.0006610476239163668, -0.0005680255762201172, -0.012743123252073218], [0.000569480914997882, -0.0022034623336191217, 0.9999974102192626, 0.03403116446412027], [0.0006597942889862308, -0.9999973538813909, -0.0022038379507087758, 0.02939954382798814], [0.0, 0.0, 0.0, 1.0]]}, "Hobj2base": {"type": "ndarray", "data": [[0.9999957738845874, 0.0005920780051758151, 0.0028463409144019705, -0.7312917140976846], [0.0005936892068001021, -0.9999996640132507, -0.0005652490702724264, 0.09157989282522669], [0.0028460052865271848, 0.0005669365233443725, -0.9999957894095792, -0.0056453545589276845], [0.0, 0.0, 0.0, 1.0]]}, "mean_rme": {"type": "float", "data": 0.0017752876048373685}, "max_rme": {"type": "float", "data": 0.007296238517360942}, "simu": {"type": "float", "data": 0.002}}, {"type": "dict", "image_number": {"type": "int", "data": 16}, "Hcamera2end": {"type": "ndarray", "data": [[0.9999999865358509, -0.00014090306010883824, -8.411079467965317e-05, -0.012744982403606619], [8.376996160884107e-05, -0.002417180884666914, 0.9999970751053047, 0.034021501645823016], [-0.00014110595898731898, -0.9999970686871529, -0.0024171690486776143, 0.029508040902184174], [0.0, 0.0, 0.0, 1.0]]}, "Hobj2base": {"type": "ndarray", "data": [[0.9999954439954685, -0.00021397884279238422, 0.003011013344479113, -0.7309886513569934], [-0.00021340819899179632, -0.999999959209072, -0.00018983886669318543, 0.09181821328153267], [0.0030110538431580964, 0.000189195426851463, -0.9999954488695657, -0.005505761870508601], [0.0, 0.0, 0.0, 1.0]]}, "mean_rme": {"type": "float", "data": 0.001791246411537208}, "max_rme": {"type": "float", "data": 0.007408248243037263}, "simu": {"type": "float", "data": 0.002}}, {"type": "dict", "image_number": {"type": "int", "data": 17}, "Hcamera2end": {"type": "ndarray", "data": [[0.9999999264708371, 6.53693668656649e-05, 0.00037786924488943775, -0.01281073573598093], [-0.0003777192432180738, -0.002279670448938065, 0.9999973302118451, 0.03403692985462103], [6.623060969444052e-05, -0.9999973994113637, -0.0022796455900480073, 0.029495862847734988], [0.0, 0.0, 0.0, 1.0]]}, "Hobj2base": {"type": "ndarray", "data": [[0.9999953788330911, -4.6935568713934135e-07, 0.0030401171428546176, -0.7310367607771493], [-1.2373844597505833e-06, -0.9999999680884191, 0.0002526294327947655, 0.09192792577791475], [0.003040116927266612, -0.0002526320271456988, -0.9999953469222385, -0.005390306056937237], [0.0, 0.0, 0.0, 1.0]]}, "mean_rme": {"type": "float", "data": 0.0017185207532222167}, "max_rme": {"type": "float", "data": 0.0074459655924681845}, "simu": {"type": "float", "data": 0.002}}, {"type": "dict", "image_number": {"type": "int", "data": 18}, "Hcamera2end": {"type": "ndarray", "data": [[0.9999995375637334, 0.0009352706987452682, -0.00022392194955243681, -0.013074429358281403], [0.0002258496297764952, -0.002061496532691054, 0.9999978496096832, 0.03400437271195042], [0.0009348070732256182, -0.9999974377471005, -0.0020617068099213487, 0.02938950565552031], [0.0, 0.0, 0.0, 1.0]]}, "Hobj2base": {"type": "ndarray", "data": [[0.9999954884063865, 0.0009496333741682567, 0.0028498005767467628, -0.7313073507167114], [0.0009507373060651569, -0.9999994735349642, -0.0003860419266832187, 0.09134615552063148], [0.0028494324781289937, 0.0003887495967420869, -0.9999958647956018, -0.005509510162131754], [0.0, 0.0, 0.0, 1.0]]}, "mean_rme": {"type": "float", "data": 0.0017315735191563333}, "max_rme": {"type": "float", "data": 0.007368772249407768}, "simu": {"type": "float", "data": 0.002}}, {"type": "dict", "image_number": {"type": "int", "data": 19}, "Hcamera2end": {"type": "ndarray", "data": [[0.9999995144744416, 0.0008601423214812554, -0.0004808389209712332, -0.013047250055708108], [0.00048249784164879913, -0.0019294916776613213, 0.9999980221268933, 0.03319671487584915], [0.0008592128455325802, -0.9999977686060367, -0.0019299057576573908, 0.029474321493260777], [0.0, 0.0, 0.0, 1.0]]}, "Hobj2base": {"type": "ndarray", "data": [[0.9999958916123646, 0.0008386259029935597, 0.0027410700441309515, -0.7315390534501274], [0.0008404128763633085, -0.999999435057447, -0.0006508386778212965, 0.0912220298250002], [0.0027405226854099515, 0.0006531396344838213, -0.9999960314641398, -0.004737434952209115], [0.0, 0.0, 0.0, 1.0]]}, "mean_rme": {"type": "float", "data": 0.001664326992067485}, "max_rme": {"type": "float", "data": 0.006910894772583692}, "simu": {"type": "float", "data": 0.002}}, {"type": "dict", "image_number": {"type": "int", "data": 20}, "Hcamera2end": {"type": "ndarray", "data": [[0.9999997672542412, 0.0001418482210231987, -0.0006673608811028736, -0.012966604653338844], [0.0006676061243957028, -0.001735955446134474, 0.99999827037888, 0.03302682602811819], [0.00014068946692343215, -0.9999984831677352, -0.001736049740839185, 0.029921818057850477], [0.0, 0.0, 0.0, 1.0]]}, "Hobj2base": {"type": "ndarray", "data": [[0.9999968375259846, 0.00010702796078433274, 0.0025126645309772985, -0.7320088723490009], [0.00010887223652171394, -0.9999997247931962, -0.000733866723492927, 0.09122650506780018], [0.002512585295216021, 0.0007341379620655995, -0.9999965739724246, -0.004582029514668043], [0.0, 0.0, 0.0, 1.0]]}, "mean_rme": {"type": "float", "data": 0.0016310891633721358}, "max_rme": {"type": "float", "data": 0.006846805595618982}, "simu": {"type": "float", "data": 0.002}}, {"type": "dict", "image_number": {"type": "int", "data": 21}, "Hcamera2end": {"type": "ndarray", "data": [[0.9999996768337894, 0.00035412145865239893, -0.0007217550202932312, -0.01295574905546892], [0.0007224503482580953, -0.0019673464898071202, 0.99999780380423, 0.03352565673327623], [0.00035270073872667457, -0.9999980020708948, -0.001967601689198295, 0.030127541669650152], [0.0, 0.0, 0.0, 1.0]]}, "Hobj2base": {"type": "ndarray", "data": [[0.9999964871848724, 0.0003035568970461446, 0.002633148519460826, -0.7321145961086601], [0.00030571431365921525, -0.9999996179167863, -0.0008189658362458772, 0.09115436389175526], [0.002632898910650938, 0.0008197679505626885, -0.9999961979046892, -0.005126219460299056], [0.0, 0.0, 0.0, 1.0]]}, "mean_rme": {"type": "float", "data": 0.0016059994850189158}, "max_rme": {"type": "float", "data": 0.007188626971031675}, "simu": {"type": "float", "data": 0.002}}, {"type": "dict", "image_number": {"type": "int", "data": 22}, "Hcamera2end": {"type": "ndarray", "data": [[0.9999990747377734, 0.0010754868686649992, -0.0008329775462190534, -0.01308008975075381], [0.0008360483351752822, -0.002857969242958447, 0.9999955665076659, 0.032831814381867774], [0.0010731014762950424, -0.999995337659032, -0.0028588657575936427, 0.032116134104698456], [0.0, 0.0, 0.0, 1.0]]}, "Hobj2base": {"type": "ndarray", "data": [[0.999993167097861, 0.0009351882399601003, 0.003576475995354009, -0.7338717007987602], [0.0009391294685557862, -0.9999989535046485, -0.001100466014923783, 0.09088296138273548], [0.0035754431097128705, 0.0011038172695480152, -0.9999929988724947, -0.004814993361626698], [0.0, 0.0, 0.0, 1.0]]}, "mean_rme": {"type": "float", "data": 0.001652835894565575}, "max_rme": {"type": "float", "data": 0.006897380545950377}, "simu": {"type": "float", "data": 0.002}}, {"type": "dict", "image_number": {"type": "int", "data": 23}, "Hcamera2end": {"type": "ndarray", "data": [[0.9999985289617921, 0.0014270244116879227, -0.0009516698903599564, -0.013118119824161164], [0.0009559710001038465, -0.0030163939413019314, 0.9999949937309875, 0.0336679244290269], [0.001424146656328429, -0.9999944324689609, -0.0030177536980253716, 0.031896397039773615], [0.0, 0.0, 0.0, 1.0]]}, "Hobj2base": {"type": "ndarray", "data": [[0.9999920729952947, 0.0012669030205343405, 0.0037747719546775515, -0.7334938957227719], [0.0012715439738571403, -0.9999984384298659, -0.0012273197430945017, 0.09089645474893306], [0.003773211165016717, 0.0012321098026567784, -0.9999921223604404, -0.005666677338139774], [0.0, 0.0, 0.0, 1.0]]}, "mean_rme": {"type": "float", "data": 0.0017201316140469515}, "max_rme": {"type": "float", "data": 0.007254206537120028}, "simu": {"type": "float", "data": 0.002}}, {"type": "dict", "image_number": {"type": "int", "data": 24}, "Hcamera2end": {"type": "ndarray", "data": [[0.9999991469352041, 0.0010279612225516431, -0.0008058688411013581, -0.013014436596775009], [0.0008089600231132098, -0.0030102369095721393, 0.9999951420169148, 0.03356517885366918], [0.0010255303726036543, -0.9999949408719394, -0.003011065921179279, 0.03235285961275754], [0.0, 0.0, 0.0, 1.0]]}, "Hobj2base": {"type": "ndarray", "data": [[0.9999928340358121, 0.0008635358570196925, 0.003685943956216988, -0.7339454475485359], [0.0008672970309317463, -0.9999991047847443, -0.001018933545293886, 0.0910161365511229], [0.0036850607708514465, 0.0010221230519019985, -0.9999926877690564, -0.005561540631388788], [0.0, 0.0, 0.0, 1.0]]}, "mean_rme": {"type": "float", "data": 0.001716701624144801}, "max_rme": {"type": "float", "data": 0.007279470401789334}, "simu": {"type": "float", "data": 0.002}}, {"type": "dict", "image_number": {"type": "int", "data": 25}, "Hcamera2end": {"type": "ndarray", "data": [[0.9999992410510493, 0.0005353442230203779, -0.001109641333169117, -0.012907039296569738], [0.0011111634542229625, -0.0028513872597599743, 0.9999953174422731, 0.032973809029520774], [0.0005321776990798483, -0.999995791489773, -0.0028519799506385723, 0.03234128672327705], [0.0, 0.0, 0.0, 1.0]]}, "Hobj2base": {"type": "ndarray", "data": [[0.9999931655758263, 0.00034102553980295885, 0.003681372464089895, -0.7339472988504947], [0.0003459107925760577, -0.9999990604186708, -0.0013264642849588097, 0.09094053198769943], [0.003680916646942254, 0.0013277286458060558, -0.9999923439653333, -0.005014899505699539], [0.0, 0.0, 0.0, 1.0]]}, "mean_rme": {"type": "float", "data": 0.0016843530347414413}, "max_rme": {"type": "float", "data": 0.006989397749756043}, "simu": {"type": "float", "data": 0.002}}, {"type": "dict", "image_number": {"type": "int", "data": 26}, "Hcamera2end": {"type": "ndarray", "data": [[0.9999992788462055, 0.0007330895671488997, -0.0009512553576195654, -0.012923794704047496], [0.0009533467597230121, -0.002857810930778859, 0.9999954620130229, 0.03274612018646296], [0.000730367732439024, -0.999995647738714, -0.002858507758421114, 0.03180026003530955], [0.0, 0.0, 0.0, 1.0]]}, "Hobj2base": {"type": "ndarray", "data": [[0.9999930750573709, 0.0005288354514024436, 0.003683771215581383, -0.733466186708177], [0.0005332422202465199, -0.9999991433519415, -0.0011953861791227345, 0.09102150890159091], [0.003683135897296287, 0.0011973422434839011, -0.9999925004126349, -0.004721792758645877], [0.0, 0.0, 0.0, 1.0]]}, "mean_rme": {"type": "float", "data": 0.0016678518667645015}, "max_rme": {"type": "float", "data": 0.006817860536609932}, "simu": {"type": "float", "data": 0.002}}, {"type": "dict", "image_number": {"type": "int", "data": 27}, "Hcamera2end": {"type": "ndarray", "data": [[0.9999995233473483, 0.0005941610608835871, -0.0007747759094236566, -0.012906038371220604], [0.0007765335378241855, -0.0029636651300812833, 0.9999953068313179, 0.03309928540289069], [0.000591862096039118, -0.9999954318203812, -0.002964125103433135, 0.03154587547797697], [0.0, 0.0, 0.0, 1.0]]}, "Hobj2base": {"type": "ndarray", "data": [[0.9999929724117907, 0.00039532781646933697, 0.0037281152006262788, -0.7331242184027508], [0.00039919265692324105, -0.9999993836879293, -0.0010359869611731014, 0.09109129235818193], [0.003727703348480629, 0.001037467916895602, -0.9999925139160126, -0.005033398997861244], [0.0, 0.0, 0.0, 1.0]]}, "mean_rme": {"type": "float", "data": 0.0016566042376879467}, "max_rme": {"type": "float", "data": 0.007084037536944698}, "simu": {"type": "float", "data": 0.002}}, {"type": "dict", "image_number": {"type": "int", "data": 28}, "Hcamera2end": {"type": "ndarray", "data": [[0.9999995379988555, 0.000725097259371546, -0.0006310594583463634, -0.01290006341734006], [0.0006331376571271558, -0.002869450581413524, 0.9999956826857147, 0.032668337597215394], [0.0007232833349691312, -0.9999956202340717, -0.0028699083421042104, 0.03142860004113445], [0.0, 0.0, 0.0, 1.0]]}, "Hobj2base": {"type": "ndarray", "data": [[0.9999930891928864, 0.0005399944761852643, 0.0036783110843816315, -0.7331045123671797], [0.0005430946495893761, -0.9999994981442328, -0.0008418785442685511, 0.09109276579461967], [0.003677854628636478, 0.0008438703972777717, -0.9999928806086984, -0.004568271620806334], [0.0, 0.0, 0.0, 1.0]]}, "mean_rme": {"type": "float", "data": 0.0016238556788209476}, "max_rme": {"type": "float", "data": 0.00688322524755125}, "simu": {"type": "float", "data": 0.002}}, {"type": "dict", "image_number": {"type": "int", "data": 29}, "Hcamera2end": {"type": "ndarray", "data": [[0.9999995754523322, 0.0009138673582019208, -0.00011807458255665756, -0.012919013538843428], [0.00012070108239924614, -0.0028745279680308933, 0.9999958612515399, 0.032695263305562085], [0.0009135241672449269, -0.9999954509573591, -0.0028746370524361797, 0.030850520438995346], [0.0, 0.0, 0.0, 1.0]]}, "Hobj2base": {"type": "ndarray", "data": [[0.999992535188634, 0.0006947825247106494, 0.0038009004527799484, -0.7324907652745087], [0.0006962046186819427, -0.9999996881460684, -0.00037283628535138443, 0.09127931042156981], [0.0038006402273185564, 0.00037547970664921957, -0.9999927070478329, -0.004499242924231966], [0.0, 0.0, 0.0, 1.0]]}, "mean_rme": {"type": "float", "data": 0.0016157232696657276}, "max_rme": {"type": "float", "data": 0.006930819050262715}, "simu": {"type": "float", "data": 0.002}}, {"type": "dict", "image_number": {"type": "int", "data": 30}, "Hcamera2end": {"type": "ndarray", "data": [[0.9999997766430934, 0.0006566363413885207, -0.00012466947695737805, -0.013017173258652578], [0.0001265613039421859, -0.002881834715731779, 0.9999958394967989, 0.03272192488079551], [0.0006562743326242325, -0.9999956319191532, -0.0028819171768057483, 0.030871539949431807], [0.0, 0.0, 0.0, 1.0]]}, "Hobj2base": {"type": "ndarray", "data": [[0.999992801169332, 0.00044314533143368897, 0.0037684521660854694, -0.7324931506930081], [0.00044436951750380344, -0.9999998487733504, -0.00032402007263792877, 0.09132028722730999], [0.0037683080082125953, 0.00032569232534307235, -0.9999928468640482, -0.004525918409211144], [0.0, 0.0, 0.0, 1.0]]}, "mean_rme": {"type": "float", "data": 0.0016111068631074574}, "max_rme": {"type": "float", "data": 0.00685322503092628}, "simu": {"type": "float", "data": 0.002}}]}