{"type": "list", "data": [{"type": "dict", "image_number": {"type": "int", "data": 5}, "Hcamera2end": {"type": "ndarray", "data": [[0.9999896813197607, 0.0022045489860872953, 0.003972054603251646, -0.015027623674426182], [-0.003974542176538904, 0.0011251502686021597, 0.9999914684892866, 0.028330715061922432], [0.002200061019650252, -0.9999969369956294, 0.001133900731461801, 0.032052409967012106], [0.0, 0.0, 0.0, 1.0]]}, "Hobj2base": {"type": "ndarray", "data": [[0.9999946268649028, 0.0024307756680537946, 0.0021994478796461335, -0.7352241914114999], [0.0024256684108357016, -0.9999943627681624, 0.002321758957525876, 0.08911074709675848], [0.0022050791560295616, -0.002316411351158397, -0.9999948859191068, -0.004606411382729525], [0.0, 0.0, 0.0, 1.0]]}, "mean_rme": {"type": "float", "data": 0.0010366290359808774}, "max_rme": {"type": "float", "data": 0.0035593624749032937}, "simu": {"type": "float", "data": 0.002}}, {"type": "dict", "image_number": {"type": "int", "data": 6}, "Hcamera2end": {"type": "ndarray", "data": [[0.9999900772952054, 0.00216745917251793, 0.0038919701777642133, -0.014804478212866505], [-0.0038948304905043547, 0.001317007956385896, 0.9999915478570274, 0.028418561877237382], [0.0021623150971529837, -0.9999967838002173, 0.001325436774176847, 0.032017052571209376], [0.0, 0.0, 0.0, 1.0]]}, "Hobj2base": {"type": "ndarray", "data": [[0.9999952775638229, 0.0024113318434765547, 0.0019053421722760961, -0.7354908748000467], [0.002405841783332857, -0.9999929631685696, 0.002878461161500251, 0.08965812160916849], [0.0019122696897633479, -0.002873863616341519, -0.999994042048526, -0.00459308830214708], [0.0, 0.0, 0.0, 1.0]]}, "mean_rme": {"type": "float", "data": 0.0010497126305883107}, "max_rme": {"type": "float", "data": 0.0033459105051329985}, "simu": {"type": "float", "data": 0.002}}, {"type": "dict", "image_number": {"type": "int", "data": 7}, "Hcamera2end": {"type": "ndarray", "data": [[0.999993367463126, 0.0018956577411301354, 0.003109905382159316, -0.01466750532720323], [-0.0031120434002544065, 0.0011259459334181932, 0.9999945237008201, 0.028150864024546998], [0.0018921457746228438, -0.9999975693607879, 0.0011318378347027203, 0.032170685470821976], [0.0, 0.0, 0.0, 1.0]]}, "Hobj2base": {"type": "ndarray", "data": [[0.9999947433473684, 0.0022955420580641588, 0.0022899266998324453, -0.7352357839898497], [0.002289301691801451, -0.9999936693128013, 0.002724047004738713, 0.08933085677095141], [0.0022961653674903218, -0.0027187903523018288, -0.9999936678817649, -0.004358416566597055], [0.0, 0.0, 0.0, 1.0]]}, "mean_rme": {"type": "float", "data": 0.0010398560001801693}, "max_rme": {"type": "float", "data": 0.00332536402703143}, "simu": {"type": "float", "data": 0.002}}, {"type": "dict", "image_number": {"type": "int", "data": 8}, "Hcamera2end": {"type": "ndarray", "data": [[0.999994871513768, 0.001217633529637959, 0.00296214698320785, -0.01383871438471373], [-0.0029615373613071394, -0.000502159745706221, 0.9999954885558471, 0.0282794160156005], [0.0012191155073281235, -0.9999991326017124, -0.0004985511031965206, 0.032407909597715626], [0.0, 0.0, 0.0, 1.0]]}, "Hobj2base": {"type": "ndarray", "data": [[0.9999906167891, 0.0023567410183891763, 0.0036348460115497006, -0.7343493713994707], [0.0023454285870768317, -0.9999924029905811, 0.0031133464096566106, 0.09004645659715091], [0.0036421557487784063, -0.0031047919247255327, -0.9999885474187222, -0.004334993342551524], [0.0, 0.0, 0.0, 1.0]]}, "mean_rme": {"type": "float", "data": 0.0012824261443768047}, "max_rme": {"type": "float", "data": 0.00546368391675317}, "simu": {"type": "float", "data": 0.002}}, {"type": "dict", "image_number": {"type": "int", "data": 9}, "Hcamera2end": {"type": "ndarray", "data": [[0.9999952827617673, 0.0009726911336906055, 0.0029134732144976572, -0.01331840038276498], [-0.002912864206047349, -0.0006269373877292317, 0.9999955610759624, 0.028294327021314694], [0.0009745133812748676, -0.9999993304105109, -0.0006241011131293828, 0.032613727494741514], [0.0, 0.0, 0.0, 1.0]]}, "Hobj2base": {"type": "ndarray", "data": [[0.9999914277618347, 0.002213300974768045, 0.003499385895032359, -0.7341361601472147], [0.002202205447063781, -0.9999925462689223, 0.0031713873566615227, 0.09038008699387144], [0.0035063790462788267, -0.003163653804094369, -0.9999888482381147, -0.004093508544219637], [0.0, 0.0, 0.0, 1.0]]}, "mean_rme": {"type": "float", "data": 0.0014720735610990311}, "max_rme": {"type": "float", "data": 0.004878706057257598}, "simu": {"type": "float", "data": 0.002}}, {"type": "dict", "image_number": {"type": "int", "data": 10}, "Hcamera2end": {"type": "ndarray", "data": [[0.9999951576484719, 0.0006671623170727704, 0.0030396667663546086, -0.013231174023358872], [-0.003039325937939567, -0.000511283523588757, 0.9999952505322218, 0.028363580782955918], [0.000668713279941681, -0.999999646741738, -0.0005092533240391717, 0.03262366138421536], [0.0, 0.0, 0.0, 1.0]]}, "Hobj2base": {"type": "ndarray", "data": [[0.9999930883292525, 0.0018930899081772792, 0.0031999225495864315, -0.7341883472455109], [0.001882298055207834, -0.9999925426181164, 0.003372189524043579, 0.09068540183016832], [0.003206282544498409, -0.0033661430085879887, -0.9999891943583645, -0.0040940851932078914], [0.0, 0.0, 0.0, 1.0]]}, "mean_rme": {"type": "float", "data": 0.0013993256894158923}, "max_rme": {"type": "float", "data": 0.004821304171373941}, "simu": {"type": "float", "data": 0.002}}, {"type": "dict", "image_number": {"type": "int", "data": 11}, "Hcamera2end": {"type": "ndarray", "data": [[0.9999954288289801, 0.000676178244288889, 0.0029470500718729443, -0.012958563038873473], [-0.0029463984052336433, -0.0009627303250083763, 0.99999519593184, 0.028548329168037994], [0.0006790122103560248, -0.9999993079664122, -0.0009607336337027483, 0.03275596978769109], [0.0, 0.0, 0.0, 1.0]]}, "Hobj2base": {"type": "ndarray", "data": [[0.9999918092287161, 0.002090029372931292, 0.0034660139496777436, -0.7338468429593396], [0.0020782105320914894, -0.9999920263499056, 0.0034100260401843125, 0.09102489932499215], [0.003473113367481731, -0.0034027950027463493, -0.9999881791649874, -0.004149736704672124], [0.0, 0.0, 0.0, 1.0]]}, "mean_rme": {"type": "float", "data": 0.0015225692820569326}, "max_rme": {"type": "float", "data": 0.005133521149110476}, "simu": {"type": "float", "data": 0.002}}, {"type": "dict", "image_number": {"type": "int", "data": 12}, "Hcamera2end": {"type": "ndarray", "data": [[0.9999957465031415, 0.0003364193291852042, 0.002897205146302516, -0.012879940106278409], [-0.0028970472817500623, -0.0004687923303590136, 0.9999956936661267, 0.0286030376469116], [0.0003377760680033145, -0.999999833527879, -0.0004678157136490668, 0.03266274782230581], [0.0, 0.0, 0.0, 1.0]]}, "Hobj2base": {"type": "ndarray", "data": [[0.9999942652965035, 0.0015448983684329253, 0.0030137456988657925, -0.7342342336128921], [0.0015351065780765452, -0.9999935448222104, 0.0032486553684642444, 0.09116614251160621], [0.0030187450869798363, -0.003244010317541965, -0.9999901817393804, -0.004058449716938246], [0.0, 0.0, 0.0, 1.0]]}, "mean_rme": {"type": "float", "data": 0.0015591706485868135}, "max_rme": {"type": "float", "data": 0.005289842304644465}, "simu": {"type": "float", "data": 0.002}}, {"type": "dict", "image_number": {"type": "int", "data": 13}, "Hcamera2end": {"type": "ndarray", "data": [[0.9999969689239229, 0.00020950013630291866, 0.0024532127220559512, -0.012835327309074315], [-0.0024531457748232137, -0.0003192182985036762, 0.9999969400830614, 0.028532898493663174], [0.0002102826056409044, -0.999999927104683, -0.00031870339655459823, 0.03261850958350755], [0.0, 0.0, 0.0, 1.0]]}, "Hobj2base": {"type": "ndarray", "data": [[0.9999949427142221, 0.0013172646617887129, 0.002894712384778437, -0.7343289007984798], [0.0013084100790875812, -0.9999944663480174, 0.00305864944205376, 0.09104370478689836], [0.002898725417270326, -0.0030548465027291334, -0.999991132612585, -0.003883225301111848], [0.0, 0.0, 0.0, 1.0]]}, "mean_rme": {"type": "float", "data": 0.001508516344149227}, "max_rme": {"type": "float", "data": 0.005375614526197725}, "simu": {"type": "float", "data": 0.002}}, {"type": "dict", "image_number": {"type": "int", "data": 14}, "Hcamera2end": {"type": "ndarray", "data": [[0.9999977508674056, 4.252553230412663e-05, 0.002120483838498031, -0.012717136974619094], [-0.002120467041586623, -0.00039121432832311953, 0.9999976752827352, 0.02835686030931117], [4.335499710488521e-05, -0.9999999225714612, -0.0003911232744404636, 0.03266893438785539], [0.0, 0.0, 0.0, 1.0]]}, "Hobj2base": {"type": "ndarray", "data": [[0.9999947827984497, 0.0012003280810345294, 0.002998931206175922, -0.7342291705216961], [0.001192017190026447, -0.9999954488300469, 0.0027715364353143594, 0.09073794129110865], [0.0030022443105412427, -0.0027679471981007036, -0.9999916624639471, -0.0036949700656021545], [0.0, 0.0, 0.0, 1.0]]}, "mean_rme": {"type": "float", "data": 0.0015764545600362462}, "max_rme": {"type": "float", "data": 0.0055384789950714275}, "simu": {"type": "float", "data": 0.002}}, {"type": "dict", "image_number": {"type": "int", "data": 15}, "Hcamera2end": {"type": "ndarray", "data": [[0.9999980723877384, -8.990564063726789e-05, 0.0019614121910913923, -0.01280006970620323], [-0.0019614487248037537, -0.00040808536646252946, 0.9999979930906031, 0.028426400212921782], [-8.910503659200744e-05, -0.999999912691651, -0.00040826092513635004, 0.03269115320296983], [0.0, 0.0, 0.0, 1.0]]}, "Hobj2base": {"type": "ndarray", "data": [[0.9999948669893164, 0.0010823543982201825, 0.0030157095311294344, -0.7342195330402759], [0.0010742437442590694, -0.9999958055037774, 0.002689790926666809, 0.09077168350106908], [0.003018608188786968, -0.0026865375128429275, -0.9999918352270656, -0.003831009773828923], [0.0, 0.0, 0.0, 1.0]]}, "mean_rme": {"type": "float", "data": 0.001573328671678776}, "max_rme": {"type": "float", "data": 0.005438872400969297}, "simu": {"type": "float", "data": 0.002}}, {"type": "dict", "image_number": {"type": "int", "data": 16}, "Hcamera2end": {"type": "ndarray", "data": [[0.9999979209265206, 0.0004519439192844654, 0.0019884389178650114, -0.012733756356507475], [-0.001988225330545169, -0.00047255591998207613, 0.9999979118232886, 0.02841443636288693], [0.00045288262412785795, -0.9999997862187754, -0.00047165637115531567, 0.03260486894117423], [0.0, 0.0, 0.0, 1.0]]}, "Hobj2base": {"type": "ndarray", "data": [[0.9999945931952393, 0.0016571755926623457, 0.0028403079662083345, -0.7343400443120004], [0.0016492198797498632, -0.9999947170522883, 0.0028010607458864296, 0.09076532810255657], [0.002844934810511511, -0.002796361308735371, -0.9999920433230232, -0.0038104407961859037], [0.0, 0.0, 0.0, 1.0]]}, "mean_rme": {"type": "float", "data": 0.0015210461843814624}, "max_rme": {"type": "float", "data": 0.005348982258134405}, "simu": {"type": "float", "data": 0.002}}, {"type": "dict", "image_number": {"type": "int", "data": 17}, "Hcamera2end": {"type": "ndarray", "data": [[0.9999956867557833, -0.0006492449655305229, 0.0028644285300843267, -0.012487290554561045], [-0.002864472296012952, -6.649065452912772e-05, 0.9999958951803045, 0.028442132175094906], [-0.0006490518427691846, -0.9999997870299613, -6.835011195560625e-05, 0.03277524605384174], [0.0, 0.0, 0.0, 1.0]]}, "Hobj2base": {"type": "ndarray", "data": [[0.999995586825682, 0.0005436757318303796, 0.002920744059053115, -0.7342915632083121], [0.0005327417659459944, -0.9999928529325126, 0.0037430295357896476, 0.09159221687659362], [0.0029227581786203435, -0.0037414570147999327, -0.9999887294285055, -0.003876392074376926], [0.0, 0.0, 0.0, 1.0]]}, "mean_rme": {"type": "float", "data": 0.0015714000705370078}, "max_rme": {"type": "float", "data": 0.005592341895978237}, "simu": {"type": "float", "data": 0.002}}, {"type": "dict", "image_number": {"type": "int", "data": 18}, "Hcamera2end": {"type": "ndarray", "data": [[0.9999981617654032, -0.0005222010879195236, 0.0018449313911846328, -0.012571726791859889], [-0.0018450234656089554, -0.00017589307827248213, 0.999998282473543, 0.02843313404521437], [-0.0005218756803637423, -0.9999998481838127, -0.00017685622820051705, 0.032766308962172926], [0.0, 0.0, 0.0, 1.0]]}, "Hobj2base": {"type": "ndarray", "data": [[0.9999955694059985, 0.0007023725628372906, 0.0028927221013672535, -0.7343174002964736], [0.000694176351208751, -0.9999957449142047, 0.002833420667242186, 0.09105321827042277], [0.0028946999095221786, -0.0028314000542321864, -0.9999918019094789, -0.0039037929654010877], [0.0, 0.0, 0.0, 1.0]]}, "mean_rme": {"type": "float", "data": 0.0015572166991303642}, "max_rme": {"type": "float", "data": 0.005505665500021517}, "simu": {"type": "float", "data": 0.002}}, {"type": "dict", "image_number": {"type": "int", "data": 19}, "Hcamera2end": {"type": "ndarray", "data": [[0.9999985572219178, -0.0004013762693317345, 0.0016505911587278296, -0.012669357957815701], [-0.0016506521620365533, -0.00015170159952937468, 0.9999986261660886, 0.028699253327970714], [-0.0004011253205884562, -0.9999999079418532, -0.00015236391326434173, 0.0334102096282052], [0.0, 0.0, 0.0, 1.0]]}, "Hobj2base": {"type": "ndarray", "data": [[0.99999570139016, 0.0007664303466854706, 0.0028301564842736103, -0.7349534512047627], [0.000758983509809039, -0.9999962498771262, 0.002631382852440493, 0.09080653348860608], [0.0028321626425109004, -0.0026292234990505283, -0.999992532991401, -0.004153399756403153], [0.0, 0.0, 0.0, 1.0]]}, "mean_rme": {"type": "float", "data": 0.0015297412856405495}, "max_rme": {"type": "float", "data": 0.005634458813348897}, "simu": {"type": "float", "data": 0.002}}, {"type": "dict", "image_number": {"type": "int", "data": 20}, "Hcamera2end": {"type": "ndarray", "data": [[0.99999891761397, -0.0005895665006412578, 0.001348029016668732, -0.012603117445985107], [-0.00134807332637062, -7.476547943152667e-05, 0.9999990885537995, 0.02841772350091857], [-0.0005894651772473921, -0.9999998234107166, -7.556017738008514e-05, 0.03364711800905884], [0.0, 0.0, 0.0, 1.0]]}, "Hobj2base": {"type": "ndarray", "data": [[0.9999956659943212, 0.0005577573980869677, 0.0028908302023541955, -0.7352102478510896], [0.0005510183980713391, -0.9999971303867365, 0.002331436685205118, 0.09075193832675585], [0.002892122282848849, -0.002329833680118087, -0.9999931037280825, -0.0038663561926851634], [0.0, 0.0, 0.0, 1.0]]}, "mean_rme": {"type": "float", "data": 0.001528954966208185}, "max_rme": {"type": "float", "data": 0.005843658118508177}, "simu": {"type": "float", "data": 0.002}}, {"type": "dict", "image_number": {"type": "int", "data": 21}, "Hcamera2end": {"type": "ndarray", "data": [[0.9999990142768909, 9.875911706353955e-05, 0.0014006041137602943, -0.012615648392073353], [-0.0014006125791514582, 8.570056927603709e-05, 0.999999015469423, 0.02816992654143504], [9.863898726228946e-05, -0.9999999914510246, 8.583880806067867e-05, 0.033185808627749974], [0.0, 0.0, 0.0, 1.0]]}, "Hobj2base": {"type": "ndarray", "data": [[0.9999965871734179, 0.0010585571895245789, 0.002388534737753586, -0.7349671479884337], [0.0010531512787600873, -0.9999968839444584, 0.0022633987183533905, 0.09080235420402946], [0.002390923231932753, -0.00226087550535265, -0.9999945859493686, -0.0035494565825984364], [0.0, 0.0, 0.0, 1.0]]}, "mean_rme": {"type": "float", "data": 0.0014832346642348405}, "max_rme": {"type": "float", "data": 0.005668192743552902}, "simu": {"type": "float", "data": 0.002}}, {"type": "dict", "image_number": {"type": "int", "data": 22}, "Hcamera2end": {"type": "ndarray", "data": [[0.9999988844816408, 0.00022462045996977475, 0.0014766790859894357, -0.012653459547052073], [-0.0014766521301315682, -0.00012012478666822979, 0.9999989025336591, 0.028491745220357252], [0.0002247975992165621, -0.9999999675578419, -0.00011979296638608972, 0.03333436050065053], [0.0, 0.0, 0.0, 1.0]]}, "Hobj2base": {"type": "ndarray", "data": [[0.9999964332938517, 0.0012017597575907251, 0.002385198746478518, -0.7350646359508911], [0.0011962570456972772, -0.9999966230962252, 0.002307111879825911, 0.09062882256045793], [0.002387963286105303, -0.002304250340229921, -0.9999944940156986, -0.0038441073298719837], [0.0, 0.0, 0.0, 1.0]]}, "mean_rme": {"type": "float", "data": 0.0014333799984671167}, "max_rme": {"type": "float", "data": 0.005680538356566234}, "simu": {"type": "float", "data": 0.002}}, {"type": "dict", "image_number": {"type": "int", "data": 23}, "Hcamera2end": {"type": "ndarray", "data": [[0.9999992202974828, 9.626484009555203e-05, 0.0012450451827549784, -0.012595038014114572], [-0.001245040527938745, -4.839908780218671e-05, 0.9999992237655049, 0.02812981556019549], [9.632502442258014e-05, -0.9999999941953046, -4.827919643779488e-05, 0.032434516248377704], [0.0, 0.0, 0.0, 1.0]]}, "Hobj2base": {"type": "ndarray", "data": [[0.9999966731400846, 0.0010375897421993643, 0.0023615918973790744, -0.7342392982952054], [0.0010326710719556283, -0.999997297253993, 0.0020830446867884547, 0.09080609690199744], [0.002363746860395557, -0.0020805990091543962, -0.9999950418919805, -0.0034707381285607173], [0.0, 0.0, 0.0, 1.0]]}, "mean_rme": {"type": "float", "data": 0.0014449386467510347}, "max_rme": {"type": "float", "data": 0.005481720739275109}, "simu": {"type": "float", "data": 0.002}}, {"type": "dict", "image_number": {"type": "int", "data": 24}, "Hcamera2end": {"type": "ndarray", "data": [[0.9999988440505275, 0.000855815781960977, 0.0012567724361103821, -0.012673743739178484], [-0.0012566084858184542, -0.00019208271627313422, 0.9999991920193452, 0.02836585382293373], [0.0008560564947416466, -0.9999996153417146, -0.00019100706886132635, 0.031829089417232434], [0.0, 0.0, 0.0, 1.0]]}, "Hobj2base": {"type": "ndarray", "data": [[0.9999963806817928, 0.0017292509591504458, 0.002061143962774643, -0.7336899361594242], [0.0017251630787416276, -0.9999965448886841, 0.0019834371796617297, 0.09062788273322431], [0.0020645667019381585, -0.0019798741915068824, -0.9999959088228905, -0.0036248831798835154], [0.0, 0.0, 0.0, 1.0]]}, "mean_rme": {"type": "float", "data": 0.0014220382933831273}, "max_rme": {"type": "float", "data": 0.005165226304353232}, "simu": {"type": "float", "data": 0.002}}, {"type": "dict", "image_number": {"type": "int", "data": 25}, "Hcamera2end": {"type": "ndarray", "data": [[0.9999973983790225, 0.0015994874255996388, 0.0016263072163395613, -0.012755208793482804], [-0.001625369330312555, -0.0005874918039208143, 0.9999985065128448, 0.02882279120967954], [0.0016004404789459708, -0.9999985482456238, -0.0005848905176839558, 0.03166416503576906], [0.0, 0.0, 0.0, 1.0]]}, "Hobj2base": {"type": "ndarray", "data": [[0.9999952112717974, 0.002484607321368367, 0.0018450365665847808, -0.7334976474030018], [0.002480407133720786, -0.9999943353045411, 0.0022752888345924263, 0.0904194898551745], [0.001850679314311176, -0.002270701496990882, -0.9999957094411893, -0.0040042536141464405], [0.0, 0.0, 0.0, 1.0]]}, "mean_rme": {"type": "float", "data": 0.001378768901892508}, "max_rme": {"type": "float", "data": 0.005006497926273057}, "simu": {"type": "float", "data": 0.002}}, {"type": "dict", "image_number": {"type": "int", "data": 26}, "Hcamera2end": {"type": "ndarray", "data": [[0.9999974930853723, 0.0016458434601217666, 0.001518229981108055, -0.01273670382048445], [-0.0015172041748279803, -0.0006243403385597368, 0.9999986541444111, 0.028441202102687232], [0.0016467891372745635, -0.9999984506980232, -0.0006218416928229775, 0.03151796982560424], [0.0, 0.0, 0.0, 1.0]]}, "Hobj2base": {"type": "ndarray", "data": [[0.9999950337661794, 0.0025282698448453635, 0.001881567051507571, -0.7333839920755368], [0.0025241540152274, -0.999994423660562, 0.0021866170875285453, 0.09056818604061635], [0.001887084917295639, -0.0021818568632488303, -0.9999958391969153, -0.0036656426231070818], [0.0, 0.0, 0.0, 1.0]]}, "mean_rme": {"type": "float", "data": 0.001353640236515433}, "max_rme": {"type": "float", "data": 0.004999061218303846}, "simu": {"type": "float", "data": 0.002}}, {"type": "dict", "image_number": {"type": "int", "data": 27}, "Hcamera2end": {"type": "ndarray", "data": [[0.999998362437932, 0.0014312949469421066, 0.001107481931745259, -0.012787499477934349], [-0.0011065756020078737, -0.0006338604649867019, 0.9999991868553435, 0.02841012025000507], [0.0014319957721044886, -0.9999987748070924, -0.0006322755909331512, 0.03235941044941175], [0.0, 0.0, 0.0, 1.0]]}, "Hobj2base": {"type": "ndarray", "data": [[0.9999952256058573, 0.002366698267757999, 0.0019868328565504608, -0.7341964568141975], [0.002363085697079889, -0.9999955541798033, 0.0018186386709634608, 0.09037019421381497], [0.0019911281924410674, -0.0018139349317598398, -0.9999963725177128, -0.0036602694851905564], [0.0, 0.0, 0.0, 1.0]]}, "mean_rme": {"type": "float", "data": 0.0013775296296974283}, "max_rme": {"type": "float", "data": 0.005282822066493664}, "simu": {"type": "float", "data": 0.002}}, {"type": "dict", "image_number": {"type": "int", "data": 28}, "Hcamera2end": {"type": "ndarray", "data": [[0.9999983470148155, 0.0015865473596756126, 0.0008881638993294471, -0.012802940331098061], [-0.0008866271405938038, -0.0009690591237085933, 0.9999991374079921, 0.027659303175934027], [0.001587406674462534, -0.9999982718944519, -0.0009676508459193212, 0.03257898334221207], [0.0, 0.0, 0.0, 1.0]]}, "Hobj2base": {"type": "ndarray", "data": [[0.9999939976217769, 0.002662612040838788, 0.002217028988930061, -0.734391463979431], [0.002658855714535298, -0.9999950278139824, 0.001695533426734523, 0.0906118926725638], [0.0022215325131671906, -0.001689628489305099, -0.9999961049668447, -0.003053307922397263], [0.0, 0.0, 0.0, 1.0]]}, "mean_rme": {"type": "float", "data": 0.0014052588861135416}, "max_rme": {"type": "float", "data": 0.0054035409014076}, "simu": {"type": "float", "data": 0.002}}, {"type": "dict", "image_number": {"type": "int", "data": 29}, "Hcamera2end": {"type": "ndarray", "data": [[0.9999989873938968, 0.0012810391157305567, 0.0006197983259722534, -0.01277630723690846], [-0.0006185991523517649, -0.0009362788006992417, 0.9999993703583501, 0.027747570458892715], [0.0012816186131682904, -0.9999987411596036, -0.0009354854029064441, 0.032991726627585476], [0.0, 0.0, 0.0, 1.0]]}, "Hobj2base": {"type": "ndarray", "data": [[0.9999944392485668, 0.002399682850617991, 0.0023158139305285885, -0.7347694792636182], [0.0023963006836053846, -0.9999960599413749, 0.001462137052255246, 0.09047508685761747], [0.0023193134712954882, -0.0014565795351697086, -0.9999962495735066, -0.0031480064384001153], [0.0, 0.0, 0.0, 1.0]]}, "mean_rme": {"type": "float", "data": 0.001397770978219992}, "max_rme": {"type": "float", "data": 0.005565133053282989}, "simu": {"type": "float", "data": 0.002}}, {"type": "dict", "image_number": {"type": "int", "data": 30}, "Hcamera2end": {"type": "ndarray", "data": [[0.9999993808515749, 0.0011073059060338448, 0.00011031816369759051, -0.012787468992546864], [-0.00010923414959627172, -0.0009789780809694726, 0.999999514834791, 0.02771164194805056], [0.0011074133678717363, -0.999998907737177, -0.0009788565192176968, 0.03350931784612041], [0.0, 0.0, 0.0, 1.0]]}, "Hobj2base": {"type": "ndarray", "data": [[0.999994377859423, 0.0023164808563092823, 0.002424492934179143, -0.7352526910704812], [0.0023140724262582504, -0.9999968268111519, 0.000995709010434662, 0.09028574992235242], [0.002426791781666328, -0.0009900929601719896, -0.9999965651928906, -0.0031399528366820714], [0.0, 0.0, 0.0, 1.0]]}, "mean_rme": {"type": "float", "data": 0.0013961402476346627}, "max_rme": {"type": "float", "data": 0.005754649733904271}, "simu": {"type": "float", "data": 0.002}}]}