{"type": "list", "data": [{"type": "dict", "image_number": {"type": "int", "data": 5}, "Hcamera2end": {"type": "ndarray", "data": [[0.9999646166219837, -0.008330365112300392, -0.0011706925920131782, -0.013163133112545555], [0.0011889673985126612, 0.002189144081047756, 0.9999968969975445, 0.033396881872237154], [-0.008327776448398463, -0.9999629056446485, 0.0021989711542714785, 0.038901031597514665], [0.0, 0.0, 0.0, 1.0]]}, "Hobj2base": {"type": "ndarray", "data": [[0.9999666112932296, -0.008148554091754807, 0.000614300373347462, -0.7399259162512217], [-0.00814920562552518, -0.9999662268213017, 0.0010656755802335924, 0.09397654131332489], [0.0006055959113613828, -0.001070646058762377, -0.9999992434850185, -0.004540585709619261], [0.0, 0.0, 0.0, 1.0]]}, "mean_rme": {"type": "float", "data": 0.00177909665356145}, "max_rme": {"type": "float", "data": 0.00429018497620684}, "simu": {"type": "float", "data": 0.002}}, {"type": "dict", "image_number": {"type": "int", "data": 6}, "Hcamera2end": {"type": "ndarray", "data": [[0.9999616829753054, -0.008753819973476278, -5.671919318309907e-05, -0.013516586462165945], [7.613076840367553e-05, 0.002217180356919868, 0.9999975391546578, 0.033394751654490684], [-0.008753672674998183, -0.9999592265423312, 0.0022177618362064777, 0.038693565980898625], [0.0, 0.0, 0.0, 1.0]]}, "Hobj2base": {"type": "ndarray", "data": [[0.9999644606124072, -0.008427019546616872, -0.0002507063989918616, -0.7402299100783822], [-0.008426695223783984, -0.9999636911787486, 0.0012677270123590443, 0.09443644386706534], [-0.0002613804564509579, -0.0012655693317024333, -0.9999991650069133, -0.004556017417416541], [0.0, 0.0, 0.0, 1.0]]}, "mean_rme": {"type": "float", "data": 0.0017609710070856537}, "max_rme": {"type": "float", "data": 0.004128122355009478}, "simu": {"type": "float", "data": 0.002}}, {"type": "dict", "image_number": {"type": "int", "data": 7}, "Hcamera2end": {"type": "ndarray", "data": [[0.9999581824605582, -0.009130694553360736, 0.0005135631901114733, -0.013483015963376947], [-0.0005093835546473181, 0.00046007624348276543, 0.9999997644290943, 0.03328668463000983], [-0.009130928680658049, -0.9999582085001468, 0.0004554059785782938, 0.038934155122936506], [0.0, 0.0, 0.0, 1.0]]}, "Hobj2base": {"type": "ndarray", "data": [[0.9999607146818481, -0.008861584596194013, 0.0002034979410922878, -0.7393997775094581], [-0.008861819803391964, -0.9999600304883274, 0.001185569717457918, 0.09473378106414111], [0.00019298378103301686, -0.0011873265040586976, -0.9999992765062544, -0.004448665392899541], [0.0, 0.0, 0.0, 1.0]]}, "mean_rme": {"type": "float", "data": 0.0016356615916480015}, "max_rme": {"type": "float", "data": 0.004163086158185503}, "simu": {"type": "float", "data": 0.002}}, {"type": "dict", "image_number": {"type": "int", "data": 8}, "Hcamera2end": {"type": "ndarray", "data": [[0.9999589504920311, -0.009056729258272913, 0.0002701592455394367, -0.013506686322824243], [-0.0002726703911401975, -0.0002760348553603187, 0.9999999247278055, 0.033086975206829815], [-0.009056654003184759, -0.9999589488873537, -0.00027849302617477534, 0.039021105983538945], [0.0, 0.0, 0.0, 1.0]]}, "Hobj2base": {"type": "ndarray", "data": [[0.9999609898752625, -0.0087938403180305, 0.0008289150416298807, -0.738812025074674], [-0.00879466057446615, -0.9999608350080049, 0.0009911586519910716, 0.09439831374244168], [0.0008201664862634668, -0.000998410013204627, -0.9999991652518416, -0.004552740305725264], [0.0, 0.0, 0.0, 1.0]]}, "mean_rme": {"type": "float", "data": 0.0015924729574758201}, "max_rme": {"type": "float", "data": 0.004312312943485774}, "simu": {"type": "float", "data": 0.002}}, {"type": "dict", "image_number": {"type": "int", "data": 9}, "Hcamera2end": {"type": "ndarray", "data": [[0.9999603524064831, -0.008901516290894779, -0.00023795551065004372, -0.013171102200823842], [0.00024012885354321532, 0.0002430862543266743, 0.9999999416236016, 0.0331164871587158], [-0.008901457927542537, -0.9999603511723831, 0.0002452141274433828, 0.03910697691654366], [0.0, 0.0, 0.0, 1.0]]}, "Hobj2base": {"type": "ndarray", "data": [[0.9999633473479664, -0.00856145134758325, 7.423929622373504e-05, -0.7394940433581559], [-0.00856149292813701, -0.9999631820454264, 0.0005791307510265918, 0.09409913073880592], [6.927836313589559e-05, -0.0005797451235583018, -0.9999998295480355, -0.004255376575372739], [0.0, 0.0, 0.0, 1.0]]}, "mean_rme": {"type": "float", "data": 0.001701622008444808}, "max_rme": {"type": "float", "data": 0.004058510902276158}, "simu": {"type": "float", "data": 0.002}}, {"type": "dict", "image_number": {"type": "int", "data": 10}, "Hcamera2end": {"type": "ndarray", "data": [[0.9999581532029921, -0.009146753734571786, 0.00016952575148034433, -0.013584856565602293], [-0.00018187573617617532, -0.001349389223925801, 0.9999990730345398, 0.03291289942505938], [-0.009146516499624776, -0.9999572571089435, -0.001350996328877807, 0.03893542599094585], [0.0, 0.0, 0.0, 1.0]]}, "Hobj2base": {"type": "ndarray", "data": [[0.9999593256896142, -0.008926406156314527, 0.0012908289989793898, -0.7383866533197608], [-0.00892722712581368, -0.9999599520185154, 0.0006316446572491083, 0.09392943989088123], [0.001285138987126467, -0.0006431424891927415, -0.9999989673922283, -0.00476890255758543], [0.0, 0.0, 0.0, 1.0]]}, "mean_rme": {"type": "float", "data": 0.0017073498805065146}, "max_rme": {"type": "float", "data": 0.005170150742853097}, "simu": {"type": "float", "data": 0.002}}, {"type": "dict", "image_number": {"type": "int", "data": 11}, "Hcamera2end": {"type": "ndarray", "data": [[0.9999591799033435, -0.009035290268365161, -4.5351946704627784e-05, -0.013355449625746588], [2.7672570546991883e-05, -0.0019568180304834204, 0.9999980850468788, 0.03301416256714556], [-0.00903536171171489, -0.9999572662833958, -0.00195648812327498, 0.03917662766409728], [0.0, 0.0, 0.0, 1.0]]}, "Hobj2base": {"type": "ndarray", "data": [[0.9999600113696734, -0.008791487987526376, 0.0016387191729849042, -0.7381692707281785], [-0.008791815921653777, -0.9999613326104839, 0.00019301985737844304, 0.09392869732620687], [0.001636958876234838, -0.0002074194560948886, -0.9999986386704771, -0.0047257445780657485], [0.0, 0.0, 0.0, 1.0]]}, "mean_rme": {"type": "float", "data": 0.001732300564161398}, "max_rme": {"type": "float", "data": 0.005305280368236465}, "simu": {"type": "float", "data": 0.002}}, {"type": "dict", "image_number": {"type": "int", "data": 12}, "Hcamera2end": {"type": "ndarray", "data": [[0.9999599130774808, -0.008947900326108616, 0.00032759400347998676, -0.013406024190935272], [-0.0003446097124018589, -0.001900167058523028, 0.9999981353029095, 0.033089517214258915], [-0.008947261157650929, -0.9999581613472155, -0.001903174420031295, 0.03919256611721413], [0.0, 0.0, 0.0, 1.0]]}, "Hobj2base": {"type": "ndarray", "data": [[0.9999601791172964, -0.008755627234505002, 0.0017260276460264953, -0.7381654004438986], [-0.008756464596634471, -0.9999615470966898, 0.00047817963358524337, 0.09430955469472953], [0.0017217745126295078, -0.0004932744920253865, -0.9999983960851151, -0.004754156757663959], [0.0, 0.0, 0.0, 1.0]]}, "mean_rme": {"type": "float", "data": 0.00171183743866533}, "max_rme": {"type": "float", "data": 0.005306561636111928}, "simu": {"type": "float", "data": 0.002}}, {"type": "dict", "image_number": {"type": "int", "data": 13}, "Hcamera2end": {"type": "ndarray", "data": [[0.9999583471242878, -0.009126873954901957, -6.471687372853422e-05, -0.013366069303146096], [4.590655621965808e-05, -0.0020611758418611625, 0.9999978747211103, 0.03294647536017397], [-0.0091269879506061, -0.9999562249048509, -0.002060671004607606, 0.039194394507046086], [0.0, 0.0, 0.0, 1.0]]}, "Hobj2base": {"type": "ndarray", "data": [[0.9999583883665191, -0.008928638808333562, 0.0018710810950106427, -0.7379344132583078], [-0.00892879453976722, -0.9999601347148694, 7.489383551553008e-05, 0.09390359642103219], [0.0018703378038229992, -9.159721772528933e-05, -0.9999982467216877, -0.004800557451997662], [0.0, 0.0, 0.0, 1.0]]}, "mean_rme": {"type": "float", "data": 0.0017004730529734196}, "max_rme": {"type": "float", "data": 0.0052069407658985045}, "simu": {"type": "float", "data": 0.002}}, {"type": "dict", "image_number": {"type": "int", "data": 14}, "Hcamera2end": {"type": "ndarray", "data": [[0.9999601881035595, -0.00885106929221567, -0.0011317156349467694, -0.013860431017078935], [0.0011163847129881162, -0.0017368472232890397, 0.9999978685211762, 0.03278503814803978], [-0.008853016043507016, -0.9999593201396283, -0.0017268968776558147, 0.038975918392182486], [0.0, 0.0, 0.0, 1.0]]}, "Hobj2base": {"type": "ndarray", "data": [[0.9999611341863341, -0.00866389497209778, 0.0016331076794864315, -0.7380256036366643], [-0.008662270719758702, -0.9999619827690494, -0.0009990408245601776, 0.09293270516572258], [0.0016417011780314405, 0.0009848555751914173, -0.99999816743669, -0.005258943418455786], [0.0, 0.0, 0.0, 1.0]]}, "mean_rme": {"type": "float", "data": 0.001722805427035714}, "max_rme": {"type": "float", "data": 0.0052925739476222255}, "simu": {"type": "float", "data": 0.002}}, {"type": "dict", "image_number": {"type": "int", "data": 15}, "Hcamera2end": {"type": "ndarray", "data": [[0.9999627429530797, -0.008600439807706597, -0.000738336553935951, -0.013645218050398908], [0.0007231997558602441, -0.0017629798252172257, 0.9999981844404764, 0.03279202216711928], [-0.008601725865545005, -0.9999614614260142, -0.0017566943058258122, 0.0389538624757926], [0.0, 0.0, 0.0, 1.0]]}, "Hobj2base": {"type": "ndarray", "data": [[0.9999633372267048, -0.008445591287191136, 0.0014128659671254634, -0.7382605868897367], [-0.008444891743835432, -0.9999642160819233, -0.000500358970300182, 0.09314132272037921], [0.001417041236605478, 0.0004884091256117638, -0.9999988767246988, -0.004963099267647412], [0.0, 0.0, 0.0, 1.0]]}, "mean_rme": {"type": "float", "data": 0.0017900671745944216}, "max_rme": {"type": "float", "data": 0.005557640143967313}, "simu": {"type": "float", "data": 0.002}}, {"type": "dict", "image_number": {"type": "int", "data": 16}, "Hcamera2end": {"type": "ndarray", "data": [[0.9999753428981397, -0.007022363182888613, 3.327972064258531e-06, -0.013618931522619938], [-1.0764074625822795e-05, -0.0010588798703401459, 0.9999994393286202, 0.032855370870648264], [-0.00702235572172793, -0.9999747822764071, -0.0010589293506726438, 0.03877322142679497], [0.0, 0.0, 0.0, 1.0]]}, "Hobj2base": {"type": "ndarray", "data": [[0.9999756856950573, -0.006889951540382081, 0.0010754471028775441, -0.7389691051722639], [-0.0068900544937789306, -0.9999762590556429, 9.205517100278562e-05, 0.09322374167360685], [0.0010747873150804648, -9.946282188928927e-05, -0.9999994174695175, -0.004722492600136546], [0.0, 0.0, 0.0, 1.0]]}, "mean_rme": {"type": "float", "data": 0.001755979651013077}, "max_rme": {"type": "float", "data": 0.005630673722527901}, "simu": {"type": "float", "data": 0.002}}, {"type": "dict", "image_number": {"type": "int", "data": 17}, "Hcamera2end": {"type": "ndarray", "data": [[0.9999817465683924, -0.005910241615276609, 0.0012552187364423197, -0.013499551649477696], [-0.0012592672558296623, -0.0006813291702212343, 0.9999989750177447, 0.032937435082323614], [-0.005909380340243683, -0.9999823022607004, -0.0006887593073658937, 0.038667115052103754], [0.0, 0.0, 0.0, 1.0]]}, "Hobj2base": {"type": "ndarray", "data": [[0.9999832543138707, -0.005730082255523892, 0.0008107090633971026, -0.739452071057907], [-0.0057310993361833285, -0.9999827860139572, 0.0012578458423472248, 0.09373785277656854], [0.0008034875477211823, -0.001262471033030623, -0.9999988802866988, -0.004334822932816102], [0.0, 0.0, 0.0, 1.0]]}, "mean_rme": {"type": "float", "data": 0.0017571190993113002}, "max_rme": {"type": "float", "data": 0.005871758350899092}, "simu": {"type": "float", "data": 0.002}}, {"type": "dict", "image_number": {"type": "int", "data": 18}, "Hcamera2end": {"type": "ndarray", "data": [[0.164517623561238, 0.8847984868996297, -0.4359651237402924, -671.1861444806175], [-0.4383059265250416, -0.33037678502695833, -0.835906151842583, 252.39574464002166], [-0.8836412543056076, 0.32860739111495424, 0.3334596170360601, 514.8797837216381], [0.0, 0.0, 0.0, 1.0]]}, "Hobj2base": {"type": "ndarray", "data": [[-0.31307326043623984, -0.8817672999865391, -0.35280527529257666, -513.688333480775], [0.883210796172142, -0.13373401185215883, -0.4495040640515916, -653.2147066417926], [0.3491759200242667, -0.4523291309968607, 0.8206549421814455, -259.0950192905649], [0.0, 0.0, 0.0, 1.0]]}, "mean_rme": {"type": "float", "data": 37.87429424034779}, "max_rme": {"type": "float", "data": 418.3050598637307}, "simu": {"type": "float", "data": 0.002}}, {"type": "dict", "image_number": {"type": "int", "data": 18}, "Hcamera2end": {"type": "ndarray", "data": [[0.9999859226740067, -0.005284144498919306, -0.00048194473755924956, -0.013807597508829192], [0.00047865915694080214, -0.0006230280252608189, 0.9999996913606983, 0.032853035760688626], [-0.005284443133102763, -0.9999858447263117, -0.0006204899505410921, 0.03846201793954093], [0.0, 0.0, 0.0, 1.0]]}, "Hobj2base": {"type": "ndarray", "data": [[0.9999865216566542, -0.0051525840139903575, 0.0006382656222638839, -0.739545157993353], [-0.005152387589153465, -0.9999866786185097, -0.00030901076554355956, 0.09244996022687335], [0.000639849323614728, 0.0003057180087196282, -0.9999997485646399, -0.0047200287264736705], [0.0, 0.0, 0.0, 1.0]]}, "mean_rme": {"type": "float", "data": 0.0017810421133907827}, "max_rme": {"type": "float", "data": 0.005614252514575979}, "simu": {"type": "float", "data": 0.002}}, {"type": "dict", "image_number": {"type": "int", "data": 19}, "Hcamera2end": {"type": "ndarray", "data": [[0.9999895027424395, -0.0045402776008027605, -0.0006166719032805099, -0.013822600765967887], [0.0006130222612082442, -0.0008051845445684602, 0.9999994879406472, 0.03298790992119261], [-0.0045407718105967415, -0.9999893687220663, -0.0008023928010973957, 0.037831570173619725], [0.0, 0.0, 0.0, 1.0]]}, "Hobj2base": {"type": "ndarray", "data": [[0.9999897965764458, -0.004437263882778263, 0.0008470137148488533, -0.7389330739232779], [-0.004436787670365111, -0.9999899987661656, -0.0005632786281164082, 0.0922818165642994], [0.0008495046595791117, 0.000559514860739315, -0.9999994826423435, -0.004887849325718657], [0.0, 0.0, 0.0, 1.0]]}, "mean_rme": {"type": "float", "data": 0.0016915656794442894}, "max_rme": {"type": "float", "data": 0.005634086919111214}, "simu": {"type": "float", "data": 0.002}}, {"type": "dict", "image_number": {"type": "int", "data": 20}, "Hcamera2end": {"type": "ndarray", "data": [[0.9999891576138614, -0.004599826596441099, -0.0007254309081303183, -0.013740570962966346], [0.0007223663478734977, -0.0006678602579646142, 0.9999995160746504, 0.03277175516654821], [-0.004600308856941846, -0.9999891977206345, -0.0006645302568264455, 0.0371108226700175], [0.0, 0.0, 0.0, 1.0]]}, "Hobj2base": {"type": "ndarray", "data": [[0.9999896534571426, -0.00448527577420591, 0.0007584720779637335, -0.7382774458200316], [-0.004484772979266274, -0.9999897233617605, -0.0006633115358543828, 0.09225001738183469], [0.0007614394185830926, 0.0006599030977923696, -0.9999994923688276, -0.0046156031887649], [0.0, 0.0, 0.0, 1.0]]}, "mean_rme": {"type": "float", "data": 0.0016497711285310948}, "max_rme": {"type": "float", "data": 0.005678701236615347}, "simu": {"type": "float", "data": 0.002}}, {"type": "dict", "image_number": {"type": "int", "data": 21}, "Hcamera2end": {"type": "ndarray", "data": [[0.9999914147071485, -0.003952662205061022, -0.0012437738896336015, -0.0136495670702442], [0.0012423117964747857, -0.00037233456754282024, 0.9999991590138316, 0.03308024105404293], [-0.003953121980940096, -0.9999921188831754, -0.00036742093205655024, 0.03524304038753944], [0.0, 0.0, 0.0, 1.0]]}, "Hobj2base": {"type": "ndarray", "data": [[0.9999924106993237, -0.003861646566277019, 0.0005159743717213738, -0.7365931975158755], [-0.003860985240742118, -0.999991731496664, -0.0012766092879526183, 0.09185575125030024], [0.0005208999192588597, 0.0012746074299470683, -0.9999990520191371, -0.004835784084048376], [0.0, 0.0, 0.0, 1.0]]}, "mean_rme": {"type": "float", "data": 0.0016932771503876537}, "max_rme": {"type": "float", "data": 0.005778771684424977}, "simu": {"type": "float", "data": 0.002}}, {"type": "dict", "image_number": {"type": "int", "data": 22}, "Hcamera2end": {"type": "ndarray", "data": [[0.9999917200850684, -0.0038963600739947, -0.0011739418554737608, -0.013549521985960045], [0.001172725928880114, -0.00031433732782404356, 0.9999992629526985, 0.03302846858079591], [-0.0038967262159388914, -0.9999923597559225, -0.00030976536265070465, 0.035941199956501815], [0.0, 0.0, 0.0, 1.0]]}, "Hobj2base": {"type": "ndarray", "data": [[0.9999926927067497, -0.003800466229760124, 0.0004135088155459525, -0.7373462677148862], [-0.003799954666987764, -0.9999920225116574, -0.0012309579899385233, 0.09177092143307117], [0.0004181837310552118, 0.0012293776802140375, -0.9999991568760875, -0.004804815436196047], [0.0, 0.0, 0.0, 1.0]]}, "mean_rme": {"type": "float", "data": 0.001724704340386095}, "max_rme": {"type": "float", "data": 0.005734554236123179}, "simu": {"type": "float", "data": 0.002}}, {"type": "dict", "image_number": {"type": "int", "data": 23}, "Hcamera2end": {"type": "ndarray", "data": [[0.9999889345424365, -0.0044904359815438315, -0.001402418403383076, -0.013421883564209968], [0.0014021296399622512, -6.74537800755548e-05, 0.9999990147407447, 0.03234091579255033], [-0.004490526155722777, -0.9999899156664946, -6.115686028262957e-05, 0.03613976935579946], [0.0, 0.0, 0.0, 1.0]]}, "Hobj2base": {"type": "ndarray", "data": [[0.999990268413641, -0.004402108970070974, 0.00029071399993044135, -0.737582509280832], [-0.004401687804383182, -0.9999892845989629, -0.0014338171875528981, 0.09167997944251759], [0.00029702270431611355, 0.0014325236019690573, -0.999998929826249, -0.004145720557922126], [0.0, 0.0, 0.0, 1.0]]}, "mean_rme": {"type": "float", "data": 0.0017547845630131553}, "max_rme": {"type": "float", "data": 0.005681581337294239}, "simu": {"type": "float", "data": 0.002}}, {"type": "dict", "image_number": {"type": "int", "data": 24}, "Hcamera2end": {"type": "ndarray", "data": [[0.9999905281306612, -0.0041451137069942745, -0.0013272834351313874, -0.013515539652882604], [0.0013279982384369064, 0.00016969719669213124, 0.9999991038113687, 0.031589973121098514], [-0.004144884755912336, -0.9999913945805823, 0.00017520029304352036, 0.03650044948631294], [0.0, 0.0, 0.0, 1.0]]}, "Hobj2base": {"type": "ndarray", "data": [[0.999991768023018, -0.004055709866717528, 0.0001228970121418788, -0.7381792499856813], [-0.004055534731167341, -0.9999908056502196, -0.0013932885807144632, 0.09168972436434202], [0.00012854665642775072, 0.0013927786980938394, -0.9999990218211492, -0.0033888869192039172], [0.0, 0.0, 0.0, 1.0]]}, "mean_rme": {"type": "float", "data": 0.0017606427823408024}, "max_rme": {"type": "float", "data": 0.005630733375614483}, "simu": {"type": "float", "data": 0.002}}, {"type": "dict", "image_number": {"type": "int", "data": 25}, "Hcamera2end": {"type": "ndarray", "data": [[0.999990063714282, -0.004211585524364596, -0.0014611707898881737, -0.013442844065282792], [0.0014629213141932296, 0.0004125943107338159, 0.9999988448129143, 0.030725637420275908], [-0.00421097778844047, -0.9999910461165668, 0.00041875142930902776, 0.0365519396099831], [0.0, 0.0, 0.0, 1.0]]}, "Hobj2base": {"type": "ndarray", "data": [[0.9999915394400218, -0.004113289835156784, -4.353283006780401e-05, -0.7384029374824607], [-0.004113348671009802, -0.9999904875739738, -0.0014509046403666664, 0.09153565671798734], [-3.756442465597629e-05, 0.0014510714306096388, -0.999998946489753, -0.0025200290890161512], [0.0, 0.0, 0.0, 1.0]]}, "mean_rme": {"type": "float", "data": 0.0018098583100420347}, "max_rme": {"type": "float", "data": 0.005628090443742351}, "simu": {"type": "float", "data": 0.002}}, {"type": "dict", "image_number": {"type": "int", "data": 26}, "Hcamera2end": {"type": "ndarray", "data": [[0.9999898255364056, -0.004224416532498854, -0.001582127880103458, -0.013470697658888694], [0.001584313125735341, 0.0005139930400503978, 0.9999986128805752, 0.030491934457560137], [-0.00422359747000978, -0.9999909450170611, 0.0005206806090080063, 0.036803537756129476], [0.0, 0.0, 0.0, 1.0]]}, "Hobj2base": {"type": "ndarray", "data": [[0.9999915438952952, -0.004110198551535962, -0.0001356678697739994, -0.7387267666130056], [-0.004110402565152018, -0.9999903673666943, -0.0015394039679010715, 0.0914349637461279], [-0.00012933930697606278, 0.0015399486000998639, -0.9999988059141136, -0.002307126546126299], [0.0, 0.0, 0.0, 1.0]]}, "mean_rme": {"type": "float", "data": 0.0017797728990604949}, "max_rme": {"type": "float", "data": 0.0056323717353626845}, "simu": {"type": "float", "data": 0.002}}, {"type": "dict", "image_number": {"type": "int", "data": 27}, "Hcamera2end": {"type": "ndarray", "data": [[0.9999896775407932, -0.004360029562810158, -0.001278653225855552, -0.013410885362609728], [0.0012804610065729834, 0.0004118595667401692, 0.9999990953952448, 0.03055692772341031], [-0.004359498993143071, -0.9999904102109723, 0.0004174381631792956, 0.03632128003162178], [0.0, 0.0, 0.0, 1.0]]}, "Hobj2base": {"type": "ndarray", "data": [[0.9999909109281421, -0.00426249891718358, -9.572923052545362e-05, -0.7381894480328998], [-0.004262613539377391, -0.9999901574609851, -0.001230896814880862, 0.0915829804421863], [-9.048159196617289e-05, 0.001231293683885414, -0.9999992378641827, -0.0022926640966324527], [0.0, 0.0, 0.0, 1.0]]}, "mean_rme": {"type": "float", "data": 0.0017651105845792085}, "max_rme": {"type": "float", "data": 0.005642242244961626}, "simu": {"type": "float", "data": 0.002}}, {"type": "dict", "image_number": {"type": "int", "data": 28}, "Hcamera2end": {"type": "ndarray", "data": [[0.9999906975207865, -0.004223149738484345, -0.0008774270210273843, -0.01346866754423898], [0.0008788615736735051, 0.0003378440449602893, 0.9999995567317697, 0.030429904223431455], [-0.004222851433002292, -0.9999910253935722, 0.00034155246619804736, 0.03580669911808033], [0.0, 0.0, 0.0, 1.0]]}, "Hobj2base": {"type": "ndarray", "data": [[0.9999912546241493, -0.004181667640108131, -6.581008656201805e-05, -0.7376981764082134], [-0.004181719691838588, -0.999990927106073, -0.0008117425424653303, 0.09183590320779954], [-6.241505195215698e-05, 0.0008120106428066004, -0.9999996683714836, -0.002065089870370056], [0.0, 0.0, 0.0, 1.0]]}, "mean_rme": {"type": "float", "data": 0.0017969638011852626}, "max_rme": {"type": "float", "data": 0.005712551954930145}, "simu": {"type": "float", "data": 0.002}}, {"type": "dict", "image_number": {"type": "int", "data": 29}, "Hcamera2end": {"type": "ndarray", "data": [[0.999987966800264, -0.004862704133616335, -0.0006483542110152672, -0.013413056693250547], [0.0006496700043110747, 0.00026901409935498055, 0.9999997527801192, 0.03041145315764656], [-0.00486252851503506, -0.9999881407996412, 0.0002721700152700235, 0.03540728647109381], [0.0, 0.0, 0.0, 1.0]]}, "Hobj2base": {"type": "ndarray", "data": [[0.9999881556700864, -0.004866227462866123, -9.1377342822819e-05, -0.737200973698665], [-0.004866268373663451, -0.9999880570588748, -0.00045295886348165976, 0.09210058088452354], [-8.917205064757041e-05, 0.00045339816516089146, -0.9999998932392189, -0.001977257618606339], [0.0, 0.0, 0.0, 1.0]]}, "mean_rme": {"type": "float", "data": 0.0017940290710519512}, "max_rme": {"type": "float", "data": 0.005771864003409677}, "simu": {"type": "float", "data": 0.002}}, {"type": "dict", "image_number": {"type": "int", "data": 30}, "Hcamera2end": {"type": "ndarray", "data": [[0.9999923160751745, -0.0038511725339059615, -0.0007322982469590994, -0.01347421341158008], [0.0007337913480544088, 0.00038630169842268636, 0.9999996561605684, 0.029783432613632192], [-0.003850888321664435, -0.9999925095925026, 0.000389124687194764, 0.0353728320573594], [0.0, 0.0, 0.0, 1.0]]}, "Hobj2base": {"type": "ndarray", "data": [[0.9999924946409995, -0.003871272642664821, -0.00015462793022079103, -0.7374406675838375], [-0.0038713476438835444, -0.9999923873667813, -0.0004877252346937696, 0.09179958594865283], [-0.00015273863573686568, 0.0004883201926141285, -0.9999998691071403, -0.0013453895081434334], [0.0, 0.0, 0.0, 1.0]]}, "mean_rme": {"type": "float", "data": 0.0017807415225001573}, "max_rme": {"type": "float", "data": 0.005765127114368995}, "simu": {"type": "float", "data": 0.002}}]}