{"type": "list", "data": [{"type": "dict", "image_number": {"type": "int", "data": 5}, "Hcamera2end": {"type": "ndarray", "data": [[0.9999853226508886, 0.0005462430319950881, -0.005390371169798625, -0.015149772894771013], [0.005390861974255964, -0.0009010560136064605, 0.9999850632410636, 0.029160201214563645], [0.0005413778465364781, -0.9999994448581506, -0.0009039875092826666, 0.027971038174304394], [0.0, 0.0, 0.0, 1.0]]}, "Hobj2base": {"type": "ndarray", "data": [[0.9999940853000359, 0.0016532458562727205, 0.0030159812803375384, -0.7304290887900265], [0.0016606187560793718, -0.99999563521458, -0.0024437465366292056, 0.08993285558379391], [0.0030119280023909564, 0.0024487404776837654, -0.9999924659515096, 0.0068945394510067206], [0.0, 0.0, 0.0, 1.0]]}, "mean_rme": {"type": "float", "data": 0.0015151092251948647}, "max_rme": {"type": "float", "data": 0.00445572621053314}, "simu": {"type": "float", "data": 0.002}}, {"type": "dict", "image_number": {"type": "int", "data": 6}, "Hcamera2end": {"type": "ndarray", "data": [[0.9999867370651297, 0.000649888829979732, -0.005109142623151229, -0.015086891111107326], [0.005109820661522818, -0.001045968111293094, 0.999986397749248, 0.029529061767510544], [0.0006445359897690405, -0.999999241797322, -0.0010492750540573859, 0.027742465196228486], [0.0, 0.0, 0.0, 1.0]]}, "Hobj2base": {"type": "ndarray", "data": [[0.9999939897727583, 0.0016453683040310054, 0.003051750563954858, -0.7306960447641209], [0.0016528812482668128, -0.999995605816828, -0.002460961319159258, 0.09013853459495451], [0.0030476879662518935, 0.0024659907095040457, -0.9999923152144126, 0.0069682953961067344], [0.0, 0.0, 0.0, 1.0]]}, "mean_rme": {"type": "float", "data": 0.0015984605855805792}, "max_rme": {"type": "float", "data": 0.004807369648607562}, "simu": {"type": "float", "data": 0.002}}, {"type": "dict", "image_number": {"type": "int", "data": 7}, "Hcamera2end": {"type": "ndarray", "data": [[0.9999866188978284, 0.0005274293545491486, -0.005146245579587334, -0.015432512854196802], [0.005146495121172913, -0.0004728679138863434, 0.9999866449027726, 0.02903064041768544], [0.0005249888162672718, -0.9999997491070745, -0.00047557599899228364, 0.027865050971246415], [0.0, 0.0, 0.0, 1.0]]}, "Hobj2base": {"type": "ndarray", "data": [[0.9999967595741995, 0.0013128122042844529, 0.002181138513930403, -0.7305273405290459], [0.00131883229251384, -0.9999953189761757, -0.0027609250480629503, 0.08993957432874423], [0.002177503727870843, 0.002763792657396808, -0.9999938099446728, 0.006822572145839177], [0.0, 0.0, 0.0, 1.0]]}, "mean_rme": {"type": "float", "data": 0.0019007809932067839}, "max_rme": {"type": "float", "data": 0.005530008663023334}, "simu": {"type": "float", "data": 0.002}}, {"type": "dict", "image_number": {"type": "int", "data": 8}, "Hcamera2end": {"type": "ndarray", "data": [[0.999986816711645, 0.0005846916559965757, -0.005101425151680826, -0.015560830501391891], [0.00510130268981415, 0.0002107472497699936, 0.99998696606329, 0.028772041843679694], [0.000585759146483161, -0.9999998068606134, 0.00020776178231074471, 0.02784292900825724], [0.0, 0.0, 0.0, 1.0]]}, "Hobj2base": {"type": "ndarray", "data": [[0.9999984141155212, 0.0009112781100089714, 0.001530143342579687, -0.7305515060045458], [0.0009158081091179723, -0.9999951926694557, -0.002962420207367829, 0.08984561348622906], [0.0015274363979872368, 0.0029638168269928494, -0.9999944413484836, 0.006790623668081371], [0.0, 0.0, 0.0, 1.0]]}, "mean_rme": {"type": "float", "data": 0.0019444212257490215}, "max_rme": {"type": "float", "data": 0.00504108723696739}, "simu": {"type": "float", "data": 0.002}}, {"type": "dict", "image_number": {"type": "int", "data": 9}, "Hcamera2end": {"type": "ndarray", "data": [[0.9999876343424103, 0.0002720467914426022, -0.0049655969241494255, -0.01581575036975174], [0.00496569135370118, -0.0003475389047000732, 0.9999876104862947, 0.028627239375494617], [0.00027031768279895015, -0.9999999026036218, -0.0003488855075530761, 0.02804593083175758], [0.0, 0.0, 0.0, 1.0]]}, "Hobj2base": {"type": "ndarray", "data": [[0.9999972022438136, 0.0009825021882942531, 0.0021517885572995914, -0.7300642937380222], [0.0009891117782192065, -0.9999947898715322, -0.0030727654776060652, 0.0898506149318598], [0.0021487583473989093, 0.003074885240163703, -0.9999929639344092, 0.006472089980561233], [0.0, 0.0, 0.0, 1.0]]}, "mean_rme": {"type": "float", "data": 0.002079322390168192}, "max_rme": {"type": "float", "data": 0.004646818007169373}, "simu": {"type": "float", "data": 0.002}}, {"type": "dict", "image_number": {"type": "int", "data": 10}, "Hcamera2end": {"type": "ndarray", "data": [[0.9999874326946362, 0.00027828659114361755, -0.005005697690001002, -0.01574559130591698], [0.005005628914259165, 0.0002472895862295488, 0.9999874411846549, 0.028749723220439432], [0.0002795209531042571, -0.9999999307022146, 0.00024589347905867864, 0.02819075374551857], [0.0, 0.0, 0.0, 1.0]]}, "Hobj2base": {"type": "ndarray", "data": [[0.9999981452975711, 0.0008818089987909793, 0.0017122541596841076, -0.7304123751131277], [0.0008868825450936239, -0.9999952123257299, -0.0029645851259751154, 0.08998857387096504], [0.0017096317641271568, 0.00296609819587887, -0.99999413969319, 0.0066176184149224545], [0.0, 0.0, 0.0, 1.0]]}, "mean_rme": {"type": "float", "data": 0.0019685005101679875}, "max_rme": {"type": "float", "data": 0.00481930828400956}, "simu": {"type": "float", "data": 0.002}}, {"type": "dict", "image_number": {"type": "int", "data": 11}, "Hcamera2end": {"type": "ndarray", "data": [[0.999988567808896, 0.00022468937478683452, -0.004776375843443187, -0.015916484235882662], [0.004776382011134128, -2.6921265056101262e-05, 0.9999885926600008, 0.02873728255541996], [0.0002245582255986523, -0.9999999743949647, -2.7994159574884492e-05, 0.02825257152798234], [0.0, 0.0, 0.0, 1.0]]}, "Hobj2base": {"type": "ndarray", "data": [[0.9999981134477955, 0.0009586230555277045, 0.0016894208141643454, -0.7303132653088631], [0.0009634610999482038, -0.9999954310427854, -0.0028652462832106573, 0.09009649802577807], [0.0016866664041260766, 0.0028668685690098556, -0.999994468095224, 0.006486513974030192], [0.0, 0.0, 0.0, 1.0]]}, "mean_rme": {"type": "float", "data": 0.0019206992533701013}, "max_rme": {"type": "float", "data": 0.004609295706682948}, "simu": {"type": "float", "data": 0.002}}, {"type": "dict", "image_number": {"type": "int", "data": 12}, "Hcamera2end": {"type": "ndarray", "data": [[0.9999920538530082, 9.91881559522349e-05, -0.003985271954617579, -0.01607073303345035], [0.003985270736756107, 1.2472914824979142e-05, 0.9999920586992584, 0.028601600225203288], [9.92370762269029e-05, -0.9999999950030681, 1.2077524057962918e-05, 0.0281337951834692], [0.0, 0.0, 0.0, 1.0]]}, "Hobj2base": {"type": "ndarray", "data": [[0.9999982009219545, 0.000772995911695245, 0.0017322327138095015, -0.7303283450614523], [0.0007765086098294757, -0.999997641939814, -0.0020280900351986567, 0.09038753289560995], [0.0017306609237947473, 0.002029431480122901, -0.9999964431039916, 0.0061244181699499495], [0.0, 0.0, 0.0, 1.0]]}, "mean_rme": {"type": "float", "data": 0.001968123644972896}, "max_rme": {"type": "float", "data": 0.004984587154851616}, "simu": {"type": "float", "data": 0.002}}, {"type": "dict", "image_number": {"type": "int", "data": 13}, "Hcamera2end": {"type": "ndarray", "data": [[0.9999919688752315, 7.197876171647797e-05, -0.004007119176676798, -0.016073962594520742], [0.00400712343167668, -5.9068037051801525e-05, 0.9999919697041423, 0.028623328536274528], [7.174149104172611e-05, -0.9999999956650124, -5.935599045181483e-05, 0.028131504574692053], [0.0, 0.0, 0.0, 1.0]]}, "Hobj2base": {"type": "ndarray", "data": [[0.9999982929190423, 0.0007734273271505654, 0.0016780849712940804, -0.730348872066479], [0.0007767740976748219, -0.9999977089652174, -0.0019946644622607103, 0.09033333954932324], [0.001676538398739435, 0.0019959645501463883, -0.999996602666485, 0.006116688884067407], [0.0, 0.0, 0.0, 1.0]]}, "mean_rme": {"type": "float", "data": 0.00184865460540185}, "max_rme": {"type": "float", "data": 0.004997004812571426}, "simu": {"type": "float", "data": 0.002}}, {"type": "dict", "image_number": {"type": "int", "data": 14}, "Hcamera2end": {"type": "ndarray", "data": [[0.9999937200537502, -0.00014357650430273333, -0.003541078769157789, -0.016046672436328277], [0.0035410890850177262, 7.16587842631844e-05, 0.9999937277568847, 0.02857746097924738], [-0.00014332185435641511, -0.9999999871254028, 7.216675144205986e-05, 0.028071656229713693], [0.0, 0.0, 0.0, 1.0]]}, "Hobj2base": {"type": "ndarray", "data": [[0.999998536140445, 0.0005443114838752675, 0.001622171993277194, -0.730423151038764], [0.0005467058209234426, -0.9999987613721633, -0.0014759291597398255, 0.09044209599861576], [0.0016213666188187744, 0.001476813850058086, -0.999997595092678, 0.0060039304082430255], [0.0, 0.0, 0.0, 1.0]]}, "mean_rme": {"type": "float", "data": 0.0018329984157909821}, "max_rme": {"type": "float", "data": 0.00486446888710762}, "simu": {"type": "float", "data": 0.002}}, {"type": "dict", "image_number": {"type": "int", "data": 15}, "Hcamera2end": {"type": "ndarray", "data": [[0.9999907324002748, -0.00026523743160509735, -0.004297064424327882, -0.01607911003439018], [0.004297061042022401, -1.332054792069215e-05, 0.9999907675018626, 0.028363933092885495], [-0.0002652922220535872, -0.9999999647358334, -1.2180683037099627e-05, 0.02803984620421894], [0.0, 0.0, 0.0, 1.0]]}, "Hobj2base": {"type": "ndarray", "data": [[0.9999984740113174, 0.000494186064764192, 0.0016756357510186563, -0.7303150682095151], [0.0004980437976121435, -0.999997224954126, -0.002302615127068935, 0.08991660376989637], [0.0016744931807442657, 0.0023034461532971625, -0.9999959450959823, 0.0060109029166689], [0.0, 0.0, 0.0, 1.0]]}, "mean_rme": {"type": "float", "data": 0.0019121874576227451}, "max_rme": {"type": "float", "data": 0.00507533069172611}, "simu": {"type": "float", "data": 0.002}}, {"type": "dict", "image_number": {"type": "int", "data": 16}, "Hcamera2end": {"type": "ndarray", "data": [[0.9999916021131893, -0.0002808195766515712, -0.004088623663559162, -0.016182133085567523], [0.004088625006612292, 4.208700452701386e-06, 0.999991641528989, 0.028416583711953172], [-0.0002808000216370165, -0.9999999605613253, 5.356831051961386e-06, 0.02806175746957099], [0.0, 0.0, 0.0, 1.0]]}, "Hobj2base": {"type": "ndarray", "data": [[0.999998493922921, 0.00044215861323082805, 0.0016782871180619505, -0.7303472498610394], [0.0004458650156506651, -0.9999974613939877, -0.0022087122872939697, 0.0901574326430058], [0.0016773062563902063, 0.0022094572503151807, -0.9999961524637888, 0.005960080004016734], [0.0, 0.0, 0.0, 1.0]]}, "mean_rme": {"type": "float", "data": 0.001883747975360287}, "max_rme": {"type": "float", "data": 0.005077302144074924}, "simu": {"type": "float", "data": 0.002}}, {"type": "dict", "image_number": {"type": "int", "data": 17}, "Hcamera2end": {"type": "ndarray", "data": [[0.999993745313255, -0.0003947086956474031, -0.0035147602214563992, -0.016200913274046498], [0.0035148048493659698, 0.00011242874403916137, 0.9999938167342076, 0.028476575390025023], [-0.000394311094981331, -0.9999999157824079, 0.00011381536487009569, 0.028101967426291622], [0.0, 0.0, 0.0, 1.0]]}, "Hobj2base": {"type": "ndarray", "data": [[0.9999985895437347, 0.00034246637476333965, 0.001644271061415069, -0.7303884905346232], [0.00034551494429705635, -0.9999982214102245, -0.0018541293943150695, 0.0904960141326265], [0.0016436331599593579, 0.0018546948993708428, -0.9999969292837181, 0.005940661765444401], [0.0, 0.0, 0.0, 1.0]]}, "mean_rme": {"type": "float", "data": 0.0018568015943136325}, "max_rme": {"type": "float", "data": 0.004938155430284474}, "simu": {"type": "float", "data": 0.002}}, {"type": "dict", "image_number": {"type": "int", "data": 18}, "Hcamera2end": {"type": "ndarray", "data": [[0.9999943262655585, -0.00028384779541758796, -0.0033566154263962133, -0.016293638756799178], [0.00335664953672551, 0.0001197803142964915, 0.9999943592623728, 0.02910878258325188], [-0.0002834441378559028, -0.9999999525415513, 0.00012073241226573383, 0.028120336570054156], [0.0, 0.0, 0.0, 1.0]]}, "Hobj2base": {"type": "ndarray", "data": [[0.9999986155701677, 0.00046271872715686156, 0.0015983582600472325, -0.7303180681655834], [0.0004654414455535375, -0.9999984407330686, -0.0017034951398084426, 0.090319116833122], [0.0015975675286772435, 0.0017042367236180208, -0.9999972716738683, 0.005328249883666992], [0.0, 0.0, 0.0, 1.0]]}, "mean_rme": {"type": "float", "data": 0.0018548188173523493}, "max_rme": {"type": "float", "data": 0.005030199133169155}, "simu": {"type": "float", "data": 0.002}}, {"type": "dict", "image_number": {"type": "int", "data": 19}, "Hcamera2end": {"type": "ndarray", "data": [[0.9999947874238636, -0.0005946041290766182, -0.0031735738579099565, -0.01619595031865656], [0.0031735228461315665, -8.671502548995846e-05, 0.999994960603927, 0.02997607527195631], [-0.0005948763291688875, -0.9999998194632008, -8.482758369332544e-05, 0.02767010913722172], [0.0, 0.0, 0.0, 1.0]]}, "Hobj2base": {"type": "ndarray", "data": [[0.999998152012605, 0.00029996227358331694, 0.0018989454993306523, -0.729636644643391], [0.00030282834651464147, -0.9999988153202741, -0.001509189531027331, 0.08998109851958766], [0.0018984905497654238, 0.001509761796589785, -0.9999970581721476, 0.0045670126808201065], [0.0, 0.0, 0.0, 1.0]]}, "mean_rme": {"type": "float", "data": 0.0018483151052473019}, "max_rme": {"type": "float", "data": 0.004903892472177984}, "simu": {"type": "float", "data": 0.002}}, {"type": "dict", "image_number": {"type": "int", "data": 20}, "Hcamera2end": {"type": "ndarray", "data": [[0.9999950142251046, -0.0007027613815110464, -0.0030785794408339914, -0.016203426204458977], [0.0030785388453131255, -5.884015996482361e-05, 0.9999952595569709, 0.03142458093267684], [-0.0007029391942175171, -0.9999997513321072, -5.667638838890987e-05, 0.027714333616556616], [0.0, 0.0, 0.0, 1.0]]}, "Hobj2base": {"type": "ndarray", "data": [[0.9999982466898697, 0.00017258577945321755, 0.0018646263258798735, -0.7294932152139456], [0.0001752088137109696, -0.9999989953003359, -0.0014066627842985477, 0.08935377857080729], [0.0018643816824973757, 0.0014069870169490099, -0.9999972722305168, 0.003301080147506483], [0.0, 0.0, 0.0, 1.0]]}, "mean_rme": {"type": "float", "data": 0.0017951095504508078}, "max_rme": {"type": "float", "data": 0.004912294575735998}, "simu": {"type": "float", "data": 0.002}}, {"type": "dict", "image_number": {"type": "int", "data": 21}, "Hcamera2end": {"type": "ndarray", "data": [[0.9999954641295724, -0.0004741269546041562, -0.002974377903349599, -0.01623263207375359], [0.0029742480776407867, -0.00027429086980945705, 0.9999955392964968, 0.030855339523409582], [-0.0004749406843666407, -0.9999998499840637, -0.000272879454478403, 0.028610672444793525], [0.0, 0.0, 0.0, 1.0]]}, "Hobj2base": {"type": "ndarray", "data": [[0.9999976982957446, 0.0005643247016183676, 0.002070009865689269, -0.730333702382306], [0.0005671080237894035, -0.9999989356852876, -0.0013442532430830744, 0.08955580530706977], [0.0020692490672370115, 0.0013454240682138202, -0.9999969540165483, 0.0036673066998636405], [0.0, 0.0, 0.0, 1.0]]}, "mean_rme": {"type": "float", "data": 0.0017941836304725305}, "max_rme": {"type": "float", "data": 0.004982479763913139}, "simu": {"type": "float", "data": 0.002}}, {"type": "dict", "image_number": {"type": "int", "data": 22}, "Hcamera2end": {"type": "ndarray", "data": [[0.999996120058854, -0.000421221539684592, -0.0027536230048309024, -0.016295398651634062], [0.002753356424246682, -0.0006321511001889935, 0.9999960096987328, 0.03143489437812917], [-0.0004229605646957574, -0.9999997114786592, -0.0006309888744475689, 0.029184794684760314], [0.0, 0.0, 0.0, 1.0]]}, "Hobj2base": {"type": "ndarray", "data": [[0.9999964723531034, 0.0008937531656137135, 0.002501296989149399, -0.7305987208153109], [0.0008966911479507747, -0.999998909175833, -0.0011737087069642698, 0.08931998971338628], [0.002500245254801837, 0.0011759474574029583, -0.9999961829533366, 0.003001337231996107], [0.0, 0.0, 0.0, 1.0]]}, "mean_rme": {"type": "float", "data": 0.0018102828359530402}, "max_rme": {"type": "float", "data": 0.0050336803819848175}, "simu": {"type": "float", "data": 0.002}}, {"type": "dict", "image_number": {"type": "int", "data": 23}, "Hcamera2end": {"type": "ndarray", "data": [[0.9999961346647722, -0.0005149811130227392, -0.002732297562140575, -0.01631958483683531], [0.0027319927158536905, -0.0005917330404434651, 0.9999960930262726, 0.03124958325700184], [-0.0005165958917489016, -0.9999996923231838, -0.0005903238285474011, 0.029770779351513444], [0.0, 0.0, 0.0, 1.0]]}, "Hobj2base": {"type": "ndarray", "data": [[0.9999963099386209, 0.00081810732019864, 0.0025905230271808985, -0.731182448323257], [0.0008210652432080077, -0.9999990120225037, -0.0011409670822584744, 0.08940495639730807], [0.002589587034280343, 0.0011430898604392575, -0.999995993684256, 0.003089142210012033], [0.0, 0.0, 0.0, 1.0]]}, "mean_rme": {"type": "float", "data": 0.0017740205548231185}, "max_rme": {"type": "float", "data": 0.005095096333712801}, "simu": {"type": "float", "data": 0.002}}, {"type": "dict", "image_number": {"type": "int", "data": 24}, "Hcamera2end": {"type": "ndarray", "data": [[0.9999963197991403, -0.000567150275561811, -0.002653060259512579, -0.016306629051471476], [0.002652587020028821, -0.0008335464331383768, 0.9999961344837514, 0.031738602584113706], [-0.0005693595321494232, -0.9999994917703252, -0.0008320389500606762, 0.03023651895516459], [0.0, 0.0, 0.0, 1.0]]}, "Hobj2base": {"type": "ndarray", "data": [[0.999995451334778, 0.0009042719236371738, 0.0028774297631355213, -0.7314449218313485], [0.0009071845811792745, -0.9999990773473868, -0.0010110986649520437, 0.08914075738455936], [0.0028765128001326883, 0.0010137044257172534, -0.9999953490279081, 0.002584926298108662], [0.0, 0.0, 0.0, 1.0]]}, "mean_rme": {"type": "float", "data": 0.0017729841743788209}, "max_rme": {"type": "float", "data": 0.00510324705730103}, "simu": {"type": "float", "data": 0.002}}, {"type": "dict", "image_number": {"type": "int", "data": 25}, "Hcamera2end": {"type": "ndarray", "data": [[0.999997281465512, -0.0009553176109199851, -0.0021270707199701807, -0.01631732964645939], [0.0021260899591668886, -0.0010264780803710405, 0.9999972130382346, 0.03188690644894267], [-0.0009574983399557776, -0.9999990168550232, -0.0010244441986744235, 0.031416328216456464], [0.0, 0.0, 0.0, 1.0]]}, "Hobj2base": {"type": "ndarray", "data": [[0.9999945259405592, 0.0006040973775417106, 0.003253176182549276, -0.7324783758648864], [0.0006053818920302512, -0.9999997391859705, -0.0003938791129800999, 0.08928870471197436], [0.0032529373927360676, 0.0003958463708149224, -0.9999946308375707, 0.0022346279533724013], [0.0, 0.0, 0.0, 1.0]]}, "mean_rme": {"type": "float", "data": 0.0017748141888035316}, "max_rme": {"type": "float", "data": 0.005852718833920689}, "simu": {"type": "float", "data": 0.002}}, {"type": "dict", "image_number": {"type": "int", "data": 26}, "Hcamera2end": {"type": "ndarray", "data": [[0.9999970284915909, -0.0014747633610712164, -0.0019411545577798228, -0.016250849014535107], [0.0019389202805087389, -0.0015149294819070125, 0.9999969727838233, 0.03226822821622612], [-0.0014776996089122317, -0.9999977650283493, -0.0015120655316915865, 0.03204099308888421], [0.0, 0.0, 0.0, 1.0]]}, "Hobj2base": {"type": "ndarray", "data": [[0.9999924540528842, 0.0003329610246030034, 0.0038705263526238524, -0.7328169016710403], [0.0003331202324014228, -0.9999999436957832, -4.0488766538382806e-05, 0.08916688635340514], [0.0038705126535157077, 4.177781165039361e-05, -0.999992508665146, 0.0017705840896592546], [0.0, 0.0, 0.0, 1.0]]}, "mean_rme": {"type": "float", "data": 0.0017698976915199612}, "max_rme": {"type": "float", "data": 0.006295876346327556}, "simu": {"type": "float", "data": 0.002}}, {"type": "dict", "image_number": {"type": "int", "data": 27}, "Hcamera2end": {"type": "ndarray", "data": [[0.9999978957531677, -0.0012306009093094252, -0.0016413746186916631, -0.01625221430314265], [0.0016396809847037102, -0.001376013865628023, 0.9999977090134305, 0.0322942305684727], [-0.0012328566442532797, -0.99999829610217, -0.0013739931772442926, 0.03139344328134071], [0.0, 0.0, 0.0, 1.0]]}, "Hobj2base": {"type": "ndarray", "data": [[0.9999929927276924, 0.0005030059704874236, 0.0037096469518174517, -0.7322126349537262], [0.0005022201556959938, -0.9999998512543427, 0.000212758565738657, 0.08929663551791514], [0.003709753418852417, -0.00021089401541173216, -0.9999930966028141, 0.0017780204140343105], [0.0, 0.0, 0.0, 1.0]]}, "mean_rme": {"type": "float", "data": 0.0017832260032649065}, "max_rme": {"type": "float", "data": 0.005931274746529658}, "simu": {"type": "float", "data": 0.002}}, {"type": "dict", "image_number": {"type": "int", "data": 28}, "Hcamera2end": {"type": "ndarray", "data": [[0.9999986867778965, -0.0011513312570046801, -0.0011405607476340988, -0.016211018011950434], [0.0011393261785676305, -0.0010723839549215963, 0.999998775963507, 0.032627697519201554], [-0.001152552966778582, -0.999998762213729, -0.0010710708048018436, 0.03071969780957212], [0.0, 0.0, 0.0, 1.0]]}, "Hobj2base": {"type": "ndarray", "data": [[0.9999939741804713, 0.0004084324492231596, 0.003447431751509767, -0.7316103124418045], [0.00040620519788132464, -0.9999997083645755, 0.0006467365007884111, 0.08938790020453499], [0.0034476948942895633, -0.0006453322389741703, -0.9999938484541879, 0.0015278980056972896], [0.0, 0.0, 0.0, 1.0]]}, "mean_rme": {"type": "float", "data": 0.0018032885190472547}, "max_rme": {"type": "float", "data": 0.0055933156483949364}, "simu": {"type": "float", "data": 0.002}}, {"type": "dict", "image_number": {"type": "int", "data": 29}, "Hcamera2end": {"type": "ndarray", "data": [[0.9999992820027593, -0.0010710605260154365, -0.0005374228459290337, -0.016196287452785556], [0.0005367918030339386, -0.0005893761613400272, 0.9999996822450998, 0.0330537564582504], [-0.0010713769298946558, -0.9999992527322659, -0.0005888008016585733, 0.03012235479933175], [0.0, 0.0, 0.0, 1.0]]}, "Hobj2base": {"type": "ndarray", "data": [[0.999995398389311, 0.00022843151747051609, 0.0030250651637953713, -0.7311447280446488], [0.00022499059338140946, -0.9999993274376107, 0.0011377625232577215, 0.08949609236176902], [0.003025323030070026, -0.001137076676511313, -0.9999947772249591, 0.0012023238762116544], [0.0, 0.0, 0.0, 1.0]]}, "mean_rme": {"type": "float", "data": 0.0018267984777341128}, "max_rme": {"type": "float", "data": 0.005457340547959766}, "simu": {"type": "float", "data": 0.002}}, {"type": "dict", "image_number": {"type": "int", "data": 30}, "Hcamera2end": {"type": "ndarray", "data": [[0.9999997321029706, -0.0004512105240383751, -0.0005763705839297098, -0.016203666136886063], [0.0005760066998398866, -0.0008061768685709847, 0.999999509147449, 0.03279520538157219], [-0.0004516749591930269, -0.9999995732438689, -0.0008059167523135624, 0.03023847642627138], [0.0, 0.0, 0.0, 1.0]]}, "Hobj2base": {"type": "ndarray", "data": [[0.9999953519496916, 0.0009152707884234097, 0.002908325703282735, -0.7312541978267825], [0.000912210842234695, -0.9999990292299084, 0.0010532856308481788, 0.08948176004994074], [0.002909286921536907, -0.0010506277288842931, -0.9999952161040491, 0.0014426925136661716], [0.0, 0.0, 0.0, 1.0]]}, "mean_rme": {"type": "float", "data": 0.0018024203495014023}, "max_rme": {"type": "float", "data": 0.005473158982616855}, "simu": {"type": "float", "data": 0.002}}]}