{"type": "list", "data": [{"type": "dict", "image_number": {"type": "int", "data": 5}, "Hcamera2end": {"type": "ndarray", "data": [[0.9999724140618886, 0.0027720649620063768, -0.006891064582865668, -0.011809447105874293], [0.00688778822346039, 0.0011897357334937908, 0.9999755711527524, 0.01784769842416994], [0.002780195789430909, -0.9999954500820146, 0.0011706095171175601, 0.03402753788397475], [0.0, 0.0, 0.0, 1.0]]}, "Hobj2base": {"type": "ndarray", "data": [[0.9999969658715798, 0.00217187731301031, -0.0011624098122501479, -0.7345669361104649], [0.002175095047249325, -0.9999937866741189, 0.0027740898853848206, 0.0941313192140802], [-0.0011563776069328582, -0.0027766098202653584, -0.9999954766041375, 0.011166662298448139], [0.0, 0.0, 0.0, 1.0]]}, "mean_rme": {"type": "float", "data": 0.0021072817717431086}, "max_rme": {"type": "float", "data": 0.0065726458259938725}, "simu": {"type": "float", "data": 0.002}}, {"type": "dict", "image_number": {"type": "int", "data": 6}, "Hcamera2end": {"type": "ndarray", "data": [[0.9999799867799879, 0.002311199161184898, -0.005889346137943237, -0.011499453834099754], [0.005887541931983043, 0.000786665128041486, 0.9999823588483823, 0.018303497517447413], [0.002315791332203762, -0.9999970197537655, 0.0007730421023646183, 0.03439843787400302], [0.0, 0.0, 0.0, 1.0]]}, "Hobj2base": {"type": "ndarray", "data": [[0.9999978835240564, 0.0019415493597199633, -0.0006806860447396229, -0.7345755540178684], [0.001943369822073706, -0.9999945095247493, 0.002684070433191675, 0.0947009525319153], [-0.0006754710522187344, -0.002685387577138826, -0.9999961662088599, 0.010828040362117116], [0.0, 0.0, 0.0, 1.0]]}, "mean_rme": {"type": "float", "data": 0.001915005161197971}, "max_rme": {"type": "float", "data": 0.00635874600761821}, "simu": {"type": "float", "data": 0.002}}, {"type": "dict", "image_number": {"type": "int", "data": 7}, "Hcamera2end": {"type": "ndarray", "data": [[0.9999811338051587, 0.002406857284664563, -0.005651466337203566, -0.011647100186919005], [0.005647864755852092, 0.0015005606333524657, 0.999982924824962, 0.018650305854573647], [0.0024152965550614607, -0.999995977669809, 0.0014869387190528105, 0.03392938055544348], [0.0, 0.0, 0.0, 1.0]]}, "Hobj2base": {"type": "ndarray", "data": [[0.9999978195292781, 0.0017707560637851081, -0.0011069596432442981, -0.7350328363251244], [0.001773342755260546, -0.9999956894546054, 0.0023401554823484555, 0.09431995427758345], [-0.0011028110271339368, -0.0023421133985716547, -0.9999966491507195, 0.010432193513845365], [0.0, 0.0, 0.0, 1.0]]}, "mean_rme": {"type": "float", "data": 0.0019172923980993095}, "max_rme": {"type": "float", "data": 0.006593716185264942}, "simu": {"type": "float", "data": 0.002}}, {"type": "dict", "image_number": {"type": "int", "data": 8}, "Hcamera2end": {"type": "ndarray", "data": [[0.9999864931948177, 0.001962953137492606, -0.004812509003716577, -0.011754837604221666], [0.004809161576273454, 0.001706471905292939, 0.999986979874523, 0.018957474312518714], [0.0019711399910052616, -0.9999966173785871, 0.001697008697504443, 0.03406737820978514], [0.0, 0.0, 0.0, 1.0]]}, "Hobj2base": {"type": "ndarray", "data": [[0.9999987298920852, 0.0013604422162845399, -0.0008303078903440299, -0.7350433150826151], [0.0013625260003773804, -0.9999959109817493, 0.0025142678217467854, 0.09482674470730715], [-0.0008268839791121626, -0.002515395944444237, -0.9999964945169197, 0.010002625683787625], [0.0, 0.0, 0.0, 1.0]]}, "mean_rme": {"type": "float", "data": 0.0018352037146248455}, "max_rme": {"type": "float", "data": 0.006311300151823018}, "simu": {"type": "float", "data": 0.002}}, {"type": "dict", "image_number": {"type": "int", "data": 9}, "Hcamera2end": {"type": "ndarray", "data": [[0.9999911640659697, 0.0010076684665164435, -0.004081224601580699, -0.012255794765107998], [0.004079784415254617, 0.0014271690543509186, 0.9999906592301827, 0.01919203420286192], [0.001013483651572478, -0.9999984738952116, 0.0014230453738739435, 0.03370494657170853], [0.0, 0.0, 0.0, 1.0]]}, "Hobj2base": {"type": "ndarray", "data": [[0.9999996859576741, 0.0007326614043673465, -0.000302145361985357, -0.734693324015393], [0.000733326789372141, -0.9999972934750128, 0.0022080023706408745, 0.0947471133104214], [-0.0003005268261036649, -0.0022082232485229024, -0.9999975167137722, 0.009303785411725544], [0.0, 0.0, 0.0, 1.0]]}, "mean_rme": {"type": "float", "data": 0.0018583719601280415}, "max_rme": {"type": "float", "data": 0.0064874899506295325}, "simu": {"type": "float", "data": 0.002}}, {"type": "dict", "image_number": {"type": "int", "data": 10}, "Hcamera2end": {"type": "ndarray", "data": [[0.9999938379310475, 0.0007670958368194043, -0.0034257355284746716, -0.012371496585168916], [0.003424028754702979, 0.0022153487175368136, 0.9999916840939962, 0.01958353468319954], [0.0007746786565321563, -0.9999972518932423, 0.0022127085082024323, 0.03352942454813255], [0.0, 0.0, 0.0, 1.0]]}, "Hobj2base": {"type": "ndarray", "data": [[0.9999998768584054, 0.0002334600189011631, -0.0004379264704038143, -0.7351607698894662], [0.00023443722769516797, -0.9999974799917279, 0.0022327224141255437, 0.09492192088714366], [-0.0004374041154084839, -0.0022328248054522015, -0.9999974115821635, 0.008939942610456636], [0.0, 0.0, 0.0, 1.0]]}, "mean_rme": {"type": "float", "data": 0.001809626053282985}, "max_rme": {"type": "float", "data": 0.006512819482567267}, "simu": {"type": "float", "data": 0.002}}, {"type": "dict", "image_number": {"type": "int", "data": 11}, "Hcamera2end": {"type": "ndarray", "data": [[0.9999934974801185, 0.0007050245227712456, -0.0035366563167321093, -0.012167106932143845], [0.0035351722780598846, 0.0020951949401813996, 0.9999915563219157, 0.019805559428314856], [0.0007124285541911116, -0.9999975565463073, 0.0020926889329864196, 0.03368878667610825], [0.0, 0.0, 0.0, 1.0]]}, "Hobj2base": {"type": "ndarray", "data": [[0.9999998991632281, 0.00021927398854719953, -0.0003919087288190377, -0.7353656158889996], [0.00022008246726102585, -0.9999978455771472, 0.0020640747981051097, 0.09500103182463948], [-0.00039145528656827575, -0.0020641608422104496, -0.9999977929989528, 0.008904191605575514], [0.0, 0.0, 0.0, 1.0]]}, "mean_rme": {"type": "float", "data": 0.0017676523656854533}, "max_rme": {"type": "float", "data": 0.00653535003200989}, "simu": {"type": "float", "data": 0.002}}, {"type": "dict", "image_number": {"type": "int", "data": 12}, "Hcamera2end": {"type": "ndarray", "data": [[0.9999946840669566, 0.0008616447706754086, -0.003144742615371586, -0.01228856156055012], [0.003143221077160911, 0.0017615534784550801, 0.9999935085242319, 0.01998914321702644], [0.0008671788096222129, -0.9999980772469675, 0.00175883577415048, 0.033815033935085795], [0.0, 0.0, 0.0, 1.0]]}, "Hobj2base": {"type": "ndarray", "data": [[0.9999998647448868, 0.0004882008221231187, -0.0001793604343824669, -0.7352566125666197], [0.0004886008876001704, -0.9999973779204987, 0.002237279888583559, 0.09520698057664195], [-0.00017826772220422255, -0.0022373672216474544, -0.9999974812010952, 0.008691451102809361], [0.0, 0.0, 0.0, 1.0]]}, "mean_rme": {"type": "float", "data": 0.0017318364231142243}, "max_rme": {"type": "float", "data": 0.006376554402503398}, "simu": {"type": "float", "data": 0.002}}, {"type": "dict", "image_number": {"type": "int", "data": 13}, "Hcamera2end": {"type": "ndarray", "data": [[0.9999943825662904, 0.0007642048333631722, -0.0032635604539186973, -0.012498641061014991], [0.0032619960576477664, 0.002039466053357475, 0.9999925999525883, 0.020008402485470023], [0.0007708550989700199, -0.9999976282817824, 0.002036961763638434, 0.03365417779475487], [0.0, 0.0, 0.0, 1.0]]}, "Hobj2base": {"type": "ndarray", "data": [[0.9999996791306441, 0.00025973440545988395, -0.0007578104296835569, -0.7354761821888138], [0.0002617299601881362, -0.9999964956930243, 0.00263440678304064, 0.09518012595308324], [-0.0007571235280036495, -0.0026346042794338238, -0.9999962428050686, 0.008782631737556314], [0.0, 0.0, 0.0, 1.0]]}, "mean_rme": {"type": "float", "data": 0.001777019826302241}, "max_rme": {"type": "float", "data": 0.006591078765113445}, "simu": {"type": "float", "data": 0.002}}, {"type": "dict", "image_number": {"type": "int", "data": 14}, "Hcamera2end": {"type": "ndarray", "data": [[0.9999961490192988, 0.0007288303444627698, -0.002677826152194556, -0.012281617037267385], [0.0026764499025898293, 0.0018827689879856724, 0.9999946458840949, 0.020148848545049818], [0.0007338681702551989, -0.9999979619915564, 0.0018808110595742722, 0.03379955562901074], [0.0, 0.0, 0.0, 1.0]]}, "Hobj2base": {"type": "ndarray", "data": [[0.9999998213297804, 0.0003270136689329503, -0.0005004023058756505, -0.7354795628984955], [0.0003285326944550145, -0.9999953296494277, 0.0030385433353884005, 0.09563951629525749], [-0.0004994063236171377, -0.0030387071910090565, -0.9999952584147243, 0.008648727510762054], [0.0, 0.0, 0.0, 1.0]]}, "mean_rme": {"type": "float", "data": 0.001754734323461972}, "max_rme": {"type": "float", "data": 0.00649731230881323}, "simu": {"type": "float", "data": 0.002}}, {"type": "dict", "image_number": {"type": "int", "data": 15}, "Hcamera2end": {"type": "ndarray", "data": [[0.9999960982839442, 0.0008048783147327362, -0.002674993044249195, -0.012236861276680987], [0.0026734921902161982, 0.0018600302488028797, 0.9999946963494271, 0.0202043258819936], [0.0008098496139170421, -0.9999979462270772, 0.0018578711556044292, 0.033748324639761844], [0.0, 0.0, 0.0, 1.0]]}, "Hobj2base": {"type": "ndarray", "data": [[0.9999997778613231, 0.0004311395611781572, -0.0005083266502209461, -0.735495236801316], [0.00043256971218151813, -0.9999959395236755, 0.00281670367716431, 0.09559452901874156], [-0.0005071101937852764, -0.002816922938178262, -0.9999959038838164, 0.008542915700499957], [0.0, 0.0, 0.0, 1.0]]}, "mean_rme": {"type": "float", "data": 0.0016693119148003793}, "max_rme": {"type": "float", "data": 0.006512829782820473}, "simu": {"type": "float", "data": 0.002}}, {"type": "dict", "image_number": {"type": "int", "data": 16}, "Hcamera2end": {"type": "ndarray", "data": [[0.9999959491037858, 0.0008956348707989556, -0.0027017798202020903, -0.012171794627526916], [0.00270018798559521, 0.0017737954066983086, 0.9999947813037315, 0.02027002075709069], [0.0009004226013875826, -0.999998025742068, 0.0017713698387196164, 0.03370811532746015], [0.0, 0.0, 0.0, 1.0]]}, "Hobj2base": {"type": "ndarray", "data": [[0.9999996595953996, 0.0005911371745739407, -0.0005756439227491499, -0.7355444760269169], [0.0005926218429935071, -0.9999964900044178, 0.002582397760992216, 0.09557301225001961], [-0.0005741153509254649, -0.002582738021094546, -0.999996499921814, 0.008444021527890672], [0.0, 0.0, 0.0, 1.0]]}, "mean_rme": {"type": "float", "data": 0.0015979534867985507}, "max_rme": {"type": "float", "data": 0.006573740487645308}, "simu": {"type": "float", "data": 0.002}}, {"type": "dict", "image_number": {"type": "int", "data": 17}, "Hcamera2end": {"type": "ndarray", "data": [[0.9999982202773208, 0.0013057794782059518, -0.0013617570067100211, -0.011873296638207105], [0.0013598937613371453, 0.0014267496715913985, 0.9999980575352795, 0.02044596966190086], [0.0013077198281374934, -0.9999981296609152, 0.0014249714110066147, 0.033755850822938416], [0.0, 0.0, 0.0, 1.0]]}, "Hobj2base": {"type": "ndarray", "data": [[0.9999993338110484, 0.001096974211670458, -0.0003592005544617263, -0.7355769168856188], [0.0010983025007365091, -0.999992482003349, 0.0037188262125914815, 0.09633843090603274], [-0.00035511839754026375, -0.003719218246017777, -0.9999930206289256, 0.00823429297347454], [0.0, 0.0, 0.0, 1.0]]}, "mean_rme": {"type": "float", "data": 0.0016218933313865084}, "max_rme": {"type": "float", "data": 0.006601646300413377}, "simu": {"type": "float", "data": 0.002}}, {"type": "dict", "image_number": {"type": "int", "data": 18}, "Hcamera2end": {"type": "ndarray", "data": [[0.9999987643280426, 0.00135198125681379, -0.0008021777042223075, -0.011685025511538348], [0.0008004353694014623, 0.0012887758058655052, 0.9999988491794084, 0.02051616126582883], [0.0013530135281431266, -0.9999982556002801, 0.001287692039744659, 0.03377705480408724], [0.0, 0.0, 0.0, 1.0]]}, "Hobj2base": {"type": "ndarray", "data": [[0.9999991922078986, 0.0012430678546012156, -0.00026526563911409215, -0.7355712632469132], [0.0012441301744586318, -0.9999910536107961, 0.004042875026345588, 0.09668800066816335], [-0.00026023769795902203, -0.004043201785528943, -0.9999917923641481, 0.008116860106730718], [0.0, 0.0, 0.0, 1.0]]}, "mean_rme": {"type": "float", "data": 0.001574292735886623}, "max_rme": {"type": "float", "data": 0.006609210276257771}, "simu": {"type": "float", "data": 0.002}}, {"type": "dict", "image_number": {"type": "int", "data": 19}, "Hcamera2end": {"type": "ndarray", "data": [[0.9999991081077709, 0.00019735457170032874, -0.0013209219642410278, -0.01162279605621793], [0.0013205704407412127, 0.0017708151016844198, 0.9999975601508173, 0.020429458724167557], [0.0001996931987473632, -0.9999984126312649, 0.0017705529016944777, 0.03390255317937051], [0.0, 0.0, 0.0, 1.0]]}, "Hobj2base": {"type": "ndarray", "data": [[0.9999999827742445, 6.927107133402705e-05, -0.00017220055002069892, -0.7355331510651698], [6.983193848511592e-05, -0.9999946863932654, 0.0032591883553489912, 0.0967516292820791], [-0.00017197386754564217, -0.0032592003243052253, -0.9999946740049346, 0.008125998593118333], [0.0, 0.0, 0.0, 1.0]]}, "mean_rme": {"type": "float", "data": 0.0016178006280277396}, "max_rme": {"type": "float", "data": 0.006490322043565866}, "simu": {"type": "float", "data": 0.002}}, {"type": "dict", "image_number": {"type": "int", "data": 20}, "Hcamera2end": {"type": "ndarray", "data": [[0.9999983805008675, 0.00032344582632523947, -0.0017704175890149887, -0.011557381660615883], [0.0017698828545057886, 0.0016461157658894665, 0.999997078904517, 0.02047970756733162], [0.0003263591938145827, -0.9999985928418513, 0.001645540638784082, 0.03388976887295197], [0.0, 0.0, 0.0, 1.0]]}, "Hobj2base": {"type": "ndarray", "data": [[0.9999999522306418, 0.0002742846355057649, -0.0001425014140424859, -0.7355186478315308], [0.0002746592130531465, -0.9999964899978848, 0.0026352522131893623, 0.09661241947286167], [-0.00014177810466946077, -0.002635291226631295, -0.9999965175634964, 0.008017366688765265], [0.0, 0.0, 0.0, 1.0]]}, "mean_rme": {"type": "float", "data": 0.0015730165537771626}, "max_rme": {"type": "float", "data": 0.006473853306175115}, "simu": {"type": "float", "data": 0.002}}, {"type": "dict", "image_number": {"type": "int", "data": 21}, "Hcamera2end": {"type": "ndarray", "data": [[0.9999982245011214, 0.0008077937114072296, -0.0017024875695708268, -0.011739189980493595], [0.0017009585386176917, 0.0018897747037166512, 0.9999967677405858, 0.020291825303351753], [0.0008110084183507681, -0.9999978881082144, 0.0018883973248129404, 0.034597605789397454], [0.0, 0.0, 0.0, 1.0]]}, "Hobj2base": {"type": "ndarray", "data": [[0.9999996762610802, 0.0005490450549445662, -0.0005882408200477425, -0.7364180804612819], [0.0005506034451440895, -0.9999963309042936, 0.002652360042755706, 0.09666136069113256], [-0.0005867823965704678, -0.0026526830715056233, -0.9999963094726605, 0.008191231257110491], [0.0, 0.0, 0.0, 1.0]]}, "mean_rme": {"type": "float", "data": 0.0015906556910320541}, "max_rme": {"type": "float", "data": 0.006678946120107887}, "simu": {"type": "float", "data": 0.002}}, {"type": "dict", "image_number": {"type": "int", "data": 22}, "Hcamera2end": {"type": "ndarray", "data": [[0.9999978556347815, 0.0009752508274754783, -0.001826913151253844, -0.011792098359339991], [0.0018249124164308422, 0.002048470882166087, 0.9999962367237774, 0.02001878538858485], [0.0009789895357318178, -0.9999974263231222, 0.0020466867421521373, 0.03407518404787576], [0.0, 0.0, 0.0, 1.0]]}, "Hobj2base": {"type": "ndarray", "data": [[0.9999995321868064, 0.0006111823104184871, -0.0007497215162185252, -0.7360032139482308], [0.000613050089262054, -0.9999967030538468, 0.0024936020180447212, 0.09678773543907968], [-0.0007481949989844036, -0.002494060468347237, -0.9999966099275654, 0.008464215848736184], [0.0, 0.0, 0.0, 1.0]]}, "mean_rme": {"type": "float", "data": 0.001572731022529818}, "max_rme": {"type": "float", "data": 0.006724044863370859}, "simu": {"type": "float", "data": 0.002}}, {"type": "dict", "image_number": {"type": "int", "data": 23}, "Hcamera2end": {"type": "ndarray", "data": [[0.9999976109149871, 0.0013833958921924156, -0.0016924479677976516, -0.011970901980258625], [0.0016893953007846004, 0.0022048454604732814, 0.9999961422925655, 0.01984813847765556], [0.0013871221416746835, -0.9999966124304126, 0.002202503090390606, 0.03402159057269752], [0.0, 0.0, 0.0, 1.0]]}, "Hobj2base": {"type": "ndarray", "data": [[0.9999991043667358, 0.0009131095701620327, -0.0009785175722583329, -0.7360527996850683], [0.0009155597047178577, -0.9999964398255061, 0.0025064091325816273, 0.09693981946248155], [-0.0009762254623993285, -0.0025073027790177525, -0.9999963802017591, 0.008578962839326031], [0.0, 0.0, 0.0, 1.0]]}, "mean_rme": {"type": "float", "data": 0.0016106820804486944}, "max_rme": {"type": "float", "data": 0.006744054635959118}, "simu": {"type": "float", "data": 0.002}}, {"type": "dict", "image_number": {"type": "int", "data": 24}, "Hcamera2end": {"type": "ndarray", "data": [[0.9999963402290389, 0.0019333650112270321, -0.001892519025393746, -0.012037406615562248], [0.001889014831322609, 0.0018127055548741167, 0.9999965728548964, 0.02050973868206016], [0.0019367889650546372, -0.9999964880929856, 0.001809046765606448, 0.03474665355936095], [0.0, 0.0, 0.0, 1.0]]}, "Hobj2base": {"type": "ndarray", "data": [[0.9999984036993204, 0.0016348896221399564, -0.0007209263031016541, -0.7365156697079986], [0.0016364726031393327, -0.9999962395102497, 0.0022006641675981708, 0.09631142066899862], [-0.000717325749056259, -0.002201840430820373, -0.9999973186676487, 0.007948195085850054], [0.0, 0.0, 0.0, 1.0]]}, "mean_rme": {"type": "float", "data": 0.0016456411475899914}, "max_rme": {"type": "float", "data": 0.006304653585362641}, "simu": {"type": "float", "data": 0.002}}, {"type": "dict", "image_number": {"type": "int", "data": 25}, "Hcamera2end": {"type": "ndarray", "data": [[0.9999941456678217, 0.002681061451514062, -0.0021261560565044735, -0.012099379868859807], [0.002122067181151472, 0.001527019282543618, 0.9999965825156553, 0.020602386824642525], [0.002684298970324504, -0.9999952400494735, 0.0015213209503486258, 0.03538301959912668], [0.0, 0.0, 0.0, 1.0]]}, "Hobj2base": {"type": "ndarray", "data": [[0.9999967696383057, 0.002448788928964189, -0.0006812824192192765, -0.7370429373416427], [0.0024500171867601634, -0.9999953644342914, 0.001807906444585937, 0.09591292245547142], [-0.0006768520798037514, -0.0018095697580303362, -0.9999981336625343, 0.007865181448529228], [0.0, 0.0, 0.0, 1.0]]}, "mean_rme": {"type": "float", "data": 0.0016419083929284446}, "max_rme": {"type": "float", "data": 0.006234644441696191}, "simu": {"type": "float", "data": 0.002}}, {"type": "dict", "image_number": {"type": "int", "data": 26}, "Hcamera2end": {"type": "ndarray", "data": [[0.9999944409720027, 0.0027234892191297143, -0.001923702566641725, -0.012221387500564108], [0.0019185771332855808, 0.0018832998143625268, 0.9999963861152664, 0.020504556114558134], [0.002727102285440248, -0.9999945178791144, 0.0018780641209075188, 0.03644675246023403], [0.0, 0.0, 0.0, 1.0]]}, "Hobj2base": {"type": "ndarray", "data": [[0.9999968473037446, 0.0023006476643313697, -0.0010061823373463132, -0.7382699305643465], [0.0023026652795952503, -0.9999953314617611, 0.0020086779962782933, 0.09595075339201503], [-0.0010015563796050646, -0.0020109885646598454, -0.9999974764017214, 0.007965982135653266], [0.0, 0.0, 0.0, 1.0]]}, "mean_rme": {"type": "float", "data": 0.0016475143031756715}, "max_rme": {"type": "float", "data": 0.006463641790826202}, "simu": {"type": "float", "data": 0.002}}, {"type": "dict", "image_number": {"type": "int", "data": 27}, "Hcamera2end": {"type": "ndarray", "data": [[0.9999944730458028, 0.0027613508705477898, -0.0018517071088340286, -0.01228856584665859], [0.0018478482182507756, 0.0013993618863645807, 0.9999973136180286, 0.021541709387489488], [0.002763934660857406, -0.9999952083523606, 0.0013942515948695, 0.03675998591422293], [0.0, 0.0, 0.0, 1.0]]}, "Hobj2base": {"type": "ndarray", "data": [[0.9999965891571283, 0.002531701787306364, -0.0006419970169249844, -0.738270544930324], [0.0025330891639509766, -0.9999944383334114, 0.00216950720956236, 0.09539143360630448], [-0.0006365009010716023, -0.0021711260454010204, -0.9999974405358736, 0.006994074408723843], [0.0, 0.0, 0.0, 1.0]]}, "mean_rme": {"type": "float", "data": 0.0016643844504239623}, "max_rme": {"type": "float", "data": 0.005948723598150241}, "simu": {"type": "float", "data": 0.002}}, {"type": "dict", "image_number": {"type": "int", "data": 28}, "Hcamera2end": {"type": "ndarray", "data": [[0.9999954412965166, 0.002406555400956412, -0.001823698792865567, -0.01234779165130529], [0.0018213945665294918, 0.0009593235675349199, 0.999997881107818, 0.022078958238682885], [0.002408299818957068, -0.9999966440890663, 0.0009549359073319774, 0.036737342849751047], [0.0, 0.0, 0.0, 1.0]]}, "Hobj2base": {"type": "ndarray", "data": [[0.9999971458952807, 0.002382124356337099, -0.00018353431218724592, -0.7379972865729707], [0.002382546638909631, -0.9999944331801263, 0.002336039441487954, 0.09518175861395663], [-0.00017796855403385672, -0.002336470053245386, -0.9999972546136737, 0.006457620525446495], [0.0, 0.0, 0.0, 1.0]]}, "mean_rme": {"type": "float", "data": 0.0016578919853584672}, "max_rme": {"type": "float", "data": 0.0060205336387130215}, "simu": {"type": "float", "data": 0.002}}, {"type": "dict", "image_number": {"type": "int", "data": 29}, "Hcamera2end": {"type": "ndarray", "data": [[0.9999951829478569, 0.0025956765325926795, -0.001701923741004834, -0.012325983308783978], [0.001699808716367484, 0.0008168144986759884, 0.99999822173062, 0.021898294989588417], [0.002597062072767875, -0.9999962976318526, 0.0008123984104430049, 0.03603240821330274], [0.0, 0.0, 0.0, 1.0]]}, "Hobj2base": {"type": "ndarray", "data": [[0.999996583926354, 0.0026113747219495558, -0.00011339172778938842, -0.7372671956367194], [0.0026116432448445395, -0.9999936218429561, 0.002436307240269655, 0.0953533247838642], [-0.00010702889341699821, -0.0024365950564046, -0.9999970257702506, 0.0065886288781889625], [0.0, 0.0, 0.0, 1.0]]}, "mean_rme": {"type": "float", "data": 0.0016569452268276159}, "max_rme": {"type": "float", "data": 0.006005398810397855}, "simu": {"type": "float", "data": 0.002}}, {"type": "dict", "image_number": {"type": "int", "data": 30}, "Hcamera2end": {"type": "ndarray", "data": [[0.9999953319588655, 0.0026314422234558097, -0.0015529237917822, -0.01225006693308663], [0.0015509271757917487, 0.0007606242915474404, 0.9999985080366788, 0.022123344341631095], [0.0026326194889994816, -0.9999962484742194, 0.0007565395656661256, 0.03556637538694621], [0.0, 0.0, 0.0, 1.0]]}, "Hobj2base": {"type": "ndarray", "data": [[0.9999964311937449, 0.00267137822026171, -3.6581115656989825e-05, -0.7367336809452729], [0.0026714627813227984, -0.9999931835304745, 0.002548760325089061, 0.09531650835227869], [-2.977216348181967e-05, -0.002548848954146247, -0.9999967512360364, 0.0063772659216253524], [0.0, 0.0, 0.0, 1.0]]}, "mean_rme": {"type": "float", "data": 0.0016643184858594195}, "max_rme": {"type": "float", "data": 0.0059933912123547595}, "simu": {"type": "float", "data": 0.002}}]}