{"type": "list", "data": [{"type": "dict", "image_number": {"type": "int", "data": 5}, "Hcamera2end": {"type": "ndarray", "data": [[0.9999958267343215, -0.0003106455176115773, 0.0028722836390401582, -0.014532130231192942], [-0.002873333167692627, -0.0034325812130466815, 0.9999899806211676, 0.025297651677006247], [-0.000300783058278543, -0.9999940604251498, -0.0034334594760423442, 0.03628852543450521], [0.0, 0.0, 0.0, 1.0]]}, "Hobj2base": {"type": "ndarray", "data": [[0.999999910296831, -0.0002740083073046207, 0.0003229950116907644, -0.7371631041457087], [-0.00027430433252647777, -0.999999542105261, 0.0009168131770870195, 0.0922913681523412], [0.0003227436493662796, -0.0009169016937770632, -0.999999527563799, -0.005146590116283734], [0.0, 0.0, 0.0, 1.0]]}, "mean_rme": {"type": "float", "data": 0.0012601775546407894}, "max_rme": {"type": "float", "data": 0.0037715805926245016}, "simu": {"type": "float", "data": 0.002}}, {"type": "dict", "image_number": {"type": "int", "data": 6}, "Hcamera2end": {"type": "ndarray", "data": [[0.9999962008483315, -0.00054057210048622, 0.002702974418602815, -0.014672562038281092], [-0.002704212311467301, -0.0023024999426708437, 0.9999936928450044, 0.025670205162595158], [-0.000534345092570323, -0.9999972031339981, -0.0023039530168538214, 0.03640138445595342], [0.0, 0.0, 0.0, 1.0]]}, "Hobj2base": {"type": "ndarray", "data": [[0.9999998331539817, -0.0005672091266450325, -0.00010938837036440667, -0.7380013843739448], [-0.0005671309153786738, -0.9999995844990666, 0.0007136975686902989, 0.09195958439057945], [-0.00010979314068806216, -0.0007136354120860846, -0.9999997393349487, -0.004993635749162413], [0.0, 0.0, 0.0, 1.0]]}, "mean_rme": {"type": "float", "data": 0.0011907081924571632}, "max_rme": {"type": "float", "data": 0.0037898277843883554}, "simu": {"type": "float", "data": 0.002}}, {"type": "dict", "image_number": {"type": "int", "data": 7}, "Hcamera2end": {"type": "ndarray", "data": [[0.9999980978300974, -0.0004669811388039112, 0.001893743594834167, -0.014751646402721093], [-0.001894151280594886, -0.0008741326816339434, 0.9999978240391231, 0.026052700855660527], [-0.0004653247395043432, -0.9999995089102148, -0.0008750155518071345, 0.036528493293415364], [0.0, 0.0, 0.0, 1.0]]}, "Hobj2base": {"type": "ndarray", "data": [[0.9999992536861595, -0.0004443264786393584, -0.001138069024465633, -0.7391075434411984], [-0.0004440110125455526, -0.9999998629428921, 0.0002774318257329779, 0.09115605260561452], [-0.0011381921387913741, -0.00027692630350186685, -0.9999993139150036, -0.004653887292614353], [0.0, 0.0, 0.0, 1.0]]}, "mean_rme": {"type": "float", "data": 0.0012571710317651847}, "max_rme": {"type": "float", "data": 0.003945381151567062}, "simu": {"type": "float", "data": 0.002}}, {"type": "dict", "image_number": {"type": "int", "data": 8}, "Hcamera2end": {"type": "ndarray", "data": [[0.9999987622109099, -0.0003750826512301063, 0.0015280345719014862, -0.014838958222583958], [-0.0015287456808158817, -0.0019029643904953097, 0.9999970208271484, 0.026019432977881014], [-0.00037217373841628076, -0.9999981190179977, -0.0019035354410097405, 0.03686525379164691], [0.0, 0.0, 0.0, 1.0]]}, "Hobj2base": {"type": "ndarray", "data": [[0.9999999512718355, -0.0002964161506671525, -9.794790635686097e-05, -0.7382596029617216], [-0.00029639309947481564, -0.9999999283990781, 0.00023527211776223523, 0.09089127219586432], [-9.801763779920696e-05, -0.0002352430752143046, -0.9999999675266187, -0.004640425965020671], [0.0, 0.0, 0.0, 1.0]]}, "mean_rme": {"type": "float", "data": 0.001442484116697671}, "max_rme": {"type": "float", "data": 0.004486931313345266}, "simu": {"type": "float", "data": 0.002}}, {"type": "dict", "image_number": {"type": "int", "data": 9}, "Hcamera2end": {"type": "ndarray", "data": [[0.9999996323151303, -3.661783473498948e-05, 0.0008567547713856475, -0.014900583179446763], [-0.0008567469618648855, 0.0002127571797154726, 0.9999996103594366, 0.02632942327454449], [-3.6800101196063167e-05, -0.9999999766967578, 0.00021272572926922528, 0.0369716814523274], [0.0, 0.0, 0.0, 1.0]]}, "Hobj2base": {"type": "ndarray", "data": [[0.9999985997245322, 3.078031353716717e-05, -0.0016732009882785442, -0.739615800280943], [3.012680981517068e-05, -0.9999999232640497, -0.00039059476443710446, 0.08993716036976791], [-0.0016732128825131917, 0.00039054380928888155, -0.9999985239160019, -0.004164458996678944], [0.0, 0.0, 0.0, 1.0]]}, "mean_rme": {"type": "float", "data": 0.001607460592448177}, "max_rme": {"type": "float", "data": 0.004886334649927826}, "simu": {"type": "float", "data": 0.002}}, {"type": "dict", "image_number": {"type": "int", "data": 10}, "Hcamera2end": {"type": "ndarray", "data": [[0.9999995405956158, -9.312880185151086e-05, 0.0009540102638586298, -0.014971668297970142], [-0.0009539167913514561, 0.0009986275722564386, 0.9999990463924091, 0.02638568846304067], [-9.408141399688363e-05, -0.9999994970348729, 0.0009985382763547657, 0.03699375570304798], [0.0, 0.0, 0.0, 1.0]]}, "Hobj2base": {"type": "ndarray", "data": [[0.9999976629181067, -0.0001250926943240511, -0.0021583582053563196, -0.739979534900624], [-0.0001263832021430551, -0.9999998133397183, -0.0005977857603739308, 0.08973798528787977], [-0.0021582830238451745, 0.0005980571435210187, -0.9999974920678765, -0.003990958731781629], [0.0, 0.0, 0.0, 1.0]]}, "mean_rme": {"type": "float", "data": 0.0015897263002647235}, "max_rme": {"type": "float", "data": 0.0049393162185954465}, "simu": {"type": "float", "data": 0.002}}, {"type": "dict", "image_number": {"type": "int", "data": 11}, "Hcamera2end": {"type": "ndarray", "data": [[0.9999996785827403, -8.715300420680995e-05, 0.0007970186759891125, -0.01512703943676295], [-0.0007969332856940822, 0.0009754587328708597, 0.9999992066884847, 0.02646559318792861], [-8.793039389508295e-05, -0.9999995204421922, 0.0009753889642115654, 0.03705922309962448], [0.0, 0.0, 0.0, 1.0]]}, "Hobj2base": {"type": "ndarray", "data": [[0.9999976180815496, -6.120718796865518e-05, -0.002181761881449086, -0.7401348774850532], [-6.226928953418726e-05, -0.9999998796011527, -0.00048674450840254375, 0.08975454617413808], [-0.0021817318265048512, 0.00048687920577910915, -0.9999975014943172, -0.003929364117751855], [0.0, 0.0, 0.0, 1.0]]}, "mean_rme": {"type": "float", "data": 0.001556838463813643}, "max_rme": {"type": "float", "data": 0.005026978994523756}, "simu": {"type": "float", "data": 0.002}}, {"type": "dict", "image_number": {"type": "int", "data": 12}, "Hcamera2end": {"type": "ndarray", "data": [[0.999999843299034, 0.0005133558834053808, 0.00022331064549598064, -0.015505056176358792], [-0.00022328114206477748, -5.7528284934216245e-05, 0.9999999734180135, 0.026532645198369703], [0.0005133687164378046, -0.9999998665781077, -5.741365323141956e-05, 0.03736225620739122], [0.0, 0.0, 0.0, 1.0]]}, "Hobj2base": {"type": "ndarray", "data": [[0.9999986597319516, 0.0006146644630598473, -0.001517472206824905, -0.739811583725093], [0.0006131921385783512, -0.9999993410402888, -0.0009705227401110998, 0.08922340290924331], [-0.0015180677527107957, 0.0009695909373227447, -0.9999983776805401, -0.003807445566759595], [0.0, 0.0, 0.0, 1.0]]}, "mean_rme": {"type": "float", "data": 0.0016739879443251253}, "max_rme": {"type": "float", "data": 0.004891127748885671}, "simu": {"type": "float", "data": 0.002}}, {"type": "dict", "image_number": {"type": "int", "data": 13}, "Hcamera2end": {"type": "ndarray", "data": [[0.9999995918932498, -9.750904583170049e-05, -0.0008981677570160714, -0.015720056433633625], [0.0008981647573745914, -3.080213193928927e-05, 0.9999995961755672, 0.02673349146327957], [-9.75366719369205e-05, -0.9999999947716074, -3.0714540180110106e-05, 0.03742914586418042], [0.0, 0.0, 0.0, 1.0]]}, "Hobj2base": {"type": "ndarray", "data": [[0.9999985211645863, 3.930502676397579e-05, -0.0017193381735949754, -0.7401498670225863], [3.590479762891562e-05, -0.9999980438541205, -0.001977624529135396, 0.08852682763687914], [-0.0017194125409037383, 0.001977559872065029, -0.9999965664328387, -0.0037561253339235844], [0.0, 0.0, 0.0, 1.0]]}, "mean_rme": {"type": "float", "data": 0.0017023925865588586}, "max_rme": {"type": "float", "data": 0.0051393826321419755}, "simu": {"type": "float", "data": 0.002}}, {"type": "dict", "image_number": {"type": "int", "data": 14}, "Hcamera2end": {"type": "ndarray", "data": [[0.9999992661621339, -0.00104009331906317, 0.0006211932721919054, -0.015739689993937336], [-0.0006206445037050645, 0.0005278543241106215, 0.9999996680850513, 0.02666067095861541], [-0.0010404208733954842, -0.9999993197876188, 0.0005272084085492512, 0.03727472275930239], [0.0, 0.0, 0.0, 1.0]]}, "Hobj2base": {"type": "ndarray", "data": [[0.9999971569537258, -0.0008747796168664592, -0.0022182977905093634, -0.7404567804919263], [-0.0008763785748859766, -0.9999993568272616, -0.0007199344812540808, 0.08964579024680523], [-0.0022176665797510177, 0.0007218765031033556, -0.9999972804209301, -0.0037508119148011243], [0.0, 0.0, 0.0, 1.0]]}, "mean_rme": {"type": "float", "data": 0.0018131401373142934}, "max_rme": {"type": "float", "data": 0.0053234991905923845}, "simu": {"type": "float", "data": 0.002}}, {"type": "dict", "image_number": {"type": "int", "data": 15}, "Hcamera2end": {"type": "ndarray", "data": [[0.9999992516830897, -0.00120765310943623, 0.00019546669265039617, -0.015959216691158955], [-0.00019499188807680897, 0.00039326827726260394, 0.9999999036591083, 0.026706379570228193], [-0.001207729863939333, -0.9999991934566894, 0.00039303250041333726, 0.03731918356004642], [0.0, 0.0, 0.0, 1.0]]}, "Hobj2base": {"type": "ndarray", "data": [[0.9999969289732783, -0.0010238994202797654, -0.0022569169212350144, -0.7405390337022115], [-0.0010265932889425978, -0.9999987617016441, -0.0011927704715445878, 0.08933099897764459], [-0.0022556928495041594, 0.0011950837442796375, -0.9999967418069986, -0.003735927176063706], [0.0, 0.0, 0.0, 1.0]]}, "mean_rme": {"type": "float", "data": 0.0017824627552714412}, "max_rme": {"type": "float", "data": 0.005417716074105294}, "simu": {"type": "float", "data": 0.002}}, {"type": "dict", "image_number": {"type": "int", "data": 16}, "Hcamera2end": {"type": "ndarray", "data": [[0.9999987642592958, -0.0013634592411644478, 0.0007825974566489192, -0.015994015685796406], [-0.000782408950655213, 0.00013878359314190014, 0.9999996842876243, 0.026838115971233718], [-0.0013635674223905093, -0.999999060858565, 0.0001377166389272544, 0.037448433952137816], [0.0, 0.0, 0.0, 1.0]]}, "Hobj2base": {"type": "ndarray", "data": [[0.9999974852764815, -0.0011930458603095686, -0.0018989687434239491, -0.7404154579581641], [-0.0011941457455284612, -0.999999119865616, -0.0005781729251663931, 0.08964132598525489], [-0.0018982772852613513, 0.0005804391166671917, -0.9999980298149491, -0.0036594401731645278], [0.0, 0.0, 0.0, 1.0]]}, "mean_rme": {"type": "float", "data": 0.001793897245877798}, "max_rme": {"type": "float", "data": 0.005276136624333627}, "simu": {"type": "float", "data": 0.002}}, {"type": "dict", "image_number": {"type": "int", "data": 17}, "Hcamera2end": {"type": "ndarray", "data": [[0.9999983593073574, -0.0014991107078234684, 0.0010168823329497186, -0.01594253262509162], [-0.001016969625006183, -5.746810054274576e-05, 0.9999994812349651, 0.026890928503746764], [-0.0014990514918410993, -0.9999988746816184, -5.899255630970046e-05, 0.037524265509764], [0.0, 0.0, 0.0, 1.0]]}, "Hobj2base": {"type": "ndarray", "data": [[0.9999975389172392, -0.0013548034573120896, -0.0017568913047698012, -0.7403470542383733], [-0.0013550350769278882, -0.9999990734046611, -0.00013065129087723066, 0.08991662648804917], [-0.0017567126700219241, 0.00013303161867790367, -0.9999984481303876, -0.0036254957752544633], [0.0, 0.0, 0.0, 1.0]]}, "mean_rme": {"type": "float", "data": 0.001752509649161224}, "max_rme": {"type": "float", "data": 0.005335039959205257}, "simu": {"type": "float", "data": 0.002}}, {"type": "dict", "image_number": {"type": "int", "data": 18}, "Hcamera2end": {"type": "ndarray", "data": [[0.9999978100519454, -0.0009581775039334901, 0.0018605878598395493, -0.015923516093081437], [-0.0018603800144022299, 0.0002177630906771144, 0.9999982457811804, 0.027000571323452384], [-0.0009585809904433151, -0.9999995172374369, 0.00021598003950873412, 0.037532534215179145], [0.0, 0.0, 0.0, 1.0]]}, "Hobj2base": {"type": "ndarray", "data": [[0.9999981099532664, -0.0008334143868182508, -0.0017565620839526737, -0.7405397941646852], [-0.0008323871956848136, -0.9999994822052662, 0.0005854235702518864, 0.0902388980005968], [-0.0017570490748399067, -0.000583960323986872, -0.9999982858829755, -0.0035331488132251338], [0.0, 0.0, 0.0, 1.0]]}, "mean_rme": {"type": "float", "data": 0.001709661986805884}, "max_rme": {"type": "float", "data": 0.005519464569863075}, "simu": {"type": "float", "data": 0.002}}, {"type": "dict", "image_number": {"type": "int", "data": 19}, "Hcamera2end": {"type": "ndarray", "data": [[0.9999965045521599, -0.0020631847473671734, 0.0016535271876209354, -0.01597708875051735], [-0.0016535253717038707, 2.5859192616106697e-06, 0.9999986329226448, 0.02622892103538957], [-0.0020631862027218296, -0.9999978716287409, -8.256181036614407e-07, 0.035522780482563965], [0.0, 0.0, 0.0, 1.0]]}, "Hobj2base": {"type": "ndarray", "data": [[0.9999972054301485, -0.0019694223622974184, -0.0013078636978824288, -0.7383497131669651], [-0.0019686884760134102, -0.9999979041051459, 0.0005621841331526252, 0.09036010234980466], [-0.001308968134741194, -0.0005596077858995783, -0.9999989867202606, -0.0027153163221237545], [0.0, 0.0, 0.0, 1.0]]}, "mean_rme": {"type": "float", "data": 0.0016825098843080558}, "max_rme": {"type": "float", "data": 0.005690653419524017}, "simu": {"type": "float", "data": 0.002}}, {"type": "dict", "image_number": {"type": "int", "data": 20}, "Hcamera2end": {"type": "ndarray", "data": [[0.9999954133207383, -0.002741808925917618, 0.0012867872006191551, -0.01599039709856133], [-0.001286145902722296, 0.00023564626210703654, 0.9999991451494128, 0.025779279980095715], [-0.0027421098086746, -0.9999962134701577, 0.00023211881495710518, 0.035021252015898355], [0.0, 0.0, 0.0, 1.0]]}, "Hobj2base": {"type": "ndarray", "data": [[0.999995466603995, -0.0026867092459206183, -0.001359545838248959, -0.7378737737401156], [-0.002686286900850056, -0.9999963431332874, 0.00031238235836708014, 0.0903143136459289], [-0.0013603801471415266, -0.0003087288120377513, -0.9999990270257142, -0.002244439442035606], [0.0, 0.0, 0.0, 1.0]]}, "mean_rme": {"type": "float", "data": 0.0016164858130618353}, "max_rme": {"type": "float", "data": 0.005773439074099773}, "simu": {"type": "float", "data": 0.002}}, {"type": "dict", "image_number": {"type": "int", "data": 21}, "Hcamera2end": {"type": "ndarray", "data": [[0.9999940217146311, -0.0032724980924470617, 0.0011168219342216335, -0.015986756569792412], [-0.0011138086041982175, 0.0009224820497379937, 0.9999989542280836, 0.025204099489631655], [-0.0032735249183475333, -0.9999942198748464, 0.0009188315983444939, 0.03313383485913315], [0.0, 0.0, 0.0, 1.0]]}, "Hobj2base": {"type": "ndarray", "data": [[0.9999931844374373, -0.003217750758914281, -0.0018102924423663638, -0.7362302488292243], [-0.003217276577041945, -0.9999947894958543, 0.00026478778082515426, 0.09018949921792821], [-0.0018111350309127894, -0.00025896176467504685, -0.9999983263629515, -0.001448000104640119], [0.0, 0.0, 0.0, 1.0]]}, "mean_rme": {"type": "float", "data": 0.0016626055871198614}, "max_rme": {"type": "float", "data": 0.0068956909434541025}, "simu": {"type": "float", "data": 0.002}}, {"type": "dict", "image_number": {"type": "int", "data": 22}, "Hcamera2end": {"type": "ndarray", "data": [[0.999992988112786, -0.0035490654119374934, 0.0011949309449147641, -0.01603238613091454], [-0.0011890830936829942, 0.0016493690993807375, 0.9999979328293487, 0.02416264100814354], [-0.00355102895759007, -0.9999923418288141, 0.0016451374005109765, 0.03269144947981081], [0.0, 0.0, 0.0, 1.0]]}, "Hobj2base": {"type": "ndarray", "data": [[0.9999918674391914, -0.0034915159786821286, -0.0020185072824350594, -0.7359880127234747], [-0.0034907728351288568, -0.9999938382010765, 0.0003715708448269822, 0.09029801318815316], [-0.002019792190340985, -0.0003645216726154579, -0.9999978937795109, -0.0003103861042013479], [0.0, 0.0, 0.0, 1.0]]}, "mean_rme": {"type": "float", "data": 0.001681274136369554}, "max_rme": {"type": "float", "data": 0.00732426353420057}, "simu": {"type": "float", "data": 0.002}}, {"type": "dict", "image_number": {"type": "int", "data": 23}, "Hcamera2end": {"type": "ndarray", "data": [[0.9999922841258925, -0.003820400724401072, 0.0009144544741537242, -0.015940035419208052], [-0.0009076480059263764, 0.001782965146907678, 0.999997998603188, 0.023869986716818812], [-0.003822023518719092, -0.999991112747303, 0.001779483810673721, 0.032734378053519635], [0.0, 0.0, 0.0, 1.0]]}, "Hobj2base": {"type": "ndarray", "data": [[0.9999908095484459, -0.0037736429312749922, -0.0020348065439221496, -0.7360563950535988], [-0.0037734457042858855, -0.9999928754523844, 0.00010075707732942491, 0.09007369146790618], [-0.002035172268078679, -9.307791931417112e-05, -0.9999979247030164, -4.9415644276814984e-05], [0.0, 0.0, 0.0, 1.0]]}, "mean_rme": {"type": "float", "data": 0.0017124951444657012}, "max_rme": {"type": "float", "data": 0.007311165522095209}, "simu": {"type": "float", "data": 0.002}}, {"type": "dict", "image_number": {"type": "int", "data": 24}, "Hcamera2end": {"type": "ndarray", "data": [[0.9999925908367069, -0.003748501835927769, 0.0008757886026180542, -0.01601031840359655], [-0.0008685782022090581, 0.0019247378207322141, 0.9999977704756289, 0.023736549038901], [-0.003750179141997995, -0.9999911220197446, 0.0019214676930497943, 0.03292047397313647], [0.0, 0.0, 0.0, 1.0]]}, "Hobj2base": {"type": "ndarray", "data": [[0.9999909633491721, -0.003733712721401223, -0.0020328820203517972, -0.7362551889817409], [-0.0037336195460256484, -0.9999930287868131, 4.962722055081727e-05, 0.09010341181266772], [-0.0020330531424825483, -4.2036764041004017e-05, -0.9999979324617776, 5.9437754889493655e-05], [0.0, 0.0, 0.0, 1.0]]}, "mean_rme": {"type": "float", "data": 0.0017017180345012836}, "max_rme": {"type": "float", "data": 0.007235496751232473}, "simu": {"type": "float", "data": 0.002}}, {"type": "dict", "image_number": {"type": "int", "data": 25}, "Hcamera2end": {"type": "ndarray", "data": [[0.9999929814192232, -0.0037353251748256525, 0.0002906168120894259, -0.01617355685382621], [-0.0002839114018787338, 0.0017955391753567973, 0.9999983477153277, 0.023424746740928405], [-0.0037358408168762444, -0.999991411655574, 0.0017944660718132166, 0.031870090138169424], [0.0, 0.0, 0.0, 1.0]]}, "Hobj2base": {"type": "ndarray", "data": [[0.9999915335693462, -0.0037026421313480305, -0.0017953358666804237, -0.7351400780619606], [-0.003703689296400787, -0.9999929729462333, -0.0005802962603472966, 0.08968625575605028], [-0.0017931746213765336, 0.0005869407135421184, -0.9999982200111039, 0.00035345773908451283], [0.0, 0.0, 0.0, 1.0]]}, "mean_rme": {"type": "float", "data": 0.0016960942053115913}, "max_rme": {"type": "float", "data": 0.007889595092689605}, "simu": {"type": "float", "data": 0.002}}, {"type": "dict", "image_number": {"type": "int", "data": 26}, "Hcamera2end": {"type": "ndarray", "data": [[0.999991180170724, -0.004133401288229965, 0.0007446976252679892, -0.01611674883100038], [-0.0007359224337384082, 0.0021241103845829334, 0.9999974732834307, 0.022684971473681086], [-0.0041349726642556485, -0.9999892015161287, 0.0021210497875563394, 0.032526399481758055], [0.0, 0.0, 0.0, 1.0]]}, "Hobj2base": {"type": "ndarray", "data": [[0.9999894096089426, -0.004120961549253778, -0.0020489865465635145, -0.73596814045639], [-0.004121378043714221, -0.9999914872673132, -0.00019908773926845605, 0.0899509254716505], [-0.0020481486711703112, 0.00020753027901631514, -0.9999978810068573, 0.0011044303844772686], [0.0, 0.0, 0.0, 1.0]]}, "mean_rme": {"type": "float", "data": 0.0017537518247236004}, "max_rme": {"type": "float", "data": 0.007577403297061691}, "simu": {"type": "float", "data": 0.002}}, {"type": "dict", "image_number": {"type": "int", "data": 27}, "Hcamera2end": {"type": "ndarray", "data": [[0.9999914610647622, -0.00412117188690975, 0.0003061696272871992, -0.01619097909317228], [-0.0002977497010237646, 0.002043548799060768, 0.9999978676244372, 0.02282009400248243], [-0.00412178877159768, -0.9999894198693227, 0.0020423042716327666, 0.03213730566801213], [0.0, 0.0, 0.0, 1.0]]}, "Hobj2base": {"type": "ndarray", "data": [[0.9999898832280567, -0.004090430959724468, -0.0018713140039102374, -0.7354862364690905], [-0.004091598495314901, -0.999991436857979, -0.0006205098451581269, 0.08961558732798457], [-0.001868759826901207, 0.0006281602331641956, -0.9999980565738269, 0.0009332971886639894], [0.0, 0.0, 0.0, 1.0]]}, "mean_rme": {"type": "float", "data": 0.0017519374211993355}, "max_rme": {"type": "float", "data": 0.007790062845073109}, "simu": {"type": "float", "data": 0.002}}, {"type": "dict", "image_number": {"type": "int", "data": 28}, "Hcamera2end": {"type": "ndarray", "data": [[0.9999927934987334, -0.0037404783799512174, 0.0006494398268584991, -0.016137508087795738], [-0.0006417587067084375, 0.0020543470744571746, 0.9999976838992477, 0.02283015464452695], [-0.0037418038914347708, -0.9999908941983355, 0.002051931785234773, 0.032367606968272455], [0.0, 0.0, 0.0, 1.0]]}, "Hobj2base": {"type": "ndarray", "data": [[0.9999912456975585, -0.0037118773204579698, -0.0019314489387883, -0.7357771440576578], [-0.0037125766856403886, -0.9999930440537141, -0.0003586342712079408, 0.08957785318145396], [-0.0019301042973155914, 0.00036580178391471506, -0.9999980704413669, 0.0009224444056125718], [0.0, 0.0, 0.0, 1.0]]}, "mean_rme": {"type": "float", "data": 0.0017943840816111608}, "max_rme": {"type": "float", "data": 0.007679311747562867}, "simu": {"type": "float", "data": 0.002}}, {"type": "dict", "image_number": {"type": "int", "data": 29}, "Hcamera2end": {"type": "ndarray", "data": [[0.999992420392199, -0.0038313190067293386, 0.0006929306026836795, -0.01610773178676877], [-0.000684777676386849, 0.0021288710100468844, 0.999997499490752, 0.02241002626848909], [-0.0038327845863527577, -0.999990394405312, 0.0021262312723127064, 0.032105985331657275], [0.0, 0.0, 0.0, 1.0]]}, "Hobj2base": {"type": "ndarray", "data": [[0.99999077238815, -0.003821926368521765, -0.001961636404839475, -0.7355751449533625], [-0.0038223716373143634, -0.9999926697815467, -0.00022328958867974563, 0.08967281492527844], [-0.00196076862924931, 0.00023078563160667284, -0.9999980510602882, 0.0013688739793391081], [0.0, 0.0, 0.0, 1.0]]}, "mean_rme": {"type": "float", "data": 0.001796639176366994}, "max_rme": {"type": "float", "data": 0.007859745942776719}, "simu": {"type": "float", "data": 0.002}}, {"type": "dict", "image_number": {"type": "int", "data": 30}, "Hcamera2end": {"type": "ndarray", "data": [[0.9999915782876423, -0.003984127314785268, 0.0009849280835406505, -0.01606993069308257], [-0.0009765463790301326, 0.0021051728329315456, 0.9999973072986315, 0.022327016553205736], [-0.003986190030564055, -0.9999898474369044, 0.002101264418668647, 0.03159183554518124], [0.0, 0.0, 0.0, 1.0]]}, "Hobj2base": {"type": "ndarray", "data": [[0.9999903363187898, -0.004018861412706602, -0.0017821397193391428, -0.7349821780389945], [-0.0040186435918304775, -0.9999919173078122, 0.0001257884241708514, 0.08991208158405126], [-0.0017826308410964211, -0.00011862542422875146, -0.9999984040763732, 0.0014739181320600739], [0.0, 0.0, 0.0, 1.0]]}, "mean_rme": {"type": "float", "data": 0.001785520616133156}, "max_rme": {"type": "float", "data": 0.008157939746040399}, "simu": {"type": "float", "data": 0.002}}]}