{"type": "list", "data": [{"type": "dict", "image_number": {"type": "int", "data": 5}, "Hcamera2end": {"type": "ndarray", "data": [[0.9999455467007355, -0.005088013991336468, -0.009111297766566252, -0.010987085224732136], [0.009117561530593999, 0.0012092465288155996, 0.9999577030027659, 0.0317454089056119], [-0.005076780978425528, -0.9999863248247228, 0.0012555709619870292, 0.03913408443935937], [0.0, 0.0, 0.0, 1.0]]}, "Hobj2base": {"type": "ndarray", "data": [[0.9999878547171562, -0.004905923395578951, 0.0004715228692762178, -0.7405634109255695], [-0.004904009586069154, -0.9999800641821457, -0.003977678751710033, 0.093764206060579], [0.0004910276563302932, 0.00397531808900555, -0.9999919778367885, -0.0077938207021291065], [0.0, 0.0, 0.0, 1.0]]}, "mean_rme": {"type": "float", "data": 0.002214637627611948}, "max_rme": {"type": "float", "data": 0.006011060054249451}, "simu": {"type": "float", "data": 0.002}}, {"type": "dict", "image_number": {"type": "int", "data": 6}, "Hcamera2end": {"type": "ndarray", "data": [[0.9999581188772174, -0.00480027543889694, -0.007792165761038961, -0.010745276006677315], [0.0077995525929440085, 0.0015220414031789087, 0.9999684246861583, 0.030892563163109708], [-0.004788263869784695, -0.9999873202924515, 0.0015594176591223752, 0.03903886832282082], [0.0, 0.0, 0.0, 1.0]]}, "Hobj2base": {"type": "ndarray", "data": [[0.9999888922638592, -0.004705941930964492, 0.0002635515927224694, -0.740366423580871], [-0.004705075709819065, -0.9999838232337253, -0.0031961748115956748, 0.09510460434254135], [0.0002785883423745333, 0.003194899279132005, -0.999994857490343, -0.0069631877673252685], [0.0, 0.0, 0.0, 1.0]]}, "mean_rme": {"type": "float", "data": 0.002221588982863561}, "max_rme": {"type": "float", "data": 0.005672330966726452}, "simu": {"type": "float", "data": 0.002}}, {"type": "dict", "image_number": {"type": "int", "data": 7}, "Hcamera2end": {"type": "ndarray", "data": [[0.9999611788033987, -0.0049003473487695065, -0.00732307872269081, -0.010577933721229362], [0.0073347554571926805, 0.0023691240749456055, 0.9999702938655233, 0.03062949242291378], [-0.004882852496287532, -0.9999851868137744, 0.0024049749521726227, 0.038941628689116436], [0.0, 0.0, 0.0, 1.0]]}, "Hobj2base": {"type": "ndarray", "data": [[0.9999889344339528, -0.00469909148528421, -0.00022259573372189712, -0.740806459231085], [-0.004699735223748829, -0.9999844993495461, -0.0029855568098768547, 0.09559995426653843], [-0.00020856287875911146, 0.002986569914011216, -0.9999955184407954, -0.006701966883523655], [0.0, 0.0, 0.0, 1.0]]}, "mean_rme": {"type": "float", "data": 0.002086508547608783}, "max_rme": {"type": "float", "data": 0.0057440259263553395}, "simu": {"type": "float", "data": 0.002}}, {"type": "dict", "image_number": {"type": "int", "data": 8}, "Hcamera2end": {"type": "ndarray", "data": [[0.9999614601831615, -0.004527424580884217, -0.0075220060505230306, -0.010451831812030146], [0.007531375415269597, 0.0020559897852463482, 0.999969525180821, 0.030607154538362852], [-0.004511821440834334, -0.9999876375899189, 0.002090008281959599, 0.039041829888004274], [0.0, 0.0, 0.0, 1.0]]}, "Hobj2base": {"type": "ndarray", "data": [[0.9999901219839874, -0.004443852913288569, -9.003185532754396e-05, -0.740572399996184], [-0.004444119323491594, -0.999984960536717, -0.0032137989698944893, 0.09524821116327525], [-7.574885138167204e-05, 0.003214167336244794, -0.9999948316818672, -0.006819779684247691], [0.0, 0.0, 0.0, 1.0]]}, "mean_rme": {"type": "float", "data": 0.0019949783427506917}, "max_rme": {"type": "float", "data": 0.005395692280501602}, "simu": {"type": "float", "data": 0.002}}, {"type": "dict", "image_number": {"type": "int", "data": 9}, "Hcamera2end": {"type": "ndarray", "data": [[0.9999615636670838, -0.0042979493706393115, -0.0076419120439960115, -0.010375700719901045], [0.007652545881948514, 0.002463186236149384, 0.9999676851054192, 0.030743646138400884], [-0.00427898703029385, -0.9999877300971115, 0.0024959818150603885, 0.038835460631086546], [0.0, 0.0, 0.0, 1.0]]}, "Hobj2base": {"type": "ndarray", "data": [[0.9999915282395737, -0.004067178455943351, -0.000633646975356166, -0.7410282124652527], [-0.004069310465958966, -0.9999859385042356, -0.003400515568888345, 0.09494742566583336], [-0.0006198075616710234, 0.0034030652668036593, -0.9999940174747928, -0.006915512720768359], [0.0, 0.0, 0.0, 1.0]]}, "mean_rme": {"type": "float", "data": 0.002003593466393356}, "max_rme": {"type": "float", "data": 0.00576794488575344}, "simu": {"type": "float", "data": 0.002}}, {"type": "dict", "image_number": {"type": "int", "data": 10}, "Hcamera2end": {"type": "ndarray", "data": [[0.9999639794740669, -0.00453327869633478, -0.00717559326113319, -0.010544253194679224], [0.007183749928675607, 0.0017855728645377322, 0.9999726023579385, 0.030379220367910978], [-0.0045203419505736525, -0.9999881304864608, 0.0018180744877756005, 0.038804265333084294], [0.0, 0.0, 0.0, 1.0]]}, "Hobj2base": {"type": "ndarray", "data": [[0.9999896638060081, -0.004508780877609561, -0.0005858123800168692, -0.7404744234162918], [-0.004510482573986262, -0.9999855154262325, -0.0029367472961088228, 0.09550460734935455], [-0.0005725627447231702, 0.0029393592378507568, -0.9999955161595344, -0.006416052695893926], [0.0, 0.0, 0.0, 1.0]]}, "mean_rme": {"type": "float", "data": 0.0021151497328515717}, "max_rme": {"type": "float", "data": 0.005507180776424342}, "simu": {"type": "float", "data": 0.002}}, {"type": "dict", "image_number": {"type": "int", "data": 11}, "Hcamera2end": {"type": "ndarray", "data": [[0.9999640547225938, -0.004803081257914805, -0.006987107640454215, -0.010813328854000472], [0.006996314007188427, 0.0019026401837438645, 0.9999737154298828, 0.030289719973828805], [-0.00478966105922383, -0.9999866550963373, 0.0019361756574970412, 0.0386923942739661], [0.0, 0.0, 0.0, 1.0]]}, "Hobj2base": {"type": "ndarray", "data": [[0.9999885533119628, -0.0047118037208850405, -0.0008319559746194837, -0.7407175304048077], [-0.0047142877287400025, -0.99998435918738, -0.0030094637090131828, 0.09565444866429282], [-0.0008177629598499798, 0.003013351340462947, -0.9999951254768398, -0.006142546686004765], [0.0, 0.0, 0.0, 1.0]]}, "mean_rme": {"type": "float", "data": 0.0022063317291139495}, "max_rme": {"type": "float", "data": 0.005782353529996703}, "simu": {"type": "float", "data": 0.002}}, {"type": "dict", "image_number": {"type": "int", "data": 12}, "Hcamera2end": {"type": "ndarray", "data": [[0.9999679555195273, -0.00448779704015601, -0.00662929949714919, -0.010863582559694513], [0.006638092603583971, 0.0019472851698851823, 0.9999760716172427, 0.03011932397813604], [-0.004474780517833173, -0.9999880338075017, 0.0019770131824822235, 0.03876260221908951], [0.0, 0.0, 0.0, 1.0]]}, "Hobj2base": {"type": "ndarray", "data": [[0.9999898932701425, -0.004420112568040971, -0.000822169358895073, -0.7406815373092579], [-0.004422551191530274, -0.9999857554514084, -0.00298829972292659, 0.0957679239557252], [-0.0008089490263013087, 0.0029919056070663785, -0.9999951970396215, -0.005953229317157878], [0.0, 0.0, 0.0, 1.0]]}, "mean_rme": {"type": "float", "data": 0.0020954447427325162}, "max_rme": {"type": "float", "data": 0.005785228530814618}, "simu": {"type": "float", "data": 0.002}}, {"type": "dict", "image_number": {"type": "int", "data": 13}, "Hcamera2end": {"type": "ndarray", "data": [[0.9999694278497627, -0.003707240702502194, -0.006884746341875945, -0.011024740790984457], [0.006892788338905375, 0.002160877975766695, 0.9999739096972925, 0.03000197236570478], [-0.0036922668827311556, -0.9999907934439934, 0.0021863651385642946, 0.03896555938918072], [0.0, 0.0, 0.0, 1.0]]}, "Hobj2base": {"type": "ndarray", "data": [[0.9999929643933075, -0.003681472220202674, -0.0007196708810702395, -0.7407221007983144], [-0.0036839813689570626, -0.9999870299192131, -0.003516855786578945, 0.09537179921032919], [-0.0007067143400000227, 0.00351948229748248, -0.9999935568788425, -0.005926053354701144], [0.0, 0.0, 0.0, 1.0]]}, "mean_rme": {"type": "float", "data": 0.002043795991881898}, "max_rme": {"type": "float", "data": 0.005790916823933595}, "simu": {"type": "float", "data": 0.002}}, {"type": "dict", "image_number": {"type": "int", "data": 14}, "Hcamera2end": {"type": "ndarray", "data": [[0.999975090467194, -0.0035176437446455943, -0.006119201550271407, -0.010942320203169254], [0.0061273123513321, 0.002299614156577201, 0.9999785836797106, 0.029902533329286482], [-0.0035034966071485424, -0.9999911689396144, 0.002321110576227081, 0.03896849268032194], [0.0, 0.0, 0.0, 1.0]]}, "Hobj2base": {"type": "ndarray", "data": [[0.9999935661912409, -0.0034860201596708922, -0.0008457183755224518, -0.7407809702252395], [-0.003488582562318746, -0.9999892710941141, -0.003047538083141148, 0.09576452874969878], [-0.0008350855226944001, 0.003050468834241415, -0.9999949986235235, -0.005716555015194255], [0.0, 0.0, 0.0, 1.0]]}, "mean_rme": {"type": "float", "data": 0.0019507104401573889}, "max_rme": {"type": "float", "data": 0.005731733026100555}, "simu": {"type": "float", "data": 0.002}}, {"type": "dict", "image_number": {"type": "int", "data": 15}, "Hcamera2end": {"type": "ndarray", "data": [[0.9999793848221996, -0.003293162516068789, -0.005512260086207552, -0.01092594876260988], [0.00552022348165406, 0.0024139847244271095, 0.9999818497405156, 0.029791716010666137], [-0.0032797962326694225, -0.9999916638444509, 0.002432113952753001, 0.038972696348873695], [0.0, 0.0, 0.0, 1.0]]}, "Hobj2base": {"type": "ndarray", "data": [[0.9999943541435562, -0.0032246304542247416, -0.0009452192579314094, -0.7408577830274743], [-0.0032271629310657826, -0.999991174403831, -0.0026900806424094577, 0.09609297511623342], [-0.0009365363998441141, 0.0026931158311512544, -0.9999959350050835, -0.005502789440124478], [0.0, 0.0, 0.0, 1.0]]}, "mean_rme": {"type": "float", "data": 0.0018656322427780488}, "max_rme": {"type": "float", "data": 0.0057675574252329664}, "simu": {"type": "float", "data": 0.002}}, {"type": "dict", "image_number": {"type": "int", "data": 16}, "Hcamera2end": {"type": "ndarray", "data": [[0.9999872806721218, -0.002632691828121691, -0.004302026000974707, -0.010825093261423389], [0.004309410932780066, 0.002805873657979685, 0.9999867779378023, 0.02968915636971196], [-0.002620586077074514, -0.9999925979759817, 0.0028171833200993923, 0.03904294869459192], [0.0, 0.0, 0.0, 1.0]]}, "Hobj2base": {"type": "ndarray", "data": [[0.9999963189841239, -0.0024996947354130757, -0.0010552461476261992, -0.7410613629257193], [-0.002501539973817618, -0.9999953382251152, -0.0017509499698033727, 0.09659411270251805], [-0.0010508643878847216, 0.0017535832649492394, -0.9999979103127021, -0.005181814059448862], [0.0, 0.0, 0.0, 1.0]]}, "mean_rme": {"type": "float", "data": 0.0018285965882730566}, "max_rme": {"type": "float", "data": 0.005675034314516131}, "simu": {"type": "float", "data": 0.002}}, {"type": "dict", "image_number": {"type": "int", "data": 17}, "Hcamera2end": {"type": "ndarray", "data": [[0.9999882525555781, -0.002154033378135415, -0.004342221902111669, -0.010807647915119074], [0.004349718216594764, 0.003487738221352954, 0.9999844576959862, 0.029783038212370126], [-0.0021388553662002045, -0.9999915978758549, 0.0034970666875659973, 0.03893737096635957], [0.0, 0.0, 0.0, 1.0]]}, "Hobj2base": {"type": "ndarray", "data": [[0.9999975176291672, -0.0017658019697077967, -0.001358925644464829, -0.7416500357147984], [-0.0017682071077754422, -0.9999968689914094, -0.0017707204752756068, 0.09635936182115691], [-0.0013557946479539186, 0.0017731189416742268, -0.9999975089319426, -0.005220575886399246], [0.0, 0.0, 0.0, 1.0]]}, "mean_rme": {"type": "float", "data": 0.001876022473084061}, "max_rme": {"type": "float", "data": 0.0056274601121460155}, "simu": {"type": "float", "data": 0.002}}, {"type": "dict", "image_number": {"type": "int", "data": 18}, "Hcamera2end": {"type": "ndarray", "data": [[0.9999900650893647, -0.00133861597728691, -0.004251803127304119, -0.010850297701404776], [0.0042576365226199946, 0.004385515380154192, 0.9999813197185693, 0.02987570064751684], [-0.0013199446235555475, -0.9999894876258028, 0.004391171150725404, 0.03883917254040498], [0.0, 0.0, 0.0, 1.0]]}, "Hobj2base": {"type": "ndarray", "data": [[0.9999983755872809, -0.0006297076177847386, -0.001688872735171263, -0.7424006174473353], [-0.0006322500384842105, -0.9999986671892391, -0.0015052839048284325, 0.09617094499233453], [-0.0016879225954817088, 0.0015063492494779187, -0.9999974409113506, -0.005151755862390577], [0.0, 0.0, 0.0, 1.0]]}, "mean_rme": {"type": "float", "data": 0.0018929449552103144}, "max_rme": {"type": "float", "data": 0.005894451044210658}, "simu": {"type": "float", "data": 0.002}}, {"type": "dict", "image_number": {"type": "int", "data": 19}, "Hcamera2end": {"type": "ndarray", "data": [[0.9999918187735659, -0.001155423548461196, -0.0038765167817680687, -0.010923517233366806], [0.0038815797224634064, 0.004412341924038388, 0.9999827321397123, 0.029970552879037212], [-0.0011382990792533538, -0.9999895980634845, 0.0044167906942865764, 0.038880666341115915], [0.0, 0.0, 0.0, 1.0]]}, "Hobj2base": {"type": "ndarray", "data": [[0.9999985681257183, -0.0003870393475621914, -0.001647406160196803, -0.7425408905621379], [-0.00038851663150198557, -0.9999995226642315, -0.0008965077442525203, 0.09621524459792025], [-0.001647058390058498, 0.0008971465052582133, -0.9999982411618569, -0.005027592092541252], [0.0, 0.0, 0.0, 1.0]]}, "mean_rme": {"type": "float", "data": 0.0018691137949844695}, "max_rme": {"type": "float", "data": 0.006020932884461316}, "simu": {"type": "float", "data": 0.002}}, {"type": "dict", "image_number": {"type": "int", "data": 20}, "Hcamera2end": {"type": "ndarray", "data": [[0.9999927325404913, -0.0007363383678974402, -0.0037406780146794247, -0.011051796449393143], [0.0037436524829024273, 0.004080483122344991, 0.9999846672442411, 0.029500821393435243], [-0.0007210633042960628, -0.9999914036946999, 0.004083210062558296, 0.0368773246875002], [0.0, 0.0, 0.0, 1.0]]}, "Hobj2base": {"type": "ndarray", "data": [[0.9999992901530391, -0.00016401257350640814, -0.0011801666380331542, -0.7404711920161511], [-0.00016497534814478965, -0.999999653672039, -0.0008157444061260737, 0.09581012353519307], [-0.0011800324369690767, 0.0008159385254743645, -0.9999989708833554, -0.004616396733611647], [0.0, 0.0, 0.0, 1.0]]}, "mean_rme": {"type": "float", "data": 0.001863688449052906}, "max_rme": {"type": "float", "data": 0.005881134303831248}, "simu": {"type": "float", "data": 0.002}}, {"type": "dict", "image_number": {"type": "int", "data": 21}, "Hcamera2end": {"type": "ndarray", "data": [[0.9999936254170789, -0.0004135620272888317, -0.0035465605389500498, -0.011147955171062322], [0.003547969976607425, 0.003458623692009777, 0.9999877248402612, 0.029233819083422465], [-0.0004012907324437262, -0.9999939334259015, 0.0034600689503825333, 0.03484613419128522], [0.0, 0.0, 0.0, 1.0]]}, "Hobj2base": {"type": "ndarray", "data": [[0.9999998883191972, -0.0001999415612424006, -0.0004282347082702384, -0.7381542030600846], [-0.00020023234803008194, -0.9999997493645161, -0.0006791008117877535, 0.095536429444128], [-0.0004280988204628751, 0.0006791864823863746, -0.9999996777185096, -0.004440341331479689], [0.0, 0.0, 0.0, 1.0]]}, "mean_rme": {"type": "float", "data": 0.0018806982238297593}, "max_rme": {"type": "float", "data": 0.005749828871358331}, "simu": {"type": "float", "data": 0.002}}, {"type": "dict", "image_number": {"type": "int", "data": 22}, "Hcamera2end": {"type": "ndarray", "data": [[0.9999935566947841, -0.0003357608359886512, -0.0035740500243769714, -0.011056341112732387], [0.0035750950552614386, 0.0031651670061255688, 0.9999886001416062, 0.029110398752610532], [-0.00032444454314726665, -0.9999949344784124, 0.003166346988892954, 0.03625485532119226], [0.0, 0.0, 0.0, 1.0]]}, "Hobj2base": {"type": "ndarray", "data": [[0.9999999512726466, -0.00021026382762850967, -0.000230746239753637, -0.7394852424550027], [-0.00021042694819327457, -0.9999997278439561, -0.0007071297714857441, 0.09557133908758754], [-0.0002305974931422705, 0.0007071782922562202, -0.9999997233617914, -0.00442445813533057], [0.0, 0.0, 0.0, 1.0]]}, "mean_rme": {"type": "float", "data": 0.001867800589628442}, "max_rme": {"type": "float", "data": 0.005878603608755695}, "simu": {"type": "float", "data": 0.002}}, {"type": "dict", "image_number": {"type": "int", "data": 23}, "Hcamera2end": {"type": "ndarray", "data": [[0.9999921364439474, -0.00025325964849094197, -0.0039576394252470535, -0.011048796418544456], [0.0039584903763131354, 0.0034526633938830598, 0.9999862046395583, 0.02867780861581473], [-0.0002395917579130673, -0.999994007469564, 0.003453638769552181, 0.035414629970962265], [0.0, 0.0, 0.0, 1.0]]}, "Hobj2base": {"type": "ndarray", "data": [[0.9999997726716374, 9.462743941455994e-05, -0.000667609407611451, -0.7389777524779363], [9.39090684762587e-05, -0.9999994167195059, -0.0010759840768668671, 0.09506466315525082], [-0.0006677108358259511, 0.0010759211376875938, -0.9999991982776506, -0.004073614140901188], [0.0, 0.0, 0.0, 1.0]]}, "mean_rme": {"type": "float", "data": 0.0019084455043569938}, "max_rme": {"type": "float", "data": 0.005857052307331412}, "simu": {"type": "float", "data": 0.002}}, {"type": "dict", "image_number": {"type": "int", "data": 24}, "Hcamera2end": {"type": "ndarray", "data": [[0.9999919588927716, 1.1346105849492551e-05, -0.004010239526932774, -0.01107007056371833], [0.00401017997590058, 0.0033111221211789, 0.9999864773719992, 0.029236736717474364], [2.462434522917771e-05, -0.9999945181557571, 0.0033110499961643836, 0.03509903984136146], [0.0, 0.0, 0.0, 1.0]]}, "Hobj2base": {"type": "ndarray", "data": [[0.9999997446401534, 0.0003589227968564117, -0.0006179757712226928, -0.7386516148306298], [0.00035819820071018025, -0.9999992487695182, -0.0011722433397191331, 0.09524495159003792], [-0.0006183960518385449, 0.0011720216825659195, -0.9999991219753634, -0.004585138909933145], [0.0, 0.0, 0.0, 1.0]]}, "mean_rme": {"type": "float", "data": 0.001858412514668778}, "max_rme": {"type": "float", "data": 0.0061076936248462}, "simu": {"type": "float", "data": 0.002}}, {"type": "dict", "image_number": {"type": "int", "data": 25}, "Hcamera2end": {"type": "ndarray", "data": [[0.9999918642984368, 9.542156184230363e-05, -0.004032645739752796, -0.011125838669807304], [0.004032318262092265, 0.003213864868633398, 0.9999867056526498, 0.029774378522832948], [0.00010838067174555148, -0.9999948309703063, 0.0032134539514816485, 0.034853994032803766], [0.0, 0.0, 0.0, 1.0]]}, "Hobj2base": {"type": "ndarray", "data": [[0.9999997516543138, 0.00042608958428373277, -0.0005613724048286107, -0.7383367347133785], [0.0004254250710527843, -0.999999209385825, -0.0011833178924552806, 0.09549916335836457], [-0.0005618761604285015, 0.0011830787766881755, -0.9999991423095267, -0.005029863926869152], [0.0, 0.0, 0.0, 1.0]]}, "mean_rme": {"type": "float", "data": 0.0018620554234911558}, "max_rme": {"type": "float", "data": 0.0062637995217608156}, "simu": {"type": "float", "data": 0.002}}, {"type": "dict", "image_number": {"type": "int", "data": 26}, "Hcamera2end": {"type": "ndarray", "data": [[0.9999921107260312, 0.0003254127463956707, -0.003958862493374312, -0.01113253962230432], [0.003957785755937863, 0.003245435713732925, 0.9999869014536831, 0.030294857455941557], [0.00033825671768349477, -0.9999946806126383, 0.0032441221956689414, 0.034942773444740914], [0.0, 0.0, 0.0, 1.0]]}, "Hobj2base": {"type": "ndarray", "data": [[0.9999996447311612, 0.0006682164331590913, -0.0005138329978831481, -0.7384189054864213], [0.0006676466604606468, -0.9999991630249565, -0.0011082406431003166, 0.0957513006649652], [-0.0005145731124273667, 0.001107897190491879, -0.9999992538888853, -0.005458524339228223], [0.0, 0.0, 0.0, 1.0]]}, "mean_rme": {"type": "float", "data": 0.0018313789226299196}, "max_rme": {"type": "float", "data": 0.006429001208779983}, "simu": {"type": "float", "data": 0.002}}, {"type": "dict", "image_number": {"type": "int", "data": 27}, "Hcamera2end": {"type": "ndarray", "data": [[0.9999917705859405, 0.0005834026385974941, -0.004014772939669645, -0.011196639289805655], [0.004012956178635741, 0.0030825771547398073, 0.9999871968684367, 0.029892014093937738], [0.0005957710165620516, -0.9999950786676136, 0.0030802106177127975, 0.03506715651138146], [0.0, 0.0, 0.0, 1.0]]}, "Hobj2base": {"type": "ndarray", "data": [[0.9999996110711864, 0.0008353582901449834, -0.0002829028156107746, -0.738539801346901], [0.0008350060889737549, -0.9999988791147894, -0.0012427928214278343, 0.09555137228346994], [-0.00028394067579550484, 0.001242556112496274, -0.9999991877156704, -0.005154210732753862], [0.0, 0.0, 0.0, 1.0]]}, "mean_rme": {"type": "float", "data": 0.0018256464093685538}, "max_rme": {"type": "float", "data": 0.006394311835116795}, "simu": {"type": "float", "data": 0.002}}, {"type": "dict", "image_number": {"type": "int", "data": 28}, "Hcamera2end": {"type": "ndarray", "data": [[0.9999923800380892, 0.0010545465744059772, -0.0037586962207751175, -0.011197610677625073], [0.003755326540208706, 0.003179371255729757, 0.9999878944872256, 0.030154737253023478], [0.001066484099302302, -0.9999943897492329, 0.00317538686230312, 0.0354318075779956], [0.0, 0.0, 0.0, 1.0]]}, "Hobj2base": {"type": "ndarray", "data": [[0.9999991393770922, 0.0013013228536951698, -0.0001667450310456571, -0.738970207203186], [0.001301151776875271, -0.9999986312467748, -0.0010220120503880827, 0.09573579860790622], [-0.0001680747704507799, 0.0010217942102276698, -0.9999994638435883, -0.00533417865921997], [0.0, 0.0, 0.0, 1.0]]}, "mean_rme": {"type": "float", "data": 0.0017888482601104744}, "max_rme": {"type": "float", "data": 0.006531433551939525}, "simu": {"type": "float", "data": 0.002}}, {"type": "dict", "image_number": {"type": "int", "data": 29}, "Hcamera2end": {"type": "ndarray", "data": [[0.9999910521936546, 0.0013840290581552128, -0.003997498742187716, -0.011205449387165082], [0.003993311314763091, 0.0030151924446806255, 0.9999874809612694, 0.03010521350379495], [0.0013960649594468946, -0.9999944965238998, 0.0030096386064246694, 0.03495794403188351], [0.0, 0.0, 0.0, 1.0]]}, "Hobj2base": {"type": "ndarray", "data": [[0.9999987418468202, 0.0015828827041333004, 0.00010386106849447439, -0.738484920958965], [0.0015830192998805474, -0.999997864504167, -0.0013285469512318822, 0.09549241721707222], [0.00010175791270886145, 0.001328709693792244, -0.999999112087544, -0.005422398230882974], [0.0, 0.0, 0.0, 1.0]]}, "mean_rme": {"type": "float", "data": 0.001788961876884752}, "max_rme": {"type": "float", "data": 0.00657850660927195}, "simu": {"type": "float", "data": 0.002}}, {"type": "dict", "image_number": {"type": "int", "data": 30}, "Hcamera2end": {"type": "ndarray", "data": [[0.9999898779768944, 0.0018347019920893037, -0.00410826147610833, -0.011264145281569486], [0.004102803077082877, 0.002969006979159472, 0.9999871759200055, 0.030113205955962986], [0.0018468759207189683, -0.9999939094145313, 0.0029614495058235546, 0.03497372226084046], [0.0, 0.0, 0.0, 1.0]]}, "Hobj2base": {"type": "ndarray", "data": [[0.9999979545721602, 0.001989704516335695, 0.0003632181624648382, -0.7385162610507884], [0.001990249146636376, -0.9999968864766497, -0.0015053057298377373, 0.09541712137010834], [0.00036022191796748407, 0.0015060255454813786, -0.9999988010628942, -0.005499308086310865], [0.0, 0.0, 0.0, 1.0]]}, "mean_rme": {"type": "float", "data": 0.0017562598524512296}, "max_rme": {"type": "float", "data": 0.006636321877761087}, "simu": {"type": "float", "data": 0.002}}]}