{"type": "list", "data": [{"type": "dict", "image_number": {"type": "int", "data": 5}, "Hcamera2end": {"type": "ndarray", "data": [[0.9999961929283221, 0.0027277167778186366, -0.00041676137287944203, -0.011331310901610464], [0.00042181418687029415, -0.0018520837730560125, 0.9999981959276171, 0.0317362015329703], [0.002726939979844183, -0.9999945646586671, -0.001853227311674921, 0.03287793211964566], [0.0, 0.0, 0.0, 1.0]]}, "Hobj2base": {"type": "ndarray", "data": [[0.9999899399298274, 0.0030123935998216406, 0.003323480696466438, -0.7341341827591419], [0.0030077135882979203, -0.9999944795662703, 0.00141226624822298, 0.09239304953970122], [0.0033277166512188905, -0.0014022559626742127, -0.9999934799687971, 0.005074579889369146], [0.0, 0.0, 0.0, 1.0]]}, "mean_rme": {"type": "float", "data": 0.0019721469601440573}, "max_rme": {"type": "float", "data": 0.004390053226785873}, "simu": {"type": "float", "data": 0.002}}, {"type": "dict", "image_number": {"type": "int", "data": 6}, "Hcamera2end": {"type": "ndarray", "data": [[0.9999958600987084, 0.0028691320229224035, -0.00021878500734333383, -0.011822809728373825], [0.0002249649851456014, -0.002153807986737144, 0.999997655248207, 0.03205478888051986], [0.002868654074623754, -0.9999935645755884, -0.002154444524427701, 0.033068218961712116], [0.0, 0.0, 0.0, 1.0]]}, "Hobj2base": {"type": "ndarray", "data": [[0.9999899735062766, 0.003059760176597843, 0.0032696719373489923, -0.734381509527549], [0.0030551962862901067, -0.9999943529986046, 0.0013999094807809114, 0.09203367583369154], [0.0032739368607871346, -0.0013899059550369134, -0.9999936747294293, 0.005359964930460935], [0.0, 0.0, 0.0, 1.0]]}, "mean_rme": {"type": "float", "data": 0.0019014477143052093}, "max_rme": {"type": "float", "data": 0.004613308262673033}, "simu": {"type": "float", "data": 0.002}}, {"type": "dict", "image_number": {"type": "int", "data": 7}, "Hcamera2end": {"type": "ndarray", "data": [[0.9999953884576942, 0.0030252328562068776, -0.0002665136224986218, -0.01178199088135937], [0.0002741456532808031, -0.0025226569148455447, 0.9999967805179428, 0.03204674793647642], [0.0030245507940912814, -0.999992242054035, -0.0025234746359441562, 0.033200806706324484], [0.0, 0.0, 0.0, 1.0]]}, "Hobj2base": {"type": "ndarray", "data": [[0.9999896546254028, 0.0030972431886936947, 0.0033313250813732467, -0.7341410718503901], [0.003092501510186507, -0.9999941992200043, 0.0014275716272826916, 0.0920030044968603], [0.0033357272935883304, -0.0014172547306743738, -0.9999934321346569, 0.005384216585143716], [0.0, 0.0, 0.0, 1.0]]}, "mean_rme": {"type": "float", "data": 0.0017235661710170713}, "max_rme": {"type": "float", "data": 0.0044477778553471126}, "simu": {"type": "float", "data": 0.002}}, {"type": "dict", "image_number": {"type": "int", "data": 8}, "Hcamera2end": {"type": "ndarray", "data": [[0.9999956846784139, 0.002937726774998329, -1.9645496181670613e-05, -0.01150443449880002], [2.8874601688983273e-05, -0.003141571209551941, 0.9999950648361186, 0.031723844057586326], [0.0029376505591100534, -0.9999907501030852, -0.0031416424783523578, 0.03314625484552737], [0.0, 0.0, 0.0, 1.0]]}, "Hobj2base": {"type": "ndarray", "data": [[0.9999879423660113, 0.002997929780009331, 0.003889413789391182, -0.7335194686409391], [0.0029920121448189156, -0.9999943589676052, 0.0015263997816162063, 0.09257634858134423], [0.003893967888443507, -0.0015147442035522345, -0.9999912712439452, 0.005144005657262696], [0.0, 0.0, 0.0, 1.0]]}, "mean_rme": {"type": "float", "data": 0.0017848897286072034}, "max_rme": {"type": "float", "data": 0.00418554105265484}, "simu": {"type": "float", "data": 0.002}}, {"type": "dict", "image_number": {"type": "int", "data": 9}, "Hcamera2end": {"type": "ndarray", "data": [[0.9999959563466199, 0.0028097013526022286, 0.00043916821183430117, -0.011639169429309681], [-0.0004313054968606775, -0.0027984107915928202, 0.9999959914282706, 0.03182475295522364], [0.00281091906277614, -0.9999921372067635, -0.0027971876361516657, 0.03320069785246397], [0.0, 0.0, 0.0, 1.0]]}, "Hobj2base": {"type": "ndarray", "data": [[0.9999903451984483, 0.0027789899948688778, 0.0034039278042568696, -0.7338897526601543], [0.002774658184698685, -0.99999533570281, 0.0012766536657098234, 0.0924472597867353], [0.0034074597350898976, -0.0012671966037298258, -0.9999933916936257, 0.005299820879814078], [0.0, 0.0, 0.0, 1.0]]}, "mean_rme": {"type": "float", "data": 0.001780488337353882}, "max_rme": {"type": "float", "data": 0.004347335385515683}, "simu": {"type": "float", "data": 0.002}}, {"type": "dict", "image_number": {"type": "int", "data": 10}, "Hcamera2end": {"type": "ndarray", "data": [[0.999996015108253, 0.002780102666886529, 0.0004907104811382706, -0.011205785757708584], [-0.0004796460835511671, -0.003979121988436418, 0.9999919682316631, 0.031597964880280424], [0.0027820329346114094, -0.9999882187392823, -0.0039777726667098445, 0.0330293843919108], [0.0, 0.0, 0.0, 1.0]]}, "Hobj2base": {"type": "ndarray", "data": [[0.9999852487189498, 0.0027604481098844236, 0.004677848942924471, -0.7329928091523066], [0.0027545433345168148, -0.9999954019967054, 0.0012682572552864455, 0.09284865177346727], [0.004681328392502824, -0.0012553532092416198, -0.999988254557423, 0.004786540804336703], [0.0, 0.0, 0.0, 1.0]]}, "mean_rme": {"type": "float", "data": 0.0018452650790754567}, "max_rme": {"type": "float", "data": 0.0046093033357407776}, "simu": {"type": "float", "data": 0.002}}, {"type": "dict", "image_number": {"type": "int", "data": 11}, "Hcamera2end": {"type": "ndarray", "data": [[0.9999955875408262, 0.0028840371415600223, 0.0007121998623122819, -0.01128270720007203], [-0.0007005550443704423, -0.004036678857236131, 0.999991607187997, 0.03151208663344114], [0.0028868878585048057, -0.9999876937010622, -0.004034640618787666, 0.03305177744930184], [0.0, 0.0, 0.0, 1.0]]}, "Hobj2base": {"type": "ndarray", "data": [[0.9999848480800401, 0.0028324832111116713, 0.004720238256486712, -0.7328877589844572], [0.0028258940402113657, -0.99999502431111, 0.00140202564060781, 0.09302328411275061], [0.004724185984138228, -0.0013886655040701381, -0.9999878767639665, 0.004817240067747378], [0.0, 0.0, 0.0, 1.0]]}, "mean_rme": {"type": "float", "data": 0.0017729132623114628}, "max_rme": {"type": "float", "data": 0.004557633466876765}, "simu": {"type": "float", "data": 0.002}}, {"type": "dict", "image_number": {"type": "int", "data": 12}, "Hcamera2end": {"type": "ndarray", "data": [[0.9999952735980866, 0.00304832398980699, 0.0004006274343393984, -0.011495188711895244], [-0.00038806426869780514, -0.004120811339642483, 0.9999914341233261, 0.03154966100578389], [0.003049948788314029, -0.9999868632310908, -0.004119608917412032, 0.033129664808783085], [0.0, 0.0, 0.0, 1.0]]}, "Hobj2base": {"type": "ndarray", "data": [[0.9999842713315635, 0.002960217399620259, 0.0047638432414281555, -0.7328717581145486], [0.0029547506208837037, -0.9999949686395666, 0.0011541855661556363, 0.09278875908613658], [0.004767235913011083, -0.0011400914435781494, -0.9999879867544663, 0.004918944436434615], [0.0, 0.0, 0.0, 1.0]]}, "mean_rme": {"type": "float", "data": 0.0017274536967468869}, "max_rme": {"type": "float", "data": 0.004699418207699035}, "simu": {"type": "float", "data": 0.002}}, {"type": "dict", "image_number": {"type": "int", "data": 13}, "Hcamera2end": {"type": "ndarray", "data": [[0.9999929730812067, 0.003592556553319079, 0.0010711328676601716, -0.01146536599763631], [-0.0010558385830617136, -0.004256412858931524, 0.9999903840309968, 0.0314314117017115], [0.0035970811911181537, -0.9999844881231835, -0.0042525897896430465, 0.03317618208463912], [0.0, 0.0, 0.0, 1.0]]}, "Hobj2base": {"type": "ndarray", "data": [[0.9999818695278192, 0.003498278232560563, 0.004901292182196043, -0.73262057236303], [0.0034898807795732015, -0.9999924297261076, 0.0017208203338728697, 0.0930722296098455], [0.004907274986387929, -0.00170368420920596, -0.9999865079651447, 0.0048588890616651035], [0.0, 0.0, 0.0, 1.0]]}, "mean_rme": {"type": "float", "data": 0.0017101700634290617}, "max_rme": {"type": "float", "data": 0.0045296754837332864}, "simu": {"type": "float", "data": 0.002}}, {"type": "dict", "image_number": {"type": "int", "data": 14}, "Hcamera2end": {"type": "ndarray", "data": [[0.9999951622478559, 0.0031104425860478727, 2.5056004518332186e-05, -0.011887467392315656], [-1.1965832253913854e-05, -0.004208406973507106, 0.9999911445445725, 0.03148394019600387], [0.0031105204875263356, -0.9999863071350849, -0.004208349395243172, 0.03317256003938049], [0.0, 0.0, 0.0, 1.0]]}, "Hobj2base": {"type": "ndarray", "data": [[0.9999834477745446, 0.0030397834011811455, 0.0048850684548475375, -0.7327692622045442], [0.003036735833142714, -0.9999951899309778, 0.000631150051450762, 0.09254870838923036], [0.004886963516781145, -0.0006163049420886236, -0.9999878688043191, 0.005033025395538694], [0.0, 0.0, 0.0, 1.0]]}, "mean_rme": {"type": "float", "data": 0.001823473756803174}, "max_rme": {"type": "float", "data": 0.004746762654711023}, "simu": {"type": "float", "data": 0.002}}, {"type": "dict", "image_number": {"type": "int", "data": 15}, "Hcamera2end": {"type": "ndarray", "data": [[0.9999968520823945, 0.0025069080504729335, 0.00010600626410058067, -0.011922631308254933], [-9.550964474788087e-05, -0.004186827035854046, 0.999991230640189, 0.03154990115488391], [0.0025073298963867313, -0.9999880928748095, -0.004186574422170075, 0.03308412168641536], [0.0, 0.0, 0.0, 1.0]]}, "Hobj2base": {"type": "ndarray", "data": [[0.9999855197295636, 0.002481950299998809, 0.004774961141513068, -0.7328697481490524], [0.0024788358354548455, -0.9999967111616144, 0.0006580568785141554, 0.09258634001385904], [0.004776578701904621, -0.0006462110048821049, -0.9999883832861467, 0.004973217105833542], [0.0, 0.0, 0.0, 1.0]]}, "mean_rme": {"type": "float", "data": 0.0017923763840984367}, "max_rme": {"type": "float", "data": 0.004755422455910097}, "simu": {"type": "float", "data": 0.002}}, {"type": "dict", "image_number": {"type": "int", "data": 16}, "Hcamera2end": {"type": "ndarray", "data": [[0.999994984442025, 0.0031157794551527358, 0.0005683389668069887, -0.011865520358889367], [-0.0005550878729261549, -0.004252114966014187, 0.9999908056556165, 0.03158617436029913], [0.0031181674502299313, -0.9999861056218243, -0.004250364107894811, 0.03311645527052372], [0.0, 0.0, 0.0, 1.0]]}, "Hobj2base": {"type": "ndarray", "data": [[0.9999835973265389, 0.003073481881657197, 0.004833092901833432, -0.7327675477980768], [0.0030682468697290207, -0.9999946986467223, 0.0010902016314301376, 0.09255440702867943], [0.00483641799486209, -0.0010753546270416106, -0.9999877262613801, 0.0048692007990654325], [0.0, 0.0, 0.0, 1.0]]}, "mean_rme": {"type": "float", "data": 0.0017946530090266087}, "max_rme": {"type": "float", "data": 0.004693888043382999}, "simu": {"type": "float", "data": 0.002}}, {"type": "dict", "image_number": {"type": "int", "data": 17}, "Hcamera2end": {"type": "ndarray", "data": [[0.9999944544651614, 0.0032530256443633384, 0.0007133463963345178, -0.01200787121574707], [-0.0006991403501611872, -0.004366073723314212, 0.9999902242537241, 0.031574137847073976], [0.003256108366566667, -0.9999851775023466, -0.0043637751896121735, 0.03310964180547598], [0.0, 0.0, 0.0, 1.0]]}, "Hobj2base": {"type": "ndarray", "data": [[0.9999834358924296, 0.0032261810135737006, 0.004766518314117203, -0.7327820175413727], [0.0032205048226393953, -0.9999940965043894, 0.0011980421768762307, 0.09254726174499621], [0.0047703552759217555, -0.0011826717371589254, -0.9999879224261181, 0.004887762944671065], [0.0, 0.0, 0.0, 1.0]]}, "mean_rme": {"type": "float", "data": 0.001748152395557367}, "max_rme": {"type": "float", "data": 0.004710236076418628}, "simu": {"type": "float", "data": 0.002}}, {"type": "dict", "image_number": {"type": "int", "data": 18}, "Hcamera2end": {"type": "ndarray", "data": [[0.999993687107445, 0.003484182047914548, 0.000697295285007895, -0.011930739957004801], [-0.000682337080482131, -0.004292521284616102, 0.9999905542939542, 0.03157520301470644], [0.003487142292207672, -0.999984717251458, -0.004290116799783972, 0.033051003761102565], [0.0, 0.0, 0.0, 1.0]]}, "Hobj2base": {"type": "ndarray", "data": [[0.9999834896893666, 0.0034209202952541957, 0.0046171043966932715, -0.7328950086081429], [0.0034163272723722357, -0.9999936620264636, 0.0010023047794772064, 0.09249204036604283], [0.0046205039383699345, -0.0009865146914441348, -0.9999888388037734, 0.004880416159388146], [0.0, 0.0, 0.0, 1.0]]}, "mean_rme": {"type": "float", "data": 0.0017239688901021432}, "max_rme": {"type": "float", "data": 0.004700196441394855}, "simu": {"type": "float", "data": 0.002}}, {"type": "dict", "image_number": {"type": "int", "data": 19}, "Hcamera2end": {"type": "ndarray", "data": [[0.9999928731143408, 0.0037399111574480575, 0.0005165124008891461, -0.0117777499517801], [-0.0005009264212797631, -0.004167211302149365, 0.9999911916725485, 0.031629986295068004], [0.003742030631400629, -0.9999843235843738, -0.004165308182598748, 0.032995325149660304], [0.0, 0.0, 0.0, 1.0]]}, "Hobj2base": {"type": "ndarray", "data": [[0.9999823416612252, 0.003712989005083391, 0.004640051549349507, -0.7329348978720099], [0.003708887156812859, -0.9999927239505351, 0.0008923015446545493, 0.09235841309722977], [0.004643330893929436, -0.0008750763604932526, -0.9999888367974776, 0.004790198429937278], [0.0, 0.0, 0.0, 1.0]]}, "mean_rme": {"type": "float", "data": 0.001696862643532442}, "max_rme": {"type": "float", "data": 0.004656321095570404}, "simu": {"type": "float", "data": 0.002}}, {"type": "dict", "image_number": {"type": "int", "data": 20}, "Hcamera2end": {"type": "ndarray", "data": [[0.9999933594902708, 0.003622127873323716, 0.0004014536477615514, -0.01165357653750038], [-0.0003864133725102509, -0.0041520761537807704, 0.9999913054363617, 0.033152237028218366], [0.0036237632466201344, -0.9999848201114269, -0.004150648943231472, 0.03477961080161664], [0.0, 0.0, 0.0, 1.0]]}, "Hobj2base": {"type": "ndarray", "data": [[0.999983724206816, 0.0036102956517877994, 0.004417814705608679, -0.7346054280715338], [0.003607003668655165, -0.9999932113086383, 0.0007529018343005867, 0.09242821732511247], [0.004420502912646747, -0.0007369545063754746, -0.9999899579756066, 0.00319540342553932], [0.0, 0.0, 0.0, 1.0]]}, "mean_rme": {"type": "float", "data": 0.0016924525020070489}, "max_rme": {"type": "float", "data": 0.004579078459650721}, "simu": {"type": "float", "data": 0.002}}, {"type": "dict", "image_number": {"type": "int", "data": 21}, "Hcamera2end": {"type": "ndarray", "data": [[0.9999972130439686, 0.00236000064809788, 6.558381353243643e-05, -0.011630369446408604], [-5.364384145756479e-05, -0.005059016497843016, 0.9999872016553076, 0.03504473518324534], [0.0023603022335907634, -0.9999844182531125, -0.005058875799085927, 0.035846049000869976], [0.0, 0.0, 0.0, 1.0]]}, "Hobj2base": {"type": "ndarray", "data": [[0.9999864578407933, 0.0023382052118125453, 0.00464940118841454, -0.7352532667520806], [0.002335407990205177, -0.9999970887250305, 0.0006069686829586898, 0.0927132511962275], [0.00465080687006714, -0.0005961022146070588, -0.9999890072683832, 0.0011866786431154411], [0.0, 0.0, 0.0, 1.0]]}, "mean_rme": {"type": "float", "data": 0.0017260928501483632}, "max_rme": {"type": "float", "data": 0.005090028612482256}, "simu": {"type": "float", "data": 0.002}}, {"type": "dict", "image_number": {"type": "int", "data": 22}, "Hcamera2end": {"type": "ndarray", "data": [[0.9999966056234859, 0.002597895438157627, 0.00019920039850717525, -0.011635312217980514], [-0.00018585094684744202, -0.005137793352106401, 0.9999867841821193, 0.03461523196063379], [0.0025988845553278307, -0.9999834268720473, -0.0051372930911741665, 0.03631236966055889], [0.0, 0.0, 0.0, 1.0]]}, "Hobj2base": {"type": "ndarray", "data": [[0.9999857391637599, 0.002596892009992217, 0.004666649868708903, -0.7357740321812749], [0.002593694393975161, -0.9999963975397426, 0.0006911272879999129, 0.09280110409136154], [0.004668427840220308, -0.0006790135683437226, -0.9999888722991246, 0.0015782926136707115], [0.0, 0.0, 0.0, 1.0]]}, "mean_rme": {"type": "float", "data": 0.001722715275406292}, "max_rme": {"type": "float", "data": 0.00495874727647333}, "simu": {"type": "float", "data": 0.002}}, {"type": "dict", "image_number": {"type": "int", "data": 23}, "Hcamera2end": {"type": "ndarray", "data": [[0.9999999888757446, 0.00014908713271845542, -4.640852273457452e-06, -0.011409744877986221], [5.6137071389929526e-06, -0.006526073797139542, 0.9999787049379006, 0.0368968333690114], [0.00014905367135428777, -0.9999786938399345, -0.00652607456147325, 0.036510421461023415], [0.0, 0.0, 0.0, 1.0]]}, "Hobj2base": {"type": "ndarray", "data": [[0.9999865911547197, 0.00019429448925380624, 0.0051749164645486226, -0.7353340304775932], [0.00018921168256289968, -0.9999994992770243, 0.0009826721934944327, 0.0932944209188879], [0.005175104801140991, -0.0009816798623436492, -0.9999861272012451, -0.0008419025259120778], [0.0, 0.0, 0.0, 1.0]]}, "mean_rme": {"type": "float", "data": 0.0017080020715762847}, "max_rme": {"type": "float", "data": 0.007517666795795741}, "simu": {"type": "float", "data": 0.002}}, {"type": "dict", "image_number": {"type": "int", "data": 24}, "Hcamera2end": {"type": "ndarray", "data": [[0.9999997125920893, 0.0007580527295090421, 1.3107177533915352e-05, -0.011463341703516863], [-8.179074049259973e-06, -0.0065006413095400895, 0.9999788705746075, 0.03700111209883611], [0.0007581219173501787, -0.9999785832799741, -0.006500633241034892, 0.036750800956365806], [0.0, 0.0, 0.0, 1.0]]}, "Hobj2base": {"type": "ndarray", "data": [[0.9999867011113347, 0.000789656251513692, 0.005096473631311667, -0.7356210285107051], [0.0007851120391045243, -0.999999292558791, 0.0008935776422766441, 0.09323630059093439], [0.005097175645027638, -0.000889564455882144, -0.9999866136481637, -0.0009492187560229589], [0.0, 0.0, 0.0, 1.0]]}, "mean_rme": {"type": "float", "data": 0.0016638585646776792}, "max_rme": {"type": "float", "data": 0.00748608709535592}, "simu": {"type": "float", "data": 0.002}}, {"type": "dict", "image_number": {"type": "int", "data": 25}, "Hcamera2end": {"type": "ndarray", "data": [[0.9999994609218003, 0.001037203100220532, 4.863987794562468e-05, -0.011454605836066143], [-4.19398455354656e-05, -0.006458754746784701, 0.9999791411465392, 0.03724314375930587], [0.0010374956183956197, -0.999978604119533, -0.006458707764873006, 0.03706541196986422], [0.0, 0.0, 0.0, 1.0]]}, "Hobj2base": {"type": "ndarray", "data": [[0.9999866465474169, 0.0010557087786802655, 0.005058873968214082, -0.7359358228892173], [0.001051234798630056, -0.9999990541031929, 0.0008869600430602936, 0.09320206944586003], [0.005059805554545145, -0.000881630134724145, -0.9999868104610461, -0.0012035893752917182], [0.0, 0.0, 0.0, 1.0]]}, "mean_rme": {"type": "float", "data": 0.0016321233585421717}, "max_rme": {"type": "float", "data": 0.0074081700402091055}, "simu": {"type": "float", "data": 0.002}}, {"type": "dict", "image_number": {"type": "int", "data": 26}, "Hcamera2end": {"type": "ndarray", "data": [[0.9999994468857563, 0.0010432169020476796, -0.00013389054008078408, -0.011460252432283775], [0.0001407877965242543, -0.00661426082028882, 0.9999781156268361, 0.03709511749334002], [0.0010423084849462403, -0.999977581374851, -0.006614404034055887, 0.03646323624429513], [0.0, 0.0, 0.0, 1.0]]}, "Hobj2base": {"type": "ndarray", "data": [[0.9999862529109657, 0.0010877696507308751, 0.005129400186483805, -0.7353314680752825], [0.0010842921625199473, -0.9999991804892987, 0.0006806843892110678, 0.0930084983848826], [0.00513013641070577, -0.0006751132633615323, -0.9999866128716373, -0.0010362609736344276], [0.0, 0.0, 0.0, 1.0]]}, "mean_rme": {"type": "float", "data": 0.001657798165707936}, "max_rme": {"type": "float", "data": 0.007573653780844125}, "simu": {"type": "float", "data": 0.002}}, {"type": "dict", "image_number": {"type": "int", "data": 27}, "Hcamera2end": {"type": "ndarray", "data": [[0.9999998254923178, 0.0005189051300865126, -0.0002824053821753115, -0.011494016201556392], [0.0002858413619384816, -0.006633495540622647, 0.9999779572728735, 0.036468962088595604], [0.0005170203571590177, -0.999977863492177, -0.0066336427075759374, 0.036281542480794855], [0.0, 0.0, 0.0, 1.0]]}, "Hobj2base": {"type": "ndarray", "data": [[0.9999868630489561, 0.0005725592998541275, 0.005093712335455791, -0.735213790850193], [0.000569816370315194, -0.9999996918933904, 0.0005399281699215726, 0.09300822323895697], [0.005094019906944295, -0.0005370185962372181, -0.9999868812000563, -0.0003971159322336188], [0.0, 0.0, 0.0, 1.0]]}, "mean_rme": {"type": "float", "data": 0.001666739862100506}, "max_rme": {"type": "float", "data": 0.007606485513735273}, "simu": {"type": "float", "data": 0.002}}, {"type": "dict", "image_number": {"type": "int", "data": 28}, "Hcamera2end": {"type": "ndarray", "data": [[0.9999998512009903, -0.0002226274580755774, 0.0004980311357673419, -0.011429458731577448], [-0.0004994337416467088, -0.006345217261150227, 0.999979744186774, 0.03568733887664369], [-0.0002194628328161064, -0.999979844124332, -0.006345327504652554, 0.037557130508167294], [0.0, 0.0, 0.0, 1.0]]}, "Hobj2base": {"type": "ndarray", "data": [[0.9999885371231564, -0.0002436210896851479, 0.004781868991749209, -0.7366707906989769], [-0.0002498400263952005, -0.9999991238285837, 0.0012999700094587217, 0.09350678965952026], [0.004781548101902022, -0.0013011498103377198, -0.999987721828083, 0.00039486963221495904], [0.0, 0.0, 0.0, 1.0]]}, "mean_rme": {"type": "float", "data": 0.001732663494539494}, "max_rme": {"type": "float", "data": 0.0072599646744800905}, "simu": {"type": "float", "data": 0.002}}, {"type": "dict", "image_number": {"type": "int", "data": 29}, "Hcamera2end": {"type": "ndarray", "data": [[0.9999996497153226, -0.00021559524418872698, 0.0008087570232870005, -0.011402845332655806], [-0.0008100849786211882, -0.0062322503842102694, 0.9999802512137307, 0.03581310061351526], [-0.0002105506101752157, -0.9999805560978868, -0.006232422851617292, 0.03814681434577413], [0.0, 0.0, 0.0, 1.0]]}, "Hobj2base": {"type": "ndarray", "data": [[0.9999890402416692, -0.0003090804320312771, 0.004671602062662389, -0.7372860525730708], [-0.0003167319673981445, -0.9999986095760554, 0.0016372314489311811, 0.09362971236020455], [0.004671089530951448, -0.0016386931509823777, -0.9999877477286165, 0.0002729798378532818], [0.0, 0.0, 0.0, 1.0]]}, "mean_rme": {"type": "float", "data": 0.0017217079693884047}, "max_rme": {"type": "float", "data": 0.007100847310235969}, "simu": {"type": "float", "data": 0.002}}, {"type": "dict", "image_number": {"type": "int", "data": 30}, "Hcamera2end": {"type": "ndarray", "data": [[0.9999997676225038, -0.00025028869135954295, 0.0006341218412561644, -0.01138342162043177], [-0.0006357064500401398, -0.006382652874193706, 0.999979428598207, 0.03617918570449537], [-0.000246236162977626, -0.9999795993408357, -0.006382810501144309, 0.038032311713904976], [0.0, 0.0, 0.0, 1.0]]}, "Hobj2base": {"type": "ndarray", "data": [[0.9999889196765961, -0.0003337112775212911, 0.004695653396240197, -0.7371211069561096], [-0.00034114423223709797, -0.9999986900808029, 0.0015822317439664448, 0.0934984396800567], [0.0046951192367370555, -0.0015838161073997337, -0.9999877236155907, -7.004424181828265e-05], [0.0, 0.0, 0.0, 1.0]]}, "mean_rme": {"type": "float", "data": 0.001709430128236905}, "max_rme": {"type": "float", "data": 0.00708402660137919}, "simu": {"type": "float", "data": 0.002}}]}