{"type": "list", "data": [{"type": "dict", "image_number": {"type": "int", "data": 5}, "Hcamera2end": {"type": "ndarray", "data": [[0.9999977516254277, 0.0013404799938037948, -0.0016431243031492034, -0.01485670875248246], [0.0016406333477119103, 0.0018572443884579126, 0.9999969294780359, 0.0311228617188636], [0.0013435275612220941, -0.9999973768748934, 0.0018550409764970244, 0.03121274671259922], [0.0, 0.0, 0.0, 1.0]]}, "Hobj2base": {"type": "ndarray", "data": [[0.999999185011769, 0.0012250648650229733, -0.00035943271184316576, -0.7333243138452838], [0.0012250802176585888, -0.9999992486859735, 4.2496460587219387e-05, 0.08862283924203439], [-0.0003593803808755745, -4.2936759857962586e-05, -0.9999999345010862, -0.0020892949490717294], [0.0, 0.0, 0.0, 1.0]]}, "mean_rme": {"type": "float", "data": 0.0012959625486382554}, "max_rme": {"type": "float", "data": 0.0035621578334444903}, "simu": {"type": "float", "data": 0.002}}, {"type": "dict", "image_number": {"type": "int", "data": 6}, "Hcamera2end": {"type": "ndarray", "data": [[0.9999975351190233, 0.0015540666953289216, -0.0015857593083902003, -0.015122790354148017], [0.0015817222342915463, 0.002595543473559836, 0.9999953806437556, 0.031160547626920585], [0.0015581754237647572, -0.9999954240049214, 0.0025930789740085114, 0.03076990265620466], [0.0, 0.0, 0.0, 1.0]]}, "Hobj2base": {"type": "ndarray", "data": [[0.9999990738320345, 0.0010580066437653665, -0.0008561290878244559, -0.7336464861380847], [0.0010579089767880098, -0.9999994338562022, -0.00011452454572179187, 0.08825702526732337], [-0.0008562497708625307, 0.00011361873300552753, -0.999999626963487, -0.0021108277610279815], [0.0, 0.0, 0.0, 1.0]]}, "mean_rme": {"type": "float", "data": 0.0013106528020306078}, "max_rme": {"type": "float", "data": 0.0035448534136766803}, "simu": {"type": "float", "data": 0.002}}, {"type": "dict", "image_number": {"type": "int", "data": 7}, "Hcamera2end": {"type": "ndarray", "data": [[0.9999984424929392, 0.0012373650974419404, -0.0012585465074279542, -0.015194710963674949], [0.0012558477860945122, 0.0021793858501820695, 0.9999968365568237, 0.031078766581130225], [0.0012401040415578508, -0.999996859597535, 0.002177828513554969, 0.030840978972548134], [0.0, 0.0, 0.0, 1.0]]}, "Hobj2base": {"type": "ndarray", "data": [[0.9999995289754222, 0.0008489256991267344, -0.0004705040818219926, -0.7333116598934237], [0.000848872596002532, -0.9999996333171532, -0.00011305253157503333, 0.0884147618523073], [-0.00047059988249562187, 0.00011265308030314637, -0.9999998829225103, -0.0021472078090052043], [0.0, 0.0, 0.0, 1.0]]}, "mean_rme": {"type": "float", "data": 0.0011626226179076579}, "max_rme": {"type": "float", "data": 0.0035583299498049975}, "simu": {"type": "float", "data": 0.002}}, {"type": "dict", "image_number": {"type": "int", "data": 8}, "Hcamera2end": {"type": "ndarray", "data": [[0.9999989707261137, 0.0009589572366066478, -0.0010672149416516153, -0.014778413720850793], [0.001065139187135512, 0.0021625052565458214, 0.9999970945205429, 0.031013958141733453], [0.0009612623082972822, -0.9999972019821025, 0.00216148160780405, 0.03128706909457905], [0.0, 0.0, 0.0, 1.0]]}, "Hobj2base": {"type": "ndarray", "data": [[0.9999996971497722, 0.000586555574898732, -0.0005115202063446487, -0.7334482542933601], [0.0005864769197389357, -0.9999998161791896, -0.00015390389737787532, 0.08888392305905636], [-0.0005116103855055956, 0.0001536038559730437, -0.9999998573303244, -0.0018761140641418358], [0.0, 0.0, 0.0, 1.0]]}, "mean_rme": {"type": "float", "data": 0.0012387665846611245}, "max_rme": {"type": "float", "data": 0.003640379488956725}, "simu": {"type": "float", "data": 0.002}}, {"type": "dict", "image_number": {"type": "int", "data": 9}, "Hcamera2end": {"type": "ndarray", "data": [[0.9999991820736045, 0.0007647822590675084, -0.0010251635080273614, -0.01478627057373181], [0.00102399835210625, 0.0015223523358400826, 0.9999983169339542, 0.030772675722035514], [0.0007663416319495193, -0.9999985487746782, 0.0015215679548949979, 0.031326422982696216], [0.0, 0.0, 0.0, 1.0]]}, "Hobj2base": {"type": "ndarray", "data": [[0.9999998081091721, 0.0006191915648596369, 1.9581240324823892e-05, -0.732939858259922], [0.0006192013209960497, -0.9999996821819079, -0.000502220874534505, 0.08860437778995504], [1.9270263172343262e-05, 0.0005022329028928013, -0.9999998736953759, -0.0017459649317657028], [0.0, 0.0, 0.0, 1.0]]}, "mean_rme": {"type": "float", "data": 0.0012893178315003888}, "max_rme": {"type": "float", "data": 0.004024676589052242}, "simu": {"type": "float", "data": 0.002}}, {"type": "dict", "image_number": {"type": "int", "data": 10}, "Hcamera2end": {"type": "ndarray", "data": [[0.9999996517918742, 0.000269521716847956, -0.0007897937544316705, -0.014452809424561333], [0.0007891938593481591, 0.0022186711270199, 0.9999972273318976, 0.030800554981295834], [0.00027127326215294707, -0.9999975024251184, 0.0022184576495767327, 0.03183463147415122], [0.0, 0.0, 0.0, 1.0]]}, "Hobj2base": {"type": "ndarray", "data": [[0.9999997599778627, -0.00011252457102215871, -0.0006836537412814398, -0.733509942608537], [-0.00011282002891134931, -0.9999999002583286, -0.0004321515636280242, 0.08932171004859008], [-0.0006836050454233591, 0.00043222858973693897, -0.9999996729312406, -0.001475204695655047], [0.0, 0.0, 0.0, 1.0]]}, "mean_rme": {"type": "float", "data": 0.0013859665821575643}, "max_rme": {"type": "float", "data": 0.003880489411494624}, "simu": {"type": "float", "data": 0.002}}, {"type": "dict", "image_number": {"type": "int", "data": 11}, "Hcamera2end": {"type": "ndarray", "data": [[0.9999998044849434, 0.00028274241283523697, -0.0005577515601810388, -0.014299341209783082], [0.0005570973761313007, 0.0023085330252479164, 0.9999971801549165, 0.031067684038927477], [0.00028402920344199555, -0.9999972953623418, 0.00230837505883863, 0.03188531083910391], [0.0, 0.0, 0.0, 1.0]]}, "Hobj2base": {"type": "ndarray", "data": [[0.9999997191800765, -0.0002000689466773093, -0.0007222272389751164, -0.7338039239540616], [-0.00020029939913071568, -0.9999999290507782, -0.0003190275686742353, 0.0896955452622913], [-0.0007221633602240299, 0.0003191721407669404, -0.9999996883045643, -0.0016728314534711908], [0.0, 0.0, 0.0, 1.0]]}, "mean_rme": {"type": "float", "data": 0.0014404648060307487}, "max_rme": {"type": "float", "data": 0.0036715478502288013}, "simu": {"type": "float", "data": 0.002}}, {"type": "dict", "image_number": {"type": "int", "data": 12}, "Hcamera2end": {"type": "ndarray", "data": [[0.9999998945685565, 0.000303704584604609, -0.000344421835997751, -0.01428723455010639], [0.00034370255384017087, 0.002365241340148816, 0.9999971437468995, 0.03097193736054589], [0.0003045183579123994, -0.9999971566944219, 0.00236513670673677, 0.03177805229939476], [0.0, 0.0, 0.0, 1.0]]}, "Hobj2base": {"type": "ndarray", "data": [[0.9999997952027522, -0.00032221872470817827, -0.0005529643271929822, -0.7336545798446199], [-0.000322371149807698, -0.999999910065178, -0.0002755838848640716, 0.08964791715543807], [-0.000552875479174303, 0.0002757620881712103, -0.9999998091419693, -0.0016737544516083197], [0.0, 0.0, 0.0, 1.0]]}, "mean_rme": {"type": "float", "data": 0.00140991207799341}, "max_rme": {"type": "float", "data": 0.003906624256074843}, "simu": {"type": "float", "data": 0.002}}, {"type": "dict", "image_number": {"type": "int", "data": 13}, "Hcamera2end": {"type": "ndarray", "data": [[0.9999998694455342, -9.830426037977434e-05, 0.0005014431043512763, -0.014505937027058064], [-0.0005011258197007884, 0.0032014621560586543, 0.9999947497427057, 0.030843928565605673], [-9.990909537911153e-05, -0.9999948704750121, 0.003201412475290377, 0.03142345788040829], [0.0, 0.0, 0.0, 1.0]]}, "Hobj2base": {"type": "ndarray", "data": [[0.9999990053068636, -0.0010767536559787092, -0.0009110361396596153, -0.7337500211272228], [-0.001076452907907848, -0.9999993659952027, 0.000330542479148138, 0.08978479054181467], [-0.0009113914748812109, -0.00032956146285805703, -0.999999530377301, -0.0017045494917513017], [0.0, 0.0, 0.0, 1.0]]}, "mean_rme": {"type": "float", "data": 0.0015034142158496645}, "max_rme": {"type": "float", "data": 0.004272295355305544}, "simu": {"type": "float", "data": 0.002}}, {"type": "dict", "image_number": {"type": "int", "data": 14}, "Hcamera2end": {"type": "ndarray", "data": [[0.9999999247692234, -0.00015969435093626068, 0.0003534957735850204, -0.014635775023943708], [-0.00035298084939391515, 0.003213038152697356, 0.9999947758815291, 0.03081577804468722], [-0.00016082931208139824, -0.9999948254283839, 0.003212981541930393, 0.03141147854557545], [0.0, 0.0, 0.0, 1.0]]}, "Hobj2base": {"type": "ndarray", "data": [[0.9999988679757804, -0.0011393833431874569, -0.000982778080263536, -0.7337238661718073], [-0.0011391261214485722, -0.9999993168082648, 0.00026224927594131005, 0.08971156650992275], [-0.0009830762112944444, -0.00026112947088596284, -0.9999994826861471, -0.001676639850294497], [0.0, 0.0, 0.0, 1.0]]}, "mean_rme": {"type": "float", "data": 0.0014498439426645728}, "max_rme": {"type": "float", "data": 0.004178983593789275}, "simu": {"type": "float", "data": 0.002}}, {"type": "dict", "image_number": {"type": "int", "data": 15}, "Hcamera2end": {"type": "ndarray", "data": [[0.9999999914988417, 5.05519667902357e-06, 0.00013029490209162512, -0.0149192598891849], [-0.000130311013486365, 0.0033300008329197883, 0.9999944470413286, 0.030910300872514607], [4.621286475235022e-06, -0.9999944555190782, 0.0033300014633587116, 0.03130698693966158], [0.0, 0.0, 0.0, 1.0]]}, "Hobj2base": {"type": "ndarray", "data": [[0.9999988977954691, -0.0009667313044435653, -0.0011268710804680808, -0.7337583017536835], [-0.0009669444499990212, -0.9999995147205971, -0.00018861866576963678, 0.08939137495091269], [-0.0011266881900519536, 0.00018970807961041176, -0.9999993472920705, -0.0017691300375811052], [0.0, 0.0, 0.0, 1.0]]}, "mean_rme": {"type": "float", "data": 0.0014514095861417602}, "max_rme": {"type": "float", "data": 0.0040396046332567895}, "simu": {"type": "float", "data": 0.002}}, {"type": "dict", "image_number": {"type": "int", "data": 16}, "Hcamera2end": {"type": "ndarray", "data": [[0.9999997365663816, 0.0004859413152194357, 0.0005391921786419536, -0.014821245390421903], [-0.0005407196596504718, 0.003148714117131135, 0.9999948965978068, 0.030967095160292567], [0.0004842410732407252, -0.9999949247173442, 0.0031489760456765437, 0.03125445912655774], [0.0, 0.0, 0.0, 1.0]]}, "Hobj2base": {"type": "ndarray", "data": [[0.9999991807349778, -0.00045372537262445894, -0.0011969388703056015, -0.733876920686729], [-0.0004534386421312552, -0.9999998684413949, 0.00023981365737804766, 0.08945545904508799], [-0.001197047522379048, -0.00023927072257104087, -0.9999992549130974, -0.0017294407148644997], [0.0, 0.0, 0.0, 1.0]]}, "mean_rme": {"type": "float", "data": 0.0014942171353249352}, "max_rme": {"type": "float", "data": 0.004144883770531016}, "simu": {"type": "float", "data": 0.002}}, {"type": "dict", "image_number": {"type": "int", "data": 17}, "Hcamera2end": {"type": "ndarray", "data": [[0.9999993545764424, 0.0008489789224647475, -0.0007550374082703923, -0.015128102123442028], [0.0007522882909216155, 0.003233815624124281, 0.9999944882342285, 0.03084729571098209], [0.000851415894859445, -0.9999944108200297, 0.0032331748600408217, 0.031050743406733902], [0.0, 0.0, 0.0, 1.0]]}, "Hobj2base": {"type": "ndarray", "data": [[0.999999003527735, -0.00014805259429323287, -0.0014039316102799123, -0.7338515130193931], [-0.0001494170192244624, -0.9999995166347877, -0.0009718048904929397, 0.08838038547576929], [-0.0014037870534330272, 0.0009720136933927224, -0.9999985422845816, -0.001533626314241238], [0.0, 0.0, 0.0, 1.0]]}, "mean_rme": {"type": "float", "data": 0.001558629143609065}, "max_rme": {"type": "float", "data": 0.00423155482490575}, "simu": {"type": "float", "data": 0.002}}, {"type": "dict", "image_number": {"type": "int", "data": 18}, "Hcamera2end": {"type": "ndarray", "data": [[0.999998933112617, 0.0008711180927321913, -0.0011725727680151877, -0.015239319249224824], [0.0011697174934162723, 0.0032710230144771257, 0.9999939660665078, 0.030759625628919054], [0.0008749483489738826, -0.9999942707644414, 0.003270000562592079, 0.030982915560429796], [0.0, 0.0, 0.0, 1.0]]}, "Hobj2base": {"type": "ndarray", "data": [[0.9999988441671832, -0.00011226585147235857, -0.001516265371306874, -0.733854414447555], [-0.00011440792018668299, -0.999998995574559, -0.0014127139490938555, 0.08794038658955945], [-0.001516105248796977, 0.0014128857890002948, -0.9999978525870057, -0.0013530790687147293], [0.0, 0.0, 0.0, 1.0]]}, "mean_rme": {"type": "float", "data": 0.0015580084568926197}, "max_rme": {"type": "float", "data": 0.004385121561885759}, "simu": {"type": "float", "data": 0.002}}, {"type": "dict", "image_number": {"type": "int", "data": 19}, "Hcamera2end": {"type": "ndarray", "data": [[0.9999997255168649, 0.0005482457472493229, 0.0004983902040365914, -0.015137365827700044], [-0.0005001794444869953, 0.0032682922857627528, 0.9999945340280905, 0.030866050695406974], [0.0005466138656943165, -0.9999945088309912, 0.003268565609924945, 0.03111914679606835], [0.0, 0.0, 0.0, 1.0]]}, "Hobj2base": {"type": "ndarray", "data": [[0.9999989687530988, -0.0003884379234125568, -0.001382609387560428, -0.733877383540484], [-0.00038815218755564957, -0.9999999032596414, 0.00020692652791003705, 0.08898800593193094], [-0.0013826896319171, -0.0002063896516593798, -0.9999990227858697, -0.001466600735734379], [0.0, 0.0, 0.0, 1.0]]}, "mean_rme": {"type": "float", "data": 0.001631674160360965}, "max_rme": {"type": "float", "data": 0.004356498427224846}, "simu": {"type": "float", "data": 0.002}}, {"type": "dict", "image_number": {"type": "int", "data": 20}, "Hcamera2end": {"type": "ndarray", "data": [[0.9999983997640757, 0.0017888822451306377, -1.922500924211412e-05, -0.015297323915678847], [1.4415252776004599e-05, 0.002688667773811604, 0.9999963854223686, 0.030914585802278783], [0.00178892746873969, -0.9999947854693618, 0.0026886376841190884, 0.030928433669743426], [0.0, 0.0, 0.0, 1.0]]}, "Hobj2base": {"type": "ndarray", "data": [[0.9999985037063261, 0.0009525485683217755, -0.0014440347411693996, -0.7338140742527096], [0.0009522484878737449, -0.9999995248792892, -0.00020848024447296152, 0.08829132288739547], [-0.0014442326426369837, 0.0002071048526265749, -0.99999893564926, -0.001437465449281114], [0.0, 0.0, 0.0, 1.0]]}, "mean_rme": {"type": "float", "data": 0.0016676937006241648}, "max_rme": {"type": "float", "data": 0.0043043143094650994}, "simu": {"type": "float", "data": 0.002}}, {"type": "dict", "image_number": {"type": "int", "data": 21}, "Hcamera2end": {"type": "ndarray", "data": [[0.9999987534354263, 0.0015691795517957328, -0.00017550819801031398, -0.015152167020322054], [0.00017227461275587657, 0.0020605830564290883, 0.9999978621571776, 0.03188995357343264], [0.0015695378463555752, -0.9999966458308757, 0.0020603101579795835, 0.029505253348319074], [0.0, 0.0, 0.0, 1.0]]}, "Hobj2base": {"type": "ndarray", "data": [[0.9999991376592662, 0.0010513019184821178, -0.0007870482832905011, -0.7319905751371516], [0.0010510469922642434, -0.9999993950824517, -0.00032424519937148945, 0.08793691662662492], [-0.0007873886867913417, 0.00032341769503072703, -0.9999996377099589, -0.002381790251754255], [0.0, 0.0, 0.0, 1.0]]}, "mean_rme": {"type": "float", "data": 0.0017089562138081819}, "max_rme": {"type": "float", "data": 0.004197826719698539}, "simu": {"type": "float", "data": 0.002}}, {"type": "dict", "image_number": {"type": "int", "data": 22}, "Hcamera2end": {"type": "ndarray", "data": [[0.9999985685020529, 0.0016912452725801165, -5.180031836479824e-05, -0.015046464962668316], [4.744127758117545e-05, 0.0025773533026361983, 0.9999966774941197, 0.03058590132310527], [0.0016913731611293684, -0.9999952484584019, 0.00257726937832381, 0.02865635455630089], [0.0, 0.0, 0.0, 1.0]]}, "Hobj2base": {"type": "ndarray", "data": [[0.999998723198039, 0.0009509302949040813, -0.0012842639393931818, -0.7315200152060122], [0.0009506381431691899, -0.9999995221338827, -0.00022807702154043987, 0.08866677349458575], [-0.0012844802110363134, 0.0002268558600445676, -0.9999991493231417, -0.0011132239597803476], [0.0, 0.0, 0.0, 1.0]]}, "mean_rme": {"type": "float", "data": 0.0017369979124482687}, "max_rme": {"type": "float", "data": 0.0043008014656232794}, "simu": {"type": "float", "data": 0.002}}, {"type": "dict", "image_number": {"type": "int", "data": 23}, "Hcamera2end": {"type": "ndarray", "data": [[0.9999987498479604, 0.0015752687939405421, -0.0001372251545524619, -0.015178946008406764], [0.0001338264170303485, 0.002157463057762765, 0.9999976637190932, 0.03045370384873319], [0.0015755611718716784, -0.999996431934325, 0.002157249548027429, 0.030482070678527557], [0.0, 0.0, 0.0, 1.0]]}, "Hobj2base": {"type": "ndarray", "data": [[0.9999991313259552, 0.0010533552287379506, -0.0007923320623583896, -0.7331384508692647], [0.001053113171756432, -0.9999993987026217, -0.00030585460992008356, 0.08854123579810683], [-0.0007926537594837908, 0.00030501992890084786, -0.9999996393313653, -0.001159904131333781], [0.0, 0.0, 0.0, 1.0]]}, "mean_rme": {"type": "float", "data": 0.0017379355595211826}, "max_rme": {"type": "float", "data": 0.004655631204725841}, "simu": {"type": "float", "data": 0.002}}, {"type": "dict", "image_number": {"type": "int", "data": 24}, "Hcamera2end": {"type": "ndarray", "data": [[0.9999985982926948, 0.0016711563309058433, -0.00010319478381227932, -0.015224420083884995], [9.99669812907591e-05, 0.0019314468593171208, 0.9999981297580675, 0.0303219672675837], [0.0016713525206802893, -0.9999967383694547, 0.0019312770915402844, 0.031082379721183075], [0.0, 0.0, 0.0, 1.0]]}, "Hobj2base": {"type": "ndarray", "data": [[0.9999990298087884, 0.001235712298099403, -0.0006429592509123815, -0.7336722726490431], [0.0012355155217997238, -0.999999189823648, -0.0003063550929845817, 0.08853949366040602], [-0.0006433372967579876, 0.00030556040962717584, -0.999999746374947, -0.0011078233532628111], [0.0, 0.0, 0.0, 1.0]]}, "mean_rme": {"type": "float", "data": 0.0017001704817586794}, "max_rme": {"type": "float", "data": 0.004472169841211071}, "simu": {"type": "float", "data": 0.002}}, {"type": "dict", "image_number": {"type": "int", "data": 25}, "Hcamera2end": {"type": "ndarray", "data": [[0.9999982501785047, 0.0018262060816236852, -0.0004057231519226475, -0.015213150714535684], [0.00040243714839230437, 0.0017993686971423672, 0.9999983001568716, 0.029832834693409964], [0.0018269330228991025, -0.9999967136164191, 0.0017986306154004206, 0.03162219657245413], [0.0, 0.0, 0.0, 1.0]]}, "Hobj2base": {"type": "ndarray", "data": [[0.9999988249858867, 0.0014556198315678595, -0.0004808302736428024, -0.7341772821634376], [0.0014553219625500215, -0.9999987492773683, -0.0006192589804318764, 0.08853431948321672], [-0.00048173107791029014, 0.0006185584899363432, -0.9999996926602346, -0.0006809770561389939], [0.0, 0.0, 0.0, 1.0]]}, "mean_rme": {"type": "float", "data": 0.0016659110787447086}, "max_rme": {"type": "float", "data": 0.004370575754091333}, "simu": {"type": "float", "data": 0.002}}, {"type": "dict", "image_number": {"type": "int", "data": 26}, "Hcamera2end": {"type": "ndarray", "data": [[0.9999984660269245, 0.0017330592314061504, -0.0002538690572834231, -0.015261989977080835], [0.000250107331859912, 0.0021704412101022363, 0.99999761331279, 0.02941460575857426], [0.0017336061029997463, -0.9999961428378882, 0.0021700044298835763, 0.032323307203565035], [0.0, 0.0, 0.0, 1.0]]}, "Hobj2base": {"type": "ndarray", "data": [[0.9999989993773041, 0.001188458783752824, -0.0007673396313620087, -0.7350760722550679], [0.0011881027595480903, -0.9999991864362685, -0.0004642613854373286, 0.08880442767338054], [-0.0007678907626037951, 0.0004633492425533177, -0.9999995978255471, -0.000304415289887945], [0.0, 0.0, 0.0, 1.0]]}, "mean_rme": {"type": "float", "data": 0.0016588774049651972}, "max_rme": {"type": "float", "data": 0.004384050606386185}, "simu": {"type": "float", "data": 0.002}}, {"type": "dict", "image_number": {"type": "int", "data": 27}, "Hcamera2end": {"type": "ndarray", "data": [[0.9999993045984099, 0.001144399997112358, -0.00028487074840923633, -0.015213145618360282], [0.00028223535482769493, 0.0023023623526596815, 0.9999973097317819, 0.029041374748696988], [0.0011450527940559284, -0.9999966947326594, 0.00230203776145399, 0.03229589118681192], [0.0, 0.0, 0.0, 1.0]]}, "Hobj2base": {"type": "ndarray", "data": [[0.9999996130380168, 0.0005911872800241513, -0.0006514763362226231, -0.7351039358172876], [0.0005909102478349645, -0.999999734952044, -0.0004253479990001258, 0.08915205715785508], [-0.0006517276238767445, 0.0004249628703633246, -0.9999996973287855, -1.2878579736458546e-05], [0.0, 0.0, 0.0, 1.0]]}, "mean_rme": {"type": "float", "data": 0.0016564229113202086}, "max_rme": {"type": "float", "data": 0.0043722234996576015}, "simu": {"type": "float", "data": 0.002}}, {"type": "dict", "image_number": {"type": "int", "data": 28}, "Hcamera2end": {"type": "ndarray", "data": [[0.9999995793734353, 0.0007661812097513364, -0.0005042016523016096, -0.015094794421331468], [0.0005027392677452616, 0.0019076621113335301, 0.9999980540373555, 0.029353153199755927], [0.000767141565179891, -0.9999978868935789, 0.0019072761195397803, 0.03194720406688169], [0.0, 0.0, 0.0, 1.0]]}, "Hobj2base": {"type": "ndarray", "data": [[0.9999998818479503, 0.0004540778475655388, -0.00017354363669273853, -0.734526585276174], [0.0004539832706562508, -0.999999748640714, -0.0005446262015681389, 0.08904854486505008], [-0.00017379089576426973, 0.0005445473513116494, -0.9999998366324403, -0.00036204777711825494], [0.0, 0.0, 0.0, 1.0]]}, "mean_rme": {"type": "float", "data": 0.0016502040610979478}, "max_rme": {"type": "float", "data": 0.004334615095162222}, "simu": {"type": "float", "data": 0.002}}, {"type": "dict", "image_number": {"type": "int", "data": 29}, "Hcamera2end": {"type": "ndarray", "data": [[0.9999995892595593, 0.0007666538261391382, -0.00048344867727472446, -0.015098166337189495], [0.00048199083677254775, 0.0019006089635047463, 0.9999980776833527, 0.029360190305106695], [0.0007675711992771485, -0.9999978999615341, 0.0019002386627285928, 0.03189095497502298], [0.0, 0.0, 0.0, 1.0]]}, "Hobj2base": {"type": "ndarray", "data": [[0.9999998800592441, 0.00046310347167723956, -0.00015942607005243467, -0.7344631971942069], [0.00046301987053601204, -0.9999997555045022, -0.0005240262739920199, 0.08905592019135734], [-0.00015966870946021406, 0.0005239523937015967, -0.999999849989885, -0.0003703033656508496], [0.0, 0.0, 0.0, 1.0]]}, "mean_rme": {"type": "float", "data": 0.0015995021314570528}, "max_rme": {"type": "float", "data": 0.004331580808323965}, "simu": {"type": "float", "data": 0.002}}, {"type": "dict", "image_number": {"type": "int", "data": 30}, "Hcamera2end": {"type": "ndarray", "data": [[0.99999959389597, 0.0007646833369196504, -0.0004769353093636283, -0.015114623362338504], [0.00047550331860213367, 0.0018717479769589929, 0.9999981352263136, 0.02919600464748446], [0.000765574613658727, -0.9999979559073633, 0.0018713836073702694, 0.03187373460319343], [0.0, 0.0, 0.0, 1.0]]}, "Hobj2base": {"type": "ndarray", "data": [[0.9999998767737427, 0.00048110383126091853, -0.00012244020144972395, -0.7344485116613625], [0.0004810427205370385, -0.9999997599741626, -0.0004986476900649823, 0.08913284139547026], [-0.0001226800733750517, 0.0004985887296508853, -0.9999998681794307, -0.00023245807425494313], [0.0, 0.0, 0.0, 1.0]]}, "mean_rme": {"type": "float", "data": 0.0015607985378774376}, "max_rme": {"type": "float", "data": 0.004322072745600047}, "simu": {"type": "float", "data": 0.002}}]}