{"type": "list", "data": [{"type": "dict", "image_number": {"type": "int", "data": 5}, "Hcamera2end": {"type": "ndarray", "data": [[0.9999865124724233, 0.0035967276458205694, -0.003746788422342735, -0.008364301361384502], [0.00375009315242497, -0.0009125118366899443, 0.999992552034012, 0.020929320117487663], [0.0035932818687304346, -0.9999931154124961, -0.0009259875928770978, 0.02934749304908563], [0.0, 0.0, 0.0, 1.0]]}, "Hobj2base": {"type": "ndarray", "data": [[0.9999858103119021, 0.00480150456871632, 0.002307537372417421, -0.7289803217567958], [0.004803270457478704, -0.9999881751694477, -0.0007603382080116939, 0.0974313538774849], [0.002303859318799461, 0.0007714111451401338, -0.9999970485741867, 0.004092812000208945], [0.0, 0.0, 0.0, 1.0]]}, "mean_rme": {"type": "float", "data": 0.0012393282537045559}, "max_rme": {"type": "float", "data": 0.003081057238385587}, "simu": {"type": "float", "data": 0.002}}, {"type": "dict", "image_number": {"type": "int", "data": 6}, "Hcamera2end": {"type": "ndarray", "data": [[0.9999855679947226, 0.003702421661148319, -0.0038930548564215777, -0.008541098791460216], [0.0038969940946841984, -0.0010573442316546, 0.9999918476968709, 0.020892155344129595], [0.003698275178788674, -0.9999925870210332, -0.001071757287406605, 0.0293077894459159], [0.0, 0.0, 0.0, 1.0]]}, "Hobj2base": {"type": "ndarray", "data": [[0.9999861295696689, 0.004811701647492865, 0.0021420073596482335, -0.7289657373391433], [0.004812936856115318, -0.9999882542278353, -0.0005718786459168457, 0.0974932335144894], [0.0021392304906950876, 0.0005821800598812508, -0.999997542376623, 0.003979058913955937], [0.0, 0.0, 0.0, 1.0]]}, "mean_rme": {"type": "float", "data": 0.0012196374444532981}, "max_rme": {"type": "float", "data": 0.002821159330009093}, "simu": {"type": "float", "data": 0.002}}, {"type": "dict", "image_number": {"type": "int", "data": 7}, "Hcamera2end": {"type": "ndarray", "data": [[0.9999866417405551, 0.003526410795468587, -0.003778990255115345, -0.008594740237424951], [0.003782224351938314, -0.0009108894510321264, 0.9999924325010462, 0.020857219270887677], [0.003522941866999644, -0.9999933673316587, -0.0009242149599200111, 0.02924167610585254], [0.0, 0.0, 0.0, 1.0]]}, "Hobj2base": {"type": "ndarray", "data": [[0.9999875477278972, 0.004608549892375698, 0.0019145905661708863, -0.7290756165896136], [0.00461031514147337, -0.9999889505138089, -0.0009186101396955964, 0.09729937213163917], [0.0019103359502684332, 0.0009274255667891203, -0.9999977452466464, 0.00403129737337892], [0.0, 0.0, 0.0, 1.0]]}, "mean_rme": {"type": "float", "data": 0.0011948961502898018}, "max_rme": {"type": "float", "data": 0.0027473414834545684}, "simu": {"type": "float", "data": 0.002}}, {"type": "dict", "image_number": {"type": "int", "data": 8}, "Hcamera2end": {"type": "ndarray", "data": [[0.999986578228973, 0.0035636778665115434, -0.003760792732105826, -0.008250396565667515], [0.0037669976052457964, -0.0017360334538920608, 0.9999913979214468, 0.02111056633593064], [0.003557118349478508, -0.9999921431630905, -0.0017494345192374805, 0.02928390366180713], [0.0, 0.0, 0.0, 1.0]]}, "Hobj2base": {"type": "ndarray", "data": [[0.9999845990293822, 0.004838853603849895, 0.002717940368415593, -0.728911242962124], [0.004840593956909699, -0.9999880832078003, -0.0006341076674860182, 0.09747295978050986], [0.002714839625112968, 0.0006472543473350561, -0.9999961053462258, 0.003959518395026715], [0.0, 0.0, 0.0, 1.0]]}, "mean_rme": {"type": "float", "data": 0.0012833473883262668}, "max_rme": {"type": "float", "data": 0.0034248614957743673}, "simu": {"type": "float", "data": 0.002}}, {"type": "dict", "image_number": {"type": "int", "data": 9}, "Hcamera2end": {"type": "ndarray", "data": [[0.9999864662384135, 0.0034904525140454076, -0.0038579892764984674, -0.008522029551193227], [0.0038656762202007354, -0.002198217500668731, 0.9999901121447055, 0.021020397749092243], [0.0034819373014110446, -0.9999914922543427, -0.0022116807097984914, 0.02900422660836126], [0.0, 0.0, 0.0, 1.0]]}, "Hobj2base": {"type": "ndarray", "data": [[0.9999826940765479, 0.0049967262775565055, 0.0031055231308613697, -0.7286168284909045], [0.004999066358386232, -0.9999872261661451, -0.0007462171826238692, 0.09721146058262294], [0.0031017548184196823, 0.0007617289848551074, -0.9999948994299921, 0.003628991197696391], [0.0, 0.0, 0.0, 1.0]]}, "mean_rme": {"type": "float", "data": 0.0013305056910668301}, "max_rme": {"type": "float", "data": 0.0038435681823157375}, "simu": {"type": "float", "data": 0.002}}, {"type": "dict", "image_number": {"type": "int", "data": 10}, "Hcamera2end": {"type": "ndarray", "data": [[0.999986020175743, 0.0034028582789130397, -0.004047222332933168, -0.008789478528709854], [0.004057375801372641, -0.0029822158416104028, 0.999987321964774, 0.020952372911427958], [0.0033907454468001174, -0.99998976341971, -0.0029959808255934917, 0.02861949589049919], [0.0, 0.0, 0.0, 1.0]]}, "Hobj2base": {"type": "ndarray", "data": [[0.9999786547166276, 0.005355318947523467, 0.003743082966477601, -0.7282218951204925], [0.0053587624010661365, -0.9999852271929088, -0.0009105281301379332, 0.09682575014446734], [0.0037381515020874292, 0.0009305669869218081, -0.999992580106688, 0.003211252149010374], [0.0, 0.0, 0.0, 1.0]]}, "mean_rme": {"type": "float", "data": 0.0014952785033193132}, "max_rme": {"type": "float", "data": 0.004346743071179104}, "simu": {"type": "float", "data": 0.002}}, {"type": "dict", "image_number": {"type": "int", "data": 11}, "Hcamera2end": {"type": "ndarray", "data": [[0.9999845139462079, 0.003749943755296853, -0.004112151456177211, -0.008559675604250243], [0.004120805679731445, -0.0023030287820893225, 0.9999888574474112, 0.020986989062490625], [0.003740431568191468, -0.9999903169432498, -0.002318445906787092, 0.028742778579619467], [0.0, 0.0, 0.0, 1.0]]}, "Hobj2base": {"type": "ndarray", "data": [[0.9999810883379133, 0.005377725933084509, 0.0029837946161062837, -0.7286783489426889], [0.005380568729938712, -0.9999850776080905, -0.0009455375632336982, 0.09683961062257768], [0.002978665248879138, 0.0009615741935547928, -0.9999951014522048, 0.0035244911301561873], [0.0, 0.0, 0.0, 1.0]]}, "mean_rme": {"type": "float", "data": 0.0014832558735561815}, "max_rme": {"type": "float", "data": 0.00471485336874522}, "simu": {"type": "float", "data": 0.002}}, {"type": "dict", "image_number": {"type": "int", "data": 12}, "Hcamera2end": {"type": "ndarray", "data": [[0.9999847289565994, 0.0036365157791482965, -0.0041614428488798, -0.00850622959621881], [0.00416990800283598, -0.0023233466764849275, 0.999988606898833, 0.021156661745734724], [0.003626805873543802, -0.9999906888632558, -0.0023384751328068276, 0.028881041099958003], [0.0, 0.0, 0.0, 1.0]]}, "Hobj2base": {"type": "ndarray", "data": [[0.9999815072053033, 0.005343850914785896, 0.0029031887314583467, -0.7288442906606739], [0.005347246342690306, -0.9999850270226958, -0.0011630507164338286, 0.09694797015704648], [0.002896930092444403, 0.001178553273702138, -0.9999951093921513, 0.0036081326905607705], [0.0, 0.0, 0.0, 1.0]]}, "mean_rme": {"type": "float", "data": 0.0014841266726450324}, "max_rme": {"type": "float", "data": 0.004961218638198206}, "simu": {"type": "float", "data": 0.002}}, {"type": "dict", "image_number": {"type": "int", "data": 13}, "Hcamera2end": {"type": "ndarray", "data": [[0.9999829936149887, 0.003723152782681069, -0.004488943546365572, -0.008444786362500522], [0.00449838166881857, -0.002530492917458993, 0.9999866804952735, 0.021184026997872335], [0.003711743952279031, -0.99998986731814, -0.002547198045149912, 0.028963587030902866], [0.0, 0.0, 0.0, 1.0]]}, "Hobj2base": {"type": "ndarray", "data": [[0.9999804999006843, 0.00551313934161681, 0.002933447285618688, -0.7288001334506865], [0.005517444015906104, -0.9999837109542746, -0.001461382102503971, 0.09678905530847064], [0.0029253426993992694, 0.0014775387365798468, -0.999994629610266, 0.0037260221231713744], [0.0, 0.0, 0.0, 1.0]]}, "mean_rme": {"type": "float", "data": 0.0014290827008171174}, "max_rme": {"type": "float", "data": 0.005062862455730066}, "simu": {"type": "float", "data": 0.002}}, {"type": "dict", "image_number": {"type": "int", "data": 14}, "Hcamera2end": {"type": "ndarray", "data": [[0.9999838056113967, 0.0035165306270640508, -0.00447465387459896, -0.008458227323881108], [0.0044828011880241395, -0.0023124045004472293, 0.99998727855855, 0.021148092593374725], [0.003506138681968005, -0.9999911433596675, -0.002328130960142838, 0.028878567217672478], [0.0, 0.0, 0.0, 1.0]]}, "Hobj2base": {"type": "ndarray", "data": [[0.9999827031590313, 0.005238587819496068, 0.0026740569205404626, -0.7289622871565905], [0.00524189581490085, -0.9999855027841662, -0.0012315639504467137, 0.09682116535052791], [0.002667566498250393, 0.0012455597760615078, -0.9999956663255205, 0.0037576155112564458], [0.0, 0.0, 0.0, 1.0]]}, "mean_rme": {"type": "float", "data": 0.0014239917323171562}, "max_rme": {"type": "float", "data": 0.004958760839275322}, "simu": {"type": "float", "data": 0.002}}, {"type": "dict", "image_number": {"type": "int", "data": 15}, "Hcamera2end": {"type": "ndarray", "data": [[0.9999846104125549, 0.003128290446474817, -0.004581783160881876, -0.008428543261602604], [0.004587662306365404, -0.0018747655256066142, 0.9999877192289847, 0.021100196765314095], [0.003119662259540349, -0.9999933495044387, -0.0018890882139033227, 0.02876701763374402], [0.0, 0.0, 0.0, 1.0]]}, "Hobj2base": {"type": "ndarray", "data": [[0.9999864507456565, 0.004638640257488248, 0.002362486331474458, -0.7292079838962949], [0.004641036507587261, -0.9999887204568221, -0.0010098214013942869, 0.09686003625888327], [0.002357775485502495, 0.0010207721043803265, -0.9999966994540885, 0.003854039203915882], [0.0, 0.0, 0.0, 1.0]]}, "mean_rme": {"type": "float", "data": 0.0014433129907252928}, "max_rme": {"type": "float", "data": 0.004950962802824976}, "simu": {"type": "float", "data": 0.002}}, {"type": "dict", "image_number": {"type": "int", "data": 16}, "Hcamera2end": {"type": "ndarray", "data": [[0.9999820846169232, 0.0034611164266874464, -0.004883760669164716, -0.008478228772677284], [0.0048904600147748715, -0.0019297897093737415, 0.9999861795607582, 0.021099649509379575], [0.003451643961455763, -0.999992148261554, -0.0019466815879431998, 0.028636214696886087], [0.0, 0.0, 0.0, 1.0]]}, "Hobj2base": {"type": "ndarray", "data": [[0.9999851299135833, 0.0049666620436733255, 0.002252158932599172, -0.729265863170921], [0.004969701706967403, -0.9999867449726376, -0.0013460846824066936, 0.09656259839609883], [0.002245443532471217, 0.0013572572241028424, -0.9999965579121608, 0.0038393817745660946], [0.0, 0.0, 0.0, 1.0]]}, "mean_rme": {"type": "float", "data": 0.0014591423015718257}, "max_rme": {"type": "float", "data": 0.004858183827094187}, "simu": {"type": "float", "data": 0.002}}, {"type": "dict", "image_number": {"type": "int", "data": 17}, "Hcamera2end": {"type": "ndarray", "data": [[0.999983497626579, 0.003351917231439445, -0.0046657395327345625, -0.008462967674959295], [0.0046722075345920645, -0.00192441046723979, 0.9999872334790616, 0.0211257827434525], [0.0033428956411237177, -0.9999925306197177, -0.0019400395628437206, 0.028672419780822397], [0.0, 0.0, 0.0, 1.0]]}, "Hobj2base": {"type": "ndarray", "data": [[0.9999855495102533, 0.004883301084024565, 0.002248141721387905, -0.72929601752844], [0.004886144271429646, -0.9999872677402335, -0.0012609328221346754, 0.09669830869161565], [0.0022419555828463032, 0.0012718993458311794, -0.9999966779480916, 0.0038197980841354192], [0.0, 0.0, 0.0, 1.0]]}, "mean_rme": {"type": "float", "data": 0.001398838051247825}, "max_rme": {"type": "float", "data": 0.004886982492861736}, "simu": {"type": "float", "data": 0.002}}, {"type": "dict", "image_number": {"type": "int", "data": 18}, "Hcamera2end": {"type": "ndarray", "data": [[0.9999875285176203, 0.0031284804142451507, -0.003892996213619087, -0.00842774268592637], [0.0038987764109464926, -0.0018436355687687644, 0.9999907002319509, 0.02120464752232766], [0.0031212740538144428, -0.9999934067873587, -0.001855809821541321, 0.02876656842046886], [0.0, 0.0, 0.0, 1.0]]}, "Hobj2base": {"type": "ndarray", "data": [[0.99998657487169, 0.004646351556989192, 0.0022937945842672436, -0.7293526881168134], [0.0046477913510272395, -0.9999890050423887, -0.000622759897950434, 0.09723503505955759], [0.002290875802671548, 0.0006334126159486881, -0.9999971753342678, 0.003712203844370975], [0.0, 0.0, 0.0, 1.0]]}, "mean_rme": {"type": "float", "data": 0.0014228170164475298}, "max_rme": {"type": "float", "data": 0.004987690876874229}, "simu": {"type": "float", "data": 0.002}}, {"type": "dict", "image_number": {"type": "int", "data": 19}, "Hcamera2end": {"type": "ndarray", "data": [[0.9999905155605594, 0.0027767376646269525, -0.003355371345843509, -0.00839110477192432], [0.0033600884667950013, -0.0016958818209771298, 0.9999929168700868, 0.021241072316136443], [0.002771027683365296, -0.9999947068423868, -0.0017051958206910633, 0.028853607593923972], [0.0, 0.0, 0.0, 1.0]]}, "Hobj2base": {"type": "ndarray", "data": [[0.9999881890998599, 0.0042760256956919955, 0.002310252157806087, -0.7294169771280222], [0.004276474650477718, -0.9999908378990967, -0.0001894265732356522, 0.09764692758320057], [0.0023094209981481023, 0.00019930407072638102, -0.9999973134226616, 0.0036432904526953204], [0.0, 0.0, 0.0, 1.0]]}, "mean_rme": {"type": "float", "data": 0.0014177110769770683}, "max_rme": {"type": "float", "data": 0.0050612940021833586}, "simu": {"type": "float", "data": 0.002}}, {"type": "dict", "image_number": {"type": "int", "data": 20}, "Hcamera2end": {"type": "ndarray", "data": [[0.9999905231585173, 0.0027844994748683996, -0.003346663387509079, -0.00851333536351414], [0.0033507671924131346, -0.0014704459420045168, 0.9999933050515657, 0.02204101955383148], [0.0027795597451905824, -0.999995042163413, -0.0014797622163089663, 0.030534333973114648], [0.0, 0.0, 0.0, 1.0]]}, "Hobj2base": {"type": "ndarray", "data": [[0.9999889696729857, 0.004189532603215659, 0.002123287292653248, -0.7310957240828577], [0.0041899088079697545, -0.99999120736989, -0.00017276310255530478, 0.09721072831477943], [0.002122544826722679, 0.00018165757705112569, -0.9999977308994168, 0.0028843094865544927], [0.0, 0.0, 0.0, 1.0]]}, "mean_rme": {"type": "float", "data": 0.0014434851305752372}, "max_rme": {"type": "float", "data": 0.004920482654840963}, "simu": {"type": "float", "data": 0.002}}, {"type": "dict", "image_number": {"type": "int", "data": 21}, "Hcamera2end": {"type": "ndarray", "data": [[0.9999910834438545, 0.002660326143701241, -0.0032795880221946133, -0.008482215437553552], [0.0032837298708454756, -0.0015540241045419734, 0.9999934010418354, 0.022613263995549304], [0.002655212029480856, -0.9999952538256824, -0.0015627460404230575, 0.030520832075985375], [0.0, 0.0, 0.0, 1.0]]}, "Hobj2base": {"type": "ndarray", "data": [[0.9999889897142954, 0.004124335072128885, 0.0022383722647586154, -0.7309788827763872], [0.004124586592519284, -0.9999914880500644, -0.00010776297180352607, 0.09694193512935213], [0.002237908761241875, 0.00011699414553470854, -0.9999974890352203, 0.002373205077224428], [0.0, 0.0, 0.0, 1.0]]}, "mean_rme": {"type": "float", "data": 0.001422509957595713}, "max_rme": {"type": "float", "data": 0.004940099046401081}, "simu": {"type": "float", "data": 0.002}}, {"type": "dict", "image_number": {"type": "int", "data": 22}, "Hcamera2end": {"type": "ndarray", "data": [[0.9999908305674763, 0.002927941429807482, -0.0031250503920178824, -0.008520036067171347], [0.003129876558193712, -0.0016451841798263978, 0.9999937486013325, 0.022818352689443887], [0.0029227818426122206, -0.9999943602480957, -0.001654333189666124, 0.030956213870111184], [0.0, 0.0, 0.0, 1.0]]}, "Hobj2base": {"type": "ndarray", "data": [[0.9999877177457084, 0.004433650030646217, 0.002215198667234404, -0.7313576720014368], [0.004433658954747288, -0.9999901712854449, 8.82153414628033e-07, 0.09682397712997926], [0.0022151808058385363, 8.939292827732606e-06, -0.9999975464440325, 0.0021474609230861708], [0.0, 0.0, 0.0, 1.0]]}, "mean_rme": {"type": "float", "data": 0.0013895680146101225}, "max_rme": {"type": "float", "data": 0.004908055897800356}, "simu": {"type": "float", "data": 0.002}}, {"type": "dict", "image_number": {"type": "int", "data": 23}, "Hcamera2end": {"type": "ndarray", "data": [[0.999990375776946, 0.0032042360134650213, -0.002996869208391041, -0.008526196023748944], [0.003002856945657824, -0.0018655191250116498, 0.9999937513247561, 0.02360293899384038], [0.003198625274411356, -0.9999931263313584, -0.001875123033208137, 0.03118471085013787], [0.0, 0.0, 0.0, 1.0]]}, "Hobj2base": {"type": "ndarray", "data": [[0.9999858298406659, 0.004806758933034263, 0.0022880529789851126, -0.7314155864688305], [0.004806581459133401, -0.9999884448712584, 8.305804517404459e-05, 0.09638837134669895], [0.002288425780238974, -7.205915520200569e-05, -0.9999973789540282, 0.0014302523378798536], [0.0, 0.0, 0.0, 1.0]]}, "mean_rme": {"type": "float", "data": 0.0013798019983169319}, "max_rme": {"type": "float", "data": 0.004907852614271402}, "simu": {"type": "float", "data": 0.002}}, {"type": "dict", "image_number": {"type": "int", "data": 24}, "Hcamera2end": {"type": "ndarray", "data": [[0.9999907777617738, 0.0034080510227255164, -0.0026133464426474776, -0.008629630064903013], [0.002618653647380574, -0.0015537236895011297, 0.9999953642871409, 0.023231071426942414], [0.0034039748057027508, -0.9999929855408602, -0.0015626338659322503, 0.030925806207585744], [0.0, 0.0, 0.0, 1.0]]}, "Hobj2base": {"type": "ndarray", "data": [[0.9999863385560015, 0.004858437139736524, 0.0019282867839842057, -0.7313481292897519], [0.00485776985366712, -0.9999881395110664, 0.0003505841485302399, 0.09682431144664416], [0.0019299672046079654, -0.0003412121856360648, -0.9999980793985725, 0.0017186363044316328], [0.0, 0.0, 0.0, 1.0]]}, "mean_rme": {"type": "float", "data": 0.0014472206066160587}, "max_rme": {"type": "float", "data": 0.004866159724010111}, "simu": {"type": "float", "data": 0.002}}, {"type": "dict", "image_number": {"type": "int", "data": 25}, "Hcamera2end": {"type": "ndarray", "data": [[0.9999901387387798, 0.0034773461997817845, -0.0027623339050078196, -0.008663123829481284], [0.0027684220094317757, -0.001747196208813362, 0.9999946415581363, 0.02359198342724198], [0.0034725012272980266, -0.9999924276557371, -0.0017568057410091154, 0.0301738812652309], [0.0, 0.0, 0.0, 1.0]]}, "Hobj2base": {"type": "ndarray", "data": [[0.9999852235202377, 0.005017563180836023, 0.0020920805210686575, -0.7304709447972831], [0.005017144817153746, -0.9999873930010454, 0.00020517518471895887, 0.09664208864916896], [0.0020930836256641827, -0.0001946758820086462, -0.9999977905486777, 0.001401846388948207], [0.0, 0.0, 0.0, 1.0]]}, "mean_rme": {"type": "float", "data": 0.0014805244058426563}, "max_rme": {"type": "float", "data": 0.004847330974442676}, "simu": {"type": "float", "data": 0.002}}, {"type": "dict", "image_number": {"type": "int", "data": 26}, "Hcamera2end": {"type": "ndarray", "data": [[0.9999900318090831, 0.003669049843037002, -0.002544475529128036, -0.008770385872313857], [0.0025517645579901755, -0.0019833148379915233, 0.9999947774663095, 0.0241948971352942], [0.0036639841852287585, -0.9999913022299257, -0.0019926576192816903, 0.03047121743011077], [0.0, 0.0, 0.0, 1.0]]}, "Hobj2base": {"type": "ndarray", "data": [[0.9999836029702142, 0.00527853204233151, 0.0022205607821264616, -0.7306132790058097], [0.005277560364363959, -0.9999859753604012, 0.0004432145161074057, 0.09644847758449651], [0.0022228691615866847, -0.000431488105135372, -0.9999974363320665, 0.0007629554940541384], [0.0, 0.0, 0.0, 1.0]]}, "mean_rme": {"type": "float", "data": 0.0015489452917911192}, "max_rme": {"type": "float", "data": 0.004722518865579173}, "simu": {"type": "float", "data": 0.002}}, {"type": "dict", "image_number": {"type": "int", "data": 27}, "Hcamera2end": {"type": "ndarray", "data": [[0.9999908806922517, 0.0034734734502678884, -0.002484655816199495, -0.008726512255697167], [0.0024909012573840943, -0.001794870862304565, 0.9999952869136502, 0.02399858090367959], [0.0034689974431602313, -0.9999923566811789, -0.0018035065737094236, 0.030851278317740472], [0.0, 0.0, 0.0, 1.0]]}, "Hobj2base": {"type": "ndarray", "data": [[0.9999850155150041, 0.005028694055706114, 0.002163557614458472, -0.7310714649220783], [0.005027610767023187, -0.9999872335435787, 0.0005058456637344167, 0.09652379588651021], [0.002166073736576798, -0.0004949605583401319, -0.9999975315662599, 0.0009567287935257136], [0.0, 0.0, 0.0, 1.0]]}, "mean_rme": {"type": "float", "data": 0.0015414690679048156}, "max_rme": {"type": "float", "data": 0.004771167295598677}, "simu": {"type": "float", "data": 0.002}}, {"type": "dict", "image_number": {"type": "int", "data": 28}, "Hcamera2end": {"type": "ndarray", "data": [[0.9999913440857425, 0.0033634030963956255, -0.0024493413811198747, -0.008758337385403322], [0.002456583195719676, -0.00215068064184587, 0.9999946698716846, 0.024376763584315515], [0.0033581174179318986, -0.9999920310144417, -0.002158924505265558, 0.030810299380871348], [0.0, 0.0, 0.0, 1.0]]}, "Hobj2base": {"type": "ndarray", "data": [[0.9999837431383548, 0.00510493861076231, 0.002540287539856634, -0.7308209475693463], [0.005103380833460668, -0.9999867858777836, 0.0006193334220567808, 0.09637725698995446], [0.002543415631285811, -0.0006063592988966429, -0.9999965816768206, 0.0005418563506436523], [0.0, 0.0, 0.0, 1.0]]}, "mean_rme": {"type": "float", "data": 0.001546242652993969}, "max_rme": {"type": "float", "data": 0.004698370972538335}, "simu": {"type": "float", "data": 0.002}}, {"type": "dict", "image_number": {"type": "int", "data": 29}, "Hcamera2end": {"type": "ndarray", "data": [[0.999993968452475, 0.002435086132930391, -0.0024765730749552873, -0.008619262496010124], [0.0024836296737702976, -0.0028991437975018908, 0.999992713247894, 0.02481913659104932], [0.0024278884475920667, -0.9999928326346975, -0.0029051741633561168, 0.031121863893675834], [0.0, 0.0, 0.0, 1.0]]}, "Hobj2base": {"type": "ndarray", "data": [[0.9999837621379256, 0.004576091354324048, 0.003396299220852486, -0.7307719403514559], [0.004573367850033264, -0.9999892146627538, 0.0008092370959978973, 0.09619743360924063], [0.003399965733498594, -0.0007936914300518071, -0.999993905124889, 4.8370135726733176e-05], [0.0, 0.0, 0.0, 1.0]]}, "mean_rme": {"type": "float", "data": 0.0015503261596986684}, "max_rme": {"type": "float", "data": 0.004772688698506999}, "simu": {"type": "float", "data": 0.002}}, {"type": "dict", "image_number": {"type": "int", "data": 30}, "Hcamera2end": {"type": "ndarray", "data": [[0.9999944164507689, 0.0025399573213283097, -0.002171562592250678, -0.00859124467602915], [0.0021791635386747368, -0.0029936194442536923, 0.9999931447209497, 0.024681673519734774], [0.0025334390772115208, -0.9999922934000184, -0.0029991377116165285, 0.03038794190873281], [0.0, 0.0, 0.0, 1.0]]}, "Hobj2base": {"type": "ndarray", "data": [[0.9999829406221861, 0.004704608127046496, 0.003461954213502408, -0.7300101126741151], [0.004700788070945509, -0.9999883343447249, 0.0011107501852856915, 0.096437980160588], [0.0034671394718867902, -0.0010944573235096323, -0.999993390531682, 0.0001272798385087463], [0.0, 0.0, 0.0, 1.0]]}, "mean_rme": {"type": "float", "data": 0.0015591612163435723}, "max_rme": {"type": "float", "data": 0.004920147483130188}, "simu": {"type": "float", "data": 0.002}}]}