{"type": "list", "data": [{"type": "dict", "image_number": {"type": "int", "data": 5}, "Hcamera2end": {"type": "ndarray", "data": [[0.9999686241097868, -0.0077574963845847, 0.001603759901952463, -0.010763990379625011], [-0.0016137725422519992, -0.001284617853640535, 0.9999978727453133, 0.018397589802071415], [-0.007755419663811159, -0.9999690850255386, -0.0012970963822738213, 0.037173176147760154], [0.0, 0.0, 0.0, 1.0]]}, "Hobj2base": {"type": "ndarray", "data": [[0.999969299001298, -0.007659250730642879, 0.0016543678846435775, -0.7360737242656896], [-0.007661105768952136, -0.9999700284457249, 0.0011178857962223466, 0.0963792548236223], [0.0016457561330652402, -0.00113052576335698, -0.9999980066971379, 0.006023426801098042], [0.0, 0.0, 0.0, 1.0]]}, "mean_rme": {"type": "float", "data": 0.00226305793994746}, "max_rme": {"type": "float", "data": 0.005560153892733455}, "simu": {"type": "float", "data": 0.002}}, {"type": "dict", "image_number": {"type": "int", "data": 6}, "Hcamera2end": {"type": "ndarray", "data": [[0.9999688256130583, -0.007699403778170685, 0.0017512805319651581, -0.010439860605547337], [-0.0017602750088494558, -0.0011615829436297798, 0.9999977760760062, 0.018898469576390645], [-0.007697352397686442, -0.9999696844937478, -0.0011750998000474855, 0.03733455299993861], [0.0, 0.0, 0.0, 1.0]]}, "Hobj2base": {"type": "ndarray", "data": [[0.9999700949355359, -0.007608725164410814, 0.0013843901139992789, -0.7366353744943873], [-0.0076105947199494066, -0.9999701274100004, 0.001350235400585281, 0.09704409416326998], [0.001374075188610692, -0.0013607310538005378, -0.9999981301624397, 0.006251538963335292], [0.0, 0.0, 0.0, 1.0]]}, "mean_rme": {"type": "float", "data": 0.0020821638046162314}, "max_rme": {"type": "float", "data": 0.006168629455990504}, "simu": {"type": "float", "data": 0.002}}, {"type": "dict", "image_number": {"type": "int", "data": 7}, "Hcamera2end": {"type": "ndarray", "data": [[0.9999701427264374, -0.007529021918782708, 0.0017399668430890993, -0.010212463623316959], [-0.0017444145404200994, -0.0005842137522080737, 0.9999983078546699, 0.019220469824035958], [-0.0075279926660253085, -0.999971485855091, -0.0005973300444885865, 0.03734804745074492], [0.0, 0.0, 0.0, 1.0]]}, "Hobj2base": {"type": "ndarray", "data": [[0.9999722488811411, -0.007317924015040627, 0.001396229101318825, -0.7370502981716334], [-0.007319806771322119, -0.9999723010806654, 0.0013481469759984075, 0.09730593755250772], [0.0013863247901501124, -0.0013583296906415877, -0.9999981165202398, 0.0062712340166591485], [0.0, 0.0, 0.0, 1.0]]}, "mean_rme": {"type": "float", "data": 0.0018240840137683312}, "max_rme": {"type": "float", "data": 0.006567302778951567}, "simu": {"type": "float", "data": 0.002}}, {"type": "dict", "image_number": {"type": "int", "data": 8}, "Hcamera2end": {"type": "ndarray", "data": [[0.9999700033830632, -0.007519671603383607, 0.0018565756257059854, -0.01032913528514678], [-0.0018714544961068555, -0.0019721066789597508, 0.9999963042198283, 0.019090546906752513], [-0.007515982447138949, -0.9999697822105544, -0.0019861202456625815, 0.0376294026215723], [0.0, 0.0, 0.0, 1.0]]}, "Hobj2base": {"type": "ndarray", "data": [[0.9999695580943683, -0.007394330420340193, 0.002491337429688559, -0.7359837900436452], [-0.007398038268701037, -0.9999715353809695, 0.0014823824072961946, 0.09733350569968535], [0.002480305289388899, -0.0015007682903959247, -0.9999957978812761, 0.006142713650321423], [0.0, 0.0, 0.0, 1.0]]}, "mean_rme": {"type": "float", "data": 0.0018785086238627942}, "max_rme": {"type": "float", "data": 0.006460748822312956}, "simu": {"type": "float", "data": 0.002}}, {"type": "dict", "image_number": {"type": "int", "data": 9}, "Hcamera2end": {"type": "ndarray", "data": [[0.9999685837995183, -0.007639044255667986, 0.0021157544389003636, -0.010412776742321954], [-0.0021315494151575936, -0.002060114687525205, 0.9999956062026297, 0.01913595385797922], [-0.00763465199446065, -0.9999686999753213, -0.0020763329668647135, 0.03761807665514358], [0.0, 0.0, 0.0, 1.0]]}, "Hobj2base": {"type": "ndarray", "data": [[0.9999685678291366, -0.007535883751854683, 0.0024645100575983727, -0.7359694534030423], [-0.007539523122409365, -0.9999704957781543, 0.0014707699611577376, 0.09735791598965358], [0.002453353792693888, -0.001489304962229691, -0.9999958815044674, 0.006070130660263622], [0.0, 0.0, 0.0, 1.0]]}, "mean_rme": {"type": "float", "data": 0.0017315430845638987}, "max_rme": {"type": "float", "data": 0.006413422863916218}, "simu": {"type": "float", "data": 0.002}}, {"type": "dict", "image_number": {"type": "int", "data": 10}, "Hcamera2end": {"type": "ndarray", "data": [[0.9999700959418899, -0.00746020266100013, 0.0020377924880657316, -0.010542912833081581], [-0.0020575854038596296, -0.0026464207624306013, 0.9999943813839428, 0.01900948345489705], [-0.007454767888635725, -0.9999686704259315, -0.002661691627815488, 0.0375179115758571], [0.0, 0.0, 0.0, 1.0]]}, "Hobj2base": {"type": "ndarray", "data": [[0.9999678456147625, -0.007428791529071162, 0.003020065063567458, -0.7355557503950214], [-0.007432639268288515, -0.999971577626048, 0.001264837373182355, 0.09693168388450726], [0.003010583012985311, -0.0012872437572984524, -0.9999946396823494, 0.005806094664331835], [0.0, 0.0, 0.0, 1.0]]}, "mean_rme": {"type": "float", "data": 0.001757826531185561}, "max_rme": {"type": "float", "data": 0.006170516535284998}, "simu": {"type": "float", "data": 0.002}}, {"type": "dict", "image_number": {"type": "int", "data": 11}, "Hcamera2end": {"type": "ndarray", "data": [[0.9999724162513901, -0.007241616928693332, 0.0016509756553949, -0.010315607199092209], [-0.0016764575129458396, -0.003514150094415136, 0.9999924200909331, 0.019040394339344985], [-0.007235760261640231, -0.9999676043419468, -0.003526193424088442, 0.03785082807764101], [0.0, 0.0, 0.0, 1.0]]}, "Hobj2base": {"type": "ndarray", "data": [[0.9999674800520152, -0.007235774868235236, 0.0035612358077938273, -0.735187673443782], [-0.007238400618173903, -0.9999735396313782, 0.0007249783324360465, 0.09669953186716213], [0.0035558957961837495, -0.0007507324076509834, -0.9999933959811627, 0.005844785711396829], [0.0, 0.0, 0.0, 1.0]]}, "mean_rme": {"type": "float", "data": 0.0018429188595595564}, "max_rme": {"type": "float", "data": 0.006426992397621123}, "simu": {"type": "float", "data": 0.002}}, {"type": "dict", "image_number": {"type": "int", "data": 12}, "Hcamera2end": {"type": "ndarray", "data": [[0.9999722840391463, -0.007278856660559483, 0.0015650556692869463, -0.010373950333282062], [-0.0015888347515986738, -0.003262236170745725, 0.9999934166879793, 0.01872530166129402], [-0.007273703160361354, -0.9999681875244238, -0.0032737106551499195, 0.037621848268337074], [0.0, 0.0, 0.0, 1.0]]}, "Hobj2base": {"type": "ndarray", "data": [[0.9999670589086572, -0.007378228603011069, 0.0033827267480286134, -0.7351682049396787], [-0.007382772389678435, -0.9999718588709536, 0.0013327182792974364, 0.09644200212907135], [0.0033727984541506, -0.0013576482797400362, -0.9999933904890255, 0.00599349753002656], [0.0, 0.0, 0.0, 1.0]]}, "mean_rme": {"type": "float", "data": 0.0018807120415138502}, "max_rme": {"type": "float", "data": 0.006116016603876617}, "simu": {"type": "float", "data": 0.002}}, {"type": "dict", "image_number": {"type": "int", "data": 13}, "Hcamera2end": {"type": "ndarray", "data": [[0.9999720164513545, -0.007207396633601009, 0.002004930916013974, -0.010249434500865105], [-0.0020284534534287446, -0.0032578391044042476, 0.9999926359033635, 0.018903930443723533], [-0.007200811815295883, -0.9999687194698321, -0.003272367807096943, 0.03768689256552509], [0.0, 0.0, 0.0, 1.0]]}, "Hobj2base": {"type": "ndarray", "data": [[0.9999682214985824, -0.007275734613143248, 0.0032587848657198333, -0.7353843662881262], [-0.007281763621436041, -0.9999717909865193, 0.001842050426881339, 0.0969590145336405], [0.0032452906685636086, -0.001865721590364522, -0.9999929935611671, 0.0061750232666120545], [0.0, 0.0, 0.0, 1.0]]}, "mean_rme": {"type": "float", "data": 0.0018716523441081956}, "max_rme": {"type": "float", "data": 0.006325907815792564}, "simu": {"type": "float", "data": 0.002}}, {"type": "dict", "image_number": {"type": "int", "data": 14}, "Hcamera2end": {"type": "ndarray", "data": [[0.9999725154316058, -0.0069626917992289955, 0.0025474112930123733, -0.010282426454941866], [-0.0025689286922820557, -0.003083190767336985, 0.9999919472376099, 0.019047098611470907], [-0.006954781575347115, -0.999971007008504, -0.0031009926859080217, 0.03766986121657937], [0.0, 0.0, 0.0, 1.0]]}, "Hobj2base": {"type": "ndarray", "data": [[0.9999697697880975, -0.007045520350011863, 0.0032894000876929354, -0.7354905982193658], [-0.0070532327640003886, -0.9999723902461424, 0.0023389427084042464, 0.09743650871470078], [0.0032728301997166013, -0.0023620729061429647, -0.9999918545638606, 0.006214578047723724], [0.0, 0.0, 0.0, 1.0]]}, "mean_rme": {"type": "float", "data": 0.0018272035374543411}, "max_rme": {"type": "float", "data": 0.006420051996185561}, "simu": {"type": "float", "data": 0.002}}, {"type": "dict", "image_number": {"type": "int", "data": 15}, "Hcamera2end": {"type": "ndarray", "data": [[0.9999811297226197, -0.005879809452288035, 0.0017798987268968086, -0.010422999249893386], [-0.0017942597049985846, -0.0024380509392512018, 0.9999954182593683, 0.019051653313566244], [-0.0058754430287632775, -0.9999797416690114, -0.0024485548377271016, 0.03741757037002555], [0.0, 0.0, 0.0, 1.0]]}, "Hobj2base": {"type": "ndarray", "data": [[0.9999787882113919, -0.005911474240186546, 0.0027345199914982406, -0.7361390275409929], [-0.005915600131212517, -0.9999813728622591, 0.0015031977912771438, 0.09664242524010595], [0.0027255829401966625, -0.0015193422325838694, -0.9999951313865567, 0.005952031344810745], [0.0, 0.0, 0.0, 1.0]]}, "mean_rme": {"type": "float", "data": 0.0018863781536123054}, "max_rme": {"type": "float", "data": 0.006255275639741709}, "simu": {"type": "float", "data": 0.002}}, {"type": "dict", "image_number": {"type": "int", "data": 16}, "Hcamera2end": {"type": "ndarray", "data": [[0.9999777979814236, -0.006334284429371829, 0.0020689091306620947, -0.010150055829173147], [-0.002085800112712841, -0.002661152888107532, 0.9999942838352605, 0.019014913324459183], [-0.006328742538050231, -0.9999763972744924, -0.0026743058563183375, 0.03748430801496144], [0.0, 0.0, 0.0, 1.0]]}, "Hobj2base": {"type": "ndarray", "data": [[0.9999756488959196, -0.006363683021647689, 0.0028644639262014517, -0.7359401315492811], [-0.006368742149555354, -0.9999781695971968, 0.0017605261920979798, 0.09686296162028503], [0.002853197963162307, -0.0017787263534841198, -0.9999943476809972, 0.00612382960046506], [0.0, 0.0, 0.0, 1.0]]}, "mean_rme": {"type": "float", "data": 0.0019244112965238192}, "max_rme": {"type": "float", "data": 0.006344975460084834}, "simu": {"type": "float", "data": 0.002}}, {"type": "dict", "image_number": {"type": "int", "data": 17}, "Hcamera2end": {"type": "ndarray", "data": [[0.9999850427901857, -0.0051004272884602065, 0.0019748005938576172, -0.010118631048840905], [-0.0019862980515482453, -0.0022501336774747305, 0.999995495749098, 0.019060233005301595], [-0.005095960749533455, -0.9999844611492266, -0.0022602309905381812, 0.0373381409546557], [0.0, 0.0, 0.0, 1.0]]}, "Hobj2base": {"type": "ndarray", "data": [[0.9999836495823571, -0.005104037404995403, 0.0025786372599102907, -0.7364399994702567], [-0.005108310718211888, -0.9999855857121736, 0.0016533388907804237, 0.09658455406481485], [0.0025701613871489492, -0.0016664843383522344, -0.9999953085391922, 0.006100380880201356], [0.0, 0.0, 0.0, 1.0]]}, "mean_rme": {"type": "float", "data": 0.0018761157193718974}, "max_rme": {"type": "float", "data": 0.0063486157510658225}, "simu": {"type": "float", "data": 0.002}}, {"type": "dict", "image_number": {"type": "int", "data": 18}, "Hcamera2end": {"type": "ndarray", "data": [[0.9999862814690386, -0.0040656063321046695, 0.0033026835872049325, -0.00988824363846604], [-0.0033104643899592805, -0.0019085715870874598, 0.9999926990633583, 0.019144939784191902], [-0.00405927324131475, -0.9999899140489616, -0.0019220044492749278, 0.03726513153886335], [0.0, 0.0, 0.0, 1.0]]}, "Hobj2base": {"type": "ndarray", "data": [[0.9999887426463641, -0.004030187583376737, 0.0025044297927063553, -0.7367829715278489], [-0.004037460350399915, -0.999987627768429, 0.002905722627751226, 0.09723168090520838], [0.0024926882000659064, -0.0029158014529924495, -0.9999926422766443, 0.006448469381855633], [0.0, 0.0, 0.0, 1.0]]}, "mean_rme": {"type": "float", "data": 0.0018230904014008603}, "max_rme": {"type": "float", "data": 0.006506415841849078}, "simu": {"type": "float", "data": 0.002}}, {"type": "dict", "image_number": {"type": "int", "data": 19}, "Hcamera2end": {"type": "ndarray", "data": [[0.9999903804671858, -0.002525931688604943, 0.0035858948949330357, -0.009796705404036422], [-0.003590112605775683, -0.0016672139560585109, 0.9999921657138633, 0.019208599013344332], [-0.0025199334457195414, -0.9999954200228764, -0.001676266297435669, 0.03710663290609583], [0.0, 0.0, 0.0, 1.0]]}, "Hobj2base": {"type": "ndarray", "data": [[0.9999942411794253, -0.002515813345655056, 0.002277782078075971, -0.7372382209126118], [-0.002523280926902465, -0.9999914322780563, 0.0032815276695891088, 0.09719597606359527], [0.0022695068515671884, -0.003287256255933298, -0.9999920216106524, 0.0065241274689326785], [0.0, 0.0, 0.0, 1.0]]}, "mean_rme": {"type": "float", "data": 0.0017984299031925102}, "max_rme": {"type": "float", "data": 0.006521278550110199}, "simu": {"type": "float", "data": 0.002}}, {"type": "dict", "image_number": {"type": "int", "data": 20}, "Hcamera2end": {"type": "ndarray", "data": [[0.9999936841605919, -0.00210703887113487, 0.00286217157453373, -0.009769236794987566], [-0.002866266809237431, -0.001943149950346168, 0.9999940043234503, 0.019353031358393568], [-0.0021014646094583834, -0.9999958922692962, -0.0019491770133053254, 0.035727809884925105], [0.0, 0.0, 0.0, 1.0]]}, "Hobj2base": {"type": "ndarray", "data": [[0.9999939850661421, -0.002183074303329447, 0.002695184246475875, -0.7357186795933632], [-0.002189785025905827, -0.9999945037032476, 0.0024894587437813043, 0.09676927839456197], [0.002689734759530705, -0.0024953456439566085, -0.9999932692658693, 0.006273334226257013], [0.0, 0.0, 0.0, 1.0]]}, "mean_rme": {"type": "float", "data": 0.0017798281644788882}, "max_rme": {"type": "float", "data": 0.006687766187658317}, "simu": {"type": "float", "data": 0.002}}, {"type": "dict", "image_number": {"type": "int", "data": 21}, "Hcamera2end": {"type": "ndarray", "data": [[0.9999939870841774, -0.0023184515432977133, 0.002578871445307653, -0.009742313265057038], [-0.0025839269329924735, -0.0021802003992930086, 0.9999942850075814, 0.020085294098298588], [-0.0023128158368099353, -0.9999949357415068, -0.002186177999317085, 0.03658815863116295], [0.0, 0.0, 0.0, 1.0]]}, "Hobj2base": {"type": "ndarray", "data": [[0.9999926164011165, -0.0024272658235618195, 0.0029791817452545733, -0.7363132116647587], [-0.002434107146937752, -0.9999944042555449, 0.0022949030468794227, 0.09658926706987064], [0.0029735947347807644, -0.0023021377498139988, -0.9999929289230667, 0.0054037209456409], [0.0, 0.0, 0.0, 1.0]]}, "mean_rme": {"type": "float", "data": 0.0018170958197676944}, "max_rme": {"type": "float", "data": 0.006654045551866772}, "simu": {"type": "float", "data": 0.002}}, {"type": "dict", "image_number": {"type": "int", "data": 22}, "Hcamera2end": {"type": "ndarray", "data": [[0.9999952110953882, -0.0017866375994427407, 0.0025269967111453415, -0.00981876777372849], [-0.0025312348668881045, -0.0023738723091040193, 0.999993978772027, 0.01975637207816255], [-0.0017806280741726648, -0.9999955863184341, -0.002378383340242207, 0.037531729156699264], [0.0, 0.0, 0.0, 1.0]]}, "Hobj2base": {"type": "ndarray", "data": [[0.9999931738369655, -0.0019364882080245367, 0.0031467908879778887, -0.7372968157104917], [-0.0019431912195194692, -0.9999958468439754, 0.0021284507712660094, 0.09636411485408768], [0.003142656099044435, -0.0021345510585372165, -0.9999927836761735, 0.005596478482766318], [0.0, 0.0, 0.0, 1.0]]}, "mean_rme": {"type": "float", "data": 0.0018065358848897539}, "max_rme": {"type": "float", "data": 0.0065810710227752756}, "simu": {"type": "float", "data": 0.002}}, {"type": "dict", "image_number": {"type": "int", "data": 23}, "Hcamera2end": {"type": "ndarray", "data": [[0.9999955134685367, -0.001971768878998897, 0.002255032213847512, -0.009846999017894535], [-0.0022595985370444153, -0.0023166983991225187, 0.9999947635477794, 0.019777279350736435], [-0.0019665343244055816, -0.9999953725073009, -0.0023211434112566653, 0.037612376216829196], [0.0, 0.0, 0.0, 1.0]]}, "Hobj2base": {"type": "ndarray", "data": [[0.9999925067988726, -0.002158053945257157, 0.003213899387963602, -0.7373125719578748], [-0.0021641674100689, -0.9999958533063107, 0.001899934105470509, 0.09626578022259259], [0.003209785900615252, -0.0019068752851967993, -0.9999930305262728, 0.005522602829768128], [0.0, 0.0, 0.0, 1.0]]}, "mean_rme": {"type": "float", "data": 0.0017633089665499678}, "max_rme": {"type": "float", "data": 0.0066054828633032026}, "simu": {"type": "float", "data": 0.002}}, {"type": "dict", "image_number": {"type": "int", "data": 24}, "Hcamera2end": {"type": "ndarray", "data": [[0.9999983067311622, -0.0011679746130762146, 0.001422100598309463, -0.009894662030482832], [-0.00142478487711342, -0.0023006263880616107, 0.9999963385464353, 0.019183900111966266], [-0.0011646986144284548, -0.9999966714712235, -0.002302286605048387, 0.0368015939703843], [0.0, 0.0, 0.0, 1.0]]}, "Hobj2base": {"type": "ndarray", "data": [[0.9999932679976506, -0.0014221759186658117, 0.0033825101677809237, -0.7366228173132896], [-0.001425065734524519, -0.9999986215693328, 0.0008520839674597343, 0.09556281673562818], [0.003381293691925972, -0.0008568985305652489, -0.9999939162704334, 0.005952694509478576], [0.0, 0.0, 0.0, 1.0]]}, "mean_rme": {"type": "float", "data": 0.001769045559246689}, "max_rme": {"type": "float", "data": 0.006724306524317325}, "simu": {"type": "float", "data": 0.002}}, {"type": "dict", "image_number": {"type": "int", "data": 25}, "Hcamera2end": {"type": "ndarray", "data": [[0.9999986439113281, -0.0009281643031462303, 0.0013603994013852848, -0.009889893406616175], [-0.0013624897089952897, -0.0022551848435636845, 0.9999965288755329, 0.018755086335472865], [-0.0009250931292612108, -0.9999970263217527, -0.002256446399644396, 0.03616753926203396], [0.0, 0.0, 0.0, 1.0]]}, "Hobj2base": {"type": "ndarray", "data": [[0.9999933489523989, -0.001215085101243079, 0.0034388397988940732, -0.7360588383044717], [-0.0012177066163569265, -0.9999989695405693, 0.0007603343970603428, 0.09551681501340602], [0.0034379123843113427, -0.0007645168380157801, -0.9999937981169891, 0.00639948920438477], [0.0, 0.0, 0.0, 1.0]]}, "mean_rme": {"type": "float", "data": 0.0017426407042302864}, "max_rme": {"type": "float", "data": 0.006783712860911506}, "simu": {"type": "float", "data": 0.002}}, {"type": "dict", "image_number": {"type": "int", "data": 26}, "Hcamera2end": {"type": "ndarray", "data": [[0.9999984397194421, -0.001157244846808345, 0.0013346696392369441, -0.009876005063448132], [-0.0013371926496699917, -0.002182161394951976, 0.9999967250383693, 0.01868882123629915], [-0.0011543285923141168, -0.9999969494733526, -0.0021837054494711072, 0.035993124982786256], [0.0, 0.0, 0.0, 1.0]]}, "Hobj2base": {"type": "ndarray", "data": [[0.9999928361617633, -0.0014545409387284225, 0.0034945580279243725, -0.7358377327071381], [-0.0014573313155760914, -0.9999986212213381, 0.000796078425267379, 0.09560346935517951], [0.0034933952810423416, -0.0008011654511385087, -0.9999935771410384, 0.006469957355455817], [0.0, 0.0, 0.0, 1.0]]}, "mean_rme": {"type": "float", "data": 0.0017167948591872105}, "max_rme": {"type": "float", "data": 0.0068046971218092}, "simu": {"type": "float", "data": 0.002}}, {"type": "dict", "image_number": {"type": "int", "data": 27}, "Hcamera2end": {"type": "ndarray", "data": [[0.9999984271403044, -0.0015460461953214447, 0.0008691709148985821, -0.00988669059072645], [-0.0008725663870714428, -0.0021969124448413258, 0.999997206097902, 0.019118753016600116], [-0.001544132383420101, -0.9999963916519258, -0.002198258017349186, 0.03659028514605651], [0.0, 0.0, 0.0, 1.0]]}, "Hobj2base": {"type": "ndarray", "data": [[0.9999921104932538, -0.0018470204757358001, 0.003516740907474903, -0.7363137345297388], [-0.0018482955370309395, -0.9999982273327475, 0.00035935354380416926, 0.09542564079443489], [0.003516070940110028, -0.00036585068520614115, -0.9999937516796888, 0.0059235960133875235], [0.0, 0.0, 0.0, 1.0]]}, "mean_rme": {"type": "float", "data": 0.0017264043378183238}, "max_rme": {"type": "float", "data": 0.006791043253325912}, "simu": {"type": "float", "data": 0.002}}, {"type": "dict", "image_number": {"type": "int", "data": 28}, "Hcamera2end": {"type": "ndarray", "data": [[0.9999970542630453, -0.002154107408898575, 0.0011186091824418503, -0.009762922001046115], [-0.0011235127858191668, -0.0022765338649581857, 0.9999967775510987, 0.01954946698840497], [-0.00215155391571204, -0.9999950885953552, -0.0022789473261042303, 0.0361870944688817], [0.0, 0.0, 0.0, 1.0]]}, "Hobj2base": {"type": "ndarray", "data": [[0.999990381616778, -0.0024467290050343127, 0.003640081195046773, -0.7357055641697087], [-0.0024491320930490694, -0.9999967857925038, 0.0006558632872479992, 0.09567855466139973], [0.0036384647753422627, -0.0006647720185796547, -0.9999931598027265, 0.005541935981620565], [0.0, 0.0, 0.0, 1.0]]}, "mean_rme": {"type": "float", "data": 0.0017385753595999278}, "max_rme": {"type": "float", "data": 0.00680234094900789}, "simu": {"type": "float", "data": 0.002}}, {"type": "dict", "image_number": {"type": "int", "data": 29}, "Hcamera2end": {"type": "ndarray", "data": [[0.9999961977120639, -0.002158859961708945, 0.0017157753584048309, -0.009620130881054931], [-0.0017208682219888854, -0.0023594103810931077, 0.9999957358885166, 0.0194225494940482], [-0.002154802537897147, -0.9999948862400844, -0.002363116523439457, 0.03524133589903688], [0.0, 0.0, 0.0, 1.0]]}, "Hobj2base": {"type": "ndarray", "data": [[0.999989798017694, -0.002516564078892385, 0.003751101940535763, -0.7347174469480856], [-0.00252141291168939, -0.9999959911475989, 0.0012884741597701788, 0.09604231657406448], [0.0037478443751346826, -0.001297919091645529, -0.9999921345033527, 0.005812700820778275], [0.0, 0.0, 0.0, 1.0]]}, "mean_rme": {"type": "float", "data": 0.0017306040131698278}, "max_rme": {"type": "float", "data": 0.006829430367397027}, "simu": {"type": "float", "data": 0.002}}, {"type": "dict", "image_number": {"type": "int", "data": 30}, "Hcamera2end": {"type": "ndarray", "data": [[0.9999953321690965, -0.00203278429629095, 0.0022811023701235548, -0.009560422273474058], [-0.0022859850972865533, -0.002402912277917668, 0.9999945001272358, 0.01927015958779858], [-0.002027291827343607, -0.9999950468880282, -0.002407547976136737, 0.03451718824964418], [0.0, 0.0, 0.0, 1.0]]}, "Hobj2base": {"type": "ndarray", "data": [[0.9999895080978358, -0.0024687424645343362, 0.0038586273326285947, -0.7339813903172879], [-0.002476057361714214, -0.9999951445385791, 0.0018920991541073451, 0.09643183901544743], [0.003853937491683587, -0.001901633485001202, -0.9999907654353113, 0.0060876199279379685], [0.0, 0.0, 0.0, 1.0]]}, "mean_rme": {"type": "float", "data": 0.0017390518051487254}, "max_rme": {"type": "float", "data": 0.006844543205081766}, "simu": {"type": "float", "data": 0.002}}]}