{"type": "list", "data": [{"type": "dict", "image_number": {"type": "int", "data": 5}, "Hcamera2end": {"type": "ndarray", "data": [[0.9999827724203274, 0.0008093545975533284, 0.005813760202417946, -0.01903269885317662], [-0.005813616684880887, -0.00017956330427737477, 0.9999830846659665, 0.027801697695264985], [0.0008103848450421798, -0.9999996563510187, -0.00017485493344393532, 0.03410707283769584], [0.0, 0.0, 0.0, 1.0]]}, "Hobj2base": {"type": "ndarray", "data": [[0.9999995809475964, 0.0003251708626650828, 0.0008557853361322138, -0.7363213856564021], [0.0003224496780277356, -0.9999948982508444, 0.0031779708130749516, 0.08679419582995833], [0.0008568143536409098, -0.0031776935336325475, -0.9999945840518187, 0.004263369948744211], [0.0, 0.0, 0.0, 1.0]]}, "mean_rme": {"type": "float", "data": 0.0017282754850607082}, "max_rme": {"type": "float", "data": 0.005134359834533531}, "simu": {"type": "float", "data": 0.002}}, {"type": "dict", "image_number": {"type": "int", "data": 6}, "Hcamera2end": {"type": "ndarray", "data": [[0.9999859157590233, 0.0010394522895631063, 0.005204596288416404, -0.018518467171379588], [-0.005204107194077302, -0.00047268257324750707, 0.999986346826544, 0.027938754347898942], [0.0010418982197070228, -0.9999993480548486, -0.0004672664947342753, 0.03410206108921], [0.0, 0.0, 0.0, 1.0]]}, "Hobj2base": {"type": "ndarray", "data": [[0.9999994727452727, 0.0005045621948378844, 0.0008943859167871679, -0.7360216499775688], [0.0005017553840621094, -0.9999949577822396, 0.0031357059224361617, 0.0865337802285331], [0.0008959635657612039, -0.003135255506171213, -0.9999946836969686, 0.0038299948804708475], [0.0, 0.0, 0.0, 1.0]]}, "mean_rme": {"type": "float", "data": 0.0016651525004358844}, "max_rme": {"type": "float", "data": 0.00495209113583564}, "simu": {"type": "float", "data": 0.002}}, {"type": "dict", "image_number": {"type": "int", "data": 7}, "Hcamera2end": {"type": "ndarray", "data": [[0.9999898719818657, 0.0011591551373899235, 0.004348826630178424, -0.018397606504094107], [-0.004347725675875433, -0.0009506239408045847, 0.999990096748748, 0.028390361334928588], [0.0011632777566944138, -0.999998876336114, -0.0009455746243147711, 0.03415238130824456], [0.0, 0.0, 0.0, 1.0]]}, "Hobj2base": {"type": "ndarray", "data": [[0.999999563442372, 0.00046208159775284097, 0.0008121549498794821, -0.7360400260202506], [0.00045968101765283696, -0.9999955326942165, 0.0029535207755868984, 0.085832558165611], [0.000813516089333957, -0.002953146153991022, -0.9999953085486777, 0.003414640142783119], [0.0, 0.0, 0.0, 1.0]]}, "mean_rme": {"type": "float", "data": 0.0016812350925132736}, "max_rme": {"type": "float", "data": 0.0052977638003715855}, "simu": {"type": "float", "data": 0.002}}, {"type": "dict", "image_number": {"type": "int", "data": 8}, "Hcamera2end": {"type": "ndarray", "data": [[0.999989514170157, 0.0011411418589330868, 0.004435013527729575, -0.017987437613205016], [-0.004433562675042696, -0.0012708082392201003, 0.9999893642276527, 0.028248002883722652], [0.0011467657737401517, -0.9999985414197745, -0.0012657355897884859, 0.033939327988248745], [0.0, 0.0, 0.0, 1.0]]}, "Hobj2base": {"type": "ndarray", "data": [[0.9999991829924626, 0.00027376282463036463, 0.0012486265747259256, -0.7356957329628824], [0.0002696702655150615, -0.9999945954392875, 0.003276640072340387, 0.08644990089637036], [0.0012495168486892961, -0.003276300677840815, -0.9999938522618592, 0.0032698704974737855], [0.0, 0.0, 0.0, 1.0]]}, "mean_rme": {"type": "float", "data": 0.0016827433931756665}, "max_rme": {"type": "float", "data": 0.005207551128852378}, "simu": {"type": "float", "data": 0.002}}, {"type": "dict", "image_number": {"type": "int", "data": 9}, "Hcamera2end": {"type": "ndarray", "data": [[0.9999918399063559, 0.0012603203441305766, 0.003838191414112787, -0.01825752868500416], [-0.003837772898099665, -0.00033432182029380364, 0.9999925798365222, 0.028636674511407237], [0.0012615941834877907, -0.999999149910414, -0.0003294822689368093, 0.03419618347624769], [0.0, 0.0, 0.0, 1.0]]}, "Hobj2base": {"type": "ndarray", "data": [[0.999999421247413, 0.0007579314968374732, 0.0007635736278439975, -0.7364595926888411], [0.0007556775839916146, -0.9999953697856692, 0.002947771804655089, 0.08563476729668934], [0.0007658043014306807, -0.0029471930831502426, -0.9999953637876042, 0.003137810697845701], [0.0, 0.0, 0.0, 1.0]]}, "mean_rme": {"type": "float", "data": 0.0017315434568926985}, "max_rme": {"type": "float", "data": 0.005252598158387106}, "simu": {"type": "float", "data": 0.002}}, {"type": "dict", "image_number": {"type": "int", "data": 10}, "Hcamera2end": {"type": "ndarray", "data": [[0.9999931076730114, 0.0017779238394200368, 0.0032593854166349974, -0.01813324103411352], [-0.003259694347491498, 0.00017088926053754339, 0.9999946725806199, 0.02893379395676561], [0.0017773573737104639, -0.9999984048905686, 0.00017668357100242282, 0.03435908970954819], [0.0, 0.0, 0.0, 1.0]]}, "Hobj2base": {"type": "ndarray", "data": [[0.9999986984182367, 0.001366450412489487, 0.0008578899128275301, -0.7368059445876955], [0.0013641805522119775, -0.999995582326114, 0.0026408975136063277, 0.08500929890988808], [0.0008614947784464748, -0.002639723759527267, -0.9999961448351791, 0.002741629129797424], [0.0, 0.0, 0.0, 1.0]]}, "mean_rme": {"type": "float", "data": 0.001760073175773303}, "max_rme": {"type": "float", "data": 0.005534520752177391}, "simu": {"type": "float", "data": 0.002}}, {"type": "dict", "image_number": {"type": "int", "data": 11}, "Hcamera2end": {"type": "ndarray", "data": [[0.9999938539545671, 0.001274021949484473, 0.003266331453504974, -0.018040076961829236], [-0.003266751842870107, 0.00032802899733719304, 0.9999946103501632, 0.029077766520732132], [0.0012729436315206154, -0.9999991346321505, 0.00033218889480735037, 0.03405100599421394], [0.0, 0.0, 0.0, 1.0]]}, "Hobj2base": {"type": "ndarray", "data": [[0.999999335077994, 0.0010501086956461586, 0.0004765661521034625, -0.7371434453215628], [0.0010487823242217415, -0.9999955998391925, 0.002774951871635811, 0.08522323450904527], [0.00047947805622616227, -0.0027744502123525972, -0.9999960362555507, 0.0026741780671606275], [0.0, 0.0, 0.0, 1.0]]}, "mean_rme": {"type": "float", "data": 0.0018295484886947735}, "max_rme": {"type": "float", "data": 0.005682660576737331}, "simu": {"type": "float", "data": 0.002}}, {"type": "dict", "image_number": {"type": "int", "data": 12}, "Hcamera2end": {"type": "ndarray", "data": [[0.999992963623601, 0.001416807116304954, 0.003473522834610224, -0.017887939052616663], [-0.003474029516207362, 0.0003553180325883698, 0.999993902415418, 0.02905054061256497], [0.001415564271903981, -0.9999989332027764, 0.0003602375621777343, 0.034013457634407634], [0.0, 0.0, 0.0, 1.0]]}, "Hobj2base": {"type": "ndarray", "data": [[0.9999991616411263, 0.0012162115409671676, 0.0004444620704535052, -0.7371264186797104], [0.0012147880040141309, -0.9999941766689271, 0.003189187724018465, 0.08544835555210055], [0.0004483382091199818, -0.003188645123143211, -0.9999948157541259, 0.002745239182258862], [0.0, 0.0, 0.0, 1.0]]}, "mean_rme": {"type": "float", "data": 0.0017178600724558884}, "max_rme": {"type": "float", "data": 0.0056831808465279965}, "simu": {"type": "float", "data": 0.002}}, {"type": "dict", "image_number": {"type": "int", "data": 13}, "Hcamera2end": {"type": "ndarray", "data": [[0.9999949586221994, 0.0015928270434021092, 0.002746931414417982, -0.018084095390057], [-0.00274750918022187, 0.0003606551454962137, 0.9999961605532147, 0.029033610457708213], [0.0015918302328785027, -0.9999986664140487, 0.00036502963422158086, 0.034084046149684535], [0.0, 0.0, 0.0, 1.0]]}, "Hobj2base": {"type": "ndarray", "data": [[0.9999989057545243, 0.0013906285329756177, 0.0005046206864698324, -0.7371711220058839], [0.0013892849650036189, -0.9999955152407847, 0.002653184050032185, 0.08507298223442598], [0.0005083080168107691, -0.0026524800848647992, -0.9999963529795293, 0.0027241773318482524], [0.0, 0.0, 0.0, 1.0]]}, "mean_rme": {"type": "float", "data": 0.0017205048046807707}, "max_rme": {"type": "float", "data": 0.005725349867102131}, "simu": {"type": "float", "data": 0.002}}, {"type": "dict", "image_number": {"type": "int", "data": 14}, "Hcamera2end": {"type": "ndarray", "data": [[0.9999957635827497, 0.0024646666211024797, 0.0015486235825089383, -0.01817928743749951], [-0.0015502377441270105, 0.0006531452680652583, 0.999998585081097, 0.0291187372700225], [0.002463651657634157, -0.9999967494045697, 0.000656963320292081, 0.034318859994246435], [0.0, 0.0, 0.0, 1.0]]}, "Hobj2base": {"type": "ndarray", "data": [[0.9999971649108441, 0.00228525217431168, 0.000669173201701983, -0.737307143711245], [0.0022841515643999316, -0.9999960450384167, 0.0016409019335039685, 0.08409126384972769], [0.00067292042985905, -0.001639368788385169, -0.9999984298228026, 0.002414401135974758], [0.0, 0.0, 0.0, 1.0]]}, "mean_rme": {"type": "float", "data": 0.001810985672505492}, "max_rme": {"type": "float", "data": 0.006028129979889801}, "simu": {"type": "float", "data": 0.002}}, {"type": "dict", "image_number": {"type": "int", "data": 15}, "Hcamera2end": {"type": "ndarray", "data": [[0.9999979226449218, 0.00197620500540595, 0.0004993191540365436, -0.018266168052074837], [-0.0005000752968412727, 0.0003821480372611097, 0.9999998019437681, 0.0292111195512981], [0.001976013800171551, -0.9999979742862755, 0.00038313549470869734, 0.0342854537370938], [0.0, 0.0, 0.0, 1.0]]}, "Hobj2base": {"type": "ndarray", "data": [[0.9999982547483216, 0.0017546869896564964, 0.000641540239703209, -0.7372693616074966], [0.0017541785984929888, -0.9999981476684368, 0.0007921597946699076, 0.08366916453299518], [0.00064292904384341, -0.000791033035993137, -0.9999994804543555, 0.002194167081869965], [0.0, 0.0, 0.0, 1.0]]}, "mean_rme": {"type": "float", "data": 0.0018182845062388834}, "max_rme": {"type": "float", "data": 0.005867949586559146}, "simu": {"type": "float", "data": 0.002}}, {"type": "dict", "image_number": {"type": "int", "data": 16}, "Hcamera2end": {"type": "ndarray", "data": [[0.9999975311069236, 0.002207696687153887, 0.0002526962503763752, -0.018190808512465267], [-0.0002542756920300448, 0.000715173726655971, 0.999999711935165, 0.029193288681175537], [0.0022075153294750117, -0.9999973072973137, 0.0007157333245715325, 0.0341461511233413], [0.0, 0.0, 0.0, 1.0]]}, "Hobj2base": {"type": "ndarray", "data": [[0.9999976442853814, 0.0021243000438093728, 0.0004458396702899311, -0.7374980301862362], [0.0021240480420141334, -0.9999975846261526, 0.0005649440466542083, 0.08362047754151704], [0.00044703870408350875, -0.0005639957309285273, -0.9999997410325727, 0.0021028382601466326], [0.0, 0.0, 0.0, 1.0]]}, "mean_rme": {"type": "float", "data": 0.001823083254393585}, "max_rme": {"type": "float", "data": 0.00568140642945944}, "simu": {"type": "float", "data": 0.002}}, {"type": "dict", "image_number": {"type": "int", "data": 17}, "Hcamera2end": {"type": "ndarray", "data": [[0.9999981653008774, 0.0019039961387651945, 0.0002102226976089149, -0.018177151653049013], [-0.00021093630046843594, 0.000374599121757746, 0.9999999075906832, 0.029201438441996748], [0.0019039172135803142, -0.9999981172353284, 0.0003750000563826905, 0.034195240532994456], [0.0, 0.0, 0.0, 1.0]]}, "Hobj2base": {"type": "ndarray", "data": [[0.9999983737863053, 0.0016996447880150071, 0.0006030193524821993, -0.7372191881510484], [0.0016993685596874849, -0.99999845105607, 0.0004582924384287236, 0.08361180602865059], [0.0006037973527933956, -0.0004572669410187927, -0.9999997131678096, 0.002017215976043743], [0.0, 0.0, 0.0, 1.0]]}, "mean_rme": {"type": "float", "data": 0.0017864296812962679}, "max_rme": {"type": "float", "data": 0.005819354733333948}, "simu": {"type": "float", "data": 0.002}}, {"type": "dict", "image_number": {"type": "int", "data": 18}, "Hcamera2end": {"type": "ndarray", "data": [[0.9999984685947244, 0.0017114336473767278, 0.0003657910284604074, -0.018220815245243903], [-0.00036606746590416494, 0.0001612134416846267, 0.999999920002415, 0.02920924119902147], [0.001711374540035534, -0.9999985225014567, 0.0001618396949798484, 0.03422592795554576], [0.0, 0.0, 0.0, 1.0]]}, "Hobj2base": {"type": "ndarray", "data": [[0.9999987621884263, 0.0014152888761029523, 0.0006874438249577341, -0.7370646386034038], [0.0014148990461234107, -0.9999988381561751, 0.0005672274579520809, 0.08369752235290902], [0.0006882458169668309, -0.0005662540922191723, -0.9999996028369202, 0.002036178067064782], [0.0, 0.0, 0.0, 1.0]]}, "mean_rme": {"type": "float", "data": 0.0017157073957085797}, "max_rme": {"type": "float", "data": 0.0058857899709302275}, "simu": {"type": "float", "data": 0.002}}, {"type": "dict", "image_number": {"type": "int", "data": 19}, "Hcamera2end": {"type": "ndarray", "data": [[0.999998629629353, 0.001638713952801198, 0.0002352785517166818, -0.01825242465138947], [-0.0002352490934627563, -1.8169176556614985e-05, 0.9999999721638722, 0.029709494792477326], [0.001638718182003293, -0.9999986571423294, -1.7783645686053617e-05, 0.03367364789100507], [0.0, 0.0, 0.0, 1.0]]}, "Hobj2base": {"type": "ndarray", "data": [[0.999998899981911, 0.0012820349864318108, 0.0007459364996447481, -0.7363875256805062], [0.0012817008599849003, -0.9999990781639194, 0.0004482345549433999, 0.08385276515609226], [0.0007465104643951343, -0.0004472779944241926, -0.9999996213321891, 0.0015741512754362385], [0.0, 0.0, 0.0, 1.0]]}, "mean_rme": {"type": "float", "data": 0.0016406307895310546}, "max_rme": {"type": "float", "data": 0.005916939231140006}, "simu": {"type": "float", "data": 0.002}}, {"type": "dict", "image_number": {"type": "int", "data": 20}, "Hcamera2end": {"type": "ndarray", "data": [[0.9999986092519255, 0.0016540993753029762, 0.0002131888163665115, -0.01820830381343834], [-0.00021325042431095096, 3.7069333120531844e-05, 0.9999999765750602, 0.03068494420096336], [0.0016540914337885466, -0.9999986312896239, 3.742201896006492e-05, 0.03427680659313841], [0.0, 0.0, 0.0, 1.0]]}, "Hobj2base": {"type": "ndarray", "data": [[0.9999988787624452, 0.0013514330142511842, 0.0006450601990585849, -0.7369222279497742], [0.0013511646893330125, -0.9999990005554913, 0.00041622349797922704, 0.0843447615681354], [0.0006456220525331875, -0.0004153514487303478, -0.9999997053276262, 0.000716393149985392], [0.0, 0.0, 0.0, 1.0]]}, "mean_rme": {"type": "float", "data": 0.0016014083249978718}, "max_rme": {"type": "float", "data": 0.006014774598348233}, "simu": {"type": "float", "data": 0.002}}, {"type": "dict", "image_number": {"type": "int", "data": 21}, "Hcamera2end": {"type": "ndarray", "data": [[0.9999986716474936, 0.001624834207603652, 0.00012890712202429902, -0.018219921300868754], [-0.00012902694194306854, 7.363825027373316e-05, 0.9999999889647281, 0.030532980477929884], [0.0016248246971782513, -0.9999986772447281, 7.384779984520584e-05, 0.034395025544460944], [0.0, 0.0, 0.0, 1.0]]}, "Hobj2base": {"type": "ndarray", "data": [[0.9999989388312301, 0.0013115600090242792, 0.0006341504209494905, -0.7370535310525076], [0.001311349402718969, -0.9999990849328746, 0.00033240962385501326, 0.08426009532482913], [0.0006345858158285506, -0.0003315776783365555, -0.9999997436785102, 0.0008254136426861685], [0.0, 0.0, 0.0, 1.0]]}, "mean_rme": {"type": "float", "data": 0.0015409575591453506}, "max_rme": {"type": "float", "data": 0.006018852435296845}, "simu": {"type": "float", "data": 0.002}}, {"type": "dict", "image_number": {"type": "int", "data": 22}, "Hcamera2end": {"type": "ndarray", "data": [[0.9999985923135685, 0.0016335211084269872, 0.00038337927656767565, -0.018178934329147498], [-0.00038370681763638746, 0.00020020361781303286, 0.9999999063437902, 0.030188761900266255], [0.0016334442015194287, -0.9999986457627327, 0.00020083012917515575, 0.03443443159776902], [0.0, 0.0, 0.0, 1.0]]}, "Hobj2base": {"type": "ndarray", "data": [[0.9999988774256798, 0.001320871638610008, 0.0007074217232703942, -0.7371162569358302], [0.0013204533321204213, -0.999998953293018, 0.0005914523363622123, 0.08416698200612288], [0.0007082022154238275, -0.0005905175550413012, -0.9999995748692294, 0.0011664105926722664], [0.0, 0.0, 0.0, 1.0]]}, "mean_rme": {"type": "float", "data": 0.00152178988671048}, "max_rme": {"type": "float", "data": 0.006059308645022271}, "simu": {"type": "float", "data": 0.002}}, {"type": "dict", "image_number": {"type": "int", "data": 23}, "Hcamera2end": {"type": "ndarray", "data": [[0.9999993592761417, 0.0010442540360211805, 0.0004370135172990564, -0.01817563866085734], [-0.0004369658468137228, -4.58779920555763e-05, 0.9999999034780245, 0.029453888484365007], [0.001044273984530393, -0.9999994537142096, -4.54216593113177e-05, 0.03532255182547592], [0.0, 0.0, 0.0, 1.0]]}, "Hobj2base": {"type": "ndarray", "data": [[0.9999995294898933, 0.0006363624807103663, 0.0007321630864580558, -0.7378899654571331], [0.0006358419965702314, -0.9999995451638131, 0.0007108988136152171, 0.08410160176222413], [0.0007326151427763551, -0.0007104329390914319, -0.9999994792799105, 0.0018307794552399614], [0.0, 0.0, 0.0, 1.0]]}, "mean_rme": {"type": "float", "data": 0.0015793037421230145}, "max_rme": {"type": "float", "data": 0.006013542273591965}, "simu": {"type": "float", "data": 0.002}}, {"type": "dict", "image_number": {"type": "int", "data": 24}, "Hcamera2end": {"type": "ndarray", "data": [[0.9999996478945123, 0.0007708892874649915, 0.0003315728545195246, -0.018201553547873485], [-0.0003315545345156445, -2.38924409416974e-05, 0.9999999447503694, 0.02923163200640304], [0.0007708971669584876, -0.9999997025793845, -2.3636840690288707e-05, 0.034963225412533556], [0.0, 0.0, 0.0, 1.0]]}, "Hobj2base": {"type": "ndarray", "data": [[0.9999997204277187, 0.0003721359933251009, 0.000648582521333069, -0.7375204934252699], [0.0003717205512968829, -0.9999997257652931, 0.0006405413107980624, 0.08398535612491409], [0.0006488207119461907, -0.0006403000402680753, -0.9999995845236849, 0.0020306224752125366], [0.0, 0.0, 0.0, 1.0]]}, "mean_rme": {"type": "float", "data": 0.0015398500755724404}, "max_rme": {"type": "float", "data": 0.006018462704908051}, "simu": {"type": "float", "data": 0.002}}, {"type": "dict", "image_number": {"type": "int", "data": 25}, "Hcamera2end": {"type": "ndarray", "data": [[0.9999998521411078, 0.0005065015448979499, 0.00019792409556230867, -0.018215351973795816], [-0.00019791547116042137, -1.7077460630288144e-05, 0.9999999802689132, 0.029103133563038466], [0.0005065049149450737, -0.9999998715822647, -1.697721361337834e-05, 0.03489401538061127], [0.0, 0.0, 0.0, 1.0]]}, "Hobj2base": {"type": "ndarray", "data": [[0.9999998587716197, 0.00013929677622305083, 0.0005128870722222052, -0.7374569737447054], [0.00013901807199287813, -0.9999998426961316, 0.0005433982774035446, 0.08393314372420208], [0.0005129626851713322, -0.0005433269000883556, -0.9999997208325428, 0.0021500267720596677], [0.0, 0.0, 0.0, 1.0]]}, "mean_rme": {"type": "float", "data": 0.0015125588272581708}, "max_rme": {"type": "float", "data": 0.006000091743475461}, "simu": {"type": "float", "data": 0.002}}, {"type": "dict", "image_number": {"type": "int", "data": 26}, "Hcamera2end": {"type": "ndarray", "data": [[0.9999998864550318, 0.0004161857577166647, 0.00023211923366164502, -0.01815243402264588], [-0.00023222342475170735, 0.0002503167186213018, 0.9999999417069089, 0.02959178186411142], [0.0004161276301310114, -0.9999998820654706, 0.0002504133382810192, 0.03509966666198246], [0.0, 0.0, 0.0, 1.0]]}, "Hobj2base": {"type": "ndarray", "data": [[0.9999999515459138, 0.00013451365011037184, 0.0002807387538198965, -0.7376931096606449], [0.00013433093005734727, -0.999999779225607, 0.000650771802081881, 0.0842135751361058], [0.00028082622953045554, -0.0006507340586514242, -0.9999997488408754, 0.001781484959506613], [0.0, 0.0, 0.0, 1.0]]}, "mean_rme": {"type": "float", "data": 0.0015111924027648258}, "max_rme": {"type": "float", "data": 0.006099536697950381}, "simu": {"type": "float", "data": 0.002}}, {"type": "dict", "image_number": {"type": "int", "data": 27}, "Hcamera2end": {"type": "ndarray", "data": [[0.9999997773989644, 0.0006577148757614828, 0.0001123083430179478, -0.018100083911393026], [-0.00011279609260163553, 0.0007415919725399789, 0.9999997186591543, 0.030424163199756257], [0.000657631403753792, -0.9999995087261235, 0.0007416659951289262, 0.0349984396292522], [0.0, 0.0, 0.0, 1.0]]}, "Hobj2base": {"type": "ndarray", "data": [[0.9999998438936111, 0.0005583145069317527, -2.2308402544249352e-05, -0.7377301152118898], [0.0005583286617493162, -0.9999996395779793, 0.0006396194306862943, 0.08450097064560101], [-2.1951285696742248e-05, -0.0006396317862581529, -0.9999997951946382, 0.0011068770800413336], [0.0, 0.0, 0.0, 1.0]]}, "mean_rme": {"type": "float", "data": 0.0015289669633980793}, "max_rme": {"type": "float", "data": 0.006224602609237656}, "simu": {"type": "float", "data": 0.002}}, {"type": "dict", "image_number": {"type": "int", "data": 28}, "Hcamera2end": {"type": "ndarray", "data": [[0.9999995391006865, 0.0009582678976005517, -5.933844515579063e-05, -0.018091452273135807], [5.80203457215846e-05, 0.0013754712511080402, 0.9999990523557896, 0.031160412870470007], [0.0009583486078289236, -0.9999985948997498, 0.0013754150181195524, 0.0350394557406299], [0.0, 0.0, 0.0, 1.0]]}, "Hobj2base": {"type": "ndarray", "data": [[0.9999993074639089, 0.0011004658506136677, -0.000417188943158711, -0.7379872083666822], [0.001100716236619675, -0.9999992139592757, 0.0006004203499849793, 0.08476618229785617], [-0.0004165278731400401, -0.0006008791408156902, -0.9999997327243586, 0.0005503922353170384], [0.0, 0.0, 0.0, 1.0]]}, "mean_rme": {"type": "float", "data": 0.001550505009609915}, "max_rme": {"type": "float", "data": 0.00634728260767306}, "simu": {"type": "float", "data": 0.002}}, {"type": "dict", "image_number": {"type": "int", "data": 29}, "Hcamera2end": {"type": "ndarray", "data": [[0.9999995625257484, 0.0006844044924166878, -0.000637603954398804, -0.018059278409137243], [0.0006366211741155571, 0.0014352227433566123, 0.9999987674238189, 0.031245376025357586], [0.0006853187525326196, -0.9999987358622846, 0.0014347864090921147, 0.0344715540975619], [0.0, 0.0, 0.0, 1.0]]}, "Hobj2base": {"type": "ndarray", "data": [[0.9999994017636741, 0.0009240202370163673, -0.0005853707333751214, -0.737429499192239], [0.0009240714991143716, -0.99999956923453, 8.730761202036934e-05, 0.0845340991387755], [-0.0005852898072172698, -8.784848420091194e-05, -0.9999998248592274, 0.00036818497543303255], [0.0, 0.0, 0.0, 1.0]]}, "mean_rme": {"type": "float", "data": 0.0015606733050269115}, "max_rme": {"type": "float", "data": 0.006350749650683468}, "simu": {"type": "float", "data": 0.002}}, {"type": "dict", "image_number": {"type": "int", "data": 30}, "Hcamera2end": {"type": "ndarray", "data": [[0.9999991274183379, 0.0010710042665454435, -0.0007733772844092928, -0.018076233239685033], [0.0007721650747576137, 0.0011317952454600322, 0.999999061399869, 0.031572791702413075], [0.00107187856603414, -0.9999987859939545, 0.0011309672657866532, 0.03496852351747683], [0.0, 0.0, 0.0, 1.0]]}, "Hobj2base": {"type": "ndarray", "data": [[0.999999297704541, 0.001167097991200367, -0.00020608906759242497, -0.7377829830511587], [0.0011670633511797867, -0.9999993048486364, -0.0001681231057849892, 0.08462601242130889], [-0.00020628514046836457, 0.0001678824687150295, -0.9999999646309583, -4.538159885926392e-05], [0.0, 0.0, 0.0, 1.0]]}, "mean_rme": {"type": "float", "data": 0.0015558568574668865}, "max_rme": {"type": "float", "data": 0.006365793840234002}, "simu": {"type": "float", "data": 0.002}}]}