{"type": "list", "data": [{"type": "dict", "image_number": {"type": "int", "data": 5}, "Hcamera2end": {"type": "ndarray", "data": [[0.9999948334269133, -0.0014993127555504998, 0.0028434452238474553, -0.012966466485717629], [-0.0028443753251929946, -0.0006185848271675898, 0.9999957634319364, 0.03629714105493517], [-0.0014975474915376085, -0.9999986847061714, -0.0006228462394106682, 0.03571711454372158], [0.0, 0.0, 0.0, 1.0]]}, "Hobj2base": {"type": "ndarray", "data": [[0.999998300669795, -0.0014305755626679774, 0.0011628031139178025, -0.7392896824645734], [-0.001433743375097027, -0.9999952510862538, 0.0027280368169059002, 0.09411465327485509], [0.0011588949290617866, -0.002729699342331659, -0.9999956028423544, -0.004931485215822961], [0.0, 0.0, 0.0, 1.0]]}, "mean_rme": {"type": "float", "data": 0.0012993296443777316}, "max_rme": {"type": "float", "data": 0.003609991445352373}, "simu": {"type": "float", "data": 0.002}}, {"type": "dict", "image_number": {"type": "int", "data": 6}, "Hcamera2end": {"type": "ndarray", "data": [[0.9999948242458344, -0.0023781523615013346, 0.002166996282464239, -0.014274816034510106], [-0.00216614745907448, 0.0003594432687731297, 0.9999975892999552, 0.03561129659076028], [-0.0023789255407165185, -0.9999971075917579, 0.000354289979688005, 0.03611752391501271], [0.0, 0.0, 0.0, 1.0]]}, "Hobj2base": {"type": "ndarray", "data": [[0.9999975439658451, -0.002149005303975544, 0.0005420687052971658, -0.7393006364669873], [-0.0021501175964915415, -0.9999955671569298, 0.0020597720290855036, 0.09231588563659897], [0.0005376398413761766, -0.0020609324816768153, -0.9999977317477811, -0.004563374714094144], [0.0, 0.0, 0.0, 1.0]]}, "mean_rme": {"type": "float", "data": 0.0013641699141513568}, "max_rme": {"type": "float", "data": 0.003620735452088575}, "simu": {"type": "float", "data": 0.002}}, {"type": "dict", "image_number": {"type": "int", "data": 7}, "Hcamera2end": {"type": "ndarray", "data": [[0.999996586368265, -0.0018060457219698535, 0.0018882400978704008, -0.01373658810913558], [-0.0018870337793176113, 0.0006694045429863626, 0.9999979954985276, 0.03506838705108391], [-0.0018073060982483082, -0.9999981450464834, 0.0006659941886013598, 0.03612651560850062], [0.0, 0.0, 0.0, 1.0]]}, "Hobj2base": {"type": "ndarray", "data": [[0.9999986453094833, -0.0016452385474185465, 5.068846154451254e-05, -0.7395369889320301], [-0.0016453338111116823, -0.9999967637298917, 0.0019404655095205288, 0.09295690258690599], [4.7495768846760256e-05, -0.0019405462802299179, -0.9999981160103686, -0.004030559993409558], [0.0, 0.0, 0.0, 1.0]]}, "mean_rme": {"type": "float", "data": 0.0012568858438478034}, "max_rme": {"type": "float", "data": 0.003629301398139162}, "simu": {"type": "float", "data": 0.002}}, {"type": "dict", "image_number": {"type": "int", "data": 8}, "Hcamera2end": {"type": "ndarray", "data": [[0.9999943720725208, -0.0020474060141917817, 0.0026578096052579775, -0.014066836329987372], [-0.0026567654498647476, 0.0005125404565485825, 0.9999963394431128, 0.0352682932892993], [-0.0020487607544940945, -0.9999977727129665, 0.000507098094447711, 0.03628365351251612], [0.0, 0.0, 0.0, 1.0]]}, "Hobj2base": {"type": "ndarray", "data": [[0.9999982107482991, -0.0018892412830300756, -9.62682441972226e-05, -0.739576107834066], [-0.001889014703115821, -0.999995566798817, 0.0023017398123571548, 0.09322814499365761], [-0.00010061635929702761, -0.0023015538418365484, -0.9999973463596097, -0.003816500881668572], [0.0, 0.0, 0.0, 1.0]]}, "mean_rme": {"type": "float", "data": 0.001285064332762583}, "max_rme": {"type": "float", "data": 0.003617519039240513}, "simu": {"type": "float", "data": 0.002}}, {"type": "dict", "image_number": {"type": "int", "data": 9}, "Hcamera2end": {"type": "ndarray", "data": [[0.9999976017094279, -0.001362831450424509, 0.0017144287182955854, -0.013930807428978561], [-0.0017137684721174637, 0.00048548674653703383, 0.9999984136488633, 0.035456414833889074], [-0.0013636616209159037, -0.9999989534959808, 0.0004831500046261761, 0.036627632429207656], [0.0, 0.0, 0.0, 1.0]]}, "Hobj2base": {"type": "ndarray", "data": [[0.9999993418848653, -0.0011083636104356983, -0.000296243047765377, -0.7396489119448947], [-0.0011080078483200525, -0.9999986680876518, 0.0011983912259855628, 0.09314479126643847], [-0.00029757090642155146, -0.0011980621976842255, -0.9999992380489728, -0.003787241811422969], [0.0, 0.0, 0.0, 1.0]]}, "mean_rme": {"type": "float", "data": 0.0014941091974080044}, "max_rme": {"type": "float", "data": 0.003959146770480815}, "simu": {"type": "float", "data": 0.002}}, {"type": "dict", "image_number": {"type": "int", "data": 10}, "Hcamera2end": {"type": "ndarray", "data": [[0.9999986847260925, -0.00141814105396232, 0.0007870336943403373, -0.013659088266798593], [-0.000786432153994479, 0.0004246829779618322, 0.9999996005843378, 0.03569819673729661], [-0.0014184747273476407, -0.9999989042595593, 0.00042356714766356163, 0.03503657470285232], [0.0, 0.0, 0.0, 1.0]]}, "Hobj2base": {"type": "ndarray", "data": [[0.9999992763983259, -0.0011918253245835951, -0.00016357023097402287, -0.7379905732786962], [-0.0011917775707257874, -0.9999992472782517, 0.0002917347302520085, 0.09261997535931259], [-0.00016391780469072749, -0.00029153957981975596, -0.9999999440678122, -0.0036348507274968633], [0.0, 0.0, 0.0, 1.0]]}, "mean_rme": {"type": "float", "data": 0.0016382289797431063}, "max_rme": {"type": "float", "data": 0.004790809346716163}, "simu": {"type": "float", "data": 0.002}}, {"type": "dict", "image_number": {"type": "int", "data": 11}, "Hcamera2end": {"type": "ndarray", "data": [[0.9999984084222798, -0.000950428324105258, 0.0015099135431825919, -0.016602359230959384], [-0.0015095237962157847, 0.0004106589338304101, 0.9999987763478259, 0.03571175963927992], [-0.0009510472205973921, -0.9999994640224769, 0.00040922358606299003, 0.03425864910311499], [0.0, 0.0, 0.0, 1.0]]}, "Hobj2base": {"type": "ndarray", "data": [[0.9999996992239301, -0.0007633800594316598, -0.00013712379162260098, -0.7368097663904973], [-0.0007632448813120884, -0.9999992254139507, 0.0009831727975691557, 0.09013304952122908], [-0.00013787421991706488, -0.0009830678428222436, -0.9999995072840366, -0.00358556799015284], [0.0, 0.0, 0.0, 1.0]]}, "mean_rme": {"type": "float", "data": 0.001714880430640155}, "max_rme": {"type": "float", "data": 0.004896268526510483}, "simu": {"type": "float", "data": 0.002}}, {"type": "dict", "image_number": {"type": "int", "data": 12}, "Hcamera2end": {"type": "ndarray", "data": [[0.9999980968390458, -0.0010893206265383667, 0.0016185483801360008, -0.017379260373740497], [-0.0016191384291492053, -0.0005410032475792192, 0.9999985428520548, 0.035707474796956545], [-0.0010884433993070364, -0.9999992603477557, -0.0005427659788510564, 0.034224992746096916], [0.0, 0.0, 0.0, 1.0]]}, "Hobj2base": {"type": "ndarray", "data": [[0.9999992157168245, -0.0009813298084545348, 0.0007781757789070514, -0.7363781649527072], [-0.0009820105748192946, -0.9999991350809057, 0.0008749243804957615, 0.08935504537581652], [0.0007773165164732373, -0.000875687871151245, -0.9999993144746577, -0.003810842855112582], [0.0, 0.0, 0.0, 1.0]]}, "mean_rme": {"type": "float", "data": 0.0016500251366860991}, "max_rme": {"type": "float", "data": 0.005071558076913396}, "simu": {"type": "float", "data": 0.002}}, {"type": "dict", "image_number": {"type": "int", "data": 13}, "Hcamera2end": {"type": "ndarray", "data": [[0.9999985524846892, -0.0011920327673585892, 0.0012141196019752561, -0.017183900679092336], [-0.0012147219117410347, -0.0005046856290824575, 0.9999991348711724, 0.035701721619531696], [-0.0011914189873815746, -0.9999991621747978, -0.0005061328868642967, 0.03373351968312072], [0.0, 0.0, 0.0, 1.0]]}, "Hobj2base": {"type": "ndarray", "data": [[0.999998890236157, -0.001121951615547872, 0.0009801790789451673, -0.7358800175979916], [-0.0011224346345131387, -0.9999992488531901, 0.0004923754124497292, 0.08959397710163129], [0.0009796259212973251, -0.0004934750529755324, -0.9999993984075324, -0.004035143363618167], [0.0, 0.0, 0.0, 1.0]]}, "mean_rme": {"type": "float", "data": 0.0016578738832609904}, "max_rme": {"type": "float", "data": 0.005133588428976044}, "simu": {"type": "float", "data": 0.002}}, {"type": "dict", "image_number": {"type": "int", "data": 14}, "Hcamera2end": {"type": "ndarray", "data": [[0.9999989844032401, -0.000914909186058214, 0.001092764233307932, -0.016161466687659182], [-0.0010941078370174764, -0.0014693548374886678, 0.9999983219607934, 0.0358396903502573], [-0.0009133019923922838, -0.9999985019676495, -0.001470354354527359, 0.0339752711557241], [0.0, 0.0, 0.0, 1.0]]}, "Hobj2base": {"type": "ndarray", "data": [[0.9999976897396721, -0.0009245825291873415, 0.0019405314903839723, -0.7358517325730073], [-0.0009257582600139069, -0.9999993884307388, 0.0006050700728419549, 0.09057090411368215], [0.0019399708663962781, -0.00060686513802861, -0.9999979341117371, -0.00415778616618561], [0.0, 0.0, 0.0, 1.0]]}, "mean_rme": {"type": "float", "data": 0.0017389270627716318}, "max_rme": {"type": "float", "data": 0.00502326620653637}, "simu": {"type": "float", "data": 0.002}}, {"type": "dict", "image_number": {"type": "int", "data": 15}, "Hcamera2end": {"type": "ndarray", "data": [[0.9999988469381361, -0.0010251508441287862, 0.001120351795218536, -0.016215544892658175], [-0.0011216246629478545, -0.0012419080949104266, 0.9999985998102191, 0.03584002418127567], [-0.0010237580347594209, -0.9999987033641743, -0.0012430564973835434, 0.03412960421450596], [0.0, 0.0, 0.0, 1.0]]}, "Hobj2base": {"type": "ndarray", "data": [[0.9999979422093013, -0.0010159555646377099, 0.0017559645365335275, -0.7360302516975191], [-0.001016818014296918, -0.9999993628279054, 0.0004903314282139565, 0.09039546530939037], [0.0017554652627389145, -0.000492115915587718, -0.9999983380804376, -0.004141911194169527], [0.0, 0.0, 0.0, 1.0]]}, "mean_rme": {"type": "float", "data": 0.0017216031673478395}, "max_rme": {"type": "float", "data": 0.005019785071566862}, "simu": {"type": "float", "data": 0.002}}, {"type": "dict", "image_number": {"type": "int", "data": 16}, "Hcamera2end": {"type": "ndarray", "data": [[0.9999987280227937, -0.0009505087831320272, 0.0012808145252013025, -0.016604393491634], [-0.0012818494997945944, -0.0010890545734441037, 0.9999985854099975, 0.03581435245942884], [-0.0009491125616354012, -0.9999989552460489, -0.0010902715973997168, 0.033919681752519665], [0.0, 0.0, 0.0, 1.0]]}, "Hobj2base": {"type": "ndarray", "data": [[0.9999981786809898, -0.0009401376474936051, 0.0016609563230184266, -0.7360347006045415], [-0.0009412954025457667, -0.9999993144968065, 0.000696397072144744, 0.09006286275990122], [0.0016603004753224355, -0.0006979592543342045, -0.9999983781262902, -0.004090371439621092], [0.0, 0.0, 0.0, 1.0]]}, "mean_rme": {"type": "float", "data": 0.001637567751474341}, "max_rme": {"type": "float", "data": 0.0050404828226650045}, "simu": {"type": "float", "data": 0.002}}, {"type": "dict", "image_number": {"type": "int", "data": 17}, "Hcamera2end": {"type": "ndarray", "data": [[0.9999987933740633, -0.0010842693956366399, 0.0011124793459376722, -0.016433180945144517], [-0.0011140240594365203, -0.0014250971995863893, 0.9999983640228454, 0.03578911154118431], [-0.0010826822305961856, -0.9999983967276396, -0.0014263033822208282, 0.0336241182412338], [0.0, 0.0, 0.0, 1.0]]}, "Hobj2base": {"type": "ndarray", "data": [[0.9999978392245111, -0.0010741368818425838, 0.0017798247857132193, -0.7356164317691042], [-0.0010747603008342112, -0.9999993614220744, 0.00034935045348626054, 0.08983918851116873], [0.0017794483989496213, -0.00035126258364048894, -0.9999983550876437, -0.004109389749562921], [0.0, 0.0, 0.0, 1.0]]}, "mean_rme": {"type": "float", "data": 0.0016421158649957068}, "max_rme": {"type": "float", "data": 0.005069362997231708}, "simu": {"type": "float", "data": 0.002}}, {"type": "dict", "image_number": {"type": "int", "data": 18}, "Hcamera2end": {"type": "ndarray", "data": [[0.9999988001618595, -0.0010041853311526145, 0.0011795281523033854, -0.016294749669480253], [-0.0011808136330023315, -0.0012804939595343345, 0.9999984830060414, 0.03595118467613283], [-0.0010026734291354088, -0.9999986759726439, -0.0012816781788778098, 0.033687385353380624], [0.0, 0.0, 0.0, 1.0]]}, "Hobj2base": {"type": "ndarray", "data": [[0.9999980380198964, -0.000923005567848887, 0.0017527170563342283, -0.7356041103315089], [-0.0009238401447907853, -0.9999994602513018, 0.00047541191771789134, 0.09003853806617099], [0.0017522773024604037, -0.0004770302153482688, -0.9999983509818546, -0.004146370488574937], [0.0, 0.0, 0.0, 1.0]]}, "mean_rme": {"type": "float", "data": 0.0016877269434463233}, "max_rme": {"type": "float", "data": 0.004939860615318592}, "simu": {"type": "float", "data": 0.002}}, {"type": "dict", "image_number": {"type": "int", "data": 19}, "Hcamera2end": {"type": "ndarray", "data": [[0.9999987829842639, -0.001019540501003389, 0.0011809179302206306, -0.01619629707650786], [-0.0011822794892551766, -0.0013358951988908796, 0.9999984087983474, 0.03589034220961103], [-0.001017961296115593, -0.9999985879595953, -0.001337098954908189, 0.033763146023251527], [0.0, 0.0, 0.0, 1.0]]}, "Hobj2base": {"type": "ndarray", "data": [[0.9999978772826909, -0.0009604945037058083, 0.001822876962562387, -0.7356790605274239], [-0.000961398923042352, -0.9999994151760039, 0.0004953380272981509, 0.09009061838352225], [0.0018224001270475008, -0.0004970894877841927, -0.9999982158783176, -0.004216318964053022], [0.0, 0.0, 0.0, 1.0]]}, "mean_rme": {"type": "float", "data": 0.0016620512103176519}, "max_rme": {"type": "float", "data": 0.0050630572194345635}, "simu": {"type": "float", "data": 0.002}}, {"type": "dict", "image_number": {"type": "int", "data": 20}, "Hcamera2end": {"type": "ndarray", "data": [[0.9999987950104667, -0.0010434087816009133, 0.0011494675850228584, -0.016186046962730537], [-0.0011506921814363725, -0.0011738091043815846, 0.9999986490389323, 0.03587807457909264], [-0.0010420581164797803, -0.9999987667343899, -0.0011750083322810134, 0.03370913814092531], [0.0, 0.0, 0.0, 1.0]]}, "Hobj2base": {"type": "ndarray", "data": [[0.9999981053136374, -0.0009886188178372152, 0.0016769024922190794, -0.7357087995933421], [-0.0009893184363562678, -0.999999423917106, 0.0004164306514737628, 0.09008268912966066], [0.0016764898350058676, -0.00041808885301981066, -0.9999985072906579, -0.004179361882980301], [0.0, 0.0, 0.0, 1.0]]}, "mean_rme": {"type": "float", "data": 0.0015846490292369844}, "max_rme": {"type": "float", "data": 0.005038741330742447}, "simu": {"type": "float", "data": 0.002}}, {"type": "dict", "image_number": {"type": "int", "data": 21}, "Hcamera2end": {"type": "ndarray", "data": [[0.9999987121071164, -0.0010972209425705363, 0.0011712772138343253, -0.016559568582976733], [-0.0011724201703630904, -0.0010416197282718809, 0.9999987702288868, 0.03583989152675351], [-0.0010959995677867112, -0.9999988555666177, -0.00104290479074165, 0.03395804621271705], [0.0, 0.0, 0.0, 1.0]]}, "Hobj2base": {"type": "ndarray", "data": [[0.9999982488928446, -0.0010461335633930539, 0.0015517138305731822, -0.7359000046809591], [-0.001046731755262824, -0.9999993781629264, 0.0003847419821711282, 0.08965324086284697], [0.0015513103741591993, -0.00038636553658823164, -0.999998722078081, -0.004193820601130549], [0.0, 0.0, 0.0, 1.0]]}, "mean_rme": {"type": "float", "data": 0.0016220825613109107}, "max_rme": {"type": "float", "data": 0.0050999399000389856}, "simu": {"type": "float", "data": 0.002}}, {"type": "dict", "image_number": {"type": "int", "data": 22}, "Hcamera2end": {"type": "ndarray", "data": [[0.9999992245525267, -0.0008356650181842819, 0.0009233408486620309, -0.016288708628834244], [-0.0009240475384466293, -0.0008456709216784208, 0.9999992154881121, 0.03591379559983221], [-0.0008348835200886294, -0.9999992932520854, -0.00084644246010801, 0.0331506877385035], [0.0, 0.0, 0.0, 1.0]]}, "Hobj2base": {"type": "ndarray", "data": [[0.9999988610415026, -0.0008000285406631902, 0.001279792964405615, -0.7352346898628205], [-0.0008003428263247921, -0.9999996496929988, 0.0002450821098894533, 0.08942600170160707], [0.0012795964434024615, -0.0002461061038693447, -0.9999991510320039, -0.004121662875520987], [0.0, 0.0, 0.0, 1.0]]}, "mean_rme": {"type": "float", "data": 0.0017045984110915804}, "max_rme": {"type": "float", "data": 0.004930691395548359}, "simu": {"type": "float", "data": 0.002}}, {"type": "dict", "image_number": {"type": "int", "data": 23}, "Hcamera2end": {"type": "ndarray", "data": [[0.9999996144801125, -0.00035685496329404895, 0.0008023055286975728, -0.01675062526027057], [-0.0008025560373685768, -0.00070240179518688, 0.9999994312676006, 0.035885888742227603], [-0.00035629121949542396, -0.9999996896430783, -0.0007026879205023207, 0.03276119647793118], [0.0, 0.0, 0.0, 1.0]]}, "Hobj2base": {"type": "ndarray", "data": [[0.9999993384032441, -0.00034580931118441844, 0.0010970911514325103, -0.735255359909609], [-0.0003460214634073427, -0.9999999214727815, 0.0001931931101742862, 0.08872853351752827], [0.0010970242573046388, -0.00019357259944406118, -0.9999993795335214, -0.004135371659186622], [0.0, 0.0, 0.0, 1.0]]}, "mean_rme": {"type": "float", "data": 0.0017478657140209454}, "max_rme": {"type": "float", "data": 0.004957573555511963}, "simu": {"type": "float", "data": 0.002}}, {"type": "dict", "image_number": {"type": "int", "data": 24}, "Hcamera2end": {"type": "ndarray", "data": [[0.9999996492926301, -0.000348523170484497, 0.0007615419990965628, -0.01675140059362753], [-0.0007617796423953079, -0.0006822339202559036, 0.9999994771241907, 0.03584230767349596], [-0.00034800343846667914, -0.9999997065441959, -0.000682499178847662, 0.03275507236185346], [0.0, 0.0, 0.0, 1.0]]}, "Hobj2base": {"type": "ndarray", "data": [[0.9999993895084371, -0.00033946901684660507, 0.0010515434083163157, -0.7352775392368672], [-0.0003396704011836858, -0.9999999240064261, 0.00019134043068431348, 0.08872726528251944], [0.0010514783742578868, -0.00019169749204395978, -0.9999994288224867, -0.0041504877054295425], [0.0, 0.0, 0.0, 1.0]]}, "mean_rme": {"type": "float", "data": 0.001705048504458365}, "max_rme": {"type": "float", "data": 0.005013734123853419}, "simu": {"type": "float", "data": 0.002}}, {"type": "dict", "image_number": {"type": "int", "data": 25}, "Hcamera2end": {"type": "ndarray", "data": [[0.9999996804939563, -0.00017890026494401937, 0.0007791063345144143, -0.016584221052427663], [-0.0007792353249884187, -0.0007220847827147381, 0.9999994356927782, 0.0358667130885423], [-0.00017833758316103838, -0.9999997232940925, -0.000722223957410284, 0.032831078537015924], [0.0, 0.0, 0.0, 1.0]]}, "Hobj2base": {"type": "ndarray", "data": [[0.9999994430454455, -0.00018550812999968297, 0.0010389877441747614, -0.7354908398538335], [-0.00018576910431658436, -0.9999999512217115, 0.0002510904504738917, 0.08877863370336138], [0.0010389411141747895, -0.0002512833224505529, -0.9999994287288634, -0.004138602466327774], [0.0, 0.0, 0.0, 1.0]]}, "mean_rme": {"type": "float", "data": 0.0017185419378065625}, "max_rme": {"type": "float", "data": 0.0049950094130533085}, "simu": {"type": "float", "data": 0.002}}, {"type": "dict", "image_number": {"type": "int", "data": 26}, "Hcamera2end": {"type": "ndarray", "data": [[0.9999997166567651, -0.0002695221853018007, 0.0007028827648909337, -0.016620958056631583], [-0.0007030724401762169, -0.0007042986959866493, 0.9999995048261229, 0.03580213188391383], [-0.00026902701242671127, -0.999999715660529, -0.0007044879900488521, 0.033026677279413094], [0.0, 0.0, 0.0, 1.0]]}, "Hobj2base": {"type": "ndarray", "data": [[0.9999994705166574, -0.00027371184283898946, 0.0009919920524068253, -0.7356646880558426], [-0.0002739244599687769, -0.9999999395410217, 0.00021420397388411392, 0.08890247025774761], [0.0009919333622675647, -0.00021447559135392665, -0.9999994850340799, -0.004136637354525187], [0.0, 0.0, 0.0, 1.0]]}, "mean_rme": {"type": "float", "data": 0.0017226811458900936}, "max_rme": {"type": "float", "data": 0.005045258766504301}, "simu": {"type": "float", "data": 0.002}}, {"type": "dict", "image_number": {"type": "int", "data": 27}, "Hcamera2end": {"type": "ndarray", "data": [[0.9999996097024506, -0.0002876199844585081, 0.000835385953280634, -0.016461872275231736], [-0.0008355689715873999, -0.00063678879689677, 0.9999994481621088, 0.035497760197603936], [-0.0002870878613227684, -0.9999997558873568, -0.0006370288746944119, 0.033034642332511806], [0.0, 0.0, 0.0, 1.0]]}, "Hobj2base": {"type": "ndarray", "data": [[0.9999995377167067, -0.0002526792425731493, 0.0009277497363891462, -0.7356942365253828], [-0.00025301678624764946, -0.9999999018410604, 0.0003637311858549265, 0.08907534735591796], [0.0009276577380016737, -0.0003639657539648193, -0.9999995034899023, -0.0036887594825022194], [0.0, 0.0, 0.0, 1.0]]}, "mean_rme": {"type": "float", "data": 0.0017057678100903164}, "max_rme": {"type": "float", "data": 0.004942331044694548}, "simu": {"type": "float", "data": 0.002}}, {"type": "dict", "image_number": {"type": "int", "data": 28}, "Hcamera2end": {"type": "ndarray", "data": [[0.9999997328832195, -8.301793448328145e-05, 0.0007261828365764836, -0.01651067130166376], [-0.0007262295661365682, -0.0005642475871254771, 0.9999995771075496, 0.03543505088359386], [-8.260815246227357e-05, -0.9999998373663284, -0.0005643077264840812, 0.03307894780651238], [0.0, 0.0, 0.0, 1.0]]}, "Hobj2base": {"type": "ndarray", "data": [[0.9999996253134703, -0.00010315855608773863, 0.0008594947535463379, -0.7357058323923935], [-0.00010352556757786441, -0.9999999034874558, 0.00042697486525731984, 0.08905343043993008], [0.000859450624483727, -0.0004270636849577804, -0.9999995394805103, -0.0035568656589723075], [0.0, 0.0, 0.0, 1.0]]}, "mean_rme": {"type": "float", "data": 0.0017136680578176153}, "max_rme": {"type": "float", "data": 0.004845233606798227}, "simu": {"type": "float", "data": 0.002}}, {"type": "dict", "image_number": {"type": "int", "data": 29}, "Hcamera2end": {"type": "ndarray", "data": [[0.9999997569389713, -0.0003179696807470934, 0.0006204976071909513, -0.016692464662491135], [-0.0006206790840225813, -0.0005709557827746625, 0.9999996443834213, 0.03469652417632852], [-0.0003176152909747798, -0.9999997864523654, -0.0005711530011278665, 0.0330389529124784], [0.0, 0.0, 0.0, 1.0]]}, "Hobj2base": {"type": "ndarray", "data": [[0.9999995433126431, -0.00033881137709396093, 0.0008936337929959876, -0.7356919616204539], [-0.0003391347601016875, -0.9999998770631766, 0.0003617474899645495, 0.08902972396920393], [0.0008935111189702524, -0.0003620503870410509, -0.9999995352785911, -0.0027384451684539933], [0.0, 0.0, 0.0, 1.0]]}, "mean_rme": {"type": "float", "data": 0.0017259801487184028}, "max_rme": {"type": "float", "data": 0.004726063691607885}, "simu": {"type": "float", "data": 0.002}}, {"type": "dict", "image_number": {"type": "int", "data": 30}, "Hcamera2end": {"type": "ndarray", "data": [[0.9999997962632288, 0.0001069439286039005, 0.000629314307053959, -0.016680507979967417], [-0.000629255003379548, -0.0005536623692181664, 0.9999996487479993, 0.03454277955939281], [0.00010729231868985786, -0.9999998410104761, -0.0005535949614146052, 0.03307819373355476], [0.0, 0.0, 0.0, 1.0]]}, "Hobj2base": {"type": "ndarray", "data": [[0.9999996645791601, 6.020498656195283e-05, 0.0008168334756535236, -0.7357431649292785], [5.9890687709190726e-05, -0.9999999241725119, 0.00038479614942628034, 0.08900221173163995], [0.0008168565803620979, -0.0003847470996390319, -0.9999995923574156, -0.0025871055427605094], [0.0, 0.0, 0.0, 1.0]]}, "mean_rme": {"type": "float", "data": 0.0016925357586334128}, "max_rme": {"type": "float", "data": 0.004754584833612657}, "simu": {"type": "float", "data": 0.002}}]}