{"type": "list", "data": [{"type": "dict", "image_number": {"type": "int", "data": 5}, "Hcamera2end": {"type": "ndarray", "data": [[0.9999983749643129, 0.0007208342148697156, -0.0016524124086053998, -0.013411467735208838], [0.001653240634735052, -0.0011499041069422677, 0.9999979722559181, 0.03432630296756703], [0.0007189326373873846, -0.9999990790588654, -0.001151093950721993, 0.03507969624017417], [0.0, 0.0, 0.0, 1.0]]}, "Hobj2base": {"type": "ndarray", "data": [[0.9999997559920717, 0.00029906989204858236, 0.0006313263788742312, -0.7374102015109893], [0.0002985630934273165, -0.9999996332712715, 0.0008026938402450917, 0.0893449693352291], [0.0006315662089088614, -0.0008025051536247916, -0.9999994785546649, -0.004129972523362469], [0.0, 0.0, 0.0, 1.0]]}, "mean_rme": {"type": "float", "data": 0.0007330202806178195}, "max_rme": {"type": "float", "data": 0.0021913659769394744}, "simu": {"type": "float", "data": 0.002}}, {"type": "dict", "image_number": {"type": "int", "data": 6}, "Hcamera2end": {"type": "ndarray", "data": [[0.9999961905710666, 0.0011067286781856344, -0.002528635004907102, -0.014208681933451865], [0.002528732757532141, -8.693533688419741e-05, 0.9999967989713208, 0.03332832720170236], [0.001106505307779387, -0.9999993837967502, -8.9733626772448e-05, 0.03545383902679263], [0.0, 0.0, 0.0, 1.0]]}, "Hobj2base": {"type": "ndarray", "data": [[0.9999999063010344, 0.0004328690613275652, -4.722079470880542e-06, -0.7375892801770338], [0.0004328701027139034, -0.9999998814895907, 0.00022280996191318528, 0.08873410558375931], [-4.625631372197179e-06, -0.0002228119850831479, -0.9999999751667115, -0.002842590212559263], [0.0, 0.0, 0.0, 1.0]]}, "mean_rme": {"type": "float", "data": 0.0011035126525209328}, "max_rme": {"type": "float", "data": 0.0035254024811886553}, "simu": {"type": "float", "data": 0.002}}, {"type": "dict", "image_number": {"type": "int", "data": 7}, "Hcamera2end": {"type": "ndarray", "data": [[0.9999953962305007, 0.0017532921911374774, -0.0024765872276845194, -0.01451141465611288], [0.0024759802463192003, 0.00034828117180241147, 0.9999968741061371, 0.032903430363240525], [0.0017541492592339062, -0.9999984023320827, 0.0003439384515648847, 0.03534260383706378], [0.0, 0.0, 0.0, 1.0]]}, "Hobj2base": {"type": "ndarray", "data": [[0.9999993120402537, 0.0011643917859216761, -0.00014181251058564717, -0.7377256373490614], [0.001164347474007673, -0.9999992734280778, -0.00031215104813311304, 0.0877577041762625], [-0.00014217587366507174, 0.0003119857143472741, -0.9999999412254661, -0.0024621129702645517], [0.0, 0.0, 0.0, 1.0]]}, "mean_rme": {"type": "float", "data": 0.00111913381886976}, "max_rme": {"type": "float", "data": 0.003642782239648784}, "simu": {"type": "float", "data": 0.002}}, {"type": "dict", "image_number": {"type": "int", "data": 8}, "Hcamera2end": {"type": "ndarray", "data": [[0.9999941970961864, 0.0026019622362157004, -0.002198992149768897, -0.014912630538898953], [0.002198979736590585, 7.631528674112431e-06, 0.9999975822120161, 0.03271949056356113], [0.002601972726894316, -0.9999966148614109, 1.9098221563096374e-06, 0.03556697050568208], [0.0, 0.0, 0.0, 1.0]]}, "Hobj2base": {"type": "ndarray", "data": [[0.9999976125147177, 0.0021683729612670117, -0.0002704136929569977, -0.7376801511721853], [0.0021684378393651087, -0.9999976201695009, 0.0002398596907832142, 0.0879624718840054], [-0.00026989294415025167, -0.00024044549340582303, -0.9999999346718795, -0.002314705653205393], [0.0, 0.0, 0.0, 1.0]]}, "mean_rme": {"type": "float", "data": 0.0012682459183109372}, "max_rme": {"type": "float", "data": 0.004402928363786723}, "simu": {"type": "float", "data": 0.002}}, {"type": "dict", "image_number": {"type": "int", "data": 9}, "Hcamera2end": {"type": "ndarray", "data": [[0.9999915827260853, 0.0029655147864830513, -0.0028355244717411096, -0.01368327982859999], [0.0028427441638157643, -0.002433174457434406, 0.9999929992093342, 0.03273709972238124], [0.0029585946998167438, -0.9999926426649905, -0.00244158417659035, 0.03712308505014799], [0.0, 0.0, 0.0, 1.0]]}, "Hobj2base": {"type": "ndarray", "data": [[0.9999936784631623, 0.0026928378000983435, 0.0023219944650617382, -0.7374013587250324], [0.0026949734116049453, -0.999995948020534, -0.0009170936832176438, 0.08860444146319274], [0.0023195154718514462, 0.000923345599121377, -0.9999968836355841, -0.002694997748960574], [0.0, 0.0, 0.0, 1.0]]}, "mean_rme": {"type": "float", "data": 0.001396866441562356}, "max_rme": {"type": "float", "data": 0.004555931158148813}, "simu": {"type": "float", "data": 0.002}}, {"type": "dict", "image_number": {"type": "int", "data": 10}, "Hcamera2end": {"type": "ndarray", "data": [[0.9999888967068485, 0.0031326575143447704, -0.0035203579246591296, -0.012498123423353269], [0.0035265351333192843, -0.001968540747130376, 0.9999918441653813, 0.03262110622732026], [0.0031257019968889913, -0.9999931556286897, -0.0019795663166304323, 0.03523499697975658], [0.0, 0.0, 0.0, 1.0]]}, "Hobj2base": {"type": "ndarray", "data": [[0.9999940572185967, 0.0028827667362775105, 0.0018908155474012893, -0.735671234410313], [0.0028856932351159596, -0.9999946400058684, -0.0015468464976213137, 0.08928795025983723], [0.0018863462150115807, 0.0015522936186847017, -0.9999970160367875, -0.0025062888348777123], [0.0, 0.0, 0.0, 1.0]]}, "mean_rme": {"type": "float", "data": 0.0013632970461796826}, "max_rme": {"type": "float", "data": 0.004515524273856014}, "simu": {"type": "float", "data": 0.002}}, {"type": "dict", "image_number": {"type": "int", "data": 11}, "Hcamera2end": {"type": "ndarray", "data": [[0.9999911010765189, 0.0038442231394370478, -0.0017377330708983427, -0.01443898562169662], [0.0017439767680311209, -0.0016214210965292963, 0.9999971647653108, 0.032588780287053185], [0.0038413946431009585, -0.9999912964331648, -0.0016281109034732566, 0.03548835245914795], [0.0, 0.0, 0.0, 1.0]]}, "Hobj2base": {"type": "ndarray", "data": [[0.9999933886897937, 0.003489458714282229, 0.001022865868325111, -0.7359562547185923], [0.00348937203009558, -0.999993908380119, 8.651872569752775e-05, 0.08819082506269112], [0.0010231615409363858, -8.294899414392044e-05, -0.9999994731298241, -0.0021922396617728335], [0.0, 0.0, 0.0, 1.0]]}, "mean_rme": {"type": "float", "data": 0.0013503035505187428}, "max_rme": {"type": "float", "data": 0.004602362032233104}, "simu": {"type": "float", "data": 0.002}}, {"type": "dict", "image_number": {"type": "int", "data": 12}, "Hcamera2end": {"type": "ndarray", "data": [[0.9999915021679707, 0.003704176234958717, -0.0018096050026954202, -0.014412430820231515], [0.0018147158012607064, -0.0013768438704617747, 0.9999974055503928, 0.03267670569605224], [0.003701675081104221, -0.9999921916592032, -0.001383554197418091, 0.03507568988246111], [0.0, 0.0, 0.0, 1.0]]}, "Hobj2base": {"type": "ndarray", "data": [[0.99999395043359, 0.0033974809751934785, 0.0007458010766658847, -0.7357786528828876], [0.0033975869464937004, -0.9999942182626309, -0.0001408696210776231, 0.08830930930504273], [0.000745318162782336, 0.0001434026928802562, -0.9999997119682102, -0.0020899640441515896], [0.0, 0.0, 0.0, 1.0]]}, "mean_rme": {"type": "float", "data": 0.0013482104624895446}, "max_rme": {"type": "float", "data": 0.004487055255544631}, "simu": {"type": "float", "data": 0.002}}, {"type": "dict", "image_number": {"type": "int", "data": 13}, "Hcamera2end": {"type": "ndarray", "data": [[0.9999932633052614, 0.003555205394519808, -0.0009131586373365768, -0.014163650969266972], [0.0009173961544187124, -0.0011904707979437656, 0.9999988705811498, 0.03255407557475578], [0.00355411429051218, -0.999992971622242, -0.0011937243098625316, 0.034567813472873514], [0.0, 0.0, 0.0, 1.0]]}, "Hobj2base": {"type": "ndarray", "data": [[0.9999943355274723, 0.0032562323185823033, 0.0008519765586976479, -0.7351125959883583], [0.0032555475110696295, -0.9999943775274063, 0.0008039427706668887, 0.08900709700139717], [0.0008545895929149321, -0.0008011645665899925, -0.9999993139057473, -0.0020125451133531282], [0.0, 0.0, 0.0, 1.0]]}, "mean_rme": {"type": "float", "data": 0.0014042987084275215}, "max_rme": {"type": "float", "data": 0.004610663509547169}, "simu": {"type": "float", "data": 0.002}}, {"type": "dict", "image_number": {"type": "int", "data": 14}, "Hcamera2end": {"type": "ndarray", "data": [[0.9999931048811611, 0.0036283241062427213, -0.0007908566970395393, -0.014174908694623067], [0.0007942914680571819, -0.0009453116698143749, 0.9999992377431647, 0.032561629343520346], [0.003627573734463009, -0.9999929708003085, -0.0009481870986589591, 0.034241048384245326], [0.0, 0.0, 0.0, 1.0]]}, "Hobj2base": {"type": "ndarray", "data": [[0.9999943292474502, 0.0033211676268461664, 0.0005579592605533327, -0.7350319073937633], [0.0033207550462961027, -0.9999942133990414, 0.0007387518902845022, 0.08913371995748873], [0.0005604095507280249, -0.0007368948549752267, -0.9999995714634624, -0.0019586735884823798], [0.0, 0.0, 0.0, 1.0]]}, "mean_rme": {"type": "float", "data": 0.0013525483059337294}, "max_rme": {"type": "float", "data": 0.004530536248756684}, "simu": {"type": "float", "data": 0.002}}, {"type": "dict", "image_number": {"type": "int", "data": 15}, "Hcamera2end": {"type": "ndarray", "data": [[0.9999928294836966, 0.003765864731512663, -0.00039905389906759437, -0.014713281036741679], [0.00040161849885780756, -0.0006802805415146995, 0.9999996879604344, 0.03266807189913531], [0.0037655920878113163, -0.9999926777137963, -0.0006817881044922647, 0.03388147642694639], [0.0, 0.0, 0.0, 1.0]]}, "Hobj2base": {"type": "ndarray", "data": [[0.9999938597196318, 0.003457766751760464, 0.0005695367622863332, -0.735068594512251], [0.0034570639404406965, -0.9999932673879255, 0.0012304014522498948, 0.08872921293149547], [0.0005737873690491577, -0.0012284249722363573, -0.9999990808696495, -0.0019585335078649976], [0.0, 0.0, 0.0, 1.0]]}, "mean_rme": {"type": "float", "data": 0.001377872755818431}, "max_rme": {"type": "float", "data": 0.004598477567379938}, "simu": {"type": "float", "data": 0.002}}, {"type": "dict", "image_number": {"type": "int", "data": 16}, "Hcamera2end": {"type": "ndarray", "data": [[0.9999936240575622, 0.0035602915007856934, -0.00027598668873051965, -0.015474679831174901], [0.0002768596239811343, -0.00024469593269627055, 0.9999999317363221, 0.032667361504327544], [0.0035602237249268915, -0.9999936322038904, -0.0002456800734951248, 0.03314197444628411], [0.0, 0.0, 0.0, 1.0]]}, "Hobj2base": {"type": "ndarray", "data": [[0.9999946343627178, 0.00327201262582845, 0.00015867939576104164, -0.7343281950319909], [0.0032718239408873803, -0.9999939571077643, 0.001175123846430869, 0.08826957999105473], [0.00016252345694098695, -0.001174598370096571, -0.9999992969521503, -0.0017221842320678804], [0.0, 0.0, 0.0, 1.0]]}, "mean_rme": {"type": "float", "data": 0.0015028203561474527}, "max_rme": {"type": "float", "data": 0.004415025456302429}, "simu": {"type": "float", "data": 0.002}}, {"type": "dict", "image_number": {"type": "int", "data": 17}, "Hcamera2end": {"type": "ndarray", "data": [[0.9999942727228582, 0.003363648324906855, -0.000374688441556084, -0.01525036799648933], [0.0003748298786262509, -4.141840789628759e-05, 0.9999999288935361, 0.03274540370298617], [0.0033636325667310107, -0.9999943420612246, -4.267896657506043e-05, 0.03319065044435574], [0.0, 0.0, 0.0, 1.0]]}, "Hobj2base": {"type": "ndarray", "data": [[0.9999952090379874, 0.003095326146789137, -2.927655696088386e-05, -0.7345469449799307], [0.0030953543870361816, -0.9999946896776213, 0.0010195085954688788, 0.0884139239677138], [-2.6120689880497175e-05, -0.0010195943323609525, -0.9999994798724181, -0.001680873782262599], [0.0, 0.0, 0.0, 1.0]]}, "mean_rme": {"type": "float", "data": 0.001475810381277945}, "max_rme": {"type": "float", "data": 0.004477610177249042}, "simu": {"type": "float", "data": 0.002}}, {"type": "dict", "image_number": {"type": "int", "data": 18}, "Hcamera2end": {"type": "ndarray", "data": [[0.9999972704257782, 0.002313179899083728, -0.0003291500379722543, -0.01538563415312889], [0.0003289040145753202, 0.00010673682864725809, 0.9999999402146976, 0.032261802785538904], [0.00231321489322077, -0.9999973188994079, 0.00010597572314596793, 0.03306738301744814], [0.0, 0.0, 0.0, 1.0]]}, "Hobj2base": {"type": "ndarray", "data": [[0.9999979051592102, 0.0020467888895714954, 1.823274299830794e-05, -0.7345364868532573], [0.0020467704986958813, -0.9999974471890076, 0.0009572596272102828, 0.08860477446873151], [2.019200482297055e-05, -0.0009572203036632899, -0.9999995416606817, -0.0011412044258294464], [0.0, 0.0, 0.0, 1.0]]}, "mean_rme": {"type": "float", "data": 0.0014824068662837569}, "max_rme": {"type": "float", "data": 0.004427805270828061}, "simu": {"type": "float", "data": 0.002}}, {"type": "dict", "image_number": {"type": "int", "data": 19}, "Hcamera2end": {"type": "ndarray", "data": [[0.9999970638302613, 0.002372766626144519, -0.0004922493210143705, -0.015345638789209665], [0.0004918155412366076, 0.00018339604722772407, 0.9999998622416721, 0.03230062497548103], [0.002372856575855881, -0.9999971681682043, 0.00018222854524330145, 0.03303966919047409], [0.0, 0.0, 0.0, 1.0]]}, "Hobj2base": {"type": "ndarray", "data": [[0.9999977873380854, 0.002103584479707995, -1.5851496288342722e-05, -0.7345769646641396], [0.002103600016062342, -0.9999972321955752, 0.0010537875311365291, 0.08859438412257357], [-1.363472131909255e-05, -0.0010538185446688395, -0.9999994446401304, -0.0010850085673531453], [0.0, 0.0, 0.0, 1.0]]}, "mean_rme": {"type": "float", "data": 0.001446549336042217}, "max_rme": {"type": "float", "data": 0.0043847748936375885}, "simu": {"type": "float", "data": 0.002}}, {"type": "dict", "image_number": {"type": "int", "data": 20}, "Hcamera2end": {"type": "ndarray", "data": [[0.9999977843437622, 0.0020214683254743465, -0.0005873443416551482, -0.014878402307266312], [0.0005873012798823894, 2.1895765032753367e-05, 0.9999998272988759, 0.0322054564340225], [0.002021480836718193, -0.9999979565911044, 2.0708505584443593e-05, 0.033253817254943134], [0.0, 0.0, 0.0, 1.0]]}, "Hobj2base": {"type": "ndarray", "data": [[0.9999984174181523, 0.0017756368802515094, 0.00011079196899741008, -0.7344897849486027], [0.0017755358749417592, -0.9999980140406244, 0.0009052000681460189, 0.0890975307268789], [0.0001123990555940668, -0.0009050019204772121, -0.9999995841689013, -0.001056056491141033], [0.0, 0.0, 0.0, 1.0]]}, "mean_rme": {"type": "float", "data": 0.0014527100207406727}, "max_rme": {"type": "float", "data": 0.004412442620040424}, "simu": {"type": "float", "data": 0.002}}, {"type": "dict", "image_number": {"type": "int", "data": 21}, "Hcamera2end": {"type": "ndarray", "data": [[0.9999981431577767, 0.0018625279881333075, -0.0004946417816787929, -0.015019886128719415], [0.0004947601730725429, -6.310467756631688e-05, 0.9999998756150776, 0.032174065545531566], [0.0018624965422527643, -0.9999982635021387, -6.402606506084041e-05, 0.033412390397223206], [0.0, 0.0, 0.0, 1.0]]}, "Hobj2base": {"type": "ndarray", "data": [[0.9999986489737929, 0.0016352511428341834, 0.00016734482017334711, -0.7346590079009682], [0.0016350976921321026, -0.9999982464069435, 0.0009130381012495406, 0.0891494743837049], [0.00016883757331715194, -0.0009127632425818819, -0.9999995691784751, -0.0011169658652006244], [0.0, 0.0, 0.0, 1.0]]}, "mean_rme": {"type": "float", "data": 0.0014630284500035964}, "max_rme": {"type": "float", "data": 0.004444783323476087}, "simu": {"type": "float", "data": 0.002}}, {"type": "dict", "image_number": {"type": "int", "data": 22}, "Hcamera2end": {"type": "ndarray", "data": [[0.9999982764447846, 0.0017903114741803822, -0.0004918254624789886, -0.014936149458359919], [0.0004920635804780216, -0.00013256562743313438, 0.9999998701498851, 0.03216843699157798], [0.0017902460425572105, -0.9999983886042916, -0.0001334463460231916, 0.03352886179060403], [0.0, 0.0, 0.0, 1.0]]}, "Hobj2base": {"type": "ndarray", "data": [[0.999998731556649, 0.001575629134044485, 0.00023297623278036622, -0.7346950246931742], [0.001575423622095359, -0.9999983720974772, 0.0008796833550669002, 0.08926191597111087], [0.00023436190824074668, -0.0008793152029778885, -0.9999995859395487, -0.0010548844281002884], [0.0, 0.0, 0.0, 1.0]]}, "mean_rme": {"type": "float", "data": 0.0014400712566417}, "max_rme": {"type": "float", "data": 0.004512757109749688}, "simu": {"type": "float", "data": 0.002}}, {"type": "dict", "image_number": {"type": "int", "data": 23}, "Hcamera2end": {"type": "ndarray", "data": [[0.9999981474780127, 0.001858666143896127, -0.0005004005478184873, -0.01477844559510404], [0.0005004232161331729, -1.1730971795964606e-05, 0.9999998747194867, 0.032259595060437914], [0.0018586600408567648, -0.9999982726097829, -1.2661069753505672e-05, 0.03362763293882197], [0.0, 0.0, 0.0, 1.0]]}, "Hobj2base": {"type": "ndarray", "data": [[0.9999986287608822, 0.0016504962242548393, 0.00013541997271141924, -0.7349443313626824], [0.0016503864071765529, -0.9999983124215135, 0.000807080437094656, 0.08925151104458365], [0.00013675182739368135, -0.0008068558351121663, -0.9999996651412435, -0.0009779800376352346], [0.0, 0.0, 0.0, 1.0]]}, "mean_rme": {"type": "float", "data": 0.0014937753814345774}, "max_rme": {"type": "float", "data": 0.004810069858088184}, "simu": {"type": "float", "data": 0.002}}, {"type": "dict", "image_number": {"type": "int", "data": 24}, "Hcamera2end": {"type": "ndarray", "data": [[0.9999979005793151, 0.002000106525064745, -0.00044543332896472283, -0.014420160994104736], [0.0004453394925760522, 4.736081407308301e-05, 0.9999998997148399, 0.03229719084602732], [0.0020001274205688167, -0.9999979986634183, 4.646998821777881e-05, 0.03392840769955248], [0.0, 0.0, 0.0, 1.0]]}, "Hobj2base": {"type": "ndarray", "data": [[0.999998383865168, 0.0017973379694758652, 4.293338404560698e-05, -0.7354419357595451], [0.0017973008758505906, -0.9999980245070199, 0.0008489355799184433, 0.0894490401611311], [4.445912338243463e-05, -0.0008488570437153341, -0.9999996387324872, -0.0009360845891127253], [0.0, 0.0, 0.0, 1.0]]}, "mean_rme": {"type": "float", "data": 0.0015108478319884105}, "max_rme": {"type": "float", "data": 0.005482284528357251}, "simu": {"type": "float", "data": 0.002}}, {"type": "dict", "image_number": {"type": "int", "data": 25}, "Hcamera2end": {"type": "ndarray", "data": [[0.9999977518095234, 0.0020750525758171387, -0.0004365005226983278, -0.01448941639042146], [0.00043650999353078083, -4.111252047245273e-06, 0.9999999047210569, 0.032266928565153175], [0.0020750505835446555, -0.9999978470676348, -5.017023990916414e-06, 0.03388028117234063], [0.0, 0.0, 0.0, 1.0]]}, "Hobj2base": {"type": "ndarray", "data": [[0.9999982510614117, 0.0018681444441418745, 8.894073113338116e-05, -0.7354458525092987], [0.001868071983987127, -0.9999979287753427, 0.0008079307441489388, 0.08933256536033135], [9.044987824807904e-05, -0.0008077631834396181, -0.999999669668675, -0.0009767085634513827], [0.0, 0.0, 0.0, 1.0]]}, "mean_rme": {"type": "float", "data": 0.001504040892785581}, "max_rme": {"type": "float", "data": 0.005473340341301924}, "simu": {"type": "float", "data": 0.002}}, {"type": "dict", "image_number": {"type": "int", "data": 26}, "Hcamera2end": {"type": "ndarray", "data": [[0.9999973990429017, 0.002140734898995557, -0.0007868681743498985, -0.014765768291810942], [0.0007870040134650645, -6.261278655239622e-05, 0.9999996883521125, 0.03208633216374976], [0.0021406849638310023, -0.999997706664236, -6.429739065638707e-05, 0.03384122278594469], [0.0, 0.0, 0.0, 1.0]]}, "Hobj2base": {"type": "ndarray", "data": [[0.9999981454663637, 0.00192358719251878, 9.421330152511491e-05, -0.7354605888263059], [0.001923538254961477, -0.9999980164578985, 0.0005167986550482739, 0.08887671234309795], [9.520722192302663e-05, -0.0005166164737381752, -0.9999998620214923, -0.0010767668791607894], [0.0, 0.0, 0.0, 1.0]]}, "mean_rme": {"type": "float", "data": 0.0015736850749690787}, "max_rme": {"type": "float", "data": 0.006166477605170195}, "simu": {"type": "float", "data": 0.002}}, {"type": "dict", "image_number": {"type": "int", "data": 27}, "Hcamera2end": {"type": "ndarray", "data": [[0.9999975954821388, 0.0020324707800493808, -0.0008234637021827808, -0.014825661524147108], [0.0008234972917735264, -1.5689668731333484e-05, 0.9999996608029649, 0.03171826960622157], [0.002032457170768619, -0.9999979344060479, -1.7363365188316493e-05, 0.03385025957890439], [0.0, 0.0, 0.0, 1.0]]}, "Hobj2base": {"type": "ndarray", "data": [[0.999998387257544, 0.0017934021604013375, 9.586971428897409e-05, -0.7354347664561731], [0.0017933559223936484, -0.9999982766252957, 0.00048023012635041445, 0.0888988651304543], [9.673079481562021e-05, -0.00048005742334300273, -0.9999998800940046, -0.0006917400935100025], [0.0, 0.0, 0.0, 1.0]]}, "mean_rme": {"type": "float", "data": 0.001559048611611933}, "max_rme": {"type": "float", "data": 0.006191954613379513}, "simu": {"type": "float", "data": 0.002}}, {"type": "dict", "image_number": {"type": "int", "data": 28}, "Hcamera2end": {"type": "ndarray", "data": [[0.9999987670174478, 0.0013745791072223303, -0.0007592732459305398, -0.014743180436680353], [0.0007592851132342177, -8.111580568570531e-06, 0.9999997117101183, 0.030990035868978], [0.0013745725520389741, -0.9999990552327942, -9.155268020144547e-06, 0.0337418159106546], [0.0, 0.0, 0.0, 1.0]]}, "Hobj2base": {"type": "ndarray", "data": [[0.9999993264290055, 0.0011506342931178486, 0.00015225721300121073, -0.7354043096086408], [0.0011505574100702817, -0.9999992110587619, 0.0005040828300306802, 0.08925598905086422], [0.00015283710787002185, -0.0005039073098304518, -0.999999861359111, -7.518703394471844e-05], [0.0, 0.0, 0.0, 1.0]]}, "mean_rme": {"type": "float", "data": 0.0016110778454615595}, "max_rme": {"type": "float", "data": 0.006195599410289354}, "simu": {"type": "float", "data": 0.002}}, {"type": "dict", "image_number": {"type": "int", "data": 29}, "Hcamera2end": {"type": "ndarray", "data": [[0.9999986472689381, 0.0014742092797782502, -0.0007294979734944414, -0.01473676101119754], [0.0007294651413210056, 2.2808609512092737e-05, 0.9999997336801522, 0.03103770248165277], [0.0014742255260014763, -0.9999989130927928, 2.1733194377593357e-05, 0.03377048008370547], [0.0, 0.0, 0.0, 1.0]]}, "Hobj2base": {"type": "ndarray", "data": [[0.9999992313748879, 0.001233516850931518, 0.00012524301161193682, -0.7354103655983123], [0.0012334556026615449, -0.9999991202502421, 0.0004879405883543267, 0.08922930500978347], [0.0001258447843674162, -0.0004877857316165703, -0.9999998731140769, -0.00013216324923416136], [0.0, 0.0, 0.0, 1.0]]}, "mean_rme": {"type": "float", "data": 0.0015808146216288587}, "max_rme": {"type": "float", "data": 0.006193683288429452}, "simu": {"type": "float", "data": 0.002}}, {"type": "dict", "image_number": {"type": "int", "data": 30}, "Hcamera2end": {"type": "ndarray", "data": [[0.9999988635757222, 0.0013442736105672283, -0.0006824776363854781, -0.014646470212113391], [0.000682349555906831, 9.573490664316342e-05, 0.9999997626169271, 0.031027383248559016], [0.0013443386283922333, -0.9999990918812313, 9.481753334650289e-05, 0.03378147805275205], [0.0, 0.0, 0.0, 1.0]]}, "Hobj2base": {"type": "ndarray", "data": [[0.999999420219014, 0.0010710640008620971, 0.00011128136338181264, -0.7353853848729922], [0.001071003134758962, -0.9999992776447826, 0.0005455842728202589, 0.08938367137976339], [0.00011186563867119349, -0.0005454647738118492, -0.9999998449771179, -0.00018651132447955465], [0.0, 0.0, 0.0, 1.0]]}, "mean_rme": {"type": "float", "data": 0.0015819372969654915}, "max_rme": {"type": "float", "data": 0.006181945618606688}, "simu": {"type": "float", "data": 0.002}}]}