{"type": "list", "data": [{"type": "dict", "image_number": {"type": "int", "data": 5}, "Hcamera2end": {"type": "ndarray", "data": [[0.9999955416249775, 0.002416218827858864, -0.001754598741562665, -0.01660747715279809], [0.0017569419074084523, -0.0009679846991055285, 0.9999979880783539, 0.023201150540920163], [0.002414515541881, -0.9999966124403611, -0.0009722255395829826, 0.028984253751439863], [0.0, 0.0, 0.0, 1.0]]}, "Hobj2base": {"type": "ndarray", "data": [[0.9999961726564466, 0.002676570621177427, 0.0007004585413314698, -0.7311225557831211], [0.002670444724385275, -0.9999594101556057, 0.008605043069459705, 0.08728347876262349], [0.0007234621153019549, -0.008603139599187237, -0.9999627306012986, 0.0006961391324044941], [0.0, 0.0, 0.0, 1.0]]}, "mean_rme": {"type": "float", "data": 0.0017019766375157431}, "max_rme": {"type": "float", "data": 0.006774421496080318}, "simu": {"type": "float", "data": 0.002}}, {"type": "dict", "image_number": {"type": "int", "data": 6}, "Hcamera2end": {"type": "ndarray", "data": [[0.9999903304879568, 0.0034006955300583076, -0.0027882253314037877, -0.01390527599103716], [0.0027795842158278737, 0.0025430696763230065, 0.9999929033289229, 0.022926610282888567], [0.003407762047731746, -0.9999909839926223, 0.0025335925664620174, 0.029794142479137274], [0.0, 0.0, 0.0, 1.0]]}, "Hobj2base": {"type": "ndarray", "data": [[0.999993592096789, 0.002249768540720879, -0.0027846556113894664, -0.7344202318251485], [0.002268813027565593, -0.9999739309239337, 0.006854922317709518, 0.08851345449509458], [-0.0027691610294110465, -0.006861196254959191, -0.9999726274919449, 0.00031890743474483063], [0.0, 0.0, 0.0, 1.0]]}, "mean_rme": {"type": "float", "data": 0.0019213888006329174}, "max_rme": {"type": "float", "data": 0.005989073890566354}, "simu": {"type": "float", "data": 0.002}}, {"type": "dict", "image_number": {"type": "int", "data": 7}, "Hcamera2end": {"type": "ndarray", "data": [[0.9999843612436692, 0.0038625560885914645, -0.004044493609009067, -0.013550851133309035], [0.00403425596284331, 0.0026546083021372624, 0.9999883388488029, 0.022581451062205403], [0.003873247593053325, -0.9999890167972969, 0.0026389842474326963, 0.03069208484403035], [0.0, 0.0, 0.0, 1.0]]}, "Hobj2base": {"type": "ndarray", "data": [[0.9999919451638258, 0.002652277762530283, -0.003012479068520525, -0.7354367943621272], [0.0026689872237231596, -0.9999810016271875, 0.005556337992414242, 0.08808400922257752], [-0.0029976848846217092, -0.005564333505167599, -0.9999800258395042, 0.0005295333518932711], [0.0, 0.0, 0.0, 1.0]]}, "mean_rme": {"type": "float", "data": 0.0017514555948453245}, "max_rme": {"type": "float", "data": 0.005919884048457058}, "simu": {"type": "float", "data": 0.002}}, {"type": "dict", "image_number": {"type": "int", "data": 8}, "Hcamera2end": {"type": "ndarray", "data": [[0.9999859335099516, 0.0038271127533677867, -0.003672327627496556, -0.014109983009981099], [0.003670406582979279, 0.0005088593555541143, 0.9999931345652688, 0.02261000126663299], [0.003828955176844881, -0.9999925471072919, 0.0004948051378452778, 0.0310959354848909], [0.0, 0.0, 0.0, 1.0]]}, "Hobj2base": {"type": "ndarray", "data": [[0.9999929435795973, 0.0036030023336067712, -0.0010635625022981223, -0.7347566917522819], [0.0036080987144539024, -0.9999818289946094, 0.004829420696458204, 0.08710551712677188], [-0.0010461427622588516, -0.004833224056532752, -0.9999877726905169, 0.00030498818942197026], [0.0, 0.0, 0.0, 1.0]]}, "mean_rme": {"type": "float", "data": 0.0016955026865041805}, "max_rme": {"type": "float", "data": 0.006252117759456444}, "simu": {"type": "float", "data": 0.002}}, {"type": "dict", "image_number": {"type": "int", "data": 9}, "Hcamera2end": {"type": "ndarray", "data": [[0.9999877380739265, 0.0037115536727098755, -0.0032784250985567506, -0.014539779617606993], [0.0032823131610999873, -0.0010419504272918267, 0.9999940703622293, 0.02232086712117406], [0.0037081157081087445, -0.9999925693267132, -0.0010541201324407723, 0.03199958209631984], [0.0, 0.0, 0.0, 1.0]]}, "Hobj2base": {"type": "ndarray", "data": [[0.9999906743251452, 0.004291872694020545, 0.0004807197933427491, -0.7347307088065218], [0.0042895702113384246, -0.9999797901052367, 0.004692437371899613, 0.08665063011116247], [0.0005008494218711724, -0.004690331530448883, -0.9999888749081118, -9.631040701226408e-05], [0.0, 0.0, 0.0, 1.0]]}, "mean_rme": {"type": "float", "data": 0.0017451881280080785}, "max_rme": {"type": "float", "data": 0.006965045349425991}, "simu": {"type": "float", "data": 0.002}}, {"type": "dict", "image_number": {"type": "int", "data": 10}, "Hcamera2end": {"type": "ndarray", "data": [[0.9999856005259257, 0.0043481811224274575, -0.0031451648176959715, -0.01464589985148785], [0.0031493944449662607, -0.0009662301750754665, 0.9999945738422183, 0.022332288059998567], [0.00434511857535818, -0.9999900798108831, -0.0009799103993417546, 0.031802198823949496], [0.0, 0.0, 0.0, 1.0]]}, "Hobj2base": {"type": "ndarray", "data": [[0.9999881959607843, 0.004849039958712115, 0.00030781581354459244, -0.7348894964443835], [0.004847655224696099, -0.9999787872897019, 0.004350311418719846, 0.08628108959495506], [0.0003289041178391287, -0.004348767882536485, -0.9999904899747722, -0.00010280549636286773], [0.0, 0.0, 0.0, 1.0]]}, "mean_rme": {"type": "float", "data": 0.0017411154410536523}, "max_rme": {"type": "float", "data": 0.007112882169510115}, "simu": {"type": "float", "data": 0.002}}, {"type": "dict", "image_number": {"type": "int", "data": 11}, "Hcamera2end": {"type": "ndarray", "data": [[0.999985393408661, 0.004435935059012773, -0.0030879523114556925, -0.014653893270423563], [0.0030894002515692324, -0.0003195963297009108, 0.9999951767205039, 0.022601125528113095], [0.004434926765033124, -0.9999901101202643, -0.00033329604037524163, 0.03065295780975452], [0.0, 0.0, 0.0, 1.0]]}, "Hobj2base": {"type": "ndarray", "data": [[0.9999891242515431, 0.004658480775752576, -0.00022346251123438806, -0.7342667065008197], [0.004659340287830426, -0.9999810898541188, 0.004013786522867464, 0.08663666791485464], [-0.00020476013817094876, -0.004014784057816295, -0.9999919197584823, -0.00044015910618428416], [0.0, 0.0, 0.0, 1.0]]}, "mean_rme": {"type": "float", "data": 0.0018102721684522304}, "max_rme": {"type": "float", "data": 0.00735814894737663}, "simu": {"type": "float", "data": 0.002}}, {"type": "dict", "image_number": {"type": "int", "data": 12}, "Hcamera2end": {"type": "ndarray", "data": [[0.9999877134781603, 0.004047205004160245, -0.002862345956586268, -0.014647843748289261], [0.002867555866551918, -0.0012820695983439823, 0.9999950666982796, 0.022792123203060743], [0.004043515311345954, -0.9999909881739929, -0.0012936594326207196, 0.031786589834381006], [0.0, 0.0, 0.0, 1.0]]}, "Hobj2base": {"type": "ndarray", "data": [[0.9999885113651952, 0.004732381353064146, 0.0007626954504373237, -0.7346315508818653], [0.004729547626859414, -0.9999820614422974, 0.00367534663099207, 0.08688004612211724], [0.0007800749106435307, -0.0036716972018192135, -0.99999295503658, -0.0011778558312522946], [0.0, 0.0, 0.0, 1.0]]}, "mean_rme": {"type": "float", "data": 0.0018497900182932858}, "max_rme": {"type": "float", "data": 0.007818584974715548}, "simu": {"type": "float", "data": 0.002}}, {"type": "dict", "image_number": {"type": "int", "data": 13}, "Hcamera2end": {"type": "ndarray", "data": [[0.9999868505786783, 0.004045320883170358, -0.0031518325920333926, -0.014040375752896593], [0.0031533528943107963, -0.00036949430812804884, 0.9999949599070389, 0.022757348356664955], [0.00404413591017412, -0.9999917493924181, -0.0003822457738069662, 0.0312997984689626], [0.0, 0.0, 0.0, 1.0]]}, "Hobj2base": {"type": "ndarray", "data": [[0.9999904655191842, 0.0043661714625740575, 7.360356380836812e-05, -0.7347801773460545], [0.004365920110525801, -0.9999855851763109, 0.0031254089620227146, 0.08728711919067697], [8.72485742448297e-05, -0.0031250578155914872, -0.9999951131887275, -0.0012870965549089696], [0.0, 0.0, 0.0, 1.0]]}, "mean_rme": {"type": "float", "data": 0.001744933696984673}, "max_rme": {"type": "float", "data": 0.007644606651935559}, "simu": {"type": "float", "data": 0.002}}, {"type": "dict", "image_number": {"type": "int", "data": 14}, "Hcamera2end": {"type": "ndarray", "data": [[0.9999884755353257, 0.0036283039131318044, -0.0031439159100372623, -0.013718269781485439], [0.003147892887781964, -0.0010909085230401683, 0.9999944503290814, 0.022803770806417933], [0.003624854052577113, -0.999992822638897, -0.0011023174629862798, 0.03246978204649884], [0.0, 0.0, 0.0, 1.0]]}, "Hobj2base": {"type": "ndarray", "data": [[0.9999903208486263, 0.004314946579720172, 0.0008599099229781952, -0.7353125254615882], [0.004312465016253156, -0.9999865911080521, 0.0028670977626547973, 0.08774486018031773], [0.000872269766223644, -0.0028633616801215767, -0.9999955201426372, -0.0018909634432800946], [0.0, 0.0, 0.0, 1.0]]}, "mean_rme": {"type": "float", "data": 0.001764589848756522}, "max_rme": {"type": "float", "data": 0.007880886174447488}, "simu": {"type": "float", "data": 0.002}}, {"type": "dict", "image_number": {"type": "int", "data": 15}, "Hcamera2end": {"type": "ndarray", "data": [[0.99998781280983, 0.003727191424965967, -0.003237634305195992, -0.013801427186903682], [0.003241918159848842, -0.0011438845900979544, 0.999994090729885, 0.022729394419434282], [0.0037234659199949804, -0.9999923997571813, -0.0011559538989247553, 0.03241197489647788], [0.0, 0.0, 0.0, 1.0]]}, "Hobj2base": {"type": "ndarray", "data": [[0.9999899379321265, 0.004409850664748079, 0.0008229529854633615, -0.7353355757247716], [0.004407574769127554, -0.9999865131526438, 0.0027471435114321753, 0.08756321109868902], [0.0008350563790621126, -0.0027434886426727987, -0.9999958879670015, -0.001824740949600175], [0.0, 0.0, 0.0, 1.0]]}, "mean_rme": {"type": "float", "data": 0.001733132783851618}, "max_rme": {"type": "float", "data": 0.007932827474831372}, "simu": {"type": "float", "data": 0.002}}, {"type": "dict", "image_number": {"type": "int", "data": 16}, "Hcamera2end": {"type": "ndarray", "data": [[0.9999889984700121, 0.00345759619377471, -0.0031698529150153325, -0.014003897337661613], [0.0031733366883853276, -0.001002550616397535, 0.9999944623979292, 0.022717208697208155], [0.00345439910898903, -0.9999935199394155, -0.00101351170366204, 0.03219591928563921], [0.0, 0.0, 0.0, 1.0]]}, "Hobj2base": {"type": "ndarray", "data": [[0.9999913552004883, 0.0040809042493841095, 0.0007973360635051103, -0.7351015020105011], [0.004078776180651858, -0.9999881635396428, 0.0026526148383649514, 0.0875238008063033], [0.000808151693034266, -0.0026493397516976925, -0.9999961639375028, -0.0019188594712771442], [0.0, 0.0, 0.0, 1.0]]}, "mean_rme": {"type": "float", "data": 0.0016914279988032531}, "max_rme": {"type": "float", "data": 0.008161249404321058}, "simu": {"type": "float", "data": 0.002}}, {"type": "dict", "image_number": {"type": "int", "data": 17}, "Hcamera2end": {"type": "ndarray", "data": [[0.999991086095561, 0.0029210622639339132, -0.003048790689868623, -0.01371296248145882], [0.0030516186414432265, -0.0009641569888669821, 0.9999948789993716, 0.022773594919952553], [0.002918107792320995, -0.9999952688870837, -0.0009730623625210377, 0.03235137620267269], [0.0, 0.0, 0.0, 1.0]]}, "Hobj2base": {"type": "ndarray", "data": [[0.9999930333436263, 0.0035948700730761645, 0.0010050738135923142, -0.7351225299627877], [0.0035920714558076053, -0.9999897049000732, 0.002772564971595222, 0.08806124441601518], [0.0010150304770990158, -0.0027689353591310068, -0.9999956513455988, -0.0020078039990456347], [0.0, 0.0, 0.0, 1.0]]}, "mean_rme": {"type": "float", "data": 0.0016971906696201977}, "max_rme": {"type": "float", "data": 0.007951543675997708}, "simu": {"type": "float", "data": 0.002}}, {"type": "dict", "image_number": {"type": "int", "data": 18}, "Hcamera2end": {"type": "ndarray", "data": [[0.9999920843883129, 0.0030280783095920282, -0.002581066149533991, -0.013735014863934832], [0.002583841944979315, -0.0009131318473007966, 0.9999962449684664, 0.0205983094171856], [0.0030257100853613595, -0.9999949984534825, -0.0009209486950527701, 0.032299355069351464], [0.0, 0.0, 0.0, 1.0]]}, "Hobj2base": {"type": "ndarray", "data": [[0.9999929562009146, 0.0036516798588995254, 0.0008676305457883691, -0.7351669318607787], [0.0036494110265580817, -0.9999899548027587, 0.002602324487087579, 0.08918594676350076], [0.0008771246861842228, -0.002599139816355958, -0.9999962375551721, -0.00031375506952886306], [0.0, 0.0, 0.0, 1.0]]}, "mean_rme": {"type": "float", "data": 0.0016239943915616513}, "max_rme": {"type": "float", "data": 0.007811882852349239}, "simu": {"type": "float", "data": 0.002}}, {"type": "dict", "image_number": {"type": "int", "data": 19}, "Hcamera2end": {"type": "ndarray", "data": [[0.9999931534692263, 0.0028730459025913153, -0.0023320853144712826, -0.014261023608544835], [0.0023340601592595133, -0.000684208652920848, 0.9999970420064714, 0.0205593227605577], [0.002871441771188616, -0.9999956387233702, -0.0006909098304423988, 0.0324671947293066], [0.0, 0.0, 0.0, 1.0]]}, "Hobj2base": {"type": "ndarray", "data": [[0.9999939958826363, 0.0034024279765716863, 0.000657025526411039, -0.7352500653237758], [0.0034006211870599282, -0.9999904865759899, 0.0027317637265521864, 0.0888948746977309], [0.0006663139051772255, -0.00272951302979661, -0.9999960528844103, 8.60164303965738e-05], [0.0, 0.0, 0.0, 1.0]]}, "mean_rme": {"type": "float", "data": 0.0016598981410074626}, "max_rme": {"type": "float", "data": 0.007800390825320136}, "simu": {"type": "float", "data": 0.002}}, {"type": "dict", "image_number": {"type": "int", "data": 20}, "Hcamera2end": {"type": "ndarray", "data": [[0.9999951995955241, 0.0021987289200042512, -0.0021832033904913267, -0.014337689377552107], [0.0021848939863506577, -0.0007667886417286329, 0.9999973191331302, 0.02077872679813917], [0.002197048969942322, -0.9999972888094824, -0.0007715889504278373, 0.032573587996715406], [0.0, 0.0, 0.0, 1.0]]}, "Hobj2base": {"type": "ndarray", "data": [[0.9999955930393346, 0.002827452222640522, 0.0009052159069686819, -0.735112364045641], [0.0028249318834070295, -0.9999921636509845, 0.0027735169868504488, 0.0891196276731273], [0.0009130508001499023, -0.00277094759079322, -0.9999957440847862, -0.00012457352747643758], [0.0, 0.0, 0.0, 1.0]]}, "mean_rme": {"type": "float", "data": 0.001669670933021613}, "max_rme": {"type": "float", "data": 0.007824897466352732}, "simu": {"type": "float", "data": 0.002}}, {"type": "dict", "image_number": {"type": "int", "data": 21}, "Hcamera2end": {"type": "ndarray", "data": [[0.9999957296810109, -0.0013506689623050292, -0.0025915850548926637, -0.014593417330281914], [0.002590917708435953, -0.0004956016345778469, 0.9999965207561713, 0.020865559852529685], [-0.0013519486567877296, -0.9999989650356514, -0.0004921000460680336, 0.03253853861955275], [0.0, 0.0, 0.0, 1.0]]}, "Hobj2base": {"type": "ndarray", "data": [[0.9999967706253001, -0.0004842047570566111, 0.002494851643718193, -0.7349332894679209], [-0.0004907027880267225, -0.9999964875697038, 0.002604622627065875, 0.08952077806964703], [0.002493581710059332, -0.002605838446420746, -0.9999934958069712, -0.0002428631653933636], [0.0, 0.0, 0.0, 1.0]]}, "mean_rme": {"type": "float", "data": 0.0016691041981925108}, "max_rme": {"type": "float", "data": 0.007736058461859097}, "simu": {"type": "float", "data": 0.002}}, {"type": "dict", "image_number": {"type": "int", "data": 22}, "Hcamera2end": {"type": "ndarray", "data": [[0.999996210776799, -0.0014731980816196579, -0.0023255363802796585, -0.014709420951257067], [0.0023250278476656637, -0.0003468081913577947, 0.999997236980976, 0.02095087683948034], [-0.0014740005262113135, -0.9999988547050895, -0.00034338165065928017, 0.03236290065376068], [0.0, 0.0, 0.0, 1.0]]}, "Hobj2base": {"type": "ndarray", "data": [[0.9999970984086034, -0.0006956154750195616, 0.0023063593572523445, -0.7348648616780221], [-0.0007017623326633494, -0.9999962014709618, 0.0026654405405173763, 0.08958553069579564], [0.002304496474791626, -0.0026670513226205415, -0.9999937880473253, -0.00034175669796959995], [0.0, 0.0, 0.0, 1.0]]}, "mean_rme": {"type": "float", "data": 0.0016207689984310979}, "max_rme": {"type": "float", "data": 0.007897413024526956}, "simu": {"type": "float", "data": 0.002}}, {"type": "dict", "image_number": {"type": "int", "data": 23}, "Hcamera2end": {"type": "ndarray", "data": [[0.9999967436432993, -0.0014515036258560957, -0.0020990092953181954, -0.01499065822454049], [0.0020992046222440093, 0.0001330582711815964, 0.9999977878152783, 0.021003944924706607], [-0.0014512211243139224, -0.999998937715796, 0.00013610484101700404, 0.0319060122650401], [0.0, 0.0, 0.0, 1.0]]}, "Hobj2base": {"type": "ndarray", "data": [[0.9999979309602679, -0.0008775399547391656, 0.0018352108356103727, -0.7346224570700474], [-0.0008824469931945191, -0.9999960335456726, 0.0026747299353110407, 0.08950482795126755], [0.001832856373944039, -0.0026763438774722943, -0.9999947388966417, -0.00028117896247137586], [0.0, 0.0, 0.0, 1.0]]}, "mean_rme": {"type": "float", "data": 0.0015895077657710362}, "max_rme": {"type": "float", "data": 0.00807544349224576}, "simu": {"type": "float", "data": 0.002}}, {"type": "dict", "image_number": {"type": "int", "data": 24}, "Hcamera2end": {"type": "ndarray", "data": [[0.9999958524609204, -0.00176811593546868, -0.0022735054422425086, -0.014877337173017445], [0.0022736056826188284, 5.4685390986852767e-05, 0.99999741386001, 0.021137589446877773], [-0.0017679870353393325, -0.9999984353865493, 5.8705162615413364e-05, 0.03224518466837774], [0.0, 0.0, 0.0, 1.0]]}, "Hobj2base": {"type": "ndarray", "data": [[0.999997445686185, -0.0011648462736857776, 0.0019369445691858427, -0.7348635354722443], [-0.0011696595627266272, -0.9999962265455875, 0.0024857174201967634, 0.08964423092323813], [0.0019340417815394597, -0.0024879766366322363, -0.9999950347149944, -0.00046385222620999356], [0.0, 0.0, 0.0, 1.0]]}, "mean_rme": {"type": "float", "data": 0.0015861263684943247}, "max_rme": {"type": "float", "data": 0.008106891613421152}, "simu": {"type": "float", "data": 0.002}}, {"type": "dict", "image_number": {"type": "int", "data": 25}, "Hcamera2end": {"type": "ndarray", "data": [[0.9999958217251199, -0.0018160052749166037, -0.0022491458698069857, -0.014862623735137708], [0.0022490822726259547, -3.706178987461506e-05, 0.9999974701244772, 0.02125667672182791], [-0.0018160840380209342, -0.999998350374272, -3.297728974960279e-05, 0.03227608998710392], [0.0, 0.0, 0.0, 1.0]]}, "Hobj2base": {"type": "ndarray", "data": [[0.9999972682890702, -0.0011703419932493613, 0.0020232928646398054, -0.7348471187408073], [-0.0011752422883011355, -0.9999963752629997, 0.002422450499951676, 0.08968494461970879], [0.002020450435188636, -0.002424821741853311, -0.9999950189973739, -0.00045104763652627835], [0.0, 0.0, 0.0, 1.0]]}, "mean_rme": {"type": "float", "data": 0.0015963103289543695}, "max_rme": {"type": "float", "data": 0.007990488634917803}, "simu": {"type": "float", "data": 0.002}}, {"type": "dict", "image_number": {"type": "int", "data": 26}, "Hcamera2end": {"type": "ndarray", "data": [[0.9999961905848498, -0.001573855850489836, -0.00226755232586923, -0.014963343837753166], [0.0022673733575061467, -0.00011548826237905985, 0.9999974228369385, 0.021273842196108186], [-0.0015741136700846428, -0.9999987548193362, -0.00011191930361231783, 0.032238120822253274], [0.0, 0.0, 0.0, 1.0]]}, "Hobj2base": {"type": "ndarray", "data": [[0.9999978786429814, -0.0009278657176336792, 0.0018389602352927258, -0.7349277811484723], [-0.0009319828211136374, -0.9999970586233526, 0.0022392303733299846, 0.08950870493449543], [0.0018368771211207367, -0.0022409395024709203, -0.9999958020274831, -0.00031549557264366225], [0.0, 0.0, 0.0, 1.0]]}, "mean_rme": {"type": "float", "data": 0.0016398293395256875}, "max_rme": {"type": "float", "data": 0.007953073471922312}, "simu": {"type": "float", "data": 0.002}}, {"type": "dict", "image_number": {"type": "int", "data": 27}, "Hcamera2end": {"type": "ndarray", "data": [[0.9999961430138187, -0.0014429261672651971, -0.0023731669899429045, -0.014978580397401471], [0.002372989202667332, -0.00012491255506019705, 0.9999971766555629, 0.021279181801318617], [-0.0014432185317399292, -0.9999989511799143, -0.00012148802505906886, 0.03214346082446697], [0.0, 0.0, 0.0, 1.0]]}, "Hobj2base": {"type": "ndarray", "data": [[0.9999980685857103, -0.0007829052628531699, 0.0018027435198617965, -0.7348665957874029], [-0.0007868408629482026, -0.9999973067239323, 0.0021834436879050946, 0.08945255820848003], [0.0018010292350214136, -0.0021848579430375973, -0.9999959913366969, -0.00040461993128423603], [0.0, 0.0, 0.0, 1.0]]}, "mean_rme": {"type": "float", "data": 0.0016252438836490471}, "max_rme": {"type": "float", "data": 0.008053252421092116}, "simu": {"type": "float", "data": 0.002}}, {"type": "dict", "image_number": {"type": "int", "data": 28}, "Hcamera2end": {"type": "ndarray", "data": [[0.9999956428678454, -0.0016772556480696267, -0.0024292095042910116, -0.015105691422152668], [0.0024290409585719804, -0.00010251874003897044, 0.9999970446205976, 0.021216445764275928], [-0.0016774997306405028, -0.9999985881507029, -9.844417068416433e-05, 0.0322388429247776], [0.0, 0.0, 0.0, 1.0]]}, "Hobj2base": {"type": "ndarray", "data": [[0.9999977356708731, -0.0009617631660379369, 0.0018983320939741824, -0.7347974901320456], [-0.0009658500853908455, -0.9999972155166221, 0.0021531587528609846, 0.08933923301609661], [0.001896255979320887, -0.0021549873816159707, -0.9999958801128364, -0.00034031111292717346], [0.0, 0.0, 0.0, 1.0]]}, "mean_rme": {"type": "float", "data": 0.00164073241264054}, "max_rme": {"type": "float", "data": 0.008116358055186845}, "simu": {"type": "float", "data": 0.002}}, {"type": "dict", "image_number": {"type": "int", "data": 29}, "Hcamera2end": {"type": "ndarray", "data": [[0.9999950888419707, -0.0018326597737734528, -0.0025423709589080397, -0.015294142407169725], [0.0025422357391260766, -7.610910901600931e-05, 0.9999967656171946, 0.021224854040798633], [-0.0018328473438386623, -0.9999983177813638, -7.144968205774482e-05, 0.032218311702269804], [0.0, 0.0, 0.0, 1.0]]}, "Hobj2base": {"type": "ndarray", "data": [[0.9999975276647634, -0.0010583853610376726, 0.0019556290007283453, -0.7346220380802161], [-0.00106246786685147, -0.9999972563142607, 0.002087708308863141, 0.08917790097489227], [0.0019534140351847268, -0.002089780940321082, -0.9999959084862442, -0.0003850469802690479], [0.0, 0.0, 0.0, 1.0]]}, "mean_rme": {"type": "float", "data": 0.0016786509515538492}, "max_rme": {"type": "float", "data": 0.008288648133604637}, "simu": {"type": "float", "data": 0.002}}, {"type": "dict", "image_number": {"type": "int", "data": 30}, "Hcamera2end": {"type": "ndarray", "data": [[0.9999948817375035, -0.001903319146615579, -0.002571745520557819, -0.015264402956484388], [0.0025716233744848935, -6.661983182953968e-05, 0.9999966911520348, 0.02112400015156892], [-0.0019034841780759804, -0.9999981864673677, -6.172487084499245e-05, 0.03232319368949939], [0.0, 0.0, 0.0, 1.0]]}, "Hobj2base": {"type": "ndarray", "data": [[0.9999973970145156, -0.0011018424116539718, 0.001997975848997316, -0.7346940116958962], [-0.001105972328992089, -0.999997251905274, 0.0020671253246589217, 0.08915501942724996], [0.0019956927120175095, -0.0020693296499646923, -0.9999958675341611, -0.0002932850869213558], [0.0, 0.0, 0.0, 1.0]]}, "mean_rme": {"type": "float", "data": 0.0016631496306208516}, "max_rme": {"type": "float", "data": 0.008240336942055837}, "simu": {"type": "float", "data": 0.002}}]}