{"type": "list", "data": [{"type": "dict", "image_number": {"type": "int", "data": 5}, "Hcamera2end": {"type": "ndarray", "data": [[0.9999455467007355, -0.005088013991336468, -0.009111297766566252, -0.010987085224732136], [0.009117561530593999, 0.0012092465288155996, 0.9999577030027659, 0.0317454089056119], [-0.005076780978425528, -0.9999863248247228, 0.0012555709619870292, 0.03913408443935937], [0.0, 0.0, 0.0, 1.0]]}, "Hobj2base": {"type": "ndarray", "data": [[0.9999878547171562, -0.004905923395578951, 0.0004715228692762178, -0.7405634109255695], [-0.004904009586069154, -0.9999800641821457, -0.003977678751710033, 0.093764206060579], [0.0004910276563302932, 0.00397531808900555, -0.9999919778367885, -0.0077938207021291065], [0.0, 0.0, 0.0, 1.0]]}, "mean_rme": {"type": "float", "data": 0.002214637627611948}, "max_rme": {"type": "float", "data": 0.006011060054249451}, "simu": {"type": "float", "data": 0.002}}, {"type": "dict", "image_number": {"type": "int", "data": 6}, "Hcamera2end": {"type": "ndarray", "data": [[0.9999354649824013, -0.0040798066622471825, -0.010602879232911845, -0.012452367935472202], [0.01061158925367315, 0.0021192185732988866, 0.9999414498290137, 0.027545172163761122], [-0.004057097970268686, -0.9999894319892771, 0.0021623750420250998, 0.03919376445883358], [0.0, 0.0, 0.0, 1.0]]}, "Hobj2base": {"type": "ndarray", "data": [[0.9999937233046681, -0.0035252859283359216, 0.00035455661108788576, -0.7408175261593272], [-0.0035233173448695155, -0.9999791722271218, -0.005407526869715443, 0.08887982060116457], [0.000373612304844224, 0.005406243712859199, -0.9999853163635766, -0.005449880102745007], [0.0, 0.0, 0.0, 1.0]]}, "mean_rme": {"type": "float", "data": 0.0017668050977399281}, "max_rme": {"type": "float", "data": 0.005384043355833007}, "simu": {"type": "float", "data": 0.002}}, {"type": "dict", "image_number": {"type": "int", "data": 7}, "Hcamera2end": {"type": "ndarray", "data": [[0.9999251214427959, -0.0037028324017252395, -0.011663641790395739, -0.010917036130098458], [0.011676081014937912, 0.0033557276315695495, 0.9999262013889799, 0.026735483797656445], [-0.003663419132796393, -0.9999875139841833, 0.003398710930633486, 0.03485069076244582], [0.0, 0.0, 0.0, 1.0]]}, "Hobj2base": {"type": "ndarray", "data": [[0.9999959258040609, -0.0027084338661823837, -0.000901532734669592, -0.73777294554929], [-0.002714753233618228, -0.9999712248062631, -0.007083761313235402, 0.08995276115713664], [-0.0008823208938497723, 0.007086179891510483, -0.9999745034571559, -0.004173257085569514], [0.0, 0.0, 0.0, 1.0]]}, "mean_rme": {"type": "float", "data": 0.002087285060975381}, "max_rme": {"type": "float", "data": 0.00500417392025479}, "simu": {"type": "float", "data": 0.002}}, {"type": "dict", "image_number": {"type": "int", "data": 8}, "Hcamera2end": {"type": "ndarray", "data": [[0.9999538134801907, -0.003418806537502648, -0.00898235315955762, -0.011174760787826348], [0.00899656332054698, 0.004164035794769538, 0.9999508601197957, 0.026361688114672203], [-0.003381235697681294, -0.999985486178554, 0.004194600981943131, 0.03366753920063902], [0.0, 0.0, 0.0, 1.0]]}, "Hobj2base": {"type": "ndarray", "data": [[0.9999959687614545, -0.002166263266839644, -0.0018356917766438046, -0.7373020354925156], [-0.0021743557442048143, -0.9999878769237611, -0.004417938728280298, 0.09097733889616452], [-0.0018260991040302229, 0.0044219123654745405, -0.9999885559610644, -0.0032347489769819215], [0.0, 0.0, 0.0, 1.0]]}, "mean_rme": {"type": "float", "data": 0.002029839039332667}, "max_rme": {"type": "float", "data": 0.005179408659682833}, "simu": {"type": "float", "data": 0.002}}, {"type": "dict", "image_number": {"type": "int", "data": 9}, "Hcamera2end": {"type": "ndarray", "data": [[0.9999733786277625, -0.004267547813655509, -0.005918620737609581, -0.012973034963030625], [0.005935915707997062, 0.004051459422344306, 0.9999741749571618, 0.026420764850753828], [-0.004243458552295738, -0.9999826867062285, 0.004076683371036616, 0.03268911768002723], [0.0, 0.0, 0.0, 1.0]]}, "Hobj2base": {"type": "ndarray", "data": [[0.9999931752702883, -0.0035169426099392175, -0.0011316039611702243, -0.7362448226418034], [-0.0035187739287016245, -0.9999924961764384, -0.0016204384759769938, 0.09106524536730895], [-0.0011258964806908096, 0.0016244092754385622, -0.9999980468239029, -0.003737319777750794], [0.0, 0.0, 0.0, 1.0]]}, "mean_rme": {"type": "float", "data": 0.0019871607248448586}, "max_rme": {"type": "float", "data": 0.005378812176487863}, "simu": {"type": "float", "data": 0.002}}, {"type": "dict", "image_number": {"type": "int", "data": 10}, "Hcamera2end": {"type": "ndarray", "data": [[0.9999738780338961, -0.004331944364259988, -0.0057859751015358835, -0.012917395370184973], [0.005803647744561317, 0.0040782149845474125, 0.9999748426012511, 0.02647028229326282], [-0.004308238933448955, -0.9999823010536562, 0.004103249532693032, 0.03303752577778085], [0.0, 0.0, 0.0, 1.0]]}, "Hobj2base": {"type": "ndarray", "data": [[0.999992671400881, -0.0036873092638604814, -0.0010299975351277912, -0.7363010141402597], [-0.003688923510440654, -0.99999196382396, -0.001569755023482973, 0.09120439891392385], [-0.001024201085646198, 0.0015735431015007197, -0.9999982374855687, -0.003452770892355428], [0.0, 0.0, 0.0, 1.0]]}, "mean_rme": {"type": "float", "data": 0.0019451334541436395}, "max_rme": {"type": "float", "data": 0.00540408242817772}, "simu": {"type": "float", "data": 0.002}}, {"type": "dict", "image_number": {"type": "int", "data": 11}, "Hcamera2end": {"type": "ndarray", "data": [[0.9999714635717939, -0.004950932746520852, -0.005706163949968367, -0.013165123422010299], [0.005725175531324086, 0.0038343625584982277, 0.9999762597326526, 0.02656201753541627], [-0.00492893570865142, -0.999980392772133, 0.0038625980985039776, 0.03308856728894109], [0.0, 0.0, 0.0, 1.0]]}, "Hobj2base": {"type": "ndarray", "data": [[0.9999896364100311, -0.004325952627306825, -0.0014188750473371405, -0.736249080880808], [-0.00432859511090026, -0.9999888931551935, -0.0018646261332177848, 0.09119370516254964], [-0.0014107930037922515, 0.001870748544589977, -0.9999972549777238, -0.0037271021651734126], [0.0, 0.0, 0.0, 1.0]]}, "mean_rme": {"type": "float", "data": 0.001865290786768899}, "max_rme": {"type": "float", "data": 0.0055117381603122795}, "simu": {"type": "float", "data": 0.002}}, {"type": "dict", "image_number": {"type": "int", "data": 12}, "Hcamera2end": {"type": "ndarray", "data": [[0.9999749043570972, -0.003689081752171753, -0.006048250312280922, -0.013708270572898737], [0.006062519490109394, 0.003869108430421875, 0.9999741375942611, 0.02572342462723319], [-0.0036655850073701235, -0.9999857102357913, 0.0038913764626814507, 0.03319314306302481], [0.0, 0.0, 0.0, 1.0]]}, "Hobj2base": {"type": "ndarray", "data": [[0.999994509034493, -0.003238066709534246, -0.0007048580337620207, -0.7361751456592827], [-0.0032395264257965234, -0.9999925900457711, -0.002079740870227693, 0.08998568757975646], [-0.0006981184711199105, 0.002082012856669118, -0.9999975889236261, -0.003631235498472033], [0.0, 0.0, 0.0, 1.0]]}, "mean_rme": {"type": "float", "data": 0.0018944420491728165}, "max_rme": {"type": "float", "data": 0.004631382526654043}, "simu": {"type": "float", "data": 0.002}}, {"type": "dict", "image_number": {"type": "int", "data": 13}, "Hcamera2end": {"type": "ndarray", "data": [[0.9999792744051904, -0.0034207058741061924, -0.005454313099902401, -0.014005901440471657], [0.00546709680783999, 0.003739005739523793, 0.999978065103717, 0.025489212302717078], [-0.0034002371332919334, -0.9999871592212587, 0.0037576295765706647, 0.03294269755607917], [0.0, 0.0, 0.0, 1.0]]}, "Hobj2base": {"type": "ndarray", "data": [[0.9999954963498686, -0.0028954412292950937, -0.0007897468376603083, -0.7359190326747712], [-0.002896650592446052, -0.9999946273338005, -0.0015345093282710472, 0.09008466866876318], [-0.0007852995130383537, 0.0015367900380231002, -0.999998510789418, -0.003416471133061692], [0.0, 0.0, 0.0, 1.0]]}, "mean_rme": {"type": "float", "data": 0.001797673241963425}, "max_rme": {"type": "float", "data": 0.004685780041455617}, "simu": {"type": "float", "data": 0.002}}, {"type": "dict", "image_number": {"type": "int", "data": 14}, "Hcamera2end": {"type": "ndarray", "data": [[0.9999822842933527, -0.0027235246510754372, -0.005292779319352034, -0.013911173760050459], [0.005302583193521503, 0.003605159746280173, 0.9999794425060342, 0.02475771622466438], [-0.0027043873472857864, -0.9999897925662433, 0.003619537594369726, 0.03295403116321784], [0.0, 0.0, 0.0, 1.0]]}, "Hobj2base": {"type": "ndarray", "data": [[0.9999970672148807, -0.002405435969875468, -0.0002818500174525286, -0.7357767267835991], [-0.0024058362464766322, -0.9999960855916947, -0.0014285493490400216, 0.08970392217270003], [-0.00027841263018755645, 0.0014292232443998058, -0.9999989399031004, -0.0027992901752491067], [0.0, 0.0, 0.0, 1.0]]}, "mean_rme": {"type": "float", "data": 0.001699268336449523}, "max_rme": {"type": "float", "data": 0.0044366865039133785}, "simu": {"type": "float", "data": 0.002}}, {"type": "dict", "image_number": {"type": "int", "data": 15}, "Hcamera2end": {"type": "ndarray", "data": [[0.9999853146095303, -0.002649088231847308, -0.004727885025936547, -0.014081465610563879], [0.0047377449680093735, 0.003728183136502361, 0.9999818270464312, 0.02452794461722146], [-0.0026314136688648524, -0.9999895414363295, 0.003740679091117527, 0.031678206664398495], [0.0, 0.0, 0.0, 1.0]]}, "Hobj2base": {"type": "ndarray", "data": [[0.9999973454616615, -0.0022400364512862535, -0.0005397280123249385, -0.7347551098026625], [-0.0022405220502360744, -0.9999970843131618, -0.0009007919393403758, 0.0899000913907494], [-0.0005377086318679293, 0.0009019988206663821, -0.9999994486336257, -0.002208793522901172], [0.0, 0.0, 0.0, 1.0]]}, "mean_rme": {"type": "float", "data": 0.0017403112923729416}, "max_rme": {"type": "float", "data": 0.005257763851492847}, "simu": {"type": "float", "data": 0.002}}, {"type": "dict", "image_number": {"type": "int", "data": 16}, "Hcamera2end": {"type": "ndarray", "data": [[0.9999848493503436, -0.0026071987716780837, -0.00484804953929762, -0.013900776310198096], [0.004857594655696162, 0.0036672769143254458, 0.9999814772555514, 0.024344175690971505], [-0.0025893713390465357, -0.9999898767460592, 0.003679886067517346, 0.03209021796300157], [0.0, 0.0, 0.0, 1.0]]}, "Hobj2base": {"type": "ndarray", "data": [[0.999997363788015, -0.0022383853853080128, -0.0005119061314032975, -0.7350314277456036], [-0.00223891829293584, -0.9999969498671883, -0.0010428332550651053, 0.09005839678551271], [-0.0005095703073041588, 0.0010439766219374445, -0.9999993252252299, -0.001971236232100531], [0.0, 0.0, 0.0, 1.0]]}, "mean_rme": {"type": "float", "data": 0.001668402868970501}, "max_rme": {"type": "float", "data": 0.005382032563551742}, "simu": {"type": "float", "data": 0.002}}, {"type": "dict", "image_number": {"type": "int", "data": 17}, "Hcamera2end": {"type": "ndarray", "data": [[0.9999852378670837, -0.0028407007563276397, -0.004631896709227376, -0.01397770450278854], [0.004641652914498046, 0.0034375139929581078, 0.9999833191387593, 0.024406073132525425], [-0.002824731161240591, -0.9999900569089482, 0.0034506487948644526, 0.032149334745983686], [0.0, 0.0, 0.0, 1.0]]}, "Hobj2base": {"type": "ndarray", "data": [[0.9999965766987309, -0.0025406446160943907, -0.0006258719948263232, -0.7349327568320554], [-0.0025413886384273165, -0.999996061585456, -0.0011908641253209242, 0.09013624153431928], [-0.0006228439673544597, 0.001192450632611014, -0.9999990950630309, -0.002070907537890439], [0.0, 0.0, 0.0, 1.0]]}, "mean_rme": {"type": "float", "data": 0.001601776118435534}, "max_rme": {"type": "float", "data": 0.005383595193907353}, "simu": {"type": "float", "data": 0.002}}, {"type": "dict", "image_number": {"type": "int", "data": 18}, "Hcamera2end": {"type": "ndarray", "data": [[0.9999843575065622, -0.002939013886082931, -0.004758880074707065, -0.01385244784439675], [0.004769768618073452, 0.0037089992085895807, 0.9999817461494989, 0.024082756280527574], [-0.002921309555331972, -0.9999888026984343, 0.003722959606795695, 0.03177687234845895], [0.0, 0.0, 0.0, 1.0]]}, "Hobj2base": {"type": "ndarray", "data": [[0.9999963793147101, -0.002576199772626438, -0.0007775295505120234, -0.7347778838371144], [-0.002577375144467209, -0.9999955317374489, -0.0015144776332834584, 0.09025272658940703], [-0.0007736244793713379, 0.001516476135174148, -0.9999985509015983, -0.00183424078877436], [0.0, 0.0, 0.0, 1.0]]}, "mean_rme": {"type": "float", "data": 0.001588557453738166}, "max_rme": {"type": "float", "data": 0.005392418401208077}, "simu": {"type": "float", "data": 0.002}}, {"type": "dict", "image_number": {"type": "int", "data": 19}, "Hcamera2end": {"type": "ndarray", "data": [[0.9999836693422006, -0.003071451415977863, -0.004819464193003665, -0.013733210618228579], [0.004831466454819349, 0.003912318487679145, 0.9999806751612488, 0.02405622239688242], [-0.0030525367818115207, -0.9999876298986154, 0.003927094211428561, 0.031684222503014434], [0.0, 0.0, 0.0, 1.0]]}, "Hobj2base": {"type": "ndarray", "data": [[0.9999961274991447, -0.0026316091787562594, -0.0009053285838225029, -0.7348569949823446], [-0.002633203443385556, -0.9999949766993736, -0.0017643173310634267, 0.09024405966116145], [-0.0009006810424021954, 0.00176669441308737, -0.9999980337803223, -0.0018075740571769784], [0.0, 0.0, 0.0, 1.0]]}, "mean_rme": {"type": "float", "data": 0.0015528539318195988}, "max_rme": {"type": "float", "data": 0.005458073540984987}, "simu": {"type": "float", "data": 0.002}}, {"type": "dict", "image_number": {"type": "int", "data": 20}, "Hcamera2end": {"type": "ndarray", "data": [[0.999982816111372, -0.0032099031673564027, -0.004905507478968708, -0.013591103002566697], [0.004918389508733792, 0.004017703561805641, 0.9999798335480221, 0.024145183899552204], [-0.003190129560127608, -0.9999867772024518, 0.00403342207609747, 0.03162375706333697], [0.0, 0.0, 0.0, 1.0]]}, "Hobj2base": {"type": "ndarray", "data": [[0.9999957533195243, -0.002739007322022098, -0.000995581140406156, -0.7349938182645055], [-0.002740975235653578, -0.999994281949049, -0.001980687749949942, 0.09022227796290538], [-0.0009901503293727174, 0.001983408201852883, -0.9999975428440959, -0.0017805791172814888], [0.0, 0.0, 0.0, 1.0]]}, "mean_rme": {"type": "float", "data": 0.0015903100800607273}, "max_rme": {"type": "float", "data": 0.005411302110255256}, "simu": {"type": "float", "data": 0.002}}, {"type": "dict", "image_number": {"type": "int", "data": 21}, "Hcamera2end": {"type": "ndarray", "data": [[0.9999824618728004, -0.0032360419089872625, -0.004960239870879015, -0.013662523851416303], [0.0049735376045646745, 0.004114235185024517, 0.999979168279289, 0.02414041687072737], [-0.0032155669032630733, -0.9999863004569641, 0.004130257605168719, 0.03152577311157584], [0.0, 0.0, 0.0, 1.0]]}, "Hobj2base": {"type": "ndarray", "data": [[0.9999957267535755, -0.002732454012408778, -0.001039312108271778, -0.7349282159213916], [-0.002734680650725669, -0.9999939558043562, -0.002147062293853914, 0.09007127063734198], [-0.0010334390774863278, 0.002149895305640199, -0.9999971549728768, -0.0017151051931305352], [0.0, 0.0, 0.0, 1.0]]}, "mean_rme": {"type": "float", "data": 0.0015855220758159967}, "max_rme": {"type": "float", "data": 0.005324066181324472}, "simu": {"type": "float", "data": 0.002}}, {"type": "dict", "image_number": {"type": "int", "data": 22}, "Hcamera2end": {"type": "ndarray", "data": [[0.9999828237301768, -0.0031532347851096886, -0.004940582456764773, -0.013854026884150952], [0.004953939032789964, 0.004242172872998329, 0.9999787310025023, 0.02407070911071146], [-0.0031322089140920365, -0.9999860304422785, 0.004257720941173937, 0.0314062712332054], [0.0, 0.0, 0.0, 1.0]]}, "Hobj2base": {"type": "ndarray", "data": [[0.9999959541776727, -0.002616812191023721, -0.0011153126210501252, -0.7347917050526737], [-0.0026193329975908257, -0.9999940049977993, -0.0022647434973396955, 0.08985337483323043], [-0.0011093795263551276, 0.0022676557097408346, -0.9999968135022472, -0.0016092774782499673], [0.0, 0.0, 0.0, 1.0]]}, "mean_rme": {"type": "float", "data": 0.0016020769113862135}, "max_rme": {"type": "float", "data": 0.0054022432801668074}, "simu": {"type": "float", "data": 0.002}}, {"type": "dict", "image_number": {"type": "int", "data": 23}, "Hcamera2end": {"type": "ndarray", "data": [[0.9999822787282461, -0.0031951506566714545, -0.005023270025138704, -0.013798056685373941], [0.005037168713340494, 0.004356861459130279, 0.9999778220988601, 0.023845504584609295], [-0.0031731941033647315, -0.9999854042787361, 0.00437287876292658, 0.03111774763148369], [0.0, 0.0, 0.0, 1.0]]}, "Hobj2base": {"type": "ndarray", "data": [[0.9999958854352662, -0.0026194737667760504, -0.0011693886108413076, -0.734637011338408], [-0.0026223311829165815, -0.9999935635936112, -0.0024487038442697583, 0.08991851900290036], [-0.0011629667686983139, 0.0024517602931384335, -0.999996318183102, -0.0014019791080959936], [0.0, 0.0, 0.0, 1.0]]}, "mean_rme": {"type": "float", "data": 0.0016119995560166214}, "max_rme": {"type": "float", "data": 0.0055765487023178295}, "simu": {"type": "float", "data": 0.002}}, {"type": "dict", "image_number": {"type": "int", "data": 24}, "Hcamera2end": {"type": "ndarray", "data": [[0.9999824725661038, -0.0031790387896830623, -0.004994824617047193, -0.01385758265828969], [0.005009138865376708, 0.004510775760002028, 0.9999772804568461, 0.023754287304012023], [-0.003156436029566057, -0.9999847731912803, 0.004526620944434012, 0.031089588046280092], [0.0, 0.0, 0.0, 1.0]]}, "Hobj2base": {"type": "ndarray", "data": [[0.9999959645541878, -0.0025534094537270524, -0.0012453816688255991, -0.7345899401720267], [-0.0025565598177303976, -0.9999935197807925, -0.002534639682547207, 0.08985673909288651], [-0.0012389016255521803, 0.0025378133468783723, -0.9999960123051386, -0.0014062265562757418], [0.0, 0.0, 0.0, 1.0]]}, "mean_rme": {"type": "float", "data": 0.0016088313324274706}, "max_rme": {"type": "float", "data": 0.005555154887814551}, "simu": {"type": "float", "data": 0.002}}, {"type": "dict", "image_number": {"type": "int", "data": 25}, "Hcamera2end": {"type": "ndarray", "data": [[0.9999819760883786, -0.003242587881079355, -0.005053030992883448, -0.013749341970440282], [0.005067786106242474, 0.0045584454758169635, 0.9999767687895682, 0.023642378177840203], [-0.0032194785855692736, -0.9999843529769241, 0.004574796056610597, 0.030876741869993642], [0.0, 0.0, 0.0, 1.0]]}, "Hobj2base": {"type": "ndarray", "data": [[0.999995850805107, -0.0025790978525680225, -0.0012832095842218642, -0.7345465227944044], [-0.0025825171201442694, -0.9999931004601308, -0.0026701380974643546, 0.08993401866259186], [-0.0012763141832329466, 0.002673440929260983, -0.9999956118582243, -0.0012444967994869006], [0.0, 0.0, 0.0, 1.0]]}, "mean_rme": {"type": "float", "data": 0.0016355074766887146}, "max_rme": {"type": "float", "data": 0.005697859849736253}, "simu": {"type": "float", "data": 0.002}}, {"type": "dict", "image_number": {"type": "int", "data": 26}, "Hcamera2end": {"type": "ndarray", "data": [[0.9999815841284294, -0.00328774070649988, -0.0051011925119139705, -0.013750031733358495], [0.005116216128693675, 0.004577491737184691, 0.9999764351733098, 0.023695445569366955], [-0.0032643125648868544, -0.9999841185391112, 0.0045942282307143145, 0.030826763400086343], [0.0, 0.0, 0.0, 1.0]]}, "Hobj2base": {"type": "ndarray", "data": [[0.999995760494152, -0.0026083574594787727, -0.0012943975765593023, -0.734553455082827], [-0.002611939935519205, -0.9999927420164951, -0.0027737491063298723, 0.08985322741330584], [-0.0012871532526708247, 0.00277711823572697, -0.9999953154144319, -0.001205574989319562], [0.0, 0.0, 0.0, 1.0]]}, "mean_rme": {"type": "float", "data": 0.0016438933555949118}, "max_rme": {"type": "float", "data": 0.005822874468934036}, "simu": {"type": "float", "data": 0.002}}, {"type": "dict", "image_number": {"type": "int", "data": 27}, "Hcamera2end": {"type": "ndarray", "data": [[0.9999812739459484, -0.003363653551528016, -0.0051124937382199896, -0.013694547863113958], [0.005128115122229257, 0.004652054752756429, 0.9999760301236577, 0.023737152781092154], [-0.0033397893243750053, -0.9999835219749186, 0.004669216840771151, 0.03083548739382446], [0.0, 0.0, 0.0, 1.0]]}, "Hobj2base": {"type": "ndarray", "data": [[0.9999956519073359, -0.0026292481729063475, -0.001335372782266868, -0.734629052475145], [-0.0026330822200893883, -0.9999923932709953, -0.002877547248919141, 0.08982198310310954], [-0.0013277968386013203, 0.0028810508834072354, -0.999994968238022, -0.0012336104587205576], [0.0, 0.0, 0.0, 1.0]]}, "mean_rme": {"type": "float", "data": 0.001632137869366565}, "max_rme": {"type": "float", "data": 0.0058165681330383245}, "simu": {"type": "float", "data": 0.002}}, {"type": "dict", "image_number": {"type": "int", "data": 28}, "Hcamera2end": {"type": "ndarray", "data": [[0.9999813939723048, -0.0032994290901822037, -0.005130835885614968, -0.0138065406555496], [0.005146376289950075, 0.004718914855778689, 0.9999756230297147, 0.0235683597372789], [-0.003275136682414124, -0.9999834226677274, 0.004735807159158334, 0.030639353838337085], [0.0, 0.0, 0.0, 1.0]]}, "Hobj2base": {"type": "ndarray", "data": [[0.9999958264511938, -0.0025496216344532453, -0.0013588633908754838, -0.734431124504769], [-0.0025536338814353696, -0.9999923611967341, -0.0029591387563715752, 0.08975334609575845], [-0.001351308326592782, 0.0029625964458567327, -0.9999946984799994, -0.0010726279249520323], [0.0, 0.0, 0.0, 1.0]]}, "mean_rme": {"type": "float", "data": 0.0016797668098089784}, "max_rme": {"type": "float", "data": 0.006005261978910603}, "simu": {"type": "float", "data": 0.002}}, {"type": "dict", "image_number": {"type": "int", "data": 29}, "Hcamera2end": {"type": "ndarray", "data": [[0.9999816030148797, -0.0033226464850337344, -0.005074805624556327, -0.01370819641912042], [0.005090812542442912, 0.004826918384173262, 0.9999753919405066, 0.02350549395909258], [-0.0032980690485860807, -0.9999828302922242, 0.004843744553827634, 0.03067016458079341], [0.0, 0.0, 0.0, 1.0]]}, "Hobj2base": {"type": "ndarray", "data": [[0.9999957604637513, -0.002532408731817993, -0.0014373449616756754, -0.7345176699946019], [-0.0025366729283547817, -0.9999923641767734, -0.0029726887833461577, 0.08985885860352481], [-0.0014298059233317085, 0.0029763222545772946, -0.9999945485655704, -0.0011239506337771686], [0.0, 0.0, 0.0, 1.0]]}, "mean_rme": {"type": "float", "data": 0.0016823785546109706}, "max_rme": {"type": "float", "data": 0.005833929046234476}, "simu": {"type": "float", "data": 0.002}}, {"type": "dict", "image_number": {"type": "int", "data": 30}, "Hcamera2end": {"type": "ndarray", "data": [[0.9999811888950473, -0.0034116007478586347, -0.005097336204818395, -0.013593131641053488], [0.005113878297932613, 0.004857746570793409, 0.9999751249641203, 0.023561122152439808], [-0.003386754316698486, -0.9999823814840897, 0.004875101702238593, 0.030719128262241813], [0.0, 0.0, 0.0, 1.0]]}, "Hobj2base": {"type": "ndarray", "data": [[0.9999955661310852, -0.002597911928234092, -0.0014555314436688264, -0.7346286427500909], [-0.0026023076644357775, -0.9999920346859785, -0.0030263111896995172, 0.08991175913182298], [-0.0014476577599655403, 0.003030085512064093, -0.9999943614185034, -0.001188276789311841], [0.0, 0.0, 0.0, 1.0]]}, "mean_rme": {"type": "float", "data": 0.0016887388226196755}, "max_rme": {"type": "float", "data": 0.005747641906221457}, "simu": {"type": "float", "data": 0.002}}]}