{"type": "list", "data": [{"type": "dict", "image_number": {"type": "int", "data": 5}, "Hcamera2end": {"type": "ndarray", "data": [[0.9999890393456248, 0.0031087127724639917, 0.0035010132123150174, -0.018053562223833697], [-0.003503421247527602, 0.0007695010283057524, 0.9999935669331727, 0.02636553247908464], [0.003105998740639992, -0.9999948718733839, 0.0007803837244504397, 0.03277159159925403], [0.0, 0.0, 0.0, 1.0]]}, "Hobj2base": {"type": "ndarray", "data": [[0.9999961295754818, 0.0025993357748202443, -0.000992112688178975, -0.7346069183543869], [0.0026022092175129754, -0.999992391606485, 0.002906068879250959, 0.08755483534548779], [-0.000984551290993303, -0.002908639316312708, -0.9999952852269272, -0.002986730856894726], [0.0, 0.0, 0.0, 1.0]]}, "mean_rme": {"type": "float", "data": 0.0017804990368163562}, "max_rme": {"type": "float", "data": 0.004469422127899136}, "simu": {"type": "float", "data": 0.002}}, {"type": "dict", "image_number": {"type": "int", "data": 6}, "Hcamera2end": {"type": "ndarray", "data": [[0.9999919625682703, 0.003878432444264938, 0.0010161499074584684, -0.01742613702518505], [-0.0010068707059302973, -0.0023937165393030924, 0.999996628160571, 0.02631808072051898], [0.0038808517416533935, -0.9999896138875168, -0.0023897922199569432, 0.03525416315934856], [0.0, 0.0, 0.0, 1.0]]}, "Hobj2base": {"type": "ndarray", "data": [[0.9999865634427467, 0.004860399360868692, 0.0018026236485842143, -0.735801813842852], [0.0048591660266223986, -0.9999879575507966, 0.000687938160233688, 0.08657634084200004], [0.00180594559477481, -0.0006791696691212247, -0.9999981386428025, -0.0035013588781971916], [0.0, 0.0, 0.0, 1.0]]}, "mean_rme": {"type": "float", "data": 0.0016491452287054238}, "max_rme": {"type": "float", "data": 0.004585557106404958}, "simu": {"type": "float", "data": 0.002}}, {"type": "dict", "image_number": {"type": "int", "data": 7}, "Hcamera2end": {"type": "ndarray", "data": [[0.9999936652995326, 0.003517518314607825, 0.0005444499175132659, -0.017580077058404857], [-0.0005352030856646602, -0.002629200926220765, 0.9999964004235948, 0.025984983823074], [0.003518937121259302, -0.9999903571372055, -0.002627301684364536, 0.036300267587038575], [0.0, 0.0, 0.0, 1.0]]}, "Hobj2base": {"type": "ndarray", "data": [[0.9999855818691873, 0.0048682594056198465, 0.0022662974435350984, -0.7364415201933239], [0.004866929773816893, -0.9999879812856465, 0.0005918435895162905, 0.08597749154262191], [0.0022691514536748027, -0.00058080514573373, -0.999997256804769, -0.0032989096456845384], [0.0, 0.0, 0.0, 1.0]]}, "mean_rme": {"type": "float", "data": 0.0017125941016380502}, "max_rme": {"type": "float", "data": 0.0042359082337657394}, "simu": {"type": "float", "data": 0.002}}, {"type": "dict", "image_number": {"type": "int", "data": 8}, "Hcamera2end": {"type": "ndarray", "data": [[0.9999996007310111, -0.0007299698226207265, -0.000515443378430983, -0.01698240265969985], [0.0005149463160492355, -0.0006809598441552822, 0.9999996355619247, 0.025483574055432272], [-0.0007303205528345766, -0.9999995017187502, -0.0006805836769980811, 0.03573993870667807], [0.0, 0.0, 0.0, 1.0]]}, "Hobj2base": {"type": "ndarray", "data": [[0.9999966164596488, 9.894417402378266e-06, 0.0026013402996540066, -0.7365723679993055], [7.724718964488177e-06, -0.999999652126915, 0.0008340781608140554, 0.08787793069294327], [0.0026013476474352, -0.0008340552440541964, -0.9999962686641723, -0.0030633586541939928], [0.0, 0.0, 0.0, 1.0]]}, "mean_rme": {"type": "float", "data": 0.0015761507953004218}, "max_rme": {"type": "float", "data": 0.004762179293995611}, "simu": {"type": "float", "data": 0.002}}, {"type": "dict", "image_number": {"type": "int", "data": 9}, "Hcamera2end": {"type": "ndarray", "data": [[0.9999993065186531, -0.0011767787169511584, 4.641189718733343e-05, -0.01642553305155545], [-4.6204628657913805e-05, 0.00017615869391240935, 0.9999999834166231, 0.02467249262273554], [-0.0011767868732953843, -0.9999992920797323, 0.00017610419912605924, 0.033455222093676434], [0.0, 0.0, 0.0, 1.0]]}, "Hobj2base": {"type": "ndarray", "data": [[0.999997693462807, -0.0004995284138313253, 0.002088908908905154, -0.7344561994676213], [-0.0005029462284935637, -0.999998535327302, 0.001635967097041709, 0.08825640407150043], [0.0020880886372882405, -0.0016370139324801537, -0.9999964800294192, -0.0025382958886945983], [0.0, 0.0, 0.0, 1.0]]}, "mean_rme": {"type": "float", "data": 0.001634164010415937}, "max_rme": {"type": "float", "data": 0.004783590462718229}, "simu": {"type": "float", "data": 0.002}}, {"type": "dict", "image_number": {"type": "int", "data": 10}, "Hcamera2end": {"type": "ndarray", "data": [[0.9999993587239501, -0.0011102072438706789, -0.00022358793390210823, -0.016678165097692932], [0.0002243672365108097, 0.0007018684406220332, 0.9999997285199809, 0.024460419047607755], [-0.0011100500131570852, -0.999999137409912, 0.0007021170846618352, 0.033572464657063913], [0.0, 0.0, 0.0, 1.0]]}, "Hobj2base": {"type": "ndarray", "data": [[0.9999984654595047, -0.0005800407318933154, 0.0016530672657813436, -0.7348548893301505], [-0.0005828363730773447, -0.9999984000632423, 0.001691204516822399, 0.087934280679451], [0.0016520836534725432, -0.0016921653893302228, -0.9999972035940383, -0.0027483293541191224], [0.0, 0.0, 0.0, 1.0]]}, "mean_rme": {"type": "float", "data": 0.001747985741301698}, "max_rme": {"type": "float", "data": 0.0053367059444510145}, "simu": {"type": "float", "data": 0.002}}, {"type": "dict", "image_number": {"type": "int", "data": 11}, "Hcamera2end": {"type": "ndarray", "data": [[0.9999989241207669, -0.0011534951349711179, -0.0009062043270178314, -0.015865856556723477], [0.0009071670091816313, 0.0008343290064201092, 0.9999992404712751, 0.024275732070938773], [-0.0011527381863026538, -0.9999989866715281, 0.0008353745215144981, 0.03399254165247082], [0.0, 0.0, 0.0, 1.0]]}, "Hobj2base": {"type": "ndarray", "data": [[0.9999983767675755, -0.0005868653516619085, 0.0017035408046333995, -0.7355219699234169], [-0.0005885380527127479, -0.9999993450797768, 0.0009815614995708816, 0.08814568508542144], [0.0017029636445154526, -0.0009825625048563043, -0.9999980672410069, -0.00285867333769645], [0.0, 0.0, 0.0, 1.0]]}, "mean_rme": {"type": "float", "data": 0.0017865399602049789}, "max_rme": {"type": "float", "data": 0.005220262892703165}, "simu": {"type": "float", "data": 0.002}}, {"type": "dict", "image_number": {"type": "int", "data": 12}, "Hcamera2end": {"type": "ndarray", "data": [[0.9999995760996437, -0.0009153657988040234, -9.952882606248083e-05, -0.01563825939375061], [0.00010009169455683703, 0.0006148857428338594, 0.9999998059485692, 0.02406526951105284], [-0.0009153044223198336, -0.999999392010304, 0.0006149771026974227, 0.03395028978528422], [0.0, 0.0, 0.0, 1.0]]}, "Hobj2base": {"type": "ndarray", "data": [[0.9999986860545212, -0.0002685362018094503, 0.0015986799365242993, -0.7355625968116808], [-0.00027047969542852614, -0.9999992245851392, 0.0012155944451830623, 0.08832891656350848], [0.0015983522657688684, -0.0012160252584205557, -0.9999979832742694, -0.0031442254187371474], [0.0, 0.0, 0.0, 1.0]]}, "mean_rme": {"type": "float", "data": 0.0019347539583606007}, "max_rme": {"type": "float", "data": 0.005091933889976863}, "simu": {"type": "float", "data": 0.002}}, {"type": "dict", "image_number": {"type": "int", "data": 13}, "Hcamera2end": {"type": "ndarray", "data": [[0.9999994373333049, -0.0010584447666783293, -7.090662502712991e-05, -0.015390919369999492], [7.160912568563197e-05, 0.0006636871255311094, 0.9999997771957413, 0.023703641195737007], [-0.0010583974710381824, -0.999999219606733, 0.0006637625464007701, 0.03386779823067738], [0.0, 0.0, 0.0, 1.0]]}, "Hobj2base": {"type": "ndarray", "data": [[0.9999987348488131, -0.00033026251208486453, 0.0015560293847854327, -0.7354753090024341], [-0.00033239388717504594, -0.9999990067271605, 0.0013696930297608391, 0.08838809031844207], [0.0015555754809629136, -0.0013702085115478444, -0.9999978513544705, -0.002726834155256652], [0.0, 0.0, 0.0, 1.0]]}, "mean_rme": {"type": "float", "data": 0.00190426871284823}, "max_rme": {"type": "float", "data": 0.005282758360028117}, "simu": {"type": "float", "data": 0.002}}, {"type": "dict", "image_number": {"type": "int", "data": 14}, "Hcamera2end": {"type": "ndarray", "data": [[0.9999995214772758, -0.0009475785801736059, -0.00024318728138755986, -0.015427016409794759], [0.00024382674264065095, 0.0006747801013807786, 0.9999997426101339, 0.023533489432703607], [-0.0009474142383380929, -0.9999993233830955, 0.0006750108234817587, 0.03383204972768997], [0.0, 0.0, 0.0, 1.0]]}, "Hobj2base": {"type": "ndarray", "data": [[0.9999986550407085, -0.0002062899260458492, 0.0016270713691784522, -0.7354353790616522], [-0.00020828813892306318, -0.9999992242786513, 0.0012280301893915697, 0.08816331817590609], [0.0016268167767675044, -0.0012283674374083374, -0.9999979222881479, -0.0027813105933271465], [0.0, 0.0, 0.0, 1.0]]}, "mean_rme": {"type": "float", "data": 0.0018978827503607644}, "max_rme": {"type": "float", "data": 0.005051732139572218}, "simu": {"type": "float", "data": 0.002}}, {"type": "dict", "image_number": {"type": "int", "data": 15}, "Hcamera2end": {"type": "ndarray", "data": [[0.9999994992663438, -0.000981675358738414, -0.000194372198815922, -0.0161534599983221], [0.00019472492965263348, 0.0003592323622988447, 0.9999999165171524, 0.023531384932719356], [-0.0009816054520012138, -0.9999994536326507, 0.0003594233390842305, 0.034378516331900456], [0.0, 0.0, 0.0, 1.0]]}, "Hobj2base": {"type": "ndarray", "data": [[0.9999982017956833, -0.00014832247086880003, 0.0018906099133622763, -0.7360461873286027], [-0.0001504895172495329, -0.9999993318752254, 0.001146124778271747, 0.08749855593007956], [0.0018904386541399173, -0.0011464072342783922, -0.9999975559930872, -0.0029174449892282127], [0.0, 0.0, 0.0, 1.0]]}, "mean_rme": {"type": "float", "data": 0.0019586217988070767}, "max_rme": {"type": "float", "data": 0.005004546910641533}, "simu": {"type": "float", "data": 0.002}}, {"type": "dict", "image_number": {"type": "int", "data": 16}, "Hcamera2end": {"type": "ndarray", "data": [[0.9999994888061589, -0.0010028464223024137, -0.00012917613671584535, -0.016360606062898], [0.00012954856699810006, 0.0003713171216305211, 0.9999999226703792, 0.023642800841110454], [-0.0010027983794414113, -0.999999428211161, 0.00037144684913248405, 0.03452079336232143], [0.0, 0.0, 0.0, 1.0]]}, "Hobj2base": {"type": "ndarray", "data": [[0.9999981545860536, -0.00016824772656521715, 0.001913770411986164, -0.7362759719984732], [-0.00017058203157693127, -0.9999992416853631, 0.0012196435828189414, 0.08740981714356535], [0.0019135637584860197, -0.0012199677869165126, -0.9999974249728552, -0.0030585633144445366], [0.0, 0.0, 0.0, 1.0]]}, "mean_rme": {"type": "float", "data": 0.0019275618455842692}, "max_rme": {"type": "float", "data": 0.00501226181745526}, "simu": {"type": "float", "data": 0.002}}, {"type": "dict", "image_number": {"type": "int", "data": 17}, "Hcamera2end": {"type": "ndarray", "data": [[0.9999987738885845, -0.0015651534320944589, -5.0160358538219995e-05, -0.01650149861999626], [5.100125084331916e-05, 0.000537223417362398, 0.9999998543949253, 0.022691021951004895], [-0.0015651262568809469, -0.9999986308419295, 0.0005373025834494172, 0.03449112569433174], [0.0, 0.0, 0.0, 1.0]]}, "Hobj2base": {"type": "ndarray", "data": [[0.9999972365683829, -0.0007529983856960991, 0.002227071850829708, -0.7362300245056883], [-0.000755386399941177, -0.9999991405109763, 0.0010716196603067524, 0.08803786196126895], [0.0022262630088116047, -0.0010732989987469104, -0.9999969458864739, -0.0023140252510195324], [0.0, 0.0, 0.0, 1.0]]}, "mean_rme": {"type": "float", "data": 0.0018542647105881784}, "max_rme": {"type": "float", "data": 0.004709574689596208}, "simu": {"type": "float", "data": 0.002}}, {"type": "dict", "image_number": {"type": "int", "data": 18}, "Hcamera2end": {"type": "ndarray", "data": [[0.999998590972697, -0.0016771260213597596, 7.280747893629496e-05, -0.01690252701043861], [-7.224193758914761e-05, 0.00033726672887701703, 0.9999999405161265, 0.022435398891643605], [-0.0016771504771380657, -0.9999985367486607, 0.0003371450948256305, 0.03496851363287715], [0.0, 0.0, 0.0, 1.0]]}, "Hobj2base": {"type": "ndarray", "data": [[0.9999968462911252, -0.0007568218883811093, 0.002394708423385347, -0.7364303493889565], [-0.0007598386518256751, -0.9999989186513383, 0.0012591034021335443, 0.08774110058274245], [0.0023937529168561286, -0.0012609190233079115, -0.9999963400083971, -0.0019262031298181036], [0.0, 0.0, 0.0, 1.0]]}, "mean_rme": {"type": "float", "data": 0.0018299776871458016}, "max_rme": {"type": "float", "data": 0.004463651908316435}, "simu": {"type": "float", "data": 0.002}}, {"type": "dict", "image_number": {"type": "int", "data": 19}, "Hcamera2end": {"type": "ndarray", "data": [[0.9999987407818025, -0.0015834392027423848, 0.00010561770941242921, -0.016838427809861393], [-0.00010523466904056899, 0.0002419854248010278, 0.9999999651843587, 0.022554994051408914], [-0.0015834647055602124, -0.9999987170808498, 0.0002418184873881346, 0.0348639842964362], [0.0, 0.0, 0.0, 1.0]]}, "Hobj2base": {"type": "ndarray", "data": [[0.9999968434226834, -0.0006305850565978007, 0.002432181563042958, -0.7363633449825945], [-0.000634021279108833, -0.9999988017082109, 0.0014123027864920688, 0.08791421328271812], [0.0024312880715472067, -0.001413840383314754, -0.9999960449390208, -0.0020067879516464967], [0.0, 0.0, 0.0, 1.0]]}, "mean_rme": {"type": "float", "data": 0.0018383870009355788}, "max_rme": {"type": "float", "data": 0.004554558818706922}, "simu": {"type": "float", "data": 0.002}}, {"type": "dict", "image_number": {"type": "int", "data": 20}, "Hcamera2end": {"type": "ndarray", "data": [[0.9999983820072027, -0.001796863465661452, -8.523298991568108e-05, -0.016651422908145145], [8.621182770673073e-05, 0.0005446775893528377, 0.9999998479469108, 0.022511358014852642], [-0.0017968167679433304, -0.9999982373024512, 0.0005448316189519131, 0.03464827158831249], [0.0, 0.0, 0.0, 1.0]]}, "Hobj2base": {"type": "ndarray", "data": [[0.9999971722643544, -0.0010056968559621743, 0.002155002814177593, -0.7363135874016422], [-0.001008672958624608, -0.999998538565571, 0.0013803787829851752, 0.08812940548352625], [0.002153611422180201, -0.001382548572703307, -0.9999967252532809, -0.0018259984107504262], [0.0, 0.0, 0.0, 1.0]]}, "mean_rme": {"type": "float", "data": 0.001813697470624862}, "max_rme": {"type": "float", "data": 0.0046148589143869545}, "simu": {"type": "float", "data": 0.002}}, {"type": "dict", "image_number": {"type": "int", "data": 21}, "Hcamera2end": {"type": "ndarray", "data": [[0.9999987455520342, -0.0015839303984618784, -7.671430494549298e-06, -0.016688201570011066], [8.74421883864814e-06, 0.0006772893151044679, 0.9999997706013347, 0.0224734971170708], [-0.0015839248393324538, -0.9999985162207373, 0.0006773023157142788, 0.034433382645255126], [0.0, 0.0, 0.0, 1.0]]}, "Hobj2base": {"type": "ndarray", "data": [[0.9999977536418259, -0.0008730898844711484, 0.0019314309088870822, -0.7363332781956755], [-0.0008760901834841903, -0.9999984101608872, 0.001553107107969528, 0.08814038575887699], [0.0019300718361172106, -0.0015547957267940346, -0.9999969287117616, -0.0015626927791791952], [0.0, 0.0, 0.0, 1.0]]}, "mean_rme": {"type": "float", "data": 0.0018229942336738698}, "max_rme": {"type": "float", "data": 0.004779101878007674}, "simu": {"type": "float", "data": 0.002}}, {"type": "dict", "image_number": {"type": "int", "data": 22}, "Hcamera2end": {"type": "ndarray", "data": [[0.9999985740217205, -0.0016883207316749453, -3.908493890560929e-05, -0.016686396513285892], [4.0167029834450255e-05, 0.0006408981953710535, 0.9999997938180354, 0.022497554367799558], [-0.0016882953341068488, -0.9999983694099759, 0.000640965096293411, 0.034454785422727376], [0.0, 0.0, 0.0, 1.0]]}, "Hobj2base": {"type": "ndarray", "data": [[0.9999976577763435, -0.0009702940731727406, 0.001934676003486984, -0.7363286865746393], [-0.0009734252866027492, -0.9999982169588062, 0.0016181849151664016, 0.08820127890517869], [0.0019331024386474898, -0.0016200643875585905, -0.9999968192481123, -0.0015863610821413576], [0.0, 0.0, 0.0, 1.0]]}, "mean_rme": {"type": "float", "data": 0.0017632350276442995}, "max_rme": {"type": "float", "data": 0.004757916707076815}, "simu": {"type": "float", "data": 0.002}}, {"type": "dict", "image_number": {"type": "int", "data": 23}, "Hcamera2end": {"type": "ndarray", "data": [[0.9999981968426133, -0.001898810144080101, -2.883676350691456e-05, -0.01633707352898108], [3.0665196424809285e-05, 0.0009629140710858408, 0.9999995359279609, 0.02267777099192408], [-0.0018987814955700607, -0.9999977336556959, 0.000962970562186305, 0.03412372816207583], [0.0, 0.0, 0.0, 1.0]]}, "Hobj2base": {"type": "ndarray", "data": [[0.9999977396678729, -0.0012750838613325782, 0.0017014171421732259, -0.7363082015221244], [-0.0012776945664322692, -0.9999980068214762, 0.0015342260817050978, 0.08862125043911723], [0.0016994574840287003, -0.0015363965052823845, -0.9999973756615756, -0.0017628602142540314], [0.0, 0.0, 0.0, 1.0]]}, "mean_rme": {"type": "float", "data": 0.001810760134903884}, "max_rme": {"type": "float", "data": 0.004857877413663614}, "simu": {"type": "float", "data": 0.002}}, {"type": "dict", "image_number": {"type": "int", "data": 24}, "Hcamera2end": {"type": "ndarray", "data": [[0.9999979098261613, -0.002043107641953605, 7.781048710494079e-05, -0.01628019043699598], [-7.588132008013284e-05, 0.0009442922511693208, 0.999999551276984, 0.02276640944095592], [-0.0020431802010042154, -0.9999974670084458, 0.0009441352437293826, 0.033972291500236285], [0.0, 0.0, 0.0, 1.0]]}, "Hobj2base": {"type": "ndarray", "data": [[0.9999975269059551, -0.0014409088301123856, 0.0016940967259652055, -0.7362936802896404], [-0.0014436664989788924, -0.9999976331804847, 0.001627716335413711, 0.08878056354502366], [0.0016917473255033976, -0.0016301580206074411, -0.9999972402840993, -0.001940389235084115], [0.0, 0.0, 0.0, 1.0]]}, "mean_rme": {"type": "float", "data": 0.0018373080701037444}, "max_rme": {"type": "float", "data": 0.004859017906302943}, "simu": {"type": "float", "data": 0.002}}, {"type": "dict", "image_number": {"type": "int", "data": 25}, "Hcamera2end": {"type": "ndarray", "data": [[0.9999973153360885, -0.0023112800141206645, -0.00016524319004561686, -0.01571857779705823], [0.00016779837790702645, 0.0011053791155425374, 0.9999993749901622, 0.022683905316212765], [-0.002311095913176656, -0.999996718055468, 0.001105763977008345, 0.03370312959437756], [0.0, 0.0, 0.0, 1.0]]}, "Hobj2base": {"type": "ndarray", "data": [[0.999997167742396, -0.0017907879154658282, 0.0015676689153314397, -0.7359259771272757], [-0.001793130234581554, -0.9999972763005276, 0.0014940132155324512, 0.08924666743144265], [0.0015649891846605203, -0.0014968200186320556, -0.9999976551665928, -0.001848341427637743], [0.0, 0.0, 0.0, 1.0]]}, "mean_rme": {"type": "float", "data": 0.0018971585363924015}, "max_rme": {"type": "float", "data": 0.005122923912069588}, "simu": {"type": "float", "data": 0.002}}, {"type": "dict", "image_number": {"type": "int", "data": 26}, "Hcamera2end": {"type": "ndarray", "data": [[0.999998033825877, -0.0019724453554928936, -0.00020445953038849976, -0.015683512592122903], [0.0002064880291459877, 0.0010282694071424014, 0.9999994500122091, 0.02297620632770627], [-0.001972234031191932, -0.999997526057613, 0.0010286746717397266, 0.03369622544066341], [0.0, 0.0, 0.0, 1.0]]}, "Hobj2base": {"type": "ndarray", "data": [[0.999997977545031, -0.0014577828111970123, 0.001385559498255453, -0.7359596782006188], [-0.0014598721513306972, -0.9999977971615943, 0.0015081264071244685, 0.08902796750321294], [0.001383357925338359, -0.0015101460967322372, -0.9999979028876091, -0.0020764804943143654], [0.0, 0.0, 0.0, 1.0]]}, "mean_rme": {"type": "float", "data": 0.0018717580899066722}, "max_rme": {"type": "float", "data": 0.0051381704352965185}, "simu": {"type": "float", "data": 0.002}}, {"type": "dict", "image_number": {"type": "int", "data": 27}, "Hcamera2end": {"type": "ndarray", "data": [[0.9999978534853139, -0.0020473995279610326, -0.00031808793989338946, -0.01564583848594774], [0.0003196554148004705, 0.0007653113835375258, 0.9999996560593921, 0.022829720095594426], [-0.002047155387455827, -0.9999976112239767, 0.0007659642031307978, 0.03402802140397391], [0.0, 0.0, 0.0, 1.0]]}, "Hobj2base": {"type": "ndarray", "data": [[0.9999975913246144, -0.0013893722400718808, 0.0016991144010679252, -0.7360846929552248], [-0.0013919338120346686, -0.9999978952205644, 0.0015073402747842238, 0.08901498274528498], [0.0016970165680727477, -0.0015097016988761679, -0.9999974204644471, -0.001940140994776], [0.0, 0.0, 0.0, 1.0]]}, "mean_rme": {"type": "float", "data": 0.0018439806872755566}, "max_rme": {"type": "float", "data": 0.005184128281441436}, "simu": {"type": "float", "data": 0.002}}, {"type": "dict", "image_number": {"type": "int", "data": 28}, "Hcamera2end": {"type": "ndarray", "data": [[0.9999978501916803, -0.002004198836609067, -0.000531788530433937, -0.015541980910112942], [0.0005328461545085507, 0.00052720714975385, 0.9999997190637588, 0.02265989313107791], [-0.0020039179108415784, -0.9999978526175166, 0.0005282739460024111, 0.034239401329993965], [0.0, 0.0, 0.0, 1.0]]}, "Hobj2base": {"type": "ndarray", "data": [[0.999997337336579, -0.0012379883979340865, 0.0019474867082591807, -0.7361703880204019], [-0.001240753251238663, -0.9999982232901432, 0.0014191363313282794, 0.08897852370038824], [0.0019457263738270785, -0.001421548903110897, -0.9999970966695826, -0.0019176150028941766], [0.0, 0.0, 0.0, 1.0]]}, "mean_rme": {"type": "float", "data": 0.0018350044712876286}, "max_rme": {"type": "float", "data": 0.005117815926976466}, "simu": {"type": "float", "data": 0.002}}, {"type": "dict", "image_number": {"type": "int", "data": 29}, "Hcamera2end": {"type": "ndarray", "data": [[0.9999979437582065, -0.0018987618488465184, -0.0007121676771203292, -0.015678412543965535], [0.0007130624397703643, 0.0004705994778815281, 0.9999996350389775, 0.022771526717082876], [-0.0018984260101354358, -0.9999980866179559, 0.00047195244597175723, 0.03387340838746074], [0.0, 0.0, 0.0, 1.0]]}, "Hobj2base": {"type": "ndarray", "data": [[0.9999973458797008, -0.0011228937211428202, 0.002011800995386412, -0.7357322328520257], [-0.0011254863534707576, -0.9999985371107347, 0.0012880438109303918, 0.08883311944592003], [0.002010351716036481, -0.0012903046468733734, -0.9999971467958777, -0.0020633639633780287], [0.0, 0.0, 0.0, 1.0]]}, "mean_rme": {"type": "float", "data": 0.0019113141714416253}, "max_rme": {"type": "float", "data": 0.005093029060224019}, "simu": {"type": "float", "data": 0.002}}, {"type": "dict", "image_number": {"type": "int", "data": 30}, "Hcamera2end": {"type": "ndarray", "data": [[0.9999979888293542, -0.0018437809519061894, -0.0007891825189073109, -0.01554724187809882], [0.0007897891273300053, 0.00032829750362428634, 0.999999634226875, 0.022665395810496224], [-0.0018435211908498072, -0.9999982463447378, 0.00032975304151094953, 0.03403280624359438], [0.0, 0.0, 0.0, 1.0]]}, "Hobj2base": {"type": "ndarray", "data": [[0.9999972469974998, -0.0009982423557349555, 0.00212356059968244, -0.7358592533059647], [-0.0010009666676299323, -0.9999986769848774, 0.0012822223775380255, 0.08888755674880194], [0.002122277821492923, -0.0012843444609535889, -0.9999969231933437, -0.002041120822622507], [0.0, 0.0, 0.0, 1.0]]}, "mean_rme": {"type": "float", "data": 0.0018903107275937167}, "max_rme": {"type": "float", "data": 0.005078167036568382}, "simu": {"type": "float", "data": 0.002}}]}