{"type": "list", "data": [{"type": "dict", "image_number": {"type": "int", "data": 5}, "Hcamera2end": {"type": "ndarray", "data": [[0.9999810718478017, 0.005935157096250197, 0.001621683188681574, -0.015356355971058753], [-0.0016202545326855478, -0.00024551109260717574, 0.999998657248875, 0.032098916095264], [0.005935547268022845, -0.9999823566616295, -0.00023588998034851372, 0.029732860345547684], [0.0, 0.0, 0.0, 1.0]]}, "Hobj2base": {"type": "ndarray", "data": [[0.9999827102272433, 0.005686937761480007, 0.0014959897975169358, -0.7326769015232404], [0.005682617366809353, -0.9999797164445314, 0.002876553385056471, 0.09018138300147809], [0.0015123182335932883, -0.002868002512498181, -0.9999947437137602, -0.00045130851311403486], [0.0, 0.0, 0.0, 1.0]]}, "mean_rme": {"type": "float", "data": 0.0011470531601084197}, "max_rme": {"type": "float", "data": 0.0031836367510692243}, "simu": {"type": "float", "data": 0.002}}, {"type": "dict", "image_number": {"type": "int", "data": 6}, "Hcamera2end": {"type": "ndarray", "data": [[0.9999908791927822, 0.004093877982685917, 0.001217248663756906, -0.015912267737171443], [-0.0012179214130244307, 0.0001618415541596585, 0.9999992452370867, 0.030685660324631367], [0.0040936778913631035, -0.9999916069499655, 0.00016682609969143058, 0.029983282975164973], [0.0, 0.0, 0.0, 1.0]]}, "Hobj2base": {"type": "ndarray", "data": [[0.9999921496008825, 0.0039041270972424284, 0.0006771471147483611, -0.7329237987899196], [0.003902302596707446, -0.9999888078611974, 0.0026751050045334367, 0.08935100841510724], [0.0006875834859600308, -0.002672441570947234, -0.9999961926352521, 0.001043243983719096], [0.0, 0.0, 0.0, 1.0]]}, "mean_rme": {"type": "float", "data": 0.0012126482817968606}, "max_rme": {"type": "float", "data": 0.0033751762547627254}, "simu": {"type": "float", "data": 0.002}}, {"type": "dict", "image_number": {"type": "int", "data": 7}, "Hcamera2end": {"type": "ndarray", "data": [[0.9999911072838057, 0.004069598060294188, 0.001106221015819586, -0.015762416044692848], [-0.0011082532457629326, 0.0004971475268013004, 0.999999262309268, 0.030604221109545336], [0.004069045103147304, -0.9999915955726651, 0.0005016532510687677, 0.02929557768164047], [0.0, 0.0, 0.0, 1.0]]}, "Hobj2base": {"type": "ndarray", "data": [[0.999992390595001, 0.003879325975251415, 0.00041180343949299373, -0.7324391253052739], [0.0038782992408901242, -0.9999894401204548, 0.002465449771758854, 0.08953908695928092], [0.0004213633742385383, -0.0024638339141862544, -0.9999968759827951, 0.0012403632624702818], [0.0, 0.0, 0.0, 1.0]]}, "mean_rme": {"type": "float", "data": 0.001102481349552804}, "max_rme": {"type": "float", "data": 0.003355159161440857}, "simu": {"type": "float", "data": 0.002}}, {"type": "dict", "image_number": {"type": "int", "data": 8}, "Hcamera2end": {"type": "ndarray", "data": [[0.99999175551461, 0.003987135269367718, 0.0007691912325722455, -0.015015882963986888], [-0.0007753300769455774, 0.001538345981662692, 0.9999985161763556, 0.03064876795813377], [0.003985946070920374, -0.9999908680802965, 0.001541424644686873, 0.029848951044572872], [0.0, 0.0, 0.0, 1.0]]}, "Hobj2base": {"type": "ndarray", "data": [[0.9999928039536912, 0.0037512274979457126, -0.000565979764018697, -0.7336470406618611], [0.00375238568509646, -0.9999908393040795, 0.00205934688503767, 0.09003235094522928], [-0.0005582495005872196, -0.002061455840246677, -0.9999977193760563, 0.0015621616174576608], [0.0, 0.0, 0.0, 1.0]]}, "mean_rme": {"type": "float", "data": 0.001129032968206673}, "max_rme": {"type": "float", "data": 0.003384749258968263}, "simu": {"type": "float", "data": 0.002}}, {"type": "dict", "image_number": {"type": "int", "data": 9}, "Hcamera2end": {"type": "ndarray", "data": [[0.9999919588147437, 0.004001200180733311, 0.0002696348747806027, -0.01650351083274281], [-0.000273572204585573, 0.000983522514141577, 0.9999994789207207, 0.03089416111887298], [0.004000932903820861, -0.9999915115042617, 0.000984609222609234, 0.03037044803431934], [0.0, 0.0, 0.0, 1.0]]}, "Hobj2base": {"type": "ndarray", "data": [[0.9999927123158837, 0.0038128080777129368, -0.00019444712589545898, -0.7343933154091219], [0.003813079526520836, -0.9999917286681406, 0.0014152808299837084, 0.08837806911619633], [-0.0001890493233779575, -0.0014160119582188266, -0.9999989795847228, 0.0016212848354175567], [0.0, 0.0, 0.0, 1.0]]}, "mean_rme": {"type": "float", "data": 0.0012390460690052242}, "max_rme": {"type": "float", "data": 0.0033135172837631677}, "simu": {"type": "float", "data": 0.002}}, {"type": "dict", "image_number": {"type": "int", "data": 10}, "Hcamera2end": {"type": "ndarray", "data": [[0.9999927157403176, 0.0038138703106570648, 0.00015119377586152627, -0.016600021740726188], [-0.00015766595975862563, 0.0016967684831370455, 0.9999985480580257, 0.03086352814590282], [0.0038136082323049483, -0.9999912876470315, 0.0016973574409576697, 0.030563280488096107], [0.0, 0.0, 0.0, 1.0]]}, "Hobj2base": {"type": "ndarray", "data": [[0.9999929319985518, 0.0036697310812439403, -0.0008179405425457265, -0.7349348464131232], [0.0036706363250181406, -0.9999926493602622, 0.0011079956736596117, 0.08807913659137204], [-0.000813868483997959, -0.001110990204611759, -0.9999990516589783, 0.0017547770049787359], [0.0, 0.0, 0.0, 1.0]]}, "mean_rme": {"type": "float", "data": 0.0012171795737915363}, "max_rme": {"type": "float", "data": 0.0035256049484983995}, "simu": {"type": "float", "data": 0.002}}, {"type": "dict", "image_number": {"type": "int", "data": 11}, "Hcamera2end": {"type": "ndarray", "data": [[0.9999850611902249, 0.005459528617906136, 0.00026635249651356906, -0.016458645490840217], [-0.00027510604742764103, 0.0016026646102050845, 0.9999986778905308, 0.03088805777575772], [0.005459094526091652, -0.999983812375689, 0.0016041426176423013, 0.030826522358574207], [0.0, 0.0, 0.0, 1.0]]}, "Hobj2base": {"type": "ndarray", "data": [[0.9999857892332776, 0.005271433121836117, -0.0007958167759562004, -0.7346911714479806], [0.005272213954430525, -0.9999856193369021, 0.0009822827555008855, 0.08773204726627083], [-0.0007906272937309016, -0.0009864645128211578, -0.9999992008978047, 0.00166158785936631], [0.0, 0.0, 0.0, 1.0]]}, "mean_rme": {"type": "float", "data": 0.0013306459890296194}, "max_rme": {"type": "float", "data": 0.004576493843786222}, "simu": {"type": "float", "data": 0.002}}, {"type": "dict", "image_number": {"type": "int", "data": 12}, "Hcamera2end": {"type": "ndarray", "data": [[0.9999892306937513, 0.00463997413017787, 9.558551487597738e-05, -0.015857353007802222], [-0.00010374282189213333, 0.0017578412602081706, 0.9999984496145637, 0.030986150081906264], [0.0046397989122676266, -0.9999876902413227, 0.0017583036934870622, 0.030410437492185558], [0.0, 0.0, 0.0, 1.0]]}, "Hobj2base": {"type": "ndarray", "data": [[0.9999896022887789, 0.004486687393688031, -0.0008154450080331277, -0.7347679305474796], [0.0044872921905675595, -0.99998965723837, 0.0007413670369327589, 0.08849323153748194], [-0.0008121102919410852, -0.0007450184684287843, -0.999999392711993, 0.0015445522180527655], [0.0, 0.0, 0.0, 1.0]]}, "mean_rme": {"type": "float", "data": 0.0014023436704367262}, "max_rme": {"type": "float", "data": 0.004974626229276524}, "simu": {"type": "float", "data": 0.002}}, {"type": "dict", "image_number": {"type": "int", "data": 13}, "Hcamera2end": {"type": "ndarray", "data": [[0.999994158608516, 0.0034177397676818985, 4.24703011415149e-05, -0.01609001023845186], [-4.857642161411996e-05, 0.0017865329019008946, 0.9999984029689853, 0.031174407319832606], [0.003417658434855147, -0.9999925636498855, 0.0017866884876306388, 0.03025430691816074], [0.0, 0.0, 0.0, 1.0]]}, "Hobj2base": {"type": "ndarray", "data": [[0.9999947259544646, 0.0031827623479513617, -0.0006465965447631025, -0.7348943632388611], [0.0031830809642506676, -0.9999948127904035, 0.0004923290161843618, 0.08859594086179066], [-0.0006450262244757852, -0.0004943845887718977, -0.9999996697624693, 0.001485869786567942], [0.0, 0.0, 0.0, 1.0]]}, "mean_rme": {"type": "float", "data": 0.0014627984818176827}, "max_rme": {"type": "float", "data": 0.005263479566129992}, "simu": {"type": "float", "data": 0.002}}, {"type": "dict", "image_number": {"type": "int", "data": 14}, "Hcamera2end": {"type": "ndarray", "data": [[0.9999926050960357, 0.003839535824333303, 0.0002184442668261195, -0.01592289537188805], [-0.0002244471603984194, 0.001563081173894143, 0.9999987531995806, 0.030836007862348698], [0.0038391895910774064, -0.9999914073340317, 0.0015639313879719507, 0.03132314296269535], [0.0, 0.0, 0.0, 1.0]]}, "Hobj2base": {"type": "ndarray", "data": [[0.9999933471122286, 0.0036055600192137363, -0.000552872706479733, -0.735630055981704], [0.003605864400800297, -0.9999933473013483, 0.000550540614674604, 0.08931355117839393], [-0.0005508840211549998, -0.0005525305360001505, -0.999999695618355, 0.0014344685421086895], [0.0, 0.0, 0.0, 1.0]]}, "mean_rme": {"type": "float", "data": 0.0016942969411531928}, "max_rme": {"type": "float", "data": 0.006016881249558653}, "simu": {"type": "float", "data": 0.002}}, {"type": "dict", "image_number": {"type": "int", "data": 15}, "Hcamera2end": {"type": "ndarray", "data": [[0.9999923770033816, 0.003903115437411413, 0.00010781933472645564, -0.015615907041090997], [-0.00011307475430956566, 0.0013462722527048943, 0.9999990873821442, 0.03077901555305319], [0.003902966721179925, -0.9999914765841275, 0.001346703333895194, 0.03179757170591588], [0.0, 0.0, 0.0, 1.0]]}, "Hobj2base": {"type": "ndarray", "data": [[0.9999931222424153, 0.0036900910248175564, -0.0003724192454063368, -0.7358572757827383], [0.003690229751311381, -0.9999931216990345, 0.00037250369451409445, 0.08964350362931836], [-0.00037104211125484375, -0.00037387544510334364, -0.9999998612724419, 0.0014508943892251288], [0.0, 0.0, 0.0, 1.0]]}, "mean_rme": {"type": "float", "data": 0.0016565728829126324}, "max_rme": {"type": "float", "data": 0.005700898219875766}, "simu": {"type": "float", "data": 0.002}}, {"type": "dict", "image_number": {"type": "int", "data": 16}, "Hcamera2end": {"type": "ndarray", "data": [[0.9999922665052743, 0.00392999719103913, 0.00014849822502493244, -0.01567467830869146], [-0.00015292904157131648, 0.0011271585510423954, 0.9999993530629452, 0.030610173396866266], [0.0039298272675341705, -0.9999916422829138, 0.001127750844871489, 0.03207765992433372], [0.0, 0.0, 0.0, 1.0]]}, "Hobj2base": {"type": "ndarray", "data": [[0.9999930158117957, 0.0037325865261235015, -0.00019006697435866205, -0.7360019790914537], [0.0037326332506777793, -0.9999930034239211, 0.0002460736112469745, 0.08971036253958906], [-0.0001891471534948408, -0.0002467813429309083, -0.9999999516611606, 0.00132912698133493], [0.0, 0.0, 0.0, 1.0]]}, "mean_rme": {"type": "float", "data": 0.0017026138384017419}, "max_rme": {"type": "float", "data": 0.005515346909342439}, "simu": {"type": "float", "data": 0.002}}, {"type": "dict", "image_number": {"type": "int", "data": 17}, "Hcamera2end": {"type": "ndarray", "data": [[0.9999904277894596, 0.004371208525386694, 0.00019200385745257774, -0.016082839645354743], [-0.00019673614495214478, 0.0010821996757516272, 0.9999993950691924, 0.030663127036377587], [0.004370998094595714, -0.9999898606385412, 0.0010830492914225553, 0.032495965921798646], [0.0, 0.0, 0.0, 1.0]]}, "Hobj2base": {"type": "ndarray", "data": [[0.9999912949069947, 0.00416926614570952, -0.00016531799111870523, -0.73631053858118], [0.004169315317463648, -0.9999912639001027, 0.00029821679863825044, 0.08911048609017744], [-0.00016407320168157567, -0.0002989034654659061, -0.9999999418683501, 0.0013212823866326365], [0.0, 0.0, 0.0, 1.0]]}, "mean_rme": {"type": "float", "data": 0.0016944682429126344}, "max_rme": {"type": "float", "data": 0.00547762423107237}, "simu": {"type": "float", "data": 0.002}}, {"type": "dict", "image_number": {"type": "int", "data": 18}, "Hcamera2end": {"type": "ndarray", "data": [[0.999989781465812, 0.004512926094224383, 0.00026544684174079633, -0.016017676924782412], [-0.0002702131079731175, 0.0010555596353883923, 0.9999994063891902, 0.030741828617714153], [0.004512643220331186, -0.999989259588284, 0.0010567683009021778, 0.032650143392886376], [0.0, 0.0, 0.0, 1.0]]}, "Hobj2base": {"type": "ndarray", "data": [[0.9999906932163599, 0.004310108749728808, -0.00019090109859732444, -0.7365082397842528], [0.004310183558378987, -0.9999906338083686, 0.00039320888881666424, 0.08906648187198216], [-0.0001892045375088925, -0.0003940280480830613, -0.9999999044717656, 0.001345589627526468], [0.0, 0.0, 0.0, 1.0]]}, "mean_rme": {"type": "float", "data": 0.0016770376472916033}, "max_rme": {"type": "float", "data": 0.005512560936423466}, "simu": {"type": "float", "data": 0.002}}, {"type": "dict", "image_number": {"type": "int", "data": 19}, "Hcamera2end": {"type": "ndarray", "data": [[0.9999896801761925, 0.004535443631706645, 0.0002632340782689727, -0.016050905991054135], [-0.0002679551656600016, 0.0010403555701665734, 0.999999422929992, 0.030751355487971428], [0.004535167157398566, -0.9999891736470707, 0.0010415601294300192, 0.03263547970006116], [0.0, 0.0, 0.0, 1.0]]}, "Hobj2base": {"type": "ndarray", "data": [[0.9999903950434511, 0.004380469170682461, -0.00014598180504845007, -0.7364614109500708], [0.004380527711744863, -0.9999903241812824, 0.0004031386627002025, 0.08904187945483144], [-0.00014421445607149991, -0.0004037742679132893, -0.9999999080842619, 0.0013023194666947433], [0.0, 0.0, 0.0, 1.0]]}, "mean_rme": {"type": "float", "data": 0.0016166445263688523}, "max_rme": {"type": "float", "data": 0.005499790353711204}, "simu": {"type": "float", "data": 0.002}}, {"type": "dict", "image_number": {"type": "int", "data": 20}, "Hcamera2end": {"type": "ndarray", "data": [[0.9999893346429196, 0.0046026655840220344, 0.0003821909636445623, -0.01630467554463197], [-0.00038662594138192405, 0.000962716023836907, 0.9999994618489744, 0.030820667004403602], [0.004602295165727965, -0.9999889442625746, 0.000964485266040982, 0.03269689565648407], [0.0, 0.0, 0.0, 1.0]]}, "Hobj2base": {"type": "ndarray", "data": [[0.9999900907911187, 0.0044505731604671615, -0.00010352832242614727, -0.7364310230419442], [0.004450628921515017, -0.9999899475185767, 0.0005447604956568082, 0.08885091120842777], [-0.00010110278526875628, -0.0005452158636572522, -0.9999998462589328, 0.001331999714739246], [0.0, 0.0, 0.0, 1.0]]}, "mean_rme": {"type": "float", "data": 0.001587427500774378}, "max_rme": {"type": "float", "data": 0.005508285831773624}, "simu": {"type": "float", "data": 0.002}}, {"type": "dict", "image_number": {"type": "int", "data": 21}, "Hcamera2end": {"type": "ndarray", "data": [[0.9999907696827756, 0.004288017734466661, 0.0002710224327804661, -0.01616488188217826], [-0.000274843575295774, 0.0008905567951397186, 0.9999995656847074, 0.030750580833903484], [0.004287774511245837, -0.9999904098602661, 0.0008917271091430923, 0.03285134416558901], [0.0, 0.0, 0.0, 1.0]]}, "Hobj2base": {"type": "ndarray", "data": [[0.9999913623522794, 0.004154746048777488, -0.00011535208063388235, -0.7364294118890934], [0.004154795163784442, -0.9999912768401873, 0.00042885974377786847, 0.08906017315969585], [-0.00011356927107330738, -0.0004293353037052303, -0.9999999013866043, 0.001345606335982442], [0.0, 0.0, 0.0, 1.0]]}, "mean_rme": {"type": "float", "data": 0.0015698267855148071}, "max_rme": {"type": "float", "data": 0.00538128960922743}, "simu": {"type": "float", "data": 0.002}}, {"type": "dict", "image_number": {"type": "int", "data": 22}, "Hcamera2end": {"type": "ndarray", "data": [[0.9999899795105935, 0.0044659935073417594, 0.0003094840789123008, -0.01630371074907242], [-0.0003131209478426378, 0.0008136708930385206, 0.9999996199474029, 0.030804665951561942], [0.004465739991842458, -0.9999896963677529, 0.0008150611357781168, 0.03254510332485921], [0.0, 0.0, 0.0, 1.0]]}, "Hobj2base": {"type": "ndarray", "data": [[0.9999906117465416, 0.00433304598193276, -3.363474276531827e-05, -0.7361834202586824], [0.0043330598016680325, -0.9999905230849828, 0.00042229489429850155, 0.08875476177775227], [-3.180460081678861e-05, -0.0004224366710388155, -0.9999999102678592, 0.0013439612887986311], [0.0, 0.0, 0.0, 1.0]]}, "mean_rme": {"type": "float", "data": 0.0015644761171592825}, "max_rme": {"type": "float", "data": 0.005717162071705445}, "simu": {"type": "float", "data": 0.002}}, {"type": "dict", "image_number": {"type": "int", "data": 23}, "Hcamera2end": {"type": "ndarray", "data": [[0.9999902511791462, 0.004403142946121027, 0.00033147980968776733, -0.01619592395204871], [-0.00033509344590719296, 0.0008199823505415926, 0.9999996076705867, 0.03029900838702002], [0.004402869411045033, -0.9999899699302693, 0.000821449821023168, 0.03252273046134308], [0.0, 0.0, 0.0, 1.0]]}, "Hobj2base": {"type": "ndarray", "data": [[0.9999908809545506, 0.004269370602875098, -0.00010238357812088935, -0.7362206126775821], [0.004269422595297805, -0.9999907543393005, 0.0005130951367118936, 0.08883440557526281], [-0.00010019203822390891, -0.0005135275765358388, -0.9999998631254823, 0.0019248884891013888], [0.0, 0.0, 0.0, 1.0]]}, "mean_rme": {"type": "float", "data": 0.0015606764256726603}, "max_rme": {"type": "float", "data": 0.005758528750378161}, "simu": {"type": "float", "data": 0.002}}, {"type": "dict", "image_number": {"type": "int", "data": 24}, "Hcamera2end": {"type": "ndarray", "data": [[0.9999926899546995, 0.003809111124304297, 0.00033273053196736105, -0.016131638205984133], [-0.0003361515137230088, 0.0008975000120781118, 0.9999995407478388, 0.029846518111205], [0.0038088107493053206, -0.9999923425537676, 0.0008987738897827668, 0.03251943775847852], [0.0, 0.0, 0.0, 1.0]]}, "Hobj2base": {"type": "ndarray", "data": [[0.9999932525955955, 0.0036730053933053167, -6.160083044058921e-05, -0.7361898492932815], [0.003673045816784862, -0.9999930302480751, 0.0006694697155582312, 0.08918468079809315], [-5.914143522218272e-05, -0.0006696914610478839, -0.9999997740077933, 0.002324940773093531], [0.0, 0.0, 0.0, 1.0]]}, "mean_rme": {"type": "float", "data": 0.001586820848032157}, "max_rme": {"type": "float", "data": 0.00558776088411686}, "simu": {"type": "float", "data": 0.002}}, {"type": "dict", "image_number": {"type": "int", "data": 25}, "Hcamera2end": {"type": "ndarray", "data": [[0.9999933483207255, 0.003629643054487091, 0.00035917349740453484, -0.01616953126931489], [-0.000362580342819197, 0.0009380027771295207, 0.9999994943430148, 0.029872206083459255], [0.0036293043133946894, -0.9999929728963537, 0.0009393125750589704, 0.032483177728890145], [0.0, 0.0, 0.0, 1.0]]}, "Hobj2base": {"type": "ndarray", "data": [[0.9999939004833182, 0.0034920412108697617, -6.814940257285523e-05, -0.7362336497606978], [0.0034920857460404597, -0.9999936817369055, 0.0006646979846146127, 0.08924510619384987], [-6.582781923194374e-05, -0.000664931913835493, -0.9999997767660991, 0.0023186300104600364], [0.0, 0.0, 0.0, 1.0]]}, "mean_rme": {"type": "float", "data": 0.0015667655636338914}, "max_rme": {"type": "float", "data": 0.005560827235493643}, "simu": {"type": "float", "data": 0.002}}, {"type": "dict", "image_number": {"type": "int", "data": 26}, "Hcamera2end": {"type": "ndarray", "data": [[0.9999933034318207, 0.00363503296183654, 0.00042382411547471307, -0.016165476397248073], [-0.0004270227036370581, 0.0008792027633893751, 0.9999995223269416, 0.02982429969967104], [0.0036346585981457116, -0.9999930067444807, 0.0008807491173512538, 0.032532129156752604], [0.0, 0.0, 0.0, 1.0]]}, "Hobj2base": {"type": "ndarray", "data": [[0.9999938597109522, 0.0035043566755168305, -4.968211801399103e-06, -0.7362308410503022], [0.003504359260627836, -0.9999936240228853, 0.000686571007647159, 0.08929778572869243], [-2.5621904303297186e-06, -0.0006865842023017552, -0.9999997642977563, 0.002270061975648733], [0.0, 0.0, 0.0, 1.0]]}, "mean_rme": {"type": "float", "data": 0.0015521994453428709}, "max_rme": {"type": "float", "data": 0.005534297770957014}, "simu": {"type": "float", "data": 0.002}}, {"type": "dict", "image_number": {"type": "int", "data": 27}, "Hcamera2end": {"type": "ndarray", "data": [[0.9999931906240668, 0.00367863769447467, 0.0002938200329003031, -0.016001636838745358], [-0.00029676610875656773, 0.0008003403296593659, 0.9999996356925501, 0.029783351566312857], [0.003678401198297561, -0.9999929135149254, 0.0008014265748352845, 0.03253925945661679], [0.0, 0.0, 0.0, 1.0]]}, "Hobj2base": {"type": "ndarray", "data": [[0.999993683469319, 0.003554263266430067, 1.5300204338530982e-05, -0.7361643570863917], [0.0035542544166894782, -0.9999935356179168, 0.0005440569090315255, 0.08936570246985195], [1.7233826918782417e-05, -0.000543999091660521, -0.999999851883981, 0.0022544138473433893], [0.0, 0.0, 0.0, 1.0]]}, "mean_rme": {"type": "float", "data": 0.0015240216659652484}, "max_rme": {"type": "float", "data": 0.005547381621777897}, "simu": {"type": "float", "data": 0.002}}, {"type": "dict", "image_number": {"type": "int", "data": 28}, "Hcamera2end": {"type": "ndarray", "data": [[0.9999930522624745, 0.0037042409287424763, 0.00041716414257753575, -0.016010060643938014], [-0.00042007102851908417, 0.0007840020310254658, 0.999999604440495, 0.02984383712641593], [0.0037039124059597157, -0.999992831944288, 0.0007855526282819492, 0.03251328602271336], [0.0, 0.0, 0.0, 1.0]]}, "Hobj2base": {"type": "ndarray", "data": [[0.9999935825277313, 0.0035825777202206765, -6.342881044680109e-06, -0.7361610144449984], [0.003582581001849285, -0.9999933846193265, 0.0006291509744546743, 0.08941767635079348], [-4.088856820370989e-06, -0.0006291696607808705, -0.9999998020643899, 0.002331814352775249], [0.0, 0.0, 0.0, 1.0]]}, "mean_rme": {"type": "float", "data": 0.0015161630515801122}, "max_rme": {"type": "float", "data": 0.005563806923919473}, "simu": {"type": "float", "data": 0.002}}, {"type": "dict", "image_number": {"type": "int", "data": 29}, "Hcamera2end": {"type": "ndarray", "data": [[0.9999938950246615, 0.00346186954448141, 0.0004747343081031991, -0.016158078431904796], [-0.0004774366925530736, 0.0007798295498732122, 0.9999995819599519, 0.02984039609404075], [0.0034614978854394995, -0.9999937036427433, 0.0007814776125784073, 0.032560781058054884], [0.0, 0.0, 0.0, 1.0]]}, "Hobj2base": {"type": "ndarray", "data": [[0.9999944039740933, 0.003345349800912003, -2.559702043009387e-05, -0.7360610586313548], [0.0033453663151594855, -0.9999941765086511, 0.0006748873989462345, 0.08935895668997611], [-2.333913694036404e-05, -0.0006749692536687813, -0.9999997719358691, 0.002379390729424479], [0.0, 0.0, 0.0, 1.0]]}, "mean_rme": {"type": "float", "data": 0.0015197409057084714}, "max_rme": {"type": "float", "data": 0.005562522262691244}, "simu": {"type": "float", "data": 0.002}}, {"type": "dict", "image_number": {"type": "int", "data": 30}, "Hcamera2end": {"type": "ndarray", "data": [[0.9999942228096373, 0.0033605631984642338, 0.0005108447303667782, -0.016262566111478784], [-0.0005133326459228586, 0.0007395060821743238, 0.9999995948100922, 0.02981489970659352], [0.0033601840640127894, -0.9999940798553475, 0.0007412268967053048, 0.03253993473148692], [0.0, 0.0, 0.0, 1.0]]}, "Hobj2base": {"type": "ndarray", "data": [[0.9999947560958843, 0.0032382427602366216, -3.955450337076669e-05, -0.7359629273367212], [0.0032382709590684285, -0.9999944867009549, 0.0007349618282857683, 0.08935962007877916], [-3.7174300475464375e-05, -0.0007350860624159779, -0.9999997291332392, 0.0023917569918667503], [0.0, 0.0, 0.0, 1.0]]}, "mean_rme": {"type": "float", "data": 0.0015097944725727614}, "max_rme": {"type": "float", "data": 0.005539772943365856}, "simu": {"type": "float", "data": 0.002}}]}