{"type": "list", "data": [{"type": "dict", "image_number": {"type": "int", "data": 5}, "Hcamera2end": {"type": "ndarray", "data": [[0.9999827724203274, 0.0008093545975533284, 0.005813760202417946, -0.01903269885317662], [-0.005813616684880887, -0.00017956330427737477, 0.9999830846659665, 0.027801697695264985], [0.0008103848450421798, -0.9999996563510187, -0.00017485493344393532, 0.03410707283769584], [0.0, 0.0, 0.0, 1.0]]}, "Hobj2base": {"type": "ndarray", "data": [[0.9999995809475964, 0.0003251708626650828, 0.0008557853361322138, -0.7363213856564021], [0.0003224496780277356, -0.9999948982508444, 0.0031779708130749516, 0.08679419582995833], [0.0008568143536409098, -0.0031776935336325475, -0.9999945840518187, 0.004263369948744211], [0.0, 0.0, 0.0, 1.0]]}, "mean_rme": {"type": "float", "data": 0.0017282754850607082}, "max_rme": {"type": "float", "data": 0.005134359834533531}, "simu": {"type": "float", "data": 0.002}}, {"type": "dict", "image_number": {"type": "int", "data": 6}, "Hcamera2end": {"type": "ndarray", "data": [[0.9999790285647474, 0.0005326453610768941, 0.006454356638999258, -0.01944894407952439], [-0.006452920994783024, -0.0026543944993167035, 0.9999756567039407, 0.028166845107435397], [0.0005497648034923615, -0.9999963352326656, -0.00265090171442095, 0.03481561553814802], [0.0, 0.0, 0.0, 1.0]]}, "Hobj2base": {"type": "ndarray", "data": [[0.9999957208107917, -0.0010436347651677652, 0.0027329812626592036, -0.7357831687236499], [-0.001054800463395244, -0.9999910906950935, 0.004087288394426769, 0.08677223152631576], [0.002728691277432141, -0.004090153654048684, -0.9999879123704438, 0.0042748810079602335], [0.0, 0.0, 0.0, 1.0]]}, "mean_rme": {"type": "float", "data": 0.0017784115148068932}, "max_rme": {"type": "float", "data": 0.0048191751302721075}, "simu": {"type": "float", "data": 0.002}}, {"type": "dict", "image_number": {"type": "int", "data": 7}, "Hcamera2end": {"type": "ndarray", "data": [[0.9999847229334867, 0.0002780409444285898, 0.005520560919969199, -0.018301356247133842], [-0.005520193540193506, -0.001305190777020293, 0.9999839118407425, 0.02807367660282496], [0.0002852418564583195, -0.9999991095847378, -0.001303635997708552, 0.03434623523654276], [0.0, 0.0, 0.0, 1.0]]}, "Hobj2base": {"type": "ndarray", "data": [[0.9999986375243938, -0.0007070848419825547, 0.0014916368131592237, -0.7360648732485898], [-0.0007116374296406771, -0.9999950840628136, 0.003053755454389134, 0.08712273003734548], [0.0014894702161734252, -0.0030548127983094937, -0.9999942247819447, 0.004908695483257374], [0.0, 0.0, 0.0, 1.0]]}, "mean_rme": {"type": "float", "data": 0.0015508379708633294}, "max_rme": {"type": "float", "data": 0.00499450664502063}, "simu": {"type": "float", "data": 0.002}}, {"type": "dict", "image_number": {"type": "int", "data": 8}, "Hcamera2end": {"type": "ndarray", "data": [[0.9999892849164153, 0.0005403091098725816, 0.004597620952422991, -0.016666835175012752], [-0.00459732963530604, -0.0005391783222401525, 0.9999892868660949, 0.02829930567502986], [0.0005427822590201616, -0.9999997086763588, -0.0005366885658162346, 0.03246635601848813], [0.0, 0.0, 0.0, 1.0]]}, "Hobj2base": {"type": "ndarray", "data": [[0.9999998548218544, 0.00012683115400370597, 0.0005237080565862579, -0.7344236532659694], [0.00012546972055056929, -0.9999966151932369, 0.00259881885056709, 0.08727160428182537], [0.0005240358951295503, -0.0025987527637718784, -0.9999964859290522, 0.004806049317744102], [0.0, 0.0, 0.0, 1.0]]}, "mean_rme": {"type": "float", "data": 0.0016667123283275588}, "max_rme": {"type": "float", "data": 0.005717825610194821}, "simu": {"type": "float", "data": 0.002}}, {"type": "dict", "image_number": {"type": "int", "data": 9}, "Hcamera2end": {"type": "ndarray", "data": [[0.9999910075880264, 0.00036840192032298966, 0.004224810422825089, -0.015847473526545957], [-0.004224636142994958, -0.0004725716863969165, 0.9999909645219102, 0.028421653479174754], [0.0003703951174217335, -0.9999998204779968, -0.0004710110727699224, 0.03258244859784357], [0.0, 0.0, 0.0, 1.0]]}, "Hobj2base": {"type": "ndarray", "data": [[0.9999998182953679, -6.234903525317853e-05, 0.000599601391852328, -0.7348372670590573], [-6.36997955425348e-05, -0.9999974599440948, 0.0022530085873720728, 0.08768863004852191], [0.000599459395919432, -0.002253046372476044, -0.999997282211545, 0.005023745996840202], [0.0, 0.0, 0.0, 1.0]]}, "mean_rme": {"type": "float", "data": 0.00168806689115511}, "max_rme": {"type": "float", "data": 0.0059370740111263365}, "simu": {"type": "float", "data": 0.002}}, {"type": "dict", "image_number": {"type": "int", "data": 10}, "Hcamera2end": {"type": "ndarray", "data": [[0.9999894492088209, 0.002196678066235111, 0.004034361970910822, -0.016253134397460723], [-0.004034174412531547, -8.980695526128457e-05, 0.9999918586526194, 0.028275811153498576], [0.002197022496080919, -0.9999975832671718, -8.094422527959999e-05, 0.03239908454427271], [0.0, 0.0, 0.0, 1.0]]}, "Hobj2base": {"type": "ndarray", "data": [[0.9999976072137048, 0.001670136666810302, 0.001412873093772944, -0.7350809439660986], [0.001666865196883655, -0.9999959346524492, 0.0023134906505363033, 0.08690972945247753], [0.0014167311955165561, -0.002311130045859957, -0.9999963257685653, 0.00467705454729106], [0.0, 0.0, 0.0, 1.0]]}, "mean_rme": {"type": "float", "data": 0.0015844860059605703}, "max_rme": {"type": "float", "data": 0.005935302353139077}, "simu": {"type": "float", "data": 0.002}}, {"type": "dict", "image_number": {"type": "int", "data": 11}, "Hcamera2end": {"type": "ndarray", "data": [[0.9999936649124562, 0.002655117468777784, 0.002370756457590659, -0.014879047472771904], [-0.002371390545928602, 0.00023569473087559079, 0.9999971604734045, 0.028801053784474923], [0.0026545511546958757, -0.9999964473932995, 0.00024198955819265677, 0.031238368017957173], [0.0, 0.0, 0.0, 1.0]]}, "Hobj2base": {"type": "ndarray", "data": [[0.9999964534940585, 0.002516289440647224, 0.0008725174819049857, -0.7340368301814142], [0.002515571462484931, -0.9999964972757991, 0.0008230044651295683, 0.08673304610972529], [0.0008745853431620973, -0.0008208066662613435, -0.9999992806881883, 0.004632370921290813], [0.0, 0.0, 0.0, 1.0]]}, "mean_rme": {"type": "float", "data": 0.0017598239139781056}, "max_rme": {"type": "float", "data": 0.006374354034271029}, "simu": {"type": "float", "data": 0.002}}, {"type": "dict", "image_number": {"type": "int", "data": 12}, "Hcamera2end": {"type": "ndarray", "data": [[0.9999965632932746, 0.0010376643959724057, 0.0024076241901960097, -0.014634939787147564], [-0.00240773242672817, 0.00010307125437891695, 0.9999970960962224, 0.031133273424357552], [0.0010374132258494902, -0.999999456314311, 0.00010556931836747108, 0.031229991192295466], [0.0, 0.0, 0.0, 1.0]]}, "Hobj2base": {"type": "ndarray", "data": [[0.9999994604313638, 0.001027589265790908, 0.00015230654004193668, -0.7338953221911843], [0.0010274625687697917, -0.9999991280316523, 0.0008296123222537852, 0.08854154048346989], [0.00015315890795257047, -0.000829455385352124, -0.9999996442729933, 0.0029685601339257683], [0.0, 0.0, 0.0, 1.0]]}, "mean_rme": {"type": "float", "data": 0.00174323377126799}, "max_rme": {"type": "float", "data": 0.00490253869448079}, "simu": {"type": "float", "data": 0.002}}, {"type": "dict", "image_number": {"type": "int", "data": 13}, "Hcamera2end": {"type": "ndarray", "data": [[0.9999982521939867, 0.0005693131219309384, 0.0017808681986005075, -0.013860704172735577], [-0.0017809037347229118, 6.191844133096591e-05, 0.9999984122727367, 0.031167035167873686], [0.0005692019494339003, -0.9999998360243244, 6.293222497466555e-05, 0.03095194105487744], [0.0, 0.0, 0.0, 1.0]]}, "Hobj2base": {"type": "ndarray", "data": [[0.9999998272171582, 0.0005719809049692337, 0.00013565949354873332, -0.7337662653418386], [0.000571945165524524, -0.9999998017647664, 0.00026334227939127575, 0.08898528077579418], [0.0001358100934115248, -0.00026326464409875565, -0.9999999561236721, 0.0032730929453771516], [0.0, 0.0, 0.0, 1.0]]}, "mean_rme": {"type": "float", "data": 0.001785735158257059}, "max_rme": {"type": "float", "data": 0.00481966245770124}, "simu": {"type": "float", "data": 0.002}}, {"type": "dict", "image_number": {"type": "int", "data": 14}, "Hcamera2end": {"type": "ndarray", "data": [[0.9999977334109521, 0.0002191307813257103, 0.0021178183725414825, -0.013454855259855725], [-0.0021178095035500615, -4.06976340960874e-05, 0.9999977566107883, 0.030975075213273875], [0.0002192164799272873, -0.9999999751627013, -4.023346460013677e-05, 0.03097003465350047], [0.0, 0.0, 0.0, 1.0]]}, "Hobj2base": {"type": "ndarray", "data": [[0.9999999842600357, 0.0001598490912607746, 7.699478245814854e-05, -0.7336208718913688], [0.00015979940307916262, -0.9999997792716631, 0.0006449192015286887, 0.08946654454072638], [7.709785521151922e-05, -0.0006449068876574064, -0.9999997890754915, 0.003817995862657083], [0.0, 0.0, 0.0, 1.0]]}, "mean_rme": {"type": "float", "data": 0.0017312533901366802}, "max_rme": {"type": "float", "data": 0.00498567950771564}, "simu": {"type": "float", "data": 0.002}}, {"type": "dict", "image_number": {"type": "int", "data": 15}, "Hcamera2end": {"type": "ndarray", "data": [[0.9999975524634812, 0.0004631590171774632, 0.0021634580587254425, -0.013484217837617402], [-0.002163499261695583, 8.847821118207477e-05, 0.9999976557185272, 0.032295109080157064], [0.00046296651250335777, -0.999999888827659, 8.948003882014444e-05, 0.0309185614543866], [0.0, 0.0, 0.0, 1.0]]}, "Hobj2base": {"type": "ndarray", "data": [[0.9999999049129753, 0.0004282536449813427, 8.229736212677388e-05, -0.7337429860887654], [0.00042818253238951825, -0.999999536655324, 0.0008621768128091304, 0.09020894705185153], [8.266655435743318e-05, -0.0008621414925343782, -0.9999996249390737, 0.002709728212909516], [0.0, 0.0, 0.0, 1.0]]}, "mean_rme": {"type": "float", "data": 0.0017845246931721922}, "max_rme": {"type": "float", "data": 0.005808562026780623}, "simu": {"type": "float", "data": 0.002}}, {"type": "dict", "image_number": {"type": "int", "data": 16}, "Hcamera2end": {"type": "ndarray", "data": [[0.999997419202536, 0.0004420004687281045, 0.002228502603343412, -0.013620223255560827], [-0.0022285431205512824, 9.119647782496187e-05, 0.9999975126362878, 0.03247077267360707], [0.000441796137723929, -0.9999998981593891, 9.218125956911294e-05, 0.030983250539883423], [0.0, 0.0, 0.0, 1.0]]}, "Hobj2base": {"type": "ndarray", "data": [[0.9999999154854731, 0.000397390363885017, 0.00010540372610475086, -0.7337374313735263], [0.0003972851760163796, -0.999999424971802, 0.0009961026827167625, 0.09043994243235104], [0.00010579950710218782, -0.000996060723193737, -0.9999994983346245, 0.0025414826267775095], [0.0, 0.0, 0.0, 1.0]]}, "mean_rme": {"type": "float", "data": 0.0017788286268542537}, "max_rme": {"type": "float", "data": 0.005407890496741674}, "simu": {"type": "float", "data": 0.002}}, {"type": "dict", "image_number": {"type": "int", "data": 17}, "Hcamera2end": {"type": "ndarray", "data": [[0.9999975590433801, 0.0007911025378001032, 0.002063023038241182, -0.013591221811191163], [-0.0020630655014249356, 5.286366241530338e-05, 0.9999978704808176, 0.03260417298776648], [0.0007909917941786249, -0.9999996856810546, 5.449562973125488e-05, 0.031124391880446224], [0.0, 0.0, 0.0, 1.0]]}, "Hobj2base": {"type": "ndarray", "data": [[0.9999997318370611, 0.0007300330329538799, 5.811692259878831e-05, -0.7337099447175335], [0.0007299794424334829, -0.9999993132511213, 0.0009168572952563637, 0.09024118964830603], [5.878621879909877e-05, -0.0009168146252304622, -0.9999995779974729, 0.002546968524870548], [0.0, 0.0, 0.0, 1.0]]}, "mean_rme": {"type": "float", "data": 0.0018001039309861518}, "max_rme": {"type": "float", "data": 0.005454775330232059}, "simu": {"type": "float", "data": 0.002}}, {"type": "dict", "image_number": {"type": "int", "data": 18}, "Hcamera2end": {"type": "ndarray", "data": [[0.9999975499155997, 0.0007980490805457769, 0.002064771285811933, -0.013488983568455626], [-0.0020647801600341604, 1.0296156311540017e-05, 0.9999978682861678, 0.032813830526045674], [0.0007980261201256069, -0.9999996815057762, 1.194392699332969e-05, 0.031013142971426554], [0.0, 0.0, 0.0, 1.0]]}, "Hobj2base": {"type": "ndarray", "data": [[0.9999997149605319, 0.0007549422398116165, 1.1877275001817007e-05, -0.7337171841684875], [0.0007549303011056691, -0.9999992397593478, 0.0009749671617876576, 0.09023411409401917], [1.2613309865092465e-05, -0.0009749579173687427, -0.9999995246488689, 0.0023330718639704797], [0.0, 0.0, 0.0, 1.0]]}, "mean_rme": {"type": "float", "data": 0.0017984442817874505}, "max_rme": {"type": "float", "data": 0.0054458077502974045}, "simu": {"type": "float", "data": 0.002}}, {"type": "dict", "image_number": {"type": "int", "data": 19}, "Hcamera2end": {"type": "ndarray", "data": [[0.9999975454455765, 0.001161023577283306, 0.0018870948770650356, -0.013440931956049333], [-0.001887144488420109, 4.163667724987885e-05, 0.9999982184744466, 0.03295227485227225], [0.0011609429365297987, -0.9999993251450924, 4.382759429522043e-05, 0.031199672829251377], [0.0, 0.0, 0.0, 1.0]]}, "Hobj2base": {"type": "ndarray", "data": [[0.9999994143131555, 0.001081946747691925, -2.765105714772068e-05, -0.7336237357636006], [0.0010819719938383405, -0.9999989822822604, 0.0009299306682439637, 0.09007047211726632], [-2.664489354466377e-05, -0.0009299600412652389, -0.9999995672320918, 0.002345850678983209], [0.0, 0.0, 0.0, 1.0]]}, "mean_rme": {"type": "float", "data": 0.00186598922644285}, "max_rme": {"type": "float", "data": 0.00546437213547632}, "simu": {"type": "float", "data": 0.002}}, {"type": "dict", "image_number": {"type": "int", "data": 20}, "Hcamera2end": {"type": "ndarray", "data": [[0.999997617835061, 0.001148116646975149, 0.0018563815254707876, -0.013348309372508638], [-0.0018564076830264713, 2.1717744395077787e-05, 0.9999982766379419, 0.033128621761376716], [0.0011480743519350115, -0.9999993406780349, 2.3849065224346155e-05, 0.031078050753000876], [0.0, 0.0, 0.0, 1.0]]}, "Hobj2base": {"type": "ndarray", "data": [[0.9999994051265595, 0.001086913838673299, -9.145946843952037e-05, -0.7336573130332901], [0.0010870084450563693, -0.9999988675781291, 0.0010407954172932065, 0.09011588933001488], [-9.032810992653423e-05, -0.00104089421536623, -0.999999454189884, 0.002168557034405763], [0.0, 0.0, 0.0, 1.0]]}, "mean_rme": {"type": "float", "data": 0.0018530709322857784}, "max_rme": {"type": "float", "data": 0.005442230493989841}, "simu": {"type": "float", "data": 0.002}}, {"type": "dict", "image_number": {"type": "int", "data": 21}, "Hcamera2end": {"type": "ndarray", "data": [[0.9999976697354385, 0.0012424360204473473, 0.0017654677646827834, -0.013321376746715989], [-0.0017655203111357986, 4.119758227483228e-05, 0.9999984406191792, 0.03311713609374286], [0.001242361350012957, -0.9999992273274486, 4.3391032302997345e-05, 0.031094922709025946], [0.0, 0.0, 0.0, 1.0]]}, "Hobj2base": {"type": "ndarray", "data": [[0.9999992927545686, 0.0011797694187812588, -0.0001504476029017334, -0.7336983014295845], [0.0011799375828771667, -0.999998673744052, 0.0011226118821065193, 0.09016621854022407], [-0.0001491229802020354, -0.001122788606925312, -0.9999993585538349, 0.002206853772997722], [0.0, 0.0, 0.0, 1.0]]}, "mean_rme": {"type": "float", "data": 0.0018125777928299773}, "max_rme": {"type": "float", "data": 0.005453679234640907}, "simu": {"type": "float", "data": 0.002}}, {"type": "dict", "image_number": {"type": "int", "data": 22}, "Hcamera2end": {"type": "ndarray", "data": [[0.9999975313021309, 0.0014043298835747754, 0.001721989321056448, -0.01325623137059187], [-0.001721995853621985, 3.4426181422242408e-06, 0.9999985173581152, 0.033304986728246014], [0.0014043218733047922, -0.9999990139223771, 5.860859880080227e-06, 0.031142599417326312], [0.0, 0.0, 0.0, 1.0]]}, "Hobj2base": {"type": "ndarray", "data": [[0.9999990821825581, 0.0013467360908626916, -0.0001481078762379731, -0.733622148190279], [0.001346892671682696, -0.9999985287629638, 0.0010622391626204193, 0.09002895485600151], [-0.00014667710251875158, -0.001062437673091912, -0.9999994248558437, 0.0020787243615066745], [0.0, 0.0, 0.0, 1.0]]}, "mean_rme": {"type": "float", "data": 0.0018253786363271857}, "max_rme": {"type": "float", "data": 0.005384282168363869}, "simu": {"type": "float", "data": 0.002}}, {"type": "dict", "image_number": {"type": "int", "data": 23}, "Hcamera2end": {"type": "ndarray", "data": [[0.999997392314532, 0.0015431455673580463, 0.0016834684119495162, -0.013217426359644308], [-0.001683490530802199, 1.303478875436248e-05, 0.9999985828438593, 0.03329506793958988], [0.001543121436824705, -0.9999988092652172, 1.5632625714023796e-05, 0.03120823254932646], [0.0, 0.0, 0.0, 1.0]]}, "Hobj2base": {"type": "ndarray", "data": [[0.9999988984644917, 0.0014746392490908346, -0.00016884575280329798, -0.7336037190665219], [0.0014748176191122318, -0.9999983493798119, 0.0010612024511220152, 0.09002597676866415], [-0.0001672805833174338, -0.0010614502988609803, -0.9999994226700684, 0.0020961578845403775], [0.0, 0.0, 0.0, 1.0]]}, "mean_rme": {"type": "float", "data": 0.0017809588946177068}, "max_rme": {"type": "float", "data": 0.005393149199042324}, "simu": {"type": "float", "data": 0.002}}, {"type": "dict", "image_number": {"type": "int", "data": 24}, "Hcamera2end": {"type": "ndarray", "data": [[0.999997432096747, 0.0015332237391330662, 0.0016688393804148776, -0.013177418432551742], [-0.0016688014994003944, -2.5985767829750372e-05, 0.9999986072121779, 0.03343353882309603], [0.001533264969750398, -0.9999988242741619, -2.3427055026115085e-05, 0.031138595032197416], [0.0, 0.0, 0.0, 1.0]]}, "Hobj2base": {"type": "ndarray", "data": [[0.9999988821074517, 0.0014826379064510696, -0.00019382643100147835, -0.7336177166590908], [0.0014828472338997394, -0.9999983126969101, 0.0010843280930860986, 0.08999248871796033], [-0.00019221843802370316, -0.0010846142959108707, -0.9999993933317664, 0.0019761243476318657], [0.0, 0.0, 0.0, 1.0]]}, "mean_rme": {"type": "float", "data": 0.0017672236901888193}, "max_rme": {"type": "float", "data": 0.005434012435247743}, "simu": {"type": "float", "data": 0.002}}, {"type": "dict", "image_number": {"type": "int", "data": 25}, "Hcamera2end": {"type": "ndarray", "data": [[0.9999972848271108, 0.0016728389423877504, 0.0016223280429589208, -0.013142295132559545], [-0.0016222736999934866, -3.384186512800369e-05, 0.9999986835405187, 0.03348660003212401], [0.0016728916427698874, -0.9999986002313207, -3.1127970621103174e-05, 0.031173941083743894], [0.0, 0.0, 0.0, 1.0]]}, "Hobj2base": {"type": "ndarray", "data": [[0.9999986846673402, 0.0016048620352652175, -0.0002346943483358902, -0.7336200564567221], [0.0016051129445686177, -0.9999981363138404, 0.0010728379565590038, 0.089950674957085], [-0.00023297215403280842, -0.001073213256356732, -0.9999993969684591, 0.0019532741874077495], [0.0, 0.0, 0.0, 1.0]]}, "mean_rme": {"type": "float", "data": 0.0017223175506436502}, "max_rme": {"type": "float", "data": 0.005515625269932017}, "simu": {"type": "float", "data": 0.002}}, {"type": "dict", "image_number": {"type": "int", "data": 26}, "Hcamera2end": {"type": "ndarray", "data": [[0.9999972319334324, 0.0017648175396080292, 0.0015561312685795192, -0.013156694066429078], [-0.0015560787005356503, -3.115938175390909e-05, 0.9999987888233517, 0.03350961498545825], [0.0017648638901904938, -0.9999984422228589, -2.84131005188204e-05, 0.031212776216497862], [0.0, 0.0, 0.0, 1.0]]}, "Hobj2base": {"type": "ndarray", "data": [[0.9999985510900193, 0.0016817306794521501, -0.00026381770953115764, -0.7336374826826814], [0.0016820097977814394, -0.9999980221695466, 0.0010613670596855028, 0.08989452080350767], [-0.00026203225419802454, -0.0010618092658324363, -0.9999994019499117, 0.0019861510005071328], [0.0, 0.0, 0.0, 1.0]]}, "mean_rme": {"type": "float", "data": 0.0016860932705580138}, "max_rme": {"type": "float", "data": 0.005536890342212747}, "simu": {"type": "float", "data": 0.002}}, {"type": "dict", "image_number": {"type": "int", "data": 27}, "Hcamera2end": {"type": "ndarray", "data": [[0.9999971018693947, 0.0018621293157786898, 0.0015260167832077097, -0.013078290519562545], [-0.0015259571896729246, -3.3423245341168695e-05, 0.9999988351680924, 0.03361733737838184], [0.0018621781511443866, -0.9999982656771449, -3.0581618858605e-05, 0.031201368235487068], [0.0, 0.0, 0.0, 1.0]]}, "Hobj2base": {"type": "ndarray", "data": [[0.9999983821308501, 0.0017716225412582358, -0.0003115914851236373, -0.7336253047225175], [0.0017719639405473571, -0.9999978263654714, 0.0010988212438427904, 0.08989943004288989], [-0.0003096441113532211, -0.0010993715949696196, -0.9999993477510976, 0.001887671385265875], [0.0, 0.0, 0.0, 1.0]]}, "mean_rme": {"type": "float", "data": 0.0016478404036540124}, "max_rme": {"type": "float", "data": 0.005647557632813133}, "simu": {"type": "float", "data": 0.002}}, {"type": "dict", "image_number": {"type": "int", "data": 28}, "Hcamera2end": {"type": "ndarray", "data": [[0.9999967894086704, 0.0020480371754660032, 0.0014922185091907356, -0.013015480233426394], [-0.0014921170828980737, -5.105072262878707e-05, 0.9999988854895963, 0.03356696974758428], [0.002048111071740478, -0.9999979014665739, -4.799464746985116e-05, 0.03130031266044395], [0.0, 0.0, 0.0, 1.0]]}, "Hobj2base": {"type": "ndarray", "data": [[0.9999980058032071, 0.001974087842589244, -0.0003022694143532255, -0.7335859525113604], [0.001974413955149515, -0.9999974650358658, 0.0010824099847189315, 0.08991399715282455], [-0.0003001318757195705, -0.0010830046311303251, -0.9999993685107131, 0.0019096582283841534], [0.0, 0.0, 0.0, 1.0]]}, "mean_rme": {"type": "float", "data": 0.001653263488216351}, "max_rme": {"type": "float", "data": 0.005649515429636182}, "simu": {"type": "float", "data": 0.002}}, {"type": "dict", "image_number": {"type": "int", "data": 29}, "Hcamera2end": {"type": "ndarray", "data": [[0.9999969007390243, 0.002011585208391638, 0.0014669823773842542, -0.0130587328005117], [-0.0014668726768610678, -5.600865319865811e-05, 0.9999989225732099, 0.03356446387891488], [0.002011665204763067, -0.9999979751919402, -5.305774023400822e-05, 0.03129909522256718], [0.0, 0.0, 0.0, 1.0]]}, "Hobj2base": {"type": "ndarray", "data": [[0.9999980633475137, 0.0019464594475461683, -0.00029085536108767383, -0.7336006496330342], [0.0019467709222377471, -0.9999975277912303, 0.0010744740127163332, 0.08987445840847458], [-0.0002887632219393049, -0.0010750381605931076, -0.9999993804541856, 0.0019457225892520785], [0.0, 0.0, 0.0, 1.0]]}, "mean_rme": {"type": "float", "data": 0.0016208313986027397}, "max_rme": {"type": "float", "data": 0.0056332695886936734}, "simu": {"type": "float", "data": 0.002}}, {"type": "dict", "image_number": {"type": "int", "data": 30}, "Hcamera2end": {"type": "ndarray", "data": [[0.9999969541291104, 0.0020484077629926603, 0.0013768653305024007, -0.013100729908916964], [-0.001376722488264885, -7.114171463951102e-05, 0.9999990497865721, 0.03368418296481065], [0.002048503769128537, -0.9999978994800405, -6.832140891854799e-05, 0.03130778223355718], [0.0, 0.0, 0.0, 1.0]]}, "Hobj2base": {"type": "ndarray", "data": [[0.9999979861612512, 0.0019842350019087587, -0.0003008070795482019, -0.7336069174521666], [0.001984549757458023, -0.9999974798345519, 0.001049707962432343, 0.08974631601473722], [-0.0002987234541837527, -0.0010503028151065325, -0.9999994038139701, 0.0019327378577222757], [0.0, 0.0, 0.0, 1.0]]}, "mean_rme": {"type": "float", "data": 0.0016302921672137238}, "max_rme": {"type": "float", "data": 0.005734845708205122}, "simu": {"type": "float", "data": 0.002}}]}