{"type": "list", "data": [{"type": "dict", "image_number": {"type": "int", "data": 5}, "Hcamera2end": {"type": "ndarray", "data": [[0.9999999815888382, 0.00018916827823214975, 3.221312948694058e-05, -0.010660913299188692], [-3.205294975815012e-05, -0.0008466998645997315, 0.9999996410359092, 0.031219755912081815], [0.00018919548517990574, -0.9999996236572798, -0.0008466937856097534, 0.028268687111959092], [0.0, 0.0, 0.0, 1.0]]}, "Hobj2base": {"type": "ndarray", "data": [[0.9999995410452035, -0.00011904320408767947, -0.0009506514072009459, -0.73087031218953], [-0.00011985694448015771, -0.9999996264740785, -0.000855970803932349, 0.09444291516638789], [-0.000950549154600897, 0.0008560843532533758, -0.9999991817876079, -0.0010728762487756782], [0.0, 0.0, 0.0, 1.0]]}, "mean_rme": {"type": "float", "data": 0.0014136306126515824}, "max_rme": {"type": "float", "data": 0.003910850558424328}, "simu": {"type": "float", "data": 0.002}}, {"type": "dict", "image_number": {"type": "int", "data": 6}, "Hcamera2end": {"type": "ndarray", "data": [[0.9999982118450432, 3.7893243547075734e-05, 0.001890732878593138, -0.011629825692494374], [-0.0018907068338730724, -0.0006759561112354984, 0.9999979841534704, 0.031416915862543957], [3.9171219604110566e-05, -0.9999997708236928, -0.0006758832575066709, 0.03117568993702968], [0.0, 0.0, 0.0, 1.0]]}, "Hobj2base": {"type": "ndarray", "data": [[0.9999994799125557, -0.0003399020711981655, -0.0009615826538238188, -0.7339103066122123], [-0.00033890230285534397, -0.9999994021018102, 0.0010396832459958968, 0.09509645540938864], [-0.0009619354693839943, -0.0010393568226939277, -0.9999989972082715, -0.0011535556911477785], [0.0, 0.0, 0.0, 1.0]]}, "mean_rme": {"type": "float", "data": 0.0014527696066677482}, "max_rme": {"type": "float", "data": 0.004564659850346819}, "simu": {"type": "float", "data": 0.002}}, {"type": "dict", "image_number": {"type": "int", "data": 7}, "Hcamera2end": {"type": "ndarray", "data": [[0.9999981555921221, 0.00048477563836982077, 0.0018584415337591148, -0.014721405072571444], [-0.0018580058230123005, -0.0008976956896697974, 0.9999978709761388, 0.03058474805516999], [0.00048644292122527804, -0.9999994795673792, -0.0008967933179937493, 0.033683052906514646], [0.0, 0.0, 0.0, 1.0]]}, "Hobj2base": {"type": "ndarray", "data": [[0.9999997231438053, 0.00015184404092466534, -0.0007284611864050124, -0.7352564060003692], [0.00015265500701034458, -0.9999993685931166, 0.0011133327522499415, 0.09117601887958728], [-0.0007282916735056096, -0.0011134436472643896, -0.9999991149168497, -0.0005583963227826187], [0.0, 0.0, 0.0, 1.0]]}, "mean_rme": {"type": "float", "data": 0.0017274624439242861}, "max_rme": {"type": "float", "data": 0.005300270018748443}, "simu": {"type": "float", "data": 0.002}}, {"type": "dict", "image_number": {"type": "int", "data": 8}, "Hcamera2end": {"type": "ndarray", "data": [[0.9999977877265607, 0.0001974396133069458, 0.002094172768308574, -0.01529089334680395], [-0.0020940708284838535, -0.0005151095582993648, 0.9999976747620509, 0.030954991540393544], [0.00019851788262254997, -0.9999998478398595, -0.0005146949662016009, 0.03352279254675096], [0.0, 0.0, 0.0, 1.0]]}, "Hobj2base": {"type": "ndarray", "data": [[0.9999997049830684, 8.536480166130142e-05, -0.0007633784295037599, -0.7355569052962163], [8.651703087906059e-05, -0.9999988569981526, 0.001509475800416945, 0.09092708772361877], [-0.0007632487008584895, -0.001509541400331184, -0.9999985693670677, -0.0005549210292998263], [0.0, 0.0, 0.0, 1.0]]}, "mean_rme": {"type": "float", "data": 0.001720181108615192}, "max_rme": {"type": "float", "data": 0.005429820917270289}, "simu": {"type": "float", "data": 0.002}}, {"type": "dict", "image_number": {"type": "int", "data": 9}, "Hcamera2end": {"type": "ndarray", "data": [[0.9999989311496449, 0.0004397101950265061, 0.0013944011302912734, -0.015312447891978793], [-0.0013940537773681346, -0.0007892782628937667, 0.9999987168261214, 0.03085628535400173], [0.0004408102013037632, -0.9999995918473007, -0.0007886644396151166, 0.03362363905922982], [0.0, 0.0, 0.0, 1.0]]}, "Hobj2base": {"type": "ndarray", "data": [[0.9999999603413051, 0.0002717351347453417, -7.400949015413001e-05, -0.7352593752055202], [0.00027181855142217014, -0.9999993252401458, 0.0011294396522029406, 0.09058122221503208], [-7.370253177941913e-05, -0.0011294597245632431, -0.9999993594441283, -0.0006721905280597795], [0.0, 0.0, 0.0, 1.0]]}, "mean_rme": {"type": "float", "data": 0.001649097400423676}, "max_rme": {"type": "float", "data": 0.00539313959940213}, "simu": {"type": "float", "data": 0.002}}, {"type": "dict", "image_number": {"type": "int", "data": 10}, "Hcamera2end": {"type": "ndarray", "data": [[0.9999991314440104, 0.0006138314918324645, 0.0011663284804977704, -0.015686982682939173], [-0.0011660837757514566, -0.00039885836011910314, 0.9999992405800299, 0.030905685261303047], [0.0006142962255416631, -0.9999997320614181, -0.0003981422347447694, 0.03353088033673694], [0.0, 0.0, 0.0, 1.0]]}, "Hobj2base": {"type": "ndarray", "data": [[0.9999997765246084, 0.0004757164550358182, -0.000469728206213092, -0.7355636764547422], [0.0004762040196889066, -0.9999993474710005, 0.0010384061368667588, 0.09012100144699842], [-0.00046923391281549783, -0.0010386295912685004, -0.9999993505338429, -0.0008890372751823139], [0.0, 0.0, 0.0, 1.0]]}, "mean_rme": {"type": "float", "data": 0.001587564710869806}, "max_rme": {"type": "float", "data": 0.0051331252091811885}, "simu": {"type": "float", "data": 0.002}}, {"type": "dict", "image_number": {"type": "int", "data": 11}, "Hcamera2end": {"type": "ndarray", "data": [[0.9999992818294731, -1.3833519849962219e-05, 0.0011983944141820526, -0.015249872375940011], [-0.001198402843099691, -0.0006262932623228856, 0.9999990857932697, 0.03085187020467053], [-1.3082960856057894e-05, -0.9999998037826723, -0.0006263093906668793, 0.033531600813493774], [0.0, 0.0, 0.0, 1.0]]}, "Hobj2base": {"type": "ndarray", "data": [[0.9999999403240789, -9.045093887362945e-05, -0.00033342235432061375, -0.7350224842485396], [-9.015437362764708e-05, -0.9999996004501248, 0.0008893659423962457, 0.09043232099145929], [-0.0003335026650862457, -0.0008893358298390068, -0.9999995489287754, -0.0008795711137135367], [0.0, 0.0, 0.0, 1.0]]}, "mean_rme": {"type": "float", "data": 0.0016593815634216268}, "max_rme": {"type": "float", "data": 0.005164613251079864}, "simu": {"type": "float", "data": 0.002}}, {"type": "dict", "image_number": {"type": "int", "data": 12}, "Hcamera2end": {"type": "ndarray", "data": [[0.9999995504489331, -2.2714563461137245e-05, 0.0009479377513408741, -0.015288033036206445], [-0.0009479502324442409, -0.0005559138283173226, 0.9999993961749036, 0.03079738995340943], [-2.218757804115922e-05, -0.9999998452219199, -0.0005559351106814159, 0.033456723052250475], [0.0, 0.0, 0.0, 1.0]]}, "Hobj2base": {"type": "ndarray", "data": [[0.9999999722232111, -9.135239281717038e-05, -0.0002172747508659348, -0.7348714078292008], [-9.12057640760909e-05, -0.99999976818465, 0.000674768223235893, 0.09033329968362626], [-0.00021733634219010193, -0.0006747483877833312, -0.9999997487397323, -0.0008005196996758076], [0.0, 0.0, 0.0, 1.0]]}, "mean_rme": {"type": "float", "data": 0.0015867446907925065}, "max_rme": {"type": "float", "data": 0.005194535777681253}, "simu": {"type": "float", "data": 0.002}}, {"type": "dict", "image_number": {"type": "int", "data": 13}, "Hcamera2end": {"type": "ndarray", "data": [[0.9999997425235408, -0.0001659597021459504, 0.000698147713143479, -0.015270706157447918], [-0.0006982293140645013, -0.0004921428010340456, 0.9999996351355775, 0.03069276834484632], [-0.0001656160532220775, -0.9999998651264113, -0.0004922585522479928, 0.03315740603844582], [0.0, 0.0, 0.0, 1.0]]}, "Hobj2base": {"type": "ndarray", "data": [[0.9999999603852793, -0.00022645265498009033, -0.00016717845239657612, -0.7345391829382952], [-0.00022638338083265814, -0.9999998885633212, 0.00041427516179295677, 0.09035038643363894], [-0.00016727224747704498, -0.000414237298958306, -0.9999999002137225, -0.000778379546211909], [0.0, 0.0, 0.0, 1.0]]}, "mean_rme": {"type": "float", "data": 0.0015027983116320967}, "max_rme": {"type": "float", "data": 0.005054362733819429}, "simu": {"type": "float", "data": 0.002}}, {"type": "dict", "image_number": {"type": "int", "data": 14}, "Hcamera2end": {"type": "ndarray", "data": [[0.9999994458700537, -0.0008683884382399251, 0.0005951143635385876, -0.015778638084417842], [-0.0005955292261786414, -0.0004775582133980105, 0.9999997086415043, 0.030642630614629306], [-0.000868103983475357, -0.9999995089197159, -0.0004780750994632932, 0.03321113011974705], [0.0, 0.0, 0.0, 1.0]]}, "Hobj2base": {"type": "ndarray", "data": [[0.9999996091270889, -0.0008761264134481307, -0.00011894611036813718, -0.7341927232490585], [-0.0008760893041957709, -0.9999995676620228, 0.00031167819696297807, 0.08994620454019321], [-0.00011921912844407158, -0.00031157386772134464, -0.9999999443542604, -0.0005899523767422334], [0.0, 0.0, 0.0, 1.0]]}, "mean_rme": {"type": "float", "data": 0.0015422903472522484}, "max_rme": {"type": "float", "data": 0.005231540876405649}, "simu": {"type": "float", "data": 0.002}}, {"type": "dict", "image_number": {"type": "int", "data": 15}, "Hcamera2end": {"type": "ndarray", "data": [[0.9999992985379542, -0.0010765480939611185, 0.0004939309678627169, -0.015893392732297257], [-0.0004944667563056277, -0.0004974818122023272, 0.9999997540072063, 0.03073619045932134], [-0.00107630210746505, -0.9999992967777764, -0.0004980137804817542, 0.03351615379546964], [0.0, 0.0, 0.0, 1.0]]}, "Hobj2base": {"type": "ndarray", "data": [[0.999999405894637, -0.00107606970065961, -0.0001740240568802044, -0.7345066069045695], [-0.0010760328846441567, -0.9999993987076701, 0.00021151248030336822, 0.08998266449572268], [-0.0001742515544122396, -0.00021132509903474704, -0.9999999624890483, -0.0007459891751047332], [0.0, 0.0, 0.0, 1.0]]}, "mean_rme": {"type": "float", "data": 0.0015245183657747773}, "max_rme": {"type": "float", "data": 0.005293040845182118}, "simu": {"type": "float", "data": 0.002}}, {"type": "dict", "image_number": {"type": "int", "data": 16}, "Hcamera2end": {"type": "ndarray", "data": [[0.999999726935069, -0.00041749736418971497, 0.000609775153984878, -0.015553505870957645], [-0.0006099778334761193, -0.0004855078210439512, 0.9999996961045533, 0.030815269675916013], [-0.00041720118670782907, -0.9999997949890326, -0.00048576235260644474, 0.03365283527080344], [0.0, 0.0, 0.0, 1.0]]}, "Hobj2base": {"type": "ndarray", "data": [[0.9999999011304945, -0.0004283615582633393, -0.00011935399704249091, -0.7349643862049532], [-0.00042832418728864396, -0.9999998592971409, 0.0003129602034748395, 0.08999186334263039], [-0.00011948804036947716, -0.0003129090503288361, -0.9999999439052656, -0.0005382567291636262], [0.0, 0.0, 0.0, 1.0]]}, "mean_rme": {"type": "float", "data": 0.0016913106907003508}, "max_rme": {"type": "float", "data": 0.005598559213912724}, "simu": {"type": "float", "data": 0.002}}, {"type": "dict", "image_number": {"type": "int", "data": 17}, "Hcamera2end": {"type": "ndarray", "data": [[0.9999998433566349, -0.0004559328764792175, 0.00032467201549484176, -0.015452731898442899], [-0.000324894709385998, -0.0004884466021646272, 0.999999827931658, 0.03065989732047171], [-0.00045577421308481687, -0.9999997767725399, -0.0004885946558321752, 0.03364635031217208], [0.0, 0.0, 0.0, 1.0]]}, "Hobj2base": {"type": "ndarray", "data": [[0.999999875169238, -0.0004719815187453763, -0.0001639968118934189, -0.7349469614398944], [-0.0004719155780035665, -0.9999998078893044, 0.0004018918290668042, 0.089932000667723], [-0.00016418646590373153, -0.00040181438624806544, -0.9999999057939977, -0.0005549601513127986], [0.0, 0.0, 0.0, 1.0]]}, "mean_rme": {"type": "float", "data": 0.001639011567227127}, "max_rme": {"type": "float", "data": 0.005420429765161994}, "simu": {"type": "float", "data": 0.002}}, {"type": "dict", "image_number": {"type": "int", "data": 18}, "Hcamera2end": {"type": "ndarray", "data": [[0.9999999227288445, -0.00029809012753205305, 0.00025629003269107744, -0.015389896107745807], [-0.0002563961032126305, -0.0003558499619893407, 0.9999999038159166, 0.031174524716553426], [-0.000297998898062136, -0.9999998922565343, -0.0003559263636394583, 0.03371954128809143], [0.0, 0.0, 0.0, 1.0]]}, "Hobj2base": {"type": "ndarray", "data": [[0.9999999526446651, -0.0002442347714930036, -0.00018724327445859468, -0.7349205669207453], [-0.00024412565462804926, -0.99999980051553, 0.0005825560617753116, 0.09015105851206644], [-0.00018738551755309886, -0.0005825103233012222, -0.999999812784178, -0.0009700029121727146], [0.0, 0.0, 0.0, 1.0]]}, "mean_rme": {"type": "float", "data": 0.0017029122101393348}, "max_rme": {"type": "float", "data": 0.005448220841033802}, "simu": {"type": "float", "data": 0.002}}, {"type": "dict", "image_number": {"type": "int", "data": 19}, "Hcamera2end": {"type": "ndarray", "data": [[0.999999906570012, -0.00034215748844678237, 0.0002641746017696185, -0.015411241300465698], [-0.00026429202257027487, -0.00034317790555293826, 0.9999999061893214, 0.03121504846445787], [-0.0003420667974622206, -0.9999998825785821, -0.0003432683029844785, 0.03351254047600838], [0.0, 0.0, 0.0, 1.0]]}, "Hobj2base": {"type": "ndarray", "data": [[0.9999999467407733, -0.0002820940673718307, -0.00016413831858335884, -0.7347850279442485], [-0.00028200101840838624, -0.9999997996967602, 0.0005666408614859369, 0.0899851419987598], [-0.00016429813173127742, -0.0005665945441340824, -0.9999998259883585, -0.0010598757782202043], [0.0, 0.0, 0.0, 1.0]]}, "mean_rme": {"type": "float", "data": 0.0016922456692089383}, "max_rme": {"type": "float", "data": 0.0053265792108817545}, "simu": {"type": "float", "data": 0.002}}, {"type": "dict", "image_number": {"type": "int", "data": 20}, "Hcamera2end": {"type": "ndarray", "data": [[0.9999999489671177, -0.00027357639225785867, 0.00016499005899032253, -0.015362324768852206], [-0.00016508121524733393, -0.0003332131085271861, 0.9999999308586061, 0.031108275458402723], [-0.0002735213964919733, -0.9999999070624868, -0.00033325825384578067, 0.03347084484528317], [0.0, 0.0, 0.0, 1.0]]}, "Hobj2base": {"type": "ndarray", "data": [[0.999999963949945, -0.00020326721796110224, -0.00017544955645877619, -0.7348228547072002], [-0.00020316657802973664, -0.999999814945439, 0.0005734391242520572, 0.08992377812119268], [-0.0001755660853664923, -0.0005734034580935426, -0.9999998201924958, -0.001178661382121704], [0.0, 0.0, 0.0, 1.0]]}, "mean_rme": {"type": "float", "data": 0.0017042410679445053}, "max_rme": {"type": "float", "data": 0.0050914056308739575}, "simu": {"type": "float", "data": 0.002}}, {"type": "dict", "image_number": {"type": "int", "data": 21}, "Hcamera2end": {"type": "ndarray", "data": [[0.9999999030363523, -5.526197447298437e-05, 0.00043689060429374476, -0.015458454705226917], [-0.00043690417764267385, -0.00024584510454839226, 0.9999998743374537, 0.03129766468117305], [-5.5154560112335006e-05, -0.9999999682531485, -0.00024586922489788776, 0.03344874801989114], [0.0, 0.0, 0.0, 1.0]]}, "Hobj2base": {"type": "ndarray", "data": [[0.9999999784951734, 6.943677309841047e-06, -0.0002072714114181934, -0.7349304888392636], [7.110906360354055e-06, -0.999999674493705, 0.0008068221114559257, 0.08992696119437735], [-0.00020726574163765576, -0.0008068235679929538, -0.9999996530382611, -0.0010229505635669617], [0.0, 0.0, 0.0, 1.0]]}, "mean_rme": {"type": "float", "data": 0.0017485108381129703}, "max_rme": {"type": "float", "data": 0.005985252669775953}, "simu": {"type": "float", "data": 0.002}}, {"type": "dict", "image_number": {"type": "int", "data": 22}, "Hcamera2end": {"type": "ndarray", "data": [[0.9999986555120186, 0.001459242324378933, 0.0007480548066941567, -0.015220231051683769], [-0.000747666994932933, -0.00026628982593224215, 0.9999996850418469, 0.031073265370249722], [0.0014594410641629283, -0.9999988998501783, -0.000265198440585257, 0.03339150004855869], [0.0, 0.0, 0.0, 1.0]]}, "Hobj2base": {"type": "ndarray", "data": [[0.9999988818497986, 0.0014953760603882333, -1.2230726665148005e-05, -0.7350910836033532], [0.0014953883471343773, -0.9999983038231832, 0.001075250876617063, 0.08999963375471304], [-1.0622801499868366e-05, -0.0010752679640112107, -0.9999994218428137, -0.0006047363649020425], [0.0, 0.0, 0.0, 1.0]]}, "mean_rme": {"type": "float", "data": 0.0017658483515626518}, "max_rme": {"type": "float", "data": 0.005723143502400163}, "simu": {"type": "float", "data": 0.002}}, {"type": "dict", "image_number": {"type": "int", "data": 23}, "Hcamera2end": {"type": "ndarray", "data": [[0.9999966669249999, 0.0025005261845552525, 0.0006430456368857991, -0.015324897587531704], [-0.0006425114143150754, -0.00021444150280380825, 0.9999997705969359, 0.03123374006733206], [0.002500663506599629, -0.9999968506868622, -0.0002128341714389137, 0.03331020922440732], [0.0, 0.0, 0.0, 1.0]]}, "Hobj2base": {"type": "ndarray", "data": [[0.9999967660667406, 0.0025431605776343605, 1.3796263421459982e-05, -0.735296766569445], [0.002543145068068995, -0.999996238840158, 0.001026994985236843, 0.08971683451815787], [1.6408024691390557e-05, -0.001026956578104325, -0.999999472545342, -0.0008426956370431931], [0.0, 0.0, 0.0, 1.0]]}, "mean_rme": {"type": "float", "data": 0.0017611317644631607}, "max_rme": {"type": "float", "data": 0.005791373216182227}, "simu": {"type": "float", "data": 0.002}}, {"type": "dict", "image_number": {"type": "int", "data": 24}, "Hcamera2end": {"type": "ndarray", "data": [[0.9999985977176254, 0.001558194751203815, 0.0006136708401494461, -0.015146305789498372], [-0.0006135602826704591, -7.142931782921913e-05, 0.9999998092207977, 0.03200450765154034], [0.0015582382880221471, -0.9999987834627447, -7.047317125308261e-05, 0.0332923349887395], [0.0, 0.0, 0.0, 1.0]]}, "Hobj2base": {"type": "ndarray", "data": [[0.9999987845511005, 0.0015571108563437552, 7.938578443602003e-05, -0.7351535700628543], [0.0015570185726079316, -0.9999981270840463, 0.0011495745141075848, 0.08998651332698869], [8.117565070921091e-05, -0.001149449511717739, -0.9999993360879462, -0.0016595906775897853], [0.0, 0.0, 0.0, 1.0]]}, "mean_rme": {"type": "float", "data": 0.0017303292563646431}, "max_rme": {"type": "float", "data": 0.005785607937880077}, "simu": {"type": "float", "data": 0.002}}, {"type": "dict", "image_number": {"type": "int", "data": 25}, "Hcamera2end": {"type": "ndarray", "data": [[0.9999996332537491, 0.0007452979047155182, 0.0004219281936072841, -0.015318224835872446], [-0.0004219391043740612, 1.4482296087470203e-05, 0.9999999108788236, 0.0323811603186261], [0.0007452917278046648, -0.9999997221606094, 1.4796761106605771e-05, 0.03329136701576932], [0.0, 0.0, 0.0, 1.0]]}, "Hobj2base": {"type": "ndarray", "data": [[0.9999997312281554, 0.0007105636849782468, 0.0001806733698488526, -0.73500750205015], [0.0007103649227410206, -0.9999991450930323, 0.0010978136824330406, 0.08987662277965755], [0.00018145328192553897, -0.0010976850433472183, -0.9999993810809347, -0.001895164966233447], [0.0, 0.0, 0.0, 1.0]]}, "mean_rme": {"type": "float", "data": 0.0017285877211225666}, "max_rme": {"type": "float", "data": 0.005636828590197762}, "simu": {"type": "float", "data": 0.002}}, {"type": "dict", "image_number": {"type": "int", "data": 26}, "Hcamera2end": {"type": "ndarray", "data": [[0.9999994079963749, 0.001006340023149775, 0.00041386792276399195, -0.015276786742197537], [-0.00041398629909416185, 0.0001174250896411877, 0.999999907413342, 0.031909032190179897], [0.0010062913314981851, -0.9999994867454215, 0.0001178416311069519, 0.0333521913514438], [0.0, 0.0, 0.0, 1.0]]}, "Hobj2base": {"type": "ndarray", "data": [[0.9999995793536453, 0.0009117702561935387, 9.983753053939802e-05, -0.7350240643549057], [0.0009116520286334676, -0.9999988907087047, 0.001177909987655246, 0.09001499675295266], [0.00010091140308171179, -0.0011778184750844535, -0.9999993012800203, -0.0014568002185059352], [0.0, 0.0, 0.0, 1.0]]}, "mean_rme": {"type": "float", "data": 0.0017562510847779732}, "max_rme": {"type": "float", "data": 0.005700451835530307}, "simu": {"type": "float", "data": 0.002}}, {"type": "dict", "image_number": {"type": "int", "data": 27}, "Hcamera2end": {"type": "ndarray", "data": [[0.9999995478636983, 0.0008691245713811013, 0.00038586899125158216, -0.015463004581705497], [-0.00038599047187003275, 0.00013961014068220035, 0.9999999157601788, 0.03161042939910915], [0.000869070626942049, -0.9999996125656693, 0.00013994555136276343, 0.03335642286664787], [0.0, 0.0, 0.0, 1.0]]}, "Hobj2base": {"type": "ndarray", "data": [[0.9999997056157737, 0.0007593178183757062, 0.00011047541230946023, -0.7350089826506669], [0.0007592046675017497, -0.9999991909102388, 0.0010206797440794133, 0.08982990130394913], [0.00011125034324146995, -0.0010205955701587269, -0.9999994730038824, -0.001080067110710543], [0.0, 0.0, 0.0, 1.0]]}, "mean_rme": {"type": "float", "data": 0.0017339249533159433}, "max_rme": {"type": "float", "data": 0.005589787233414856}, "simu": {"type": "float", "data": 0.002}}, {"type": "dict", "image_number": {"type": "int", "data": 28}, "Hcamera2end": {"type": "ndarray", "data": [[0.999999503404244, 0.0009280292516378268, 0.00036325331857907345, -0.01554430641919257], [-0.000363412455264459, 0.00017131521851032616, 0.9999999192912383, 0.03143080328824207], [0.0009279669459160882, -0.9999995547063028, 0.00017165239082472805, 0.03338509457242943], [0.0, 0.0, 0.0, 1.0]]}, "Hobj2base": {"type": "ndarray", "data": [[0.9999996779023507, 0.0007971955037996739, 9.31371229785706e-05, -0.7350110512047486], [0.0007971047503518232, -0.9999992114599816, 0.00097041405155628, 0.08974998003776667], [9.391065925494664e-05, -0.0009703394989450348, -0.9999995248109093, -0.0008627522041584008], [0.0, 0.0, 0.0, 1.0]]}, "mean_rme": {"type": "float", "data": 0.0017046497620702115}, "max_rme": {"type": "float", "data": 0.005548022924924012}, "simu": {"type": "float", "data": 0.002}}, {"type": "dict", "image_number": {"type": "int", "data": 29}, "Hcamera2end": {"type": "ndarray", "data": [[0.9999994077165311, 0.0010226025973384734, 0.0003726265087498486, -0.01557016015244038], [-0.0003728691451016896, 0.0002370929673722877, 0.9999999023777578, 0.031567416486186016], [0.0010225141503850343, -0.9999994490352745, 0.0002374741239022926, 0.033477090661111424], [0.0, 0.0, 0.0, 1.0]]}, "Hobj2base": {"type": "ndarray", "data": [[0.9999996185688089, 0.0008683604915110094, 9.387381637118948e-05, -0.7349529222918458], [0.0008682725043454342, -0.9999991875227185, 0.0009333042163022746, 0.08965742544681352], [9.468418460884395e-05, -0.0009332223522573027, -0.9999995600653762, -0.0009881027553763134], [0.0, 0.0, 0.0, 1.0]]}, "mean_rme": {"type": "float", "data": 0.0017256474076240756}, "max_rme": {"type": "float", "data": 0.005518206088239497}, "simu": {"type": "float", "data": 0.002}}, {"type": "dict", "image_number": {"type": "int", "data": 30}, "Hcamera2end": {"type": "ndarray", "data": [[0.999999387271449, 0.00106082257240364, 0.0003164051143190795, -0.015607565322715941], [-0.00031670507488141343, 0.0002826061765530685, 0.9999999099158182, 0.03140438873936083], [0.001060733058800707, -0.9999993973944278, 0.0002829419712844228, 0.03348656003205258], [0.0, 0.0, 0.0, 1.0]]}, "Hobj2base": {"type": "ndarray", "data": [[0.9999996189333006, 0.000871197833175118, 5.6103377705489296e-05, -0.73497427125594], [0.0008711435657765882, -0.9999991596175271, 0.0009601422435922004, 0.08967231229844552], [5.69398043993514e-05, -0.0009600930036174583, -0.9999995374895347, -0.0007918424153538143], [0.0, 0.0, 0.0, 1.0]]}, "mean_rme": {"type": "float", "data": 0.001716245317421161}, "max_rme": {"type": "float", "data": 0.0055456123374625355}, "simu": {"type": "float", "data": 0.002}}]}