{"type": "list", "data": [{"type": "dict", "image_number": {"type": "int", "data": 5}, "Hcamera2end": {"type": "ndarray", "data": [[0.9999910015540617, -0.004183128802979404, 0.0007058642378556944, -0.011978189897623136], [-0.0007045493754628451, 0.00031579038488660505, 0.9999997019432605, 0.032980933524656836], [-0.004183350461309023, -0.9999912008162122, 0.0003128403224782472, 0.03567180158991837], [0.0, 0.0, 0.0, 1.0]]}, "Hobj2base": {"type": "ndarray", "data": [[0.9999929331307551, -0.003092075180847953, 0.0021384011843333882, -0.7380314817256544], [-0.003091079413078938, -0.9999951127114912, -0.0004688082698880349, 0.0936566160881431], [0.0021398403237657504, 0.0004621949890034941, -0.9999976037267195, 0.0020013868145287495], [0.0, 0.0, 0.0, 1.0]]}, "mean_rme": {"type": "float", "data": 0.0017879760478667903}, "max_rme": {"type": "float", "data": 0.004264327018822012}, "simu": {"type": "float", "data": 0.002}}, {"type": "dict", "image_number": {"type": "int", "data": 6}, "Hcamera2end": {"type": "ndarray", "data": [[0.9999938604144072, -0.0034949646130882123, -0.0002536845369128856, -0.01286583807374478], [0.0002507692049827765, -0.0008345650242580493, 0.999999620307941, 0.03348316734968215], [-0.003495175002319605, -0.999993544340949, -0.000833683470877089, 0.03524908128932674], [0.0, 0.0, 0.0, 1.0]]}, "Hobj2base": {"type": "ndarray", "data": [[0.9999917744840261, -0.0025823620845938236, 0.003127678108877111, -0.7374886978320135], [-0.0025795003308515555, -0.9999962511086984, -0.0009186656582508532, 0.09271410270776298], [0.0031300387109161405, 0.0009105902550351608, -0.9999946868274128, 0.0010672015789855809], [0.0, 0.0, 0.0, 1.0]]}, "mean_rme": {"type": "float", "data": 0.001891579530640261}, "max_rme": {"type": "float", "data": 0.004551293676964108}, "simu": {"type": "float", "data": 0.002}}, {"type": "dict", "image_number": {"type": "int", "data": 7}, "Hcamera2end": {"type": "ndarray", "data": [[0.9999925240401545, -0.003515980120773014, -0.001609269272490933, -0.01390911405165475], [0.0016071988884009143, -0.0005915958902753538, 0.9999985334619425, 0.03438789158317655], [-0.0035169270015423097, -0.9999936439288467, -0.0005859405881865065, 0.034207734423178336], [0.0, 0.0, 0.0, 1.0]]}, "Hobj2base": {"type": "ndarray", "data": [[0.9999928468852936, -0.0026638516731877734, 0.00268515781830334, -0.7366619602856493], [-0.0026579102072078827, -0.9999940171693062, -0.0022138516039565525, 0.09049026308062705], [0.0026910391257581154, 0.002206698859648854, -0.9999939443759482, 0.0015810449956454864], [0.0, 0.0, 0.0, 1.0]]}, "mean_rme": {"type": "float", "data": 0.0019708730709768504}, "max_rme": {"type": "float", "data": 0.006363228801604337}, "simu": {"type": "float", "data": 0.002}}, {"type": "dict", "image_number": {"type": "int", "data": 8}, "Hcamera2end": {"type": "ndarray", "data": [[0.9999947293502461, -0.0031109480784651034, -0.0009291252774413644, -0.01466049568556517], [0.0009277115376168216, -0.00045585238622880553, 0.9999994657748097, 0.034303404267292295], [-0.003111369960493102, -0.9999950570881113, -0.0004529639211652281, 0.034490874712410885], [0.0, 0.0, 0.0, 1.0]]}, "Hobj2base": {"type": "ndarray", "data": [[0.9999942645239608, -0.0024489141722236585, 0.0023396022225752465, -0.7369093517747745], [-0.0024453013623268135, -0.9999958154730944, -0.001545812908739796, 0.09004787700996121], [0.002343377995586616, 0.0015400830102647305, -0.9999960683542168, 0.0017665200696157096], [0.0, 0.0, 0.0, 1.0]]}, "mean_rme": {"type": "float", "data": 0.0017844484573201953}, "max_rme": {"type": "float", "data": 0.006360514184942878}, "simu": {"type": "float", "data": 0.002}}, {"type": "dict", "image_number": {"type": "int", "data": 9}, "Hcamera2end": {"type": "ndarray", "data": [[0.9999936784375114, -0.0032074775799113896, -0.0015346571569554743, -0.014254945932701778], [0.0015345576690394317, -3.3478301110001496e-05, 0.9999988220052881, 0.03435857980670923], [-0.003207525179234163, -0.9999948554701558, -2.8556030156501322e-05, 0.03416681447714285], [0.0, 0.0, 0.0, 1.0]]}, "Hobj2base": {"type": "ndarray", "data": [[0.9999947505034726, -0.002648730394685569, 0.0018663313729665551, -0.7367925548159409], [-0.0026448039418231874, -0.9999942908248798, -0.002103171356745573, 0.09012453361782], [0.001871891451651758, 0.002098224235582869, -0.9999960467309115, 0.0019731496092299083], [0.0, 0.0, 0.0, 1.0]]}, "mean_rme": {"type": "float", "data": 0.00165065882219727}, "max_rme": {"type": "float", "data": 0.006148805696666981}, "simu": {"type": "float", "data": 0.002}}, {"type": "dict", "image_number": {"type": "int", "data": 10}, "Hcamera2end": {"type": "ndarray", "data": [[0.9999968980078845, -0.002486051705580355, 0.0001533672903267305, -0.015284115712591213], [-0.00015274688581536707, 0.0002497420941035555, 0.9999999571486367, 0.034130044749316905], [-0.0024860899013179035, -0.9999968785830302, 0.0002493615827495743, 0.034958453384010615], [0.0, 0.0, 0.0, 1.0]]}, "Hobj2base": {"type": "ndarray", "data": [[0.9999972727030959, -0.0020922569517663474, 0.0010378088541565648, -0.7376850951329025], [-0.002091712818055294, -0.9999976744911974, -0.0005251187333817722, 0.08971123556532451], [0.00103890512404336, 0.0005229465031441457, -0.9999993236013203, 0.0020720307189521004], [0.0, 0.0, 0.0, 1.0]]}, "mean_rme": {"type": "float", "data": 0.0017332351136839052}, "max_rme": {"type": "float", "data": 0.0065479313309801945}, "simu": {"type": "float", "data": 0.002}}, {"type": "dict", "image_number": {"type": "int", "data": 11}, "Hcamera2end": {"type": "ndarray", "data": [[0.9999982855479743, -0.0018327240049466537, -0.00026462016884254793, -0.01488365745582737], [0.00026448367389838125, -7.471850338358621e-05, 0.999999962232765, 0.034255141435886476], [-0.0018327437077527169, -0.9999983177685184, -7.423364970415847e-05, 0.03481621686828663], [0.0, 0.0, 0.0, 1.0]]}, "Hobj2base": {"type": "ndarray", "data": [[0.9999983442776131, -0.0014489052396063952, 0.0011009612340584212, -0.7371955702677352], [-0.0014477709795719677, -0.9999984211732502, -0.001030344698620641, 0.08949033835337267], [0.0011024523676638064, 0.0010287490529315537, -0.9999988631364356, 0.0020695102389498565], [0.0, 0.0, 0.0, 1.0]]}, "mean_rme": {"type": "float", "data": 0.0017404759396529687}, "max_rme": {"type": "float", "data": 0.006255950827545598}, "simu": {"type": "float", "data": 0.002}}, {"type": "dict", "image_number": {"type": "int", "data": 12}, "Hcamera2end": {"type": "ndarray", "data": [[0.9999987382748898, -0.0015857184010407434, -9.458213888617097e-05, -0.014325655675308972], [9.463355692431396e-05, 3.235070589013844e-05, 0.9999999949989611, 0.034156364057460135], [-0.001585715333311546, -0.9999987422245014, 3.2500727245032834e-05, 0.03430727107417568], [0.0, 0.0, 0.0, 1.0]]}, "Hobj2base": {"type": "ndarray", "data": [[0.9999987930228499, -0.0012411196183988115, 0.0009346523077343586, -0.7366435694933903], [-0.0012403170546685547, -0.9999988620658715, -0.0008587668864536251, 0.08996735511615826], [0.0009357170765920085, 0.0008576065847441475, -0.9999991944719244, 0.0019071613673826056], [0.0, 0.0, 0.0, 1.0]]}, "mean_rme": {"type": "float", "data": 0.0017652331269632992}, "max_rme": {"type": "float", "data": 0.006573183890424161}, "simu": {"type": "float", "data": 0.002}}, {"type": "dict", "image_number": {"type": "int", "data": 13}, "Hcamera2end": {"type": "ndarray", "data": [[0.9999991080605588, 0.001327477918267313, 0.0001472428720429408, -0.014869057919104974], [-0.0001472271472354468, -1.194333906995304e-05, 0.9999999890907618, 0.03396246206520704], [0.0013274796623570864, -0.9999991188294783, -1.1747887630253473e-05, 0.03447829656608618], [0.0, 0.0, 0.0, 1.0]]}, "Hobj2base": {"type": "ndarray", "data": [[0.999998710251476, 0.0015464363453837095, 0.0004336242776473128, -0.7366064576027795], [0.0015467665885002145, -0.9999985132125242, -0.0007622898804566044, 0.0889320945798824], [0.00043244480016331135, 0.0007629596128389836, -0.9999996154419879, 0.0022475914551497445], [0.0, 0.0, 0.0, 1.0]]}, "mean_rme": {"type": "float", "data": 0.0017273035089950194}, "max_rme": {"type": "float", "data": 0.006403561080251752}, "simu": {"type": "float", "data": 0.002}}, {"type": "dict", "image_number": {"type": "int", "data": 14}, "Hcamera2end": {"type": "ndarray", "data": [[0.999997494874022, 0.002187222166591244, 0.00047571511883240077, -0.015172726662633383], [-0.00047552207643800787, -8.877835124310174e-05, 0.9999998829985729, 0.033825952557528904], [0.00218726414388704, -0.9999976040859292, -8.773805641570931e-05, 0.03450965716311635], [0.0, 0.0, 0.0, 1.0]]}, "Hobj2base": {"type": "ndarray", "data": [[0.9999972062883896, 0.00233708322776385, 0.0003541996646698411, -0.7364395722478533], [0.00233724870408965, -0.9999971593557762, -0.00046749211094078365, 0.08887910675578484], [0.0003531060905430179, 0.00046831865760988415, -0.9999998279968472, 0.0022435256143026805], [0.0, 0.0, 0.0, 1.0]]}, "mean_rme": {"type": "float", "data": 0.0017739126952668295}, "max_rme": {"type": "float", "data": 0.006555305127774358}, "simu": {"type": "float", "data": 0.002}}, {"type": "dict", "image_number": {"type": "int", "data": 15}, "Hcamera2end": {"type": "ndarray", "data": [[0.9999974387400823, 0.0022484290123183544, 0.00025899855577837545, -0.015196494104339778], [-0.00025910393741358935, 4.6577844785677947e-05, 0.9999999653478264, 0.0338698103011892], [0.0022484168708108714, -0.999997471195543, 4.716030229778845e-05, 0.03460285741415452], [0.0, 0.0, 0.0, 1.0]]}, "Hobj2base": {"type": "ndarray", "data": [[0.9999971073091077, 0.002374167014228194, 0.0003856221018606061, -0.7364817567685317], [0.0023744504796636987, -0.999996909919417, -0.0007362992168986541, 0.08864238039124966], [0.000383872812943874, 0.0007372127275973473, -0.9999996545794692, 0.0022598543322668013], [0.0, 0.0, 0.0, 1.0]]}, "mean_rme": {"type": "float", "data": 0.00173179385475285}, "max_rme": {"type": "float", "data": 0.0064966639319284925}, "simu": {"type": "float", "data": 0.002}}, {"type": "dict", "image_number": {"type": "int", "data": 16}, "Hcamera2end": {"type": "ndarray", "data": [[0.9999965376639147, 0.002596883676665887, 0.0004252709166729172, -0.015507054985522023], [-0.00042543733380507546, 6.353132842229492e-05, 0.9999999074834185, 0.03380955022419693], [0.002596856418384811, -0.9999966260737785, 6.463591972305505e-05, 0.0340047866463112], [0.0, 0.0, 0.0, 1.0]]}, "Hobj2base": {"type": "ndarray", "data": [[0.9999962933165172, 0.0027060499728524924, 0.00030107602132050824, -0.7358747786044009], [0.0027062266166731214, -0.9999961653739822, -0.0005878561300978291, 0.08856716123860024], [0.00029948409874167123, 0.000588668731043761, -0.9999997818891757, 0.002395003732014768], [0.0, 0.0, 0.0, 1.0]]}, "mean_rme": {"type": "float", "data": 0.0017115163548491947}, "max_rme": {"type": "float", "data": 0.006445292367945998}, "simu": {"type": "float", "data": 0.002}}, {"type": "dict", "image_number": {"type": "int", "data": 17}, "Hcamera2end": {"type": "ndarray", "data": [[0.9999960891690197, 0.0027613871524505684, 0.00044315647381647813, -0.015507044507909672], [-0.0004433162311830556, 5.72422104009318e-05, 0.9999999000970193, 0.03388180761712368], [0.002761361509323646, -0.9999961857248875, 5.846615428151125e-05, 0.034070237139507104], [0.0, 0.0, 0.0, 1.0]]}, "Hobj2base": {"type": "ndarray", "data": [[0.9999959202580475, 0.002843962697769622, 0.0002671019176765623, -0.7358520715469259], [0.002844157941496882, -0.9999956863931925, -0.0007334579824231495, 0.088411856329461], [0.00026501483836151904, 0.0007342146701441971, -0.9999996953479307, 0.0024253158119630293], [0.0, 0.0, 0.0, 1.0]]}, "mean_rme": {"type": "float", "data": 0.001700642143198636}, "max_rme": {"type": "float", "data": 0.006324878907586373}, "simu": {"type": "float", "data": 0.002}}, {"type": "dict", "image_number": {"type": "int", "data": 18}, "Hcamera2end": {"type": "ndarray", "data": [[0.9999977631364815, 0.002022004137677449, 0.0006206619858761853, -0.015101823737011603], [-0.0006206374024038018, -1.2785417045302339e-05, 0.9999998073228552, 0.033839999235433287], [0.002022011683505799, -0.9999979556658104, -1.1530457050490384e-05, 0.034047558379313995], [0.0, 0.0, 0.0, 1.0]]}, "Hobj2base": {"type": "ndarray", "data": [[0.9999976798016675, 0.002127692733392834, 0.0003366228063906361, -0.7360004309888603], [0.0021278686571256375, -0.9999975992564427, -0.0005231217159782748, 0.0890346464508986], [0.0003355089559718353, 0.0005238367913511341, -0.9999998065143598, 0.0022802961153874863], [0.0, 0.0, 0.0, 1.0]]}, "mean_rme": {"type": "float", "data": 0.0017953312780083052}, "max_rme": {"type": "float", "data": 0.006519423501255228}, "simu": {"type": "float", "data": 0.002}}, {"type": "dict", "image_number": {"type": "int", "data": 19}, "Hcamera2end": {"type": "ndarray", "data": [[0.9999975769813063, 0.002089227834424375, 0.0006936559464987652, -0.01509708345993592], [-0.0006934063010797542, -0.0001202136885218863, 0.9999997523681547, 0.033784146029670656], [0.0020893107040049247, -0.9999978103354652, -0.00011876471349703266, 0.03394073335533043], [0.0, 0.0, 0.0, 1.0]]}, "Hobj2base": {"type": "ndarray", "data": [[0.9999975120434018, 0.002187710073971774, 0.0004356967279753425, -0.7358450006181841], [0.002187894267701878, -0.9999975172060254, -0.00042272976978735674, 0.08911732557644417], [0.00043477083605419995, 0.00042368197642763045, -0.9999998157339345, 0.0022511962958088093], [0.0, 0.0, 0.0, 1.0]]}, "mean_rme": {"type": "float", "data": 0.0017485218016335658}, "max_rme": {"type": "float", "data": 0.006592768726104259}, "simu": {"type": "float", "data": 0.002}}, {"type": "dict", "image_number": {"type": "int", "data": 20}, "Hcamera2end": {"type": "ndarray", "data": [[0.9999977296562991, 0.0020368646623516026, 0.0006259908902538903, -0.014995299544727229], [-0.0006258554911070346, -6.711101035117295e-05, 0.999999801900489, 0.033815997822965946], [0.0020369062697308234, -0.9999979233370739, -6.583607505250555e-05, 0.03407448346341351], [0.0, 0.0, 0.0, 1.0]]}, "Hobj2base": {"type": "ndarray", "data": [[0.9999976787362043, 0.0021240230409622337, 0.0003620059733033866, -0.7359131067022938], [0.0021241832520165578, -0.9999976459034206, -0.0004427562853661361, 0.08927958952203788], [0.0003610646965547147, 0.0004435242246376215, -0.9999998364592597, 0.0023097678893920282], [0.0, 0.0, 0.0, 1.0]]}, "mean_rme": {"type": "float", "data": 0.001734182439909232}, "max_rme": {"type": "float", "data": 0.0065032260303133915}, "simu": {"type": "float", "data": 0.002}}, {"type": "dict", "image_number": {"type": "int", "data": 21}, "Hcamera2end": {"type": "ndarray", "data": [[0.9999978316743244, 0.002017530146771899, 0.0005159639098646438, -0.014920800971845945], [-0.0005159710989969982, 3.0428407352678377e-06, 0.999999866882274, 0.03374652533833232], [0.0020175283082068717, -0.9999979647793529, 4.083821384504027e-06, 0.03393052879722686], [0.0, 0.0, 0.0, 1.0]]}, "Hobj2base": {"type": "ndarray", "data": [[0.9999977669017863, 0.002097674495706329, 0.0002568134549869308, -0.7358114254168294], [0.002097802757958978, -0.9999976745135968, -0.0005001909521581291, 0.08927277861444377], [0.0002557636199674077, 0.00050072857915676, -0.9999998419279184, 0.0022446531227708474], [0.0, 0.0, 0.0, 1.0]]}, "mean_rme": {"type": "float", "data": 0.0017112862187037316}, "max_rme": {"type": "float", "data": 0.006653527701457773}, "simu": {"type": "float", "data": 0.002}}, {"type": "dict", "image_number": {"type": "int", "data": 22}, "Hcamera2end": {"type": "ndarray", "data": [[0.9999981835082639, 0.0018418327749577744, 0.0004905427624295258, -0.014982497128573143], [-0.0004905776400752865, 1.8484646591154785e-05, 0.9999998794959414, 0.034564535706265824], [0.001841823485499848, -0.9999983036537349, 1.938817499014256e-05, 0.03393866727093636], [0.0, 0.0, 0.0, 1.0]]}, "Hobj2base": {"type": "ndarray", "data": [[0.9999980836069233, 0.0019409103789113434, 0.00025622135315972976, -0.7357828164570183], [0.001941025524339102, -0.9999980149952743, -0.0004499171311627054, 0.08940174398449217], [0.0002553475957296092, 0.00045041360113099387, -0.9999998659625875, 0.0014084997046592905], [0.0, 0.0, 0.0, 1.0]]}, "mean_rme": {"type": "float", "data": 0.001693612593057335}, "max_rme": {"type": "float", "data": 0.006687717521499104}, "simu": {"type": "float", "data": 0.002}}, {"type": "dict", "image_number": {"type": "int", "data": 23}, "Hcamera2end": {"type": "ndarray", "data": [[0.9999982373743657, 0.0018080882051171904, 0.0005060288571209682, -0.014963931776903146], [-0.0005060078344668573, -1.208444182543289e-05, 0.9999998719050107, 0.034521767921628976], [0.001808094088586437, -0.9999983653341684, -1.1169513727926628e-05, 0.033825375055078974], [0.0, 0.0, 0.0, 1.0]]}, "Hobj2base": {"type": "ndarray", "data": [[0.9999981456182582, 0.0019058270734021489, 0.0002767367183169439, -0.7356968538460443], [0.0019059419069528368, -0.9999980974593294, -0.0004152868510968656, 0.08952046337371838], [0.0002759447268900339, 0.0004158135251051442, -0.9999998754768022, 0.0014022355715000675], [0.0, 0.0, 0.0, 1.0]]}, "mean_rme": {"type": "float", "data": 0.0016704790334467656}, "max_rme": {"type": "float", "data": 0.006734198934169933}, "simu": {"type": "float", "data": 0.002}}, {"type": "dict", "image_number": {"type": "int", "data": 24}, "Hcamera2end": {"type": "ndarray", "data": [[0.9999982358020985, 0.0017943740201311852, 0.0005555308871797046, -0.015106370705880796], [-0.0005554055151674277, -7.036704553331496e-05, 0.9999998432865841, 0.034466909866589644], [0.0017944128299959366, -0.9999983876338775, -6.93703161649406e-05, 0.03353485983896338], [0.0, 0.0, 0.0, 1.0]]}, "Hobj2base": {"type": "ndarray", "data": [[0.9999981672788578, 0.0018874870760243597, 0.000320673452734875, -0.7353450902644013], [0.0018875991661694408, -0.9999981573716079, -0.0003496037433146875, 0.08952582666797852], [0.00032001298930563004, 0.0003502084055305108, -0.9999998874728735, 0.001454870521325445], [0.0, 0.0, 0.0, 1.0]]}, "mean_rme": {"type": "float", "data": 0.001645808341810485}, "max_rme": {"type": "float", "data": 0.006730079846023251}, "simu": {"type": "float", "data": 0.002}}, {"type": "dict", "image_number": {"type": "int", "data": 25}, "Hcamera2end": {"type": "ndarray", "data": [[0.9999985657661902, 0.0016186084437891908, 0.0004985702241429855, -0.015041859766930425], [-0.0004985760224727784, 3.1787950659500908e-06, 0.9999998757059148, 0.034760388606921086], [0.0016186066577531667, -0.9999986900474425, 3.9857898666006975e-06, 0.03352172794794918], [0.0, 0.0, 0.0, 1.0]]}, "Hobj2base": {"type": "ndarray", "data": [[0.9999985396417284, 0.0016819426315704384, 0.0003029577442143977, -0.7353331110637582], [0.001682019204799125, -0.9999985534823319, -0.0002526749661395108, 0.08962464410907463], [0.0003025323211831873, 0.00025318417788754513, -0.9999999221859805, 0.0011540250326674162], [0.0, 0.0, 0.0, 1.0]]}, "mean_rme": {"type": "float", "data": 0.0015992427956124733}, "max_rme": {"type": "float", "data": 0.0067824741110533715}, "simu": {"type": "float", "data": 0.002}}, {"type": "dict", "image_number": {"type": "int", "data": 26}, "Hcamera2end": {"type": "ndarray", "data": [[0.9999991341992674, 0.0011753164335747963, 0.0005918040185986375, -0.014869772310787926], [-0.0005917510449417044, -4.5419061347473644e-05, 0.9999998238838894, 0.03479014503061683], [0.0011753431057656637, -0.9999993082839558, -4.472352729578688e-05, 0.033570247091374815], [0.0, 0.0, 0.0, 1.0]]}, "Hobj2base": {"type": "ndarray", "data": [[0.9999992074476878, 0.001226778129066741, 0.0002830537374599007, -0.7352858924691582], [0.001226820395796594, -0.99999923632543, -0.00014919877105686188, 0.08994596365746753], [0.0002828704875097433, 0.00014954590890725318, -0.9999999488101528, 0.0012572603167211765], [0.0, 0.0, 0.0, 1.0]]}, "mean_rme": {"type": "float", "data": 0.0016055094208364347}, "max_rme": {"type": "float", "data": 0.006649624037460056}, "simu": {"type": "float", "data": 0.002}}, {"type": "dict", "image_number": {"type": "int", "data": 27}, "Hcamera2end": {"type": "ndarray", "data": [[0.9999986217398933, 0.001503513068336544, 0.000704249080337477, -0.014828621943738043], [-0.0007040983308041633, -0.00010079182055844349, 0.999999747043243, 0.03492795557576541], [0.0015035836705596876, -0.9999988646440868, -9.973306059940512e-05, 0.033519825856664895], [0.0, 0.0, 0.0, 1.0]]}, "Hobj2base": {"type": "ndarray", "data": [[0.9999987646640283, 0.0015339930555598675, 0.000342834833391779, -0.7353298819827975], [0.001534047675159285, -0.9999988106899398, -0.00015911139476469777, 0.08993141489050258], [0.0003425903498802333, 0.0001596371231877966, -0.9999999285739176, 0.001175435174256963], [0.0, 0.0, 0.0, 1.0]]}, "mean_rme": {"type": "float", "data": 0.0016090274942634152}, "max_rme": {"type": "float", "data": 0.006569000689921167}, "simu": {"type": "float", "data": 0.002}}, {"type": "dict", "image_number": {"type": "int", "data": 28}, "Hcamera2end": {"type": "ndarray", "data": [[0.9999989180236517, 0.0012506997420155446, 0.0007744040812990008, -0.014757320006625744], [-0.0007742039653301316, -0.00016047942994079634, 0.9999996874272377, 0.035397390869984405], [0.0012508236270063816, -0.999999204997938, -0.0001595109596059796, 0.033528446652036886], [0.0, 0.0, 0.0, 1.0]]}, "Hobj2base": {"type": "ndarray", "data": [[0.9999991389052147, 0.0012759837281441436, 0.0003066828240393868, -0.7353575290554951], [0.0012760263049257743, -0.9999991762627916, -0.0001386744674771506, 0.0901422897910417], [0.0003065056250493235, 0.00013906568341603298, -0.9999999433575175, 0.0008064102158241002], [0.0, 0.0, 0.0, 1.0]]}, "mean_rme": {"type": "float", "data": 0.0016297792106027614}, "max_rme": {"type": "float", "data": 0.0064498793368199525}, "simu": {"type": "float", "data": 0.002}}, {"type": "dict", "image_number": {"type": "int", "data": 29}, "Hcamera2end": {"type": "ndarray", "data": [[0.9999989502117872, 0.0012816109558757127, 0.0006760537562836756, -0.01480944752204353], [-0.000675758569692621, -0.00023074368688691393, 0.9999997450538207, 0.035532924686700725], [0.0012817666242701548, -0.9999991521149949, -0.0002298773850686331, 0.03345508605036477], [0.0, 0.0, 0.0, 1.0]]}, "Hobj2base": {"type": "ndarray", "data": [[0.9999991517539754, 0.0012759366779388907, 0.0002616809579623068, -0.7354575043277679], [0.001275966612159652, -0.9999991794269325, -0.00011425701992829883, 0.09013187761702728], [0.00026153495851152184, 0.00011459081917563374, -0.9999999592342041, 0.0006514837202845663], [0.0, 0.0, 0.0, 1.0]]}, "mean_rme": {"type": "float", "data": 0.0016847391610746284}, "max_rme": {"type": "float", "data": 0.006458385904544506}, "simu": {"type": "float", "data": 0.002}}, {"type": "dict", "image_number": {"type": "int", "data": 30}, "Hcamera2end": {"type": "ndarray", "data": [[0.9999992074266311, 0.0010457227927238588, 0.0007011490215156463, -0.014728933250324202], [-0.0007008817754964487, -0.00025590562660160465, 0.9999997216384847, 0.035769146841895604], [0.0010459019296145697, -0.9999994204879076, -0.00025517249572981626, 0.03348497284687128], [0.0, 0.0, 0.0, 1.0]]}, "Hobj2base": {"type": "ndarray", "data": [[0.9999994367218084, 0.0010341489669980096, 0.00023893928106413694, -0.7354468095434076], [0.0010341597746183655, -0.9999994642390664, -4.511253769688093e-05, 0.09033915382560206], [0.0002388924999655467, 4.5359613679025034e-05, -0.9999999704364393, 0.0004902344152962201], [0.0, 0.0, 0.0, 1.0]]}, "mean_rme": {"type": "float", "data": 0.0016821847156886225}, "max_rme": {"type": "float", "data": 0.0063877771431744}, "simu": {"type": "float", "data": 0.002}}]}