{"type": "list", "data": [{"type": "dict", "image_number": {"type": "int", "data": 5}, "Hcamera2end": {"type": "ndarray", "data": [[0.999994984305368, -0.0028606836775248415, -0.001359357570253525, -0.014068274638886045], [0.0013625421361966763, 0.001111564171362045, 0.9999984539508149, 0.03049641788464514], [-0.0028591682415960093, -0.9999952904459051, 0.0011154563981445875, 0.03287626445911601], [0.0, 0.0, 0.0, 1.0]]}, "Hobj2base": {"type": "ndarray", "data": [[0.9999954306909841, -0.0030018760354593764, 0.0003568436927681046, -0.7365370708442527], [-0.003001473273677821, -0.9999948639835918, -0.0011239059677982826, 0.08862497898714157], [0.00036021568640388696, 0.001122829775517887, -0.9999993047487352, 0.0005500055131654191], [0.0, 0.0, 0.0, 1.0]]}, "mean_rme": {"type": "float", "data": 0.0014352070814722877}, "max_rme": {"type": "float", "data": 0.004724098374631364}, "simu": {"type": "float", "data": 0.002}}, {"type": "dict", "image_number": {"type": "int", "data": 6}, "Hcamera2end": {"type": "ndarray", "data": [[0.9999942014580487, -0.0032646078202744223, -0.0009692193040528826, -0.014579410633316935], [0.0009754113625813482, 0.0018956657115067888, 0.9999977275095099, 0.0323823024776764], [-0.0032627630856825736, -0.9999928743682577, 0.0018988390549719014, 0.03291185922348392], [0.0, 0.0, 0.0, 1.0]]}, "Hobj2base": {"type": "ndarray", "data": [[0.9999957479186121, -0.002901850072582323, -0.000288809369189062, -0.7366667769188783], [-0.0029020646167908426, -0.9999955113152972, -0.0007452316530114346, 0.089639891491985], [-0.0002866455222884827, 0.0007460666276771145, -0.9999996806094145, -0.0010174456435696293], [0.0, 0.0, 0.0, 1.0]]}, "mean_rme": {"type": "float", "data": 0.0015209204239190058}, "max_rme": {"type": "float", "data": 0.0050897776778216774}, "simu": {"type": "float", "data": 0.002}}, {"type": "dict", "image_number": {"type": "int", "data": 7}, "Hcamera2end": {"type": "ndarray", "data": [[0.9999940806658564, -0.003273331821979017, -0.0010601566072356943, -0.014558190849577941], [0.0010658260112419813, 0.0017307396028063415, 0.9999979342755371, 0.03196730015160534], [-0.003271490205152076, -0.9999931448961091, 0.0017342181601796014, 0.033054367674242024], [0.0, 0.0, 0.0, 1.0]]}, "Hobj2base": {"type": "ndarray", "data": [[0.9999956371365596, -0.0029534509826648885, 5.324602580243404e-05, -0.736156018205586], [-0.0029534190249314723, -0.999995464245067, -0.0005905974570993555, 0.08948537363646163], [5.4990084931539314e-05, 0.000590437622577695, -0.999999824179737, -0.0007238410399153596], [0.0, 0.0, 0.0, 1.0]]}, "mean_rme": {"type": "float", "data": 0.0014682946576902755}, "max_rme": {"type": "float", "data": 0.005648576049352622}, "simu": {"type": "float", "data": 0.002}}, {"type": "dict", "image_number": {"type": "int", "data": 8}, "Hcamera2end": {"type": "ndarray", "data": [[0.9999938499852938, -0.0034169115138442405, -0.0007903842711759522, -0.014446916225452675], [0.0007967061233507588, 0.0018492005477271922, 0.999997972856289, 0.03200687705891118], [-0.003415443008246381, -0.9999924525580385, 0.0018519114494426336, 0.03315466381971791], [0.0, 0.0, 0.0, 1.0]]}, "Hobj2base": {"type": "ndarray", "data": [[0.9999953335800935, -0.0030506264592389592, 0.00016277666817226527, -0.7358501914564481], [-0.0030505940169327185, -0.999995327090206, -0.00019918307084812562, 0.08983416494903618], [0.0001633835406777401, 0.00019868557584625624, -0.9999999669149295, -0.000666272863561683], [0.0, 0.0, 0.0, 1.0]]}, "mean_rme": {"type": "float", "data": 0.0014619869338557928}, "max_rme": {"type": "float", "data": 0.006124634669581769}, "simu": {"type": "float", "data": 0.002}}, {"type": "dict", "image_number": {"type": "int", "data": 9}, "Hcamera2end": {"type": "ndarray", "data": [[0.9999945565983701, -0.0032705470783687476, -0.00043622865259855775, -0.0142461025759512], [0.00044282834461215276, 0.0020174643251453794, 0.9999978668681014, 0.03172833244381966], [-0.003269660026116227, -0.9999926166524952, 0.0020189016342254673, 0.032601786372484336], [0.0, 0.0, 0.0, 1.0]]}, "Hobj2base": {"type": "ndarray", "data": [[0.9999957351348042, -0.002916531082474809, -0.00015348826496075732, -0.7356269874111462], [-0.002916510943662352, -0.9999957383572098, 0.0001312681775275699, 0.09024696375308411], [-0.00015387045856849854, -0.00013081996748200644, -0.999999979605009, -0.00029827430776394357], [0.0, 0.0, 0.0, 1.0]]}, "mean_rme": {"type": "float", "data": 0.0014435413530987957}, "max_rme": {"type": "float", "data": 0.005882189676445659}, "simu": {"type": "float", "data": 0.002}}, {"type": "dict", "image_number": {"type": "int", "data": 10}, "Hcamera2end": {"type": "ndarray", "data": [[0.9999941482638288, -0.003331292447117493, -0.0007784142414095632, -0.013974059039131698], [0.0007842075029170128, 0.0017380904735744274, 0.9999981820283966, 0.0316401633268532], [-0.0033299334365449323, -0.9999929407411522, 0.0017406927272589634, 0.03261821514846964], [0.0, 0.0, 0.0, 1.0]]}, "Hobj2base": {"type": "ndarray", "data": [[0.9999952438640517, -0.003078952279167272, -0.0001797279567617761, -0.7353767356992577], [-0.00307896605620452, -0.9999952570520945, -7.642865703694328e-05, 0.09018123572380303], [-0.0001794917841336625, 7.698166981008057e-05, -0.9999999809282605, -0.00018657952507876164], [0.0, 0.0, 0.0, 1.0]]}, "mean_rme": {"type": "float", "data": 0.0013885139348475712}, "max_rme": {"type": "float", "data": 0.005992987536901917}, "simu": {"type": "float", "data": 0.002}}, {"type": "dict", "image_number": {"type": "int", "data": 11}, "Hcamera2end": {"type": "ndarray", "data": [[0.9999953052777334, -0.0030625584267111004, 0.0001007887685567678, -0.014943314522100227], [-9.45289777642144e-05, 0.00204405033381172, 0.9999979064590613, 0.03188699766555655], [-0.0030627580324356692, -0.9999932212740824, 0.002043751237045699, 0.03285201811881416], [0.0, 0.0, 0.0, 1.0]]}, "Hobj2base": {"type": "ndarray", "data": [[0.9999958561257215, -0.002833041008164149, -0.0005114782805196513, -0.7356731172366779], [-0.0028326910512538697, -0.9999957542401301, 0.0006836396135704301, 0.08950434729989935], [-0.0005134128879657442, -0.0006821879207056809, -0.9999996355133571, -0.00017465021450503335], [0.0, 0.0, 0.0, 1.0]]}, "mean_rme": {"type": "float", "data": 0.0014419138144412702}, "max_rme": {"type": "float", "data": 0.00609865481302177}, "simu": {"type": "float", "data": 0.002}}, {"type": "dict", "image_number": {"type": "int", "data": 12}, "Hcamera2end": {"type": "ndarray", "data": [[0.9999957587874342, -0.0029065443920643598, 0.00018549081032002458, -0.014735397503776629], [-0.00017812511202855365, 0.002534231093479944, 0.9999967729668977, 0.031768018432852825], [-0.002907005089128461, -0.9999925648085899, 0.0025337026167218113, 0.03288924433629837], [0.0, 0.0, 0.0, 1.0]]}, "Hobj2base": {"type": "ndarray", "data": [[0.9999961056393648, -0.002608698616332035, -0.000991664072956018, -0.7360515931917352], [-0.002608012638385304, -0.9999963594131851, 0.000692409166998847, 0.08964000041813758], [-0.0009934667495527544, -0.0006898201980725415, -0.9999992685856889, 8.513352431595751e-05], [0.0, 0.0, 0.0, 1.0]]}, "mean_rme": {"type": "float", "data": 0.0013991082989662225}, "max_rme": {"type": "float", "data": 0.006029272537569075}, "simu": {"type": "float", "data": 0.002}}, {"type": "dict", "image_number": {"type": "int", "data": 13}, "Hcamera2end": {"type": "ndarray", "data": [[0.9999959527100006, -0.0028432705495849233, -0.0001018636344980305, -0.014942074451075085], [0.00010964355832308696, 0.0027362369740248083, 0.9999962504857268, 0.03160866561288507], [-0.002842981165658393, -0.9999922143795942, 0.0027365376459805857, 0.03339183608245446], [0.0, 0.0, 0.0, 1.0]]}, "Hobj2base": {"type": "ndarray", "data": [[0.9999962221336745, -0.002433574485881227, -0.0012780585277885027, -0.7368488146551785], [-0.002432815590106456, -0.9999968636823855, 0.0005950073081980344, 0.08955155745634133], [-0.0012795025139951735, -0.000591895779628489, -0.9999990062658575, 0.00026292525069087334], [0.0, 0.0, 0.0, 1.0]]}, "mean_rme": {"type": "float", "data": 0.0014098888887064873}, "max_rme": {"type": "float", "data": 0.005846825561347718}, "simu": {"type": "float", "data": 0.002}}, {"type": "dict", "image_number": {"type": "int", "data": 14}, "Hcamera2end": {"type": "ndarray", "data": [[0.999995881752651, -0.002860569590289317, -0.00023155853931031037, -0.014319008932366917], [0.00023991637755571278, 0.0029217416221866133, 0.9999957029237801, 0.03136153167339016], [-0.0028598807439814793, -0.9999916402488135, 0.002922415887225749, 0.03344574974205747], [0.0, 0.0, 0.0, 1.0]]}, "Hobj2base": {"type": "ndarray", "data": [[0.999996094394073, -0.002381599071279413, -0.0014625944290393449, -0.7371002029224432], [-0.002380949267724145, -0.9999970661395119, 0.0004458620328913772, 0.09006844901703441], [-0.0014636520025947928, -0.00044237792839518027, -0.9999988310116081, 0.0005310159580637154], [0.0, 0.0, 0.0, 1.0]]}, "mean_rme": {"type": "float", "data": 0.0014370464292025947}, "max_rme": {"type": "float", "data": 0.005751441398210738}, "simu": {"type": "float", "data": 0.002}}, {"type": "dict", "image_number": {"type": "int", "data": 15}, "Hcamera2end": {"type": "ndarray", "data": [[0.9999987209046916, -0.0015969439865193627, -8.92125810685511e-05, -0.014196671095927302], [9.372789425041259e-05, 0.002827619736365583, 0.9999959978828458, 0.031135660439851356], [-0.0015966853361074783, -0.9999947271543638, 0.0028277657977675563, 0.03347955959304838], [0.0, 0.0, 0.0, 1.0]]}, "Hobj2base": {"type": "ndarray", "data": [[0.9999988141358618, -0.0013773557257658615, -0.0006889253042035776, -0.7370653997235641], [-0.001376924501355387, -0.999998856087682, 0.0006260209619961627, 0.08990935919855426], [-0.000689786769689891, -0.0006250716214893924, -0.9999995667397461, 0.0007074242512279949], [0.0, 0.0, 0.0, 1.0]]}, "mean_rme": {"type": "float", "data": 0.001392909789243664}, "max_rme": {"type": "float", "data": 0.005726326825397671}, "simu": {"type": "float", "data": 0.002}}, {"type": "dict", "image_number": {"type": "int", "data": 16}, "Hcamera2end": {"type": "ndarray", "data": [[0.9999980720594588, -0.0019453867690452564, -0.00026710987314624483, -0.014165616619337197], [0.0002724585204037556, 0.0027496545830945074, 0.9999961825757278, 0.03106751719940378], [-0.0019446448827916993, -0.9999943274189071, 0.0027501793191246904, 0.033583292097838474], [0.0, 0.0, 0.0, 1.0]]}, "Hobj2base": {"type": "ndarray", "data": [[0.9999982982257805, -0.0016699806368303206, -0.0007840345755402052, -0.7369040998626651], [-0.0016697669800671596, -0.99999856865041, 0.00027308489974921056, 0.0899103348644039], [-0.0007844894998074294, -0.00027177527997490045, -0.9999996553571511, 0.0006248366371333948], [0.0, 0.0, 0.0, 1.0]]}, "mean_rme": {"type": "float", "data": 0.0014208826044913886}, "max_rme": {"type": "float", "data": 0.005958076065437357}, "simu": {"type": "float", "data": 0.002}}, {"type": "dict", "image_number": {"type": "int", "data": 17}, "Hcamera2end": {"type": "ndarray", "data": [[0.9999981576728548, -0.0018599964334040297, -0.0004744092788771682, -0.0139675576558181], [0.0004798720028477365, 0.002937608581715101, 0.9999955700795288, 0.031360143251960924], [-0.0018585945649988778, -0.9999939554162759, 0.0029384957298927983, 0.03298515471205521], [0.0, 0.0, 0.0, 1.0]]}, "Hobj2base": {"type": "ndarray", "data": [[0.9999983310333928, -0.0015307151502161557, -0.0009974174441312158, -0.7364259978333901], [-0.0015305536237345653, -0.9999988154684254, 0.00016268789462868129, 0.08988241013750442], [-0.000997665291483825, -0.00016116102222452666, -0.9999994893454152, 0.00036662466139256985], [0.0, 0.0, 0.0, 1.0]]}, "mean_rme": {"type": "float", "data": 0.0013863724008334596}, "max_rme": {"type": "float", "data": 0.005942838757203167}, "simu": {"type": "float", "data": 0.002}}, {"type": "dict", "image_number": {"type": "int", "data": 18}, "Hcamera2end": {"type": "ndarray", "data": [[0.9999980743607116, -0.0019552011131709957, -0.00016871121947459474, -0.013703448406439457], [0.00017452196400499602, 0.002972152668740291, 0.9999955679154773, 0.03128344832733534], [-0.001954691012053195, -0.9999936717285369, 0.0029724881709846107, 0.03308844967341516], [0.0, 0.0, 0.0, 1.0]]}, "Hobj2base": {"type": "ndarray", "data": [[0.99999822314176, -0.0016428115765837155, -0.0009245990733826107, -0.7362778692317237], [-0.001642391119000295, -0.9999985476157931, 0.0004553215530320443, 0.09022078633953114], [-0.0009253457380279078, -0.00045380219068343145, -0.9999994688992775, 0.0006463610487977679], [0.0, 0.0, 0.0, 1.0]]}, "mean_rme": {"type": "float", "data": 0.0014320185907595701}, "max_rme": {"type": "float", "data": 0.006214626462301476}, "simu": {"type": "float", "data": 0.002}}, {"type": "dict", "image_number": {"type": "int", "data": 19}, "Hcamera2end": {"type": "ndarray", "data": [[0.9999981131021535, -0.001931280399075165, -0.00020963814727771438, -0.013731834635568778], [0.0002153286892413569, 0.0029467759940298155, 0.9999956350628719, 0.030951909594065567], [-0.0019306542124978155, -0.9999937933143691, 0.002947186293841386, 0.03311530382753344], [0.0, 0.0, 0.0, 1.0]]}, "Hobj2base": {"type": "ndarray", "data": [[0.9999982513378691, -0.0016629739133923094, -0.0008554758718916016, -0.7362191140667699], [-0.0016625677633178473, -0.9999985049983251, 0.00047525734894719436, 0.0900518899301048], [-0.0008562649335271873, -0.00047383423127576266, -0.9999995211456281, 0.0008812914497893202], [0.0, 0.0, 0.0, 1.0]]}, "mean_rme": {"type": "float", "data": 0.0014148127081714957}, "max_rme": {"type": "float", "data": 0.006284941895169427}, "simu": {"type": "float", "data": 0.002}}, {"type": "dict", "image_number": {"type": "int", "data": 20}, "Hcamera2end": {"type": "ndarray", "data": [[0.9999990235398528, -0.0013942155122013869, -9.530186957892016e-05, -0.013590901944944837], [9.925101239765871e-05, 0.002832724716141599, 0.9999959829018907, 0.031200810511366327], [-0.0013939399475394387, -0.9999950159044733, 0.002832860327399933, 0.03311570057492326], [0.0, 0.0, 0.0, 1.0]]}, "Hobj2base": {"type": "ndarray", "data": [[0.9999990857700403, -0.0012415038727739986, -0.0005358425305352179, -0.7362136609984711], [-0.0012412280207260542, -0.9999990971529369, 0.0005148264871521354, 0.09020401405713965], [-0.0005364812058289688, -0.0005141609137187396, -0.9999997239131975, 0.0007244121331024145], [0.0, 0.0, 0.0, 1.0]]}, "mean_rme": {"type": "float", "data": 0.0014321575065295643}, "max_rme": {"type": "float", "data": 0.006208913814724493}, "simu": {"type": "float", "data": 0.002}}, {"type": "dict", "image_number": {"type": "int", "data": 21}, "Hcamera2end": {"type": "ndarray", "data": [[0.9999994904064987, -0.00100107699728256, -0.00013050512776728313, -0.013652473644152088], [0.00013328879162875925, 0.0027811065538811963, 0.9999961238327046, 0.030991832783628572], [-0.0010007101682744943, -0.9999956316360494, 0.002781238568990596, 0.033104799055394554], [0.0, 0.0, 0.0, 1.0]]}, "Hobj2base": {"type": "ndarray", "data": [[0.9999995149437995, -0.0009313124810358254, -0.0003205764004519083, -0.7362167908592073], [-0.0009311406130678567, -0.9999994229186011, 0.0005358541057466698, 0.08999892488391126], [-0.000321075263069927, -0.0005355553441212613, -0.9999998050455552, 0.0008112884463122807], [0.0, 0.0, 0.0, 1.0]]}, "mean_rme": {"type": "float", "data": 0.0014123513517879768}, "max_rme": {"type": "float", "data": 0.0061532250593121784}, "simu": {"type": "float", "data": 0.002}}, {"type": "dict", "image_number": {"type": "int", "data": 22}, "Hcamera2end": {"type": "ndarray", "data": [[0.9999993140983756, -0.0011534681097353857, -0.0002032586973570059, -0.013677756462230902], [0.0002064477126254045, 0.0027652737902209568, 0.9999961553127127, 0.03086410715254764], [-0.001152901609062772, -0.9999955113760185, 0.0027655100243679787, 0.03314655441572765], [0.0, 0.0, 0.0, 1.0]]}, "Hobj2base": {"type": "ndarray", "data": [[0.9999993145667201, -0.0011203353758578716, -0.00034016868699123073, -0.7361351689518653], [-0.0011201293792299047, -0.9999991895455553, 0.000605159819255578, 0.09001307261845941], [-0.00034084639325356606, -0.0006047783715187052, -0.9999997590334002, 0.0008845091299768657], [0.0, 0.0, 0.0, 1.0]]}, "mean_rme": {"type": "float", "data": 0.0014087290202174818}, "max_rme": {"type": "float", "data": 0.006273360322867405}, "simu": {"type": "float", "data": 0.002}}, {"type": "dict", "image_number": {"type": "int", "data": 23}, "Hcamera2end": {"type": "ndarray", "data": [[0.9999990877411101, -0.001309129215751247, -0.00033271255468111916, -0.01373126206538185], [0.0003363226824325332, 0.002758402672047411, 0.9999961390434224, 0.03095010429151974], [-0.0013082064060603346, -0.9999953386868337, 0.0027588404455195503, 0.03318388624862277], [0.0, 0.0, 0.0, 1.0]]}, "Hobj2base": {"type": "ndarray", "data": [[0.9999990848779245, -0.0012969408320514608, -0.00038495167452061446, -0.7360755903010849], [-0.001296697927081007, -0.9999989604701982, 0.0006305814853450279, 0.0900944597266913], [-0.000385769101228156, -0.000630081742247613, -0.9999997270895624, 0.0007489850944739012], [0.0, 0.0, 0.0, 1.0]]}, "mean_rme": {"type": "float", "data": 0.0014442239484007157}, "max_rme": {"type": "float", "data": 0.006373017854885421}, "simu": {"type": "float", "data": 0.002}}, {"type": "dict", "image_number": {"type": "int", "data": 24}, "Hcamera2end": {"type": "ndarray", "data": [[0.9999991082560233, -0.0012931945769409803, -0.0003333690811185839, -0.013815005388829765], [0.0003368895123574694, 0.0027230130215103454, 0.9999962358456861, 0.030971713562916427], [-0.00129228194080818, -0.9999954564136132, 0.0027234462569702966, 0.03312599581261263], [0.0, 0.0, 0.0, 1.0]]}, "Hobj2base": {"type": "ndarray", "data": [[0.9999991356840964, -0.0012587965021109667, -0.0003795555642878977, -0.736046086452191], [-0.0012585679995809169, -0.9999990270020782, 0.0006016655939049737, 0.08996832182578797], [-0.00038031256952617064, -0.0006011873773885566, -0.9999997469680111, 0.0008106354646758041], [0.0, 0.0, 0.0, 1.0]]}, "mean_rme": {"type": "float", "data": 0.0014370449733275461}, "max_rme": {"type": "float", "data": 0.006323800517326311}, "simu": {"type": "float", "data": 0.002}}, {"type": "dict", "image_number": {"type": "int", "data": 25}, "Hcamera2end": {"type": "ndarray", "data": [[0.9999992819901805, -0.001183833756817976, -0.0001858944852078981, -0.013911080339402155], [0.000189165053020721, 0.0027631793451007303, 0.999996164520889, 0.030996628852328127], [-0.0011833155564464366, -0.9999954816785637, 0.00276340130108621, 0.03320759597398549], [0.0, 0.0, 0.0, 1.0]]}, "Hobj2base": {"type": "ndarray", "data": [[0.9999992516562136, -0.001146569629179006, -0.0004266908695899827, -0.7360878824830468], [-0.0011462688930239339, -0.9999990949516324, 0.0007043887711804409, 0.08989718617199864], [-0.0004274981141862779, -0.0007038991415847325, -0.999999660885623, 0.0007794611241170802], [0.0, 0.0, 0.0, 1.0]]}, "mean_rme": {"type": "float", "data": 0.0014221966357359722}, "max_rme": {"type": "float", "data": 0.006382901718610251}, "simu": {"type": "float", "data": 0.002}}, {"type": "dict", "image_number": {"type": "int", "data": 26}, "Hcamera2end": {"type": "ndarray", "data": [[0.9999992778401184, -0.00118589474888653, -0.00019486632903641349, -0.013961605190850497], [0.00019813767638155876, 0.0027590557988271813, 0.9999961741689617, 0.031017595758328943], [-0.0011853525647784675, -0.9999954906222047, 0.0027592887767777796, 0.033152960742674445], [0.0, 0.0, 0.0, 1.0]]}, "Hobj2base": {"type": "ndarray", "data": [[0.9999992668119304, -0.0011268139130013437, -0.0004434704128878389, -0.7360868306796186], [-0.0011265267333149275, -0.9999991559753261, 0.0006472913982304575, 0.08978962825286294], [-0.00044419941554116056, -0.0006467913423685744, -0.9999996921738719, 0.0008336903023503159], [0.0, 0.0, 0.0, 1.0]]}, "mean_rme": {"type": "float", "data": 0.0014240757006739216}, "max_rme": {"type": "float", "data": 0.006326896346600164}, "simu": {"type": "float", "data": 0.002}}, {"type": "dict", "image_number": {"type": "int", "data": 27}, "Hcamera2end": {"type": "ndarray", "data": [[0.9999992656223844, -0.0012017753491656799, -0.00015649505417689733, -0.013896099592878177], [0.00015981481098569113, 0.002762778172527125, 0.999996170750666, 0.030851348857619455], [-0.0012013383861484365, -0.9999954613860901, 0.002762968205105021, 0.033008425598180534], [0.0, 0.0, 0.0, 1.0]]}, "Hobj2base": {"type": "ndarray", "data": [[0.9999992817267983, -0.001105493614247475, -0.00046306560686075785, -0.7360158391632186], [-0.0011051959959341086, -0.999999182882465, 0.000642476624063947, 0.08990850672550744], [-0.00046377548228693666, -0.0006419643843356479, -0.9999996863969662, 0.0009705321032081121], [0.0, 0.0, 0.0, 1.0]]}, "mean_rme": {"type": "float", "data": 0.001424952176558009}, "max_rme": {"type": "float", "data": 0.006254322736176099}, "simu": {"type": "float", "data": 0.002}}, {"type": "dict", "image_number": {"type": "int", "data": 28}, "Hcamera2end": {"type": "ndarray", "data": [[0.9999993106879012, -0.0011654625348769805, -0.00014255105148668068, -0.013977324235066497], [0.0001457640817980302, 0.002757251409851169, 0.999996188151483, 0.030843449603413838], [-0.0011650650432226573, -0.9999955196208348, 0.0027574193918207257, 0.032945748879421505], [0.0, 0.0, 0.0, 1.0]]}, "Hobj2base": {"type": "ndarray", "data": [[0.9999993283776638, -0.0010550480092390787, -0.0004797060761215644, -0.7359759633090747], [-0.001054750528624324, -0.9999992515741407, 0.0006199616772843844, 0.08980540855134089], [-0.0004803598064305555, -0.0006194552906669008, -0.9999996927647525, 0.0010392595090387563], [0.0, 0.0, 0.0, 1.0]]}, "mean_rme": {"type": "float", "data": 0.0014095699240735152}, "max_rme": {"type": "float", "data": 0.006227096888281325}, "simu": {"type": "float", "data": 0.002}}, {"type": "dict", "image_number": {"type": "int", "data": 29}, "Hcamera2end": {"type": "ndarray", "data": [[0.9999992954484304, -0.00117762981623021, -0.00014930056536504818, -0.013918208796466634], [0.00015255848183872583, 0.0027668985484218256, 0.9999961604917953, 0.030639627115182366], [-0.0011772121951932814, -0.9999954787199983, 0.0027670762564160345, 0.03275222759142804], [0.0, 0.0, 0.0, 1.0]]}, "Hobj2base": {"type": "ndarray", "data": [[0.999999319642624, -0.0010531877134954833, -0.0005015076562614379, -0.7358495777936157], [-0.0010528902392160765, -0.9999992698536693, 0.0005930550335357172, 0.08993462604644963], [-0.0005021318883622093, -0.0005925265975301809, -0.9999996983878536, 0.0012153596650641113], [0.0, 0.0, 0.0, 1.0]]}, "mean_rme": {"type": "float", "data": 0.0014308293428458095}, "max_rme": {"type": "float", "data": 0.006164624695115167}, "simu": {"type": "float", "data": 0.002}}, {"type": "dict", "image_number": {"type": "int", "data": 30}, "Hcamera2end": {"type": "ndarray", "data": [[0.9999993234257413, -0.0011563866627486358, -0.00012616634256200018, -0.013935636071154035], [0.00012939079898160013, 0.002788738957320791, 0.9999961030889312, 0.03052653379175916], [-0.0011560303114180452, -0.9999954428420729, 0.002788886696326043, 0.03266275764912173], [0.0, 0.0, 0.0, 1.0]]}, "Hobj2base": {"type": "ndarray", "data": [[0.9999993479453764, -0.0010209357784815019, -0.0005116629342175592, -0.735755278065281], [-0.001020633656612384, -0.9999993048764884, 0.0005903841794028808, 0.08996296823247761], [-0.0005122653228804253, -0.0005898615740286433, -0.9999996948237349, 0.0013026981122189881], [0.0, 0.0, 0.0, 1.0]]}, "mean_rme": {"type": "float", "data": 0.001417439263460596}, "max_rme": {"type": "float", "data": 0.006180647090708591}, "simu": {"type": "float", "data": 0.002}}]}