{"type": "list", "data": [{"type": "dict", "image_number": {"type": "int", "data": 5}, "Hcamera2end": {"type": "ndarray", "data": [[0.9999853226508886, 0.0005462430319950881, -0.005390371169798625, -0.015149772894771013], [0.005390861974255964, -0.0009010560136064605, 0.9999850632410636, 0.029160201214563645], [0.0005413778465364781, -0.9999994448581506, -0.0009039875092826666, 0.027971038174304394], [0.0, 0.0, 0.0, 1.0]]}, "Hobj2base": {"type": "ndarray", "data": [[0.9999940853000359, 0.0016532458562727205, 0.0030159812803375384, -0.7304290887900265], [0.0016606187560793718, -0.99999563521458, -0.0024437465366292056, 0.08993285558379391], [0.0030119280023909564, 0.0024487404776837654, -0.9999924659515096, 0.0068945394510067206], [0.0, 0.0, 0.0, 1.0]]}, "mean_rme": {"type": "float", "data": 0.0015151092251948647}, "max_rme": {"type": "float", "data": 0.00445572621053314}, "simu": {"type": "float", "data": 0.002}}, {"type": "dict", "image_number": {"type": "int", "data": 6}, "Hcamera2end": {"type": "ndarray", "data": [[0.9999953562075545, 0.00027871521520480983, -0.003034778600643794, -0.010569058739214137], [0.0030346725835691743, 0.00038001622019612213, 0.999995323164055, 0.03113484904088332], [0.00027986717679242146, -0.9999998889527444, 0.0003791686460574706, 0.027701307194599793], [0.0, 0.0, 0.0, 1.0]]}, "Hobj2base": {"type": "ndarray", "data": [[0.9999976708995173, 0.0006510008503877484, 0.002057764183168411, -0.7309814940990561], [0.0006500235187645975, -0.99999967564581, 0.00047558143269945546, 0.09383851693402305], [0.0020580731196410927, -0.00047424272990738013, -0.9999977697119464, 0.0026906955564784487], [0.0, 0.0, 0.0, 1.0]]}, "mean_rme": {"type": "float", "data": 0.0014567482430320993}, "max_rme": {"type": "float", "data": 0.003789968872720706}, "simu": {"type": "float", "data": 0.002}}, {"type": "dict", "image_number": {"type": "int", "data": 7}, "Hcamera2end": {"type": "ndarray", "data": [[0.9999937439362978, 0.0014912212180614236, -0.00320754540805767, -0.010610816401790372], [0.0032070484082403123, 0.00033555560244125093, 0.9999948011079581, 0.03141013551496666], [0.0014922897751950591, -0.9999988318301759, 0.00033077108455026316, 0.027880625218904283], [0.0, 0.0, 0.0, 1.0]]}, "Hobj2base": {"type": "ndarray", "data": [[0.9999975546212864, 0.0015695747327290545, 0.0015579430688809277, -0.7307825163357613], [0.0015699174517007145, -0.9999987437457714, -0.0002187831639318125, 0.09299866151565118], [0.0015575977151823064, 0.00022122847093671285, -0.9999987624728943, 0.002715631906001944], [0.0, 0.0, 0.0, 1.0]]}, "mean_rme": {"type": "float", "data": 0.0015643230754852216}, "max_rme": {"type": "float", "data": 0.003392855274319373}, "simu": {"type": "float", "data": 0.002}}, {"type": "dict", "image_number": {"type": "int", "data": 8}, "Hcamera2end": {"type": "ndarray", "data": [[0.9999967106058189, 0.0009653910331221362, -0.002376299159480736, -0.011947126439211607], [0.0023752604656824376, 0.0010756561936742237, 0.9999966005449584, 0.031237797489844905], [0.0009679438322276397, -0.9999989554914076, 0.0010733596002620027, 0.02685875579651877], [0.0, 0.0, 0.0, 1.0]]}, "Hobj2base": {"type": "ndarray", "data": [[0.9999993249051887, 0.0008583653105723332, 0.0007831973955627037, -0.7298969186349901], [0.0008579944045125116, -0.99999951968305, 0.0004737924335383314, 0.0923947854334232], [0.0007836037063690808, -0.0004731201347004963, -0.9999995810611966, 0.003155304240460427], [0.0, 0.0, 0.0, 1.0]]}, "mean_rme": {"type": "float", "data": 0.0015015204137526796}, "max_rme": {"type": "float", "data": 0.0037525962030061644}, "simu": {"type": "float", "data": 0.002}}, {"type": "dict", "image_number": {"type": "int", "data": 9}, "Hcamera2end": {"type": "ndarray", "data": [[0.9999941322250823, 0.002187807455998691, -0.002636098241750953, -0.011989933752485301], [0.0026351711320333395, 0.000426536527186161, 0.9999964369635004, 0.03141842601410301], [0.002188924052950229, -0.9999975157794776, 0.000420768777315339, 0.02723533085777105], [0.0, 0.0, 0.0, 1.0]]}, "Hobj2base": {"type": "ndarray", "data": [[0.9999976814500251, 0.0021471425370695927, 0.00016393138701964978, -0.7298395278851647], [0.002147130328870517, -0.9999976921296037, 7.461110145604171e-05, 0.0917853464051591], [0.00016409120935692857, -7.425894641355059e-05, -0.9999999837798415, 0.0033650058238809586], [0.0, 0.0, 0.0, 1.0]]}, "mean_rme": {"type": "float", "data": 0.0015042455540033666}, "max_rme": {"type": "float", "data": 0.004414159304968024}, "simu": {"type": "float", "data": 0.002}}, {"type": "dict", "image_number": {"type": "int", "data": 10}, "Hcamera2end": {"type": "ndarray", "data": [[0.9999899989289743, 0.0017192237949740946, -0.004128717909077512, -0.011881921343076488], [0.004126355313254964, 0.001375509315789225, 0.9999905405382347, 0.03170931825159382], [0.001724886621988541, -0.9999975761188947, 0.0013684014309817139, 0.029110056463288164], [0.0, 0.0, 0.0, 1.0]]}, "Hobj2base": {"type": "ndarray", "data": [[0.9999983766459869, 0.0014379410943418983, -0.0010858318470972157, -0.7324692335945209], [0.0014367987954130162, -0.9999984143968501, -0.0010520518081119415, 0.09176272352974096], [-0.0010873429139270795, 0.0010504899783694865, -0.9999988570774432, 0.0030566300451339403], [0.0, 0.0, 0.0, 1.0]]}, "mean_rme": {"type": "float", "data": 0.0017165582533424958}, "max_rme": {"type": "float", "data": 0.004514006010421512}, "simu": {"type": "float", "data": 0.002}}, {"type": "dict", "image_number": {"type": "int", "data": 11}, "Hcamera2end": {"type": "ndarray", "data": [[0.9999901944975297, 0.0014702712232686711, -0.004177225313867138, -0.011995248819482968], [0.0041752884493727795, 0.0013179651692116767, 0.9999904149211518, 0.03170367127622293], [0.001475762568070694, -0.9999980506332715, 0.0013118134394450864, 0.029314448023177328], [0.0, 0.0, 0.0, 1.0]]}, "Hobj2base": {"type": "ndarray", "data": [[0.9999982700348153, 0.001122215211784547, -0.001483428594532862, -0.7324396118973581], [0.0011207371647616903, -0.9999988751401949, -0.0009968282462655667, 0.09182964098904307], [-0.0014845455817051579, 0.0009951639882302425, -0.9999984028852509, 0.0030670116921590455], [0.0, 0.0, 0.0, 1.0]]}, "mean_rme": {"type": "float", "data": 0.0016765854314037473}, "max_rme": {"type": "float", "data": 0.004565340518742911}, "simu": {"type": "float", "data": 0.002}}, {"type": "dict", "image_number": {"type": "int", "data": 12}, "Hcamera2end": {"type": "ndarray", "data": [[0.9999870419092176, 0.0016098629557720146, -0.004829529471525302, -0.012367715571019311], [0.0048277450069870815, 0.0011105065574603667, 0.9999877297513872, 0.03172432937377728], [0.0016152064265008916, -0.999998087556396, 0.0011027201595689151, 0.030490521599295446], [0.0, 0.0, 0.0, 1.0]]}, "Hobj2base": {"type": "ndarray", "data": [[0.999998084589433, 0.001242623454076961, -0.0015121853116115548, -0.733725745082605], [0.0012399657645487307, -0.9999976873884497, -0.0017571860049173994, 0.09123482690961614], [-0.0015143653350572226, 0.0017553075811687054, -0.9999973127928534, 0.002921540067675509], [0.0, 0.0, 0.0, 1.0]]}, "mean_rme": {"type": "float", "data": 0.00170281547855619}, "max_rme": {"type": "float", "data": 0.004862450957628939}, "simu": {"type": "float", "data": 0.002}}, {"type": "dict", "image_number": {"type": "int", "data": 13}, "Hcamera2end": {"type": "ndarray", "data": [[0.9999926310257048, 0.001290945987874966, -0.0036154325806166056, -0.013332938854335376], [0.0036133443812933486, 0.0016162578342571177, 0.9999921656958097, 0.03168558795581877], [0.0012967793454440545, -0.9999978605822464, 0.0016115812916628336, 0.03115029190651019], [0.0, 0.0, 0.0, 1.0]]}, "Hobj2base": {"type": "ndarray", "data": [[0.9999977772642963, 0.0006956385075740525, -0.001990365175963416, -0.7344885381904186], [0.0006942763044480072, -0.9999995243723252, -0.0006850076912089378, 0.09101524778686985], [-0.0019908407470186442, 0.0006836243052390154, -0.999997784603011, 0.0035039895327854845], [0.0, 0.0, 0.0, 1.0]]}, "mean_rme": {"type": "float", "data": 0.0016817488858070968}, "max_rme": {"type": "float", "data": 0.0055174955533841}, "simu": {"type": "float", "data": 0.002}}, {"type": "dict", "image_number": {"type": "int", "data": 14}, "Hcamera2end": {"type": "ndarray", "data": [[0.9999911597650396, 0.0013548068397438763, -0.003980564055260561, -0.013229107920160122], [0.003978918260644855, 0.0012153169185991075, 0.9999913455696816, 0.031743640454497526], [0.001359632761504412, -0.9999983437502356, 0.001209915509237658, 0.03165159173850877], [0.0, 0.0, 0.0, 1.0]]}, "Hobj2base": {"type": "ndarray", "data": [[0.9999982181807371, 0.0008337058181187015, -0.0016936853189686422, -0.7347951629406076], [0.0008317780001982892, -0.999999005839604, -0.0011386242412157411, 0.09093219736989319], [-0.001694632912828327, 0.0011372134422055582, -0.9999979174802707, 0.0033801360206519105], [0.0, 0.0, 0.0, 1.0]]}, "mean_rme": {"type": "float", "data": 0.0015734005432394386}, "max_rme": {"type": "float", "data": 0.005555699274671144}, "simu": {"type": "float", "data": 0.002}}, {"type": "dict", "image_number": {"type": "int", "data": 15}, "Hcamera2end": {"type": "ndarray", "data": [[0.9999924982249957, 0.0012765353253047964, -0.0036570413308018457, -0.013504992677726552], [0.003655882034345792, 0.0009093136604030327, 0.9999929038124311, 0.0318108841701908], [0.001279851664409447, -0.9999987718023611, 0.0009046399763745772, 0.03150742984802755], [0.0, 0.0, 0.0, 1.0]]}, "Hobj2base": {"type": "ndarray", "data": [[0.999998434260084, 0.0007878121737110471, -0.0015845596737118033, -0.734493477465132], [0.0007867476343545401, -0.9999994644991383, -0.0006723314635972899, 0.09098917119030693], [-0.0015850884960905232, 0.0006710837623262942, -0.9999985185694247, 0.0032621338262907953], [0.0, 0.0, 0.0, 1.0]]}, "mean_rme": {"type": "float", "data": 0.0015550801731885645}, "max_rme": {"type": "float", "data": 0.005547018350872901}, "simu": {"type": "float", "data": 0.002}}, {"type": "dict", "image_number": {"type": "int", "data": 16}, "Hcamera2end": {"type": "ndarray", "data": [[0.999993906283382, 0.0012052434639308399, -0.003276398067275604, -0.013448145522044893], [0.003275181645860382, 0.001009867365675432, 0.9999941266592972, 0.03207162138281739], [0.0012085451126104504, -0.9999987637772841, 0.0010059138205580354, 0.031381905964609935], [0.0, 0.0, 0.0, 1.0]]}, "Hobj2base": {"type": "ndarray", "data": [[0.9999983094993159, 0.0005959708110898085, -0.001739487655253245, -0.7344626050621678], [0.0005953960237593222, -0.9999997679931101, -0.0003309339832328834, 0.09133236883968104], [-0.001739684478674528, 0.0003298977397554421, -0.9999984323314695, 0.0032171281481158318], [0.0, 0.0, 0.0, 1.0]]}, "mean_rme": {"type": "float", "data": 0.0015861455628134135}, "max_rme": {"type": "float", "data": 0.005585453695480691}, "simu": {"type": "float", "data": 0.002}}, {"type": "dict", "image_number": {"type": "int", "data": 17}, "Hcamera2end": {"type": "ndarray", "data": [[0.9999914997423702, 0.0010388352106842807, -0.003990145913386608, -0.012964365445153364], [0.003988764133655753, 0.0013288153834917216, 0.999991161966126, 0.03201513799828547], [0.0010441281966955844, -0.9999985775345291, 0.0013246604195894518, 0.031628164700164496], [0.0, 0.0, 0.0, 1.0]]}, "Hobj2base": {"type": "ndarray", "data": [[0.9999975071481736, 0.0003168654581530292, -0.002210270055904769, -0.7348189544070003], [0.0003148662286215146, -0.9999995410911726, -0.0009048075499503676, 0.09151854553337199], [-0.002210555743851184, 0.0009041093550024763, -0.9999971480107219, 0.0030648492510507263], [0.0, 0.0, 0.0, 1.0]]}, "mean_rme": {"type": "float", "data": 0.001549763269020991}, "max_rme": {"type": "float", "data": 0.005266696376683311}, "simu": {"type": "float", "data": 0.002}}, {"type": "dict", "image_number": {"type": "int", "data": 18}, "Hcamera2end": {"type": "ndarray", "data": [[0.9999917373911669, 0.0008574164466546542, -0.003973661590101793, -0.012841369391134321], [0.003972675287640722, 0.0011489721629666105, 0.9999914488204525, 0.03199822627731174], [0.0008619747412847484, -0.9999989723494748, 0.0011455564323302747, 0.031724722572280734], [0.0, 0.0, 0.0, 1.0]]}, "Hobj2base": {"type": "ndarray", "data": [[0.9999980664912388, 0.00023100272064198045, -0.001952857272570008, -0.7346501827624723], [0.00022898345040926006, -0.9999994390309357, -0.0010341684552245844, 0.09158710457911717], [-0.0019530950728042498, 0.0010337192836543858, -0.9999975584190592, 0.002935746569661486], [0.0, 0.0, 0.0, 1.0]]}, "mean_rme": {"type": "float", "data": 0.0015614821914093303}, "max_rme": {"type": "float", "data": 0.005088413115946988}, "simu": {"type": "float", "data": 0.002}}, {"type": "dict", "image_number": {"type": "int", "data": 19}, "Hcamera2end": {"type": "ndarray", "data": [[0.9999917145065568, 0.0009138650465974113, -0.003966833613046245, -0.012779846805039631], [0.003965619906327785, 0.0013261085225328983, 0.9999912576092578, 0.03198993216398254], [0.0009191175090938191, -0.9999987031425905, 0.0013224734936488902, 0.03176995590381768], [0.0, 0.0, 0.0, 1.0]]}, "Hobj2base": {"type": "ndarray", "data": [[0.9999978043868069, 0.00022300390377458595, -0.0020836244442276664, -0.7347939308166717], [0.00022060123187873072, -0.9999993106398639, -0.0011532800584510578, 0.09155751079702078], [-0.002083880193815216, 0.0011528178761749767, -0.9999971642231202, 0.0029974686753948894], [0.0, 0.0, 0.0, 1.0]]}, "mean_rme": {"type": "float", "data": 0.0015275092705884393}, "max_rme": {"type": "float", "data": 0.005119947203283681}, "simu": {"type": "float", "data": 0.002}}, {"type": "dict", "image_number": {"type": "int", "data": 20}, "Hcamera2end": {"type": "ndarray", "data": [[0.9999911111844377, 0.0008946162739814259, -0.00412034147078838, -0.012744818511361881], [0.004119077853744535, 0.0014097460097040049, 0.9999905228620036, 0.032046833067776316], [0.0009004164305266068, -0.999998606137984, 0.0014060484846499799, 0.03161070901422661], [0.0, 0.0, 0.0, 1.0]]}, "Hobj2base": {"type": "ndarray", "data": [[0.9999979987375125, 0.0002261609839402266, -0.0019878058706235846, -0.7346569613624384], [0.0002235036386479854, -0.999999081313226, -0.0013369438383591455, 0.09150578575235091], [-0.0019881064089865784, 0.0013364968809385835, -0.9999971306003799, 0.002809713841090017], [0.0, 0.0, 0.0, 1.0]]}, "mean_rme": {"type": "float", "data": 0.0015073962893872995}, "max_rme": {"type": "float", "data": 0.004999429237616204}, "simu": {"type": "float", "data": 0.002}}, {"type": "dict", "image_number": {"type": "int", "data": 21}, "Hcamera2end": {"type": "ndarray", "data": [[0.9999924732269118, 0.0008938404952234685, -0.0037755183343950944, -0.012635381114239935], [0.0037742373727276857, 0.0014304740711004182, 0.9999918544049179, 0.03214965978654575], [0.0008992339954430432, -0.9999985773955388, 0.0014270897380442849, 0.03169958376234087], [0.0, 0.0, 0.0, 1.0]]}, "Hobj2base": {"type": "ndarray", "data": [[0.9999983184694232, 0.00030694951331911073, -0.0018079934519604588, -0.7345471986984585], [0.0003050359983021263, -0.9999993932180085, -0.001058544593084821, 0.09178633684712995], [-0.0018083172746502644, 0.0010579913100221784, -0.9999978053191032, 0.0027027984389618015], [0.0, 0.0, 0.0, 1.0]]}, "mean_rme": {"type": "float", "data": 0.0015473471937723212}, "max_rme": {"type": "float", "data": 0.004836167918577217}, "simu": {"type": "float", "data": 0.002}}, {"type": "dict", "image_number": {"type": "int", "data": 22}, "Hcamera2end": {"type": "ndarray", "data": [[0.9999933778756832, 0.0007788162367056222, -0.0035549472641077957, -0.012729244264315882], [0.003553813717326858, 0.001452054955020432, 0.9999926309450836, 0.031490378479904976], [0.0007839724763556884, -0.9999986424899171, 0.0014492775715067019, 0.03169237082400653], [0.0, 0.0, 0.0, 1.0]]}, "Hobj2base": {"type": "ndarray", "data": [[0.9999983844847052, 0.00018965115701558528, -0.0017874731937243065, -0.7345620861271217], [0.00018770721310692087, -0.9999993908998197, -0.0010876424009097654, 0.09218738175999448], [-0.001787678377613813, 0.0010873051221951342, -0.999997810984399, 0.0032346897684096165], [0.0, 0.0, 0.0, 1.0]]}, "mean_rme": {"type": "float", "data": 0.0015607155268802177}, "max_rme": {"type": "float", "data": 0.004823340926646047}, "simu": {"type": "float", "data": 0.002}}, {"type": "dict", "image_number": {"type": "int", "data": 23}, "Hcamera2end": {"type": "ndarray", "data": [[0.9999929964243349, 0.000741376393365321, -0.003668441538774818, -0.01276237538121169], [0.0036672713195633395, 0.0015736844183632526, 0.9999920372875077, 0.03145528950414755], [0.000747143459287498, -0.9999984869380527, 0.0015709545685609339, 0.03159962326072474], [0.0, 0.0, 0.0, 1.0]]}, "Hobj2base": {"type": "ndarray", "data": [[0.999998227126239, 0.00012144479496735647, -0.0018790943405415674, -0.734525892815356], [0.00011910842437724744, -0.9999992198705396, -0.0012434112333995773, 0.09205931116812947], [-0.0018792438804270137, 0.0012431852130222695, -0.9999974614632599, 0.0031772516387816693], [0.0, 0.0, 0.0, 1.0]]}, "mean_rme": {"type": "float", "data": 0.0015600491130730646}, "max_rme": {"type": "float", "data": 0.004777494045163366}, "simu": {"type": "float", "data": 0.002}}, {"type": "dict", "image_number": {"type": "int", "data": 24}, "Hcamera2end": {"type": "ndarray", "data": [[0.9999934282611951, 0.0007654259328518712, -0.003543664425917085, -0.012744238186543133], [0.0035425535632528536, 0.0014478126160347715, 0.9999926770496275, 0.031533493649700074], [0.000770550889738588, -0.9999986589799861, 0.0014450915390226138, 0.031905437753458166], [0.0, 0.0, 0.0, 1.0]]}, "Hobj2base": {"type": "ndarray", "data": [[0.9999985378688427, 0.00018673378559510342, -0.0016998207758323882, -0.7346936602912363], [0.00018475388301370194, -0.9999993044904683, -0.001164853888618316, 0.09215080464868951], [-0.0017000371111671238, 0.0011645381369603893, -0.9999978768601199, 0.002978054351294291], [0.0, 0.0, 0.0, 1.0]]}, "mean_rme": {"type": "float", "data": 0.0015453513924108418}, "max_rme": {"type": "float", "data": 0.004775448459714338}, "simu": {"type": "float", "data": 0.002}}, {"type": "dict", "image_number": {"type": "int", "data": 25}, "Hcamera2end": {"type": "ndarray", "data": [[0.9999925849801703, 0.0009040738857483558, -0.003743345440378036, -0.012840632142661535], [0.003742029248294391, 0.0014531755974109828, 0.9999919427164341, 0.031483334987341134], [0.0009095063396153302, -0.9999985354644736, 0.0014497817511620603, 0.03218859576118886], [0.0, 0.0, 0.0, 1.0]]}, "Hobj2base": {"type": "ndarray", "data": [[0.9999985520884497, 0.0003233183155142751, -0.0016707142996641923, -0.7348831506655494], [0.00032104842369470025, -0.999999025396443, -0.0013587251647823276, 0.0918914254981403], [-0.0016711519721116176, 0.0013581868172761163, -0.9999976812871394, 0.003158752957445665], [0.0, 0.0, 0.0, 1.0]]}, "mean_rme": {"type": "float", "data": 0.0015619398156529417}, "max_rme": {"type": "float", "data": 0.004872324808221196}, "simu": {"type": "float", "data": 0.002}}, {"type": "dict", "image_number": {"type": "int", "data": 26}, "Hcamera2end": {"type": "ndarray", "data": [[0.9999939326605224, 0.0009132507080749424, -0.0033616387799552862, -0.012689723849706042], [0.0033603069117642964, 0.001456022580688776, 0.9999932941453674, 0.0315215244087529], [0.0009181392059201853, -0.9999985229846037, 0.001452944943838963, 0.03233648511657451], [0.0, 0.0, 0.0, 1.0]]}, "Hobj2base": {"type": "ndarray", "data": [[0.9999987806369958, 0.0004151533553986637, -0.0015054475126024217, -0.7348413363089559], [0.0004136770546846772, -0.9999994334335733, -0.000980817937635818, 0.09219173157253449], [-0.0015058538495242486, 0.0009801939725697152, -0.9999983858106773, 0.0029103178335622873], [0.0, 0.0, 0.0, 1.0]]}, "mean_rme": {"type": "float", "data": 0.0016218471110007768}, "max_rme": {"type": "float", "data": 0.0049139973340390775}, "simu": {"type": "float", "data": 0.002}}, {"type": "dict", "image_number": {"type": "int", "data": 27}, "Hcamera2end": {"type": "ndarray", "data": [[0.9999948143647647, 0.0006893930519511701, -0.0031457877868446955, -0.012782385115662584], [0.0031448054682070795, 0.001421385102855277, 0.9999940449137467, 0.031599796520831905], [0.0006938603224530479, -0.9999987522000261, 0.0014192097250310676, 0.032408215632377085], [0.0, 0.0, 0.0, 1.0]]}, "Hobj2base": {"type": "ndarray", "data": [[0.9999989191857636, 0.00018283406341082118, -0.0014588348124237082, -0.734789611190768], [0.0001816452998961445, -0.9999996514202469, -0.0008149628025909696, 0.09229680900618799], [-0.0014589833068641557, 0.0008146969312805689, -0.9999986038173356, 0.003019460960032603], [0.0, 0.0, 0.0, 1.0]]}, "mean_rme": {"type": "float", "data": 0.0016597626090862879}, "max_rme": {"type": "float", "data": 0.00484220016048037}, "simu": {"type": "float", "data": 0.002}}, {"type": "dict", "image_number": {"type": "int", "data": 28}, "Hcamera2end": {"type": "ndarray", "data": [[0.9999954048687284, 0.0004540543856211116, -0.0029973448321522315, -0.012895374993995273], [0.0029966905016303794, 0.0014349742695807244, 0.9999944803322083, 0.03166763847438794], [0.0004583529921029432, -0.9999988673410889, 0.0014336070152208835, 0.032480628533814955], [0.0, 0.0, 0.0, 1.0]]}, "Hobj2base": {"type": "ndarray", "data": [[0.9999989971604427, -2.0053803668136647e-05, -0.0014160776651773459, -0.7347147929475337], [-2.107267836798686e-05, -0.999999740942445, -0.0007194935613199672, 0.09233585096989284], [-0.0014160628697491092, 0.0007195226803325451, -0.999998738525735, 0.0031315561347073084], [0.0, 0.0, 0.0, 1.0]]}, "mean_rme": {"type": "float", "data": 0.0016961992535698776}, "max_rme": {"type": "float", "data": 0.004809315233986644}, "simu": {"type": "float", "data": 0.002}}, {"type": "dict", "image_number": {"type": "int", "data": 29}, "Hcamera2end": {"type": "ndarray", "data": [[0.9999952854456204, 0.0006778604819574251, -0.002994927661739472, -0.01293826520401356], [0.0029939407254407735, 0.0014523195970581604, 0.9999944635280341, 0.03170229556294805], [0.0006822063211367861, -0.9999987156356528, 0.0014502832759153428, 0.03243782410782275], [0.0, 0.0, 0.0, 1.0]]}, "Hobj2base": {"type": "ndarray", "data": [[0.9999989739742481, 0.00014269910975342318, -0.001425372728511095, -0.734741584207147], [0.00014168103209053748, -0.9999997348301897, -0.0007143290813770667, 0.0923097265600394], [-0.0014254742846692616, 0.0007141264001777448, -0.9999987290224668, 0.003093804358535315], [0.0, 0.0, 0.0, 1.0]]}, "mean_rme": {"type": "float", "data": 0.001671038161215035}, "max_rme": {"type": "float", "data": 0.004835877414186451}, "simu": {"type": "float", "data": 0.002}}, {"type": "dict", "image_number": {"type": "int", "data": 30}, "Hcamera2end": {"type": "ndarray", "data": [[0.9999952274843564, 0.0010537879693892386, -0.002904227853636271, -0.01297364148095397], [0.002902686657082614, 0.0014611237424427825, 0.9999947197498495, 0.03138949217186184], [0.0010580258413955663, -0.999998377322846, 0.0014580579529287485, 0.0324780919051838], [0.0, 0.0, 0.0, 1.0]]}, "Hobj2base": {"type": "ndarray", "data": [[0.9999986399367452, 0.00046911151725088446, -0.0015811575013634509, -0.7347512171963023], [0.00046785347604156024, -0.9999995738107839, -0.0007959217144974688, 0.09235510583754884], [-0.0015815302035342756, 0.0007951808819604092, -0.9999984332235627, 0.003377194291488659], [0.0, 0.0, 0.0, 1.0]]}, "mean_rme": {"type": "float", "data": 0.00165987508324983}, "max_rme": {"type": "float", "data": 0.004903780170695704}, "simu": {"type": "float", "data": 0.002}}]}