{"type": "list", "data": [{"type": "dict", "image_number": {"type": "int", "data": 5}, "Hcamera2end": {"type": "ndarray", "data": [[0.9999961929283221, 0.0027277167778186366, -0.00041676137287944203, -0.011331310901610464], [0.00042181418687029415, -0.0018520837730560125, 0.9999981959276171, 0.0317362015329703], [0.002726939979844183, -0.9999945646586671, -0.001853227311674921, 0.03287793211964566], [0.0, 0.0, 0.0, 1.0]]}, "Hobj2base": {"type": "ndarray", "data": [[0.9999899399298274, 0.0030123935998216406, 0.003323480696466438, -0.7341341827591419], [0.0030077135882979203, -0.9999944795662703, 0.00141226624822298, 0.09239304953970122], [0.0033277166512188905, -0.0014022559626742127, -0.9999934799687971, 0.005074579889369146], [0.0, 0.0, 0.0, 1.0]]}, "mean_rme": {"type": "float", "data": 0.0019721469601440573}, "max_rme": {"type": "float", "data": 0.004390053226785873}, "simu": {"type": "float", "data": 0.002}}, {"type": "dict", "image_number": {"type": "int", "data": 6}, "Hcamera2end": {"type": "ndarray", "data": [[0.9999957917891279, 0.0023616239575530757, -0.0016849736847741618, -0.012558450376356669], [0.0016899003408796368, -0.0020856900146879465, 0.9999963970605096, 0.03178369780496078], [0.002358101115975512, -0.9999950363024036, -0.0020896721467955626, 0.03399281065722651], [0.0, 0.0, 0.0, 1.0]]}, "Hobj2base": {"type": "ndarray", "data": [[0.9999903071195708, 0.0025769837382166234, 0.003569989036299228, -0.7352306310295993], [0.0025765193934265906, -0.9999966717014477, 0.00013466195786680413, 0.09094181837370412], [0.003570324175985465, -0.00012546250661820294, -0.9999936185018574, 0.0053524697934947225], [0.0, 0.0, 0.0, 1.0]]}, "mean_rme": {"type": "float", "data": 0.001899733347035947}, "max_rme": {"type": "float", "data": 0.004488546631946089}, "simu": {"type": "float", "data": 0.002}}, {"type": "dict", "image_number": {"type": "int", "data": 7}, "Hcamera2end": {"type": "ndarray", "data": [[0.9999929444203011, 0.00360002782975768, -0.0010728043817689861, -0.013663899997073329], [0.0010758225669408234, -0.0008365465411139805, 0.9999990713974133, 0.03195035235578885], [0.0035991270359676643, -0.9999931699714301, -0.0008404136299740017, 0.03423315388281909], [0.0, 0.0, 0.0, 1.0]]}, "Hobj2base": {"type": "ndarray", "data": [[0.9999915194394975, 0.003595584697424302, 0.002008188180615028, -0.7359575698798047], [0.00359615587250834, -0.9999934943622146, -0.0002808846519949592, 0.08929662630629236], [0.0020071651715136657, 0.0002881040276544943, -0.9999979441399083, 0.005463106521350498], [0.0, 0.0, 0.0, 1.0]]}, "mean_rme": {"type": "float", "data": 0.0019333908267031436}, "max_rme": {"type": "float", "data": 0.004437121657165477}, "simu": {"type": "float", "data": 0.002}}, {"type": "dict", "image_number": {"type": "int", "data": 8}, "Hcamera2end": {"type": "ndarray", "data": [[0.9999890478421811, 0.0038805236735377268, -0.0026164349231464737, -0.013727517192883025], [0.0026196841166116445, -0.0008324615719397244, 0.9999962221242942, 0.03233108314218113], [0.0038783309318726135, -0.9999921242408616, -0.0008426182009209082, 0.034280440049826603], [0.0, 0.0, 0.0, 1.0]]}, "Hobj2base": {"type": "ndarray", "data": [[0.9999902784087977, 0.003854759127639973, 0.002141009099262912, -0.7357941576283165], [0.003859042284334741, -0.9999905538188103, -0.0020000164491990402, 0.08844759146918309], [0.002133279293240051, 0.002008259250501924, -0.9999957079979094, 0.005531685457719662], [0.0, 0.0, 0.0, 1.0]]}, "mean_rme": {"type": "float", "data": 0.001883974681020002}, "max_rme": {"type": "float", "data": 0.004336286945285428}, "simu": {"type": "float", "data": 0.002}}, {"type": "dict", "image_number": {"type": "int", "data": 9}, "Hcamera2end": {"type": "ndarray", "data": [[0.9999900041445222, 0.003684696897814341, -0.0025327099734776585, -0.013733191087615147], [0.0025325655362416952, 4.386458116001357e-05, 0.9999967920887062, 0.032296242803446014], [0.0036847961738957348, -0.9999932105192862, 3.4532406321119424e-05, 0.033782355126890984], [0.0, 0.0, 0.0, 1.0]]}, "Hobj2base": {"type": "ndarray", "data": [[0.9999922372490249, 0.003692675636309269, 0.0013746229791751095, -0.7356687829884563], [0.0036951848296650045, -0.999991503208095, -0.0018273261036691538, 0.08854241593384948], [0.0013678635767070968, 0.0018323914045708174, -0.9999973856420707, 0.005986654592920446], [0.0, 0.0, 0.0, 1.0]]}, "mean_rme": {"type": "float", "data": 0.0017983616553024072}, "max_rme": {"type": "float", "data": 0.004220605852600312}, "simu": {"type": "float", "data": 0.002}}, {"type": "dict", "image_number": {"type": "int", "data": 10}, "Hcamera2end": {"type": "ndarray", "data": [[0.9999911748781504, 0.003165402946217147, -0.0027623160580516433, -0.01424959474671212], [0.0027613862525638854, 0.00029807283945681995, 0.9999961429418349, 0.032905767923665376], [0.003166214108464768, -0.9999949456756123, 0.000289329308748143, 0.03369256604552156], [0.0, 0.0, 0.0, 1.0]]}, "Hobj2base": {"type": "ndarray", "data": [[0.9999944261367908, 0.0031723762184344053, 0.001041020883208906, -0.7354871068712818], [0.003174716543321231, -0.9999924198340469, -0.0022542070261383496, 0.08819826527360627], [0.0010338617993367017, 0.0022574994077166066, -0.9999969174083507, 0.0052383871342050695], [0.0, 0.0, 0.0, 1.0]]}, "mean_rme": {"type": "float", "data": 0.0017081189788769582}, "max_rme": {"type": "float", "data": 0.004242241471806629}, "simu": {"type": "float", "data": 0.002}}, {"type": "dict", "image_number": {"type": "int", "data": 11}, "Hcamera2end": {"type": "ndarray", "data": [[0.9999924149857319, 0.002651077351306351, -0.0028533769259048653, -0.013485045992516912], [0.002852454450680879, 0.00035167831368965174, 0.9999958699044563, 0.03280915001641573], [0.00265206987288922, -0.9999964240492268, 0.0003441135688148078, 0.03356909106847858], [0.0, 0.0, 0.0, 1.0]]}, "Hobj2base": {"type": "ndarray", "data": [[0.9999958239080345, 0.002690497545250997, 0.001055172711066887, -0.7350473427852708], [0.00269300010911842, -0.9999935475906236, -0.0023775044754091564, 0.08890709562908602], [0.0010487692327056815, 0.0023803361269578603, -0.999996617035787, 0.0053301098583405015], [0.0, 0.0, 0.0, 1.0]]}, "mean_rme": {"type": "float", "data": 0.001674913684479661}, "max_rme": {"type": "float", "data": 0.004222948169873897}, "simu": {"type": "float", "data": 0.002}}, {"type": "dict", "image_number": {"type": "int", "data": 12}, "Hcamera2end": {"type": "ndarray", "data": [[0.9999942341990712, 0.002669019679364599, -0.002099500551181411, -0.013918918654218813], [0.0020977879757748804, 0.0006442872762298935, 0.999997592086858, 0.03280874524499255], [0.002670365934088601, -0.9999962306068242, 0.0006386845240071715, 0.03367921035939991], [0.0, 0.0, 0.0, 1.0]]}, "Hobj2base": {"type": "ndarray", "data": [[0.9999962455675928, 0.0026986763857331716, 0.00047539087453627924, -0.7353124214108245], [0.002699539270877042, -0.9999946928987031, -0.001823913965406958, 0.08878255503902178], [0.00047046619804069984, 0.001825190453980086, -0.9999982236691038, 0.005562832468548125], [0.0, 0.0, 0.0, 1.0]]}, "mean_rme": {"type": "float", "data": 0.0016007683629608426}, "max_rme": {"type": "float", "data": 0.004342134694315658}, "simu": {"type": "float", "data": 0.002}}, {"type": "dict", "image_number": {"type": "int", "data": 13}, "Hcamera2end": {"type": "ndarray", "data": [[0.9999951748775324, 0.002633543122855464, -0.0016476262541362992, -0.013935657880644468], [0.0016457025281979107, 0.000732470824356013, 0.9999983775735239, 0.03285497142999395], [0.0026347456882859733, -0.9999962639615767, 0.0007281332615192149, 0.03393880601443058], [0.0, 0.0, 0.0, 1.0]]}, "Hobj2base": {"type": "ndarray", "data": [[0.9999964835177367, 0.0026174629614141363, 0.00042642678925393064, -0.735579191513441], [0.002618034388786985, -0.9999956683790054, -0.001345035005602777, 0.08906757587370183], [0.00042290436282572675, 0.001346146675809603, -0.9999990045200184, 0.005810670600640777], [0.0, 0.0, 0.0, 1.0]]}, "mean_rme": {"type": "float", "data": 0.0015848908715500646}, "max_rme": {"type": "float", "data": 0.004505042063975395}, "simu": {"type": "float", "data": 0.002}}, {"type": "dict", "image_number": {"type": "int", "data": 14}, "Hcamera2end": {"type": "ndarray", "data": [[0.9999952441574822, 0.00272675974335589, -0.0014409870643111076, -0.014006266386981192], [0.0014395489115614497, 0.000529311054913828, 0.9999988237636774, 0.032898792355851886], [0.0027275192664251648, -0.9999961422981136, 0.0005253832335732067, 0.03353122178742242], [0.0, 0.0, 0.0, 1.0]]}, "Hobj2base": {"type": "ndarray", "data": [[0.9999962938127727, 0.002689539915156668, 0.0004227715266424879, -0.7352187965527847], [0.002689992641693415, -0.9999958052682154, -0.0010739578952978384, 0.08935528295948102], [0.00041988130060272635, 0.0010750911673045897, -0.9999993339391158, 0.005889457591478361], [0.0, 0.0, 0.0, 1.0]]}, "mean_rme": {"type": "float", "data": 0.0015928833929019684}, "max_rme": {"type": "float", "data": 0.004537195947500572}, "simu": {"type": "float", "data": 0.002}}, {"type": "dict", "image_number": {"type": "int", "data": 15}, "Hcamera2end": {"type": "ndarray", "data": [[0.9999952954853824, 0.0029036311586752633, -0.0009889050495908106, -0.01398305185208288], [0.000987951762560533, 0.0003297245571335372, 0.9999994576163687, 0.03287462446870162], [0.002903955650072775, -0.9999957300947895, 0.00032685435841850463, 0.03431709321048764], [0.0, 0.0, 0.0, 1.0]]}, "Hobj2base": {"type": "ndarray", "data": [[0.9999960003048146, 0.0027984859108098224, 0.000409696204649764, -0.7360017409465112], [0.0027987174906958234, -0.9999959235340765, -0.0005657699508847038, 0.0893834262635167], [0.0004081112353008363, 0.0005669143119111803, -0.9999997560266618, 0.00578629878100414], [0.0, 0.0, 0.0, 1.0]]}, "mean_rme": {"type": "float", "data": 0.0016350485507624418}, "max_rme": {"type": "float", "data": 0.004731328537806334}, "simu": {"type": "float", "data": 0.002}}, {"type": "dict", "image_number": {"type": "int", "data": 16}, "Hcamera2end": {"type": "ndarray", "data": [[0.9999940558938168, 0.00340180069877594, -0.0005620756529925268, -0.014592898699492556], [0.0005611194218427941, 0.0002820434663274307, 0.9999998027982194, 0.0329015258503804], [0.0034019585577002923, -0.9999941740847739, 0.0002801329733898017, 0.03404030065032541], [0.0, 0.0, 0.0, 1.0]]}, "Hobj2base": {"type": "ndarray", "data": [[0.9999945643124956, 0.003284984353098721, 0.00028323711270217717, -0.735662447513065], [0.0032850271984670404, -0.9999945928923903, -0.00015093802683806536, 0.08903639356515222], [0.0002827397521521791, 0.0001518676480049609, -0.9999999484972237, 0.005915595806099842], [0.0, 0.0, 0.0, 1.0]]}, "mean_rme": {"type": "float", "data": 0.0016370736656600292}, "max_rme": {"type": "float", "data": 0.004819147243157573}, "simu": {"type": "float", "data": 0.002}}, {"type": "dict", "image_number": {"type": "int", "data": 17}, "Hcamera2end": {"type": "ndarray", "data": [[0.9999941669554728, 0.00338214140524679, -0.00047662830887298577, -0.014605834788189533], [0.00047587130638702285, 0.00022462463331418547, 0.9999998615451274, 0.03281914485418783], [0.0033822479994319405, -0.9999942553151439, 0.00022301385901979387, 0.033862652245135315], [0.0, 0.0, 0.0, 1.0]]}, "Hobj2base": {"type": "ndarray", "data": [[0.9999944973494352, 0.003298269425402022, 0.00035593489263888736, -0.7355049472270483], [0.0032983014803859585, -0.9999945565829103, -8.950917779664244e-05, 0.08896046880859257], [0.0003556377297523904, 9.068266584222654e-05, -0.999999932649227, 0.0057496376693673785], [0.0, 0.0, 0.0, 1.0]]}, "mean_rme": {"type": "float", "data": 0.0016727958562140946}, "max_rme": {"type": "float", "data": 0.004750651057011224}, "simu": {"type": "float", "data": 0.002}}, {"type": "dict", "image_number": {"type": "int", "data": 18}, "Hcamera2end": {"type": "ndarray", "data": [[0.9999943018592279, 0.0033458150131408255, -0.0004491892399358724, -0.014573435628589227], [0.00044847007424520164, 0.00021569199520621307, 0.99999987617577, 0.03285448451150518], [0.003345911485371245, -0.9999943794836352, 0.00021419026825542087, 0.03384476007251322], [0.0, 0.0, 0.0, 1.0]]}, "Hobj2base": {"type": "ndarray", "data": [[0.9999945589311365, 0.0032815696927602726, 0.0003367617454817865, -0.7355396286924271], [0.003281612734002089, -0.9999946073871249, -0.00012733630377802376, 0.08892497096018942], [0.0003363420665007958, 0.0001284407325647239, -0.9999999351884943, 0.005694904882804009], [0.0, 0.0, 0.0, 1.0]]}, "mean_rme": {"type": "float", "data": 0.0016301990564430288}, "max_rme": {"type": "float", "data": 0.004772757035682029}, "simu": {"type": "float", "data": 0.002}}, {"type": "dict", "image_number": {"type": "int", "data": 19}, "Hcamera2end": {"type": "ndarray", "data": [[0.9999941081616672, 0.003398163622753868, -0.0004859279214123335, -0.014460176189101628], [0.0004852362572299006, 0.0002043620729018647, 0.9999998613909493, 0.032755888548251566], [0.0033982624569749353, -0.9999942053432791, 0.00020271195663579267, 0.03347249832791662], [0.0, 0.0, 0.0, 1.0]]}, "Hobj2base": {"type": "ndarray", "data": [[0.9999943742484227, 0.003337630369790777, 0.0003342080490156456, -0.7351557265672355], [0.003337680192323404, -0.9999944188844847, -0.00014862979455270082, 0.08890805889348653], [0.00033371011244576296, 0.00014974443798371423, -0.9999999331070799, 0.0055994994801649095], [0.0, 0.0, 0.0, 1.0]]}, "mean_rme": {"type": "float", "data": 0.0016675824701117281}, "max_rme": {"type": "float", "data": 0.004960228261342237}, "simu": {"type": "float", "data": 0.002}}, {"type": "dict", "image_number": {"type": "int", "data": 20}, "Hcamera2end": {"type": "ndarray", "data": [[0.9999939865634115, 0.003437892772662359, -0.00045577439498901496, -0.01416547047776681], [0.0004551547201915463, 0.00018102867193670047, 0.9999998800313934, 0.03282441164856525], [0.0034379748684565804, -0.9999940740433937, 0.00017946281020930765, 0.03347956701067529], [0.0, 0.0, 0.0, 1.0]]}, "Hobj2base": {"type": "ndarray", "data": [[0.9999942447013772, 0.003378386178332272, 0.00031156211617844543, -0.735374769311243], [0.0033784174175257157, -0.999994288152082, -9.979461166630302e-05, 0.08914619333998752], [0.0003112231918462952, 0.00010084662419845035, -0.9999999464850404, 0.005528560233396313], [0.0, 0.0, 0.0, 1.0]]}, "mean_rme": {"type": "float", "data": 0.0016436350299535779}, "max_rme": {"type": "float", "data": 0.00498820932177324}, "simu": {"type": "float", "data": 0.002}}, {"type": "dict", "image_number": {"type": "int", "data": 21}, "Hcamera2end": {"type": "ndarray", "data": [[0.9999960488254798, 0.0028042624965553425, -0.00019607467715553745, -0.014191866469726573], [0.00019533300713495214, 0.00026475096534128717, 0.9999999458759702, 0.034812888816002224], [0.0028043142557374104, -0.9999960330015202, 0.0002642021542378359, 0.03347118722579214], [0.0, 0.0, 0.0, 1.0]]}, "Hobj2base": {"type": "ndarray", "data": [[0.9999960602705549, 0.002798313364696609, 0.00022110106702594984, -0.7352802023167522], [0.0027983384226613088, -0.999996078247013, -0.00011310466543611733, 0.08958700527289666], [0.00022078369762528044, 0.00011372293544548666, -0.9999999691608257, 0.0036489580966649524], [0.0, 0.0, 0.0, 1.0]]}, "mean_rme": {"type": "float", "data": 0.001626700342424258}, "max_rme": {"type": "float", "data": 0.004933399639716618}, "simu": {"type": "float", "data": 0.002}}, {"type": "dict", "image_number": {"type": "int", "data": 22}, "Hcamera2end": {"type": "ndarray", "data": [[0.9999960352378536, 0.0028157511712378234, -3.2464057370936404e-05, -0.014163410144284044], [3.171774365534055e-05, 0.0002650938476024267, 0.9999999643596175, 0.03474348791227231], [0.0028157596769052525, -0.9999960006272991, 0.00026500348729452394, 0.03348625025990887], [0.0, 0.0, 0.0, 1.0]]}, "Hobj2base": {"type": "ndarray", "data": [[0.9999960311796415, 0.0028102727550604993, 0.00019998001771610256, -0.7353124444635011], [0.002810268038179811, -0.9999960509042372, 2.386385158102154e-05, 0.08968419647771846], [0.00020004629190779096, -2.330175941761936e-05, -0.999999979719254, 0.0035521367018599274], [0.0, 0.0, 0.0, 1.0]]}, "mean_rme": {"type": "float", "data": 0.0016222211402718157}, "max_rme": {"type": "float", "data": 0.005155437916213423}, "simu": {"type": "float", "data": 0.002}}, {"type": "dict", "image_number": {"type": "int", "data": 23}, "Hcamera2end": {"type": "ndarray", "data": [[0.9999967000471409, 0.0025688725838851163, 2.8079820886948558e-05, -0.014005354958434073], [-2.8862801224181778e-05, 0.0003047587536861851, 0.9999999531445193, 0.03486154451569108], [0.002568863905948139, -0.999996654002277, 0.00030483189285546164, 0.03347946555840003], [0.0, 0.0, 0.0, 1.0]]}, "Hobj2base": {"type": "ndarray", "data": [[0.9999967360421256, 0.0025438066934643133, 0.00023864744227210341, -0.7352465861756269], [0.0025437882719097685, -0.9999967615650882, 7.746330622715397e-05, 0.08988893445078014], [0.00023884372110477325, -7.685598482541258e-05, -0.9999999685234167, 0.0033343515475520507], [0.0, 0.0, 0.0, 1.0]]}, "mean_rme": {"type": "float", "data": 0.0016068326864781934}, "max_rme": {"type": "float", "data": 0.005263272149566012}, "simu": {"type": "float", "data": 0.002}}, {"type": "dict", "image_number": {"type": "int", "data": 24}, "Hcamera2end": {"type": "ndarray", "data": [[0.9999966097141837, 0.0026012075896838915, 0.00011949566537663037, -0.013853130801314874], [-0.00012027975195256341, 0.000301277408187417, 0.9999999473823508, 0.034878811057652385], [0.0026011714514701093, -0.9999965714696218, 0.00030158925937451286, 0.03341396927126529], [0.0, 0.0, 0.0, 1.0]]}, "Hobj2base": {"type": "ndarray", "data": [[0.9999966775626102, 0.0025695941275486766, 0.00020506038270035125, -0.7352601308489599], [0.002569558376541698, -0.9999966834686898, 0.00017441723239583528, 0.09010178495782861], [0.00020550788410727915, -0.0001738897382814364, -0.9999999637644337, 0.003313836218949019], [0.0, 0.0, 0.0, 1.0]]}, "mean_rme": {"type": "float", "data": 0.0015922943606832831}, "max_rme": {"type": "float", "data": 0.00531004476473429}, "simu": {"type": "float", "data": 0.002}}, {"type": "dict", "image_number": {"type": "int", "data": 25}, "Hcamera2end": {"type": "ndarray", "data": [[0.9999965361911386, 0.0026286339448762294, 0.00013375092004391494, -0.013850834767312269], [-0.00013435377574438434, 0.00022916657723670575, 0.9999999647158707, 0.03485408885724591], [0.002628603200886621, -0.9999965188770726, 0.00022951895034306613, 0.03346025530744035], [0.0, 0.0, 0.0, 1.0]]}, "Hobj2base": {"type": "ndarray", "data": [[0.999996568444317, 0.002606650396710622, 0.00026167403366541463, -0.7352616856613905], [0.0026066161792324396, -0.9999965941871616, 0.00013101973810293856, 0.09010359591473362], [0.00026201466510493416, -0.0001303372047315744, -0.9999999571802634, 0.0033047434362895524], [0.0, 0.0, 0.0, 1.0]]}, "mean_rme": {"type": "float", "data": 0.001538763092945037}, "max_rme": {"type": "float", "data": 0.00532425392876501}, "simu": {"type": "float", "data": 0.002}}, {"type": "dict", "image_number": {"type": "int", "data": 26}, "Hcamera2end": {"type": "ndarray", "data": [[0.999995840699664, 0.0028787340419830594, 0.00017740825154586855, -0.013781518480877619], [-0.00017797469835924957, 0.00019651443661683476, 0.9999999648535408, 0.03481747858765719], [0.002878699077523148, -0.9999958371275312, 0.0001970259610770686, 0.03360810112866165], [0.0, 0.0, 0.0, 1.0]]}, "Hobj2base": {"type": "ndarray", "data": [[0.999995881684692, 0.00285119220486004, 0.00032759222592470633, -0.7352907951694264], [0.002851149067746566, -0.9999959267448353, 0.00013207093309065083, 0.09020240722901988], [0.0003279674511728968, -0.00013113637491135908, -0.999999937620299, 0.003319683716707997], [0.0, 0.0, 0.0, 1.0]]}, "mean_rme": {"type": "float", "data": 0.0015420392936193739}, "max_rme": {"type": "float", "data": 0.005336079407619154}, "simu": {"type": "float", "data": 0.002}}, {"type": "dict", "image_number": {"type": "int", "data": 27}, "Hcamera2end": {"type": "ndarray", "data": [[0.9999950631436512, 0.003142052741741253, 3.453828578341362e-05, -0.01366952694635581], [-3.496849382873812e-05, 0.00013686458848449767, 0.9999999900226442, 0.034861112763989], [0.0031420479833236046, -0.9999950543740965, 0.00013697378565558083, 0.03369763809218373], [0.0, 0.0, 0.0, 1.0]]}, "Hobj2base": {"type": "ndarray", "data": [[0.9999951145073237, 0.003103630429078247, 0.0003720747830951274, -0.7352598568117805], [0.0031036393112706226, -0.9999951834285365, -2.3297045114104554e-05, 0.09020141803851416], [0.00037200068555222126, 2.44517172201078e-05, -0.999999930508799, 0.003394255000524811], [0.0, 0.0, 0.0, 1.0]]}, "mean_rme": {"type": "float", "data": 0.001570720269763372}, "max_rme": {"type": "float", "data": 0.005159776979860697}, "simu": {"type": "float", "data": 0.002}}, {"type": "dict", "image_number": {"type": "int", "data": 28}, "Hcamera2end": {"type": "ndarray", "data": [[0.999995270832283, 0.003073663958048262, 0.00010441715349945478, -0.013668230545775822], [-0.00010485734804280777, 0.00014305412166981668, 0.9999999842702271, 0.03484466592984311], [0.003073648972396046, -0.9999952660514903, 0.00014337574139422493, 0.03360571690490996], [0.0, 0.0, 0.0, 1.0]]}, "Hobj2base": {"type": "ndarray", "data": [[0.9999953393306121, 0.0030288686054503527, 0.00038376037424248767, -0.7351783201207097], [0.003028854718463687, -0.9999954123332788, 3.676262161149811e-05, 0.09018939809142132], [0.00038386996282824287, -3.5600095852789205e-05, -0.9999999256882397, 0.003366273595114338], [0.0, 0.0, 0.0, 1.0]]}, "mean_rme": {"type": "float", "data": 0.0015522748586249762}, "max_rme": {"type": "float", "data": 0.0052218033367053}, "simu": {"type": "float", "data": 0.002}}, {"type": "dict", "image_number": {"type": "int", "data": 29}, "Hcamera2end": {"type": "ndarray", "data": [[0.9999946866842138, 0.003259846657192488, -1.764327330731983e-06, -0.0136426255029439], [1.395667770030416e-06, 0.000113093345733839, 0.9999999936039734, 0.03487886618854595], [0.0032598468358761034, -0.9999946802906836, 0.00011308819517030777, 0.03378957408718825], [0.0, 0.0, 0.0, 1.0]]}, "Hobj2base": {"type": "ndarray", "data": [[0.9999947843151498, 0.0031999537462517494, 0.0004377653696891384, -0.7352656680072344], [0.003199989809430284, -0.9999948766816691, -8.1704548436328e-05, 0.09022746349701471], [0.0004375016761019405, 8.310496701307925e-05, -0.9999999008429192, 0.0034481034944191563], [0.0, 0.0, 0.0, 1.0]]}, "mean_rme": {"type": "float", "data": 0.0016041289463477346}, "max_rme": {"type": "float", "data": 0.0050545335157026194}, "simu": {"type": "float", "data": 0.002}}, {"type": "dict", "image_number": {"type": "int", "data": 30}, "Hcamera2end": {"type": "ndarray", "data": [[0.9999950172578899, 0.0031566523755044524, -3.1704461303415626e-05, -0.013761755230170992], [3.138622182140261e-05, 0.00010086498502015484, 0.9999999944205802, 0.034887393564004485], [0.003156655555762177, -0.999995012673581, 0.00010076540704428982, 0.03388442581028546], [0.0, 0.0, 0.0, 1.0]]}, "Hobj2base": {"type": "ndarray", "data": [[0.9999950870876546, 0.0031000994968466574, 0.0004638789321502341, -0.7353970558702457], [0.003100151557450879, -0.9999951882966676, -0.00011155193059280567, 0.0902106671457841], [0.00046353087801852743, 0.0001129894775419229, -0.9999998861862449, 0.003485193729104476], [0.0, 0.0, 0.0, 1.0]]}, "mean_rme": {"type": "float", "data": 0.0016214098863031837}, "max_rme": {"type": "float", "data": 0.004990029509214344}, "simu": {"type": "float", "data": 0.002}}]}