{"type": "list", "data": [{"type": "dict", "image_number": {"type": "int", "data": 5}, "Hcamera2end": {"type": "ndarray", "data": [[0.9999980274891987, 0.00012230741873362752, -0.0019824375417962833, -0.017055141829309572], [0.001982187897623172, 0.0020085505107630963, 0.9999960183200652, 0.02283288013235519], [0.00012628875768176337, -0.9999979753808209, 0.0020083041125903422, 0.03629813099278298], [0.0, 0.0, 0.0, 1.0]]}, "Hobj2base": {"type": "ndarray", "data": [[0.9999998484488676, -0.0005463432255532626, -6.790671384036225e-05, -0.7389897870183916], [-0.000546286582556758, -0.9999995051991473, 0.0008313678069231157, 0.08812123410852915], [-6.836089240931785e-05, -0.0008313305844017465, -0.9999996521080634, 0.002760457163018981], [0.0, 0.0, 0.0, 1.0]]}, "mean_rme": {"type": "float", "data": 0.0011076311072940248}, "max_rme": {"type": "float", "data": 0.002265329110704012}, "simu": {"type": "float", "data": 0.002}}, {"type": "dict", "image_number": {"type": "int", "data": 6}, "Hcamera2end": {"type": "ndarray", "data": [[0.9999995205632484, 0.00013165169345031983, -0.0009703304102135089, -0.015407332388439974], [0.00097003399915015, 0.0022331658941018295, 0.9999970359976723, 0.024243413177517777], [0.00013381821201249253, -0.99999749781583, 0.0022330371168213237, 0.03615065485272847], [0.0, 0.0, 0.0, 1.0]]}, "Hobj2base": {"type": "ndarray", "data": [[0.9999997444758627, -0.0006776133059967991, -0.00022779029122950344, -0.7389731546817079], [-0.0006771639218494321, -0.9999978359420809, 0.0019671197671953023, 0.08922420357610016], [-0.00022912274480686064, -0.0019669650131817523, -0.9999980392737804, 0.0006277451888329436], [0.0, 0.0, 0.0, 1.0]]}, "mean_rme": {"type": "float", "data": 0.0011526223881429493}, "max_rme": {"type": "float", "data": 0.0025376136630939627}, "simu": {"type": "float", "data": 0.002}}, {"type": "dict", "image_number": {"type": "int", "data": 7}, "Hcamera2end": {"type": "ndarray", "data": [[0.9999999376004034, -0.00013406654455995658, -0.00032684147662927513, -0.015895436405182376], [0.0003271597042281294, 0.002380540042160484, 0.9999971129936503, 0.023516481206139896], [-0.00013328809828643635, -0.9999971575235947, 0.0023805837547867803, 0.036015538457002706], [0.0, 0.0, 0.0, 1.0]]}, "Hobj2base": {"type": "ndarray", "data": [[0.9999995001337625, -0.0009775898867222994, -0.00020988148677260018, -0.7389835868602012], [-0.000977028852407063, -0.9999959934967009, 0.0026567659227164355, 0.0901308658239092], [-0.00021247787337916698, -0.0026565595344206867, -0.9999964487659914, 0.0011242451559505856], [0.0, 0.0, 0.0, 1.0]]}, "mean_rme": {"type": "float", "data": 0.0013374032359389667}, "max_rme": {"type": "float", "data": 0.004417360318151792}, "simu": {"type": "float", "data": 0.002}}, {"type": "dict", "image_number": {"type": "int", "data": 8}, "Hcamera2end": {"type": "ndarray", "data": [[0.9999999813603421, 3.0211854811265933e-05, -0.0001907001817336329, -0.015439718496207339], [0.00019063991449310715, 0.0019824205956719965, 0.999998016830536, 0.023653520304474495], [3.058984286390518e-05, -0.9999980345459814, 0.0019824147991348573, 0.03596437870201692], [0.0, 0.0, 0.0, 1.0]]}, "Hobj2base": {"type": "ndarray", "data": [[0.9999997888760477, -0.0006119543112284055, -0.00021854011290455577, -0.7388100829283772], [-0.0006113870237576676, -0.9999964680916187, 0.002586505402185605, 0.0900602585500881], [-0.0002201221641727824, -0.0025863712435231618, -0.9999966311093371, 0.0007074787056015469], [0.0, 0.0, 0.0, 1.0]]}, "mean_rme": {"type": "float", "data": 0.0013291085845879662}, "max_rme": {"type": "float", "data": 0.004991918263310996}, "simu": {"type": "float", "data": 0.002}}, {"type": "dict", "image_number": {"type": "int", "data": 9}, "Hcamera2end": {"type": "ndarray", "data": [[0.99999976929973, -0.0002456200117885437, -0.000633301899956394, -0.01644059657128616], [0.0006337674610513485, 0.0019000292935520413, 0.9999979941117327, 0.023460969541820743], [-0.0002444162269406645, -0.9999981647780627, 0.0019001845211860102, 0.03501598216560369], [0.0, 0.0, 0.0, 1.0]]}, "Hobj2base": {"type": "ndarray", "data": [[0.9999997824443634, -0.0006595193249810683, 1.2061749949558406e-05, -0.7374006849412827], [-0.000659545404572437, -0.9999971195854211, 0.0023077739750324237, 0.08904796116839142], [1.0539693672495745e-05, -0.002307781428234938, -0.9999973370133513, 0.000824992728477198], [0.0, 0.0, 0.0, 1.0]]}, "mean_rme": {"type": "float", "data": 0.0014186729591305085}, "max_rme": {"type": "float", "data": 0.004804529105915195}, "simu": {"type": "float", "data": 0.002}}, {"type": "dict", "image_number": {"type": "int", "data": 10}, "Hcamera2end": {"type": "ndarray", "data": [[0.9999996772554915, -0.00027158487133709927, -0.000756128673153554, -0.01645217878264125], [0.0007565796914289385, 0.0016644442712748786, 0.9999983286048223, 0.02396011965064348], [-0.00027032588337307795, -0.9999985779324515, 0.0016646492096827892, 0.03484653508115035], [0.0, 0.0, 0.0, 1.0]]}, "Hobj2base": {"type": "ndarray", "data": [[0.9999998302896078, -0.0005579594457933351, 0.0001676365488533896, -0.737264474169954], [-0.0005583175541606754, -0.9999975461533996, 0.002143821048551237, 0.08863183187678489], [0.00016643997229488439, -0.00214391427915047, -0.999997687961977, 0.0003624344501579835], [0.0, 0.0, 0.0, 1.0]]}, "mean_rme": {"type": "float", "data": 0.0013795263592739084}, "max_rme": {"type": "float", "data": 0.005147547885490961}, "simu": {"type": "float", "data": 0.002}}, {"type": "dict", "image_number": {"type": "int", "data": 11}, "Hcamera2end": {"type": "ndarray", "data": [[0.9999994405214763, -0.00011887837131595937, -0.0010511064015077697, -0.01627644537276713], [0.001051269448096738, 0.001379897493445581, 0.9999984953565956, 0.024070109578514836], [-0.0001174277733576168, -0.9999990408749603, 0.0013800216946223687, 0.034815320953037264], [0.0, 0.0, 0.0, 1.0]]}, "Hobj2base": {"type": "ndarray", "data": [[0.9999999256522144, -0.000378214368191882, 7.516287173088843e-05, -0.7372080633806944], [-0.00037832669489945114, -0.9999988032963796, 0.0015000915708038316, 0.08823853475093706], [7.459542559752615e-05, -0.0015001198953961863, -0.999998872037275, 0.00031814972537487116], [0.0, 0.0, 0.0, 1.0]]}, "mean_rme": {"type": "float", "data": 0.0014024319485416898}, "max_rme": {"type": "float", "data": 0.005503782297969634}, "simu": {"type": "float", "data": 0.002}}, {"type": "dict", "image_number": {"type": "int", "data": 12}, "Hcamera2end": {"type": "ndarray", "data": [[0.9999984032326501, -0.00017418511442490053, -0.0017785363915298492, -0.015516186016337117], [0.0017787941289009747, 0.0014908700423359456, 0.9999973065953545, 0.02429080663986611], [-0.00017153307864856842, -0.9999988734823966, 0.001491177501222296, 0.03405207232056853], [0.0, 0.0, 0.0, 1.0]]}, "Hobj2base": {"type": "ndarray", "data": [[0.9999999093010066, -0.000425432599031496, -2.0126654670290753e-05, -0.7367939040907993], [-0.0004254176722010134, -0.9999996387168342, 0.0007359252714222659, 0.08855231851943862], [-2.043973399978337e-05, -0.0007359166424400056, -0.9999997290044194, -0.00015457459590271136], [0.0, 0.0, 0.0, 1.0]]}, "mean_rme": {"type": "float", "data": 0.0014478187686244612}, "max_rme": {"type": "float", "data": 0.005527530093881877}, "simu": {"type": "float", "data": 0.002}}, {"type": "dict", "image_number": {"type": "int", "data": 13}, "Hcamera2end": {"type": "ndarray", "data": [[0.9999977795484224, -1.5553047184594304e-05, -0.0021072864844264637, -0.014396007936169878], [0.002107299078398436, 0.0008598108502115842, 0.9999974100045941, 0.02467177618238146], [-1.3741139118459214e-05, -0.9999996302416341, 0.0008598417159652039, 0.034150915287071995], [0.0, 0.0, 0.0, 1.0]]}, "Hobj2base": {"type": "ndarray", "data": [[0.999999863961862, -0.00016104340918747292, 0.0004961262720278841, -0.7366447511787707], [-0.00016129905350574842, -0.9999998542325796, 0.0005152838395152883, 0.08948254096597544], [0.0004960432166426223, -0.0005153637941151317, -0.999999744170611, -0.0006752542619217589], [0.0, 0.0, 0.0, 1.0]]}, "mean_rme": {"type": "float", "data": 0.001529091820919759}, "max_rme": {"type": "float", "data": 0.005487280541162737}, "simu": {"type": "float", "data": 0.002}}, {"type": "dict", "image_number": {"type": "int", "data": 14}, "Hcamera2end": {"type": "ndarray", "data": [[0.9999983249902747, -2.6167575170271337e-05, -0.0018301180024657036, -0.01457758503685862], [0.0018301398291194848, 0.0008599482792996938, 0.9999979555364916, 0.024347932385160236], [-2.4593714844482707e-05, -0.9999996299020392, 0.0008599947291995091, 0.033247092737895646], [0.0, 0.0, 0.0, 1.0]]}, "Hobj2base": {"type": "ndarray", "data": [[0.9999998699814576, -0.00010276608877398633, 0.0004994759241526419, -0.7359458573967836], [-0.00010315396500416079, -0.9999996931237005, 0.0007766027068899962, 0.08927292710341125], [0.0004993959624526002, -0.0007766541288392448, -0.9999995737059277, -0.0001283054928326469], [0.0, 0.0, 0.0, 1.0]]}, "mean_rme": {"type": "float", "data": 0.0015497337491871244}, "max_rme": {"type": "float", "data": 0.005682239361967684}, "simu": {"type": "float", "data": 0.002}}, {"type": "dict", "image_number": {"type": "int", "data": 15}, "Hcamera2end": {"type": "ndarray", "data": [[0.9999976526474693, -0.00013289491319168172, -0.002162646178485729, -0.014518066311887536], [0.002162770005176064, 0.0009387935703336625, 0.999997220542406, 0.024198078517063935], [-0.00013086426548863678, -0.9999995505026863, 0.0009390787877863183, 0.03352096465703517], [0.0, 0.0, 0.0, 1.0]]}, "Hobj2base": {"type": "ndarray", "data": [[0.9999998930425131, -0.00019873294478313104, 0.000417636419661198, -0.7361957450025784], [-0.00019892082488706658, -0.9999998790229039, 0.0004498718530129969, 0.0891155505178097], [0.0004175469647786321, -0.000449954881476936, -0.9999998115975512, -0.0002547102781134976], [0.0, 0.0, 0.0, 1.0]]}, "mean_rme": {"type": "float", "data": 0.0015765129511844216}, "max_rme": {"type": "float", "data": 0.005724416427859341}, "simu": {"type": "float", "data": 0.002}}, {"type": "dict", "image_number": {"type": "int", "data": 16}, "Hcamera2end": {"type": "ndarray", "data": [[0.9999975708775949, -7.027163698469351e-05, -0.0022030208366192764, -0.01496189294593869], [0.0022031130096738702, 0.00133972850364672, 0.9999966757047761, 0.02433186966987319], [-6.731995357207952e-05, -0.9999991000943119, 0.001339880065639787, 0.03300666423585909], [0.0, 0.0, 0.0, 1.0]]}, "Hobj2base": {"type": "ndarray", "data": [[0.9999999677369612, -0.00023929203011518153, 8.523732076842052e-05, -0.7357114212364546], [-0.00023931602653505375, -0.9999999317073314, 0.0002816259413684514, 0.08877867540504328], [8.516992410409332e-05, -0.0002816463309392616, -0.9999999567107127, -2.096475602133066e-05], [0.0, 0.0, 0.0, 1.0]]}, "mean_rme": {"type": "float", "data": 0.001670495742462392}, "max_rme": {"type": "float", "data": 0.005575597421688644}, "simu": {"type": "float", "data": 0.002}}, {"type": "dict", "image_number": {"type": "int", "data": 17}, "Hcamera2end": {"type": "ndarray", "data": [[0.9999976155614778, -0.00029137945276945455, -0.0021642479925623763, -0.014773899313456428], [0.002164629952491018, 0.0013169969865136633, 0.9999967899429009, 0.024499350115865397], [-0.000288528209340501, -0.9999990903080621, 0.001317624574906251, 0.03320249853083833], [0.0, 0.0, 0.0, 1.0]]}, "Hobj2base": {"type": "ndarray", "data": [[0.9999999117069633, -0.00039628585699422745, 0.0001397983731696925, -0.7357435611602924], [-0.00039632822147814295, -0.9999998755142867, 0.0003031424605301484, 0.08907099209140804], [0.0001396782246970298, -0.0003031978398053839, -0.9999999442805299, -0.00017426053012374026], [0.0, 0.0, 0.0, 1.0]]}, "mean_rme": {"type": "float", "data": 0.001667112499933567}, "max_rme": {"type": "float", "data": 0.005550348185457271}, "simu": {"type": "float", "data": 0.002}}, {"type": "dict", "image_number": {"type": "int", "data": 18}, "Hcamera2end": {"type": "ndarray", "data": [[0.9999973527382061, -0.00036973759715047347, -0.002271081391986111, -0.014510253916192019], [0.002271254667363745, 0.0004689007776456089, 0.9999973107635324, 0.024687901622193864], [-0.0003686716910078447, -0.9999998217130691, 0.0004697393045858256, 0.03391353329580153], [0.0, 0.0, 0.0, 1.0]]}, "Hobj2base": {"type": "ndarray", "data": [[0.9999995512347133, -0.0002490325355408616, 0.000914064094140508, -0.7358186835755087], [-0.0002489281865387925, -0.9999999624884035, -0.00011427138584661286, 0.08911192554578207], [0.0009140925171454616, 0.00011404379824824701, -0.9999995757143512, -0.0007708087478644857], [0.0, 0.0, 0.0, 1.0]]}, "mean_rme": {"type": "float", "data": 0.0016763875112184754}, "max_rme": {"type": "float", "data": 0.005735151899214391}, "simu": {"type": "float", "data": 0.002}}, {"type": "dict", "image_number": {"type": "int", "data": 19}, "Hcamera2end": {"type": "ndarray", "data": [[0.9999975655997256, -0.0002724931241022174, -0.0021896442906862465, -0.014376353815918024], [0.0021897656660574494, 0.0004459271095373918, 0.9999975030345528, 0.024854520242442245], [-0.00027151602194684134, -0.9999998634482458, 0.0004465227200597388, 0.03378101017157771], [0.0, 0.0, 0.0, 1.0]]}, "Hobj2base": {"type": "ndarray", "data": [[0.9999996093665776, -0.00015427978700389866, 0.0008703243300088295, -0.7358186630093118], [-0.00015428658468631302, -0.9999999880678447, 7.743382065429682e-06, 0.08935023487326481], [0.0008703231249766489, -7.877658409052311e-06, -0.9999996212377285, -0.0008741896128418756], [0.0, 0.0, 0.0, 1.0]]}, "mean_rme": {"type": "float", "data": 0.0016918466804409665}, "max_rme": {"type": "float", "data": 0.005657528054316158}, "simu": {"type": "float", "data": 0.002}}, {"type": "dict", "image_number": {"type": "int", "data": 20}, "Hcamera2end": {"type": "ndarray", "data": [[0.9999977252330804, -0.00028173487762113913, -0.0021142738998099807, -0.014362259186079605], [0.0021143787930498104, 0.0003725356043746686, 0.9999976953071155, 0.024878775302468712], [-0.00028094658600369274, -0.999999890921335, 0.00037313045119347077, 0.03386260275321131], [0.0, 0.0, 0.0, 1.0]]}, "Hobj2base": {"type": "ndarray", "data": [[0.9999995716577156, -0.00011271621424229149, 0.000918683536583958, -0.7358544688518097], [-0.00011282389005020465, -0.9999999867726612, 0.00011715565515210065, 0.08942997426067474], [0.0009186703190902938, -0.00011725925441970217, -0.9999995711474643, -0.000832367266681533], [0.0, 0.0, 0.0, 1.0]]}, "mean_rme": {"type": "float", "data": 0.0016477575402276162}, "max_rme": {"type": "float", "data": 0.00564061979770028}, "simu": {"type": "float", "data": 0.002}}, {"type": "dict", "image_number": {"type": "int", "data": 21}, "Hcamera2end": {"type": "ndarray", "data": [[0.9999976175416502, -0.00026105406961879753, -0.002167201374188306, -0.014316092223505921], [0.002167311560477584, 0.0004225414514654746, 0.9999975621066891, 0.02471806797954177], [-0.00026013770078255993, -0.9999998766547397, 0.0004231062302810784, 0.03371413676007993], [0.0, 0.0, 0.0, 1.0]]}, "Hobj2base": {"type": "ndarray", "data": [[0.9999996292926772, -9.35990811554314e-05, 0.0008559519380311892, -0.735733525943194], [-9.369884818959904e-05, -0.9999999888221036, 0.00011651745983389715, 0.0893839508786692], [0.000855941022536268, -0.00011659761835072072, -0.9999996268849112, -0.0007167775901930285], [0.0, 0.0, 0.0, 1.0]]}, "mean_rme": {"type": "float", "data": 0.0016099026783704222}, "max_rme": {"type": "float", "data": 0.005694566431773768}, "simu": {"type": "float", "data": 0.002}}, {"type": "dict", "image_number": {"type": "int", "data": 22}, "Hcamera2end": {"type": "ndarray", "data": [[0.9999977596712796, -0.00034965937127249993, -0.00208767591975946, -0.014264506562907113], [0.0020878575363773196, 0.000519853007558857, 0.9999976852992001, 0.024916459498742483], [-0.0003485732773099787, -0.999999803745568, 0.000520581881870763, 0.03407843145860076], [0.0, 0.0, 0.0, 1.0]]}, "Hobj2base": {"type": "ndarray", "data": [[0.9999996549079502, -0.0002007264182978681, 0.0008061593425091555, -0.7360956260725883], [-0.0002009196374244776, -0.9999999511104314, 0.00023960474571533877, 0.08960931412269459], [0.0008061112080939583, -0.00023976663627244923, -0.9999996463482776, -0.0009041390521497776], [0.0, 0.0, 0.0, 1.0]]}, "mean_rme": {"type": "float", "data": 0.0016270223187001944}, "max_rme": {"type": "float", "data": 0.005591380364957016}, "simu": {"type": "float", "data": 0.002}}, {"type": "dict", "image_number": {"type": "int", "data": 23}, "Hcamera2end": {"type": "ndarray", "data": [[0.9999981666080029, -0.0005259600999848843, -0.0018412350762493073, -0.014704895179380128], [0.0018415059354315935, 0.0005149612373640533, 0.999998171833736, 0.0249416207948644], [-0.0005250109737492294, -0.999999729090412, 0.0005159288518841176, 0.03404099583869684], [0.0, 0.0, 0.0, 1.0]]}, "Hobj2base": {"type": "ndarray", "data": [[0.9999996169333353, -0.00036145782247325875, 0.0007971708883852324, -0.7358845121059592], [-0.000361816103043489, -0.9999998335905591, 0.00044934169794142115, 0.08941755882770161], [0.0007970083376567863, -0.0004496299550778909, -0.9999995813052189, -0.0007563603526045392], [0.0, 0.0, 0.0, 1.0]]}, "mean_rme": {"type": "float", "data": 0.0016449217140394171}, "max_rme": {"type": "float", "data": 0.005533390621136641}, "simu": {"type": "float", "data": 0.002}}, {"type": "dict", "image_number": {"type": "int", "data": 24}, "Hcamera2end": {"type": "ndarray", "data": [[0.9999982073626595, -0.000522149591948004, -0.0018200635348762828, -0.014609972810148352], [0.0018203483640491635, 0.0005455377826250052, 0.9999981943585505, 0.024956022211883], [-0.0005211557357080046, -0.9999997148741251, 0.0005464872988290015, 0.034065204977301845], [0.0, 0.0, 0.0, 1.0]]}, "Hobj2base": {"type": "ndarray", "data": [[0.9999996575143519, -0.0003753534334037496, 0.0007376184507223712, -0.7359901894293944], [-0.00037569935372265296, -0.9999998194976647, 0.0004688865891291319, 0.08952423429516067], [0.0007374423193894118, -0.0004691635513174349, -0.9999996180321207, -0.0006877134133048459], [0.0, 0.0, 0.0, 1.0]]}, "mean_rme": {"type": "float", "data": 0.0016388534976804559}, "max_rme": {"type": "float", "data": 0.005533206079809644}, "simu": {"type": "float", "data": 0.002}}, {"type": "dict", "image_number": {"type": "int", "data": 25}, "Hcamera2end": {"type": "ndarray", "data": [[0.9999984130164047, -0.00042993730145805006, -0.0017289067612094374, -0.01469024820433161], [0.0017292101042496693, 0.0007061838397183218, 0.9999982555668785, 0.025001732864604012], [-0.0004287156254460351, -0.9999996582290924, 0.0007069261709420349, 0.033938466739916184], [0.0, 0.0, 0.0, 1.0]]}, "Hobj2base": {"type": "ndarray", "data": [[0.9999997792619086, -0.00034478115182451477, 0.0005679807138122863, -0.736027325868944], [-0.0003451213863203449, -0.999999761023717, 0.0005990356725818034, 0.0895325800156721], [0.0005677740418691899, -0.0005992315626431665, -0.9999996592770277, -0.000527406728201556], [0.0, 0.0, 0.0, 1.0]]}, "mean_rme": {"type": "float", "data": 0.0016518658312882973}, "max_rme": {"type": "float", "data": 0.0054759088593346605}, "simu": {"type": "float", "data": 0.002}}, {"type": "dict", "image_number": {"type": "int", "data": 26}, "Hcamera2end": {"type": "ndarray", "data": [[0.9999983530399644, -0.00040819452705734413, -0.0017684158409901345, -0.014658180256717477], [0.0017687125044835391, 0.0007275566667760414, 0.9999981711570144, 0.024984662922235695], [-0.00040690715779890163, -0.9999996520192019, 0.0007282774472835429, 0.03392904575607225], [0.0, 0.0, 0.0, 1.0]]}, "Hobj2base": {"type": "ndarray", "data": [[0.9999997962987935, -0.0003206239490694661, 0.0005519081941290567, -0.7360394719855479], [-0.0003209717133268956, -0.9999997499507753, 0.0006301393068153177, 0.08956361236603994], [0.0005517060183718258, -0.0006303163253738494, -0.9999996491608381, -0.000464781170618299], [0.0, 0.0, 0.0, 1.0]]}, "mean_rme": {"type": "float", "data": 0.0016132014061333321}, "max_rme": {"type": "float", "data": 0.005447768418809312}, "simu": {"type": "float", "data": 0.002}}, {"type": "dict", "image_number": {"type": "int", "data": 27}, "Hcamera2end": {"type": "ndarray", "data": [[0.9999984963089039, -0.00040462278702646667, -0.0016863156084565502, -0.014618882576385751], [0.0016865869010154624, 0.0006710808333357798, 0.999998352536213, 0.025041352995452446], [-0.0004034904663412875, -0.9999996929654105, 0.0006717622557299574, 0.03395331249113165], [0.0, 0.0, 0.0, 1.0]]}, "Hobj2base": {"type": "ndarray", "data": [[0.9999997855229005, -0.0002892993078251487, 0.0005875883452560084, -0.7360413417787035], [-0.00028972764147885613, -0.9999996922976948, 0.0007290146839800761, 0.08967655514510184], [0.0005873772610102502, -0.0007291847682085526, -0.9999995616386674, -0.00042485787707525265], [0.0, 0.0, 0.0, 1.0]]}, "mean_rme": {"type": "float", "data": 0.0016088057439161512}, "max_rme": {"type": "float", "data": 0.005423479476307974}, "simu": {"type": "float", "data": 0.002}}, {"type": "dict", "image_number": {"type": "int", "data": 28}, "Hcamera2end": {"type": "ndarray", "data": [[0.999998446108517, -0.00040344025138825605, -0.0017161050419718573, -0.014577286124782936], [0.0017163556765912166, 0.0006217202564399171, 0.9999983337921692, 0.025002943510249502], [-0.0004023726419061769, -0.9999997253499056, 0.0006224117373198057, 0.034003263326472424], [0.0, 0.0, 0.0, 1.0]]}, "Hobj2base": {"type": "ndarray", "data": [[0.9999997645905694, -0.000244101051756684, 0.0006412748883637321, -0.7360623335789638], [-0.00024458609124897304, -0.999999684019802, 0.0007563980039088904, 0.08970060699155313], [0.0006410900481852651, -0.000756554672764028, -0.999999508314168, -0.00038686284960313955], [0.0, 0.0, 0.0, 1.0]]}, "mean_rme": {"type": "float", "data": 0.0015594960275613018}, "max_rme": {"type": "float", "data": 0.0054234253627587214}, "simu": {"type": "float", "data": 0.002}}, {"type": "dict", "image_number": {"type": "int", "data": 29}, "Hcamera2end": {"type": "ndarray", "data": [[0.9999981906414431, -0.00036865730848936826, -0.0018662276466059344, -0.014638209515335704], [0.0018664550930446626, 0.0006175814033810845, 0.9999980674674305, 0.025000193184467993], [-0.00036750404855809347, -0.9999997413424659, 0.0006182683682659507, 0.03392221506706644], [0.0, 0.0, 0.0, 1.0]]}, "Hobj2base": {"type": "ndarray", "data": [[0.9999997730116685, -0.000187025181065227, 0.0006473006974809325, -0.7359705926754365], [-0.00018745877533909874, -0.9999997580773763, 0.0006698540110137626, 0.08958974875328622], [0.0006471752613165523, -0.0006699752011607444, -0.9999995661486112, -0.0004953754381665002], [0.0, 0.0, 0.0, 1.0]]}, "mean_rme": {"type": "float", "data": 0.001583302573714456}, "max_rme": {"type": "float", "data": 0.005375197485124078}, "simu": {"type": "float", "data": 0.002}}, {"type": "dict", "image_number": {"type": "int", "data": 30}, "Hcamera2end": {"type": "ndarray", "data": [[0.9999981257966549, -0.00031641559287307725, -0.0019100482586003281, -0.014639598973148524], [0.0019102350848308914, 0.0005911995105734036, 0.9999980007405311, 0.025011812559209184], [-0.0003152857406805512, -0.9999997751821303, 0.0005918028307122514, 0.03385921044738374], [0.0, 0.0, 0.0, 1.0]]}, "Hobj2base": {"type": "ndarray", "data": [[0.9999997964072246, -0.00013495710822459753, 0.0006236762687985107, -0.7359531086817199], [-0.00013536807381989298, -0.9999997737332362, 0.0006589453410397276, 0.08957500731973438], [0.0006235871983235944, -0.0006590296327384112, -0.9999995884093906, -0.0005669619327387021], [0.0, 0.0, 0.0, 1.0]]}, "mean_rme": {"type": "float", "data": 0.0015754631523583588}, "max_rme": {"type": "float", "data": 0.0053498327033581206}, "simu": {"type": "float", "data": 0.002}}]}