{"type": "list", "data": [{"type": "dict", "image_number": {"type": "int", "data": 5}, "Hcamera2end": {"type": "ndarray", "data": [[0.9999976510838436, -0.001333056102905047, 0.0017090313694333222, -0.012296055299455176], [-0.0017084925399564813, 0.0004052402335587013, 0.9999984584156086, 0.03152267859122621], [-0.001333746616157874, -0.9999990293704185, 0.00040296176527621075, 0.03787877441473196], [0.0, 0.0, 0.0, 1.0]]}, "Hobj2base": {"type": "ndarray", "data": [[0.999998392957809, -0.000823674165830093, 0.0015923701416455818, -0.7394384138461816], [-0.0008222506793058815, -0.9999992619848452, -0.0008943900632650629, 0.09337714554953747], [0.001593105652441572, 0.0008930792985118215, -0.9999983322104826, 0.004165073722860413], [0.0, 0.0, 0.0, 1.0]]}, "mean_rme": {"type": "float", "data": 0.0012395152368674797}, "max_rme": {"type": "float", "data": 0.004112178992303039}, "simu": {"type": "float", "data": 0.002}}, {"type": "dict", "image_number": {"type": "int", "data": 6}, "Hcamera2end": {"type": "ndarray", "data": [[0.9999987999425933, 0.0004946491345245471, 0.001468140186378649, -0.013230818106690186], [-0.0014686267590067418, 0.0009847491883325787, 0.9999984367010176, 0.033451404936246425], [0.0004932026113831634, -0.9999993927954508, 0.0009854744615322986, 0.038074279819924325], [0.0, 0.0, 0.0, 1.0]]}, "Hobj2base": {"type": "ndarray", "data": [[0.9999994991657035, 0.0008271333394670048, 0.000563488048503569, -0.7398492527304152], [0.0008274086383876098, -0.9999995383791294, -0.000488504323606129, 0.09146090565316319], [0.0005630837301731969, 0.0004889703138253699, -0.9999997219223342, 0.00274800002502427], [0.0, 0.0, 0.0, 1.0]]}, "mean_rme": {"type": "float", "data": 0.001046609571921683}, "max_rme": {"type": "float", "data": 0.0030085458471018067}, "simu": {"type": "float", "data": 0.002}}, {"type": "dict", "image_number": {"type": "int", "data": 7}, "Hcamera2end": {"type": "ndarray", "data": [[0.9999995282685922, 0.0001541821027907605, 0.0009590049386186323, -0.013675519901533668], [-0.0009590720222513901, 0.0004356099139553038, 0.9999994452122756, 0.03207325924809861], [0.0001537642651936282, -0.9999998932359353, 0.00043575758020553135, 0.03787225790002278], [0.0, 0.0, 0.0, 1.0]]}, "Hobj2base": {"type": "ndarray", "data": [[0.999999691351857, 0.00031251862000193143, 0.0007208524834382096, -0.7397820618869115], [0.00031292116749068936, -0.9999997951419186, -0.0005583873780468494, 0.0904384830984618], [0.000720677829312939, 0.0005586127757023282, -0.9999995842875304, 0.0038114909429925537], [0.0, 0.0, 0.0, 1.0]]}, "mean_rme": {"type": "float", "data": 0.0014122985075816208}, "max_rme": {"type": "float", "data": 0.0036998576107412917}, "simu": {"type": "float", "data": 0.002}}, {"type": "dict", "image_number": {"type": "int", "data": 8}, "Hcamera2end": {"type": "ndarray", "data": [[0.9999989550792565, 0.00023026001471394917, 0.0014271722813703038, -0.01392061055423496], [-0.0014272701244675116, 0.000425321116754529, 0.9999988910003547, 0.03200941007939381], [0.00022965275284716103, -0.9999998830411297, 0.0004256493155675445, 0.037881169936109474], [0.0, 0.0, 0.0, 1.0]]}, "Hobj2base": {"type": "ndarray", "data": [[0.9999997212908246, 0.00034481704078290735, 0.0006622080348698391, -0.7398071950874655], [0.0003448401778200967, -0.9999999399362212, -3.482536735876344e-05, 0.09056460584593493], [0.0006621959867150052, 3.505371358911243e-05, -0.9999997801338321, 0.0038007119995396577], [0.0, 0.0, 0.0, 1.0]]}, "mean_rme": {"type": "float", "data": 0.0012920979065796099}, "max_rme": {"type": "float", "data": 0.0036850968582582827}, "simu": {"type": "float", "data": 0.002}}, {"type": "dict", "image_number": {"type": "int", "data": 9}, "Hcamera2end": {"type": "ndarray", "data": [[0.9999997136468811, 0.0004338592903323907, 0.0006200582810786685, -0.013332289235406691], [-0.0006203180367094084, 0.0005988311882233477, 0.9999996283033012, 0.03203516348990093], [0.00043348781883109904, -0.9999997265836245, 0.0005991001474894286, 0.03661639691382468], [0.0, 0.0, 0.0, 1.0]]}, "Hobj2base": {"type": "ndarray", "data": [[0.9999998018912097, 0.0004751776494645088, 0.00041282410622331037, -0.738566024162264], [0.0004755044676192717, -0.999999573373241, -0.0007919272923263233, 0.0904422005672485], [0.0004124476239521857, 0.0007921234351454156, -0.9999996012136305, 0.003865981531543149], [0.0, 0.0, 0.0, 1.0]]}, "mean_rme": {"type": "float", "data": 0.0013228493251888354}, "max_rme": {"type": "float", "data": 0.0037597193984103307}, "simu": {"type": "float", "data": 0.002}}, {"type": "dict", "image_number": {"type": "int", "data": 10}, "Hcamera2end": {"type": "ndarray", "data": [[0.9999991979573746, 0.00014787540464663987, 0.0012578622628694161, -0.016115629685253895], [-0.0012580290117160243, 0.001132998246466177, 0.999998566837963, 0.03223235949825257], [0.00014645003697909633, -0.9999993472237063, 0.0011331833693024596, 0.03457513196862107], [0.0, 0.0, 0.0, 1.0]]}, "Hobj2base": {"type": "ndarray", "data": [[0.9999999902620329, 9.554175064939167e-05, -0.00010172368423737565, -0.7369493533504091], [9.552815551523591e-05, -0.9999999865068068, -0.00013364414928887606, 0.08803074883600279], [-0.0001017364514607854, 0.00013363443051152632, -0.9999999858957669, 0.004169545923118689], [0.0, 0.0, 0.0, 1.0]]}, "mean_rme": {"type": "float", "data": 0.0015435157490202222}, "max_rme": {"type": "float", "data": 0.00434983446864593}, "simu": {"type": "float", "data": 0.002}}, {"type": "dict", "image_number": {"type": "int", "data": 11}, "Hcamera2end": {"type": "ndarray", "data": [[0.9999997681262092, 0.000401327083256353, 0.0005501673383270419, -0.014989881835443544], [-0.0005503025069684267, 0.0003367715494759782, 0.9999997918760156, 0.032359542632006896], [0.00040114171902356187, -0.9999998627607386, 0.00033699232268746826, 0.03487705934247797], [0.0, 0.0, 0.0, 1.0]]}, "Hobj2base": {"type": "ndarray", "data": [[0.999999586730107, 0.0003090861479333042, 0.0008549885193699033, -0.737160115992787], [0.00030944250003028226, -0.9999998653070514, -0.00041669079451073243, 0.0887318044317572], [0.000854859610856424, 0.00041695519208990344, -0.9999995476816046, 0.003747408916844179], [0.0, 0.0, 0.0, 1.0]]}, "mean_rme": {"type": "float", "data": 0.001522230487386476}, "max_rme": {"type": "float", "data": 0.004009512818653291}, "simu": {"type": "float", "data": 0.002}}, {"type": "dict", "image_number": {"type": "int", "data": 12}, "Hcamera2end": {"type": "ndarray", "data": [[0.9999995928985833, 0.0005376942444767844, 0.0007246292617623432, -0.015312656205894306], [-0.0007248002436874259, 0.0003178642951965349, 0.9999996868133993, 0.03246079796867416], [0.0005374637423085828, -0.9999998049235757, 0.0003182538867129159, 0.034715551952828536], [0.0, 0.0, 0.0, 1.0]]}, "Hobj2base": {"type": "ndarray", "data": [[0.9999995042032481, 0.0004875457624444903, 0.0008682697665659445, -0.7371139501329612], [0.00048775448721029464, -0.9999998522006901, -0.00024019608383467385, 0.08842407445837812], [0.0008681525316534425, 0.00024061946722098726, -0.9999995942066446, 0.0038394424043376265], [0.0, 0.0, 0.0, 1.0]]}, "mean_rme": {"type": "float", "data": 0.00151483934181743}, "max_rme": {"type": "float", "data": 0.00406222149800926}, "simu": {"type": "float", "data": 0.002}}, {"type": "dict", "image_number": {"type": "int", "data": 13}, "Hcamera2end": {"type": "ndarray", "data": [[0.9999998300916817, 0.00047497488084539366, 0.0003379577937801764, -0.015257772291050114], [-0.0003381001214955478, 0.0002996047989300976, 0.9999998979626308, 0.03250935208356653], [0.00047487357860335414, -0.9999998423179008, 0.00029976533708964137, 0.03417382925842802], [0.0, 0.0, 0.0, 1.0]]}, "Hobj2base": {"type": "ndarray", "data": [[0.9999994157797758, 0.00039325129530964404, 0.0010068731428885436, -0.7365434167804925], [0.0003938504662662306, -0.9999997454570673, -0.000594951771976239, 0.08851951073584548], [0.0010066389210411242, 0.000595347981850179, -0.9999993161191978, 0.003852620702822116], [0.0, 0.0, 0.0, 1.0]]}, "mean_rme": {"type": "float", "data": 0.0014755860253278864}, "max_rme": {"type": "float", "data": 0.0037845956438234685}, "simu": {"type": "float", "data": 0.002}}, {"type": "dict", "image_number": {"type": "int", "data": 14}, "Hcamera2end": {"type": "ndarray", "data": [[0.9999999642993253, 0.0002485201988468317, -9.817870953015366e-05, -0.014758215540100006], [9.797805253529375e-05, 0.0008072906347277309, 0.9999996693410115, 0.032416124151624905], [0.0002485993754241275, -0.9999996432597072, 0.0008072662563818334, 0.033474507665119224], [0.0, 0.0, 0.0, 1.0]]}, "Hobj2base": {"type": "ndarray", "data": [[0.9999998857272828, 0.0001493056293835822, 0.00045415113151714876, -0.7360980641407647], [0.0001497401272902529, -0.999999531015656, -0.0009568418689401071, 0.0887670211154936], [0.0004540080566499156, 0.0009569097642474292, -0.9999994391000364, 0.003966160416666785], [0.0, 0.0, 0.0, 1.0]]}, "mean_rme": {"type": "float", "data": 0.0014102698940024186}, "max_rme": {"type": "float", "data": 0.003754844476585679}, "simu": {"type": "float", "data": 0.002}}, {"type": "dict", "image_number": {"type": "int", "data": 15}, "Hcamera2end": {"type": "ndarray", "data": [[0.9999998665790605, 0.00016931495141246514, 0.0004880310527068788, -0.014576913745713845], [-0.00048813801787896214, 0.0006322875887265766, 0.9999996809667896, 0.03249035172219477], [0.00016900632141783283, -0.9999997857724033, 0.0006323701534308723, 0.033575554515485884], [0.0, 0.0, 0.0, 1.0]]}, "Hobj2base": {"type": "ndarray", "data": [[0.9999999201007285, 0.00012612386335279123, 0.00037933007756885015, -0.7363180472014546], [0.00012624702425830637, -0.9999999393243615, -0.00032467362436737815, 0.08928071010279653], [0.0003792891054609215, 0.0003247214877196968, -0.9999998753478572, 0.00397942804466825], [0.0, 0.0, 0.0, 1.0]]}, "mean_rme": {"type": "float", "data": 0.001414152400639383}, "max_rme": {"type": "float", "data": 0.0036723937677109134}, "simu": {"type": "float", "data": 0.002}}, {"type": "dict", "image_number": {"type": "int", "data": 16}, "Hcamera2end": {"type": "ndarray", "data": [[0.9999996717512365, 0.00028722962121486054, 0.0007576256092861279, -0.014464498669040137], [-0.0007577223246904366, 0.0003367589148847161, 0.9999996562250966, 0.03248256762159456], [0.0002869743852944534, -0.999999902046284, 0.0003369764446403689, 0.03366524565600867], [0.0, 0.0, 0.0, 1.0]]}, "Hobj2base": {"type": "ndarray", "data": [[0.9999998371776734, 0.0002305781225666606, 0.0005219945939406803, -0.7363687416375018], [0.00023055305053506532, -0.9999999722662787, 4.809087350991365e-05, 0.08955394965100091], [0.0005220056681671543, -4.79705182336499e-05, -0.9999998626044462, 0.003868046893520112], [0.0, 0.0, 0.0, 1.0]]}, "mean_rme": {"type": "float", "data": 0.0014013296904691543}, "max_rme": {"type": "float", "data": 0.0036406412886195623}, "simu": {"type": "float", "data": 0.002}}, {"type": "dict", "image_number": {"type": "int", "data": 17}, "Hcamera2end": {"type": "ndarray", "data": [[0.9999996973038385, 0.00041811448008745615, 0.0006561802441922115, -0.014203183380840811], [-0.0006563099789236629, 0.00031022356925902717, 0.9999997365092396, 0.032370723201184455], [0.0004179108073407234, -0.9999998644708, 0.0003104978880611453, 0.03382842397469759], [0.0, 0.0, 0.0, 1.0]]}, "Hobj2base": {"type": "ndarray", "data": [[0.9999998259603738, 0.0003664732761474078, 0.0004623597731003568, -0.736352497742779], [0.0003664655855580454, -0.9999999327117401, 1.671795427837183e-05, 0.0898113684530974], [0.0004623658686724471, -1.654851242379761e-05, -0.9999998929719693, 0.0038699843180906614], [0.0, 0.0, 0.0, 1.0]]}, "mean_rme": {"type": "float", "data": 0.0014339534570355502}, "max_rme": {"type": "float", "data": 0.0035727660121908523}, "simu": {"type": "float", "data": 0.002}}, {"type": "dict", "image_number": {"type": "int", "data": 18}, "Hcamera2end": {"type": "ndarray", "data": [[0.9999996434793796, 0.0003113521292086529, 0.0007849209929942676, -0.014131548649265907], [-0.0007849942096059687, 0.00023510447356311914, 0.9999996642549325, 0.03227708152064148], [0.00031116748623686446, -0.9999999238928663, 0.0002353487993620451, 0.033754683579748285], [0.0, 0.0, 0.0, 1.0]]}, "Hobj2base": {"type": "ndarray", "data": [[0.9999998479019112, 0.0002626960821598555, 0.00048496074353915217, -0.7363884176555893], [0.0002626067946868172, -0.9999999485600402, 0.00018416728187573526, 0.08990876324324457], [0.00048500909861620196, -0.00018403989987783391, -0.9999998654477353, 0.003665075584964872], [0.0, 0.0, 0.0, 1.0]]}, "mean_rme": {"type": "float", "data": 0.0015044243538593998}, "max_rme": {"type": "float", "data": 0.005282766782968462}, "simu": {"type": "float", "data": 0.002}}, {"type": "dict", "image_number": {"type": "int", "data": 19}, "Hcamera2end": {"type": "ndarray", "data": [[0.999999691393461, 0.00035799139940791743, 0.0006993247748652889, -0.014557360813469884], [-0.0006994524838724495, 0.00035673682912051863, 0.9999996917524809, 0.032273243757685484], [0.0003577418141552461, -0.9999998722904879, 0.0003569871170027161, 0.03347737237531891], [0.0, 0.0, 0.0, 1.0]]}, "Hobj2base": {"type": "ndarray", "data": [[0.9999998981303626, 0.00030775244699022245, 0.00033019342187319784, -0.7363466581320013], [0.00030770924331200946, -0.9999999440918887, 0.00013088637059656318, 0.08938224513282624], [0.0003302336840135359, -0.00013078475369522488, -0.9999999369205295, 0.0036436186458941662], [0.0, 0.0, 0.0, 1.0]]}, "mean_rme": {"type": "float", "data": 0.0015473219522950086}, "max_rme": {"type": "float", "data": 0.005247701330904242}, "simu": {"type": "float", "data": 0.002}}, {"type": "dict", "image_number": {"type": "int", "data": 20}, "Hcamera2end": {"type": "ndarray", "data": [[0.9999996929488577, 0.000391068181791348, 0.0006790934158183599, -0.014643499634366359], [-0.0006791970332719217, 0.0002648882485585258, 0.9999997342627678, 0.03223913873921827], [0.00039088819400444786, -0.9999998884499404, 0.00026515377957314623, 0.033513029309150504], [0.0, 0.0, 0.0, 1.0]]}, "Hobj2base": {"type": "ndarray", "data": [[0.999999850810784, 0.00034639754695584696, 0.0004223590287264765, -0.7362643487305839], [0.00034632871281126945, -0.9999999267375663, 0.00016303767760588657, 0.08930398503322237], [0.00042241547363501027, -0.00016289137822366023, -0.9999998975157778, 0.0035547586888438677], [0.0, 0.0, 0.0, 1.0]]}, "mean_rme": {"type": "float", "data": 0.001528413280350386}, "max_rme": {"type": "float", "data": 0.005129230982968691}, "simu": {"type": "float", "data": 0.002}}, {"type": "dict", "image_number": {"type": "int", "data": 21}, "Hcamera2end": {"type": "ndarray", "data": [[0.9999995202725792, 0.0006669065054033218, 0.0007174192110667516, -0.014872789560798946], [-0.0007175686681574306, 0.000223892756795685, 0.99999971748358, 0.03225346095518723], [0.0006667456920263396, -0.9999997525538424, 0.00022437120060103677, 0.03387219029329142], [0.0, 0.0, 0.0, 1.0]]}, "Hobj2base": {"type": "ndarray", "data": [[0.9999997110953406, 0.0006095291736853075, 0.00045418434779500113, -0.7365219048308186], [0.0006094378843436126, -0.9999997940705923, 0.0002011075273758202, 0.08893045931983545], [0.00045430683517007077, -0.0002008306721268963, -0.9999998766361624, 0.0034691943443324763], [0.0, 0.0, 0.0, 1.0]]}, "mean_rme": {"type": "float", "data": 0.0015614834373785381}, "max_rme": {"type": "float", "data": 0.005053461319452501}, "simu": {"type": "float", "data": 0.002}}, {"type": "dict", "image_number": {"type": "int", "data": 22}, "Hcamera2end": {"type": "ndarray", "data": [[0.9999990723157975, 0.0011693238897825895, 0.000698605171040502, -0.014806789633760486], [-0.0006988361328193964, 0.00019712044193964662, 0.9999997363857607, 0.03320399616689973], [0.001169185872172105, -0.999999296912339, 0.00019793742485929577, 0.03397700140741621], [0.0, 0.0, 0.0, 1.0]]}, "Hobj2base": {"type": "ndarray", "data": [[0.9999992959167415, 0.0010880133210061113, 0.0004737014191313774, -0.7364532460999226], [0.0010879230196034547, -0.9999993900005961, 0.00019084532980534537, 0.08872549081519449], [0.00047390877243487387, -0.00019032984475605185, -0.9999998695925048, 0.0025057023989924943], [0.0, 0.0, 0.0, 1.0]]}, "mean_rme": {"type": "float", "data": 0.0015934028783833028}, "max_rme": {"type": "float", "data": 0.005042898127393114}, "simu": {"type": "float", "data": 0.002}}, {"type": "dict", "image_number": {"type": "int", "data": 23}, "Hcamera2end": {"type": "ndarray", "data": [[0.9999985445079166, 0.0015529944909971544, 0.0007065339053492212, -0.014949664834252356], [-0.0007069034280879057, 0.0002374060507651654, 0.9999997219629164, 0.0340307726612874], [0.001552826323782895, -0.9999987659224774, 0.000238503522351996, 0.03391494253933749], [0.0, 0.0, 0.0, 1.0]]}, "Hobj2base": {"type": "ndarray", "data": [[0.9999988192579718, 0.0014758591932007047, 0.0004281615397196791, -0.7365873651321868], [0.0014757998060649145, -0.9999989013483865, 0.00013898543900455008, 0.08864906261913717], [0.00042836619225718853, -0.00013835339418131817, -0.9999998986803667, 0.001648168261545764], [0.0, 0.0, 0.0, 1.0]]}, "mean_rme": {"type": "float", "data": 0.0015942766047635764}, "max_rme": {"type": "float", "data": 0.005016720669870467}, "simu": {"type": "float", "data": 0.002}}, {"type": "dict", "image_number": {"type": "int", "data": 24}, "Hcamera2end": {"type": "ndarray", "data": [[0.9999987531864696, 0.001497857009438323, 0.000500049883004787, -0.0148682317600712], [-0.000500364507573907, 0.00020968243035834888, 0.9999998528343085, 0.03385742780302577], [0.0014977519373303907, -0.9999988562281751, 0.00021043164340839304, 0.03389120298812424], [0.0, 0.0, 0.0, 1.0]]}, "Hobj2base": {"type": "ndarray", "data": [[0.9999988853866858, 0.0014333621780351512, 0.0004179692004626947, -0.7365275211125071], [0.0014333693070339795, -0.9999989725852851, -1.6757224458095054e-05, 0.0886333144674688], [0.0004179447518632405, 1.7356310003498327e-05, -0.9999999125104682, 0.001495712988624107], [0.0, 0.0, 0.0, 1.0]]}, "mean_rme": {"type": "float", "data": 0.001628624369182072}, "max_rme": {"type": "float", "data": 0.00720351765948507}, "simu": {"type": "float", "data": 0.002}}, {"type": "dict", "image_number": {"type": "int", "data": 25}, "Hcamera2end": {"type": "ndarray", "data": [[0.9999988483411174, 0.0014761387489980592, 0.00035260577508506414, -0.014937741289743709], [-0.00035286518585731755, 0.00017547928549754843, 0.9999999223465873, 0.03389552747935532], [0.001476076759361374, -0.9999988951100965, 0.00017599996137929175, 0.0339741221697119], [0.0, 0.0, 0.0, 1.0]]}, "Hobj2base": {"type": "ndarray", "data": [[0.9999989036006046, 0.0014096369585830846, 0.0004535650269139913, -0.7366163510337721], [0.0014096993237465356, -0.9999989969601628, -0.00013720963543661254, 0.08857018041115097], [0.00045337115619701555, 0.00013784887531176693, -0.9999998877261345, 0.0015870628821642364], [0.0, 0.0, 0.0, 1.0]]}, "mean_rme": {"type": "float", "data": 0.001645804780459872}, "max_rme": {"type": "float", "data": 0.007328125246341521}, "simu": {"type": "float", "data": 0.002}}, {"type": "dict", "image_number": {"type": "int", "data": 26}, "Hcamera2end": {"type": "ndarray", "data": [[0.9999991565821491, 0.0012683762014466908, 0.0002793864741882005, -0.014951569873888364], [-0.0002796378323322578, 0.0001980001614744209, 0.999999941299308, 0.03391712974838345], [0.0012683208084251266, -0.9999991760085346, 0.00019835468044904214, 0.033816594407620436], [0.0, 0.0, 0.0, 1.0]]}, "Hobj2base": {"type": "ndarray", "data": [[0.9999991772006878, 0.0012134389709781161, 0.0004161295604765266, -0.736522287900102], [0.001213508223307502, -0.9999992498860608, -0.00016620802680321367, 0.08848114841609199], [0.00041592756503493027, 0.00016671286669096315, -0.9999998996055355, 0.0016236720948843346], [0.0, 0.0, 0.0, 1.0]]}, "mean_rme": {"type": "float", "data": 0.0016477469782924011}, "max_rme": {"type": "float", "data": 0.007363339546933301}, "simu": {"type": "float", "data": 0.002}}, {"type": "dict", "image_number": {"type": "int", "data": 27}, "Hcamera2end": {"type": "ndarray", "data": [[0.9999993390509818, 0.0011396674274732556, 0.000151841213904353, -0.014902111633078865], [-0.00015225416555838698, 0.00036226598685495937, 0.9999999227910086, 0.033951780603668845], [0.001139612332573483, -0.9999992849604988, 0.0003624392665287912, 0.033631673179534076], [0.0, 0.0, 0.0, 1.0]]}, "Hobj2base": {"type": "ndarray", "data": [[0.9999994006291842, 0.0010636046845646048, 0.00025978134505587607, -0.7364298470705278], [0.0010636393862409918, -0.9999994254271793, -0.00013347871578995826, 0.08845023953810936], [0.000259639227205172, 0.00013375494945712358, -0.9999999573485419, 0.0017107211969742573], [0.0, 0.0, 0.0, 1.0]]}, "mean_rme": {"type": "float", "data": 0.0016344346573090279}, "max_rme": {"type": "float", "data": 0.007407804097565529}, "simu": {"type": "float", "data": 0.002}}, {"type": "dict", "image_number": {"type": "int", "data": 28}, "Hcamera2end": {"type": "ndarray", "data": [[0.9999994342536143, 0.0010604513061676065, 8.327952114654954e-05, -0.014989549097455222], [-8.372211926220281e-05, 0.0004173301420150599, 0.9999999094130753, 0.033922230763073914], [0.001060416455050197, -0.9999993506390789, 0.0004174186891426901, 0.03367270875616832], [0.0, 0.0, 0.0, 1.0]]}, "Hobj2base": {"type": "ndarray", "data": [[0.9999995028224876, 0.0009834886448561093, 0.00016463554608973438, -0.7365737701057121], [0.0009835116694057863, -0.999999506576182, -0.00013982913811906713, 0.08842961512368186], [0.0001644979444850746, 0.00013999098957994234, -0.9999999766714738, 0.001754655144318317], [0.0, 0.0, 0.0, 1.0]]}, "mean_rme": {"type": "float", "data": 0.001637707573251492}, "max_rme": {"type": "float", "data": 0.007381630760475877}, "simu": {"type": "float", "data": 0.002}}, {"type": "dict", "image_number": {"type": "int", "data": 29}, "Hcamera2end": {"type": "ndarray", "data": [[0.9999994008585069, 0.0010946231619076525, -9.097281412324661e-06, -0.014943860410819593], [8.63587727707347e-06, 0.0004215226909793923, 0.9999999111220174, 0.03394540064658777], [0.0010946268993302956, -0.9999993120591405, 0.0004215129853963884, 0.03363888042759841], [0.0, 0.0, 0.0, 1.0]]}, "Hobj2base": {"type": "ndarray", "data": [[0.999999486782186, 0.0010008129175932564, 0.00015750831311121642, -0.7365189248063501], [0.0010008443336456262, -0.9999994792542108, -0.00019950420216094256, 0.08840349921603065], [0.0001573085647067888, 0.00019966174107451147, -0.9999999676946016, 0.0018089376528453267], [0.0, 0.0, 0.0, 1.0]]}, "mean_rme": {"type": "float", "data": 0.0016213041628850356}, "max_rme": {"type": "float", "data": 0.007447610182849118}, "simu": {"type": "float", "data": 0.002}}, {"type": "dict", "image_number": {"type": "int", "data": 30}, "Hcamera2end": {"type": "ndarray", "data": [[0.9999994435031189, 0.001049318282424909, -0.00010919979329378194, -0.014926017477263753], [0.00010879967218508106, 0.0003813648106597567, 0.9999999213617532, 0.03401155207399684], [0.0010493598448668526, -0.9999993767458175, 0.00038125043294623406, 0.03358444930435132], [0.0, 0.0, 0.0, 1.0]]}, "Hobj2base": {"type": "ndarray", "data": [[0.9999995211613973, 0.0009507282811184888, 0.00023193255799193303, -0.7364178358383142], [0.0009507956358819961, -0.9999995058074489, -0.0002904694764357962, 0.08833609811555083], [0.00023165628582654134, 0.00029068985781175566, -0.9999999309173835, 0.0018714559396728002], [0.0, 0.0, 0.0, 1.0]]}, "mean_rme": {"type": "float", "data": 0.0016363292943919912}, "max_rme": {"type": "float", "data": 0.007585150958764775}, "simu": {"type": "float", "data": 0.002}}]}