{"type": "list", "data": [{"type": "dict", "image_number": {"type": "int", "data": 5}, "Hcamera2end": {"type": "ndarray", "data": [[0.9999997339549828, -0.0004758535797591821, -0.0005528592356045702, -0.012931369962789055], [0.0005540160459184369, 0.002434332604125067, 0.9999968835406405, 0.025221939030014927], [-0.0004745062535181158, -0.99999692378934, 0.0024345955870017644, 0.03412209255496181], [0.0, 0.0, 0.0, 1.0]]}, "Hobj2base": {"type": "ndarray", "data": [[0.9999993068603931, -0.0009762791068830855, 0.0006581472774969547, -0.7372222818337268], [-0.0009753053555870467, -0.9999984317991977, -0.001478234964111601, 0.09168050996180874], [0.0006595894153003921, 0.0014775920449238912, -0.9999986908309193, -0.0038790112422825594], [0.0, 0.0, 0.0, 1.0]]}, "mean_rme": {"type": "float", "data": 0.0008190777772091875}, "max_rme": {"type": "float", "data": 0.0026484625871200373}, "simu": {"type": "float", "data": 0.002}}, {"type": "dict", "image_number": {"type": "int", "data": 6}, "Hcamera2end": {"type": "ndarray", "data": [[0.9999977568334053, 0.0006366026064244041, -0.0020201646663060967, -0.014880629419967543], [0.0020188534041475728, 0.0020537357747850704, 0.9999958531915518, 0.024750500006054523], [0.000640748851001487, -0.9999976884505726, 0.0020524459605745227, 0.03438104986687221], [0.0, 0.0, 0.0, 1.0]]}, "Hobj2base": {"type": "ndarray", "data": [[0.9999998497554617, 0.0002186546327762043, 0.00050267206563831, -0.737071728745315], [0.00021980661326511015, -0.9999973473686994, -0.0022928019141508094, 0.0895245557618864], [0.0005021694004740876, 0.0022929120603141758, -0.999997245186294, -0.0021930480423888823], [0.0, 0.0, 0.0, 1.0]]}, "mean_rme": {"type": "float", "data": 0.0008877455296275335}, "max_rme": {"type": "float", "data": 0.0026154376476584806}, "simu": {"type": "float", "data": 0.002}}, {"type": "dict", "image_number": {"type": "int", "data": 7}, "Hcamera2end": {"type": "ndarray", "data": [[0.9999951669561524, 0.0010862055902535622, -0.0029131120391210305, -0.015029398529568645], [0.0029114403528990307, 0.0015374326716829367, 0.999994579893237, 0.02477229325833106], [0.0010906784165285138, -0.9999982282275284, 0.0015342628184163987, 0.034644209969041], [0.0, 0.0, 0.0, 1.0]]}, "Hobj2base": {"type": "ndarray", "data": [[0.9999995650521353, 0.0008710449077409772, 0.00033343111575910003, -0.7372744113802331], [0.0008720981267951151, -0.9999945897835587, -0.003171726417894369, 0.08884321579028678], [0.00033066659567954103, 0.0031720158230102045, -0.9999949144746796, -0.0018416628537078722], [0.0, 0.0, 0.0, 1.0]]}, "mean_rme": {"type": "float", "data": 0.000924961495622451}, "max_rme": {"type": "float", "data": 0.0029112101103749843}, "simu": {"type": "float", "data": 0.002}}, {"type": "dict", "image_number": {"type": "int", "data": 8}, "Hcamera2end": {"type": "ndarray", "data": [[0.9999951613562417, 0.0009607270223261034, -0.00295876117533391, -0.014291281072069775], [0.002957393608740524, 0.0014217845890741598, 0.9999946161613198, 0.02494551069209679], [0.0009649285709686403, -0.9999985277650016, 0.0014189364616093991, 0.03415877156104788], [0.0, 0.0, 0.0, 1.0]]}, "Hobj2base": {"type": "ndarray", "data": [[0.9999996176864302, 0.0008019076179491714, 0.000348670569033815, -0.7372880068638037], [0.0008029752584690609, -0.9999949567037398, -0.0030727508553735675, 0.08918166874759707], [0.00034620474826585436, 0.0030730296544595093, -0.999995218304075, -0.002590937150209055], [0.0, 0.0, 0.0, 1.0]]}, "mean_rme": {"type": "float", "data": 0.0012530434140842063}, "max_rme": {"type": "float", "data": 0.0039353252814186}, "simu": {"type": "float", "data": 0.002}}, {"type": "dict", "image_number": {"type": "int", "data": 9}, "Hcamera2end": {"type": "ndarray", "data": [[0.9999921935987108, 0.0009940103040742797, -0.003824223470692873, -0.013631530346310204], [0.003822514020750494, 0.0017159986435802965, 0.9999912218290803, 0.025435383708857312], [0.001000563940770392, -0.9999980336441523, 0.0017121856294821658, 0.03190461543083848], [0.0, 0.0, 0.0, 1.0]]}, "Hobj2base": {"type": "ndarray", "data": [[0.999999705056149, 0.0007451521719843688, 0.0001861071079231716, -0.7354082354911867], [0.0007459039613023873, -0.9999914283766351, -0.004072689595027238, 0.08937399068132065], [0.00018307073918558426, 0.004072827211841512, -0.9999916892472691, -0.0034858306949828105], [0.0, 0.0, 0.0, 1.0]]}, "mean_rme": {"type": "float", "data": 0.0014199001048920098}, "max_rme": {"type": "float", "data": 0.0037460694847230858}, "simu": {"type": "float", "data": 0.002}}, {"type": "dict", "image_number": {"type": "int", "data": 10}, "Hcamera2end": {"type": "ndarray", "data": [[0.9999962768245363, 0.001180944198631826, -0.0024600219237201934, -0.015432695633921589], [0.0024593452726699894, 0.00057408526184477, 0.9999968110183862, 0.025178954055203387], [0.0011823526949527128, -0.9999991378980845, 0.0005711787748924335, 0.03297552082820172], [0.0, 0.0, 0.0, 1.0]]}, "Hobj2base": {"type": "ndarray", "data": [[0.9999984533454822, 0.0011981297835936947, 0.0012875525873317654, -0.7356024534410508], [0.0012014578602014326, -0.9999959315662508, -0.0025871509342084878, 0.08852417183156885], [0.0012844476064204377, 0.0025886938729562793, -0.9999958244204714, -0.0029529699148193147], [0.0, 0.0, 0.0, 1.0]]}, "mean_rme": {"type": "float", "data": 0.0013617474639814242}, "max_rme": {"type": "float", "data": 0.003978544636445452}, "simu": {"type": "float", "data": 0.002}}, {"type": "dict", "image_number": {"type": "int", "data": 11}, "Hcamera2end": {"type": "ndarray", "data": [[0.9999978624135785, 0.0009419580423476158, -0.0018406203628970868, -0.01563747445874006], [0.0018405279321999492, 9.898357513071776e-05, 0.9999983013281484, 0.02537638417948523], [0.0009421386334539815, -0.9999995514585485, 9.724966345681096e-05, 0.03309193092594061], [0.0, 0.0, 0.0, 1.0]]}, "Hobj2base": {"type": "ndarray", "data": [[0.9999979337084908, 0.001138273406097714, 0.0016843136293010284, -0.7353152255974437], [0.0011411846377077906, -0.99999785501187, -0.0017284875703949829, 0.08899161120131717], [0.001682342525034136, 0.0017304061116746325, -0.9999970877049176, -0.0030351676453346647], [0.0, 0.0, 0.0, 1.0]]}, "mean_rme": {"type": "float", "data": 0.0014474236902288266}, "max_rme": {"type": "float", "data": 0.004108796786966434}, "simu": {"type": "float", "data": 0.002}}, {"type": "dict", "image_number": {"type": "int", "data": 12}, "Hcamera2end": {"type": "ndarray", "data": [[0.9999987967751023, 0.0008604580415037897, -0.0012907595851151706, -0.0160535366010136], [0.001291236949288229, -0.000554454653197034, 0.9999990126431018, 0.02531730817552709], [0.000859741524266481, -0.999999476095861, -0.0005555650412800706, 0.03578630206919114], [0.0, 0.0, 0.0, 1.0]]}, "Hobj2base": {"type": "ndarray", "data": [[0.9999965037710704, 0.0013346209072697388, 0.002282812447292218, -0.7376602495226893], [0.0013370845720543129, -0.9999985250183678, -0.0010780380031024143, 0.08890361094616016], [0.002281370308128016, 0.0010810865473389285, -0.9999968132956196, -0.0030664159227603662], [0.0, 0.0, 0.0, 1.0]]}, "mean_rme": {"type": "float", "data": 0.001589201599571534}, "max_rme": {"type": "float", "data": 0.004599550310433215}, "simu": {"type": "float", "data": 0.002}}, {"type": "dict", "image_number": {"type": "int", "data": 13}, "Hcamera2end": {"type": "ndarray", "data": [[0.999999126802682, 0.00047413138938846416, -0.0012335287994926297, -0.015007921007495713], [0.0012335233681959048, 1.1747512102200375e-05, 0.9999992391407587, 0.024438160691818103], [0.00047414551953571554, -0.9999998875307047, 1.1162649695917182e-05, 0.03388465153846182], [0.0, 0.0, 0.0, 1.0]]}, "Hobj2base": {"type": "ndarray", "data": [[0.9999978157670855, 0.0008962386621185151, 0.0018881783069493205, -0.7357878045524208], [0.0008975242618849907, -0.999999365936157, -0.0006801304899252132, 0.08962537910851116], [0.0018875675504833704, 0.0006818236902030627, -0.9999979861005712, -0.0019336832843578002], [0.0, 0.0, 0.0, 1.0]]}, "mean_rme": {"type": "float", "data": 0.0016560483666815155}, "max_rme": {"type": "float", "data": 0.005246503725795465}, "simu": {"type": "float", "data": 0.002}}, {"type": "dict", "image_number": {"type": "int", "data": 14}, "Hcamera2end": {"type": "ndarray", "data": [[0.9999992393840107, 0.0006687760739583159, -0.001036325220685556, -0.015475865657290585], [0.0010360024167805353, 0.00048284466061210285, 0.9999993467797996, 0.024066736637958754], [0.0006692760211997404, -0.9999996597997403, 0.00048215143972385466, 0.03281094947357593], [0.0, 0.0, 0.0, 1.0]]}, "Hobj2base": {"type": "ndarray", "data": [[0.9999985229596666, 0.0009562816964426167, 0.0014281469820168699, -0.7352630470102905], [0.0009567300863950266, -0.9999994932501588, -0.0003133160835100648, 0.08917624753586295], [0.001427846639867751, 0.0003146819719150622, -0.999998931114044, -0.001250577205453066], [0.0, 0.0, 0.0, 1.0]]}, "mean_rme": {"type": "float", "data": 0.00163174757732491}, "max_rme": {"type": "float", "data": 0.005369910901240865}, "simu": {"type": "float", "data": 0.002}}, {"type": "dict", "image_number": {"type": "int", "data": 15}, "Hcamera2end": {"type": "ndarray", "data": [[0.9999990503859235, 0.0006811298511136936, -0.0011980356326928621, -0.015172995389678607], [0.001197536958038961, 0.0007320656647651358, 0.9999990149920631, 0.02395450507296011], [0.0006820062209472438, -0.9999995000708691, 0.0007312492914153257, 0.032686518760424776], [0.0, 0.0, 0.0, 1.0]]}, "Hobj2base": {"type": "ndarray", "data": [[0.9999989238919799, 0.0008837564309839799, 0.001170977989925078, -0.7351570140639673], [0.0008840808718699328, -0.9999995709522596, -0.00027657965898775374, 0.08945070012213252], [0.0011707330584673082, 0.00027761460060043796, -0.9999992761568572, -0.0010886756504858782], [0.0, 0.0, 0.0, 1.0]]}, "mean_rme": {"type": "float", "data": 0.0015989322267581335}, "max_rme": {"type": "float", "data": 0.005428980393833466}, "simu": {"type": "float", "data": 0.002}}, {"type": "dict", "image_number": {"type": "int", "data": 16}, "Hcamera2end": {"type": "ndarray", "data": [[0.9999989248881245, 0.0007018941165193129, -0.0012874654342143086, -0.014959393906162487], [0.0012869957247306316, 0.0006692442127985698, 0.9999989478765406, 0.023698164538005606], [0.000702755006831073, -0.9999995297283059, 0.0006683401585589888, 0.03223669324323934], [0.0, 0.0, 0.0, 1.0]]}, "Hobj2base": {"type": "ndarray", "data": [[0.9999988523429068, 0.0009231423766456052, 0.001201299721883359, -0.7346119517674137], [0.0009235940455575094, -0.999999502993115, -0.00037548310596201815, 0.08944781743443], [0.0012009525004622978, 0.0003765921883062296, -0.9999992079453945, -0.0009923637187050777], [0.0, 0.0, 0.0, 1.0]]}, "mean_rme": {"type": "float", "data": 0.001618054330623437}, "max_rme": {"type": "float", "data": 0.005602369981468597}, "simu": {"type": "float", "data": 0.002}}, {"type": "dict", "image_number": {"type": "int", "data": 17}, "Hcamera2end": {"type": "ndarray", "data": [[0.9999990978725959, 0.0006357467113632617, -0.0011832498101925887, -0.014937032328068266], [0.0011829270057801674, 0.0005078926468226053, 0.9999991713640358, 0.02355518787407635], [0.0006363471484386235, -0.9999996689355343, 0.00050714014668507, 0.0325611991697886], [0.0, 0.0, 0.0, 1.0]]}, "Hobj2base": {"type": "ndarray", "data": [[0.9999987925177347, 0.0009094935526664862, 0.001260073232127442, -0.7348019042261804], [0.000909693676475702, -0.9999995737062704, -0.0001582551525969712, 0.08950770854464792], [0.0012599287629251608, 0.00015940124215784368, -0.9999991935850534, -0.0007487214786148157], [0.0, 0.0, 0.0, 1.0]]}, "mean_rme": {"type": "float", "data": 0.001587648323954912}, "max_rme": {"type": "float", "data": 0.005400854692707541}, "simu": {"type": "float", "data": 0.002}}, {"type": "dict", "image_number": {"type": "int", "data": 18}, "Hcamera2end": {"type": "ndarray", "data": [[0.9999990232818977, 0.0006917331317612882, -0.0012144712943992818, -0.014764297935044943], [0.001214113220814349, 0.0005178319149508059, 0.999999128889218, 0.023393635265274982], [0.0006923614211811304, -0.9999996266776214, 0.0005169915668344904, 0.03254879183935228], [0.0, 0.0, 0.0, 1.0]]}, "Hobj2base": {"type": "ndarray", "data": [[0.9999989058541529, 0.0009500858959636376, 0.0011338550557467835, -0.7348472597904067], [0.0009501036495421768, -0.9999995485371314, -1.511917682441026e-05, 0.08960722276292166], [0.0011338401793366676, 1.619644010834259e-05, -0.9999993570718553, -0.000449588222904239], [0.0, 0.0, 0.0, 1.0]]}, "mean_rme": {"type": "float", "data": 0.0015806037969354149}, "max_rme": {"type": "float", "data": 0.0053711424076848535}, "simu": {"type": "float", "data": 0.002}}, {"type": "dict", "image_number": {"type": "int", "data": 19}, "Hcamera2end": {"type": "ndarray", "data": [[0.9999987642648804, 0.0008648400377878824, -0.001312829166811459, -0.01493062754172082], [0.0013122443914127563, 0.0006763867461230255, 0.9999989102572199, 0.023418976125025758], [0.0008657270755830503, -0.9999993972761579, 0.0006752510287990621, 0.03255502858815721], [0.0, 0.0, 0.0, 1.0]]}, "Hobj2base": {"type": "ndarray", "data": [[0.9999990520195352, 0.0010452250944060824, 0.0008963618315414597, -0.7350917531433578], [0.001045219632176731, -0.9999994537362795, 6.562203329955595e-06, 0.08945479393380369], [0.0008963682008711061, -5.625302125254006e-06, -0.9999995982461214, -0.00042154820278660586], [0.0, 0.0, 0.0, 1.0]]}, "mean_rme": {"type": "float", "data": 0.0015782066170249131}, "max_rme": {"type": "float", "data": 0.005268750063022937}, "simu": {"type": "float", "data": 0.002}}, {"type": "dict", "image_number": {"type": "int", "data": 20}, "Hcamera2end": {"type": "ndarray", "data": [[0.9999988613413134, 0.000651676623475324, -0.001361114857425992, -0.014693770914381746], [0.001360538153766689, 0.0008845807044602916, 0.9999986832255878, 0.02355636318738356], [0.0006528797813036542, -0.9999993964170957, 0.0008836930663146392, 0.032980197088804696], [0.0, 0.0, 0.0, 1.0]]}, "Hobj2base": {"type": "ndarray", "data": [[0.9999994110618862, 0.0007743448104577859, 0.0007604380286467511, -0.7355406032650772], [0.0007743139647843466, -0.9999996993842659, 4.085660506322676e-05, 0.08985292866147594], [0.0007604694371472184, -4.026776321628057e-05, -0.9999997100323292, -0.0005860088056119095], [0.0, 0.0, 0.0, 1.0]]}, "mean_rme": {"type": "float", "data": 0.0015847936162914924}, "max_rme": {"type": "float", "data": 0.005131259158951101}, "simu": {"type": "float", "data": 0.002}}, {"type": "dict", "image_number": {"type": "int", "data": 21}, "Hcamera2end": {"type": "ndarray", "data": [[0.9999989495859003, 0.0007540880896606923, -0.001237811879527381, -0.014470119687841749], [0.0012372368439535623, 0.0007625473975163555, 0.9999989438826716, 0.023558184563035885], [0.0007550311834825421, -0.9999994249361445, 0.0007616136109576122, 0.033094242626857555], [0.0, 0.0, 0.0, 1.0]]}, "Hobj2base": {"type": "ndarray", "data": [[0.9999993118632482, 0.0008988992354961527, 0.0007538257056205014, -0.7357227030807832], [0.0008987245616352456, -0.9999995692295953, 0.00023202324597842194, 0.09009951155363954], [0.0007540339464131243, -0.00023134560463786594, -0.9999996889559613, -0.0006476953317277257], [0.0, 0.0, 0.0, 1.0]]}, "mean_rme": {"type": "float", "data": 0.0015827366640274432}, "max_rme": {"type": "float", "data": 0.0052823582810606895}, "simu": {"type": "float", "data": 0.002}}, {"type": "dict", "image_number": {"type": "int", "data": 22}, "Hcamera2end": {"type": "ndarray", "data": [[0.9999990408920957, 0.0006674761469639052, -0.0012135445941456008, -0.01453017596765806], [0.0012130592755920729, 0.0007270198678686057, 0.9999989999641528, 0.023660247491745133], [0.0006683577504943195, -0.9999995129587338, 0.0007262094824468379, 0.03312130126771631], [0.0, 0.0, 0.0, 1.0]]}, "Hobj2base": {"type": "ndarray", "data": [[0.9999993698856937, 0.0008298059605328686, 0.0007560755804683488, -0.7357100558242653], [0.0008296201032746572, -0.9999996255828536, 0.00024609883579666456, 0.09014304316062785], [0.0007562795116615118, -0.0002454714252251158, -0.99999968389249, -0.0007495657042732206], [0.0, 0.0, 0.0, 1.0]]}, "mean_rme": {"type": "float", "data": 0.0015516144432553087}, "max_rme": {"type": "float", "data": 0.005374012094717079}, "simu": {"type": "float", "data": 0.002}}, {"type": "dict", "image_number": {"type": "int", "data": 23}, "Hcamera2end": {"type": "ndarray", "data": [[0.9999988848224421, 0.0006294533923770799, -0.0013543050981751226, -0.014310710110158857], [0.0013537358407584507, 0.0009039157643380147, 0.9999986751669047, 0.02358949929070389], [0.0006306767361843576, -0.999999393362175, 0.0009030626426940191, 0.032916557371447774], [0.0, 0.0, 0.0, 1.0]]}, "Hobj2base": {"type": "ndarray", "data": [[0.9999995817109215, 0.000709927003472787, 0.0005766989090800554, -0.7355578180621273], [0.000709816990735363, -0.9999997298498586, 0.00019094514920082697, 0.09030312374566475], [0.0005768343104023633, -0.0001905357186463529, -0.9999998154791423, -0.0006506352797900832], [0.0, 0.0, 0.0, 1.0]]}, "mean_rme": {"type": "float", "data": 0.0015293795140275763}, "max_rme": {"type": "float", "data": 0.005461666580905661}, "simu": {"type": "float", "data": 0.002}}, {"type": "dict", "image_number": {"type": "int", "data": 24}, "Hcamera2end": {"type": "ndarray", "data": [[0.9999990195515714, 0.0006202634689496519, -0.0012554557439127861, -0.014262411807304535], [0.001254910303487825, 0.0008789769148713766, 0.9999988262991679, 0.023550243951571688], [0.0006213662575624444, -0.9999994213362386, 0.0008781976780617429, 0.03303696564749274], [0.0, 0.0, 0.0, 1.0]]}, "Hobj2base": {"type": "ndarray", "data": [[0.9999996627910643, 0.0006517018340569023, 0.0004997023885891713, -0.735712234988631], [0.0006515616072843872, -0.9999997483284655, 0.0002807320383371975, 0.0903744322740827], [0.0004998852164125674, -0.00028040635678037263, -0.9999998357435091, -0.0005285909275744155], [0.0, 0.0, 0.0, 1.0]]}, "mean_rme": {"type": "float", "data": 0.001530548446421807}, "max_rme": {"type": "float", "data": 0.0054015977676991345}, "simu": {"type": "float", "data": 0.002}}, {"type": "dict", "image_number": {"type": "int", "data": 25}, "Hcamera2end": {"type": "ndarray", "data": [[0.9999990661444628, 0.0006460657079616393, -0.0012042878822977536, -0.014140805405540443], [0.0012036846155828807, 0.0009333320451613281, 0.9999988400166472, 0.02351302323751185], [0.0006471889590083214, -0.9999993557449899, 0.0009325535142107322, 0.033299885372341416], [0.0, 0.0, 0.0, 1.0]]}, "Hobj2base": {"type": "ndarray", "data": [[0.9999997157346507, 0.0006418146581376798, 0.0003957329432417286, -0.7360527964878778], [0.0006416850011416172, -0.999999740433849, 0.00032767757581897254, 0.09047881813739878], [0.0003959431487941554, -0.0003274235467774562, -0.9999998680114133, -0.0003949852003168752], [0.0, 0.0, 0.0, 1.0]]}, "mean_rme": {"type": "float", "data": 0.0015428586879202323}, "max_rme": {"type": "float", "data": 0.005205609015080909}, "simu": {"type": "float", "data": 0.002}}, {"type": "dict", "image_number": {"type": "int", "data": 26}, "Hcamera2end": {"type": "ndarray", "data": [[0.9999991824015563, 0.0004992871873603383, -0.0011772461609826674, -0.014284775767594661], [0.0011767561489575617, 0.0009805840491933226, 0.999998826849256, 0.02329768347877669], [0.0005004409904286367, -0.9999993945834301, 0.0009799957082015087, 0.03323464746222361], [0.0, 0.0, 0.0, 1.0]]}, "Hobj2base": {"type": "ndarray", "data": [[0.9999997921192383, 0.0004993330848263672, 0.00040795581957508227, -0.7361484674054124], [0.0004992132995859433, -0.9999998322713592, 0.00029367215530877325, 0.09057750598995414], [0.0004081023913724451, -0.00029346843728920654, -0.9999998736643492, -6.5342647397497e-05], [0.0, 0.0, 0.0, 1.0]]}, "mean_rme": {"type": "float", "data": 0.0015945702982087433}, "max_rme": {"type": "float", "data": 0.00523426199628077}, "simu": {"type": "float", "data": 0.002}}, {"type": "dict", "image_number": {"type": "int", "data": 27}, "Hcamera2end": {"type": "ndarray", "data": [[0.9999990020575593, 0.000551872115789005, -0.001300507998146305, -0.014171297494712845], [0.0012999140825575878, 0.0010751808674343, 0.9999985771037276, 0.02310096211722787], [0.0005532696118497807, -0.9999992697113682, 0.0010744624081305831, 0.03289847570705577], [0.0, 0.0, 0.0, 1.0]]}, "Hobj2base": {"type": "ndarray", "data": [[0.9999998209391179, 0.0005198821012683322, 0.00029638544650969773, -0.7359202562118755], [0.0005198081913187532, -0.9999998338011329, 0.00024939356485461755, 0.09053583047675129], [0.0002965150525013118, -0.0002492394566151024, -0.9999999249792553, 0.0003059259295320595], [0.0, 0.0, 0.0, 1.0]]}, "mean_rme": {"type": "float", "data": 0.0016513592254173495}, "max_rme": {"type": "float", "data": 0.005404076864437113}, "simu": {"type": "float", "data": 0.002}}, {"type": "dict", "image_number": {"type": "int", "data": 28}, "Hcamera2end": {"type": "ndarray", "data": [[0.9999988690738251, 0.0006065208376174437, -0.001376220746963145, -0.014124951360766531], [0.001375621389525757, 0.0009875011270860101, 0.9999985662526307, 0.023071122436217326], [0.0006078789875585337, -0.9999993284867734, 0.0009866656672578022, 0.03288217801907882], [0.0, 0.0, 0.0, 1.0]]}, "Hobj2base": {"type": "ndarray", "data": [[0.9999997433342819, 0.00064205238732605, 0.000317962422724614, -0.7359243275378488], [0.0006419651880548862, -0.9999997563282697, 0.0002742701192685172, 0.09053928289899896], [0.0003181384410310089, -0.00027406592806628136, -0.9999999118378957, 0.0002513021301436983], [0.0, 0.0, 0.0, 1.0]]}, "mean_rme": {"type": "float", "data": 0.0016365838932910646}, "max_rme": {"type": "float", "data": 0.005445688893895129}, "simu": {"type": "float", "data": 0.002}}, {"type": "dict", "image_number": {"type": "int", "data": 29}, "Hcamera2end": {"type": "ndarray", "data": [[0.9999986901863903, 0.0006857879763372186, -0.0014660560545980911, -0.014167213218564755], [0.0014654192998030282, 0.000928083768976351, 0.9999984956022653, 0.023119473162809868], [0.0006871475674680226, -0.999999334177463, 0.0009270775864235192, 0.03276382710889166], [0.0, 0.0, 0.0, 1.0]]}, "Hobj2base": {"type": "ndarray", "data": [[0.9999996713238851, 0.0007452362923725461, 0.0003193352316541261, -0.7358136253317791], [0.0007451513882699749, -0.9999996870194752, 0.0002659141966544361, 0.09049894277634493], [0.0003195333006184217, -0.0002656761561636005, -0.999999913657321, 0.00011194621583603748], [0.0, 0.0, 0.0, 1.0]]}, "mean_rme": {"type": "float", "data": 0.0016454582366943861}, "max_rme": {"type": "float", "data": 0.005521154514174675}, "simu": {"type": "float", "data": 0.002}}, {"type": "dict", "image_number": {"type": "int", "data": 30}, "Hcamera2end": {"type": "ndarray", "data": [[0.9999986248840762, 0.0006010764737797962, -0.001545618655834428, -0.014121395009282521], [0.0015450849723014004, 0.0008873326915558311, 0.9999984126753015, 0.022931261887377267], [0.0006024469976382641, -0.9999994256737185, 0.0008864027571436894, 0.03287929893205374], [0.0, 0.0, 0.0, 1.0]]}, "Hobj2base": {"type": "ndarray", "data": [[0.9999996973626064, 0.0006903946250685396, 0.00035865018801347503, -0.7359301143506756], [0.0006903033170959008, -0.9999997293175051, 0.00025464926423550204, 0.09044278830402847], [0.00035882589941645305, -0.0002544016097546496, -0.9999999032618931, 0.00015777160484921985], [0.0, 0.0, 0.0, 1.0]]}, "mean_rme": {"type": "float", "data": 0.0016893724795503983}, "max_rme": {"type": "float", "data": 0.005626797456737831}, "simu": {"type": "float", "data": 0.002}}]}