{"type": "list", "data": [{"type": "dict", "image_number": {"type": "int", "data": 5}, "Hcamera2end": {"type": "ndarray", "data": [[0.9999938622610888, 0.0030318722991820677, -0.0017559016236944375, -0.015490683652053881], [0.0017550835292841195, 0.00027247094329618804, 0.9999984227194512, 0.023258211079418976], [0.0030323459492406072, -0.9999953667442396, 0.00026714808180550165, 0.03838324028589885], [0.0, 0.0, 0.0, 1.0]]}, "Hobj2base": {"type": "ndarray", "data": [[0.9999925985997242, 0.0032191426107473745, 0.0021070991012544973, -0.7409209515893067], [0.0032192597242746506, -0.999994816808023, -5.219115301837774e-05, 0.08905173427431845], [0.0021069201689907554, 5.897406600248731e-05, -0.9999977787022636, 0.002226667167893925], [0.0, 0.0, 0.0, 1.0]]}, "mean_rme": {"type": "float", "data": 0.0009553764653834586}, "max_rme": {"type": "float", "data": 0.0037977669260125246}, "simu": {"type": "float", "data": 0.002}}, {"type": "dict", "image_number": {"type": "int", "data": 6}, "Hcamera2end": {"type": "ndarray", "data": [[0.9999955720286303, 0.0010685091841661368, -0.00277744689521574, -0.016978621060178396], [0.0027761145629774673, 0.001246376572744845, 0.9999953698559669, 0.025414501277354527], [0.0010719659815569531, -0.999998652415873, 0.0012434047499182421, 0.03828126964377816], [0.0, 0.0, 0.0, 1.0]]}, "Hobj2base": {"type": "ndarray", "data": [[0.9999979078434691, 0.0010425833540734174, 0.0017599229058370548, -0.7414103995105451], [0.0010431008795008813, -0.9999994129960306, -0.0002931691473541626, 0.086971335601079], [0.0017596162194823644, 0.00029500431112934865, -0.9999984083603415, 0.0007101372250305493], [0.0, 0.0, 0.0, 1.0]]}, "mean_rme": {"type": "float", "data": 0.0009940616171648282}, "max_rme": {"type": "float", "data": 0.0046122574671780825}, "simu": {"type": "float", "data": 0.002}}, {"type": "dict", "image_number": {"type": "int", "data": 7}, "Hcamera2end": {"type": "ndarray", "data": [[0.9999996120607823, 0.0006357773333883525, -0.0006096437215884326, -0.017346795283394445], [0.0006089579705198513, 0.0010782389499999212, 0.9999992332851845, 0.025076560167287733], [0.0006364341875346912, -0.9999992165936676, 0.001077851370034133, 0.03778769849621881], [0.0, 0.0, 0.0, 1.0]]}, "Hobj2base": {"type": "ndarray", "data": [[0.9999990162665391, 0.0006952961991329103, 0.001218207350841331, -0.7414836134688202], [0.0006927707755559977, -0.9999976128956727, 0.0020722624374216025, 0.0878929458470139], [0.0012196452790496372, -0.0020714164604164727, -0.9999971108454473, 0.0006329142255073908], [0.0, 0.0, 0.0, 1.0]]}, "mean_rme": {"type": "float", "data": 0.0013228162051308167}, "max_rme": {"type": "float", "data": 0.004223651860659872}, "simu": {"type": "float", "data": 0.002}}, {"type": "dict", "image_number": {"type": "int", "data": 8}, "Hcamera2end": {"type": "ndarray", "data": [[0.9999987237075662, 0.0012299913005573574, -0.0010196590799615081, -0.014909320155391693], [0.0010205794981113358, -0.0007479173307949338, 0.9999991995182569, 0.024882841014266417], [0.0012292276952743716, -0.9999989638699966, -0.0007491716801379944, 0.03536445955492736], [0.0, 0.0, 0.0, 1.0]]}, "Hobj2base": {"type": "ndarray", "data": [[0.999995273808119, 0.0012664773746857872, 0.002801498971001668, -0.7376773927577002], [0.0012631223884036408, -0.9999984834429643, 0.0011990135961209463, 0.0892003575114513], [0.00280301324596012, -0.0011954692932812613, -0.9999953569741773, 6.35118990332112e-05], [0.0, 0.0, 0.0, 1.0]]}, "mean_rme": {"type": "float", "data": 0.0016415320030574495}, "max_rme": {"type": "float", "data": 0.004708743372152963}, "simu": {"type": "float", "data": 0.002}}, {"type": "dict", "image_number": {"type": "int", "data": 9}, "Hcamera2end": {"type": "ndarray", "data": [[0.9999991883369198, 0.0012669958440819638, -0.00013433924455027633, -0.016064236926651248], [0.00013535591993048593, -0.0008023783161812403, 0.9999996689338515, 0.024911893517069923], [0.0012668876337256902, -0.999998875454652, -0.0008025491603083079, 0.03432434166868092], [0.0, 0.0, 0.0, 1.0]]}, "Hobj2base": {"type": "ndarray", "data": [[0.999995598913464, 0.0012810349694028509, 0.002676023749833469, -0.7365318458310609], [0.0012753663688893266, -0.999996941792304, 0.0021189258281542177, 0.08876539289563222], [0.0026787299840804776, -0.002115503591885398, -0.9999941745081449, 0.00018215386552645886], [0.0, 0.0, 0.0, 1.0]]}, "mean_rme": {"type": "float", "data": 0.0015024841230481029}, "max_rme": {"type": "float", "data": 0.004441036011956667}, "simu": {"type": "float", "data": 0.002}}, {"type": "dict", "image_number": {"type": "int", "data": 10}, "Hcamera2end": {"type": "ndarray", "data": [[0.9999977362805973, 0.0017106821235631981, -0.0012653064265243771, -0.01455729873997361], [0.0012668603981342663, -0.0009076147448434657, 0.9999987856493656, 0.02516489130465855], [0.0017095316354258175, -0.9999981248993152, -0.0009097798856945172, 0.03399423540112391], [0.0, 0.0, 0.0, 1.0]]}, "Hobj2base": {"type": "ndarray", "data": [[0.9999951301949684, 0.0017092000830197579, 0.0026111724233317266, -0.7359456340801815], [0.0017066202462906973, -0.9999980537626008, 0.0009899082514435238, 0.089383050021738], [0.002612859292635849, -0.0009854471510591261, -0.9999961009225136, 0.00015341797997286966], [0.0, 0.0, 0.0, 1.0]]}, "mean_rme": {"type": "float", "data": 0.0015021406098834655}, "max_rme": {"type": "float", "data": 0.004772488879630721}, "simu": {"type": "float", "data": 0.002}}, {"type": "dict", "image_number": {"type": "int", "data": 11}, "Hcamera2end": {"type": "ndarray", "data": [[0.9999981036025668, 0.0016788971206919592, -0.0009869628808896397, -0.014355217864395153], [0.000987671766144944, -0.0004214560095447961, 0.999999423439491, 0.025181366850845655], [0.0016784801912688321, -0.9999985018385228, -0.00042311340958112176, 0.03390291708353843], [0.0, 0.0, 0.0, 1.0]]}, "Hobj2base": {"type": "ndarray", "data": [[0.999996433285836, 0.0017206877566285103, 0.002042706354540522, -0.7363364510173366], [0.0017187706637062812, -0.9999980812141607, 0.000939891164646385, 0.0895580388521456], [0.002044319694244066, -0.0009363768685665047, -0.999997471974478, 0.0003369819761181498], [0.0, 0.0, 0.0, 1.0]]}, "mean_rme": {"type": "float", "data": 0.0015544270610804481}, "max_rme": {"type": "float", "data": 0.00457458840291225}, "simu": {"type": "float", "data": 0.002}}, {"type": "dict", "image_number": {"type": "int", "data": 12}, "Hcamera2end": {"type": "ndarray", "data": [[0.9999980001831191, 0.001972948829700859, -0.0003272654548948284, -0.014793429215506484], [0.00032718338425279916, 4.192057258012305e-05, 0.9999999455968477, 0.025037238914806914], [0.001972962441521479, -0.9999980528558946, 4.127497267158997e-05, 0.03383721726690502], [0.0, 0.0, 0.0, 1.0]]}, "Hobj2base": {"type": "ndarray", "data": [[0.9999971456573371, 0.0019709736679454754, 0.001350533220205005, -0.736505731860379], [0.0019692846654079427, -0.9999972786929143, 0.0012508096068186408, 0.08934042855311802], [0.001352994857788036, -0.0012481464522187432, -0.9999983057662392, 0.0004685687630306227], [0.0, 0.0, 0.0, 1.0]]}, "mean_rme": {"type": "float", "data": 0.0015269170192581429}, "max_rme": {"type": "float", "data": 0.004719009200017277}, "simu": {"type": "float", "data": 0.002}}, {"type": "dict", "image_number": {"type": "int", "data": 13}, "Hcamera2end": {"type": "ndarray", "data": [[0.999997842790668, 0.0019471658011328804, -0.0007231592863820126, -0.014420949939455587], [0.0007233521171745935, -9.832909906437592e-05, 0.999999733546516, 0.024987897396459395], [0.0019470941747026583, -0.9999980994365595, -9.973737345259082e-05, 0.03362978236393566], [0.0, 0.0, 0.0, 1.0]]}, "Hobj2base": {"type": "ndarray", "data": [[0.9999972237533357, 0.0019370801370908455, 0.0013417176169365106, -0.7361978535178101], [0.0019360090785694008, -0.9999978066408335, 0.0007991134901873697, 0.08938317598052772], [0.0013432626209369997, -0.0007965136941639426, -0.9999987806049897, 0.0002609192195832922], [0.0, 0.0, 0.0, 1.0]]}, "mean_rme": {"type": "float", "data": 0.0015166497776267214}, "max_rme": {"type": "float", "data": 0.004725235987198928}, "simu": {"type": "float", "data": 0.002}}, {"type": "dict", "image_number": {"type": "int", "data": 14}, "Hcamera2end": {"type": "ndarray", "data": [[0.9999989024735546, 0.0011445509583642279, -0.0009407735062048313, -0.01453281295561104], [0.0009407052668355274, 6.0157966440321786e-05, 0.9999995557272112, 0.024798208704364062], [0.001144607044892396, -0.9999993431918457, 5.9081215300627044e-05, 0.03375387046668446], [0.0, 0.0, 0.0, 1.0]]}, "Hobj2base": {"type": "ndarray", "data": [[0.9999984137612985, 0.0012375265633387852, 0.0012810163511599683, -0.7359724488489647], [0.0012366887412574806, -0.9999990210397245, 0.0006546148101412779, 0.08935321766044872], [0.0012818252003121533, -0.0006530295532670853, -0.9999989652377439, 0.00033308293744834953], [0.0, 0.0, 0.0, 1.0]]}, "mean_rme": {"type": "float", "data": 0.0015541279609393832}, "max_rme": {"type": "float", "data": 0.004910445166491695}, "simu": {"type": "float", "data": 0.002}}, {"type": "dict", "image_number": {"type": "int", "data": 15}, "Hcamera2end": {"type": "ndarray", "data": [[0.9999992571774878, 0.001015444601484119, -0.0006741785622616985, -0.014969238476742258], [0.0006737863966185402, 0.00038649352043984564, 0.9999996983172799, 0.024640492792217805], [0.001015704860787963, -0.9999994097473359, 0.000385809040584828, 0.033651246933804294], [0.0, 0.0, 0.0, 1.0]]}, "Hobj2base": {"type": "ndarray", "data": [[0.9999990407185042, 0.0010819659044568083, 0.0008648189712557894, -0.735966475170164], [0.0010812700279386077, -0.9999990916457531, 0.0008047128651627462, 0.08909653531634337], [0.0008656888575767879, -0.0008037769903833737, -0.9999993022624325, 0.00040589146744092935], [0.0, 0.0, 0.0, 1.0]]}, "mean_rme": {"type": "float", "data": 0.00155814444227993}, "max_rme": {"type": "float", "data": 0.004972342056882961}, "simu": {"type": "float", "data": 0.002}}, {"type": "dict", "image_number": {"type": "int", "data": 16}, "Hcamera2end": {"type": "ndarray", "data": [[0.9999992128225086, 0.001063241465556898, -0.0006662371568002215, -0.015082202384090169], [0.0006660175632085994, 0.00020687289947785015, 0.9999997568120749, 0.024522140889306147], [0.0010633790334017793, -0.9999994133604226, 0.00020616459914213348, 0.03408454627459817], [0.0, 0.0, 0.0, 1.0]]}, "Hobj2base": {"type": "ndarray", "data": [[0.9999988420007772, 0.0011372653409568558, 0.0010112490538557045, -0.736290186818175], [0.0011365727694459455, -0.9999991193659687, 0.0006851785364744581, 0.08921540533050576], [0.0010120273931172733, -0.000684028384900505, -0.9999992539525839, 0.0003600325292701864], [0.0, 0.0, 0.0, 1.0]]}, "mean_rme": {"type": "float", "data": 0.0015920974518644215}, "max_rme": {"type": "float", "data": 0.004989222274687732}, "simu": {"type": "float", "data": 0.002}}, {"type": "dict", "image_number": {"type": "int", "data": 17}, "Hcamera2end": {"type": "ndarray", "data": [[0.9999997154780473, 0.0004844221832385095, -0.0005782551105270728, -0.014536841475250598], [0.000578011434175351, 0.0005030138264985329, 0.9999997064398932, 0.02451646975725674], [0.00048471291134732024, -0.9999997561560897, 0.0005027336818191896, 0.034139282168295926], [0.0, 0.0, 0.0, 1.0]]}, "Hobj2base": {"type": "ndarray", "data": [[0.9999995863727292, 0.0005790120416728881, 0.0007014267075220023, -0.7366596919072339], [0.0005785416918375555, -0.9999996078065512, 0.0006705790443676043, 0.08982631438038279], [0.0007018147057686251, -0.0006701729624037545, -0.9999995291620487, 0.00038587315862629245], [0.0, 0.0, 0.0, 1.0]]}, "mean_rme": {"type": "float", "data": 0.0016146454706804192}, "max_rme": {"type": "float", "data": 0.004901720511874097}, "simu": {"type": "float", "data": 0.002}}, {"type": "dict", "image_number": {"type": "int", "data": 18}, "Hcamera2end": {"type": "ndarray", "data": [[0.9999996775184772, 0.0002933512676911074, -0.0007476014816298763, -0.014104671733418266], [0.0007475193785533099, 0.00027988963931047106, 0.9999996814382335, 0.02460102962456569], [0.00029356042014965075, -0.9999999178034085, 0.0002796702632938963, 0.03368446407780753], [0.0, 0.0, 0.0, 1.0]]}, "Hobj2base": {"type": "ndarray", "data": [[0.999999566337185, 0.00038466455946473723, 0.0008481501156029741, -0.7359604454808965], [0.00038430304111134085, -0.9999998352619566, 0.00042636513960862886, 0.0899385600610208], [0.0008483139834389823, -0.000426039008041177, -0.9999995494269729, 0.00023846830633041569], [0.0, 0.0, 0.0, 1.0]]}, "mean_rme": {"type": "float", "data": 0.0016402249825241317}, "max_rme": {"type": "float", "data": 0.005102801859844797}, "simu": {"type": "float", "data": 0.002}}, {"type": "dict", "image_number": {"type": "int", "data": 19}, "Hcamera2end": {"type": "ndarray", "data": [[0.9999997861659249, 0.0002031442097937381, -0.0006216112406161407, -0.014296102466844368], [0.0006215530972833815, 0.0002861549380684947, 0.9999997658935224, 0.024607233147142513], [0.00020332203936242405, -0.9999999384238892, 0.00028602861196602714, 0.03369439608967412], [0.0, 0.0, 0.0, 1.0]]}, "Hobj2base": {"type": "ndarray", "data": [[0.9999996663073892, 0.00028933747080161744, 0.0007639822892367489, -0.7358680508806761], [0.0002889401783931536, -0.9999998230112825, 0.0005200874703463072, 0.0898821820780805], [0.000764132634813769, -0.0005198665516180202, -0.9999995729199513, 0.00039727195197718733], [0.0, 0.0, 0.0, 1.0]]}, "mean_rme": {"type": "float", "data": 0.0016356005557062246}, "max_rme": {"type": "float", "data": 0.004906894099955705}, "simu": {"type": "float", "data": 0.002}}, {"type": "dict", "image_number": {"type": "int", "data": 20}, "Hcamera2end": {"type": "ndarray", "data": [[0.9999997640955456, 0.0001966526675238589, -0.0006581311279908487, -0.014370967738292953], [0.0006580856078194463, 0.00023145009372760317, 0.9999997566770639, 0.02462745160695395], [0.00019680494418501302, -0.9999999538792902, 0.00023132062483721683, 0.03374452896787623], [0.0, 0.0, 0.0, 1.0]]}, "Hobj2base": {"type": "ndarray", "data": [[0.9999997514257468, 0.00026706400060984563, 0.0006525528822137218, -0.735916667458538], [0.000266763183366772, -0.9999998581449168, 0.0004610287952849923, 0.0899239948406358], [0.0006526759138402436, -0.00046085460360092935, -0.9999996808135418, 0.0005516531314516515], [0.0, 0.0, 0.0, 1.0]]}, "mean_rme": {"type": "float", "data": 0.0016616199919268642}, "max_rme": {"type": "float", "data": 0.004756265959286243}, "simu": {"type": "float", "data": 0.002}}, {"type": "dict", "image_number": {"type": "int", "data": 21}, "Hcamera2end": {"type": "ndarray", "data": [[0.999999672837582, 0.00015112971412214744, -0.0007946600144602747, -0.014432702850444956], [0.0007946271742113628, 0.00021723447211408065, 0.9999996606883613, 0.024770340069545774], [0.0001513022903908279, -0.9999999649844961, 0.00021711430926552033, 0.033722495540894626], [0.0, 0.0, 0.0, 1.0]]}, "Hobj2base": {"type": "ndarray", "data": [[0.9999997786666781, 0.00022510932491694337, 0.0006260929536727795, -0.7359592528125024], [0.000224924529406702, -0.9999999311295842, 0.00029521142040904886, 0.08976631358479245], [0.0006261593653970535, -0.0002950705314059548, -0.9999997604288866, 0.0006228715959147022], [0.0, 0.0, 0.0, 1.0]]}, "mean_rme": {"type": "float", "data": 0.0016990656081420912}, "max_rme": {"type": "float", "data": 0.00466702014377518}, "simu": {"type": "float", "data": 0.002}}, {"type": "dict", "image_number": {"type": "int", "data": 22}, "Hcamera2end": {"type": "ndarray", "data": [[0.9999996337237418, 0.00020075735581530677, -0.0008320149436187284, -0.014423521456595204], [0.0008319842832229851, 0.00015275885923482502, 0.9999996422333778, 0.024837209661766908], [0.00020088438164467932, -0.999999968180607, 0.00015259177631810061, 0.03368732154192686], [0.0, 0.0, 0.0, 1.0]]}, "Hobj2base": {"type": "ndarray", "data": [[0.9999997401847701, 0.00026697529071600365, 0.0006695928511837382, -0.7359020703794316], [0.0002668179889227581, -0.9999999367916057, 0.00023499988278712474, 0.08971516031356942], [0.0006696555480218747, -0.00023482116231262628, -0.9999997482102023, 0.0005432672557894439], [0.0, 0.0, 0.0, 1.0]]}, "mean_rme": {"type": "float", "data": 0.0016293494047598012}, "max_rme": {"type": "float", "data": 0.004665725634623752}, "simu": {"type": "float", "data": 0.002}}, {"type": "dict", "image_number": {"type": "int", "data": 23}, "Hcamera2end": {"type": "ndarray", "data": [[0.9999997397312159, 0.0001700036666780556, -0.0007011677786134163, -0.014628350922544723], [0.0007011433648256546, 0.00014362451325056202, 0.9999997438849579, 0.0248046340633252], [0.00017010432801846983, -0.9999999752353761, 0.00014350527892670328, 0.03359130233541157], [0.0, 0.0, 0.0, 1.0]]}, "Hobj2base": {"type": "ndarray", "data": [[0.9999997743797545, 0.00025253844899356863, 0.0006224666833309718, -0.7357519624504115], [0.0002523205260437601, -0.9999999068648582, 0.00035014943620252246, 0.08963722535961863], [0.0006225550515529834, -0.000349992296080738, -0.999999744965268, 0.0005922873633627028], [0.0, 0.0, 0.0, 1.0]]}, "mean_rme": {"type": "float", "data": 0.0015716699358069598}, "max_rme": {"type": "float", "data": 0.004704408371496216}, "simu": {"type": "float", "data": 0.002}}, {"type": "dict", "image_number": {"type": "int", "data": 24}, "Hcamera2end": {"type": "ndarray", "data": [[0.9999996904290318, -0.00018087267068009517, -0.0007657851641575744, -0.014656872089262182], [0.0007658208668407658, 0.0001974045465910068, 0.9999996872748736, 0.025687577214800326], [-0.0001807214446435497, -0.9999999641582605, 0.00019754300154573023, 0.03349157303491739], [0.0, 0.0, 0.0, 1.0]]}, "Hobj2base": {"type": "ndarray", "data": [[0.9999998176687238, -9.624882280991977e-05, 0.0005961532380797139, -0.7358179563580046], [-9.640743453847768e-05, -0.9999999599653235, 0.00026603563249722487, 0.08950404644999214], [0.0005961276085964586, -0.0002660930575948836, -0.9999997869131567, -0.00020050478039482927], [0.0, 0.0, 0.0, 1.0]]}, "mean_rme": {"type": "float", "data": 0.0016204542270775795}, "max_rme": {"type": "float", "data": 0.004513951791560555}, "simu": {"type": "float", "data": 0.002}}, {"type": "dict", "image_number": {"type": "int", "data": 25}, "Hcamera2end": {"type": "ndarray", "data": [[0.9999997582288267, -8.178150379799487e-05, -0.0006905462140737974, -0.014777259798146352], [0.0006905672745662948, 0.00025777382042035946, 0.9999997283347115, 0.02577899628737398], [-8.160347684502036e-05, -0.999999963432221, 0.0002578302337282734, 0.033598034359733464], [0.0, 0.0, 0.0, 1.0]]}, "Hobj2base": {"type": "ndarray", "data": [[0.9999998562264913, -1.3720176079434617e-05, 0.0005360585354047398, -0.7360241911865899], [-1.3913161673529657e-05, -0.9999999351009186, 0.00036000636391710886, 0.0895308255501364], [0.0005360535612643308, -0.00036001377042680033, -0.9999997915183101, -0.00015418100455894202], [0.0, 0.0, 0.0, 1.0]]}, "mean_rme": {"type": "float", "data": 0.0016649376807619947}, "max_rme": {"type": "float", "data": 0.004423241594897431}, "simu": {"type": "float", "data": 0.002}}, {"type": "dict", "image_number": {"type": "int", "data": 26}, "Hcamera2end": {"type": "ndarray", "data": [[0.9999998192308722, -5.1798169812104734e-05, -0.0005990452174684371, -0.01477260905951481], [0.000599060004124707, 0.0002859240406871688, 0.9999997796872531, 0.0257274404711774], [-5.1626876971174645e-05, -0.9999999577821954, 0.0002859550192128024, 0.03362743941985087], [0.0, 0.0, 0.0, 1.0]]}, "Hobj2base": {"type": "ndarray", "data": [[0.9999998873886943, 7.254147238971244e-06, 0.00047452078574588224, -0.7360828328020806], [7.069474476760279e-06, -0.9999999242452844, 0.00038917791238075416, 0.08952181647282484], [0.0004745235729525737, -0.00038917451394233774, -0.9999998116852702, -0.00015421639244625045], [0.0, 0.0, 0.0, 1.0]]}, "mean_rme": {"type": "float", "data": 0.0016441569643176853}, "max_rme": {"type": "float", "data": 0.00447830637504143}, "simu": {"type": "float", "data": 0.002}}, {"type": "dict", "image_number": {"type": "int", "data": 27}, "Hcamera2end": {"type": "ndarray", "data": [[0.9999998387958999, -0.00018807299674133824, -0.0005357580815518127, -0.014678094823078218], [0.0005358150491275228, 0.00030298181745447295, 0.9999998105521074, 0.025269013441729254], [-0.00018791063615404116, -0.9999999364152806, 0.000303082540954569, 0.03364524845967142], [0.0, 0.0, 0.0, 1.0]]}, "Hobj2base": {"type": "ndarray", "data": [[0.9999998969316781, -0.00010952785962901974, 0.0004406135279762745, -0.7360777249165216], [-0.00010971282561000436, -0.9999999058698839, 0.0004197896142398262, 0.08957592521192884], [0.0004405675078433295, -0.0004198379119279714, -0.9999998148181826, 0.00036569007665465875], [0.0, 0.0, 0.0, 1.0]]}, "mean_rme": {"type": "float", "data": 0.001640584903528637}, "max_rme": {"type": "float", "data": 0.004433554751086977}, "simu": {"type": "float", "data": 0.002}}, {"type": "dict", "image_number": {"type": "int", "data": 28}, "Hcamera2end": {"type": "ndarray", "data": [[0.9999995572230719, -0.0007361761511224024, -0.0005861726150657385, -0.01456835974701574], [0.0005864802320608273, 0.0004177115259302866, 0.9999997407789757, 0.02575061147629951], [-0.0007359311092325688, -0.9999996417808136, 0.00041814309373722214, 0.03360764665787045], [0.0, 0.0, 0.0, 1.0]]}, "Hobj2base": {"type": "ndarray", "data": [[0.9999996464768317, -0.0007115765545382764, 0.00044800113697859704, -0.7360191330322813], [-0.0007118280186406627, -0.9999995890690994, 0.0005613933598035151, 0.08980658148504286], [0.0004476014785283767, -0.00056171206109964, -0.9999997420662052, -0.00012748482709370814], [0.0, 0.0, 0.0, 1.0]]}, "mean_rme": {"type": "float", "data": 0.0016252212216788149}, "max_rme": {"type": "float", "data": 0.004484706075706946}, "simu": {"type": "float", "data": 0.002}}, {"type": "dict", "image_number": {"type": "int", "data": 29}, "Hcamera2end": {"type": "ndarray", "data": [[0.9999998684588005, -0.00028472985403775713, -0.0004266278142521516, -0.014461678664711791], [0.00042675707708477297, 0.00045407787846518666, 0.9999998058458195, 0.025898794109162612], [-0.0002845360765034761, -0.9999998563710846, 0.0004541993292155322, 0.03366689776063958], [0.0, 0.0, 0.0, 1.0]]}, "Hobj2base": {"type": "ndarray", "data": [[0.9999998882672502, -0.0002873473367535148, 0.0003753624852198501, -0.736043428167237], [-0.0002875584968901855, -0.999999800386016, 0.0005626171336544076, 0.08979013547348322], [0.0003752007437572815, -0.0005627250094636869, -0.9999997712824567, -0.00035980542121155835], [0.0, 0.0, 0.0, 1.0]]}, "mean_rme": {"type": "float", "data": 0.0016550329879466209}, "max_rme": {"type": "float", "data": 0.004632949687138788}, "simu": {"type": "float", "data": 0.002}}, {"type": "dict", "image_number": {"type": "int", "data": 30}, "Hcamera2end": {"type": "ndarray", "data": [[0.9999998404755338, 0.0003471276983067679, -0.0004455909200885248, -0.014534145375496918], [0.0004454240230221001, 0.0004807234719065301, 0.9999997852511683, 0.026090592878858496], [0.0003473418297756552, -0.9999998242036366, 0.0004805687762035049, 0.03361029250947387], [0.0, 0.0, 0.0, 1.0]]}, "Hobj2base": {"type": "ndarray", "data": [[0.9999998439733222, 0.00034033067793121856, 0.0004429767047454782, -0.7361353015169881], [0.00034010127060392066, -0.9999998080817123, 0.0005178490742988912, 0.08961052422900471], [0.0004431528596566699, -0.0005176983365604887, -0.9999997678019603, -0.0005986587925207917], [0.0, 0.0, 0.0, 1.0]]}, "mean_rme": {"type": "float", "data": 0.0016363035703197035}, "max_rme": {"type": "float", "data": 0.004654007446811548}, "simu": {"type": "float", "data": 0.002}}]}