{"type": "list", "data": [{"type": "dict", "image_number": {"type": "int", "data": 5}, "Hcamera2end": {"type": "ndarray", "data": [[0.9999993172603024, -0.0008856656094767759, -0.0007622829902779369, -0.01649863206256091], [0.0007611336208469655, -0.001297359584189195, 0.9999988687662207, 0.041405213541167184], [-0.0008866535627252224, -0.999998766226508, -0.00129668458855825, 0.034537666771185464], [0.0, 0.0, 0.0, 1.0]]}, "Hobj2base": {"type": "ndarray", "data": [[0.9999943618749252, -0.001577979467188575, 0.002964152351394008, -0.7368550024772413], [-0.00159047961147808, -0.9999898330749344, 0.0042194930229017625, 0.08781882021950563], [0.002957463941727084, -0.004224183656752554, -0.999986704751352, -0.01148061242308418], [0.0, 0.0, 0.0, 1.0]]}, "mean_rme": {"type": "float", "data": 0.002297901211012045}, "max_rme": {"type": "float", "data": 0.007949225727857473}, "simu": {"type": "float", "data": 0.002}}, {"type": "dict", "image_number": {"type": "int", "data": 6}, "Hcamera2end": {"type": "ndarray", "data": [[0.9999971358069322, 0.0002216734557134001, 0.0023831153583106324, -0.014902807777028428], [-0.002382998501959265, -0.0005259341420726926, 0.9999970223512759, 0.0406438936835715], [0.00022292615737915054, -0.9999998371270654, -0.0005254043881828263, 0.034677344549534396], [0.0, 0.0, 0.0, 1.0]]}, "Hobj2base": {"type": "ndarray", "data": [[0.9999974458520863, -0.0003984278781479188, 0.0022247571844335795, -0.7380136017005051], [-0.0004137114444059854, -0.9999762913696821, 0.006873539217723082, 0.09029507423035132], [0.002221965828842063, -0.006874442069195455, -0.9999739021164966, -0.009352922403856637], [0.0, 0.0, 0.0, 1.0]]}, "mean_rme": {"type": "float", "data": 0.0024774597962812575}, "max_rme": {"type": "float", "data": 0.006947423649002887}, "simu": {"type": "float", "data": 0.002}}, {"type": "dict", "image_number": {"type": "int", "data": 7}, "Hcamera2end": {"type": "ndarray", "data": [[0.9999989302986787, -0.00046985255860143143, 0.0013851498372125567, -0.014830563097897348], [-0.001385467808078337, -0.0006770970051481751, 0.9999988110085927, 0.040245022126143594], [-0.0004689141191443188, -0.999999660389052, -0.0006777472464511991, 0.034752158122961924], [0.0, 0.0, 0.0, 1.0]]}, "Hobj2base": {"type": "ndarray", "data": [[0.9999976064722262, -0.0008772293265011406, 0.0020043748470190705, -0.7377422023598698], [-0.000887608298405642, -0.9999861734557465, 0.005183150474543562, 0.08973280675614581], [0.0019998003218416106, -0.005184917168276274, -0.9999845585970966, -0.009629506667415133], [0.0, 0.0, 0.0, 1.0]]}, "mean_rme": {"type": "float", "data": 0.0023169045493692604}, "max_rme": {"type": "float", "data": 0.0068943479510034655}, "simu": {"type": "float", "data": 0.002}}, {"type": "dict", "image_number": {"type": "int", "data": 8}, "Hcamera2end": {"type": "ndarray", "data": [[0.9999992729543162, -0.00038483616875028116, 0.0011428000534057525, -0.014764314174953538], [-0.0011423032592805644, 0.0012886785494683473, 0.9999985172243309, 0.04009418193647762], [-0.0003863083000397289, -0.9999990956039508, 0.0012882380129303206, 0.032550368281070614], [0.0, 0.0, 0.0, 1.0]]}, "Hobj2base": {"type": "ndarray", "data": [[0.9999996071582753, -0.0008714649173790798, 0.0001619635540245487, -0.7366876086372145], [-0.0008721908750177847, -0.9999893248973126, 0.004537551596995846, 0.0898712277756874], [0.0001580075080193985, -0.0045376910775901565, -0.9999896921435303, -0.009303687345399145], [0.0, 0.0, 0.0, 1.0]]}, "mean_rme": {"type": "float", "data": 0.002073990247674823}, "max_rme": {"type": "float", "data": 0.007208706480828997}, "simu": {"type": "float", "data": 0.002}}, {"type": "dict", "image_number": {"type": "int", "data": 9}, "Hcamera2end": {"type": "ndarray", "data": [[0.9999995036245329, -0.0008064831399523226, 0.0005850945502896168, -0.015465804016242455], [-0.0005833741612851642, 0.0021317860775015296, 0.9999975575783709, 0.04000169526870708], [-0.0008077284665967876, -0.9999974025331587, 0.002131314537909823, 0.030074253673046364], [0.0, 0.0, 0.0, 1.0]]}, "Hobj2base": {"type": "ndarray", "data": [[0.9999991372861158, -0.0011703748460886447, -0.0005963637680585107, -0.7345484217809287], [-0.0011680590178015802, -0.9999918335506046, 0.003868910729358316, 0.08895533420938703], [-0.0006008869736833807, -0.0038682108035181417, -0.9999923379106588, -0.00926771542605894], [0.0, 0.0, 0.0, 1.0]]}, "mean_rme": {"type": "float", "data": 0.0019483351006570795}, "max_rme": {"type": "float", "data": 0.007665110958430976}, "simu": {"type": "float", "data": 0.002}}, {"type": "dict", "image_number": {"type": "int", "data": 10}, "Hcamera2end": {"type": "ndarray", "data": [[0.9999996697795965, -0.0005787889908740776, 0.000570476995118827, -0.016573808341628977], [-0.000568903814531531, 0.002714588966013398, 0.9999961536702007, 0.04010182628468629], [-0.0005803353752170485, -0.999996147997606, 0.0027142587943360663, 0.029533010599416352], [0.0, 0.0, 0.0, 1.0]]}, "Hobj2base": {"type": "ndarray", "data": [[0.9999989239481711, -0.0009219411824331108, -0.0011411077757952507, -0.7342746675584689], [-0.0009176354931238653, -0.9999924798687734, 0.0037680433918036347, 0.08777938991588122], [-0.001144573108895132, -0.0037669922161971026, -0.9999922498309881, -0.009085617736414564], [0.0, 0.0, 0.0, 1.0]]}, "mean_rme": {"type": "float", "data": 0.0019882317752708827}, "max_rme": {"type": "float", "data": 0.00792584730849688}, "simu": {"type": "float", "data": 0.002}}, {"type": "dict", "image_number": {"type": "int", "data": 11}, "Hcamera2end": {"type": "ndarray", "data": [[0.999999864946617, 4.0627856383085244e-05, 0.0005181275181738921, -0.01560491542770662], [-0.0005181798630004446, 0.0012991492979981256, 0.9999990218498872, 0.03983638275762531], [3.995469164143372e-05, -0.9999991552798827, 0.0012991701750807438, 0.030834678210182025], [0.0, 0.0, 0.0, 1.0]]}, "Hobj2base": {"type": "ndarray", "data": [[0.9999999617652826, -0.00027652989108160333, -8.078335854935505e-07, -0.7342056563926033], [-0.00027652627099156114, -0.9999955491179398, 0.002970736866794887, 0.08869101601479555], [-1.6293275321284309e-06, -0.0029707365298223937, -0.9999955873511721, -0.00936394271938179], [0.0, 0.0, 0.0, 1.0]]}, "mean_rme": {"type": "float", "data": 0.0018994119093412665}, "max_rme": {"type": "float", "data": 0.008232254475606049}, "simu": {"type": "float", "data": 0.002}}, {"type": "dict", "image_number": {"type": "int", "data": 12}, "Hcamera2end": {"type": "ndarray", "data": [[0.9999999087986282, -0.00026265941222631265, 0.00033676812264111627, -0.015127829356195555], [-0.00033638768677008156, 0.0014471017018626853, 0.9999988963693854, 0.03734353517180877], [-0.0002631464600707512, -0.9999989184527641, 0.0014470132144930314, 0.030564528985173096], [0.0, 0.0, 0.0, 1.0]]}, "Hobj2base": {"type": "ndarray", "data": [[0.9999997848247814, -0.0006186804290443346, -0.00021813967454355063, -0.7337807983328964], [-0.0006179684738338642, -0.999994531501853, 0.0032488584695781093, 0.0887127452205434], [-0.00022014848679900744, -0.0032487229670625176, -0.9999946986528117, -0.00682896117058765], [0.0, 0.0, 0.0, 1.0]]}, "mean_rme": {"type": "float", "data": 0.0017686381150257553}, "max_rme": {"type": "float", "data": 0.007228018522598079}, "simu": {"type": "float", "data": 0.002}}, {"type": "dict", "image_number": {"type": "int", "data": 13}, "Hcamera2end": {"type": "ndarray", "data": [[0.9999999464723328, -0.00028663680913107545, 0.00015778045210998608, -0.014426002102984874], [-0.00015753903875909066, 0.0008420547548242396, 0.9999996330625531, 0.037335959842998846], [-0.00028676956373321406, -0.9999996043914865, 0.000842009553263634, 0.031086769927957992], [0.0, 0.0, 0.0, 1.0]]}, "Hobj2base": {"type": "ndarray", "data": [[0.9999997420497039, -0.0006443778104993532, 0.000317297593906334, -0.7336744703943384], [-0.0006452902401021846, -0.9999956331464044, 0.0028839709823058703, 0.0893362523065364], [0.0003154378414070734, -0.002884174987425257, -0.9999957910079467, -0.0068364209409728606], [0.0, 0.0, 0.0, 1.0]]}, "mean_rme": {"type": "float", "data": 0.0017369448130952624}, "max_rme": {"type": "float", "data": 0.007422522139963639}, "simu": {"type": "float", "data": 0.002}}, {"type": "dict", "image_number": {"type": "int", "data": 14}, "Hcamera2end": {"type": "ndarray", "data": [[0.9999999141127387, 0.00022885350001422544, 0.0003455439057910445, -0.014939590577903061], [-0.00034578486408938416, 0.0010536919062338335, 0.9999993850829083, 0.03725316989491439], [0.0002284892624715163, -0.9999994186795522, 0.0010537709498115166, 0.0309258538936665], [0.0, 0.0, 0.0, 1.0]]}, "Hobj2base": {"type": "ndarray", "data": [[0.99999999136848, -0.0001304349773100627, -1.580369082132262e-05, -0.7334948409824644], [-0.0001303889805045166, -0.9999958547418208, 0.0028763688722193287, 0.08891584551753687], [-1.6178804419527276e-05, -0.0028763667867647592, -0.9999958631176205, -0.006582674281565766], [0.0, 0.0, 0.0, 1.0]]}, "mean_rme": {"type": "float", "data": 0.001724014237592828}, "max_rme": {"type": "float", "data": 0.007626229107014854}, "simu": {"type": "float", "data": 0.002}}, {"type": "dict", "image_number": {"type": "int", "data": 15}, "Hcamera2end": {"type": "ndarray", "data": [[0.9999997821951175, 0.00040134512155971477, -0.0005239578331173709, -0.014396187348594068], [0.0005238083863239853, 0.0003723794439233208, 0.9999997934791406, 0.037186043697383604], [0.00040154014980011094, -0.9999998501278101, 0.0003721691348768097, 0.03206516422274886], [0.0, 0.0, 0.0, 1.0]]}, "Hobj2base": {"type": "ndarray", "data": [[0.9999999354456758, 0.00011760922390825144, 0.00033952424747810524, -0.7341678207272454], [0.00011699430211384136, -0.9999983540550754, 0.0018105798721566942, 0.08913571447330489], [0.0003397366295334816, -0.0018105400328735496, -0.9999983032604665, -0.006553885776506803], [0.0, 0.0, 0.0, 1.0]]}, "mean_rme": {"type": "float", "data": 0.0017065891402506701}, "max_rme": {"type": "float", "data": 0.007615671299864041}, "simu": {"type": "float", "data": 0.002}}, {"type": "dict", "image_number": {"type": "int", "data": 16}, "Hcamera2end": {"type": "ndarray", "data": [[0.99999976322342, 0.00033268929080260444, -0.0006023876988959724, -0.014496174956076772], [0.0006023539416644581, 0.00010155862222949175, 0.9999998134277703, 0.03697254410193863], [0.0003327504063967695, -0.9999999395018393, 0.00010135820147716412, 0.0327485784568335], [0.0, 0.0, 0.0, 1.0]]}, "Hobj2base": {"type": "ndarray", "data": [[0.9999998637640366, 9.159627082422891e-05, 0.0005138891235570127, -0.7346415132485856], [9.079213311645575e-05, -0.9999987718707763, 0.0015646129641829249, 0.08937710493995506], [0.0005140318051475648, -0.0015645660939366574, -0.999998643951201, -0.006462964601812976], [0.0, 0.0, 0.0, 1.0]]}, "mean_rme": {"type": "float", "data": 0.0016992778691020073}, "max_rme": {"type": "float", "data": 0.007455169350267299}, "simu": {"type": "float", "data": 0.002}}, {"type": "dict", "image_number": {"type": "int", "data": 17}, "Hcamera2end": {"type": "ndarray", "data": [[0.9999998488026662, 0.00017866268345043874, -0.0005200714279068633, -0.01457161839738206], [0.0005200238808863655, 0.0002660707698022291, 0.9999998293907398, 0.03685336509341088], [0.00017880102877410582, -0.9999999486429941, 0.0002659778207110275, 0.03256963311647841], [0.0, 0.0, 0.0, 1.0]]}, "Hobj2base": {"type": "ndarray", "data": [[0.9999999380131054, -4.322885248712063e-05, 0.00034943533250716887, -0.734526569894135], [-4.375234234894328e-05, -0.9999988766904768, 0.0014982334653343874, 0.089433056188266], [0.00034937017306966797, -0.0014982486610778444, -0.9999988165950155, -0.006393623545851053], [0.0, 0.0, 0.0, 1.0]]}, "mean_rme": {"type": "float", "data": 0.0016295606886329015}, "max_rme": {"type": "float", "data": 0.007419468103136956}, "simu": {"type": "float", "data": 0.002}}, {"type": "dict", "image_number": {"type": "int", "data": 18}, "Hcamera2end": {"type": "ndarray", "data": [[0.9999998866658241, 7.851922845592487e-05, -0.0004695775438648324, -0.01455775008932856], [0.00046953614866469655, 0.0005263882054052926, 0.9999997512256004, 0.036817204605656705], [7.876638900296458e-05, -0.9999998583750841, 0.0005263512781313873, 0.032478186249999624], [0.0, 0.0, 0.0, 1.0]]}, "Hobj2base": {"type": "ndarray", "data": [[0.9999999864731309, -0.00013558459805038133, 9.311581382467579e-05, -0.7345859090418042], [-0.00013572044936120445, -0.9999989242642633, 0.0014604965855096368, 0.0894731254140705], [9.291769281416691e-05, -0.0014605092034737856, -0.9999989291390112, -0.006332383426834089], [0.0, 0.0, 0.0, 1.0]]}, "mean_rme": {"type": "float", "data": 0.0015597641929699407}, "max_rme": {"type": "float", "data": 0.007400189849733202}, "simu": {"type": "float", "data": 0.002}}, {"type": "dict", "image_number": {"type": "int", "data": 19}, "Hcamera2end": {"type": "ndarray", "data": [[0.9999998328897557, 2.11259407233448e-06, -0.0005781141734373344, -0.014789977066164242], [0.0005781139082822774, 0.00012342776992957383, 0.9999998252749321, 0.03675038073506719], [2.183949046403479e-06, -0.9999999923805613, 0.0001234265279834723, 0.03301842331123505], [0.0, 0.0, 0.0, 1.0]]}, "Hobj2base": {"type": "ndarray", "data": [[0.9999999016569249, -0.00018171099763599264, 0.00040455809699736306, -0.7349897691627408], [-0.00018219006177170701, -0.9999992819485017, 0.0011844447064440482, 0.08933828909314236], [0.0004043425798745627, -0.0011845182964267955, -0.9999992167114351, -0.006363303416778166], [0.0, 0.0, 0.0, 1.0]]}, "mean_rme": {"type": "float", "data": 0.0015493990479020004}, "max_rme": {"type": "float", "data": 0.007178826262762145}, "simu": {"type": "float", "data": 0.002}}, {"type": "dict", "image_number": {"type": "int", "data": 20}, "Hcamera2end": {"type": "ndarray", "data": [[0.9999997640973624, -0.00023038878640340034, -0.0006470905862751862, -0.01473859445801288], [0.0006471339050123808, 0.0001879996317161181, 0.9999997729368978, 0.036267439448405235], [-0.00023026708129870118, -0.9999999557885716, 0.00018814867976157945, 0.03307278361862987], [0.0, 0.0, 0.0, 1.0]]}, "Hobj2base": {"type": "ndarray", "data": [[0.9999998735906594, -0.00035265483810294543, 0.0003584037251719737, -0.7349380158632942], [-0.0003531053745002167, -0.9999991466538596, 0.0012577790531679703, 0.08939941332482777], [0.000357959857461174, -0.001257905448454549, -0.9999991447689458, -0.005876420525609455], [0.0, 0.0, 0.0, 1.0]]}, "mean_rme": {"type": "float", "data": 0.0014836641950160352}, "max_rme": {"type": "float", "data": 0.007039375214935473}, "simu": {"type": "float", "data": 0.002}}, {"type": "dict", "image_number": {"type": "int", "data": 21}, "Hcamera2end": {"type": "ndarray", "data": [[0.9999997260658803, -0.00028359813897236707, -0.0006836960289557898, -0.014755314453293741], [0.0006837054027943609, 3.295761251931317e-05, 0.9999997657303313, 0.03609662216910176], [-0.000283575539545122, -0.9999999592429446, 3.315150107086051e-05, 0.033192886894113836], [0.0, 0.0, 0.0, 1.0]]}, "Hobj2base": {"type": "ndarray", "data": [[0.9999998644705222, -0.00040477134263204936, 0.00032744327337825554, -0.7348148472221394], [-0.0004051890547410607, -0.9999991030326467, 0.0012766188668877178, 0.08950510973586134], [0.00032692624093954984, -0.001276751370298651, -0.9999991315122083, -0.005830161323307966], [0.0, 0.0, 0.0, 1.0]]}, "mean_rme": {"type": "float", "data": 0.0015060448725749066}, "max_rme": {"type": "float", "data": 0.007079129739557322}, "simu": {"type": "float", "data": 0.002}}, {"type": "dict", "image_number": {"type": "int", "data": 22}, "Hcamera2end": {"type": "ndarray", "data": [[0.9999997068372168, -0.0004027648164009038, -0.0006512341998811086, -0.014827998371356056], [0.000651179902235783, -0.0001349287315286496, 0.9999997788794619, 0.03595555844978294], [-0.00040285259754584883, -0.9999999097873662, -0.0001346664196189007, 0.033459506912459275], [0.0, 0.0, 0.0, 1.0]]}, "Hobj2base": {"type": "ndarray", "data": [[0.9999997854929317, -0.00047995507992347307, 0.00044570978442061123, -0.7349918679096127], [-0.00048048785674157426, -0.9999991693479098, 0.001196007905554431, 0.08962217456377504], [0.00044513538412094765, -0.0011962218071413266, -0.9999991854536072, -0.005774188762168327], [0.0, 0.0, 0.0, 1.0]]}, "mean_rme": {"type": "float", "data": 0.0014992569508392533}, "max_rme": {"type": "float", "data": 0.006931329529137165}, "simu": {"type": "float", "data": 0.002}}, {"type": "dict", "image_number": {"type": "int", "data": 23}, "Hcamera2end": {"type": "ndarray", "data": [[0.9999997973953542, -0.00030940826906378086, -0.0005563054679784125, -0.01482816281927302], [0.000556327041672292, 6.964395889108577e-05, 0.9999998428249588, 0.03597179332106626], [-0.0003093694771173804, -0.99999994970812, 6.981607696787684e-05, 0.03355439931641856], [0.0, 0.0, 0.0, 1.0]]}, "Hobj2base": {"type": "ndarray", "data": [[0.999999899754784, -0.00039642604441673636, 0.00020817495833204137, -0.7352079214120155], [-0.0003966571897657341, -0.9999993036409327, 0.0011114768209229398, 0.08949963645696504], [0.0002077341950079422, -0.0011115592835966575, -0.9999993606410273, -0.005744764910533341], [0.0, 0.0, 0.0, 1.0]]}, "mean_rme": {"type": "float", "data": 0.001511165223725812}, "max_rme": {"type": "float", "data": 0.006939438400820758}, "simu": {"type": "float", "data": 0.002}}, {"type": "dict", "image_number": {"type": "int", "data": 24}, "Hcamera2end": {"type": "ndarray", "data": [[0.9999997975085803, -0.00017974801177342626, -0.0006104698605496878, -0.014887730770662438], [0.0006104845266561593, 8.154903504575817e-05, 0.9999998103291811, 0.03550508217497062], [-0.0001796981944524211, -0.9999999805202037, 8.165875191268324e-05, 0.033559008264591406], [0.0, 0.0, 0.0, 1.0]]}, "Hobj2base": {"type": "ndarray", "data": [[0.9999999317717427, -0.00028006459704237513, 0.00024087409850397836, -0.7351942428829951], [-0.00028032456514786745, -0.9999993776018417, 0.0010799139166094674, 0.08934199092243061], [0.00024057150292848737, -0.0010799813658557416, -0.9999993878826134, -0.005347286335738492], [0.0, 0.0, 0.0, 1.0]]}, "mean_rme": {"type": "float", "data": 0.001492291034932006}, "max_rme": {"type": "float", "data": 0.006761312588412283}, "simu": {"type": "float", "data": 0.002}}, {"type": "dict", "image_number": {"type": "int", "data": 25}, "Hcamera2end": {"type": "ndarray", "data": [[0.9999996811112254, 0.0004970615104229757, -0.0006250658384507474, -0.014939095581103286], [0.0006250167758114722, 9.885457875502546e-05, 0.9999997997908809, 0.03509313674036477], [0.0004971232015268828, -0.9999998715788052, 9.854387544872001e-05, 0.03351499179713007], [0.0, 0.0, 0.0, 1.0]]}, "Hobj2base": {"type": "ndarray", "data": [[0.9999998795867455, 0.00039104382624216474, 0.00029649826374710686, -0.7352720121880653], [0.00039071466054320196, -0.9999993082601466, 0.0011094238510226024, 0.08912506016435673], [0.0002969318919950697, -0.0011093078712147944, -0.9999993406335315, -0.004968687269497661], [0.0, 0.0, 0.0, 1.0]]}, "mean_rme": {"type": "float", "data": 0.0014645161944626442}, "max_rme": {"type": "float", "data": 0.00657689747013121}, "simu": {"type": "float", "data": 0.002}}, {"type": "dict", "image_number": {"type": "int", "data": 26}, "Hcamera2end": {"type": "ndarray", "data": [[0.9999994591461644, 0.00070165055338801, -0.0007677199226827561, -0.015066657552274858], [0.0007676618908500257, 8.29731724458771e-05, 0.9999997019052924, 0.03485758951691353], [0.0007017140443872281, -0.9999997504009455, 8.243449717892926e-05, 0.03348082824317924], [0.0, 0.0, 0.0, 1.0]]}, "Hobj2base": {"type": "ndarray", "data": [[0.9999997920739915, 0.0005738448095252288, 0.0002942007959143444, -0.7353215484989933], [0.0005735327753898167, -0.9999992741476194, 0.0010596057709592339, 0.08891612268804441], [0.0002948086316398043, -0.0010594368168406329, -0.9999993953405679, -0.004838773859519119], [0.0, 0.0, 0.0, 1.0]]}, "mean_rme": {"type": "float", "data": 0.0014616031049548151}, "max_rme": {"type": "float", "data": 0.00642527985342517}, "simu": {"type": "float", "data": 0.002}}, {"type": "dict", "image_number": {"type": "int", "data": 27}, "Hcamera2end": {"type": "ndarray", "data": [[0.9999994566019045, 0.0006275847787352242, -0.0008324261176108183, -0.015081905065161518], [0.0008323409645431687, 0.00013593274320278237, 0.999999644365341, 0.03452289744227414], [0.0006276977095100061, -0.9999997938297962, 0.00013541030481711847, 0.03351315713225219], [0.0, 0.0, 0.0, 1.0]]}, "Hobj2base": {"type": "ndarray", "data": [[0.9999998246104528, 0.0005157656768255979, 0.00029114400257686387, -0.7352836714059172], [0.000515446333212854, -0.9999992666924049, 0.0010958693942895777, 0.08889598146080234], [0.0002917090008986139, -0.0010957191329769756, -0.9999993571525132, -0.004542830800941161], [0.0, 0.0, 0.0, 1.0]]}, "mean_rme": {"type": "float", "data": 0.0014431644621976138}, "max_rme": {"type": "float", "data": 0.006350025661245012}, "simu": {"type": "float", "data": 0.002}}, {"type": "dict", "image_number": {"type": "int", "data": 28}, "Hcamera2end": {"type": "ndarray", "data": [[0.9999992907726541, 0.0007715132904609535, -0.0009073155081127451, -0.015176899088329476], [0.0009071951647764098, 0.00015631914343827713, 0.9999995762805398, 0.03433760652334552], [0.0007716547943388151, -0.9999996901657364, 0.00015561911944583784, 0.03351381530823026], [0.0, 0.0, 0.0, 1.0]]}, "Hobj2base": {"type": "ndarray", "data": [[0.9999997386245975, 0.0006549410151879535, 0.000306272759720835, -0.7352869762902766], [0.0006546247443333864, -0.9999992536264295, 0.0010316070126410413, 0.08872300738624662], [0.00030694817287107583, -0.0010314062492773148, -0.9999994209918166, -0.004438237377390931], [0.0, 0.0, 0.0, 1.0]]}, "mean_rme": {"type": "float", "data": 0.0014382558657568478}, "max_rme": {"type": "float", "data": 0.0063029648952088735}, "simu": {"type": "float", "data": 0.002}}, {"type": "dict", "image_number": {"type": "int", "data": 29}, "Hcamera2end": {"type": "ndarray", "data": [[0.9999988459501438, 0.001202183810648357, -0.0009288985230586937, -0.015241887946010488], [0.0009286031280979972, 0.0002462501591927735, 0.9999995385284384, 0.03361912436509044], [0.0012024119972838933, -0.9999992470571888, 0.0002451335233606411, 0.03362831777371066], [0.0, 0.0, 0.0, 1.0]]}, "Hobj2base": {"type": "ndarray", "data": [[0.9999994673000716, 0.0010133555662324234, 0.00019623982605491508, -0.7353079528439761], [0.001013149780653414, -0.9999989397901796, 0.0010459187537422403, 0.0888065953456674], [0.00019729950559045585, -0.0010457193762446722, -0.9999994337717857, -0.0037167054466374573], [0.0, 0.0, 0.0, 1.0]]}, "mean_rme": {"type": "float", "data": 0.00148334239707591}, "max_rme": {"type": "float", "data": 0.006160640875520762}, "simu": {"type": "float", "data": 0.002}}, {"type": "dict", "image_number": {"type": "int", "data": 30}, "Hcamera2end": {"type": "ndarray", "data": [[0.9999991060311296, 0.000997955324219382, -0.0008899562418558847, -0.015149255605332021], [0.0008896614252920106, 0.00029582562056029715, 0.9999995604947786, 0.03391522614346966], [0.0009982181574703247, -0.9999994582860398, 0.00029493751374520816, 0.03361348501013528], [0.0, 0.0, 0.0, 1.0]]}, "Hobj2base": {"type": "ndarray", "data": [[0.9999996591125553, 0.0007957260621003819, 0.00022044229911194807, -0.7352744772431975], [0.0007954899048684727, -0.999999111882897, 0.0010693125024318348, 0.08887193351440136], [0.0002212929831600869, -0.0010691367782930787, -0.9999994039878046, -0.004046956993998957], [0.0, 0.0, 0.0, 1.0]]}, "mean_rme": {"type": "float", "data": 0.0014718759405025546}, "max_rme": {"type": "float", "data": 0.006318574895333218}, "simu": {"type": "float", "data": 0.002}}]}