{"type": "list", "data": [{"type": "dict", "image_number": {"type": "int", "data": 5}, "Hcamera2end": {"type": "ndarray", "data": [[0.9999987382998946, -0.0004382298005956663, -0.0015268769632301553, -0.01622463504765905], [0.0015271512756145208, 0.0006263050292283356, 0.9999986377745682, 0.02513267237034288], [-0.0004372729129068026, -0.9999997078482836, 0.0006269734822181849, 0.02967317212533994], [0.0, 0.0, 0.0, 1.0]]}, "Hobj2base": {"type": "ndarray", "data": [[0.9999993784939797, -0.0007005897692825674, 0.0008672863596566779, -0.7328397702046197], [-0.0007011555165026508, -0.9999995415165992, 0.0006521867318571323, 0.08830880190353581], [0.0008668290466682774, -0.0006527944291346128, -0.9999994112332453, 0.0009860505502327533], [0.0, 0.0, 0.0, 1.0]]}, "mean_rme": {"type": "float", "data": 0.0017183191577637945}, "max_rme": {"type": "float", "data": 0.003929781913748737}, "simu": {"type": "float", "data": 0.002}}, {"type": "dict", "image_number": {"type": "int", "data": 6}, "Hcamera2end": {"type": "ndarray", "data": [[0.9999989580427433, -0.0006508319687154243, -0.0012885383875653712, -0.01511373008161387], [0.001288796481898241, 0.0003962970276250033, 0.999999090975734, 0.02512678681453598], [-0.0006503207331603985, -0.9999997096831651, 0.000397135404652027, 0.030130218764521644], [0.0, 0.0, 0.0, 1.0]]}, "Hobj2base": {"type": "ndarray", "data": [[0.9999992018505796, -0.0006320487528835533, 0.0010939892951464132, -0.7333436763547093], [-0.0006331288683674844, -0.9999993122388633, 0.0009872535826924685, 0.08888473956411395], [0.0010933645503473715, -0.0009879454309210359, -0.9999989142583035, -1.1593394896545576e-05], [0.0, 0.0, 0.0, 1.0]]}, "mean_rme": {"type": "float", "data": 0.0016630702810342636}, "max_rme": {"type": "float", "data": 0.0044063671852956066}, "simu": {"type": "float", "data": 0.002}}, {"type": "dict", "image_number": {"type": "int", "data": 7}, "Hcamera2end": {"type": "ndarray", "data": [[0.9999990970749296, -0.0004251284118781151, -0.0012748000466364148, -0.01494207406956199], [0.0012749972553416716, 0.00046393238356767785, 0.9999990795739473, 0.02484899841328255], [-0.00042453659955464133, -0.9999998020162686, 0.0004644740022297089, 0.0318346236436812], [0.0, 0.0, 0.0, 1.0]]}, "Hobj2base": {"type": "ndarray", "data": [[0.9999994545478786, -0.0004581618710047612, 0.0009386115517563815, -0.7350525175017985], [-0.0004591263714485158, -0.9999993665952442, 0.001027624486833291, 0.0894347725152237], [0.0009381401388777826, -0.001028054867629292, -0.9999990314976657, -9.365956473387069e-05], [0.0, 0.0, 0.0, 1.0]]}, "mean_rme": {"type": "float", "data": 0.0015084783106698535}, "max_rme": {"type": "float", "data": 0.00448462894519136}, "simu": {"type": "float", "data": 0.002}}, {"type": "dict", "image_number": {"type": "int", "data": 8}, "Hcamera2end": {"type": "ndarray", "data": [[0.9999991144110655, -0.0004083265298996383, -0.0012666674898440245, -0.015398077506026021], [0.0012666107763121977, -0.00013912128307969063, 0.9999991881708754, 0.024843958331795823], [-0.00040850241881469157, -0.9999999069573524, -0.00013860396909248784, 0.03203184321383239], [0.0, 0.0, 0.0, 1.0]]}, "Hobj2base": {"type": "ndarray", "data": [[0.999999031934919, -7.737996374786818e-05, 0.001389295348777249, -0.734797861445461], [-7.909674400595998e-05, -0.999999233384756, 0.0012357077344760724, 0.08886258857591967], [0.0013891986647025596, -0.0012358164269691153, -0.9999982714409203, -0.0002354695147769037], [0.0, 0.0, 0.0, 1.0]]}, "mean_rme": {"type": "float", "data": 0.0015048269534837732}, "max_rme": {"type": "float", "data": 0.004827473178440511}, "simu": {"type": "float", "data": 0.002}}, {"type": "dict", "image_number": {"type": "int", "data": 9}, "Hcamera2end": {"type": "ndarray", "data": [[0.9999993788524233, -4.712504585313061e-05, -0.001113586098038121, -0.014815467833679036], [0.0011135889929562346, 6.144897648141523e-05, 0.9999993780715959, 0.024328403802095777], [-4.705658781877756e-05, -0.9999999970016269, 6.150141624483574e-05, 0.03234678815747087], [0.0, 0.0, 0.0, 1.0]]}, "Hobj2base": {"type": "ndarray", "data": [[0.9999994089786436, 0.00016589031944943804, 0.0010744872105040598, -0.7347894860756612], [0.00016434536527425145, -0.9999989528872424, 0.001437781283792767, 0.08955396180801105], [0.0010747245993912606, -0.0014376038470402296, -0.9999983891298099, -0.0005295467078930015], [0.0, 0.0, 0.0, 1.0]]}, "mean_rme": {"type": "float", "data": 0.001537632596138589}, "max_rme": {"type": "float", "data": 0.005340180001486339}, "simu": {"type": "float", "data": 0.002}}, {"type": "dict", "image_number": {"type": "int", "data": 10}, "Hcamera2end": {"type": "ndarray", "data": [[0.9999997544861118, -0.00014410514535805383, -0.0006857560960962423, -0.014350080863215781], [0.0006858076175774662, 0.00035778225379556883, 0.9999997008298406, 0.02437601361494776], [-0.0001438597508844792, -0.9999999256127802, 0.00035788099436151466, 0.032283973373905914], [0.0, 0.0, 0.0, 1.0]]}, "Hobj2base": {"type": "ndarray", "data": [[0.9999995715126421, -0.00015625571684290407, 0.0009124465372314281, -0.7349026716033153], [-0.00015788381909588104, -0.9999983952670124, 0.0017845268561163035, 0.09009033261826263], [0.0009121662304752423, -0.0017846701520131247, -0.9999979914505912, -0.0009588912951222107], [0.0, 0.0, 0.0, 1.0]]}, "mean_rme": {"type": "float", "data": 0.0014301093055449014}, "max_rme": {"type": "float", "data": 0.0054213329354292905}, "simu": {"type": "float", "data": 0.002}}, {"type": "dict", "image_number": {"type": "int", "data": 11}, "Hcamera2end": {"type": "ndarray", "data": [[0.9999997174273553, 0.00011235826380181124, -0.0007433174490456172, -0.014608807630535205], [0.0007432639242871774, 0.00047566926584352576, 0.9999996106486685, 0.024337993885362053], [0.00011271179332024791, -0.999999880557178, 0.00047558561958827017, 0.03186968255824726], [0.0, 0.0, 0.0, 1.0]]}, "Hobj2base": {"type": "ndarray", "data": [[0.9999997731483177, -5.187216498133124e-05, 0.0006715747104266718, -0.7348655181447509], [-5.307659955272265e-05, -0.9999983901707561, 0.0017935547862402406, 0.08967509564253727], [0.0006714805937362883, -0.001793590024271295, -0.9999981660726369, -0.0006902783096779739], [0.0, 0.0, 0.0, 1.0]]}, "mean_rme": {"type": "float", "data": 0.001452678059550643}, "max_rme": {"type": "float", "data": 0.0051261581025064396}, "simu": {"type": "float", "data": 0.002}}, {"type": "dict", "image_number": {"type": "int", "data": 12}, "Hcamera2end": {"type": "ndarray", "data": [[0.9999998658279939, 0.00019657937531124758, -0.00047927084537322304, -0.01428344232821285], [0.00047919460673831915, 0.0003876901344497252, 0.9999998100344261, 0.023433971532344867], [0.00019676514654641428, -0.9999999055264499, 0.0003875958826561332, 0.031750540005804066], [0.0, 0.0, 0.0, 1.0]]}, "Hobj2base": {"type": "ndarray", "data": [[0.9999998262327585, 4.3105431446769406e-05, 0.000587942492641815, -0.7347659176886813], [4.2039182341366224e-05, -0.9999983548725868, 0.0018134179955564954, 0.09042761546318152], [0.0005880196935665948, -0.001813392963822198, -0.9999981829177482, -0.0005165756192041562], [0.0, 0.0, 0.0, 1.0]]}, "mean_rme": {"type": "float", "data": 0.0014908909768763536}, "max_rme": {"type": "float", "data": 0.005289226116528101}, "simu": {"type": "float", "data": 0.002}}, {"type": "dict", "image_number": {"type": "int", "data": 13}, "Hcamera2end": {"type": "ndarray", "data": [[0.9999999018492797, 0.0002093950326613656, -0.0003904550566600643, -0.014393087862136365], [0.00039046999089628945, -7.128473343587238e-05, 0.9999999212258335, 0.023510441220319762], [0.0002093671826818137, -0.9999999755361033, -7.136648891581387e-05, 0.0323762475904153], [0.0, 0.0, 0.0, 1.0]]}, "Hobj2base": {"type": "ndarray", "data": [[0.9999994628182918, 0.00023584105775456275, 0.0010093275599678342, -0.7351412771406012], [0.00023406091503809336, -0.9999984177344794, 0.0017634466323245383, 0.09038891451398025], [0.0010097418560626984, -0.001763209440901005, -0.999997935754795, -0.0006494005028114557], [0.0, 0.0, 0.0, 1.0]]}, "mean_rme": {"type": "float", "data": 0.001421019037762737}, "max_rme": {"type": "float", "data": 0.005620965764306984}, "simu": {"type": "float", "data": 0.002}}, {"type": "dict", "image_number": {"type": "int", "data": 14}, "Hcamera2end": {"type": "ndarray", "data": [[0.9999998901875725, 0.00014847391109268785, -0.0004445001018494163, -0.01438111207028624], [0.0004444748370451558, 0.00017015293188882286, 0.9999998867450433, 0.023536491898353724], [0.00014854952727283614, -0.9999999745017385, 0.0001700869202865274, 0.0322314929896386], [0.0, 0.0, 0.0, 1.0]]}, "Hobj2base": {"type": "ndarray", "data": [[0.9999995731291695, 0.00015847868573381246, 0.0009102889567789655, -0.7351199159323226], [0.00015706169410282142, -0.99999877631896, 0.0015564999862212757, 0.09031077740947879], [0.000910534514947789, -0.0015563563502711591, -0.9999983743395828, -0.0007567337032075969], [0.0, 0.0, 0.0, 1.0]]}, "mean_rme": {"type": "float", "data": 0.0013841294814002157}, "max_rme": {"type": "float", "data": 0.005700194106721901}, "simu": {"type": "float", "data": 0.002}}, {"type": "dict", "image_number": {"type": "int", "data": 15}, "Hcamera2end": {"type": "ndarray", "data": [[0.9999998644346684, 0.0001689229637356609, -0.0004925400260431291, -0.01433208711815621], [0.0004924929271693864, 0.00027874700924446216, 0.9999998398753982, 0.023575347900584236], [0.00016906023074613144, -0.9999999468825673, 0.0002786637780911594, 0.03221108137977314], [0.0, 0.0, 0.0, 1.0]]}, "Hobj2base": {"type": "ndarray", "data": [[0.9999994689318401, 0.00019761923855654914, 0.0010114754936993173, -0.7351076227267139], [0.00019612929098311013, -0.999998896003248, 0.0014729309506199219, 0.09028407495854203], [0.0010117654565265659, -0.0014727317884217662, -0.9999984036945957, -0.0007461428188590746], [0.0, 0.0, 0.0, 1.0]]}, "mean_rme": {"type": "float", "data": 0.001330999892487438}, "max_rme": {"type": "float", "data": 0.00566508993403092}, "simu": {"type": "float", "data": 0.002}}, {"type": "dict", "image_number": {"type": "int", "data": 16}, "Hcamera2end": {"type": "ndarray", "data": [[0.9999997159855971, 0.00022120537278697987, -0.0007204838014463375, -0.014374085936839597], [0.0007204407580922172, 0.00019460354164624327, 0.9999997215472491, 0.023625789588563866], [0.00022134551989119554, -0.9999999565988213, 0.00019444412100955155, 0.03258638091326491], [0.0, 0.0, 0.0, 1.0]]}, "Hobj2base": {"type": "ndarray", "data": [[0.9999993360172557, 0.00033595554513421157, 0.0011023152541680891, -0.7353519653402723], [0.0003345274982594773, -0.9999991049804655, 0.0012954264245600296, 0.09006557283389745], [0.0011027494732650473, -0.001295056809654967, -0.9999985533846836, -0.0005773589033031372], [0.0, 0.0, 0.0, 1.0]]}, "mean_rme": {"type": "float", "data": 0.0012918300184856365}, "max_rme": {"type": "float", "data": 0.005710953873360847}, "simu": {"type": "float", "data": 0.002}}, {"type": "dict", "image_number": {"type": "int", "data": 17}, "Hcamera2end": {"type": "ndarray", "data": [[0.9999998059926647, -0.00010286660447572844, -0.0006143558372289961, -0.014721415454655471], [0.0006143699405875312, 0.00013712795300591107, 0.9999998018727307, 0.02373552237877834], [-0.00010278233873667255, -0.999999985307193, 0.00013719112455179427, 0.03260986931367808], [0.0, 0.0, 0.0, 1.0]]}, "Hobj2base": {"type": "ndarray", "data": [[0.9999991264303351, 0.00010864535520088788, 0.0013173210517907282, -0.7355525446502282], [0.00010690852080283009, -0.9999991251188929, 0.001318458196632379, 0.08991554138692597], [0.001317463143650519, -0.0013183162120222248, -0.9999982631651065, -0.0005747009573902454], [0.0, 0.0, 0.0, 1.0]]}, "mean_rme": {"type": "float", "data": 0.001317315319866697}, "max_rme": {"type": "float", "data": 0.00578828489936789}, "simu": {"type": "float", "data": 0.002}}, {"type": "dict", "image_number": {"type": "int", "data": 18}, "Hcamera2end": {"type": "ndarray", "data": [[0.9999998144138019, -6.230767779047798e-05, -0.0006060446476334169, -0.014505125865274051], [0.000606050518205957, 9.42434190820407e-05, 0.9999998119104563, 0.02383744237490322], [-6.225055035134568e-05, -0.999999993617966, 9.428116319221136e-05, 0.03252674228415501], [0.0, 0.0, 0.0, 1.0]]}, "Hobj2base": {"type": "ndarray", "data": [[0.9999991207543188, 0.00016477228610094647, 0.0013158041962745943, -0.7355524901276135], [0.0001629814090039649, -0.9999990604995788, 0.0013610426225419694, 0.09011221626987703], [0.0013160272221803945, -0.0013608269742292395, -0.9999982081095429, -0.000743137809398479], [0.0, 0.0, 0.0, 1.0]]}, "mean_rme": {"type": "float", "data": 0.0013195399911680838}, "max_rme": {"type": "float", "data": 0.005723225921647812}, "simu": {"type": "float", "data": 0.002}}, {"type": "dict", "image_number": {"type": "int", "data": 19}, "Hcamera2end": {"type": "ndarray", "data": [[0.9999998290013173, -0.0002461906119873103, -0.0005304597239297785, -0.014674934731794159], [0.0005304702336088869, 4.262586034919913e-05, 0.9999998583921734, 0.02371539531249548], [-0.00024616796582268, -0.9999999687866086, 4.275644985163307e-05, 0.03275147037502101], [0.0, 0.0, 0.0, 1.0]]}, "Hobj2base": {"type": "ndarray", "data": [[0.9999990678595326, 5.547010871985995e-06, 0.001365375148662944, -0.7355717707911548], [3.605318954635909e-06, -0.9999989888195437, 0.0014220924343659065, 0.08996387192629714], [0.0013653816563844723, -0.0014220861861630964, -0.9999980567000177, -0.000582129483352716], [0.0, 0.0, 0.0, 1.0]]}, "mean_rme": {"type": "float", "data": 0.001338924844973966}, "max_rme": {"type": "float", "data": 0.005820301393500149}, "simu": {"type": "float", "data": 0.002}}, {"type": "dict", "image_number": {"type": "int", "data": 20}, "Hcamera2end": {"type": "ndarray", "data": [[0.9999998541091066, 0.00015253464266727027, -0.0005181842802951313, -0.014732691325668498], [0.0005181842881470924, -1.1956049927874801e-08, 0.9999998657425124, 0.023547936074738953], [0.00015253461599291516, -0.9999999883665911, -9.099710340798595e-08, 0.032796167685878216], [0.0, 0.0, 0.0, 1.0]]}, "Hobj2base": {"type": "ndarray", "data": [[0.9999992464804159, 0.0003490421315651237, 0.0011769486780521935, -0.735563612462468], [0.0003475006188737145, -0.9999990819592732, 0.0013097037566582005, 0.08989249716760658], [0.001177404739356317, -0.0013092937793767647, -0.9999984497327377, -0.0003429965256469492], [0.0, 0.0, 0.0, 1.0]]}, "mean_rme": {"type": "float", "data": 0.0012973965056780252}, "max_rme": {"type": "float", "data": 0.005723072558331099}, "simu": {"type": "float", "data": 0.002}}, {"type": "dict", "image_number": {"type": "int", "data": 21}, "Hcamera2end": {"type": "ndarray", "data": [[0.9999997673734207, 0.00020112929879436187, -0.0006517669136001428, -0.014671641331621096], [0.0006517371144561143, 0.00014818913251191113, 0.9999997766393325, 0.023397023762696957], [0.00020122583864351382, -0.9999999687934926, 0.00014805801461037493, 0.032106643584215895], [0.0, 0.0, 0.0, 1.0]]}, "Hobj2base": {"type": "ndarray", "data": [[0.9999994834774685, 0.000327319242190025, 0.0009622405676158993, -0.7350289124491466], [0.0003261290987942079, -0.999999182053162, 0.0012367428262290811, 0.0897812689183491], [0.0009626445902789347, -0.0012364283727744059, -0.9999987722793824, 1.4841991385604128e-05], [0.0, 0.0, 0.0, 1.0]]}, "mean_rme": {"type": "float", "data": 0.0013744461474996092}, "max_rme": {"type": "float", "data": 0.005381822067848097}, "simu": {"type": "float", "data": 0.002}}, {"type": "dict", "image_number": {"type": "int", "data": 22}, "Hcamera2end": {"type": "ndarray", "data": [[0.9999998420796982, 0.00013427816026108887, -0.0005457196664398681, -0.014745828914680102], [0.0005456894828211883, 0.00022471832880144316, 0.9999998258623152, 0.02344282800041367], [0.00013440077008963728, -0.9999999657355235, 0.00022464501913399548, 0.03193043431676243], [0.0, 0.0, 0.0, 1.0]]}, "Hobj2base": {"type": "ndarray", "data": [[0.9999995782409867, 0.0002364411165584611, 0.0008874758853632456, -0.7348956734675618], [0.00023528943460878873, -0.9999991304553655, 0.0012975852166806387, 0.08980408689550008], [0.000887781916160813, -0.001297375855713082, -0.9999987643288157, -4.955224811677781e-05], [0.0, 0.0, 0.0, 1.0]]}, "mean_rme": {"type": "float", "data": 0.0013517030402662102}, "max_rme": {"type": "float", "data": 0.005354318461642915}, "simu": {"type": "float", "data": 0.002}}, {"type": "dict", "image_number": {"type": "int", "data": 23}, "Hcamera2end": {"type": "ndarray", "data": [[0.9999998687719033, 8.609387500629835e-05, -0.0005050188321502947, -0.014791096185028992], [0.0005049957881928433, 0.00026747276726957203, 0.9999998367187729, 0.02352473644349821], [8.622893973334327e-05, -0.9999999605230808, 0.000267429255125351, 0.03193398281806614], [0.0, 0.0, 0.0, 1.0]]}, "Hobj2base": {"type": "ndarray", "data": [[0.9999996517570198, 0.00016643215589947917, 0.0008177934804117679, -0.7348985700101944], [0.0001653663213126064, -0.9999991371613275, 0.0013032001305467544, 0.08984145835207313], [0.0008180096691952222, -0.0013030644412170079, -0.9999988164409213, 4.9664096456193265e-06], [0.0, 0.0, 0.0, 1.0]]}, "mean_rme": {"type": "float", "data": 0.0013587842038053342}, "max_rme": {"type": "float", "data": 0.005476364926438104}, "simu": {"type": "float", "data": 0.002}}, {"type": "dict", "image_number": {"type": "int", "data": 24}, "Hcamera2end": {"type": "ndarray", "data": [[0.9999997705613509, 5.958392616547969e-05, -0.0006747792241479882, -0.014332475784760415], [0.0006747738593174727, 9.001246267115182e-05, 0.9999997682889709, 0.02348132040111092], [5.964465089895168e-05, -0.9999999941737562, 8.997223634299445e-05, 0.03219318844402432], [0.0, 0.0, 0.0, 1.0]]}, "Hobj2base": {"type": "ndarray", "data": [[0.9999995776461876, 0.0001913767756881444, 0.0008989340221276143, -0.7348701501795913], [0.00019038482702914562, -0.9999993730997843, 0.0011034281384373432, 0.0901949856618622], [0.0008991446291050193, -0.001103256529001949, -0.999998987181471, -0.00022842496098267098], [0.0, 0.0, 0.0, 1.0]]}, "mean_rme": {"type": "float", "data": 0.0014151060462034716}, "max_rme": {"type": "float", "data": 0.005222269355442066}, "simu": {"type": "float", "data": 0.002}}, {"type": "dict", "image_number": {"type": "int", "data": 25}, "Hcamera2end": {"type": "ndarray", "data": [[0.9999997317900718, 0.00010976568858626581, -0.0007241348478888873, -0.014282126821970508], [0.0007241265016224266, 7.605779725006201e-05, 0.9999997349279754, 0.023475605264209335], [0.00010982073559189502, -0.9999999910833526, 7.597829260652667e-05, 0.0322510339540607], [0.0, 0.0, 0.0, 1.0]]}, "Hobj2base": {"type": "ndarray", "data": [[0.9999995803195231, 0.0002307355937077003, 0.0008866351354993932, -0.7348156586927851], [0.00022975593996869524, -0.9999993632536399, 0.0011048549779006547, 0.09023769546483694], [0.0008868895003069849, -0.001104650804525625, -0.9999989965863034, -0.00011116929377453566], [0.0, 0.0, 0.0, 1.0]]}, "mean_rme": {"type": "float", "data": 0.0014392545305292757}, "max_rme": {"type": "float", "data": 0.005298138270203978}, "simu": {"type": "float", "data": 0.002}}, {"type": "dict", "image_number": {"type": "int", "data": 26}, "Hcamera2end": {"type": "ndarray", "data": [[0.9999996543599048, 0.00015794485237216155, -0.0008162925300066396, -0.01412187554148216], [0.0008162796273392869, 8.17381907178838e-05, 0.9999996635031622, 0.02341030559423717], [0.00015801152149871726, -0.9999999841861454, 8.160923530065034e-05, 0.03216510631880977], [0.0, 0.0, 0.0, 1.0]]}, "Hobj2base": {"type": "ndarray", "data": [[0.9999996237697669, 0.0002781031061723361, 0.0008216562461862135, -0.7346699952125935], [0.0002772384980113132, -0.9999994080053669, 0.0010522013737426508, 0.09030038354084115], [0.0008219483802404821, -0.0010519731831291083, -0.9999991088762441, 7.970793548122819e-06], [0.0, 0.0, 0.0, 1.0]]}, "mean_rme": {"type": "float", "data": 0.001451284070717517}, "max_rme": {"type": "float", "data": 0.00532446976799239}, "simu": {"type": "float", "data": 0.002}}, {"type": "dict", "image_number": {"type": "int", "data": 27}, "Hcamera2end": {"type": "ndarray", "data": [[0.9999996320090786, 0.0003343359229571937, -0.0007900640467650902, -0.014149523715260588], [0.0007900457843858917, 5.4751390210827644e-05, 0.999999686414923, 0.023466881430367466], [0.00033437907521935374, -0.9999999426108865, 5.4487229376398716e-05, 0.0321868697850153], [0.0, 0.0, 0.0, 1.0]]}, "Hobj2base": {"type": "ndarray", "data": [[0.9999996387760478, 0.0004322183344010852, 0.0007318709485680474, -0.7346624466898634], [0.000431493511439122, -0.9999994166205095, 0.0009902383498910884, 0.09019039969804314], [0.0007322985207797966, -0.00098992219462776, -0.9999992418961747, 2.7309979080086606e-05], [0.0, 0.0, 0.0, 1.0]]}, "mean_rme": {"type": "float", "data": 0.0014340722256892958}, "max_rme": {"type": "float", "data": 0.005373918360882524}, "simu": {"type": "float", "data": 0.002}}, {"type": "dict", "image_number": {"type": "int", "data": 28}, "Hcamera2end": {"type": "ndarray", "data": [[0.9999996018233217, 1.2678645471811379e-05, -0.000892296167146947, -0.014286371978489636], [0.0008922952430041944, 7.270936076730905e-05, 0.9999995992611939, 0.023270576217416097], [1.274351867491466e-05, -0.9999999972763005, 7.269801872111792e-05, 0.03212953887880261], [0.0, 0.0, 0.0, 1.0]]}, "Hobj2base": {"type": "ndarray", "data": [[0.9999996477245495, 0.00013680882894479622, 0.0008281510256464511, -0.7347123884195222], [0.0001360590042262715, -0.9999995808612505, 0.0009054088972538491, 0.09021988342124779], [0.0008282745464672151, -0.0009052959008966234, -0.9999992472000208, 0.0002994024972734092], [0.0, 0.0, 0.0, 1.0]]}, "mean_rme": {"type": "float", "data": 0.0014618241354166226}, "max_rme": {"type": "float", "data": 0.005471487891503202}, "simu": {"type": "float", "data": 0.002}}, {"type": "dict", "image_number": {"type": "int", "data": 29}, "Hcamera2end": {"type": "ndarray", "data": [[0.9999995782131381, -6.535789041424406e-05, -0.0009161342107101721, -0.014309773617394161], [0.0009161368968963852, 4.1081554043587154e-05, 0.9999995795026574, 0.02322410912964693], [-6.532022671433671e-05, -0.9999999970203258, 4.1141413490763945e-05, 0.032203511954014864], [0.0, 0.0, 0.0, 1.0]]}, "Hobj2base": {"type": "ndarray", "data": [[0.9999996025194198, 0.00010059014315482005, 0.0008859134412940312, -0.7347161769913497], [9.97686931615036e-05, -0.9999995651448677, 0.0009272304369765732, 0.09018887038915474], [0.0008860063262924175, -0.000927141681994189, -0.9999991777002075, 0.0003353160845599082], [0.0, 0.0, 0.0, 1.0]]}, "mean_rme": {"type": "float", "data": 0.0014344270979654166}, "max_rme": {"type": "float", "data": 0.005475165861394959}, "simu": {"type": "float", "data": 0.002}}, {"type": "dict", "image_number": {"type": "int", "data": 30}, "Hcamera2end": {"type": "ndarray", "data": [[0.9999995139372148, 1.831447708550458e-05, -0.0009857940525785413, -0.014197635444825964], [0.0009857938050516289, 1.3519483466950533e-05, 0.9999995140137806, 0.023155258241093015], [1.8327795611316794e-05, -0.9999999997409018, 1.3501422597594903e-05, 0.03219469829903], [0.0, 0.0, 0.0, 1.0]]}, "Hobj2base": {"type": "ndarray", "data": [[0.9999996146352941, 0.00019497980000112371, 0.0008559860635784616, -0.7348232016811809], [0.00019421270883082293, -0.9999995796064476, 0.0008961408104784198, 0.09017954249382863], [0.0008561604330834394, -0.0008959742217652508, -0.9999992321094586, 0.0002720847688560624], [0.0, 0.0, 0.0, 1.0]]}, "mean_rme": {"type": "float", "data": 0.0014808031315423026}, "max_rme": {"type": "float", "data": 0.005326400980400492}, "simu": {"type": "float", "data": 0.002}}]}