{"type": "list", "data": [{"type": "dict", "image_number": {"type": "int", "data": 5}, "Hcamera2end": {"type": "ndarray", "data": [[0.9999958267343215, -0.0003106455176115773, 0.0028722836390401582, -0.014532130231192942], [-0.002873333167692627, -0.0034325812130466815, 0.9999899806211676, 0.025297651677006247], [-0.000300783058278543, -0.9999940604251498, -0.0034334594760423442, 0.03628852543450521], [0.0, 0.0, 0.0, 1.0]]}, "Hobj2base": {"type": "ndarray", "data": [[0.999999910296831, -0.0002740083073046207, 0.0003229950116907644, -0.7371631041457087], [-0.00027430433252647777, -0.999999542105261, 0.0009168131770870195, 0.0922913681523412], [0.0003227436493662796, -0.0009169016937770632, -0.999999527563799, -0.005146590116283734], [0.0, 0.0, 0.0, 1.0]]}, "mean_rme": {"type": "float", "data": 0.0012601775546407894}, "max_rme": {"type": "float", "data": 0.0037715805926245016}, "simu": {"type": "float", "data": 0.002}}, {"type": "dict", "image_number": {"type": "int", "data": 6}, "Hcamera2end": {"type": "ndarray", "data": [[0.9999955412362798, 0.0025272034470058334, 0.0015908332084981368, -0.015924467463771484], [-0.0015847159634445167, -0.0024207201525292543, 0.9999958143858697, 0.023790441740417546], [0.002531043831114499, -0.9999938766595929, -0.0024167044594647358, 0.035830612993334315], [0.0, 0.0, 0.0, 1.0]]}, "Hobj2base": {"type": "ndarray", "data": [[0.9999964406434642, 0.0026657219839558363, 0.00011236862069037596, -0.7373124598289627], [0.002665647870587152, -0.9999962328868188, 0.0006546247785225362, 0.08948835170273121], [0.00011411324504841359, -0.0006543229133050881, -0.9999997794198217, -0.004002713198445733], [0.0, 0.0, 0.0, 1.0]]}, "mean_rme": {"type": "float", "data": 0.0015800389321505225}, "max_rme": {"type": "float", "data": 0.004301587224970982}, "simu": {"type": "float", "data": 0.002}}, {"type": "dict", "image_number": {"type": "int", "data": 7}, "Hcamera2end": {"type": "ndarray", "data": [[0.9999989850844374, -0.0008448167118912265, 0.0011472204750922694, -0.016492222135205646], [-0.001148266652439743, -0.0012389062414628338, 0.9999985732964921, 0.024232013063708598], [-0.0008433942079813343, -0.999998875697392, -0.0012398750589353025, 0.035728067092085106], [0.0, 0.0, 0.0, 1.0]]}, "Hobj2base": {"type": "ndarray", "data": [[0.9999995725332157, -0.0009202890732416342, -8.945058711413813e-05, -0.7379745201959221], [-0.0009202040924299751, -0.9999991296513817, 0.000945473906305169, 0.08981964744425783], [-9.032061856595095e-05, -0.0009453911893501459, -0.9999995490387408, -0.004151188963006559], [0.0, 0.0, 0.0, 1.0]]}, "mean_rme": {"type": "float", "data": 0.0014061734111080698}, "max_rme": {"type": "float", "data": 0.0037555701360512117}, "simu": {"type": "float", "data": 0.002}}, {"type": "dict", "image_number": {"type": "int", "data": 8}, "Hcamera2end": {"type": "ndarray", "data": [[0.9999978554891613, -0.00154131646287507, 0.0013832427985197267, -0.016739564760947172], [-0.0013847103278948284, -0.0009514672255281909, 0.9999985886427173, 0.02428978457346358], [-0.001539998177339116, -0.9999983595254943, -0.0009535994619209731, 0.035569571319849794], [0.0, 0.0, 0.0, 1.0]]}, "Hobj2base": {"type": "ndarray", "data": [[0.9999986628335945, -0.0016332272555282935, 8.306476218903155e-05, -0.7380373833409233], [-0.0016333371103579002, -0.999997768155416, 0.0013401097236135728, 0.09016097632616227], [8.087587307538773e-05, -0.001340243604422517, -0.999999098602681, -0.004253744085142688], [0.0, 0.0, 0.0, 1.0]]}, "mean_rme": {"type": "float", "data": 0.0013812578306307147}, "max_rme": {"type": "float", "data": 0.0036827415435502497}, "simu": {"type": "float", "data": 0.002}}, {"type": "dict", "image_number": {"type": "int", "data": 9}, "Hcamera2end": {"type": "ndarray", "data": [[0.9999985115073796, -0.0015293421408482527, 0.000798808889109487, -0.01642690605994925], [-0.0008008197447486273, -0.0013146895313667084, 0.9999988151388842, 0.02442369621521694], [-0.0015282901431061425, -0.9999979663499582, -0.0013159123018440244, 0.03688153563935941], [0.0, 0.0, 0.0, 1.0]]}, "Hobj2base": {"type": "ndarray", "data": [[0.9999985208694878, -0.0015993128587193806, 0.000632816890096439, -0.739045328507327], [-0.0015998031888045574, -0.9999984199304577, 0.0007750911846364162, 0.08989690674216232], [0.0006315762769034762, -0.0007761024206541009, -0.9999994993880941, -0.004333126111677663], [0.0, 0.0, 0.0, 1.0]]}, "mean_rme": {"type": "float", "data": 0.0013329682092636079}, "max_rme": {"type": "float", "data": 0.0035923376961787268}, "simu": {"type": "float", "data": 0.002}}, {"type": "dict", "image_number": {"type": "int", "data": 10}, "Hcamera2end": {"type": "ndarray", "data": [[0.999998071882171, -0.0017258176737780882, 0.0009369019676966498, -0.016592638732084428], [-0.0009390505144447899, -0.0012445548916171223, 0.9999987846328878, 0.024487336307062187], [-0.0017246495503491837, -0.999997736315677, -0.0012461731219428618, 0.03623616768817359], [0.0, 0.0, 0.0, 1.0]]}, "Hobj2base": {"type": "ndarray", "data": [[0.9999982213494528, -0.0017828500867654046, 0.0006154213993553224, -0.7384491788154092], [-0.001783427538033764, -0.9999979688003273, 0.0009390321804063053, 0.08971175697383878], [0.0006137459957072646, -0.0009401280696673093, -0.9999993697373339, -0.004333774152667003], [0.0, 0.0, 0.0, 1.0]]}, "mean_rme": {"type": "float", "data": 0.0012566635868086844}, "max_rme": {"type": "float", "data": 0.003564646680725647}, "simu": {"type": "float", "data": 0.002}}, {"type": "dict", "image_number": {"type": "int", "data": 11}, "Hcamera2end": {"type": "ndarray", "data": [[0.9999988249726928, -0.0014361609554983377, 0.0005361855497174374, -0.01717385975611327], [-0.0005373581120764878, -0.0008161946983300528, 0.9999995225361228, 0.02440052166681761], [-0.0014357226379803592, -0.9999986356330314, -0.0008169654720187047, 0.035739892818813374], [0.0, 0.0, 0.0, 1.0]]}, "Hobj2base": {"type": "ndarray", "data": [[0.9999988261471149, -0.0015086345933863383, 0.00026781720639885547, -0.7381172766005847], [-0.0015087566356705461, -0.9999987578229073, 0.0004560768102007086, 0.08883347624142722], [0.00026712882046934654, -0.0004564803458209301, -0.9999998601339337, -0.004196729475867497], [0.0, 0.0, 0.0, 1.0]]}, "mean_rme": {"type": "float", "data": 0.0012141496056012966}, "max_rme": {"type": "float", "data": 0.003529618799239076}, "simu": {"type": "float", "data": 0.002}}, {"type": "dict", "image_number": {"type": "int", "data": 12}, "Hcamera2end": {"type": "ndarray", "data": [[0.999999207403577, -0.001239200438514858, -0.00022265329774268322, -0.015892746201463623], [0.0002214094735603499, -0.001003777924153182, 0.9999994717037226, 0.02439462855751206], [-0.0012394232783148932, -0.9999987284052678, -0.0010035027578456646, 0.035237218823834744], [0.0, 0.0, 0.0, 1.0]]}, "Hobj2base": {"type": "ndarray", "data": [[0.9999990860868694, -0.0013084900093426727, 0.0003401166290743853, -0.7372673686868126], [-0.0013083810101301749, -0.9999990927086548, -0.0003205011696088866, 0.08941226162267585], [0.0003405356930679272, 0.0003200558745599489, -0.9999998907998338, -0.004073786838473824], [0.0, 0.0, 0.0, 1.0]]}, "mean_rme": {"type": "float", "data": 0.0013167380355644902}, "max_rme": {"type": "float", "data": 0.0036340561968439544}, "simu": {"type": "float", "data": 0.002}}, {"type": "dict", "image_number": {"type": "int", "data": 13}, "Hcamera2end": {"type": "ndarray", "data": [[0.9999989501197825, -0.0013645198551616511, -0.00048769344654411655, -0.01577282977997929], [0.00048630345421186625, -0.0010188141353408842, 0.9999993627631512, 0.02443192611079397], [-0.0013650158546163703, -0.9999985500506103, -0.001018149494989018, 0.03507023516220334], [0.0, 0.0, 0.0, 1.0]]}, "Hobj2base": {"type": "ndarray", "data": [[0.9999988786283975, -0.0014291833829368713, 0.0004474112261515819, -0.737098711596128], [-0.0014289398745319498, -0.9999988310378685, -0.0005441081985329153, 0.08948981809394178], [0.0004481883335406642, 0.0005434682646440717, -0.9999997518847008, -0.004085670644414315], [0.0, 0.0, 0.0, 1.0]]}, "mean_rme": {"type": "float", "data": 0.0012616916353213523}, "max_rme": {"type": "float", "data": 0.0036218142018313026}, "simu": {"type": "float", "data": 0.002}}, {"type": "dict", "image_number": {"type": "int", "data": 14}, "Hcamera2end": {"type": "ndarray", "data": [[0.9999987797714994, -0.0015407282726400081, -0.00025809281661847837, -0.015806663966083767], [0.00025726265465762354, -0.0005389852742760937, 0.9999998216553845, 0.02426255186959592], [-0.0015408671060869704, -0.9999986678247448, -0.0005385882447455081, 0.03442927216210761], [0.0, 0.0, 0.0, 1.0]]}, "Hobj2base": {"type": "ndarray", "data": [[0.9999987272493288, -0.0015948543083545022, 4.403927290727375e-05, -0.7367228553919504], [-0.001594845247004496, -0.9999987072147671, -0.0002050303211230854, 0.08953549486738739], [4.4366209464938526e-05, 0.0002049598243455289, -0.9999999780115547, -0.004076868680719857], [0.0, 0.0, 0.0, 1.0]]}, "mean_rme": {"type": "float", "data": 0.0013059150908424906}, "max_rme": {"type": "float", "data": 0.0036962294526281525}, "simu": {"type": "float", "data": 0.002}}, {"type": "dict", "image_number": {"type": "int", "data": 15}, "Hcamera2end": {"type": "ndarray", "data": [[0.9999988789248971, -0.0014432253621619296, -0.000399060775962343, -0.015779671036605398], [0.0003984756929403776, -0.00040566445201872803, 0.9999998383267243, 0.024140219210621275], [-0.0014433870136019602, -0.999998876267822, -0.0004050889070121855, 0.03450900168967543], [0.0, 0.0, 0.0, 1.0]]}, "Hobj2base": {"type": "ndarray", "data": [[0.9999988893551139, -0.0014891634273341235, -6.066980468655531e-05, -0.7368850865257923], [-0.0014891865422613831, -0.9999988179127253, -0.00038274873471431546, 0.08939929717301048], [-6.009975755195628e-05, 0.00038283865827305145, -0.9999999249112872, -0.004075769250703639], [0.0, 0.0, 0.0, 1.0]]}, "mean_rme": {"type": "float", "data": 0.0012953056320119975}, "max_rme": {"type": "float", "data": 0.003649232900614058}, "simu": {"type": "float", "data": 0.002}}, {"type": "dict", "image_number": {"type": "int", "data": 16}, "Hcamera2end": {"type": "ndarray", "data": [[0.9999986365644846, -0.0016137938379530564, -0.00035005516753395106, -0.015586837783227076], [0.00034958698383734746, -0.0002903866500705288, 0.9999998967322618, 0.0241390875360846], [-0.0016138953226476568, -0.9999986556716175, -0.0002898220928266859, 0.0345811329684576], [0.0, 0.0, 0.0, 1.0]]}, "Hobj2base": {"type": "ndarray", "data": [[0.9999986291601505, -0.0016523032242836137, -0.00010757264925275809, -0.7368287293487423], [-0.001652331992098328, -0.9999985990161229, -0.0002678894919186201, 0.08970112479160328], [-0.000107129863873962, 0.0002680668704148644, -0.9999999583316721, -0.004003679866429431], [0.0, 0.0, 0.0, 1.0]]}, "mean_rme": {"type": "float", "data": 0.001311892446002426}, "max_rme": {"type": "float", "data": 0.003842556402734898}, "simu": {"type": "float", "data": 0.002}}, {"type": "dict", "image_number": {"type": "int", "data": 17}, "Hcamera2end": {"type": "ndarray", "data": [[0.999999053963999, -0.0012419481144789243, -0.0005913002519469474, -0.016001991192081684], [0.0005909185426749144, -0.0003076916586484124, 0.9999997780705349, 0.02424745140324484], [-0.0012421297770093243, -0.999999181445027, -0.0003069574773910677, 0.034045189355985425], [0.0, 0.0, 0.0, 1.0]]}, "Hobj2base": {"type": "ndarray", "data": [[0.9999991689463761, -0.00128550794641191, -9.785640912641327e-05, -0.7362302716104256], [-0.001285553685584906, -0.9999990637924074, -0.0004687920970775633, 0.08928194765117882], [-9.725368154649175e-05, 0.00046891750715360276, -0.9999998853290399, -0.0037777629753299197], [0.0, 0.0, 0.0, 1.0]]}, "mean_rme": {"type": "float", "data": 0.0014753337167072633}, "max_rme": {"type": "float", "data": 0.005793993188498603}, "simu": {"type": "float", "data": 0.002}}, {"type": "dict", "image_number": {"type": "int", "data": 18}, "Hcamera2end": {"type": "ndarray", "data": [[0.999998504851557, -0.001655932139938893, -0.0004981800863836763, -0.01563481796873828], [0.0004973755002015574, -0.0004862574353026172, 0.9999997580856299, 0.024176697632452376], [-0.0016561739831162364, -0.9999985107201184, -0.00048543308819914976, 0.03410191841851862], [0.0, 0.0, 0.0, 1.0]]}, "Hobj2base": {"type": "ndarray", "data": [[0.9999985874859787, -0.0016773371918881509, 0.0001075453031072135, -0.7359633405369067], [-0.0016772884270923327, -0.9999984912289104, -0.00045193299913630743, 0.0897489649150204], [0.00010830318487366219, 0.0004517519762823196, -0.9999998920952804, -0.003754437351860534], [0.0, 0.0, 0.0, 1.0]]}, "mean_rme": {"type": "float", "data": 0.0014474035479065924}, "max_rme": {"type": "float", "data": 0.005819795866537691}, "simu": {"type": "float", "data": 0.002}}, {"type": "dict", "image_number": {"type": "int", "data": 19}, "Hcamera2end": {"type": "ndarray", "data": [[0.9999987113158056, -0.0015384650168560954, -0.0004587942021412162, -0.015633766229316226], [0.00045803776978475884, -0.0004919962164042779, 0.9999997740705366, 0.02428151938074882], [-0.0015386903942830816, -0.9999986955317066, -0.0004912909072913862, 0.034208753446108256], [0.0, 0.0, 0.0, 1.0]]}, "Hobj2base": {"type": "ndarray", "data": [[0.9999987729893351, -0.0015649590328837965, 7.016444655527876e-05, -0.7360821268654303], [-0.00156493226334602, -0.9999987033037123, -0.0003799709267896129, 0.08968683421254281], [7.0758994507414e-05, 0.0003798606579550792, -0.9999999253495198, -0.0036394950610772205], [0.0, 0.0, 0.0, 1.0]]}, "mean_rme": {"type": "float", "data": 0.0014656507074251594}, "max_rme": {"type": "float", "data": 0.005609415304806187}, "simu": {"type": "float", "data": 0.002}}, {"type": "dict", "image_number": {"type": "int", "data": 20}, "Hcamera2end": {"type": "ndarray", "data": [[0.9999986331989789, -0.0016121555804554542, -0.00036681679157662885, -0.01572455888922627], [0.0003661190347602252, -0.00043308366248839825, 0.999999839197684, 0.024290612868922916], [-0.0016123141835766614, -0.9999986066954923, -0.00043249282970414527, 0.03426958419300754], [0.0, 0.0, 0.0, 1.0]]}, "Hobj2base": {"type": "ndarray", "data": [[0.9999986581221207, -0.0016375492408713293, 4.675940080954492e-05, -0.7361826701998364], [-0.0016375357409663728, -0.9999986179658076, -0.0002873032731230009, 0.08969902935899396], [4.722980944325663e-05, 0.0002872263174070423, -0.9999999576351926, -0.00356832053675768], [0.0, 0.0, 0.0, 1.0]]}, "mean_rme": {"type": "float", "data": 0.0014306207841116182}, "max_rme": {"type": "float", "data": 0.005547034132686757}, "simu": {"type": "float", "data": 0.002}}, {"type": "dict", "image_number": {"type": "int", "data": 21}, "Hcamera2end": {"type": "ndarray", "data": [[0.9999989529266042, -0.0014052633097600647, -0.000345515159315843, -0.015637054240127686], [0.0003449970977785296, -0.00036888368240362013, 0.9999998724509076, 0.024166663652649564], [-0.0014053905854242996, -0.9999989445793727, -0.00036839848439185197, 0.03428579397152512], [0.0, 0.0, 0.0, 1.0]]}, "Hobj2base": {"type": "ndarray", "data": [[0.9999990066489577, -0.001408278114667042, 5.8769460874871015e-05, -0.7361845474351101], [-0.0014082668006139955, -0.9999989899376707, -0.00019211521596446758, 0.08976065491212883], [5.903995316818978e-05, 0.0001920322620459775, -0.9999999798189467, -0.0033684715267486474], [0.0, 0.0, 0.0, 1.0]]}, "mean_rme": {"type": "float", "data": 0.001427355208608701}, "max_rme": {"type": "float", "data": 0.0054951232230052716}, "simu": {"type": "float", "data": 0.002}}, {"type": "dict", "image_number": {"type": "int", "data": 22}, "Hcamera2end": {"type": "ndarray", "data": [[0.9999990452223287, -0.0013685761743714824, -0.00019119018216988176, -0.01548851422872894], [0.00019057012254088742, -0.0004531852066140818, 0.9999998791530912, 0.024065294270088265], [-0.0013686626535454913, -0.9999989608106717, -0.00045292396419371883, 0.03428583393426451], [0.0, 0.0, 0.0, 1.0]]}, "Hobj2base": {"type": "ndarray", "data": [[0.9999990561710521, -0.0013723177642627597, 6.633972289229061e-05, -0.7362429192817028], [-0.0013723159549577934, -0.9999990580010663, -2.7311157494607813e-05, 0.08998559982261374], [6.637713998693482e-05, 2.72200926573742e-05, -0.9999999974265708, -0.003423494610837054], [0.0, 0.0, 0.0, 1.0]]}, "mean_rme": {"type": "float", "data": 0.0014484379219954727}, "max_rme": {"type": "float", "data": 0.005703919263136514}, "simu": {"type": "float", "data": 0.002}}, {"type": "dict", "image_number": {"type": "int", "data": 23}, "Hcamera2end": {"type": "ndarray", "data": [[0.9999996204624818, -0.0008414759885298639, -0.0002258164144947148, -0.015430649586516599], [0.0002254090808510562, -0.00048413383100243124, 0.9999998574025797, 0.024469293733773302], [-0.0008415851939034115, -0.999999528766186, -0.000483943970926326, 0.03436726754097197], [0.0, 0.0, 0.0, 1.0]]}, "Hobj2base": {"type": "ndarray", "data": [[0.9999996177800996, -0.0008733233176136023, 4.178561543681e-05, -0.7362371108593347], [-0.0008733235766882169, -0.9999996186337827, 6.182246491697945e-06, 0.08988122242379297], [4.178020040117146e-05, -6.2187364918477e-06, -0.9999999991078714, -0.0038412955774475253], [0.0, 0.0, 0.0, 1.0]]}, "mean_rme": {"type": "float", "data": 0.0014580466501040933}, "max_rme": {"type": "float", "data": 0.005729748898081866}, "simu": {"type": "float", "data": 0.002}}, {"type": "dict", "image_number": {"type": "int", "data": 24}, "Hcamera2end": {"type": "ndarray", "data": [[0.9999996831487733, -0.0007515175055452096, -0.0002625334108266866, -0.015360619671850961], [0.0002621592591924525, -0.0004979167238843285, 0.9999998416757169, 0.024549949593320686], [-0.0007516481063375685, -0.9999995936501048, -0.0004977195488462538, 0.0345648841194468], [0.0, 0.0, 0.0, 1.0]]}, "Hobj2base": {"type": "ndarray", "data": [[0.9999996783877869, -0.0007976581955415846, 8.34609238088411e-05, -0.7362940384696955], [-0.0007976551666120633, -0.9999996812135468, -3.631858358931986e-05, 0.09002289288186481], [8.348986701847973e-05, 3.625199887173348e-05, -0.9999999958576169, -0.003711596542544743], [0.0, 0.0, 0.0, 1.0]]}, "mean_rme": {"type": "float", "data": 0.0015515397570069383}, "max_rme": {"type": "float", "data": 0.005497479209749301}, "simu": {"type": "float", "data": 0.002}}, {"type": "dict", "image_number": {"type": "int", "data": 25}, "Hcamera2end": {"type": "ndarray", "data": [[0.9999996669977139, -0.0007697516870441077, -0.00027108449141200245, -0.015419306649775363], [0.0002706714138331567, -0.0005366909206689918, 0.9999998193499046, 0.02460611773315429], [-0.0007698970365736667, -0.9999995597225012, -0.0005364823921722994, 0.03458975414433592], [0.0, 0.0, 0.0, 1.0]]}, "Hobj2base": {"type": "ndarray", "data": [[0.9999996780939024, -0.0008016879998360907, 3.3293277308353175e-05, -0.7363066627374752], [-0.0008016856462489107, -0.9999996761545922, -7.064584476473799e-05, 0.09005935752805014], [3.3349902452464376e-05, 7.06191312808751e-05, -0.999999996950361, -0.0036276068186670996], [0.0, 0.0, 0.0, 1.0]]}, "mean_rme": {"type": "float", "data": 0.0015742125049644882}, "max_rme": {"type": "float", "data": 0.005363598386567414}, "simu": {"type": "float", "data": 0.002}}, {"type": "dict", "image_number": {"type": "int", "data": 26}, "Hcamera2end": {"type": "ndarray", "data": [[0.9999998632158856, -0.0004951258552819754, -0.00016857816433254715, -0.015466695960206651], [0.0001683292588900881, -0.0005027101189292171, 0.9999998594738884, 0.02473383829790163], [-0.0004952105316529047, -0.9999997510664307, -0.0005026267059982104, 0.034392322611045106], [0.0, 0.0, 0.0, 1.0]]}, "Hobj2base": {"type": "ndarray", "data": [[0.9999998581368288, -0.0005326455405940823, 3.8794723865284235e-06, -0.7362521730243478], [-0.0005326454650423861, -0.9999998579552467, -1.9449801213232336e-05, 0.08984849527287507], [3.889831685351395e-06, 1.9447732070648414e-05, -0.9999999998033273, -0.003538885910722489], [0.0, 0.0, 0.0, 1.0]]}, "mean_rme": {"type": "float", "data": 0.001658549205666335}, "max_rme": {"type": "float", "data": 0.005178072025358249}, "simu": {"type": "float", "data": 0.002}}, {"type": "dict", "image_number": {"type": "int", "data": 27}, "Hcamera2end": {"type": "ndarray", "data": [[0.999999908911147, -0.00040769335876153577, -0.0001263480230565726, -0.015561824293453362], [0.00012614819398699243, -0.0004901340046148395, 0.9999998719276372, 0.024691996861490675], [-0.0004077552340097999, -0.9999997967773707, -0.0004900825301881184, 0.03433770726402544], [0.0, 0.0, 0.0, 1.0]]}, "Hobj2base": {"type": "ndarray", "data": [[0.9999998855375423, -0.00047829055613243457, 1.2768955687554974e-05, -0.736147209607226], [-0.0004782904118246502, -0.9999998855552654, -1.130211805771444e-05, 0.08981512056051029], [1.2774359922546528e-05, 1.1296009494971858e-05, -0.9999999998546079, -0.003565188823677284], [0.0, 0.0, 0.0, 1.0]]}, "mean_rme": {"type": "float", "data": 0.0016596695283837718}, "max_rme": {"type": "float", "data": 0.005249619623152069}, "simu": {"type": "float", "data": 0.002}}, {"type": "dict", "image_number": {"type": "int", "data": 28}, "Hcamera2end": {"type": "ndarray", "data": [[0.9999993616861148, -0.0011246347843263667, -0.00010873805556805313, -0.015402600091514278], [0.00010833469642915401, -0.00035871259011877044, 0.9999999297944332, 0.024640264875548903], [-0.0011246737110803015, -0.9999993032606972, -0.0003585905241796361, 0.03435621698813909], [0.0, 0.0, 0.0, 1.0]]}, "Hobj2base": {"type": "ndarray", "data": [[0.9999992378833062, -0.001232208359802293, 7.678127872860242e-05, -0.7359831947486304], [-0.0012322187222028253, -0.9999992316977273, 0.00013505915411122517, 0.09021253043714335], [7.661479871860782e-05, -0.00013515366250955324, -0.9999999879318298, -0.0036147915215236836], [0.0, 0.0, 0.0, 1.0]]}, "mean_rme": {"type": "float", "data": 0.0017149348145388244}, "max_rme": {"type": "float", "data": 0.005363498541903211}, "simu": {"type": "float", "data": 0.002}}, {"type": "dict", "image_number": {"type": "int", "data": 29}, "Hcamera2end": {"type": "ndarray", "data": [[0.9999996209183268, -0.0008550799719307461, -0.00016432116158317462, -0.015478600402745783], [0.00016404795869159476, -0.0003195659898524994, 0.9999999354829207, 0.024241486057426483], [-0.0008551324282181387, -0.9999995833578231, -0.00031942559458686404, 0.03440967303545104], [0.0, 0.0, 0.0, 1.0]]}, "Hobj2base": {"type": "ndarray", "data": [[0.9999995081313772, -0.0009907996462838213, 4.5310755258786214e-05, -0.7359881330987644], [-0.000990805304017503, -0.9999995013380978, 0.0001250136230482801, 0.0901479022597985], [4.518686921054189e-05, -0.00012505845569464095, -0.999999991159265, -0.003177620298651333], [0.0, 0.0, 0.0, 1.0]]}, "mean_rme": {"type": "float", "data": 0.0017410143867663535}, "max_rme": {"type": "float", "data": 0.005323546830458992}, "simu": {"type": "float", "data": 0.002}}, {"type": "dict", "image_number": {"type": "int", "data": 30}, "Hcamera2end": {"type": "ndarray", "data": [[0.9999993040377678, -0.0011377199709718012, -0.00031227751692888687, -0.01552330741208489], [0.00031205266654530094, -0.00019780460280771628, 0.9999999317482341, 0.02418973319340624], [-0.0011377816632506055, -0.9999993332330813, -0.00019744943659238956, 0.0344429830652935], [0.0, 0.0, 0.0, 1.0]]}, "Hobj2base": {"type": "ndarray", "data": [[0.999999104182274, -0.0013379641031726218, 3.8557854751882436e-05, -0.7359133619980278], [-0.0013379722047021129, -0.9999990826839249, 0.00021085940348737538, 0.09024116958007412], [3.8275697069459956e-05, -0.00021091080393371498, -0.9999999770258017, -0.003058584395850576], [0.0, 0.0, 0.0, 1.0]]}, "mean_rme": {"type": "float", "data": 0.0017974866619402392}, "max_rme": {"type": "float", "data": 0.005283487115170515}, "simu": {"type": "float", "data": 0.002}}]}