{"type": "list", "data": [{"type": "dict", "image_number": {"type": "int", "data": 5}, "Hcamera2end": {"type": "ndarray", "data": [[0.999989125636901, 0.0045718554342701265, 0.0009201879342163562, -0.014513901913112179], [-0.000924083053947748, 0.0008499385491331779, 0.9999992118371757, 0.02261697711303131], [0.004571069727705896, -0.9999891878127238, 0.000854154080724645, 0.03148386965984022], [0.0, 0.0, 0.0, 1.0]]}, "Hobj2base": {"type": "ndarray", "data": [[0.9999892918030047, 0.004441802122462188, 0.001298719842770929, -0.7336530956491766], [0.004440921937346491, -0.9999899079688104, 0.000679832977065464, 0.08974604345762068], [0.0013017264196102183, -0.0006740581838397931, -0.9999989255763697, 0.0010127729104206563], [0.0, 0.0, 0.0, 1.0]]}, "mean_rme": {"type": "float", "data": 0.0010484128484089816}, "max_rme": {"type": "float", "data": 0.002526275195031902}, "simu": {"type": "float", "data": 0.002}}, {"type": "dict", "image_number": {"type": "int", "data": 6}, "Hcamera2end": {"type": "ndarray", "data": [[0.9999936271475722, 0.0035553853943326064, -0.0003238810584237778, -0.01723434826535505], [0.00032286940439184937, 0.0002851115907868129, 0.9999999072333601, 0.021912786821451233], [0.0035554774067552424, -0.9999936389528079, 0.0002839618486480955, 0.032322384368166694], [0.0, 0.0, 0.0, 1.0]]}, "Hobj2base": {"type": "ndarray", "data": [[0.999989586276172, 0.004095323088834832, 0.0020138689154185502, -0.7334642841096263], [0.004095703160351607, -0.9999915955266874, -0.0001846391420718852, 0.0866782597045666], [0.0020130958329693657, 0.00019288542857226544, -0.9999979551180989, 0.002311373712480802], [0.0, 0.0, 0.0, 1.0]]}, "mean_rme": {"type": "float", "data": 0.001264802183481708}, "max_rme": {"type": "float", "data": 0.002624594918330503}, "simu": {"type": "float", "data": 0.002}}, {"type": "dict", "image_number": {"type": "int", "data": 7}, "Hcamera2end": {"type": "ndarray", "data": [[0.9999924187942831, 0.003891532940117911, -0.0001353711008566232, -0.01618112310654135], [0.00013438710642961504, 0.000253115597279141, 0.9999999589362991, 0.02201999073190774], [0.0038915670448542144, -0.9999923959230241, 0.0002525907065062949, 0.03466272402410136], [0.0, 0.0, 0.0, 1.0]]}, "Hobj2base": {"type": "ndarray", "data": [[0.9999879422679417, 0.004558635606381938, 0.001825968273477833, -0.7359345834521511], [0.004558565792150743, -0.9999896087863371, 4.239418647837464e-05, 0.08761444480969091], [0.0018261425590993454, -3.406987879160466e-05, -0.9999983320199075, 0.0020003396679780317], [0.0, 0.0, 0.0, 1.0]]}, "mean_rme": {"type": "float", "data": 0.0013120184285905626}, "max_rme": {"type": "float", "data": 0.003641138460703297}, "simu": {"type": "float", "data": 0.002}}, {"type": "dict", "image_number": {"type": "int", "data": 8}, "Hcamera2end": {"type": "ndarray", "data": [[0.9999949104152525, 0.00311837037987004, -0.0006744699883322585, -0.015007307415994112], [0.0006695327242099616, 0.0015840563460967072, 0.9999985212446184, 0.021711642363915037], [0.0031194341670283286, -0.9999938832471259, 0.001581960432892049, 0.03468476229823145], [0.0, 0.0, 0.0, 1.0]]}, "Hobj2base": {"type": "ndarray", "data": [[0.9999938583885501, 0.003410591102471882, 0.0008068788707186061, -0.7361957428779997], [0.0034104838942053605, -0.9999941752771484, 0.00013420649548851008, 0.088957632552942], [0.0008073318943522162, -0.00013145382385120033, -0.9999996654674963, 0.0018806455741252198], [0.0, 0.0, 0.0, 1.0]]}, "mean_rme": {"type": "float", "data": 0.001256741074506952}, "max_rme": {"type": "float", "data": 0.003500583736645191}, "simu": {"type": "float", "data": 0.002}}, {"type": "dict", "image_number": {"type": "int", "data": 9}, "Hcamera2end": {"type": "ndarray", "data": [[0.9999963264650669, 0.0026673469124988535, -0.00048199255161233186, -0.014448771640306123], [0.0004749786555848696, 0.0026295492710317614, 0.9999964299265811, 0.021971483370736195], [0.0026686048130372775, -0.9999929853409368, 0.0026282726784401245, 0.034743082950321615], [0.0, 0.0, 0.0, 1.0]]}, "Hobj2base": {"type": "ndarray", "data": [[0.9999970925252127, 0.0023904960849466085, 0.00031696938188771194, -0.7365005998147214], [0.00239029705631139, -0.9999969467897483, 0.0006268103099001938, 0.08980181125458075], [0.00031846680170536615, -0.0006260508364845543, -0.999999753319593, 0.0014062625974095517], [0.0, 0.0, 0.0, 1.0]]}, "mean_rme": {"type": "float", "data": 0.0011682421732833743}, "max_rme": {"type": "float", "data": 0.0035504767411607685}, "simu": {"type": "float", "data": 0.002}}, {"type": "dict", "image_number": {"type": "int", "data": 10}, "Hcamera2end": {"type": "ndarray", "data": [[0.9999973086463505, 0.0022688882805998573, -0.00048460914738328493, -0.014375159037198812], [0.00047920102809204644, 0.002383535937939607, 0.9999970445570362, 0.022323134794602607], [0.0022700366583485953, -0.9999945854365425, 0.002382442269404761, 0.03453012534230657], [0.0, 0.0, 0.0, 1.0]]}, "Hobj2base": {"type": "ndarray", "data": [[0.9999976132240033, 0.0021481126476277073, 0.00039894655014109, -0.7365349493695128], [0.0021479621384087903, -0.9999976219440698, 0.0003773126783954646, 0.08942270959350351], [0.0003997561115604522, -0.0003764548557496687, -0.999999849238385, 0.0010634419342809066], [0.0, 0.0, 0.0, 1.0]]}, "mean_rme": {"type": "float", "data": 0.0012951946930958853}, "max_rme": {"type": "float", "data": 0.00396152030722452}, "simu": {"type": "float", "data": 0.002}}, {"type": "dict", "image_number": {"type": "int", "data": 11}, "Hcamera2end": {"type": "ndarray", "data": [[0.9999981388532313, 0.00191269113872128, -0.00025278979676053776, -0.01363576417872994], [0.00024734915671388927, 0.0028441968954070473, 0.9999959246729032, 0.022410140985376657], [0.0019134023278343916, -0.9999941260610624, 0.002843718499398906, 0.0342700062852247], [0.0, 0.0, 0.0, 1.0]]}, "Hobj2base": {"type": "ndarray", "data": [[0.9999983857363159, 0.001793502586962313, 0.00010896436457487545, -0.7362845112232766], [0.0017934186747917858, -0.99999809893017, 0.0007653662537465029, 0.09042523029710975], [0.00011033684378207745, -0.0007651695995172392, -0.9999997011705877, 0.0010289017413934933], [0.0, 0.0, 0.0, 1.0]]}, "mean_rme": {"type": "float", "data": 0.0012923768033915037}, "max_rme": {"type": "float", "data": 0.004106997584250371}, "simu": {"type": "float", "data": 0.002}}, {"type": "dict", "image_number": {"type": "int", "data": 12}, "Hcamera2end": {"type": "ndarray", "data": [[0.9999977685168546, 0.002026849140076675, -0.0005956877323924294, -0.013517097060197877], [0.0005892839485930389, 0.003158608937555818, 0.9999948379536802, 0.022306739685321837], [0.002028720221983058, -0.9999929575112728, 0.0031574074995087686, 0.034405032331516455], [0.0, 0.0, 0.0, 1.0]]}, "Hobj2base": {"type": "ndarray", "data": [[0.9999982817457497, 0.0018501460664070708, -0.00011603913627887384, -0.7365997835370023], [0.0018501840168027445, -0.9999982346822065, 0.00032779806980847136, 0.09020686102194268], [-0.00011543245712348986, -0.0003280122003233114, -0.9999999395416703, 0.0011119729950767043], [0.0, 0.0, 0.0, 1.0]]}, "mean_rme": {"type": "float", "data": 0.0012414424737006813}, "max_rme": {"type": "float", "data": 0.004030701811975734}, "simu": {"type": "float", "data": 0.002}}, {"type": "dict", "image_number": {"type": "int", "data": 13}, "Hcamera2end": {"type": "ndarray", "data": [[0.9999977950137685, 0.002024441398984713, -0.000558215570484496, -0.013547302964222093], [0.0005518614998343798, 0.0031378800660635253, 0.999994924565908, 0.022335193362865054], [0.002026182737577009, -0.9999930276485497, 0.003136755935814417, 0.03431540490037395], [0.0, 0.0, 0.0, 1.0]]}, "Hobj2base": {"type": "ndarray", "data": [[0.9999982956718788, 0.0018415130415299133, -0.00013222350555832038, -0.7365584878442982], [0.001841561979363661, -0.99999823552064, 0.00037095159007086923, 0.09021341753808126], [-0.0001315401600617822, -0.00037119445562825706, -0.999999922455928, 0.0010187806397459625], [0.0, 0.0, 0.0, 1.0]]}, "mean_rme": {"type": "float", "data": 0.0011986486052985336}, "max_rme": {"type": "float", "data": 0.004081189949770914}, "simu": {"type": "float", "data": 0.002}}, {"type": "dict", "image_number": {"type": "int", "data": 14}, "Hcamera2end": {"type": "ndarray", "data": [[0.9999979901383269, 0.0019162335547823319, -0.0005897188059845699, -0.013794861313500151], [0.0005838887634110583, 0.0030415852739743565, 0.9999952039049651, 0.02225067027152692], [0.0019180180443801628, -0.999993538383116, 0.0030404602935679703, 0.03439203018632982], [0.0, 0.0, 0.0, 1.0]]}, "Hobj2base": {"type": "ndarray", "data": [[0.9999984929898272, 0.0017342334480559963, -8.032696926772949e-05, -0.7366951241998972], [0.0017342591341443295, -0.9999984447115693, 0.00032081100069814136, 0.08994140825410853], [-7.977048316820848e-05, -0.00032094982501287047, -0.9999999453139383, 0.0008604828915599486], [0.0, 0.0, 0.0, 1.0]]}, "mean_rme": {"type": "float", "data": 0.0012909288098290515}, "max_rme": {"type": "float", "data": 0.004086953075071176}, "simu": {"type": "float", "data": 0.002}}, {"type": "dict", "image_number": {"type": "int", "data": 15}, "Hcamera2end": {"type": "ndarray", "data": [[0.9999983276512214, 0.0017017508385323084, -0.000669879723470572, -0.013766743973430615], [0.0006646437589009116, 0.003075514859536499, 0.9999950497162587, 0.022258203526403897], [0.0017038026394264366, -0.9999938226071362, 0.0030743786581288735, 0.03445350845089406], [0.0, 0.0, 0.0, 1.0]]}, "Hobj2base": {"type": "ndarray", "data": [[0.9999987238395012, 0.0015938356666955309, -0.00010957753676657953, -0.7366855673250335], [0.0015938795718311934, -0.9999986490660822, 0.00040176351352053786, 0.09006276872790489], [-0.00010893704371714257, -0.0004019376542031959, -0.9999999132894173, 0.0008375218556731549], [0.0, 0.0, 0.0, 1.0]]}, "mean_rme": {"type": "float", "data": 0.001246547046962465}, "max_rme": {"type": "float", "data": 0.003983094737888826}, "simu": {"type": "float", "data": 0.002}}, {"type": "dict", "image_number": {"type": "int", "data": 16}, "Hcamera2end": {"type": "ndarray", "data": [[0.9999981560476164, 0.0017793674120869757, -0.0007223247052192934, -0.014051851003917565], [0.0007168648956021283, 0.0030671283975192143, 0.9999950394017535, 0.02195067437400779], [0.001781574047975719, -0.9999937132677413, 0.003065847175846348, 0.03361015292627514], [0.0, 0.0, 0.0, 1.0]]}, "Hobj2base": {"type": "ndarray", "data": [[0.9999986158229605, 0.0016543987263560786, -0.00017696614783988159, -0.7360313076259618], [0.0016544585059095457, -0.9999985741959718, 0.0003381908861604392, 0.08958216861813091], [-0.0001764063929495061, -0.0003384832011929313, -0.9999999271549509, 0.0012835207939150411], [0.0, 0.0, 0.0, 1.0]]}, "mean_rme": {"type": "float", "data": 0.0013521657864842744}, "max_rme": {"type": "float", "data": 0.004219181006177936}, "simu": {"type": "float", "data": 0.002}}, {"type": "dict", "image_number": {"type": "int", "data": 17}, "Hcamera2end": {"type": "ndarray", "data": [[0.9999983198548423, 0.0016863616145170058, -0.0007186598622329291, -0.014129513023331479], [0.0007135135739858986, 0.003050330767308207, 0.9999950931782564, 0.021869084385219267], [0.0016885454901301666, -0.9999939258149098, 0.0030491224004071116, 0.03356723502020201], [0.0, 0.0, 0.0, 1.0]]}, "Hobj2base": {"type": "ndarray", "data": [[0.9999987199960508, 0.0015877691904439752, -0.00019747216985055796, -0.7360971274756651], [0.001587822683082174, -0.9999987026812176, 0.0002710258449432443, 0.0895957322596818], [-0.0001970415871797881, -0.0002713390488196586, -0.999999943774865, 0.0014252250932822712], [0.0, 0.0, 0.0, 1.0]]}, "mean_rme": {"type": "float", "data": 0.00133009517494475}, "max_rme": {"type": "float", "data": 0.004170875966621274}, "simu": {"type": "float", "data": 0.002}}, {"type": "dict", "image_number": {"type": "int", "data": 18}, "Hcamera2end": {"type": "ndarray", "data": [[0.9999987993535616, 0.0014813699632095971, -0.00045479057524214553, -0.014218035114764185], [0.00045044743269998747, 0.0029308572647125386, 0.9999956035767377, 0.02203226415733772], [0.0014826963767416023, -0.999994607794825, 0.002930186466492346, 0.03360355910317335], [0.0, 0.0, 0.0, 1.0]]}, "Hobj2base": {"type": "ndarray", "data": [[0.9999989325923351, 0.00145947760797246, -6.884259137790268e-05, -0.7359450599152364], [0.0014595191622045131, -0.9999987503885701, 0.0006074743727072151, 0.0898281727668486], [-6.795591010703032e-05, -0.0006075742013657052, -0.9999998131177747, 0.0014499603897301001], [0.0, 0.0, 0.0, 1.0]]}, "mean_rme": {"type": "float", "data": 0.0013922546503291377}, "max_rme": {"type": "float", "data": 0.00438912477217826}, "simu": {"type": "float", "data": 0.002}}, {"type": "dict", "image_number": {"type": "int", "data": 19}, "Hcamera2end": {"type": "ndarray", "data": [[0.9999991182125599, 0.001213906339236606, -0.0005385215893509138, -0.01408681606740023], [0.0005348781696532738, 0.002999730109127907, 0.9999953577515327, 0.022065652169720805], [0.0012155161234077548, -0.9999947640116281, 0.0029990781720027337, 0.033675802010832485], [0.0, 0.0, 0.0, 1.0]]}, "Hobj2base": {"type": "ndarray", "data": [[0.9999992851312397, 0.001191794229182199, -9.676530824640854e-05, -0.7359675257659347], [0.001191852763159664, -0.9999991054461921, 0.0006071192691754374, 0.09002085931459121], [-9.604166044320496e-05, -0.0006072341651648495, -0.9999998110213164, 0.0013947908424923445], [0.0, 0.0, 0.0, 1.0]]}, "mean_rme": {"type": "float", "data": 0.0013428893286760743}, "max_rme": {"type": "float", "data": 0.00459382655536586}, "simu": {"type": "float", "data": 0.002}}, {"type": "dict", "image_number": {"type": "int", "data": 20}, "Hcamera2end": {"type": "ndarray", "data": [[0.9999990585341998, 0.0012659856604110736, -0.0005293496214748128, -0.01422936750077644], [0.0005254131806939693, 0.0031077020147266543, 0.9999950330522532, 0.022205182432543245], [0.0012676244332116022, -0.9999943697183976, 0.0031070339233789657, 0.034024559144165856], [0.0, 0.0, 0.0, 1.0]]}, "Hobj2base": {"type": "ndarray", "data": [[0.9999992525399866, 0.001199025273588693, -0.00023928614968886597, -0.7364444158429296], [0.0011991803695687723, -0.9999990703344905, 0.0006490736440351802, 0.08999339651019642], [-0.0002385076715291673, -0.0006493601061320021, -0.9999997607227429, 0.0013517089889260037], [0.0, 0.0, 0.0, 1.0]]}, "mean_rme": {"type": "float", "data": 0.0013411088713029076}, "max_rme": {"type": "float", "data": 0.005014929171700183}, "simu": {"type": "float", "data": 0.002}}, {"type": "dict", "image_number": {"type": "int", "data": 21}, "Hcamera2end": {"type": "ndarray", "data": [[0.9999993114721286, 0.0011168072163373136, -0.0003602733825606351, -0.014478701835462883], [0.0003569315900860377, 0.0029910298575472893, 0.9999954631598241, 0.02232404573155792], [0.0011178797380055842, -0.9999949032280279, 0.002990629174364323, 0.03379840849959762], [0.0, 0.0, 0.0, 1.0]]}, "Hobj2base": {"type": "ndarray", "data": [[0.9999994132677816, 0.0010761497149482067, -0.00012395920116190564, -0.7360778610213754], [0.0010762545476885222, -0.9999990606370939, 0.0008487644421259765, 0.08997732702480712], [-0.00012304568710677817, -0.0008488973557825107, -0.9999996321164515, 0.00128555449119471], [0.0, 0.0, 0.0, 1.0]]}, "mean_rme": {"type": "float", "data": 0.0013544358114388662}, "max_rme": {"type": "float", "data": 0.004860122441849329}, "simu": {"type": "float", "data": 0.002}}, {"type": "dict", "image_number": {"type": "int", "data": 22}, "Hcamera2end": {"type": "ndarray", "data": [[0.9999991739276304, 0.0012408849717056329, -0.00033518434297511975, -0.014502050450114733], [0.00033142771301670614, 0.003026348512512822, 0.9999953656744376, 0.022413376988625833], [0.0012418936056784685, -0.9999946506952766, 0.0030259347488617028, 0.03373657197497246], [0.0, 0.0, 0.0, 1.0]]}, "Hobj2base": {"type": "ndarray", "data": [[0.9999992847820502, 0.0011790082139309967, -0.00020093536119951817, -0.7361671869391938], [0.0011791871355135595, -0.9999989063342567, 0.0008926634246020585, 0.08998723754396953], [-0.00019988268393351542, -0.0008928997265461504, -0.9999995813884077, 0.0012424903033877797], [0.0, 0.0, 0.0, 1.0]]}, "mean_rme": {"type": "float", "data": 0.0013547832242112477}, "max_rme": {"type": "float", "data": 0.00491171098537499}, "simu": {"type": "float", "data": 0.002}}, {"type": "dict", "image_number": {"type": "int", "data": 23}, "Hcamera2end": {"type": "ndarray", "data": [[0.9999992775265866, 0.001102916669987704, -0.0004780388310209286, -0.014241685193097072], [0.00047466099814981244, 0.003060868226226643, 0.9999952028798131, 0.022393728966657502], [0.0011043745930326564, -0.9999947073162543, 0.003060342503303337, 0.03350722980013883], [0.0, 0.0, 0.0, 1.0]]}, "Hobj2base": {"type": "ndarray", "data": [[0.999999446228543, 0.0010221169798413224, -0.0002506381594233401, -0.7359121083478687], [0.0010223085413717358, -0.9999991845529037, 0.0007653618582573743, 0.09017103945217717], [-0.00024985566569013295, -0.000765617663952995, -0.9999996757008169, 0.001343003704761705], [0.0, 0.0, 0.0, 1.0]]}, "mean_rme": {"type": "float", "data": 0.0013703698413777127}, "max_rme": {"type": "float", "data": 0.004819057410510225}, "simu": {"type": "float", "data": 0.002}}, {"type": "dict", "image_number": {"type": "int", "data": 24}, "Hcamera2end": {"type": "ndarray", "data": [[0.9999994087707207, 0.0010252841817439103, -0.00036228518558354084, -0.014332503820582375], [0.00035918314541423535, 0.0030241104050791057, 0.9999953628611117, 0.02246391446714928], [0.0010263750177580883, -0.9999949017613065, 0.0030237403523390993, 0.03346245554864549], [0.0, 0.0, 0.0, 1.0]]}, "Hobj2base": {"type": "ndarray", "data": [[0.9999995365781371, 0.0009272334030800104, -0.0002590014037190474, -0.7358279813697927], [0.0009274576305723445, -0.9999991940973738, 0.0008669642125534889, 0.09020222489732542], [-0.0002581973168119815, -0.0008672040236115267, -0.9999995906455794, 0.0013034907511900774], [0.0, 0.0, 0.0, 1.0]]}, "mean_rme": {"type": "float", "data": 0.0013376820133619565}, "max_rme": {"type": "float", "data": 0.004816727160589812}, "simu": {"type": "float", "data": 0.002}}, {"type": "dict", "image_number": {"type": "int", "data": 25}, "Hcamera2end": {"type": "ndarray", "data": [[0.9999995494284482, 0.0009435912432796331, -0.00010381939286146011, -0.014639435664871008], [0.00010088124894505997, 0.00311330326467274, 0.9999951485711097, 0.022653586523938354], [0.0009439098867685468, -0.9999947084751738, 0.0031132066712437068, 0.03306249276957927], [0.0, 0.0, 0.0, 1.0]]}, "Hobj2base": {"type": "ndarray", "data": [[0.9999996290521548, 0.0007764317524944985, -0.000372893130202807, -0.7354103254190472], [0.000776824598112651, -0.9999991422647196, 0.00105452044513362, 0.0901746284347618], [-0.000372074047201957, -0.001054809726517542, -0.9999993744684768, 0.0012310025396032253], [0.0, 0.0, 0.0, 1.0]]}, "mean_rme": {"type": "float", "data": 0.001368657117403077}, "max_rme": {"type": "float", "data": 0.004652996951164529}, "simu": {"type": "float", "data": 0.002}}, {"type": "dict", "image_number": {"type": "int", "data": 26}, "Hcamera2end": {"type": "ndarray", "data": [[0.9999995860531141, 0.0009046284913081088, -9.7677495598205e-05, -0.014689034522878577], [9.480533301165021e-05, 0.0031744625112795077, 0.9999949568871402, 0.022823300827194658], [0.000904934002712503, -0.9999945522026894, 0.0031743754336153174, 0.033116247982394396], [0.0, 0.0, 0.0, 1.0]]}, "Hobj2base": {"type": "ndarray", "data": [[0.9999996566939668, 0.0007037296800417688, -0.0004374659826572214, -0.7355555292115691], [0.0007042107436263215, -0.9999991465154305, 0.0011004797316005106, 0.09025309186353846], [-0.0004366911690373437, -0.0011007874220441375, -0.9999992987836916, 0.0012575368219411192], [0.0, 0.0, 0.0, 1.0]]}, "mean_rme": {"type": "float", "data": 0.001422982415372593}, "max_rme": {"type": "float", "data": 0.004889311485045317}, "simu": {"type": "float", "data": 0.002}}, {"type": "dict", "image_number": {"type": "int", "data": 27}, "Hcamera2end": {"type": "ndarray", "data": [[0.9999994420071926, 0.0010321215558681159, -0.00022518969201681754, -0.01456097709060692], [0.000221967656927071, 0.003120811462675621, 0.9999951056211092, 0.02268592697007633], [0.0010328192788462826, -0.9999945976158611, 0.0031205806236818123, 0.03317726709556197], [0.0, 0.0, 0.0, 1.0]]}, "Hobj2base": {"type": "ndarray", "data": [[0.9999995360985592, 0.0008669929867866072, -0.0004196734770131, -0.7356757048842283], [0.0008674403728939382, -0.9999990544985404, 0.0010670282211152373, 0.09023085201309639], [-0.0004187479742268046, -0.001067391767836702, -0.999999342662258, 0.0012636864428377545], [0.0, 0.0, 0.0, 1.0]]}, "mean_rme": {"type": "float", "data": 0.0014639346237238912}, "max_rme": {"type": "float", "data": 0.004835285676491247}, "simu": {"type": "float", "data": 0.002}}, {"type": "dict", "image_number": {"type": "int", "data": 28}, "Hcamera2end": {"type": "ndarray", "data": [[0.999999438822915, 0.0010176830734336163, -0.0002944062111468843, -0.01457487364473386], [0.0002912754738702875, 0.003075118687075218, 0.99999522939045, 0.022652163315106784], [0.001018583552506516, -0.9999947539693509, 0.003074820535269529, 0.03320541270529519], [0.0, 0.0, 0.0, 1.0]]}, "Hobj2base": {"type": "ndarray", "data": [[0.9999995333470106, 0.0008983330236937071, -0.0003553920924676964, -0.7356426005685714], [0.0008987134429528722, -0.9999990218715205, 0.0010717136510277221, 0.09020156137561477], [-0.0003544289890839078, -0.0010720325465603633, -0.9999993625629522, 0.0012603325223783973], [0.0, 0.0, 0.0, 1.0]]}, "mean_rme": {"type": "float", "data": 0.001439771065512864}, "max_rme": {"type": "float", "data": 0.004820895801846942}, "simu": {"type": "float", "data": 0.002}}, {"type": "dict", "image_number": {"type": "int", "data": 29}, "Hcamera2end": {"type": "ndarray", "data": [[0.9999992374688685, 0.001187210524242365, -0.0003399894890577823, -0.014580896979205034], [0.0003364099788380991, 0.0030139585224688847, 0.9999954014306021, 0.02276100623800558], [0.0011882297789904748, -0.999994753278834, 0.0030135568347643416, 0.03306502899687765], [0.0, 0.0, 0.0, 1.0]]}, "Hobj2base": {"type": "ndarray", "data": [[0.9999993313957456, 0.0010905506498428248, -0.0003845872357227224, -0.7355442892186271], [0.0010909704470036077, -0.9999988075257809, 0.001093037282022541, 0.09021918651138693], [-0.0003833947645941467, -0.0010934561245216322, -0.9999993286808535, 0.0011230254902159403], [0.0, 0.0, 0.0, 1.0]]}, "mean_rme": {"type": "float", "data": 0.0014654474835982454}, "max_rme": {"type": "float", "data": 0.004813203658801751}, "simu": {"type": "float", "data": 0.002}}, {"type": "dict", "image_number": {"type": "int", "data": 30}, "Hcamera2end": {"type": "ndarray", "data": [[0.9999991260618787, 0.0012702903012326927, -0.0003663850835573732, -0.014521771879846136], [0.0003626259778465551, 0.0029582178178206853, 0.9999955587150087, 0.02275349916188643], [0.0012713685063938066, -0.9999948176415179, 0.0029577545922586657, 0.03306797245909336], [0.0, 0.0, 0.0, 1.0]]}, "Hobj2base": {"type": "ndarray", "data": [[0.9999991914757057, 0.0012152570386181698, -0.00037443058763126334, -0.7355693089887355], [0.0012156774636984673, -0.9999986286282281, 0.0011246643801109007, 0.09025371419669555], [-0.00037306331784371194, -0.0011251186576195292, -0.9999992974656371, 0.0011162196634051473], [0.0, 0.0, 0.0, 1.0]]}, "mean_rme": {"type": "float", "data": 0.0014408495282319516}, "max_rme": {"type": "float", "data": 0.00482877441547}, "simu": {"type": "float", "data": 0.002}}]}