{"type": "list", "data": [{"type": "dict", "image_number": {"type": "int", "data": 5}, "Hcamera2end": {"type": "ndarray", "data": [[0.9999896813197607, 0.0022045489860872953, 0.003972054603251646, -0.015027623674426182], [-0.003974542176538904, 0.0011251502686021597, 0.9999914684892866, 0.028330715061922432], [0.002200061019650252, -0.9999969369956294, 0.001133900731461801, 0.032052409967012106], [0.0, 0.0, 0.0, 1.0]]}, "Hobj2base": {"type": "ndarray", "data": [[0.9999946268649028, 0.0024307756680537946, 0.0021994478796461335, -0.7352241914114999], [0.0024256684108357016, -0.9999943627681624, 0.002321758957525876, 0.08911074709675848], [0.0022050791560295616, -0.002316411351158397, -0.9999948859191068, -0.004606411382729525], [0.0, 0.0, 0.0, 1.0]]}, "mean_rme": {"type": "float", "data": 0.0010366290359808774}, "max_rme": {"type": "float", "data": 0.0035593624749032937}, "simu": {"type": "float", "data": 0.002}}, {"type": "dict", "image_number": {"type": "int", "data": 6}, "Hcamera2end": {"type": "ndarray", "data": [[0.999994066898593, 0.0023966340880838665, 0.002474330749946004, -0.016940411688830054], [-0.0024736865141934405, -0.0002717355372672259, 0.9999969035126195, 0.028162778636673644], [0.0023972990305323703, -0.9999970911481921, -0.0002658054036095425, 0.03128814864881156], [0.0, 0.0, 0.0, 1.0]]}, "Hobj2base": {"type": "ndarray", "data": [[0.9999881901045787, 0.003456193502230046, 0.0034167788696296444, -0.73349693075212], [0.0034528949633162724, -0.9999935674894944, 0.000970822335229937, 0.08656229769780359], [0.003420112241010511, -0.0009590130913699757, -0.9999936915431766, -0.003966621664437675], [0.0, 0.0, 0.0, 1.0]]}, "mean_rme": {"type": "float", "data": 0.000927621025822275}, "max_rme": {"type": "float", "data": 0.004187185851417086}, "simu": {"type": "float", "data": 0.002}}, {"type": "dict", "image_number": {"type": "int", "data": 7}, "Hcamera2end": {"type": "ndarray", "data": [[0.9999940342227095, 0.002678910544435226, 0.0021805864544790026, -0.016681755512330178], [-0.0021784432341856725, -0.0008026918979220365, 0.9999973050317648, 0.028086557493381164], [0.002680653663936133, -0.99999608955436, -0.0007968512546905338, 0.03135182458751509], [0.0, 0.0, 0.0, 1.0]]}, "Hobj2base": {"type": "ndarray", "data": [[0.9999853656443214, 0.004051184115931553, 0.0035855828608060284, -0.7335941091976516], [0.004047600487248449, -0.9999913022605522, 0.0010061478717503555, 0.08659124931600896], [0.0035896277646168514, -0.0009916201404900668, -0.9999930656069609, -0.004255925552222539], [0.0, 0.0, 0.0, 1.0]]}, "mean_rme": {"type": "float", "data": 0.0009544446923405981}, "max_rme": {"type": "float", "data": 0.004342452386459361}, "simu": {"type": "float", "data": 0.002}}, {"type": "dict", "image_number": {"type": "int", "data": 8}, "Hcamera2end": {"type": "ndarray", "data": [[0.9999979491821649, 0.0016797422652146906, 0.0011314138883430273, -0.01695757658543097], [-0.0011335611159737228, 0.0012779065486578922, 0.9999985409959602, 0.02741731720545538], [0.0016782939732467841, -0.9999977727079072, 0.0012798080184210914, 0.03134406356449795], [0.0, 0.0, 0.0, 1.0]]}, "Hobj2base": {"type": "ndarray", "data": [[0.999994975325682, 0.0019624607686343836, 0.00248959256109049, -0.7342558208953188], [0.001959912684343361, -0.9999975535208054, 0.0010255216594131163, 0.08728163597814283], [0.002491599016378069, -0.0010206371224614433, -0.9999963751105332, -0.0031426441414194595], [0.0, 0.0, 0.0, 1.0]]}, "mean_rme": {"type": "float", "data": 0.0012416026101736031}, "max_rme": {"type": "float", "data": 0.0042760851826413315}, "simu": {"type": "float", "data": 0.002}}, {"type": "dict", "image_number": {"type": "int", "data": 9}, "Hcamera2end": {"type": "ndarray", "data": [[0.9999998634028258, 0.00035964218948759925, -0.0003792780317380531, -0.014711437038148334], [0.0003783401282931519, 0.0026043710423194755, 0.9999965370491146, 0.02745955078701071], [0.00036062872478720724, -0.9999965439485126, 0.0026042346194975474, 0.03154270231248507], [0.0, 0.0, 0.0, 1.0]]}, "Hobj2base": {"type": "ndarray", "data": [[0.9999990855295091, 0.0003671107377831909, 0.001301602801038378, -0.7345449820357843], [0.0003669970831896741, -0.9999999288234787, 8.755671988668663e-05, 0.08904748304531493], [0.0013016348514068535, -8.707895538719741e-05, -0.9999991490816227, -0.0036611600703835043], [0.0, 0.0, 0.0, 1.0]]}, "mean_rme": {"type": "float", "data": 0.0014846104542090152}, "max_rme": {"type": "float", "data": 0.0035310257752171337}, "simu": {"type": "float", "data": 0.002}}, {"type": "dict", "image_number": {"type": "int", "data": 10}, "Hcamera2end": {"type": "ndarray", "data": [[0.9999997917729869, 0.00020402255609499318, -0.0006122326186784942, -0.014712232026294101], [0.0006116356100764704, 0.0029135158279516293, 0.9999955686538817, 0.027080832529848116], [0.0002058054014253392, -0.9999957348910626, 0.0029133904338184413, 0.03099417309665279], [0.0, 0.0, 0.0, 1.0]]}, "Hobj2base": {"type": "ndarray", "data": [[0.9999995438341245, 0.0001330996550996552, 0.0009458414374467605, -0.7343567263640312], [0.00013301722786171152, -0.9999999873504717, 8.720936612665047e-05, 0.08881612295631527], [0.0009458530330188654, -8.708351313870772e-05, -0.9999995488891491, -0.0032586492386832643], [0.0, 0.0, 0.0, 1.0]]}, "mean_rme": {"type": "float", "data": 0.001467442417986451}, "max_rme": {"type": "float", "data": 0.003495296123200875}, "simu": {"type": "float", "data": 0.002}}, {"type": "dict", "image_number": {"type": "int", "data": 11}, "Hcamera2end": {"type": "ndarray", "data": [[0.9999991662556778, 0.0006846165054552138, -0.0010948918621622183, -0.014777990169296925], [0.0010930356901808812, 0.0027057794198873664, 0.99999574200629, 0.027485323148518852], [0.0006875761262300805, -0.9999961050214, 0.002705028853684621, 0.03097217631049616], [0.0, 0.0, 0.0, 1.0]]}, "Hobj2base": {"type": "ndarray", "data": [[0.9999996080920488, 0.0006055048696112957, 0.000645894420005086, -0.7344528435269898], [0.0006054781861109723, -0.9999998158366412, 4.150721758569432e-05, 0.08838541638231931], [0.0006459194338773726, -4.111612633684184e-05, -0.9999997905487523, -0.003274424309317035], [0.0, 0.0, 0.0, 1.0]]}, "mean_rme": {"type": "float", "data": 0.0014699808863376344}, "max_rme": {"type": "float", "data": 0.0034300638817463536}, "simu": {"type": "float", "data": 0.002}}, {"type": "dict", "image_number": {"type": "int", "data": 12}, "Hcamera2end": {"type": "ndarray", "data": [[0.9999991238728241, 0.0007278028890293005, -0.001105692786906963, -0.014816439349100957], [0.0011037316729981836, 0.0026894761662881184, 0.999995774238244, 0.027548296445182693], [0.0007307735479053091, -0.9999961185029199, 0.0026886705108646325, 0.030898669869666627], [0.0, 0.0, 0.0, 1.0]]}, "Hobj2base": {"type": "ndarray", "data": [[0.9999996189737422, 0.000699265441364301, 0.0005225707729721897, -0.7346074466014207], [0.0006992576431844633, -0.9999997554052593, 1.510528165744325e-05, 0.08834537556631461], [0.0005225812077555723, -1.4739864294828692e-05, -0.9999998633457994, -0.0033162717932563035], [0.0, 0.0, 0.0, 1.0]]}, "mean_rme": {"type": "float", "data": 0.0014158358363157944}, "max_rme": {"type": "float", "data": 0.0034569757890993424}, "simu": {"type": "float", "data": 0.002}}, {"type": "dict", "image_number": {"type": "int", "data": 13}, "Hcamera2end": {"type": "ndarray", "data": [[0.9999990728443051, 0.0007689523823080236, -0.0011238428555044306, -0.015107775623662247], [0.001121831332281487, 0.0026113765783338794, 0.9999959610952577, 0.027497406821075897], [0.0007718840534931923, -0.9999962947054354, 0.0026105115223057362, 0.031056179462810512], [0.0, 0.0, 0.0, 1.0]]}, "Hobj2base": {"type": "ndarray", "data": [[0.9999994950620806, 0.0007764516009983874, 0.0006379643367992588, -0.7344743182042848], [0.0007764210960627186, -0.9999996974301018, 4.806232491516194e-05, 0.0880759265672534], [0.0006380014618395822, -4.756697167704499e-05, -0.9999997953457382, -0.0031532021579125167], [0.0, 0.0, 0.0, 1.0]]}, "mean_rme": {"type": "float", "data": 0.0014117728999579317}, "max_rme": {"type": "float", "data": 0.003452115361863295}, "simu": {"type": "float", "data": 0.002}}, {"type": "dict", "image_number": {"type": "int", "data": 14}, "Hcamera2end": {"type": "ndarray", "data": [[0.9999989642386671, 0.0007425588882549238, -0.001232934665913426, -0.014720488495930363], [0.0012311226467273614, 0.0024357697602001016, 0.9999962756744168, 0.027357407661499442], [0.0007455592676993935, -0.9999967578107306, 0.0024348530562601223, 0.03176226722019994], [0.0, 0.0, 0.0, 1.0]]}, "Hobj2base": {"type": "ndarray", "data": [[0.9999993429306299, 0.0008195824595626129, 0.0008015128823476237, -0.7351665222658713], [0.0008195880896424198, -0.999999664115208, -6.695885966917435e-06, 0.08828435623850998], [0.000801507125300946, 7.352791979322939e-06, -0.9999996787660808, -0.0031310032412061556], [0.0, 0.0, 0.0, 1.0]]}, "mean_rme": {"type": "float", "data": 0.0014314944537710413}, "max_rme": {"type": "float", "data": 0.0034575863004389917}, "simu": {"type": "float", "data": 0.002}}, {"type": "dict", "image_number": {"type": "int", "data": 15}, "Hcamera2end": {"type": "ndarray", "data": [[0.9999989849319074, 0.0006735363079330007, -0.0012555811390029669, -0.014640145893839333], [0.001253976056008938, 0.0023782206295378527, 0.9999963857988128, 0.027498940523654074], [0.0006765199226041125, -0.9999969452030737, 0.002377373617078904, 0.0320214517169087], [0.0, 0.0, 0.0, 1.0]]}, "Hobj2base": {"type": "ndarray", "data": [[0.9999993267464209, 0.0007616096412193285, 0.0008754755618416928, -0.7352950833569408], [0.000761666394904015, -0.9999997078523355, -6.449453873823738e-05, 0.08842831439983741], [0.0008754261864110435, 6.516131563207288e-05, -0.9999996146914227, -0.0033104962466130447], [0.0, 0.0, 0.0, 1.0]]}, "mean_rme": {"type": "float", "data": 0.0013969942671042562}, "max_rme": {"type": "float", "data": 0.003486297755077583}, "simu": {"type": "float", "data": 0.002}}, {"type": "dict", "image_number": {"type": "int", "data": 16}, "Hcamera2end": {"type": "ndarray", "data": [[0.9999988051946165, 0.0005287136838953703, -0.001452608405545589, -0.014030434118261903], [0.0014511977859023959, 0.0026586978610279033, 0.9999954126648133, 0.027555835642146656], [0.0005325733053692197, -0.9999963258870127, 0.0026579274162739086, 0.03186544153215999], [0.0, 0.0, 0.0, 1.0]]}, "Hobj2base": {"type": "ndarray", "data": [[0.9999996577814995, 0.0005335637138912567, 0.0006322552073889518, -0.7351236915945164], [0.0005336542720228219, -0.9999998473719922, -0.0001430702996353901, 0.0889981331485925], [0.0006321787737686779, 0.00014340765636651845, -0.9999997898920991, -0.003303516053745535], [0.0, 0.0, 0.0, 1.0]]}, "mean_rme": {"type": "float", "data": 0.001488082554890612}, "max_rme": {"type": "float", "data": 0.0037532143322057676}, "simu": {"type": "float", "data": 0.002}}, {"type": "dict", "image_number": {"type": "int", "data": 17}, "Hcamera2end": {"type": "ndarray", "data": [[0.9999989589473514, 0.0006956528226025817, -0.001264188025490923, -0.014062603776471855], [0.0012623738860277154, 0.002602111849373867, 0.9999958177043019, 0.026835681876624783], [0.000698939471817741, -0.9999963725339577, 0.0026012309664814603, 0.03187888225896435], [0.0, 0.0, 0.0, 1.0]]}, "Hobj2base": {"type": "ndarray", "data": [[0.9999996322737482, 0.0006662808466875387, 0.000539927959659338, -0.7351086103512606], [0.0006663447725330218, -0.9999997710036312, -0.00011822575173194522, 0.08943023307271111], [0.0005398490644638319, 0.0001185854864306961, -0.999999847250223, -0.0027951337345396565], [0.0, 0.0, 0.0, 1.0]]}, "mean_rme": {"type": "float", "data": 0.0014715244760795197}, "max_rme": {"type": "float", "data": 0.0036802234269729395}, "simu": {"type": "float", "data": 0.002}}, {"type": "dict", "image_number": {"type": "int", "data": 18}, "Hcamera2end": {"type": "ndarray", "data": [[0.9999987828607242, 0.00043374862110994166, -0.00149871251539741, -0.013825290526132926], [0.0014975585351246954, 0.002648689173964769, 0.9999953708713324, 0.026579641251944987], [0.00043771623684618383, -0.9999963981474101, 0.002648036386191488, 0.03164722006955224], [0.0, 0.0, 0.0, 1.0]]}, "Hobj2base": {"type": "ndarray", "data": [[0.9999997829966336, 0.00041941378761708526, 0.000508034211808875, -0.7348168004070726], [0.0004195494611413075, -0.9999998763502893, -0.0002669787542205627, 0.08947949940998565], [0.0005079221744200709, 0.00026719184176508, -0.9999998353117785, -0.0026100091722610166], [0.0, 0.0, 0.0, 1.0]]}, "mean_rme": {"type": "float", "data": 0.00147673189152821}, "max_rme": {"type": "float", "data": 0.003721837798131844}, "simu": {"type": "float", "data": 0.002}}, {"type": "dict", "image_number": {"type": "int", "data": 19}, "Hcamera2end": {"type": "ndarray", "data": [[0.9999987540856408, 0.0004593272687375272, -0.0015102468759757076, -0.013775071247392336], [0.0015090998187066796, 0.002487432484523766, 0.9999957676397295, 0.02641847026609833], [0.00046308196183799646, -0.9999968008439302, 0.002486736214697971, 0.03173834757542722], [0.0, 0.0, 0.0, 1.0]]}, "Hobj2base": {"type": "ndarray", "data": [[0.9999997525873202, 0.0004800700096318842, 0.0005141576452992847, -0.7349361536531607], [0.00048016901508774124, -0.9999998661998801, -0.0001924524322136079, 0.08946423274268242], [0.0005140651858639437, 0.00019269926716857907, -0.999999849301977, -0.0025930982641540977], [0.0, 0.0, 0.0, 1.0]]}, "mean_rme": {"type": "float", "data": 0.0014963731134664644}, "max_rme": {"type": "float", "data": 0.0036761726467339217}, "simu": {"type": "float", "data": 0.002}}, {"type": "dict", "image_number": {"type": "int", "data": 20}, "Hcamera2end": {"type": "ndarray", "data": [[0.9999988452998075, 0.00018603763361939145, -0.0015082403821731183, -0.01350733690310382], [0.001507755919929037, 0.0025773255617013158, 0.9999955420225809, 0.02653659428168082], [0.00018992403075798693, -0.9999966613859009, 0.002577042086319592, 0.032072390801181], [0.0, 0.0, 0.0, 1.0]]}, "Hobj2base": {"type": "ndarray", "data": [[0.9999998394384958, 0.000221525811621009, 0.0005215834520690984, -0.7351877006549746], [0.00022160541775141074, -0.9999999638065467, -0.0001525711112401064, 0.0898489195024108], [0.0005215496347519447, 0.00015268667246184727, -0.9999998523363682, -0.002792002110942937], [0.0, 0.0, 0.0, 1.0]]}, "mean_rme": {"type": "float", "data": 0.0014900788643486902}, "max_rme": {"type": "float", "data": 0.0038504423184224645}, "simu": {"type": "float", "data": 0.002}}, {"type": "dict", "image_number": {"type": "int", "data": 21}, "Hcamera2end": {"type": "ndarray", "data": [[0.9999992223741387, -2.8847841459422787e-06, -0.0012470937397736433, -0.01392255045271346], [0.0012470970678182527, 0.0024299536911496222, 0.9999962700300249, 0.026348699710320833], [1.45606650388784e-07, -0.9999970476540103, 0.002429955399160688, 0.03253301577108021], [0.0, 0.0, 0.0, 1.0]]}, "Hobj2base": {"type": "ndarray", "data": [[0.999999798318089, 8.829065892469921e-05, 0.0006289423986296547, -0.7353929902876233], [8.82058219885132e-05, -0.9999999870088774, 0.00013491470585361026, 0.08960362870678151], [0.0006289543021672654, -0.0001348592022625, -0.9999997931147191, -0.0024462437125104225], [0.0, 0.0, 0.0, 1.0]]}, "mean_rme": {"type": "float", "data": 0.0015271476485195254}, "max_rme": {"type": "float", "data": 0.004057178408559126}, "simu": {"type": "float", "data": 0.002}}, {"type": "dict", "image_number": {"type": "int", "data": 22}, "Hcamera2end": {"type": "ndarray", "data": [[0.9999992591631313, -7.885046366894134e-05, -0.0012146834126264203, -0.013811834092296926], [0.0012148690265349638, 0.00239825448209241, 0.9999963862278138, 0.026252452381177065], [-7.593705878267446e-05, -0.9999971210748775, 0.0023983484983630676, 0.03255852802326382], [0.0, 0.0, 0.0, 1.0]]}, "Hobj2base": {"type": "ndarray", "data": [[0.9999998298806082, 1.0676802816912687e-05, 0.0005832021609224156, -0.7354021843974761], [1.0556279681612276e-05, -0.9999999785900533, 0.00020666024684799875, 0.08970774891804342], [0.0005832043549067941, -0.00020665405524596163, -0.9999998085833726, -0.00223920327356452], [0.0, 0.0, 0.0, 1.0]]}, "mean_rme": {"type": "float", "data": 0.0015316830261060497}, "max_rme": {"type": "float", "data": 0.004263320826728867}, "simu": {"type": "float", "data": 0.002}}, {"type": "dict", "image_number": {"type": "int", "data": 23}, "Hcamera2end": {"type": "ndarray", "data": [[0.999999430435242, -0.00012191913915398468, -0.001060313592805225, -0.0139438826594618], [0.0010606107735581926, 0.002463857712110884, 0.9999964022485089, 0.026346548784747428], [-0.00011930623869633067, -0.9999969572658199, 0.0024639856175369124, 0.03253956019712607], [0.0, 0.0, 0.0, 1.0]]}, "Hobj2base": {"type": "ndarray", "data": [[0.9999998905473771, -8.583619456901014e-05, 0.0004599319313783232, -0.7353566855554531], [-8.595856968781407e-05, -0.9999999609118448, 0.0002660590779700932, 0.08970227896600105], [0.0004599090759016491, -0.00026609858394020434, -0.9999998588375827, -0.002194398939584971], [0.0, 0.0, 0.0, 1.0]]}, "mean_rme": {"type": "float", "data": 0.0015297021223653214}, "max_rme": {"type": "float", "data": 0.004326242147199455}, "simu": {"type": "float", "data": 0.002}}, {"type": "dict", "image_number": {"type": "int", "data": 24}, "Hcamera2end": {"type": "ndarray", "data": [[0.9999996154704651, -9.98926402515141e-05, -0.0008712521921129697, -0.014090545392596682], [0.0008715107948345646, 0.002618668915670641, 0.9999961915137701, 0.026345854189116145], [-9.761073877857308e-05, -0.9999965662913901, 0.0026187549662294307, 0.03250667310976826], [0.0, 0.0, 0.0, 1.0]]}, "Hobj2base": {"type": "ndarray", "data": [[0.9999999551689778, -0.00015012573964187534, 0.0002590835862796976, -0.7353939922916202], [-0.00015022440379219886, -0.9999999161958704, 0.0003808423303989648, 0.08966970145061032], [0.00025902639033088506, -0.000380881234002695, -0.9999998939174017, -0.0021024122467815007], [0.0, 0.0, 0.0, 1.0]]}, "mean_rme": {"type": "float", "data": 0.001487762970855323}, "max_rme": {"type": "float", "data": 0.004319455528302707}, "simu": {"type": "float", "data": 0.002}}, {"type": "dict", "image_number": {"type": "int", "data": 25}, "Hcamera2end": {"type": "ndarray", "data": [[0.9999997189449265, -1.1457716049586523e-05, -0.000749652445393692, -0.014410700312977847], [0.0007496808783828874, 0.002724362374075029, 0.9999960079061494, 0.026519396378702112], [-9.41534539344467e-06, -0.9999962888523015, 0.0027243701980097512, 0.032653474026787775], [0.0, 0.0, 0.0, 1.0]]}, "Hobj2base": {"type": "ndarray", "data": [[0.9999999848976865, -0.00011684883003386612, 0.0001286506029713576, -0.7357551042111694], [-0.0001169113137366052, -0.9999998751723695, 0.00048578492153869134, 0.08955214844546734], [0.00012859382351247775, -0.0004857999549132216, -0.9999998737310081, -0.0019571193707166932], [0.0, 0.0, 0.0, 1.0]]}, "mean_rme": {"type": "float", "data": 0.0016012829375219124}, "max_rme": {"type": "float", "data": 0.004689445698574102}, "simu": {"type": "float", "data": 0.002}}, {"type": "dict", "image_number": {"type": "int", "data": 26}, "Hcamera2end": {"type": "ndarray", "data": [[0.9999996892813594, -4.2956143385087576e-05, -0.0007871416355336125, -0.014322800987933062], [0.0007872545487759457, 0.002695104453376951, 0.9999960583133619, 0.026518840377963974], [-4.083454513806621e-05, -0.9999963672767792, 0.002695137433377015, 0.032752337420629794], [0.0, 0.0, 0.0, 1.0]]}, "Hobj2base": {"type": "ndarray", "data": [[0.9999999833876633, -0.00013299238807936705, 0.00012465030243824718, -0.7357441647995746], [-0.0001330504868444246, -0.9999998824767586, 0.00046620171261421754, 0.08962077791903501], [0.00012458828650985235, -0.00046621828965294243, -0.999999883559126, -0.0020677790111181325], [0.0, 0.0, 0.0, 1.0]]}, "mean_rme": {"type": "float", "data": 0.0015885937989494274}, "max_rme": {"type": "float", "data": 0.004817062847765341}, "simu": {"type": "float", "data": 0.002}}, {"type": "dict", "image_number": {"type": "int", "data": 27}, "Hcamera2end": {"type": "ndarray", "data": [[0.9999996208380674, -0.00022759396665713514, -0.0008405502410839991, -0.01434974947579516], [0.0008411454913119876, 0.0026280634300833716, 0.9999961928711877, 0.02639811540574117], [-0.00022538408082784672, -0.9999965207357441, 0.002628253873260711, 0.03286841621571218], [0.0, 0.0, 0.0, 1.0]]}, "Hobj2base": {"type": "ndarray", "data": [[0.9999999413986413, -0.00025143773469517885, 0.00023233979324816984, -0.735761981412769], [-0.00025155419770518547, -0.9999998426751038, 0.0005013683810933097, 0.08957770689900861], [0.00023221369376534608, -0.0005014267977627268, -0.999999847323972, -0.0020250484700332534], [0.0, 0.0, 0.0, 1.0]]}, "mean_rme": {"type": "float", "data": 0.0015775050886590832}, "max_rme": {"type": "float", "data": 0.004922253939943666}, "simu": {"type": "float", "data": 0.002}}, {"type": "dict", "image_number": {"type": "int", "data": 28}, "Hcamera2end": {"type": "ndarray", "data": [[0.9999996241394081, -0.00016516465926186876, -0.0008511413970473272, -0.014199399817787312], [0.0008515564090533455, 0.00252912886189105, 0.9999964391731013, 0.026292950264889044], [-0.00016301142486628475, -0.9999967881087595, 0.0025292685583153673, 0.032958737867065935], [0.0, 0.0, 0.0, 1.0]]}, "Hobj2base": {"type": "ndarray", "data": [[0.9999999483061205, -0.00014864786494472418, 0.00028511676307346864, -0.7358960317500322], [-0.00014880884187696124, -0.9999998295063992, 0.0005646619353594567, 0.08966697429515855], [0.00028503277867177827, -0.0005647043340652033, -0.9999997999326451, -0.001959663984068004], [0.0, 0.0, 0.0, 1.0]]}, "mean_rme": {"type": "float", "data": 0.0015770572406273386}, "max_rme": {"type": "float", "data": 0.004943498987057482}, "simu": {"type": "float", "data": 0.002}}, {"type": "dict", "image_number": {"type": "int", "data": 29}, "Hcamera2end": {"type": "ndarray", "data": [[0.9999996248198728, -0.00018937367527571632, -0.0008452796724625856, -0.01414510518769908], [0.0008457418232438369, 0.0024537756160670776, 0.9999966318473249, 0.026242441573136342], [-0.0001872989107872196, -0.9999969715568328, 0.002453934856696649, 0.033025740759708315], [0.0, 0.0, 0.0, 1.0]]}, "Hobj2base": {"type": "ndarray", "data": [[0.9999999298942253, -0.00013520173868605893, 0.00034918767807355145, -0.7359427643640896], [-0.0001354206392520251, -0.999999794305231, 0.0006269375932607424, 0.08971793853473463], [0.0003491028431948163, -0.0006269848365273804, -0.9999997425085765, -0.0019161348571417104], [0.0, 0.0, 0.0, 1.0]]}, "mean_rme": {"type": "float", "data": 0.0015443945675937892}, "max_rme": {"type": "float", "data": 0.004951571829203083}, "simu": {"type": "float", "data": 0.002}}, {"type": "dict", "image_number": {"type": "int", "data": 30}, "Hcamera2end": {"type": "ndarray", "data": [[0.9999995677385767, -0.00021370159227364208, -0.0009049056797531683, -0.01416955546007433], [0.0009054211521404677, 0.0024244623031745016, 0.9999966510919313, 0.026208017591058664], [-0.00021150696689816535, -0.9999970381526987, 0.0024246547451148848, 0.03302029503724963], [0.0, 0.0, 0.0, 1.0]]}, "Hobj2base": {"type": "ndarray", "data": [[0.999999923939426, -0.00013554886176347686, 0.00036571525547771566, -0.7359237284917212], [-0.00013577574417435352, -0.9999997983179569, 0.0006204264603909978, 0.08967280388069455], [0.00036563108361900186, -0.0006204760684619735, -0.9999997406616461, -0.0019606228315137567], [0.0, 0.0, 0.0, 1.0]]}, "mean_rme": {"type": "float", "data": 0.0015253948022042664}, "max_rme": {"type": "float", "data": 0.005024957062064295}, "simu": {"type": "float", "data": 0.002}}]}