{"type": "list", "data": [{"type": "dict", "image_number": {"type": "int", "data": 5}, "Hcamera2end": {"type": "ndarray", "data": [[0.9999956067439365, 0.001207138784310135, -0.0027072696174849755, -0.015976061140478334], [0.0027065726680885437, 0.0005786167746986148, 0.9999961698261751, 0.02589550315778354], [0.0012087006323730695, -0.9999991040088904, 0.0005753470238467617, 0.030018298867370306], [0.0, 0.0, 0.0, 1.0]]}, "Hobj2base": {"type": "ndarray", "data": [[0.9999973616113947, 0.0020781378316986126, 0.0009788326731164036, -0.7314690715344356], [0.0020789123883246264, -0.9999975262538074, -0.0007909548322905248, 0.08640814393578575], [0.000977186538572658, 0.0007929876528145464, -0.9999992081382119, 0.0012125418315388937], [0.0, 0.0, 0.0, 1.0]]}, "mean_rme": {"type": "float", "data": 0.000932512050800118}, "max_rme": {"type": "float", "data": 0.0021081345036464416}, "simu": {"type": "float", "data": 0.002}}, {"type": "dict", "image_number": {"type": "int", "data": 6}, "Hcamera2end": {"type": "ndarray", "data": [[-0.7357464090197123, -0.5869263601218043, -0.337927017873339, 5724.30570562641], [-0.3424846034290062, 0.7529004922572947, -0.5620010188360869, -7352.657464717983], [0.5842786304740866, -0.29775543076977345, -0.7549570752158246, 12679.685076751168], [0.0, 0.0, 0.0, 1.0]]}, "Hobj2base": {"type": "ndarray", "data": [[0.15479705141929267, 0.9346488388766481, 0.3201084517135189, -11338.1222580905], [-0.9347330663520177, 0.24346255122702276, -0.2588437382247901, 9150.469586795198], [-0.3198624197057967, -0.2591477071798296, 0.9113344601864839, 3123.2824993634254], [0.0, 0.0, 0.0, 1.0]]}, "mean_rme": {"type": "float", "data": 2325.6760278192883}, "max_rme": {"type": "float", "data": 6157.881905952153}, "simu": {"type": "float", "data": 0.002}}, {"type": "dict", "image_number": {"type": "int", "data": 6}, "Hcamera2end": {"type": "ndarray", "data": [[0.9999971886057535, 0.0007219074279109561, -0.0022586788737118876, -0.01606537730837327], [0.0022584863910818723, 0.0002673347147843508, 0.9999974138823423, 0.0259326307342271], [0.0007225093842459032, -0.9999997036908644, 0.0002657035450994716, 0.032002497782246585], [0.0, 0.0, 0.0, 1.0]]}, "Hobj2base": {"type": "ndarray", "data": [[0.999997114724922, 0.0019000808316407508, 0.0014697736779560407, -0.733268659190319], [0.0019004549180713236, -0.9999981620876004, -0.00025316501653422957, 0.08602824741554492], [0.0014692899426456145, 0.00025595752469824006, -0.9999988878357864, 0.0012240037917232993], [0.0, 0.0, 0.0, 1.0]]}, "mean_rme": {"type": "float", "data": 0.0010142162008998706}, "max_rme": {"type": "float", "data": 0.0027385227148316316}, "simu": {"type": "float", "data": 0.002}}, {"type": "dict", "image_number": {"type": "int", "data": 7}, "Hcamera2end": {"type": "ndarray", "data": [[0.9999978781413258, 0.0006186069448437779, -0.001964952491524555, -0.01581880599340967], [0.0019649233859724185, 4.765439714149444e-05, 0.9999980684007075, 0.02613914757483832], [0.0006186993885694364, -0.9999998075272347, 4.643878077292829e-05, 0.03288060558101708], [0.0, 0.0, 0.0, 1.0]]}, "Hobj2base": {"type": "ndarray", "data": [[0.9999967193607853, 0.001917325940670721, 0.0016985667205280826, -0.7340719564705646], [0.001917242187896792, -0.999998160792327, 5.0934821816277455e-05, 0.08625031073784115], [0.001698661255166289, -4.767809094194967e-05, -0.9999985561373275, 0.0008937040754380161], [0.0, 0.0, 0.0, 1.0]]}, "mean_rme": {"type": "float", "data": 0.000928758867575912}, "max_rme": {"type": "float", "data": 0.0026372780059564227}, "simu": {"type": "float", "data": 0.002}}, {"type": "dict", "image_number": {"type": "int", "data": 8}, "Hcamera2end": {"type": "ndarray", "data": [[0.9999973419779633, 0.0010426203345034102, -0.0020564483573096578, -0.016627236136098955], [0.0020558685022250365, 0.0005569187593463809, 0.9999977316205255, 0.026103074816770364], [0.0010437632441126564, -0.9999993013919226, 0.0005547737887385829, 0.033662826991963574], [0.0, 0.0, 0.0, 1.0]]}, "Hobj2base": {"type": "ndarray", "data": [[0.9999972596172844, 0.0020594437552358498, 0.0011133055917291095, -0.7354032098096634], [0.0020591723471365684, -0.9999978499199129, 0.000244877105267315, 0.08597492255016656], [0.0011138075086581686, -0.0002425839461219272, -0.9999993502927205, 0.0009445677303973193], [0.0, 0.0, 0.0, 1.0]]}, "mean_rme": {"type": "float", "data": 0.0010473533966616187}, "max_rme": {"type": "float", "data": 0.0034204984278842776}, "simu": {"type": "float", "data": 0.002}}, {"type": "dict", "image_number": {"type": "int", "data": 9}, "Hcamera2end": {"type": "ndarray", "data": [[0.9999891039658025, 0.0046581600155097625, -0.0003057694248823524, -0.016426002794870824], [0.00030811508589475775, -0.0005028502551165381, 0.9999998261033421, 0.022106928569743806], [0.0046580054492379955, -0.999989024283212, -0.0005042800254162483, 0.034350188800211554], [0.0, 0.0, 0.0, 1.0]]}, "Hobj2base": {"type": "ndarray", "data": [[0.999983891065824, 0.005674234522237385, -0.00014377566154571685, -0.735555547146187], [0.005674363457353751, -0.9999834840346664, 0.0009128292521375187, 0.08827886623284112], [-0.00013859367969648815, -0.000913630382791114, -0.9999995730355664, 0.0035344429749172043], [0.0, 0.0, 0.0, 1.0]]}, "mean_rme": {"type": "float", "data": 0.0013871326486261978}, "max_rme": {"type": "float", "data": 0.005294293921103033}, "simu": {"type": "float", "data": 0.002}}, {"type": "dict", "image_number": {"type": "int", "data": 10}, "Hcamera2end": {"type": "ndarray", "data": [[0.9999881986946579, 0.004836683705243185, -0.0004571237784842777, -0.01570566120886511], [0.0004529267153554916, 0.0008688161342588208, 0.9999995200078426, 0.02197536760711946], [0.004837078540187039, -0.9999879257517366, 0.0008666152178304909, 0.03538942028752017], [0.0, 0.0, 0.0, 1.0]]}, "Hobj2base": {"type": "ndarray", "data": [[0.9999853469149903, 0.005242316130650067, -0.001350583908071803, -0.7370745548885634], [0.005243893451076685, -0.9999855697440625, 0.0011669983361635786, 0.08935105778060108], [-0.001344446644598232, -0.0011740635541484198, -0.9999984070177266, 0.0031785333508392135], [0.0, 0.0, 0.0, 1.0]]}, "mean_rme": {"type": "float", "data": 0.0014368638297063993}, "max_rme": {"type": "float", "data": 0.004608553465403453}, "simu": {"type": "float", "data": 0.002}}, {"type": "dict", "image_number": {"type": "int", "data": 11}, "Hcamera2end": {"type": "ndarray", "data": [[0.9999881670980494, 0.004788938462106496, -0.0008554135197315934, -0.015362999365820142], [0.0008494491138376498, 0.0012473501820002841, 0.9999988612762153, 0.022024878835423672], [0.004790000009037886, -0.9999877550179955, 0.0012432674626949858, 0.03421971164124681], [0.0, 0.0, 0.0, 1.0]]}, "Hobj2base": {"type": "ndarray", "data": [[0.9999861951453426, 0.005046181270134837, -0.001464777570087225, -0.7361334374403271], [0.00504715102467492, -0.9999870458368767, 0.0006591092250405643, 0.0895381816704493], [-0.0014614326104932698, -0.0006664930797472958, -0.9999987100000178, 0.0026425360240678623], [0.0, 0.0, 0.0, 1.0]]}, "mean_rme": {"type": "float", "data": 0.001581561062881018}, "max_rme": {"type": "float", "data": 0.004641801035689452}, "simu": {"type": "float", "data": 0.002}}, {"type": "dict", "image_number": {"type": "int", "data": 12}, "Hcamera2end": {"type": "ndarray", "data": [[0.999988772221982, 0.004618715607035464, -0.0010596679264696124, -0.015009625109482456], [0.0010532853750062833, 0.0013841022556146942, 0.9999984874242887, 0.02216126047853978], [0.0046201753096456475, -0.9999883757959829, 0.0013792218896215847, 0.03411418832355288], [0.0, 0.0, 0.0, 1.0]]}, "Hobj2base": {"type": "ndarray", "data": [[0.9999872809038297, 0.004864450752959335, -0.001332347341074379, -0.736236752278273], [0.004864970374413519, -0.9999880910601071, 0.00038704162485151983, 0.08972851722098568], [-0.001330448729306542, -0.0003935185323746269, -0.9999990375242087, 0.0024820199389545086], [0.0, 0.0, 0.0, 1.0]]}, "mean_rme": {"type": "float", "data": 0.0015499789655644435}, "max_rme": {"type": "float", "data": 0.004603915090174215}, "simu": {"type": "float", "data": 0.002}}, {"type": "dict", "image_number": {"type": "int", "data": 13}, "Hcamera2end": {"type": "ndarray", "data": [[0.9999905900705347, 0.004211503526119279, -0.001040676911062476, -0.015010458844302927], [0.0010341224428545058, 0.0015582034656813626, 0.9999982512948375, 0.02272718724788174], [0.004213117747810793, -0.9999899175691769, 0.0015538335927821612, 0.03407531005888562], [0.0, 0.0, 0.0, 1.0]]}, "Hobj2base": {"type": "ndarray", "data": [[0.9999896096828249, 0.004418747434291353, -0.0011203559717346667, -0.7361693655561847], [0.004419249410473366, -0.9999901356233281, 0.0004459716203416741, 0.08950499625103861], [-0.0011183742841682034, -0.0004509181190226964, -0.9999992729556411, 0.0020290136651607707], [0.0, 0.0, 0.0, 1.0]]}, "mean_rme": {"type": "float", "data": 0.0014863366796236737}, "max_rme": {"type": "float", "data": 0.004672724648056681}, "simu": {"type": "float", "data": 0.002}}, {"type": "dict", "image_number": {"type": "int", "data": 14}, "Hcamera2end": {"type": "ndarray", "data": [[0.9999903537334878, 0.004285684790680223, -0.0009619489845402727, -0.0150911810633432], [0.0009544106375042553, 0.0017606578182925992, 0.9999979945901801, 0.02258097244874393], [0.004287369859126288, -0.9999892664373563, 0.0017565505313648089, 0.034008910902949975], [0.0, 0.0, 0.0, 1.0]]}, "Hobj2base": {"type": "ndarray", "data": [[0.9999896839649672, 0.004362171500066646, -0.00126626357802233, -0.7362238095543132], [0.0043629988997309545, -0.9999902699166066, 0.0006513929023931622, 0.08950816410598983], [-0.0012634097696179525, -0.0006569108891988418, -0.9999989861314049, 0.0020550316500027705], [0.0, 0.0, 0.0, 1.0]]}, "mean_rme": {"type": "float", "data": 0.0014600706492235256}, "max_rme": {"type": "float", "data": 0.004531751663156447}, "simu": {"type": "float", "data": 0.002}}, {"type": "dict", "image_number": {"type": "int", "data": 15}, "Hcamera2end": {"type": "ndarray", "data": [[0.9999910185106136, 0.004112891775600426, -0.0010232396336872693, -0.01501983638258414], [0.0010155440216473653, 0.001872748314491468, 0.9999977307394708, 0.022495865686022857], [0.004114798712676768, -0.9999897884153585, 0.0018685546717679413, 0.033812748504463315], [0.0, 0.0, 0.0, 1.0]]}, "Hobj2base": {"type": "ndarray", "data": [[0.9999909689459496, 0.00412664142790654, -0.0010162957573151795, -0.7362263302478418], [0.004127410059128079, -0.9999911969092914, 0.00075537416297565, 0.08954315714133948], [-0.0010131696524569359, -0.0007595620104825476, -0.9999991982760823, 0.002167323735207564], [0.0, 0.0, 0.0, 1.0]]}, "mean_rme": {"type": "float", "data": 0.0014577373835868584}, "max_rme": {"type": "float", "data": 0.004504619619882022}, "simu": {"type": "float", "data": 0.002}}, {"type": "dict", "image_number": {"type": "int", "data": 16}, "Hcamera2end": {"type": "ndarray", "data": [[0.9999906257197795, 0.004203273632920744, -0.0010396938639550362, -0.01490945705631511], [0.0010314535655201042, 0.0019621404208718385, 0.9999975430512368, 0.02224950014765075], [0.00420530333104859, -0.9999892411899914, 0.0019577865456421595, 0.03336180852003336], [0.0, 0.0, 0.0, 1.0]]}, "Hobj2base": {"type": "ndarray", "data": [[0.9999907449133916, 0.0041485596532468555, -0.0011399738433730269, -0.7358130334307796], [0.0041494408485736305, -0.999991093253799, 0.0007717212683346599, 0.08953083135019001], [-0.0011367621581979627, -0.0007764443800194815, -0.9999990524525113, 0.002298930630753683], [0.0, 0.0, 0.0, 1.0]]}, "mean_rme": {"type": "float", "data": 0.0014919629642788426}, "max_rme": {"type": "float", "data": 0.004309562973546566}, "simu": {"type": "float", "data": 0.002}}, {"type": "dict", "image_number": {"type": "int", "data": 17}, "Hcamera2end": {"type": "ndarray", "data": [[-0.998487556233485, -0.00088428817893638, -0.05497106585557182, 43.14092624468232], [-0.05494053964138734, -0.02094266073445361, 0.9982699745385882, -1524.7603472745045], [-0.0020339987202961755, 0.9997802873610667, 0.020862402868023322, -17.53743803001963], [0.0, 0.0, 0.0, 1.0]]}, "Hobj2base": {"type": "ndarray", "data": [[-0.999147076668959, -0.018166834952310286, -0.03708214249055603, 28.821369210478288], [0.015570295353857755, 0.6659870340222196, -0.7458008021025994, 585.2286810236242], [0.038245066171573285, -0.7457420711091084, -0.6651361351568792, 1307.5344703008257], [0.0, 0.0, 0.0, 1.0]]}, "mean_rme": {"type": "float", "data": 193.10497338011058}, "max_rme": {"type": "float", "data": 1136.5287986102996}, "simu": {"type": "float", "data": 0.002}}, {"type": "dict", "image_number": {"type": "int", "data": 17}, "Hcamera2end": {"type": "ndarray", "data": [[0.9999975594817131, 0.0018554805631382858, -0.0011992591452997597, -0.015075154344412124], [0.0011952944050134774, 0.002136408182484284, 0.9999970035111921, 0.022741536498004946], [0.0018580371102624828, -0.9999959964679647, 0.002134185123005339, 0.03330475135014735], [0.0, 0.0, 0.0, 1.0]]}, "Hobj2base": {"type": "ndarray", "data": [[0.999998048219583, 0.0019732247285943897, -9.970554074303301e-05, -0.7356659675274545], [0.0019732833570158, -0.9999978782095131, 0.0005913791211153718, 0.08959328912809718], [-9.85384052830059e-05, -0.0005915747141573347, -0.9999998201647542, 0.001801886338571012], [0.0, 0.0, 0.0, 1.0]]}, "mean_rme": {"type": "float", "data": 0.0014775442472526334}, "max_rme": {"type": "float", "data": 0.004667094415408579}, "simu": {"type": "float", "data": 0.002}}, {"type": "dict", "image_number": {"type": "int", "data": 18}, "Hcamera2end": {"type": "ndarray", "data": [[0.999997341994918, 0.001996929056172239, -0.0011525091946443394, -0.015075053598875576], [0.0011483961850222765, 0.002059591276690975, 0.9999972196311222, 0.022782116927402868], [0.001999297201856436, -0.9999958851705928, 0.002057292536577049, 0.0332862041055449], [0.0, 0.0, 0.0, 1.0]]}, "Hobj2base": {"type": "ndarray", "data": [[0.9999977123262314, 0.0021282448036124176, -0.00021428103000024153, -0.7357411328372714], [0.00212836576141511, -0.9999975749361689, 0.0005658453558246793, 0.08951115496904789], [-0.00021307625291688392, -0.000566300129762675, -0.9999998169513198, 0.0017910826206489854], [0.0, 0.0, 0.0, 1.0]]}, "mean_rme": {"type": "float", "data": 0.0014567757658401753}, "max_rme": {"type": "float", "data": 0.004641026093183953}, "simu": {"type": "float", "data": 0.002}}, {"type": "dict", "image_number": {"type": "int", "data": 19}, "Hcamera2end": {"type": "ndarray", "data": [[0.9999974541960482, 0.0019575335220796512, -0.0011223475096290667, -0.015125877805127717], [0.0011185943575318421, 0.0019173284364856213, 0.9999975362961303, 0.02283452904837566], [0.0019596806080925677, -0.9999962459500421, 0.0019151338693907949, 0.033112993227965445], [0.0, 0.0, 0.0, 1.0]]}, "Hobj2base": {"type": "ndarray", "data": [[0.99999766442592, 0.0021589662525866803, -0.00010003711947951736, -0.7354909242612763], [0.0021590306879695213, -0.9999974589833966, 0.0006485470209403705, 0.0895261658786953], [-9.863667415210992e-05, -0.0006487614894216511, -0.9999997846896451, 0.0017034628710149917], [0.0, 0.0, 0.0, 1.0]]}, "mean_rme": {"type": "float", "data": 0.0014290968316992027}, "max_rme": {"type": "float", "data": 0.0046217380734565605}, "simu": {"type": "float", "data": 0.002}}, {"type": "dict", "image_number": {"type": "int", "data": 20}, "Hcamera2end": {"type": "ndarray", "data": [[0.9999968594475108, 0.0021620267262947115, -0.00126757072779914, -0.015004214818483005], [0.001263585825925448, 0.0018435037470236892, 0.9999975024192789, 0.02278396581475785], [0.0021643580978447565, -0.9999959635590385, 0.0018407660510767476, 0.03303299841476063], [0.0, 0.0, 0.0, 1.0]]}, "Hobj2base": {"type": "ndarray", "data": [[0.999997172887914, 0.0023746504654833514, -0.00012349634080416498, -0.7355471978824211], [0.00237472242136028, -0.9999970087553716, 0.00058581031995796, 0.08949394654530865], [-0.0001221048766474258, -0.0005861019333359879, -0.9999998207874456, 0.0016018871911352346], [0.0, 0.0, 0.0, 1.0]]}, "mean_rme": {"type": "float", "data": 0.0014694239638629093}, "max_rme": {"type": "float", "data": 0.004504461506960267}, "simu": {"type": "float", "data": 0.002}}, {"type": "dict", "image_number": {"type": "int", "data": 21}, "Hcamera2end": {"type": "ndarray", "data": [[0.9999973996049587, 0.001961799520556496, -0.0011628095121661213, -0.014707564275953208], [0.001159079839030577, 0.0019012159511273552, 0.9999975209528442, 0.02271872457560723], [0.001964005409155627, -0.9999962683533117, 0.0018989371249422682, 0.032813714051624185], [0.0, 0.0, 0.0, 1.0]]}, "Hobj2base": {"type": "ndarray", "data": [[0.9999976163509614, 0.002179822826607474, -0.0001251592584052536, -0.7352452852454235], [0.0021799129378992617, -0.9999973616027495, 0.0007244081190390122, 0.08983387787840819], [-0.00012357984683174933, -0.0007246792285909913, -0.999999729783982, 0.0018134223292469139], [0.0, 0.0, 0.0, 1.0]]}, "mean_rme": {"type": "float", "data": 0.0015153239928384148}, "max_rme": {"type": "float", "data": 0.005037729092948695}, "simu": {"type": "float", "data": 0.002}}, {"type": "dict", "image_number": {"type": "int", "data": 22}, "Hcamera2end": {"type": "ndarray", "data": [[0.9999975045409283, 0.0018077229017034937, -0.0013126499254545155, -0.014457956695389433], [0.0013090758616763488, 0.001976874246227278, 0.9999971891403509, 0.022505542032643554], [0.0018103127642800755, -0.9999964120466257, 0.0019745028666032782, 0.03231744303015865], [0.0, 0.0, 0.0, 1.0]]}, "Hobj2base": {"type": "ndarray", "data": [[0.9999979622414701, 0.0020120590426467794, -0.00016471586550880442, -0.7347254559186893], [0.0020121612437317008, -0.9999977817405248, 0.000622672593818341, 0.08991157765728902], [-0.0001634626461032745, -0.0006230027598427561, -0.9999997925737407, 0.001952036328476118], [0.0, 0.0, 0.0, 1.0]]}, "mean_rme": {"type": "float", "data": 0.0015379381343191068}, "max_rme": {"type": "float", "data": 0.00501966492706718}, "simu": {"type": "float", "data": 0.002}}, {"type": "dict", "image_number": {"type": "int", "data": 23}, "Hcamera2end": {"type": "ndarray", "data": [[0.9999976382104886, 0.0018775192213873913, -0.0010947579724167804, -0.014860870241930429], [0.0010906536518716708, 0.0021856662569659235, 0.9999970166643621, 0.02247403254806534], [0.0018799063956772433, -0.9999958488836773, 0.002183613371687043, 0.032315520702753765], [0.0, 0.0, 0.0, 1.0]]}, "Hobj2base": {"type": "ndarray", "data": [[0.9999979779417552, 0.00196581906585739, -0.0004238723879614567, -0.7347172230440538], [0.0019661242949304534, -0.999997807336632, 0.0007208863878691323, 0.08963638422495306], [-0.0004224543263464089, -0.0007217183159947894, -0.9999996503274458, 0.0021669651466545933], [0.0, 0.0, 0.0, 1.0]]}, "mean_rme": {"type": "float", "data": 0.0015327891697185234}, "max_rme": {"type": "float", "data": 0.004957467716116604}, "simu": {"type": "float", "data": 0.002}}, {"type": "dict", "image_number": {"type": "int", "data": 24}, "Hcamera2end": {"type": "ndarray", "data": [[0.9999979081157724, 0.001777670544485666, -0.001011756647862257, -0.01478428454036684], [0.0010077348091731735, 0.0022618617067243774, 0.9999969342213877, 0.02255289827938781], [0.0017799535481596545, -0.9999958619259659, 0.0022600655546846093, 0.03225120950226621], [0.0, 0.0, 0.0, 1.0]]}, "Hobj2base": {"type": "ndarray", "data": [[0.9999982100964782, 0.0018228671944540869, -0.0005069112656285006, -0.7347934917204602], [0.001823238439934088, -0.9999980693478014, 0.0007328726087642741, 0.08976880523854759], [-0.0005055743575229207, -0.0007337955170981401, -0.9999996029692753, 0.0021235819621195384], [0.0, 0.0, 0.0, 1.0]]}, "mean_rme": {"type": "float", "data": 0.0015435836062700947}, "max_rme": {"type": "float", "data": 0.0049999661562240005}, "simu": {"type": "float", "data": 0.002}}, {"type": "dict", "image_number": {"type": "int", "data": 25}, "Hcamera2end": {"type": "ndarray", "data": [[0.9999980104330383, 0.0016676485450989392, -0.0010945676293209786, -0.014628441063088159], [0.0010907520203074395, 0.0022872115302835505, 0.999996789456569, 0.022666894502149093], [0.0016701466987433156, -0.9999959937978479, 0.002285387988703258, 0.03239030472828391], [0.0, 0.0, 0.0, 1.0]]}, "Hobj2base": {"type": "ndarray", "data": [[0.9999983937040525, 0.0017113113592374634, -0.0005329190807261201, -0.7348895044458643], [0.0017116658315462785, -0.9999983137147079, 0.0006654080120740779, 0.08994829403511849], [-0.0005317794617829221, -0.0006663191226133426, -0.9999996366146497, 0.002061066598508763], [0.0, 0.0, 0.0, 1.0]]}, "mean_rme": {"type": "float", "data": 0.0015423351125313373}, "max_rme": {"type": "float", "data": 0.00503788543320105}, "simu": {"type": "float", "data": 0.002}}, {"type": "dict", "image_number": {"type": "int", "data": 26}, "Hcamera2end": {"type": "ndarray", "data": [[0.9999980556331824, 0.001628054652014873, -0.0011127299333807397, -0.014544931693396608], [0.0011089606459472835, 0.0023142832434538407, 0.9999967071442561, 0.0227362655744066], [0.001630624463305073, -0.9999959967575467, 0.0023124732950997595, 0.032519431429730655], [0.0, 0.0, 0.0, 1.0]]}, "Hobj2base": {"type": "ndarray", "data": [[0.9999984558736851, 0.0016695690250948208, -0.000548442810173151, -0.7349233052381821], [0.0016699531589273722, -0.9999983601376561, 0.0007006985417278464, 0.09009030671296701], [-0.0005472720462212406, -0.000701613333564129, -0.9999996041159407, 0.0019615949149754974], [0.0, 0.0, 0.0, 1.0]]}, "mean_rme": {"type": "float", "data": 0.001541838380708187}, "max_rme": {"type": "float", "data": 0.004949844515115376}, "simu": {"type": "float", "data": 0.002}}, {"type": "dict", "image_number": {"type": "int", "data": 27}, "Hcamera2end": {"type": "ndarray", "data": [[0.9999979803368092, 0.0016353127165744676, -0.0011683640792102188, -0.014536511339183449], [0.0011646548125181675, 0.0022673481710725474, 0.9999967513504429, 0.022726410062302305], [0.0016379564921746791, -0.9999960924346609, 0.0022654390169676297, 0.03251903672766124], [0.0, 0.0, 0.0, 1.0]]}, "Hobj2base": {"type": "ndarray", "data": [[0.9999983942885526, 0.0017221661567459084, -0.0004955441907385879, -0.7348896630632203], [0.0017225160155473808, -0.9999982669314482, 0.000706450759260024, 0.09008832409260245], [-0.00049432670633753, -0.0007073032077089115, -0.9999996276815701, 0.001951821602294097], [0.0, 0.0, 0.0, 1.0]]}, "mean_rme": {"type": "float", "data": 0.001502074711823374}, "max_rme": {"type": "float", "data": 0.00495867970920616}, "simu": {"type": "float", "data": 0.002}}, {"type": "dict", "image_number": {"type": "int", "data": 28}, "Hcamera2end": {"type": "ndarray", "data": [[0.9999982391680474, 0.001471277041759295, -0.0011649054343487776, -0.014528414362460343], [0.0011616341022425952, 0.0022223652052757448, 0.9999968558446107, 0.022618850332098737], [0.0014738612611403885, -0.999996448212073, 0.0022206522064786016, 0.03265808909233982], [0.0, 0.0, 0.0, 1.0]]}, "Hobj2base": {"type": "ndarray", "data": [[0.9999986151703495, 0.0016158484275310722, -0.00039836069394655305, -0.7349389480611712], [0.0016161496520578455, -0.9999984075031991, 0.000757001563782016, 0.09009778823351954], [-0.00039713685977194664, -0.0007576443259607201, -0.9999996341286279, 0.0020630048640598903], [0.0, 0.0, 0.0, 1.0]]}, "mean_rme": {"type": "float", "data": 0.001491473655092702}, "max_rme": {"type": "float", "data": 0.004960771000860897}, "simu": {"type": "float", "data": 0.002}}, {"type": "dict", "image_number": {"type": "int", "data": 29}, "Hcamera2end": {"type": "ndarray", "data": [[0.9999979997204961, 0.0015963114728827605, -0.0012051326434543241, -0.014579330302069348], [0.001201646962504439, 0.0021827467240909115, 0.9999968958258403, 0.022781968776991117], [0.0015989370169835306, -0.999996343696526, 0.002180824155154748, 0.03250038738846138], [0.0, 0.0, 0.0, 1.0]]}, "Hobj2base": {"type": "ndarray", "data": [[0.9999983702322541, 0.0017627711835263547, -0.0003900904895719193, -0.7347637483065834], [0.0017630663727429845, -0.9999981587616709, 0.0007576742260860013, 0.09011509632620475], [-0.0003887541650301131, -0.0007583607466774768, -0.9999996368795223, 0.0019451742314807443], [0.0, 0.0, 0.0, 1.0]]}, "mean_rme": {"type": "float", "data": 0.0015034117320161875}, "max_rme": {"type": "float", "data": 0.005040892130937502}, "simu": {"type": "float", "data": 0.002}}, {"type": "dict", "image_number": {"type": "int", "data": 30}, "Hcamera2end": {"type": "ndarray", "data": [[0.9999981209117409, 0.001477595204531549, -0.0012549443807382246, -0.014663507040967754], [0.0012517946872820653, 0.002130633585111452, 0.9999969467006322, 0.022749008895062692], [0.0014802645196360929, -0.9999966385508192, 0.0021287799356358716, 0.03251989294958236], [0.0, 0.0, 0.0, 1.0]]}, "Hobj2base": {"type": "ndarray", "data": [[0.9999985347295194, 0.0016844714115475225, -0.000305114532537325, -0.7346771222197127], [0.0016847096944934636, -0.9999982748032679, 0.0007823961485758598, 0.09006968138621585], [-0.0003037960822099496, -0.0007829090315647756, -0.9999996473806323, 0.001933442235584774], [0.0, 0.0, 0.0, 1.0]]}, "mean_rme": {"type": "float", "data": 0.0014944037749297376}, "max_rme": {"type": "float", "data": 0.0050170668585185485}, "simu": {"type": "float", "data": 0.002}}]}