{"type": "list", "data": [{"type": "dict", "image_number": {"type": "int", "data": 5}, "Hcamera2end": {"type": "ndarray", "data": [[0.9999916475018343, 0.0010236892069018007, -0.0039568910744149696, -0.01661344694413556], [0.003956818874981453, 7.254433920855785e-05, 0.9999921691301934, 0.03342861303520383], [0.0010239682405732125, -0.9999994733987245, 6.849318050616837e-05, 0.03266687261719474], [0.0, 0.0, 0.0, 1.0]]}, "Hobj2base": {"type": "ndarray", "data": [[0.9999980844625019, 0.0012949556549105253, 0.0014677060940968022, -0.7340077393922514], [0.0012993337523889857, -0.999994697948988, -0.0029859346462497867, 0.08450076587180419], [0.0014638316592888668, 0.0029878359666466524, -0.9999944650012365, 0.0006220693364488383], [0.0, 0.0, 0.0, 1.0]]}, "mean_rme": {"type": "float", "data": 0.0013718714252626337}, "max_rme": {"type": "float", "data": 0.0029902523038027318}, "simu": {"type": "float", "data": 0.002}}, {"type": "dict", "image_number": {"type": "int", "data": 6}, "Hcamera2end": {"type": "ndarray", "data": [[0.9999955470012023, 0.0011504828542555278, -0.0027536098068421345, -0.015922269354848615], [0.0027526508795878576, 0.0008342535315831734, 0.9999958634585348, 0.03385726411059248], [0.0011527753039414562, -0.9999989902046139, 0.0008310829390124619, 0.030584343459567804], [0.0, 0.0, 0.0, 1.0]]}, "Hobj2base": {"type": "ndarray", "data": [[0.999999401731816, 0.0010186754276046133, 0.00039854282478427863, -0.7326142680632506], [0.001019457167510189, -0.9999975473122802, -0.0019662340927178103, 0.0861549234770607], [0.00039653889292801646, 0.001966639213721797, -0.9999979875415297, 9.53238287580797e-05], [0.0, 0.0, 0.0, 1.0]]}, "mean_rme": {"type": "float", "data": 0.0013278653382971823}, "max_rme": {"type": "float", "data": 0.003267511835889636}, "simu": {"type": "float", "data": 0.002}}, {"type": "dict", "image_number": {"type": "int", "data": 7}, "Hcamera2end": {"type": "ndarray", "data": [[0.9999942581006336, 0.0010199027644957187, -0.0032316503700710155, -0.013769340148940112], [0.003230803602438768, 0.0008308018521760996, 0.9999944358227022, 0.03427800045863735], [0.0010225819506889508, -0.9999991347829422, 0.0008275019762697955, 0.03263570248177404], [0.0, 0.0, 0.0, 1.0]]}, "Hobj2base": {"type": "ndarray", "data": [[0.9999995013002091, 0.000939114895863874, 0.0003397978008124043, -0.7341174189201596], [0.0009399615230144345, -0.9999964331298132, -0.0025000399968400466, 0.08834463060883009], [0.0003374487639964712, 0.0025003581469289914, -0.9999968171636691, -0.0011320984104960438], [0.0, 0.0, 0.0, 1.0]]}, "mean_rme": {"type": "float", "data": 0.0013853220477481726}, "max_rme": {"type": "float", "data": 0.0036327092709580733}, "simu": {"type": "float", "data": 0.002}}, {"type": "dict", "image_number": {"type": "int", "data": 8}, "Hcamera2end": {"type": "ndarray", "data": [[0.9999986378429664, 0.0005887851822524555, -0.0015419611606547119, -0.014527743998564453], [0.0015409225608299308, 0.0017603686198159885, 0.9999972633262472, 0.034613698575025706], [0.0005914979909796926, -0.9999982772156816, 0.001759458949546655, 0.032783494124017584], [0.0, 0.0, 0.0, 1.0]]}, "Hobj2base": {"type": "ndarray", "data": [[0.9999998536566205, 0.00013582305300044288, -0.0005236781797917724, -0.7347253039240789], [0.00013532008914036287, -0.9999995296980784, -0.0009603603985110753, 0.08869996593873378], [-0.0005238083725862247, 0.0009602893937907187, -0.9999994017343552, -0.0007491948359188566], [0.0, 0.0, 0.0, 1.0]]}, "mean_rme": {"type": "float", "data": 0.0013860090745806482}, "max_rme": {"type": "float", "data": 0.003376101286619637}, "simu": {"type": "float", "data": 0.002}}, {"type": "dict", "image_number": {"type": "int", "data": 9}, "Hcamera2end": {"type": "ndarray", "data": [[0.9999972049051855, 0.0008103067241161838, -0.00222116744735402, -0.014636611409737689], [0.0022199903597649555, 0.0014506632263885377, 0.9999964836033207, 0.03466097785965588], [0.000813526040691838, -0.9999986194886555, 0.001448860298531307, 0.033290004601467374], [0.0, 0.0, 0.0, 1.0]]}, "Hobj2base": {"type": "ndarray", "data": [[0.9999997630496248, 0.0003981941058074678, -0.0005615533352251185, -0.7352366510800601], [0.00039723382277970465, -0.999998460549433, -0.0017091237681628457, 0.08827534179444195], [-0.0005622330337520958, 0.0017089002952072815, -0.9999983817755893, -0.0006635719712082791], [0.0, 0.0, 0.0, 1.0]]}, "mean_rme": {"type": "float", "data": 0.0013408816368612735}, "max_rme": {"type": "float", "data": 0.003175166589826528}, "simu": {"type": "float", "data": 0.002}}, {"type": "dict", "image_number": {"type": "int", "data": 10}, "Hcamera2end": {"type": "ndarray", "data": [[0.9999973837206286, 0.000740601068172731, -0.002164269381506418, -0.014633397850460212], [0.002163243700015372, 0.0013829409382639657, 0.9999967039200957, 0.03464384416604175], [0.0007435916838215492, -0.9999987694914523, 0.0013813352195091166, 0.033289925694823475], [0.0, 0.0, 0.0, 1.0]]}, "Hobj2base": {"type": "ndarray", "data": [[0.9999997682997145, 0.0003312126603416873, -0.0005947257274352449, -0.7352618485522102], [0.0003301906924738712, -0.9999984703046945, -0.0017176618927308008, 0.08831979063066801], [-0.0005952937290511505, 0.0017174651218482763, -0.9999983479681012, -0.00060236616768371], [0.0, 0.0, 0.0, 1.0]]}, "mean_rme": {"type": "float", "data": 0.0012433912115901288}, "max_rme": {"type": "float", "data": 0.003202175304448329}, "simu": {"type": "float", "data": 0.002}}, {"type": "dict", "image_number": {"type": "int", "data": 11}, "Hcamera2end": {"type": "ndarray", "data": [[0.9999977773605292, 0.0009110127062865377, -0.0019014020749236675, -0.01509442179824749], [0.0019003052945416447, 0.0012032702144737506, 0.9999974704870901, 0.0346340221070807], [0.0009132983023506304, -0.9999988610976714, 0.0012015363377687605, 0.03352955635535275], [0.0, 0.0, 0.0, 1.0]]}, "Hobj2base": {"type": "ndarray", "data": [[0.9999996305735773, 0.0005032328075641944, -0.0006968568363334984, -0.7352412966225926], [0.0005022631078433363, -0.9999989064106534, -0.0013910101609737702, 0.08800992375735171], [-0.0006975560762069431, 0.0013906596416175237, -0.9999987897399085, -0.0003620629168321419], [0.0, 0.0, 0.0, 1.0]]}, "mean_rme": {"type": "float", "data": 0.001229177026194104}, "max_rme": {"type": "float", "data": 0.003180485050619297}, "simu": {"type": "float", "data": 0.002}}, {"type": "dict", "image_number": {"type": "int", "data": 12}, "Hcamera2end": {"type": "ndarray", "data": [[0.9999970070109313, 0.0012842168099753877, -0.002082488022634557, -0.014491464079978582], [0.0020805618678410138, 0.0014993836864918286, 0.9999967115500303, 0.03440200969062353], [0.0012873350354611107, -0.9999980513159741, 0.0014967073063280045, 0.033150575245833355], [0.0, 0.0, 0.0, 1.0]]}, "Hobj2base": {"type": "ndarray", "data": [[0.9999990138115005, 0.0007067687992720377, -0.0012136119193551528, -0.7348475723013448], [0.000705095438420667, -0.9999988010103222, -0.001378701686431625, 0.08827208117059106], [-0.0012145848875824625, 0.0013778446145435272, -0.9999983131624617, -0.0002592148057987964], [0.0, 0.0, 0.0, 1.0]]}, "mean_rme": {"type": "float", "data": 0.0012576579234127741}, "max_rme": {"type": "float", "data": 0.0033508319373118933}, "simu": {"type": "float", "data": 0.002}}, {"type": "dict", "image_number": {"type": "int", "data": 13}, "Hcamera2end": {"type": "ndarray", "data": [[0.999998328380411, 0.0011504423764043042, -0.001421168083750375, -0.014574090000270214], [0.0014195519434146149, 0.0014043987677213599, 0.9999980062662029, 0.034580574023403254], [0.001152435969434001, -0.9999983520718619, 0.0014027633073896428, 0.03316066072656798], [0.0, 0.0, 0.0, 1.0]]}, "Hobj2base": {"type": "ndarray", "data": [[0.9999990153748315, 0.0005691686487315604, -0.0012826910839080553, -0.7348879461405585], [0.0005682673605339374, -0.9999995914954276, -0.0007029090879979304, 0.08860096959585831], [-0.001283090633738679, 0.0007021794844193183, -0.9999989303106269, -0.0003366127153999156], [0.0, 0.0, 0.0, 1.0]]}, "mean_rme": {"type": "float", "data": 0.0012427962419642774}, "max_rme": {"type": "float", "data": 0.0033547557341534473}, "simu": {"type": "float", "data": 0.002}}, {"type": "dict", "image_number": {"type": "int", "data": 14}, "Hcamera2end": {"type": "ndarray", "data": [[0.999998244775394, 0.0012324978824262297, -0.0014111679918016522, -0.014864341479110494], [0.0014089273739203833, 0.001816928823054953, 0.9999973568431603, 0.034512951414695694], [0.0012350586165394985, -0.9999975898564063, 0.0018151891339319715, 0.0332403049747139], [0.0, 0.0, 0.0, 1.0]]}, "Hobj2base": {"type": "ndarray", "data": [[0.9999984574965852, 0.0004979278624733227, -0.0016843610936866733, -0.7353034623943836], [0.0004970186003604695, -0.999999730577317, -0.0005402016325901743, 0.08845163294681557], [-0.0016846296213258087, 0.0005393636405340256, -0.9999984355537272, -0.00023586138821582052], [0.0, 0.0, 0.0, 1.0]]}, "mean_rme": {"type": "float", "data": 0.0012636853716667643}, "max_rme": {"type": "float", "data": 0.003196099144565312}, "simu": {"type": "float", "data": 0.002}}, {"type": "dict", "image_number": {"type": "int", "data": 15}, "Hcamera2end": {"type": "ndarray", "data": [[0.9999988308419034, 0.0009995871601025618, -0.0011572123121770452, -0.014739142165611892], [0.0011555452601586791, 0.0016667111866690565, 0.9999979433923708, 0.034444659615166094], [0.0010015138430500392, -0.9999981114478812, 0.0016655541698151755, 0.03319323560288701], [0.0, 0.0, 0.0, 1.0]]}, "Hobj2base": {"type": "ndarray", "data": [[0.9999986861180565, 0.00044925241973208657, -0.0015575411468159621, -0.7353074333929506], [0.0004483406063042689, -0.9999997279623767, -0.0005857182538960722, 0.08852422835360846], [-0.0015578038584490145, 0.0005850191753893272, -0.9999986154988929, -0.0003642954150445169], [0.0, 0.0, 0.0, 1.0]]}, "mean_rme": {"type": "float", "data": 0.0012907361153279768}, "max_rme": {"type": "float", "data": 0.0034287082374301336}, "simu": {"type": "float", "data": 0.002}}, {"type": "dict", "image_number": {"type": "int", "data": 16}, "Hcamera2end": {"type": "ndarray", "data": [[0.9999995929237757, -0.00013564946404566084, -0.0008920490490014653, -0.01450330733706278], [0.0008922628990790527, 0.0015846876250101838, 0.9999983463146579, 0.034503949893923275], [-0.0001342356206352756, -0.9999987351813774, 0.0015848080149055699, 0.03311624491282669], [0.0, 0.0, 0.0, 1.0]]}, "Hobj2base": {"type": "ndarray", "data": [[0.9999993275631035, -0.00045509525616316184, -0.0010666591061193437, -0.7352523224494839], [-0.00045541684647172197, -0.9999998509160639, -0.0003012695574601816, 0.08898697328282235], [-0.001066521840751179, 0.00030175512940178455, -0.999999385737314, -0.0007782334424043663], [0.0, 0.0, 0.0, 1.0]]}, "mean_rme": {"type": "float", "data": 0.0013484586844512948}, "max_rme": {"type": "float", "data": 0.003639084686535815}, "simu": {"type": "float", "data": 0.002}}, {"type": "dict", "image_number": {"type": "int", "data": 17}, "Hcamera2end": {"type": "ndarray", "data": [[0.9999995072071589, -0.0005660985743763573, -0.0008155475728047117, -0.014328905315576065], [0.0008163891089820779, 0.0014879182777930433, 0.9999985598029735, 0.0349455196219331], [-0.0005648842909428879, -0.9999987328149984, 0.0014883797012683608, 0.03306396923536909], [0.0, 0.0, 0.0, 1.0]]}, "Hobj2base": {"type": "ndarray", "data": [[0.9999993312083577, -0.000776345525956219, -0.0008572458583745219, -0.7352432308735717], [-0.0007764944331040749, -0.9999996834969731, -0.00017338497366367056, 0.08904737360441889], [-0.000857110980405041, 0.00017405050434207863, -0.9999996175335215, -0.0013357276413579527], [0.0, 0.0, 0.0, 1.0]]}, "mean_rme": {"type": "float", "data": 0.0013257331710807355}, "max_rme": {"type": "float", "data": 0.0036985361061282473}, "simu": {"type": "float", "data": 0.002}}, {"type": "dict", "image_number": {"type": "int", "data": 18}, "Hcamera2end": {"type": "ndarray", "data": [[0.999999601200642, -0.00047235039204532027, -0.0007579470061438155, -0.014273577290979991], [0.0007587250899110326, 0.0016492633390161604, 0.9999983521319808, 0.035109277539595925], [-0.000471099559464065, -0.9999985284066903, 0.0016496210653846877, 0.03290061568034653], [0.0, 0.0, 0.0, 1.0]]}, "Hobj2base": {"type": "ndarray", "data": [[0.9999992665649615, -0.0007302423619945665, -0.0009662378753943992, -0.7352066067023357], [-0.0007304422203392792, -0.9999997119048734, -0.0002065050409856387, 0.08915537461393958], [-0.0009660867982970836, 0.00020721067046668504, -0.9999995118698985, -0.0014144489604488903], [0.0, 0.0, 0.0, 1.0]]}, "mean_rme": {"type": "float", "data": 0.001297393261598177}, "max_rme": {"type": "float", "data": 0.0036058636910637765}, "simu": {"type": "float", "data": 0.002}}, {"type": "dict", "image_number": {"type": "int", "data": 19}, "Hcamera2end": {"type": "ndarray", "data": [[0.9999996099497527, -0.00037196720237104284, -0.0008010872254578243, -0.014251909489274055], [0.0008016873627680083, 0.001616078361094675, 0.9999983727927277, 0.034941716524774256], [-0.0003706719773728943, -0.9999986249646202, 0.0016163759321483617, 0.03341099142155313], [0.0, 0.0, 0.0, 1.0]]}, "Hobj2base": {"type": "ndarray", "data": [[0.999999334955119, -0.0006496300304497364, -0.0009529271448559221, -0.7356918557149504], [-0.0006498626123440171, -0.999999759124508, -0.00024378168644290327, 0.08904004146373619], [-0.0009527685474147404, 0.0002444007960408702, -0.9999995162500557, -0.0012355365637851084], [0.0, 0.0, 0.0, 1.0]]}, "mean_rme": {"type": "float", "data": 0.0013280299611718369}, "max_rme": {"type": "float", "data": 0.0035484573621425153}, "simu": {"type": "float", "data": 0.002}}, {"type": "dict", "image_number": {"type": "int", "data": 20}, "Hcamera2end": {"type": "ndarray", "data": [[0.9999996018678483, -0.0003087520229993856, -0.0008372194056825004, -0.014231990325106983], [0.0008376738276682947, 0.001474621884486771, 0.999998561895394, 0.034825414298541656], [-0.0003075169969239429, -0.999998865080599, 0.0014748799308812455, 0.03328821894567326], [0.0, 0.0, 0.0, 1.0]]}, "Hobj2base": {"type": "ndarray", "data": [[0.9999994856537737, -0.0005770952008438692, -0.0008340583415514108, -0.7354997221576751], [-0.0005774049291284024, -0.9999997644226943, -0.0003711577878875661, 0.08889849764146325], [-0.0008338439516880482, 0.000371639186381551, -0.9999995832942028, -0.001181864582903963], [0.0, 0.0, 0.0, 1.0]]}, "mean_rme": {"type": "float", "data": 0.0013353366562826442}, "max_rme": {"type": "float", "data": 0.00379864611908981}, "simu": {"type": "float", "data": 0.002}}, {"type": "dict", "image_number": {"type": "int", "data": 21}, "Hcamera2end": {"type": "ndarray", "data": [[0.9999996842834089, -0.00032168201842260914, -0.0007266042675172402, -0.01412283130680653], [0.0007270252778397758, 0.0013106012434355163, 0.9999988768786825, 0.034842205820267605], [-0.00032072936867818305, -0.9999990894221154, 0.0013108347006157706, 0.03309326844132227], [0.0, 0.0, 0.0, 1.0]]}, "Hobj2base": {"type": "ndarray", "data": [[0.9999996411746163, -0.0005200907553357779, -0.0006686974240187385, -0.7351773633464452], [-0.0005203125499307215, -0.9999998096745826, -0.0003315503725902103, 0.088977927466919], [-0.0006685248604649096, 0.00033189818528334396, -0.9999997214590144, -0.001167589341243024], [0.0, 0.0, 0.0, 1.0]]}, "mean_rme": {"type": "float", "data": 0.0013398087830322639}, "max_rme": {"type": "float", "data": 0.003975682510934969}, "simu": {"type": "float", "data": 0.002}}, {"type": "dict", "image_number": {"type": "int", "data": 22}, "Hcamera2end": {"type": "ndarray", "data": [[0.9999996335064312, -0.0003257567729481239, -0.0007917509255716195, -0.013941819866703738], [0.0007921922421641207, 0.001356851369584744, 0.9999987656921446, 0.03478388351729709], [-0.000324682082536248, -0.9999990264179691, 0.0013571089342958587, 0.03302343276357964], [0.0, 0.0, 0.0, 1.0]]}, "Hobj2base": {"type": "ndarray", "data": [[0.9999996468006007, -0.0005218359053728456, -0.0006588520028242507, -0.7352848738373581], [-0.000522104636411901, -0.9999997805645076, -0.0004077716090694724, 0.0890569872951482], [-0.0006586390683819331, 0.0004081154547301689, -0.9999996998181315, -0.0012767387733462476], [0.0, 0.0, 0.0, 1.0]]}, "mean_rme": {"type": "float", "data": 0.001384896725919443}, "max_rme": {"type": "float", "data": 0.004046774164257749}, "simu": {"type": "float", "data": 0.002}}, {"type": "dict", "image_number": {"type": "int", "data": 23}, "Hcamera2end": {"type": "ndarray", "data": [[0.9999997312037398, -2.169368509057979e-05, -0.000732885961312794, -0.014031693524402998], [0.000732916018701913, 0.0014195684966393785, 0.9999987238288821, 0.03490096255781485], [-2.065327558341658e-05, -0.9999989921768258, 0.0014195840147139815, 0.032925228274472876], [0.0, 0.0, 0.0, 1.0]]}, "Hobj2base": {"type": "ndarray", "data": [[0.9999996555051143, -0.00025296405502434565, -0.000790568681122768, -0.7354209269576587], [-0.0002532970294072677, -0.9999998792527967, -0.0004211116327302471, 0.08897423269361164], [-0.0007904620595575772, 0.0004213117363579141, -0.9999995988329962, -0.0013774257648776441], [0.0, 0.0, 0.0, 1.0]]}, "mean_rme": {"type": "float", "data": 0.0014046568813094367}, "max_rme": {"type": "float", "data": 0.003988137613976289}, "simu": {"type": "float", "data": 0.002}}, {"type": "dict", "image_number": {"type": "int", "data": 24}, "Hcamera2end": {"type": "ndarray", "data": [[0.9999995941554758, -8.412566461427328e-05, -0.0008970015363497501, -0.01371922527862499], [0.000897115913738132, 0.0013695644135335305, 0.9999986597372792, 0.034927452294656845], [-8.289705048071153e-05, -0.9999990586076519, 0.001369639328175798, 0.03302207404254443], [0.0, 0.0, 0.0, 1.0]]}, "Hobj2base": {"type": "ndarray", "data": [[0.999999725737581, -0.0002847528606948148, -0.0006836962565367995, -0.7355585381704577], [-0.0002851187336340099, -0.9999998161866797, -0.0005351017790610856, 0.08918453816154602], [-0.0006835437591019703, 0.0005352965669136314, -0.999999623112686, -0.0014495961590032757], [0.0, 0.0, 0.0, 1.0]]}, "mean_rme": {"type": "float", "data": 0.0014101690359018652}, "max_rme": {"type": "float", "data": 0.003884946600887118}, "simu": {"type": "float", "data": 0.002}}, {"type": "dict", "image_number": {"type": "int", "data": 25}, "Hcamera2end": {"type": "ndarray", "data": [[0.9999996605120057, -0.0004683475965513486, -0.0006779575223557595, -0.013731884483262296], [0.0006785992477752676, 0.001371393108244301, 0.9999988293913166, 0.03432793498746459], [-0.0004674173020257443, -0.9999989499651843, 0.0013717104629995536, 0.03299869127172021], [0.0, 0.0, 0.0, 1.0]]}, "Hobj2base": {"type": "ndarray", "data": [[0.999999656004462, -0.0006345863885830963, -0.0005341264580030029, -0.735605673137687], [-0.0006348888544116931, -0.9999996381088161, -0.0005663023734376166, 0.08958367448831696], [-0.0005337668969293411, 0.0005666412895671594, -0.9999996970052278, -0.0010542277561648118], [0.0, 0.0, 0.0, 1.0]]}, "mean_rme": {"type": "float", "data": 0.001441208181916263}, "max_rme": {"type": "float", "data": 0.004019631612798419}, "simu": {"type": "float", "data": 0.002}}, {"type": "dict", "image_number": {"type": "int", "data": 26}, "Hcamera2end": {"type": "ndarray", "data": [[0.9999998400259597, -0.00024261890478074447, -0.0005109639146954692, -0.013906751370435011], [0.0005112883360603759, 0.001338990513106264, 0.9999989728437942, 0.03430456578555946], [-0.00024193447973891381, -0.999999074119808, 0.0013391143471187528, 0.0328686023216667], [0.0, 0.0, 0.0, 1.0]]}, "Hobj2base": {"type": "ndarray", "data": [[0.9999997852599363, -0.00039059028726393276, -0.0005262312314234636, -0.7355302280830753], [-0.0003908204595758391, -0.9999998279852222, -0.00043736585868299623, 0.08941754890070655], [-0.0005260603100475329, 0.00043757142669473195, -0.999999765895871, -0.0009767671932588622], [0.0, 0.0, 0.0, 1.0]]}, "mean_rme": {"type": "float", "data": 0.001417577586125628}, "max_rme": {"type": "float", "data": 0.004165918138178515}, "simu": {"type": "float", "data": 0.002}}, {"type": "dict", "image_number": {"type": "int", "data": 27}, "Hcamera2end": {"type": "ndarray", "data": [[0.9999998570664447, -0.0003072301199640255, -0.0004375805566907676, -0.013768719108548384], [0.00043798962953814607, 0.001332684431555986, 0.9999990160581611, 0.03364855789494792], [-0.0003066466608720029, -0.9999990647804924, 0.0013328188046771716, 0.03280647374583479], [0.0, 0.0, 0.0, 1.0]]}, "Hobj2base": {"type": "ndarray", "data": [[0.9999997472870895, -0.00045159811937489554, -0.0005490764023202628, -0.735598559011501], [-0.00045179496912660415, -0.9999998337011975, -0.0003584395116634323, 0.0898809783079531], [-0.0005489144404001376, 0.00035868749103737445, -0.9999997850180875, -0.0005081597047598943], [0.0, 0.0, 0.0, 1.0]]}, "mean_rme": {"type": "float", "data": 0.001476676088905705}, "max_rme": {"type": "float", "data": 0.004219057248431801}, "simu": {"type": "float", "data": 0.002}}, {"type": "dict", "image_number": {"type": "int", "data": 28}, "Hcamera2end": {"type": "ndarray", "data": [[0.9999998751125301, -0.0002562254549999478, -0.00042909607360815463, -0.013735085057080158], [0.00042943734410417534, 0.0013333486266983163, 0.9999990188820224, 0.03355433633975588], [-0.0002556530689520804, -0.9999990782645533, 0.001333458492958628, 0.0327592763643978], [0.0, 0.0, 0.0, 1.0]]}, "Hobj2base": {"type": "ndarray", "data": [[0.9999997855635059, -0.00039559678644739447, -0.0005218966610464061, -0.7354979151547374], [-0.0003957769341064356, -0.9999998621261565, -0.00034512068368323197, 0.08984232402088563], [-0.000521760060457106, 0.00034532716433719184, -0.9999998042577751, -0.0005170589021639535], [0.0, 0.0, 0.0, 1.0]]}, "mean_rme": {"type": "float", "data": 0.001504447300869935}, "max_rme": {"type": "float", "data": 0.004340781867473886}, "simu": {"type": "float", "data": 0.002}}, {"type": "dict", "image_number": {"type": "int", "data": 29}, "Hcamera2end": {"type": "ndarray", "data": [[0.9999999086589646, -0.00022700077812051246, -0.0003621501197252026, -0.013725928245284302], [0.0003624457593047667, 0.0013036872318831216, 0.9999990845159173, 0.033637977607377856], [-0.00022652843981780266, -0.9999991244347407, 0.0013037693882723689, 0.03270549458724649], [0.0, 0.0, 0.0, 1.0]]}, "Hobj2base": {"type": "ndarray", "data": [[0.9999997941796936, -0.0003695106704049152, -0.0005245020828153269, -0.7354522447726962], [-0.00036966101660714364, -0.9999998906120056, -0.0002865775817498368, 0.08992842217028658], [-0.0005243961319667404, 0.0002867714107394973, -0.9999998213854118, -0.0005356486344348319], [0.0, 0.0, 0.0, 1.0]]}, "mean_rme": {"type": "float", "data": 0.0014987291320377395}, "max_rme": {"type": "float", "data": 0.004280968008371466}, "simu": {"type": "float", "data": 0.002}}, {"type": "dict", "image_number": {"type": "int", "data": 30}, "Hcamera2end": {"type": "ndarray", "data": [[0.999999816219801, -0.0005548341989512302, -0.00024437548124706137, -0.01388252044600366], [0.00024509599697105137, 0.0012989180829782176, 0.9999991263695012, 0.033608732478242705], [-0.0005545162904995241, -0.999999002484915, 0.0012990538319039846, 0.032834990040193295], [0.0, 0.0, 0.0, 1.0]]}, "Hobj2base": {"type": "ndarray", "data": [[0.9999996712357452, -0.0006771362326521927, -0.00044611088743786207, -0.7353919897223201], [-0.0006772205020881858, -0.999999752868356, -0.000188773989295739, 0.08990757833887623], [-0.00044598295148181054, 0.00018907604267277673, -0.9999998826747218, -0.0004194228076065343], [0.0, 0.0, 0.0, 1.0]]}, "mean_rme": {"type": "float", "data": 0.001528341283538457}, "max_rme": {"type": "float", "data": 0.0043044989005607825}, "simu": {"type": "float", "data": 0.002}}]}