{"type": "list", "data": [{"type": "dict", "image_number": {"type": "int", "data": 5}, "Hcamera2end": {"type": "ndarray", "data": [[0.9999422351894824, -0.0030750847413280715, -0.010299035784740772, -0.01557540604542293], [0.010299292403331425, 6.762650983793694e-05, 0.9999469585946277, 0.03096576452214155], [-0.003074225146666932, -0.9999952696290564, 9.929380032136503e-05, 0.03191618914043244], [0.0, 0.0, 0.0, 1.0]]}, "Hobj2base": {"type": "ndarray", "data": [[0.9999971825087619, -0.0023033949196238843, 0.0005738870814783727, -0.7347300472781836], [-0.002300839023025268, -0.999987605962281, -0.0044152079924160885, 0.08629536870544371], [0.0005840499363590524, 0.00441387513081438, -0.9999900882468793, 0.007315243759148648], [0.0, 0.0, 0.0, 1.0]]}, "mean_rme": {"type": "float", "data": 0.0019129289462033136}, "max_rme": {"type": "float", "data": 0.005404729235231942}, "simu": {"type": "float", "data": 0.002}}, {"type": "dict", "image_number": {"type": "int", "data": 6}, "Hcamera2end": {"type": "ndarray", "data": [[0.9999622858983136, -0.0037230871704342365, -0.00784636240181677, -0.0161065257130405], [0.007860428315446037, 0.003778553045760691, 0.9999619673785488, 0.03125258074883961], [-0.003693297675117728, -0.9999859304804252, 0.003807675600842275, 0.02813578908069144], [0.0, 0.0, 0.0, 1.0]]}, "Hobj2base": {"type": "ndarray", "data": [[0.9999835647605507, -0.004922712546713941, -0.002938896045097448, -0.7330590062865402], [-0.004931052443728545, -0.9999838171059208, -0.0028372959079618993, 0.08802049191956074], [-0.002924881293089177, 0.002851741126849306, -0.9999916562861746, 0.007625584246103693], [0.0, 0.0, 0.0, 1.0]]}, "mean_rme": {"type": "float", "data": 0.0018705326804825469}, "max_rme": {"type": "float", "data": 0.006194746976546428}, "simu": {"type": "float", "data": 0.002}}, {"type": "dict", "image_number": {"type": "int", "data": 7}, "Hcamera2end": {"type": "ndarray", "data": [[0.9999809921902403, -0.003446920635289153, -0.005112142051684579, -0.011561523509650201], [0.0051301285929462705, 0.0052296558269562254, 0.9999731658802408, 0.03217504427816577], [-0.0034200933967392035, -0.9999803845266494, 0.005247239568761941, 0.026934840156613602], [0.0, 0.0, 0.0, 1.0]]}, "Hobj2base": {"type": "ndarray", "data": [[0.9999756696562025, -0.005624432850802622, -0.004126239297010364, -0.7327495654397104], [-0.005625460471681463, -0.9999841487728696, -0.00023748153793537628, 0.09387673034461032], [-0.00412483819209065, 0.0002606877559899433, -0.9999914588394156, 0.005554313694005069], [0.0, 0.0, 0.0, 1.0]]}, "mean_rme": {"type": "float", "data": 0.002265359843460496}, "max_rme": {"type": "float", "data": 0.005996154102652973}, "simu": {"type": "float", "data": 0.002}}, {"type": "dict", "image_number": {"type": "int", "data": 8}, "Hcamera2end": {"type": "ndarray", "data": [[0.9999834436763056, -0.0032282754607034507, -0.0047634662617317865, -0.011983903827143264], [0.004768747843376507, 0.0016303201387288802, 0.9999873004694865, 0.03217539852596325], [-0.003220468488144076, -0.9999934601255124, 0.0016456879782619227, 0.028689685010951017], [0.0, 0.0, 0.0, 1.0]]}, "Hobj2base": {"type": "ndarray", "data": [[0.9999918247749228, -0.003944628280977419, -0.000888983152298848, -0.7323936118237728], [-0.003945718582861012, -0.9999914615487617, -0.0012280612512115166, 0.09297092010109731], [-0.0008841313166172488, 0.0012315588888782553, -0.9999988507865989, 0.004570141617532553], [0.0, 0.0, 0.0, 1.0]]}, "mean_rme": {"type": "float", "data": 0.0021535028721410576}, "max_rme": {"type": "float", "data": 0.005095253330464927}, "simu": {"type": "float", "data": 0.002}}, {"type": "dict", "image_number": {"type": "int", "data": 9}, "Hcamera2end": {"type": "ndarray", "data": [[0.9999840739572259, -0.003281009791539273, -0.00459203731009128, -0.012021039768529238], [0.004594820790904062, 0.000841327383311663, 0.999989089835551, 0.03217677484495983], [-0.003277110588448719, -0.9999942635550376, 0.0008563896363010803, 0.029271844365393082], [0.0, 0.0, 0.0, 1.0]]}, "Hobj2base": {"type": "ndarray", "data": [[0.9999933118193546, -0.0036551929011010144, -0.000126021485578881, -0.7323669308551986], [-0.003655392345332953, -0.9999920060374885, -0.001620483853907464, 0.092965516852934], [-0.00012009729708869831, 0.0016209336737924487, -0.9999986790744595, 0.004288220591921725], [0.0, 0.0, 0.0, 1.0]]}, "mean_rme": {"type": "float", "data": 0.0019468079088242995}, "max_rme": {"type": "float", "data": 0.004963577763540811}, "simu": {"type": "float", "data": 0.002}}, {"type": "dict", "image_number": {"type": "int", "data": 10}, "Hcamera2end": {"type": "ndarray", "data": [[0.9999862890030476, -0.0029621543973587785, -0.004318269009614503, -0.012013118701735763], [0.004320764651701157, 0.0008366277177810355, 0.999990315476548, 0.032270729438331036], [-0.0029585129267587717, -0.9999952628364736, 0.0008494150187938754, 0.029164441504750224], [0.0, 0.0, 0.0, 1.0]]}, "Hobj2base": {"type": "ndarray", "data": [[0.9999940060469514, -0.0034590175709799933, -0.00015188025988196644, -0.7324710374899569], [-0.0034592665446467677, -0.9999926209033441, -0.0016708123274952454, 0.09292929523718672], [-0.00014609976994423262, 0.0016713277070264031, -0.9999985926582862, 0.004373211451514303], [0.0, 0.0, 0.0, 1.0]]}, "mean_rme": {"type": "float", "data": 0.0019010627440669578}, "max_rme": {"type": "float", "data": 0.004799384896226611}, "simu": {"type": "float", "data": 0.002}}, {"type": "dict", "image_number": {"type": "int", "data": 11}, "Hcamera2end": {"type": "ndarray", "data": [[0.999987932687656, -0.0029321511983533347, -0.0039416961346733495, -0.012432713954464346], [0.003944296324762869, 0.0008815323465903857, 0.9999918326802596, 0.03236891001716187], [-0.0029286525178938254, -0.9999953126840505, 0.0008930869820594767, 0.02903192152922859], [0.0, 0.0, 0.0, 1.0]]}, "Hobj2base": {"type": "ndarray", "data": [[0.9999934318593359, -0.0036060259996181982, -0.0003644374813166737, -0.732251352257105], [-0.003606531449341321, -0.9999925221361137, -0.0013959236218230179, 0.09291034138617155], [-0.0003594010192290185, 0.001397228808438001, -0.9999989592907401, 0.004507921456231992], [0.0, 0.0, 0.0, 1.0]]}, "mean_rme": {"type": "float", "data": 0.0018191351770403727}, "max_rme": {"type": "float", "data": 0.004952889275627287}, "simu": {"type": "float", "data": 0.002}}, {"type": "dict", "image_number": {"type": "int", "data": 12}, "Hcamera2end": {"type": "ndarray", "data": [[0.9999907207889353, -0.003208839476715141, -0.0028743147423940757, -0.012293321604450444], [0.0028777150203638923, 0.001055546031464738, 0.9999953022783844, 0.03249955056695314], [-0.0032057904309610546, -0.9999942945696182, 0.0010647703623903881, 0.02892360242077839], [0.0, 0.0, 0.0, 1.0]]}, "Hobj2base": {"type": "ndarray", "data": [[0.9999917351944304, -0.0040142090057975685, -0.0006447238866604071, -0.7324147266831659], [-0.004014466194373548, -0.9999918627495998, -0.00039811525920935314, 0.09360022364757847], [-0.0006431205225218389, 0.00040070019111184476, -0.9999997129176339, 0.0041197603547762545], [0.0, 0.0, 0.0, 1.0]]}, "mean_rme": {"type": "float", "data": 0.0017610448703230584}, "max_rme": {"type": "float", "data": 0.00481176081068993}, "simu": {"type": "float", "data": 0.002}}, {"type": "dict", "image_number": {"type": "int", "data": 13}, "Hcamera2end": {"type": "ndarray", "data": [[0.9999901320699098, -0.003284411560079106, -0.0029913882242538306, -0.012630775403081138], [0.002995341261179243, 0.0011993168014025057, 0.9999947947714222, 0.03269490634524633], [-0.0032808068418093274, -0.9999938871212731, 0.0012091429000927745, 0.028841658698189845], [0.0, 0.0, 0.0, 1.0]]}, "Hobj2base": {"type": "ndarray", "data": [[0.9999915375389957, -0.004033944669414534, -0.0008075523508262613, -0.7326906373143122], [-0.004034306789832291, -0.9999917621155205, -0.0004472916507298081, 0.0933461230405195], [-0.0008057413485331492, 0.0004505457794737397, -0.9999995738945986, 0.004412942235923803], [0.0, 0.0, 0.0, 1.0]]}, "mean_rme": {"type": "float", "data": 0.0018656301569291082}, "max_rme": {"type": "float", "data": 0.004893006688128199}, "simu": {"type": "float", "data": 0.002}}, {"type": "dict", "image_number": {"type": "int", "data": 14}, "Hcamera2end": {"type": "ndarray", "data": [[0.9999904482245761, -0.0033191746116829034, -0.0028436841436306984, -0.01320387431909302], [0.0028477774574119704, 0.0012291584594953386, 0.9999951896549476, 0.03277433564026284], [-0.0033156633068864554, -0.9999937361050711, 0.0012385989894861948, 0.02960329960343965], [0.0, 0.0, 0.0, 1.0]]}, "Hobj2base": {"type": "ndarray", "data": [[0.9999916131313944, -0.004018775872317221, -0.0007893714965839629, -0.73359969855189], [-0.004019010977833897, -0.9999918797925793, -0.00029647877375120474, 0.09308632218736723], [-0.0007881736049810732, 0.0002996487799330451, -0.9999996444964252, 0.004255696148511655], [0.0, 0.0, 0.0, 1.0]]}, "mean_rme": {"type": "float", "data": 0.0019544902207708093}, "max_rme": {"type": "float", "data": 0.005074917133412293}, "simu": {"type": "float", "data": 0.002}}, {"type": "dict", "image_number": {"type": "int", "data": 15}, "Hcamera2end": {"type": "ndarray", "data": [[0.9999919233331533, -0.0030416304421525993, -0.0026271187095752674, -0.013055037379852252], [0.0026307585375151526, 0.001193288171353224, 0.9999958275777242, 0.03365393107343978], [-0.0030384828415051103, -0.9999946622595511, 0.0012012803288159457, 0.029655662195901187], [0.0, 0.0, 0.0, 1.0]]}, "Hobj2base": {"type": "ndarray", "data": [[0.9999927146426805, -0.00371971203700073, -0.0008569737011212863, -0.7335680230516736], [-0.0037199861310737536, -0.9999930301164051, -0.00031846788808528534, 0.09253075554181128], [-0.0008557831192776363, 0.00032165349821579195, -0.9999995820870529, 0.0034104730123602823], [0.0, 0.0, 0.0, 1.0]]}, "mean_rme": {"type": "float", "data": 0.0019355696854697164}, "max_rme": {"type": "float", "data": 0.004886315739720981}, "simu": {"type": "float", "data": 0.002}}, {"type": "dict", "image_number": {"type": "int", "data": 16}, "Hcamera2end": {"type": "ndarray", "data": [[0.9999923203439668, -0.0029166593561637294, -0.0026176996178560873, -0.0129692470070379], [0.0026219497857016944, 0.0014543345181012857, 0.9999955051351138, 0.03353650295464297], [-0.0029128392352617337, -0.9999946889905517, 0.0014619706836862534, 0.02999007351209796], [0.0, 0.0, 0.0, 1.0]]}, "Hobj2base": {"type": "ndarray", "data": [[0.9999926096369195, -0.0036901383920665185, -0.0010786798370583071, -0.7339921986519168], [-0.0036906716872006228, -0.9999930680092819, -0.0004928243925082339, 0.09235740722512009], [-0.001076853769448347, 0.0004968018034912236, -0.9999992967867168, 0.0037083429788968628], [0.0, 0.0, 0.0, 1.0]]}, "mean_rme": {"type": "float", "data": 0.0019845634237899636}, "max_rme": {"type": "float", "data": 0.0051224998107276265}, "simu": {"type": "float", "data": 0.002}}, {"type": "dict", "image_number": {"type": "int", "data": 17}, "Hcamera2end": {"type": "ndarray", "data": [[0.9999937954566345, -0.0024985708685702334, -0.00248318179949277, -0.013413184223414459], [0.002486119062884761, 0.001173159035579685, 0.9999962214478024, 0.03375448467397609], [-0.0024956482604247257, -0.9999961904134895, 0.0011793635013298553, 0.030416643660720773], [0.0, 0.0, 0.0, 1.0]]}, "Hobj2base": {"type": "ndarray", "data": [[0.9999945115618069, -0.003184036484124778, -0.000915837284212728, -0.734427775806867], [-0.003184587874963207, -0.9999947484443894, -0.0006012351526418693, 0.09198467581101155], [-0.0009139181199807497, 0.0006041484171106376, -0.9999993998789998, 0.0034008903089907836], [0.0, 0.0, 0.0, 1.0]]}, "mean_rme": {"type": "float", "data": 0.002002677623449294}, "max_rme": {"type": "float", "data": 0.005236539296626069}, "simu": {"type": "float", "data": 0.002}}, {"type": "dict", "image_number": {"type": "int", "data": 18}, "Hcamera2end": {"type": "ndarray", "data": [[0.9999936180808544, -0.0024984264973072173, -0.0025537546083640485, -0.013221959723240988], [0.0025572553843806905, 0.0013990026005059608, 0.999995751609287, 0.03385671139000524], [-0.0024948431736771335, -0.999995900319977, 0.001405382786797249, 0.03021248862905872], [0.0, 0.0, 0.0, 1.0]]}, "Hobj2base": {"type": "ndarray", "data": [[0.9999939925692163, -0.003285538619635692, -0.0011045639216550713, -0.734438334376204], [-0.0032863822473281727, -0.9999943088825509, -0.0007628199221882002, 0.09201047402394381], [-0.0011020513611378865, 0.0007664453588634838, -0.9999990990217489, 0.0031157851381865675], [0.0, 0.0, 0.0, 1.0]]}, "mean_rme": {"type": "float", "data": 0.0019750134463136448}, "max_rme": {"type": "float", "data": 0.0052435837268016705}, "simu": {"type": "float", "data": 0.002}}, {"type": "dict", "image_number": {"type": "int", "data": 19}, "Hcamera2end": {"type": "ndarray", "data": [[0.9999947865863577, -0.0023532215304937223, -0.002211141907121354, -0.013364935853095561], [0.0022133409481705367, 0.000932287480561178, 0.9999971159767914, 0.03402834336309958], [-0.002351153323830461, -0.99999679658911, 0.0009374911017344667, 0.03062707086104913], [0.0, 0.0, 0.0, 1.0]]}, "Hobj2base": {"type": "ndarray", "data": [[0.9999954938779355, -0.00292699272996295, -0.0006670362678877619, -0.7345824902423637], [-0.0029274233142372545, -0.9999955067776012, -0.0006454590215547011, 0.09200369857874367], [-0.0006651440168818823, 0.0006474088105596187, -0.9999995692225419, 0.0029131088859553123], [0.0, 0.0, 0.0, 1.0]]}, "mean_rme": {"type": "float", "data": 0.0018876668338822617}, "max_rme": {"type": "float", "data": 0.005351876441396564}, "simu": {"type": "float", "data": 0.002}}, {"type": "dict", "image_number": {"type": "int", "data": 20}, "Hcamera2end": {"type": "ndarray", "data": [[0.9999974873255654, -0.001204355206761822, -0.0018907329509054555, -0.01313588585129117], [0.0018916372993353693, 0.0007502024427292753, 0.9999979294501679, 0.03404481999710062], [-0.0012029342806060325, -0.9999989933619088, 0.0007524787609455297, 0.03058351098828799], [0.0, 0.0, 0.0, 1.0]]}, "Hobj2base": {"type": "ndarray", "data": [[0.9999977514436527, -0.0017845277465556003, -0.0011456737582828073, -0.7346600837176717], [-0.0017851720060454762, -0.999998248901282, -0.0005615650263689004, 0.09191700626110497], [-0.001144669623723907, 0.0005636089883796434, -0.9999991860378494, 0.0027793095458944817], [0.0, 0.0, 0.0, 1.0]]}, "mean_rme": {"type": "float", "data": 0.0018715184016748364}, "max_rme": {"type": "float", "data": 0.005443823743791154}, "simu": {"type": "float", "data": 0.002}}, {"type": "dict", "image_number": {"type": "int", "data": 21}, "Hcamera2end": {"type": "ndarray", "data": [[0.9999975343365215, -0.0013181227203539966, -0.001787141116836667, -0.013119014308148528], [0.0017881510144864654, 0.0007653834507035384, 0.9999981083502721, 0.03408196834683923], [-0.0013167523786926133, -0.9999988383696589, 0.0007677385660050939, 0.030625605790772243], [0.0, 0.0, 0.0, 1.0]]}, "Hobj2base": {"type": "ndarray", "data": [[0.9999976590162372, -0.0018539787842972394, -0.0011156723143254195, -0.7346242382470003], [-0.001854669529769739, -0.9999980888809716, -0.0006184135668856898, 0.09194207444455864], [-0.0011145236565099023, 0.000620481322636158, -0.9999991864196427, 0.002807906586191207], [0.0, 0.0, 0.0, 1.0]]}, "mean_rme": {"type": "float", "data": 0.001845026049204423}, "max_rme": {"type": "float", "data": 0.005362935482523201}, "simu": {"type": "float", "data": 0.002}}, {"type": "dict", "image_number": {"type": "int", "data": 22}, "Hcamera2end": {"type": "ndarray", "data": [[-0.9996403714131603, -0.0022753655883241825, -0.026719853150783332, -24.715179092333187], [-0.02615922959712081, 0.30199908420540333, 0.9529492367623698, 1678.171471491478], [0.005901063280890543, 0.9533054997483952, -0.30194999851236637, -258.8120385288454], [0.0, 0.0, 0.0, 1.0]]}, "Hobj2base": {"type": "ndarray", "data": [[-0.9721814958809085, 0.100854403865456, 0.21140370925720048, 188.7429168413648], [-0.0972895430537746, 0.6471412425801457, -0.7561368639103723, -678.9092622011169], [-0.21306779174513263, -0.7556696377205905, -0.6193266623907652, -1452.0562618719648], [0.0, 0.0, 0.0, 1.0]]}, "mean_rme": {"type": "float", "data": 192.54216005715926}, "max_rme": {"type": "float", "data": 1298.231847694704}, "simu": {"type": "float", "data": 0.002}}, {"type": "dict", "image_number": {"type": "int", "data": 22}, "Hcamera2end": {"type": "ndarray", "data": [[0.9999974864709031, -0.001123659916190215, -0.0019402165519908834, -0.013214732719351047], [0.0019411550397653453, 0.0008347187549210267, 0.9999977675783643, 0.03402754232141564], [-0.0011220378725629514, -0.9999990203160168, 0.0008368978549403439, 0.030755721194955756], [0.0, 0.0, 0.0, 1.0]]}, "Hobj2base": {"type": "ndarray", "data": [[0.9999980109526329, -0.0016582437494353547, -0.0011082952880655506, -0.7346132390216723], [-0.0016591343192848469, -0.9999983011395868, -0.0008031134725445706, 0.09166662939144454], [-0.0011069616473306258, 0.0008049506858621637, -0.9999990633447131, 0.002931349075283514], [0.0, 0.0, 0.0, 1.0]]}, "mean_rme": {"type": "float", "data": 0.0018673006735155104}, "max_rme": {"type": "float", "data": 0.005383131915328354}, "simu": {"type": "float", "data": 0.002}}, {"type": "dict", "image_number": {"type": "int", "data": 23}, "Hcamera2end": {"type": "ndarray", "data": [[0.9999972218964663, -0.0010963813526489344, -0.00208665935862846, -0.013097366445262007], [0.0020874783245313274, 0.0007463591412001369, 0.9999975426881191, 0.033986463903197844], [-0.001094821261211128, -0.999999120447594, 0.0007486457400461832, 0.030857407795786964], [0.0, 0.0, 0.0, 1.0]]}, "Hobj2base": {"type": "ndarray", "data": [[0.9999982736336194, -0.0015799502750790267, -0.000978001487349567, -0.7346847566256048], [-0.0015808542664936915, -0.9999983233356449, -0.0009242433053608942, 0.09158782362267993], [-0.0009765395891047889, 0.0009257877876022381, -0.999999094643292, 0.002793343032962277], [0.0, 0.0, 0.0, 1.0]]}, "mean_rme": {"type": "float", "data": 0.001863354327423501}, "max_rme": {"type": "float", "data": 0.00547043813714021}, "simu": {"type": "float", "data": 0.002}}, {"type": "dict", "image_number": {"type": "int", "data": 24}, "Hcamera2end": {"type": "ndarray", "data": [[0.9999979222019985, -0.001036839085737994, -0.0017551513883549883, -0.013203852885799361], [0.0017557053714891758, 0.000533631662140932, 0.9999983163665316, 0.03398194149415905], [-0.0010359007357283309, -0.9999993201007487, 0.0005354509373143301, 0.03104859848167624], [0.0, 0.0, 0.0, 1.0]]}, "Hobj2base": {"type": "ndarray", "data": [[0.9999988346757035, -0.001373781208838477, -0.0006658621668386819, -0.734697930823323], [-0.0013742479939400677, -0.9999988099683008, -0.0007010737708915405, 0.09157938816634764], [-0.000664898252469136, 0.0007019880136602602, -0.9999995325614615, 0.002570876797112482], [0.0, 0.0, 0.0, 1.0]]}, "mean_rme": {"type": "float", "data": 0.0018684158122130449}, "max_rme": {"type": "float", "data": 0.005735457306506708}, "simu": {"type": "float", "data": 0.002}}, {"type": "dict", "image_number": {"type": "int", "data": 25}, "Hcamera2end": {"type": "ndarray", "data": [[0.9999980311026749, -0.0010508721134568284, -0.001683288024879027, -0.013289654849271198], [0.0016838285857274807, 0.0005137199570353079, 0.9999984504053493, 0.033978675925083295], [-0.0010500057463792038, -0.9999993158795696, 0.0005154884340780042, 0.03117452404762791], [0.0, 0.0, 0.0, 1.0]]}, "Hobj2base": {"type": "ndarray", "data": [[0.9999989085629903, -0.001356325062748186, -0.0005858798104198905, -0.7347721257695425], [-0.0013567069612112073, -0.9999988671643583, -0.0006519326821176598, 0.09152965186217536], [-0.0005849949140783786, 0.0006527268377914324, -0.9999996158642395, 0.002352237420092729], [0.0, 0.0, 0.0, 1.0]]}, "mean_rme": {"type": "float", "data": 0.001880918538612807}, "max_rme": {"type": "float", "data": 0.006005799213863683}, "simu": {"type": "float", "data": 0.002}}, {"type": "dict", "image_number": {"type": "int", "data": 26}, "Hcamera2end": {"type": "ndarray", "data": [[0.9999980323057714, -0.0012035056996034014, -0.0015770093900230064, -0.013272705321102168], [0.0015775985849302968, 0.0004887733350331658, 0.9999986361407356, 0.03354664422999544], [-0.0012027332580520638, -0.9999991563369728, 0.0004906710221653787, 0.031166495609613383], [0.0, 0.0, 0.0, 1.0]]}, "Hobj2base": {"type": "ndarray", "data": [[0.9999988306762906, -0.0014450180075915018, -0.000500568685918679, -0.7347515716880627], [-0.0014453360883844519, -0.9999987534685706, -0.0006356609922026632, 0.09181778752874707], [-0.000499649520363623, 0.0006363837388956673, -0.9999996726829934, 0.0026260635234190335], [0.0, 0.0, 0.0, 1.0]]}, "mean_rme": {"type": "float", "data": 0.0018626431910107283}, "max_rme": {"type": "float", "data": 0.006028696767743202}, "simu": {"type": "float", "data": 0.002}}, {"type": "dict", "image_number": {"type": "int", "data": 27}, "Hcamera2end": {"type": "ndarray", "data": [[0.9999977592611842, -0.0015871327162999542, -0.0014008862736424774, -0.013556671882305853], [0.0014017810944748834, 0.0005628250514648769, 0.9999988591182118, 0.03364256355969068], [-0.0015863424516800826, -0.9999985821178463, 0.0005650486029570301, 0.03118378535919642], [0.0, 0.0, 0.0, 1.0]]}, "Hobj2base": {"type": "ndarray", "data": [[0.9999981644829713, -0.0018569106591449698, -0.0004721371540325055, -0.7345605903139217], [-0.0018571802600063636, -0.9999981122890633, -0.0005712265676563463, 0.09178005742833266], [-0.0004710755460717684, 0.0005721023629627389, -0.9999997253933204, 0.0026977751464325583], [0.0, 0.0, 0.0, 1.0]]}, "mean_rme": {"type": "float", "data": 0.0019150144451636235}, "max_rme": {"type": "float", "data": 0.006021816210174169}, "simu": {"type": "float", "data": 0.002}}, {"type": "dict", "image_number": {"type": "int", "data": 28}, "Hcamera2end": {"type": "ndarray", "data": [[0.9999979283051461, -0.001576150783485278, -0.0012880738036590354, -0.013564538565011344], [0.0012890340309088624, 0.0006083588391888606, 0.9999989841448793, 0.03371860870124432], [-0.0015753655712604491, -0.9999985728230971, 0.0006103892908527753, 0.031129094281848783], [0.0, 0.0, 0.0, 1.0]]}, "Hobj2base": {"type": "ndarray", "data": [[0.9999980466840793, -0.0018958913566886775, -0.0005587700685730533, -0.7345660916580741], [-0.00189619533435141, -0.999998054259728, -0.000543985305329002, 0.09183595410451921], [-0.0005577376443130891, 0.0005450437799508479, -0.9999996959279529, 0.0026910449793505565], [0.0, 0.0, 0.0, 1.0]]}, "mean_rme": {"type": "float", "data": 0.0018846312317779455}, "max_rme": {"type": "float", "data": 0.005982595699988602}, "simu": {"type": "float", "data": 0.002}}, {"type": "dict", "image_number": {"type": "int", "data": 29}, "Hcamera2end": {"type": "ndarray", "data": [[0.9999976767953666, -0.0017942983493390676, -0.0011945280671209898, -0.013823534980865339], [0.0011957514383399823, 0.0006808924089480861, 0.9999990532815646, 0.033838784588204565], [-0.0017934833055505632, -0.9999981584377851, 0.0006830363619277913, 0.03103760247097601], [0.0, 0.0, 0.0, 1.0]]}, "Hobj2base": {"type": "ndarray", "data": [[0.9999975117820765, -0.0021514408777375716, -0.0005896878881576792, -0.7343520321440077], [-0.002151753950995944, -0.9999975441031814, -0.0005307942535648265, 0.09176184976958378], [-0.0005885444674902832, 0.0005320617960762489, -0.9999996852627777, 0.002643390419039397], [0.0, 0.0, 0.0, 1.0]]}, "mean_rme": {"type": "float", "data": 0.0019104754658931546}, "max_rme": {"type": "float", "data": 0.006084100161928396}, "simu": {"type": "float", "data": 0.002}}, {"type": "dict", "image_number": {"type": "int", "data": 30}, "Hcamera2end": {"type": "ndarray", "data": [[0.9999978814715478, -0.001733330357924466, -0.0011102334378588529, -0.01380904922045484], [0.001111455540887866, 0.0007042566659443139, 0.9999991343441902, 0.03394525424795398], [-0.0017325469681576042, -0.9999982497926782, 0.0007061816935870491, 0.030964445541384198], [0.0, 0.0, 0.0, 1.0]]}, "Hobj2base": {"type": "ndarray", "data": [[0.9999975827087484, -0.002094748689435572, -0.0006682848105026227, -0.734338578751582], [-0.002095085296521607, -0.999997678607244, -0.0005033862566123909, 0.09183073518064688], [-0.000667228791449786, 0.0005047851534615695, -0.9999996499987829, 0.00262592885023827], [0.0, 0.0, 0.0, 1.0]]}, "mean_rme": {"type": "float", "data": 0.0019011690469418856}, "max_rme": {"type": "float", "data": 0.006022038255405038}, "simu": {"type": "float", "data": 0.002}}]}