{"type": "list", "data": [{"type": "dict", "image_number": {"type": "int", "data": 5}, "Hcamera2end": {"type": "ndarray", "data": [[0.9999979683228616, 0.0015533458849239002, -0.001284704911982681, -0.013569074028705516], [0.001282747384244157, 0.0012605410402579675, 0.9999983827964091, 0.03239741667909187], [0.0015549627961135327, -0.9999979990744218, 0.0012585459288748657, 0.0316836260162608], [0.0, 0.0, 0.0, 1.0]]}, "Hobj2base": {"type": "ndarray", "data": [[0.9999986913858305, 0.0013735624092568882, -0.0008547238936101026, -0.735895031520462], [0.0013723011323712494, -0.9999979713248544, -0.0014744950923295135, 0.08885190996902292], [-0.0008567474706844411, 0.0014733202242172769, -0.9999985476545894, -0.002374216611697344], [0.0, 0.0, 0.0, 1.0]]}, "mean_rme": {"type": "float", "data": 0.001222739354913438}, "max_rme": {"type": "float", "data": 0.0025747037679150764}, "simu": {"type": "float", "data": 0.002}}, {"type": "dict", "image_number": {"type": "int", "data": 6}, "Hcamera2end": {"type": "ndarray", "data": [[0.9999985348143856, 0.0014274503085234913, -0.0009448569726272993, -0.013569707619913282], [0.000942348650544013, 0.0017568563223185896, 0.9999980127154672, 0.03258394663714128], [0.001429107449719619, -0.9999974379174575, 0.0017555085923260938, 0.031049307531040505], [0.0, 0.0, 0.0, 1.0]]}, "Hobj2base": {"type": "ndarray", "data": [[0.9999987352204764, 0.0009435126194598807, -0.0012803676755030302, -0.7355004698544939], [0.0009420230650183731, -0.999998879446925, -0.0011634850406844657, 0.08931251363930677], [-0.0012814640036015324, 0.0011622774332503826, -0.9999985034794683, -0.0023995407347780586], [0.0, 0.0, 0.0, 1.0]]}, "mean_rme": {"type": "float", "data": 0.0011509377472545437}, "max_rme": {"type": "float", "data": 0.00260304531163727}, "simu": {"type": "float", "data": 0.002}}, {"type": "dict", "image_number": {"type": "int", "data": 7}, "Hcamera2end": {"type": "ndarray", "data": [[0.9999989192801121, 0.0014236194439199627, -0.00036707803908897713, -0.011255694248427404], [0.0003648505991184598, 0.0015645758171857205, 0.9999987094924437, 0.032594961592199254], [0.0014241919281512915, -0.999997762702593, 0.0015640547179105457, 0.030406472080070034], [0.0, 0.0, 0.0, 1.0]]}, "Hobj2base": {"type": "ndarray", "data": [[0.999998939470254, 0.0010690517690850596, -0.0009890332059083649, -0.7341579001756415], [0.0010684325492695836, -0.9999992330355265, -0.00062640262384279, 0.09139372135425283], [-0.0009897021041882113, 0.0006253452442546734, -0.9999993147163009, -0.003220412134978669], [0.0, 0.0, 0.0, 1.0]]}, "mean_rme": {"type": "float", "data": 0.0012975156137738292}, "max_rme": {"type": "float", "data": 0.003216248878643857}, "simu": {"type": "float", "data": 0.002}}, {"type": "dict", "image_number": {"type": "int", "data": 8}, "Hcamera2end": {"type": "ndarray", "data": [[0.99999825491585, 0.0018202457335344175, -0.00042056001247933576, -0.011795272292786476], [0.00041832255320114174, 0.001229413489556297, 0.9999991567740012, 0.031908510856189176], [0.0018207612408084007, -0.999997587621061, 0.0012286498942836177, 0.030467382959998818], [0.0, 0.0, 0.0, 1.0]]}, "Hobj2base": {"type": "ndarray", "data": [[0.9999982853671289, 0.0016060026657634182, -0.0009219643376052661, -0.7339708411198811], [0.0016051970830957875, -0.9999983298683355, -0.000873843729684099, 0.09133268106681255], [-0.0009233661931627657, 0.0008723622968974736, -0.9999991931891226, -0.0023718161673719415], [0.0, 0.0, 0.0, 1.0]]}, "mean_rme": {"type": "float", "data": 0.0012367279955472605}, "max_rme": {"type": "float", "data": 0.0032332495170209197}, "simu": {"type": "float", "data": 0.002}}, {"type": "dict", "image_number": {"type": "int", "data": 9}, "Hcamera2end": {"type": "ndarray", "data": [[0.9999974684885806, 0.001974575940260201, -0.0010789190360257208, -0.013041950384380292], [0.0010766414008518688, 0.0011541803518366756, 0.9999987543547288, 0.031515667688854714], [0.001975818747791622, -0.9999973844553651, 0.0011520515198095715, 0.030473372538990504], [0.0, 0.0, 0.0, 1.0]]}, "Hobj2base": {"type": "ndarray", "data": [[0.9999979873045708, 0.0018144709506813124, -0.0008562020653527955, -0.733743321277842], [0.0018131587443829154, -0.9999971844193742, -0.001530884937680115, 0.09016419274065754], [-0.0008589774008951042, 0.0015293294262132449, -0.9999984616534825, -0.0013264191193341152], [0.0, 0.0, 0.0, 1.0]]}, "mean_rme": {"type": "float", "data": 0.0012565608432591904}, "max_rme": {"type": "float", "data": 0.003406007378902509}, "simu": {"type": "float", "data": 0.002}}, {"type": "dict", "image_number": {"type": "int", "data": 10}, "Hcamera2end": {"type": "ndarray", "data": [[0.9999988983835691, 0.001203224074722254, -0.000869185523459383, -0.012486236432402237], [0.0008677633889101787, 0.0011819544951181538, 0.9999989249845582, 0.031220137385751152], [0.001204250118974338, -0.9999985776166871, 0.0011809090792570531, 0.030402725164168917], [0.0, 0.0, 0.0, 1.0]]}, "Hobj2base": {"type": "ndarray", "data": [[0.9999992727956813, 0.0011294124150693988, -0.00042288970810045216, -0.7335648588014696], [0.0011288769956274663, -0.9999985637134119, -0.001264202452824864, 0.09104112707785664], [-0.00042431690665501777, 0.0012637241430282183, -0.9999991114778317, -0.0014584039538013348], [0.0, 0.0, 0.0, 1.0]]}, "mean_rme": {"type": "float", "data": 0.0012509810865973094}, "max_rme": {"type": "float", "data": 0.0036399672644616965}, "simu": {"type": "float", "data": 0.002}}, {"type": "dict", "image_number": {"type": "int", "data": 11}, "Hcamera2end": {"type": "ndarray", "data": [[0.9999975284517897, 0.0014954623088404956, -0.0016451999254923381, -0.012584765266441653], [0.0016430908914035589, 0.0014104252846230958, 0.9999976554736711, 0.03129668888226478], [0.0014977792342629132, -0.9999978871442676, 0.0014079646181909267, 0.030508827517396492], [0.0, 0.0, 0.0, 1.0]]}, "Hobj2base": {"type": "ndarray", "data": [[0.9999991355213981, 0.0012184778157279118, -0.0004942350343657658, -0.7334690653503518], [0.0012172771410238373, -0.9999963250309558, -0.0024224287284663032, 0.09047447990268259], [-0.0004971848937331322, 0.002421825013318876, -0.9999969437807228, -0.001245973316554728], [0.0, 0.0, 0.0, 1.0]]}, "mean_rme": {"type": "float", "data": 0.0013595852560638858}, "max_rme": {"type": "float", "data": 0.003908724391639584}, "simu": {"type": "float", "data": 0.002}}, {"type": "dict", "image_number": {"type": "int", "data": 12}, "Hcamera2end": {"type": "ndarray", "data": [[0.9999971757811632, 0.0016765218341574524, -0.0016845486745715955, -0.012726166952363267], [0.0016823945538458251, 0.0012854567939403205, 0.9999977585721861, 0.03136562741526683], [0.001678683490893234, -0.9999977684351954, 0.0012826325923257498, 0.030606732335034387], [0.0, 0.0, 0.0, 1.0]]}, "Hobj2base": {"type": "ndarray", "data": [[0.9999987452154052, 0.001448318695358972, -0.0006418259668261079, -0.7334884221641477], [0.0014466911642706142, -0.9999957555294601, -0.0025290329653317833, 0.09027508154082442], [-0.0006454860883395691, 0.002528101267984972, -0.9999965960200508, -0.001084310320264718], [0.0, 0.0, 0.0, 1.0]]}, "mean_rme": {"type": "float", "data": 0.0013228622071226321}, "max_rme": {"type": "float", "data": 0.0038968532364382635}, "simu": {"type": "float", "data": 0.002}}, {"type": "dict", "image_number": {"type": "int", "data": 13}, "Hcamera2end": {"type": "ndarray", "data": [[0.9999985149573598, 0.0016009640753577704, -0.0006379632469893581, -0.013487689723337066], [0.0006358052900581445, 0.001348058049209011, 0.9999988892449476, 0.03091332435019345], [0.0016018223085690387, -0.9999978098243643, 0.0013470381458570158, 0.03287640358521375], [0.0, 0.0, 0.0, 1.0]]}, "Hobj2base": {"type": "ndarray", "data": [[0.9999988531161542, 0.0013237987091512739, -0.0007357468000620568, -0.7357279916363662], [0.001322680022187626, -0.9999979717423526, -0.0015188906279294497, 0.08995811983594379], [-0.0007377560132305781, 0.0015179157283444946, -0.999998575822939, -0.00040062777413535795], [0.0, 0.0, 0.0, 1.0]]}, "mean_rme": {"type": "float", "data": 0.0013908855922005396}, "max_rme": {"type": "float", "data": 0.003968621793855764}, "simu": {"type": "float", "data": 0.002}}, {"type": "dict", "image_number": {"type": "int", "data": 14}, "Hcamera2end": {"type": "ndarray", "data": [[0.9999982361235987, 0.0017024512054944617, -0.0007933533790871025, -0.013648685690407754], [0.0007912675242537474, 0.001225530801924446, 0.9999989359844134, 0.030956819584803112], [0.0017034216730627254, -0.9999977998646531, 0.0012241815458889915, 0.03252675108241018], [0.0, 0.0, 0.0, 1.0]]}, "Hobj2base": {"type": "ndarray", "data": [[0.9999988180147594, 0.0014248766293715636, -0.0005776639811915169, -0.7352806061288918], [0.0014239454508517648, -0.999997691437764, -0.001609191876582155, 0.08978361662964486], [-0.0005799555475153812, 0.001608367412542969, -0.9999985384018466, -0.0005712562380560235], [0.0, 0.0, 0.0, 1.0]]}, "mean_rme": {"type": "float", "data": 0.0013944172516226953}, "max_rme": {"type": "float", "data": 0.003990614855933161}, "simu": {"type": "float", "data": 0.002}}, {"type": "dict", "image_number": {"type": "int", "data": 15}, "Hcamera2end": {"type": "ndarray", "data": [[0.9999983630129776, 0.0016962826171471532, -0.000629759198281099, -0.014143297961701256], [0.0006272264708636356, 0.00149322299446486, 0.9999986884351614, 0.03087549242932943], [0.0016972207632783651, -0.9999974464519253, 0.0014921565967187522, 0.032910127868027515], [0.0, 0.0, 0.0, 1.0]]}, "Hobj2base": {"type": "ndarray", "data": [[0.999998768368831, 0.0013490506485729836, -0.0008020742912616161, -0.7358468132041917], [0.0013479997160053903, -0.999998234224097, -0.001309368342026425, 0.08948494671723742], [-0.0008038392791891914, 0.0013082855334507273, -0.9999988211149937, -0.000708888978449281], [0.0, 0.0, 0.0, 1.0]]}, "mean_rme": {"type": "float", "data": 0.0014465769331568038}, "max_rme": {"type": "float", "data": 0.005071100091786351}, "simu": {"type": "float", "data": 0.002}}, {"type": "dict", "image_number": {"type": "int", "data": 16}, "Hcamera2end": {"type": "ndarray", "data": [[0.9999980470098833, 0.001611717098528412, -0.0011438288393148877, -0.013573488754072455], [0.0011418019639294293, 0.0012579469980357194, 0.9999985569277715, 0.030650765937090298], [0.0016131536487589096, -0.9999979099664883, 0.0012561042795292687, 0.031816666921315205], [0.0, 0.0, 0.0, 1.0]]}, "Hobj2base": {"type": "ndarray", "data": [[0.9999989182030115, 0.001313084654164853, -0.0006628736666303989, -0.7345752263431791], [0.00131183545252424, -0.9999973696043134, -0.0018814548093069369, 0.08959366968422594], [-0.0006653424324479711, 0.0018805831927783596, -0.9999980103611719, -0.0005029013884221001], [0.0, 0.0, 0.0, 1.0]]}, "mean_rme": {"type": "float", "data": 0.0014803385497620962}, "max_rme": {"type": "float", "data": 0.00566490861433977}, "simu": {"type": "float", "data": 0.002}}, {"type": "dict", "image_number": {"type": "int", "data": 17}, "Hcamera2end": {"type": "ndarray", "data": [[0.9999984271562121, 0.0015704143115271324, -0.0008243081899403545, -0.013360014629069432], [0.0008224488815502579, 0.0011842385515176135, 0.9999989605779048, 0.03072411898522013], [0.0015713888567406575, -0.9999980656871007, 0.0011829451034012228, 0.03203366285952931], [0.0, 0.0, 0.0, 1.0]]}, "Hobj2base": {"type": "ndarray", "data": [[0.999998986239769, 0.0012605573582592905, -0.0006622043345621454, -0.7348416234324895], [0.0012595255851149223, -0.9999979959132501, -0.001556202037999095, 0.08997955727473336], [-0.0006641646893771509, 0.0015553663970814026, -0.999998569859295, -0.0004889206826689056], [0.0, 0.0, 0.0, 1.0]]}, "mean_rme": {"type": "float", "data": 0.0014911576279405887}, "max_rme": {"type": "float", "data": 0.00576054405548343}, "simu": {"type": "float", "data": 0.002}}, {"type": "dict", "image_number": {"type": "int", "data": 18}, "Hcamera2end": {"type": "ndarray", "data": [[0.9999977557259248, 0.0020837835506872784, -0.00038260845206982005, -0.01415696015150266], [0.0003797345416058301, 0.0013794000352983504, 0.9999989765280868, 0.03055354685391898], [0.0020843091881056312, -0.9999968775459536, 0.0013786056549551784, 0.03162630284424774], [0.0, 0.0, 0.0, 1.0]]}, "Hobj2base": {"type": "ndarray", "data": [[0.9999981638062112, 0.0017003702555225674, -0.0008838128761666388, -0.7348691745835264], [0.001699389411870801, -0.9999979407011135, -0.001109355289920198, 0.08935782175148674], [-0.0008856973708695539, 0.0011078513106850723, -0.9999989941023146, -1.8307048355561654e-05], [0.0, 0.0, 0.0, 1.0]]}, "mean_rme": {"type": "float", "data": 0.0015742710695486155}, "max_rme": {"type": "float", "data": 0.0058050630287374005}, "simu": {"type": "float", "data": 0.002}}, {"type": "dict", "image_number": {"type": "int", "data": 19}, "Hcamera2end": {"type": "ndarray", "data": [[0.9999973849516731, 0.002255000500515144, -0.0003808707889241564, -0.013830291593224103], [0.0003779236518989396, 0.0013072159829748964, 0.9999990741796152, 0.030549125457923366], [0.002255496293172442, -0.9999966030737888, 0.0013063603465177653, 0.03171655831733742], [0.0, 0.0, 0.0, 1.0]]}, "Hobj2base": {"type": "ndarray", "data": [[0.999997857150144, 0.0018633429875098305, -0.0009020244071474578, -0.7350971647958042], [0.0018623822456675142, -0.9999976989002328, -0.0010647659887221218, 0.08959311599634186], [-0.0009040063557377286, 0.0010630837928474462, -0.9999990263122054, -0.00014149570505336682], [0.0, 0.0, 0.0, 1.0]]}, "mean_rme": {"type": "float", "data": 0.0015627857893980726}, "max_rme": {"type": "float", "data": 0.005790663991668166}, "simu": {"type": "float", "data": 0.002}}, {"type": "dict", "image_number": {"type": "int", "data": 20}, "Hcamera2end": {"type": "ndarray", "data": [[0.9999976205498129, 0.0021323839658933495, -0.00046025355454795897, -0.013839778601321635], [0.0004573219142950208, 0.0013751018563807893, 0.9999989499752246, 0.030373230089015296], [0.002133014622354619, -0.9999967810115726, 0.0013741233984772006, 0.0314896744185804], [0.0, 0.0, 0.0, 1.0]]}, "Hobj2base": {"type": "ndarray", "data": [[0.9999980408356589, 0.0017162051965132047, -0.0009863896630667142, -0.7350040824923084], [0.0017151709495702703, -0.9999979795116858, -0.0010484088701201834, 0.08955179095393753], [-0.000988186954828898, 0.0010467149892198619, -0.9999989639365996, 9.954191304080706e-05], [0.0, 0.0, 0.0, 1.0]]}, "mean_rme": {"type": "float", "data": 0.0015618515078783387}, "max_rme": {"type": "float", "data": 0.005879846120658061}, "simu": {"type": "float", "data": 0.002}}, {"type": "dict", "image_number": {"type": "int", "data": 21}, "Hcamera2end": {"type": "ndarray", "data": [[0.9999977651199717, 0.0020617099448228637, -0.00046808884339288447, -0.014048355178854029], [0.00046543403540930453, 0.001287964504081307, 0.9999990622588577, 0.030539180305282788], [0.002062310893287672, -0.9999970452454046, 0.0012870020356556822, 0.03132559701094613], [0.0, 0.0, 0.0, 1.0]]}, "Hobj2base": {"type": "ndarray", "data": [[0.9999982316499159, 0.0016526715354129526, -0.0008974262293782187, -0.7346830447808004], [0.0016517935836635196, -0.9999981573876708, -0.0009781611424664368, 0.08952605275844865], [-0.0008990411548467849, 0.0009766770498475998, -0.9999991189130832, -5.352109839043154e-05], [0.0, 0.0, 0.0, 1.0]]}, "mean_rme": {"type": "float", "data": 0.0015929427012801698}, "max_rme": {"type": "float", "data": 0.005831142403194156}, "simu": {"type": "float", "data": 0.002}}, {"type": "dict", "image_number": {"type": "int", "data": 22}, "Hcamera2end": {"type": "ndarray", "data": [[0.9999974458338967, 0.0022291282891106884, -0.0003732462370519457, -0.013864245750546952], [0.00037035584090638776, 0.001296920689264236, 0.9999990904162247, 0.030507758846788514], [0.0022296103322987865, -0.9999966744863685, 0.0012960918060312965, 0.03142654343039546], [0.0, 0.0, 0.0, 1.0]]}, "Hobj2base": {"type": "ndarray", "data": [[0.9999978958355228, 0.0017978801403719458, -0.0009879025902488198, -0.7349182279679606], [0.0017970127469623455, -0.9999979997508779, -0.0008782023859219511, 0.08967726335652405], [-0.0009894795168264071, 0.0008764252644922527, -0.9999991264041392, 5.4796867815804964e-05], [0.0, 0.0, 0.0, 1.0]]}, "mean_rme": {"type": "float", "data": 0.001603757791808206}, "max_rme": {"type": "float", "data": 0.005947450661143772}, "simu": {"type": "float", "data": 0.002}}, {"type": "dict", "image_number": {"type": "int", "data": 23}, "Hcamera2end": {"type": "ndarray", "data": [[0.9999970347800993, 0.00241795835253436, -0.00028966949170725867, -0.014211829363897673], [0.00028643328852645967, 0.0013386422035110979, 0.9999990629960722, 0.03065263572946543], [0.0024183438507045553, -0.9999961807499349, 0.0013379456503801457, 0.03163520578376849], [0.0, 0.0, 0.0, 1.0]]}, "Hobj2base": {"type": "ndarray", "data": [[0.999997479357345, 0.001957517195077908, -0.0010997296883248605, -0.7353248266074234], [0.001956651683302229, -0.9999977756389429, -0.0007875476851726748, 0.08947436350886621], [-0.001101268880264638, 0.0007853939121005483, -0.9999990851812095, 0.00011732020536333309], [0.0, 0.0, 0.0, 1.0]]}, "mean_rme": {"type": "float", "data": 0.0016387190882419362}, "max_rme": {"type": "float", "data": 0.005911822755163221}, "simu": {"type": "float", "data": 0.002}}, {"type": "dict", "image_number": {"type": "int", "data": 24}, "Hcamera2end": {"type": "ndarray", "data": [[0.9999975430664146, 0.0021796167191364853, -0.00040389614005509995, -0.014077430014249414], [0.00040088500836171575, 0.001381756063082662, 0.9999989650201603, 0.03062661789467314], [0.0021801725492175002, -0.9999966700050252, 0.0013808788925331328, 0.03175511175926067], [0.0, 0.0, 0.0, 1.0]]}, "Hobj2base": {"type": "ndarray", "data": [[0.999997924178701, 0.001740999004127683, -0.0010585654238267183, -0.7352811537830387], [0.001740085278843027, -0.9999981132489475, -0.0008634823492836828, 0.08959403282403126], [-0.0010600667484874755, 0.0008616385627379377, -0.9999990669183028, 5.782543067503476e-07], [0.0, 0.0, 0.0, 1.0]]}, "mean_rme": {"type": "float", "data": 0.0016620216133980588}, "max_rme": {"type": "float", "data": 0.005790405638103957}, "simu": {"type": "float", "data": 0.002}}, {"type": "dict", "image_number": {"type": "int", "data": 25}, "Hcamera2end": {"type": "ndarray", "data": [[0.9999972909308092, 0.00228313574341543, -0.00045323528049792206, -0.014046932961630777], [0.0004500807130776609, 0.0013820063024935214, 0.9999989437424078, 0.030702849585532394], [0.002283759705850128, -0.9999964386685368, 0.0013809749631793489, 0.03143330296534601], [0.0, 0.0, 0.0, 1.0]]}, "Hobj2base": {"type": "ndarray", "data": [[0.9999977734564307, 0.0017979735180722416, -0.0011047051232759612, -0.7350362775928603], [0.0017969752201203008, -0.9999979768234801, -0.0009040071931540989, 0.08962040369204205], [-0.001106328269255932, 0.0009020200526106295, -0.9999989811982739, -0.00019130656872868413], [0.0, 0.0, 0.0, 1.0]]}, "mean_rme": {"type": "float", "data": 0.0016572293618559455}, "max_rme": {"type": "float", "data": 0.005747839056983173}, "simu": {"type": "float", "data": 0.002}}, {"type": "dict", "image_number": {"type": "int", "data": 26}, "Hcamera2end": {"type": "ndarray", "data": [[0.9999980106061923, 0.001911150703030199, -0.000571215062786442, -0.014205853732347234], [0.0005686215825067113, 0.0013572937929244855, 0.9999989172109415, 0.030619034864736903], [0.0019119239403162737, -0.9999972526245008, 0.0013562043711954352, 0.03144129638350403], [0.0, 0.0, 0.0, 1.0]]}, "Hobj2base": {"type": "ndarray", "data": [[0.9999984982309246, 0.0014852439607780496, -0.0008930768570128023, -0.7349558555311618], [0.0014843309404498643, -0.9999983760083297, -0.0010221263931538907, 0.08955270696640703], [-0.0008945935137160087, 0.0010207992365450184, -0.9999990788352582, -2.3616647173993692e-05], [0.0, 0.0, 0.0, 1.0]]}, "mean_rme": {"type": "float", "data": 0.0016463122504180227}, "max_rme": {"type": "float", "data": 0.005814249033964214}, "simu": {"type": "float", "data": 0.002}}, {"type": "dict", "image_number": {"type": "int", "data": 27}, "Hcamera2end": {"type": "ndarray", "data": [[0.9999987621853216, 0.0014723995151096636, -0.0005546778278096717, -0.014165991001564104], [0.000552763438631806, 0.0013002719286332454, 0.9999990018722483, 0.03000199060944691], [0.0014731192774757819, -0.9999980706644288, 0.0012994564305185419, 0.031414756942622475], [0.0, 0.0, 0.0, 1.0]]}, "Hobj2base": {"type": "ndarray", "data": [[0.9999991388296119, 0.0011359678342960269, -0.0006572040125551315, -0.734891950753023], [0.0011352894918150427, -0.9999988234401309, -0.0010316182061551663, 0.0899439091717422], [-0.0006583751244147311, 0.0010308712009466827, -0.9999992519231011, 0.00044060271622313615], [0.0, 0.0, 0.0, 1.0]]}, "mean_rme": {"type": "float", "data": 0.0016568080559840213}, "max_rme": {"type": "float", "data": 0.005816652625023289}, "simu": {"type": "float", "data": 0.002}}, {"type": "dict", "image_number": {"type": "int", "data": 28}, "Hcamera2end": {"type": "ndarray", "data": [[0.9999990753603414, 0.001243950321457221, -0.0005494233886198822, -0.014180098236187925], [0.0005478460805740956, 0.0012679690349164385, 0.9999990460591441, 0.030354162314998], [0.0012446457866460156, -0.9999984224198177, 0.0012672863691939318, 0.03143053344114272], [0.0, 0.0, 0.0, 1.0]]}, "Hobj2base": {"type": "ndarray", "data": [[0.9999994049748578, 0.0009657919226346924, -0.000507243425179326, -0.7348262734379241], [0.000965267045461327, -0.9999989995602074, -0.0010339913517262345, 0.08979219344939461], [-0.0005082415382083903, 0.001033501111113031, -0.9999993367827762, 0.00011483796813329037], [0.0, 0.0, 0.0, 1.0]]}, "mean_rme": {"type": "float", "data": 0.0016353842854961533}, "max_rme": {"type": "float", "data": 0.0058209496628459645}, "simu": {"type": "float", "data": 0.002}}, {"type": "dict", "image_number": {"type": "int", "data": 29}, "Hcamera2end": {"type": "ndarray", "data": [[0.9999987422827565, 0.0015312564761509242, -0.00041314223858253385, -0.014027852343489333], [0.00041118089687304526, 0.001280964363553072, 0.9999990950298754, 0.03043928696895938], [0.0015317843108942626, -0.9999980071899663, 0.001280333129050848, 0.03145409114516386], [0.0, 0.0, 0.0, 1.0]]}, "Hobj2base": {"type": "ndarray", "data": [[0.9999990457352398, 0.0012267820756116875, -0.0006352435349651592, -0.7348406791591348], [0.0012261824759001914, -0.9999988032166567, -0.0009434202614932277, 0.0898473930067594], [-0.0006364001457828464, 0.0009426404367300149, -0.9999993532117213, -6.850931394692987e-05], [0.0, 0.0, 0.0, 1.0]]}, "mean_rme": {"type": "float", "data": 0.0016362410170096243}, "max_rme": {"type": "float", "data": 0.005758503870597176}, "simu": {"type": "float", "data": 0.002}}, {"type": "dict", "image_number": {"type": "int", "data": 30}, "Hcamera2end": {"type": "ndarray", "data": [[0.9999984326942678, 0.001719183995174789, -0.0004231021137665752, -0.014070098589755614], [0.00042088940892393316, 0.0012872249312049222, 0.9999990829516204, 0.030826626997000194], [0.001719727046189178, -0.9999976937265241, 0.0012864993273944414, 0.03144076410103746], [0.0, 0.0, 0.0, 1.0]]}, "Hobj2base": {"type": "ndarray", "data": [[0.9999987658262607, 0.001381695003208672, -0.0007478401389679232, -0.7348876997504912], [0.0013809806638172147, -0.9999985905489133, -0.0009548783126159427, 0.08959259372823317], [-0.0007491584355170408, 0.0009538443813586641, -0.9999992644709963, -0.00035312953209375625], [0.0, 0.0, 0.0, 1.0]]}, "mean_rme": {"type": "float", "data": 0.0016307900604986512}, "max_rme": {"type": "float", "data": 0.0057735958839124635}, "simu": {"type": "float", "data": 0.002}}]}