{"type": "list", "data": [{"type": "dict", "image_number": {"type": "int", "data": 5}, "Hcamera2end": {"type": "ndarray", "data": [[0.999995392220506, 0.002916927518636349, -0.0008408755005139316, -0.014808974204647713], [0.0008423754998775187, -0.0005130490497486928, 0.9999995135919765, 0.028114928772627775], [0.002916494689442904, -0.9999956141476439, -0.0005155038340085571, 0.034625216030234315], [0.0, 0.0, 0.0, 1.0]]}, "Hobj2base": {"type": "ndarray", "data": [[0.9999949827405276, 0.002750599724090406, 0.001571208111568357, -0.7362233625177504], [0.002756143066715791, -0.9999899470463547, -0.0035368745560079395, 0.08930550872585435], [0.0015614637901081461, 0.0035411872849336373, -0.9999925108836794, -0.0020116901762021523], [0.0, 0.0, 0.0, 1.0]]}, "mean_rme": {"type": "float", "data": 0.0013776524751594633}, "max_rme": {"type": "float", "data": 0.0048478296831128975}, "simu": {"type": "float", "data": 0.002}}, {"type": "dict", "image_number": {"type": "int", "data": 6}, "Hcamera2end": {"type": "ndarray", "data": [[0.9999882455566442, 0.004461024700705888, -0.0018994754971833787, -0.016450083962293374], [0.001902229280946409, -0.0006131366555017781, 0.9999980027916078, 0.025900591680811574], [0.004459851153056368, -0.9999898616096372, -0.0006216153402305302, 0.03418857319740397], [0.0, 0.0, 0.0, 1.0]]}, "Hobj2base": {"type": "ndarray", "data": [[0.9999893150837361, 0.004248082654695501, 0.0018230502240161835, -0.7366218607086695], [0.004254738701971836, -0.9999842402907069, -0.003662836168364219, 0.08629323799936063], [0.0018074614624808063, 0.0036705536336102316, -0.9999916300245142, -0.000608599247416112], [0.0, 0.0, 0.0, 1.0]]}, "mean_rme": {"type": "float", "data": 0.0015245579755318044}, "max_rme": {"type": "float", "data": 0.004619642308342026}, "simu": {"type": "float", "data": 0.002}}, {"type": "dict", "image_number": {"type": "int", "data": 7}, "Hcamera2end": {"type": "ndarray", "data": [[0.9999905005475144, 0.004347084510119344, -0.00031885889278587126, -0.01719130438980171], [0.00031717860989406276, 0.00038721491793880514, 0.9999998747311607, 0.025506805935696604], [0.004347207432485116, -0.9999904764150855, 0.0003858324373871014, 0.03468405380722157], [0.0, 0.0, 0.0, 1.0]]}, "Hobj2base": {"type": "ndarray", "data": [[0.9999911543072013, 0.004117739053158591, 0.0008576318797158189, -0.7377309826293246], [0.004119325572585609, -0.9999897924038565, -0.0018564064529311517, 0.08675719245969384], [0.0008499789280061811, 0.0018599228966639377, -0.9999979091091342, -0.0005654027320666222], [0.0, 0.0, 0.0, 1.0]]}, "mean_rme": {"type": "float", "data": 0.0017213770740778624}, "max_rme": {"type": "float", "data": 0.004999353302307857}, "simu": {"type": "float", "data": 0.002}}, {"type": "dict", "image_number": {"type": "int", "data": 8}, "Hcamera2end": {"type": "ndarray", "data": [[0.9999913619116254, 0.004154248869881333, 0.00013534570474336505, -0.017756443973893872], [-0.00013932449042191458, 0.0009574885041587766, 0.999999531902116, 0.02549173046959649], [0.004154117333329847, -0.9999909126747561, 0.0009580590218953855, 0.033717982073407815], [0.0, 0.0, 0.0, 1.0]]}, "Hobj2base": {"type": "ndarray", "data": [[0.9999925794096652, 0.003837728596558113, 0.0003361024001999383, -0.736988328285844], [0.0038381730211392955, -0.9999917473608682, -0.0013317800184894967, 0.08646071763696357], [0.00033098861620683626, 0.001333060155060351, -0.9999990566981347, -0.000181465374724063], [0.0, 0.0, 0.0, 1.0]]}, "mean_rme": {"type": "float", "data": 0.0016217428587515137}, "max_rme": {"type": "float", "data": 0.0049476118469499175}, "simu": {"type": "float", "data": 0.002}}, {"type": "dict", "image_number": {"type": "int", "data": 9}, "Hcamera2end": {"type": "ndarray", "data": [[0.9999928769908774, 0.003774176505947333, 3.948683341074236e-05, -0.017729482361674407], [-4.259507971079383e-05, 0.0008234793243521166, 0.9999996600336732, 0.025536364373657153], [0.0037741427062635106, -0.9999925387089169, 0.0008236342200504954, 0.03397566344031746], [0.0, 0.0, 0.0, 1.0]]}, "Hobj2base": {"type": "ndarray", "data": [[0.999993807002157, 0.0034882833902949045, 0.00046672938817155846, -0.7368580861673124], [0.003488824009485096, -0.9999932382606269, -0.0011625575494530836, 0.08645999089789694], [0.00046267090207905874, 0.0011641786864320727, -0.9999992153115034, -0.0002479815138446047], [0.0, 0.0, 0.0, 1.0]]}, "mean_rme": {"type": "float", "data": 0.0015125365585284213}, "max_rme": {"type": "float", "data": 0.0048235992710289055}, "simu": {"type": "float", "data": 0.002}}, {"type": "dict", "image_number": {"type": "int", "data": 10}, "Hcamera2end": {"type": "ndarray", "data": [[0.9999941814383833, 0.003380841443359078, -0.0004549730900056115, -0.017301800833619242], [0.0004517463738073725, 0.0009551145236857961, 0.9999994418405745, 0.025346820390240332], [0.0033812741077167106, -0.9999938288146492, 0.0009535816834306265, 0.03395791437551575], [0.0, 0.0, 0.0, 1.0]]}, "Hobj2base": {"type": "ndarray", "data": [[0.9999948268269583, 0.0031956471849813478, 0.0003662763857180715, -0.7367532838571406], [0.0031962367234863952, -0.9999935791295453, -0.0016204229350567864, 0.0866759919519983], [0.0003610957339139549, 0.0016215852583635205, -0.9999986200346078, -0.00040513312747281205], [0.0, 0.0, 0.0, 1.0]]}, "mean_rme": {"type": "float", "data": 0.0014795747803609746}, "max_rme": {"type": "float", "data": 0.004732932212295232}, "simu": {"type": "float", "data": 0.002}}, {"type": "dict", "image_number": {"type": "int", "data": 11}, "Hcamera2end": {"type": "ndarray", "data": [[0.9999940110797291, 0.0034608865219715635, 8.316050215863117e-06, -0.017989645468854898], [-1.0007130030073325e-05, 0.0004886091655044167, 0.9999998805804631, 0.02532438572126592], [0.003460882045375742, -0.9999938917441271, 0.0004886408728045355, 0.03355744075402123], [0.0, 0.0, 0.0, 1.0]]}, "Hobj2base": {"type": "ndarray", "data": [[0.9999944626398342, 0.003287669995687199, 0.0005156701162143962, -0.7360191016655463], [0.0032881655401629938, -0.9999941301991084, -0.0009630860342118397, 0.08661476103968951], [0.0005125007802755446, 0.0009647763099638255, -0.9999994032746331, -0.00036552624172168295], [0.0, 0.0, 0.0, 1.0]]}, "mean_rme": {"type": "float", "data": 0.0014741561654655771}, "max_rme": {"type": "float", "data": 0.0051701385246194775}, "simu": {"type": "float", "data": 0.002}}, {"type": "dict", "image_number": {"type": "int", "data": 12}, "Hcamera2end": {"type": "ndarray", "data": [[0.9999956878503293, 0.0029278077240866562, -0.00022852281605517232, -0.016663485959642396], [0.00022689075544261622, 0.0005577543765351578, 0.9999998187153039, 0.02523419959531449], [0.002927934652920716, -0.9999955584161293, 0.0005570876789084966, 0.03323744538207049], [0.0, 0.0, 0.0, 1.0]]}, "Hobj2base": {"type": "ndarray", "data": [[0.9999959441489366, 0.0028110518424810755, 0.0004579008798971641, -0.7355495429116523], [0.0028115931479535125, -0.9999953443733591, -0.0011858227425682135, 0.08786102608195573], [0.0004545653388762766, 0.0011871053640241428, -0.9999991920752771, -0.0002698291040838981], [0.0, 0.0, 0.0, 1.0]]}, "mean_rme": {"type": "float", "data": 0.001487168385218913}, "max_rme": {"type": "float", "data": 0.005016029574226061}, "simu": {"type": "float", "data": 0.002}}, {"type": "dict", "image_number": {"type": "int", "data": 13}, "Hcamera2end": {"type": "ndarray", "data": [[0.9999958669185247, 0.002874019098906112, 7.848622389175627e-05, -0.01606980119288023], [-7.939090682269672e-05, 0.00031466698854321073, 0.9999999473408842, 0.025078762634510258], [0.0028739942505390916, -0.999995820490719, 0.0003148938589814243, 0.03358155667106577], [0.0, 0.0, 0.0, 1.0]]}, "Hobj2base": {"type": "ndarray", "data": [[0.9999960343871052, 0.002762897555929227, 0.0005455338295149503, -0.7360501402463592], [0.002763314130533281, -0.9999958899330135, -0.0007643376842582033, 0.08852606195052823], [0.0005434198006146262, 0.0007658421345306091, -0.999999559090275, -0.0004213227873037453], [0.0, 0.0, 0.0, 1.0]]}, "mean_rme": {"type": "float", "data": 0.0015857756894667751}, "max_rme": {"type": "float", "data": 0.004918179215094937}, "simu": {"type": "float", "data": 0.002}}, {"type": "dict", "image_number": {"type": "int", "data": 14}, "Hcamera2end": {"type": "ndarray", "data": [[0.99999650150102, 0.0026342317547810336, 0.0002404345702753947, -0.015606730300904639], [-0.00024120963146222478, 0.000293912900113491, 0.9999999277165578, 0.025069848339943097], [0.002634160897547858, -0.9999964872129649, 0.0002945472739301902, 0.03384263892019297], [0.0, 0.0, 0.0, 1.0]]}, "Hobj2base": {"type": "ndarray", "data": [[0.999996642331786, 0.00254228643192174, 0.0005021004404215711, -0.7365369474073563], [0.0025426015411221204, -0.9999965704260014, -0.0006279439770739924, 0.08884729757426678], [0.0005005023049780338, 0.0006292185100000743, -0.9999996767907025, -0.0005517016033881883], [0.0, 0.0, 0.0, 1.0]]}, "mean_rme": {"type": "float", "data": 0.0016840960373463167}, "max_rme": {"type": "float", "data": 0.004607059991459467}, "simu": {"type": "float", "data": 0.002}}, {"type": "dict", "image_number": {"type": "int", "data": 15}, "Hcamera2end": {"type": "ndarray", "data": [[0.9999960923801413, 0.0027859062995210194, 0.0002322725512565397, -0.01600713893557885], [-0.00023325989256028218, 0.00035408609856479867, 0.9999999101064245, 0.02603117897478565], [0.0027858238046044636, -0.9999960566667876, 0.0003547345551350167, 0.033794476093993685], [0.0, 0.0, 0.0, 1.0]]}, "Hobj2base": {"type": "ndarray", "data": [[0.9999962261564203, 0.002702779142558434, 0.0004926031100988403, -0.7365395230622817], [0.0027032023444236697, -0.9999959761259223, -0.000860481870014216, 0.08852777825166568], [0.0004902754354751309, 0.0008618102285723249, -0.9999995084564426, -0.0017257033556653016], [0.0, 0.0, 0.0, 1.0]]}, "mean_rme": {"type": "float", "data": 0.0017089610664433232}, "max_rme": {"type": "float", "data": 0.004748504273572429}, "simu": {"type": "float", "data": 0.002}}, {"type": "dict", "image_number": {"type": "int", "data": 16}, "Hcamera2end": {"type": "ndarray", "data": [[0.99999623410373, 0.0027141714013416487, 0.000406265876253408, -0.016394046998976522], [-0.00040659303702166244, 0.00011998729590156909, 0.9999999101425713, 0.026052556491027216], [0.0027141224107092776, -0.9999963094315162, 0.00012109040723484732, 0.03379385013359122], [0.0, 0.0, 0.0, 1.0]]}, "Hobj2base": {"type": "ndarray", "data": [[0.9999962816305739, 0.002645406920217973, 0.0006622290031050474, -0.736297244554048], [0.0026458101610106117, -0.9999963145305124, -0.0006087807354014494, 0.08831807640290619], [0.0006606160897099366, 0.0006105306039551069, -0.9999995954192997, -0.0017322831824701512], [0.0, 0.0, 0.0, 1.0]]}, "mean_rme": {"type": "float", "data": 0.0016417430006578}, "max_rme": {"type": "float", "data": 0.0048155580125294195}, "simu": {"type": "float", "data": 0.002}}, {"type": "dict", "image_number": {"type": "int", "data": 17}, "Hcamera2end": {"type": "ndarray", "data": [[0.9999966399062392, 0.002585021403910036, 0.00019452653482196752, -0.01614326593953641], [-0.00019487458495067366, 0.00013438990548464425, 0.9999999719816242, 0.026042769528456473], [0.002584995189079306, -0.9999966497962351, 0.00013489320889514822, 0.03402115462807837], [0.0, 0.0, 0.0, 1.0]]}, "Hobj2base": {"type": "ndarray", "data": [[0.9999965542774131, 0.002520074761141744, 0.0007352934781576527, -0.7365402502906249], [0.0025206771610289435, -0.9999964873041818, -0.0008194912738199064, 0.08837632157723764], [0.0007332257160191972, 0.0008213418875573599, -0.9999993938885932, -0.0018199257953309873], [0.0, 0.0, 0.0, 1.0]]}, "mean_rme": {"type": "float", "data": 0.0016195716234046588}, "max_rme": {"type": "float", "data": 0.004676456686216385}, "simu": {"type": "float", "data": 0.002}}, {"type": "dict", "image_number": {"type": "int", "data": 18}, "Hcamera2end": {"type": "ndarray", "data": [[0.999997025876194, 0.002438856920190844, -1.468637299159017e-05, -0.015839501796703598], [1.4303557906427452e-05, 0.0001569823305669349, 0.9999999875759781, 0.02595263318076286], [0.002438859195391492, -0.9999970136622763, 0.00015694697935086932, 0.03408472153135424], [0.0, 0.0, 0.0, 1.0]]}, "Hobj2base": {"type": "ndarray", "data": [[0.9999969686938942, 0.0023795453529407463, 0.0006327455539077646, -0.7365181698023081], [0.0023801759242606663, -0.9999966696878089, -0.0009976852513738858, 0.08861020476179648], [0.0006303694093639284, 0.0009991882728180859, -0.999999302128358, -0.0017806980656897748], [0.0, 0.0, 0.0, 1.0]]}, "mean_rme": {"type": "float", "data": 0.0015676761408532555}, "max_rme": {"type": "float", "data": 0.004654246303013976}, "simu": {"type": "float", "data": 0.002}}, {"type": "dict", "image_number": {"type": "int", "data": 19}, "Hcamera2end": {"type": "ndarray", "data": [[0.9999971861232215, 0.002368070426538697, 0.0001413792558440526, -0.016128822417976516], [-0.0001411490638107719, -9.737342613047595e-05, 0.9999999852976788, 0.026012558859850245], [0.00236808415830509, -0.9999971913764912, -9.703890121004477e-05, 0.034220654813869024], [0.0, 0.0, 0.0, 1.0]]}, "Hobj2base": {"type": "ndarray", "data": [[0.9999971387151565, 0.0022918586027260916, 0.0006855258165263345, -0.7363442449553389], [0.002292332044160779, -0.9999971341119152, -0.0006906386580947945, 0.08850246253861013], [0.0006839410057361352, 0.0006922081347771926, -0.9999995265361874, -0.001742764892685515], [0.0, 0.0, 0.0, 1.0]]}, "mean_rme": {"type": "float", "data": 0.001567639189135315}, "max_rme": {"type": "float", "data": 0.004724357337623941}, "simu": {"type": "float", "data": 0.002}}, {"type": "dict", "image_number": {"type": "int", "data": 20}, "Hcamera2end": {"type": "ndarray", "data": [[0.99999831261219, 0.001834082695537238, 0.00010446740473871966, -0.015915326082391087], [-0.00010436965261896895, -5.3393183511385445e-05, 0.9999999931280719, 0.024755846544786166], [0.0018340882607808654, -0.9999983166435003, -5.32016708425509e-05, 0.03425532543973443], [0.0, 0.0, 0.0, 1.0]]}, "Hobj2base": {"type": "ndarray", "data": [[0.9999981927046149, 0.0018128320286755963, 0.0005729114589766624, -0.7362751603534066], [0.0018131638559484625, -0.9999981884763898, -0.0005792070188488994, 0.0886228990611978], [0.0005718604160990248, 0.0005802447544008024, -0.9999996681457899, -0.00041537068879351493], [0.0, 0.0, 0.0, 1.0]]}, "mean_rme": {"type": "float", "data": 0.001573177651033032}, "max_rme": {"type": "float", "data": 0.004464021834794163}, "simu": {"type": "float", "data": 0.002}}, {"type": "dict", "image_number": {"type": "int", "data": 21}, "Hcamera2end": {"type": "ndarray", "data": [[0.999998261556055, 0.0018636710248722324, 6.012635771479396e-05, -0.015759587686169016], [-5.9926103881120796e-05, -0.00010750693322369997, 0.9999999924255605, 0.02473346775312089], [0.001863677474756293, -0.999998257584767, -0.00010739506378532049, 0.03415628187553859], [0.0, 0.0, 0.0, 1.0]]}, "Hobj2base": {"type": "ndarray", "data": [[0.9999981234663463, 0.0018450634162903911, 0.0005905969656042675, -0.7360964350626685], [0.0018454289672797512, -0.9999981056097611, -0.0006190063126189357, 0.08864099214520736], [0.000589453740881275, 0.0006200950557810719, -0.9999996340131372, -0.0005380167595718984], [0.0, 0.0, 0.0, 1.0]]}, "mean_rme": {"type": "float", "data": 0.0016036813617129303}, "max_rme": {"type": "float", "data": 0.00442919980095402}, "simu": {"type": "float", "data": 0.002}}, {"type": "dict", "image_number": {"type": "int", "data": 22}, "Hcamera2end": {"type": "ndarray", "data": [[0.9999983264927703, 0.0018276864910507437, 8.107866098635988e-05, -0.01573974595857901], [-8.086577720127291e-05, -0.00011655078691275023, 0.9999999899383198, 0.024722210639464184], [0.0018276959224428869, -0.999998322987596, -0.00011640279457569846, 0.03393009823770674], [0.0, 0.0, 0.0, 1.0]]}, "Hobj2base": {"type": "ndarray", "data": [[0.9999981880067856, 0.0018095996280392834, 0.0005910434261353285, -0.7358941375885891], [0.0018099454161210622, -0.9999981909130893, -0.0005850368698420542, 0.08876630593841157], [0.0005899836743843473, 0.000586105566099078, -0.9999996541997049, -0.0004543006317565747], [0.0, 0.0, 0.0, 1.0]]}, "mean_rme": {"type": "float", "data": 0.001578663124570241}, "max_rme": {"type": "float", "data": 0.004444963545433583}, "simu": {"type": "float", "data": 0.002}}, {"type": "dict", "image_number": {"type": "int", "data": 23}, "Hcamera2end": {"type": "ndarray", "data": [[0.9999985635048111, 0.0016947775008971733, -2.6786875406379653e-05, -0.01561637130729347], [2.7038400075290558e-05, -0.00014838887874724094, 0.9999999886248325, 0.02482305012911009], [0.0016947735067443888, -0.9999985528539341, -0.0001484344896593992, 0.03392194133518012], [0.0, 0.0, 0.0, 1.0]]}, "Hobj2base": {"type": "ndarray", "data": [[0.9999984084688166, 0.0016798422166559408, 0.0006009908159917987, -0.7359718772165682], [0.0016802063522872786, -0.9999984048939019, -0.0006059012008296699, 0.08884800140770625], [0.0005999720389314072, 0.0006069100251057104, -0.9999996358468204, -0.00042335680792904767], [0.0, 0.0, 0.0, 1.0]]}, "mean_rme": {"type": "float", "data": 0.0015862268964060096}, "max_rme": {"type": "float", "data": 0.004411163752471858}, "simu": {"type": "float", "data": 0.002}}, {"type": "dict", "image_number": {"type": "int", "data": 24}, "Hcamera2end": {"type": "ndarray", "data": [[0.9999987727360717, 0.0015666792590644817, -6.515328520816251e-06, -0.01561046811260539], [6.7861779919849196e-06, -0.00017287599786519614, 0.9999999850339181, 0.024904473118183112], [0.0015666781092735127, -0.9999987578142224, -0.00017288641746504574, 0.033986851429973465], [0.0, 0.0, 0.0, 1.0]]}, "Hobj2base": {"type": "ndarray", "data": [[0.9999985931299156, 0.001559984870120852, 0.0006165917568777743, -0.7358856616610786], [0.001560313077046246, -0.9999986411081878, -0.000532169972449882, 0.08891175964675989], [0.0006157607418909299, 0.0005331312999373233, -0.999999668304808, -0.0003439544406556282], [0.0, 0.0, 0.0, 1.0]]}, "mean_rme": {"type": "float", "data": 0.0015980816433062528}, "max_rme": {"type": "float", "data": 0.004582491242123843}, "simu": {"type": "float", "data": 0.002}}, {"type": "dict", "image_number": {"type": "int", "data": 25}, "Hcamera2end": {"type": "ndarray", "data": [[0.9999976142617912, 0.0021772027809583753, 0.0001768015170673608, -0.015384148013439854], [-0.0001763821406550502, -0.00019281216290689684, 0.9999999658564046, 0.023475686679324207], [0.002177236796103755, -0.9999976113029073, -0.00019242768322058623, 0.033872541111456815], [0.0, 0.0, 0.0, 1.0]]}, "Hobj2base": {"type": "ndarray", "data": [[0.9999974185404862, 0.00217623871151955, 0.0006533738853815032, -0.7359885741087318], [0.0021764142836556304, -0.9999975956618903, -0.0002681255377827309, 0.08892060840258754], [0.0006527888092749011, 0.0002695468578842224, -0.9999997506055995, 0.0012387702436873439], [0.0, 0.0, 0.0, 1.0]]}, "mean_rme": {"type": "float", "data": 0.0017405631437856384}, "max_rme": {"type": "float", "data": 0.005121714577977277}, "simu": {"type": "float", "data": 0.002}}, {"type": "dict", "image_number": {"type": "int", "data": 26}, "Hcamera2end": {"type": "ndarray", "data": [[0.9999975550831155, 0.0022032726207942437, 0.00018819550956610583, -0.015391229738568993], [-0.00018800272686386385, -8.770512634437289e-05, 0.9999999784813925, 0.02334406677022581], [0.002203289079093829, -0.9999975689458297, -8.729069065194217e-05, 0.033893582849976504], [0.0, 0.0, 0.0, 1.0]]}, "Hobj2base": {"type": "ndarray", "data": [[0.9999972406749186, 0.0022673235589844866, 0.000614724676520546, -0.7359877915277574], [0.002267507194047329, -0.9999973847419728, -0.0002981951376102888, 0.08885290927918833], [0.0006140469639962227, 0.00029958820741933517, -0.9999997665965887, 0.0013616025739677795], [0.0, 0.0, 0.0, 1.0]]}, "mean_rme": {"type": "float", "data": 0.0017258346378919048}, "max_rme": {"type": "float", "data": 0.005124833892256486}, "simu": {"type": "float", "data": 0.002}}, {"type": "dict", "image_number": {"type": "int", "data": 27}, "Hcamera2end": {"type": "ndarray", "data": [[0.9999967727676851, 0.0025355238418375376, 0.00015991579732870008, -0.01536085133884135], [-0.00015979279298861094, -4.8714902672220006e-05, 0.9999999860465604, 0.02260655519332353], [0.002535531596740762, -0.9999967843676824, -4.8309587021622136e-05, 0.0338426766910176], [0.0, 0.0, 0.0, 1.0]]}, "Hobj2base": {"type": "ndarray", "data": [[0.9999963989233236, 0.0026137281751527812, 0.0006087408409986157, -0.7360451491170423], [0.00261385657907281, -0.9999965617718853, -0.00021023366126202714, 0.08874871005978929], [0.0006081892543649353, 0.00021182406544668754, -0.9999997926181767, 0.0020945518563240425], [0.0, 0.0, 0.0, 1.0]]}, "mean_rme": {"type": "float", "data": 0.0017229516693060656}, "max_rme": {"type": "float", "data": 0.00502226689809282}, "simu": {"type": "float", "data": 0.002}}, {"type": "dict", "image_number": {"type": "int", "data": 28}, "Hcamera2end": {"type": "ndarray", "data": [[0.999996578546566, 0.0026154853165268445, -4.6170562169069e-05, -0.015431999468938942], [4.62294164360296e-05, -2.2441783847026997e-05, 0.9999999986796038, 0.021857988497774605], [0.002615484276923591, -0.9999965793606123, -2.2562619423460717e-05, 0.03379903249332077], [0.0, 0.0, 0.0, 1.0]]}, "Hobj2base": {"type": "ndarray", "data": [[0.9999962454263056, 0.0026802887334318112, 0.0005702504689589699, -0.7360799910842702], [0.0026803935053838907, -0.9999963909861049, -0.00018304485852388923, 0.0885801485804981], [0.00056975779784509, 0.00018457266692191828, -0.9999998206544745, 0.002728782557689023], [0.0, 0.0, 0.0, 1.0]]}, "mean_rme": {"type": "float", "data": 0.0017342089416054758}, "max_rme": {"type": "float", "data": 0.005125633000570562}, "simu": {"type": "float", "data": 0.002}}, {"type": "dict", "image_number": {"type": "int", "data": 29}, "Hcamera2end": {"type": "ndarray", "data": [[0.9999959972210981, 0.0028275926410829782, -0.0001012997410163028, -0.015462908280635814], [0.00010124883384793597, 1.814685340795208e-05, 0.9999999947096826, 0.02141960488771221], [0.002827594464395666, -0.9999960021872826, 1.7860490312604504e-05, 0.0337838238743636], [0.0, 0.0, 0.0, 1.0]]}, "Hobj2base": {"type": "ndarray", "data": [[0.9999956369145652, 0.002895582899413801, 0.0005845951640820572, -0.7360903971460666], [0.0028956911382948198, -0.9999957904776406, -0.00018439043080061023, 0.08844309855029885], [0.0005840587854374008, 0.0001860824333255297, -0.9999998121243143, 0.0031133846341436272], [0.0, 0.0, 0.0, 1.0]]}, "mean_rme": {"type": "float", "data": 0.0017280288322430416}, "max_rme": {"type": "float", "data": 0.005233986820056297}, "simu": {"type": "float", "data": 0.002}}, {"type": "dict", "image_number": {"type": "int", "data": 30}, "Hcamera2end": {"type": "ndarray", "data": [[0.9999939550622947, 0.003474241821332565, -0.0001395802143029758, -0.015529923103978044], [0.00013961307297427486, -9.215272533946717e-06, 0.9999999902116343, 0.021503191402409458], [0.0034742405010557004, -0.9999939647612108, -9.700266405010538e-06, 0.0337045386549453], [0.0, 0.0, 0.0, 1.0]]}, "Hobj2base": {"type": "ndarray", "data": [[0.9999936019312919, 0.0035256486838117058, 0.0006048948991956407, -0.7362271287945293], [0.0035257518044228384, -0.9999937701533681, -0.00016949532812174633, 0.08828050892710743], [0.0006042935498126856, 0.0001716269529613165, -0.9999998026867278, 0.0030104009775048144], [0.0, 0.0, 0.0, 1.0]]}, "mean_rme": {"type": "float", "data": 0.0017661841832742734}, "max_rme": {"type": "float", "data": 0.005203377434134571}, "simu": {"type": "float", "data": 0.002}}]}