{"type": "list", "data": [{"type": "dict", "image_number": {"type": "int", "data": 5}, "Hcamera2end": {"type": "ndarray", "data": [[0.9999878869497375, 0.0003297790193531806, 0.00491092655181375, -0.013760398524720335], [-0.0049108966388123326, -9.145478100269777e-05, 0.9999879372923587, 0.0283947623931107], [0.00033022416903759995, -0.9999999414409092, -8.983416252861254e-05, 0.03739163907886879], [0.0, 0.0, 0.0, 1.0]]}, "Hobj2base": {"type": "ndarray", "data": [[0.9999979147391618, -0.00035062099618481997, 0.0020118603940537665, -0.7402695119596444], [-0.0003595217355059072, -0.9999901428917102, 0.00442547890496512, 0.09048689100005829], [0.002010288897105745, -0.004426192984227735, -0.9999881837072955, 0.006995916104940991], [0.0, 0.0, 0.0, 1.0]]}, "mean_rme": {"type": "float", "data": 0.0015547182386919515}, "max_rme": {"type": "float", "data": 0.006815690423183335}, "simu": {"type": "float", "data": 0.002}}, {"type": "dict", "image_number": {"type": "int", "data": 6}, "Hcamera2end": {"type": "ndarray", "data": [[0.9999870638781594, 0.00043131190274864773, 0.005068140327636446, -0.01824812968198181], [-0.005068094565363126, -0.00010712710136862036, 0.9999871513880871, 0.02846032373275168], [0.0004318492961720233, -0.9999999012469087, -0.00010493978604908527, 0.03665800162084467], [0.0, 0.0, 0.0, 1.0]]}, "Hobj2base": {"type": "ndarray", "data": [[0.9999981015107678, -0.0003312494692670153, 0.001920220989647242, -0.7388165820602652], [-0.0003402180252942679, -0.9999890276112151, 0.004672141786453927, 0.08669558085109115], [0.0019186522757488867, -0.004672786210236281, -0.9999872418398543, 0.005709789569700548], [0.0, 0.0, 0.0, 1.0]]}, "mean_rme": {"type": "float", "data": 0.002079730685282692}, "max_rme": {"type": "float", "data": 0.006254221380803421}, "simu": {"type": "float", "data": 0.002}}, {"type": "dict", "image_number": {"type": "int", "data": 7}, "Hcamera2end": {"type": "ndarray", "data": [[0.9999911585820677, 0.00023176363344760585, 0.0041986954298063525, -0.019016998788387016], [-0.004198778370047248, 0.00035854671405366467, 0.9999911208128065, 0.028652273232982833], [0.00023025614712525065, -0.9999999088649318, 0.0003595166681233941, 0.034689912171759506], [0.0, 0.0, 0.0, 1.0]]}, "Hobj2base": {"type": "ndarray", "data": [[0.9999988642620077, -0.00033894963510834787, 0.0014685325463559243, -0.7370108863488499], [-0.0003444026694186365, -0.9999930415660814, 0.003714593681472164, 0.08557251435492749], [0.0014672632674963327, -0.0037150952291960864, -0.9999920225711509, 0.005365805788498054], [0.0, 0.0, 0.0, 1.0]]}, "mean_rme": {"type": "float", "data": 0.002071470856969338}, "max_rme": {"type": "float", "data": 0.006108385564498858}, "simu": {"type": "float", "data": 0.002}}, {"type": "dict", "image_number": {"type": "int", "data": 8}, "Hcamera2end": {"type": "ndarray", "data": [[0.9999959222188772, 0.0007417126569492598, 0.0027577904111199076, -0.017558727778921784], [-0.0027585726188560237, 0.0010556494419079465, 0.9999956379311674, 0.028658501581524706], [0.0007387981616391978, -0.999999167732949, 0.0010576912054270915, 0.0345272607074694], [0.0, 0.0, 0.0, 1.0]]}, "Hobj2base": {"type": "ndarray", "data": [[0.9999996333506304, 0.0007313325177132271, 0.0004454787912352095, -0.737035542855093], [0.0007301031396073587, -0.9999959422615166, 0.0027536176037060434, 0.08576621104047], [0.0004474907936937125, -0.002753291348629775, -0.999996109561802, 0.0059779878415837095], [0.0, 0.0, 0.0, 1.0]]}, "mean_rme": {"type": "float", "data": 0.0019276086433414302}, "max_rme": {"type": "float", "data": 0.006533590953385543}, "simu": {"type": "float", "data": 0.002}}, {"type": "dict", "image_number": {"type": "int", "data": 9}, "Hcamera2end": {"type": "ndarray", "data": [[0.9999968614910422, -6.37686183686966e-06, 0.00250538767480766, -0.017795343790504896], [-0.002505379525349554, 0.0010580653128030582, 0.9999963017787755, 0.028360941511671754], [-9.027702047662402e-06, -0.9999994402284081, 0.0010580460155965588, 0.03335548815622404], [0.0, 0.0, 0.0, 1.0]]}, "Hobj2base": {"type": "ndarray", "data": [[0.9999999517859571, 1.267860635818076e-05, 0.0003102697799960442, -0.7357099982779269], [1.1906046863710426e-05, -0.9999969002834641, 0.002489835679237142, 0.08608084487893405], [0.00031030038589415014, -0.0024898318651055567, -0.9999968522205227, 0.006282920939152503], [0.0, 0.0, 0.0, 1.0]]}, "mean_rme": {"type": "float", "data": 0.0022070647679083284}, "max_rme": {"type": "float", "data": 0.0060297311909750795}, "simu": {"type": "float", "data": 0.002}}, {"type": "dict", "image_number": {"type": "int", "data": 10}, "Hcamera2end": {"type": "ndarray", "data": [[0.9999964859276648, -0.000258586633709303, 0.0026384209813084033, -0.01728369107311898], [-0.0026381325125882813, 0.0011096228038487421, 0.9999959044886533, 0.02863696949775387], [-0.0002615132267518238, -0.9999993509348826, 0.0011089367187482324, 0.03339186394280482], [0.0, 0.0, 0.0, 1.0]]}, "Hobj2base": {"type": "ndarray", "data": [[0.9999999833972717, -0.00018221172190925053, 2.0843888237693335e-06, -0.7358393824488021], [-0.00018221691581157828, -0.9999959341419442, 0.002845785757214671, 0.08680308464735506], [1.5658448259333375e-06, -0.0028457860897777663, -0.9999959507413414, 0.006673007528266661], [0.0, 0.0, 0.0, 1.0]]}, "mean_rme": {"type": "float", "data": 0.0021589333280215665}, "max_rme": {"type": "float", "data": 0.005881468997558842}, "simu": {"type": "float", "data": 0.002}}, {"type": "dict", "image_number": {"type": "int", "data": 11}, "Hcamera2end": {"type": "ndarray", "data": [[0.9999992054599026, 0.00011075084229251715, 0.0012557124728019284, -0.01630784139804544], [-0.0012558943412291077, 0.001657649657083593, 0.9999978374611705, 0.029029134132671733], [0.00010866907143958476, -0.9999986199649803, 0.001657787431370572, 0.03234000273552394], [0.0, 0.0, 0.0, 1.0]]}, "Hobj2base": {"type": "ndarray", "data": [[0.9999995670787099, 0.0005870720769662112, -0.0007219340477879157, -0.7351237265548327], [0.0005883013439835651, -0.9999983756362918, 0.0017037095722549492, 0.08660186269028455], [-0.0007209326747873178, -0.001704133549453384, -0.9999982880909966, 0.006578345384818072], [0.0, 0.0, 0.0, 1.0]]}, "mean_rme": {"type": "float", "data": 0.0020336693343459755}, "max_rme": {"type": "float", "data": 0.0062378907843459175}, "simu": {"type": "float", "data": 0.002}}, {"type": "dict", "image_number": {"type": "int", "data": 12}, "Hcamera2end": {"type": "ndarray", "data": [[0.9999993960069199, -0.0007843858909098861, 0.0007698860757052507, -0.016600036068197075], [-0.0007688948539408885, 0.0012632103034906361, 0.9999989065496186, 0.030657599862248797], [-0.0007853575612461793, -0.9999988945186407, 0.0012626064302453388, 0.03227007189486401], [0.0, 0.0, 0.0, 1.0]]}, "Hobj2base": {"type": "ndarray", "data": [[0.9999994406687626, -0.00044788045318910723, -0.0009581572218351952, -0.7349382039376194], [-0.0004462516996253323, -0.9999984564138569, 0.0016994202904512215, 0.08751857788845312], [-0.0009589168799668309, -0.001698991760623615, -0.9999980969508964, 0.004981010753773403], [0.0, 0.0, 0.0, 1.0]]}, "mean_rme": {"type": "float", "data": 0.0019900785863684028}, "max_rme": {"type": "float", "data": 0.005845221635030151}, "simu": {"type": "float", "data": 0.002}}, {"type": "dict", "image_number": {"type": "int", "data": 13}, "Hcamera2end": {"type": "ndarray", "data": [[0.9999994635558083, -0.001016031257409149, 0.000201416433481743, -0.016033308387246637], [-0.000199973944659159, 0.0014196306433678085, 0.9999989723291011, 0.030754047240251468], [-0.001016316150204442, -0.9999984761634994, 0.0014194267020366524, 0.03268083791883002], [0.0, 0.0, 0.0, 1.0]]}, "Hobj2base": {"type": "ndarray", "data": [[0.9999992293729696, -0.0006467245731178714, -0.0010597173176952377, -0.735501230764197], [-0.0006455574391330754, -0.9999991851573271, 0.0011013356774868819, 0.08768357031162613], [-0.0010604287150382283, -0.001100650720370023, -0.999998832028784, 0.004929003063305801], [0.0, 0.0, 0.0, 1.0]]}, "mean_rme": {"type": "float", "data": 0.0019302026739642225}, "max_rme": {"type": "float", "data": 0.005835658042003283}, "simu": {"type": "float", "data": 0.002}}, {"type": "dict", "image_number": {"type": "int", "data": 14}, "Hcamera2end": {"type": "ndarray", "data": [[0.9999998518382125, -9.711583293154244e-05, 0.000535623065261858, -0.015796891417222084], [-0.0005354711089948302, 0.001558023171896683, 0.9999986429163228, 0.03225807702856532], [-9.79502142843111e-05, -0.9999987815654132, 0.0015579709383344298, 0.032706906359080704], [0.0, 0.0, 0.0, 1.0]]}, "Hobj2base": {"type": "ndarray", "data": [[0.9999997641965698, 0.0001905398441315817, -0.0006597737283566774, -0.7355832887000648], [0.00019145244159583262, -0.999999024759701, 0.0013834108604419938, 0.0886336346893475], [-0.0006595094900290309, -0.0013835368495201622, -0.9999988254358192, 0.00383731175686581], [0.0, 0.0, 0.0, 1.0]]}, "mean_rme": {"type": "float", "data": 0.001856910090106932}, "max_rme": {"type": "float", "data": 0.005525479222628943}, "simu": {"type": "float", "data": 0.002}}, {"type": "dict", "image_number": {"type": "int", "data": 15}, "Hcamera2end": {"type": "ndarray", "data": [[0.9999994638163251, -0.0008277456178687486, 0.0006222573860087615, -0.015733166852329762], [-0.0006210977507050292, 0.0014004762475334775, 0.9999988264512435, 0.034071669637002214], [-0.0008286161031578657, -0.9999986767508605, 0.001399961385679549, 0.03281399657969857], [0.0, 0.0, 0.0, 1.0]]}, "Hobj2base": {"type": "ndarray", "data": [[0.9999994901435156, -0.0005573312777113753, -0.0008420775235567396, -0.7354032531602833], [-0.0005562587731365184, -0.9999990345915444, 0.0012733389796964788, 0.08978334130031855], [-0.0008427863822484917, -0.0012728699174662037, -0.999998834755965, 0.002377978014411408], [0.0, 0.0, 0.0, 1.0]]}, "mean_rme": {"type": "float", "data": 0.001805667795881873}, "max_rme": {"type": "float", "data": 0.005752647835576941}, "simu": {"type": "float", "data": 0.002}}, {"type": "dict", "image_number": {"type": "int", "data": 16}, "Hcamera2end": {"type": "ndarray", "data": [[0.9999996146057597, -0.0006994409320433864, 0.0005306323723107118, -0.01583336567806575], [-0.0005296557298395312, 0.0013957651652628522, 0.9999988856515846, 0.03403795417212261], [-0.0007001807908033244, -0.9999987813102503, 0.0013953941644456735, 0.03270392537353391], [0.0, 0.0, 0.0, 1.0]]}, "Hobj2base": {"type": "ndarray", "data": [[0.9999995080471467, -0.000464575899697302, -0.0008763987095581283, -0.7355350979573999], [-0.0004635337189675606, -0.9999991857177182, 0.001188991333726199, 0.08964412314388846], [-0.0008769503726407856, -0.0011885845084453799, -0.9999989091118597, 0.002245119277272785], [0.0, 0.0, 0.0, 1.0]]}, "mean_rme": {"type": "float", "data": 0.0018316933521754252}, "max_rme": {"type": "float", "data": 0.005734775657176366}, "simu": {"type": "float", "data": 0.002}}, {"type": "dict", "image_number": {"type": "int", "data": 17}, "Hcamera2end": {"type": "ndarray", "data": [[0.9999996015275253, -0.0007704332754654813, 0.00045097378921320663, -0.015897873397246284], [-0.00044994037597902885, 0.0013409875007626137, 0.9999989996525902, 0.034220841901115094], [-0.0007710372549790561, -0.9999988040918304, 0.0013406403173783499, 0.03262312568366033], [0.0, 0.0, 0.0, 1.0]]}, "Hobj2base": {"type": "ndarray", "data": [[0.9999994727859159, -0.0005077716941257012, -0.0008925221548306308, -0.7355806559249061], [-0.0005067239111794748, -0.9999991827216144, 0.0011737917111732234, 0.08946025018640213], [-0.000893117443597298, -0.0011733388300165912, -0.99999891280802, 0.002188836603061687], [0.0, 0.0, 0.0, 1.0]]}, "mean_rme": {"type": "float", "data": 0.0018284653751864499}, "max_rme": {"type": "float", "data": 0.005734141171771373}, "simu": {"type": "float", "data": 0.002}}, {"type": "dict", "image_number": {"type": "int", "data": 18}, "Hcamera2end": {"type": "ndarray", "data": [[0.9999997397649514, -0.0006422133410011079, 0.00032868229957025327, -0.015992545585186625], [-0.000327834405783968, 0.001319927610943128, 0.9999990751574244, 0.034059319238148054], [-0.0006426465838972985, -0.9999989226759829, 0.0013197167278227173, 0.03272538104500748], [0.0, 0.0, 0.0, 1.0]]}, "Hobj2base": {"type": "ndarray", "data": [[0.9999995250514586, -0.0003682613016609715, -0.0009023749059163043, -0.7356515744824287], [-0.0003672328400061246, -0.9999992831932816, 0.0011396284322968938, 0.08939200657567561], [-0.0009027939401377969, -0.0011392965093325823, -0.9999989434827243, 0.002415814463352906], [0.0, 0.0, 0.0, 1.0]]}, "mean_rme": {"type": "float", "data": 0.0018224531758885343}, "max_rme": {"type": "float", "data": 0.005693095875532739}, "simu": {"type": "float", "data": 0.002}}, {"type": "dict", "image_number": {"type": "int", "data": 19}, "Hcamera2end": {"type": "ndarray", "data": [[0.9999998132659731, -0.0005379645608394482, 0.00028993473430996455, -0.01587221512255324], [-0.0002892309014076833, 0.0013079426374232872, 0.9999991028153689, 0.03427787032138132], [-0.0005383432961869861, -0.9999989999395941, 0.0013077867972109969, 0.03267720631883348], [0.0, 0.0, 0.0, 1.0]]}, "Hobj2base": {"type": "ndarray", "data": [[0.9999995055870242, -0.00025836342532480446, -0.0009602468680231461, -0.7356091452975305], [-0.0002572082247004264, -0.9999992433731466, 0.001202953475010451, 0.08936867081115722], [-0.0009605569406548901, -0.0012027058968624453, -0.9999988154137429, 0.0022230300874150313], [0.0, 0.0, 0.0, 1.0]]}, "mean_rme": {"type": "float", "data": 0.0017632319664648145}, "max_rme": {"type": "float", "data": 0.005664875728645408}, "simu": {"type": "float", "data": 0.002}}, {"type": "dict", "image_number": {"type": "int", "data": 20}, "Hcamera2end": {"type": "ndarray", "data": [[0.9999999159603877, -0.0004026113797302428, 7.735175748346378e-05, -0.01606026396531305], [-7.684951144778482e-05, 0.0012473370527328331, 0.99999921912191, 0.03428922153783668], [-0.00040270754905304064, -0.9999991410268081, 0.001247306007419291, 0.03279383023835838], [0.0, 0.0, 0.0, 1.0]]}, "Hobj2base": {"type": "ndarray", "data": [[0.9999995451156779, -0.00011209509726957989, -0.0009472080692527252, -0.7356753170277466], [-0.00011108801798193492, -0.9999994286390048, 0.0010631938280159525, 0.08906366232651051], [-0.0009473267068705481, -0.001063088120918719, -0.9999989862073648, 0.0024277498597301246], [0.0, 0.0, 0.0, 1.0]]}, "mean_rme": {"type": "float", "data": 0.0017725403682445657}, "max_rme": {"type": "float", "data": 0.005802783404081913}, "simu": {"type": "float", "data": 0.002}}, {"type": "dict", "image_number": {"type": "int", "data": 21}, "Hcamera2end": {"type": "ndarray", "data": [[0.9999999415264285, -0.00032066340333035, 0.00011883653279441593, -0.01591115053105847], [-0.00011845435137356264, 0.0011916019747694184, 0.9999992830263932, 0.034589078376421716], [-0.00032080477927030573, -0.9999992386295679, 0.001191563921116745, 0.03264718491646541], [0.0, 0.0, 0.0, 1.0]]}, "Hobj2base": {"type": "ndarray", "data": [[0.9999994457003408, -5.521764191664737e-05, -0.0010514513888814695, -0.7356891789891975], [-5.407168743070053e-05, -0.9999994046231548, 0.0010898759511634348, 0.08902354322920905], [-0.0010515109432516635, -0.0010898184932947184, -0.9999988533095368, 0.0021144578536730985], [0.0, 0.0, 0.0, 1.0]]}, "mean_rme": {"type": "float", "data": 0.0018316527477566288}, "max_rme": {"type": "float", "data": 0.005947758038075096}, "simu": {"type": "float", "data": 0.002}}, {"type": "dict", "image_number": {"type": "int", "data": 22}, "Hcamera2end": {"type": "ndarray", "data": [[0.999999992847884, -0.00010908996316416622, 4.902664536309687e-05, -0.015855550589321688], [-4.89030038584013e-05, 0.0011331044483986474, 0.9999993568411955, 0.03470701246706222], [-0.00010914544531194693, -0.9999993520866343, 0.001133099105467661, 0.032693169164214254], [0.0, 0.0, 0.0, 1.0]]}, "Hobj2base": {"type": "ndarray", "data": [[0.9999994034871992, 0.0001657103080761562, -0.0010796135139913377, -0.7356701329509132], [0.00016683604502919228, -0.9999994424548284, 0.0010427155732980215, 0.08891363235177267], [-0.0010794401233391487, -0.0010428950697536688, -0.9999988735888126, 0.0020424174533629695], [0.0, 0.0, 0.0, 1.0]]}, "mean_rme": {"type": "float", "data": 0.0017895798429581418}, "max_rme": {"type": "float", "data": 0.006104262776892105}, "simu": {"type": "float", "data": 0.002}}, {"type": "dict", "image_number": {"type": "int", "data": 23}, "Hcamera2end": {"type": "ndarray", "data": [[0.9999999999579451, 8.636056922144285e-06, -3.0868012411892974e-06, -0.015862883029308106], [3.077480210491254e-06, 0.0010791074732463546, 0.9999994177586259, 0.0347615023903236], [8.639382884162428e-06, -0.9999994177260706, 0.0010791074466237616, 0.03272203924191995], [0.0, 0.0, 0.0, 1.0]]}, "Hobj2base": {"type": "ndarray", "data": [[0.9999993610074955, 0.0002910257431284098, -0.0010923775068264882, -0.7356836237955029], [0.000292097907312609, -0.999999475702648, 0.0009814648444812456, 0.0887998626938409], [-0.0010920913025601348, -0.000981783298516306, -0.9999989217184893, 0.002035834017727662], [0.0, 0.0, 0.0, 1.0]]}, "mean_rme": {"type": "float", "data": 0.0017469837030977824}, "max_rme": {"type": "float", "data": 0.006200068683884036}, "simu": {"type": "float", "data": 0.002}}, {"type": "dict", "image_number": {"type": "int", "data": 24}, "Hcamera2end": {"type": "ndarray", "data": [[0.9999999913529317, 6.791276367856187e-05, -0.00011261435495504042, -0.015925427255445428], [0.00011254378966398638, 0.0010381680809297134, 0.999999454770317, 0.03490601112927652], [6.802963927927606e-05, -0.9999994587972998, 0.0010381604287927892, 0.032717447986781105], [0.0, 0.0, 0.0, 1.0]]}, "Hobj2base": {"type": "ndarray", "data": [[0.9999993098720857, 0.00034625386064898115, -0.001122659171905675, -0.7357202469930936], [0.00034729594225049384, -0.999999508948336, 0.0009281641102652479, 0.08861369653708832], [-0.0011223372402155254, -0.0009285533646882194, -0.9999989390733215, 0.0020251730593266273], [0.0, 0.0, 0.0, 1.0]]}, "mean_rme": {"type": "float", "data": 0.001753222391201363}, "max_rme": {"type": "float", "data": 0.0063385761716401035}, "simu": {"type": "float", "data": 0.002}}, {"type": "dict", "image_number": {"type": "int", "data": 25}, "Hcamera2end": {"type": "ndarray", "data": [[0.9999999621260001, 0.00022584409463190474, -0.0001572973089245754, -0.015853073317414104], [0.00015706142455706383, 0.0010440947713253879, 0.9999994425987534, 0.03497418938774855], [0.00022600820204391657, -0.9999994294301139, 0.0010440592603860877, 0.03278726872115691], [0.0, 0.0, 0.0, 1.0]]}, "Hobj2base": {"type": "ndarray", "data": [[0.999999229994335, 0.0005053515604712461, -0.0011334154301908955, -0.7356500392677231], [0.0005064051641115807, -0.999999439802153, 0.0009294886713939676, 0.08858876267664134], [-0.0011329450767034823, -0.0009300619231093574, -0.9999989257095592, 0.0019750788951800624], [0.0, 0.0, 0.0, 1.0]]}, "mean_rme": {"type": "float", "data": 0.0017376268883992827}, "max_rme": {"type": "float", "data": 0.006440279349871986}, "simu": {"type": "float", "data": 0.002}}, {"type": "dict", "image_number": {"type": "int", "data": 26}, "Hcamera2end": {"type": "ndarray", "data": [[0.999999960544304, 0.0002251597798168057, -0.00016797161699224733, -0.01583334240149279], [0.00016774367242214323, 0.001012004946528533, 0.9999994738538858, 0.03514994827402652], [0.00022532964945713501, -0.9999994625743864, 0.0010119671374708705, 0.03271741966940237], [0.0, 0.0, 0.0, 1.0]]}, "Hobj2base": {"type": "ndarray", "data": [[0.9999991962269313, 0.0005048040518504583, -0.0011630642117016177, -0.7356572214898007], [0.0005058820203473596, -0.9999994426298802, 0.0009267272042319468, 0.08850093164686962], [-0.0011625957477967219, -0.0009273148326267873, -0.9999988942285531, 0.0018473011765725172], [0.0, 0.0, 0.0, 1.0]]}, "mean_rme": {"type": "float", "data": 0.00174337656388793}, "max_rme": {"type": "float", "data": 0.0065900235155961495}, "simu": {"type": "float", "data": 0.002}}, {"type": "dict", "image_number": {"type": "int", "data": 27}, "Hcamera2end": {"type": "ndarray", "data": [[0.9999999504798825, 0.00027609349415420116, -0.00015103845506422164, -0.015735788028228778], [0.00015075133598705488, 0.0010396594055752661, 0.9999994481910256, 0.03518576283350251], [0.00027625037035374433, -0.9999994214401843, 0.001039617732628062, 0.032745903569353724], [0.0, 0.0, 0.0, 1.0]]}, "Hobj2base": {"type": "ndarray", "data": [[0.9999991769050339, 0.0005661771967051206, -0.0011513612103012042, -0.7355679674781447], [0.000567295140158146, -0.9999993677831744, 0.000970880773123332, 0.08856366868957667], [-0.0011508107918368129, -0.0009715331356154255, -0.999998865878301, 0.0017689743100437966], [0.0, 0.0, 0.0, 1.0]]}, "mean_rme": {"type": "float", "data": 0.0017556402531384062}, "max_rme": {"type": "float", "data": 0.006638512581836925}, "simu": {"type": "float", "data": 0.002}}, {"type": "dict", "image_number": {"type": "int", "data": 28}, "Hcamera2end": {"type": "ndarray", "data": [[0.9999999165680381, 0.0003514043981431253, -0.00020827593658852931, -0.015747223604706383], [0.00020791542741562105, 0.0010256344950797525, 0.999999452422379, 0.03518191358820654], [0.0003516178207070011, -0.999999412294243, 0.0010255613471135128, 0.03277790474047668], [0.0, 0.0, 0.0, 1.0]]}, "Hobj2base": {"type": "ndarray", "data": [[0.9999991089101588, 0.0006482115006626818, -0.0011670478734076399, -0.7355852906072421], [0.0006493405894789546, -0.999999321289867, 0.0009673554692211794, 0.08852841377838541], [-0.0011664200303800447, -0.0009681124187746166, -0.9999988511106686, 0.0018064989686931512], [0.0, 0.0, 0.0, 1.0]]}, "mean_rme": {"type": "float", "data": 0.0017165156162336135}, "max_rme": {"type": "float", "data": 0.006635240943600268}, "simu": {"type": "float", "data": 0.002}}, {"type": "dict", "image_number": {"type": "int", "data": 29}, "Hcamera2end": {"type": "ndarray", "data": [[0.9999999032519779, 0.00038756454303829404, -0.00020806191383568865, -0.01570430530874517], [0.00020765641743072336, 0.0010460146355061317, 0.9999994313659354, 0.03519084033750066], [0.00038778195846285625, -0.9999993778233599, 0.0010459340540417417, 0.032796103489888394], [0.0, 0.0, 0.0, 1.0]]}, "Hobj2base": {"type": "ndarray", "data": [[0.9999990796157133, 0.0006825860696184191, -0.0011725374125621107, -0.7355501128600546], [0.0006837505677266334, -0.9999992731879583, 0.000993030068154755, 0.08855744828517896], [-0.0011718587318565654, -0.0009938308773070042, -0.9999988195229532, 0.0017834233085289003], [0.0, 0.0, 0.0, 1.0]]}, "mean_rme": {"type": "float", "data": 0.0016889879542164865}, "max_rme": {"type": "float", "data": 0.006650176466046459}, "simu": {"type": "float", "data": 0.002}}, {"type": "dict", "image_number": {"type": "int", "data": 30}, "Hcamera2end": {"type": "ndarray", "data": [[0.9999998663642928, 0.0004755517711403681, -0.0002027853776702466, -0.015628344357501777], [0.00020229277117205492, 0.0010356824528749975, 0.9999994432195907, 0.03528180258333199], [0.000475761527619811, -0.9999993506059739, 0.0010355861137851807, 0.03281789288464406], [0.0, 0.0, 0.0, 1.0]]}, "Hobj2base": {"type": "ndarray", "data": [[0.999999013062088, 0.0007760881940892288, -0.001171137039322103, -0.7354854965125822], [0.0007772412861426285, -0.9999992133687101, 0.0009844581983610794, 0.08853611346226688], [-0.0011703720916837407, -0.0009853674828206528, -0.9999988296393607, 0.0016845742633155303], [0.0, 0.0, 0.0, 1.0]]}, "mean_rme": {"type": "float", "data": 0.0016960933166720925}, "max_rme": {"type": "float", "data": 0.006773326761227744}, "simu": {"type": "float", "data": 0.002}}]}