{"type": "list", "data": [{"type": "dict", "image_number": {"type": "int", "data": 5}, "Hcamera2end": {"type": "ndarray", "data": [[0.99999785982375, 0.0014481242793486543, -0.0014775939872289636, -0.011300679009381441], [0.0014779975842377467, -0.00027767277154366887, 0.9999988692098472, 0.02520260663341679], [0.001447712354206329, -0.9999989129163609, -0.00027981250146158487, 0.03171140154682676], [0.0, 0.0, 0.0, 1.0]]}, "Hobj2base": {"type": "ndarray", "data": [[0.9999988630525772, 0.0005866471583703415, 0.00138915033905011, -0.7335088161755308], [0.0005874019479583187, -0.9999996800546105, -0.0005430005786240065, 0.09336910261313822], [0.0013888313448514205, 0.0005438159508760631, -0.999998887705235, 0.0046149807799510615], [0.0, 0.0, 0.0, 1.0]]}, "mean_rme": {"type": "float", "data": 0.0018353228450331603}, "max_rme": {"type": "float", "data": 0.004538967821542311}, "simu": {"type": "float", "data": 0.002}}, {"type": "dict", "image_number": {"type": "int", "data": 6}, "Hcamera2end": {"type": "ndarray", "data": [[0.999992428542584, 0.0021064754906176164, -0.0032719441487469164, -0.01300949538237034], [0.0032709411085893327, 0.00047943899690838787, 0.9999945355263258, 0.0245264361914647], [0.002108032677458368, -0.999997666446905, 0.0004725452095799554, 0.03125499356610283], [0.0, 0.0, 0.0, 1.0]]}, "Hobj2base": {"type": "ndarray", "data": [[0.9999985916281883, 0.001480719767204164, 0.0007900700037827288, -0.7336739194479449], [0.0014820585224576475, -0.9999974625384489, -0.0016965904629924421, 0.09074501179418003], [0.0007875558239750686, 0.0016977590035447024, -0.9999982486835612, 0.004554440899242895], [0.0, 0.0, 0.0, 1.0]]}, "mean_rme": {"type": "float", "data": 0.0016789424860898041}, "max_rme": {"type": "float", "data": 0.00471413557769762}, "simu": {"type": "float", "data": 0.002}}, {"type": "dict", "image_number": {"type": "int", "data": 7}, "Hcamera2end": {"type": "ndarray", "data": [[0.9999928927172825, 0.0008552073941537903, -0.0036719388930726987, -0.012681108679734328], [0.0036714337376592063, 0.0005915045500686222, 0.9999930853244322, 0.024226400648616458], [0.0008573734492349431, -0.9999994593711939, 0.0005883605087990684, 0.03169830587953354], [0.0, 0.0, 0.0, 1.0]]}, "Hobj2base": {"type": "ndarray", "data": [[0.9999998770258738, 0.0004029776635244923, 0.0002890626922346789, -0.7333755144291089], [0.0004036656132763793, -0.9999970771866518, -0.002383835612364687, 0.09084821515570897], [0.00028810121485308625, 0.0023839520038835215, -0.9999971168811108, 0.004701297157254996], [0.0, 0.0, 0.0, 1.0]]}, "mean_rme": {"type": "float", "data": 0.0017318116963378892}, "max_rme": {"type": "float", "data": 0.004646767145458308}, "simu": {"type": "float", "data": 0.002}}, {"type": "dict", "image_number": {"type": "int", "data": 8}, "Hcamera2end": {"type": "ndarray", "data": [[0.9999957124795799, 0.0008847566150774235, -0.0027914562847081194, -0.012993383938109953], [0.002790542329030622, 0.0010325589383818334, 0.9999955733379766, 0.024181434508768116], [0.0008876350416967932, -0.999999075513458, 0.0010300855604790105, 0.032291329702296624], [0.0, 0.0, 0.0, 1.0]]}, "Hobj2base": {"type": "ndarray", "data": [[0.9999998734999658, 0.00042302562028100223, -0.00027212015165656897, -0.7342392239174241], [0.0004225809404818809, -0.9999985788079377, -0.00163211747556081, 0.09083424704265883], [-0.00027281019242904, 0.0016320022763082825, -0.9999986310706477, 0.0050739968569908644], [0.0, 0.0, 0.0, 1.0]]}, "mean_rme": {"type": "float", "data": 0.0016723337725542678}, "max_rme": {"type": "float", "data": 0.004699138460892094}, "simu": {"type": "float", "data": 0.002}}, {"type": "dict", "image_number": {"type": "int", "data": 9}, "Hcamera2end": {"type": "ndarray", "data": [[0.9999987193140369, 0.0009769054635011783, -0.0012676852926873604, -0.014771893176410674], [0.0012664903159377934, 0.001222875930584566, 0.9999984502871683, 0.023933312623312893], [0.0009784541714102297, -0.9999987751143368, 0.0012216371231554835, 0.0339444302905973], [0.0, 0.0, 0.0, 1.0]]}, "Hobj2base": {"type": "ndarray", "data": [[0.9999997089523299, 0.0005111942347395205, -0.0005663706470102522, -0.736003951571953], [0.0005111449822759841, -0.9999998655719389, -8.710287601085577e-05, 0.08980855488226418], [-0.0005664150973621903, 8.681335314543895e-05, -0.9999998358186759, 0.005352046660615296], [0.0, 0.0, 0.0, 1.0]]}, "mean_rme": {"type": "float", "data": 0.00168288049523354}, "max_rme": {"type": "float", "data": 0.004650693868030575}, "simu": {"type": "float", "data": 0.002}}, {"type": "dict", "image_number": {"type": "int", "data": 10}, "Hcamera2end": {"type": "ndarray", "data": [[0.9999987460291355, 0.0011386431382249351, -0.001100650698557772, -0.01558655546848504], [0.0010996276389222835, 0.0008987263488494657, 0.9999989915544942, 0.023982023009362682], [0.0011396311737490534, -0.9999989478908233, 0.0008974731384071566, 0.03383161643801782], [0.0, 0.0, 0.0, 1.0]]}, "Hobj2base": {"type": "ndarray", "data": [[0.9999997398910119, 0.0006985299153956519, -0.00017964928564073984, -0.7360520703817659], [0.0006985193275045492, -0.9999997542952899, -5.89924425815923e-05, 0.08901804571827542], [-0.00017969044948598975, 5.8866938738935315e-05, -0.9999999821230123, 0.005022462361610103], [0.0, 0.0, 0.0, 1.0]]}, "mean_rme": {"type": "float", "data": 0.0016684714726399187}, "max_rme": {"type": "float", "data": 0.0047374581382525205}, "simu": {"type": "float", "data": 0.002}}, {"type": "dict", "image_number": {"type": "int", "data": 11}, "Hcamera2end": {"type": "ndarray", "data": [[0.999999133312388, 0.000779430978548108, -0.0010610663610762382, -0.014899516005985195], [0.0010607417318130499, 0.00041679058281529624, 0.9999993505560835, 0.02402628127119166], [0.0007798727148184395, -0.9999996093864038, 0.00041596344662209184, 0.03264617862407185], [0.0, 0.0, 0.0, 1.0]]}, "Hobj2base": {"type": "ndarray", "data": [[0.9999998830893493, 0.00037555307150779755, 0.0003046000300446037, -0.7344207884705173], [0.0003756042989451617, -0.9999999153252401, -0.00016813959302542562, 0.08936782193550344], [0.00030453685891206663, 0.00016825398244886, -0.9999999394739474, 0.004789857911288225], [0.0, 0.0, 0.0, 1.0]]}, "mean_rme": {"type": "float", "data": 0.001707985198527165}, "max_rme": {"type": "float", "data": 0.005066335356545326}, "simu": {"type": "float", "data": 0.002}}, {"type": "dict", "image_number": {"type": "int", "data": 12}, "Hcamera2end": {"type": "ndarray", "data": [[0.999999468953723, 0.00038063306318259003, -0.0009577112003028087, -0.014757758811863152], [0.000957474078981495, 0.0006226603988618296, 0.9999993477684954, 0.024579301181077762], [0.00038122914375968966, -0.9999997337062143, 0.0006222956219087417, 0.0327475989151517], [0.0, 0.0, 0.0, 1.0]]}, "Hobj2base": {"type": "ndarray", "data": [[0.9999999712591126, 0.00010763683643240608, 0.0002142337168393494, -0.7343506226553477], [0.00010763117133377803, -0.9999999938578348, 2.6454897033977353e-05, 0.08980488569967392], [0.00021423656304491538, -2.643183804775753e-05, -0.9999999767020264, 0.004347480553989827], [0.0, 0.0, 0.0, 1.0]]}, "mean_rme": {"type": "float", "data": 0.0017278163615216074}, "max_rme": {"type": "float", "data": 0.0047914687645096155}, "simu": {"type": "float", "data": 0.002}}, {"type": "dict", "image_number": {"type": "int", "data": 13}, "Hcamera2end": {"type": "ndarray", "data": [[0.9999996253842064, 0.0005445375891850212, -0.0006728374697845621, -0.015258441563261817], [0.0006724973733991963, 0.0006245022741570017, 0.9999995788720074, 0.024534788538258197], [0.0005449575483950178, -0.9999996567378028, 0.0006241358401101182, 0.03297972238476833], [0.0, 0.0, 0.0, 1.0]]}, "Hobj2base": {"type": "ndarray", "data": [[0.9999999640929974, 0.00022820589519992595, 0.00014048513537263146, -0.7345026058586638], [0.00022816574060479853, -0.9999999331357272, 0.00028577777248549785, 0.08939650732645674], [0.0001405503421515934, -0.00028574570832911835, -0.999999949297494, 0.004613249801527412], [0.0, 0.0, 0.0, 1.0]]}, "mean_rme": {"type": "float", "data": 0.00173504311403009}, "max_rme": {"type": "float", "data": 0.0048713002836629216}, "simu": {"type": "float", "data": 0.002}}, {"type": "dict", "image_number": {"type": "int", "data": 14}, "Hcamera2end": {"type": "ndarray", "data": [[0.9999997092256904, 0.0006040214527565211, -0.00046551758216524573, -0.015302886855920352], [0.0004651784651407497, 0.0005614511637289654, 0.9999997341907578, 0.024452969151967697], [0.0006042826575902795, -0.9999996599652798, 0.000561170022701063, 0.03292220514148584], [0.0, 0.0, 0.0, 1.0]]}, "Hobj2base": {"type": "ndarray", "data": [[0.9999999526392467, 0.00030433280650876655, 4.585899445116915e-05, -0.7345012871267628], [0.00030431041221927127, -0.9999998348462686, 0.00048754754513504167, 0.0895014012431303], [4.6007363590102506e-05, -0.00048753356667491723, -0.9999998800971648, 0.004701574597527862], [0.0, 0.0, 0.0, 1.0]]}, "mean_rme": {"type": "float", "data": 0.001664730082586441}, "max_rme": {"type": "float", "data": 0.004842537670626118}, "simu": {"type": "float", "data": 0.002}}, {"type": "dict", "image_number": {"type": "int", "data": 15}, "Hcamera2end": {"type": "ndarray", "data": [[0.9999993394773388, 0.0011135478600752405, -0.00028470344128376726, -0.015138373242798733], [0.000283980486603282, 0.0006493396292581721, 0.9999997488565332, 0.024702506995325443], [0.0011137324496419822, -0.9999991691842597, 0.0006490229744915421, 0.03288500440274061], [0.0, 0.0, 0.0, 1.0]]}, "Hobj2base": {"type": "ndarray", "data": [[0.9999996411206117, 0.0008332916197976908, 0.0001529173768816118, -0.7345106289209568], [0.0008332193791451707, -0.9999995415403609, 0.00047187343045883046, 0.08956199673711623], [0.00015331051495037293, -0.00047174584739135655, -0.9999998769758631, 0.004594769843601865], [0.0, 0.0, 0.0, 1.0]]}, "mean_rme": {"type": "float", "data": 0.0016221937421623154}, "max_rme": {"type": "float", "data": 0.005102260160121608}, "simu": {"type": "float", "data": 0.002}}, {"type": "dict", "image_number": {"type": "int", "data": 16}, "Hcamera2end": {"type": "ndarray", "data": [[0.9999993004319724, 0.0011472253290639965, -0.0002881138841003817, -0.015067450410615192], [0.0002871659818318431, 0.0008263354117569177, 0.9999996173526696, 0.02471087820517219], [0.0011474629687863382, -0.999999000521416, 0.0008260053895909891, 0.03277380423013684], [0.0, 0.0, 0.0, 1.0]]}, "Hobj2base": {"type": "ndarray", "data": [[0.9999996465525721, 0.0008392046061568651, -5.128703290658446e-05, -0.7345029817674167], [0.0008392335047847785, -0.9999994876264875, 0.000566068800555492, 0.08962915965676803], [-5.08119590836394e-05, -0.0005661116422763066, -0.9999998384678637, 0.004532532006762454], [0.0, 0.0, 0.0, 1.0]]}, "mean_rme": {"type": "float", "data": 0.0015499305069156363}, "max_rme": {"type": "float", "data": 0.005107459923979485}, "simu": {"type": "float", "data": 0.002}}, {"type": "dict", "image_number": {"type": "int", "data": 17}, "Hcamera2end": {"type": "ndarray", "data": [[0.9999990765237832, 0.0012400907790349764, -0.0005559914032937729, -0.014924506286156037], [0.0005552102334667886, 0.0006301848766520068, 0.9999996473042467, 0.024599724982374442], [0.0012404407190341293, -0.9999990325204724, 0.0006294957836002757, 0.03322783130826514], [0.0, 0.0, 0.0, 1.0]]}, "Hobj2base": {"type": "ndarray", "data": [[0.9999995317186924, 0.0009673719969971144, 2.7455698925438437e-05, -0.7348593482185414], [0.000967365434391154, -0.9999995037703113, 0.00023804043102594445, 0.08970595053818749], [2.7685958948233138e-05, -0.0002380137598619426, -0.9999999712914682, 0.0045245768616703486], [0.0, 0.0, 0.0, 1.0]]}, "mean_rme": {"type": "float", "data": 0.0015194570164092636}, "max_rme": {"type": "float", "data": 0.005033928136701116}, "simu": {"type": "float", "data": 0.002}}, {"type": "dict", "image_number": {"type": "int", "data": 18}, "Hcamera2end": {"type": "ndarray", "data": [[0.9999988964372023, 0.0014124907202952813, -0.0004604284338860517, -0.01495219176322202], [0.0004596324050010121, 0.0005638368333629185, 0.999999735413004, 0.024620357944075584], [0.001412749953078757, -0.9999988434783266, 0.0005631869846267623, 0.03381065019546159], [0.0, 0.0, 0.0, 1.0]]}, "Hobj2base": {"type": "ndarray", "data": [[0.9999993416144802, 0.0011464897933401068, 4.8288299635853614e-05, -0.7354067073014354], [0.0011464727999447614, -0.9999992813799254, 0.00035048502395806854, 0.08952348200960324], [4.8690092437598615e-05, -0.0003504294319817157, -0.9999999374142423, 0.004501725076523155], [0.0, 0.0, 0.0, 1.0]]}, "mean_rme": {"type": "float", "data": 0.001504021571172914}, "max_rme": {"type": "float", "data": 0.0052573378041989305}, "simu": {"type": "float", "data": 0.002}}, {"type": "dict", "image_number": {"type": "int", "data": 19}, "Hcamera2end": {"type": "ndarray", "data": [[0.9999988825623287, 0.0014197765453550148, -0.0004680904348015001, -0.014724575139181486], [0.0004674699488583237, 0.00043733107518206804, 0.9999997951066679, 0.02451700693068863], [0.0014199809649454015, -0.9999988964874371, 0.0004366668836227605, 0.03405002324906936], [0.0, 0.0, 0.0, 1.0]]}, "Hobj2base": {"type": "ndarray", "data": [[0.9999993054652048, 0.0011711525284776396, 0.00013217739295717963, -0.735379947576047], [0.0011711140502551139, -0.9999992719594621, 0.00029081338802745707, 0.08982841288799016], [0.00013251788356138288, -0.00029065839124542186, -0.9999999489783535, 0.004498706788314044], [0.0, 0.0, 0.0, 1.0]]}, "mean_rme": {"type": "float", "data": 0.0015436369284058298}, "max_rme": {"type": "float", "data": 0.005175185745232486}, "simu": {"type": "float", "data": 0.002}}, {"type": "dict", "image_number": {"type": "int", "data": 20}, "Hcamera2end": {"type": "ndarray", "data": [[0.9999990382337762, 0.0012949512261403446, -0.0004966214297174648, -0.01453851002795034], [0.0004962949933438602, 0.0002523930691088472, 0.9999998449944971, 0.024461289571225387], [0.00129507636922261, -0.9999991296991515, 0.0002517501485556073, 0.034320944666313226], [0.0, 0.0, 0.0, 1.0]]}, "Hobj2base": {"type": "ndarray", "data": [[0.9999994033968479, 0.0010512989923985876, 0.00029660812017424373, -0.7354682118689577], [0.0010512405099289952, -0.999999427991195, 0.00019725788585697228, 0.09008074802861323], [0.0002968153275284314, -0.00019694596170079473, -0.9999999365564729, 0.00446758151781457], [0.0, 0.0, 0.0, 1.0]]}, "mean_rme": {"type": "float", "data": 0.001512300039299572}, "max_rme": {"type": "float", "data": 0.005078616499635924}, "simu": {"type": "float", "data": 0.002}}, {"type": "dict", "image_number": {"type": "int", "data": 21}, "Hcamera2end": {"type": "ndarray", "data": [[0.9999988073523186, 0.0014971898774760032, -0.00037909947409356794, -0.01462111245604111], [0.00037873786963622477, 0.0002417982460849455, 0.999999899045612, 0.024381833444101823], [0.001497281391916043, -0.9999988499773782, 0.0002412309152002301, 0.034339456721742816], [0.0, 0.0, 0.0, 1.0]]}, "Hobj2base": {"type": "ndarray", "data": [[0.9999991917331971, 0.0012410667488015536, 0.00027619970580338576, -0.7354495412515254], [0.001240985643508258, -0.9999991868691098, 0.00029362518996052994, 0.09002864071139516], [0.0002765638896767436, -0.00029328219276339315, -0.9999999187489821, 0.0044751155879920075], [0.0, 0.0, 0.0, 1.0]]}, "mean_rme": {"type": "float", "data": 0.0014799989396728544}, "max_rme": {"type": "float", "data": 0.005133525477000966}, "simu": {"type": "float", "data": 0.002}}, {"type": "dict", "image_number": {"type": "int", "data": 22}, "Hcamera2end": {"type": "ndarray", "data": [[0.99999881977097, 0.0015053030361897252, -0.0003074401344721842, -0.01470461682555791], [0.0003070666966907056, 0.00024830629414529515, 0.9999999220270109, 0.02434882829056601], [0.0015053792581372104, -0.9999988362026996, 0.0002478437726561866, 0.03431107413987662], [0.0, 0.0, 0.0, 1.0]]}, "Hobj2base": {"type": "ndarray", "data": [[0.999999179191637, 0.0012594124999968205, 0.00023557632939432408, -0.73539397015849], [0.0012593350591925535, -0.9999991530518397, 0.0003285891248659859, 0.0900117795431427], [0.00023598995912460442, -0.000328292185626562, -0.9999999182664872, 0.004541378635662871], [0.0, 0.0, 0.0, 1.0]]}, "mean_rme": {"type": "float", "data": 0.00144485648108755}, "max_rme": {"type": "float", "data": 0.005107303315883632}, "simu": {"type": "float", "data": 0.002}}, {"type": "dict", "image_number": {"type": "int", "data": 23}, "Hcamera2end": {"type": "ndarray", "data": [[0.9999984166125948, 0.0017723571954063148, -0.0001597569251976836, -0.01462798079670237], [0.00015917695821803998, 0.0003273654067075249, 0.9999999337472911, 0.025149288205594665], [0.0017724093768736412, -0.9999983757896123, 0.000327082769933984, 0.034349267431230575], [0.0, 0.0, 0.0, 1.0]]}, "Hobj2base": {"type": "ndarray", "data": [[0.9999987262333537, 0.0015727926575296789, 0.0002717626289385856, -0.7353604036020414], [0.0015726905034261632, -0.9999986927460733, 0.00037570031333884583, 0.090157885160684], [0.00027235317237007267, -0.0003752724362785999, -0.9999998924971685, 0.0038555599000142985], [0.0, 0.0, 0.0, 1.0]]}, "mean_rme": {"type": "float", "data": 0.0014922686579996512}, "max_rme": {"type": "float", "data": 0.005154735854111192}, "simu": {"type": "float", "data": 0.002}}, {"type": "dict", "image_number": {"type": "int", "data": 24}, "Hcamera2end": {"type": "ndarray", "data": [[0.999997932704017, 0.002018013042656892, -0.0002494214340880551, -0.014683829741346584], [0.00024870968614476964, 0.00035294065783597617, 0.9999999067881876, 0.025059009907088495], [0.0020181008855192644, -0.999997901525924, 0.00035243802881268493, 0.03431839030311709], [0.0, 0.0, 0.0, 1.0]]}, "Hobj2base": {"type": "ndarray", "data": [[0.9999982917158596, 0.001828880455243679, 0.00026788363678745015, -0.7353880501473354], [0.0018287783316894562, -0.9999982552129048, 0.0003809736998118903, 0.09004111836449008], [0.0002685799247410855, -0.00038048314921019, -0.999999891548693, 0.0038914000450397854], [0.0, 0.0, 0.0, 1.0]]}, "mean_rme": {"type": "float", "data": 0.0014621358126347501}, "max_rme": {"type": "float", "data": 0.005192053697035348}, "simu": {"type": "float", "data": 0.002}}, {"type": "dict", "image_number": {"type": "int", "data": 25}, "Hcamera2end": {"type": "ndarray", "data": [[0.9999961713591059, 0.00275893668209026, -0.00021339051951439064, -0.01477362458933379], [0.00021227053694017643, 0.000406233631283337, 0.9999998949577223, 0.02536055967275029], [0.0027590230786908912, -0.9999961116137507, 0.00040564643498974817, 0.03425178777328281], [0.0, 0.0, 0.0, 1.0]]}, "Hobj2base": {"type": "ndarray", "data": [[0.9999965567043172, 0.0026091163732614086, 0.00028123168384881086, -0.7354821832534258], [0.0026090370347579767, -0.9999965566640667, 0.00028210948404590243, 0.08977364502003084], [0.0002819667719475248, -0.0002813747687810251, -0.9999999206614862, 0.003569190320379383], [0.0, 0.0, 0.0, 1.0]]}, "mean_rme": {"type": "float", "data": 0.0014402532187110053}, "max_rme": {"type": "float", "data": 0.005472286202188564}, "simu": {"type": "float", "data": 0.002}}, {"type": "dict", "image_number": {"type": "int", "data": 26}, "Hcamera2end": {"type": "ndarray", "data": [[0.9999961804857258, 0.002744413329506462, -0.0003274285213648153, -0.01485413183232455], [0.00032616612191055773, 0.0004604237686792745, 0.9999998408127944, 0.025593038924787415], [0.0027445636485047527, -0.9999961280952192, 0.00045952687543149295, 0.03426994269723856], [0.0, 0.0, 0.0, 1.0]]}, "Hobj2base": {"type": "ndarray", "data": [[0.9999965457354751, 0.002615373742477971, 0.0002614140488505372, -0.7354623282501572], [0.002615305458990366, -0.9999965459674856, 0.0002612095976875196, 0.08972705140271538], [0.00026209630664098796, -0.0002605250178114571, -0.9999999317161179, 0.0032694295577887413], [0.0, 0.0, 0.0, 1.0]]}, "mean_rme": {"type": "float", "data": 0.0014614506596655845}, "max_rme": {"type": "float", "data": 0.005376290652586407}, "simu": {"type": "float", "data": 0.002}}, {"type": "dict", "image_number": {"type": "int", "data": 27}, "Hcamera2end": {"type": "ndarray", "data": [[0.9999964014775441, 0.002641253870794345, -0.0004699041949243576, -0.014941124448591529], [0.0004685065989484085, 0.0005297349184275602, 0.9999997499412101, 0.02533029891630189], [0.002641502134985966, -0.9999963715728704, 0.0005284955672966163, 0.03429173768585974], [0.0, 0.0, 0.0, 1.0]]}, "Hobj2base": {"type": "ndarray", "data": [[0.9999967546893483, 0.0025368703407118195, 0.000234306734170504, -0.7354248480852048], [0.002536817834309564, -0.999996757157809, 0.00022411858629638466, 0.08960926127535071], [0.00023487453414511848, -0.00022352346546000677, -0.9999999474356049, 0.003427326232734854], [0.0, 0.0, 0.0, 1.0]]}, "mean_rme": {"type": "float", "data": 0.001479704497842411}, "max_rme": {"type": "float", "data": 0.005315605862730888}, "simu": {"type": "float", "data": 0.002}}, {"type": "dict", "image_number": {"type": "int", "data": 28}, "Hcamera2end": {"type": "ndarray", "data": [[0.9999959858820379, 0.0027877946090398027, -0.0005063803203791488, -0.014860549393617601], [0.0005047717262790703, 0.0005776864987040442, 0.9999997057418636, 0.025350055489755698], [0.002788086317782848, -0.999995947231551, 0.0005762769799049217, 0.03425202420468473], [0.0, 0.0, 0.0, 1.0]]}, "Hobj2base": {"type": "ndarray", "data": [[0.9999965015911912, 0.002642310631874323, 0.00012247409253156647, -0.7354147703675323], [0.0026422831596957, -0.9999964840909505, 0.00022393177915905183, 0.08962883226313237], [0.00012306535924468267, -0.0002236073845219479, -0.9999999674273272, 0.0033919077961715944], [0.0, 0.0, 0.0, 1.0]]}, "mean_rme": {"type": "float", "data": 0.0014379817455351341}, "max_rme": {"type": "float", "data": 0.005371766003855888}, "simu": {"type": "float", "data": 0.002}}, {"type": "dict", "image_number": {"type": "int", "data": 29}, "Hcamera2end": {"type": "ndarray", "data": [[0.9999948940808042, 0.0031583215150387993, -0.00048663901286768486, -0.01472510476401944], [0.0004849617668748255, 0.0005318002366383467, 0.9999997410002629, 0.025195501654182804], [0.003158579491776558, -0.9999948710837051, 0.0005302658561270324, 0.0343975953303222], [0.0, 0.0, 0.0, 1.0]]}, "Hobj2base": {"type": "ndarray", "data": [[0.9999954447323238, 0.003017327811217139, 7.9041011514268e-05, -0.7354804183856004], [0.003017310492230978, -0.9999954240754629, 0.0002183243662527056, 0.08975192898213219], [7.969940601072462e-05, -0.00021808488045341854, -0.9999999730434947, 0.003449316688849819], [0.0, 0.0, 0.0, 1.0]]}, "mean_rme": {"type": "float", "data": 0.0014568604281836141}, "max_rme": {"type": "float", "data": 0.005433112369514437}, "simu": {"type": "float", "data": 0.002}}, {"type": "dict", "image_number": {"type": "int", "data": 30}, "Hcamera2end": {"type": "ndarray", "data": [[0.9999945101489993, 0.003263882000923834, -0.0005716171332706007, -0.014715937685405713], [0.0005704893446894644, 0.000346456507124282, 0.9999997772548731, 0.02515398601677906], [0.0032640793143854296, -0.999994613506579, 0.00034459259522579, 0.03450462347609563], [0.0, 0.0, 0.0, 1.0]]}, "Hobj2base": {"type": "ndarray", "data": [[0.9999949822644945, 0.0031601151757129063, 0.00022162560677615328, -0.7354639615467717], [0.0031601082362425217, -0.9999950063444838, 3.165487601338047e-05, 0.08967592688317848], [0.00022172453310829467, -3.095435627224961e-05, -0.9999999749400292, 0.0035111866326859734], [0.0, 0.0, 0.0, 1.0]]}, "mean_rme": {"type": "float", "data": 0.001452483715934862}, "max_rme": {"type": "float", "data": 0.00548293629715868}, "simu": {"type": "float", "data": 0.002}}]}