{"type": "list", "data": [{"type": "dict", "image_number": {"type": "int", "data": 5}, "Hcamera2end": {"type": "ndarray", "data": [[0.9999821429054533, -0.00261154476575568, 0.005375286425314082, -0.012019014655483752], [-0.0053766639335364776, -0.0005207346180486905, 0.9999854100537683, 0.01701217322007253], [-0.0026087075657343787, -0.9999964543284109, -0.0005347667177941773, 0.029591649075158745], [0.0, 0.0, 0.0, 1.0]]}, "Hobj2base": {"type": "ndarray", "data": [[0.9999932376311726, -0.0021882772529387704, -0.00295569528019298, -0.7292312376411487], [-0.0022040210134745735, -0.9999833459124752, -0.0053338718640424795, 0.09744033395667344], [-0.002943974065314914, 0.00534035020894063, -0.9999814066653179, 0.005188940707533241], [0.0, 0.0, 0.0, 1.0]]}, "mean_rme": {"type": "float", "data": 0.001775749873241254}, "max_rme": {"type": "float", "data": 0.0038949159261645327}, "simu": {"type": "float", "data": 0.002}}, {"type": "dict", "image_number": {"type": "int", "data": 6}, "Hcamera2end": {"type": "ndarray", "data": [[0.9999964791878307, 0.002254947342847566, 0.0013988654057259847, -0.014239661053019551], [-0.0013982454538773626, -0.0002764826810057741, 0.9999989842329728, 0.015499745816733983], [0.0022553318144041493, -0.9999974193815742, -0.00027332873769125854, 0.02881603697341084], [0.0, 0.0, 0.0, 1.0]]}, "Hobj2base": {"type": "ndarray", "data": [[0.9999952298470028, 0.002578372502705358, -0.0017006700083331292, -0.72927868821071], [0.002566759771469992, -0.9999736159377792, -0.006795525925085409, 0.09271967962149748], [-0.0017181465349364736, 0.006791128298025115, -0.9999754639734539, 0.004798358244033259], [0.0, 0.0, 0.0, 1.0]]}, "mean_rme": {"type": "float", "data": 0.0018459230323403407}, "max_rme": {"type": "float", "data": 0.005877110797923413}, "simu": {"type": "float", "data": 0.002}}, {"type": "dict", "image_number": {"type": "int", "data": 7}, "Hcamera2end": {"type": "ndarray", "data": [[0.9999948906080837, 0.0029420301478186, 0.0012502865016263793, -0.015464883630059073], [-0.0012393533601819215, -0.0037150827339023085, 0.9999923310523584, 0.0154548035754382], [0.002946652503338058, -0.9999887712464026, -0.0037114175371391056, 0.03314495991443692], [0.0, 0.0, 0.0, 1.0]]}, "Hobj2base": {"type": "ndarray", "data": [[0.9999933775212551, 0.003180312631919374, 0.0017693290241824892, -0.7312636766992852], [0.0031909699173200195, -0.9999765862077388, -0.006053490505775519, 0.09084035634247159], [0.0017500356051575532, 0.0060590962923533186, -0.9999801121659873, 0.004307127651866487], [0.0, 0.0, 0.0, 1.0]]}, "mean_rme": {"type": "float", "data": 0.0018568604218635217}, "max_rme": {"type": "float", "data": 0.00520258061134804}, "simu": {"type": "float", "data": 0.002}}, {"type": "dict", "image_number": {"type": "int", "data": 8}, "Hcamera2end": {"type": "ndarray", "data": [[-0.9989371433167078, -0.014666359626244838, -0.04369761546775857, 16.69446067595124], [-0.044259675682790635, 0.5699347503457113, 0.8204970819307195, -726.3025385136923], [0.012871084286439455, 0.8215590534122822, -0.5699781197077705, 229.54163719716132], [0.0, 0.0, 0.0, 1.0]]}, "Hobj2base": {"type": "ndarray", "data": [[-0.8470680768583656, 0.03538209339497402, 0.5303053654588635, -196.78017007644343], [-0.04091237472092638, 0.9904801602165061, -0.13143526852477216, 49.82312718748237], [-0.529907398289705, -0.13303067196881252, -0.8375565590175755, 677.3975510479111], [0.0, 0.0, 0.0, 1.0]]}, "mean_rme": {"type": "float", "data": 121.53408092724469}, "max_rme": {"type": "float", "data": 464.76944399291915}, "simu": {"type": "float", "data": 0.002}}, {"type": "dict", "image_number": {"type": "int", "data": 8}, "Hcamera2end": {"type": "ndarray", "data": [[0.9999912174964853, 0.0037912311434822607, 0.001786475948240873, -0.014618963558707183], [-0.0017686057241352523, -0.004711697095513445, 0.9999873358919465, 0.015876995855922605], [0.003799600464457935, -0.9999817130712426, -0.004704950521915441, 0.03534963319733359], [0.0, 0.0, 0.0, 1.0]]}, "Hobj2base": {"type": "ndarray", "data": [[0.9999875583652539, 0.003971287236584569, 0.0030186076894057226, -0.7329963412587663], [0.003986776655008471, -0.9999788287301103, -0.0051427330730407575, 0.09154726734153668], [0.0029981205114335096, 0.005154703603701018, -0.9999822199940145, 0.004438753120682329], [0.0, 0.0, 0.0, 1.0]]}, "mean_rme": {"type": "float", "data": 0.0020248334867791658}, "max_rme": {"type": "float", "data": 0.006257745226359135}, "simu": {"type": "float", "data": 0.002}}, {"type": "dict", "image_number": {"type": "int", "data": 9}, "Hcamera2end": {"type": "ndarray", "data": [[0.9999880107014416, 0.004781917963567538, 0.0010543784725226457, -0.014841055691711548], [-0.0010356908193656718, -0.003908776833535965, 0.9999918243706758, 0.015737379896864558], [0.004786000198525985, -0.9999809271802416, -0.003903777381509821, 0.03479738815692987], [0.0, 0.0, 0.0, 1.0]]}, "Hobj2base": {"type": "ndarray", "data": [[0.9999841800218754, 0.004945138574761585, 0.002680542940139824, -0.7334351909977483], [0.004958798608310464, -0.9999746307356503, -0.005113531212600263, 0.09107424607378511], [0.0026551878162846976, 0.005126742589249422, -0.9999833331051493, 0.004187045706139308], [0.0, 0.0, 0.0, 1.0]]}, "mean_rme": {"type": "float", "data": 0.0020773667342157197}, "max_rme": {"type": "float", "data": 0.005255977967765002}, "simu": {"type": "float", "data": 0.002}}, {"type": "dict", "image_number": {"type": "int", "data": 10}, "Hcamera2end": {"type": "ndarray", "data": [[0.9999898500017209, 0.003971873101837258, 0.0021269973198297255, -0.017070520869619295], [-0.0021229675266046084, -0.0010185231976451714, 0.9999972278058462, 0.015751220588395475], [0.003974028487145439, -0.9999915933819441, -0.0010100807020214653, 0.033171023263221334], [0.0, 0.0, 0.0, 1.0]]}, "Hobj2base": {"type": "ndarray", "data": [[0.9999914809920534, 0.0041248584539202195, 0.00015325160629451687, -0.7340301464261827], [0.004125321087048129, -0.9999865225407008, -0.003152215551894237, 0.08981717333928155], [0.00014024709788442073, 0.0031528209102279717, -0.9999950200131298, 0.004874337934915263], [0.0, 0.0, 0.0, 1.0]]}, "mean_rme": {"type": "float", "data": 0.0019442814860247959}, "max_rme": {"type": "float", "data": 0.0054729620815145985}, "simu": {"type": "float", "data": 0.002}}, {"type": "dict", "image_number": {"type": "int", "data": 11}, "Hcamera2end": {"type": "ndarray", "data": [[0.9999880417369059, 0.0042759599461505505, 0.0023732993336459474, -0.018179099311349034], [-0.002362361974490181, -0.0025611097916167225, 0.9999939299628458, 0.015892458722084807], [0.004282012271076645, -0.9999875783644385, -0.0025509778000107897, 0.03514491863964682], [0.0, 0.0, 0.0, 1.0]]}, "Hobj2base": {"type": "ndarray", "data": [[0.9999886094443815, 0.004430103101494318, 0.00177627925802091, -0.7349368381044461], [0.004435029105683788, -0.999986303929217, -0.002778933395262134, 0.08871124494946017], [0.0017639439685212647, 0.00278677959187588, -0.9999945611658005, 0.00483382101045925], [0.0, 0.0, 0.0, 1.0]]}, "mean_rme": {"type": "float", "data": 0.0019539425019198995}, "max_rme": {"type": "float", "data": 0.0065497108166039375}, "simu": {"type": "float", "data": 0.002}}, {"type": "dict", "image_number": {"type": "int", "data": 12}, "Hcamera2end": {"type": "ndarray", "data": [[0.999985897836711, 0.004908849624136917, 0.0020266531707528804, -0.017638401669947536], [-0.002017312005374896, -0.0019071279738502867, 0.9999961466501583, 0.013878288766337711], [0.004912695795577228, -0.999986132932982, -0.0018971983979407803, 0.03462956960712493], [0.0, 0.0, 0.0, 1.0]]}, "Hobj2base": {"type": "ndarray", "data": [[0.9999864833722504, 0.005077648416428222, 0.0011182841137696074, -0.7351758082833779], [0.00507993418889569, -0.9999849942677408, -0.002050733523306917, 0.08889367449537812], [0.0011078544292704706, 0.002056386614007706, -0.9999972719626078, 0.007219002392997664], [0.0, 0.0, 0.0, 1.0]]}, "mean_rme": {"type": "float", "data": 0.0021836700430643567}, "max_rme": {"type": "float", "data": 0.0070032576480750786}, "simu": {"type": "float", "data": 0.002}}, {"type": "dict", "image_number": {"type": "int", "data": 13}, "Hcamera2end": {"type": "ndarray", "data": [[0.9999844089643732, 0.0051380044830338705, 0.002186947211382645, -0.01815525031201992], [-0.0021820100700907924, -0.0009663155873780305, 0.9999971525290657, 0.014018852132614026], [0.005140103133894578, -0.9999863334786719, -0.0009550893439951302, 0.03327363192044304], [0.0, 0.0, 0.0, 1.0]]}, "Hobj2base": {"type": "ndarray", "data": [[0.9999862053376362, 0.005243483162946634, 0.000308251122953284, -0.734710425239065], [0.00524393031161605, -0.9999851727653568, -0.0014681431560653628, 0.08820112964534733], [0.00030054836852193084, 0.0014697393509334675, -0.9999988747678263, 0.007235314297452141], [0.0, 0.0, 0.0, 1.0]]}, "mean_rme": {"type": "float", "data": 0.002134371272663227}, "max_rme": {"type": "float", "data": 0.007240521124169619}, "simu": {"type": "float", "data": 0.002}}, {"type": "dict", "image_number": {"type": "int", "data": 14}, "Hcamera2end": {"type": "ndarray", "data": [[0.9999892863923381, 0.00424693494418485, 0.001841370175272576, -0.016230958626738654], [-0.0018412407914939304, -3.437484789770018e-05, 0.9999983043239211, 0.01369644942598193], [0.004246991039578555, -0.9999909811403049, -2.655484976110678e-05, 0.03312191325839146], [0.0, 0.0, 0.0, 1.0]]}, "Hobj2base": {"type": "ndarray", "data": [[0.9999903400482147, 0.0043551644836387375, -0.0005935929382029684, -0.7345619086549499], [0.004354241645293856, -0.9999893233333301, -0.0015471906935650241, 0.09017886528837406], [-0.0006003248705670607, 0.001544591100685646, -0.9999986269232477, 0.007536386948377113], [0.0, 0.0, 0.0, 1.0]]}, "mean_rme": {"type": "float", "data": 0.002256750954560162}, "max_rme": {"type": "float", "data": 0.005990625384154957}, "simu": {"type": "float", "data": 0.002}}, {"type": "dict", "image_number": {"type": "int", "data": 15}, "Hcamera2end": {"type": "ndarray", "data": [[0.9999892730789136, 0.004338004073831849, 0.0016234062219109494, -0.016047294372296843], [-0.0016209317581768491, -0.0005738702169120202, 0.9999985216255122, 0.01362815041366658], [0.004338929285118001, -0.9999904261509857, -0.0005668324524810142, 0.03373451565939786], [0.0, 0.0, 0.0, 1.0]]}, "Hobj2base": {"type": "ndarray", "data": [[0.9999900507705783, 0.004460757740730757, 4.84379578328505e-07, -0.7348550576588918], [0.004460752742381047, -0.9999887554925648, -0.0016095258313634953, 0.09015764264067587], [-6.695330679442085e-06, 0.0016095119785192716, -0.9999987047123424, 0.007408048878593439], [0.0, 0.0, 0.0, 1.0]]}, "mean_rme": {"type": "float", "data": 0.0021632044874729953}, "max_rme": {"type": "float", "data": 0.006084017187040991}, "simu": {"type": "float", "data": 0.002}}, {"type": "dict", "image_number": {"type": "int", "data": 16}, "Hcamera2end": {"type": "ndarray", "data": [[0.9999890568597706, 0.0044672304580668405, 0.0013892489845429784, -0.015826624009993764], [-0.0013842369356982952, -0.0011248550758922171, 0.9999984092933168, 0.013509263921765144], [0.004468786055785438, -0.9999893892202519, -0.0011186590610450242, 0.034357565930096715], [0.0, 0.0, 0.0, 1.0]]}, "Hobj2base": {"type": "ndarray", "data": [[0.9999893331843376, 0.0045838537667398415, 0.0005672761136268123, -0.7351683871197653], [0.004584784375390431, -0.9999881282166754, -0.0016502054238272995, 0.0901810037178803], [0.0005597050786998009, 0.0016527886600525268, -0.9999984775087758, 0.0071633470336351646], [0.0, 0.0, 0.0, 1.0]]}, "mean_rme": {"type": "float", "data": 0.0021304542756790832}, "max_rme": {"type": "float", "data": 0.006234056710166025}, "simu": {"type": "float", "data": 0.002}}, {"type": "dict", "image_number": {"type": "int", "data": 17}, "Hcamera2end": {"type": "ndarray", "data": [[0.9999922761439124, 0.0035934146419691546, 0.0015921757843310941, -0.016677282059231247], [-0.0015893303818837491, -0.0007945547647472129, 0.9999984213545854, 0.013460920730526599], [0.003594674040097363, -0.9999932280040382, -0.0007888375046551932, 0.03445183406849334], [0.0, 0.0, 0.0, 1.0]]}, "Hobj2base": {"type": "ndarray", "data": [[0.9999932029092509, 0.003668537557237333, 0.00036873769665012415, -0.7356363216432336], [0.003669033197462779, -0.9999923543222522, -0.0013525873116364353, 0.08982949963699323], [0.0003637728600483411, 0.0013539310288278974, -0.9999990172695552, 0.007388286642264926], [0.0, 0.0, 0.0, 1.0]]}, "mean_rme": {"type": "float", "data": 0.0020744719805328125}, "max_rme": {"type": "float", "data": 0.006625178891748684}, "simu": {"type": "float", "data": 0.002}}, {"type": "dict", "image_number": {"type": "int", "data": 18}, "Hcamera2end": {"type": "ndarray", "data": [[0.9999940048040415, 0.003298273270214391, 0.001054395281477236, -0.016709667412295424], [-0.001051874908515814, -0.0007657906031570683, 0.9999991535616063, 0.012470874745311292], [0.0032990779244278304, -0.9999942674626626, -0.0007623166411978577, 0.03447580125174136], [0.0, 0.0, 0.0, 1.0]]}, "Hobj2base": {"type": "ndarray", "data": [[0.9999941474755603, 0.0034042258891642456, 0.0003409702670569212, -0.7355052787891982], [0.0034046951112858682, -0.9999932446919071, -0.001385143223922971, 0.08960264653149559], [0.00033625262327463773, 0.0013862960171397432, -0.9999989825582456, 0.008160993795141023], [0.0, 0.0, 0.0, 1.0]]}, "mean_rme": {"type": "float", "data": 0.0021121896284600253}, "max_rme": {"type": "float", "data": 0.0070040370945003705}, "simu": {"type": "float", "data": 0.002}}, {"type": "dict", "image_number": {"type": "int", "data": 19}, "Hcamera2end": {"type": "ndarray", "data": [[0.9999938073846586, 0.0034009900946416075, 0.0009046870787152558, -0.016588941864320028], [-0.0009018224799356878, -0.0008437229884252773, 0.9999992374235761, 0.012613262003148462], [0.003401750806412386, -0.9999938606801019, -0.0008406506742519859, 0.03453598565934421], [0.0, 0.0, 0.0, 1.0]]}, "Hobj2base": {"type": "ndarray", "data": [[0.9999937472408368, 0.00350645077944981, 0.00045856532867108224, -0.7355902740383012], [0.0035070917945125, -0.9999928636516278, -0.0014046184401139909, 0.08960264346563614], [0.000453636830764978, 0.0014062178880745989, -0.999998908381843, 0.008108080734737613], [0.0, 0.0, 0.0, 1.0]]}, "mean_rme": {"type": "float", "data": 0.0020521119295622194}, "max_rme": {"type": "float", "data": 0.006993345158803066}, "simu": {"type": "float", "data": 0.002}}, {"type": "dict", "image_number": {"type": "int", "data": 20}, "Hcamera2end": {"type": "ndarray", "data": [[0.9999928181982825, 0.00370047181764961, 0.0008185720393079788, -0.01655084737766742], [-0.0008149457209382525, -0.000981362737765945, 0.9999991863949933, 0.012755785183032345], [0.003701272123024767, -0.9999926716908996, -0.000978340006140277, 0.03490983478321583], [0.0, 0.0, 0.0, 1.0]]}, "Hobj2base": {"type": "ndarray", "data": [[0.9999926236086872, 0.0037977498347201875, 0.000574303410501801, -0.7359306647156195], [0.003798560215084689, -0.9999917820282898, -0.0014166213951646825, 0.08946000076578081], [0.0005689187172232729, 0.0014187924716974492, -0.9999988316790249, 0.008134839237623735], [0.0, 0.0, 0.0, 1.0]]}, "mean_rme": {"type": "float", "data": 0.0020653313460101035}, "max_rme": {"type": "float", "data": 0.006965065604736864}, "simu": {"type": "float", "data": 0.002}}, {"type": "dict", "image_number": {"type": "int", "data": 21}, "Hcamera2end": {"type": "ndarray", "data": [[0.9999931770123831, 0.0036065589110043533, 0.0007991630009558182, -0.01664224488171721], [-0.0007964260570222279, -0.0007602519749583259, 0.9999993938610517, 0.012846581852771214], [0.0036071642901783175, -0.9999932073518082, -0.0007573744302755703, 0.03466546547650895], [0.0, 0.0, 0.0, 1.0]]}, "Hobj2base": {"type": "ndarray", "data": [[0.9999931172388292, 0.0036881046973716654, 0.00040417658326962077, -0.735913809338365], [0.00368862344530121, -0.9999923645259576, -0.0012903281995803742, 0.08932157174958529], [0.0003994146316957872, 0.0012918101737806344, -0.9999990858467953, 0.008078298163956131], [0.0, 0.0, 0.0, 1.0]]}, "mean_rme": {"type": "float", "data": 0.002004577347819353}, "max_rme": {"type": "float", "data": 0.0069984101194132675}, "simu": {"type": "float", "data": 0.002}}, {"type": "dict", "image_number": {"type": "int", "data": 22}, "Hcamera2end": {"type": "ndarray", "data": [[0.9999932209834965, 0.0035805376548366883, 0.000858916267303533, -0.016676537893009255], [-0.0008568155405316912, -0.0005881997282635165, 0.9999994599439588, 0.012944936581433553], [0.003581040935460726, -0.9999934168639222, -0.0005851278805417692, 0.03455230083065243], [0.0, 0.0, 0.0, 1.0]]}, "Hobj2base": {"type": "ndarray", "data": [[0.9999932432919362, 0.0036468335103159466, 0.0004625752074911474, -0.7359939793812782], [0.003647415708792946, -0.9999925492198225, -0.0012640662517764598, 0.08929308578067684], [0.00045796192177872274, 0.0012657449149281247, -0.9999990940799344, 0.008016598387994152], [0.0, 0.0, 0.0, 1.0]]}, "mean_rme": {"type": "float", "data": 0.0019519934864160222}, "max_rme": {"type": "float", "data": 0.0070286874662425225}, "simu": {"type": "float", "data": 0.002}}, {"type": "dict", "image_number": {"type": "int", "data": 23}, "Hcamera2end": {"type": "ndarray", "data": [[0.9999935549525545, 0.003499098470439576, 0.0008039671924675847, -0.016533014111523466], [-0.0008028961572326976, -0.0003074828577469546, 0.9999996304059579, 0.013036384394286647], [0.0034993443833235046, -0.9999938308630637, -0.0003046714632897185, 0.03422431954629623], [0.0, 0.0, 0.0, 1.0]]}, "Hobj2base": {"type": "ndarray", "data": [[0.9999936704405179, 0.0035528280731282297, 0.0001910277040440301, -0.7357782918120831], [0.003553056042649025, -0.9999929599403332, -0.001206591284775764, 0.08933745233347344], [0.00018673954780825246, 0.0012072623797226233, -0.9999992538226652, 0.0081074024811369], [0.0, 0.0, 0.0, 1.0]]}, "mean_rme": {"type": "float", "data": 0.0019460960870173298}, "max_rme": {"type": "float", "data": 0.006896293744041437}, "simu": {"type": "float", "data": 0.002}}, {"type": "dict", "image_number": {"type": "int", "data": 24}, "Hcamera2end": {"type": "ndarray", "data": [[0.9999924423838998, 0.003836710330215531, 0.0006283541397062906, -0.016601534417642887], [-0.0006272753784995725, -0.00028236513835189214, 0.9999997633977363, 0.012900350779005903], [0.0038368868477447727, -0.9999925999345051, -0.00027995633041988377, 0.03415651179592965], [0.0, 0.0, 0.0, 1.0]]}, "Hobj2base": {"type": "ndarray", "data": [[0.9999923504691159, 0.003909188437811258, 0.0001313354882491898, -0.7358917878612307], [0.003909337621010508, -0.9999916908947859, -0.0011555175256663702, 0.08920609402800132], [0.00012681726121777632, 0.001156022121264557, -0.9999993237648901, 0.0081753599860835], [0.0, 0.0, 0.0, 1.0]]}, "mean_rme": {"type": "float", "data": 0.0019463384552473688}, "max_rme": {"type": "float", "data": 0.007046207848311892}, "simu": {"type": "float", "data": 0.002}}, {"type": "dict", "image_number": {"type": "int", "data": 25}, "Hcamera2end": {"type": "ndarray", "data": [[0.9999925534356264, 0.0038311255064549807, 0.00046427432592353814, -0.01661116312881469], [-0.00046343104377298094, -0.00022099822229426636, 0.9999998681957178, 0.012644625877988135], [0.0038312276052969206, -0.9999926367914611, -0.00021922111412453482, 0.03414648756975812], [0.0, 0.0, 0.0, 1.0]]}, "Hobj2base": {"type": "ndarray", "data": [[0.9999922688435008, 0.003931444511767904, 7.7442097834236e-05, -0.7359082134715783], [0.003931523855848276, -0.999991717609543, -0.00105253621673343, 0.08921116079096278], [7.33034686958303e-05, 0.0010528325448662997, -0.9999994430849621, 0.008379839211316438], [0.0, 0.0, 0.0, 1.0]]}, "mean_rme": {"type": "float", "data": 0.0019225623757737154}, "max_rme": {"type": "float", "data": 0.007155351748503014}, "simu": {"type": "float", "data": 0.002}}, {"type": "dict", "image_number": {"type": "int", "data": 26}, "Hcamera2end": {"type": "ndarray", "data": [[0.9999896896995505, 0.0045233039584095915, 0.0004002697797519856, -0.01666384461205585], [-0.0003995631533162793, -0.00015712168935477777, 0.9999999078310263, 0.012282312875997566], [0.0045233664325653004, -0.9999897574645825, -0.00015531272378987993, 0.034081429737499946], [0.0, 0.0, 0.0, 1.0]]}, "Hobj2base": {"type": "ndarray", "data": [[0.9999891267670671, 0.004662780264753706, 6.948266891928922e-05, -0.7360286669031737], [0.0046628497735564526, -0.9999885919375724, -0.001036256098016116, 0.08896809309996676], [6.465004177360431e-05, 0.0010365688178092206, -0.9999994606725837, 0.00869571768340583], [0.0, 0.0, 0.0, 1.0]]}, "mean_rme": {"type": "float", "data": 0.0019160594411545032}, "max_rme": {"type": "float", "data": 0.007324052281758475}, "simu": {"type": "float", "data": 0.002}}, {"type": "dict", "image_number": {"type": "int", "data": 27}, "Hcamera2end": {"type": "ndarray", "data": [[0.9999873064014966, 0.005023975954813995, 0.0003830162982914522, -0.016684201689086305], [-0.00038231066495712004, -0.0001414127810317467, 0.9999999169204866, 0.01273816517980519], [0.005024029700824441, -0.9999873697542535, -0.00013949026640669437, 0.03404232109171109], [0.0, 0.0, 0.0, 1.0]]}, "Hobj2base": {"type": "ndarray", "data": [[0.9999865868497515, 0.005178890014434703, 7.224128248694253e-05, -0.7361252385091858], [0.005178957532955769, -0.9999861205514302, -0.0009680409973601251, 0.08894846032581204], [6.722690196298588e-05, 0.0009684021474149068, -0.9999995288388015, 0.008258634808850942], [0.0, 0.0, 0.0, 1.0]]}, "mean_rme": {"type": "float", "data": 0.0018947046502176944}, "max_rme": {"type": "float", "data": 0.0071088640178709195}, "simu": {"type": "float", "data": 0.002}}, {"type": "dict", "image_number": {"type": "int", "data": 28}, "Hcamera2end": {"type": "ndarray", "data": [[0.9999844361649252, 0.00556738202919225, 0.00036288463435074376, -0.016765429761723006], [-0.00036239388078847983, -8.915654203200951e-05, 0.9999999303608909, 0.013169257023699654], [0.0055674139950238795, -0.9999844980340706, -8.713756923506288e-05, 0.034028657654927186], [0.0, 0.0, 0.0, 1.0]]}, "Hobj2base": {"type": "ndarray", "data": [[0.9999834863167287, 0.005745989184838977, 0.00010345109223742486, -0.7361839487180755], [0.00574609032706031, -0.9999829855857258, -0.0010054775041917865, 0.08880027685665536], [9.767186921299952e-05, 0.0010060553393751754, -0.9999994891562998, 0.007790075665487823], [0.0, 0.0, 0.0, 1.0]]}, "mean_rme": {"type": "float", "data": 0.0018627579128454616}, "max_rme": {"type": "float", "data": 0.006813023884666369}, "simu": {"type": "float", "data": 0.002}}, {"type": "dict", "image_number": {"type": "int", "data": 29}, "Hcamera2end": {"type": "ndarray", "data": [[0.9999835593043003, 0.005726001559225686, 0.000306638625630904, -0.016758124623222907], [-0.0003061260340634325, -9.039621561557354e-05, 0.9999999490576865, 0.012963217205581558], [0.005726028986501238, -0.9999836022328907, -8.864185129042745e-05, 0.033977861586813846], [0.0, 0.0, 0.0, 1.0]]}, "Hobj2base": {"type": "ndarray", "data": [[0.9999825038411401, 0.005915064959463967, 6.33887186705486e-05, -0.7362538863257655], [0.005915122232510087, -0.9999820589743358, -0.0009450176839857519, 0.08877029390367387], [5.779774042330218e-05, 0.0009453761018253258, -0.9999995514616233, 0.007994075933645189], [0.0, 0.0, 0.0, 1.0]]}, "mean_rme": {"type": "float", "data": 0.0018360027067585675}, "max_rme": {"type": "float", "data": 0.006996452466959124}, "simu": {"type": "float", "data": 0.002}}, {"type": "dict", "image_number": {"type": "int", "data": 30}, "Hcamera2end": {"type": "ndarray", "data": [[0.9999830603924477, 0.005814255927563406, 0.0002708434291998985, -0.016725936914573483], [-0.0002706265462787778, -3.8088642259959116e-05, 0.9999999626552635, 0.012755860272915422], [0.005814266026490032, -0.9999830963457655, -3.651450505248732e-05, 0.03398785697481404], [0.0, 0.0, 0.0, 1.0]]}, "Hobj2base": {"type": "ndarray", "data": [[0.9999818624364716, 0.00602244848536721, 7.008799242850669e-05, -0.7362359739852574], [0.006022506596131329, -0.9999814940930947, -0.0008607471416027493, 0.08879385285007417], [6.4902890067414e-05, 0.000861153635143497, -0.9999996271009464, 0.008198779587825776], [0.0, 0.0, 0.0, 1.0]]}, "mean_rme": {"type": "float", "data": 0.0018129108786020872}, "max_rme": {"type": "float", "data": 0.007019177039387037}, "simu": {"type": "float", "data": 0.002}}]}