{"type": "list", "data": [{"type": "dict", "image_number": {"type": "int", "data": 5}, "Hcamera2end": {"type": "ndarray", "data": [[0.9999732032989147, -0.007239811741100758, 0.0010852695797802865, -0.01151790378975999], [-0.0010753588896238058, 0.0013726677762667672, 0.9999984796920617, 0.03241356068701099], [-0.007241290448938223, -0.9999728500860058, 0.0013648455973835905, 0.0321639393435611], [0.0, 0.0, 0.0, 1.0]]}, "Hobj2base": {"type": "ndarray", "data": [[0.99997704709575, -0.006625559942106881, -0.0014167699593653734, -0.7340429768137562], [-0.00662950535489916, -0.999974108772999, -0.0027984714391388753, 0.09566110032267508], [-0.0013981918371864584, 0.0028077996901241594, -0.9999950806481432, 0.005589046675531795], [0.0, 0.0, 0.0, 1.0]]}, "mean_rme": {"type": "float", "data": 0.00173344914946878}, "max_rme": {"type": "float", "data": 0.005308816119628079}, "simu": {"type": "float", "data": 0.002}}, {"type": "dict", "image_number": {"type": "int", "data": 6}, "Hcamera2end": {"type": "ndarray", "data": [[0.9999836570243094, -0.005559475125425919, -0.001333386897395229, -0.013479886029897279], [0.0013350121685733775, 0.00028864179359666675, 0.9999990672137772, 0.033234289326346124], [-0.0055590850684384945, -0.9999845043410646, 0.0002960590432741217, 0.03187324231419338], [0.0, 0.0, 0.0, 1.0]]}, "Hobj2base": {"type": "ndarray", "data": [[0.9999860191787664, -0.005287698108185109, 4.117912671456691e-05, -0.7334727327293158], [-0.005287487495851116, -0.999977788808903, -0.004057630446186372, 0.09321858628486389], [6.263373691112824e-05, 0.004057355983062878, -0.9999917669358291, 0.0035060326609876644], [0.0, 0.0, 0.0, 1.0]]}, "mean_rme": {"type": "float", "data": 0.0016113935178216753}, "max_rme": {"type": "float", "data": 0.00495771568934511}, "simu": {"type": "float", "data": 0.002}}, {"type": "dict", "image_number": {"type": "int", "data": 7}, "Hcamera2end": {"type": "ndarray", "data": [[0.9999847712932934, -0.005438132971328793, -0.0009401549265256898, -0.013303192465619451], [0.0009342124137184278, -0.001095185718652525, 0.9999989639071672, 0.033363430884205326], [-0.005439156981167048, -0.9999846135206422, -0.0010900886690610179, 0.03150545229809909], [0.0, 0.0, 0.0, 1.0]]}, "Hobj2base": {"type": "ndarray", "data": [[0.9999858309645784, -0.0051983269954260294, 0.0011468507009697517, -0.7325070376055706], [-0.005194566998307721, -0.9999812023596646, -0.003257514546351086, 0.0938700962971145], [0.0011637627686870461, 0.0032515109977088483, -0.9999940366484441, 0.003148941094837448], [0.0, 0.0, 0.0, 1.0]]}, "mean_rme": {"type": "float", "data": 0.0015182320379500925}, "max_rme": {"type": "float", "data": 0.005173732849062723}, "simu": {"type": "float", "data": 0.002}}, {"type": "dict", "image_number": {"type": "int", "data": 8}, "Hcamera2end": {"type": "ndarray", "data": [[0.999985340350132, -0.005299007885759235, 0.0011133733683867534, -0.014626513750960822], [-0.0011177196785016013, -0.0008173213120872269, 0.9999990413438367, 0.03382109844441998], [-0.005298092822050373, -0.9999856261473454, -0.0008232321358334627, 0.0329052359126926], [0.0, 0.0, 0.0, 1.0]]}, "Hobj2base": {"type": "ndarray", "data": [[0.9999861825333616, -0.005192756834655946, 0.0008185467675611318, -0.7341223201676396], [-0.005191789813025289, -0.9999858273978988, -0.0011791191108605308, 0.09372266282820192], [0.0008246580454452883, 0.001174853095652245, -0.9999989698291254, 0.0032910518905374664], [0.0, 0.0, 0.0, 1.0]]}, "mean_rme": {"type": "float", "data": 0.0015268102876688048}, "max_rme": {"type": "float", "data": 0.005301992217588758}, "simu": {"type": "float", "data": 0.002}}, {"type": "dict", "image_number": {"type": "int", "data": 9}, "Hcamera2end": {"type": "ndarray", "data": [[0.9999828688281653, -0.005666605844445747, 0.0014668430031766384, -0.014394081179371286], [-0.001471008190959462, -0.0007309431218296414, 0.9999986509276172, 0.03396299450848677], [-0.005665526020980322, -0.9999836775169663, -0.0007392662235297109, 0.03299918925526139], [0.0, 0.0, 0.0, 1.0]]}, "Hobj2base": {"type": "ndarray", "data": [[0.999984349051547, -0.005545735832621847, 0.0007392334060852732, -0.7339538159136729], [-0.005545231760588379, -0.9999843923826792, -0.0006821992122169942, 0.09424249437045953], [0.0007430051650293384, 0.0006780893145903771, -0.9999994940689751, 0.0036072564176982493], [0.0, 0.0, 0.0, 1.0]]}, "mean_rme": {"type": "float", "data": 0.0015629752712696514}, "max_rme": {"type": "float", "data": 0.005464725699887041}, "simu": {"type": "float", "data": 0.002}}, {"type": "dict", "image_number": {"type": "int", "data": 10}, "Hcamera2end": {"type": "ndarray", "data": [[0.9999834164842595, -0.0054978016773259, 0.0017149149205937606, -0.01554736836444533], [-0.0017186590339759791, -0.0006763679751118357, 0.9999982943672888, 0.03392037726773085], [-0.005496632386563189, -0.9999846582338544, -0.0006858056050726979, 0.0333844367484187], [0.0, 0.0, 0.0, 1.0]]}, "Hobj2base": {"type": "ndarray", "data": [[0.999985199058025, -0.005394478647922732, 0.0007080007057679737, -0.734315681946329], [-0.005394203512998562, -0.999985375149046, -0.0003899442033308611, 0.09321115312368405], [0.0007100938970419262, 0.000386119331895075, -0.9999996733392058, 0.0032914985464041814], [0.0, 0.0, 0.0, 1.0]]}, "mean_rme": {"type": "float", "data": 0.0016695775618954405}, "max_rme": {"type": "float", "data": 0.005441338781170452}, "simu": {"type": "float", "data": 0.002}}, {"type": "dict", "image_number": {"type": "int", "data": 11}, "Hcamera2end": {"type": "ndarray", "data": [[0.9999837663777412, -0.005524915285960965, 0.0013936613900264049, -0.015413521278845509], [-0.0013987472236952976, -0.0009167698837317939, 0.9999986015186143, 0.03401993485374937], [-0.005523629892679285, -0.999984317299058, -0.0009244829611532168, 0.03368727735108845], [0.0, 0.0, 0.0, 1.0]]}, "Hobj2base": {"type": "ndarray", "data": [[0.9999844212667768, -0.005481205586231977, 0.0010552767745598097, -0.7344191220171509], [-0.0054806484891343505, -0.9999848406357721, -0.000530085641915193, 0.09307483102229665], [0.00105816628561647, 0.0005242937827922824, -0.9999993026998275, 0.0032153456833103485], [0.0, 0.0, 0.0, 1.0]]}, "mean_rme": {"type": "float", "data": 0.0015846547166148291}, "max_rme": {"type": "float", "data": 0.005312732235167178}, "simu": {"type": "float", "data": 0.002}}, {"type": "dict", "image_number": {"type": "int", "data": 12}, "Hcamera2end": {"type": "ndarray", "data": [[-0.9922927109281807, 0.0019579362827448626, 0.12390053399527662, -95.39671044320073], [0.1236646204859347, -0.04800981191872422, 0.9911620047195102, -1514.141080303], [0.007889073384861195, 0.9988449451466637, 0.04739765897264159, -35.91585393649812], [0.0, 0.0, 0.0, 1.0]]}, "Hobj2base": {"type": "ndarray", "data": [[-0.9984781038509085, 0.006082364510194352, -0.05481314598031097, 38.4076585631156], [0.0040185079650728334, 0.9992816091961297, 0.03768444130046312, -27.283555879936387], [0.05500297922865995, 0.037406822430654706, -0.9977852483934668, 1426.240444902239], [0.0, 0.0, 0.0, 1.0]]}, "mean_rme": {"type": "float", "data": 194.1586566910143}, "max_rme": {"type": "float", "data": 1022.7924204325946}, "simu": {"type": "float", "data": 0.002}}, {"type": "dict", "image_number": {"type": "int", "data": 12}, "Hcamera2end": {"type": "ndarray", "data": [[0.9999880919975289, -0.004692201850316489, 0.0013413071749242955, -0.016222312207907062], [-0.001343672294083047, -0.000500937067267504, 0.9999989718028817, 0.034724926700533496], [-0.004691525115325557, -0.9999888660899432, -0.0005072358837321378, 0.033806489398368424], [0.0, 0.0, 0.0, 1.0]]}, "Hobj2base": {"type": "ndarray", "data": [[0.999988922712944, -0.004622412524116956, 0.0008875549912505865, -0.7350161861590171], [-0.00462222734595286, -0.9999892952786449, -0.00021057654683590303, 0.09256357429442726], [0.0008885188618890971, 0.00020647173326745105, -0.9999995839517415, 0.0023655964811453247], [0.0, 0.0, 0.0, 1.0]]}, "mean_rme": {"type": "float", "data": 0.001587064480290536}, "max_rme": {"type": "float", "data": 0.005548449367548364}, "simu": {"type": "float", "data": 0.002}}, {"type": "dict", "image_number": {"type": "int", "data": 13}, "Hcamera2end": {"type": "ndarray", "data": [[0.9999890084151994, -0.004518287652666068, 0.0012522481678310829, -0.017066736219328353], [-0.0012509931823400037, 0.0002805723810861416, 0.9999991781472606, 0.034783273194386774], [-0.004518635285549143, -0.999989753125414, 0.00027491695010173345, 0.033416213568114354], [0.0, 0.0, 0.0, 1.0]]}, "Hobj2base": {"type": "ndarray", "data": [[0.9999897998764343, -0.0045156782306949046, 9.377209477232594e-05, -0.735488888067379], [-0.0045156806718083305, -0.9999898039282791, 2.5837022239166763e-05, 0.09174339165587878], [9.365446698645087e-05, -2.6260203534265724e-05, -0.999999995269621, 0.0026695788568958335], [0.0, 0.0, 0.0, 1.0]]}, "mean_rme": {"type": "float", "data": 0.0015595349886469566}, "max_rme": {"type": "float", "data": 0.005575793403100521}, "simu": {"type": "float", "data": 0.002}}, {"type": "dict", "image_number": {"type": "int", "data": 14}, "Hcamera2end": {"type": "ndarray", "data": [[0.9999889047901971, -0.004585400324256127, 0.0010790738475103274, -0.016761152277666197], [-0.0010759729643554053, 0.0006786644449628954, 0.9999991908480481, 0.03477090793546839], [-0.004586128943024299, -0.9999892567015094, 0.0006737231482588646, 0.03317808299980731], [0.0, 0.0, 0.0, 1.0]]}, "Hobj2base": {"type": "ndarray", "data": [[0.9999893643431905, -0.004599789210708654, -0.0003363624811416099, -0.735365402500056], [-0.004599746037775434, -0.9999894127899014, 0.00012901355275071435, 0.09193647397011824], [-0.0003369523551493305, -0.00012746499861695607, -0.9999999351078903, 0.0028211530978938804], [0.0, 0.0, 0.0, 1.0]]}, "mean_rme": {"type": "float", "data": 0.0014945477233600669}, "max_rme": {"type": "float", "data": 0.0055497123540666216}, "simu": {"type": "float", "data": 0.002}}, {"type": "dict", "image_number": {"type": "int", "data": 15}, "Hcamera2end": {"type": "ndarray", "data": [[0.9999908046549033, -0.004232202703619394, 0.0006921458765201129, -0.016424026866902544], [-0.0006897954388224367, 0.0005568042952482921, 0.9999996070755373, 0.0347896627456804], [-0.0042325864304804065, -0.9999908891731224, 0.0005538798211195406, 0.033027400264303126], [0.0, 0.0, 0.0, 1.0]]}, "Hobj2base": {"type": "ndarray", "data": [[0.9999909348788341, -0.00424296124517681, -0.0003569874332167787, -0.7350547958691834], [-0.004243047714907197, -0.9999909689955093, -0.00024181296809006148, 0.09179374224174341], [-0.0003559582062094789, 0.00024332549073896725, -0.9999999070432262, 0.0029640336994489758], [0.0, 0.0, 0.0, 1.0]]}, "mean_rme": {"type": "float", "data": 0.0015123482507249306}, "max_rme": {"type": "float", "data": 0.005223860016254467}, "simu": {"type": "float", "data": 0.002}}, {"type": "dict", "image_number": {"type": "int", "data": 16}, "Hcamera2end": {"type": "ndarray", "data": [[0.9999927943885467, -0.0037722515283578587, 0.00042578092090272295, -0.015800118169234573], [-0.0004232083781761076, 0.0006827367735231515, 0.9999996773825314, 0.034610645439264946], [-0.0037725410076557848, -0.9999926519674557, 0.0006811354055358265, 0.03294351157883279], [0.0, 0.0, 0.0, 1.0]]}, "Hobj2base": {"type": "ndarray", "data": [[0.9999925580071777, -0.003811184011923778, -0.0005990047484564812, -0.7349285923782358], [-0.0038114446698166347, -0.9999926419729612, -0.00043461415733575315, 0.09213347677394063], [-0.0005973439464355521, 0.0004368939963960131, -0.9999997261518851, 0.003073269505819737], [0.0, 0.0, 0.0, 1.0]]}, "mean_rme": {"type": "float", "data": 0.00150842666113215}, "max_rme": {"type": "float", "data": 0.005013878003322619}, "simu": {"type": "float", "data": 0.002}}, {"type": "dict", "image_number": {"type": "int", "data": 17}, "Hcamera2end": {"type": "ndarray", "data": [[0.9999930402450846, -0.003704165253203051, 0.00044566935001971383, -0.01578642582402469], [-0.00044388536182390567, 0.0004824249567043637, 0.9999997851159503, 0.03475442532435601], [-0.003704379459253908, -0.9999930231886311, 0.00048077737441121204, 0.03322534244946619], [0.0, 0.0, 0.0, 1.0]]}, "Hobj2base": {"type": "ndarray", "data": [[0.9999929089929815, -0.0037420384776740844, -0.00042321600415981975, -0.7351059775918772], [-0.003742185243374912, -0.9999929379589791, -0.00034652817188457355, 0.09208082259318814], [-0.00042191629363824744, 0.00034810946733640155, -0.999999850403209, 0.0029131461297887944], [0.0, 0.0, 0.0, 1.0]]}, "mean_rme": {"type": "float", "data": 0.001435900154206796}, "max_rme": {"type": "float", "data": 0.004930175866245529}, "simu": {"type": "float", "data": 0.002}}, {"type": "dict", "image_number": {"type": "int", "data": 18}, "Hcamera2end": {"type": "ndarray", "data": [[0.9999937306282011, -0.0035213071521258982, 0.0003729614367764117, -0.015747220025843084], [-0.00037163323258508217, 0.0003778374516814065, 0.9999998595637906, 0.034907032675499626], [-0.0035214475764057157, -0.9999937287977364, 0.0003765264481180308, 0.0336034067162719], [0.0, 0.0, 0.0, 1.0]]}, "Hobj2base": {"type": "ndarray", "data": [[0.9999935802157555, -0.0035660207972981225, -0.00035074627406521305, -0.7353741887333409], [-0.003566141912154232, -0.9999935816830712, -0.00034528904525601447, 0.09177577128499213], [-0.0003495127149480024, 0.00034653763956331784, -0.9999998788762556, 0.00275478179490227], [0.0, 0.0, 0.0, 1.0]]}, "mean_rme": {"type": "float", "data": 0.0014293163397510803}, "max_rme": {"type": "float", "data": 0.004608412863019912}, "simu": {"type": "float", "data": 0.002}}, {"type": "dict", "image_number": {"type": "int", "data": 19}, "Hcamera2end": {"type": "ndarray", "data": [[0.9999956430845873, -0.00293089632802751, 0.0003516511866426945, -0.015947723564943773], [-0.00035023111103774465, 0.00048501838494818816, 0.9999998210476513, 0.03603135503139415], [-0.0029310663608273398, -0.999995587292204, 0.0004839897806868665, 0.03362945105087595], [0.0, 0.0, 0.0, 1.0]]}, "Hobj2base": {"type": "ndarray", "data": [[0.9999956227991406, -0.0029441181481216026, -0.0002941953244881248, -0.735481334091197], [-0.002944215619363268, -0.9999956108637398, -0.0003314327119706925, 0.09165817641861591], [-0.00029321825616256445, 0.00033229743569264245, -0.9999999018007295, 0.0015730910920531869], [0.0, 0.0, 0.0, 1.0]]}, "mean_rme": {"type": "float", "data": 0.0014475550332695155}, "max_rme": {"type": "float", "data": 0.0047155652213264065}, "simu": {"type": "float", "data": 0.002}}, {"type": "dict", "image_number": {"type": "int", "data": 20}, "Hcamera2end": {"type": "ndarray", "data": [[0.9999968563177047, -0.0024820277292747833, 0.00035622051997868313, -0.01616663595146998], [-0.0003551938255351146, 0.00041408000319043126, 0.9999998511875374, 0.036069172809861154], [-0.002482174863712174, -0.9999968340330392, 0.00041319710053022707, 0.033668071632838685], [0.0, 0.0, 0.0, 1.0]]}, "Hobj2base": {"type": "ndarray", "data": [[0.9999968030651262, -0.0025090573728009237, -0.00031383216431895205, -0.735426419704623], [-0.0025091556803716196, -0.9999968030015027, -0.00031324837676061296, 0.09137961913132511], [-0.00031304520284876515, 0.00031403482908373736, -0.9999999016924088, 0.0016264828390978813], [0.0, 0.0, 0.0, 1.0]]}, "mean_rme": {"type": "float", "data": 0.0014371835307381356}, "max_rme": {"type": "float", "data": 0.0046851345966209546}, "simu": {"type": "float", "data": 0.002}}, {"type": "dict", "image_number": {"type": "int", "data": 21}, "Hcamera2end": {"type": "ndarray", "data": [[0.9999970559729625, -0.0024115333435992888, 0.0002693554165577581, -0.01613135431498116], [-0.0002682078421650516, 0.0004761799296614244, 0.999999850658603, 0.03617431760449982], [-0.0024116612451008405, -0.9999969788752401, 0.00047553173562042694, 0.03346862085259074], [0.0, 0.0, 0.0, 1.0]]}, "Hobj2base": {"type": "ndarray", "data": [[0.9999969412968764, -0.0024423596709205963, -0.00039022574138000785, -0.735289801424542], [-0.0024424987939646284, -0.9999969535699136, -0.0003564414864923797, 0.09122304483061114], [-0.00038935399427291687, 0.00035739352214638625, -0.9999998603366589, 0.001664054435854463], [0.0, 0.0, 0.0, 1.0]]}, "mean_rme": {"type": "float", "data": 0.001440761110763607}, "max_rme": {"type": "float", "data": 0.00462764902368798}, "simu": {"type": "float", "data": 0.002}}, {"type": "dict", "image_number": {"type": "int", "data": 22}, "Hcamera2end": {"type": "ndarray", "data": [[0.9999974262543958, -0.002243521046300069, 0.00033778380507489697, -0.016121120434316356], [-0.000337137443729885, 0.0002884732465120443, 0.9999999015607602, 0.0362970896886534], [-0.0022436182670404316, -0.9999974416949781, 0.00028771612910483135, 0.03392647875779436], [0.0, 0.0, 0.0, 1.0]]}, "Hobj2base": {"type": "ndarray", "data": [[0.9999973805320399, -0.0022748957752944383, -0.00025254360026724963, -0.7356689527146947], [-0.0022749554440341384, -0.9999973843817795, -0.00023623574535375336, 0.09112548270665384], [-0.0002520055280105285, 0.00023680965198007135, -0.9999999402071995, 0.0014573256857844412], [0.0, 0.0, 0.0, 1.0]]}, "mean_rme": {"type": "float", "data": 0.0014595442770650672}, "max_rme": {"type": "float", "data": 0.004406505412268724}, "simu": {"type": "float", "data": 0.002}}, {"type": "dict", "image_number": {"type": "int", "data": 23}, "Hcamera2end": {"type": "ndarray", "data": [[0.9999973930585498, -0.0022714457954383076, 0.00023325973216888844, -0.015860290304805652], [-0.00023254538250518358, 0.0003147502071368935, 0.9999999234274732, 0.03609322985477003], [-0.0022715190400569804, -0.9999973707296963, 0.0003142211723702326, 0.033977545646491136], [0.0, 0.0, 0.0, 1.0]]}, "Hobj2base": {"type": "ndarray", "data": [[0.9999973010562727, -0.002300998345782962, -0.000321382611474316, -0.7356496190738934], [-0.0023010949404155324, -0.999997307323101, -0.00030051393092571084, 0.0913654273025889], [-0.0003206902640368375, 0.00030125265175672304, -0.9999999032022926, 0.0013927935422219566], [0.0, 0.0, 0.0, 1.0]]}, "mean_rme": {"type": "float", "data": 0.0015221628585834926}, "max_rme": {"type": "float", "data": 0.0057858740850142976}, "simu": {"type": "float", "data": 0.002}}, {"type": "dict", "image_number": {"type": "int", "data": 24}, "Hcamera2end": {"type": "ndarray", "data": [[0.9999974639005343, -0.0022521229502362487, 1.1606749671118312e-05, -0.015656980081441563], [-1.0845281578709346e-05, 0.0003381231619150604, 0.9999999427775519, 0.03633284732431974], [-0.0022521267458751586, -0.9999974068041098, 0.00033809787949357073, 0.03396731853266803], [0.0, 0.0, 0.0, 1.0]]}, "Hobj2base": {"type": "ndarray", "data": [[0.9999973631532851, -0.0022727539108051776, -0.00032905339646473804, -0.7355506824636455], [-0.002272827422374539, -0.9999973922148215, -0.00022320184684503506, 0.09119655971795], [-0.00032854525549385184, 0.00022394913987888897, -0.9999999209523958, 0.0012381036539068173], [0.0, 0.0, 0.0, 1.0]]}, "mean_rme": {"type": "float", "data": 0.001570379438536163}, "max_rme": {"type": "float", "data": 0.005821952946691411}, "simu": {"type": "float", "data": 0.002}}, {"type": "dict", "image_number": {"type": "int", "data": 25}, "Hcamera2end": {"type": "ndarray", "data": [[0.9999976791532, -0.0021534101528945023, 6.717832282672215e-05, -0.015912285895332917], [-6.633262486132577e-05, 0.00039279399790648206, 0.9999999206564261, 0.03630989711141309], [-0.0021534363692772398, -0.9999976042659247, 0.0003926502449439484, 0.034040564777862534], [0.0, 0.0, 0.0, 1.0]]}, "Hobj2base": {"type": "ndarray", "data": [[0.9999976192017982, -0.002148078096174766, -0.000383863554173815, -0.7358169643725307], [-0.002148145091528234, -0.9999976775604513, -0.00017420209419245693, 0.09106111484538972], [-0.00038348846297107285, 0.00017502627406213936, -0.9999999111511972, 0.0013673271869852589], [0.0, 0.0, 0.0, 1.0]]}, "mean_rme": {"type": "float", "data": 0.0016116063232605165}, "max_rme": {"type": "float", "data": 0.0059147716787872895}, "simu": {"type": "float", "data": 0.002}}, {"type": "dict", "image_number": {"type": "int", "data": 26}, "Hcamera2end": {"type": "ndarray", "data": [[-0.9988550651006189, 0.0009985805936232363, 0.04782846181549813, -45.33685671788301], [0.047476318875987494, -0.1021648492878322, 0.993633907792996, -1875.9065806355143], [0.0058786111305373055, 0.994766980959256, 0.1020004682557063, -96.46146434875847], [0.0, 0.0, 0.0, 1.0]]}, "Hobj2base": {"type": "ndarray", "data": [[-0.9937626594026434, 5.0566684015810725e-05, -0.11151580255728466, 101.19610600722127], [0.006946614726934031, 0.9980858952445486, -0.061451527708620786, 55.368980893303274], [0.11129924222931786, -0.061842890916404554, -0.9918608448377626, 1806.4331410852499], [0.0, 0.0, 0.0, 1.0]]}, "mean_rme": {"type": "float", "data": 174.21148839087695}, "max_rme": {"type": "float", "data": 1262.2986687690786}, "simu": {"type": "float", "data": 0.002}}, {"type": "dict", "image_number": {"type": "int", "data": 26}, "Hcamera2end": {"type": "ndarray", "data": [[0.9999976307067833, -0.0021763314481974003, 4.649997345975289e-05, -0.015887832367922614], [-4.564990007983687e-05, 0.00039064727116688847, 0.999999922655395, 0.03631575661360971], [-0.0021763494449576455, -0.9999975554850805, 0.00039054699629581524, 0.034081817047940596], [0.0, 0.0, 0.0, 1.0]]}, "Hobj2base": {"type": "ndarray", "data": [[0.9999975203037756, -0.00220400438388537, -0.0003189842875430633, -0.735743314067538], [-0.002204041745256596, -0.999997564273341, -0.00011682195933011311, 0.09113660275433771], [-0.00031872603447403265, 0.00011752472433296749, -0.9999999423008252, 0.0013539600397361933], [0.0, 0.0, 0.0, 1.0]]}, "mean_rme": {"type": "float", "data": 0.0015983580286706399}, "max_rme": {"type": "float", "data": 0.005911892281826425}, "simu": {"type": "float", "data": 0.002}}, {"type": "dict", "image_number": {"type": "int", "data": 27}, "Hcamera2end": {"type": "ndarray", "data": [[-0.998729954627477, -0.0005444303910927713, 0.05038036646695863, -55.531752719829356], [0.05003475324437712, -0.1281339625304414, 0.9904939228051934, -2177.1606551095383], [0.005916180995379376, 0.9917567197865591, 0.12799846702454487, -140.56674846483827], [0.0, 0.0, 0.0, 1.0]]}, "Hobj2base": {"type": "ndarray", "data": [[-0.990920111678752, -0.003447521536126726, -0.13440776341352917, 141.41113926557085], [0.009002909534677734, 0.9957262519396813, -0.09191397509663375, 96.306835036603], [0.13415021390396548, -0.09228946740236472, -0.9866541310490256, 2090.014494774414], [0.0, 0.0, 0.0, 1.0]]}, "mean_rme": {"type": "float", "data": 221.02008117004527}, "max_rme": {"type": "float", "data": 1499.9645725813602}, "simu": {"type": "float", "data": 0.002}}, {"type": "dict", "image_number": {"type": "int", "data": 27}, "Hcamera2end": {"type": "ndarray", "data": [[0.9999953178930485, -0.003059323411460515, 6.87913138489823e-05, -0.015758451809730265], [-6.76040111685526e-05, 0.0003881949403349294, 0.99999992236719, 0.035947828613404], [-0.0030593498783966174, -0.9999952449111709, 0.00038798630023062497, 0.03415306267291235], [0.0, 0.0, 0.0, 1.0]]}, "Hobj2base": {"type": "ndarray", "data": [[0.9999951632405234, -0.0030895540911517823, -0.00035798195032649924, -0.7355964436365079], [-0.0030895735986582466, -0.9999952258006402, -5.3952801889310305e-05, 0.0914330756748256], [-0.00035781355114949503, 5.505855251510942e-05, -0.9999999344690069, 0.0017728442316123976], [0.0, 0.0, 0.0, 1.0]]}, "mean_rme": {"type": "float", "data": 0.0016144385239714018}, "max_rme": {"type": "float", "data": 0.005942309041626848}, "simu": {"type": "float", "data": 0.002}}, {"type": "dict", "image_number": {"type": "int", "data": 28}, "Hcamera2end": {"type": "ndarray", "data": [[0.9999938640838384, -0.003502501688761158, 6.539567320991663e-05, -0.015704144446972983], [-6.402234494744643e-05, 0.00039220992775845787, 0.9999999210362531, 0.03577452702446014], [-0.003502527061022765, -0.9999937893073603, 0.0003919832828199743, 0.03417405067248678], [0.0, 0.0, 0.0, 1.0]]}, "Hobj2base": {"type": "ndarray", "data": [[0.9999937158853668, -0.0035218584729913836, -0.00040583577033767235, -0.7355530206665779], [-0.003521870453000043, -0.9999937977800581, -2.8808480468070114e-05, 0.09156601671633628], [-0.0004057317938639339, 3.0237600440599207e-05, -0.9999999172336962, 0.0019716042717830462], [0.0, 0.0, 0.0, 1.0]]}, "mean_rme": {"type": "float", "data": 0.001581304671342898}, "max_rme": {"type": "float", "data": 0.00595555866598485}, "simu": {"type": "float", "data": 0.002}}, {"type": "dict", "image_number": {"type": "int", "data": 29}, "Hcamera2end": {"type": "ndarray", "data": [[0.9999940442970308, -0.0034371503077529194, 0.0003120388275417406, -0.015450042708574417], [-0.00031074994538048367, 0.00037551335077712356, 0.9999998812120904, 0.03564706557779691], [-0.003437267074206722, -0.9999940224758773, 0.00037444302006073293, 0.034203598385398944], [0.0, 0.0, 0.0, 1.0]]}, "Hobj2base": {"type": "ndarray", "data": [[0.9999939305813403, -0.0034695450217330517, -0.000317895932116791, -0.7354852937671895], [-0.003469481501345847, -0.999993961300992, 0.00020014910056438646, 0.091898705932592], [-0.00031858843875440853, -0.0001990449517198685, -0.9999999294412549, 0.002296624936422937], [0.0, 0.0, 0.0, 1.0]]}, "mean_rme": {"type": "float", "data": 0.0016104048696941172}, "max_rme": {"type": "float", "data": 0.006658352960488001}, "simu": {"type": "float", "data": 0.002}}, {"type": "dict", "image_number": {"type": "int", "data": 30}, "Hcamera2end": {"type": "ndarray", "data": [[0.9999948881057553, -0.00317764745466744, 0.0003554138596907196, -0.015395691856014162], [-0.0003544070834735104, 0.00031738816247095514, 0.9999998868301802, 0.03581060606374807], [-0.0031777598992054944, -0.9999949008977035, 0.0003162603592495872, 0.03417161552461849], [0.0, 0.0, 0.0, 1.0]]}, "Hobj2base": {"type": "ndarray", "data": [[0.9999947004438743, -0.00324363935468792, -0.00027908404265998213, -0.7355290991320531], [-0.0032435564729119282, -0.9999946955759842, 0.00029691968872954793, 0.09197887167217117], [-0.0002800456626674287, -0.0002960128903339364, -0.9999999169753941, 0.0021939575176085245], [0.0, 0.0, 0.0, 1.0]]}, "mean_rme": {"type": "float", "data": 0.0016173933769271934}, "max_rme": {"type": "float", "data": 0.006569701189737098}, "simu": {"type": "float", "data": 0.002}}]}