{"type": "list", "data": [{"type": "dict", "image_number": {"type": "int", "data": 5}, "Hcamera2end": {"type": "ndarray", "data": [[0.999999763812711, -0.0006251940800116105, 0.0002854941057581352, -0.008883149766324816], [-0.0002856427932213728, -0.0002377497141285989, 0.9999999309416315, 0.022509367476144876], [-0.0006251261606946979, -0.9999997763036926, -0.00023792824015855807, 0.03554044253537958], [0.0, 0.0, 0.0, 1.0]]}, "Hobj2base": {"type": "ndarray", "data": [[0.999999131047327, -0.0008064402966888206, -0.0010428607954971801, -0.7363616929279726], [-0.0008081691539490887, -0.9999982982097622, -0.0016584451148358413, 0.09688682213236599], [-0.0010415215837964082, 0.0016592864816523092, -0.9999980809987401, 0.0011815333777788206], [0.0, 0.0, 0.0, 1.0]]}, "mean_rme": {"type": "float", "data": 0.001244648668373126}, "max_rme": {"type": "float", "data": 0.0038983471585429252}, "simu": {"type": "float", "data": 0.002}}, {"type": "dict", "image_number": {"type": "int", "data": 6}, "Hcamera2end": {"type": "ndarray", "data": [[0.9999994177838819, 0.0010146881757880737, -0.0003672053962722973, -0.010562907842126892], [0.000367807656862097, -0.0005934196869390451, 0.9999997562852717, 0.020791886023452322], [0.0010144700215823223, -0.999999309130252, -0.0005937925515209219, 0.03491137821414164], [0.0, 0.0, 0.0, 1.0]]}, "Hobj2base": {"type": "ndarray", "data": [[0.9999996198282152, 0.0008279944712635585, -0.0002734384405725539, -0.735866607044743], [0.0008276142421255504, -0.9999986946079449, -0.0013877453199067267, 0.09422971023384928], [-0.0002745871290805906, 0.0013875184907773488, -0.9999989996966732, 0.0024308125353076546], [0.0, 0.0, 0.0, 1.0]]}, "mean_rme": {"type": "float", "data": 0.0015640325262263808}, "max_rme": {"type": "float", "data": 0.00472536402805579}, "simu": {"type": "float", "data": 0.002}}, {"type": "dict", "image_number": {"type": "int", "data": 7}, "Hcamera2end": {"type": "ndarray", "data": [[0.9999974357242393, -0.0020224848253271423, -0.0010188719631850796, -0.01193281059352496], [0.0010174186778111748, -0.0007194631383897754, 0.999999223615712, 0.02433183541524823], [-0.0020232162959219514, -0.9999976959613077, -0.0007174035796508882, 0.03488569429099023], [0.0, 0.0, 0.0, 1.0]]}, "Hobj2base": {"type": "ndarray", "data": [[0.999997421885889, -0.0021293394125981484, 0.0007887555015100096, -0.7359714004579769], [-0.0021285265271657064, -0.9999972042312706, -0.0010300021674880136, 0.09215012895068142], [0.0007909465205423373, 0.0010283206250164794, -0.9999991584797925, -0.0004900949672656767], [0.0, 0.0, 0.0, 1.0]]}, "mean_rme": {"type": "float", "data": 0.0015373575008908419}, "max_rme": {"type": "float", "data": 0.004299861604876831}, "simu": {"type": "float", "data": 0.002}}, {"type": "dict", "image_number": {"type": "int", "data": 8}, "Hcamera2end": {"type": "ndarray", "data": [[0.9999933492610729, -0.0031741035639739667, -0.0017962461376546425, -0.011613596871738222], [0.0017937943270844216, -0.0007751199934133979, 0.9999980907436312, 0.024454603065998483], [-0.0031754898100909102, -0.9999946621135338, -0.0007694211493260994, 0.03465375793406028], [0.0, 0.0, 0.0, 1.0]]}, "Hobj2base": {"type": "ndarray", "data": [[0.9999944057614828, -0.003178936082351338, 0.0010405821078438406, -0.7360929974885795], [-0.0031765436615097276, -0.9999923263985808, -0.0022927525642575408, 0.0922180284368355], [0.0010478626366859228, 0.002289434283553884, -0.9999968302322544, -0.0005721794688342274], [0.0, 0.0, 0.0, 1.0]]}, "mean_rme": {"type": "float", "data": 0.0014628047759671725}, "max_rme": {"type": "float", "data": 0.0041777753915706595}, "simu": {"type": "float", "data": 0.002}}, {"type": "dict", "image_number": {"type": "int", "data": 9}, "Hcamera2end": {"type": "ndarray", "data": [[0.9999946914983968, -0.002920342071493923, -0.0014451910640798206, -0.011326538157300808], [0.0014438242590910323, -0.00047008311922547286, 0.9999988471960205, 0.024505924729663803], [-0.0029210180648352405, -0.9999956253024543, -0.0004658641630608251, 0.032602710372473566], [0.0, 0.0, 0.0, 1.0]]}, "Hobj2base": {"type": "ndarray", "data": [[0.9999953462714505, -0.0029519834987663074, 0.0007702135189827633, -0.7341773953902577], [-0.0029505539588811813, -0.9999939347149822, -0.0018506119483802626, 0.09233733471251225], [0.0007756718233524844, 0.0018483307795869861, -0.9999979910012577, -0.0006458380677105567], [0.0, 0.0, 0.0, 1.0]]}, "mean_rme": {"type": "float", "data": 0.0015098133560752566}, "max_rme": {"type": "float", "data": 0.004997349929329098}, "simu": {"type": "float", "data": 0.002}}, {"type": "dict", "image_number": {"type": "int", "data": 10}, "Hcamera2end": {"type": "ndarray", "data": [[0.9999956565117365, -0.0027526030934956207, -0.001053628905629026, -0.01185726112825954], [0.0010532314456308312, -0.00014583980488613868, 0.9999994347169768, 0.024438051319311017], [-0.002752755198529842, -0.9999962009462641, -0.0001429400432972905, 0.03190930728527902], [0.0, 0.0, 0.0, 1.0]]}, "Hobj2base": {"type": "ndarray", "data": [[0.9999962779952376, -0.0027139382908927747, 0.000280240298211753, -0.7338672190969164], [-0.0027135272960904662, -0.9999952573996478, -0.0014566907105699456, 0.09196362799799927], [0.0002841923378414195, 0.0014559248490615213, -0.9999988997581695, -0.0008806598621928119], [0.0, 0.0, 0.0, 1.0]]}, "mean_rme": {"type": "float", "data": 0.001560182914357312}, "max_rme": {"type": "float", "data": 0.005595095681982742}, "simu": {"type": "float", "data": 0.002}}, {"type": "dict", "image_number": {"type": "int", "data": 11}, "Hcamera2end": {"type": "ndarray", "data": [[0.9999972629455163, -0.0022977423958096175, -0.0004410004064375659, -0.013081975294504115], [0.0004400802977650415, -0.00040093051734624297, 0.9999998227920098, 0.024829276915091826], [-0.0022979187991524095, -0.9999972798136013, -0.00039991822881968453, 0.03355867209206005], [0.0, 0.0, 0.0, 1.0]]}, "Hobj2base": {"type": "ndarray", "data": [[0.9999973042069007, -0.0023004190381488375, 0.00031567575167384737, -0.7351476190475179], [-0.0023001730285540814, -0.9999970523650097, -0.0007774736842596738, 0.0906229769356936], [0.00031746333644188697, 0.0007767454795017121, -0.9999996479416826, -0.0007948961903989335], [0.0, 0.0, 0.0, 1.0]]}, "mean_rme": {"type": "float", "data": 0.0016561296696774189}, "max_rme": {"type": "float", "data": 0.004546460362709559}, "simu": {"type": "float", "data": 0.002}}, {"type": "dict", "image_number": {"type": "int", "data": 12}, "Hcamera2end": {"type": "ndarray", "data": [[0.9999960961834425, -0.002787736556576956, -0.00019011250921249995, -0.012681425661734833], [0.00018948824094869353, -0.0002241961489131139, 0.9999999569151456, 0.024667738997149684], [-0.002787779058960158, -0.9999960891228414, -0.00022366703039611302, 0.03294871910171033], [0.0, 0.0, 0.0, 1.0]]}, "Hobj2base": {"type": "ndarray", "data": [[0.9999961924660731, -0.0027582588466446116, 8.403268017231121e-05, -0.734894163659548], [-0.002758204002061452, -0.9999959875353304, -0.000645928729047024, 0.09143709697552176], [8.581398162534678e-05, 0.0006456944903767187, -0.9999997878572706, -0.0008644505700392083], [0.0, 0.0, 0.0, 1.0]]}, "mean_rme": {"type": "float", "data": 0.0017613095627332777}, "max_rme": {"type": "float", "data": 0.004946429807199837}, "simu": {"type": "float", "data": 0.002}}, {"type": "dict", "image_number": {"type": "int", "data": 13}, "Hcamera2end": {"type": "ndarray", "data": [[0.9999951774626799, -0.0031038014008565188, -0.00010708990320784932, -0.013621747611670156], [0.0001064632398295887, -0.00020206641051467855, 0.9999999739173718, 0.024691644695682927], [-0.0031038229591735644, -0.9999951627813156, -0.00020173499528897132, 0.03366214156415668], [0.0, 0.0, 0.0, 1.0]]}, "Hobj2base": {"type": "ndarray", "data": [[0.9999953062009658, -0.0030625713313366157, 9.073520320147198e-05, -0.7352921234586438], [-0.003062520186863095, -0.9999951544876304, -0.0005585439692527287, 0.09045882212962443], [9.244534429044686e-05, 0.0005582634691681217, -0.999999839897866, -0.0010109814963411312], [0.0, 0.0, 0.0, 1.0]]}, "mean_rme": {"type": "float", "data": 0.0018318796105270627}, "max_rme": {"type": "float", "data": 0.004795335522420008}, "simu": {"type": "float", "data": 0.002}}, {"type": "dict", "image_number": {"type": "int", "data": 14}, "Hcamera2end": {"type": "ndarray", "data": [[0.9999955594728883, -0.0029800971379860845, 7.453408945597801e-06, -0.013657692012095803], [-7.719266185994035e-06, -8.919943892804483e-05, 0.9999999959919366, 0.024753344134418265], [-0.00298009646120177, -0.9999955555223774, -8.922204699857161e-05, 0.03337780730796146], [0.0, 0.0, 0.0, 1.0]]}, "Hobj2base": {"type": "ndarray", "data": [[0.9999956412258209, -0.002952485373246887, 1.895996127634838e-05, -0.735098208576008], [-0.0029524773252589806, -0.9999955568331196, -0.00041132914233998685, 0.09039375051995688], [2.0174320310425377e-05, 0.00041127137059338584, -0.999999915224425, -0.0011152194967299356], [0.0, 0.0, 0.0, 1.0]]}, "mean_rme": {"type": "float", "data": 0.0017474039572508166}, "max_rme": {"type": "float", "data": 0.004975682506457801}, "simu": {"type": "float", "data": 0.002}}, {"type": "dict", "image_number": {"type": "int", "data": 15}, "Hcamera2end": {"type": "ndarray", "data": [[0.9999957393439387, -0.002918424876697456, -6.39547373850872e-05, -0.013925341172331166], [6.379754891874465e-05, -5.39537830062109e-05, 0.9999999965094309, 0.024539000416846223], [-0.002918428317110516, -0.9999957399335401, -5.3767364773804616e-05, 0.0326978311059824], [0.0, 0.0, 0.0, 1.0]]}, "Hobj2base": {"type": "ndarray", "data": [[0.9999957759514858, -0.0029064868224801662, -2.0335600640111887e-05, -0.7344310505192115], [-0.002906496115412327, -0.9999956642970618, -0.0004729348883186079, 0.09061987978655141], [-1.8960933450199286e-05, 0.0004729919959629607, -0.9999998879595209, -0.0010741686333717525], [0.0, 0.0, 0.0, 1.0]]}, "mean_rme": {"type": "float", "data": 0.0018422943470557784}, "max_rme": {"type": "float", "data": 0.006766402818117356}, "simu": {"type": "float", "data": 0.002}}, {"type": "dict", "image_number": {"type": "int", "data": 16}, "Hcamera2end": {"type": "ndarray", "data": [[0.9999959855328603, -0.0028331072382788585, -4.920914337754631e-05, -0.013916875075589323], [4.918251505177081e-05, -9.468651691157959e-06, 0.9999999987457122, 0.02450790726708264], [-0.0028331077006695654, -0.9999959866988071, -9.329274340164062e-06, 0.032730364488644845], [0.0, 0.0, 0.0, 1.0]]}, "Hobj2base": {"type": "ndarray", "data": [[0.9999960145162186, -0.0028229644649099676, -4.270021825629909e-05, -0.7344709813988008], [-0.002822982530353128, -0.9999959233113367, -0.0004291041135051486, 0.09065808220779693], [-4.1488698516631675e-05, 0.00042922294528784354, -0.9999999070231711, -0.001060157814736118], [0.0, 0.0, 0.0, 1.0]]}, "mean_rme": {"type": "float", "data": 0.0017572203017727857}, "max_rme": {"type": "float", "data": 0.0067454067080003205}, "simu": {"type": "float", "data": 0.002}}, {"type": "dict", "image_number": {"type": "int", "data": 17}, "Hcamera2end": {"type": "ndarray", "data": [[0.9999963127544568, -0.0027155749942580553, -1.1399177262906004e-05, -0.013459233582892808], [1.102510075410971e-05, -0.00013776715906232972, 0.9999999904493282, 0.024666933089351237], [-0.0027155765387547577, -0.9999963033294972, -0.00013773671159311718, 0.032849944796296486], [0.0, 0.0, 0.0, 1.0]]}, "Hobj2base": {"type": "ndarray", "data": [[0.9999963124686166, -0.0027150019327601155, 6.17549499170165e-05, -0.7347080183567642], [-0.002714980889450781, -0.9999962572008276, -0.0003383239661137316, 0.09107810993987599], [6.267326900253891e-05, 0.00033815505502463516, -0.9999999408616083, -0.0011430839868770398], [0.0, 0.0, 0.0, 1.0]]}, "mean_rme": {"type": "float", "data": 0.0017811541404849508}, "max_rme": {"type": "float", "data": 0.006728810715602454}, "simu": {"type": "float", "data": 0.002}}, {"type": "dict", "image_number": {"type": "int", "data": 18}, "Hcamera2end": {"type": "ndarray", "data": [[0.9999971094076053, -0.0024007485418331134, 0.00013260042509642472, -0.013924775613860378], [-0.00013292266759213863, -0.00013406678290062146, 0.9999999821788309, 0.02470295430445661], [-0.0024007307217365635, -0.99999710921209, -0.0001343855092685864, 0.03326457806404848], [0.0, 0.0, 0.0, 1.0]]}, "Hobj2base": {"type": "ndarray", "data": [[0.999997091188082, -0.0024099126860122186, 9.968059305064536e-05, -0.7352863980161793], [-0.0024098924840928538, -0.9999970757436947, -0.0002022925462130307, 0.09082876922202465], [0.00010016780893244713, 0.0002020517382700587, -0.9999999745707522, -0.0011688891373597904], [0.0, 0.0, 0.0, 1.0]]}, "mean_rme": {"type": "float", "data": 0.001796464036024068}, "max_rme": {"type": "float", "data": 0.0067590453611761775}, "simu": {"type": "float", "data": 0.002}}, {"type": "dict", "image_number": {"type": "int", "data": 19}, "Hcamera2end": {"type": "ndarray", "data": [[0.9999974271184052, -0.002243079608464523, 0.0003381574189425052, -0.014050117089321391], [-0.0003383512980060933, -8.605540951478474e-05, 0.9999999390564309, 0.024837266540011477], [-0.0022430503714880785, -0.9999974805909946, -8.681413700140084e-05, 0.03333949174228599], [0.0, 0.0, 0.0, 1.0]]}, "Hobj2base": {"type": "ndarray", "data": [[0.9999974450869752, -0.002259474665683367, 6.777726220815788e-05, -0.7354442059949339], [-0.0022594741266986464, -0.9999974473528548, -8.027810843156625e-06, 0.09085413364641205], [6.7795227831944e-05, 7.874649362460338e-06, -0.9999999976708989, -0.0009801679433638925], [0.0, 0.0, 0.0, 1.0]]}, "mean_rme": {"type": "float", "data": 0.0018516692759635526}, "max_rme": {"type": "float", "data": 0.0067353594475938056}, "simu": {"type": "float", "data": 0.002}}, {"type": "dict", "image_number": {"type": "int", "data": 20}, "Hcamera2end": {"type": "ndarray", "data": [[0.9999966764738619, -0.0025466182955339693, 0.00040221447900365024, -0.014148673002418474], [-0.00040225573415499853, -1.5687798428531963e-05, 0.9999999189721055, 0.02479171254203686], [-0.002546611779327179, -0.9999967572393172, -1.671213810183758e-05, 0.03326457651916459], [0.0, 0.0, 0.0, 1.0]]}, "Hobj2base": {"type": "ndarray", "data": [[0.9999967150476622, -0.002562390121781615, 6.36454907651473e-05, -0.7354659508412692], [-0.0025623865231392613, -0.9999967154827805, -5.655931682145765e-05, 0.0910289159213316], [6.379020875515499e-05, 5.639604667900243e-05, -0.9999999963751471, -0.0008774654890001288], [0.0, 0.0, 0.0, 1.0]]}, "mean_rme": {"type": "float", "data": 0.0018562702748310361}, "max_rme": {"type": "float", "data": 0.006587295048092787}, "simu": {"type": "float", "data": 0.002}}, {"type": "dict", "image_number": {"type": "int", "data": 21}, "Hcamera2end": {"type": "ndarray", "data": [[0.9999962172606086, -0.0027278184044182354, 0.0003528047990444276, -0.014270627044576698], [-0.0003531035612545962, -0.00010904340357487108, 0.9999999317137033, 0.024814083851224522], [-0.0027277797471095327, -0.9999962735512012, -0.00011000619348511265, 0.03297121729619704], [0.0, 0.0, 0.0, 1.0]]}, "Hobj2base": {"type": "ndarray", "data": [[0.999996276551424, -0.002723432713736163, 0.0001726196446494389, -0.7350647663982345], [-0.002723422121775889, -0.9999962895839343, -6.156549576490893e-05, 0.09106632065008659], [0.00017278667364393973, 6.109515037006e-05, -0.9999999832060735, -0.0008814384026064445], [0.0, 0.0, 0.0, 1.0]]}, "mean_rme": {"type": "float", "data": 0.001836548415648965}, "max_rme": {"type": "float", "data": 0.006301577152348012}, "simu": {"type": "float", "data": 0.002}}, {"type": "dict", "image_number": {"type": "int", "data": 22}, "Hcamera2end": {"type": "ndarray", "data": [[0.9999958244148104, -0.002864478941317896, 0.0003819860448814091, -0.014259519231357667], [-0.000382181415819456, -6.765763763105781e-05, 0.9999999246799018, 0.024763952521277072], [-0.002864452881291657, -0.9999958950829941, -6.875210573831225e-05, 0.03289546361901295], [0.0, 0.0, 0.0, 1.0]]}, "Hobj2base": {"type": "ndarray", "data": [[0.9999959641318001, -0.0028380146811447333, 0.00013188169359379108, -0.7350328998753949], [-0.0028380043786877408, -0.999995969796662, -7.824052068406182e-05, 0.09115177617232882], [0.00013210320983011116, 7.786592409174452e-05, -0.9999999882428194, -0.0008818892490409135], [0.0, 0.0, 0.0, 1.0]]}, "mean_rme": {"type": "float", "data": 0.0017864358623568164}, "max_rme": {"type": "float", "data": 0.006258372759512493}, "simu": {"type": "float", "data": 0.002}}, {"type": "dict", "image_number": {"type": "int", "data": 23}, "Hcamera2end": {"type": "ndarray", "data": [[0.9999960878982478, -0.002781840234155256, 0.00029249463512911935, -0.014220037453086979], [-0.0002926418884206072, -5.252687514922805e-05, 0.9999999558008251, 0.024826812118895425], [-0.0027818247473710323, -0.9999961292954281, -5.334075263818683e-05, 0.032885706375713225], [0.0, 0.0, 0.0, 1.0]]}, "Hobj2base": {"type": "ndarray", "data": [[0.9999962098168795, -0.002752455102751052, 6.589979422288626e-05, -0.7350375413209388], [-0.00275244566921912, -0.9999962018161537, -0.00014281493060817925, 0.09110875140928507], [6.629263560785389e-05, 0.00014263300371022869, -0.9999999876305563, -0.0007808982881811151], [0.0, 0.0, 0.0, 1.0]]}, "mean_rme": {"type": "float", "data": 0.0017718271276435517}, "max_rme": {"type": "float", "data": 0.006263354435337751}, "simu": {"type": "float", "data": 0.002}}, {"type": "dict", "image_number": {"type": "int", "data": 24}, "Hcamera2end": {"type": "ndarray", "data": [[0.9999967159003313, -0.002552574712939848, 0.00022923980216057863, -0.014170036584158344], [-0.00022925265745892226, -4.7436168422176905e-06, 0.9999999737103583, 0.023934703620636037], [-0.002552573558407787, -0.9999967421646098, -5.328785799951774e-06, 0.03289488206195843], [0.0, 0.0, 0.0, 1.0]]}, "Hobj2base": {"type": "ndarray", "data": [[0.9999968713295537, -0.0025006254241872767, 6.483511304754711e-05, -0.7350545602676483], [-0.0025006190507148177, -0.9999968686258351, -9.819820205638188e-05, 0.09099559426211111], [6.508046694522082e-05, 9.803576690772727e-05, -0.9999999930767602, 0.00010834914394650581], [0.0, 0.0, 0.0, 1.0]]}, "mean_rme": {"type": "float", "data": 0.0017430598769346923}, "max_rme": {"type": "float", "data": 0.00632493575458809}, "simu": {"type": "float", "data": 0.002}}, {"type": "dict", "image_number": {"type": "int", "data": 25}, "Hcamera2end": {"type": "ndarray", "data": [[0.9999968887745045, -0.0024803457363578455, 0.00026519113723296513, -0.014249523166679592], [-0.00026503424205254525, 6.3583842122239e-05, 0.999999962856972, 0.024024397890262682], [-0.0024803625061016964, -0.9999969219163243, 6.292626774628829e-05, 0.0326415659104504], [0.0, 0.0, 0.0, 1.0]]}, "Hobj2base": {"type": "ndarray", "data": [[0.9999970128271319, -0.0024441012198632684, 2.6571413233631538e-05, -0.7348792928162579], [-0.0024441001528754387, -0.9999970123781889, -4.0114064384395665e-05, 0.0908413777145912], [2.6669376681993396e-05, 4.0049001361604476e-05, -0.9999999988424106, 6.545391914421161e-05], [0.0, 0.0, 0.0, 1.0]]}, "mean_rme": {"type": "float", "data": 0.0017144519289541704}, "max_rme": {"type": "float", "data": 0.006300419015039957}, "simu": {"type": "float", "data": 0.002}}, {"type": "dict", "image_number": {"type": "int", "data": 26}, "Hcamera2end": {"type": "ndarray", "data": [[0.9999977251470896, -0.0021100640849425387, 0.0003119778888732482, -0.014217507808544024], [-0.0003117141926173134, 0.00012529844756792308, 0.999999943567279, 0.022881683025889932], [-0.0021101030562110322, -0.9999977659624327, 0.00012464042560977884, 0.03270719899699319], [0.0, 0.0, 0.0, 1.0]]}, "Hobj2base": {"type": "ndarray", "data": [[0.9999977799566621, -0.0021070342543455943, -2.2099737028582967e-05, -0.734856508344188], [-0.002107033017445094, -0.9999977786442018, 5.584375752727981e-05, 0.0910562370182255], [-2.221735264720533e-05, -5.579706867612187e-05, -0.9999999981965382, 0.001113763372007942], [0.0, 0.0, 0.0, 1.0]]}, "mean_rme": {"type": "float", "data": 0.0017816663158337531}, "max_rme": {"type": "float", "data": 0.006059809380553907}, "simu": {"type": "float", "data": 0.002}}, {"type": "dict", "image_number": {"type": "int", "data": 27}, "Hcamera2end": {"type": "ndarray", "data": [[0.9999987088764795, -0.0015788669009648318, 0.00029903960112142485, -0.014228559272339552], [-0.00029884909897776295, 0.00012089204967169476, 0.9999999480371629, 0.02352116767851547], [-0.0015789029704327408, -0.9999987462814248, 0.00012042005063439554, 0.03276758944682821], [0.0, 0.0, 0.0, 1.0]]}, "Hobj2base": {"type": "ndarray", "data": [[0.9999987114004458, -0.0016022014518083582, -0.000100737062062954, -0.7349206565663505], [-0.0016021950224524963, -0.9999987144449458, 6.387148232480341e-05, 0.09082936878490265], [-0.00010083926754162465, -6.370999960062601e-05, -0.9999999928862391, 0.0005354275154826625], [0.0, 0.0, 0.0, 1.0]]}, "mean_rme": {"type": "float", "data": 0.001782837378136349}, "max_rme": {"type": "float", "data": 0.006137695954436181}, "simu": {"type": "float", "data": 0.002}}, {"type": "dict", "image_number": {"type": "int", "data": 28}, "Hcamera2end": {"type": "ndarray", "data": [[0.9999991557803298, -0.0012487349822176749, 0.00035930428869404975, -0.014186494923393581], [-0.0003591345232276118, 0.0001361715295484789, 0.9999999262398517, 0.023031550716951416], [-0.001248783817125362, -0.9999992110588182, 0.00013572295074726348, 0.032798825617064216], [0.0, 0.0, 0.0, 1.0]]}, "Hobj2base": {"type": "ndarray", "data": [[0.9999991577172921, -0.0012888108762623115, -0.00015339892930891052, -0.7349437433490994], [-0.001288792968096171, -0.9999991626867293, 0.00011678409883363217, 0.09091603600825675], [-0.00015354931348270255, -0.00011658630100699835, -0.9999999814151213, 0.000964453800725605], [0.0, 0.0, 0.0, 1.0]]}, "mean_rme": {"type": "float", "data": 0.0017903323249557198}, "max_rme": {"type": "float", "data": 0.006029757068650138}, "simu": {"type": "float", "data": 0.002}}, {"type": "dict", "image_number": {"type": "int", "data": 29}, "Hcamera2end": {"type": "ndarray", "data": [[0.99999868560105, -0.00158157367577518, 0.0003569606147101758, -0.01409685566232206], [-0.0003566860614412677, 0.00017387365377352637, 0.9999999212714998, 0.023417613081251124], [-0.0015816356173065896, -0.999998734195529, 0.0001733092999488539, 0.03277774252088031], [0.0, 0.0, 0.0, 1.0]]}, "Hobj2base": {"type": "ndarray", "data": [[0.9999986593760245, -0.0016327628917687368, -0.00012382040654246792, -0.7349040062196054], [-0.0016327409296405765, -0.999998651366184, 0.0001772649691635895, 0.09102952043698699], [-0.00012410967121774142, -0.00017706256487223522, -0.9999999766228183, 0.0005561950871565834], [0.0, 0.0, 0.0, 1.0]]}, "mean_rme": {"type": "float", "data": 0.0017551535486412737}, "max_rme": {"type": "float", "data": 0.006101870525382289}, "simu": {"type": "float", "data": 0.002}}, {"type": "dict", "image_number": {"type": "int", "data": 30}, "Hcamera2end": {"type": "ndarray", "data": [[0.9999987990389733, -0.0015141879616110048, 0.0003303867854871214, -0.014062899048608316], [-0.0003301020998944912, 0.00018825811872824616, 0.9999999277957394, 0.023433877107734265], [-0.0015142500502748715, -0.9999988358961711, 0.00018775805601178863, 0.032780809524483104], [0.0, 0.0, 0.0, 1.0]]}, "Hobj2base": {"type": "ndarray", "data": [[0.999998737028821, -0.0015825529854063167, -0.00014651556666412142, -0.7349160570409498], [-0.001582516307655864, -0.9999987165422695, 0.0002501118748732045, 0.09108785391652899], [-0.0001469111939118509, -0.0002498796957155436, -0.9999999579886185, 0.0005386404950993314], [0.0, 0.0, 0.0, 1.0]]}, "mean_rme": {"type": "float", "data": 0.0017209209973343752}, "max_rme": {"type": "float", "data": 0.0060435600641575715}, "simu": {"type": "float", "data": 0.002}}]}