{"type": "list", "data": [{"type": "dict", "image_number": {"type": "int", "data": 5}, "Hcamera2end": {"type": "ndarray", "data": [[0.9999894391986361, -0.004595668635206001, 3.634546089282447e-05, -0.017089680431234627], [-3.207385433165889e-05, 0.0009295556108568359, 0.9999995674487235, 0.026081555405879128], [-0.004595700432470769, -0.9999890078176669, 0.0009293983931983885, 0.033865892525965884], [0.0, 0.0, 0.0, 1.0]]}, "Hobj2base": {"type": "ndarray", "data": [[0.9999914308798055, -0.004124476573746025, 0.0003561740470401975, -0.7344587735298239], [-0.004123879655804486, -0.99999011780267, -0.0016606967169811593, 0.08817826783745798], [0.0003630200319632667, 0.0016592136673648703, -0.9999985576121906, 0.004082278050523946], [0.0, 0.0, 0.0, 1.0]]}, "mean_rme": {"type": "float", "data": 0.0018476254962183393}, "max_rme": {"type": "float", "data": 0.006609410526101811}, "simu": {"type": "float", "data": 0.002}}, {"type": "dict", "image_number": {"type": "int", "data": 6}, "Hcamera2end": {"type": "ndarray", "data": [[0.9999929753517475, -0.0032354796416784164, 0.0018923315374824083, -0.014472700396709982], [-0.0018914863584414442, 0.0002642621703855541, 0.9999981762207673, 0.027181679385261052], [-0.003235973812517023, -0.9999947309046149, 0.00025814044843153194, 0.03393947986374188], [0.0, 0.0, 0.0, 1.0]]}, "Hobj2base": {"type": "ndarray", "data": [[0.9999943917971545, -0.002939348150961635, 0.001605181200521632, -0.7340103048976294], [-0.0029398929748375956, -0.9999956216660189, 0.00033716181545780436, 0.09207794006299765], [0.0016041831365433946, -0.0003418789855207065, -0.9999986548567075, 0.00374845095351517], [0.0, 0.0, 0.0, 1.0]]}, "mean_rme": {"type": "float", "data": 0.0017458534297771998}, "max_rme": {"type": "float", "data": 0.006412178320441553}, "simu": {"type": "float", "data": 0.002}}, {"type": "dict", "image_number": {"type": "int", "data": 7}, "Hcamera2end": {"type": "ndarray", "data": [[0.9999949776215774, -0.002969284505144205, 0.001108188227830149, -0.014636410497699856], [-0.00110789108243654, 0.00010171601971264987, 0.9999993811154089, 0.027248259294295307], [-0.0029693953879954054, -0.9999955864919499, 9.842586503183703e-05, 0.0342663575664298], [0.0, 0.0, 0.0, 1.0]]}, "Hobj2base": {"type": "ndarray", "data": [[0.9999948018409717, -0.0026555843283782967, 0.0018287052552885298, -0.7342197729707687], [-0.0026547599908038474, -0.9999963734879915, -0.00045305657005798397, 0.09135065218431046], [0.0018299017533942772, 0.00044819944145117123, -0.9999982252868416, 0.004040498989452833], [0.0, 0.0, 0.0, 1.0]]}, "mean_rme": {"type": "float", "data": 0.0016658970320172252}, "max_rme": {"type": "float", "data": 0.006370277576668137}, "simu": {"type": "float", "data": 0.002}}, {"type": "dict", "image_number": {"type": "int", "data": 8}, "Hcamera2end": {"type": "ndarray", "data": [[0.999994776982591, -0.0026023388258013818, 0.001916726421246903, -0.015140330098050589], [-0.0019189202901519968, -0.0008408024294854766, 0.9999978053956893, 0.02732776349781467], [-0.002600721526465733, -0.999996260434963, -0.0008457917187345565, 0.0352642775335133], [0.0, 0.0, 0.0, 1.0]]}, "Hobj2base": {"type": "ndarray", "data": [[0.9999949008017223, -0.002372936814606212, 0.0021371807194522415, -0.7348374035293653], [-0.0023745586229122263, -0.9999968944813762, 0.0007566366033187756, 0.0911586674868264], [0.0021353786315464213, -0.000761707605984808, -0.9999974299765089, 0.00440841806876606], [0.0, 0.0, 0.0, 1.0]]}, "mean_rme": {"type": "float", "data": 0.0016568565723359772}, "max_rme": {"type": "float", "data": 0.006102500317421045}, "simu": {"type": "float", "data": 0.002}}, {"type": "dict", "image_number": {"type": "int", "data": 9}, "Hcamera2end": {"type": "ndarray", "data": [[0.9999930369626324, -0.0027691230608669526, 0.0025015962354361996, -0.01537934734463155], [-0.0025053568062465693, -0.001355401959488134, 0.9999959430281714, 0.027446105351442703], [-0.002765721158173346, -0.9999952474102075, -0.0013623301630816265, 0.0353333021062604], [0.0, 0.0, 0.0, 1.0]]}, "Hobj2base": {"type": "ndarray", "data": [[0.9999934169811215, -0.002634252608566066, 0.002495337174623791, -0.7345588692397544], [-0.0026379434487299055, -0.9999954299112539, 0.0014769600429142369, 0.09139768145961769], [0.002491435084865656, -0.0014835328784105625, -0.9999957959318713, 0.004499109571177039], [0.0, 0.0, 0.0, 1.0]]}, "mean_rme": {"type": "float", "data": 0.0015606195829119753}, "max_rme": {"type": "float", "data": 0.006226424141127118}, "simu": {"type": "float", "data": 0.002}}, {"type": "dict", "image_number": {"type": "int", "data": 10}, "Hcamera2end": {"type": "ndarray", "data": [[0.9999931769841154, -0.002501442304120339, 0.002718229500024237, -0.015701146730442157], [-0.0027222702777567535, -0.0016133946270655564, 0.9999949930886213, 0.027535026998542517], [-0.002497044202749933, -0.999995569862275, -0.0016201932208843584, 0.035530900565817515], [0.0, 0.0, 0.0, 1.0]]}, "Hobj2base": {"type": "ndarray", "data": [[0.999993407842086, -0.0023797632135796245, 0.0027424440593491355, -0.7348417998576469], [-0.0023836403404003557, -0.9999961631697469, 0.0014113484727225067, 0.0913532557830246], [0.0027390748618798763, -0.001417876169181659, -0.9999952435367223, 0.00442969288892453], [0.0, 0.0, 0.0, 1.0]]}, "mean_rme": {"type": "float", "data": 0.0015128839052515025}, "max_rme": {"type": "float", "data": 0.005971361631121913}, "simu": {"type": "float", "data": 0.002}}, {"type": "dict", "image_number": {"type": "int", "data": 11}, "Hcamera2end": {"type": "ndarray", "data": [[0.9999936546019094, -0.002360857575009371, 0.0026677907391240317, -0.015944768598944278], [-0.002670344544502487, -0.0010792376253527802, 0.9999958522444788, 0.027386206925090563], [-0.0023579686026071, -0.9999966307931535, -0.001085535080306066, 0.03637766160323944], [0.0, 0.0, 0.0, 1.0]]}, "Hobj2base": {"type": "ndarray", "data": [[0.9999950121650278, -0.002307012974274076, 0.002157159289957195, -0.7360660580698141], [-0.0023099234078168785, -0.9999964239989187, 0.0013476806837919018, 0.09104341334750594], [0.002154042459130555, -0.0013526568345213175, -0.9999967652050545, 0.004543819410238303], [0.0, 0.0, 0.0, 1.0]]}, "mean_rme": {"type": "float", "data": 0.0015904345306200197}, "max_rme": {"type": "float", "data": 0.005798368264269521}, "simu": {"type": "float", "data": 0.002}}, {"type": "dict", "image_number": {"type": "int", "data": 12}, "Hcamera2end": {"type": "ndarray", "data": [[0.999995492531574, -0.0016777522456012405, 0.002489992758418528, -0.015286930924841482], [-0.0024905048492913384, -0.000303204303879534, 0.9999968527214202, 0.026756069799300577], [-0.0016769919887265543, -0.99999854660622, -0.0003073813872993547, 0.03627053158438071], [0.0, 0.0, 0.0, 1.0]]}, "Hobj2base": {"type": "ndarray", "data": [[0.9999973736202992, -0.0016769377885363851, 0.0015622522706718323, -0.7363241586472572], [-0.001680237385649129, -0.999996355663153, 0.0021131641537860484, 0.09177023199679231], [0.0015587029324754535, -0.0021157835584856084, -0.9999965469465892, 0.00564424088261023], [0.0, 0.0, 0.0, 1.0]]}, "mean_rme": {"type": "float", "data": 0.0016617722795438548}, "max_rme": {"type": "float", "data": 0.005724478899724578}, "simu": {"type": "float", "data": 0.002}}, {"type": "dict", "image_number": {"type": "int", "data": 13}, "Hcamera2end": {"type": "ndarray", "data": [[0.9999961334262865, -0.0016286942689562782, 0.002253993667893796, -0.01560060791960843], [-0.002254537610602245, -0.0003322159544365544, 0.9999974033429896, 0.026986366584279095], [-0.0016279412271382136, -0.9999986184928146, -0.00033588662238459577, 0.03610696372525768], [0.0, 0.0, 0.0, 1.0]]}, "Hobj2base": {"type": "ndarray", "data": [[0.9999977404524987, -0.0016274451870032897, 0.0013676666481217356, -0.7364699274093204], [-0.001630041061832518, -0.9999968682534541, 0.0018990654070782853, 0.09126103436934509], [0.0013645717400798804, -0.0019012904688451271, -0.9999972615155097, 0.005734081544427321], [0.0, 0.0, 0.0, 1.0]]}, "mean_rme": {"type": "float", "data": 0.0016885769558247627}, "max_rme": {"type": "float", "data": 0.005387177574166929}, "simu": {"type": "float", "data": 0.002}}, {"type": "dict", "image_number": {"type": "int", "data": 14}, "Hcamera2end": {"type": "ndarray", "data": [[0.9999973807054119, -0.0016690857424307654, 0.0015661210361983672, -0.015484898253043087], [-0.0015665552328699304, -0.0002588648210097855, 0.999998739446059, 0.027122450129701096], [-0.0016686782248164398, -0.9999985735698771, -0.0002614788579704541, 0.03601435914261371], [0.0, 0.0, 0.0, 1.0]]}, "Hobj2base": {"type": "ndarray", "data": [[0.9999981437127409, -0.001649495781809572, 0.000995858794305776, -0.7365701493453909], [-0.0016507648482371978, -0.9999978248391581, 0.0012748695495417913, 0.09095705066456697], [0.0009937537362083957, -0.0012765111117091375, -0.9999986914855907, 0.005841366428439029], [0.0, 0.0, 0.0, 1.0]]}, "mean_rme": {"type": "float", "data": 0.0016739372307642984}, "max_rme": {"type": "float", "data": 0.005248100170213599}, "simu": {"type": "float", "data": 0.002}}, {"type": "dict", "image_number": {"type": "int", "data": 15}, "Hcamera2end": {"type": "ndarray", "data": [[0.9999985174489392, -0.0005172436881169509, 0.0016424246986588625, -0.015560928482621337], [-0.001642453838630704, -5.591729261200662e-05, 0.9999986496084103, 0.027669919881893927], [-0.0005171511496929563, -0.9999998646661026, -5.6766758592896593e-05, 0.035966757797879695], [0.0, 0.0, 0.0, 1.0]]}, "Hobj2base": {"type": "ndarray", "data": [[0.999999369349856, -0.00045853481113330817, 0.0010252052073490916, -0.7367762533986107], [-0.0004598896638066874, -0.9999990208075116, 0.0013216979664421088, 0.09075070815363713], [0.001024598158948436, -0.0013221686141912368, -0.9999986010334052, 0.005307037277546675], [0.0, 0.0, 0.0, 1.0]]}, "mean_rme": {"type": "float", "data": 0.00154461225437174}, "max_rme": {"type": "float", "data": 0.004883605941082059}, "simu": {"type": "float", "data": 0.002}}, {"type": "dict", "image_number": {"type": "int", "data": 16}, "Hcamera2end": {"type": "ndarray", "data": [[0.9999987431697149, -0.0004121005574661016, 0.0015309579096109062, -0.0155039741071135], [-0.001531001593419666, -0.00010570820652455737, 0.9999988224292548, 0.027544748604344305], [-0.0004119382373736517, -0.9999999094994488, -0.00010633900027734455, 0.036146282046751], [0.0, 0.0, 0.0, 1.0]]}, "Hobj2base": {"type": "ndarray", "data": [[0.9999994782237392, -0.00036960908928186306, 0.0009523346945153108, -0.7369510133491985], [-0.0003707524180064873, -0.9999992104826843, 0.0012006567587794217, 0.09082278006075649], [0.0009518901689794266, -0.0012010092126959705, -0.999998825740299, 0.00533153846804452], [0.0, 0.0, 0.0, 1.0]]}, "mean_rme": {"type": "float", "data": 0.0015210830136768419}, "max_rme": {"type": "float", "data": 0.004818862966209703}, "simu": {"type": "float", "data": 0.002}}, {"type": "dict", "image_number": {"type": "int", "data": 17}, "Hcamera2end": {"type": "ndarray", "data": [[0.9999992670954252, -0.00024578057773151906, 0.001185495896297328, -0.014933170300081133], [-0.001185616791792616, -0.0004923230405167178, 0.9999991759650838, 0.02768571669840414], [-0.0002451967282555559, -0.9999998486049541, -0.0004926140812708812, 0.03589697630253463], [0.0, 0.0, 0.0, 1.0]]}, "Hobj2base": {"type": "ndarray", "data": [[0.9999992114405809, -0.00017966217522824058, 0.0012429158134107062, -0.7363409955375998], [-0.00018062029721123472, -0.999999686624051, 0.0007707970601268628, 0.09096569306480849], [0.0012427769408343016, -0.0007710209481312075, -0.9999989305155144, 0.005299801939535269], [0.0, 0.0, 0.0, 1.0]]}, "mean_rme": {"type": "float", "data": 0.001619027590133186}, "max_rme": {"type": "float", "data": 0.005075510435045283}, "simu": {"type": "float", "data": 0.002}}, {"type": "dict", "image_number": {"type": "int", "data": 18}, "Hcamera2end": {"type": "ndarray", "data": [[0.9999992511957688, -0.0002573032895115437, 0.0011964125203957235, -0.015059526912163466], [-0.0011965344301391378, -0.0004741669646051161, 0.9999991717351806, 0.02765718607251918], [-0.0002567357771030697, -0.9999998544803428, -0.00047447448179172014, 0.03589960373126081], [0.0, 0.0, 0.0, 1.0]]}, "Hobj2base": {"type": "ndarray", "data": [[0.9999992197286685, -0.00020879479621847, 0.001231643936960064, -0.7362618814430546], [-0.00020973726927545658, -0.9999996852885398, 0.0007651359998160119, 0.09087239445687784], [0.0012314837929324417, -0.0007653937244383842, -0.9999989488095042, 0.005322263592739894], [0.0, 0.0, 0.0, 1.0]]}, "mean_rme": {"type": "float", "data": 0.0015634006636438397}, "max_rme": {"type": "float", "data": 0.0050640028018439365}, "simu": {"type": "float", "data": 0.002}}, {"type": "dict", "image_number": {"type": "int", "data": 19}, "Hcamera2end": {"type": "ndarray", "data": [[0.9999994439907858, -4.616480994911907e-05, 0.0010535117130568133, -0.014895413871630162], [-0.0010535356072864839, -0.000520654453895375, 0.9999993094905938, 0.02776973566607622], [-4.561626250624976e-05, -0.9999998633938659, -0.0005207028006779524, 0.03581905514943129], [0.0, 0.0, 0.0, 1.0]]}, "Hobj2base": {"type": "ndarray", "data": [[0.9999992612989116, -6.1075318029760805e-06, 0.0012154687693508943, -0.73629219206293], [-7.000985258473981e-06, -0.999999729814343, 0.0007350661379042239, 0.09067870286652358], [0.001215463951508852, -0.0007350741043890041, -0.999998991156213, 0.0050491558207997915], [0.0, 0.0, 0.0, 1.0]]}, "mean_rme": {"type": "float", "data": 0.0016223584384311336}, "max_rme": {"type": "float", "data": 0.004946768513583444}, "simu": {"type": "float", "data": 0.002}}, {"type": "dict", "image_number": {"type": "int", "data": 20}, "Hcamera2end": {"type": "ndarray", "data": [[0.9999989639787648, 0.00010204308543010441, 0.0014358372490772292, -0.015612061426029163], [-0.001435776893042271, -0.0005891082114894974, 0.9999987957473895, 0.027673701063038444], [0.00010288882605824609, -0.9999998212693462, -0.0005889610900569053, 0.03556210829984671], [0.0, 0.0, 0.0, 1.0]]}, "Hobj2base": {"type": "ndarray", "data": [[0.99999929315287, 0.000137080155893583, 0.0011810600286864083, -0.7358608426000696], [0.00013577983477956244, -0.9999993846946043, 0.0011009878514759168, 0.09025259368402253], [0.0011812102255601175, -0.0011008267091102539, -0.99999869646063, 0.005170786209824518], [0.0, 0.0, 0.0, 1.0]]}, "mean_rme": {"type": "float", "data": 0.0016086615093006433}, "max_rme": {"type": "float", "data": 0.004956467878411253}, "simu": {"type": "float", "data": 0.002}}, {"type": "dict", "image_number": {"type": "int", "data": 21}, "Hcamera2end": {"type": "ndarray", "data": [[0.9999991731243764, 6.314517793917958e-05, 0.0012844310997361455, -0.015500217098180735], [-0.0012843944097014075, -0.00057768943259906, 0.9999990083024681, 0.027670348083808482], [6.388711759148179e-05, -0.9999998311437888, -0.0005776078516082084, 0.03577184362912925], [0.0, 0.0, 0.0, 1.0]]}, "Hobj2base": {"type": "ndarray", "data": [[0.999999403248439, 9.798110873108583e-05, 0.0010880728231204213, -0.7359882385329172], [9.69105889763624e-05, -0.9999995112971845, 0.0009838768875366911, 0.0904039885749844], [0.0010881686927244648, -0.0009837708546284849, -0.9999989240413218, 0.005290686439255639], [0.0, 0.0, 0.0, 1.0]]}, "mean_rme": {"type": "float", "data": 0.0016245115663225385}, "max_rme": {"type": "float", "data": 0.0050568454932308216}, "simu": {"type": "float", "data": 0.002}}, {"type": "dict", "image_number": {"type": "int", "data": 22}, "Hcamera2end": {"type": "ndarray", "data": [[0.9999994118378057, 0.000110317498467466, 0.0010789597268795444, -0.015353252428082456], [-0.0010789152919062617, -0.0004020609273431841, 0.9999993371441822, 0.027695119854392315], [0.00011075123289122548, -0.9999999130885264, -0.0004019416676301901, 0.03552064794875204], [0.0, 0.0, 0.0, 1.0]]}, "Hobj2base": {"type": "ndarray", "data": [[0.9999996197647986, 0.00016926671167247947, 0.0008554642240701055, -0.735843320812861], [0.0001685223666006777, -0.9999996072597177, 0.0008701037999464336, 0.09037352514170029], [0.000855611167703875, -0.0008699593042467576, -0.9999992555498924, 0.005245895486298512], [0.0, 0.0, 0.0, 1.0]]}, "mean_rme": {"type": "float", "data": 0.0015859872123786599}, "max_rme": {"type": "float", "data": 0.005051030212273155}, "simu": {"type": "float", "data": 0.002}}, {"type": "dict", "image_number": {"type": "int", "data": 23}, "Hcamera2end": {"type": "ndarray", "data": [[0.9999993419251965, 0.00016139136353716027, 0.0011358265720803188, -0.015338780757743494], [-0.0011357499424727918, -0.00047410711807271966, 0.9999992426469676, 0.02765206314115505], [0.00016192974476964114, -0.9999998745876263, -0.0004739235058428548, 0.03555610402262256], [0.0, 0.0, 0.0, 1.0]]}, "Hobj2base": {"type": "ndarray", "data": [[0.9999995411651137, 0.0002143513451361851, 0.0009336611071294966, -0.7358339159650065], [0.0002134618881271267, -0.9999995234453263, 0.0009526505879834213, 0.09040034079290735], [0.0009338648641239113, -0.0009524508498112982, -0.9999991103665016, 0.005158483887345152], [0.0, 0.0, 0.0, 1.0]]}, "mean_rme": {"type": "float", "data": 0.001558250053832341}, "max_rme": {"type": "float", "data": 0.005022016042337457}, "simu": {"type": "float", "data": 0.002}}, {"type": "dict", "image_number": {"type": "int", "data": 24}, "Hcamera2end": {"type": "ndarray", "data": [[0.9999991458329819, 0.00039368182410835437, 0.0012463337947962922, -0.015499656549341805], [-0.0012461749081239997, -0.00040357937873536365, 0.9999991420855237, 0.02893662649198613], [0.00039418448098161934, -0.9999998410691406, -0.00040308843760028523, 0.03549265575784296], [0.0, 0.0, 0.0, 1.0]]}, "Hobj2base": {"type": "ndarray", "data": [[0.9999994931714989, 0.000464078935879208, 0.000893469353929112, -0.7359675136572115], [0.00046324134002530677, -0.9999994533035392, 0.0009374433760040464, 0.09037919362390323], [0.0008939039131969616, -0.0009370290089402397, -0.9999991614558634, 0.003834420424158639], [0.0, 0.0, 0.0, 1.0]]}, "mean_rme": {"type": "float", "data": 0.001557197696274149}, "max_rme": {"type": "float", "data": 0.004843288816568481}, "simu": {"type": "float", "data": 0.002}}, {"type": "dict", "image_number": {"type": "int", "data": 25}, "Hcamera2end": {"type": "ndarray", "data": [[0.9999991912292258, 0.0001711165641922164, 0.0012602618838276096, -0.015267018605224957], [-0.0012602215454554386, -0.00023563975742035836, 0.9999991781574429, 0.028804122799656235], [0.00017141339136593308, -0.9999999575965122, -0.00023542392206077345, 0.035003169030925804], [0.0, 0.0, 0.0, 1.0]]}, "Hobj2base": {"type": "ndarray", "data": [[0.9999996722665778, 0.00023670656203011577, 0.0007742330014179467, -0.7356319728993506], [0.00023600570900206213, -0.9999995624674471, 0.0009051884986852847, 0.09079360307510363], [0.0007744469267233188, -0.0009050054786163278, -0.9999992905982684, 0.00391790690033351], [0.0, 0.0, 0.0, 1.0]]}, "mean_rme": {"type": "float", "data": 0.0016006682236720244}, "max_rme": {"type": "float", "data": 0.004780801901681925}, "simu": {"type": "float", "data": 0.002}}, {"type": "dict", "image_number": {"type": "int", "data": 26}, "Hcamera2end": {"type": "ndarray", "data": [[0.9999989820159741, 0.0002994174849617748, 0.0013951043635544976, -0.015201735388798475], [-0.0013950463713009093, -0.00019380512544442396, 0.9999990081421056, 0.0299493106321049], [0.00029968756635836557, -0.9999999363943693, -0.0001933872268780057, 0.03506204713109179], [0.0, 0.0, 0.0, 1.0]]}, "Hobj2base": {"type": "ndarray", "data": [[0.9999996062027485, 0.0004085416912522823, 0.0007878375685070697, -0.7356403441355716], [0.000407808562389449, -0.9999994839358317, 0.000930494625161448, 0.09099078193402305], [0.0007882173077801944, -0.0009301729718290128, -0.9999992567455831, 0.0028864858102779713], [0.0, 0.0, 0.0, 1.0]]}, "mean_rme": {"type": "float", "data": 0.0016044050971298982}, "max_rme": {"type": "float", "data": 0.004835799210887448}, "simu": {"type": "float", "data": 0.002}}, {"type": "dict", "image_number": {"type": "int", "data": 27}, "Hcamera2end": {"type": "ndarray", "data": [[0.9999989285522317, 0.0006241766945802407, 0.0013241215361489182, -0.01522285851896018], [-0.0013240091037943287, -0.00018050785468193276, 0.9999991072080052, 0.02989449656890734], [0.0006244151516581128, -0.999999788910162, -0.00017968124565137522, 0.03502049745208958], [0.0, 0.0, 0.0, 1.0]]}, "Hobj2base": {"type": "ndarray", "data": [[0.9999994284133153, 0.0007327640427566512, 0.0007786076677442084, -0.7357049759276159], [0.0007320006594527793, -0.9999992516130625, 0.0009802797304518675, 0.09092630652712329], [0.0007793253987827186, -0.0009797092288107824, -0.9999992164105682, 0.002916970890433614], [0.0, 0.0, 0.0, 1.0]]}, "mean_rme": {"type": "float", "data": 0.001586838672078883}, "max_rme": {"type": "float", "data": 0.004819397108014267}, "simu": {"type": "float", "data": 0.002}}, {"type": "dict", "image_number": {"type": "int", "data": 28}, "Hcamera2end": {"type": "ndarray", "data": [[0.9999990266948837, 0.0004979194864066841, 0.0013033362844552961, -0.015210578116105546], [-0.0013032477249423817, -0.00017814217619749328, 0.9999991349049919, 0.029725782957433326], [0.0004981512348210523, -0.9999998601707651, -0.00017749309037307093, 0.03502356788812962], [0.0, 0.0, 0.0, 1.0]]}, "Hobj2base": {"type": "ndarray", "data": [[0.9999995309324451, 0.000607330336367903, 0.0007545096105590076, -0.7357099973688186], [0.0006065737906589554, -0.9999993135076111, 0.001002523088895248, 0.0909480977074286], [0.0007551179552786978, -0.0010020649528896285, -0.9999992128310424, 0.003084694928734114], [0.0, 0.0, 0.0, 1.0]]}, "mean_rme": {"type": "float", "data": 0.0015508212156107983}, "max_rme": {"type": "float", "data": 0.0048235397678841885}, "simu": {"type": "float", "data": 0.002}}, {"type": "dict", "image_number": {"type": "int", "data": 29}, "Hcamera2end": {"type": "ndarray", "data": [[0.9999987763815432, 0.0006880037646765115, 0.0014049506169910464, -0.015132004793744328], [-0.001404838736957538, -0.0001630717143819016, 0.9999989999173695, 0.0297004822968225], [0.0006882321843216315, -0.9999997500291866, -0.00016210498050450717, 0.03504509482163255], [0.0, 0.0, 0.0, 1.0]]}, "Hobj2base": {"type": "ndarray", "data": [[0.9999993495806246, 0.0007951144620047416, 0.0008176987953392195, -0.7356759919462831], [0.0007942483365697704, -0.9999991238408517, 0.0010590028841965316, 0.09100677532914266], [0.0008185401074134688, -0.001058352739492524, -0.9999991049403851, 0.0031613719091966998], [0.0, 0.0, 0.0, 1.0]]}, "mean_rme": {"type": "float", "data": 0.0015542529834445577}, "max_rme": {"type": "float", "data": 0.004846324331633456}, "simu": {"type": "float", "data": 0.002}}, {"type": "dict", "image_number": {"type": "int", "data": 30}, "Hcamera2end": {"type": "ndarray", "data": [[0.9999984413097627, 0.0009455417699330147, 0.001491083098412213, -0.015140159437116905], [-0.0014909583921291734, -0.00013257987846682084, 0.9999988797321971, 0.030309866142638493], [0.0009457383982889845, -0.9999995441865649, -0.0001311699083790252, 0.03507670930453592], [0.0, 0.0, 0.0, 1.0]]}, "Hobj2base": {"type": "ndarray", "data": [[0.9999990455502344, 0.0010693633346385055, 0.0008748489461452363, -0.7356590389937829], [0.0010684929103558114, -0.9999989343419067, 0.000994805484585774, 0.09098827311664588], [0.0008759118223656895, -0.000993869765197324, -0.9999991225003, 0.0025679610002667125], [0.0, 0.0, 0.0, 1.0]]}, "mean_rme": {"type": "float", "data": 0.0015447319545631385}, "max_rme": {"type": "float", "data": 0.004832964224622982}, "simu": {"type": "float", "data": 0.002}}]}