{"type": "list", "data": [{"type": "dict", "image_number": {"type": "int", "data": 5}, "Hcamera2end": {"type": "ndarray", "data": [[0.9999994729043175, 0.0006729262991709083, 0.0007754748759508684, -0.015322383611950565], [-0.000776062016326273, 0.0008726960754816826, 0.9999993180644209, 0.030917009020854244], [0.0006722490863976455, -0.9999993927856936, 0.0008732178480279629, 0.03282476178583189], [0.0, 0.0, 0.0, 1.0]]}, "Hobj2base": {"type": "ndarray", "data": [[0.9999997322581847, 0.00011601094639288002, -0.0007225129889421062, -0.7355112609379095], [0.00011665564399713864, -0.9999995950774712, 0.0008923207692841109, 0.09406322688664798], [-0.0007224091774033887, -0.0008924048155905496, -0.9999993408690959, 0.003884620831250363], [0.0, 0.0, 0.0, 1.0]]}, "mean_rme": {"type": "float", "data": 0.0011625787091351562}, "max_rme": {"type": "float", "data": 0.004510918217807358}, "simu": {"type": "float", "data": 0.002}}, {"type": "dict", "image_number": {"type": "int", "data": 6}, "Hcamera2end": {"type": "ndarray", "data": [[0.9999994442556288, 0.0004934064151041383, -0.0009316858607047913, -0.014472026870378055], [0.0009315784256598208, 0.00021792656292130008, 0.9999995423347201, 0.031125555754527193], [0.0004936092283864988, -0.9999998545290505, 0.00021746679503842348, 0.03094156441332817], [0.0, 0.0, 0.0, 1.0]]}, "Hobj2base": {"type": "ndarray", "data": [[0.9999998114464967, 0.00017769516581888088, -0.0005878191889674242, -0.7333565028216578], [0.00017715619124301636, -0.999999564018748, -0.0009168304091444918, 0.09345662716883708], [-0.0005879818490208586, 0.0009167261004642493, -0.9999994069451257, 0.00433361062446407], [0.0, 0.0, 0.0, 1.0]]}, "mean_rme": {"type": "float", "data": 0.0013136261955946683}, "max_rme": {"type": "float", "data": 0.004628816412012848}, "simu": {"type": "float", "data": 0.002}}, {"type": "dict", "image_number": {"type": "int", "data": 7}, "Hcamera2end": {"type": "ndarray", "data": [[0.9999989351356652, 0.0014577366886020806, -6.878431869418878e-05, -0.013763962759296517], [6.973963061444747e-05, -0.0006552984501930759, 0.9999997828601389, 0.03402415493159238], [0.0014576912978119007, -0.9999987227930281, -0.0006553994144073982, 0.030967494258168027], [0.0, 0.0, 0.0, 1.0]]}, "Hobj2base": {"type": "ndarray", "data": [[0.9999988888375633, 0.0013387914175390613, -0.0006557142511106647, -0.7334641695736552], [0.001338922132746936, -0.9999990838529036, 0.00019894943192801115, 0.09232734947920866], [-0.0006554472985879678, -0.0001998271611864452, -0.999999765228945, 0.0014542348944311231], [0.0, 0.0, 0.0, 1.0]]}, "mean_rme": {"type": "float", "data": 0.0011758272251992997}, "max_rme": {"type": "float", "data": 0.004471122362748381}, "simu": {"type": "float", "data": 0.002}}, {"type": "dict", "image_number": {"type": "int", "data": 8}, "Hcamera2end": {"type": "ndarray", "data": [[0.9999987461331316, 0.0012635217975770132, -0.0009545914476123676, -0.014967123559639223], [0.0009553055445780928, -0.0005646811304087507, 0.9999993842630792, 0.03414488990730264], [0.0012629819798022756, -0.9999990423234855, -0.0005658874717526796, 0.030535139444816135], [0.0, 0.0, 0.0, 1.0]]}, "Hobj2base": {"type": "ndarray", "data": [[0.9999990417012219, 0.0010366603524224697, -0.0009175684997310472, -0.7334989749463914], [0.0010359771140758612, -0.9999991860262338, -0.0007447806982042365, 0.09086750856979547], [-0.000918339837475438, 0.0007438294045154851, -0.9999993016846358, 0.0022069698700360463], [0.0, 0.0, 0.0, 1.0]]}, "mean_rme": {"type": "float", "data": 0.0014217014120962523}, "max_rme": {"type": "float", "data": 0.004532988080418687}, "simu": {"type": "float", "data": 0.002}}, {"type": "dict", "image_number": {"type": "int", "data": 9}, "Hcamera2end": {"type": "ndarray", "data": [[0.9999992468964943, 0.0011386752994657734, -0.00045784823523551755, -0.015347007169414919], [0.0004577739606440302, 6.548872030465169e-05, 0.9999998930771087, 0.03396615627125639], [0.0011387051616103371, -0.9999993495646836, 6.496741508310588e-05, 0.03160390011469603], [0.0, 0.0, 0.0, 1.0]]}, "Hobj2base": {"type": "ndarray", "data": [[0.9999987375250383, 0.0006124350964654646, -0.00146624403909491, -0.7347214159272673], [0.0006116205980564111, -0.9999996584566329, -0.0005558838568935883, 0.09063088050101278], [-0.0014665839810925035, 0.0005549863700480494, -0.9999987705600222, 0.0030290110704097963], [0.0, 0.0, 0.0, 1.0]]}, "mean_rme": {"type": "float", "data": 0.001555971337959774}, "max_rme": {"type": "float", "data": 0.004513853438387672}, "simu": {"type": "float", "data": 0.002}}, {"type": "dict", "image_number": {"type": "int", "data": 10}, "Hcamera2end": {"type": "ndarray", "data": [[0.9999993945228959, 0.0010973822566565472, -8.189031884681651e-05, -0.015195154423881477], [8.1947765289031e-05, -5.2303754091598265e-05, 0.9999999952744406, 0.0340445233039981], [0.0010973779682997026, -0.9999993965080681, -5.239365044640287e-05, 0.03214911406729788], [0.0, 0.0, 0.0, 1.0]]}, "Hobj2base": {"type": "ndarray", "data": [[0.999998734900799, 0.0005486981177730167, -0.0014930261809500659, -0.7352583763347897], [0.0005483868183746296, -0.9999998278155575, -0.00020890369426387675, 0.09092431134369879], [-0.001493140548938023, 0.00020808467410285883, -0.9999988636153894, 0.0034004423924997975], [0.0, 0.0, 0.0, 1.0]]}, "mean_rme": {"type": "float", "data": 0.0016595363640101075}, "max_rme": {"type": "float", "data": 0.004868719147052891}, "simu": {"type": "float", "data": 0.002}}, {"type": "dict", "image_number": {"type": "int", "data": 11}, "Hcamera2end": {"type": "ndarray", "data": [[0.9999992405174024, 0.001229967429529673, -7.838839580818048e-05, -0.015276271092527828], [7.85696409442842e-05, -0.0001473100441162778, 0.9999999860632809, 0.034302037454112644], [0.001229955864989918, -0.9999992327396421, -0.00014740657033618376, 0.032245389989002275], [0.0, 0.0, 0.0, 1.0]]}, "Hobj2base": {"type": "ndarray", "data": [[0.9999985200031045, 0.0007486911155638164, -0.0015490168540058702, -0.7352339093919958], [0.0007483292425773144, -0.9999996925812493, -0.00023418102187367925, 0.09061371222936027], [-0.0015491917070595551, 0.0002330215006773962, -0.9999987728522641, 0.0033648961479570767], [0.0, 0.0, 0.0, 1.0]]}, "mean_rme": {"type": "float", "data": 0.0016103323359831817}, "max_rme": {"type": "float", "data": 0.0049545149977392455}, "simu": {"type": "float", "data": 0.002}}, {"type": "dict", "image_number": {"type": "int", "data": 12}, "Hcamera2end": {"type": "ndarray", "data": [[0.9999988758569065, 0.001494366028223091, 0.000123106039369847, -0.015233966308353294], [-0.0001229660160897584, -9.379230833417296e-05, 0.9999999880411806, 0.03440568085508547], [0.0014943775567518402, -0.9999988790359599, -9.360844666095325e-05, 0.03232823561546394], [0.0, 0.0, 0.0, 1.0]]}, "Hobj2base": {"type": "ndarray", "data": [[0.9999982856237054, 0.0009730230386822814, -0.0015754287721947882, -0.735138844912702], [0.0009727869800232074, -0.9999995155028898, -0.0001505970687784953, 0.09050390584561117], [-0.0015755745433215804, 0.0001490642540009055, -0.999998747671569, 0.0031844944433237717], [0.0, 0.0, 0.0, 1.0]]}, "mean_rme": {"type": "float", "data": 0.0016192500339215366}, "max_rme": {"type": "float", "data": 0.004878064887742173}, "simu": {"type": "float", "data": 0.002}}, {"type": "dict", "image_number": {"type": "int", "data": 13}, "Hcamera2end": {"type": "ndarray", "data": [[0.999998795304106, 0.0015261746833520272, 0.0002831628025316326, -0.015285841600706205], [-0.00028261648368658185, -0.0003581699045742681, 0.9999998959211157, 0.03455905482741181], [0.0015262759449034312, -0.9999987712518227, -0.00035773815096584727, 0.032026849155019986], [0.0, 0.0, 0.0, 1.0]]}, "Hobj2base": {"type": "ndarray", "data": [[0.9999983799526816, 0.0010753674988705983, -0.0014434946326678313, -0.7347104015564199], [0.0010755451742599253, -0.9999994141204729, 0.0001223163474649307, 0.09073151069031381], [-0.0014433622519292345, -0.00012386869299289596, -0.9999989506804277, 0.003148664183047848], [0.0, 0.0, 0.0, 1.0]]}, "mean_rme": {"type": "float", "data": 0.00160951064850449}, "max_rme": {"type": "float", "data": 0.005174351074095418}, "simu": {"type": "float", "data": 0.002}}, {"type": "dict", "image_number": {"type": "int", "data": 14}, "Hcamera2end": {"type": "ndarray", "data": [[0.9999988497603572, 0.0014924307542015414, 0.00027042264397301476, -0.015473856019265216], [-0.0002697628949178433, -0.00044224702601880495, 0.9999998658227652, 0.03448059033730119], [0.001492550147561375, -0.9999987885332721, -0.00044184391488810704, 0.0321185450273044], [0.0, 0.0, 0.0, 1.0]]}, "Hobj2base": {"type": "ndarray", "data": [[0.9999982588843926, 0.0010090896202156303, -0.0015697026220336044, -0.7346778578910941], [0.0010094654613392636, -0.9999994620101194, 0.00023866075160323234, 0.09071108556369101], [-0.0015694609474622822, -0.00024024489664878945, -0.9999987395365677, 0.002913127254338423], [0.0, 0.0, 0.0, 1.0]]}, "mean_rme": {"type": "float", "data": 0.001661349362616312}, "max_rme": {"type": "float", "data": 0.005452337180259503}, "simu": {"type": "float", "data": 0.002}}, {"type": "dict", "image_number": {"type": "int", "data": 15}, "Hcamera2end": {"type": "ndarray", "data": [[0.9999993954740819, 0.001096688844084581, 7.953018332289914e-05, -0.015674829840119725], [-7.914982820423852e-05, -0.0003468604021052979, 0.999999936711581, 0.03480110631370424], [0.001096716360548245, -0.9999993384805015, -0.000346773389685584, 0.03210432196513499], [0.0, 0.0, 0.0, 1.0]]}, "Hobj2base": {"type": "ndarray", "data": [[0.9999988770006303, 0.0006789425950440304, -0.0013360518069803898, -0.7346615577511388], [0.0006790150784209189, -0.9999997680220649, 5.379906880046813e-05, 0.09040942584913138], [-0.001336014970566468, -5.470620770663898e-05, -0.9999991060352149, 0.0028951666456834596], [0.0, 0.0, 0.0, 1.0]]}, "mean_rme": {"type": "float", "data": 0.0016249948925055162}, "max_rme": {"type": "float", "data": 0.005659581769331012}, "simu": {"type": "float", "data": 0.002}}, {"type": "dict", "image_number": {"type": "int", "data": 16}, "Hcamera2end": {"type": "ndarray", "data": [[0.9999994107529889, 0.0008450870839105562, -0.00068141139968441, -0.015343611593893927], [0.0006816256682196748, -0.0002532840072722031, 0.9999997356167949, 0.03500990476405507], [0.0008449142698738114, -0.9999996108374403, -0.00025385989107373774, 0.03282594238992889], [0.0, 0.0, 0.0, 1.0]]}, "Hobj2base": {"type": "ndarray", "data": [[0.9999986410170201, 0.00040810981885665314, -0.0015973135223733834, -0.7354470262350891], [0.00040707439036471413, -0.9999997068673268, -0.0006485026604206508, 0.09051149408548975], [-0.0015975777144518735, 0.0006478515536882313, -0.9999985140158008, 0.002642376691524159], [0.0, 0.0, 0.0, 1.0]]}, "mean_rme": {"type": "float", "data": 0.0016550351523826731}, "max_rme": {"type": "float", "data": 0.005590128069103972}, "simu": {"type": "float", "data": 0.002}}, {"type": "dict", "image_number": {"type": "int", "data": 17}, "Hcamera2end": {"type": "ndarray", "data": [[0.9999993833884571, 0.0009118374209882581, -0.0006338574155602073, -0.015357031943816787], [0.0006342974281688246, -0.0004823477637476703, 0.9999996825036532, 0.034833129839175025], [0.0009115313917762777, -0.9999994679464346, -0.0004829258424576821, 0.03308493897963114], [0.0, 0.0, 0.0, 1.0]]}, "Hobj2base": {"type": "ndarray", "data": [[0.999998780680615, 0.0005165924071314995, -0.001473692494427377, -0.7355485482545672], [0.0005159512899894005, -0.9999997721156042, -0.0004353883395526738, 0.09050504529515577], [-0.0014739170769062196, 0.00043462745513168384, -0.9999988193330158, 0.0028078977365944037], [0.0, 0.0, 0.0, 1.0]]}, "mean_rme": {"type": "float", "data": 0.0015945150711458066}, "max_rme": {"type": "float", "data": 0.005597692674998989}, "simu": {"type": "float", "data": 0.002}}, {"type": "dict", "image_number": {"type": "int", "data": 18}, "Hcamera2end": {"type": "ndarray", "data": [[0.9999991159486689, 0.0008961550119637302, -0.000982348245396909, -0.015025736575992855], [0.0009825407541865208, -0.00021440143923445731, 0.9999994943227168, 0.03460436275758042], [0.0008959439419208559, -0.9999995754690187, -0.00021528175851392994, 0.03270501908535121], [0.0, 0.0, 0.0, 1.0]]}, "Hobj2base": {"type": "ndarray", "data": [[0.9999982038232236, 0.00039036387311975864, -0.0018547146339114111, -0.7352806737540484], [0.00038939090318456017, -0.9999997864142414, -0.0005249249432397067, 0.09061450849208987], [-0.0018549191495047194, 0.000524201791375266, -0.9999981422419897, 0.0031164180329994553], [0.0, 0.0, 0.0, 1.0]]}, "mean_rme": {"type": "float", "data": 0.0016005109181846764}, "max_rme": {"type": "float", "data": 0.005681182837148802}, "simu": {"type": "float", "data": 0.002}}, {"type": "dict", "image_number": {"type": "int", "data": 19}, "Hcamera2end": {"type": "ndarray", "data": [[0.9999990540623961, 0.0009473496293022858, -0.0009971975696305253, -0.014785771476852453], [0.0009972373974142478, -4.1569836106924996e-05, 0.9999995018946369, 0.03479692808169207], [0.0009473077040828192, -0.9999995504002132, -4.2514529263293355e-05, 0.03230485686540263], [0.0, 0.0, 0.0, 1.0]]}, "Hobj2base": {"type": "ndarray", "data": [[0.9999979614854994, 0.00035780507263079607, -0.0019872091927241875, -0.7350526634589007], [0.00035664320154997394, -0.999999765291244, -0.0005849983622423048, 0.09091809339950341], [-0.001987418041690281, 0.0005842884450660179, -0.9999978543859684, 0.0029680324267581763], [0.0, 0.0, 0.0, 1.0]]}, "mean_rme": {"type": "float", "data": 0.0016034347552997188}, "max_rme": {"type": "float", "data": 0.005792032290530047}, "simu": {"type": "float", "data": 0.002}}, {"type": "dict", "image_number": {"type": "int", "data": 20}, "Hcamera2end": {"type": "ndarray", "data": [[0.9999992212833673, 0.0006731311679428103, -0.0010508696826251737, -0.014452169666550385], [0.0010509944538079903, -0.000185032488623893, 0.9999994305866562, 0.03474253206682219], [0.0006729363396203456, -0.9999997563286749, -0.00018573980166025628, 0.032300243429551505], [0.0, 0.0, 0.0, 1.0]]}, "Hobj2base": {"type": "ndarray", "data": [[0.9999984969683346, 0.00016139051946866906, -0.0017262717549343177, -0.7347798323801709], [0.00016024007200207723, -0.9999997650155554, -0.0006665522881571666, 0.09117847971258397], [-0.0017263789245073474, 0.0006662746683976649, -0.9999982878454718, 0.002761284244305101], [0.0, 0.0, 0.0, 1.0]]}, "mean_rme": {"type": "float", "data": 0.0016157771758758285}, "max_rme": {"type": "float", "data": 0.005769373678339407}, "simu": {"type": "float", "data": 0.002}}, {"type": "dict", "image_number": {"type": "int", "data": 21}, "Hcamera2end": {"type": "ndarray", "data": [[0.9999993364121204, 0.0005526318299062442, -0.0010108280661947722, -0.01444279035850417], [0.0010109629992048792, -0.00024393958523960535, 0.9999994592235001, 0.034797481839737285], [0.0005523849500767217, -0.9999998175457528, -0.00024449811369642305, 0.03248066162131178], [0.0, 0.0, 0.0, 1.0]]}, "Hobj2base": {"type": "ndarray", "data": [[0.9999987875493884, 8.231903756640253e-05, -0.0015550316167892626, -0.7347951004411962], [8.12761094922046e-05, -0.9999997717570697, -0.0006707309468612265, 0.09125598644554919], [-0.001555086475790301, 0.0006706037467131297, -0.9999985659973059, 0.002551987794834441], [0.0, 0.0, 0.0, 1.0]]}, "mean_rme": {"type": "float", "data": 0.0016185988036801538}, "max_rme": {"type": "float", "data": 0.005671816528417528}, "simu": {"type": "float", "data": 0.002}}, {"type": "dict", "image_number": {"type": "int", "data": 22}, "Hcamera2end": {"type": "ndarray", "data": [[0.9999992799909974, 0.0006471933724280635, -0.0010105237382623709, -0.01437058703652295], [0.0010106089521279926, -0.0001313532845041987, 0.9999994807077953, 0.034784770908239504], [0.0006470603007335, -0.9999997819435028, -0.0001320072493447011, 0.032463596245714675], [0.0, 0.0, 0.0, 1.0]]}, "Hobj2base": {"type": "ndarray", "data": [[0.9999986322092146, 0.00011195026073256573, -0.0016501657005151943, -0.7348865791169682], [0.00011069876448960254, -0.9999997062282324, -0.0007584782349411679, 0.09125877235932517], [-0.0016502501275792608, 0.0007582945261973771, -0.9999983508306043, 0.0025708500388314792], [0.0, 0.0, 0.0, 1.0]]}, "mean_rme": {"type": "float", "data": 0.0015809452235130241}, "max_rme": {"type": "float", "data": 0.0057094836026045925}, "simu": {"type": "float", "data": 0.002}}, {"type": "dict", "image_number": {"type": "int", "data": 23}, "Hcamera2end": {"type": "ndarray", "data": [[0.9999989342632506, 0.000613163432488757, -0.001324953949430848, -0.013976882477635493], [0.001325075189074522, -0.00019736411992354874, 0.9999991026111711, 0.03475579433329631], [0.0006129013838725738, -0.9999997925389831, -0.0001981763972365158, 0.03241454428863929], [0.0, 0.0, 0.0, 1.0]]}, "Hobj2base": {"type": "ndarray", "data": [[0.9999989338159175, 0.00014061110856302585, -0.001453477053265535, -0.7348947321476367], [0.00013912309258517182, -0.9999994662253222, -0.001023813379570306, 0.09140917202239308], [-0.0014536202369705522, 0.0010236100757741251, -0.9999984196040612, 0.0023373386473606993], [0.0, 0.0, 0.0, 1.0]]}, "mean_rme": {"type": "float", "data": 0.0015941052235855853}, "max_rme": {"type": "float", "data": 0.005657158956780983}, "simu": {"type": "float", "data": 0.002}}, {"type": "dict", "image_number": {"type": "int", "data": 24}, "Hcamera2end": {"type": "ndarray", "data": [[0.9999993283737105, 5.157980281076291e-05, -0.0011578392166884204, -0.01366893449129554], [0.0011578498910242434, -0.0002074010472024046, 0.9999993081839783, 0.03480854469081456], [5.1339630060995636e-05, -0.9999999771621645, -0.00020746062957543998, 0.03245314187618525], [0.0, 0.0, 0.0, 1.0]]}, "Hobj2base": {"type": "ndarray", "data": [[0.9999993101872696, -0.000337030044575195, -0.0011251825336058285, -0.7348178209228035], [-0.0003379634299572893, -0.9999995988931021, -0.0008294542510384641, 0.0918115539774686], [-0.0011249025312841526, 0.000829833949418748, -0.9999990229844784, 0.0019544522857766387], [0.0, 0.0, 0.0, 1.0]]}, "mean_rme": {"type": "float", "data": 0.0015921600104639752}, "max_rme": {"type": "float", "data": 0.005568159970722131}, "simu": {"type": "float", "data": 0.002}}, {"type": "dict", "image_number": {"type": "int", "data": 25}, "Hcamera2end": {"type": "ndarray", "data": [[0.9999993005715386, -0.00016294798584314983, -0.0011714539630250085, -0.013629556221624362], [0.001171427569500586, -0.00016197639360648886, 0.9999993007603044, 0.0349388988099358], [-0.0001631376197916564, -0.9999999736058008, -0.00016178539855249419, 0.032398893906313044], [0.0, 0.0, 0.0, 1.0]]}, "Hobj2base": {"type": "ndarray", "data": [[0.9999993734779924, -0.0004966709524589005, -0.0010031757511181874, -0.7348466654825825], [-0.0004974762792758577, -0.999999554104994, -0.0008026874646042692, 0.0917860372215232], [-0.0010027766322595576, 0.0008031860178430335, -0.9999991746652832, 0.0017784318397694586], [0.0, 0.0, 0.0, 1.0]]}, "mean_rme": {"type": "float", "data": 0.0015764012605499083}, "max_rme": {"type": "float", "data": 0.005548581460692814}, "simu": {"type": "float", "data": 0.002}}, {"type": "dict", "image_number": {"type": "int", "data": 26}, "Hcamera2end": {"type": "ndarray", "data": [[0.9999990827664319, -0.00011082768254772459, -0.0013498827799719156, -0.013503311375454357], [0.0013498675997536506, -0.00013693209478438106, 0.9999990795531088, 0.03497754674065282], [-0.00011101242281350357, -0.9999999844834131, -0.00013678236648795306, 0.03230450133115879], [0.0, 0.0, 0.0, 1.0]]}, "Hobj2base": {"type": "ndarray", "data": [[0.9999995005313888, -0.00041555021451334485, -0.0009089856942381524, -0.7348251947203946], [-0.0004163845413715295, -0.9999994920699082, -0.0009178691842162719, 0.09182339504898095], [-0.0009086038118005691, 0.0009182472133608337, -0.999999165630236, 0.0016730511202808923], [0.0, 0.0, 0.0, 1.0]]}, "mean_rme": {"type": "float", "data": 0.0015654842324931868}, "max_rme": {"type": "float", "data": 0.005537096784931861}, "simu": {"type": "float", "data": 0.002}}, {"type": "dict", "image_number": {"type": "int", "data": 27}, "Hcamera2end": {"type": "ndarray", "data": [[0.9999994534542892, 4.3734792750738994e-05, -0.0010445948452407752, -0.013720221008315048], [0.0010445953028921664, -1.0442705968172206e-05, 0.9999994543556526, 0.03500397520674484], [4.372386049027166e-05, -0.999999998989109, -1.0488385419726853e-05, 0.03219889254452859], [0.0, 0.0, 0.0, 1.0]]}, "Hobj2base": {"type": "ndarray", "data": [[0.9999995037700234, -0.00027433488971619904, -0.0009577056306839962, -0.7348337627309021], [-0.00027490204118114003, -0.9999997869133119, -0.0005921167102417447, 0.0917573079467871], [-0.0009575429883372719, 0.0005923796916484092, -0.9999993660986624, 0.0017491181108085414], [0.0, 0.0, 0.0, 1.0]]}, "mean_rme": {"type": "float", "data": 0.0015272536788837868}, "max_rme": {"type": "float", "data": 0.005547038906449586}, "simu": {"type": "float", "data": 0.002}}, {"type": "dict", "image_number": {"type": "int", "data": 28}, "Hcamera2end": {"type": "ndarray", "data": [[0.9999994131911705, 0.00011224198763363217, -0.0010775059401178645, -0.013700614154194544], [0.0010775046881746962, 1.1213838255530462e-05, 0.9999994194287799, 0.03495781441722194], [0.00011225400544649639, -0.999999993637993, 1.1092890407238265e-05, 0.03220958721693796], [0.0, 0.0, 0.0, 1.0]]}, "Hobj2base": {"type": "ndarray", "data": [[0.9999995248533052, -0.00019865417994151353, -0.0009543739730769254, -0.7347980239768572], [-0.00019918985231959493, -0.9999998226782125, -0.0005612191598947385, 0.09174504298150755], [-0.0009542623153136506, 0.0005614089948440646, -0.9999993871014989, 0.0017836588293396957], [0.0, 0.0, 0.0, 1.0]]}, "mean_rme": {"type": "float", "data": 0.0014993020522557664}, "max_rme": {"type": "float", "data": 0.005537997033349118}, "simu": {"type": "float", "data": 0.002}}, {"type": "dict", "image_number": {"type": "int", "data": 29}, "Hcamera2end": {"type": "ndarray", "data": [[0.9999995575782352, 5.403646777851035e-05, -0.0009391077648828929, -0.013638616181006025], [0.0009391068540206551, 1.687934026561866e-05, 0.9999995588966049, 0.0348297842810436], [5.405229546235024e-05, -0.9999999983975738, 1.6828586780537336e-05, 0.03222561183169129], [0.0, 0.0, 0.0, 1.0]]}, "Hobj2base": {"type": "ndarray", "data": [[0.9999995754540073, -0.0002446981417010697, -0.0008883775236777429, -0.7347621283558787], [-0.0002450939202595548, -0.9999998707624758, -0.0004454256422284728, 0.0919103145203883], [-0.0008882684140391115, 0.00044564318905475006, -0.9999995061905649, 0.0017490995171901863], [0.0, 0.0, 0.0, 1.0]]}, "mean_rme": {"type": "float", "data": 0.0014941746482150053}, "max_rme": {"type": "float", "data": 0.005458642936005509}, "simu": {"type": "float", "data": 0.002}}, {"type": "dict", "image_number": {"type": "int", "data": 30}, "Hcamera2end": {"type": "ndarray", "data": [[0.9999995704548261, 5.008336559390224e-05, -0.0009255170553039453, -0.013645150386525084], [0.0009255166120793622, 8.872189369624195e-06, 0.999999571670051, 0.03480746025250744], [5.009155550427647e-05, -0.9999999987064706, 8.82583257177938e-06, 0.0322672371639002], [0.0, 0.0, 0.0, 1.0]]}, "Hobj2base": {"type": "ndarray", "data": [[0.9999996105260963, -0.00023304313565503175, -0.000851257042641211, -0.7347441975020089], [-0.00023340294313687026, -0.9999998834649007, -0.000422602947368177, 0.0918884367640051], [-0.0008511584587238952, 0.0004228014686744758, -0.9999995483839961, 0.0016489903843801778], [0.0, 0.0, 0.0, 1.0]]}, "mean_rme": {"type": "float", "data": 0.0015005228787863037}, "max_rme": {"type": "float", "data": 0.0053900267750629505}, "simu": {"type": "float", "data": 0.002}}]}