{"type": "list", "data": [{"type": "dict", "image_number": {"type": "int", "data": 5}, "Hcamera2end": {"type": "ndarray", "data": [[0.999998650639517, 0.0007896437890120057, 0.0014405491423979228, -0.01735005274386632], [-0.0014403291416016297, -0.00027910555142840465, 0.9999989237754482, 0.02953659097294945], [0.000790045004440722, -0.9999996492813271, -0.00027796782785349805, 0.03260756869368989], [0.0, 0.0, 0.0, 1.0]]}, "Hobj2base": {"type": "ndarray", "data": [[0.9999979076941561, 0.0008199131742883338, 0.0018741263822500513, -0.7351900099710256], [0.0008187139670875147, -0.9999994596995267, 0.0006405529598914416, 0.08947025707644458], [0.0018746505674693248, -0.000639017246213505, -0.9999980386691809, 0.0018222595204908988], [0.0, 0.0, 0.0, 1.0]]}, "mean_rme": {"type": "float", "data": 0.002233363709148731}, "max_rme": {"type": "float", "data": 0.004543874775594148}, "simu": {"type": "float", "data": 0.002}}, {"type": "dict", "image_number": {"type": "int", "data": 6}, "Hcamera2end": {"type": "ndarray", "data": [[0.9999977680084465, 0.0005006777947019051, 0.00205263242473391, -0.018476541502240144], [-0.0020523695737776184, -0.0005249402726592578, 0.9999977561059039, 0.029939136037152474], [0.000501754180658667, -0.9999997368796933, -0.0005239115251249871, 0.03278314710800508], [0.0, 0.0, 0.0, 1.0]]}, "Hobj2base": {"type": "ndarray", "data": [[0.9999977403536697, 0.0007642556078518574, 0.0019837340851018544, -0.7351225272059948], [0.0007617574750800224, -0.9999989163664318, 0.001259758513026041, 0.08889821244095297], [0.0019846947129691286, -0.001258244542149443, -0.9999972388999725, 0.002371832836518669], [0.0, 0.0, 0.0, 1.0]]}, "mean_rme": {"type": "float", "data": 0.0020283153029364434}, "max_rme": {"type": "float", "data": 0.005038740238889172}, "simu": {"type": "float", "data": 0.002}}, {"type": "dict", "image_number": {"type": "int", "data": 7}, "Hcamera2end": {"type": "ndarray", "data": [[0.9999926237128145, 0.0031721990484274024, 0.00216556532077904, -0.017745273893481132], [-0.002166839837665504, 0.0003983953636776949, 0.9999975730401808, 0.0319376400843506], [0.0031713285984442344, -0.9999948892041054, 0.00040526607227020506, 0.032841714647309735], [0.0, 0.0, 0.0, 1.0]]}, "Hobj2base": {"type": "ndarray", "data": [[0.9999968173993802, 0.0025225379875372786, -4.4645404281195066e-05, -0.7353293397675562], [0.0025226221811186647, -0.9999948209204481, 0.0019986269318492244, 0.08811116148107652], [-3.960356070058991e-05, -0.001998733194505037, -0.9999980017465913, 0.0008439564040695902], [0.0, 0.0, 0.0, 1.0]]}, "mean_rme": {"type": "float", "data": 0.0018683298995427501}, "max_rme": {"type": "float", "data": 0.004677122509124498}, "simu": {"type": "float", "data": 0.002}}, {"type": "dict", "image_number": {"type": "int", "data": 8}, "Hcamera2end": {"type": "ndarray", "data": [[0.9999938621659992, 0.0030043395590416003, 0.0018026575222559135, -0.017276410896288973], [-0.0018051453804233562, 0.0008255823942416862, 0.9999980299299924, 0.03239225895681166], [0.0030028453979691204, -0.9999951461669825, 0.0008310005966302159, 0.03243712392128574], [0.0, 0.0, 0.0, 1.0]]}, "Hobj2base": {"type": "ndarray", "data": [[0.9999971663538634, 0.002340493326786465, -0.0004351726449414822, -0.7351805326604366], [0.0023411821423090055, -0.999995996739224, 0.0015891418129726706, 0.08831990594047094], [-0.00043145152702332224, -0.0015901561283322703, -0.999998642625612, 0.0005047822844931119], [0.0, 0.0, 0.0, 1.0]]}, "mean_rme": {"type": "float", "data": 0.0016631999246264578}, "max_rme": {"type": "float", "data": 0.004710392763911053}, "simu": {"type": "float", "data": 0.002}}, {"type": "dict", "image_number": {"type": "int", "data": 9}, "Hcamera2end": {"type": "ndarray", "data": [[0.999994691130263, 0.002766131840606674, 0.001722273477248164, -0.01676059848464663], [-0.0017241188026741214, 0.0006648680829909326, 0.9999982926809358, 0.032460366331922196], [0.002764982033271844, -0.9999959532243482, 0.0006696336932099367, 0.032511508337264974], [0.0, 0.0, 0.0, 1.0]]}, "Hobj2base": {"type": "ndarray", "data": [[0.9999975236291725, 0.0022079805683353887, -0.0002784911713135337, -0.7355302111456316], [0.002208422034997885, -0.9999962894325194, 0.0015949900651895078, 0.08861901293839537], [-0.00027496843088262336, -0.0015956011414419212, -0.9999986892238206, 0.0001855695701485607], [0.0, 0.0, 0.0, 1.0]]}, "mean_rme": {"type": "float", "data": 0.0017459243510154268}, "max_rme": {"type": "float", "data": 0.004749263721047614}, "simu": {"type": "float", "data": 0.002}}, {"type": "dict", "image_number": {"type": "int", "data": 10}, "Hcamera2end": {"type": "ndarray", "data": [[0.9999957720784891, 0.0025695373187159813, 0.001361360758294759, -0.01617909088642025], [-0.0013628110951660103, 0.0005627685485678491, 0.9999989130181488, 0.032639838366501805], [0.002568768394657528, -0.9999965403787794, 0.0005662679631939227, 0.032886194302948125], [0.0, 0.0, 0.0, 1.0]]}, "Hobj2base": {"type": "ndarray", "data": [[0.9999977339668178, 0.002124080348541174, -0.00014263205240593955, -0.7359157919551352], [0.002124257845140015, -0.9999969549472956, 0.0012560353277172945, 0.08885460756866176], [-0.00013996369812714483, -0.0012563354687558554, -0.9999992010153576, -0.00029619380784525194], [0.0, 0.0, 0.0, 1.0]]}, "mean_rme": {"type": "float", "data": 0.0017489938421592966}, "max_rme": {"type": "float", "data": 0.004806886784746334}, "simu": {"type": "float", "data": 0.002}}, {"type": "dict", "image_number": {"type": "int", "data": 11}, "Hcamera2end": {"type": "ndarray", "data": [[0.9999970423586665, 0.002310423233964244, 0.0007597489054659258, -0.015678423706761167], [-0.0007607318820703328, 0.0004246040047053423, 0.9999996204991491, 0.03246265531605111], [0.00231009976472883, -0.9999972408241528, 0.0004263603614941269, 0.03273637116525402], [0.0, 0.0, 0.0, 1.0]]}, "Hobj2base": {"type": "ndarray", "data": [[0.9999982342396929, 0.0018549098117113542, -0.0003013753250836665, -0.7356644659301643], [0.0018551070663692301, -0.9999980644081574, 0.0006555590830086278, 0.08900391948601917], [-0.0003001587387688165, -0.000656117008943612, -0.9999997397075675, -3.69864927281426e-05], [0.0, 0.0, 0.0, 1.0]]}, "mean_rme": {"type": "float", "data": 0.001674565372946326}, "max_rme": {"type": "float", "data": 0.005147381040383314}, "simu": {"type": "float", "data": 0.002}}, {"type": "dict", "image_number": {"type": "int", "data": 12}, "Hcamera2end": {"type": "ndarray", "data": [[0.9999979160510282, 0.0017541059819386412, 0.0010445122329760365, -0.016017331939009782], [-0.0010453055372704333, 0.000451399747485981, 0.9999993517870907, 0.03172560112626836], [0.001753633352346288, -0.9999983596738906, 0.0004532323834878227, 0.032739075353222034], [0.0, 0.0, 0.0, 1.0]]}, "Hobj2base": {"type": "ndarray", "data": [[0.9999990973334989, 0.0013300207251450563, 0.00019072770678008603, -0.7357746011899531], [0.0013299104900340738, -0.9999989492398185, 0.0005769379062450488, 0.08941814157984385], [0.0001914948457434339, -0.0005766837346845407, -0.9999998153827803, 0.0004853445765542752], [0.0, 0.0, 0.0, 1.0]]}, "mean_rme": {"type": "float", "data": 0.0016674457305922686}, "max_rme": {"type": "float", "data": 0.0051050451294250565}, "simu": {"type": "float", "data": 0.002}}, {"type": "dict", "image_number": {"type": "int", "data": 13}, "Hcamera2end": {"type": "ndarray", "data": [[0.9999990289179524, 0.0013808635515907943, 0.00018809307253845968, -0.015167503169189689], [-0.00018897808881370803, 0.0006408125835484224, 0.9999997768232326, 0.031532710996556225], [0.0013807427110063694, -0.9999988412868711, 0.0006410729142217741, 0.03220654803401449], [0.0, 0.0, 0.0, 1.0]]}, "Hobj2base": {"type": "ndarray", "data": [[0.9999996294785397, 0.000843784363764007, -0.00017050140987639637, -0.7352316301659199], [0.0008437594418467134, -0.9999996333495431, -0.00014618749703762353, 0.08978487248722741], [-0.0001706246980861546, 0.00014604358069758726, -0.9999999747792425, 0.0007429711331813915], [0.0, 0.0, 0.0, 1.0]]}, "mean_rme": {"type": "float", "data": 0.001622220323592506}, "max_rme": {"type": "float", "data": 0.005420900907898429}, "simu": {"type": "float", "data": 0.002}}, {"type": "dict", "image_number": {"type": "int", "data": 14}, "Hcamera2end": {"type": "ndarray", "data": [[0.9999990127340576, 0.001405179193336147, 1.531245932349717e-06, -0.01503481039599493], [-2.6890086076929555e-06, 0.000823923771299695, 0.9999996605711368, 0.031370478329938084], [0.001405177454747847, -0.9999986733096471, 0.0008239267364067437, 0.03215388908830471], [0.0, 0.0, 0.0, 1.0]]}, "Hobj2base": {"type": "ndarray", "data": [[0.9999995767750317, 0.0008050308444101507, -0.00044539319365931215, -0.735255574788134], [0.0008049617449130801, -0.9999996639591617, -0.00015530020378482152, 0.08986800950181463], [-0.00044551806544319985, 0.0001549416135755573, -0.999999888753369, 0.000847881458301689], [0.0, 0.0, 0.0, 1.0]]}, "mean_rme": {"type": "float", "data": 0.0015513155394538743}, "max_rme": {"type": "float", "data": 0.0053546079974094996}, "simu": {"type": "float", "data": 0.002}}, {"type": "dict", "image_number": {"type": "int", "data": 15}, "Hcamera2end": {"type": "ndarray", "data": [[0.9999996580238385, 0.0008017793078604616, 0.000202736646017152, -0.015010947007658076], [-0.00020347907775078135, 0.0009260070204187842, 0.9999995505535304, 0.03124275707846524], [0.0008015912119460745, -0.9999992498301884, 0.0009261698490605763, 0.03212110892376934], [0.0, 0.0, 0.0, 1.0]]}, "Hobj2base": {"type": "ndarray", "data": [[0.9999999620645751, 0.00027051127872512634, -5.1908538432862964e-05, -0.7351246091329959], [0.0002705008098737365, -0.999999943097418, -0.0002015799419243496, 0.09005747937386678], [-5.196306512698838e-05, 0.0002015658929756434, -0.9999999783355153, 0.0007834098575636588], [0.0, 0.0, 0.0, 1.0]]}, "mean_rme": {"type": "float", "data": 0.0015271820196118022}, "max_rme": {"type": "float", "data": 0.0053601991853620135}, "simu": {"type": "float", "data": 0.002}}, {"type": "dict", "image_number": {"type": "int", "data": 16}, "Hcamera2end": {"type": "ndarray", "data": [[0.9999997390063032, 0.00072245887656288, 6.363724333223399e-06, -0.015163902652887053], [-7.275041968806035e-06, 0.0012614154652359488, 0.9999992043887324, 0.031300684498516994], [0.000722450274466167, -0.9999989434415396, 0.0012614203919331102, 0.03218728740977079], [0.0, 0.0, 0.0, 1.0]]}, "Hobj2base": {"type": "ndarray", "data": [[0.9999999172400311, 8.507458365157383e-05, -0.00039784701337615506, -0.7354919376762097], [8.496975968638344e-05, -0.9999999616772235, -0.00026348755543295356, 0.09000600035427347], [-0.00039786941422362867, 0.00026345372866161317, -0.9999998861460246, 0.0009987702384813973], [0.0, 0.0, 0.0, 1.0]]}, "mean_rme": {"type": "float", "data": 0.0015848972439345581}, "max_rme": {"type": "float", "data": 0.005480000978903832}, "simu": {"type": "float", "data": 0.002}}, {"type": "dict", "image_number": {"type": "int", "data": 17}, "Hcamera2end": {"type": "ndarray", "data": [[0.9999996284855694, 0.0008597840608528588, -6.164488416202725e-05, -0.015026707927932058], [6.0589110459394885e-05, 0.0012279241652108919, 0.9999992442653164, 0.03134668353166869], [0.000859859106327148, -0.9999988764861752, 0.0012278716154678904, 0.03258872721100517], [0.0, 0.0, 0.0, 1.0]]}, "Hobj2base": {"type": "ndarray", "data": [[0.9999998967709037, 0.0002455005219408483, -0.00038234496933002045, -0.7358800380261146], [0.00024538838579934503, -0.9999999268784858, -0.00029330455570325943, 0.08998783034895866], [-0.0003824169477938903, 0.0002932107024108528, -0.999999883892374, 0.0010749459632371408], [0.0, 0.0, 0.0, 1.0]]}, "mean_rme": {"type": "float", "data": 0.0015719959324004707}, "max_rme": {"type": "float", "data": 0.005742347048094121}, "simu": {"type": "float", "data": 0.002}}, {"type": "dict", "image_number": {"type": "int", "data": 18}, "Hcamera2end": {"type": "ndarray", "data": [[0.9999996937910829, 0.0007751142713497401, -0.00010777572446418591, -0.015113193319125015], [0.00010691764616689765, 0.0011069908223538816, 0.9999993815697767, 0.03106925379221042], [0.0007752330987335027, -0.9999990868841757, 0.0011069076099899933, 0.03288979048845336], [0.0, 0.0, 0.0, 1.0]]}, "Hobj2base": {"type": "ndarray", "data": [[0.9999999269319724, 0.0002262132360800342, -0.00030816168104585295, -0.7359718736668923], [0.00022612502501725688, -0.9999999334630392, -0.00028625406457541685, 0.0897439352108663], [-0.000308226415, 0.00028618436059156115, -0.9999999115474902, 0.0012794939772737422], [0.0, 0.0, 0.0, 1.0]]}, "mean_rme": {"type": "float", "data": 0.0016080525080224236}, "max_rme": {"type": "float", "data": 0.005793597176464826}, "simu": {"type": "float", "data": 0.002}}, {"type": "dict", "image_number": {"type": "int", "data": 19}, "Hcamera2end": {"type": "ndarray", "data": [[0.9999997070377171, 0.0007439776945113746, -0.00018006018422200512, -0.015033504644078306], [0.00017926252363934404, 0.0010720841970885964, 0.9999994092500364, 0.031113678252881714], [0.0007441702946846078, -0.9999991485659696, 0.0010719505156893128, 0.032871525606989534], [0.0, 0.0, 0.0, 1.0]]}, "Hobj2base": {"type": "ndarray", "data": [[0.9999999404921881, 0.00023603448703191595, -0.000251601552382181, -0.7359892707483712], [0.00023596295054867402, -0.9999999317428712, -0.00028431626580633593, 0.08979909213173243], [-0.00025166864365253587, 0.00028425688024263435, -0.9999999279304574, 0.0012182191358498166], [0.0, 0.0, 0.0, 1.0]]}, "mean_rme": {"type": "float", "data": 0.0015597477307265368}, "max_rme": {"type": "float", "data": 0.005794857159286182}, "simu": {"type": "float", "data": 0.002}}, {"type": "dict", "image_number": {"type": "int", "data": 20}, "Hcamera2end": {"type": "ndarray", "data": [[0.9999998017055357, 0.0005909336480089702, -0.00021768397485108233, -0.014929341683879112], [0.00021705442206355536, 0.0010652079179424012, 0.99999940910956, 0.031090952682298237], [0.0005911651775255476, -0.9999992580644822, 0.0010650794419562182, 0.032928209787001186], [0.0, 0.0, 0.0, 1.0]]}, "Hobj2base": {"type": "ndarray", "data": [[0.9999999673429796, 0.0001104982712541926, -0.0002304434244455618, -0.7359681894236627], [0.00011042569135386337, -0.9999999443074292, -0.0003149465112537659, 0.08993762718271049], [-0.0002304782126566062, 0.00031492105409408887, -0.9999999238522586, 0.001226046114595264], [0.0, 0.0, 0.0, 1.0]]}, "mean_rme": {"type": "float", "data": 0.0015170542574722838}, "max_rme": {"type": "float", "data": 0.00588260818128622}, "simu": {"type": "float", "data": 0.002}}, {"type": "dict", "image_number": {"type": "int", "data": 21}, "Hcamera2end": {"type": "ndarray", "data": [[0.9999998674166597, 0.0004836313967919141, -0.00017682571960857445, -0.014870946909349696], [0.000176336805106605, 0.0010107797096677862, 0.9999994736147162, 0.031151604612950495], [0.0004838098740649918, -0.9999993722123282, 0.0010106942936398688, 0.03267271721859006], [0.0, 0.0, 0.0, 1.0]]}, "Hobj2base": {"type": "ndarray", "data": [[0.999999989161734, 5.0160496815883735e-05, -0.00013842130009346232, -0.7357218316435259], [5.0122855695868125e-05, -0.9999999617731623, -0.00027192163169865384, 0.09000375885196364], [-0.00013843493452619468, 0.0002719146906806451, -0.9999999534490842, 0.000969169437077131], [0.0, 0.0, 0.0, 1.0]]}, "mean_rme": {"type": "float", "data": 0.0015175577992496815}, "max_rme": {"type": "float", "data": 0.005665243359880556}, "simu": {"type": "float", "data": 0.002}}, {"type": "dict", "image_number": {"type": "int", "data": 22}, "Hcamera2end": {"type": "ndarray", "data": [[0.9999998522178014, 0.00043993588698251513, -0.000319406935922657, -0.014762840862366865], [0.0003189703252066533, 0.0009921545639617335, 0.999999456943479, 0.030959257043491922], [0.00044025254912169963, -0.999999411042695, 0.0009920140908460384, 0.03244153169776726], [0.0, 0.0, 0.0, 1.0]]}, "Hobj2base": {"type": "ndarray", "data": [[0.9999999886624017, 2.2594648693307845e-05, -0.00014887806528249801, -0.735461815912792], [2.2534697873912946e-05, -0.9999999186731552, -0.0004026734040303945, 0.08995206246863692], [-0.0001488871514388169, 0.000402670044542824, -0.9999999078447215, 0.0010641460910067937], [0.0, 0.0, 0.0, 1.0]]}, "mean_rme": {"type": "float", "data": 0.0015333459140634588}, "max_rme": {"type": "float", "data": 0.00558746628912371}, "simu": {"type": "float", "data": 0.002}}, {"type": "dict", "image_number": {"type": "int", "data": 23}, "Hcamera2end": {"type": "ndarray", "data": [[0.9999998216967612, 0.0004624958756832343, -0.00037776184418432764, -0.014774187792329365], [0.0003773045028655754, 0.0009885431433115377, 0.9999994402117264, 0.03146429134712361], [0.0004628690506643396, -0.999999404439832, 0.0009883684652746139, 0.03238782094825035], [0.0, 0.0, 0.0, 1.0]]}, "Hobj2base": {"type": "ndarray", "data": [[0.9999999823746769, 4.2895252405952105e-05, -0.00018278578487653592, -0.7354884302258062], [4.282335296152501e-05, -0.9999999217251554, -0.0003933393487457337, 0.08968020834801563], [-0.00018280264295965267, 0.0003933315143128185, -0.9999999059367524, 0.0006506236347743441], [0.0, 0.0, 0.0, 1.0]]}, "mean_rme": {"type": "float", "data": 0.0015009541130722734}, "max_rme": {"type": "float", "data": 0.005544326083554096}, "simu": {"type": "float", "data": 0.002}}, {"type": "dict", "image_number": {"type": "int", "data": 24}, "Hcamera2end": {"type": "ndarray", "data": [[0.9999997791748604, 0.0005404679109811658, -0.0003867100564243058, -0.014723753572238173], [0.0003861971615893864, 0.0009487653536794927, 0.9999994753478906, 0.03167022266678423], [0.000540834524526991, -0.999999403869193, 0.0009485564169950944, 0.03239723867520156], [0.0, 0.0, 0.0, 1.0]]}, "Hobj2base": {"type": "ndarray", "data": [[0.9999999712878159, 0.00013805081747006928, -0.00019587327331271082, -0.7354389377372853], [0.0001379669795649145, -0.9999998989033356, -0.00042797012881429735, 0.08952129286021517], [-0.00019593233513671182, 0.0004279430924824438, -0.9999998892376087, 0.00047167211456806735], [0.0, 0.0, 0.0, 1.0]]}, "mean_rme": {"type": "float", "data": 0.0014895891114318546}, "max_rme": {"type": "float", "data": 0.005556952508754154}, "simu": {"type": "float", "data": 0.002}}, {"type": "dict", "image_number": {"type": "int", "data": 25}, "Hcamera2end": {"type": "ndarray", "data": [[0.9999998265107884, 0.00048448420669110903, -0.0003350424546807688, -0.014789043226383875], [0.0003346126073723613, 0.0008870357101026238, 0.999999550600925, 0.0316938543982274], [0.000484781183586057, -0.9999994892212208, 0.0008868734416878077, 0.03238363969060705], [0.0, 0.0, 0.0, 1.0]]}, "Hobj2base": {"type": "ndarray", "data": [[0.9999999781101677, 8.960938625098157e-05, -0.0001890762334702016, -0.7353887424351346], [8.954562964313986e-05, -0.9999999391449159, -0.0003371820647349069, 0.08953496179333281], [-0.00018910643664182722, 0.00033716512640367133, -0.9999999252792138, 0.0004326700686516371], [0.0, 0.0, 0.0, 1.0]]}, "mean_rme": {"type": "float", "data": 0.0014574049038057959}, "max_rme": {"type": "float", "data": 0.005522552164534067}, "simu": {"type": "float", "data": 0.002}}, {"type": "dict", "image_number": {"type": "int", "data": 26}, "Hcamera2end": {"type": "ndarray", "data": [[0.9999998628141636, 0.0004663987293362237, -0.00023841954465820078, -0.014824571610033551], [0.00023803666164360604, 0.0008208182708331346, 0.9999996347978903, 0.03180464663090891], [0.000466594258124803, -0.9999995543646965, 0.000820707138232013, 0.0323165668538371], [0.0, 0.0, 0.0, 1.0]]}, "Hobj2base": {"type": "ndarray", "data": [[0.999999983838828, 8.92792402966117e-05, -0.00015604986663754158, -0.7352857585589975], [8.924481960591667e-05, -0.9999999716925614, -0.00022056799195612425, 0.08959609168822288], [-0.00015606955436292514, 0.00022055406174928941, -0.9999999634990995, 0.0003918575236899992], [0.0, 0.0, 0.0, 1.0]]}, "mean_rme": {"type": "float", "data": 0.001443904670290987}, "max_rme": {"type": "float", "data": 0.005556131612535042}, "simu": {"type": "float", "data": 0.002}}, {"type": "dict", "image_number": {"type": "int", "data": 27}, "Hcamera2end": {"type": "ndarray", "data": [[0.9999998970316396, 0.00041295905075608533, -0.00018815295002113077, -0.014851626420535845], [0.00018784233053500916, 0.000752089812696477, 0.9999996995380411, 0.0317664529921949], [0.0004131004345945396, -0.9999996319128004, 0.0007520121640645083, 0.03246237814818141], [0.0, 0.0, 0.0, 1.0]]}, "Hobj2base": {"type": "ndarray", "data": [[0.9999999944073471, 5.709586842293633e-05, -8.902453370304573e-05, -0.7353849909130523], [5.7083008615487774e-05, -0.9999999879381165, -0.00014444824898719253, 0.08957345419088902], [-8.903278002746028e-05, 0.00014444316639111924, -0.9999999856046675, 0.0004017412480657929], [0.0, 0.0, 0.0, 1.0]]}, "mean_rme": {"type": "float", "data": 0.001423098452435581}, "max_rme": {"type": "float", "data": 0.005588081890784247}, "simu": {"type": "float", "data": 0.002}}, {"type": "dict", "image_number": {"type": "int", "data": 28}, "Hcamera2end": {"type": "ndarray", "data": [[0.9999999066257759, 0.0004204321013306789, -9.992641198509666e-05, -0.014679762992400255], [9.963888270766221e-05, 0.000683855296725655, 0.9999997612069849, 0.03184823386903826], [0.0004205003361405485, -0.999999677789339, 0.0006838133414863723, 0.032609274030513676], [0.0, 0.0, 0.0, 1.0]]}, "Hobj2base": {"type": "ndarray", "data": [[0.9999999951378162, 8.357632620563642e-05, -5.233894515016503e-05, -0.7355500637896385], [8.357396630585904e-05, -0.9999999954911711, -4.5089355378652865e-05, 0.08977004780998177], [-5.2342713316851205e-05, 4.5084980986181675e-05, -0.9999999976137925, 0.0003923987611945797], [0.0, 0.0, 0.0, 1.0]]}, "mean_rme": {"type": "float", "data": 0.0014589585773621433}, "max_rme": {"type": "float", "data": 0.005790286122680288}, "simu": {"type": "float", "data": 0.002}}, {"type": "dict", "image_number": {"type": "int", "data": 29}, "Hcamera2end": {"type": "ndarray", "data": [[0.999999928637004, 0.0003749247074135635, -4.6448364359138496e-05, -0.014637010390954577], [4.6199249145361374e-05, 0.0006644219592116807, 0.9999997782045204, 0.03184917980421768], [0.0003749554855702078, -0.9999997089874199, 0.0006644045905564999, 0.03280419362975432], [0.0, 0.0, 0.0, 1.0]]}, "Hobj2base": {"type": "ndarray", "data": [[0.9999999980481683, 5.57487980148544e-05, -2.820877423454001e-05, -0.7357310506759426], [5.5749029917270644e-05, -0.999999998412237, 8.220212529481573e-06, 0.08981237179135529], [-2.8208315922783212e-05, -8.221785125235834e-06, -0.9999999995683466, 0.000443706907588393], [0.0, 0.0, 0.0, 1.0]]}, "mean_rme": {"type": "float", "data": 0.0014686731708992576}, "max_rme": {"type": "float", "data": 0.005938977730559181}, "simu": {"type": "float", "data": 0.002}}, {"type": "dict", "image_number": {"type": "int", "data": 30}, "Hcamera2end": {"type": "ndarray", "data": [[0.9999999422701482, 0.0003397672568310261, -4.232181983442187e-06, -0.014743891754765214], [4.007938799809122e-06, 0.0006599885325352384, 0.999999782199513, 0.03194215748642678], [0.0003397699760211288, -0.9999997244866361, 0.0006599871326679052, 0.03265004909513249], [0.0, 0.0, 0.0, 1.0]]}, "Hobj2base": {"type": "ndarray", "data": [[0.9999999991634022, 3.203400201649291e-05, -2.5436552982912894e-05, -0.7355417074014544], [3.203531329211096e-05, -0.9999999981580594, 5.155210389461792e-05, 0.08978316794884306], [-2.5434901515860164e-05, -5.1552918719433426e-05, -0.9999999983476808, 0.0004038864362280921], [0.0, 0.0, 0.0, 1.0]]}, "mean_rme": {"type": "float", "data": 0.0014683788416132583}, "max_rme": {"type": "float", "data": 0.005889158938447436}, "simu": {"type": "float", "data": 0.002}}]}