{"type": "list", "data": [{"type": "dict", "image_number": {"type": "int", "data": 5}, "Hcamera2end": {"type": "ndarray", "data": [[0.9999357586156044, -0.005117985514234567, -0.010113598079409305, -0.01535877035483751], [0.010115346086146995, 0.0003157713524178929, 0.9999487887197075, 0.02612380631731503], [-0.00511452983110052, -0.9999868531699448, 0.00036752126156935905, 0.031249834517668763], [0.0, 0.0, 0.0, 1.0]]}, "Hobj2base": {"type": "ndarray", "data": [[0.9999891009431225, -0.004653239723325798, -0.00038125456419422967, -0.7329644429778277], [-0.004655004221276974, -0.9999778082555193, -0.004765913573234089, 0.08950390585415884], [-0.00035906916513344853, 0.004767636370876686, -0.9999885702910656, 0.010434648649491063], [0.0, 0.0, 0.0, 1.0]]}, "mean_rme": {"type": "float", "data": 0.0031643712094140833}, "max_rme": {"type": "float", "data": 0.006814621001246218}, "simu": {"type": "float", "data": 0.002}}, {"type": "dict", "image_number": {"type": "int", "data": 6}, "Hcamera2end": {"type": "ndarray", "data": [[0.999960204690812, -0.0025345444980750483, -0.008553661139920267, -0.014640346542374187], [0.008553138169892, -0.0002171044683165757, 0.9999633976766833, 0.02937566473457868], [-0.0025363087659118115, -0.9999967644696843, -0.00019541751928753293, 0.031106221710249286], [0.0, 0.0, 0.0, 1.0]]}, "Hobj2base": {"type": "ndarray", "data": [[0.9999968427647173, -0.002271566121598024, -0.0010744523965467404, -0.732670304418769], [-0.002275634494938936, -0.999990188727482, -0.0038005179147819735, 0.08807063027353328], [-0.0010658087270617252, 0.0038029509765894723, -0.9999922007773996, 0.00727635380663207], [0.0, 0.0, 0.0, 1.0]]}, "mean_rme": {"type": "float", "data": 0.0027089516468483585}, "max_rme": {"type": "float", "data": 0.006334023026345642}, "simu": {"type": "float", "data": 0.002}}, {"type": "dict", "image_number": {"type": "int", "data": 7}, "Hcamera2end": {"type": "ndarray", "data": [[0.9999591437969366, -0.0031277887032325796, -0.008481018495760174, -0.014931207292492088], [0.00848137018134559, 9.919195591523433e-05, 0.9999640276133949, 0.029526178790917318], [-0.0031268349403953833, -0.9999951035374041, 0.00012571583714970913, 0.03097330507205096], [0.0, 0.0, 0.0, 1.0]]}, "Hobj2base": {"type": "ndarray", "data": [[0.9999953364087449, -0.0028956941416622183, -0.0009706267042102623, -0.7326596427308882], [-0.002900017332183774, -0.9999857479771181, -0.0044826043899043365, 0.08752746417499012], [-0.000957632619545029, 0.004485398319134993, -0.9999894820155282, 0.0072367761798493024], [0.0, 0.0, 0.0, 1.0]]}, "mean_rme": {"type": "float", "data": 0.0025058822991706727}, "max_rme": {"type": "float", "data": 0.006139746848679017}, "simu": {"type": "float", "data": 0.002}}, {"type": "dict", "image_number": {"type": "int", "data": 8}, "Hcamera2end": {"type": "ndarray", "data": [[0.9999818848998677, -0.0023911310654942566, -0.005523799809490714, -0.01295505590248967], [0.005524952099206924, 0.00047556456432762406, 0.9999846242531166, 0.031007818333028507], [-0.0023884673766183936, -0.9999970281608707, 0.0004887668340276541, 0.03138803011887497], [0.0, 0.0, 0.0, 1.0]]}, "Hobj2base": {"type": "ndarray", "data": [[0.9999952921359704, -0.0026964350914589876, -0.0014645626284980854, -0.7338790252290383], [-0.0026994265182170496, -0.9999942667100619, -0.002044417637710896, 0.09124943179206438], [-0.0014590415922759831, 0.0020483614920675953, -0.9999968377014143, 0.0066463258186059], [0.0, 0.0, 0.0, 1.0]]}, "mean_rme": {"type": "float", "data": 0.002665148407573631}, "max_rme": {"type": "float", "data": 0.008201650748084655}, "simu": {"type": "float", "data": 0.002}}, {"type": "dict", "image_number": {"type": "int", "data": 9}, "Hcamera2end": {"type": "ndarray", "data": [[0.9999809336916624, -0.0023882698489803697, -0.00569459570816419, -0.01361947246745129], [0.005696562935497195, 0.0008177119178781611, 0.9999834401218562, 0.03166401231666334], [-0.0023835737607446296, -0.9999968137520981, 0.000831301256632333, 0.03149734572866331], [0.0, 0.0, 0.0, 1.0]]}, "Hobj2base": {"type": "ndarray", "data": [[0.9999947368135922, -0.0028477729415242485, -0.0015545206296507417, -0.7341086852727423], [-0.002851339131708869, -0.9999932974906081, -0.002296701769050646, 0.09021463032203504], [-0.0015479697253089682, 0.002301122146583484, -0.9999961543059033, 0.006907701767057437], [0.0, 0.0, 0.0, 1.0]]}, "mean_rme": {"type": "float", "data": 0.002634941586799743}, "max_rme": {"type": "float", "data": 0.008460818020630922}, "simu": {"type": "float", "data": 0.002}}, {"type": "dict", "image_number": {"type": "int", "data": 10}, "Hcamera2end": {"type": "ndarray", "data": [[0.9999911843124558, -0.0023600598031378, -0.003472954807893919, -0.013479568660281048], [0.003474736971024598, 0.0007514544498286035, 0.9999936807396296, 0.0321452038544234], [-0.0023574351219609684, -0.9999969327122636, 0.0007596484122927016, 0.029594154905023522], [0.0, 0.0, 0.0, 1.0]]}, "Hobj2base": {"type": "ndarray", "data": [[0.9999942653076546, -0.0029822866509675522, -0.0016047797779199686, -0.7323114650575718], [-0.002982344610867161, -0.9999955522317239, -3.372524473427854e-05, 0.09179884853175756], [-0.0016046720618842101, 3.851105765268393e-05, -0.9999987117714066, 0.006571788767852404], [0.0, 0.0, 0.0, 1.0]]}, "mean_rme": {"type": "float", "data": 0.002501259156257629}, "max_rme": {"type": "float", "data": 0.008696237424339892}, "simu": {"type": "float", "data": 0.002}}, {"type": "dict", "image_number": {"type": "int", "data": 11}, "Hcamera2end": {"type": "ndarray", "data": [[0.9999920768520429, -0.0023661587195871487, -0.0032011757295796824, -0.013608093551345336], [0.0032021044091102213, 0.0003887999383209717, 0.9999947976674483, 0.03204169294711293], [-0.0023649017931164046, -0.9999971250596281, 0.0003963735450701611, 0.02970969235811905], [0.0, 0.0, 0.0, 1.0]]}, "Hobj2base": {"type": "ndarray", "data": [[0.9999947288124895, -0.0029455669455284677, -0.0013660097382076069, -0.7322245752531104], [-0.0029450342923613058, -0.9999955866304617, 0.00039178133562515853, 0.09188531885171027], [-0.001367157727653932, -0.0003877563249495545, -0.99999899026188, 0.006664906875376141], [0.0, 0.0, 0.0, 1.0]]}, "mean_rme": {"type": "float", "data": 0.0023045592248888912}, "max_rme": {"type": "float", "data": 0.008666673298491134}, "simu": {"type": "float", "data": 0.002}}, {"type": "dict", "image_number": {"type": "int", "data": 12}, "Hcamera2end": {"type": "ndarray", "data": [[0.9999881501643852, -0.002759186524586766, -0.004010788019018664, -0.012910419772509164], [0.004013329749573357, 0.000916269167353545, 0.9999915267816692, 0.03198123007560285], [-0.00275548818399831, -0.9999957736613367, 0.0009273318350783155, 0.030407257546786973], [0.0, 0.0, 0.0, 1.0]]}, "Hobj2base": {"type": "ndarray", "data": [[0.9999921337613611, -0.003439626935220292, -0.001975191622737751, -0.7328378966736175], [-0.0034397556363136034, -0.999994082115589, -6.176538409285671e-05, 0.09241744870144906], [-0.001974967483903249, 6.855907474871742e-05, -0.9999980473996388, 0.006259259699076897], [0.0, 0.0, 0.0, 1.0]]}, "mean_rme": {"type": "float", "data": 0.00236573833803341}, "max_rme": {"type": "float", "data": 0.008405950053586908}, "simu": {"type": "float", "data": 0.002}}, {"type": "dict", "image_number": {"type": "int", "data": 13}, "Hcamera2end": {"type": "ndarray", "data": [[0.999987402887109, -0.0032224810880820782, -0.003848335059692481, -0.012459353840424531], [0.003850791191266134, 0.0007563291002292694, 0.9999922996570989, 0.03369823812029348], [-0.003219545666079631, -0.9999945217759589, 0.000768728674454211, 0.030371485369299556], [0.0, 0.0, 0.0, 1.0]]}, "Hobj2base": {"type": "ndarray", "data": [[0.9999916812568789, -0.003734496428444542, -0.0016404125903989465, -0.7327906393243668], [-0.003734497844372926, -0.9999930267361921, 2.1999167195046665e-06, 0.09204224223048639], [-0.0016404093669503317, 3.926218863764485e-06, -0.9999986545199415, 0.004380619389173301], [0.0, 0.0, 0.0, 1.0]]}, "mean_rme": {"type": "float", "data": 0.0022632626201628233}, "max_rme": {"type": "float", "data": 0.008164804249193969}, "simu": {"type": "float", "data": 0.002}}, {"type": "dict", "image_number": {"type": "int", "data": 14}, "Hcamera2end": {"type": "ndarray", "data": [[0.999984813332609, -0.0034113905880666304, -0.0043284545051099094, -0.012690985083898444], [0.004331678922509666, 0.0009383703796002063, 0.9999901779611352, 0.03395249538120219], [-0.0034072953877586493, -0.9999937409180552, 0.0009531331775881613, 0.031711782788384116], [0.0, 0.0, 0.0, 1.0]]}, "Hobj2base": {"type": "ndarray", "data": [[0.9999905432987592, -0.0038975582410859183, -0.0019293399932885007, -0.7343196503287783], [-0.003898389119443054, -0.9999923100524737, -0.000427081010672801, 0.09177197288717674], [-0.0019276605836524338, 0.00043459828993281974, -0.999998047622594, 0.003995165667587318], [0.0, 0.0, 0.0, 1.0]]}, "mean_rme": {"type": "float", "data": 0.002239465895681365}, "max_rme": {"type": "float", "data": 0.007666578387628409}, "simu": {"type": "float", "data": 0.002}}, {"type": "dict", "image_number": {"type": "int", "data": 15}, "Hcamera2end": {"type": "ndarray", "data": [[0.9999828237899047, -0.003626415456826941, -0.004604480003536074, -0.012495452888741342], [0.004606722035991602, 0.0006101401400804285, 0.9999892028622572, 0.034076729659130243], [-0.003623566923845386, -0.9999932383971124, 0.00062683554818177, 0.03211910415901625], [0.0, 0.0, 0.0, 1.0]]}, "Hobj2base": {"type": "ndarray", "data": [[0.999990424016137, -0.004053992386596796, -0.0016483390901173493, -0.7343796886526711], [-0.00405545745246937, -0.9999913837032948, -0.0008864445959316696, 0.09181715710441617], [-0.0016447312478956306, 0.0008931208763997365, -0.9999982485955776, 0.0036991200697104043], [0.0, 0.0, 0.0, 1.0]]}, "mean_rme": {"type": "float", "data": 0.002118820009540917}, "max_rme": {"type": "float", "data": 0.007669120645655614}, "simu": {"type": "float", "data": 0.002}}, {"type": "dict", "image_number": {"type": "int", "data": 16}, "Hcamera2end": {"type": "ndarray", "data": [[0.9999832004023157, -0.0035500550752261724, -0.004582141650482312, -0.012491515857114485], [0.004582349335589124, 5.037028370469265e-05, 0.9999894997135725, 0.03431432402758067], [-0.00354978699485614, -0.9999936972660364, 6.66370300194119e-05, 0.032876729231152146], [0.0, 0.0, 0.0, 1.0]]}, "Hobj2base": {"type": "ndarray", "data": [[0.9999920947461659, -0.003813215661519291, -0.0011268680020018395, -0.7347793443841126], [-0.003814387035535756, -0.9999921852468074, -0.0010391808587253862, 0.09178132039415776], [-0.001122896575080881, 0.0010434709544345144, -0.9999988251351339, 0.0033504006124872587], [0.0, 0.0, 0.0, 1.0]]}, "mean_rme": {"type": "float", "data": 0.0019577050094007915}, "max_rme": {"type": "float", "data": 0.007655129382239001}, "simu": {"type": "float", "data": 0.002}}, {"type": "dict", "image_number": {"type": "int", "data": 17}, "Hcamera2end": {"type": "ndarray", "data": [[0.9999842326706742, -0.0035157214395288524, -0.0043788255049306765, -0.012975259704946382], [0.004379311840717138, 0.00013064535573925617, 0.999990402233738, 0.034261733446808336], [-0.0035151156232404207, -0.9999938112981255, 0.00014603973633964262, 0.03254754892935333], [0.0, 0.0, 0.0, 1.0]]}, "Hobj2base": {"type": "ndarray", "data": [[0.9999918033419143, -0.003865926272691051, -0.0012032718064759647, -0.7343795845871519], [-0.0038670468385674744, -0.9999920901800003, -0.0009303365961121953, 0.09141024154179023], [-0.001199665676123209, 0.0009349820788963827, -0.9999988433047198, 0.003326447469919509], [0.0, 0.0, 0.0, 1.0]]}, "mean_rme": {"type": "float", "data": 0.0020232909830305307}, "max_rme": {"type": "float", "data": 0.007273975143841316}, "simu": {"type": "float", "data": 0.002}}, {"type": "dict", "image_number": {"type": "int", "data": 18}, "Hcamera2end": {"type": "ndarray", "data": [[0.9999848199725987, -0.003363420092497186, -0.004364313193470639, -0.01310346156179114], [0.0043648937029051324, 0.00016527377311681413, 0.9999904601482666, 0.03440836853133308], [-0.0033626666994596385, -0.9999943300288562, 0.00017995223543842975, 0.032517032928606145], [0.0, 0.0, 0.0, 1.0]]}, "Hobj2base": {"type": "ndarray", "data": [[0.9999923218188681, -0.003745449995041421, -0.001152348751054343, -0.7343432866120795], [-0.0037467386315655697, -0.9999923558153601, -0.001118150470007814, 0.09126857394086552], [-0.0011481519656153737, 0.0011224594342285842, -0.9999987109151107, 0.0031237510052591778], [0.0, 0.0, 0.0, 1.0]]}, "mean_rme": {"type": "float", "data": 0.0019435205156420805}, "max_rme": {"type": "float", "data": 0.007150000529316136}, "simu": {"type": "float", "data": 0.002}}, {"type": "dict", "image_number": {"type": "int", "data": 19}, "Hcamera2end": {"type": "ndarray", "data": [[0.9999851151339919, -0.0031294167476214273, -0.004469481097029052, -0.012799420242352484], [0.0044713609281348335, 0.0005939584229850414, 0.9999898270206763, 0.03438667778870902], [-0.0031267302261856057, -0.999994926969238, 0.0006079423337667089, 0.032772140284515666], [0.0, 0.0, 0.0, 1.0]]}, "Hobj2base": {"type": "ndarray", "data": [[0.9999920539862527, -0.0036807924287187398, -0.001530925031557762, -0.7349229804200546], [-0.003682915072016864, -0.9999922575265987, -0.0013860098947145834, 0.09133477462978305], [-0.0015258115636848318, 0.0013916371483337579, -0.9999978676202859, 0.0032702523089634043], [0.0, 0.0, 0.0, 1.0]]}, "mean_rme": {"type": "float", "data": 0.0019250005526749534}, "max_rme": {"type": "float", "data": 0.007439784643721192}, "simu": {"type": "float", "data": 0.002}}, {"type": "dict", "image_number": {"type": "int", "data": 20}, "Hcamera2end": {"type": "ndarray", "data": [[0.9999869341974067, -0.0030942476182909, -0.004069037496533763, -0.012777464688959156], [0.004070637986826571, 0.0005111252109453179, 0.9999915842932877, 0.0338704889711499], [-0.003092141790361687, -0.9999950821792555, 0.0005237140945798524, 0.03287103121592047], [0.0, 0.0, 0.0, 1.0]]}, "Hobj2base": {"type": "ndarray", "data": [[0.9999925551575105, -0.0035924448062179177, -0.0014085346526316247, -0.7347981071417465], [-0.0035941702462115167, -0.9999927913937068, -0.0012243777455181602, 0.09178543474212723], [-0.0014041259895871277, 0.0012294311435579438, -0.9999982584631177, 0.0034549939041988416], [0.0, 0.0, 0.0, 1.0]]}, "mean_rme": {"type": "float", "data": 0.0019977332020173636}, "max_rme": {"type": "float", "data": 0.007381296848995023}, "simu": {"type": "float", "data": 0.002}}, {"type": "dict", "image_number": {"type": "int", "data": 21}, "Hcamera2end": {"type": "ndarray", "data": [[0.9999866234499286, -0.002951766223111273, -0.004247351807269156, -0.012699259178475416], [0.004249162427556157, 0.0006074019684984, 0.9999907877983242, 0.03395268988096935], [-0.002949159180996885, -0.9999954590591963, 0.0006199363776857592, 0.03271390060927451], [0.0, 0.0, 0.0, 1.0]]}, "Hobj2base": {"type": "ndarray", "data": [[0.9999930973629172, -0.003459095492348087, -0.0013564235673542448, -0.7347323574928405], [-0.0034610031807772667, -0.9999930214501798, -0.0014065944417563604, 0.09173900540031611], [-0.0013515485569917608, 0.0014112793188265004, -0.9999980908017689, 0.0032964618898890666], [0.0, 0.0, 0.0, 1.0]]}, "mean_rme": {"type": "float", "data": 0.0019376887305081478}, "max_rme": {"type": "float", "data": 0.007349447995468439}, "simu": {"type": "float", "data": 0.002}}, {"type": "dict", "image_number": {"type": "int", "data": 22}, "Hcamera2end": {"type": "ndarray", "data": [[0.9999877313812997, -0.0025281527461557896, -0.004259757102653826, -0.012476822153456756], [0.004261897633510991, 0.0008418952184225947, 0.9999905636759792, 0.033966484004220185], [-0.0025245426205509373, -0.9999964498217646, 0.0008526596177371726, 0.03264335712997476], [0.0, 0.0, 0.0, 1.0]]}, "Hobj2base": {"type": "ndarray", "data": [[0.9999938138154335, -0.0031263143279915604, -0.001611983122308951, -0.7349965474816944], [-0.003128813604467284, -0.9999939036032583, -0.0015502521553669953, 0.09177451073896357], [-0.0016071267194949733, 0.0015552861599442897, -0.9999974991112066, 0.0033409849640542067], [0.0, 0.0, 0.0, 1.0]]}, "mean_rme": {"type": "float", "data": 0.0019334910355388822}, "max_rme": {"type": "float", "data": 0.007540219275685489}, "simu": {"type": "float", "data": 0.002}}, {"type": "dict", "image_number": {"type": "int", "data": 23}, "Hcamera2end": {"type": "ndarray", "data": [[0.9999877552846242, -0.002460355946597574, -0.004293708121711982, -0.01268445197131788], [0.004295806258611752, 0.0008481286601559335, 0.9999904133172302, 0.03414276977673461], [-0.0024566907430292437, -0.9999966136574625, 0.0008586874875357031, 0.03266523676439146], [0.0, 0.0, 0.0, 1.0]]}, "Hobj2base": {"type": "ndarray", "data": [[0.9999942628485186, -0.0030081796595539064, -0.00155728134384048, -0.735046145011916], [-0.003010776000621333, -0.9999940771918971, -0.0016675757855632324, 0.09157103490637376], [-0.0015522557528030217, 0.001672254843724594, -0.9999973970295202, 0.003009204274444737], [0.0, 0.0, 0.0, 1.0]]}, "mean_rme": {"type": "float", "data": 0.0019261418076335177}, "max_rme": {"type": "float", "data": 0.007221041457464827}, "simu": {"type": "float", "data": 0.002}}, {"type": "dict", "image_number": {"type": "int", "data": 24}, "Hcamera2end": {"type": "ndarray", "data": [[0.9999886611025137, -0.0024213160562770774, -0.004100596902591437, -0.012601985686891335], [0.004102623641216427, 0.0008326673143663754, 0.9999912375338107, 0.03410578180065677], [-0.002417880406566821, -0.9999967219414767, 0.0008425916213323781, 0.032622001732825055], [0.0, 0.0, 0.0, 1.0]]}, "Hobj2base": {"type": "ndarray", "data": [[0.9999947192181092, -0.0029239586411530256, -0.001418450478387885, -0.7348602438704845], [-0.002926118679407853, -0.9999945589255597, -0.0015231377970818568, 0.09168498836561834], [-0.0014139891685697981, 0.0015272803081639865, -0.9999978340223998, 0.0030015042331872376], [0.0, 0.0, 0.0, 1.0]]}, "mean_rme": {"type": "float", "data": 0.001897702443141543}, "max_rme": {"type": "float", "data": 0.007309924781864652}, "simu": {"type": "float", "data": 0.002}}, {"type": "dict", "image_number": {"type": "int", "data": 25}, "Hcamera2end": {"type": "ndarray", "data": [[0.9999909075396319, -0.0020302965829534407, -0.0037500311796645367, -0.012990605078357947], [0.0037512966005958425, 0.0006198200328334513, 0.999992771772347, 0.034200214556920794], [-0.0020279575630586296, -0.9999977468569178, 0.0006274306418141418, 0.03285462462786825], [0.0, 0.0, 0.0, 1.0]]}, "Hobj2base": {"type": "ndarray", "data": [[0.9999961749185466, -0.0024804527664280904, -0.0012237247848251535, -0.7350694955834267], [-0.002482025516253825, -0.9999960936724968, -0.001285375074797842, 0.09140289561435541], [-0.0012205316923951906, 0.001288407474274291, -0.9999984251530436, 0.0029161494074500995], [0.0, 0.0, 0.0, 1.0]]}, "mean_rme": {"type": "float", "data": 0.0018481087248936009}, "max_rme": {"type": "float", "data": 0.007130674477355936}, "simu": {"type": "float", "data": 0.002}}, {"type": "dict", "image_number": {"type": "int", "data": 26}, "Hcamera2end": {"type": "ndarray", "data": [[0.9999930880078645, -0.001874502175785987, -0.0032109466031587314, -0.013213683935869181], [0.0032120237924750292, 0.0005719261708773127, 0.9999946778876434, 0.03431858847988476], [-0.0018726557750791588, -0.9999980795691801, 0.0005779431633158305, 0.03314784458560729], [0.0, 0.0, 0.0, 1.0]]}, "Hobj2base": {"type": "ndarray", "data": [[0.999996951990163, -0.0022402333346318013, -0.0010379619405426394, -0.7352806289206116], [-0.002241051331497526, -0.9999971786929525, -0.0007875881314959464, 0.09143910339009692], [-0.0010361946309471641, 0.000789911856908471, -0.9999991511696122, 0.002697408933569956], [0.0, 0.0, 0.0, 1.0]]}, "mean_rme": {"type": "float", "data": 0.001828566579095033}, "max_rme": {"type": "float", "data": 0.007039561507847902}, "simu": {"type": "float", "data": 0.002}}, {"type": "dict", "image_number": {"type": "int", "data": 27}, "Hcamera2end": {"type": "ndarray", "data": [[0.9999925150328054, -0.0017765408464100905, -0.0034371181221207444, -0.013131688516670199], [0.0034384363509575152, 0.0007394991158685693, 0.9999938151291325, 0.03431251419737941], [-0.001773988112921921, -0.9999981485201253, 0.00074560210336716, 0.03318366642632164], [0.0, 0.0, 0.0, 1.0]]}, "Hobj2base": {"type": "ndarray", "data": [[0.9999970266723242, -0.0021595721605066833, -0.0011326493696894285, -0.7353914909852876], [-0.0021607834423720998, -0.9999970938101996, -0.00106929232223402, 0.09133038372919931], [-0.0011303368640648425, 0.001071736552881603, -0.9999987868589317, 0.0027288749148679267], [0.0, 0.0, 0.0, 1.0]]}, "mean_rme": {"type": "float", "data": 0.0017883076123547152}, "max_rme": {"type": "float", "data": 0.007008624355891557}, "simu": {"type": "float", "data": 0.002}}, {"type": "dict", "image_number": {"type": "int", "data": 28}, "Hcamera2end": {"type": "ndarray", "data": [[0.9999925902192008, -0.0018893737168241334, -0.0033540682240475964, -0.013155044708773208], [0.0033555131590893555, 0.0007621192399200893, 0.9999940798353274, 0.03413565116616727], [-0.0018868063314950506, -0.9999979247184577, 0.0007684534111528363, 0.03317070299412879], [0.0, 0.0, 0.0, 1.0]]}, "Hobj2base": {"type": "ndarray", "data": [[0.9999968878714769, -0.0022525240692774385, -0.0010725589392256336, -0.7354040381406471], [-0.0022536945964335975, -0.9999968648641988, -0.0010913855593056997, 0.09145061601254999], [-0.0010700972043665065, 0.0010937993830592604, -0.9999988292467561, 0.0028577071277953348], [0.0, 0.0, 0.0, 1.0]]}, "mean_rme": {"type": "float", "data": 0.0017545993333664938}, "max_rme": {"type": "float", "data": 0.007039743710414714}, "simu": {"type": "float", "data": 0.002}}, {"type": "dict", "image_number": {"type": "int", "data": 29}, "Hcamera2end": {"type": "ndarray", "data": [[0.9999928661080104, -0.001415410402718984, -0.0035020488972426654, -0.013372754921192921], [0.00350305326415898, 0.0007077390069353262, 0.9999936138412716, 0.0345870092985532], [-0.0014129228270747137, -0.9999987478586608, 0.0007126922160330951, 0.033170616303749303], [0.0, 0.0, 0.0, 1.0]]}, "Hobj2base": {"type": "ndarray", "data": [[0.9999976032195118, -0.0017830801452487942, -0.0012705040052798382, -0.7354701041399402], [-0.0017845601346580101, -0.9999977294024918, -0.0011647038195008585, 0.0909475318365725], [-0.0012684243602209618, 0.001166968318760215, -0.9999985146411898, 0.0026745909558131063], [0.0, 0.0, 0.0, 1.0]]}, "mean_rme": {"type": "float", "data": 0.0017350058564912453}, "max_rme": {"type": "float", "data": 0.006957081372314322}, "simu": {"type": "float", "data": 0.002}}, {"type": "dict", "image_number": {"type": "int", "data": 30}, "Hcamera2end": {"type": "ndarray", "data": [[0.999992587078577, -0.0010839853546456377, -0.0036946939853825054, -0.01366306258136308], [0.003695427000553147, 0.0006750005918676472, 0.9999929440718492, 0.03519057096068261], [-0.0010814837854959557, -0.9999991846746435, 0.0006790013768890324, 0.03322527031194585], [0.0, 0.0, 0.0, 1.0]]}, "Hobj2base": {"type": "ndarray", "data": [[0.9999980235833527, -0.0014446294604845646, -0.0013659703914278543, -0.7354635673510332], [-0.0014463838032713644, -0.9999981293935265, -0.0012842053341719584, 0.09032638307745652], [-0.0013641126353757423, 0.0012861785134970667, -0.9999982424692295, 0.0023933339933958297], [0.0, 0.0, 0.0, 1.0]]}, "mean_rme": {"type": "float", "data": 0.0017630241763109881}, "max_rme": {"type": "float", "data": 0.00686034861636764}, "simu": {"type": "float", "data": 0.002}}]}