{"type": "list", "data": [{"type": "dict", "image_number": {"type": "int", "data": 5}, "Hcamera2end": {"type": "ndarray", "data": [[0.9999724140618886, 0.0027720649620063768, -0.006891064582865668, -0.011809447105874293], [0.00688778822346039, 0.0011897357334937908, 0.9999755711527524, 0.01784769842416994], [0.002780195789430909, -0.9999954500820146, 0.0011706095171175601, 0.03402753788397475], [0.0, 0.0, 0.0, 1.0]]}, "Hobj2base": {"type": "ndarray", "data": [[0.9999969658715798, 0.00217187731301031, -0.0011624098122501479, -0.7345669361104649], [0.002175095047249325, -0.9999937866741189, 0.0027740898853848206, 0.0941313192140802], [-0.0011563776069328582, -0.0027766098202653584, -0.9999954766041375, 0.011166662298448139], [0.0, 0.0, 0.0, 1.0]]}, "mean_rme": {"type": "float", "data": 0.0021072817717431086}, "max_rme": {"type": "float", "data": 0.0065726458259938725}, "simu": {"type": "float", "data": 0.002}}, {"type": "dict", "image_number": {"type": "int", "data": 6}, "Hcamera2end": {"type": "ndarray", "data": [[0.9999748030687232, 0.00272809719313927, -0.00655367937673945, -0.012616266801367307], [0.006561182286758127, -0.0027504314714612565, 0.9999746926866304, 0.01816070488108339], [0.0027100027063170513, -0.99999249627806, -0.002768261712008613, 0.03639721291091914], [0.0, 0.0, 0.0, 1.0]]}, "Hobj2base": {"type": "ndarray", "data": [[0.999989101847042, 0.003958810541016858, 0.0024746729574846357, -0.7351066733228059], [0.003952833205987105, -0.9999892698234369, 0.002415646421675618, 0.09340299404931592], [0.0024842094903243656, -0.002405838126151119, -0.9999940203051809, 0.01024400396665289], [0.0, 0.0, 0.0, 1.0]]}, "mean_rme": {"type": "float", "data": 0.0018692220129864479}, "max_rme": {"type": "float", "data": 0.007116477191941362}, "simu": {"type": "float", "data": 0.002}}, {"type": "dict", "image_number": {"type": "int", "data": 7}, "Hcamera2end": {"type": "ndarray", "data": [[0.999976228500061, 0.0023408763249336676, -0.006485578835021131, -0.011031500948861963], [0.006493661665267323, -0.003461983507107469, 0.9999729231476089, 0.0182437647516749], [0.0023183599744100634, -0.9999912674459852, -0.0034771020694210897, 0.03909735480928355], [0.0, 0.0, 0.0, 1.0]]}, "Hobj2base": {"type": "ndarray", "data": [[0.9999866771747662, 0.0040251968210723, 0.003231603862091286, -0.7374395730799741], [0.004017296365286232, -0.9999889354075253, 0.0024475278216434596, 0.09504841757858647], [0.003241419886918677, -0.002434512903208813, -0.9999917831382621, 0.00941133242969207], [0.0, 0.0, 0.0, 1.0]]}, "mean_rme": {"type": "float", "data": 0.0017655345743149303}, "max_rme": {"type": "float", "data": 0.007651584200797534}, "simu": {"type": "float", "data": 0.002}}, {"type": "dict", "image_number": {"type": "int", "data": 8}, "Hcamera2end": {"type": "ndarray", "data": [[0.9999825399291548, -0.00041316812293949604, -0.005894839178354859, -0.011844201862570687], [0.005894390984735244, -0.0010777236820691538, 0.9999820471721401, 0.021330346739972784], [-0.00041951371318780985, -0.999999333901662, -0.0010752694904783144, 0.0394542264978937], [0.0, 0.0, 0.0, 1.0]]}, "Hobj2base": {"type": "ndarray", "data": [[0.9999967406116954, 0.00040889277224149205, 0.002520232665119476, -0.7388324730209666], [0.000405217440483886, -0.9999988540418925, 0.0014586684775116671, 0.09290090627636069], [0.0025208262160359724, -0.0014576424809147077, -0.9999957603478058, 0.0075061070352681475], [0.0, 0.0, 0.0, 1.0]]}, "mean_rme": {"type": "float", "data": 0.0019529899917363838}, "max_rme": {"type": "float", "data": 0.00732847132275205}, "simu": {"type": "float", "data": 0.002}}, {"type": "dict", "image_number": {"type": "int", "data": 9}, "Hcamera2end": {"type": "ndarray", "data": [[0.9999824628018561, -0.00013278302342848098, -0.005920849381900876, -0.011960240255003536], [0.005920886166743291, 0.00027836913387147, 0.999982432654507, 0.021853325163443533], [-0.00013113250906900955, -0.9999999524396459, 0.00027915044522330845, 0.0372680348160861], [0.0, 0.0, 0.0, 1.0]]}, "Hobj2base": {"type": "ndarray", "data": [[0.9999993600914712, 0.0001903533941110938, 0.001115160182934295, -0.7377662047593647], [0.00018968072402206204, -0.9999998000374459, 0.0006032796131796081, 0.09308737602632881], [0.0011152747962659831, -0.0006030677027449388, -0.9999991962354147, 0.007079882639651881], [0.0, 0.0, 0.0, 1.0]]}, "mean_rme": {"type": "float", "data": 0.0018292269110245624}, "max_rme": {"type": "float", "data": 0.007259893819548363}, "simu": {"type": "float", "data": 0.002}}, {"type": "dict", "image_number": {"type": "int", "data": 10}, "Hcamera2end": {"type": "ndarray", "data": [[0.9999852850142406, -0.0001384317366270641, -0.005423153293282704, -0.011938684889673219], [0.005423213441472162, 0.00043788399323418936, 0.9999851983972445, 0.022213114446084217], [-0.00013605497559550633, -0.9999998945471258, 0.0004386282946322595, 0.03720623817489105], [0.0, 0.0, 0.0, 1.0]]}, "Hobj2base": {"type": "ndarray", "data": [[0.9999994857470601, 0.00018367195452062757, 0.0009973816863935866, -0.7378599331137812], [0.00018311119571142094, -0.9999998251483542, 0.000562293119058154, 0.09341086892558573], [0.0009974847894759478, -0.0005621101981440883, -0.9999993445278954, 0.007012539595664102], [0.0, 0.0, 0.0, 1.0]]}, "mean_rme": {"type": "float", "data": 0.0017602754648856052}, "max_rme": {"type": "float", "data": 0.00707778673970727}, "simu": {"type": "float", "data": 0.002}}, {"type": "dict", "image_number": {"type": "int", "data": 11}, "Hcamera2end": {"type": "ndarray", "data": [[0.999987700517097, -4.889146691193155e-06, -0.004959716788801959, -0.012421357085524824], [0.004959719084398944, 0.0012003467889011299, 0.9999869800923361, 0.022261561365959106], [1.064297086342779e-06, -0.9999992795715819, 0.0012003562740504625, 0.03550450429968853], [0.0, 0.0, 0.0, 1.0]]}, "Hobj2base": {"type": "ndarray", "data": [[0.9999999867598159, -8.255408328189236e-05, 0.00014023263259480896, -0.7366364751299229], [-8.266118354882349e-05, -0.9999997048128235, 0.0007638988116134321, 0.09353989095656635], [0.0001401695282338212, -0.0007639103932946538, -0.9999996983966617, 0.00707541192435586], [0.0, 0.0, 0.0, 1.0]]}, "mean_rme": {"type": "float", "data": 0.0017179183090715575}, "max_rme": {"type": "float", "data": 0.007219365499180813}, "simu": {"type": "float", "data": 0.002}}, {"type": "dict", "image_number": {"type": "int", "data": 12}, "Hcamera2end": {"type": "ndarray", "data": [[0.9999897739534537, 0.00018537798027674695, -0.004518586452097565, -0.012635318110667627], [0.004518435209125864, 0.0008083265089153802, 0.9999894651202661, 0.02175287643369066], [0.00018902852055407548, -0.9999996561215705, 0.0008074806245378374, 0.035435271252447324], [0.0, 0.0, 0.0, 1.0]]}, "Hobj2base": {"type": "ndarray", "data": [[0.9999999499348763, 0.00031375055966105915, -4.11197192223601e-05, -0.7367201683135486], [0.00031377436174165904, -0.9999997824997973, 0.0005801258546748066, 0.09360604802624038], [-4.093769546723477e-05, -0.0005801387279443878, -0.9999998308815661, 0.007440966124981713], [0.0, 0.0, 0.0, 1.0]]}, "mean_rme": {"type": "float", "data": 0.001750877960677937}, "max_rme": {"type": "float", "data": 0.007579860164656199}, "simu": {"type": "float", "data": 0.002}}, {"type": "dict", "image_number": {"type": "int", "data": 13}, "Hcamera2end": {"type": "ndarray", "data": [[0.9999901158915824, 0.00027122550236773416, -0.0044378548721857895, -0.012950310347466317], [0.004437585548494144, 0.0009856515515035413, 0.9999896681093852, 0.02189502705753525], [0.00027559687863562814, -0.9999994774637362, 0.000984438222846995, 0.03492661993605771], [0.0, 0.0, 0.0, 1.0]]}, "Hobj2base": {"type": "ndarray", "data": [[0.9999999331564708, 0.00030359344871658966, -0.0002037598384906694, -0.7362133737413001], [0.0003037011825197898, -0.9999998140115678, 0.0005289068170107546, 0.09351318368421493], [-0.00020359922794907054, -0.0005289686637606559, -0.9999998393697405, 0.007336164882256259], [0.0, 0.0, 0.0, 1.0]]}, "mean_rme": {"type": "float", "data": 0.0017101471086027917}, "max_rme": {"type": "float", "data": 0.007625602082246746}, "simu": {"type": "float", "data": 0.002}}, {"type": "dict", "image_number": {"type": "int", "data": 14}, "Hcamera2end": {"type": "ndarray", "data": [[0.9999906460916641, 0.0002654904953942362, -0.004317087440981558, -0.013177008064193687], [0.0043168132920083915, 0.0010246593939536863, 0.9999901575496272, 0.02173570602230985], [0.00026991142651813186, -0.9999994397938047, 0.0010235037364841881, 0.03459823079070627], [0.0, 0.0, 0.0, 1.0]]}, "Hobj2base": {"type": "ndarray", "data": [[0.9999999294573644, 0.0003161190566795563, -0.00020286450722988738, -0.7360114087604596], [0.000316253911460307, -0.9999997288356137, 0.0006650655328456859, 0.0932232983752215], [-0.00020265421233138446, -0.0006651296426241183, -0.9999997582668854, 0.007439602147961902], [0.0, 0.0, 0.0, 1.0]]}, "mean_rme": {"type": "float", "data": 0.001725325911138717}, "max_rme": {"type": "float", "data": 0.00754147532186214}, "simu": {"type": "float", "data": 0.002}}, {"type": "dict", "image_number": {"type": "int", "data": 15}, "Hcamera2end": {"type": "ndarray", "data": [[0.9999907480800939, 0.00010313364306188027, -0.004300362503993048, -0.012763894063064008], [0.004300247795988522, 0.001087788921331878, 0.999990162243687, 0.02161476416557081], [0.00010781051514778713, -0.9999994030391789, 0.0010873353569745836, 0.03447496560783049], [0.0, 0.0, 0.0, 1.0]]}, "Hobj2base": {"type": "ndarray", "data": [[0.9999999623606207, 0.00020389956089849928, -0.00018358574648742816, -0.735731681531057], [0.00020403014991307727, -0.9999997260078937, 0.0007115868436385754, 0.0935520599676526], [-0.0001834406039414237, -0.0007116242738822659, -0.9999997299701826, 0.007200092703379172], [0.0, 0.0, 0.0, 1.0]]}, "mean_rme": {"type": "float", "data": 0.0017819712850344668}, "max_rme": {"type": "float", "data": 0.007540428394808174}, "simu": {"type": "float", "data": 0.002}}, {"type": "dict", "image_number": {"type": "int", "data": 16}, "Hcamera2end": {"type": "ndarray", "data": [[0.9999918743244163, 0.00025127553065827255, -0.004023449483773664, -0.012892741298933228], [0.004023208060659238, 0.0009540168809116789, 0.9999914517878098, 0.02173910286910069], [0.00025511182142873355, -0.999999513356081, 0.0009529981951396094, 0.0344938505911903], [0.0, 0.0, 0.0, 1.0]]}, "Hobj2base": {"type": "ndarray", "data": [[0.9999999119515142, 0.00041869695374069555, -2.8103822313907646e-05, -0.7357311070869972], [0.00041872011574108493, -0.9999995684878822, 0.0008292752945182678, 0.09348175776489584], [-2.7756595147140544e-05, -0.000829286989137566, -0.9999996557562711, 0.007133892842686753], [0.0, 0.0, 0.0, 1.0]]}, "mean_rme": {"type": "float", "data": 0.001691544121144457}, "max_rme": {"type": "float", "data": 0.007410544787784801}, "simu": {"type": "float", "data": 0.002}}, {"type": "dict", "image_number": {"type": "int", "data": 17}, "Hcamera2end": {"type": "ndarray", "data": [[0.9999919555187771, 0.000423666963263945, -0.003988659428483076, -0.013117335817298752], [0.003988111082232645, 0.0012873399706906374, 0.9999912188243432, 0.021911373727215237], [0.0004287980036816782, -0.9999990816306301, 0.001285639983797049, 0.033801955036488925], [0.0, 0.0, 0.0, 1.0]]}, "Hobj2base": {"type": "ndarray", "data": [[0.9999998490926173, 0.00041204572487861914, -0.000363363541340576, -0.7351908747036301], [0.00041230981727902606, -0.9999996507181286, 0.0007270242329176399, 0.09344099837225447], [-0.0003630638471972214, -0.0007271739415596518, -0.9999996697012961, 0.007139548646089762], [0.0, 0.0, 0.0, 1.0]]}, "mean_rme": {"type": "float", "data": 0.0016604800429011518}, "max_rme": {"type": "float", "data": 0.007437708651625352}, "simu": {"type": "float", "data": 0.002}}, {"type": "dict", "image_number": {"type": "int", "data": 18}, "Hcamera2end": {"type": "ndarray", "data": [[0.9999926929178593, 0.00047681774949343285, -0.0037929877038705953, -0.01333460359194804], [0.003792481110692177, 0.0010588981996061397, 0.9999922478807662, 0.02206872796045177], [0.0004808304409961426, -0.9999993256894909, 0.0010570821398417918, 0.03429833888882824], [0.0, 0.0, 0.0, 1.0]]}, "Hobj2base": {"type": "ndarray", "data": [[0.9999998409226389, 0.0005527771858562903, -0.00011221443624781368, -0.735577200507087], [0.0005528706889835706, -0.9999994986043488, 0.0008349401492380701, 0.093350821222204], [-0.00011175284411792906, -0.0008350020564906767, -0.9999996451413711, 0.0069124680543228845], [0.0, 0.0, 0.0, 1.0]]}, "mean_rme": {"type": "float", "data": 0.0016419463577210462}, "max_rme": {"type": "float", "data": 0.007381016168279714}, "simu": {"type": "float", "data": 0.002}}, {"type": "dict", "image_number": {"type": "int", "data": 19}, "Hcamera2end": {"type": "ndarray", "data": [[0.9999930445020152, 0.00036483227534172494, -0.003711851963837668, -0.013468405412370963], [0.0037114040259089163, 0.0012208941312001897, 0.9999923674197104, 0.022123626009522213], [0.00036936126900862496, -0.9999991881571362, 0.001219531599298107, 0.03415851776986534], [0.0, 0.0, 0.0, 1.0]]}, "Hobj2base": {"type": "ndarray", "data": [[0.9999998872043476, 0.00041197984004259937, -0.00023635546001281034, -0.7354613563576836], [0.00041215827140411357, -0.9999996297657525, 0.0007553766724471791, 0.09330961002121263], [-0.00023604417254523773, -0.0007554740031018103, -0.9999996867710406, 0.006887064831222937], [0.0, 0.0, 0.0, 1.0]]}, "mean_rme": {"type": "float", "data": 0.001582356406484009}, "max_rme": {"type": "float", "data": 0.007337877580823632}, "simu": {"type": "float", "data": 0.002}}, {"type": "dict", "image_number": {"type": "int", "data": 20}, "Hcamera2end": {"type": "ndarray", "data": [[0.9999936308485259, -0.00023495857566639602, -0.0035613279615570384, -0.0134613609928101], [0.0035616334631286225, 0.0013128889104719876, 0.999992795518939, 0.022314092759479147], [-0.00023028125492450592, -0.9999991105581926, 0.001313717384809232, 0.03408030452421566], [0.0, 0.0, 0.0, 1.0]]}, "Hobj2base": {"type": "ndarray", "data": [[0.9999999907374505, -0.00013550554792200067, -1.2780665855638802e-05, -0.7355222686867205], [-0.00013549797727470606, -0.999999816472688, 0.000590503927385127, 0.09325891952968528], [-1.286068006826797e-05, -0.0005905021901611835, -0.9999998255708678, 0.006668000652762393], [0.0, 0.0, 0.0, 1.0]]}, "mean_rme": {"type": "float", "data": 0.0016517705279558805}, "max_rme": {"type": "float", "data": 0.006953179885533262}, "simu": {"type": "float", "data": 0.002}}, {"type": "dict", "image_number": {"type": "int", "data": 21}, "Hcamera2end": {"type": "ndarray", "data": [[0.9999939188175748, -0.00029319952707387354, -0.0034751060281521173, -0.01361950661298873], [0.0034755663237198324, 0.0015842799927128226, 0.9999927052212099, 0.022574611066385863], [-0.000287691847295226, -0.9999987020446284, 0.0015852893928196554, 0.033488859303192356], [0.0, 0.0, 0.0, 1.0]]}, "Hobj2base": {"type": "ndarray", "data": [[0.9999999427614553, -0.00025685446273561056, -0.00022023367353458584, -0.7350243328029998], [-0.00025673187067894637, -0.9999998122020828, 0.0005564930781144081, 0.09332772428145307], [-0.0002203765699057558, -0.0005564365052585611, -0.9999998209062757, 0.006594365643170034], [0.0, 0.0, 0.0, 1.0]]}, "mean_rme": {"type": "float", "data": 0.0016929444223417534}, "max_rme": {"type": "float", "data": 0.0069328227233552975}, "simu": {"type": "float", "data": 0.002}}, {"type": "dict", "image_number": {"type": "int", "data": 22}, "Hcamera2end": {"type": "ndarray", "data": [[0.9999946232545865, -0.0004174343807340961, -0.0032525698232667034, -0.013657235629018466], [0.0032532614496346606, 0.0016670067049545656, 0.9999933186669729, 0.022814090032155482], [-0.0004120095360122624, -0.9999985234175017, 0.0016683557650625236, 0.03352445276271203], [0.0, 0.0, 0.0, 1.0]]}, "Hobj2base": {"type": "ndarray", "data": [[0.9999999371976839, -0.00030555945626389706, -0.00017954956667932818, -0.7349972777087079], [-0.0003054464028607592, -0.9999997553164623, 0.0006293405358784176, 0.09347848363666204], [-0.0001797418236984529, -0.000629285653585097, -0.9999997858461984, 0.006490765818262092], [0.0, 0.0, 0.0, 1.0]]}, "mean_rme": {"type": "float", "data": 0.0017346053120301736}, "max_rme": {"type": "float", "data": 0.006849106840785435}, "simu": {"type": "float", "data": 0.002}}, {"type": "dict", "image_number": {"type": "int", "data": 23}, "Hcamera2end": {"type": "ndarray", "data": [[0.9999946759400067, -0.0004002695043307659, -0.003238499029621233, -0.013670674785137678], [0.0032392241745449048, 0.0018244688581026125, 0.9999930893461878, 0.022890914069668603], [-0.0003943581975802506, -0.9999982555473333, 0.0018257557071756914, 0.03340467825330572], [0.0, 0.0, 0.0, 1.0]]}, "Hobj2base": {"type": "ndarray", "data": [[0.9999999057079867, -0.00034451843606937157, -0.0002643691828569247, -0.7349628056630672], [-0.00034438077461490237, -0.9999998051961918, 0.0005205856894334184, 0.09345402772726111], [-0.0002645484827243648, -0.0005204945966823691, -0.9999998295497228, 0.006408572154050845], [0.0, 0.0, 0.0, 1.0]]}, "mean_rme": {"type": "float", "data": 0.0016702582990439597}, "max_rme": {"type": "float", "data": 0.006773786925595993}, "simu": {"type": "float", "data": 0.002}}, {"type": "dict", "image_number": {"type": "int", "data": 24}, "Hcamera2end": {"type": "ndarray", "data": [[0.9999943425495322, -0.0003870413127985612, -0.003341417057332321, -0.013832443768471519], [0.003342141284148045, 0.0018859037565671644, 0.99999263670222, 0.025818116014437266], [-0.0003807368719174406, -0.9999981467813046, 0.0018871866339102983, 0.03334363247744662], [0.0, 0.0, 0.0, 1.0]]}, "Hobj2base": {"type": "ndarray", "data": [[0.9999998749430231, -0.00036638336825579377, -0.00034040735239812195, -0.7350935385497107], [-0.00036626522720522247, -0.9999998727011536, 0.0003470554134068606, 0.0917812238244365], [-0.00034053446439599413, -0.0003469306906288914, -0.9999998818376803, 0.00399067699680411], [0.0, 0.0, 0.0, 1.0]]}, "mean_rme": {"type": "float", "data": 0.001697128497045723}, "max_rme": {"type": "float", "data": 0.009236151938587095}, "simu": {"type": "float", "data": 0.002}}, {"type": "dict", "image_number": {"type": "int", "data": 25}, "Hcamera2end": {"type": "ndarray", "data": [[0.9999939909350868, -0.0005029506774384556, -0.003430034159243816, -0.013390302009198055], [0.0034311766385900916, 0.00228856357212448, 0.9999914947156557, 0.02603327184682621], [-0.0004950965484719449, -0.9999972547549282, 0.002290275532612185, 0.032813991520043044], [0.0, 0.0, 0.0, 1.0]]}, "Hobj2base": {"type": "ndarray", "data": [[0.9999996168856291, -0.0006133449333634034, -0.0006245290927741673, -0.734956709131616], [-0.0006132691906206737, -0.9999998045736735, 0.00012146404723218878, 0.09217826934278812], [-0.0006246034700826967, -0.00012108099624632206, -0.9999997976049284, 0.0036486773715083487], [0.0, 0.0, 0.0, 1.0]]}, "mean_rme": {"type": "float", "data": 0.0017625825132215108}, "max_rme": {"type": "float", "data": 0.009095967193742976}, "simu": {"type": "float", "data": 0.002}}, {"type": "dict", "image_number": {"type": "int", "data": 26}, "Hcamera2end": {"type": "ndarray", "data": [[0.9999950231661674, -0.0002269947475382315, -0.0031467628256679273, -0.013680784281346512], [0.0031472812105405997, 0.0023206698527378222, 0.9999923545269817, 0.02598625691253533], [-0.0002196904144327696, -0.9999972814787145, 0.0023213727194534295, 0.03251102194754623], [0.0, 0.0, 0.0, 1.0]]}, "Hobj2base": {"type": "ndarray", "data": [[0.9999997403928517, -0.00032751398605107275, -0.0006418323910775746, -0.7347879912589376], [-0.0003272726977797034, -0.9999998757561952, 0.0003760055514061748, 0.09191342764218438], [-0.0006419554584107948, -0.0003757953995742954, -0.9999997233354649, 0.003805028942424795], [0.0, 0.0, 0.0, 1.0]]}, "mean_rme": {"type": "float", "data": 0.0017445527417865735}, "max_rme": {"type": "float", "data": 0.00901972157217315}, "simu": {"type": "float", "data": 0.002}}, {"type": "dict", "image_number": {"type": "int", "data": 27}, "Hcamera2end": {"type": "ndarray", "data": [[0.9999950703158357, -0.00028343488390506085, -0.0031271406577487366, -0.013671176969237732], [0.003127791584070984, 0.002325977291579573, 0.999992403345868, 0.025896579057293364], [-0.0002761590725907808, -0.9999972547433844, 0.0023268523504906824, 0.03257089475484116], [0.0, 0.0, 0.0, 1.0]]}, "Hobj2base": {"type": "ndarray", "data": [[0.9999997233650105, -0.00036529039152858917, -0.0006479450843225471, -0.7348302086271474], [-0.00036503948427088755, -0.9999998583680256, 0.0003873113781833737, 0.09192304931372905], [-0.0006480864736777857, -0.00038707474550007774, -0.9999997150784914, 0.0039022303841578644], [0.0, 0.0, 0.0, 1.0]]}, "mean_rme": {"type": "float", "data": 0.0017092869349191787}, "max_rme": {"type": "float", "data": 0.009054138068586043}, "simu": {"type": "float", "data": 0.002}}, {"type": "dict", "image_number": {"type": "int", "data": 28}, "Hcamera2end": {"type": "ndarray", "data": [[0.9999953516136263, -0.00042911829737103126, -0.003018709761943297, -0.013741881771700678], [0.0030196958495525596, 0.002316170821944241, 0.9999927583686294, 0.025872731193043536], [-0.0004221233423839755, -0.9999972256012568, 0.0023174558622288677, 0.03263537523951672], [0.0, 0.0, 0.0, 1.0]]}, "Hobj2base": {"type": "ndarray", "data": [[0.999999674454411, -0.0005163594234917983, -0.0006200516252217517, -0.7347970487850958], [-0.0005160706809801402, -0.9999997583764388, 0.0004657446893811158, 0.09197071654666443], [-0.0006202919670619733, -0.00046542454729551553, -0.9999996993088878, 0.004010986647479393], [0.0, 0.0, 0.0, 1.0]]}, "mean_rme": {"type": "float", "data": 0.0017048182582453002}, "max_rme": {"type": "float", "data": 0.009103238414835374}, "simu": {"type": "float", "data": 0.002}}, {"type": "dict", "image_number": {"type": "int", "data": 29}, "Hcamera2end": {"type": "ndarray", "data": [[0.9999955881220541, -0.00031466614162452646, -0.0029537639794466096, -0.013670855668277408], [0.0029544851689365624, 0.002316654304790333, 0.9999929520402726, 0.02592549777887989], [-0.0003078210738319126, -0.9999972670452912, 0.002317573760442837, 0.03258518374207518], [0.0, 0.0, 0.0, 1.0]]}, "Hobj2base": {"type": "ndarray", "data": [[0.9999996856307433, -0.0004200403925980037, -0.0006725358602628917, -0.7348235616896701], [-0.0004197089917760288, -0.9999997904822522, 0.0004928283817194707, 0.09207520147361578], [-0.0006727427271816337, -0.0004925459574415344, -0.999999652407791, 0.004029585449151142], [0.0, 0.0, 0.0, 1.0]]}, "mean_rme": {"type": "float", "data": 0.0017174164696354848}, "max_rme": {"type": "float", "data": 0.00910258128664801}, "simu": {"type": "float", "data": 0.002}}, {"type": "dict", "image_number": {"type": "int", "data": 30}, "Hcamera2end": {"type": "ndarray", "data": [[0.9999958408023112, -0.00023654629950883702, -0.002874443237731948, -0.013711871008725372], [0.002874977562057508, 0.0022904002755070874, 0.9999932442624778, 0.02608490023968056], [-0.0002299610758804947, -0.9999973490526993, 0.0022910708145830183, 0.03244226085500263], [0.0, 0.0, 0.0, 1.0]]}, "Hobj2base": {"type": "ndarray", "data": [[0.9999996855150574, -0.0003567131057298597, -0.0007083258759232246, -0.734695963575856], [-0.00035632095339437, -0.9999997832359564, 0.000553681693440881, 0.09217747728511974], [-0.0007085232279000969, -0.0005534291279649026, -0.999999595855436, 0.003960615931213381], [0.0, 0.0, 0.0, 1.0]]}, "mean_rme": {"type": "float", "data": 0.0017362544374126601}, "max_rme": {"type": "float", "data": 0.009133345228409584}, "simu": {"type": "float", "data": 0.002}}]}