{"type": "list", "data": [{"type": "dict", "image_number": {"type": "int", "data": 5}, "Hcamera2end": {"type": "ndarray", "data": [[0.9999987633633217, -0.0006840380188780403, 0.0014161086879500313, -0.018864626820443972], [-0.0014160051195791314, 0.00015186791059551563, 0.9999989859323053, 0.019963243985318277], [-0.0006842523866847985, -0.9999997545140331, 0.00015089912145338502, 0.029041514950157325], [0.0, 0.0, 0.0, 1.0]]}, "Hobj2base": {"type": "ndarray", "data": [[0.9999984521325301, -0.0003830875341020872, 0.0017172584211430138, -0.7322508296875746], [-0.0003818521081163895, -0.9999996681191772, -0.000719687781135275, 0.08731485073390799], [0.001717533554635275, 0.0007190309284056761, -0.9999982665350036, 0.006547139695344195], [0.0, 0.0, 0.0, 1.0]]}, "mean_rme": {"type": "float", "data": 0.0016097659348485152}, "max_rme": {"type": "float", "data": 0.0056663018546441075}, "simu": {"type": "float", "data": 0.002}}, {"type": "dict", "image_number": {"type": "int", "data": 6}, "Hcamera2end": {"type": "ndarray", "data": [[0.9999961960430597, -0.0011540389482389232, 0.0025052132676622995, -0.019479727542705334], [-0.0025056600610822975, -0.00038587328637307294, 0.9999967863795687, 0.02005704233448385], [-0.001153068544719122, -0.9999992596476821, -0.00038876344782923233, 0.03041371182919781], [0.0, 0.0, 0.0, 1.0]]}, "Hobj2base": {"type": "ndarray", "data": [[0.9999975153989007, -0.0008804116177888744, 0.0020479432141971596, -0.7333346254814224], [-0.0008817024361462308, -0.9999994131761532, 0.0006294824564029279, 0.0870121899259549], [0.0020473878087474335, -0.0006312865689111715, -0.9999977048375801, 0.006155375349979657], [0.0, 0.0, 0.0, 1.0]]}, "mean_rme": {"type": "float", "data": 0.0015271267493194482}, "max_rme": {"type": "float", "data": 0.0061410537734394016}, "simu": {"type": "float", "data": 0.002}}, {"type": "dict", "image_number": {"type": "int", "data": 7}, "Hcamera2end": {"type": "ndarray", "data": [[0.9999982210363391, 0.0008242307791166395, 0.0016966342504904182, -0.01586395544995104], [-0.0016976059267715825, 0.0011796228780523998, 0.9999978633097087, 0.01953188171108857], [0.0008222276294131704, -0.9999989645662081, 0.0011810199986017622, 0.029647354525794936], [0.0, 0.0, 0.0, 1.0]]}, "Hobj2base": {"type": "ndarray", "data": [[0.9999996177036082, 0.0008695412395763128, 9.214483238173407e-05, -0.7325598451197681], [0.0008695196325817651, -0.9999995945263458, 0.0002342706817538197, 0.08964520446725312], [9.234850303844078e-05, -0.0002341904704521865, -0.9999999683132881, 0.006860110511881464], [0.0, 0.0, 0.0, 1.0]]}, "mean_rme": {"type": "float", "data": 0.0017173585731977475}, "max_rme": {"type": "float", "data": 0.005928053246327173}, "simu": {"type": "float", "data": 0.002}}, {"type": "dict", "image_number": {"type": "int", "data": 8}, "Hcamera2end": {"type": "ndarray", "data": [[0.9999976292862609, 0.0015409952710046828, 0.0015384262844568188, -0.015866347060175888], [-0.001540227158905529, 0.0011681395013981577, 0.9999981315734565, 0.02164824225601528], [0.0015391952952553518, -0.9999981303900922, 0.0011705102148419355, 0.02967346174007046], [0.0, 0.0, 0.0, 1.0]]}, "Hobj2base": {"type": "ndarray", "data": [[0.9999987061128633, 0.0015713083650226113, 0.0003446195309621553, -0.7324451224961787], [0.001571370309280642, -0.9999987492778357, -0.0001795497551356485, 0.08999023273546515], [0.0003443369719066874, 0.0001800910477174821, -0.9999999244996289, 0.004772082655550985], [0.0, 0.0, 0.0, 1.0]]}, "mean_rme": {"type": "float", "data": 0.0016607001751768452}, "max_rme": {"type": "float", "data": 0.004749611181918273}, "simu": {"type": "float", "data": 0.002}}, {"type": "dict", "image_number": {"type": "int", "data": 9}, "Hcamera2end": {"type": "ndarray", "data": [[0.9999969693138689, 0.002038192402008427, 0.0013809905175100837, -0.01728288337132007], [-0.0013842553551191093, 0.001601289449079668, 0.9999977598520972, 0.02175422424933986], [0.0020359764706110233, -0.9999966408162745, 0.0016041059748210795, 0.030464240447787123], [0.0, 0.0, 0.0, 1.0]]}, "Hobj2base": {"type": "ndarray", "data": [[0.9999979851273535, 0.001996357218105195, -0.00021047349220161096, -0.7338522862640838], [0.0019963235706290964, -0.9999979945513386, -0.000159954688792354, 0.08874704446488764], [-0.00021079239680536812, 0.0001595341933105522, -0.9999999650577029, 0.005244028605391588], [0.0, 0.0, 0.0, 1.0]]}, "mean_rme": {"type": "float", "data": 0.0017810184913460395}, "max_rme": {"type": "float", "data": 0.004497632212424829}, "simu": {"type": "float", "data": 0.002}}, {"type": "dict", "image_number": {"type": "int", "data": 10}, "Hcamera2end": {"type": "ndarray", "data": [[0.9999973146678619, 0.0021169378916494038, 0.0009429904708010529, -0.01620852313991266], [-0.0009465968494522768, 0.001703227582472322, 0.9999981014833014, 0.021588836968277587], [0.0021153277452275895, -0.9999963087880702, 0.0017052268954792504, 0.028312373832741853], [0.0, 0.0, 0.0, 1.0]]}, "Hobj2base": {"type": "ndarray", "data": [[0.9999977561373945, 0.0020785042571298843, -0.0004093167835268656, -0.731726078336603], [0.0020782415336158535, -0.9999976348580355, -0.0006412413451272635, 0.08933165808027678], [-0.00041064863830025884, 0.0006403892471298565, -0.9999997106346119, 0.004967491484893283], [0.0, 0.0, 0.0, 1.0]]}, "mean_rme": {"type": "float", "data": 0.0019115581505580353}, "max_rme": {"type": "float", "data": 0.0046618665620278}, "simu": {"type": "float", "data": 0.002}}, {"type": "dict", "image_number": {"type": "int", "data": 11}, "Hcamera2end": {"type": "ndarray", "data": [[0.999998650852766, 0.0015477081870023154, 0.0005503562626306244, -0.015765112109307894], [-0.0005527982447431541, 0.00157782034013354, 0.9999986024475612, 0.021983241265835077], [0.001546837660693465, -0.9999975575381886, 0.0015786737817907737, 0.02844401088195366], [0.0, 0.0, 0.0, 1.0]]}, "Hobj2base": {"type": "ndarray", "data": [[0.9999987881252492, 0.0015535736988916827, -0.00010078092630555504, -0.7320172235249391], [0.0015535046625940571, -0.9999985610807998, -0.0006815127246253465, 0.08939649706850258], [-0.00010183956153438309, 0.000681355335078367, -0.9999997626917776, 0.004701876870457381], [0.0, 0.0, 0.0, 1.0]]}, "mean_rme": {"type": "float", "data": 0.0019170746978487883}, "max_rme": {"type": "float", "data": 0.0046743177610100994}, "simu": {"type": "float", "data": 0.002}}, {"type": "dict", "image_number": {"type": "int", "data": 12}, "Hcamera2end": {"type": "ndarray", "data": [[0.9999982782532385, 0.0015143401470595337, 0.0010725038356638927, -0.016456422676180204], [-0.0010739865283892016, 0.0009786280245481782, 0.9999989444195059, 0.022504619856348773], [0.0015132889662415976, -0.9999983745292329, 0.0009802527205158285, 0.029968025949398985], [0.0, 0.0, 0.0, 1.0]]}, "Hobj2base": {"type": "ndarray", "data": [[0.9999987165069654, 0.001565354990061283, 0.0003415379582201241, -0.7330472678070157], [0.0015653542924285108, -0.9999987748295511, 2.309926052053204e-06, 0.08862210867495117], [0.00034154115563218276, -1.7752951783520653e-06, -0.9999999416732419, 0.00419617869459916], [0.0, 0.0, 0.0, 1.0]]}, "mean_rme": {"type": "float", "data": 0.0017973723484414235}, "max_rme": {"type": "float", "data": 0.004903538358378118}, "simu": {"type": "float", "data": 0.002}}, {"type": "dict", "image_number": {"type": "int", "data": 13}, "Hcamera2end": {"type": "ndarray", "data": [[0.9999992319945316, 0.000675136176984386, 0.0010393274217626357, -0.01558128050526639], [-0.0010398577676851387, 0.0007856637083739626, 0.99999915071382, 0.022949591464401634], [0.0006743190417641638, -0.9999994634616964, 0.0007863651505778391, 0.031008303275831275], [0.0, 0.0, 0.0, 1.0]]}, "Hobj2base": {"type": "ndarray", "data": [[0.9999995159224766, 0.000786744684906666, 0.0005909209872393353, -0.7341522925990266], [0.0007867355708384148, -0.9999996904009709, 1.565578828137912e-05, 0.08929017077852847], [0.0005909331213989898, -1.5190882142547766e-05, -0.9999998252836262, 0.0037253832298041853], [0.0, 0.0, 0.0, 1.0]]}, "mean_rme": {"type": "float", "data": 0.0018773897688775147}, "max_rme": {"type": "float", "data": 0.0049725702772168145}, "simu": {"type": "float", "data": 0.002}}, {"type": "dict", "image_number": {"type": "int", "data": 14}, "Hcamera2end": {"type": "ndarray", "data": [[0.9999992006705158, 0.0006650640890755691, 0.0010753362668441079, -0.01557484678299026], [-0.0010757646308978551, 0.0006440724107064089, 0.9999992139502857, 0.02289414709768984], [0.0006643709718804252, -0.9999995714301521, 0.0006447873483046429, 0.03094163603206094], [0.0, 0.0, 0.0, 1.0]]}, "Hobj2base": {"type": "ndarray", "data": [[0.9999994955381919, 0.0006874061383088069, 0.0007323907173251762, -0.7339951040166645], [0.0006872817902230303, -0.999999749368105, 0.00017002196278919192, 0.08945236935206995], [0.0007325074079055715, -0.0001695185182162592, -0.9999997173481447, 0.003642740582230654], [0.0, 0.0, 0.0, 1.0]]}, "mean_rme": {"type": "float", "data": 0.0018396116769228753}, "max_rme": {"type": "float", "data": 0.004894198139309858}, "simu": {"type": "float", "data": 0.002}}, {"type": "dict", "image_number": {"type": "int", "data": 15}, "Hcamera2end": {"type": "ndarray", "data": [[0.9999997516055884, -8.360703004544262e-05, 0.0006998561466852525, -0.015850007120336698], [-0.0006997879848782821, 0.0008125302968440273, 0.9999994250454811, 0.024459787022486076], [-8.417563629781714e-05, -0.9999996664021349, 0.0008124715878209399, 0.03086302812772702], [0.0, 0.0, 0.0, 1.0]]}, "Hobj2base": {"type": "ndarray", "data": [[0.99999967094644, -8.223421805207179e-05, 0.0008070591954645606, -0.7338770534180848], [-8.233488744049446e-05, -0.9999999888349846, 0.00012470363332297635, 0.08897255911537355], [0.0008070489315479581, -0.00012477004141681828, -0.9999996665521735, 0.002392467563216161], [0.0, 0.0, 0.0, 1.0]]}, "mean_rme": {"type": "float", "data": 0.0017952454873256106}, "max_rme": {"type": "float", "data": 0.004347279500820894}, "simu": {"type": "float", "data": 0.002}}, {"type": "dict", "image_number": {"type": "int", "data": 16}, "Hcamera2end": {"type": "ndarray", "data": [[0.9999997286204756, 0.00012152825699696443, 0.0007266291061235244, -0.015680017089970705], [-0.0007266767022026048, 0.0003920616701610369, 0.9999996591142505, 0.024434139678733802], [0.00012124333214877901, -0.9999999157592613, 0.00039214987551650093, 0.03175526975993693], [0.0, 0.0, 0.0, 1.0]]}, "Hobj2base": {"type": "ndarray", "data": [[0.9999992233735624, 7.085384332945679e-05, 0.0012442797133038427, -0.734403841002389], [7.08455314129102e-05, -0.9999999974678482, 6.724177495716038e-06, 0.08931837507163798], [0.0012442801865869563, -6.636020616026709e-06, -0.9999992258610908, 0.0023922441479602846], [0.0, 0.0, 0.0, 1.0]]}, "mean_rme": {"type": "float", "data": 0.0018027343820468328}, "max_rme": {"type": "float", "data": 0.004143298373184945}, "simu": {"type": "float", "data": 0.002}}, {"type": "dict", "image_number": {"type": "int", "data": 17}, "Hcamera2end": {"type": "ndarray", "data": [[0.9999996585717189, 0.00016646332550579153, 0.0008094111482573197, -0.015985820012027106], [-0.0008094558749780403, 0.00026879651014377615, 0.9999996362647452, 0.024438994874016594], [0.00016624569806528844, -0.9999999500191974, 0.0002689311630857949, 0.031933197273213566], [0.0, 0.0, 0.0, 1.0]]}, "Hobj2base": {"type": "ndarray", "data": [[0.9999991563403965, 0.00011348971073574543, 0.0012940009972345003, -0.7343095212593905], [0.00011330927238950441, -0.9999999838483342, 0.00013951465882546175, 0.089035756169371], [0.001294016809812502, -0.00013936791881111207, -0.9999991530481809, 0.0023788461064012407], [0.0, 0.0, 0.0, 1.0]]}, "mean_rme": {"type": "float", "data": 0.0017637309675648566}, "max_rme": {"type": "float", "data": 0.004193159589564843}, "simu": {"type": "float", "data": 0.002}}, {"type": "dict", "image_number": {"type": "int", "data": 18}, "Hcamera2end": {"type": "ndarray", "data": [[0.9999995041908948, -0.00018431508535360846, 0.000978593845265848, -0.015745778490178212], [-0.0009785225042442248, 0.00038675341558125353, 0.9999994464575986, 0.024476388166382142], [-0.0001846934578395166, -0.999999908224868, 0.0003865728673665414, 0.03170669846592814], [0.0, 0.0, 0.0, 1.0]]}, "Hobj2base": {"type": "ndarray", "data": [[0.9999993254739694, -0.00019041805811656522, 0.0011457716043595566, -0.7342309401586872], [-0.00019070159278320714, -0.9999999512235571, 0.0002473576062546898, 0.08946110856154871], [0.0011457244471178504, -0.0002475759398754627, -0.9999993130105862, 0.0022160051113432454], [0.0, 0.0, 0.0, 1.0]]}, "mean_rme": {"type": "float", "data": 0.001776038170653774}, "max_rme": {"type": "float", "data": 0.004141607749848231}, "simu": {"type": "float", "data": 0.002}}, {"type": "dict", "image_number": {"type": "int", "data": 19}, "Hcamera2end": {"type": "ndarray", "data": [[0.9999997807980254, -0.0003160402279371868, 0.0005818268430970408, -0.01598795207675381], [-0.0005817058555050617, 0.00038278050596229907, 0.9999997575486619, 0.02436900103117656], [-0.0003162628632861938, -0.9999998767988221, 0.0003825965796048214, 0.03172219164616312], [0.0, 0.0, 0.0, 1.0]]}, "Hobj2base": {"type": "ndarray", "data": [[0.9999993461198614, -0.00029867366081242724, 0.0011038812862207224, -0.7342306703079179], [-0.00029875694302145325, -0.9999999525385461, 7.528077005936878e-05, 0.08915496698410706], [0.0011038587494457293, -7.561051303329831e-05, -0.9999993878892683, 0.002090052166604815], [0.0, 0.0, 0.0, 1.0]]}, "mean_rme": {"type": "float", "data": 0.00179844960547497}, "max_rme": {"type": "float", "data": 0.004598918608348435}, "simu": {"type": "float", "data": 0.002}}, {"type": "dict", "image_number": {"type": "int", "data": 20}, "Hcamera2end": {"type": "ndarray", "data": [[0.9999998439767037, -0.0002077269281648371, 0.0005185519177764975, -0.01592213828760871], [-0.000518480095867763, 0.0003456563263236623, 0.9999998058500281, 0.024250180508280976], [-0.00020790612858556654, -0.9999999186856103, 0.0003455485701155947, 0.031893478781693234], [0.0, 0.0, 0.0, 1.0]]}, "Hobj2base": {"type": "ndarray", "data": [[0.9999994236631524, -0.00019628208212457316, 0.0010555314809779107, -0.7343471995065304], [-0.00019631393605808268, -0.9999999802781787, 3.007457585740715e-05, 0.08926804254659455], [0.0010555255570605393, -3.0281774063984893e-05, -0.9999994424742507, 0.002121110308598803], [0.0, 0.0, 0.0, 1.0]]}, "mean_rme": {"type": "float", "data": 0.0017788475543562697}, "max_rme": {"type": "float", "data": 0.004529746865378548}, "simu": {"type": "float", "data": 0.002}}, {"type": "dict", "image_number": {"type": "int", "data": 21}, "Hcamera2end": {"type": "ndarray", "data": [[0.9999999288266085, -0.00019282031298575232, 0.0003242947809496178, -0.01577824491570426], [-0.0003242171422955175, 0.0004025427075391441, 0.9999998664212977, 0.02427405928147943], [-0.00019295082972822943, -0.9999999003898428, 0.00040248016323796154, 0.03187660882379575], [0.0, 0.0, 0.0, 1.0]]}, "Hobj2base": {"type": "ndarray", "data": [[0.9999995516977391, -0.000184806773118146, 0.0009286822800524271, -0.7343475546768904], [-0.00018468912387561247, -0.999999974909872, -0.00012676822287721137, 0.0892966600004666], [0.000928705684377874, 0.0001265966485300688, -0.9999995607394234, 0.00211890410880707], [0.0, 0.0, 0.0, 1.0]]}, "mean_rme": {"type": "float", "data": 0.0017044883277765996}, "max_rme": {"type": "float", "data": 0.004537753605539652}, "simu": {"type": "float", "data": 0.002}}, {"type": "dict", "image_number": {"type": "int", "data": 22}, "Hcamera2end": {"type": "ndarray", "data": [[0.9999998540369365, 0.00040033362980065515, 0.00036284857816313616, -0.015944566255578933], [-0.00036298040001255693, 0.00032925647402914926, 0.9999998799176945, 0.024346855267163098], [0.0004002141114842175, -0.9999998656615704, 0.00032940173923090565, 0.03207836145079175], [0.0, 0.0, 0.0, 1.0]]}, "Hobj2base": {"type": "ndarray", "data": [[0.999999493447719, 0.00038243537280685194, 0.0009310464494505986, -0.7344144083356099], [0.00038250480095636626, -0.9999999240778694, -7.439309411908215e-05, 0.08893439034226557], [0.0009310179282128848, 7.474918617191888e-05, -0.9999995638089929, 0.0020718806948639675], [0.0, 0.0, 0.0, 1.0]]}, "mean_rme": {"type": "float", "data": 0.001698761376441447}, "max_rme": {"type": "float", "data": 0.004515924757622747}, "simu": {"type": "float", "data": 0.002}}, {"type": "dict", "image_number": {"type": "int", "data": 23}, "Hcamera2end": {"type": "ndarray", "data": [[0.9999998784879892, 0.000453311001172685, 0.00019373472319147698, -0.015702325777108166], [-0.00019385502474191912, 0.0002653552537482673, 0.999999946003408, 0.024306323882278765], [0.0004532595681688035, -0.9999998620478533, 0.0002654430981197109, 0.032483107901199716], [0.0, 0.0, 0.0, 1.0]]}, "Hobj2base": {"type": "ndarray", "data": [[0.9999994809281572, 0.00043811874232281404, 0.0009198887888588461, -0.7346985210121953], [0.0004383483593304484, -0.9999998728184107, -0.00024942710114597905, 0.0891986798511723], [0.0009197793931780725, 0.0002498302034167568, -0.9999995457952657, 0.002133463977982137], [0.0, 0.0, 0.0, 1.0]]}, "mean_rme": {"type": "float", "data": 0.0016918627533055665}, "max_rme": {"type": "float", "data": 0.004679032933987276}, "simu": {"type": "float", "data": 0.002}}, {"type": "dict", "image_number": {"type": "int", "data": 24}, "Hcamera2end": {"type": "ndarray", "data": [[0.9999999549215082, 0.00023620333473111453, 0.0001853779010457964, -0.015541279256801543], [-0.00018543562302937645, 0.0002443756649707085, 0.9999999529470809, 0.024326849134216087], [0.0002361580217692192, -0.9999999422442578, 0.00024441945446718183, 0.03276894691193191], [0.0, 0.0, 0.0, 1.0]]}, "Hobj2base": {"type": "ndarray", "data": [[0.9999995852703522, 0.00022187501172711623, 0.0008833066301605705, -0.7350002183572459], [0.00022205887174292084, -0.9999999537010542, -0.0002080570752113827, 0.08916299938174116], [0.0008832604265984024, 0.00020825313499764166, -0.9999995882407404, 0.001922864597360685], [0.0, 0.0, 0.0, 1.0]]}, "mean_rme": {"type": "float", "data": 0.0017869704996147666}, "max_rme": {"type": "float", "data": 0.0048252778328030654}, "simu": {"type": "float", "data": 0.002}}, {"type": "dict", "image_number": {"type": "int", "data": 25}, "Hcamera2end": {"type": "ndarray", "data": [[0.9999999669798312, 0.0001452953868601124, 0.0002119660048420595, -0.015463153452600981], [-0.00021199507637031196, 0.00020009950340427185, 0.9999999575091374, 0.02435434404020325], [0.00014525296639407854, -0.9999999694247192, 0.00020013029870358245, 0.03288348400575762], [0.0, 0.0, 0.0, 1.0]]}, "Hobj2base": {"type": "ndarray", "data": [[0.9999996066516373, 0.000133418619893226, 0.0008768671748922173, -0.7351291515985047], [0.00013354691004943876, -0.9999999803883441, -0.00014624819583445374, 0.08917738129718787], [0.0008768476454629495, 0.000146365241209696, -0.9999996048576336, 0.0018417993083484395], [0.0, 0.0, 0.0, 1.0]]}, "mean_rme": {"type": "float", "data": 0.0017776223008965253}, "max_rme": {"type": "float", "data": 0.00475971550763421}, "simu": {"type": "float", "data": 0.002}}, {"type": "dict", "image_number": {"type": "int", "data": 26}, "Hcamera2end": {"type": "ndarray", "data": [[0.9999999762060671, 0.00014557312890046379, 0.0001624694725951208, -0.01547532912485654], [-0.0001624974064633491, 0.00019189762882776407, 0.999999968384946, 0.024259366365737126], [0.00014554194679161354, -0.9999999709918818, 0.00019192127951772608, 0.032830005530452025], [0.0, 0.0, 0.0, 1.0]]}, "Hobj2base": {"type": "ndarray", "data": [[0.9999996218837551, 0.00013229225746901732, 0.0008594946802881367, -0.7350826858872993], [0.00013242218160280388, -0.9999999798153316, -0.00015110824541726166, 0.08920472463684372], [0.0008594746724886135, 0.00015122200444141909, -0.9999996192175236, 0.0017744560319855563], [0.0, 0.0, 0.0, 1.0]]}, "mean_rme": {"type": "float", "data": 0.0017930849120865746}, "max_rme": {"type": "float", "data": 0.004737714350028593}, "simu": {"type": "float", "data": 0.002}}, {"type": "dict", "image_number": {"type": "int", "data": 27}, "Hcamera2end": {"type": "ndarray", "data": [[0.999999965102603, 0.0001601862480642427, 0.0002100836944279676, -0.01556556221413266], [-0.0002101095025229106, 0.00016111324648326875, 0.9999999649482587, 0.024197423549140656], [0.0001601523951833933, -0.9999999741914434, 0.0001611468975136754, 0.032744584701272915], [0.0, 0.0, 0.0, 1.0]]}, "Hobj2base": {"type": "ndarray", "data": [[0.999999651419077, 0.00014110184478072945, 0.0008229532149620409, -0.7349777214191887], [0.0001411734243147028, -0.9999999862573656, -8.692142083098943e-05, 0.08923522378881552], [0.0008229409388796652, 8.703756965524732e-05, -0.999999657596278, 0.00180418742443552], [0.0, 0.0, 0.0, 1.0]]}, "mean_rme": {"type": "float", "data": 0.0017827206456887048}, "max_rme": {"type": "float", "data": 0.004714931403068751}, "simu": {"type": "float", "data": 0.002}}, {"type": "dict", "image_number": {"type": "int", "data": 28}, "Hcamera2end": {"type": "ndarray", "data": [[0.9999999499687344, 0.00022337512707176063, 0.00022397785888972048, -0.015630386518806234], [-0.00022400901888552973, 0.0001394810027022242, 0.9999999651825041, 0.024139170956294455], [0.000223343878638057, -0.9999999653243007, 0.00013953103376684872, 0.03261434292316959], [0.0, 0.0, 0.0, 1.0]]}, "Hobj2base": {"type": "ndarray", "data": [[0.9999996516601293, 0.0002019373022505677, 0.0008098771179223583, -0.7348536653417961], [0.00020198451232722692, -0.9999999779068378, -5.821152097110153e-05, 0.08928458919518288], [0.0008098653449521068, 5.837508332841637e-05, -0.9999996703551821, 0.001840031882445353], [0.0, 0.0, 0.0, 1.0]]}, "mean_rme": {"type": "float", "data": 0.001774716368439605}, "max_rme": {"type": "float", "data": 0.00485881630624399}, "simu": {"type": "float", "data": 0.002}}, {"type": "dict", "image_number": {"type": "int", "data": 29}, "Hcamera2end": {"type": "ndarray", "data": [[0.9999999629293423, 8.750183181448048e-05, 0.0002578463561533894, -0.015683769739564472], [-0.00025785616168589085, 0.00011206810939889955, 0.9999999604754687, 0.024152277208350174], [8.747293200236206e-05, -0.9999999898920843, 0.00011209066813089308, 0.03270235658677059], [0.0, 0.0, 0.0, 1.0]]}, "Hobj2base": {"type": "ndarray", "data": [[0.9999996715661994, 6.683907432710419e-05, 0.0008077128396903533, -0.7348608798402619], [6.684336088713587e-05, -0.9999999977520428, -5.280040695652544e-06, 0.08923689280501679], [0.0008077124849616171, 5.334029202345307e-06, -0.9999996737859915, 0.0018238764973060701], [0.0, 0.0, 0.0, 1.0]]}, "mean_rme": {"type": "float", "data": 0.0017490259280520924}, "max_rme": {"type": "float", "data": 0.004757337551396235}, "simu": {"type": "float", "data": 0.002}}, {"type": "dict", "image_number": {"type": "int", "data": 30}, "Hcamera2end": {"type": "ndarray", "data": [[0.9999999567686779, 4.395638996233453e-05, 0.00029074125629081183, -0.01567717018651106], [-0.00029074506323305456, 8.662568481798694e-05, 0.9999999539816484, 0.0241562716606797], [4.39312022791029e-05, -0.9999999952819132, 8.663846117640261e-05, 0.032734375474365175], [0.0, 0.0, 0.0, 1.0]]}, "Hobj2base": {"type": "ndarray", "data": [[0.9999996858850707, 2.2745952338136136e-05, 0.0007922830185441284, -0.7348914932295848], [2.2712807732252027e-05, -0.9999999988666344, 4.184327287178497e-05, 0.08924802489545901], [0.0007922839694112726, -4.1825264756318553e-05, -0.9999996852683299, 0.0018022298955436445], [0.0, 0.0, 0.0, 1.0]]}, "mean_rme": {"type": "float", "data": 0.0017116242283092698}, "max_rme": {"type": "float", "data": 0.004722084193035575}, "simu": {"type": "float", "data": 0.002}}]}