{"type": "list", "data": [{"type": "dict", "image_number": {"type": "int", "data": 5}, "Hcamera2end": {"type": "ndarray", "data": [[0.9999986952738015, -0.001487974838568725, -0.0006287937455744142, -0.012777951470373233], [0.0006282091240725938, -0.0003933322065863276, 0.9999997253214985, 0.021807113574388748], [-0.00148822175468546, -0.9999988156096264, -0.00039239693402559617, 0.034334284105425966], [0.0, 0.0, 0.0, 1.0]]}, "Hobj2base": {"type": "ndarray", "data": [[0.9999985311555679, -0.001157169156834426, 0.0012643758337973288, -0.7342526248123927], [-0.0011614523577173409, -0.9999935722051869, 0.0033921345389123355, 0.09092227782735865], [0.0012604424331846406, -0.0033935980686876097, -0.9999934473670418, -0.00011170289065920436], [0.0, 0.0, 0.0, 1.0]]}, "mean_rme": {"type": "float", "data": 0.0015410726580957154}, "max_rme": {"type": "float", "data": 0.004110727033132422}, "simu": {"type": "float", "data": 0.002}}, {"type": "dict", "image_number": {"type": "int", "data": 6}, "Hcamera2end": {"type": "ndarray", "data": [[0.9999944659957303, -0.003315677209588251, 0.00027251157039868685, -0.011562685889690128], [-0.0002710739303112336, 0.00043403034745692626, 0.9999998690682824, 0.02027871398781736], [-0.003315795053752525, -0.9999944089355198, 0.0004331291518783198, 0.0339920935305209], [0.0, 0.0, 0.0, 1.0]]}, "Hobj2base": {"type": "ndarray", "data": [[0.9999944980208056, -0.0032269275178692194, 0.0007686786789128485, -0.7346950987751608], [-0.0032297293121260405, -0.9999880424538881, 0.0036720291135544304, 0.09331870234043399], [0.0007568201156091547, -0.0036744915341875377, -0.9999929626428763, 0.0010924189455127815], [0.0, 0.0, 0.0, 1.0]]}, "mean_rme": {"type": "float", "data": 0.0016759051643446955}, "max_rme": {"type": "float", "data": 0.00390848451020176}, "simu": {"type": "float", "data": 0.002}}, {"type": "dict", "image_number": {"type": "int", "data": 7}, "Hcamera2end": {"type": "ndarray", "data": [[0.9999970301130116, -0.002377290437745029, 0.0005368941526913506, -0.011879857534607643], [-0.0005355603333589109, 0.000561668099236301, 0.9999996988519925, 0.02014334371870835], [-0.0023775912781469834, -0.9999970165051099, 0.0005603932486861751, 0.03428612022101926], [0.0, 0.0, 0.0, 1.0]]}, "Hobj2base": {"type": "ndarray", "data": [[0.9999970293615721, -0.0023788483934278344, 0.0005313646132125547, -0.7346283620765084], [-0.002380733799724663, -0.9999907712618632, 0.003576240719004423, 0.09332517388182555], [0.0005228523748987689, -0.0035774951329809687, -0.9999934640556252, 0.001127374383938998], [0.0, 0.0, 0.0, 1.0]]}, "mean_rme": {"type": "float", "data": 0.0016576045227175375}, "max_rme": {"type": "float", "data": 0.003917212052021057}, "simu": {"type": "float", "data": 0.002}}, {"type": "dict", "image_number": {"type": "int", "data": 8}, "Hcamera2end": {"type": "ndarray", "data": [[0.999995861463675, -0.0027093512851040446, 0.0009677143878253439, -0.013114571591933782], [-0.0009707898851752801, -0.0011340567029833881, 0.9999988857405758, 0.020061923412013447], [-0.0027082508231957548, -0.9999956866562018, -0.0011366822204714744, 0.03571878197874167], [0.0, 0.0, 0.0, 1.0]]}, "Hobj2base": {"type": "ndarray", "data": [[0.9999943250596713, -0.0027327424765112994, 0.0019702707959594738, -0.7355136611170445], [-0.0027398359619741123, -0.9999897428359474, 0.0036065942101387517, 0.092498334333316], [0.0019603946933751067, -0.003611971961713417, -0.9999915552199394, 0.0006478524734305213], [0.0, 0.0, 0.0, 1.0]]}, "mean_rme": {"type": "float", "data": 0.001682279011685013}, "max_rme": {"type": "float", "data": 0.003775751727363885}, "simu": {"type": "float", "data": 0.002}}, {"type": "dict", "image_number": {"type": "int", "data": 9}, "Hcamera2end": {"type": "ndarray", "data": [[0.9999958647738054, -0.0028081943164145946, -0.0006200644888521235, -0.014125100097042214], [0.0006165683013660524, -0.0012456895036787596, 0.9999990340501285, 0.020341334610938174], [-0.002808964011665023, -0.9999952811400369, -0.0012439529088714707, 0.03628281589210848], [0.0, 0.0, 0.0, 1.0]]}, "Hobj2base": {"type": "ndarray", "data": [[0.9999942792428042, -0.002704461849719689, 0.0020315924217234505, -0.7361793560373323], [-0.0027084271839065183, -0.9999944277723782, 0.0019516265994859083, 0.0905949651994313], [0.0020263030015448334, -0.00195711785484561, -0.9999960318850514, 0.0006584198735725626], [0.0, 0.0, 0.0, 1.0]]}, "mean_rme": {"type": "float", "data": 0.0018088675947077791}, "max_rme": {"type": "float", "data": 0.004281351239753262}, "simu": {"type": "float", "data": 0.002}}, {"type": "dict", "image_number": {"type": "int", "data": 10}, "Hcamera2end": {"type": "ndarray", "data": [[0.9999949386448969, -0.0031507128982150834, -0.00044237181425862493, -0.01414343439952857], [0.0004415003415157528, -0.0002772855669785912, 0.999999864095072, 0.020304362556009873], [-0.0031508351333370066, -0.9999949980479639, -0.0002758931227173633, 0.035237515528532576], [0.0, 0.0, 0.0, 1.0]]}, "Hobj2base": {"type": "ndarray", "data": [[0.9999949098065849, -0.003017730685092983, 0.0010361768345437362, -0.7357440691189601], [-0.0030194587349632084, -0.9999940465949086, 0.001670222646159358, 0.0909359978043915], [0.0010311303836330412, -0.0016733428375970724, -0.9999980683450744, 0.0007683614415396001], [0.0, 0.0, 0.0, 1.0]]}, "mean_rme": {"type": "float", "data": 0.0017014813051645272}, "max_rme": {"type": "float", "data": 0.00427258372619721}, "simu": {"type": "float", "data": 0.002}}, {"type": "dict", "image_number": {"type": "int", "data": 11}, "Hcamera2end": {"type": "ndarray", "data": [[0.9999944587675728, -0.003300360596985667, -0.00043595192296176383, -0.014301332583489276], [0.00043791664618520387, 0.000594606388061969, 0.99999972733609, 0.020270333504161176], [-0.0033001004772981613, -0.9999943770157776, 0.0005960483760535373, 0.03446097438515454], [0.0, 0.0, 0.0, 1.0]]}, "Hobj2base": {"type": "ndarray", "data": [[0.999995000201932, -0.003156991769586464, 0.0001815877332117005, -0.7354091135892769], [-0.003157248899171136, -0.9999939882769042, 0.0014335931918764999, 0.09089054777457303], [0.00017706079964884152, -0.0014341593418708146, -0.999998955917683, 0.0009239784809069527], [0.0, 0.0, 0.0, 1.0]]}, "mean_rme": {"type": "float", "data": 0.0015675045899047712}, "max_rme": {"type": "float", "data": 0.004326096540075874}, "simu": {"type": "float", "data": 0.002}}, {"type": "dict", "image_number": {"type": "int", "data": 12}, "Hcamera2end": {"type": "ndarray", "data": [[0.9999984788773816, -0.0017367592552035907, -0.00016096649491971309, -0.01397690269438762], [0.000162055136774695, 0.0006267011790944688, 0.99999979049186, 0.020406192679370626], [-0.0017366580134462295, -0.9999982954550077, 0.0006269816765638314, 0.03443754978350543], [0.0, 0.0, 0.0, 1.0]]}, "Hobj2base": {"type": "ndarray", "data": [[0.999998615409176, -0.0015895186165395005, 0.0004925548686285932, -0.7356268252851491], [-0.0015904744286669608, -0.9999968412621045, 0.001946241738547849, 0.09115992236971078], [0.0004894597253011562, -0.0019470224397226657, -0.9999979847643674, 0.0009821323989209207], [0.0, 0.0, 0.0, 1.0]]}, "mean_rme": {"type": "float", "data": 0.0015505225012235138}, "max_rme": {"type": "float", "data": 0.004444331236589716}, "simu": {"type": "float", "data": 0.002}}, {"type": "dict", "image_number": {"type": "int", "data": 13}, "Hcamera2end": {"type": "ndarray", "data": [[0.9999980306198347, -0.0019741771409323046, -0.0002034233723788078, -0.014158727473814949], [0.00020503236589675534, 0.0008148516708913478, 0.9999996469891794, 0.020210457213592013], [-0.001974010684151531, -0.9999977193180847, 0.000815254836348589, 0.03401177303601159], [0.0, 0.0, 0.0, 1.0]]}, "Hobj2base": {"type": "ndarray", "data": [[0.9999982999369847, -0.001830116092238293, 0.00022538462487570665, -0.7352623950146782], [-0.0018305158784065832, -0.9999967287192313, 0.0017865504345997586, 0.09117737199873231], [0.00022211429287936137, -0.0017869599674860234, -0.9999983787183437, 0.0009989956923469258], [0.0, 0.0, 0.0, 1.0]]}, "mean_rme": {"type": "float", "data": 0.0015367921448361612}, "max_rme": {"type": "float", "data": 0.004288151141093488}, "simu": {"type": "float", "data": 0.002}}, {"type": "dict", "image_number": {"type": "int", "data": 14}, "Hcamera2end": {"type": "ndarray", "data": [[0.9999980955053263, -0.0019370366578268872, -0.00023848418547413612, -0.013688315050136884], [0.00024067967572155775, 0.001133273299895654, 0.9999993288822356, 0.020141727821446437], [-0.0019367650900873304, -0.9999974817871363, 0.0011337373469373357, 0.0332663040651321], [0.0, 0.0, 0.0, 1.0]]}, "Hobj2base": {"type": "ndarray", "data": [[0.9999983606749889, -0.0018070050635596764, -0.00011567210087535492, -0.7348409565935569], [-0.001806807388468509, -0.9999969450566106, 0.0016868089717351105, 0.09173906702663007], [-0.00011871981985681823, -0.001686597209300473, -0.9999985706467076, 0.0010655792619572169], [0.0, 0.0, 0.0, 1.0]]}, "mean_rme": {"type": "float", "data": 0.0015341042307003277}, "max_rme": {"type": "float", "data": 0.004396215984402485}, "simu": {"type": "float", "data": 0.002}}, {"type": "dict", "image_number": {"type": "int", "data": 15}, "Hcamera2end": {"type": "ndarray", "data": [[0.9999983264514797, -0.0017519385996637793, -0.0005270724644710269, -0.013764677626694404], [0.0005281109760355225, 0.0005923687742342976, 0.9999996850989668, 0.02010644414265121], [-0.0017516258267067924, -0.9999982899037272, 0.0005932930008802906, 0.03357832814204628], [0.0, 0.0, 0.0, 1.0]]}, "Hobj2base": {"type": "ndarray", "data": [[0.9999986362092563, -0.0016316088962661957, 0.00025579686689087167, -0.734963103803827], [-0.0016319169245014398, -0.999997938012944, 0.0012086426320643377, 0.09147362064318362], [0.0002538243073701604, -0.0012090584229650174, -0.9999992368751844, 0.0010677905519291006], [0.0, 0.0, 0.0, 1.0]]}, "mean_rme": {"type": "float", "data": 0.0014843093047033425}, "max_rme": {"type": "float", "data": 0.0042243774514456045}, "simu": {"type": "float", "data": 0.002}}, {"type": "dict", "image_number": {"type": "int", "data": 16}, "Hcamera2end": {"type": "ndarray", "data": [[0.9999979451952963, -0.001982553420260004, -0.00042318686300584266, -0.013567091604382358], [0.00042415318043915724, 0.00048701544432694366, 0.9999997914549966, 0.02013710443018354], [-0.0019823469082702735, -0.9999979161467752, 0.0004878553499439997, 0.033880844980966364], [0.0, 0.0, 0.0, 1.0]]}, "Hobj2base": {"type": "ndarray", "data": [[0.9999982312426521, -0.0018469641539249435, 0.00035529562540171516, -0.7349782681669249], [-0.001847394037344428, -0.9999975573552788, 0.0012134326294032808, 0.09186205947638015], [0.0003530535909710207, -0.001214086854155263, -0.9999992006728167, 0.0012686546744690025], [0.0, 0.0, 0.0, 1.0]]}, "mean_rme": {"type": "float", "data": 0.001589072581058005}, "max_rme": {"type": "float", "data": 0.0043948845335933795}, "simu": {"type": "float", "data": 0.002}}, {"type": "dict", "image_number": {"type": "int", "data": 17}, "Hcamera2end": {"type": "ndarray", "data": [[0.9999980662822704, -0.0019126562037868637, -0.00045735977752826026, -0.013487562881475058], [0.00045787914647469946, 0.00027111421724879126, 0.9999998584218741, 0.020161071772693002], [-0.0019125319362584977, -0.9999981341199229, 0.0002719894583804727, 0.033773468744217765], [0.0, 0.0, 0.0, 1.0]]}, "Hobj2base": {"type": "ndarray", "data": [[0.9999982378347824, -0.0017957908238984042, 0.0005472318035146326, -0.7347373462217306], [-0.0017963917000705472, -0.9999977820111134, 0.0010995224937548937, 0.09182467309552768], [0.0005452560773556188, -0.0011005035988844473, -0.9999992457935354, 0.0012813107718257794], [0.0, 0.0, 0.0, 1.0]]}, "mean_rme": {"type": "float", "data": 0.0015653355325553544}, "max_rme": {"type": "float", "data": 0.004457594352766603}, "simu": {"type": "float", "data": 0.002}}, {"type": "dict", "image_number": {"type": "int", "data": 18}, "Hcamera2end": {"type": "ndarray", "data": [[0.9999985074880787, -0.0016735646170028026, -0.00042918887189468357, -0.013753897952463984], [0.00042992806844829325, 0.00044135514121690367, 0.9999998101837296, 0.020275320721461095], [-0.0016733748746178448, -0.9999985021924344, 0.00044207399489226695, 0.034116317617477555], [0.0, 0.0, 0.0, 1.0]]}, "Hobj2base": {"type": "ndarray", "data": [[0.9999987009635927, -0.0015732912038112336, 0.00035046528392968846, -0.7350847170382113], [-0.0015736637675124537, -0.9999981943282099, 0.0010653274927872548, 0.09138259006337107], [0.0003487885807308313, -0.001065877623407147, -0.9999993711255113, 0.00139318080587998], [0.0, 0.0, 0.0, 1.0]]}, "mean_rme": {"type": "float", "data": 0.0016178281034826415}, "max_rme": {"type": "float", "data": 0.004718854778264947}, "simu": {"type": "float", "data": 0.002}}, {"type": "dict", "image_number": {"type": "int", "data": 19}, "Hcamera2end": {"type": "ndarray", "data": [[0.9999985056876866, -0.00167435408466009, -0.00043030314094673024, -0.01377635207109007], [0.00043086204087417444, 0.0003334539296858674, 0.9999998515831784, 0.020309009870847973], [-0.0016742103498844732, -0.9999985426723762, 0.000334174847019697, 0.03409605287029462], [0.0, 0.0, 0.0, 1.0]]}, "Hobj2base": {"type": "ndarray", "data": [[0.9999986614444937, -0.0015809798013145275, 0.00042144049254944863, -0.7350463773968832], [-0.0015813867460008233, -0.999998282036715, 0.0009670261515370166, 0.09129945933834858], [0.0004199109197172327, -0.0009676913175279825, -0.9999994436240118, 0.001391596769704941], [0.0, 0.0, 0.0, 1.0]]}, "mean_rme": {"type": "float", "data": 0.0015751608798511571}, "max_rme": {"type": "float", "data": 0.004785677246354703}, "simu": {"type": "float", "data": 0.002}}, {"type": "dict", "image_number": {"type": "int", "data": 20}, "Hcamera2end": {"type": "ndarray", "data": [[0.999998721568087, -0.0015590841148358523, -0.00035513224916851706, -0.013939322350987708], [0.0003556998027384083, 0.00036376792593295626, 0.9999998705752651, 0.02030987939776417], [-0.0015589547273300915, -0.9999987184639885, 0.0003643220267925962, 0.03427270435470641], [0.0, 0.0, 0.0, 1.0]]}, "Hobj2base": {"type": "ndarray", "data": [[0.9999988580920374, -0.0014713007926328188, 0.00034509215987962464, -0.7351038700578759], [-0.0014716368493069253, -0.999998441250159, 0.0009755932741700071, 0.09104648442445509], [0.0003436562308097016, -0.0009761000104711649, -0.9999994645644392, 0.0014077049274060615], [0.0, 0.0, 0.0, 1.0]]}, "mean_rme": {"type": "float", "data": 0.0015745248335402278}, "max_rme": {"type": "float", "data": 0.0048415345104164675}, "simu": {"type": "float", "data": 0.002}}, {"type": "dict", "image_number": {"type": "int", "data": 21}, "Hcamera2end": {"type": "ndarray", "data": [[0.9999987602544034, -0.0015458047666566139, -0.0002999621305635271, -0.013966621813731296], [0.00030056413248962357, 0.0003892248145761501, 0.9999998790826157, 0.02036095476900596], [-0.0015456878270372963, -0.9999987294950266, 0.0003896889455050623, 0.03431871398585674], [0.0, 0.0, 0.0, 1.0]]}, "Hobj2base": {"type": "ndarray", "data": [[0.9999988418287242, -0.001480644151341935, 0.0003521847631220561, -0.7350667073217692], [-0.001480945206766375, -0.9999985369432329, 0.0008561031999609371, 0.09099872400958788], [0.0003509166636597877, -0.0008566237747836436, -0.9999995715265104, 0.0014805408605519377], [0.0, 0.0, 0.0, 1.0]]}, "mean_rme": {"type": "float", "data": 0.001584139518424899}, "max_rme": {"type": "float", "data": 0.005012632258623473}, "simu": {"type": "float", "data": 0.002}}, {"type": "dict", "image_number": {"type": "int", "data": 22}, "Hcamera2end": {"type": "ndarray", "data": [[0.9999986573863108, -0.0015637215931992104, -0.0004898983107165618, -0.0139366429232612], [0.0004905825480994121, 0.00043721625333437153, 0.9999997840853323, 0.019492246611623503], [-0.0015635070640648559, -0.9999986818074946, 0.00043798280084550445, 0.03437067055339877], [0.0, 0.0, 0.0, 1.0]]}, "Hobj2base": {"type": "ndarray", "data": [[0.9999988589906185, -0.0014662793389448488, 0.0003633763358407479, -0.7350241173229854], [-0.0014666153927779361, -0.9999984955258889, 0.0009262749311705462, 0.09091344256110952], [0.00036201761135670014, -0.0009268068076096752, -0.9999995049860726, 0.002293977632012286], [0.0, 0.0, 0.0, 1.0]]}, "mean_rme": {"type": "float", "data": 0.0015645197515411929}, "max_rme": {"type": "float", "data": 0.004928073734387306}, "simu": {"type": "float", "data": 0.002}}, {"type": "dict", "image_number": {"type": "int", "data": 23}, "Hcamera2end": {"type": "ndarray", "data": [[0.9999974506691662, -0.0021863640594854757, -0.0005643291308460734, -0.013868967598824652], [0.0005656523758402569, 0.0006046552023882823, 0.9999996572146792, 0.0200793940386665], [-0.002186022085487145, -0.999997427098833, 0.0006058903829467832, 0.034354698676796566], [0.0, 0.0, 0.0, 1.0]]}, "Hobj2base": {"type": "ndarray", "data": [[0.9999975783008875, -0.0021679558019900977, 0.00037862910740012754, -0.7349525242943542], [-0.002168333219557262, -0.9999971499105251, 0.0009992506575706907, 0.09103463952460429], [0.0003764616970125706, -0.0010000692317577273, -0.9999994290688987, 0.001742677737056601], [0.0, 0.0, 0.0, 1.0]]}, "mean_rme": {"type": "float", "data": 0.0015343928823708072}, "max_rme": {"type": "float", "data": 0.0049299536394801224}, "simu": {"type": "float", "data": 0.002}}, {"type": "dict", "image_number": {"type": "int", "data": 24}, "Hcamera2end": {"type": "ndarray", "data": [[0.9999939025704737, -0.0033991334361974388, -0.0008004459737435349, -0.01402409397637732], [0.0008028759501311209, 0.0007135767782139313, 0.9999994230990289, 0.020778478328383893], [-0.0033985602955749795, -0.9999939683318418, 0.0007163015097170211, 0.03422357454769662], [0.0, 0.0, 0.0, 1.0]]}, "Hobj2base": {"type": "ndarray", "data": [[0.9999939695529191, -0.0034418519136369175, 0.0004631556974559439, -0.7349109685288008], [-0.0034422634622414713, -0.9999936786901149, 0.0008907311983792866, 0.09093302296150592], [0.00046008700482557736, -0.000892320130806613, -0.9999994960422391, 0.0012421719989281997], [0.0, 0.0, 0.0, 1.0]]}, "mean_rme": {"type": "float", "data": 0.0016057068630362886}, "max_rme": {"type": "float", "data": 0.005176580048494417}, "simu": {"type": "float", "data": 0.002}}, {"type": "dict", "image_number": {"type": "int", "data": 25}, "Hcamera2end": {"type": "ndarray", "data": [[0.9999911572518309, -0.004122216022566528, -0.0008323179725439889, -0.013869249230234276], [0.0008356041107386131, 0.0007955194689721612, 0.9999993344570511, 0.021434942632201803], [-0.004121551153903185, -0.9999911872030866, 0.0007989569750476155, 0.034133347277474475], [0.0, 0.0, 0.0, 1.0]]}, "Hobj2base": {"type": "ndarray", "data": [[0.9999910597282283, -0.004200537552640241, 0.0004857446693974611, -0.7349001394920527], [-0.00420103232765191, -0.9999906532794562, 0.0010220964281352695, 0.09116979554150557], [0.00048144677484897894, -0.0010241279193745484, -0.9999993596852987, 0.000573189249725341], [0.0, 0.0, 0.0, 1.0]]}, "mean_rme": {"type": "float", "data": 0.0016085636872994167}, "max_rme": {"type": "float", "data": 0.00517443834910658}, "simu": {"type": "float", "data": 0.002}}, {"type": "dict", "image_number": {"type": "int", "data": 26}, "Hcamera2end": {"type": "ndarray", "data": [[0.9999909682691355, -0.004157235364994806, -0.0008836143259186311, -0.014038914483314319], [0.0008869623162116105, 0.0008035658432814508, 0.9999992837896358, 0.021374323844547988], [-0.00415652234524881, -0.9999910357978491, 0.000807245896799369, 0.03411985959448023], [0.0, 0.0, 0.0, 1.0]]}, "Hobj2base": {"type": "ndarray", "data": [[0.9999908228010511, -0.004257735183587977, 0.0004753996037574794, -0.7349108880325773], [-0.004258144521410729, -0.999990561351483, 0.000863373141160524, 0.09094501314411917], [0.00047171910242803036, -0.0008653895380316612, -0.9999995142909002, 0.0007351320815917136], [0.0, 0.0, 0.0, 1.0]]}, "mean_rme": {"type": "float", "data": 0.0016178206002825679}, "max_rme": {"type": "float", "data": 0.005265940309183925}, "simu": {"type": "float", "data": 0.002}}, {"type": "dict", "image_number": {"type": "int", "data": 27}, "Hcamera2end": {"type": "ndarray", "data": [[0.9999919317679415, -0.003940113703606654, -0.0007822423046114902, -0.014107642158077686], [0.0007855174734140882, 0.0008297582086037592, 0.9999993472315939, 0.020889568631479224], [-0.0039394620596515445, -0.9999918934698008, 0.0008328465420833764, 0.03414989924094801], [0.0, 0.0, 0.0, 1.0]]}, "Hobj2base": {"type": "ndarray", "data": [[0.999991645518902, -0.004063924688366452, 0.0004397823621253103, -0.7349065357382272], [-0.0040642451835715375, -0.999991474224253, 0.000730335465278328, 0.09085791691382811], [0.0004368105843113794, -0.0007321167470515758, -0.9999996366007247, 0.0012000686111326164], [0.0, 0.0, 0.0, 1.0]]}, "mean_rme": {"type": "float", "data": 0.0015896336087886246}, "max_rme": {"type": "float", "data": 0.005319322000928328}, "simu": {"type": "float", "data": 0.002}}, {"type": "dict", "image_number": {"type": "int", "data": 28}, "Hcamera2end": {"type": "ndarray", "data": [[0.9999916193890623, -0.004024397776185809, -0.0007519136783564187, -0.014139062071731167], [0.0007554542535686045, 0.0008783298372613269, 0.9999993289125587, 0.02059982769121671], [-0.0040237346472442575, -0.9999915163436318, 0.0008813627247387101, 0.03414386928504635], [0.0, 0.0, 0.0, 1.0]]}, "Hobj2base": {"type": "ndarray", "data": [[0.9999911802130493, -0.004178591751498712, 0.0004229268104870643, -0.7348999155352685], [-0.004178877521873902, -0.9999910392298261, 0.0006770839752631484, 0.09087714668276999], [0.00042009376322300863, -0.0006788453628684811, -0.9999996813450509, 0.0014868135060569479], [0.0, 0.0, 0.0, 1.0]]}, "mean_rme": {"type": "float", "data": 0.0015577638769150865}, "max_rme": {"type": "float", "data": 0.0053545959548303435}, "simu": {"type": "float", "data": 0.002}}, {"type": "dict", "image_number": {"type": "int", "data": 29}, "Hcamera2end": {"type": "ndarray", "data": [[0.9999885526683366, -0.004716872703168143, -0.000803519873656993, -0.013988091506459991], [0.0008077983671672204, 0.0009052264123121656, 0.9999992640131994, 0.02112408473262882], [-0.004716141864199641, -0.9999884657720031, 0.0009090263319530001, 0.034018975331516293], [0.0, 0.0, 0.0, 1.0]]}, "Hobj2base": {"type": "ndarray", "data": [[0.9999879781980888, -0.004883535615121792, 0.000441065975178233, -0.7349310913435885], [-0.00488390134714, -0.9999877275956417, 0.0008319649850069201, 0.09114164950541145], [0.0004369976316034213, -0.000834109105999024, -0.9999995566474364, 0.0009510390695304526], [0.0, 0.0, 0.0, 1.0]]}, "mean_rme": {"type": "float", "data": 0.0015953936767305983}, "max_rme": {"type": "float", "data": 0.005266350909555961}, "simu": {"type": "float", "data": 0.002}}, {"type": "dict", "image_number": {"type": "int", "data": 30}, "Hcamera2end": {"type": "ndarray", "data": [[0.9999884615336108, -0.004738860802889936, -0.0007873994749825809, -0.013929720002324487], [0.0007917552950558729, 0.0009173644752515919, 0.9999992657827168, 0.021155137237796353], [-0.00473813499123025, -0.9999883507525029, 0.0009211059084056616, 0.033978613535848357], [0.0, 0.0, 0.0, 1.0]]}, "Hobj2base": {"type": "ndarray", "data": [[0.99998779162423, -0.004925773915225601, 0.00039160417717691814, -0.7349803218288141], [-0.004926121339221237, -0.9999874694463684, 0.0008912232039391956, 0.09123523847680233], [0.00038720930614916625, -0.0008931414132451465, -0.9999995261835721, 0.0009041196554640881], [0.0, 0.0, 0.0, 1.0]]}, "mean_rme": {"type": "float", "data": 0.0015911910463753249}, "max_rme": {"type": "float", "data": 0.005213001921913318}, "simu": {"type": "float", "data": 0.002}}]}