{"type": "list", "data": [{"type": "dict", "image_number": {"type": "int", "data": 5}, "Hcamera2end": {"type": "ndarray", "data": [[0.9999954261882894, 0.0026291287418487865, 0.0014950868069037366, -0.01348546624460505], [-0.0014959325531605223, 0.00031974601350737153, 0.9999988299734571, 0.024933255728228063], [0.002628647617652019, -0.9999964927161223, 0.0003236775503207001, 0.03621487610032219], [0.0, 0.0, 0.0, 1.0]]}, "Hobj2base": {"type": "ndarray", "data": [[0.999994326502706, 0.003045873259576516, 0.001438616865628481, -0.7395733512491308], [0.0030442395032739744, -0.9999947205052138, 0.00113647153331412, 0.09155083812476425], [0.0014420708187118311, -0.0011320855912535287, -0.9999983194055717, 0.0004302027357723226], [0.0, 0.0, 0.0, 1.0]]}, "mean_rme": {"type": "float", "data": 0.0011200072789071408}, "max_rme": {"type": "float", "data": 0.0022644058352636054}, "simu": {"type": "float", "data": 0.002}}, {"type": "dict", "image_number": {"type": "int", "data": 6}, "Hcamera2end": {"type": "ndarray", "data": [[0.9999949495889844, 0.0031467127318732017, 0.0004460891252316857, -0.01287712214445644], [-0.0004449506294857816, -0.0003624955816809994, 0.9999998353079316, 0.024811498839171352], [0.003146873918971506, -0.9999949833853847, -0.00036109361911851323, 0.03567351799486189], [0.0, 0.0, 0.0, 1.0]]}, "Hobj2base": {"type": "ndarray", "data": [[0.9999906323836227, 0.003949415372187555, 0.0017712321192130938, -0.7389860669956523], [0.003948890464884438, -0.9999921581760081, 0.0002997508729252405, 0.0914816617460698], [0.0017724020702279237, -0.0002927536633473966, -0.9999983864417952, -6.00971779779654e-05], [0.0, 0.0, 0.0, 1.0]]}, "mean_rme": {"type": "float", "data": 0.0011193245240219676}, "max_rme": {"type": "float", "data": 0.0023149972252550777}, "simu": {"type": "float", "data": 0.002}}, {"type": "dict", "image_number": {"type": "int", "data": 7}, "Hcamera2end": {"type": "ndarray", "data": [[0.9999977700761088, 0.0019387983380538772, 0.0008371999846164772, -0.011774749852767274], [-0.0008407706010049513, 0.00184158250137334, 0.999997950837244, 0.026856075976867205], [0.0019372525922987118, -0.9999964248110566, 0.0018432084794284265, 0.03535296987278352], [0.0, 0.0, 0.0, 1.0]]}, "Hobj2base": {"type": "ndarray", "data": [[0.999998088422992, 0.0018414500771804442, 0.0006574283041634868, -0.7393413188964415], [0.0018404443559793106, -0.999997140326977, 0.0015271222744468592, 0.09233340802264862], [0.0006602385435636449, -0.0015259093950231721, -0.999998617841837, -0.0020888334639121353], [0.0, 0.0, 0.0, 1.0]]}, "mean_rme": {"type": "float", "data": 0.0010946293115938254}, "max_rme": {"type": "float", "data": 0.00261744227179056}, "simu": {"type": "float", "data": 0.002}}, {"type": "dict", "image_number": {"type": "int", "data": 8}, "Hcamera2end": {"type": "ndarray", "data": [[0.9999946022865174, 0.0031419946335384972, 0.0009608681244911252, -0.011893774314630904], [-0.0009652973012339611, 0.0014084578722930452, 0.9999985422227086, 0.026563246234441014], [0.0031406367109358957, -0.9999940720405022, 0.0014114832287812629, 0.03576854425729644], [0.0, 0.0, 0.0, 1.0]]}, "Hobj2base": {"type": "ndarray", "data": [[0.9999952478936297, 0.0030546570946987303, 0.000416245350648548, -0.7393418875386459], [0.003054133293090353, -0.9999945507716801, 0.0012532744207114199, 0.09210860825843845], [0.00042007140603342585, -0.0012519971962345517, -0.9999991280211371, -0.001830495893334852], [0.0, 0.0, 0.0, 1.0]]}, "mean_rme": {"type": "float", "data": 0.001090288235156598}, "max_rme": {"type": "float", "data": 0.002568898288571708}, "simu": {"type": "float", "data": 0.002}}, {"type": "dict", "image_number": {"type": "int", "data": 9}, "Hcamera2end": {"type": "ndarray", "data": [[0.9999950906028142, 0.002812661972796986, 0.0013811961830931473, -0.014365872626200121], [-0.0013849117577765442, 0.0013194982464812544, 0.9999981704702268, 0.025812569685248254], [0.0028108343410065263, -0.9999951739168567, 0.00132338705717705, 0.035123919627325535], [0.0, 0.0, 0.0, 1.0]]}, "Hobj2base": {"type": "ndarray", "data": [[0.9999954330504552, 0.002953700750272232, 0.0006399453963704821, -0.7382646057921133], [0.0029526103858063904, -0.9999941991942591, 0.0016981371385651769, 0.09007322197009456], [0.0006449574731117983, -0.0016962398738348725, -0.9999983533987182, -0.00073436480104663], [0.0, 0.0, 0.0, 1.0]]}, "mean_rme": {"type": "float", "data": 0.0013080758943481963}, "max_rme": {"type": "float", "data": 0.004022630311866948}, "simu": {"type": "float", "data": 0.002}}, {"type": "dict", "image_number": {"type": "int", "data": 10}, "Hcamera2end": {"type": "ndarray", "data": [[0.9999964463826404, 0.0024103719580930924, 0.0011390035621925865, -0.013882102794991896], [-0.0011430414092587766, 0.0016744826555809, 0.9999979447799745, 0.02561463677472072], [0.0024084597625388384, -0.9999956930981553, 0.001677231860070072, 0.034401157504295836], [0.0, 0.0, 0.0, 1.0]]}, "Hobj2base": {"type": "ndarray", "data": [[0.9999969388329881, 0.002462651595702301, 0.0002401494769715536, -0.7377181203362209], [0.002462242453745185, -0.9999955416946329, 0.0016893646606313483, 0.0904416285160831], [0.0002443087228890784, -0.001688768182966534, -0.9999985441865764, -0.00038350932717126087], [0.0, 0.0, 0.0, 1.0]]}, "mean_rme": {"type": "float", "data": 0.0012599481893918443}, "max_rme": {"type": "float", "data": 0.004013666867113241}, "simu": {"type": "float", "data": 0.002}}, {"type": "dict", "image_number": {"type": "int", "data": 11}, "Hcamera2end": {"type": "ndarray", "data": [[0.9999982959942362, 0.001743082144398243, 0.0006080076166519007, -0.012789557113824113], [-0.0006116626965369877, 0.0020971406123916347, 0.9999976139321518, 0.025077798688094188], [0.0017418029078204575, -0.9999962818260322, 0.0020982032171766862, 0.03284331248479666], [0.0, 0.0, 0.0, 1.0]]}, "Hobj2base": {"type": "ndarray", "data": [[0.999998473859499, 0.0017465848310808407, -4.147409756110817e-05, -0.7360409316879928], [0.001746636152655774, -0.999997666346687, 0.0012714414378690601, 0.09099236348545285], [-3.925332044595328e-05, -0.0012715119376289863, -0.9999991908579571, -0.00027541451032322213], [0.0, 0.0, 0.0, 1.0]]}, "mean_rme": {"type": "float", "data": 0.001480070082190767}, "max_rme": {"type": "float", "data": 0.003619566783178263}, "simu": {"type": "float", "data": 0.002}}, {"type": "dict", "image_number": {"type": "int", "data": 12}, "Hcamera2end": {"type": "ndarray", "data": [[0.9999982757345015, 0.0017443482329893376, 0.0006370064881026778, -0.012732265811103257], [-0.000640757188286085, 0.0021504874977116284, 0.9999974824137048, 0.024954937772869782], [0.001742973966953506, -0.9999961663190335, 0.0021516014933694594, 0.03287483034959482], [0.0, 0.0, 0.0, 1.0]]}, "Hobj2base": {"type": "ndarray", "data": [[0.9999984470302776, 0.0017623114629671938, -1.3976424656321993e-05, -0.7359874932363409], [0.001762327755355045, -0.999997644601684, 0.001266882775357676, 0.09095885694261045], [-1.174374969902637e-05, -0.0012669054389681765, -0.9999991974060245, -0.00016414128330727307], [0.0, 0.0, 0.0, 1.0]]}, "mean_rme": {"type": "float", "data": 0.0014569450348567007}, "max_rme": {"type": "float", "data": 0.0035964329790772465}, "simu": {"type": "float", "data": 0.002}}, {"type": "dict", "image_number": {"type": "int", "data": 13}, "Hcamera2end": {"type": "ndarray", "data": [[0.9999982570572131, 0.001775802653844053, 0.0005765478909228544, -0.012682076656212658], [-0.0005805744866118843, 0.002267799020103878, 0.999997260006681, 0.025211636741331412], [0.0017744902934145683, -0.9999958517976656, 0.0022688260531740223, 0.03256615441193784], [0.0, 0.0, 0.0, 1.0]]}, "Hobj2base": {"type": "ndarray", "data": [[0.9999984323811683, 0.0017675453934700145, -0.00010496898583514575, -0.7357658524092469], [0.0017676653303915187, -0.9999977721543738, 0.001153709482428654, 0.0911022913197417], [-0.00010292951809938028, -0.0011538932238889703, -0.9999993289677465, -0.00029627632569018125], [0.0, 0.0, 0.0, 1.0]]}, "mean_rme": {"type": "float", "data": 0.0014348329627972105}, "max_rme": {"type": "float", "data": 0.0034894464332861364}, "simu": {"type": "float", "data": 0.002}}, {"type": "dict", "image_number": {"type": "int", "data": 14}, "Hcamera2end": {"type": "ndarray", "data": [[0.9999983037417836, 0.0017619447698885935, 0.0005367161106811483, -0.0125212989355949], [-0.000540628654564382, 0.0022208578497071585, 0.9999973877521227, 0.024803190606100617], [0.001760748197064638, -0.999995981662446, 0.002221806640389068, 0.03201437903979152], [0.0, 0.0, 0.0, 1.0]]}, "Hobj2base": {"type": "ndarray", "data": [[0.9999984915574606, 0.0017335880183127486, -0.0001074959823721293, -0.7351348886678161], [0.001733704664409241, -0.9999978979566961, 0.001094691886289536, 0.09095365364409592], [-0.00010559801167310363, -0.001094876601295771, -0.999999395046961, -0.00011875624100167657], [0.0, 0.0, 0.0, 1.0]]}, "mean_rme": {"type": "float", "data": 0.001558578327628837}, "max_rme": {"type": "float", "data": 0.004859139086888314}, "simu": {"type": "float", "data": 0.002}}, {"type": "dict", "image_number": {"type": "int", "data": 15}, "Hcamera2end": {"type": "ndarray", "data": [[0.9999982135331184, 0.0018735169644144962, 0.00025072845030706093, -0.012757823381802078], [-0.00025508451781689476, 0.002325197923509159, 0.9999972641895101, 0.02473538053599248], [0.0018729288455551138, -0.9999955416844617, 0.002325671674791585, 0.031847665020309494], [0.0, 0.0, 0.0, 1.0]]}, "Hobj2base": {"type": "ndarray", "data": [[0.999998286381665, 0.001845332900810423, -0.0001482572720721714, -0.7349077315203092], [0.0018454481979036843, -0.9999979919072906, 0.0007813464885623681, 0.09058734747477012], [-0.0001468151299755474, -0.000781618750748271, -0.9999996837586729, 3.629572666480711e-05], [0.0, 0.0, 0.0, 1.0]]}, "mean_rme": {"type": "float", "data": 0.0015286175496950348}, "max_rme": {"type": "float", "data": 0.004774579178216554}, "simu": {"type": "float", "data": 0.002}}, {"type": "dict", "image_number": {"type": "int", "data": 16}, "Hcamera2end": {"type": "ndarray", "data": [[0.9999980933863508, 0.0019234300188904392, 0.0003371062525707241, -0.012469300471565779], [-0.00034197228515715663, 0.0025301046691755813, 0.9999967408073485, 0.02450218910070407], [0.0019225708359578183, -0.9999949494809088, 0.0025307576050024316, 0.031008559137479894], [0.0, 0.0, 0.0, 1.0]]}, "Hobj2base": {"type": "ndarray", "data": [[0.999998313877678, 0.0018117736206955729, -0.00029952987886846643, -0.7340958649412512], [0.0018120574787985689, -0.9999979068393874, 0.0009501392204669416, 0.09076903983157367], [-0.00029780781472869133, -0.0009506803837731202, -0.9999995037585339, 0.0002637354228264416], [0.0, 0.0, 0.0, 1.0]]}, "mean_rme": {"type": "float", "data": 0.001561406497335191}, "max_rme": {"type": "float", "data": 0.004266313568533103}, "simu": {"type": "float", "data": 0.002}}, {"type": "dict", "image_number": {"type": "int", "data": 17}, "Hcamera2end": {"type": "ndarray", "data": [[0.9999977710976989, 0.0020314046639125613, 0.0005754952003175111, -0.01236629115552845], [-0.000580425404100862, 0.002427237843255492, 0.9999968858065521, 0.02411300390933617], [0.002030001473996645, -0.9999949909432265, 0.0024284115120524197, 0.030985371972530013], [0.0, 0.0, 0.0, 1.0]]}, "Hobj2base": {"type": "ndarray", "data": [[0.9999980989523686, 0.0019124713964333954, -0.000380190487463052, -0.7341259649087983], [0.001912866928919019, -0.9999976268280684, 0.0010427263989740512, 0.09107105638704024], [-0.00037819540079331467, -0.0010434516705116578, -0.9999993840882353, 0.0003791059174629492], [0.0, 0.0, 0.0, 1.0]]}, "mean_rme": {"type": "float", "data": 0.001561140972111716}, "max_rme": {"type": "float", "data": 0.004161385682524915}, "simu": {"type": "float", "data": 0.002}}, {"type": "dict", "image_number": {"type": "int", "data": 18}, "Hcamera2end": {"type": "ndarray", "data": [[0.9999984748632742, 0.001643196874057261, 0.0005917559958992004, -0.012593484076810026], [-0.0005954635854334985, 0.002256755251489939, 0.9999972762357172, 0.023933623535085557], [0.0016418569499249598, -0.9999961034722926, 0.0022577302735318217, 0.031228927111854356], [0.0, 0.0, 0.0, 1.0]]}, "Hobj2base": {"type": "ndarray", "data": [[0.9999986648894538, 0.0016278864623316082, -0.00014214420738462778, -0.7340089797972995], [0.0016280469232101162, -0.9999980293260569, 0.0011361369717154282, 0.09095204672529389], [-0.00014029442526913215, -0.00113636687228646, -0.9999993444936881, 0.00056152492402566], [0.0, 0.0, 0.0, 1.0]]}, "mean_rme": {"type": "float", "data": 0.0015663637540169865}, "max_rme": {"type": "float", "data": 0.004093702325753179}, "simu": {"type": "float", "data": 0.002}}, {"type": "dict", "image_number": {"type": "int", "data": 19}, "Hcamera2end": {"type": "ndarray", "data": [[0.9999988603587376, 0.0014083602955109657, 0.0005438772875265023, -0.012399634065702402], [-0.0005470391918738122, 0.002245685087282734, 0.999997328819738, 0.023987162541730014], [0.0014071351564128327, -0.9999964867037118, 0.0022464529562852276, 0.03125837196857505], [0.0, 0.0, 0.0, 1.0]]}, "Hobj2base": {"type": "ndarray", "data": [[0.9999990127950104, 0.0014008132751869955, -0.00011014160287930304, -0.7339305618683385], [0.0014009336775880877, -0.9999984128222734, 0.0011007896093283643, 0.09116956047414111], [-0.00010859942736706915, -0.0011009428237041467, -0.9999993880653439, 0.0005338003163947841], [0.0, 0.0, 0.0, 1.0]]}, "mean_rme": {"type": "float", "data": 0.0015476698293377437}, "max_rme": {"type": "float", "data": 0.004163974525327824}, "simu": {"type": "float", "data": 0.002}}, {"type": "dict", "image_number": {"type": "int", "data": 20}, "Hcamera2end": {"type": "ndarray", "data": [[0.9999990436008077, 0.0011999690932844225, 0.0006876566330670248, -0.012842669534861507], [-0.0006901505959803823, 0.0020791810436093794, 0.9999976003462923, 0.023954649218085725], [0.0011985364511381534, -0.9999971185360301, 0.0020800072144671056, 0.031272329708668965], [0.0, 0.0, 0.0, 1.0]]}, "Hobj2base": {"type": "ndarray", "data": [[0.9999991704489172, 0.0012845251513800013, 9.537616524871993e-05, -0.7336592452309855], [0.0012844015632242911, -0.9999983498707867, 0.0012847444602172014, 0.09096022369261886], [9.702629443796852e-05, -0.0012846208931603035, -0.9999991701671853, 0.0007254278585686752], [0.0, 0.0, 0.0, 1.0]]}, "mean_rme": {"type": "float", "data": 0.0015489684096100232}, "max_rme": {"type": "float", "data": 0.0041224959334650035}, "simu": {"type": "float", "data": 0.002}}, {"type": "dict", "image_number": {"type": "int", "data": 21}, "Hcamera2end": {"type": "ndarray", "data": [[0.999999177574882, 0.0011653855701231274, 0.0005354680500044805, -0.01295795654811644], [-0.0005379337219684247, 0.0021164723469888624, 0.9999976155832152, 0.02414035475266644], [0.0011642494880376821, -0.9999970812063793, 0.002117097506546095, 0.03169469214821049], [0.0, 0.0, 0.0, 1.0]]}, "Hobj2base": {"type": "ndarray", "data": [[0.9999992446545539, 0.0012290164986560035, 1.4448795357922162e-05, -0.7341528050389261], [0.001228998897728359, -0.999998570986915, 0.0011608556486478155, 0.09086892632879236], [1.5875485455150718e-05, -0.0011608370142472191, -0.9999993261024704, 0.0005388869648282017], [0.0, 0.0, 0.0, 1.0]]}, "mean_rme": {"type": "float", "data": 0.0015868660185247019}, "max_rme": {"type": "float", "data": 0.0044680092268214455}, "simu": {"type": "float", "data": 0.002}}, {"type": "dict", "image_number": {"type": "int", "data": 22}, "Hcamera2end": {"type": "ndarray", "data": [[0.9999994157729561, 0.0008967335675019539, 0.0006035914638931773, -0.012975218875198223], [-0.0006054560713173709, 0.0020805183847261155, 0.9999976524303428, 0.024284934912536096], [0.0008954756792199466, -0.9999974336527869, 0.0020810601020138098, 0.031764395138194894], [0.0, 0.0, 0.0, 1.0]]}, "Hobj2base": {"type": "ndarray", "data": [[0.999999510781367, 0.000987077207255301, 6.415304963404681e-05, -0.7341157997924813], [0.0009869960407815038, -0.9999987277241442, 0.0012531515900144295, 0.09103668735650218], [6.53899253854097e-05, -0.0012530876581433286, -0.9999992127474291, 0.00045614678711264345], [0.0, 0.0, 0.0, 1.0]]}, "mean_rme": {"type": "float", "data": 0.0015866073873084027}, "max_rme": {"type": "float", "data": 0.004638795568062348}, "simu": {"type": "float", "data": 0.002}}, {"type": "dict", "image_number": {"type": "int", "data": 23}, "Hcamera2end": {"type": "ndarray", "data": [[0.9999998089020087, 0.00043512165803471684, 0.00043916407953871386, -0.013239275135115304], [-0.0004400677061060288, 0.0020788069038757406, 0.9999977424485873, 0.025402900765889913], [0.00043420773840472347, -0.9999977446129564, 0.0020789979896098654, 0.03177672788330578], [0.0, 0.0, 0.0, 1.0]]}, "Hobj2base": {"type": "ndarray", "data": [[0.9999997712908204, 0.0006035259103367067, 0.00030524544632710423, -0.7340862450741518], [0.0006031979873443878, -0.9999992421469288, 0.0010732463635831702, 0.09029106780266312], [0.00030589294698450225, -0.0010730619946830043, -0.999999377483537, -0.00035480148903040435], [0.0, 0.0, 0.0, 1.0]]}, "mean_rme": {"type": "float", "data": 0.0016051022292089382}, "max_rme": {"type": "float", "data": 0.004630412563760067}, "simu": {"type": "float", "data": 0.002}}, {"type": "dict", "image_number": {"type": "int", "data": 24}, "Hcamera2end": {"type": "ndarray", "data": [[0.9999997877998273, 0.0004064510731593045, 0.000509114746904743, -0.013112635584656637], [-0.0005099905987267854, 0.002157688814204306, 0.9999975421412645, 0.025444807476937097], [0.000405351562965441, -0.999997589585348, 0.002157895642568519, 0.03175028474695337], [0.0, 0.0, 0.0, 1.0]]}, "Hobj2base": {"type": "ndarray", "data": [[0.9999998426946224, 0.0005245415341359193, 0.00019866280344413257, -0.734222136330771], [0.0005243260042280834, -0.9999992756567646, 0.0010834058278279888, 0.09043439493835846], [0.00019923095089909541, -0.0010833014933285074, -0.9999993933822677, -0.00036361868813886145], [0.0, 0.0, 0.0, 1.0]]}, "mean_rme": {"type": "float", "data": 0.0016057317242401776}, "max_rme": {"type": "float", "data": 0.004653628665272191}, "simu": {"type": "float", "data": 0.002}}, {"type": "dict", "image_number": {"type": "int", "data": 25}, "Hcamera2end": {"type": "ndarray", "data": [[0.9999996471924479, 0.0004455296968714374, 0.0007121223692592235, -0.013440870354952106], [-0.0007131301112236288, 0.0022658410516739336, 0.9999971787009068, 0.025311147151600245], [0.00044391488380082463, -0.9999973337302546, 0.0022661579729104098, 0.03168048004777776], [0.0, 0.0, 0.0, 1.0]]}, "Hobj2base": {"type": "ndarray", "data": [[0.9999998749294113, 0.0004971671720905929, 5.446067189464328e-05, -0.7341461497638452], [0.0004971017537754113, -0.9999991627885703, 0.0011947016385969597, 0.0901811969039122], [5.505459273469953e-05, -0.0011946744166794118, -0.9999992848607593, -0.0002793322938637832], [0.0, 0.0, 0.0, 1.0]]}, "mean_rme": {"type": "float", "data": 0.0016619884459603922}, "max_rme": {"type": "float", "data": 0.004471042428009581}, "simu": {"type": "float", "data": 0.002}}, {"type": "dict", "image_number": {"type": "int", "data": 26}, "Hcamera2end": {"type": "ndarray", "data": [[0.9999996910102505, 0.00039597768281624966, 0.0006791031424980901, -0.013590687314735953], [-0.0006800239946577335, 0.0023300366445406784, 0.9999970542439622, 0.025473413045217077], [0.00039439418115515637, -0.9999972070615548, 0.0023303051989088663, 0.031837328840378945], [0.0, 0.0, 0.0, 1.0]]}, "Hobj2base": {"type": "ndarray", "data": [[0.99999991809073, 0.0004044402975882804, -1.5702833691756336e-05, -0.7344172026377067], [0.0004044585482469529, -0.9999992217863725, 0.0011801863971135987, 0.09011718324141839], [-1.5225506533938904e-05, -0.0011801926515907107, -0.9999993034565018, -0.0002878286686822769], [0.0, 0.0, 0.0, 1.0]]}, "mean_rme": {"type": "float", "data": 0.001682065128898394}, "max_rme": {"type": "float", "data": 0.004679054756797085}, "simu": {"type": "float", "data": 0.002}}, {"type": "dict", "image_number": {"type": "int", "data": 27}, "Hcamera2end": {"type": "ndarray", "data": [[0.9999997189539099, 0.00040474074855092297, 0.0006310919327148163, -0.013568069229900847], [-0.0006320273974117651, 0.0023153207878878757, 0.9999971199113614, 0.02541133118733114], [0.0004032784025908087, -0.9999972377334726, 0.0023155759444178914, 0.0318849160013337], [0.0, 0.0, 0.0, 1.0]]}, "Hobj2base": {"type": "ndarray", "data": [[0.9999999017328599, 0.0004428345690023126, 2.0780156920796226e-05, -0.7344348263884383], [0.0004428099237488941, -0.999999215889561, 0.0011713836410234277, 0.09010573852223344], [2.129886979666723e-05, -0.0011713743242552058, -0.9999993137140397, -0.00024248438520454071], [0.0, 0.0, 0.0, 1.0]]}, "mean_rme": {"type": "float", "data": 0.0016351385107774702}, "max_rme": {"type": "float", "data": 0.004671770618556448}, "simu": {"type": "float", "data": 0.002}}, {"type": "dict", "image_number": {"type": "int", "data": 28}, "Hcamera2end": {"type": "ndarray", "data": [[0.999999751657337, 0.0004449327425033224, 0.0005465529424518485, -0.013559811398386534], [-0.0005475621770612354, 0.0022713329168707608, 0.9999972706074969, 0.025350587009221947], [0.00044369012441822697, -0.9999973215372309, 0.002271575981143026, 0.03188089566403679], [0.0, 0.0, 0.0, 1.0]]}, "Hobj2base": {"type": "ndarray", "data": [[0.9999998745466326, 0.0004982982925163289, 5.1044399329220564e-05, -0.734427081300029], [0.0004982387854912913, -0.9999992039565486, 0.0011592430209005399, 0.09007418087513133], [5.162200751358696e-05, -0.0011592174431700715, -0.9999993267748173, -0.0002666840651984708], [0.0, 0.0, 0.0, 1.0]]}, "mean_rme": {"type": "float", "data": 0.0016135322639110913}, "max_rme": {"type": "float", "data": 0.00464759743533219}, "simu": {"type": "float", "data": 0.002}}, {"type": "dict", "image_number": {"type": "int", "data": 29}, "Hcamera2end": {"type": "ndarray", "data": [[0.9999997442123579, 0.0005261383759359625, 0.0004845138059252947, -0.013466725170074818], [-0.00048569197066706805, 0.002241453650591252, 0.9999973699909624, 0.025241877138101682], [0.0005250509769482258, -0.9999973495284583, 0.0022417086184397528, 0.031913522996721226], [0.0, 0.0, 0.0, 1.0]]}, "Hobj2base": {"type": "ndarray", "data": [[0.9999998239732161, 0.0005919971955325256, 3.991061739690144e-05, -0.7345320522219257], [0.0005919511253555177, -0.9999991697089237, 0.0011446289045769615, 0.09007308711857558], [4.058820136090698e-05, -0.0011446050779567347, -0.999999344115692, -0.00024291579559898387], [0.0, 0.0, 0.0, 1.0]]}, "mean_rme": {"type": "float", "data": 0.0016323252020696098}, "max_rme": {"type": "float", "data": 0.004585507388991633}, "simu": {"type": "float", "data": 0.002}}, {"type": "dict", "image_number": {"type": "int", "data": 30}, "Hcamera2end": {"type": "ndarray", "data": [[0.9999997438291315, 0.0005632816409707146, 0.0004416508398640324, -0.013453482668236951], [-0.0004429001159615379, 0.0022196603797689507, 0.9999974384703624, 0.025212983425160564], [0.0005622998832371589, -0.9999973779073582, 0.002219909288660671, 0.03190323709016968], [0.0, 0.0, 0.0, 1.0]]}, "Hobj2base": {"type": "ndarray", "data": [[0.9999997908384138, 0.0006453945671725829, 4.229634948547162e-05, -0.7345341060104166], [0.0006453459109728298, -0.9999991414453826, 0.0011404548011410439, 0.09006409169488569], [4.303235650450777e-05, -0.0011404272668255192, -0.9999993487867209, -0.00025472065103795033], [0.0, 0.0, 0.0, 1.0]]}, "mean_rme": {"type": "float", "data": 0.0015986838532809332}, "max_rme": {"type": "float", "data": 0.004577996648345045}, "simu": {"type": "float", "data": 0.002}}]}