{"type": "list", "data": [{"type": "dict", "image_number": {"type": "int", "data": 5}, "Hcamera2end": {"type": "ndarray", "data": [[0.9999931616663872, -0.0024056714695817666, -0.002808801389058588, -0.020149887329315736], [0.0028126395114655544, 0.001593553071838505, 0.9999947748101419, 0.03027242034745815], [-0.0024011829254098824, -0.9999958366580275, 0.0016003084612179475, 0.03699519766097126], [0.0, 0.0, 0.0, 1.0]]}, "Hobj2base": {"type": "ndarray", "data": [[0.999997053342973, -0.0022575833975208293, -0.0008925371557733793, -0.7374332967722179], [-0.0022603967495242287, -0.9999924406430383, -0.003163741979749841, 0.08463413931772433], [-0.0008853879973988942, 0.003165750145373045, -0.9999945970424597, -0.005711455436074852], [0.0, 0.0, 0.0, 1.0]]}, "mean_rme": {"type": "float", "data": 0.001461332739940716}, "max_rme": {"type": "float", "data": 0.0038868213129289175}, "simu": {"type": "float", "data": 0.002}}, {"type": "dict", "image_number": {"type": "int", "data": 6}, "Hcamera2end": {"type": "ndarray", "data": [[0.9999969994774413, -0.0021604483789043863, -0.001154772235786306, -0.020099554164017888], [0.0011595179852808275, 0.002196688805322644, 0.9999969150334088, 0.029842137600394884], [-0.002157905038750266, -0.9999952534992828, 0.00219918729285995, 0.03548227622645359], [0.0, 0.0, 0.0, 1.0]]}, "Hobj2base": {"type": "ndarray", "data": [[0.9999969803411372, -0.0021144810489663363, -0.0012523092673069826, -0.7360544379683489], [-0.0021162643085824158, -0.9999967462954427, -0.001424367896170611, 0.0853397595045773], [-0.0012492933937394038, 0.001427013812471178, -0.99999820144718, -0.005625468140061929], [0.0, 0.0, 0.0, 1.0]]}, "mean_rme": {"type": "float", "data": 0.0015305345191595806}, "max_rme": {"type": "float", "data": 0.0039258173871771496}, "simu": {"type": "float", "data": 0.002}}, {"type": "dict", "image_number": {"type": "int", "data": 7}, "Hcamera2end": {"type": "ndarray", "data": [[0.9999972108151014, -0.002301440145396702, -0.0005307874102084302, -0.019675359386283668], [0.0005344600703919804, 0.0015954883181439339, 0.9999985843837278, 0.02985601287698724], [-0.002300590022328178, -0.9999960788874542, 0.0015967138958941085, 0.03500042995390886], [0.0, 0.0, 0.0, 1.0]]}, "Hobj2base": {"type": "ndarray", "data": [[0.9999969613682688, -0.002293105610711626, -0.0009049424773260672, -0.7354516448576306], [-0.0022936901288260797, -0.9999971612123388, -0.0006454090612320772, 0.08641602978435632], [-0.0009034599172470132, 0.0006474827576990223, -0.9999993822629374, -0.005546748747035345], [0.0, 0.0, 0.0, 1.0]]}, "mean_rme": {"type": "float", "data": 0.001410333608430876}, "max_rme": {"type": "float", "data": 0.003926729864958456}, "simu": {"type": "float", "data": 0.002}}, {"type": "dict", "image_number": {"type": "int", "data": 8}, "Hcamera2end": {"type": "ndarray", "data": [[0.9999973263452439, -0.0019530443048692055, -0.001238111589088718, -0.015535306224219853], [0.0012396208431255744, 0.0007717488544173312, 0.9999989338713673, 0.030022694177866592], [-0.001952086711472231, -0.9999977950083936, 0.000774167825455141, 0.036129379213222915], [0.0, 0.0, 0.0, 1.0]]}, "Hobj2base": {"type": "ndarray", "data": [[0.9999980344465694, -0.0019714784047171036, -0.0002106558743759584, -0.7356885642907207], [-0.001971787543830843, -0.9999969644922513, -0.001477518245644694, 0.09011636554039046], [-0.00020774233961455527, 0.001477930710132767, -0.9999988862813485, -0.005792068671958736], [0.0, 0.0, 0.0, 1.0]]}, "mean_rme": {"type": "float", "data": 0.0016164093505540516}, "max_rme": {"type": "float", "data": 0.003934520555976095}, "simu": {"type": "float", "data": 0.002}}, {"type": "dict", "image_number": {"type": "int", "data": 9}, "Hcamera2end": {"type": "ndarray", "data": [[0.9999975022826302, -0.0008382733100008483, -0.0020718895624116636, -0.0156459535872749], [0.0020724321747894606, 0.0006469476839854327, 0.9999976432390106, 0.02693706102372133], [-0.0008369309302371363, -0.999999439378119, 0.0006486833326718733, 0.036427630442860716], [0.0, 0.0, 0.0, 1.0]]}, "Hobj2base": {"type": "ndarray", "data": [[0.9999995950097976, -0.0008443078002971105, 0.0003116481654339262, -0.7358733352316617], [-0.0008438383462974983, -0.9999985138176457, -0.0015034291951251174, 0.08879024179811607], [0.0003129170592645606, 0.0015031656055784772, -0.9999988212873432, -0.003169557601730038], [0.0, 0.0, 0.0, 1.0]]}, "mean_rme": {"type": "float", "data": 0.0014196964741019773}, "max_rme": {"type": "float", "data": 0.0036958649103088215}, "simu": {"type": "float", "data": 0.002}}, {"type": "dict", "image_number": {"type": "int", "data": 10}, "Hcamera2end": {"type": "ndarray", "data": [[0.999999101187327, -0.0005186614287616723, -0.0012363716513817463, -0.017089964948693127], [0.0012368024773923634, 0.0008311530658634547, 0.9999988897514899, 0.02666121791519775], [-0.0005176332388300019, -0.9999995200873363, 0.0008317938005525383, 0.03576283631843227], [0.0, 0.0, 0.0, 1.0]]}, "Hobj2base": {"type": "ndarray", "data": [[0.9999998509078207, -0.0005394502269961622, -8.472183232367202e-05, -0.735113445789407], [-0.0005395138669328371, -0.9999995709988232, -0.0007529455207638574, 0.08799813286515337], [-8.431561934581443e-05, 0.0007529911171089394, -0.9999997129475859, -0.0028619174393472837], [0.0, 0.0, 0.0, 1.0]]}, "mean_rme": {"type": "float", "data": 0.0014114141678313664}, "max_rme": {"type": "float", "data": 0.003788301862326926}, "simu": {"type": "float", "data": 0.002}}, {"type": "dict", "image_number": {"type": "int", "data": 11}, "Hcamera2end": {"type": "ndarray", "data": [[0.9999993525875649, -0.0003107153397860518, -0.0010946599603154593, -0.01714529555831832], [0.0010949180288486711, 0.0008316111954238536, 0.9999990547882185, 0.026580852716557867], [-0.0003098047146160711, -0.9999996059393212, 0.0008319508648558793, 0.03514387732907149], [0.0, 0.0, 0.0, 1.0]]}, "Hobj2base": {"type": "ndarray", "data": [[0.9999999152587115, -0.00035837267686511726, -0.00020261193041327927, -0.7346953249700992], [-0.000358499020046899, -0.9999997411259287, -0.0006238802189428198, 0.08835948650806805], [-0.00020238829633819827, 0.0006239528022529091, -0.9999997848609157, -0.0027724551243790492], [0.0, 0.0, 0.0, 1.0]]}, "mean_rme": {"type": "float", "data": 0.001424178398809109}, "max_rme": {"type": "float", "data": 0.004041682076673658}, "simu": {"type": "float", "data": 0.002}}, {"type": "dict", "image_number": {"type": "int", "data": 12}, "Hcamera2end": {"type": "ndarray", "data": [[0.9999997777347277, 0.00025944898872900916, -0.000614179710972751, -0.017337234932733155], [0.0006139785247098418, 0.0007748059181140743, 0.9999995113529608, 0.026730970725980782], [0.0002599247320248763, -0.9999996661809499, 0.0007746464497943029, 0.03510245310425321], [0.0, 0.0, 0.0, 1.0]]}, "Hobj2base": {"type": "ndarray", "data": [[0.9999999640914985, 0.0001751680905413103, -0.0002028130711265155, -0.7349636092318513], [0.00017509692893127166, -0.999999923127052, -0.00035083750482301597, 0.08841425216667236], [-0.00020287451107148705, 0.00035080198027906547, -0.9999999178899479, -0.0025687782703572213], [0.0, 0.0, 0.0, 1.0]]}, "mean_rme": {"type": "float", "data": 0.0014825403368454104}, "max_rme": {"type": "float", "data": 0.0037732695244363512}, "simu": {"type": "float", "data": 0.002}}, {"type": "dict", "image_number": {"type": "int", "data": 13}, "Hcamera2end": {"type": "ndarray", "data": [[0.9999997163103072, 0.0004389980975013889, -0.0006120947439564809, -0.017652784905955704], [0.0006117930417136535, 0.0006870571518884372, 0.9999995768307824, 0.026723653688737775], [0.0004394184558023761, -0.9999996676165149, 0.0006867883809960063, 0.03551486628751096], [0.0, 0.0, 0.0, 1.0]]}, "Hobj2base": {"type": "ndarray", "data": [[0.9999999278207735, 0.0003537667322051084, -0.0001385912948575165, -0.7354755213312637], [0.0003537114949831891, -0.9999998580891885, -0.0003983839625281574, 0.08829975279168058], [-0.00013873221018249988, 0.0003983349124390155, -0.999999911041332, -0.0026285348920048915], [0.0, 0.0, 0.0, 1.0]]}, "mean_rme": {"type": "float", "data": 0.001474507040859833}, "max_rme": {"type": "float", "data": 0.003835693381858518}, "simu": {"type": "float", "data": 0.002}}, {"type": "dict", "image_number": {"type": "int", "data": 14}, "Hcamera2end": {"type": "ndarray", "data": [[0.9999996832333438, 0.0006309282680827162, -0.00048524502322601316, -0.017231863814101633], [0.0004847731423899477, 0.0007478531354454532, 0.9999996028552652, 0.026677327266446893], [0.0006312909095249554, -0.9999995213224896, 0.0007475470414713969, 0.03471089197028731], [0.0, 0.0, 0.0, 1.0]]}, "Hobj2base": {"type": "ndarray", "data": [[0.9999998181674108, 0.0005508312115296563, -0.0002454590023877213, -0.7349082606105534], [0.0005507630495940378, -0.9999998097789058, -0.00027767285742616205, 0.08894635374113509], [-0.00024561190657270625, 0.000277537617187482, -0.999999931323829, -0.0025066043366398344], [0.0, 0.0, 0.0, 1.0]]}, "mean_rme": {"type": "float", "data": 0.0014764404635356444}, "max_rme": {"type": "float", "data": 0.004021365068678784}, "simu": {"type": "float", "data": 0.002}}, {"type": "dict", "image_number": {"type": "int", "data": 15}, "Hcamera2end": {"type": "ndarray", "data": [[0.9999969055780079, 0.0024467610195788225, -0.00044966089634686604, -0.017586188720136467], [0.0004477043408838918, 0.0008001401962320909, 0.9999995796681566, 0.026377425864197092], [0.0024471197828850938, -0.9999966865626003, 0.000799042294731156, 0.034543797462256554], [0.0, 0.0, 0.0, 1.0]]}, "Hobj2base": {"type": "ndarray", "data": [[0.9999972641750446, 0.0023390785019682236, 1.8819872538821943e-05, -0.7352559748211218], [0.0023390852904878407, -0.999997196197258, -0.0003691579955732752, 0.0880848364143887], [1.7956330240336595e-05, 0.00036920100690864287, -0.9999999316840906, -0.0023962074277945017], [0.0, 0.0, 0.0, 1.0]]}, "mean_rme": {"type": "float", "data": 0.0015060185265029166}, "max_rme": {"type": "float", "data": 0.004234388740132822}, "simu": {"type": "float", "data": 0.002}}, {"type": "dict", "image_number": {"type": "int", "data": 16}, "Hcamera2end": {"type": "ndarray", "data": [[0.999996319935203, 0.002682649658700146, -0.00040435981473403693, -0.017794299609432955], [0.0004024550195143126, 0.0007105443126946831, 0.9999996665783131, 0.026273362186022192], [0.002682936079813213, -0.9999961492513803, 0.0007094620520248229, 0.035288401869839676], [0.0, 0.0, 0.0, 1.0]]}, "Hobj2base": {"type": "ndarray", "data": [[0.999996707615286, 0.0025637562306249848, 0.00010914475739734942, -0.7360059669285591], [0.0025637947182622, -0.9999966508281568, -0.0003539620205001372, 0.08809597192464538], [0.00010823691951733929, 0.000354240679873533, -0.9999999313991528, -0.002310265622314192], [0.0, 0.0, 0.0, 1.0]]}, "mean_rme": {"type": "float", "data": 0.001499168470613268}, "max_rme": {"type": "float", "data": 0.004515598229575729}, "simu": {"type": "float", "data": 0.002}}, {"type": "dict", "image_number": {"type": "int", "data": 17}, "Hcamera2end": {"type": "ndarray", "data": [[0.9999961336684485, 0.002772534018805644, -0.00021378322916239083, -0.0173260342820692], [0.00021154511658125945, 0.0008075125442783548, 0.9999996515860163, 0.026280594823009516], [0.002772705685455327, -0.99999583048061, 0.0008069229061349326, 0.03454046859236046], [0.0, 0.0, 0.0, 1.0]]}, "Hobj2base": {"type": "ndarray", "data": [[0.9999965179541981, 0.0026388163987011624, -2.697207928679032e-05, -0.735569939350765], [0.0026388113525780536, -0.9999965011370278, -0.00018544095398771726, 0.08886574129829954], [-2.7461329545554406e-05, 0.0001853691340447973, -0.9999999824420793, -0.0021006802868227927], [0.0, 0.0, 0.0, 1.0]]}, "mean_rme": {"type": "float", "data": 0.001635341520157539}, "max_rme": {"type": "float", "data": 0.005060565652731219}, "simu": {"type": "float", "data": 0.002}}, {"type": "dict", "image_number": {"type": "int", "data": 18}, "Hcamera2end": {"type": "ndarray", "data": [[0.9999964161498186, 0.0026700747637375256, -0.00019592925993008252, -0.017360923642132146], [0.0001937726490756483, 0.0008079315645974638, 0.9999996548493144, 0.026260062593844488], [0.002670232139592915, -0.9999961089661018, 0.0008074112816315315, 0.03461110891248455], [0.0, 0.0, 0.0, 1.0]]}, "Hobj2base": {"type": "ndarray", "data": [[0.9999967473693948, 0.002549696139303103, -6.557612348416525e-05, -0.7355919885756654], [0.002549683244319858, -0.9999967303484474, -0.00019597899930288732, 0.08879968452127374], [-6.607559597099835e-05, 0.0001958111635123212, -0.9999999786460017, -0.00211585434150967], [0.0, 0.0, 0.0, 1.0]]}, "mean_rme": {"type": "float", "data": 0.0015835134594098165}, "max_rme": {"type": "float", "data": 0.005195934632144378}, "simu": {"type": "float", "data": 0.002}}, {"type": "dict", "image_number": {"type": "int", "data": 19}, "Hcamera2end": {"type": "ndarray", "data": [[0.9999961076198939, 0.0027690064489340753, -0.0003425614505982611, -0.017260580082277727], [0.000340826349417699, 0.0006270626641649013, 0.999999745314875, 0.026229847678965263], [0.0027692205512051737, -0.9999959696897289, 0.0006261164730391178, 0.033958295273409614], [0.0, 0.0, 0.0, 1.0]]}, "Hobj2base": {"type": "ndarray", "data": [[0.9999964709976963, 0.002655632098255158, 7.490201823863523e-05, -0.7348852869337507], [0.0026556609424386313, -0.9999963985865679, -0.000387658165725101, 0.08848510426692985], [7.387227101745033e-05, 0.0003878557120428872, -0.9999999220554143, -0.0023727421042420223], [0.0, 0.0, 0.0, 1.0]]}, "mean_rme": {"type": "float", "data": 0.001699990076081056}, "max_rme": {"type": "float", "data": 0.0048377600726872555}, "simu": {"type": "float", "data": 0.002}}, {"type": "dict", "image_number": {"type": "int", "data": 20}, "Hcamera2end": {"type": "ndarray", "data": [[0.9999955202959931, 0.0029690517095017736, -0.000379631258332755, -0.017442922393370225], [0.0003779506958329936, 0.0005665672836020486, 0.9999997680773655, 0.026220670566333704], [0.002969266107562283, -0.9999954318562957, 0.0005654425903888205, 0.033878015808567315], [0.0, 0.0, 0.0, 1.0]]}, "Hobj2base": {"type": "ndarray", "data": [[0.9999959270515361, 0.002852965188331755, 8.043614281671585e-05, -0.7349846708234573], [0.002853002113938597, -0.9999958231109856, -0.0004627521150853028, 0.08821436100689135], [7.911559116870931e-05, 0.0004629797148052796, -0.9999998896952473, -0.002436182871068465], [0.0, 0.0, 0.0, 1.0]]}, "mean_rme": {"type": "float", "data": 0.0017063222864572565}, "max_rme": {"type": "float", "data": 0.004866817286779616}, "simu": {"type": "float", "data": 0.002}}, {"type": "dict", "image_number": {"type": "int", "data": 21}, "Hcamera2end": {"type": "ndarray", "data": [[0.9999968390005737, 0.0024911492386723516, -0.00034082888881959827, -0.01724312262474995], [0.00033919742308397547, 0.0006552980156750987, 0.9999997277647724, 0.02625434209950021], [0.0024913719049883, -0.9999966823744874, 0.0006544509528761955, 0.0337084053247836], [0.0, 0.0, 0.0, 1.0]]}, "Hobj2base": {"type": "ndarray", "data": [[0.9999971371619519, 0.002392691301231593, -2.638631083979347e-05, -0.7350059866863085], [0.0023926792376337187, -0.9999970371330231, -0.0004481196731764262, 0.08858341918169779], [-2.7458444704584413e-05, 0.00044805525630427164, -0.9999998992462558, -0.002398264184809508], [0.0, 0.0, 0.0, 1.0]]}, "mean_rme": {"type": "float", "data": 0.0017420161901986941}, "max_rme": {"type": "float", "data": 0.004600063828145262}, "simu": {"type": "float", "data": 0.002}}, {"type": "dict", "image_number": {"type": "int", "data": 22}, "Hcamera2end": {"type": "ndarray", "data": [[0.9999964572089237, 0.0026493381684708087, -0.000258024941246022, -0.01732019020317359], [0.00025656329338030943, 0.0005520280598517724, 0.9999998147201314, 0.02623001112528871], [0.0026494801146094912, -0.9999963381294403, 0.0005513463812059083, 0.03396135813646126], [0.0, 0.0, 0.0, 1.0]]}, "Hobj2base": {"type": "ndarray", "data": [[0.999996731663638, 0.0025564936357113832, 3.165963475413926e-05, -0.7352030242277334], [0.0025565041723625607, -0.9999966752297151, -0.00033736616951578224, 0.08844607343679707], [3.079705502785497e-05, 0.00033744600487800754, -0.9999999425908661, -0.0024108668856233388], [0.0, 0.0, 0.0, 1.0]]}, "mean_rme": {"type": "float", "data": 0.0017102687748741035}, "max_rme": {"type": "float", "data": 0.004858915347946295}, "simu": {"type": "float", "data": 0.002}}, {"type": "dict", "image_number": {"type": "int", "data": 23}, "Hcamera2end": {"type": "ndarray", "data": [[0.999996076558584, 0.00277510443579424, -0.0003816579738017496, -0.0172652414041533], [0.00038000447219756553, 0.000596336876406367, 0.9999997499894341, 0.025121779798025094], [0.0027753313387127625, -0.9999959715807359, 0.0005952799846171697, 0.033938632361265306], [0.0, 0.0, 0.0, 1.0]]}, "Hobj2base": {"type": "ndarray", "data": [[0.9999963338394987, 0.002707822115972164, -2.63630786187751e-06, -0.7351877120918742], [0.0027078212367115336, -0.9999962917206184, -0.0002902570610060072, 0.08833197016465992], [-3.422262574820571e-06, 0.00029024885822662004, -0.9999999578719432, -0.0013261338892343309], [0.0, 0.0, 0.0, 1.0]]}, "mean_rme": {"type": "float", "data": 0.0016536813389695611}, "max_rme": {"type": "float", "data": 0.004931009014541361}, "simu": {"type": "float", "data": 0.002}}, {"type": "dict", "image_number": {"type": "int", "data": 24}, "Hcamera2end": {"type": "ndarray", "data": [[0.9999960303874731, 0.002792244422179589, -0.00037759817638091816, -0.0172679802355197], [0.00037595598848805885, 0.0005886261885690303, 0.9999997560881227, 0.025110662467798823], [0.002792466005293384, -0.9999959284368597, 0.0005875740909393468, 0.033916634231471995], [0.0, 0.0, 0.0, 1.0]]}, "Hobj2base": {"type": "ndarray", "data": [[0.9999962904825065, 0.002723699724971917, -2.1932501851640617e-05, -0.7352229404349094], [0.0027236931340788714, -0.999996247189781, -0.0002951305900616409, 0.08832709795426565], [-2.273626665010524e-05, 0.00029506975786484766, -0.9999999562084487, -0.0013461099283025694], [0.0, 0.0, 0.0, 1.0]]}, "mean_rme": {"type": "float", "data": 0.0016132827602921415}, "max_rme": {"type": "float", "data": 0.0049090949386132385}, "simu": {"type": "float", "data": 0.002}}, {"type": "dict", "image_number": {"type": "int", "data": 25}, "Hcamera2end": {"type": "ndarray", "data": [[0.9999960595156021, 0.0027808400567449496, -0.0003845540888098378, -0.017329091885853343], [0.0003830912751870126, 0.0005265465221692134, 0.9999997879948951, 0.025249222685036675], [0.0027810419528107103, -0.9999959948306488, 0.0005254791317573781, 0.03413153213532383], [0.0, 0.0, 0.0, 1.0]]}, "Hobj2base": {"type": "ndarray", "data": [[0.9999963012103065, 0.0027198330953445687, 8.581349908664378e-06, -0.7353116688565833], [0.0027198355200770737, -0.9999962572909218, -0.0002964774724464752, 0.08811830996259447], [7.774948549584145e-06, 0.0002964997156989475, -0.9999999560137331, -0.0013323140310123537], [0.0, 0.0, 0.0, 1.0]]}, "mean_rme": {"type": "float", "data": 0.001666206840504937}, "max_rme": {"type": "float", "data": 0.005243359298120483}, "simu": {"type": "float", "data": 0.002}}, {"type": "dict", "image_number": {"type": "int", "data": 26}, "Hcamera2end": {"type": "ndarray", "data": [[0.9999961023488336, 0.0027580699229085535, -0.0004339786186984048, -0.017384452493514252], [0.0004326488089507819, 0.00048273064753434625, 0.9999997898930431, 0.025257636390621382], [0.002758278838198495, -0.9999960800030281, 0.00048153549035145904, 0.0344298680184366], [0.0, 0.0, 0.0, 1.0]]}, "Hobj2base": {"type": "ndarray", "data": [[0.9999963685413362, 0.0026948338155030616, 2.7836071385124522e-05, -0.7355859727087739], [0.002694843898617013, -0.9999963009024389, -0.0003687787971583925, 0.08815213622876653], [2.684217084375777e-05, 0.0003688524718205682, -0.9999999316136738, -0.0011947895103333606], [0.0, 0.0, 0.0, 1.0]]}, "mean_rme": {"type": "float", "data": 0.0017003735463319884}, "max_rme": {"type": "float", "data": 0.005407201825053887}, "simu": {"type": "float", "data": 0.002}}, {"type": "dict", "image_number": {"type": "int", "data": 27}, "Hcamera2end": {"type": "ndarray", "data": [[0.999995499699356, 0.0029445751330615354, -0.0005745070243959602, -0.017258336899808022], [0.0005731445098090084, 0.0004635432155047914, 0.9999997283164922, 0.024055431278061368], [0.0029448406419024524, -0.9999955572926177, 0.00046185346234972613, 0.034378488490687385], [0.0, 0.0, 0.0, 1.0]]}, "Hobj2base": {"type": "ndarray", "data": [[0.9999959912667654, 0.0028314770180055803, 1.372208925955393e-05, -0.7356192303954051], [0.002831480459373096, -0.9999959581671962, -0.0002576192534118467, 0.08813549301103973], [1.299259080173202e-05, 0.0002576570745125838, -0.9999999667220119, 6.815580440067548e-05], [0.0, 0.0, 0.0, 1.0]]}, "mean_rme": {"type": "float", "data": 0.001711641339528135}, "max_rme": {"type": "float", "data": 0.005339981151582074}, "simu": {"type": "float", "data": 0.002}}, {"type": "dict", "image_number": {"type": "int", "data": 28}, "Hcamera2end": {"type": "ndarray", "data": [[0.999998808834416, 0.0014384651069820932, -0.0005595961803343903, -0.017172476698849366], [0.0005587435299340003, 0.0005930836851117949, 0.99999966802865, 0.024154509973918645], [0.001438796516817697, -0.9999987895342066, 0.0005922792455793635, 0.03428431058702466], [0.0, 0.0, 0.0, 1.0]]}, "Hobj2base": {"type": "ndarray", "data": [[0.9999991125708452, 0.0013190232917806096, 0.00018717659530696472, -0.7354435006370051], [0.0013190638415886287, -0.9999991065594602, -0.00021668147731947613, 0.0885209734461648], [0.0001868906201603246, 0.00021692818290887692, -0.9999999590070285, -8.667670238349443e-05], [0.0, 0.0, 0.0, 1.0]]}, "mean_rme": {"type": "float", "data": 0.0016752288829095113}, "max_rme": {"type": "float", "data": 0.005278800724652019}, "simu": {"type": "float", "data": 0.002}}, {"type": "dict", "image_number": {"type": "int", "data": 29}, "Hcamera2end": {"type": "ndarray", "data": [[0.9999997688183886, 0.0002960311592835258, -0.0006121508982097851, -0.017143384815900026], [0.0006119215904897752, 0.0007740778936836668, 0.9999995131775721, 0.024285534771229873], [0.00029650486764682077, -0.9999996565844245, 0.0007738965668732112, 0.03424026807557209], [0.0, 0.0, 0.0, 1.0]]}, "Hobj2base": {"type": "ndarray", "data": [[0.9999999548440911, 0.00012248223151185904, 0.0002744265268214133, -0.7353016027218895], [0.00012252845747546322, -0.9999999783081794, -0.0001684352023774643, 0.08879382608592526], [0.00027440589054915, 0.0001684688198306414, -0.9999999481598305, -0.000207771464012459], [0.0, 0.0, 0.0, 1.0]]}, "mean_rme": {"type": "float", "data": 0.0016610499135672459}, "max_rme": {"type": "float", "data": 0.005280888823622196}, "simu": {"type": "float", "data": 0.002}}, {"type": "dict", "image_number": {"type": "int", "data": 30}, "Hcamera2end": {"type": "ndarray", "data": [[0.9999997314431733, -0.00041702477339342704, -0.0006026640189139391, -0.017133365294233142], [0.0006030069075416593, 0.0008225893877443768, 0.9999994798645488, 0.024704287207090003], [-0.00041652881145772463, -0.999999574718428, 0.0008228406356513007, 0.03417718974985212], [0.0, 0.0, 0.0, 1.0]]}, "Hobj2base": {"type": "ndarray", "data": [[0.9999997605022816, -0.0005968339361839382, 0.0003504063814105328, -0.7352321757199799], [-0.0005967595363972552, -0.9999997993841525, -0.00021239046670620205, 0.08883920843934957], [0.0003505330729517119, 0.00021218130748944868, -0.9999999160528252, -0.0006134344175337222], [0.0, 0.0, 0.0, 1.0]]}, "mean_rme": {"type": "float", "data": 0.0016721587200443375}, "max_rme": {"type": "float", "data": 0.005355301365495391}, "simu": {"type": "float", "data": 0.002}}]}