{"type": "list", "data": [{"type": "dict", "image_number": {"type": "int", "data": 5}, "Hcamera2end": {"type": "ndarray", "data": [[0.9999992019543712, 0.0006585314459878651, -0.0010781590584315898, -0.012730204641048353], [0.001078054069709642, 0.00015976272759821164, 0.9999994061374702, 0.033964759391353], [0.0006587033045426742, -0.9999997704060761, 0.00015905266759486114, 0.028979532363187163], [0.0, 0.0, 0.0, 1.0]]}, "Hobj2base": {"type": "ndarray", "data": [[0.9999986138279537, 0.0006774934913856403, 0.0015209683560984382, -0.732298127252755], [0.0006768811796201058, -0.9999996896876553, 0.00040305888170021547, 0.09118133586222923], [0.0015212409538921784, -0.0004020288081362199, -0.9999987620986328, -0.005927321886807379], [0.0, 0.0, 0.0, 1.0]]}, "mean_rme": {"type": "float", "data": 0.0015686377146982848}, "max_rme": {"type": "float", "data": 0.007187810895628199}, "simu": {"type": "float", "data": 0.002}}, {"type": "dict", "image_number": {"type": "int", "data": 6}, "Hcamera2end": {"type": "ndarray", "data": [[0.9999995044412086, -0.0004671363263723608, -0.0008791478771001621, -0.012927552571277378], [0.0008793810297442526, 0.000499139735151144, 0.9999994887741339, 0.03285313213004394], [-0.0004666972699216534, -0.9999997663215614, 0.0004995502786218076, 0.02905047246553051], [0.0, 0.0, 0.0, 1.0]]}, "Hobj2base": {"type": "ndarray", "data": [[0.9999995861047156, -0.0003312586772839779, 0.0008473830810801878, -0.7323299541357344], [-0.00033180550674629565, -0.9999997367746312, 0.0006452563633601968, 0.0907667977392193], [0.0008471691112580277, -0.0006455372626642569, -0.9999994327929091, -0.00467722244115773], [0.0, 0.0, 0.0, 1.0]]}, "mean_rme": {"type": "float", "data": 0.0012842613611008236}, "max_rme": {"type": "float", "data": 0.007073761278046209}, "simu": {"type": "float", "data": 0.002}}, {"type": "dict", "image_number": {"type": "int", "data": 7}, "Hcamera2end": {"type": "ndarray", "data": [[0.9999994315482763, -0.0008298055561414605, -0.0006695714026444637, -0.013425030462599333], [0.0006702223758536255, 0.0007844592261782024, 0.9999994677127031, 0.032675979304544064], [-0.0008292798629821144, -0.9999993480230183, 0.0007850149345023372, 0.029261210952095294], [0.0, 0.0, 0.0, 1.0]]}, "Hobj2base": {"type": "ndarray", "data": [[0.9999995296699423, -0.0006748174251848642, 0.0006966213725568843, -0.7323363737797169], [-0.0006752355103817329, -0.9999995919680056, 0.0006001006814901757, 0.09022098741019072], [0.0006962161299163415, -0.0006005707827328289, -0.9999995772988284, -0.004467392719392235], [0.0, 0.0, 0.0, 1.0]]}, "mean_rme": {"type": "float", "data": 0.0012361467386149893}, "max_rme": {"type": "float", "data": 0.007293099941326875}, "simu": {"type": "float", "data": 0.002}}, {"type": "dict", "image_number": {"type": "int", "data": 8}, "Hcamera2end": {"type": "ndarray", "data": [[0.9999992866725973, -0.0006584648729093059, -0.0009965331442942525, -0.012608079502984156], [0.0009971132432671946, 0.0008812467828658299, 0.9999991145842521, 0.03228432518082651], [-0.0006575860982667094, -0.9999993949138765, 0.0008819027182933592, 0.029207542390676307], [0.0, 0.0, 0.0, 1.0]]}, "Hobj2base": {"type": "ndarray", "data": [[0.9999997591909284, -0.0005463994817168153, 0.00042786176698208844, -0.7325796876577317], [-0.0005466007350057477, -0.9999997399783833, 0.00047039430424630746, 0.09113633621633943], [0.00042760463252473755, -0.000470628060527405, -0.9999997978317328, -0.004219273379291982], [0.0, 0.0, 0.0, 1.0]]}, "mean_rme": {"type": "float", "data": 0.0012591403012445}, "max_rme": {"type": "float", "data": 0.006647884517509889}, "simu": {"type": "float", "data": 0.002}}, {"type": "dict", "image_number": {"type": "int", "data": 9}, "Hcamera2end": {"type": "ndarray", "data": [[0.9999993918931847, -0.0009252762955256374, -0.0006000641947348482, -0.013024725926638059], [0.0006008011584944263, 0.000796407529271459, 0.9999995023863838, 0.03231646727301774], [-0.0009247979394528211, -0.9999992547991344, 0.0007969629520409027, 0.02944576848049516], [0.0, 0.0, 0.0, 1.0]]}, "Hobj2base": {"type": "ndarray", "data": [[0.9999996769272391, -0.0007763932171187633, 0.00020822821575374007, -0.7325853865669485], [-0.0007765011092259444, -0.9999995640685113, 0.0005185641853769314, 0.09122175651102876], [0.00020782551526433667, -0.0005187257072834733, -0.9999998438660855, -0.003999847872304224], [0.0, 0.0, 0.0, 1.0]]}, "mean_rme": {"type": "float", "data": 0.0013706519104774724}, "max_rme": {"type": "float", "data": 0.006465171315135743}, "simu": {"type": "float", "data": 0.002}}, {"type": "dict", "image_number": {"type": "int", "data": 10}, "Hcamera2end": {"type": "ndarray", "data": [[0.9999989028447207, -0.0007880560693107079, -0.0012543033869152516, -0.012360066907827778], [0.0012535060082950254, -0.0010115102713696977, 0.9999987027839876, 0.03246864029853491], [-0.0007893237877910345, -0.9999991779069632, -0.001010521328568048, 0.0316177522858055], [0.0, 0.0, 0.0, 1.0]]}, "Hobj2base": {"type": "ndarray", "data": [[0.9999975232617507, -0.0006088102633783248, 0.0021407523041159756, -0.7335849274345886], [-0.0006075088107874195, -0.999999630306343, -0.0006085394164549524, 0.09159784952294969], [0.002141121997735836, 0.0006072373833756396, -0.9999975234266085, -0.00439414159466191], [0.0, 0.0, 0.0, 1.0]]}, "mean_rme": {"type": "float", "data": 0.0015003639379748018}, "max_rme": {"type": "float", "data": 0.006399499251054708}, "simu": {"type": "float", "data": 0.002}}, {"type": "dict", "image_number": {"type": "int", "data": 11}, "Hcamera2end": {"type": "ndarray", "data": [[0.9999994040599098, -0.0007383695120247739, -0.0008041705596011257, -0.013222681712699535], [0.0008036338676457575, -0.0007268701491838225, 0.9999994129160239, 0.032573674319688106], [-0.0007389536061144918, -0.9999994632349807, -0.0007262763372659631, 0.030153267806228533], [0.0, 0.0, 0.0, 1.0]]}, "Hobj2base": {"type": "ndarray", "data": [[0.9999980810657287, -0.000578879498835781, 0.001871567093666095, -0.7323151317072635], [-0.0005786316471575124, -0.9999998237523438, -0.000132968788056779, 0.09091782729123477], [0.0018716437367121723, 0.0001318855849482408, -0.9999982397764087, -0.004267492032151351], [0.0, 0.0, 0.0, 1.0]]}, "mean_rme": {"type": "float", "data": 0.0014508652334608491}, "max_rme": {"type": "float", "data": 0.006624604851159316}, "simu": {"type": "float", "data": 0.002}}, {"type": "dict", "image_number": {"type": "int", "data": 12}, "Hcamera2end": {"type": "ndarray", "data": [[0.9999998608117227, -0.0005236534561814995, 6.452591024108621e-05, -0.013932565655410786], [-6.491192010458501e-05, -0.0007371640384430389, 0.9999997261877739, 0.032551113017405424], [-0.0005236057466182035, -0.9999995911880354, -0.0007371979271897366, 0.02997509586289175], [0.0, 0.0, 0.0, 1.0]]}, "Hobj2base": {"type": "ndarray", "data": [[0.9999986037322545, -0.0004263009223637884, 0.0016157973465697627, -0.7321261624724666], [-0.0004274803325721107, -0.9999996424360063, 0.0007296495217579104, 0.09074563927644892], [0.0016154857185546828, -0.0007303392245588983, -0.99999842840402, -0.004045829566685403], [0.0, 0.0, 0.0, 1.0]]}, "mean_rme": {"type": "float", "data": 0.0013805779351867499}, "max_rme": {"type": "float", "data": 0.0066087054174278625}, "simu": {"type": "float", "data": 0.002}}, {"type": "dict", "image_number": {"type": "int", "data": 13}, "Hcamera2end": {"type": "ndarray", "data": [[0.9999996669374921, -0.0007873214381993831, -0.0002150578012804266, -0.013572562257940398], [0.00021440889596793176, -0.0008241852780235259, 0.9999996373736608, 0.03257477620116621], [-0.0007874984001696316, -0.9999993504215794, -0.0008240161947981051, 0.02965859667782244], [0.0, 0.0, 0.0, 1.0]]}, "Hobj2base": {"type": "ndarray", "data": [[0.9999981866516946, -0.0006909859503014046, 0.001774607488714296, -0.7318889236192923], [-0.0006918901529701383, -0.9999996311241748, 0.0005089592626279991, 0.09114738225260169], [0.001774255150404742, -0.0005101861731544112, -0.9999982958629132, -0.0040931430463969415], [0.0, 0.0, 0.0, 1.0]]}, "mean_rme": {"type": "float", "data": 0.001366160628408268}, "max_rme": {"type": "float", "data": 0.006416748431765401}, "simu": {"type": "float", "data": 0.002}}, {"type": "dict", "image_number": {"type": "int", "data": 14}, "Hcamera2end": {"type": "ndarray", "data": [[0.9999996766721445, -0.0006776960549428437, -0.0004328783473091893, -0.013476545387277687], [0.0004323713944858409, -0.0007480212547275045, 0.9999996267595205, 0.0325705008298815], [-0.0006780196042037415, -0.9999994905960002, -0.0007477279964831496, 0.02976024735683024], [0.0, 0.0, 0.0, 1.0]]}, "Hobj2base": {"type": "ndarray", "data": [[0.9999984871104293, -0.00058682657243029, 0.0016375015805954742, -0.7320639711086426], [-0.0005873332031723825, -0.9999997798013298, 0.00030892879508657517, 0.09113295833190985], [0.001637319932393858, -0.00030989008675995393, -0.9999986115748227, -0.004097256518763569], [0.0, 0.0, 0.0, 1.0]]}, "mean_rme": {"type": "float", "data": 0.0012839772836279958}, "max_rme": {"type": "float", "data": 0.006377697382424635}, "simu": {"type": "float", "data": 0.002}}, {"type": "dict", "image_number": {"type": "int", "data": 15}, "Hcamera2end": {"type": "ndarray", "data": [[0.9999997665621799, -0.0005216517155437844, -0.0004413106314342936, -0.013673357002188821], [0.00044093725573869863, -0.0007156551076126227, 0.9999996467059893, 0.032583069009084434], [-0.0005219673574547874, -0.9999996078585505, -0.0007154249248757516, 0.0299874701251233], [0.0, 0.0, 0.0, 1.0]]}, "Hobj2base": {"type": "ndarray", "data": [[0.9999986410023918, -0.00044406713022603116, 0.0015877020354918606, -0.732408605337808], [-0.0004445901155470855, -0.9999998470295981, 0.00032905988756017486, 0.09109044627776866], [0.0015875556679405007, -0.00032976531699998836, -0.9999986854600544, -0.00407684612277969], [0.0, 0.0, 0.0, 1.0]]}, "mean_rme": {"type": "float", "data": 0.001293287965524327}, "max_rme": {"type": "float", "data": 0.006239266650222841}, "simu": {"type": "float", "data": 0.002}}, {"type": "dict", "image_number": {"type": "int", "data": 16}, "Hcamera2end": {"type": "ndarray", "data": [[0.9999993144127926, -0.0010707825937687461, -0.0004739183282476759, -0.013712578280122997], [0.0004731554594720991, -0.0007125814320532164, 0.9999996341757401, 0.031911762232339144], [-0.0010711199074515151, -0.9999991728258278, -0.0007120742968864668, 0.030100859477582897], [0.0, 0.0, 0.0, 1.0]]}, "Hobj2base": {"type": "ndarray", "data": [[0.9999985321758887, -0.0009372967787494522, 0.001434266647676958, -0.7324452871577964], [-0.0009379297547462943, -0.9999994630289626, 0.000440714830245043, 0.09103425940053624], [0.0014338527969265727, -0.00044205942471828535, -0.9999988743241772, -0.003432140372575457], [0.0, 0.0, 0.0, 1.0]]}, "mean_rme": {"type": "float", "data": 0.0012370062151814095}, "max_rme": {"type": "float", "data": 0.0059215373249545955}, "simu": {"type": "float", "data": 0.002}}, {"type": "dict", "image_number": {"type": "int", "data": 17}, "Hcamera2end": {"type": "ndarray", "data": [[0.9999991925565603, -0.001238342729736718, -0.00028529548017220644, -0.014420165263176354], [0.0002851023541571054, -0.00015612894748784356, 0.9999999471701984, 0.03179485224321273], [-0.0012383872071983597, -0.9999992210652144, -0.00015577576699499218, 0.030529913678399963], [0.0, 0.0, 0.0, 1.0]]}, "Hobj2base": {"type": "ndarray", "data": [[0.999998986072769, -0.0011200728043586857, 0.0008793692891994021, -0.7328984050736959], [-0.001120456846899872, -0.9999992770856141, 0.0004363538742305625, 0.09026296069554016], [0.0008788799053830903, -0.000437338727140524, -0.9999995181523589, -0.0034204785591120325], [0.0, 0.0, 0.0, 1.0]]}, "mean_rme": {"type": "float", "data": 0.0014265053879018278}, "max_rme": {"type": "float", "data": 0.006116933161836174}, "simu": {"type": "float", "data": 0.002}}, {"type": "dict", "image_number": {"type": "int", "data": 18}, "Hcamera2end": {"type": "ndarray", "data": [[0.9999990224117714, -0.0013609975141656242, -0.0003207199214279894, -0.014449757221447004], [0.0003206103647048834, -8.07147835275579e-05, 0.9999999453470576, 0.03179907279547497], [-0.001361023326622136, -0.9999990705850135, -8.027835471224876e-05, 0.030859363143623104], [0.0, 0.0, 0.0, 1.0]]}, "Hobj2base": {"type": "ndarray", "data": [[0.9999988932587518, -0.0012498577048141513, 0.000807054514353626, -0.733158856311918], [-0.0012501435637251024, -0.9999991559854413, 0.00035379298241110577, 0.09002220538611198], [0.0008066116423028907, -0.00035480152486051325, -0.9999996117466925, -0.003515453285810275], [0.0, 0.0, 0.0, 1.0]]}, "mean_rme": {"type": "float", "data": 0.001484372802961653}, "max_rme": {"type": "float", "data": 0.006348345225409974}, "simu": {"type": "float", "data": 0.002}}, {"type": "dict", "image_number": {"type": "int", "data": 19}, "Hcamera2end": {"type": "ndarray", "data": [[0.9999989803136581, -0.0014091353507933316, -0.00023175246969986104, -0.014385471575306348], [0.00023176944208480577, 1.188125306117449e-05, 0.9999999730708804, 0.03174609341011835], [-0.001409132559336817, -0.9999990070977065, 1.2207835460187333e-05, 0.030450815973008288], [0.0, 0.0, 0.0, 1.0]]}, "Hobj2base": {"type": "ndarray", "data": [[0.9999989089860465, -0.0013106198065789777, 0.000681397416620239, -0.732862943120162], [-0.0013109011577803868, -0.9999990556407059, 0.00041262071016317484, 0.0902569278844831], [0.0006808559842609112, -0.0004135135046505786, -0.9999996827208046, -0.003414099693359257], [0.0, 0.0, 0.0, 1.0]]}, "mean_rme": {"type": "float", "data": 0.0014421579182456567}, "max_rme": {"type": "float", "data": 0.006199577670475492}, "simu": {"type": "float", "data": 0.002}}, {"type": "dict", "image_number": {"type": "int", "data": 20}, "Hcamera2end": {"type": "ndarray", "data": [[0.9999985946805563, -0.0016398363137146677, -0.0003486743132950298, -0.013953122292010038], [0.00034850784168153595, -0.00010180186619024312, 0.9999999340893302, 0.03171394121882667], [-0.0016398717013277435, -0.9999986502857114, -0.00010123022731156617, 0.030916324256517178], [0.0, 0.0, 0.0, 1.0]]}, "Hobj2base": {"type": "ndarray", "data": [[0.9999985457140415, -0.0015326515875925136, 0.0007480300215341208, -0.733070695999792], [-0.001532846155517853, -0.9999987914937045, 0.0002596031472010325, 0.09079041149746335], [0.0007476312363594289, -0.00026074938460654123, -0.9999996865285972, -0.003313185845623992], [0.0, 0.0, 0.0, 1.0]]}, "mean_rme": {"type": "float", "data": 0.0015046509508234063}, "max_rme": {"type": "float", "data": 0.005970549039535172}, "simu": {"type": "float", "data": 0.002}}, {"type": "dict", "image_number": {"type": "int", "data": 21}, "Hcamera2end": {"type": "ndarray", "data": [[0.9999985727721195, -0.001636984567020007, -0.00041801345832967517, -0.014081189967243187], [0.0004178457327412879, -0.00010280075483404261, 0.99999990741847, 0.03173385051273273], [-0.0016370273875645183, -0.9999986548558615, -0.00010211660109793463, 0.03103577270934616], [0.0, 0.0, 0.0, 1.0]]}, "Hobj2base": {"type": "ndarray", "data": [[0.9999985765639448, -0.0015270705403244375, 0.000717583200126753, -0.7332505594003821], [-0.0015272007305364487, -0.999998817462997, 0.00018091582526563637, 0.09067150949319108], [0.0007173060803310246, -0.000182011461330982, -0.9999997261718698, -0.003251780416777005], [0.0, 0.0, 0.0, 1.0]]}, "mean_rme": {"type": "float", "data": 0.001494953694314884}, "max_rme": {"type": "float", "data": 0.005959055147637282}, "simu": {"type": "float", "data": 0.002}}, {"type": "dict", "image_number": {"type": "int", "data": 22}, "Hcamera2end": {"type": "ndarray", "data": [[0.9999984115159976, -0.0017325420483420976, -0.00041864487618611837, -0.01424376769109734], [0.00041834093480896234, -0.00017578955934305363, 0.9999998970444413, 0.031685569886757074], [-0.001732615463365569, -0.9999984836968911, -0.00017506448684412312, 0.031010668305658656], [0.0, 0.0, 0.0, 1.0]]}, "Hobj2base": {"type": "ndarray", "data": [[0.9999984916650607, -0.0015786595490385749, 0.0007242248488395568, -0.7333679630668779], [-0.0015787547056965278, -0.9999987452066885, 0.0001308381763833441, 0.09054865728604897], [0.0007240173911505339, -0.00013198135242363908, -0.9999997291898337, -0.0033075239063941582], [0.0, 0.0, 0.0, 1.0]]}, "mean_rme": {"type": "float", "data": 0.0015333027618388883}, "max_rme": {"type": "float", "data": 0.005919785134227917}, "simu": {"type": "float", "data": 0.002}}, {"type": "dict", "image_number": {"type": "int", "data": 23}, "Hcamera2end": {"type": "ndarray", "data": [[0.9999984759845127, -0.00169942645657799, -0.0003999729622580231, -0.014189558809290424], [0.0003997936542194725, -0.00010584931408885723, 0.9999999144804746, 0.03169411064742356], [-0.0016994686481075555, -0.99999855037177, -0.00010516973285978892, 0.03123234404276303], [0.0, 0.0, 0.0, 1.0]]}, "Hobj2base": {"type": "ndarray", "data": [[0.999998581693615, -0.0015574102012994259, 0.0006411585009470176, -0.7336425540908674], [-0.0015574863663779365, -0.999998780118649, 0.00011831074718848735, 0.09049194402087304], [0.0006409734604451243, -0.0001193091750115115, -0.9999997874591495, -0.003302428087992145], [0.0, 0.0, 0.0, 1.0]]}, "mean_rme": {"type": "float", "data": 0.0015249284157407882}, "max_rme": {"type": "float", "data": 0.006038325859596544}, "simu": {"type": "float", "data": 0.002}}, {"type": "dict", "image_number": {"type": "int", "data": 24}, "Hcamera2end": {"type": "ndarray", "data": [[0.9999985828512665, -0.001645953862830923, -0.0003537390848881726, -0.01424959380740029], [0.00035353425609258157, -0.0001247331123621631, 0.9999999297275877, 0.03165395004849102], [-0.001645997870142797, -0.999998637637838, -0.00012415103452245724, 0.03130332330325541], [0.0, 0.0, 0.0, 1.0]]}, "Hobj2base": {"type": "ndarray", "data": [[0.9999986502873858, -0.001518817594119354, 0.0006265911924698092, -0.7336493444056552], [-0.001518909803249272, -0.9999988356938649, 0.00014671033992213025, 0.09040845965525422], [0.0006263676366803267, -0.00014766187741020585, -0.9999997929297553, -0.0033374496319050137], [0.0, 0.0, 0.0, 1.0]]}, "mean_rme": {"type": "float", "data": 0.0015237330292188276}, "max_rme": {"type": "float", "data": 0.006066508643874896}, "simu": {"type": "float", "data": 0.002}}, {"type": "dict", "image_number": {"type": "int", "data": 25}, "Hcamera2end": {"type": "ndarray", "data": [[0.9999979889560433, -0.001976175084202533, -0.00034178341937420563, -0.0141038336389565], [0.0003415454555298588, -0.00012075260046118252, 0.9999999343827535, 0.03114457356031794], [-0.00197621622576805, -0.9999980400735025, -0.00012007740400288291, 0.03139356630235618], [0.0, 0.0, 0.0, 1.0]]}, "Hobj2base": {"type": "ndarray", "data": [[0.99999818964608, -0.0018048316829734731, 0.0006027330742197624, -0.7335589782957149], [-0.0018049261632565898, -0.9999983589130241, 0.00015624596982956573, 0.09051064608617904], [0.0006024500874056792, -0.0001573335756641811, -0.99999980615, -0.0027422077582833835], [0.0, 0.0, 0.0, 1.0]]}, "mean_rme": {"type": "float", "data": 0.001533918711602566}, "max_rme": {"type": "float", "data": 0.005836295217263393}, "simu": {"type": "float", "data": 0.002}}, {"type": "dict", "image_number": {"type": "int", "data": 26}, "Hcamera2end": {"type": "ndarray", "data": [[0.9999979876686973, -0.0019525344542654388, -0.0004607252551752111, -0.014075945877125965], [0.00046060293133482714, -6.309795766057391e-05, 0.9999998919317878, 0.03138981475282135], [-0.0019525633140811752, -0.9999980918121056, -6.21984875934789e-05, 0.03140616602682144], [0.0, 0.0, 0.0, 1.0]]}, "Hobj2base": {"type": "ndarray", "data": [[0.9999981738123123, -0.0018253287903995292, 0.0005661685680426382, -0.7335480585822975], [-0.0018254882389175133, -0.9999982942473453, 0.0002812384901857153, 0.09056707329056843], [0.000565654249585996, -0.00028227151065365387, -0.9999998001790118, -0.0029401034465509346], [0.0, 0.0, 0.0, 1.0]]}, "mean_rme": {"type": "float", "data": 0.001536137699319235}, "max_rme": {"type": "float", "data": 0.0058990167452198095}, "simu": {"type": "float", "data": 0.002}}, {"type": "dict", "image_number": {"type": "int", "data": 27}, "Hcamera2end": {"type": "ndarray", "data": [[0.9999981031487182, -0.001880943770251727, -0.0005057168166572247, -0.014019519313594568], [0.0005056653690233529, -2.782749577057153e-05, 0.9999998717640742, 0.03162176238522373], [-0.0018809576018797378, -0.9999982306365164, -2.6876314860091455e-05, 0.031418715945283275], [0.0, 0.0, 0.0, 1.0]]}, "Hobj2base": {"type": "ndarray", "data": [[0.9999982698840705, -0.0017820093211997916, 0.000533546291189279, -0.7335432145889611], [-0.0017822096876794161, -0.9999983414388092, 0.000375297560984397, 0.09061810736744816], [0.0005328766225182093, -0.0003762478030450914, -0.999999787240025, -0.0031658236895632107], [0.0, 0.0, 0.0, 1.0]]}, "mean_rme": {"type": "float", "data": 0.001522214415211267}, "max_rme": {"type": "float", "data": 0.006005588815000185}, "simu": {"type": "float", "data": 0.002}}, {"type": "dict", "image_number": {"type": "int", "data": 28}, "Hcamera2end": {"type": "ndarray", "data": [[0.9999981547081059, -0.0018167500575446013, -0.0006244994887360788, -0.014223982441442202], [0.0006243702699188575, -7.169265263784474e-05, 0.9999998025109452, 0.03136660053169609], [-0.0018167944707812686, -0.9999983471383299, -7.055819562018506e-05, 0.031386210732984976], [0.0, 0.0, 0.0, 1.0]]}, "Hobj2base": {"type": "ndarray", "data": [[0.9999983804253247, -0.0017223389506319505, 0.000522202323498814, -0.7335825791386111], [-0.0017224791190871812, -0.9999984805963442, 0.00026808708706975133, 0.09042361827018654], [0.0005217397932304732, -0.00026898613548085985, -0.9999998277170081, -0.002773745703919754], [0.0, 0.0, 0.0, 1.0]]}, "mean_rme": {"type": "float", "data": 0.0015415773684018435}, "max_rme": {"type": "float", "data": 0.0058093180338206485}, "simu": {"type": "float", "data": 0.002}}, {"type": "dict", "image_number": {"type": "int", "data": 29}, "Hcamera2end": {"type": "ndarray", "data": [[0.9999982477791096, -0.0017549222984004583, -0.0006516797043508085, -0.01421073266932986], [0.0006516072112358259, -4.1879890820828436e-05, 0.9999997868270356, 0.03135031435001167], [-0.0017549492165733383, -0.9999984592457136, -4.0736297413079825e-05, 0.03139130972507539], [0.0, 0.0, 0.0, 1.0]]}, "Hobj2base": {"type": "ndarray", "data": [[0.9999984553588741, -0.0016876430844365638, 0.0004910607756696411, -0.7335857542097067], [-0.0016877979264736818, -0.9999985260308679, 0.00031507816650574186, 0.09046521730495355], [0.0004905283123724554, -0.00031590649118199576, -0.9999998297925174, -0.0027512425892623387], [0.0, 0.0, 0.0, 1.0]]}, "mean_rme": {"type": "float", "data": 0.0015114870487162807}, "max_rme": {"type": "float", "data": 0.0057548842880345286}, "simu": {"type": "float", "data": 0.002}}, {"type": "dict", "image_number": {"type": "int", "data": 30}, "Hcamera2end": {"type": "ndarray", "data": [[0.9999983140578725, -0.0017132565979605455, -0.0006607822955953239, -0.014149500589005097], [0.000660753047066097, -1.763785464170553e-05, 0.9999997815471343, 0.0312679043163375], [-0.0017132678784768122, -0.9999985322192905, -1.6505785387810334e-05, 0.031383232240312094], [0.0, 0.0, 0.0, 1.0]]}, "Hobj2base": {"type": "ndarray", "data": [[0.9999985057009975, -0.001667603140896785, 0.0004557362576867057, -0.7336011565395213], [-0.0016677887872652306, -0.9999985263011641, 0.0004072788482381919, 0.09059415439694882], [0.00045505640658217056, -0.0004080383114623353, -0.9999998132141836, -0.0026984713078930856], [0.0, 0.0, 0.0, 1.0]]}, "mean_rme": {"type": "float", "data": 0.0015045474557842293}, "max_rme": {"type": "float", "data": 0.005624878317586013}, "simu": {"type": "float", "data": 0.002}}]}