{"type": "list", "data": [{"type": "dict", "image_number": {"type": "int", "data": 5}, "Hcamera2end": {"type": "ndarray", "data": [[0.9999968589242978, 0.0020117306994535526, -0.0014950187727553123, -0.017454306427425265], [0.0014947087699057572, 0.000155592244208691, 0.9999988708177356, 0.027965216343241492], [0.0020119610411689134, -0.9999979643632511, 0.00015258480396251883, 0.038789550012709], [0.0, 0.0, 0.0, 1.0]]}, "Hobj2base": {"type": "ndarray", "data": [[0.9999946265897786, 0.002350364671657227, 0.002285295928210543, -0.7413780966401846], [0.002348733697132954, -0.9999969853179724, 0.0007161040334394265, 0.08790984493521674], [0.0022869721443914076, -0.0007107326339641849, -0.999997132304655, 0.0026837586436538998], [0.0, 0.0, 0.0, 1.0]]}, "mean_rme": {"type": "float", "data": 0.0014437142706951133}, "max_rme": {"type": "float", "data": 0.002690004819144276}, "simu": {"type": "float", "data": 0.002}}, {"type": "dict", "image_number": {"type": "int", "data": 6}, "Hcamera2end": {"type": "ndarray", "data": [[0.9999959558462842, 0.002588459468173751, -0.0011782056942473758, -0.015021541538972236], [0.0011757222474886079, 0.0009607426742539449, 0.999998847324691, 0.028451715496020547], [0.002589588437009946, -0.9999961884182837, 0.0009576954794794368, 0.03425606857845117], [0.0, 0.0, 0.0, 1.0]]}, "Hobj2base": {"type": "ndarray", "data": [[0.9999958507735984, 0.0026406171796969353, 0.0011513368305531922, -0.7375086156634775], [0.0026395184012166996, -0.999996060615796, 0.0009548274708961722, 0.090444647093771], [0.0011538536288183633, -0.0009517845343505772, -0.9999988813633762, 0.0013406581089828913], [0.0, 0.0, 0.0, 1.0]]}, "mean_rme": {"type": "float", "data": 0.001592875094525117}, "max_rme": {"type": "float", "data": 0.00400358630072517}, "simu": {"type": "float", "data": 0.002}}, {"type": "dict", "image_number": {"type": "int", "data": 7}, "Hcamera2end": {"type": "ndarray", "data": [[0.9999984126640209, 0.0014399933981396184, -0.0010493276189024558, -0.014429977047459377], [0.0010463082201312443, 0.0020959681766412608, 0.9999972560744906, 0.03084509082155202], [0.0014421888042010903, -0.9999967666629804, 0.0020944581727061484, 0.03422746200072348], [0.0, 0.0, 0.0, 1.0]]}, "Hobj2base": {"type": "ndarray", "data": [[0.999998778303772, 0.00110597071543346, 0.001104635568881753, -0.7371260911005793], [0.0011043159556688388, -0.9999982689848692, 0.0014975024323098773, 0.0901315158487853], [0.0011062898505772947, -0.0014962807361328888, -0.9999982686318634, -0.0009360599521788962], [0.0, 0.0, 0.0, 1.0]]}, "mean_rme": {"type": "float", "data": 0.0015710106870742541}, "max_rme": {"type": "float", "data": 0.0039971193191642995}, "simu": {"type": "float", "data": 0.002}}, {"type": "dict", "image_number": {"type": "int", "data": 8}, "Hcamera2end": {"type": "ndarray", "data": [[0.9999981375736752, 0.00043207090771360307, -0.0018810007739578282, -0.012722773190513377], [0.0018800397598997347, 0.0022139452153946415, 0.9999957819396464, 0.030659461876187587], [0.00043623351787609483, -0.9999974558774208, 0.002213128781599183, 0.0328896556937905], [0.0, 0.0, 0.0, 1.0]]}, "Hobj2base": {"type": "ndarray", "data": [[0.9999994526678212, 0.0002246918152567952, 0.0010218501094911116, -0.7353388843767008], [0.00022402233351408572, -0.999999760241459, 0.0006552335605199845, 0.09104926647968269], [0.0010219970901119504, -0.0006550042846435423, -0.9999992632453962, -0.0010410777393421028], [0.0, 0.0, 0.0, 1.0]]}, "mean_rme": {"type": "float", "data": 0.0015889321237345451}, "max_rme": {"type": "float", "data": 0.003864463747184299}, "simu": {"type": "float", "data": 0.002}}, {"type": "dict", "image_number": {"type": "int", "data": 9}, "Hcamera2end": {"type": "ndarray", "data": [[0.999998470583342, -0.0002007789998310323, -0.001737388491416355, -0.013350613637026002], [0.001737869678035573, 0.0024218037755018296, 0.9999955573278588, 0.03047804603027673], [-0.00019657049382773779, -0.9999970472727738, 0.0024221489992904965, 0.03297421374633717], [0.0, 0.0, 0.0, 1.0]]}, "Hobj2base": {"type": "ndarray", "data": [[0.9999995646096758, -0.0003664407547849808, 0.0008581967328166973, -0.735098082044703], [-0.0003670866233422441, -0.9999996494568111, 0.0007525514371166568, 0.09068294954913149], [0.0008579206664650465, -0.0007528661420038555, -0.9999993485821388, -0.0008178964931571972], [0.0, 0.0, 0.0, 1.0]]}, "mean_rme": {"type": "float", "data": 0.0016039838121279216}, "max_rme": {"type": "float", "data": 0.004136166212694914}, "simu": {"type": "float", "data": 0.002}}, {"type": "dict", "image_number": {"type": "int", "data": 10}, "Hcamera2end": {"type": "ndarray", "data": [[0.9999978711141998, -0.0003503837863208279, -0.0020334695155293523, -0.013216678735449194], [0.002034361062364891, 0.002563200134807375, 0.999994645675734, 0.030341278583887528], [-0.0003451697209160866, -0.9999966536125364, 0.0025639074851787624, 0.03316600084471535], [0.0, 0.0, 0.0, 1.0]]}, "Hobj2base": {"type": "ndarray", "data": [[0.9999995786395154, -0.0005561066375558973, 0.0007303877047772225, -0.7351937808747717], [-0.0005564735364416603, -0.999999719052431, 0.0005022273023121005, 0.0906486363621517], [0.0007301082076401946, -0.000502633532122412, -0.999999607150692, -0.0010028431150826632], [0.0, 0.0, 0.0, 1.0]]}, "mean_rme": {"type": "float", "data": 0.001615111346322499}, "max_rme": {"type": "float", "data": 0.004348043599250617}, "simu": {"type": "float", "data": 0.002}}, {"type": "dict", "image_number": {"type": "int", "data": 11}, "Hcamera2end": {"type": "ndarray", "data": [[0.999998380293283, -0.00032928112392863966, -0.0017694588867257204, -0.013066935687306887], [0.0017703186916828936, 0.002629447301633947, 0.9999949759766884, 0.030327962263923938], [-0.0003246267707175439, -0.9999964887842503, 0.002630025975228989, 0.033201221497211275], [0.0, 0.0, 0.0, 1.0]]}, "Hobj2base": {"type": "ndarray", "data": [[0.9999995692334754, -0.000500939912218658, 0.0007814039082551317, -0.735144311071889], [-0.0005012993404038333, -0.999999768618705, 0.00045984944089794627, 0.0907142213257845], [0.0007811733705143261, -0.0004602409600739981, -0.9999995889731277, -0.0007528371681544309], [0.0, 0.0, 0.0, 1.0]]}, "mean_rme": {"type": "float", "data": 0.001659489629605099}, "max_rme": {"type": "float", "data": 0.004000467153198017}, "simu": {"type": "float", "data": 0.002}}, {"type": "dict", "image_number": {"type": "int", "data": 12}, "Hcamera2end": {"type": "ndarray", "data": [[0.9999980907630284, -0.0009895583724579009, -0.001685005793939862, -0.01261659972653666], [0.001687856697777587, 0.0028872524281861045, 0.9999944074409537, 0.031322745814486616], [-0.0009846878012242126, -0.9999953422629746, 0.002888917148463732, 0.033144739089185575], [0.0, 0.0, 0.0, 1.0]]}, "Hobj2base": {"type": "ndarray", "data": [[0.9999986416044134, -0.0012845496529754344, 0.0010328221129068387, -0.7351284548230286], [-0.0012856509995189135, -0.9999986049549812, 0.0010663909221795959, 0.09072046865387462], [0.001031450839984473, -0.0010677173223806577, -0.999998898043835, -0.001859422686672399], [0.0, 0.0, 0.0, 1.0]]}, "mean_rme": {"type": "float", "data": 0.0016114438657004455}, "max_rme": {"type": "float", "data": 0.004016298078098723}, "simu": {"type": "float", "data": 0.002}}, {"type": "dict", "image_number": {"type": "int", "data": 13}, "Hcamera2end": {"type": "ndarray", "data": [[0.9999974266449304, -0.0016252397366450047, -0.001582813733657745, -0.012745010033282336], [0.0015877611329660236, 0.0030473398490590276, 0.9999940963497878, 0.030946181193549936], [-0.001620406770433876, -0.9999940361400375, 0.003049912499657248, 0.0330360315780712], [0.0, 0.0, 0.0, 1.0]]}, "Hobj2base": {"type": "ndarray", "data": [[0.999997200234022, -0.0019419233527003608, 0.0013522047956420265, -0.7351780421502189], [-0.0019430174238336047, -0.9999977856982185, 0.0008082585914709823, 0.09097570941303788], [0.0013506322252187402, -0.0008108836860146003, -0.9999987591293502, -0.0015726111408512211], [0.0, 0.0, 0.0, 1.0]]}, "mean_rme": {"type": "float", "data": 0.0015480987685359373}, "max_rme": {"type": "float", "data": 0.004067274820362621}, "simu": {"type": "float", "data": 0.002}}, {"type": "dict", "image_number": {"type": "int", "data": 14}, "Hcamera2end": {"type": "ndarray", "data": [[0.9999970060158457, -0.001711733880971705, -0.001748692787591674, -0.012681504751311076], [0.0017541441716815785, 0.0031884110414349687, 0.9999933784847055, 0.03080749127983987], [-0.0017061469953075978, -0.9999934519796374, 0.003191404123393582, 0.0325864174635811], [0.0, 0.0, 0.0, 1.0]]}, "Hobj2base": {"type": "ndarray", "data": [[0.9999971897545208, -0.002071798778940924, 0.0011524464762546617, -0.7349596474210868], [-0.0020726643068541407, -0.9999975705168618, 0.0007503486155191496, 0.09096914316330074], [0.0011508891050599677, -0.0007527351415322378, -0.99999905442159, -0.0011924851937245415], [0.0, 0.0, 0.0, 1.0]]}, "mean_rme": {"type": "float", "data": 0.0015569925038593604}, "max_rme": {"type": "float", "data": 0.003951634656715275}, "simu": {"type": "float", "data": 0.002}}, {"type": "dict", "image_number": {"type": "int", "data": 15}, "Hcamera2end": {"type": "ndarray", "data": [[0.999996998213638, -0.0017224763652992944, -0.0017425954448088829, -0.012739100832548415], [0.0017481659396283386, 0.003237805906379343, 0.999993230241465, 0.030966240085574893], [-0.001716822518726588, -0.9999932748214276, 0.0032408073616913002, 0.032259616011409566], [0.0, 0.0, 0.0, 1.0]]}, "Hobj2base": {"type": "ndarray", "data": [[0.9999972250880689, -0.0020889851951849214, 0.0010890165363623358, -0.7346885387187947], [-0.002089783428460152, -0.999997548221405, 0.0007323635709993174, 0.09100307815390893], [0.0010874839696775925, -0.0007346373474659153, -0.9999991388429206, -0.001365231393099157], [0.0, 0.0, 0.0, 1.0]]}, "mean_rme": {"type": "float", "data": 0.0014911475634964313}, "max_rme": {"type": "float", "data": 0.004133233717822649}, "simu": {"type": "float", "data": 0.002}}, {"type": "dict", "image_number": {"type": "int", "data": 16}, "Hcamera2end": {"type": "ndarray", "data": [[0.999996929157843, -0.001642724506016354, -0.00185556759006967, -0.012947067612551193], [0.0018606249740293517, 0.003082499733237376, 0.9999935181140428, 0.03089449919148098], [-0.0016369940714620538, -0.9999938998071897, 0.0030855467616085486, 0.03220159233740077], [0.0, 0.0, 0.0, 1.0]]}, "Hobj2base": {"type": "ndarray", "data": [[0.9999972398276482, -0.001980702510063459, 0.0012637858409305035, -0.7344807730114409], [-0.0019815377763047607, -0.9999978189421233, 0.0006600144227879685, 0.0907351537146665], [0.001262475792316546, -0.0006625168404193697, -0.9999989836126388, -0.0013576030346787032], [0.0, 0.0, 0.0, 1.0]]}, "mean_rme": {"type": "float", "data": 0.001454629075828309}, "max_rme": {"type": "float", "data": 0.004267818035383619}, "simu": {"type": "float", "data": 0.002}}, {"type": "dict", "image_number": {"type": "int", "data": 17}, "Hcamera2end": {"type": "ndarray", "data": [[0.9999964501335613, -0.0017419095503764426, -0.0020163014145092085, -0.013368609029038967], [0.0020212450234709353, 0.0028409565798392933, 0.9999939217486608, 0.030798758664937996], [-0.0017361707378418959, -0.999994447342999, 0.0028444673208328775, 0.03229567956372708], [0.0, 0.0, 0.0, 1.0]]}, "Hobj2base": {"type": "ndarray", "data": [[0.999997119842097, -0.001958329999268457, 0.001387534188608978, -0.7346229379579508], [-0.0019588768159356455, -0.9999980042359888, 0.0003928430460708703, 0.090139040429104], [0.0013867621030960557, -0.0003955599231742507, -0.9999989602110675, -0.0013707565315873712], [0.0, 0.0, 0.0, 1.0]]}, "mean_rme": {"type": "float", "data": 0.0015184605847215569}, "max_rme": {"type": "float", "data": 0.004541164461230762}, "simu": {"type": "float", "data": 0.002}}, {"type": "dict", "image_number": {"type": "int", "data": 18}, "Hcamera2end": {"type": "ndarray", "data": [[0.9999964759435666, -0.0016511956840806273, -0.0020788586437629755, -0.013542181461267858], [0.0020835016543453372, 0.0028151830658392774, 0.9999938668637736, 0.030934098190527417], [-0.0016453331894223644, -0.999994674134377, 0.002818613413914761, 0.032491358233002615], [0.0, 0.0, 0.0, 1.0]]}, "Hobj2base": {"type": "ndarray", "data": [[0.999997394412761, -0.0018557223582515592, 0.0013294593705384576, -0.7349065016339364], [-0.001856142325161118, -0.9999982278391424, 0.00031472884136287635, 0.08999036057954068], [0.0013288729651748956, -0.00031719568711666206, -0.9999990667413339, -0.0015083195367734269], [0.0, 0.0, 0.0, 1.0]]}, "mean_rme": {"type": "float", "data": 0.0015207505668576753}, "max_rme": {"type": "float", "data": 0.0046109446887044325}, "simu": {"type": "float", "data": 0.002}}, {"type": "dict", "image_number": {"type": "int", "data": 19}, "Hcamera2end": {"type": "ndarray", "data": [[0.9999965758987854, -0.0017115979198995708, -0.0019795512787591824, -0.013568271449516469], [0.001984398578675135, 0.002834986923864302, 0.9999940124877861, 0.03102366621329593], [-0.001705975669695719, -0.9999945166258174, 0.0028383737090617034, 0.032358267879431316], [0.0, 0.0, 0.0, 1.0]]}, "Hobj2base": {"type": "ndarray", "data": [[0.9999973936073618, -0.001905187997700837, 0.0012581880528840577, -0.7348329547709911], [-0.0019056763867788232, -0.9999981092800021, 0.0003870838806746536, 0.09007254937881387], [0.0012574482064391795, -0.0003894805710445851, -0.9999991335640717, -0.0015919917095396086], [0.0, 0.0, 0.0, 1.0]]}, "mean_rme": {"type": "float", "data": 0.0014745054983219925}, "max_rme": {"type": "float", "data": 0.004693500912556381}, "simu": {"type": "float", "data": 0.002}}, {"type": "dict", "image_number": {"type": "int", "data": 20}, "Hcamera2end": {"type": "ndarray", "data": [[0.9999966655310742, -0.0017989674346222597, -0.0018527392968207593, -0.013440449725676332], [0.0018575627430915834, 0.0026832718073644957, 0.9999946747423525, 0.031017173119699846], [-0.0017939864515356153, -0.999994781870674, 0.0026866045549607254, 0.032098015642221554], [0.0, 0.0, 0.0, 1.0]]}, "Hobj2base": {"type": "ndarray", "data": [[0.9999972003043218, -0.001891588159153771, 0.001421716481647177, -0.7344502516427759], [-0.0018922285939024213, -0.9999981088182843, 0.000449255832382092, 0.09018844388733385], [0.0014208639859099974, -0.0004519447871814748, -0.9999988884451037, -0.0015600302912747222], [0.0, 0.0, 0.0, 1.0]]}, "mean_rme": {"type": "float", "data": 0.0014811160477978882}, "max_rme": {"type": "float", "data": 0.004653920863539163}, "simu": {"type": "float", "data": 0.002}}, {"type": "dict", "image_number": {"type": "int", "data": 21}, "Hcamera2end": {"type": "ndarray", "data": [[0.9999964302668849, -0.001969597345100846, -0.001805585718106289, -0.013621847923539486], [0.0018108547454681106, 0.002676685035898241, 0.9999947780675204, 0.030981518292748814], [-0.0019647540757238113, -0.9999944780065121, 0.0026802421355460737, 0.031970490530855544], [0.0, 0.0, 0.0, 1.0]]}, "Hobj2base": {"type": "ndarray", "data": [[0.9999969828764822, -0.002006847767806301, 0.001416615674557795, -0.7342843045585737], [-0.0020075458253402444, -0.9999978640844045, 0.0004915143818967128, 0.09007092641335737], [0.001415626254246129, -0.0004943568198206819, -0.9999988758061893, -0.0016103606815148642], [0.0, 0.0, 0.0, 1.0]]}, "mean_rme": {"type": "float", "data": 0.0014579632021782182}, "max_rme": {"type": "float", "data": 0.00487224575420786}, "simu": {"type": "float", "data": 0.002}}, {"type": "dict", "image_number": {"type": "int", "data": 22}, "Hcamera2end": {"type": "ndarray", "data": [[0.9999969286017838, -0.001763270742565699, -0.0017417414524746625, -0.013549516757910735], [0.001746508778560097, 0.0027057637618081998, 0.99999481426133, 0.030901959058504288], [-0.001758548857799878, -0.999994784845778, 0.002708835019161082, 0.03191564987580884], [0.0, 0.0, 0.0, 1.0]]}, "Hobj2base": {"type": "ndarray", "data": [[0.9999974701091272, -0.0018356678070187145, 0.0013000380946441249, -0.7343797019821188], [-0.0018363492228171906, -0.9999981770655766, 0.0005231510831688273, 0.09008564061444237], [0.0012990753931583503, -0.0005255370835984093, -0.9999990181064664, -0.0014204416363129135], [0.0, 0.0, 0.0, 1.0]]}, "mean_rme": {"type": "float", "data": 0.0014961257920474622}, "max_rme": {"type": "float", "data": 0.004744157242784597}, "simu": {"type": "float", "data": 0.002}}, {"type": "dict", "image_number": {"type": "int", "data": 23}, "Hcamera2end": {"type": "ndarray", "data": [[0.9999982247791078, -0.0012937189144777126, -0.0013699379560047579, -0.013502825246266349], [0.0013732637117022312, 0.002573314346118849, 0.9999957460909793, 0.03000990471547763], [-0.0012901881301196723, -0.999995852163721, 0.002575086395155801, 0.031950199270403074], [0.0, 0.0, 0.0, 1.0]]}, "Hobj2base": {"type": "ndarray", "data": [[0.9999984193075608, -0.0013823701115375294, 0.0011182286235651496, -0.7343301974367111], [-0.0013830746439786868, -0.9999988454066877, 0.0006295155444746513, 0.09057484974712679], [0.0011173571089924293, -0.0006310611430596139, -0.9999991766371235, -0.0008463667712717077], [0.0, 0.0, 0.0, 1.0]]}, "mean_rme": {"type": "float", "data": 0.0015318243976255883}, "max_rme": {"type": "float", "data": 0.004950518902831824}, "simu": {"type": "float", "data": 0.002}}, {"type": "dict", "image_number": {"type": "int", "data": 24}, "Hcamera2end": {"type": "ndarray", "data": [[0.9999980975136163, -0.0014637411074824166, -0.0012893529843326192, -0.013468245966928203], [0.0012932592609917403, 0.00267089130766629, 0.9999955969003593, 0.03028770382251028], [-0.0014602909408061055, -0.9999953618900401, 0.0026727792230748504, 0.03164433946911739], [0.0, 0.0, 0.0, 1.0]]}, "Hobj2base": {"type": "ndarray", "data": [[0.999998193395887, -0.0015751559172363532, 0.0010639966158184466, -0.7341809337757882], [-0.0015758359714419892, -0.9999985544548591, 0.0006386150508083501, 0.09075891258068076], [0.0010629891594871918, -0.0006402905812244719, -0.9999992300407126, -0.0011393535575961178], [0.0, 0.0, 0.0, 1.0]]}, "mean_rme": {"type": "float", "data": 0.0015587588834283517}, "max_rme": {"type": "float", "data": 0.0050546663217400645}, "simu": {"type": "float", "data": 0.002}}, {"type": "dict", "image_number": {"type": "int", "data": 25}, "Hcamera2end": {"type": "ndarray", "data": [[0.9999984489138224, -0.0013205856007256608, -0.0011654285137008874, -0.013987552234283973], [0.001169092594509356, 0.002777221216282433, 0.9999954601221052, 0.030143338832743175], [-0.0013173429526339739, -0.999995271536814, 0.002778760795419166, 0.0319390017953654], [0.0, 0.0, 0.0, 1.0]]}, "Hobj2base": {"type": "ndarray", "data": [[0.9999984913818082, -0.0014854178591253307, 0.0009004265052788547, -0.7343559752780209], [-0.0014860458978395604, -0.9999986527729587, 0.0006972229602091967, 0.090279567265456], [0.0008993896247630315, -0.000698559983480431, -0.9999993515559156, -0.0007612075315030875], [0.0, 0.0, 0.0, 1.0]]}, "mean_rme": {"type": "float", "data": 0.0016328757419818744}, "max_rme": {"type": "float", "data": 0.0050968060950070115}, "simu": {"type": "float", "data": 0.002}}, {"type": "dict", "image_number": {"type": "int", "data": 26}, "Hcamera2end": {"type": "ndarray", "data": [[0.9999984642426872, -0.0013693430223994582, -0.0010938061774857508, -0.014270417198122966], [0.0010975770857525912, 0.0027560923339414733, 0.999995599630112, 0.030350022570058095], [-0.00136632236596307, -0.9999952644161538, 0.002757591060776443, 0.03233064128203545], [0.0, 0.0, 0.0, 1.0]]}, "Hobj2base": {"type": "ndarray", "data": [[0.9999984188104937, -0.0015094874169048803, 0.0009401192747002909, -0.7348145600789481], [-0.001510188973811285, -0.9999985814204162, 0.0007459801733162395, 0.09013368073050856], [0.0009389918933813999, -0.0007473987515429374, -0.9999992798444062, -0.0009229674683537778], [0.0, 0.0, 0.0, 1.0]]}, "mean_rme": {"type": "float", "data": 0.0016532037629849664}, "max_rme": {"type": "float", "data": 0.00513791207419112}, "simu": {"type": "float", "data": 0.002}}, {"type": "dict", "image_number": {"type": "int", "data": 27}, "Hcamera2end": {"type": "ndarray", "data": [[0.9999982763541889, -0.001478959456463726, -0.0011224827737453358, -0.01423863617730944], [0.0011265210892594962, 0.002732513463285402, 0.9999956321506651, 0.03051823179689481], [-0.0014758857973000829, -0.9999951730128995, 0.0027341748324177795, 0.03250922821517833], [0.0, 0.0, 0.0, 1.0]]}, "Hobj2base": {"type": "ndarray", "data": [[0.9999982503980499, -0.0016113110193296876, 0.0009501987360764114, -0.7349235016818135], [-0.0016120076516477338, -0.999998432191421, 0.000732834245213053, 0.0902522924804231], [0.0009490164224520274, -0.0007343646906779697, -0.9999992800379063, -0.0010745372391668436], [0.0, 0.0, 0.0, 1.0]]}, "mean_rme": {"type": "float", "data": 0.001655018759234892}, "max_rme": {"type": "float", "data": 0.005160514208373879}, "simu": {"type": "float", "data": 0.002}}, {"type": "dict", "image_number": {"type": "int", "data": 28}, "Hcamera2end": {"type": "ndarray", "data": [[0.9999983196714933, -0.0014389041626698723, -0.0011358736728061315, -0.014196190179201098], [0.0011397832658284314, 0.002719162938322306, 0.999995653514065, 0.030484943669397236], [-0.0014358092828994566, -0.9999952678426662, 0.0027207984081210057, 0.03251286897870578], [0.0, 0.0, 0.0, 1.0]]}, "Hobj2base": {"type": "ndarray", "data": [[0.999998354138615, -0.001558995807356912, 0.0009280367092045133, -0.7349714430184345], [-0.0015596809989265787, -0.9999985113313097, 0.0007380584974611343, 0.0902652230582834], [0.000926884697562195, -0.0007395047239408062, -0.999999297008513, -0.0010747502078381507], [0.0, 0.0, 0.0, 1.0]]}, "mean_rme": {"type": "float", "data": 0.001622503024275644}, "max_rme": {"type": "float", "data": 0.005121154488733792}, "simu": {"type": "float", "data": 0.002}}, {"type": "dict", "image_number": {"type": "int", "data": 29}, "Hcamera2end": {"type": "ndarray", "data": [[0.9999983969822489, -0.0013933416899950819, -0.001124558521118662, -0.014097864412957222], [0.0011282921739176929, 0.0026817569450221512, 0.9999957675592723, 0.030400955930205285], [-0.0013903200001348717, -0.9999954333788845, 0.0026833247426426565, 0.032560034725250285], [0.0, 0.0, 0.0, 1.0]]}, "Hobj2base": {"type": "ndarray", "data": [[0.9999984557591477, -0.001503575295328016, 0.0009098025341254618, -0.7350905903404041], [-0.0015042790916752992, -0.9999985695119022, 0.00077338125387542, 0.09031960356790215], [0.0009086383957165684, -0.0007747486565181314, -0.9999992870701384, -0.0010337472888449063], [0.0, 0.0, 0.0, 1.0]]}, "mean_rme": {"type": "float", "data": 0.0016143631275224923}, "max_rme": {"type": "float", "data": 0.005063974339466648}, "simu": {"type": "float", "data": 0.002}}, {"type": "dict", "image_number": {"type": "int", "data": 30}, "Hcamera2end": {"type": "ndarray", "data": [[0.9999984706815672, -0.0012994643802516006, -0.0011704814613113235, -0.014051562801897472], [0.0011739362646569693, 0.0026610647178402225, 0.9999957702951616, 0.030387232270879635], [-0.0012963441569812432, -0.9999956150538318, 0.002662586136585432, 0.032527635814850825], [0.0, 0.0, 0.0, 1.0]]}, "Hobj2base": {"type": "ndarray", "data": [[0.9999986366945552, -0.001394927434353851, 0.0008836212332651447, -0.7351160517464458], [-0.0013956001493651284, -0.9999987364689542, 0.0007611574855772217, 0.09032116352618066], [0.0008825583573237884, -0.0007623896298122043, -0.9999993199261676, -0.0010715375317422115], [0.0, 0.0, 0.0, 1.0]]}, "mean_rme": {"type": "float", "data": 0.0015892872072975817}, "max_rme": {"type": "float", "data": 0.005011368718314313}, "simu": {"type": "float", "data": 0.002}}]}