{"type": "list", "data": [{"type": "dict", "image_number": {"type": "int", "data": 5}, "Hcamera2end": {"type": "ndarray", "data": [[0.9999977516254277, 0.0013404799938037948, -0.0016431243031492034, -0.01485670875248246], [0.0016406333477119103, 0.0018572443884579126, 0.9999969294780359, 0.0311228617188636], [0.0013435275612220941, -0.9999973768748934, 0.0018550409764970244, 0.03121274671259922], [0.0, 0.0, 0.0, 1.0]]}, "Hobj2base": {"type": "ndarray", "data": [[0.999999185011769, 0.0012250648650229733, -0.00035943271184316576, -0.7333243138452838], [0.0012250802176585888, -0.9999992486859735, 4.2496460587219387e-05, 0.08862283924203439], [-0.0003593803808755745, -4.2936759857962586e-05, -0.9999999345010862, -0.0020892949490717294], [0.0, 0.0, 0.0, 1.0]]}, "mean_rme": {"type": "float", "data": 0.0012959625486382554}, "max_rme": {"type": "float", "data": 0.0035621578334444903}, "simu": {"type": "float", "data": 0.002}}, {"type": "dict", "image_number": {"type": "int", "data": 6}, "Hcamera2end": {"type": "ndarray", "data": [[0.9999979963669968, 0.001039619598689032, -0.0017106878972458159, -0.014945979266480534], [0.0017086712301890605, 0.0019376145979473902, 0.9999966630405805, 0.030306004046214384], [0.001042930783362855, -0.9999975824174574, 0.0019358343475801565, 0.03136982933718244], [0.0, 0.0, 0.0, 1.0]]}, "Hobj2base": {"type": "ndarray", "data": [[0.9999995344805651, 0.0009528544118038803, -0.0001520102728786839, -0.7331289477931443], [0.0009527816395219908, -0.9999994318189072, -0.0004780889147982055, 0.08881320547884441], [-0.00015246573564102093, 0.0004779438596415065, -0.9999998741619254, -0.0014178313794072268], [0.0, 0.0, 0.0, 1.0]]}, "mean_rme": {"type": "float", "data": 0.0011773117906580205}, "max_rme": {"type": "float", "data": 0.0035221194553658915}, "simu": {"type": "float", "data": 0.002}}, {"type": "dict", "image_number": {"type": "int", "data": 7}, "Hcamera2end": {"type": "ndarray", "data": [[0.9999966350096876, 0.0011052255309494184, -0.002347007845629481, -0.015022698217272486], [0.002344722872038554, 0.00206420466748114, 0.999995120654968, 0.030314907310839315], [0.0011100648427222778, -0.9999972587640511, 0.002061606273871308, 0.031546901203529466], [0.0, 0.0, 0.0, 1.0]]}, "Hobj2base": {"type": "ndarray", "data": [[0.9999995053342677, 0.0009810298936823668, -0.00016404745491585567, -0.7332126496791597], [0.0009808525961403354, -0.9999989385896055, -0.0010773800847049429, 0.08852254145530006], [-0.00016510422286413544, 0.00107721864538989, -0.9999994061701165, -0.0012199990748245865], [0.0, 0.0, 0.0, 1.0]]}, "mean_rme": {"type": "float", "data": 0.0011711905756424626}, "max_rme": {"type": "float", "data": 0.0034170064463251992}, "simu": {"type": "float", "data": 0.002}}, {"type": "dict", "image_number": {"type": "int", "data": 8}, "Hcamera2end": {"type": "ndarray", "data": [[0.9999993008319739, 0.0009136888659758394, -0.0007506718455381229, -0.014649823321020045], [0.000748649024738253, 0.0022122377155675554, 0.9999972727607448, 0.030233538700676976], [0.0009153470386964113, -0.9999971355843705, 0.0022115521365633217, 0.03386959493482668], [0.0, 0.0, 0.0, 1.0]]}, "Hobj2base": {"type": "ndarray", "data": [[0.9999996834517078, 0.0006978604245157616, -0.00038221369954786306, -0.7357387501408887], [0.0006980099603161382, -0.9999996798556299, 0.0003912425503810612, 0.08958110832269309], [-0.0003819405444920014, -0.00039150921550315374, -0.9999998504209662, -0.0006005829357519227], [0.0, 0.0, 0.0, 1.0]]}, "mean_rme": {"type": "float", "data": 0.0013718210079220227}, "max_rme": {"type": "float", "data": 0.0036290037643226143}, "simu": {"type": "float", "data": 0.002}}, {"type": "dict", "image_number": {"type": "int", "data": 9}, "Hcamera2end": {"type": "ndarray", "data": [[0.999998824450645, 0.001013956108427915, -0.001150213170790511, -0.015138638034047601], [0.0011480433568765418, 0.002137939493984997, 0.9999970556012506, 0.030058233624402426], [0.0010164122091011524, -0.9999972005499466, 0.0021367729151572368, 0.033819368894727045], [0.0, 0.0, 0.0, 1.0]]}, "Hobj2base": {"type": "ndarray", "data": [[0.999999545108824, 0.0008540221412833581, -0.00042476855722960286, -0.7358042288147137], [0.0008539839106990565, -0.9999996312897663, -9.017656013310255e-05, 0.08874645902481511], [-0.00042484541339206724, 8.981377359893613e-05, -0.999999905719926, -0.0005550545448751443], [0.0, 0.0, 0.0, 1.0]]}, "mean_rme": {"type": "float", "data": 0.001403553219177364}, "max_rme": {"type": "float", "data": 0.0038771778708550156}, "simu": {"type": "float", "data": 0.002}}, {"type": "dict", "image_number": {"type": "int", "data": 10}, "Hcamera2end": {"type": "ndarray", "data": [[0.9999994548416815, 0.0007767514448256048, -0.0006978348893724481, -0.015822232737145545], [0.0006961720036211474, 0.002139036516161097, 0.9999974699304613, 0.030011563204214137], [0.0007782421739010541, -0.9999974105866353, 0.0021384945974378677, 0.03380596084319524], [0.0, 0.0, 0.0, 1.0]]}, "Hobj2base": {"type": "ndarray", "data": [[0.9999997311221321, 0.0006274046918486409, -0.0003796301043122708, -0.7356685221962821], [0.0006275360811851512, -0.9999997432141297, 0.00034607823013583063, 0.0884256310501577], [-0.0003794128757232902, -0.000346316368671014, -0.9999998680554125, -0.00034013066497716736], [0.0, 0.0, 0.0, 1.0]]}, "mean_rme": {"type": "float", "data": 0.001306262803509487}, "max_rme": {"type": "float", "data": 0.003920023600394444}, "simu": {"type": "float", "data": 0.002}}, {"type": "dict", "image_number": {"type": "int", "data": 11}, "Hcamera2end": {"type": "ndarray", "data": [[0.9999995053597318, 0.0006928944735121619, -0.0007135667736018586, -0.01598130010644843], [0.0007120386644761155, 0.0022031474050090427, 0.9999973195676338, 0.030052586622726973], [0.0006944647090409503, -0.9999973330158239, 0.002202652947588035, 0.033845913004762536], [0.0, 0.0, 0.0, 1.0]]}, "Hobj2base": {"type": "ndarray", "data": [[0.9999996949352996, 0.000648066754397123, -0.00043604906783177794, -0.7355940160639424], [0.0006482219890368722, -0.9999997265518983, 0.0003559555888925325, 0.0883573507786684], [-0.0004358182656117851, -0.00035623813689711494, -0.9999998415784019, -0.00021665215043156015], [0.0, 0.0, 0.0, 1.0]]}, "mean_rme": {"type": "float", "data": 0.0012851189630301942}, "max_rme": {"type": "float", "data": 0.003846234904997612}, "simu": {"type": "float", "data": 0.002}}, {"type": "dict", "image_number": {"type": "int", "data": 12}, "Hcamera2end": {"type": "ndarray", "data": [[0.9999996774207051, 0.0006540568348968955, -0.0004662275651911711, -0.01595613299289366], [0.0004650136594723989, 0.0018548896580926622, 0.9999981715716548, 0.029777141793470862], [0.0006549204396898301, -0.999998065795136, 0.0018545849143813964, 0.03378273801969563], [0.0, 0.0, 0.0, 1.0]]}, "Hobj2base": {"type": "ndarray", "data": [[0.9999996702159978, 0.0007109400346254947, -0.0003925966924009764, -0.7357031240035994], [0.0007110225475173073, -0.9999997251581838, 0.00021007259000807167, 0.08843774851075535], [-0.00039244723548457436, -0.00021035166582987, -0.9999999008686669, -0.00018407223563127184], [0.0, 0.0, 0.0, 1.0]]}, "mean_rme": {"type": "float", "data": 0.0013860104184782545}, "max_rme": {"type": "float", "data": 0.004243009151733923}, "simu": {"type": "float", "data": 0.002}}, {"type": "dict", "image_number": {"type": "int", "data": 13}, "Hcamera2end": {"type": "ndarray", "data": [[0.9999995326555658, 0.0004065905285441411, -0.0008771389810582225, -0.015372768953097065], [0.000876370976694868, 0.0018852342060173832, 0.9999978389306147, 0.029597175860085118], [0.0004082432622843197, -0.9999981402863359, 0.0018848770008250693, 0.033460674790427906], [0.0, 0.0, 0.0, 1.0]]}, "Hobj2base": {"type": "ndarray", "data": [[0.9999998130472597, 0.0004572069812380555, -0.0004060384487321983, -0.7352133589708038], [0.00045713068823993806, -0.9999998778496004, -0.00018796892800464042, 0.08868497781272154], [-0.00040612433984057913, 0.0001877832802278134, -0.9999998999002251, -0.0002785046296290753], [0.0, 0.0, 0.0, 1.0]]}, "mean_rme": {"type": "float", "data": 0.0013868579137865501}, "max_rme": {"type": "float", "data": 0.004393006631153051}, "simu": {"type": "float", "data": 0.002}}, {"type": "dict", "image_number": {"type": "int", "data": 14}, "Hcamera2end": {"type": "ndarray", "data": [[0.9999996403225844, 0.0002373263537695867, -0.0008142670961029043, -0.015478452002569415], [0.0008138186992858142, 0.0018833800953824698, 0.9999978952870555, 0.029810495754360008], [0.00023885942870686304, -0.999998198276186, 0.0018831862773486252, 0.033551884083915344], [0.0, 0.0, 0.0, 1.0]]}, "Hobj2base": {"type": "ndarray", "data": [[0.9999998972315332, 0.0003293592600777835, -0.00031154357795348185, -0.7351459810811038], [0.0003292660688613853, -0.9999999010521268, -0.00029913139529729306, 0.088703184485237], [-0.0003116420688219287, 0.00029902878382682637, -0.999999906730499, -0.0005128505190809303], [0.0, 0.0, 0.0, 1.0]]}, "mean_rme": {"type": "float", "data": 0.00137471667988779}, "max_rme": {"type": "float", "data": 0.004535737300671777}, "simu": {"type": "float", "data": 0.002}}, {"type": "dict", "image_number": {"type": "int", "data": 15}, "Hcamera2end": {"type": "ndarray", "data": [[0.9999995347235339, 0.0002831933438042296, -0.000922146542454437, -0.015763154210022712], [0.0009216241812672814, 0.0018391631895625649, 0.9999978840415766, 0.029807188633713767], [0.00028488872255515293, -0.9999982686386473, 0.001838901336009613, 0.03309257515460895], [0.0, 0.0, 0.0, 1.0]]}, "Hobj2base": {"type": "ndarray", "data": [[0.9999999022137103, 0.000381514322422186, -0.00022365015465954018, -0.7345854701901473], [0.0003814224645197363, -0.9999998429539398, -0.00041062026161325113, 0.08838770416497582], [-0.00022380677704704675, 0.00041053491626703875, -0.9999998906857988, -0.0005779675686849783], [0.0, 0.0, 0.0, 1.0]]}, "mean_rme": {"type": "float", "data": 0.0013580686021064231}, "max_rme": {"type": "float", "data": 0.004620148283890901}, "simu": {"type": "float", "data": 0.002}}, {"type": "dict", "image_number": {"type": "int", "data": 16}, "Hcamera2end": {"type": "ndarray", "data": [[0.9999995495635353, 0.00040682056725970065, -0.0008575370269198466, -0.015704961596312076], [0.0008567538257010093, 0.0019214598482352185, 0.9999977869800185, 0.029621269788376082], [0.000408467389923258, -0.999998071242679, 0.001921110437662188, 0.03298654863080304], [0.0, 0.0, 0.0, 1.0]]}, "Hobj2base": {"type": "ndarray", "data": [[0.9999998613305523, 0.0004606612482662456, -0.0002552059765597291, -0.7344145571572487], [0.0004605889014387041, -0.9999998537512031, -0.00028347034411936155, 0.08839848110169266], [-0.0002553365230387306, 0.0002833527597703013, -0.999999927257234, -0.0005931338375846848], [0.0, 0.0, 0.0, 1.0]]}, "mean_rme": {"type": "float", "data": 0.0013851026259614737}, "max_rme": {"type": "float", "data": 0.004739158048871567}, "simu": {"type": "float", "data": 0.002}}, {"type": "dict", "image_number": {"type": "int", "data": 17}, "Hcamera2end": {"type": "ndarray", "data": [[0.9999995020589169, 0.0004678949415877631, -0.0008814512136129344, -0.015487637133704843], [0.0008804570481368753, 0.0021207326294017115, 0.9999973636407753, 0.02953542319280208], [0.00046976303039855227, -0.9999976417809384, 0.0021203196120026524, 0.03271154817706399], [0.0, 0.0, 0.0, 1.0]]}, "Hobj2base": {"type": "ndarray", "data": [[0.9999998005025388, 0.0004498838309508158, -0.0004433953330502252, -0.7341879875782092], [0.00044978274779267725, -0.9999998728446506, -0.00022804859677589615, 0.08856329010070324], [-0.0004434978720464972, 0.0002278491197095223, -0.9999998756972004, -0.0005354419734048592], [0.0, 0.0, 0.0, 1.0]]}, "mean_rme": {"type": "float", "data": 0.0013295018738593276}, "max_rme": {"type": "float", "data": 0.0047995006148348895}, "simu": {"type": "float", "data": 0.002}}, {"type": "dict", "image_number": {"type": "int", "data": 18}, "Hcamera2end": {"type": "ndarray", "data": [[0.999999722795164, 0.0003370578626719327, -0.0006639289060064235, -0.015505579999716688], [0.000663224631032548, 0.002085307387824753, 0.9999976058102272, 0.029579590122227887], [0.00033844155154413066, -0.9999977689400587, 0.0020850832646908124, 0.0327846454527122], [0.0, 0.0, 0.0, 1.0]]}, "Hobj2base": {"type": "ndarray", "data": [[0.9999998610479175, 0.0003128887793646285, -0.0004242696754292143, -0.7342066418621108], [0.0003128806712064066, -0.9999999508689612, -1.917709787693515e-05, 0.0887335047579808], [-0.00042427565488315085, 1.9044349431416646e-05, -0.9999999098137369, -0.0004526080164982775], [0.0, 0.0, 0.0, 1.0]]}, "mean_rme": {"type": "float", "data": 0.001336013755051116}, "max_rme": {"type": "float", "data": 0.004816299720214773}, "simu": {"type": "float", "data": 0.002}}, {"type": "dict", "image_number": {"type": "int", "data": 19}, "Hcamera2end": {"type": "ndarray", "data": [[0.9999997987455325, 0.0003010006685007139, -0.0005584867877463591, -0.015398362659052436], [0.0005578676765289547, 0.002053017389622269, 0.9999977369490661, 0.029567553680511838], [0.00030214657040798754, -0.9999978472567806, 0.0020528490578997083, 0.03265764601619947], [0.0, 0.0, 0.0, 1.0]]}, "Hobj2base": {"type": "ndarray", "data": [[0.9999998776802607, 0.00028078752318896135, -0.0004071827973728598, -0.7340531126513896], [0.00028080933434902267, -0.999999959141407, 5.350983455223492e-05, 0.08886420851205766], [-0.0004071677558420334, -5.3624168737214556e-05, -0.9999999156694301, -0.00032417491941922076], [0.0, 0.0, 0.0, 1.0]]}, "mean_rme": {"type": "float", "data": 0.0013310235016351863}, "max_rme": {"type": "float", "data": 0.004819640846404516}, "simu": {"type": "float", "data": 0.002}}, {"type": "dict", "image_number": {"type": "int", "data": 20}, "Hcamera2end": {"type": "ndarray", "data": [[0.9999999514107416, -6.903109842320232e-05, -0.0003039954305464329, -0.015070201670592375], [0.00030413323443099615, 0.002005100103091184, 0.9999979435361616, 0.029756906408752955], [-6.84214151941168e-05, -0.9999979874021167, 0.0020051210003161346, 0.0325701022124257], [0.0, 0.0, 0.0, 1.0]]}, "Hobj2base": {"type": "ndarray", "data": [[0.9999999641951677, -2.2540768474624343e-05, -0.0002666487898851901, -0.734095077114525], [-2.2507536173520516e-05, -0.999999991980159, 0.00012463182834364085, 0.08912724497589444], [-0.00026665159704389644, -0.00012462582227393515, -0.9999999566826641, -0.000788716140064541], [0.0, 0.0, 0.0, 1.0]]}, "mean_rme": {"type": "float", "data": 0.001409384363487267}, "max_rme": {"type": "float", "data": 0.0046227323570864065}, "simu": {"type": "float", "data": 0.002}}, {"type": "dict", "image_number": {"type": "int", "data": 21}, "Hcamera2end": {"type": "ndarray", "data": [[0.999999911681697, 0.00024732546478715116, -0.00033980393267362796, -0.014406559758000596], [0.0003393060100482563, 0.0020104936355613834, 0.9999979213912263, 0.029814977276290705], [0.0002480081243382491, -0.9999979483706235, 0.0020104095389813503, 0.03287847041918407], [0.0, 0.0, 0.0, 1.0]]}, "Hobj2base": {"type": "ndarray", "data": [[0.9999999014054698, 0.0002467839093574561, -0.0003691703574117421, -0.7346528216195363], [0.0002468347098747004, -0.9999999600738327, 0.00013756801652173306, 0.08963213928442311], [-0.00036913639309926483, -0.0001376591270163452, -0.9999999223941411, -0.0008617488004553616], [0.0, 0.0, 0.0, 1.0]]}, "mean_rme": {"type": "float", "data": 0.0015363740721964414}, "max_rme": {"type": "float", "data": 0.005097119478971318}, "simu": {"type": "float", "data": 0.002}}, {"type": "dict", "image_number": {"type": "int", "data": 22}, "Hcamera2end": {"type": "ndarray", "data": [[0.9999999320245043, 0.0002278186121463054, -0.0002899132055432604, -0.014383562223018932], [0.0002894726747638555, 0.0019313505618701043, 0.9999980930434706, 0.029931838591713826], [0.000228378101738535, -0.9999981089900556, 0.0019312844833225817, 0.03304374544473841], [0.0, 0.0, 0.0, 1.0]]}, "Hobj2base": {"type": "ndarray", "data": [[0.999999925614206, 0.00025897191740953363, -0.00028584108945690846, -0.7347493409232162], [0.0002590164807828874, -0.9999999543064719, 0.00015587660833649549, 0.08969544849637832], [-0.00028580070873168034, -0.00015595063429454448, -0.999999946998676, -0.0009842985578814149], [0.0, 0.0, 0.0, 1.0]]}, "mean_rme": {"type": "float", "data": 0.0014959752849176937}, "max_rme": {"type": "float", "data": 0.0050183941149694045}, "simu": {"type": "float", "data": 0.002}}, {"type": "dict", "image_number": {"type": "int", "data": 23}, "Hcamera2end": {"type": "ndarray", "data": [[0.9999999290838253, 0.00022029213255379002, -0.00030545657739339895, -0.014485987464631974], [0.00030503785037791677, 0.0018983159270389294, 0.9999981516725672, 0.03003625664791722], [0.00022087157846768286, -0.9999981739323415, 0.0018982485949790018, 0.03299881548452012], [0.0, 0.0, 0.0, 1.0]]}, "Hobj2base": {"type": "ndarray", "data": [[0.9999999210318078, 0.0002545782134579479, -0.0003051660390476314, -0.7347870462089263], [0.00025460912605460104, -0.9999999624599916, 0.00010126306189030441, 0.08962302973446602], [-0.0003051402482223105, -0.00010134075195224694, -0.9999999483097388, -0.0011648777870835398], [0.0, 0.0, 0.0, 1.0]]}, "mean_rme": {"type": "float", "data": 0.0015202712084005495}, "max_rme": {"type": "float", "data": 0.005045431823349544}, "simu": {"type": "float", "data": 0.002}}, {"type": "dict", "image_number": {"type": "int", "data": 24}, "Hcamera2end": {"type": "ndarray", "data": [[0.9999999664769336, 0.00013746337760173208, -0.00021943097242182804, -0.014532170036158788], [0.00021916817787622766, 0.0019088491492831317, 0.9999981541284141, 0.03004941440570717], [0.00013788198448702303, -0.9999981686976959, 0.0019088189576946801, 0.03288057248310638], [0.0, 0.0, 0.0, 1.0]]}, "Hobj2base": {"type": "ndarray", "data": [[0.9999999367676314, 0.00015666765130954057, -0.00031924908779832034, -0.7347201390263954], [0.00015670678223047484, -0.9999999802121888, 0.00012255042723234135, 0.08961426980705124], [-0.00031922988179347806, -0.00012260044798046644, -0.999999941530705, -0.0012996824516517357], [0.0, 0.0, 0.0, 1.0]]}, "mean_rme": {"type": "float", "data": 0.0015134648691662305}, "max_rme": {"type": "float", "data": 0.005045768448457416}, "simu": {"type": "float", "data": 0.002}}, {"type": "dict", "image_number": {"type": "int", "data": 25}, "Hcamera2end": {"type": "ndarray", "data": [[0.9999999792093541, 0.00011256010043148676, -0.00017003386475689529, -0.014477042492841955], [0.0001698108114039856, 0.0019786902384061333, 0.9999980279726699, 0.030068493715260956], [0.00011289632280828536, -0.9999980360556535, 0.0019786710833459287, 0.03286417470197954], [0.0, 0.0, 0.0, 1.0]]}, "Hobj2base": {"type": "ndarray", "data": [[0.9999999284826826, 6.915484138912422e-05, -0.00037182285781344387, -0.7347658275362354], [6.920710802571602e-05, -0.9999999877269656, 0.00014055761964759778, 0.08969130039529602], [-0.00037181313301015646, -0.000140583342379981, -0.9999999209956558, -0.0013211287810085182], [0.0, 0.0, 0.0, 1.0]]}, "mean_rme": {"type": "float", "data": 0.0014678605894236504}, "max_rme": {"type": "float", "data": 0.00492903482817425}, "simu": {"type": "float", "data": 0.002}}, {"type": "dict", "image_number": {"type": "int", "data": 26}, "Hcamera2end": {"type": "ndarray", "data": [[0.9999999727840891, 0.0001269280792734894, -0.00019575771657368623, -0.01454967933916651], [0.00019550981587315106, 0.001950159774629645, 0.9999980793245381, 0.030090652666173154], [0.0001273095943102775, -0.9999980903812348, 0.0019501349058688167, 0.03294850227283547], [0.0, 0.0, 0.0, 1.0]]}, "Hobj2base": {"type": "ndarray", "data": [[0.9999999322276506, 8.576616716203181e-05, -0.0003580347173299462, -0.734858545783867], [8.580568331710027e-05, -0.9999999902295003, 0.00011035571658715028, 0.08960480793434232], [-0.000358025249044932, -0.00011038643052165582, -0.999999929816376, -0.0013833569857567946], [0.0, 0.0, 0.0, 1.0]]}, "mean_rme": {"type": "float", "data": 0.0014515823881582992}, "max_rme": {"type": "float", "data": 0.004945368150956614}, "simu": {"type": "float", "data": 0.002}}, {"type": "dict", "image_number": {"type": "int", "data": 27}, "Hcamera2end": {"type": "ndarray", "data": [[0.9999999758863478, 0.00011224232851519768, -0.00018875635986045214, -0.0144699754686285], [0.0001885392457150029, 0.0019312085715237348, 0.9999981174414311, 0.02997763704056364], [0.00011260664511253248, -0.9999981289158061, 0.001931187362871345, 0.033018335847011214], [0.0, 0.0, 0.0, 1.0]]}, "Hobj2base": {"type": "ndarray", "data": [[0.9999999313155387, 5.685208437345065e-05, -0.0003662468544626845, -0.7349874904252232], [5.689725008878489e-05, -0.9999999907785282, 0.00012331117956885553, 0.08962174501084164], [-0.0003662398405877643, -0.0001233320095381662, -0.9999999253287948, -0.0013277348870080617], [0.0, 0.0, 0.0, 1.0]]}, "mean_rme": {"type": "float", "data": 0.0014612418201668438}, "max_rme": {"type": "float", "data": 0.004774815500405927}, "simu": {"type": "float", "data": 0.002}}, {"type": "dict", "image_number": {"type": "int", "data": 28}, "Hcamera2end": {"type": "ndarray", "data": [[0.9999999668124387, 0.00018489080094497026, -0.00017941714863198497, -0.014374536339328316], [0.00017906725893129086, 0.001890694838510787, 0.9999981966023462, 0.029963710469617936], [0.00018522969059019245, -0.9999981955425817, 0.001890661667874327, 0.033011326220778264], [0.0, 0.0, 0.0, 1.0]]}, "Hobj2base": {"type": "ndarray", "data": [[0.9999999163625212, 0.00013718207323155934, -0.00038529992130120365, -0.7350636809882534], [0.00013724145084502074, -0.9999999787112512, 0.00015408530364243865, 0.08968866862065177], [-0.0003852787753572423, -0.0001541381698753422, -0.9999999139008409, -0.0013300660970838932], [0.0, 0.0, 0.0, 1.0]]}, "mean_rme": {"type": "float", "data": 0.0014453877193309362}, "max_rme": {"type": "float", "data": 0.004597352823588752}, "simu": {"type": "float", "data": 0.002}}, {"type": "dict", "image_number": {"type": "int", "data": 29}, "Hcamera2end": {"type": "ndarray", "data": [[0.9999999770218504, 9.814526018993633e-05, -0.00019058805470298764, -0.014393951002060366], [0.0001904040483527931, 0.0018714456591831796, 0.9999982307171565, 0.02989707731467758], [9.850176173087739e-05, -0.9999982440277847, 0.0018714269289260566, 0.03306983250769068], [0.0, 0.0, 0.0, 1.0]]}, "Hobj2base": {"type": "ndarray", "data": [[0.9999999386479423, 6.763227762519229e-05, -0.0003437004313367942, -0.7350709845710024], [6.769019003234928e-05, -0.9999999835149307, 0.0001684879152526424, 0.0896682989111971], [-0.0003436890304494077, -0.0001685111700630735, -0.9999999267409159, -0.0012847977063119556], [0.0, 0.0, 0.0, 1.0]]}, "mean_rme": {"type": "float", "data": 0.001420302022855585}, "max_rme": {"type": "float", "data": 0.004636478483491191}, "simu": {"type": "float", "data": 0.002}}, {"type": "dict", "image_number": {"type": "int", "data": 30}, "Hcamera2end": {"type": "ndarray", "data": [[0.9999999951148691, 4.461224384061266e-05, -8.820436111441264e-05, -0.014278453359193293], [8.812248914899019e-05, 0.0018318750563866004, 0.9999983182326883, 0.029841911937972053], [4.477374818218928e-05, -0.9999983211203535, 0.001831871116095729, 0.03323454442379627], [0.0, 0.0, 0.0, 1.0]]}, "Hobj2base": {"type": "ndarray", "data": [[0.9999999583279517, 4.6520990226386235e-05, -0.0002849208524510625, -0.7352067169293092], [4.6595979305239234e-05, -0.9999999642794759, 0.00026319168362781323, 0.08979541958407126], [-0.00028490859833579855, -0.00026320494882622116, -0.9999999247751203, -0.0011047560032281449], [0.0, 0.0, 0.0, 1.0]]}, "mean_rme": {"type": "float", "data": 0.0014624348862024021}, "max_rme": {"type": "float", "data": 0.005494963251561291}, "simu": {"type": "float", "data": 0.002}}]}