{"type": "list", "data": [{"type": "dict", "image_number": {"type": "int", "data": 5}, "Hcamera2end": {"type": "ndarray", "data": [[0.9999599447375042, -0.007341222721656409, -0.005120094678679641, -0.022845871517177894], [0.005129554919445879, 0.0012703971058974917, 0.9999860367812753, 0.027701841058613258], [-0.0073346156610961215, -0.9999722458849268, 0.001308003424934645, 0.030972917004764147], [0.0, 0.0, 0.0, 1.0]]}, "Hobj2base": {"type": "ndarray", "data": [[0.9999766593093108, -0.006536589687585189, -0.001988424463402146, -0.7343731469992081], [-0.006542405903161238, -0.9999742976724941, -0.00293273241189244, 0.08250728169558164], [-0.001969203287825345, 0.0029456730398396925, -0.9999937226046736, -0.006558994459642586], [0.0, 0.0, 0.0, 1.0]]}, "mean_rme": {"type": "float", "data": 0.0020596208462729036}, "max_rme": {"type": "float", "data": 0.004196019630872155}, "simu": {"type": "float", "data": 0.002}}, {"type": "dict", "image_number": {"type": "int", "data": 6}, "Hcamera2end": {"type": "ndarray", "data": [[0.9999889051333095, -0.00438997592832257, -0.0017081339624180612, -0.017891003180898462], [0.0017169408808790018, 0.002003157680289913, 0.9999965197306033, 0.0256927561967316], [-0.0043865389883579135, -0.9999883576675561, 0.0020106727846599393, 0.030816378382118544], [0.0, 0.0, 0.0, 1.0]]}, "Hobj2base": {"type": "ndarray", "data": [[0.9999918382785545, -0.003916337537530995, -0.0009928124542636515, -0.734488922070209], [-0.003915691278960358, -0.9999921210669516, 0.000652047411462174, 0.08675164390429081], [-0.000995358269714554, -0.000648154542564029, -0.999999294578553, -0.0015854195693585371], [0.0, 0.0, 0.0, 1.0]]}, "mean_rme": {"type": "float", "data": 0.0018236669833823023}, "max_rme": {"type": "float", "data": 0.004236222851324745}, "simu": {"type": "float", "data": 0.002}}, {"type": "dict", "image_number": {"type": "int", "data": 7}, "Hcamera2end": {"type": "ndarray", "data": [[0.9999917764297265, -0.0040051579316457255, -0.0006370108809390647, -0.016760389398750783], [0.0006452218654157732, 0.0020491447755750514, 0.999997692344554, 0.025302978394630676], [-0.004003843361602552, -0.9999898798066066, 0.002051712139760964, 0.031038686450215944], [0.0, 0.0, 0.0, 1.0]]}, "Hobj2base": {"type": "ndarray", "data": [[0.9999934766220733, -0.0035782252253075586, -0.000492968088272899, -0.7341179247043159], [-0.0035773003924768755, -0.9999918635657248, 0.001864329437534312, 0.08801174049734369], [-0.0004996350678921174, -0.001862553780873154, -0.9999981406273779, -0.0004895581097033348], [0.0, 0.0, 0.0, 1.0]]}, "mean_rme": {"type": "float", "data": 0.0017293204441015029}, "max_rme": {"type": "float", "data": 0.004986039230771455}, "simu": {"type": "float", "data": 0.002}}, {"type": "dict", "image_number": {"type": "int", "data": 8}, "Hcamera2end": {"type": "ndarray", "data": [[0.9999899119789701, -0.004443726700746294, -0.0006551589887748099, -0.01703461917558483], [0.000663400829989041, 0.001853493456189792, 0.9999980622287958, 0.02543610500938326], [-0.0044425037569221955, -0.9999884088603312, 0.0018564227300903458, 0.031140855468334908], [0.0, 0.0, 0.0, 1.0]]}, "Hobj2base": {"type": "ndarray", "data": [[0.9999916924611382, -0.004011621935274048, -0.0007224251912393416, -0.7339462450475023], [-0.004010895153722326, -0.9999914516280366, 0.001004684486926946, 0.0879457729619557], [-0.0007264494300058768, -0.0010017785687730584, -0.9999992343551694, -0.0007581526792890259], [0.0, 0.0, 0.0, 1.0]]}, "mean_rme": {"type": "float", "data": 0.001661663131566876}, "max_rme": {"type": "float", "data": 0.004702455983411902}, "simu": {"type": "float", "data": 0.002}}, {"type": "dict", "image_number": {"type": "int", "data": 9}, "Hcamera2end": {"type": "ndarray", "data": [[0.9999940400391789, -0.003234011898774271, -0.0012087403193254257, -0.01619051943227178], [0.001214173002397343, 0.001678423075390123, 0.9999978543376483, 0.025112400338017635], [-0.003231976182032584, -0.999993362009478, 0.0016823397219912772, 0.031102940379792228], [0.0, 0.0, 0.0, 1.0]]}, "Hobj2base": {"type": "ndarray", "data": [[0.9999953518619026, -0.0030331565583041993, 0.0003101868508434739, -0.7334272880082167], [-0.0030334572465799143, -0.999994925159895, 0.0009735458845085216, 0.08833816974881539], [0.00030723235961039615, -0.0009744822978832911, -0.9999994779961279, -0.000361827165047019], [0.0, 0.0, 0.0, 1.0]]}, "mean_rme": {"type": "float", "data": 0.0016392019200053868}, "max_rme": {"type": "float", "data": 0.0053836427367394135}, "simu": {"type": "float", "data": 0.002}}, {"type": "dict", "image_number": {"type": "int", "data": 10}, "Hcamera2end": {"type": "ndarray", "data": [[0.9999939458634495, -0.0031390750919147313, -0.0015014806079018607, -0.01624150863230609], [0.0015094088930184715, 0.0025248338962999828, 0.9999956734399355, 0.02486877426465447], [-0.003135270521384331, -0.9999918856777607, 0.0025295567584704415, 0.030965408606178836], [0.0, 0.0, 0.0, 1.0]]}, "Hobj2base": {"type": "ndarray", "data": [[0.9999957312896917, -0.002914391381488488, -0.00020910588306173047, -0.7332804620048148], [-0.0029143029147692167, -0.9999956643104262, 0.000422136080279467, 0.08812450720956973], [-0.0002103352461977153, -0.0004215248804183273, -0.9999998890379234, -0.0004052205758503902], [0.0, 0.0, 0.0, 1.0]]}, "mean_rme": {"type": "float", "data": 0.001747104022517311}, "max_rme": {"type": "float", "data": 0.005110923084844066}, "simu": {"type": "float", "data": 0.002}}, {"type": "dict", "image_number": {"type": "int", "data": 11}, "Hcamera2end": {"type": "ndarray", "data": [[0.9999915890053717, -0.003109602099619123, -0.0026743771786811523, -0.015053385689287406], [0.0026834908147099408, 0.002930335300361242, 0.9999921059748793, 0.024475318000435432], [-0.0031017407304888647, -0.9999908717132417, 0.0029386552419984335, 0.03135545821062364], [0.0, 0.0, 0.0, 1.0]]}, "Hobj2base": {"type": "ndarray", "data": [[0.9999958543213363, -0.0028186052430773023, -0.0005889012009726357, -0.7339666394563416], [-0.002819074111462004, -0.9999957089023392, -0.0007968676560602514, 0.08860447448350407], [-0.0005866526185866599, 0.0007985245086328827, -0.9999995090985363, -0.00011555785700072137], [0.0, 0.0, 0.0, 1.0]]}, "mean_rme": {"type": "float", "data": 0.0016744129301955062}, "max_rme": {"type": "float", "data": 0.0054655991645581325}, "simu": {"type": "float", "data": 0.002}}, {"type": "dict", "image_number": {"type": "int", "data": 12}, "Hcamera2end": {"type": "ndarray", "data": [[0.9999927065288491, -0.003247478053685345, -0.002010168002422052, -0.015248266774666244], [0.002021041973868096, 0.003348631347484199, 0.9999923509994655, 0.02455209659161871], [-0.0032407219021373572, -0.9999891202180098, 0.0033551702137938344, 0.031011960973163517], [0.0, 0.0, 0.0, 1.0]]}, "Hobj2base": {"type": "ndarray", "data": [[0.9999951964084702, -0.0029845602935165954, -0.0008363969388661674, -0.7338005369366135], [-0.0029845622011576726, -0.9999955461837826, -1.0326513238727239e-06, 0.0888719297262408], [-0.0008363901316977783, 3.528925052341519e-06, -0.9999996502194863, -8.404967064173004e-05], [0.0, 0.0, 0.0, 1.0]]}, "mean_rme": {"type": "float", "data": 0.001562091949177125}, "max_rme": {"type": "float", "data": 0.005327556568446745}, "simu": {"type": "float", "data": 0.002}}, {"type": "dict", "image_number": {"type": "int", "data": 13}, "Hcamera2end": {"type": "ndarray", "data": [[0.9999925571729312, -0.0032466808804452714, -0.002084385281665822, -0.015305403073894022], [0.002096074151119093, 0.0036010198157522266, 0.9999913195270443, 0.024711755574114327], [-0.003239146785016753, -0.9999882457906927, 0.0036077982978548473, 0.030806187897413996], [0.0, 0.0, 0.0, 1.0]]}, "Hobj2base": {"type": "ndarray", "data": [[0.9999951996980143, -0.002910051130061453, -0.0010640410465849164, -0.7338163962396576], [-0.002909907573130297, -0.9999957569020224, 0.00013643997537418786, 0.08882020183966136], [-0.001064433579059027, -0.00013334305932152422, -0.9999994246002264, -0.0001550068255788961], [0.0, 0.0, 0.0, 1.0]]}, "mean_rme": {"type": "float", "data": 0.0014830663378890975}, "max_rme": {"type": "float", "data": 0.005390424503633806}, "simu": {"type": "float", "data": 0.002}}, {"type": "dict", "image_number": {"type": "int", "data": 14}, "Hcamera2end": {"type": "ndarray", "data": [[0.9999926711782949, -0.003356312243828756, -0.001841944032900199, -0.015310693443120162], [0.0018537837743920255, 0.003527914615008232, 0.9999920586205611, 0.024871112597027616], [-0.003349787368806015, -0.9999881444230185, 0.00353411063673037, 0.030777987341262254], [0.0, 0.0, 0.0, 1.0]]}, "Hobj2base": {"type": "ndarray", "data": [[0.9999946021322546, -0.003058310880830281, -0.0012010166152688325, -0.7338811055239546], [-0.00305830405765922, -0.9999953233489525, 7.517663777551185e-06, 0.08890393835682553], [-0.0012010339898861498, -3.844549210403546e-06, -0.9999992787510275, -0.00014522021550679245], [0.0, 0.0, 0.0, 1.0]]}, "mean_rme": {"type": "float", "data": 0.0014864724536778693}, "max_rme": {"type": "float", "data": 0.005432422378545687}, "simu": {"type": "float", "data": 0.002}}, {"type": "dict", "image_number": {"type": "int", "data": 15}, "Hcamera2end": {"type": "ndarray", "data": [[0.9999925956695804, -0.0034503627108993283, -0.0017039962377671924, -0.015263828115407533], [0.0017157765639302415, 0.003414151631161988, 0.9999926998130644, 0.02454568931233749], [-0.003444519821071878, -0.9999882192135077, 0.003420046403131649, 0.030359666765541853], [0.0, 0.0, 0.0, 1.0]]}, "Hobj2base": {"type": "ndarray", "data": [[0.9999944688475814, -0.003121283523939387, -0.0011488530831661866, -0.7334843275556369], [-0.003121051608646229, -0.9999951087791126, 0.00020360429159347893, 0.08922817336796088], [-0.0011494829705927436, -0.00020001753566379504, -0.9999993193407115, 0.000139005025397602], [0.0, 0.0, 0.0, 1.0]]}, "mean_rme": {"type": "float", "data": 0.0014768434111146207}, "max_rme": {"type": "float", "data": 0.005369951166119824}, "simu": {"type": "float", "data": 0.002}}, {"type": "dict", "image_number": {"type": "int", "data": 16}, "Hcamera2end": {"type": "ndarray", "data": [[0.9999935619393173, -0.003081352289178404, -0.001838844198624508, -0.015176169514215493], [0.001849147992800922, 0.003344413746587449, 0.999992697747535, 0.02374694317164917], [-0.003075179932550341, -0.9999896600289236, 0.003350090091449487, 0.030389564465395404], [0.0, 0.0, 0.0, 1.0]]}, "Hobj2base": {"type": "ndarray", "data": [[0.9999954785948266, -0.002858606975848896, -0.0009333574134119693, -0.7334876754087714], [-0.0028584420278903993, -0.9999958988021171, 0.00017801157177748796, 0.08880216932536021], [-0.000933862450649386, -0.00017534281885750656, -0.9999995485778082, 0.0008342557117188183], [0.0, 0.0, 0.0, 1.0]]}, "mean_rme": {"type": "float", "data": 0.001431152740606426}, "max_rme": {"type": "float", "data": 0.00539039502708949}, "simu": {"type": "float", "data": 0.002}}, {"type": "dict", "image_number": {"type": "int", "data": 17}, "Hcamera2end": {"type": "ndarray", "data": [[0.9999930589599263, -0.0032313128514328965, -0.0018548987103264218, -0.014645262559538231], [0.001865351076760286, 0.0032347070008940104, 0.9999930285436891, 0.02359931168078352], [-0.0032252902706322827, -0.999989547589311, 0.003240712081569952, 0.030575459896723015], [0.0, 0.0, 0.0, 1.0]]}, "Hobj2base": {"type": "ndarray", "data": [[0.9999951574058176, -0.0029876253694348055, -0.0008713550172592693, -0.7337518535263321], [-0.0029874406609127968, -0.9999955148613144, 0.000213203076784839, 0.08933924597773005], [-0.0008719880800322166, -0.00021059892292020897, -0.9999995976423599, 0.0009633846957972418], [0.0, 0.0, 0.0, 1.0]]}, "mean_rme": {"type": "float", "data": 0.0014112725239135782}, "max_rme": {"type": "float", "data": 0.005468282509319411}, "simu": {"type": "float", "data": 0.002}}, {"type": "dict", "image_number": {"type": "int", "data": 18}, "Hcamera2end": {"type": "ndarray", "data": [[0.9999933753181584, -0.0030540440629019056, -0.0019804379967023195, -0.014658739598006043], [0.0019903556378730747, 0.003247766939142527, 0.9999927452208559, 0.024069966826088064], [-0.003047589905436022, -0.9999900623630071, 0.0032538240575388233, 0.030698165872186486], [0.0, 0.0, 0.0, 1.0]]}, "Hobj2base": {"type": "ndarray", "data": [[0.999995646661224, -0.00286083175251636, -0.0007227034552652099, -0.733675013396296], [-0.0028606589621376524, -0.9999958795043631, 0.00024000957830493854, 0.08959814481707895], [-0.0007233871043912985, -0.0002379411253456624, -0.9999997100475171, 0.0004800106529063677], [0.0, 0.0, 0.0, 1.0]]}, "mean_rme": {"type": "float", "data": 0.0015527045944381155}, "max_rme": {"type": "float", "data": 0.005533876490222744}, "simu": {"type": "float", "data": 0.002}}, {"type": "dict", "image_number": {"type": "int", "data": 19}, "Hcamera2end": {"type": "ndarray", "data": [[0.9999941656837125, -0.002663337215139362, -0.0021389795263806063, -0.014798787148234103], [0.0021475422334448543, 0.0032163308858597084, 0.9999925216110309, 0.024348637060027392], [-0.002656437631752792, -0.9999912808872441, 0.0032220317499195295, 0.030713267256238935], [0.0, 0.0, 0.0, 1.0]]}, "Hobj2base": {"type": "ndarray", "data": [[0.9999966653692636, -0.0025242796763980586, -0.0005452178173410858, -0.733713757115025], [-0.0025242171929097117, -0.99999680751619, 0.00011526053732289252, 0.08951614799516633], [-0.0005455070265738859, -0.000113883904783149, -0.9999998447262584, 7.448051823335931e-05], [0.0, 0.0, 0.0, 1.0]]}, "mean_rme": {"type": "float", "data": 0.001579106836834746}, "max_rme": {"type": "float", "data": 0.005480469439158031}, "simu": {"type": "float", "data": 0.002}}, {"type": "dict", "image_number": {"type": "int", "data": 20}, "Hcamera2end": {"type": "ndarray", "data": [[0.9999943599075312, -0.0023747196582347293, -0.0023750494040910954, -0.015050727987034721], [0.0023827216285328494, 0.0032331991740179866, 0.9999919344978448, 0.024340939725712423], [-0.0023670214971566487, -0.9999919535324501, 0.0032388392343670747, 0.03074232320265076], [0.0, 0.0, 0.0, 1.0]]}, "Hobj2base": {"type": "ndarray", "data": [[0.9999973597745339, -0.002260204037616327, -0.0004146343809185114, -0.7337303029425504], [-0.002260232796648307, -0.9999974432966685, -6.890451033075484e-05, 0.08919591955772894], [-0.00041447758256894877, 6.984149863368194e-05, -0.9999999116652456, -0.00017478386897613885], [0.0, 0.0, 0.0, 1.0]]}, "mean_rme": {"type": "float", "data": 0.0016334356018431976}, "max_rme": {"type": "float", "data": 0.005294264865013165}, "simu": {"type": "float", "data": 0.002}}, {"type": "dict", "image_number": {"type": "int", "data": 21}, "Hcamera2end": {"type": "ndarray", "data": [[0.9999945210818869, -0.0023174208552322155, -0.0023637611527666563, -0.015068360034226493], [0.002371329372477536, 0.0032685041123557967, 0.9999918468057002, 0.023976630079224046], [-0.0023096759978012637, -0.9999919731885089, 0.0032739815726318122, 0.030786057235974176], [0.0, 0.0, 0.0, 1.0]]}, "Hobj2base": {"type": "ndarray", "data": [[0.9999974930638122, -0.0022091286906924025, -0.00036553593345749083, -0.7337023810966136], [-0.0022091356396361146, -0.9999975596837634, -1.8607621366997088e-05, 0.08902377327650449], [-0.00036549393480399, 1.9415093177046316e-05, -0.9999999330186167, 0.00011666370727338898], [0.0, 0.0, 0.0, 1.0]]}, "mean_rme": {"type": "float", "data": 0.0016287343110540176}, "max_rme": {"type": "float", "data": 0.005238964832622872}, "simu": {"type": "float", "data": 0.002}}, {"type": "dict", "image_number": {"type": "int", "data": 22}, "Hcamera2end": {"type": "ndarray", "data": [[0.9999951895970913, -0.0017608976963992282, -0.0025534333709987126, -0.015243204114315496], [0.0025590167057129576, 0.003175801854031657, 0.9999916828234543, 0.024336121114005592], [-0.001752773852268444, -0.999993406739208, 0.003180292743767299, 0.030710776626291902], [0.0, 0.0, 0.0, 1.0]]}, "Hobj2base": {"type": "ndarray", "data": [[0.9999984891389165, -0.0017297633634568818, -0.00017215862086339607, -0.7338426842828635], [-0.0017297931222316374, -0.9999984889667588, -0.00017285818994833908, 0.08889850207954753], [-0.00017185935696195106, 0.0001731557275819293, -0.9999999702407274, -0.00037799848140052106], [0.0, 0.0, 0.0, 1.0]]}, "mean_rme": {"type": "float", "data": 0.001749561000238685}, "max_rme": {"type": "float", "data": 0.00517980652924821}, "simu": {"type": "float", "data": 0.002}}, {"type": "dict", "image_number": {"type": "int", "data": 23}, "Hcamera2end": {"type": "ndarray", "data": [[0.9999953660638615, -0.001666362378545931, -0.0025477612185818934, -0.015251437714146306], [0.0025531134309301927, 0.0032177121453372814, 0.9999915639345958, 0.024216356940683227], [-0.0016581503587874676, -0.9999934347609354, 0.0032219516468341425, 0.03075862002397699], [0.0, 0.0, 0.0, 1.0]]}, "Hobj2base": {"type": "ndarray", "data": [[0.9999986559411028, -0.0016358826569320066, -0.00010956240516513753, -0.7338145868157107], [-0.0016358983639106336, -0.9999986516319725, -0.00014342517146958409, 0.08883999338321971], [-0.0001093276306841188, 0.00014360421165706205, -0.9999999837126496, -0.0002957971351141914], [0.0, 0.0, 0.0, 1.0]]}, "mean_rme": {"type": "float", "data": 0.0017247343627694847}, "max_rme": {"type": "float", "data": 0.005165124762693485}, "simu": {"type": "float", "data": 0.002}}, {"type": "dict", "image_number": {"type": "int", "data": 24}, "Hcamera2end": {"type": "ndarray", "data": [[0.999995436729057, -0.0015527876962181657, -0.0025914033713596964, -0.015364949619684036], [0.002596418432169242, 0.0032364498718171486, 0.9999913919647273, 0.023943640220413773], [-0.0015443873826578407, -0.9999935571005437, 0.003240466789615204, 0.030751188176025956], [0.0, 0.0, 0.0, 1.0]]}, "Hobj2base": {"type": "ndarray", "data": [[0.9999988476634585, -0.0015162264486878636, -7.569089471441215e-05, -0.733847647859131], [-0.001516243686778794, -0.9999988244624607, -0.00022820775335607315, 0.0885488184516998], [-7.534479110548993e-05, 0.00022832225622519727, -0.9999999710960543, -0.00015302763140365855], [0.0, 0.0, 0.0, 1.0]]}, "mean_rme": {"type": "float", "data": 0.0017307123617106737}, "max_rme": {"type": "float", "data": 0.005108053352574138}, "simu": {"type": "float", "data": 0.002}}, {"type": "dict", "image_number": {"type": "int", "data": 25}, "Hcamera2end": {"type": "ndarray", "data": [[0.9999952299643887, -0.0015998751165293506, -0.002642053761922869, -0.015390914396663003], [0.0026472071716587323, 0.0032276280724699014, 0.9999912873176527, 0.024245497182100693], [-0.0015913336104347079, -0.9999935113872677, 0.0032318478774512327, 0.030770055872321317], [0.0, 0.0, 0.0, 1.0]]}, "Hobj2base": {"type": "ndarray", "data": [[0.9999987760186794, -0.001561399132508279, -9.996945566825198e-05, -0.7338594527628223], [-0.0015614245667062538, -0.9999987485018316, -0.0002548491582343428, 0.08869276931073894], [-9.957140930207372e-05, 0.0002550049410677342, -0.9999999625290066, -0.0004355563640251514], [0.0, 0.0, 0.0, 1.0]]}, "mean_rme": {"type": "float", "data": 0.0017471775112745656}, "max_rme": {"type": "float", "data": 0.005151362542427762}, "simu": {"type": "float", "data": 0.002}}, {"type": "dict", "image_number": {"type": "int", "data": 26}, "Hcamera2end": {"type": "ndarray", "data": [[0.9999950344478329, -0.0016124843832440172, -0.002707577107169634, -0.015448089625090432], [0.0027127474818155837, 0.0032129565568526086, 0.9999911589165495, 0.024456787282685653], [-0.001603770799515358, -0.9999935383812626, 0.0032173148656993167, 0.030775318318354866], [0.0, 0.0, 0.0, 1.0]]}, "Hobj2base": {"type": "ndarray", "data": [[0.9999987491100335, -0.001577342671672037, -0.00011733910025541596, -0.7338851415671017], [-0.0015773767798406117, -0.9999987135539483, -0.0002911579342703567, 0.0887550554663396], [-0.00011687969347107321, 0.00029134265803592836, -0.9999999507292952, -0.0006663924349531874], [0.0, 0.0, 0.0, 1.0]]}, "mean_rme": {"type": "float", "data": 0.0017614091343435899}, "max_rme": {"type": "float", "data": 0.0051812148659554635}, "simu": {"type": "float", "data": 0.002}}, {"type": "dict", "image_number": {"type": "int", "data": 27}, "Hcamera2end": {"type": "ndarray", "data": [[0.9999952396976699, -0.00138926841267288, -0.002755088978085983, -0.015461404821296293], [0.002759519250983949, 0.003197155957407549, 0.9999910815838745, 0.024359429592448696], [-0.0013804475734595914, -0.999993924045072, 0.0032009744509081672, 0.03076462357636418], [0.0, 0.0, 0.0, 1.0]]}, "Hobj2base": {"type": "ndarray", "data": [[0.9999990415470339, -0.0013832663452537034, -5.898501277447388e-05, -0.733940205236331], [-0.0013832837561905198, -0.9999989994060925, -0.00029616357533993585, 0.08865444770329185], [-5.857528064797173e-05, 0.00029624488449110826, -0.9999999544039513, -0.0006079385206218062], [0.0, 0.0, 0.0, 1.0]]}, "mean_rme": {"type": "float", "data": 0.001729876863209638}, "max_rme": {"type": "float", "data": 0.005169816169797836}, "simu": {"type": "float", "data": 0.002}}, {"type": "dict", "image_number": {"type": "int", "data": 28}, "Hcamera2end": {"type": "ndarray", "data": [[0.9999949196431404, -0.0014467058732434818, -0.00284037497973682, -0.015482141686759581], [0.002845006284510607, 0.0032093421148113865, 0.9999908029889231, 0.02409122549411655], [-0.0014375768328292148, -0.9999938035634552, 0.003213441697509367, 0.030787088625408948], [0.0, 0.0, 0.0, 1.0]]}, "Hobj2base": {"type": "ndarray", "data": [[0.9999989682280319, -0.0014348730588323241, -6.842643308516284e-05, -0.7339264698609649], [-0.0014348959630730803, -0.9999989141345771, -0.0003358619370950607, 0.08849967286786133], [-6.794443953824022e-05, 0.00033595977537473023, -0.9999999412572891, -0.0004109219805183774], [0.0, 0.0, 0.0, 1.0]]}, "mean_rme": {"type": "float", "data": 0.001732174598296575}, "max_rme": {"type": "float", "data": 0.005121264372859646}, "simu": {"type": "float", "data": 0.002}}, {"type": "dict", "image_number": {"type": "int", "data": 29}, "Hcamera2end": {"type": "ndarray", "data": [[0.9999950803963852, -0.0013924063889177137, -0.0028107627924123003, -0.015484621364128377], [0.0028151939550934606, 0.0031907056126029287, 0.9999909469993661, 0.024274448674467257], [-0.0013834254668443466, -0.9999939402827108, 0.0031946098096451436, 0.03078021026760341], [0.0, 0.0, 0.0, 1.0]]}, "Hobj2base": {"type": "ndarray", "data": [[0.999999027411454, -0.0013931049807101908, -6.65932349896505e-05, -0.7339627794651591], [-0.0013931246724944062, -0.9999989856225304, -0.00029657639283836416, 0.0886083946516918], [-6.618000538894913e-05, 0.00029666887707024677, -0.9999999538038908, -0.0005596397448025574], [0.0, 0.0, 0.0, 1.0]]}, "mean_rme": {"type": "float", "data": 0.0017383957512592172}, "max_rme": {"type": "float", "data": 0.005152042804072443}, "simu": {"type": "float", "data": 0.002}}, {"type": "dict", "image_number": {"type": "int", "data": 30}, "Hcamera2end": {"type": "ndarray", "data": [[0.9999950317470792, -0.0014758456119082007, -0.002785383436451304, -0.015471552597863088], [0.0027900933627912823, 0.0031989511086372158, 0.9999909910048349, 0.024295431982668456], [-0.0014669220105902026, -0.9999937942765119, 0.003203052962485353, 0.030798512922831926], [0.0, 0.0, 0.0, 1.0]]}, "Hobj2base": {"type": "ndarray", "data": [[0.9999989162159489, -0.0014695383961589952, -8.957583245457142e-05, -0.7339516324146274], [-0.0014695605864238786, -0.9999988894021297, -0.00024816565095593326, 0.08867786951274649], [-8.921104401915511e-05, 0.00024829701911083013, -0.9999999651949896, -0.0005601364667481419], [0.0, 0.0, 0.0, 1.0]]}, "mean_rme": {"type": "float", "data": 0.001705638048250631}, "max_rme": {"type": "float", "data": 0.005153249636322466}, "simu": {"type": "float", "data": 0.002}}]}