{"type": "list", "data": [{"type": "dict", "image_number": {"type": "int", "data": 5}, "Hcamera2end": {"type": "ndarray", "data": [[0.9999833425324792, -0.005458681527286177, -0.00187548755100792, -0.017289628796472126], [0.001881381543835415, 0.0010748119829092628, 0.9999976525885891, 0.03202056509068621], [-0.005456652917021249, -0.9999845236678343, 0.0010850639419426322, 0.03202980725734549], [0.0, 0.0, 0.0, 1.0]]}, "Hobj2base": {"type": "ndarray", "data": [[0.9999858082853033, -0.0052819787505380515, 0.0006956496730225874, -0.7357802692632848], [-0.005279478543424998, -0.9999797686588587, -0.0035481515308678387, 0.08903781596523459], [0.0007143768600864703, 0.0035444285089911483, -0.9999934633247596, -0.0010354857254243123], [0.0, 0.0, 0.0, 1.0]]}, "mean_rme": {"type": "float", "data": 0.0009136809959466133}, "max_rme": {"type": "float", "data": 0.0027116502702420053}, "simu": {"type": "float", "data": 0.002}}, {"type": "dict", "image_number": {"type": "int", "data": 6}, "Hcamera2end": {"type": "ndarray", "data": [[0.9999796572933591, -0.006208341055058169, -0.0014633867568434535, -0.016534519949863324], [0.0014730721584884621, 0.001555776984820345, 0.9999977048055606, 0.03250793660109965], [-0.006206050102272114, -0.9999795178198989, 0.0015648906704641696, 0.03223525909373424], [0.0, 0.0, 0.0, 1.0]]}, "Hobj2base": {"type": "ndarray", "data": [[0.9999820365750829, -0.005966556259969036, 0.000571606111140132, -0.7352498446661359], [-0.005964816013017482, -0.9999777123533033, -0.0029992943476660544, 0.09036298428291428], [0.0005894888298506343, 0.0029958309447823683, -0.9999953387390705, -0.0012573382528417814], [0.0, 0.0, 0.0, 1.0]]}, "mean_rme": {"type": "float", "data": 0.0010880910129420942}, "max_rme": {"type": "float", "data": 0.004329374589635504}, "simu": {"type": "float", "data": 0.002}}, {"type": "dict", "image_number": {"type": "int", "data": 7}, "Hcamera2end": {"type": "ndarray", "data": [[0.9999828633662319, -0.005841102803375974, 0.0003930545921074528, -0.01521196066980599], [-0.0003921552437991726, 0.00015511344483976064, 0.9999999110770381, 0.03285577749456034], [-0.005841163252019604, -0.9999829285832134, 0.00015282016762352413, 0.032499627375464774], [0.0, 0.0, 0.0, 1.0]]}, "Hobj2base": {"type": "ndarray", "data": [[0.9999828217222057, -0.0056389930255906, 0.0015993805528106554, -0.7354866172105625], [-0.005637495918885844, -0.9999836683045791, -0.0009390228338707297, 0.09256741277289922], [0.0016046495754256716, 0.0009299902017364189, -0.9999982801075036, -0.0010458186037474487], [0.0, 0.0, 0.0, 1.0]]}, "mean_rme": {"type": "float", "data": 0.0014463457662267777}, "max_rme": {"type": "float", "data": 0.005231543882849632}, "simu": {"type": "float", "data": 0.002}}, {"type": "dict", "image_number": {"type": "int", "data": 8}, "Hcamera2end": {"type": "ndarray", "data": [[0.9999820126697615, -0.005903873884906673, 0.0010576436470245815, -0.015209938911826476], [-0.001055160566580862, 0.00042368389213109925, 0.9999993535638602, 0.03319075586417712], [-0.005904318175006086, -0.9999824822291191, 0.00041744673627563955, 0.032050624450440844], [0.0, 0.0, 0.0, 1.0]]}, "Hobj2base": {"type": "ndarray", "data": [[0.9999825819837761, -0.005669485789390973, 0.0016409326446728855, -0.73512896255599], [-0.005670052816854116, -0.9999838669436227, 0.0003411063378367201, 0.09264478501160942], [0.0016389722738789807, -0.000350404571205189, -0.999998595492275, -0.001024559801852648], [0.0, 0.0, 0.0, 1.0]]}, "mean_rme": {"type": "float", "data": 0.001410704000466104}, "max_rme": {"type": "float", "data": 0.005134319449376312}, "simu": {"type": "float", "data": 0.002}}, {"type": "dict", "image_number": {"type": "int", "data": 9}, "Hcamera2end": {"type": "ndarray", "data": [[0.9999795740237365, -0.006130911945502776, 0.001806503258489538, -0.01760826971801416], [-0.0018022713854327784, 0.0006957064687437287, 0.9999981339034398, 0.03332226032465352], [-0.0061321573006318224, -0.9999809637744237, 0.0006846426910939174, 0.03277423779664187], [0.0, 0.0, 0.0, 1.0]]}, "Hobj2base": {"type": "ndarray", "data": [[0.9999814047768548, -0.005933949424940806, 0.0014065364304644893, -0.7358770146623352], [-0.005935438859504141, -0.99998182634561, 0.0010571395572053941, 0.0906521432495446], [0.001400237855889954, -0.0010654683104461197, -0.999998452054415, -0.0010339700658885552], [0.0, 0.0, 0.0, 1.0]]}, "mean_rme": {"type": "float", "data": 0.0014231437952551217}, "max_rme": {"type": "float", "data": 0.005009175359958595}, "simu": {"type": "float", "data": 0.002}}, {"type": "dict", "image_number": {"type": "int", "data": 10}, "Hcamera2end": {"type": "ndarray", "data": [[0.9999785648516374, -0.006268875622563579, 0.001889718415140114, -0.017321980326191394], [-0.0018848945483686918, 0.000775313655433818, 0.9999979230284816, 0.0335814981500745], [-0.0062703277267796426, -0.9999800498445778, 0.0007634808669852999, 0.032877244043140554], [0.0, 0.0, 0.0, 1.0]]}, "Hobj2base": {"type": "ndarray", "data": [[0.9999808735903108, -0.006043344255412121, 0.001315463328772088, -0.7360572114509385], [-0.0060447402878099354, -0.9999811687162734, 0.001059871543692798, 0.09093192393744873], [0.001309033388303861, -0.0010678029063360005, -0.9999985731132528, -0.0007864640032307912], [0.0, 0.0, 0.0, 1.0]]}, "mean_rme": {"type": "float", "data": 0.0015265093990301883}, "max_rme": {"type": "float", "data": 0.0050426303807076245}, "simu": {"type": "float", "data": 0.002}}, {"type": "dict", "image_number": {"type": "int", "data": 11}, "Hcamera2end": {"type": "ndarray", "data": [[0.9999894466487412, -0.004385107674584558, 0.0013701904344626391, -0.0176137674649234], [-0.0013683349858319767, 0.00042609718430164367, 0.9999989730497506, 0.03379466753642469], [-0.004385687005583221, -0.9999902945888383, 0.00042009239130058607, 0.0330227660680477], [0.0, 0.0, 0.0, 1.0]]}, "Hobj2base": {"type": "ndarray", "data": [[0.9999908070978382, -0.004166845178499093, 0.001011494474896306, -0.7364482349641661], [-0.004167222340256417, -0.9999912482497817, 0.0003710549959269386, 0.08982199402498926], [0.0010099394938285786, -0.0003752667072274982, -0.9999994195983899, -0.000822333254657566], [0.0, 0.0, 0.0, 1.0]]}, "mean_rme": {"type": "float", "data": 0.0015836377643040239}, "max_rme": {"type": "float", "data": 0.005259797065682026}, "simu": {"type": "float", "data": 0.002}}, {"type": "dict", "image_number": {"type": "int", "data": 12}, "Hcamera2end": {"type": "ndarray", "data": [[0.9999930021751768, -0.003546346083481983, 0.0011912305121031367, -0.017422085558910186], [-0.0011907757869309376, 0.0001303322724581779, 0.9999992825330047, 0.033764794705712704], [-0.0035464987948753786, -0.9999937032016527, 0.00012610845736737986, 0.0334368421195348], [0.0, 0.0, 0.0, 1.0]]}, "Hobj2base": {"type": "ndarray", "data": [[0.9999938346871189, -0.003368421597259811, 0.0009921308856438132, -0.7364627519104986], [-0.003368307912663758, -0.9999943204794965, -0.00011623491452362642, 0.08973994784096367], [0.0009925167790125432, 0.00011289239558649852, -0.9999995010827505, -0.000818757783760569], [0.0, 0.0, 0.0, 1.0]]}, "mean_rme": {"type": "float", "data": 0.001543706809008748}, "max_rme": {"type": "float", "data": 0.004955929162637374}, "simu": {"type": "float", "data": 0.002}}, {"type": "dict", "image_number": {"type": "int", "data": 13}, "Hcamera2end": {"type": "ndarray", "data": [[0.9999923611177887, -0.003893188360136029, -0.00034754922346360304, -0.01529020868696422], [0.00034900117429796586, 0.0003722733067276218, 0.9999998698053744, 0.033859234904962066], [-0.003893058469965158, -0.9999923522192445, 0.00037362919028516295, 0.03388779775725406], [0.0, 0.0, 0.0, 1.0]]}, "Hobj2base": {"type": "ndarray", "data": [[0.9999930650606024, -0.0037171735436559218, 0.00022902302998204071, -0.7365456962172766], [-0.0037168310705195232, -0.9999920002031508, -0.0014780718840750767, 0.09119852928682391], [0.00023451544754743265, 0.0014772103938224335, -0.9999988814253529, -0.0007762868765487033], [0.0, 0.0, 0.0, 1.0]]}, "mean_rme": {"type": "float", "data": 0.0016141536588351335}, "max_rme": {"type": "float", "data": 0.004661307389917213}, "simu": {"type": "float", "data": 0.002}}, {"type": "dict", "image_number": {"type": "int", "data": 14}, "Hcamera2end": {"type": "ndarray", "data": [[0.9999919306455645, -0.004008562343878324, -0.0002647105812975982, -0.015011898387926218], [0.0002668065374941727, 0.0005223440711418226, 0.9999998279854566, 0.03388480001030113], [-0.004008423384344593, -0.9999918292589228, 0.0005234093668017303, 0.0337509324788585], [0.0, 0.0, 0.0, 1.0]]}, "Hobj2base": {"type": "ndarray", "data": [[0.9999928088552914, -0.0037888117758316077, 0.00016475142474452412, -0.7362943058271859], [-0.0037885907148106695, -0.9999919494018268, -0.0013220105634108793, 0.09145344522644724], [0.00016975894758743, 0.0013213768809235728, -0.9999991125721255, -0.0007552322653660888], [0.0, 0.0, 0.0, 1.0]]}, "mean_rme": {"type": "float", "data": 0.0015746259296444234}, "max_rme": {"type": "float", "data": 0.0047825546054208745}, "simu": {"type": "float", "data": 0.002}}, {"type": "dict", "image_number": {"type": "int", "data": 15}, "Hcamera2end": {"type": "ndarray", "data": [[0.9999922318086686, -0.003941607170676982, 7.431692741120995e-06, -0.015255592717910105], [-5.923323613696296e-06, 0.00038269024062942414, 0.9999999267565443, 0.03380615034591538], [-0.003941609726016335, -0.9999921586098022, 0.00038266392040353647, 0.033818737382656616], [0.0, 0.0, 0.0, 1.0]]}, "Hobj2base": {"type": "ndarray", "data": [[0.9999929995529057, -0.0037391376472679775, 0.0001403382955003303, -0.7362376475651906], [-0.0037389947650552017, -0.9999925049762375, -0.001004942533998313, 0.09137582394700915], [0.00014409486212368472, 0.0010044107747990585, -0.9999994851977005, -0.0007477776124210633], [0.0, 0.0, 0.0, 1.0]]}, "mean_rme": {"type": "float", "data": 0.0015147462557729753}, "max_rme": {"type": "float", "data": 0.004564494328972435}, "simu": {"type": "float", "data": 0.002}}, {"type": "dict", "image_number": {"type": "int", "data": 16}, "Hcamera2end": {"type": "ndarray", "data": [[0.9999935375502419, -0.003591080318155199, -0.00017029357451644957, -0.014841282612942212], [0.00017203478806437369, 0.00048456846982303237, 0.9999998677987063, 0.033768221079459364], [-0.0035909973245129108, -0.9999934346462216, 0.0004851831290650921, 0.03364878567614197], [0.0, 0.0, 0.0, 1.0]]}, "Hobj2base": {"type": "ndarray", "data": [[0.9999942506262083, -0.003390773167627669, -3.7038546024884405e-05, -0.7360580830590626], [-0.003390813332499188, -0.9999935964759381, -0.0011442867047490766, 0.09154570133448149], [-3.315829219312747e-05, 0.0011444057166127635, -0.9999993446178268, -0.0008295631440081233], [0.0, 0.0, 0.0, 1.0]]}, "mean_rme": {"type": "float", "data": 0.0014985298377923396}, "max_rme": {"type": "float", "data": 0.004686488069247097}, "simu": {"type": "float", "data": 0.002}}, {"type": "dict", "image_number": {"type": "int", "data": 17}, "Hcamera2end": {"type": "ndarray", "data": [[0.9999938565128665, -0.003495301615067654, -0.00026420284675418527, -0.015022630513630493], [0.0002661899937303686, 0.0005680664644839295, 0.9999998032216703, 0.033857537903628276], [-0.003495150842490978, -0.9999937300638998, 0.0005689933888898269, 0.03387555667296521], [0.0, 0.0, 0.0, 1.0]]}, "Hobj2base": {"type": "ndarray", "data": [[0.9999944056431576, -0.003343102555713113, -0.00011112016014440858, -0.7364004058177811], [-0.0033432279530707294, -0.9999937522874782, -0.001148134514702128, 0.09153420972665595], [-0.00010728113446718949, 0.0011484995916534943, -0.999999334719502, -0.0007769566545703312], [0.0, 0.0, 0.0, 1.0]]}, "mean_rme": {"type": "float", "data": 0.0015585525538051482}, "max_rme": {"type": "float", "data": 0.004687808350713141}, "simu": {"type": "float", "data": 0.002}}, {"type": "dict", "image_number": {"type": "int", "data": 18}, "Hcamera2end": {"type": "ndarray", "data": [[0.9999962775497562, -0.0026813096553656764, -0.0005054356171030519, -0.015080066105089357], [0.0005072292493731765, 0.0006683010375027054, 0.9999996480460438, 0.03230326130340545], [-0.0026809709285208353, -0.9999961819688388, 0.0006696585884692352, 0.033844214370865], [0.0, 0.0, 0.0, 1.0]]}, "Hobj2base": {"type": "ndarray", "data": [[0.9999968781906428, -0.0024985262834077656, -3.123107350390996e-05, -0.7364354780982568], [-0.0024985563411581333, -0.9999963759938528, -0.001002604294366583, 0.09105638226274385], [-2.87259271409752e-05, 0.0010026791970238597, -0.9999994969044979, 0.0006704283728695137], [0.0, 0.0, 0.0, 1.0]]}, "mean_rme": {"type": "float", "data": 0.0015454387100422718}, "max_rme": {"type": "float", "data": 0.004782363912240073}, "simu": {"type": "float", "data": 0.002}}, {"type": "dict", "image_number": {"type": "int", "data": 19}, "Hcamera2end": {"type": "ndarray", "data": [[0.9999967974156154, -0.0025168227109966896, -0.0002660111913445481, -0.015581755585897115], [0.0002675871959676322, 0.0006258721639933462, 0.9999997683405364, 0.03237316990584507], [-0.002516655638950918, -0.9999966369380826, 0.0006265436291168491, 0.033490952345711575], [0.0, 0.0, 0.0, 1.0]]}, "Hobj2base": {"type": "ndarray", "data": [[0.9999972378516648, -0.002349639570762739, -5.9016339328716505e-05, -0.735977583576479], [-0.0023496832934452394, -0.9999969567009126, -0.0007520487575159306, 0.09078903699495355], [-5.72491162045425e-05, 0.000752185349952268, -0.9999997154698286, 0.0008109620234628981], [0.0, 0.0, 0.0, 1.0]]}, "mean_rme": {"type": "float", "data": 0.0015942903995028348}, "max_rme": {"type": "float", "data": 0.004773501271425756}, "simu": {"type": "float", "data": 0.002}}, {"type": "dict", "image_number": {"type": "int", "data": 20}, "Hcamera2end": {"type": "ndarray", "data": [[0.9999956457636952, -0.002929360937307799, -0.0003567886619576025, -0.014978236481603468], [0.0003583910238389597, 0.0005464937877454057, 0.9999997864501842, 0.032493343625116695], [-0.0029291653289560127, -0.9999955600846631, 0.0005475412648477951, 0.03323388187353561], [0.0, 0.0, 0.0, 1.0]]}, "Hobj2base": {"type": "ndarray", "data": [[0.9999962148511851, -0.002751322513157477, -2.253289095001717e-05, -0.7354497946137021], [-0.0027513407840553594, -0.9999958491045706, -0.0008555100923382452, 0.09127445222008257], [-2.0179013241059475e-05, 0.0008555688497670865, -0.9999996337973078, 0.0007753444844238011], [0.0, 0.0, 0.0, 1.0]]}, "mean_rme": {"type": "float", "data": 0.0016347391433205337}, "max_rme": {"type": "float", "data": 0.005036274830771292}, "simu": {"type": "float", "data": 0.002}}, {"type": "dict", "image_number": {"type": "int", "data": 21}, "Hcamera2end": {"type": "ndarray", "data": [[0.9999960939459926, -0.002771675561852701, -0.00036042660468006736, -0.015132878688623796], [0.0003620572559987739, 0.0005878476632243945, 0.9999997616748055, 0.032523491152701346], [-0.0027714630253552587, -0.9999959861167966, 0.0005888488723081453, 0.03296029818839991], [0.0, 0.0, 0.0, 1.0]]}, "Hobj2base": {"type": "ndarray", "data": [[0.9999966185364769, -0.0025999974466185045, -5.4119215137207766e-05, -0.7353952094084569], [-0.0026000421812891537, -0.9999962640332762, -0.0008436232247848925, 0.09094360145818245], [-5.1925594719272115e-05, 0.0008437610843459056, -0.9999996426854187, 0.000727395698737783], [0.0, 0.0, 0.0, 1.0]]}, "mean_rme": {"type": "float", "data": 0.0016651357274663557}, "max_rme": {"type": "float", "data": 0.004968803967677404}, "simu": {"type": "float", "data": 0.002}}, {"type": "dict", "image_number": {"type": "int", "data": 22}, "Hcamera2end": {"type": "ndarray", "data": [[0.999996685396856, -0.002498173414834537, -0.0006231571959267447, -0.01527762016864457], [0.0006247107981685833, 0.0006211631997681266, 0.9999996119462738, 0.03206483562009801], [-0.002497785363091254, -0.9999966866374453, 0.0006227217767665882, 0.03298505739685014], [0.0, 0.0, 0.0, 1.0]]}, "Hobj2base": {"type": "ndarray", "data": [[0.9999973755049506, -0.002291009432927214, 1.6093134363394044e-05, -0.7353567225593747], [-0.0022909924448502525, -0.9999968892016107, -0.000986377574387149, 0.09057991941933402], [1.8352884628246412e-05, 0.000986338116394848, -0.9999995134000275, 0.0010202614407120196], [0.0, 0.0, 0.0, 1.0]]}, "mean_rme": {"type": "float", "data": 0.0016873422608620788}, "max_rme": {"type": "float", "data": 0.004916583055491558}, "simu": {"type": "float", "data": 0.002}}, {"type": "dict", "image_number": {"type": "int", "data": 23}, "Hcamera2end": {"type": "ndarray", "data": [[0.9999977907168459, -0.0020737042989826364, -0.0003439649801524477, -0.015407125895144154], [0.00034504986204412125, 0.0005228262614139778, 0.9999998037966272, 0.03202795905408561], [-0.002073524058190228, -0.9999977131989756, 0.000523540637725084, 0.03323409542772609], [0.0, 0.0, 0.0, 1.0]]}, "Hobj2base": {"type": "ndarray", "data": [[0.9999981931472203, -0.0019007951749074002, -2.6076768440113135e-05, -0.7355122494253105], [-0.0019008143322316203, -0.9999979081158248, -0.0007554262696238889, 0.0903668000781759], [-2.4640803282234513e-05, 0.0007554744717750229, -0.9999997143255359, 0.0009148366039540448], [0.0, 0.0, 0.0, 1.0]]}, "mean_rme": {"type": "float", "data": 0.0017240760560483575}, "max_rme": {"type": "float", "data": 0.004877627531800127}, "simu": {"type": "float", "data": 0.002}}, {"type": "dict", "image_number": {"type": "int", "data": 24}, "Hcamera2end": {"type": "ndarray", "data": [[0.9999980253128843, -0.0019775392871396657, -0.00019674526625582957, -0.015554588540883343], [0.0001980548476623969, 0.000662053743096247, 0.9999997612295309, 0.03206380841730793], [-0.0019774085590217212, -0.9999978255092404, 0.0006624440969895673, 0.03300324690721995], [0.0, 0.0, 0.0, 1.0]]}, "Hobj2base": {"type": "ndarray", "data": [[0.9999983229848399, -0.0018285538661482429, -0.00010206990958201285, -0.7353950829256414], [-0.0018286113184773493, -0.9999981681109917, -0.0005656459202194959, 0.09023448961893808], [-0.00010103540856697906, 0.0005658316178146501, -0.9999998348132, 0.0008549903203169488], [0.0, 0.0, 0.0, 1.0]]}, "mean_rme": {"type": "float", "data": 0.0016954577726208163}, "max_rme": {"type": "float", "data": 0.00488620313450891}, "simu": {"type": "float", "data": 0.002}}, {"type": "dict", "image_number": {"type": "int", "data": 25}, "Hcamera2end": {"type": "ndarray", "data": [[0.9999979618714417, -0.0020135700822444366, -0.00014760923540651193, -0.015665807549081895], [0.00014877183405841979, 0.0005772442052350835, 0.9999998223280183, 0.03199610218963945], [-0.002013484517913673, -0.999997806159919, 0.0005775425912513121, 0.032861790340312995], [0.0, 0.0, 0.0, 1.0]]}, "Hobj2base": {"type": "ndarray", "data": [[0.9999982382500935, -0.0018765340934698044, -4.600549219215077e-05, -0.7351749531402908], [-0.0018765556425230407, -0.9999981274406784, -0.0004729207727339932, 0.09030508203559023], [-4.511795409059209e-05, 0.0004730062714318263, -0.9999998871147124, 0.0009001783367515448], [0.0, 0.0, 0.0, 1.0]]}, "mean_rme": {"type": "float", "data": 0.0016881770286401791}, "max_rme": {"type": "float", "data": 0.004980499234337882}, "simu": {"type": "float", "data": 0.002}}, {"type": "dict", "image_number": {"type": "int", "data": 26}, "Hcamera2end": {"type": "ndarray", "data": [[0.9999982428324103, -0.0018620660153097603, -0.00021689224585655126, -0.015739338391158278], [0.00021804210302229935, 0.0006173360690772123, 0.9999997856768863, 0.032195644686461584], [-0.0018619317208195044, -0.9999980758013147, 0.0006177409931041877, 0.03288409742478935], [0.0, 0.0, 0.0, 1.0]]}, "Hobj2base": {"type": "ndarray", "data": [[0.999998513025796, -0.0017245112170152317, -2.694316543763399e-06, -0.7351265762984889], [-0.00172451235481901, -0.9999983863253081, -0.0005033924106388584, 0.09022816961180244], [-1.8262063373059303e-06, 0.0005033963084894968, -0.9999998732944033, 0.0006431600685635283], [0.0, 0.0, 0.0, 1.0]]}, "mean_rme": {"type": "float", "data": 0.0016843986685098843}, "max_rme": {"type": "float", "data": 0.005117605667283448}, "simu": {"type": "float", "data": 0.002}}, {"type": "dict", "image_number": {"type": "int", "data": 27}, "Hcamera2end": {"type": "ndarray", "data": [[0.999998902679835, -0.0014592899274816886, -0.000255170596397284, -0.015842919524461492], [0.0002560922304813019, 0.0006314114040760765, 0.9999997678681769, 0.032353222469051354], [-0.0014591284711095078, -0.9999987358954738, 0.0006317844240281145, 0.032852109375441585], [0.0, 0.0, 0.0, 1.0]]}, "Hobj2base": {"type": "ndarray", "data": [[0.9999991174851853, -0.0013281123946217914, 3.385731367976209e-05, -0.7351557087551696], [-0.0013280921598755123, -0.9999989435484213, -0.000590824217153329, 0.09003584800813556], [3.4641958876993665e-05, 0.000590778730109352, -0.9999998248901978, 0.00041969525587582236], [0.0, 0.0, 0.0, 1.0]]}, "mean_rme": {"type": "float", "data": 0.0016427192877235945}, "max_rme": {"type": "float", "data": 0.0051074082131754295}, "simu": {"type": "float", "data": 0.002}}, {"type": "dict", "image_number": {"type": "int", "data": 28}, "Hcamera2end": {"type": "ndarray", "data": [[0.9999993943227921, -0.0011002480547757962, -2.843003530787801e-05, -0.015543749794848963], [2.8982269763530837e-05, 0.0005019054495828401, 0.999999873625466, 0.03186339019949394], [-0.001100233646542808, -0.9999992687723016, 0.0005019370332760564, 0.03276120330241346], [0.0, 0.0, 0.0, 1.0]]}, "Hobj2base": {"type": "ndarray", "data": [[0.9999994831835368, -0.0010074730065381633, 0.00013649468995801718, -0.7351952522542081], [-0.0010074326467462871, -0.9999994488988297, -0.00029543442395573333, 0.09033504787863751], [0.00013679225694297135, 0.000295296762063588, -0.999999947043849, 0.0011318807600504827], [0.0, 0.0, 0.0, 1.0]]}, "mean_rme": {"type": "float", "data": 0.0017389605368447053}, "max_rme": {"type": "float", "data": 0.007321492166350585}, "simu": {"type": "float", "data": 0.002}}, {"type": "dict", "image_number": {"type": "int", "data": 29}, "Hcamera2end": {"type": "ndarray", "data": [[0.9999994061813888, -0.001081241892431864, -0.0001362088097510117, -0.01561382085940289], [0.00013676174990755635, 0.0005113361121551474, 0.9999998599157924, 0.03179819025318216], [-0.0010811720924837308, -0.9999992847254195, 0.0005114836810475865, 0.032772621702857496], [0.0, 0.0, 0.0, 1.0]]}, "Hobj2base": {"type": "ndarray", "data": [[0.9999994881879931, -0.0009986936686020766, 0.00016197131860237794, -0.7351615300001133], [-0.0009986439677854, -0.9999994543407245, -0.00030664063622056506, 0.09025954564229607], [0.0001622774702831551, 0.0003064787275979291, -0.9999999398684047, 0.0011206127051667926], [0.0, 0.0, 0.0, 1.0]]}, "mean_rme": {"type": "float", "data": 0.0017206829934857918}, "max_rme": {"type": "float", "data": 0.007435833307074313}, "simu": {"type": "float", "data": 0.002}}, {"type": "dict", "image_number": {"type": "int", "data": 30}, "Hcamera2end": {"type": "ndarray", "data": [[0.9999993766844784, -0.0010862187825111413, -0.00025837842659357245, -0.015732587254109386], [0.0002589597876464895, 0.0005351088604865772, 0.9999998232991525, 0.031937013851525774], [-0.0010860803299899328, -0.9999992668933635, 0.0005353898139301982, 0.03278727660199514], [0.0, 0.0, 0.0, 1.0]]}, "Hobj2base": {"type": "ndarray", "data": [[0.9999994797880771, -0.0010065796045106022, 0.00016498810558252162, -0.7351347511526812], [-0.0010065175293591474, -0.9999994228135289, -0.00037589236827208417, 0.09014363942176451], [0.000165366375945013, 0.0003757261093079879, -0.999999915741923, 0.0008831359948647126], [0.0, 0.0, 0.0, 1.0]]}, "mean_rme": {"type": "float", "data": 0.0017201224898396683}, "max_rme": {"type": "float", "data": 0.007632232747106338}, "simu": {"type": "float", "data": 0.002}}]}