{"type": "list", "data": [{"type": "dict", "image_number": {"type": "int", "data": 5}, "Hcamera2end": {"type": "ndarray", "data": [[0.9999955489016085, 0.0023251106628119533, -0.001869769337764768, -0.02269928140039032], [0.0018677312788651789, 0.0008784053851353946, 0.9999978699896563, 0.019732981129276767], [0.0023267481257574453, -0.9999969111274221, 0.0008740587933547816, 0.02995640096034107], [0.0, 0.0, 0.0, 1.0]]}, "Hobj2base": {"type": "ndarray", "data": [[0.9999983748877387, 0.0017875350216203833, -0.00023439374589966186, -0.731349562136446], [0.0017881041335385496, -0.9999953983353165, 0.0024507125085156184, 0.08435706376698525], [-0.0002300119328613445, -0.002451127646258591, -0.9999969695292943, 0.00965034967838172], [0.0, 0.0, 0.0, 1.0]]}, "mean_rme": {"type": "float", "data": 0.0009659556874670105}, "max_rme": {"type": "float", "data": 0.003374933253277146}, "simu": {"type": "float", "data": 0.002}}, {"type": "dict", "image_number": {"type": "int", "data": 6}, "Hcamera2end": {"type": "ndarray", "data": [[0.9999951161009657, 0.0019157178698437618, -0.0024693722399185313, -0.021292295673506954], [0.0024677365497638164, 0.000855720634264534, 0.9999965890034409, 0.01994733027912507], [0.0019178244281160776, -0.9999977988811969, 0.0008509889680048399, 0.03260272372735309], [0.0, 0.0, 0.0, 1.0]]}, "Hobj2base": {"type": "ndarray", "data": [[0.99999871745811, 0.0015985521717979535, -9.855500575132041e-05, -0.7337302990691197], [0.001598724397747268, -0.9999971504024929, 0.001772926167017776, 0.08588016969484714], [-9.572060993449805e-05, -0.0017730814554579137, -0.9999984235086157, 0.008670873007576444], [0.0, 0.0, 0.0, 1.0]]}, "mean_rme": {"type": "float", "data": 0.0011450342920554632}, "max_rme": {"type": "float", "data": 0.00351556352369109}, "simu": {"type": "float", "data": 0.002}}, {"type": "dict", "image_number": {"type": "int", "data": 7}, "Hcamera2end": {"type": "ndarray", "data": [[0.9999932443358398, 0.0024826670815771704, -0.0027106543201858135, -0.020501941858726558], [0.0027090427782174437, 0.0006522502022442422, 0.9999961178209141, 0.019936603498539974], [0.0024844254682475043, -0.999996705461491, 0.0006455201445328962, 0.03188528954139703], [0.0, 0.0, 0.0, 1.0]]}, "Hobj2base": {"type": "ndarray", "data": [[0.9999974562190689, 0.002245227896463217, -0.000215655012120929, -0.733237611227288], [0.0022455651395783573, -0.9999962360226011, 0.0015765081139168457, 0.08647810052980358], [-0.0002121145804039708, -0.0015769883710029622, -0.9999987340567396, 0.008215720183088058], [0.0, 0.0, 0.0, 1.0]]}, "mean_rme": {"type": "float", "data": 0.0011386054247994452}, "max_rme": {"type": "float", "data": 0.003579228402900314}, "simu": {"type": "float", "data": 0.002}}, {"type": "dict", "image_number": {"type": "int", "data": 8}, "Hcamera2end": {"type": "ndarray", "data": [[0.9999988655951989, 0.0013630253683502246, -0.0006410695441909573, -0.017722815085615955], [0.0006392362155371331, 0.0013450541484156808, 0.9999988911025846, 0.02042414873242805], [0.0013638861301447534, -0.9999981664939108, 0.0013441813274016612, 0.03170857590055233], [0.0, 0.0, 0.0, 1.0]]}, "Hobj2base": {"type": "ndarray", "data": [[0.9999996304995477, 0.0008473049285808292, -0.00014517274605601436, -0.7332543261977333], [0.0008477522834019763, -0.9999948055451675, 0.003109694317565801, 0.08967914895723537], [-0.00014253713264108877, -0.003109816239059301, -0.9999951543513224, 0.005928562372050639], [0.0, 0.0, 0.0, 1.0]]}, "mean_rme": {"type": "float", "data": 0.001401904632521164}, "max_rme": {"type": "float", "data": 0.004328483061248556}, "simu": {"type": "float", "data": 0.002}}, {"type": "dict", "image_number": {"type": "int", "data": 9}, "Hcamera2end": {"type": "ndarray", "data": [[0.9999996030415352, 0.0008195973064342949, 0.00034953830580290376, -0.017399843369548584], [-0.0003507129591313748, 0.0014335024477958314, 0.9999989110349831, 0.020586022419828293], [0.0008190953499045337, -0.9999986366645642, 0.0014337893221514353, 0.03143400896608028], [0.0, 0.0, 0.0, 1.0]]}, "Hobj2base": {"type": "ndarray", "data": [[0.9999999299529959, 0.00036736530017149945, 7.167105010630394e-05, -0.7330973584016955], [0.0003670823598981611, -0.9999922939325352, 0.0039086220190017625, 0.09018792644630419], [7.310638990562406e-05, -0.003908595436036291, -0.9999923587393922, 0.005271593563848221], [0.0, 0.0, 0.0, 1.0]]}, "mean_rme": {"type": "float", "data": 0.001533590637393701}, "max_rme": {"type": "float", "data": 0.004838738608951121}, "simu": {"type": "float", "data": 0.002}}, {"type": "dict", "image_number": {"type": "int", "data": 10}, "Hcamera2end": {"type": "ndarray", "data": [[0.9999997226037906, 0.00044574185824959947, -0.000596746627764558, -0.01686315851059845], [0.0005962337407325169, 0.0011498849064165428, 0.9999991611346625, 0.020629289150991735], [0.00044642767427242647, -0.9999992395391598, 0.0011496188211073122, 0.031842986563169806], [0.0, 0.0, 0.0, 1.0]]}, "Hobj2base": {"type": "ndarray", "data": [[0.9999999514769696, 0.00014211083902904812, 0.0002772193498361279, -0.7333445496831318], [0.00014131350989738894, -0.9999958598694176, 0.00287406933051077, 0.09015466408222592], [0.00027762663851580604, -0.00287403001621288, -0.9999958314287696, 0.005042309937869527], [0.0, 0.0, 0.0, 1.0]]}, "mean_rme": {"type": "float", "data": 0.0014145277371563117}, "max_rme": {"type": "float", "data": 0.005117548989631793}, "simu": {"type": "float", "data": 0.002}}, {"type": "dict", "image_number": {"type": "int", "data": 11}, "Hcamera2end": {"type": "ndarray", "data": [[0.9999999330384826, 0.00018719651698734566, -0.00031445269021052486, -0.016752466827831103], [0.00031423656713368004, 0.0011534371477567307, 0.9999992854188077, 0.02064193485465351], [0.00018755908463433617, -0.9999993172698719, 0.0011533782465299458, 0.03203414077140673], [0.0, 0.0, 0.0, 1.0]]}, "Hobj2base": {"type": "ndarray", "data": [[0.9999999734532409, -3.388887514325126e-05, 0.0002279145929495782, -0.7334475760034471], [-3.460459500821657e-05, -0.999995066360315, 0.00314102810425628, 0.09045805732546056], [0.000227807022591851, -0.003141035907764349, -0.9999950409863976, 0.005206427675350289], [0.0, 0.0, 0.0, 1.0]]}, "mean_rme": {"type": "float", "data": 0.0013962934808521802}, "max_rme": {"type": "float", "data": 0.004953570656372919}, "simu": {"type": "float", "data": 0.002}}, {"type": "dict", "image_number": {"type": "int", "data": 12}, "Hcamera2end": {"type": "ndarray", "data": [[0.9999994444577096, 0.0004330201616670072, -0.0009610295581962058, -0.01675024412976296], [0.0009606124384847928, 0.0009624606095555155, 0.9999990754462317, 0.02050754078953651], [0.0004339447144109673, -0.9999994430814022, 0.0009620441103145305, 0.03199650927452238], [0.0, 0.0, 0.0, 1.0]]}, "Hobj2base": {"type": "ndarray", "data": [[0.9999998100145401, 0.0003424659114345433, 0.0005125309583503772, -0.7331544569384109], [0.0003411481118555139, -0.9999966418110926, 0.0025690434997784613, 0.09008115111250513], [0.0005134090469982646, -0.0025688681627288414, -0.9999965686578698, 0.005296320218129813], [0.0, 0.0, 0.0, 1.0]]}, "mean_rme": {"type": "float", "data": 0.001319485138925902}, "max_rme": {"type": "float", "data": 0.004998283092119249}, "simu": {"type": "float", "data": 0.002}}, {"type": "dict", "image_number": {"type": "int", "data": 13}, "Hcamera2end": {"type": "ndarray", "data": [[0.9999995715932032, 0.00027536967608405313, -0.0008837335297053495, -0.016825991576141952], [0.0008835046201834225, 0.0008302965388843342, 0.9999992650133517, 0.02067072915875484], [0.0002761032345820281, -0.9999996173895264, 0.0008300528927985829, 0.032494964544396605], [0.0, 0.0, 0.0, 1.0]]}, "Hobj2base": {"type": "ndarray", "data": [[0.9999997195521066, 0.00025945938285987415, 0.0007025500243828187, -0.7334718881342456], [0.0002576497533802264, -0.9999966523447132, 0.0025746681284263277, 0.09016546894272746], [0.0007032156942911857, -0.002574486394525556, -0.9999964387474047, 0.0049009550572390445], [0.0, 0.0, 0.0, 1.0]]}, "mean_rme": {"type": "float", "data": 0.001358087341806678}, "max_rme": {"type": "float", "data": 0.005181318444775651}, "simu": {"type": "float", "data": 0.002}}, {"type": "dict", "image_number": {"type": "int", "data": 14}, "Hcamera2end": {"type": "ndarray", "data": [[0.9999992509401567, 0.00038654426819615203, -0.0011613365809550018, -0.016497873867256912], [0.0011609317450896226, 0.001045902635154361, 0.9999987791618351, 0.0208627070508403], [0.0003877584412784789, -0.9999993783354099, 0.0010454531001988787, 0.03204382240209233], [0.0, 0.0, 0.0, 1.0]]}, "Hobj2base": {"type": "ndarray", "data": [[0.9999997626210244, 0.000353180285737153, 0.0005916262170033264, -0.733347474513482], [0.00035186722178661404, -0.9999974782175158, 0.002218050510351191, 0.09032183573988213], [0.0005924080967637207, -0.00221784180995932, -0.9999973651117049, 0.0045722994646147696], [0.0, 0.0, 0.0, 1.0]]}, "mean_rme": {"type": "float", "data": 0.001381934206011438}, "max_rme": {"type": "float", "data": 0.005424600809838864}, "simu": {"type": "float", "data": 0.002}}, {"type": "dict", "image_number": {"type": "int", "data": 15}, "Hcamera2end": {"type": "ndarray", "data": [[0.9999994830156395, 4.845852581382583e-05, -0.0010156870704444113, -0.016429855644620364], [0.0010156323185170988, 0.0011168254464087868, 0.9999988605953087, 0.020908880580919876], [4.9592815765814975e-05, -0.9999993751761516, 0.0011167756529826267, 0.03195784032137838], [0.0, 0.0, 0.0, 1.0]]}, "Hobj2base": {"type": "ndarray", "data": [[0.999999756028828, 9.536379796540907e-06, 0.0006984635581972205, -0.7334035340920501], [8.004379660611074e-06, -0.9999975945600723, 0.002193355876050472, 0.09040726293870406], [0.0006984827947597526, -0.002193349750167369, -0.99999735066582, 0.004409148303206104], [0.0, 0.0, 0.0, 1.0]]}, "mean_rme": {"type": "float", "data": 0.0014007048178699831}, "max_rme": {"type": "float", "data": 0.005546526141416042}, "simu": {"type": "float", "data": 0.002}}, {"type": "dict", "image_number": {"type": "int", "data": 16}, "Hcamera2end": {"type": "ndarray", "data": [[0.9999995059029033, -6.265454190809054e-05, -0.0009921029974809628, -0.016583345856346875], [0.0009921696332384842, 0.0010726206920097514, 0.9999989325415654, 0.021006667101039024], [-6.15903248232681e-05, -0.9999994227794632, 0.0010726823259649132, 0.0322517941994679], [0.0, 0.0, 0.0, 1.0]]}, "Hobj2base": {"type": "ndarray", "data": [[0.9999997021613334, -8.118678540779264e-05, 0.0007675193485676418, -0.7337074921215053], [-8.287717061929866e-05, -0.9999975707830213, 0.0022026255767396107, 0.09034177117470356], [0.0007673386600065762, -0.0022026885305445505, -0.9999972796736092, 0.00435483655176392], [0.0, 0.0, 0.0, 1.0]]}, "mean_rme": {"type": "float", "data": 0.0013545648221270426}, "max_rme": {"type": "float", "data": 0.005469076544228124}, "simu": {"type": "float", "data": 0.002}}, {"type": "dict", "image_number": {"type": "int", "data": 17}, "Hcamera2end": {"type": "ndarray", "data": [[0.9999988397700116, 9.793900049291128e-05, -0.001520153473472666, -0.016071448490377033], [0.001520026867867817, 0.0012800581560685753, 0.9999980254827697, 0.021008735194658137], [9.988469196286196e-05, -0.9999991759291952, 0.0012799078009945175, 0.03217489881833504], [0.0, 0.0, 0.0, 1.0]]}, "Hobj2base": {"type": "ndarray", "data": [[0.9999997738654635, 8.065657718916553e-05, 0.00066765525422229, -0.7338546701412632], [7.956112561112394e-05, -0.9999986510362695, 0.0016406083226867378, 0.09044904042522327], [0.0006677866794313836, -0.0016405548322849892, -0.9999984313191661, 0.004244353428951275], [0.0, 0.0, 0.0, 1.0]]}, "mean_rme": {"type": "float", "data": 0.0013039084816963726}, "max_rme": {"type": "float", "data": 0.005736121685967932}, "simu": {"type": "float", "data": 0.002}}, {"type": "dict", "image_number": {"type": "int", "data": 18}, "Hcamera2end": {"type": "ndarray", "data": [[0.9999987055786715, -0.0001629663007511763, -0.0016007132679527923, -0.016045133844322386], [0.0016009291359226734, 0.001333217967009248, 0.9999978297755222, 0.02271217981662484], [-0.00016083184738885652, -0.9999990979855119, 0.0013334771387625288, 0.0320110805955724], [0.0, 0.0, 0.0, 1.0]]}, "Hobj2base": {"type": "ndarray", "data": [[0.9999997696535604, -0.00016807656462718002, 0.0006576040561364463, -0.7340320841237356], [-0.00016910855127063714, -0.999998753921733, 0.0015695723236911242, 0.089635363690018], [0.0006573394283862238, -0.0015696831686149706, -0.9999985519987649, 0.002741771548687069], [0.0, 0.0, 0.0, 1.0]]}, "mean_rme": {"type": "float", "data": 0.0013821687775938583}, "max_rme": {"type": "float", "data": 0.005604825252888301}, "simu": {"type": "float", "data": 0.002}}, {"type": "dict", "image_number": {"type": "int", "data": 19}, "Hcamera2end": {"type": "ndarray", "data": [[0.9999988682132223, -0.0003568012032548484, -0.001461596789758905, -0.015962159446156324], [0.0014620725638359597, 0.00133684405957879, 0.9999980375939633, 0.022918129730585726], [-0.00035484657608012525, -0.9999990427699724, 0.0013373642158063248, 0.032154975273612885], [0.0, 0.0, 0.0, 1.0]]}, "Hobj2base": {"type": "ndarray", "data": [[0.9999997134235468, -0.0003402826318627998, 0.0006762843741343081, -0.7341209647914422], [-0.0003414349879656157, -0.9999984889345499, 0.0017045676183068516, 0.08990865968081824], [0.0006757033174690105, -0.0017047980369650534, -0.999998318542926, 0.0026295330117786335], [0.0, 0.0, 0.0, 1.0]]}, "mean_rme": {"type": "float", "data": 0.0013972124766082191}, "max_rme": {"type": "float", "data": 0.005530566628707545}, "simu": {"type": "float", "data": 0.002}}, {"type": "dict", "image_number": {"type": "int", "data": 20}, "Hcamera2end": {"type": "ndarray", "data": [[0.9999987234178283, -0.0007922810265990391, -0.0013876071088939996, -0.01603349576965242], [0.0013886192968857458, 0.0012784442332690604, 0.9999982186568089, 0.02304902688492515], [-0.0007905056369682178, -0.9999988689349192, 0.0012795427779520585, 0.03229504222457179], [0.0, 0.0, 0.0, 1.0]]}, "Hobj2base": {"type": "ndarray", "data": [[0.9999994191286073, -0.0006873955883323601, 0.0008301986225953171, -0.7339145563545445], [-0.0006888539865661569, -0.9999982180200546, 0.0017576794078669833, 0.09005497530892811], [0.0008289889221273504, -0.0017582502725121145, -0.9999981106648885, 0.0024809401205099666], [0.0, 0.0, 0.0, 1.0]]}, "mean_rme": {"type": "float", "data": 0.0014571461659794224}, "max_rme": {"type": "float", "data": 0.005537355648560061}, "simu": {"type": "float", "data": 0.002}}, {"type": "dict", "image_number": {"type": "int", "data": 21}, "Hcamera2end": {"type": "ndarray", "data": [[0.9999986547128996, -0.00046168463862974497, -0.0015739821109143704, -0.015774751536496073], [0.0015745878827334654, 0.0013146743857999077, 0.9999978961499163, 0.023054166935896805], [-0.00045961439334955313, -0.9999990292388057, 0.0013153995802230867, 0.032164988660600156], [0.0, 0.0, 0.0, 1.0]]}, "Hobj2base": {"type": "ndarray", "data": [[0.999999674003092, -0.0003681272535704046, 0.0007186626712363554, -0.7340388680493758], [-0.000369285152296623, -0.9999986329958286, 0.0016117180121506445, 0.0901206997258691], [0.0007180683714961429, -0.0016119828781895533, -0.9999984429432951, 0.002367599283887319], [0.0, 0.0, 0.0, 1.0]]}, "mean_rme": {"type": "float", "data": 0.0014728317485728302}, "max_rme": {"type": "float", "data": 0.005703779096293271}, "simu": {"type": "float", "data": 0.002}}, {"type": "dict", "image_number": {"type": "int", "data": 22}, "Hcamera2end": {"type": "ndarray", "data": [[0.9999987088020497, -0.0004781946917720777, -0.0015341851486305202, -0.015866772616031807], [0.001534823855175548, 0.0013381692775153997, 0.9999979268072102, 0.023264630017632043], [-0.0004761407009503726, -0.9999989903159011, 0.0013389014942943867, 0.032542430813562076], [0.0, 0.0, 0.0, 1.0]]}, "Hobj2base": {"type": "ndarray", "data": [[0.9999996924258915, -0.0004076841245650008, 0.0006700311761264981, -0.7344847163460684], [-0.00040879109296677857, -0.999998550555012, 0.0016528090384316347, 0.09015625942720545], [0.0006693563809472619, -0.0016530824328471786, -0.9999984096389882, 0.002278300712555866], [0.0, 0.0, 0.0, 1.0]]}, "mean_rme": {"type": "float", "data": 0.0015065663486052005}, "max_rme": {"type": "float", "data": 0.00557357004693082}, "simu": {"type": "float", "data": 0.002}}, {"type": "dict", "image_number": {"type": "int", "data": 23}, "Hcamera2end": {"type": "ndarray", "data": [[0.9999986513761709, -0.00041904298422310504, -0.0015879700301493515, -0.015784131621739538], [0.0015885540831040712, 0.0013971456741910249, 0.999997762237441, 0.023337918842353755], [-0.00041682342104603677, -0.9999989361929051, 0.0013978094624106374, 0.03233483774217851], [0.0, 0.0, 0.0, 1.0]]}, "Hobj2base": {"type": "ndarray", "data": [[0.9999997628539229, -0.0003343778199609091, 0.0006020660857318943, -0.7343457770360915], [-0.00033533937050990486, -0.9999986674618688, 0.001597692709440044, 0.09025067220205592], [0.0006015310504507273, -0.00159789422701568, -0.9999985424461553, 0.0022236844462662714], [0.0, 0.0, 0.0, 1.0]]}, "mean_rme": {"type": "float", "data": 0.0014814604301345022}, "max_rme": {"type": "float", "data": 0.005583458610083136}, "simu": {"type": "float", "data": 0.002}}, {"type": "dict", "image_number": {"type": "int", "data": 24}, "Hcamera2end": {"type": "ndarray", "data": [[0.9999987132080557, -0.00040666944561726923, -0.0015518383275731013, -0.015698678075219318], [0.0015524392805440221, 0.0014816176221026378, 0.9999976973681, 0.023312788438157584], [-0.0004043692781944443, -0.9999988197138954, 0.0014822470451906211, 0.032330192249760255], [0.0, 0.0, 0.0, 1.0]]}, "Hobj2base": {"type": "ndarray", "data": [[0.9999998005313485, -0.0003729825931146807, 0.0005097266408596681, -0.7344724381236319], [-0.00037377971304441716, -0.9999987061272877, 0.0015646189554764768, 0.09029464178826042], [0.0005091424057030269, -0.0015648091688615952, -0.999998646072221, 0.002227774613374337], [0.0, 0.0, 0.0, 1.0]]}, "mean_rme": {"type": "float", "data": 0.0014678459656792078}, "max_rme": {"type": "float", "data": 0.005621840257512778}, "simu": {"type": "float", "data": 0.002}}, {"type": "dict", "image_number": {"type": "int", "data": 25}, "Hcamera2end": {"type": "ndarray", "data": [[0.999998741279695, -0.0003809301911188985, -0.0015402373891850118, -0.01558043667688545], [0.001540880765556642, 0.00169447462074368, 0.9999973772176736, 0.023178915339246375], [-0.00037831929885603097, -0.9999984918228373, 0.0016950594558785559, 0.032471227812789334], [0.0, 0.0, 0.0, 1.0]]}, "Hobj2base": {"type": "ndarray", "data": [[0.9999998629232093, -0.0004254230269292819, 0.00030523566436517865, -0.7347890971732824], [-0.00042587724923940533, -0.9999987998817153, 0.0014895850756359492, 0.09031205701700577], [0.000304601594254531, -0.0014897148643735173, -0.9999988439830776, 0.002277305738376294], [0.0, 0.0, 0.0, 1.0]]}, "mean_rme": {"type": "float", "data": 0.0015096447849726002}, "max_rme": {"type": "float", "data": 0.005754101846234483}, "simu": {"type": "float", "data": 0.002}}, {"type": "dict", "image_number": {"type": "int", "data": 26}, "Hcamera2end": {"type": "ndarray", "data": [[0.9999988006639472, -0.0004040077152682167, -0.0014951416097469831, -0.01567938581532213], [0.0014958519765585858, 0.0017637561739987095, 0.999997325791936, 0.02327681902589567], [-0.00040136956962233254, -0.9999983629696226, 0.0017643583944016994, 0.03261500712861917], [0.0, 0.0, 0.0, 1.0]]}, "Hobj2base": {"type": "ndarray", "data": [[0.9999998461647499, -0.00048457298603507977, 0.0002699249854598158, -0.7349917470179614], [-0.0004849935750526003, -0.9999986651373343, 0.0015602899675376048, 0.09029893099386557], [0.0002691685507783798, -0.0015604206393937017, -0.9999987463170743, 0.002213420612585045], [0.0, 0.0, 0.0, 1.0]]}, "mean_rme": {"type": "float", "data": 0.0014927427743922728}, "max_rme": {"type": "float", "data": 0.005723103066805346}, "simu": {"type": "float", "data": 0.002}}, {"type": "dict", "image_number": {"type": "int", "data": 27}, "Hcamera2end": {"type": "ndarray", "data": [[0.9999988891681602, -5.5619537105762234e-05, -0.001489486123769186, -0.015671266191245085], [0.0014895871063559719, 0.001861978782589091, 0.9999971570785917, 0.023714632595903805], [-5.284598742437028e-05, -0.9999982649692349, 0.001862059564389118, 0.03264919677978484], [0.0, 0.0, 0.0, 1.0]]}, "Hobj2base": {"type": "ndarray", "data": [[0.9999999678159514, -0.00024437924727585834, 6.816802525619815e-05, -0.7350196640583162], [-0.00024448651717110323, -0.9999987249667783, 0.0015780656390386857, 0.09004606135038734], [6.77822918466811e-05, -0.001578082254413222, -0.9999987525302017, 0.0018636737954265887], [0.0, 0.0, 0.0, 1.0]]}, "mean_rme": {"type": "float", "data": 0.0014865388235337001}, "max_rme": {"type": "float", "data": 0.005651146841560428}, "simu": {"type": "float", "data": 0.002}}, {"type": "dict", "image_number": {"type": "int", "data": 28}, "Hcamera2end": {"type": "ndarray", "data": [[0.9999989922195855, -0.00041208705739690114, -0.0013585816392093684, -0.015580171412494032], [0.0013593429276483786, 0.0018527773976799722, 0.9999973596978743, 0.023460487780858217], [-0.0004095688200085374, -0.9999981986984635, 0.0018533356981143, 0.03260725837138318], [0.0, 0.0, 0.0, 1.0]]}, "Hobj2base": {"type": "ndarray", "data": [[0.9999998165083904, -0.0005645793005721877, 0.0002196210346867565, -0.7350097798139925], [-0.0005649228117459144, -0.9999986123660967, 0.00156720391104791, 0.09029062995895852], [0.0002187359190452094, -0.0015673276924115754, -0.9999987478184675, 0.0019533278233538143], [0.0, 0.0, 0.0, 1.0]]}, "mean_rme": {"type": "float", "data": 0.001489146355731105}, "max_rme": {"type": "float", "data": 0.005808189968041222}, "simu": {"type": "float", "data": 0.002}}, {"type": "dict", "image_number": {"type": "int", "data": 29}, "Hcamera2end": {"type": "ndarray", "data": [[0.9999987627388409, -0.0007346308756602524, -0.0013909846382447694, -0.015662181857721582], [0.0013923458527450377, 0.0018556735087098541, 0.9999973089208065, 0.02322882020118448], [-0.0007320476853661755, -0.9999980083946693, 0.0018566940730100345, 0.03256919812385853], [0.0, 0.0, 0.0, 1.0]]}, "Hobj2base": {"type": "ndarray", "data": [[0.9999995645261711, -0.0008680759473883232, 0.00034262460187233683, -0.7350136026560292], [-0.0008685771515352554, -0.9999985490730015, 0.0014654097119689076, 0.09035933989522019], [0.0003413520178250221, -0.0014657066697220695, -0.9999988675907381, 0.0021879478838382465], [0.0, 0.0, 0.0, 1.0]]}, "mean_rme": {"type": "float", "data": 0.0014856459507334935}, "max_rme": {"type": "float", "data": 0.005791405921693804}, "simu": {"type": "float", "data": 0.002}}, {"type": "dict", "image_number": {"type": "int", "data": 30}, "Hcamera2end": {"type": "ndarray", "data": [[0.9999989708623258, -0.0005037329032825933, -0.0013433270083557673, -0.015568154951980804], [0.0013442744658222173, 0.0018852749841242744, 0.9999973193286046, 0.02362627154269199], [-0.0005011990121358567, -0.9999980959938858, 0.0018859501991962402, 0.03256220148716908], [0.0, 0.0, 0.0, 1.0]]}, "Hobj2base": {"type": "ndarray", "data": [[0.9999997427172662, -0.0006867474574802999, 0.00020722772744368275, -0.7350493842560354], [-0.0006870687393202655, -0.9999985560230367, 0.0015543128350804436, 0.09023432880714971], [0.00020616000782399763, -0.001554454814876035, -0.9999987705833844, 0.0017913174854917687], [0.0, 0.0, 0.0, 1.0]]}, "mean_rme": {"type": "float", "data": 0.0014744749059905017}, "max_rme": {"type": "float", "data": 0.005815025436320398}, "simu": {"type": "float", "data": 0.002}}]}