{"type": "list", "data": [{"type": "dict", "image_number": {"type": "int", "data": 5}, "Hcamera2end": {"type": "ndarray", "data": [[0.9999636191401543, -0.008295833780700753, -0.001984826946457977, -0.013154481069428275], [0.001987218860002234, 0.00028009405873907767, 0.9999979862522327, 0.01573543213570921], [-0.008295261136748671, -0.9999655497511907, 0.0002965695060247464, 0.028858279984831793], [0.0, 0.0, 0.0, 1.0]]}, "Hobj2base": {"type": "ndarray", "data": [[0.999964715260803, -0.008189542599346037, 0.0018707285732508852, -0.7289821143049964], [-0.008195817917428789, -0.9999607289594834, 0.0033718107129261533, 0.09094759223234879], [0.0018430415203228485, -0.003387023890223821, -0.9999925656059261, 0.007077290500850886], [0.0, 0.0, 0.0, 1.0]]}, "mean_rme": {"type": "float", "data": 0.0015076571718018214}, "max_rme": {"type": "float", "data": 0.005312201156410623}, "simu": {"type": "float", "data": 0.002}}, {"type": "dict", "image_number": {"type": "int", "data": 6}, "Hcamera2end": {"type": "ndarray", "data": [[0.9999855706606222, -0.005371042744081667, 0.00010183511680287921, -0.011143172671212037], [-9.592675276493033e-05, 0.001100286549241103, 0.9999993900835978, 0.017613055528419998], [-0.005371151516003859, -0.9999849705217329, 0.001099755446143602, 0.028590482752202065], [0.0, 0.0, 0.0, 1.0]]}, "Hobj2base": {"type": "ndarray", "data": [[0.9999849337739952, -0.0051676051585567845, 0.0018515080187962022, -0.7298502541168953], [-0.005176047681715085, -0.9999760955809347, 0.004584408043185455, 0.09384113890637864], [0.0018277733489197232, -0.004593922467246145, -0.9999877774857802, 0.00627622420230937], [0.0, 0.0, 0.0, 1.0]]}, "mean_rme": {"type": "float", "data": 0.0011885498587597256}, "max_rme": {"type": "float", "data": 0.004220754600327392}, "simu": {"type": "float", "data": 0.002}}, {"type": "dict", "image_number": {"type": "int", "data": 7}, "Hcamera2end": {"type": "ndarray", "data": [[0.9999852148827973, -0.005320160039371933, 0.0011251279754512194, -0.010519709336271688], [-0.001108136870429743, 0.0031955905856385636, 0.9999942801003842, 0.01778841673052938], [-0.005323725056956557, -0.9999807418635444, 0.0031896478729609434, 0.028432203003417714], [0.0, 0.0, 0.0, 1.0]]}, "Hobj2base": {"type": "ndarray", "data": [[0.9999860909899027, -0.005255526841919339, -0.00044414451249830594, -0.7313675960577791], [-0.0052531837672797265, -0.9999730866564966, 0.005121525455057878, 0.09478000121649248], [-0.0004710488735851055, -0.005119121046965227, -0.9999867862690317, 0.006828944895264247], [0.0, 0.0, 0.0, 1.0]]}, "mean_rme": {"type": "float", "data": 0.0012629972790014167}, "max_rme": {"type": "float", "data": 0.004585558054876759}, "simu": {"type": "float", "data": 0.002}}, {"type": "dict", "image_number": {"type": "int", "data": 8}, "Hcamera2end": {"type": "ndarray", "data": [[0.9999883573928893, -0.004816954995974988, 0.0002863969935089539, -0.010000546837259653], [-0.00028158100770123715, 0.0010004472676655718, 0.9999994599085548, 0.017529807461929524], [-0.0048172389194684265, -0.9999878979516862, 0.0009990792568093099, 0.03155579831663163], [0.0, 0.0, 0.0, 1.0]]}, "Hobj2base": {"type": "ndarray", "data": [[0.9999876345285238, -0.004791259565297022, 0.0013321493255297695, -0.7332281402739879], [-0.004796033229558561, -0.9999820057942912, 0.0036036305147340714, 0.09521833921712441], [0.0013148594253872554, -0.003609974986575705, -0.9999926195854085, 0.006367497592827509], [0.0, 0.0, 0.0, 1.0]]}, "mean_rme": {"type": "float", "data": 0.0013612430176987557}, "max_rme": {"type": "float", "data": 0.005082829519547083}, "simu": {"type": "float", "data": 0.002}}, {"type": "dict", "image_number": {"type": "int", "data": 9}, "Hcamera2end": {"type": "ndarray", "data": [[0.9999867968657015, -0.005138579745409972, 3.305260045668784e-05, -0.010132435647835072], [-2.9545510520882258e-05, 0.0006825762153600534, 0.9999997666083593, 0.017307778459693432], [-0.005138601107027343, -0.9999865644536983, 0.0006824153812526879, 0.031464582513124416], [0.0, 0.0, 0.0, 1.0]]}, "Hobj2base": {"type": "ndarray", "data": [[0.9999865434674768, -0.005068881976385399, 0.0011042280006924757, -0.7331077960376466], [-0.005072008404736619, -0.9999830840418791, 0.0028471671597055533, 0.09511018238124073], [0.0010897773673182718, -0.0028527295004083272, -0.9999953371489727, 0.006313248681718712], [0.0, 0.0, 0.0, 1.0]]}, "mean_rme": {"type": "float", "data": 0.0013725334488988714}, "max_rme": {"type": "float", "data": 0.005384062497581499}, "simu": {"type": "float", "data": 0.002}}, {"type": "dict", "image_number": {"type": "int", "data": 10}, "Hcamera2end": {"type": "ndarray", "data": [[0.999988319565767, -0.004714293133006849, -0.0010659138284219675, -0.010227375199393374], [0.0010631590234938667, -0.0005868190790376815, 0.9999992626678575, 0.017390500383348804], [-0.004714915155578123, -0.9999887154781417, -0.0005818001814523743, 0.03354673891472622], [0.0, 0.0, 0.0, 1.0]]}, "Hobj2base": {"type": "ndarray", "data": [[0.9999868106249005, -0.004655892166654646, 0.0021682353128685793, -0.7346202031388775], [-0.004659299900870742, -0.9999879140813488, 0.0015692723367166906, 0.09440092961874433], [0.002160902744973104, -0.0015793540975735211, -0.9999964180635654, 0.006025131025146813], [0.0, 0.0, 0.0, 1.0]]}, "mean_rme": {"type": "float", "data": 0.0014057497591530106}, "max_rme": {"type": "float", "data": 0.0056582821105547465}, "simu": {"type": "float", "data": 0.002}}, {"type": "dict", "image_number": {"type": "int", "data": 11}, "Hcamera2end": {"type": "ndarray", "data": [[0.9999879273248466, -0.004888672263553802, -0.0004960726326146236, -0.011367976524201826], [0.0004994172281893839, 0.000682955135558938, 0.9999996420772934, 0.017512070278957615], [-0.004888331718434941, -0.9999878171536802, 0.0006853883776147818, 0.033488451915489076], [0.0, 0.0, 0.0, 1.0]]}, "Hobj2base": {"type": "ndarray", "data": [[0.999988176009372, -0.004794205073970691, 0.0008145177457177495, -0.735083226903362], [-0.00479563071082336, -0.9999869565800346, 0.0017574401512965737, 0.09346256627301734], [0.0008060815931301771, -0.0017613254976565698, -0.9999981239807185, 0.006337606220951263], [0.0, 0.0, 0.0, 1.0]]}, "mean_rme": {"type": "float", "data": 0.0013824633225873579}, "max_rme": {"type": "float", "data": 0.005409272472645665}, "simu": {"type": "float", "data": 0.002}}, {"type": "dict", "image_number": {"type": "int", "data": 12}, "Hcamera2end": {"type": "ndarray", "data": [[0.9999912528925686, -0.00415365155274419, -0.0004912403986321796, -0.011884403608944532], [0.0004943821610073761, 0.0007553927212750056, 0.9999995924839749, 0.019539546468929823], [-0.004153278780643095, -0.999991088240598, 0.0007574396050045173, 0.03345845113292764], [0.0, 0.0, 0.0, 1.0]]}, "Hobj2base": {"type": "ndarray", "data": [[0.9999912161034192, -0.004058573805091526, 0.001046754351956325, -0.7350378164477706], [-0.004060229939474153, -0.9999905012367123, 0.0015849192998379229, 0.09326552181998204], [0.0010403118971310094, -0.001589155441429792, -0.9999981961664426, 0.004103952176311765], [0.0, 0.0, 0.0, 1.0]]}, "mean_rme": {"type": "float", "data": 0.0015290070326891168}, "max_rme": {"type": "float", "data": 0.004809489012429169}, "simu": {"type": "float", "data": 0.002}}, {"type": "dict", "image_number": {"type": "int", "data": 13}, "Hcamera2end": {"type": "ndarray", "data": [[0.9999929914541977, -0.0036907380325940753, -0.0006288841383960207, -0.012462940781168193], [0.0006304137442776493, 0.00041329573151061005, 0.9999997158825343, 0.019491334226292498], [-0.003690477068860925, -0.9999931037959277, 0.00041561952689084247, 0.033744981172068034], [0.0, 0.0, 0.0, 1.0]]}, "Hobj2base": {"type": "ndarray", "data": [[0.9999927639099486, -0.0036108726492139944, 0.0011973831687543542, -0.7355309643497482], [-0.0036124160902587287, -0.9999926439679412, 0.0012893641833772716, 0.0926298412945345], [0.0011927186309007448, -0.001293680299646945, -0.9999984519055767, 0.004113507325150521], [0.0, 0.0, 0.0, 1.0]]}, "mean_rme": {"type": "float", "data": 0.0015302744465595472}, "max_rme": {"type": "float", "data": 0.004992690753295004}, "simu": {"type": "float", "data": 0.002}}, {"type": "dict", "image_number": {"type": "int", "data": 14}, "Hcamera2end": {"type": "ndarray", "data": [[0.999993571525182, -0.00342476115412578, -0.0010620354739135265, -0.012307614859929237], [0.0010620768957286533, 1.027614105297836e-05, 0.9999994359433751, 0.01953240598983456], [-0.0034247483087402287, -0.9999941354355225, 1.3913434688261894e-05, 0.03375792922201732], [0.0, 0.0, 0.0, 1.0]]}, "Hobj2base": {"type": "ndarray", "data": [[0.9999932566808402, -0.0033595906487909532, 0.0014831532354433832, -0.7353548480657217], [-0.003360736036601146, -0.9999940559125942, 0.0007704497199899572, 0.09239412335862064], [0.001480556023776274, -0.0007754290111277549, -0.999998603330879, 0.003957660740532514], [0.0, 0.0, 0.0, 1.0]]}, "mean_rme": {"type": "float", "data": 0.0014642414913688285}, "max_rme": {"type": "float", "data": 0.005027028716187432}, "simu": {"type": "float", "data": 0.002}}, {"type": "dict", "image_number": {"type": "int", "data": 15}, "Hcamera2end": {"type": "ndarray", "data": [[0.9999941935181268, -0.0032970309083902947, -0.0008616943890963379, -0.012706599141517906], [0.0008625760673063286, 0.0002660031872139257, 0.9999995926023335, 0.019498470610812453], [-0.0032968003517336907, -0.9999945293997832, 0.00026884558262596503, 0.03366253844535455], [0.0, 0.0, 0.0, 1.0]]}, "Hobj2base": {"type": "ndarray", "data": [[0.9999940247993864, -0.0032540793939163223, 0.0011667616818416872, -0.735252672450713], [-0.003254986485737842, -0.9999944011252957, 0.000776389747089166, 0.09210344363490694], [0.0011642287154115698, -0.0007801829015111442, -0.9999990179425873, 0.0041182192218273865], [0.0, 0.0, 0.0, 1.0]]}, "mean_rme": {"type": "float", "data": 0.0014292668505801957}, "max_rme": {"type": "float", "data": 0.004969220499780658}, "simu": {"type": "float", "data": 0.002}}, {"type": "dict", "image_number": {"type": "int", "data": 16}, "Hcamera2end": {"type": "ndarray", "data": [[0.999995360281317, -0.0030011186051788997, -0.0005222096865259138, -0.013225888556378605], [0.0005240143059206108, 0.0006005607319897743, 0.9999996823678565, 0.01952619753824849], [-0.0030008040332955726, -0.9999953162959936, 0.0006021305746398697, 0.03349370922438128], [0.0, 0.0, 0.0, 1.0]]}, "Hobj2base": {"type": "ndarray", "data": [[0.999995248024319, -0.002991394012162978, 0.0007453124476692607, -0.7352043667011162], [-0.0029921245546156963, -0.9999950423991455, 0.0009810034561983099, 0.09173385999364925], [0.0007423741848428505, -0.0009832288621692748, -0.9999992410704992, 0.00419454762559375], [0.0, 0.0, 0.0, 1.0]]}, "mean_rme": {"type": "float", "data": 0.0013871736565527642}, "max_rme": {"type": "float", "data": 0.0049708681110568476}, "simu": {"type": "float", "data": 0.002}}, {"type": "dict", "image_number": {"type": "int", "data": 17}, "Hcamera2end": {"type": "ndarray", "data": [[0.999994947395551, -0.003157610673495676, -0.00036698529128149525, -0.013547870073008898], [0.00036907380514270027, 0.00066086494714368, 0.9999997135209832, 0.019546799767911245], [-0.0031573672411913485, -0.9999947963626393, 0.0006620269994409567, 0.033559054059957474], [0.0, 0.0, 0.0, 1.0]]}, "Hobj2base": {"type": "ndarray", "data": [[0.9999949059797025, -0.0031276407955663607, 0.000637085316001767, -0.7352021614500996], [-0.0031283337424075374, -0.9999945131282817, 0.0010896060417413683, 0.09151174332760656], [0.0006336739240891188, -0.0010915935067569162, -0.9999992034401695, 0.004120784703805959], [0.0, 0.0, 0.0, 1.0]]}, "mean_rme": {"type": "float", "data": 0.0013850936812182858}, "max_rme": {"type": "float", "data": 0.005094191893466049}, "simu": {"type": "float", "data": 0.002}}, {"type": "dict", "image_number": {"type": "int", "data": 18}, "Hcamera2end": {"type": "ndarray", "data": [[0.999995711121534, -0.0029036052770967714, -0.0003831643673337017, -0.013375827304675693], [0.0003845051295423272, 0.0004612135818566898, 0.9999998197189025, 0.01949244414238164], [-0.0029034280330213274, -0.9999956781698743, 0.00046232805489088147, 0.03346813437799791], [0.0, 0.0, 0.0, 1.0]]}, "Hobj2base": {"type": "ndarray", "data": [[0.9999955822178949, -0.0028764733691223586, 0.0007492967703927744, -0.7349741991183341], [-0.002877203675045144, -0.9999953851290562, 0.0009754074034854537, 0.09144834401578227], [0.0007464875790647098, -0.000977558973769555, -0.9999992435670875, 0.004005786982164829], [0.0, 0.0, 0.0, 1.0]]}, "mean_rme": {"type": "float", "data": 0.0014026035435852284}, "max_rme": {"type": "float", "data": 0.005224679884275774}, "simu": {"type": "float", "data": 0.002}}, {"type": "dict", "image_number": {"type": "int", "data": 19}, "Hcamera2end": {"type": "ndarray", "data": [[0.9999984375514931, -0.001758389694780949, -0.00018154959088922604, -0.013284915670927808], [0.0001826050998059714, 0.0006001282472052338, 0.9999998032507128, 0.01927817878102215], [-0.001758280395781269, -0.9999982739543943, 0.000600448400461473, 0.03339798410500434], [0.0, 0.0, 0.0, 1.0]]}, "Hobj2base": {"type": "ndarray", "data": [[0.9999982492153573, -0.0017175841624330536, 0.0007426108436653184, -0.7351763008967374], [-0.0017184240574396033, -0.9999978829671912, 0.0011318479999240009, 0.09131934448830845], [0.000740665227334847, -0.0011331221386409749, -0.9999990837242003, 0.004369045794506383], [0.0, 0.0, 0.0, 1.0]]}, "mean_rme": {"type": "float", "data": 0.0013697551369363638}, "max_rme": {"type": "float", "data": 0.005168423446054504}, "simu": {"type": "float", "data": 0.002}}, {"type": "dict", "image_number": {"type": "int", "data": 20}, "Hcamera2end": {"type": "ndarray", "data": [[0.9999981735416813, -0.0019112526644566984, 5.15306059610727e-06, -0.013535037586704294], [-3.7241293284757514e-06, 0.0007476440221270142, 0.9999997205072345, 0.019361741843293735], [-0.001911255982930356, -0.999997894068617, 0.0007476355388342792, 0.03336388073256503], [0.0, 0.0, 0.0, 1.0]]}, "Hobj2base": {"type": "ndarray", "data": [[0.9999980341774232, -0.001893728428003194, 0.0005877362759982705, -0.7350846659834072], [-0.0018944330449277937, -0.999997484798048, 0.001200633589597947, 0.09123740935845776], [0.0005854611237626047, -0.001201744656388284, -0.9999991065221276, 0.0045993132207754585], [0.0, 0.0, 0.0, 1.0]]}, "mean_rme": {"type": "float", "data": 0.0014296368969730288}, "max_rme": {"type": "float", "data": 0.0053097122227570015}, "simu": {"type": "float", "data": 0.002}}, {"type": "dict", "image_number": {"type": "int", "data": 21}, "Hcamera2end": {"type": "ndarray", "data": [[0.9999980879080949, -0.001945269624517229, 0.0002002654289454276, -0.013584417934926435], [-0.00019877052462490506, 0.0007686447436793253, 0.9999996848377187, 0.019283546899753708], [-0.0019454229444109158, -0.9999978125532806, 0.0007682566116961054, 0.03328992221596211], [0.0, 0.0, 0.0, 1.0]]}, "Hobj2base": {"type": "ndarray", "data": [[0.999997981626168, -0.001933055639161991, 0.0005477586018333161, -0.7350069103801258], [-0.0019337836689706078, -0.9999972435118996, 0.001331709173872886, 0.09135300182657158], [0.0005451828240149696, -0.0013327657326247014, -0.9999989632550574, 0.004573524193038174], [0.0, 0.0, 0.0, 1.0]]}, "mean_rme": {"type": "float", "data": 0.0014251625054834147}, "max_rme": {"type": "float", "data": 0.00538926731521483}, "simu": {"type": "float", "data": 0.002}}, {"type": "dict", "image_number": {"type": "int", "data": 22}, "Hcamera2end": {"type": "ndarray", "data": [[0.9999985705024143, -0.0016869373963841047, 0.0001150449857344045, -0.013830064381148444], [-0.00011406158582729839, 0.0005830344730214376, 0.9999998235303633, 0.01935729176642671], [-0.0016870041738835067, -0.9999984071552432, 0.0005828412248204407, 0.03336043830665866], [0.0, 0.0, 0.0, 1.0]]}, "Hobj2base": {"type": "ndarray", "data": [[0.9999983894176956, -0.0016769970822500123, 0.0006394081646492327, -0.735129936294856], [-0.0016777414849782723, -0.9999979134500285, 0.0011654523150099393, 0.09099860411086085], [0.0006374523703603718, -0.00116652319955673, -0.9999991164386599, 0.004623528690224449], [0.0, 0.0, 0.0, 1.0]]}, "mean_rme": {"type": "float", "data": 0.0014607858358497623}, "max_rme": {"type": "float", "data": 0.005243698998188662}, "simu": {"type": "float", "data": 0.002}}, {"type": "dict", "image_number": {"type": "int", "data": 23}, "Hcamera2end": {"type": "ndarray", "data": [[0.9999984088540431, -0.0017633549446669288, 0.0002699420698742557, -0.014006712798173938], [-0.00026874749619131737, 0.0006776455163258754, 0.9999997342856334, 0.01931086605286298], [-0.0017635374011515047, -0.9999982156863546, 0.0006771705408666895, 0.03296462744801998], [0.0, 0.0, 0.0, 1.0]]}, "Hobj2base": {"type": "ndarray", "data": [[0.9999983395093446, -0.0017463586260155393, 0.0005207783625180955, -0.7347537862473298], [-0.0017470176620952758, -0.999997670399221, 0.0012677245046388678, 0.09105412886212196], [0.000518563247688329, -0.0012686322085915306, -0.9999990608317979, 0.004680810016956011], [0.0, 0.0, 0.0, 1.0]]}, "mean_rme": {"type": "float", "data": 0.0014800565048833003}, "max_rme": {"type": "float", "data": 0.005211308626306588}, "simu": {"type": "float", "data": 0.002}}, {"type": "dict", "image_number": {"type": "int", "data": 24}, "Hcamera2end": {"type": "ndarray", "data": [[0.9999983897132428, -0.0017708823252711617, 0.00029076917177526, -0.014023739114257163], [-0.00028966219183465005, 0.0006253251927860193, 0.9999997625320807, 0.019344082141507464], [-0.0017710637300318174, -0.9999982364705415, 0.0006248112281772578, 0.03301249467196397], [0.0, 0.0, 0.0, 1.0]]}, "Hobj2base": {"type": "ndarray", "data": [[0.999998318384359, -0.001768963340333838, 0.00048373252377631123, -0.7347331055311085], [-0.0017695831069465674, -0.999997610207114, 0.0012838051600450758, 0.09107054540944025], [0.00048146036349151593, -0.0012846590060805938, -0.9999990589231358, 0.004795176662338321], [0.0, 0.0, 0.0, 1.0]]}, "mean_rme": {"type": "float", "data": 0.001485217642263434}, "max_rme": {"type": "float", "data": 0.005058557173536038}, "simu": {"type": "float", "data": 0.002}}, {"type": "dict", "image_number": {"type": "int", "data": 25}, "Hcamera2end": {"type": "ndarray", "data": [[0.9999989185071633, -0.0014341807217829296, 0.00032574554671846543, -0.014188760458508174], [-0.000324827735489836, 0.0006401415011010325, 0.9999997423528674, 0.019474986391110845], [-0.001434388875513632, -0.9999987666714975, 0.0006396749471164753, 0.03282556559879152], [0.0, 0.0, 0.0, 1.0]]}, "Hobj2base": {"type": "ndarray", "data": [[0.9999988785063009, -0.0014302074462841726, 0.00044440162142273107, -0.7347605950277061], [-0.0014307758345803519, -0.999998155545323, 0.0012813221542398855, 0.09074018425576051], [0.0004425682452579993, -0.001281956556345943, -0.999999080359945, 0.004813420422756727], [0.0, 0.0, 0.0, 1.0]]}, "mean_rme": {"type": "float", "data": 0.0015518155723881581}, "max_rme": {"type": "float", "data": 0.005056942006554897}, "simu": {"type": "float", "data": 0.002}}, {"type": "dict", "image_number": {"type": "int", "data": 26}, "Hcamera2end": {"type": "ndarray", "data": [[0.9999994706815061, -0.0009691560044443493, 0.00034550448162933413, -0.014204714330322075], [-0.0003448384770108664, 0.0006872835757799622, 0.9999997043638119, 0.019714050210175388], [-0.0009693931774823447, -0.9999992941887136, 0.0006869490097074493, 0.03280466442988385], [0.0, 0.0, 0.0, 1.0]]}, "Hobj2base": {"type": "ndarray", "data": [[0.9999994138957695, -0.0009658809261166303, 0.0004891647513877817, -0.7348183898136974], [-0.0009665176675341255, -0.9999986838445716, 0.0013031318896473804, 0.09067281960802258], [0.0004879054373345143, -0.0013036039122508183, -0.9999990312820923, 0.00457446032566966], [0.0, 0.0, 0.0, 1.0]]}, "mean_rme": {"type": "float", "data": 0.001500965808487761}, "max_rme": {"type": "float", "data": 0.00489663980345062}, "simu": {"type": "float", "data": 0.002}}, {"type": "dict", "image_number": {"type": "int", "data": 27}, "Hcamera2end": {"type": "ndarray", "data": [[0.9999996564946692, -0.0008111023489422973, 0.0001706561551119709, -0.014057097821648823], [-0.0001702117554743519, 0.0005479333361370076, 0.999999835398495, 0.019689711001040385], [-0.0008111957236300329, -0.9999995209409044, 0.0005477950887643468, 0.03301121413022545], [0.0, 0.0, 0.0, 1.0]]}, "Hobj2base": {"type": "ndarray", "data": [[0.9999995341725414, -0.0008000028739186636, 0.0005400463887081974, -0.734930926686465], [-0.0008005949347644974, -0.9999990778295993, 0.0010969902921073146, 0.09074161795966554], [0.0005391682953070561, -0.0010974221395024526, -0.9999992524808188, 0.004618275205984146], [0.0, 0.0, 0.0, 1.0]]}, "mean_rme": {"type": "float", "data": 0.0014913264221448168}, "max_rme": {"type": "float", "data": 0.00487788139275569}, "simu": {"type": "float", "data": 0.002}}, {"type": "dict", "image_number": {"type": "int", "data": 28}, "Hcamera2end": {"type": "ndarray", "data": [[0.9999999715589728, -0.00020803587813836787, 0.00011663244440161458, -0.01411784348689226], [-0.00011651188529063562, 0.0005794291597636114, 0.9999998253433995, 0.0201509809656229], [-0.00020810342204278943, -0.9999998104914432, 0.0005794049046317085, 0.032978898224499995], [0.0, 0.0, 0.0, 1.0]]}, "Hobj2base": {"type": "ndarray", "data": [[0.9999998226895312, -0.00017958614030265878, 0.0005677761217126236, -0.7350028170662795], [-0.00018020033967304576, -0.9999993985128832, 0.0010818972729552336, 0.09061436447167574], [0.0005675814864471473, -0.0010819993945735116, -0.9999992535640045, 0.00412288665932909], [0.0, 0.0, 0.0, 1.0]]}, "mean_rme": {"type": "float", "data": 0.0014804508840556493}, "max_rme": {"type": "float", "data": 0.00492223827233601}, "simu": {"type": "float", "data": 0.002}}, {"type": "dict", "image_number": {"type": "int", "data": 29}, "Hcamera2end": {"type": "ndarray", "data": [[0.9999998047217697, -0.0006249171845960353, -5.910569103114273e-06, -0.01421741040655479], [6.325059300729262e-06, 0.0006632723069917024, 0.9999997800148961, 0.02057998097582416], [-0.0006249131268067588, -0.9999995847740935, 0.0006632761301073042, 0.033036677312963746], [0.0, 0.0, 0.0, 1.0]]}, "Hobj2base": {"type": "ndarray", "data": [[0.9999997183832218, -0.0005519034608338153, 0.0005085627268126916, -0.7349432202441984], [-0.0005524158311021246, -0.9999993394892022, 0.0010078977674014035, 0.09062198935060574], [0.0005080061286355235, -0.0010081784216618814, -0.999999362752819, 0.0036235985599183873], [0.0, 0.0, 0.0, 1.0]]}, "mean_rme": {"type": "float", "data": 0.0015252020601028552}, "max_rme": {"type": "float", "data": 0.005012036692727817}, "simu": {"type": "float", "data": 0.002}}, {"type": "dict", "image_number": {"type": "int", "data": 30}, "Hcamera2end": {"type": "ndarray", "data": [[0.9999999955301404, 6.502902218365968e-05, -6.863632724561784e-05, -0.014292546675182434], [6.859158166449833e-05, 0.0006878388765635401, 0.9999997610864089, 0.020939321845686892], [6.507621738156655e-05, -0.9999997613244247, 0.0006878344130455405, 0.0329894231734194], [0.0, 0.0, 0.0, 1.0]]}, "Hobj2base": {"type": "ndarray", "data": [[0.9999998444065239, 0.00015312818556925084, 0.0005364127951541921, -0.7350361625554965], [0.00015260426907518206, -0.9999995114735207, 0.0009766087532895526, 0.09044186160917282], [0.00053656207942874, -0.0009765267424530748, -0.9999993792481356, 0.003214385679273063], [0.0, 0.0, 0.0, 1.0]]}, "mean_rme": {"type": "float", "data": 0.0015226628641824827}, "max_rme": {"type": "float", "data": 0.005070302800704585}, "simu": {"type": "float", "data": 0.002}}]}