{"type": "list", "data": [{"type": "dict", "image_number": {"type": "int", "data": 5}, "Hcamera2end": {"type": "ndarray", "data": [[0.9999951224193087, 0.003121978729876222, -9.157730111401872e-05, -0.01473690292394298], [9.543832800405273e-05, -0.0012365977323440802, 0.9999992308584912, 0.023586206109108797], [0.0031218630843498994, -0.9999943620215358, -0.0012368896571688381, 0.031768609384073006], [0.0, 0.0, 0.0, 1.0]]}, "Hobj2base": {"type": "ndarray", "data": [[0.9999904873334343, 0.003519640937585176, 0.002576309436180124, -0.7332338367668422], [0.0035279031235628173, -0.9999886264500775, -0.0032094968513273255, 0.0900810327114003], [0.002564983857889153, 0.003218555290561099, -0.9999915308439622, 0.002071066101084318], [0.0, 0.0, 0.0, 1.0]]}, "mean_rme": {"type": "float", "data": 0.0012605511432399743}, "max_rme": {"type": "float", "data": 0.004175364610948917}, "simu": {"type": "float", "data": 0.002}}, {"type": "dict", "image_number": {"type": "int", "data": 6}, "Hcamera2end": {"type": "ndarray", "data": [[0.9999950459368817, 0.003147072577676326, 6.352861279223338e-05, -0.014282835888107633], [-6.00341225415709e-05, -0.001110475939900768, 0.9999993816193545, 0.02345882014488734], [0.003147141178583554, -0.9999944313731842, -0.0011102815067920435, 0.03159923141019364], [0.0, 0.0, 0.0, 1.0]]}, "Hobj2base": {"type": "ndarray", "data": [[0.9999907815324521, 0.0036465631294823634, 0.0022670305375769207, -0.7335457179547268], [0.0036521523369407753, -0.9999902897749786, -0.002466199315132015, 0.09083072274965874], [0.0022580153727077552, 0.0024744561214293894, -0.9999943892009993, 0.002334017059551219], [0.0, 0.0, 0.0, 1.0]]}, "mean_rme": {"type": "float", "data": 0.0012734620840553189}, "max_rme": {"type": "float", "data": 0.004055438803430622}, "simu": {"type": "float", "data": 0.002}}, {"type": "dict", "image_number": {"type": "int", "data": 7}, "Hcamera2end": {"type": "ndarray", "data": [[0.9999958886215533, 0.002639829075297128, 0.001119840365041553, -0.016652503972844734], [-0.0011154461972110348, -0.001665450298431459, 0.9999979910255243, 0.023732083634810486], [0.00264168881041805, -0.9999951287770139, -0.0016624988638316296, 0.033939861249316104], [0.0, 0.0, 0.0, 1.0]]}, "Hobj2base": {"type": "ndarray", "data": [[0.9999920971025771, 0.003052103603003021, 0.00254762555853771, -0.7352028364819737], [0.003055091858820179, -0.9999946488701974, -0.0011698908939507145, 0.0887070631213414], [0.002544041297650112, 0.0011776648785261942, -0.9999960704719337, 0.0017688487118892354], [0.0, 0.0, 0.0, 1.0]]}, "mean_rme": {"type": "float", "data": 0.0015431351485604332}, "max_rme": {"type": "float", "data": 0.004301341327569208}, "simu": {"type": "float", "data": 0.002}}, {"type": "dict", "image_number": {"type": "int", "data": 8}, "Hcamera2end": {"type": "ndarray", "data": [[0.9999980417587001, 0.001421546393032041, 0.0013768386315931986, -0.016426829646994934], [-0.0013756585762312598, -0.0008307652294774481, 0.9999987086954738, 0.02491440275979001], [0.0014226883870444788, -0.9999986445165743, -0.0008288080401517295, 0.033487019019133826], [0.0, 0.0, 0.0, 1.0]]}, "Hobj2base": {"type": "ndarray", "data": [[0.9999965672482444, 0.0016389376656293097, 0.002044351989187141, -0.735186119090734], [0.001639920060137207, -0.9999985406300844, -0.0004789570929726317, 0.08897594655720968], [0.002043564024901459, 0.0004823080226688794, -0.9999977956100936, 0.0007071540437160462], [0.0, 0.0, 0.0, 1.0]]}, "mean_rme": {"type": "float", "data": 0.0014489031622483659}, "max_rme": {"type": "float", "data": 0.004788208826153162}, "simu": {"type": "float", "data": 0.002}}, {"type": "dict", "image_number": {"type": "int", "data": 9}, "Hcamera2end": {"type": "ndarray", "data": [[0.9999988507367957, 0.0013309280874715672, 0.0007260547594488812, -0.016240449061898705], [-0.000724845600265664, -0.0009087656124018295, 0.9999993243717308, 0.02498816927148663], [0.0013315870018570345, -0.9999987013869008, -0.0009077998506223928, 0.03338389432060896], [0.0, 0.0, 0.0, 1.0]]}, "Hobj2base": {"type": "ndarray", "data": [[0.9999968274223652, 0.0015088044658945461, 0.002017090550301528, -0.735122969968248], [0.0015106938528025502, -0.9999984213263218, -0.0009354939589039182, 0.08886910291710984], [0.002015675888510758, 0.0009385381972715932, -0.9999975280953273, 0.000826450013970982], [0.0, 0.0, 0.0, 1.0]]}, "mean_rme": {"type": "float", "data": 0.0013742021245505347}, "max_rme": {"type": "float", "data": 0.004855614794104124}, "simu": {"type": "float", "data": 0.002}}, {"type": "dict", "image_number": {"type": "int", "data": 10}, "Hcamera2end": {"type": "ndarray", "data": [[0.9999987880908336, 0.0015409441315851822, -0.0002220541541934763, -0.015474235755241397], [0.00022252355330892664, -0.0003044531053961741, 0.9999999288957852, 0.025129416289055247], [0.0015408764169407491, -0.9999987663989843, -0.00030479563279017796, 0.03345528501028768], [0.0, 0.0, 0.0, 1.0]]}, "Hobj2base": {"type": "ndarray", "data": [[0.9999976895026282, 0.0016548859181619848, 0.0013719846949165893, -0.7354055068914312], [0.0016571817090190897, -0.9999972259151211, -0.0016738909301488175, 0.0892145603990637], [0.0013692107903857504, 0.0016761606905696927, -0.999997657870833, 0.0010129420184747163], [0.0, 0.0, 0.0, 1.0]]}, "mean_rme": {"type": "float", "data": 0.001386826954043341}, "max_rme": {"type": "float", "data": 0.004779325010918267}, "simu": {"type": "float", "data": 0.002}}, {"type": "dict", "image_number": {"type": "int", "data": 11}, "Hcamera2end": {"type": "ndarray", "data": [[0.9999987832794137, 0.0015253734410914728, -0.00032661224315060555, -0.015397265484261523], [0.00032611453500996186, 0.00032652341943062435, 0.9999998935158776, 0.02512760910996044], [0.0015254799252098822, -0.9999987833084207, 0.0003260255756923902, 0.03375830066834359], [0.0, 0.0, 0.0, 1.0]]}, "Hobj2base": {"type": "ndarray", "data": [[0.9999983701325247, 0.0016314241649237802, 0.0007734258129870337, -0.7360250501576115], [0.0016326526443725064, -0.9999974025340468, -0.0015903994789828772, 0.08942743987479827], [0.000770829187897922, 0.001591659622541293, -0.999998436219782, 0.0010618128508698246], [0.0, 0.0, 0.0, 1.0]]}, "mean_rme": {"type": "float", "data": 0.001303802914958608}, "max_rme": {"type": "float", "data": 0.00482181891812028}, "simu": {"type": "float", "data": 0.002}}, {"type": "dict", "image_number": {"type": "int", "data": 12}, "Hcamera2end": {"type": "ndarray", "data": [[0.9999987818392767, 0.0013809745325866088, -0.0007274814794713898, -0.01599896994609746], [0.000726503863103515, 0.0007082874301700404, 0.9999994852603942, 0.025401258471743238], [0.0013814890877319132, -0.9999987956184031, 0.0007072832840293586, 0.03356317406739322], [0.0, 0.0, 0.0, 1.0]]}, "Hobj2base": {"type": "ndarray", "data": [[0.9999987874415329, 0.0014906108607108792, 0.0004507712566946543, -0.7360821079819603], [0.0014914764600135544, -0.9999970328862113, -0.0019260624971300943, 0.08865380728456056], [0.000447898909528413, 0.0019267324763849161, -0.9999980435423517, 0.001238790408643146], [0.0, 0.0, 0.0, 1.0]]}, "mean_rme": {"type": "float", "data": 0.0013985897751174162}, "max_rme": {"type": "float", "data": 0.004977698288992138}, "simu": {"type": "float", "data": 0.002}}, {"type": "dict", "image_number": {"type": "int", "data": 13}, "Hcamera2end": {"type": "ndarray", "data": [[0.9999985998616834, 0.0016011006588040032, -0.00048657101567087463, -0.01634012855349489], [0.0004859798713687713, 0.0003695795448226402, 0.9999998136172449, 0.02541881426043846], [0.0016012801870809467, -0.9999986499429089, 0.0003688009246679558, 0.034036067198991764], [0.0, 0.0, 0.0, 1.0]]}, "Hobj2base": {"type": "ndarray", "data": [[0.9999983681242077, 0.0016799860307028223, 0.0006643762926336199, -0.7362741233343681], [0.0016810179219776174, -0.9999973770211423, -0.0015556765670922356, 0.0883196310340906], [0.0006617610350876441, 0.0015567908568761594, -0.9999985692362565, 0.0012304258548274149], [0.0, 0.0, 0.0, 1.0]]}, "mean_rme": {"type": "float", "data": 0.0013651339512730605}, "max_rme": {"type": "float", "data": 0.004942559310736838}, "simu": {"type": "float", "data": 0.002}}, {"type": "dict", "image_number": {"type": "int", "data": 14}, "Hcamera2end": {"type": "ndarray", "data": [[0.999998688101808, 0.0014553012908737248, -0.0007112614256559546, -0.016117630428577494], [0.0007102785123459759, 0.000675807334855727, 0.9999995193943249, 0.025391870913808692], [0.001455781267136124, -0.9999987126904707, 0.0006747727790294977, 0.033252917490207014], [0.0, 0.0, 0.0, 1.0]]}, "Hobj2base": {"type": "ndarray", "data": [[0.9999987662640432, 0.0015300343568153425, 0.0003556195419184541, -0.7356236035573313], [0.0015306518142951782, -0.9999973103108792, -0.001742548716742811, 0.08834817407199531], [0.0003529524260074001, 0.0017430908965948388, -0.999998418528105, 0.001131200008486512], [0.0, 0.0, 0.0, 1.0]]}, "mean_rme": {"type": "float", "data": 0.0013982853821505581}, "max_rme": {"type": "float", "data": 0.004802568078913327}, "simu": {"type": "float", "data": 0.002}}, {"type": "dict", "image_number": {"type": "int", "data": 15}, "Hcamera2end": {"type": "ndarray", "data": [[0.9999988387543339, 0.0014572834270917415, -0.0004458867532382804, -0.016019827189982454], [0.0004454228171868745, 0.00031866582461104187, 0.9999998500252918, 0.025344090539335177], [0.0014574252974059888, -0.9999988873879337, 0.00031801634727224304, 0.03312898823468479], [0.0, 0.0, 0.0, 1.0]]}, "Hobj2base": {"type": "ndarray", "data": [[0.999998683067834, 0.0015263143589310595, 0.0005515678339223573, -0.735430382621553], [0.001527058326700426, -0.9999979215393511, -0.0013509292522931081, 0.08871715249730984], [0.0005495047447946442, 0.0013517697494644532, -0.9999989353809733, 0.0010274067581610869], [0.0, 0.0, 0.0, 1.0]]}, "mean_rme": {"type": "float", "data": 0.001406616879417123}, "max_rme": {"type": "float", "data": 0.00497249652469256}, "simu": {"type": "float", "data": 0.002}}, {"type": "dict", "image_number": {"type": "int", "data": 16}, "Hcamera2end": {"type": "ndarray", "data": [[0.9999989600029324, 0.0014359468349662303, -0.00013434932343684184, -0.01627853852755652], [0.00013400089739429137, 0.00024273895823978542, 0.9999999615607781, 0.02530063441442067], [0.0014359793915843626, -0.9999989395666803, 0.00024254628762743202, 0.03343437726435549], [0.0, 0.0, 0.0, 1.0]]}, "Hobj2base": {"type": "ndarray", "data": [[0.9999987222011298, 0.001508873776239339, 0.0005281060829284643, -0.7356450982086057], [0.0015094085201771774, -0.9999983471090079, -0.0010136395669626361, 0.088569600754534], [0.0005265757558655283, 0.0010144353995562726, -0.9999993468191837, 0.0009762070966180883], [0.0, 0.0, 0.0, 1.0]]}, "mean_rme": {"type": "float", "data": 0.0013935745710428808}, "max_rme": {"type": "float", "data": 0.005196291617754256}, "simu": {"type": "float", "data": 0.002}}, {"type": "dict", "image_number": {"type": "int", "data": 17}, "Hcamera2end": {"type": "ndarray", "data": [[0.9999987298486123, 0.001590299753910895, -0.00010605590500348489, -0.016539451021871446], [0.00010581091535022467, 0.0001541358445221741, 0.9999999825230955, 0.025420378381408103], [0.0015903160731338627, -0.9999987235936024, 0.00015396737767370272, 0.03369434699580345], [0.0, 0.0, 0.0, 1.0]]}, "Hobj2base": {"type": "ndarray", "data": [[0.9999984690318111, 0.001650512466954813, 0.0005811562872930486, -0.735787701332719], [0.0016510665890039045, -0.9999981816468, -0.0009542967105716255, 0.08824042432161401], [0.0005795801519276816, 0.000955254777302658, -0.999999375787384, 0.001032903170984622], [0.0, 0.0, 0.0, 1.0]]}, "mean_rme": {"type": "float", "data": 0.0014371301634063221}, "max_rme": {"type": "float", "data": 0.005042510082150731}, "simu": {"type": "float", "data": 0.002}}, {"type": "dict", "image_number": {"type": "int", "data": 18}, "Hcamera2end": {"type": "ndarray", "data": [[0.9999987044170435, 0.0016026175498608441, -0.00015093450004703365, -0.016679070557112506], [0.00015057360676634646, 0.00022530816493970818, 0.9999999632819091, 0.02539106091803933], [0.001602651497791019, -0.9999986904257522, 0.00022506656112963874, 0.03351356875805456], [0.0, 0.0, 0.0, 1.0]]}, "Hobj2base": {"type": "ndarray", "data": [[0.9999985040077679, 0.0016572789653322348, 0.0004953873809051683, -0.7358083938999341], [0.0016577487438024956, -0.9999981752491938, -0.0009494036995571976, 0.08801680692112664], [0.000493813050165761, 0.0009502235070650292, -0.9999994266118144, 0.0010460019896534642], [0.0, 0.0, 0.0, 1.0]]}, "mean_rme": {"type": "float", "data": 0.0014433991369597892}, "max_rme": {"type": "float", "data": 0.005029104078284052}, "simu": {"type": "float", "data": 0.002}}, {"type": "dict", "image_number": {"type": "int", "data": 19}, "Hcamera2end": {"type": "ndarray", "data": [[0.999998527596295, 0.0016982892403376209, -0.00024620905376139383, -0.016291759157752026], [0.00024557494526933744, 0.00037357916292179993, 0.9999999000657724, 0.02547734027707866], [0.0016983810491926056, -0.9999984881249895, 0.0003731615555752077, 0.033143107342099805], [0.0, 0.0, 0.0, 1.0]]}, "Hobj2base": {"type": "ndarray", "data": [[0.9999984051529772, 0.0017530748765613598, 0.00034120372109353785, -0.7354109359215827], [0.0017534083066456049, -0.999997983181586, -0.0009793835156560234, 0.0881968085013453], [0.00033948610031177533, 0.0009799802231279632, -0.9999994621938304, 0.0010937010343945101], [0.0, 0.0, 0.0, 1.0]]}, "mean_rme": {"type": "float", "data": 0.0014899229738427008}, "max_rme": {"type": "float", "data": 0.0048970354077897404}, "simu": {"type": "float", "data": 0.002}}, {"type": "dict", "image_number": {"type": "int", "data": 20}, "Hcamera2end": {"type": "ndarray", "data": [[0.999998695942722, 0.001602854586032161, -0.00019740828655447074, -0.016362897141986216], [0.000196914514036521, 0.00030821018108628806, 0.9999999331155767, 0.025458497015220818], [0.0016029153220699038, -0.9999986679309427, 0.0003078941538307012, 0.03292951834032832], [0.0, 0.0, 0.0, 1.0]]}, "Hobj2base": {"type": "ndarray", "data": [[0.9999985594545129, 0.0016596353602458252, 0.00035594854962202555, -0.735189923311464], [0.0016599531214433717, -0.999998222401709, -0.0008942868987307496, 0.0883722569083788], [0.0003544637267291538, 0.000894876468375812, -0.9999995367756793, 0.0011148480043730092], [0.0, 0.0, 0.0, 1.0]]}, "mean_rme": {"type": "float", "data": 0.0014805433058539693}, "max_rme": {"type": "float", "data": 0.004892766909490476}, "simu": {"type": "float", "data": 0.002}}, {"type": "dict", "image_number": {"type": "int", "data": 21}, "Hcamera2end": {"type": "ndarray", "data": [[0.9999994163809673, 0.0010785627056757552, -6.277112896307783e-05, -0.016183356704524067], [6.239169444602994e-05, 0.00035182648249554305, 0.9999999361626993, 0.02592155396493045], [0.0010785847213687287, -0.999999356460101, 0.0003517589838082369, 0.03297962774749988], [0.0, 0.0, 0.0, 1.0]]}, "Hobj2base": {"type": "ndarray", "data": [[0.9999992689630269, 0.0011719515771514747, 0.0002976624135795194, -0.7351206053290558], [0.001172143272847159, -0.9999991052542934, -0.0006446477805129526, 0.08884040063816007], [0.00029690665126427346, 0.0006449962122472472, -0.9999997479131317, 0.0008164194115036718], [0.0, 0.0, 0.0, 1.0]]}, "mean_rme": {"type": "float", "data": 0.0015197993466505508}, "max_rme": {"type": "float", "data": 0.005030239955611249}, "simu": {"type": "float", "data": 0.002}}, {"type": "dict", "image_number": {"type": "int", "data": 22}, "Hcamera2end": {"type": "ndarray", "data": [[0.9999996823085076, 0.0007806870984295514, -0.0001609675066996114, -0.015937258080875545], [0.00016066130028826922, 0.00039227366573035827, 0.9999999101546547, 0.027264955455917554], [0.0007807501716023662, -0.9999996183244398, 0.0003921481149039563, 0.032901392986082356], [0.0, 0.0, 0.0, 1.0]]}, "Hobj2base": {"type": "ndarray", "data": [[0.9999995800859316, 0.0008661640466325738, 0.00029931221942621167, -0.735127589100647], [0.0008663346614427217, -0.9999994620743571, -0.0005703641375351397, 0.08887296364213022], [0.0002988180295090723, 0.0005706232025814965, -0.9999997925484507, -0.000576285632159047], [0.0, 0.0, 0.0, 1.0]]}, "mean_rme": {"type": "float", "data": 0.0015624268057793116}, "max_rme": {"type": "float", "data": 0.005775397202229249}, "simu": {"type": "float", "data": 0.002}}, {"type": "dict", "image_number": {"type": "int", "data": 23}, "Hcamera2end": {"type": "ndarray", "data": [[0.999999772197593, 0.0006523372110881975, -0.00017338086762520093, -0.015938582353553755], [0.0001730716040158269, 0.00047411208047842823, 0.9999998726319692, 0.026854200874817727], [0.0006524193299651564, -0.999999674836896, 0.0004739990714270892, 0.032918102817062936], [0.0, 0.0, 0.0, 1.0]]}, "Hobj2base": {"type": "ndarray", "data": [[0.9999997046549063, 0.0007025512965231226, 0.00031162762381424145, -0.7350631002899953], [0.0007027256701939373, -0.9999995963992614, -0.0005598017028228212, 0.08898735492054503], [0.0003112342086289883, 0.0005600205262189307, -0.9999997947551176, -0.0001897426843503228], [0.0, 0.0, 0.0, 1.0]]}, "mean_rme": {"type": "float", "data": 0.00155769210683921}, "max_rme": {"type": "float", "data": 0.005465292421650003}, "simu": {"type": "float", "data": 0.002}}, {"type": "dict", "image_number": {"type": "int", "data": 24}, "Hcamera2end": {"type": "ndarray", "data": [[0.9999999082009189, 0.00033820477161614814, -0.00026308874199416514, -0.015919115295056727], [0.0002629114719779826, 0.0005240876013965501, 0.9999998281048575, 0.027516051355628054], [0.0003383425950281369, -0.9999998054748406, 0.0005239986353714476, 0.032892847690633574], [0.0, 0.0, 0.0, 1.0]]}, "Hobj2base": {"type": "ndarray", "data": [[0.9999998832612784, 0.0003565351343358403, 0.0003261290044305034, -0.7350046059553416], [0.00035670303384631, -0.9999998038141455, -0.0005149122411136857, 0.08895682243059477], [0.0003259453561435494, 0.0005150285122087946, -0.999999814252611, -0.0007857464484529267], [0.0, 0.0, 0.0, 1.0]]}, "mean_rme": {"type": "float", "data": 0.0015354985885591816}, "max_rme": {"type": "float", "data": 0.005758167623446886}, "simu": {"type": "float", "data": 0.002}}, {"type": "dict", "image_number": {"type": "int", "data": 25}, "Hcamera2end": {"type": "ndarray", "data": [[0.9999999295305757, 0.00023231624855713764, -0.00029490338130649734, -0.01595644923850894], [0.00029477426455838164, 0.0005556184255283148, 0.9999998021981295, 0.02739952425106392], [0.0002324800563569536, -0.9999998186586464, 0.0005555499055228674, 0.03290151065777793], [0.0, 0.0, 0.0, 1.0]]}, "Hobj2base": {"type": "ndarray", "data": [[0.9999999065307034, 0.00023953343259069853, 0.00035994766161020586, -0.7349439355318907], [0.00023972777077082422, -0.9999998254865288, -0.0005399606539487808, 0.08894886233910154], [0.0003598182601655857, 0.0005400468929295503, -0.9999997894400643, -0.0006531480959652902], [0.0, 0.0, 0.0, 1.0]]}, "mean_rme": {"type": "float", "data": 0.0015121994263782854}, "max_rme": {"type": "float", "data": 0.0056233154143856545}, "simu": {"type": "float", "data": 0.002}}, {"type": "dict", "image_number": {"type": "int", "data": 26}, "Hcamera2end": {"type": "ndarray", "data": [[0.9999999320546769, -0.00021487129232676983, -0.0002995345881500486, -0.01575550304195808], [0.0002996668432381493, 0.0006157405071651745, 0.999999765531678, 0.028052558580021925], [-0.00021468680636703747, -0.9999997873469552, 0.000615804855130353, 0.03286322009833419], [0.0, 0.0, 0.0, 1.0]]}, "Hobj2base": {"type": "ndarray", "data": [[0.9999999040400692, -0.00022322831289616594, 0.00037694690970645976, -0.7348834374956267], [-0.00022309393187628596, -0.9999999115673661, -0.0003565029552709214, 0.08918650328558259], [0.0003770264579252994, 0.00035641882649272745, -0.9999998654083257, -0.001356419822331284], [0.0, 0.0, 0.0, 1.0]]}, "mean_rme": {"type": "float", "data": 0.001515753755826963}, "max_rme": {"type": "float", "data": 0.005928753158987221}, "simu": {"type": "float", "data": 0.002}}, {"type": "dict", "image_number": {"type": "int", "data": 27}, "Hcamera2end": {"type": "ndarray", "data": [[0.9999999049752805, 0.00014223300147260396, -0.0004120912559496193, -0.015897986226592747], [0.0004119980992185577, 0.0006543676732310155, 0.9999997010302122, 0.02728957046505196], [0.00014250261814554817, -0.9999997757863353, 0.0006543090113236838, 0.03291103621123837], [0.0, 0.0, 0.0, 1.0]]}, "Hobj2base": {"type": "ndarray", "data": [[0.9999999414351686, 9.386324607613066e-05, 0.00032911905197110044, -0.7349018572047543], [9.398303268769002e-05, -0.9999999293484159, -0.0003639647669390641, 0.0891541456115731], [0.000329084865803836, 0.0003639956772301484, -0.9999998796051413, -0.00053631221570585], [0.0, 0.0, 0.0, 1.0]]}, "mean_rme": {"type": "float", "data": 0.0016061837339610106}, "max_rme": {"type": "float", "data": 0.0068676172665470825}, "simu": {"type": "float", "data": 0.002}}, {"type": "dict", "image_number": {"type": "int", "data": 28}, "Hcamera2end": {"type": "ndarray", "data": [[0.9999999284036543, 7.149929693255454e-05, -0.0003715918957038349, -0.015794982005648474], [0.0003715424482573654, 0.0006903543579206417, 0.9999996926834872, 0.026874019028204976], [7.175580504420695e-05, -0.999999759149326, 0.0006903277434699984, 0.032893048247956004], [0.0, 0.0, 0.0, 1.0]]}, "Hobj2base": {"type": "ndarray", "data": [[0.9999999521600894, 1.1103985781768757e-05, 0.00030912217724449263, -0.7349081102497774], [1.118471049423624e-05, -0.99999996584007, -0.00026114126596442697, 0.08940251196878823], [0.0003091192669759964, 0.00026114471091351197, -0.999999918124356, -0.00020516101905428724], [0.0, 0.0, 0.0, 1.0]]}, "mean_rme": {"type": "float", "data": 0.0016389325839199012}, "max_rme": {"type": "float", "data": 0.006532054528943371}, "simu": {"type": "float", "data": 0.002}}, {"type": "dict", "image_number": {"type": "int", "data": 29}, "Hcamera2end": {"type": "ndarray", "data": [[0.9999998670452902, 1.5099871272332953e-05, -0.0005154429123569249, -0.015956178749356037], [0.0005154318933639041, 0.0007208753734223583, 0.9999996073342524, 0.026562638832562473], [1.547143544505385e-05, -0.999999740055311, 0.0007208674946233007, 0.032911240320309613], [0.0, 0.0, 0.0, 1.0]]}, "Hobj2base": {"type": "ndarray", "data": [[0.9999999365514881, -6.456177587494e-05, 0.00035032670024773467, -0.7348431333209566], [-6.445026776648954e-05, -0.9999999472658123, -0.0003182994417280282, 0.08930360097291677], [0.00035034723175075887, 0.0003182768428827655, -0.9999998879783274, 0.00020310895151340612], [0.0, 0.0, 0.0, 1.0]]}, "mean_rme": {"type": "float", "data": 0.0017113979232817563}, "max_rme": {"type": "float", "data": 0.006255180836791191}, "simu": {"type": "float", "data": 0.002}}, {"type": "dict", "image_number": {"type": "int", "data": 30}, "Hcamera2end": {"type": "ndarray", "data": [[0.99999984484386, 0.00017911248491540383, -0.0005274760410136671, -0.01597220705519515], [0.0005273399120619912, 0.0007592179170657909, 0.9999995727502943, 0.02627848563178522], [0.0001795128776508078, -0.9999996957533895, 0.000759123346106394, 0.03293753969395291], [0.0, 0.0, 0.0, 1.0]]}, "Hobj2base": {"type": "ndarray", "data": [[0.9999999471677302, 7.26477896000204e-05, 0.00031683881622012475, -0.7348470129213065], [7.274282834833472e-05, -0.9999999523668119, -0.0002999580882330217, 0.08933121668744974], [0.00031681700983599904, 0.0002999811201371775, -0.9999999048191504, 0.0004832017155068036], [0.0, 0.0, 0.0, 1.0]]}, "mean_rme": {"type": "float", "data": 0.0017159417887508837}, "max_rme": {"type": "float", "data": 0.006020902145795842}, "simu": {"type": "float", "data": 0.002}}]}