{"type": "list", "data": [{"type": "dict", "image_number": {"type": "int", "data": 5}, "Hcamera2end": {"type": "ndarray", "data": [[0.9999979489701545, 0.0005143315694102789, -0.0019589585296966943, -0.013058995475625765], [0.0019595925719566726, -0.0012351537873003249, 0.9999973171924385, 0.0270559310651736], [0.0005119105745105369, -0.999999104928679, -0.0012361591342859857, 0.031703097328228534], [0.0, 0.0, 0.0, 1.0]]}, "Hobj2base": {"type": "ndarray", "data": [[0.9999989446818703, 0.00015163363571913798, 0.0014448676015939579, -0.7341106642892159], [0.00015160329728864202, -0.99999998828547, 2.1106877788429675e-05, 0.09058314052216675], [0.0014448707851806308, -2.0887808821411707e-05, -0.9999989559555118, -0.0033370048791395044], [0.0, 0.0, 0.0, 1.0]]}, "mean_rme": {"type": "float", "data": 0.0013571786352172023}, "max_rme": {"type": "float", "data": 0.005402504993820334}, "simu": {"type": "float", "data": 0.002}}, {"type": "dict", "image_number": {"type": "int", "data": 6}, "Hcamera2end": {"type": "ndarray", "data": [[0.9999976927220418, 0.0005764174474565031, -0.0020693703195060658, -0.013662401087078647], [0.0020692515629481016, 0.00020654550691268092, 0.9999978377661238, 0.025991699936526794], [0.0005768436202488042, -0.9999998125409224, 0.00020535227765072772, 0.03178241353192515], [0.0, 0.0, 0.0, 1.0]]}, "Hobj2base": {"type": "ndarray", "data": [[0.9999998421605044, 0.0004736830636741218, 0.00030216439476231344, -0.7346413920035775], [0.000473677033995786, -0.9999998876145026, 2.0026211817992885e-05, 0.08944085403147088], [0.0003021738468807855, -1.9883080322775567e-05, -0.9999999541478135, -0.0022480949697796424], [0.0, 0.0, 0.0, 1.0]]}, "mean_rme": {"type": "float", "data": 0.0013216721603492457}, "max_rme": {"type": "float", "data": 0.005579019227460291}, "simu": {"type": "float", "data": 0.002}}, {"type": "dict", "image_number": {"type": "int", "data": 7}, "Hcamera2end": {"type": "ndarray", "data": [[0.9999966195120957, 0.0006610213718518734, -0.002514759457041898, -0.01475784495993563], [0.0025137212804419704, 0.0015667309378660788, 0.9999956132701244, 0.026175237346361235], [0.000664958423572312, -0.9999985542014118, 0.0015650640180618902, 0.03008008646114238], [0.0, 0.0, 0.0, 1.0]]}, "Hobj2base": {"type": "ndarray", "data": [[0.9999994213370831, 0.0004891133290844248, -0.000958172035800785, -0.7334465835913606], [0.0004885125660764384, -0.9999996840364318, -0.0006271224035439831, 0.0882222952318465], [-0.0009584784669798706, 0.000626653961571552, -0.9999993443117052, -0.002126520398004634], [0.0, 0.0, 0.0, 1.0]]}, "mean_rme": {"type": "float", "data": 0.0012896720565398786}, "max_rme": {"type": "float", "data": 0.005753498804017293}, "simu": {"type": "float", "data": 0.002}}, {"type": "dict", "image_number": {"type": "int", "data": 8}, "Hcamera2end": {"type": "ndarray", "data": [[0.9999963186502746, 0.0007737674285034116, -0.0026007633235358993, -0.015467557388453564], [0.0025997640638276386, 0.0012896363419145906, 0.9999957890235929, 0.026248335839179036], [0.0007771182090857761, -0.9999988690603967, 0.0012876199815577971, 0.030243657199341124], [0.0, 0.0, 0.0, 1.0]]}, "Hobj2base": {"type": "ndarray", "data": [[0.9999996332540296, 0.0006158451226443578, -0.0005951693801859618, -0.7331529279130952], [0.0006151633276686207, -0.9999991552137995, -0.0011450527356340514, 0.08723350159170315], [-0.0005958740525374933, 0.001144686189314133, -0.9999991673134738, -0.001966913575539672], [0.0, 0.0, 0.0, 1.0]]}, "mean_rme": {"type": "float", "data": 0.001420776209849263}, "max_rme": {"type": "float", "data": 0.006117986668981196}, "simu": {"type": "float", "data": 0.002}}, {"type": "dict", "image_number": {"type": "int", "data": 9}, "Hcamera2end": {"type": "ndarray", "data": [[0.9999974775666958, 0.000918144369211123, -0.0020498466193942903, -0.016233964054373072], [0.0020484857829710583, 0.0014806557288753464, 0.999996805677203, 0.02627268357681659], [0.0009211765535019554, -0.9999984823336133, 0.0014787711883330612, 0.030384178222728937], [0.0, 0.0, 0.0, 1.0]]}, "Hobj2base": {"type": "ndarray", "data": [[0.9999992699605196, 0.0007703550051746137, -0.0009309304989023845, -0.7331784056290302], [0.0007697071585049684, -0.9999994615178511, -0.0006960710435472123, 0.08671339046566734], [-0.0009314662194252829, 0.0006953539915187935, -0.999999324426526, -0.001847948776192074], [0.0, 0.0, 0.0, 1.0]]}, "mean_rme": {"type": "float", "data": 0.0013818772682429028}, "max_rme": {"type": "float", "data": 0.006378876692832963}, "simu": {"type": "float", "data": 0.002}}, {"type": "dict", "image_number": {"type": "int", "data": 10}, "Hcamera2end": {"type": "ndarray", "data": [[0.9999978113343635, 0.0012369682879365745, -0.0016873754583057576, -0.01608148348777612], [0.00168708430835301, 0.00023637948270904818, 0.9999985489345857, 0.02621582880454968], [0.0012373653539526435, -0.9999992070167831, 0.00023429209556491415, 0.033466512200476785], [0.0, 0.0, 0.0, 1.0]]}, "Hobj2base": {"type": "ndarray", "data": [[0.9999993861725079, 0.0010235200311203398, 0.00042433636802655306, -0.7353477740930953], [0.0010238396895341745, -0.999999191782053, -0.0007537821507766766, 0.087781240996521], [0.000423564513939864, 0.0007542161404997678, -0.999999625875488, -0.002195497442543126], [0.0, 0.0, 0.0, 1.0]]}, "mean_rme": {"type": "float", "data": 0.0015262366191003851}, "max_rme": {"type": "float", "data": 0.006781877094960503}, "simu": {"type": "float", "data": 0.002}}, {"type": "dict", "image_number": {"type": "int", "data": 11}, "Hcamera2end": {"type": "ndarray", "data": [[0.9999981277678879, 0.0013365504923022792, -0.001399318941667046, -0.016084649216257282], [0.0013996108646381234, -0.00021750487327931722, 0.9999989968900257, 0.02605515023973372], [0.001336244792906065, -0.9999990831617854, -0.0002193751166499336, 0.033760506146621405], [0.0, 0.0, 0.0, 1.0]]}, "Hobj2base": {"type": "ndarray", "data": [[0.9999989116115545, 0.0011828744583141906, 0.0008818070777066318, -0.7353469186876953], [0.0011835728971589007, -0.9999989859819902, -0.0007919534003566974, 0.08788600089936531], [0.0008808694020889169, 0.0007929962213614635, -0.999999297612798, -0.0023976813065895415], [0.0, 0.0, 0.0, 1.0]]}, "mean_rme": {"type": "float", "data": 0.0015043706531003291}, "max_rme": {"type": "float", "data": 0.006916968820060987}, "simu": {"type": "float", "data": 0.002}}, {"type": "dict", "image_number": {"type": "int", "data": 12}, "Hcamera2end": {"type": "ndarray", "data": [[0.9999986853691079, 0.0010760389418497725, -0.0012130128818703153, -0.01627500349424002], [0.0012132170231259566, -0.00018908304679676746, 0.9999992461757439, 0.026103622718254085], [0.0010758087705340096, -0.9999994031937203, -0.00019038826698425382, 0.03374838553468847], [0.0, 0.0, 0.0, 1.0]]}, "Hobj2base": {"type": "ndarray", "data": [[0.9999992653519361, 0.0009489963281557697, 0.0007541230385351768, -0.735258132019863], [0.0009494893767393421, -0.9999993355630474, -0.0006537150651509931, 0.0878545679738751], [0.000753502164271475, 0.0006544306167143297, -0.9999995019774037, -0.002365239888194167], [0.0, 0.0, 0.0, 1.0]]}, "mean_rme": {"type": "float", "data": 0.001400031424672858}, "max_rme": {"type": "float", "data": 0.006916908002325445}, "simu": {"type": "float", "data": 0.002}}, {"type": "dict", "image_number": {"type": "int", "data": 13}, "Hcamera2end": {"type": "ndarray", "data": [[0.9999988719716473, 0.001144549848840209, -0.0009726567105404429, -0.015616960674122814], [0.0009726188664551478, 3.362074324142483e-05, 0.9999995264409813, 0.026334806206945175], [0.0011445820082698328, -0.99999934443743, 3.250749453975743e-05, 0.033563151315271676], [0.0, 0.0, 0.0, 1.0]]}, "Hobj2base": {"type": "ndarray", "data": [[0.9999993452539578, 0.0010408619722155061, 0.00047549764511063924, -0.7354305270904358], [0.001041095437864408, -0.9999993375150806, -0.0004910088484027376, 0.08861435835652932], [0.0004749862576622964, 0.0004915035653456775, -0.9999997664061229, -0.002267033294123315], [0.0, 0.0, 0.0, 1.0]]}, "mean_rme": {"type": "float", "data": 0.0014975459889916922}, "max_rme": {"type": "float", "data": 0.00668644807196217}, "simu": {"type": "float", "data": 0.002}}, {"type": "dict", "image_number": {"type": "int", "data": 14}, "Hcamera2end": {"type": "ndarray", "data": [[0.9999992228092098, 0.0008957537900850976, -0.0008671828664758549, -0.015740665605596758], [0.0008671293021425574, 6.018469031654483e-05, 0.9999996222322167, 0.026298566437484475], [0.0008958056428304406, -0.999999597001394, 5.9407909182684904e-05, 0.03320306362698764], [0.0, 0.0, 0.0, 1.0]]}, "Hobj2base": {"type": "ndarray", "data": [[0.999999609264283, 0.0008131387558889948, 0.00034680923420240726, -0.7350849995021226], [0.0008132781142541198, -0.9999995885361159, -0.0004018784732451657, 0.08867647623505763], [0.00034648230854117965, 0.00040216036857689035, -0.9999998591085137, -0.0024160585070788776], [0.0, 0.0, 0.0, 1.0]]}, "mean_rme": {"type": "float", "data": 0.0015201615785054483}, "max_rme": {"type": "float", "data": 0.006601207911429041}, "simu": {"type": "float", "data": 0.002}}, {"type": "dict", "image_number": {"type": "int", "data": 15}, "Hcamera2end": {"type": "ndarray", "data": [[0.9999975502683143, 0.002068297717202966, -0.0007884173534466662, -0.015856242776280734], [0.000788220024221513, 9.621998956133027e-05, 0.9999996847254039, 0.02622899217082058], [0.002068372926630757, -0.9999978564408359, 9.458948017138091e-05, 0.03276477935557791], [0.0, 0.0, 0.0, 1.0]]}, "Hobj2base": {"type": "ndarray", "data": [[0.9999980410197801, 0.0019345777694705735, 0.00041876658894681156, -0.7353545239004905], [0.0019347079068375533, -0.9999980802202919, -0.0003105817871773949, 0.08792873539950821], [0.00041816494038613566, 0.000311391369784572, -0.9999998640867398, -0.0023610421628321573], [0.0, 0.0, 0.0, 1.0]]}, "mean_rme": {"type": "float", "data": 0.0017556809771463483}, "max_rme": {"type": "float", "data": 0.006311428185011653}, "simu": {"type": "float", "data": 0.002}}, {"type": "dict", "image_number": {"type": "int", "data": 16}, "Hcamera2end": {"type": "ndarray", "data": [[0.9999974477267873, 0.0021028980918430785, -0.0008260505592986164, -0.015479398492178147], [0.000826048247307161, 1.9679795617566498e-06, 0.9999996588201518, 0.02622408977648353], [0.002102899000027245, -0.9999977889054268, 2.3087925582476743e-07, 0.03296667931296126], [0.0, 0.0, 0.0, 1.0]]}, "Hobj2base": {"type": "ndarray", "data": [[0.9999979112772577, 0.001979259257590128, 0.0005098763704233431, -0.7353239995193385], [0.001979450931053704, -0.9999979703128961, -0.0003756914960193975, 0.08830704658973067], [0.0005091317446623551, 0.0003766999865601824, -0.9999997994409735, -0.002254523264837917], [0.0, 0.0, 0.0, 1.0]]}, "mean_rme": {"type": "float", "data": 0.0017130490204766593}, "max_rme": {"type": "float", "data": 0.00651221397136631}, "simu": {"type": "float", "data": 0.002}}, {"type": "dict", "image_number": {"type": "int", "data": 17}, "Hcamera2end": {"type": "ndarray", "data": [[0.9999977985224426, 0.0019195239198465603, -0.0008475719375110222, -0.01493332773432995], [0.0008475484515701983, 1.3048707297791395e-05, 0.9999996407456123, 0.02622564586052707], [0.0019195342899672961, -0.9999981576271292, 1.1421789045340525e-05, 0.03295942693554568], [0.0, 0.0, 0.0, 1.0]]}, "Hobj2base": {"type": "ndarray", "data": [[0.9999982317494861, 0.001812330096936323, 0.0005019537039666494, -0.7349261207354069], [0.0018125216476406914, -0.9999982846410702, -0.00038141865900273873, 0.08872409980754009], [0.0005012615864206373, 0.00038232778651355195, -0.9999998012811229, -0.002065898853085214], [0.0, 0.0, 0.0, 1.0]]}, "mean_rme": {"type": "float", "data": 0.0017433134389292825}, "max_rme": {"type": "float", "data": 0.006847478683617625}, "simu": {"type": "float", "data": 0.002}}, {"type": "dict", "image_number": {"type": "int", "data": 18}, "Hcamera2end": {"type": "ndarray", "data": [[0.9999963920857998, 0.002473555090790234, -0.0010475402598701796, -0.01483985781983764], [0.0010474596511006488, 3.3883476913132426e-05, 0.9999994508399439, 0.02464387074208707], [0.0024735892267187926, -0.9999969401838802, 3.129240551202894e-05, 0.03279679072077138], [0.0, 0.0, 0.0, 1.0]]}, "Hobj2base": {"type": "ndarray", "data": [[0.999997143622506, 0.0023361226194759587, 0.0005052503693975736, -0.7350687435085806], [0.002336195520782439, -0.9999972607601131, -0.0001437454672618042, 0.0884749022748852], [0.0005049131783580914, 0.00014492542032034695, -0.9999998620296431, -0.0004832413036871603], [0.0, 0.0, 0.0, 1.0]]}, "mean_rme": {"type": "float", "data": 0.0018004771550334457}, "max_rme": {"type": "float", "data": 0.0067346431291443465}, "simu": {"type": "float", "data": 0.002}}, {"type": "dict", "image_number": {"type": "int", "data": 19}, "Hcamera2end": {"type": "ndarray", "data": [[0.9999962127122701, 0.002559554613066898, -0.0010115539031317557, -0.014659680161852907], [0.0010113971490039258, 6.253636059228018e-05, 0.9999994865823735, 0.02465319292672375], [0.002559616557846088, -0.9999967223793217, 5.994739751080669e-05, 0.032641897828814874], [0.0, 0.0, 0.0, 1.0]]}, "Hobj2base": {"type": "ndarray", "data": [[0.9999969588477934, 0.0024276497536070934, 0.00043452484202089283, -0.7351490998670506], [0.002427710229010982, -0.9999970434879399, -0.00013870264140049659, 0.08869101907487803], [0.00043418683590973654, 0.00013975711998838613, -0.9999998959748639, -0.0005172077633929941], [0.0, 0.0, 0.0, 1.0]]}, "mean_rme": {"type": "float", "data": 0.0018187706478415698}, "max_rme": {"type": "float", "data": 0.006544684389202721}, "simu": {"type": "float", "data": 0.002}}, {"type": "dict", "image_number": {"type": "int", "data": 20}, "Hcamera2end": {"type": "ndarray", "data": [[0.9999968268966247, 0.0022980170859941544, -0.0010321405691079723, -0.014318890343367183], [0.0010321517048462237, -3.6598553359024066e-06, 0.9999994673245901, 0.02467608588706629], [0.0022980120844117912, -0.9999973595485531, -6.031745975798586e-06, 0.03256946192011091], [0.0, 0.0, 0.0, 1.0]]}, "Hobj2base": {"type": "ndarray", "data": [[0.9999975079537685, 0.0021831989073329678, 0.00046661417004128, -0.734897706740908], [0.002183286478671095, -0.9999975990964609, -0.00018724707237592538, 0.08899449707409487], [0.0004662042521418553, 0.00018826535815577176, -0.9999998736048672, -0.0003943716390933494], [0.0, 0.0, 0.0, 1.0]]}, "mean_rme": {"type": "float", "data": 0.0017988666418767563}, "max_rme": {"type": "float", "data": 0.006603540883923287}, "simu": {"type": "float", "data": 0.002}}, {"type": "dict", "image_number": {"type": "int", "data": 21}, "Hcamera2end": {"type": "ndarray", "data": [[0.9999969452621618, 0.0022670116876081082, -0.0009849489090308775, -0.01415882945384694], [0.0009847144429984867, 0.00010453901144369393, 0.9999995097044102, 0.024820730842348693], [0.0022671135416875484, -0.9999974248614859, 0.0001023063329531615, 0.03280472717391041], [0.0, 0.0, 0.0, 1.0]]}, "Hobj2base": {"type": "ndarray", "data": [[0.9999976254146167, 0.002155694682730051, 0.00031960219472330106, -0.7352627164961287], [0.002155746591230863, -0.999997663227566, -0.00016216053966791981, 0.08907640648175605], [0.000319251879272592, 0.00016284913594569723, -0.9999999357791955, -0.0003711761554341333], [0.0, 0.0, 0.0, 1.0]]}, "mean_rme": {"type": "float", "data": 0.0018329997681963762}, "max_rme": {"type": "float", "data": 0.006517077867748494}, "simu": {"type": "float", "data": 0.002}}, {"type": "dict", "image_number": {"type": "int", "data": 22}, "Hcamera2end": {"type": "ndarray", "data": [[0.9999969474648893, 0.0022873921786445988, -0.0009342900644229664, -0.014331886137107066], [0.0009341756716344257, 5.10780375712061e-05, 0.9999995623533285, 0.02475302166065889], [0.0022874388992780385, -0.9999973826106022, 4.894105552899486e-05, 0.03312094227137147], [0.0, 0.0, 0.0, 1.0]]}, "Hobj2base": {"type": "ndarray", "data": [[0.9999975601667407, 0.0021791871563064604, 0.00036166822306918015, -0.7355856171754698], [0.002179247958277854, -0.9999976113568083, -0.00016780647686757977, 0.0891848760923113], [0.00036130167745370665, 0.0001685942321844539, -0.9999999205185379, -0.00030343183723012914], [0.0, 0.0, 0.0, 1.0]]}, "mean_rme": {"type": "float", "data": 0.0018661197037492332}, "max_rme": {"type": "float", "data": 0.006492318125336571}, "simu": {"type": "float", "data": 0.002}}, {"type": "dict", "image_number": {"type": "int", "data": 23}, "Hcamera2end": {"type": "ndarray", "data": [[0.9999970560961952, 0.0022573399639118138, -0.0008900647338771859, -0.01414824887197512], [0.0008900515578594436, 6.8415357347140215e-06, 0.9999996038806305, 0.024728273458654068], [0.0022573451591454134, -0.9999974521814947, 4.832366642393282e-06, 0.03325465517904001], [0.0, 0.0, 0.0, 1.0]]}, "Hobj2base": {"type": "ndarray", "data": [[0.9999976006157587, 0.002148521195589715, 0.00042733990886895053, -0.7355854186888446], [0.0021485836969131235, -0.9999976811550417, -0.00014585142130115174, 0.08942404115308278], [0.00042702555306388493, 0.00014676924690878605, -0.9999998980539775, -0.00022909258986809718], [0.0, 0.0, 0.0, 1.0]]}, "mean_rme": {"type": "float", "data": 0.0018449148972048673}, "max_rme": {"type": "float", "data": 0.006594134904733762}, "simu": {"type": "float", "data": 0.002}}, {"type": "dict", "image_number": {"type": "int", "data": 24}, "Hcamera2end": {"type": "ndarray", "data": [[0.9999956035086699, 0.0028208565023230565, -0.0009141837476209725, -0.014189464848042541], [0.0009141783009692058, 3.22023548349204e-06, 0.9999995821337444, 0.024876082568211], [0.0028208582674692554, -0.9999960213711967, 6.414555212552742e-07, 0.03318413674852738], [0.0, 0.0, 0.0, 1.0]]}, "Hobj2base": {"type": "ndarray", "data": [[0.999996316776495, 0.0026803647041784597, 0.0004267065693918209, -0.7357223961514116], [0.002680414923431601, -0.999996400817972, -0.0001171620264391183, 0.08932439974229701], [0.00042639099663686767, 0.00011830534556171278, -0.999999902097277, -0.0003849804245667522], [0.0, 0.0, 0.0, 1.0]]}, "mean_rme": {"type": "float", "data": 0.001839178462119763}, "max_rme": {"type": "float", "data": 0.00657616549245757}, "simu": {"type": "float", "data": 0.002}}, {"type": "dict", "image_number": {"type": "int", "data": 25}, "Hcamera2end": {"type": "ndarray", "data": [[0.9999958635341161, 0.0027342427189740682, -0.0008926541386209328, -0.01418966352972112], [0.0008925666283948199, 3.3225370376421814e-05, 0.9999996011103647, 0.02489312963209875], [0.002734271287077361, -0.9999962613994255, 3.078473913586954e-05, 0.0330992329852004], [0.0, 0.0, 0.0, 1.0]]}, "Hobj2base": {"type": "ndarray", "data": [[0.9999965419041692, 0.0025987852813286892, 0.0004031063936668469, -0.7356698609734739], [0.0025988331566062554, -0.9999966160314133, -0.00011828755873845883, 0.08940426098050824], [0.00040279762560085984, 0.00011933475595024651, -0.9999999117566407, -0.00039594064384413486], [0.0, 0.0, 0.0, 1.0]]}, "mean_rme": {"type": "float", "data": 0.0017867745470334366}, "max_rme": {"type": "float", "data": 0.0065293798827163185}, "simu": {"type": "float", "data": 0.002}}, {"type": "dict", "image_number": {"type": "int", "data": 26}, "Hcamera2end": {"type": "ndarray", "data": [[0.9999960220543128, 0.0026675838228769557, -0.0009164453601836261, -0.014203397061729468], [0.0009163975918217845, 1.9129207926016356e-05, 0.9999995799246751, 0.024936711369639153], [0.002667600233164663, -0.9999964418089801, 1.668456443981725e-05, 0.03294961448795475], [0.0, 0.0, 0.0, 1.0]]}, "Hobj2base": {"type": "ndarray", "data": [[0.9999966899331932, 0.002537738000002704, 0.00042427408635496, -0.7355670065319196], [0.0025378098045467897, -0.9999967655107185, -0.0001687883204586583, 0.08926695726349508], [0.00042384437351019065, 0.0001698644886942081, -0.9999998957509959, -0.0004056239628663809], [0.0, 0.0, 0.0, 1.0]]}, "mean_rme": {"type": "float", "data": 0.0017815841915661196}, "max_rme": {"type": "float", "data": 0.006453436553156139}, "simu": {"type": "float", "data": 0.002}}, {"type": "dict", "image_number": {"type": "int", "data": 27}, "Hcamera2end": {"type": "ndarray", "data": [[0.999995577419019, 0.0027929923571936113, -0.0010219276370335558, -0.014270107859220126], [0.0010218131151863773, 4.2429933518661755e-05, 0.9999994770486925, 0.025528116605873855], [0.0027930342569163066, -0.9999960986890867, 3.957582964764228e-05, 0.03296145967012288], [0.0, 0.0, 0.0, 1.0]]}, "Hobj2base": {"type": "ndarray", "data": [[0.9999963525024258, 0.0026662838133702993, 0.0004311756841627594, -0.735571099775009], [0.0026663388323832117, -0.9999964372378773, -0.00012707786055790493, 0.08931513406420846], [0.0004308353223437204, 0.00012822705751197938, -0.9999998989693681, -0.0010271733481068772], [0.0, 0.0, 0.0, 1.0]]}, "mean_rme": {"type": "float", "data": 0.0017937825026438493}, "max_rme": {"type": "float", "data": 0.0065193961740245}, "simu": {"type": "float", "data": 0.002}}, {"type": "dict", "image_number": {"type": "int", "data": 28}, "Hcamera2end": {"type": "ndarray", "data": [[0.9999966693500477, 0.0023328648774667317, -0.0011040970405093377, -0.01429155624369961], [0.0011038589957031119, 0.00010332480413743905, 0.9999993854094624, 0.025681984778993174], [0.002332977524320512, -0.9999972735290075, 0.00010074930611791988, 0.03291716271372735], [0.0, 0.0, 0.0, 1.0]]}, "Hobj2base": {"type": "ndarray", "data": [[0.999997526186486, 0.002175736708974239, 0.000462375044144035, -0.735528687459197], [0.0021757871430774824, -0.9999976270752313, -0.00010860117077640033, 0.0893790152395736], [0.0004621376594089446, 0.00010960693179368492, -0.9999998872075455, -0.0011343931837231175], [0.0, 0.0, 0.0, 1.0]]}, "mean_rme": {"type": "float", "data": 0.0017549573873506395}, "max_rme": {"type": "float", "data": 0.006380835352646053}, "simu": {"type": "float", "data": 0.002}}, {"type": "dict", "image_number": {"type": "int", "data": 29}, "Hcamera2end": {"type": "ndarray", "data": [[0.9999968820903878, 0.0022939364601823795, -0.0009867446577606373, -0.01415963633652714], [0.000986492301112403, 0.00011113917868921241, 0.9999995072403898, 0.02552609138320286], [0.0022940449958139836, -0.9999973627483221, 0.00010887588151009542, 0.03294312486972801], [0.0, 0.0, 0.0, 1.0]]}, "Hobj2base": {"type": "ndarray", "data": [[0.9999975886847418, 0.0021407440978086553, 0.0004897340193818136, -0.7354900224391139], [0.002140735512796417, -0.9999977084601428, 1.805347325251449e-05, 0.08954866069099393], [0.0004897715450030988, -1.7005038712783793e-05, -0.9999998799173242, -0.0008729537274886422], [0.0, 0.0, 0.0, 1.0]]}, "mean_rme": {"type": "float", "data": 0.0017513373970349307}, "max_rme": {"type": "float", "data": 0.006436076797894097}, "simu": {"type": "float", "data": 0.002}}, {"type": "dict", "image_number": {"type": "int", "data": 30}, "Hcamera2end": {"type": "ndarray", "data": [[0.9999969196419017, 0.002235998267702885, -0.0010775056634039978, -0.014251507068581314], [0.0010771670820854682, 0.00015262163898177583, 0.999999408208681, 0.02546055995298975], [0.002236161395138882, -0.9999974885060371, 0.00015021262512293632, 0.03295022210724934], [0.0, 0.0, 0.0, 1.0]]}, "Hobj2base": {"type": "ndarray", "data": [[0.9999976820585945, 0.002106576430798822, 0.0004452113871389286, -0.7355059574942654], [0.0021066098840483763, -0.9999977783060385, -7.46845664249347e-05, 0.0894099246997136], [0.0004450530692681028, 7.56222800191236e-05, -0.9999998981045135, -0.0008890848873799188], [0.0, 0.0, 0.0, 1.0]]}, "mean_rme": {"type": "float", "data": 0.0017347836247363052}, "max_rme": {"type": "float", "data": 0.0064315042198517525}, "simu": {"type": "float", "data": 0.002}}]}