{"type": "list", "data": [{"type": "dict", "image_number": {"type": "int", "data": 5}, "Hcamera2end": {"type": "ndarray", "data": [[0.9999941361568034, 0.0034208432421246318, 0.0001596355890242675, -0.01216074556684925], [-0.00016086158298274952, 0.0003581172554677492, 0.9999999229377882, 0.03218784937610523], [0.0034207858102478688, -0.9999940847742771, 0.00035866543778328985, 0.035896156058432424], [0.0, 0.0, 0.0, 1.0]]}, "Hobj2base": {"type": "ndarray", "data": [[0.9999936730271193, 0.0035446778960324518, -0.0002986039922255858, -0.7389651934672482], [0.0035442658832279044, -0.9999927816994798, -0.001369207174103056, 0.0929177578511092], [-0.00030345523521736555, 0.0013681401792241567, -0.999999018053203, 0.003082059720242203], [0.0, 0.0, 0.0, 1.0]]}, "mean_rme": {"type": "float", "data": 0.0007125285982347474}, "max_rme": {"type": "float", "data": 0.002241960997311221}, "simu": {"type": "float", "data": 0.002}}, {"type": "dict", "image_number": {"type": "int", "data": 6}, "Hcamera2end": {"type": "ndarray", "data": [[0.9999966619985877, 0.002568381653476213, -0.0002817931234651294, -0.013805889709134659], [0.00027371721989530784, 0.003144164262692928, 0.9999950196425845, 0.03276197094565396], [0.002569254865885871, -0.999991758789427, 0.0031434507571823644, 0.03335190369280586], [0.0, 0.0, 0.0, 1.0]]}, "Hobj2base": {"type": "ndarray", "data": [[0.9999930779881723, 0.0025214937399792086, -0.0027360637895530934, -0.7378501584301215], [0.002518366635560483, -0.9999961725189175, -0.0011457648117504805, 0.0908832003489753], [-0.0027389423561210166, 0.0011388664689925261, -0.9999956005792903, 0.0036009704796671205], [0.0, 0.0, 0.0, 1.0]]}, "mean_rme": {"type": "float", "data": 0.000940930022918304}, "max_rme": {"type": "float", "data": 0.0027411827369427932}, "simu": {"type": "float", "data": 0.002}}, {"type": "dict", "image_number": {"type": "int", "data": 7}, "Hcamera2end": {"type": "ndarray", "data": [[0.9999984054406275, 0.0016167343132524833, -0.0007584763429865878, -0.014393557531402215], [0.0007538868325753469, 0.0028374752723980823, 0.999995690185074, 0.031978894269419564], [0.0016188795032947318, -0.9999946674379014, 0.0028362519131648334, 0.03378287132531761], [0.0, 0.0, 0.0, 1.0]]}, "Hobj2base": {"type": "ndarray", "data": [[0.9999959414761272, 0.0014778576149537363, -0.002435768491408098, -0.7376250815975494], [0.0014747644956048973, -0.9999981045819919, -0.0012711813822765272, 0.0902249805208294], [-0.00243764249969442, 0.001267584038265899, -0.9999962255577519, 0.004129477012582753], [0.0, 0.0, 0.0, 1.0]]}, "mean_rme": {"type": "float", "data": 0.0010471967361457702}, "max_rme": {"type": "float", "data": 0.002801876389519564}, "simu": {"type": "float", "data": 0.002}}, {"type": "dict", "image_number": {"type": "int", "data": 8}, "Hcamera2end": {"type": "ndarray", "data": [[0.9999984576828432, 0.0017066682816689644, -0.0004146267130031235, -0.015254908300885175], [0.00041031329672181394, 0.002526964639891549, 0.9999967230409843, 0.03189983710327616], [0.0017077104360294654, -0.9999953508557351, 0.00252626047382154, 0.03449324320531933], [0.0, 0.0, 0.0, 1.0]]}, "Hobj2base": {"type": "ndarray", "data": [[0.9999961986559782, 0.0016428151899517346, -0.0022144597185505387, -0.7379319087041725], [0.0016409723035558125, -0.9999983060205762, -0.0008337660809910545, 0.08941699826225928], [-0.0022158256908840586, 0.0008301290444938654, -0.9999972004972202, 0.0041501507588375675], [0.0, 0.0, 0.0, 1.0]]}, "mean_rme": {"type": "float", "data": 0.001075323007525018}, "max_rme": {"type": "float", "data": 0.0029071298591502037}, "simu": {"type": "float", "data": 0.002}}, {"type": "dict", "image_number": {"type": "int", "data": 9}, "Hcamera2end": {"type": "ndarray", "data": [[0.9999989031831157, 0.0014693182347328285, 0.00018637728077930892, -0.015419369305012368], [-0.00018954350365386365, 0.00215504786047116, 0.9999976599182518, 0.0319543076285552], [0.0014689131444478609, -0.999996598430537, 0.0021553239965044213, 0.034496139907045496], [0.0, 0.0, 0.0, 1.0]]}, "Hobj2base": {"type": "ndarray", "data": [[0.9999976260887614, 0.0014732854996327691, -0.0016053805399950274, -0.7376567881960925], [0.0014727192380166003, -0.9999988529425998, -0.0003538524130149393, 0.08955343642816331], [-0.0016059000241605043, 0.00035148729819513107, -0.9999986487699826, 0.003915595345854876], [0.0, 0.0, 0.0, 1.0]]}, "mean_rme": {"type": "float", "data": 0.0010182438263762871}, "max_rme": {"type": "float", "data": 0.003103576104340977}, "simu": {"type": "float", "data": 0.002}}, {"type": "dict", "image_number": {"type": "int", "data": 10}, "Hcamera2end": {"type": "ndarray", "data": [[0.9999988462258282, 0.001234746987688352, 0.0008848428609690671, -0.015501927984831335], [-0.0008865053884663042, 0.001346554869854244, 0.999998700448245, 0.032142251966258376], [0.0012335538936072434, -0.9999983310935369, 0.0013476479260919882, 0.03328838565809326], [0.0, 0.0, 0.0, 1.0]]}, "Hobj2base": {"type": "ndarray", "data": [[0.9999988313810557, 0.0013643321421859984, -0.000689807457697901, -0.7359330456657591], [0.0013645252319986491, -0.9999990299677735, 0.00027952531769353216, 0.08969315689275459], [-0.000689425423186953, -0.00028046625071620013, -0.9999997230155957, 0.0035836553293066343], [0.0, 0.0, 0.0, 1.0]]}, "mean_rme": {"type": "float", "data": 0.0010915498226496307}, "max_rme": {"type": "float", "data": 0.003350888146483544}, "simu": {"type": "float", "data": 0.002}}, {"type": "dict", "image_number": {"type": "int", "data": 11}, "Hcamera2end": {"type": "ndarray", "data": [[0.9999986120541658, 0.0014143412188987983, 0.0008806410497610867, -0.016946226059481064], [-0.0008817924500948769, 0.0008136723535963064, 0.9999992801894289, 0.032141838346634234], [0.0014136236475654053, -0.9999986687872227, 0.0008149183796718473, 0.033995276187628355], [0.0, 0.0, 0.0, 1.0]]}, "Hobj2base": {"type": "ndarray", "data": [[0.9999987266797951, 0.0015897129234749713, -0.00013946902671004406, -0.7358425490174798], [0.0015897744189448235, -0.9999986386573725, 0.00044192838643397414, 0.08815213087037264], [-0.00013876629757774824, -0.0004421495480085293, -0.9999998926238403, 0.0037741897081811286], [0.0, 0.0, 0.0, 1.0]]}, "mean_rme": {"type": "float", "data": 0.0012487378589863569}, "max_rme": {"type": "float", "data": 0.0035643941135267143}, "simu": {"type": "float", "data": 0.002}}, {"type": "dict", "image_number": {"type": "int", "data": 12}, "Hcamera2end": {"type": "ndarray", "data": [[0.9999993651720944, 0.000975932831963512, 0.0005632144490430514, -0.017563978797355898], [-0.0005634514386722011, 0.00024257602708332993, 0.9999998118396557, 0.032447363901626856], [0.0009757960260082099, -0.9999994943558611, 0.00024312576384744045, 0.034546555879330816], [0.0, 0.0, 0.0, 1.0]]}, "Hobj2base": {"type": "ndarray", "data": [[0.999999176652357, 0.0011608619413807219, 0.0005468950183613995, -0.7361308117659848], [0.0011608410329076752, -0.9999993254808808, 3.854711506399405e-05, 0.08754301728095747], [0.000546939397349081, -3.791222514831101e-05, -0.9999998497099682, 0.003941981245514638], [0.0, 0.0, 0.0, 1.0]]}, "mean_rme": {"type": "float", "data": 0.0014459656896284247}, "max_rme": {"type": "float", "data": 0.0063245217809486665}, "simu": {"type": "float", "data": 0.002}}, {"type": "dict", "image_number": {"type": "int", "data": 13}, "Hcamera2end": {"type": "ndarray", "data": [[0.999997141215181, 0.002305711286835534, 0.0006334484407054918, -0.017991140893053578], [-0.0006330339812944926, -0.00018047874564097732, 0.9999997833476769, 0.03234588671219276], [0.0023058251112778342, -0.9999973255578657, -0.00017901863609548485, 0.034730153565375836], [0.0, 0.0, 0.0, 1.0]]}, "Hobj2base": {"type": "ndarray", "data": [[0.9999969838012416, 0.0024535042565525774, 0.00011271771132942982, -0.7360949822784177], [0.00245348543648143, -0.9999969762885192, 0.00016680237439034714, 0.08705303487805748], [0.00011312662083916175, -0.0001665253200180523, -0.9999999797358428, 0.0043877390664971766], [0.0, 0.0, 0.0, 1.0]]}, "mean_rme": {"type": "float", "data": 0.0015134473483286999}, "max_rme": {"type": "float", "data": 0.006108236327178607}, "simu": {"type": "float", "data": 0.002}}, {"type": "dict", "image_number": {"type": "int", "data": 14}, "Hcamera2end": {"type": "ndarray", "data": [[0.9999978301861097, 0.0019471487697143052, 0.0007404287549029248, -0.017579080547590695], [-0.0007405438936955186, 5.841168513620598e-05, 0.9999997240913703, 0.0320392258034372], [0.0019471049827878588, -0.9999981025980718, 5.9853507525242655e-05, 0.03401622298685329], [0.0, 0.0, 0.0, 1.0]]}, "Hobj2base": {"type": "ndarray", "data": [[0.9999978081604876, 0.002088914817502526, -0.00014180657938323086, -0.7357206932507011], [0.0020889389115645563, -0.9999978037192938, 0.00016997297728310037, 0.08781494465333863], [-0.00014145120886535482, -0.0001702688300112022, -0.9999999755000404, 0.004645243528157832], [0.0, 0.0, 0.0, 1.0]]}, "mean_rme": {"type": "float", "data": 0.0014903654943016521}, "max_rme": {"type": "float", "data": 0.006255217463047691}, "simu": {"type": "float", "data": 0.002}}, {"type": "dict", "image_number": {"type": "int", "data": 15}, "Hcamera2end": {"type": "ndarray", "data": [[0.9999982620842377, 0.0016896228575400923, 0.0007880375013093667, -0.017413650292388835], [-0.0007881469609765012, 6.41186335751387e-05, 0.9999996873565353, 0.03188509787939965], [0.0016895718014027586, -0.9999985705306782, 6.545019326265056e-05, 0.033768313617312994], [0.0, 0.0, 0.0, 1.0]]}, "Hobj2base": {"type": "ndarray", "data": [[0.9999983099888751, 0.001831645659091067, -0.0001584095116111903, -0.7356446876584177], [0.001831676059783002, -0.9999983040517382, 0.00019198036140035264, 0.08819188447614806], [-0.00015805760296126476, -0.00019227019186146625, -0.999999969024983, 0.004703948830703472], [0.0, 0.0, 0.0, 1.0]]}, "mean_rme": {"type": "float", "data": 0.0014880733575893606}, "max_rme": {"type": "float", "data": 0.006364594145186531}, "simu": {"type": "float", "data": 0.002}}, {"type": "dict", "image_number": {"type": "int", "data": 16}, "Hcamera2end": {"type": "ndarray", "data": [[0.9999991267996401, 0.001095690064668279, 0.0007388255812547309, -0.017355439380880043], [-0.0007388949946653176, 6.294787184069062e-05, 0.9999997250358384, 0.03217121760895377], [0.0010956432558947775, -0.9999993977502425, 6.375741677899782e-05, 0.0336454158210293], [0.0, 0.0, 0.0, 1.0]]}, "Hobj2base": {"type": "ndarray", "data": [[0.9999992248787254, 0.001239633551377118, -0.00011640707287585998, -0.7357049575985627], [0.0012396627838674353, -0.9999992000199331, 0.0002513875036044764, 0.08835789033489536], [-0.00011609535136865694, -0.0002515316142646974, -0.999999961626858, 0.004417929460109632], [0.0, 0.0, 0.0, 1.0]]}, "mean_rme": {"type": "float", "data": 0.001452627759847781}, "max_rme": {"type": "float", "data": 0.006363476749310926}, "simu": {"type": "float", "data": 0.002}}, {"type": "dict", "image_number": {"type": "int", "data": 17}, "Hcamera2end": {"type": "ndarray", "data": [[0.9999990493687916, 0.001193574788837055, 0.0006903917268765804, -0.017283940938594585], [-0.000690567800503582, 0.0001471120556683081, 0.9999997507370468, 0.03222986672790522], [0.001193472926376921, -0.9999992768683716, 0.00014793616013564215, 0.03354893266163688], [0.0, 0.0, 0.0, 1.0]]}, "Hobj2base": {"type": "ndarray", "data": [[0.9999991102093753, 0.0013197765760156635, -0.00019434568958859975, -0.7356253507138826], [0.0013198288042023617, -0.9999990928837759, 0.00026885600733729336, 0.0883427555760346], [-0.0001939906834336668, -0.00026911227115083026, -0.9999999449730985, 0.0043842577052079015], [0.0, 0.0, 0.0, 1.0]]}, "mean_rme": {"type": "float", "data": 0.0013890245121853295}, "max_rme": {"type": "float", "data": 0.006368026278295913}, "simu": {"type": "float", "data": 0.002}}, {"type": "dict", "image_number": {"type": "int", "data": 18}, "Hcamera2end": {"type": "ndarray", "data": [[0.9999993728694796, 0.0009501459169924488, 0.0005928603409372903, -0.016848976344092645], [-0.0005930316857582627, 0.0001800636842211878, 0.9999998079452261, 0.03219985981880107], [0.0009500389818951718, -0.9999995323997937, 0.00018062703793264578, 0.033955328303783595], [0.0, 0.0, 0.0, 1.0]]}, "Hobj2base": {"type": "ndarray", "data": [[0.9999993475130907, 0.001115664035547551, -0.00024549369150450936, -0.7359055157488501], [0.0011157130701814342, -0.9999993576533863, 0.00019969266185514243, 0.0888909566039268], [-0.00024527074389147345, -0.00019996643207855337, -0.9999999499278427, 0.004367144628731057], [0.0, 0.0, 0.0, 1.0]]}, "mean_rme": {"type": "float", "data": 0.0014068375431392853}, "max_rme": {"type": "float", "data": 0.006412967864375063}, "simu": {"type": "float", "data": 0.002}}, {"type": "dict", "image_number": {"type": "int", "data": 19}, "Hcamera2end": {"type": "ndarray", "data": [[0.999999634206698, 0.0006761607581608212, 0.000523825447443844, -0.016759562861410535], [-0.0005239397748154948, 0.00016891706326460643, 0.9999998484770577, 0.03217090344645831], [0.000676072172650708, -0.9999997571367981, 0.00016927126899124456, 0.033832135414509634], [0.0, 0.0, 0.0, 1.0]]}, "Hobj2base": {"type": "ndarray", "data": [[0.9999996232409042, 0.0008436412977918423, -0.00020441969191266907, -0.7358314247480126], [0.0008436743366850027, -0.9999996310509844, 0.00016159055664882515, 0.089076962969191], [-0.00020428329202530293, -0.00016176295941609293, -0.9999999660505399, 0.004404881427460585], [0.0, 0.0, 0.0, 1.0]]}, "mean_rme": {"type": "float", "data": 0.001373947379724694}, "max_rme": {"type": "float", "data": 0.006383238676108571}, "simu": {"type": "float", "data": 0.002}}, {"type": "dict", "image_number": {"type": "int", "data": 20}, "Hcamera2end": {"type": "ndarray", "data": [[0.9999996182549699, 0.0007556380412564968, 0.0004387494332897331, -0.017071842956914843], [-0.0004389134707354589, 0.00021693253767940401, 0.9999998801476124, 0.03343534698959763], [0.0007555427716635045, -0.9999996909756645, 0.0002172641145817833, 0.03380454163171441], [0.0, 0.0, 0.0, 1.0]]}, "Hobj2base": {"type": "ndarray", "data": [[0.9999995222212072, 0.0009559812599381116, -0.00020410092555274618, -0.735828106344907], [0.0009559641254380968, -0.9999995395354864, -8.40321713794857e-05, 0.08886028843009795], [-0.00020418116475258349, 8.383701806789918e-05, -0.9999999756407028, 0.0029819812284059555], [0.0, 0.0, 0.0, 1.0]]}, "mean_rme": {"type": "float", "data": 0.001416822403981532}, "max_rme": {"type": "float", "data": 0.006490408585457019}, "simu": {"type": "float", "data": 0.002}}, {"type": "dict", "image_number": {"type": "int", "data": 21}, "Hcamera2end": {"type": "ndarray", "data": [[0.9999999023099314, 0.00030869840355534733, 0.00031636280336439724, -0.016555580885098363], [-0.00031643465490837236, 0.00023273537370138708, 0.9999999228516745, 0.033452586535607995], [0.00030862475092451616, -0.999999925269768, 0.00023283303383825338, 0.0338074561786621], [0.0, 0.0, 0.0, 1.0]]}, "Hobj2base": {"type": "ndarray", "data": [[0.9999998445133613, 0.0005233807631102335, -0.00019247293337669718, -0.7360051358873901], [0.0005233476686382655, -0.99999984826956, -0.00017195369844384795, 0.08937191249866769], [-0.00019256290143060552, 0.0001718529414463867, -0.999999966693047, 0.003036529590823519], [0.0, 0.0, 0.0, 1.0]]}, "mean_rme": {"type": "float", "data": 0.001460187152445605}, "max_rme": {"type": "float", "data": 0.006396708910774929}, "simu": {"type": "float", "data": 0.002}}, {"type": "dict", "image_number": {"type": "int", "data": 22}, "Hcamera2end": {"type": "ndarray", "data": [[0.9999999578266363, 0.0002051565488245364, 0.00020556633015874885, -0.01637215082887251], [-0.00020560508895772707, 0.00018891983485314068, 0.9999999610179207, 0.03335084092276456], [0.00020511770526996268, -0.9999999611100423, 0.00018896200811624464, 0.033843053309528894], [0.0, 0.0, 0.0, 1.0]]}, "Hobj2base": {"type": "ndarray", "data": [[0.9999998990217648, 0.00042042704519621896, -0.0001587373928298593, -0.7358933809957261], [0.0004203885990498817, -0.9999998823170833, -0.0002421554157462737, 0.08952255267050195], [-0.0001588391828351004, 0.00024208865990365858, -0.9999999580815966, 0.0028806254970612133], [0.0, 0.0, 0.0, 1.0]]}, "mean_rme": {"type": "float", "data": 0.0014912482966982778}, "max_rme": {"type": "float", "data": 0.006625605220918929}, "simu": {"type": "float", "data": 0.002}}, {"type": "dict", "image_number": {"type": "int", "data": 23}, "Hcamera2end": {"type": "ndarray", "data": [[0.9999999781416573, 0.00019260300619645382, 8.136809498256986e-05, -0.01626516947096645], [-8.14093594355417e-05, 0.00021424800907132724, 0.999999973735153, 0.033390128362739274], [0.0001925855681854134, -0.9999999585009354, 0.00021426368407551077, 0.0338194699977617], [0.0, 0.0, 0.0, 1.0]]}, "Hobj2base": {"type": "ndarray", "data": [[0.9999999329547584, 0.0003523417331023285, -9.972854076627989e-05, -0.7358898522655956], [0.00035233870948002004, -0.9999999374686253, -3.0334471016069157e-05, 0.08955656951902301], [-9.973922263020765e-05, 3.0299330756935305e-05, -0.9999999945670195, 0.0027568238126481105], [0.0, 0.0, 0.0, 1.0]]}, "mean_rme": {"type": "float", "data": 0.001455858126608163}, "max_rme": {"type": "float", "data": 0.006732434750409855}, "simu": {"type": "float", "data": 0.002}}, {"type": "dict", "image_number": {"type": "int", "data": 24}, "Hcamera2end": {"type": "ndarray", "data": [[0.9999999519636894, 0.0002774958546598988, 0.0001380893535116563, -0.01621568423017094], [-0.00013813581119304666, 0.00016740537740822514, 0.9999999764469684, 0.03324848530027488], [0.00027747273122368947, -0.9999999474857438, 0.00016744370148158438, 0.033563563681139164], [0.0, 0.0, 0.0, 1.0]]}, "Hobj2base": {"type": "ndarray", "data": [[0.9999999092309811, 0.0004127390285065353, -0.00010575690912604645, -0.7357333875976896], [0.0004127458093154681, -0.9999999127658386, 6.410313425004289e-05, 0.08980426942136216], [-0.0001057304420350766, -6.414677915251224e-05, -0.999999992353132, 0.002764414142164729], [0.0, 0.0, 0.0, 1.0]]}, "mean_rme": {"type": "float", "data": 0.0015057012731645532}, "max_rme": {"type": "float", "data": 0.006888973360562378}, "simu": {"type": "float", "data": 0.002}}, {"type": "dict", "image_number": {"type": "int", "data": 25}, "Hcamera2end": {"type": "ndarray", "data": [[0.9999999864239877, 0.00015339480917275484, 6.0183527520935574e-05, -0.01626574667332149], [-6.020070385472226e-05, 0.00011197251677530495, 0.9999999919190155, 0.033393283444176726], [0.0001533880690321288, -0.9999999819660939, 0.00011198174973059416, 0.033549855378980094], [0.0, 0.0, 0.0, 1.0]]}, "Hobj2base": {"type": "ndarray", "data": [[0.99999995977632, 0.00025926047708772136, -0.00011502766407944726, -0.7357572543586446], [0.0002592683382991099, -0.9999999640553139, 6.833227259897145e-05, 0.08981657125297433], [-0.0001150099440872195, -6.83620928817203e-05, -0.9999999910496684, 0.0025793122913112553], [0.0, 0.0, 0.0, 1.0]]}, "mean_rme": {"type": "float", "data": 0.0015063692554706835}, "max_rme": {"type": "float", "data": 0.006926844803710197}, "simu": {"type": "float", "data": 0.002}}, {"type": "dict", "image_number": {"type": "int", "data": 26}, "Hcamera2end": {"type": "ndarray", "data": [[0.9999999811442921, -0.00016576031884055114, 0.00010116784131641621, -0.01618622150659424], [-0.00010115191438624872, 9.608966100693728e-05, 0.9999999902675336, 0.03448291653511615], [-0.0001657700384108713, -0.9999999816451468, 9.607289222146598e-05, 0.03363031638485141], [0.0, 0.0, 0.0, 1.0]]}, "Hobj2base": {"type": "ndarray", "data": [[0.9999999913885641, -7.037692472835486e-05, -0.00011076985185024214, -0.7356926379915424], [-7.036295272869595e-05, -0.9999999895696037, 0.00012613424404185394, 0.09015030202998939], [-0.00011077872763506727, -0.0001261264488618075, -0.9999999859100961, 0.0015954359782043399], [0.0, 0.0, 0.0, 1.0]]}, "mean_rme": {"type": "float", "data": 0.0015817954895678782}, "max_rme": {"type": "float", "data": 0.006831985888566927}, "simu": {"type": "float", "data": 0.002}}, {"type": "dict", "image_number": {"type": "int", "data": 27}, "Hcamera2end": {"type": "ndarray", "data": [[0.9999999834081842, -0.00016290484172807156, 8.152081832268321e-05, -0.0161419580694987], [-8.151177211336441e-05, 5.553650287237755e-05, 0.9999999951357641, 0.034545654201509325], [-0.0001629093683168249, -0.9999999851888548, 5.552322328861159e-05, 0.03363360991142347], [0.0, 0.0, 0.0, 1.0]]}, "Hobj2base": {"type": "ndarray", "data": [[0.9999999926621791, -9.178326496445211e-05, -7.906626334717339e-05, -0.735682299508239], [-9.176680649382934e-05, -0.9999999741285142, 0.00020813895491005198, 0.09025435758569975], [-7.90853649744596e-05, -0.00020813169772427686, -0.9999999752133506, 0.0015533109790203412], [0.0, 0.0, 0.0, 1.0]]}, "mean_rme": {"type": "float", "data": 0.0015553841885762745}, "max_rme": {"type": "float", "data": 0.006815953408566222}, "simu": {"type": "float", "data": 0.002}}, {"type": "dict", "image_number": {"type": "int", "data": 28}, "Hcamera2end": {"type": "ndarray", "data": [[0.9999998124978724, -0.0005902606854144136, 0.0001630844670616348, -0.016004207488762835], [-0.0001630455309146356, 6.601184241894487e-05, 0.9999999845292955, 0.03452464698126739], [-0.0005902714417888057, -0.9999998236173642, 6.591559067481434e-05, 0.033708313986982257], [0.0, 0.0, 0.0, 1.0]]}, "Hobj2base": {"type": "ndarray", "data": [[0.9999998657606406, -0.0005085543522994696, -9.925306770094399e-05, -0.7356279114858874], [-0.0005085249823972556, -0.9999998269788026, 0.00029571051332369044, 0.09050804412460159], [-9.940343539663083e-05, -0.0002956600009631951, -0.9999999513520594, 0.0016751711504206473], [0.0, 0.0, 0.0, 1.0]]}, "mean_rme": {"type": "float", "data": 0.0015735541620166028}, "max_rme": {"type": "float", "data": 0.006742381836238542}, "simu": {"type": "float", "data": 0.002}}, {"type": "dict", "image_number": {"type": "int", "data": 29}, "Hcamera2end": {"type": "ndarray", "data": [[0.9999998369554219, -0.0005299037393185683, 0.00021281719051813617, -0.015891766873434285], [-0.00021280659280173693, 2.0055626867465648e-05, 0.9999999771555627, 0.034595386790310684], [-0.0005299079953953794, -0.9999998593998894, 1.9942856588128777e-05, 0.03370371203123493], [0.0, 0.0, 0.0, 1.0]]}, "Hobj2base": {"type": "ndarray", "data": [[0.999999889392393, -0.00046651345084243353, -5.9836458815877165e-05, -0.7356228789290499], [-0.0004664893050181387, -0.9999998100250194, 0.0004029114715967938, 0.09067222218906258], [-6.0024411069445674e-05, -0.0004028835139636323, -0.999999917040969, 0.0016825474749093817], [0.0, 0.0, 0.0, 1.0]]}, "mean_rme": {"type": "float", "data": 0.0015698421978182762}, "max_rme": {"type": "float", "data": 0.006674459124835996}, "simu": {"type": "float", "data": 0.002}}, {"type": "dict", "image_number": {"type": "int", "data": 30}, "Hcamera2end": {"type": "ndarray", "data": [[0.9999996486410021, -0.0008298310154828145, 0.00011873650648652274, -0.015950877056446863], [-0.0001187202851642267, 1.959697319930953e-05, 0.9999999927607263, 0.034718669112183076], [-0.000829833336351576, -0.9999996554981628, 1.949844853899041e-05, 0.03375044116803382], [0.0, 0.0, 0.0, 1.0]]}, "Hobj2base": {"type": "ndarray", "data": [[0.9999996924535712, -0.0007804564098417717, -7.733405057309785e-05, -0.7355877559460549], [-0.0007804250818045858, -0.9999996137367475, 0.00040430563600206345, 0.09070568506464591], [-7.76495636269489e-05, -0.0004042451582265642, -0.9999999152781949, 0.0015066515058952568], [0.0, 0.0, 0.0, 1.0]]}, "mean_rme": {"type": "float", "data": 0.0015803672367403212}, "max_rme": {"type": "float", "data": 0.006728238179441903}, "simu": {"type": "float", "data": 0.002}}]}