{"type": "list", "data": [{"type": "dict", "image_number": {"type": "int", "data": 5}, "Hcamera2end": {"type": "ndarray", "data": [[0.9999976561507207, 0.0021622976146790473, 0.00011028186835272181, -0.01447730536010795], [-0.0001107112844607426, 0.00019847381901028083, 0.999999974175577, 0.018685572937441615], [0.0021622756707753796, -0.9999976425358055, 0.0001987127445638448, 0.033394950190177394], [0.0, 0.0, 0.0, 1.0]]}, "Hobj2base": {"type": "ndarray", "data": [[0.9999912399759731, 0.0026128885100375533, 0.003269982408216882, -0.7344174579815659], [0.002623638262079248, -0.9999911545810509, -0.003287443068197068, 0.09022039736383014], [0.0032613637616322306, 0.003295993521079327, -0.9999892499087795, 0.005062445708465413], [0.0, 0.0, 0.0, 1.0]]}, "mean_rme": {"type": "float", "data": 0.001950606586620273}, "max_rme": {"type": "float", "data": 0.005934309065443033}, "simu": {"type": "float", "data": 0.002}}, {"type": "dict", "image_number": {"type": "int", "data": 6}, "Hcamera2end": {"type": "ndarray", "data": [[0.99999695700354, 0.0024663790850770724, -5.4386294339388384e-05, -0.015495838423674104], [5.143675076808743e-05, 0.0011959479971705989, 0.9999992835310676, 0.019075721988543747], [0.0024664423611728717, -0.999996243334242, 0.0011958174953787815, 0.03342566795227374], [0.0, 0.0, 0.0, 1.0]]}, "Hobj2base": {"type": "ndarray", "data": [[0.9999936216905269, 0.0026667961756745647, 0.002375873822581123, -0.7347139828914466], [0.0026742362830522305, -0.9999915136208917, -0.0031338708493833093, 0.08907678051737589], [0.0023674962652189577, 0.0031402045085654833, -0.9999922670086399, 0.00507905420774409], [0.0, 0.0, 0.0, 1.0]]}, "mean_rme": {"type": "float", "data": 0.0016735248714582196}, "max_rme": {"type": "float", "data": 0.006038115469237149}, "simu": {"type": "float", "data": 0.002}}, {"type": "dict", "image_number": {"type": "int", "data": 7}, "Hcamera2end": {"type": "ndarray", "data": [[0.9999971494916705, 0.002288226027482951, -0.0006819312141351138, -0.015376562561274603], [0.0006798153201960268, 0.0009253378835839543, 0.9999993408002487, 0.019147180995096973], [0.0022888555358713597, -0.9999969538810848, 0.0009237796747910698, 0.033350528086177174], [0.0, 0.0, 0.0, 1.0]]}, "Hobj2base": {"type": "ndarray", "data": [[0.9999941692690321, 0.002472947891054876, 0.002354985491809852, -0.7347497525406489], [0.002481491911462769, -0.9999903250783169, -0.0036320720883749515, 0.08886908428327643], [0.002345980782498548, 0.0036378947881892864, -0.9999906310039499, 0.00520126150402573], [0.0, 0.0, 0.0, 1.0]]}, "mean_rme": {"type": "float", "data": 0.001594872048290882}, "max_rme": {"type": "float", "data": 0.005956488323804359}, "simu": {"type": "float", "data": 0.002}}, {"type": "dict", "image_number": {"type": "int", "data": 8}, "Hcamera2end": {"type": "ndarray", "data": [[0.9999951684875432, 0.0027815723498946085, -0.0013877524391288443, -0.015591782448738222], [0.0013852740765645502, 0.0008927220634766808, 0.9999986420306032, 0.019281776767603884], [0.002782807449825536, -0.9999957329421861, 0.0008888645102105297, 0.033154999907767956], [0.0, 0.0, 0.0, 1.0]]}, "Hobj2base": {"type": "ndarray", "data": [[0.9999929155057236, 0.0029643754578438726, 0.0023197880307914255, -0.7349032859828356], [0.002972916201216541, -0.999988784041292, -0.003686944653589318, 0.08860500241034525], [0.0023088325238991327, 0.00369381506887115, -0.9999905124663, 0.004885920591445825], [0.0, 0.0, 0.0, 1.0]]}, "mean_rme": {"type": "float", "data": 0.0017039999236709217}, "max_rme": {"type": "float", "data": 0.005530087293247936}, "simu": {"type": "float", "data": 0.002}}, {"type": "dict", "image_number": {"type": "int", "data": 9}, "Hcamera2end": {"type": "ndarray", "data": [[0.9999949037544826, 0.0028873271951634126, -0.0013622799753218095, -0.015508380824848452], [0.001357767901855693, 0.0015641008528377576, 0.9999978550251232, 0.019155844010799998], [0.002889451745190322, -0.9999946084505609, 0.0015601725616081197, 0.03177547724292748], [0.0, 0.0, 0.0, 1.0]]}, "Hobj2base": {"type": "ndarray", "data": [[0.9999943955959542, 0.003002828947702356, 0.001480471206455986, -0.733982406564437], [0.0030079713358775293, -0.9999894083443024, -0.0034835768478927507, 0.08857470153188485], [0.0014699949404142984, 0.0034880105394731824, -0.9999928364230177, 0.0049865006631781466], [0.0, 0.0, 0.0, 1.0]]}, "mean_rme": {"type": "float", "data": 0.0016305749548199786}, "max_rme": {"type": "float", "data": 0.00578447071605637}, "simu": {"type": "float", "data": 0.002}}, {"type": "dict", "image_number": {"type": "int", "data": 10}, "Hcamera2end": {"type": "ndarray", "data": [[0.9999953897616068, 0.0027644803106220434, -0.0012562261517146207, -0.016325739740805135], [0.0012500215216550972, 0.002244995478070444, 0.9999966987153002, 0.019207568083342952], [0.0027672914063155236, -0.9999936588018523, 0.002241529468221648, 0.03183578006309731], [0.0, 0.0, 0.0, 1.0]]}, "Hobj2base": {"type": "ndarray", "data": [[0.9999956977019733, 0.0028218056027071916, 0.0008012432115884538, -0.734472922607111], [0.0028244585917191235, -0.9999904684096703, -0.003329492975062788, 0.08788729069675809], [0.0007918403925352005, 0.0033317417288647594, -0.9999941362257301, 0.005203372749344059], [0.0, 0.0, 0.0, 1.0]]}, "mean_rme": {"type": "float", "data": 0.0015070836068523856}, "max_rme": {"type": "float", "data": 0.005963427899674434}, "simu": {"type": "float", "data": 0.002}}, {"type": "dict", "image_number": {"type": "int", "data": 11}, "Hcamera2end": {"type": "ndarray", "data": [[0.9999956056819007, 0.0029412241140381007, -0.0003712379283443703, -0.016139607531497353], [0.0003671893010893509, 0.0013769314052006765, 0.9999989846154457, 0.019409320265811943], [0.0029417322967269033, -0.9999947266164039, 0.0013758453684993288, 0.033488116028198026], [0.0, 0.0, 0.0, 1.0]]}, "Hobj2base": {"type": "ndarray", "data": [[0.9999948059054009, 0.0029932363433335606, 0.0011952817293760115, -0.7359254820672404], [0.0029957645100742868, -0.9999932676724841, -0.002118963121090849, 0.08803635474048845], [0.0011889311249237025, 0.002122532897580351, -0.9999970406440608, 0.005075422619886734], [0.0, 0.0, 0.0, 1.0]]}, "mean_rme": {"type": "float", "data": 0.0015546988498820415}, "max_rme": {"type": "float", "data": 0.006159584384175154}, "simu": {"type": "float", "data": 0.002}}, {"type": "dict", "image_number": {"type": "int", "data": 12}, "Hcamera2end": {"type": "ndarray", "data": [[0.9999954432456192, 0.0029999027869998533, 0.0003377443801058644, -0.016203970867137325], [-0.00034077148301218116, 0.0010086131829419864, 0.9999994332869612, 0.01936952741164248], [0.0029995604334815897, -0.9999949916288159, 0.0010096308682611133, 0.032777692130356924], [0.0, 0.0, 0.0, 1.0]]}, "Hobj2base": {"type": "ndarray", "data": [[0.9999944356622441, 0.0030431872644864437, 0.0013666220483849988, -0.7351355494390929], [0.0030449705272424066, -0.9999945129546717, -0.00130468963241297, 0.08860617335079536], [0.0013626441347944062, 0.0013088436965384008, -0.9999982150629769, 0.004969907893098147], [0.0, 0.0, 0.0, 1.0]]}, "mean_rme": {"type": "float", "data": 0.001591343821865627}, "max_rme": {"type": "float", "data": 0.00587692508427662}, "simu": {"type": "float", "data": 0.002}}, {"type": "dict", "image_number": {"type": "int", "data": 13}, "Hcamera2end": {"type": "ndarray", "data": [[0.9999958280020063, 0.002860148112321717, 0.0004043901056105992, -0.016394489557332685], [-0.0004065943564630732, 0.0007701377013242805, 0.9999996207844031, 0.019294813740649317], [0.0028598355916425707, -0.9999956132107262, 0.0007712974083924351, 0.03271191458726234], [0.0, 0.0, 0.0, 1.0]]}, "Hobj2base": {"type": "ndarray", "data": [[0.9999947541846423, 0.002901835607965105, 0.0014390807138815018, -0.7349008621039729], [0.002903446097717403, -0.9999951597063073, -0.0011182865083489777, 0.08861578765509126], [0.001435828664698365, 0.0011224589353074578, -0.9999983392396132, 0.0048964171731220325], [0.0, 0.0, 0.0, 1.0]]}, "mean_rme": {"type": "float", "data": 0.0015578376717725031}, "max_rme": {"type": "float", "data": 0.005790236393607352}, "simu": {"type": "float", "data": 0.002}}, {"type": "dict", "image_number": {"type": "int", "data": 14}, "Hcamera2end": {"type": "ndarray", "data": [[0.9999957334065458, 0.002919821452472803, 8.838207035374813e-05, -0.016025158489466652], [-9.122370342902909e-05, 0.0009731026778849738, 0.999999522374593, 0.019083182087993165], [0.0029197340530625554, -0.9999952638457164, 0.0009733648829777231, 0.0329803018236086], [0.0, 0.0, 0.0, 1.0]]}, "Hobj2base": {"type": "ndarray", "data": [[0.9999950158288294, 0.0029601709153854504, 0.0010980462881307732, -0.7351510786297022], [0.0029616049259357713, -0.9999947607717781, -0.0013066465694038891, 0.08896996002060799], [0.0010941726380442338, 0.0013098920361495614, -0.9999985434834853, 0.004966783137032955], [0.0, 0.0, 0.0, 1.0]]}, "mean_rme": {"type": "float", "data": 0.0016281955000077679}, "max_rme": {"type": "float", "data": 0.005710314410365215}, "simu": {"type": "float", "data": 0.002}}, {"type": "dict", "image_number": {"type": "int", "data": 15}, "Hcamera2end": {"type": "ndarray", "data": [[0.9999958097224948, 0.0028869801789867945, -0.00021420293684397667, -0.015319448267248972], [0.00021091268617757977, 0.0011399421907071217, 0.9999993280235944, 0.018928397022282696], [0.002887222417969313, -0.9999951829270217, 0.0011393285132884623, 0.032795339074934246], [0.0, 0.0, 0.0, 1.0]]}, "Hobj2base": {"type": "ndarray", "data": [[0.9999953269523557, 0.0029332149261549504, 0.0008615820611670182, -0.734927078678981], [0.0029345718276155078, -0.9999944492826143, -0.001577875834410726, 0.08946352228760206], [0.0008569490298193796, 0.0015803968353656544, -0.9999983839907955, 0.004957538009459869], [0.0, 0.0, 0.0, 1.0]]}, "mean_rme": {"type": "float", "data": 0.0016421285927060555}, "max_rme": {"type": "float", "data": 0.005729079938985908}, "simu": {"type": "float", "data": 0.002}}, {"type": "dict", "image_number": {"type": "int", "data": 16}, "Hcamera2end": {"type": "ndarray", "data": [[0.9999960619504124, 0.0027991595992690886, 0.00020196337488087536, -0.015578513493426222], [-0.00020450722397982258, 0.0009085338746374072, 0.9999995663714032, 0.01899384566804936], [0.0027989748949059233, -0.9999956696264924, 0.0009091027451451072, 0.03360160883961146], [0.0, 0.0, 0.0, 1.0]]}, "Hobj2base": {"type": "ndarray", "data": [[0.9999955077444876, 0.002848438975895004, 0.0009332128614921538, -0.7355562696291754], [0.00284945594956766, -0.9999953459733697, -0.0010902441889625405, 0.0892427531494664], [0.000930103024253561, 0.0010928984402474647, -0.9999989702401513, 0.004855566051513702], [0.0, 0.0, 0.0, 1.0]]}, "mean_rme": {"type": "float", "data": 0.0016505837063995538}, "max_rme": {"type": "float", "data": 0.0059081146038698715}, "simu": {"type": "float", "data": 0.002}}, {"type": "dict", "image_number": {"type": "int", "data": 17}, "Hcamera2end": {"type": "ndarray", "data": [[0.9999978868154417, 0.002055470806127239, -3.747554184605059e-05, -0.015071924357867264], [3.555453222818853e-05, 0.0009346123303171083, 0.999999562617738, 0.018810563297272487], [0.002055504932204263, -0.9999974507665295, 0.0009345372740057201, 0.03384472203224191], [0.0, 0.0, 0.0, 1.0]]}, "Hobj2base": {"type": "ndarray", "data": [[0.9999973210020895, 0.0021480445551769318, 0.0008624924539072469, -0.735402604013894], [0.0021491275119919604, -0.9999969010289269, -0.0012566556726892283, 0.08986988534680372], [0.0008597904286926292, 0.0012585059123728843, -0.999998838460969, 0.004890787276241417], [0.0, 0.0, 0.0, 1.0]]}, "mean_rme": {"type": "float", "data": 0.0017497224233873937}, "max_rme": {"type": "float", "data": 0.005769289003294332}, "simu": {"type": "float", "data": 0.002}}, {"type": "dict", "image_number": {"type": "int", "data": 18}, "Hcamera2end": {"type": "ndarray", "data": [[0.9999980645435275, 0.001956487292965177, -0.00020752511066216277, -0.01495583419397105], [0.0002055123213588932, 0.001028922005673727, 0.9999994495419446, 0.0187969203449456], [0.0019566997431540766, -0.9999975567355046, 0.0010285179319946547, 0.03414817655835644], [0.0, 0.0, 0.0, 1.0]]}, "Hobj2base": {"type": "ndarray", "data": [[0.9999976476902299, 0.00205016931392566, 0.0007081100133338339, -0.7357391904582452], [0.002051154399786366, -0.9999969258265375, -0.001393234762528461, 0.09001451589438005], [0.0007052514693235918, 0.0013946839281780998, -0.9999987787378073, 0.0049667911790981754], [0.0, 0.0, 0.0, 1.0]]}, "mean_rme": {"type": "float", "data": 0.0017415328368987667}, "max_rme": {"type": "float", "data": 0.005660833796415103}, "simu": {"type": "float", "data": 0.002}}, {"type": "dict", "image_number": {"type": "int", "data": 19}, "Hcamera2end": {"type": "ndarray", "data": [[0.9999977297056407, 0.0021244109225920867, 0.00016571601106792088, -0.01531760438911771], [-0.0001672370774293149, 0.0007158367731567861, 0.9999997298047006, 0.018809513869968326], [0.002124291722971618, -0.9999974872248162, 0.0007161904282705356, 0.034253032929477054], [0.0, 0.0, 0.0, 1.0]]}, "Hobj2base": {"type": "ndarray", "data": [[0.9999972355813282, 0.0021990003712317923, 0.0008326025875620153, -0.7356263055802469], [0.0021997740894255787, -0.9999971485039547, -0.0009295041231475917, 0.08987124321733177], [0.0008305562334871665, 0.0009313330912079457, -0.9999992213972051, 0.004856245168854213], [0.0, 0.0, 0.0, 1.0]]}, "mean_rme": {"type": "float", "data": 0.0016962110040719726}, "max_rme": {"type": "float", "data": 0.005647841735412268}, "simu": {"type": "float", "data": 0.002}}, {"type": "dict", "image_number": {"type": "int", "data": 20}, "Hcamera2end": {"type": "ndarray", "data": [[0.9999979890178066, 0.002003409006514257, 9.11739842518036e-05, -0.015377659229981919], [-9.285242805734059e-05, 0.0008377168416926484, 0.9999996448043968, 0.018886155229912042], [0.002003331916930054, -0.9999976422886436, 0.0008379011784496182, 0.034532859328802505], [0.0, 0.0, 0.0, 1.0]]}, "Hobj2base": {"type": "ndarray", "data": [[0.9999976354097073, 0.0020610610008763085, 0.0006936876420093942, -0.7359733237366188], [0.002061738065649224, -0.9999973976029934, -0.000976741208933169, 0.0899148693081048], [0.0006916727135450703, 0.0009781691015575892, -0.9999992823867756, 0.00499827050557144], [0.0, 0.0, 0.0, 1.0]]}, "mean_rme": {"type": "float", "data": 0.0017486126119628752}, "max_rme": {"type": "float", "data": 0.005502617834847174}, "simu": {"type": "float", "data": 0.002}}, {"type": "dict", "image_number": {"type": "int", "data": 21}, "Hcamera2end": {"type": "ndarray", "data": [[0.9999980744216636, 0.0019567169167482123, 0.000149705954171188, -0.015258002762954173], [-0.00015108266612447153, 0.0007034537133966401, 0.9999997411634169, 0.018924106938858196], [0.0019566110990689124, -0.9999978382035537, 0.0007037479848499562, 0.034367330193903756], [0.0, 0.0, 0.0, 1.0]]}, "Hobj2base": {"type": "ndarray", "data": [[0.9999977252078385, 0.002005797460897395, 0.0007255037520433374, -0.7359308088554818], [0.002006394978526404, -0.9999976478619979, -0.0008238019557979942, 0.09021100706913371], [0.0007238496656871695, 0.0008252557289047645, -0.9999993974971406, 0.004949904611739122], [0.0, 0.0, 0.0, 1.0]]}, "mean_rme": {"type": "float", "data": 0.0017708445086757469}, "max_rme": {"type": "float", "data": 0.005293790637279456}, "simu": {"type": "float", "data": 0.002}}, {"type": "dict", "image_number": {"type": "int", "data": 22}, "Hcamera2end": {"type": "ndarray", "data": [[0.9999977784355283, 0.0021037734892686054, 0.00013138155878111802, -0.01531300642532828], [-0.00013276935509168655, 0.0006595439553344074, 0.9999997736870089, 0.018951661074019972], [0.002103686361244398, -0.9999975695664848, 0.0006598218067644934, 0.0344196849237663], [0.0, 0.0, 0.0, 1.0]]}, "Hobj2base": {"type": "ndarray", "data": [[0.9999975039792187, 0.002119325691689898, 0.000707455966836186, -0.7358906381980368], [0.002119929078638308, -0.9999973889382687, -0.0008532393249624156, 0.09018786103400181], [0.0007056458276024319, 0.0008547369517352812, -0.9999993857441656, 0.005025461002160952], [0.0, 0.0, 0.0, 1.0]]}, "mean_rme": {"type": "float", "data": 0.0017707223546385353}, "max_rme": {"type": "float", "data": 0.005222129306479693}, "simu": {"type": "float", "data": 0.002}}, {"type": "dict", "image_number": {"type": "int", "data": 23}, "Hcamera2end": {"type": "ndarray", "data": [[0.9999988507749701, 0.0015028377790767984, 0.00019981828985271707, -0.015198833608719108], [-0.00020079463526471433, 0.0006495450461133645, 0.999999768886347, 0.019389106483385817], [0.0015027076407701729, -0.9999986597840232, 0.0006498460614037249, 0.03444737742748018], [0.0, 0.0, 0.0, 1.0]]}, "Hobj2base": {"type": "ndarray", "data": [[0.9999986219287613, 0.0015302359473861919, 0.0006438311296684881, -0.7358430532643206], [0.001530660669476119, -0.9999986109329408, -0.0006597045580079291, 0.09058027714424602], [0.0006428207317145558, 0.0006606891358760196, -0.9999995751355961, 0.004697815457945548], [0.0, 0.0, 0.0, 1.0]]}, "mean_rme": {"type": "float", "data": 0.0017561775652213773}, "max_rme": {"type": "float", "data": 0.004754646364696004}, "simu": {"type": "float", "data": 0.002}}, {"type": "dict", "image_number": {"type": "int", "data": 24}, "Hcamera2end": {"type": "ndarray", "data": [[0.9999988231450029, 0.0015300535705987913, 0.00011244856723090213, -0.01516875388123327], [-0.00011345326480290184, 0.0006565711387146456, 0.9999997780213234, 0.01941565702866811], [0.0015299794004756911, -0.9999986139242447, 0.0006567439555985599, 0.03443301493588151], [0.0, 0.0, 0.0, 1.0]]}, "Hobj2base": {"type": "ndarray", "data": [[0.999998605743315, 0.0015636362295537983, 0.0005861340867841966, -0.7358426344839177], [0.0015640542864205971, -0.99999852234921, -0.0007134658969569232, 0.09054884622952188], [0.0005850176195576672, 0.0007143816477331788, -0.9999995737065324, 0.0047164464308066005], [0.0, 0.0, 0.0, 1.0]]}, "mean_rme": {"type": "float", "data": 0.0017016178864409511}, "max_rme": {"type": "float", "data": 0.004744574636382837}, "simu": {"type": "float", "data": 0.002}}, {"type": "dict", "image_number": {"type": "int", "data": 25}, "Hcamera2end": {"type": "ndarray", "data": [[0.9999998019579355, 0.00062929950162756, 8.138002295624285e-06, -0.014940972226168829], [-8.555768455036734e-06, 0.0006638591918054493, 0.9999997796088618, 0.021458570365793274], [0.0006292939604478997, -0.9999995816364677, 0.0006638644444741937, 0.034346258113656304], [0.0, 0.0, 0.0, 1.0]]}, "Hobj2base": {"type": "ndarray", "data": [[0.9999995717158269, 0.0006412494520333957, 0.0006673584516820368, -0.7358536529615075], [0.0006416270428041323, -0.9999996341270916, -0.0005657388272815982, 0.09064909746419517], [0.0006669954278006707, 0.0005661667802144555, -0.9999996172860648, 0.0027175723588557686], [0.0, 0.0, 0.0, 1.0]]}, "mean_rme": {"type": "float", "data": 0.0016678836131176517}, "max_rme": {"type": "float", "data": 0.004529435993393283}, "simu": {"type": "float", "data": 0.002}}, {"type": "dict", "image_number": {"type": "int", "data": 26}, "Hcamera2end": {"type": "ndarray", "data": [[0.9999999977782994, -5.816140259610213e-05, 3.256765864489043e-05, -0.014744148013016772], [-3.252538858037711e-05, 0.0007266248760200433, 0.9999997354791594, 0.021939844079814183], [-5.8185051682124136e-05, -0.9999997343167353, 0.0007266229826834447, 0.03426355307018104], [0.0, 0.0, 0.0, 1.0]]}, "Hobj2base": {"type": "ndarray", "data": [[0.9999997490547324, -7.66173110346308e-05, 0.0007042870577956389, -0.7358185532442612], [-7.629566615716548e-05, -0.9999998927969047, -0.0004567112320586698, 0.09094732466084793], [0.0007043219742804062, 0.00045665738339890715, -0.9999996476972328, 0.0021639389884894698], [0.0, 0.0, 0.0, 1.0]]}, "mean_rme": {"type": "float", "data": 0.0016392060948125088}, "max_rme": {"type": "float", "data": 0.004409152533337735}, "simu": {"type": "float", "data": 0.002}}, {"type": "dict", "image_number": {"type": "int", "data": 27}, "Hcamera2end": {"type": "ndarray", "data": [[0.9999998868794928, -0.0004594491979543253, 0.00012307492067266203, -0.01450558064793373], [-0.0001227272906412406, 0.000756574969917323, 0.9999997062661202, 0.02290897225384572], [-0.0004595421784029354, -0.9999996082502979, 0.0007565184973780115, 0.03419049819146185], [0.0, 0.0, 0.0, 1.0]]}, "Hobj2base": {"type": "ndarray", "data": [[0.9999996441285711, -0.0005065918087564876, 0.000674616535801357, -0.7358773790476911], [-0.0005063566211229327, -0.999999810988413, -0.00034874935196766414, 0.0911330767872809], [0.0006747930818560309, 0.00034840763130811187, -0.999999711633168, 0.0011263920090788763], [0.0, 0.0, 0.0, 1.0]]}, "mean_rme": {"type": "float", "data": 0.0016929292321817353}, "max_rme": {"type": "float", "data": 0.004362367248276655}, "simu": {"type": "float", "data": 0.002}}, {"type": "dict", "image_number": {"type": "int", "data": 28}, "Hcamera2end": {"type": "ndarray", "data": [[0.9999997605380585, -0.0006857081438038143, 9.342466066174828e-05, -0.014508223587467084], [-9.289027441696283e-05, 0.0007793107324985948, 0.9999996920230423, 0.02313028168441989], [-0.0006857807394622399, -0.999999461239417, 0.0007792468502656469, 0.03415979860829335], [0.0, 0.0, 0.0, 1.0]]}, "Hobj2base": {"type": "ndarray", "data": [[0.9999994859295027, -0.0007516868714557268, 0.0006805200787689894, -0.7358717307083577], [-0.0007514412553577544, -0.9999996524685122, -0.0003611078711151101, 0.09112835680141303], [0.0006807912823127305, 0.00036059631461792094, -0.99999970324672, 0.0009335700335776631], [0.0, 0.0, 0.0, 1.0]]}, "mean_rme": {"type": "float", "data": 0.001655066376243936}, "max_rme": {"type": "float", "data": 0.004376465546507502}, "simu": {"type": "float", "data": 0.002}}, {"type": "dict", "image_number": {"type": "int", "data": 29}, "Hcamera2end": {"type": "ndarray", "data": [[0.9999993916616852, -0.0011030059706174122, 7.354480131524814e-06, -0.01449439992120374], [-6.458660572497836e-06, 0.0008121633846460696, 0.999999670174407, 0.023678301789538923], [-0.0011030115798572897, -0.999999061883793, 0.0008121557666347368, 0.03411959122744177], [0.0, 0.0, 0.0, 1.0]]}, "Hobj2base": {"type": "ndarray", "data": [[0.9999990317993094, -0.0011969614856919204, 0.0007097067320808233, -0.7358551592774394], [-0.0011967160764337957, -0.9999992240377178, -0.000346113558440667, 0.09113679038645342], [0.0007101204659742968, 0.0003452639058774463, -0.9999996882608313, 0.000440239197329518], [0.0, 0.0, 0.0, 1.0]]}, "mean_rme": {"type": "float", "data": 0.0016261364191954375}, "max_rme": {"type": "float", "data": 0.004384303158607494}, "simu": {"type": "float", "data": 0.002}}, {"type": "dict", "image_number": {"type": "int", "data": 30}, "Hcamera2end": {"type": "ndarray", "data": [[0.9999994439541424, -0.0010536241089241344, -4.435812211974453e-05, -0.014421899003017095], [4.5254891445861245e-05, 0.0008511197368872292, 0.9999996367735285, 0.024056433597275044], [-0.001053585972146739, -0.999999082735295, 0.0008511669452703208, 0.03413702626118566], [0.0, 0.0, 0.0, 1.0]]}, "Hobj2base": {"type": "ndarray", "data": [[0.9999990532482401, -0.0011920054037358086, 0.0006874778112034368, -0.7358547238391916], [-0.0011918587178468476, -0.9999992668940747, -0.00021373841407069325, 0.09120892951535625], [0.0006877320845539382, 0.0002129188352908645, -0.999999740845041, 6.527618858123326e-05], [0.0, 0.0, 0.0, 1.0]]}, "mean_rme": {"type": "float", "data": 0.0015910986420754208}, "max_rme": {"type": "float", "data": 0.004339058468634027}, "simu": {"type": "float", "data": 0.002}}]}