{"type": "list", "data": [{"type": "dict", "image_number": {"type": "int", "data": 5}, "Hcamera2end": {"type": "ndarray", "data": [[0.9999987038753958, 0.0011329897632018314, -0.00114393257009899, -0.011165502841136774], [0.0011460625886073725, -0.001881136439157327, 0.9999975739301773, 0.03237832509439793], [0.0011308351212480053, -0.9999975888270402, -0.0018824324781510082, 0.03421670900524572], [0.0, 0.0, 0.0, 1.0]]}, "Hobj2base": {"type": "ndarray", "data": [[0.9999896441064652, 0.0026701455968003176, 0.0036853768215682494, -0.7335203854662982], [0.002668452011073142, -0.9999963318495337, 0.0004643827535553345, 0.09132555454844023], [0.0036866032726161784, -0.0004545436932659032, -0.9999931011493735, -0.00638024834870885], [0.0, 0.0, 0.0, 1.0]]}, "mean_rme": {"type": "float", "data": 0.001489166005116721}, "max_rme": {"type": "float", "data": 0.004118498527868053}, "simu": {"type": "float", "data": 0.002}}, {"type": "dict", "image_number": {"type": "int", "data": 6}, "Hcamera2end": {"type": "ndarray", "data": [[0.9999957899876183, 0.0013051722538658115, -0.002591627370390795, -0.014616257542181902], [0.0025901981044028793, 0.0010955807483841173, 0.999996045280482, 0.032196490591916746], [0.0013080064293296105, -0.9999985481130519, 0.0010921954812778134, 0.03360094741771338], [0.0, 0.0, 0.0, 1.0]]}, "Hobj2base": {"type": "ndarray", "data": [[0.9999985158738494, 0.0015385805206939143, 0.0007752548483536164, -0.73509066847244], [0.0015391622151143685, -0.9999985340215352, -0.0007502895811683638, 0.08776772532797072], [0.0007740993309122388, 0.0007514817106136459, -0.9999994180225626, -0.003922014298243515], [0.0, 0.0, 0.0, 1.0]]}, "mean_rme": {"type": "float", "data": 0.0014689885917704344}, "max_rme": {"type": "float", "data": 0.003761240575229974}, "simu": {"type": "float", "data": 0.002}}, {"type": "dict", "image_number": {"type": "int", "data": 7}, "Hcamera2end": {"type": "ndarray", "data": [[0.9999966508000214, 0.0007314859296551139, -0.0024826028830194245, -0.01439131160081812], [0.002481512497262435, 0.0014878007534011584, 0.9999958142635617, 0.0309344748243964], [0.0007351764862875559, -0.9999986256876818, 0.0014859805789829705, 0.033515701547966216], [0.0, 0.0, 0.0, 1.0]]}, "Hobj2base": {"type": "ndarray", "data": [[0.9999994485935754, 0.0007392426586922672, 0.0007458772262857076, -0.7352454883747812], [0.0007394958044578685, -0.9999996690531983, -0.0003391746576268492, 0.0892177327027889], [0.0007456262470643603, 0.0003397260436832429, -0.9999996643138007, -0.002992506081446189], [0.0, 0.0, 0.0, 1.0]]}, "mean_rme": {"type": "float", "data": 0.0014920415781968324}, "max_rme": {"type": "float", "data": 0.003787737464732377}, "simu": {"type": "float", "data": 0.002}}, {"type": "dict", "image_number": {"type": "int", "data": 8}, "Hcamera2end": {"type": "ndarray", "data": [[0.9999957682557757, 0.000681915195892427, -0.0028281552656275184, -0.014374932864308116], [0.002827063296245944, 0.0015970087303379676, 0.9999947286242232, 0.030811618408119665], [0.0006864281899111395, -0.9999984922762537, 0.001595074154784104, 0.03323311809764966], [0.0, 0.0, 0.0, 1.0]]}, "Hobj2base": {"type": "ndarray", "data": [[0.9999996355435049, 0.0006724707294369266, 0.0005260189876131094, -0.7351035887504851], [0.0006727973557760818, -0.9999995808451183, -0.0006210099081412519, 0.08896234410088387], [0.0005256011561437675, 0.0006213635859941115, -0.9999996688253046, -0.0028990774682068066], [0.0, 0.0, 0.0, 1.0]]}, "mean_rme": {"type": "float", "data": 0.0013547381856721357}, "max_rme": {"type": "float", "data": 0.0039005942934907667}, "simu": {"type": "float", "data": 0.002}}, {"type": "dict", "image_number": {"type": "int", "data": 9}, "Hcamera2end": {"type": "ndarray", "data": [[0.9999958534107529, 0.0018153883416130914, -0.002235514810763323, -0.01445937531255215], [0.002233291608927786, 0.0012257476902389763, 0.9999967549703295, 0.030306143839611478], [0.0018181226277398472, -0.9999976009510068, 0.0012216883160164338, 0.033181144365218226], [0.0, 0.0, 0.0, 1.0]]}, "Hobj2base": {"type": "ndarray", "data": [[0.9999988021230894, 0.001534927818257976, 0.00019937145951181713, -0.7347659665414751], [0.0015348719629511042, -0.9999987828809067, 0.0002800085064242974, 0.08949967498063345], [0.0001998010096988665, -0.00027970216134515544, -0.9999999409231275, -0.002669395180423911], [0.0, 0.0, 0.0, 1.0]]}, "mean_rme": {"type": "float", "data": 0.0014472652153559972}, "max_rme": {"type": "float", "data": 0.004174885999733813}, "simu": {"type": "float", "data": 0.002}}, {"type": "dict", "image_number": {"type": "int", "data": 10}, "Hcamera2end": {"type": "ndarray", "data": [[0.9999983050419429, 0.0011580859223721844, -0.0014313456038615173, -0.01567585610179814], [0.0014301461517925128, 0.0010358854593101041, 0.9999984408104342, 0.030110496680116183], [0.0011595668267949857, -0.9999987928884272, 0.0010342274714023603, 0.03367083242023312], [0.0, 0.0, 0.0, 1.0]]}, "Hobj2base": {"type": "ndarray", "data": [[0.9999994217860997, 0.0009919315834845052, 0.0004153302300435995, -0.7346921348358095], [0.0009914864180752179, -0.9999989353071221, 0.0010706723610691374, 0.08907490890233624], [0.00041639182157497006, -0.0010702599477093913, -0.9999993405805303, -0.002048367102303994], [0.0, 0.0, 0.0, 1.0]]}, "mean_rme": {"type": "float", "data": 0.001468490743672559}, "max_rme": {"type": "float", "data": 0.003975773379687686}, "simu": {"type": "float", "data": 0.002}}, {"type": "dict", "image_number": {"type": "int", "data": 11}, "Hcamera2end": {"type": "ndarray", "data": [[0.9999983906074349, 0.001022534450534444, -0.0014741797168327767, -0.015693821894647512], [0.0014731337351461713, 0.001022930501628272, 0.9999983917438002, 0.029963745044246932], [0.0010240407894343043, -0.9999989540176959, 0.0010214225253371012, 0.033850380500573124], [0.0, 0.0, 0.0, 1.0]]}, "Hobj2base": {"type": "ndarray", "data": [[0.9999994969828465, 0.0009192804880992301, 0.00040119501258793284, -0.7348696053187471], [0.0009188565280989329, -0.999999020651374, 0.0010556509715248792, 0.08895303073480472], [0.0004021650590185143, -0.0010552817998579754, -0.9999993623215908, -0.001988516355683019], [0.0, 0.0, 0.0, 1.0]]}, "mean_rme": {"type": "float", "data": 0.001404416337954218}, "max_rme": {"type": "float", "data": 0.00398589962829865}, "simu": {"type": "float", "data": 0.002}}, {"type": "dict", "image_number": {"type": "int", "data": 12}, "Hcamera2end": {"type": "ndarray", "data": [[0.9999976238537364, 0.0009500146148002769, -0.001962080302341816, -0.016161660263625414], [0.001960969348071485, 0.0011689302591127992, 0.9999973940972373, 0.029606222292755995], [0.0009523056741907843, -0.9999988655364971, 0.0011670645320236428, 0.033744369289417216], [0.0, 0.0, 0.0, 1.0]]}, "Hobj2base": {"type": "ndarray", "data": [[0.999999670128544, 0.0008111924834839837, 4.1346801885905056e-05, -0.7351090018814813], [0.0008111675398445941, -0.9999994911433647, 0.0005997668162537575, 0.08813381179307021], [4.1833307179498733e-05, -0.0005997330792242383, -0.9999998192850876, -0.0018790542426654067], [0.0, 0.0, 0.0, 1.0]]}, "mean_rme": {"type": "float", "data": 0.0015644289515684368}, "max_rme": {"type": "float", "data": 0.005019482623662697}, "simu": {"type": "float", "data": 0.002}}, {"type": "dict", "image_number": {"type": "int", "data": 13}, "Hcamera2end": {"type": "ndarray", "data": [[0.9999959947694085, 0.002104062230960699, -0.0018929784122981767, -0.016192598009113185], [0.00189114845985705, 0.000871373085053917, 0.9999978321308747, 0.029738576814441683], [0.0021057071600682153, -0.9999974068121749, 0.0008673905009561889, 0.03396304040992154], [0.0, 0.0, 0.0, 1.0]]}, "Hobj2base": {"type": "ndarray", "data": [[0.9999980864384624, 0.0018651933732309349, -0.000590061940633236, -0.7351671962206592], [0.0018655898661591723, -0.9999980339152612, 0.0006721161087348119, 0.08764086746890451], [-0.0005888071540094057, -0.0006732156361761291, -0.9999996000433415, -0.0017823516225592333], [0.0, 0.0, 0.0, 1.0]]}, "mean_rme": {"type": "float", "data": 0.0015680825078323052}, "max_rme": {"type": "float", "data": 0.0049640121473860654}, "simu": {"type": "float", "data": 0.002}}, {"type": "dict", "image_number": {"type": "int", "data": 14}, "Hcamera2end": {"type": "ndarray", "data": [[0.9999958411776396, 0.002073305397297483, -0.0020047523922975706, -0.016137386021855573], [0.002002979008137558, 0.0008570644862785359, 0.9999976267549637, 0.02961906849809098], [0.0020750186789149604, -0.9999974834194316, 0.0008529081347112832, 0.03414080026103136], [0.0, 0.0, 0.0, 1.0]]}, "Hobj2base": {"type": "ndarray", "data": [[0.9999981417916761, 0.0018565896886312799, -0.0005191222620907431, -0.7353288266289617], [0.0018568851492992355, -0.9999981139626339, 0.0005692527707252734, 0.08754134607636847], [-0.000518064414182406, -0.0005702156633541834, -0.9999997032316359, -0.0017983181295566006], [0.0, 0.0, 0.0, 1.0]]}, "mean_rme": {"type": "float", "data": 0.0015294762575691135}, "max_rme": {"type": "float", "data": 0.004797482167820055}, "simu": {"type": "float", "data": 0.002}}, {"type": "dict", "image_number": {"type": "int", "data": 15}, "Hcamera2end": {"type": "ndarray", "data": [[0.9999952266322845, 0.0021483910946269217, -0.0022206144083692157, -0.015788796671006296], [0.0022187716071261957, 0.0008597622370877245, 0.9999971689267184, 0.02984422858550882], [0.002150294212785744, -0.9999973226087162, 0.0008549913439647172, 0.033894148701469694], [0.0, 0.0, 0.0, 1.0]]}, "Hobj2base": {"type": "ndarray", "data": [[0.9999979583007518, 0.0019710953690003814, -0.00044517117403146823, -0.7353653094946738], [0.001971289130141331, -0.999997962293929, 0.000435232301005861, 0.08776919947046886], [-0.00044431238253051213, -0.00043610897348881977, -0.9999998061977167, -0.002133088090960718], [0.0, 0.0, 0.0, 1.0]]}, "mean_rme": {"type": "float", "data": 0.0015719051047392396}, "max_rme": {"type": "float", "data": 0.004863623054552568}, "simu": {"type": "float", "data": 0.002}}, {"type": "dict", "image_number": {"type": "int", "data": 16}, "Hcamera2end": {"type": "ndarray", "data": [[0.9999951437741182, 0.0021084926896077767, -0.00229492630784477, -0.015963893845037685], [0.0022930348590128615, 0.0008990419966712349, 0.9999969668527118, 0.029805354681044352], [0.002110549529368911, -0.9999973729875824, 0.0008942027834829558, 0.03392584290611975], [0.0, 0.0, 0.0, 1.0]]}, "Hobj2base": {"type": "ndarray", "data": [[0.9999980452698107, 0.0018993059401351538, -0.0005496303333038151, -0.7355463346800067], [0.0018995375554017348, -0.9999981071774398, 0.0004211871475810313, 0.08760491272457037], [-0.0005488293296998111, -0.00042223036773349714, -0.9999997602539128, -0.0022103952270704982], [0.0, 0.0, 0.0, 1.0]]}, "mean_rme": {"type": "float", "data": 0.0015796034103480888}, "max_rme": {"type": "float", "data": 0.004667686602890075}, "simu": {"type": "float", "data": 0.002}}, {"type": "dict", "image_number": {"type": "int", "data": 17}, "Hcamera2end": {"type": "ndarray", "data": [[0.999996260414689, 0.0013707256689977519, -0.002366488490952088, -0.016172133972845254], [0.0023651442951662443, 0.000981437627680104, 0.9999967214309483, 0.029142722564812457], [0.0013730437358294872, -0.9999985789446518, 0.0009781919935140104, 0.03395133802269174], [0.0, 0.0, 0.0, 1.0]]}, "Hobj2base": {"type": "ndarray", "data": [[0.9999992254430957, 0.0012187595950067086, -0.0002524643702337301, -0.7355215941431203], [0.0012188481788713104, -0.9999991955965362, 0.00035102050910205496, 0.0879399915510911], [-0.00025203635753700393, -0.0003513279529545854, -0.9999999065231677, -0.0015407530436761436], [0.0, 0.0, 0.0, 1.0]]}, "mean_rme": {"type": "float", "data": 0.0015565708983386148}, "max_rme": {"type": "float", "data": 0.004770902367109087}, "simu": {"type": "float", "data": 0.002}}, {"type": "dict", "image_number": {"type": "int", "data": 18}, "Hcamera2end": {"type": "ndarray", "data": [[0.9999966414943611, 0.0011043291584275745, -0.0023446656708783807, -0.01658999379843678], [0.002343694744791466, 0.0008796749438932938, 0.9999968666285592, 0.029056823516437905], [0.0011063882417966069, -0.9999990033140549, 0.0008770837790549324, 0.03377342704121786], [0.0, 0.0, 0.0, 1.0]]}, "Hobj2base": {"type": "ndarray", "data": [[0.9999994556592968, 0.0010355819866173202, -0.00012747964208610228, -0.7351452973808689], [0.0010356293817035435, -0.999999394438521, 0.00037228265454719887, 0.08762233786006862], [-0.0001270940356783625, -0.0003724144735615103, -0.99999992257728, -0.0015524077258299727], [0.0, 0.0, 0.0, 1.0]]}, "mean_rme": {"type": "float", "data": 0.0015904520432458947}, "max_rme": {"type": "float", "data": 0.004824011421183161}, "simu": {"type": "float", "data": 0.002}}, {"type": "dict", "image_number": {"type": "int", "data": 19}, "Hcamera2end": {"type": "ndarray", "data": [[0.9999967773545787, 0.0009020342553305601, -0.002373102328057122, -0.016311290752681513], [0.002372307981449667, 0.0008806691195288874, 0.9999967982832461, 0.029103248087040224], [0.0009041212852101745, -0.9999992053777365, 0.0008785263783811503, 0.03385568059652071], [0.0, 0.0, 0.0, 1.0]]}, "Hobj2base": {"type": "ndarray", "data": [[0.9999996585277918, 0.0008245345741000067, -5.5561100310917706e-05, -0.7350813794455747], [0.0008245551160199545, -0.9999995913396842, 0.00037071461392300506, 0.08794869321666358], [-5.5255410588997255e-05, -0.00037076030052378027, -0.999999929741817, -0.0016657348625930503], [0.0, 0.0, 0.0, 1.0]]}, "mean_rme": {"type": "float", "data": 0.001580390956000264}, "max_rme": {"type": "float", "data": 0.004717076842304158}, "simu": {"type": "float", "data": 0.002}}, {"type": "dict", "image_number": {"type": "int", "data": 20}, "Hcamera2end": {"type": "ndarray", "data": [[0.9999967640206326, 0.0010718830127498902, -0.002307166025680477, -0.016156866324818553], [0.002306167759383554, 0.0009316245666761702, 0.9999969068281824, 0.029244350998325765], [0.0010740291097804879, -0.9999989915707286, 0.0009291496099124164, 0.033734076832515836], [0.0, 0.0, 0.0, 1.0]]}, "Hobj2base": {"type": "ndarray", "data": [[0.9999995150499643, 0.0009659769323742105, -0.00019180302993036688, -0.7352013619271319], [0.0009660597568056299, -0.9999994399664833, 0.00043219817848682337, 0.08812385464507184], [-0.00019138542904360915, -0.0004323832620807504, -0.9999998882081595, -0.0017569591528907608], [0.0, 0.0, 0.0, 1.0]]}, "mean_rme": {"type": "float", "data": 0.001606770758672869}, "max_rme": {"type": "float", "data": 0.0047616764052269556}, "simu": {"type": "float", "data": 0.002}}, {"type": "dict", "image_number": {"type": "int", "data": 21}, "Hcamera2end": {"type": "ndarray", "data": [[0.999996630531565, 0.001217219424376464, -0.002292880805795749, -0.01618391743041951], [0.00229166407180962, 0.0010000565890712076, 0.9999968740764146, 0.029194740924424673], [0.0012195086299993476, -0.9999987591310758, 0.000997263761389755, 0.03360442611283059], [0.0, 0.0, 0.0, 1.0]]}, "Hobj2base": {"type": "ndarray", "data": [[0.9999993669216602, 0.0010838102562072598, -0.0003025088547307442, -0.7351957622820733], [0.0010839583471767462, -0.9999992925606194, 0.0004898087003906658, 0.08806789798739312], [-0.0003019777810310043, -0.0004901362973015672, -0.9999998342879015, -0.0016259956510041968], [0.0, 0.0, 0.0, 1.0]]}, "mean_rme": {"type": "float", "data": 0.0015699173960998618}, "max_rme": {"type": "float", "data": 0.004866067698937937}, "simu": {"type": "float", "data": 0.002}}, {"type": "dict", "image_number": {"type": "int", "data": 22}, "Hcamera2end": {"type": "ndarray", "data": [[0.9999970611706145, 0.0011477195344436815, -0.002135506966654956, -0.016138044156658864], [0.0021343137866262456, 0.0010398306641179467, 0.999997181724454, 0.02926394549089579], [0.0011499368654811493, -0.9999988007453111, 0.0010373780146074596, 0.0336345962688305], [0.0, 0.0, 0.0, 1.0]]}, "Hobj2base": {"type": "ndarray", "data": [[0.999999386744347, 0.0010592578319525304, -0.00032323950170471793, -0.7352009761895644], [0.0010594343391042245, -0.9999992895363186, 0.0005463750899376957, 0.08818809263264196], [-0.00032266051996159137, -0.000546717205897944, -0.9999997984952222, -0.0015455654458457304], [0.0, 0.0, 0.0, 1.0]]}, "mean_rme": {"type": "float", "data": 0.0015711451722744032}, "max_rme": {"type": "float", "data": 0.0050023720112121195}, "simu": {"type": "float", "data": 0.002}}, {"type": "dict", "image_number": {"type": "int", "data": 23}, "Hcamera2end": {"type": "ndarray", "data": [[0.9999971840416171, 0.0012290837901658175, -0.002030089129340448, -0.01629619210574918], [0.0020288161113093885, 0.0010361078767100462, 0.9999974051894603, 0.029335729496505456], [0.0012311839922635776, -0.9999987079159173, 0.0010336113740777586, 0.03367226887733927], [0.0, 0.0, 0.0, 1.0]]}, "Hobj2base": {"type": "ndarray", "data": [[0.9999992991469058, 0.0011141713339786407, -0.0004004097099007871, -0.7352254086216548], [0.0011143402375404256, -0.9999992901432815, 0.00042185159553329184, 0.08802579084089673], [-0.0003999394107123279, -0.00042229749252854017, -0.9999998308566338, -0.0013621414581249513], [0.0, 0.0, 0.0, 1.0]]}, "mean_rme": {"type": "float", "data": 0.0015984649961453183}, "max_rme": {"type": "float", "data": 0.005466905546518519}, "simu": {"type": "float", "data": 0.002}}, {"type": "dict", "image_number": {"type": "int", "data": 24}, "Hcamera2end": {"type": "ndarray", "data": [[0.9999976088516336, 0.0009979561387137808, -0.001945860879009306, -0.01633960269354975], [0.0019447790938703674, 0.0010838279132738826, 0.9999975215725939, 0.029208259194169278], [0.0010000626436879544, -0.9999989146997109, 0.0010818845174453973, 0.03364750806609471], [0.0, 0.0, 0.0, 1.0]]}, "Hobj2base": {"type": "ndarray", "data": [[0.9999995469879085, 0.0008881572689488895, -0.0003423457950174474, -0.7352725197178964], [0.0008882819872256707, -0.9999995391110066, 0.0003643252466515511, 0.08813449707815546], [-0.0003420220591179634, -0.00036462918121092555, -0.9999998750332277, -0.0012559645487819973], [0.0, 0.0, 0.0, 1.0]]}, "mean_rme": {"type": "float", "data": 0.0015572341737828941}, "max_rme": {"type": "float", "data": 0.005468654418664121}, "simu": {"type": "float", "data": 0.002}}, {"type": "dict", "image_number": {"type": "int", "data": 25}, "Hcamera2end": {"type": "ndarray", "data": [[0.9999975651668056, 0.0008870737508622742, -0.002020584227644512, -0.016045600815907148], [0.0020194741557948274, 0.0012505034896679312, 0.9999971789785991, 0.029293530874350677], [0.0008895979960360762, -0.9999988246699008, 0.001248709022386385, 0.03347819833851537], [0.0, 0.0, 0.0, 1.0]]}, "Hobj2base": {"type": "ndarray", "data": [[0.999999642127722, 0.0007286754975795799, -0.0004298563099400596, -0.7353038096919711], [0.0007287777570624104, -0.9999997061709274, 0.00023778359688148172, 0.08836681154015384], [-0.00042968291655500504, -0.00023809678150274146, -0.9999998793412495, -0.00145504029218545], [0.0, 0.0, 0.0, 1.0]]}, "mean_rme": {"type": "float", "data": 0.0015676558924364171}, "max_rme": {"type": "float", "data": 0.005603461125782694}, "simu": {"type": "float", "data": 0.002}}, {"type": "dict", "image_number": {"type": "int", "data": 26}, "Hcamera2end": {"type": "ndarray", "data": [[0.9999974606509671, 0.0009398690179646999, -0.0020482523884284825, -0.01596230984212975], [0.0020470587775851395, 0.001269185136738904, 0.999997099355518, 0.029204454387687772], [0.0009424659032265023, -0.9999987529068811, 0.0012672579467118972, 0.03345926710576187], [0.0, 0.0, 0.0, 1.0]]}, "Hobj2base": {"type": "ndarray", "data": [[0.9999996199268353, 0.0007594061123544306, -0.00042830893224151843, -0.7352992324104879], [0.0007594948682330239, -0.9999996901386423, 0.00020709940630913968, 0.08837782740151758], [-0.0004281515269701151, -0.00020742462603226872, -0.9999998868306408, -0.0013017224882109447], [0.0, 0.0, 0.0, 1.0]]}, "mean_rme": {"type": "float", "data": 0.0015545870832998669}, "max_rme": {"type": "float", "data": 0.005542950131739943}, "simu": {"type": "float", "data": 0.002}}, {"type": "dict", "image_number": {"type": "int", "data": 27}, "Hcamera2end": {"type": "ndarray", "data": [[0.9999974025989629, 0.0009250762663198018, -0.0020830336601678568, -0.015876918287980647], [0.0020818272443542565, 0.0013031794951224862, 0.9999969838547157, 0.029210870396038258], [0.0009277880429089643, -0.9999987229777373, 0.0013012502612683718, 0.03346024388974925], [0.0, 0.0, 0.0, 1.0]]}, "Hobj2base": {"type": "ndarray", "data": [[0.9999996312325418, 0.0007386622832528956, -0.0004380785451548513, -0.7353697250586718], [0.0007387363397380195, -0.9999997128688556, 0.00016891070554950598, 0.08842561577152713], [-0.0004379536514014303, -0.00016923426780169988, -0.9999998897781746, -0.001308489183038752], [0.0, 0.0, 0.0, 1.0]]}, "mean_rme": {"type": "float", "data": 0.0015211703237786223}, "max_rme": {"type": "float", "data": 0.005549736755443235}, "simu": {"type": "float", "data": 0.002}}, {"type": "dict", "image_number": {"type": "int", "data": 28}, "Hcamera2end": {"type": "ndarray", "data": [[0.9999974957023682, 0.001044259337779807, -0.0019794219933289103, -0.016099419157795815], [0.0019779774161365433, 0.001382574797635816, 0.9999970880418954, 0.029217316133548984], [0.0010469929959022277, -0.9999984990035558, 0.0013805058138702808, 0.03338355566776597], [0.0, 0.0, 0.0, 1.0]]}, "Hobj2base": {"type": "ndarray", "data": [[0.9999995155641438, 0.0008317936770969575, -0.000526299113027223, -0.7354433761421014], [0.0008319416529551197, -0.999999614454111, 0.0002810066115773441, 0.08827558548149714], [-0.000526065170592031, -0.00028144432560170635, -0.9999998220222481, -0.0011701321791091743], [0.0, 0.0, 0.0, 1.0]]}, "mean_rme": {"type": "float", "data": 0.0015145399462042385}, "max_rme": {"type": "float", "data": 0.005416064942496579}, "simu": {"type": "float", "data": 0.002}}, {"type": "dict", "image_number": {"type": "int", "data": 29}, "Hcamera2end": {"type": "ndarray", "data": [[0.9999973934335976, 0.0010252703421265155, -0.0020400849825842004, -0.015973505526254192], [0.0020386716048058084, 0.0013777011384019655, 0.9999969728742485, 0.0291799993884066], [0.0010280778659072032, -0.9999985253790619, 0.001375607357798736, 0.03333267098058168], [0.0, 0.0, 0.0, 1.0]]}, "Hobj2base": {"type": "ndarray", "data": [[0.9999995192042456, 0.0008152596977766212, -0.0005449246764215215, -0.7353453191263619], [0.0008153915964266112, -0.9999996383174155, 0.00024187100366256114, 0.08836538612862735], [-0.0005447272916504094, -0.00024231521437384902, -0.9999998222777413, -0.0010757887913720185], [0.0, 0.0, 0.0, 1.0]]}, "mean_rme": {"type": "float", "data": 0.0015061573795911605}, "max_rme": {"type": "float", "data": 0.00549026354364468}, "simu": {"type": "float", "data": 0.002}}, {"type": "dict", "image_number": {"type": "int", "data": 30}, "Hcamera2end": {"type": "ndarray", "data": [[0.9999978284447931, 0.0005217080591561478, -0.002017653686627806, -0.015909598093994837], [0.002016932266232276, 0.0013796530191986234, 0.9999970142664327, 0.028957181906113655], [0.0005244901634753366, -0.9999989121885322, 0.0013785977733877797, 0.03331856984149012], [0.0, 0.0, 0.0, 1.0]]}, "Hobj2base": {"type": "ndarray", "data": [[0.9999998852386818, 0.00035628220603396173, -0.0003202898890487762, -0.7353061382982087], [0.0003563731403358332, -0.9999998961994054, 0.0002839002710796071, 0.08864425576286666], [-0.0003201887071876213, -0.0002840143812124158, -0.9999999084075075, -0.0009763118555418504], [0.0, 0.0, 0.0, 1.0]]}, "mean_rme": {"type": "float", "data": 0.0014914662630731883}, "max_rme": {"type": "float", "data": 0.005495755734707508}, "simu": {"type": "float", "data": 0.002}}]}