{"type": "list", "data": [{"type": "dict", "image_number": {"type": "int", "data": 5}, "Hcamera2end": {"type": "ndarray", "data": [[0.9999644083479835, 0.008418635047598797, 0.0005555368599227421, -0.018010432633264645], [-0.000561208736322984, 0.000671381371426305, 0.9999996171458309, 0.03123820273634789], [0.008418258847390378, -0.9999643372795798, 0.0006760820873907836, 0.02899360747372838], [0.0, 0.0, 0.0, 1.0]]}, "Hobj2base": {"type": "ndarray", "data": [[0.9999711497560542, 0.007513636288881439, -0.0011157621939224158, -0.7332518258679077], [0.007520688938984826, -0.9999508699914252, 0.006457309135765856, 0.08403160927360069], [-0.0010671895042652449, -0.006465514141212425, -0.9999785288862215, -0.006442579902909929], [0.0, 0.0, 0.0, 1.0]]}, "mean_rme": {"type": "float", "data": 0.002320146360372853}, "max_rme": {"type": "float", "data": 0.005725346200287529}, "simu": {"type": "float", "data": 0.002}}, {"type": "dict", "image_number": {"type": "int", "data": 6}, "Hcamera2end": {"type": "ndarray", "data": [[0.9999883268588471, 0.004767848105463975, 0.0007834350558855352, -0.016515831935806365], [-0.0007950624686711046, 0.0024373063599580913, 0.9999967137012895, 0.02636629691225817], [0.00476592296564657, -0.9999856634783075, 0.0024410686460218933, 0.02923084315503922], [0.0, 0.0, 0.0, 1.0]]}, "Hobj2base": {"type": "ndarray", "data": [[0.9999935127648955, 0.003585449833405595, -0.00034493132213150944, -0.7327961005919703], [0.0035874267765819176, -0.9999760859527345, 0.005912519917250519, 0.08895873710785962], [-0.00032372402987525554, -0.005913718977204853, -0.9999824614115045, -0.0032687141913395243], [0.0, 0.0, 0.0, 1.0]]}, "mean_rme": {"type": "float", "data": 0.001980046131916057}, "max_rme": {"type": "float", "data": 0.005114681537679661}, "simu": {"type": "float", "data": 0.002}}, {"type": "dict", "image_number": {"type": "int", "data": 7}, "Hcamera2end": {"type": "ndarray", "data": [[0.9999890161011821, 0.0045283112198456175, -0.0012091627211086513, -0.016644477070892876], [0.0011992984029824119, 0.0021804479949510958, 0.9999969036601476, 0.02597634743973133], [0.004530933715085934, -0.9999873699422598, 0.002174993248716728, 0.03167601954239306], [0.0, 0.0, 0.0, 1.0]]}, "Hobj2base": {"type": "ndarray", "data": [[0.9999924924657011, 0.003874867743478536, -2.0302840156393352e-05, -0.7350317874618283], [0.0038749181611034346, -0.9999843175463798, 0.004043472585012544, 0.08731431038312423], [-4.634600266739364e-06, -0.004043520900347469, -0.9999918249252084, -0.00315556500184674], [0.0, 0.0, 0.0, 1.0]]}, "mean_rme": {"type": "float", "data": 0.0019722985172483595}, "max_rme": {"type": "float", "data": 0.005342649434335128}, "simu": {"type": "float", "data": 0.002}}, {"type": "dict", "image_number": {"type": "int", "data": 8}, "Hcamera2end": {"type": "ndarray", "data": [[0.999990462230828, 0.004113641272026207, -0.0014674477367692487, -0.016953682095288827], [0.0014574521989557424, 0.0024317971485464662, 0.9999959810897822, 0.025756971238056994], [0.004117193274893183, -0.9999885820938724, 0.0024257785191089676, 0.03201374539224291], [0.0, 0.0, 0.0, 1.0]]}, "Hobj2base": {"type": "ndarray", "data": [[0.9999934346889137, 0.0036184446308618625, -0.00019348778443240266, -0.735288581962213], [0.0036191561895364903, -0.9999861806130181, 0.0038131734112571395, 0.08679464593793929], [-0.00017968735369332467, -0.003813848639100097, -0.9999927111089426, -0.0029286501643792373], [0.0, 0.0, 0.0, 1.0]]}, "mean_rme": {"type": "float", "data": 0.0018680477639771748}, "max_rme": {"type": "float", "data": 0.005384910142241323}, "simu": {"type": "float", "data": 0.002}}, {"type": "dict", "image_number": {"type": "int", "data": 9}, "Hcamera2end": {"type": "ndarray", "data": [[0.9999905213586412, 0.0037595410117857624, -0.00219614304034482, -0.016588677841042225], [0.002186861466987669, 0.002471138097654202, 0.9999945555418921, 0.02532149368421717], [0.003764947515857113, -0.9999898796127302, 0.0024628930792501835, 0.031793324852657755], [0.0, 0.0, 0.0, 1.0]]}, "Hobj2base": {"type": "ndarray", "data": [[0.9999944406440792, 0.0033134384613308994, -0.00037390707175022174, -0.734982887886098], [0.003314570688989464, -0.9999897966545928, 0.0030692357117377816, 0.0865281440938362], [-0.0003637335329930561, -0.0030704579901844843, -0.9999952199813995, -0.0029351326500929678], [0.0, 0.0, 0.0, 1.0]]}, "mean_rme": {"type": "float", "data": 0.0018275269832121344}, "max_rme": {"type": "float", "data": 0.00537341801587235}, "simu": {"type": "float", "data": 0.002}}, {"type": "dict", "image_number": {"type": "int", "data": 10}, "Hcamera2end": {"type": "ndarray", "data": [[0.9999899838451575, 0.0037202402345019015, -0.0024883773747599045, -0.016562453333262412], [0.0024801446635379786, 0.0022159295186170436, 0.9999944692541134, 0.024908534894405848], [0.003725733727676717, -0.9999906246905346, 0.0022066805895591957, 0.0315152467646243], [0.0, 0.0, 0.0, 1.0]]}, "Hobj2base": {"type": "ndarray", "data": [[0.999994152945057, 0.003413983407749552, -0.00019695935993696117, -0.7345231485315493], [0.0034144929385037767, -0.999990666194942, 0.00264740646078673, 0.08610664982919226], [-0.00018791931982599635, -0.0026480634975993744, -0.9999964762168123, -0.0029436461973328053], [0.0, 0.0, 0.0, 1.0]]}, "mean_rme": {"type": "float", "data": 0.0018716912826673494}, "max_rme": {"type": "float", "data": 0.005475392942472984}, "simu": {"type": "float", "data": 0.002}}, {"type": "dict", "image_number": {"type": "int", "data": 11}, "Hcamera2end": {"type": "ndarray", "data": [[0.9999871857529415, 0.004298391104999644, -0.002674352972293482, -0.016600648517054784], [0.0026645240132432617, 0.002290762318957973, 0.9999938263408333, 0.024782831841638334], [0.00430449087521452, -0.9999881380506003, 0.0022792797982460478, 0.031240293008884666], [0.0, 0.0, 0.0, 1.0]]}, "Hobj2base": {"type": "ndarray", "data": [[0.999992214799442, 0.0039350370061157, -0.000292957790684572, -0.7346427187947738], [0.003935748121696519, -0.999989210099087, 0.0024677058426789255, 0.08562384155791758], [-0.00028324411588788944, -0.002468839639168445, -0.9999969122970362, -0.0029460530775549314], [0.0, 0.0, 0.0, 1.0]]}, "mean_rme": {"type": "float", "data": 0.001941359174291068}, "max_rme": {"type": "float", "data": 0.005615831277338751}, "simu": {"type": "float", "data": 0.002}}, {"type": "dict", "image_number": {"type": "int", "data": 12}, "Hcamera2end": {"type": "ndarray", "data": [[0.9999874999864491, 0.004207196524574065, -0.0027017343050553234, -0.016345250506435073], [0.0026909854663921236, 0.0025584380180159183, 0.9999931064723032, 0.024866955340430222], [0.004214079741908929, -0.9999878768726705, 0.002547084532804167, 0.031582338713600215], [0.0, 0.0, 0.0, 1.0]]}, "Hobj2base": {"type": "ndarray", "data": [[0.9999926820582354, 0.003792255873615294, -0.0005046041674251418, -0.7351677782220859], [0.003793400245031655, -0.9999901908183757, 0.002286565461389732, 0.08572402490128456], [-0.0004959279763698541, -0.002288462894009199, -0.9999972584927543, -0.0026989059829938544], [0.0, 0.0, 0.0, 1.0]]}, "mean_rme": {"type": "float", "data": 0.0019556602027786924}, "max_rme": {"type": "float", "data": 0.005743716483750633}, "simu": {"type": "float", "data": 0.002}}, {"type": "dict", "image_number": {"type": "int", "data": 13}, "Hcamera2end": {"type": "ndarray", "data": [[0.9999868264601858, 0.0040557510216115596, -0.0031460752910701705, -0.015954251801542457], [0.0031342594351940053, 0.0029164296670631806, 0.9999908353859001, 0.025073859649316004], [0.004064889159532252, -0.999987522582981, 0.0029036794714545344, 0.03113662923344976], [0.0, 0.0, 0.0, 1.0]]}, "Hobj2base": {"type": "ndarray", "data": [[0.9999932091916592, 0.00361580797760366, -0.0007123926133998488, -0.7349725905743137], [0.0036170515998258258, -0.999991923311851, 0.001752212541168084, 0.08587627445877034], [-0.0007060511955420579, -0.0017547774030705467, -0.9999982111223875, -0.0028885813522099633], [0.0, 0.0, 0.0, 1.0]]}, "mean_rme": {"type": "float", "data": 0.001863896495448488}, "max_rme": {"type": "float", "data": 0.005747412712814565}, "simu": {"type": "float", "data": 0.002}}, {"type": "dict", "image_number": {"type": "int", "data": 14}, "Hcamera2end": {"type": "ndarray", "data": [[0.9999872947546363, 0.004128477785099557, -0.0028924039278780287, -0.016199991984228473], [0.0028813503556370883, 0.0026808379908812574, 0.9999922554339081, 0.02491674111783935], [0.004136199878165321, -0.9999878843160274, 0.002668908339242382, 0.031004712242293637], [0.0, 0.0, 0.0, 1.0]]}, "Hobj2base": {"type": "ndarray", "data": [[0.999992840621361, 0.0037563795547873252, -0.0004564193923468476, -0.734809483460461], [0.003757206264280443, -0.9999912779158633, 0.0018241417944407715, 0.08557708974878221], [-0.00044956324247683564, -0.0018258435965190383, -0.9999982320924634, -0.002945275148652417], [0.0, 0.0, 0.0, 1.0]]}, "mean_rme": {"type": "float", "data": 0.0018713504261157205}, "max_rme": {"type": "float", "data": 0.005925829933679655}, "simu": {"type": "float", "data": 0.002}}, {"type": "dict", "image_number": {"type": "int", "data": 15}, "Hcamera2end": {"type": "ndarray", "data": [[0.999987054105671, 0.0039969176699041434, -0.0031490109878830478, -0.01580394114108257], [0.003139977229102685, 0.00226444772067691, 0.9999925063816835, 0.024950053788511665], [0.00400401848928258, -0.9999894484071623, 0.0022518681749058578, 0.0313756318794004], [0.0, 0.0, 0.0, 1.0]]}, "Hobj2base": {"type": "ndarray", "data": [[0.999992739748181, 0.0038074043218809437, -0.00015531663302741194, -0.7348319498687], [0.003807619495582224, -0.9999917577070139, 0.0014094508912814974, 0.08580324279125369], [-0.00014994900344727268, -0.0014100320449530034, -0.9999989946619596, -0.003119609558022692], [0.0, 0.0, 0.0, 1.0]]}, "mean_rme": {"type": "float", "data": 0.0018044705338283297}, "max_rme": {"type": "float", "data": 0.005989742175319918}, "simu": {"type": "float", "data": 0.002}}, {"type": "dict", "image_number": {"type": "int", "data": 16}, "Hcamera2end": {"type": "ndarray", "data": [[0.9999853427003779, 0.004460107335674168, -0.00306949946442271, -0.015888009131055522], [0.0030595115060422133, 0.0022444985753932167, 0.9999928007818305, 0.024058893337261016], [0.004466964713563466, -0.9999875347566586, 0.0022308199273934903, 0.031476019544246274], [0.0, 0.0, 0.0, 1.0]]}, "Hobj2base": {"type": "ndarray", "data": [[0.9999911402480244, 0.004194282894611294, -0.0003569544173217283, -0.734781009994417], [0.004194803846564975, -0.9999901192233871, 0.0014714198196209296, 0.08627615710986207], [-0.00035077933935464157, -0.001472904136969105, -0.9999988537529725, -0.002374973635279852], [0.0, 0.0, 0.0, 1.0]]}, "mean_rme": {"type": "float", "data": 0.0018195781659926297}, "max_rme": {"type": "float", "data": 0.0049421500891503045}, "simu": {"type": "float", "data": 0.002}}, {"type": "dict", "image_number": {"type": "int", "data": 17}, "Hcamera2end": {"type": "ndarray", "data": [[0.9999874683736775, 0.0037794225409964596, -0.0032831480106857943, -0.015596272339105145], [0.0032750164224581565, 0.0021557244798905417, 0.9999923135301588, 0.024047499771572122], [0.00378647105311682, -0.9999905343638126, 0.0021433197942677396, 0.03178575558728619], [0.0, 0.0, 0.0, 1.0]]}, "Hobj2base": {"type": "ndarray", "data": [[0.9999934297809963, 0.003622248788855966, -0.00014038714838542941, -0.734736592268471], [0.0036224252161184737, -0.9999926229504763, 0.0012775289353675913, 0.08664795547232829], [-0.00013575858510361954, -0.0012780290836690328, -0.9999991741052932, -0.0026157247325253987], [0.0, 0.0, 0.0, 1.0]]}, "mean_rme": {"type": "float", "data": 0.0018159805740685397}, "max_rme": {"type": "float", "data": 0.004926442642113726}, "simu": {"type": "float", "data": 0.002}}, {"type": "dict", "image_number": {"type": "int", "data": 18}, "Hcamera2end": {"type": "ndarray", "data": [[0.9999894206645923, 0.003485963387125586, -0.0030011028234270243, -0.015737064450558766], [0.0029936042747914253, 0.002154298989746395, 0.9999931986415251, 0.024020417712380934], [0.003492404950619594, -0.9999916034923126, 0.0021438406037973534, 0.03196348850854172], [0.0, 0.0, 0.0, 1.0]]}, "Hobj2base": {"type": "ndarray", "data": [[0.9999943873343528, 0.0033462235963288532, -0.00016759306597483056, -0.7347974566805637], [0.00334647178114837, -0.9999932707917771, 0.0015031625931897676, 0.08673097729203588], [-0.0001625620200677424, -0.0015037150019067194, -0.9999988562067372, -0.002408453287613086], [0.0, 0.0, 0.0, 1.0]]}, "mean_rme": {"type": "float", "data": 0.0017759194653995244}, "max_rme": {"type": "float", "data": 0.004858072052954326}, "simu": {"type": "float", "data": 0.002}}, {"type": "dict", "image_number": {"type": "int", "data": 19}, "Hcamera2end": {"type": "ndarray", "data": [[0.9999905351400957, 0.0031379747280678603, -0.0030137592523309994, -0.015317471529699419], [0.0030066850028489496, 0.0022566819342247912, 0.9999929335910035, 0.024027625927177852], [0.0031447536499138494, -0.999992530222728, 0.002247225673492226, 0.032134781888021165], [0.0, 0.0, 0.0, 1.0]]}, "Hobj2base": {"type": "ndarray", "data": [[0.9999954479024997, 0.0030135531520280425, -0.0001505711752460075, -0.7348499687225128], [0.003013780384949676, -0.9999942843930041, 0.0015324193663056383, 0.08727210851364008], [-0.00014595228742878577, -0.0015328661790377667, -0.9999988145089003, -0.002517202868426707], [0.0, 0.0, 0.0, 1.0]]}, "mean_rme": {"type": "float", "data": 0.0017454738849551634}, "max_rme": {"type": "float", "data": 0.004934026358373589}, "simu": {"type": "float", "data": 0.002}}, {"type": "dict", "image_number": {"type": "int", "data": 20}, "Hcamera2end": {"type": "ndarray", "data": [[0.9999921854408182, 0.0028811253860158864, -0.0027070599930994906, -0.015611241339395782], [0.0027005380640326457, 0.0022651622472681376, 0.9999937880477848, 0.023970784529876242], [0.0028872394187001217, -0.9999932840556996, 0.0022573639572515125, 0.03219692519856472], [0.0, 0.0, 0.0, 1.0]]}, "Hobj2base": {"type": "ndarray", "data": [[0.9999961584481816, 0.0027650349304163832, -0.00019408944587012656, -0.734844152668036], [0.0027653792366989635, -0.9999945622778714, 0.0017966892790537649, 0.08722144488176624], [-0.00018912048184996355, -0.0017972191079024694, -0.9999983671171275, -0.0023917312044615334], [0.0, 0.0, 0.0, 1.0]]}, "mean_rme": {"type": "float", "data": 0.001673994393247242}, "max_rme": {"type": "float", "data": 0.004804629169572139}, "simu": {"type": "float", "data": 0.002}}, {"type": "dict", "image_number": {"type": "int", "data": 21}, "Hcamera2end": {"type": "ndarray", "data": [[0.9999923621182933, 0.00295434097530132, -0.002558822869541394, -0.015525273423890228], [0.0025519668979946636, 0.002322085459428136, 0.9999940476743203, 0.024065657338739246], [0.00296026519548028, -0.9999929398693377, 0.0023145283432397523, 0.03217973972743383], [0.0, 0.0, 0.0, 1.0]]}, "Hobj2base": {"type": "ndarray", "data": [[0.9999960495478674, 0.0027924056297639684, -0.00032149565778390534, -0.7349584477942307], [0.0027930101411562957, -0.9999943031256302, 0.00189547108574299, 0.08739294681394025], [-0.00031620090213264895, -0.0018963615384077251, -0.999998151913245, -0.0021899379136715554], [0.0, 0.0, 0.0, 1.0]]}, "mean_rme": {"type": "float", "data": 0.0017713836991339789}, "max_rme": {"type": "float", "data": 0.006256896179051896}, "simu": {"type": "float", "data": 0.002}}, {"type": "dict", "image_number": {"type": "int", "data": 22}, "Hcamera2end": {"type": "ndarray", "data": [[0.9999939439460056, 0.0026337182572263975, -0.002274994385600697, -0.01563727758907521], [0.0022684398157754165, 0.0024890312773498957, 0.9999943294359738, 0.024327878152434562], [0.0026393658547399484, -0.9999934341041655, 0.002483041772283867, 0.03194633769738754], [0.0, 0.0, 0.0, 1.0]]}, "Hobj2base": {"type": "ndarray", "data": [[0.9999970345234394, 0.0023849372339802694, -0.0004929692862344514, -0.7348511035051953], [0.0023859110952413635, -0.9999951846928878, 0.001984444325857443, 0.08760897191681105], [-0.00048823413727444316, -0.0019856146219239487, -0.999997909478815, -0.0023148189336122597], [0.0, 0.0, 0.0, 1.0]]}, "mean_rme": {"type": "float", "data": 0.0018057201975879029}, "max_rme": {"type": "float", "data": 0.006109094379001756}, "simu": {"type": "float", "data": 0.002}}, {"type": "dict", "image_number": {"type": "int", "data": 23}, "Hcamera2end": {"type": "ndarray", "data": [[0.9999948775975467, 0.002449508638132849, -0.002060263599506205, -0.015652672494299177], [0.0020530693446734203, 0.002935915350851692, 0.999993582633068, 0.02444451712458786], [0.0024555416782657065, -0.999992690127525, 0.0029308713008172615, 0.03173689935937293], [0.0, 0.0, 0.0, 1.0]]}, "Hobj2base": {"type": "ndarray", "data": [[0.9999975641740845, 0.0020218719396355393, -0.0008852568878796607, -0.7349128554895898], [0.0020236562270001344, -0.9999959135650018, 0.002019323840395024, 0.08776257408929641], [-0.0008811704561249999, -0.002021110377287334, -0.9999975693227809, -0.0023017847763510246], [0.0, 0.0, 0.0, 1.0]]}, "mean_rme": {"type": "float", "data": 0.0017832522866448612}, "max_rme": {"type": "float", "data": 0.005955274761115292}, "simu": {"type": "float", "data": 0.002}}, {"type": "dict", "image_number": {"type": "int", "data": 24}, "Hcamera2end": {"type": "ndarray", "data": [[0.9999951613145043, 0.0023669495406283365, -0.002018637523355567, -0.015674164165352167], [0.002011806044937294, 0.002885032697832246, 0.9999938145922557, 0.024074046042957584], [0.002372758735340269, -0.9999930370438611, 0.002880256894672528, 0.03183735852066354], [0.0, 0.0, 0.0, 1.0]]}, "Hobj2base": {"type": "ndarray", "data": [[0.9999977352380236, 0.0019962524094869795, -0.0007378991403103303, -0.734804161216149], [0.001997701042700667, -0.9999960686854881, 0.0019676900447141155, 0.08792119282781717], [-0.0007339682334038478, -0.0019691596902465264, -0.9999977918479352, -0.0019867253887245542], [0.0, 0.0, 0.0, 1.0]]}, "mean_rme": {"type": "float", "data": 0.0017522235439628392}, "max_rme": {"type": "float", "data": 0.005948039706034691}, "simu": {"type": "float", "data": 0.002}}, {"type": "dict", "image_number": {"type": "int", "data": 25}, "Hcamera2end": {"type": "ndarray", "data": [[0.9999954769987247, 0.002127188801914745, -0.0021262760625280434, -0.015181216147705623], [0.0021202241739768767, 0.002843238310573093, 0.9999937103029007, 0.024134727687867646], [0.002133220932101342, -0.999993695511982, 0.0028387153334822335, 0.03197875248146997], [0.0, 0.0, 0.0, 1.0]]}, "Hobj2base": {"type": "ndarray", "data": [[0.9999982331726239, 0.001760598038375504, -0.0006587459128165101, -0.734710893977657], [0.0017618258285716604, -0.9999967034264354, 0.0018679148835112533, 0.08844063490691331], [-0.0006554550939323855, -0.0018690721787917672, -0.9999980384719815, -0.0020691150827701122], [0.0, 0.0, 0.0, 1.0]]}, "mean_rme": {"type": "float", "data": 0.0018462510782527753}, "max_rme": {"type": "float", "data": 0.005739673827387104}, "simu": {"type": "float", "data": 0.002}}, {"type": "dict", "image_number": {"type": "int", "data": 26}, "Hcamera2end": {"type": "ndarray", "data": [[0.9999956771036989, 0.0020658652521761533, -0.0020923610287772896, -0.015200718987631503], [0.002086466782169067, 0.0028512057910651256, 0.9999937586214748, 0.024230741443551588], [0.0020718181102113813, -0.9999938013939372, 0.0028468831063730438, 0.03201040768809468], [0.0, 0.0, 0.0, 1.0]]}, "Hobj2base": {"type": "ndarray", "data": [[0.9999983548918203, 0.0017149562232687263, -0.0005908796877068792, -0.7346678934917004], [0.0017160045710658647, -0.9999969464838028, 0.001778300138672724, 0.08834421019138337], [-0.0005878281765565256, -0.0017793111654216746, -0.9999982442533646, -0.0021082850861045555], [0.0, 0.0, 0.0, 1.0]]}, "mean_rme": {"type": "float", "data": 0.001844305462150833}, "max_rme": {"type": "float", "data": 0.00569850926139398}, "simu": {"type": "float", "data": 0.002}}, {"type": "dict", "image_number": {"type": "int", "data": 27}, "Hcamera2end": {"type": "ndarray", "data": [[0.9999950483372212, 0.002257278234765175, -0.0021927143018537583, -0.01488022083693737], [0.0021868054026755084, 0.00261685806794576, 0.999994184951084, 0.02420278250080464], [0.002263003130693329, -0.9999940283565811, 0.002611908881907987, 0.03215835938998666], [0.0, 0.0, 0.0, 1.0]]}, "Hobj2base": {"type": "ndarray", "data": [[0.9999979138353606, 0.0019920716923146863, -0.00045163624663160733, -0.7348327183587267], [0.0019928791829504633, -0.9999964039536366, 0.0017945786014830923, 0.08851508965197113], [-0.00044805969329507706, -0.0017954749141708493, -0.9999982877547058, -0.00222428992381836], [0.0, 0.0, 0.0, 1.0]]}, "mean_rme": {"type": "float", "data": 0.0018555947780459063}, "max_rme": {"type": "float", "data": 0.0056884073547529}, "simu": {"type": "float", "data": 0.002}}, {"type": "dict", "image_number": {"type": "int", "data": 28}, "Hcamera2end": {"type": "ndarray", "data": [[0.9999954686315136, 0.0020442845952075464, -0.0022098907061843497, -0.01510103078229081], [0.0022048878570882003, 0.0024462622749444884, 0.9999945771205063, 0.02419025335226178], [0.002049679481564825, -0.9999949183377765, 0.002441743771748328, 0.03225283203965316], [0.0, 0.0, 0.0, 1.0]]}, "Hobj2base": {"type": "ndarray", "data": [[0.9999981760012324, 0.0018973299677755965, -0.00021939280186925367, -0.7346969875646386], [0.0018977333721499747, -0.9999964817900946, 0.001853379475846525, 0.088362647311409], [-0.00021587555757814108, -0.001853792444326362, -0.999998258424142, -0.002166881367281992], [0.0, 0.0, 0.0, 1.0]]}, "mean_rme": {"type": "float", "data": 0.0018364571113313923}, "max_rme": {"type": "float", "data": 0.005732319706326705}, "simu": {"type": "float", "data": 0.002}}, {"type": "dict", "image_number": {"type": "int", "data": 29}, "Hcamera2end": {"type": "ndarray", "data": [[0.9999954023730245, 0.002061379377446381, -0.0022239487123093364, -0.015007522966859747], [0.0022192383616181375, 0.0022845255908761075, 0.9999949279490963, 0.02419956434958384], [0.002066449589771313, -0.9999952658177369, 0.0022799403952874497, 0.0323688071315891], [0.0, 0.0, 0.0, 1.0]]}, "Hobj2base": {"type": "ndarray", "data": [[0.9999980077481719, 0.0019942223288962673, -8.704590705666049e-05, -0.7347520246392201], [0.00199438495113303, -0.999996187274234, 0.0019099386539360324, 0.08843050540212077], [-8.323673286398651e-05, -0.0019101084519043492, -0.9999981722770037, -0.0021893709981378184], [0.0, 0.0, 0.0, 1.0]]}, "mean_rme": {"type": "float", "data": 0.0018070757448748417}, "max_rme": {"type": "float", "data": 0.005703464082893295}, "simu": {"type": "float", "data": 0.002}}, {"type": "dict", "image_number": {"type": "int", "data": 30}, "Hcamera2end": {"type": "ndarray", "data": [[0.9999956890937809, 0.0019009134037813865, -0.0022379280787189087, -0.015145111649116489], [0.002233838764028674, 0.0021506426076914886, 0.9999951923388184, 0.024177680718528445], [0.0019057172483128474, -0.9999958806238181, 0.0021463870024244214, 0.03249100884466863], [0.0, 0.0, 0.0, 1.0]]}, "Hobj2base": {"type": "ndarray", "data": [[0.9999981342244365, 0.0019295738815846507, 9.106196403794164e-05, -0.7347055772061604], [0.0019293920769368777, -0.9999962256539203, 0.001956048089113846, 0.08832871050129902], [9.48359596424523e-05, -0.001955868745335195, -0.9999980827899579, -0.002133260231075762], [0.0, 0.0, 0.0, 1.0]]}, "mean_rme": {"type": "float", "data": 0.001791246094396516}, "max_rme": {"type": "float", "data": 0.005727671321159089}, "simu": {"type": "float", "data": 0.002}}]}