{"type": "list", "data": [{"type": "dict", "image_number": {"type": "int", "data": 5}, "Hcamera2end": {"type": "ndarray", "data": [[0.9999979653121147, -0.00045543726084170603, -0.0019651840961988796, -0.015856594477795596], [0.0019649180709607446, -0.0005838227206158564, 0.9999978991217962, 0.02736049239473236], [-0.0004565836231490445, -0.9999997258639288, -0.0005829266358148288, 0.03093559298737161], [0.0, 0.0, 0.0, 1.0]]}, "Hobj2base": {"type": "ndarray", "data": [[0.999997858158782, -0.0007686033396097063, 0.0019216989241125338, -0.7328517695773619], [-0.0007724986935803081, -0.9999976470191339, 0.0020271166628300337, 0.09042335320410579], [0.0019201363537549045, -0.002028596830976343, -0.9999960989280312, 0.005917308173303049], [0.0, 0.0, 0.0, 1.0]]}, "mean_rme": {"type": "float", "data": 0.001482172802772817}, "max_rme": {"type": "float", "data": 0.004453019383704793}, "simu": {"type": "float", "data": 0.002}}, {"type": "dict", "image_number": {"type": "int", "data": 6}, "Hcamera2end": {"type": "ndarray", "data": [[0.9999994878948735, 8.315844518760418e-05, -0.0010086102635309473, -0.012332815376395433], [0.0010086760129476772, -0.0007944382042177622, 0.9999991757199806, 0.02846799425876622], [8.235709811524436e-05, -0.9999996809762555, -0.0007945216773108665, 0.031258379597039844], [0.0, 0.0, 0.0, 1.0]]}, "Hobj2base": {"type": "ndarray", "data": [[0.9999969336057899, -0.0001642437202550465, 0.002470992314397558, -0.7326856573883114], [-0.00017086866233022706, -0.9999963912106462, 0.0026811134971530667, 0.0946492841280565], [0.002470543041051602, -0.0026815274909535516, -0.9999933528916067, 0.005233523247680616], [0.0, 0.0, 0.0, 1.0]]}, "mean_rme": {"type": "float", "data": 0.0016991691452946924}, "max_rme": {"type": "float", "data": 0.004266099436176757}, "simu": {"type": "float", "data": 0.002}}, {"type": "dict", "image_number": {"type": "int", "data": 7}, "Hcamera2end": {"type": "ndarray", "data": [[0.9999969796299131, 0.000660205258325506, -0.002367458567344475, -0.01563647319881435], [0.0023675426862632062, -0.00012666086938195598, 0.9999971893453764, 0.030013240891702236], [0.0006599035383561784, -0.9999997740429948, -0.00012822355095010174, 0.031984590908502135], [0.0, 0.0, 0.0, 1.0]]}, "Hobj2base": {"type": "ndarray", "data": [[0.9999984596420105, 0.0001617432462796428, 0.0017477278760018857, -0.7335538619520502], [0.00016003887164304465, -0.999999511598012, 0.0009752903649560633, 0.08985145405695182], [0.0017478847690378108, -0.0009750091582625431, -0.9999979971259816, 0.0048761423285540294], [0.0, 0.0, 0.0, 1.0]]}, "mean_rme": {"type": "float", "data": 0.0019552509990880323}, "max_rme": {"type": "float", "data": 0.004782720280236075}, "simu": {"type": "float", "data": 0.002}}, {"type": "dict", "image_number": {"type": "int", "data": 8}, "Hcamera2end": {"type": "ndarray", "data": [[0.9999967876168255, 0.00043259713633472937, -0.0024975219212757544, -0.015789798577044496], [0.002498121473821576, -0.0013909866280150673, 0.9999959122642966, 0.030131181068965306], [0.00042912134839630093, -0.9999989390073963, -0.0013920628398289558, 0.0322793850494854], [0.0, 0.0, 0.0, 1.0]]}, "Hobj2base": {"type": "ndarray", "data": [[0.9999950662333282, 4.8321541941946e-06, 0.0031412554260645147, -0.7330501792630864], [3.23563601554499e-06, -0.9999998708372713, 0.0005082469592066003, 0.0894986536005952], [0.003141257476259068, -0.0005082342876755014, -0.9999949370868719, 0.004663612406737613], [0.0, 0.0, 0.0, 1.0]]}, "mean_rme": {"type": "float", "data": 0.0018467090036169821}, "max_rme": {"type": "float", "data": 0.004587290759788559}, "simu": {"type": "float", "data": 0.002}}, {"type": "dict", "image_number": {"type": "int", "data": 9}, "Hcamera2end": {"type": "ndarray", "data": [[0.9999988662890408, 0.00031805196988376333, -0.0014718232154886418, -0.015918798620619134], [0.001472327817521074, -0.0015921726893848298, 0.9999976486156978, 0.030065878517289348], [0.00031570782529405047, -0.999998681913667, -0.0015926391610838753, 0.03229400136536265], [0.0, 0.0, 0.0, 1.0]]}, "Hobj2base": {"type": "ndarray", "data": [[0.9999956759950023, -3.287427724424796e-06, 0.002940744887159853, -0.7332837069934041], [-7.281589716172415e-06, -0.9999990776130552, 0.0013582047037936742, 0.089657381476845], [0.002940737709655362, -0.001358220244207475, -0.9999947536359834, 0.004568569064470501], [0.0, 0.0, 0.0, 1.0]]}, "mean_rme": {"type": "float", "data": 0.0019135540431011574}, "max_rme": {"type": "float", "data": 0.004615704994548664}, "simu": {"type": "float", "data": 0.002}}, {"type": "dict", "image_number": {"type": "int", "data": 10}, "Hcamera2end": {"type": "ndarray", "data": [[0.9999994936981863, 8.966802384725235e-05, -0.00100227891155894, -0.017623526944135957], [0.0010023008216260246, -0.0002446361517907114, 0.9999994677729664, 0.029830229978137727], [8.942278246756136e-05, -0.9999999660563987, -0.0002447259022648751, 0.03247959093407278], [0.0, 0.0, 0.0, 1.0]]}, "Hobj2base": {"type": "ndarray", "data": [[0.999998687719174, -0.00020348721319930361, 0.0016072189906786883, -0.7336862070860448], [-0.00020582374971660927, -0.9999989221311909, 0.0014537444895912624, 0.08805959742243145], [0.0016069214398925777, -0.00145407338570952, -0.9999976517342808, 0.004966683249330561], [0.0, 0.0, 0.0, 1.0]]}, "mean_rme": {"type": "float", "data": 0.001999776138321997}, "max_rme": {"type": "float", "data": 0.005457646059132126}, "simu": {"type": "float", "data": 0.002}}, {"type": "dict", "image_number": {"type": "int", "data": 11}, "Hcamera2end": {"type": "ndarray", "data": [[0.9999992700798598, -9.115495725627043e-05, -0.0012047948047072834, -0.01698957247733352], [0.0012046796384635274, -0.0012530906545560327, 0.9999984892542488, 0.02953882926375458], [-9.266453665474257e-05, -0.9999992107269811, -0.0012529799273790498, 0.03466885117331559], [0.0, 0.0, 0.0, 1.0]]}, "Hobj2base": {"type": "ndarray", "data": [[0.9999965439279869, -0.00023460618528229235, 0.0026186049758894327, -0.7352412568551369], [-0.00023745721273007268, -0.9999993793903605, 0.0010885003288611708, 0.08875965107244163], [0.00261834798184811, -0.0010891183735644635, -0.999995979029423, 0.004743707476287637], [0.0, 0.0, 0.0, 1.0]]}, "mean_rme": {"type": "float", "data": 0.0019910633470950445}, "max_rme": {"type": "float", "data": 0.005349738520763481}, "simu": {"type": "float", "data": 0.002}}, {"type": "dict", "image_number": {"type": "int", "data": 12}, "Hcamera2end": {"type": "ndarray", "data": [[0.9999991449378011, -8.545631328952673e-05, -0.0013049217927703495, -0.016238021198967202], [0.0013048756997497985, -0.0005372278915882767, 0.9999990043423049, 0.02964336699077267], [-8.615726858770829e-05, -0.9999998520416947, -0.0005371159223583888, 0.03517825177700299], [0.0, 0.0, 0.0, 1.0]]}, "Hobj2base": {"type": "ndarray", "data": [[0.9999981155227584, -0.00020374392559915908, 0.001930657749244211, -0.7363534019556126], [-0.0002052329274054904, -0.999999681662149, 0.0007710739562911181, 0.08917208348601426], [0.0019305000330079904, -0.0007714687377614914, -0.9999978390004696, 0.00497931502383218], [0.0, 0.0, 0.0, 1.0]]}, "mean_rme": {"type": "float", "data": 0.0019916130660632284}, "max_rme": {"type": "float", "data": 0.004849750843011202}, "simu": {"type": "float", "data": 0.002}}, {"type": "dict", "image_number": {"type": "int", "data": 13}, "Hcamera2end": {"type": "ndarray", "data": [[0.9999993852220223, -0.00036927960652945966, -0.0010455563828700228, -0.016486064831634117], [0.0010452622399825646, -0.0007958284584066444, 0.9999991370415852, 0.02948191130594262], [-0.0003701113713808721, -0.9999996151447447, -0.0007954419751201591, 0.03585973252995488], [0.0, 0.0, 0.0, 1.0]]}, "Hobj2base": {"type": "ndarray", "data": [[0.9999974763379174, -0.0004920466141423835, 0.0021920784488479554, -0.7369157191948646], [-0.0004941179112018946, -0.9999994319215901, 0.0009444596268989979, 0.08928576407861363], [0.002191612485413906, -0.0009455403886263845, -0.9999971513899863, 0.004875136077949999], [0.0, 0.0, 0.0, 1.0]]}, "mean_rme": {"type": "float", "data": 0.0019871316840485674}, "max_rme": {"type": "float", "data": 0.005102327166665366}, "simu": {"type": "float", "data": 0.002}}, {"type": "dict", "image_number": {"type": "int", "data": 14}, "Hcamera2end": {"type": "ndarray", "data": [[0.9999985262263968, -0.0009529669228230112, -0.0014280753055450548, -0.016041418676384863], [0.0014266669487423885, -0.001476912266449082, 0.9999978916735646, 0.029239251740499874], [-0.0009550740555938286, -0.9999984552909074, -0.0014755505234027577, 0.03635149826626423], [0.0, 0.0, 0.0, 1.0]]}, "Hobj2base": {"type": "ndarray", "data": [[0.9999962555068428, -0.0010282035222817635, 0.0025360934150810144, -0.7368461585592417], [-0.0010285926266056658, -0.999999459427128, 0.00015212711901191678, 0.08966115926300167], [0.0025359356264981108, -0.0001547351563600961, -0.9999967725385566, 0.004879142112381107], [0.0, 0.0, 0.0, 1.0]]}, "mean_rme": {"type": "float", "data": 0.001898319039966615}, "max_rme": {"type": "float", "data": 0.005087791507114581}, "simu": {"type": "float", "data": 0.002}}, {"type": "dict", "image_number": {"type": "int", "data": 15}, "Hcamera2end": {"type": "ndarray", "data": [[0.9999981621519806, -0.0009770620338599954, -0.0016495582569654524, -0.016114420684057086], [0.0016487449695436755, -0.0008326019525328743, 0.9999982942055523, 0.029299974458261227], [-0.000978433792618569, -0.9999991760615461, -0.000830989496223733, 0.035982909826180624], [0.0, 0.0, 0.0, 1.0]]}, "Hobj2base": {"type": "ndarray", "data": [[0.9999972417176485, -0.0010550688534709423, 0.0020984248400531176, -0.7367632231821278], [-0.001054128604955135, -0.999999343547787, -0.00044912902280883164, 0.08947394724673473], [0.002098897324580643, 0.0004469157743349261, -0.9999976974455047, 0.005091051361780504], [0.0, 0.0, 0.0, 1.0]]}, "mean_rme": {"type": "float", "data": 0.0018779472464045433}, "max_rme": {"type": "float", "data": 0.005017783322455838}, "simu": {"type": "float", "data": 0.002}}, {"type": "dict", "image_number": {"type": "int", "data": 16}, "Hcamera2end": {"type": "ndarray", "data": [[0.9999995682668712, -0.0004530028260568867, -0.0008113288549076108, -0.01664980670272189], [0.0008111599975867886, -0.0003728105301452622, 0.9999996015158039, 0.029129512728505072], [-0.00045330511748294014, -0.9999998279003592, -0.0003724429114191352, 0.03590023340240177], [0.0, 0.0, 0.0, 1.0]]}, "Hobj2base": {"type": "ndarray", "data": [[0.9999988364917803, -0.0005501870676643984, 0.0014227822307366967, -0.7369619789288309], [-0.0005504536086913433, -0.9999998310246687, 0.00018695309228795255, 0.08924651939658121], [0.001422679131147961, -0.0001877360503797839, -0.9999989703691026, 0.005242461137449174], [0.0, 0.0, 0.0, 1.0]]}, "mean_rme": {"type": "float", "data": 0.001832884528286856}, "max_rme": {"type": "float", "data": 0.005312357617710872}, "simu": {"type": "float", "data": 0.002}}, {"type": "dict", "image_number": {"type": "int", "data": 17}, "Hcamera2end": {"type": "ndarray", "data": [[0.9999996038659975, -0.0005300558354603991, -0.0007150585006775659, -0.016651736417081717], [0.0007148363284399313, -0.00041921976031500385, 0.9999996566318489, 0.02898499639542413], [-0.0005303554201093722, -0.9999997716477756, -0.0004188406910803355, 0.035621953734130206], [0.0, 0.0, 0.0, 1.0]]}, "Hobj2base": {"type": "ndarray", "data": [[0.9999988807405457, -0.0006208776930242127, 0.0013612599113536521, -0.7367631869563351], [-0.000621203802198424, -0.9999997784554553, 0.00023915450336341046, 0.08947708809762327], [0.0013611111240776203, -0.00023999985552018471, -0.9999990448878324, 0.005175100987899541], [0.0, 0.0, 0.0, 1.0]]}, "mean_rme": {"type": "float", "data": 0.001891932560621512}, "max_rme": {"type": "float", "data": 0.005511568747763929}, "simu": {"type": "float", "data": 0.002}}, {"type": "dict", "image_number": {"type": "int", "data": 18}, "Hcamera2end": {"type": "ndarray", "data": [[0.9999997717766566, -0.00044797775646527097, -0.0005057297347082014, -0.01669020576120565], [0.0005055871393754744, -0.0003183650328628662, 0.9999998215126593, 0.028843781307424564], [-0.00044813868317052254, -0.9999998489798065, -0.00031813846841211024, 0.03560186009626114], [0.0, 0.0, 0.0, 1.0]]}, "Hobj2base": {"type": "ndarray", "data": [[0.9999991593386072, -0.0005448883515594596, 0.0011766132598942148, -0.7368406302964945], [-0.000545347041522861, -0.9999997754222902, 0.0003895535573152343, 0.0895194185921008], [0.0011764007324574137, -0.00039019489239289803, -0.9999992319143367, 0.005156970860664072], [0.0, 0.0, 0.0, 1.0]]}, "mean_rme": {"type": "float", "data": 0.0018566042226239837}, "max_rme": {"type": "float", "data": 0.005685889199657179}, "simu": {"type": "float", "data": 0.002}}, {"type": "dict", "image_number": {"type": "int", "data": 19}, "Hcamera2end": {"type": "ndarray", "data": [[0.9999997587625523, -0.0004013095129440256, -0.0005669440112941887, -0.016549545136481998], [0.0005668102091115656, -0.0003334491788098415, 0.9999997837688925, 0.02891718909153301], [-0.0004014984731834225, -0.9999998638811507, -0.00033322163204041466, 0.035503674465162546], [0.0, 0.0, 0.0, 1.0]]}, "Hobj2base": {"type": "ndarray", "data": [[0.9999991909569985, -0.0004897761982120219, 0.0011739696010263539, -0.736670861132708], [-0.0004901527977824641, -0.999999828506855, 0.0003205253429757383, 0.08950203361613282], [0.0011738124140147014, -0.00032110050814140737, -0.999999259529166, 0.0051647174132843626], [0.0, 0.0, 0.0, 1.0]]}, "mean_rme": {"type": "float", "data": 0.0018410322953325909}, "max_rme": {"type": "float", "data": 0.005557406211735949}, "simu": {"type": "float", "data": 0.002}}, {"type": "dict", "image_number": {"type": "int", "data": 20}, "Hcamera2end": {"type": "ndarray", "data": [[0.9999996032853509, -0.0006903133693255849, -0.0005629356917256593, -0.016183759979863266], [0.0005627487804334511, -0.00027092731217503996, 0.9999998049560818, 0.02908918756793647], [-0.0006904657493380473, -0.9999997250328839, -0.00027053873168769726, 0.03494022170593941], [0.0, 0.0, 0.0, 1.0]]}, "Hobj2base": {"type": "ndarray", "data": [[0.9999990986524988, -0.0007730741782689543, 0.0010977479241082557, -0.7360239124294732], [-0.0007734482489163173, -0.9999996429601621, 0.00034037825241114414, 0.08968822484781805], [0.0010974843945307311, -0.0003412269968217099, -0.9999993395458522, 0.005277419692034119], [0.0, 0.0, 0.0, 1.0]]}, "mean_rme": {"type": "float", "data": 0.001968128979014175}, "max_rme": {"type": "float", "data": 0.00524597988601927}, "simu": {"type": "float", "data": 0.002}}, {"type": "dict", "image_number": {"type": "int", "data": 21}, "Hcamera2end": {"type": "ndarray", "data": [[0.9999996895587437, -0.0006004490657916442, -0.0005102385084329951, -0.016182627150729035], [0.0005100559949808692, -0.00030407547458088935, 0.999999823690478, 0.029097635058389568], [-0.0006006041109433579, -0.9999997734994867, -0.00030376911753760005, 0.034976630845827375], [0.0, 0.0, 0.0, 1.0]]}, "Hobj2base": {"type": "ndarray", "data": [[0.9999991596092376, -0.0006865147669114127, 0.0010997628350281662, -0.7359890963743647], [-0.0006868451072306685, -0.9999997191144718, 0.00030002462578846204, 0.08963674190156622], [0.0010995565547846607, -0.0003007797403728913, -0.9999993502532543, 0.0052398652353879815], [0.0, 0.0, 0.0, 1.0]]}, "mean_rme": {"type": "float", "data": 0.0019109237581785726}, "max_rme": {"type": "float", "data": 0.005281580878045866}, "simu": {"type": "float", "data": 0.002}}, {"type": "dict", "image_number": {"type": "int", "data": 22}, "Hcamera2end": {"type": "ndarray", "data": [[0.9999997554858153, -8.135822430386331e-05, -0.0006945568003227557, -0.016311903730791676], [0.0006945417467345307, -0.00018491082464566766, 0.999999741709841, 0.02882608303104856], [-8.148663436054562e-05, -0.9999999795944128, -0.0001848542727489466, 0.034972652707261596], [0.0, 0.0, 0.0, 1.0]]}, "Hobj2base": {"type": "ndarray", "data": [[0.999999411719707, -0.00011074813196550961, 0.0010790250651986433, -0.7360687737696421], [-0.00011091109903645897, -0.9999999824529244, 0.0001509731077575977, 0.0892582560003179], [0.0010790083262752475, -0.0001510926947989627, -0.9999994064558386, 0.005391111181518902], [0.0, 0.0, 0.0, 1.0]]}, "mean_rme": {"type": "float", "data": 0.0018958586348205523}, "max_rme": {"type": "float", "data": 0.005381679347539303}, "simu": {"type": "float", "data": 0.002}}, {"type": "dict", "image_number": {"type": "int", "data": 23}, "Hcamera2end": {"type": "ndarray", "data": [[0.9999996236527031, -0.0003782174173385419, -0.0007807983333530703, -0.016189050501272825], [0.0007807643105945624, -9.009485544608786e-05, 0.9999996911449565, 0.030150141327077693], [-0.00037828764643716117, -0.9999999244172482, -8.979952287790915e-05, 0.034883141560746504], [0.0, 0.0, 0.0, 1.0]]}, "Hobj2base": {"type": "ndarray", "data": [[0.9999993648226739, -0.00044292068862384064, 0.0010364243880922129, -0.7361232035856652], [-0.00044307161386441477, -0.9999998912737671, 0.00014539600800653066, 0.0891820574026202], [0.0010363598765057039, -0.00014585512588056353, -0.9999994523420945, 0.004094998778922899], [0.0, 0.0, 0.0, 1.0]]}, "mean_rme": {"type": "float", "data": 0.0018688210232722154}, "max_rme": {"type": "float", "data": 0.00544989561253284}, "simu": {"type": "float", "data": 0.002}}, {"type": "dict", "image_number": {"type": "int", "data": 24}, "Hcamera2end": {"type": "ndarray", "data": [[0.9999998335029263, -8.968426947149124e-05, -0.000570044604874225, -0.016387462188153616], [0.0005700310396513155, -0.00015120824329772908, 0.9999998261003255, 0.030072610008323376], [-8.977044931873036e-05, -0.9999999845463995, -0.0001511570953045549, 0.03483165832831192], [0.0, 0.0, 0.0, 1.0]]}, "Hobj2base": {"type": "ndarray", "data": [[0.9999994464136049, -0.000174973611423999, 0.0010375725126330459, -0.7359772610889107], [-0.00017531336046344245, -0.9999999310489642, 0.00032736415896561716, 0.08910649596483988], [0.0010375151610022013, -0.0003275458780651867, -0.9999994081378192, 0.004062914809450408], [0.0, 0.0, 0.0, 1.0]]}, "mean_rme": {"type": "float", "data": 0.0018814948605571412}, "max_rme": {"type": "float", "data": 0.005608756119414804}, "simu": {"type": "float", "data": 0.002}}, {"type": "dict", "image_number": {"type": "int", "data": 25}, "Hcamera2end": {"type": "ndarray", "data": [[0.999999885728957, -5.5505782296736686e-06, -0.0004780285179460819, -0.016475836174502854], [0.00047802822237118714, -5.313096524317551e-05, 0.9999998843330531, 0.030001285895454494], [-5.575975704227306e-06, -0.999999998573146, -5.3128305838701095e-05, 0.034766657374075215], [0.0, 0.0, 0.0, 1.0]]}, "Hobj2base": {"type": "ndarray", "data": [[0.9999995545536805, -0.00010068920344960663, 0.000938485015744253, -0.7359475107057505], [-0.00010103111424498179, -0.9999999285457488, 0.00036428177368145516, 0.0890508149652568], [0.0009384482694438861, -0.00036437642760032274, -0.9999994932722036, 0.0040463153918089655], [0.0, 0.0, 0.0, 1.0]]}, "mean_rme": {"type": "float", "data": 0.0018459324321845336}, "max_rme": {"type": "float", "data": 0.005741407057790471}, "simu": {"type": "float", "data": 0.002}}, {"type": "dict", "image_number": {"type": "int", "data": 26}, "Hcamera2end": {"type": "ndarray", "data": [[0.9999998366865229, 3.4577399986541926e-05, -0.0005704658893386431, -0.016246244973946288], [0.0005704667004688393, -2.345307038242872e-05, 0.9999998370088353, 0.03008756810300552], [3.456401517407782e-05, -0.9999999991271785, -2.3472791807588322e-05, 0.03466828185161451], [0.0, 0.0, 0.0, 1.0]]}, "Hobj2base": {"type": "ndarray", "data": [[0.9999995949215951, -5.31515263953661e-05, 0.000898516310962206, -0.7357860723961349], [-5.3416203309192586e-05, -0.9999999551936081, 0.0002945496418654544, 0.08917260056840143], [0.0008985006149398674, -0.0002945975178796983, -0.9999995529543739, 0.00408347241783743], [0.0, 0.0, 0.0, 1.0]]}, "mean_rme": {"type": "float", "data": 0.001850760057339008}, "max_rme": {"type": "float", "data": 0.005543633467995468}, "simu": {"type": "float", "data": 0.002}}, {"type": "dict", "image_number": {"type": "int", "data": 27}, "Hcamera2end": {"type": "ndarray", "data": [[0.9999997987461864, 7.598828731479617e-05, -0.000629867737560725, -0.01631749161054897], [0.0006298747928432744, -9.285879809639574e-05, 0.9999997973174742, 0.030076739235006734], [7.592978315222864e-05, -0.9999999928015121, -9.290664251504488e-05, 0.0346571965038173], [0.0, 0.0, 0.0, 1.0]]}, "Hobj2base": {"type": "ndarray", "data": [[0.9999995744082375, -1.6203661515995618e-05, 0.0009224536765063166, -0.7358256728832573], [-1.6389565738061112e-05, -0.9999999795595056, 0.000201525109332578, 0.08906444125552422], [0.0009224503922062493, -0.00020154014218032293, -0.9999995542333227, 0.004009422225578281], [0.0, 0.0, 0.0, 1.0]]}, "mean_rme": {"type": "float", "data": 0.0018357287904855826}, "max_rme": {"type": "float", "data": 0.005666917415011463}, "simu": {"type": "float", "data": 0.002}}, {"type": "dict", "image_number": {"type": "int", "data": 28}, "Hcamera2end": {"type": "ndarray", "data": [[0.9999997958822949, -4.523379115723141e-05, -0.0006373297989427098, -0.01640668711503941], [0.0006373312354220556, 3.174946878747864e-05, 0.9999997964004133, 0.02993547511337104], [-4.5213547065091255e-05, -0.999999998472938, 3.177829121492337e-05, 0.034658787405312995], [0.0, 0.0, 0.0, 1.0]]}, "Hobj2base": {"type": "ndarray", "data": [[0.999999716529832, -0.000117698742066131, 0.0007436983674846034, -0.7358366965928014], [-0.00011779416009226452, -0.9999999848370114, 0.0001282595523108028, 0.08898100343912496], [0.0007436832602199486, -0.00012834711927760581, -0.9999997152310722, 0.003975452128582853], [0.0, 0.0, 0.0, 1.0]]}, "mean_rme": {"type": "float", "data": 0.0018355889535904446}, "max_rme": {"type": "float", "data": 0.0059202611815049044}, "simu": {"type": "float", "data": 0.002}}, {"type": "dict", "image_number": {"type": "int", "data": 29}, "Hcamera2end": {"type": "ndarray", "data": [[0.9999998344928066, -0.00020975524775989455, -0.0005357397645537554, -0.01663980873096048], [0.000535757612036575, 8.504024012834233e-05, 0.9999998528659586, 0.02992150077981868], [-0.0002097096574595332, -0.9999999743854466, 8.515260402419678e-05, 0.03457959209021456], [0.0, 0.0, 0.0, 1.0]]}, "Hobj2base": {"type": "ndarray", "data": [[0.9999997329866738, -0.00027226768609466326, 0.0006781569790379929, -0.7356265581108316], [-0.0002723773418454522, -0.9999999498464589, 0.00016160959923002726, 0.08892519036748009], [0.0006781129439543863, -0.00016179427067341493, -0.9999997569926948, 0.004096505698805072], [0.0, 0.0, 0.0, 1.0]]}, "mean_rme": {"type": "float", "data": 0.0018792235505938476}, "max_rme": {"type": "float", "data": 0.00592964528399198}, "simu": {"type": "float", "data": 0.002}}, {"type": "dict", "image_number": {"type": "int", "data": 30}, "Hcamera2end": {"type": "ndarray", "data": [[0.9999998212211564, -0.00029768691997535747, -0.0005185944012587859, -0.016721714191561203], [0.000518629994776604, 0.00011950221300682795, 0.9999998583710649, 0.02989031917084455], [-0.0002976249046356725, -0.999999948550858, 0.0001196565810080985, 0.03458076343575956], [0.0, 0.0, 0.0, 1.0]]}, "Hobj2base": {"type": "ndarray", "data": [[0.9999997315612779, -0.00034773384577364754, 0.0006449484821978522, -0.7355723405185715], [-0.0003478337604674419, -0.9999999275222746, 0.0001548131788171443, 0.08887949581609862], [0.0006448946016714067, -0.00015503747211516303, -0.9999997800371432, 0.004126853422922082], [0.0, 0.0, 0.0, 1.0]]}, "mean_rme": {"type": "float", "data": 0.0018384841706061408}, "max_rme": {"type": "float", "data": 0.005974037733804116}, "simu": {"type": "float", "data": 0.002}}]}