{"type": "list", "data": [{"type": "dict", "image_number": {"type": "int", "data": 5}, "Hcamera2end": {"type": "ndarray", "data": [[0.9999840612245623, 0.002306926030379114, -0.005153192129272246, -0.0187160050630431], [0.005150846326762457, 0.0010216411867119968, 0.9999862124206531, 0.025479485951755976], [0.0023121589367757272, -0.9999968171657228, 0.0010097422815328327, 0.04190740977384771], [0.0, 0.0, 0.0, 1.0]]}, "Hobj2base": {"type": "ndarray", "data": [[0.9999971310386271, 0.0016936988281308271, -0.0016939004677258816, -0.7440896046195331], [0.0016905774745414363, -0.9999968736777809, -0.001842439270811876, 0.08296667879737044], [-0.001697015709281089, 0.0018395703149499234, -0.9999968680544649, 0.004125986031542972], [0.0, 0.0, 0.0, 1.0]]}, "mean_rme": {"type": "float", "data": 0.0017429715347859363}, "max_rme": {"type": "float", "data": 0.0056086922931561645}, "simu": {"type": "float", "data": 0.002}}, {"type": "dict", "image_number": {"type": "int", "data": 6}, "Hcamera2end": {"type": "ndarray", "data": [[0.9999968620686839, -0.001143759692482119, -0.00222882627217079, -0.013663739486109296], [0.0022303125952939313, 0.0012998805680889403, 0.999996668002567, 0.025025388230847517], [-0.0011408586735169183, -0.9999985010610141, 0.001302427430801223, 0.04170636319055326], [0.0, 0.0, 0.0, 1.0]]}, "Hobj2base": {"type": "ndarray", "data": [[0.9999990346498111, -0.0013850274517816683, -0.0001113481198730119, -0.7441493552477493], [-0.001384908047199084, -0.9999984735040188, 0.0010653728605930421, 0.089598008308642], [-0.00011282352055885897, -0.0010652176252278973, -0.999999426290967, 0.0010224864414959771], [0.0, 0.0, 0.0, 1.0]]}, "mean_rme": {"type": "float", "data": 0.0018419436573683344}, "max_rme": {"type": "float", "data": 0.0047297771344697315}, "simu": {"type": "float", "data": 0.002}}, {"type": "dict", "image_number": {"type": "int", "data": 7}, "Hcamera2end": {"type": "ndarray", "data": [[0.9999984160400386, -0.0016133672755870546, 0.0007516405044016192, -0.013660488711692256], [-0.0007503945171236539, 0.0007727563638222357, 0.9999994198776673, 0.02411957981633389], [-0.00161394717461975, -0.9999983999455381, 0.0007715444778494396, 0.04140022178417584], [0.0, 0.0, 0.0, 1.0]]}, "Hobj2base": {"type": "ndarray", "data": [[0.9999989399697635, -0.0014178081348231943, 0.0003314806812104523, -0.743820919315225], [-0.001418738626191306, -0.9999950063794161, 0.002823897473411821, 0.0910718268586592], [0.00032747528111198984, -0.002824364764441384, -0.9999959578536386, 0.00068145041386658], [0.0, 0.0, 0.0, 1.0]]}, "mean_rme": {"type": "float", "data": 0.0019040107942484255}, "max_rme": {"type": "float", "data": 0.005095082581898502}, "simu": {"type": "float", "data": 0.002}}, {"type": "dict", "image_number": {"type": "int", "data": 8}, "Hcamera2end": {"type": "ndarray", "data": [[0.9999986724105073, -0.001392732243102168, -0.0008458570339136935, -0.014056874579523596], [0.000846453338114186, 0.00042762046945366006, 0.999999550328639, 0.02455109191390325], [-0.0013923699110484323, -0.9999989387182533, 0.0004287987846054442, 0.03646444304460655], [0.0, 0.0, 0.0, 1.0]]}, "Hobj2base": {"type": "ndarray", "data": [[0.9999992613791467, -0.0010311195437332403, 0.0006434544641182949, -0.7385081584037776], [-0.0010320631594543496, -0.9999983900868332, 0.001467879210321312, 0.0905116317055483], [0.000641939869270879, -0.0014685422117623201, -0.9999987156476633, -0.00030646945242465695], [0.0, 0.0, 0.0, 1.0]]}, "mean_rme": {"type": "float", "data": 0.002414913789420342}, "max_rme": {"type": "float", "data": 0.005904360096899236}, "simu": {"type": "float", "data": 0.002}}, {"type": "dict", "image_number": {"type": "int", "data": 9}, "Hcamera2end": {"type": "ndarray", "data": [[0.9999985125768641, -0.0013501949883203503, -0.0010732276332871273, -0.014593703547043112], [0.0010735952765614353, 0.00027159371371954233, 0.9999993868148304, 0.024319851979927642], [-0.0013499026785222165, -0.9999990516047242, 0.0002730428727066858, 0.03587880395600134], [0.0, 0.0, 0.0, 1.0]]}, "Hobj2base": {"type": "ndarray", "data": [[0.9999992528736733, -0.0008927922998839547, 0.000834969463199363, -0.7376944368015457], [-0.0008938430875979738, -0.9999988080451172, 0.0012589491170486107, 0.08992697935708861], [0.0008338444878757877, -0.0012596945081376177, -0.999998858935907, -1.1501805592124054e-05], [0.0, 0.0, 0.0, 1.0]]}, "mean_rme": {"type": "float", "data": 0.0022236234099505996}, "max_rme": {"type": "float", "data": 0.005734979630163589}, "simu": {"type": "float", "data": 0.002}}, {"type": "dict", "image_number": {"type": "int", "data": 10}, "Hcamera2end": {"type": "ndarray", "data": [[0.9999994678542662, -0.0008458742216413179, -0.000590582750843824, -0.015787147951953247], [0.0005908099429375448, 0.00026836381923855956, 0.9999997894622137, 0.024260472392950722], [-0.0008457155525102391, -0.9999996062387533, 0.00026886342733045687, 0.03584400555789104], [0.0, 0.0, 0.0, 1.0]]}, "Hobj2base": {"type": "ndarray", "data": [[0.9999995736194291, -0.0004287669813800318, 0.0008178751956442191, -0.7381324657886715], [-0.0004301640435176401, -0.9999984475647179, 0.0017087501423816065, 0.088928082819282], [0.0008171412703054276, -0.0017091012343049964, -0.9999982056249475, 7.815755702664796e-05], [0.0, 0.0, 0.0, 1.0]]}, "mean_rme": {"type": "float", "data": 0.0022432792574119003}, "max_rme": {"type": "float", "data": 0.005937508492786875}, "simu": {"type": "float", "data": 0.002}}, {"type": "dict", "image_number": {"type": "int", "data": 11}, "Hcamera2end": {"type": "ndarray", "data": [[0.999999153125031, -0.0011569870874504663, -0.0005959279321604385, -0.015127457347371347], [0.0005961792013045415, 0.00021684267119836953, 0.9999997987747878, 0.024054108992519325], [-0.0011568576320308424, -0.9999993071798278, 0.00021753225919751706, 0.03432006868162091], [0.0, 0.0, 0.0, 1.0]]}, "Hobj2base": {"type": "ndarray", "data": [[0.9999993331220915, -0.0006513000141827842, 0.0009537104716313337, -0.7363834754217556], [-0.0006528997786113599, -0.9999983789144042, 0.0016780615132292007, 0.08922064894577449], [0.0009526160040976601, -0.001678683071522836, -0.9999981372712121, 0.0001341308641791676], [0.0, 0.0, 0.0, 1.0]]}, "mean_rme": {"type": "float", "data": 0.002206467539087541}, "max_rme": {"type": "float", "data": 0.005639635062577281}, "simu": {"type": "float", "data": 0.002}}, {"type": "dict", "image_number": {"type": "int", "data": 12}, "Hcamera2end": {"type": "ndarray", "data": [[0.9999991526828356, -0.0011258128156973715, -0.0006535894085678756, -0.015306045204116235], [0.0006539903170576355, 0.00035577449675883166, 0.999999722860548, 0.02429280848889591], [-0.0011255799732473046, -0.9999993029847629, 0.00035651046598528247, 0.03371395912788091], [0.0, 0.0, 0.0, 1.0]]}, "Hobj2base": {"type": "ndarray", "data": [[0.9999994054819842, -0.0006671458148433438, 0.000862526602463761, -0.7358205428065174], [-0.0006684796023419757, -0.9999985799462114, 0.0015470102076802447, 0.08928198356768198], [0.0008614932962440173, -0.0015475858693950297, -0.9999984314024088, -7.314156513864763e-05], [0.0, 0.0, 0.0, 1.0]]}, "mean_rme": {"type": "float", "data": 0.0021789580930899888}, "max_rme": {"type": "float", "data": 0.005789919094793705}, "simu": {"type": "float", "data": 0.002}}, {"type": "dict", "image_number": {"type": "int", "data": 13}, "Hcamera2end": {"type": "ndarray", "data": [[0.9999989307643333, -0.0010892765647337794, -0.0009756775879582037, -0.015063123803087606], [0.000976195056447244, 0.00047462647067886277, 0.9999994108862892, 0.02430758078816088], [-0.001088812840615927, -0.9999992941028905, 0.0004756893095888559, 0.033268082061205496], [0.0, 0.0, 0.0, 1.0]]}, "Hobj2base": {"type": "ndarray", "data": [[0.999999471321252, -0.0006487942620810678, 0.0007977613816436637, -0.735481214591332], [-0.0006497584109906329, -0.9999990581828524, 0.001208903393739239, 0.08939383652367251], [0.0007969763007130466, -0.0012094211067853926, -0.9999989510641312, -0.00016200699906039512], [0.0, 0.0, 0.0, 1.0]]}, "mean_rme": {"type": "float", "data": 0.0020560501052782087}, "max_rme": {"type": "float", "data": 0.005935153613753907}, "simu": {"type": "float", "data": 0.002}}, {"type": "dict", "image_number": {"type": "int", "data": 14}, "Hcamera2end": {"type": "ndarray", "data": [[0.999998797729761, -0.0011867543513655139, -0.0009980747177561345, -0.014942862482184311], [0.0009984805797671713, 0.00034144999853913394, 0.9999994432240603, 0.02456166645182669], [-0.0011864128979983248, -0.9999992375127135, 0.00034263453919680664, 0.03365017081052025], [0.0, 0.0, 0.0, 1.0]]}, "Hobj2base": {"type": "ndarray", "data": [[0.9999993100000958, -0.0007020269989976151, 0.0009418903465539443, -0.7356391429719987], [-0.0007030563954894079, -0.9999991555100052, 0.001093019204932874, 0.08961258970366806], [0.0009411222221446841, -0.0010936806527817218, -0.9999989590752552, -0.00041532551965053503], [0.0, 0.0, 0.0, 1.0]]}, "mean_rme": {"type": "float", "data": 0.0020364852523574862}, "max_rme": {"type": "float", "data": 0.005781060176627273}, "simu": {"type": "float", "data": 0.002}}, {"type": "dict", "image_number": {"type": "int", "data": 15}, "Hcamera2end": {"type": "ndarray", "data": [[0.9999994095934016, -0.0007220649658065952, -0.0008120560531183571, -0.01526907335449788], [0.0008120534208521657, -3.938640304790297e-06, 0.9999996702768101, 0.02355414916801233], [-0.000722067926121732, -0.9999997393033022, -3.3522826539122974e-06, 0.03369875624559795], [0.0, 0.0, 0.0, 1.0]]}, "Hobj2base": {"type": "ndarray", "data": [[0.9999997752204036, -0.00019357486611946173, 0.000641940739821372, -0.7358210235059703], [-0.00019404426711100163, -0.9999997138173722, 0.0007312400397618173, 0.08983899490057747], [0.0006417990064162863, -0.0007313644403143637, -0.9999995265999331, 0.0006619565487966679], [0.0, 0.0, 0.0, 1.0]]}, "mean_rme": {"type": "float", "data": 0.0020846041727693204}, "max_rme": {"type": "float", "data": 0.00577045904368767}, "simu": {"type": "float", "data": 0.002}}, {"type": "dict", "image_number": {"type": "int", "data": 16}, "Hcamera2end": {"type": "ndarray", "data": [[0.9999993297309914, -0.0008114223326771581, -0.0008259124445163653, -0.015380329206083964], [0.0008257618853737173, -0.00018586716828727923, 0.999999641785288, 0.023821907306470814], [-0.0008115755520210565, -0.9999996535235368, -0.00018519700207098033, 0.03407281740953474], [0.0, 0.0, 0.0, 1.0]]}, "Hobj2base": {"type": "ndarray", "data": [[0.9999996391133052, -0.00022566975522342772, 0.0008190521477501814, -0.7361379502873098], [-0.00022619793871728847, -0.9999997665102942, 0.000644836296504153, 0.08980966705367995], [0.0008189064364607451, -0.0006450213316988363, -0.9999994566697172, 0.0005385649514114826], [0.0, 0.0, 0.0, 1.0]]}, "mean_rme": {"type": "float", "data": 0.002076489536024129}, "max_rme": {"type": "float", "data": 0.005583485885069794}, "simu": {"type": "float", "data": 0.002}}, {"type": "dict", "image_number": {"type": "int", "data": 17}, "Hcamera2end": {"type": "ndarray", "data": [[0.9999993672128984, -0.0007590812003262602, -0.0008302828037500845, -0.015352201439995185], [0.000830077784185664, -0.0002703642729453559, 0.9999996189369436, 0.02380553236264126], [-0.0007593053898750328, -0.9999996753493929, -0.00026973400542162906, 0.0340917774093166], [0.0, 0.0, 0.0, 1.0]]}, "Hobj2base": {"type": "ndarray", "data": [[0.9999996139586279, -0.00015751920595831608, 0.000864447971252147, -0.7361325538539693], [-0.00015814047039170242, -0.9999997292581215, 0.0007186621431571409, 0.08986846327493539], [0.0008643345341197367, -0.0007187985699326241, -0.9999993681270152, 0.000557921415955336], [0.0, 0.0, 0.0, 1.0]]}, "mean_rme": {"type": "float", "data": 0.001979337356503476}, "max_rme": {"type": "float", "data": 0.005550230778177123}, "simu": {"type": "float", "data": 0.002}}, {"type": "dict", "image_number": {"type": "int", "data": 18}, "Hcamera2end": {"type": "ndarray", "data": [[0.9999992893925269, -0.0007126826087799037, -0.000955666228538356, -0.015209852058615261], [0.0009554094768159061, -0.0003605144372036406, 0.9999994786109, 0.023888951405173983], [-0.0007130267686674963, -0.9999996810563688, -0.0003598332773011581, 0.03344365821262227], [0.0, 0.0, 0.0, 1.0]]}, "Hobj2base": {"type": "ndarray", "data": [[0.9999995712385213, -6.421659913574304e-05, 0.0009237959741353622, -0.7355343497263672], [-6.481237251224077e-05, -0.9999997899495205, 0.0006449033042540877, 0.09003247273156147], [0.0009237543665946039, -0.0006449629011531944, -0.9999993653501622, 0.00025414920662213277], [0.0, 0.0, 0.0, 1.0]]}, "mean_rme": {"type": "float", "data": 0.001969911218958973}, "max_rme": {"type": "float", "data": 0.00591254806341629}, "simu": {"type": "float", "data": 0.002}}, {"type": "dict", "image_number": {"type": "int", "data": 19}, "Hcamera2end": {"type": "ndarray", "data": [[0.9999991838017754, -0.0007970148856851517, -0.0009985805199832318, -0.015105648372085521], [0.000998377702909777, -0.0002548281806007413, 0.9999994691521394, 0.02385259441854687], [-0.0007972689290485954, -0.999999649914874, -0.0002540322507196269, 0.033365235026056775], [0.0, 0.0, 0.0, 1.0]]}, "Hobj2base": {"type": "ndarray", "data": [[0.9999996019826531, -0.00018647062807311147, 0.0008725040057896402, -0.7354546885482024], [-0.00018708338587338261, -0.9999997359089399, 0.0007022690772743902, 0.09012234617434066], [0.0008723728228132169, -0.0007024320287627064, -0.9999993727772545, 0.0002809203464108009], [0.0, 0.0, 0.0, 1.0]]}, "mean_rme": {"type": "float", "data": 0.001884399345270534}, "max_rme": {"type": "float", "data": 0.0058989768695763}, "simu": {"type": "float", "data": 0.002}}, {"type": "dict", "image_number": {"type": "int", "data": 20}, "Hcamera2end": {"type": "ndarray", "data": [[0.9999993739812312, -0.0006890662880566817, -0.0008816035370194451, -0.015110817615847458], [0.0008815460339062318, -8.37500387427248e-05, 0.9999996079311838, 0.023691599137717206], [-0.0006891398522256588, -0.9999997590867619, -8.314254266039711e-05, 0.03253435967179485], [0.0, 0.0, 0.0, 1.0]]}, "Hobj2base": {"type": "ndarray", "data": [[0.9999997336834848, -0.00017104433136124446, 0.0007094905186456629, -0.7347973623787645], [-0.0001716686750259006, -0.9999995980461953, 0.0008800212010789052, 0.09003818040261505], [0.0007093397108253271, -0.0008801427640120049, -0.9999993610927409, 0.0006771220268849104], [0.0, 0.0, 0.0, 1.0]]}, "mean_rme": {"type": "float", "data": 0.001911385739507508}, "max_rme": {"type": "float", "data": 0.005899791289112721}, "simu": {"type": "float", "data": 0.002}}, {"type": "dict", "image_number": {"type": "int", "data": 21}, "Hcamera2end": {"type": "ndarray", "data": [[0.9999994045347669, -0.000756356864852761, -0.0007866729973210688, -0.015289167831651431], [0.0007865934056604937, -0.00010552201578106768, 0.9999996850679094, 0.023786306717404723], [-0.0007564396379721506, -0.9999997083946559, -0.00010492700762410045, 0.032437961683549295], [0.0, 0.0, 0.0, 1.0]]}, "Hobj2base": {"type": "ndarray", "data": [[0.9999997137146874, -0.00025873922443461853, 0.0007110728211679447, -0.7346013408146476], [-0.0002594156933729816, -0.999999513762893, 0.0009514081538948272, 0.09004472827783565], [0.0007108263088100939, -0.0009515923449695883, -0.9999992945987348, 0.0006368104950149532], [0.0, 0.0, 0.0, 1.0]]}, "mean_rme": {"type": "float", "data": 0.0018811549195856948}, "max_rme": {"type": "float", "data": 0.005966902571109267}, "simu": {"type": "float", "data": 0.002}}, {"type": "dict", "image_number": {"type": "int", "data": 22}, "Hcamera2end": {"type": "ndarray", "data": [[0.9999994725373289, -0.0006771590617521576, -0.0007722568672276185, -0.015353725572434803], [0.0007722777074380523, 3.0515008193732207e-05, 0.9999997013279438, 0.02377225254347231], [-0.0006771352940790373, -0.9999997702621932, 3.1037946946033124e-05, 0.03254779653745241], [0.0, 0.0, 0.0, 1.0]]}, "Hobj2base": {"type": "ndarray", "data": [[0.9999998112318744, -0.00026439234625700474, 0.0005546466468367437, -0.7347516499660927], [-0.0002649040915132921, -0.9999995391509031, 0.0009227804742560362, 0.09000699478790491], [0.0005544024151336686, -0.0009229272282305869, -0.9999994204214786, 0.0008378645258426384], [0.0, 0.0, 0.0, 1.0]]}, "mean_rme": {"type": "float", "data": 0.0018549843531188552}, "max_rme": {"type": "float", "data": 0.005811942245721069}, "simu": {"type": "float", "data": 0.002}}, {"type": "dict", "image_number": {"type": "int", "data": 23}, "Hcamera2end": {"type": "ndarray", "data": [[0.9999996244847519, -0.0004921714973574033, -0.0007133004784011475, -0.015416722125896377], [0.0007132810939731644, -3.955991951021254e-05, 0.9999997448325145, 0.02354993108890859], [-0.0004921995898807517, -0.9999998781011078, -3.9208848030769516e-05, 0.03254131481342109], [0.0, 0.0, 0.0, 1.0]]}, "Hobj2base": {"type": "ndarray", "data": [[0.9999998988176404, -9.427018918090009e-05, 0.0004398611603607433, -0.7347878057357597], [-9.462986304280887e-05, -0.9999996611654423, 0.0008177494660787932, 0.09003562336650277], [0.00043978392192371187, -0.0008177910073383355, -0.9999995689038921, 0.001089300072291828], [0.0, 0.0, 0.0, 1.0]]}, "mean_rme": {"type": "float", "data": 0.0018120076463493616}, "max_rme": {"type": "float", "data": 0.005808667412127211}, "simu": {"type": "float", "data": 0.002}}, {"type": "dict", "image_number": {"type": "int", "data": 24}, "Hcamera2end": {"type": "ndarray", "data": [[0.9999995942252989, -0.00037176525009335914, -0.0008205728707576034, -0.01557252596826905], [0.0008205846567021431, 3.1551229327742014e-05, 0.9999996628226138, 0.02468520023502556], [-0.0003717392346596983, -0.9999999303975571, 3.185628138524521e-05, 0.03250260889336075], [0.0, 0.0, 0.0, 1.0]]}, "Hobj2base": {"type": "ndarray", "data": [[0.9999999484915386, -4.886647624368386e-05, 0.0003172207237091996, -0.7348547218962201], [-4.909146685128513e-05, -0.9999997472511941, 0.0007092866673021641, 0.08929564477325586], [0.0003171859831919627, -0.0007093022035985418, -0.9999996981416728, 0.000255072551423816], [0.0, 0.0, 0.0, 1.0]]}, "mean_rme": {"type": "float", "data": 0.0018279211037575997}, "max_rme": {"type": "float", "data": 0.005846949483701569}, "simu": {"type": "float", "data": 0.002}}, {"type": "dict", "image_number": {"type": "int", "data": 25}, "Hcamera2end": {"type": "ndarray", "data": [[0.9999994396346298, -0.0004610456212360838, -0.0009529781537804597, -0.015460318889261691], [0.0009530408518152768, 0.0001357903767232882, 0.999999536636947, 0.024669420769158894], [-0.000460916002342066, -0.9999998844989477, 0.00013622969594262457, 0.032482935564955864], [0.0, 0.0, 0.0, 1.0]]}, "Hobj2base": {"type": "ndarray", "data": [[0.9999999553061866, -0.00019499695046638313, 0.0002266358625375779, -0.7348459475387579], [-0.00019514593799518947, -0.9999997647722363, 0.0006575511660788213, 0.08935895406821999], [0.00022650758875436964, -0.0006575953637583304, -0.9999997581312963, 0.00021475284117157268], [0.0, 0.0, 0.0, 1.0]]}, "mean_rme": {"type": "float", "data": 0.0017826377200820932}, "max_rme": {"type": "float", "data": 0.005886720290404102}, "simu": {"type": "float", "data": 0.002}}, {"type": "dict", "image_number": {"type": "int", "data": 26}, "Hcamera2end": {"type": "ndarray", "data": [[0.9999994706717021, -0.00043294712015926826, -0.0009333879722075055, -0.015431632365166243], [0.0009334460497929986, 0.00013396209192695352, 0.9999995553662163, 0.024583643400656854], [-0.00043282188905101554, -0.9999998973054695, 0.00013436615379602834, 0.03238332599106044], [0.0, 0.0, 0.0, 1.0]]}, "Hobj2base": {"type": "ndarray", "data": [[0.9999999542711112, -0.0001652308703673903, 0.00025329140303340553, -0.734736376924978], [-0.00016539921787599594, -0.9999997653667021, 0.0006647628452084542, 0.08931410636769756], [0.00025318150425930646, -0.0006648047090095444, -0.9999997469668809, 0.0002753530001069503], [0.0, 0.0, 0.0, 1.0]]}, "mean_rme": {"type": "float", "data": 0.00176120381986642}, "max_rme": {"type": "float", "data": 0.005901378749110897}, "simu": {"type": "float", "data": 0.002}}, {"type": "dict", "image_number": {"type": "int", "data": 27}, "Hcamera2end": {"type": "ndarray", "data": [[0.9999992689906768, -0.0002777078542759853, -0.001176816238712816, -0.015355222408995527], [0.0011768476949218117, 0.0001131346533711497, 0.9999993011147823, 0.024404241787239073], [-0.000277574521492823, -0.9999999550394478, 0.00011346139051682247, 0.03235928561148815], [0.0, 0.0, 0.0, 1.0]]}, "Hobj2base": {"type": "ndarray", "data": [[0.9999999664134872, 4.036956331187094e-07, 0.0002591772779383719, -0.7347981306689229], [2.6591243836356637e-07, -0.9999998586914329, 0.0005316173845815511, 0.08919068341338188], [0.00025917745592601876, -0.0005316172978079151, -0.9999998251050322, 0.00020427124585356457], [0.0, 0.0, 0.0, 1.0]]}, "mean_rme": {"type": "float", "data": 0.001839385842043306}, "max_rme": {"type": "float", "data": 0.0062731287224954135}, "simu": {"type": "float", "data": 0.002}}, {"type": "dict", "image_number": {"type": "int", "data": 28}, "Hcamera2end": {"type": "ndarray", "data": [[0.999999198003879, -0.0001318353829858857, -0.0012596074906681871, -0.015289788278863584], [0.0012596184227610329, 8.287214088187334e-05, 0.9999992032465014, 0.024388296243954097], [-0.00013173089157616038, -0.99999998787582, 8.30381366959676e-05, 0.03231237083951204], [0.0, 0.0, 0.0, 1.0]]}, "Hobj2base": {"type": "ndarray", "data": [[0.9999999529075074, 0.00015503199706308558, 0.00026485857145709874, -0.7348038849844147], [0.00015489900885347474, -0.9999998619725121, 0.0005020570215367278, 0.08920450763532863], [0.000264936369802024, -0.0005020159715634062, -0.9999998388943288, 0.0001696081314049362], [0.0, 0.0, 0.0, 1.0]]}, "mean_rme": {"type": "float", "data": 0.0018055098219745668}, "max_rme": {"type": "float", "data": 0.006173660516013313}, "simu": {"type": "float", "data": 0.002}}, {"type": "dict", "image_number": {"type": "int", "data": 29}, "Hcamera2end": {"type": "ndarray", "data": [[0.9999990376134757, -0.00012506501476420944, -0.0013817130180998798, -0.01533302809017272], [0.0013817232729792742, 8.194715833087507e-05, 0.9999990420622715, 0.024324563035430916], [-0.00012495166750425086, -0.9999999888217028, 8.21198847076321e-05, 0.03230032358357342], [0.0, 0.0, 0.0, 1.0]]}, "Hobj2base": {"type": "ndarray", "data": [[0.9999999392960479, 0.00018176530078211367, 0.0002972697021839604, -0.7347513230839084], [0.00018163523927672225, -0.9999998878061285, 0.00043748870961275515, 0.08911259319973298], [0.0002973491890990131, -0.0004374346884019756, -0.9999998601171671, 0.0001394310648246095], [0.0, 0.0, 0.0, 1.0]]}, "mean_rme": {"type": "float", "data": 0.0018140427900131613}, "max_rme": {"type": "float", "data": 0.00627665602398686}, "simu": {"type": "float", "data": 0.002}}, {"type": "dict", "image_number": {"type": "int", "data": 30}, "Hcamera2end": {"type": "ndarray", "data": [[0.9999987973455059, -0.0001078922340088667, -0.0015471479592307248, -0.015379884829736672], [0.0015471578000849874, 9.118629642967946e-05, 0.9999987989931796, 0.02422203379424588], [-0.00010775102573712641, -0.9999999900221628, 9.135311307550964e-05, 0.03227319928954551], [0.0, 0.0, 0.0, 1.0]]}, "Hobj2base": {"type": "ndarray", "data": [[0.9999999301279027, 0.00021150247536312362, 0.00030823836990787545, -0.7347133811743557], [0.00021139844345087092, -0.9999999207028103, 0.0003374982536550468, 0.088975415194539], [0.0003083097271815177, -0.0003374330689617256, -0.9999998955420126, 7.874453801575698e-05], [0.0, 0.0, 0.0, 1.0]]}, "mean_rme": {"type": "float", "data": 0.0018578974043297173}, "max_rme": {"type": "float", "data": 0.006470815444780398}, "simu": {"type": "float", "data": 0.002}}]}