{"type": "list", "data": [{"type": "dict", "image_number": {"type": "int", "data": 5}, "Hcamera2end": {"type": "ndarray", "data": [[0.9999981274177915, 0.0010759235067286947, -0.0016085861861360553, -0.010021863793104718], [0.0016081845338800388, 0.000374070328509446, 0.9999986369060182, 0.026178264795130645], [0.0010765237645069215, -0.9999993512297881, 0.0003723393444888812, 0.034395492548039946], [0.0, 0.0, 0.0, 1.0]]}, "Hobj2base": {"type": "ndarray", "data": [[0.9999989804502892, 0.0014230354150953197, 0.00011861108451522593, -0.7366175905031339], [0.0014230877824192214, -0.9999988894645238, -0.0004425956198921322, 0.09667974128443016], [0.00011798112355173612, 0.0004427639626291291, -0.9999998950202584, 0.0036276148141870745], [0.0, 0.0, 0.0, 1.0]]}, "mean_rme": {"type": "float", "data": 0.0009327181854259971}, "max_rme": {"type": "float", "data": 0.0026077499011042393}, "simu": {"type": "float", "data": 0.002}}, {"type": "dict", "image_number": {"type": "int", "data": 6}, "Hcamera2end": {"type": "ndarray", "data": [[0.9999995513571038, 0.0007871461179209261, -0.0005269597519142118, -0.01207555890594717], [0.0005267266341245865, 0.00029633362757008896, 0.9999998173727006, 0.02622844538818388], [0.0007873021300614246, -0.9999996462936228, 0.00029591888379687514, 0.03568936414992135], [0.0, 0.0, 0.0, 1.0]]}, "Hobj2base": {"type": "ndarray", "data": [[0.999999351051564, 0.001109097789912758, 0.00026038153384781726, -0.7376116974483781], [0.001108946686612617, -0.999999217066835, 0.0005797438769374256, 0.09542355720603628], [0.00026102432263910564, -0.0005794547514743277, -0.9999997980492266, 0.0050233408025889366], [0.0, 0.0, 0.0, 1.0]]}, "mean_rme": {"type": "float", "data": 0.0011181409929457858}, "max_rme": {"type": "float", "data": 0.003156398456177545}, "simu": {"type": "float", "data": 0.002}}, {"type": "dict", "image_number": {"type": "int", "data": 7}, "Hcamera2end": {"type": "ndarray", "data": [[0.9999998006047358, 0.0003837059996737341, -0.0005015577676914304, -0.01324633601485815], [0.0005016906965595615, -0.00034641639036370186, 0.9999998141510473, 0.026299403488026906], [0.0003835321805309334, -0.9999998663826861, -0.00034660882302017804, 0.03391958922153755], [0.0, 0.0, 0.0, 1.0]]}, "Hobj2base": {"type": "ndarray", "data": [[0.999999071725809, 0.0010293024438435435, 0.0008927956089399211, -0.7358783826985072], [0.00102883740532495, -0.9999993349312346, 0.0005211820043005032, 0.09390494704215976], [0.0008933314690801617, -0.0005202629789829125, -0.9999994656425166, 0.00572307545150859], [0.0, 0.0, 0.0, 1.0]]}, "mean_rme": {"type": "float", "data": 0.001317274476640668}, "max_rme": {"type": "float", "data": 0.003215108269215561}, "simu": {"type": "float", "data": 0.002}}, {"type": "dict", "image_number": {"type": "int", "data": 8}, "Hcamera2end": {"type": "ndarray", "data": [[0.9999990297834016, 0.0004800440120559219, -0.0013076658602272004, -0.013200837956519908], [0.0013072610821147105, 0.0008425580018880385, 0.9999987905815068, 0.026199338632764163], [0.00048114521581614625, -0.9999995298267693, 0.0008419296415695943, 0.034491012300848736], [0.0, 0.0, 0.0, 1.0]]}, "Hobj2base": {"type": "ndarray", "data": [[0.9999999201129915, 0.0003389309051718921, -0.00021189585165515393, -0.7371382058305366], [0.0003389016424215962, -0.9999999330342222, -0.00013812034135580635, 0.09392963575904972], [-0.00021194265071770168, 0.00013804851846963722, -0.9999999680114595, 0.006089416198281683], [0.0, 0.0, 0.0, 1.0]]}, "mean_rme": {"type": "float", "data": 0.001244951826291712}, "max_rme": {"type": "float", "data": 0.0032035478093351832}, "simu": {"type": "float", "data": 0.002}}, {"type": "dict", "image_number": {"type": "int", "data": 9}, "Hcamera2end": {"type": "ndarray", "data": [[0.9999993251513455, 0.0006519914465685098, -0.0009615633142096843, -0.012260823202672404], [0.0009608727574794342, 0.001058637294198972, 0.9999989780047892, 0.026400500066331184], [0.0006530087270215297, -0.9999992270968175, 0.001058010098959894, 0.033818634432126606], [0.0, 0.0, 0.0, 1.0]]}, "Hobj2base": {"type": "ndarray", "data": [[0.9999997768834621, 0.00032818486723375554, -0.0005818313491725693, -0.7369672738728252], [0.0003282242913715724, -0.9999999438451623, 6.766451270315167e-05, 0.09516307088168124], [-0.0005818091100308066, -6.785546878835978e-05, -0.9999998284468825, 0.005835748461023384], [0.0, 0.0, 0.0, 1.0]]}, "mean_rme": {"type": "float", "data": 0.0014312315889901989}, "max_rme": {"type": "float", "data": 0.0033291663150196438}, "simu": {"type": "float", "data": 0.002}}, {"type": "dict", "image_number": {"type": "int", "data": 10}, "Hcamera2end": {"type": "ndarray", "data": [[0.9999964758972435, 0.002512522732776954, -0.0008575678463436158, -0.012371111210902948], [0.0008547209336448318, 0.001133944061693204, 0.9999989918109871, 0.029647694941422564], [0.0025134926336460002, -0.9999962006929737, 0.0011317925597819078, 0.0341050613666865], [0.0, 0.0, 0.0, 1.0]]}, "Hobj2base": {"type": "ndarray", "data": [[0.9999971789679664, 0.0018998207597380134, -0.0014257409266553026, -0.7370152286028465], [0.0018997631442310074, -0.9999981945762471, -4.176412211574139e-05, 0.09269609496447893], [-0.0014258176969349759, 3.905543423213354e-05, -0.9999989827587665, 0.003389119312910632], [0.0, 0.0, 0.0, 1.0]]}, "mean_rme": {"type": "float", "data": 0.001532189584896579}, "max_rme": {"type": "float", "data": 0.004844729789829971}, "simu": {"type": "float", "data": 0.002}}, {"type": "dict", "image_number": {"type": "int", "data": 11}, "Hcamera2end": {"type": "ndarray", "data": [[0.999997915183908, 0.00188306926498678, -0.000789732854001448, -0.011726953216134334], [0.0007872875750344194, 0.0012989481429028782, 0.9999988464553327, 0.03019196000381007], [0.0018840929148063656, -0.9999973833885092, 0.001297462917799641, 0.03399670395269556], [0.0, 0.0, 0.0, 1.0]]}, "Hobj2base": {"type": "ndarray", "data": [[0.9999985621235653, 0.0013619842886648881, -0.0010103215326821547, -0.7369824482002646], [0.0013621168705466118, -0.9999990637966041, 0.00013055093455300627, 0.0927470169015247], [-0.0010101427784939732, -0.00013192692284123684, -0.9999994811032924, 0.0022687062625215996], [0.0, 0.0, 0.0, 1.0]]}, "mean_rme": {"type": "float", "data": 0.0016840405166728652}, "max_rme": {"type": "float", "data": 0.0045068870564435315}, "simu": {"type": "float", "data": 0.002}}, {"type": "dict", "image_number": {"type": "int", "data": 12}, "Hcamera2end": {"type": "ndarray", "data": [[0.9999975870717875, 0.0019481617832901091, -0.0010151434720395915, -0.012015360012326328], [0.0010124575362965283, 0.0013791939483337456, 0.9999985363758239, 0.029810391879179388], [0.0019495590116467517, -0.9999971512408017, 0.0013772181893583202, 0.03409914732722079], [0.0, 0.0, 0.0, 1.0]]}, "Hobj2base": {"type": "ndarray", "data": [[0.9999985015678551, 0.0014514454067142857, -0.0009434872949992656, -0.7369172641453754], [0.0014510767670681973, -0.9999988706345211, -0.0003912874882160942, 0.09262105658256035], [-0.0009440541618847609, 0.0003899178294045465, -0.9999994783627768, 0.002783694498836244], [0.0, 0.0, 0.0, 1.0]]}, "mean_rme": {"type": "float", "data": 0.0016815185150308532}, "max_rme": {"type": "float", "data": 0.004666370979382717}, "simu": {"type": "float", "data": 0.002}}, {"type": "dict", "image_number": {"type": "int", "data": 13}, "Hcamera2end": {"type": "ndarray", "data": [[0.9999975045760218, 0.0018427712947768665, -0.0012629472216005716, -0.011911363781048845], [0.0012600410858843295, 0.0015773559782517044, 0.9999979621202135, 0.029760900177307446], [0.001844759656780702, -0.9999970580667092, 0.0015750300745364099, 0.0339234357311573], [0.0, 0.0, 0.0, 1.0]]}, "Hobj2base": {"type": "ndarray", "data": [[0.9999984380891143, 0.001303162312486246, -0.0011939796142492625, -0.7369121263528385], [0.0013025761399704887, -0.9999990308186844, -0.0004915863018431502, 0.0926732014050107], [-0.0011946190738084251, 0.0004900302846720218, -0.999999166377447, 0.0029814598127289806], [0.0, 0.0, 0.0, 1.0]]}, "mean_rme": {"type": "float", "data": 0.0016122552836780038}, "max_rme": {"type": "float", "data": 0.004722993783010554}, "simu": {"type": "float", "data": 0.002}}, {"type": "dict", "image_number": {"type": "int", "data": 14}, "Hcamera2end": {"type": "ndarray", "data": [[0.9999976906712486, 0.00174716561434856, -0.0012514249821269658, -0.012489757006341966], [0.0012480632545291315, 0.0019238698219008477, 0.9999973705280534, 0.029622409093981176], [0.001749568598983078, -0.9999966230629103, 0.001921684805850088, 0.033804534381003254], [0.0, 0.0, 0.0, 1.0]]}, "Hobj2base": {"type": "ndarray", "data": [[0.999998223270979, 0.0011048147995065501, -0.0015273634616636586, -0.7371539504715496], [0.0011042127363418517, -0.999999312355561, -0.00039497169265954207, 0.09223078316956008], [-0.0015277987819521041, 0.00039328445671448105, -0.9999987555783347, 0.003292956914632304], [0.0, 0.0, 0.0, 1.0]]}, "mean_rme": {"type": "float", "data": 0.001601633134305015}, "max_rme": {"type": "float", "data": 0.004801456654456859}, "simu": {"type": "float", "data": 0.002}}, {"type": "dict", "image_number": {"type": "int", "data": 15}, "Hcamera2end": {"type": "ndarray", "data": [[0.9999978866814839, 0.0017175370987932018, -0.0011299110054516172, -0.012501181126191911], [0.0011267648146017447, 0.0018316689421764565, 0.9999976876922961, 0.02971265119919119], [0.0017196027502150459, -0.9999968475226314, 0.0018297298109059001, 0.03365131175965588], [0.0, 0.0, 0.0, 1.0]]}, "Hobj2base": {"type": "ndarray", "data": [[0.9999982416002354, 0.0010831159893675613, -0.001530900450930684, -0.7370438148238533], [0.0010827587836723588, -0.9999993864057517, -0.00023413999521194065, 0.09236149929565404], [-0.0015311531123515367, 0.00023248198759005502, -0.9999988007604173, 0.003158301375223079], [0.0, 0.0, 0.0, 1.0]]}, "mean_rme": {"type": "float", "data": 0.0015491327854664217}, "max_rme": {"type": "float", "data": 0.004781050950181109}, "simu": {"type": "float", "data": 0.002}}, {"type": "dict", "image_number": {"type": "int", "data": 16}, "Hcamera2end": {"type": "ndarray", "data": [[0.999998061359936, 0.0017709816159143582, -0.0008607557643259371, -0.012761059270259008], [0.0008578180006313469, 0.0016589249483006663, 0.9999982560566262, 0.029917713959607867], [0.0017724064566345377, -0.9999970557917318, 0.0016574025523333757, 0.032892670621129466], [0.0, 0.0, 0.0, 1.0]]}, "Hobj2base": {"type": "ndarray", "data": [[0.9999982634850503, 0.0011406041895904756, -0.0014737872867413146, -0.7362138461495329], [0.0011407407817330354, -0.9999993451373819, 9.184376158094996e-05, 0.09243493379010315], [-0.0014736815642338663, -9.352481135447043e-05, -0.9999989097572841, 0.0028480166207442217], [0.0, 0.0, 0.0, 1.0]]}, "mean_rme": {"type": "float", "data": 0.0016021558227241096}, "max_rme": {"type": "float", "data": 0.0047299028321742265}, "simu": {"type": "float", "data": 0.002}}, {"type": "dict", "image_number": {"type": "int", "data": 17}, "Hcamera2end": {"type": "ndarray", "data": [[0.9999978304353402, 0.0018911634730712375, -0.0008732842210217932, -0.012759168684245953], [0.000870221142816621, 0.0016198968563502225, 0.9999983093232393, 0.02977829369148864], [0.0018925749060894367, -0.9999968997126404, 0.001618247611440471, 0.0329595041716724], [0.0, 0.0, 0.0, 1.0]]}, "Hobj2base": {"type": "ndarray", "data": [[0.9999980833637441, 0.001230611657687701, -0.0015227815950877343, -0.7361389290082541], [0.0012309105176464988, -0.999999223350958, 0.0001953376015290251, 0.09240503872555583], [-0.0015225400276912405, -0.00019721163501936788, -0.9999988214890232, 0.0029099746776608047], [0.0, 0.0, 0.0, 1.0]]}, "mean_rme": {"type": "float", "data": 0.001595878532599488}, "max_rme": {"type": "float", "data": 0.004764902017497241}, "simu": {"type": "float", "data": 0.002}}, {"type": "dict", "image_number": {"type": "int", "data": 18}, "Hcamera2end": {"type": "ndarray", "data": [[0.999995995999807, 0.002696702287383589, -0.0008577768515276457, -0.012719076596977078], [0.0008540854229087232, 0.00136972141217373, 0.9999986971998229, 0.02969369962793741], [0.002697873689439776, -0.9999954258195514, 0.0013674127136953373, 0.0330506244213528], [0.0, 0.0, 0.0, 1.0]]}, "Hobj2base": {"type": "ndarray", "data": [[0.9999960939275692, 0.0020741321363655853, -0.001873527551187384, -0.7361509603254128], [0.002074756714943379, -0.9999977927475865, 0.00033148835231036606, 0.09233864971143278], [-0.0018728358651948181, -0.0003353741713603094, -0.999998190003355, 0.0029676244855151765], [0.0, 0.0, 0.0, 1.0]]}, "mean_rme": {"type": "float", "data": 0.0015549464073878615}, "max_rme": {"type": "float", "data": 0.004834036255960683}, "simu": {"type": "float", "data": 0.002}}, {"type": "dict", "image_number": {"type": "int", "data": 19}, "Hcamera2end": {"type": "ndarray", "data": [[0.9999978024277382, 0.0017918316841254937, -0.0010883376819742921, -0.013056548948102176], [0.0010858854636461542, 0.0013689584836704682, 0.9999984734015497, 0.029996517231349263], [0.0017933188378208586, -0.9999974576427111, 0.001367009751306214, 0.032998803681763916], [0.0, 0.0, 0.0, 1.0]]}, "Hobj2base": {"type": "ndarray", "data": [[0.9999980807091515, 0.0013156744486690101, -0.001451750239650104, -0.736092522592591], [0.0013159075691531789, -0.9999991214515154, 0.00015963541956294622, 0.0920318486810446], [-0.0014515389359745089, -0.0001615454823050219, -0.9999989334683188, 0.0028847979848589315], [0.0, 0.0, 0.0, 1.0]]}, "mean_rme": {"type": "float", "data": 0.001551185379679805}, "max_rme": {"type": "float", "data": 0.004852921687367395}, "simu": {"type": "float", "data": 0.002}}, {"type": "dict", "image_number": {"type": "int", "data": 20}, "Hcamera2end": {"type": "ndarray", "data": [[0.9999981714700741, 0.0014376819575000796, -0.0012610024177188536, -0.012883652211822964], [0.0012592948955044076, 0.00118797845169194, 0.9999985014406595, 0.030015639701362437], [0.001439177846748135, -0.9999982608873815, 0.0011861658138873077, 0.0332068678212976], [0.0, 0.0, 0.0, 1.0]]}, "Hobj2base": {"type": "ndarray", "data": [[0.9999987101050039, 0.0010593586810311105, -0.0012072893246339843, -0.735994897234342], [0.001059239761827747, -0.9999994340914153, -9.913614642192785e-05, 0.09211653961096145], [-0.0012073936621559078, 9.785720969002616e-05, -0.9999992663119863, 0.002656443377286627], [0.0, 0.0, 0.0, 1.0]]}, "mean_rme": {"type": "float", "data": 0.0015742873188585727}, "max_rme": {"type": "float", "data": 0.004689658544935971}, "simu": {"type": "float", "data": 0.002}}, {"type": "dict", "image_number": {"type": "int", "data": 21}, "Hcamera2end": {"type": "ndarray", "data": [[0.9999981741087965, 0.0015108851491773805, -0.0011700449303600055, -0.01298352915373913], [0.0011684689770133155, 0.0010435280540593839, 0.9999987728639721, 0.029937492409733847], [0.0015121042698251208, -0.9999983141362121, 0.00104176072626605, 0.032959239692582576], [0.0, 0.0, 0.0, 1.0]]}, "Hobj2base": {"type": "ndarray", "data": [[0.9999987353672304, 0.0011714709877872925, -0.0010756020010966884, -0.7357021207059152], [0.0011714040648742605, -0.999999311931155, -6.284690456178928e-05, 0.09198573891143036], [-0.0010756748843338284, 6.158686052726274e-05, -0.9999994195651325, 0.002755404727556442], [0.0, 0.0, 0.0, 1.0]]}, "mean_rme": {"type": "float", "data": 0.001556580289568228}, "max_rme": {"type": "float", "data": 0.004764466045656945}, "simu": {"type": "float", "data": 0.002}}, {"type": "dict", "image_number": {"type": "int", "data": 22}, "Hcamera2end": {"type": "ndarray", "data": [[0.9999983447305539, 0.001343027898304737, -0.0012275227967715947, -0.013385378151792582], [0.0012260119775588426, 0.0011251806491412442, 0.9999986154306103, 0.02985097265161369], [0.0013444072236867266, -0.9999984651211077, 0.0011235322183745788, 0.03291581499878908], [0.0, 0.0, 0.0, 1.0]]}, "Hobj2base": {"type": "ndarray", "data": [[0.9999989217286972, 0.0010169751546681917, -0.0010593880203376778, -0.7355070693398936], [0.0010167779850879274, -0.9999994656641664, -0.0001866384485423348, 0.09158267747214276], [-0.0010595772609337702, 0.00018556108487870652, -0.9999994214313885, 0.00285357597438539], [0.0, 0.0, 0.0, 1.0]]}, "mean_rme": {"type": "float", "data": 0.0016139453110526531}, "max_rme": {"type": "float", "data": 0.004767893009250845}, "simu": {"type": "float", "data": 0.002}}, {"type": "dict", "image_number": {"type": "int", "data": 23}, "Hcamera2end": {"type": "ndarray", "data": [[0.9999985736930674, 0.001203406788110735, -0.001185083935002531, -0.013475979364005151], [0.0011836877483361755, 0.001160245312638919, 0.9999986263561211, 0.029852195044761925], [0.001204780123139037, -0.9999986028204824, 0.001158819199901684, 0.03300195188388794], [0.0, 0.0, 0.0, 1.0]]}, "Hobj2base": {"type": "ndarray", "data": [[0.9999989956764915, 0.0009528130311143474, -0.0010491869881321097, -0.7354706455305431], [0.0009526465853151531, -0.9999995335708003, -0.00015913097152723076, 0.09154718955792746], [-0.001049338120823987, 0.000158131307306654, -0.9999994369418408, 0.002953387141559547], [0.0, 0.0, 0.0, 1.0]]}, "mean_rme": {"type": "float", "data": 0.0016141066444982399}, "max_rme": {"type": "float", "data": 0.004864654639514021}, "simu": {"type": "float", "data": 0.002}}, {"type": "dict", "image_number": {"type": "int", "data": 24}, "Hcamera2end": {"type": "ndarray", "data": [[0.9999986979688635, 0.0011064025553112308, -0.001174705905047161, -0.01350202617927768], [0.0011733414486045412, 0.0012330796542429079, 0.9999985513911566, 0.03003497872405872], [0.0011078494585179375, -0.9999986276930345, 0.0012317798607578423, 0.03265066697425271], [0.0, 0.0, 0.0, 1.0]]}, "Hobj2base": {"type": "ndarray", "data": [[0.999999107824407, 0.0008567846675705805, -0.0010248270212330208, -0.7352429241353066], [0.0008565589925971191, -0.9999996088152399, -0.0002206265142307881, 0.09158990451104941], [-0.0010250156497509611, 0.00021974849259230326, -0.9999994505266074, 0.0025894342961343803], [0.0, 0.0, 0.0, 1.0]]}, "mean_rme": {"type": "float", "data": 0.0016515810816658668}, "max_rme": {"type": "float", "data": 0.004910184292208908}, "simu": {"type": "float", "data": 0.002}}, {"type": "dict", "image_number": {"type": "int", "data": 25}, "Hcamera2end": {"type": "ndarray", "data": [[0.999998541095852, 0.0011375917160313083, -0.0012742414431174132, -0.013322250551220036], [0.0012727430986008716, 0.001316873515575523, 0.9999983229831682, 0.02996616803270112], [0.001139267823079743, -0.9999984858634694, 0.0013154237323776963, 0.0329384163750736], [0.0, 0.0, 0.0, 1.0]]}, "Hobj2base": {"type": "ndarray", "data": [[0.9999990446286607, 0.0008605262819917839, -0.0010817745993435782, -0.7356081389681103], [0.000860157995580949, -0.9999995719693089, -0.0003408656939215331, 0.09162384393400139], [-0.0010820674601990977, 0.0003399348711971768, -0.9999993567869405, 0.002663437739229639], [0.0, 0.0, 0.0, 1.0]]}, "mean_rme": {"type": "float", "data": 0.001658325682132467}, "max_rme": {"type": "float", "data": 0.005057316816607593}, "simu": {"type": "float", "data": 0.002}}, {"type": "dict", "image_number": {"type": "int", "data": 26}, "Hcamera2end": {"type": "ndarray", "data": [[0.9999986152791206, 0.0012279662085522046, -0.0011231824571492815, -0.013627118884851836], [0.0011216245363252489, 0.0012686534637998959, 0.9999985662373665, 0.029974428749112516], [0.0012293893772548814, -0.9999984413074752, 0.0012672743900397077, 0.03316489246876857], [0.0, 0.0, 0.0, 1.0]]}, "Hobj2base": {"type": "ndarray", "data": [[0.9999990187033068, 0.0009823376150057531, -0.0009988018991294772, -0.7358715092058306], [0.0009821202457208945, -0.9999994939365859, -0.0002180972135426045, 0.09140638744130675], [-0.000999015638768969, 0.0002171160559579305, -0.9999994774140493, 0.0025535428581049294], [0.0, 0.0, 0.0, 1.0]]}, "mean_rme": {"type": "float", "data": 0.001677009848899401}, "max_rme": {"type": "float", "data": 0.004890380925082538}, "simu": {"type": "float", "data": 0.002}}, {"type": "dict", "image_number": {"type": "int", "data": 27}, "Hcamera2end": {"type": "ndarray", "data": [[0.9999986553617519, 0.0012232306151270561, -0.00109223694792877, -0.013761157818995562], [0.0010906282172888655, 0.0013150448506074053, 0.9999985405925012, 0.030058706511824185], [0.0012246651705091404, -0.9999983871806508, 0.0013137089925226997, 0.0332684486570135], [0.0, 0.0, 0.0, 1.0]]}, "Hobj2base": {"type": "ndarray", "data": [[0.999999009963567, 0.0009678821176814878, -0.0010214088760560774, -0.7360454588981074], [0.0009677182805482871, -0.9999995188185395, -0.00016088511317680174, 0.09136125015388774], [-0.0010215641023971075, 0.00015989651785340445, -0.9999994654198017, 0.00243549052061556], [0.0, 0.0, 0.0, 1.0]]}, "mean_rme": {"type": "float", "data": 0.0016787048127878512}, "max_rme": {"type": "float", "data": 0.004816372997851315}, "simu": {"type": "float", "data": 0.002}}, {"type": "dict", "image_number": {"type": "int", "data": 28}, "Hcamera2end": {"type": "ndarray", "data": [[0.999999029555708, 0.0010177157256955358, -0.0009513896908773113, -0.013831316091773165], [0.0009500919547700962, 0.0012748703229776837, 0.9999987360146695, 0.030045694461500676], [0.0010189273378002743, -0.9999986694792952, 0.0012739021622638624, 0.03339784178045584], [0.0, 0.0, 0.0, 1.0]]}, "Hobj2base": {"type": "ndarray", "data": [[0.9999992503642482, 0.0007791710090462006, -0.0009445440594882427, -0.7360311262689204], [0.0007791435940653645, -0.9999996960356332, -2.9392185815890526e-05, 0.09142041605400168], [-0.0009445666739195861, 2.8656228329194458e-05, -0.9999995534862096, 0.0025778581340461354], [0.0, 0.0, 0.0, 1.0]]}, "mean_rme": {"type": "float", "data": 0.001696468475499736}, "max_rme": {"type": "float", "data": 0.004970333057387255}, "simu": {"type": "float", "data": 0.002}}, {"type": "dict", "image_number": {"type": "int", "data": 29}, "Hcamera2end": {"type": "ndarray", "data": [[0.9999988469443126, 0.0011761758063689842, -0.0009605834257073317, -0.013824966003583168], [0.0009591042111111432, 0.001257566350531314, 0.9999987493222112, 0.030168274279100474], [0.001177382332745075, -0.9999985175675746, 0.0012564368253183966, 0.03322383715781853], [0.0, 0.0, 0.0, 1.0]]}, "Hobj2base": {"type": "ndarray", "data": [[0.9999990765279257, 0.0009146781221840804, -0.001005140402426345, -0.7359449854288996], [0.000914644929621112, -0.9999995811517168, -3.34819897563601e-05, 0.09146213291850883], [-0.0010051706066685304, 3.256261226404099e-05, -0.999999494285736, 0.0024384775143202818], [0.0, 0.0, 0.0, 1.0]]}, "mean_rme": {"type": "float", "data": 0.001698549495985066}, "max_rme": {"type": "float", "data": 0.004893255554794473}, "simu": {"type": "float", "data": 0.002}}, {"type": "dict", "image_number": {"type": "int", "data": 30}, "Hcamera2end": {"type": "ndarray", "data": [[0.9999989824653392, 0.0010935603805769165, -0.0009160753136330782, -0.013840788399502833], [0.0009146809007952252, 0.0012749326415771867, 0.9999987689520471, 0.03010275226585755], [0.0010947269686711425, -0.9999985893352319, 0.001273931085495117, 0.03326423798065206], [0.0, 0.0, 0.0, 1.0]]}, "Hobj2base": {"type": "ndarray", "data": [[0.999999130243116, 0.0008161943347470695, -0.0010360211481333513, -0.7359973424302779], [0.0008161805117967732, -0.9999996668298925, -1.3765063952704319e-05, 0.09144775574208527], [-0.0010360320379292891, 1.2919471709529428e-05, -0.999999463235208, 0.002475695232756462], [0.0, 0.0, 0.0, 1.0]]}, "mean_rme": {"type": "float", "data": 0.0016801562955682883}, "max_rme": {"type": "float", "data": 0.004883351694220772}, "simu": {"type": "float", "data": 0.002}}]}