{"type": "list", "data": [{"type": "dict", "image_number": {"type": "int", "data": 5}, "Hcamera2end": {"type": "ndarray", "data": [[0.999999402933229, -0.00013925454847411856, -0.0010838548594255947, -0.014230258726224652], [0.001083750112879665, -0.0007500811726357526, 0.9999991314315865, 0.042057087789074646], [-0.00014006740664594116, -0.9999997089931604, -0.0007499298076545369, 0.03589150857021172], [0.0, 0.0, 0.0, 1.0]]}, "Hobj2base": {"type": "ndarray", "data": [[0.999999773169982, 0.00021441705200648539, 0.0006385023980025375, -0.7366681701395514], [0.00021408345412835873, -0.9999998405852921, 0.0005224917846704322, 0.09016903478945602], [0.0006386143273640308, -0.0005223549733547776, -0.9999996596584535, -0.012799038867408408], [0.0, 0.0, 0.0, 1.0]]}, "mean_rme": {"type": "float", "data": 0.002026413301449531}, "max_rme": {"type": "float", "data": 0.0062418386120635105}, "simu": {"type": "float", "data": 0.002}}, {"type": "dict", "image_number": {"type": "int", "data": 6}, "Hcamera2end": {"type": "ndarray", "data": [[0.9999967800045126, 0.0012586790481548204, -0.0022035670310097105, -0.016875119647013336], [0.002203802681097589, -0.00018586390599883984, 0.9999975543511853, 0.038712132970653776], [0.001258266406292385, -0.9999991905905038, -0.00018863718777883953, 0.03571223395705254], [0.0, 0.0, 0.0, 1.0]]}, "Hobj2base": {"type": "ndarray", "data": [[0.9999983588126146, 0.0017287341697535504, 0.0005420795583740022, -0.7370198028809926], [0.001729195754639685, -0.999998141818361, -0.0008521982554609872, 0.0849596192415603], [0.0005406053268481004, 0.0008531342185149778, -0.9999994899538125, -0.010291366149173697], [0.0, 0.0, 0.0, 1.0]]}, "mean_rme": {"type": "float", "data": 0.002093089178346151}, "max_rme": {"type": "float", "data": 0.007746428791491178}, "simu": {"type": "float", "data": 0.002}}, {"type": "dict", "image_number": {"type": "int", "data": 7}, "Hcamera2end": {"type": "ndarray", "data": [[0.9999989020933039, 0.0007325229641495136, -0.001288108028750239, -0.015335445640602463], [0.0012878275706479192, 0.00038320883830600394, 0.9999990973251601, 0.038695537969728556], [0.0007330159173007742, -0.9999996582804885, 0.00038226505430905, 0.03482686179472906], [0.0, 0.0, 0.0, 1.0]]}, "Hobj2base": {"type": "ndarray", "data": [[0.999999311217718, 0.0011497716930194677, -0.0002357735003239944, -0.736700948173603], [0.0011497903793877724, -0.999999335859618, 7.913536868853687e-05, 0.08726239273422545], [-0.00023568235613045704, -7.940640428388417e-05, -0.9999999690742245, -0.010095475325894545], [0.0, 0.0, 0.0, 1.0]]}, "mean_rme": {"type": "float", "data": 0.0019320023065935324}, "max_rme": {"type": "float", "data": 0.007945562785615812}, "simu": {"type": "float", "data": 0.002}}, {"type": "dict", "image_number": {"type": "int", "data": 8}, "Hcamera2end": {"type": "ndarray", "data": [[0.999998950584824, 0.0004619373100824264, -0.0013731144060828268, -0.015077262505569136], [0.0013727293843874566, 0.0008327804805730032, 0.9999987110445234, 0.03866017651320794], [0.0004630802175407801, -0.9999995465451934, 0.0008321454917211701, 0.03373954420816717], [0.0, 0.0, 0.0, 1.0]]}, "Hobj2base": {"type": "ndarray", "data": [[0.999999467591024, 0.0008338736366697301, -0.000607842435644477, -0.7359602977602189], [0.0008337432577718213, -0.9999996293844535, -0.00021471640694378053, 0.08784865163618083], [-0.0006080212567197314, 0.000214209508094332, -0.9999997922121973, -0.010079390484777448], [0.0, 0.0, 0.0, 1.0]]}, "mean_rme": {"type": "float", "data": 0.0018113968587474393}, "max_rme": {"type": "float", "data": 0.008216860814032778}, "simu": {"type": "float", "data": 0.002}}, {"type": "dict", "image_number": {"type": "int", "data": 9}, "Hcamera2end": {"type": "ndarray", "data": [[0.9999994889842747, -0.00019647708468464414, -0.0009916793557260203, -0.015579487504179743], [0.0009918509742924745, 0.0008753153477677467, 0.9999991250269604, 0.03866885893264304], [-0.00019560888061236087, -0.9999995976098175, 0.0008755097764557851, 0.03403608844757283], [0.0, 0.0, 0.0, 1.0]]}, "Hobj2base": {"type": "ndarray", "data": [[0.9999997335260049, 0.00016566624441090503, -0.0007109870707234639, -0.7360584082284647], [0.0001657125759817688, -0.9999999841502283, 6.510672338481434e-05, 0.08759424291946288], [-0.0007109762734681321, -6.522452553454496e-05, -0.9999997451292175, -0.009947904412084005], [0.0, 0.0, 0.0, 1.0]]}, "mean_rme": {"type": "float", "data": 0.0018090981602392115}, "max_rme": {"type": "float", "data": 0.008014463868923738}, "simu": {"type": "float", "data": 0.002}}, {"type": "dict", "image_number": {"type": "int", "data": 10}, "Hcamera2end": {"type": "ndarray", "data": [[0.9999996471074053, -0.0002929706997450604, -0.0007873710904177441, -0.015280281349862125], [0.0007877789968072605, 0.001394810547803771, 0.9999987169530706, 0.03833213921925448], [-0.00029187209034795344, -0.9999989843353363, 0.0013950408517494628, 0.03294713109989316], [0.0, 0.0, 0.0, 1.0]]}, "Hobj2base": {"type": "ndarray", "data": [[0.9999989082802253, -2.8484811404572364e-05, -0.0014773716435128388, -0.7354385474353818], [-2.802974940524916e-05, -0.9999999521624949, 0.0003080411346128889, 0.08808449256508286], [-0.0014773803473326899, -0.00030799938796134473, -0.9999988612411945, -0.009953294686269144], [0.0, 0.0, 0.0, 1.0]]}, "mean_rme": {"type": "float", "data": 0.0018932137835349103}, "max_rme": {"type": "float", "data": 0.007862939288465653}, "simu": {"type": "float", "data": 0.002}}, {"type": "dict", "image_number": {"type": "int", "data": 11}, "Hcamera2end": {"type": "ndarray", "data": [[0.9999998171431836, 0.00018586130566642316, -0.0005754730006020751, -0.015838682083132362], [0.0005752478155430208, 0.0012093652198729155, 0.9999991032624558, 0.038236987594457233], [0.00018655709602951643, -0.9999992514453899, 0.0012092580824222265, 0.033276404504047494], [0.0, 0.0, 0.0, 1.0]]}, "Hobj2base": {"type": "ndarray", "data": [[0.9999992893315282, 0.00048399215527344876, -0.0010895356957189035, -0.7358650011302472], [0.0004841545801960072, -0.9999998717237082, 0.00014881837696446265, 0.08785395837225751], [-0.0010894635290302937, -0.00014934577490130347, -0.9999993953823463, -0.010055314117074903], [0.0, 0.0, 0.0, 1.0]]}, "mean_rme": {"type": "float", "data": 0.0018242594129302028}, "max_rme": {"type": "float", "data": 0.008080785463772666}, "simu": {"type": "float", "data": 0.002}}, {"type": "dict", "image_number": {"type": "int", "data": 12}, "Hcamera2end": {"type": "ndarray", "data": [[0.999999982508723, 0.000175606513708717, 6.438094457532422e-05, -0.016285979916123947], [-6.447276952155893e-05, 0.000522946180114614, 0.9999998611852677, 0.03842992987795287], [0.00017557282156290796, -0.999999847844811, 0.0005229574928059533, 0.03304695498795561], [0.0, 0.0, 0.0, 1.0]]}, "Hobj2base": {"type": "ndarray", "data": [[0.9999999083968473, 0.0003896743193358495, -0.0001770881754047277, -0.7352704649150414], [0.00038975158265546346, -0.9999998287921885, 0.0004364737072415586, 0.08754517661826487], [-0.00017691806249107146, -0.00043654268765582453, -0.9999998890652342, -0.010380712541301249], [0.0, 0.0, 0.0, 1.0]]}, "mean_rme": {"type": "float", "data": 0.001777425061267612}, "max_rme": {"type": "float", "data": 0.0079676264239959}, "simu": {"type": "float", "data": 0.002}}, {"type": "dict", "image_number": {"type": "int", "data": 13}, "Hcamera2end": {"type": "ndarray", "data": [[0.9999998728352724, 0.0004964358707834802, 8.877423749177824e-05, -0.016018056983488828], [-8.892687014112834e-05, 0.00030744331043797146, 0.9999999487853102, 0.03831115670638598], [0.0004964085523132149, -0.9999998295150041, 0.00030748741783026556, 0.033149945511335245], [0.0, 0.0, 0.0, 1.0]]}, "Hobj2base": {"type": "ndarray", "data": [[0.9999997588671907, 0.0006866397567984504, -0.00010388168598323037, -0.7351825095440607], [0.0006866749246013491, -0.9999997068185535, 0.0003388810332549591, 0.0877056468255401], [-0.00010364896633678963, -0.0003389522844885136, -0.9999999371841184, -0.01053867320470853], [0.0, 0.0, 0.0, 1.0]]}, "mean_rme": {"type": "float", "data": 0.0017254221757271458}, "max_rme": {"type": "float", "data": 0.007927077097925173}, "simu": {"type": "float", "data": 0.002}}, {"type": "dict", "image_number": {"type": "int", "data": 14}, "Hcamera2end": {"type": "ndarray", "data": [[0.9999998570588955, 0.0005020982667457013, -0.000183792053851168, -0.015716398959585737], [0.00018355877870778413, 0.00046460715748197767, 0.9999998752231744, 0.03832925010247669], [0.000502183595199181, -0.9999997660187326, 0.000464514926525883, 0.03299715534217899], [0.0, 0.0, 0.0, 1.0]]}, "Hobj2base": {"type": "ndarray", "data": [[0.9999997310720616, 0.0006369062607199009, -0.0003636017319648412, -0.7350765405711587], [0.00063695654897228, -0.9999997875925914, 0.00013820682400005066, 0.08781364487134966], [-0.00036351362994165975, -0.00013843838533676708, -0.999999924346324, -0.010545348697725245], [0.0, 0.0, 0.0, 1.0]]}, "mean_rme": {"type": "float", "data": 0.0016177102782335326}, "max_rme": {"type": "float", "data": 0.00792606789175615}, "simu": {"type": "float", "data": 0.002}}, {"type": "dict", "image_number": {"type": "int", "data": 15}, "Hcamera2end": {"type": "ndarray", "data": [[0.9999997272549355, 0.000736731974530014, -5.211575880419606e-05, -0.015721869825129457], [5.1812871266198495e-05, 0.00041113621449628823, 0.9999999141412163, 0.037292125957990294], [0.0007367533379508929, -0.9999996440964424, 0.00041109793016191887, 0.03298308832159226], [0.0, 0.0, 0.0, 1.0]]}, "Hobj2base": {"type": "ndarray", "data": [[0.9999996117442453, 0.0008408143619138346, -0.00026370924800382504, -0.7350026130359197], [0.0008408068162055997, -0.9999996461093723, -2.8723300585754027e-05, 0.08744617289833291], [-0.00026373330564324784, 2.8501560900549213e-05, -0.9999999648162017, -0.009587335649691935], [0.0, 0.0, 0.0, 1.0]]}, "mean_rme": {"type": "float", "data": 0.0016305117552203032}, "max_rme": {"type": "float", "data": 0.007036309303337429}, "simu": {"type": "float", "data": 0.002}}, {"type": "dict", "image_number": {"type": "int", "data": 16}, "Hcamera2end": {"type": "ndarray", "data": [[0.9999996106471802, 0.0008783226815090445, -8.517484968121881e-05, -0.015838957253354394], [8.489800254715549e-05, 0.0003152322674130348, 0.999999946710472, 0.03726997265057373], [0.000878349484564635, -0.9999995645888476, 0.00031515757683520107, 0.03314375588110205], [0.0, 0.0, 0.0, 1.0]]}, "Hobj2base": {"type": "ndarray", "data": [[0.9999994871129119, 0.0009867612332616208, -0.00022820206359464227, -0.7351929676855083], [0.000986734065505425, -0.9999995060814508, -0.0001191332771176619, 0.08737024676993572], [-0.00022831950698086128, 0.00011890804126577482, -0.9999999668655393, -0.009583965642197365], [0.0, 0.0, 0.0, 1.0]]}, "mean_rme": {"type": "float", "data": 0.0015654403410814172}, "max_rme": {"type": "float", "data": 0.0071177615465413124}, "simu": {"type": "float", "data": 0.002}}, {"type": "dict", "image_number": {"type": "int", "data": 17}, "Hcamera2end": {"type": "ndarray", "data": [[0.9999998515604803, 0.0005223634125822644, -0.00015496929512593817, -0.015551215991593308], [0.0001547716244640437, 0.00037843516304669755, 0.9999999164162824, 0.037061240866413], [0.0005224220147516566, -0.9999997919616247, 0.00037835425983800963, 0.032612235042863875], [0.0, 0.0, 0.0, 1.0]]}, "Hobj2base": {"type": "ndarray", "data": [[0.9999997934461363, 0.0005924183548066664, -0.00024929536223514733, -0.7347360069744197], [0.0005923622584072996, -0.9999997992334118, -0.00022503353357639246, 0.08784559124005077], [-0.0002494286261807056, 0.00022488581393106255, -0.999999943605864, -0.009606345421861477], [0.0, 0.0, 0.0, 1.0]]}, "mean_rme": {"type": "float", "data": 0.0016059761932364332}, "max_rme": {"type": "float", "data": 0.007192259450800265}, "simu": {"type": "float", "data": 0.002}}, {"type": "dict", "image_number": {"type": "int", "data": 18}, "Hcamera2end": {"type": "ndarray", "data": [[0.9999999103426723, 0.00040104376213739905, -0.00013593582374455367, -0.015666454969522972], [0.0001358027041480525, 0.0003319414044947733, 0.999999935686263, 0.036994735995227436], [0.0004010888590730308, -0.9999998644893935, 0.0003318869119064427, 0.032723269573421976], [0.0, 0.0, 0.0, 1.0]]}, "Hobj2base": {"type": "ndarray", "data": [[0.9999998604214545, 0.00046694302681350535, -0.00024722718524398127, -0.7347005245716132], [0.0004668909907151438, -0.9999998688523701, -0.00021049476336620925, 0.08772470676442166], [-0.00024732544188265645, 0.0002103793058402061, -0.9999999472853354, -0.009604888906256147], [0.0, 0.0, 0.0, 1.0]]}, "mean_rme": {"type": "float", "data": 0.0016029300293019925}, "max_rme": {"type": "float", "data": 0.007105721806368259}, "simu": {"type": "float", "data": 0.002}}, {"type": "dict", "image_number": {"type": "int", "data": 19}, "Hcamera2end": {"type": "ndarray", "data": [[0.9999999443209044, 0.0003016789929134356, -0.00014264632195833707, -0.015343922156571262], [0.00014255331383683213, 0.00030830065176323806, 0.9999999423146287, 0.03699312787133665], [0.0003017229534650023, -0.9999999069702424, 0.0003082576292572359, 0.0330989258402753], [0.0, 0.0, 0.0, 1.0]]}, "Hobj2base": {"type": "ndarray", "data": [[0.9999999082583186, 0.00036468935949796576, -0.0002246887297442256, -0.734881197463272], [0.000364638004754702, -0.9999999074001595, -0.00022855808410768847, 0.08818094591567237], [-0.00022477206163938637, 0.00022847613308928075, -0.9999999486380873, -0.009523068080512316], [0.0, 0.0, 0.0, 1.0]]}, "mean_rme": {"type": "float", "data": 0.0015948761950739436}, "max_rme": {"type": "float", "data": 0.007263651237039204}, "simu": {"type": "float", "data": 0.002}}, {"type": "dict", "image_number": {"type": "int", "data": 20}, "Hcamera2end": {"type": "ndarray", "data": [[0.9999995663611118, 0.0009221582028842068, 0.00013000706633344548, -0.015054675616358416], [-0.0001303660393393253, 0.00038922543391339826, 0.9999999157541252, 0.035753064932190985], [0.0009221075231393767, -0.9999994990637798, 0.0003893454832426535, 0.033078902499456074], [0.0, 0.0, 0.0, 1.0]]}, "Hobj2base": {"type": "ndarray", "data": [[0.9999995000218654, 0.0009716177218311376, -0.00023646357373451675, -0.7349652529437785], [0.0009716338552880451, -0.9999995256433565, 6.812277380160692e-05, 0.08830351970253675], [-0.00023639727227216378, -6.83524957554924e-05, -0.999999969722132, -0.008038054873481854], [0.0, 0.0, 0.0, 1.0]]}, "mean_rme": {"type": "float", "data": 0.0016033531145707798}, "max_rme": {"type": "float", "data": 0.006492373178645872}, "simu": {"type": "float", "data": 0.002}}, {"type": "dict", "image_number": {"type": "int", "data": 21}, "Hcamera2end": {"type": "ndarray", "data": [[0.9999996667853478, 0.0008093074230509762, 0.00010700788901679253, -0.014917796369240035], [-0.00010729649771810604, 0.0003565769436528754, 0.9999999306701701, 0.03576824641267507], [0.0008092692103958178, -0.9999996089371128, 0.0003566636606883167, 0.03303212254537707], [0.0, 0.0, 0.0, 1.0]]}, "Hobj2base": {"type": "ndarray", "data": [[0.9999996035205196, 0.0008651964180017619, -0.00021069874653775067, -0.7348069535473801], [0.0008652032460415871, -0.9999996251893863, 3.23176544924654e-05, 0.08836625733557064], [-0.00021067070644671898, -3.24999389186199e-05, -0.9999999772808037, -0.008060791208741837], [0.0, 0.0, 0.0, 1.0]]}, "mean_rme": {"type": "float", "data": 0.001589701287870935}, "max_rme": {"type": "float", "data": 0.006435557847733142}, "simu": {"type": "float", "data": 0.002}}, {"type": "dict", "image_number": {"type": "int", "data": 22}, "Hcamera2end": {"type": "ndarray", "data": [[0.9999998137163393, 0.0006062626830155371, 7.080145418462161e-05, -0.014880873131508432], [-7.10002530563422e-05, 0.00032789356105789036, 0.9999999437223867, 0.03572678495304736], [0.0006062394335555796, -0.9999997624656577, 0.00032793654478069367, 0.032922550349836675], [0.0, 0.0, 0.0, 1.0]]}, "Hobj2base": {"type": "ndarray", "data": [[0.9999997566504328, 0.0006734339626171259, -0.0001821696275009712, -0.7347138720634174], [0.000673442172847267, -0.9999997722247733, 4.5011564033884594e-05, 0.08851712821053169], [-0.00018213927369131213, -4.5134233790110994e-05, -0.9999999823940926, -0.007973160571534625], [0.0, 0.0, 0.0, 1.0]]}, "mean_rme": {"type": "float", "data": 0.0015693320398413048}, "max_rme": {"type": "float", "data": 0.006512810293228866}, "simu": {"type": "float", "data": 0.002}}, {"type": "dict", "image_number": {"type": "int", "data": 23}, "Hcamera2end": {"type": "ndarray", "data": [[0.9999998603827012, 0.0005013283468956059, 0.00016704630148960575, -0.014915804619657174], [-0.0001671863822438659, 0.0002793902784945512, 0.9999999469948914, 0.03561651746966241], [0.0005012816492099479, -0.9999998353054668, 0.0002794740547594765, 0.03302544196156413], [0.0, 0.0, 0.0, 1.0]]}, "Hobj2base": {"type": "ndarray", "data": [[0.9999998518605812, 0.0005301604697396945, -0.00012332352555500818, -0.7345733383836427], [0.0005301596171802967, -0.9999998594412585, -6.9457813746682735e-06, 0.08859142514313159], [-0.0001233271905995249, 6.88039919262669e-06, -0.9999999923715321, -0.007889886382940015], [0.0, 0.0, 0.0, 1.0]]}, "mean_rme": {"type": "float", "data": 0.0015829514678981317}, "max_rme": {"type": "float", "data": 0.006487953530155521}, "simu": {"type": "float", "data": 0.002}}, {"type": "dict", "image_number": {"type": "int", "data": 24}, "Hcamera2end": {"type": "ndarray", "data": [[0.9999999128552993, 0.00035473169505462996, 0.00022012455190327252, -0.01517971636805546], [-0.000220264730662962, 0.00039517780483999676, 0.9999998976589701, 0.035578110957424754], [0.00035464467041381055, -0.9999998589999535, 0.0003952559052835536, 0.033101166088782406], [0.0, 0.0, 0.0, 1.0]]}, "Hobj2base": {"type": "ndarray", "data": [[0.9999999070604519, 0.000384047994783, -0.000195924028846124, -0.7348463061411742], [0.0003840634239573793, -0.9999999231492795, 7.871925742954494e-05, 0.08852348769555286], [-0.00019589378181625457, -7.87944973667669e-05, -0.9999999777085264, -0.007791995779569699], [0.0, 0.0, 0.0, 1.0]]}, "mean_rme": {"type": "float", "data": 0.0015880158190208723}, "max_rme": {"type": "float", "data": 0.006548454457471653}, "simu": {"type": "float", "data": 0.002}}, {"type": "dict", "image_number": {"type": "int", "data": 25}, "Hcamera2end": {"type": "ndarray", "data": [[0.9999995090122631, 0.0009807575138259667, 0.00014173895657823077, -0.015156533437280293], [-0.00014214453181290006, 0.00041347528377633225, 0.9999999044165563, 0.03393723364147718], [0.0009806988145264926, -0.999999433576284, 0.0004136144900825922, 0.03307136224364888], [0.0, 0.0, 0.0, 1.0]]}, "Hobj2base": {"type": "ndarray", "data": [[0.9999995025726449, 0.000992105888163878, -0.00010286092297036013, -0.7348689142064955], [0.0009921255818732544, -0.9999994894907513, 0.0001915856637757087, 0.08827775774957937], [-0.00010267079719378797, -0.00019168761942881267, -0.9999999763572818, -0.006215583220892312], [0.0, 0.0, 0.0, 1.0]]}, "mean_rme": {"type": "float", "data": 0.0015336749401187633}, "max_rme": {"type": "float", "data": 0.005665815163041821}, "simu": {"type": "float", "data": 0.002}}, {"type": "dict", "image_number": {"type": "int", "data": 26}, "Hcamera2end": {"type": "ndarray", "data": [[0.9999991210170877, 0.0013205221231928006, 0.00011910656681271819, -0.015132424483067241], [-0.00011968186898323905, 0.0004355921909983129, 0.9999998979678414, 0.032883132691498285], [0.0013204701065666776, -0.9999990332399152, 0.0004357498506759594, 0.03304330505720871], [0.0, 0.0, 0.0, 1.0]]}, "Hobj2base": {"type": "ndarray", "data": [[0.9999990990634504, 0.0013393685885848012, -8.924164622388324e-05, -0.7349173519980806], [0.001339390725867759, -0.9999990721486998, 0.0002484637243142426, 0.08812530084172242], [-8.89087789131565e-05, -0.00024858302989750556, -0.9999999651508522, -0.005180408053131836], [0.0, 0.0, 0.0, 1.0]]}, "mean_rme": {"type": "float", "data": 0.0014981911824514357}, "max_rme": {"type": "float", "data": 0.005063266469345851}, "simu": {"type": "float", "data": 0.002}}, {"type": "dict", "image_number": {"type": "int", "data": 27}, "Hcamera2end": {"type": "ndarray", "data": [[0.9999988764165568, 0.0014925645847477182, 0.00013934340380721444, -0.01503590246562063], [-0.0001399260243620939, 0.0003902513278952746, 0.9999999140623004, 0.03196111606798055], [0.0014925100775317825, -0.9999988099767223, 0.0003904597380437469, 0.03299185682889531], [0.0, 0.0, 0.0, 1.0]]}, "Hobj2base": {"type": "ndarray", "data": [[0.9999988694493287, 0.0015005325239402627, -9.747927452343043e-05, -0.7349857528738348], [0.0015005699261241917, -0.9999988001239379, 0.0003847604204176434, 0.08814024179621871], [-9.690181203562079e-05, -0.00038490625989426205, -0.9999999212286017, -0.004212456802021665], [0.0, 0.0, 0.0, 1.0]]}, "mean_rme": {"type": "float", "data": 0.0014942887117565965}, "max_rme": {"type": "float", "data": 0.004603873466471453}, "simu": {"type": "float", "data": 0.002}}, {"type": "dict", "image_number": {"type": "int", "data": 28}, "Hcamera2end": {"type": "ndarray", "data": [[0.99999889517714, 0.0014799245575029107, 0.00013952707087624028, -0.014999564774149255], [-0.00014012836532068895, 0.0004062048334844137, 0.9999999076808331, 0.031444688013584444], [0.0014798677443069166, -0.9999988224097754, 0.0004064117641090492, 0.03302055439416456], [0.0, 0.0, 0.0, 1.0]]}, "Hobj2base": {"type": "ndarray", "data": [[0.9999989005722438, 0.0014813862264432538, -6.594809797109284e-05, -0.7349463168095259], [0.001481414559782384, -0.9999988095329118, 0.0004316754124618618, 0.08813830198798027], [-6.530854145173744e-05, -0.00043177263433845603, -0.9999999046535888, -0.0036967938050827148], [0.0, 0.0, 0.0, 1.0]]}, "mean_rme": {"type": "float", "data": 0.0014833208054674707}, "max_rme": {"type": "float", "data": 0.004519089943371357}, "simu": {"type": "float", "data": 0.002}}, {"type": "dict", "image_number": {"type": "int", "data": 29}, "Hcamera2end": {"type": "ndarray", "data": [[0.9999980035402394, 0.001996938975057243, 7.176534835975966e-05, -0.015119509839696475], [-7.263400856710083e-05, 0.0004349267475036722, 0.9999999027815076, 0.03153397902252121], [0.0019969075682483013, -0.9999979115345461, 0.0004350709248726048, 0.032997299252224055], [0.0, 0.0, 0.0, 1.0]]}, "Hobj2base": {"type": "ndarray", "data": [[0.9999980098205052, 0.0019948800320883087, -2.84374079983503e-05, -0.7349999026435123], [0.001994889768525708, -0.9999979501511562, 0.0003465664386388863, 0.0878925859867271], [-2.7745991237729734e-05, -0.00034662247840372586, -0.9999999395415067, -0.0038632480778348433], [0.0, 0.0, 0.0, 1.0]]}, "mean_rme": {"type": "float", "data": 0.00147440473541852}, "max_rme": {"type": "float", "data": 0.004617000122595194}, "simu": {"type": "float", "data": 0.002}}, {"type": "dict", "image_number": {"type": "int", "data": 30}, "Hcamera2end": {"type": "ndarray", "data": [[0.9999976154732607, 0.002180842435340602, 0.00011390375244315406, -0.015120358433812257], [-0.00011487005245871076, 0.0004429655328086479, 0.9999998952931984, 0.03168416469230694], [0.0021807917515551754, -0.9999975238508388, 0.0004432149900305271, 0.03298107878204066], [0.0, 0.0, 0.0, 1.0]]}, "Hobj2base": {"type": "ndarray", "data": [[0.9999976062871304, 0.0021877155377914683, -3.634191689291603e-05, -0.7350451192097348], [0.00218772785106941, -0.9999975483339343, 0.0003423053773561523, 0.08787118039974322], [-3.5592961001959976e-05, -0.0003423840641991131, -0.9999999407531457, -0.0039865383934302575], [0.0, 0.0, 0.0, 1.0]]}, "mean_rme": {"type": "float", "data": 0.0014503435725130582}, "max_rme": {"type": "float", "data": 0.0046026530758844775}, "simu": {"type": "float", "data": 0.002}}]}