{"type": "list", "data": [{"type": "dict", "image_number": {"type": "int", "data": 5}, "Hcamera2end": {"type": "ndarray", "data": [[0.999998494794111, 0.0015451007803222385, 0.0007893497900263442, -0.015526876797208416], [-0.000790284299264924, 0.0006043038308662929, 0.999999505133681, 0.03367322411531598], [0.0015446230086018958, -0.9999986237392826, 0.0006055239901521237, 0.035544871487339404], [0.0, 0.0, 0.0, 1.0]]}, "Hobj2base": {"type": "ndarray", "data": [[0.9999979467578366, 0.0012605186471560587, -0.0015866861224666084, -0.7386513245968305], [0.001261710615427508, -0.999998922451506, 0.0007504546281239073, 0.09016514153890266], [-0.0015857384506827725, -0.0007524550259828907, -0.9999984596213132, 0.0030602647007993864], [0.0, 0.0, 0.0, 1.0]]}, "mean_rme": {"type": "float", "data": 0.0010435516405617182}, "max_rme": {"type": "float", "data": 0.0038502927805939002}, "simu": {"type": "float", "data": 0.002}}, {"type": "dict", "image_number": {"type": "int", "data": 6}, "Hcamera2end": {"type": "ndarray", "data": [[0.9999969648442126, 0.002167425475046206, 0.0011715669732407213, -0.01585824490420948], [-0.0011716840028741112, 5.2725784105867035e-05, 0.9999993121880578, 0.03485165338977118], [0.0021673622124777844, -0.9999976497406388, 5.526516183140817e-05, 0.03560012946972613], [0.0, 0.0, 0.0, 1.0]]}, "Hobj2base": {"type": "ndarray", "data": [[0.9999968549816631, 0.0020694595907252075, -0.0014168146614879347, -0.7383358317668328], [0.0020714902443562293, -0.9999968273007158, 0.0014332887599058251, 0.08919798702283155], [-0.0014138440331906072, -0.0014362191699357262, -0.9999979691577106, 0.002181050059705638], [0.0, 0.0, 0.0, 1.0]]}, "mean_rme": {"type": "float", "data": 0.0009217455720677321}, "max_rme": {"type": "float", "data": 0.003051468903220278}, "simu": {"type": "float", "data": 0.002}}, {"type": "dict", "image_number": {"type": "int", "data": 7}, "Hcamera2end": {"type": "ndarray", "data": [[0.999997421785414, 0.0020574299863891305, -0.0009609393195979375, -0.014269334353670466], [0.0009611845011688162, -0.00011818338304547815, 0.9999995310784117, 0.03526210448120262], [0.002057315454556101, -0.9999978765050151, -0.00012016064815867367, 0.036943058825390944], [0.0, 0.0, 0.0, 1.0]]}, "Hobj2base": {"type": "ndarray", "data": [[0.9999969625955287, 0.0019312612390553652, -0.001531348994591257, -0.7395012038203514], [0.0019301721749798658, -0.9999978835021766, -0.0007123387828238587, 0.08990996492509624], [-0.0015327214657747871, 0.0007093808519433113, -0.9999985737708403, 0.0020382966349735848], [0.0, 0.0, 0.0, 1.0]]}, "mean_rme": {"type": "float", "data": 0.0010647827409094378}, "max_rme": {"type": "float", "data": 0.0031940187822082633}, "simu": {"type": "float", "data": 0.002}}, {"type": "dict", "image_number": {"type": "int", "data": 8}, "Hcamera2end": {"type": "ndarray", "data": [[0.9999984598896444, 0.001696029658740929, 0.00045133328698410667, -0.01394078546655569], [-0.00045095016508525296, -0.00022626901929911902, 0.9999998727231318, 0.035583622236005794], [0.0016961315656158086, -0.9999985361417925, -0.0002255038459653136, 0.036860261112223944], [0.0, 0.0, 0.0, 1.0]]}, "Hobj2base": {"type": "ndarray", "data": [[0.9999977606258863, 0.0016207863949972382, -0.0013608066263827952, -0.7395625814189903], [0.0016215078179748486, -0.9999985453246718, 0.0005292078382013163, 0.09035215427356301], [-0.0013599469139866872, -0.0005314132116904143, -0.9999989340716264, 0.0011349457053374465], [0.0, 0.0, 0.0, 1.0]]}, "mean_rme": {"type": "float", "data": 0.001172067143973217}, "max_rme": {"type": "float", "data": 0.003696830033730336}, "simu": {"type": "float", "data": 0.002}}, {"type": "dict", "image_number": {"type": "int", "data": 9}, "Hcamera2end": {"type": "ndarray", "data": [[0.9999973285520031, 0.0015185475872129684, 0.0017426709622239513, -0.01604664200738086], [-0.001742612289885566, -3.995940682388621e-05, 0.9999984808516726, 0.03582334581533983], [0.0015186149164118808, -0.99999884620757, -3.731306038612381e-05, 0.03499166463060317], [0.0, 0.0, 0.0, 1.0]]}, "Hobj2base": {"type": "ndarray", "data": [[0.9999980597403711, 0.0012849897098700723, -0.001493089728904064, -0.7370148084135837], [0.0012875162254349913, -0.9999977390194537, 0.0016924118738374128, 0.08998591874736868], [-0.0014909116212144895, -0.001694330967370973, -0.9999974532093128, 0.0017904260034357572], [0.0, 0.0, 0.0, 1.0]]}, "mean_rme": {"type": "float", "data": 0.0017297196958206262}, "max_rme": {"type": "float", "data": 0.006147245025377279}, "simu": {"type": "float", "data": 0.002}}, {"type": "dict", "image_number": {"type": "int", "data": 10}, "Hcamera2end": {"type": "ndarray", "data": [[0.9999990855514105, 0.0011768654496576308, -0.0006662462429574796, -0.013139881061880696], [0.000666051793250815, 0.0001656109953055429, 0.9999997644739758, 0.03589371525950462], [0.0011769755101786051, -0.9999992937801065, 0.00016482699051956207, 0.034116254934960386], [0.0, 0.0, 0.0, 1.0]]}, "Hobj2base": {"type": "ndarray", "data": [[0.9999981433993784, 0.0008734549474340392, -0.0017176362394198553, -0.7358996354634426], [0.00087232809882573, -0.9999994039034767, -0.0006566859058140056, 0.09139652375105725], [-0.0017182088010962086, 0.0006551863442553374, -0.9999983092432556, 0.0011700613700650175], [0.0, 0.0, 0.0, 1.0]]}, "mean_rme": {"type": "float", "data": 0.0018369357619398606}, "max_rme": {"type": "float", "data": 0.006371035266780289}, "simu": {"type": "float", "data": 0.002}}, {"type": "dict", "image_number": {"type": "int", "data": 11}, "Hcamera2end": {"type": "ndarray", "data": [[0.9999993719581693, 0.000872368140358776, -0.0007036029381365208, -0.01304418712800982], [0.0007033671132842418, 0.00027060455203364864, 0.9999997160238997, 0.03525912865475273], [0.0008725582907849575, -0.9999995828734148, 0.00026999078702205637, 0.033931516128398696], [0.0, 0.0, 0.0, 1.0]]}, "Hobj2base": {"type": "ndarray", "data": [[0.999998633344541, 0.0006261887474455779, -0.0015300969586288142, -0.7357175569901417], [0.0006248491017098967, -0.9999994212239656, -0.000875851205715657, 0.09193573676966005], [-0.0015306445212148194, 0.0008748939290186972, -0.9999984458427738, 0.0013887915237996303], [0.0, 0.0, 0.0, 1.0]]}, "mean_rme": {"type": "float", "data": 0.0018852602620080701}, "max_rme": {"type": "float", "data": 0.006340497643299914}, "simu": {"type": "float", "data": 0.002}}, {"type": "dict", "image_number": {"type": "int", "data": 12}, "Hcamera2end": {"type": "ndarray", "data": [[0.999999125546169, 0.0009851043540058267, -0.0008823130447979257, -0.01279710954225463], [0.0008816398640036733, 0.0006835851361568501, 0.9999993777110621, 0.03559238691636852], [0.0009857068770691456, -0.9999992811401281, 0.000682716031124575, 0.033047287677126315], [0.0, 0.0, 0.0, 1.0]]}, "Hobj2base": {"type": "ndarray", "data": [[0.9999980144374145, 0.0006057016779030196, -0.0018984853715231559, -0.7351067704787297], [0.0006034312289990119, -0.9999991024025783, -0.0011962712024440934, 0.09223922502117647], [-0.0018992082509221287, 0.0011951232218117768, -0.9999974823410831, 0.0013214159328630477], [0.0, 0.0, 0.0, 1.0]]}, "mean_rme": {"type": "float", "data": 0.0018957484143173509}, "max_rme": {"type": "float", "data": 0.006325501786284715}, "simu": {"type": "float", "data": 0.002}}, {"type": "dict", "image_number": {"type": "int", "data": 13}, "Hcamera2end": {"type": "ndarray", "data": [[0.9999996553414315, 0.0004435914246951544, -0.0007018145524777835, -0.01257234906432037], [0.0007014976138622205, 0.0007142354085476477, 0.9999994988843138, 0.03582031615842005], [0.00044409246320814674, -0.999999646547152, 0.0007139239840542322, 0.03290943953057756], [0.0, 0.0, 0.0, 1.0]]}, "Hobj2base": {"type": "ndarray", "data": [[0.999998671011993, 0.0001616178448565303, -0.0016222989613124705, -0.7351518862328147], [0.00015995641920316317, -0.9999994627185509, -0.0010241955637546765, 0.09237129192736439], [-0.0016224636179610597, 0.001023934705478327, -0.9999981595830698, 0.000814817989071553], [0.0, 0.0, 0.0, 1.0]]}, "mean_rme": {"type": "float", "data": 0.0018944675622334212}, "max_rme": {"type": "float", "data": 0.006677790694492647}, "simu": {"type": "float", "data": 0.002}}, {"type": "dict", "image_number": {"type": "int", "data": 14}, "Hcamera2end": {"type": "ndarray", "data": [[0.9999996457845889, 0.0004943668958033305, -0.0006811989936901623, -0.012678068847192102], [0.0006808720560962587, 0.000661193078551614, 0.9999995496183768, 0.03571082324415288], [0.0004948170772093097, -0.9999996592124848, 0.000660856243742014, 0.032925596772005225], [0.0, 0.0, 0.0, 1.0]]}, "Hobj2base": {"type": "ndarray", "data": [[0.999998699740464, 0.00015917591621194364, -0.0016047368660348854, -0.7350543555818515], [0.00015774807001009506, -0.9999995916349607, -0.0008898569875384184, 0.09231941221109806], [-0.0016048778545177409, 0.0008896026863498934, -0.9999983164856492, 0.0007633411889623623], [0.0, 0.0, 0.0, 1.0]]}, "mean_rme": {"type": "float", "data": 0.0018518079019831351}, "max_rme": {"type": "float", "data": 0.006544837757803179}, "simu": {"type": "float", "data": 0.002}}, {"type": "dict", "image_number": {"type": "int", "data": 15}, "Hcamera2end": {"type": "ndarray", "data": [[0.9999997196520477, 0.000500139352240904, -0.0005572759230437089, -0.012693092629312702], [0.0005571153845486074, 0.0003210694659342428, 0.9999997932684017, 0.03571756960483524], [0.000500318173129286, -0.9999998233874976, 0.0003207907405955446, 0.03290041383999718], [0.0, 0.0, 0.0, 1.0]]}, "Hobj2base": {"type": "ndarray", "data": [[0.9999989824706129, 0.00022711328988132053, -0.0014083597879468383, -0.7349188504609676], [0.00022630265933582536, -0.9999998086682211, -0.0005757174892743278, 0.09247965106890946], [-0.0014084902715758862, 0.0005753981878995498, -0.9999988425353703, 0.0006771163047146274], [0.0, 0.0, 0.0, 1.0]]}, "mean_rme": {"type": "float", "data": 0.0018051552205018758}, "max_rme": {"type": "float", "data": 0.006654550479411936}, "simu": {"type": "float", "data": 0.002}}, {"type": "dict", "image_number": {"type": "int", "data": 16}, "Hcamera2end": {"type": "ndarray", "data": [[0.9999995458799851, 0.0005568600432800433, -0.0007733994542367353, -0.012427793744170213], [0.0007730728766145638, 0.0005864392601498958, 0.9999995292235498, 0.03535503927025134], [0.000557313332927192, -0.9999996729978896, 0.0005860085004406601, 0.03223124634610502], [0.0, 0.0, 0.0, 1.0]]}, "Hobj2base": {"type": "ndarray", "data": [[0.9999984585447186, 0.00016957044376128742, -0.001747613816449944, -0.7343563656839271], [0.00016852834759268089, -0.9999998079367305, -0.0005964266072132178, 0.09246921745563906], [-0.0017477146171219773, 0.0005961311653795577, -0.9999982950591719, 0.000978978914392619], [0.0, 0.0, 0.0, 1.0]]}, "mean_rme": {"type": "float", "data": 0.0018180583546914414}, "max_rme": {"type": "float", "data": 0.00657891392619403}, "simu": {"type": "float", "data": 0.002}}, {"type": "dict", "image_number": {"type": "int", "data": 17}, "Hcamera2end": {"type": "ndarray", "data": [[0.9999994380571556, 0.0004794243022316553, -0.0009455356743233033, -0.012835747366205323], [0.0009449837355113542, 0.0011501758046926769, 0.9999988920500651, 0.035256382516143034], [0.0004805113033086112, -0.999999223623677, 0.0011497221101915978, 0.03156722422058484], [0.0, 0.0, 0.0, 1.0]]}, "Hobj2base": {"type": "ndarray", "data": [[0.9999973305004323, -0.00010808356639523731, -0.002308096607993747, -0.7341974517195137], [-0.00010952213303443288, -0.9999997998429844, -0.0006231523839216851, 0.09208255815188685], [-0.002308028793479956, 0.0006234035080804226, -0.9999971421814937, 0.0014474292270110082], [0.0, 0.0, 0.0, 1.0]]}, "mean_rme": {"type": "float", "data": 0.0018389897553654456}, "max_rme": {"type": "float", "data": 0.006424333105238378}, "simu": {"type": "float", "data": 0.002}}, {"type": "dict", "image_number": {"type": "int", "data": 18}, "Hcamera2end": {"type": "ndarray", "data": [[0.9999993175659101, 0.0006757288742801057, -0.0009530258141728191, -0.01316881200303631], [0.0009523949418267314, 0.0009333254857573081, 0.9999991109233108, 0.03509810419758334], [0.0006766177567862674, -0.9999993361467925, 0.0009326812880622315, 0.032083823801615924], [0.0, 0.0, 0.0, 1.0]]}, "Hobj2base": {"type": "ndarray", "data": [[0.9999977358370333, 0.00011112737138154128, -0.0021250815311716484, -0.7344215709238368], [0.0001099293929205297, -0.9999998349991677, -0.000563841436381314, 0.09171709209327943], [-0.0021251438387481286, 0.0005636065508297863, -0.999997583052739, 0.0017926156474663774], [0.0, 0.0, 0.0, 1.0]]}, "mean_rme": {"type": "float", "data": 0.001860363215699557}, "max_rme": {"type": "float", "data": 0.006141359394157109}, "simu": {"type": "float", "data": 0.002}}, {"type": "dict", "image_number": {"type": "int", "data": 19}, "Hcamera2end": {"type": "ndarray", "data": [[0.9999994303259295, 0.0006911211315575299, -0.0008134490751329238, -0.013333101111184744], [0.0008128918963779801, 0.000806094282496117, 0.9999993447091713, 0.035277291815205426], [0.0006917763953207572, -0.9999994362816356, 0.0008055320165177848, 0.03240011373776239], [0.0, 0.0, 0.0, 1.0]]}, "Hobj2base": {"type": "ndarray", "data": [[0.9999980621534426, 0.00017605315521639704, -0.00196078929161085, -0.7346672660915342], [0.00017499987459435197, -0.9999998403255466, -0.0005373303690845142, 0.09170160318835392], [-0.0019608835772297623, 0.0005369861899405704, -0.9999979332885787, 0.0015517897355994872], [0.0, 0.0, 0.0, 1.0]]}, "mean_rme": {"type": "float", "data": 0.0018259593877603367}, "max_rme": {"type": "float", "data": 0.006147771010003078}, "simu": {"type": "float", "data": 0.002}}, {"type": "dict", "image_number": {"type": "int", "data": 20}, "Hcamera2end": {"type": "ndarray", "data": [[0.9999994758211614, 0.0007305481834309202, -0.0007173958140541547, -0.013441135118395127], [0.0007170129182099406, 0.0005242483703679079, 0.999999605527983, 0.035395468166398214], [0.0007309239888365313, -0.9999995957314174, 0.0005237242830831157, 0.03278620192261739], [0.0, 0.0, 0.0, 1.0]]}, "Hobj2base": {"type": "ndarray", "data": [[0.9999985069115199, 0.0002913387382950527, -0.0017033192508719595, -0.7349164016615174], [0.0002904238612385941, -0.999999813461484, -0.0005373369311805401, 0.09165795999928943], [-0.0017034754802008841, 0.000536841444335198, -0.9999984049850037, 0.0014209862366903552], [0.0, 0.0, 0.0, 1.0]]}, "mean_rme": {"type": "float", "data": 0.0017643581214966818}, "max_rme": {"type": "float", "data": 0.006196367412737158}, "simu": {"type": "float", "data": 0.002}}, {"type": "dict", "image_number": {"type": "int", "data": 21}, "Hcamera2end": {"type": "ndarray", "data": [[0.9999990872838675, 0.0010100104877648567, -0.0008973907991655984, -0.013180523531300342], [0.0008967092105683913, 0.000675083841504498, 0.9999993700870008, 0.035391643550570256], [0.0010106156655741527, -0.9999992620700383, 0.0006741775396373884, 0.032691245298997126], [0.0, 0.0, 0.0, 1.0]]}, "Hobj2base": {"type": "ndarray", "data": [[0.9999981281128885, 0.0005366225117686477, -0.0018589800964319298, -0.735087839890724], [0.0005351731295633738, -0.9999995525362699, -0.0007800749844660222, 0.09165296643308872], [-0.0018593978704032938, 0.0007790786480577093, -0.9999979678359452, 0.0013141137578864047], [0.0, 0.0, 0.0, 1.0]]}, "mean_rme": {"type": "float", "data": 0.0017779363788486427}, "max_rme": {"type": "float", "data": 0.006419803543931957}, "simu": {"type": "float", "data": 0.002}}, {"type": "dict", "image_number": {"type": "int", "data": 22}, "Hcamera2end": {"type": "ndarray", "data": [[0.9999988145461225, 0.0011071332727877717, -0.0010701225471720678, -0.01312875737728387], [0.0010693660830678672, 0.0006836303085764328, 0.9999991945525664, 0.035337105910046324], [0.0011078639492572563, -0.9999991534524004, 0.0006824455673928309, 0.03264465093356333], [0.0, 0.0, 0.0, 1.0]]}, "Hobj2base": {"type": "ndarray", "data": [[0.9999982523476666, 0.0006702923579903585, -0.0017452821454983615, -0.7350287345729609], [0.0006686631083811582, -0.9999993403294829, -0.0009339326778421717, 0.09153452423541532], [-0.0017459070021240211, 0.000932764039868137, -0.999998040878074, 0.0012062130172019634], [0.0, 0.0, 0.0, 1.0]]}, "mean_rme": {"type": "float", "data": 0.0017786295007190327}, "max_rme": {"type": "float", "data": 0.006360896431929053}, "simu": {"type": "float", "data": 0.002}}, {"type": "dict", "image_number": {"type": "int", "data": 23}, "Hcamera2end": {"type": "ndarray", "data": [[0.9999991736849553, 0.000473480431639419, -0.0011951760069493981, -0.013322133857261663], [0.0011948316623790764, 0.0007268790564919358, 0.9999990220115895, 0.03518060207297421], [0.0004743487169893173, -0.9999996237314881, 0.0007263127264496294, 0.03265330896063385], [0.0, 0.0, 0.0, 1.0]]}, "Hobj2base": {"type": "ndarray", "data": [[0.9999989512962083, 0.0001099194872731357, -0.0014440651612332464, -0.73497729002706], [0.00010842566318668945, -0.9999994590317383, -0.001034495097590034, 0.09155546019394142], [-0.0014441780912105395, 0.0010343374389883112, -0.9999984222466072, 0.0014349253576179158], [0.0, 0.0, 0.0, 1.0]]}, "mean_rme": {"type": "float", "data": 0.0017407655976089385}, "max_rme": {"type": "float", "data": 0.006180690948683398}, "simu": {"type": "float", "data": 0.002}}, {"type": "dict", "image_number": {"type": "int", "data": 24}, "Hcamera2end": {"type": "ndarray", "data": [[0.999999466449614, 0.000617325145825354, -0.000828257297915802, -0.013709794535057048], [0.000827814975849279, 0.0007164253706402057, 0.9999994007283473, 0.03521564814103293], [0.0006179181604215383, -0.9999995528220762, 0.0007159139573904572, 0.03280465661588998], [0.0, 0.0, 0.0, 1.0]]}, "Hobj2base": {"type": "ndarray", "data": [[0.9999990105936275, 0.00027455475933137527, -0.0013796490315451447, -0.735194975848886], [0.0002735859433731991, -0.9999997159213774, -0.0007023588090580103, 0.0913700647295571], [-0.001379841475570133, 0.0007019806615579095, -0.9999988016296086, 0.001434715325937655], [0.0, 0.0, 0.0, 1.0]]}, "mean_rme": {"type": "float", "data": 0.0016936562037023059}, "max_rme": {"type": "float", "data": 0.006189447883146737}, "simu": {"type": "float", "data": 0.002}}, {"type": "dict", "image_number": {"type": "int", "data": 25}, "Hcamera2end": {"type": "ndarray", "data": [[0.9999994906405192, 0.0005501036445551089, -0.0008462296866228055, -0.013653594865341621], [0.0008458211962017095, 0.0007423789319540575, 0.9999993667298123, 0.03536960990936396], [0.0005507315192818136, -0.9999995731296597, 0.0007419132644936877, 0.03278321770080428], [0.0, 0.0, 0.0, 1.0]]}, "Hobj2base": {"type": "ndarray", "data": [[0.9999990701876685, 0.00021830344067247506, -0.0013460933868436433, -0.7352182609330228], [0.00021733958121250118, -0.9999997199486275, -0.0007161467534424787, 0.09129869594050309], [-0.001346249347168646, 0.0007158535281874268, -0.9999988375825348, 0.001259602850949817], [0.0, 0.0, 0.0, 1.0]]}, "mean_rme": {"type": "float", "data": 0.0016623175914155905}, "max_rme": {"type": "float", "data": 0.006244167721743243}, "simu": {"type": "float", "data": 0.002}}, {"type": "dict", "image_number": {"type": "int", "data": 26}, "Hcamera2end": {"type": "ndarray", "data": [[0.9999994851927997, 0.0005736683201079437, -0.000836970007852339, -0.013711810372250654], [0.0008365678883977556, 0.000700843474191748, 0.9999994044861191, 0.03527415927654203], [0.0005742545634485935, -0.9999995898614575, 0.0007003632008972804, 0.032821356958004186], [0.0, 0.0, 0.0, 1.0]]}, "Hobj2base": {"type": "ndarray", "data": [[0.9999991424495812, 0.00025568791141365775, -0.0012844157403638075, -0.7351183695706826], [0.0002547621535644195, -0.9999997077185998, -0.0007208737472703602, 0.09118388966173321], [-0.0012845996836558092, 0.0007205459085646893, -0.9999989153080346, 0.0012088543174419218], [0.0, 0.0, 0.0, 1.0]]}, "mean_rme": {"type": "float", "data": 0.0017114635435003917}, "max_rme": {"type": "float", "data": 0.006106230692496661}, "simu": {"type": "float", "data": 0.002}}, {"type": "dict", "image_number": {"type": "int", "data": 27}, "Hcamera2end": {"type": "ndarray", "data": [[0.9999994127965693, 0.0007248687437594474, -0.0008055878728103784, -0.013531706575781174], [0.0008050198866437153, 0.0007835219417653416, 0.9999993690179754, 0.035377744491063394], [0.0007254994821546668, -0.9999994303291733, 0.0007829379479246112, 0.03253068741929114], [0.0, 0.0, 0.0, 1.0]]}, "Hobj2base": {"type": "ndarray", "data": [[0.9999989237594856, 0.0003273672172312476, -0.0014301435507065566, -0.7350002694394165], [0.00032632921198843525, -0.9999996832325453, -0.0007259779983193146, 0.09138274713485367], [-0.0014303807590807054, 0.0007255105193744479, -0.9999987138218578, 0.0010543572463256406], [0.0, 0.0, 0.0, 1.0]]}, "mean_rme": {"type": "float", "data": 0.0017210499979010419}, "max_rme": {"type": "float", "data": 0.006283627422255134}, "simu": {"type": "float", "data": 0.002}}, {"type": "dict", "image_number": {"type": "int", "data": 28}, "Hcamera2end": {"type": "ndarray", "data": [[0.9999994953978952, 0.0007599660411725649, -0.0006570050008629577, -0.013430009817448336], [0.0006563432646860688, 0.0008706663115635171, 0.9999994055766696, 0.035427653384150874], [0.0007605376215517998, -0.9999993321956718, 0.0008701670736309675, 0.032548420894484405], [0.0, 0.0, 0.0, 1.0]]}, "Hobj2base": {"type": "ndarray", "data": [[0.9999987517424204, 0.00029901995564836646, -0.001551483376375653, -0.7351206587914285], [0.00029803308881752333, -0.999999753167238, -0.0006362717512898676, 0.09155571236048855], [-0.0015516732513695766, 0.000635808563675921, -0.9999985940278076, 0.001093100538009238], [0.0, 0.0, 0.0, 1.0]]}, "mean_rme": {"type": "float", "data": 0.0017393068218453703}, "max_rme": {"type": "float", "data": 0.006435058159293239}, "simu": {"type": "float", "data": 0.002}}, {"type": "dict", "image_number": {"type": "int", "data": 29}, "Hcamera2end": {"type": "ndarray", "data": [[0.9999995235159282, 0.0008043063158850398, -0.000553226234706833, -0.013329688370312683], [0.0005524693771367343, 0.0009409244625484536, 0.9999994047191945, 0.03548094160328297], [0.0008048263811944873, -0.9999992338759596, 0.0009404796596035325, 0.032601737925936465], [0.0, 0.0, 0.0, 1.0]]}, "Hobj2base": {"type": "ndarray", "data": [[0.9999986217947021, 0.0002906284569899824, -0.0016346081476092378, -0.7352436515105746], [0.00028967146302871517, -0.9999997865440369, -0.0005856640033484762, 0.09170389978641759], [-0.0016347780093179886, 0.0005851896968496474, -0.9999984925258034, 0.0011541015215912618], [0.0, 0.0, 0.0, 1.0]]}, "mean_rme": {"type": "float", "data": 0.0017604329899801887}, "max_rme": {"type": "float", "data": 0.006552406916273734}, "simu": {"type": "float", "data": 0.002}}, {"type": "dict", "image_number": {"type": "int", "data": 30}, "Hcamera2end": {"type": "ndarray", "data": [[0.9999995731076124, 0.000799020018191168, -0.0004640599134851541, -0.013360953053032452], [0.00046324773432998925, 0.0010163543075893955, 0.9999993762125345, 0.03551775652774859], [0.0007994911690645462, -0.9999991642951169, 0.001015983729502401, 0.03256141128312284], [0.0, 0.0, 0.0, 1.0]]}, "Hobj2base": {"type": "ndarray", "data": [[0.999998515321699, 0.0002394722345446867, -0.0017064605024746313, -0.7352308755240278], [0.00023854319684344126, -0.9999998232504199, -0.0005446065309972643, 0.09174721250879116], [-0.0017065906190013784, 0.0005441986578882178, -0.9999983956968537, 0.0012056372557446978], [0.0, 0.0, 0.0, 1.0]]}, "mean_rme": {"type": "float", "data": 0.0017410854197209083}, "max_rme": {"type": "float", "data": 0.006545303295070304}, "simu": {"type": "float", "data": 0.002}}]}