{"type": "list", "data": [{"type": "dict", "image_number": {"type": "int", "data": 5}, "Hcamera2end": {"type": "ndarray", "data": [[0.9999916657112704, 0.003385717557283023, -0.0022815399670000737, -0.016019091227965437], [0.002283166731828434, -0.00047669131412564347, 0.9999972799538336, 0.026510817438748474], [0.003384620757689861, -0.9999941548239236, -0.00048441749893290975, 0.02990653605049161], [0.0, 0.0, 0.0, 1.0]]}, "Hobj2base": {"type": "ndarray", "data": [[0.9999914439691592, 0.004129226597716816, -0.00024794390615968004, -0.73036104647257], [0.004129394645329955, -0.9999912420482571, 0.0006811216096995046, 0.0869514695486757], [-0.000245129229211864, -0.0006821396402404437, -0.9999997372985514, 0.0006197052522793567], [0.0, 0.0, 0.0, 1.0]]}, "mean_rme": {"type": "float", "data": 0.0010056152592655123}, "max_rme": {"type": "float", "data": 0.002764537669583539}, "simu": {"type": "float", "data": 0.002}}, {"type": "dict", "image_number": {"type": "int", "data": 6}, "Hcamera2end": {"type": "ndarray", "data": [[0.9999901895476542, 0.00372882163531738, -0.0023909616598144796, -0.01547768547607243], [0.0023870630963537345, 0.0010496218366906618, 0.9999966001061071, 0.026351770081347908], [0.0037313185632883066, -0.9999924970634588, 0.0010407106069070249, 0.031071619211220487], [0.0, 0.0, 0.0, 1.0]]}, "Hobj2base": {"type": "ndarray", "data": [[0.9999921341083383, 0.003614085618242667, -0.0016340460810656866, -0.7321749890490962], [0.0036154582741489655, -0.9999931131999003, 0.0008378629001150585, 0.08801493456189913], [-0.0016310067194596075, -0.0008437641350003885, -0.9999983139381614, 0.0006462771597722239], [0.0, 0.0, 0.0, 1.0]]}, "mean_rme": {"type": "float", "data": 0.0010857719952290174}, "max_rme": {"type": "float", "data": 0.003239183634979409}, "simu": {"type": "float", "data": 0.002}}, {"type": "dict", "image_number": {"type": "int", "data": 7}, "Hcamera2end": {"type": "ndarray", "data": [[0.9999907644128857, 0.003942501421723537, -0.0017110731931278573, -0.015114326394418396], [0.0017065740071217695, 0.001144282486592485, 0.9999978891091467, 0.02616751027444489], [0.003944451050621521, -0.9999915736145634, 0.0011375437480225514, 0.03106206512128106], [0.0, 0.0, 0.0, 1.0]]}, "Hobj2base": {"type": "ndarray", "data": [[0.9999916657482979, 0.003671682753254031, -0.00178526740405172, -0.7321316670487567], [0.003673924568517786, -0.9999924647561205, 0.001254077048389199, 0.08856288802467727], [-0.0017806493785566186, -0.0012606255343725436, -0.9999976200526941, 0.0003957742561077536], [0.0, 0.0, 0.0, 1.0]]}, "mean_rme": {"type": "float", "data": 0.0010589452609709928}, "max_rme": {"type": "float", "data": 0.003108268233967121}, "simu": {"type": "float", "data": 0.002}}, {"type": "dict", "image_number": {"type": "int", "data": 8}, "Hcamera2end": {"type": "ndarray", "data": [[0.9999905482723348, 0.004311527820606754, -0.000560440761757666, -0.018113232104097536], [0.000552766304131698, 0.0017809714096949092, 0.999998261293614, 0.026464181039699147], [0.004312518453099316, -0.9999891193751511, 0.0017785713091396094, 0.03180949758082268], [0.0, 0.0, 0.0, 1.0]]}, "Hobj2base": {"type": "ndarray", "data": [[0.9999902207971941, 0.003607392255765122, -0.0025583258377091227, -0.7339259006981722], [0.003613343596655944, -0.9999907679269646, 0.0023254696067499456, 0.0866054224966457], [-0.002549913338007734, -0.002334690975794888, -0.9999940235621492, 0.0014883162189100602], [0.0, 0.0, 0.0, 1.0]]}, "mean_rme": {"type": "float", "data": 0.0013714834154491865}, "max_rme": {"type": "float", "data": 0.006250972812228181}, "simu": {"type": "float", "data": 0.002}}, {"type": "dict", "image_number": {"type": "int", "data": 9}, "Hcamera2end": {"type": "ndarray", "data": [[0.9999911453616216, 0.004030601143078679, -0.0012097325231522334, -0.016136951525720863], [0.0012026262982089155, 0.0017650256959476085, 0.9999977191845387, 0.026567741713987056], [0.0040327271590098615, -0.9999903194225023, 0.0017601627603510694, 0.03372366469032494], [0.0, 0.0, 0.0, 1.0]]}, "Hobj2base": {"type": "ndarray", "data": [[0.9999911650795671, 0.003419955682073487, -0.0024441084146613287, -0.7358536995304251], [0.0034240545983201627, -0.9999927353409472, 0.0016748478848938376, 0.08814321671443473], [-0.0024383627535064577, -0.0016832018484020514, -0.9999956105996763, 0.0007570946921402107], [0.0, 0.0, 0.0, 1.0]]}, "mean_rme": {"type": "float", "data": 0.0012815115961897212}, "max_rme": {"type": "float", "data": 0.006802016931004226}, "simu": {"type": "float", "data": 0.002}}, {"type": "dict", "image_number": {"type": "int", "data": 10}, "Hcamera2end": {"type": "ndarray", "data": [[0.9999911179294771, 0.0039668578591049875, -0.001424114068545027, -0.015856202620687022], [0.001417783340151322, 0.0015982601974251498, 0.9999977177247662, 0.026618978949327635], [0.003969124910475889, -0.9999908547597155, 0.0015926218565800454, 0.0335878471871116], [0.0, 0.0, 0.0, 1.0]]}, "Hobj2base": {"type": "ndarray", "data": [[0.9999914892083456, 0.0034293671369482444, -0.0022936765062409508, -0.7356410415612279], [0.0034326782606424596, -0.999993069789312, 0.0014412124432159551, 0.08830376545233753], [-0.0022887181639893875, -0.001449073630837041, -0.9999963309706579, 0.0007221353125357155], [0.0, 0.0, 0.0, 1.0]]}, "mean_rme": {"type": "float", "data": 0.0012205294813412467}, "max_rme": {"type": "float", "data": 0.006926957371463954}, "simu": {"type": "float", "data": 0.002}}, {"type": "dict", "image_number": {"type": "int", "data": 11}, "Hcamera2end": {"type": "ndarray", "data": [[0.9999937384831601, 0.0033676159492126894, -0.0010872705697823255, -0.015007399864835912], [0.001081729850161816, 0.0016466790594173997, 0.9999980591524197, 0.026904801535879208], [0.0033693997988626045, -0.999992973780763, 0.0016430258980125734, 0.03325362574166651], [0.0, 0.0, 0.0, 1.0]]}, "Hobj2base": {"type": "ndarray", "data": [[0.9999935745657226, 0.002926821233994596, -0.002069914184908169, -0.7357642999090146], [0.002929993852978704, -0.999994535018587, 0.0015313618061685073, 0.08886414245176727], [-0.0020654208506143998, -0.0015374168023418414, -0.999996685187649, -0.0002571115791369523], [0.0, 0.0, 0.0, 1.0]]}, "mean_rme": {"type": "float", "data": 0.0013472508602015469}, "max_rme": {"type": "float", "data": 0.007006264470501997}, "simu": {"type": "float", "data": 0.002}}, {"type": "dict", "image_number": {"type": "int", "data": 12}, "Hcamera2end": {"type": "ndarray", "data": [[0.9999926369887315, 0.003537836270257254, -0.001486500201108971, -0.014495245379990265], [0.001480291785411669, 0.0017568343892837568, 0.9999973611310977, 0.02709844512400289], [0.003540438469044124, -0.999992198593296, 0.0017515844237233624, 0.033343320921852125], [0.0, 0.0, 0.0, 1.0]]}, "Hobj2base": {"type": "ndarray", "data": [[0.9999929975131086, 0.003120383192843582, -0.0020659461459556776, -0.7360231391580293], [0.003122757993283798, -0.9999944660598603, 0.0011472716201943712, 0.08904998211577647], [-0.0020623547860520925, -0.0011537150362808668, -0.9999972078132777, -0.0003847948687346984], [0.0, 0.0, 0.0, 1.0]]}, "mean_rme": {"type": "float", "data": 0.001337338118018878}, "max_rme": {"type": "float", "data": 0.007042902927765146}, "simu": {"type": "float", "data": 0.002}}, {"type": "dict", "image_number": {"type": "int", "data": 13}, "Hcamera2end": {"type": "ndarray", "data": [[0.9999929981542744, 0.003454038619097665, -0.0014398818156643408, -0.014658597539873912], [0.0014338647084207324, 0.0017438940229460576, 0.99999745142957, 0.02714298598618427], [0.0034565408175290615, -0.9999925141974089, 0.0017389291883916913, 0.03351279113380483], [0.0, 0.0, 0.0, 1.0]]}, "Hobj2base": {"type": "ndarray", "data": [[0.9999932129837598, 0.0030848677403887727, -0.0020143429303739664, -0.7360177789906532], [0.0030873245982776, -0.9999944927847908, 0.0012177138064191216, 0.08897497745745922], [-0.0020105753509154947, -0.0012239244722540518, -0.9999972297939854, -0.00017931463016250217], [0.0, 0.0, 0.0, 1.0]]}, "mean_rme": {"type": "float", "data": 0.0013417436614926107}, "max_rme": {"type": "float", "data": 0.0071219516215921125}, "simu": {"type": "float", "data": 0.002}}, {"type": "dict", "image_number": {"type": "int", "data": 14}, "Hcamera2end": {"type": "ndarray", "data": [[0.9999933502173438, 0.0033231439400982126, -0.0015020770440129269, -0.014438424386475857], [0.0014966963665375707, 0.0016210475070775887, 0.9999975660495208, 0.02712960692139684], [0.003325570789978063, -0.9999931644363038, 0.0016160629900032752, 0.03299404663461632], [0.0, 0.0, 0.0, 1.0]]}, "Hobj2base": {"type": "ndarray", "data": [[0.9999937685911504, 0.0029934118532084345, -0.0018714337674036984, -0.7354060844127133], [0.0029955501991456063, -0.9999948625369679, 0.0011408675097538297, 0.08909446563538324], [-0.0018680090666552641, -0.001146466374336567, -0.9999975980756051, -0.00010353640414747274], [0.0, 0.0, 0.0, 1.0]]}, "mean_rme": {"type": "float", "data": 0.0014196316661663083}, "max_rme": {"type": "float", "data": 0.007320596220636494}, "simu": {"type": "float", "data": 0.002}}, {"type": "dict", "image_number": {"type": "int", "data": 15}, "Hcamera2end": {"type": "ndarray", "data": [[0.9999936059478108, 0.003244752133200876, -0.0015032122566175235, -0.014496351292404284], [0.0014979364472190262, 0.0016277697388124013, 0.9999975532730453, 0.027202983887882018], [0.0032471910776007045, -0.9999934109529277, 0.0016228988982851522, 0.03288826326271671], [0.0, 0.0, 0.0, 1.0]]}, "Hobj2base": {"type": "ndarray", "data": [[0.9999940673240151, 0.002931380992426093, -0.0018089561217809163, -0.7353601138265721], [0.0029334828181134804, -0.9999950241296758, 0.001160342382402191, 0.0891529607854523], [-0.0018055457150453526, -0.00116564204016877, -0.9999976906389858, -0.00026543247237201066], [0.0, 0.0, 0.0, 1.0]]}, "mean_rme": {"type": "float", "data": 0.0013999058176795798}, "max_rme": {"type": "float", "data": 0.007246249105067951}, "simu": {"type": "float", "data": 0.002}}, {"type": "dict", "image_number": {"type": "int", "data": 16}, "Hcamera2end": {"type": "ndarray", "data": [[0.9999933412614237, 0.003297152564787795, -0.0015640389311969273, -0.014457838426954658], [0.0015585120827895215, 0.0016781523464127757, 0.9999973774189562, 0.027209398680721992], [0.003299768613340249, -0.9999931562714152, 0.0016730025199239718, 0.03278849961440288], [0.0, 0.0, 0.0, 1.0]]}, "Hobj2base": {"type": "ndarray", "data": [[0.9999940028083026, 0.00293536138218235, -0.0018379338901141652, -0.7352899762348227], [0.0029374495697796653, -0.9999950421448518, 0.0011344936055099396, 0.08914719744097811], [-0.0018345946291862196, -0.0011398856398491073, -0.9999976674589168, -0.00014604027698909838], [0.0, 0.0, 0.0, 1.0]]}, "mean_rme": {"type": "float", "data": 0.0013710271503833283}, "max_rme": {"type": "float", "data": 0.00725319797363394}, "simu": {"type": "float", "data": 0.002}}, {"type": "dict", "image_number": {"type": "int", "data": 17}, "Hcamera2end": {"type": "ndarray", "data": [[0.9999946113411181, 0.0028671230045390957, -0.0015990292064433263, -0.013840490183083611], [0.001593429344042222, 0.001954351143416022, 0.9999968207422132, 0.02748929627656103], [0.002870238953773926, -0.9999939800405226, 0.0019497720541559183, 0.032402829147825954], [0.0, 0.0, 0.0, 1.0]]}, "Hobj2base": {"type": "ndarray", "data": [[0.999995255897503, 0.0024514061039278418, -0.0018651516295132109, -0.735471304306572], [0.0024532131646756977, -0.9999965231436667, 0.0009671844430495291, 0.08974072408763893], [-0.0018627741828016395, -0.0009717554691590359, -0.9999977928793904, -0.0006094095687877378], [0.0, 0.0, 0.0, 1.0]]}, "mean_rme": {"type": "float", "data": 0.0014687893737865567}, "max_rme": {"type": "float", "data": 0.00712319680314473}, "simu": {"type": "float", "data": 0.002}}, {"type": "dict", "image_number": {"type": "int", "data": 18}, "Hcamera2end": {"type": "ndarray", "data": [[0.9999979755087849, 0.0006390809285662692, -0.0019080235581552408, -0.014098587543558617], [0.0019067335395109566, 0.0020131160838049444, 0.9999961558580323, 0.02875730510240304], [0.0006429195447616517, -0.9999977694671119, 0.0020118934512282083, 0.03251891416546292], [0.0, 0.0, 0.0, 1.0]]}, "Hobj2base": {"type": "ndarray", "data": [[0.999999612224504, 0.0005067438187520074, -0.0007202510284034535, -0.735398205635303], [0.0005072590480662354, -0.9999996154853275, 0.0007153442920793444, 0.08907845889245934], [-0.000719888255158074, -0.0007157093685373932, -0.9999994847603677, -0.0016211104254427672], [0.0, 0.0, 0.0, 1.0]]}, "mean_rme": {"type": "float", "data": 0.0014696466578411008}, "max_rme": {"type": "float", "data": 0.0070066586789087615}, "simu": {"type": "float", "data": 0.002}}, {"type": "dict", "image_number": {"type": "int", "data": 19}, "Hcamera2end": {"type": "ndarray", "data": [[0.9999980572665986, 0.0005288453865841691, -0.0018988906196881036, -0.013961011982104204], [0.001897902992415905, 0.0018617981998048094, 0.9999964658296023, 0.028613926212071348], [0.0005323788686918206, -0.9999981270132563, 0.0018607908855855504, 0.03283328524165663], [0.0, 0.0, 0.0, 1.0]]}, "Hobj2base": {"type": "ndarray", "data": [[0.9999997261716178, 0.00048202464371693843, -0.0005615237592352531, -0.7356552709376821], [0.0004824894880668118, -0.9999995408217952, 0.0008279855627142853, 0.0891232050692649], [-0.0005611243919499115, -0.000828256265299469, -0.9999994995653623, -0.0015171180434155125], [0.0, 0.0, 0.0, 1.0]]}, "mean_rme": {"type": "float", "data": 0.0014516493936639402}, "max_rme": {"type": "float", "data": 0.007031204135357433}, "simu": {"type": "float", "data": 0.002}}, {"type": "dict", "image_number": {"type": "int", "data": 20}, "Hcamera2end": {"type": "ndarray", "data": [[0.99999810507335, 0.0005021475381662582, -0.0018808768059533987, -0.014271283200645982], [0.001880047802695807, 0.0016463146084331193, 0.99999687752936, 0.028766436457012975], [0.0005052424851876176, -0.9999985187469329, 0.0016453674274119479, 0.032569039422742585], [0.0, 0.0, 0.0, 1.0]]}, "Hobj2base": {"type": "ndarray", "data": [[0.999999782054807, 0.0005611108545063102, -0.00034791514400592645, -0.7351403494110282], [0.0005614318093329262, -0.9999994163415316, 0.000923098542523936, 0.08902042568937571], [-0.00034739698033031734, -0.0009232936719678396, -0.9999995134219481, -0.001483191748421972], [0.0, 0.0, 0.0, 1.0]]}, "mean_rme": {"type": "float", "data": 0.0015358122633650274}, "max_rme": {"type": "float", "data": 0.007082827688278101}, "simu": {"type": "float", "data": 0.002}}, {"type": "dict", "image_number": {"type": "int", "data": 21}, "Hcamera2end": {"type": "ndarray", "data": [[0.9999979551182574, 0.0004422818910891105, -0.0019733590733602055, -0.014071137696870014], [0.00197263270056833, 0.001636792613367577, 0.9999967148096884, 0.028845355404490174], [0.00044551041766372444, -0.9999985626473018, 0.0016359168065990248, 0.032414853485309696], [0.0, 0.0, 0.0, 1.0]]}, "Hobj2base": {"type": "ndarray", "data": [[0.999999832086157, 0.000511271570616663, -0.00027281685965051104, -0.7351405514270859], [0.0005115021097078588, -0.9999995116352449, 0.0008456328183743976, 0.08917875725964555], [-0.00027238437839715695, -0.0008457722227802164, -0.9999996052379709, -0.0016669983907771741], [0.0, 0.0, 0.0, 1.0]]}, "mean_rme": {"type": "float", "data": 0.0015579259597935074}, "max_rme": {"type": "float", "data": 0.007023864769600943}, "simu": {"type": "float", "data": 0.002}}, {"type": "dict", "image_number": {"type": "int", "data": 22}, "Hcamera2end": {"type": "ndarray", "data": [[0.9999975749457659, 0.0005214938229030876, -0.0021396604356756868, -0.014106913832613303], [0.002138866203519041, 0.0015188231607071723, 0.9999965592078655, 0.028805035716659936], [0.0005247417943769965, -0.9999987106093684, 0.0015177040719654977, 0.03228396717095501], [0.0, 0.0, 0.0, 1.0]]}, "Hobj2base": {"type": "ndarray", "data": [[0.9999997987710371, 0.0006247057379254486, -0.00011045644597203795, -0.7349082642946704], [0.0006247876581381759, -0.9999995286624082, 0.0007431792135838852, 0.08905693511814221], [-0.00010999212559072994, -0.0007432480758589079, -0.999999717741975, -0.0017821602132004344], [0.0, 0.0, 0.0, 1.0]]}, "mean_rme": {"type": "float", "data": 0.0015752460588643424}, "max_rme": {"type": "float", "data": 0.007049788042956334}, "simu": {"type": "float", "data": 0.002}}, {"type": "dict", "image_number": {"type": "int", "data": 23}, "Hcamera2end": {"type": "ndarray", "data": [[0.9999976169552027, 0.0003374087551115774, -0.0021569050158892727, -0.014362683216663426], [0.0021563743838817376, 0.001565205130633407, 0.9999964500849067, 0.02869666905858221], [0.00034078355613630345, -0.9999987181432938, 0.0015644738210830456, 0.03208047600706504], [0.0, 0.0, 0.0, 1.0]]}, "Hobj2base": {"type": "ndarray", "data": [[0.9999998884043678, 0.0004515730035227574, -0.00013882749898406704, -0.7348614708409357], [0.00045167530064484974, -0.9999996258801085, 0.0007377188258394679, 0.088781780887285], [-0.00013849431313999857, -0.0007377814484656105, -0.99999971824889, -0.0016652293050383666], [0.0, 0.0, 0.0, 1.0]]}, "mean_rme": {"type": "float", "data": 0.001615492239390047}, "max_rme": {"type": "float", "data": 0.00679672960680161}, "simu": {"type": "float", "data": 0.002}}, {"type": "dict", "image_number": {"type": "int", "data": 24}, "Hcamera2end": {"type": "ndarray", "data": [[0.9999976644768561, 0.00033843034813255514, -0.00213459732327514, -0.014348151404026305], [0.002134004875659669, 0.0017413766209020132, 0.9999962068081331, 0.0286214751598487], [0.00034214620227510193, -0.9999984265349436, 0.0017406503418636587, 0.032212570507564306], [0.0, 0.0, 0.0, 1.0]]}, "Hobj2base": {"type": "ndarray", "data": [[0.9999998918035172, 0.0003734851838975058, -0.00027731168597161195, -0.7350788528981411], [0.000373671822324532, -0.9999997035309045, 0.0006732811248467056, 0.08871354631031082], [-0.00027706014323253904, -0.000673384675563105, -0.9999997348953431, -0.00162165405267622], [0.0, 0.0, 0.0, 1.0]]}, "mean_rme": {"type": "float", "data": 0.001600431699535782}, "max_rme": {"type": "float", "data": 0.006771607582462508}, "simu": {"type": "float", "data": 0.002}}, {"type": "dict", "image_number": {"type": "int", "data": 25}, "Hcamera2end": {"type": "ndarray", "data": [[0.9999977314989945, 7.235293625313137e-05, -0.0021287935356641237, -0.014450328980579108], [0.002128664747344676, 0.0017357594644471508, 0.999996227955623, 0.028500438758105356], [7.604773686202744e-05, -0.9999984909509282, 0.0017356015117302448, 0.032377810342728866], [0.0, 0.0, 0.0, 1.0]]}, "Hobj2base": {"type": "ndarray", "data": [[0.9999999740000897, 0.00015362454772156227, -0.0001685209727065168, -0.7350644827011847], [0.00015374548816549392, -0.9999997305052295, 0.0007178800693593772, 0.08864125822709733], [-0.00016841064329002224, -0.0007179059600337748, -0.9999997281244073, -0.0014961655609916314], [0.0, 0.0, 0.0, 1.0]]}, "mean_rme": {"type": "float", "data": 0.0016104566633660538}, "max_rme": {"type": "float", "data": 0.006863707067752578}, "simu": {"type": "float", "data": 0.002}}, {"type": "dict", "image_number": {"type": "int", "data": 26}, "Hcamera2end": {"type": "ndarray", "data": [[0.9999977444598085, 1.2834541538788184e-05, -0.0021238904327050695, -0.014551116002115876], [0.002123865307922545, 0.0017144140845890554, 0.9999962749833124, 0.028536938943866948], [1.647572140186051e-05, -0.9999985303087306, 0.0017143829588217585, 0.03235767877688215], [0.0, 0.0, 0.0, 1.0]]}, "Hobj2base": {"type": "ndarray", "data": [[0.9999999840260344, 0.00011692164816675024, -0.00013519341339932235, -0.7349524699145044], [0.00011702296136465369, -0.9999997121805226, 0.0007496295741199088, 0.08863375048808453], [-0.0001351057265627041, -0.0007496453828789448, -0.9999997098890792, -0.0014887632531019174], [0.0, 0.0, 0.0, 1.0]]}, "mean_rme": {"type": "float", "data": 0.0015976517966394728}, "max_rme": {"type": "float", "data": 0.006897417312788576}, "simu": {"type": "float", "data": 0.002}}, {"type": "dict", "image_number": {"type": "int", "data": 27}, "Hcamera2end": {"type": "ndarray", "data": [[0.9999975832766279, 4.792121713606025e-05, -0.002197986455952855, -0.014449651138604728], [0.002197902360022721, 0.0016894762417566378, 0.9999961574402395, 0.02840985957022929], [5.1634478892954644e-05, -0.9999985716857728, 0.0016893668326036781, 0.03237766834993024], [0.0, 0.0, 0.0, 1.0]]}, "Hobj2base": {"type": "ndarray", "data": [[0.9999999772992147, 0.00014609129979240842, -0.00015510932314667645, -0.7350745167539997], [0.0001462052326369149, -0.9999997193644894, 0.0007347754578988046, 0.08859825775692418], [-0.00015500193531579228, -0.0007347981190134996, -0.9999997180230229, -0.0015586965844678418], [0.0, 0.0, 0.0, 1.0]]}, "mean_rme": {"type": "float", "data": 0.0016797324806580177}, "max_rme": {"type": "float", "data": 0.006821202705240559}, "simu": {"type": "float", "data": 0.002}}, {"type": "dict", "image_number": {"type": "int", "data": 28}, "Hcamera2end": {"type": "ndarray", "data": [[0.9999975951069549, -0.0007699405440257378, -0.002053526689713536, -0.014289971883612262], [0.002054852219285813, 0.0017247796624674239, 0.9999964013522613, 0.02849989477033054], [-0.0007663958922101882, -0.9999982161617462, 0.001726357628592412, 0.03231186600002024], [0.0, 0.0, 0.0, 1.0]]}, "Hobj2base": {"type": "ndarray", "data": [[0.9999997978835496, -0.0005974175883253413, 0.00021754329470436652, -0.7350218345612836], [-0.0005975968205485109, -0.9999994813232274, 0.0008247613694181079, 0.08885523616108697], [0.00021705045492145084, -0.0008248912059015145, -0.9999996362217332, -0.0018664466994514628], [0.0, 0.0, 0.0, 1.0]]}, "mean_rme": {"type": "float", "data": 0.0016883131544261523}, "max_rme": {"type": "float", "data": 0.006901384779625666}, "simu": {"type": "float", "data": 0.002}}, {"type": "dict", "image_number": {"type": "int", "data": 29}, "Hcamera2end": {"type": "ndarray", "data": [[0.9999973239922784, -0.001017148142926149, -0.0020778397285877498, -0.014304420206389832], [0.0020796461819106026, 0.0017781740234190657, 0.9999962565774434, 0.027395109224574467], [-0.0010134495746806453, -0.9999979017511973, 0.001780284573263513, 0.03230644457094399], [0.0, 0.0, 0.0, 1.0]]}, "Hobj2base": {"type": "ndarray", "data": [[0.9999995837731495, -0.0008598815275728077, 0.0003050529240086191, -0.7350231930975519], [-0.0008601253218680636, -0.9999993101256521, 0.0007999579056759571, 0.08946206499818656], [0.00030436484453450543, -0.0008002199564564472, -0.9999996335049643, -0.0009246965747735628], [0.0, 0.0, 0.0, 1.0]]}, "mean_rme": {"type": "float", "data": 0.0017116182816933649}, "max_rme": {"type": "float", "data": 0.006896439914591726}, "simu": {"type": "float", "data": 0.002}}, {"type": "dict", "image_number": {"type": "int", "data": 30}, "Hcamera2end": {"type": "ndarray", "data": [[0.9999973324738579, -0.0008742243679250263, -0.002137937539564541, -0.014446303603808573], [0.002139472586062056, 0.0017587464152739596, 0.9999961647266958, 0.026737819593738926], [-0.0008704609250518564, -0.999998071269541, 0.0017606121028411748, 0.03231501783948735], [0.0, 0.0, 0.0, 1.0]]}, "Hobj2base": {"type": "ndarray", "data": [[0.9999997104953272, -0.0007260626899720054, 0.00022768889281213575, -0.7350446021233019], [-0.0007262332156061335, -0.9999994552260971, 0.0007497551774076988, 0.08965679775397296], [0.00022714439951223987, -0.0007499203155868563, -0.9999996930124242, -0.00022371986208282919], [0.0, 0.0, 0.0, 1.0]]}, "mean_rme": {"type": "float", "data": 0.0017397040436143898}, "max_rme": {"type": "float", "data": 0.006801061260610836}, "simu": {"type": "float", "data": 0.002}}]}