{"type": "list", "data": [{"type": "dict", "image_number": {"type": "int", "data": 5}, "Hcamera2end": {"type": "ndarray", "data": [[0.9999961917209067, 0.0027538772717309442, 0.00018084152135391983, -0.01744010951403595], [-0.00018219649193190225, 0.0004917799374717369, 0.9999998624784562, 0.028021977498855634], [0.002753787958781427, -0.9999960871485775, 0.000492279811414531, 0.03704790949891144], [0.0, 0.0, 0.0, 1.0]]}, "Hobj2base": {"type": "ndarray", "data": [[0.9999971886648764, 0.0023268526032979926, -0.0004565296332897524, -0.7390392788439949], [0.002327359491949684, -0.9999966723794012, 0.0011129366196844443, 0.08945467608057202], [-0.00045393847466152236, -0.0011139959994220284, -0.9999992764761254, 0.007111088248246511], [0.0, 0.0, 0.0, 1.0]]}, "mean_rme": {"type": "float", "data": 0.0014393505438763097}, "max_rme": {"type": "float", "data": 0.00347389222853256}, "simu": {"type": "float", "data": 0.002}}, {"type": "dict", "image_number": {"type": "int", "data": 6}, "Hcamera2end": {"type": "ndarray", "data": [[0.9999973153550428, 0.001990416365735109, 0.0011863917558027483, -0.016872750288331826], [-0.0011862348367914417, -8.001597944162775e-05, 0.9999992932219277, 0.02990034202192863], [0.001990509889250809, -0.9999980159180988, -7.765466339426652e-05, 0.03687734638748504], [0.0, 0.0, 0.0, 1.0]]}, "Hobj2base": {"type": "ndarray", "data": [[0.9999980784116851, 0.001938503296325329, 0.00029219498210368474, -0.7389536914108695], [0.0019379690495259277, -0.99999647008274, 0.0018177178061489596, 0.08902114278402425], [0.0002957176026385831, -0.0018171480484119196, -0.9999983052605987, 0.004975876090603394], [0.0, 0.0, 0.0, 1.0]]}, "mean_rme": {"type": "float", "data": 0.0014203317590241924}, "max_rme": {"type": "float", "data": 0.0031032962213118076}, "simu": {"type": "float", "data": 0.002}}, {"type": "dict", "image_number": {"type": "int", "data": 7}, "Hcamera2end": {"type": "ndarray", "data": [[0.9999979085396492, 0.0020400073519562774, -0.00014589835927620708, -0.015453245411134969], [0.0001438428333739865, 0.0010077175226549384, 0.9999994819071827, 0.030352251078024566], [0.0020401533193762905, -0.9999974114343488, 0.0010074219746161184, 0.03273117106615837], [0.0, 0.0, 0.0, 1.0]]}, "Hobj2base": {"type": "ndarray", "data": [[0.9999983180729176, 0.0016495950306037637, -0.0008016779720120494, -0.7355615711148555], [0.0016498272648658376, -0.9999985972416319, 0.0002891102964529636, 0.08989144656653363], [-0.0008011999325432408, -0.00029043244036639404, -0.9999996368637663, 0.004308704594291256], [0.0, 0.0, 0.0, 1.0]]}, "mean_rme": {"type": "float", "data": 0.001525503760583239}, "max_rme": {"type": "float", "data": 0.003277721294347724}, "simu": {"type": "float", "data": 0.002}}, {"type": "dict", "image_number": {"type": "int", "data": 8}, "Hcamera2end": {"type": "ndarray", "data": [[0.9999980913712164, 0.0019537208985968392, -1.5118684244245953e-05, -0.015929442922545157], [1.2861636670091618e-05, 0.0011552632894810122, 0.9999993326004324, 0.030401682414981628], [0.0019537370607452488, -0.9999974241673737, 0.0011552359564639403, 0.03202314870339493], [0.0, 0.0, 0.0, 1.0]]}, "Hobj2base": {"type": "ndarray", "data": [[0.999998375990831, 0.0014916229998091569, -0.0010114724549486762, -0.7347624904397393], [0.0014919999577636242, -0.9999988177640986, 0.0003720302824623774, 0.08985883424828782], [-0.0010109163302236802, -0.00037353879514185007, -0.9999994192583022, 0.0043357870412752825], [0.0, 0.0, 0.0, 1.0]]}, "mean_rme": {"type": "float", "data": 0.0015440895654087307}, "max_rme": {"type": "float", "data": 0.0035533942422164566}, "simu": {"type": "float", "data": 0.002}}, {"type": "dict", "image_number": {"type": "int", "data": 9}, "Hcamera2end": {"type": "ndarray", "data": [[0.9999977377926474, 0.001582035937405621, -0.0014218199183681887, -0.014145324732606221], [0.0014198750775088352, 0.0012297726607907178, 0.9999982358054275, 0.03074645188024872], [0.0015837816616505835, -0.9999979924087327, 0.0012275235853907995, 0.03366248582125982], [0.0, 0.0, 0.0, 1.0]]}, "Hobj2base": {"type": "ndarray", "data": [[0.9999986550008165, 0.001063639911707374, -0.0012484657369007293, -0.7358784737890597], [0.0010624504564047447, -0.9999989814844827, -0.0009530105061791125, 0.09120699693155473], [-0.0012494781253296519, 0.0009516827913887841, -0.9999987665513788, 0.003441247593629077], [0.0, 0.0, 0.0, 1.0]]}, "mean_rme": {"type": "float", "data": 0.0016314522313296987}, "max_rme": {"type": "float", "data": 0.003969015611804738}, "simu": {"type": "float", "data": 0.002}}, {"type": "dict", "image_number": {"type": "int", "data": 10}, "Hcamera2end": {"type": "ndarray", "data": [[0.9999980593615344, 0.0013748331951402384, -0.001411065856232468, -0.013827843704753472], [0.001409604491471332, 0.0010633294929344173, 0.9999984411715686, 0.03063405933486168], [0.0013763314799525698, -0.9999984895808969, 0.0010613894583493266, 0.03302859073382707], [0.0, 0.0, 0.0, 1.0]]}, "Hobj2base": {"type": "ndarray", "data": [[0.9999989209356432, 0.0009270426055193281, -0.0011396137752472124, -0.7351717239174492], [0.0009258552587767068, -0.9999990285431135, -0.0010419716257378108, 0.09121216346728452], [-0.0011405786202523637, 0.0010409153839765815, -0.9999988077870763, 0.003808776736213981], [0.0, 0.0, 0.0, 1.0]]}, "mean_rme": {"type": "float", "data": 0.0017563548799151853}, "max_rme": {"type": "float", "data": 0.003849441040917556}, "simu": {"type": "float", "data": 0.002}}, {"type": "dict", "image_number": {"type": "int", "data": 11}, "Hcamera2end": {"type": "ndarray", "data": [[0.9999980653760956, 0.0013969525446476188, -0.0013848348832818914, -0.013844605606243237], [0.0013836978528821663, 0.0008145746830834355, 0.999998710923338, 0.030634934527566684], [0.0013980787953048676, -0.9999986924949821, 0.0008126401469511491, 0.032935454363885515], [0.0, 0.0, 0.0, 1.0]]}, "Hobj2base": {"type": "ndarray", "data": [[0.999999003174024, 0.0009973957673552192, -0.0009994261561912575, -0.7349995364125941], [0.0009965446807218771, -0.9999991407425324, -0.0008517117447162461, 0.0913342868230175], [-0.0010002747911160563, 0.0008507149228881281, -0.9999991378668593, 0.003742983875730839], [0.0, 0.0, 0.0, 1.0]]}, "mean_rme": {"type": "float", "data": 0.0016383323780876508}, "max_rme": {"type": "float", "data": 0.0038176030371397385}, "simu": {"type": "float", "data": 0.002}}, {"type": "dict", "image_number": {"type": "int", "data": 12}, "Hcamera2end": {"type": "ndarray", "data": [[0.9999989777678431, 0.00032863147144629934, -0.0013915691233012057, -0.01353582819948414], [0.0013912032186990278, 0.0011110354145908996, 0.9999984150757002, 0.03166991199323528], [0.0003301770331681337, -0.9999993288006068, 0.0011105770856939534, 0.03267210664244552], [0.0, 0.0, 0.0, 1.0]]}, "Hobj2base": {"type": "ndarray", "data": [[0.9999999416918942, 2.9840037441489554e-05, -0.0003401849209440252, -0.7349455295963119], [2.962641470730581e-05, -0.9999998024015428, -0.0006279483661583618, 0.09105290679357779], [-0.0003402035917267672, 0.0006279382510843369, -0.9999997449775018, 0.0025813978391974746], [0.0, 0.0, 0.0, 1.0]]}, "mean_rme": {"type": "float", "data": 0.001665601039335938}, "max_rme": {"type": "float", "data": 0.003974080033268823}, "simu": {"type": "float", "data": 0.002}}, {"type": "dict", "image_number": {"type": "int", "data": 13}, "Hcamera2end": {"type": "ndarray", "data": [[0.9999984910279495, 0.0002999632689670296, -0.001711129411066663, -0.013293754757279827], [0.0017107375653882813, 0.0013017375193266068, 0.9999976894255371, 0.03159159024236974], [0.00030219001723436913, -0.9999991077503358, 0.0013012223966086811, 0.032634713020341675], [0.0, 0.0, 0.0, 1.0]]}, "Hobj2base": {"type": "ndarray", "data": [[0.9999997744223758, -7.773260775992838e-05, -0.0006671677745382814, -0.7349579010394106], [-7.824672490123983e-05, -0.9999997000226635, -0.0007706049786016459, 0.09114333517023028], [-0.0006671076732685298, 0.0007706570084637229, -0.9999994805274288, 0.00260091405749887], [0.0, 0.0, 0.0, 1.0]]}, "mean_rme": {"type": "float", "data": 0.0015798012875495203}, "max_rme": {"type": "float", "data": 0.004011142757509245}, "simu": {"type": "float", "data": 0.002}}, {"type": "dict", "image_number": {"type": "int", "data": 14}, "Hcamera2end": {"type": "ndarray", "data": [[0.9999981176057435, 0.0007549511882028437, -0.0017874097663969253, -0.013527541317460963], [0.0017864012316371912, 0.0013344623646753817, 0.9999975139873284, 0.031093887501306604], [0.0007573345424481333, -0.9999988246287598, 0.0013331112069586704, 0.03274537665401218], [0.0, 0.0, 0.0, 1.0]]}, "Hobj2base": {"type": "ndarray", "data": [[0.9999996021484578, 0.0002960295850646552, -0.0008414686035285974, -0.7348930225099074], [0.00029522992758751964, -0.9999995049062071, -0.0009502771334002951, 0.09120696667216686], [-0.0008417494970682119, 0.0009500283286161853, -0.9999991944516551, 0.0031946341925932764], [0.0, 0.0, 0.0, 1.0]]}, "mean_rme": {"type": "float", "data": 0.0016384664601417564}, "max_rme": {"type": "float", "data": 0.004451924630147319}, "simu": {"type": "float", "data": 0.002}}, {"type": "dict", "image_number": {"type": "int", "data": 15}, "Hcamera2end": {"type": "ndarray", "data": [[0.9999979758268674, 0.0005913061919125177, -0.0019232002379663126, -0.013723284327061616], [0.0019221583059785261, 0.0017576330321107392, 0.999996608011033, 0.03121180995646522], [0.0005946844664740513, -0.9999982805400778, 0.0017564928902490395, 0.03316155146405207], [0.0, 0.0, 0.0, 1.0]]}, "Hobj2base": {"type": "ndarray", "data": [[0.9999992160253208, 6.0080009855380984e-05, -0.0012507354381522176, -0.7356239098952181], [5.8870993318645914e-05, -0.9999995310522996, -0.0009666588783211274, 0.09113112963146704], [-0.0012507929284976463, 0.0009665844884474205, -0.9999987506149579, 0.0032089099897672723], [0.0, 0.0, 0.0, 1.0]]}, "mean_rme": {"type": "float", "data": 0.001665161378376733}, "max_rme": {"type": "float", "data": 0.0046220046373386114}, "simu": {"type": "float", "data": 0.002}}, {"type": "dict", "image_number": {"type": "int", "data": 16}, "Hcamera2end": {"type": "ndarray", "data": [[0.9999981854035086, 0.0006039949556216091, -0.0018067594703307206, -0.01366130349441189], [0.0018056960578336965, 0.0017565646664396972, 0.9999968269661256, 0.031119432937810748], [0.0006071667289714933, -0.9999982748338451, 0.0017554708476733571, 0.03353019572860159], [0.0, 0.0, 0.0, 1.0]]}, "Hobj2base": {"type": "ndarray", "data": [[0.999999167828347, 3.188052309505703e-05, -0.001289700060372629, -0.736013574400106], [3.0772408860088956e-05, -0.9999996304023036, -0.0008592137768888385, 0.09118152623255724], [-0.0012897269758871158, 0.0008591733746979249, -0.9999987992119985, 0.0033626561661937934], [0.0, 0.0, 0.0, 1.0]]}, "mean_rme": {"type": "float", "data": 0.001641506681854303}, "max_rme": {"type": "float", "data": 0.004544774527158513}, "simu": {"type": "float", "data": 0.002}}, {"type": "dict", "image_number": {"type": "int", "data": 17}, "Hcamera2end": {"type": "ndarray", "data": [[0.9999984084870187, -0.00019365218666004234, -0.0017735620260870525, -0.013575286051449961], [0.0017738831289340418, 0.0016707556160235892, 0.9999970309527507, 0.032084823816506555], [-0.00019068842298209862, -0.9999985855362509, 0.0016710964733411826, 0.03345709735788697], [0.0, 0.0, 0.0, 1.0]]}, "Hobj2base": {"type": "ndarray", "data": [[0.9999994657997057, -0.0005843372049836351, -0.0008526138247633257, -0.7359258158845334], [-0.000585107275964303, -0.9999994209225151, -0.0009032187496156808, 0.09087580719437559], [-0.0008520855467142173, 0.0009037171376684158, -0.9999992286224804, 0.00236798237745511], [0.0, 0.0, 0.0, 1.0]]}, "mean_rme": {"type": "float", "data": 0.0016366295274392129}, "max_rme": {"type": "float", "data": 0.004171270107448666}, "simu": {"type": "float", "data": 0.002}}, {"type": "dict", "image_number": {"type": "int", "data": 18}, "Hcamera2end": {"type": "ndarray", "data": [[0.9999986613474514, -0.00022393768599034928, -0.0016208501528260071, -0.013441925445704439], [0.0016212066992043975, 0.001601267674513407, 0.9999974038119663, 0.0320511522972811], [-0.00022134168965105817, -0.9999986928960194, 0.0016016285802491481, 0.03336392948326857], [0.0, 0.0, 0.0, 1.0]]}, "Hobj2base": {"type": "ndarray", "data": [[0.999999583940274, -0.0005589567731173057, -0.0007208929217849283, -0.7356878912350554], [-0.000559565512857443, -0.9999994868533344, -0.0008444995586309929, 0.09098142150603639], [-0.0007204205131129379, 0.0008449025940862318, -0.9999993835667553, 0.002424784080901845], [0.0, 0.0, 0.0, 1.0]]}, "mean_rme": {"type": "float", "data": 0.0016499694668818652}, "max_rme": {"type": "float", "data": 0.004005155491499934}, "simu": {"type": "float", "data": 0.002}}, {"type": "dict", "image_number": {"type": "int", "data": 19}, "Hcamera2end": {"type": "ndarray", "data": [[0.9999985652051, -0.00019051194966692136, -0.0016832388239478554, -0.013422474656294783], [0.0016835517952133367, 0.0016547288690345052, 0.9999972137589798, 0.03203292793443238], [-0.00018772611497924632, -0.9999986127878212, 0.001655047231572837, 0.033254443390818685], [0.0, 0.0, 0.0, 1.0]]}, "Hobj2base": {"type": "ndarray", "data": [[0.9999996062362123, -0.0005266048104708413, -0.0007142932129117635, -0.7356378201014728], [-0.0005272847144581306, -0.9999994078318248, -0.0009520014861973476, 0.09093031899048389], [-0.0007137914613678481, 0.000952377747226446, -0.9999992917389375, 0.0023297712320878967], [0.0, 0.0, 0.0, 1.0]]}, "mean_rme": {"type": "float", "data": 0.0016069262075296157}, "max_rme": {"type": "float", "data": 0.004104674194314817}, "simu": {"type": "float", "data": 0.002}}, {"type": "dict", "image_number": {"type": "int", "data": 20}, "Hcamera2end": {"type": "ndarray", "data": [[0.9999986091385764, -0.0004254013259937491, -0.0016126855318246932, -0.013605699834535967], [0.0016134218223880785, 0.0017361867211367343, 0.9999971912589021, 0.03194900854552489], [-0.00042260020794583793, -0.9999984023434147, 0.0017368706581242233, 0.033313443238064976], [0.0, 0.0, 0.0, 1.0]]}, "Hobj2base": {"type": "ndarray", "data": [[0.9999994357986921, -0.0007406870239670261, -0.0007614361628321657, -0.735595606326885], [-0.0007414395029325478, -0.9999992366368833, -0.000988429620600693, 0.09078762982815511], [-0.0007607034645857994, 0.0009889936217774937, -0.9999992216106248, 0.002425352557234808], [0.0, 0.0, 0.0, 1.0]]}, "mean_rme": {"type": "float", "data": 0.0016038572169291539}, "max_rme": {"type": "float", "data": 0.004150362729575807}, "simu": {"type": "float", "data": 0.002}}, {"type": "dict", "image_number": {"type": "int", "data": 21}, "Hcamera2end": {"type": "ndarray", "data": [[0.9999986212785923, -0.000540759560861408, -0.001570038219848412, -0.01338464007764173], [0.0015708898585938815, 0.0015780860050990109, 0.9999975209717336, 0.03198439069834761], [-0.0005382805649609579, -0.999998608610861, 0.0015789333030681307, 0.03350362206606083], [0.0, 0.0, 0.0, 1.0]]}, "Hobj2base": {"type": "ndarray", "data": [[0.9999995666281983, -0.0007698956927045939, -0.0005234539501064545, -0.7355394467643634], [-0.000770417023719762, -0.9999992067490211, -0.0009964732495757508, 0.0909760485488452], [-0.0005226863544133526, 0.0009968760955666389, -0.9999993665183113, 0.002165333854397494], [0.0, 0.0, 0.0, 1.0]]}, "mean_rme": {"type": "float", "data": 0.001588678538528782}, "max_rme": {"type": "float", "data": 0.004231740782634441}, "simu": {"type": "float", "data": 0.002}}, {"type": "dict", "image_number": {"type": "int", "data": 22}, "Hcamera2end": {"type": "ndarray", "data": [[0.999998646442767, -0.0004544968999619656, -0.0015813112285846457, -0.013217967995581828], [0.0015820500165554087, 0.001629770411902487, 0.9999974204797475, 0.03197273405371454], [-0.00045191855332565173, -0.9999985686394615, 0.0016304872427430617, 0.03349451117996583], [0.0, 0.0, 0.0, 1.0]]}, "Hobj2base": {"type": "ndarray", "data": [[0.9999995591017298, -0.0007199775888339564, -0.0006028504107544987, -0.7356420656582017], [-0.0007205964853654305, -0.9999992129747237, -0.0010270300081833632, 0.09108682454106115], [-0.000602110497707036, 0.0010274639672547999, -0.9999992908901205, 0.002129291264299045], [0.0, 0.0, 0.0, 1.0]]}, "mean_rme": {"type": "float", "data": 0.001546777702711714}, "max_rme": {"type": "float", "data": 0.004239113490084434}, "simu": {"type": "float", "data": 0.002}}, {"type": "dict", "image_number": {"type": "int", "data": 23}, "Hcamera2end": {"type": "ndarray", "data": [[0.9999987152019987, -0.0005582761676021673, -0.0015026383705575492, -0.013126299213965917], [0.001503539548984942, 0.001617318515864996, 0.999997561821849, 0.032032058325501725], [-0.0005558445615660616, -0.9999985363031981, 0.0016181558282346575, 0.033460327471830545], [0.0, 0.0, 0.0, 1.0]]}, "Hobj2base": {"type": "ndarray", "data": [[0.9999995235727022, -0.000790528964844695, -0.0005726415322315705, -0.7356700082077008], [-0.000791087287167726, -0.9999992113631737, -0.0009754250019721559, 0.09111062746909794], [-0.0005718699789082774, 0.0009758775466893107, -0.9999993603136659, 0.0019483835784691185], [0.0, 0.0, 0.0, 1.0]]}, "mean_rme": {"type": "float", "data": 0.0015437257044683477}, "max_rme": {"type": "float", "data": 0.0042909387609397776}, "simu": {"type": "float", "data": 0.002}}, {"type": "dict", "image_number": {"type": "int", "data": 24}, "Hcamera2end": {"type": "ndarray", "data": [[0.9999987571653388, -0.00045013947231963176, -0.0015109739353336054, -0.01319189073362762], [0.001511701577320264, 0.0016205504266894044, 0.9999975442843124, 0.03216523258399033], [-0.00044768975744944684, -0.9999985855943846, 0.0016212288891634952, 0.03321253598133154], [0.0, 0.0, 0.0, 1.0]]}, "Hobj2base": {"type": "ndarray", "data": [[0.9999995178108362, -0.0007267707090697508, -0.000660441088579391, -0.7355133914440793], [-0.0007274285825586824, -0.999999238998496, -0.0009964186295094153, 0.09112043742799313], [-0.0006597164181088307, 0.0009968985727720784, -0.9999992854834858, 0.0017637665771161257], [0.0, 0.0, 0.0, 1.0]]}, "mean_rme": {"type": "float", "data": 0.0015624275224896211}, "max_rme": {"type": "float", "data": 0.0043409301440190395}, "simu": {"type": "float", "data": 0.002}}, {"type": "dict", "image_number": {"type": "int", "data": 25}, "Hcamera2end": {"type": "ndarray", "data": [[0.9999987512794084, -0.0007203049217553484, -0.0014066273293402366, -0.013423353386502735], [0.001407809558369633, 0.0016434213997028602, 0.9999976586164343, 0.03216825403497736], [-0.0007179915537907975, -0.9999983901621656, 0.0016444333996824545, 0.03327359948645602], [0.0, 0.0, 0.0, 1.0]]}, "Hobj2base": {"type": "ndarray", "data": [[0.9999993139807928, -0.0009955097124754954, -0.000617250642984779, -0.7353630742255064], [-0.0009960781776791538, -0.9999990794791818, -0.0009213408989926973, 0.09106181620926311], [-0.0006163328709792641, 0.0009219550968307797, -0.9999993850661064, 0.0018500971627001506], [0.0, 0.0, 0.0, 1.0]]}, "mean_rme": {"type": "float", "data": 0.0015906019717407275}, "max_rme": {"type": "float", "data": 0.0046386129392423925}, "simu": {"type": "float", "data": 0.002}}, {"type": "dict", "image_number": {"type": "int", "data": 26}, "Hcamera2end": {"type": "ndarray", "data": [[0.9999988499841428, -0.0007376655232334912, -0.001325096210726316, -0.013490689314311273], [0.0013262961377069166, 0.0016285488997921371, 0.9999977943810857, 0.03227213720108363], [-0.0007355059122483635, -0.9999984018377513, 0.0016295253898693796, 0.03318024550987499], [0.0, 0.0, 0.0, 1.0]]}, "Hobj2base": {"type": "ndarray", "data": [[0.9999992659746031, -0.0010297797264586877, -0.0006384386970520992, -0.7352529679887442], [-0.001030329439129605, -0.9999990982944866, -0.0008612963837217778, 0.09112209013454467], [-0.0006375511758139773, 0.0008619535536930102, -0.9999994252821196, 0.0018078411583635063], [0.0, 0.0, 0.0, 1.0]]}, "mean_rme": {"type": "float", "data": 0.0015882596804712688}, "max_rme": {"type": "float", "data": 0.004611374839086357}, "simu": {"type": "float", "data": 0.002}}, {"type": "dict", "image_number": {"type": "int", "data": 27}, "Hcamera2end": {"type": "ndarray", "data": [[0.9999988664509587, -0.0008166887028489668, -0.0012649570586837037, -0.013519120504010211], [0.0012662728929225147, 0.0016126804638466607, 0.9999978979051316, 0.03225006185607664], [-0.0008146470145556914, -0.9999983661393073, 0.0016137127865606393, 0.03321184032216794], [0.0, 0.0, 0.0, 1.0]]}, "Hobj2base": {"type": "ndarray", "data": [[0.9999991891771896, -0.001106143018108465, -0.0006309457875857094, -0.7352497655137541], [-0.0011066514717597913, -0.9999990627779869, -0.0008060804345830087, 0.09115173703838161], [-0.0006300535560046805, 0.0008067780180790378, -0.9999994760707354, 0.0018568159204719326], [0.0, 0.0, 0.0, 1.0]]}, "mean_rme": {"type": "float", "data": 0.0015468362646245692}, "max_rme": {"type": "float", "data": 0.004599268281447522}, "simu": {"type": "float", "data": 0.002}}, {"type": "dict", "image_number": {"type": "int", "data": 28}, "Hcamera2end": {"type": "ndarray", "data": [[0.9999988138050749, -0.000887869480025704, -0.0012586009016032922, -0.013552872754070688], [0.0012600364834813365, 0.0016181817603091453, 0.999997896895714, 0.03218161872652738], [-0.0008858309677211119, -0.9999982965863377, 0.001619298588767637, 0.033248621315364], [0.0, 0.0, 0.0, 1.0]]}, "Hobj2base": {"type": "ndarray", "data": [[0.999999105821492, -0.0011802094540319546, -0.0006288575840905034, -0.735260316341771], [-0.0011807125907403872, -0.9999989827096323, -0.0008003108637822576, 0.0911235126321845], [-0.00062791240991214, 0.0008010526482288016, -0.9999994820201961, 0.0018986177334242393], [0.0, 0.0, 0.0, 1.0]]}, "mean_rme": {"type": "float", "data": 0.0015211417198596451}, "max_rme": {"type": "float", "data": 0.004563771196584021}, "simu": {"type": "float", "data": 0.002}}, {"type": "dict", "image_number": {"type": "int", "data": 29}, "Hcamera2end": {"type": "ndarray", "data": [[0.9999989918161768, -0.0007332123569071538, -0.0012160453403083995, -0.013463969935973891], [0.0012172170764963926, 0.0015997629263010404, 0.999997979568543, 0.03229021303076948], [-0.0007312654912497167, -0.9999984515779108, 0.001600653792047435, 0.033126312858735275], [0.0, 0.0, 0.0, 1.0]]}, "Hobj2base": {"type": "ndarray", "data": [[0.9999992209470904, -0.001048342218891205, -0.0006775572333544616, -0.7352484980297129], [-0.0010488727645238346, -0.9999991432732909, -0.0007831466065271621, 0.09124474543181217], [-0.0006767356472218792, 0.0007838566677429913, -0.99999946379865, 0.0018345453324386779], [0.0, 0.0, 0.0, 1.0]]}, "mean_rme": {"type": "float", "data": 0.0015593339817925242}, "max_rme": {"type": "float", "data": 0.0047180111033715}, "simu": {"type": "float", "data": 0.002}}, {"type": "dict", "image_number": {"type": "int", "data": 30}, "Hcamera2end": {"type": "ndarray", "data": [[0.9999990547526361, -0.0007428165061175801, -0.0011570295901745025, -0.013496561456502718], [0.0011582158534243544, 0.0015985412239597485, 0.9999980515990979, 0.032344384498415577], [-0.0007409654993159944, -0.9999984464435899, 0.0015994000547964182, 0.033067645014316964], [0.0, 0.0, 0.0, 1.0]]}, "Hobj2base": {"type": "ndarray", "data": [[0.9999991717671088, -0.001075780648316493, -0.0007065133353407022, -0.735198905521202], [-0.001076309875155888, -0.9999991401908441, -0.0007491158959529715, 0.09128423204058826], [-0.0007057068434898552, 0.0007498757027903038, -0.9999994698320003, 0.0018119005804729878], [0.0, 0.0, 0.0, 1.0]]}, "mean_rme": {"type": "float", "data": 0.0015358546622841645}, "max_rme": {"type": "float", "data": 0.004723067904956357}, "simu": {"type": "float", "data": 0.002}}]}