{"type": "list", "data": [{"type": "dict", "image_number": {"type": "int", "data": 5}, "Hcamera2end": {"type": "ndarray", "data": [[0.9999982780357282, -0.0018055168464751724, 0.0004289924190230525, -0.01550716508100834], [-0.00042858578223191183, 0.00022559993532034195, 0.9999998827094413, 0.02364771781187588], [-0.0018056134153670773, -0.9999983446054229, 0.00022482572799542577, 0.03690572804354086], [0.0, 0.0, 0.0, 1.0]]}, "Hobj2base": {"type": "ndarray", "data": [[0.9999982047004136, -0.001670685353067932, 0.0008940952973878396, -0.7406816901028902], [-0.0016697006160357958, -0.9999979999544755, -0.0011009935977447179, 0.08987901414803048], [0.0008959329230341151, 0.001099498749662524, -0.9999989942028429, 0.0011180989117497652], [0.0, 0.0, 0.0, 1.0]]}, "mean_rme": {"type": "float", "data": 0.0012311620510046697}, "max_rme": {"type": "float", "data": 0.003178494947912558}, "simu": {"type": "float", "data": 0.002}}, {"type": "dict", "image_number": {"type": "int", "data": 6}, "Hcamera2end": {"type": "ndarray", "data": [[0.999999428660059, -0.0008355628013074712, 0.0006667191017175243, -0.014711023055640846], [-0.000666168040724145, 0.0006596136414261933, 0.9999995605648961, 0.0226938317335795], [-0.0008360022111463373, -0.999999433372164, 0.0006590566393283037, 0.036953675680550926], [0.0, 0.0, 0.0, 1.0]]}, "Hobj2base": {"type": "ndarray", "data": [[0.9999994819633294, -0.001008145792109945, 0.0001404105933296137, -0.7407726352984367], [-0.0010080525782489673, -0.9999992725527669, -0.0006623623909449737, 0.0912502187686914], [0.0001410782490455991, 0.0006622205065563465, -0.9999997707804382, 0.0016420202757177944], [0.0, 0.0, 0.0, 1.0]]}, "mean_rme": {"type": "float", "data": 0.0012883703209494257}, "max_rme": {"type": "float", "data": 0.0031845637266997018}, "simu": {"type": "float", "data": 0.002}}, {"type": "dict", "image_number": {"type": "int", "data": 7}, "Hcamera2end": {"type": "ndarray", "data": [[0.9999992951687097, -0.0010857241908525932, 0.000480484198831985, -0.014780446279040581], [-0.0004797495720950655, 0.0006767828811843346, 0.9999996559025806, 0.02267882067533175], [-0.0010860490007381502, -0.9999991815836216, 0.0006762615284505724, 0.03689249152798892], [0.0, 0.0, 0.0, 1.0]]}, "Hobj2base": {"type": "ndarray", "data": [[0.9999992414596816, -0.001196166302987245, 0.00029371114571778473, -0.7407302708404571], [-0.0011959659101195052, -0.9999990526050058, -0.0006815090848704789, 0.09125234747654305], [0.00029452606565981724, 0.0006811572994006599, -0.9999997246395271, 0.0016804282366440493], [0.0, 0.0, 0.0, 1.0]]}, "mean_rme": {"type": "float", "data": 0.0011603104530838416}, "max_rme": {"type": "float", "data": 0.0033034250308706936}, "simu": {"type": "float", "data": 0.002}}, {"type": "dict", "image_number": {"type": "int", "data": 8}, "Hcamera2end": {"type": "ndarray", "data": [[0.9999977851547044, -0.00045308968275596065, -0.0020553334097284286, -0.014500630820391599], [0.0020550384093990155, -0.0006505928544460193, 0.999997676770338, 0.022580250667331103], [-0.00045442581535444396, -0.999999685719289, -0.0006496602967824838, 0.03640842851063612], [0.0, 0.0, 0.0, 1.0]]}, "Hobj2base": {"type": "ndarray", "data": [[0.9999989618116211, -0.0002243581423554935, 0.0014233900041646771, -0.7398505712576943], [-0.00022069340936888457, -0.9999966621669321, -0.0025742861950653916, 0.0901959127910417], [0.0014239628151950688, 0.002573969389678499, -0.9999956734963817, 0.0007173979831586325], [0.0, 0.0, 0.0, 1.0]]}, "mean_rme": {"type": "float", "data": 0.0013050657586152706}, "max_rme": {"type": "float", "data": 0.0048173533942741376}, "simu": {"type": "float", "data": 0.002}}, {"type": "dict", "image_number": {"type": "int", "data": 9}, "Hcamera2end": {"type": "ndarray", "data": [[0.9999982043721343, -0.0005864554452290286, -0.0018020328848134901, -0.014385025532522244], [0.0018014118250521205, -0.00105781664578819, 0.9999978179673096, 0.02186826996454804], [-0.0005883603859458891, -0.9999992685467097, -0.0010567582985692159, 0.03647337005799695], [0.0, 0.0, 0.0, 1.0]]}, "Hobj2base": {"type": "ndarray", "data": [[0.9999985737705243, -0.00020405185878169323, 0.001676549956400981, -0.7400025340033811], [-0.00019915052893066559, -0.9999957078775523, -0.0029231088826836313, 0.09069098758743781], [0.0016771392262442113, 0.002922770827848986, -0.9999943222912338, 0.0008244281806342982], [0.0, 0.0, 0.0, 1.0]]}, "mean_rme": {"type": "float", "data": 0.0014650355844185218}, "max_rme": {"type": "float", "data": 0.004619506571396204}, "simu": {"type": "float", "data": 0.002}}, {"type": "dict", "image_number": {"type": "int", "data": 10}, "Hcamera2end": {"type": "ndarray", "data": [[0.9999994761738661, -0.0006572964183504149, -0.0007846103567137016, -0.016459457900986574], [0.0007831270396514548, -0.0022539202593510055, 0.9999971532737004, 0.021413082160855756], [-0.0006590629963861075, -0.9999972438986435, -0.002253404332090314, 0.03424916276522922], [0.0, 0.0, 0.0, 1.0]]}, "Hobj2base": {"type": "ndarray", "data": [[0.9999959557052444, 0.00012092958347487656, 0.002841469547766753, -0.736909324803385], [0.00012574116281011976, -0.9999985585893811, -0.0016932242381006819, 0.08936921395546443], [0.00284126069114053, 0.0016935746798878014, -0.9999945295062813, 0.0013628137204220458], [0.0, 0.0, 0.0, 1.0]]}, "mean_rme": {"type": "float", "data": 0.001659490777588098}, "max_rme": {"type": "float", "data": 0.004193490638953884}, "simu": {"type": "float", "data": 0.002}}, {"type": "dict", "image_number": {"type": "int", "data": 11}, "Hcamera2end": {"type": "ndarray", "data": [[0.9999985503746373, -0.001208969702959993, -0.0011990166310343509, -0.016141954536511002], [0.0011968923985845887, -0.001756255361427872, 0.9999977415052951, 0.021184071110040968], [-0.0012110727518950164, -0.9999977269770978, -0.0017548058088681096, 0.03442951085581472], [0.0, 0.0, 0.0, 1.0]]}, "Hobj2base": {"type": "ndarray", "data": [[0.9999965507117744, -0.0004121044380976098, 0.0025939804327786103, -0.7367502500878633], [-0.00040760691645329024, -0.9999984133407009, -0.001734120146735108, 0.08964586266700242], [0.002594690955624098, 0.0017330568408893592, -0.9999951320345675, 0.001364443349729612], [0.0, 0.0, 0.0, 1.0]]}, "mean_rme": {"type": "float", "data": 0.0017500898418664006}, "max_rme": {"type": "float", "data": 0.005008946229424438}, "simu": {"type": "float", "data": 0.002}}, {"type": "dict", "image_number": {"type": "int", "data": 12}, "Hcamera2end": {"type": "ndarray", "data": [[0.9999978934900785, -0.0011331058042512753, -0.0017114574613380459, -0.015649198127515015], [0.001709451238302665, -0.001769159594856573, 0.9999969739208173, 0.021362406421773176], [-0.0011361302167723045, -0.9999977930703469, -0.0017672188789841226, 0.03440353632449893], [0.0, 0.0, 0.0, 1.0]]}, "Hobj2base": {"type": "ndarray", "data": [[0.9999964030455359, -0.0002819331637987286, 0.0026672850768495134, -0.7368400928167134], [-0.0002760247618534113, -0.9999975082448995, -0.0022152458830523563, 0.089843506016759], [0.0026679029819087203, 0.002214501678185656, -0.9999939891199325, 0.0011036372162941909], [0.0, 0.0, 0.0, 1.0]]}, "mean_rme": {"type": "float", "data": 0.0016546969183314378}, "max_rme": {"type": "float", "data": 0.005112169797613253}, "simu": {"type": "float", "data": 0.002}}, {"type": "dict", "image_number": {"type": "int", "data": 13}, "Hcamera2end": {"type": "ndarray", "data": [[0.9999983911736318, -0.0012416502484750933, -0.001294586732775859, -0.015408989959344177], [0.0012937610082104302, -0.0006655946713316485, 0.999998941582533, 0.020719218288193456], [-0.0012425106043216956, -0.9999990076437042, -0.0006639872018281423, 0.033078475823655536], [0.0, 0.0, 0.0, 1.0]]}, "Hobj2base": {"type": "ndarray", "data": [[0.9999980321327534, -0.0005896577742117959, 0.001894210740640284, -0.7359181526534235], [-0.0005871525599021023, -0.9999989526624686, -0.0013228476238186092, 0.09029311420598035], [0.0018949887841477667, 0.0013217328299447372, -0.9999973310163548, 0.0017240339929149818], [0.0, 0.0, 0.0, 1.0]]}, "mean_rme": {"type": "float", "data": 0.0016221279107835219}, "max_rme": {"type": "float", "data": 0.004767832251793502}, "simu": {"type": "float", "data": 0.002}}, {"type": "dict", "image_number": {"type": "int", "data": 14}, "Hcamera2end": {"type": "ndarray", "data": [[0.9999982872298266, -0.0011154323366296516, -0.001476938765012329, -0.015677087583715096], [0.0014762054955329072, -0.0006579233351684532, 0.9999986939762572, 0.020460074685585968], [-0.0011164025923266535, -0.9999991614734421, -0.0006562756009518278, 0.03230623160606082], [0.0, 0.0, 0.0, 1.0]]}, "Hobj2base": {"type": "ndarray", "data": [[0.9999981038670681, -0.0004714429566729124, 0.0018894453702499737, -0.7351957553304996], [-0.0004685844185360721, -0.9999987455454442, -0.0015130552470245023, 0.08981431754526688], [0.0018901563192658879, 0.0015121670134104462, -0.9999970703257146, 0.001653909844316003], [0.0, 0.0, 0.0, 1.0]]}, "mean_rme": {"type": "float", "data": 0.001709820313670361}, "max_rme": {"type": "float", "data": 0.0054735375495981176}, "simu": {"type": "float", "data": 0.002}}, {"type": "dict", "image_number": {"type": "int", "data": 15}, "Hcamera2end": {"type": "ndarray", "data": [[0.9999988739696929, -0.0011286718113752503, -0.000989019356972952, -0.015459896692578686], [0.0009891699423405205, 0.0001328677808617451, 0.9999995019443649, 0.020203178002871792], [-0.0011285398404267044, -0.999999354222839, 0.0001339840794791769, 0.031984611314053016], [0.0, 0.0, 0.0, 1.0]]}, "Hobj2base": {"type": "ndarray", "data": [[0.9999988366222585, -0.0006121121400093205, 0.0013971660092896177, -0.7350533697558137], [-0.000611044938714698, -0.9999995213631063, -0.0007641319529328545, 0.09032576471450003], [0.001397633074999378, 0.0007632773327402283, -0.9999987320139467, 0.0016828497364404949], [0.0, 0.0, 0.0, 1.0]]}, "mean_rme": {"type": "float", "data": 0.0017695752909965708}, "max_rme": {"type": "float", "data": 0.005298835908412292}, "simu": {"type": "float", "data": 0.002}}, {"type": "dict", "image_number": {"type": "int", "data": 16}, "Hcamera2end": {"type": "ndarray", "data": [[0.9999990815240043, -0.0008221265497434214, -0.001077524516665697, -0.015445474852261882], [0.0010776990421047952, 0.00021187190827487434, 0.9999993968373525, 0.021357167267419885], [-0.0008218977566918366, -0.9999996396090501, 0.0002127577186707974, 0.03191903563618014], [0.0, 0.0, 0.0, 1.0]]}, "Hobj2base": {"type": "ndarray", "data": [[0.9999992480684319, -0.00039476286197736996, 0.0011610447251273622, -0.7351493849192703], [-0.0003939044725687263, -0.9999996490184455, -0.0007394607845743313, 0.08971338595397117], [0.0011613362292777186, 0.000739002887840344, -0.9999990525859981, 0.000721625785427258], [0.0, 0.0, 0.0, 1.0]]}, "mean_rme": {"type": "float", "data": 0.001738712632370763}, "max_rme": {"type": "float", "data": 0.00525722813801055}, "simu": {"type": "float", "data": 0.002}}, {"type": "dict", "image_number": {"type": "int", "data": 17}, "Hcamera2end": {"type": "ndarray", "data": [[0.9999992386518942, -0.0008139965198031793, -0.0009274186204470959, -0.01569835441585323], [0.0009275417670728093, 0.00015092196037480576, 0.9999995584443185, 0.021297229986528825], [-0.0008138561925421054, -0.9999996573160551, 0.00015167686124106794, 0.03190640376753924], [0.0, 0.0, 0.0, 1.0]]}, "Hobj2base": {"type": "ndarray", "data": [[0.9999991655558766, -0.00036667903346786484, 0.0012387227440975514, -0.7352112044052026], [-0.00036588234793904703, -0.9999997261371452, -0.0006433162071359515, 0.08949743300413264], [0.0012389582954224511, 0.0006428624435384671, -0.9999990258546361, 0.0007276249908635957], [0.0, 0.0, 0.0, 1.0]]}, "mean_rme": {"type": "float", "data": 0.0017248866193881748}, "max_rme": {"type": "float", "data": 0.005180142809955379}, "simu": {"type": "float", "data": 0.002}}, {"type": "dict", "image_number": {"type": "int", "data": 18}, "Hcamera2end": {"type": "ndarray", "data": [[0.9999992883342825, -0.0008276543713701637, -0.0008592550087025546, -0.015295043438395666], [0.0008595556895416357, 0.0003630055864229931, 0.9999995646953856, 0.021494848296000214], [-0.0008273420967200759, -0.9999995916075095, 0.00036371674310831104, 0.03240073752797418], [0.0, 0.0, 0.0, 1.0]]}, "Hobj2base": {"type": "ndarray", "data": [[0.9999992827962327, -0.0004326233233861161, 0.0011168008238353015, -0.7355951942133052], [-0.00043208232491828897, -0.9999997892271066, -0.00048461387391357855, 0.0900339268647567], [0.001117010243708652, 0.0004841309764502491, -0.9999992589523818, 0.00038929875427417177], [0.0, 0.0, 0.0, 1.0]]}, "mean_rme": {"type": "float", "data": 0.001804401832453381}, "max_rme": {"type": "float", "data": 0.00533924039474043}, "simu": {"type": "float", "data": 0.002}}, {"type": "dict", "image_number": {"type": "int", "data": 19}, "Hcamera2end": {"type": "ndarray", "data": [[0.9999991590101406, -0.0007936816093415933, -0.001025694162320897, -0.015467211338537349], [0.0010260347101975755, 0.000428785519232866, 0.9999993816976849, 0.021677894198787018], [-0.0007932413158024518, -0.999999593106158, 0.0004295995035086264, 0.03239037746337493], [0.0, 0.0, 0.0, 1.0]]}, "Hobj2base": {"type": "ndarray", "data": [[0.9999993501032709, -0.000469158738118527, 0.0010390780116176976, -0.7356613809375032], [-0.00046841998992780046, -0.9999996374636864, -0.0007110943740557562, 0.08977531711010638], [0.001039411251053401, 0.0007106071870061122, -0.9999992073305242, 0.0005372629424533642], [0.0, 0.0, 0.0, 1.0]]}, "mean_rme": {"type": "float", "data": 0.00180621687008375}, "max_rme": {"type": "float", "data": 0.005559526110912816}, "simu": {"type": "float", "data": 0.002}}, {"type": "dict", "image_number": {"type": "int", "data": 20}, "Hcamera2end": {"type": "ndarray", "data": [[0.9999991231373397, -0.000779820254048019, -0.0010703293525700474, -0.015303363693607668], [0.0010705963950695613, 0.0003421041691712423, 0.9999993683938485, 0.021691220757472676], [-0.0007794535973748492, -0.9999996374224885, 0.0003429387419456864, 0.032458278731033456], [0.0, 0.0, 0.0, 1.0]]}, "Hobj2base": {"type": "ndarray", "data": [[0.9999993183318377, -0.0004403150640685724, 0.0010814150471038155, -0.7357628912273548], [-0.0004396081141889887, -0.9999996895944712, -0.0006538774100677849, 0.08994943565523897], [0.0010817026235003127, 0.0006534015655108597, -0.9999992014925956, 0.0006029796346203792], [0.0, 0.0, 0.0, 1.0]]}, "mean_rme": {"type": "float", "data": 0.0018024085900973288}, "max_rme": {"type": "float", "data": 0.0056889559690428415}, "simu": {"type": "float", "data": 0.002}}, {"type": "dict", "image_number": {"type": "int", "data": 21}, "Hcamera2end": {"type": "ndarray", "data": [[0.999998909530847, -0.0007889016729367559, -0.001248427517821127, -0.015330359799342243], [0.001248516380926922, 0.00011215911076067897, 0.9999992143132819, 0.021553715639087825], [-0.0007887610305869412, -0.999999682527192, 0.00011314394511630077, 0.03256151733453864], [0.0, 0.0, 0.0, 1.0]]}, "Hobj2base": {"type": "ndarray", "data": [[0.9999991257365876, -0.00035441476224782015, 0.0012739372970894784, -0.7357174594285597], [-0.0003535975484395559, -0.9999997316239864, -0.0006416546804227407, 0.08985266431759513], [0.0012741643670862721, 0.0006412036583424137, -0.9999989826809996, 0.0006364051682694684], [0.0, 0.0, 0.0, 1.0]]}, "mean_rme": {"type": "float", "data": 0.001758791548566264}, "max_rme": {"type": "float", "data": 0.005606404420926636}, "simu": {"type": "float", "data": 0.002}}, {"type": "dict", "image_number": {"type": "int", "data": 22}, "Hcamera2end": {"type": "ndarray", "data": [[0.9999990170007155, -0.0008352848754980315, -0.0011261868315018322, -0.015262338321734], [0.001126379502232286, 0.000230230149415811, 0.9999993391314295, 0.02169677872959895], [-0.0008350250413220227, -0.9999996246465572, 0.00023117077086198812, 0.03233450621890051], [0.0, 0.0, 0.0, 1.0]]}, "Hobj2base": {"type": "ndarray", "data": [[0.9999992504503172, -0.0004491489000032056, 0.001139018906527373, -0.7355880485074578], [-0.00044851944651497433, -0.9999997466084782, -0.0005528230143577547, 0.09003106416963164], [0.0011392669177584342, 0.0005523117278599139, -0.9999991985110015, 0.0005737165652135723], [0.0, 0.0, 0.0, 1.0]]}, "mean_rme": {"type": "float", "data": 0.0017350099846170424}, "max_rme": {"type": "float", "data": 0.0056216881016486475}, "simu": {"type": "float", "data": 0.002}}, {"type": "dict", "image_number": {"type": "int", "data": 23}, "Hcamera2end": {"type": "ndarray", "data": [[0.9999992151646035, -0.0008723407339276938, -0.0008992729401726077, -0.01543795288890351], [0.000899309310143139, 4.130103427768539e-05, 0.9999995947684123, 0.021672385342775657], [-0.0008723032395251465, -0.9999996186578614, 4.208550600681704e-05, 0.032683384747061055], [0.0, 0.0, 0.0, 1.0]]}, "Hobj2base": {"type": "ndarray", "data": [[0.999999064731521, -0.0004138478380891543, 0.0013035589937865112, -0.7357488849686287], [-0.00041350908565740424, -0.9999998806723025, -0.0002601261560622036, 0.090021909653336], [0.0013036664908831347, 0.00025958687928678815, -0.9999991165337763, 0.0007699194014173636], [0.0, 0.0, 0.0, 1.0]]}, "mean_rme": {"type": "float", "data": 0.0017472098179670348}, "max_rme": {"type": "float", "data": 0.005971340794971969}, "simu": {"type": "float", "data": 0.002}}, {"type": "dict", "image_number": {"type": "int", "data": 24}, "Hcamera2end": {"type": "ndarray", "data": [[0.9999993381857568, -0.0007164652045554957, -0.0009001697945093356, -0.015378508714754647], [0.0009002280328353396, 8.096729070750097e-05, 0.9999995915168098, 0.021547256413516336], [-0.0007163920275820653, -0.9999997400609204, 8.161221918390194e-05, 0.032589147368880717], [0.0, 0.0, 0.0, 1.0]]}, "Hobj2base": {"type": "ndarray", "data": [[0.999999233884293, -0.0002916378622582036, 0.0012029871921060353, -0.7357799896279241], [-0.0002914419330764578, -0.9999999442396195, -0.000163040969544221, 0.09004681672719234], [0.00120303467394683, 0.00016269024372323973, -0.9999992631194576, 0.0009657406145735584], [0.0, 0.0, 0.0, 1.0]]}, "mean_rme": {"type": "float", "data": 0.0017233881561443407}, "max_rme": {"type": "float", "data": 0.00601450032366202}, "simu": {"type": "float", "data": 0.002}}, {"type": "dict", "image_number": {"type": "int", "data": 25}, "Hcamera2end": {"type": "ndarray", "data": [[0.9999992211649336, -0.0007264081928471373, -0.0010148894835153707, -0.015314156415388074], [0.0010150726182480958, 0.00025178568685979563, 0.9999994531156242, 0.0213660875061445], [-0.0007261522609401527, -0.9999997044675089, 0.00025252284782650847, 0.032395127128295426], [0.0, 0.0, 0.0, 1.0]]}, "Hobj2base": {"type": "ndarray", "data": [[0.999999392873937, -0.00037173518828450587, 0.0010373353880132165, -0.7356890243271123], [-0.000371605071166717, -0.999999923064149, -0.00012562391166399882, 0.09005699278603553], [0.0010373820070333911, 0.0001252383563037615, -0.9999994540768138, 0.001140274103390626], [0.0, 0.0, 0.0, 1.0]]}, "mean_rme": {"type": "float", "data": 0.0016699983730335036}, "max_rme": {"type": "float", "data": 0.005934495191119438}, "simu": {"type": "float", "data": 0.002}}, {"type": "dict", "image_number": {"type": "int", "data": 26}, "Hcamera2end": {"type": "ndarray", "data": [[0.9999991022978608, -0.0008787060966646217, -0.0010115725718783176, -0.01512097749133966], [0.0010119177790901398, 0.0003925028482721915, 0.9999994109817879, 0.021440563881794692], [-0.000878308533975031, -0.9999995369084479, 0.00039339167424334853, 0.03256398195669375], [0.0, 0.0, 0.0, 1.0]]}, "Hobj2base": {"type": "ndarray", "data": [[0.9999993822061244, -0.0005389917706740796, 0.0009721498035944779, -0.7358078524006795], [-0.0005389407100476879, -0.999999853378337, -5.278461467789538e-05, 0.09032313302706087], [0.0009721781115291867, 5.226065096246179e-05, -0.9999995260691594, 0.0009955811713628381], [0.0, 0.0, 0.0, 1.0]]}, "mean_rme": {"type": "float", "data": 0.0016746794439862463}, "max_rme": {"type": "float", "data": 0.005991510885437257}, "simu": {"type": "float", "data": 0.002}}, {"type": "dict", "image_number": {"type": "int", "data": 27}, "Hcamera2end": {"type": "ndarray", "data": [[0.9999988332374234, -0.0010756996396330098, -0.001084617018594915, -0.014924515923505279], [0.0010850331713478875, 0.00038635895385696895, 0.9999993367146682, 0.02157132907492391], [-0.0010752798746405771, -0.999999346798309, 0.000387525672859268, 0.03272336555405835], [0.0, 0.0, 0.0, 1.0]]}, "Hobj2base": {"type": "ndarray", "data": [[0.9999992757431095, -0.000704703508609122, 0.0009756568152895374, -0.7358098697062778], [-0.0007046308690272916, -0.9999997489505883, -7.479371747041839e-05, 0.09057524637919824], [0.0009757092777465904, 7.410618539092329e-05, -0.9999995212497252, 0.0008845191093074615], [0.0, 0.0, 0.0, 1.0]]}, "mean_rme": {"type": "float", "data": 0.0017124640548814608}, "max_rme": {"type": "float", "data": 0.006119277083330488}, "simu": {"type": "float", "data": 0.002}}, {"type": "dict", "image_number": {"type": "int", "data": 28}, "Hcamera2end": {"type": "ndarray", "data": [[0.999997874685354, -0.001568079444400721, -0.0013385632712800877, -0.015124202354469492], [0.001339290158983711, 0.000462594548497397, 0.9999989961535729, 0.022382837953945734], [-0.001567458658217661, -0.9999986635656768, 0.000464693678706829, 0.03268893413123373], [0.0, 0.0, 0.0, 1.0]]}, "Hobj2base": {"type": "ndarray", "data": [[0.9999986281687471, -0.001223885141315515, 0.0011161387838167134, -0.7358278596039048], [-0.0012237796713466362, -0.9999992466523819, -9.517344855534908e-05, 0.09015113396476457], [0.0011162544243457535, 9.380741003940144e-05, -0.9999993725879184, 0.0003354694478077303], [0.0, 0.0, 0.0, 1.0]]}, "mean_rme": {"type": "float", "data": 0.0017226614622687267}, "max_rme": {"type": "float", "data": 0.006208262998355973}, "simu": {"type": "float", "data": 0.002}}, {"type": "dict", "image_number": {"type": "int", "data": 29}, "Hcamera2end": {"type": "ndarray", "data": [[0.9999978996868675, -0.0015165859591100663, -0.0013786184687646368, -0.015102097260211198], [0.0013794424352868279, 0.0005423917477530571, 0.9999989014742766, 0.022555582816189423], [-0.00151583654182062, -0.9999987028882692, 0.0005444826515893508, 0.03265469669790847], [0.0, 0.0, 0.0, 1.0]]}, "Hobj2base": {"type": "ndarray", "data": [[0.999998718137518, -0.001247311749881123, 0.0010039605168735762, -0.7359009839598121], [-0.00124729523454514, -0.9999992219811984, -1.7076134636638573e-05, 0.0901356151996467], [0.0010039810350367937, 1.5823877579014355e-05, -0.9999994958857152, 0.00020396000716019308], [0.0, 0.0, 0.0, 1.0]]}, "mean_rme": {"type": "float", "data": 0.0016985787984478895}, "max_rme": {"type": "float", "data": 0.006201601530996137}, "simu": {"type": "float", "data": 0.002}}, {"type": "dict", "image_number": {"type": "int", "data": 30}, "Hcamera2end": {"type": "ndarray", "data": [[0.9999980731954687, -0.0014331783365425514, -0.0013414936472861585, -0.01500299361553389], [0.0013424237154881823, 0.0006481902213666402, 0.9999988888733852, 0.022739384360007334], [-0.0014323072010357619, -0.999998762923881, 0.000650112905018263, 0.032674176658813454], [0.0, 0.0, 0.0, 1.0]]}, "Hobj2base": {"type": "ndarray", "data": [[0.9999988144218207, -0.0012406470926933835, 0.0009121127914835056, -0.7359207981961308], [-0.0012407354304582647, -0.9999992256516002, 9.629014080215127e-05, 0.09017902724086571], [0.000911992623107184, -9.742171729962923e-05, -0.9999995793891434, -9.236841616018971e-06], [0.0, 0.0, 0.0, 1.0]]}, "mean_rme": {"type": "float", "data": 0.0016854541536201941}, "max_rme": {"type": "float", "data": 0.006178034209039174}, "simu": {"type": "float", "data": 0.002}}]}