{"type": "list", "data": [{"type": "dict", "image_number": {"type": "int", "data": 5}, "Hcamera2end": {"type": "ndarray", "data": [[0.9999947847230972, 0.00023161451487196862, -0.0032213167064056364, -0.013444157640722945], [0.003221578481409629, -0.0011388708929351843, 0.9999941621855486, 0.02813682389746644], [0.00022794449891555546, -0.9999993246636747, -0.0011396111177450763, 0.031343453112919986], [0.0, 0.0, 0.0, 1.0]]}, "Hobj2base": {"type": "ndarray", "data": [[0.9999967469034541, 0.0012794856425874083, 0.002206603498503643, -0.7330946717786637], [0.0012827959674811256, -0.9999980530733104, -0.0014994279224049218, 0.09220799594803435], [0.002204680705909587, 0.001502253666690837, -0.999996441302121, 0.005736345616605809], [0.0, 0.0, 0.0, 1.0]]}, "mean_rme": {"type": "float", "data": 0.0015837836091749905}, "max_rme": {"type": "float", "data": 0.005314002866382381}, "simu": {"type": "float", "data": 0.002}}, {"type": "dict", "image_number": {"type": "int", "data": 6}, "Hcamera2end": {"type": "ndarray", "data": [[0.9999948192896195, 0.00019341988192409887, -0.003213095496645271, -0.012644037093128752], [0.003213066617617121, 0.0001494334743985526, 0.9999948269228935, 0.02807946593308422], [0.00019389902537177432, -0.9999999701291926, 0.00014881122926124757, 0.031166871376858283], [0.0, 0.0, 0.0, 1.0]]}, "Hobj2base": {"type": "ndarray", "data": [[0.9999991242173342, 0.0006845557464128036, 0.0011326729424989072, -0.7334141572149008], [0.0006861290660411285, -0.9999987996361539, -0.0013892275389565732, 0.09292970945347574], [0.0011317205791843905, 0.0013900034821233424, -0.9999983935481342, 0.005336441625860629], [0.0, 0.0, 0.0, 1.0]]}, "mean_rme": {"type": "float", "data": 0.0014250902335197387}, "max_rme": {"type": "float", "data": 0.00528612544602837}, "simu": {"type": "float", "data": 0.002}}, {"type": "dict", "image_number": {"type": "int", "data": 7}, "Hcamera2end": {"type": "ndarray", "data": [[0.9999971481737105, 0.0006434683581251946, -0.002299911502214181, -0.011596373604704613], [0.002299740575367285, 0.0002662475716332935, 0.9999973201491674, 0.028761656666815204], [0.0006440789795784153, -0.9999997575303219, 0.00026476700204935977, 0.03134973952904684], [0.0, 0.0, 0.0, 1.0]]}, "Hobj2base": {"type": "ndarray", "data": [[0.9999992563447074, 0.0008510331688971302, 0.0008735288074846708, -0.7336002747425027], [0.0008515242087168101, -0.9999994795785472, -0.0005619156127506439, 0.09327816301513774], [0.0008730501440569681, 0.0005626590258057092, -0.9999994605989875, 0.003949656682064421], [0.0, 0.0, 0.0, 1.0]]}, "mean_rme": {"type": "float", "data": 0.0014400000922095014}, "max_rme": {"type": "float", "data": 0.005383452442826828}, "simu": {"type": "float", "data": 0.002}}, {"type": "dict", "image_number": {"type": "int", "data": 8}, "Hcamera2end": {"type": "ndarray", "data": [[0.9999956140855748, 0.0019127134167172927, -0.002261268891494101, -0.012439611141159946], [0.0022605460878674984, 0.00037997188449157004, 0.9999973727729244, 0.030312716386897864], [0.0019135676101868597, -0.9999980985725684, 0.00037564644113607937, 0.03166094323067689], [0.0, 0.0, 0.0, 1.0]]}, "Hobj2base": {"type": "ndarray", "data": [[0.999998138640393, 0.0019266520996681618, 0.00010357333676827209, -0.7337911159381667], [0.0019267371206344217, -0.9999978017576177, -0.000827142067491088, 0.09127438425700601], [0.00010197949408791798, 0.0008273400864749137, -0.9999996525542214, 0.0032642124397719782], [0.0, 0.0, 0.0, 1.0]]}, "mean_rme": {"type": "float", "data": 0.0014111846127422905}, "max_rme": {"type": "float", "data": 0.005562839886537163}, "simu": {"type": "float", "data": 0.002}}, {"type": "dict", "image_number": {"type": "int", "data": 9}, "Hcamera2end": {"type": "ndarray", "data": [[0.9999983916601941, 0.0013713209153675913, -0.0011559221306533232, -0.013559905769489181], [0.0011547860738196389, 0.000828942544632838, 0.9999989896611805, 0.030374301707888494], [0.0013722777229012177, -0.9999987161657784, 0.000827357629115677, 0.031235936860039355], [0.0, 0.0, 0.0, 1.0]]}, "Hobj2base": {"type": "ndarray", "data": [[0.9999992355184674, 0.0011447591000190692, -0.00046742815887770384, -0.7332068116842385], [0.0011447464138465314, -0.9999993444020365, -2.740701015355382e-05, 0.09111678825998301], [-0.00046745922685703266, 2.6871902492794558e-05, -0.9999998903798797, 0.003709701668136087], [0.0, 0.0, 0.0, 1.0]]}, "mean_rme": {"type": "float", "data": 0.0013942403712932355}, "max_rme": {"type": "float", "data": 0.005631933068466849}, "simu": {"type": "float", "data": 0.002}}, {"type": "dict", "image_number": {"type": "int", "data": 10}, "Hcamera2end": {"type": "ndarray", "data": [[0.9999989729176247, 0.00130760147808516, -0.0005868066719380957, -0.013395081486761974], [0.000585077761881681, 0.0013221900156445976, 0.9999989547482411, 0.03029315806648255], [0.0013083759812351655, -0.9999982709944737, 0.0013214236091002585, 0.03241000739431233], [0.0, 0.0, 0.0, 1.0]]}, "Hobj2base": {"type": "ndarray", "data": [[0.9999991365204572, 0.0008805365722465285, -0.0009755068860726237, -0.7346738932597924], [0.0008808888830842184, -0.999999546934045, 0.0003607859199433994, 0.09136173637779736], [-0.0009751887589064032, -0.00036164492158345175, -0.9999994591097712, 0.004118243929299259], [0.0, 0.0, 0.0, 1.0]]}, "mean_rme": {"type": "float", "data": 0.001508304609819993}, "max_rme": {"type": "float", "data": 0.00587810094618231}, "simu": {"type": "float", "data": 0.002}}, {"type": "dict", "image_number": {"type": "int", "data": 11}, "Hcamera2end": {"type": "ndarray", "data": [[0.9999986338765158, 0.0010869886342802755, -0.00124527138048307, -0.01275846088754298], [0.0012439640071162474, 0.0012025965659161475, 0.9999985031564039, 0.030275771960437695], [0.0010884845663141022, -0.9999986861077411, 0.001201242748283593, 0.032196876670218026], [0.0, 0.0, 0.0, 1.0]]}, "Hobj2base": {"type": "ndarray", "data": [[0.9999993194266087, 0.0006381245035631819, -0.0009767002802327336, -0.7343205954259658], [0.0006378084566636582, -0.9999997441563226, -0.00032386364708845094, 0.09160032736720317], [-0.0009769066956791625, 0.0003232404789771121, -0.9999994705843103, 0.004093215514990922], [0.0, 0.0, 0.0, 1.0]]}, "mean_rme": {"type": "float", "data": 0.0014678013553199364}, "max_rme": {"type": "float", "data": 0.005720445742901439}, "simu": {"type": "float", "data": 0.002}}, {"type": "dict", "image_number": {"type": "int", "data": 12}, "Hcamera2end": {"type": "ndarray", "data": [[0.9999968451875261, 0.0022911388474834166, -0.0010297076170783757, -0.013000099648886914], [0.001027263531242655, 0.0010676770864751495, 0.9999989023970357, 0.029623353781763912], [0.0022922357279511496, -0.9999968053691073, 0.0010653201147711178, 0.03233557820049458], [0.0, 0.0, 0.0, 1.0]]}, "Hobj2base": {"type": "ndarray", "data": [[0.9999972263093175, 0.001826757548127432, -0.001486718040521427, -0.7342113719136386], [0.001826137553309448, -0.9999982451330629, -0.0004182731528968954, 0.09162876381645596], [-0.0014874795151683267, 0.0004155570410915696, -0.9999988073578074, 0.0046978614434167315], [0.0, 0.0, 0.0, 1.0]]}, "mean_rme": {"type": "float", "data": 0.0015268756081514353}, "max_rme": {"type": "float", "data": 0.006060012811389681}, "simu": {"type": "float", "data": 0.002}}, {"type": "dict", "image_number": {"type": "int", "data": 13}, "Hcamera2end": {"type": "ndarray", "data": [[0.9999969682664686, 0.002127629766900986, -0.001239616653027922, -0.012762401166200933], [0.0012378784832360247, 0.0008180737896407164, 0.999998899205462, 0.029845499470940486], [0.002128641522710804, -0.9999974019700502, 0.0008154375623501409, 0.03247156522122105], [0.0, 0.0, 0.0, 1.0]]}, "Hobj2base": {"type": "ndarray", "data": [[0.9999975951186533, 0.0016637799522522608, -0.0014288433015733704, -0.7342680795998414], [0.0016627997860496984, -0.9999983816313378, -0.0006868999758999464, 0.0919200926784751], [-0.0014299838395872527, 0.0006845224436508526, -0.9999987432868316, 0.0047500444930402026], [0.0, 0.0, 0.0, 1.0]]}, "mean_rme": {"type": "float", "data": 0.0016232486874945638}, "max_rme": {"type": "float", "data": 0.005605257834115834}, "simu": {"type": "float", "data": 0.002}}, {"type": "dict", "image_number": {"type": "int", "data": 14}, "Hcamera2end": {"type": "ndarray", "data": [[0.9999971961766854, 0.0021343028423198166, -0.0010258606850364492, -0.012660062477740725], [0.0010246377069762747, 0.0005740251145004427, 0.9999993103061308, 0.030002181020167808], [0.002134890240101421, -0.9999975576202899, 0.0005718366178651957, 0.03200439350876794], [0.0, 0.0, 0.0, 1.0]]}, "Hobj2base": {"type": "ndarray", "data": [[0.9999977300099281, 0.001680532896628346, -0.0013098794502820602, -0.7338232838131497], [0.0016800422581335016, -0.9999985181984754, -0.00037557804099915286, 0.09225187388263403], [-0.001310508680553844, 0.000373376535611194, -0.9999990715780496, 0.004401496851550458], [0.0, 0.0, 0.0, 1.0]]}, "mean_rme": {"type": "float", "data": 0.0016302029581826425}, "max_rme": {"type": "float", "data": 0.005268446679713823}, "simu": {"type": "float", "data": 0.002}}, {"type": "dict", "image_number": {"type": "int", "data": 15}, "Hcamera2end": {"type": "ndarray", "data": [[0.9999981948612854, 0.0015781166797442057, -0.0010582163841964206, -0.01263572602551348], [0.0010570525553109304, 0.0007381314347191248, 0.9999991689005949, 0.030480125851419997], [0.001578896470950282, -0.9999984823537136, 0.0007364619500205283, 0.0319728485755325], [0.0, 0.0, 0.0, 1.0]]}, "Hobj2base": {"type": "ndarray", "data": [[0.9999988668549934, 0.0011730035458535485, -0.0009435843420944826, -0.733761622110551], [0.0011726139864791658, -0.9999992270803206, -0.00041329795455973315, 0.09201897041682797], [-0.0009440684127457685, 0.000412191026036257, -0.9999994694165539, 0.004023382440556222], [0.0, 0.0, 0.0, 1.0]]}, "mean_rme": {"type": "float", "data": 0.0016216460050257234}, "max_rme": {"type": "float", "data": 0.005183627477476638}, "simu": {"type": "float", "data": 0.002}}, {"type": "dict", "image_number": {"type": "int", "data": 16}, "Hcamera2end": {"type": "ndarray", "data": [[0.9999979889429207, 0.0014322851390868928, -0.0014038053264484784, -0.012571369474729567], [0.0014024919070927291, 0.0009176023550730994, 0.999998595510198, 0.030567927851003505], [0.0014335712625306348, -0.9999985532815527, 0.0009155917414062076, 0.032176903678069975], [0.0, 0.0, 0.0, 1.0]]}, "Hobj2base": {"type": "ndarray", "data": [[0.9999987588495297, 0.0009558387885901037, -0.0012524662112802043, -0.7340725754764287], [0.0009551740699353553, -0.9999994027245016, -0.0005312185386029745, 0.09214333575447399], [-0.0012529732224972388, 0.0005300215560323505, -0.9999990745671985, 0.003942601860039689], [0.0, 0.0, 0.0, 1.0]]}, "mean_rme": {"type": "float", "data": 0.0016427859792201465}, "max_rme": {"type": "float", "data": 0.004904543048991267}, "simu": {"type": "float", "data": 0.002}}, {"type": "dict", "image_number": {"type": "int", "data": 17}, "Hcamera2end": {"type": "ndarray", "data": [[0.9999979810655538, 0.001328222202404971, -0.0015078761876284584, -0.012550379083441449], [0.0015068578410193888, 0.0007673663249219143, 0.9999985702631631, 0.03020300171384087], [0.0013293773968052983, -0.9999988234866601, 0.0007653633336193177, 0.03222770116210686], [0.0, 0.0, 0.0, 1.0]]}, "Hobj2base": {"type": "ndarray", "data": [[0.9999987753585339, 0.0008523232009518437, -0.0013125648912166376, -0.7340977368375543], [0.0008520764457983248, -0.9999996192086813, -0.00018854236163665398, 0.09218406997731], [-0.0013127250904325074, 0.00018742372511247227, -0.9999991208122052, 0.00412913048726344], [0.0, 0.0, 0.0, 1.0]]}, "mean_rme": {"type": "float", "data": 0.0016525175183315633}, "max_rme": {"type": "float", "data": 0.005112388763491918}, "simu": {"type": "float", "data": 0.002}}, {"type": "dict", "image_number": {"type": "int", "data": 18}, "Hcamera2end": {"type": "ndarray", "data": [[0.9999981606615874, 0.0013650571165064766, -0.001347327915043752, -0.01287187939186633], [0.0013463928658519982, 0.0006856766113298995, 0.9999988585362662, 0.030131328844845418], [0.001365979389582421, -0.9999988332326459, 0.0006838374469754216, 0.03234139795074245], [0.0, 0.0, 0.0, 1.0]]}, "Hobj2base": {"type": "ndarray", "data": [[0.9999987354046801, 0.0008831424392249126, -0.0013225915744158332, -0.7339811519983777], [0.0008831576594141274, -0.9999996099565329, 1.092386825269066e-05, 0.09198948523310348], [-0.0013225814112159755, -1.2091911317639924e-05, -0.9999991253157157, 0.004270515987236909], [0.0, 0.0, 0.0, 1.0]]}, "mean_rme": {"type": "float", "data": 0.001623327328281343}, "max_rme": {"type": "float", "data": 0.005237640094871987}, "simu": {"type": "float", "data": 0.002}}, {"type": "dict", "image_number": {"type": "int", "data": 19}, "Hcamera2end": {"type": "ndarray", "data": [[0.9999976741422879, 0.0012376996985928334, -0.001766298239423622, -0.012713091452406762], [0.0017652433799893522, 0.0008528488861517802, 0.9999980782804468, 0.03007535046353602], [0.001239203705567226, -0.9999988703734787, 0.0008506620613473181, 0.032436245740406974], [0.0, 0.0, 0.0, 1.0]]}, "Hobj2base": {"type": "ndarray", "data": [[0.9999985094814468, 0.0006953358952051436, -0.0015803616287465324, -0.7341732040130116], [0.0006948004652177102, -0.9999997010550572, -0.0003393259640791551, 0.09196402197095865], [-0.001580597101828415, 0.00033822742231264473, -0.9999986936566532, 0.004227391181904841], [0.0, 0.0, 0.0, 1.0]]}, "mean_rme": {"type": "float", "data": 0.0015964920027998178}, "max_rme": {"type": "float", "data": 0.005243389797150999}, "simu": {"type": "float", "data": 0.002}}, {"type": "dict", "image_number": {"type": "int", "data": 20}, "Hcamera2end": {"type": "ndarray", "data": [[0.9999983883086891, 0.0002831889565460202, -0.0017729027156071079, -0.012702680281249122], [0.0017726719638043727, 0.0008130165354127694, 0.9999980983173027, 0.03124486707564233], [0.00028462981723394805, -0.9999996294039952, 0.0008125132239573674, 0.032299925094286544], [0.0, 0.0, 0.0, 1.0]]}, "Hobj2base": {"type": "ndarray", "data": [[0.9999993099659096, -9.33161177319141e-05, -0.0011710507277206419, -0.7342110217176612], [-9.378381993932915e-05, -0.9999999158667761, -0.00039933824666860184, 0.09154724118068203], [-0.0011710133645015282, 0.0003994477967221864, -0.9999992345842856, 0.003123786741444584], [0.0, 0.0, 0.0, 1.0]]}, "mean_rme": {"type": "float", "data": 0.001636942793478816}, "max_rme": {"type": "float", "data": 0.005495765313205003}, "simu": {"type": "float", "data": 0.002}}, {"type": "dict", "image_number": {"type": "int", "data": 21}, "Hcamera2end": {"type": "ndarray", "data": [[0.9999985505601768, 0.0005123559964448967, -0.0016236898960293703, -0.012955261980530212], [0.001623272022151491, 0.0008149573756255357, 0.9999983504148486, 0.03136180720828988], [0.0005136783893265508, -0.9999995366677972, 0.0008141245012394105, 0.03229735944509974], [0.0, 0.0, 0.0, 1.0]]}, "Hobj2base": {"type": "ndarray", "data": [[0.999999262347711, 0.00011906313807815004, -0.0012087712782730177, -0.7344178483269602], [0.00011871250960916235, -0.9999999508637103, -0.00029013775684867075, 0.09140755167433354], [-0.0012088057635902866, 0.00028999404655590303, -0.9999992273457414, 0.0031458197017575906], [0.0, 0.0, 0.0, 1.0]]}, "mean_rme": {"type": "float", "data": 0.0016463372861917197}, "max_rme": {"type": "float", "data": 0.0052844184921270465}, "simu": {"type": "float", "data": 0.002}}, {"type": "dict", "image_number": {"type": "int", "data": 22}, "Hcamera2end": {"type": "ndarray", "data": [[0.9999984738996787, 0.000783991098524625, -0.0015612675206471958, -0.01278916922602911], [0.0015605008075057283, 0.0009776227859498166, 0.999998304544022, 0.03166375250647959], [0.0007855161000053786, -0.9999992148055149, 0.0009763978752570512, 0.03186034651607006], [0.0, 0.0, 0.0, 1.0]]}, "Hobj2base": {"type": "ndarray", "data": [[0.9999989434787154, 0.00030998030163035466, -0.0014201949392499962, -0.7342994975288264], [0.00030951723031075087, -0.9999998988734848, -0.0003262699866840645, 0.09166907216588896], [-0.0014202959328995163, 0.00032583006716878105, -0.9999989382965515, 0.0028843446643454255], [0.0, 0.0, 0.0, 1.0]]}, "mean_rme": {"type": "float", "data": 0.0016944013416966294}, "max_rme": {"type": "float", "data": 0.005047757427973781}, "simu": {"type": "float", "data": 0.002}}, {"type": "dict", "image_number": {"type": "int", "data": 23}, "Hcamera2end": {"type": "ndarray", "data": [[0.9999983747655253, 0.0007823979542213946, -0.0016242905371814055, -0.01279098557305688], [0.0016233782317314485, 0.0011652647537385707, 0.9999980033985918, 0.03179053038058732], [0.0007842891205973458, -0.9999990150052622, 0.0011639927321026589, 0.03161401837894003], [0.0, 0.0, 0.0, 1.0]]}, "Hobj2base": {"type": "ndarray", "data": [[0.9999987677775508, 0.000276155316286982, -0.0015453742657749198, -0.7341232418733468], [0.00027544563201137545, -0.9999998565290296, -0.00045942531938734856, 0.09168038474186614], [-0.00154550091680296, 0.00045899908668182575, -0.9999987003725326, 0.0028441170985156724], [0.0, 0.0, 0.0, 1.0]]}, "mean_rme": {"type": "float", "data": 0.0016758143251115931}, "max_rme": {"type": "float", "data": 0.005076955726620452}, "simu": {"type": "float", "data": 0.002}}, {"type": "dict", "image_number": {"type": "int", "data": 24}, "Hcamera2end": {"type": "ndarray", "data": [[0.9999981586515548, 0.0007723126855783904, -0.0017567659535247739, -0.012568403804325388], [0.001755882348069629, 0.0011432964111608435, 0.9999978048728387, 0.0317524537342865], [0.0007743194944637516, -0.9999990482027631, 0.0011419382157419333, 0.03165977986719], [0.0, 0.0, 0.0, 1.0]]}, "Hobj2base": {"type": "ndarray", "data": [[0.9999988790269404, 0.00027457356039498775, -0.0014719219485063658, -0.7342219766052308], [0.00027373493212504347, -0.9999998001292087, -0.0005699216871146762, 0.09177783622850201], [-0.0014720781397389389, 0.0005695181317931511, -0.9999987543167481, 0.0027463021638349217], [0.0, 0.0, 0.0, 1.0]]}, "mean_rme": {"type": "float", "data": 0.001668567082893766}, "max_rme": {"type": "float", "data": 0.00501187262412911}, "simu": {"type": "float", "data": 0.002}}, {"type": "dict", "image_number": {"type": "int", "data": 25}, "Hcamera2end": {"type": "ndarray", "data": [[0.9999986221849104, 0.0007003979970127397, -0.0015050152579007489, -0.012591095054033816], [0.0015042858716556734, 0.0010407524749456165, 0.9999983269777514, 0.0320380921245583], [0.0007019631735857986, -0.999999213138156, 0.0010396974421696958, 0.03210815665594405], [0.0, 0.0, 0.0, 1.0]]}, "Hobj2base": {"type": "ndarray", "data": [[0.9999991515078065, 0.0002811980477553935, -0.0012719714324725972, -0.7345340075346172], [0.00028071173367173215, -0.9999998874498723, -0.0003824933517211902, 0.09197572117829532], [-0.0012720788456958342, 0.0003821359698725769, -0.9999991178933658, 0.0024716542845332023], [0.0, 0.0, 0.0, 1.0]]}, "mean_rme": {"type": "float", "data": 0.0016631187921503409}, "max_rme": {"type": "float", "data": 0.005095274981811948}, "simu": {"type": "float", "data": 0.002}}, {"type": "dict", "image_number": {"type": "int", "data": 26}, "Hcamera2end": {"type": "ndarray", "data": [[0.9999986376321949, 0.0007526358811043644, -0.0014691061856038664, -0.012774063041538488], [0.001468274374401055, 0.0011045603669053161, 0.999998312056954, 0.03201829651077667], [0.0007542573271652561, -0.9999991067424141, 0.00110345378611032, 0.03207264222083813], [0.0, 0.0, 0.0, 1.0]]}, "Hobj2base": {"type": "ndarray", "data": [[0.9999991085983523, 0.00032092040057683254, -0.001296075845491887, -0.7344019853969311], [0.0003203488472000951, -0.9999998513723165, -0.0004411711247923704, 0.09177534629123815], [-0.0012962172336732274, 0.0004407555351287157, -0.9999990627772817, 0.002407136220227648], [0.0, 0.0, 0.0, 1.0]]}, "mean_rme": {"type": "float", "data": 0.0017139503121107159}, "max_rme": {"type": "float", "data": 0.005224826678911748}, "simu": {"type": "float", "data": 0.002}}, {"type": "dict", "image_number": {"type": "int", "data": 27}, "Hcamera2end": {"type": "ndarray", "data": [[0.9999981293298313, 0.0009579012989885079, -0.0016804052901598374, -0.013164836945171413], [0.0016794468775123172, 0.0010004616669103683, 0.9999980892654939, 0.03282822471129175], [0.0009595806497711208, -0.9999990407503173, 0.0009988510510310356, 0.03205394469580155], [0.0, 0.0, 0.0, 1.0]]}, "Hobj2base": {"type": "ndarray", "data": [[0.9999989275794662, 0.0005674608285400265, -0.0013501215225384358, -0.7344162686563065], [0.0005665459378628015, -0.9999996097238042, -0.0006779217803650682, 0.09093132429345899], [-0.001350505689673315, 0.0006771561474836152, -0.9999988587963162, 0.002028516441305014], [0.0, 0.0, 0.0, 1.0]]}, "mean_rme": {"type": "float", "data": 0.0017545346087737938}, "max_rme": {"type": "float", "data": 0.006093251266075406}, "simu": {"type": "float", "data": 0.002}}, {"type": "dict", "image_number": {"type": "int", "data": 28}, "Hcamera2end": {"type": "ndarray", "data": [[0.9999981228912258, 0.0008870227408293669, -0.001722615651305601, -0.013155691870528402], [0.0017217645142891414, 0.0009594148780177614, 0.999998057523138, 0.03322536449509184], [0.0008886737208931856, -0.9999991463565101, 0.0009578858328130879, 0.03199386818714893], [0.0, 0.0, 0.0, 1.0]]}, "Hobj2base": {"type": "ndarray", "data": [[0.9999989483386874, 0.000516244586231103, -0.001355290760832231, -0.7344744196298201], [0.0005154310013004757, -0.9999996868151046, -0.0006005835301082283, 0.09079698214176972], [-0.001355600384371633, 0.0005998843396238556, -0.9999989012425854, 0.0016894466262002555], [0.0, 0.0, 0.0, 1.0]]}, "mean_rme": {"type": "float", "data": 0.001728962296264967}, "max_rme": {"type": "float", "data": 0.006105855617595579}, "simu": {"type": "float", "data": 0.002}}, {"type": "dict", "image_number": {"type": "int", "data": 29}, "Hcamera2end": {"type": "ndarray", "data": [[0.9999984994334076, 0.0004600166704816605, -0.0016701843000010651, -0.013071229567222824], [0.0016697909844429842, 0.0008540639295814278, 0.9999982411848894, 0.03327872869961595], [0.00046144230556377324, -0.9999995294796228, 0.0008532945163125527, 0.031907060814632474], [0.0, 0.0, 0.0, 1.0]]}, "Hobj2base": {"type": "ndarray", "data": [[0.9999993031546819, 0.00019258669736199824, -0.0011647319497013967, -0.7345018397381309], [0.00019194879352020018, -0.9999998315518579, -0.000547769948019732, 0.09092035923943743], [-0.0011648372467096674, 0.0005475459974162886, -0.9999991716734413, 0.0015360489537916632], [0.0, 0.0, 0.0, 1.0]]}, "mean_rme": {"type": "float", "data": 0.0017568564331749735}, "max_rme": {"type": "float", "data": 0.006312720536702177}, "simu": {"type": "float", "data": 0.002}}, {"type": "dict", "image_number": {"type": "int", "data": 30}, "Hcamera2end": {"type": "ndarray", "data": [[0.9999983282989545, 0.0005575474874408441, -0.0017414189891236027, -0.013143737819362383], [0.0017409543255280766, 0.0008328097709625615, 0.9999981377512268, 0.0334750585192203], [0.0005589967198982015, -0.9999994977842162, 0.000831837714043715, 0.03189529761921091], [0.0, 0.0, 0.0, 1.0]]}, "Hobj2base": {"type": "ndarray", "data": [[0.9999992149512944, 0.0002901921889392906, -0.0012189689447959307, -0.7345292178887841], [0.00028952717934851584, -0.9999998091971476, -0.0005456919284568505, 0.09076025414207738], [-0.0012191270677483846, 0.0005453385754218083, -0.9999991081671176, 0.0014420007517417159], [0.0, 0.0, 0.0, 1.0]]}, "mean_rme": {"type": "float", "data": 0.0017274811892834113}, "max_rme": {"type": "float", "data": 0.006172069669271307}, "simu": {"type": "float", "data": 0.002}}]}