{"type": "list", "data": [{"type": "dict", "image_number": {"type": "int", "data": 5}, "Hcamera2end": {"type": "ndarray", "data": [[0.9999863591269103, -0.005219630841751456, 0.00019239018139835008, -0.01989672241828841], [-0.00019601304012768425, -0.0006935806422063706, 0.9999997402623567, 0.02312293576761064], [-0.005219496047911274, -0.9999861371037945, -0.0006945942968705765, 0.03268675705563882], [0.0, 0.0, 0.0, 1.0]]}, "Hobj2base": {"type": "ndarray", "data": [[0.9999880370509878, -0.004887238742874192, 0.0002016243594722456, -0.7338138292652203], [-0.004887698061399223, -0.9999853073928269, 0.0023442282598294334, 0.08671889343297841], [0.0001901645939111564, -0.0023451856949372116, -0.9999972319669108, 0.014767324773225888], [0.0, 0.0, 0.0, 1.0]]}, "mean_rme": {"type": "float", "data": 0.0026593425851278445}, "max_rme": {"type": "float", "data": 0.006877059518205303}, "simu": {"type": "float", "data": 0.002}}, {"type": "dict", "image_number": {"type": "int", "data": 6}, "Hcamera2end": {"type": "ndarray", "data": [[0.9999907844030934, -0.0036288058308043703, 0.0022940961462782168, -0.017322311517682116], [-0.0022948389304226517, -0.00020054053290263774, 0.9999973467453691, 0.024495826578547777], [-0.003628336143394791, -0.9999933957540603, -0.00020886620969351455, 0.032450612224147024], [0.0, 0.0, 0.0, 1.0]]}, "Hobj2base": {"type": "ndarray", "data": [[0.9999937280205569, -0.00341562545626373, -0.0009367082208617653, -0.7344048943099865], [-0.003411326264188605, -0.9999838141047035, 0.004553502139006833, 0.08959773757786138], [-0.0009522461172217217, -0.0045502781621793165, -0.9999891940396057, 0.013296568379620307], [0.0, 0.0, 0.0, 1.0]]}, "mean_rme": {"type": "float", "data": 0.0025327962099872606}, "max_rme": {"type": "float", "data": 0.00581848268734228}, "simu": {"type": "float", "data": 0.002}}, {"type": "dict", "image_number": {"type": "int", "data": 7}, "Hcamera2end": {"type": "ndarray", "data": [[0.9999938496225652, -0.003505013674369152, 0.00012488468636617529, -0.016786790715841878], [-0.0001256056847789308, -0.0002054855070543482, 0.9999999709994588, 0.024960686016926917], [-0.003504987910728757, -0.999993836308429, -0.00020592449288359127, 0.03271952509543553], [0.0, 0.0, 0.0, 1.0]]}, "Hobj2base": {"type": "ndarray", "data": [[0.9999945244818597, -0.0032372631842252564, -0.0006863915613599907, -0.7344459630381274], [-0.003235929029761285, -0.9999928903004278, 0.0019360041093239807, 0.08883105746802929], [-0.0006926540361498237, -0.0019337723943191722, -0.9999978903751316, 0.013244562174345411], [0.0, 0.0, 0.0, 1.0]]}, "mean_rme": {"type": "float", "data": 0.0024125776633774254}, "max_rme": {"type": "float", "data": 0.006002335336137893}, "simu": {"type": "float", "data": 0.002}}, {"type": "dict", "image_number": {"type": "int", "data": 8}, "Hcamera2end": {"type": "ndarray", "data": [[0.9999947226087244, -0.0031775468651379767, -0.0006767204890605414, -0.01672155849913791], [0.0006710114023930497, -0.001797418764973413, 0.9999981595130469, 0.025361837168063776], [-0.003178757367010108, -0.9999933362186486, -0.0017952771091132025, 0.03488757273214538], [0.0, 0.0, 0.0, 1.0]]}, "Hobj2base": {"type": "ndarray", "data": [[0.9999950250876791, -0.003026700465063888, 0.0008881915259018642, -0.735764688322097], [-0.0030275215517713656, -0.9999949896347613, 0.000924564020325498, 0.08872229333000559], [0.0008853886973876169, -0.0009272484396873306, -0.9999991781482553, 0.012815716592263326], [0.0, 0.0, 0.0, 1.0]]}, "mean_rme": {"type": "float", "data": 0.002299406925953065}, "max_rme": {"type": "float", "data": 0.005687378194073556}, "simu": {"type": "float", "data": 0.002}}, {"type": "dict", "image_number": {"type": "int", "data": 9}, "Hcamera2end": {"type": "ndarray", "data": [[0.999994856586327, -0.0031648019994945705, -0.0005204125240371848, -0.01663368745218527], [0.0005191207870786372, -0.00040896503779008775, 0.9999997816305796, 0.025559900803743194], [-0.0031650141389261504, -0.9999949083749889, -0.0004073200198089211, 0.03165657667856809], [0.0, 0.0, 0.0, 1.0]]}, "Hobj2base": {"type": "ndarray", "data": [[0.9999955000276595, -0.0029515621271810136, -0.0005368476885680714, -0.7334138743167387], [-0.002951090192967295, -0.9999952602890627, 0.0008777619736482092, 0.08930534958573515], [-0.00053943591306331, -0.0008761737377947558, -0.999999470664098, 0.012897759600786454], [0.0, 0.0, 0.0, 1.0]]}, "mean_rme": {"type": "float", "data": 0.002217086421778008}, "max_rme": {"type": "float", "data": 0.005751519475133665}, "simu": {"type": "float", "data": 0.002}}, {"type": "dict", "image_number": {"type": "int", "data": 10}, "Hcamera2end": {"type": "ndarray", "data": [[0.9999963269156277, -0.002666484021446612, -0.0004858170606275652, -0.01558855031189927], [0.00048286870288447937, -0.001106242315709105, 0.9999992715326118, 0.025674525749027184], [-0.0026670195103901213, -0.9999958330367691, -0.0011049506907070406, 0.031957891793578955], [0.0, 0.0, 0.0, 1.0]]}, "Hobj2base": {"type": "ndarray", "data": [[0.9999968045915577, -0.0025197440159525682, 0.00020419786511646296, -0.7330806590463224], [-0.002519900594832091, -0.9999965284365906, 0.0007702050113294133, 0.090215415625847], [0.00020225643676227215, -0.0007707171085315882, -0.9999996825436861, 0.012649132718586564], [0.0, 0.0, 0.0, 1.0]]}, "mean_rme": {"type": "float", "data": 0.002075495980413257}, "max_rme": {"type": "float", "data": 0.0059312865898339395}, "simu": {"type": "float", "data": 0.002}}, {"type": "dict", "image_number": {"type": "int", "data": 11}, "Hcamera2end": {"type": "ndarray", "data": [[0.9999952623890308, -0.003026246413333815, -0.0005630560710651244, -0.01533954359990094], [0.0005603397049874323, -0.0008983753364126823, 0.9999994394704279, 0.02570717221171676], [-0.0030267505527204704, -0.9999950173647871, -0.0008966753542374306, 0.03156796419312574], [0.0, 0.0, 0.0, 1.0]]}, "Hobj2base": {"type": "ndarray", "data": [[0.9999958714732505, -0.002872589697919488, 7.255950462730894e-05, -0.7328897686739175], [-0.0028726311983220936, -0.9999957066708625, 0.0005784719883188302, 0.09060040792731763], [7.089748043129384e-05, -0.0005786780367784797, -0.9999998300526243, 0.012559499086821312], [0.0, 0.0, 0.0, 1.0]]}, "mean_rme": {"type": "float", "data": 0.001970485828182103}, "max_rme": {"type": "float", "data": 0.00585552525368116}, "simu": {"type": "float", "data": 0.002}}, {"type": "dict", "image_number": {"type": "int", "data": 12}, "Hcamera2end": {"type": "ndarray", "data": [[0.9999962865860913, -0.002723137438749334, -0.0001064730840011918, -0.015355092733518792], [0.00010385127080751451, -0.0009629146380125686, 0.9999995310050468, 0.0257320078042425], [-0.0027232386861027573, -0.9999958286502447, -0.000962628261028442, 0.03179086685342952], [0.0, 0.0, 0.0, 1.0]]}, "Hobj2base": {"type": "ndarray", "data": [[0.9999965536651881, -0.0026085673596285813, 0.00029670537039854406, -0.7330161921523076], [-0.0026088647252993065, -0.9999960905917531, 0.0010062932253310797, 0.09084435128440982], [0.0002940792267943081, -0.0010070638214823458, -0.9999994496697824, 0.012448548624861241], [0.0, 0.0, 0.0, 1.0]]}, "mean_rme": {"type": "float", "data": 0.0018709135347671805}, "max_rme": {"type": "float", "data": 0.00587306792359138}, "simu": {"type": "float", "data": 0.002}}, {"type": "dict", "image_number": {"type": "int", "data": 13}, "Hcamera2end": {"type": "ndarray", "data": [[0.9999966288433887, -0.0025952983892184433, 8.202517267705983e-05, -0.015275493346430758], [-8.337089656345665e-05, -0.0005184198253314065, 0.9999998621450796, 0.025894049692141423], [-0.0025952555079680984, -0.9999964978274452, -0.0005186344500105466, 0.031189729777586175], [0.0, 0.0, 0.0, 1.0]]}, "Hobj2base": {"type": "ndarray", "data": [[0.9999969336078938, -0.0024729420441553488, -0.00013165278559795022, -0.7328691637186779], [-0.0024728260305557728, -0.9999965604497631, 0.0008741968115653462, 0.09116813785247499], [-0.00013381417082176686, -0.0008738685764999221, -0.9999996092236629, 0.012519862909814609], [0.0, 0.0, 0.0, 1.0]]}, "mean_rme": {"type": "float", "data": 0.0018285980821110214}, "max_rme": {"type": "float", "data": 0.005654145662877003}, "simu": {"type": "float", "data": 0.002}}, {"type": "dict", "image_number": {"type": "int", "data": 14}, "Hcamera2end": {"type": "ndarray", "data": [[0.9999967811005568, -0.0025358416371080847, 8.541496771614183e-05, -0.015161053587732311], [-8.70431423092967e-05, -0.0006419613552177683, 0.9999997901545326, 0.025785483842394343], [-0.002535786271864781, -0.999996578690552, -0.0006421800164333469, 0.031010510710403914], [0.0, 0.0, 0.0, 1.0]]}, "Hobj2base": {"type": "ndarray", "data": [[0.9999970507300736, -0.0024286890532317948, -7.982979975646181e-07, -0.7325769760445908], [-0.0024286876273985976, -0.9999967278076203, 0.0008036482196356662, 0.09107636702915753], [-2.750107019058357e-06, -0.000803643910643671, -0.9999996770743989, 0.012469921539254192], [0.0, 0.0, 0.0, 1.0]]}, "mean_rme": {"type": "float", "data": 0.001831321477756222}, "max_rme": {"type": "float", "data": 0.005745438934372543}, "simu": {"type": "float", "data": 0.002}}, {"type": "dict", "image_number": {"type": "int", "data": 15}, "Hcamera2end": {"type": "ndarray", "data": [[0.999996726464523, -0.002557770603518257, -6.978379255048327e-05, -0.015323263912800622], [6.887663934786875e-05, -0.0003547519526783116, 0.999999934703528, 0.025752957696876765], [-0.002557795192441534, -0.9999966659747379, -0.0003545746207418432, 0.03126688880762487], [0.0, 0.0, 0.0, 1.0]]}, "Hobj2base": {"type": "ndarray", "data": [[0.999996876253375, -0.0024905379097981887, -0.00021143417904597424, -0.7328837395932474], [-0.0024904223996079313, -0.9999967504707257, 0.0005448341583029566, 0.09068603378316793], [-0.00021279042211022638, -0.0005443058959635546, -0.9999998292256491, 0.012453718851155714], [0.0, 0.0, 0.0, 1.0]]}, "mean_rme": {"type": "float", "data": 0.001832231352866264}, "max_rme": {"type": "float", "data": 0.0058576882388979845}, "simu": {"type": "float", "data": 0.002}}, {"type": "dict", "image_number": {"type": "int", "data": 16}, "Hcamera2end": {"type": "ndarray", "data": [[0.9999970078929181, -0.002431822338145537, -0.0002654153852671031, -0.015337709687680204], [0.0002647037734352356, -0.0002929421100514862, 0.9999999220584134, 0.02583905202118222], [-0.002431899899948445, -0.9999970002080186, -0.00029229752098824946, 0.03176455794021774], [0.0, 0.0, 0.0, 1.0]]}, "Hobj2base": {"type": "ndarray", "data": [[0.9999971614282102, -0.0023722317830401065, -0.00022282704012086568, -0.7333772688378302], [-0.002372155125664969, -0.9999971273853312, 0.0003436584711637623, 0.09034927627086782], [-0.00022364163757244735, -0.0003431289153591612, -0.9999999161234789, 0.012422498502399737], [0.0, 0.0, 0.0, 1.0]]}, "mean_rme": {"type": "float", "data": 0.0018357138216540032}, "max_rme": {"type": "float", "data": 0.005852151667963684}, "simu": {"type": "float", "data": 0.002}}, {"type": "dict", "image_number": {"type": "int", "data": 17}, "Hcamera2end": {"type": "ndarray", "data": [[0.9999967539886341, -0.0025376940082993474, -0.00022830093173708925, -0.015346185931093562], [0.00022720315754993343, -0.00043286716450996465, 0.9999998805023643, 0.025951064279848612], [-0.0025377925290278893, -0.999996686362079, -0.0004322891873265178, 0.032207037939961616], [0.0, 0.0, 0.0, 1.0]]}, "Hobj2base": {"type": "ndarray", "data": [[0.9999969166606562, -0.0024814975708529314, -9.401588451485809e-05, -0.7336925630815555], [-0.0024814672494597287, -0.9999968695483548, 0.0003212690154047982, 0.09054492756869792], [-9.481281848399507e-05, -0.0003210347274850505, -0.9999999439736149, 0.012251033945831498], [0.0, 0.0, 0.0, 1.0]]}, "mean_rme": {"type": "float", "data": 0.0017833075846833356}, "max_rme": {"type": "float", "data": 0.005823540333544153}, "simu": {"type": "float", "data": 0.002}}, {"type": "dict", "image_number": {"type": "int", "data": 18}, "Hcamera2end": {"type": "ndarray", "data": [[0.9999991190517088, -0.001238629978163726, -0.00047717039256067024, -0.015545787927467884], [0.00047651709275846056, -0.0005276789618917643, 0.9999997472431551, 0.026477661520076495], [-0.0012388814578689121, -0.9999990936749347, -0.0005270882686778666, 0.03204988960845265], [0.0, 0.0, 0.0, 1.0]]}, "Hobj2base": {"type": "ndarray", "data": [[0.9999991843926043, -0.0012768574158274243, 2.914216562260127e-05, -0.7339425627128762], [-0.0012768662864282767, -0.999999137856411, 0.00030642930992328104, 0.09017921964699345], [2.8750873961067576e-05, -0.00030646627064606657, -0.9999999526259054, 0.011563255822215322], [0.0, 0.0, 0.0, 1.0]]}, "mean_rme": {"type": "float", "data": 0.0018247087301710844}, "max_rme": {"type": "float", "data": 0.005249527699721701}, "simu": {"type": "float", "data": 0.002}}, {"type": "dict", "image_number": {"type": "int", "data": 19}, "Hcamera2end": {"type": "ndarray", "data": [[0.9999988321233866, -0.001452445880362742, -0.00047555528336010243, -0.0151176742389275], [0.00047485735569756404, -0.0004808259348876298, 0.9999997716584299, 0.028801761121410075], [-0.0014526742080226815, -0.9999988296030076, -0.00048013566873206237, 0.03195164218665961], [0.0, 0.0, 0.0, 1.0]]}, "Hobj2base": {"type": "ndarray", "data": [[0.999998861755133, -0.0015081445220516672, 4.459303804073851e-05, -0.7339968889102181], [-0.0015081592728064424, -0.9999988074078279, 0.00033262370601587217, 0.09025038618197935], [4.409134023929805e-05, -0.0003326905808124699, -0.9999999436864642, 0.009062683425729382], [0.0, 0.0, 0.0, 1.0]]}, "mean_rme": {"type": "float", "data": 0.0018351701409411304}, "max_rme": {"type": "float", "data": 0.005878246926189823}, "simu": {"type": "float", "data": 0.002}}, {"type": "dict", "image_number": {"type": "int", "data": 20}, "Hcamera2end": {"type": "ndarray", "data": [[0.9999992153744368, -0.0011700283208554993, -0.00044753127169329534, -0.015146481229015057], [0.000446895876780923, -0.0005432644800436037, 0.9999997525738593, 0.028758854159539982], [-0.0011702711592035272, -0.9999991679483704, -0.0005427411729521658, 0.03219298504967302], [0.0, 0.0, 0.0, 1.0]]}, "Hobj2base": {"type": "ndarray", "data": [[0.9999992240990764, -0.0012425466474894973, 8.876414808327366e-05, -0.7341630165024073], [-0.0012425788628012819, -0.9999991618221997, 0.00036380306023785306, 0.09001515278821665], [8.831203141029036e-05, -0.0003639130744169054, -0.9999999298841267, 0.00902229839179175], [0.0, 0.0, 0.0, 1.0]]}, "mean_rme": {"type": "float", "data": 0.0018299302898727066}, "max_rme": {"type": "float", "data": 0.005720187618867778}, "simu": {"type": "float", "data": 0.002}}, {"type": "dict", "image_number": {"type": "int", "data": 21}, "Hcamera2end": {"type": "ndarray", "data": [[0.9999993183689435, -0.0011196402176044127, -0.00033116073348745924, -0.015158260179578654], [0.0003305367536657007, -0.0005574429828081318, 0.9999997900013655, 0.02882162118439707], [-0.0011198245857085604, -0.999999217831246, -0.0005570725205947813, 0.03237199249133731], [0.0, 0.0, 0.0, 1.0]]}, "Hobj2base": {"type": "ndarray", "data": [[0.9999992726902522, -0.0011974333611739433, 0.00014412602887814465, -0.7343088261482749], [-0.0011975000492573573, -0.9999991755742064, 0.00046351325588848014, 0.09012422458837244], [0.0001435708838209818, -0.0004636855096974517, -0.9999998821915672, 0.008999734384656741], [0.0, 0.0, 0.0, 1.0]]}, "mean_rme": {"type": "float", "data": 0.001765630241563778}, "max_rme": {"type": "float", "data": 0.005762033545065243}, "simu": {"type": "float", "data": 0.002}}, {"type": "dict", "image_number": {"type": "int", "data": 22}, "Hcamera2end": {"type": "ndarray", "data": [[0.9999993405251395, -0.0011086134029385064, -0.0002998759891586708, -0.015196375482622045], [0.00029919609938176996, -0.0006133943993704705, 0.9999997671144752, 0.02881902381671303], [-0.0011087970870107481, -0.9999991973614947, -0.0006130623020463855, 0.032406988642004544], [0.0, 0.0, 0.0, 1.0]]}, "Hobj2base": {"type": "ndarray", "data": [[0.9999993034436623, -0.0011719735156150116, 0.00013996524160039632, -0.7342766450416474], [-0.0011720429075626965, -0.9999991897864398, 0.0004967312013267382, 0.09016568378379675], [0.0001393829723863251, -0.0004968949005941949, -0.9999998668339132, 0.008956718884101862], [0.0, 0.0, 0.0, 1.0]]}, "mean_rme": {"type": "float", "data": 0.0017288945863493696}, "max_rme": {"type": "float", "data": 0.005833850601346696}, "simu": {"type": "float", "data": 0.002}}, {"type": "dict", "image_number": {"type": "int", "data": 23}, "Hcamera2end": {"type": "ndarray", "data": [[0.9999991067081221, -0.0012685182099529764, -0.0004212416275891531, -0.015220557068616133], [0.0004204732295519796, -0.0006059503634157082, 0.999999728013173, 0.028707212097896166], [-0.0012687731164500572, -0.9999990118423657, -0.0006054164441766652, 0.032547828872142186], [0.0, 0.0, 0.0, 1.0]]}, "Hobj2base": {"type": "ndarray", "data": [[0.9999991249461292, -0.0013159964216505392, 0.000135131025854677, -0.7343314463269334], [-0.0013160455638786303, -0.9999990676831725, 0.00036422089319024004, 0.08999803603795985], [0.00013465158647761897, -0.00036439841306445606, -0.9999999245413702, 0.008908338734649567], [0.0, 0.0, 0.0, 1.0]]}, "mean_rme": {"type": "float", "data": 0.0017515154003099613}, "max_rme": {"type": "float", "data": 0.005778410782758009}, "simu": {"type": "float", "data": 0.002}}, {"type": "dict", "image_number": {"type": "int", "data": 24}, "Hcamera2end": {"type": "ndarray", "data": [[0.9999991248058906, -0.0012840091935504834, -0.0003189166720823677, -0.015292576786248426], [0.0003181172566877017, -0.0006227493038668541, 0.9999997554923278, 0.028722841407801066], [-0.0012842074847359154, -0.9999989817513292, -0.0006223402933580591, 0.032698055246958777], [0.0, 0.0, 0.0, 1.0]]}, "Hobj2base": {"type": "ndarray", "data": [[0.9999991045754988, -0.001327857830166114, 0.0001662581834707365, -0.7344675112910742], [-0.0013279300276419364, -0.9999990237338636, 0.00043489442663603234, 0.09010076536748755], [0.00016568054318879773, -0.0004351148164550793, -0.9999998916125217, 0.00879230041868487], [0.0, 0.0, 0.0, 1.0]]}, "mean_rme": {"type": "float", "data": 0.0017473729658414414}, "max_rme": {"type": "float", "data": 0.005888735527814798}, "simu": {"type": "float", "data": 0.002}}, {"type": "dict", "image_number": {"type": "int", "data": 25}, "Hcamera2end": {"type": "ndarray", "data": [[0.9999992573275464, -0.0011440858179832597, -0.0004200142816007232, -0.01542172951666363], [0.00041930043826046606, -0.0006241105424362736, 0.9999997173365467, 0.028674765453821527], [-0.0011443476299331321, -0.9999991507764754, -0.0006236303632416451, 0.03283105472368345], [0.0, 0.0, 0.0, 1.0]]}, "Hobj2base": {"type": "ndarray", "data": [[0.9999992660713257, -0.001197858131934112, 0.00018163894329190243, -0.7346617549972643], [-0.001197921780568774, -0.9999992209926643, 0.00035070995589117735, 0.09003472073720344], [0.00018121870102121856, -0.0003509272877414532, -0.9999999220049081, 0.008675651285913868], [0.0, 0.0, 0.0, 1.0]]}, "mean_rme": {"type": "float", "data": 0.0017817873884409107}, "max_rme": {"type": "float", "data": 0.006022120826092603}, "simu": {"type": "float", "data": 0.002}}, {"type": "dict", "image_number": {"type": "int", "data": 26}, "Hcamera2end": {"type": "ndarray", "data": [[0.9999992178856633, -0.0011711627472144768, -0.00043886886568991274, -0.015402274313370538], [0.00043812056348712725, -0.0006391196367212526, 0.9999996997881859, 0.02865811348317064], [-0.0011714428853275918, -0.9999991099515588, -0.0006386060263738891, 0.03299526279695948], [0.0, 0.0, 0.0, 1.0]]}, "Hobj2base": {"type": "ndarray", "data": [[0.9999992318240325, -0.0012241897365563924, 0.00019419277502364467, -0.7348121361343973], [-0.0012242558373498293, -0.9999991925825247, 0.0003406346178573448, 0.08998627459576498], [0.0001937756168259078, -0.00034087209782841153, -0.9999999231286085, 0.008567951789021673], [0.0, 0.0, 0.0, 1.0]]}, "mean_rme": {"type": "float", "data": 0.001777678512744843}, "max_rme": {"type": "float", "data": 0.005971029657384469}, "simu": {"type": "float", "data": 0.002}}, {"type": "dict", "image_number": {"type": "int", "data": 27}, "Hcamera2end": {"type": "ndarray", "data": [[0.999999178012912, -0.001189368214707529, -0.0004789329285759044, -0.015377888045620848], [0.0004782330059457666, -0.0005886973979960519, 0.9999997123642416, 0.02866598496158178], [-0.0011896498191715677, -0.999999119418924, -0.0005881281189576981, 0.033094747506103424], [0.0, 0.0, 0.0, 1.0]]}, "Hobj2base": {"type": "ndarray", "data": [[0.9999992154818635, -0.0012398697702864815, 0.00017820945604294486, -0.7349035153531597], [-0.0012399171544122162, -0.9999991959174894, 0.0002660259836331415, 0.08989398857867435], [0.00017787947517262063, -0.00026624673989255866, -0.9999999487357814, 0.008554307144220986], [0.0, 0.0, 0.0, 1.0]]}, "mean_rme": {"type": "float", "data": 0.0017442981250724776}, "max_rme": {"type": "float", "data": 0.005865653881821586}, "simu": {"type": "float", "data": 0.002}}, {"type": "dict", "image_number": {"type": "int", "data": 28}, "Hcamera2end": {"type": "ndarray", "data": [[0.9999995708325378, -0.0006803396903318057, -0.0006288661590250779, -0.015685293817466008], [0.0006284971784531735, -0.0005424254819286212, 0.9999996553828872, 0.03006128245316437], [-0.0006806805689044835, -0.9999996214561795, -0.000541997657561355, 0.033085275971073705], [0.0, 0.0, 0.0, 1.0]]}, "Hobj2base": {"type": "ndarray", "data": [[0.999999709772434, -0.0007189136301181676, 0.00025222656530158834, -0.7349571149223595], [-0.0007189684992654911, -0.999999717885516, 0.00021751594138355972, 0.08970126501285114], [0.00025207011896979253, -0.00021769722120956728, -0.9999999445342855, 0.006975419540067737], [0.0, 0.0, 0.0, 1.0]]}, "mean_rme": {"type": "float", "data": 0.0017630426423430566}, "max_rme": {"type": "float", "data": 0.006054198441806213}, "simu": {"type": "float", "data": 0.002}}, {"type": "dict", "image_number": {"type": "int", "data": 29}, "Hcamera2end": {"type": "ndarray", "data": [[0.9999995544012388, -0.0005475892349948465, -0.000768988526381434, -0.01580064192440206], [0.0007686735168647497, -0.0005752443676065866, 0.9999995391173648, 0.03175330608088685], [-0.0005480313389390317, -0.999999684619924, -0.0005748231939353143, 0.03307687261985549], [0.0, 0.0, 0.0, 1.0]]}, "Hobj2base": {"type": "ndarray", "data": [[0.9999998030969497, -0.0005790369713226994, 0.00024191371968612286, -0.7349707531261361], [-0.0005790873699445935, -0.9999998106313277, 0.00020831497011610504, 0.08931114384248508], [0.00024179305180586574, -0.00020845501827793854, -0.9999999490413116, 0.005478637228893351], [0.0, 0.0, 0.0, 1.0]]}, "mean_rme": {"type": "float", "data": 0.001752632993589346}, "max_rme": {"type": "float", "data": 0.006234094984777727}, "simu": {"type": "float", "data": 0.002}}, {"type": "dict", "image_number": {"type": "int", "data": 30}, "Hcamera2end": {"type": "ndarray", "data": [[0.9999996937713416, 0.00011387813454033388, -0.0007742667456789305, -0.015841169358137338], [0.0007743320376888858, -0.0005744276569918938, 0.9999995352212733, 0.03204556462010405], [0.0001134333213795925, -0.9999998285323041, -0.000574515660573649, 0.033161294960835086], [0.0, 0.0, 0.0, 1.0]]}, "Hobj2base": {"type": "ndarray", "data": [[0.9999999794812356, 7.525273978169283e-05, 0.00018808124172010725, -0.7350092125918305], [7.521823430179887e-05, -0.9999999803421666, 0.00018346084733297208, 0.08907667933113812], [0.0001880950439542421, -0.00018344669642967473, -0.999999965483781, 0.005236133140872107], [0.0, 0.0, 0.0, 1.0]]}, "mean_rme": {"type": "float", "data": 0.0017531210972657823}, "max_rme": {"type": "float", "data": 0.006031258031373277}, "simu": {"type": "float", "data": 0.002}}]}