{"type": "list", "data": [{"type": "dict", "image_number": {"type": "int", "data": 5}, "Hcamera2end": {"type": "ndarray", "data": [[0.9999922009807364, 0.00393607735723517, -0.0003244576095228363, -0.018319556048416553], [0.0003235397408886602, 0.00023382824867712593, 0.99999992032319, 0.022513765128714093], [0.003936152910975686, -0.9999922262794787, 0.00023255294759783052, 0.039885560943268346], [0.0, 0.0, 0.0, 1.0]]}, "Hobj2base": {"type": "ndarray", "data": [[0.9999948433813154, 0.003191080604912231, -0.00036085364272939933, -0.7404902988042579], [0.003190763441351575, -0.9999945257131944, -0.0008761120386487012, 0.08542388294703014], [-0.0003636474114473263, 0.0008749561222620934, -0.9999995511060711, -0.002500291961279122], [0.0, 0.0, 0.0, 1.0]]}, "mean_rme": {"type": "float", "data": 0.001060212329969579}, "max_rme": {"type": "float", "data": 0.002886879789308322}, "simu": {"type": "float", "data": 0.002}}, {"type": "dict", "image_number": {"type": "int", "data": 6}, "Hcamera2end": {"type": "ndarray", "data": [[0.9999998600200507, 0.0005224483241314911, -8.371157371293253e-05, -0.017940643090144162], [8.368859697120297e-05, 4.4000681424849475e-05, 0.9999999955300793, 0.021663598265561367], [0.0005224520051624751, -0.9999998625558348, 4.395695229841845e-05, 0.039403231158373464], [0.0, 0.0, 0.0, 1.0]]}, "Hobj2base": {"type": "ndarray", "data": [[0.9999998007279953, -0.00016219167515322825, 0.0006101129650746233, -0.73984449823496], [-0.0001616578213876092, -0.9999996041596135, -0.0008749556361526242, 0.08688224435526547], [0.0006102546340875837, 0.0008748568322657264, -0.9999994311072407, -0.0020024124538868446], [0.0, 0.0, 0.0, 1.0]]}, "mean_rme": {"type": "float", "data": 0.0010357311604438368}, "max_rme": {"type": "float", "data": 0.004236287637059327}, "simu": {"type": "float", "data": 0.002}}, {"type": "dict", "image_number": {"type": "int", "data": 7}, "Hcamera2end": {"type": "ndarray", "data": [[0.9999998213196049, 0.0002546781558870439, -0.0005408325019884916, -0.01777433721828123], [0.0005407933039006582, 0.00015395596883160945, 0.9999998419200683, 0.021716325946448872], [0.0002547613800193576, -0.9999999557182971, 0.00015381821308135812, 0.03938178793650626], [0.0, 0.0, 0.0, 1.0]]}, "Hobj2base": {"type": "ndarray", "data": [[0.9999997771660301, -0.00031823380905081014, 0.0005868518833770719, -0.7399391205208078], [-0.0003173874461474368, -0.999998910327297, -0.0014417383352580448, 0.08645525797628528], [0.0005873100537826778, 0.001441551754569236, -0.9999987884969859, -0.0019533147987821986], [0.0, 0.0, 0.0, 1.0]]}, "mean_rme": {"type": "float", "data": 0.0010958267174262636}, "max_rme": {"type": "float", "data": 0.003932443137811853}, "simu": {"type": "float", "data": 0.002}}, {"type": "dict", "image_number": {"type": "int", "data": 8}, "Hcamera2end": {"type": "ndarray", "data": [[0.999999238643768, -2.8129752156292546e-05, -0.0012336614613352912, -0.01771719875192828], [0.001233675599553644, 0.0005082548407995269, 0.9999991098603697, 0.021794311596722245], [-2.7502712707253886e-05, -0.9999998704428584, 0.0005082891568254366, 0.038238926199071537], [0.0, 0.0, 0.0, 1.0]]}, "Hobj2base": {"type": "ndarray", "data": [[0.9999998338465683, -0.0004816470873916832, 0.0003167379341827704, -0.7389640968966354], [-0.0004809851297601328, -0.9999977071907671, -0.002086687929239131, 0.08589521742691561], [0.00031774225512652384, 0.002086535236292398, -0.9999977727028031, -0.001693786524659735], [0.0, 0.0, 0.0, 1.0]]}, "mean_rme": {"type": "float", "data": 0.0011870623615316434}, "max_rme": {"type": "float", "data": 0.0037204705542898397}, "simu": {"type": "float", "data": 0.002}}, {"type": "dict", "image_number": {"type": "int", "data": 9}, "Hcamera2end": {"type": "ndarray", "data": [[0.9999996076375125, 0.0002380248454795291, -0.0008532695905125163, -0.018255175724430084], [0.0008531806409293287, 0.00037355029746610757, 0.9999995662713905, 0.021808074415548086], [0.00023834348135069847, -0.9999999019021693, 0.0003733470727087518, 0.037808488590463096], [0.0, 0.0, 0.0, 1.0]]}, "Hobj2base": {"type": "ndarray", "data": [[0.9999999283193343, -0.00019495157281087004, 0.00032458467412593877, -0.7384667244814647], [-0.00019440894544636234, -0.9999985850610555, -0.0016709521383233028, 0.08568507192620169], [0.00032490996960590047, 0.0016708889163841363, -0.9999985512808209, -0.001609942879452449], [0.0, 0.0, 0.0, 1.0]]}, "mean_rme": {"type": "float", "data": 0.0011054254951677605}, "max_rme": {"type": "float", "data": 0.0038334678070748585}, "simu": {"type": "float", "data": 0.002}}, {"type": "dict", "image_number": {"type": "int", "data": 10}, "Hcamera2end": {"type": "ndarray", "data": [[0.9999998863895143, 0.00023228873979972282, 0.0004162486032868508, -0.017120380661711215], [-0.00041619537642249475, -0.00022914227244719143, 0.9999998871376075, 0.021776969993934355], [0.00023238409373391996, -0.9999999467678788, -0.00022904556891467642, 0.03657866331892232], [0.0, 0.0, 0.0, 1.0]]}, "Hobj2base": {"type": "ndarray", "data": [[0.9999997354426007, -0.00018354355479861657, 0.0007038653935240052, -0.7371493463274883], [-0.00018334034075447354, -0.9999999415004956, -0.000288765171366375, 0.08780390689345727], [0.0007039183533342833, 0.0002886360480503182, -0.9999997105940495, -0.0014623179471617287], [0.0, 0.0, 0.0, 1.0]]}, "mean_rme": {"type": "float", "data": 0.0011861912745569536}, "max_rme": {"type": "float", "data": 0.004184072215380336}, "simu": {"type": "float", "data": 0.002}}, {"type": "dict", "image_number": {"type": "int", "data": 11}, "Hcamera2end": {"type": "ndarray", "data": [[0.9999966909889125, 0.002271390822069671, 0.0012078058448623994, -0.016226094502734677], [-0.001208188952065055, 0.0001673017788640374, 0.9999992561445088, 0.020282156676129287], [0.002271187064416767, -0.9999974063935606, 0.00017004549455768014, 0.03646835970965643], [0.0, 0.0, 0.0, 1.0]]}, "Hobj2base": {"type": "ndarray", "data": [[0.9999978873945953, 0.0018841462404738602, 0.0008217051119003449, -0.7374565175139453], [0.0018834143452134736, -0.9999978298161367, 0.000890569155949252, 0.08841919730345102], [0.0008233812911762344, -0.0008890196633327515, -0.9999992658433745, 0.00042258633982521096], [0.0, 0.0, 0.0, 1.0]]}, "mean_rme": {"type": "float", "data": 0.0012162045188128163}, "max_rme": {"type": "float", "data": 0.004576712606205957}, "simu": {"type": "float", "data": 0.002}}, {"type": "dict", "image_number": {"type": "int", "data": 12}, "Hcamera2end": {"type": "ndarray", "data": [[0.9999961259517977, 0.0026266656921509588, 0.0009212538945226047, -0.01591709020389455], [-0.0009217841067115907, 0.0002006540415908642, 0.9999995550259094, 0.020227234324695594], [0.002626479670035513, -0.999996530176629, 0.0002030744829361053, 0.03622018204766615], [0.0, 0.0, 0.0, 1.0]]}, "Hobj2base": {"type": "ndarray", "data": [[0.9999971545860785, 0.0022486163975761115, 0.0007965827283082646, -0.7373756837602841], [0.002248108842351247, -0.9999972698033703, 0.0006374891672958212, 0.08856746552738176], [0.000798014022075643, -0.0006356965487000957, -0.999999479531624, 0.0003254391658716234], [0.0, 0.0, 0.0, 1.0]]}, "mean_rme": {"type": "float", "data": 0.0012107346483717525}, "max_rme": {"type": "float", "data": 0.004586829166148609}, "simu": {"type": "float", "data": 0.002}}, {"type": "dict", "image_number": {"type": "int", "data": 13}, "Hcamera2end": {"type": "ndarray", "data": [[0.9999955633036227, 0.0028967583662531052, 0.0006943803264893474, -0.0146219358378651], [-0.0006946502625902883, 9.218049897374847e-05, 0.9999997544818542, 0.01985996317106601], [0.0028966936467213883, -0.9999958001380422, 9.419232395668775e-05, 0.036371664902744204], [0.0, 0.0, 0.0, 1.0]]}, "Hobj2base": {"type": "ndarray", "data": [[0.9999964989895417, 0.002519704979594891, 0.0008081432269602171, -0.7371727253631615], [0.0025193803523916223, -0.9999967453682284, 0.00040246191207030747, 0.08965970719694376], [0.0008091546820355354, -0.00040042448287902233, -0.9999995924643839, 0.0003883955449969223], [0.0, 0.0, 0.0, 1.0]]}, "mean_rme": {"type": "float", "data": 0.0013126285423812037}, "max_rme": {"type": "float", "data": 0.004273012451815439}, "simu": {"type": "float", "data": 0.002}}, {"type": "dict", "image_number": {"type": "int", "data": 14}, "Hcamera2end": {"type": "ndarray", "data": [[0.9999952062598351, 0.003019750631993014, 0.0006845169614045365, -0.0146345236000334], [-0.0006852271024464444, 0.00023413711687769734, 0.9999997378217795, 0.01979274176879627], [0.003019589569452372, -0.9999954131324456, 0.00023620520946088241, 0.036180778870582755], [0.0, 0.0, 0.0, 1.0]]}, "Hobj2base": {"type": "ndarray", "data": [[0.9999962563365751, 0.0026529814895763885, 0.0006700761529347157, -0.7370877125310545], [0.002652739948202619, -0.9999964162821939, 0.00036110045287410296, 0.08963238891764001], [0.0006710317443882275, -0.0003593215632563169, -0.9999997103021645, 0.00047646181660209494], [0.0, 0.0, 0.0, 1.0]]}, "mean_rme": {"type": "float", "data": 0.0012283868795647526}, "max_rme": {"type": "float", "data": 0.004387824614420999}, "simu": {"type": "float", "data": 0.002}}, {"type": "dict", "image_number": {"type": "int", "data": 15}, "Hcamera2end": {"type": "ndarray", "data": [[0.9999962205259013, 0.002697060219046115, 0.0005336666448509753, -0.014408584352935693], [-0.0005332800337247573, -0.00014406249426590634, 0.9999998474291901, 0.01974105443633136], [0.002697136688901416, -0.9999963525494345, -0.0001426236614208154, 0.03572988381177038], [0.0, 0.0, 0.0, 1.0]]}, "Hobj2base": {"type": "ndarray", "data": [[0.999996738009532, 0.0023635829777186846, 0.0009682178488574376, -0.7363602277300156], [0.0023635066899214854, -0.9999972037198634, 7.992859608232769e-05, 0.08957130406372366], [0.0009684040593182322, -7.76399459929332e-05, -0.9999995280826968, 0.0004724954043851204], [0.0, 0.0, 0.0, 1.0]]}, "mean_rme": {"type": "float", "data": 0.0012471950965438831}, "max_rme": {"type": "float", "data": 0.004624434140165556}, "simu": {"type": "float", "data": 0.002}}, {"type": "dict", "image_number": {"type": "int", "data": 16}, "Hcamera2end": {"type": "ndarray", "data": [[0.9999966661517425, 0.002546432002866868, 0.0004282165984939774, -0.014157671859613152], [-0.00042801896732266604, -7.815546963363396e-05, 0.9999999053457387, 0.01976482162509388], [0.002546465229305588, -0.999996754782623, -7.70652878789857e-05, 0.0356983236051408], [0.0, 0.0, 0.0, 1.0]]}, "Hobj2base": {"type": "ndarray", "data": [[0.9999971201359036, 0.0022416959180782325, 0.0008570410200901706, -0.7362267139949609], [0.002241650097231624, -0.9999974860184462, 5.4420863130199154e-05, 0.08974612035313084], [0.000857160860531592, -5.249952031949271e-05, -0.9999996312594623, 0.0005824491305213356], [0.0, 0.0, 0.0, 1.0]]}, "mean_rme": {"type": "float", "data": 0.0012445337609352503}, "max_rme": {"type": "float", "data": 0.004721915208542371}, "simu": {"type": "float", "data": 0.002}}, {"type": "dict", "image_number": {"type": "int", "data": 17}, "Hcamera2end": {"type": "ndarray", "data": [[0.9999964608908583, 0.002627911535520876, 0.00041507435446154484, -0.014047512255944236], [-0.0004149952737042054, -3.063784025059135e-05, 0.9999999134201188, 0.019717141396260233], [0.002627924024978372, -0.9999965465651789, -2.9547160953047324e-05, 0.03536177493865568], [0.0, 0.0, 0.0, 1.0]]}, "Hobj2base": {"type": "ndarray", "data": [[0.9999969213151141, 0.0023463973886861723, 0.0008073286739749038, -0.7359860439356697], [0.002346374112414343, -0.9999972468171328, 2.9777162672428367e-05, 0.08992013733660084], [0.0008073963203081673, -2.7882775897103187e-05, -0.9999996736668133, 0.0006254192359977471], [0.0, 0.0, 0.0, 1.0]]}, "mean_rme": {"type": "float", "data": 0.0011974408542406022}, "max_rme": {"type": "float", "data": 0.004889696724263981}, "simu": {"type": "float", "data": 0.002}}, {"type": "dict", "image_number": {"type": "int", "data": 18}, "Hcamera2end": {"type": "ndarray", "data": [[0.9999962489148567, 0.0027077265530317945, 0.0004127628009448713, -0.013922864706854514], [-0.00041253969147229497, -8.29553485577339e-05, 0.9999999114647024, 0.01970379360553723], [0.002707760554184443, -0.9999963306609297, -8.183799270833347e-05, 0.03530659780284923], [0.0, 0.0, 0.0, 1.0]]}, "Hobj2base": {"type": "ndarray", "data": [[0.9999967165315987, 0.0024278558005849248, 0.0008200257513445236, -0.7360423799036717], [0.0024278076235381943, -0.9999970510862315, 5.974097626504577e-05, 0.09003720525819296], [0.0008201683756350525, -5.7749915336826075e-05, -0.9999996619943345, 0.0005335918777347058], [0.0, 0.0, 0.0, 1.0]]}, "mean_rme": {"type": "float", "data": 0.0012090431109563554}, "max_rme": {"type": "float", "data": 0.004810823593819791}, "simu": {"type": "float", "data": 0.002}}, {"type": "dict", "image_number": {"type": "int", "data": 19}, "Hcamera2end": {"type": "ndarray", "data": [[0.9999979900924029, 0.001996916519772571, 0.00017926396065313314, -0.01344174194209846], [-0.00017894529774764524, -0.0001597550063521247, 0.9999999712284589, 0.019598009516200235], [0.001996945100633378, -0.9999979933993624, -0.000159397346438217, 0.03521321075804368], [0.0, 0.0, 0.0, 1.0]]}, "Hobj2base": {"type": "ndarray", "data": [[0.9999981222102718, 0.001763154270628499, 0.0008042779048584598, -0.7356113246311856], [0.0017632801425315077, -0.999998433280286, -0.00015582076974458766, 0.09037047212022924], [0.0008040019087247829, 0.00015723864440466057, -0.9999996644284135, 0.0004948312866465249], [0.0, 0.0, 0.0, 1.0]]}, "mean_rme": {"type": "float", "data": 0.001286646797261461}, "max_rme": {"type": "float", "data": 0.004667510576849665}, "simu": {"type": "float", "data": 0.002}}, {"type": "dict", "image_number": {"type": "int", "data": 20}, "Hcamera2end": {"type": "ndarray", "data": [[0.9999980322473733, 0.001976448120359142, 0.00017074603628250754, -0.013532614932780032], [-0.00017059150647833865, -7.835392988320145e-05, 0.9999999823795996, 0.019627950095352925], [0.0019764614641562895, -0.9999980437548311, -7.801661043971286e-05, 0.03524627664536972], [0.0, 0.0, 0.0, 1.0]]}, "Hobj2base": {"type": "ndarray", "data": [[0.9999982043044716, 0.0017636485173975966, 0.0006934924219278012, -0.7357441436697101], [0.0017637466613567758, -0.9999984346662645, -0.00014093521806171733, 0.09030220831116399], [0.000693242776192334, 0.00014215810992882787, -0.9999997496027313, 0.000649125736210765], [0.0, 0.0, 0.0, 1.0]]}, "mean_rme": {"type": "float", "data": 0.0012874682194970232}, "max_rme": {"type": "float", "data": 0.004801828114484152}, "simu": {"type": "float", "data": 0.002}}, {"type": "dict", "image_number": {"type": "int", "data": 21}, "Hcamera2end": {"type": "ndarray", "data": [[0.9999986085881715, 0.0016457932722783548, 0.00027237148542284763, -0.013569862508717763], [-0.0002723078032801403, -3.8917846752362095e-05, 0.9999999621669301, 0.0195763701863806], [0.0016458038101246721, -0.9999986449240351, -3.846963025089245e-05, 0.03445895678012038], [0.0, 0.0, 0.0, 1.0]]}, "Hobj2base": {"type": "ndarray", "data": [[0.999998741520847, 0.0014521231837907682, 0.0006389796407646778, -0.7349953314546079], [0.001452164980895133, -0.9999989434984184, -6.495317346860631e-05, 0.09068496889387394], [0.0006388846456726224, 6.588099558421499e-05, -0.9999997937430305, 0.0007100014842713451], [0.0, 0.0, 0.0, 1.0]]}, "mean_rme": {"type": "float", "data": 0.0013443250140636497}, "max_rme": {"type": "float", "data": 0.005856619316196077}, "simu": {"type": "float", "data": 0.002}}, {"type": "dict", "image_number": {"type": "int", "data": 22}, "Hcamera2end": {"type": "ndarray", "data": [[0.9999987764055143, 0.0015524964804151014, 0.0001922034147651731, -0.013566886025569741], [-0.0001921995009666217, -2.6701651878457966e-06, 0.9999999815261107, 0.019577230627515967], [0.0015524969649493205, -0.999998794873048, -2.371772871878619e-06, 0.0344803110870374], [0.0, 0.0, 0.0, 1.0]]}, "Hobj2base": {"type": "ndarray", "data": [[0.9999988965658211, 0.0013711611694728204, 0.0005716504068352286, -0.7350444928750801], [0.0013712387065890797, -0.9999990507031147, -0.00013526743391717322, 0.09067029722509819], [0.0005714643907163966, 0.0001360511538229532, -0.9999998274592516, 0.0008228418810774014], [0.0, 0.0, 0.0, 1.0]]}, "mean_rme": {"type": "float", "data": 0.0013245878463410043}, "max_rme": {"type": "float", "data": 0.005891267573054915}, "simu": {"type": "float", "data": 0.002}}, {"type": "dict", "image_number": {"type": "int", "data": 23}, "Hcamera2end": {"type": "ndarray", "data": [[0.9999994409399127, 0.0010573852731079899, -7.499752274585944e-06, -0.01372868883915384], [7.394661398790856e-06, 9.939137160230871e-05, 0.9999999950333371, 0.020521794357128056], [0.001057386013266979, -0.9999994360287108, 9.938349703042526e-05, 0.03448406133047305], [0.0, 0.0, 0.0, 1.0]]}, "Hobj2base": {"type": "ndarray", "data": [[0.9999994313923414, 0.0008586100727978335, 0.0006324584862684642, -0.7349423454408932], [0.0008587525465684655, -0.999999605952107, -0.00022503265263612067, 0.09043860315596257], [0.0006322650217472685, 0.00022557565001651283, -0.999999774678259, 7.796836895103953e-05], [0.0, 0.0, 0.0, 1.0]]}, "mean_rme": {"type": "float", "data": 0.0014303870792401912}, "max_rme": {"type": "float", "data": 0.0060981028744459265}, "simu": {"type": "float", "data": 0.002}}, {"type": "dict", "image_number": {"type": "int", "data": 24}, "Hcamera2end": {"type": "ndarray", "data": [[0.9999987777485834, 0.001563147009217464, -3.275312168195537e-05, -0.013692979842176146], [3.250129078549344e-05, 0.00016113019264496486, 0.9999999864903637, 0.01970097204208962], [0.0015631522656167226, -0.9999987653034823, 0.00016107919140784244, 0.03445991522493666], [0.0, 0.0, 0.0, 1.0]]}, "Hobj2base": {"type": "ndarray", "data": [[0.9999988422211432, 0.0013850467170486932, 0.0006302396090477379, -0.7350511357629159], [0.0013852093470099792, -0.9999990073971994, -0.0002576813550124798, 0.09018935587071152], [0.0006298820827553323, 0.00025855407047176404, -0.9999997681991502, 0.0008805178753661519], [0.0, 0.0, 0.0, 1.0]]}, "mean_rme": {"type": "float", "data": 0.0014306837907739603}, "max_rme": {"type": "float", "data": 0.006306967377115252}, "simu": {"type": "float", "data": 0.002}}, {"type": "dict", "image_number": {"type": "int", "data": 25}, "Hcamera2end": {"type": "ndarray", "data": [[0.9999987423286598, 0.0015829773877727665, -9.758938646514301e-05, -0.01358490417087134], [9.731400826239038e-05, 0.00017403827361961444, 0.9999999801203316, 0.019688883187876562], [0.0015829943405920447, -0.9999987319458308, 0.00017388400886209077, 0.03443332528841585], [0.0, 0.0, 0.0, 1.0]]}, "Hobj2base": {"type": "ndarray", "data": [[0.9999988138175887, 0.0014018275771438065, 0.0006381558270573336, -0.7350711106185136], [0.0014019759780389597, -0.9999989902823672, -0.00023215857263710255, 0.09009139864100663], [0.0006378297364107497, 0.000233052976394467, -0.999999769429742, 0.0007903655991135095], [0.0, 0.0, 0.0, 1.0]]}, "mean_rme": {"type": "float", "data": 0.0014699550582931487}, "max_rme": {"type": "float", "data": 0.006424324737208331}, "simu": {"type": "float", "data": 0.002}}, {"type": "dict", "image_number": {"type": "int", "data": 26}, "Hcamera2end": {"type": "ndarray", "data": [[0.9999989519338915, 0.0014477913529050647, 5.596142889667836e-06, -0.013569094009043832], [-5.862669417270238e-06, 0.00018408762942290213, 0.9999999830386869, 0.019707249435834996], [0.0014477902981679435, -0.9999989350054045, 0.00018409592440893352, 0.0343076285370209], [0.0, 0.0, 0.0, 1.0]]}, "Hobj2base": {"type": "ndarray", "data": [[0.9999990505041273, 0.0012597421236171394, 0.0005586059665030264, -0.7350227620450992], [0.0012598322852944172, -0.9999991934372277, -0.00016108229810959352, 0.09025774154557696], [0.0005584025937959517, 0.0001617858949939749, -0.9999998310059193, 0.0007918566234026703], [0.0, 0.0, 0.0, 1.0]]}, "mean_rme": {"type": "float", "data": 0.0014481176639503845}, "max_rme": {"type": "float", "data": 0.006200260862633145}, "simu": {"type": "float", "data": 0.002}}, {"type": "dict", "image_number": {"type": "int", "data": 27}, "Hcamera2end": {"type": "ndarray", "data": [[0.999998976003357, 0.0014303117744717904, -4.6909116813325e-05, -0.013638908241563007], [4.659460019708242e-05, 0.00021992627706068912, 0.9999999747306876, 0.019776387401245103], [0.0014303220548762163, -0.9999989529197819, 0.00021985940705160356, 0.0342563092617992], [0.0, 0.0, 0.0, 1.0]]}, "Hobj2base": {"type": "ndarray", "data": [[0.999999105519799, 0.0012431957365659665, 0.0004933801400678855, -0.735076562170241], [0.0012432950757704556, -0.9999992068900618, -0.0002010885410574201, 0.0901458861911775], [0.0004931297563462785, 0.00020170177828633082, -0.9999998580697076, 0.0008617074159901926], [0.0, 0.0, 0.0, 1.0]]}, "mean_rme": {"type": "float", "data": 0.0014689311609223073}, "max_rme": {"type": "float", "data": 0.006237382565658645}, "simu": {"type": "float", "data": 0.002}}, {"type": "dict", "image_number": {"type": "int", "data": 28}, "Hcamera2end": {"type": "ndarray", "data": [[0.9999999882916908, 0.00012700762774840688, -8.53561996185928e-05, -0.013511895487050351], [8.531427312476276e-05, 0.00033007885399405357, 0.999999941884711, 0.02146539425673999], [0.00012703579464387328, -0.9999999374585045, 0.00033006801456603174, 0.0341455546991464], [0.0, 0.0, 0.0, 1.0]]}, "Hobj2base": {"type": "ndarray", "data": [[0.9999998372900094, -0.00011225199122506787, 0.0005593026419161585, -0.7349373586709982], [-0.0001121758911101723, -0.9999999844477672, -0.00013609201094395184, 0.09032313860297748], [0.0005593179098169717, 0.0001360292485281648, -0.9999998343297463, -0.0007960185804223387], [0.0, 0.0, 0.0, 1.0]]}, "mean_rme": {"type": "float", "data": 0.0015164667089075795}, "max_rme": {"type": "float", "data": 0.0062094669721774465}, "simu": {"type": "float", "data": 0.002}}, {"type": "dict", "image_number": {"type": "int", "data": 29}, "Hcamera2end": {"type": "ndarray", "data": [[0.9999998536378853, -0.000511759747347394, -0.0001755738272211724, -0.01364540391652019], [0.00017577263831638235, 0.00038846613009035913, 0.9999999090990187, 0.02132001350744486], [-0.0005116914963427249, -0.9999997935979922, 0.00038855602659459976, 0.034099672783983945], [0.0, 0.0, 0.0, 1.0]]}, "Hobj2base": {"type": "ndarray", "data": [[0.9999995102470606, -0.000783034704026495, 0.0006052786889945547, -0.7348557110174864], [-0.0007828915579581768, -0.999999665527638, -0.000236696898300689, 0.09030019883088186], [0.0006054638284312664, 0.00023622291480186145, -0.9999997888061216, -0.0005654458852940083], [0.0, 0.0, 0.0, 1.0]]}, "mean_rme": {"type": "float", "data": 0.001510572517641259}, "max_rme": {"type": "float", "data": 0.006189086026890944}, "simu": {"type": "float", "data": 0.002}}, {"type": "dict", "image_number": {"type": "int", "data": 30}, "Hcamera2end": {"type": "ndarray", "data": [[0.9999997448435315, -0.0007120264408497304, -5.771671651807586e-05, -0.013465470839350657], [5.803528165043096e-05, 0.00044739377574032346, 0.9999998982353528, 0.021561080617541285], [-0.0007120005462908842, -0.9999996464285161, 0.0004474349842399361, 0.03406160217837637], [0.0, 0.0, 0.0, 1.0]]}, "Hobj2base": {"type": "ndarray", "data": [[0.9999993208063065, -0.0010198536336660997, 0.0005641679640178483, -0.7348572905951286], [-0.0010197720681075896, -0.9999994695422143, -0.00014484550201194926, 0.09053757762067696], [0.0005643153859621063, 0.00014427008090237123, -0.9999998303671302, -0.0009130482433608607], [0.0, 0.0, 0.0, 1.0]]}, "mean_rme": {"type": "float", "data": 0.0015181411332065864}, "max_rme": {"type": "float", "data": 0.006093572427729482}, "simu": {"type": "float", "data": 0.002}}]}