{"type": "list", "data": [{"type": "dict", "image_number": {"type": "int", "data": 5}, "Hcamera2end": {"type": "ndarray", "data": [[0.9999746323793421, 0.004934499409593116, 0.005136663642515349, -0.01510877390777872], [-0.005134940274131324, -0.00036185475597516614, 0.9999867506369857, 0.021384490305254168], [0.004936292756788031, -0.9999877598134452, -0.0003365072168299843, 0.03443564233265379], [0.0, 0.0, 0.0, 1.0]]}, "Hobj2base": {"type": "ndarray", "data": [[0.9999846863002388, 0.005022682023049632, 0.0023237534956075195, -0.7358764294025912], [0.0050120041858243165, -0.9999769591823515, 0.004578309563441725, 0.08915868582632214], [0.002346695347567222, -0.004566592790336848, -0.999986819538754, -0.000299683387099936], [0.0, 0.0, 0.0, 1.0]]}, "mean_rme": {"type": "float", "data": 0.0015609885851564256}, "max_rme": {"type": "float", "data": 0.003094799317560848}, "simu": {"type": "float", "data": 0.002}}, {"type": "dict", "image_number": {"type": "int", "data": 6}, "Hcamera2end": {"type": "ndarray", "data": [[0.9999833983609706, 0.005091613208599781, 0.0026978653373433874, -0.0170691358911661], [-0.0026920742325693527, -0.0011438921655495538, 0.99999572211437, 0.021083604267238105], [0.005094677494283896, -0.9999863834001181, -0.0011301661743436942, 0.0319853394775947], [0.0, 0.0, 0.0, 1.0]]}, "Hobj2base": {"type": "ndarray", "data": [[0.9999780003970331, 0.005981666303851911, 0.002866773479138483, -0.7326831387504565], [0.005974311324216372, -0.9999788579922091, 0.0025673279492196455, 0.0864757966441035], [0.0028820697688760363, -0.002550144471763697, -0.9999925951910946, -0.00011705862702445409], [0.0, 0.0, 0.0, 1.0]]}, "mean_rme": {"type": "float", "data": 0.0018192627845884037}, "max_rme": {"type": "float", "data": 0.004684408276200314}, "simu": {"type": "float", "data": 0.002}}, {"type": "dict", "image_number": {"type": "int", "data": 7}, "Hcamera2end": {"type": "ndarray", "data": [[0.999983848705923, 0.005369582553390405, 0.0018627695756184895, -0.01798560202211298], [-0.0018559328994570028, -0.001277924796895924, 0.9999974612074202, 0.020756831004353687], [0.005371949400565648, -0.9999847671296876, -0.0012679385718394887, 0.032055225960248596], [0.0, 0.0, 0.0, 1.0]]}, "Hobj2base": {"type": "ndarray", "data": [[0.9999749951110256, 0.006506655158817227, 0.002769944286179317, -0.7326948188409762], [0.006501776071765511, -0.9999773023796756, 0.0017668144722510382, 0.0851248035920841], [0.0027813774675361346, -0.0017487607357713167, -0.9999946028730715, 0.0005312576674725607], [0.0, 0.0, 0.0, 1.0]]}, "mean_rme": {"type": "float", "data": 0.0016496605777752775}, "max_rme": {"type": "float", "data": 0.004821501543855633}, "simu": {"type": "float", "data": 0.002}}, {"type": "dict", "image_number": {"type": "int", "data": 8}, "Hcamera2end": {"type": "ndarray", "data": [[0.9999928363152918, 0.0035881251207043156, 0.001205270183920377, -0.014262581182196456], [-0.001209824782723931, 0.0012674536164518635, 0.9999984649414843, 0.020007672584356134], [0.003586591988668883, -0.9999927594335111, 0.0012717855395082411, 0.03157091281882859], [0.0, 0.0, 0.0, 1.0]]}, "Hobj2base": {"type": "ndarray", "data": [[0.9999914768348662, 0.003982455321587719, 0.0010891773201834427, -0.7322368500662391], [0.003980395762520579, -0.9999902985357236, 0.0018866064794123198, 0.0889980155214119], [0.0010966800795822577, -0.0018822550427638615, -0.9999976272015634, -6.145323008317771e-05], [0.0, 0.0, 0.0, 1.0]]}, "mean_rme": {"type": "float", "data": 0.0017522561248741624}, "max_rme": {"type": "float", "data": 0.004738739168798745}, "simu": {"type": "float", "data": 0.002}}, {"type": "dict", "image_number": {"type": "int", "data": 9}, "Hcamera2end": {"type": "ndarray", "data": [[0.9999939009092179, 0.003377293485856142, 0.0008899624012619594, -0.014179592369860283], [-0.0008957255310925393, 0.0017053056832205815, 0.9999981448024291, 0.02004809982658292], [0.003375769562368745, -0.9999928428850064, 0.0017083204104076932, 0.031646050896082], [0.0, 0.0, 0.0, 1.0]]}, "Hobj2base": {"type": "ndarray", "data": [[0.9999931858814354, 0.00363745142258278, 0.0006301887378937528, -0.7325941839766236], [0.0036362549689989763, -0.999991603836837, 0.001889419389866568, 0.08915519064989345], [0.0006370561179738116, -0.001887114988209254, -0.9999980164762947, -2.9168770949309735e-05], [0.0, 0.0, 0.0, 1.0]]}, "mean_rme": {"type": "float", "data": 0.0016439201927579085}, "max_rme": {"type": "float", "data": 0.004739495116712122}, "simu": {"type": "float", "data": 0.002}}, {"type": "dict", "image_number": {"type": "int", "data": 10}, "Hcamera2end": {"type": "ndarray", "data": [[0.9999996912553305, 0.0006782287565719788, 0.00039685639390284866, -0.014847462498122792], [-0.0003980927770317467, 0.001823797168730601, 0.9999982576414963, 0.01956469481959003], [0.0006775037892867446, -0.9999981068830288, 0.0018240666036121178, 0.03140383083844354], [0.0, 0.0, 0.0, 1.0]]}, "Hobj2base": {"type": "ndarray", "data": [[0.9999978513793711, 0.0012109904117020385, 0.0016824799742725322, -0.7326504196520576], [0.0012090557876114282, -0.99999860737384, 0.001150406225029364, 0.08923584248970765], [0.0016838707621149797, -0.0011483695410923827, -0.9999979229111695, 0.0006250844358824947], [0.0, 0.0, 0.0, 1.0]]}, "mean_rme": {"type": "float", "data": 0.0017220824692537804}, "max_rme": {"type": "float", "data": 0.004987560078466763}, "simu": {"type": "float", "data": 0.002}}, {"type": "dict", "image_number": {"type": "int", "data": 11}, "Hcamera2end": {"type": "ndarray", "data": [[0.9999984603521914, 0.001754778551219268, -6.7441014630793e-06, -0.014742310200311724], [4.223365890287825e-06, 0.0014364975655534185, 0.9999989682279214, 0.0203764198180673], [0.0017547864285730884, -0.9999974286101841, 0.0014364879427811728, 0.03134583574713878], [0.0, 0.0, 0.0, 1.0]]}, "Hobj2base": {"type": "ndarray", "data": [[0.9999969692528016, 0.0022470843280965294, 0.0010060304338656862, -0.7328537050089604], [0.00224595262031971, -0.9999968454313537, 0.0011246440182901332, 0.08832826368506431], [0.00100855443022181, -0.0011223811130893636, -0.9999988615386508, 0.0002927272614477904], [0.0, 0.0, 0.0, 1.0]]}, "mean_rme": {"type": "float", "data": 0.0018835654513308317}, "max_rme": {"type": "float", "data": 0.004685161192622744}, "simu": {"type": "float", "data": 0.002}}, {"type": "dict", "image_number": {"type": "int", "data": 12}, "Hcamera2end": {"type": "ndarray", "data": [[0.9999979114626923, 0.0019421495678131507, -0.0006364945479984216, -0.01385967010958234], [0.0006331329140031592, 0.001731007337554269, 0.9999983013767128, 0.020490377287526368], [0.0019432480455655657, -0.9999966158286006, 0.0017297740834655295, 0.031281546150222224], [0.0, 0.0, 0.0, 1.0]]}, "Hobj2base": {"type": "ndarray", "data": [[0.999996842283701, 0.0023793569789468593, 0.0008087539759316482, -0.7331454013949189], [0.0023790071148345852, -0.9999970762909818, 0.00043328355073100916, 0.08875103135163591], [0.0008097825476106502, -0.0004313581510815868, -0.9999995790910967, 0.00018186640749220015], [0.0, 0.0, 0.0, 1.0]]}, "mean_rme": {"type": "float", "data": 0.00187467769547595}, "max_rme": {"type": "float", "data": 0.004536699626611629}, "simu": {"type": "float", "data": 0.002}}, {"type": "dict", "image_number": {"type": "int", "data": 13}, "Hcamera2end": {"type": "ndarray", "data": [[0.9999976681510686, 0.002043312017844197, -0.0006989766969609628, -0.014042892864945386], [0.0006948671428347644, 0.002011240552263871, 0.9999977360329847, 0.020744134180105237], [0.0020447132021312016, -0.9999958898852729, 0.0020098160319709235, 0.030898137282237507], [0.0, 0.0, 0.0, 1.0]]}, "Hobj2base": {"type": "ndarray", "data": [[0.9999968788789411, 0.002406532464363227, 0.000671441638879421, -0.7327977123150382], [0.002406415152846433, -0.9999970891841179, 0.0001754690952480408, 0.08867307945653054], [0.0006718619565106415, -0.00017385278025370093, -0.9999997591883321, 2.6327572704735266e-05], [0.0, 0.0, 0.0, 1.0]]}, "mean_rme": {"type": "float", "data": 0.0018505014026894435}, "max_rme": {"type": "float", "data": 0.004480443494166653}, "simu": {"type": "float", "data": 0.002}}, {"type": "dict", "image_number": {"type": "int", "data": 14}, "Hcamera2end": {"type": "ndarray", "data": [[0.9999976780252893, 0.002083627102843319, -0.0005499473849433598, -0.014280916784259188], [0.000545124845269593, 0.0023143540876087165, 0.9999971732980351, 0.02062298626275366], [0.002084893986028807, -0.999995151119871, 0.002313212876835058, 0.030607418496018498], [0.0, 0.0, 0.0, 1.0]]}, "Hobj2base": {"type": "ndarray", "data": [[0.9999970800057395, 0.002364934860242296, 0.0004970544249626864, -0.7328045584280493], [0.0023646901904307662, -0.999997082959833, 0.0004922520976507241, 0.088497896075872], [0.0004982171191807252, -0.0004910752805546047, -0.9999997553123552, 0.00015810216019278091], [0.0, 0.0, 0.0, 1.0]]}, "mean_rme": {"type": "float", "data": 0.001824634845326509}, "max_rme": {"type": "float", "data": 0.004641099904797219}, "simu": {"type": "float", "data": 0.002}}, {"type": "dict", "image_number": {"type": "int", "data": 15}, "Hcamera2end": {"type": "ndarray", "data": [[0.9999978019701562, 0.002056253788788432, -0.00040972577708965044, -0.014121915587060156], [0.00040497375518058515, 0.00231089394919326, 0.9999972478789194, 0.02054585856997216], [0.002057194962548138, -0.9999952157833114, 0.0023100561409610254, 0.030597341649830183], [0.0, 0.0, 0.0, 1.0]]}, "Hobj2base": {"type": "ndarray", "data": [[0.9999971089789466, 0.002354407462598169, 0.0004886709004914544, -0.7327872626838687], [0.00235409211948047, -0.9999970211837415, 0.0006448828854619088, 0.08862551944206257], [0.0004901877619086645, -0.0006437306447760436, -0.9999996726633535, 0.0003810637843665384], [0.0, 0.0, 0.0, 1.0]]}, "mean_rme": {"type": "float", "data": 0.001818520944470685}, "max_rme": {"type": "float", "data": 0.004399847831213666}, "simu": {"type": "float", "data": 0.002}}, {"type": "dict", "image_number": {"type": "int", "data": 16}, "Hcamera2end": {"type": "ndarray", "data": [[0.9999980111635332, 0.001992408805335987, -8.930918613388346e-05, -0.014712172192138778], [8.524569893720495e-05, 0.002039476367346582, 0.9999979166324888, 0.02077631825934238], [0.0019925867983907196, -0.9999959354133894, 0.002039302466880444, 0.031429170754173806], [0.0, 0.0, 0.0, 1.0]]}, "Hobj2base": {"type": "ndarray", "data": [[0.9999969217819179, 0.0023223880569018104, 0.0008734645968523714, -0.7335507266482654], [0.0023216507360832783, -0.9999969486254467, 0.0008442023782592333, 0.08839495809928635], [0.0008754224971056046, -0.0008421718998959826, -0.9999992621906992, 0.00011823046208288279], [0.0, 0.0, 0.0, 1.0]]}, "mean_rme": {"type": "float", "data": 0.0018245265393303342}, "max_rme": {"type": "float", "data": 0.005151921566878492}, "simu": {"type": "float", "data": 0.002}}, {"type": "dict", "image_number": {"type": "int", "data": 17}, "Hcamera2end": {"type": "ndarray", "data": [[0.9999978476958463, 0.0020619169972236643, 0.00023043865034972635, -0.014665221561914032], [-0.00023432410442246726, 0.001884346064474407, 0.9999981971644368, 0.02002375533150939], [0.002061479053762484, -0.9999960988614937, 0.0018848251656423676, 0.03140571436182923], [0.0, 0.0, 0.0, 1.0]]}, "Hobj2base": {"type": "ndarray", "data": [[0.9999968026070757, 0.0024005449265580387, 0.000795084700467183, -0.7335593698802599], [0.0023998532855956933, -0.9999967421485056, 0.0008697106320578173, 0.08889054971393824], [0.0007971698896446631, -0.000867799764620453, -0.9999993057216272, 0.0005178293371212548], [0.0, 0.0, 0.0, 1.0]]}, "mean_rme": {"type": "float", "data": 0.0018219460868867197}, "max_rme": {"type": "float", "data": 0.004972299688650428}, "simu": {"type": "float", "data": 0.002}}, {"type": "dict", "image_number": {"type": "int", "data": 18}, "Hcamera2end": {"type": "ndarray", "data": [[0.9999984320659031, 0.0017695620472489657, 6.720041827101505e-05, -0.01464484977156147], [-7.059219468199694e-05, 0.0019167394233906565, 0.9999981605616707, 0.0201854782075089], [0.0017694299865577416, -0.9999965973742829, 0.0019168613353380826, 0.03170084956921247], [0.0, 0.0, 0.0, 1.0]]}, "Hobj2base": {"type": "ndarray", "data": [[0.9999975003602358, 0.0021014289078171073, 0.0007637210391545911, -0.7338217646907449], [0.0021008308846955782, -0.9999974867077919, 0.0007829991664328228, 0.08901939896008697], [0.0007653645367835924, -0.0007813927604706232, -0.9999994018210614, 0.00028411129725107605], [0.0, 0.0, 0.0, 1.0]]}, "mean_rme": {"type": "float", "data": 0.0017992484396416838}, "max_rme": {"type": "float", "data": 0.005191536951245412}, "simu": {"type": "float", "data": 0.002}}, {"type": "dict", "image_number": {"type": "int", "data": 19}, "Hcamera2end": {"type": "ndarray", "data": [[0.9999981983281849, 0.0018943222100256604, 0.00012199897007527066, -0.014580632538863113], [-0.00012532479991034023, 0.001755663848331812, 0.9999984509678732, 0.020283400265511623], [0.0018941050864784042, -0.9999966645883456, 0.0017558980907537158, 0.0315682788776074], [0.0, 0.0, 0.0, 1.0]]}, "Hobj2base": {"type": "ndarray", "data": [[0.9999971086053487, 0.002270960275185233, 0.0007908984580398475, -0.7337285244447438], [0.0022701930487222287, -0.9999969530256871, 0.0009696199576879303, 0.08918962530816199], [0.0007930980165984983, -0.0009678216619522837, -0.9999992171580767, 0.00016404100524548024], [0.0, 0.0, 0.0, 1.0]]}, "mean_rme": {"type": "float", "data": 0.0017875542041353996}, "max_rme": {"type": "float", "data": 0.0051129793748677654}, "simu": {"type": "float", "data": 0.002}}, {"type": "dict", "image_number": {"type": "int", "data": 20}, "Hcamera2end": {"type": "ndarray", "data": [[0.9999977423400548, 0.0020940860927835727, 0.00036071904501748747, -0.014371238935101113], [-0.00036414099342672065, 0.0016339498899924365, 0.999998598803565, 0.02018597888336521], [0.002093493761713681, -0.9999964724993745, 0.001634708743679436, 0.03209431258713705], [0.0, 0.0, 0.0, 1.0]]}, "Hobj2base": {"type": "ndarray", "data": [[0.999996642321888, 0.0024787252185492752, 0.0007558215668433905, -0.7342835676672217], [0.0024777647669712794, -0.9999961251046097, 0.0012690380318234123, 0.08946200508359192], [0.0007589642346866639, -0.001267161022753748, -0.9999989091375219, 0.00039112393155569803], [0.0, 0.0, 0.0, 1.0]]}, "mean_rme": {"type": "float", "data": 0.0018135569351462753}, "max_rme": {"type": "float", "data": 0.005093066737782814}, "simu": {"type": "float", "data": 0.002}}, {"type": "dict", "image_number": {"type": "int", "data": 21}, "Hcamera2end": {"type": "ndarray", "data": [[0.9999980092156757, 0.0019860711942880412, 0.0001925769885273202, -0.0142506867464277], [-0.00019631447215175926, 0.00188182453356045, 0.9999982100969248, 0.020063290431022417], [0.001985705243311493, -0.9999962571218136, 0.0018822106817718565, 0.031670708344021165], [0.0, 0.0, 0.0, 1.0]]}, "Hobj2base": {"type": "ndarray", "data": [[0.9999973285298662, 0.002256539773804894, 0.0005009604575925532, -0.7340292512637319], [0.0022559310129829408, -0.9999967203711555, 0.0012124447192239894, 0.08950297261177591], [0.0005036947443606552, -0.001211311347981572, -0.9999991395078409, 0.0006294584713520111], [0.0, 0.0, 0.0, 1.0]]}, "mean_rme": {"type": "float", "data": 0.0017911011610058528}, "max_rme": {"type": "float", "data": 0.004995036952578802}, "simu": {"type": "float", "data": 0.002}}, {"type": "dict", "image_number": {"type": "int", "data": 22}, "Hcamera2end": {"type": "ndarray", "data": [[0.9999986362650616, 0.001636486988640796, 0.00022221240512202854, -0.014202948647711187], [-0.00022515537935389183, 0.0017983840818190933, 0.9999983575585263, 0.020039373435166746], [0.0016360846775545397, -0.999997043858146, 0.001798750093148671, 0.031810172882384774], [0.0, 0.0, 0.0, 1.0]]}, "Hobj2base": {"type": "ndarray", "data": [[0.9999979424703864, 0.001938973336695732, 0.0005961857036321714, -0.7339040182236934], [0.0019382198739216086, -0.9999973255829504, 0.0012617966029341828, 0.0896625674996261], [0.0005986306991523835, -0.001260638467770978, -0.9999990262154956, 0.0006874795390648871], [0.0, 0.0, 0.0, 1.0]]}, "mean_rme": {"type": "float", "data": 0.0018025023863573525}, "max_rme": {"type": "float", "data": 0.004796259394282187}, "simu": {"type": "float", "data": 0.002}}, {"type": "dict", "image_number": {"type": "int", "data": 23}, "Hcamera2end": {"type": "ndarray", "data": [[0.999998791801315, 0.0014682132015951719, 0.0005106328473873427, -0.014438509585164797], [-0.0005132495630375944, 0.0017824209344933228, 0.9999982797737696, 0.020149344156840106], [0.0014673005132592874, -0.9999973336592489, 0.001783172340758865, 0.031708769090909736], [0.0, 0.0, 0.0, 1.0]]}, "Hobj2base": {"type": "ndarray", "data": [[0.9999983846423905, 0.0017257251586446866, 0.0005025786369085275, -0.7337290204761348], [0.0017249863859561461, -0.999997436593516, 0.0014667066389819367, 0.08972672994506524], [0.0005051084811424334, -0.0014658373284196671, -0.9999987980924518, 0.0006715589763507101], [0.0, 0.0, 0.0, 1.0]]}, "mean_rme": {"type": "float", "data": 0.0017837252695507705}, "max_rme": {"type": "float", "data": 0.004718506278966694}, "simu": {"type": "float", "data": 0.002}}, {"type": "dict", "image_number": {"type": "int", "data": 24}, "Hcamera2end": {"type": "ndarray", "data": [[0.9999985822658767, 0.0015288656881359277, 0.0007057166176288288, -0.014470956849657619], [-0.0007087437000766023, 0.0019803169751803074, 0.9999977880110765, 0.020106341346981887], [0.001527464763704402, -0.999996870452296, 0.001981397741542046, 0.03186428855497394], [0.0, 0.0, 0.0, 1.0]]}, "Hobj2base": {"type": "ndarray", "data": [[0.9999985705554526, 0.001675386115210288, 0.00022796582292924285, -0.7340157476659505], [0.0016750206382051599, -0.9999973266271647, 0.001594065364044036, 0.08979987417434991], [0.0002306358884692615, -0.0015936812379577813, -0.9999987034927587, 0.0008855437861838844], [0.0, 0.0, 0.0, 1.0]]}, "mean_rme": {"type": "float", "data": 0.0017778127256955958}, "max_rme": {"type": "float", "data": 0.004770576262003223}, "simu": {"type": "float", "data": 0.002}}, {"type": "dict", "image_number": {"type": "int", "data": 25}, "Hcamera2end": {"type": "ndarray", "data": [[0.9999983009135102, 0.0017115208367585576, 0.0006847382844387186, -0.01449641001722388], [-0.0006881884922629598, 0.002016097155977503, 0.9999977308718541, 0.020816677577282304], [0.0017101364541906084, -0.9999965030182273, 0.0020172715793981277, 0.03185389351263464], [0.0, 0.0, 0.0, 1.0]]}, "Hobj2base": {"type": "ndarray", "data": [[0.9999983683977994, 0.0018035718470621942, 0.0001016382381687286, -0.7340790854770382], [0.0018034130692092302, -0.9999971861897223, 0.0015412053526265572, 0.0893694224773948], [0.0001044176267625483, -0.0015410195422654676, -0.9999988071771531, 0.000310317533319977], [0.0, 0.0, 0.0, 1.0]]}, "mean_rme": {"type": "float", "data": 0.001770189388258043}, "max_rme": {"type": "float", "data": 0.004856375141490454}, "simu": {"type": "float", "data": 0.002}}, {"type": "dict", "image_number": {"type": "int", "data": 26}, "Hcamera2end": {"type": "ndarray", "data": [[0.999998553620553, 0.001618744239672415, 0.0005219424187124747, -0.014545084461578192], [-0.0005253151203991988, 0.0020838048515238183, 0.9999976908980163, 0.020939531438590907], [0.0016176528756825517, -0.9999965187061536, 0.00208465218837639, 0.03184909944435219], [0.0, 0.0, 0.0, 1.0]]}, "Hobj2base": {"type": "ndarray", "data": [[0.9999986314774156, 0.001654073315685282, -3.29357295034274e-05, -0.7342137362815548], [0.0016541174360643943, -0.9999976687602281, 0.0013879371804553912, 0.08932473007657805], [-3.0639902868306136e-05, -0.0013879897605964552, -0.9999990362723461, 0.00043537049598523696], [0.0, 0.0, 0.0, 1.0]]}, "mean_rme": {"type": "float", "data": 0.0018204876897842824}, "max_rme": {"type": "float", "data": 0.0053186578567639975}, "simu": {"type": "float", "data": 0.002}}, {"type": "dict", "image_number": {"type": "int", "data": 27}, "Hcamera2end": {"type": "ndarray", "data": [[0.9999986439154308, 0.0015857788523562424, 0.0004443790395306605, -0.014554532903307675], [-0.0004476034398591661, 0.0020335475377522005, 0.9999978321654367, 0.020869364711301148], [0.0015848717487483696, -0.9999966749893939, 0.002034254580158934, 0.031909850762172266], [0.0, 0.0, 0.0, 1.0]]}, "Hobj2base": {"type": "ndarray", "data": [[0.9999985892805441, 0.0016791047005635486, 4.5214225158742045e-05, -0.7341893282648405], [0.0016790401112091095, -0.9999976208105965, 0.0013925506996835214, 0.0892906616146947], [4.7552356011148324e-05, -0.0013924728186875172, -0.99999902937864, 0.0004729947997848271], [0.0, 0.0, 0.0, 1.0]]}, "mean_rme": {"type": "float", "data": 0.0017826967322264469}, "max_rme": {"type": "float", "data": 0.00536179480648985}, "simu": {"type": "float", "data": 0.002}}, {"type": "dict", "image_number": {"type": "int", "data": 28}, "Hcamera2end": {"type": "ndarray", "data": [[0.999998446809667, 0.00173949079839891, 0.0002838133469910411, -0.01444328268752889], [-0.0002872536244931435, 0.0019778191190849004, 0.9999980028564492, 0.020740844162235015], [0.0017389259929221502, -0.9999965311956307, 0.001978315722191981, 0.03190204561752244], [0.0, 0.0, 0.0, 1.0]]}, "Hobj2base": {"type": "ndarray", "data": [[0.9999982702952466, 0.0018595680402948582, 3.759279909964667e-05, -0.7342805083653535], [0.0018595162417411133, -0.9999973814328575, 0.001333914080852955, 0.08923997936869767], [4.00732046536316e-05, -0.0013338418691549302, -0.999999109629607, 0.00043099707961561214], [0.0, 0.0, 0.0, 1.0]]}, "mean_rme": {"type": "float", "data": 0.001822199594863255}, "max_rme": {"type": "float", "data": 0.005475673651898216}, "simu": {"type": "float", "data": 0.002}}, {"type": "dict", "image_number": {"type": "int", "data": 29}, "Hcamera2end": {"type": "ndarray", "data": [[0.9999983823354881, 0.0017853378138071006, 0.00021884994278376188, -0.014427037923476634], [-0.0002222729714765456, 0.0019173272260756269, 0.9999981372237821, 0.020710450759770814], [0.001784914881168556, -0.9999965682067107, 0.0019177209568244091, 0.03189424512368094], [0.0, 0.0, 0.0, 1.0]]}, "Hobj2base": {"type": "ndarray", "data": [[0.9999981199028866, 0.001937822205460335, 7.096331475546166e-05, -0.734263942504921], [0.0019377249370373215, -0.9999972167223192, 0.0013460199415668652, 0.08923460760154782], [7.357146457661224e-05, -0.0013458799035340422, -0.9999990915968497, 0.00040863911310602826], [0.0, 0.0, 0.0, 1.0]]}, "mean_rme": {"type": "float", "data": 0.0017834336085210932}, "max_rme": {"type": "float", "data": 0.005509430480153621}, "simu": {"type": "float", "data": 0.002}}, {"type": "dict", "image_number": {"type": "int", "data": 30}, "Hcamera2end": {"type": "ndarray", "data": [[0.9999982222694127, 0.0018808701098278113, 0.00013336282946479008, -0.014369440716559115], [-0.0001368468999994345, 0.0018523646526099613, 0.999998275007572, 0.020655397241307882], [0.0018806198287498414, -0.999996515530341, 0.0018526187508485226, 0.03187123447487026], [0.0, 0.0, 0.0, 1.0]]}, "Hobj2base": {"type": "ndarray", "data": [[0.9999978763659014, 0.0020595371583383604, 7.463498303559377e-05, -0.734293314953598], [0.002059434954429742, -0.9999969754908313, 0.0013445210518009075, 0.08922675784163554], [7.74038483677554e-05, -0.0013443644906372691, -0.9999990933459695, 0.0003663465664887696], [0.0, 0.0, 0.0, 1.0]]}, "mean_rme": {"type": "float", "data": 0.0017720819053753615}, "max_rme": {"type": "float", "data": 0.005567355995648837}, "simu": {"type": "float", "data": 0.002}}]}