{"type": "list", "data": [{"type": "dict", "image_number": {"type": "int", "data": 5}, "Hcamera2end": {"type": "ndarray", "data": [[0.9999978974249248, 0.0018423566305726747, 0.0009004819682712371, -0.012779183240224597], [-0.0009033806375342808, 0.001573121863393423, 0.9999983545941594, 0.028668284170660363], [0.0018409370312764356, -0.9999970655005185, 0.001574782905094052, 0.03404012242467663], [0.0, 0.0, 0.0, 1.0]]}, "Hobj2base": {"type": "ndarray", "data": [[0.9999990411124086, 0.0013098826534887983, -0.000449423739323519, -0.7366134509078623], [0.0013091485309434793, -0.9999978147766388, -0.0016298994052433367, 0.09295840463157994], [-0.0004515577341901247, 0.0016293094799249154, -0.9999985707220944, -0.002494122549377131], [0.0, 0.0, 0.0, 1.0]]}, "mean_rme": {"type": "float", "data": 0.0016205396039291036}, "max_rme": {"type": "float", "data": 0.005550001318289824}, "simu": {"type": "float", "data": 0.002}}, {"type": "dict", "image_number": {"type": "int", "data": 6}, "Hcamera2end": {"type": "ndarray", "data": [[0.9999989682429705, 0.0014361093478375527, -3.321047233648827e-05, -0.01525739609834181], [2.902247456411768e-05, 0.0029161334409221196, 0.9999957476526841, 0.02726748913265943], [0.0014362000871707913, -0.999994716863892, 0.0029160887527339696, 0.03446649226970583], [0.0, 0.0, 0.0, 1.0]]}, "Hobj2base": {"type": "ndarray", "data": [[0.9999987458108478, 0.0009411390995846869, -0.0012738264899866201, -0.7368624171372916], [0.0009388185298930199, -0.9999979010959754, -0.0018211049976384595, 0.08990601941139899], [-0.0012755377294647997, 0.0018199068217156584, -0.9999975304682815, -0.0014885164819378738], [0.0, 0.0, 0.0, 1.0]]}, "mean_rme": {"type": "float", "data": 0.0017244332321672419}, "max_rme": {"type": "float", "data": 0.005722480790603238}, "simu": {"type": "float", "data": 0.002}}, {"type": "dict", "image_number": {"type": "int", "data": 7}, "Hcamera2end": {"type": "ndarray", "data": [[0.9999999090208308, -1.0676581121444928e-05, -0.0004264321056411725, -0.015125176452827675], [0.0004264563100698835, 0.0023801952431600215, 0.9999970763985362, 0.028028998918789974], [-9.661558237998932e-06, -0.9999971672742953, 0.002380199579707254, 0.034292814241347974], [0.0, 0.0, 0.0, 1.0]]}, "Hobj2base": {"type": "ndarray", "data": [[0.9999998271598161, -0.0003710706520670276, -0.0004560558180772277, -0.7365555859211164], [-0.000371816182442504, -0.999998593054698, -0.0016357387785446403, 0.09004420142415108], [-0.0004554482017764709, 0.001635908064756507, -0.9999985581848305, -0.002241822926641054], [0.0, 0.0, 0.0, 1.0]]}, "mean_rme": {"type": "float", "data": 0.0016543246856520612}, "max_rme": {"type": "float", "data": 0.005823612687977112}, "simu": {"type": "float", "data": 0.002}}, {"type": "dict", "image_number": {"type": "int", "data": 8}, "Hcamera2end": {"type": "ndarray", "data": [[0.9999994623270844, -3.329381640992208e-05, 0.0010364540818947928, -0.015311641215755161], [-0.001036369514628647, 0.0024468567219775306, 0.9999964694089732, 0.02782996970153126], [-3.582975350037822e-05, -0.9999970058873698, 0.002446820901672586, 0.03427224763699524], [0.0, 0.0, 0.0, 1.0]]}, "Hobj2base": {"type": "ndarray", "data": [[0.9999995977239085, -0.0003399930693292412, -0.0008300341764060655, -0.7367684542633464], [-0.00033966553853419706, -0.9999998644163504, 0.00039470824958901695, 0.09078658464318673], [-0.0008301682619362701, -0.0003944261568017943, -0.9999995776242425, -0.0022299940677451696], [0.0, 0.0, 0.0, 1.0]]}, "mean_rme": {"type": "float", "data": 0.0016930024669016077}, "max_rme": {"type": "float", "data": 0.005644481940704507}, "simu": {"type": "float", "data": 0.002}}, {"type": "dict", "image_number": {"type": "int", "data": 9}, "Hcamera2end": {"type": "ndarray", "data": [[0.9999999462316586, 0.000257344441281934, 0.00020324989171124913, -0.014421367059447968], [-0.00020393732957396947, 0.0026740729581109512, 0.9999964038652239, 0.027727465313389005], [0.00025680001079747533, -0.9999963915473161, 0.002674125296468599, 0.03467531108812226], [0.0, 0.0, 0.0, 1.0]]}, "Hobj2base": {"type": "ndarray", "data": [[0.9999990797701083, -5.36848014673277e-07, -0.0013566350461225243, -0.737397134951583], [-1.1031053007903421e-06, -0.9999999128889769, -0.00041739767772506147, 0.09122103601452297], [-0.0013566347038655433, 0.0004173987901345523, -0.9999989926597577, -0.0023580060954571844], [0.0, 0.0, 0.0, 1.0]]}, "mean_rme": {"type": "float", "data": 0.0016265522376486853}, "max_rme": {"type": "float", "data": 0.005434620539023258}, "simu": {"type": "float", "data": 0.002}}, {"type": "dict", "image_number": {"type": "int", "data": 10}, "Hcamera2end": {"type": "ndarray", "data": [[0.9999997696363193, 0.0005030077512767259, 0.00045575268556192605, -0.015434621967242618], [-0.00045671729434112866, 0.0019192357854964648, 0.9999980539697629, 0.027973872175616286], [0.0005021320755449658, -0.999998031756664, 0.001919465075713389, 0.035648325536078225], [0.0, 0.0, 0.0, 1.0]]}, "Hobj2base": {"type": "ndarray", "data": [[0.9999996765943683, 0.0002700830784049768, -0.000757539629086648, -0.7377678284745153], [0.00027011457707471853, -0.9999999626588352, 4.147822394573296e-05, 0.09022216024749441], [-0.000757528398232826, -4.1682833027969825e-05, -0.999999712206592, -0.002206569295239691], [0.0, 0.0, 0.0, 1.0]]}, "mean_rme": {"type": "float", "data": 0.0016797862808570062}, "max_rme": {"type": "float", "data": 0.0056945612354753344}, "simu": {"type": "float", "data": 0.002}}, {"type": "dict", "image_number": {"type": "int", "data": 11}, "Hcamera2end": {"type": "ndarray", "data": [[0.9999999404487855, 0.00031765998256948213, 0.00013488721575033701, -0.015095863113909858], [-0.00013535926201106501, 0.0014864587366778537, 0.9999988860585268, 0.028042084692814], [0.0003174591244345349, -0.9999988447656126, 0.0014865016463782021, 0.03668412442767151], [0.0, 0.0, 0.0, 1.0]]}, "Hobj2base": {"type": "ndarray", "data": [[0.9999999476066113, 0.00010933915599970119, -0.00030468298873367666, -0.7385581659002649], [0.00010927263601293242, -0.9999999701950224, -0.00021833333510953598, 0.0903255016871298], [-0.00030470685203519453, 0.0002183000301569855, -0.9999999297494129, -0.0022850404959689433], [0.0, 0.0, 0.0, 1.0]]}, "mean_rme": {"type": "float", "data": 0.0016102075810245622}, "max_rme": {"type": "float", "data": 0.0056216752866810465}, "simu": {"type": "float", "data": 0.002}}, {"type": "dict", "image_number": {"type": "int", "data": 12}, "Hcamera2end": {"type": "ndarray", "data": [[0.9999999615587185, 0.0001161916692471639, 0.0002517579345090307, -0.01546088201440985], [-0.00025194696661372875, 0.0016297619406889785, 0.9999986401984466, 0.028058788839323504], [0.00011578120574962232, -0.9999986651868653, 0.0016297911521774289, 0.03392120475568627], [0.0, 0.0, 0.0, 1.0]]}, "Hobj2base": {"type": "ndarray", "data": [[0.9999998714433022, -7.386509547821302e-05, -0.0005016545891224941, -0.7360441588166994], [-7.390969251183322e-05, -0.9999999933186805, -8.888192496854919e-05, 0.08938970505410797], [-0.0005016480204989052, 8.891899067861162e-05, -0.99999987022133, -0.002431851474234812], [0.0, 0.0, 0.0, 1.0]]}, "mean_rme": {"type": "float", "data": 0.0018615352014794131}, "max_rme": {"type": "float", "data": 0.0057060075362205115}, "simu": {"type": "float", "data": 0.002}}, {"type": "dict", "image_number": {"type": "int", "data": 13}, "Hcamera2end": {"type": "ndarray", "data": [[0.9999997607150136, 0.0005185369578761397, 0.00045791848486054443, -0.015170592865466691], [-0.0004586847630100213, 0.0014786161870159464, 0.9999988016505116, 0.028156176150194643], [0.0005178592508035931, -0.9999987724060436, 0.0014788536782069928, 0.033860533435588966], [0.0, 0.0, 0.0, 1.0]]}, "Hobj2base": {"type": "ndarray", "data": [[0.9999998734532488, 0.0003424334364694819, -0.00036855505431208435, -0.736169096570859], [0.00034249482646842006, -0.9999999274843241, 0.00016651919002230636, 0.08973997320647416], [-0.000368498005847588, -0.00016664539714921452, -0.9999999182192625, -0.002335489924656452], [0.0, 0.0, 0.0, 1.0]]}, "mean_rme": {"type": "float", "data": 0.0018625275102772591}, "max_rme": {"type": "float", "data": 0.005530115267232322}, "simu": {"type": "float", "data": 0.002}}, {"type": "dict", "image_number": {"type": "int", "data": 14}, "Hcamera2end": {"type": "ndarray", "data": [[0.99999982817696, 0.0005180141802483053, 0.0002744218640954526, -0.015055394326073921], [-0.00027519466066550156, 0.0014923631344696542, 0.9999988485594238, 0.028168557832683152], [0.0005176040467124907, -0.9999987522560134, 0.0014925054327838971, 0.03406219551671563], [0.0, 0.0, 0.0, 1.0]]}, "Hobj2base": {"type": "ndarray", "data": [[0.9999998241849721, 0.00035360579173058317, -0.0004760178242093372, -0.7363523455575678], [0.00035361417163372306, -0.999999937325029, 1.7520131102020433e-05, 0.08985439734977564], [-0.00047601159915510447, -1.768845467030877e-05, -0.9999998865500312, -0.002369695433899453], [0.0, 0.0, 0.0, 1.0]]}, "mean_rme": {"type": "float", "data": 0.0017669294149394057}, "max_rme": {"type": "float", "data": 0.005822779687825047}, "simu": {"type": "float", "data": 0.002}}, {"type": "dict", "image_number": {"type": "int", "data": 15}, "Hcamera2end": {"type": "ndarray", "data": [[0.9999998823700629, 0.0004320092928592538, 0.00022051719060339365, -0.014961485786000959], [-0.00022080053684712508, 0.0006559421080999384, 0.9999997604935082, 0.02824298604138589], [0.00043186454287934696, -0.9999996915539133, 0.0006560374188252505, 0.034391754812124836], [0.0, 0.0, 0.0, 1.0]]}, "Hobj2base": {"type": "ndarray", "data": [[0.999999900912057, 0.00026882287264248957, 0.0003548381875160057, -0.7362000784673947], [0.0002687598323499685, -0.9999999480963186, 0.00017769499648484562, 0.08997590102454829], [0.0003548859375780069, -0.00017759961262562578, -0.9999999212571711, -0.002476082988970522], [0.0, 0.0, 0.0, 1.0]]}, "mean_rme": {"type": "float", "data": 0.0016950397201119446}, "max_rme": {"type": "float", "data": 0.005741105522874407}, "simu": {"type": "float", "data": 0.002}}, {"type": "dict", "image_number": {"type": "int", "data": 16}, "Hcamera2end": {"type": "ndarray", "data": [[0.999999843049031, 0.00014505365109064247, 0.0005411666579982463, -0.015538422534621609], [-0.00054125221633577, 0.0005904504246045938, 0.9999996792071161, 0.02829098571487661], [0.0001447340724754663, -0.9999998151638504, 0.0005905288425429589, 0.03431688435741041], [0.0, 0.0, 0.0, 1.0]]}, "Hobj2base": {"type": "ndarray", "data": [[0.9999999382512659, -4.638840386494268e-06, 0.0003513914420922741, -0.7359428454107211], [-4.818123691824249e-06, -0.9999998698309949, 0.0005102105235764366, 0.08967711538686325], [0.00035138902956681733, -0.0005102121851190149, -0.9999998081046193, -0.002441999171999519], [0.0, 0.0, 0.0, 1.0]]}, "mean_rme": {"type": "float", "data": 0.0016650083795057137}, "max_rme": {"type": "float", "data": 0.005751064852364082}, "simu": {"type": "float", "data": 0.002}}, {"type": "dict", "image_number": {"type": "int", "data": 17}, "Hcamera2end": {"type": "ndarray", "data": [[0.9999999677365798, 0.0001242752826917966, 0.00022154569142971526, -0.014900287657498065], [-0.00022161010739915285, 0.0005185588436817934, 0.9999998409928305, 0.028392680024855763], [0.00012416037845356515, -0.9999998578261798, 0.0005185863676100411, 0.03438442361360604], [0.0, 0.0, 0.0, 1.0]]}, "Hobj2base": {"type": "ndarray", "data": [[0.9999999547520346, -2.135180195709066e-05, 0.00030006670795921137, -0.7357735342789141], [-2.141120534470895e-05, -0.9999999801756194, 0.00019796545406542744, 0.09010877461060816], [0.0003000624750914052, -0.00019797186989779466, -0.9999999353848226, -0.0024594811371029452], [0.0, 0.0, 0.0, 1.0]]}, "mean_rme": {"type": "float", "data": 0.0016759267920037684}, "max_rme": {"type": "float", "data": 0.005966201372038696}, "simu": {"type": "float", "data": 0.002}}, {"type": "dict", "image_number": {"type": "int", "data": 18}, "Hcamera2end": {"type": "ndarray", "data": [[0.9999999046403312, 0.0004245984138322911, 0.00010215437072445875, -0.015131409699697531], [-0.00010233636163439316, 0.00042861928773507696, 0.9999999029063829, 0.02851789101114284], [0.00042455458727287643, -0.99999981800083, 0.00042866269871888463, 0.03439595530351307], [0.0, 0.0, 0.0, 1.0]]}, "Hobj2base": {"type": "ndarray", "data": [[0.9999999429734112, 0.00019505561665740105, 0.0002756927289558687, -0.7359154445144696], [0.00019504323820254986, -0.9999999799699111, 4.492563357524934e-05, 0.08976813583438556], [0.0002757014864308796, -4.487185901068926e-05, -0.9999999609876025, -0.0024091045435024544], [0.0, 0.0, 0.0, 1.0]]}, "mean_rme": {"type": "float", "data": 0.001700267141709681}, "max_rme": {"type": "float", "data": 0.005835478535675856}, "simu": {"type": "float", "data": 0.002}}, {"type": "dict", "image_number": {"type": "int", "data": 19}, "Hcamera2end": {"type": "ndarray", "data": [[0.9999999531826471, 0.000272028595868225, 0.00014012546759921017, -0.015098747521360364], [-0.00014024755381217055, 0.00044883200162093573, 0.9999998894402227, 0.02853579525540686], [0.00027196567299870347, -0.9999998622751289, 0.0004488701319529387, 0.034232545472445364], [0.0, 0.0, 0.0, 1.0]]}, "Hobj2base": {"type": "ndarray", "data": [[0.9999999732856911, 6.155382882820057e-05, 0.00022279978265474722, -0.7358427566419535], [6.153473490446606e-05, -0.9999999944339995, 8.570576127248119e-05, 0.08996148703532125], [0.00022280505693240247, -8.569204905734858e-05, -0.9999999715073893, -0.0022995602681065972], [0.0, 0.0, 0.0, 1.0]]}, "mean_rme": {"type": "float", "data": 0.0016962013648067556}, "max_rme": {"type": "float", "data": 0.005773699293915982}, "simu": {"type": "float", "data": 0.002}}, {"type": "dict", "image_number": {"type": "int", "data": 20}, "Hcamera2end": {"type": "ndarray", "data": [[0.9999999342698925, 0.00031907531714882374, 0.00017219510049658332, -0.015185607145159971], [-0.00017232585489307113, 0.0004098094674946928, 0.9999999011799953, 0.02855053739033459], [0.00031900471843535966, -0.9999998651235621, 0.00040986442548474056, 0.03432029847651127], [0.0, 0.0, 0.0, 1.0]]}, "Hobj2base": {"type": "ndarray", "data": [[0.9999999654598075, 0.00011366618637329041, 0.00023698181774478534, -0.7358903537319966], [0.00011363323216952399, -0.9999999838739613, 0.0001390667689547113, 0.0898672635985983], [0.00023699762111248563, -0.00013903983514140257, -0.9999999622500253, -0.0022439885428882423], [0.0, 0.0, 0.0, 1.0]]}, "mean_rme": {"type": "float", "data": 0.001646103112262589}, "max_rme": {"type": "float", "data": 0.005797612934844945}, "simu": {"type": "float", "data": 0.002}}, {"type": "dict", "image_number": {"type": "int", "data": 21}, "Hcamera2end": {"type": "ndarray", "data": [[0.9999999082660359, 0.0004186639929380659, 9.048967212555635e-05, -0.015421675389111484], [-9.065032443103001e-05, 0.00038372304824696446, 0.9999999222695674, 0.028608407743999465], [0.00041862923742230974, -0.9999998387385286, 0.0003837609650733098, 0.034202157288175515], [0.0, 0.0, 0.0, 1.0]]}, "Hobj2base": {"type": "ndarray", "data": [[0.9999999520421721, 0.00022410835357781637, 0.00021375476478558604, -0.735920139997933], [0.00022409963338214747, -0.9999999740566055, 4.081840644790468e-05, 0.08952860126273465], [0.0002137639069859266, -4.077050212592043e-05, -0.9999999763213787, -0.0022282907321084697], [0.0, 0.0, 0.0, 1.0]]}, "mean_rme": {"type": "float", "data": 0.0016580024291918993}, "max_rme": {"type": "float", "data": 0.005674718561783129}, "simu": {"type": "float", "data": 0.002}}, {"type": "dict", "image_number": {"type": "int", "data": 22}, "Hcamera2end": {"type": "ndarray", "data": [[0.9999996021014553, 0.0008898878585933269, 6.24221933773298e-05, -0.015521125557550391], [-6.274075052821882e-05, 0.0003579510668276775, 0.9999999339673141, 0.028617520127037034], [0.0008898654557409281, -0.999999539985211, 0.00035800675663166803, 0.033955188999132], [0.0, 0.0, 0.0, 1.0]]}, "Hobj2base": {"type": "ndarray", "data": [[0.9999997439276553, 0.0006888274029620798, 0.00019406553679992232, -0.7358951665363812], [0.000688827961282618, -0.9999997627540436, -2.810144822560379e-06, 0.08915643226984875], [0.0001940635550538983, 2.9438218710291133e-06, -0.9999999811653353, -0.002219477530038054], [0.0, 0.0, 0.0, 1.0]]}, "mean_rme": {"type": "float", "data": 0.0016859790768494025}, "max_rme": {"type": "float", "data": 0.005492898957004846}, "simu": {"type": "float", "data": 0.002}}, {"type": "dict", "image_number": {"type": "int", "data": 23}, "Hcamera2end": {"type": "ndarray", "data": [[0.9999996424606175, 0.0008367353720534756, 0.00012228063804483073, -0.015421927732390343], [-0.0001226059483733721, 0.0003887449505682872, 0.9999999169225688, 0.02785897823366594], [0.0008366877665590582, -0.9999995743755496, 0.00038884740031053244, 0.033967689442003346], [0.0, 0.0, 0.0, 1.0]]}, "Hobj2base": {"type": "ndarray", "data": [[0.9999997636230573, 0.0006633122582735728, 0.00018102673164403332, -0.7358711161869419], [0.0006633058706551358, -0.9999997793880642, 3.5343255612444314e-05, 0.08915675773167396], [0.0001810501353220706, -3.52231711642686e-05, -0.9999999829900885, -0.0014077184298592182], [0.0, 0.0, 0.0, 1.0]]}, "mean_rme": {"type": "float", "data": 0.0016525535382288094}, "max_rme": {"type": "float", "data": 0.00529992707733018}, "simu": {"type": "float", "data": 0.002}}, {"type": "dict", "image_number": {"type": "int", "data": 24}, "Hcamera2end": {"type": "ndarray", "data": [[0.9999993279140895, 0.0011525566519211868, 0.0001256365124605919, -0.015275825421109952], [-0.00012597965878228092, 0.0002976584401959137, 0.9999999477642878, 0.027818310879582153], [0.0011525191949482386, -0.9999992915060574, 0.00029780343883756277, 0.034158778143896285], [0.0, 0.0, 0.0, 1.0]]}, "Hobj2base": {"type": "ndarray", "data": [[0.9999994906059855, 0.000981651770816886, 0.0002348351982789216, -0.7358615374551444], [0.000981646811015566, -0.9999995179591976, 2.1234679293740578e-05, 0.08932856695701008], [0.00023485593013930552, -2.1004143253417335e-05, -0.9999999722007589, -0.001383025015183716], [0.0, 0.0, 0.0, 1.0]]}, "mean_rme": {"type": "float", "data": 0.0016717873109610302}, "max_rme": {"type": "float", "data": 0.0053696877686750105}, "simu": {"type": "float", "data": 0.002}}, {"type": "dict", "image_number": {"type": "int", "data": 25}, "Hcamera2end": {"type": "ndarray", "data": [[0.9999998666877788, 0.0005100685121034064, 8.034013659384936e-05, -0.015208844431441642], [-8.052975250104512e-05, 0.0003717363032954557, 0.9999999276635376, 0.027993489744177008], [0.0005100386098614708, -0.9999998008210973, 0.00037177732942950126, 0.03412651066547239], [0.0, 0.0, 0.0, 1.0]]}, "Hobj2base": {"type": "ndarray", "data": [[0.9999999116862877, 0.0003133034629257904, 0.0002801220396230998, -0.7357999885694508], [0.0003132873857526128, -0.9999999492760874, 5.743549773470803e-05, 0.0895032556312589], [0.00028014002015454905, -5.734773396088079e-05, -0.9999999591164022, -0.0015715058304079622], [0.0, 0.0, 0.0, 1.0]]}, "mean_rme": {"type": "float", "data": 0.001634674421217326}, "max_rme": {"type": "float", "data": 0.0054655050064515015}, "simu": {"type": "float", "data": 0.002}}, {"type": "dict", "image_number": {"type": "int", "data": 26}, "Hcamera2end": {"type": "ndarray", "data": [[0.9999998820906818, 0.00045419805919152224, 0.00017182184228130615, -0.01511494889257995], [-0.00017203098716012268, 0.0004604717019058846, 0.9999998791855684, 0.027289265866103318], [0.0004541188852217019, -0.9999997908349456, 0.00046054978375253963, 0.03414151161971426], [0.0, 0.0, 0.0, 1.0]]}, "Hobj2base": {"type": "ndarray", "data": [[0.9999999453758078, 0.00021941158885793976, 0.0002471981717432217, -0.7357840186772845], [0.00021938664553044606, -0.9999999708416429, 0.00010092677245364147, 0.08974752959508778], [0.0002472203090388315, -0.00010087253496291806, -0.9999999643534248, -0.000987120727129497], [0.0, 0.0, 0.0, 1.0]]}, "mean_rme": {"type": "float", "data": 0.0016412557068781475}, "max_rme": {"type": "float", "data": 0.005303662615100402}, "simu": {"type": "float", "data": 0.002}}, {"type": "dict", "image_number": {"type": "int", "data": 27}, "Hcamera2end": {"type": "ndarray", "data": [[0.9999999661207409, 0.0001967227215890048, 0.000170466090044181, -0.015058667958222648], [-0.00017056287012166867, 0.0004920499969831571, 0.9999998643975446, 0.027083483149220697], [0.00019663881707382877, -0.9999998595934757, 0.0004920835339049523, 0.03413586580260165], [0.0, 0.0, 0.0, 1.0]]}, "Hobj2base": {"type": "ndarray", "data": [[0.9999999603459064, -3.823980336156515e-05, 0.00027900878644943517, -0.7357451397927847], [-3.8279829590561927e-05, -0.9999999889776967, 0.0001434547386299577, 0.08990344010552302], [0.00027900329769311907, -0.00014346541335018964, -0.9999999507874167, -0.0008287981622864877], [0.0, 0.0, 0.0, 1.0]]}, "mean_rme": {"type": "float", "data": 0.0016211194078880743}, "max_rme": {"type": "float", "data": 0.005383362141719}, "simu": {"type": "float", "data": 0.002}}, {"type": "dict", "image_number": {"type": "int", "data": 28}, "Hcamera2end": {"type": "ndarray", "data": [[0.9999999858949128, -0.00012843405747254327, 0.00010823523926895922, -0.015043991814245504], [-0.00010816664888788126, 0.0005339381668579835, 0.9999998516049938, 0.02695967104308248], [-0.00012849182933881523, -0.999999849207352, 0.0005339242670451272, 0.03410285883316484], [0.0, 0.0, 0.0, 1.0]]}, "Hobj2base": {"type": "ndarray", "data": [[0.9999998841358196, -0.00038885117829951513, 0.0002837659396820179, -0.7357358381205971], [-0.0003889030449125604, -0.9999999076789232, 0.00018274727520251435, 0.09002556901296492], [0.00028369485199114725, -0.00018285761146663587, -0.9999999430401607, -0.0006960417620606808], [0.0, 0.0, 0.0, 1.0]]}, "mean_rme": {"type": "float", "data": 0.001598667300191949}, "max_rme": {"type": "float", "data": 0.005433260131957246}, "simu": {"type": "float", "data": 0.002}}, {"type": "dict", "image_number": {"type": "int", "data": 29}, "Hcamera2end": {"type": "ndarray", "data": [[0.9999998948161327, -0.0004431571815645898, 0.00011823466503751618, -0.01498637743743458], [-0.00011799477411140086, 0.0005413094988421241, 0.9999998465306181, 0.026862918877004198], [-0.00044322111510080827, -0.9999997552978395, 0.0005412571516735243, 0.034053749353314], [0.0, 0.0, 0.0, 1.0]]}, "Hobj2base": {"type": "ndarray", "data": [[0.9999997095209149, -0.0007027316846131974, 0.00029517158638561823, -0.7357431550880681], [-0.000702792539390076, -0.9999997317997229, 0.0002061143618964646, 0.09016254198368445], [0.0002950266641277583, -0.00020632174641330506, -0.9999999351953006, -0.0006342117493290006], [0.0, 0.0, 0.0, 1.0]]}, "mean_rme": {"type": "float", "data": 0.001588836277508819}, "max_rme": {"type": "float", "data": 0.005424713092198469}, "simu": {"type": "float", "data": 0.002}}, {"type": "dict", "image_number": {"type": "int", "data": 30}, "Hcamera2end": {"type": "ndarray", "data": [[0.9999998047539703, -0.0006013348516340503, 0.00016996593039493967, -0.014911146467986141], [-0.00016964862878222315, 0.0005276737687572863, 0.9999998463898563, 0.02688612984966322], [-0.0006014244458259692, -0.9999996799783437, 0.0005275716500980909, 0.03399153256666476], [0.0, 0.0, 0.0, 1.0]]}, "Hobj2base": {"type": "ndarray", "data": [[0.9999995934624215, -0.0008618465950794437, 0.0002651328692699361, -0.7358055912129166], [-0.0008619047192393917, -0.9999996045378245, 0.00021919044281559105, 0.09026062218611494], [0.00026494385588310014, -0.0002194188729776884, -0.9999999408300544, -0.00069941314542409], [0.0, 0.0, 0.0, 1.0]]}, "mean_rme": {"type": "float", "data": 0.0016098935815607094}, "max_rme": {"type": "float", "data": 0.005370178831180544}, "simu": {"type": "float", "data": 0.002}}]}