{"type": "list", "data": [{"type": "dict", "image_number": {"type": "int", "data": 5}, "Hcamera2end": {"type": "ndarray", "data": [[0.9999784332402737, -0.00042369377632050197, -0.006553894865750764, -0.012784208106995881], [0.006554366357767504, 0.0011211708580085578, 0.9999778913843823, 0.03245205849915415], [-0.0004163363731077294, -0.9999992817294877, 0.0011239237222195886, 0.028702202900584478], [0.0, 0.0, 0.0, 1.0]]}, "Hobj2base": {"type": "ndarray", "data": [[0.9999997698617935, -0.00048692205496222437, 0.00047242276883152623, -0.730184142576017], [-0.0004869421489776628, -0.9999998805439416, 4.241988015236631e-05, 0.08882160193997057], [0.0004724020572225493, -4.264991294821197e-05, -0.9999998875086344, 0.0005031684824980065], [0.0, 0.0, 0.0, 1.0]]}, "mean_rme": {"type": "float", "data": 0.001153643210792462}, "max_rme": {"type": "float", "data": 0.0031220792825280563}, "simu": {"type": "float", "data": 0.002}}, {"type": "dict", "image_number": {"type": "int", "data": 6}, "Hcamera2end": {"type": "ndarray", "data": [[0.9999905325423346, -0.0011765321043891433, -0.0041893433740162155, -0.012496955163752156], [0.0041947227100630775, 0.004607566469420843, 0.9999805871278781, 0.03255985293548551], [-0.001157206586462845, -0.9999886929877945, 0.004612458073417813, 0.0290540094495906], [0.0, 0.0, 0.0, 1.0]]}, "Hobj2base": {"type": "ndarray", "data": [[0.9999930452738637, -0.0026666589577652505, -0.002607361483842262, -0.7323522399678207], [-0.00266234949542034, -0.9999950866180689, 0.0016548821363398844, 0.09037905895741725], [-0.0026117616791523756, -0.0016479289195569524, -0.9999952315042346, 0.0012719199970468813], [0.0, 0.0, 0.0, 1.0]]}, "mean_rme": {"type": "float", "data": 0.0013555542994621117}, "max_rme": {"type": "float", "data": 0.003956080892960734}, "simu": {"type": "float", "data": 0.002}}, {"type": "dict", "image_number": {"type": "int", "data": 7}, "Hcamera2end": {"type": "ndarray", "data": [[0.9999930535846613, -0.0016006653168595206, -0.003366103529038876, -0.011920398215658212], [0.0033748249031359968, 0.005477470449523847, 0.9999793037230059, 0.03274474392889405], [-0.0015821944564363998, -0.9999837174614484, 0.005482834365912015, 0.0277086983184412], [0.0, 0.0, 0.0, 1.0]]}, "Hobj2base": {"type": "ndarray", "data": [[0.9999888501374472, -0.003437432435045416, -0.0032378479026533686, -0.7313965081120963], [-0.00342948051054107, -0.9999910977028637, 0.0024582877068503174, 0.09154642433965732], [-0.0032462692762674577, -0.0024471561610020245, -0.9999917365471125, 0.0010042538625044672], [0.0, 0.0, 0.0, 1.0]]}, "mean_rme": {"type": "float", "data": 0.0012566346217750398}, "max_rme": {"type": "float", "data": 0.004137451595481623}, "simu": {"type": "float", "data": 0.002}}, {"type": "dict", "image_number": {"type": "int", "data": 8}, "Hcamera2end": {"type": "ndarray", "data": [[0.9999936074830892, -0.0005264959561958656, -0.0035366361087140366, -0.012837171448075028], [0.003537990735466033, 0.0025946053657132095, 0.9999903752759584, 0.03356452151916853], [-0.0005173147137933335, -0.999996495406361, 0.0025964515174699, 0.030013550981740147], [0.0, 0.0, 0.0, 1.0]]}, "Hobj2base": {"type": "ndarray", "data": [[0.9999980461455414, -0.0014209161186730832, -0.001374300725177157, -0.7324877016748158], [-0.001419506280153696, -0.9999984658634116, 0.0010262907694189986, 0.09056503072774086], [-0.001375756889908844, -0.0010243379356859941, -0.9999985290113045, 0.00047713639575028277], [0.0, 0.0, 0.0, 1.0]]}, "mean_rme": {"type": "float", "data": 0.0014030367269474565}, "max_rme": {"type": "float", "data": 0.0036082341629608827}, "simu": {"type": "float", "data": 0.002}}, {"type": "dict", "image_number": {"type": "int", "data": 9}, "Hcamera2end": {"type": "ndarray", "data": [[0.9999929032421465, 0.00033438312316820627, -0.0037525529003548455, -0.013606681886909562], [0.0037522033446771505, 0.0010399410776592566, 0.9999924197175775, 0.03404267721893148], [0.00033828302235686374, -0.9999994033550631, 0.0010386790239760302, 0.031217751550746867], [0.0, 0.0, 0.0, 1.0]]}, "Hobj2base": {"type": "ndarray", "data": [[0.9999999039784823, -6.188249206572398e-05, -0.0004338358944983648, -0.7331524776952216], [-6.171862318140357e-05, -0.9999999267576505, 0.00037772411249339125, 0.08953877361767175], [-0.00043385923723259894, -0.00037769730046965363, -0.9999998345554422, 0.0003312165315694597], [0.0, 0.0, 0.0, 1.0]]}, "mean_rme": {"type": "float", "data": 0.001457828356236617}, "max_rme": {"type": "float", "data": 0.003895772548810461}, "simu": {"type": "float", "data": 0.002}}, {"type": "dict", "image_number": {"type": "int", "data": 10}, "Hcamera2end": {"type": "ndarray", "data": [[0.9999947060829247, 0.0007900948244769224, -0.003156510144655296, -0.013141215686181625], [0.003155711644352961, 0.0010098531437164882, 0.9999945108252576, 0.0363842492874187], [0.0007932780992011212, -0.9999991779730605, 0.0010073544861999295, 0.03138836148245354], [0.0, 0.0, 0.0, 1.0]]}, "Hobj2base": {"type": "ndarray", "data": [[0.9999997960296386, 0.00040394631827158007, -0.0004947403895670832, -0.7329941840606129], [0.0004042113116319385, -0.9999997748524321, 0.0005356382182464521, 0.08854561214272486], [-0.0004945239090913014, -0.0005358380886539154, -0.9999997341617877, -0.002062043789149104], [0.0, 0.0, 0.0, 1.0]]}, "mean_rme": {"type": "float", "data": 0.0016981372073512624}, "max_rme": {"type": "float", "data": 0.004900372602337555}, "simu": {"type": "float", "data": 0.002}}, {"type": "dict", "image_number": {"type": "int", "data": 11}, "Hcamera2end": {"type": "ndarray", "data": [[0.9999956902683093, 0.0006514530781484749, -0.002862700420011296, -0.013157483531821215], [0.0028620748970543098, 0.0009591115080934687, 0.999995444305822, 0.03596061765853282], [0.0006541957592445362, -0.999999327856775, 0.0009572428670786559, 0.03135652184019157], [0.0, 0.0, 0.0, 1.0]]}, "Hobj2base": {"type": "ndarray", "data": [[0.9999998523902944, 0.00033095662908817097, -0.00043091425945390645, -0.7329905474167863], [0.00033116226085531475, -0.9999998312987206, 0.0004772149277384161, 0.08883020611095901], [-0.0004307562493142847, -0.00047735755983725666, -0.9999997932893856, -0.001852582284461663], [0.0, 0.0, 0.0, 1.0]]}, "mean_rme": {"type": "float", "data": 0.001571366724307908}, "max_rme": {"type": "float", "data": 0.005201350613366351}, "simu": {"type": "float", "data": 0.002}}, {"type": "dict", "image_number": {"type": "int", "data": 12}, "Hcamera2end": {"type": "ndarray", "data": [[0.9999966385923406, 0.0005250956599279048, -0.002539109798296504, -0.01315826866838165], [0.002538630912600465, 0.0009106614447201844, 0.9999963630177974, 0.03612429508510514], [0.0005274060195615546, -0.9999994474849877, 0.0009093253595414685, 0.03139309869968205], [0.0, 0.0, 0.0, 1.0]]}, "Hobj2base": {"type": "ndarray", "data": [[0.9999999023460595, 0.00019778808796722168, -0.0003952059510965162, -0.7329344240173961], [0.0001979862348436257, -0.9999998546997133, 0.0005014000431524685, 0.08900188558161513], [-0.0003951067227171364, -0.000501478239527024, -0.9999997962051059, -0.0018491252200661483], [0.0, 0.0, 0.0, 1.0]]}, "mean_rme": {"type": "float", "data": 0.00153939285824295}, "max_rme": {"type": "float", "data": 0.0050617086793259825}, "simu": {"type": "float", "data": 0.002}}, {"type": "dict", "image_number": {"type": "int", "data": 13}, "Hcamera2end": {"type": "ndarray", "data": [[0.9999971349252056, 0.0004715706297861947, -0.0023468622714557085, -0.013421611561468464], [0.00234639081138244, 0.0009978439201876466, 0.9999967493735524, 0.03613848624602098], [0.00047391089913532383, -0.9999993909641407, 0.0009967345722975418, 0.031187505182392557], [0.0, 0.0, 0.0, 1.0]]}, "Hobj2base": {"type": "ndarray", "data": [[0.9999998699952475, 7.697306086299644e-05, -0.0005040680866956498, -0.7327403919049849], [7.727624130300915e-05, -0.9999998161278549, 0.0006014753858420693, 0.08888194783686933], [-0.0005040216966100871, -0.0006015142601345113, -0.999999692071315, -0.0019657259946837835], [0.0, 0.0, 0.0, 1.0]]}, "mean_rme": {"type": "float", "data": 0.001494059185405246}, "max_rme": {"type": "float", "data": 0.005047279284140532}, "simu": {"type": "float", "data": 0.002}}, {"type": "dict", "image_number": {"type": "int", "data": 14}, "Hcamera2end": {"type": "ndarray", "data": [[0.99999679226754, 0.0011540879207535628, -0.0022546697544243667, -0.013258203944109601], [0.0022537495025650063, 0.0007980649315504351, 0.9999971418486876, 0.036088949267412254], [0.001155883995058891, -0.9999990155862334, 0.0007954613464943305, 0.031225651272757303], [0.0, 0.0, 0.0, 1.0]]}, "Hobj2base": {"type": "ndarray", "data": [[0.999999335427782, 0.0007372296333255863, -0.00088636136093342, -0.7327734693826832], [0.0007378679729655956, -0.999999468525804, 0.0007200687215293607, 0.0888838727028682], [-0.0008858300338556862, -0.0007207222606524003, -0.9999993479320743, -0.002017549338638545], [0.0, 0.0, 0.0, 1.0]]}, "mean_rme": {"type": "float", "data": 0.0014350950736270994}, "max_rme": {"type": "float", "data": 0.004997608394597897}, "simu": {"type": "float", "data": 0.002}}, {"type": "dict", "image_number": {"type": "int", "data": 15}, "Hcamera2end": {"type": "ndarray", "data": [[0.9999975420444472, 0.0011020756770346249, -0.0019238852008611588, -0.01390806702619729], [0.0019225667680992959, 0.0011961306244101522, 0.9999974365009898, 0.03601897832437848], [0.0011043740698713168, -0.9999986773494909, 0.0011940088703016327, 0.03138429875409339], [0.0, 0.0, 0.0, 1.0]]}, "Hobj2base": {"type": "ndarray", "data": [[0.999999076521193, 0.0005394212688867073, -0.0012473898571774835, -0.7330156514903361], [0.0005405718910063316, -0.999999428599214, 0.0009222707175764022, 0.0884205012852484], [-0.0012468916519772064, -0.0009229441697728568, -0.9999987967169099, -0.001720385522079367], [0.0, 0.0, 0.0, 1.0]]}, "mean_rme": {"type": "float", "data": 0.001452705170896275}, "max_rme": {"type": "float", "data": 0.004975189536446711}, "simu": {"type": "float", "data": 0.002}}, {"type": "dict", "image_number": {"type": "int", "data": 16}, "Hcamera2end": {"type": "ndarray", "data": [[0.999997233543519, 0.0010697238067642308, -0.0020948976791247804, -0.01385483823702736], [0.0020934712857193566, 0.0013328053974255294, 0.9999969204991328, 0.03597471330477192], [0.0010725126034826326, -0.999998539659309, 0.001330562274204361, 0.031361453721346], [0.0, 0.0, 0.0, 1.0]]}, "Hobj2base": {"type": "ndarray", "data": [[0.9999988446641964, 0.00047234576273088306, -0.001444839005864883, -0.7330843491431095], [0.0004736000877148898, -0.9999995112063771, 0.0008679227868123457, 0.08843001118955873], [-0.0014444283399860625, -0.0008686060599499869, -0.9999985795741329, -0.0016893222172983946], [0.0, 0.0, 0.0, 1.0]]}, "mean_rme": {"type": "float", "data": 0.0013833280140790878}, "max_rme": {"type": "float", "data": 0.005076886992224056}, "simu": {"type": "float", "data": 0.002}}, {"type": "dict", "image_number": {"type": "int", "data": 17}, "Hcamera2end": {"type": "ndarray", "data": [[0.9999969157321982, 0.0009963546803811955, -0.0022750392176331645, -0.0141268677819561], [0.0022736976138860825, 0.00134558128286133, 0.9999965098489956, 0.03636275881203254], [0.0009994124531419297, -0.9999985983431989, 0.0013433117234689096, 0.03268468316826479], [0.0, 0.0, 0.0, 1.0]]}, "Hobj2base": {"type": "ndarray", "data": [[0.999998800674282, 0.0004080588389122462, -0.0014940341300095728, -0.7344465089258181], [0.0004091156751848229, -0.9999996662931392, 0.000707133632652118, 0.08828138040038645], [-0.0014937450793110374, -0.0007077440173504142, -0.9999986339110889, -0.0022529301933418354], [0.0, 0.0, 0.0, 1.0]]}, "mean_rme": {"type": "float", "data": 0.0015003592261773379}, "max_rme": {"type": "float", "data": 0.0050573387167563155}, "simu": {"type": "float", "data": 0.002}}, {"type": "dict", "image_number": {"type": "int", "data": 18}, "Hcamera2end": {"type": "ndarray", "data": [[0.9999970831769841, 0.001150058333494622, -0.0021239122753793586, -0.013959808686284277], [0.002122014923773403, 0.0016485018355920644, 0.9999963897406635, 0.03637456537376421], [0.001153555454770385, -0.9999979799017232, 0.0016460565862571608, 0.032717523454245855], [0.0, 0.0, 0.0, 1.0]]}, "Hobj2base": {"type": "ndarray", "data": [[0.9999982665321075, 0.00045283861110657247, -0.0018060647752374205, -0.7347601130924428], [0.00045401316713505793, -0.9999996856970443, 0.0006499829661962102, 0.08839611703592422], [-0.0018057698702022686, -0.0006508018166602643, -0.9999981578243886, -0.002121364070812636], [0.0, 0.0, 0.0, 1.0]]}, "mean_rme": {"type": "float", "data": 0.0015349612421806133}, "max_rme": {"type": "float", "data": 0.005008195208646871}, "simu": {"type": "float", "data": 0.002}}, {"type": "dict", "image_number": {"type": "int", "data": 19}, "Hcamera2end": {"type": "ndarray", "data": [[0.9999971603281512, 0.0011759964673398056, -0.0020727681835189327, -0.013690853815439573], [0.002070470150630059, 0.0019519792086494236, 0.999995951457067, 0.03661587659432675], [0.0011800377066661979, -0.999997403401368, 0.0019495388000861924, 0.032422813417118515], [0.0, 0.0, 0.0, 1.0]]}, "Hobj2base": {"type": "ndarray", "data": [[0.9999977924450028, 0.0003818190219864977, -0.00206623313195693, -0.734711580806783], [0.00038308690350693906, -0.9999997385789996, 0.0006132587997674402, 0.08871133858122515], [-0.002065998437925047, -0.000614048992817357, -0.9999976772944463, -0.0022643301126795863], [0.0, 0.0, 0.0, 1.0]]}, "mean_rme": {"type": "float", "data": 0.0015710723374577566}, "max_rme": {"type": "float", "data": 0.00498780815700689}, "simu": {"type": "float", "data": 0.002}}, {"type": "dict", "image_number": {"type": "int", "data": 20}, "Hcamera2end": {"type": "ndarray", "data": [[0.9999970853378004, 0.001444574768410351, -0.0019345592889555231, -0.013866532256697314], [0.001932007853869884, 0.001765530351816591, 0.9999965751182496, 0.036668518581324284], [0.0014479853440546293, -0.9999973980497723, 0.001762734276093969, 0.03243039817081048], [0.0, 0.0, 0.0, 1.0]]}, "Hobj2base": {"type": "ndarray", "data": [[0.9999978214238708, 0.0006967101075658207, -0.0019676743984307398, -0.7347331425260268], [0.000697831455129042, -0.9999995944895392, 0.0005692556697393788, 0.08849837244453163], [-0.001967276994339291, -0.0005706275346612423, -0.9999979021005216, -0.002266843975769953], [0.0, 0.0, 0.0, 1.0]]}, "mean_rme": {"type": "float", "data": 0.0015394865112258404}, "max_rme": {"type": "float", "data": 0.00487585296587012}, "simu": {"type": "float", "data": 0.002}}, {"type": "dict", "image_number": {"type": "int", "data": 21}, "Hcamera2end": {"type": "ndarray", "data": [[0.9999982451117199, 0.0004883163043664959, -0.0018086792605718004, -0.013711636607595074], [0.001807852637672531, 0.0016879696610114792, 0.9999969412089538, 0.035599040664690544], [0.0004913678064273021, -0.9999984561516133, 0.00168708389489447, 0.032426195291630745], [0.0, 0.0, 0.0, 1.0]]}, "Hobj2base": {"type": "ndarray", "data": [[0.9999989292465106, -8.549457017437773e-05, -0.0014608889453962982, -0.7346180535821062], [-8.460363985108767e-05, -0.9999998104285248, 0.0006099058442523355, 0.08934091979370398], [-0.0014609408120914266, -0.0006097815946713257, -0.9999987469083902, -0.0015503017800261203], [0.0, 0.0, 0.0, 1.0]]}, "mean_rme": {"type": "float", "data": 0.0015282545149576069}, "max_rme": {"type": "float", "data": 0.005808820677180526}, "simu": {"type": "float", "data": 0.002}}, {"type": "dict", "image_number": {"type": "int", "data": 22}, "Hcamera2end": {"type": "ndarray", "data": [[0.9999986484224722, 0.0002591405689120793, -0.0016235761128638353, -0.013820779976507956], [0.0016231495702875938, 0.0016377987753741774, 0.999997341496788, 0.03515322568113869], [0.0002617989709554194, -0.9999986252297233, 0.0016373759378590647, 0.0323742973201872], [0.0, 0.0, 0.0, 1.0]]}, "Hobj2base": {"type": "ndarray", "data": [[0.9999989325589834, -0.00026103163415906174, -0.0014376172576849615, -0.7347155013712642], [-0.00026033946365666965, -0.9999998501247003, 0.0004816367315555923, 0.08957876483392925], [-0.0014377427646447526, -0.00048126194893098064, -0.9999988506406794, -0.0011724550014433595], [0.0, 0.0, 0.0, 1.0]]}, "mean_rme": {"type": "float", "data": 0.0015347290594208798}, "max_rme": {"type": "float", "data": 0.006200150239581426}, "simu": {"type": "float", "data": 0.002}}, {"type": "dict", "image_number": {"type": "int", "data": 23}, "Hcamera2end": {"type": "ndarray", "data": [[0.9999983789890321, 0.000639136791595471, -0.0016833073010763186, -0.01430074068263961], [0.001682357627167308, 0.001483511143910765, 0.9999974844305859, 0.0351847532888878], [0.0006416323889422796, -0.9999986953485724, 0.001482433482466794, 0.03260490713241307], [0.0, 0.0, 0.0, 1.0]]}, "Hobj2base": {"type": "ndarray", "data": [[0.9999989945883686, 7.381113242353113e-05, -0.001416112343228597, -0.7350713102038047], [7.430675409791016e-05, -0.9999999360109078, 0.00034993811824401023, 0.08903333766230483], [-0.0014160864232840677, -0.00035004299312381914, -0.9999989360840065, -0.0011626477908714863], [0.0, 0.0, 0.0, 1.0]]}, "mean_rme": {"type": "float", "data": 0.0015761035252919704}, "max_rme": {"type": "float", "data": 0.006147674513363399}, "simu": {"type": "float", "data": 0.002}}, {"type": "dict", "image_number": {"type": "int", "data": 24}, "Hcamera2end": {"type": "ndarray", "data": [[0.9999983367017926, 0.0006373311817233466, -0.0017089185507376298, -0.01440590254487479], [0.0017079256548916274, 0.0015552001157842499, 0.99999733216772, 0.0352340929442169], [0.0006399871917586201, -0.999998587579785, 0.0015541090147467296, 0.03256194425162738], [0.0, 0.0, 0.0, 1.0]]}, "Hobj2base": {"type": "ndarray", "data": [[0.999999000396835, 7.567464862865515e-05, -0.0014119060444734766, -0.7349622363801148], [7.605120607397708e-05, -0.9999999615570732, 0.0002666497072693136, 0.08892376701212605], [-0.001411885811572771, -0.0002667568178829676, -0.9999989677090948, -0.0012012095707618724], [0.0, 0.0, 0.0, 1.0]]}, "mean_rme": {"type": "float", "data": 0.0015522490957796907}, "max_rme": {"type": "float", "data": 0.006127975135446745}, "simu": {"type": "float", "data": 0.002}}, {"type": "dict", "image_number": {"type": "int", "data": 25}, "Hcamera2end": {"type": "ndarray", "data": [[0.9999980901861046, 0.0008675997286839055, -0.001751255222451187, -0.01442253106379763], [0.0017498743086485952, 0.0015898589851116585, 0.99999720514025, 0.03513507139282122], [0.0008703815527149822, -0.9999983598082139, 0.0015883377583014724, 0.03248363790829883], [0.0, 0.0, 0.0, 1.0]]}, "Hobj2base": {"type": "ndarray", "data": [[0.9999988294082767, 0.00029552519911491606, -0.001501281763396198, -0.7350388449704076], [0.0002957677050975166, -0.9999999432497602, 0.00016131317678235777, 0.08876507931677928], [-0.0015012340060894095, -0.00016175701861235263, -0.9999988600649132, -0.0011408482103373396], [0.0, 0.0, 0.0, 1.0]]}, "mean_rme": {"type": "float", "data": 0.0015646392535559055}, "max_rme": {"type": "float", "data": 0.006114047539374112}, "simu": {"type": "float", "data": 0.002}}, {"type": "dict", "image_number": {"type": "int", "data": 26}, "Hcamera2end": {"type": "ndarray", "data": [[0.9999978845965538, 0.000860322776959505, -0.0018683273634011847, -0.01450238734267513], [0.001866926885039245, 0.0016257881063800328, 0.9999969356938246, 0.03518607955770207], [0.0008633576450733486, -0.9999983083274454, 0.0016241785074601056, 0.03225751673944439], [0.0, 0.0, 0.0, 1.0]]}, "Hobj2base": {"type": "ndarray", "data": [[0.999998874566993, 0.0002926451374780118, -0.0014714698674757952, -0.7347853299097753], [0.00029267750646540643, -0.9999999569327005, 2.1782438507740115e-05, 0.08863954274818578], [-0.0014714634295788496, -2.2213080124716644e-05, -0.9999989171503911, -0.0012393719309546785], [0.0, 0.0, 0.0, 1.0]]}, "mean_rme": {"type": "float", "data": 0.0015580217503408606}, "max_rme": {"type": "float", "data": 0.006104833749913302}, "simu": {"type": "float", "data": 0.002}}, {"type": "dict", "image_number": {"type": "int", "data": 27}, "Hcamera2end": {"type": "ndarray", "data": [[0.9999979773644777, 0.0008569324978279543, -0.0018195971113703635, -0.014675082917667694], [0.0018182256760531851, 0.001598469594940033, 0.9999970694708784, 0.03533299196486714], [0.0008598385572198805, -0.9999983552794716, 0.0015969082651484667, 0.032479364168356124], [0.0, 0.0, 0.0, 1.0]]}, "Hobj2base": {"type": "ndarray", "data": [[0.9999989173886443, 0.00030735917159363757, -0.0014390107292488932, -0.7350177336904333], [0.0003074187092131289, -0.9999999519000833, 4.115298604285105e-05, 0.08854422474758888], [-0.0014389980112848983, -4.159532031109058e-05, -0.9999989637767397, -0.0014941555013479211], [0.0, 0.0, 0.0, 1.0]]}, "mean_rme": {"type": "float", "data": 0.0015876498912971181}, "max_rme": {"type": "float", "data": 0.006048796979747251}, "simu": {"type": "float", "data": 0.002}}, {"type": "dict", "image_number": {"type": "int", "data": 28}, "Hcamera2end": {"type": "ndarray", "data": [[0.9999983567953932, 0.0007975820270013341, -0.0016279648103715088, -0.01453518738416453], [0.0016267891840075037, 0.0014724261124419158, 0.9999975927562499, 0.03550348799736855], [0.0007999771649239119, -0.9999985979111441, 0.0014711261951296795, 0.03271645627930913], [0.0, 0.0, 0.0, 1.0]]}, "Hobj2base": {"type": "ndarray", "data": [[0.9999991824828928, 0.0003346674949390312, -0.0012341115078683684, -0.7350597410308094], [0.0003348884290199546, -0.999999927936484, 0.00017882048730036762, 0.08877539574957335], [-0.0012340515735294257, -0.0001792336307756656, -0.9999992224957073, -0.0017431540212734917], [0.0, 0.0, 0.0, 1.0]]}, "mean_rme": {"type": "float", "data": 0.0016027158205639352}, "max_rme": {"type": "float", "data": 0.005925718368667676}, "simu": {"type": "float", "data": 0.002}}, {"type": "dict", "image_number": {"type": "int", "data": 29}, "Hcamera2end": {"type": "ndarray", "data": [[0.9999983283593817, 0.0008701979134551956, -0.0016081150560512945, -0.014547824793794064], [0.0016067659943911593, 0.0015487776219574867, 0.9999975097923579, 0.035555942831723114], [0.0008726863590940466, -0.9999984220204896, 0.001547376828542113, 0.03262265102176989], [0.0, 0.0, 0.0, 1.0]]}, "Hobj2base": {"type": "ndarray", "data": [[0.9999990600309266, 0.000346767403423903, -0.0013265329363136512, -0.735046696586707], [0.0003469331432774885, -0.999999932041896, 0.00012471406347086333, 0.08875944753034117], [-0.0013264895993930275, -0.00012517416448475706, -0.9999991123779917, -0.0018001601973716677], [0.0, 0.0, 0.0, 1.0]]}, "mean_rme": {"type": "float", "data": 0.0015649859456627997}, "max_rme": {"type": "float", "data": 0.005909190806892228}, "simu": {"type": "float", "data": 0.002}}, {"type": "dict", "image_number": {"type": "int", "data": 30}, "Hcamera2end": {"type": "ndarray", "data": [[0.9999985729261359, 0.0007717679265098056, -0.0015028373029897743, -0.01454965385617101], [0.0015016104435340671, 0.0015878006642815468, 0.999997612024712, 0.035534569830350374], [0.0007741522896150635, -0.9999984416304448, 0.0015866395035942782, 0.03269127178060983], [0.0, 0.0, 0.0, 1.0]]}, "Hobj2base": {"type": "ndarray", "data": [[0.9999990627309399, 0.00023650602059898846, -0.0013485555769049173, -0.7351027672682481], [0.0002367295730604326, -0.9999999582654604, 0.00016561457045920534, 0.0887992540740631], [-0.001348516351780559, -0.00016593365821976152, -0.9999990769844087, -0.0017040849598626228], [0.0, 0.0, 0.0, 1.0]]}, "mean_rme": {"type": "float", "data": 0.0015560594866651117}, "max_rme": {"type": "float", "data": 0.005882611135245935}, "simu": {"type": "float", "data": 0.002}}]}