{"type": "list", "data": [{"type": "dict", "image_number": {"type": "int", "data": 5}, "Hcamera2end": {"type": "ndarray", "data": [[0.9999686241097868, -0.0077574963845847, 0.001603759901952463, -0.010763990379625011], [-0.0016137725422519992, -0.001284617853640535, 0.9999978727453133, 0.018397589802071415], [-0.007755419663811159, -0.9999690850255386, -0.0012970963822738213, 0.037173176147760154], [0.0, 0.0, 0.0, 1.0]]}, "Hobj2base": {"type": "ndarray", "data": [[0.999969299001298, -0.007659250730642879, 0.0016543678846435775, -0.7360737242656896], [-0.007661105768952136, -0.9999700284457249, 0.0011178857962223466, 0.0963792548236223], [0.0016457561330652402, -0.00113052576335698, -0.9999980066971379, 0.006023426801098042], [0.0, 0.0, 0.0, 1.0]]}, "mean_rme": {"type": "float", "data": 0.00226305793994746}, "max_rme": {"type": "float", "data": 0.005560153892733455}, "simu": {"type": "float", "data": 0.002}}, {"type": "dict", "image_number": {"type": "int", "data": 6}, "Hcamera2end": {"type": "ndarray", "data": [[0.9999729156319793, -0.007289874935282116, 0.0010127812726781096, -0.011494578394167322], [-0.0010436666330008622, -0.00423419111209089, 0.9999904911475835, 0.01868711498660027], [-0.007285517307473956, -0.999964464043125, -0.004241684630929221, 0.03706430186343626], [0.0, 0.0, 0.0, 1.0]]}, "Hobj2base": {"type": "ndarray", "data": [[0.9999614776712271, -0.007421928439070751, 0.004685952605537742, -0.7341070368959978], [-0.0074257018791040385, -0.9999721183140358, 0.0007883819776051074, 0.09544666313984039], [0.004679970638658312, -0.0008231480943637016, -0.9999887100872868, 0.00508904464052673], [0.0, 0.0, 0.0, 1.0]]}, "mean_rme": {"type": "float", "data": 0.00195899937467215}, "max_rme": {"type": "float", "data": 0.0055855481985924715}, "simu": {"type": "float", "data": 0.002}}, {"type": "dict", "image_number": {"type": "int", "data": 7}, "Hcamera2end": {"type": "ndarray", "data": [[0.9999745713341015, -0.006972209013631136, 0.001498327951497039, -0.011504382462765004], [-0.0015257232016092051, -0.003925548058294481, 0.9999911310812482, 0.01903263950313472], [-0.0069662654192951855, -0.9999679886745936, -0.003936085897903174, 0.036310571112459195], [0.0, 0.0, 0.0, 1.0]]}, "Hobj2base": {"type": "ndarray", "data": [[0.9999653327610334, -0.007076956048390283, 0.004387478684272115, -0.733632401677499], [-0.007081744132036302, -0.9999743444441191, 0.0010767328370606215, 0.09601902478007159], [0.004379746130103819, -0.0011077665111328342, -0.9999897952865282, 0.00509868312130365], [0.0, 0.0, 0.0, 1.0]]}, "mean_rme": {"type": "float", "data": 0.0018035898737155207}, "max_rme": {"type": "float", "data": 0.005815577762847135}, "simu": {"type": "float", "data": 0.002}}, {"type": "dict", "image_number": {"type": "int", "data": 8}, "Hcamera2end": {"type": "ndarray", "data": [[0.9999745207953532, -0.007017261952244579, 0.0013098835052200064, -0.012438986218969923], [-0.00132904751342923, -0.0027270141390292046, 0.9999953985027094, 0.018791942573934652], [-0.007013657591493501, -0.9999716603127206, -0.0027362709314264766, 0.03622149066852741], [0.0, 0.0, 0.0, 1.0]]}, "Hobj2base": {"type": "ndarray", "data": [[0.9999702068355042, -0.007052609690981972, 0.003137855622173109, -0.7347339702520055], [-0.007057182559137007, -0.9999740484644635, 0.0014486448557655086, 0.09538705083532195], [0.0031275574632528584, -0.0014707461160209149, -0.9999940276272536, 0.005225235220473495], [0.0, 0.0, 0.0, 1.0]]}, "mean_rme": {"type": "float", "data": 0.0018937580980933112}, "max_rme": {"type": "float", "data": 0.005398445887040748}, "simu": {"type": "float", "data": 0.002}}, {"type": "dict", "image_number": {"type": "int", "data": 9}, "Hcamera2end": {"type": "ndarray", "data": [[0.9999728243084189, -0.007357793325743659, 0.000462084429023968, -0.01206087048839062], [-0.0004765916762006165, -0.001970053249192194, 0.9999979458731749, 0.018307379577261283], [-0.007356867880972216, -0.9999709904630087, -0.001973506374687073, 0.035700298854088375], [0.0, 0.0, 0.0, 1.0]]}, "Hobj2base": {"type": "ndarray", "data": [[0.9999710406088514, -0.007312118045557941, 0.0021097093019375704, -0.7346692858640638], [-0.007313891799260122, -0.9999729051224542, 0.0008342707643070105, 0.09525356034290636], [0.0021035518533118066, -0.0008496767898958871, -0.9999974265561653, 0.005341701889635552], [0.0, 0.0, 0.0, 1.0]]}, "mean_rme": {"type": "float", "data": 0.0019144136296266711}, "max_rme": {"type": "float", "data": 0.004952321924379999}, "simu": {"type": "float", "data": 0.002}}, {"type": "dict", "image_number": {"type": "int", "data": 10}, "Hcamera2end": {"type": "ndarray", "data": [[0.9999909164093863, -0.00419471653667899, -0.00075594437142759, -0.0131214114042029], [0.0007497736808381747, -0.0014724402034840267, 0.9999986348787052, 0.017902431689722158], [-0.004195823893266209, -0.9999901180876857, -0.001469281740382078, 0.035486746557681095], [0.0, 0.0, 0.0, 1.0]]}, "Hobj2base": {"type": "ndarray", "data": [[0.9999892249435041, -0.004002649302358718, 0.002351339076443236, -0.7350682824347732], [-0.004002953294437662, -0.9999919803886317, 0.00012459271647738898, 0.09292023491750076], [0.002350821518667961, -0.00013400367448621842, -0.9999972278367588, 0.0049228431876091275], [0.0, 0.0, 0.0, 1.0]]}, "mean_rme": {"type": "float", "data": 0.001970602539145383}, "max_rme": {"type": "float", "data": 0.006153466920681194}, "simu": {"type": "float", "data": 0.002}}, {"type": "dict", "image_number": {"type": "int", "data": 11}, "Hcamera2end": {"type": "ndarray", "data": [[0.9999916542826399, -0.004057505826656607, -0.00047750553496156054, -0.013307322816185341], [0.0004722739776427255, -0.0012902133269661054, 0.999999056152985, 0.017854727309530107], [-0.004058118080996751, -0.9999909359569403, -0.0012882863047942728, 0.035312371202404796], [0.0, 0.0, 0.0, 1.0]]}, "Hobj2base": {"type": "ndarray", "data": [[0.9999901231358519, -0.003908945785349283, 0.002115129686568357, -0.7349895762470452], [-0.003909462487509048, -0.9999923291718593, 0.0002402092809916024, 0.09290652129260035], [0.002114174496715502, -0.0002484759286430227, -0.9999977342603883, 0.004872630742273035], [0.0, 0.0, 0.0, 1.0]]}, "mean_rme": {"type": "float", "data": 0.0018526882251559407}, "max_rme": {"type": "float", "data": 0.006001491384111213}, "simu": {"type": "float", "data": 0.002}}, {"type": "dict", "image_number": {"type": "int", "data": 12}, "Hcamera2end": {"type": "ndarray", "data": [[0.9999919112820018, -0.004010553919422266, -0.0003046765965869513, -0.013250297381136193], [0.0003011291274647276, -0.0008851075896454397, 0.9999995629528059, 0.017968604491371644], [-0.004010821838188957, -0.9999915659853406, -0.0008838927356573656, 0.03484806978209077], [0.0, 0.0, 0.0, 1.0]]}, "Hobj2base": {"type": "ndarray", "data": [[0.9999910709016815, -0.0038745207943691466, 0.001687070099947381, -0.7348282220954672], [-0.0038750224595444434, -0.9999924487975829, 0.0002941916933825101, 0.0930979869799078], [0.0016859175087060227, -0.0003007265010440774, -0.9999985336217878, 0.004910218838718876], [0.0, 0.0, 0.0, 1.0]]}, "mean_rme": {"type": "float", "data": 0.0017141035635116124}, "max_rme": {"type": "float", "data": 0.006126239513840059}, "simu": {"type": "float", "data": 0.002}}, {"type": "dict", "image_number": {"type": "int", "data": 13}, "Hcamera2end": {"type": "ndarray", "data": [[0.9999963312465581, -0.0027082607862918004, 5.307482981460848e-05, -0.013510148747098629], [-5.501728163383808e-05, -0.0007171627316444606, 0.9999997413253239, 0.018208629646550598], [-0.002708222022443388, -0.9999960754928638, -0.0007173091016974276, 0.03448712907125886], [0.0, 0.0, 0.0, 1.0]]}, "Hobj2base": {"type": "ndarray", "data": [[0.9999952956933695, -0.0025313899526302566, 0.001732240179148824, -0.735253579159466], [-0.002532640934939138, -0.9999965333968552, 0.000720363913001132, 0.09267984016528137], [0.0017304106521879626, -0.0007247476665752582, -0.9999982402083492, 0.0050691264441333934], [0.0, 0.0, 0.0, 1.0]]}, "mean_rme": {"type": "float", "data": 0.0018164546263072486}, "max_rme": {"type": "float", "data": 0.006203565121549293}, "simu": {"type": "float", "data": 0.002}}, {"type": "dict", "image_number": {"type": "int", "data": 14}, "Hcamera2end": {"type": "ndarray", "data": [[0.9999972058687749, -0.0023623596804948363, -8.666823480679535e-05, -0.013831357700368878], [8.44056641489887e-05, -0.0009578416237427945, 0.9999995377074473, 0.018199609642020928], [-0.0023624416028363024, -0.9999967508928038, -0.0009576395508696933, 0.0341701251358995], [0.0, 0.0, 0.0, 1.0]]}, "Hobj2base": {"type": "ndarray", "data": [[0.9999959994080083, -0.002170210552344692, 0.0018142089563163656, -0.7351851615605789], [-0.002171058586234087, -0.9999975348569323, 0.00046560141066374384, 0.09199197328119404], [0.0018131940309371244, -0.0004695383019143024, -0.9999982459290564, 0.005019023662521787], [0.0, 0.0, 0.0, 1.0]]}, "mean_rme": {"type": "float", "data": 0.0018649343293843045}, "max_rme": {"type": "float", "data": 0.005993370991972724}, "simu": {"type": "float", "data": 0.002}}, {"type": "dict", "image_number": {"type": "int", "data": 15}, "Hcamera2end": {"type": "ndarray", "data": [[0.9999990238587628, -0.0013828837977836476, -0.0001997846921915203, -0.01417864968365632], [0.0001986326690749927, -0.0008331457293802025, 0.999999633206561, 0.01836935676864638], [-0.0013830497403140387, -0.9999986967494485, -0.0008328702302125013, 0.03406802659319216], [0.0, 0.0, 0.0, 1.0]]}, "Hobj2base": {"type": "ndarray", "data": [[0.999997482611394, -0.0011507268882386618, 0.0019262913858998736, -0.7352599828431677], [-0.001151625999045328, -0.9999992284340276, 0.0004657133312095887, 0.09147075619690864], [0.0019257539907865542, -0.00046793052606989443, -0.9999980362543663, 0.004651747148242391], [0.0, 0.0, 0.0, 1.0]]}, "mean_rme": {"type": "float", "data": 0.0018175829898797143}, "max_rme": {"type": "float", "data": 0.0053809948193475066}, "simu": {"type": "float", "data": 0.002}}, {"type": "dict", "image_number": {"type": "int", "data": 16}, "Hcamera2end": {"type": "ndarray", "data": [[0.9999992147685981, -0.0012366617735957252, -0.00020280494329308774, -0.01445597032833507], [0.00020195025921795591, -0.0006912076435252601, 0.9999997407240097, 0.018352637182560822], [-0.0012368016332859678, -0.9999989964493222, -0.0006909573566014071, 0.034146200858192005], [0.0, 0.0, 0.0, 1.0]]}, "Hobj2base": {"type": "ndarray", "data": [[0.9999979233754734, -0.0010266292873348998, 0.001760476369356552, -0.7355454263740653], [-0.0010275172643198817, -0.9999993453147651, 0.0005035655984346837, 0.09122730624750919], [0.00175995824160722, -0.0005053734725809523, -0.9999983235709149, 0.004777947550802103], [0.0, 0.0, 0.0, 1.0]]}, "mean_rme": {"type": "float", "data": 0.001770659997193447}, "max_rme": {"type": "float", "data": 0.005293477433804705}, "simu": {"type": "float", "data": 0.002}}, {"type": "dict", "image_number": {"type": "int", "data": 17}, "Hcamera2end": {"type": "ndarray", "data": [[0.9999991774632488, -0.0012796610607494323, -8.683544982586032e-05, -0.014481499101059], [8.610616846473204e-05, -0.0005699460453447713, 0.9999998338736028, 0.01829847490646471], [-0.0012797103396851746, -0.9999990188140561, -0.0005698353898324626, 0.03394940110389739], [0.0, 0.0, 0.0, 1.0]]}, "Hobj2base": {"type": "ndarray", "data": [[0.9999981456286571, -0.0010875487521462075, 0.0015893322367972812, -0.7354689541916635], [-0.001088323429433046, -0.9999992893667615, 0.00048663958450209844, 0.0913387577646947], [0.0015888018630920964, -0.0004883683896020583, -0.999998618601524, 0.004767979259297173], [0.0, 0.0, 0.0, 1.0]]}, "mean_rme": {"type": "float", "data": 0.0017252751050964384}, "max_rme": {"type": "float", "data": 0.005254076937482033}, "simu": {"type": "float", "data": 0.002}}, {"type": "dict", "image_number": {"type": "int", "data": 18}, "Hcamera2end": {"type": "ndarray", "data": [[0.9999994795026367, -0.0009793309053515841, 0.00028619125326049763, -0.014957500487944928], [-0.00028679380985725605, -0.0006151886388106043, 0.9999997696460982, 0.01822032341125942], [-0.000979154618151356, -0.9999993312267347, -0.0006154691846480542, 0.0337923089032487], [0.0, 0.0, 0.0, 1.0]]}, "Hobj2base": {"type": "ndarray", "data": [[0.9999984854226251, -0.0008164500406371694, 0.0015370627140339366, -0.7352224339923568], [-0.0008177319055360974, -0.999999318273564, 0.0008335268070481998, 0.09107917321923412], [0.001536381133182164, -0.000834782449829432, -0.9999984713344694, 0.004721980769564544], [0.0, 0.0, 0.0, 1.0]]}, "mean_rme": {"type": "float", "data": 0.0017274317553380618}, "max_rme": {"type": "float", "data": 0.004988636054726436}, "simu": {"type": "float", "data": 0.002}}, {"type": "dict", "image_number": {"type": "int", "data": 19}, "Hcamera2end": {"type": "ndarray", "data": [[0.9999994989138881, -0.0009727634798846353, 0.0002364385436220456, -0.014877774896694371], [-0.0002370025966970095, -0.0005797716567084166, 0.9999998038472785, 0.01815154572879104], [-0.0009726262087082858, -0.9999993587978137, -0.0005800019136634749, 0.03386706295868177], [0.0, 0.0, 0.0, 1.0]]}, "Hobj2base": {"type": "ndarray", "data": [[0.9999986015834681, -0.0007860000019039728, 0.0014761555152506306, -0.7352627611837619], [-0.0007872289600610311, -0.9999993439038011, 0.0008321433358402748, 0.09117945920382627], [0.0014755004820870537, -0.0008333042445284362, -0.999998564250151, 0.0047789525573566725], [0.0, 0.0, 0.0, 1.0]]}, "mean_rme": {"type": "float", "data": 0.0016689904964340228}, "max_rme": {"type": "float", "data": 0.00497290414585938}, "simu": {"type": "float", "data": 0.002}}, {"type": "dict", "image_number": {"type": "int", "data": 20}, "Hcamera2end": {"type": "ndarray", "data": [[0.9999995724587674, -0.0009220763921277957, -6.969511833083985e-05, -0.014874151104510153], [6.92031535763869e-05, -0.0005335612735528628, 0.9999998552616348, 0.018184633624867014], [-0.0009221134452840634, -0.999999432543586, -0.0005334972348394196, 0.03369106037609596], [0.0, 0.0, 0.0, 1.0]]}, "Hobj2base": {"type": "ndarray", "data": [[0.999998859658872, -0.000730823456528452, 0.0013215816398693449, -0.7351936633587568], [-0.0007315620065764265, -0.9999995764802656, 0.0005584409722579778, 0.09093150075335456], [0.0013211729583918273, -0.0005594071543610869, -0.9999989707822949, 0.0048534863716936825], [0.0, 0.0, 0.0, 1.0]]}, "mean_rme": {"type": "float", "data": 0.0016766550437628943}, "max_rme": {"type": "float", "data": 0.004984493085516628}, "simu": {"type": "float", "data": 0.002}}, {"type": "dict", "image_number": {"type": "int", "data": 21}, "Hcamera2end": {"type": "ndarray", "data": [[0.999998715579529, -0.0015958071922242468, 0.0001491264479941103, -0.014740455997064429], [-0.0001498412320328045, -0.00044780360006746456, 0.9999998885097644, 0.019164337248399603], [-0.0015957402349470497, -0.9999986264347273, -0.0004480421426151793, 0.033767828349229916], [0.0, 0.0, 0.0, 1.0]]}, "Hobj2base": {"type": "ndarray", "data": [[0.9999982647100829, -0.0013349410422826085, 0.0012994265029312648, -0.7350683760821835], [-0.0013359974204020515, -0.9999987775343075, 0.0008124289398698549, 0.09148468271229153], [0.0012983403696911753, -0.0008141635605260255, -0.9999988257243009, 0.004038597505747009], [0.0, 0.0, 0.0, 1.0]]}, "mean_rme": {"type": "float", "data": 0.0017466903366483717}, "max_rme": {"type": "float", "data": 0.005200910165454431}, "simu": {"type": "float", "data": 0.002}}, {"type": "dict", "image_number": {"type": "int", "data": 22}, "Hcamera2end": {"type": "ndarray", "data": [[0.9999987219785491, -0.001589609057978072, 0.0001708341627365221, -0.014771852293401637], [-0.000171540704660749, -0.0004443495504693473, 0.9999998865636253, 0.019245893331714094], [-0.0015895329675751667, -0.999998637847332, -0.00044462166523917546, 0.03376056408991754], [0.0, 0.0, 0.0, 1.0]]}, "Hobj2base": {"type": "ndarray", "data": [[0.9999983638949506, -0.0013032395495011187, 0.0012545015339156095, -0.7351169130349625], [-0.0013042896745233624, -0.9999987994372423, 0.00083663164995259, 0.09147646442047691], [0.0012534096963532065, -0.0008382665145326828, -0.999998863136045, 0.004134849247492767], [0.0, 0.0, 0.0, 1.0]]}, "mean_rme": {"type": "float", "data": 0.0017382351815086576}, "max_rme": {"type": "float", "data": 0.00535602410540148}, "simu": {"type": "float", "data": 0.002}}, {"type": "dict", "image_number": {"type": "int", "data": 23}, "Hcamera2end": {"type": "ndarray", "data": [[0.9999983589039378, -0.0017966467254152182, 0.00023291624081852767, -0.014645479050424213], [-0.00023384485113796434, -0.0005166647401448898, 0.9999998391870527, 0.019330344066892182], [-0.0017965260968821257, -0.9999982525575181, -0.0005170840288344358, 0.03386993916602586], [0.0, 0.0, 0.0, 1.0]]}, "Hobj2base": {"type": "ndarray", "data": [[0.9999980452898464, -0.0015103274309825588, 0.0012760593785371276, -0.7350555813896288], [-0.0015114118714013502, -0.9999984971616391, 0.0008492988985388207, 0.09167730946031054], [0.0012747747414025756, -0.0008512258896989744, -0.999998825181232, 0.004290594375281598], [0.0, 0.0, 0.0, 1.0]]}, "mean_rme": {"type": "float", "data": 0.0017893005155630549}, "max_rme": {"type": "float", "data": 0.005717658635370437}, "simu": {"type": "float", "data": 0.002}}, {"type": "dict", "image_number": {"type": "int", "data": 24}, "Hcamera2end": {"type": "ndarray", "data": [[0.9999985041064744, -0.0017296761887802027, 2.257338900337022e-06, -0.014634836613096513], [-3.3925851689542647e-06, -0.0006563319118610966, 0.9999997846084328, 0.019401883867228728], [-0.0017296743346589811, -0.9999982887228875, -0.0006563367981322621, 0.033722346437268035], [0.0, 0.0, 0.0, 1.0]]}, "Hobj2base": {"type": "ndarray", "data": [[0.999998070135204, -0.0014561065236168048, 0.0013188933464667043, -0.7348852064901953], [-0.001456859659606284, -0.9999987761834326, 0.0005702557046114298, 0.0914654906551759], [0.0013180613793315622, -0.0005721760466068114, -0.9999989676638528, 0.004258720329797243], [0.0, 0.0, 0.0, 1.0]]}, "mean_rme": {"type": "float", "data": 0.0017887902645143561}, "max_rme": {"type": "float", "data": 0.005738811382718367}, "simu": {"type": "float", "data": 0.002}}, {"type": "dict", "image_number": {"type": "int", "data": 25}, "Hcamera2end": {"type": "ndarray", "data": [[0.9999984232944622, -0.0017757771895284108, -4.895172636513686e-06, -0.014549028034625211], [3.7890200256618205e-06, -0.0006229146549410203, 0.9999998059814694, 0.019475790811257325], [-0.0017757798942695034, -0.9999982292947855, -0.0006229069443326463, 0.03374655338880029], [0.0, 0.0, 0.0, 1.0]]}, "Hobj2base": {"type": "ndarray", "data": [[0.9999980488781923, -0.0015108607081538222, 0.001272611381754623, -0.7349885226186786], [-0.0015115682084342781, -0.9999987034755866, 0.0005551654689593857, 0.09150914958644212], [0.001271770954089323, -0.0005570880246702843, -0.9999990361253224, 0.004220373250522804], [0.0, 0.0, 0.0, 1.0]]}, "mean_rme": {"type": "float", "data": 0.0017548104500170177}, "max_rme": {"type": "float", "data": 0.005806281154206894}, "simu": {"type": "float", "data": 0.002}}, {"type": "dict", "image_number": {"type": "int", "data": 26}, "Hcamera2end": {"type": "ndarray", "data": [[0.9999998567282438, -0.0005342984668774194, 3.269006364834797e-05, -0.014452167666908652], [-3.303102283780645e-05, -0.000638147313228199, 0.9999997958384582, 0.019329483011683052], [-0.0005342774967179342, -0.9999996536465176, -0.0006381648702245002, 0.03367048073162166], [0.0, 0.0, 0.0, 1.0]]}, "Hobj2base": {"type": "ndarray", "data": [[0.9999990186845003, -0.00026457746664121726, 0.0013757284617977568, -0.7351483722075826], [-0.0002655644285484584, -0.9999997074944154, 0.0007172772262401922, 0.09143981331318818], [0.0013755382839980997, -0.0007176418669077276, -0.9999987964415664, 0.004420660104278957], [0.0, 0.0, 0.0, 1.0]]}, "mean_rme": {"type": "float", "data": 0.001739619762222543}, "max_rme": {"type": "float", "data": 0.005734574355446442}, "simu": {"type": "float", "data": 0.002}}, {"type": "dict", "image_number": {"type": "int", "data": 27}, "Hcamera2end": {"type": "ndarray", "data": [[0.9999999913212866, -7.276974201360359e-06, -0.00013154646452268444, -0.014579919089555738], [0.00013154240238781635, -0.0005554296460048569, 0.999999837097239, 0.019521819772524884], [-7.350037822144196e-06, -0.9999998457224651, -0.0005554286839537514, 0.03367252276230347], [0.0, 0.0, 0.0, 1.0]]}, "Hobj2base": {"type": "ndarray", "data": [[0.9999989805396658, 0.00029826717873527057, 0.0013964083640328716, -0.7351986439371706], [0.0002973488441003185, -0.9999997394401385, 0.0006578018848272108, 0.09121063990949212], [0.001396604200897256, -0.0006573859938113443, -0.9999988086694707, 0.004113990924250059], [0.0, 0.0, 0.0, 1.0]]}, "mean_rme": {"type": "float", "data": 0.0017430584969190443}, "max_rme": {"type": "float", "data": 0.00566652895191988}, "simu": {"type": "float", "data": 0.002}}, {"type": "dict", "image_number": {"type": "int", "data": 28}, "Hcamera2end": {"type": "ndarray", "data": [[0.9999998824830963, 0.00045237499845369116, -0.0001743291549512521, -0.014624494665174551], [0.0001745636648274661, -0.0005184093822323543, 0.9999998503896084, 0.01999118446100615], [0.00045228455690416716, -0.9999997633042585, -0.0005184882895481469, 0.03364263134978772], [0.0, 0.0, 0.0, 1.0]]}, "Hobj2base": {"type": "ndarray", "data": [[0.9999987169486922, 0.0007862552655995429, 0.001395673180413993, -0.7352705847638916], [0.0007853486185282025, -0.9999994803363652, 0.0006500419570823083, 0.09113702952892337], [0.0013961835540450124, -0.0006489450330409702, -0.9999988147702108, 0.0036266180408745497], [0.0, 0.0, 0.0, 1.0]]}, "mean_rme": {"type": "float", "data": 0.0017216963675464828}, "max_rme": {"type": "float", "data": 0.005694312852767447}, "simu": {"type": "float", "data": 0.002}}, {"type": "dict", "image_number": {"type": "int", "data": 29}, "Hcamera2end": {"type": "ndarray", "data": [[0.9999999020674261, 0.0004356164165526771, -7.812474596336321e-05, -0.014524046683483522], [7.832798183790728e-05, -0.0004665502453351511, 0.9999998880977915, 0.02016778517809611], [0.00043557991868684216, -0.9999997962845822, -0.000466584320599539, 0.03365581205022753], [0.0, 0.0, 0.0, 1.0]]}, "Hobj2base": {"type": "ndarray", "data": [[0.9999987252035303, 0.0008165982006808028, 0.0013721365431286787, -0.7352646765913048], [0.0008155750741235275, -0.9999993891313457, 0.0007460390297036804, 0.09129879449915287], [0.001372744919062769, -0.0007449189982928892, -0.9999987803327928, 0.0035493786250975117], [0.0, 0.0, 0.0, 1.0]]}, "mean_rme": {"type": "float", "data": 0.0017213368459054082}, "max_rme": {"type": "float", "data": 0.005615025831356868}, "simu": {"type": "float", "data": 0.002}}, {"type": "dict", "image_number": {"type": "int", "data": 30}, "Hcamera2end": {"type": "ndarray", "data": [[0.9999997829284181, 0.0005979082709112438, -0.0002768552263500859, -0.014679274456810405], [0.000277104540008857, -0.00041693385459740107, 0.9999998746896096, 0.020206212360298813], [0.0005977927656704373, -0.999999734335895, -0.00041709944718926195, 0.03365910574295881], [0.0, 0.0, 0.0, 1.0]]}, "Hobj2base": {"type": "ndarray", "data": [[0.9999985716736285, 0.0009984052075491026, 0.0013637586826512943, -0.7352888211254628], [0.0009975066004044794, -0.999999285058955, 0.0006594407941702311, 0.09108400465441162], [0.0013644160967672063, -0.0006580794939862507, -0.999998852649389, 0.0033680857985541267], [0.0, 0.0, 0.0, 1.0]]}, "mean_rme": {"type": "float", "data": 0.0017325222299161408}, "max_rme": {"type": "float", "data": 0.00576948265640248}, "simu": {"type": "float", "data": 0.002}}]}