{"type": "list", "data": [{"type": "dict", "image_number": {"type": "int", "data": 5}, "Hcamera2end": {"type": "ndarray", "data": [[0.999988544913573, -0.0034211720490440046, 0.0033474801636208065, -0.011617687742541303], [-0.003349650231033286, -0.0006287723189692951, 0.9999941922274851, 0.021093483703881852], [-0.003419047376789826, -0.9999939500952901, -0.0006402248460724014, 0.028384799674201287], [0.0, 0.0, 0.0, 1.0]]}, "Hobj2base": {"type": "ndarray", "data": [[0.9999934666252395, -0.0030365713611337887, 0.001961107137518363, -0.7298103703123207], [-0.003028098823376741, -0.9999861319129209, -0.0043088976954661195, 0.09419193319357058], [0.0019741642160539166, 0.004302931117607035, -0.9999887936669316, -0.002183655791441419], [0.0, 0.0, 0.0, 1.0]]}, "mean_rme": {"type": "float", "data": 0.001743901365206995}, "max_rme": {"type": "float", "data": 0.005740948744784591}, "simu": {"type": "float", "data": 0.002}}, {"type": "dict", "image_number": {"type": "int", "data": 6}, "Hcamera2end": {"type": "ndarray", "data": [[0.9999922917486079, -0.0022982180307091374, 0.003183494502945487, -0.010213595121008615], [-0.0031828509617845917, 0.00028362062487663486, 0.9999948944965154, 0.018954394777381627], [-0.0022991092018491894, -0.9999973188730182, 0.0002763035531880842, 0.028280424655049534], [0.0, 0.0, 0.0, 1.0]]}, "Hobj2base": {"type": "ndarray", "data": [[0.9999975802101901, -0.0017960333332236672, 0.0012703692495770887, -0.7302611931092818], [-0.0017928566077470747, -0.9999952744039142, -0.002497365616893688, 0.09524769496354761], [0.001274848598218323, 0.0024950819838904337, -0.9999960746557683, -2.0728778875137948e-05], [0.0, 0.0, 0.0, 1.0]]}, "mean_rme": {"type": "float", "data": 0.001607068571141348}, "max_rme": {"type": "float", "data": 0.006883258799905367}, "simu": {"type": "float", "data": 0.002}}, {"type": "dict", "image_number": {"type": "int", "data": 7}, "Hcamera2end": {"type": "ndarray", "data": [[0.9999954609700729, -0.0015988813964471302, 0.0025537457844624373, -0.009671878906555083], [-0.0025491422406171147, 0.002874675611821198, 0.9999926190297427, 0.0186291191354598], [-0.001606210785876483, -0.9999945898945689, 0.002870586787477092, 0.026849423945403805], [0.0, 0.0, 0.0, 1.0]]}, "Hobj2base": {"type": "ndarray", "data": [[0.9999975280276049, -0.0015123223009573619, -0.0016299754408276082, -0.7305130438389024], [-0.001516459224004632, -0.9999956249063295, -0.0025397873182402986, 0.09548610005892635], [-0.0016261273325313102, 0.002542252831248302, -0.9999954463198524, 0.0004273986631362676], [0.0, 0.0, 0.0, 1.0]]}, "mean_rme": {"type": "float", "data": 0.0016361223605780581}, "max_rme": {"type": "float", "data": 0.006971264341401495}, "simu": {"type": "float", "data": 0.002}}, {"type": "dict", "image_number": {"type": "int", "data": 8}, "Hcamera2end": {"type": "ndarray", "data": [[0.9999953202776809, -0.0017719197430544945, 0.0024939372811896014, -0.009703865542245168], [-0.002493276112765941, 0.00037524779480402337, 0.9999968213766071, 0.019398715310967367], [-0.0017728499552540943, -0.999998359743413, 0.0003708281535794722, 0.030501109514353062], [0.0, 0.0, 0.0, 1.0]]}, "Hobj2base": {"type": "ndarray", "data": [[0.9999986908352759, -0.0013970146930802766, 0.0008165033261183927, -0.7326167166051609], [-0.0013954971838854822, -0.9999973036060676, -0.001856170305812348, 0.09460402430851494], [0.0008190942216938574, 0.0018550284476874304, -0.9999979439749436, -0.0010273347754191503], [0.0, 0.0, 0.0, 1.0]]}, "mean_rme": {"type": "float", "data": 0.0017205356445511642}, "max_rme": {"type": "float", "data": 0.006461948087647995}, "simu": {"type": "float", "data": 0.002}}, {"type": "dict", "image_number": {"type": "int", "data": 9}, "Hcamera2end": {"type": "ndarray", "data": [[0.9999984978157749, -0.0015612621035281942, 0.000752879032560345, -0.00992602156126484], [-0.0007505783152265472, 0.0014736892829022574, 0.99999863243511, 0.019166656444906803], [-0.0015623694781625632, -0.9999976953476151, 0.0014725152196701785, 0.031656728094297364], [0.0, 0.0, 0.0, 1.0]]}, "Hobj2base": {"type": "ndarray", "data": [[0.9999990950450627, -0.0012828190227891524, -0.0004053201333644962, -0.7344816924547467], [-0.001284104359257798, -0.9999940971029437, -0.003186979018229824, 0.09394388659174976], [-0.000401229423491659, 0.003187496607507575, -0.9999948394268476, -6.031687087910193e-05], [0.0, 0.0, 0.0, 1.0]]}, "mean_rme": {"type": "float", "data": 0.001842819738117865}, "max_rme": {"type": "float", "data": 0.006879053804473734}, "simu": {"type": "float", "data": 0.002}}, {"type": "dict", "image_number": {"type": "int", "data": 10}, "Hcamera2end": {"type": "ndarray", "data": [[0.9999992236911724, -0.0009978937060291847, 0.0007462072124868259, -0.011195851628521679], [-0.0007438863184547946, 0.0023241450085866866, 0.9999970224871291, 0.01911891772850805], [-0.000999625028556104, -0.9999968012739491, 0.002323400884857274, 0.03150729150620524], [0.0, 0.0, 0.0, 1.0]]}, "Hobj2base": {"type": "ndarray", "data": [[0.9999987195154294, -0.0008528643012846134, -0.0013541011723803202, -0.7349923793898226], [-0.0008570733203411916, -0.9999947941066181, -0.0031108174145014927, 0.09264848361967223], [-0.0013514410179533453, 0.0031119739951356814, -0.999994244595952, 0.0002791958052717369], [0.0, 0.0, 0.0, 1.0]]}, "mean_rme": {"type": "float", "data": 0.0017443790362262597}, "max_rme": {"type": "float", "data": 0.006181384858838568}, "simu": {"type": "float", "data": 0.002}}, {"type": "dict", "image_number": {"type": "int", "data": 11}, "Hcamera2end": {"type": "ndarray", "data": [[0.9999957048018527, -0.00291967431323918, 0.0002566705093984894, -0.01096008569948815], [-0.0002499700756408768, 0.0022950585271847013, 0.9999973351071082, 0.019062372787546127], [-0.002920255606461128, -0.9999931040803539, 0.0022943188382447133, 0.03128770741336302], [0.0, 0.0, 0.0, 1.0]]}, "Hobj2base": {"type": "ndarray", "data": [[0.9999959260633619, -0.0027198653848919227, -0.0008661344973115745, -0.734854994306096], [-0.002722800518297429, -0.9999904933302859, -0.0034058194884886766, 0.09312487288702416], [-0.0008568628927230503, 0.003408163924854075, -0.999993825083257, 0.00032246398267675826], [0.0, 0.0, 0.0, 1.0]]}, "mean_rme": {"type": "float", "data": 0.0017080576922700993}, "max_rme": {"type": "float", "data": 0.0065670564231393724}, "simu": {"type": "float", "data": 0.002}}, {"type": "dict", "image_number": {"type": "int", "data": 12}, "Hcamera2end": {"type": "ndarray", "data": [[0.999998355957112, -0.0017189222797223667, 0.0005773987093698255, -0.011192682225306345], [-0.0005739939896842746, 0.0019805641102370597, 0.9999978739460925, 0.01895263664202916], [-0.0017200622003620124, -0.9999965613300886, 0.001979574203047396, 0.03164537615769791], [0.0, 0.0, 0.0, 1.0]]}, "Hobj2base": {"type": "ndarray", "data": [[0.9999984025121781, -0.0016011029904284635, -0.0007946334412309122, -0.7346933932915549], [-0.0016032236000486004, -0.9999951363690158, -0.0026752406251371393, 0.09286043025243097], [-0.0007903462406620633, 0.002676510326559189, -0.9999961058150639, 0.00033321654009834295], [0.0, 0.0, 0.0, 1.0]]}, "mean_rme": {"type": "float", "data": 0.0017060406062659082}, "max_rme": {"type": "float", "data": 0.006251515543438058}, "simu": {"type": "float", "data": 0.002}}, {"type": "dict", "image_number": {"type": "int", "data": 13}, "Hcamera2end": {"type": "ndarray", "data": [[0.9999974333107996, -0.0021994912203429015, 0.0005437004547198344, -0.012320212197404586], [-0.0005384839236204652, 0.002371596362524153, 0.9999970427785062, 0.018976647115390363], [-0.0022007741539809057, -0.9999947688708503, 0.0023704058847110465, 0.03190862600451247], [0.0, 0.0, 0.0, 1.0]]}, "Hobj2base": {"type": "ndarray", "data": [[0.999997158324189, -0.002074511514560774, -0.0011746256947714137, -0.7353069896070991], [-0.002077663319186716, -0.9999942278679548, -0.0026884095493508765, 0.09184759179012308], [-0.001169041778110816, 0.002690842386482291, -0.9999956963450254, 0.0005594552256582478], [0.0, 0.0, 0.0, 1.0]]}, "mean_rme": {"type": "float", "data": 0.001703873835335109}, "max_rme": {"type": "float", "data": 0.00578292390077384}, "simu": {"type": "float", "data": 0.002}}, {"type": "dict", "image_number": {"type": "int", "data": 14}, "Hcamera2end": {"type": "ndarray", "data": [[0.9999973855541099, -0.0020861889120708656, 0.0009363230041451909, -0.0128326078049328], [-0.0009343871251137908, 0.0009287315128734264, 0.9999991321888622, 0.019407136005235776], [-0.00208705669433307, -0.9999973926334009, 0.0009267797766950858, 0.03257199407908115], [0.0, 0.0, 0.0, 1.0]]}, "Hobj2base": {"type": "ndarray", "data": [[0.9999981340760046, -0.0019303850965184401, 7.387752194694851e-05, -0.735008820069212], [-0.001930251110678642, -0.9999965659281058, -0.0017726428419206671, 0.09164234849722534], [7.729915156972054e-05, 0.001772496932135061, -0.9999984261384947, 0.00036639362510527366], [0.0, 0.0, 0.0, 1.0]]}, "mean_rme": {"type": "float", "data": 0.0017476952404641922}, "max_rme": {"type": "float", "data": 0.005813177745742193}, "simu": {"type": "float", "data": 0.002}}, {"type": "dict", "image_number": {"type": "int", "data": 15}, "Hcamera2end": {"type": "ndarray", "data": [[0.9999976512212764, -0.001931721839207286, 0.0009828543464599762, -0.013199981385645324], [-0.000981811713732726, 0.0005406168855466298, 0.9999993718893736, 0.019493105534299882], [-0.0019322519735280007, -0.9999979880900356, 0.0005387190286277876, 0.03271049848736541], [0.0, 0.0, 0.0, 1.0]]}, "Hobj2base": {"type": "ndarray", "data": [[0.9999983278024647, -0.0017926845982599094, 0.00036148887332711406, -0.7347480207597532], [-0.0017921379579981498, -0.9999972587627444, -0.0015068870353135671, 0.09139643451007211], [0.00036418925557987097, 0.001506236677569497, -0.999998799307908, 0.00035144848097969176], [0.0, 0.0, 0.0, 1.0]]}, "mean_rme": {"type": "float", "data": 0.0017188677219029701}, "max_rme": {"type": "float", "data": 0.005672224094390832}, "simu": {"type": "float", "data": 0.002}}, {"type": "dict", "image_number": {"type": "int", "data": 16}, "Hcamera2end": {"type": "ndarray", "data": [[0.9999982898689307, -0.0016580781534814373, 0.0008191679016592169, -0.01344440290956762], [-0.0008187928045048129, 0.00022689022081456844, 0.9999996390495204, 0.019618534304288546], [-0.0016582634161834242, -0.9999985996478519, 0.00022553221034116167, 0.03269633360480157], [0.0, 0.0, 0.0, 1.0]]}, "Hobj2base": {"type": "ndarray", "data": [[0.9999986851397563, -0.0015122093493738517, 0.000585612194337588, -0.73449103687446], [-0.0015113485200066617, -0.9999977809442675, -0.0014676280834973556, 0.09118196219373091], [0.0005878302557407596, 0.0014667410896483262, -0.9999987515623037, 0.0004235258387178878], [0.0, 0.0, 0.0, 1.0]]}, "mean_rme": {"type": "float", "data": 0.0017329149292118432}, "max_rme": {"type": "float", "data": 0.005695314460646861}, "simu": {"type": "float", "data": 0.002}}, {"type": "dict", "image_number": {"type": "int", "data": 17}, "Hcamera2end": {"type": "ndarray", "data": [[0.9999985032799278, -0.0014741561077866868, 0.0009057050702213991, -0.014099003615398186], [-0.0009056804188692683, 1.738982022625457e-05, 0.9999995897202022, 0.019648014261792898], [-0.0014741712530185664, -0.9999989132800914, 1.605467987741971e-05, 0.032276295694257086], [0.0, 0.0, 0.0, 1.0]]}, "Hobj2base": {"type": "ndarray", "data": [[0.9999988184977171, -0.0013325141787124458, 0.0007664262086791377, -0.7337815694882144], [-0.0013315083909341456, -0.9999982537541854, -0.0013113252780434766, 0.09074966449032038], [0.0007681722298364755, 0.0013103032257817788, -0.9999988465077758, 0.0003314953803071439], [0.0, 0.0, 0.0, 1.0]]}, "mean_rme": {"type": "float", "data": 0.001762437223608781}, "max_rme": {"type": "float", "data": 0.0052199341986627346}, "simu": {"type": "float", "data": 0.002}}, {"type": "dict", "image_number": {"type": "int", "data": 18}, "Hcamera2end": {"type": "ndarray", "data": [[0.9999987565845034, -0.001294146002673671, 0.000901119065857236, -0.01432273812113053], [-0.0009012618686852408, -0.00010976627889358603, 0.999999587839119, 0.019747881950403758], [-0.0012940465567906154, -0.9999991565683881, -0.0001109325068533451, 0.03231606841184806], [0.0, 0.0, 0.0, 1.0]]}, "Hobj2base": {"type": "ndarray", "data": [[0.9999989300208045, -0.0011693608112955947, 0.0008789496794617996, -0.7336922128300212], [-0.0011682429393916531, -0.9999985095442305, -0.001271266200015612, 0.09051947172024129], [0.0008804349383012021, 0.0012702380130301145, -0.9999988056641413, 0.0002639218649555704], [0.0, 0.0, 0.0, 1.0]]}, "mean_rme": {"type": "float", "data": 0.001703559458766344}, "max_rme": {"type": "float", "data": 0.0050823398553561105}, "simu": {"type": "float", "data": 0.002}}, {"type": "dict", "image_number": {"type": "int", "data": 19}, "Hcamera2end": {"type": "ndarray", "data": [[0.9999982408668876, -0.0016484772893212867, 0.0008948663345635292, -0.014137421742924119], [-0.0008949477498032543, -4.865115852559221e-05, 0.9999995983507142, 0.01961946631878634], [-0.0016484330909276588, -0.999998640076921, -5.0126373982273265e-05, 0.03236466349891112], [0.0, 0.0, 0.0, 1.0]]}, "Hobj2base": {"type": "ndarray", "data": [[0.9999985457004049, -0.001506314473317511, 0.0007997585777546407, -0.7336464940653745], [-0.0015054682795566658, -0.9999983075103243, -0.0010576113399553908, 0.09085392681698408], [0.0008013503194400242, 0.0010564057907015343, -0.9999991209218493, 0.0005043359482741249], [0.0, 0.0, 0.0, 1.0]]}, "mean_rme": {"type": "float", "data": 0.001699949923270605}, "max_rme": {"type": "float", "data": 0.00538326351585805}, "simu": {"type": "float", "data": 0.002}}, {"type": "dict", "image_number": {"type": "int", "data": 20}, "Hcamera2end": {"type": "ndarray", "data": [[0.9999984094937676, -0.001607648738299437, 0.0007723182435955039, -0.014073132275696471], [-0.0007722271003153619, 5.731349229221028e-05, 0.9999997001901899, 0.01954890860751567], [-0.0016076925205662752, -0.9999987060895121, 5.6071931211265635e-05, 0.03256776430563274], [0.0, 0.0, 0.0, 1.0]]}, "Hobj2base": {"type": "ndarray", "data": [[0.9999986992334937, -0.0014803160766318534, 0.0006404651699693661, -0.7338427388647524], [-0.0014796255345850022, -0.9999983250413769, -0.001077322012753996, 0.09101391836377451], [0.0006420588743118957, 0.001076372962790106, -0.9999992145905154, 0.0006804810047094601], [0.0, 0.0, 0.0, 1.0]]}, "mean_rme": {"type": "float", "data": 0.0016730169242315884}, "max_rme": {"type": "float", "data": 0.005526233336345943}, "simu": {"type": "float", "data": 0.002}}, {"type": "dict", "image_number": {"type": "int", "data": 21}, "Hcamera2end": {"type": "ndarray", "data": [[0.9999983933602412, -0.0016767389733552168, 0.0006338953789649289, -0.014058862004451151], [-0.0006336716911310457, 0.0001339343612311028, 0.9999997902608655, 0.01965223810864039], [-0.0016768235220501048, -0.9999985853030005, 0.00013287164402597806, 0.032511163594538144], [0.0, 0.0, 0.0, 1.0]]}, "Hobj2base": {"type": "ndarray", "data": [[0.9999985920052615, -0.0015697004526666481, 0.0005933194614344919, -0.7339182178442808], [-0.001569061578219598, -0.9999981904388413, -0.0010757159507014489, 0.09096935788842123], [0.0005950069396013966, 0.0010747834813285035, -0.9999992454033204, 0.0007468612846737324], [0.0, 0.0, 0.0, 1.0]]}, "mean_rme": {"type": "float", "data": 0.0016656321350701974}, "max_rme": {"type": "float", "data": 0.005678678258219438}, "simu": {"type": "float", "data": 0.002}}, {"type": "dict", "image_number": {"type": "int", "data": 22}, "Hcamera2end": {"type": "ndarray", "data": [[0.9999984272757055, -0.0016764858766613986, 0.0005786546645470018, -0.013903957920042034], [-0.0005780690950446133, 0.00034974739700766033, 0.9999997717564136, 0.019627349997975416], [-0.0016766878769769416, -0.9999985335348563, 0.00034877772227792647, 0.03275765713972811], [0.0, 0.0, 0.0, 1.0]]}, "Hobj2base": {"type": "ndarray", "data": [[0.9999986797625791, -0.001581020150645257, 0.00037529772476846906, -0.734213858242056], [-0.0015806242490784663, -0.9999981965516467, -0.001052862972001541, 0.0912159159428071], [0.0003769616455130079, 0.0010522683772880533, -0.9999993753153951, 0.0009364308016806342], [0.0, 0.0, 0.0, 1.0]]}, "mean_rme": {"type": "float", "data": 0.0016707642047244242}, "max_rme": {"type": "float", "data": 0.005919264057333895}, "simu": {"type": "float", "data": 0.002}}, {"type": "dict", "image_number": {"type": "int", "data": 23}, "Hcamera2end": {"type": "ndarray", "data": [[0.9999984683247083, -0.0016554844169880808, 0.0005680841332388216, -0.013868227094060874], [-0.0005676609540723803, 0.00025608122802134314, 0.9999998060917042, 0.01972453256365885], [-0.001655629571658378, -0.9999985968958905, 0.0002551410819244815, 0.032802320256073464], [0.0, 0.0, 0.0, 1.0]]}, "Hobj2base": {"type": "ndarray", "data": [[0.9999986670725739, -0.0015780605696885412, 0.0004190201832341379, -0.7342571733390126], [-0.0015776499985870477, -0.9999982769093199, -0.000978365409085207, 0.09124975169814911], [0.00042056338109918985, 0.0009777030378036332, -0.9999994336114459, 0.0009360773475750908], [0.0, 0.0, 0.0, 1.0]]}, "mean_rme": {"type": "float", "data": 0.0016447251406074466}, "max_rme": {"type": "float", "data": 0.006030599714408003}, "simu": {"type": "float", "data": 0.002}}, {"type": "dict", "image_number": {"type": "int", "data": 24}, "Hcamera2end": {"type": "ndarray", "data": [[0.9999984805358825, -0.0016302070870149853, 0.0006175360554773415, -0.01412410900792168], [-0.0006173126922962499, 0.00013751483764312677, 0.9999998000073345, 0.01974936766184343], [-0.0016302916813559325, -0.9999986617563659, 0.00013650828116840152, 0.03272247186581979], [0.0, 0.0, 0.0, 1.0]]}, "Hobj2base": {"type": "ndarray", "data": [[0.9999986468080981, -0.0015601343440623345, 0.0005218838960986806, -0.7340341287974058], [-0.0015596643798092892, -0.9999983789803806, -0.0008997130844283925, 0.0910784713705891], [0.0005232867233974647, 0.0008988979032207915, -0.9999994590766363, 0.0008825914366794816], [0.0, 0.0, 0.0, 1.0]]}, "mean_rme": {"type": "float", "data": 0.0016250068476912668}, "max_rme": {"type": "float", "data": 0.005849015142710856}, "simu": {"type": "float", "data": 0.002}}, {"type": "dict", "image_number": {"type": "int", "data": 25}, "Hcamera2end": {"type": "ndarray", "data": [[0.9999998955938778, -0.00014635752764001166, 0.0004328876385405198, -0.014378794984296131], [-0.0004328521319431242, 0.00024254648274302237, 0.99999987690511, 0.019753375403895226], [-0.00014646250499829877, -0.9999999598753379, 0.0002424831062518562, 0.03264235686143747], [0.0, 0.0, 0.0, 1.0]]}, "Hobj2base": {"type": "ndarray", "data": [[0.9999998325915261, -4.563575083863475e-05, 0.0005768312559585629, -0.7342507347238546], [-4.5090692212493126e-05, -0.999999552568746, -0.0009448963630423086, 0.09051048236557031], [0.000576874118921223, 0.0009448701951380296, -0.9999993872180946, 0.0007032287461585484], [0.0, 0.0, 0.0, 1.0]]}, "mean_rme": {"type": "float", "data": 0.0016564276296469297}, "max_rme": {"type": "float", "data": 0.005297744046839803}, "simu": {"type": "float", "data": 0.002}}, {"type": "dict", "image_number": {"type": "int", "data": 26}, "Hcamera2end": {"type": "ndarray", "data": [[0.9999995838983189, 0.0007339206864643837, 0.0005418151116032105, -0.014323000140132498], [-0.0005420611734983391, 0.0003351130048223627, 0.9999997969344583, 0.019963855109770993], [0.0007337389681402747, -0.9999996745297968, 0.00033551069528980904, 0.032628143979606256], [0.0, 0.0, 0.0, 1.0]]}, "Hobj2base": {"type": "ndarray", "data": [[0.999999404324402, 0.0008956126683834479, 0.0006238820316312769, -0.7343552700073542], [0.0008961262448324289, -0.9999992594829745, -0.0008234022440586603, 0.0904674340535856], [0.0006231441201550564, 0.0008239608306402603, -0.9999994663898348, 0.0005776970979602541], [0.0, 0.0, 0.0, 1.0]]}, "mean_rme": {"type": "float", "data": 0.0016339661363029654}, "max_rme": {"type": "float", "data": 0.005247965583924152}, "simu": {"type": "float", "data": 0.002}}, {"type": "dict", "image_number": {"type": "int", "data": 27}, "Hcamera2end": {"type": "ndarray", "data": [[0.9999995298117822, 0.0009067262660636841, 0.000343836724242994, -0.014405022342332471], [-0.00034420954859356375, 0.0004110523078317829, 0.9999998562778832, 0.01961352117855054], [0.0009065848008680481, -0.9999995044416167, 0.00041136421839860215, 0.03262025523401127], [0.0, 0.0, 0.0, 1.0]]}, "Hobj2base": {"type": "ndarray", "data": [[0.9999992413213602, 0.0010778583992889646, 0.0005963035931048639, -0.7343752659213162], [0.0010783106520499458, -0.9999991308659057, -0.0007586261066277822, 0.09034677064337507], [0.0005954853833161323, 0.0007592685315906602, -0.9999995344541186, 0.0008226666217055622], [0.0, 0.0, 0.0, 1.0]]}, "mean_rme": {"type": "float", "data": 0.0016519070862245704}, "max_rme": {"type": "float", "data": 0.005131257780152887}, "simu": {"type": "float", "data": 0.002}}, {"type": "dict", "image_number": {"type": "int", "data": 28}, "Hcamera2end": {"type": "ndarray", "data": [[0.9999996260009452, 0.000833681294153073, 0.00023015966110135488, -0.014356538668972296], [-0.00023056197433563144, 0.0004825104234792432, 0.9999998570124232, 0.01899849656459853], [0.0008335701205114594, -0.9999995360794877, 0.0004827024582260142, 0.032630369098773315], [0.0, 0.0, 0.0, 1.0]]}, "Hobj2base": {"type": "ndarray", "data": [[0.9999993191895209, 0.001017961904652329, 0.0005704156864272818, -0.7343408917109865], [0.0010183090686669736, -0.999999296291842, -0.0006086562756215149, 0.09040532381925608], [0.0005697956961194995, 0.000609236720708343, -0.999999652081681, 0.0014142249450860666], [0.0, 0.0, 0.0, 1.0]]}, "mean_rme": {"type": "float", "data": 0.001635396031665474}, "max_rme": {"type": "float", "data": 0.005271777088055152}, "simu": {"type": "float", "data": 0.002}}, {"type": "dict", "image_number": {"type": "int", "data": 29}, "Hcamera2end": {"type": "ndarray", "data": [[0.999999678272275, 0.0007958640416949105, 0.00010027848034064826, -0.014468311513039333], [-0.00010072030375990406, 0.0005551287048310982, 0.9999998408437581, 0.01902856741429915], [0.0007958082475652665, -0.9999995292161633, 0.0005552086858987559, 0.03261358661113707], [0.0, 0.0, 0.0, 1.0]]}, "Hobj2base": {"type": "ndarray", "data": [[0.9999993535303003, 0.0010325147508413958, 0.00047629011185119615, -0.7343941138085912], [0.001032839620896794, -0.999999233824566, -0.0006823434609064316, 0.09025925542902487], [0.0004755852172408869, 0.0006828349510906206, -0.9999996537775055, 0.0013035464461849417], [0.0, 0.0, 0.0, 1.0]]}, "mean_rme": {"type": "float", "data": 0.0016277218624697822}, "max_rme": {"type": "float", "data": 0.005105150441875539}, "simu": {"type": "float", "data": 0.002}}, {"type": "dict", "image_number": {"type": "int", "data": 30}, "Hcamera2end": {"type": "ndarray", "data": [[0.9999988977452605, 0.0014733280136878342, 0.00018388264758169022, -0.014482355072421446], [-0.00018476447040589818, 0.000598410687201345, 0.9999998038833504, 0.019198520288510563], [0.001473217687402177, -0.9999987356038071, 0.0005986822462705765, 0.032590616104323455], [0.0, 0.0, 0.0, 1.0]]}, "Hobj2base": {"type": "ndarray", "data": [[0.9999983428059236, 0.0017425110723794663, 0.0005272955236469368, -0.7344728277717435], [0.0017428719057599707, -0.9999982468411328, -0.0006846255772234365, 0.09012030956894554], [0.0005261016315653678, 0.0006855434512201826, -0.9999996266235551, 0.0011593223273476375], [0.0, 0.0, 0.0, 1.0]]}, "mean_rme": {"type": "float", "data": 0.0015851736141659803}, "max_rme": {"type": "float", "data": 0.004990654620560142}, "simu": {"type": "float", "data": 0.002}}]}