{"type": "list", "data": [{"type": "dict", "image_number": {"type": "int", "data": 5}, "Hcamera2end": {"type": "ndarray", "data": [[0.999999554910464, 0.0003551568836448212, -0.0008740952247005173, -0.015658474468465796], [0.0008738189070152928, 0.0007774275672206565, 0.9999993160232139, 0.03323459497125216], [0.00035583618644981555, -0.9999996347349163, 0.0007771168783958782, 0.029086076658783495], [0.0, 0.0, 0.0, 1.0]]}, "Hobj2base": {"type": "ndarray", "data": [[0.9999999749742522, 0.00021747344055824853, 5.250521514139354e-05, -0.7295009460279759], [0.0002174470946461204, -0.9999998507263659, 0.0005012624133167276, 0.08722389813499899], [5.2614218565395784e-05, -0.0005012509836657747, -0.9999998729895896, 0.0023069210202204204], [0.0, 0.0, 0.0, 1.0]]}, "mean_rme": {"type": "float", "data": 0.001081138613643075}, "max_rme": {"type": "float", "data": 0.003534542419954906}, "simu": {"type": "float", "data": 0.002}}, {"type": "dict", "image_number": {"type": "int", "data": 6}, "Hcamera2end": {"type": "ndarray", "data": [[0.999997511137171, 0.00216975425649082, -0.0005195054668277303, -0.016156015101289202], [0.0005206405447020959, -0.0005226045396049539, 0.9999997279089222, 0.03235055655808141], [0.0021694821702047317, -0.9999975095223795, -0.0005237329009519787, 0.028860095036311092], [0.0, 0.0, 0.0, 1.0]]}, "Hobj2base": {"type": "ndarray", "data": [[0.9999971733095698, 0.002374917833095387, -0.00011462179640114462, -0.7291353023393552], [0.0023749293339524716, -0.9999971748207075, 0.00010030584154019466, 0.08673047277071584], [-0.00011438325444218152, -0.00010057777667321569, -0.9999999884002906, 0.0031537273873883573], [0.0, 0.0, 0.0, 1.0]]}, "mean_rme": {"type": "float", "data": 0.0011720993776348954}, "max_rme": {"type": "float", "data": 0.003548330530348337}, "simu": {"type": "float", "data": 0.002}}, {"type": "dict", "image_number": {"type": "int", "data": 7}, "Hcamera2end": {"type": "ndarray", "data": [[0.9999974515726423, 0.002213992672594208, -0.0004416838988607326, -0.016220664909754073], [0.000442811057293195, -0.0005086423334739187, 0.999999772600646, 0.032700394945299915], [0.0022137675100047305, -0.9999974197563821, -0.0005096214176720792, 0.02879430791283439], [0.0, 0.0, 0.0, 1.0]]}, "Hobj2base": {"type": "ndarray", "data": [[0.9999971598674645, 0.0023772884631882954, -0.00016957761466100438, -0.7290875731066881], [0.002377302390957232, -0.9999971708524817, 8.197788872624808e-05, 0.08623801801827181], [-0.00016938224981181128, -8.238079316696553e-05, -0.9999999822615289, 0.0029854488294419296], [0.0, 0.0, 0.0, 1.0]]}, "mean_rme": {"type": "float", "data": 0.0011086340752672356}, "max_rme": {"type": "float", "data": 0.0034175396614204157}, "simu": {"type": "float", "data": 0.002}}, {"type": "dict", "image_number": {"type": "int", "data": 8}, "Hcamera2end": {"type": "ndarray", "data": [[0.9999962947540117, 0.0021302779649395053, -0.0016948138657957386, -0.016000714887357957], [0.0016950510180161384, -0.00010952400483010827, 0.999998557402229, 0.03293440138021569], [0.002130089269003238, -0.9999977249575545, -0.00011313452884986752, 0.0324475369151237], [0.0, 0.0, 0.0, 1.0]]}, "Hobj2base": {"type": "ndarray", "data": [[0.9999974813947536, 0.002143730371571176, -0.0006645481497745673, -0.7331756470044415], [0.002142982291310901, -0.9999970717016582, -0.0011243731622419873, 0.08619628105422861], [-0.0006669565566761998, 0.0011229462154731516, -0.9999991470800107, 0.002903249000460857], [0.0, 0.0, 0.0, 1.0]]}, "mean_rme": {"type": "float", "data": 0.0012367041818573596}, "max_rme": {"type": "float", "data": 0.003291260858628464}, "simu": {"type": "float", "data": 0.002}}, {"type": "dict", "image_number": {"type": "int", "data": 9}, "Hcamera2end": {"type": "ndarray", "data": [[0.9999967553986108, 0.002338359766801559, -0.0010105769897013938, -0.015353870903206238], [0.0010090447049695935, 0.0006563688541640911, 0.999999275504093, 0.03365960246811112], [0.0023390213839302536, -0.9999970506224147, 0.0006540072149677778, 0.031200280082605565], [0.0, 0.0, 0.0, 1.0]]}, "Hobj2base": {"type": "ndarray", "data": [[0.9999968660715252, 0.0019249002631475493, -0.0016008142007011602, -0.7326873601788101], [0.00192365844353986, -0.9999978479638589, -0.0007769207445702319, 0.08745677409695034], [-0.0016023062506368131, 0.0007738388900024705, -0.9999984168927727, 0.002722512521412158], [0.0, 0.0, 0.0, 1.0]]}, "mean_rme": {"type": "float", "data": 0.0015070308209615313}, "max_rme": {"type": "float", "data": 0.004415788272900761}, "simu": {"type": "float", "data": 0.002}}, {"type": "dict", "image_number": {"type": "int", "data": 10}, "Hcamera2end": {"type": "ndarray", "data": [[0.9999988700837997, 0.0009764837711021444, -0.0011429394422194435, -0.015642930566067793], [0.0011418929313370297, 0.0010715997252866982, 0.9999987738765296, 0.03379475559372797], [0.0009777073474047761, -0.9999989490761848, 0.0010704834745529634, 0.031028679449402262], [0.0, 0.0, 0.0, 1.0]]}, "Hobj2base": {"type": "ndarray", "data": [[0.9999994671960215, 0.0007516501338218088, -0.0007075519411344361, -0.7326374209033626], [0.0007508165484789181, -0.9999990247007706, -0.0011776553051393603, 0.0874040137248501], [-0.0007084364358272773, 0.0011771234359736163, -0.9999990562486709, 0.0028119055627880752], [0.0, 0.0, 0.0, 1.0]]}, "mean_rme": {"type": "float", "data": 0.0015436681156187867}, "max_rme": {"type": "float", "data": 0.004786658352409462}, "simu": {"type": "float", "data": 0.002}}, {"type": "dict", "image_number": {"type": "int", "data": 11}, "Hcamera2end": {"type": "ndarray", "data": [[0.9999981572092774, 0.0015671694046784745, -0.0011088544116836232, -0.014755718362709978], [0.0011073864401801776, 0.0009372600327004488, 0.9999989476188978, 0.03419315233102548], [0.0015682070403411639, -0.9999983327604541, 0.000935522843378167, 0.030442335391979082], [0.0, 0.0, 0.0, 1.0]]}, "Hobj2base": {"type": "ndarray", "data": [[0.9999988641435786, 0.0012014029619979252, -0.0009101332185091168, -0.7327992977843008], [0.001200275338565334, -0.9999985127273678, -0.0012384999650307362, 0.08818163338285494], [-0.0009116198024193117, 0.0012374061478156123, -0.9999988188869828, 0.002313388780884097], [0.0, 0.0, 0.0, 1.0]]}, "mean_rme": {"type": "float", "data": 0.0017106096200842859}, "max_rme": {"type": "float", "data": 0.006949264206754485}, "simu": {"type": "float", "data": 0.002}}, {"type": "dict", "image_number": {"type": "int", "data": 12}, "Hcamera2end": {"type": "ndarray", "data": [[0.9999986909882893, 0.0015983230870881462, -0.00025176381245665307, -0.015508161322992544], [0.0002501216316094138, 0.0010275566198594266, 0.999999440783125, 0.03432719685890818], [0.0015985808948510347, -0.9999981947437218, 0.0010271554995974208, 0.030480804758868597], [0.0, 0.0, 0.0, 1.0]]}, "Hobj2base": {"type": "ndarray", "data": [[0.999998619577785, 0.0011635552017427826, -0.0011861626434817734, -0.7327325682968535], [0.0011630582882181373, -0.9999992356451124, -0.0004195290332000339, 0.08812675883645577], [-0.001186649882021421, 0.0004181488777791604, -0.9999992085064737, 0.0028497333454188486], [0.0, 0.0, 0.0, 1.0]]}, "mean_rme": {"type": "float", "data": 0.0018518046349232998}, "max_rme": {"type": "float", "data": 0.0071497496616958756}, "simu": {"type": "float", "data": 0.002}}, {"type": "dict", "image_number": {"type": "int", "data": 13}, "Hcamera2end": {"type": "ndarray", "data": [[0.9999989100890201, 0.001275189853801476, -0.0007441180072346348, -0.015272031174163661], [0.0007429431024564542, 0.000921582898176454, 0.9999992993600086, 0.034491300871262114], [0.0012758747267821605, -0.9999987622871334, 0.0009206345002269467, 0.031094606620013728], [0.0, 0.0, 0.0, 1.0]]}, "Hobj2base": {"type": "ndarray", "data": [[0.9999989442197988, 0.0008388750085534973, -0.0011865277104120212, -0.7331066769281324], [0.0008377711217652357, -0.9999992161153848, -0.0009305418655822283, 0.08833777677231629], [-0.001187307388626653, 0.0009295468444835929, -0.9999988631212682, 0.0024654386138587836], [0.0, 0.0, 0.0, 1.0]]}, "mean_rme": {"type": "float", "data": 0.0018341555161325077}, "max_rme": {"type": "float", "data": 0.007279895529801489}, "simu": {"type": "float", "data": 0.002}}, {"type": "dict", "image_number": {"type": "int", "data": 14}, "Hcamera2end": {"type": "ndarray", "data": [[0.9999990748841525, 0.0012264360644815644, -0.0005882902504775857, -0.015182862748065858], [0.000587406152455724, 0.0007211032193884526, 0.9999995674819858, 0.034319481055065805], [0.0012268597520194275, -0.999998987931851, 0.0007203821361946305, 0.031246935259405133], [0.0, 0.0, 0.0, 1.0]]}, "Hobj2base": {"type": "ndarray", "data": [[0.9999990386706293, 0.0008047118947190293, -0.0011292017462308638, -0.7332908846928594], [0.0008039447178615401, -0.9999994458490624, -0.0006796870301251826, 0.08844588690041802], [-0.0011297480727204853, 0.0006787785609427955, -0.9999991314641017, 0.0025341472966119], [0.0, 0.0, 0.0, 1.0]]}, "mean_rme": {"type": "float", "data": 0.0017993614299438437}, "max_rme": {"type": "float", "data": 0.0069923198053364055}, "simu": {"type": "float", "data": 0.002}}, {"type": "dict", "image_number": {"type": "int", "data": 15}, "Hcamera2end": {"type": "ndarray", "data": [[0.9999986487998338, 0.0011376483147019292, -0.0011866569928297161, -0.014654480858603854], [0.0011854499175770164, 0.0010611145379578746, 0.9999987343714143, 0.034488803398841694], [0.001138906053848363, -0.9999987898953926, 0.0010597644790788507, 0.03170711473331935], [0.0, 0.0, 0.0, 1.0]]}, "Hobj2base": {"type": "ndarray", "data": [[0.9999985397960853, 0.0005618486877231327, -0.0016139181358715857, -0.7336592833882666], [0.0005603209017803066, -0.9999993946838843, -0.0009469278494164712, 0.08900062620591173], [-0.0016144491891104918, 0.0009460221546434273, -0.9999982492964168, 0.002362258302629224], [0.0, 0.0, 0.0, 1.0]]}, "mean_rme": {"type": "float", "data": 0.001854747169349613}, "max_rme": {"type": "float", "data": 0.007169518545754233}, "simu": {"type": "float", "data": 0.002}}, {"type": "dict", "image_number": {"type": "int", "data": 16}, "Hcamera2end": {"type": "ndarray", "data": [[0.9999981896658049, 0.0009822389687086006, -0.001629684546540903, -0.014163767450055025], [0.0016288468466085235, 0.0008530448014562042, 0.9999983095848295, 0.03452437407456549], [0.0009836275022473873, -0.9999991537602293, 0.0008514433403132848, 0.03230932391885157], [0.0, 0.0, 0.0, 1.0]]}, "Hobj2base": {"type": "ndarray", "data": [[0.9999987415972443, 0.0004755859966132406, -0.0015134800585130171, -0.7339751109828011], [0.0004733898306378503, -0.9999988351078464, -0.0014510978666079002, 0.08924988910751258], [-0.0015141684172970465, 0.0014503795744737727, -0.9999978018441311, 0.0019436824305717401], [0.0, 0.0, 0.0, 1.0]]}, "mean_rme": {"type": "float", "data": 0.0018336082035704004}, "max_rme": {"type": "float", "data": 0.007163317358972493}, "simu": {"type": "float", "data": 0.002}}, {"type": "dict", "image_number": {"type": "int", "data": 17}, "Hcamera2end": {"type": "ndarray", "data": [[0.9999988128904549, 0.0004640165781505132, -0.0014693217129385168, -0.013915954763194866], [0.0014689419982297392, 0.0008176047402079778, 0.9999985868649487, 0.03505244650271743], [0.000465217246829811, -0.9999995581054543, 0.0008169221561820095, 0.03233796055274301], [0.0, 0.0, 0.0, 1.0]]}, "Hobj2base": {"type": "ndarray", "data": [[0.9999992698429214, 6.591884133717841e-05, -0.0012066351273104662, -0.733917546275452], [6.423596071792757e-05, -0.9999990253778772, -0.0013946745271557095, 0.08930106871180969], [-0.0012067258866260496, 0.0013945959994575924, -0.9999982994558705, 0.0012148322626446893], [0.0, 0.0, 0.0, 1.0]]}, "mean_rme": {"type": "float", "data": 0.0017695576526629464}, "max_rme": {"type": "float", "data": 0.00702054412522965}, "simu": {"type": "float", "data": 0.002}}, {"type": "dict", "image_number": {"type": "int", "data": 18}, "Hcamera2end": {"type": "ndarray", "data": [[0.999998717095952, 0.0005699860688926551, -0.0014969710523171636, -0.01363505281206559], [0.0014964610307473731, 0.0008941740982637558, 0.9999984805273783, 0.0350699129542159], [0.0005713237555552613, -0.9999994377841235, 0.0008933199891839605, 0.03216200412322906], [0.0, 0.0, 0.0, 1.0]]}, "Hobj2base": {"type": "ndarray", "data": [[0.9999991219067945, 0.00010891054656961165, -0.001320728637088281, -0.7339445240944097], [0.0001069826804096698, -0.9999989289414148, -0.001459681721887168, 0.08949395009184027], [-0.0013208861972446838, 0.0014595391450608762, -0.9999980625006919, 0.001042107586340731], [0.0, 0.0, 0.0, 1.0]]}, "mean_rme": {"type": "float", "data": 0.001756751253325234}, "max_rme": {"type": "float", "data": 0.006757814294008818}, "simu": {"type": "float", "data": 0.002}}, {"type": "dict", "image_number": {"type": "int", "data": 19}, "Hcamera2end": {"type": "ndarray", "data": [[0.9999988324202956, 0.000514409126999631, -0.0014389375579175658, -0.013684654381989136], [0.0014384445766553208, 0.0009574335723778749, 0.9999985070979627, 0.03508013924089058], [0.0005157860461637029, -0.9999994093519278, 0.0009566925054790287, 0.032197856233446655], [0.0, 0.0, 0.0, 1.0]]}, "Hobj2base": {"type": "ndarray", "data": [[0.9999991187182523, 5.338920982566482e-05, -0.0013265414848688596, -0.7339066968513998], [5.143762981148247e-05, -0.9999989165065104, -0.001471169594487513, 0.08947722016691156], [-0.0013266185921519662, 0.0014711000638227734, -0.999998037971932, 0.001108228704253875], [0.0, 0.0, 0.0, 1.0]]}, "mean_rme": {"type": "float", "data": 0.00171831332645167}, "max_rme": {"type": "float", "data": 0.006866516261752914}, "simu": {"type": "float", "data": 0.002}}, {"type": "dict", "image_number": {"type": "int", "data": 20}, "Hcamera2end": {"type": "ndarray", "data": [[0.99999915238011, 0.0003037139948417071, -0.0012660951271717144, -0.013446033962355117], [0.0012658231342003684, 0.0008940830065228278, 0.9999987991529643, 0.035211401969032365], [0.0003048456242655026, -0.9999995541865941, 0.0008936978004794316, 0.03242547833501791], [0.0, 0.0, 0.0, 1.0]]}, "Hobj2base": {"type": "ndarray", "data": [[0.9999993618041205, -8.730931154819718e-05, -0.0011263962161791043, -0.7339073990725962], [-8.880520613221536e-05, -0.9999991141924196, -0.0013280542198782267, 0.08986159826510623], [-0.0011262792669091617, 0.0013281534021676602, -0.9999984837506268, 0.0008900841721917157], [0.0, 0.0, 0.0, 1.0]]}, "mean_rme": {"type": "float", "data": 0.0017059864393290005}, "max_rme": {"type": "float", "data": 0.006835201691717224}, "simu": {"type": "float", "data": 0.002}}, {"type": "dict", "image_number": {"type": "int", "data": 21}, "Hcamera2end": {"type": "ndarray", "data": [[0.9999991647526167, 0.0005182875143145932, -0.0011840068080030378, -0.013612769487884802], [0.0011835724160174372, 0.0008376352420160771, 0.9999989487612164, 0.03520018716323714], [0.0005192787352998277, -0.9999995148725096, 0.000837021111578018, 0.03239835529266355], [0.0, 0.0, 0.0, 1.0]]}, "Hobj2base": {"type": "ndarray", "data": [[0.9999993976220413, 0.00014523925379463168, -0.00108796190819595, -0.7339546678495196], [0.00014378501374180596, -0.9999990963813719, -0.001336623473578068, 0.08965413428890949], [-0.0010881550552892098, 0.0013364662358076277, -0.9999985148871857, 0.0008851082186187496], [0.0, 0.0, 0.0, 1.0]]}, "mean_rme": {"type": "float", "data": 0.0016801052301772153}, "max_rme": {"type": "float", "data": 0.00680044265961996}, "simu": {"type": "float", "data": 0.002}}, {"type": "dict", "image_number": {"type": "int", "data": 22}, "Hcamera2end": {"type": "ndarray", "data": [[0.9999990766039468, 0.0005823868520601395, -0.0012278504828817849, -0.013570795105295318], [0.0012274333942797176, 0.0007159886068268673, 0.9999989903832791, 0.035128920271969725], [0.000583265391029266, -0.999999574092844, 0.0007152731046151661, 0.032411375386469876], [0.0, 0.0, 0.0, 1.0]]}, "Hobj2base": {"type": "ndarray", "data": [[0.9999995087752565, 0.00023858487690731027, -0.0009620428796930378, -0.7339219334983305], [0.00023729328557287285, -0.9999990707710489, -0.0013424414088568073, 0.08961650757498667], [-0.0009623622719532288, 0.001342212463100586, -0.9999986361613511, 0.0008086398527271059], [0.0, 0.0, 0.0, 1.0]]}, "mean_rme": {"type": "float", "data": 0.001648139073653989}, "max_rme": {"type": "float", "data": 0.006771401336059052}, "simu": {"type": "float", "data": 0.002}}, {"type": "dict", "image_number": {"type": "int", "data": 23}, "Hcamera2end": {"type": "ndarray", "data": [[0.999999433060626, 8.583747078061898e-06, -0.0010648026793620645, -0.01354952087436443], [0.001064795941393721, 0.0007500772848875181, 0.9999991517964751, 0.03487070023098575], [9.382424099974051e-06, -0.9999997186551534, 0.0007500677197000982, 0.03233716312585074], [0.0, 0.0, 0.0, 1.0]]}, "Hobj2base": {"type": "ndarray", "data": [[0.9999996827199148, -0.0002609214748201233, -0.0007526486921175139, -0.7340136708871892], [-0.00026186469097906905, -0.9999991802454686, -0.0012533695679474686, 0.08994552197189008], [-0.0007523210440941746, 0.0012535662623954426, -0.9999989312917648, 0.0008422881056348634], [0.0, 0.0, 0.0, 1.0]]}, "mean_rme": {"type": "float", "data": 0.001737548346584377}, "max_rme": {"type": "float", "data": 0.006534302110563522}, "simu": {"type": "float", "data": 0.002}}, {"type": "dict", "image_number": {"type": "int", "data": 24}, "Hcamera2end": {"type": "ndarray", "data": [[0.9999993438503312, 0.00010589477692663288, -0.0011406512189335977, -0.01350586844103671], [0.0011405707502561788, 0.0007568684303664863, 0.9999990631238327, 0.0348049016304624], [0.00010675800061401024, -0.9999997079681953, 0.0007567471532623493, 0.03235145411070074], [0.0, 0.0, 0.0, 1.0]]}, "Hobj2base": {"type": "ndarray", "data": [[0.9999997277492044, -0.00015776936195457491, -0.0007208400276255294, -0.7340375126575697], [-0.00015871549655909498, -0.9999991258453458, -0.0013126758679574133, 0.08988988372318786], [-0.0007206322974657238, 0.0013127899190632883, -0.999998878635231, 0.0008569365752429461], [0.0, 0.0, 0.0, 1.0]]}, "mean_rme": {"type": "float", "data": 0.0016902780135301968}, "max_rme": {"type": "float", "data": 0.006543018924427352}, "simu": {"type": "float", "data": 0.002}}, {"type": "dict", "image_number": {"type": "int", "data": 25}, "Hcamera2end": {"type": "ndarray", "data": [[0.9999995672292397, 0.0004418888083696816, -0.0008187036181173774, -0.013786319053924568], [0.0008182937610928059, 0.0009268968950243428, 0.9999992356284411, 0.03462910907428407], [0.00044264732444402244, -0.9999994727980746, 0.0009265348990354916, 0.03194857695808521], [0.0, 0.0, 0.0, 1.0]]}, "Hobj2base": {"type": "ndarray", "data": [[0.9999996407881024, 0.0001385915749674353, -0.0008361913904624637, -0.7338273677230253], [0.00013779586105124118, -0.9999995377579509, -0.0009515756324795639, 0.08966228761509179], [-0.0008363228843052483, 0.0009514600669496229, -0.9999991976435649, 0.0011149456264802548], [0.0, 0.0, 0.0, 1.0]]}, "mean_rme": {"type": "float", "data": 0.0016657796329928645}, "max_rme": {"type": "float", "data": 0.006552624668492629}, "simu": {"type": "float", "data": 0.002}}, {"type": "dict", "image_number": {"type": "int", "data": 26}, "Hcamera2end": {"type": "ndarray", "data": [[0.9999995898218947, 0.0003743108354494262, -0.0008247711444887392, -0.013715474717588494], [0.0008244351576351684, 0.0008968829340145756, 0.9999992579535614, 0.034624766177375074], [0.00037505028085736334, -0.999999527746089, 0.0008965739711201959, 0.03207647879129809], [0.0, 0.0, 0.0, 1.0]]}, "Hobj2base": {"type": "ndarray", "data": [[0.999999704307841, 0.00010499531508514838, -0.0007618137662490068, -0.7337810542712657], [0.0001042716735329748, -0.9999995434365909, -0.0009498705320512126, 0.0897200678689313], [-0.0007619131503885195, 0.0009497908155856169, -0.9999992586926041, 0.000935471336175459], [0.0, 0.0, 0.0, 1.0]]}, "mean_rme": {"type": "float", "data": 0.001677652523911452}, "max_rme": {"type": "float", "data": 0.006658777420290446}, "simu": {"type": "float", "data": 0.002}}, {"type": "dict", "image_number": {"type": "int", "data": 27}, "Hcamera2end": {"type": "ndarray", "data": [[0.9999993655468558, 0.0007737587793201482, -0.0008186594148277488, -0.013663640072884453], [0.0008179616973549883, 0.0009016115065783037, 0.999999259017402, 0.03489306305241882], [0.0007744963187267351, -0.9999992941967724, 0.0009009780295036185, 0.03212487503929545], [0.0, 0.0, 0.0, 1.0]]}, "Hobj2base": {"type": "ndarray", "data": [[0.9999994547384286, 0.00047855244613089984, -0.0009281758464542883, -0.7337945060370408], [0.0004777590527469196, -0.9999995205133525, -0.0008548212401292667, 0.08959787739673304], [-0.0009285844782018319, 0.0008543773296149095, -0.999999203884806, 0.0006951673789089892], [0.0, 0.0, 0.0, 1.0]]}, "mean_rme": {"type": "float", "data": 0.001635155723961497}, "max_rme": {"type": "float", "data": 0.0066897484933968465}, "simu": {"type": "float", "data": 0.002}}, {"type": "dict", "image_number": {"type": "int", "data": 28}, "Hcamera2end": {"type": "ndarray", "data": [[0.9999995481352466, 0.000519461506144217, -0.0007961714929310154, -0.013634326364597146], [0.0007957235823010174, 0.0008618971780254281, 0.9999993119783808, 0.035474018752481504], [0.0005201473667064519, -0.9999994936463708, 0.0008614834407939531, 0.032124788683270886], [0.0, 0.0, 0.0, 1.0]]}, "Hobj2base": {"type": "ndarray", "data": [[0.9999996476464803, 0.00028806545744681003, -0.000788495534245773, -0.7337782025366841], [0.0002874283130072802, -0.9999996322241582, -0.000808044871174622, 0.08939543208277341], [-0.0007887280140716163, 0.0008078179505159454, -0.9999993626689365, 0.00013321059906577583], [0.0, 0.0, 0.0, 1.0]]}, "mean_rme": {"type": "float", "data": 0.001613122489888809}, "max_rme": {"type": "float", "data": 0.006650426484192534}, "simu": {"type": "float", "data": 0.002}}, {"type": "dict", "image_number": {"type": "int", "data": 29}, "Hcamera2end": {"type": "ndarray", "data": [[0.9999993487674748, 0.0006856571875531453, -0.0009123260643123378, -0.013837016700490763], [0.0009117876329790493, 0.000785180504259797, 0.9999992760671821, 0.035338728596634866], [0.0006863730318226317, -0.999999456682751, 0.0007845548191806051, 0.03215824216846703], [0.0, 0.0, 0.0, 1.0]]}, "Hobj2base": {"type": "ndarray", "data": [[0.9999995490631693, 0.00050725527528192, -0.0008028483938997542, -0.7337575058894876], [0.0005064835699425275, -0.9999994098603195, -0.0009611209113516047, 0.08920294800920686], [-0.0008033354537595262, 0.0009607138484261222, -0.9999992158402178, 0.0004178455114599807], [0.0, 0.0, 0.0, 1.0]]}, "mean_rme": {"type": "float", "data": 0.0016248099115781984}, "max_rme": {"type": "float", "data": 0.00681776278879917}, "simu": {"type": "float", "data": 0.002}}, {"type": "dict", "image_number": {"type": "int", "data": 30}, "Hcamera2end": {"type": "ndarray", "data": [[0.9999991410040713, 0.0007849355935330082, -0.00104969863937506, -0.01396142435530192], [0.0010490897150631222, 0.0007757731589010941, 0.9999991487930255, 0.0351182159966712], [0.0007857492534197187, -0.9999993910258744, 0.0007749490246570234, 0.03220151322063965], [0.0, 0.0, 0.0, 1.0]]}, "Hobj2base": {"type": "ndarray", "data": [[0.999999476116407, 0.0006181922103742112, -0.0008158463718753899, -0.7337361878968303], [0.0006173733278055933, -0.9999993058264249, -0.0010035919701353647, 0.08919406372860668], [-0.0008164662182747289, 0.0010030877625804148, -0.9999991635985777, 0.000728089541006464], [0.0, 0.0, 0.0, 1.0]]}, "mean_rme": {"type": "float", "data": 0.0016716772529744182}, "max_rme": {"type": "float", "data": 0.006993666237028046}, "simu": {"type": "float", "data": 0.002}}]}