{"type": "list", "data": [{"type": "dict", "image_number": {"type": "int", "data": 5}, "Hcamera2end": {"type": "ndarray", "data": [[0.9999959009847459, 0.002840828854744201, 0.00035735853743144256, -0.00971769046017102], [-0.0003506233460695927, -0.0023709989158768874, 0.99999712770958, 0.03520309691510131], [0.002841667991763526, -0.9999931540043456, -0.002369993136197568, 0.03542729362136563], [0.0, 0.0, 0.0, 1.0]]}, "Hobj2base": {"type": "ndarray", "data": [[0.9999962687700068, 0.002729576119404814, 0.00010890487912265327, -0.7361382842938962], [0.00272924045899498, -0.9999918602750821, 0.0029716376120770666, 0.09587779018500572], [0.0001170153037283457, -0.0029713292966113956, -0.999995578745041, -0.005249896400627363], [0.0, 0.0, 0.0, 1.0]]}, "mean_rme": {"type": "float", "data": 0.002089013815521714}, "max_rme": {"type": "float", "data": 0.007195752035889791}, "simu": {"type": "float", "data": 0.002}}, {"type": "dict", "image_number": {"type": "int", "data": 6}, "Hcamera2end": {"type": "ndarray", "data": [[0.9999949884344457, 0.002989711727177858, -0.0010415036155614061, -0.012601888688666768], [0.0010455494845450486, -0.0013520200937855442, 0.9999985394329038, 0.03444406785148574], [0.0029882992266872933, -0.9999946168182376, -0.0013551392096033954, 0.03568142673567103], [0.0, 0.0, 0.0, 1.0]]}, "Hobj2base": {"type": "ndarray", "data": [[0.9999953435867551, 0.0030096838415089176, -0.0005045869417453907, -0.7364975450416886], [0.0030104473348724387, -0.999994314547513, 0.0015192364838230335, 0.0920118317240201], [-0.0005000116514435147, -0.0015207484420441371, -0.9999987186554413, -0.005143968595205661], [0.0, 0.0, 0.0, 1.0]]}, "mean_rme": {"type": "float", "data": 0.001965278090147412}, "max_rme": {"type": "float", "data": 0.0074529951168940956}, "simu": {"type": "float", "data": 0.002}}, {"type": "dict", "image_number": {"type": "int", "data": 7}, "Hcamera2end": {"type": "ndarray", "data": [[0.9999960722286243, 0.0018017497985593797, -0.0021469105680804496, -0.014246941645494105], [0.002149064604014548, -0.001194441164426685, 0.9999969774112483, 0.03417521956533688], [0.0017991799942518477, -0.9999976635012544, -0.0011983085496520829, 0.03567523149363531], [0.0, 0.0, 0.0, 1.0]]}, "Hobj2base": {"type": "ndarray", "data": [[0.9999986502065991, 0.0016345894945355298, -0.00016643967141631027, -0.7363913008925876], [0.0016346897858999644, -0.9999984813487315, 0.0006042263932786116, 0.09042230099696935], [-0.00016545175653771786, -0.0006044976549286462, -0.9999998036041313, -0.004500631826646332], [0.0, 0.0, 0.0, 1.0]]}, "mean_rme": {"type": "float", "data": 0.001840313698980848}, "max_rme": {"type": "float", "data": 0.007094996313861596}, "simu": {"type": "float", "data": 0.002}}, {"type": "dict", "image_number": {"type": "int", "data": 8}, "Hcamera2end": {"type": "ndarray", "data": [[0.9999950137185086, 0.0014152459255689937, -0.0028230510250261552, -0.013835436852677824], [0.0028249967478525956, -0.0013747215315245143, 0.9999950647548642, 0.034435914492717636], [0.001411358031954728, -0.9999980536079461, -0.0013787127419131462, 0.03549436663330543], [0.0, 0.0, 0.0, 1.0]]}, "Hobj2base": {"type": "ndarray", "data": [[0.9999991858584392, 0.0012658752059951641, 0.0001607557824455026, -0.73630532264045], [0.0012659562513216054, -0.9999990711367646, -0.0005050548263155156, 0.09034929666839543], [0.00016011629674306542, 0.0005052579249171141, -0.9999998595385904, -0.004690794050062452], [0.0, 0.0, 0.0, 1.0]]}, "mean_rme": {"type": "float", "data": 0.0018217690433252963}, "max_rme": {"type": "float", "data": 0.00737846358072447}, "simu": {"type": "float", "data": 0.002}}, {"type": "dict", "image_number": {"type": "int", "data": 9}, "Hcamera2end": {"type": "ndarray", "data": [[0.9999981253631128, 0.0011608490459031856, -0.0015497418341884092, -0.015185521706256578], [0.0015525701183212986, -0.002439466796188672, 0.9999958192551497, 0.034645055866567], [0.0011570636489423476, -0.9999963507089629, -0.002441264522614839, 0.03494263777849359], [0.0, 0.0, 0.0, 1.0]]}, "Hobj2base": {"type": "ndarray", "data": [[0.9999984492874398, 0.0009770992039091005, 0.001465162059796487, -0.7352401163078243], [0.0009763214081960877, -0.9999993821619559, 0.0005314811509183413, 0.08955947162435246], [0.0014656804643730812, -0.0005300498576583891, -0.9999987854132246, -0.004828032335763356], [0.0, 0.0, 0.0, 1.0]]}, "mean_rme": {"type": "float", "data": 0.0017907614249525665}, "max_rme": {"type": "float", "data": 0.007940426502444864}, "simu": {"type": "float", "data": 0.002}}, {"type": "dict", "image_number": {"type": "int", "data": 10}, "Hcamera2end": {"type": "ndarray", "data": [[0.9999985181852623, 0.0012215227466320412, -0.0012130578960517769, -0.015650609806963908], [0.0012163283075208979, -0.0026801492375216895, 0.9999956686633763, 0.03475010688373799], [0.0012182662796106595, -0.9999956623317144, -0.0026816310387320907, 0.03624530369568966], [0.0, 0.0, 0.0, 1.0]]}, "Hobj2base": {"type": "ndarray", "data": [[0.9999980770700023, 0.0009665943801077336, 0.0017063269329258065, -0.7364655772329015], [0.0009651582145470056, -0.9999991795051446, 0.0008422936888365294, 0.08933825441799301], [0.0017071396892393662, -0.0008406451937087123, -0.9999981894932306, -0.004945111371102184], [0.0, 0.0, 0.0, 1.0]]}, "mean_rme": {"type": "float", "data": 0.0017066916040218737}, "max_rme": {"type": "float", "data": 0.00802326438426268}, "simu": {"type": "float", "data": 0.002}}, {"type": "dict", "image_number": {"type": "int", "data": 11}, "Hcamera2end": {"type": "ndarray", "data": [[0.9999970634215449, 0.0010507423704875065, -0.0021838243421990534, -0.01544747211575458], [0.002184587108578926, -0.000725331654510164, 0.9999973507330687, 0.034793707278838897], [0.001049155589867204, -0.9999991849168989, -0.0007276249627539144, 0.03490154123331473], [0.0, 0.0, 0.0, 1.0]]}, "Hobj2base": {"type": "ndarray", "data": [[0.9999995985739392, 0.0008895909706575508, 0.00010714413409904132, -0.7360978857663547], [0.0008896681495947817, -0.9999993432798695, -0.000722447516138918, 0.08903911887863752], [0.00010650138094820042, 0.0007225425488531813, -0.9999997332948249, -0.004813733968836937], [0.0, 0.0, 0.0, 1.0]]}, "mean_rme": {"type": "float", "data": 0.0016143618759973538}, "max_rme": {"type": "float", "data": 0.007874029572913721}, "simu": {"type": "float", "data": 0.002}}, {"type": "dict", "image_number": {"type": "int", "data": 12}, "Hcamera2end": {"type": "ndarray", "data": [[0.9999981078541015, 0.0009146912276067625, -0.0017168657999078645, -0.015253318566321974], [0.0017176691209836847, -0.0008781823970507308, 0.9999981392025027, 0.0347323845659533], [0.0009131818042280374, -0.9999991960674944, -0.0008797518722785114, 0.035259664000483824], [0.0, 0.0, 0.0, 1.0]]}, "Hobj2base": {"type": "ndarray", "data": [[0.9999997185454322, 0.0007499811477743613, -2.0912540492379144e-05, -0.736585032916412], [0.000749976118590811, -0.9999996900958454, -0.0002394661462892754, 0.08932409523541253], [-2.1092129106743092e-05, 0.00023945039498448633, -0.999999971109315, -0.004727679720180326], [0.0, 0.0, 0.0, 1.0]]}, "mean_rme": {"type": "float", "data": 0.0016229378195449207}, "max_rme": {"type": "float", "data": 0.007973975567446417}, "simu": {"type": "float", "data": 0.002}}, {"type": "dict", "image_number": {"type": "int", "data": 13}, "Hcamera2end": {"type": "ndarray", "data": [[0.9999983466552198, 0.0009354515971844391, -0.001559364337188908, -0.015138184601983505], [0.0015599219632784107, -0.0005956704739911167, 0.9999986059091056, 0.0348429032130309], [0.0009345214257860273, -0.9999993850533088, -0.0005971287206345544, 0.034744213198505534], [0.0, 0.0, 0.0, 1.0]]}, "Hobj2base": {"type": "ndarray", "data": [[0.9999996382729796, 0.0007994397814496768, -0.00029043062162594906, -0.7362778551336847], [0.0007993813475342334, -0.9999996602423016, -0.00020125790155592512, 0.08958031188297057], [-0.0002905914165227444, 0.00020102566393382347, -0.9999999375726538, -0.004510356096513222], [0.0, 0.0, 0.0, 1.0]]}, "mean_rme": {"type": "float", "data": 0.0016655254502647157}, "max_rme": {"type": "float", "data": 0.007924155245045555}, "simu": {"type": "float", "data": 0.002}}, {"type": "dict", "image_number": {"type": "int", "data": 14}, "Hcamera2end": {"type": "ndarray", "data": [[0.9999988130283295, 0.0010736971476054528, -0.0011050413419462339, -0.015526405179532903], [0.0011055029674019979, -0.0004294417734136413, 0.9999992967212289, 0.03476632493068228], [0.0010732218415834612, -0.9999993313768757, -0.00043062823906137027, 0.03455349898731738], [0.0, 0.0, 0.0, 1.0]]}, "Hobj2base": {"type": "ndarray", "data": [[0.9999995374638405, 0.0009228306021788624, -0.0002710272768232721, -0.7362339543563664], [0.000922902710889378, -0.9999995387331992, 0.0002660525781928458, 0.08939208479510533], [-0.0002707816303464424, -0.0002663025869424132, -0.9999999278801175, -0.004607327043107734], [0.0, 0.0, 0.0, 1.0]]}, "mean_rme": {"type": "float", "data": 0.0016372676289231553}, "max_rme": {"type": "float", "data": 0.00794678195299725}, "simu": {"type": "float", "data": 0.002}}, {"type": "dict", "image_number": {"type": "int", "data": 15}, "Hcamera2end": {"type": "ndarray", "data": [[0.9999981854616193, 0.0013451865768916087, -0.0013489056831581454, -0.015439427650479627], [0.0013490055057850847, -7.330270085303958e-05, 0.9999990874050133, 0.03472819137682658], [0.001345086470851311, -0.9999990925494819, -7.511723194086883e-05, 0.034199444763123185], [0.0, 0.0, 0.0, 1.0]]}, "Hobj2base": {"type": "ndarray", "data": [[0.9999991682645472, 0.0012289739742187798, -0.00039127124181421904, -0.7361671795714169], [0.0012289052684391157, -0.9999992294448583, -0.00017578831301360927, 0.08937528630690374], [-0.00039148697957981735, 0.0001753073315137829, -0.999999908002638, -0.004688668638392087], [0.0, 0.0, 0.0, 1.0]]}, "mean_rme": {"type": "float", "data": 0.0016066940441364789}, "max_rme": {"type": "float", "data": 0.007830532061732426}, "simu": {"type": "float", "data": 0.002}}, {"type": "dict", "image_number": {"type": "int", "data": 16}, "Hcamera2end": {"type": "ndarray", "data": [[0.9999981891097955, 0.00143875813851397, -0.0012456934408095668, -0.01549857444089851], [0.0012461245149183395, -0.00029875784452104703, 0.9999991789583846, 0.034799537872996736], [0.0014383847965463536, -0.9999989203588016, -0.0003005501752906259, 0.03445360764876857], [0.0, 0.0, 0.0, 1.0]]}, "Hobj2base": {"type": "ndarray", "data": [[0.9999990935885978, 0.001339166272632054, -0.0001394836080224257, -0.7362644901135839], [0.001339130437550022, -0.9999990704195716, -0.0002566898209736681, 0.08942206036649783], [-0.0001398272287119695, 0.0002565028015620454, -0.9999999573273288, -0.004795260952806309], [0.0, 0.0, 0.0, 1.0]]}, "mean_rme": {"type": "float", "data": 0.0015456344604410236}, "max_rme": {"type": "float", "data": 0.0078390028501647}, "simu": {"type": "float", "data": 0.002}}, {"type": "dict", "image_number": {"type": "int", "data": 17}, "Hcamera2end": {"type": "ndarray", "data": [[0.9999988458069783, 0.0011039443222034943, -0.0010438829650678517, -0.015558597710922065], [0.001044194624998382, -0.00028177622572678196, 0.9999994151297009, 0.03491976113476816], [0.001103649535137251, -0.9999993509543355, -0.0002829286332302061, 0.034545929410456165], [0.0, 0.0, 0.0, 1.0]]}, "Hobj2base": {"type": "ndarray", "data": [[0.9999994780473827, 0.001014865026836777, -0.00011812679419784982, -0.7361096046756934], [0.0010148412832960917, -0.999999464870617, -0.00020088715531989073, 0.08961120796687602], [-0.00011833060433300623, 0.0002007671705188988, -0.9999999728452051, -0.004717401840994347], [0.0, 0.0, 0.0, 1.0]]}, "mean_rme": {"type": "float", "data": 0.0016044475837508542}, "max_rme": {"type": "float", "data": 0.0078053464795515}, "simu": {"type": "float", "data": 0.002}}, {"type": "dict", "image_number": {"type": "int", "data": 18}, "Hcamera2end": {"type": "ndarray", "data": [[0.9999974802791513, 0.001971396775139366, -0.0010737923931039214, -0.01565391606000838], [0.0010742603132955495, -0.00023631109707134001, 0.9999993950607393, 0.0340178397947175], [0.001971141833505617, -0.9999980288739674, -0.0002384282949505767, 0.03445618290089928], [0.0, 0.0, 0.0, 1.0]]}, "Hobj2base": {"type": "ndarray", "data": [[0.9999982431486929, 0.001874486406910206, -4.879005315858617e-07, -0.7362449484305338], [0.0018744862720784534, -0.9999982232041051, -0.0001997244322360967, 0.08914640008749057], [-8.622803980406216e-07, 0.00019972316678711823, -0.9999999800549566, -0.003923752793630047], [0.0, 0.0, 0.0, 1.0]]}, "mean_rme": {"type": "float", "data": 0.0015725616028724138}, "max_rme": {"type": "float", "data": 0.007551210692643723}, "simu": {"type": "float", "data": 0.002}}, {"type": "dict", "image_number": {"type": "int", "data": 19}, "Hcamera2end": {"type": "ndarray", "data": [[0.9999977917132585, 0.0018384726160353302, -0.0010181291895032145, -0.01547756716993915], [0.001018068093685898, 3.4167374690419194e-05, 0.999999481184839, 0.034138544954459324], [0.0018385064490093652, -0.9999983094240863, 3.2295608927590536e-05, 0.034145680407839545], [0.0, 0.0, 0.0, 1.0]]}, "Hobj2base": {"type": "ndarray", "data": [[0.9999984231984469, 0.0017566618588341703, -0.00026026857961914876, -0.7361437263195266], [0.001756608402165605, -0.9999984360518734, -0.00020547683272722746, 0.08942857076763881], [-0.0002606291258875172, 0.00020501931875725981, -0.9999999450197674, -0.003669229140717866], [0.0, 0.0, 0.0, 1.0]]}, "mean_rme": {"type": "float", "data": 0.0016632606091433952}, "max_rme": {"type": "float", "data": 0.00749812640665512}, "simu": {"type": "float", "data": 0.002}}, {"type": "dict", "image_number": {"type": "int", "data": 20}, "Hcamera2end": {"type": "ndarray", "data": [[0.9999976115438837, 0.001989807721972584, -0.0009041967470696141, -0.01552955866951643], [0.0009042866452289344, -4.428010418289219e-05, 0.9999995901523839, 0.03417817958383922], [0.00198976686852847, -0.9999980193502895, -4.607935497147331e-05, 0.033469615964579195], [0.0, 0.0, 0.0, 1.0]]}, "Hobj2base": {"type": "ndarray", "data": [[0.9999981674271518, 0.0019086034562129498, -0.0001495833715421579, -0.7354845186325382], [0.0019085835477854612, -0.9999981697919527, -0.0001331224471483275, 0.0891421631874485], [-0.00014983717573619436, 0.00013283671082979772, -0.9999999799516142, -0.0036933743345456847], [0.0, 0.0, 0.0, 1.0]]}, "mean_rme": {"type": "float", "data": 0.0017062445086190483}, "max_rme": {"type": "float", "data": 0.007811270181271507}, "simu": {"type": "float", "data": 0.002}}, {"type": "dict", "image_number": {"type": "int", "data": 21}, "Hcamera2end": {"type": "ndarray", "data": [[0.9999980088194315, 0.0017757780305076643, -0.0009104776541558489, -0.015346391192782562], [0.0009102373101287887, 0.000136149254671869, 0.99999957646562, 0.03418335455349865], [0.001775901239258626, -0.9999984140366256, 0.00013453260415630108, 0.03345048034460024], [0.0, 0.0, 0.0, 1.0]]}, "Hobj2base": {"type": "ndarray", "data": [[0.9999985112938367, 0.0016969875448944812, -0.00031247941208421587, -0.7356620862233795], [0.0016969142931624517, -0.9999985327360428, -0.00023453708404942488, 0.08928043234421551], [-0.00031287696010488483, 0.0002340064841119376, -0.9999999236744839, -0.0036252991286162815], [0.0, 0.0, 0.0, 1.0]]}, "mean_rme": {"type": "float", "data": 0.001692927936689748}, "max_rme": {"type": "float", "data": 0.007829995870955148}, "simu": {"type": "float", "data": 0.002}}, {"type": "dict", "image_number": {"type": "int", "data": 22}, "Hcamera2end": {"type": "ndarray", "data": [[0.9999983734223518, 0.001593962923912373, -0.0008440585572198312, -0.015320226589945857], [0.0008438985915792342, 0.000101027095970041, 0.9999996388142812, 0.034143259914961546], [0.0015940476209805935, -0.999998724537048, 9.968178857511223e-05, 0.0337044004166346], [0.0, 0.0, 0.0, 1.0]]}, "Hobj2base": {"type": "ndarray", "data": [[0.9999988054671535, 0.0015260025845643562, -0.0002457241908343738, -0.7357704314908851], [0.0015259538813873696, -0.999998816076523, -0.00019826826397745278, 0.08952955873664079], [-0.00024602645779900204, 0.00019789306335674458, -0.9999999501546577, -0.0036195114305803662], [0.0, 0.0, 0.0, 1.0]]}, "mean_rme": {"type": "float", "data": 0.0016913924041239297}, "max_rme": {"type": "float", "data": 0.0076364814984066776}, "simu": {"type": "float", "data": 0.002}}, {"type": "dict", "image_number": {"type": "int", "data": 23}, "Hcamera2end": {"type": "ndarray", "data": [[0.9999986227654729, 0.0014582840093168524, -0.0007923855787849626, -0.015208773403193258], [0.0007921686772858789, 0.00014930908105481588, 0.9999996750877398, 0.03408230582833605], [0.0014584018458651082, -0.9999989255566961, 0.0001481536685064011, 0.0335788098405662], [0.0, 0.0, 0.0, 1.0]]}, "Hobj2base": {"type": "ndarray", "data": [[0.9999989883887211, 0.001389480248857518, -0.0003042468937048339, -0.735704731368422], [0.0013894313648402208, -0.9999990218074777, -0.00016082465773593362, 0.08972775899200398], [-0.0003044700587782508, 0.00016040176486712725, -0.999999940784627, -0.0035585704673267086], [0.0, 0.0, 0.0, 1.0]]}, "mean_rme": {"type": "float", "data": 0.0016495858399129912}, "max_rme": {"type": "float", "data": 0.007530706229349204}, "simu": {"type": "float", "data": 0.002}}, {"type": "dict", "image_number": {"type": "int", "data": 24}, "Hcamera2end": {"type": "ndarray", "data": [[0.9999982634379463, 0.001537356886162266, -0.0010534015836024938, -0.014961794792520182], [0.0010531473254603066, 0.00016618670626022958, 0.9999994316311831, 0.034044260044628315], [0.0015375310737161, -0.9999988044571768, 0.00016456735437386794, 0.03354284260993113], [0.0, 0.0, 0.0, 1.0]]}, "Hobj2base": {"type": "ndarray", "data": [[0.9999988379258892, 0.001464103341928653, -0.0004249097262383962, -0.7356424368218971], [0.0014639414985124794, -0.9999988558754063, -0.0003809503479252496, 0.08980434811132439], [-0.0004254669907662345, 0.0003803278622513508, -0.9999998371642653, -0.0035211810343900446], [0.0, 0.0, 0.0, 1.0]]}, "mean_rme": {"type": "float", "data": 0.0016081276318041994}, "max_rme": {"type": "float", "data": 0.007494165772525457}, "simu": {"type": "float", "data": 0.002}}, {"type": "dict", "image_number": {"type": "int", "data": 25}, "Hcamera2end": {"type": "ndarray", "data": [[0.9999983798405658, 0.0014754768557443578, -0.0010311567734779439, -0.015002678299590802], [0.0010310024721700828, 0.00010533403669954478, 0.9999994629691775, 0.03400942949383783], [0.0014755846792732289, -0.9999989059357961, 0.00010381264575565208, 0.03361663711187959], [0.0, 0.0, 0.0, 1.0]]}, "Hobj2base": {"type": "ndarray", "data": [[0.999998941282815, 0.001396155870425042, -0.0004101000301953467, -0.735640944879218], [0.0013960189154851245, -0.9999989697698315, -0.00033405159021838657, 0.08976150554976459], [-0.0004105659957866313, 0.0003334787291528336, -0.9999998601137412, -0.0035098017989015438], [0.0, 0.0, 0.0, 1.0]]}, "mean_rme": {"type": "float", "data": 0.0015658249754256248}, "max_rme": {"type": "float", "data": 0.007506882620240629}, "simu": {"type": "float", "data": 0.002}}, {"type": "dict", "image_number": {"type": "int", "data": 26}, "Hcamera2end": {"type": "ndarray", "data": [[0.9999970111942718, 0.0022413586978397623, -0.000976685062366518, -0.014903431426069622], [0.0009762935457246292, 0.00017576572817201708, 0.9999995079785395, 0.033068541037182216], [0.002241529262804364, -0.9999974727056045, 0.00017357697881204004, 0.03357356807735266], [0.0, 0.0, 0.0, 1.0]]}, "Hobj2base": {"type": "ndarray", "data": [[0.9999975745584202, 0.0021691200835102196, -0.00038183155986052313, -0.7357436055918286], [0.0021690264680916393, -0.9999976175441938, -0.00024541824898043313, 0.08961192094008927], [-0.00038236299181642974, 0.0002445894509731174, -0.9999998969872661, -0.0025115892492329098], [0.0, 0.0, 0.0, 1.0]]}, "mean_rme": {"type": "float", "data": 0.001550769456069074}, "max_rme": {"type": "float", "data": 0.007123852648710988}, "simu": {"type": "float", "data": 0.002}}, {"type": "dict", "image_number": {"type": "int", "data": 27}, "Hcamera2end": {"type": "ndarray", "data": [[0.9999980512550032, 0.0016503299605472952, -0.001083465374328679, -0.015050561305578622], [0.001083076493526877, 0.00023651370629929058, 0.9999993855030989, 0.03267455440244952], [0.0016505852008359783, -0.9999986102351781, 0.00023472581180761232, 0.03355055884969456], [0.0, 0.0, 0.0, 1.0]]}, "Hobj2base": {"type": "ndarray", "data": [[0.9999987445269414, 0.0015515956148112455, -0.0003217073034343966, -0.735675101107105], [0.0015514959546742988, -0.9999987484402295, -0.0003098036090683156, 0.08963600079794877], [-0.000322187590719761, 0.00030930409253836325, -0.999999900263062, -0.002037400335795663], [0.0, 0.0, 0.0, 1.0]]}, "mean_rme": {"type": "float", "data": 0.0015215351190397465}, "max_rme": {"type": "float", "data": 0.006755722668474379}, "simu": {"type": "float", "data": 0.002}}, {"type": "dict", "image_number": {"type": "int", "data": 28}, "Hcamera2end": {"type": "ndarray", "data": [[0.9999985890821467, 0.0011685678036610862, -0.0012067655133742865, -0.015102235210212523], [0.0012063854591856439, 0.00032588102879393954, 0.9999992192175348, 0.033211755958504986], [0.001168960153250847, -0.999999264125151, 0.0003244708257961193, 0.033546351768421585], [0.0, 0.0, 0.0, 1.0]]}, "Hobj2base": {"type": "ndarray", "data": [[0.9999994271496075, 0.0010276016188718656, -0.0002995586248588098, -0.7356015536303043], [0.0010275167282957996, -0.999999431946232, -0.0002834018098984599, 0.08961760980778961], [-0.0002998496788520471, 0.00028309384605347413, -0.9999999149740182, -0.002475562487854218], [0.0, 0.0, 0.0, 1.0]]}, "mean_rme": {"type": "float", "data": 0.0015372727393167787}, "max_rme": {"type": "float", "data": 0.00702747627391781}, "simu": {"type": "float", "data": 0.002}}, {"type": "dict", "image_number": {"type": "int", "data": 29}, "Hcamera2end": {"type": "ndarray", "data": [[0.999998517757464, 0.0010760144194317267, -0.0013441264241696228, -0.015251269363268089], [0.0013437052888206232, 0.0003920117798689171, 0.9999990203909508, 0.032701354311568676], [0.0010765402787501718, -0.9999993442596518, 0.0003905653525461128, 0.03359950919590245], [0.0, 0.0, 0.0, 1.0]]}, "Hobj2base": {"type": "ndarray", "data": [[0.9999995489769664, 0.000905806132545701, -0.0002855890647422308, -0.7355558662137355], [0.000905719272842168, -0.9999995435901765, -0.00030412503730807333, 0.089596598181606], [-0.0002858644127204304, 0.0003038662366206264, -0.9999999129734205, -0.0018758168942504892], [0.0, 0.0, 0.0, 1.0]]}, "mean_rme": {"type": "float", "data": 0.0015933686220113298}, "max_rme": {"type": "float", "data": 0.006563401036931149}, "simu": {"type": "float", "data": 0.002}}, {"type": "dict", "image_number": {"type": "int", "data": 30}, "Hcamera2end": {"type": "ndarray", "data": [[0.9999988002780918, 0.0007365055447316577, -0.0013627185914977429, -0.015231289468050233], [0.0013624006140518484, 0.0004320674250178902, 0.9999989785906318, 0.032636247009216364], [0.000737093578770847, -0.9999996354385949, 0.0004310634910507094, 0.03357269025683724], [0.0, 0.0, 0.0, 1.0]]}, "Hobj2base": {"type": "ndarray", "data": [[0.999999812399857, 0.000547958703614774, -0.00027375446994370143, -0.7355440435833251], [0.0005478823052771026, -0.9999998109715416, -0.0002790732173132547, 0.08971706722542903], [-0.0002739073387946886, 0.0002789231797290066, -0.9999999235883117, -0.0018212232826027815], [0.0, 0.0, 0.0, 1.0]]}, "mean_rme": {"type": "float", "data": 0.0015616200978786636}, "max_rme": {"type": "float", "data": 0.006470473415067207}, "simu": {"type": "float", "data": 0.002}}]}