{"type": "list", "data": [{"type": "dict", "image_number": {"type": "int", "data": 5}, "Hcamera2end": {"type": "ndarray", "data": [[0.9999964342182062, -0.0006782422666928177, -0.0025829321130237315, -0.013715674377537544], [0.002581777159600526, -0.001698252197445349, 0.9999952251716865, 0.01979196575285041], [-0.0006826254983392339, -0.9999983279620529, -0.0016964950714557503, 0.032124075603317606], [0.0, 0.0, 0.0, 1.0]]}, "Hobj2base": {"type": "ndarray", "data": [[0.9999969119090424, 0.0005500310444915938, 0.002423559000521623, -0.7331184787454902], [0.0005502536263742264, -0.9999998444540128, -9.117508773621106e-05, 0.08991491730579107], [0.002423508474418007, 9.250837830801599e-05, -0.9999970590201124, 0.0006489450526148243], [0.0, 0.0, 0.0, 1.0]]}, "mean_rme": {"type": "float", "data": 0.001511557625109497}, "max_rme": {"type": "float", "data": 0.004031984429514773}, "simu": {"type": "float", "data": 0.002}}, {"type": "dict", "image_number": {"type": "int", "data": 6}, "Hcamera2end": {"type": "ndarray", "data": [[0.9999934733845287, -0.001718595638381267, -0.0031779895181696573, -0.014323070630615341], [0.003178906560333099, 0.0005311316077167838, 0.9999948062126602, 0.020289076772108883], [-0.0017168987816789053, -0.9999983821628149, 0.0005365913961744573, 0.032308462692215094], [0.0, 0.0, 0.0, 1.0]]}, "Hobj2base": {"type": "ndarray", "data": [[0.9999980859829093, -0.001590651547898619, 0.0011392357838319262, -0.7346426468652715], [-0.001589889715241015, -0.9999985121321, -0.0006693162777491161, 0.08932332173795032], [0.0011402987377728082, 0.0006675037374103724, -0.9999991270783937, 0.0011315676305954185], [0.0, 0.0, 0.0, 1.0]]}, "mean_rme": {"type": "float", "data": 0.0013752562658328484}, "max_rme": {"type": "float", "data": 0.004008739943179407}, "simu": {"type": "float", "data": 0.002}}, {"type": "dict", "image_number": {"type": "int", "data": 7}, "Hcamera2end": {"type": "ndarray", "data": [[0.9999978666890588, -0.0016419640633906613, -0.0012532243797272068, -0.014238878436019306], [0.0012536325462734854, 0.000247578711601526, 0.9999991835547767, 0.019574402095208127], [-0.0016416524511396653, -0.9999986213284474, 0.0002496366030287911, 0.032114872340775195], [0.0, 0.0, 0.0, 1.0]]}, "Hobj2base": {"type": "ndarray", "data": [[0.9999982096879888, -0.00152345291638813, 0.0011223689361087089, -0.7344983423617848], [-0.0015245323292441579, -0.9999983756578494, 0.0009615003066775202, 0.09059343622922345], [0.0011209023125512217, -0.0009632096730204095, -0.9999989079019693, 0.0008458977083604181], [0.0, 0.0, 0.0, 1.0]]}, "mean_rme": {"type": "float", "data": 0.001485081459243167}, "max_rme": {"type": "float", "data": 0.004034274303699126}, "simu": {"type": "float", "data": 0.002}}, {"type": "dict", "image_number": {"type": "int", "data": 8}, "Hcamera2end": {"type": "ndarray", "data": [[0.9999971354004671, -0.0016044058062636857, -0.0017762524788871275, -0.014248214936203728], [0.0017761601507762345, -5.8969617135140595e-05, 0.9999984208876047, 0.01950661627606256], [-0.0016045080176552054, -0.9999987112014661, -5.611976655184314e-05, 0.031317247701128155], [0.0, 0.0, 0.0, 1.0]]}, "Hobj2base": {"type": "ndarray", "data": [[0.9999981988666091, -0.0013113394809775552, 0.0013720977746952351, -0.733551188394133], [-0.0013122261569774526, -0.9999989306835022, 0.0006455186786430985, 0.09036128221353759], [0.0013712498133594355, -0.0006473180185677375, -0.9999988503260051, 0.0005714072440755683], [0.0, 0.0, 0.0, 1.0]]}, "mean_rme": {"type": "float", "data": 0.0014222271879903844}, "max_rme": {"type": "float", "data": 0.003967675195828191}, "simu": {"type": "float", "data": 0.002}}, {"type": "dict", "image_number": {"type": "int", "data": 9}, "Hcamera2end": {"type": "ndarray", "data": [[0.9999976475381018, -0.0015476358228732213, -0.0015197834128735412, -0.013778040902065407], [0.001519551055742089, -0.00015130161791510055, 0.999998834035525, 0.019502309249164438], [-0.0015478639640740797, -0.9999987909648593, -0.00014894955033528667, 0.031155999366042793], [0.0, 0.0, 0.0, 1.0]]}, "Hobj2base": {"type": "ndarray", "data": [[0.9999983142239223, -0.001268465844111373, 0.0013276082689696168, -0.7334139674006533], [-0.0012694698932620271, -0.9999989086699528, 0.000755714955244264, 0.09059346723051438], [0.0013266482215022106, -0.0007573990400055736, -0.9999988331749146, 0.00016935337557638034], [0.0, 0.0, 0.0, 1.0]]}, "mean_rme": {"type": "float", "data": 0.0014547126291896695}, "max_rme": {"type": "float", "data": 0.00404966739379381}, "simu": {"type": "float", "data": 0.002}}, {"type": "dict", "image_number": {"type": "int", "data": 10}, "Hcamera2end": {"type": "ndarray", "data": [[0.9999973633215488, -0.0014244156571217054, -0.0018012190278268525, -0.013806322459258344], [0.0017998380446449657, -0.0009701968579178821, 0.9999979096483501, 0.019551547627649768], [-0.001426160216633306, -0.9999985148779434, -0.0009676305823296261, 0.031276874813093325], [0.0, 0.0, 0.0, 1.0]]}, "Hobj2base": {"type": "ndarray", "data": [[0.9999974596958433, -0.0008368679682822245, 0.0020929056032242643, -0.7330014240720102], [-0.0008381237232486317, -0.9999994692535634, 0.000599200479939879, 0.09037724983444476], [0.002092403040733833, -0.0006009530716249914, -0.9999976303496525, 9.915089181911085e-07], [0.0, 0.0, 0.0, 1.0]]}, "mean_rme": {"type": "float", "data": 0.0013531576286665424}, "max_rme": {"type": "float", "data": 0.003951873301814679}, "simu": {"type": "float", "data": 0.002}}, {"type": "dict", "image_number": {"type": "int", "data": 11}, "Hcamera2end": {"type": "ndarray", "data": [[0.9999987859311045, -0.0011714880476138441, -0.0010274979666107069, -0.014473977061379557], [0.0010266605860475583, -0.000715178205288769, 0.9999992172437817, 0.01922638210659682], [-0.0011722219747759884, -0.9999990580675011, -0.0007139746164075422, 0.02975517640886795], [0.0, 0.0, 0.0, 1.0]]}, "Hobj2base": {"type": "ndarray", "data": [[0.999997920205629, -0.0006187928760862476, 0.0019433681567779474, -0.7319374399571278], [-0.00062167974015937, -0.9999987037835028, 0.0014852426116821816, 0.08977535248822686], [0.0019424465802047133, -0.001486447675293698, -0.999997008682822, 0.0006141552549039767], [0.0, 0.0, 0.0, 1.0]]}, "mean_rme": {"type": "float", "data": 0.001378365704273765}, "max_rme": {"type": "float", "data": 0.004146882462361112}, "simu": {"type": "float", "data": 0.002}}, {"type": "dict", "image_number": {"type": "int", "data": 12}, "Hcamera2end": {"type": "ndarray", "data": [[0.9999990870652753, -0.001004700780832322, -0.0009035734375202965, -0.014532260759022243], [0.000903276987349666, -0.000295477766061758, 0.999999548391685, 0.019513810952715475], [-0.0010049673129618865, -0.999999451634465, -0.00029456997321553047, 0.03096940459161792], [0.0, 0.0, 0.0, 1.0]]}, "Hobj2base": {"type": "ndarray", "data": [[0.9999984887903065, -0.000640386650621808, 0.0016162679359649603, -0.7333336089960847], [-0.0006432290928651882, -0.9999982465456032, 0.001758738767796634, 0.09004523994256369], [0.0016151388290840132, -0.0017597757405318378, -0.999997147253884, 0.0002210609766340743], [0.0, 0.0, 0.0, 1.0]]}, "mean_rme": {"type": "float", "data": 0.0015171236832946505}, "max_rme": {"type": "float", "data": 0.004229590174697484}, "simu": {"type": "float", "data": 0.002}}, {"type": "dict", "image_number": {"type": "int", "data": 13}, "Hcamera2end": {"type": "ndarray", "data": [[0.9999990165819105, -0.0009506093779305597, -0.0010311047582608444, -0.014546355479789759], [0.0010308991929348567, -0.0002167104790937735, 0.9999994451415575, 0.019467675417840724], [-0.0009508323016830788, -0.9999995246890767, -0.00021573028353616408, 0.031066653496089603], [0.0, 0.0, 0.0, 1.0]]}, "Hobj2base": {"type": "ndarray", "data": [[0.9999984895256231, -0.0005936098165674228, 0.0016335770132028893, -0.7333628217977127], [-0.0005962361315017969, -0.9999985299150507, 0.0016076909570873106, 0.08993626677293426], [0.0016326202705717744, -0.0016086625263501764, -0.9999973733745149, 0.0003460103050019801], [0.0, 0.0, 0.0, 1.0]]}, "mean_rme": {"type": "float", "data": 0.0014742497330868934}, "max_rme": {"type": "float", "data": 0.0041319103741428165}, "simu": {"type": "float", "data": 0.002}}, {"type": "dict", "image_number": {"type": "int", "data": 14}, "Hcamera2end": {"type": "ndarray", "data": [[0.9999991417967199, -0.0009004640651384094, -0.0009516145707153816, -0.014577244899429465], [0.0009514372257719805, -0.00019735626096761827, 0.9999995279087444, 0.019319359633475346], [-0.000900651447130757, -0.9999995751073965, -0.00019649935656373962, 0.03107058142110416], [0.0, 0.0, 0.0, 1.0]]}, "Hobj2base": {"type": "ndarray", "data": [[0.9999984959993224, -0.0005395552785151614, 0.0016482958455847554, -0.7332593634827811], [-0.0005422966664799858, -0.9999984698870228, 0.0016631710491460659, 0.08985426709673525], [0.0016473959507872515, -0.0016640624130781143, -0.9999972584876755, 0.0003614789959518868], [0.0, 0.0, 0.0, 1.0]]}, "mean_rme": {"type": "float", "data": 0.0014872998489254892}, "max_rme": {"type": "float", "data": 0.003970425288427143}, "simu": {"type": "float", "data": 0.002}}, {"type": "dict", "image_number": {"type": "int", "data": 15}, "Hcamera2end": {"type": "ndarray", "data": [[0.9999983686827938, -0.0008562378449332756, -0.001590436576608167, -0.014258709632480649], [0.0015902493209741452, -0.00021933223080106146, 0.9999987114994046, 0.019535094262570316], [-0.0008565855756725983, -0.9999996093749862, -0.00021797024134917464, 0.030657241874227834], [0.0, 0.0, 0.0, 1.0]]}, "Hobj2base": {"type": "ndarray", "data": [[0.999998340082794, -0.0004459336987837594, 0.0017666280856401036, -0.7327935409921753], [-0.0004477859058933135, -0.9999993503975213, 0.001048185250032159, 0.0899066416136837], [0.0017661595169085626, -0.0010489745812891323, -0.9999978901642188, 0.0002920777003882824], [0.0, 0.0, 0.0, 1.0]]}, "mean_rme": {"type": "float", "data": 0.0015422576012730732}, "max_rme": {"type": "float", "data": 0.0040972083990210295}, "simu": {"type": "float", "data": 0.002}}, {"type": "dict", "image_number": {"type": "int", "data": 16}, "Hcamera2end": {"type": "ndarray", "data": [[0.9999988438598167, -0.0008573435818132456, -0.0012558825631936682, -0.014557916858264613], [0.0012555022684030545, -0.00044396756219411415, 0.9999991133030358, 0.019836689419104464], [-0.0008579003927292774, -0.9999995339272846, -0.00044289065209368594, 0.03119431095329298], [0.0, 0.0, 0.0, 1.0]]}, "Hobj2base": {"type": "ndarray", "data": [[0.9999977067937089, -0.0003123287684662465, 0.0021186925363657666, -0.7331894648643363], [-0.0003148173650125093, -0.9999992608853188, 0.0011743589072848338, 0.08990397645526471], [0.0021183241843377577, -0.00117502321543917, -0.9999970660072426, -5.19240364751164e-05], [0.0, 0.0, 0.0, 1.0]]}, "mean_rme": {"type": "float", "data": 0.0015254106196186284}, "max_rme": {"type": "float", "data": 0.004464113921560459}, "simu": {"type": "float", "data": 0.002}}, {"type": "dict", "image_number": {"type": "int", "data": 17}, "Hcamera2end": {"type": "ndarray", "data": [[0.9999990539485308, -0.0008284233201761445, -0.0010980969200897668, -0.0143986168868021], [0.0010973461178405983, -0.0009062134517965337, 0.9999989873038257, 0.020204580304751578], [-0.0008294175914353794, -0.999999246245707, -0.000905303527357626, 0.03219898304340625], [0.0, 0.0, 0.0, 1.0]]}, "Hobj2base": {"type": "ndarray", "data": [[0.9999966237592334, -9.796625545142994e-05, 0.0025967042086357346, -0.7337912284458724], [-0.00010099817130895996, -0.9999993133758354, 0.0011674961357950647, 0.09021708896913377], [0.002596588050451199, -0.0011677544564235186, -0.9999959470317996, -0.0005317262135315163], [0.0, 0.0, 0.0, 1.0]]}, "mean_rme": {"type": "float", "data": 0.0015512481739694956}, "max_rme": {"type": "float", "data": 0.005114731905941722}, "simu": {"type": "float", "data": 0.002}}, {"type": "dict", "image_number": {"type": "int", "data": 18}, "Hcamera2end": {"type": "ndarray", "data": [[0.9999990913661143, -0.00035995429445453004, -0.0012991150263777383, -0.014714207669180255], [0.0012988470045566232, -0.0007438355382192174, 0.9999988798519482, 0.0204499647365454], [-0.0003609202191772825, -0.9999996585707408, -0.0007433673367880367, 0.0322197790732302], [0.0, 0.0, 0.0, 1.0]]}, "Hobj2base": {"type": "ndarray", "data": [[0.9999974999162254, 0.00018957021668280122, 0.0022280539561748986, -0.7339526067942236], [0.00018730535638592286, -0.999999465634817, 0.0010166842099848627, 0.08969818665061104], [0.0022282454986264242, -0.0010162643417488573, -0.9999970010598953, -0.00038964905934529837], [0.0, 0.0, 0.0, 1.0]]}, "mean_rme": {"type": "float", "data": 0.0015085964661181157}, "max_rme": {"type": "float", "data": 0.0052372873000374465}, "simu": {"type": "float", "data": 0.002}}, {"type": "dict", "image_number": {"type": "int", "data": 19}, "Hcamera2end": {"type": "ndarray", "data": [[0.9999991199453205, -0.00024543901395678773, -0.0013037899657508394, -0.014658937808687095], [0.0013036027097699777, -0.0007615631935664613, 0.9999988603200892, 0.02063590368857539], [-0.00024643165268493114, -0.9999996798905452, -0.0007612425683853896, 0.03220949891327109], [0.0, 0.0, 0.0, 1.0]]}, "Hobj2base": {"type": "ndarray", "data": [[0.9999977042787469, 0.0002635452802417847, 0.0021264950320095503, -0.7340043851088113], [0.0002616490807676247, -0.9999995679995601, 0.0008919307439181407, 0.0894889009537362], [0.0021267291775006227, -0.0008913723008233933, -0.9999973412356791, -0.0005199764965957771], [0.0, 0.0, 0.0, 1.0]]}, "mean_rme": {"type": "float", "data": 0.0015165776659592822}, "max_rme": {"type": "float", "data": 0.005104613903213623}, "simu": {"type": "float", "data": 0.002}}, {"type": "dict", "image_number": {"type": "int", "data": 20}, "Hcamera2end": {"type": "ndarray", "data": [[0.9999992499746988, -0.00023750612434341557, -0.0012015160759391637, -0.014804217575912796], [0.0012013385520072018, -0.0007461847415051182, 0.9999989999965077, 0.020276228469275223], [-0.00023840243979900052, -0.9999996933995393, -0.0007458988565842706, 0.032159682773232535], [0.0, 0.0, 0.0, 1.0]]}, "Hobj2base": {"type": "ndarray", "data": [[0.9999978938779738, 0.00023193434618719736, 0.0020392268328621433, -0.734122314524158], [0.0002301020670293814, -0.9999995696908115, 0.0008987053072439465, 0.08972609887009277], [0.002039434395991952, -0.0008982341841515203, -0.999997516938264, -0.00014543119795105142], [0.0, 0.0, 0.0, 1.0]]}, "mean_rme": {"type": "float", "data": 0.001560094891949178}, "max_rme": {"type": "float", "data": 0.0051963248786335015}, "simu": {"type": "float", "data": 0.002}}, {"type": "dict", "image_number": {"type": "int", "data": 21}, "Hcamera2end": {"type": "ndarray", "data": [[0.9999992245149697, -0.00022101432623467714, -0.0012256109198541033, -0.014918108419934038], [0.0012254887094338039, -0.0005522427275530539, 0.9999990966022884, 0.02044484366327791], [-0.00022169096128814, -0.999999823090303, -0.0005519714487356442, 0.03235011644541556], [0.0, 0.0, 0.0, 1.0]]}, "Hobj2base": {"type": "ndarray", "data": [[0.9999983346203124, 0.0001834613795115522, 0.0018157914318214234, -0.7344976247611937], [0.0001816100634739938, -0.999999463638535, 0.0010196766287180912, 0.08978195007235559], [0.001815977529181831, -0.0010193451645721572, -0.9999978315781735, -0.0002438303537409999], [0.0, 0.0, 0.0, 1.0]]}, "mean_rme": {"type": "float", "data": 0.001599720332257192}, "max_rme": {"type": "float", "data": 0.0055563617353327766}, "simu": {"type": "float", "data": 0.002}}, {"type": "dict", "image_number": {"type": "int", "data": 22}, "Hcamera2end": {"type": "ndarray", "data": [[0.9999992610448717, -0.00011900176210133178, -0.00120985465701377, -0.015125890449598688], [0.0012098177783362821, -0.0003094855858893908, 0.9999992202795036, 0.020508184695539996], [-0.00011937610189058595, -0.9999999450286248, -0.0003093413867460981, 0.0324874192781396], [0.0, 0.0, 0.0, 1.0]]}, "Hobj2base": {"type": "ndarray", "data": [[0.9999987925382946, 0.00020065656062082693, 0.0015409928285072393, -0.7348591387897148], [0.0001989512021845338, -0.9999993677770365, 0.0011067357167506584, 0.08965110922405897], [0.0015412139280386258, -0.0011064277980338732, -0.9999982002369585, -0.00019989401592803007], [0.0, 0.0, 0.0, 1.0]]}, "mean_rme": {"type": "float", "data": 0.0015913852627271134}, "max_rme": {"type": "float", "data": 0.005732278076558989}, "simu": {"type": "float", "data": 0.002}}, {"type": "dict", "image_number": {"type": "int", "data": 23}, "Hcamera2end": {"type": "ndarray", "data": [[0.9999991675062666, -7.559070699411012e-05, -0.0012881276407376106, -0.01510028392309419], [0.0012880949226008306, -0.0004312968928361638, 0.9999990773968046, 0.02050871277145096], [-7.614620270290928e-05, -0.9999999041345129, -0.00043119916577838424, 0.03233195025840807], [0.0, 0.0, 0.0, 1.0]]}, "Hobj2base": {"type": "ndarray", "data": [[0.9999986949389178, 0.0002675602892735616, 0.0015932771110894579, -0.734755628346043], [0.0002657890522568155, -0.9999993466257595, 0.0011118022460525866, 0.08965547865069264], [0.001593573544213804, -0.0011113773194694051, -0.9999981126801256, -0.0003700918777825205], [0.0, 0.0, 0.0, 1.0]]}, "mean_rme": {"type": "float", "data": 0.0016138588450166573}, "max_rme": {"type": "float", "data": 0.005686727079068338}, "simu": {"type": "float", "data": 0.002}}, {"type": "dict", "image_number": {"type": "int", "data": 24}, "Hcamera2end": {"type": "ndarray", "data": [[0.999999202849834, -0.000201100322406419, -0.0012465385501272794, -0.015042751323974014], [0.0012464767181961135, -0.0003073009793652659, 0.9999991759306099, 0.020747202110497198], [-0.00020148321920306978, -0.9999999325623818, -0.00030705006753017905, 0.03202171125359519], [0.0, 0.0, 0.0, 1.0]]}, "Hobj2base": {"type": "ndarray", "data": [[0.9999988699683399, 0.00011631765782372577, 0.0014988436361848478, -0.7346178438933322], [0.000114696117909035, -0.9999994081671539, 0.0010819011704599414, 0.08986352052906481], [0.0014989685933300973, -0.0010817280363309427, -0.9999982914773464, -0.000573474778795093], [0.0, 0.0, 0.0, 1.0]]}, "mean_rme": {"type": "float", "data": 0.0016326406508841837}, "max_rme": {"type": "float", "data": 0.005795167881055691}, "simu": {"type": "float", "data": 0.002}}, {"type": "dict", "image_number": {"type": "int", "data": 25}, "Hcamera2end": {"type": "ndarray", "data": [[0.9999991584426896, -0.00036241221169129785, -0.001245701128448076, -0.014653000936709487], [0.0012456899804522304, -3.0984642127140916e-05, 0.9999992236479109, 0.020796403537875995], [-0.0003624505279354825, -0.9999999338486683, -3.0533162791002155e-05, 0.031966741786689006], [0.0, 0.0, 0.0, 1.0]]}, "Hobj2base": {"type": "ndarray", "data": [[0.9999991815775339, -0.00012018086828592292, 0.001273734988696559, -0.7348669088408605], [-0.00012145138249096758, -0.9999994951803983, 0.0009974409806099659, 0.09021248833816461], [0.0012736144723670558, -0.0009975948611571628, -0.9999986913544778, -0.0007071211120664711], [0.0, 0.0, 0.0, 1.0]]}, "mean_rme": {"type": "float", "data": 0.001639695460849689}, "max_rme": {"type": "float", "data": 0.005855257093347527}, "simu": {"type": "float", "data": 0.002}}, {"type": "dict", "image_number": {"type": "int", "data": 26}, "Hcamera2end": {"type": "ndarray", "data": [[0.9999992643136679, -0.00041796939006707485, -0.001138715817011017, -0.014738384452657783], [0.0011386237789750345, -0.00022037475682545882, 0.9999993274852021, 0.020838017827677545], [-0.0004182200531977422, -0.9999998883682715, -0.00021989868481231412, 0.0319777174535556], [0.0, 0.0, 0.0, 1.0]]}, "Hobj2base": {"type": "ndarray", "data": [[0.9999989821501052, -9.252658583290377e-05, 0.0014237758196186522, -0.7347521233615425], [-9.42052021371252e-05, -0.9999993005804999, 0.0011789672989490738, 0.09024378948276228], [0.001423665737983099, -0.0011791002260262175, -0.9999982914478027, -0.0007118558250604628], [0.0, 0.0, 0.0, 1.0]]}, "mean_rme": {"type": "float", "data": 0.001622833055288499}, "max_rme": {"type": "float", "data": 0.005864656773590576}, "simu": {"type": "float", "data": 0.002}}, {"type": "dict", "image_number": {"type": "int", "data": 27}, "Hcamera2end": {"type": "ndarray", "data": [[0.9999989768750024, -0.0004123325605756615, -0.0013697557475304694, -0.014550477687986937], [0.0013697106646857905, -0.00010959866516913053, 0.9999990559399682, 0.02076636064370262], [-0.0004124822947105084, -0.9999999089849919, -0.00010903377673043835, 0.03155687416755263], [0.0, 0.0, 0.0, 1.0]]}, "Hobj2base": {"type": "ndarray", "data": [[0.9999992533035278, -0.00013756110616288913, 0.0012142772867191065, -0.7344334444492735], [-0.0001387661292381896, -0.9999994979922258, 0.000992350370912302, 0.09027482618533852], [0.001214140168327744, -0.0009925181304866809, -0.9999987703849504, -0.0004336552343372059], [0.0, 0.0, 0.0, 1.0]]}, "mean_rme": {"type": "float", "data": 0.0016417626493275166}, "max_rme": {"type": "float", "data": 0.005867577387729084}, "simu": {"type": "float", "data": 0.002}}, {"type": "dict", "image_number": {"type": "int", "data": 28}, "Hcamera2end": {"type": "ndarray", "data": [[0.9999989393128697, -0.00041053392293985056, -0.0013974387406266516, -0.0145108842058596], [0.0013973971883043355, -0.0001014847294971144, 0.9999990184904924, 0.020779481993909374], [-0.0004106753386894829, -0.99999991058137, -0.00010091094290398672, 0.03157518831859881], [0.0, 0.0, 0.0, 1.0]]}, "Hobj2base": {"type": "ndarray", "data": [[0.9999992694674548, -0.00013422696051535715, 0.001201269195374329, -0.7344319431716133], [-0.00013542461626966644, -0.9999994938591772, 0.0009969661792507216, 0.09033552180522916], [0.0012011347676229728, -0.0009971281323543015, -0.9999987815046365, -0.00035727816576163314], [0.0, 0.0, 0.0, 1.0]]}, "mean_rme": {"type": "float", "data": 0.0016342087221994995}, "max_rme": {"type": "float", "data": 0.005782039509937165}, "simu": {"type": "float", "data": 0.002}}, {"type": "dict", "image_number": {"type": "int", "data": 29}, "Hcamera2end": {"type": "ndarray", "data": [[0.9999988566704572, -0.0003910228275480252, -0.0014607391713853336, -0.014296633060037147], [0.001460706783513328, -8.310137099099002e-05, 0.9999989297143549, 0.020704905323151328], [-0.00039114379846970793, -0.9999999200976523, -8.253010628189728e-05, 0.0314593846423021], [0.0, 0.0, 0.0, 1.0]]}, "Hobj2base": {"type": "ndarray", "data": [[0.9999993051556781, -0.00011431142851777092, 0.0011732949579077074, -0.7342313017338097], [-0.00011544874688559753, -0.9999995235497217, 0.0009693151794161033, 0.09047328829281873], [0.0011731835950881547, -0.0009694499613255725, -0.999998841902842, -0.00020123395711534855], [0.0, 0.0, 0.0, 1.0]]}, "mean_rme": {"type": "float", "data": 0.0016605008975241733}, "max_rme": {"type": "float", "data": 0.005692988777510649}, "simu": {"type": "float", "data": 0.002}}, {"type": "dict", "image_number": {"type": "int", "data": 30}, "Hcamera2end": {"type": "ndarray", "data": [[0.9999987554198337, -0.0008473847283865277, -0.0013308260238275487, -0.014124833630233298], [0.0013308128142833983, -1.61522677994963e-05, 0.9999991143377865, 0.021155472449255662], [-0.000847405473748225, -0.9999996408390487, -1.5024537241448144e-05, 0.03140814051264489], [0.0, 0.0, 0.0, 1.0]]}, "Hobj2base": {"type": "ndarray", "data": [[0.9999989563618655, -0.0005852292114737243, 0.0013209019455914391, -0.7342397269307602], [-0.0005866680250484717, -0.9999992347954185, 0.001089141499488025, 0.09053065079047055], [0.0013202635374102898, -0.0010899152937541253, -0.9999985344933484, -0.0007666344288103403], [0.0, 0.0, 0.0, 1.0]]}, "mean_rme": {"type": "float", "data": 0.0016817361087266072}, "max_rme": {"type": "float", "data": 0.005712466091850665}, "simu": {"type": "float", "data": 0.002}}]}