{"type": "list", "data": [{"type": "dict", "image_number": {"type": "int", "data": 5}, "Hcamera2end": {"type": "ndarray", "data": [[0.9999905286197781, 0.0033113411418181564, 0.0028244805857571614, -0.01697619500784504], [-0.00282103881222931, -0.001043599990012023, 0.9999954763093085, 0.035534234334348096], [0.0033142737902461424, -0.9999939729412889, -0.0010342486837982001, 0.035830933520000045], [0.0, 0.0, 0.0, 1.0]]}, "Hobj2base": {"type": "ndarray", "data": [[0.9999936166286713, 0.0031600690354089437, 0.0016675327887215438, -0.7377757671044327], [0.0031588498284563, -0.9999947419760375, 0.0007332721453092167, 0.08966162308465683], [0.0016698412113951022, -0.0007279999788972299, -0.9999983408218032, -0.004334521304824856], [0.0, 0.0, 0.0, 1.0]]}, "mean_rme": {"type": "float", "data": 0.001502876279199385}, "max_rme": {"type": "float", "data": 0.005276165492294316}, "simu": {"type": "float", "data": 0.002}}, {"type": "dict", "image_number": {"type": "int", "data": 6}, "Hcamera2end": {"type": "ndarray", "data": [[0.9999849683775568, 0.003944783876544428, 0.003808109649704559, -0.016065966049761005], [-0.003801241253603537, -0.0017471704790459341, 0.999991248941834, 0.03514717854979189], [0.003951402772272205, -0.9999906929944321, -0.0017321491410307033, 0.035574017708322685], [0.0, 0.0, 0.0, 1.0]]}, "Hobj2base": {"type": "ndarray", "data": [[0.9999905286504406, 0.003666878392796802, 0.0023444855010831714, -0.7375924287735577], [0.0036617239610704988, -0.9999908779153943, 0.0021990597154931094, 0.09089923813647476], [0.0023525277990432843, -0.0021904540286941435, -0.9999948337487066, -0.003597486595269058], [0.0, 0.0, 0.0, 1.0]]}, "mean_rme": {"type": "float", "data": 0.0013688701131301599}, "max_rme": {"type": "float", "data": 0.005492319625935799}, "simu": {"type": "float", "data": 0.002}}, {"type": "dict", "image_number": {"type": "int", "data": 7}, "Hcamera2end": {"type": "ndarray", "data": [[0.9999860845241202, 0.003676325558712598, 0.003783568223986978, -0.016994138442679822], [-0.003776977269945656, -0.0017981020480648535, 0.9999912505975875, 0.03508725537133234], [0.0036830966348334296, -0.9999916256946412, -0.0017841916285470383, 0.03489776365907271], [0.0, 0.0, 0.0, 1.0]]}, "Hobj2base": {"type": "ndarray", "data": [[0.9999907942784895, 0.0034659532496509817, 0.002529530855104962, -0.7365359996274936], [0.0034604433032583517, -0.9999916377737037, 0.0021793840440608105, 0.09022044300761503], [0.0025370633458052768, -0.002170610683150303, -0.9999944258638858, -0.0035234758839856684], [0.0, 0.0, 0.0, 1.0]]}, "mean_rme": {"type": "float", "data": 0.0013400488165850424}, "max_rme": {"type": "float", "data": 0.0056504684069893785}, "simu": {"type": "float", "data": 0.002}}, {"type": "dict", "image_number": {"type": "int", "data": 8}, "Hcamera2end": {"type": "ndarray", "data": [[0.9999885095876928, 0.00341940430290213, 0.003359816482802862, -0.016935700667970448], [-0.0033528456904703663, -0.002042293203047274, 0.9999922937024308, 0.03493437498059117], [0.003426239682321377, -0.9999920683248873, -0.002030805001275393, 0.03518248090528878], [0.0, 0.0, 0.0, 1.0]]}, "Hobj2base": {"type": "ndarray", "data": [[0.9999909028960337, 0.0033628743649443847, 0.002623966688232259, -0.7365813037159556], [0.0033598290152416716, -0.9999936781478707, 0.0011641362810774867, 0.0900853581720091], [0.002627864943959801, -0.0011553096113945565, -0.999995879784281, -0.0037231546588348124], [0.0, 0.0, 0.0, 1.0]]}, "mean_rme": {"type": "float", "data": 0.0012808587178288135}, "max_rme": {"type": "float", "data": 0.005510299220874482}, "simu": {"type": "float", "data": 0.002}}, {"type": "dict", "image_number": {"type": "int", "data": 9}, "Hcamera2end": {"type": "ndarray", "data": [[0.9999907388388423, 0.0036037251740588657, 0.002352743380877229, -0.015619093585958628], [-0.002347927792811866, -0.001339928886000763, 0.999996345906154, 0.034691242271120575], [0.0036068645145262684, -0.9999926088504107, -0.0013314551902097183, 0.03369274848888895], [0.0, 0.0, 0.0, 1.0]]}, "Hobj2base": {"type": "ndarray", "data": [[0.9999917598042177, 0.0035400504205846868, 0.0019870497435677784, -0.7354806470411726], [0.003539875362174714, -0.9999937304253861, 9.160971754357493e-05, 0.090868896711092], [0.001987361588630269, -8.457505423089565e-05, -0.9999980216185311, -0.003502115202183082], [0.0, 0.0, 0.0, 1.0]]}, "mean_rme": {"type": "float", "data": 0.0012105115354422832}, "max_rme": {"type": "float", "data": 0.005411302650208116}, "simu": {"type": "float", "data": 0.002}}, {"type": "dict", "image_number": {"type": "int", "data": 10}, "Hcamera2end": {"type": "ndarray", "data": [[0.9999940448851764, 0.003297463968177177, 0.0010182954199425358, -0.014493976660185863], [-0.0010162898780569781, -0.0006098258574456228, 0.9999992976334068, 0.034554688027381195], [0.0032980826350262438, -0.9999943774060941, -0.0006064710466084922, 0.033558183005064045], [0.0, 0.0, 0.0, 1.0]]}, "Hobj2base": {"type": "ndarray", "data": [[0.9999945721561067, 0.0032141065785762737, 0.0007246911251287221, -0.7356294932319208], [0.0032147078602157947, -0.9999944882993423, -0.0008300748823565741, 0.09138108214248096], [0.0007220191817080779, 0.0008324000470958727, -0.9999993928990474, -0.0035233988191241015], [0.0, 0.0, 0.0, 1.0]]}, "mean_rme": {"type": "float", "data": 0.0012511488921571952}, "max_rme": {"type": "float", "data": 0.005186128638091786}, "simu": {"type": "float", "data": 0.002}}, {"type": "dict", "image_number": {"type": "int", "data": 11}, "Hcamera2end": {"type": "ndarray", "data": [[0.9999943637504793, 0.00319231652851246, 0.0010399915652517786, -0.014627350663312617], [-0.0010371127788841806, -0.0009033089793395455, 0.9999990542145388, 0.03452403727350771], [0.0031932529429852283, -0.999994496558891, -0.0008999930957986901, 0.03432124015646394], [0.0, 0.0, 0.0, 1.0]]}, "Hobj2base": {"type": "ndarray", "data": [[0.9999945592856672, 0.0031372591995090663, 0.0010193153484017346, -0.7362134818910566], [0.0031380705167166675, -0.9999947599750245, -0.0007953212714726157, 0.09117405246432511], [0.0010168148781883586, 0.000798515627798831, -0.9999991642297983, -0.0034068609523542777], [0.0, 0.0, 0.0, 1.0]]}, "mean_rme": {"type": "float", "data": 0.0012553480420736092}, "max_rme": {"type": "float", "data": 0.0050679148684062425}, "simu": {"type": "float", "data": 0.002}}, {"type": "dict", "image_number": {"type": "int", "data": 12}, "Hcamera2end": {"type": "ndarray", "data": [[0.9999954369345897, 0.002948422552314825, 0.0006579623485211778, -0.014239248116005233], [-0.0006543776289614168, -0.0012166091030851867, 0.9999990458256491, 0.03453661909105856], [0.0029492202219883485, -0.9999949133204344, -0.00121467416985932, 0.034757361817416295], [0.0, 0.0, 0.0, 1.0]]}, "Hobj2base": {"type": "ndarray", "data": [[0.9999945352321032, 0.0029288834831859897, 0.0015333451900200305, -0.7364795482416282], [0.002930343292116896, -0.9999952546531914, -0.000950662552916576, 0.09118946059874317], [0.0015305535339160054, 0.0009551505855584511, -0.9999983725452952, -0.003506127115658545], [0.0, 0.0, 0.0, 1.0]]}, "mean_rme": {"type": "float", "data": 0.0012666179094105172}, "max_rme": {"type": "float", "data": 0.004794826389081769}, "simu": {"type": "float", "data": 0.002}}, {"type": "dict", "image_number": {"type": "int", "data": 13}, "Hcamera2end": {"type": "ndarray", "data": [[0.9999954473494236, 0.0027928715051560877, 0.0011424312591479153, -0.015078442522375668], [-0.0011394880274109382, -0.0010552013282294492, 0.9999987940578692, 0.034713280120271715], [0.002794073632096737, -0.9999955431995249, -0.001052014080624275, 0.03393329151658167], [0.0, 0.0, 0.0, 1.0]]}, "Hobj2base": {"type": "ndarray", "data": [[0.9999948553793793, 0.002802291784509613, 0.0015608893390596573, -0.7360106740864225], [0.002802959283675156, -0.9999959811266304, -0.00042561701372180325, 0.09040650991144174], [0.0015596903629821594, 0.0004299899333474447, -0.9999986912364582, -0.003648524876936027], [0.0, 0.0, 0.0, 1.0]]}, "mean_rme": {"type": "float", "data": 0.0012925729358597053}, "max_rme": {"type": "float", "data": 0.004562541450901625}, "simu": {"type": "float", "data": 0.002}}, {"type": "dict", "image_number": {"type": "int", "data": 14}, "Hcamera2end": {"type": "ndarray", "data": [[0.9999956861928024, 0.002823159965801398, 0.0008107796208977097, -0.014828768353772153], [-0.0008068066319600136, -0.0014081389934741395, 0.9999986831029496, 0.034843011135458415], [0.002824297938389667, -0.9999950234438081, -0.0014058551748505899, 0.03380967453064483], [0.0, 0.0, 0.0, 1.0]]}, "Hobj2base": {"type": "ndarray", "data": [[0.9999943019408046, 0.00291602612321367, 0.0017008461339833702, -0.7356976886584269], [0.0029175732883965307, -0.9999953317548675, -0.0009078736585635875, 0.0902041500106867], [0.0016981908107117348, 0.0009128308286939214, -0.9999981414421977, -0.003700974425626193], [0.0, 0.0, 0.0, 1.0]]}, "mean_rme": {"type": "float", "data": 0.0013593101621749858}, "max_rme": {"type": "float", "data": 0.00430889620229577}, "simu": {"type": "float", "data": 0.002}}, {"type": "dict", "image_number": {"type": "int", "data": 15}, "Hcamera2end": {"type": "ndarray", "data": [[0.9999965758062522, 0.002542829653576246, 0.0006183794332063572, -0.01517515818495361], [-0.0006157688543841772, -0.001027297992105769, 0.9999992827435196, 0.03479740367722495], [0.0025434630896652905, -0.9999962393310229, -0.0010257286791357512, 0.033950578660611574], [0.0, 0.0, 0.0, 1.0]]}, "Hobj2base": {"type": "ndarray", "data": [[0.9999957034908805, 0.002681875813638398, 0.0011834449286730877, -0.736255532925507], [0.0026830063369065096, -0.9999959449752651, -0.0009547303404682582, 0.0899686185755175], [0.001180879661565981, 0.0009579014287036535, -0.9999988439733709, -0.0038029587607715464], [0.0, 0.0, 0.0, 1.0]]}, "mean_rme": {"type": "float", "data": 0.0014279895570765094}, "max_rme": {"type": "float", "data": 0.004414621183636863}, "simu": {"type": "float", "data": 0.002}}, {"type": "dict", "image_number": {"type": "int", "data": 16}, "Hcamera2end": {"type": "ndarray", "data": [[0.9999958405477131, 0.00279727790741904, 0.0007029392444935377, -0.015315973654430826], [-0.0006997752958363716, -0.0011318993080351447, 0.9999991145588537, 0.034691518052808186], [0.002798071087038517, -0.9999954470097675, -0.0011299371339787978, 0.0339295480903255], [0.0, 0.0, 0.0, 1.0]]}, "Hobj2base": {"type": "ndarray", "data": [[0.9999949459553117, 0.0029142712201081526, 0.0012708607669037768, -0.7361317330864152], [0.0029152917721615226, -0.999995428981989, -0.000801928308160681, 0.08990265395863545], [0.0012685179211872589, 0.0008056291851164923, -0.9999988709113126, -0.003796771983129818], [0.0, 0.0, 0.0, 1.0]]}, "mean_rme": {"type": "float", "data": 0.0014194517080277661}, "max_rme": {"type": "float", "data": 0.00454297714159102}, "simu": {"type": "float", "data": 0.002}}, {"type": "dict", "image_number": {"type": "int", "data": 17}, "Hcamera2end": {"type": "ndarray", "data": [[0.9999948323383117, 0.003106006549985025, 0.0008294697000968999, -0.015618871274133231], [-0.0008259176523234219, -0.0011447140936076128, 0.9999990037443415, 0.03457318435723338], [0.0031069529612643455, -0.9999945211614688, -0.0011421428724747162, 0.03339908265562257], [0.0, 0.0, 0.0, 1.0]]}, "Hobj2base": {"type": "ndarray", "data": [[0.9999940527054597, 0.003213749023094665, 0.0012515474129088917, -0.7355797597904696], [0.003214593059125895, -0.9999946067386927, -0.0006729673035559383, 0.08979899315591328], [0.0012493779149722777, 0.000676986516847872, -0.9999989903715312, -0.003682920844938088], [0.0, 0.0, 0.0, 1.0]]}, "mean_rme": {"type": "float", "data": 0.0014471013358192378}, "max_rme": {"type": "float", "data": 0.004802038317009649}, "simu": {"type": "float", "data": 0.002}}, {"type": "dict", "image_number": {"type": "int", "data": 18}, "Hcamera2end": {"type": "ndarray", "data": [[0.9999962814793933, 0.0026270847511949006, 0.000731746606441644, -0.015460066046754211], [-0.0007286859119478857, -0.0011658217649326286, 0.9999990549377806, 0.033098396891672745], [0.00262793535455656, -0.9999958696341313, -0.0011639031101526864, 0.033415250175598064], [0.0, 0.0, 0.0, 1.0]]}, "Hobj2base": {"type": "ndarray", "data": [[0.999995560035709, 0.002745490213330472, 0.0011585302573875445, -0.7354357758618376], [0.0027462533242769514, -0.9999960128110128, -0.0006576129222954235, 0.08977998165464758], [0.0011567201682661393, 0.0006607916200881572, -0.9999991126760499, -0.0022147156516774246], [0.0, 0.0, 0.0, 1.0]]}, "mean_rme": {"type": "float", "data": 0.001458316605309487}, "max_rme": {"type": "float", "data": 0.004496808229562249}, "simu": {"type": "float", "data": 0.002}}, {"type": "dict", "image_number": {"type": "int", "data": 19}, "Hcamera2end": {"type": "ndarray", "data": [[0.999995886718966, 0.0027812774918752536, 0.0007007429358747376, -0.015197394261655152], [-0.0006977856492891563, -0.0010641115270320078, 0.9999991903805949, 0.03316187434544794], [0.002782020908734576, -0.9999955660712556, -0.0010621664145218368, 0.03316570452488803], [0.0, 0.0, 0.0, 1.0]]}, "Hobj2base": {"type": "ndarray", "data": [[0.9999952800325347, 0.0028836200239697666, 0.0010604943233438018, -0.7351395798512358], [0.0028842483859069195, -0.9999956656298143, -0.0005914666787555049, 0.08981000623080264], [0.0010587841616104547, 0.0005945226160923922, -0.9999992627592069, -0.0023413281445088777], [0.0, 0.0, 0.0, 1.0]]}, "mean_rme": {"type": "float", "data": 0.0015138296042409862}, "max_rme": {"type": "float", "data": 0.004346770575080733}, "simu": {"type": "float", "data": 0.002}}, {"type": "dict", "image_number": {"type": "int", "data": 20}, "Hcamera2end": {"type": "ndarray", "data": [[0.9999970628401887, 0.002360284573581753, 0.0005507882780815042, -0.015200126280799784], [-0.0005483249133231993, -0.0010441928192577166, 0.9999993045003311, 0.033055397572735956], [0.0023608580611695178, -0.9999966693534975, -0.0010428955494623526, 0.0331820570386041], [0.0, 0.0, 0.0, 1.0]]}, "Hobj2base": {"type": "ndarray", "data": [[0.9999963787827906, 0.0025048561962342916, 0.0009839292362239106, -0.7350855579147545], [0.0025054071160249677, -0.9999967051740564, -0.0005590851579959179, 0.08988768329885533], [0.0009825255664261078, 0.0005615482767372225, -0.999999359653317, -0.002278660256846937], [0.0, 0.0, 0.0, 1.0]]}, "mean_rme": {"type": "float", "data": 0.0014751401895763917}, "max_rme": {"type": "float", "data": 0.004334482862934058}, "simu": {"type": "float", "data": 0.002}}, {"type": "dict", "image_number": {"type": "int", "data": 21}, "Hcamera2end": {"type": "ndarray", "data": [[0.9999970164953901, 0.0023774998970225716, 0.0005607981438760714, -0.015225977487734008], [-0.0005582162236277367, -0.0010865057485840435, 0.9999992539496747, 0.03298748431939406], [0.002378107433695117, -0.9999965834939126, -0.0010851753479750315, 0.033160788891687436], [0.0, 0.0, 0.0, 1.0]]}, "Hobj2base": {"type": "ndarray", "data": [[0.9999963149959454, 0.0025163747334842725, 0.0010187505732349696, -0.7350287258362974], [0.00251691410760277, -0.9999966929041308, -0.0005285112827784061, 0.08990128088846523], [0.0010174172716908123, 0.0005310734429020897, -0.9999993414113297, -0.002264156917951153], [0.0, 0.0, 0.0, 1.0]]}, "mean_rme": {"type": "float", "data": 0.001432751030307626}, "max_rme": {"type": "float", "data": 0.004374583194441117}, "simu": {"type": "float", "data": 0.002}}, {"type": "dict", "image_number": {"type": "int", "data": 22}, "Hcamera2end": {"type": "ndarray", "data": [[0.9999967491314408, 0.002507769612244294, 0.00046132214593462236, -0.015394235227288392], [-0.0004591650034670748, -0.0008606913648883108, 0.9999995241888238, 0.033006244995769006], [0.0025081654750069224, -0.999996485144796, -0.0008595370868511587, 0.03286402738928854], [0.0, 0.0, 0.0, 1.0]]}, "Hobj2base": {"type": "ndarray", "data": [[0.999996234260069, 0.002627580721303456, 0.0007920134053279787, -0.7349662162794062], [0.00262799691502041, -0.9999964090463094, -0.0005249063739649975, 0.08961099720240326], [0.0007906313273757979, 0.0005269858060899617, -0.9999995485939304, -0.002386558929933424], [0.0, 0.0, 0.0, 1.0]]}, "mean_rme": {"type": "float", "data": 0.0014739927821865735}, "max_rme": {"type": "float", "data": 0.004346938447353982}, "simu": {"type": "float", "data": 0.002}}, {"type": "dict", "image_number": {"type": "int", "data": 23}, "Hcamera2end": {"type": "ndarray", "data": [[0.9999969500837622, 0.0024306216179080303, 0.00043806589025145856, -0.015233862058850016], [-0.00043586035479893865, -0.0009078511593827443, 0.9999994929158834, 0.032844360729873415], [0.0024310180840047646, -0.9999966339367464, -0.0009067889789120542, 0.03265662687055504], [0.0, 0.0, 0.0, 1.0]]}, "Hobj2base": {"type": "ndarray", "data": [[0.9999963892798368, 0.0025484822017160643, 0.0008524469231063136, -0.7347815524149661], [0.002548936446610379, -0.9999966098317541, -0.0005322104746106803, 0.08985359326640058], [0.0008510877042457116, 0.0005343813859786951, -0.9999994950429993, -0.0023604892873646676], [0.0, 0.0, 0.0, 1.0]]}, "mean_rme": {"type": "float", "data": 0.0014795825892304018}, "max_rme": {"type": "float", "data": 0.004410929142252856}, "simu": {"type": "float", "data": 0.002}}, {"type": "dict", "image_number": {"type": "int", "data": 24}, "Hcamera2end": {"type": "ndarray", "data": [[0.9999971494768193, 0.0022548971794558214, 0.0007851604587363004, -0.01540545911034025], [-0.0007829799591975697, -0.0009677262172120837, 0.9999992252238757, 0.03266650259371423], [0.0022556552527759617, -0.9999969894678075, -0.0009659579193843637, 0.032712940448351116], [0.0, 0.0, 0.0, 1.0]]}, "Hobj2base": {"type": "ndarray", "data": [[0.9999966938811203, 0.0023913026839194568, 0.0009454619520358299, -0.7347552233192557], [0.002391996507454279, -0.9999968702354378, -0.0007333975977697074, 0.08997078504761176], [0.0009437052173185912, 0.0007356567147572637, -0.9999992841145737, -0.0021677783541212852], [0.0, 0.0, 0.0, 1.0]]}, "mean_rme": {"type": "float", "data": 0.00144369105241035}, "max_rme": {"type": "float", "data": 0.004467830876585477}, "simu": {"type": "float", "data": 0.002}}, {"type": "dict", "image_number": {"type": "int", "data": 25}, "Hcamera2end": {"type": "ndarray", "data": [[0.9999972880066845, 0.002215410817590957, 0.0007182855876382293, -0.015640987181931555], [-0.0007168780084999395, -0.0006360867318175867, 0.9999995407396898, 0.03284921113690632], [0.0022158666920726504, -0.9999973436707614, -0.0006344968274598628, 0.032496845285000034], [0.0, 0.0, 0.0, 1.0]]}, "Hobj2base": {"type": "ndarray", "data": [[0.99999710557833, 0.0023192038716193905, 0.0006404126515710877, -0.734811909596173], [0.002319631758397105, -0.9999970863978263, -0.0006682098201493974, 0.0897012543994335], [0.0006388610708614495, 0.0006696934075934774, -0.9999995716835441, -0.0020844181160131247], [0.0, 0.0, 0.0, 1.0]]}, "mean_rme": {"type": "float", "data": 0.001496886276126216}, "max_rme": {"type": "float", "data": 0.004986462801708724}, "simu": {"type": "float", "data": 0.002}}, {"type": "dict", "image_number": {"type": "int", "data": 26}, "Hcamera2end": {"type": "ndarray", "data": [[0.9999978170561923, 0.0019848375134333034, 0.0006529187509823068, -0.015398154975276692], [-0.0006518229391261859, -0.0005526882256126076, 0.9999996348312241, 0.032900395991747294], [0.0019851976491385673, -0.9999978774756328, -0.0005513932565035518, 0.03247107850156197], [0.0, 0.0, 0.0, 1.0]]}, "Hobj2base": {"type": "ndarray", "data": [[0.9999976589434235, 0.0020844791247509632, 0.0005805639076661018, -0.7346325492075787], [0.002084845127444411, -0.999997627919694, -0.0006305361048057271, 0.0899096417482323], [0.0005792481911740208, 0.0006317450145191001, -0.9999996326848173, -0.002150137887308189], [0.0, 0.0, 0.0, 1.0]]}, "mean_rme": {"type": "float", "data": 0.0015062506847427506}, "max_rme": {"type": "float", "data": 0.004973793331297716}, "simu": {"type": "float", "data": 0.002}}, {"type": "dict", "image_number": {"type": "int", "data": 27}, "Hcamera2end": {"type": "ndarray", "data": [[0.9999968776799565, 0.002449034164393832, 0.0004968520904731574, -0.015576482209763317], [-0.0004954520058515635, -0.0005722620224566377, 0.9999997135217028, 0.03230587569078009], [0.0024493177923808505, -0.9999968373689186, -0.0005710468567823312, 0.0324044078552228], [0.0, 0.0, 0.0, 1.0]]}, "Hobj2base": {"type": "ndarray", "data": [[0.9999966391124676, 0.0025234347302647486, 0.0005950133875850223, -0.734729462300682], [0.0025238931886373134, -0.9999965177449517, -0.0007710130634294467, 0.08950340835361122], [0.0005930657144549036, 0.0007725122223773283, -0.9999995257488503, -0.0017334475128136097], [0.0, 0.0, 0.0, 1.0]]}, "mean_rme": {"type": "float", "data": 0.0015854533808465708}, "max_rme": {"type": "float", "data": 0.005112112483666942}, "simu": {"type": "float", "data": 0.002}}, {"type": "dict", "image_number": {"type": "int", "data": 28}, "Hcamera2end": {"type": "ndarray", "data": [[0.9999982909516218, 0.001790442437700779, 0.00046087928224194995, -0.015485402098849882], [-0.00045986084478108133, -0.0005691889196624, 0.9999997322759527, 0.03164818341901184], [0.0017907042857370375, -0.9999982351683682, -0.0005683645925191882, 0.03245171022770139], [0.0, 0.0, 0.0, 1.0]]}, "Hobj2base": {"type": "ndarray", "data": [[0.9999980930055523, 0.0018723291331266705, 0.0005553097117839759, -0.734637934359637], [0.0018727008284850268, -0.9999980223218852, -0.0006695848906191639, 0.08968428083729105], [0.000554054930262304, 0.0006706235426818189, -0.9999996216435278, -0.001057362143167024], [0.0, 0.0, 0.0, 1.0]]}, "mean_rme": {"type": "float", "data": 0.0015669541726826782}, "max_rme": {"type": "float", "data": 0.00508207964977031}, "simu": {"type": "float", "data": 0.002}}, {"type": "dict", "image_number": {"type": "int", "data": 29}, "Hcamera2end": {"type": "ndarray", "data": [[0.9999990152174141, 0.001343748468321725, 0.0004048509057653972, -0.015507270868405892], [-0.0004041500970255329, -0.0005217632503837777, 0.9999997822128811, 0.031726062584773854], [0.0013439594119951305, -0.9999989610510426, -0.0005212196604864605, 0.03251783803362403], [0.0, 0.0, 0.0, 1.0]]}, "Hobj2base": {"type": "ndarray", "data": [[0.9999988215337929, 0.0014409421079521665, 0.0005297328258473212, -0.7345433123944312], [0.001441305899709127, -0.9999987253287963, -0.0006870066122336251, 0.08975045061192931], [0.0005287422138561337, 0.0006877693096667119, -0.9999996237024529, -0.0011695867001829405], [0.0, 0.0, 0.0, 1.0]]}, "mean_rme": {"type": "float", "data": 0.0015688539341326458}, "max_rme": {"type": "float", "data": 0.005096363829141637}, "simu": {"type": "float", "data": 0.002}}, {"type": "dict", "image_number": {"type": "int", "data": 30}, "Hcamera2end": {"type": "ndarray", "data": [[0.9999987848419232, 0.001482543863504666, 0.0004820563968885519, -0.01549443655473031], [-0.00048132953602865946, -0.0004905972202726705, 0.9999997638180949, 0.03173357344078593], [0.0014827800088829599, -0.9999987806882868, -0.0004898830319695069, 0.03251983208218119], [0.0, 0.0, 0.0, 1.0]]}, "Hobj2base": {"type": "ndarray", "data": [[0.9999985790864622, 0.0015978314431425093, 0.0005373636905980971, -0.7345460899793775], [0.0015982234007830155, -0.9999984565563522, -0.0007297717968161456, 0.089702312872579], [0.0005361968088842507, 0.0007306295870985649, -0.9999995893366105, -0.001152331103714534], [0.0, 0.0, 0.0, 1.0]]}, "mean_rme": {"type": "float", "data": 0.001559896310215588}, "max_rme": {"type": "float", "data": 0.005090356847722077}, "simu": {"type": "float", "data": 0.002}}]}