{"type": "list", "data": [{"type": "dict", "image_number": {"type": "int", "data": 5}, "Hcamera2end": {"type": "ndarray", "data": [[0.9999992757809537, -0.001032333815754366, -0.0006186472831540677, -0.016069853441026755], [0.0006183389721154351, -0.00029894684742393096, 0.9999997641438211, 0.031108867648836344], [-0.0010325185149270234, -0.9999994224586707, -0.0002983082986902641, 0.037848921950047625], [0.0, 0.0, 0.0, 1.0]]}, "Hobj2base": {"type": "ndarray", "data": [[0.9999992700665865, -0.0011262063876377125, -0.0004376362263640279, -0.740573855619736], [-0.001128151417692987, -0.9999893737434984, -0.004469862913453423, 0.08703088083461485], [-0.00043259758776423583, 0.004470353370680334, -0.9999899143491744, 0.002796007538419243], [0.0, 0.0, 0.0, 1.0]]}, "mean_rme": {"type": "float", "data": 0.0012901677804958178}, "max_rme": {"type": "float", "data": 0.0028925736941207703}, "simu": {"type": "float", "data": 0.002}}, {"type": "dict", "image_number": {"type": "int", "data": 6}, "Hcamera2end": {"type": "ndarray", "data": [[0.9999999171749044, 0.00030136013728877147, 0.00027355484257397735, -0.013933691804026808], [-0.00027322798919254224, -0.0010841017403193653, 0.9999993750347458, 0.031779368829034045], [0.0003016565102300641, -0.9999993669525415, -0.0010840193105041696, 0.03748004291035749], [0.0, 0.0, 0.0, 1.0]]}, "Hobj2base": {"type": "ndarray", "data": [[0.9999999489026558, 0.00016666368375433104, 0.0002727964487221988, -0.7406698577472869], [0.00016749882134439313, -0.9999952911772483, -0.003064240113749803, 0.08988316622104396], [0.00027228446662680916, 0.0030642856502588987, -0.9999952679961153, 0.0025827200005386817], [0.0, 0.0, 0.0, 1.0]]}, "mean_rme": {"type": "float", "data": 0.0014306149799468329}, "max_rme": {"type": "float", "data": 0.003921222507412669}, "simu": {"type": "float", "data": 0.002}}, {"type": "dict", "image_number": {"type": "int", "data": 7}, "Hcamera2end": {"type": "ndarray", "data": [[0.9999996747692225, 0.0005639541224484918, -0.0005765563259686657, -0.014163351302452356], [0.0005770994151161733, -0.0009633141410283486, 0.9999993694908668, 0.03173040707567895], [0.000563398362008362, -0.9999993769906129, -0.0009636392853231701, 0.037558187608873424], [0.0, 0.0, 0.0, 1.0]]}, "Hobj2base": {"type": "ndarray", "data": [[0.9999998579144715, 0.00029296401084725544, 0.0004453573004470458, -0.7405144825961818], [0.0002943941554599728, -0.999994789944521, -0.0032145630954765808, 0.0898242672862253], [0.00044441322881323003, 0.0032146937493200273, -0.9999947341066255, 0.002804139578150971], [0.0, 0.0, 0.0, 1.0]]}, "mean_rme": {"type": "float", "data": 0.0015113756471533137}, "max_rme": {"type": "float", "data": 0.004145540671106618}, "simu": {"type": "float", "data": 0.002}}, {"type": "dict", "image_number": {"type": "int", "data": 8}, "Hcamera2end": {"type": "ndarray", "data": [[0.9999995720097623, 0.000172810801089528, -0.0009089096320576348, -0.013598756581646302], [0.0009090519064433021, -0.0008250074000537566, 0.9999992464934266, 0.0318686142814259], [0.00017206081370302572, -0.9999996447495452, -0.0008251641409466881, 0.03758076647181917], [0.0, 0.0, 0.0, 1.0]]}, "Hobj2base": {"type": "ndarray", "data": [[0.9999999149310513, -0.0001389431876943324, 0.0003883718328874742, -0.7403833603010189], [-0.00013793335924203615, -0.9999966131397728, -0.0025989773704270863, 0.08999817608241632], [0.00038873162772695263, 0.002598923579903269, -0.9999965472360128, 0.002580236985211967], [0.0, 0.0, 0.0, 1.0]]}, "mean_rme": {"type": "float", "data": 0.0015122607270892543}, "max_rme": {"type": "float", "data": 0.004313720413557709}, "simu": {"type": "float", "data": 0.002}}, {"type": "dict", "image_number": {"type": "int", "data": 9}, "Hcamera2end": {"type": "ndarray", "data": [[0.9999997402526613, 0.0005854759382036404, -0.0004203719017005221, -0.012756382012044851], [0.00042050628830888015, -0.00022942977537265818, 0.9999998852682133, 0.03310560628572555], [0.0005853794251999599, -0.9999998022899323, -0.0002296759120925529, 0.03772916222738238], [0.0, 0.0, 0.0, 1.0]]}, "Hobj2base": {"type": "ndarray", "data": [[0.9999999569592893, 0.0002186567144369175, -0.00019562888499909494, -0.7405671169483663], [0.00021834412260567465, -0.9999987017898082, -0.001596478794812595, 0.09085796969777411], [-0.00019597771183962458, 0.0015964360116817618, -0.9999987064915619, 0.0014334598373686694], [0.0, 0.0, 0.0, 1.0]]}, "mean_rme": {"type": "float", "data": 0.0015330252299788631}, "max_rme": {"type": "float", "data": 0.004440835294711176}, "simu": {"type": "float", "data": 0.002}}, {"type": "dict", "image_number": {"type": "int", "data": 10}, "Hcamera2end": {"type": "ndarray", "data": [[0.9999995680430389, 0.0005089826037083988, -0.0007777213156225978, -0.012444814005905547], [0.000777877179275617, -0.0003060996080417322, 0.999999650605001, 0.0331287590288474], [0.0005087443656825448, -0.9999998236198541, -0.00030649540177196677, 0.03615430875365792], [0.0, 0.0, 0.0, 1.0]]}, "Hobj2base": {"type": "ndarray", "data": [[0.9999999680333463, 0.0002484567490166041, -4.69313350040661e-05, -0.7388704181720746], [0.0002483646196202156, -0.9999980620947058, -0.0019529776878691976, 0.09070293170608976], [-4.741647454281346e-05, 0.0019529659693558695, -0.9999980918359801, 0.0015947247766009641], [0.0, 0.0, 0.0, 1.0]]}, "mean_rme": {"type": "float", "data": 0.0016057567233498916}, "max_rme": {"type": "float", "data": 0.004800566817722951}, "simu": {"type": "float", "data": 0.002}}, {"type": "dict", "image_number": {"type": "int", "data": 11}, "Hcamera2end": {"type": "ndarray", "data": [[0.9999995010079876, 0.000986484093595647, -0.00015758460852982202, -0.01427589206112926], [0.0001578247138992238, -0.00024332196052800903, 0.999999957942891, 0.03328592403955146], [0.000986445708311081, -0.9999994838216454, -0.00024347753068232336, 0.03471593529442318], [0.0, 0.0, 0.0, 1.0]]}, "Hobj2base": {"type": "ndarray", "data": [[0.9999996969620483, 0.0007454258935925775, -0.0002245351839440302, -0.7371783692914338], [0.000745123144684296, -0.9999988173236494, -0.0013454154756114404, 0.08947675466949129], [-0.00022553782592473918, 0.001345247761537138, -0.999999069720142, 0.0017214604221956148], [0.0, 0.0, 0.0, 1.0]]}, "mean_rme": {"type": "float", "data": 0.0017090720495165934}, "max_rme": {"type": "float", "data": 0.004689338653831171}, "simu": {"type": "float", "data": 0.002}}, {"type": "dict", "image_number": {"type": "int", "data": 12}, "Hcamera2end": {"type": "ndarray", "data": [[0.999999472742405, 0.0009423568010841017, -0.0004080178568519872, -0.0140348348052797], [0.00040711334972581224, 0.000959827550342518, 0.9999994564947493, 0.033329499772230986], [0.0009427479156882705, -0.9999990953469572, 0.0009594433982322847, 0.03402865150722385], [0.0, 0.0, 0.0, 1.0]]}, "Hobj2base": {"type": "ndarray", "data": [[0.9999987910996354, 0.0007114848667121191, -0.0013826020946806302, -0.737124585847995], [0.0007095299829503922, -0.9999987487362807, -0.0014138928800285387, 0.08961937073944026], [-0.0013836063280680834, 0.0014129101731322545, -0.999998044657274, 0.002231455279520761], [0.0, 0.0, 0.0, 1.0]]}, "mean_rme": {"type": "float", "data": 0.001670491739247111}, "max_rme": {"type": "float", "data": 0.004865329299442583}, "simu": {"type": "float", "data": 0.002}}, {"type": "dict", "image_number": {"type": "int", "data": 13}, "Hcamera2end": {"type": "ndarray", "data": [[0.9999995065200733, 0.00042936342096857856, -0.0008958831746470167, -0.013471024429218194], [0.0008954188959678788, 0.0010802937920911804, 0.9999990155946772, 0.03322045375140057], [0.0004303308153329517, -0.9999993243059595, 0.001079908798867435, 0.03411527972516428], [0.0, 0.0, 0.0, 1.0]]}, "Hobj2base": {"type": "ndarray", "data": [[0.9999987572333752, 0.000274059471758523, -0.0015525537386006474, -0.7370470738806135], [0.0002711632632245416, -0.9999982234653089, -0.0018653516322636142, 0.09000715187566942], [-0.0015530621977180522, 0.0018649283185287716, -0.9999970550157524, 0.0021438687611374796], [0.0, 0.0, 0.0, 1.0]]}, "mean_rme": {"type": "float", "data": 0.0016482610357325235}, "max_rme": {"type": "float", "data": 0.005052638764428491}, "simu": {"type": "float", "data": 0.002}}, {"type": "dict", "image_number": {"type": "int", "data": 14}, "Hcamera2end": {"type": "ndarray", "data": [[0.9999998491328138, 0.0002257653847230548, -0.0005007637574015705, -0.013853512488643641], [0.0005006342093567915, 0.0005735089375916713, 0.9999997102264016, 0.03330438036795529], [0.0002260525117926987, -0.9999998100587268, 0.0005733958251931126, 0.033839569752550196], [0.0, 0.0, 0.0, 1.0]]}, "Hobj2base": {"type": "ndarray", "data": [[0.9999991944172124, 1.379486561997984e-05, -0.0012692417531091462, -0.7364378733889502], [1.218055510031423e-05, -0.9999991911001795, -0.0012718689481278009, 0.090159059140569], [-0.0012692582716809452, 0.001271852463462959, -0.9999983856860726, 0.0020648998622366404], [0.0, 0.0, 0.0, 1.0]]}, "mean_rme": {"type": "float", "data": 0.0016111322478580747}, "max_rme": {"type": "float", "data": 0.004983015817627473}, "simu": {"type": "float", "data": 0.002}}, {"type": "dict", "image_number": {"type": "int", "data": 15}, "Hcamera2end": {"type": "ndarray", "data": [[0.9999999480002674, 0.00026026202755486034, -0.0001904288308323075, -0.013902757572729477], [0.00019046350762570778, -0.0001332197152346115, 0.9999999729880795, 0.03328873372174132], [0.00026023665165006725, -0.9999999572580913, -0.00013326927872592265, 0.03418814560233825], [0.0, 0.0, 0.0, 1.0]]}, "Hobj2base": {"type": "ndarray", "data": [[0.99999978531842, 2.359969698603688e-05, -0.0006548329314012256, -0.7364218802718893], [2.3086278325780922e-05, -0.9999996923727326, -0.0007840417485506652, 0.09030715205264889], [-0.0006548512331044506, 0.0007840264625760327, -0.999999478236048, 0.001968359682402195], [0.0, 0.0, 0.0, 1.0]]}, "mean_rme": {"type": "float", "data": 0.0015498600908671746}, "max_rme": {"type": "float", "data": 0.004895524965379122}, "simu": {"type": "float", "data": 0.002}}, {"type": "dict", "image_number": {"type": "int", "data": 16}, "Hcamera2end": {"type": "ndarray", "data": [[0.9999998870478379, 0.0002459733714522047, 0.0004066957240046708, -0.014120177318386069], [-0.00040668952834535256, -2.523782644048289e-05, 0.9999999169833366, 0.03330336841259605], [0.0002459836151484125, -0.999999969430076, -2.5137788795426275e-05, 0.03357756772485902], [0.0, 0.0, 0.0, 1.0]]}, "Hobj2base": {"type": "ndarray", "data": [[0.9999997933701447, 3.879556958038924e-05, -0.0006416810513838034, -0.7358629309007335], [3.868857299533821e-05, -0.9999999853478552, -0.00016675575910527808, 0.09030274692457065], [-0.0006416875113664553, 0.00016673089892436352, -0.9999997802189482, 0.002161991289686506], [0.0, 0.0, 0.0, 1.0]]}, "mean_rme": {"type": "float", "data": 0.0015711346143625193}, "max_rme": {"type": "float", "data": 0.004906849383213979}, "simu": {"type": "float", "data": 0.002}}, {"type": "dict", "image_number": {"type": "int", "data": 17}, "Hcamera2end": {"type": "ndarray", "data": [[0.9999999603964469, 0.00022610840462152515, 0.0001675771286010751, -0.014139668371366713], [-0.0001676327794227742, 0.00024612801672529994, 0.9999999556601246, 0.03332534910503272], [0.00022606714916959547, -0.9999999441479931, 0.00024616591015813594, 0.032947645795833196], [0.0, 0.0, 0.0, 1.0]]}, "Hobj2base": {"type": "ndarray", "data": [[0.9999996490029632, 6.51147986757071e-05, -0.0008353167144472711, -0.7353605655243226], [6.470981912961546e-05, -0.9999998803716819, -0.00048483941775372634, 0.09029066981117258], [-0.0008353481847408147, 0.00048478519438301956, -0.9999995335882539, 0.002070567266578152], [0.0, 0.0, 0.0, 1.0]]}, "mean_rme": {"type": "float", "data": 0.001559403279929618}, "max_rme": {"type": "float", "data": 0.004945284771680464}, "simu": {"type": "float", "data": 0.002}}, {"type": "dict", "image_number": {"type": "int", "data": 18}, "Hcamera2end": {"type": "ndarray", "data": [[0.9999999593056668, 0.0002852658358690294, 3.4738723861446456e-06, -0.014549381622502716], [-3.5429854570474947e-06, 0.00024227587046543597, 0.9999999706449246, 0.034309644088485726], [0.00028526498585957304, -0.9999999299629004, 0.00024227687129885211, 0.032992833761302895], [0.0, 0.0, 0.0, 1.0]]}, "Hobj2base": {"type": "ndarray", "data": [[0.9999996868982612, 0.00012991157902657153, -0.0007805935954255059, -0.7353292004589322], [0.00012944168773768952, -0.9999998104282382, -0.0006019869910365505, 0.09003351863853574], [-0.0007806716525275617, 0.0006018857612009477, -0.9999995141425329, 0.0008456674724345056], [0.0, 0.0, 0.0, 1.0]]}, "mean_rme": {"type": "float", "data": 0.0016074469869314417}, "max_rme": {"type": "float", "data": 0.005032903847436959}, "simu": {"type": "float", "data": 0.002}}, {"type": "dict", "image_number": {"type": "int", "data": 19}, "Hcamera2end": {"type": "ndarray", "data": [[0.9999999444298818, 0.000332798146454488, -1.963738673064954e-05, -0.01446338988228393], [1.953037346037601e-05, 0.0003215562879056444, 0.9999999481100579, 0.03438650562012892], [0.00033280444371079263, -0.9999998929234681, 0.000321549770364582, 0.03279216025395706], [0.0, 0.0, 0.0, 1.0]]}, "Hobj2base": {"type": "ndarray", "data": [[0.9999996472469886, 0.00018667285939422522, -0.0008189378132099889, -0.7351377388563803], [0.000186186119730137, -0.9999998060171131, -0.0005943908348236475, 0.08996779788836862], [-0.000819048610986802, 0.0005942381502967488, -0.9999994880200656, 0.0009281845213397448], [0.0, 0.0, 0.0, 1.0]]}, "mean_rme": {"type": "float", "data": 0.0016199259423054202}, "max_rme": {"type": "float", "data": 0.005089381723274361}, "simu": {"type": "float", "data": 0.002}}, {"type": "dict", "image_number": {"type": "int", "data": 20}, "Hcamera2end": {"type": "ndarray", "data": [[0.9999998622112459, 0.0005198561170918888, -7.298703123739507e-05, -0.014615427525084533], [7.285988434891524e-05, 0.00024459566127010834, 0.9999999674321994, 0.034442890070016365], [0.000519873952472488, -0.9999998349612765, 0.00024455775091092313, 0.03311881291211269], [0.0, 0.0, 0.0, 1.0]]}, "Hobj2base": {"type": "ndarray", "data": [[0.9999996634782736, 0.00037188261642007826, -0.0007312637412142133, -0.7352832875911689], [0.00037143899971600315, -0.9999997469824402, -0.0006066861838379192, 0.0896072053910646], [-0.0007314891722370372, 0.000606414359802272, -0.999999548592506, 0.0008726802077952733], [0.0, 0.0, 0.0, 1.0]]}, "mean_rme": {"type": "float", "data": 0.001632625122727829}, "max_rme": {"type": "float", "data": 0.005243756036155428}, "simu": {"type": "float", "data": 0.002}}, {"type": "dict", "image_number": {"type": "int", "data": 21}, "Hcamera2end": {"type": "ndarray", "data": [[0.9999999031331983, 0.000439258094678565, -2.803427115171032e-05, -0.014568308443048433], [2.791886770791443e-05, 0.000262727474203972, 0.9999999650974049, 0.034376888007656245], [0.0004392654447205684, -0.9999998690132915, 0.00026271518516574055, 0.033253454170178706], [0.0, 0.0, 0.0, 1.0]]}, "Hobj2base": {"type": "ndarray", "data": [[0.999999685939661, 0.0002962121584454796, -0.0007351047112180731, -0.7353923589596848], [0.0002958057911053261, -0.999999803428357, -0.000552849149118361, 0.08973487438576158], [-0.0007352683273570872, 0.0005526315272597228, -0.9999995769893517, 0.0008962470747996329], [0.0, 0.0, 0.0, 1.0]]}, "mean_rme": {"type": "float", "data": 0.0015946384612405193}, "max_rme": {"type": "float", "data": 0.005270869788338989}, "simu": {"type": "float", "data": 0.002}}, {"type": "dict", "image_number": {"type": "int", "data": 22}, "Hcamera2end": {"type": "ndarray", "data": [[0.9999998744762689, 0.00046718838790300355, -0.00018105926263883764, -0.014429962238390381], [0.0001810069222956968, 0.00011207247872291326, 0.9999999773381267, 0.03446504243716187], [0.00046720866907599913, -0.9999998845873783, 0.00011198790032296291, 0.033430418294056984], [0.0, 0.0, 0.0, 1.0]]}, "Hobj2base": {"type": "ndarray", "data": [[0.9999997993129334, 0.0003129052632900386, -0.0005508760198808558, -0.7355099938285218], [0.00031255830459928145, -0.9999997528269062, -0.0006298042806068042, 0.08974902005351043], [-0.0005510729527933705, 0.0006296319733384121, -0.9999996499410277, 0.0008718317083247874], [0.0, 0.0, 0.0, 1.0]]}, "mean_rme": {"type": "float", "data": 0.0015662766296787184}, "max_rme": {"type": "float", "data": 0.005226702482181406}, "simu": {"type": "float", "data": 0.002}}, {"type": "dict", "image_number": {"type": "int", "data": 23}, "Hcamera2end": {"type": "ndarray", "data": [[0.9999995846387221, 0.0008879844906841635, -0.00020544081289807517, -0.014509177602778584], [0.00020530058616329222, 0.00015800401497145788, 0.9999999664431997, 0.034839976448941976], [0.0008880169213595222, -0.999999593259055, 0.00015782164560618206, 0.03337712195907108], [0.0, 0.0, 0.0, 1.0]]}, "Hobj2base": {"type": "ndarray", "data": [[0.9999995379790638, 0.00074494099368433, -0.000607539772191519, -0.7356467263510725], [0.0007445443673266221, -0.9999995097493837, -0.0006528052370653072, 0.08964501687788345], [-0.000608025775726753, 0.0006523525951403084, -0.9999996023702951, 0.0004768830514344006], [0.0, 0.0, 0.0, 1.0]]}, "mean_rme": {"type": "float", "data": 0.0015649891253167283}, "max_rme": {"type": "float", "data": 0.0051351980023385535}, "simu": {"type": "float", "data": 0.002}}, {"type": "dict", "image_number": {"type": "int", "data": 24}, "Hcamera2end": {"type": "ndarray", "data": [[0.9999990421768186, 0.0013631929924605196, -0.00023947924892931316, -0.014473662859640093], [0.0002392676028928931, 0.00015541854042311343, 0.9999999592980449, 0.03488185135634155], [0.0013632301564912297, -0.9999990587745282, 0.00015509222364007424, 0.03348527130703479], [0.0, 0.0, 0.0, 1.0]]}, "Hobj2base": {"type": "ndarray", "data": [[0.9999990570995703, 0.0012194050026039234, -0.0006315468391405459, -0.7356076468212387], [0.0012190204733259057, -0.9999990716166787, -0.0006088964330863777, 0.08949974698525902], [-0.0006322887441795671, 0.0006081259904308927, -0.9999996151967876, 0.0004592593118486014], [0.0, 0.0, 0.0, 1.0]]}, "mean_rme": {"type": "float", "data": 0.0015811888026712644}, "max_rme": {"type": "float", "data": 0.005352767432865363}, "simu": {"type": "float", "data": 0.002}}, {"type": "dict", "image_number": {"type": "int", "data": 25}, "Hcamera2end": {"type": "ndarray", "data": [[0.9999981169136661, 0.0019037864055009913, -0.0003765188495100253, -0.014590092352377312], [0.00037651105076107216, 4.454838127943006e-06, 0.999999929109789, 0.03486951590020397], [0.001903787947871698, -0.9999981877870963, 3.738033119149442e-06, 0.033579142167170485], [0.0, 0.0, 0.0, 1.0]]}, "Hobj2base": {"type": "ndarray", "data": [[0.9999980497309962, 0.0018244940393868103, -0.000756145293152864, -0.7356696215006266], [0.0018239623212714087, -0.9999980892706781, -0.0007032897290219574, 0.089385170736678], [-0.0007574269962824434, 0.0007019091768936807, -0.9999994668137842, 0.0006067837168104884], [0.0, 0.0, 0.0, 1.0]]}, "mean_rme": {"type": "float", "data": 0.0016134905023660626}, "max_rme": {"type": "float", "data": 0.005371581629636107}, "simu": {"type": "float", "data": 0.002}}, {"type": "dict", "image_number": {"type": "int", "data": 26}, "Hcamera2end": {"type": "ndarray", "data": [[0.9999987257165812, 0.0015078393948892545, -0.0005243906682059702, -0.014676717676913972], [0.0005243144803986545, 5.0922647286788525e-05, 0.9999998612505951, 0.03486405097976466], [0.0015078658890384736, -0.999998861912974, 5.013200036807497e-05, 0.03348772031459362], [0.0, 0.0, 0.0, 1.0]]}, "Hobj2base": {"type": "ndarray", "data": [[0.9999988235332646, 0.0014003888747205675, -0.0006259737105409774, -0.735631406246108], [0.0013997891251378977, -0.9999985618717375, -0.0009575201627472546, 0.08941873459350683], [-0.0006273137108937246, 0.0009566428050639972, -0.9999993456558118, 0.0007242609934023242], [0.0, 0.0, 0.0, 1.0]]}, "mean_rme": {"type": "float", "data": 0.0016571614700883412}, "max_rme": {"type": "float", "data": 0.0052854597675519865}, "simu": {"type": "float", "data": 0.002}}, {"type": "dict", "image_number": {"type": "int", "data": 27}, "Hcamera2end": {"type": "ndarray", "data": [[0.9999984248696377, 0.0016700467367696252, -0.0006010009488291703, -0.014729593319537885], [0.0006008770298255278, 7.470167569856301e-05, 0.9999998166832106, 0.03486165890818816], [0.0016700913263999933, -0.9999986026808022, 7.369806531076772e-05, 0.0335171868983167], [0.0, 0.0, 0.0, 1.0]]}, "Hobj2base": {"type": "ndarray", "data": [[0.9999986363071093, 0.0015427590686690634, -0.0005893032986767864, -0.7355963453150368], [0.0015421563283295955, -0.9999982887455912, -0.0010218902815981772, 0.08938600026536517], [-0.0005908788207280389, 0.0010209800902423053, -0.9999993042306949, 0.0007748568002200165], [0.0, 0.0, 0.0, 1.0]]}, "mean_rme": {"type": "float", "data": 0.0016658334687421515}, "max_rme": {"type": "float", "data": 0.0053876158902012306}, "simu": {"type": "float", "data": 0.002}}, {"type": "dict", "image_number": {"type": "int", "data": 28}, "Hcamera2end": {"type": "ndarray", "data": [[0.9999978720672661, 0.0020263328322432765, -0.0003870868024891458, -0.014731966989442347], [0.00038699991578212576, 4.3270713597443056e-05, 0.9999999241793522, 0.03479200853727565], [0.0020263494281275766, -0.9999979460493396, 4.2486430884780546e-05, 0.03358656425867848], [0.0, 0.0, 0.0, 1.0]]}, "Hobj2base": {"type": "ndarray", "data": [[0.9999979463428171, 0.0019100129230711256, -0.0006776140360752685, -0.7356231658345249], [0.0019093634552396627, -0.9999977184548996, -0.0009578184545433191, 0.08933033919400259], [-0.0006794419356944181, 0.0009565226760353305, -0.9999993117112767, 0.0007139433196332075], [0.0, 0.0, 0.0, 1.0]]}, "mean_rme": {"type": "float", "data": 0.0017142804283137678}, "max_rme": {"type": "float", "data": 0.005464158591373086}, "simu": {"type": "float", "data": 0.002}}, {"type": "dict", "image_number": {"type": "int", "data": 29}, "Hcamera2end": {"type": "ndarray", "data": [[0.9999980575908708, 0.001950733675189479, -0.00028187340063005797, -0.014756121235716305], [0.00028179245451588565, 4.176994235038922e-05, 0.9999999594241413, 0.034716130027223235], [0.0019507453698724797, -0.9999980964448882, 4.122015918561761e-05, 0.03356759297253888], [0.0, 0.0, 0.0, 1.0]]}, "Hobj2base": {"type": "ndarray", "data": [[0.999998043497741, 0.0018520377634303785, -0.0006949509428132528, -0.735650716448643], [0.001851414824518103, -0.9999978847630231, -0.0008959534730363894, 0.08940892320641469], [-0.0006966088124936618, 0.0008946650776235581, -0.9999993571550734, 0.0006998964191318945], [0.0, 0.0, 0.0, 1.0]]}, "mean_rme": {"type": "float", "data": 0.0017241778207303668}, "max_rme": {"type": "float", "data": 0.005408613532420309}, "simu": {"type": "float", "data": 0.002}}, {"type": "dict", "image_number": {"type": "int", "data": 30}, "Hcamera2end": {"type": "ndarray", "data": [[0.9999981682187635, 0.0018849637929896465, -0.00033237120309129566, -0.014669382261533033], [0.00033237531678789484, -1.8691167464890412e-06, 0.9999999447615762, 0.03476167969113988], [0.0018849630676266355, -0.9999982234524247, -2.49562876031284e-06, 0.033566080630748306], [0.0, 0.0, 0.0, 1.0]]}, "Hobj2base": {"type": "ndarray", "data": [[0.999998097688957, 0.0018073478190376224, -0.0007335614005563822, -0.7356730603705781], [0.001806760391475422, -0.9999980472760708, -0.0008006628084102902, 0.0893873079053077], [-0.0007350070442940468, 0.0007993359156173474, -0.9999994104131955, 0.0006786488444916231], [0.0, 0.0, 0.0, 1.0]]}, "mean_rme": {"type": "float", "data": 0.0017155736076782421}, "max_rme": {"type": "float", "data": 0.0053477392160903026}, "simu": {"type": "float", "data": 0.002}}]}