{"type": "list", "data": [{"type": "dict", "image_number": {"type": "int", "data": 5}, "Hcamera2end": {"type": "ndarray", "data": [[0.9999981894322448, 0.0013452054747509783, -0.0013459399923361184, -0.012723747612490587], [0.0013462733583270968, -0.00024694311967676796, 0.9999990632831316, 0.024998011229091635], [0.001344871844053713, -0.999999064720226, -0.0002487536868616136, 0.03323439480332458], [0.0, 0.0, 0.0, 1.0]]}, "Hobj2base": {"type": "ndarray", "data": [[0.9999985146198401, 0.0012886201217543994, 0.0011446467993211982, -0.7360734413905584], [0.0012876781705174357, -0.9999988320510691, 0.0008232748186040325, 0.09084983259702865], [0.0011457063509291796, -0.0008217996590315122, -0.999999006000645, -0.0034792675085828285], [0.0, 0.0, 0.0, 1.0]]}, "mean_rme": {"type": "float", "data": 0.0013315794357798218}, "max_rme": {"type": "float", "data": 0.004008651646547512}, "simu": {"type": "float", "data": 0.002}}, {"type": "dict", "image_number": {"type": "int", "data": 6}, "Hcamera2end": {"type": "ndarray", "data": [[0.9999995973971256, -0.0006660119936833653, -0.0006013598016199715, -0.011151633174078053], [0.0006018883286846222, 0.0007936539719868296, 0.999999503921783, 0.025486943293039292], [-0.0006655343916941742, -0.9999994632705542, 0.0007940545173051872, 0.033131432209480394], [0.0, 0.0, 0.0, 1.0]]}, "Hobj2base": {"type": "ndarray", "data": [[0.9999991470821282, -0.000875922335060983, 0.0009688111678524785, -0.7358283832357576], [-0.0008774813087063893, -0.9999983191088055, 0.0016099087291833374, 0.09287215860610887], [0.000967399384373016, -0.0016107574697548667, -0.9999982347978444, -0.004096964126428866], [0.0, 0.0, 0.0, 1.0]]}, "mean_rme": {"type": "float", "data": 0.001407164223053374}, "max_rme": {"type": "float", "data": 0.004454275367959837}, "simu": {"type": "float", "data": 0.002}}, {"type": "dict", "image_number": {"type": "int", "data": 7}, "Hcamera2end": {"type": "ndarray", "data": [[0.99999970167219, -0.0004458446226627445, -0.0006307757949298657, -0.010491248872592188], [0.0006307424361965654, -7.495807924517983e-05, 0.9999997982726122, 0.025498798585397817], [-0.00044589181446569597, -0.9999998978019239, -7.467684375961348e-05, 0.03422655925316643], [0.0, 0.0, 0.0, 1.0]]}, "Hobj2base": {"type": "ndarray", "data": [[0.9999984336237603, -0.0007287801728471707, 0.0016129567525579162, -0.7363619785565139], [-0.0007308371342232862, -0.9999989200592236, 0.0012750519481428862, 0.09363172582144821], [0.0016120257780809911, -0.0012762287596224757, -0.9999978863042884, -0.0047675643293888835], [0.0, 0.0, 0.0, 1.0]]}, "mean_rme": {"type": "float", "data": 0.0014681446160104057}, "max_rme": {"type": "float", "data": 0.004987581005689523}, "simu": {"type": "float", "data": 0.002}}, {"type": "dict", "image_number": {"type": "int", "data": 8}, "Hcamera2end": {"type": "ndarray", "data": [[0.9999982478841065, -0.0006434535283023175, -0.0017578954104145394, -0.011113952240806677], [0.0017575820586745309, -0.00048722620315233556, 0.9999983367565838, 0.0256087192532695], [-0.0006443089507888281, -0.9999996742890388, -0.00048609442709879325, 0.03284572593721477], [0.0, 0.0, 0.0, 1.0]]}, "Hobj2base": {"type": "ndarray", "data": [[0.9999978291711651, -0.0008878293738501827, 0.0018850495909555499, -0.734817875487256], [-0.000887950807751647, -0.9999996037501704, 6.358353385514542e-05, 0.09231001895393061], [0.0018849923926759203, -6.525722713311759e-05, -0.9999982212710052, -0.0052828381168897875], [0.0, 0.0, 0.0, 1.0]]}, "mean_rme": {"type": "float", "data": 0.0014949210352955544}, "max_rme": {"type": "float", "data": 0.0051273125937193464}, "simu": {"type": "float", "data": 0.002}}, {"type": "dict", "image_number": {"type": "int", "data": 9}, "Hcamera2end": {"type": "ndarray", "data": [[0.9999992085555769, -0.0009699470712434399, -0.0008013057461904947, -0.014191533463504515], [0.0008019686908156651, 0.0006832895024270202, 0.9999994449806832, 0.0251654023258009], [-0.0009693990090994731, -0.9999992961588194, 0.0006840668288242702, 0.03277158147563169], [0.0, 0.0, 0.0, 1.0]]}, "Hobj2base": {"type": "ndarray", "data": [[0.999999377016715, -0.0010405142066055328, 0.0004040994526907781, -0.7345134219491687], [-0.0010407795726836747, -0.9999992425438411, 0.0006570309165014775, 0.08975490104942761], [0.00040341549660035997, -0.0006574510856378922, -0.9999997025069594, -0.004904505173503604], [0.0, 0.0, 0.0, 1.0]]}, "mean_rme": {"type": "float", "data": 0.0016280591968096064}, "max_rme": {"type": "float", "data": 0.0055032128976301165}, "simu": {"type": "float", "data": 0.002}}, {"type": "dict", "image_number": {"type": "int", "data": 10}, "Hcamera2end": {"type": "ndarray", "data": [[0.9999994491628282, 0.0007510757502458237, -0.0007331843270730297, -0.014249293127025876], [0.0007323188059979279, 0.0011520027835083546, 0.9999990682989426, 0.025014386254744635], [0.0007519196808533659, -0.999999054386955, 0.0011514521220458152, 0.03289397568365687], [0.0, 0.0, 0.0, 1.0]]}, "Hobj2base": {"type": "ndarray", "data": [[0.999999422964772, 0.0007863418272099278, 0.0007319403349343993, -0.7346735975634984], [0.0007858735264107935, -0.999999486481127, 0.0006398752085674804, 0.08925573726537708], [0.0007324431197099148, -0.0006392996268048063, -0.99999952741142, -0.004788694218396084], [0.0, 0.0, 0.0, 1.0]]}, "mean_rme": {"type": "float", "data": 0.0016390942147420397}, "max_rme": {"type": "float", "data": 0.005633824632101603}, "simu": {"type": "float", "data": 0.002}}, {"type": "dict", "image_number": {"type": "int", "data": 11}, "Hcamera2end": {"type": "ndarray", "data": [[0.9999996898267365, 0.0006961493366404158, -0.00036840539087353025, -0.014326198843048536], [0.00036752325500676605, 0.001266868038582225, 0.9999991299856364, 0.024871004049074857], [0.0006966154519954329, -0.9999989552101912, 0.0012666117945634436, 0.032639907980446366], [0.0, 0.0, 0.0, 1.0]]}, "Hobj2base": {"type": "ndarray", "data": [[0.9999996272885096, 0.0007319971140289806, 0.0004578242753819662, -0.7345909234786617], [0.0007315899559222148, -0.9999993373439722, 0.0008888688047601986, 0.08948395854031042], [0.0004584746214017855, -0.0008885335338271347, -0.999999500154465, -0.004753086850601193], [0.0, 0.0, 0.0, 1.0]]}, "mean_rme": {"type": "float", "data": 0.0016092704434497503}, "max_rme": {"type": "float", "data": 0.0058194926843238015}, "simu": {"type": "float", "data": 0.002}}, {"type": "dict", "image_number": {"type": "int", "data": 12}, "Hcamera2end": {"type": "ndarray", "data": [[0.999999882234845, 0.00042029231396636035, 0.00024266163038706232, -0.014665002706325314], [-0.0002432078248563722, 0.0012999953465059333, 0.9999991254306441, 0.024970328423466213], [0.0004199764874013032, -0.9999990666827995, 0.0013000974117912678, 0.03255719765831364], [0.0, 0.0, 0.0, 1.0]]}, "Hobj2base": {"type": "ndarray", "data": [[0.9999998545831712, 0.00046605348477909156, 0.0002713444041742055, -0.7343868172493703], [0.00046568620341325086, -0.9999989775412681, 0.0013520550206772067, 0.0895839279182063], [0.0002719742566897497, -0.001351928462720256, -0.9999990491592659, -0.004435726170472526], [0.0, 0.0, 0.0, 1.0]]}, "mean_rme": {"type": "float", "data": 0.0016202824338562149}, "max_rme": {"type": "float", "data": 0.005509331415032848}, "simu": {"type": "float", "data": 0.002}}, {"type": "dict", "image_number": {"type": "int", "data": 13}, "Hcamera2end": {"type": "ndarray", "data": [[0.9999998449501076, 0.0005463472564525379, -0.00010772388854548675, -0.014391590462007586], [0.00010727939139020556, 0.000813543977865816, 0.9999996633186075, 0.02521330156713923], [0.0005464347106283813, -0.9999995198253204, 0.0008134852399247494, 0.03334962984565883], [0.0, 0.0, 0.0, 1.0]]}, "Hobj2base": {"type": "ndarray", "data": [[0.999999635944184, 0.0005728655931574226, 0.0006324053382316451, -0.7348846093391169], [0.0005723062986780982, -0.9999994453106229, 0.0008842193993266939, 0.0898087564202556], [0.0006329115263137989, -0.0008838571478630913, -0.9999994091095961, -0.00459262837749542], [0.0, 0.0, 0.0, 1.0]]}, "mean_rme": {"type": "float", "data": 0.001652271165442336}, "max_rme": {"type": "float", "data": 0.005294839302688037}, "simu": {"type": "float", "data": 0.002}}, {"type": "dict", "image_number": {"type": "int", "data": 14}, "Hcamera2end": {"type": "ndarray", "data": [[0.9999999205039458, 0.00030312236293816917, -0.00025905392336962395, -0.013965709053661336], [0.0002588521913365698, 0.0006653636083397974, 0.9999997451433734, 0.025216614544741337], [0.0003032946507386341, -0.9999997327040152, 0.0006652850915580544, 0.03339909370871584], [0.0, 0.0, 0.0, 1.0]]}, "Hobj2base": {"type": "ndarray", "data": [[0.9999997276233273, 0.00034635959477535036, 0.000651757855531796, -0.7346081989883058], [0.00034593279583599505, -0.9999997257564328, 0.000654841630010105, 0.09009095373645745], [0.000651984487473009, -0.0006546159872293485, -0.9999995731969777, -0.0046501247232603815], [0.0, 0.0, 0.0, 1.0]]}, "mean_rme": {"type": "float", "data": 0.0016264894494457543}, "max_rme": {"type": "float", "data": 0.005304159537156128}, "simu": {"type": "float", "data": 0.002}}, {"type": "dict", "image_number": {"type": "int", "data": 15}, "Hcamera2end": {"type": "ndarray", "data": [[0.9999999175609952, 0.0003247299976878464, -0.00024377947291861243, -0.013836321679475887], [0.00024349977779866526, 0.0008610771812654905, 0.9999995996268931, 0.02501445087372678], [0.0003249397806160795, -0.9999995765481688, 0.0008609980385968496, 0.03357023441856079], [0.0, 0.0, 0.0, 1.0]]}, "Hobj2base": {"type": "ndarray", "data": [[0.9999998516636568, 0.00036782680708913806, 0.00040171644771404004, -0.7349750289307638], [0.0003675813941182137, -0.9999997458950558, 0.0006108139992533746, 0.09011780290857377], [0.0004019410193989754, -0.0006106662451555686, -0.999999732765041, -0.004622983374469706], [0.0, 0.0, 0.0, 1.0]]}, "mean_rme": {"type": "float", "data": 0.0016321353156291318}, "max_rme": {"type": "float", "data": 0.005512671325377472}, "simu": {"type": "float", "data": 0.002}}, {"type": "dict", "image_number": {"type": "int", "data": 16}, "Hcamera2end": {"type": "ndarray", "data": [[0.9999996946004038, 0.0007794377312545202, 5.7235673006597165e-05, -0.013971476282929569], [-5.802312730927698e-05, 0.0010102999349588249, 0.9999994879635482, 0.02511176970919477], [0.0007793795069572738, -0.9999991858851011, 0.001010344851828382, 0.033432699967802126], [0.0, 0.0, 0.0, 1.0]]}, "Hobj2base": {"type": "ndarray", "data": [[0.9999994628220882, 0.000859526576890341, 0.0005792836945556922, -0.7350870447770405], [0.0008592398066907061, -0.9999995082864233, 0.0004951099540483182, 0.08998153422122934], [0.0005797089698780221, -0.0004946119444764579, -0.9999997096482254, -0.004592131430049905], [0.0, 0.0, 0.0, 1.0]]}, "mean_rme": {"type": "float", "data": 0.001631166789608478}, "max_rme": {"type": "float", "data": 0.005469475653897327}, "simu": {"type": "float", "data": 0.002}}, {"type": "dict", "image_number": {"type": "int", "data": 17}, "Hcamera2end": {"type": "ndarray", "data": [[0.9999977701468893, 0.0021099150018740864, 8.921846192796686e-05, -0.014062553529084115], [-9.158838077713734e-05, 0.0011231595901420866, 0.9999993650618504, 0.02484197813837071], [0.0021098134556374265, -0.99999714338153, 0.0011233503293597291, 0.03332066935089785], [0.0, 0.0, 0.0, 1.0]]}, "Hobj2base": {"type": "ndarray", "data": [[0.9999973063647644, 0.0021896980416957665, 0.0007697309281780031, -0.7352958380156852], [0.002189305181642552, -0.9999974729798526, 0.0005108588174511453, 0.0895417069575983], [0.000770847609604595, -0.0005091722654743036, -0.9999995732686928, -0.004365596341530063], [0.0, 0.0, 0.0, 1.0]]}, "mean_rme": {"type": "float", "data": 0.0015969282714006446}, "max_rme": {"type": "float", "data": 0.005538005485720587}, "simu": {"type": "float", "data": 0.002}}, {"type": "dict", "image_number": {"type": "int", "data": 18}, "Hcamera2end": {"type": "ndarray", "data": [[0.9999969392197496, 0.00245309261832682, 0.0003223162083577098, -0.014394603288304421], [-0.0003252240615041334, 0.0011850759577801684, 0.9999992449118568, 0.02476808153837173], [0.002452708796836343, -0.9999962889589039, 0.0011858701352677192, 0.033778510582214726], [0.0, 0.0, 0.0, 1.0]]}, "Hobj2base": {"type": "ndarray", "data": [[0.9999966365242893, 0.002509292353267674, 0.0006560426772820866, -0.7357409354737015], [0.0025088315766220964, -0.9999966063059427, 0.0007022397856963133, 0.0891240056286197], [0.0006578025757983597, -0.000700591523145474, -0.9999995382335374, -0.004336463068654977], [0.0, 0.0, 0.0, 1.0]]}, "mean_rme": {"type": "float", "data": 0.001577422096142547}, "max_rme": {"type": "float", "data": 0.005628892684660047}, "simu": {"type": "float", "data": 0.002}}, {"type": "dict", "image_number": {"type": "int", "data": 19}, "Hcamera2end": {"type": "ndarray", "data": [[0.9999971624684638, 0.0023504928886492853, 0.000387605729178822, -0.014590759331721263], [-0.00039031093847296866, 0.0011505620234043556, 0.9999992619319288, 0.02475676595679463], [0.0023500451893934847, -0.9999965756892427, 0.0011514761817336128, 0.033696165028239536], [0.0, 0.0, 0.0, 1.0]]}, "Hobj2base": {"type": "ndarray", "data": [[0.9999968582929013, 0.0024212632271272665, 0.0006487593637977066, -0.7355308959799128], [0.002420756856611946, -0.9999967656279121, 0.0007801730292715295, 0.08911640678446264], [0.0006506462697351003, -0.0007786000895181808, -0.9999994852205336, -0.004255082526279281], [0.0, 0.0, 0.0, 1.0]]}, "mean_rme": {"type": "float", "data": 0.0015981766537570084}, "max_rme": {"type": "float", "data": 0.005562196057551927}, "simu": {"type": "float", "data": 0.002}}, {"type": "dict", "image_number": {"type": "int", "data": 20}, "Hcamera2end": {"type": "ndarray", "data": [[0.9999985088119391, 0.0017220573080827173, 0.00012997125047669537, -0.013853303048385043], [-0.00013161061386799235, 0.0009519004608595782, 0.9999995382819729, 0.024772624460325594], [0.0017219327932845871, -0.9999980642001964, 0.000952125682416427, 0.03447782214018956], [0.0, 0.0, 0.0, 1.0]]}, "Hobj2base": {"type": "ndarray", "data": [[0.9999980630128125, 0.0018243497602274236, 0.0007387276734888478, -0.73583410238875], [0.0018240044571871553, -0.9999982270681358, 0.00046783365252494463, 0.09006023876844946], [0.0007395798559868263, -0.00046648530376806267, -0.9999996177064765, -0.00428061395084639], [0.0, 0.0, 0.0, 1.0]]}, "mean_rme": {"type": "float", "data": 0.0016922148565457645}, "max_rme": {"type": "float", "data": 0.005556454026854993}, "simu": {"type": "float", "data": 0.002}}, {"type": "dict", "image_number": {"type": "int", "data": 21}, "Hcamera2end": {"type": "ndarray", "data": [[0.9999986360688037, 0.0016470116470066248, 0.00012334166766280613, -0.01384451316383227], [-0.0001247349709223895, 0.0008458824309265367, 0.999999634461983, 0.02486632947366688], [0.0016469067124115768, -0.9999982859163046, 0.0008460867171510289, 0.03457128854330927], [0.0, 0.0, 0.0, 1.0]]}, "Hobj2base": {"type": "ndarray", "data": [[0.9999982374881958, 0.0017403558379783096, 0.0007044019158969, -0.735903713944211], [0.0017400748800835855, -0.9999984063574836, 0.00039927672800910255, 0.09010955287915344], [0.0007050956769166175, -0.00039805031219982133, -0.9999996721979643, -0.004201880988241089], [0.0, 0.0, 0.0, 1.0]]}, "mean_rme": {"type": "float", "data": 0.0016992792452300374}, "max_rme": {"type": "float", "data": 0.005491400750628053}, "simu": {"type": "float", "data": 0.002}}, {"type": "dict", "image_number": {"type": "int", "data": 22}, "Hcamera2end": {"type": "ndarray", "data": [[0.9999985558984369, 0.0016804133571865572, 0.0002537951729354752, -0.013906156240923062], [-0.000255216755843964, 0.0008458117708275426, 0.9999996097333518, 0.02483489547249837], [0.0016801980384326207, -0.999998230405133, 0.0008462394190349443, 0.0346316088528832], [0.0, 0.0, 0.0, 1.0]]}, "Hobj2base": {"type": "ndarray", "data": [[0.9999982452964541, 0.0017586590529478773, 0.0006453854261061036, -0.7359744812689908], [0.001758321577819858, -0.9999983173343048, 0.0005231001696245001, 0.09009814412163754], [0.0006463042949870958, -0.0005219644566180448, -0.9999996549218724, -0.004163706496234588], [0.0, 0.0, 0.0, 1.0]]}, "mean_rme": {"type": "float", "data": 0.0016349527886633012}, "max_rme": {"type": "float", "data": 0.005454083118076408}, "simu": {"type": "float", "data": 0.002}}, {"type": "dict", "image_number": {"type": "int", "data": 23}, "Hcamera2end": {"type": "ndarray", "data": [[0.9999985580670677, 0.0016850793118936996, 0.00021064543208703648, -0.0139665083120016], [-0.00021206919882399476, 0.0008447916012276346, 0.9999996206768303, 0.02488287984425345], [0.0016849007212122104, -0.999998223415853, 0.0008451477365144511, 0.03461992421580063], [0.0, 0.0, 0.0, 1.0]]}, "Hobj2base": {"type": "ndarray", "data": [[0.9999982845213002, 0.0017505775416891002, 0.0006053368708305624, -0.7360339487401183], [0.001750286234681607, -0.9999983523619085, 0.00048142659409966185, 0.09002749864342618], [0.0006061786480380784, -0.0004803662554302342, -0.999999700897809, -0.004155743833734395], [0.0, 0.0, 0.0, 1.0]]}, "mean_rme": {"type": "float", "data": 0.001601622248513304}, "max_rme": {"type": "float", "data": 0.005496428218389082}, "simu": {"type": "float", "data": 0.002}}, {"type": "dict", "image_number": {"type": "int", "data": 24}, "Hcamera2end": {"type": "ndarray", "data": [[0.9999983991395597, 0.0017786177849416413, 0.0001955430720072943, -0.01398213077612932], [-0.00019699746200009787, 0.0008175695680381345, 0.9999996463859382, 0.024911305759267498], [0.0017784572859324682, -0.9999980840475529, 0.0008179186424128737, 0.03470419386636397], [0.0, 0.0, 0.0, 1.0]]}, "Hobj2base": {"type": "ndarray", "data": [[0.9999981405615667, 0.0018387471199057897, 0.0005812765590473105, -0.7361048032167079], [0.0018384673694755854, -0.9999981941261451, 0.00048143761757521723, 0.08993642518520441], [0.000582160751367901, -0.00048036806438515834, -0.9999997151676505, -0.004093128882254281], [0.0, 0.0, 0.0, 1.0]]}, "mean_rme": {"type": "float", "data": 0.0015791195988617938}, "max_rme": {"type": "float", "data": 0.00550317793033725}, "simu": {"type": "float", "data": 0.002}}, {"type": "dict", "image_number": {"type": "int", "data": 25}, "Hcamera2end": {"type": "ndarray", "data": [[0.9999983015523656, 0.0018420230364388584, 6.199610778216441e-05, -0.013856624892135481], [-6.356549727747117e-05, 0.0008519459993753253, 0.9999996350736543, 0.023384455257039537], [0.001841969546900121, -0.9999979405674532, 0.0008520616414999793, 0.03468609167200156], [0.0, 0.0, 0.0, 1.0]]}, "Hobj2base": {"type": "ndarray", "data": [[0.9999980242039114, 0.0019227139771108587, 0.0005047367985097173, -0.7361330863905944], [0.0019224375894789183, -0.9999980022351653, 0.0005475028709120706, 0.08980525383557929], [0.0005057884815867011, -0.0005465314641637914, -0.9999997227406472, -0.002569299461571577], [0.0, 0.0, 0.0, 1.0]]}, "mean_rme": {"type": "float", "data": 0.0016019390624447084}, "max_rme": {"type": "float", "data": 0.005631315032016387}, "simu": {"type": "float", "data": 0.002}}, {"type": "dict", "image_number": {"type": "int", "data": 26}, "Hcamera2end": {"type": "ndarray", "data": [[0.9999983160172718, 0.0018350493974829429, 2.3586635328491233e-05, -0.013729407953721285], [-2.4659434056468403e-05, 0.0005845952926091247, 0.9999998288201134, 0.023462102446326245], [0.0018350352947234137, -0.9999981454193066, 0.0005846395594403253, 0.03494898635794095], [0.0, 0.0, 0.0, 1.0]]}, "Hobj2base": {"type": "ndarray", "data": [[0.9999979159570915, 0.0019038497687711292, 0.0007371821563665435, -0.7361881858961917], [0.001903552838107289, -0.9999981069225967, 0.0004032837909717355, 0.08995554204030279], [0.0007379485525758516, -0.00040187968532505723, -0.9999996469622641, -0.0025541111675300644], [0.0, 0.0, 0.0, 1.0]]}, "mean_rme": {"type": "float", "data": 0.0016221759959438174}, "max_rme": {"type": "float", "data": 0.005438919083523189}, "simu": {"type": "float", "data": 0.002}}, {"type": "dict", "image_number": {"type": "int", "data": 27}, "Hcamera2end": {"type": "ndarray", "data": [[0.99999786189862, 0.0020678373617253167, 1.571094577909626e-05, -0.013678042192923484], [-1.6995352330510588e-05, 0.0006211190832630109, 0.9999998069611025, 0.02280537033418367], [0.002067827204184033, -0.9999976691271484, 0.0006211528988719905, 0.034915366405696965], [0.0, 0.0, 0.0, 1.0]]}, "Hobj2base": {"type": "ndarray", "data": [[0.9999974564242952, 0.002139326003888668, 0.0007144432721098667, -0.7362765083305475], [0.002139070793291705, -0.9999976481787058, 0.00035778932070873915, 0.08982288663350621], [0.000715207019864672, -0.00035626016590768154, -0.9999996807787552, -0.0018878264158124626], [0.0, 0.0, 0.0, 1.0]]}, "mean_rme": {"type": "float", "data": 0.0016459057207782973}, "max_rme": {"type": "float", "data": 0.005565376707530989}, "simu": {"type": "float", "data": 0.002}}, {"type": "dict", "image_number": {"type": "int", "data": 28}, "Hcamera2end": {"type": "ndarray", "data": [[0.9999992632705719, 0.001210009181184319, 9.662347003699294e-05, -0.013540873392683839], [-9.752294557549915e-05, 0.0007433256356893514, 0.9999997189780976, 0.022639174991595002], [0.0012099370184429493, -0.9999989916718819, 0.0007434430917189205, 0.03480281247568086], [0.0, 0.0, 0.0, 1.0]]}, "Hobj2base": {"type": "ndarray", "data": [[0.9999989788769565, 0.0012242115971076734, 0.0007372591197995913, -0.7362309438288903], [0.0012239146494337238, -0.9999991697757333, 0.0004030890405355308, 0.09019316903064314], [0.00073775197398727, -0.00040218628669487163, -0.9999996469840453, -0.0018267782025707014], [0.0, 0.0, 0.0, 1.0]]}, "mean_rme": {"type": "float", "data": 0.0016704178206733173}, "max_rme": {"type": "float", "data": 0.005469692096329776}, "simu": {"type": "float", "data": 0.002}}, {"type": "dict", "image_number": {"type": "int", "data": 29}, "Hcamera2end": {"type": "ndarray", "data": [[0.9999999578137722, 0.0002878769553438029, -3.872095587462149e-05, -0.013679545840997346], [3.846655731379431e-05, 0.000883658912341323, 0.9999996088335488, 0.022700238560990252], [0.0002879110588537489, -0.9999995681367992, 0.0008836478014276894, 0.03471839993991117], [0.0, 0.0, 0.0, 1.0]]}, "Hobj2base": {"type": "ndarray", "data": [[0.9999996585499059, 0.00022750579185791035, 0.0007944439478617451, -0.7361332765288878], [0.00022725426509918447, -0.9999999240336137, 0.0003166832255446497, 0.09020557717245753], [0.000794515934778705, -0.00031650257663759875, -0.9999996342852071, -0.0017679917531098], [0.0, 0.0, 0.0, 1.0]]}, "mean_rme": {"type": "float", "data": 0.0016746062113635457}, "max_rme": {"type": "float", "data": 0.005517774561850111}, "simu": {"type": "float", "data": 0.002}}, {"type": "dict", "image_number": {"type": "int", "data": 30}, "Hcamera2end": {"type": "ndarray", "data": [[0.9999996935150336, -0.0007818258767814571, -4.145041936151839e-05, -0.013608008600271452], [4.2187529786164e-05, 0.00094281345266789, 0.999999554661404, 0.022637712796582964], [-0.0007817864485912258, -0.9999992499252648, 0.0009428461470121219, 0.03461626388332629], [0.0, 0.0, 0.0, 1.0]]}, "Hobj2base": {"type": "ndarray", "data": [[0.9999992076823526, -0.0008299631919246181, 0.0009464648788889486, -0.7359946098913375], [-0.0008302903652363108, -0.9999995956794356, 0.00034533878272797254, 0.09051115750557889], [0.0009461778777353262, -0.00034612434977993674, -0.9999994924725504, -0.0017669709040882683], [0.0, 0.0, 0.0, 1.0]]}, "mean_rme": {"type": "float", "data": 0.0016713830223149396}, "max_rme": {"type": "float", "data": 0.005464313383175948}, "simu": {"type": "float", "data": 0.002}}]}