{"type": "list", "data": [{"type": "dict", "image_number": {"type": "int", "data": 5}, "Hcamera2end": {"type": "ndarray", "data": [[0.9999580703956458, -0.000448223182356787, -0.00914639527877404, -0.014045884743648998], [0.00914631336849014, -0.00018445478622730604, 0.9999581545885793, 0.020807213747924762], [-0.0004498915226592119, -0.9999998825361983, -0.00018034746242623356, 0.03237171080247513], [0.0, 0.0, 0.0, 1.0]]}, "Hobj2base": {"type": "ndarray", "data": [[0.9999969889668641, 0.00021918740219779693, 0.0024441796350280487, -0.7340202033250988], [0.00022498421816718217, -0.9999971623039228, -0.002371658956079217, 0.09107484858327294], [0.0024436528614236036, 0.0023722017167797605, -0.9999942005930376, 0.013723706662678681], [0.0, 0.0, 0.0, 1.0]]}, "mean_rme": {"type": "float", "data": 0.0024305333308980385}, "max_rme": {"type": "float", "data": 0.0069865290874844554}, "simu": {"type": "float", "data": 0.002}}, {"type": "dict", "image_number": {"type": "int", "data": 6}, "Hcamera2end": {"type": "ndarray", "data": [[0.9999844931676641, -0.0007413916640251089, -0.005519398754421881, -0.01500796082307322], [0.005521809881803735, 0.00329046978287606, 0.9999793409987213, 0.021156485965579095], [-0.0007232149327927053, -0.999994311557325, 0.0032945125819294763, 0.029291120593724115], [0.0, 0.0, 0.0, 1.0]]}, "Hobj2base": {"type": "ndarray", "data": [[0.9999976952652242, -0.0017847818003561867, -0.001193322322314222, -0.7326881813725153], [-0.0017842774461551904, -0.9999983184663395, 0.0004235781960588641, 0.09304550924720527], [-0.0011940763103579233, -0.0004214480017177666, -0.9999991982813519, 0.014645664154160335], [0.0, 0.0, 0.0, 1.0]]}, "mean_rme": {"type": "float", "data": 0.002429551044650486}, "max_rme": {"type": "float", "data": 0.00783374860062655}, "simu": {"type": "float", "data": 0.002}}, {"type": "dict", "image_number": {"type": "int", "data": 7}, "Hcamera2end": {"type": "ndarray", "data": [[0.9999936950476681, -0.0004260569647778663, -0.003525385138396571, -0.01181000012991596], [0.0035276639551714457, 0.0054717730868638625, 0.9999788074185897, 0.021228049944447214], [-0.0004067578280098473, -0.9999849389739569, 0.005473241573392906, 0.02893371747142668], [0.0, 0.0, 0.0, 1.0]]}, "Hobj2base": {"type": "ndarray", "data": [[0.9999912180308691, -0.0025186640458057167, -0.0033496555887357763, -0.7336687098649506], [-0.002510811054081258, -0.9999940947243164, 0.0023465601091991754, 0.09713582754169452], [-0.0033555460046744406, -0.00233812914950117, -0.9999916366965733, 0.013565995517518898], [0.0, 0.0, 0.0, 1.0]]}, "mean_rme": {"type": "float", "data": 0.0024446431316950622}, "max_rme": {"type": "float", "data": 0.007850261172213852}, "simu": {"type": "float", "data": 0.002}}, {"type": "dict", "image_number": {"type": "int", "data": 8}, "Hcamera2end": {"type": "ndarray", "data": [[0.9999883935725312, 9.451786318768378e-05, -0.0048170308906954895, -0.012282021497105593], [0.004816845241935767, 0.0018748444559876232, 0.9999866413908642, 0.021811073965869558], [0.00010354778422023416, -0.9999982380107673, 0.001874367417821876, 0.03254433196704361], [0.0, 0.0, 0.0, 1.0]]}, "Hobj2base": {"type": "ndarray", "data": [[0.9999993052597184, -0.0007442167495248334, -0.0009141233561814626, -0.735685691055773], [-0.0007443186634419734, -0.9999997168173285, -0.00011115300531656685, 0.09620211342518056], [-0.0009140403753892517, 0.0001118333271687907, -0.9999995760116598, 0.012914475364559336], [0.0, 0.0, 0.0, 1.0]]}, "mean_rme": {"type": "float", "data": 0.0022401367653139864}, "max_rme": {"type": "float", "data": 0.007905922754765232}, "simu": {"type": "float", "data": 0.002}}, {"type": "dict", "image_number": {"type": "int", "data": 9}, "Hcamera2end": {"type": "ndarray", "data": [[0.999987615903846, -0.00015144751126308902, -0.004974444953308871, -0.012153980198610505], [0.004974583165979256, 0.0009263384317484968, 0.999987197627767, 0.021945357414931185], [-0.0001468375528388085, -0.9999995594802835, 0.0009270803481242762, 0.03281689309253866], [0.0, 0.0, 0.0, 1.0]]}, "Hobj2base": {"type": "ndarray", "data": [[0.9999997717393482, -0.0006234597119058006, -0.00026042127254299473, -0.7354652997745085], [-0.0006236682250580063, -0.9999994844267102, -0.0008013639992886821, 0.09612787526625613], [-0.00025992152010861425, 0.0008015262328416275, -0.9999996449981878, 0.012881020563741876], [0.0, 0.0, 0.0, 1.0]]}, "mean_rme": {"type": "float", "data": 0.0020560863338630183}, "max_rme": {"type": "float", "data": 0.007690745426324225}, "simu": {"type": "float", "data": 0.002}}, {"type": "dict", "image_number": {"type": "int", "data": 10}, "Hcamera2end": {"type": "ndarray", "data": [[0.9999875424805614, 0.0009621255200086341, -0.004897876904436033, -0.012461525840629815], [0.004897217363858418, 0.000686667616971115, 0.9999877728000854, 0.026866197925338176], [0.0009654769693697458, -0.99999930140079, 0.0006819473249931596, 0.032843568181229056], [0.0, 0.0, 0.0, 1.0]]}, "Hobj2base": {"type": "ndarray", "data": [[0.9999996561765098, 0.0005090870979246437, -0.0006545816900074096, -0.7354487542706277], [0.0005083938003088125, -0.9999993101578237, -0.001058876583918659, 0.09269866114402583], [-0.0006551202988565196, 0.0010585434345790207, -0.9999992251512952, 0.008981476742984152], [0.0, 0.0, 0.0, 1.0]]}, "mean_rme": {"type": "float", "data": 0.0018350983978384988}, "max_rme": {"type": "float", "data": 0.007933701522787162}, "simu": {"type": "float", "data": 0.002}}, {"type": "dict", "image_number": {"type": "int", "data": 11}, "Hcamera2end": {"type": "ndarray", "data": [[0.9999889327197515, 0.000874348502962304, -0.004622764617367528, -0.012328059911152106], [0.004622193082463399, 0.0006545645056279525, 0.9999891033788402, 0.026851182957223104], [0.0008773648731543074, -0.9999994035298239, 0.0006505158537770672, 0.032876802281489564], [0.0, 0.0, 0.0, 1.0]]}, "Hobj2base": {"type": "ndarray", "data": [[0.9999997637399654, 0.0003897552512069515, -0.0005662250944870301, -0.7353581330477595], [0.00038916455759516015, -0.9999993804036624, -0.0010429492981620686, 0.092856198772964], [-0.0005666312386217366, 0.0010427286970164358, -0.9999992958227042, 0.009159618889658872], [0.0, 0.0, 0.0, 1.0]]}, "mean_rme": {"type": "float", "data": 0.0018309054349145838}, "max_rme": {"type": "float", "data": 0.007795782079363017}, "simu": {"type": "float", "data": 0.002}}, {"type": "dict", "image_number": {"type": "int", "data": 12}, "Hcamera2end": {"type": "ndarray", "data": [[0.9999872449571009, 0.0014340446507726584, -0.00484287508063917, -0.01254674389890936], [0.004842239703204241, 0.00044620774032932964, 0.9999881767367599, 0.026971226020412676], [0.0014361886240316837, -0.9999988722066601, 0.00043925806098632503, 0.03290931015989273], [0.0, 0.0, 0.0, 1.0]]}, "Hobj2base": {"type": "ndarray", "data": [[0.9999991899068175, 0.00100459295709745, -0.0007816512646118191, -0.7353446990776975], [0.001003554819456674, -0.9999986154496303, -0.0013273946465858597, 0.09237649799328373], [-0.0007829836736895202, 0.0013266091413787703, -0.9999988135216729, 0.009321880428609633], [0.0, 0.0, 0.0, 1.0]]}, "mean_rme": {"type": "float", "data": 0.0017087824560048615}, "max_rme": {"type": "float", "data": 0.007664004536736879}, "simu": {"type": "float", "data": 0.002}}, {"type": "dict", "image_number": {"type": "int", "data": 13}, "Hcamera2end": {"type": "ndarray", "data": [[0.9999895037428085, 0.0013893460885878541, -0.004366018971311561, -0.013158519841403492], [0.004365392385442148, 0.00045370677038281126, 0.9999903687033629, 0.027003531872338567], [0.0013913135997504474, -0.9999989319332359, 0.0004476369673239722, 0.03271284997524924], [0.0, 0.0, 0.0, 1.0]]}, "Hobj2base": {"type": "ndarray", "data": [[0.9999991378028235, 0.0008873296022476479, -0.0009680081542054807, -0.7349917973801782], [0.0008864311804732549, -0.9999991763897973, -0.0009281484202759745, 0.09216562827501495], [-0.0009688309305126784, 0.000927289547418187, -0.9999991007499578, 0.009335294267588825], [0.0, 0.0, 0.0, 1.0]]}, "mean_rme": {"type": "float", "data": 0.0016809360790899415}, "max_rme": {"type": "float", "data": 0.007669750461248154}, "simu": {"type": "float", "data": 0.002}}, {"type": "dict", "image_number": {"type": "int", "data": 14}, "Hcamera2end": {"type": "ndarray", "data": [[0.9999922320596861, 0.0013350722575850027, -0.0037085579884773134, -0.012941291172792906], [0.0037077033153243818, 0.0006420768100500185, 0.9999929203116867, 0.027144130530082862], [0.0013374439847726703, -0.9999989026591164, 0.0006371217705999355, 0.032763347840111784], [0.0, 0.0, 0.0, 1.0]]}, "Hobj2base": {"type": "ndarray", "data": [[0.9999989285250271, 0.0006845073694361432, -0.0012939854940859665, -0.7353231418485996], [0.0006840893301991526, -0.9999997136917445, -0.0003234783105292865, 0.0927576487180062], [-0.001294206546894647, 0.0003225927622604358, -0.9999991104812662, 0.00926190466605297], [0.0, 0.0, 0.0, 1.0]]}, "mean_rme": {"type": "float", "data": 0.0016987067734478168}, "max_rme": {"type": "float", "data": 0.007627132685366994}, "simu": {"type": "float", "data": 0.002}}, {"type": "dict", "image_number": {"type": "int", "data": 15}, "Hcamera2end": {"type": "ndarray", "data": [[0.9999911623114336, 0.002216679976337374, -0.0035723422163396234, -0.013005119336972314], [0.003571636382631631, 0.0003222962571620691, 0.9999935697486623, 0.02702611484127701], [0.002217817075053619, -0.9999974912243556, 0.0003143762339560263, 0.032926728639759296], [0.0, 0.0, 0.0, 1.0]]}, "Hobj2base": {"type": "ndarray", "data": [[0.9999974113555785, 0.0016087197564162777, -0.0016091310969411372, -0.7352281394670722], [0.0016077334427528234, -0.9999985190644425, -0.0006140538239868234, 0.09246662001340547], [-0.0016101165544398295, 0.0006114651805414916, -0.999998516816407, 0.009498261650327574], [0.0, 0.0, 0.0, 1.0]]}, "mean_rme": {"type": "float", "data": 0.0017387373807323248}, "max_rme": {"type": "float", "data": 0.007512646123754574}, "simu": {"type": "float", "data": 0.002}}, {"type": "dict", "image_number": {"type": "int", "data": 16}, "Hcamera2end": {"type": "ndarray", "data": [[0.9999902774696778, 0.002036981997351864, -0.003910967969584594, -0.012644816235746441], [0.003909751253639019, 0.0006009530075563596, 0.9999921763197038, 0.02690836506435411], [0.0020393163686197265, -0.9999977447773697, 0.0005929830718547358, 0.032944612443100825], [0.0, 0.0, 0.0, 1.0]]}, "Hobj2base": {"type": "ndarray", "data": [[0.999997213754045, 0.001362656266385677, -0.0019276026682140891, -0.7352223951385621], [0.0013612784138161474, -0.9999988171800747, -0.0007159326306074772, 0.09273922489508311], [-0.0019285759582926523, 0.0007133066319404269, -0.9999978858919762, 0.00949623313330411], [0.0, 0.0, 0.0, 1.0]]}, "mean_rme": {"type": "float", "data": 0.0017316469574899312}, "max_rme": {"type": "float", "data": 0.0077386602218544875}, "simu": {"type": "float", "data": 0.002}}, {"type": "dict", "image_number": {"type": "int", "data": 17}, "Hcamera2end": {"type": "ndarray", "data": [[0.9999894871488371, 0.001841298321514435, -0.004199429996672491, -0.01290354454879092], [0.004197560538196815, 0.0010179853633649483, 0.9999906720521589, 0.027007253236141372], [0.00184555610425082, -0.9999977866606963, 0.0010102457002628684, 0.03334078730493991], [0.0, 0.0, 0.0, 1.0]]}, "Hobj2base": {"type": "ndarray", "data": [[0.9999966011697484, 0.0010809191115381874, -0.0023726067574284145, -0.7359873762532957], [0.0010789017105934013, -0.9999990555406526, -0.0008514040761603158, 0.09257741107331008], [-0.0023735248155353486, 0.0008488413728932304, -0.9999968229190896, 0.009556678529264418], [0.0, 0.0, 0.0, 1.0]]}, "mean_rme": {"type": "float", "data": 0.0017305943028249103}, "max_rme": {"type": "float", "data": 0.007938402431154457}, "simu": {"type": "float", "data": 0.002}}, {"type": "dict", "image_number": {"type": "int", "data": 18}, "Hcamera2end": {"type": "ndarray", "data": [[0.9999897020286843, 0.002137728765161828, -0.004003242724316394, -0.012791024618224654], [0.004000375330752937, 0.0013439226086078282, 0.9999910953949718, 0.02741494054738195], [0.0021430897779364704, -0.9999968119887928, 0.001335357051515329, 0.03282808690064845], [0.0, 0.0, 0.0, 1.0]]}, "Hobj2base": {"type": "ndarray", "data": [[0.9999955431229159, 0.0012343364049453426, -0.0027184826546948686, -0.7358612472294638], [0.0012319711840688356, -0.9999988613191284, -0.0008715546156972343, 0.0928413169839176], [-0.0027195553508017234, 0.0008682016389904649, -0.9999959251140016, 0.009262892066490953], [0.0, 0.0, 0.0, 1.0]]}, "mean_rme": {"type": "float", "data": 0.0017200488230986156}, "max_rme": {"type": "float", "data": 0.007892489775571082}, "simu": {"type": "float", "data": 0.002}}, {"type": "dict", "image_number": {"type": "int", "data": 19}, "Hcamera2end": {"type": "ndarray", "data": [[0.9999902725201926, 0.002006008419013448, -0.0039282050880629134, -0.012934529743960636], [0.003925057423779139, 0.0015706517303981649, 0.9999910634487498, 0.02765781304655821], [0.0020121603343353283, -0.9999967544864156, 0.0015627627536779487, 0.032052176675428305], [0.0, 0.0, 0.0, 1.0]]}, "Hobj2base": {"type": "ndarray", "data": [[0.9999953165880001, 0.0010216133548623153, -0.002884979760533833, -0.7351930663018601], [0.0010190322619565292, -0.9999990793834579, -0.0008959941331017552, 0.09283992118946839], [-0.002885892464145996, 0.0008930500493410047, -0.9999954370327373, 0.008979474353603313], [0.0, 0.0, 0.0, 1.0]]}, "mean_rme": {"type": "float", "data": 0.001757105120086013}, "max_rme": {"type": "float", "data": 0.007851333832991553}, "simu": {"type": "float", "data": 0.002}}, {"type": "dict", "image_number": {"type": "int", "data": 20}, "Hcamera2end": {"type": "ndarray", "data": [[0.9999923622059219, 0.0017529836674136223, -0.0034932188712079554, -0.012913064973272364], [0.0034908943394200195, 0.0013273554073874871, 0.9999930258678476, 0.028125651724234833], [0.001757608184831751, -0.9999975825850203, 0.0013212257885585332, 0.03256811601506538], [0.0, 0.0, 0.0, 1.0]]}, "Hobj2base": {"type": "ndarray", "data": [[0.9999965183004739, 0.0009310162506679352, -0.002469128524611532, -0.7353511639359152], [0.0009292564987745699, -0.9999993135191936, -0.0007137531088090329, 0.09324532098702407], [-0.0024697913453454582, 0.0007114561700073672, -0.999996696974959, 0.008538453073839708], [0.0, 0.0, 0.0, 1.0]]}, "mean_rme": {"type": "float", "data": 0.0017972999315822382}, "max_rme": {"type": "float", "data": 0.007649061930247031}, "simu": {"type": "float", "data": 0.002}}, {"type": "dict", "image_number": {"type": "int", "data": 21}, "Hcamera2end": {"type": "ndarray", "data": [[0.9999924811337556, 0.0017218022048982136, -0.003474632803996362, -0.012976626764077358], [0.003473024444627765, 0.000936225064033791, 0.999993530770993, 0.028297912053643244], [0.0017250441044848607, -0.9999980794380542, 0.0009302381635363233, 0.03330415884362576], [0.0, 0.0, 0.0, 1.0]]}, "Hobj2base": {"type": "ndarray", "data": [[0.9999973362779514, 0.001053138079228824, -0.00205385909637651, -0.7357838479468579], [0.0010513955479932598, -0.9999990866167034, -0.0008493133464773458, 0.09318485891110949], [-0.0020547516646422905, 0.0008471516658325229, -0.9999975301617758, 0.008068965766905953], [0.0, 0.0, 0.0, 1.0]]}, "mean_rme": {"type": "float", "data": 0.0017990516883895614}, "max_rme": {"type": "float", "data": 0.007481783325474306}, "simu": {"type": "float", "data": 0.002}}, {"type": "dict", "image_number": {"type": "int", "data": 22}, "Hcamera2end": {"type": "ndarray", "data": [[0.9999942902233573, 0.0005176974456071195, -0.003339387674225324, -0.012731948027623636], [0.003338897641071226, 0.0009445548557376338, 0.9999939797712116, 0.029428563546663296], [0.0005208485637929331, -0.9999994199025712, 0.0009428209237604124, 0.03327358475685523], [0.0, 0.0, 0.0, 1.0]]}, "Hobj2base": {"type": "ndarray", "data": [[0.999998925053494, -2.637659513406607e-06, -0.0014662485803217209, -0.7356935726744335], [-3.7891509796252643e-06, -0.9999996916215927, -0.0007853294604579487, 0.09306502561783221], [-0.0014662460567305966, 0.0007853341721080335, -0.9999986166854127, 0.006752384189244991], [0.0, 0.0, 0.0, 1.0]]}, "mean_rme": {"type": "float", "data": 0.0017967396868792155}, "max_rme": {"type": "float", "data": 0.006238250895717418}, "simu": {"type": "float", "data": 0.002}}, {"type": "dict", "image_number": {"type": "int", "data": 23}, "Hcamera2end": {"type": "ndarray", "data": [[0.9999939461775164, 0.000598118196245307, -0.003427807308161363, -0.01290135232471263], [0.003427178336822689, 0.0010494588298489704, 0.9999935765217756, 0.02951303058359064], [0.0006017116968926686, -0.9999992704451279, 0.0010474026188864727, 0.033151991854336524], [0.0, 0.0, 0.0, 1.0]]}, "Hobj2base": {"type": "ndarray", "data": [[0.9999989823526705, 6.655309905454522e-05, -0.001425083965419855, -0.7354669392295117], [6.518327499529322e-05, -0.9999995358763392, -0.0009612482753366491, 0.09284783229447309], [-0.0014251472780563526, 0.0009611544054848994, -0.9999985225676309, 0.006625844795208531], [0.0, 0.0, 0.0, 1.0]]}, "mean_rme": {"type": "float", "data": 0.0018142879874540282}, "max_rme": {"type": "float", "data": 0.006208677618722652}, "simu": {"type": "float", "data": 0.002}}, {"type": "dict", "image_number": {"type": "int", "data": 24}, "Hcamera2end": {"type": "ndarray", "data": [[0.9999940590469821, 0.000861825272507171, -0.003337533211887656, -0.012935830478692617], [0.003336561089814057, 0.0011269652876005898, 0.999993798635439, 0.029550647888308145], [0.0008655812120904806, -0.9999989936027138, 0.001124083059682368, 0.033081107007642635], [0.0, 0.0, 0.0, 1.0]]}, "Hobj2base": {"type": "ndarray", "data": [[0.9999988542272347, 0.00031027032923924743, -0.001481646564052665, -0.7355345936428378], [0.00030873429530468036, -0.9999994148398137, -0.0010368235943318779, 0.09275321300420054], [-0.0014819673926500612, 0.0010363649712597978, -0.9999983648588102, 0.006614757916445624], [0.0, 0.0, 0.0, 1.0]]}, "mean_rme": {"type": "float", "data": 0.0017725141387697984}, "max_rme": {"type": "float", "data": 0.006137902319820837}, "simu": {"type": "float", "data": 0.002}}, {"type": "dict", "image_number": {"type": "int", "data": 25}, "Hcamera2end": {"type": "ndarray", "data": [[0.9999933966478849, 0.0009026382425612828, -0.0035202137476342873, -0.012637487430735945], [0.0035193037987855495, 0.001007713568594859, 0.9999932994846195, 0.029483662393800843], [0.0009061795615777012, -0.9999990848783649, 0.0010045302561113578, 0.033159590106451614], [0.0, 0.0, 0.0, 1.0]]}, "Hobj2base": {"type": "ndarray", "data": [[0.9999990510254577, 0.00038542767040986985, -0.0013226464739071729, -0.7356415629151184], [0.00038388269092155385, -0.9999992440269538, -0.0011681522166104431, 0.09285286227367444], [-0.001323095712209621, 0.0011676433669761867, -0.99999844301214, 0.006442872703220326], [0.0, 0.0, 0.0, 1.0]]}, "mean_rme": {"type": "float", "data": 0.0017935303359209586}, "max_rme": {"type": "float", "data": 0.00611687773739733}, "simu": {"type": "float", "data": 0.002}}, {"type": "dict", "image_number": {"type": "int", "data": 26}, "Hcamera2end": {"type": "ndarray", "data": [[0.999994687179945, 0.000943476781524907, -0.0031201704195070595, -0.01259168061681363], [0.0031192982090792205, 0.0009245267362320009, 0.9999947076004936, 0.02956556456732929], [0.0009463564692432892, -0.9999991275505578, 0.0009215788389529411, 0.03326960818062976], [0.0, 0.0, 0.0, 1.0]]}, "Hobj2base": {"type": "ndarray", "data": [[0.999999251843538, 0.0005356326560425439, -0.0010997317954766458, -0.7355713376216859], [0.0005347207836224632, -0.999999513164362, -0.0008293037571306778, 0.09305355294373145], [-0.001100175462262114, 0.0008287150872342611, -0.9999990514221777, 0.006261472728634267], [0.0, 0.0, 0.0, 1.0]]}, "mean_rme": {"type": "float", "data": 0.0017854403490690806}, "max_rme": {"type": "float", "data": 0.0059919248028284244}, "simu": {"type": "float", "data": 0.002}}, {"type": "dict", "image_number": {"type": "int", "data": 27}, "Hcamera2end": {"type": "ndarray", "data": [[0.9999953085519846, 0.0006542058451390975, -0.0029924720104616657, -0.012494092424074388], [0.0029918302342291222, 0.0009797878954250772, 0.9999950444714861, 0.02963101291485587], [0.0006571345910566268, -0.9999993060149553, 0.0009778260259741822, 0.03326172184585509], [0.0, 0.0, 0.0, 1.0]]}, "Hobj2base": {"type": "ndarray", "data": [[0.9999995227119456, 0.00027332070508767354, -0.0009380147510265919, -0.7355484028442576], [0.0002725952313659336, -0.9999996637297763, -0.0007734547007697188, 0.09312026856170531], [-0.0009382258367843295, 0.0007731986332609488, -0.9999992609478032, 0.006029901777834414], [0.0, 0.0, 0.0, 1.0]]}, "mean_rme": {"type": "float", "data": 0.0017846001708328259}, "max_rme": {"type": "float", "data": 0.005810374232622484}, "simu": {"type": "float", "data": 0.002}}, {"type": "dict", "image_number": {"type": "int", "data": 28}, "Hcamera2end": {"type": "ndarray", "data": [[0.9999954818520158, 0.0007553297446113063, -0.002909596626942141, -0.012647342454466984], [0.0029088677023010132, 0.0009643531024349228, 0.9999953042448672, 0.029564760846101136], [0.000758132076301807, -0.999999249749754, 0.0009621515910461786, 0.033212727897846524], [0.0, 0.0, 0.0, 1.0]]}, "Hobj2base": {"type": "ndarray", "data": [[0.999999510124142, 0.0004063076770262749, -0.0009025882492587297, -0.7355751234095698], [0.00040562387168758233, -0.9999996307110823, -0.0007576588767626495, 0.09292217935241219], [-0.000902895758561088, 0.0007572923942636531, -0.9999993056434984, 0.0060182737832024874], [0.0, 0.0, 0.0, 1.0]]}, "mean_rme": {"type": "float", "data": 0.0018167120310516964}, "max_rme": {"type": "float", "data": 0.005793063051791919}, "simu": {"type": "float", "data": 0.002}}, {"type": "dict", "image_number": {"type": "int", "data": 29}, "Hcamera2end": {"type": "ndarray", "data": [[0.9999961550339698, 0.0004529599171041261, -0.002735826125706778, -0.012807708642731511], [0.002735383690351788, 0.0009745200629363016, 0.9999957839844693, 0.029551222725146993], [0.000455624124866287, -0.9999994225688134, 0.0009732772967701031, 0.03331670015780168], [0.0, 0.0, 0.0, 1.0]]}, "Hobj2base": {"type": "ndarray", "data": [[0.9999996029384063, 0.00010897791769298264, -0.0008844471963453092, -0.7355251494713687], [0.00010841861791305712, -0.999999794160668, -0.0006323954659635307, 0.09292374039562405], [-0.000884515931432328, 0.0006322993243209344, -0.9999994089143913, 0.00613530369800987], [0.0, 0.0, 0.0, 1.0]]}, "mean_rme": {"type": "float", "data": 0.001822519724561788}, "max_rme": {"type": "float", "data": 0.00574602061504223}, "simu": {"type": "float", "data": 0.002}}, {"type": "dict", "image_number": {"type": "int", "data": 30}, "Hcamera2end": {"type": "ndarray", "data": [[0.9999964285872975, 0.0003322783738112945, -0.002651867970354253, -0.013046711874008536], [0.0026515111928274975, 0.001069609774046354, 0.9999959127033097, 0.029681745211376582], [0.00033511347959156823, -0.9999993727628099, 0.00106872491420118, 0.03318036865660292], [0.0, 0.0, 0.0, 1.0]]}, "Hobj2base": {"type": "ndarray", "data": [[0.9999995192023972, -7.193778208358989e-05, -0.0009779672438174573, -0.7353263385893071], [-7.256339274133066e-05, -0.9999997927690023, -0.0006396846940720895, 0.09282644463115294], [-0.0009779210236542045, 0.0006397553511344233, -0.9999993171915487, 0.00603774239338918], [0.0, 0.0, 0.0, 1.0]]}, "mean_rme": {"type": "float", "data": 0.0018374875532569483}, "max_rme": {"type": "float", "data": 0.005705560125489978}, "simu": {"type": "float", "data": 0.002}}]}