{"type": "list", "data": [{"type": "dict", "image_number": {"type": "int", "data": 5}, "Hcamera2end": {"type": "ndarray", "data": [[0.9999646166219837, -0.008330365112300392, -0.0011706925920131782, -0.013163133112545555], [0.0011889673985126612, 0.002189144081047756, 0.9999968969975445, 0.033396881872237154], [-0.008327776448398463, -0.9999629056446485, 0.0021989711542714785, 0.038901031597514665], [0.0, 0.0, 0.0, 1.0]]}, "Hobj2base": {"type": "ndarray", "data": [[0.9999666112932296, -0.008148554091754807, 0.000614300373347462, -0.7399259162512217], [-0.00814920562552518, -0.9999662268213017, 0.0010656755802335924, 0.09397654131332489], [0.0006055959113613828, -0.001070646058762377, -0.9999992434850185, -0.004540585709619261], [0.0, 0.0, 0.0, 1.0]]}, "mean_rme": {"type": "float", "data": 0.00177909665356145}, "max_rme": {"type": "float", "data": 0.00429018497620684}, "simu": {"type": "float", "data": 0.002}}, {"type": "dict", "image_number": {"type": "int", "data": 6}, "Hcamera2end": {"type": "ndarray", "data": [[0.9999657686155433, -0.00775371602499464, -0.002888162898705275, -0.013087377775763017], [0.0028878587323197995, -5.042418929357417e-05, 0.9999958288559725, 0.03354079204188546], [-0.007753829316401065, -0.9999699382207472, -2.803082667313106e-05, 0.03582530793934518], [0.0, 0.0, 0.0, 1.0]]}, "Hobj2base": {"type": "ndarray", "data": [[0.999965954487904, -0.00779398736105932, 0.0027099125651540304, -0.7355999353618917], [-0.007791691620574952, -0.9999692773382609, -0.000856692060195874, 0.09241576178977577], [0.002716506356516435, 0.0008355480906495747, -0.9999959612181457, -0.005248583172822711], [0.0, 0.0, 0.0, 1.0]]}, "mean_rme": {"type": "float", "data": 0.001841002194160466}, "max_rme": {"type": "float", "data": 0.0040781914305407785}, "simu": {"type": "float", "data": 0.002}}, {"type": "dict", "image_number": {"type": "int", "data": 7}, "Hcamera2end": {"type": "ndarray", "data": [[0.9999665596141765, -0.007648350970550994, -0.0028952341561407913, -0.013167963746454354], [0.0028962638926072182, 0.00012356252036449522, 0.9999957981850565, 0.03316791570567856], [-0.0076479610911662135, -0.9999707433018903, 0.0001457100311400561, 0.0354125227892821], [0.0, 0.0, 0.0, 1.0]]}, "Hobj2base": {"type": "ndarray", "data": [[0.9999666685274368, -0.00782203703006065, 0.002340421081744101, -0.73539493740672], [-0.007820243001883892, -0.9999691213329402, -0.0007747128620472733, 0.09217472615266778], [0.002346408645355337, 0.0007563843781407968, -0.9999969611199533, -0.005325981124477718], [0.0, 0.0, 0.0, 1.0]]}, "mean_rme": {"type": "float", "data": 0.001724565876131382}, "max_rme": {"type": "float", "data": 0.004114974877726052}, "simu": {"type": "float", "data": 0.002}}, {"type": "dict", "image_number": {"type": "int", "data": 8}, "Hcamera2end": {"type": "ndarray", "data": [[0.9999625814268605, -0.00842817604506588, -0.001949767853585045, -0.01159092041526422], [0.001968264082406782, 0.00218683354500393, 0.9999956718384078, 0.03371350865843702], [-0.008423875748810839, -0.9999620910852571, 0.002203340593002645, 0.033626766986647245], [0.0, 0.0, 0.0, 1.0]]}, "Hobj2base": {"type": "ndarray", "data": [[0.9999647554176515, -0.008395701714397952, 1.073495701573218e-05, -0.7355298784883909], [-0.008395693186054706, -0.9999645531484396, -0.0006362252488311084, 0.09456178543089391], [1.6076133907658938e-05, 0.0006361126979324642, -0.9999997975510764, -0.005365777020745144], [0.0, 0.0, 0.0, 1.0]]}, "mean_rme": {"type": "float", "data": 0.001851799405118943}, "max_rme": {"type": "float", "data": 0.004124597483773251}, "simu": {"type": "float", "data": 0.002}}, {"type": "dict", "image_number": {"type": "int", "data": 9}, "Hcamera2end": {"type": "ndarray", "data": [[0.9999658380512847, -0.007894445613959144, -0.002449583401322897, -0.012091141487943989], [0.002463391086099908, 0.0017397890760862955, 0.9999954524088236, 0.03353516281293849], [-0.007890147954805344, -0.9999673248973783, 0.0017591767484561593, 0.03262024064371825], [0.0, 0.0, 0.0, 1.0]]}, "Hobj2base": {"type": "ndarray", "data": [[0.9999687499023264, -0.00789739335319738, 0.0003611052525494059, -0.7345707160803353], [-0.007896942624294277, -0.9999680584550035, -0.0012330315971425575, 0.09331970835814012], [0.000370831453829289, 0.0012301414373239983, -0.9999991746176979, -0.005591163096448014], [0.0, 0.0, 0.0, 1.0]]}, "mean_rme": {"type": "float", "data": 0.00177739773296153}, "max_rme": {"type": "float", "data": 0.004411934865782702}, "simu": {"type": "float", "data": 0.002}}, {"type": "dict", "image_number": {"type": "int", "data": 10}, "Hcamera2end": {"type": "ndarray", "data": [[0.999965787443556, -0.007980220308565673, -0.0021771601263221706, -0.01313143234590601], [0.002190835263539653, 0.001705287968623792, 0.9999961461094699, 0.033731164853216436], [-0.007976476868701012, -0.9999667034840564, 0.001722712974425722, 0.032581540540123397], [0.0, 0.0, 0.0, 1.0]]}, "Hobj2base": {"type": "ndarray", "data": [[0.9999680037026165, -0.007997956774986121, 0.0001557511775866343, -0.7339079299324933], [-0.007997794004286952, -0.9999674978749864, -0.0010190606969927743, 0.09278668445408016], [0.0001638965187480248, 0.0010177824249893983, -0.9999994686282923, -0.005284106076636752], [0.0, 0.0, 0.0, 1.0]]}, "mean_rme": {"type": "float", "data": 0.001955674263070097}, "max_rme": {"type": "float", "data": 0.0048835856142868395}, "simu": {"type": "float", "data": 0.002}}, {"type": "dict", "image_number": {"type": "int", "data": 11}, "Hcamera2end": {"type": "ndarray", "data": [[0.9999658483567561, -0.007980217896754597, -0.0021490096494541457, -0.013237990381837695], [0.00216120229644517, 0.0015195497677922276, 0.9999965100804789, 0.03378454136131323], [-0.007976924519322564, -0.9999670030010108, 0.0015367447379152077, 0.03290294368992144], [0.0, 0.0, 0.0, 1.0]]}, "Hobj2base": {"type": "ndarray", "data": [[0.9999677897522306, -0.008021727074290651, 0.0002671194198057857, -0.7341271526707793], [-0.008021421324408936, -0.9999671931733807, -0.0011266662713707055, 0.09291542902926726], [0.00027614846579803793, 0.0011244873037607574, -0.9999993296349396, -0.005312794583023139], [0.0, 0.0, 0.0, 1.0]]}, "mean_rme": {"type": "float", "data": 0.001892990569088657}, "max_rme": {"type": "float", "data": 0.004846654510049314}, "simu": {"type": "float", "data": 0.002}}, {"type": "dict", "image_number": {"type": "int", "data": 12}, "Hcamera2end": {"type": "ndarray", "data": [[0.9999645359835244, -0.008258751418396808, -0.001649181695198431, -0.013395600141951042], [0.0016593662064369298, 0.0012264776883461614, 0.9999978711258705, 0.033693914765481045], [-0.00825671115200138, -0.9999651437812666, 0.0012401384855322828, 0.03313998456698816], [0.0, 0.0, 0.0, 1.0]]}, "Hobj2base": {"type": "ndarray", "data": [[0.9999654615421609, -0.008308144096548222, 0.00022464292565834896, -0.7342545247949022], [-0.008308018230275391, -0.9999653335032426, -0.0005555401286430233, 0.09305129531356164], [0.00022925064551527618, 0.0005536546036220404, -0.9999998204553446, -0.005423843391629417], [0.0, 0.0, 0.0, 1.0]]}, "mean_rme": {"type": "float", "data": 0.0018758159999357452}, "max_rme": {"type": "float", "data": 0.004659423878923846}, "simu": {"type": "float", "data": 0.002}}, {"type": "dict", "image_number": {"type": "int", "data": 13}, "Hcamera2end": {"type": "ndarray", "data": [[0.9999703316974831, -0.007522940940364424, -0.0016556220684062948, -0.01340779286242062], [0.0016647894952156015, 0.001212497441040683, 0.9999978791606968, 0.03369313702807597], [-0.007520917547894331, -0.9999709671833291, 0.001224985581350424, 0.03298360214424146], [0.0, 0.0, 0.0, 1.0]]}, "Hobj2base": {"type": "ndarray", "data": [[0.9999710976055457, -0.007599891797980637, 0.00021353739534640126, -0.7345381976936021], [-0.007599772739027151, -0.9999709684332552, -0.0005529421054224098, 0.09290918147888798], [0.00021773349619301377, 0.0005513032883956519, -0.9999998243283885, -0.005428058530785788], [0.0, 0.0, 0.0, 1.0]]}, "mean_rme": {"type": "float", "data": 0.001787862936611293}, "max_rme": {"type": "float", "data": 0.004645977799637491}, "simu": {"type": "float", "data": 0.002}}, {"type": "dict", "image_number": {"type": "int", "data": 14}, "Hcamera2end": {"type": "ndarray", "data": [[0.9999647821684245, -0.0082607845637554, -0.0014811688784087604, -0.01349195779528178], [0.0014908014031693186, 0.0011600186882250174, 0.9999982159323181, 0.03356643798131897], [-0.008259051642377262, -0.9999652062922159, 0.0011722930241011564, 0.03337902355771203], [0.0, 0.0, 0.0, 1.0]]}, "Hobj2base": {"type": "ndarray", "data": [[0.9999654803332517, -0.008308497184547091, 8.376409449119122e-05, -0.7346770234603304], [-0.008308462320849842, -0.9999654007711432, -0.0004083068338122785, 0.09278921263442515], [8.715361249727655e-05, 0.00040759678837352405, -0.9999999131345494, -0.005269092429598087], [0.0, 0.0, 0.0, 1.0]]}, "mean_rme": {"type": "float", "data": 0.0018024326967843159}, "max_rme": {"type": "float", "data": 0.004662236151525223}, "simu": {"type": "float", "data": 0.002}}, {"type": "dict", "image_number": {"type": "int", "data": 15}, "Hcamera2end": {"type": "ndarray", "data": [[0.9999720827319127, -0.00726218514893891, -0.0017590974001315254, -0.01379283360778515], [0.0017688786460921266, 0.001340670397815269, 0.9999975368325764, 0.033768403189543876], [-0.007259808891149797, -0.9999727312630815, 0.0013534788941943487, 0.033395002748630935], [0.0, 0.0, 0.0, 1.0]]}, "Hobj2base": {"type": "ndarray", "data": [[0.9999735599041362, -0.0072700744605402705, 0.00015971846240552621, -0.7348008741334344], [-0.007269973590132825, -0.9999733791323226, -0.0006233062501598764, 0.09222078148326851], [0.00016424569341185545, 0.000622128620879325, -0.9999997929896436, -0.005697262145737506], [0.0, 0.0, 0.0, 1.0]]}, "mean_rme": {"type": "float", "data": 0.0017787961068880605}, "max_rme": {"type": "float", "data": 0.004819069899874906}, "simu": {"type": "float", "data": 0.002}}, {"type": "dict", "image_number": {"type": "int", "data": 16}, "Hcamera2end": {"type": "ndarray", "data": [[0.9999763474524282, -0.006494157452203678, -0.002265050702867178, -0.013956525903300526], [0.002273997645985099, 0.0013706383531233435, 0.9999964751363931, 0.030430009520407794], [-0.006491029995819298, -0.9999779733921598, 0.0013853736327934518, 0.03339710102074432], [0.0, 0.0, 0.0, 1.0]]}, "Hobj2base": {"type": "ndarray", "data": [[0.9999788136705746, -0.006504578264429062, 0.000250342949138126, -0.7348438486932122], [-0.006504445336870595, -0.9999787063801362, -0.0005281828932025214, 0.09133323394706097], [0.00025377322539729983, 0.0005265433609176091, -0.9999998291756049, -0.002710362731512296], [0.0, 0.0, 0.0, 1.0]]}, "mean_rme": {"type": "float", "data": 0.001877665922408919}, "max_rme": {"type": "float", "data": 0.005384730956498857}, "simu": {"type": "float", "data": 0.002}}, {"type": "dict", "image_number": {"type": "int", "data": 17}, "Hcamera2end": {"type": "ndarray", "data": [[0.9999764008668787, -0.0065486676143142915, -0.00207669492243706, -0.01381936671113677], [0.0020863808913402, 0.0014725901957606258, 0.9999967392411294, 0.030489407263102033], [-0.006545588140105913, -0.9999774729615624, 0.0014862184588827487, 0.033222501037733346], [0.0, 0.0, 0.0, 1.0]]}, "Hobj2base": {"type": "ndarray", "data": [[0.9999786254689567, -0.006538045708663418, 5.0631289495953465e-05, -0.734927482815432], [-0.006538024113382247, -0.9999785405509212, -0.0004155458372181955, 0.09162129753275117], [5.334706065415209e-05, 0.0004152059265291818, -0.9999999123790613, -0.002614621286337728], [0.0, 0.0, 0.0, 1.0]]}, "mean_rme": {"type": "float", "data": 0.001881022097425118}, "max_rme": {"type": "float", "data": 0.005333352306109457}, "simu": {"type": "float", "data": 0.002}}, {"type": "dict", "image_number": {"type": "int", "data": 18}, "Hcamera2end": {"type": "ndarray", "data": [[0.9999782582327131, -0.0063403024868774645, -0.0018120778802662415, -0.01409550800276109], [0.0018217696807021322, 0.0015231609218899766, 0.9999971805640436, 0.030561331627208248], [-0.006337524524586017, -0.9999787400465977, 0.0015346783765167737, 0.03323843490508296], [0.0, 0.0, 0.0, 1.0]]}, "Hobj2base": {"type": "ndarray", "data": [[0.999980016521796, -0.006321136238798374, -9.896322050779567e-05, -0.7349820143291487], [-0.006321154568686605, -0.9999800040017124, -0.00018601519832691575, 0.09144506868150641], [-9.778541422829632e-05, 0.0001866370429096992, -0.9999999778023132, -0.002536340220262726], [0.0, 0.0, 0.0, 1.0]]}, "mean_rme": {"type": "float", "data": 0.001823447224093322}, "max_rme": {"type": "float", "data": 0.005300931487584953}, "simu": {"type": "float", "data": 0.002}}, {"type": "dict", "image_number": {"type": "int", "data": 19}, "Hcamera2end": {"type": "ndarray", "data": [[0.9999775359831177, -0.006442454457841817, -0.001849948564496189, -0.014110087868561452], [0.0018585838532479558, 0.0013346435519980826, 0.9999973821928985, 0.030453620630731332], [-0.006439968570815652, -0.9999783565193539, 0.0013465874123733679, 0.03344846486701594], [0.0, 0.0, 0.0, 1.0]]}, "Hobj2base": {"type": "ndarray", "data": [[0.9999794063909452, -0.006417644327545628, 2.520511967941375e-05, -0.7350639184346598], [-0.006417635311418852, -0.9999793479974026, -0.0003428347980411374, 0.0915131782329535], [2.740479094015062e-05, 0.000342665980569253, -0.9999999409144997, -0.002516617584517445], [0.0, 0.0, 0.0, 1.0]]}, "mean_rme": {"type": "float", "data": 0.0017776304129463014}, "max_rme": {"type": "float", "data": 0.0053538012628542575}, "simu": {"type": "float", "data": 0.002}}, {"type": "dict", "image_number": {"type": "int", "data": 20}, "Hcamera2end": {"type": "ndarray", "data": [[0.9999789326366731, -0.006222230725485079, -0.001848817897661528, -0.014337826236675292], [0.0018557821444560862, 0.0011136649802686582, 0.9999976579087295, 0.030447106403363334], [-0.006220157188705293, -0.9999800215979873, 0.0011251886229628472, 0.03344019352134612], [0.0, 0.0, 0.0, 1.0]]}, "Hobj2base": {"type": "ndarray", "data": [[0.9999807410399364, -0.006202257709507814, 0.00022259497872490814, -0.735063726805343], [-0.006202159344432723, -0.9999806696649927, -0.0004399043295903425, 0.0912053198759877], [0.000225319075909046, 0.00043851528796310464, -0.9999998784678208, -0.0025731102052629212], [0.0, 0.0, 0.0, 1.0]]}, "mean_rme": {"type": "float", "data": 0.001742946454254504}, "max_rme": {"type": "float", "data": 0.005294480225171733}, "simu": {"type": "float", "data": 0.002}}, {"type": "dict", "image_number": {"type": "int", "data": 21}, "Hcamera2end": {"type": "ndarray", "data": [[0.999980711141607, -0.005927698304354101, -0.0018546529428325052, -0.014096158684211883], [0.0018601098018964988, 0.0009151891095797726, 0.9999978512079007, 0.030377064803563402], [-0.005925988208787486, -0.9999820122490736, 0.0009261976263452709, 0.03355337532593295], [0.0, 0.0, 0.0, 1.0]]}, "Hobj2base": {"type": "ndarray", "data": [[0.9999824592016908, -0.005912313344545616, 0.00035473913601882475, -0.7349238785534892], [-0.005912125280693952, -0.9999823833783719, -0.0005288738754872448, 0.09134891806166327], [0.00035785975478531365, 0.0005267673364031554, -0.999999797226264, -0.0025817977290678506], [0.0, 0.0, 0.0, 1.0]]}, "mean_rme": {"type": "float", "data": 0.0017133487561047881}, "max_rme": {"type": "float", "data": 0.0052852867946730775}, "simu": {"type": "float", "data": 0.002}}, {"type": "dict", "image_number": {"type": "int", "data": 22}, "Hcamera2end": {"type": "ndarray", "data": [[0.999980206073016, -0.00606426598812191, -0.0016769437061937326, -0.014267239240023787], [0.0016825108852849655, 0.0009130450713253913, 0.9999981677512308, 0.030277693550882466], [-0.006062723751692187, -0.9999811953365538, 0.000923230192114155, 0.033464861272935215], [0.0, 0.0, 0.0, 1.0]]}, "Hobj2base": {"type": "ndarray", "data": [[0.9999817751051447, -0.006031793191450306, 0.00025870535244639094, -0.7349983786732855], [-0.0060316706028684455, -0.9999816978940388, -0.00047204522487305365, 0.091597700178977], [0.00026154789676706354, 0.0004704761964293078, -0.9999998551224127, -0.002450311218468668], [0.0, 0.0, 0.0, 1.0]]}, "mean_rme": {"type": "float", "data": 0.0017902874204748943}, "max_rme": {"type": "float", "data": 0.005808110367403058}, "simu": {"type": "float", "data": 0.002}}, {"type": "dict", "image_number": {"type": "int", "data": 23}, "Hcamera2end": {"type": "ndarray", "data": [[0.999985504134739, -0.005082354498448634, -0.001777974449753574, -0.014252533944066129], [0.001782850073740898, 0.0009549543294050666, 0.99999795475183, 0.02909569405202621], [-0.005080646219374034, -0.9999866287780955, 0.0009640015626081189, 0.03344250066178383], [0.0, 0.0, 0.0, 1.0]]}, "Hobj2base": {"type": "ndarray", "data": [[0.9999871920104438, -0.00505243920731953, 0.0002977803284484113, -0.735159444571033], [-0.005052271347438266, -0.9999870793920518, -0.0005617857116682797, 0.09121693523648045], [0.0003006148691012775, 0.0005602740493015013, -0.9999997978618245, -0.0013265644279076235], [0.0, 0.0, 0.0, 1.0]]}, "mean_rme": {"type": "float", "data": 0.0017775992842271136}, "max_rme": {"type": "float", "data": 0.005998669552222141}, "simu": {"type": "float", "data": 0.002}}, {"type": "dict", "image_number": {"type": "int", "data": 24}, "Hcamera2end": {"type": "ndarray", "data": [[0.999987793852946, -0.004623149728758398, -0.0017431671472766129, -0.014199412143779887], [0.0017474669751116358, 0.0009261882958293555, 0.9999980442652933, 0.02921335970801038], [-0.004621526186094538, -0.9999888842691332, 0.0009342557921108163, 0.03347335570441355], [0.0, 0.0, 0.0, 1.0]]}, "Hobj2base": {"type": "ndarray", "data": [[0.9999894218108858, -0.004594098672625604, 0.00022477481289414608, -0.7352515058884436], [-0.004593981252343001, -0.9999893123342174, -0.0005201476641680766, 0.09118147035632919], [0.00022716202026959337, 0.0005191095506712832, -0.999999839461333, -0.0014535338764693924], [0.0, 0.0, 0.0, 1.0]]}, "mean_rme": {"type": "float", "data": 0.0017062561713865158}, "max_rme": {"type": "float", "data": 0.006030461058191661}, "simu": {"type": "float", "data": 0.002}}, {"type": "dict", "image_number": {"type": "int", "data": 25}, "Hcamera2end": {"type": "ndarray", "data": [[0.9999887106551294, -0.004380906745669469, -0.001840168029754697, -0.014372476716812016], [0.0018439824483264806, 0.0008668116657676306, 0.999997924180979, 0.028869359198478477], [-0.004379302572584752, -0.9999900280970918, 0.0008748801951785623, 0.033492381990666814], [0.0, 0.0, 0.0, 1.0]]}, "Hobj2base": {"type": "ndarray", "data": [[0.9999905928248568, -0.004331506723832105, 0.0002287166211102119, -0.735280017324561], [-0.004331371636826569, -0.9999904467751504, -0.0005878589794189782, 0.09100148876104544], [0.0002312607512509219, 0.0005868627926410517, -0.9999998010552444, -0.0010150485605737347], [0.0, 0.0, 0.0, 1.0]]}, "mean_rme": {"type": "float", "data": 0.0017040623237064001}, "max_rme": {"type": "float", "data": 0.005951580448729815}, "simu": {"type": "float", "data": 0.002}}, {"type": "dict", "image_number": {"type": "int", "data": 26}, "Hcamera2end": {"type": "ndarray", "data": [[0.9999901845869709, -0.004049097369363712, -0.0017987607426718695, -0.014286646685432617], [0.0018022956361820781, 0.0008695282798741877, 0.9999979978235009, 0.0288657191923552], [-0.004047525189021636, -0.999991424328761, 0.0008768174156141839, 0.033521519979645524], [0.0, 0.0, 0.0, 1.0]]}, "Hobj2base": {"type": "ndarray", "data": [[0.9999919465456621, -0.0040097755309375285, 0.00016894972376602256, -0.7353368060898398], [-0.004009687309954461, -0.9999918263261118, -0.0005193155526825039, 0.0910621398358331], [0.00017103068162205865, 0.0005186339348350086, -0.9999998508836625, -0.0010511371597877205], [0.0, 0.0, 0.0, 1.0]]}, "mean_rme": {"type": "float", "data": 0.001662920149438821}, "max_rme": {"type": "float", "data": 0.00594391981405068}, "simu": {"type": "float", "data": 0.002}}, {"type": "dict", "image_number": {"type": "int", "data": 27}, "Hcamera2end": {"type": "ndarray", "data": [[0.9999913033133667, -0.0037943139005303605, -0.0017310342741710717, -0.014219517890629675], [0.0017342101256724554, 0.0008338726227283821, 0.9999981485841308, 0.02870492337708776], [-0.0037928634135871563, -0.9999924538907649, 0.0008404455083858009, 0.03351604355669542], [0.0, 0.0, 0.0, 1.0]]}, "Hobj2base": {"type": "ndarray", "data": [[0.9999929923273653, -0.003741459053301857, 0.00012953885347038698, -0.7354009430938796], [-0.0037413947480055827, -0.9999928793585078, -0.0004931507078978097, 0.09112046267131528], [0.00013138303425135858, 0.0004926625960730525, -0.999999870011024, -0.0009401724107126968], [0.0, 0.0, 0.0, 1.0]]}, "mean_rme": {"type": "float", "data": 0.0016380312329253798}, "max_rme": {"type": "float", "data": 0.005934253772224368}, "simu": {"type": "float", "data": 0.002}}, {"type": "dict", "image_number": {"type": "int", "data": 28}, "Hcamera2end": {"type": "ndarray", "data": [[0.999992872813826, -0.0033844995738964317, -0.0016731659168932743, -0.014108994376345736], [0.0016759530349288129, 0.0008208264207667515, 0.99999825871119, 0.029050986187286652], [-0.003383120301714283, -0.9999939356849228, 0.000826492832916581, 0.0335445942915117], [0.0, 0.0, 0.0, 1.0]]}, "Hobj2base": {"type": "ndarray", "data": [[0.9999944160890722, -0.0033414719496928117, 4.853745861908816e-05, -0.7354941082353089], [-0.0033414509690029718, -0.9999943265595144, -0.00042609178079089876, 0.09111686919588687], [4.996095697821279e-05, 0.00042592721599421203, -0.9999999080449509, -0.0013158419895882448], [0.0, 0.0, 0.0, 1.0]]}, "mean_rme": {"type": "float", "data": 0.0016175207782831037}, "max_rme": {"type": "float", "data": 0.006013234590854899}, "simu": {"type": "float", "data": 0.002}}, {"type": "dict", "image_number": {"type": "int", "data": 29}, "Hcamera2end": {"type": "ndarray", "data": [[0.9999923922467916, -0.0034877009686965703, -0.001746822970960634, -0.014253904382788837], [0.0017495443522022153, 0.000777380979110065, 0.9999981673850074, 0.028779549048849766], [-0.003486336630131987, -0.9999936157900042, 0.0007834769525193463, 0.033522810760099546], [0.0, 0.0, 0.0, 1.0]]}, "Hobj2base": {"type": "ndarray", "data": [[0.999994143580151, -0.0034212127484195922, 9.00484891703283e-05, -0.735480567735699], [-0.0034211670716502635, -0.9999940214843632, -0.0005026046142328815, 0.09101091880391096], [9.17674681276558e-05, 0.0005022935998432412, -0.999999869639927, -0.0009749402498242923], [0.0, 0.0, 0.0, 1.0]]}, "mean_rme": {"type": "float", "data": 0.0016395044702729638}, "max_rme": {"type": "float", "data": 0.005951879222161394}, "simu": {"type": "float", "data": 0.002}}, {"type": "dict", "image_number": {"type": "int", "data": 30}, "Hcamera2end": {"type": "ndarray", "data": [[0.9999925375696226, -0.0034547042572049542, -0.0017291106275165332, -0.014217112057387566], [0.0017316810840397813, 0.0007411926759501863, 0.9999982259554464, 0.02896738092845082], [-0.00345341652427266, -0.9999937578064736, 0.000747169590864516, 0.03347512935437154], [0.0, 0.0, 0.0, 1.0]]}, "Hobj2base": {"type": "ndarray", "data": [[0.9999942734873929, -0.0033838342366169227, 5.155851483647711e-05, -0.7355606719401785], [-0.003383808858084668, -0.9999941574777698, -0.000484611119423699, 0.09101603060779134], [5.31980573020592e-05, 0.0004844338801328007, -0.999999881246884, -0.0011599529161897104], [0.0, 0.0, 0.0, 1.0]]}, "mean_rme": {"type": "float", "data": 0.0016492266041390306}, "max_rme": {"type": "float", "data": 0.005986273427614874}, "simu": {"type": "float", "data": 0.002}}]}