{"type": "list", "data": [{"type": "dict", "image_number": {"type": "int", "data": 5}, "Hcamera2end": {"type": "ndarray", "data": [[0.9999876870737813, -0.0028650600992826993, 0.004051805950047629, -0.015519976972224164], [-0.004047954718952162, 0.0013487296529327564, 0.9999908974540299, 0.012244998758708363], [-0.002870498810774196, -0.999994986166906, 0.001337115412575085, 0.035127892712120565], [0.0, 0.0, 0.0, 1.0]]}, "Hobj2base": {"type": "ndarray", "data": [[0.9999973367019196, -0.002300885562932442, 0.00018031831288051626, -0.7381115204163708], [-0.002300797794591452, -0.9999972353318543, -0.0004854463471811785, 0.09397834244115448], [0.00018143477085202805, 0.0004850301783162539, -0.9999998659135658, 0.012073943462863945], [0.0, 0.0, 0.0, 1.0]]}, "mean_rme": {"type": "float", "data": 0.002335273719488683}, "max_rme": {"type": "float", "data": 0.007690630969667852}, "simu": {"type": "float", "data": 0.002}}, {"type": "dict", "image_number": {"type": "int", "data": 6}, "Hcamera2end": {"type": "ndarray", "data": [[0.9999948777439007, -0.002398996017062757, 0.0021187977890919397, -0.016895390766161773], [-0.0021152828343913386, 0.0014667678845246002, 0.999996687079764, 0.012470029135014563], [-0.002402095853931148, -0.9999960466972272, 0.0014616858162691537, 0.03494073788160498], [0.0, 0.0, 0.0, 1.0]]}, "Hobj2base": {"type": "ndarray", "data": [[0.9999981912018723, -0.0018906062265457483, 0.00020784869445020113, -0.737743062072331], [-0.001890391601053587, -0.9999976848187033, -0.0010279965113112416, 0.0926273377820408], [0.00020979174984794358, 0.0010276017364467982, -0.9999994500108949, 0.011398539238674696], [0.0, 0.0, 0.0, 1.0]]}, "mean_rme": {"type": "float", "data": 0.0026300139710628296}, "max_rme": {"type": "float", "data": 0.0067503354188586644}, "simu": {"type": "float", "data": 0.002}}, {"type": "dict", "image_number": {"type": "int", "data": 7}, "Hcamera2end": {"type": "ndarray", "data": [[0.9999897830172652, -0.0022199011867756256, 0.00393775314155487, -0.01710616704669028], [-0.003933145275862774, 0.0020762658349541274, 0.9999901096953014, 0.017526844052058583], [-0.0022280550535907807, -0.999995380568782, 0.0020675134279162233, 0.034894455379659475], [0.0, 0.0, 0.0, 1.0]]}, "Hobj2base": {"type": "ndarray", "data": [[0.9999979525696187, -0.001963762066561239, -0.0004883596182001503, -0.7381923008001964], [-0.00196289319546034, -0.9999965011825265, 0.0017733225900660784, 0.09145556344192333], [-0.0004918402931531326, -0.001772360361540029, -0.9999983084145068, 0.006798410826943673], [0.0, 0.0, 0.0, 1.0]]}, "mean_rme": {"type": "float", "data": 0.0020539247986466292}, "max_rme": {"type": "float", "data": 0.007302990375819468}, "simu": {"type": "float", "data": 0.002}}, {"type": "dict", "image_number": {"type": "int", "data": 8}, "Hcamera2end": {"type": "ndarray", "data": [[0.9999962661246796, -0.001764106894881466, 0.002087022654944795, -0.016645884433926547], [-0.002083425640370849, 0.002038384683229255, 0.99999575215372, 0.0177902443757805], [-0.0017683535562399468, -0.999996366450772, 0.0020347016866177903, 0.03520335080876797], [0.0, 0.0, 0.0, 1.0]]}, "Hobj2base": {"type": "ndarray", "data": [[0.9999988306102364, -0.001448554485060724, -0.0004903754311239769, -0.7382441574053124], [-0.0014484513970190996, -0.9999989288359243, 0.00021051259868116423, 0.09037920288014305], [-0.000490679844820413, -0.00020980206753161085, -0.999999857608181, 0.007015792306712759], [0.0, 0.0, 0.0, 1.0]]}, "mean_rme": {"type": "float", "data": 0.0021441633964841304}, "max_rme": {"type": "float", "data": 0.006948253423447043}, "simu": {"type": "float", "data": 0.002}}, {"type": "dict", "image_number": {"type": "int", "data": 9}, "Hcamera2end": {"type": "ndarray", "data": [[0.9999989202401208, -0.0012717667435903982, 0.0007362933806930837, -0.015346491051341319], [-0.0007331535580015459, 0.002467571068442087, 0.9999966867839527, 0.017862620051708585], [-0.0012735793861964983, -0.9999961468437628, 0.00246663600374486, 0.0339375584785533], [0.0, 0.0, 0.0, 1.0]]}, "Hobj2base": {"type": "ndarray", "data": [[0.9999989401985202, -0.001028682827600207, -0.0010302492303753573, -0.7370348934828452], [-0.001029747720365928, -0.9999989356139203, -0.001033629845912989, 0.09061371402962105], [-0.0010291848565198323, 0.0010346896472669365, -0.999998935097365, 0.007072348760111646], [0.0, 0.0, 0.0, 1.0]]}, "mean_rme": {"type": "float", "data": 0.002083154969407343}, "max_rme": {"type": "float", "data": 0.006933986409114162}, "simu": {"type": "float", "data": 0.002}}, {"type": "dict", "image_number": {"type": "int", "data": 10}, "Hcamera2end": {"type": "ndarray", "data": [[0.9999991527640317, -0.0011140377368014291, 0.0006733432554788038, -0.014948047302388225], [-0.0006713819852279845, 0.0017599444253794116, 0.9999982259193511, 0.017735110485898115], [-0.001115220807117485, -0.9999978307554175, 0.0017591949894238956, 0.0328080342434513], [0.0, 0.0, 0.0, 1.0]]}, "Hobj2base": {"type": "ndarray", "data": [[0.9999994927990187, -0.0008779517523668938, -0.0004935609647771499, -0.7357381572425942], [-0.0008783806598214398, -0.9999992362413694, -0.0008694619568127594, 0.09132525542796574], [-0.0004927972421671032, 0.0008698950502267048, -0.9999995002166151, 0.006909894297201324], [0.0, 0.0, 0.0, 1.0]]}, "mean_rme": {"type": "float", "data": 0.0020776963138199153}, "max_rme": {"type": "float", "data": 0.007454306985762826}, "simu": {"type": "float", "data": 0.002}}, {"type": "dict", "image_number": {"type": "int", "data": 11}, "Hcamera2end": {"type": "ndarray", "data": [[0.9999991003873427, -0.0012023896846705168, 0.0005945448270233585, -0.014696378286873635], [-0.0005933202345459658, 0.0010185659354972065, 0.9999993052470258, 0.017841844041015163], [-0.0012029944324146392, -0.9999987583904698, 0.0010178516170527008, 0.033253819610625505], [0.0, 0.0, 0.0, 1.0]]}, "Hobj2base": {"type": "ndarray", "data": [[0.9999995385010337, -0.0009497260243394689, 0.0001449765433813687, -0.735892207234204], [-0.0009496209363331473, -0.9999992875875818, -0.0007232180899282871, 0.09155070371735849], [0.00014566329913955685, 0.0007230800834030142, -0.999999727968661, 0.006834967665303398], [0.0, 0.0, 0.0, 1.0]]}, "mean_rme": {"type": "float", "data": 0.001962512412052333}, "max_rme": {"type": "float", "data": 0.007450816905117785}, "simu": {"type": "float", "data": 0.002}}, {"type": "dict", "image_number": {"type": "int", "data": 12}, "Hcamera2end": {"type": "ndarray", "data": [[0.9999992054632452, -0.0012176805043643193, 0.0003260783151914826, -0.01484576665048042], [-0.0003246146504405169, 0.0012020147471261122, 0.9999992248926377, 0.018010215776963708], [-0.0012180715114747738, -0.9999985362062971, 0.0012016185151499936, 0.03203647322042149], [0.0, 0.0, 0.0, 1.0]]}, "Hobj2base": {"type": "ndarray", "data": [[0.9999995019521619, -0.000990034883799754, -0.00012619967145888775, -0.7348618016906413], [-0.00099015746003144, -0.9999990345254837, -0.0009749545140003079, 0.09104738690133078], [-0.00012523431063734267, 0.0009750789859724685, -0.9999995167685523, 0.006648049174035923], [0.0, 0.0, 0.0, 1.0]]}, "mean_rme": {"type": "float", "data": 0.0018526105419219125}, "max_rme": {"type": "float", "data": 0.007140144406311111}, "simu": {"type": "float", "data": 0.002}}, {"type": "dict", "image_number": {"type": "int", "data": 13}, "Hcamera2end": {"type": "ndarray", "data": [[0.9999994875623704, -0.0007911695081165267, 0.0006316057362331562, -0.015537275048660322], [-0.0006309534477002487, 0.0008244396139596155, 0.9999994610983898, 0.018035976501920174], [-0.0007916898025433596, -0.9999993471748532, 0.0008239400003569042, 0.03208234472491832], [0.0, 0.0, 0.0, 1.0]]}, "Hobj2base": {"type": "ndarray", "data": [[0.9999997997836216, -0.0005999517777618369, 0.00020122271515037862, -0.73461050739958], [-0.0005998353759486911, -0.9999996530365374, -0.0005780348832852224, 0.09050750418693093], [0.000201569438389284, 0.0005779140670501798, -0.9999998126925287, 0.006521009532554052], [0.0, 0.0, 0.0, 1.0]]}, "mean_rme": {"type": "float", "data": 0.0017714998962307668}, "max_rme": {"type": "float", "data": 0.007108021716908303}, "simu": {"type": "float", "data": 0.002}}, {"type": "dict", "image_number": {"type": "int", "data": 14}, "Hcamera2end": {"type": "ndarray", "data": [[0.9999991692325221, -0.0006961108769800179, 0.0010848796765378682, -0.015747568785111278], [-0.0010843153454553527, 0.0008105572860463983, 0.9999990836281388, 0.01816179251720544], [-0.0006969895962098994, -0.9999994292131035, 0.0008098018089557346, 0.0328186975131135], [0.0, 0.0, 0.0, 1.0]]}, "Hobj2base": {"type": "ndarray", "data": [[0.9999998552197203, -0.0005250208115611366, 0.00011795628723954036, -0.7353608606558079], [-0.0005250062020830208, -0.9999998545145921, -0.00012385186186412251, 0.09037780531639494], [0.00011802129488365099, 0.00012378991615043987, -0.9999999853735158, 0.006518426777012786], [0.0, 0.0, 0.0, 1.0]]}, "mean_rme": {"type": "float", "data": 0.0017931832801665643}, "max_rme": {"type": "float", "data": 0.006842156202858329}, "simu": {"type": "float", "data": 0.002}}, {"type": "dict", "image_number": {"type": "int", "data": 15}, "Hcamera2end": {"type": "ndarray", "data": [[0.9999991819471147, -0.0009380646426954124, 0.0008695630094858639, -0.015420562546555872], [-0.0008687359943423712, 0.0008816660133508236, 0.9999992339811133, 0.018145816589520077], [-0.0009388305882721098, -0.9999991713495403, 0.0008808503615812535, 0.032895285259197805], [0.0, 0.0, 0.0, 1.0]]}, "Hobj2base": {"type": "ndarray", "data": [[0.9999996994358624, -0.0007714178673114266, -7.773454136622976e-05, -0.7353338576671221], [-0.000771438239421393, -0.9999996680186507, -0.000262384511227278, 0.09065965943648718], [-7.75321074597453e-05, 0.00026244439976163745, -0.9999999625558542, 0.00661130359423446], [0.0, 0.0, 0.0, 1.0]]}, "mean_rme": {"type": "float", "data": 0.0017444313982886623}, "max_rme": {"type": "float", "data": 0.006913940638966609}, "simu": {"type": "float", "data": 0.002}}, {"type": "dict", "image_number": {"type": "int", "data": 16}, "Hcamera2end": {"type": "ndarray", "data": [[0.999999352559064, -0.0009154724468432907, 0.0006758636339969931, -0.015498927831164402], [-0.0006750248797504125, 0.0009161975769845787, 0.9999993524614964, 0.0181502915842683], [-0.0009160910786634723, -0.9999991612457481, 0.0009155790171223588, 0.0326718246214738], [0.0, 0.0, 0.0, 1.0]]}, "Hobj2base": {"type": "ndarray", "data": [[0.9999996971994665, -0.000759832430592226, -0.00016809417835762558, -0.7352154183967881], [-0.0007599062736461307, -0.9999996146167875, -0.0004396688883850226, 0.09040729709815959], [-0.00016776003889683376, 0.000439796491073746, -0.9999998892178015, 0.006434667230152118], [0.0, 0.0, 0.0, 1.0]]}, "mean_rme": {"type": "float", "data": 0.0017347217326181392}, "max_rme": {"type": "float", "data": 0.006845081930331315}, "simu": {"type": "float", "data": 0.002}}, {"type": "dict", "image_number": {"type": "int", "data": 17}, "Hcamera2end": {"type": "ndarray", "data": [[0.9999993379508002, -0.0008365815892052187, 0.0007900817715966953, -0.015332555273213032], [-0.0007892886603939837, 0.0009479442010028594, 0.9999992392123119, 0.01852563614554365], [-0.0008373299061779487, -0.999999200766199, 0.0009472832690553545, 0.032670150287364516], [0.0, 0.0, 0.0, 1.0]]}, "Hobj2base": {"type": "ndarray", "data": [[0.9999997499593897, -0.0006849452285134551, -0.00017587265881627008, -0.7352433674404457], [-0.0006849729283004361, -0.9999997530049027, -0.0001574872082544985, 0.09077194674422863], [-0.0001757647452647398, 0.00015760763688641815, -0.9999999721332931, 0.006199618936749895], [0.0, 0.0, 0.0, 1.0]]}, "mean_rme": {"type": "float", "data": 0.0017055828163888497}, "max_rme": {"type": "float", "data": 0.006826364350558639}, "simu": {"type": "float", "data": 0.002}}, {"type": "dict", "image_number": {"type": "int", "data": 18}, "Hcamera2end": {"type": "ndarray", "data": [[0.9999993667498236, -0.0008118861837847177, 0.0007793207147229771, -0.015303994027607192], [-0.0007786199831454759, 0.0008630497487365218, 0.9999993244477985, 0.018575182229143325], [-0.0008125582278602457, -0.9999992979927317, 0.0008624170514034413, 0.03268196832282924], [0.0, 0.0, 0.0, 1.0]]}, "Hobj2base": {"type": "ndarray", "data": [[0.9999997694790465, -0.0006668678418134492, -0.00012778550629176727, -0.7352538751600719], [-0.0006668804069667418, -0.9999997728025452, -9.831266804917234e-05, 0.0908149371467905], [-0.0001277199157024606, 9.839786303648267e-05, -0.9999999870027416, 0.006211871506210399], [0.0, 0.0, 0.0, 1.0]]}, "mean_rme": {"type": "float", "data": 0.0016456918956804913}, "max_rme": {"type": "float", "data": 0.006832268051914142}, "simu": {"type": "float", "data": 0.002}}, {"type": "dict", "image_number": {"type": "int", "data": 19}, "Hcamera2end": {"type": "ndarray", "data": [[0.9999994589456098, -0.0007969952321341272, 0.0006685110976400919, -0.015213385209300663], [-0.000667827197221097, 0.0008580560427511319, 0.9999994088731566, 0.01856255575457409], [-0.0007975683809958278, -0.9999993142689788, 0.0008575233234040525, 0.03297477724239598], [0.0, 0.0, 0.0, 1.0]]}, "Hobj2base": {"type": "ndarray", "data": [[0.9999997673372274, -0.0006578823887739718, -0.00018032263768009762, -0.7354442183548002], [-0.0006579165201314715, -0.9999997656584059, -0.0001892854633510271, 0.09099875088149689], [-0.0001801980678502136, 0.0001894040565536298, -0.9999999658273797, 0.006331423592763557], [0.0, 0.0, 0.0, 1.0]]}, "mean_rme": {"type": "float", "data": 0.0016656179772572808}, "max_rme": {"type": "float", "data": 0.0070132267812959}, "simu": {"type": "float", "data": 0.002}}, {"type": "dict", "image_number": {"type": "int", "data": 20}, "Hcamera2end": {"type": "ndarray", "data": [[0.9999993919354299, -0.0009362182372746341, 0.0005827728396798745, -0.014943483241962083], [-0.0005820165954608561, 0.0008078343591152448, 0.9999995043300427, 0.01883468930429511], [-0.0009366885571428329, -0.999999235449238, 0.0008072889733486965, 0.03279487004704873], [0.0, 0.0, 0.0, 1.0]]}, "Hobj2base": {"type": "ndarray", "data": [[0.9999996540378326, -0.000811924963032149, -0.00018083713521735873, -0.7353664785067848], [-0.0008119605762469515, -0.9999996509654916, -0.00019694902238522936, 0.09132268306463236], [-0.00018067716427123883, 0.00019709578687283666, -0.9999999642545059, 0.0064789125007330165], [0.0, 0.0, 0.0, 1.0]]}, "mean_rme": {"type": "float", "data": 0.0017434231675745816}, "max_rme": {"type": "float", "data": 0.008258220321192833}, "simu": {"type": "float", "data": 0.002}}, {"type": "dict", "image_number": {"type": "int", "data": 21}, "Hcamera2end": {"type": "ndarray", "data": [[0.9999995091831442, -0.000857370161008855, 0.0004965378916038345, -0.014979793396202007], [-0.0004958005621104821, 0.0008599881712838542, 0.9999995073009524, 0.01901522218240136], [-0.0008577967552967667, -0.9999992626681042, 0.0008595626645793164, 0.03243929910745527], [0.0, 0.0, 0.0, 1.0]]}, "Hobj2base": {"type": "ndarray", "data": [[0.9999996901710944, -0.0007425372688880047, -0.0002613352629881467, -0.7350967520448851], [-0.0007426064740544364, -0.9999996892039018, -0.0002648163985807877, 0.09109260237500251], [-0.0002611385457208076, 0.0002650103857912065, -0.9999999307880754, 0.00638427954901895], [0.0, 0.0, 0.0, 1.0]]}, "mean_rme": {"type": "float", "data": 0.0017226728568139592}, "max_rme": {"type": "float", "data": 0.008179737560355338}, "simu": {"type": "float", "data": 0.002}}, {"type": "dict", "image_number": {"type": "int", "data": 22}, "Hcamera2end": {"type": "ndarray", "data": [[0.9999995024974185, -0.0009152218459046287, 0.0003967037789044751, -0.014999086669549933], [-0.00039589815811444655, 0.000880259765206115, 0.9999995342035886, 0.019048768207499005], [-0.0009155706219728521, -0.9999991937555341, 0.0008798969926315792, 0.03242254111702801], [0.0, 0.0, 0.0, 1.0]]}, "Hobj2base": {"type": "ndarray", "data": [[0.9999996329119798, -0.0008091087946999185, -0.0002819908934102983, -0.7351317753625065], [-0.0008091753641475943, -0.9999996447611947, -0.0002360354092648978, 0.0911222763023722], [-0.0002817998149106934, 0.0002362635027029883, -0.9999999323842084, 0.0064476929483702206], [0.0, 0.0, 0.0, 1.0]]}, "mean_rme": {"type": "float", "data": 0.001711619858386125}, "max_rme": {"type": "float", "data": 0.008086922620387238}, "simu": {"type": "float", "data": 0.002}}, {"type": "dict", "image_number": {"type": "int", "data": 23}, "Hcamera2end": {"type": "ndarray", "data": [[0.9999998272128895, -0.0005553471290780039, 0.0001927790379191364, -0.015196125266977356], [-0.0001922635945499102, 0.0009280501901146598, 0.9999995508786766, 0.0199585324895249], [-0.0005555257882825574, -0.9999994151560344, 0.0009279432567242951, 0.03242640575143088], [0.0, 0.0, 0.0, 1.0]]}, "Hobj2base": {"type": "ndarray", "data": [[0.9999998674835852, -0.00045267113239704486, -0.00024519718171336235, -0.7351202920211357], [-0.0004527478918671817, -0.9999998484979213, -0.00031308701711141567, 0.09099004699930668], [-0.0002450554191109051, 0.00031319798812935913, -0.9999999209274275, 0.005405954174683632], [0.0, 0.0, 0.0, 1.0]]}, "mean_rme": {"type": "float", "data": 0.001765876012039777}, "max_rme": {"type": "float", "data": 0.008231612134424193}, "simu": {"type": "float", "data": 0.002}}, {"type": "dict", "image_number": {"type": "int", "data": 24}, "Hcamera2end": {"type": "ndarray", "data": [[0.999999965628896, 1.8968772594466266e-05, 0.00026150027231161197, -0.015207594619457174], [-0.00026151711838133285, 0.000893596520239015, 0.9999995665469338, 0.02104814004299622], [1.873508863901444e-05, -0.9999996005626425, 0.0008936014501839118, 0.03237586059258156], [0.0, 0.0, 0.0, 1.0]]}, "Hobj2base": {"type": "ndarray", "data": [[0.9999999770593833, 0.00011036789783000481, -0.00018357603337399602, -0.735176369601394], [0.00011031328353010162, -0.9999999496665684, -0.0002974858665325552, 0.09106105674140584], [-0.00018360885702370757, 0.00029746560883302703, -0.9999999389009979, 0.00437853821568545], [0.0, 0.0, 0.0, 1.0]]}, "mean_rme": {"type": "float", "data": 0.0017252699098436843}, "max_rme": {"type": "float", "data": 0.008162891894889002}, "simu": {"type": "float", "data": 0.002}}, {"type": "dict", "image_number": {"type": "int", "data": 25}, "Hcamera2end": {"type": "ndarray", "data": [[0.9999999509364441, 0.0002993314674993009, 9.234598977814765e-05, -0.015325860384853519], [-9.261130556690835e-05, 0.0008864685264277083, 0.9999996027982704, 0.021118063456003873], [0.000299249486790844, -0.9999995622870167, 0.0008864962044123903, 0.03232511887634713], [0.0, 0.0, 0.0, 1.0]]}, "Hobj2base": {"type": "ndarray", "data": [[0.9999999103252745, 0.00038273555647926337, -0.00018128137456539578, -0.7352251431469569], [0.00038267867461099593, -0.9999998775723098, -0.00031370750348009733, 0.09091513040977307], [-0.00018140141938745194, 0.00031363810283231274, -0.9999999343623307, 0.004203446487578644], [0.0, 0.0, 0.0, 1.0]]}, "mean_rme": {"type": "float", "data": 0.001754389749155047}, "max_rme": {"type": "float", "data": 0.008269101587131344}, "simu": {"type": "float", "data": 0.002}}, {"type": "dict", "image_number": {"type": "int", "data": 26}, "Hcamera2end": {"type": "ndarray", "data": [[0.9999999415763614, 0.00034134510720398197, -1.8187674444422125e-05, -0.015358694648884555], [1.789140629916434e-05, 0.0008679261282056316, 0.999999623191996, 0.020772421904405078], [0.000341360764140275, -0.9999995650937824, 0.0008679199703542917, 0.03228994010258924], [0.0, 0.0, 0.0, 1.0]]}, "Hobj2base": {"type": "ndarray", "data": [[0.9999998963971355, 0.0004157667097106003, -0.0001853206989842335, -0.7352397038697231], [0.0004157148786589112, -0.9999998744930187, -0.00027963384339021926, 0.09085376494288068], [-0.00018543693816818212, 0.00027955677384746086, -0.9999999437305744, 0.004487677965768057], [0.0, 0.0, 0.0, 1.0]]}, "mean_rme": {"type": "float", "data": 0.0017489909461325167}, "max_rme": {"type": "float", "data": 0.008328084771687283}, "simu": {"type": "float", "data": 0.002}}, {"type": "dict", "image_number": {"type": "int", "data": 27}, "Hcamera2end": {"type": "ndarray", "data": [[0.9999999406541005, 0.00028104411102238864, -0.0001992636526156219, -0.015376191267374273], [0.0001990331623595051, 0.0008199109468725041, 0.9999996440658564, 0.019866284527690157], [0.00028120738943928703, -0.999999624380053, 0.0008198549611160288, 0.032237987160094045], [0.0, 0.0, 0.0, 1.0]]}, "Hobj2base": {"type": "ndarray", "data": [[0.9999999253639135, 0.0003325872963169471, -0.0001966160162339226, -0.7352580700825738], [0.0003325500801772864, -0.9999999267906707, -0.00018928575665977181, 0.09077533655260604], [-0.0001966789558778347, 0.000189220357860261, -0.9999999627565217, 0.005300541100426305], [0.0, 0.0, 0.0, 1.0]]}, "mean_rme": {"type": "float", "data": 0.0018228313976089395}, "max_rme": {"type": "float", "data": 0.008413871469623191}, "simu": {"type": "float", "data": 0.002}}, {"type": "dict", "image_number": {"type": "int", "data": 28}, "Hcamera2end": {"type": "ndarray", "data": [[0.999999969724691, 6.0715484595101924e-06, -0.0002459954336546763, -0.015281133943425491], [0.0002459898974366187, 0.0008955821270895115, 0.999999568710719, 0.020464055681096927], [6.291854954643158e-06, -0.9999995989478145, 0.0008955806064359084, 0.03222085086987224], [0.0, 0.0, 0.0, 1.0]]}, "Hobj2base": {"type": "ndarray", "data": [[0.9999999820006336, 3.265914493961604e-05, -0.0001869013451571899, -0.7352506797565467], [3.264176430930289e-05, -0.9999999951431386, -9.299590224280324e-05, 0.0908083080321374], [-0.0001869043814160861, 9.29897997792782e-05, -0.9999999782098243, 0.0047189221364162615], [0.0, 0.0, 0.0, 1.0]]}, "mean_rme": {"type": "float", "data": 0.0017345543873025309}, "max_rme": {"type": "float", "data": 0.008410081684141535}, "simu": {"type": "float", "data": 0.002}}, {"type": "dict", "image_number": {"type": "int", "data": 29}, "Hcamera2end": {"type": "ndarray", "data": [[0.9999998496047539, -0.0005055377669274839, -0.00021265473378865262, -0.015109065556946398], [0.00021313309616161543, 0.0009463791044311831, 0.9999995294703261, 0.02102096607901312], [-0.0005053362770604475, -0.9999994243989125, 0.0009464867089297169, 0.03216037313207794], [0.0, 0.0, 0.0, 1.0]]}, "Hobj2base": {"type": "ndarray", "data": [[0.9999998826777435, -0.0004716711862751015, -0.00011032130925682428, -0.7352200871923978], [-0.00047166978037635124, -0.999999888682275, 1.2769344012089596e-05, 0.09097072153224547], [-0.00011032731990774525, -1.2717307286253345e-05, -0.9999999938330764, 0.004100724515070886], [0.0, 0.0, 0.0, 1.0]]}, "mean_rme": {"type": "float", "data": 0.0016982810711155282}, "max_rme": {"type": "float", "data": 0.008479433285114968}, "simu": {"type": "float", "data": 0.002}}, {"type": "dict", "image_number": {"type": "int", "data": 30}, "Hcamera2end": {"type": "ndarray", "data": [[0.999999677569493, -0.0007244441132427286, -0.0003464702538114434, -0.015161319949223108], [0.000347202923859464, 0.0010114737667010765, 0.9999994281853113, 0.02143356247173238], [-0.0007240932534222707, -0.9999992260504738, 0.0010117249696853792, 0.032172449047262866], [0.0, 0.0, 0.0, 1.0]]}, "Hobj2base": {"type": "ndarray", "data": [[0.9999997440605636, -0.0007117452349396962, -7.278411855314292e-05, -0.735178234625081], [-0.000711743817176697, -0.9999997465201524, 1.9503062828901644e-05, 0.09085760847055586], [-7.279798131587084e-05, -1.945125419092988e-05, -0.9999999971610514, 0.003776751789661], [0.0, 0.0, 0.0, 1.0]]}, "mean_rme": {"type": "float", "data": 0.001674408706945771}, "max_rme": {"type": "float", "data": 0.008404420405098367}, "simu": {"type": "float", "data": 0.002}}]}