{"type": "list", "data": [{"type": "dict", "image_number": {"type": "int", "data": 5}, "Hcamera2end": {"type": "ndarray", "data": [[0.9999909995600997, -0.0026767827195098145, -0.0032917522788250123, -0.013203062488873357], [0.0032890093528214316, -0.0010284671739440032, 0.999994062318747, 0.031058247294713296], [-0.002680152284790767, -0.9999958885363206, -0.0010196539538869231, 0.03591477946947652], [0.0, 0.0, 0.0, 1.0]]}, "Hobj2base": {"type": "ndarray", "data": [[0.9999941815837077, -0.003062114649045611, 0.001503413651248634, -0.7378881349243315], [-0.0030667941961321646, -0.999990429396044, 0.0031202387206711885, 0.09161126610223656], [0.0014938447339769094, -0.0031248312260834157, -0.9999940019108711, -0.001909909266937193], [0.0, 0.0, 0.0, 1.0]]}, "mean_rme": {"type": "float", "data": 0.002026634782450425}, "max_rme": {"type": "float", "data": 0.0037433059700898996}, "simu": {"type": "float", "data": 0.002}}, {"type": "dict", "image_number": {"type": "int", "data": 6}, "Hcamera2end": {"type": "ndarray", "data": [[0.999995509801583, -0.001355500993721179, -0.00267263797175856, -0.013868434195458806], [0.0026721833349989763, -0.0003371015223843088, 0.999996372892816, 0.03168135430765935], [-0.0013563970275028486, -0.9999990244893341, -0.0003334778615655676, 0.03572489100356974], [0.0, 0.0, 0.0, 1.0]]}, "Hobj2base": {"type": "ndarray", "data": [[0.9999981452164256, -0.0016123195248912252, 0.0010535603723990105, -0.738670896375297], [-0.0016148746321856295, -0.999995746355187, 0.0024288786414956086, 0.0905654920775865], [0.0010496397624701226, -0.002430575504370263, -0.9999964952734017, -0.002284883944328686], [0.0, 0.0, 0.0, 1.0]]}, "mean_rme": {"type": "float", "data": 0.002020165486161125}, "max_rme": {"type": "float", "data": 0.004239444233888001}, "simu": {"type": "float", "data": 0.002}}, {"type": "dict", "image_number": {"type": "int", "data": 7}, "Hcamera2end": {"type": "ndarray", "data": [[0.9999951449332207, -0.0019101144099315662, -0.002462026183442451, -0.012709670734236152], [0.002464902441162634, 0.0015049139138512135, 0.9999958297363383, 0.03168515328056703], [-0.0019064013067911236, -0.9999970433441556, 0.001509614853065555, 0.0337545127346057], [0.0, 0.0, 0.0, 1.0]]}, "Hobj2base": {"type": "ndarray", "data": [[0.9999972025983721, -0.0022244525370971008, -0.0008041183623298552, -0.7379918204948346], [-0.002222682750777799, -0.9999951205158244, 0.002195136882061314, 0.09211881799124785], [-0.0008089974164536077, -0.002193343441368292, -0.9999972673801305, -0.002152836996849618], [0.0, 0.0, 0.0, 1.0]]}, "mean_rme": {"type": "float", "data": 0.0018944414940326043}, "max_rme": {"type": "float", "data": 0.003840214410923415}, "simu": {"type": "float", "data": 0.002}}, {"type": "dict", "image_number": {"type": "int", "data": 8}, "Hcamera2end": {"type": "ndarray", "data": [[0.9999962925784713, -0.0014290178195378858, -0.0023179166041348716, -0.0118814655353589], [0.002317274307902827, -0.0004509589092469568, 0.9999972134340397, 0.031534760753139], [-0.001430059122628999, -0.9999988772714367, -0.0004476458110735937, 0.034945749634471196], [0.0, 0.0, 0.0, 1.0]]}, "Hobj2base": {"type": "ndarray", "data": [[0.9999977958188753, -0.0017761264339516002, 0.0011197018717761845, -0.73780828022834], [-0.0017780669686135644, -0.9999969150326102, 0.0017344748824627912, 0.09291164334677013], [0.0011166177708446566, -0.0017364619642788938, -0.9999978689300295, -0.00271214921538597], [0.0, 0.0, 0.0, 1.0]]}, "mean_rme": {"type": "float", "data": 0.0017262691835059174}, "max_rme": {"type": "float", "data": 0.0036495519713344304}, "simu": {"type": "float", "data": 0.002}}, {"type": "dict", "image_number": {"type": "int", "data": 9}, "Hcamera2end": {"type": "ndarray", "data": [[0.9999976906468907, -0.000492405982966182, -0.0020919458007612776, -0.012266964325240135], [0.002091805242149203, -0.0002857948208339067, 0.9999977713335914, 0.03145932687406441], [-0.0004930027528328309, -0.9999998379288212, -0.00028476414341627176, 0.034634357868254], [0.0, 0.0, 0.0, 1.0]]}, "Hobj2base": {"type": "ndarray", "data": [[0.9999989942302946, -0.0008013917985112207, 0.0011701750230749997, -0.7381552862829937], [-0.0008027338614911847, -0.9999990201511109, 0.0011468719045988672, 0.09234873535818254], [0.001169254782742015, -0.0011478100902247432, -0.9999986576867239, -0.0027545742396108716], [0.0, 0.0, 0.0, 1.0]]}, "mean_rme": {"type": "float", "data": 0.0017181834532850175}, "max_rme": {"type": "float", "data": 0.0038626774357079507}, "simu": {"type": "float", "data": 0.002}}, {"type": "dict", "image_number": {"type": "int", "data": 10}, "Hcamera2end": {"type": "ndarray", "data": [[0.9999984508643688, -0.001411451455308219, -0.0010517003622663407, -0.01376203398809063], [0.001052931480420524, 0.0008717761072389862, 0.9999990656704218, 0.03154164697811388], [-0.0014105332892995776, -0.9999986239046574, 0.0008732609184100015, 0.03477987076292803], [0.0, 0.0, 0.0, 1.0]]}, "Hobj2base": {"type": "ndarray", "data": [[0.9999986376811341, -0.001650247902792942, -3.6300624333953604e-05, -0.7385706693001287], [-0.0016501796927673798, -0.9999970094228043, 0.00180500759825712, 0.0914560323311058], [-3.927922577768341e-05, -0.001804945236708105, -0.9999983703135897, -0.002266118497067304], [0.0, 0.0, 0.0, 1.0]]}, "mean_rme": {"type": "float", "data": 0.0018998219454631979}, "max_rme": {"type": "float", "data": 0.004024836894273909}, "simu": {"type": "float", "data": 0.002}}, {"type": "dict", "image_number": {"type": "int", "data": 11}, "Hcamera2end": {"type": "ndarray", "data": [[0.9999992187272869, -0.0012480813195693092, -6.955454985290268e-05, -0.015416308843805512], [7.242882825152024e-05, 0.002303060234327803, 0.9999973453302872, 0.031473139374715686], [-0.0012479178180077484, -0.9999965690974028, 0.002303148832077273, 0.03451431578835154], [0.0, 0.0, 0.0, 1.0]]}, "Hobj2base": {"type": "ndarray", "data": [[0.9999979020784084, -0.0014577710530345451, -0.0014390074144610002, -0.739043126039246], [-0.0014539550738689538, -0.9999954335826595, 0.0026493071682659355, 0.0903026507688278], [-0.001442862926653085, -0.0026472093580956336, -0.9999954552042671, -0.0022460235981518473], [0.0, 0.0, 0.0, 1.0]]}, "mean_rme": {"type": "float", "data": 0.0019970376994947678}, "max_rme": {"type": "float", "data": 0.004719708820297597}, "simu": {"type": "float", "data": 0.002}}, {"type": "dict", "image_number": {"type": "int", "data": 12}, "Hcamera2end": {"type": "ndarray", "data": [[0.9999995431414805, -0.000946263752164661, 0.00013528392968608683, -0.015258585347316205], [-0.00013439257291192336, 0.0009419751405669308, 0.9999995473106331, 0.03155351285302919], [-0.0009463907578998045, -0.9999991086334759, 0.0009418475393973003, 0.03258437132413379], [0.0, 0.0, 0.0, 1.0]]}, "Hobj2base": {"type": "ndarray", "data": [[0.9999992612339813, -0.0012108992895946192, -0.00010608676688398772, -0.7363498745311198], [-0.0012106371742363039, -0.9999962978403936, 0.0024369372455851517, 0.08968835996578099], [-0.00010903725971331034, -0.0024368070126750403, -0.9999970250368042, -0.002857578747382868], [0.0, 0.0, 0.0, 1.0]]}, "mean_rme": {"type": "float", "data": 0.0021661238468779886}, "max_rme": {"type": "float", "data": 0.005145290424645149}, "simu": {"type": "float", "data": 0.002}}, {"type": "dict", "image_number": {"type": "int", "data": 13}, "Hcamera2end": {"type": "ndarray", "data": [[0.9999996977711847, -0.0007761812148753143, -4.4724277234507975e-05, -0.014277576180833841], [4.5624297939796284e-05, 0.001159570746944838, 0.9999993266568266, 0.03164961705793643], [-0.0007761288312754324, -0.9999990264687284, 0.0011596058092121497, 0.03247509165283298], [0.0, 0.0, 0.0, 1.0]]}, "Hobj2base": {"type": "ndarray", "data": [[0.9999994167130637, -0.0010328626183301129, -0.0003158612733876562, -0.7366492869006351], [-0.001032154884318959, -0.9999969749329731, 0.002232662356484612, 0.09050453924520098], [-0.0003181663513734987, -0.0022323350364457325, -0.9999974577219977, -0.002975006938303454], [0.0, 0.0, 0.0, 1.0]]}, "mean_rme": {"type": "float", "data": 0.002138180535528088}, "max_rme": {"type": "float", "data": 0.005586736389807528}, "simu": {"type": "float", "data": 0.002}}, {"type": "dict", "image_number": {"type": "int", "data": 14}, "Hcamera2end": {"type": "ndarray", "data": [[0.9999997566946837, -0.0006954816348832017, 5.3998787043960746e-05, -0.0142384011564367], [-5.347074840885102e-05, 0.0007592378828670254, 0.999999710349316, 0.03176192777712233], [-0.0006955224313612233, -0.9999994699314257, 0.0007592005102169397, 0.032455312454566954], [0.0, 0.0, 0.0, 1.0]]}, "Hobj2base": {"type": "ndarray", "data": [[0.9999995822199594, -0.000913325128204376, -3.737802412409744e-05, -0.736434246980599], [-0.000913245180905506, -0.9999974078058895, 0.0020857527996045147, 0.09038660882621045], [-3.928289767610488e-05, -0.002085717792918223, -0.999997824116704, -0.00286029087712402], [0.0, 0.0, 0.0, 1.0]]}, "mean_rme": {"type": "float", "data": 0.002134988845643711}, "max_rme": {"type": "float", "data": 0.005223892697425958}, "simu": {"type": "float", "data": 0.002}}, {"type": "dict", "image_number": {"type": "int", "data": 15}, "Hcamera2end": {"type": "ndarray", "data": [[0.9999998127262677, -0.0005893938418460374, -0.000164809977861691, -0.014123241679137854], [0.00016497904249022574, 0.000286807804436906, 0.999999945261598, 0.031801043548556465], [-0.0005893465407956606, -0.9999997851780682, 0.0002869049883570396, 0.031958549871090515], [0.0, 0.0, 0.0, 1.0]]}, "Hobj2base": {"type": "ndarray", "data": [[0.9999996311735975, -0.000795195134937413, 0.0003245263725870629, -0.7357105450785021], [-0.0007957491204902712, -0.9999982204597604, 0.0017105147322489652, 0.09006193736550658], [0.000323165602086001, -0.001710772342941532, -0.9999984844098433, -0.003029489336762836], [0.0, 0.0, 0.0, 1.0]]}, "mean_rme": {"type": "float", "data": 0.0020915096651085243}, "max_rme": {"type": "float", "data": 0.0053198214505731645}, "simu": {"type": "float", "data": 0.002}}, {"type": "dict", "image_number": {"type": "int", "data": 16}, "Hcamera2end": {"type": "ndarray", "data": [[0.9999999745610526, 0.00016457843895140053, -0.00015424601015453065, -0.014132570385897842], [0.000154181361884694, 0.0003927517029286287, 0.9999999109870997, 0.03166566215831006], [0.0001646390046849545, -0.9999999093300144, 0.00039272631800957303, 0.031972813667123186], [0.0, 0.0, 0.0, 1.0]]}, "Hobj2base": {"type": "ndarray", "data": [[0.9999999006019279, -2.011565897255028e-05, 0.0004454116013233846, -0.7357441460744204], [-2.0878681382113783e-05, -0.9999985323665337, 0.0017131342210440794, 0.0898801569117709], [0.00044537648679864744, -0.0017131433503687484, -0.9999984333885958, -0.002897474636705949], [0.0, 0.0, 0.0, 1.0]]}, "mean_rme": {"type": "float", "data": 0.0019996708318656144}, "max_rme": {"type": "float", "data": 0.0053375406811528026}, "simu": {"type": "float", "data": 0.002}}, {"type": "dict", "image_number": {"type": "int", "data": 17}, "Hcamera2end": {"type": "ndarray", "data": [[0.9999999983695163, 4.629340267793797e-05, -3.343483849641644e-05, -0.014161421958392553], [3.341363738194989e-05, 0.0004578977545138807, 0.999999894606582, 0.03157384793301039], [4.630870753638807e-05, -0.9999998940932779, 0.0004578962069362591, 0.03196768618293102], [0.0, 0.0, 0.0, 1.0]]}, "Hobj2base": {"type": "ndarray", "data": [[0.9999999363311675, -0.0001225341668011582, 0.000335146294793582, -0.7357616278682556], [-0.0001231137242904561, -0.9999984963274968, 0.001729793558974674, 0.0899037040241767], [0.0003349338320308269, -0.0017298347099492719, -0.9999984477443977, -0.002928698781623476], [0.0, 0.0, 0.0, 1.0]]}, "mean_rme": {"type": "float", "data": 0.0019313552509952205}, "max_rme": {"type": "float", "data": 0.005375431572428535}, "simu": {"type": "float", "data": 0.002}}, {"type": "dict", "image_number": {"type": "int", "data": 18}, "Hcamera2end": {"type": "ndarray", "data": [[0.9999997952425677, -0.0006398295126028577, -1.1533323940687466e-05, -0.013358425401080336], [1.1984008333861581e-05, 0.0007043826401692543, 0.9999997518507091, 0.03158686814921889], [-0.0006398212299564504, -0.999999547231543, 0.0007043901636639704, 0.031598115572731504], [0.0, 0.0, 0.0, 1.0]]}, "Hobj2base": {"type": "ndarray", "data": [[0.9999996931330591, -0.0007756285542722561, 0.00011015504203395924, -0.7357182223330518], [-0.0007758135172613793, -0.999998272496087, 0.0016891175885310856, 0.09089225543417373], [0.0001088447239075049, -0.0016892025299673431, -0.9999985673727931, -0.0030045158006187047], [0.0, 0.0, 0.0, 1.0]]}, "mean_rme": {"type": "float", "data": 0.001988654111754573}, "max_rme": {"type": "float", "data": 0.0053331414143549805}, "simu": {"type": "float", "data": 0.002}}, {"type": "dict", "image_number": {"type": "int", "data": 19}, "Hcamera2end": {"type": "ndarray", "data": [[0.9999989520034716, -0.0014390675997419194, 0.00015835530293982557, -0.013193696146384238], [-0.00015740551900519245, 0.0006600888203049937, 0.9999997697530996, 0.03140221532929913], [-0.0014391717969661716, -0.9999987466828111, 0.0006598616113517863, 0.031696033203585744], [0.0, 0.0, 0.0, 1.0]]}, "Hobj2base": {"type": "ndarray", "data": [[0.9999988040757891, -0.0015434424173030798, 9.814527967281082e-05, -0.7355955535276075], [-0.001543612951152118, -0.9999972564780786, 0.0017619010676847295, 0.09123607292665024], [9.542561756612839e-05, -0.001762050458909383, -0.9999984430348536, -0.0027056715635598774], [0.0, 0.0, 0.0, 1.0]]}, "mean_rme": {"type": "float", "data": 0.0019429081894952343}, "max_rme": {"type": "float", "data": 0.00540867960967123}, "simu": {"type": "float", "data": 0.002}}, {"type": "dict", "image_number": {"type": "int", "data": 20}, "Hcamera2end": {"type": "ndarray", "data": [[0.9999991776554525, -0.001272844703634967, 0.00015669964635273777, -0.013009730015827427], [-0.00015618779700905295, 0.00040221968603360025, 0.9999999069123435, 0.03130301539896901], [-0.0012729076128313943, -0.9999991090424452, 0.00040202055246030266, 0.03181421976758988], [0.0, 0.0, 0.0, 1.0]]}, "Hobj2base": {"type": "ndarray", "data": [[0.9999990288067359, -0.0013660158122916727, 0.00027638087051445415, -0.7354766507706383], [-0.0013664632055841097, -0.9999977459189566, 0.0016250954781607892, 0.09135222921632188], [0.0002741603414099219, -0.0016254715641692927, -0.9999986413382274, -0.0027508309921286667], [0.0, 0.0, 0.0, 1.0]]}, "mean_rme": {"type": "float", "data": 0.0018816176925533828}, "max_rme": {"type": "float", "data": 0.005436384511502218}, "simu": {"type": "float", "data": 0.002}}, {"type": "dict", "image_number": {"type": "int", "data": 21}, "Hcamera2end": {"type": "ndarray", "data": [[0.9999990514900325, -0.0013652819752184725, 0.00018172551686529686, -0.012981113784037306], [-0.0001813486824255241, 0.00027613089551092873, 0.9999999454321905, 0.031291827309776074], [-0.001365332080747735, -0.9999990298779579, 0.0002758830415107161, 0.03193773289535786], [0.0, 0.0, 0.0, 1.0]]}, "Hobj2base": {"type": "ndarray", "data": [[0.9999988944292675, -0.0014614127325754242, 0.00027461439846317506, -0.7353401981055211], [-0.0014618525685222265, -0.9999976381229716, 0.0016083331574029312, 0.09136349428937315], [0.00027226331130328395, -0.0016087328250406106, -0.9999986689248073, -0.00265437337238372], [0.0, 0.0, 0.0, 1.0]]}, "mean_rme": {"type": "float", "data": 0.0018855641986496748}, "max_rme": {"type": "float", "data": 0.005488387338584311}, "simu": {"type": "float", "data": 0.002}}, {"type": "dict", "image_number": {"type": "int", "data": 22}, "Hcamera2end": {"type": "ndarray", "data": [[0.9999991572105161, -0.0012913815763240088, 0.00013383527823210793, -0.013147660828290282], [-0.00013374961907775603, 6.641753794300875e-05, 0.9999999888498748, 0.031214417499968377], [-0.0012913904509346125, -0.9999991639608178, 6.624476017302872e-05, 0.03208043388413594], [0.0, 0.0, 0.0, 1.0]]}, "Hobj2base": {"type": "ndarray", "data": [[0.9999989603777649, -0.0013770035079313438, 0.0004279073830964823, -0.735466976319983], [-0.0013776426404762292, -0.9999979306400091, 0.00149693568803479, 0.09118876884412516], [0.0004258452119084925, -0.0014975236352442925, -0.999998788038674, -0.0027845585225303375], [0.0, 0.0, 0.0, 1.0]]}, "mean_rme": {"type": "float", "data": 0.0018787139929730852}, "max_rme": {"type": "float", "data": 0.005448621530767472}, "simu": {"type": "float", "data": 0.002}}, {"type": "dict", "image_number": {"type": "int", "data": 23}, "Hcamera2end": {"type": "ndarray", "data": [[0.9999986750328939, -0.0016072557980780847, 0.0002581884123842483, -0.013070875346825443], [-0.00025804812623887285, 8.748978628247972e-05, 0.99999996287835, 0.03145143140088464], [-0.0016072783272631178, -0.999998704536329, 8.707492101422964e-05, 0.03212057937784311], [0.0, 0.0, 0.0, 1.0]]}, "Hobj2base": {"type": "ndarray", "data": [[0.9999985224821482, -0.0016708596135511912, 0.0004040565213315201, -0.7354135266076295], [-0.0016714681258971711, -0.9999974624561823, 0.0015103891887641595, 0.09136343156442865], [0.0004015318477241418, -0.0015110623247336365, -0.9999987777306665, -0.002929773461300807], [0.0, 0.0, 0.0, 1.0]]}, "mean_rme": {"type": "float", "data": 0.001861974988760421}, "max_rme": {"type": "float", "data": 0.005493000976789453}, "simu": {"type": "float", "data": 0.002}}, {"type": "dict", "image_number": {"type": "int", "data": 24}, "Hcamera2end": {"type": "ndarray", "data": [[0.9999982370784624, -0.0018532414494964937, 0.0003022186248554207, -0.013044994130327522], [-0.000302012385870494, 0.00011156438650705702, 0.999999948170952, 0.031544701150707316], [-0.0018532750702802262, -0.9999982765232737, 0.00011100448795597906, 0.03216296216416558], [0.0, 0.0, 0.0, 1.0]]}, "Hobj2base": {"type": "ndarray", "data": [[0.9999981013616758, -0.001907039038157093, 0.00040059349799430083, -0.7353518652927167], [-0.0019076398784356576, -0.9999970481090599, 0.0015048864613647212, 0.09144896302127294], [0.0003977224382561667, -0.001505647792261428, -0.9999987874200591, -0.00299273452230654], [0.0, 0.0, 0.0, 1.0]]}, "mean_rme": {"type": "float", "data": 0.0018256719483582874}, "max_rme": {"type": "float", "data": 0.0055110453564484185}, "simu": {"type": "float", "data": 0.002}}, {"type": "dict", "image_number": {"type": "int", "data": 25}, "Hcamera2end": {"type": "ndarray", "data": [[0.999999025556293, -0.0013751196545127374, 0.00024069150419032753, -0.013125238382935226], [-0.00024057596959277654, 8.418264318155178e-05, 0.999999967518242, 0.03217028314554864], [-0.0013751398718934477, -0.9999990509791588, 8.385174040603793e-05, 0.03211342517184532], [0.0, 0.0, 0.0, 1.0]]}, "Hobj2base": {"type": "ndarray", "data": [[0.9999988730794671, -0.0014400442620395154, 0.0004243964176244154, -0.7354402630640904], [-0.0014406819503566288, -0.9999978280145236, 0.0015061214273269373, 0.09139710999565111], [0.000422226614322203, -0.0015067311503064434, -0.9999987757422144, -0.003637071717521356], [0.0, 0.0, 0.0, 1.0]]}, "mean_rme": {"type": "float", "data": 0.0018986972987458572}, "max_rme": {"type": "float", "data": 0.005354533996860866}, "simu": {"type": "float", "data": 0.002}}, {"type": "dict", "image_number": {"type": "int", "data": 26}, "Hcamera2end": {"type": "ndarray", "data": [[0.9999986049231232, -0.0016267589624955653, 0.00037921904654688373, -0.012932459423354232], [-0.0003790956424589378, 7.616654275599544e-05, 0.9999999252425731, 0.03168575797401001], [-0.0016267877246869738, -0.9999986739260887, 7.554973926382491e-05, 0.03216160829013138], [0.0, 0.0, 0.0, 1.0]]}, "Hobj2base": {"type": "ndarray", "data": [[0.9999984473847298, -0.0016978902195742892, 0.0004715897923387519, -0.7353444462800874], [-0.001698681435679193, -0.9999971418990468, 0.0016824610301419238, 0.09165248867503409], [0.00046873181035962403, -0.0016832594987527382, -0.9999984734628098, -0.0030283816660634146], [0.0, 0.0, 0.0, 1.0]]}, "mean_rme": {"type": "float", "data": 0.0019067072868581751}, "max_rme": {"type": "float", "data": 0.005421797331417649}, "simu": {"type": "float", "data": 0.002}}, {"type": "dict", "image_number": {"type": "int", "data": 27}, "Hcamera2end": {"type": "ndarray", "data": [[0.9999971009178893, -0.0023971839646002953, 0.00022729904672259154, -0.012985047716889655], [-0.00022691934588114286, 0.00015866533053165988, 0.9999999616664608, 0.0309327601035297], [-0.0023972199371861272, -0.9999971141630122, 0.00015812090313060967, 0.03227278251558285], [0.0, 0.0, 0.0, 1.0]]}, "Hobj2base": {"type": "ndarray", "data": [[0.9999968828383529, -0.0024561751713327697, 0.00044890656624777697, -0.735162915947037], [-0.00245690435849278, -0.9999956515661217, 0.001631094669474645, 0.09161298204898072], [0.00044489835997799934, -0.0016321925055880686, -0.9999985690055131, -0.002393859925165498], [0.0, 0.0, 0.0, 1.0]]}, "mean_rme": {"type": "float", "data": 0.0019627454512601505}, "max_rme": {"type": "float", "data": 0.005913183799332811}, "simu": {"type": "float", "data": 0.002}}, {"type": "dict", "image_number": {"type": "int", "data": 28}, "Hcamera2end": {"type": "ndarray", "data": [[0.9999979929687567, -0.0019871968969304215, 0.00025516063810090495, -0.013022926571963373], [-0.00025485001905841667, 0.00015656179896783584, 0.9999999552699345, 0.030933923469237602], [-0.001987236756451501, -0.9999980132664744, 0.00015605504757643107, 0.032236722601224815], [0.0, 0.0, 0.0, 1.0]]}, "Hobj2base": {"type": "ndarray", "data": [[0.999997785870136, -0.0020496574937331354, 0.00047661198470148625, -0.7352267123164598], [-0.0020504059248931407, -0.9999966573395078, 0.0015751651830791982, 0.09147293688838873], [0.00047338184242806913, -0.0015761389434962327, -0.9999986458469141, -0.002404918059081242], [0.0, 0.0, 0.0, 1.0]]}, "mean_rme": {"type": "float", "data": 0.001917370275028099}, "max_rme": {"type": "float", "data": 0.005969224800596362}, "simu": {"type": "float", "data": 0.002}}, {"type": "dict", "image_number": {"type": "int", "data": 29}, "Hcamera2end": {"type": "ndarray", "data": [[0.9999983590185212, -0.0017819107896612984, 0.00032673261622566884, -0.01293992211812213], [-0.00032650874309599423, 0.0001259260110376692, 0.9999999387673384, 0.030858642221329956], [-0.001781951824685195, -0.9999984044670158, 0.00012534399494312787, 0.03219041548927515], [0.0, 0.0, 0.0, 1.0]]}, "Hobj2base": {"type": "ndarray", "data": [[0.9999982043560122, -0.0018369019996176542, 0.0004659139352247968, -0.7353013018215827], [-0.0018376786732197806, -0.99999691354546, 0.0016720755510483624, 0.09155406684826724], [0.00046284105827938346, -0.0016729287486982704, -0.9999984935426438, -0.0022460533405618574], [0.0, 0.0, 0.0, 1.0]]}, "mean_rme": {"type": "float", "data": 0.0019201119843082165}, "max_rme": {"type": "float", "data": 0.006086930968922766}, "simu": {"type": "float", "data": 0.002}}, {"type": "dict", "image_number": {"type": "int", "data": 30}, "Hcamera2end": {"type": "ndarray", "data": [[0.9999983319179216, -0.0018067893766146696, 0.00026771911168099586, -0.013038040863790748], [-0.0002673999012934641, 0.00017691197204039444, 0.9999999485997221, 0.031113342105642445], [-0.0018068366464611939, -0.9999983521057935, 0.000176428541635687, 0.03222937725028741], [0.0, 0.0, 0.0, 1.0]]}, "Hobj2base": {"type": "ndarray", "data": [[0.9999981659152117, -0.001854195840627468, 0.00047971241093427026, -0.7352541588182626], [-0.001854946775509547, -0.9999970475945845, 0.0015697052506720634, 0.09145593084903635], [0.0004768004536819432, -0.0015705922126893754, -0.9999986529498068, -0.0025700208239435103], [0.0, 0.0, 0.0, 1.0]]}, "mean_rme": {"type": "float", "data": 0.0019401576081382328}, "max_rme": {"type": "float", "data": 0.005972260770686633}, "simu": {"type": "float", "data": 0.002}}]}