{"type": "list", "data": [{"type": "dict", "image_number": {"type": "int", "data": 5}, "Hcamera2end": {"type": "ndarray", "data": [[0.9999990309898593, 0.0012907444558548258, -0.000521534363165405, -0.018274051014616467], [0.0005196728939322051, 0.0014420825733140186, 0.9999988251682773, 0.025952746528565863], [0.0012914950350637984, -0.9999981271865469, 0.001441410411014643, 0.03531776845682043], [0.0, 0.0, 0.0, 1.0]]}, "Hobj2base": {"type": "ndarray", "data": [[0.9999976074672274, 0.0019094972363544352, 0.0010671832669554276, -0.7379499964102422], [0.0019097606575794348, -0.9999981461785448, -0.00024587335194391663, 0.08783361601907207], [0.00106671179410216, 0.00024791082830152275, -0.9999994003329054, -4.177941690493014e-05], [0.0, 0.0, 0.0, 1.0]]}, "mean_rme": {"type": "float", "data": 0.0009761594071986637}, "max_rme": {"type": "float", "data": 0.0031972605351220373}, "simu": {"type": "float", "data": 0.002}}, {"type": "dict", "image_number": {"type": "int", "data": 6}, "Hcamera2end": {"type": "ndarray", "data": [[0.9999988352327701, 0.0013606419069116405, -0.0006915104513663542, -0.017441215516229614], [0.0006923314382979094, -0.0006030036059179178, 0.9999995785318267, 0.025955521510378457], [0.0013602243501486776, -0.9999988925195131, -0.0006039449187276169, 0.035417748443884345], [0.0, 0.0, 0.0, 1.0]]}, "Hobj2base": {"type": "ndarray", "data": [[0.9999917274052708, 0.003028830015645089, 0.002715015609350721, -0.7372968595944354], [0.003028834928352251, -0.999995413066318, 2.302224070379704e-06, 0.08830073696948369], [0.002715010128799543, 5.92112908361004e-06, -0.999996314335678, -0.0009909535907523896], [0.0, 0.0, 0.0, 1.0]]}, "mean_rme": {"type": "float", "data": 0.0010317763506883953}, "max_rme": {"type": "float", "data": 0.003353940268317701}, "simu": {"type": "float", "data": 0.002}}, {"type": "dict", "image_number": {"type": "int", "data": 7}, "Hcamera2end": {"type": "ndarray", "data": [[0.9999985021824314, 0.001366014384010663, -0.0010628441073192772, -0.01682854263103495], [0.0010641128157037139, -0.0009283755163416174, 0.9999990028909109, 0.025854389839906438], [0.0013650263034983817, -0.9999986360608715, -0.0009298277192169024, 0.03573287646817627], [0.0, 0.0, 0.0, 1.0]]}, "Hobj2base": {"type": "ndarray", "data": [[0.9999903866594448, 0.003220529775694359, 0.002975697675806396, -0.7374968281945715], [0.003221446115238359, -0.9999947651638352, -0.000303199360099039, 0.0884744288001309], [0.002974705635949418, 0.0003127824950581846, -0.9999955266367393, -0.0015259720435293492], [0.0, 0.0, 0.0, 1.0]]}, "mean_rme": {"type": "float", "data": 0.0010794418998711528}, "max_rme": {"type": "float", "data": 0.0033565731177851443}, "simu": {"type": "float", "data": 0.002}}, {"type": "dict", "image_number": {"type": "int", "data": 8}, "Hcamera2end": {"type": "ndarray", "data": [[0.9999995029000768, 0.0007129989054068333, -0.0006970166139840393, -0.014894737160776422], [0.0006964769254069014, 0.0007568960900414812, 0.9999994710139607, 0.02567859780984926], [0.0007135260973901848, -0.9999994593702887, 0.000756399126503049, 0.03376113028667883], [0.0, 0.0, 0.0, 1.0]]}, "Hobj2base": {"type": "ndarray", "data": [[0.999996193793983, 0.0019115905774492279, 0.001989527333553716, -0.7356435196198008], [0.001910179864526593, -0.9999979230370069, 0.0007107281885467737, 0.08989527076512405], [0.0019908818226874237, -0.0007069251283163864, -0.9999977683207255, -0.0017696917875311483], [0.0, 0.0, 0.0, 1.0]]}, "mean_rme": {"type": "float", "data": 0.001357998490053382}, "max_rme": {"type": "float", "data": 0.0030479060742056863}, "simu": {"type": "float", "data": 0.002}}, {"type": "dict", "image_number": {"type": "int", "data": 9}, "Hcamera2end": {"type": "ndarray", "data": [[0.9999993765235653, 0.0008653337301302783, -0.0007057974328903228, -0.015003181613190954], [0.0007049685254499677, 0.0009578360254351992, 0.9999992927845132, 0.025587924255961667], [0.000866009156360745, -0.9999991668734949, 0.000957225395203265, 0.03397754636482653], [0.0, 0.0, 0.0, 1.0]]}, "Hobj2base": {"type": "ndarray", "data": [[0.9999963250848768, 0.0019716270656697605, 0.0018607803350306092, -0.7358365205119828], [0.001970469134950685, -0.999997863991182, 0.0006239106203157456, 0.0896014084806695], [0.0018620064794529782, -0.0006202417172800704, -0.999998074114187, -0.0016691127818434515], [0.0, 0.0, 0.0, 1.0]]}, "mean_rme": {"type": "float", "data": 0.001374718638268326}, "max_rme": {"type": "float", "data": 0.0032023531183917875}, "simu": {"type": "float", "data": 0.002}}, {"type": "dict", "image_number": {"type": "int", "data": 10}, "Hcamera2end": {"type": "ndarray", "data": [[0.9999995311025816, 0.0005897515081856837, -0.0007681066173141098, -0.015652008021056873], [0.0007670150775579916, 0.0018488476284855837, 0.999997996723152, 0.02542489713623421], [0.0005911704388479865, -0.9999981169760297, 0.0018483944132668961, 0.03236863312910948], [0.0, 0.0, 0.0, 1.0]]}, "Hobj2base": {"type": "ndarray", "data": [[0.9999984757080908, 0.0012907386780923408, 0.001175829562406928, -0.7350130968808193], [0.0012897438851736138, -0.999998810082555, 0.0008464007235783472, 0.08872190629461416], [0.0011769206454179072, -0.0008448829144284515, -0.9999989505147768, -0.0011636665483331422], [0.0, 0.0, 0.0, 1.0]]}, "mean_rme": {"type": "float", "data": 0.0014892092496529717}, "max_rme": {"type": "float", "data": 0.004009188301934835}, "simu": {"type": "float", "data": 0.002}}, {"type": "dict", "image_number": {"type": "int", "data": 11}, "Hcamera2end": {"type": "ndarray", "data": [[0.9999993284886358, -0.0007507444030292555, -0.0008828392372381851, -0.015734199914333502], [0.0008845190922202941, 0.002240205378692406, 0.999997099548712, 0.024659502513262294], [-0.0007487644843239033, -0.9999972089274562, 0.0022408679221268546, 0.03232867296888479], [0.0, 0.0, 0.0, 1.0]]}, "Hobj2base": {"type": "ndarray", "data": [[0.99999870530453, -0.00013354305183718235, 0.0016036070332978302, -0.7350720498751677], [-0.00013472142495435927, -0.9999997210028082, 0.0007347410728623332, 0.08938344482138416], [0.0016035084663307904, -0.0007349561618209872, -0.9999984442988095, -0.000549069355686554], [0.0, 0.0, 0.0, 1.0]]}, "mean_rme": {"type": "float", "data": 0.0013601600092924227}, "max_rme": {"type": "float", "data": 0.004064922932528775}, "simu": {"type": "float", "data": 0.002}}, {"type": "dict", "image_number": {"type": "int", "data": 12}, "Hcamera2end": {"type": "ndarray", "data": [[0.9999981736569907, -0.0008471196708815582, -0.0017132048756999022, -0.015041500168392449], [0.00171501131042126, 0.0021363351154065624, 0.9999962473971988, 0.02479030324994157], [-0.000843456512242065, -0.9999973592267821, 0.0021377840335427, 0.032573167537697394], [0.0, 0.0, 0.0, 1.0]]}, "Hobj2base": {"type": "ndarray", "data": [[0.9999981794875913, -0.00011475679376692164, 0.0019046922012494563, -0.7353048742562666], [-0.00011469126743311343, -0.9999999928274248, -3.45117744163359e-05, 0.08956134350917778], [0.0019046961480484884, 3.4293260024591064e-05, -0.9999981854766313, -0.0006691443581662756], [0.0, 0.0, 0.0, 1.0]]}, "mean_rme": {"type": "float", "data": 0.0013665459962701242}, "max_rme": {"type": "float", "data": 0.0044067284620029346}, "simu": {"type": "float", "data": 0.002}}, {"type": "dict", "image_number": {"type": "int", "data": 13}, "Hcamera2end": {"type": "ndarray", "data": [[0.999998804654302, 0.0003904658205317182, -0.0014960703225969617, -0.014872794083723346], [0.0014952671939958205, 0.0020490977350742234, 0.9999967826820696, 0.024620856636886478], [0.0003935301585885777, -0.9999978243650908, 0.002048511434962208, 0.032685076545012966], [0.0, 0.0, 0.0, 1.0]]}, "Hobj2base": {"type": "ndarray", "data": [[0.9999987900286598, 0.0009018348383932308, 0.0012675311202279074, -0.7353711941416351], [0.0009015272532646995, -0.9999995640474015, 0.00024321516727263037, 0.08965517989276485], [0.0012677499075554944, -0.00024207215914000184, -0.9999991671052737, -0.0006063269212466035], [0.0, 0.0, 0.0, 1.0]]}, "mean_rme": {"type": "float", "data": 0.001353027028460587}, "max_rme": {"type": "float", "data": 0.004661270426251113}, "simu": {"type": "float", "data": 0.002}}, {"type": "dict", "image_number": {"type": "int", "data": 14}, "Hcamera2end": {"type": "ndarray", "data": [[0.999998162239402, 0.001169631663811051, -0.0015190390349386778, -0.014699088817712692], [0.0015169112886988763, 0.0018179024330281512, 0.999997197101515, 0.024562193840241872], [0.0011723898502097121, -0.999997663593528, 0.0018161248646841877, 0.03279373783135953], [0.0, 0.0, 0.0, 1.0]]}, "Hobj2base": {"type": "ndarray", "data": [[0.9999985420662547, 0.0015473201122793363, 0.0007222643804186777, -0.7355017476568017], [0.0015472434695065413, -0.9999987973297868, 0.00010666126911502263, 0.0895457202387833], [0.0007224285508997241, -0.00010554359476409908, -0.9999997334787338, -0.0005841444381043472], [0.0, 0.0, 0.0, 1.0]]}, "mean_rme": {"type": "float", "data": 0.0013490533111312787}, "max_rme": {"type": "float", "data": 0.0046399016485922095}, "simu": {"type": "float", "data": 0.002}}, {"type": "dict", "image_number": {"type": "int", "data": 15}, "Hcamera2end": {"type": "ndarray", "data": [[0.9999977717169954, 0.0011867742444894957, -0.0017458888671692142, -0.01427059730058114], [0.0017433550745766736, 0.0021327169677521907, 0.9999962061085127, 0.02437757828762977], [0.0011904932288076134, -0.9999970215381783, 0.002130643246553654, 0.032474843368601895], [0.0, 0.0, 0.0, 1.0]]}, "Hobj2base": {"type": "ndarray", "data": [[0.9999989039130677, 0.0014289630148850282, 0.0003876046507595543, -0.7351992031944966], [0.0014289072974678577, -0.9999989687453195, 0.00014398691780396878, 0.08983559824057635], [0.00038781000302061326, -0.00014343290886778697, -0.9999999145151974, -0.00034985865995545615], [0.0, 0.0, 0.0, 1.0]]}, "mean_rme": {"type": "float", "data": 0.001354912857163332}, "max_rme": {"type": "float", "data": 0.004639510748359027}, "simu": {"type": "float", "data": 0.002}}, {"type": "dict", "image_number": {"type": "int", "data": 16}, "Hcamera2end": {"type": "ndarray", "data": [[0.9999979287429189, 0.001156425279151206, -0.0016748702772684527, -0.014583772647731977], [0.0016721126392571263, 0.002381485853904297, 0.9999957662732623, 0.02419565563566385], [0.001160409063035021, -0.9999964955967101, 0.0023795472479092306, 0.032476848498830625], [0.0, 0.0, 0.0, 1.0]]}, "Hobj2base": {"type": "ndarray", "data": [[0.9999991104251282, 0.0013247420838165829, 0.00015558715737708093, -0.7354310126949044], [0.0013246960448364308, -0.9999990788894522, 0.00029563598522823026, 0.0895884746887647], [0.00015597865549523158, -0.00029542961654588183, -0.9999999441959988, -0.00031090601455681377], [0.0, 0.0, 0.0, 1.0]]}, "mean_rme": {"type": "float", "data": 0.0014343048819444328}, "max_rme": {"type": "float", "data": 0.0045089736318636164}, "simu": {"type": "float", "data": 0.002}}, {"type": "dict", "image_number": {"type": "int", "data": 17}, "Hcamera2end": {"type": "ndarray", "data": [[0.9999973216526783, 0.0017411266010205, -0.00152484937917682, -0.01473570527895483], [0.0015208249608436154, 0.0023103767967443956, 0.999996174617931, 0.024004632561405788], [0.001744642917170201, -0.9999958153098524, 0.0023077226599580447, 0.03261219742410182], [0.0, 0.0, 0.0, 1.0]]}, "Hobj2base": {"type": "ndarray", "data": [[0.999998278903722, 0.0018511182072430915, -0.00012470355504759438, -0.7354018878105129], [0.0018511269007778538, -0.9999982842386594, 6.96342954881489e-05, 0.08939307824716966], [-0.0001245744397738289, -6.986501774619336e-05, -0.9999999898000445, 2.1852083542008587e-05], [0.0, 0.0, 0.0, 1.0]]}, "mean_rme": {"type": "float", "data": 0.0014795590244249769}, "max_rme": {"type": "float", "data": 0.00446129512945434}, "simu": {"type": "float", "data": 0.002}}, {"type": "dict", "image_number": {"type": "int", "data": 18}, "Hcamera2end": {"type": "ndarray", "data": [[0.9999972223860254, 0.0018454765231320537, -0.0014660957119403265, -0.01458119136436833], [0.0014621876112743014, 0.002117235698618991, 0.9999966896547138, 0.02383424599657978], [0.0018485744841464566, -0.9999960557569211, 0.0021145313848465186, 0.03329266302894038], [0.0, 0.0, 0.0, 1.0]]}, "Hobj2base": {"type": "ndarray", "data": [[0.9999979517210943, 0.0020238854791266, -2.1004367647475053e-05, -0.7360166322370996], [0.002023889949197568, -0.9999979288151601, 0.0002150229359207022, 0.08945048094204898], [-2.056914234585814e-05, -0.0002150650060223293, -0.9999999766619763, 0.0002464784537060363], [0.0, 0.0, 0.0, 1.0]]}, "mean_rme": {"type": "float", "data": 0.0015120747055545045}, "max_rme": {"type": "float", "data": 0.004813286534834399}, "simu": {"type": "float", "data": 0.002}}, {"type": "dict", "image_number": {"type": "int", "data": 19}, "Hcamera2end": {"type": "ndarray", "data": [[0.9999976152468606, 0.0016171910819267872, -0.0014677171376686214, -0.014776400198086206], [0.0014644914253668661, 0.00199402095384682, 0.999996939567967, 0.023878666097528062], [0.0016201127913502281, -0.9999967042812891, 0.0019916478361264867, 0.03326268868258751], [0.0, 0.0, 0.0, 1.0]]}, "Hobj2base": {"type": "ndarray", "data": [[0.9999982404903525, 0.0018723392260794548, 0.00011559421166691371, -0.7357811307976312], [0.0018723058026182495, -0.9999982055949503, 0.00028857903769679595, 0.08938293234280609], [0.00011613432209618056, -0.00028836210222594203, -0.9999999516800575, 0.00016194211823097735], [0.0, 0.0, 0.0, 1.0]]}, "mean_rme": {"type": "float", "data": 0.001521021110664598}, "max_rme": {"type": "float", "data": 0.004714266881384238}, "simu": {"type": "float", "data": 0.002}}, {"type": "dict", "image_number": {"type": "int", "data": 20}, "Hcamera2end": {"type": "ndarray", "data": [[0.9999973809978278, 0.001729962863691577, -0.001498407813533834, -0.014859919963098388], [0.0014947816570740331, 0.002095482841346974, 0.9999966872842425, 0.02377354968002065], [0.001733097020678939, -0.9999963080832608, 0.0020928914365168083, 0.0330722601667687], [0.0, 0.0, 0.0, 1.0]]}, "Hobj2base": {"type": "ndarray", "data": [[0.9999981073884817, 0.0019451245872345977, -4.13496645140915e-05, -0.7357808298893398], [0.001945138365944539, -0.999998051823078, 0.000335837440526953, 0.08925958900776887], [-4.069633829474644e-05, -0.00033591723573601006, -0.9999999427517079, 0.0003509916377186201], [0.0, 0.0, 0.0, 1.0]]}, "mean_rme": {"type": "float", "data": 0.0015075171144952513}, "max_rme": {"type": "float", "data": 0.004519735071053382}, "simu": {"type": "float", "data": 0.002}}, {"type": "dict", "image_number": {"type": "int", "data": 21}, "Hcamera2end": {"type": "ndarray", "data": [[0.9999975948282706, 0.0015149377732324213, -0.0015859701186651202, -0.014612635382961776], [0.001582564987606178, 0.0022462639994346167, 0.9999962248859267, 0.023708898025922236], [0.0015184945617512497, -0.9999963296240582, 0.0022438611093056338, 0.03292521948269105], [0.0, 0.0, 0.0, 1.0]]}, "Hobj2base": {"type": "ndarray", "data": [[0.9999985573684769, 0.0016947620355313594, -0.00011420423835858003, -0.7356201641366347], [0.0016947997515787778, -0.9999985090561052, 0.0003309673224414974, 0.0894861948442587], [-0.00011364315723339279, -0.0003311603982924042, -0.9999999387090097, 0.0003548661982229394], [0.0, 0.0, 0.0, 1.0]]}, "mean_rme": {"type": "float", "data": 0.001474363077554025}, "max_rme": {"type": "float", "data": 0.004524103543939645}, "simu": {"type": "float", "data": 0.002}}, {"type": "dict", "image_number": {"type": "int", "data": 22}, "Hcamera2end": {"type": "ndarray", "data": [[0.9999980153924707, 0.0015589207898235983, -0.0012405551543322516, -0.015302681890607458], [0.0012368874971561996, 0.002351455727248042, 0.9999964703764118, 0.023830624073885788], [0.0015618323979426283, -0.9999960202030475, 0.00234952285089729, 0.03256262119321673], [0.0, 0.0, 0.0, 1.0]]}, "Hobj2base": {"type": "ndarray", "data": [[0.9999985814950991, 0.001656090240124746, -0.0003072017353318008, -0.735116467032724], [0.0016562674309961855, -0.9999984616722815, 0.0005774350763359797, 0.08912697959378864], [-0.00030624497816063057, -0.0005779430654704696, -0.9999997860978902, 0.00045939886608975267], [0.0, 0.0, 0.0, 1.0]]}, "mean_rme": {"type": "float", "data": 0.001511734099266322}, "max_rme": {"type": "float", "data": 0.005507579160573595}, "simu": {"type": "float", "data": 0.002}}, {"type": "dict", "image_number": {"type": "int", "data": 23}, "Hcamera2end": {"type": "ndarray", "data": [[0.99999819714235, 0.001514588109685984, -0.0011453099613359546, -0.015327010206968214], [0.001141658150990065, 0.002409761963062529, 0.9999964448256541, 0.023938868676067336], [0.0015173426494419356, -0.9999959495268663, 0.0024080284767439286, 0.03259552801559293], [0.0, 0.0, 0.0, 1.0]]}, "Hobj2base": {"type": "ndarray", "data": [[0.9999987040293135, 0.0015569893756696815, -0.0004095409351674393, -0.7351476128140924], [0.0015572428476348216, -0.9999985957126092, 0.0006193282840018442, 0.08921348231920226], [-0.0004085760724960254, -0.000619965236062646, -0.9999997243543117, 0.0005665228922836183], [0.0, 0.0, 0.0, 1.0]]}, "mean_rme": {"type": "float", "data": 0.0015319781416456499}, "max_rme": {"type": "float", "data": 0.005529279566246992}, "simu": {"type": "float", "data": 0.002}}, {"type": "dict", "image_number": {"type": "int", "data": 24}, "Hcamera2end": {"type": "ndarray", "data": [[0.9999983626549924, 0.0012981137406159516, -0.0012607886622021307, -0.014799115723036157], [0.0012575972584137364, 0.0024563812249772665, 0.9999961923129576, 0.023945978465630777], [0.0013012057754035794, -0.9999961405385495, 0.002454744698752398, 0.032599199461046606], [0.0, 0.0, 0.0, 1.0]]}, "Hobj2base": {"type": "ndarray", "data": [[0.9999990354321128, 0.0013310366305772706, -0.0003968328768177392, -0.7349340230952174], [0.0013312606954701569, -0.9999989543134282, 0.0005649044265152037, 0.08968669048561279], [-0.00039608055337046164, -0.0005654321696381123, -0.9999997617033001, 0.00042807196571499384], [0.0, 0.0, 0.0, 1.0]]}, "mean_rme": {"type": "float", "data": 0.0015739665853569413}, "max_rme": {"type": "float", "data": 0.005748275529689928}, "simu": {"type": "float", "data": 0.002}}, {"type": "dict", "image_number": {"type": "int", "data": 25}, "Hcamera2end": {"type": "ndarray", "data": [[0.9999981698751982, 0.0013295948509234067, -0.0013756539487261566, -0.014699278201467157], [0.0013724904002257155, 0.0023773236392142794, 0.99999623229411, 0.023805338021312364], [0.001332860216052741, -0.9999962902480424, 0.0023754944322462723, 0.03267299115923114], [0.0, 0.0, 0.0, 1.0]]}, "Hobj2base": {"type": "ndarray", "data": [[0.9999989481272376, 0.0014138316459593498, -0.0003237661121224051, -0.7350163224362606], [0.0014140150832096686, -0.9999988395088082, 0.0005670470709089795, 0.08967414150468203], [-0.00032296402730108416, -0.0005675042846135838, -0.9999997868165389, 0.00045191631616062764], [0.0, 0.0, 0.0, 1.0]]}, "mean_rme": {"type": "float", "data": 0.0015804822917365336}, "max_rme": {"type": "float", "data": 0.0058512580335256525}, "simu": {"type": "float", "data": 0.002}}, {"type": "dict", "image_number": {"type": "int", "data": 26}, "Hcamera2end": {"type": "ndarray", "data": [[0.9999977091759842, 0.0015721391527445002, -0.001452591225428797, -0.014601418862876966], [0.0014490650869251871, 0.002241711962939763, 0.9999964374625786, 0.023851610470355302], [0.001575389843067242, -0.9999962515459543, 0.0022394286956141096, 0.032544624095447665], [0.0, 0.0, 0.0, 1.0]]}, "Hobj2base": {"type": "ndarray", "data": [[0.9999985435682812, 0.0016753604890876455, -0.00032562025120463895, -0.7350018592555134], [0.001675561684674493, -0.9999984049143547, 0.0006185966271597218, 0.08975174877848059], [-0.00032458335946462417, -0.0006191413230326455, -0.9999997556548026, 0.00031172908674076194], [0.0, 0.0, 0.0, 1.0]]}, "mean_rme": {"type": "float", "data": 0.0016160383068674782}, "max_rme": {"type": "float", "data": 0.005951887404381351}, "simu": {"type": "float", "data": 0.002}}, {"type": "dict", "image_number": {"type": "int", "data": 27}, "Hcamera2end": {"type": "ndarray", "data": [[0.999997462309399, 0.0015894292088876267, -0.0015965868445185151, -0.0146100664807015], [0.0015930856760737956, 0.0022016178772644723, 0.9999963074715581, 0.02375872492488885], [0.0015929384140145634, -0.9999963132899601, 0.0021990801933337023, 0.032533651924883715], [0.0, 0.0, 0.0, 1.0]]}, "Hobj2base": {"type": "ndarray", "data": [[0.9999984766022335, 0.001719632302441035, -0.00029942938516626876, -0.7349912366978644], [0.0017198048047459835, -0.9999983547839804, 0.0005768021888200478, 0.08966060399072509], [-0.0002984370048642341, -0.0005773162702161727, -0.9999997888206162, 0.0002399337016066378], [0.0, 0.0, 0.0, 1.0]]}, "mean_rme": {"type": "float", "data": 0.0016362020572566554}, "max_rme": {"type": "float", "data": 0.005892617566862379}, "simu": {"type": "float", "data": 0.002}}, {"type": "dict", "image_number": {"type": "int", "data": 28}, "Hcamera2end": {"type": "ndarray", "data": [[0.9999986370646158, 0.00056751730818146, -0.0015504170457297857, -0.014532421466390959], [0.0015491422392926138, 0.0022398756072248283, 0.9999962915509171, 0.024122946437293714], [0.0005709879448941746, -0.9999973304371212, 0.0022389933893854908, 0.03252113970771126], [0.0, 0.0, 0.0, 1.0]]}, "Hobj2base": {"type": "ndarray", "data": [[0.9999996726462518, 0.0007886121370371509, 0.00018110297242556703, -0.7349053544109081], [0.0007885067797613571, -0.9999995202957175, 0.0005810898320168756, 0.08973395502918483], [0.000181561140043933, -0.0005809468408733484, -0.999999814768143, -0.0002405521422167513], [0.0, 0.0, 0.0, 1.0]]}, "mean_rme": {"type": "float", "data": 0.001619966181591848}, "max_rme": {"type": "float", "data": 0.006034191900592123}, "simu": {"type": "float", "data": 0.002}}, {"type": "dict", "image_number": {"type": "int", "data": 29}, "Hcamera2end": {"type": "ndarray", "data": [[0.9999987049710922, 0.0005436986932872117, -0.001514743499554409, -0.014518641191977603], [0.0015135210169222324, 0.0022418689100331957, 0.999996341632269, 0.024195225002521054], [0.0005470925605957829, -0.9999973392042207, 0.002241043107348961, 0.0325420316774278], [0.0, 0.0, 0.0, 1.0]]}, "Hobj2base": {"type": "ndarray", "data": [[0.9999996843124778, 0.000769456360738346, 0.00019827217065682693, -0.7348883424198213], [0.0007693258300241606, -0.9999994878640177, 0.0006575784893528994, 0.0898361425182764], [0.00019877804706583136, -0.0006574257458613142, -0.9999997641393106, -0.00024143302620052996], [0.0, 0.0, 0.0, 1.0]]}, "mean_rme": {"type": "float", "data": 0.0016243145215472255}, "max_rme": {"type": "float", "data": 0.00603485563920475}, "simu": {"type": "float", "data": 0.002}}, {"type": "dict", "image_number": {"type": "int", "data": 30}, "Hcamera2end": {"type": "ndarray", "data": [[0.9999986010957308, 0.0006044942753018691, -0.0015596131740458952, -0.014445273259181123], [0.0015582854179992402, 0.0021907564721169726, 0.999996386159788, 0.02415629928026946], [0.0006079088234111892, -0.9999974175830411, 0.0021898114328439133, 0.032556717184712675], [0.0, 0.0, 0.0, 1.0]]}, "Hobj2base": {"type": "ndarray", "data": [[0.9999996059064403, 0.0008594001871309132, 0.0002227516159484257, -0.7349328545169524], [0.0008592504805276942, -0.9999994055187549, 0.0006713052579621014, 0.08986310460728214], [0.00022332840339108222, -0.0006711135939719806, -0.9999997498654531, -0.00023626323484129592], [0.0, 0.0, 0.0, 1.0]]}, "mean_rme": {"type": "float", "data": 0.0015887951820722365}, "max_rme": {"type": "float", "data": 0.006121847491998067}, "simu": {"type": "float", "data": 0.002}}]}