{"type": "list", "data": [{"type": "dict", "image_number": {"type": "int", "data": 5}, "Hcamera2end": {"type": "ndarray", "data": [[0.9999865124724233, 0.0035967276458205694, -0.003746788422342735, -0.008364301361384502], [0.00375009315242497, -0.0009125118366899443, 0.999992552034012, 0.020929320117487663], [0.0035932818687304346, -0.9999931154124961, -0.0009259875928770978, 0.02934749304908563], [0.0, 0.0, 0.0, 1.0]]}, "Hobj2base": {"type": "ndarray", "data": [[0.9999858103119021, 0.00480150456871632, 0.002307537372417421, -0.7289803217567958], [0.004803270457478704, -0.9999881751694477, -0.0007603382080116939, 0.0974313538774849], [0.002303859318799461, 0.0007714111451401338, -0.9999970485741867, 0.004092812000208945], [0.0, 0.0, 0.0, 1.0]]}, "mean_rme": {"type": "float", "data": 0.0012393282537045559}, "max_rme": {"type": "float", "data": 0.003081057238385587}, "simu": {"type": "float", "data": 0.002}}, {"type": "dict", "image_number": {"type": "int", "data": 6}, "Hcamera2end": {"type": "ndarray", "data": [[0.9999952121942944, 0.0027760357179031276, -0.0013671920790373244, -0.010283681750039296], [0.0013656693794991495, 0.000550337339997653, 0.9999989160373917, 0.02072936194378243], [0.0027767851256362535, -0.9999959953692341, 0.0005465435581131217, 0.03200580186687905], [0.0, 0.0, 0.0, 1.0]]}, "Hobj2base": {"type": "ndarray", "data": [[0.9999940741149939, 0.0032973639057161624, 0.0009895080441859536, -0.7322489156239184], [0.0032959634015883627, -0.9999935690709758, 0.0014136626001942775, 0.09674824124007304], [0.0009941630407626937, -0.0014103928406930572, -0.9999985112148335, 0.00569562976188237], [0.0, 0.0, 0.0, 1.0]]}, "mean_rme": {"type": "float", "data": 0.001526613138851114}, "max_rme": {"type": "float", "data": 0.003625015134281928}, "simu": {"type": "float", "data": 0.002}}, {"type": "dict", "image_number": {"type": "int", "data": 7}, "Hcamera2end": {"type": "ndarray", "data": [[0.9999957041460139, 0.0026303505515997802, -0.001293423941876495, -0.012206717738833264], [0.0012897034160179962, 0.0014156647118058752, 0.9999981662775798, 0.020534003397498758], [0.0026321767828989206, -0.9999955385647473, 0.0014122662582252143, 0.03347453664191723], [0.0, 0.0, 0.0, 1.0]]}, "Hobj2base": {"type": "ndarray", "data": [[0.9999958706014936, 0.0028626217193188463, 0.00025333150770428777, -0.7341536753385987], [0.002862246939457198, -0.99999482682682, 0.0014676041892699402, 0.09517119979600148], [0.0002575313928040938, -0.0014668730316147983, -0.9999988909799307, 0.006941519834128084], [0.0, 0.0, 0.0, 1.0]]}, "mean_rme": {"type": "float", "data": 0.0015304878339445036}, "max_rme": {"type": "float", "data": 0.0036341511705632046}, "simu": {"type": "float", "data": 0.002}}, {"type": "dict", "image_number": {"type": "int", "data": 8}, "Hcamera2end": {"type": "ndarray", "data": [[0.9999932007524004, 0.0028053517212930324, -0.0023934182019169498, -0.013629557490181226], [0.002390179216931961, 0.0011573581498273144, 0.9999964737764948, 0.020687762598790668], [0.002808111871057786, -0.9999953952513145, 0.0011506449872823454, 0.03392264156237433], [0.0, 0.0, 0.0, 1.0]]}, "Hobj2base": {"type": "ndarray", "data": [[0.9999956948848949, 0.002934308481840161, 6.738662095157313e-06, -0.7352215306972225], [0.002934305587455896, -0.9999956167141966, 0.00039547833444151923, 0.09356889644111058], [7.899087988811187e-06, -0.0003954568585679301, -0.9999999217757356, 0.007743007211499411], [0.0, 0.0, 0.0, 1.0]]}, "mean_rme": {"type": "float", "data": 0.001579512196111835}, "max_rme": {"type": "float", "data": 0.004188779543978283}, "simu": {"type": "float", "data": 0.002}}, {"type": "dict", "image_number": {"type": "int", "data": 9}, "Hcamera2end": {"type": "ndarray", "data": [[0.9999926585123223, 0.0027538334659999164, -0.002664455422696015, -0.013812709095432675], [0.0026613467166134042, 0.0011319136020171428, 0.9999958179938815, 0.020824476446503433], [0.0027568378827864297, -0.9999955675765966, 0.0011245763864345948, 0.03374242897639843], [0.0, 0.0, 0.0, 1.0]]}, "Hobj2base": {"type": "ndarray", "data": [[0.9999959425655672, 0.0028457865224796597, -0.0001278728711958496, -0.735291050958345], [0.0028458141388570442, -0.999995927268289, 0.0002163070075891561, 0.09331239599834587], [-0.00012725678683703703, -0.00021667003236248086, -0.999999968429903, 0.007998599310680378], [0.0, 0.0, 0.0, 1.0]]}, "mean_rme": {"type": "float", "data": 0.0015548558453762466}, "max_rme": {"type": "float", "data": 0.004553765745794636}, "simu": {"type": "float", "data": 0.002}}, {"type": "dict", "image_number": {"type": "int", "data": 10}, "Hcamera2end": {"type": "ndarray", "data": [[0.9999921869511633, 0.0029541034522542055, -0.0026266536549569594, -0.01389258305763409], [0.0026235290603228976, 0.0010610915379909436, 0.9999959955819907, 0.020886086001002682], [0.002956878742755648, -0.999995073666636, 0.001053333071376783, 0.03401540219198009], [0.0, 0.0, 0.0, 1.0]]}, "Hobj2base": {"type": "ndarray", "data": [[0.9999955001801412, 0.002988446780771464, -0.0002623076586271309, -0.7355078316672583], [0.002988523355864569, -0.999995491715, 0.0002920236738591489, 0.09320552349613467], [-0.00026143377886139475, -0.0002928062723694514, -0.9999999229584298, 0.008264427390501561], [0.0, 0.0, 0.0, 1.0]]}, "mean_rme": {"type": "float", "data": 0.0014446783191462418}, "max_rme": {"type": "float", "data": 0.0049055721432340604}, "simu": {"type": "float", "data": 0.002}}, {"type": "dict", "image_number": {"type": "int", "data": 11}, "Hcamera2end": {"type": "ndarray", "data": [[0.9999926946818093, 0.0027702050341187104, -0.0026337325381895708, -0.01353762910364045], [0.0026300570827704965, 0.0013295881578041513, 0.9999956574881075, 0.020926443140024203], [0.0027736947840640057, -0.9999952790685565, 0.001322292647368939, 0.03363519399575212], [0.0, 0.0, 0.0, 1.0]]}, "Hobj2base": {"type": "ndarray", "data": [[0.9999962932678526, 0.002693607347816208, -0.0003974040901203308, -0.7353418901481196], [0.002693692055167487, -0.9999963493692197, 0.00021277063910003373, 0.09365438902037351], [-0.00039682951878784793, -0.00021384033465651395, -0.9999998983993166, 0.008101232370873094], [0.0, 0.0, 0.0, 1.0]]}, "mean_rme": {"type": "float", "data": 0.0013907995542402954}, "max_rme": {"type": "float", "data": 0.00472204366144563}, "simu": {"type": "float", "data": 0.002}}, {"type": "dict", "image_number": {"type": "int", "data": 12}, "Hcamera2end": {"type": "ndarray", "data": [[0.9999921114481182, 0.00278225156042591, -0.002834804717959778, -0.013508753751161624], [0.0028302089915112185, 0.0016543507273584224, 0.9999946265059304, 0.021003835436492337], [0.002786926371260726, -0.9999947610862395, 0.0016464633235439008, 0.03417651924107806], [0.0, 0.0, 0.0, 1.0]]}, "Hobj2base": {"type": "ndarray", "data": [[0.9999965126618736, 0.0025408448144689684, -0.0007202580926608202, -0.7359379184729327], [0.0025410372103314956, -0.9999967360933624, 0.0002663315952898984, 0.09408303692290503], [-0.0007195790345528289, -0.0002681608691160654, -0.9999997051478375, 0.007990642738678158], [0.0, 0.0, 0.0, 1.0]]}, "mean_rme": {"type": "float", "data": 0.0014541709204002379}, "max_rme": {"type": "float", "data": 0.0045980345512539045}, "simu": {"type": "float", "data": 0.002}}, {"type": "dict", "image_number": {"type": "int", "data": 13}, "Hcamera2end": {"type": "ndarray", "data": [[0.9999923638498154, 0.0024676414324063117, -0.0030303445050821466, -0.013257395141457472], [0.003026708474867277, 0.0014758877300008466, 0.999994330379536, 0.02082017463531735], [0.0024720998900886744, -0.9999958662420407, 0.0014684076286640702, 0.03401907873255439], [0.0, 0.0, 0.0, 1.0]]}, "Hobj2base": {"type": "ndarray", "data": [[0.9999971267683199, 0.0023564456073024848, -0.00044002182290349634, -0.7355669560701913], [0.002356461768852838, -0.9999972228843776, 3.621413944793582e-05, 0.09410523947391865], [-0.0004399352642621936, -3.725092999945611e-05, -0.9999999025346606, 0.00779290358051629], [0.0, 0.0, 0.0, 1.0]]}, "mean_rme": {"type": "float", "data": 0.001510896619237845}, "max_rme": {"type": "float", "data": 0.004891496518805223}, "simu": {"type": "float", "data": 0.002}}, {"type": "dict", "image_number": {"type": "int", "data": 14}, "Hcamera2end": {"type": "ndarray", "data": [[0.9999922495222097, 0.0024760613207233727, -0.003061048161465429, -0.01336963445369501], [0.0030576063647600985, 0.0013926220010245238, 0.9999943558077118, 0.020841686036285684], [0.0024803102283730135, -0.999995964854008, 0.0013850403866848549, 0.03410330628557323], [0.0, 0.0, 0.0, 1.0]]}, "Hobj2base": {"type": "ndarray", "data": [[0.9999970057923083, 0.0024143521956477404, -0.00039913643465245955, -0.7356692621061213], [0.002414333927657632, -0.9999970844223263, -4.624427730401171e-05, 0.09400502310341226], [-0.0003992469209116269, 4.528049020309518e-05, -0.9999999192757838, 0.007725752259137396], [0.0, 0.0, 0.0, 1.0]]}, "mean_rme": {"type": "float", "data": 0.0014580406846343799}, "max_rme": {"type": "float", "data": 0.0048583302656138375}, "simu": {"type": "float", "data": 0.002}}, {"type": "dict", "image_number": {"type": "int", "data": 15}, "Hcamera2end": {"type": "ndarray", "data": [[0.9999941123999124, 0.0018200742851266151, -0.002909036800731262, -0.013708317940595963], [0.0029062912701258007, 0.00150930247787473, 0.9999946377241646, 0.020884395297265726], [0.0018244551418378297, -0.9999972046639063, 0.001504003925699493, 0.033894874088708386], [0.0, 0.0, 0.0, 1.0]]}, "Hobj2base": {"type": "ndarray", "data": [[0.9999983427718295, 0.0018037537539301414, -0.000246831905718553, -0.7353113699435269], [0.0018037454305619323, -0.9999983726739503, -3.393925292344991e-05, 0.09409468125292825], [-0.0002468927220974291, 3.349397475630715e-05, -0.9999999689610681, 0.007720683833782105], [0.0, 0.0, 0.0, 1.0]]}, "mean_rme": {"type": "float", "data": 0.0014895874522404065}, "max_rme": {"type": "float", "data": 0.004766675340820772}, "simu": {"type": "float", "data": 0.002}}, {"type": "dict", "image_number": {"type": "int", "data": 16}, "Hcamera2end": {"type": "ndarray", "data": [[0.9999926522308593, 0.002195407677004402, -0.00314255778363, -0.01322598087077003], [0.003138781230108632, 0.0017215388222158179, 0.9999935921577062, 0.02080797899582129], [0.0022008036444038127, -0.9999961082370347, 0.0017146352683370392, 0.033866215407161976], [0.0, 0.0, 0.0, 1.0]]}, "Hobj2base": {"type": "ndarray", "data": [[0.999997645708016, 0.0020516590569859554, -0.0007065929091681725, -0.7353110665335844], [0.002051537148772081, -0.999997880594351, -0.00017321123939360018, 0.09438576618188342], [-0.0007069467820192428, 0.00017176123000155026, -0.9999997353621286, 0.007715444205043588], [0.0, 0.0, 0.0, 1.0]]}, "mean_rme": {"type": "float", "data": 0.001466644452163392}, "max_rme": {"type": "float", "data": 0.0046417206713892725}, "simu": {"type": "float", "data": 0.002}}, {"type": "dict", "image_number": {"type": "int", "data": 17}, "Hcamera2end": {"type": "ndarray", "data": [[0.9999953055885333, 0.0008238174917980859, -0.0029512921976575226, -0.01322817386735958], [0.002949768955479664, 0.001844135792052115, 0.9999939489948375, 0.02050041158918798], [0.0008292550904486944, -0.99999796024188, 0.0018416970636575547, 0.03380017338160007], [0.0, 0.0, 0.0, 1.0]]}, "Hobj2base": {"type": "ndarray", "data": [[0.9999996419594107, 0.0008458565562975731, -2.4652313049945118e-05, -0.7352001447195697], [0.0008458468062085479, -0.9999995650993718, -0.0003928667037086594, 0.09471927359575058], [-2.498461120572168e-05, 0.0003928457109661743, -0.9999999225240048, 0.00781464065065856], [0.0, 0.0, 0.0, 1.0]]}, "mean_rme": {"type": "float", "data": 0.0014412205510811603}, "max_rme": {"type": "float", "data": 0.004823048252595434}, "simu": {"type": "float", "data": 0.002}}, {"type": "dict", "image_number": {"type": "int", "data": 18}, "Hcamera2end": {"type": "ndarray", "data": [[0.9999938349640204, 0.0012028933485630675, -0.0032989515824811133, -0.013535522003889605], [0.0032962844359759784, 0.0022125576560569904, 0.9999921195177168, 0.0255782095648028], [0.0012101829897641257, -0.9999968288130769, 0.0022085789369364894, 0.033939202224330035], [0.0, 0.0, 0.0, 1.0]]}, "Hobj2base": {"type": "ndarray", "data": [[0.999999514065644, 0.0009171799729866204, -0.0003614545241308611, -0.7353414481805283], [0.0009169756312677626, -0.9999994199128732, -0.0005650925659787499, 0.09173902081362637], [-0.0003619726060401442, 0.0005647608463904183, -0.9999997750104839, 0.0038348408589730684], [0.0, 0.0, 0.0, 1.0]]}, "mean_rme": {"type": "float", "data": 0.0015363723797776766}, "max_rme": {"type": "float", "data": 0.005754281765675856}, "simu": {"type": "float", "data": 0.002}}, {"type": "dict", "image_number": {"type": "int", "data": 19}, "Hcamera2end": {"type": "ndarray", "data": [[0.9999933752357272, 0.0016345202263222036, -0.0032523573431877976, -0.013321656117758401], [0.003248978946019601, 0.0020653268377835987, 0.9999925892529713, 0.026316954286814055], [0.0016412252942132413, -0.9999965313783259, 0.002060002633678004, 0.03390745168072363], [0.0, 0.0, 0.0, 1.0]]}, "Hobj2base": {"type": "ndarray", "data": [[0.9999989373355286, 0.0013183258975899533, -0.0006223701803467646, -0.7354611563469922], [0.00131817948000475, -0.9999991034450753, -0.00023560964319671427, 0.091442561192748], [-0.0006226802326520626, 0.00023478899722201735, -0.9999997785717027, 0.0031155399258878842], [0.0, 0.0, 0.0, 1.0]]}, "mean_rme": {"type": "float", "data": 0.0015426248340728581}, "max_rme": {"type": "float", "data": 0.004974940440659881}, "simu": {"type": "float", "data": 0.002}}, {"type": "dict", "image_number": {"type": "int", "data": 20}, "Hcamera2end": {"type": "ndarray", "data": [[0.9999943716094072, 0.0014401732780663147, -0.0030302888370509046, -0.013542765835378771], [0.0030272297336257476, 0.0021215759756237906, 0.9999931673744175, 0.02648295529614676], [0.0014465924258974202, -0.9999967124027503, 0.0021172042991965956, 0.033560204960590215], [0.0, 0.0, 0.0, 1.0]]}, "Hobj2base": {"type": "ndarray", "data": [[0.9999991518629365, 0.0011149924527904058, -0.000673101209206906, -0.7351018388755561], [0.0011149519069869156, -0.9999993766041699, -6.060953883806784e-05, 0.09149060038434473], [-0.0006731683687767907, 5.985901195607112e-05, -0.9999997716305968, 0.0030185764617912973], [0.0, 0.0, 0.0, 1.0]]}, "mean_rme": {"type": "float", "data": 0.0015518606166853774}, "max_rme": {"type": "float", "data": 0.004960027794624955}, "simu": {"type": "float", "data": 0.002}}, {"type": "dict", "image_number": {"type": "int", "data": 21}, "Hcamera2end": {"type": "ndarray", "data": [[0.9999946035030616, 0.0014254756454014287, -0.0029598959338060817, -0.013500616167809955], [0.0029565132248048132, 0.0023693281339131067, 0.9999928226311152, 0.02647768806987978], [0.0014324783789463067, -0.9999961771443817, 0.002365100910243778, 0.0336427357023211], [0.0, 0.0, 0.0, 1.0]]}, "Hobj2base": {"type": "ndarray", "data": [[0.9999990856867295, 0.0010037143582192483, -0.0009061915869345006, -0.7353401214664634], [0.0010036241919288234, -0.9999994913741594, -9.994950691311857e-05, 0.09150989585831087], [-0.0009062914467772285, 9.903993972878816e-05, -0.9999995844133656, 0.0030816370656470984], [0.0, 0.0, 0.0, 1.0]]}, "mean_rme": {"type": "float", "data": 0.0015234111808342398}, "max_rme": {"type": "float", "data": 0.004975438118543063}, "simu": {"type": "float", "data": 0.002}}, {"type": "dict", "image_number": {"type": "int", "data": 22}, "Hcamera2end": {"type": "ndarray", "data": [[0.999995995785093, 0.0003343986963121092, -0.0028100874171890673, -0.013283359640602972], [0.00280931599503871, 0.0022854259116786846, 0.9999934422645191, 0.02707416512951638], [0.00034081875001123964, -0.9999973324993991, 0.0022844773287359343, 0.03356249046388555], [0.0, 0.0, 0.0, 1.0]]}, "Hobj2base": {"type": "ndarray", "data": [[0.9999999288965332, 0.00011737806170138615, -0.00035837036579650414, -0.7353122877108305], [0.00011736452601390226, -0.9999999923987077, -3.7790904539506755e-05, 0.09157899265667718], [-0.00035837479889555107, 3.7748841884323294e-05, -0.9999999350712621, 0.0022477310590982218], [0.0, 0.0, 0.0, 1.0]]}, "mean_rme": {"type": "float", "data": 0.0015875233157070744}, "max_rme": {"type": "float", "data": 0.004862696636029486}, "simu": {"type": "float", "data": 0.002}}, {"type": "dict", "image_number": {"type": "int", "data": 23}, "Hcamera2end": {"type": "ndarray", "data": [[0.9999962832811844, 0.00026474133596914593, -0.0027135467274813216, -0.013385519138906933], [0.002712916503495616, 0.002352531774500455, 0.9999935528183644, 0.027139346401804116], [0.0002711233340316583, -0.9999971977492111, 0.002351804809661906, 0.03344784280056032], [0.0, 0.0, 0.0, 1.0]]}, "Hobj2base": {"type": "ndarray", "data": [[0.9999999187877467, 3.4194922792283306e-05, -0.00040156594363751903, -0.7352162715631161], [3.417378326362853e-05, -0.9999999980300927, -5.264947627870051e-05, 0.09154325850246753], [-0.0004015677431912477, 5.263574897539399e-05, -0.9999999179864094, 0.0021166754007559936], [0.0, 0.0, 0.0, 1.0]]}, "mean_rme": {"type": "float", "data": 0.0015663677328014683}, "max_rme": {"type": "float", "data": 0.004893905050280582}, "simu": {"type": "float", "data": 0.002}}, {"type": "dict", "image_number": {"type": "int", "data": 24}, "Hcamera2end": {"type": "ndarray", "data": [[0.9999964261676172, 0.00019737509549870515, -0.0026662136195257044, -0.013474586923085856], [0.0026657442491379996, 0.002341309630411903, 0.9999937060185993, 0.027296167947817217], [0.0002036162848476561, -0.9999972396523333, 0.0023407751114380426, 0.0336467406992365], [0.0, 0.0, 0.0, 1.0]]}, "Hobj2base": {"type": "ndarray", "data": [[0.9999999335763601, -1.911343879741017e-05, -0.00036398070268114664, -0.7353953201180632], [-1.9119838829244954e-05, -0.9999999996626885, -1.757996571121684e-05, 0.09157793555052052], [-0.000363980366544773, 1.758692379586375e-05, -0.9999999336044945, 0.0019138400452342237], [0.0, 0.0, 0.0, 1.0]]}, "mean_rme": {"type": "float", "data": 0.0015731220831089502}, "max_rme": {"type": "float", "data": 0.004987410172112905}, "simu": {"type": "float", "data": 0.002}}, {"type": "dict", "image_number": {"type": "int", "data": 25}, "Hcamera2end": {"type": "ndarray", "data": [[0.9999962386772019, 0.00014736142128247455, -0.0027387800313796217, -0.0133956734879795], [0.002738458585300416, 0.002139035951110313, 0.9999939626666636, 0.027324738527119034], [0.00015321888056175773, -0.9999977014022641, 0.002138624362356345, 0.033592990613744704], [0.0, 0.0, 0.0, 1.0]]}, "Hobj2base": {"type": "ndarray", "data": [[0.9999999791766594, -1.00635875819382e-05, -0.00020382689954240473, -0.73522953386471], [-1.0099576567995409e-05, -0.9999999843611949, -0.00017656616086281272, 0.09155862995641051], [-0.00020382511946577165, 0.00017656821575149398, -0.9999999636394925, 0.0018988128219879208], [0.0, 0.0, 0.0, 1.0]]}, "mean_rme": {"type": "float", "data": 0.0015532835775222483}, "max_rme": {"type": "float", "data": 0.004888587117140686}, "simu": {"type": "float", "data": 0.002}}, {"type": "dict", "image_number": {"type": "int", "data": 26}, "Hcamera2end": {"type": "ndarray", "data": [[0.9999962930326561, 0.00032246581810464465, -0.002703689468519981, -0.013308296385089426], [0.00270300934520109, 0.00209124271944805, 0.9999941602051324, 0.02763276486706276], [0.000328118005887106, -0.9999977613573364, 0.0020903633391597953, 0.03358850379543029], [0.0, 0.0, 0.0, 1.0]]}, "Hobj2base": {"type": "ndarray", "data": [[0.9999999411688226, 0.0001592848404265748, -0.0003037938297194134, -0.7352527325708988], [0.00015920920740535675, -0.9999999563332791, -0.0002489696130640534, 0.09131229901856788], [-0.000303833473538821, 0.00024892123164203366, -0.9999999228617173, 0.0016001876353369548], [0.0, 0.0, 0.0, 1.0]]}, "mean_rme": {"type": "float", "data": 0.0015560105399955416}, "max_rme": {"type": "float", "data": 0.0049282895958039225}, "simu": {"type": "float", "data": 0.002}}, {"type": "dict", "image_number": {"type": "int", "data": 27}, "Hcamera2end": {"type": "ndarray", "data": [[0.9999961689363891, 0.00035220675442582984, -0.002745553304324625, -0.01333495259221909], [0.002744826120358616, 0.0020487815164438317, 0.9999941341947297, 0.027630098794438406], [0.0003578297273119052, -0.9999978392200156, 0.002047806921132156, 0.03352670742957452], [0.0, 0.0, 0.0, 1.0]]}, "Hobj2base": {"type": "ndarray", "data": [[0.9999999337116882, 0.0001928238829187435, -0.0003088617319381887, -0.7352107740877118], [0.00019275014992138027, -0.9999999529260308, -0.0002387369163447837, 0.09128981682352998], [-0.0003089077515780468, 0.0002386773673741805, -0.9999999238045545, 0.0015177824598291896], [0.0, 0.0, 0.0, 1.0]]}, "mean_rme": {"type": "float", "data": 0.0015461377669584513}, "max_rme": {"type": "float", "data": 0.004964673086269689}, "simu": {"type": "float", "data": 0.002}}, {"type": "dict", "image_number": {"type": "int", "data": 28}, "Hcamera2end": {"type": "ndarray", "data": [[0.9999964525623923, 0.0002331053852718621, -0.002653398671606747, -0.013322517519565879], [0.002652926002464686, 0.002005139235675135, 0.9999944706848489, 0.027567724079978505], [0.00023842453014305065, -0.9999979625371869, 0.002004513711230893, 0.033625330368522235], [0.0, 0.0, 0.0, 1.0]]}, "Hobj2base": {"type": "ndarray", "data": [[0.999999956145352, 8.764650391882943e-05, -0.0002828911176073845, -0.7352752852835502], [8.760620851436204e-05, -0.9999999860164834, -0.00014245064016620793, 0.09135283968738506], [-0.0002829035989521635, 0.0001424258509008493, -0.9999999498402139, 0.0016162798311120188], [0.0, 0.0, 0.0, 1.0]]}, "mean_rme": {"type": "float", "data": 0.0015238428277812607}, "max_rme": {"type": "float", "data": 0.004965596400061778}, "simu": {"type": "float", "data": 0.002}}, {"type": "dict", "image_number": {"type": "int", "data": 29}, "Hcamera2end": {"type": "ndarray", "data": [[0.9999963399077498, 0.0001406568990363628, -0.002701922785876871, -0.013426044617325895], [0.0027016346528408453, 0.0020098795325842467, 0.9999943307611632, 0.027496895258170402], [0.00014608664092476435, -0.9999979702978905, 0.0020094921726871995, 0.03359910872684875], [0.0, 0.0, 0.0, 1.0]]}, "Hobj2base": {"type": "ndarray", "data": [[0.9999999537954208, -1.4573585946651382e-05, -0.0003036392048232013, -0.7352336642116696], [-1.4624243773662085e-05, -0.9999999859762672, -0.000166834041438257, 0.09124187356883609], [-0.0003036367691948044, 0.00016683847422351093, -0.9999999399848163, 0.0015514012531625467], [0.0, 0.0, 0.0, 1.0]]}, "mean_rme": {"type": "float", "data": 0.0015523779550058936}, "max_rme": {"type": "float", "data": 0.005157201642509324}, "simu": {"type": "float", "data": 0.002}}, {"type": "dict", "image_number": {"type": "int", "data": 30}, "Hcamera2end": {"type": "ndarray", "data": [[0.9999963004070215, -2.4712668101280113e-06, -0.0027201408351393255, -0.013624939683148594], [0.002720140307147228, 0.0020101342507893305, 0.999994280082143, 0.027548234941471537], [2.996595584999623e-06, -0.9999979796750526, 0.0020101335363031936, 0.03354521930330537], [0.0, 0.0, 0.0, 1.0]]}, "Hobj2base": {"type": "ndarray", "data": [[0.9999999511591763, -0.0001441983818193708, -0.00027728770577725763, -0.735049143366858], [-0.00014424302806757174, -0.9999999766369083, -0.0001609973007907346, 0.09114478266959664], [-0.0002772644837487083, 0.000161037289745821, -0.999999948595697, 0.0014755547692476593], [0.0, 0.0, 0.0, 1.0]]}, "mean_rme": {"type": "float", "data": 0.0015996672756855624}, "max_rme": {"type": "float", "data": 0.00529823970008092}, "simu": {"type": "float", "data": 0.002}}]}