{"type": "list", "data": [{"type": "dict", "image_number": {"type": "int", "data": 5}, "Hcamera2end": {"type": "ndarray", "data": [[0.9999914517034525, 0.0031350649562224874, -0.0026959020275198124, -0.016407706959662264], [0.0026936794384630116, 0.0007129516182431406, 0.9999961178880009, 0.02703554617648906], [0.0031369748332623483, -0.9999948315204984, 0.0007045006637105278, 0.038482845670956334], [0.0, 0.0, 0.0, 1.0]]}, "Hobj2base": {"type": "ndarray", "data": [[0.9999909578607169, 0.0032756314603488326, 0.0027119062192342094, -0.7401667849397745], [0.0032813819941008592, -0.99999237168679, -0.002118749734404992, 0.08731738500426409], [0.0027049452886775513, 0.0021276293766122733, -0.9999940782145766, 0.004810372277939434], [0.0, 0.0, 0.0, 1.0]]}, "mean_rme": {"type": "float", "data": 0.0012094186965480873}, "max_rme": {"type": "float", "data": 0.0030780385088594892}, "simu": {"type": "float", "data": 0.002}}, {"type": "dict", "image_number": {"type": "int", "data": 6}, "Hcamera2end": {"type": "ndarray", "data": [[0.9999951571511206, 0.0022291831337860808, -0.0021717313051240346, -0.013098595293816892], [0.0021678572695913102, 0.001738819845866102, 0.999996138442745, 0.02728994608781122], [0.0022329507751610166, -0.9999960036160639, 0.0017339788741624895, 0.03638647258810116], [0.0, 0.0, 0.0, 1.0]]}, "Hobj2base": {"type": "ndarray", "data": [[0.9999956647595277, 0.002280538279461381, 0.0018626881934654322, -0.738144520421975], [0.0022835662289103294, -0.9999960722213557, -0.001625074502744234, 0.09061863465887583], [0.0018589748326280399, 0.001629321029509067, -0.9999969447581101, 0.003941403186861962], [0.0, 0.0, 0.0, 1.0]]}, "mean_rme": {"type": "float", "data": 0.0013488263490317725}, "max_rme": {"type": "float", "data": 0.003983150675630043}, "simu": {"type": "float", "data": 0.002}}, {"type": "dict", "image_number": {"type": "int", "data": 7}, "Hcamera2end": {"type": "ndarray", "data": [[0.9999928763329345, 0.0032737301048113955, -0.0018788226593067431, -0.01297762223145934], [0.0018724061042362063, 0.0019619772052343887, 0.999996322363651, 0.029469598644212253], [0.0032774042724528028, -0.9999927166417999, 0.0019558334765300556, 0.03645844148671579], [0.0, 0.0, 0.0, 1.0]]}, "Hobj2base": {"type": "ndarray", "data": [[0.9999949083994223, 0.0029924967907110807, 0.0011082139633372943, -0.7384395812696907], [0.002994067388009323, -0.9999945119832225, -0.001418296130163225, 0.08938875267944753], [0.0011039636348226791, 0.0014216069760523938, -0.9999983801476375, 0.0021880415106574186], [0.0, 0.0, 0.0, 1.0]]}, "mean_rme": {"type": "float", "data": 0.00122801590146194}, "max_rme": {"type": "float", "data": 0.003920545743034465}, "simu": {"type": "float", "data": 0.002}}, {"type": "dict", "image_number": {"type": "int", "data": 8}, "Hcamera2end": {"type": "ndarray", "data": [[0.9999959548167858, 0.0025865365318198164, -0.0011832915255354849, -0.013820641819019961], [0.0011780730362566756, 0.0020181520253096386, 0.9999972695994346, 0.029458063012694755], [0.0025889175317277986, -0.9999946184311057, 0.002015096732569499, 0.03577563601864754], [0.0, 0.0, 0.0, 1.0]]}, "Hobj2base": {"type": "ndarray", "data": [[0.9999968590706353, 0.002363824023663127, 0.0008331775616212257, -0.7375998147454382], [0.002364453015934995, -0.9999969198471286, -0.0007547570413312623, 0.08939625572533129], [0.0008313908824806389, 0.0007567246798910926, -0.9999993680782804, 0.002313758023807712], [0.0, 0.0, 0.0, 1.0]]}, "mean_rme": {"type": "float", "data": 0.0011868847531368487}, "max_rme": {"type": "float", "data": 0.003934883268574052}, "simu": {"type": "float", "data": 0.002}}, {"type": "dict", "image_number": {"type": "int", "data": 9}, "Hcamera2end": {"type": "ndarray", "data": [[0.9999965773564392, 0.002247248137606932, -0.0013398325325187938, -0.013451797374517016], [0.0013352728475480437, 0.0020292827989991657, 0.9999970495245195, 0.029386209680846823], [0.0022499604062681832, -0.9999954159330581, 0.0020262751640676147, 0.03544916178959216], [0.0, 0.0, 0.0, 1.0]]}, "Hobj2base": {"type": "ndarray", "data": [[0.9999976099065698, 0.0020817941401858895, 0.0006680675906231297, -0.7373143819521242], [0.0020823892837250804, -0.9999974345381759, -0.0008913876469918133, 0.0896556455742812], [0.0006662101911410884, 0.0008927766932835722, -0.9999993795566859, 0.0025988447920887417], [0.0, 0.0, 0.0, 1.0]]}, "mean_rme": {"type": "float", "data": 0.0011658432672849953}, "max_rme": {"type": "float", "data": 0.004480334205891223}, "simu": {"type": "float", "data": 0.002}}, {"type": "dict", "image_number": {"type": "int", "data": 10}, "Hcamera2end": {"type": "ndarray", "data": [[0.9999982166002572, 0.001886851226554142, -8.117113881885214e-05, -0.01410182553120003], [7.697226941314871e-05, 0.0022252975754253335, 0.9999975210599126, 0.029396719140635536], [0.0018870271791014057, -0.9999957439125176, 0.0022251483716092535, 0.035507954611673005], [0.0, 0.0, 0.0, 1.0]]}, "Hobj2base": {"type": "ndarray", "data": [[0.9999988721402886, 0.00145533940724665, 0.0003710867291322508, -0.7373662531799903], [0.001455261270332134, -0.9999989188998892, 0.00021074555175003336, 0.0899193210848899], [0.0003713930342567106, -0.0002102052859137758, -0.9999999089404716, 0.0030232740722726968], [0.0, 0.0, 0.0, 1.0]]}, "mean_rme": {"type": "float", "data": 0.0011656132049533802}, "max_rme": {"type": "float", "data": 0.004660872551219497}, "simu": {"type": "float", "data": 0.002}}, {"type": "dict", "image_number": {"type": "int", "data": 11}, "Hcamera2end": {"type": "ndarray", "data": [[0.9999981202957746, 0.0019385739445290594, -3.6551046132863164e-05, -0.01428472910520674], [3.2200078869450924e-05, 0.0022444001805397296, 0.9999974808123195, 0.029754467147905254], [0.0019386510960719993, -0.999995602289776, 0.0022443335394972674, 0.035521346324071196], [0.0, 0.0, 0.0, 1.0]]}, "Hobj2base": {"type": "ndarray", "data": [[0.9999987849393234, 0.0015120569616393904, 0.0003792144797484635, -0.7374013937375904], [0.0015120492633656831, -0.9999988566409574, 2.0586453645248654e-05, 0.08996053301908276], [0.00037924517406070894, -2.0013037656697096e-05, -0.999999927886285, 0.002722409623940522], [0.0, 0.0, 0.0, 1.0]]}, "mean_rme": {"type": "float", "data": 0.001144773125801295}, "max_rme": {"type": "float", "data": 0.004525748017763287}, "simu": {"type": "float", "data": 0.002}}, {"type": "dict", "image_number": {"type": "int", "data": 12}, "Hcamera2end": {"type": "ndarray", "data": [[0.9999983384331302, 0.0017279583119926183, -0.0005807676391582733, -0.013769141584745515], [0.0005765128900024545, 0.0024617785599144737, 0.9999968036344964, 0.029876778878719035], [0.00172938251012865, -0.9999954768929677, 0.002460778279264497, 0.03541735133590029], [0.0, 0.0, 0.0, 1.0]]}, "Hobj2base": {"type": "ndarray", "data": [[0.9999992194439843, 0.0012470677445666654, 7.702897294413213e-05, -0.7374002023175419], [0.0012471013571543972, -0.9999991265048662, -0.00043786722816711664, 0.09027858405548694], [7.648285556304908e-05, 0.0004379629493239165, -0.999999901169409, 0.0027961163347124396], [0.0, 0.0, 0.0, 1.0]]}, "mean_rme": {"type": "float", "data": 0.001181191090476916}, "max_rme": {"type": "float", "data": 0.0049334132067199166}, "simu": {"type": "float", "data": 0.002}}, {"type": "dict", "image_number": {"type": "int", "data": 13}, "Hcamera2end": {"type": "ndarray", "data": [[0.9999980014675987, 0.0017882459682864666, -0.0008940006518866206, -0.01336980089455538], [0.0008891522405268968, 0.00271022648967012, 0.9999959320320598, 0.0296900681518689], [0.0017906616380077237, -0.999994728410471, 0.002708631050285293, 0.03511136887472327], [0.0, 0.0, 0.0, 1.0]]}, "Hobj2base": {"type": "ndarray", "data": [[0.9999992067522269, 0.001221715161449759, -0.00030644245986580486, -0.7371541737632215], [0.0012215587635267173, -0.9999991238286761, -0.0005100353589651213, 0.0904546417531879], [-0.0003070653093006323, 0.0005096606169083429, -0.9999998229784601, 0.0031406763275658423], [0.0, 0.0, 0.0, 1.0]]}, "mean_rme": {"type": "float", "data": 0.00122303875341911}, "max_rme": {"type": "float", "data": 0.005407388926352286}, "simu": {"type": "float", "data": 0.002}}, {"type": "dict", "image_number": {"type": "int", "data": 14}, "Hcamera2end": {"type": "ndarray", "data": [[0.9999981962682932, 0.001706561668226241, -0.000833731031321225, -0.01319760845472758], [0.0008292287369827001, 0.0026372349585230825, 0.9999961786784365, 0.029871268607363312], [0.0017087538915271446, -0.9999950663073524, 0.0026358150716819795, 0.03501054302380091], [0.0, 0.0, 0.0, 1.0]]}, "Hobj2base": {"type": "ndarray", "data": [[0.9999992680135982, 0.0011628386449362932, -0.00033433299809494926, -0.7371876525789907], [0.00116270310109704, -0.9999992419164407, -0.00040532461356236025, 0.09077846200825378], [-0.0003348040717669943, 0.0004049355868565707, -0.9999998619666923, 0.003089789143974992], [0.0, 0.0, 0.0, 1.0]]}, "mean_rme": {"type": "float", "data": 0.0012937812144332046}, "max_rme": {"type": "float", "data": 0.005647310861801369}, "simu": {"type": "float", "data": 0.002}}, {"type": "dict", "image_number": {"type": "int", "data": 15}, "Hcamera2end": {"type": "ndarray", "data": [[0.9999979952693943, 0.0017302894501150046, -0.0010077477915523738, -0.013239590845846085], [0.0010027739807547272, 0.002873019487232842, 0.9999953700909666, 0.029702232488714994], [0.001733176718075595, -0.9999943759129072, 0.002871278638362895, 0.03400436046566069], [0.0, 0.0, 0.0, 1.0]]}, "Hobj2base": {"type": "ndarray", "data": [[0.9999991819101456, 0.0011102751731239147, -0.0006351913722751546, -0.7364107063249405], [0.0011099547073069392, -0.9999992566648002, -0.0005046487830822091, 0.09053059045853479], [-0.0006357511991300526, 0.0005039433365804621, -0.9999996709307086, 0.0034558269878960527], [0.0, 0.0, 0.0, 1.0]]}, "mean_rme": {"type": "float", "data": 0.0013395536158100224}, "max_rme": {"type": "float", "data": 0.006257138797014172}, "simu": {"type": "float", "data": 0.002}}, {"type": "dict", "image_number": {"type": "int", "data": 16}, "Hcamera2end": {"type": "ndarray", "data": [[0.9999989950689152, 0.001156595484933741, -0.0008198463538982399, -0.013233924666393752], [0.0008164048579803535, 0.002972880540008216, 0.9999952477209093, 0.02959966172347482], [0.0011590272937405022, -0.9999949121211462, 0.002971933302295504, 0.033913193389382035], [0.0, 0.0, 0.0, 1.0]]}, "Hobj2base": {"type": "ndarray", "data": [[0.9999997233082947, 0.0005724614380834958, -0.0004750486669199906, -0.7364460736600976], [0.0005721308395621171, -0.9999995942851838, -0.0006957699119380333, 0.0906465405168208], [-0.0004754467756300712, 0.0006954979294316321, -0.9999996451164339, 0.0034762830441281353], [0.0, 0.0, 0.0, 1.0]]}, "mean_rme": {"type": "float", "data": 0.0013584735862817068}, "max_rme": {"type": "float", "data": 0.006277269022889831}, "simu": {"type": "float", "data": 0.002}}, {"type": "dict", "image_number": {"type": "int", "data": 17}, "Hcamera2end": {"type": "ndarray", "data": [[0.9999990483387747, 0.0011410109147019945, -0.0007755099209231137, -0.013054336154503337], [0.0007721744343358359, 0.002920815378680941, 0.9999954362816696, 0.029877652120518513], [0.0011432708287529196, -0.9999950834537219, 0.0029199315395965764, 0.03292210445742083], [0.0, 0.0, 0.0, 1.0]]}, "Hobj2base": {"type": "ndarray", "data": [[0.9999997342611134, 0.0005643891999695608, -0.0004614569681249318, -0.735652877734039], [0.0005640987698077004, -0.9999996429092677, -0.0006292645831447691, 0.09098434245462698], [-0.0004618119534775753, 0.0006290041086166609, -0.9999996955417294, 0.0027939795896276855], [0.0, 0.0, 0.0, 1.0]]}, "mean_rme": {"type": "float", "data": 0.0014517987812863204}, "max_rme": {"type": "float", "data": 0.006340496076146729}, "simu": {"type": "float", "data": 0.002}}, {"type": "dict", "image_number": {"type": "int", "data": 18}, "Hcamera2end": {"type": "ndarray", "data": [[0.9999988307633557, 0.0011603092463467201, -0.0009960694626163374, -0.013147332169316468], [0.0009926843734061194, 0.0029143343788555764, 0.9999952606052009, 0.029802219960432513], [0.0011632066266617435, -0.9999950801566884, 0.002913179150451861, 0.0329680650867351], [0.0, 0.0, 0.0, 1.0]]}, "Hobj2base": {"type": "ndarray", "data": [[0.9999996893658493, 0.0006283317225795155, -0.00047588596477841206, -0.7357166961527316], [0.0006279381304385683, -0.9999994610718079, -0.0008267707043621091, 0.0907341754083884], [-0.00047640519457089965, 0.0008264716205958686, -0.9999995449912717, 0.002682685226316909], [0.0, 0.0, 0.0, 1.0]]}, "mean_rme": {"type": "float", "data": 0.0015026716517350174}, "max_rme": {"type": "float", "data": 0.006090252088796322}, "simu": {"type": "float", "data": 0.002}}, {"type": "dict", "image_number": {"type": "int", "data": 19}, "Hcamera2end": {"type": "ndarray", "data": [[0.9999992463972875, 0.0008289259612174172, -0.0009055863336911077, -0.013164005368102402], [0.0009031878235505459, 0.002889330893001252, 0.9999954179988759, 0.02982600258256908], [0.0008315387016479447, -0.9999954823141664, 0.0028885800397587813, 0.033066620501008635], [0.0, 0.0, 0.0, 1.0]]}, "Hobj2base": {"type": "ndarray", "data": [[0.9999998466080999, 0.0003659113582605985, -0.0004158036249967968, -0.73563303268192], [0.0003655904885396401, -0.9999996355656944, -0.0007714998851412314, 0.09084421484313258], [-0.00041608577403456145, 0.000771347752948999, -0.9999996159475624, 0.002722543282285255], [0.0, 0.0, 0.0, 1.0]]}, "mean_rme": {"type": "float", "data": 0.001493724220475425}, "max_rme": {"type": "float", "data": 0.0061321155874694}, "simu": {"type": "float", "data": 0.002}}, {"type": "dict", "image_number": {"type": "int", "data": 20}, "Hcamera2end": {"type": "ndarray", "data": [[0.9999992720714148, 0.0008803121910916108, -0.0008251709439550608, -0.013116426564077164], [0.0008225842160426881, 0.0029347475199493767, 0.9999953552953141, 0.029985681916298728], [0.0008827297706827582, -0.9999953061427039, 0.0029340212527492193, 0.03284327733076878], [0.0, 0.0, 0.0, 1.0]]}, "Hobj2base": {"type": "ndarray", "data": [[0.9999997845141744, 0.0003992839892261846, -0.0005210987438584618, -0.7355553900764564], [0.0003989068710595197, -0.9999996586370421, -0.0007236014845968422, 0.09098342291246729], [-0.0005213874884620329, 0.0007233934588015533, -0.9999996024284168, 0.0025537359391509585], [0.0, 0.0, 0.0, 1.0]]}, "mean_rme": {"type": "float", "data": 0.0014845302257680626}, "max_rme": {"type": "float", "data": 0.006200345116613826}, "simu": {"type": "float", "data": 0.002}}, {"type": "dict", "image_number": {"type": "int", "data": 21}, "Hcamera2end": {"type": "ndarray", "data": [[0.9999994458584887, 0.0007911101042119212, -0.0006945700243041207, -0.013458040185964564], [0.000692258078392301, 0.0029189415360466597, 0.9999955002694071, 0.03008048156053709], [0.0007931339537232172, -0.9999954269520995, 0.0029183922661795147, 0.03268160244701492], [0.0, 0.0, 0.0, 1.0]]}, "Hobj2base": {"type": "ndarray", "data": [[0.9999998223697013, 0.00031847629949385874, -0.0005038188290360437, -0.7352049423298807], [0.0003181482553487318, -0.9999997374502718, -0.0006510614989484279, 0.09083478548969917], [-0.0005040260444154751, 0.0006509010942187097, -0.9999996611426989, 0.002470387113883627], [0.0, 0.0, 0.0, 1.0]]}, "mean_rme": {"type": "float", "data": 0.001518782095436184}, "max_rme": {"type": "float", "data": 0.006108354563605367}, "simu": {"type": "float", "data": 0.002}}, {"type": "dict", "image_number": {"type": "int", "data": 22}, "Hcamera2end": {"type": "ndarray", "data": [[0.9999996792037029, 0.000512221915187656, -0.0006158093868080011, -0.013253732972029121], [0.0006143643971457494, 0.002816412434109017, 0.9999958451800629, 0.03130463859986813], [0.0005139541602118777, -0.9999959027164614, 0.0028160968397061836, 0.032633821493518116], [0.0, 0.0, 0.0, 1.0]]}, "Hobj2base": {"type": "ndarray", "data": [[0.9999999442653638, 0.00014668682001291964, -0.0002999203996048894, -0.7351532868138626], [0.00014651429168860923, -0.9999998238460788, -0.0005751881199140956, 0.09044169401092829], [-0.00030000471928895444, 0.000575144145231284, -0.9999997896031678, 0.0012034301073724017], [0.0, 0.0, 0.0, 1.0]]}, "mean_rme": {"type": "float", "data": 0.0015323717685300187}, "max_rme": {"type": "float", "data": 0.005923195702704498}, "simu": {"type": "float", "data": 0.002}}, {"type": "dict", "image_number": {"type": "int", "data": 23}, "Hcamera2end": {"type": "ndarray", "data": [[0.9999996327838097, 0.0005099680878560765, -0.00068874145744658, -0.013234993098488175], [0.0006872932808805097, 0.0028344900767737213, 0.9999957466379297, 0.03124273427868615], [0.0005119181496037495, -0.9999958527906772, 0.0028341385382627537, 0.03258062682934346], [0.0, 0.0, 0.0, 1.0]]}, "Hobj2base": {"type": "ndarray", "data": [[0.9999999379337684, 0.00012860559819986102, -0.0003280138098589118, -0.7351050239846113], [0.00012840614225937666, -0.9999998069115277, -0.0006080203696211495, 0.09039467956024938], [-0.00032809194134657916, 0.0006079782128956846, -0.9999997613590568, 0.0012208502064715817], [0.0, 0.0, 0.0, 1.0]]}, "mean_rme": {"type": "float", "data": 0.0015040190561286249}, "max_rme": {"type": "float", "data": 0.005919382779189797}, "simu": {"type": "float", "data": 0.002}}, {"type": "dict", "image_number": {"type": "int", "data": 24}, "Hcamera2end": {"type": "ndarray", "data": [[0.9999994992130306, 0.0008346303263063049, -0.0005522371831515407, -0.013231598563791455], [0.0005499777710973428, 0.002704890630437995, 0.9999961905383083, 0.030962710886182646], [0.0008361208879965362, -0.9999959934714218, 0.002704430247737477, 0.03257682571729354], [0.0, 0.0, 0.0, 1.0]]}, "Hobj2base": {"type": "ndarray", "data": [[0.9999997730844282, 0.0004699996783211613, -0.0004826296659892483, -0.7350981647343054], [0.00046975283888203755, -0.9999997588842804, -0.0005114329400804633, 0.0905472899742542], [-0.0004828699229369695, 0.0005112061073726382, -0.9999997527524465, 0.0014070066729026571], [0.0, 0.0, 0.0, 1.0]]}, "mean_rme": {"type": "float", "data": 0.0014917487236418192}, "max_rme": {"type": "float", "data": 0.005907775277736893}, "simu": {"type": "float", "data": 0.002}}, {"type": "dict", "image_number": {"type": "int", "data": 25}, "Hcamera2end": {"type": "ndarray", "data": [[0.9999994793370719, 0.0008350778360987543, -0.0005864900620516229, -0.01339367382224433], [0.000584243403070072, 0.002688065804012152, 0.999996216473782, 0.031074166145490606], [0.0008366512004400612, -0.9999960384657735, 0.002687576515719159, 0.03232854206524138], [0.0, 0.0, 0.0, 1.0]]}, "Hobj2base": {"type": "ndarray", "data": [[0.9999997583855681, 0.00047362604519170725, -0.0005088292196628334, -0.7348285901500149], [0.0004733674512014479, -0.9999997588208633, -0.0005082140017779357, 0.09048382298747698], [-0.0005090698003316146, 0.0005079730157952898, -0.9999997414056434, 0.0012298105067009612], [0.0, 0.0, 0.0, 1.0]]}, "mean_rme": {"type": "float", "data": 0.0015228811548135754}, "max_rme": {"type": "float", "data": 0.005844434261962128}, "simu": {"type": "float", "data": 0.002}}, {"type": "dict", "image_number": {"type": "int", "data": 26}, "Hcamera2end": {"type": "ndarray", "data": [[0.9999996086313706, 0.0007218756050631499, -0.0005115004559465482, -0.013570963654127872], [0.0005095866168225565, 0.0026489018506796747, 0.9999963618136147, 0.031137962846021244], [0.0007232278932495321, -0.999996231100196, 0.0026485329558353365, 0.03221956819606107], [0.0, 0.0, 0.0, 1.0]]}, "Hobj2base": {"type": "ndarray", "data": [[0.9999998186123569, 0.0003498579454968408, -0.0004902801967279945, -0.7346343606800458], [0.00034965591473260096, -0.999999853958311, -0.0004120971946353059, 0.09046178001962334], [-0.0004904243006045066, 0.00041192569051530487, -0.9999997949005945, 0.0011635898283088308], [0.0, 0.0, 0.0, 1.0]]}, "mean_rme": {"type": "float", "data": 0.0015243973280485408}, "max_rme": {"type": "float", "data": 0.00580777555941403}, "simu": {"type": "float", "data": 0.002}}, {"type": "dict", "image_number": {"type": "int", "data": 27}, "Hcamera2end": {"type": "ndarray", "data": [[0.9999996704610365, 0.0006374407172702958, -0.0005027396446329639, -0.013676767299987212], [0.0005010518766974734, 0.0026451262650999396, 0.9999963761204631, 0.031134572987525998], [0.0006387682171004501, -0.9999962984813362, 0.0026448060025601183, 0.032203064499676325], [0.0, 0.0, 0.0, 1.0]]}, "Hobj2base": {"type": "ndarray", "data": [[0.9999998494376162, 0.0002834214778932352, -0.0004698904241506253, -0.734542918041435], [0.00028323926340698954, -0.999999884692554, -0.0003878020096853713, 0.09041481450563842], [-0.0004700002813874755, 0.00038766885987935785, -0.9999998144062783, 0.0011678151647030578], [0.0, 0.0, 0.0, 1.0]]}, "mean_rme": {"type": "float", "data": 0.0015011786302999712}, "max_rme": {"type": "float", "data": 0.005772280290999854}, "simu": {"type": "float", "data": 0.002}}, {"type": "dict", "image_number": {"type": "int", "data": 28}, "Hcamera2end": {"type": "ndarray", "data": [[0.999999713235828, 0.0006404134778391698, -0.00040422622259305314, -0.013710920473743742], [0.00040255012134500934, 0.002615187991940382, 0.9999964993664561, 0.031243630757437326], [0.0006414683635496202, -0.9999963753246031, 0.002614929443474967, 0.03207089825407555], [0.0, 0.0, 0.0, 1.0]]}, "Hobj2base": {"type": "ndarray", "data": [[0.9999998221842832, 0.00029474396267233126, -0.0005184181694325139, -0.7344421567091042], [0.0002945938546310864, -0.9999999146723797, -0.00028960264842898083, 0.09049880598054938], [-0.0005185034838293236, 0.00028944987412623445, -0.9999998236864382, 0.0010924061855614692], [0.0, 0.0, 0.0, 1.0]]}, "mean_rme": {"type": "float", "data": 0.001485865454748862}, "max_rme": {"type": "float", "data": 0.00583314983719907}, "simu": {"type": "float", "data": 0.002}}, {"type": "dict", "image_number": {"type": "int", "data": 29}, "Hcamera2end": {"type": "ndarray", "data": [[0.9999998631047271, 0.0004672947610641729, -0.00023542755417977224, -0.013760516436148179], [0.00023422920699171185, 0.0025628355682976167, 0.9999966884997812, 0.031222481462265878], [0.0004678965757270786, -0.9999966067489711, 0.002562725763376239, 0.03221138141498094], [0.0, 0.0, 0.0, 1.0]]}, "Hobj2base": {"type": "ndarray", "data": [[0.999999884025882, 0.0001488141899798244, -0.00045804209346855915, -0.7344733761741773], [0.0001487593889928042, -0.9999999817744418, -0.00011967355799624222, 0.0905823465849872], [-0.0004580598942440815, 0.00011960540605524951, -0.999999887937834, 0.001225172922694695], [0.0, 0.0, 0.0, 1.0]]}, "mean_rme": {"type": "float", "data": 0.0014967970830371635}, "max_rme": {"type": "float", "data": 0.00589838369626472}, "simu": {"type": "float", "data": 0.002}}, {"type": "dict", "image_number": {"type": "int", "data": 30}, "Hcamera2end": {"type": "ndarray", "data": [[0.9999998054760341, 0.0005559385889797712, -0.0002828076720501163, -0.013703506916146368], [0.0002813856019850883, 0.0025563786138405042, 0.9999966928697944, 0.03117953083045918], [0.0005566597139031301, -0.9999965779244787, 0.0025562216834490448, 0.03214232624146884], [0.0, 0.0, 0.0, 1.0]]}, "Hobj2base": {"type": "ndarray", "data": [[0.9999998404229364, 0.0002190851313542748, -0.0005207262303394291, -0.7345145087866326], [0.00021900767773645754, -0.999999964948006, -0.00014879390077596766, 0.09057947802714882], [-0.0005207588106182322, 0.0001486798339894308, -0.9999998533522738, 0.0011521361432271819], [0.0, 0.0, 0.0, 1.0]]}, "mean_rme": {"type": "float", "data": 0.0015218307960482291}, "max_rme": {"type": "float", "data": 0.0058438606534084725}, "simu": {"type": "float", "data": 0.002}}]}