{"type": "list", "data": [{"type": "dict", "image_number": {"type": "int", "data": 5}, "Hcamera2end": {"type": "ndarray", "data": [[0.9999935071890566, 0.0027709210309078964, -0.002303817781608028, -0.0160145268932341], [0.002304334277930186, -0.0001832206596019681, 0.9999973282332937, 0.025575251845455508], [0.0027704915206397916, -0.9999961442059817, -0.00018960459829786558, 0.027760655915679697], [0.0, 0.0, 0.0, 1.0]]}, "Hobj2base": {"type": "ndarray", "data": [[0.999996317518177, 0.0026918394522785984, -0.00034489193746774054, -0.7299690545388882], [0.002691460802283501, -0.9999957799421249, -0.0010936803425120353, 0.08778199521795263], [-0.0003478344938979592, 0.0010927480519233356, -0.9999993424562139, -0.0020973054940366387], [0.0, 0.0, 0.0, 1.0]]}, "mean_rme": {"type": "float", "data": 0.0016045690014628818}, "max_rme": {"type": "float", "data": 0.005051147751543056}, "simu": {"type": "float", "data": 0.002}}, {"type": "dict", "image_number": {"type": "int", "data": 6}, "Hcamera2end": {"type": "ndarray", "data": [[0.9999904745502847, 0.004036617820827857, -0.0016602786708757998, -0.015500391637410297], [0.001663950164090099, -0.0009063587105575532, 0.9999982048902585, 0.024376641969694902], [0.004035105766620584, -0.9999914420786093, -0.0009130668079684323, 0.02751008167260877], [0.0, 0.0, 0.0, 1.0]]}, "Hobj2base": {"type": "ndarray", "data": [[0.9999925988892822, 0.0038281719829067746, 0.0003837524312170367, -0.7300091504259983], [0.0038280426814636414, -0.9999926161958161, 0.00033710988654200234, 0.08829617586440364], [0.00038504011228705055, -0.0003356383708685937, -0.9999998695454893, -0.00085611762305469], [0.0, 0.0, 0.0, 1.0]]}, "mean_rme": {"type": "float", "data": 0.0014351750170655993}, "max_rme": {"type": "float", "data": 0.005175702502262569}, "simu": {"type": "float", "data": 0.002}}, {"type": "dict", "image_number": {"type": "int", "data": 7}, "Hcamera2end": {"type": "ndarray", "data": [[0.9999914927294279, 0.0037223989116138678, -0.0017771367739608467, -0.013993421926922631], [0.0017780128195310399, -0.00023204832706724687, 0.9999983924107017, 0.022853546789647353], [0.003721980545909846, -0.9999930449257719, -0.00023866482595358285, 0.027512850147210853], [0.0, 0.0, 0.0, 1.0]]}, "Hobj2base": {"type": "ndarray", "data": [[0.9999942717229654, 0.0033820644668187765, -0.0001347634899690841, -0.730484094913127], [0.003382046333592266, -0.9999942718120463, -0.00013455739325891216, 0.09024669607991377], [-0.000135217799796973, 0.0001341008461097345, -0.9999999818665544, 0.00026320782710060567], [0.0, 0.0, 0.0, 1.0]]}, "mean_rme": {"type": "float", "data": 0.0014166493350874663}, "max_rme": {"type": "float", "data": 0.005533305605123828}, "simu": {"type": "float", "data": 0.002}}, {"type": "dict", "image_number": {"type": "int", "data": 8}, "Hcamera2end": {"type": "ndarray", "data": [[0.999994815009328, 0.003218053610353234, 0.00011868201552267185, -0.015930208003918235], [-0.00011369941430084242, -0.0015484663413303235, 0.99999879466149, 0.02276287326356277], [0.0032182335066156483, -0.9999936231711434, -0.001548092421736147, 0.028564667226910843], [0.0, 0.0, 0.0, 1.0]]}, "Hobj2base": {"type": "ndarray", "data": [[0.999994961690302, 0.002932404983731448, 0.0012155636646127563, -0.7310583811314293], [0.002930734679810965, -0.9999947619817791, 0.0013736095667499517, 0.08945387366128152], [0.0012195852770073708, -0.0013700401514921516, -0.9999983177994529, -7.219133513321208e-05], [0.0, 0.0, 0.0, 1.0]]}, "mean_rme": {"type": "float", "data": 0.0014484332337869111}, "max_rme": {"type": "float", "data": 0.005618797458712382}, "simu": {"type": "float", "data": 0.002}}, {"type": "dict", "image_number": {"type": "int", "data": 9}, "Hcamera2end": {"type": "ndarray", "data": [[0.9999948755230897, 0.0031758377731803374, -0.00040371029058707117, -0.01598633003165672], [0.0004063978470472088, -0.0008456513731971427, 0.9999995598571755, 0.022594864453856525], [0.0031754949771965212, -0.9999945994495135, -0.0008469376933097905, 0.028429116429790117], [0.0, 0.0, 0.0, 1.0]]}, "Hobj2base": {"type": "ndarray", "data": [[0.9999954581108615, 0.0029544359830306066, 0.0005958738712076621, -0.7312280876579362], [0.002954059897522978, -0.9999954376456417, 0.0006310451833476767, 0.08902170626701797], [0.0005977355352165093, -0.0006292820701034962, -0.9999996233580821, -8.374508508694294e-05], [0.0, 0.0, 0.0, 1.0]]}, "mean_rme": {"type": "float", "data": 0.0014308153993925629}, "max_rme": {"type": "float", "data": 0.00543319249104382}, "simu": {"type": "float", "data": 0.002}}, {"type": "dict", "image_number": {"type": "int", "data": 10}, "Hcamera2end": {"type": "ndarray", "data": [[0.9999977136983623, 0.0020398104392397964, -0.0006416941795900515, -0.01573718312406087], [0.0006438364058168384, -0.0010497253713850352, 0.9999992417753762, 0.022537217637185122], [0.002039135289944308, -0.9999973686215464, -0.001051036275617978, 0.02882282149530773], [0.0, 0.0, 0.0, 1.0]]}, "Hobj2base": {"type": "ndarray", "data": [[0.999998236953031, 0.0018744366218927879, 0.00011215248643756351, -0.7310784936601894], [0.0018743966291093323, -0.9999981800764712, 0.0003556417044965354, 0.08926765573192039], [0.00011281891016379531, -0.00035543085924098143, -0.9999999304703964, -4.077128524313522e-05], [0.0, 0.0, 0.0, 1.0]]}, "mean_rme": {"type": "float", "data": 0.0014259190097392726}, "max_rme": {"type": "float", "data": 0.005138259827245473}, "simu": {"type": "float", "data": 0.002}}, {"type": "dict", "image_number": {"type": "int", "data": 11}, "Hcamera2end": {"type": "ndarray", "data": [[0.9999978432214885, 0.002017813803789628, -0.0004919144482957772, -0.015677143489542803], [0.0004933731094895886, -0.0007224578110125446, 0.9999996173187697, 0.022174671913200255], [0.002017457644174638, -0.9999977032384446, -0.0007234517879017854, 0.028852823949254335], [0.0, 0.0, 0.0, 1.0]]}, "Hobj2base": {"type": "ndarray", "data": [[0.9999980765243592, 0.001955337719436104, -0.00015362937456560468, -0.7311924386964939], [0.001955400166238303, -0.9999980052223696, 0.00040738369032788956, 0.08919974834116484], [-0.00015283249541318377, -0.0004076833136398495, -0.9999999052182673, 0.0003988670143246472], [0.0, 0.0, 0.0, 1.0]]}, "mean_rme": {"type": "float", "data": 0.0014027942804823116}, "max_rme": {"type": "float", "data": 0.004957040135148472}, "simu": {"type": "float", "data": 0.002}}, {"type": "dict", "image_number": {"type": "int", "data": 12}, "Hcamera2end": {"type": "ndarray", "data": [[0.999997488063692, 0.0020692006054866276, -0.0008615539219617092, -0.015284307110905709], [0.0008625071527498668, -0.0004598277082583646, 0.999999522319831, 0.022058565054825847], [0.002068803450705056, -0.9999977534811431, -0.00046161125352317534, 0.031052993650835834], [0.0, 0.0, 0.0, 1.0]]}, "Hobj2base": {"type": "ndarray", "data": [[0.999997910692944, 0.002006458734237643, -0.0003908108168815732, -0.733594033566893], [0.0020064578425426603, -0.9999979870578624, -2.6737135530037268e-06, 0.08913101460758643], [-0.0003908153948979234, 1.889562538312599e-06, -0.9999999236298751, 0.00044896530102397914], [0.0, 0.0, 0.0, 1.0]]}, "mean_rme": {"type": "float", "data": 0.001476933510651676}, "max_rme": {"type": "float", "data": 0.004689418057208461}, "simu": {"type": "float", "data": 0.002}}, {"type": "dict", "image_number": {"type": "int", "data": 13}, "Hcamera2end": {"type": "ndarray", "data": [[0.9999975889274261, 0.0021629072531260682, -0.0003794358298983987, -0.015535157630076778], [0.0003799070562664189, -0.00021746042845949276, 0.9999999041907905, 0.0218948535772373], [0.0021628245336214923, -0.9999976372687969, -0.00021828160787418227, 0.032100391480501866], [0.0, 0.0, 0.0, 1.0]]}, "Hobj2base": {"type": "ndarray", "data": [[0.9999975799428112, 0.0021073194993996985, -0.0006319122156068816, -0.7347776730231762], [0.0021076039434088385, -0.9999976778380217, 0.0004498046046016463, 0.08902490853914063], [-0.000630962866190164, -0.00045113533672628067, -0.9999996991813398, 0.0004830258379648985], [0.0, 0.0, 0.0, 1.0]]}, "mean_rme": {"type": "float", "data": 0.001530357487976129}, "max_rme": {"type": "float", "data": 0.005096332531714376}, "simu": {"type": "float", "data": 0.002}}, {"type": "dict", "image_number": {"type": "int", "data": 14}, "Hcamera2end": {"type": "ndarray", "data": [[0.9999982998873388, 0.0017115126381567858, -0.0006862557259226847, -0.015111444090082872], [0.0006864658274344493, -0.00012217336494702025, 0.9999997569191388, 0.021934268572996796], [0.0017114283799495697, -0.9999985278979957, -0.00012334805217784073, 0.03186956079080457], [0.0, 0.0, 0.0, 1.0]]}, "Hobj2base": {"type": "ndarray", "data": [[0.9999983505905218, 0.0016856897918543043, -0.0006762145824461542, -0.7347593859632455], [0.0016857509256600048, -0.9999985750847282, 8.984615069154645e-05, 0.08936816491875964], [-0.0006760621661586103, -9.098593185675732e-05, -0.9999997673307273, 0.0005177638030736993], [0.0, 0.0, 0.0, 1.0]]}, "mean_rme": {"type": "float", "data": 0.001515594505201664}, "max_rme": {"type": "float", "data": 0.004891981775054455}, "simu": {"type": "float", "data": 0.002}}, {"type": "dict", "image_number": {"type": "int", "data": 15}, "Hcamera2end": {"type": "ndarray", "data": [[0.999998880476141, 0.0014830288766229296, -0.0001991778494438868, -0.01562277263749796], [0.00019929460902290213, -7.858311883324198e-05, 0.999999977053176, 0.02198218926464453], [0.0014830131905755148, -0.9999988972244143, -7.887859051769475e-05, 0.0315061041892734], [0.0, 0.0, 0.0, 1.0]]}, "Hobj2base": {"type": "ndarray", "data": [[0.9999987351908491, 0.0014902688229267063, -0.0005556217574023299, -0.7345087013571333], [0.0014905859906898314, -0.9999987261367405, 0.0005708575137652858, 0.08908324733732366], [-0.0005547703184610891, -0.000571684993747185, -0.9999996827030306, 0.0005083432146612295], [0.0, 0.0, 0.0, 1.0]]}, "mean_rme": {"type": "float", "data": 0.0014743179645834554}, "max_rme": {"type": "float", "data": 0.00490486624429437}, "simu": {"type": "float", "data": 0.002}}, {"type": "dict", "image_number": {"type": "int", "data": 16}, "Hcamera2end": {"type": "ndarray", "data": [[0.9999991156975729, 0.001329158597128348, -4.4062407148153936e-05, -0.01544327802597895], [4.428742602853575e-05, -0.0001692652718878751, 0.9999999846939458, 0.02212348884175814], [0.0013291511185488485, -0.9999991023429429, -0.00016932398721936082, 0.03125750486132145], [0.0, 0.0, 0.0, 1.0]]}, "Hobj2base": {"type": "ndarray", "data": [[0.9999990015067325, 0.0013431528512256046, -0.0004392333733283885, -0.7341063126130921], [0.0013434405474883828, -0.9999988828356756, 0.0006553586006049294, 0.08917157565860499], [-0.00043835263585955623, -0.0006559480301573183, -0.9999996887895255, 0.0005440930207614922], [0.0, 0.0, 0.0, 1.0]]}, "mean_rme": {"type": "float", "data": 0.0015215614532720395}, "max_rme": {"type": "float", "data": 0.0048203172547913176}, "simu": {"type": "float", "data": 0.002}}, {"type": "dict", "image_number": {"type": "int", "data": 17}, "Hcamera2end": {"type": "ndarray", "data": [[0.9999990794850233, 0.001352964389926049, 0.00010254981991957132, -0.015238773633826924], [-0.00010229311979423946, -0.00018979945513630803, 0.9999999767561418, 0.022011848594568537], [0.0013529838223778818, -0.9999990667313277, -0.00018966088147465143, 0.0318646326917158], [0.0, 0.0, 0.0, 1.0]]}, "Hobj2base": {"type": "ndarray", "data": [[0.9999988879577838, 0.0014505657109262994, -0.0003463268889174583, -0.7345657723255973], [0.0014508352438874644, -0.9999986438965605, 0.0007792830903729445, 0.08960511865835681], [-0.00034519601793237334, -0.000779784687033597, -0.9999996363877093, 0.00048651587085744933], [0.0, 0.0, 0.0, 1.0]]}, "mean_rme": {"type": "float", "data": 0.0015636519036106935}, "max_rme": {"type": "float", "data": 0.004961500156348553}, "simu": {"type": "float", "data": 0.002}}, {"type": "dict", "image_number": {"type": "int", "data": 18}, "Hcamera2end": {"type": "ndarray", "data": [[0.9999992482434301, 0.001221224857153641, -0.00011010187526233346, -0.01486183882772894], [0.00011007985758867435, 1.8096374041265406e-05, 0.999999993777473, 0.02197769189712901], [0.001221226841999254, -0.9999992541409065, 1.7961928178822362e-05, 0.03193087266660233], [0.0, 0.0, 0.0, 1.0]]}, "Hobj2base": {"type": "ndarray", "data": [[0.9999990055996376, 0.0013228674717992628, -0.0004886935522572218, -0.7348234475716741], [0.0013231225073694175, -0.9999989884736931, 0.0005219180214763859, 0.08982091930756159], [-0.0004880026295572808, -0.0005225641039191141, -0.9999997443900628, 0.000556311854131069], [0.0, 0.0, 0.0, 1.0]]}, "mean_rme": {"type": "float", "data": 0.0015157638604556423}, "max_rme": {"type": "float", "data": 0.004942106223912224}, "simu": {"type": "float", "data": 0.002}}, {"type": "dict", "image_number": {"type": "int", "data": 19}, "Hcamera2end": {"type": "ndarray", "data": [[0.9999992627451458, 0.0012072260417411616, -0.00013082220332589058, -0.014830019187002212], [0.00013072493931699683, 8.06467387926002e-05, 0.9999999882035467, 0.021933962950949966], [0.0012072365778842361, -0.9999992680504258, 8.048886478440043e-05, 0.031886645629593736], [0.0, 0.0, 0.0, 1.0]]}, "Hobj2base": {"type": "ndarray", "data": [[0.9999990172053593, 0.001304463083870283, -0.0005137746376752924, -0.734825080496804], [0.0013046987279780045, -0.9999990437301158, 0.0004585848702692293, 0.08984251525015025], [-0.0005131759393339915, -0.00045925474069071875, -0.9999997628677413, 0.0005463032680431105], [0.0, 0.0, 0.0, 1.0]]}, "mean_rme": {"type": "float", "data": 0.0014561770360694143}, "max_rme": {"type": "float", "data": 0.004970927155811933}, "simu": {"type": "float", "data": 0.002}}, {"type": "dict", "image_number": {"type": "int", "data": 20}, "Hcamera2end": {"type": "ndarray", "data": [[0.9999998605064925, 0.0005254683118019101, -5.3572836385721716e-05, -0.014733591431543801], [5.350800393538556e-05, 0.00012339360596458349, 0.9999999909554557, 0.022788883823519686], [0.0005254749175947521, -0.999999854328525, 0.00012336547199154335, 0.0320612186504546], [0.0, 0.0, 0.0, 1.0]]}, "Hobj2base": {"type": "ndarray", "data": [[0.9999996602975066, 0.000651455094218262, -0.0005049862686291087, -0.7347035962589624], [0.0006517854654501722, -0.9999995735139007, 0.000654329980499187, 0.0903441631205583], [-0.000504559786660389, -0.0006546589009318055, -0.999999658420514, -0.00022669062821782104], [0.0, 0.0, 0.0, 1.0]]}, "mean_rme": {"type": "float", "data": 0.0015421253816254054}, "max_rme": {"type": "float", "data": 0.0050914444547802695}, "simu": {"type": "float", "data": 0.002}}, {"type": "dict", "image_number": {"type": "int", "data": 21}, "Hcamera2end": {"type": "ndarray", "data": [[0.9999997711490811, 0.00047773641373662334, -0.00047902996180052937, -0.014656642494652788], [0.0004792311676316867, -0.0004211394411270941, 0.9999997964895089, 0.022733559547248317], [0.0004775345781018554, -0.9999997972047245, -0.0004213682909282035, 0.032186755477134635], [0.0, 0.0, 0.0, 1.0]]}, "Hobj2base": {"type": "ndarray", "data": [[0.9999997857219423, 0.0006243147812143326, -0.00019694446818367532, -0.7346190764116339], [0.0006243224064204326, -0.9999998043635097, 3.8658441794572214e-05, 0.0901339475470886], [-0.00019692029461751973, -3.8781390355224016e-05, -0.9999999798592003, -0.00040235356894562687], [0.0, 0.0, 0.0, 1.0]]}, "mean_rme": {"type": "float", "data": 0.0015573466492708578}, "max_rme": {"type": "float", "data": 0.00518752556550095}, "simu": {"type": "float", "data": 0.002}}, {"type": "dict", "image_number": {"type": "int", "data": 22}, "Hcamera2end": {"type": "ndarray", "data": [[0.9999998192684343, 0.000498359413482807, -0.00033630491193267976, -0.014793499976535698], [0.00033652909064038714, -0.0004498178364855665, 0.99999984220603, 0.02270327994208444], [0.0004982080588968117, -0.999999774650879, -0.0004499854676296433, 0.032438450830114124], [0.0, 0.0, 0.0, 1.0]]}, "Hobj2base": {"type": "ndarray", "data": [[0.9999997850352832, 0.0006449231956858741, -0.00011833621161345892, -0.7348643707810136], [0.0006449421231933237, -0.9999997792282453, 0.00015997849023375332, 0.09016873165485689], [-0.00011823301164900334, -0.00016005477585159114, -0.9999999802017112, -0.00038062290962716363], [0.0, 0.0, 0.0, 1.0]]}, "mean_rme": {"type": "float", "data": 0.0015286728839171433}, "max_rme": {"type": "float", "data": 0.00531408133651845}, "simu": {"type": "float", "data": 0.002}}, {"type": "dict", "image_number": {"type": "int", "data": 23}, "Hcamera2end": {"type": "ndarray", "data": [[0.9999998851296432, 0.00041785888182940324, -0.0002348076983970902, -0.014860022537551448], [0.00023497710392285875, -0.00040541034259544695, 0.9999998902141015, 0.02269421293234963], [0.0004177636424849392, -0.9999998305181904, -0.00040550848329590217, 0.03237643134968543], [0.0, 0.0, 0.0, 1.0]]}, "Hobj2base": {"type": "ndarray", "data": [[0.9999998284807806, 0.0005797176022714778, -8.346203315632925e-05, -0.7348542274430183], [0.0005797399408353782, -0.9999997960724138, 0.0002678744684724382, 0.09015731812510284], [-8.330672459154575e-05, -0.0002679228088009825, -0.9999999606386778, -0.00043171831287891726], [0.0, 0.0, 0.0, 1.0]]}, "mean_rme": {"type": "float", "data": 0.0014989668798015602}, "max_rme": {"type": "float", "data": 0.005373495401814865}, "simu": {"type": "float", "data": 0.002}}, {"type": "dict", "image_number": {"type": "int", "data": 24}, "Hcamera2end": {"type": "ndarray", "data": [[0.9999998065039591, 0.0006041695262299977, -0.00014822694720697364, -0.014913521902108455], [0.00014846802294804818, -0.00039899471079918314, 0.9999999093802293, 0.023344864348858275], [0.0006041103297123603, -0.9999997378911677, -0.0003990843334502614, 0.03236124170126476], [0.0, 0.0, 0.0, 1.0]]}, "Hobj2base": {"type": "ndarray", "data": [[0.999999722710054, 0.0007438977193404609, -3.458320957111143e-05, -0.7348337887002044], [0.0007439066004302951, -0.999999690147312, 0.00025750388212723564, 0.09019339580325808], [-3.4391642304775234e-05, -0.00025752953740186205, -0.9999999662478753, -0.0010778789875624504], [0.0, 0.0, 0.0, 1.0]]}, "mean_rme": {"type": "float", "data": 0.001485633311682624}, "max_rme": {"type": "float", "data": 0.005415262553763678}, "simu": {"type": "float", "data": 0.002}}, {"type": "dict", "image_number": {"type": "int", "data": 25}, "Hcamera2end": {"type": "ndarray", "data": [[0.9999984825421231, 0.0017339923015322663, -0.00016788135498605058, -0.014916520383899151], [0.0001685666077043752, -0.00039504928035460907, 0.9999999077606783, 0.023241204807356034], [0.0017339258201815202, -0.9999984186021318, -0.00039534097408400193, 0.03224448214923686], [0.0, 0.0, 0.0, 1.0]]}, "Hobj2base": {"type": "ndarray", "data": [[0.9999982302016177, 0.0018804425829837537, 5.9408118839259964e-05, -0.7349859173503269], [0.0018804236455475269, -0.9999981816836729, 0.0003172321876317516, 0.09000941407839815], [6.000454773082336e-05, -0.0003171199137633362, -0.9999999479172059, -0.000989530902888569], [0.0, 0.0, 0.0, 1.0]]}, "mean_rme": {"type": "float", "data": 0.0014777629730548993}, "max_rme": {"type": "float", "data": 0.005370343363724661}, "simu": {"type": "float", "data": 0.002}}, {"type": "dict", "image_number": {"type": "int", "data": 26}, "Hcamera2end": {"type": "ndarray", "data": [[0.9999982182667138, 0.0018626904090492027, -0.0003063459449386223, -0.015088352677057588], [0.0003067973050125732, -0.0002420353007526188, 0.9999999236471605, 0.022770860262662018], [0.0018626161202945832, -0.9999982359001206, -0.00024260633790795794, 0.032301200210843074], [0.0, 0.0, 0.0, 1.0]]}, "Hobj2base": {"type": "ndarray", "data": [[0.9999978940501782, 0.002051835710985778, 4.3190550473624404e-05, -0.7349786549814394], [0.0020518308911282217, -0.9999978887938872, 0.0001113452435142928, 0.0896166866049694], [4.341892143636125e-05, -0.00011125638932113044, -0.9999999928684069, -0.0007011200358987407], [0.0, 0.0, 0.0, 1.0]]}, "mean_rme": {"type": "float", "data": 0.0015946970177462187}, "max_rme": {"type": "float", "data": 0.005516358489338291}, "simu": {"type": "float", "data": 0.002}}, {"type": "dict", "image_number": {"type": "int", "data": 27}, "Hcamera2end": {"type": "ndarray", "data": [[0.9999972892097525, 0.002314075899550636, -0.00025811989031723683, -0.015062812060895414], [0.00025870814025469313, -0.00025390938669245244, 0.9999999343000587, 0.023336188638187434], [0.0023140102084529416, -0.9999972902877061, -0.0002545073686697208, 0.03226211749469355], [0.0, 0.0, 0.0, 1.0]]}, "Hobj2base": {"type": "ndarray", "data": [[0.9999968770683774, 0.002496974015691655, 0.00010475809029852465, -0.7349979170860506], [0.0024969564681429665, -0.9999968686041225, 0.0001673031535258787, 0.0896916450019548], [0.00010517551388656997, -0.00016704105465840876, -0.9999999805176982, -0.001202806780408985], [0.0, 0.0, 0.0, 1.0]]}, "mean_rme": {"type": "float", "data": 0.0016061429706135711}, "max_rme": {"type": "float", "data": 0.0054895685723301835}, "simu": {"type": "float", "data": 0.002}}, {"type": "dict", "image_number": {"type": "int", "data": 28}, "Hcamera2end": {"type": "ndarray", "data": [[0.999995202289094, 0.003088893283925599, -0.00023267375118076155, -0.015014646671317399], [0.00023365832575068324, -0.00031838966234132293, 0.9999999220159019, 0.0228434455422266], [0.0030888189621239674, -0.9999951786715293, -0.00031910988043293287, 0.03215749086343376], [0.0, 0.0, 0.0, 1.0]]}, "Hobj2base": {"type": "ndarray", "data": [[0.9999947356642928, 0.003239245138018363, 0.00018956433492585265, -0.7351269578056886], [0.003239200313950044, -0.9999947258603743, 0.00023628956930654352, 0.08956011756816407], [0.00019032873497562292, -0.00023567428854572102, -0.9999999541162998, -0.0007064645971271571], [0.0, 0.0, 0.0, 1.0]]}, "mean_rme": {"type": "float", "data": 0.001644483388969232}, "max_rme": {"type": "float", "data": 0.005391362905894814}, "simu": {"type": "float", "data": 0.002}}, {"type": "dict", "image_number": {"type": "int", "data": 29}, "Hcamera2end": {"type": "ndarray", "data": [[0.9999947569464905, 0.003232838831944462, -0.00018663498078207164, -0.014955248270424252], [0.00018768815911380534, -0.00032547476076905113, 0.9999999294196652, 0.022542381190071632], [0.0032327778587938937, -0.9999947213957018, -0.00032607981985655066, 0.032134106885906684], [0.0, 0.0, 0.0, 1.0]]}, "Hobj2base": {"type": "ndarray", "data": [[0.9999942348850586, 0.003389883663015351, 0.00019719380689498832, -0.7351653090075063], [0.003389826484130867, -0.9999942125937449, 0.0002895780084643155, 0.08956206736518804], [0.00019817430141437858, -0.00028890788622469295, -0.9999999386295877, -0.0003705885309980609], [0.0, 0.0, 0.0, 1.0]]}, "mean_rme": {"type": "float", "data": 0.0016452695054254968}, "max_rme": {"type": "float", "data": 0.005326206931226651}, "simu": {"type": "float", "data": 0.002}}, {"type": "dict", "image_number": {"type": "int", "data": 30}, "Hcamera2end": {"type": "ndarray", "data": [[0.9999943667468956, 0.003350414554920116, -0.00020296991289886187, -0.014987424465345362], [0.0002039535848732928, -0.00029325803878044177, 0.999999936201327, 0.022900685009195433], [0.0033503548186095246, -0.9999943443450232, -0.00029393971584279477, 0.03215383482797357], [0.0, 0.0, 0.0, 1.0]]}, "Hobj2base": {"type": "ndarray", "data": [[0.9999938162275668, 0.003509099756913041, 0.0002317876690193715, -0.7351265162142442], [0.0035090361389146403, -0.9999938056917479, 0.00027430550568524256, 0.08956439756898958], [0.00023274879863842058, -0.00027349045813527444, -0.9999999355154809, -0.0007342724233872204], [0.0, 0.0, 0.0, 1.0]]}, "mean_rme": {"type": "float", "data": 0.0016670580117859137}, "max_rme": {"type": "float", "data": 0.005372737242072878}, "simu": {"type": "float", "data": 0.002}}]}