{"type": "list", "data": [{"type": "dict", "image_number": {"type": "int", "data": 5}, "Hcamera2end": {"type": "ndarray", "data": [[0.999999303463309, -0.0006780832726319742, -0.0009660620954186178, -0.01600305903374731], [0.0009660918234073146, 4.351503016564173e-05, 0.9999995323864059, 0.04402711759087626], [-0.0006780409173297941, -0.999999769154732, 4.41700905611242e-05, 0.031135050790384203], [0.0, 0.0, 0.0, 1.0]]}, "Hobj2base": {"type": "ndarray", "data": [[0.9999990128257964, -0.0009820582825846068, 0.0010049422681564512, -0.7348966003897751], [-0.00098368094195596, -0.9999982113274284, 0.0016154608469145654, 0.09225075007224878], [0.0010033539939388765, -0.0016164477947302417, -0.999998190187007, -0.00894932379571769], [0.0, 0.0, 0.0, 1.0]]}, "mean_rme": {"type": "float", "data": 0.0017085178008855125}, "max_rme": {"type": "float", "data": 0.006833710458753306}, "simu": {"type": "float", "data": 0.002}}, {"type": "dict", "image_number": {"type": "int", "data": 6}, "Hcamera2end": {"type": "ndarray", "data": [[0.9999959794950857, -0.002398306420153297, 0.00151298380003848, -0.014963844993974705], [-0.0015128703239737935, 4.9128542718657187e-05, 0.9999988544042285, 0.04212887367583842], [-0.0023983780033528554, -0.9999971228522119, 4.550001858627528e-05, 0.031533117510669215], [0.0, 0.0, 0.0, 1.0]]}, "Hobj2base": {"type": "ndarray", "data": [[0.9999962431773095, -0.0026591667340934793, 0.000665179334807447, -0.7347931227265431], [-0.0026615546517004015, -0.9999899234074237, 0.003615136297768195, 0.09339641231576697], [0.0006555593818840607, -0.0036168931274948943, -0.99999324414018, -0.006143820138565422], [0.0, 0.0, 0.0, 1.0]]}, "mean_rme": {"type": "float", "data": 0.0018516305898246034}, "max_rme": {"type": "float", "data": 0.005827995990304091}, "simu": {"type": "float", "data": 0.002}}, {"type": "dict", "image_number": {"type": "int", "data": 7}, "Hcamera2end": {"type": "ndarray", "data": [[0.9999947236922324, -0.0026392725620282497, 0.0018938922987047303, -0.015847414191273793], [-0.0018938789931122024, 7.540615202805689e-06, 0.999998206581141, 0.042418253702710906], [-0.002639282109820123, -0.9999965170856757, 2.542112553904907e-06, 0.03230026758840695], [0.0, 0.0, 0.0, 1.0]]}, "Hobj2base": {"type": "ndarray", "data": [[0.9999952942279181, -0.0029300368531259596, 0.0009090687866644786, -0.7352287808433623], [-0.002933575639024555, -0.9999880288482701, 0.003916158082009322, 0.09261395505522997], [0.0008975834165611454, -0.0039188064755087074, -0.9999919186172554, -0.006090393385530191], [0.0, 0.0, 0.0, 1.0]]}, "mean_rme": {"type": "float", "data": 0.0018902801089807205}, "max_rme": {"type": "float", "data": 0.005758398423999944}, "simu": {"type": "float", "data": 0.002}}, {"type": "dict", "image_number": {"type": "int", "data": 8}, "Hcamera2end": {"type": "ndarray", "data": [[0.9999964481036169, -0.0023997685513198865, 0.00115969437805146, -0.01406421727546349], [-0.0011620851443539988, -0.0009950942635350568, 0.9999988296720772, 0.042454170044371145], [-0.00239861173758069, -0.9999966254434596, -0.0009978794644467381, 0.03286802142981547], [0.0, 0.0, 0.0, 1.0]]}, "Hobj2base": {"type": "ndarray", "data": [[0.9999949648770808, -0.0026316750533782623, 0.0017732757538823658, -0.7348206352638512], [-0.002636713230224052, -0.9999924772663853, 0.002844846916738759, 0.09381071909367847], [0.001765775701339782, -0.0028495082122259444, -0.9999943811537748, -0.006420170456700916], [0.0, 0.0, 0.0, 1.0]]}, "mean_rme": {"type": "float", "data": 0.001893042345712819}, "max_rme": {"type": "float", "data": 0.006140963637800034}, "simu": {"type": "float", "data": 0.002}}, {"type": "dict", "image_number": {"type": "int", "data": 9}, "Hcamera2end": {"type": "ndarray", "data": [[0.9999946042860417, -0.0031588723886148444, 0.0009016230006917724, -0.013768466997891155], [-0.0009053907169109749, -0.0011915139618650095, 0.9999988802804372, 0.04252339606128565], [-0.0031577945551699714, -0.9999943008936154, -0.001194367546533126, 0.033159026920322174], [0.0, 0.0, 0.0, 1.0]]}, "Hobj2base": {"type": "ndarray", "data": [[0.9999933881015061, -0.00337697669511333, 0.0013489928358751283, -0.7347600907499188], [-0.0033815656176067153, -0.9999884545114552, 0.003414067627372658, 0.09403274341929072], [0.001337448034280617, -0.003418606761696248, -0.9999932621575827, -0.006391077135405345], [0.0, 0.0, 0.0, 1.0]]}, "mean_rme": {"type": "float", "data": 0.0017742943979453614}, "max_rme": {"type": "float", "data": 0.006272294785878346}, "simu": {"type": "float", "data": 0.002}}, {"type": "dict", "image_number": {"type": "int", "data": 10}, "Hcamera2end": {"type": "ndarray", "data": [[0.9999949502624108, -0.0031125918247212146, 0.0006412657882014427, -0.013493041772888173], [-0.0006397881115445796, 0.0004757140343312205, 0.9999996821836142, 0.04249696348903757], [-0.003112895894623715, -0.9999950427218577, 0.00047372023285463527, 0.03347677215268281], [0.0, 0.0, 0.0, 1.0]]}, "Hobj2base": {"type": "ndarray", "data": [[0.999994258289187, -0.003379429647778863, -0.0002506868853523145, -0.7360121277567553], [-0.003378684838473029, -0.9999900457139912, 0.0029142686376152378, 0.09398348881476842], [-0.00026053295577890806, -0.002913404912748745, -0.9999957220880464, -0.006083491047020828], [0.0, 0.0, 0.0, 1.0]]}, "mean_rme": {"type": "float", "data": 0.001694589578836576}, "max_rme": {"type": "float", "data": 0.0061877969681352896}, "simu": {"type": "float", "data": 0.002}}, {"type": "dict", "image_number": {"type": "int", "data": 11}, "Hcamera2end": {"type": "ndarray", "data": [[0.9999894587690895, -0.004574118133050975, 0.00039974242745617226, -0.012948680114226587], [-0.00039692075692618085, 0.0006177686526088744, 0.999999730407866, 0.041527326928858826], [-0.0045743638482455065, -0.9999893478458644, 0.0006159465781352402, 0.03377675846715751], [0.0, 0.0, 0.0, 1.0]]}, "Hobj2base": {"type": "ndarray", "data": [[0.9999880660897326, -0.004839413011893232, -0.0006691485761302136, -0.7357029650484005], [-0.004837379214052391, -0.9999837747858016, 0.0030083097377858795, 0.09460996922576016], [-0.0006836961723400815, -0.0030050369114741275, -0.9999952511450763, -0.005073112226527943], [0.0, 0.0, 0.0, 1.0]]}, "mean_rme": {"type": "float", "data": 0.0016641626086096046}, "max_rme": {"type": "float", "data": 0.006095309415329847}, "simu": {"type": "float", "data": 0.002}}, {"type": "dict", "image_number": {"type": "int", "data": 12}, "Hcamera2end": {"type": "ndarray", "data": [[0.9999912469925717, -0.004100436234340604, 0.0008320822853361881, -0.014338364302232854], [-0.0008315939066276291, 0.00012080760273769364, 0.9999996469284863, 0.04177262270677516], [-0.0041005353084595485, -0.9999915858787068, 0.0001173966475208621, 0.03345476110868283], [0.0, 0.0, 0.0, 1.0]]}, "Hobj2base": {"type": "ndarray", "data": [[0.999990316002388, -0.004398194145533253, -0.0001542391079431965, -0.7354634546235489], [-0.00439766015433995, -0.9999848634295441, 0.0033065838811858223, 0.0932350194793589], [-0.00016877977116001814, -0.00330587356905617, -0.9999945213416592, -0.005206230259196948], [0.0, 0.0, 0.0, 1.0]]}, "mean_rme": {"type": "float", "data": 0.0016825067627247176}, "max_rme": {"type": "float", "data": 0.005958437919064974}, "simu": {"type": "float", "data": 0.002}}, {"type": "dict", "image_number": {"type": "int", "data": 13}, "Hcamera2end": {"type": "ndarray", "data": [[0.9999919844448877, -0.003946823221063045, 0.0006735224103250888, -0.01469842464590601], [-0.0006716001104355913, 0.0004883550186506325, 0.9999996552312743, 0.04168934656016027], [-0.003947150778371088, -0.9999920920166506, 0.0004857004173030033, 0.033194350688871756], [0.0, 0.0, 0.0, 1.0]]}, "Hobj2base": {"type": "ndarray", "data": [[0.9999908303833881, -0.004257845585795067, -0.0004581485670107953, -0.7352836637457245], [-0.004256431538548105, -0.9999863071972201, 0.003044373272913099, 0.09278486643706763], [-0.00047110476497440887, -0.003042395279167398, -0.9999952609344036, -0.005042804745204184], [0.0, 0.0, 0.0, 1.0]]}, "mean_rme": {"type": "float", "data": 0.001623048143192667}, "max_rme": {"type": "float", "data": 0.006108142960344259}, "simu": {"type": "float", "data": 0.002}}, {"type": "dict", "image_number": {"type": "int", "data": 14}, "Hcamera2end": {"type": "ndarray", "data": [[0.9999915986225649, -0.004075262981784224, 0.000441492827013568, -0.01484224495138392], [-0.00044181200005656107, -7.74196971764507e-05, 0.9999998994041686, 0.041803821302553626], [-0.004075228391588783, -0.9999916930844075, -7.921954683287602e-05, 0.03335864012968949], [0.0, 0.0, 0.0, 1.0]]}, "Hobj2base": {"type": "ndarray", "data": [[0.9999906765457093, -0.004318192852378357, 5.669599719599466e-06, -0.7352295094890186], [-0.004318192883481996, -0.9999872432786407, 0.002620398863760724, 0.09247611808839865], [-5.645860249776301e-06, -0.002620398915016855, -0.9999965667329314, -0.005227920258591264], [0.0, 0.0, 0.0, 1.0]]}, "mean_rme": {"type": "float", "data": 0.0015735939799301}, "max_rme": {"type": "float", "data": 0.006072339876600941}, "simu": {"type": "float", "data": 0.002}}, {"type": "dict", "image_number": {"type": "int", "data": 15}, "Hcamera2end": {"type": "ndarray", "data": [[0.9999903561792459, -0.00438043883614469, 0.00031512554264659116, -0.014684112675119411], [-0.00031379185205081565, 0.0003051490072294438, 0.9999999042093737, 0.04185869225832248], [-0.004380534576786203, -0.999990359273371, 0.0003037715184118772, 0.0330759521193323], [0.0, 0.0, 0.0, 1.0]]}, "Hobj2base": {"type": "ndarray", "data": [[0.9999891457682396, -0.004649990428242026, -0.00029314624962092385, -0.735252519648928], [-0.004649328149352692, -0.9999867258114739, 0.0022207990920927643, 0.09262826574134257], [-0.0003034690528636206, -0.0022194120539144858, -0.9999974910551868, -0.00505073062606208], [0.0, 0.0, 0.0, 1.0]]}, "mean_rme": {"type": "float", "data": 0.0015750060585716294}, "max_rme": {"type": "float", "data": 0.005984298828783735}, "simu": {"type": "float", "data": 0.002}}, {"type": "dict", "image_number": {"type": "int", "data": 16}, "Hcamera2end": {"type": "ndarray", "data": [[0.9999919596888941, -0.00399360797162808, 0.0003628400945193497, -0.015195059899178631], [-0.00036219776765390775, 0.00016156080350415714, 0.9999999213554386, 0.041778271781183714], [-0.003993666278289748, -0.9999920124648373, 0.00016011302861274057, 0.03322936405190215], [0.0, 0.0, 0.0, 1.0]]}, "Hobj2base": {"type": "ndarray", "data": [[0.999990972804788, -0.004246969031412413, -0.00013252539372146885, -0.7356460232328231], [-0.0042466703921096175, -0.9999886115147509, 0.0021777583386431852, 0.09223000211188238], [-0.00014177275668009504, -0.0021771758879278185, -0.9999976198999867, -0.005118791907606349], [0.0, 0.0, 0.0, 1.0]]}, "mean_rme": {"type": "float", "data": 0.001592739541829907}, "max_rme": {"type": "float", "data": 0.005678488158962852}, "simu": {"type": "float", "data": 0.002}}, {"type": "dict", "image_number": {"type": "int", "data": 17}, "Hcamera2end": {"type": "ndarray", "data": [[0.9999915219945693, -0.00410520583200497, 0.00032128501621648555, -0.015137304301516167], [-0.00032004082236350775, 0.00030373041894149466, 0.9999999026608477, 0.04168065375065772], [-0.004105303016440289, -0.9999915274805631, 0.0003024140104629369, 0.0329684073407623], [0.0, 0.0, 0.0, 1.0]]}, "Hobj2base": {"type": "ndarray", "data": [[0.9999904680560797, -0.004359050125449907, -0.0002499579694188881, -0.7354694030575253], [-0.004358517605703908, -0.9999883116643669, 0.0020928112502366482, 0.09235367631383581], [-0.0002590777169691344, -0.002091701855466777, -0.999997778828575, -0.004989770905090968], [0.0, 0.0, 0.0, 1.0]]}, "mean_rme": {"type": "float", "data": 0.0015391348695331486}, "max_rme": {"type": "float", "data": 0.005635792315141747}, "simu": {"type": "float", "data": 0.002}}, {"type": "dict", "image_number": {"type": "int", "data": 18}, "Hcamera2end": {"type": "ndarray", "data": [[0.9999914770354027, -0.0041170854924493525, 0.000308971845971366, -0.015103117503235326], [-0.0003074090127898547, 0.0003802243814042816, 0.9999998804645523, 0.0415842747328732], [-0.004117202478940701, -0.9999914524817041, 0.0003789555115785159, 0.03296800690819297], [0.0, 0.0, 0.0, 1.0]]}, "Hobj2base": {"type": "ndarray", "data": [[0.9999904371312546, -0.004362948189820369, -0.0003005480583933848, -0.7355128365773161], [-0.00436233857286794, -0.999988484949832, 0.0019999924789086652, 0.0923262437510091], [-0.0003092704611329233, -0.001998662260854968, -0.9999979548483833, -0.005004546375046635], [0.0, 0.0, 0.0, 1.0]]}, "mean_rme": {"type": "float", "data": 0.001503939648691748}, "max_rme": {"type": "float", "data": 0.005583733063902752}, "simu": {"type": "float", "data": 0.002}}, {"type": "dict", "image_number": {"type": "int", "data": 19}, "Hcamera2end": {"type": "ndarray", "data": [[0.9999915402792646, -0.004101511662024092, 0.00031140325979265074, -0.015042370819559775], [-0.0003106456503820872, 0.0001853504449678134, 0.9999999345722439, 0.041563546567608356], [-0.004101569112404156, -0.9999915715881302, 0.00018407476019699498, 0.03298344123195426], [0.0, 0.0, 0.0, 1.0]]}, "Hobj2base": {"type": "ndarray", "data": [[0.9999906165827722, -0.004328600333902822, -0.0001731056217867259, -0.7354169961023526], [-0.004328266811936715, -0.9999888605825313, 0.0018827685082574862, 0.09231891032475334], [-0.00018125344588444371, -0.0018820015941372907, -0.9999982126069968, -0.005128148588614656], [0.0, 0.0, 0.0, 1.0]]}, "mean_rme": {"type": "float", "data": 0.0014811048100546692}, "max_rme": {"type": "float", "data": 0.0055855196698635645}, "simu": {"type": "float", "data": 0.002}}, {"type": "dict", "image_number": {"type": "int", "data": 20}, "Hcamera2end": {"type": "ndarray", "data": [[0.9999914427177475, -0.004109956006995588, 0.0004719670522182653, -0.01487237453637161], [-0.00047069501381462016, 0.0003104634800543682, 0.9999998410293032, 0.04120952569311933], [-0.004110101882166519, -0.9999915059009492, 0.0003085262875311967, 0.033063405457625435], [0.0, 0.0, 0.0, 1.0]]}, "Hobj2base": {"type": "ndarray", "data": [[0.999990864525768, -0.004272354393535234, -0.00013361490564581992, -0.7352976217291521], [-0.004272079476087228, -0.9999888860784976, 0.00199425586035723, 0.09247444276533798], [-0.00014213358844707757, -0.001993666828388097, -0.9999980025433157, -0.004657668640688206], [0.0, 0.0, 0.0, 1.0]]}, "mean_rme": {"type": "float", "data": 0.0015397290488930106}, "max_rme": {"type": "float", "data": 0.005638896402046539}, "simu": {"type": "float", "data": 0.002}}, {"type": "dict", "image_number": {"type": "int", "data": 21}, "Hcamera2end": {"type": "ndarray", "data": [[0.9999913098594756, -0.004159754709308587, 0.00027685066129357386, -0.014893616706210446], [-0.00027682108738532056, 7.685286498748667e-06, 0.9999999616555103, 0.04114389110753869], [-0.004159756677481564, -0.9999913481534203, 6.53371189074381e-06, 0.033320971938411756], [0.0, 0.0, 0.0, 1.0]]}, "Hobj2base": {"type": "ndarray", "data": [[0.9999907784394866, -0.004294184272426962, 5.493108489984782e-05, -0.7354451015688984], [-0.004294271382211573, -0.9999893371844863, 0.001698455365492538, 0.09240247987458276], [4.7637018861906304e-05, -0.0016986755920694848, -0.9999985561149316, -0.004745576647752141], [0.0, 0.0, 0.0, 1.0]]}, "mean_rme": {"type": "float", "data": 0.0015207644340756272}, "max_rme": {"type": "float", "data": 0.0055404727319767755}, "simu": {"type": "float", "data": 0.002}}, {"type": "dict", "image_number": {"type": "int", "data": 22}, "Hcamera2end": {"type": "ndarray", "data": [[0.9999929903846104, -0.003734034292404745, 0.00027598831059750845, -0.01507805318982022], [-0.0002757336614733761, 6.871141180997409e-05, 0.9999999596248443, 0.041197422986165265], [-0.003734053105188993, -0.9999930261090051, 6.768133122192488e-05, 0.033484113159379054], [0.0, 0.0, 0.0, 1.0]]}, "Hobj2base": {"type": "ndarray", "data": [[0.9999924663662724, -0.003880317673715027, -0.00010171258817159435, -0.7355772217521518], [-0.003880146311941949, -0.9999911371457038, 0.001634042423098476, 0.09203523073201163], [-0.0001080522904016944, -0.0016336354530974932, -0.9999986597790564, -0.0045913845740440185], [0.0, 0.0, 0.0, 1.0]]}, "mean_rme": {"type": "float", "data": 0.001574026348854636}, "max_rme": {"type": "float", "data": 0.005688519631916106}, "simu": {"type": "float", "data": 0.002}}, {"type": "dict", "image_number": {"type": "int", "data": 23}, "Hcamera2end": {"type": "ndarray", "data": [[0.9999931060508789, -0.0037036189201300664, 0.0002665663337173053, -0.015024200543891725], [-0.000266163266993479, 0.00010932296585552947, 0.9999999586028016, 0.041236912561016206], [-0.003703647908632818, -0.9999931356041319, 0.00010833644487706628, 0.033466871557030285], [0.0, 0.0, 0.0, 1.0]]}, "Hobj2base": {"type": "ndarray", "data": [[0.9999925594837593, -0.0038570564884834184, -6.397159328203876e-05, -0.7355620125020939], [-0.0038569477285356197, -0.999991248045015, 0.0016210452160195352, 0.09196136978139337], [-7.02234963741072e-05, -0.0016207864195148787, -0.9999986840591557, -0.004630252644209252], [0.0, 0.0, 0.0, 1.0]]}, "mean_rme": {"type": "float", "data": 0.001550236630091179}, "max_rme": {"type": "float", "data": 0.005736943636020064}, "simu": {"type": "float", "data": 0.002}}, {"type": "dict", "image_number": {"type": "int", "data": 24}, "Hcamera2end": {"type": "ndarray", "data": [[0.9999939525189085, -0.003472638375315764, 0.00018896646561650634, -0.015120767187648688], [-0.00018882180217988614, 4.198588563220085e-05, 0.999999981291756, 0.0412348708242551], [-0.0034726462442732113, -0.9999939694917664, 4.132992188699003e-05, 0.033254504090840985], [0.0, 0.0, 0.0, 1.0]]}, "Hobj2base": {"type": "ndarray", "data": [[0.9999934168155027, -0.0036283737276685967, -3.5067773267433925e-05, -0.7354813903257665], [-0.003628316730663768, -0.9999922809019799, 0.0015077977840399655, 0.09164974444417502], [-4.053835644210227e-05, -0.001507660620940515, -0.9999988626573999, -0.004757954986431064], [0.0, 0.0, 0.0, 1.0]]}, "mean_rme": {"type": "float", "data": 0.0015980395217854017}, "max_rme": {"type": "float", "data": 0.0056514951355336185}, "simu": {"type": "float", "data": 0.002}}, {"type": "dict", "image_number": {"type": "int", "data": 25}, "Hcamera2end": {"type": "ndarray", "data": [[0.9999977689139113, -0.002112345092115728, 1.2861235567343922e-05, -0.015335428419399093], [-1.2936304724895558e-05, -3.5524642736817214e-05, 0.9999999992853262, 0.04122428683082888], [-0.0021123446337152907, -0.9999977683656159, -3.555188941817278e-05, 0.03340818663543336], [0.0, 0.0, 0.0, 1.0]]}, "Hobj2base": {"type": "ndarray", "data": [[0.9999973985812945, -0.0022719518105647684, -0.00020264652491532197, -0.7356579641216062], [-0.0022716466910876875, -0.9999963046742442, 0.0014934052254752983, 0.09118202641618467], [-0.00020603872077632458, -0.0014929409991952256, -0.9999988643369646, -0.004568990910131849], [0.0, 0.0, 0.0, 1.0]]}, "mean_rme": {"type": "float", "data": 0.0016117678879814792}, "max_rme": {"type": "float", "data": 0.005839801879428258}, "simu": {"type": "float", "data": 0.002}}, {"type": "dict", "image_number": {"type": "int", "data": 26}, "Hcamera2end": {"type": "ndarray", "data": [[0.9999989710789513, -0.001433933505659068, -4.0935803433195706e-05, -0.015464926422729581], [4.0774431969353014e-05, -0.00011256667306680512, 0.9999999928330948, 0.04067187779905967], [-0.0014339381033894047, -0.9999989655811877, -0.00011250808942042667, 0.03344184697141122], [0.0, 0.0, 0.0, 1.0]]}, "Hobj2base": {"type": "ndarray", "data": [[0.9999986974614365, -0.0015853357136603199, -0.0003029622175310876, -0.73580392767374], [-0.0015848960117992947, -0.9999976984288119, 0.001446112620141598, 0.09101162518130365], [-0.00030525409422466206, -0.0014456305729138525, -0.9999989084854963, -0.003954067722379777], [0.0, 0.0, 0.0, 1.0]]}, "mean_rme": {"type": "float", "data": 0.001602376848833296}, "max_rme": {"type": "float", "data": 0.005645924340902053}, "simu": {"type": "float", "data": 0.002}}, {"type": "dict", "image_number": {"type": "int", "data": 27}, "Hcamera2end": {"type": "ndarray", "data": [[0.9999997058443617, -0.0007657818220277439, -4.346712618142479e-05, -0.015439948253316512], [4.3351290130290356e-05, -0.0001512810327832792, 0.9999999876173574, 0.04052011873804552], [-0.0007657883882970821, -0.9999996953460787, -0.00015124779065311955, 0.033522621388789454], [0.0, 0.0, 0.0, 1.0]]}, "Hobj2base": {"type": "ndarray", "data": [[0.9999995200430399, -0.0009032603169180743, -0.00037951876063302246, -0.7358871325624093], [-0.0009026813395372014, -0.9999984328655218, 0.0015229684501364153, 0.09097854872130358], [-0.000380893802841014, -0.00152262513467388, -0.9999987682655467, -0.0038096621677631243], [0.0, 0.0, 0.0, 1.0]]}, "mean_rme": {"type": "float", "data": 0.001587313650889657}, "max_rme": {"type": "float", "data": 0.005765395137360407}, "simu": {"type": "float", "data": 0.002}}, {"type": "dict", "image_number": {"type": "int", "data": 28}, "Hcamera2end": {"type": "ndarray", "data": [[0.9999999294241588, -0.0003557127656652275, -0.00012091362936338229, -0.015361591305689114], [0.00012085365917164007, -0.00016860828499720704, 0.9999999784828193, 0.04125543945217425], [-0.00035573314505097146, -0.9999999225198342, -0.00016856528390829517, 0.03354676961923322], [0.0, 0.0, 0.0, 1.0]]}, "Hobj2base": {"type": "ndarray", "data": [[0.9999997532107238, -0.0005076912852557776, -0.0004856213036222769, -0.735999275457652], [-0.0005068742554134289, -0.9999984585089816, 0.0016810883827242512, 0.09093133365065245], [-0.0004864740289630527, -0.0016808418189129795, -0.999998469055728, -0.0044900433741008544], [0.0, 0.0, 0.0, 1.0]]}, "mean_rme": {"type": "float", "data": 0.001602970359366931}, "max_rme": {"type": "float", "data": 0.005911523023021503}, "simu": {"type": "float", "data": 0.002}}, {"type": "dict", "image_number": {"type": "int", "data": 29}, "Hcamera2end": {"type": "ndarray", "data": [[0.9999999751962008, -5.772462985983797e-05, -0.00021511732856495592, -0.015346389024373096], [0.0002151087565381369, -0.0001484637436584002, 0.9999999658433694, 0.04169586637857084], [-5.775656501208362e-05, -0.999999987313192, -0.00014845132290264296, 0.03362621061406793], [0.0, 0.0, 0.0, 1.0]]}, "Hobj2base": {"type": "ndarray", "data": [[0.9999998445751005, -0.00021745045130237197, -0.0005133858938865875, -0.7360003620977785], [-0.00021653402325521104, -0.9999983844279976, 0.0017844479289124162, 0.09087069274404733], [-0.0005137730934821785, -0.0017843364860516905, -0.9999982760887702, -0.004879137697679034], [0.0, 0.0, 0.0, 1.0]]}, "mean_rme": {"type": "float", "data": 0.001618953233866109}, "max_rme": {"type": "float", "data": 0.006277750143472455}, "simu": {"type": "float", "data": 0.002}}, {"type": "dict", "image_number": {"type": "int", "data": 30}, "Hcamera2end": {"type": "ndarray", "data": [[0.9999998999658604, 0.0003658120492657991, -0.0002573903921061563, -0.015332137686762587], [0.00025744971032757853, -0.00016211707652780127, 0.999999953718849, 0.0420621372564879], [0.00036577030495770174, -0.9999999199497959, -0.00016221123851667407, 0.03366745329571313], [0.0, 0.0, 0.0, 1.0]]}, "Hobj2base": {"type": "ndarray", "data": [[0.9999998027837091, 0.00019445440880912118, -0.0005971767122709583, -0.7360855395075677], [0.00019555847505079362, -0.9999982709061863, 0.0018493083899253702, 0.0907744120043654], [-0.0005968160735267306, -0.0018494248081788165, -0.9999981117174441, -0.005200678792247535], [0.0, 0.0, 0.0, 1.0]]}, "mean_rme": {"type": "float", "data": 0.0016054090779513855}, "max_rme": {"type": "float", "data": 0.006489468767861162}, "simu": {"type": "float", "data": 0.002}}]}