{"type": "list", "data": [{"type": "dict", "image_number": {"type": "int", "data": 5}, "Hcamera2end": {"type": "ndarray", "data": [[0.9999710273668394, 0.0014651800616302816, -0.007469784086214298, -0.020906404544656153], [0.007470810925714755, -0.000696611586356477, 0.9999718504620068, 0.029308714876025446], [0.0014599352793464317, -0.9999986839889765, -0.0007075374868972251, 0.03509650523335702], [0.0, 0.0, 0.0, 1.0]]}, "Hobj2base": {"type": "ndarray", "data": [[0.9999975459655746, 0.002143662925956586, 0.0005592603047611796, -0.7346803732132443], [0.002145635341663065, -0.9999913954316646, -0.003550395979682408, 0.08342655246096571], [0.0005516446403335596, 0.0035515872355635345, -0.9999935409372898, 0.009043041748347646], [0.0, 0.0, 0.0, 1.0]]}, "mean_rme": {"type": "float", "data": 0.0015838975955898822}, "max_rme": {"type": "float", "data": 0.003917346647187403}, "simu": {"type": "float", "data": 0.002}}, {"type": "dict", "image_number": {"type": "int", "data": 6}, "Hcamera2end": {"type": "ndarray", "data": [[0.9999785127484884, 0.00133282390637421, -0.006418537353317485, -0.01806044294880503], [0.006416588327253458, 0.0014614913368456994, 0.9999783454841966, 0.02969092450875982], [0.0013421756814549616, -0.9999980438098404, 0.001452907751093857, 0.0329543332319365], [0.0, 0.0, 0.0, 1.0]]}, "Hobj2base": {"type": "ndarray", "data": [[0.9999981377737132, 0.00101926937256413, -0.0016387614383975165, -0.7345340705993171], [0.0010144270859592781, -0.9999951254521247, -0.00295296625054528, 0.08697551433662991], [-0.0016417633182338252, 0.002951298347463368, -0.9999942972093747, 0.007702772675791836], [0.0, 0.0, 0.0, 1.0]]}, "mean_rme": {"type": "float", "data": 0.0017132522740843648}, "max_rme": {"type": "float", "data": 0.003985465227578144}, "simu": {"type": "float", "data": 0.002}}, {"type": "dict", "image_number": {"type": "int", "data": 7}, "Hcamera2end": {"type": "ndarray", "data": [[0.9999898350919532, 0.0009453569489255532, -0.004408629379684581, -0.016456942154679598], [0.0044054852132459875, 0.0033025860363702364, 0.9999848421978748, 0.029996647288936282], [0.0009599024972208618, -0.9999940995954484, 0.0032983877098271552, 0.032959020174522055], [0.0, 0.0, 0.0, 1.0]]}, "Hobj2base": {"type": "ndarray", "data": [[0.9999951253494542, -0.00032809247996213985, -0.0031050978493257883, -0.7356760925945262], [-0.0003312248813034521, -0.9999994367775196, -0.0010083326441722297, 0.08993996222351308], [-0.003104765274107023, 0.001009356214569534, -0.9999946708021121, 0.007071681300137704], [0.0, 0.0, 0.0, 1.0]]}, "mean_rme": {"type": "float", "data": 0.0017806563421453188}, "max_rme": {"type": "float", "data": 0.004387358335583125}, "simu": {"type": "float", "data": 0.002}}, {"type": "dict", "image_number": {"type": "int", "data": 8}, "Hcamera2end": {"type": "ndarray", "data": [[0.9999907578686746, 0.0009614455288038061, -0.004190441471829191, -0.01566951770873217], [0.004188129996005438, 0.0023937147728401165, 0.9999883647806721, 0.02985037369579717], [0.0009714650638300455, -0.9999966728705058, 0.0023896659909551365, 0.03364911854441268], [0.0, 0.0, 0.0, 1.0]]}, "Hobj2base": {"type": "ndarray", "data": [[0.9999975852060344, 2.559009694472188e-05, -0.0021974820242583065, -0.7352905318559841], [2.279620601539271e-05, -0.9999991914838737, -0.0012714212251209867, 0.09067882076205559], [-0.002197512783351061, 0.0012713680606477446, -0.9999967772752176, 0.006508981242815223], [0.0, 0.0, 0.0, 1.0]]}, "mean_rme": {"type": "float", "data": 0.0016621636406068375}, "max_rme": {"type": "float", "data": 0.004844745599613454}, "simu": {"type": "float", "data": 0.002}}, {"type": "dict", "image_number": {"type": "int", "data": 9}, "Hcamera2end": {"type": "ndarray", "data": [[0.9999894123115834, 0.001042067377862523, -0.004482115606938367, -0.014247408844310649], [0.00448023831096877, 0.001796919436653166, 0.999988349204737, 0.029830264473320448], [0.0010501092376002873, -0.9999978425857319, 0.0017922317012412092, 0.033233424519437414], [0.0, 0.0, 0.0, 1.0]]}, "Hobj2base": {"type": "ndarray", "data": [[0.9999983460580525, 0.0002968242677588017, -0.001794373571327755, -0.7341511319033285], [0.0002937014452930128, -0.9999984424518253, -0.0017403543848018427, 0.09143590516261678], [-0.0017948873559203839, 0.0017398244962454276, -0.9999968756901703, 0.006047006656217774], [0.0, 0.0, 0.0, 1.0]]}, "mean_rme": {"type": "float", "data": 0.0016086763508448103}, "max_rme": {"type": "float", "data": 0.005350578182846899}, "simu": {"type": "float", "data": 0.002}}, {"type": "dict", "image_number": {"type": "int", "data": 10}, "Hcamera2end": {"type": "ndarray", "data": [[0.9999904284073389, 0.0009186865247038539, -0.004277745758717583, -0.01451170917693639], [0.004276111481805645, 0.001773584578719456, 0.9999892845767583, 0.02986629962626341], [0.0009262636244982592, -0.9999980052044158, 0.0017696391966939284, 0.0330531112544875], [0.0, 0.0, 0.0, 1.0]]}, "Hobj2base": {"type": "ndarray", "data": [[0.9999982684998864, 0.00012017530450264396, -0.0018570285741627813, -0.7339041791681972], [0.00011724780895261805, -0.9999987504980798, -0.0015764692294336295, 0.0915792631866866], [-0.0018572157064716973, 0.0015762487672454967, -0.9999970330904209, 0.006146707557178721], [0.0, 0.0, 0.0, 1.0]]}, "mean_rme": {"type": "float", "data": 0.0015674512627854927}, "max_rme": {"type": "float", "data": 0.005154363287295127}, "simu": {"type": "float", "data": 0.002}}, {"type": "dict", "image_number": {"type": "int", "data": 11}, "Hcamera2end": {"type": "ndarray", "data": [[0.9999928804887861, 0.0004506536296123038, -0.0037464493919567715, -0.014203726311157634], [0.0037456424366298334, 0.0017783440633613035, 0.9999914037906174, 0.03006270623135896], [0.000457312231734215, -0.9999983172004335, 0.0017766434150615629, 0.0330608058355529], [0.0, 0.0, 0.0, 1.0]]}, "Hobj2base": {"type": "ndarray", "data": [[0.9999983218936244, -0.0003848919299479662, -0.001791108075323068, -0.7340386164988931], [-0.0003868084173985075, -0.9999993529773104, -0.0010697776449565936, 0.09227563860628454], [-0.0017906951676531205, 0.0010704686654359125, -0.9999978237514586, 0.005873584206930556], [0.0, 0.0, 0.0, 1.0]]}, "mean_rme": {"type": "float", "data": 0.0015917296209126935}, "max_rme": {"type": "float", "data": 0.0051929482439779795}, "simu": {"type": "float", "data": 0.002}}, {"type": "dict", "image_number": {"type": "int", "data": 12}, "Hcamera2end": {"type": "ndarray", "data": [[0.9999919463972035, 0.0009263804241547997, -0.0039049916827546645, -0.01418602877377895], [0.0039029897235727017, 0.0021531085134831596, 0.9999900653481246, 0.029978382302551416], [0.0009347790917250008, -0.9999972529677461, 0.0021494755199268356, 0.03264416208083681], [0.0, 0.0, 0.0, 1.0]]}, "Hobj2base": {"type": "ndarray", "data": [[0.9999971460817977, -8.498377831010458e-05, -0.0023875941902498656, -0.7340145353409092], [-8.718239584462373e-05, -0.9999995722985522, -0.0009207616100572312, 0.09198476068336071], [-0.002387514919271828, 0.0009209671384607228, -0.9999967257906599, 0.0060638424328896086], [0.0, 0.0, 0.0, 1.0]]}, "mean_rme": {"type": "float", "data": 0.0015522463293560352}, "max_rme": {"type": "float", "data": 0.00518489735300387}, "simu": {"type": "float", "data": 0.002}}, {"type": "dict", "image_number": {"type": "int", "data": 13}, "Hcamera2end": {"type": "ndarray", "data": [[0.9999912903486982, 0.0012827518937280932, -0.003971621120510364, -0.014063610971296589], [0.003968543053838784, 0.002393277770274982, 0.9999892613861132, 0.03013941227406541], [0.0012922433112904665, -0.9999963133777512, 0.0023881662695425243, 0.0327287359935228], [0.0, 0.0, 0.0, 1.0]]}, "Hobj2base": {"type": "ndarray", "data": [[0.9999960457246094, 0.00021901065547832676, -0.002803670714898196, -0.7342471515782787], [0.00021654151102734178, -0.9999995885130475, -0.0008809560204774406, 0.09202803726341185], [-0.0028038624999797697, 0.0008803454258417015, -0.9999956816641824, 0.006064728666241389], [0.0, 0.0, 0.0, 1.0]]}, "mean_rme": {"type": "float", "data": 0.001487620876015571}, "max_rme": {"type": "float", "data": 0.005093010192395275}, "simu": {"type": "float", "data": 0.002}}, {"type": "dict", "image_number": {"type": "int", "data": 14}, "Hcamera2end": {"type": "ndarray", "data": [[0.9999914045351929, 0.0012577945174552837, -0.003950798486901264, -0.013047190364073941], [0.0039473582654141505, 0.0027259554249280393, 0.9999884936986753, 0.030272123302271952], [0.0012685497454607265, -0.9999954935498324, 0.0027209670284894516, 0.03226620957357818], [0.0, 0.0, 0.0, 1.0]]}, "Hobj2base": {"type": "ndarray", "data": [[0.999995303246379, 4.24539606977676e-05, -0.0030645852645697115, -0.7344217617935046], [3.9383216756718164e-05, -0.9999994971592063, -0.0010020630204796172, 0.09279509359258253], [-0.0030646262651153125, 0.0010019376208107531, -0.9999948020799205, 0.005284642182944126], [0.0, 0.0, 0.0, 1.0]]}, "mean_rme": {"type": "float", "data": 0.0016091910265570734}, "max_rme": {"type": "float", "data": 0.0059236901715753465}, "simu": {"type": "float", "data": 0.002}}, {"type": "dict", "image_number": {"type": "int", "data": 15}, "Hcamera2end": {"type": "ndarray", "data": [[0.9999867304536618, 0.003620447192768239, -0.0036648709008432804, -0.01303489657816259], [0.0036567250574319333, 0.002254018183902362, 0.9999907738393794, 0.030779579823693264], [0.003628674475593076, -0.9999909058407235, 0.0022407492941347584, 0.03236298570426638], [0.0, 0.0, 0.0, 1.0]]}, "Hobj2base": {"type": "ndarray", "data": [[0.999988490779, 0.0023806400325369066, -0.004165436660598266, -0.7345189188148341], [0.002375274077084408, -0.9999963435154624, -0.0012926827778351674, 0.09169449494220983], [-0.00416849884211381, 0.0012827738463437384, -0.9999904890091018, 0.005146051642124087], [0.0, 0.0, 0.0, 1.0]]}, "mean_rme": {"type": "float", "data": 0.0016940215224683865}, "max_rme": {"type": "float", "data": 0.006599875821597073}, "simu": {"type": "float", "data": 0.002}}, {"type": "dict", "image_number": {"type": "int", "data": 16}, "Hcamera2end": {"type": "ndarray", "data": [[0.9999900164334278, 0.002227037742220505, -0.003873930351411551, -0.013473441003298163], [0.003869375058047667, 0.0020461321734138727, 0.9999904205940119, 0.03216278114762842], [0.002234942982051409, -0.9999954268125547, 0.0020374945014240975, 0.03237647739212147], [0.0, 0.0, 0.0, 1.0]]}, "Hobj2base": {"type": "ndarray", "data": [[0.9999936864879532, 0.001349302709855994, -0.003287303823853036, -0.7342401392377886], [0.0013438267110476845, -0.9999977068805908, -0.001667442151964332, 0.09072415842973933], [-0.0032895461698870076, 0.0016630140578623954, -0.9999932066120443, 0.004140681484399382], [0.0, 0.0, 0.0, 1.0]]}, "mean_rme": {"type": "float", "data": 0.0017021050031396695}, "max_rme": {"type": "float", "data": 0.005897682985820024}, "simu": {"type": "float", "data": 0.002}}, {"type": "dict", "image_number": {"type": "int", "data": 17}, "Hcamera2end": {"type": "ndarray", "data": [[0.9999890464047041, 0.0026650084516378378, -0.003847700685244697, -0.013447221357904458], [0.003842389359526919, 0.0019952473361064538, 0.9999906274721168, 0.03254452320548267], [0.002672660588314185, -0.9999944583436554, 0.0019849854808569045, 0.03242499041718558], [0.0, 0.0, 0.0, 1.0]]}, "Hobj2base": {"type": "ndarray", "data": [[0.9999925401471954, 0.0017761101586416467, -0.003430026627319063, -0.7342094964800342], [0.0017699860585147957, -0.9999968357250968, -0.0017876490557467875, 0.09030382307160167], [-0.003433190835419887, 0.001781564620837276, -0.9999925195861166, 0.003888658249046041], [0.0, 0.0, 0.0, 1.0]]}, "mean_rme": {"type": "float", "data": 0.0017010925279024832}, "max_rme": {"type": "float", "data": 0.005512702519607532}, "simu": {"type": "float", "data": 0.002}}, {"type": "dict", "image_number": {"type": "int", "data": 18}, "Hcamera2end": {"type": "ndarray", "data": [[0.999989504270871, 0.0028039027389407238, -0.003623462091467919, -0.013457892413935916], [0.00361771140158468, 0.002053320204616793, 0.9999913479827475, 0.03265095729313421], [0.0028113186074489264, -0.9999939609845491, 0.002043154942616532, 0.03241253531303767], [0.0, 0.0, 0.0, 1.0]]}, "Hobj2base": {"type": "ndarray", "data": [[0.9999923937741237, 0.001894364571951715, -0.003409366035843041, -0.7342305757765023], [0.001888308318542014, -0.9999966352518381, -0.0017787008452099478, 0.09033983323421538], [-0.003412724072050204, 0.001772249381763116, -0.9999926061959346, 0.003907373445559113], [0.0, 0.0, 0.0, 1.0]]}, "mean_rme": {"type": "float", "data": 0.0016358070063353198}, "max_rme": {"type": "float", "data": 0.005546424175273845}, "simu": {"type": "float", "data": 0.002}}, {"type": "dict", "image_number": {"type": "int", "data": 19}, "Hcamera2end": {"type": "ndarray", "data": [[0.9999896798065879, 0.0027502307881864816, -0.003616145866744161, -0.013515652390880026], [0.0036100599758516717, 0.0022146198610346612, 0.9999910314227034, 0.03278235247048701], [0.0027582145109859646, -0.9999937658253091, 0.0022046685076365646, 0.032228826320698366], [0.0, 0.0, 0.0, 1.0]]}, "Hobj2base": {"type": "ndarray", "data": [[0.9999923568332443, 0.0018140629243115368, -0.003463444932451861, -0.7341065656165793], [0.001807470898446059, -0.999996551059041, -0.0019054970411691017, 0.09031469365938048], [-0.003466889678769545, 0.001899222401213686, -0.9999921867845896, 0.003784581904422543], [0.0, 0.0, 0.0, 1.0]]}, "mean_rme": {"type": "float", "data": 0.001582603910445803}, "max_rme": {"type": "float", "data": 0.005566772155220279}, "simu": {"type": "float", "data": 0.002}}, {"type": "dict", "image_number": {"type": "int", "data": 20}, "Hcamera2end": {"type": "ndarray", "data": [[0.9999887468317264, 0.0033664401970056354, -0.003342647201452513, -0.013802941436868821], [0.003335633375149368, 0.002086918922471037, 0.9999922591297381, 0.032716985570234204], [0.0033733899715246815, -0.9999921558941403, 0.002075666227744688, 0.03193167431855362], [0.0, 0.0, 0.0, 1.0]]}, "Hobj2base": {"type": "ndarray", "data": [[0.9999911274212894, 0.0024313972253225814, -0.0034399689288226306, -0.7339771371382015], [0.0024251297429259545, -0.9999953941253334, -0.001824958588337669, 0.08988445291106159], [-0.0034443902840049006, 0.0018166000252849213, -0.9999924180412167, 0.004017245533082417], [0.0, 0.0, 0.0, 1.0]]}, "mean_rme": {"type": "float", "data": 0.0016574881173822453}, "max_rme": {"type": "float", "data": 0.0059351492761617886}, "simu": {"type": "float", "data": 0.002}}, {"type": "dict", "image_number": {"type": "int", "data": 21}, "Hcamera2end": {"type": "ndarray", "data": [[0.9999898940334411, 0.0032912327526591, -0.003062616194548134, -0.013665644201735046], [0.0030565645447158136, 0.0018421779039006214, 0.9999936318766008, 0.03292689954107097], [0.0032968536775645203, -0.9999928870584723, 0.001832099421572142, 0.03231813198718421], [0.0, 0.0, 0.0, 1.0]]}, "Hobj2base": {"type": "ndarray", "data": [[0.9999920792091486, 0.0024809618476287596, -0.0031122897157270695, -0.7340848335972869], [0.002475805088556772, -0.9999955579458102, -0.0016596619566656265, 0.09018685388886852], [-0.003116393448761947, 0.0016519433881151235, -0.9999937795681102, 0.0037314064257515617], [0.0, 0.0, 0.0, 1.0]]}, "mean_rme": {"type": "float", "data": 0.00163398811048658}, "max_rme": {"type": "float", "data": 0.005780467454618465}, "simu": {"type": "float", "data": 0.002}}, {"type": "dict", "image_number": {"type": "int", "data": 22}, "Hcamera2end": {"type": "ndarray", "data": [[0.9999895978939932, 0.0032995710358729204, -0.0031491165092904323, -0.013478338066912569], [0.0031426915996679806, 0.0019505742305108154, 0.999993159351443, 0.03291445133429664], [0.0033056910501789733, -0.9999926540185934, 0.0019401844062539864, 0.03226552608396799], [0.0, 0.0, 0.0, 1.0]]}, "Hobj2base": {"type": "ndarray", "data": [[0.9999921311054081, 0.0024668421537444385, -0.0031068339274485123, -0.7342096487513171], [0.0024612583030774685, -0.9999953514118198, -0.0017998228571019196, 0.09020765368376772], [-0.0031112593639502106, 0.0017921619736853574, -0.9999935540895404, 0.003614716432939939], [0.0, 0.0, 0.0, 1.0]]}, "mean_rme": {"type": "float", "data": 0.0016637555727550643}, "max_rme": {"type": "float", "data": 0.00574737868923314}, "simu": {"type": "float", "data": 0.002}}, {"type": "dict", "image_number": {"type": "int", "data": 23}, "Hcamera2end": {"type": "ndarray", "data": [[0.9999897107119383, 0.003098939005990013, -0.003312860892203982, -0.013218998619451463], [0.003306580192367278, 0.002029658493508557, 0.9999924734785914, 0.033209314198110226], [0.0031056396580069145, -0.9999931385081786, 0.002019390719433023, 0.03184895263182843], [0.0, 0.0, 0.0, 1.0]]}, "Hobj2base": {"type": "ndarray", "data": [[0.9999928308825354, 0.002266601405818648, -0.0030332658307713582, -0.7338950146188302], [0.002260646261798902, -0.9999955135889311, -0.0019652685538579617, 0.09046887425726195], [-0.003037706702760946, 0.0019583973235554743, -0.999993468487625, 0.0033117890908638307], [0.0, 0.0, 0.0, 1.0]]}, "mean_rme": {"type": "float", "data": 0.0016568348174276356}, "max_rme": {"type": "float", "data": 0.0059236969937799255}, "simu": {"type": "float", "data": 0.002}}, {"type": "dict", "image_number": {"type": "int", "data": 24}, "Hcamera2end": {"type": "ndarray", "data": [[0.9999900001453075, 0.0031212892945115416, -0.0032026805223052813, -0.013319944546129007], [0.003196169352932469, 0.0020888115617738734, 0.9999927106572962, 0.03330854993934698], [0.003127956338467855, -0.9999929471848287, 0.0020788145047769824, 0.031807814736439476], [0.0, 0.0, 0.0, 1.0]]}, "Hobj2base": {"type": "ndarray", "data": [[0.9999931174603286, 0.0022630220890225354, -0.0029400277206438697, -0.7339330663821751], [0.0022572686523835163, -0.9999955339508553, -0.001958779358359879, 0.09042362552275991], [-0.002944447351291072, 0.0019521294445722893, -0.9999937596907427, 0.003126222003529915], [0.0, 0.0, 0.0, 1.0]]}, "mean_rme": {"type": "float", "data": 0.0016385042001858495}, "max_rme": {"type": "float", "data": 0.00580538421465171}, "simu": {"type": "float", "data": 0.002}}, {"type": "dict", "image_number": {"type": "int", "data": 25}, "Hcamera2end": {"type": "ndarray", "data": [[0.9999910447469863, 0.003265742316246663, -0.0026917193306096442, -0.013855508869107191], [0.002685153543835284, 0.002013225092171611, 0.9999943684217298, 0.033520516434374474], [0.0032711429618606652, -0.999992640898848, 0.002004438043677781, 0.03239585296136404], [0.0, 0.0, 0.0, 1.0]]}, "Hobj2base": {"type": "ndarray", "data": [[0.9999931222462709, 0.002501038364082611, -0.002738661581142848, -0.7345537557957368], [0.0024968494933034725, -0.9999957095272456, -0.0015318843653336278, 0.09024185921167863], [-0.0027424811325569877, 0.0015250358036290154, -0.9999950765193975, 0.0028432577331262278], [0.0, 0.0, 0.0, 1.0]]}, "mean_rme": {"type": "float", "data": 0.0017016882825961646}, "max_rme": {"type": "float", "data": 0.005369833388788686}, "simu": {"type": "float", "data": 0.002}}, {"type": "dict", "image_number": {"type": "int", "data": 26}, "Hcamera2end": {"type": "ndarray", "data": [[0.9999909440449151, 0.0033351791592068068, -0.0026435597469231706, -0.013776711833258962], [0.002637049243849977, 0.0019549596470600505, 0.9999946120375167, 0.03387759395196191], [0.0033403292420164494, -0.9999925273284567, 0.001946146911353308, 0.032395787606258365], [0.0, 0.0, 0.0, 1.0]]}, "Hobj2base": {"type": "ndarray", "data": [[0.9999927959547651, 0.002614347177388425, -0.0027519497465528166, -0.7345412287120641], [0.00261004520049537, -0.9999953681456066, -0.0015656792085981415, 0.0900215148486456], [-0.002756030228941987, 0.0015584852161463047, -0.9999949876980427, 0.0024776630965271515], [0.0, 0.0, 0.0, 1.0]]}, "mean_rme": {"type": "float", "data": 0.0016805836086124916}, "max_rme": {"type": "float", "data": 0.005424339503469856}, "simu": {"type": "float", "data": 0.002}}, {"type": "dict", "image_number": {"type": "int", "data": 27}, "Hcamera2end": {"type": "ndarray", "data": [[0.9999926191468586, 0.002925715229839394, -0.00249034981473313, -0.013860673314571905], [0.0024846631031973506, 0.0019457290886933931, 0.9999950202813898, 0.03371232159244504], [0.0029305462066763635, -0.9999938271453016, 0.0019384453108706179, 0.032608109087329695], [0.0, 0.0, 0.0, 1.0]]}, "Hobj2base": {"type": "ndarray", "data": [[0.9999940178750083, 0.0022128372150032358, -0.0026584893562718514, -0.7346025687017407], [0.0022089842903815064, -0.9999965069736763, -0.0014513541437038337, 0.09005638458638565], [-0.002661691680559886, 0.0014454729002977879, -0.9999954129922255, 0.002703416414862971], [0.0, 0.0, 0.0, 1.0]]}, "mean_rme": {"type": "float", "data": 0.0017058577266751275}, "max_rme": {"type": "float", "data": 0.005678145488732203}, "simu": {"type": "float", "data": 0.002}}, {"type": "dict", "image_number": {"type": "int", "data": 28}, "Hcamera2end": {"type": "ndarray", "data": [[0.999993603554774, 0.002724106719806191, -0.002317777408779617, -0.013788513665182193], [0.002312536785815853, 0.0019253729342256776, 0.99999547254609, 0.033599571080460064], [0.002728556972428995, -0.9999944360753428, 0.0019190610216851534, 0.03280379267422451], [0.0, 0.0, 0.0, 1.0]]}, "Hobj2base": {"type": "ndarray", "data": [[0.9999946211642099, 0.0019974526502484825, -0.0026015044798040256, -0.7347605046221333], [0.0019939888081312094, -0.9999971230353237, -0.001333390306205992, 0.09019005470748735], [-0.002604160379368479, 0.0013281957633014582, -0.9999957271132378, 0.002922615700944534], [0.0, 0.0, 0.0, 1.0]]}, "mean_rme": {"type": "float", "data": 0.001750698791798902}, "max_rme": {"type": "float", "data": 0.00585056170009525}, "simu": {"type": "float", "data": 0.002}}, {"type": "dict", "image_number": {"type": "int", "data": 29}, "Hcamera2end": {"type": "ndarray", "data": [[0.999994464431112, 0.002531127997441953, -0.002159744937271182, -0.013854880981091444], [0.002154930888684501, 0.0019031244319113183, 0.9999958671865907, 0.03363541144632316], [0.002535227800119042, -0.9999949857416572, 0.001897659491129966, 0.03286327546234659], [0.0, 0.0, 0.0, 1.0]]}, "Hobj2base": {"type": "ndarray", "data": [[0.9999951368640666, 0.0018022761087920806, -0.0025452011795312895, -0.7347162148044654], [0.001799180271602949, -0.9999976395775014, -0.0012181090984942722, 0.09028968814026106], [-0.0025473905407072802, 0.0012135238989146714, -0.999996019072666, 0.0030309684571796234], [0.0, 0.0, 0.0, 1.0]]}, "mean_rme": {"type": "float", "data": 0.0017640943568584806}, "max_rme": {"type": "float", "data": 0.005811846573167599}, "simu": {"type": "float", "data": 0.002}}, {"type": "dict", "image_number": {"type": "int", "data": 30}, "Hcamera2end": {"type": "ndarray", "data": [[0.9999947332824413, 0.0025200390304573675, -0.0020451920848923205, -0.013860059434342636], [0.0020403741635655406, 0.0019129339379569954, 0.999996088770862, 0.03371845327108418], [0.0025239414913561142, -0.9999949950309922, 0.0019077820405453139, 0.03281769489957334], [0.0, 0.0, 0.0, 1.0]]}, "Hobj2base": {"type": "ndarray", "data": [[0.999995109487126, 0.0017655441735423872, -0.0025814444797896095, -0.7346932051957267], [0.0017625491290407735, -0.9999977715446806, -0.0011620353867770584, 0.0903804262559652], [-0.0025834903519625016, 0.001157479781108519, -0.9999959929010502, 0.0030429333471402105], [0.0, 0.0, 0.0, 1.0]]}, "mean_rme": {"type": "float", "data": 0.0017596179768973323}, "max_rme": {"type": "float", "data": 0.0056917566762528515}, "simu": {"type": "float", "data": 0.002}}]}