{"type": "list", "data": [{"type": "dict", "image_number": {"type": "int", "data": 5}, "Hcamera2end": {"type": "ndarray", "data": [[0.9999957800044581, -0.0014556963691382129, -0.0025141442592650195, -0.013421577021916079], [0.002512361207126244, -0.0012254148949468746, 0.9999960931921185, 0.030927947309880723], [-0.0014587715518355132, -0.9999981896515694, -0.001221752488614447, 0.0329117707063885], [0.0, 0.0, 0.0, 1.0]]}, "Hobj2base": {"type": "ndarray", "data": [[0.9999933153533757, 0.0002979688337144467, 0.003644236976137644, -0.7346124552887219], [0.0003064748630118526, -0.9999972297946556, -0.002333768663177587, 0.08920729151439258], [0.0036435314905261702, 0.0023348699297868155, -0.9999906364865065, -0.0027768626679676943], [0.0, 0.0, 0.0, 1.0]]}, "mean_rme": {"type": "float", "data": 0.0012501790912471697}, "max_rme": {"type": "float", "data": 0.0028093083718691847}, "simu": {"type": "float", "data": 0.002}}, {"type": "dict", "image_number": {"type": "int", "data": 6}, "Hcamera2end": {"type": "ndarray", "data": [[0.9999978367731606, 0.0005397106216494926, -0.0020087711278711715, -0.012419064910987234], [0.0020086066132026905, 0.00030518945924773444, 0.999997936177304, 0.030455659688769784], [0.0005403225635567298, -0.999999807785901, 0.000304104732729793, 0.03282561383119001], [0.0, 0.0, 0.0, 1.0]]}, "Hobj2base": {"type": "ndarray", "data": [[0.999998861427733, 0.0010481742013534587, 0.001085575460907404, -0.7355261354756545], [0.0010498004797232132, -0.9999983260649836, -0.001498594736271693, 0.09064927766866575], [0.001084002855383783, 0.001499732667652923, -0.999998287868402, -0.002567578486413045], [0.0, 0.0, 0.0, 1.0]]}, "mean_rme": {"type": "float", "data": 0.0011918968183468352}, "max_rme": {"type": "float", "data": 0.0026252274650392926}, "simu": {"type": "float", "data": 0.002}}, {"type": "dict", "image_number": {"type": "int", "data": 7}, "Hcamera2end": {"type": "ndarray", "data": [[0.999997131749955, -0.0009610705289319355, -0.002193817517838302, -0.012725399897380089], [0.0021952086227477637, 0.0014487978144929192, 0.9999965410160152, 0.0301822416994957], [-0.0009578888065791277, -0.9999984886630233, 0.0014509034092907713, 0.03250458367642827], [0.0, 0.0, 0.0, 1.0]]}, "Hobj2base": {"type": "ndarray", "data": [[0.9999987162324602, -0.0008979985185880664, 0.0013270765208557632, -0.7357332673819383], [-0.0008945325821759581, -0.9999961938540889, -0.0026099978533096514, 0.09059889413798683], [0.0013294152440146802, 0.002608807389492182, -0.999995713380369, -0.0022874803308091424], [0.0, 0.0, 0.0, 1.0]]}, "mean_rme": {"type": "float", "data": 0.001154762586501631}, "max_rme": {"type": "float", "data": 0.0029746524751255443}, "simu": {"type": "float", "data": 0.002}}, {"type": "dict", "image_number": {"type": "int", "data": 8}, "Hcamera2end": {"type": "ndarray", "data": [[0.999997518168027, 6.513626843917923e-05, -0.002226974416824, -0.012838378134065652], [0.002226919583668489, 0.0008301168836427619, 0.9999971758635758, 0.03027616391014164], [6.698473354831711e-05, -0.999999653331553, 0.0008299697702003339, 0.032811558677158646], [0.0, 0.0, 0.0, 1.0]]}, "Hobj2base": {"type": "ndarray", "data": [[0.9999997483057759, 0.0001252196628839174, 0.0006983612396092556, -0.7356612807020008], [0.00012701630924701263, -0.9999966812236425, -0.0025732097773439096, 0.09026070343716666], [0.000698036705443636, 0.002573297832949048, -0.9999964454351931, -0.002080442578460018], [0.0, 0.0, 0.0, 1.0]]}, "mean_rme": {"type": "float", "data": 0.0011415358478297068}, "max_rme": {"type": "float", "data": 0.002636169457807064}, "simu": {"type": "float", "data": 0.002}}, {"type": "dict", "image_number": {"type": "int", "data": 9}, "Hcamera2end": {"type": "ndarray", "data": [[0.9999998052325582, -3.635143207612185e-05, -0.0006230677484891537, -0.014734586643068063], [0.0006230739695373702, 0.00017137667308886328, 0.9999997912044105, 0.03004269364441662], [-3.624464520825808e-05, -0.9999999846543046, 0.0001713992893414007, 0.03177510160848864], [0.0, 0.0, 0.0, 1.0]]}, "Hobj2base": {"type": "ndarray", "data": [[0.9999993728693544, 0.0001488479641481456, 0.0011100023340508021, -0.7340836374271812], [0.00014960412150946984, -0.9999997568133281, -0.0006811695026592002, 0.0896347528249119], [0.001109900673419318, 0.0006813351364009894, -0.9999991519511038, -0.0017675080276088823], [0.0, 0.0, 0.0, 1.0]]}, "mean_rme": {"type": "float", "data": 0.0012860083571812181}, "max_rme": {"type": "float", "data": 0.0031140332125323134}, "simu": {"type": "float", "data": 0.002}}, {"type": "dict", "image_number": {"type": "int", "data": 10}, "Hcamera2end": {"type": "ndarray", "data": [[0.9999999769114254, -9.179332393955406e-06, 0.00021469254415281704, -0.016011553079324625], [-0.0002146922918888976, 2.7473887307394307e-05, 0.9999999765762023, 0.0298413956191717], [-9.185230617704364e-06, -0.9999999995804626, 2.74719159412129e-05, 0.03336903098974315], [0.0, 0.0, 0.0, 1.0]]}, "Hobj2base": {"type": "ndarray", "data": [[0.9999991548018065, 0.00026223770608107096, 0.001273431214563689, -0.7354802889228801], [0.00026200978450485274, -0.9999999496288317, 0.00017914577135071935, 0.08886040440459042], [0.001273478129195604, -0.00017881196849892742, -0.9999991731395255, -0.0011842583059188615], [0.0, 0.0, 0.0, 1.0]]}, "mean_rme": {"type": "float", "data": 0.0013911961111641859}, "max_rme": {"type": "float", "data": 0.002896516222577916}, "simu": {"type": "float", "data": 0.002}}, {"type": "dict", "image_number": {"type": "int", "data": 11}, "Hcamera2end": {"type": "ndarray", "data": [[0.9999998128793356, -0.000280250278713907, 0.000543784033430176, -0.016226115458199415], [-0.0005438053436351523, -7.596931609366031e-05, 0.9999998492521944, 0.029762694552524276], [-0.0002802089255656702, -0.9999999578442214, -7.6121703477261e-05, 0.033819471631179085], [0.0, 0.0, 0.0, 1.0]]}, "Hobj2base": {"type": "ndarray", "data": [[0.9999989472779831, 9.014232507131235e-05, 0.0014482117548026674, -0.735659498599527], [8.926276793047659e-05, -0.9999998115527486, 0.0006073933040015287, 0.08888357951791502], [0.0014482662337357982, -0.0006072633931954415, -0.9999987668772836, -0.0009381914873532106], [0.0, 0.0, 0.0, 1.0]]}, "mean_rme": {"type": "float", "data": 0.0013893679777534987}, "max_rme": {"type": "float", "data": 0.0031024318798641426}, "simu": {"type": "float", "data": 0.002}}, {"type": "dict", "image_number": {"type": "int", "data": 12}, "Hcamera2end": {"type": "ndarray", "data": [[0.9999997909242964, -0.00015931815618363022, 0.0006267129236516742, -0.015868962913988174], [-0.0006267396283393553, -0.00016762398055347738, 0.9999997895497973, 0.030024724910207], [-0.00015921307054016508, -0.9999999732599626, -0.00016772379650920044, 0.03300268757500246], [0.0, 0.0, 0.0, 1.0]]}, "Hobj2base": {"type": "ndarray", "data": [[0.9999988517668443, 0.00024909091918254045, 0.0014947972126338695, -0.7347766982969631], [0.00024805783491226675, -0.9999997303095405, 0.0006912656193940861, 0.08929470336764951], [0.0014949689974898567, -0.0006908940294997837, -0.9999986438656487, -0.0010974317818369338], [0.0, 0.0, 0.0, 1.0]]}, "mean_rme": {"type": "float", "data": 0.0014209338952646557}, "max_rme": {"type": "float", "data": 0.003516917180379553}, "simu": {"type": "float", "data": 0.002}}, {"type": "dict", "image_number": {"type": "int", "data": 13}, "Hcamera2end": {"type": "ndarray", "data": [[0.999999840418528, -0.0005618192323295291, -5.9347020571989166e-05, -0.014892989571842376], [5.93057981616667e-05, -7.338946028823123e-05, 0.9999999955484049, 0.029673924075964454], [-0.0005618235852743467, -0.9999998394865559, -7.335612943859537e-05, 0.03246350477948537], [0.0, 0.0, 0.0, 1.0]]}, "Hobj2base": {"type": "ndarray", "data": [[0.9999992159985545, -0.00023332372963369536, 0.0012302692037278625, -0.7340038244265471], [-0.0002334989452107051, -0.9999999626174909, 0.00014227880791877257, 0.08975328604629253], [0.0012302359607152013, -0.00014256596293337715, -0.9999992330969194, -0.0008589369964354152], [0.0, 0.0, 0.0, 1.0]]}, "mean_rme": {"type": "float", "data": 0.0014170340848853051}, "max_rme": {"type": "float", "data": 0.0032656487811466017}, "simu": {"type": "float", "data": 0.002}}, {"type": "dict", "image_number": {"type": "int", "data": 14}, "Hcamera2end": {"type": "ndarray", "data": [[0.9999996362547221, -0.0006893997080299198, -0.0005022135662860473, -0.014639071969375077], [0.0005024281659615871, 0.0003111469519611054, 0.999999825376741, 0.029616380117576058], [-0.0006892433254243124, -0.9999997139577677, 0.00031149321261381147, 0.032670479916322256], [0.0, 0.0, 0.0, 1.0]]}, "Hobj2base": {"type": "ndarray", "data": [[0.9999995739177817, -0.0005104039241284067, 0.0007691892415619127, -0.7343883620571343], [-0.0005103166943468386, -0.9999998633363059, -0.0001135968368121853, 0.08992961013280805], [0.000769247116712947, 0.00011320425829951205, -0.9999996977217891, -0.0009118373370394348], [0.0, 0.0, 0.0, 1.0]]}, "mean_rme": {"type": "float", "data": 0.0014027619416564832}, "max_rme": {"type": "float", "data": 0.0035606035040751938}, "simu": {"type": "float", "data": 0.002}}, {"type": "dict", "image_number": {"type": "int", "data": 15}, "Hcamera2end": {"type": "ndarray", "data": [[0.9999998435075023, -0.00030919130299648977, -0.00046624640394117713, -0.014704287952704315], [0.000466327187195039, 0.0002612521208514851, 0.9999998571431317, 0.029628340589550314], [-0.0003090694509645195, -0.9999999180740304, 0.00026139626427812424, 0.03252332300390386], [0.0, 0.0, 0.0, 1.0]]}, "Hobj2base": {"type": "ndarray", "data": [[0.9999997744994125, -0.00019729230977230056, 0.0006419321372171601, -0.7345723123784073], [-0.0001973005526462721, -0.9999999804546147, 1.2777423437291972e-05, 0.08985754841797891], [0.0006419296037829661, -1.2904074121409828e-05, -0.9999997938799132, -0.0008266415879223721], [0.0, 0.0, 0.0, 1.0]]}, "mean_rme": {"type": "float", "data": 0.0014368697701069605}, "max_rme": {"type": "float", "data": 0.003904113522352509}, "simu": {"type": "float", "data": 0.002}}, {"type": "dict", "image_number": {"type": "int", "data": 16}, "Hcamera2end": {"type": "ndarray", "data": [[0.9999995782150763, -0.0005242206820081063, -0.0007541633416533552, -0.014196696417032362], [0.0007543359873186517, 0.0003292180976575132, 0.9999996612962739, 0.029442803645874812], [-0.0005239722202319456, -0.9999998084040421, 0.0003296133973240689, 0.03225675604662736], [0.0, 0.0, 0.0, 1.0]]}, "Hobj2base": {"type": "ndarray", "data": [[0.9999997378630842, -0.0004319259898485171, 0.0005811313984717529, -0.7341851395506019], [-0.00043178399953155484, -0.9999998769064229, -0.00024443755155326586, 0.0901349601508576], [0.0005812369058696212, 0.00024418656423767446, -0.9999998012682707, -0.0008550594393031859], [0.0, 0.0, 0.0, 1.0]]}, "mean_rme": {"type": "float", "data": 0.0014578217169452913}, "max_rme": {"type": "float", "data": 0.004059789620745186}, "simu": {"type": "float", "data": 0.002}}, {"type": "dict", "image_number": {"type": "int", "data": 17}, "Hcamera2end": {"type": "ndarray", "data": [[0.9999996183249892, -0.0004616965603078245, -0.0007417453485864607, -0.014222693520009686], [0.0007419297781777954, 0.00039941760158712647, 0.9999996450028286, 0.02934443810651628], [-0.00046140013025873115, -0.9999998136509152, 0.00039975999556596253, 0.03209373478584636], [0.0, 0.0, 0.0, 1.0]]}, "Hobj2base": {"type": "ndarray", "data": [[0.9999998009113109, -0.00038918452831814443, 0.0004967018638623057, -0.7341238617523828], [-0.00038909662620063065, -0.9999999086274982, -0.00017705595224314912, 0.09008556369658514], [0.0004967707259146735, 0.00017686265197385532, -0.9999998609692142, -0.0007134783153287625], [0.0, 0.0, 0.0, 1.0]]}, "mean_rme": {"type": "float", "data": 0.0014119975250914249}, "max_rme": {"type": "float", "data": 0.004007007547492586}, "simu": {"type": "float", "data": 0.002}}, {"type": "dict", "image_number": {"type": "int", "data": 18}, "Hcamera2end": {"type": "ndarray", "data": [[0.9999996453778216, -0.0003511862373570798, -0.0007654491869756017, -0.014183532968422601], [0.0007655998919398764, 0.00042919762490534197, 0.9999996148230282, 0.02925684740870803], [-0.00035085757311519245, -0.9999998462288012, 0.0004294663408477284, 0.03231650141173295], [0.0, 0.0, 0.0, 1.0]]}, "Hobj2base": {"type": "ndarray", "data": [[0.9999998584839054, -0.00030629972700731037, 0.00043498580017346247, -0.7343439077176854], [-0.000306204241020209, -0.9999999290151245, -0.00021956481623909669, 0.08998024171294633], [0.0004350530219393241, 0.00021943159067034471, -0.9999998812893154, -0.0005559766333705486], [0.0, 0.0, 0.0, 1.0]]}, "mean_rme": {"type": "float", "data": 0.0014033230927672255}, "max_rme": {"type": "float", "data": 0.0040304345996863555}, "simu": {"type": "float", "data": 0.002}}, {"type": "dict", "image_number": {"type": "int", "data": 19}, "Hcamera2end": {"type": "ndarray", "data": [[0.9999996997092208, -0.00023421250577370625, -0.0007387326786401675, -0.01405055422140205], [0.0007388358472940438, 0.0004407115576520182, 0.9999996299473883, 0.029360764662254655], [-0.00023388685107326486, -0.9999998754589048, 0.00044088446990553365, 0.03224799073714295], [0.0, 0.0, 0.0, 1.0]]}, "Hobj2base": {"type": "ndarray", "data": [[0.9999999094094605, -0.00018814380100205536, 0.00038181537558599956, -0.7343945938107986], [-0.00018808055241307663, -0.9999999685876846, -0.0001656814295860299, 0.09012712859448924], [0.00038184653552621227, 0.00016560960253009978, -0.9999999133833379, -0.0006137207415607124], [0.0, 0.0, 0.0, 1.0]]}, "mean_rme": {"type": "float", "data": 0.0014077114537177759}, "max_rme": {"type": "float", "data": 0.003925627143985894}, "simu": {"type": "float", "data": 0.002}}, {"type": "dict", "image_number": {"type": "int", "data": 20}, "Hcamera2end": {"type": "ndarray", "data": [[0.999999688665712, -0.00031865368135782965, -0.0007218921737190312, -0.014322593343034536], [0.000722018027082751, 0.00039501524046858805, 0.9999996613264068, 0.02936909895848436], [-0.0003183684150276484, -0.9999998712113873, 0.0003952451911891641, 0.03203410921546723], [0.0, 0.0, 0.0, 1.0]]}, "Hobj2base": {"type": "ndarray", "data": [[0.9999998730250838, -0.00023136065752832813, 0.00044768522701454634, -0.734076467520268], [-0.00023129246584315915, -0.9999999616441393, -0.0001523663845872316, 0.08991553095947802], [0.0004477204614301175, 0.00015226281902044496, -0.9999998881812049, -0.0006336160185656913], [0.0, 0.0, 0.0, 1.0]]}, "mean_rme": {"type": "float", "data": 0.001410769991808307}, "max_rme": {"type": "float", "data": 0.004000961389454799}, "simu": {"type": "float", "data": 0.002}}, {"type": "dict", "image_number": {"type": "int", "data": 21}, "Hcamera2end": {"type": "ndarray", "data": [[0.9999996429538592, -0.00043541897917966316, -0.0007242254253245075, -0.014230107711983216], [0.0007244355260391252, 0.00048256146519964904, 0.9999996211637285, 0.029474666090709947], [-0.0004350693309447812, -0.99999978877235, 0.00048287672588021024, 0.03223504898854535], [0.0, 0.0, 0.0, 1.0]]}, "Hobj2base": {"type": "ndarray", "data": [[0.9999998478010959, -0.0003490805786638984, 0.00042724762703751486, -0.7341946387291585], [-0.00034904308688618954, -0.9999999352279947, -8.782328715404023e-05, 0.09014285847855746], [0.00042727825676772927, 8.767414595682619e-05, -0.9999999048732631, -0.0007578868297449327], [0.0, 0.0, 0.0, 1.0]]}, "mean_rme": {"type": "float", "data": 0.0014220108454439486}, "max_rme": {"type": "float", "data": 0.004141539640963782}, "simu": {"type": "float", "data": 0.002}}, {"type": "dict", "image_number": {"type": "int", "data": 22}, "Hcamera2end": {"type": "ndarray", "data": [[0.9999995873501508, -0.000439736492897822, -0.0007949410952880893, -0.014282039160493261], [0.0007951611412381221, 0.000500455824355206, 0.9999995586312664, 0.02975929703289528], [-0.0004393384659107266, -0.999999778087868, 0.0005008052792137008, 0.03221480115166172], [0.0, 0.0, 0.0, 1.0]]}, "Hobj2base": {"type": "ndarray", "data": [[0.9999998430552038, -0.00037790067607414786, 0.00041361896306756107, -0.7342088878519067], [-0.00037780381202869896, -0.9999999011980052, -0.00023423974986964808, 0.0898762954309841], [0.0004137074415610214, 0.000234083446285964, -0.9999998870255404, -0.0008910364907433718], [0.0, 0.0, 0.0, 1.0]]}, "mean_rme": {"type": "float", "data": 0.0014102592743850187}, "max_rme": {"type": "float", "data": 0.00411569689797478}, "simu": {"type": "float", "data": 0.002}}, {"type": "dict", "image_number": {"type": "int", "data": 23}, "Hcamera2end": {"type": "ndarray", "data": [[0.9999997555296646, -0.00027461449201485, -0.0006430610327755801, -0.014313966395492542], [0.0006432308072607717, 0.0006185882586965397, 0.9999996018012682, 0.02968402325298863], [-0.0002742165926592072, -0.9999997709676973, 0.0006187647479714009, 0.031817254353077785], [0.0, 0.0, 0.0, 1.0]]}, "Hobj2base": {"type": "ndarray", "data": [[0.9999999265987353, -0.0002510663244222336, 0.0002894274087075561, -0.7339182404305488], [-0.0002510491202764317, -0.9999999667184238, -5.9476803937439567e-05, 0.08986764498350025], [0.0002894423316975087, 5.940413907542701e-05, -0.9999999563471413, -0.000642307282903989], [0.0, 0.0, 0.0, 1.0]]}, "mean_rme": {"type": "float", "data": 0.0014114395694954257}, "max_rme": {"type": "float", "data": 0.004093393265965223}, "simu": {"type": "float", "data": 0.002}}, {"type": "dict", "image_number": {"type": "int", "data": 24}, "Hcamera2end": {"type": "ndarray", "data": [[0.9999997271573289, 9.802733612187105e-05, -0.0007321720489140085, -0.014354567604628844], [0.0007321055338328339, 0.0006768611701830629, 0.9999995029400987, 0.030242434131106433], [9.852286622621649e-05, -0.9999997661247718, 0.0006767892191512637, 0.03178311296030485], [0.0, 0.0, 0.0, 1.0]]}, "Hobj2base": {"type": "ndarray", "data": [[0.9999999993598633, 2.2360097356768835e-05, 2.7933842553469598e-05, -0.7340290505167529], [2.2359865961200168e-05, -0.9999999997157063, 8.283984731331166e-06, 0.08954393041815194], [2.7934027776233266e-05, -8.283360129053006e-06, -0.9999999995755384, -0.001026352608475771], [0.0, 0.0, 0.0, 1.0]]}, "mean_rme": {"type": "float", "data": 0.0013688530337544688}, "max_rme": {"type": "float", "data": 0.003989153697607689}, "simu": {"type": "float", "data": 0.002}}, {"type": "dict", "image_number": {"type": "int", "data": 25}, "Hcamera2end": {"type": "ndarray", "data": [[0.999999558113574, 0.0005817452829730402, -0.0007384748353210992, -0.014387740713273556], [0.0007380904859560435, 0.0006606211230718584, 0.9999995094009627, 0.029495162439468953], [0.0005822328496444347, -0.9999996125760037, 0.0006601914504937856, 0.0318189701053176], [0.0, 0.0, 0.0, 1.0]]}, "Hobj2base": {"type": "ndarray", "data": [[0.9999998744709496, 0.0004723475388494367, -0.00016717023524358518, -0.7340376221680127], [0.00047234382328148065, -0.9999998881977841, -2.2265036121613233e-05, 0.08978598781687698], [-0.0001671807333885969, 2.2186071498650574e-05, -0.9999999857791901, -0.00031821448377799877], [0.0, 0.0, 0.0, 1.0]]}, "mean_rme": {"type": "float", "data": 0.0014049537702668083}, "max_rme": {"type": "float", "data": 0.0040170114922372935}, "simu": {"type": "float", "data": 0.002}}, {"type": "dict", "image_number": {"type": "int", "data": 26}, "Hcamera2end": {"type": "ndarray", "data": [[0.99999955194776, 0.0005891974124118187, -0.0007409120651842573, -0.014360032600519289], [0.0007405107508564595, 0.0006810470278877379, 0.9999994939092588, 0.029343896666619244], [0.0005897017101843835, -0.9999995945105954, 0.0006806104157248694, 0.03181899365105741], [0.0, 0.0, 0.0, 1.0]]}, "Hobj2base": {"type": "ndarray", "data": [[0.9999998752489319, 0.00046495064767470515, -0.00018254592838397348, -0.7340380983157864], [0.00046495231214062626, -0.9999998918684836, 9.075734840422771e-06, 0.08989961306539987], [-0.00018254168887621322, -9.160608859689141e-06, -0.9999999832973077, -0.0001999844849601802], [0.0, 0.0, 0.0, 1.0]]}, "mean_rme": {"type": "float", "data": 0.0013801282886400149}, "max_rme": {"type": "float", "data": 0.004028104150804929}, "simu": {"type": "float", "data": 0.002}}, {"type": "dict", "image_number": {"type": "int", "data": 27}, "Hcamera2end": {"type": "ndarray", "data": [[0.999999536835292, 0.0006851923339710146, -0.0006758998942924809, -0.014247099688674018], [0.0006753818772075058, 0.0007559667351377808, 0.9999994861866756, 0.02953594318685525], [0.0006857029397464319, -0.9999994795127448, 0.0007555036185159514, 0.031855382778023696], [0.0, 0.0, 0.0, 1.0]]}, "Hobj2base": {"type": "ndarray", "data": [[0.9999998414293438, 0.0005077805101142835, -0.0002435164077295071, -0.734025910598104], [0.0005078053488441663, -0.99999986587003, 0.00010194925127035773, 0.08992122974434914], [-0.0002434646072238428, -0.00010207289403857441, -0.999999965153054, -0.0004440198762044991], [0.0, 0.0, 0.0, 1.0]]}, "mean_rme": {"type": "float", "data": 0.0013898568631311454}, "max_rme": {"type": "float", "data": 0.004125360302024733}, "simu": {"type": "float", "data": 0.002}}, {"type": "dict", "image_number": {"type": "int", "data": 28}, "Hcamera2end": {"type": "ndarray", "data": [[0.9999996122455685, 0.00047354037980531783, -0.0007424743909092024, -0.014298931917325945], [0.0007421257094479689, 0.0007360800429635495, 0.9999994537176519, 0.029747562850286118], [0.00047408664170012704, -0.9999996169727664, 0.0007357283310549523, 0.03185798480101813], [0.0, 0.0, 0.0, 1.0]]}, "Hobj2base": {"type": "ndarray", "data": [[0.9999999359260823, 0.00033824786982033204, -0.00011720157778043586, -0.7339783663639036], [0.0003382588062993436, -0.9999999384374685, 9.330615719436719e-05, 0.08981053951107643], [-0.00011717000995629794, -9.334579568167255e-05, -0.9999999887788755, -0.0006003063990645323], [0.0, 0.0, 0.0, 1.0]]}, "mean_rme": {"type": "float", "data": 0.0013585612294586377}, "max_rme": {"type": "float", "data": 0.00416056284929775}, "simu": {"type": "float", "data": 0.002}}, {"type": "dict", "image_number": {"type": "int", "data": 29}, "Hcamera2end": {"type": "ndarray", "data": [[0.9999996215892903, 0.00032842849674079305, -0.0008055780525358268, -0.014334448896273184], [0.0008053299482766523, 0.0007548621985657977, 0.9999993908131822, 0.030280909996651433], [0.00032903639708633587, -0.9999996611588345, 0.0007545974196135896, 0.03183753337150218], [0.0, 0.0, 0.0, 1.0]]}, "Hobj2base": {"type": "ndarray", "data": [[0.9999999792081504, 0.00019019001123790733, -7.356261438409611e-05, -0.7339831184910637], [0.00019019862324824184, -0.9999999750582376, 0.00011708120353784085, 0.08956359692835905], [-7.354034487389824e-05, -0.00011709519261148449, -0.999999990440267, -0.001030845804858307], [0.0, 0.0, 0.0, 1.0]]}, "mean_rme": {"type": "float", "data": 0.0013459970741612226}, "max_rme": {"type": "float", "data": 0.004143469223706758}, "simu": {"type": "float", "data": 0.002}}, {"type": "dict", "image_number": {"type": "int", "data": 30}, "Hcamera2end": {"type": "ndarray", "data": [[0.9999996087786249, 0.00034308828739241745, -0.0008153116116589214, -0.014342608570456597], [0.0008150583656657523, 0.0007376300848678241, 0.9999993957906766, 0.03018536957320254], [0.0003436894784685772, -0.9999996690960876, 0.0007373501593124221, 0.03181611853881126], [0.0, 0.0, 0.0, 1.0]]}, "Hobj2base": {"type": "ndarray", "data": [[0.9999999741249566, 0.0002095355610759843, -8.857163721253528e-05, -0.7340000158493079], [0.0002095458324556932, -0.9999999713203398, 0.00011597354902098171, 0.08960030994702144], [-8.85473340896667e-05, -0.00011599210583761275, -0.9999999893526008, -0.0009356749630375897], [0.0, 0.0, 0.0, 1.0]]}, "mean_rme": {"type": "float", "data": 0.0013321053833175642}, "max_rme": {"type": "float", "data": 0.004093982507327426}, "simu": {"type": "float", "data": 0.002}}]}