{"type": "list", "data": [{"type": "dict", "image_number": {"type": "int", "data": 5}, "Hcamera2end": {"type": "ndarray", "data": [[0.9999918133335067, 0.0015412248241317788, -0.0037413756836909423, -0.018659919223778], [0.0037393554619927897, 0.0013115925040488863, 0.9999921484420927, 0.0358523510541387], [0.001546119883417384, -0.9999979521734758, 0.0013058185790142396, 0.026635605087226087], [0.0, 0.0, 0.0, 1.0]]}, "Hobj2base": {"type": "ndarray", "data": [[0.99999845105379, 0.0012144778982005318, 0.0012739440550798675, -0.7302800204592396], [0.0012172025960147969, -0.9999969689788697, -0.002140198802464703, 0.08523796149516884], [0.001271340969585169, 0.0021417461354229, -0.999996898303005, -0.0008039331461224374], [0.0, 0.0, 0.0, 1.0]]}, "mean_rme": {"type": "float", "data": 0.0008528100547644136}, "max_rme": {"type": "float", "data": 0.0028104103178036577}, "simu": {"type": "float", "data": 0.002}}, {"type": "dict", "image_number": {"type": "int", "data": 6}, "Hcamera2end": {"type": "ndarray", "data": [[0.9999891795063358, 0.002893023596487867, -0.003642977451967865, -0.01951218734763369], [0.0036391485180467544, 0.0013276690007475445, 0.9999924969183963, 0.036261985337473955], [0.0028978385581291412, -0.9999949338419146, 0.0013171264921797432, 0.02682614513498007], [0.0, 0.0, 0.0, 1.0]]}, "Hobj2base": {"type": "ndarray", "data": [[0.999996103767157, 0.002654633022829859, 0.0008633504615874933, -0.730592055982474], [0.002656387475597858, -0.9999943963151776, -0.0020373865178899366, 0.0838933676130595], [0.0008579371101129562, 0.0020396719731108847, -0.9999975518380819, -0.0010461728381226203], [0.0, 0.0, 0.0, 1.0]]}, "mean_rme": {"type": "float", "data": 0.0009278943361971363}, "max_rme": {"type": "float", "data": 0.0030310700901189924}, "simu": {"type": "float", "data": 0.002}}, {"type": "dict", "image_number": {"type": "int", "data": 7}, "Hcamera2end": {"type": "ndarray", "data": [[0.9999983952788002, 0.0010841473019011253, -0.0014262063147777164, -0.016357216316483642], [0.0014258242815975413, 0.00035307251398064565, 0.9999989211818768, 0.03670787769860973], [0.0010846496865523816, -0.9999993499820025, 0.00035152614384981185, 0.027257222352717853], [0.0, 0.0, 0.0, 1.0]]}, "Hobj2base": {"type": "ndarray", "data": [[0.9999994334616528, 0.0006537106582235273, 0.0008400825845332029, -0.7307486841443396], [0.0006537367696889236, -0.9999997858395344, -3.080780140250539e-05, 0.08849961936952389], [0.0008400622652325925, 3.1356976823789156e-05, -0.9999996466560026, -5.4229793088809786e-05], [0.0, 0.0, 0.0, 1.0]]}, "mean_rme": {"type": "float", "data": 0.0013479096047325624}, "max_rme": {"type": "float", "data": 0.003777145955102368}, "simu": {"type": "float", "data": 0.002}}, {"type": "dict", "image_number": {"type": "int", "data": 8}, "Hcamera2end": {"type": "ndarray", "data": [[-0.6974758870905944, 0.7162900033729834, 0.021354577849256928, 3063.752933594726], [0.016150802921522378, 0.04550456451530083, -0.9988335627987593, 191.66727188911509], [-0.7164262268316108, -0.6963174316906079, -0.04330699518111425, -7248.595121979739], [0.0, 0.0, 0.0, 1.0]]}, "Hobj2base": {"type": "ndarray", "data": [[0.6156095753752195, -0.786783208086989, 0.04468818835763915, 6754.99621953711], [0.7866628479020055, 0.6169008119097911, 0.02439163782419744, 3290.3852572759106], [-0.04675911073842327, 0.02013881171734133, 0.9987031660236015, -187.088504492095], [0.0, 0.0, 0.0, 1.0]]}, "mean_rme": {"type": "float", "data": 1079.6009472458168}, "max_rme": {"type": "float", "data": 3420.043615352981}, "simu": {"type": "float", "data": 0.002}}, {"type": "dict", "image_number": {"type": "int", "data": 8}, "Hcamera2end": {"type": "ndarray", "data": [[0.9999945448549579, 0.0010976356027720374, -0.0031153581510402813, -0.01544607996324682], [0.0031148355350916306, 0.0004775170266823059, 0.9999950348762132, 0.0366870647277277], [0.0010991177894367323, -0.9999992835865299, 0.0004740954673775333, 0.02864909585870067], [0.0, 0.0, 0.0, 1.0]]}, "Hobj2base": {"type": "ndarray", "data": [[0.9999994950976451, 0.0008844601069418974, 0.00047700605254563525, -0.7322706068916253], [0.0008852647938478148, -0.9999981811343335, -0.0016893887267463376, 0.08869815781593647], [0.000475510988001779, 0.0016898101504347622, -0.9999984592142912, -5.594337515221759e-05], [0.0, 0.0, 0.0, 1.0]]}, "mean_rme": {"type": "float", "data": 0.001348192319340682}, "max_rme": {"type": "float", "data": 0.003733835571563149}, "simu": {"type": "float", "data": 0.002}}, {"type": "dict", "image_number": {"type": "int", "data": 9}, "Hcamera2end": {"type": "ndarray", "data": [[0.9999956773053418, 0.0011969480983123357, -0.0026856444069714375, -0.01418569290358336], [0.0026852648567936913, 0.00031859261473798917, 0.9999963439190139, 0.03649786429536994], [0.0011977993486470254, -0.9999992329067037, 0.0003153771148955986, 0.030297284546932826], [0.0, 0.0, 0.0, 1.0]]}, "Hobj2base": {"type": "ndarray", "data": [[0.9999992501471298, 0.0009964185562903025, 0.0007119376650994174, -0.7336967991099991], [0.0009972958065260242, -0.9999987426659096, -0.0012329102457234336, 0.09024193800050598], [0.0007107082753088416, 0.0012336193336700586, -0.9999989865380299, -1.8418316343637997e-05], [0.0, 0.0, 0.0, 1.0]]}, "mean_rme": {"type": "float", "data": 0.0014722930193043378}, "max_rme": {"type": "float", "data": 0.003138036394313315}, "simu": {"type": "float", "data": 0.002}}, {"type": "dict", "image_number": {"type": "int", "data": 10}, "Hcamera2end": {"type": "ndarray", "data": [[0.9999966515124891, 0.0015371631494255804, -0.0020818485202938053, -0.015337500468782956], [0.002080933219745542, 0.0005968073523708872, 0.9999976567662142, 0.03652226089749259], [0.0015384020099963882, -0.9999986404742939, 0.0005936066201071011, 0.03037694704325694], [0.0, 0.0, 0.0, 1.0]]}, "Hobj2base": {"type": "ndarray", "data": [[0.9999991602003252, 0.0012720677168691712, 0.0002478757110483425, -0.733569665996208], [0.0012722620199542688, -0.9999988823272763, -0.000785298383751184, 0.08935081720339866], [0.0002468764812823419, 0.0007856130871106926, -0.999999660931983, 0.00022340756310680333], [0.0, 0.0, 0.0, 1.0]]}, "mean_rme": {"type": "float", "data": 0.001455709412227896}, "max_rme": {"type": "float", "data": 0.003468261178873694}, "simu": {"type": "float", "data": 0.002}}, {"type": "dict", "image_number": {"type": "int", "data": 11}, "Hcamera2end": {"type": "ndarray", "data": [[0.9999976685873014, 0.0014328235322610837, -0.0016154988972542908, -0.015307166270844757], [0.0016132813773554872, 0.0015474651844917808, 0.9999975013342283, 0.0366204638364598], [0.0014353198804130528, -0.9999977761816413, 0.001545150029190201, 0.031228306144568237], [0.0, 0.0, 0.0, 1.0]]}, "Hobj2base": {"type": "ndarray", "data": [[0.9999988252717408, 0.0013007088231907155, -0.000810932608603793, -0.73502056864954], [0.0013002153923610251, -0.9999989694592508, -0.0006087038439108643, 0.08923226341117095], [-0.00081172351936518, 0.0006076487417893833, -0.999999485933835, 0.0005566797803754353], [0.0, 0.0, 0.0, 1.0]]}, "mean_rme": {"type": "float", "data": 0.0014978369060561444}, "max_rme": {"type": "float", "data": 0.0035630366695904303}, "simu": {"type": "float", "data": 0.002}}, {"type": "dict", "image_number": {"type": "int", "data": 12}, "Hcamera2end": {"type": "ndarray", "data": [[0.9999979157679969, 0.0012061347386738382, -0.0016473307665129365, -0.014993094064290089], [0.0016459985945394562, 0.001104657640322193, 0.9999980352081321, 0.03660645225843478], [0.0012079521053874785, -0.9999986624843507, 0.0011026700418746982, 0.03131149494414906], [0.0, 0.0, 0.0, 1.0]]}, "Hobj2base": {"type": "ndarray", "data": [[0.9999993219716222, 0.0010617435101308414, -0.0004782854946821279, -0.7346776060120829], [0.0010613109572825258, -0.9999990284451823, -0.0009037299061872599, 0.08941368222762708], [-0.0004792445593643568, 0.0009032216837965224, -0.9999994772574845, 0.0005511702509290265], [0.0, 0.0, 0.0, 1.0]]}, "mean_rme": {"type": "float", "data": 0.0015010494291695373}, "max_rme": {"type": "float", "data": 0.003636784489203765}, "simu": {"type": "float", "data": 0.002}}, {"type": "dict", "image_number": {"type": "int", "data": 13}, "Hcamera2end": {"type": "ndarray", "data": [[0.999997945729595, 0.0013268460899033654, -0.0015323237398685375, -0.015018675178222567], [0.0015308858006201243, 0.0010840655391531895, 0.9999982405937382, 0.03664904019080681], [0.001328504894803264, -0.9999985321396028, 0.0010820320623508017, 0.03152351932462192], [0.0, 0.0, 0.0, 1.0]]}, "Hobj2base": {"type": "ndarray", "data": [[0.9999991632148892, 0.0011791133451840082, -0.0005322229236225249, -0.7348925911817943], [0.0011786920462306491, -0.9999989923398203, -0.0007912044014967434, 0.0893148436115882], [-0.0005331553069912509, 0.0007905764125017852, -0.9999995453670742, 0.0005614758859126716], [0.0, 0.0, 0.0, 1.0]]}, "mean_rme": {"type": "float", "data": 0.0014279512630732813}, "max_rme": {"type": "float", "data": 0.003635763284411786}, "simu": {"type": "float", "data": 0.002}}, {"type": "dict", "image_number": {"type": "int", "data": 14}, "Hcamera2end": {"type": "ndarray", "data": [[0.9999980143329296, 0.0012588275341534202, -0.0015448894579733975, -0.014935557214001905], [0.0015441497209726202, 0.0005883998395985746, 0.9999986346927022, 0.036729567017820444], [0.0012597348281762706, -0.9999990345689683, 0.0005864548530467584, 0.031882362326367666], [0.0, 0.0, 0.0, 1.0]]}, "Hobj2base": {"type": "ndarray", "data": [[0.9999993582827968, 0.0011296137247617103, -8.606292647054215e-05, -0.7349572761647811], [0.0011295319427377297, -0.9999989160817482, -0.0009444537672559205, 0.08940938406200329], [-8.712970112326056e-05, 0.0009443559503591566, -0.9999995503000259, 0.0006018312755440847], [0.0, 0.0, 0.0, 1.0]]}, "mean_rme": {"type": "float", "data": 0.0013710507822336459}, "max_rme": {"type": "float", "data": 0.004006521313946132}, "simu": {"type": "float", "data": 0.002}}, {"type": "dict", "image_number": {"type": "int", "data": 15}, "Hcamera2end": {"type": "ndarray", "data": [[0.9999984441904793, 0.001058660450307836, -0.001410976495789734, -0.015141098523744815], [0.0014103394144819566, 0.0006022859877684583, 0.9999988240964712, 0.03672215781084704], [0.0010595090167977617, -0.9999992582445449, 0.0006007919801664929, 0.031986729951850826], [0.0, 0.0, 0.0, 1.0]]}, "Hobj2base": {"type": "ndarray", "data": [[0.9999994895488129, 0.000998207191925781, -0.0001564752873327408, -0.7349895849591449], [0.0009980787050926604, -0.999999166480928, -0.0008190704170122356, 0.08927258219607755], [-0.00015729275888855972, 0.0008189138242646089, -0.999999652319508, 0.0006062291720634772], [0.0, 0.0, 0.0, 1.0]]}, "mean_rme": {"type": "float", "data": 0.0013257424379004258}, "max_rme": {"type": "float", "data": 0.00401535595953928}, "simu": {"type": "float", "data": 0.002}}, {"type": "dict", "image_number": {"type": "int", "data": 16}, "Hcamera2end": {"type": "ndarray", "data": [[0.9999978664994112, 0.0014326843788133078, -0.0014880900834609375, -0.01486574917396149], [0.0014871072865433302, 0.0006868039203759002, 0.9999986584052467, 0.03672707641627251], [0.0014337044828346556, -0.9999987378571265, 0.0006846718997002288, 0.03187136695755391], [0.0, 0.0, 0.0, 1.0]]}, "Hobj2base": {"type": "ndarray", "data": [[0.999999043691306, 0.0013683406414105226, -0.000200649850430333, -0.7352004501921552], [0.0013681520389307053, -0.9999986249989303, -0.0009371020474599149, 0.08939325807385551], [-0.0002019318493532624, 0.0009368266317991024, -0.9999995407895896, 0.0005230886130355612], [0.0, 0.0, 0.0, 1.0]]}, "mean_rme": {"type": "float", "data": 0.0013358599964833338}, "max_rme": {"type": "float", "data": 0.003900273116569042}, "simu": {"type": "float", "data": 0.002}}, {"type": "dict", "image_number": {"type": "int", "data": 17}, "Hcamera2end": {"type": "ndarray", "data": [[0.9999987659546942, 0.0007488780965690636, -0.001381039711720595, -0.014933379345011443], [0.0013807063135770781, 0.0004455312007459744, 0.9999989475754585, 0.036757494887164115], [0.0007494926047124169, -0.9999996203417005, 0.0004444966702242814, 0.03203580101989779], [0.0, 0.0, 0.0, 1.0]]}, "Hobj2base": {"type": "ndarray", "data": [[0.9999996503210593, 0.0007147308690243235, -0.0004341860707168073, -0.7350865902646494], [0.0007142565177659712, -0.9999991490344375, -0.0010916812846539267, 0.0896226297426144], [-0.00043496595955269175, 0.0010913707826850389, -0.9999993098569762, 0.0006002493959730815], [0.0, 0.0, 0.0, 1.0]]}, "mean_rme": {"type": "float", "data": 0.001319703005622903}, "max_rme": {"type": "float", "data": 0.004152153443034046}, "simu": {"type": "float", "data": 0.002}}, {"type": "dict", "image_number": {"type": "int", "data": 18}, "Hcamera2end": {"type": "ndarray", "data": [[0.9999988838518118, 0.000867443189419816, -0.0012164856940374384, -0.01477626926428184], [0.0012161589101978077, 0.0003771487546223584, 0.9999991893578323, 0.036810254038810775], [0.0008679012822983105, -0.9999995526504647, 0.00037609338490462996, 0.0322328290464767], [0.0, 0.0, 0.0, 1.0]]}, "Hobj2base": {"type": "ndarray", "data": [[0.9999995720551884, 0.000823276328215737, -0.0004220255055871452, -0.7353380103313213], [0.0008228956297973645, -0.999999255109872, -0.0009014557576307005, 0.08979659560639904], [-0.00042276733841070365, 0.0009011080889131754, -0.9999995046358718, 0.0006094502425567145], [0.0, 0.0, 0.0, 1.0]]}, "mean_rme": {"type": "float", "data": 0.0012960680438840768}, "max_rme": {"type": "float", "data": 0.004255192524469487}, "simu": {"type": "float", "data": 0.002}}, {"type": "dict", "image_number": {"type": "int", "data": 19}, "Hcamera2end": {"type": "ndarray", "data": [[0.9999986339118601, 0.0011839264689711604, -0.0011534697784140412, -0.014940557852550433], [0.0011529487657819324, 0.0004406599865621752, 0.9999992382636699, 0.03664516708509817], [0.0011844338551084126, -0.999999202068128, 0.0004392943780205938, 0.03173493671692226], [0.0, 0.0, 0.0, 1.0]]}, "Hobj2base": {"type": "ndarray", "data": [[0.9999992738794817, 0.0011314156919316211, -0.0004148964223943204, -0.7349848333765615], [0.0011310855583930302, -0.9999990442506816, -0.000795074325641138, 0.08942958311814724], [-0.00041579558542562974, 0.0007946044649697573, -0.999999597858807, 0.0005676713106147626], [0.0, 0.0, 0.0, 1.0]]}, "mean_rme": {"type": "float", "data": 0.001403433814109231}, "max_rme": {"type": "float", "data": 0.003919073113826055}, "simu": {"type": "float", "data": 0.002}}, {"type": "dict", "image_number": {"type": "int", "data": 20}, "Hcamera2end": {"type": "ndarray", "data": [[0.9999985547622031, 0.0012241589448627505, -0.0011797916692450486, -0.014912460037075592], [0.0011792096576612563, 0.0004760508170865707, 0.9999991914197748, 0.03712317701766557], [0.0012247195958201714, -0.9999991374048769, 0.0004746065890296469, 0.03176497237415038], [0.0, 0.0, 0.0, 1.0]]}, "Hobj2base": {"type": "ndarray", "data": [[0.9999992205640307, 0.0011793243919979456, -0.0004099576923627198, -0.7349782271947461], [0.0011790329336268859, -0.9999990525609657, -0.0007104635897805944, 0.08959045674356819], [-0.00041079517099385437, 0.0007099796823990284, -0.9999996635880326, 0.0001472371226758751], [0.0, 0.0, 0.0, 1.0]]}, "mean_rme": {"type": "float", "data": 0.0013872585656911198}, "max_rme": {"type": "float", "data": 0.003958848174570873}, "simu": {"type": "float", "data": 0.002}}, {"type": "dict", "image_number": {"type": "int", "data": 21}, "Hcamera2end": {"type": "ndarray", "data": [[0.999998885880809, 0.0010003282339088226, -0.0011079623483113412, -0.014816524278652295], [0.0011075094947620605, 0.0004531454532150647, 0.9999992840407023, 0.037136463961585944], [0.0010008295858149937, -0.9999993970011295, 0.00045203707534013926, 0.03179747377351407], [0.0, 0.0, 0.0, 1.0]]}, "Hobj2base": {"type": "ndarray", "data": [[0.999999463782029, 0.0009710849199425524, -0.00035976344003213186, -0.7348724812950609], [0.0009708435155174121, -0.9999993038945416, -0.0006705768416753189, 0.08974914661643132], [-0.0003604143766574511, 0.00067022720809709, -0.9999997104484415, 0.00017103827493215014], [0.0, 0.0, 0.0, 1.0]]}, "mean_rme": {"type": "float", "data": 0.0013616365333295691}, "max_rme": {"type": "float", "data": 0.003982634476295488}, "simu": {"type": "float", "data": 0.002}}, {"type": "dict", "image_number": {"type": "int", "data": 22}, "Hcamera2end": {"type": "ndarray", "data": [[0.9999991385455278, 0.0007940767690743087, -0.0010451556281890417, -0.014897082024158551], [0.001044772647914364, 0.0004825581165425197, 0.99999933779367, 0.03715039296231448], [0.0007945805915630785, -0.9999995682897813, 0.0004817280711520988, 0.03183328489129815], [0.0, 0.0, 0.0, 1.0]]}, "Hobj2base": {"type": "ndarray", "data": [[0.9999996085967061, 0.000780104616812659, -0.00041742450977322977, -0.7348346250736868], [0.0007798323500791024, -0.9999994833658836, -0.0006520195328149394, 0.08971449163894446], [-0.00041793293756528803, 0.0006516937564759094, -0.9999997003136087, 0.00017739864375945012], [0.0, 0.0, 0.0, 1.0]]}, "mean_rme": {"type": "float", "data": 0.0013316191118848248}, "max_rme": {"type": "float", "data": 0.003994406361089942}, "simu": {"type": "float", "data": 0.002}}, {"type": "dict", "image_number": {"type": "int", "data": 23}, "Hcamera2end": {"type": "ndarray", "data": [[0.9999990119406161, 0.0009963279140843705, -0.0009916897090772087, -0.014682580807827335], [0.000991285860456234, 0.0004057491429243498, 0.9999994263598234, 0.03708612151558113], [0.000996729719800155, -0.999999421348993, 0.000404761096246542, 0.03199134724206873], [0.0, 0.0, 0.0, 1.0]]}, "Hobj2base": {"type": "ndarray", "data": [[0.9999994696953897, 0.0009746485726913679, -0.0003326696546314301, -0.7347649915440162], [0.000974443747628249, -0.9999993359269901, -0.0006153088340637874, 0.08995745339648763], [-0.00033326914359137596, 0.0006149843398976947, -0.9999997553629398, 0.00015712133288766107], [0.0, 0.0, 0.0, 1.0]]}, "mean_rme": {"type": "float", "data": 0.001384502948952725}, "max_rme": {"type": "float", "data": 0.00402560544927455}, "simu": {"type": "float", "data": 0.002}}, {"type": "dict", "image_number": {"type": "int", "data": 24}, "Hcamera2end": {"type": "ndarray", "data": [[0.9999989861037738, 0.0011273127714170723, -0.0008700329532532903, -0.014803405288476328], [0.0008696076861171863, 0.0003776749644224253, 0.9999995505719458, 0.03707124989530797], [0.0011276408544357531, -0.9999992932635186, 0.0003766942616485469, 0.03207011181083366], [0.0, 0.0, 0.0, 1.0]]}, "Hobj2base": {"type": "ndarray", "data": [[0.9999993340514134, 0.0011039377027858952, -0.00033647923867391043, -0.7348128425618974], [0.0011037689866744884, -0.9999992652510068, -0.0005011900536649052, 0.08985237431342925], [-0.0003370322740426307, 0.0005008183245497892, -0.999999817795109, 0.00010029318309801259], [0.0, 0.0, 0.0, 1.0]]}, "mean_rme": {"type": "float", "data": 0.0013790784599343458}, "max_rme": {"type": "float", "data": 0.00402190330704405}, "simu": {"type": "float", "data": 0.002}}, {"type": "dict", "image_number": {"type": "int", "data": 25}, "Hcamera2end": {"type": "ndarray", "data": [[0.9999989088530022, 0.0011929404355502382, -0.0008713127579256764, -0.014695984891588215], [0.0008708241033471486, 0.00041008010558696295, 0.9999995367497365, 0.03705365702000652], [0.0011932971909480365, -0.9999992043633954, 0.00040904081684423055, 0.031977903455051596], [0.0, 0.0, 0.0, 1.0]]}, "Hobj2base": {"type": "ndarray", "data": [[0.9999992520391165, 0.0011644955028963491, -0.00037399389198420707, -0.7348611601829634], [0.0011643093037607144, -0.9999991983393515, -0.0004976992063758706, 0.08998053800099631], [-0.0003745731606556408, 0.0004972633895483457, -0.9999998062120157, 2.507959151651029e-05], [0.0, 0.0, 0.0, 1.0]]}, "mean_rme": {"type": "float", "data": 0.001420973220801376}, "max_rme": {"type": "float", "data": 0.004071668613686796}, "simu": {"type": "float", "data": 0.002}}, {"type": "dict", "image_number": {"type": "int", "data": 26}, "Hcamera2end": {"type": "ndarray", "data": [[0.9999983070975244, 0.001512736983715807, -0.0010475824089158103, -0.014855642519818328], [0.0010469419072363993, 0.0004241356629596238, 0.9999993620105877, 0.037178970462598916], [0.001513180335665138, -0.9999987658671173, 0.0004225511971964746, 0.0319486235746445], [0.0, 0.0, 0.0, 1.0]]}, "Hobj2base": {"type": "ndarray", "data": [[0.9999987998712901, 0.001499569353817995, -0.0003892913209280271, -0.7349489066735954], [0.0014993285100387633, -0.9999986849027509, -0.000618228750428595, 0.08971939129620686], [-0.0003902178858598737, 0.0006176443328983443, -0.9999997331227042, -0.00022633385278066182], [0.0, 0.0, 0.0, 1.0]]}, "mean_rme": {"type": "float", "data": 0.0014249162791340009}, "max_rme": {"type": "float", "data": 0.004219467327252979}, "simu": {"type": "float", "data": 0.002}}, {"type": "dict", "image_number": {"type": "int", "data": 27}, "Hcamera2end": {"type": "ndarray", "data": [[0.999997529383497, 0.0019410896967564312, -0.001083234827360845, -0.01487913238049627], [0.0010825440037463057, 0.0003569100647209389, 0.9999993503566317, 0.037208718204052645], [0.0019414750531527238, -0.9999980523911006, 0.0003548078679210809, 0.03192463516376594], [0.0, 0.0, 0.0, 1.0]]}, "Hobj2base": {"type": "ndarray", "data": [[0.9999980134885476, 0.0019356989719350398, -0.000475487590565022, -0.7350939392464757], [0.0019354090025621115, -0.9999979413238562, -0.0006095408450891788, 0.0896150010218968], [-0.0004766664992772543, 0.0006086193712659231, -0.99999970118571, -0.00022516081223502202], [0.0, 0.0, 0.0, 1.0]]}, "mean_rme": {"type": "float", "data": 0.0014270823031396753}, "max_rme": {"type": "float", "data": 0.004331068009252426}, "simu": {"type": "float", "data": 0.002}}, {"type": "dict", "image_number": {"type": "int", "data": 28}, "Hcamera2end": {"type": "ndarray", "data": [[0.9999978827695439, 0.0017676985796656174, -0.0010534221190495444, -0.014750717413008471], [0.0010527665231797037, 0.0003717648852904487, 0.9999993767365647, 0.03827638896246047], [0.0017680891032769788, -0.99999836851497, 0.00036990312429086014, 0.03190393948384953], [0.0, 0.0, 0.0, 1.0]]}, "Hobj2base": {"type": "ndarray", "data": [[0.9999983228399384, 0.0017754392241881491, -0.00044959189444841426, -0.7350242456760291], [0.001775205466122877, -0.9999982892251482, -0.0005198002790770332, 0.08962465647410203], [-0.00045051399910212497, 0.0005190012893002159, -0.9999997638373714, -0.0013062700959152681], [0.0, 0.0, 0.0, 1.0]]}, "mean_rme": {"type": "float", "data": 0.0014539083468350087}, "max_rme": {"type": "float", "data": 0.0042366488398705715}, "simu": {"type": "float", "data": 0.002}}, {"type": "dict", "image_number": {"type": "int", "data": 29}, "Hcamera2end": {"type": "ndarray", "data": [[0.9999963747276244, 0.002422549315587444, -0.001175494118319616, -0.014867733174536633], [0.0011745519632461528, 0.00039029660444644954, 0.9999992340478299, 0.03820263916566702], [0.002423006251393465, -0.9999969894571554, 0.00038744977946025827, 0.03200671233135012], [0.0, 0.0, 0.0, 1.0]]}, "Hobj2base": {"type": "ndarray", "data": [[0.9999969498507043, 0.002411378446801141, -0.0005343624933061294, -0.7350907513428884], [0.002411092890943222, -0.9999969505259074, -0.0005343874592229855, 0.08940704348495435], [-0.0005356494741829613, 0.0005330974316526561, -0.9999997144433435, -0.0011254460842607566], [0.0, 0.0, 0.0, 1.0]]}, "mean_rme": {"type": "float", "data": 0.0014797040425186493}, "max_rme": {"type": "float", "data": 0.004143092425724526}, "simu": {"type": "float", "data": 0.002}}, {"type": "dict", "image_number": {"type": "int", "data": 30}, "Hcamera2end": {"type": "ndarray", "data": [[0.9999967536563491, 0.0022293665589454507, -0.0012339374007375474, -0.014893896196587035], [0.0012330266213680051, 0.00040986554585231705, 0.9999991558274363, 0.03824007941012073], [0.002229870425401668, -0.99999743096419, 0.0004071153469720201, 0.03203092624849982], [0.0, 0.0, 0.0, 1.0]]}, "Hobj2base": {"type": "ndarray", "data": [[0.9999973848659416, 0.0022372102732747035, -0.0004745012866348516, -0.7350034126123591], [0.0022369732421630493, -0.9999973732311827, -0.0004994811796292981, 0.08943471066773218], [-0.0004756174846560421, 0.0004984184267374795, -0.9999997626835122, -0.0011355809111740001], [0.0, 0.0, 0.0, 1.0]]}, "mean_rme": {"type": "float", "data": 0.0014791907484900967}, "max_rme": {"type": "float", "data": 0.004096238495339133}, "simu": {"type": "float", "data": 0.002}}]}