{"type": "list", "data": [{"type": "dict", "image_number": {"type": "int", "data": 5}, "Hcamera2end": {"type": "ndarray", "data": [[0.9999891752495309, -0.002496139184157462, -0.003926661805694059, -0.017758062403733836], [0.0039279116468241265, 0.0004960047284693347, 0.9999921627139905, 0.03285516545500449], [-0.002494171978378033, -0.9999967616289978, 0.0005058039735154063, 0.03016650298679026], [0.0, 0.0, 0.0, 1.0]]}, "Hobj2base": {"type": "ndarray", "data": [[0.999996531323059, -0.002503595231830334, 0.0008181398202243734, -0.7330715879548755], [-0.002503135767111474, -0.9999967091501016, -0.0005621390386969875, 0.08845652810584995], [0.0008195444964659366, 0.0005600891737717646, -0.9999995073233465, -0.006962236896931118], [0.0, 0.0, 0.0, 1.0]]}, "mean_rme": {"type": "float", "data": 0.0015754580084954744}, "max_rme": {"type": "float", "data": 0.0031663894924012226}, "simu": {"type": "float", "data": 0.002}}, {"type": "dict", "image_number": {"type": "int", "data": 6}, "Hcamera2end": {"type": "ndarray", "data": [[0.9999969426912434, -0.0012210829673038272, -0.002150247556218918, -0.016071783144888434], [0.0021514272165585463, 0.0009655867473140622, 0.999997219497717, 0.031066973840509632], [-0.0012190033215361195, -0.999998788298576, 0.000968210866346797, 0.030242835447510205], [0.0, 0.0, 0.0, 1.0]]}, "Hobj2base": {"type": "ndarray", "data": [[0.999998752492983, -0.0012421894498613028, 0.0009756935217990377, -0.7335829695289298], [-0.0012431715998161006, -0.9999987205825669, 0.0010066566461670418, 0.08923717657509027], [0.0009744418152142348, -0.001007868344832237, -0.9999990173317914, -0.004150992701990486], [0.0, 0.0, 0.0, 1.0]]}, "mean_rme": {"type": "float", "data": 0.0014607195872905555}, "max_rme": {"type": "float", "data": 0.003217849464838385}, "simu": {"type": "float", "data": 0.002}}, {"type": "dict", "image_number": {"type": "int", "data": 7}, "Hcamera2end": {"type": "ndarray", "data": [[0.9999970108115238, -0.0015564722712640598, -0.001885672846978261, -0.01640415501300324], [0.0018875615099243207, 0.0012128496261272215, 0.9999974830504973, 0.031770798632932376], [-0.0015541813160944965, -0.9999980531930311, 0.001215783937841608, 0.030658383300168804], [0.0, 0.0, 0.0, 1.0]]}, "Hobj2base": {"type": "ndarray", "data": [[0.9999985643187709, -0.001439805973199768, 0.0008934870769170734, -0.7333660225297596], [-0.0014404654536172485, -0.9999986902855398, 0.0007378932723292124, 0.08930022536404791], [0.0008924234835630454, -0.0007391792502172447, -0.9999993285969553, -0.00484723523813489], [0.0, 0.0, 0.0, 1.0]]}, "mean_rme": {"type": "float", "data": 0.001602709441220314}, "max_rme": {"type": "float", "data": 0.004667971285626515}, "simu": {"type": "float", "data": 0.002}}, {"type": "dict", "image_number": {"type": "int", "data": 8}, "Hcamera2end": {"type": "ndarray", "data": [[0.9999948230832665, -0.0023804108127247463, -0.0021650522001021837, -0.016530737780016486], [0.002167041734131631, 0.0008335330880618885, 0.999997304572724, 0.03169166808934591], [-0.002378599753854348, -0.9999968194284186, 0.0008386872225060182, 0.03098216386007534], [0.0, 0.0, 0.0, 1.0]]}, "Hobj2base": {"type": "ndarray", "data": [[0.9999971530547882, -0.0022964523797219375, 0.0006482197051024863, -0.7330193120691737], [-0.0022965131729253377, -0.9999973586804132, 9.305613574513033e-05, 0.0891805071659432], [0.0006480042939627028, -9.454451591112787e-05, -0.999999785575862, -0.005013382987517329], [0.0, 0.0, 0.0, 1.0]]}, "mean_rme": {"type": "float", "data": 0.0015710951663070987}, "max_rme": {"type": "float", "data": 0.004454653464984082}, "simu": {"type": "float", "data": 0.002}}, {"type": "dict", "image_number": {"type": "int", "data": 9}, "Hcamera2end": {"type": "ndarray", "data": [[0.9999962110472721, -0.0014397269406870162, -0.002346290143174474, -0.015855117850127273], [0.0023479324329947248, 0.0011400673840409326, 0.9999965937240236, 0.030517019149690343], [-0.001437047107713996, -0.9999983137149262, 0.001143443445958181, 0.030797805782720428], [0.0, 0.0, 0.0, 1.0]]}, "Hobj2base": {"type": "ndarray", "data": [[0.9999988338928063, -0.0014194253235463932, 0.0005634223801266329, -0.733382023455122], [-0.0014194025797797107, -0.9999989918167584, -4.076497886402812e-05, 0.08885806481656201], [0.0005634796749369446, 3.9965208147835645e-05, -0.9999998404467063, -0.0036896620827873952], [0.0, 0.0, 0.0, 1.0]]}, "mean_rme": {"type": "float", "data": 0.001675269126273663}, "max_rme": {"type": "float", "data": 0.004591022083556551}, "simu": {"type": "float", "data": 0.002}}, {"type": "dict", "image_number": {"type": "int", "data": 10}, "Hcamera2end": {"type": "ndarray", "data": [[0.9999952056915602, -0.0014732295212505548, -0.002723635194349086, -0.015511897311425587], [0.002726002976321457, 0.0016075919476890022, 0.9999949922654128, 0.03040561385833208], [-0.0014688436497012482, -0.9999976226186278, 0.0016116002684570807, 0.03079305870736585], [0.0, 0.0, 0.0, 1.0]]}, "Hobj2base": {"type": "ndarray", "data": [[0.9999989363683572, -0.0014434542044054512, 0.000209050505823354, -0.7335506981609987], [-0.001443334808893792, -0.9999987958495158, -0.0005701615104170425, 0.08894901283864456], [0.00020987325612448782, 0.0005698591741033469, -0.9999998156068521, -0.0036696661546203823], [0.0, 0.0, 0.0, 1.0]]}, "mean_rme": {"type": "float", "data": 0.0015653252858491742}, "max_rme": {"type": "float", "data": 0.004458496858168792}, "simu": {"type": "float", "data": 0.002}}, {"type": "dict", "image_number": {"type": "int", "data": 11}, "Hcamera2end": {"type": "ndarray", "data": [[0.9999929433231715, -0.0015110253222557967, -0.0034394921625143593, -0.014378279572876306], [0.003442044659583125, 0.0016899081349932565, 0.9999926482425042, 0.030154570625463707], [-0.0015052017877783784, -0.9999974305031843, 0.001695097226498632, 0.029691928943047285], [0.0, 0.0, 0.0, 1.0]]}, "Hobj2base": {"type": "ndarray", "data": [[0.9999990209504346, -0.0013990833402761835, 2.5767796632742675e-05, -0.7327246612428095], [-0.001399048625949987, -0.9999981747050815, -0.0013012491875750967, 0.08959646681697829], [2.7588305658798647e-05, 0.0013012118631871722, -0.9999991530429277, -0.0032651078010614083], [0.0, 0.0, 0.0, 1.0]]}, "mean_rme": {"type": "float", "data": 0.0016124828988160807}, "max_rme": {"type": "float", "data": 0.0046864594127675185}, "simu": {"type": "float", "data": 0.002}}, {"type": "dict", "image_number": {"type": "int", "data": 12}, "Hcamera2end": {"type": "ndarray", "data": [[0.9999922562325111, -0.0012762687912315357, -0.0037227158076468137, -0.0138199521433315], [0.00372508127552778, 0.0018560846873669767, 0.9999913393220584, 0.02973469715075964], [-0.0012693480620725752, -0.9999974630405849, 0.0018608245192555106, 0.030026899501723443], [0.0, 0.0, 0.0, 1.0]]}, "Hobj2base": {"type": "ndarray", "data": [[0.9999993507694972, -0.0011321115226307172, -0.00012955340401236238, -0.7329766792384902], [-0.0011322926652250617, -0.9999983694369048, -0.0014067824467141636, 0.09018474098261853], [-0.00012796055814960318, 0.0014069282257572063, -0.9999990020890339, -0.0029698118723566528], [0.0, 0.0, 0.0, 1.0]]}, "mean_rme": {"type": "float", "data": 0.0016326659934497697}, "max_rme": {"type": "float", "data": 0.0044635802342759545}, "simu": {"type": "float", "data": 0.002}}, {"type": "dict", "image_number": {"type": "int", "data": 13}, "Hcamera2end": {"type": "ndarray", "data": [[0.9999952276496114, -0.0014576946063217444, -0.0027239317973406087, -0.014373223606865684], [0.002726991995842259, 0.002101487785906242, 0.999994073614309, 0.02948841435966266], [-0.0014519616580595351, -0.9999967294324118, 0.002105452878394032, 0.03033708867156705], [0.0, 0.0, 0.0, 1.0]]}, "Hobj2base": {"type": "ndarray", "data": [[0.9999990629736167, -0.001350164264048218, -0.0002260715563357004, -0.7335002345989933], [-0.0013502453876355354, -0.9999990239515015, -0.0003590730248572332, 0.09048967259073205], [-0.0002255865281125514, 0.0003593779404725532, -0.999999909979103, -0.002908526956076753], [0.0, 0.0, 0.0, 1.0]]}, "mean_rme": {"type": "float", "data": 0.0016637991265500071}, "max_rme": {"type": "float", "data": 0.004581715743432524}, "simu": {"type": "float", "data": 0.002}}, {"type": "dict", "image_number": {"type": "int", "data": 14}, "Hcamera2end": {"type": "ndarray", "data": [[0.9999953882252546, -0.0014943309875869227, -0.002643955960640681, -0.014484891302173543], [0.0026470818074863923, 0.0020937110868398667, 0.9999943046496761, 0.029584652221354826], [-0.001488786796940539, -0.9999966916689197, 0.0020976570474875444, 0.030269360215422505], [0.0, 0.0, 0.0, 1.0]]}, "Hobj2base": {"type": "ndarray", "data": [[0.9999990155427642, -0.0013779342225415196, -0.00026497317015135947, -0.733534210862503], [-0.0013780253693242742, -0.9999989913164813, -0.000344110595033181, 0.09059873102682758], [-0.00026449874111205443, 0.0003444753960216746, -0.9999999056885545, -0.0030250225080625725], [0.0, 0.0, 0.0, 1.0]]}, "mean_rme": {"type": "float", "data": 0.0016231836694528756}, "max_rme": {"type": "float", "data": 0.004695680342923503}, "simu": {"type": "float", "data": 0.002}}, {"type": "dict", "image_number": {"type": "int", "data": 15}, "Hcamera2end": {"type": "ndarray", "data": [[0.9999959327410058, -0.0014883396548044648, -0.0024329707186099463, -0.014596011660091786], [0.002435909076448659, 0.001975635531232922, 0.9999950815935144, 0.029412331212531215], [-0.0014835256711469176, -0.9999969408499809, 0.0019792529558855243, 0.029959975218205894], [0.0, 0.0, 0.0, 1.0]]}, "Hobj2base": {"type": "ndarray", "data": [[0.9999991038083319, -0.0013165637740738978, -0.00024298634103616748, -0.7332364122674285], [-0.0013165889576719316, -0.9999991279390943, -0.00010351119190136897, 0.09070810485517453], [-0.0002428498500518104, 0.00010383101226897456, -0.9999999651215348, -0.002796317438536796], [0.0, 0.0, 0.0, 1.0]]}, "mean_rme": {"type": "float", "data": 0.0015880683224131899}, "max_rme": {"type": "float", "data": 0.004775165288045835}, "simu": {"type": "float", "data": 0.002}}, {"type": "dict", "image_number": {"type": "int", "data": 16}, "Hcamera2end": {"type": "ndarray", "data": [[0.9999967012581628, -0.0014720506429654605, -0.002104884723034938, -0.014628336709986799], [0.0021078054253737114, 0.00198537566058532, 0.9999958077111, 0.029293044860280653], [-0.001467865484806438, -0.9999969456705311, 0.00198847190767526, 0.029946796551622357], [0.0, 0.0, 0.0, 1.0]]}, "Hobj2base": {"type": "ndarray", "data": [[0.9999991165540056, -0.0012995929238476134, -0.0002791942701556861, -0.7332087918712127], [-0.001299534226483317, -0.9999991334883873, 0.00021031706779020497, 0.09090088168746928], [-0.00027946735480367335, -0.00020995405947652854, -0.9999999389086434, -0.002787266484505141], [0.0, 0.0, 0.0, 1.0]]}, "mean_rme": {"type": "float", "data": 0.00154937537423446}, "max_rme": {"type": "float", "data": 0.004753525739426612}, "simu": {"type": "float", "data": 0.002}}, {"type": "dict", "image_number": {"type": "int", "data": 17}, "Hcamera2end": {"type": "ndarray", "data": [[0.9999968634983826, -0.001431295692380815, -0.002055331126168034, -0.014574197325177816], [0.0020581420934033066, 0.0019652361434584487, 0.9999959509408145, 0.02880719437487394], [-0.001427250685963924, -0.9999970446154036, 0.0019681757894047802, 0.029986583086426866], [0.0, 0.0, 0.0, 1.0]]}, "Hobj2base": {"type": "ndarray", "data": [[0.9999991362913875, -0.001298843121078784, -0.00020105478312871361, -0.7331376079450161], [-0.0012987833495226471, -0.9999991124357499, 0.0002971355311763976, 0.09074600636254869], [-0.00020144053712037232, -0.00029687414793321074, -0.9999999356437232, -0.0023370143001757177], [0.0, 0.0, 0.0, 1.0]]}, "mean_rme": {"type": "float", "data": 0.0015119299471628028}, "max_rme": {"type": "float", "data": 0.004647562447536502}, "simu": {"type": "float", "data": 0.002}}, {"type": "dict", "image_number": {"type": "int", "data": 18}, "Hcamera2end": {"type": "ndarray", "data": [[0.9999969658057073, -0.0012371445517218526, -0.002130223635476538, -0.014653843341596154], [0.002132634531068153, 0.0019507196016743666, 0.999995823272774, 0.028551414710215172], [-0.001232983915504846, -0.9999973320796384, 0.001953352060003022, 0.030003265751322165], [0.0, 0.0, 0.0, 1.0]]}, "Hobj2base": {"type": "ndarray", "data": [[0.9999993399980022, -0.0011458866470419207, -8.335077750908357e-05, -0.7331091617696551], [-0.001145863805515644, -0.9999993060763466, 0.0002735744225837615, 0.090521926346114], [-8.366420494781845e-05, -0.00027347873338498676, -0.9999999591048407, -0.002210802702997194], [0.0, 0.0, 0.0, 1.0]]}, "mean_rme": {"type": "float", "data": 0.0014679549879607122}, "max_rme": {"type": "float", "data": 0.004571392183589651}, "simu": {"type": "float", "data": 0.002}}, {"type": "dict", "image_number": {"type": "int", "data": 19}, "Hcamera2end": {"type": "ndarray", "data": [[0.9999966088216118, -0.0011461881512750004, -0.0023385033671762608, -0.014950296933246416], [0.0023407313515959602, 0.0019463492177684838, 0.9999953663399955, 0.028152990750929616], [-0.001141631296029354, -0.9999974489854683, 0.001949025535891602, 0.029946470032402844], [0.0, 0.0, 0.0, 1.0]]}, "Hobj2base": {"type": "ndarray", "data": [[0.9999994473461613, -0.0010474094766972787, -9.077863221872957e-05, -0.7331751346545933], [-0.0010474035004856685, -0.9999994493043378, 6.585535796451553e-05, 0.08996957222306161], [-9.084755975335392e-05, -6.576023971214395e-05, -0.9999999937111557, -0.00210724339043676], [0.0, 0.0, 0.0, 1.0]]}, "mean_rme": {"type": "float", "data": 0.0015203637950282505}, "max_rme": {"type": "float", "data": 0.004681495088831533}, "simu": {"type": "float", "data": 0.002}}, {"type": "dict", "image_number": {"type": "int", "data": 20}, "Hcamera2end": {"type": "ndarray", "data": [[0.9999960939566737, -0.001164885445894966, -0.002540691499072505, -0.015231189857042388], [0.002542971213215122, 0.0019597420955262956, 0.999994846340884, 0.027893347160390297], [-0.0011599003423899896, -0.9999974012230318, 0.0019626967108443694, 0.029983508725913554], [0.0, 0.0, 0.0, 1.0]]}, "Hobj2base": {"type": "ndarray", "data": [[0.9999994272282792, -0.0010684443147078357, -6.300682560442344e-05, -0.7331234562735851], [-0.0010684515370757595, -0.999999422626721, -0.00011470630722951387, 0.08956253115232066], [-6.288423192414546e-05, 0.00011477356126864818, -0.9999999914363011, -0.0021357523423129465], [0.0, 0.0, 0.0, 1.0]]}, "mean_rme": {"type": "float", "data": 0.001582581698991238}, "max_rme": {"type": "float", "data": 0.0045918486600370345}, "simu": {"type": "float", "data": 0.002}}, {"type": "dict", "image_number": {"type": "int", "data": 21}, "Hcamera2end": {"type": "ndarray", "data": [[0.9999962346819545, -0.0009333592898648626, -0.002580593410303103, -0.015308824681551883], [0.00258238704876013, 0.001925629408507601, 0.9999948116007961, 0.02782576636056336], [-0.0009283851806619854, -0.9999977103932874, 0.0019280324528423431, 0.0299540619929074], [0.0, 0.0, 0.0, 1.0]]}, "Hobj2base": {"type": "ndarray", "data": [[0.9999996187781769, -0.0008725004747702867, 3.444448440676425e-05, -0.7331578969481326], [-0.0008724944171660458, -0.9999996039781638, -0.0001754907648296687, 0.08939768963212905], [3.4597586541627965e-05, 0.00017546064530841231, -0.9999999840082847, -0.0021518212043739474], [0.0, 0.0, 0.0, 1.0]]}, "mean_rme": {"type": "float", "data": 0.0015521300045756715}, "max_rme": {"type": "float", "data": 0.004626914448469188}, "simu": {"type": "float", "data": 0.002}}, {"type": "dict", "image_number": {"type": "int", "data": 22}, "Hcamera2end": {"type": "ndarray", "data": [[0.9999962294645591, -0.0008502272701945222, -0.002611162624947555, -0.01535630972506664], [0.0026127455583060746, 0.0018660192885037175, 0.999994845753048, 0.027709946536232016], [-0.0008453504080896347, -0.9999978975405918, 0.001868233680135667, 0.029934044058715335], [0.0, 0.0, 0.0, 1.0]]}, "Hobj2base": {"type": "ndarray", "data": [[0.9999996487189292, -0.0008338463444766194, 8.521908255998475e-05, -0.7331686448578605], [-0.0008338294015724709, -0.9999996326316236, -0.0001986583679042179, 0.0892859986206099], [8.538470180706536e-05, 0.00019858723994268013, -0.9999999766362804, -0.0020955023357153687], [0.0, 0.0, 0.0, 1.0]]}, "mean_rme": {"type": "float", "data": 0.0015142328568930605}, "max_rme": {"type": "float", "data": 0.004674128997749882}, "simu": {"type": "float", "data": 0.002}}, {"type": "dict", "image_number": {"type": "int", "data": 23}, "Hcamera2end": {"type": "ndarray", "data": [[0.9999960245461263, -0.0008849490339853461, -0.002677266731279733, -0.015451659924271756], [0.002678939548345804, 0.0018945485088857072, 0.9999946169699336, 0.02764593571280161], [-0.0008798720585844528, -0.9999978137731877, 0.0018969117021608861, 0.029949843051583495], [0.0, 0.0, 0.0, 1.0]]}, "Hobj2base": {"type": "ndarray", "data": [[0.9999996384606118, -0.0008478591948819635, 6.491094907688067e-05, -0.7331596900686216], [-0.0008478423258606474, -0.9999996069199604, -0.0002594673691467521, 0.08916613201970348], [6.513091535638514e-05, 0.000259412241089039, -0.999999964231626, -0.002117655025900155], [0.0, 0.0, 0.0, 1.0]]}, "mean_rme": {"type": "float", "data": 0.00149711368791634}, "max_rme": {"type": "float", "data": 0.0046416885206537195}, "simu": {"type": "float", "data": 0.002}}, {"type": "dict", "image_number": {"type": "int", "data": 24}, "Hcamera2end": {"type": "ndarray", "data": [[0.9999957576782154, -0.0009885150059231174, -0.002739975119402437, -0.015497696089039175], [0.002741837924141335, 0.0018880398574164792, 0.9999944587997945, 0.027754932624484762], [-0.0009833363461298034, -0.9999977290692111, 0.0018907421956756432, 0.029988576466104137], [0.0, 0.0, 0.0, 1.0]]}, "Hobj2base": {"type": "ndarray", "data": [[0.9999995401520514, -0.0009577559281734986, 4.898232194217099e-05, -0.7331143351971686], [-0.0009577427720977914, -0.999999505476358, -0.0002679101007491333, 0.08922659258325721], [4.923889020646478e-05, 0.0002678630650864224, -0.9999999629124545, -0.0022582896159517515], [0.0, 0.0, 0.0, 1.0]]}, "mean_rme": {"type": "float", "data": 0.001528731008675142}, "max_rme": {"type": "float", "data": 0.004582115977769641}, "simu": {"type": "float", "data": 0.002}}, {"type": "dict", "image_number": {"type": "int", "data": 25}, "Hcamera2end": {"type": "ndarray", "data": [[0.9999956600780521, -0.0009154464736491303, -0.0028003183416731078, -0.015540497059242707], [0.0028020489383810115, 0.001894655370010434, 0.9999942793850252, 0.0276969265348977], [-0.0009101355985485351, -0.9999977861169407, 0.0018972122731736318, 0.029952375964351977], [0.0, 0.0, 0.0, 1.0]]}, "Hobj2base": {"type": "ndarray", "data": [[0.999999614085321, -0.0008780465064330167, 2.9386078649506768e-05, -0.7331756443857086], [-0.0008780386405535726, -0.9999995789796405, -0.00026662461780390913, 0.0891511826130712], [2.962017509156114e-05, 0.00026659871279700675, -0.9999999640238848, -0.002236790249013307], [0.0, 0.0, 0.0, 1.0]]}, "mean_rme": {"type": "float", "data": 0.0015050898132115903}, "max_rme": {"type": "float", "data": 0.004661383251257145}, "simu": {"type": "float", "data": 0.002}}, {"type": "dict", "image_number": {"type": "int", "data": 26}, "Hcamera2end": {"type": "ndarray", "data": [[0.9999956295010015, -0.0008855146378932742, -0.0028207876066431944, -0.015558080464804034], [0.002822458718666247, 0.0018916218271148866, 0.9999942277301627, 0.02768269581718811], [-0.0008801736630574582, -0.9999978188129658, 0.0018941128882937752, 0.029965813839602787], [0.0, 0.0, 0.0, 1.0]]}, "Hobj2base": {"type": "ndarray", "data": [[0.9999996297998102, -0.0008587273243394396, 5.465917265807398e-05, -0.7331609688757953], [-0.0008587129192334154, -0.9999995967150919, -0.00026302428743183316, 0.08913774078680368], [5.488501675743719e-05, 0.00026297725352247587, -0.9999999639152988, -0.002246175496664152], [0.0, 0.0, 0.0, 1.0]]}, "mean_rme": {"type": "float", "data": 0.0014687675183291202}, "max_rme": {"type": "float", "data": 0.004628744714077315}, "simu": {"type": "float", "data": 0.002}}, {"type": "dict", "image_number": {"type": "int", "data": 27}, "Hcamera2end": {"type": "ndarray", "data": [[0.9999957683621232, -0.0008966296437674264, -0.002767546409483194, -0.015478730883362456], [0.002769224590454145, 0.00187585088694453, 0.999994406273664, 0.02762662307550923], [-0.000891433123879685, -0.9999978386170302, 0.001878325917880952, 0.02998724919908647], [0.0, 0.0, 0.0, 1.0]]}, "Hobj2base": {"type": "ndarray", "data": [[0.9999996023621733, -0.0008884005893265251, 7.758793716138037e-05, -0.7331284896590752], [-0.000888385373064081, -0.9999995861911299, -0.00019593110199451772, 0.08921254063862197], [7.776197036128314e-05, 0.0001958620960963998, -0.9999999777955568, -0.002135979009560961], [0.0, 0.0, 0.0, 1.0]]}, "mean_rme": {"type": "float", "data": 0.0014561580879939914}, "max_rme": {"type": "float", "data": 0.004585798432289512}, "simu": {"type": "float", "data": 0.002}}, {"type": "dict", "image_number": {"type": "int", "data": 28}, "Hcamera2end": {"type": "ndarray", "data": [[0.9999958214420253, -0.0009219320596961351, -0.00273991601449164, -0.01546937351034354], [0.0027416743686372344, 0.0019114215424297365, 0.9999944148290746, 0.02783303400182814], [-0.0009166897760534531, -0.999997748251947, 0.0019139411929417482, 0.030013178631227613], [0.0, 0.0, 0.0, 1.0]]}, "Hobj2base": {"type": "ndarray", "data": [[0.99999960651077, -0.0008843752913780429, 6.970401069772994e-05, -0.7331085964845451], [-0.0008843596082634459, -0.9999995837074571, -0.00022470646355758636, 0.08931488687991421], [6.99027065246534e-05, 0.000224644731726418, -0.9999999723241773, -0.0023026958917991064], [0.0, 0.0, 0.0, 1.0]]}, "mean_rme": {"type": "float", "data": 0.0014695104530505366}, "max_rme": {"type": "float", "data": 0.004524289260226244}, "simu": {"type": "float", "data": 0.002}}, {"type": "dict", "image_number": {"type": "int", "data": 29}, "Hcamera2end": {"type": "ndarray", "data": [[0.9999957167303585, -0.0009931700833875493, -0.002753204337169279, -0.015466338743549534], [0.0027550869057708788, 0.0018991531310065257, 0.9999944013410907, 0.0275959689926654], [-0.0009879357663297784, -0.999997703412648, 0.001901881266313521, 0.03002067037616538], [0.0, 0.0, 0.0, 1.0]]}, "Hobj2base": {"type": "ndarray", "data": [[0.9999995324718326, -0.000965713032087615, 4.954246448636583e-05, -0.7330904215941352], [-0.0009657037691305645, -0.9999995162880471, -0.00018665449777771577, 0.08923914977042874], [4.972269520308531e-05, 0.00018660656716679397, -0.9999999813528209, -0.0020943657220293638], [0.0, 0.0, 0.0, 1.0]]}, "mean_rme": {"type": "float", "data": 0.0014497717681700721}, "max_rme": {"type": "float", "data": 0.004521765440816838}, "simu": {"type": "float", "data": 0.002}}, {"type": "dict", "image_number": {"type": "int", "data": 30}, "Hcamera2end": {"type": "ndarray", "data": [[0.9999957380236311, -0.0009375336743443442, -0.002764953016382526, -0.015477550090611168], [0.0027667178549629985, 0.0018863843886366416, 0.9999943933974079, 0.027588802188538583], [-0.0009323126537601965, -0.9999977812898128, 0.0018889702400674002, 0.030009501984564774], [0.0, 0.0, 0.0, 1.0]]}, "Hobj2base": {"type": "ndarray", "data": [[0.9999995738554145, -0.0009207998505344879, 6.645769061391762e-05, -0.7331073219685009], [-0.0009207873578961657, -0.9999995584473276, -0.00018776525514796274, 0.08921887762885557], [6.663055548822255e-05, 0.00018770398173146362, -0.9999999801637918, -0.0020976139941208524], [0.0, 0.0, 0.0, 1.0]]}, "mean_rme": {"type": "float", "data": 0.0014169586613724994}, "max_rme": {"type": "float", "data": 0.004545364653489259}, "simu": {"type": "float", "data": 0.002}}]}