{"type": "list", "data": [{"type": "dict", "image_number": {"type": "int", "data": 5}, "Hcamera2end": {"type": "ndarray", "data": [[0.9999992086974059, -0.0012500750847139264, -0.00014112705106061755, -0.013714771195220628], [0.00014059374695683476, -0.00042669526037331096, 0.9999998990822716, 0.028996917767734942], [-0.0012501351768029864, -0.9999991276213382, -0.00042651916998814876, 0.033592241349392205], [0.0, 0.0, 0.0, 1.0]]}, "Hobj2base": {"type": "ndarray", "data": [[0.9999994945509938, -0.0010048841955155555, 3.324921879166326e-05, -0.733496924263671], [-0.0010049264387127714, -0.9999986554315736, 0.0012958618359608179, 0.0911983317164512], [3.194698300728467e-05, -0.0012958945939877708, -0.9999991598179427, 0.002301562145193459], [0.0, 0.0, 0.0, 1.0]]}, "mean_rme": {"type": "float", "data": 0.001211167469483813}, "max_rme": {"type": "float", "data": 0.0031930299851066213}, "simu": {"type": "float", "data": 0.002}}, {"type": "dict", "image_number": {"type": "int", "data": 6}, "Hcamera2end": {"type": "ndarray", "data": [[0.9999974079722919, -0.0022653084038777097, -0.00022896841044029912, -0.0145467332685833], [0.00022883434886245457, -5.9439290088336705e-05, 0.9999999720509054, 0.02947039939971064], [-0.0022653219502841602, -0.9999974324191068, -5.892075564650767e-05, 0.033330904479418534], [0.0, 0.0, 0.0, 1.0]]}, "Hobj2base": {"type": "ndarray", "data": [[0.9999976733515176, -0.002153197132658194, -0.00013051306270959296, -0.7334480770311075], [-0.002153025250827696, -0.9999968331930114, 0.001303106372433019, 0.09030672478751857], [-0.00013331849430458527, -0.0013028223426429786, -0.9999991424396935, 0.0019683299162168897], [0.0, 0.0, 0.0, 1.0]]}, "mean_rme": {"type": "float", "data": 0.0010724135208331812}, "max_rme": {"type": "float", "data": 0.0032784046439536807}, "simu": {"type": "float", "data": 0.002}}, {"type": "dict", "image_number": {"type": "int", "data": 7}, "Hcamera2end": {"type": "ndarray", "data": [[0.9999964760871874, -0.0026345510361824457, -0.0003270382925717496, -0.01447893178659833], [0.00032669024730396195, -0.00013253725842199415, 0.9999999378536767, 0.02939673824528034], [-0.002634594217213482, -0.9999965207813039, -0.00013167610924269546, 0.033009001301363194], [0.0, 0.0, 0.0, 1.0]]}, "Hobj2base": {"type": "ndarray", "data": [[0.9999955994200352, -0.002872309393642362, 0.0007422798068466303, -0.7329690804729917], [-0.002873266447985349, -0.9999950381578151, 0.001291510615402334, 0.09039944005598569], [0.0007385665056987623, -0.0012936376996706249, -0.9999988905098942, 0.0018977496932580187], [0.0, 0.0, 0.0, 1.0]]}, "mean_rme": {"type": "float", "data": 0.0010073597111492994}, "max_rme": {"type": "float", "data": 0.0031385438122381037}, "simu": {"type": "float", "data": 0.002}}, {"type": "dict", "image_number": {"type": "int", "data": 8}, "Hcamera2end": {"type": "ndarray", "data": [[0.9999973650639155, -0.002281476465869036, -0.0002544216221389646, -0.014874645165606104], [0.0002504220883099988, -0.0017531606245047016, 0.9999984318570719, 0.029634943117417635], [-0.0022819189301578058, -0.9999958606379132, -0.001752584672937374, 0.035284190031428055], [0.0, 0.0, 0.0, 1.0]]}, "Hobj2base": {"type": "ndarray", "data": [[0.9999935840954537, -0.002593389744792636, 0.002471051913746723, -0.7344886854785792], [-0.002596126654985302, -0.9999960195140294, 0.0011050260126721535, 0.0903448064693381], [0.0024681763146302545, -0.0011114340866698654, -0.9999963364032647, 0.0015079548499501577], [0.0, 0.0, 0.0, 1.0]]}, "mean_rme": {"type": "float", "data": 0.0010229793897526742}, "max_rme": {"type": "float", "data": 0.0032673503180813412}, "simu": {"type": "float", "data": 0.002}}, {"type": "dict", "image_number": {"type": "int", "data": 9}, "Hcamera2end": {"type": "ndarray", "data": [[0.9999978681984294, -0.001987886826714771, -0.0005584841634612788, -0.01435841343864884], [0.00055679211178877, -0.0008516327598850904, 0.9999994823519592, 0.030082466177460847], [-0.0019883614210985307, -0.999997661511069, -0.0008505241046687928, 0.031590254464889896], [0.0, 0.0, 0.0, 1.0]]}, "Hobj2base": {"type": "ndarray", "data": [[0.9999961648165314, -0.002262770117992845, 0.001596941959362562, -0.731383183711012], [-0.002263734103394474, -0.999997256490722, 0.000602095455751227, 0.0911297905016366], [0.0015955751745320272, -0.0006057081985792393, -0.9999985436276595, 0.0016335115604143456], [0.0, 0.0, 0.0, 1.0]]}, "mean_rme": {"type": "float", "data": 0.0012445347461395658}, "max_rme": {"type": "float", "data": 0.0037837373140324204}, "simu": {"type": "float", "data": 0.002}}, {"type": "dict", "image_number": {"type": "int", "data": 10}, "Hcamera2end": {"type": "ndarray", "data": [[0.999997889120885, -0.0017495578518910916, -0.0010774047971965062, -0.013267142395779427], [0.0010757064052822124, -0.0009714059504617456, 0.9999989496125529, 0.0299005522399867], [-0.0017506026116085387, -0.9999979977068966, -0.0009695218893535085, 0.03272270371014961], [0.0, 0.0, 0.0, 1.0]]}, "Hobj2base": {"type": "ndarray", "data": [[0.9999969971581331, -0.0019432486699212368, 0.0014931374095399255, -0.7323513496251484], [-0.0019432584760890404, -0.9999981118583741, 5.116741799210551e-06, 0.09205059069842698], [0.0014931246471833342, -8.018278361498148e-06, -0.999998885256626, 0.0012457989620899945], [0.0, 0.0, 0.0, 1.0]]}, "mean_rme": {"type": "float", "data": 0.0014446222934341685}, "max_rme": {"type": "float", "data": 0.00529253637097471}, "simu": {"type": "float", "data": 0.002}}, {"type": "dict", "image_number": {"type": "int", "data": 11}, "Hcamera2end": {"type": "ndarray", "data": [[0.9999981326318259, -0.0016362733193428865, -0.00102827160103005, -0.013699340626309958], [0.0010278607449247315, -0.00025191371399002627, 0.9999994400207279, 0.03002105384923131], [-0.0016365314387817504, -0.9999986295736134, -0.00025023138246149657, 0.032181693847771774], [0.0, 0.0, 0.0, 1.0]]}, "Hobj2base": {"type": "ndarray", "data": [[0.9999980130589262, -0.0018152516944729533, 0.0008238564713745691, -0.7320636452787326], [-0.0018149677845981248, -0.9999982933534146, -0.0003452277497884686, 0.09174598516938785], [0.0008244817406005179, 0.0003437317908865952, -0.9999996010390781, 0.0012416522724006446], [0.0, 0.0, 0.0, 1.0]]}, "mean_rme": {"type": "float", "data": 0.001403435958362416}, "max_rme": {"type": "float", "data": 0.005432585707981996}, "simu": {"type": "float", "data": 0.002}}, {"type": "dict", "image_number": {"type": "int", "data": 12}, "Hcamera2end": {"type": "ndarray", "data": [[0.9999979871099389, -0.001711370699630532, -0.0010473711849017086, -0.013220325007480523], [0.001046578091935396, -0.0004642554269684851, 0.9999993445703833, 0.029984659525075993], [-0.001711855825704131, -0.9999984278373778, -0.0004624634093919333, 0.032053156764576346], [0.0, 0.0, 0.0, 1.0]]}, "Hobj2base": {"type": "ndarray", "data": [[0.9999977175710342, -0.0018690381575558498, 0.0010351565522933957, -0.7316831208644413], [-0.001868591520962395, -0.9999981607538417, -0.0004322668862267389, 0.09212797405897545], [0.0010359625716902894, 0.00043033161485179274, -0.9999993707979276, 0.001182572369526495], [0.0, 0.0, 0.0, 1.0]]}, "mean_rme": {"type": "float", "data": 0.0014065357122086644}, "max_rme": {"type": "float", "data": 0.005328698726490444}, "simu": {"type": "float", "data": 0.002}}, {"type": "dict", "image_number": {"type": "int", "data": 13}, "Hcamera2end": {"type": "ndarray", "data": [[0.9999978071851916, -0.0019686624764769876, -0.0007141378452501874, -0.013358292431621952], [0.00071316763636543, -0.0004934843716839499, 0.9999996239324781, 0.029983547633066876], [-0.001969014151992827, -0.9999979404184934, -0.0004920793031988335, 0.032178829937761715], [0.0, 0.0, 0.0, 1.0]]}, "Hobj2base": {"type": "ndarray", "data": [[0.9999973465456821, -0.002140398757349722, 0.0008518184986202479, -0.7317489885143422], [-0.002140261757387696, -0.9999976965618618, -0.0001617114126093863, 0.09214671893012803], [0.0008521626634156295, 0.00015988786895870794, -0.9999996241272617, 0.0013531059694070673], [0.0, 0.0, 0.0, 1.0]]}, "mean_rme": {"type": "float", "data": 0.0013556635726437985}, "max_rme": {"type": "float", "data": 0.005393312078321277}, "simu": {"type": "float", "data": 0.002}}, {"type": "dict", "image_number": {"type": "int", "data": 14}, "Hcamera2end": {"type": "ndarray", "data": [[0.999997549860174, -0.002124844905639093, -0.0006207316456678046, -0.013159912664156549], [0.0006195332527284947, -0.0005646025349614892, 0.9999996487012011, 0.03015383706180838], [-0.0021251946258443056, -0.9999975831261312, -0.0005632847395304896, 0.032246804890692385], [0.0, 0.0, 0.0, 1.0]]}, "Hobj2base": {"type": "ndarray", "data": [[0.9999969950867773, -0.002285978039463519, 0.0008855065324797626, -0.731666867685085], [-0.0022858997488921146, -0.9999973833301958, -8.941532238602536e-05, 0.09242995742270019], [0.0008857086168649235, 8.739087454050298e-05, -0.9999996039414623, 0.0015466108597490932], [0.0, 0.0, 0.0, 1.0]]}, "mean_rme": {"type": "float", "data": 0.0013964214369266356}, "max_rme": {"type": "float", "data": 0.005731843077092402}, "simu": {"type": "float", "data": 0.002}}, {"type": "dict", "image_number": {"type": "int", "data": 15}, "Hcamera2end": {"type": "ndarray", "data": [[0.9999971178116238, -0.0023679779354326197, -0.00039629401030644444, -0.013501451135442794], [0.0003952819655904814, -0.00042784045726884656, 0.999999830352341, 0.030313277927532037], [-0.002368147084321289, -0.9999971048123291, -0.000426903205179352, 0.031956860223058714], [0.0, 0.0, 0.0, 1.0]]}, "Hobj2base": {"type": "ndarray", "data": [[0.9999966013535645, -0.002503641152502846, 0.0007273666885683133, -0.7313167453297553], [-0.0025036860286739566, -0.9999968639253374, 6.079276627872684e-05, 0.09234696902047858], [0.0007272122042206408, -6.261365748149975e-05, -0.9999997336209345, 0.0017014783960938177], [0.0, 0.0, 0.0, 1.0]]}, "mean_rme": {"type": "float", "data": 0.0014228397838891044}, "max_rme": {"type": "float", "data": 0.006013135964007654}, "simu": {"type": "float", "data": 0.002}}, {"type": "dict", "image_number": {"type": "int", "data": 16}, "Hcamera2end": {"type": "ndarray", "data": [[0.9999982585315021, -0.0017061514269761419, -0.0007562944342327008, -0.01362378813973588], [0.0007556370765473864, -0.0003858985567839479, 0.9999996400473913, 0.029078992675670257], [-0.0017064426657731591, -0.9999984700636356, -0.0003846086534773363, 0.031949432405915634], [0.0, 0.0, 0.0, 1.0]]}, "Hobj2base": {"type": "ndarray", "data": [[0.9999978854158944, -0.0018606547866152252, 0.0008758581533753523, -0.731296310925909], [-0.0018608625026935077, -0.9999982406508592, 0.00023640205735813574, 0.09195421813256921], [0.0008754167498154736, -0.00023803140906139726, -0.9999995884931967, 0.002741490453883659], [0.0, 0.0, 0.0, 1.0]]}, "mean_rme": {"type": "float", "data": 0.0014901189364880103}, "max_rme": {"type": "float", "data": 0.005930967219872629}, "simu": {"type": "float", "data": 0.002}}, {"type": "dict", "image_number": {"type": "int", "data": 17}, "Hcamera2end": {"type": "ndarray", "data": [[0.9999981163278067, -0.0018485145065316399, -0.0005918910014812449, -0.013058347177541278], [0.0005918429298665378, -2.6552445614669296e-05, 0.9999998245084416, 0.029019889357057075], [-0.0018485298982865751, -0.9999982911430834, -2.5458365357167168e-05, 0.03267577439299595], [0.0, 0.0, 0.0, 1.0]]}, "Hobj2base": {"type": "ndarray", "data": [[0.9999979407704066, -0.0019717666081074028, 0.00048019932280125925, -0.7323977801356685], [-0.001971893011318832, -0.9999980212588981, 0.0002628996764905897, 0.09227857058164293], [0.0004796799958077358, -0.0002638460368084676, -0.999999850146174, 0.002759271470206858], [0.0, 0.0, 0.0, 1.0]]}, "mean_rme": {"type": "float", "data": 0.0016839574970807804}, "max_rme": {"type": "float", "data": 0.005873916479290031}, "simu": {"type": "float", "data": 0.002}}, {"type": "dict", "image_number": {"type": "int", "data": 18}, "Hcamera2end": {"type": "ndarray", "data": [[0.9999986412045817, -0.0015322515943459228, -0.0006081069328806109, -0.01344922592980289], [0.0006079373783354461, -0.00011112044488026385, 0.9999998090321774, 0.02903175027578242], [-0.001532318874848088, -0.9999988199279531, -0.00011018878087321049, 0.032701428122432895], [0.0, 0.0, 0.0, 1.0]]}, "Hobj2base": {"type": "ndarray", "data": [[0.9999985355630009, -0.0016236361183076871, 0.0005409968658649382, -0.7325877289867608], [-0.0016237487067075672, -0.9999986601414954, 0.00020773866162522106, 0.09182319526572692], [0.000540658849011503, -0.00020861680036631986, -0.9999998320835057, 0.002742721389400682], [0.0, 0.0, 0.0, 1.0]]}, "mean_rme": {"type": "float", "data": 0.001638012642400168}, "max_rme": {"type": "float", "data": 0.005861119376093238}, "simu": {"type": "float", "data": 0.002}}, {"type": "dict", "image_number": {"type": "int", "data": 19}, "Hcamera2end": {"type": "ndarray", "data": [[0.9999983858303338, -0.0017067335081834803, -0.0005616025808095302, -0.013592285580561733], [0.0005613153599911078, -0.00016876120641828862, 0.999999828222346, 0.02905681705097796], [-0.0017068279917338675, -0.9999985292891119, -0.00016780291827545035, 0.03288308575898348], [0.0, 0.0, 0.0, 1.0]]}, "Hobj2base": {"type": "ndarray", "data": [[0.9999982280386037, -0.001786068273548152, 0.0005948779496423728, -0.7327731730006881], [-0.0017861781864408062, -0.9999983878018803, 0.00018428544853443056, 0.09188715803275499], [0.0005945478441883571, -0.00018534768000497568, -0.9999998060795303, 0.0027378233416914637], [0.0, 0.0, 0.0, 1.0]]}, "mean_rme": {"type": "float", "data": 0.001625694587848101}, "max_rme": {"type": "float", "data": 0.005872551482097421}, "simu": {"type": "float", "data": 0.002}}, {"type": "dict", "image_number": {"type": "int", "data": 20}, "Hcamera2end": {"type": "ndarray", "data": [[0.9999998079505558, 0.0001390151141931886, -0.0006039649407974051, -0.013652799443598066], [0.0006039858672903792, -0.0001505412167854825, 0.9999998062691884, 0.02873463801212861], [0.00013892416564459433, -0.9999999790060699, -0.00015062515103836382, 0.032736720787736956], [0.0, 0.0, 0.0, 1.0]]}, "Hobj2base": {"type": "ndarray", "data": [[0.999999783958981, 3.604287435571103e-05, 0.0006563405385405784, -0.7331138716483325], [3.5897522104368154e-05, -0.9999999748314188, 0.00022146902559963696, 0.09141192446251108], [0.0006563485044016817, -0.00022144541675425276, -0.9999997600842552, 0.00303219191979649], [0.0, 0.0, 0.0, 1.0]]}, "mean_rme": {"type": "float", "data": 0.0016097145273526502}, "max_rme": {"type": "float", "data": 0.005875049626156148}, "simu": {"type": "float", "data": 0.002}}, {"type": "dict", "image_number": {"type": "int", "data": 21}, "Hcamera2end": {"type": "ndarray", "data": [[0.9999998369571952, 0.0001865784382931295, -0.0005396981279644891, -0.013586789842329281], [0.0005397200843158232, -0.00011764861754359757, 0.9999998474305052, 0.028762835709499092], [0.0001865149150883056, -0.9999999756736444, -0.00011774929849228677, 0.03279374359776823], [0.0, 0.0, 0.0, 1.0]]}, "Hobj2base": {"type": "ndarray", "data": [[0.9999998277064213, 8.517697685634584e-05, 0.0005808029014161763, -0.7332539882665039], [8.50365064782132e-05, -0.9999999671324182, 0.00024187590914724329, 0.09141852804903781], [0.0005808234845853049, -0.00024182647802388848, -0.9999998020819978, 0.003010895756762367], [0.0, 0.0, 0.0, 1.0]]}, "mean_rme": {"type": "float", "data": 0.0015825310917489057}, "max_rme": {"type": "float", "data": 0.005862177524391332}, "simu": {"type": "float", "data": 0.002}}, {"type": "dict", "image_number": {"type": "int", "data": 22}, "Hcamera2end": {"type": "ndarray", "data": [[0.9999998535548484, -0.00012044161483610962, -0.0005276211701456965, -0.013496202124559879], [0.0005276159531065026, -4.3343583214339176e-05, 0.99999985987136, 0.02868469097890853], [-0.0001204644669508838, -0.9999999918075755, -4.3280029949466226e-05, 0.03278702625286073], [0.0, 0.0, 0.0, 1.0]]}, "Hobj2base": {"type": "ndarray", "data": [[0.9999998027434587, -0.0002561024146480195, 0.0005735194826587402, -0.7332451059277354], [-0.0002562871708612245, -0.9999999152860715, 0.00032209429655176034, 0.09163635246209179], [0.0005734369449465605, -0.00032224121870219787, -0.9999997836653101, 0.0030434336893098686], [0.0, 0.0, 0.0, 1.0]]}, "mean_rme": {"type": "float", "data": 0.0015607263084185404}, "max_rme": {"type": "float", "data": 0.005837998289038415}, "simu": {"type": "float", "data": 0.002}}, {"type": "dict", "image_number": {"type": "int", "data": 23}, "Hcamera2end": {"type": "ndarray", "data": [[0.999999875596477, -0.0002405258458401493, -0.00043698323551332445, -0.013527149760651263], [0.00043696172996716043, -8.945583125119505e-05, 0.9999999005310454, 0.02871702606770079], [-0.00024056491261387056, -0.9999999670724853, -8.935071953275475e-05, 0.03299912593401499], [0.0, 0.0, 0.0, 1.0]]}, "Hobj2base": {"type": "ndarray", "data": [[0.9999997511372527, -0.00035232627707860336, 0.0006112214223740132, -0.7333893837846192], [-0.0003525504455199395, -0.9999998706248032, 0.0003666859156779945, 0.0918028850162468], [0.0006110921502135931, -0.0003669013108082994, -0.9999997459748742, 0.0030877025364028825], [0.0, 0.0, 0.0, 1.0]]}, "mean_rme": {"type": "float", "data": 0.0015664079426862267}, "max_rme": {"type": "float", "data": 0.005900020518872617}, "simu": {"type": "float", "data": 0.002}}, {"type": "dict", "image_number": {"type": "int", "data": 24}, "Hcamera2end": {"type": "ndarray", "data": [[0.9999998042378547, -0.00025283927189906775, -0.0005723605112494712, -0.013523385583891559], [0.000572299918416047, -0.00023965699198091883, 0.9999998075186465, 0.028706156413110022], [-0.000252976393430677, -0.9999999393184127, -0.00023951224517038128, 0.03296410247898721], [0.0, 0.0, 0.0, 1.0]]}, "Hobj2base": {"type": "ndarray", "data": [[0.9999996927929771, -0.0003542463163560418, 0.000699230647880641, -0.7333055359943329], [-0.00035437351007952387, -0.9999999206859504, 0.0001817897349695612, 0.09169640528974159], [0.0006991661940778625, -0.00018203746794152257, -0.9999997390144624, 0.0030329700384382], [0.0, 0.0, 0.0, 1.0]]}, "mean_rme": {"type": "float", "data": 0.0015276324404581835}, "max_rme": {"type": "float", "data": 0.005827028681691715}, "simu": {"type": "float", "data": 0.002}}, {"type": "dict", "image_number": {"type": "int", "data": 25}, "Hcamera2end": {"type": "ndarray", "data": [[0.9999996187708691, 0.0005881060227053789, -0.0006454373886429243, -0.013682427218916032], [0.0006455271878109653, -0.00015251511827152342, 0.9999997800168698, 0.029150389440888637], [0.0005880074543723097, -0.9999998154352052, -0.00015289469855517268, 0.03289028446511583], [0.0, 0.0, 0.0, 1.0]]}, "Hobj2base": {"type": "ndarray", "data": [[0.9999995929919622, 0.0005091563168367141, 0.0007448327026851132, -0.7334403001969468], [0.0005090785076367093, -0.9999998649435906, 0.00010465119743590864, 0.09142904914009567], [0.000744885885908922, -0.00010427197652130817, -0.9999997171361457, 0.0024992693050617533], [0.0, 0.0, 0.0, 1.0]]}, "mean_rme": {"type": "float", "data": 0.0015307403890054052}, "max_rme": {"type": "float", "data": 0.005788375668436929}, "simu": {"type": "float", "data": 0.002}}, {"type": "dict", "image_number": {"type": "int", "data": 26}, "Hcamera2end": {"type": "ndarray", "data": [[0.9999995825165647, 0.0004745119139418927, -0.000780900211156224, -0.01377481098036075], [0.0007809448200771571, -9.383210731828129e-05, 0.9999996906603135, 0.02973311623933382], [0.00047443849364410794, -0.9999998830169823, -9.420263576620513e-05, 0.03294947917992769], [0.0, 0.0, 0.0, 1.0]]}, "Hobj2base": {"type": "ndarray", "data": [[0.9999996455541096, 0.00035491049120516373, 0.0007634986564822132, -0.7334008450858266], [0.00035484942670935195, -0.9999999338318286, 8.011381085643021e-05, 0.09124522408708188], [0.0007635270391948667, -7.984285539987311e-05, -0.9999997053257461, 0.0020377260025331], [0.0, 0.0, 0.0, 1.0]]}, "mean_rme": {"type": "float", "data": 0.0015302128486769499}, "max_rme": {"type": "float", "data": 0.00595370172421017}, "simu": {"type": "float", "data": 0.002}}, {"type": "dict", "image_number": {"type": "int", "data": 27}, "Hcamera2end": {"type": "ndarray", "data": [[0.999999374662959, 0.0006304839598535268, -0.0009236685917246365, -0.013993649368275048], [0.0009236958625497222, -4.2963979525634244e-05, 0.9999995724699334, 0.029523704803638733], [0.0006304440058242142, -0.9999998003220164, -4.3546328083676755e-05, 0.033011223021774665], [0.0, 0.0, 0.0, 1.0]]}, "Hobj2base": {"type": "ndarray", "data": [[0.9999996041694933, 0.00047089155379275317, 0.0007549317859231145, -0.7333697807091393], [0.0004709063456278656, -0.9999998889351103, -1.9415973478243097e-05, 0.09100912174882557], [0.0007549225592587796, 1.977146796131585e-05, -0.9999997148504682, 0.002381004353842942], [0.0, 0.0, 0.0, 1.0]]}, "mean_rme": {"type": "float", "data": 0.0015791444801018508}, "max_rme": {"type": "float", "data": 0.006121612432527068}, "simu": {"type": "float", "data": 0.002}}, {"type": "dict", "image_number": {"type": "int", "data": 28}, "Hcamera2end": {"type": "ndarray", "data": [[0.9999993235318604, 0.0005478093194650257, -0.001026080294648757, -0.013945640512716902], [0.0010261252198458602, -8.17340612229156e-05, 0.9999994701931477, 0.02959532923712985], [0.0005477251635222721, -0.9999998466122345, -8.229612689092392e-05, 0.03288997028932833], [0.0, 0.0, 0.0, 1.0]]}, "Hobj2base": {"type": "ndarray", "data": [[0.9999995850943475, 0.00038290356217432096, 0.0008265567100228739, -0.7332099628329575], [0.00038299345392749475, -0.9999999207611387, -0.00010859894642294592, 0.0909342857768231], [0.0008265150616040274, 0.00010891546717386781, -0.9999996525050769, 0.0024747159641155397], [0.0, 0.0, 0.0, 1.0]]}, "mean_rme": {"type": "float", "data": 0.0016198451252374475}, "max_rme": {"type": "float", "data": 0.00630699965159065}, "simu": {"type": "float", "data": 0.002}}, {"type": "dict", "image_number": {"type": "int", "data": 29}, "Hcamera2end": {"type": "ndarray", "data": [[0.9999992825452285, 0.0005872682958589325, -0.0010440426126037995, -0.014022011624237645], [0.0010441709595997363, -0.00021828503462906212, 0.9999994310291634, 0.029665825217929296], [0.0005870400628425524, -0.9999998037337768, -0.00021889808651942566, 0.03303561237486592], [0.0, 0.0, 0.0, 1.0]]}, "Hobj2base": {"type": "ndarray", "data": [[0.999999406394089, 0.0004283461459610772, 0.0010018637875226916, -0.7332828637886177], [0.00042856777652859195, -0.9999998837412201, -0.00022101404293410338, 0.09089885384880153], [0.0010017690005337358, 0.0002214432782746642, -0.9999994737107334, 0.0024716559404940022], [0.0, 0.0, 0.0, 1.0]]}, "mean_rme": {"type": "float", "data": 0.001623516842928171}, "max_rme": {"type": "float", "data": 0.006382668415171655}, "simu": {"type": "float", "data": 0.002}}, {"type": "dict", "image_number": {"type": "int", "data": 30}, "Hcamera2end": {"type": "ndarray", "data": [[0.9999993199641206, 0.0006024757370602707, -0.0009985460843094025, -0.014046941172798791], [0.0009987105562968696, -0.00027275448323660356, 0.999999464090965, 0.02966156520874948], [0.0006022030562668661, -0.9999997813139655, -0.0002733559966323629, 0.033088824490746564], [0.0, 0.0, 0.0, 1.0]]}, "Hobj2base": {"type": "ndarray", "data": [[0.9999993148145427, 0.0004628569226555137, 0.001075236678227797, -0.73330162969853], [0.0004631082118653076, -0.9999998655115587, -0.00023346873183472235, 0.09089555324216084], [0.0010751284710021386, 0.00023396652280072865, -0.9999993946790355, 0.002450523512480385], [0.0, 0.0, 0.0, 1.0]]}, "mean_rme": {"type": "float", "data": 0.001575875313238792}, "max_rme": {"type": "float", "data": 0.006354390623217854}, "simu": {"type": "float", "data": 0.002}}]}