{"type": "list", "data": [{"type": "dict", "image_number": {"type": "int", "data": 5}, "Hcamera2end": {"type": "ndarray", "data": [[0.9999755236865916, -0.004851658942597978, -0.005041173795012891, -0.01530676093694026], [0.005042426528969226, 0.0002460097716526777, 0.9999872566257494, 0.028778260014714483], [-0.004850356938078163, -0.9999882003727331, 0.0002704678840020902, 0.02915535908094837], [0.0, 0.0, 0.0, 1.0]]}, "Hobj2base": {"type": "ndarray", "data": [[0.9999899123351167, -0.004353083418557311, 0.0011072004139888341, -0.7306163669734946], [-0.004349998883149327, -0.9999866933383317, -0.002773203199619941, 0.09010064205669233], [0.0011192576657120816, 0.002768358903911136, -0.9999955417156905, 0.004683115298138363], [0.0, 0.0, 0.0, 1.0]]}, "mean_rme": {"type": "float", "data": 0.0020968979671661205}, "max_rme": {"type": "float", "data": 0.004497463698338644}, "simu": {"type": "float", "data": 0.002}}, {"type": "dict", "image_number": {"type": "int", "data": 6}, "Hcamera2end": {"type": "ndarray", "data": [[0.9999855097970083, -0.004346939202058419, -0.0031755811422574296, -0.014371534343381249], [0.003172513588290511, -0.0007123949676643981, 0.9999947138114994, 0.029441528825901488], [-0.00434917849134355, -0.9999902982594301, -0.0006985939212307279, 0.029641080763622128], [0.0, 0.0, 0.0, 1.0]]}, "Hobj2base": {"type": "ndarray", "data": [[0.9999916969722124, -0.003626275392341852, 0.0018590625094451858, -0.7309819203451936], [-0.003624245643056049, -0.9999928339539226, -0.0010940220843589836, 0.09196117996216173], [0.001863016412680772, 0.0010872753014631914, -0.9999976734984259, 0.004168254036117036], [0.0, 0.0, 0.0, 1.0]]}, "mean_rme": {"type": "float", "data": 0.002001508226200684}, "max_rme": {"type": "float", "data": 0.004610242275063792}, "simu": {"type": "float", "data": 0.002}}, {"type": "dict", "image_number": {"type": "int", "data": 7}, "Hcamera2end": {"type": "ndarray", "data": [[0.9999893538719478, -0.004208655114058716, -0.0018919209537798965, -0.012319115662187068], [0.0018897990566050596, -0.0005080942962172319, 0.9999980852480227, 0.02989903776002803], [-0.0042096083297735246, -0.9999910144907888, -0.0005001353745162085, 0.029378861240662822], [0.0, 0.0, 0.0, 1.0]]}, "Hobj2base": {"type": "ndarray", "data": [[0.9999916937528426, -0.0038006045397749487, 0.0014723554099961161, -0.7312324179669936], [-0.0038006739448347817, -0.9999927764295118, 4.434368022208296e-05, 0.0945455313481143], [0.0014721762415406657, -4.993925473682393e-05, -0.999998915101004, 0.0031531947944389055], [0.0, 0.0, 0.0, 1.0]]}, "mean_rme": {"type": "float", "data": 0.0018708461276402402}, "max_rme": {"type": "float", "data": 0.004884747140711576}, "simu": {"type": "float", "data": 0.002}}, {"type": "dict", "image_number": {"type": "int", "data": 8}, "Hcamera2end": {"type": "ndarray", "data": [[0.9999978213577834, -0.0017855539712809908, -0.0010812385039457306, -0.012230620610196485], [0.0010785214406335028, -0.001521954504179801, 0.9999982602214812, 0.0289854346312444], [-0.0017871964606237202, -0.9999972477219639, -0.0015200254301439564, 0.029772343795557633], [0.0, 0.0, 0.0, 1.0]]}, "Hobj2base": {"type": "ndarray", "data": [[0.9999983568609384, -0.001243914305081098, 0.0013186935295956199, -0.7307748127898902], [-0.001244111086449839, -0.9999992150800336, 0.00014841469226919719, 0.09462334925907272], [0.001318507879367941, -0.00015005504964301855, -0.9999991195098392, 0.0036935028045331497], [0.0, 0.0, 0.0, 1.0]]}, "mean_rme": {"type": "float", "data": 0.0019374736193950915}, "max_rme": {"type": "float", "data": 0.004498535820586902}, "simu": {"type": "float", "data": 0.002}}, {"type": "dict", "image_number": {"type": "int", "data": 9}, "Hcamera2end": {"type": "ndarray", "data": [[0.999996163994779, -0.0017695951136914348, -0.002130851674973839, -0.012344081177445839], [0.002128567945587128, -0.001291419965551821, 0.9999969007116839, 0.02894990571074255], [-0.0017723414536026656, -0.999997600380924, -0.0012876483082222556, 0.030993801959795984], [0.0, 0.0, 0.0, 1.0]]}, "Hobj2base": {"type": "ndarray", "data": [[0.999998648315907, -0.0013834542710842873, 0.0008884934658256506, -0.732285080863346], [-0.0013826914792887943, -0.9999986755152954, -0.0008585638756951311, 0.09423382529807932], [0.0008896800728904737, 0.0008573342028433966, -0.9999992367234252, 0.0036270685277650155], [0.0, 0.0, 0.0, 1.0]]}, "mean_rme": {"type": "float", "data": 0.0019428361841978422}, "max_rme": {"type": "float", "data": 0.0044557113058456554}, "simu": {"type": "float", "data": 0.002}}, {"type": "dict", "image_number": {"type": "int", "data": 10}, "Hcamera2end": {"type": "ndarray", "data": [[0.9999968308453772, -0.0019474050608224171, -0.0015955916555403461, -0.013366271723863597], [0.0015942678082488762, -0.0006811638130064246, 0.9999984971618784, 0.02923565886675065], [-0.0019484889934839429, -0.9999978718124297, -0.0006780569690949534, 0.02991569805416018], [0.0, 0.0, 0.0, 1.0]]}, "Hobj2base": {"type": "ndarray", "data": [[0.9999981988644581, -0.0018396361407662497, 0.00046691188602886207, -0.7313245065668574], [-0.0018394272223497179, -0.9999982081316647, -0.00044748290797936473, 0.09384120366675983], [0.00046773425511413227, 0.0004466232515683946, -0.9999997908761467, 0.004069632850143301], [0.0, 0.0, 0.0, 1.0]]}, "mean_rme": {"type": "float", "data": 0.001974744783014488}, "max_rme": {"type": "float", "data": 0.004325653777722205}, "simu": {"type": "float", "data": 0.002}}, {"type": "dict", "image_number": {"type": "int", "data": 11}, "Hcamera2end": {"type": "ndarray", "data": [[0.9999949301164845, -0.0022106495135325796, -0.002291892243415119, -0.012557405166836556], [0.002290604773932005, -0.0005847503633047424, 0.9999972055944869, 0.029110392156928493], [-0.0022119835209033828, -0.9999973855444529, -0.0005796836743592326, 0.03076233086479354], [0.0, 0.0, 0.0, 1.0]]}, "Hobj2base": {"type": "ndarray", "data": [[0.9999975943515995, -0.0021630241995972735, 0.00036416661822535564, -0.7320412834428993], [-0.0021626178522163027, -0.9999970426554154, -0.001112548627383797, 0.09445208253097036], [0.0003665720108634393, 0.0011117583977532154, -0.9999993148088782, 0.003746060928205619], [0.0, 0.0, 0.0, 1.0]]}, "mean_rme": {"type": "float", "data": 0.0019379185852222876}, "max_rme": {"type": "float", "data": 0.004421136046863117}, "simu": {"type": "float", "data": 0.002}}, {"type": "dict", "image_number": {"type": "int", "data": 12}, "Hcamera2end": {"type": "ndarray", "data": [[0.9999943391330001, -0.002250723073739031, -0.0025011892370827367, -0.012726522644253151], [0.00250048634793107, -0.0003150546048598102, 0.999996824149267, 0.028963807160475148], [-0.002251503936965275, -0.9999974174897862, -0.0003094249190587206, 0.030753580140779918], [0.0, 0.0, 0.0, 1.0]]}, "Hobj2base": {"type": "ndarray", "data": [[0.9999973327392585, -0.0023095951519387517, -1.687017911618659e-05, -0.7323235663631524], [-0.002309612735886984, -0.9999966947907593, -0.0011296444431264268, 0.09429757877840395], [-1.426110202745533e-05, 0.0011296803936506953, -0.9999993618092111, 0.003835022029742776], [0.0, 0.0, 0.0, 1.0]]}, "mean_rme": {"type": "float", "data": 0.0019152411013820545}, "max_rme": {"type": "float", "data": 0.004212700699174066}, "simu": {"type": "float", "data": 0.002}}, {"type": "dict", "image_number": {"type": "int", "data": 13}, "Hcamera2end": {"type": "ndarray", "data": [[0.9999937202221454, -0.00202117589965774, -0.002911076133717831, -0.013089697426103601], [0.0029102294415524546, -0.00042172543034380006, 0.9999956763467828, 0.03199053560808876], [-0.002022394835629314, -0.9999978684955506, -0.0004158406963921113, 0.030771331478417555], [0.0, 0.0, 0.0, 1.0]]}, "Hobj2base": {"type": "ndarray", "data": [[0.9999979608176568, -0.002019047835585612, -4.250136168845814e-05, -0.7324255341275507], [-0.0020190932260908284, -0.999997360477193, -0.0010964949573338465, 0.09237855328272136], [-4.0287373734809196e-05, 0.001096578535592175, -0.9999993979460402, 0.001547321238367914], [0.0, 0.0, 0.0, 1.0]]}, "mean_rme": {"type": "float", "data": 0.0017391462081607916}, "max_rme": {"type": "float", "data": 0.004256899865414665}, "simu": {"type": "float", "data": 0.002}}, {"type": "dict", "image_number": {"type": "int", "data": 14}, "Hcamera2end": {"type": "ndarray", "data": [[0.9999942502890423, -0.0020523871992593453, -0.0026994621020882967, -0.01345102266652057], [0.0026980261965405565, -0.0007020741246424045, 0.9999961138657321, 0.03179646218094116], [-0.0020542744458994485, -0.9999976473965866, -0.0006965326934900151, 0.030760215706687355], [0.0, 0.0, 0.0, 1.0]]}, "Hobj2base": {"type": "ndarray", "data": [[0.9999979658963852, -0.0020129223064740604, 0.00012785491830193888, -0.7321766679111378], [-0.0020128233018691997, -0.9999976779598567, -0.0007698163740738157, 0.09215744397955827], [0.00012940420196894825, 0.0007695574588287297, -0.9999996955178885, 0.001517734205074252], [0.0, 0.0, 0.0, 1.0]]}, "mean_rme": {"type": "float", "data": 0.0017686733117394991}, "max_rme": {"type": "float", "data": 0.003964007876880782}, "simu": {"type": "float", "data": 0.002}}, {"type": "dict", "image_number": {"type": "int", "data": 15}, "Hcamera2end": {"type": "ndarray", "data": [[0.9999955778571414, -0.002115929153416971, -0.0020897631395788807, -0.01381541414281784], [0.002087052754736145, -0.0012823418905665296, 0.9999969999005368, 0.03148750459886728], [-0.0021186025962342983, -0.9999969392168623, -0.001277920164098889, 0.0313554425711029], [0.0, 0.0, 0.0, 1.0]]}, "Hobj2base": {"type": "ndarray", "data": [[0.9999979778866616, -0.001937939372100523, 0.0005372276779442261, -0.732461195340618], [-0.001937934318277367, -0.9999981221542471, -9.927624709805262e-06, 0.09204024572370267], [0.0005372459082483092, 8.88649268120634e-06, -0.9999998556439218, 0.001544277703897164], [0.0, 0.0, 0.0, 1.0]]}, "mean_rme": {"type": "float", "data": 0.0018326910853758496}, "max_rme": {"type": "float", "data": 0.003942634334463069}, "simu": {"type": "float", "data": 0.002}}, {"type": "dict", "image_number": {"type": "int", "data": 16}, "Hcamera2end": {"type": "ndarray", "data": [[0.9999947358649096, -0.002181348839069115, -0.002402074043788251, -0.013518104001610354], [0.0023997414997074355, -0.0010713012477348016, 0.9999965467712232, 0.03157183290238094], [-0.002183914651292794, -0.9999970470110794, -0.0010660609349260053, 0.03130215824367158], [0.0, 0.0, 0.0, 1.0]]}, "Hobj2base": {"type": "ndarray", "data": [[0.9999978196082486, -0.0020703335605920105, 0.0002729426614867874, -0.732508180990419], [-0.0020702721068770725, -0.9999978316171301, -0.00022524307120371716, 0.09227394709360699], [0.0002734083979321997, 0.00022467751450672976, -0.999999937383929, 0.0016853712027318363], [0.0, 0.0, 0.0, 1.0]]}, "mean_rme": {"type": "float", "data": 0.0018430958542297292}, "max_rme": {"type": "float", "data": 0.004163314244741589}, "simu": {"type": "float", "data": 0.002}}, {"type": "dict", "image_number": {"type": "int", "data": 17}, "Hcamera2end": {"type": "ndarray", "data": [[0.999993831905884, -0.002820782063817363, -0.002092686965368183, -0.013800731865767931], [0.0020899328388591714, -0.000978964101934876, 0.9999973369014619, 0.030415971966980666], [-0.002822823217212456, -0.9999955423989826, -0.0009730628185258272, 0.03128291925388191], [0.0, 0.0, 0.0, 1.0]]}, "Hobj2base": {"type": "ndarray", "data": [[0.9999962301923532, -0.0026987478920918245, 0.0005063209428566044, -0.7324873527728076], [-0.0026984900090907173, -0.9999962293648796, -0.0005093208160440299, 0.09295905262218074], [0.0005076935621837724, 0.0005079525939968309, -0.9999997421156712, 0.002702900292871823], [0.0, 0.0, 0.0, 1.0]]}, "mean_rme": {"type": "float", "data": 0.001906010483626548}, "max_rme": {"type": "float", "data": 0.004260877963732312}, "simu": {"type": "float", "data": 0.002}}, {"type": "dict", "image_number": {"type": "int", "data": 18}, "Hcamera2end": {"type": "ndarray", "data": [[0.9999947368178437, -0.00246075642971943, -0.0021144773361776686, -0.013680093257752535], [0.002112199754077111, -0.0009277928263480284, 0.9999973389027944, 0.031205508272947033], [-0.002462711678311352, -0.9999965419331535, -0.0009225903340797093, 0.031245394833132996], [0.0, 0.0, 0.0, 1.0]]}, "Hobj2base": {"type": "ndarray", "data": [[0.9999970235019209, -0.002420877216206603, 0.0003038762953246598, -0.7325536004214575], [-0.002420760235499069, -0.999996995942646, -0.0003847409077938027, 0.09264601461817135], [0.0003048067929606608, 0.000384004150960997, -0.9999998798168084, 0.0019789089805267415], [0.0, 0.0, 0.0, 1.0]]}, "mean_rme": {"type": "float", "data": 0.0017916266318566895}, "max_rme": {"type": "float", "data": 0.004174965375153161}, "simu": {"type": "float", "data": 0.002}}, {"type": "dict", "image_number": {"type": "int", "data": 19}, "Hcamera2end": {"type": "ndarray", "data": [[0.999994488131666, -0.0023620119311714596, -0.002333367935913925, -0.0134740344548554], [0.0023314194743049477, -0.0008273336583031199, 0.9999969399964447, 0.03128521411119921], [-0.0023639351772371388, -0.9999968682044235, -0.0008218222575340217, 0.031029298067385285], [0.0, 0.0, 0.0, 1.0]]}, "Hobj2base": {"type": "ndarray", "data": [[0.9999972565679652, -0.00233174866715519, 0.00022316965840483378, -0.7324789575971609], [-0.002331610146437502, -0.9999970902387303, -0.0006189573469886447, 0.09268003681715373], [0.00022461226200327193, 0.000618435304281317, -0.9999997835435295, 0.001801814903492361], [0.0, 0.0, 0.0, 1.0]]}, "mean_rme": {"type": "float", "data": 0.0017337998849517803}, "max_rme": {"type": "float", "data": 0.0040835881389151285}, "simu": {"type": "float", "data": 0.002}}, {"type": "dict", "image_number": {"type": "int", "data": 20}, "Hcamera2end": {"type": "ndarray", "data": [[0.9999942938311641, -0.00240206426038539, -0.002375372055142416, -0.013460046712666415], [0.0023735610970338147, -0.000756487330658473, 0.9999968969625038, 0.031138223428010724], [-0.0024038537455552387, -0.9999968289020754, -0.0007507815677330054, 0.031223441903250212], [0.0, 0.0, 0.0, 1.0]]}, "Hobj2base": {"type": "ndarray", "data": [[0.9999971898087674, -0.0023601654826260437, 0.00022359217909966275, -0.7326014786534947], [-0.002360005861799849, -0.9999969620748068, -0.0007114868169187807, 0.09257974272348223], [0.00022527072646998393, 0.0007109571386514378, -0.9999997218964851, 0.00200022772484727], [0.0, 0.0, 0.0, 1.0]]}, "mean_rme": {"type": "float", "data": 0.0017628119702893742}, "max_rme": {"type": "float", "data": 0.004246598430980075}, "simu": {"type": "float", "data": 0.002}}, {"type": "dict", "image_number": {"type": "int", "data": 21}, "Hcamera2end": {"type": "ndarray", "data": [[0.9999937858835968, -0.0025796991245894824, -0.0024027789365413787, -0.013438701183396316], [0.0024007437080525683, -0.0007917472071983234, 0.9999968047778994, 0.03127269339362381], [-0.0025815932753903478, -0.9999963591377653, -0.0007855490907471285, 0.03155921727552404], [0.0, 0.0, 0.0, 1.0]]}, "Hobj2base": {"type": "ndarray", "data": [[0.9999968230100362, -0.0024935683683582014, 0.0003688992092987122, -0.7327441913631075], [-0.0024932895550808807, -0.9999966072356454, -0.0007543370555503004, 0.0926940887159564], [0.00037077894873142507, 0.0007534148864836235, -0.9999996474444282, 0.0016874270150925707], [0.0, 0.0, 0.0, 1.0]]}, "mean_rme": {"type": "float", "data": 0.0017962228801008467}, "max_rme": {"type": "float", "data": 0.004233040683427336}, "simu": {"type": "float", "data": 0.002}}, {"type": "dict", "image_number": {"type": "int", "data": 22}, "Hcamera2end": {"type": "ndarray", "data": [[0.999993938943228, -0.0025898414647263783, -0.002326971850963469, -0.013402482100481228], [0.0023248547598004516, -0.0008201702776633457, 0.9999969611809134, 0.03130847317078509], [-0.0025917421078158246, -0.9999963100141436, -0.0008141443013083283, 0.031740024059152196], [0.0, 0.0, 0.0, 1.0]]}, "Hobj2base": {"type": "ndarray", "data": [[0.9999967891517428, -0.0024926067269857516, 0.00045672520111013934, -0.7328381246277043], [-0.002492293433420731, -0.9999966594498817, -0.0006852463200844055, 0.09278927811820385], [0.00045843172498379937, 0.0006841058266428484, -0.9999996609197284, 0.0015608698895636854], [0.0, 0.0, 0.0, 1.0]]}, "mean_rme": {"type": "float", "data": 0.0017547099799681643}, "max_rme": {"type": "float", "data": 0.0042978063297614}, "simu": {"type": "float", "data": 0.002}}, {"type": "dict", "image_number": {"type": "int", "data": 23}, "Hcamera2end": {"type": "ndarray", "data": [[0.9999938665541067, -0.0024344728136374326, -0.002517974639865636, -0.013481663479070257], [0.0025159036646718756, -0.0008533758790378876, 0.9999964709829526, 0.031096859478372124], [-0.002436613001163062, -0.9999966725403283, -0.0008472457458297278, 0.03208880560313078], [0.0, 0.0, 0.0, 1.0]]}, "Hobj2base": {"type": "ndarray", "data": [[0.9999971864310354, -0.0023155531514012693, 0.0005151151484060374, -0.7330886353871449], [-0.002315104089950623, -0.9999969411140701, -0.000870663858553242, 0.09247260074550297], [0.0005171296411690421, 0.0008694688636935607, -0.9999994883002832, 0.0017487295243391442], [0.0, 0.0, 0.0, 1.0]]}, "mean_rme": {"type": "float", "data": 0.0017830175303288854}, "max_rme": {"type": "float", "data": 0.004650230698947017}, "simu": {"type": "float", "data": 0.002}}, {"type": "dict", "image_number": {"type": "int", "data": 24}, "Hcamera2end": {"type": "ndarray", "data": [[0.9999936702554524, -0.0023476686164409727, -0.002673555890000837, -0.013401557309405173], [0.002671611969237116, -0.0008307677980388117, 0.9999960861495168, 0.031125045632632336], [-0.0023498805321566923, -0.9999968991336591, -0.0008244904799152852, 0.03198890628590133], [0.0, 0.0, 0.0, 1.0]]}, "Hobj2base": {"type": "ndarray", "data": [[0.9999974244212462, -0.0021938372497902004, 0.0005815745828402565, -0.7330603573810324], [-0.0021932677436790823, -0.9999971164595984, -0.0009780843994213941, 0.09244836008972936], [0.0005837186638353399, 0.0009768063315149086, -0.9999993525607462, 0.0016240120597731968], [0.0, 0.0, 0.0, 1.0]]}, "mean_rme": {"type": "float", "data": 0.0017477031535938446}, "max_rme": {"type": "float", "data": 0.004704588453690622}, "simu": {"type": "float", "data": 0.002}}, {"type": "dict", "image_number": {"type": "int", "data": 25}, "Hcamera2end": {"type": "ndarray", "data": [[0.9999953398394645, -0.0019520362740353557, -0.0023473077639637424, -0.013899062129851463], [0.0023461221961629955, -0.0006094175087694165, 0.999997062156155, 0.03108405546254356], [-0.0019534610297074315, -0.9999979090801566, -0.0006048349531557751, 0.03175066593401432], [0.0, 0.0, 0.0, 1.0]]}, "Hobj2base": {"type": "ndarray", "data": [[0.9999981927253833, -0.0018645898893660503, 0.0003712822533077213, -0.733164460523644], [-0.0018643619564175412, -0.9999980740007406, -0.000613310121273959, 0.09210520320948902], [0.0003724251100695496, 0.0006126168083459847, -0.9999997430000589, 0.001913883221039292], [0.0, 0.0, 0.0, 1.0]]}, "mean_rme": {"type": "float", "data": 0.001770144529439323}, "max_rme": {"type": "float", "data": 0.004614111829049222}, "simu": {"type": "float", "data": 0.002}}, {"type": "dict", "image_number": {"type": "int", "data": 26}, "Hcamera2end": {"type": "ndarray", "data": [[0.9999952744399706, -0.0018216676571186394, -0.0024764136719845533, -0.0138708009780909], [0.0024753294577718184, -0.0005971907735724535, 0.9999967580483727, 0.030882412970326525], [-0.0018231406427566708, -0.9999981624433752, -0.0005926787238976772, 0.031724231257765925], [0.0, 0.0, 0.0, 1.0]]}, "Hobj2base": {"type": "ndarray", "data": [[0.9999984420160215, -0.0017231885398722706, 0.00038286653789480833, -0.7331352197460727], [-0.0017228981314802087, -0.9999982288682467, -0.0007575502612532891, 0.09191240107556496], [0.00038417126171629473, 0.0007568894409593739, -0.999999639765343, 0.0019891943755952577], [0.0, 0.0, 0.0, 1.0]]}, "mean_rme": {"type": "float", "data": 0.0018191292911423752}, "max_rme": {"type": "float", "data": 0.0050981499317253876}, "simu": {"type": "float", "data": 0.002}}, {"type": "dict", "image_number": {"type": "int", "data": 27}, "Hcamera2end": {"type": "ndarray", "data": [[0.9999952880981815, -0.001823898777109527, -0.0024692457726713905, -0.013693533778098734], [0.002468249957893425, -0.000548030671816635, 0.9999968036971559, 0.03081401618159547], [-0.0018252461697963558, -0.9999981865261726, -0.0005435262514701389, 0.03171409651502896], [0.0, 0.0, 0.0, 1.0]]}, "Hobj2base": {"type": "ndarray", "data": [[0.999998445283076, -0.0017179089288519474, 0.0003977692082879738, -0.7329844151810866], [-0.0017176328834760976, -0.9999982845427096, -0.0006932884788998035, 0.09207440416360164], [0.00039895953240005785, 0.0006926041795602825, -0.9999996805653195, 0.0020163157045145754], [0.0, 0.0, 0.0, 1.0]]}, "mean_rme": {"type": "float", "data": 0.001813271711480811}, "max_rme": {"type": "float", "data": 0.0050660569112519205}, "simu": {"type": "float", "data": 0.002}}, {"type": "dict", "image_number": {"type": "int", "data": 28}, "Hcamera2end": {"type": "ndarray", "data": [[0.9999952964881479, -0.0019377828924697887, -0.0023773933294525492, -0.013812905747490233], [0.0023763315437407367, -0.000550056789889064, 0.9999970252385365, 0.03088863854627064], [-0.0019390848293710172, -0.9999979712154369, -0.0005454493880781008, 0.03165735488061522], [0.0, 0.0, 0.0, 1.0]]}, "Hobj2base": {"type": "ndarray", "data": [[0.9999982183329278, -0.0018478673483387823, 0.00038563873373834726, -0.7328736315185865], [-0.0018476241821290887, -0.9999980947152192, -0.0006299609610542212, 0.09209035548735742], [0.0003868020832773973, 0.0006292473232234995, -0.9999997272159398, 0.0019862632957249465], [0.0, 0.0, 0.0, 1.0]]}, "mean_rme": {"type": "float", "data": 0.00178641774340887}, "max_rme": {"type": "float", "data": 0.005175836774087644}, "simu": {"type": "float", "data": 0.002}}, {"type": "dict", "image_number": {"type": "int", "data": 29}, "Hcamera2end": {"type": "ndarray", "data": [[0.9999953632001907, -0.002142458305599867, -0.002164128121798917, -0.014091178450932006], [0.002163079275486398, -0.0004917489058477997, 0.9999975396325042, 0.030977732255112266], [-0.0021435172420011, -0.9999975840247929, -0.00048711231854703385, 0.03161777189809718], [0.0, 0.0, 0.0, 1.0]]}, "Hobj2base": {"type": "ndarray", "data": [[0.9999977798136378, -0.0020724570472847917, 0.00038116870583639273, -0.7327348001606905], [-0.0020722768136853336, -0.9999977411406997, -0.00047263337347634634, 0.09203866963271969], [0.00038214735719555964, 0.000471842437070969, -0.9999998156640391, 0.0021035337740820882], [0.0, 0.0, 0.0, 1.0]]}, "mean_rme": {"type": "float", "data": 0.001819627719949806}, "max_rme": {"type": "float", "data": 0.005302663489150622}, "simu": {"type": "float", "data": 0.002}}, {"type": "dict", "image_number": {"type": "int", "data": 30}, "Hcamera2end": {"type": "ndarray", "data": [[0.9999956628823413, -0.001999934850140984, -0.002162053908176095, -0.013898066806263121], [0.002161107895506323, -0.0004750619039222137, 0.9999975519614291, 0.031007428525264714], [-0.002000957063669333, -0.9999978872861593, -0.0004707377685277958, 0.03150323316957826], [0.0, 0.0, 0.0, 1.0]]}, "Hobj2base": {"type": "ndarray", "data": [[0.9999980105574313, -0.001973378284833411, 0.0002909627544730134, -0.7327628839172099], [-0.001973240754193142, -0.9999979416689855, -0.0004722062242827049, 0.09217686044836916], [0.00029189399708431447, 0.00047163114529046263, -0.9999998461809667, 0.001963249011428867], [0.0, 0.0, 0.0, 1.0]]}, "mean_rme": {"type": "float", "data": 0.0018236830921662965}, "max_rme": {"type": "float", "data": 0.005299355303160086}, "simu": {"type": "float", "data": 0.002}}]}