{"type": "list", "data": [{"type": "dict", "image_number": {"type": "int", "data": 5}, "Hcamera2end": {"type": "ndarray", "data": [[0.9999970993791346, 0.0019689620246063555, -0.001387235330737094, -0.014346563435536142], [0.0013860350493748769, 0.0006108347455753282, 0.9999988528932199, 0.024441910005115614], [0.0019698071375369715, -0.999997875032472, 0.0006081039233983843, 0.036467763867069014], [0.0, 0.0, 0.0, 1.0]]}, "Hobj2base": {"type": "ndarray", "data": [[0.9999942039967601, 0.0027346048156182004, 0.002028277443674631, -0.7383966206697327], [0.0027360294727619503, -0.9999960120943863, -0.000699955747367853, 0.08753456324442326], [0.0020263552527381556, 0.0007055011172869054, -0.9999976980736323, -0.0009660902534571414], [0.0, 0.0, 0.0, 1.0]]}, "mean_rme": {"type": "float", "data": 0.0014643403757402718}, "max_rme": {"type": "float", "data": 0.0036023879326372854}, "simu": {"type": "float", "data": 0.002}}, {"type": "dict", "image_number": {"type": "int", "data": 6}, "Hcamera2end": {"type": "ndarray", "data": [[0.9999972867374325, 0.0017757701784713376, -0.0015076995875891747, -0.015852497769499332], [0.0015103824715225007, -0.001510457560376599, 0.9999977186287715, 0.024777343607712266], [0.0017734888110394935, -0.9999972825754234, -0.0015131355542596925, 0.03697703338835782], [0.0, 0.0, 0.0, 1.0]]}, "Hobj2base": {"type": "ndarray", "data": [[0.9999850631309134, 0.003779809337339817, 0.003947981311560669, -0.7375787261961099], [0.003781375475590704, -0.9999927747947222, -0.0003893043349304379, 0.08605929543972617], [0.0039464812904250225, 0.00040422731965217816, -0.9999921309118882, -0.0007047728557788013], [0.0, 0.0, 0.0, 1.0]]}, "mean_rme": {"type": "float", "data": 0.0014539060481606031}, "max_rme": {"type": "float", "data": 0.0033657430996247018}, "simu": {"type": "float", "data": 0.002}}, {"type": "dict", "image_number": {"type": "int", "data": 7}, "Hcamera2end": {"type": "ndarray", "data": [[0.9999968037677942, 0.001961554775264722, -0.0015952294691421835, -0.013867711843168982], [0.0015987007990936291, -0.0017693902242601478, 0.9999971567029525, 0.024711567728993283], [0.0019587266145536693, -0.9999965107744616, -0.0017725205080649786, 0.03593236131889183], [0.0, 0.0, 0.0, 1.0]]}, "Hobj2base": {"type": "ndarray", "data": [[0.9999837507764706, 0.00407282531063669, 0.003988768859009047, -0.7365030544428732], [0.004074171647228527, -0.9999916462543672, -0.00032946451878945244, 0.08752498154503556], [0.003987393686417528, 0.0003457100942395644, -0.9999919905559842, -0.0022907776196740876], [0.0, 0.0, 0.0, 1.0]]}, "mean_rme": {"type": "float", "data": 0.0015868276937195758}, "max_rme": {"type": "float", "data": 0.004952427442239449}, "simu": {"type": "float", "data": 0.002}}, {"type": "dict", "image_number": {"type": "int", "data": 8}, "Hcamera2end": {"type": "ndarray", "data": [[0.9999948340366444, 0.00042078707456134163, -0.003186665696608977, -0.015610185368720124], [0.0031867616528003092, -0.00022756655253064473, 0.9999948963687925, 0.02247366486108295], [0.0004200597484926504, -0.9999998855758442, -0.00022890632504335429, 0.03575134896946345], [0.0, 0.0, 0.0, 1.0]]}, "Hobj2base": {"type": "ndarray", "data": [[0.9999928600511448, 0.0015200573325981576, 0.003459663630618615, -0.7374355920807413], [0.0015256695028083454, -0.9999975237825043, -0.0016201115481065567, 0.08754857950267965], [0.0034571924013006767, 0.0016253782838841738, -0.9999927029564442, 0.0009542183151518557], [0.0, 0.0, 0.0, 1.0]]}, "mean_rme": {"type": "float", "data": 0.0016001701373129285}, "max_rme": {"type": "float", "data": 0.006036591032460459}, "simu": {"type": "float", "data": 0.002}}, {"type": "dict", "image_number": {"type": "int", "data": 9}, "Hcamera2end": {"type": "ndarray", "data": [[0.9999970032797352, 0.0010229899353403466, -0.0022241679661185085, -0.0154732161777756], [0.0022246116332246945, -0.00043276324040175673, 0.9999974319062319, 0.021891894800489312], [0.0010220247700700536, -0.9999993831035947, -0.00043503769884201127, 0.03588209882975369], [0.0, 0.0, 0.0, 1.0]]}, "Hobj2base": {"type": "ndarray", "data": [[0.999992448460457, 0.0020322298512371532, 0.0033125615303047974, -0.7374269807534303], [0.0020359277650644123, -0.999997307731292, -0.0011133410544470889, 0.08814686093305187], [0.00331029004707359, 0.0011200767830011232, -0.999993893685259, 0.0009197728127791257], [0.0, 0.0, 0.0, 1.0]]}, "mean_rme": {"type": "float", "data": 0.0015616184552721042}, "max_rme": {"type": "float", "data": 0.005620073356280009}, "simu": {"type": "float", "data": 0.002}}, {"type": "dict", "image_number": {"type": "int", "data": 10}, "Hcamera2end": {"type": "ndarray", "data": [[0.9999984545868987, 0.0008116404348790529, -0.0015595074923475643, -0.015109286852835548], [0.0015585040938928465, 0.001235427470950734, 0.9999980223900212, 0.021418441841615482], [0.0008135654881680293, -0.9999989074787875, 0.0012341606167644015, 0.03439621403577009], [0.0, 0.0, 0.0, 1.0]]}, "Hobj2base": {"type": "ndarray", "data": [[0.9999967033231971, 0.0014851800626139793, 0.0020946557996951924, -0.7365801010573488], [0.0014849313026516007, -0.9999988902517019, 0.00012030956348428192, 0.0888913560265832], [0.0020948321565195127, -0.00011719874689728669, -0.9999977989689226, 0.0013551787346100241], [0.0, 0.0, 0.0, 1.0]]}, "mean_rme": {"type": "float", "data": 0.00154786871221237}, "max_rme": {"type": "float", "data": 0.005566504098548752}, "simu": {"type": "float", "data": 0.002}}, {"type": "dict", "image_number": {"type": "int", "data": 11}, "Hcamera2end": {"type": "ndarray", "data": [[0.9999982035126235, 0.0005435283206897034, -0.001815915331226708, -0.014752897741747619], [0.0018148317325536564, 0.0019875354739800066, 0.9999963780377015, 0.02094798013365117], [0.0005471355481891743, -0.9999978771375986, 0.001986545490953673, 0.034014446184795454], [0.0, 0.0, 0.0, 1.0]]}, "Hobj2base": {"type": "ndarray", "data": [[0.9999982283514097, 0.001099872334237073, 0.001527604297622577, -0.7363327365401623], [0.0010994543028266432, -0.9999993579345459, 0.0002744644458765752, 0.08903499865920711], [0.0015279051926513812, -0.000272784428503989, -0.9999987955464638, 0.001457218074874493], [0.0, 0.0, 0.0, 1.0]]}, "mean_rme": {"type": "float", "data": 0.0017378810895773546}, "max_rme": {"type": "float", "data": 0.005277121474901558}, "simu": {"type": "float", "data": 0.002}}, {"type": "dict", "image_number": {"type": "int", "data": 12}, "Hcamera2end": {"type": "ndarray", "data": [[0.9999981723951057, 0.000796981427908047, -0.001737822503064085, -0.01457241320793717], [0.001736230184614022, 0.00199429541462004, 0.9999965041391621, 0.021077037940882132], [0.0008004443732211686, -0.9999976938005422, 0.0019929080266242183, 0.03401417919875855], [0.0, 0.0, 0.0, 1.0]]}, "Hobj2base": {"type": "ndarray", "data": [[0.999998408540944, 0.0012109408908209248, 0.0013101670649721296, -0.7364129855172418], [0.0012103782223911108, -0.9999991749684747, 0.00043017081397848315, 0.08904055166267766], [0.0013106868954716815, -0.00042858433169610925, -0.9999990492072146, 0.0012302251294954575], [0.0, 0.0, 0.0, 1.0]]}, "mean_rme": {"type": "float", "data": 0.0016701892240711144}, "max_rme": {"type": "float", "data": 0.005551038197929126}, "simu": {"type": "float", "data": 0.002}}, {"type": "dict", "image_number": {"type": "int", "data": 13}, "Hcamera2end": {"type": "ndarray", "data": [[0.9999971034114897, 0.0008540820264100982, -0.0022502694333322313, -0.014404214927915847], [0.002248359473757412, 0.0022306824879800846, 0.9999949844550796, 0.020844066888157178], [0.0008590973793415004, -0.9999971472956962, 0.0022287557431953653, 0.033924486112528594], [0.0, 0.0, 0.0, 1.0]]}, "Hobj2base": {"type": "ndarray", "data": [[0.9999984482228527, 0.0012465222278144083, 0.0012448832163000183, -0.7364738143196271], [0.0012467177272271713, -0.9999992106356248, -0.00015627871142987818, 0.08871402900828519], [0.0012446874287460248, 0.00015783048689423397, -0.9999992129210611, 0.0010717077431774925], [0.0, 0.0, 0.0, 1.0]]}, "mean_rme": {"type": "float", "data": 0.0017707078779281545}, "max_rme": {"type": "float", "data": 0.005816274514878761}, "simu": {"type": "float", "data": 0.002}}, {"type": "dict", "image_number": {"type": "int", "data": 14}, "Hcamera2end": {"type": "ndarray", "data": [[0.999996626078459, 0.0009540590227822235, -0.002416113217496616, -0.01459361535249317], [0.002413776050879641, 0.002443308108596054, 0.9999941019479378, 0.021114317447987432], [0.0009599567047080324, -0.999996560002517, 0.002440996980245802, 0.03342658076349882], [0.0, 0.0, 0.0, 1.0]]}, "Hobj2base": {"type": "ndarray", "data": [[0.9999984415906789, 0.0013146119449089523, 0.0011783936727121796, -0.7360089195278796], [0.001315130264464551, -0.9999990387736795, -0.00043918572877914004, 0.08857204503187606], [0.0011778151812040791, 0.0004407347855304439, -0.9999992092518111, 0.0007534994176809996], [0.0, 0.0, 0.0, 1.0]]}, "mean_rme": {"type": "float", "data": 0.0018605400387721983}, "max_rme": {"type": "float", "data": 0.005737405557806108}, "simu": {"type": "float", "data": 0.002}}, {"type": "dict", "image_number": {"type": "int", "data": 15}, "Hcamera2end": {"type": "ndarray", "data": [[0.9999967427079236, 0.0007679253731902387, -0.0024341043864445928, -0.014471536765489137], [0.002432171926181239, 0.0025074456494221797, 0.9999938986094049, 0.021113580619437494], [0.0007740240722316192, -0.9999965614975567, 0.002505569755405279, 0.03348501657758555], [0.0, 0.0, 0.0, 1.0]]}, "Hobj2base": {"type": "ndarray", "data": [[0.9999986596700396, 0.0011549813380050203, 0.0011604638008208307, -0.7359599610923377], [0.001155287370800562, -0.9999992980496986, -0.0002630802171927192, 0.0888028578599406], [0.00116015913349166, 0.00026442053375178167, -0.9999992920560326, 0.0008327476545942458], [0.0, 0.0, 0.0, 1.0]]}, "mean_rme": {"type": "float", "data": 0.0018348193138021797}, "max_rme": {"type": "float", "data": 0.005753423769732091}, "simu": {"type": "float", "data": 0.002}}, {"type": "dict", "image_number": {"type": "int", "data": 16}, "Hcamera2end": {"type": "ndarray", "data": [[0.9999967672739297, 0.0007744807984076212, -0.0024219044537359016, -0.0145176317618258], [0.0024199030569856056, 0.002574757797414451, 0.9999937573262541, 0.0210595578060608], [0.0007807117809535232, -0.9999963853943559, 0.002572875305476119, 0.03337282835733672], [0.0, 0.0, 0.0, 1.0]]}, "Hobj2base": {"type": "ndarray", "data": [[0.9999987438309879, 0.0011422481477789182, 0.0010989111043521584, -0.7359457683078633], [0.0011424823158171027, -0.9999993247915235, -0.00021248683538573843, 0.08876937849165803], [0.001098667649663919, 0.00021374205496973772, -0.9999993736216686, 0.0009706590128850529], [0.0, 0.0, 0.0, 1.0]]}, "mean_rme": {"type": "float", "data": 0.001752447685473259}, "max_rme": {"type": "float", "data": 0.005665514877714051}, "simu": {"type": "float", "data": 0.002}}, {"type": "dict", "image_number": {"type": "int", "data": 17}, "Hcamera2end": {"type": "ndarray", "data": [[0.9999969977108976, 0.00080860287806489, -0.0023131646237928264, -0.014403611642142006], [0.002311019551863128, 0.0026437566956069025, 0.9999938348505781, 0.02090390125757654], [0.0008147133373695171, -0.9999961783486575, 0.0026418800612241222, 0.03353162562351681], [0.0, 0.0, 0.0, 1.0]]}, "Hobj2base": {"type": "ndarray", "data": [[0.9999987497022812, 0.0011787755948405455, 0.0010540787311089836, -0.7360385965282169], [0.001178858942439366, -0.9999993020680615, -7.8453702621291e-05, 0.08888970822003946], [0.0010539855161237968, 7.969621466900855e-05, -0.9999994413813664, 0.0007981069355317022], [0.0, 0.0, 0.0, 1.0]]}, "mean_rme": {"type": "float", "data": 0.0017985210607249452}, "max_rme": {"type": "float", "data": 0.006085327835644527}, "simu": {"type": "float", "data": 0.002}}, {"type": "dict", "image_number": {"type": "int", "data": 18}, "Hcamera2end": {"type": "ndarray", "data": [[0.9999972641452962, 0.0005444851088083541, -0.0022749149190620646, -0.014336224945540977], [0.0022734600179431476, 0.002657935210893636, 0.9999938833612741, 0.021064715533753834], [0.0005505283548548142, -0.9999963194514173, 0.0026566900740438992, 0.03340820152947193], [0.0, 0.0, 0.0, 1.0]]}, "Hobj2base": {"type": "ndarray", "data": [[0.9999989696469205, 0.0009338137429842662, 0.0010902738145923566, -0.7361215628836383], [0.0009338731273353826, -0.9999995624845781, -5.395955510414761e-05, 0.08892396809135339], [0.0010902229494066274, 5.497767692363908e-05, -0.9999994041955098, 0.0006059548654309133], [0.0, 0.0, 0.0, 1.0]]}, "mean_rme": {"type": "float", "data": 0.0017609442916699818}, "max_rme": {"type": "float", "data": 0.006167184735893949}, "simu": {"type": "float", "data": 0.002}}, {"type": "dict", "image_number": {"type": "int", "data": 19}, "Hcamera2end": {"type": "ndarray", "data": [[0.9999978126808381, 0.0001755947362089103, -0.0020841785019791873, -0.014668450162870054], [0.002083741903957121, 0.0024509342859799776, 0.9999948254570139, 0.021122847947736625], [0.0001807020121350029, -0.9999969810392502, 0.002450563030894526, 0.03340424898925126], [0.0, 0.0, 0.0, 1.0]]}, "Hobj2base": {"type": "ndarray", "data": [[0.999998993435521, 0.0006513139431305588, 0.0012605229439683113, -0.7358016700952053], [0.0006510335389863775, -0.9999997632469808, 0.0002228481855232652, 0.08889470198973458], [0.001260667789666131, -0.00022202731849901223, -0.9999991807099615, 0.0005844567614150619], [0.0, 0.0, 0.0, 1.0]]}, "mean_rme": {"type": "float", "data": 0.0017794369301720979}, "max_rme": {"type": "float", "data": 0.006003576709230796}, "simu": {"type": "float", "data": 0.002}}, {"type": "dict", "image_number": {"type": "int", "data": 20}, "Hcamera2end": {"type": "ndarray", "data": [[0.9999977057106182, 0.0001874228211134378, -0.00213388054634791, -0.014706031317989816], [0.002133466087262148, 0.002184400295967226, 0.9999953383480353, 0.02082278020823031], [0.0001920831967104768, -0.9999975966311285, 0.002183995424087981, 0.033725841399804286], [0.0, 0.0, 0.0, 1.0]]}, "Hobj2base": {"type": "ndarray", "data": [[0.9999987229236761, 0.0007554225493360185, 0.0014083635144550226, -0.7360483072707843], [0.000755039821049899, -0.9999996778930527, 0.0002722657884925771, 0.08870081053571063], [0.00140856873652739, -0.00027120207025245745, -0.9999989711912465, 0.0005780903535618331], [0.0, 0.0, 0.0, 1.0]]}, "mean_rme": {"type": "float", "data": 0.001885222052963046}, "max_rme": {"type": "float", "data": 0.006218537419328207}, "simu": {"type": "float", "data": 0.002}}, {"type": "dict", "image_number": {"type": "int", "data": 21}, "Hcamera2end": {"type": "ndarray", "data": [[0.9999981891906385, 0.0002906201849036768, -0.001880732663607071, -0.014745700331066546], [0.0018801129561711286, 0.0021181220394496103, 0.9999959893591063, 0.020405230398734438], [0.0002946026406355775, -0.9999977145468554, 0.0021175718051593684, 0.033728129350852766], [0.0, 0.0, 0.0, 1.0]]}, "Hobj2base": {"type": "ndarray", "data": [[0.9999987735041022, 0.0008241769155168017, 0.001331811812309803, -0.736095106299039], [0.0008237766346295668, -0.9999996153731014, 0.0003010742520685621, 0.08896884735206279], [0.0013320594385075677, -0.00029997676734952255, -0.9999990678153612, 0.0008394283201592079], [0.0, 0.0, 0.0, 1.0]]}, "mean_rme": {"type": "float", "data": 0.001855538975975409}, "max_rme": {"type": "float", "data": 0.00636504188077569}, "simu": {"type": "float", "data": 0.002}}, {"type": "dict", "image_number": {"type": "int", "data": 22}, "Hcamera2end": {"type": "ndarray", "data": [[0.9999976447027308, -0.00017168057916383257, -0.0021635884011884762, -0.014479700815636381], [0.0021639634925675662, 0.002215571812229422, 0.9999952042402739, 0.020477810902296417], [-0.00016688617035008624, -0.9999975308806132, 0.002215938104404902, 0.0340603533461842], [0.0, 0.0, 0.0, 1.0]]}, "Hobj2base": {"type": "ndarray", "data": [[0.9999990159121462, 0.00038843510459352705, 0.0013480700681437635, -0.7361893573357261], [0.0003882078224345318, -0.9999999103912072, 0.00016885574999127637, 0.08925918874048851], [0.001348135536845741, -0.0001683322524767405, -0.9999990770969878, 0.0005212379060206325], [0.0, 0.0, 0.0, 1.0]]}, "mean_rme": {"type": "float", "data": 0.0019723996805283885}, "max_rme": {"type": "float", "data": 0.006674260477988692}, "simu": {"type": "float", "data": 0.002}}, {"type": "dict", "image_number": {"type": "int", "data": 23}, "Hcamera2end": {"type": "ndarray", "data": [[0.9999982840237056, -0.0002632278489752329, -0.0018337559117165628, -0.014767129267515996], [0.0018343394453194791, 0.002233984361248109, 0.9999958222476099, 0.020573383035153565], [-0.0002591301672453363, -0.9999974700092863, 0.0022344633770103872, 0.03399194795205575], [0.0, 0.0, 0.0, 1.0]]}, "Hobj2base": {"type": "ndarray", "data": [[0.9999992521867851, 0.0002233920329859739, 0.0012023817489729386, -0.7360344039231961], [0.00022296447595619986, -0.9999999118771754, 0.00035571404837438455, 0.08920613756917373], [0.0012024611067000903, -0.00035544569395015935, -0.9999992138725138, 0.00051397648498338], [0.0, 0.0, 0.0, 1.0]]}, "mean_rme": {"type": "float", "data": 0.0019304469209527044}, "max_rme": {"type": "float", "data": 0.006579085901394555}, "simu": {"type": "float", "data": 0.002}}, {"type": "dict", "image_number": {"type": "int", "data": 24}, "Hcamera2end": {"type": "ndarray", "data": [[0.9999986061456886, -0.00036942230333022194, -0.0016282609869858284, -0.014735427672408326], [0.0016291858431423684, 0.002517186253335857, 0.9999955047533237, 0.02071260585542034], [-0.00036532200651255694, -0.999996763645027, 0.002517784602331652, 0.03373391950482778], [0.0, 0.0, 0.0, 1.0]]}, "Hobj2base": {"type": "ndarray", "data": [[0.9999995874168577, 1.4775209982022211e-05, 0.0009082663747537199, -0.7359745239706617], [1.4345619112947709e-05, -0.9999998880403345, 0.000472983637343216, 0.08940888019606995], [0.0009082732614970804, -0.0004729704125546754, -0.9999994756691979, 0.0004944503443294288], [0.0, 0.0, 0.0, 1.0]]}, "mean_rme": {"type": "float", "data": 0.0019051536633021098}, "max_rme": {"type": "float", "data": 0.006621741575200901}, "simu": {"type": "float", "data": 0.002}}, {"type": "dict", "image_number": {"type": "int", "data": 25}, "Hcamera2end": {"type": "ndarray", "data": [[0.999998681854927, -0.00031268830477530676, -0.0015932716129039128, -0.014769851917369823], [0.0015941218382775047, 0.002737935317653206, 0.9999949812302864, 0.02065266658267058], [-0.0003083244608451293, -0.9999962029609013, 0.0027384301719124426, 0.03360860599285757], [0.0, 0.0, 0.0, 1.0]]}, "Hobj2base": {"type": "ndarray", "data": [[0.9999997445057929, 5.77052404486122e-06, 0.0007148111988438877, -0.7359821106215482], [5.338209584229441e-06, -0.9999998170967903, 0.0006047957415402106, 0.08940870813499008], [0.0007148145580909941, -0.0006047917712064095, -0.9999995616334341, 0.0005829160042551896], [0.0, 0.0, 0.0, 1.0]]}, "mean_rme": {"type": "float", "data": 0.0018412335352564918}, "max_rme": {"type": "float", "data": 0.00664834633415845}, "simu": {"type": "float", "data": 0.002}}, {"type": "dict", "image_number": {"type": "int", "data": 26}, "Hcamera2end": {"type": "ndarray", "data": [[0.9999985697350248, -0.00030653122553940873, -0.001663299886556739, -0.014723571995066534], [0.0016641631528100005, 0.002837840895799415, 0.9999945885953837, 0.02067867008385572], [-0.000301809386334871, -0.9999959263405315, 0.0028383469549057017, 0.03346457279393376], [0.0, 0.0, 0.0, 1.0]]}, "Hobj2base": {"type": "ndarray", "data": [[0.9999998317568098, -4.4510609531120346e-05, 0.0005783642084306309, -0.7359296475364536], [-4.483818111620476e-05, -0.9999998386042428, 0.0005663753399923433, 0.08944519680798241], [0.000578338905373495, -0.0005664011775026782, -0.9999996723568545, 0.0007328821773649677], [0.0, 0.0, 0.0, 1.0]]}, "mean_rme": {"type": "float", "data": 0.0018285989316336904}, "max_rme": {"type": "float", "data": 0.006517080140246101}, "simu": {"type": "float", "data": 0.002}}, {"type": "dict", "image_number": {"type": "int", "data": 27}, "Hcamera2end": {"type": "ndarray", "data": [[0.9999985779041072, -0.00031250659105193563, -0.0016572656376925836, -0.01479242480480315], [0.001658153487718515, 0.00286253224490407, 0.9999945282031086, 0.02062566865005703], [-0.00030776090475307587, -0.9999958541157945, 0.0028630463580026078, 0.03338156189555115], [0.0, 0.0, 0.0, 1.0]]}, "Hobj2base": {"type": "ndarray", "data": [[0.9999998440316998, -5.071587417921292e-05, 0.0005562054261360434, -0.7359450350013083], [-5.103153939110973e-05, -0.9999998376504615, 0.0005675339927660569, 0.08935499346435888], [0.0005561765528537796, -0.0005675622882678581, -0.9999996842702958, 0.0008167626071801166], [0.0, 0.0, 0.0, 1.0]]}, "mean_rme": {"type": "float", "data": 0.0018032062792811287}, "max_rme": {"type": "float", "data": 0.0064499563571215335}, "simu": {"type": "float", "data": 0.002}}, {"type": "dict", "image_number": {"type": "int", "data": 28}, "Hcamera2end": {"type": "ndarray", "data": [[0.9999984048390324, -0.0008475409632681043, -0.0015722575190746622, -0.014701353918886589], [0.001574758656377031, 0.00295850670733222, 0.9999943836708466, 0.02108705551503096], [-0.0008428846687832483, -0.9999952644449762, 0.0029598366605063653, 0.03338043165779916], [0.0, 0.0, 0.0, 1.0]]}, "Hobj2base": {"type": "ndarray", "data": [[0.999999522750638, -0.0005989218760995577, 0.0007718750433995254, -0.7358964408889934], [-0.0005994070801500902, -0.9999996228327581, 0.0006285264457586926, 0.08932706461836311], [0.0007714983140354724, -0.0006289888131608522, -0.999999504581589, 0.00029471973595567225], [0.0, 0.0, 0.0, 1.0]]}, "mean_rme": {"type": "float", "data": 0.0017966882718599793}, "max_rme": {"type": "float", "data": 0.006571946521426786}, "simu": {"type": "float", "data": 0.002}}, {"type": "dict", "image_number": {"type": "int", "data": 29}, "Hcamera2end": {"type": "ndarray", "data": [[0.9999984087427968, -0.0009456703081187679, -0.001512686200980517, -0.01460517304057666], [0.001515525486484304, 0.0030089332219574993, 0.9999943247355785, 0.02061461195589746], [-0.0009411133694251869, -0.9999950260018968, 0.00301036162142454, 0.03335617730006841], [0.0, 0.0, 0.0, 1.0]]}, "Hobj2base": {"type": "ndarray", "data": [[0.9999994305274336, -0.0007315211637407719, 0.0007770595830742473, -0.7359081153244899], [-0.0007320496255212595, -0.9999995008432125, 0.000680012258483657, 0.08968136497929888], [0.000776561751840998, -0.0006805807174121283, -0.9999994668807242, 0.0006284209608736558], [0.0, 0.0, 0.0, 1.0]]}, "mean_rme": {"type": "float", "data": 0.0017839367128581825}, "max_rme": {"type": "float", "data": 0.006707795343510625}, "simu": {"type": "float", "data": 0.002}}, {"type": "dict", "image_number": {"type": "int", "data": 30}, "Hcamera2end": {"type": "ndarray", "data": [[0.9999986540312087, -0.0008990264582835845, -0.001372474844339066, -0.014416818781361295], [0.0013752697099598875, 0.0031155630606867213, 0.9999942009332055, 0.020072205211047647], [-0.000894745212842358, -0.9999947424953006, 0.003116795271092654, 0.03339417376830347], [0.0, 0.0, 0.0, 1.0]]}, "Hobj2base": {"type": "ndarray", "data": [[0.9999994445945245, -0.0007543820075165317, 0.0007360152370534242, -0.7358784807767268], [-0.0007549556995975369, -0.9999994112179933, 0.0007794905759351604, 0.09013083478114395], [0.000735426770035382, -0.0007800458019000307, -0.999999425337841, 0.000945412277542466], [0.0, 0.0, 0.0, 1.0]]}, "mean_rme": {"type": "float", "data": 0.0018356780923228977}, "max_rme": {"type": "float", "data": 0.0070038875166398284}, "simu": {"type": "float", "data": 0.002}}]}