{"type": "list", "data": [{"type": "dict", "image_number": {"type": "int", "data": 5}, "Hcamera2end": {"type": "ndarray", "data": [[0.9999763519318238, 0.00535266074062626, -0.004317939336882714, -0.016520331878084944], [0.004313231416374401, 0.0008907796725283745, 0.9999903012261288, 0.03191045687375061], [0.005356455158968633, -0.9999852776589117, 0.0008676713428422689, 0.03455999398193565], [0.0, 0.0, 0.0, 1.0]]}, "Hobj2base": {"type": "ndarray", "data": [[0.9999858444194852, 0.005149477908962554, 0.0013393423438858554, -0.7367801591077491], [0.005150278360449014, -0.999986560282381, -0.000594884376704347, 0.08391309211783285], [0.0013362609995467324, 0.0006017739416616039, -0.9999989261367555, 0.0008955330340540968], [0.0, 0.0, 0.0, 1.0]]}, "mean_rme": {"type": "float", "data": 0.00128369760906558}, "max_rme": {"type": "float", "data": 0.0032493862569969445}, "simu": {"type": "float", "data": 0.002}}, {"type": "dict", "image_number": {"type": "int", "data": 6}, "Hcamera2end": {"type": "ndarray", "data": [[0.9999847662712074, 0.004695411726856496, -0.0029017812174555527, -0.014277410565835535], [0.0029001624358402298, 0.00035153024362755136, 0.9999957327330622, 0.03305428841586271], [0.0046964117541396, -0.9999889147061598, 0.00033790743180017735, 0.03466779754216969], [0.0, 0.0, 0.0, 1.0]]}, "Hobj2base": {"type": "ndarray", "data": [[0.9999890099687365, 0.00449715815398752, 0.0013249567103044565, -0.7372003918425779], [0.0044968511296640205, -0.9999898615921536, 0.00023461206850745956, 0.08714373582517239], [0.001325998364929861, -0.00022865135703400334, -0.9999990947230368, 0.00013036484395329007], [0.0, 0.0, 0.0, 1.0]]}, "mean_rme": {"type": "float", "data": 0.001430271926322012}, "max_rme": {"type": "float", "data": 0.003753291271294923}, "simu": {"type": "float", "data": 0.002}}, {"type": "dict", "image_number": {"type": "int", "data": 7}, "Hcamera2end": {"type": "ndarray", "data": [[0.9999851304169745, 0.004333657345820902, -0.0033103412143902404, -0.012842831151672727], [0.003317850463565384, -0.001726733105714251, 0.9999930051060771, 0.03265041438989278], [0.004327910956581371, -0.9999891188441955, -0.001741085856946878, 0.0346083552492588], [0.0, 0.0, 0.0, 1.0]]}, "Hobj2base": {"type": "ndarray", "data": [[0.999984682559289, 0.004436380259658625, 0.003309558428223112, -0.7359044176326736], [0.004438623357452515, -0.9999899243234782, -0.0006707266314642569, 0.08815353185772257], [0.003306549483795505, 0.0006854062409912111, -0.9999942984581438, -0.00043812019028201455], [0.0, 0.0, 0.0, 1.0]]}, "mean_rme": {"type": "float", "data": 0.0014218333581780865}, "max_rme": {"type": "float", "data": 0.0034215953933581233}, "simu": {"type": "float", "data": 0.002}}, {"type": "dict", "image_number": {"type": "int", "data": 8}, "Hcamera2end": {"type": "ndarray", "data": [[0.999990470383663, 0.003323552967891793, -0.002830748581238143, -0.013830352788103614], [0.002838803640971433, -0.002421418317672064, 0.9999930389393813, 0.03267710321586705], [0.0033166754059707803, -0.9999915453287594, -0.0024308301567506074, 0.035102408470545986], [0.0, 0.0, 0.0, 1.0]]}, "Hobj2base": {"type": "ndarray", "data": [[0.9999859031320653, 0.0035238641217268042, 0.0039718910860364505, -0.7363092423690616], [0.003525413977013152, -0.9999937122596168, -0.00038327212425173904, 0.08767386998398763], [0.003970515512928962, 0.00039726928166510726, -0.9999920385601473, -0.000685739989172221], [0.0, 0.0, 0.0, 1.0]]}, "mean_rme": {"type": "float", "data": 0.0014332880499038421}, "max_rme": {"type": "float", "data": 0.003395735560661084}, "simu": {"type": "float", "data": 0.002}}, {"type": "dict", "image_number": {"type": "int", "data": 9}, "Hcamera2end": {"type": "ndarray", "data": [[0.9999898599118755, 0.003673382746206675, -0.002605059044930424, -0.014088566931229661], [0.0026138076019809747, -0.0023788216689915043, 0.9999937545891413, 0.03275056756941233], [0.0036671628335171007, -0.999990423687481, -0.002388399063277147, 0.03519374990097081], [0.0, 0.0, 0.0, 1.0]]}, "Hobj2base": {"type": "ndarray", "data": [[0.9999857856244886, 0.003856598953983394, 0.003681737834567816, -0.7364690253030605], [0.0038576873394599856, -0.999992517462315, -0.00028856155839709273, 0.08732114614762043], [0.0036805974196214477, 0.00030276045010636663, -0.9999931807461213, -0.0006587145505574129], [0.0, 0.0, 0.0, 1.0]]}, "mean_rme": {"type": "float", "data": 0.0013508449814444686}, "max_rme": {"type": "float", "data": 0.0034219342291181287}, "simu": {"type": "float", "data": 0.002}}, {"type": "dict", "image_number": {"type": "int", "data": 10}, "Hcamera2end": {"type": "ndarray", "data": [[0.9999916934560492, 0.0035481706102185495, -0.0020058674491751946, -0.014369710863073225], [0.0020150782488034123, -0.002594261867480796, 0.9999946046179521, 0.032798485825510725], [0.00354294772104792, -0.999990340098685, -0.0026013901595502986, 0.035462355303167374], [0.0, 0.0, 0.0, 1.0]]}, "Hobj2base": {"type": "ndarray", "data": [[0.9999853529257562, 0.0037150699585161884, 0.003936011833598175, -0.7365764621672104], [0.003713797969427566, -0.9999930492373135, 0.0003304265455861862, 0.08740235909473877], [0.003937212033046992, -0.0003158041530487811, -0.9999921992841463, -0.0006109021253882907], [0.0, 0.0, 0.0, 1.0]]}, "mean_rme": {"type": "float", "data": 0.0012548469116346389}, "max_rme": {"type": "float", "data": 0.0036776043281539494}, "simu": {"type": "float", "data": 0.002}}, {"type": "dict", "image_number": {"type": "int", "data": 11}, "Hcamera2end": {"type": "ndarray", "data": [[0.9999907023961, 0.003856615137021712, -0.001929155524954037, -0.014622757456852127], [0.0019359349210166335, -0.0017549021503697748, 0.9999965862313851, 0.03178410117434733], [0.0038532164922508577, -0.9999910233787739, -0.0017623519899054862, 0.03521067462904152], [0.0, 0.0, 0.0, 1.0]]}, "Hobj2base": {"type": "ndarray", "data": [[0.9999880831416896, 0.003715001142855782, 0.0031673871120936905, -0.7365690817828475], [0.003714328972500472, -0.9999930780784803, 0.00021807203117014235, 0.08746562116846154], [0.0031681753255337, -0.00020630471471907123, -0.9999949600390352, 0.0005106467981298435], [0.0, 0.0, 0.0, 1.0]]}, "mean_rme": {"type": "float", "data": 0.0013261984699309444}, "max_rme": {"type": "float", "data": 0.0035863600955252095}, "simu": {"type": "float", "data": 0.002}}, {"type": "dict", "image_number": {"type": "int", "data": 12}, "Hcamera2end": {"type": "ndarray", "data": [[0.9999910698919972, 0.003987377336811035, -0.0014003421841821872, -0.014572964590462537], [0.0014049813915575108, -0.0011609100665470606, 0.9999983391561741, 0.03182898347482129], [0.003985745043061776, -0.9999913765177134, -0.0011665018904540858, 0.034343583317313124], [0.0, 0.0, 0.0, 1.0]]}, "Hobj2base": {"type": "ndarray", "data": [[0.9999897486040633, 0.0038306664392881063, 0.002414266226658394, -0.736280054939813], [0.0038296464303429387, -0.9999925757232693, 0.0004269737230846522, 0.08797446287821477], [0.002415883896389304, -0.0004177235599711425, -0.9999969945014968, 0.0009228449926239798], [0.0, 0.0, 0.0, 1.0]]}, "mean_rme": {"type": "float", "data": 0.0013774287215856747}, "max_rme": {"type": "float", "data": 0.003907259501858551}, "simu": {"type": "float", "data": 0.002}}, {"type": "dict", "image_number": {"type": "int", "data": 13}, "Hcamera2end": {"type": "ndarray", "data": [[0.9999911423511816, 0.00397759953319994, -0.001376198071621396, -0.014409404153523604], [0.0013782762075832278, -0.0005197659285145484, 0.9999989150984493, 0.031888973091750095], [0.003976879917027522, -0.9999919542402996, -0.0005252435554103929, 0.03397795166006082], [0.0, 0.0, 0.0, 1.0]]}, "Hobj2base": {"type": "ndarray", "data": [[0.9999908320435157, 0.003850478740796877, 0.001873403956422263, -0.7361924441574978], [0.0038494561949229886, -0.9999924400472178, 0.0005491224035144377, 0.08817130835079355], [0.0018755041777176388, -0.0005419057827184948, -0.999998094409285, 0.0011554351521543356], [0.0, 0.0, 0.0, 1.0]]}, "mean_rme": {"type": "float", "data": 0.0013832468567046823}, "max_rme": {"type": "float", "data": 0.003676048652185182}, "simu": {"type": "float", "data": 0.002}}, {"type": "dict", "image_number": {"type": "int", "data": 14}, "Hcamera2end": {"type": "ndarray", "data": [[0.9999917255207506, 0.003918300596456161, -0.001093531191886487, -0.014826500755256954], [0.0010912227519209643, 0.0005912326051860095, 0.9999992298381596, 0.03164233910547124], [0.003918944110025993, -0.9999921486513993, 0.0005869519742843776, 0.0328576880380994], [0.0, 0.0, 0.0, 1.0]]}, "Hobj2base": {"type": "ndarray", "data": [[0.999992578211682, 0.0037867535881897815, 0.0007099428255345297, -0.7356527527759005], [0.0037864743284536993, -0.9999927535484869, 0.0003942875548310024, 0.08811512017911363], [0.000711430750781302, -0.00039159644822867756, -0.9999996702592004, 0.0015273851864545265], [0.0, 0.0, 0.0, 1.0]]}, "mean_rme": {"type": "float", "data": 0.0013507433500235834}, "max_rme": {"type": "float", "data": 0.0036583028486962266}, "simu": {"type": "float", "data": 0.002}}, {"type": "dict", "image_number": {"type": "int", "data": 15}, "Hcamera2end": {"type": "ndarray", "data": [[0.999990197826507, 0.004309651580303144, -0.0010154576109787739, -0.015360042028521832], [0.0010127886364534701, 0.0006214389096178552, 0.9999992940361806, 0.031617110302292584], [0.004310279582715584, -0.9999905203135369, 0.0006170680520182215, 0.03277297783426945], [0.0, 0.0, 0.0, 1.0]]}, "Hobj2base": {"type": "ndarray", "data": [[0.9999913906561896, 0.004099062437586259, 0.0006452136334559143, -0.7353399837278528], [0.0040987782970700465, -0.9999915026919186, 0.0004410900462159397, 0.08769238290187718], [0.0006470162065169298, -0.00043844166108229765, -0.9999996945694221, 0.0016513783855015933], [0.0, 0.0, 0.0, 1.0]]}, "mean_rme": {"type": "float", "data": 0.0013836307173637672}, "max_rme": {"type": "float", "data": 0.0036846842258138057}, "simu": {"type": "float", "data": 0.002}}, {"type": "dict", "image_number": {"type": "int", "data": 16}, "Hcamera2end": {"type": "ndarray", "data": [[0.9999902073497802, 0.004287426457807806, -0.0010968951237755827, -0.015390199232037454], [0.001096122734017048, 0.00018249793779390178, 0.9999993826045369, 0.031635762560081306], [0.004287623991868227, -0.9999907922920451, 0.00017779660504457784, 0.03361361334903078], [0.0, 0.0, 0.0, 1.0]]}, "Hobj2base": {"type": "ndarray", "data": [[0.999991215092892, 0.004045318122144188, 0.0010977879267364658, -0.7358592745090531], [0.004044752501130124, -0.999991686325568, 0.000516969004120678, 0.08744434891250864], [0.001099870104166004, -0.0005125241821336213, -0.9999992638020871, 0.0015472899282617872], [0.0, 0.0, 0.0, 1.0]]}, "mean_rme": {"type": "float", "data": 0.0014035380644417054}, "max_rme": {"type": "float", "data": 0.0035746354263133107}, "simu": {"type": "float", "data": 0.002}}, {"type": "dict", "image_number": {"type": "int", "data": 17}, "Hcamera2end": {"type": "ndarray", "data": [[0.999990371010572, 0.0042287280075006956, -0.0011729218120790168, -0.015400147877572858], [0.0011720954653951213, 0.00019788554084554377, 0.9999992935165167, 0.03172365194854262], [0.004228957124241357, -0.9999910393102287, 0.00019292716248575648, 0.033594128370371436], [0.0, 0.0, 0.0, 1.0]]}, "Hobj2base": {"type": "ndarray", "data": [[0.9999913517964846, 0.004022726339769529, 0.0010554643692285075, -0.7359099318796459], [0.004022233093422159, -0.9999918007905939, 0.00046903360884658496, 0.08742957718315397], [0.0010573425091076685, -0.0004647842288336412, -0.9999993330009966, 0.0016003103013716435], [0.0, 0.0, 0.0, 1.0]]}, "mean_rme": {"type": "float", "data": 0.0013917963564802043}, "max_rme": {"type": "float", "data": 0.0036993659953779012}, "simu": {"type": "float", "data": 0.002}}, {"type": "dict", "image_number": {"type": "int", "data": 18}, "Hcamera2end": {"type": "ndarray", "data": [[0.9999909536573608, 0.004180663363009445, -0.0007840008209256579, -0.015336945209847123], [0.0007826378104579903, 0.0003276533329154008, 0.9999996400606106, 0.03164083249119807], [0.004180918738706012, -0.9999912073099135, 0.0003243784236304226, 0.03365210679625897], [0.0, 0.0, 0.0, 1.0]]}, "Hobj2base": {"type": "ndarray", "data": [[0.9999916939578303, 0.003987778499069237, 0.0008424001374542375, -0.7361206207621714], [0.0039871830910777175, -0.9999918010149498, 0.0007073004141663295, 0.0875793887791059], [0.0008452137880120992, -0.0007039357357152837, -0.9999993950438837, 0.0015253067676038858], [0.0, 0.0, 0.0, 1.0]]}, "mean_rme": {"type": "float", "data": 0.0014449871140575312}, "max_rme": {"type": "float", "data": 0.003781950566744574}, "simu": {"type": "float", "data": 0.002}}, {"type": "dict", "image_number": {"type": "int", "data": 19}, "Hcamera2end": {"type": "ndarray", "data": [[0.9999914862520188, 0.0040471774879546635, -0.0008048464818757809, -0.015644947218300207], [0.0008033828685201098, 0.00036325076560939085, 0.9999996113123486, 0.033179528029564385], [0.0040474682759674896, -0.9999917441675519, 0.0003599962399242207, 0.03361221545005996], [0.0, 0.0, 0.0, 1.0]]}, "Hobj2base": {"type": "ndarray", "data": [[0.9999920610939451, 0.003914905352412838, 0.0007424723329972008, -0.7362259392380996], [0.003914530601252072, -0.9999922104207566, 0.0005055175382370744, 0.08749176685525087], [0.0007444456027663097, -0.0005026070943127287, -0.9999995965933455, -0.0001159711004387872], [0.0, 0.0, 0.0, 1.0]]}, "mean_rme": {"type": "float", "data": 0.0014788330195116563}, "max_rme": {"type": "float", "data": 0.003673509541400305}, "simu": {"type": "float", "data": 0.002}}, {"type": "dict", "image_number": {"type": "int", "data": 20}, "Hcamera2end": {"type": "ndarray", "data": [[0.999991302008753, 0.004121922363620111, -0.0006369166878948836, -0.01583562356789338], [0.0006349379450521029, 0.0004813441842951294, 0.999999682580741, 0.03318204680380113], [0.004122227631386166, -0.9999913889948279, 0.0004787228326524895, 0.03341413527011318], [0.0, 0.0, 0.0, 1.0]]}, "Hobj2base": {"type": "ndarray", "data": [[0.9999919107646892, 0.003982156945877517, 0.0005664196715776888, -0.7360909795470807], [0.0039817938358404645, -0.9999918673446793, 0.0006407513945726943, 0.0874255338501019], [0.0005689666376982116, -0.000638490845027101, -0.9999996343031359, 1.1451690472583098e-05], [0.0, 0.0, 0.0, 1.0]]}, "mean_rme": {"type": "float", "data": 0.0014559701327678002}, "max_rme": {"type": "float", "data": 0.0036964834451329864}, "simu": {"type": "float", "data": 0.002}}, {"type": "dict", "image_number": {"type": "int", "data": 21}, "Hcamera2end": {"type": "ndarray", "data": [[0.9999913073771046, 0.0041028103626716, -0.0007430459992508207, -0.015575892914320672], [0.0007415480020714852, 0.0003666240473764182, 0.9999996578466257, 0.0331680408205021], [0.004103081377412823, -0.9999915162309807, 0.0003635784296245337, 0.03367650236267782], [0.0, 0.0, 0.0, 1.0]]}, "Hobj2base": {"type": "ndarray", "data": [[0.9999918949894803, 0.003979913429564961, 0.0006084771494335404, -0.7360911169709036], [0.003979622529292689, -0.9999919667674257, 0.00047854481438256027, 0.08769819599982207], [0.0006103768283284929, -0.00047611942639936, -0.9999997003751644, 0.00011883584924904114], [0.0, 0.0, 0.0, 1.0]]}, "mean_rme": {"type": "float", "data": 0.0015022583908620819}, "max_rme": {"type": "float", "data": 0.0038177745983202227}, "simu": {"type": "float", "data": 0.002}}, {"type": "dict", "image_number": {"type": "int", "data": 22}, "Hcamera2end": {"type": "ndarray", "data": [[0.9999915373625503, 0.004034834130500379, -0.0008033161410407194, -0.015810460252919455], [0.0008024286497569631, 0.00022157133955869046, 0.9999996535071418, 0.033141431210783265], [0.004035010724292629, -0.9999918354765107, 0.00021833179797747793, 0.03381901067873383], [0.0, 0.0, 0.0, 1.0]]}, "Hobj2base": {"type": "ndarray", "data": [[0.999992029886685, 0.003929041676556833, 0.0007090801161860998, -0.7362559131433063], [0.00392878897395886, -0.9999922184028585, 0.0003574226184344599, 0.08747594949073728], [0.0007104789267742674, -0.00035463394359356416, -0.9999996847271808, 0.00011437923713823613], [0.0, 0.0, 0.0, 1.0]]}, "mean_rme": {"type": "float", "data": 0.0014922625435313292}, "max_rme": {"type": "float", "data": 0.0038395867585198085}, "simu": {"type": "float", "data": 0.002}}, {"type": "dict", "image_number": {"type": "int", "data": 23}, "Hcamera2end": {"type": "ndarray", "data": [[0.9999909790131671, 0.0041918447352765, -0.0006858060971783317, -0.016019995714953807], [0.0006847120104205762, 0.0002624331829249593, 0.9999997311491072, 0.03311036091459569], [0.004192023586572254, -0.9999911797443711, 0.0002595606090826097, 0.033854064810874294], [0.0, 0.0, 0.0, 1.0]]}, "Hobj2base": {"type": "ndarray", "data": [[0.9999914867036284, 0.004080845347957925, 0.0006109185814880146, -0.7362023782934045], [0.004080603756551776, -0.9999915958212846, 0.0003961815027797988, 0.08729385118700829], [0.000612530202661641, -0.00039368521331068136, -0.9999997349093168, 0.00014830477337895515], [0.0, 0.0, 0.0, 1.0]]}, "mean_rme": {"type": "float", "data": 0.0014921373814496671}, "max_rme": {"type": "float", "data": 0.003775949991600913}, "simu": {"type": "float", "data": 0.002}}, {"type": "dict", "image_number": {"type": "int", "data": 24}, "Hcamera2end": {"type": "ndarray", "data": [[0.9999943645862456, 0.0032978410965675935, -0.0006285219589000116, -0.01575747370834161], [0.0006271183402353211, 0.00042663424412214823, 0.999999712352863, 0.033832347438397296], [0.003298108296943894, -0.9999944710983772, 0.00042456370322685455, 0.033735315781666594], [0.0, 0.0, 0.0, 1.0]]}, "Hobj2base": {"type": "ndarray", "data": [[0.9999948813301118, 0.0031359183260138454, 0.0006350825364648295, -0.7361743381007101], [0.0031356264617898254, -0.999994978090313, 0.00046004439639891126, 0.08761324783970342], [0.000636522008791135, -0.0004580506599767525, -0.9999996925146153, -0.0006803880805044982], [0.0, 0.0, 0.0, 1.0]]}, "mean_rme": {"type": "float", "data": 0.0014940584555368632}, "max_rme": {"type": "float", "data": 0.0038848606254672235}, "simu": {"type": "float", "data": 0.002}}, {"type": "dict", "image_number": {"type": "int", "data": 25}, "Hcamera2end": {"type": "ndarray", "data": [[0.9999947900067706, 0.0031841987391398605, -0.0005299412273578042, -0.015648297483945126], [0.0005281885442970416, 0.0005512471498853033, 0.9999997085716783, 0.03382464533455466], [0.0031844899397653536, -0.9999947784888528, 0.0005495624205946736, 0.033626594323123295], [0.0, 0.0, 0.0, 1.0]]}, "Hobj2base": {"type": "ndarray", "data": [[0.9999952298144289, 0.0030509647761831652, 0.000481624669285166, -0.7361869918956622], [0.0030507151835251368, -0.999995212334138, 0.000518117429584474, 0.08779946799909824], [0.0004832031214547675, -0.0005166456583768387, -0.9999997497959721, -0.0006482637648188283], [0.0, 0.0, 0.0, 1.0]]}, "mean_rme": {"type": "float", "data": 0.0014611860508797945}, "max_rme": {"type": "float", "data": 0.0039192547755511065}, "simu": {"type": "float", "data": 0.002}}, {"type": "dict", "image_number": {"type": "int", "data": 26}, "Hcamera2end": {"type": "ndarray", "data": [[0.9999948667798734, 0.0031869559272389787, -0.00033124888085889377, -0.015481931298499476], [0.00032957044207039153, 0.0005271696774503676, 0.9999998067377086, 0.033949818346124434], [0.0031871299356862524, -0.9999947826884142, 0.0005261166448985444, 0.033645813220935475], [0.0, 0.0, 0.0, 1.0]]}, "Hobj2base": {"type": "ndarray", "data": [[0.999995171134727, 0.0030645369940174748, 0.0005160622446290737, -0.7361764942548696], [0.003064233793695802, -0.999995132765509, 0.000587295964440141, 0.08800474976263173], [0.000517859523042581, -0.0005857117930974104, -0.9999996943815583, -0.0006203906060960778], [0.0, 0.0, 0.0, 1.0]]}, "mean_rme": {"type": "float", "data": 0.0014602188960566927}, "max_rme": {"type": "float", "data": 0.004072216929994821}, "simu": {"type": "float", "data": 0.002}}, {"type": "dict", "image_number": {"type": "int", "data": 27}, "Hcamera2end": {"type": "ndarray", "data": [[0.9999960760754204, 0.0027697264335539264, -0.00042005862129976495, -0.01553401016678881], [0.00041852700909061815, 0.0005535396257767555, 0.9999997592144835, 0.0338186402072927], [0.002769958285735955, -0.9999960110967271, 0.0005523782484088136, 0.03369716680753537], [0.0, 0.0, 0.0, 1.0]]}, "Hobj2base": {"type": "ndarray", "data": [[0.9999963777226549, 0.0026503664880535896, 0.00046914714991138886, -0.7361061024551669], [0.0026501175592201346, -0.9999963477551737, 0.0005304274085538108, 0.08798960191107275], [0.000470551263499114, -0.0005291821920987874, -0.9999997492738264, -0.0005643526998880019], [0.0, 0.0, 0.0, 1.0]]}, "mean_rme": {"type": "float", "data": 0.001464748984461116}, "max_rme": {"type": "float", "data": 0.0041971609576501034}, "simu": {"type": "float", "data": 0.002}}, {"type": "dict", "image_number": {"type": "int", "data": 28}, "Hcamera2end": {"type": "ndarray", "data": [[0.9999972735446022, 0.0022905292006934795, -0.0004542899324137134, -0.01542566940742656], [0.0004530795843342934, 0.0005289053769802488, 0.999999757488967, 0.033446061448838764], [0.0022907689216028386, -0.9999972368637242, 0.0005278661429252152, 0.033727269435763596], [0.0, 0.0, 0.0, 1.0]]}, "Hobj2base": {"type": "ndarray", "data": [[0.9999975911346829, 0.002153206181135252, 0.0004259436265775565, -0.7360429722035482], [0.0021529331179726352, -0.9999974773153828, 0.0006405012574431918, 0.08819013775067756], [0.0004273216833226734, -0.000639582686421879, -0.9999997041650397, -0.00015511857949391289], [0.0, 0.0, 0.0, 1.0]]}, "mean_rme": {"type": "float", "data": 0.0014430783421216446}, "max_rme": {"type": "float", "data": 0.00414362033390675}, "simu": {"type": "float", "data": 0.002}}, {"type": "dict", "image_number": {"type": "int", "data": 29}, "Hcamera2end": {"type": "ndarray", "data": [[0.9999979970762266, 0.0019532883911764893, -0.0004364722167011577, -0.015340999777923475], [0.00043538953173712883, 0.0005546792305417547, 0.9999997513834226, 0.03344884414670178], [0.0019535300076299273, -0.9999979384955812, 0.0005538276782436347, 0.033800550835595904], [0.0, 0.0, 0.0, 1.0]]}, "Hobj2base": {"type": "ndarray", "data": [[0.9999982548593059, 0.0018211476530508844, 0.000416772801986359, -0.7359564190730434], [0.0018208542179769997, -0.9999980948822889, 0.0007033645636973827, 0.08837499153717607], [0.0004180529387095291, -0.0007026044537128247, -0.9999996657893051, -0.0001168075747857864], [0.0, 0.0, 0.0, 1.0]]}, "mean_rme": {"type": "float", "data": 0.0014616144534964656}, "max_rme": {"type": "float", "data": 0.004269843536978957}, "simu": {"type": "float", "data": 0.002}}, {"type": "dict", "image_number": {"type": "int", "data": 30}, "Hcamera2end": {"type": "ndarray", "data": [[0.9999986341731781, 0.0015781116300209095, -0.0004911369069280224, -0.015309711909517881], [0.0004902178229469268, 0.0005827288224907745, 0.9999997100567606, 0.033442328648460494], [0.0015783973720895675, -0.9999985849944, 0.0005819544081364647, 0.033867861843268385], [0.0, 0.0, 0.0, 1.0]]}, "Hobj2base": {"type": "ndarray", "data": [[0.9999988787147533, 0.0014464096304498285, 0.00038790258701532564, -0.7358780799893956], [0.001446118004090199, -0.9999986723453989, 0.0007510327277077396, 0.08851241861098362], [0.0003889883729848106, -0.0007504709326709063, -0.9999996427406486, -0.00011635332073348104], [0.0, 0.0, 0.0, 1.0]]}, "mean_rme": {"type": "float", "data": 0.0014738579650779321}, "max_rme": {"type": "float", "data": 0.0044462602690787945}, "simu": {"type": "float", "data": 0.002}}]}