{"type": "list", "data": [{"type": "dict", "image_number": {"type": "int", "data": 5}, "Hcamera2end": {"type": "ndarray", "data": [[0.9999899186690112, -0.003201844622284242, 0.0031481345840346595, -0.020645430077546312], [-0.0031473833658290417, 0.00023963212981159554, 0.9999950182647865, 0.02923723312116448], [-0.003202583065737445, -0.9999948453704435, 0.00022955228149668105, 0.03910387415681559], [0.0, 0.0, 0.0, 1.0]]}, "Hobj2base": {"type": "ndarray", "data": [[0.9999949987987655, -0.0031187950259719127, 0.0005248762168148201, -0.7405722308636887], [-0.003119519964387781, -0.9999941737043154, 0.0013860564976373073, 0.08709688258406338], [0.0005205503326202359, -0.0013876869275270265, -0.9999989016755677, -0.003900753297214199], [0.0, 0.0, 0.0, 1.0]]}, "mean_rme": {"type": "float", "data": 0.0013849123447698187}, "max_rme": {"type": "float", "data": 0.004855386806484563}, "simu": {"type": "float", "data": 0.002}}, {"type": "dict", "image_number": {"type": "int", "data": 6}, "Hcamera2end": {"type": "ndarray", "data": [[0.9999918762852275, -0.0008814300771081474, 0.003933248602554674, -0.019406776450733097], [-0.003932660846628768, 0.0006675648580796167, 0.9999920442362655, 0.02877765151151701], [-0.0008840487632038613, -0.9999993887189027, 0.0006640930694198355, 0.03890953995492483], [0.0, 0.0, 0.0, 1.0]]}, "Hobj2base": {"type": "ndarray", "data": [[0.9999995769268619, -0.0007027827787020011, 0.0005935001795391284, -0.7411846673629112], [-0.0007043608942272421, -0.9999962061785499, 0.0026629878405011105, 0.08818633787794385], [0.0005916264259112193, -0.0026634047521796726, -0.9999962781197231, -0.0031167841530836218], [0.0, 0.0, 0.0, 1.0]]}, "mean_rme": {"type": "float", "data": 0.0013759408617580664}, "max_rme": {"type": "float", "data": 0.00456390212695279}, "simu": {"type": "float", "data": 0.002}}, {"type": "dict", "image_number": {"type": "int", "data": 7}, "Hcamera2end": {"type": "ndarray", "data": [[0.9999965341594014, -0.000751510810491113, 0.0025232718218500534, -0.01904449929447614], [-0.002523061692145882, 0.0002804266168232594, 0.9999967777551136, 0.028449775714712085], [-0.0007522159815195739, -0.9999996782961554, 0.0002785295367720986, 0.039127326643555435], [0.0, 0.0, 0.0, 1.0]]}, "Hobj2base": {"type": "ndarray", "data": [[0.9999993101098157, -0.000558548608249922, 0.001033345704439234, -0.7411360960835166], [-0.0005599431262370695, -0.9999989323583849, 0.00134972063233766, 0.08773878505737961], [0.001032590716615639, -0.0013502983160028716, -0.9999985552243909, -0.0034883233889392456], [0.0, 0.0, 0.0, 1.0]]}, "mean_rme": {"type": "float", "data": 0.001373317883317517}, "max_rme": {"type": "float", "data": 0.004812877958088269}, "simu": {"type": "float", "data": 0.002}}, {"type": "dict", "image_number": {"type": "int", "data": 8}, "Hcamera2end": {"type": "ndarray", "data": [[0.9999986288021304, -0.0014764871007092357, 0.0007499197959568891, -0.016106825199685773], [-0.0007485028093844779, 0.000960020081299362, 0.9999992590522194, 0.0280064365430669], [-0.0014772059447728779, -0.99999844917244, 0.0009589136101789686, 0.03554281701694516], [0.0, 0.0, 0.0, 1.0]]}, "Hobj2base": {"type": "ndarray", "data": [[0.9999992382146634, -0.001230970357710747, 9.100588619324364e-05, -0.7375351183652077], [-0.0012309384730260385, -0.9999991812889377, -0.0003495882285135265, 0.08917351132782564], [9.143614443242267e-05, 0.00034947593955575305, -0.9999999347529973, -0.0035465170014228053], [0.0, 0.0, 0.0, 1.0]]}, "mean_rme": {"type": "float", "data": 0.0016068018792982882}, "max_rme": {"type": "float", "data": 0.005369660097932383}, "simu": {"type": "float", "data": 0.002}}, {"type": "dict", "image_number": {"type": "int", "data": 9}, "Hcamera2end": {"type": "ndarray", "data": [[0.999998990883536, -0.0013755248156434143, 0.000355194863446389, -0.01568730715070643], [-0.0003537768004348823, 0.0010310311955098461, 0.9999994059081483, 0.02806818298227176], [-0.0013758902154400276, -0.9999985224519863, 0.0010305435263110452, 0.03519200855452939], [0.0, 0.0, 0.0, 1.0]]}, "Hobj2base": {"type": "ndarray", "data": [[0.999999325711204, -0.0011586394644196463, -7.83053563796964e-05, -0.737117085665254], [-0.0011586913490656907, -0.9999991070528202, -0.0006658287466163347, 0.08915435778130962], [-7.75338309947745e-05, 0.0006659190293944935, -0.9999997752701504, -0.0034396703138936825], [0.0, 0.0, 0.0, 1.0]]}, "mean_rme": {"type": "float", "data": 0.001591273555064932}, "max_rme": {"type": "float", "data": 0.005452976875726767}, "simu": {"type": "float", "data": 0.002}}, {"type": "dict", "image_number": {"type": "int", "data": 10}, "Hcamera2end": {"type": "ndarray", "data": [[0.9999992154421625, -0.000870488447342891, 0.000900757971054197, -0.016759859798990626], [-0.0008999912523829348, 0.0008807820195433358, 0.9999992071190756, 0.027829753303912207], [-0.0008712811285740711, -0.9999992332361548, 0.0008799978965309263, 0.034685029776600595], [0.0, 0.0, 0.0, 1.0]]}, "Hobj2base": {"type": "ndarray", "data": [[0.9999997654602921, -0.000679653155628955, -8.456328243248835e-05, -0.7363798613396761], [-0.0006796577931117933, -0.999999767529794, -5.482373760542214e-05, 0.08850979454574662], [-8.452600164777778e-05, 5.48811988409951e-05, -0.9999999949217044, -0.003321877461367295], [0.0, 0.0, 0.0, 1.0]]}, "mean_rme": {"type": "float", "data": 0.0015745091079092319}, "max_rme": {"type": "float", "data": 0.005053380554301157}, "simu": {"type": "float", "data": 0.002}}, {"type": "dict", "image_number": {"type": "int", "data": 11}, "Hcamera2end": {"type": "ndarray", "data": [[0.999999830201089, -0.0005826168968817562, -1.2463733399935447e-05, -0.0158988860551702], [1.2771102136151496e-05, 0.0005275650343166127, 0.9999998607560071, 0.027621640492711718], [-0.0005826102403259142, -0.9999996911162953, 0.0005275723853964687, 0.0339710224079388], [0.0, 0.0, 0.0, 1.0]]}, "Hobj2base": {"type": "ndarray", "data": [[0.9999999373678999, -0.000342493844611507, -8.923095134903374e-05, -0.7354875246315008], [-0.0003425885101606321, -0.999999376269739, -0.0010630584391189935, 0.08847638633352947], [-8.886680472112863e-05, 0.0010630889420360937, -0.9999994309721338, -0.0034051390358499963], [0.0, 0.0, 0.0, 1.0]]}, "mean_rme": {"type": "float", "data": 0.00152616391792529}, "max_rme": {"type": "float", "data": 0.005673802367069158}, "simu": {"type": "float", "data": 0.002}}, {"type": "dict", "image_number": {"type": "int", "data": 12}, "Hcamera2end": {"type": "ndarray", "data": [[0.9999998334128513, -0.0005616609084020323, 0.00013308378414472472, -0.01571243285625941], [-0.00013291437694829534, 0.00030164482796835035, 0.9999999456720816, 0.027662019240020822], [-0.000561701021923338, -0.9999997967736902, 0.0003015701249085012, 0.03413734399681121], [0.0, 0.0, 0.0, 1.0]]}, "Hobj2base": {"type": "ndarray", "data": [[0.9999999450557574, -0.00033135699627677065, -9.540610633483682e-06, -0.7357039607698034], [-0.0003313645149419227, -0.9999996257714081, -0.0007991586843799754, 0.08864708471981804], [-9.27580024190975e-06, 0.0007991618018906216, -0.9999996806271363, -0.0034643365827905595], [0.0, 0.0, 0.0, 1.0]]}, "mean_rme": {"type": "float", "data": 0.0014763080457521503}, "max_rme": {"type": "float", "data": 0.00585369751208209}, "simu": {"type": "float", "data": 0.002}}, {"type": "dict", "image_number": {"type": "int", "data": 13}, "Hcamera2end": {"type": "ndarray", "data": [[0.9999999810072072, -0.00010460520244918564, 0.00016444858403668477, -0.015217840855895844], [-0.00016442874681811732, 0.00018961926910376903, 0.9999999685038593, 0.02765395913249368], [-0.00010463638177483565, -0.9999999765511417, 0.00018960206540008517, 0.033861587535703036], [0.0, 0.0, 0.0, 1.0]]}, "Hobj2base": {"type": "ndarray", "data": [[0.9999999944754134, 8.240884502975316e-05, 6.525301042783113e-05, -0.7356518971997585], [8.245550359725303e-05, -0.9999997407296193, -0.0007153612964963176, 0.08916071798170219], [6.519404141143502e-05, 0.0007153666730140783, -0.9999997420000968, -0.00342232126988006], [0.0, 0.0, 0.0, 1.0]]}, "mean_rme": {"type": "float", "data": 0.0015212871093788676}, "max_rme": {"type": "float", "data": 0.0061316848236241395}, "simu": {"type": "float", "data": 0.002}}, {"type": "dict", "image_number": {"type": "int", "data": 14}, "Hcamera2end": {"type": "ndarray", "data": [[0.9999999768036081, -0.0001248063388888095, 0.0001755453247725347, -0.015295090269848637], [-0.00017551314501284906, 0.00025780175826184415, 0.9999999513666935, 0.027759854193863807], [-0.0001248515887124456, -0.9999999589808148, 0.00025777984712871405, 0.03394246425686159], [0.0, 0.0, 0.0, 1.0]]}, "Hobj2base": {"type": "ndarray", "data": [[0.9999999986017065, 5.286341865738988e-05, -1.4303517416094763e-06, -0.7358011652871606], [5.2862492818775165e-05, -0.9999997939831873, -0.0006397180164446249, 0.08920166182383402], [-1.4641691282589563e-06, 0.0006397179399381527, -0.999999795379386, -0.0033135144232290326], [0.0, 0.0, 0.0, 1.0]]}, "mean_rme": {"type": "float", "data": 0.0015357889613997217}, "max_rme": {"type": "float", "data": 0.005919029688639887}, "simu": {"type": "float", "data": 0.002}}, {"type": "dict", "image_number": {"type": "int", "data": 15}, "Hcamera2end": {"type": "ndarray", "data": [[0.9999998259645744, -0.0005657594915331125, 0.00016729321163051945, -0.015296778205813785], [-0.00016717742329753205, 0.00020470109071080156, 0.9999999650745856, 0.027710335852420675], [-0.0005657937168766171, -0.9999998190068141, 0.0002046064728715713, 0.03411487235338375], [0.0, 0.0, 0.0, 1.0]]}, "Hobj2base": {"type": "ndarray", "data": [[0.9999999264694558, -0.00037167731599265316, -9.443016348250565e-05, -0.7356321352124279], [-0.00037174024230014557, -0.9999997083012966, -0.0006672379745810598, 0.08935314125930355], [-9.418213871782871e-05, 0.0006672730290105418, -0.9999997729381893, -0.00325952412929272], [0.0, 0.0, 0.0, 1.0]]}, "mean_rme": {"type": "float", "data": 0.0015128259022361191}, "max_rme": {"type": "float", "data": 0.005905741566240241}, "simu": {"type": "float", "data": 0.002}}, {"type": "dict", "image_number": {"type": "int", "data": 16}, "Hcamera2end": {"type": "ndarray", "data": [[0.9999999997052876, 1.6889209044205073e-05, 1.744073916686596e-05, -0.015260311244157911], [-1.7445331513477948e-05, 0.0002719481436000981, 0.9999999628699331, 0.025840976946247672], [1.688446544046817e-05, -0.9999999628794801, 0.00027194843815780967, 0.03411542104605865], [0.0, 0.0, 0.0, 1.0]]}, "Hobj2base": {"type": "ndarray", "data": [[0.9999999721243402, 0.00023069318268882855, -5.031872655637077e-05, -0.7356598256102233], [0.00023066676537430937, -0.9999998359117519, -0.0005243751635439189, 0.08900411114140631], [-5.043968807506001e-05, 0.0005243635420687226, -0.9999998612493468, -0.0014514294563613833], [0.0, 0.0, 0.0, 1.0]]}, "mean_rme": {"type": "float", "data": 0.001525667398668009}, "max_rme": {"type": "float", "data": 0.005679973543995076}, "simu": {"type": "float", "data": 0.002}}, {"type": "dict", "image_number": {"type": "int", "data": 17}, "Hcamera2end": {"type": "ndarray", "data": [[0.9999999234712389, 0.00032375247214735595, 0.0002196402811690449, -0.015517171520420921], [-0.0002196726466988141, 9.99378154669106e-05, 0.9999999708781799, 0.025651288868166894], [0.00032373051234920624, -0.999999942598383, 0.00010000892738126765, 0.033673649070122935], [0.0, 0.0, 0.0, 1.0]]}, "Hobj2base": {"type": "ndarray", "data": [[0.9999998662898598, 0.0005114907852055805, 7.614091605741308e-05, -0.7351126399929196], [0.0005115120886914413, -0.9999998299680981, -0.00028003420976391156, 0.0889880331959148], [7.599766819319172e-05, 0.00028007311931950554, -0.9999999578917005, -0.001416689784365129], [0.0, 0.0, 0.0, 1.0]]}, "mean_rme": {"type": "float", "data": 0.0015759634556998432}, "max_rme": {"type": "float", "data": 0.005685518487402841}, "simu": {"type": "float", "data": 0.002}}, {"type": "dict", "image_number": {"type": "int", "data": 18}, "Hcamera2end": {"type": "ndarray", "data": [[0.9999999053144196, 0.00034565582374529555, 0.00026437322712010195, -0.015819373432830502], [-0.0002643631383973039, -2.9232555279312677e-05, 0.9999999646287935, 0.02553985265727331], [0.00034566353982400837, -0.9999999398337526, -2.914117385310888e-05, 0.033641053925686865], [0.0, 0.0, 0.0, 1.0]]}, "Hobj2base": {"type": "ndarray", "data": [[0.999999874053741, 0.0004806234493077284, 0.00014454619357833943, -0.7348153085735478], [0.00048064801237275156, -0.9999998700479849, -0.0001699455833578488, 0.08887914641630947], [0.00014446449496180228, 0.0001700150377944778, -0.999999975112448, -0.0013915887778192773], [0.0, 0.0, 0.0, 1.0]]}, "mean_rme": {"type": "float", "data": 0.0016130756049777858}, "max_rme": {"type": "float", "data": 0.005587308142280478}, "simu": {"type": "float", "data": 0.002}}, {"type": "dict", "image_number": {"type": "int", "data": 19}, "Hcamera2end": {"type": "ndarray", "data": [[0.9999997425914143, 0.0006979539078192586, 0.0001663654037902035, -0.01529631600162168], [-0.0001663316178796894, -4.8464846444717935e-05, 0.9999999849924758, 0.025555047380332326], [0.0006979619602184468, -0.9999997552557208, -4.834874216674834e-05, 0.03366808431743398], [0.0, 0.0, 0.0, 1.0]]}, "Hobj2base": {"type": "ndarray", "data": [[0.9999996568457171, 0.000817696387013998, 0.0001329701718049804, -0.7345066563749044], [0.000817726889012304, -0.9999996393267663, -0.0002294974324491158, 0.08916168731246954], [0.00013278246462485597, 0.00022960608698101049, -0.9999999648249298, -0.0013454408869515843], [0.0, 0.0, 0.0, 1.0]]}, "mean_rme": {"type": "float", "data": 0.0016652508416690273}, "max_rme": {"type": "float", "data": 0.005974728552324837}, "simu": {"type": "float", "data": 0.002}}, {"type": "dict", "image_number": {"type": "int", "data": 20}, "Hcamera2end": {"type": "ndarray", "data": [[0.9999998764422946, 0.0004642596999124253, 0.00017770291691987674, -0.015409837989434195], [-0.00017772684812607253, 5.150627747541048e-05, 0.9999999828801349, 0.025582979148746892], [0.00046425053914861506, -0.999999890905011, 5.158878252453647e-05, 0.03400442858123276], [0.0, 0.0, 0.0, 1.0]]}, "Hobj2base": {"type": "ndarray", "data": [[0.9999998280002635, 0.0005841410401846673, 5.271326692835772e-05, -0.7348750063481387], [0.0005841518259538765, -0.9999998084058148, -0.00020482914273457984, 0.08924896385968088], [5.2593607720305194e-05, 0.00020485990005514947, -0.9999999776331667, -0.0011490621189417572], [0.0, 0.0, 0.0, 1.0]]}, "mean_rme": {"type": "float", "data": 0.0017194601778185027}, "max_rme": {"type": "float", "data": 0.006114778141474875}, "simu": {"type": "float", "data": 0.002}}, {"type": "dict", "image_number": {"type": "int", "data": 21}, "Hcamera2end": {"type": "ndarray", "data": [[0.9999998036722901, 0.0006117998243356072, 0.00013548563107064577, -0.01521056011968366], [-0.0001355084562737461, 3.7266988550666014e-05, 0.999999990124315, 0.025636373888911917], [0.0006117947691522028, -0.9999998121560557, 3.734988528392158e-05, 0.034105592129132715], [0.0, 0.0, 0.0, 1.0]]}, "Hobj2base": {"type": "ndarray", "data": [[0.9999997374953804, 0.0007214043827217022, 6.771179258016693e-05, -0.7350639241161107], [0.0007214191367311899, -0.9999997159882834, -0.00021812331893989527, 0.08935030767888337], [6.755441823096742e-05, 0.00021817211026446613, -0.9999999739186656, -0.0011144367559750594], [0.0, 0.0, 0.0, 1.0]]}, "mean_rme": {"type": "float", "data": 0.001709516576514907}, "max_rme": {"type": "float", "data": 0.006099385606996799}, "simu": {"type": "float", "data": 0.002}}, {"type": "dict", "image_number": {"type": "int", "data": 22}, "Hcamera2end": {"type": "ndarray", "data": [[0.999999790999113, 0.0006193489180531127, 0.0001854956822143144, -0.015238471068321114], [-0.00018553809097243782, 6.841637433130376e-05, 0.9999999804474081, 0.025685465092592757], [0.0006193362150012049, -0.9999998058630398, 6.85312728482268e-05, 0.03410622293035126], [0.0, 0.0, 0.0, 1.0]]}, "Hobj2base": {"type": "ndarray", "data": [[0.9999997386882745, 0.0007221525896599863, 3.345175561738764e-05, -0.7351031144193965], [0.0007221580387330261, -0.9999997259318125, -0.00016316882707480214, 0.08935691287751185], [3.3333913658301774e-05, 0.00016319294189110324, -0.9999999861284565, -0.0010612230699420825], [0.0, 0.0, 0.0, 1.0]]}, "mean_rme": {"type": "float", "data": 0.0016715958210056496}, "max_rme": {"type": "float", "data": 0.006123858101388269}, "simu": {"type": "float", "data": 0.002}}, {"type": "dict", "image_number": {"type": "int", "data": 23}, "Hcamera2end": {"type": "ndarray", "data": [[0.9999998692251357, 0.0005111790624706394, -1.5674101158702318e-05, -0.015283579724569916], [1.5587103910702212e-05, 0.0001701929204059871, 0.999999985395706, 0.025800694288899955], [0.000511181722626281, -0.9999998548651576, 0.00017018493034781645, 0.03399173601256726], [0.0, 0.0, 0.0, 1.0]]}, "Hobj2base": {"type": "ndarray", "data": [[0.9999998144372854, 0.0006083188135142401, -3.276607995089825e-05, -0.7350331315178756], [0.0006083077045690562, -0.999999757863038, -0.0003379875761812404, 0.08933435886191009], [-3.297167621834433e-05, 0.00033796758160446554, -0.9999999423453894, -0.0008676244844767381], [0.0, 0.0, 0.0, 1.0]]}, "mean_rme": {"type": "float", "data": 0.0017338286779725945}, "max_rme": {"type": "float", "data": 0.0068845335330525725}, "simu": {"type": "float", "data": 0.002}}, {"type": "dict", "image_number": {"type": "int", "data": 24}, "Hcamera2end": {"type": "ndarray", "data": [[0.9999995992215358, 0.0008952668117568368, -7.35550447021182e-06, -0.015208528611541053], [7.139199986392762e-06, 0.00024161191650895475, 0.9999999707863565, 0.025177115227144237], [0.0008952685627803632, -0.9999995700604165, 0.00024160542818729702, 0.03398306348333261], [0.0, 0.0, 0.0, 1.0]]}, "Hobj2base": {"type": "ndarray", "data": [[0.9999994765430442, 0.0010208964557304136, -6.844022367471185e-05, -0.7351017408509519], [0.0010208792078171094, -0.9999994472571014, -0.0002515772952742815, 0.08928927594658369], [-6.869702021395196e-05, 0.0002515072943830685, -0.9999999660123999, -0.00019576401071533475], [0.0, 0.0, 0.0, 1.0]]}, "mean_rme": {"type": "float", "data": 0.0017043561533150512}, "max_rme": {"type": "float", "data": 0.006852300002866518}, "simu": {"type": "float", "data": 0.002}}, {"type": "dict", "image_number": {"type": "int", "data": 25}, "Hcamera2end": {"type": "ndarray", "data": [[0.9999999839917054, 0.00017609286422102678, -3.1747316881881974e-05, -0.015128559859213731], [3.167564844828039e-05, 0.0004069801230502934, 0.9999999166819129, 0.02544371443428123], [0.00017610577007623728, -0.9999999016792365, 0.0004069745386795498, 0.03398256035287001], [0.0, 0.0, 0.0, 1.0]]}, "Hobj2base": {"type": "ndarray", "data": [[0.9999999694953504, 0.0002463669875564668, -1.7680655276460118e-05, -0.7349494931486963], [0.00024636439990210725, -0.9999999589638477, -0.0001462083630690381, 0.08954153389940059], [-1.7716675464878937e-05, 0.00014620400272497615, -0.9999999891552545, -0.0004839535843761178], [0.0, 0.0, 0.0, 1.0]]}, "mean_rme": {"type": "float", "data": 0.0017124974031270334}, "max_rme": {"type": "float", "data": 0.006843134190054112}, "simu": {"type": "float", "data": 0.002}}, {"type": "dict", "image_number": {"type": "int", "data": 26}, "Hcamera2end": {"type": "ndarray", "data": [[0.9999994569732394, -0.0010376112943951577, 9.70362198912054e-05, -0.014945669531748014], [-9.650914011474651e-05, 0.0005080122133144238, 0.9999998663047798, 0.025306637916038974], [-0.0010376604512563254, -0.9999993326429739, 0.0005079117984763126, 0.033912034039923204], [0.0, 0.0, 0.0, 1.0]]}, "Hobj2base": {"type": "ndarray", "data": [[0.9999995217679607, -0.0009671413294210001, 0.00014526354916524805, -0.734747771394128], [-0.0009671336809325533, -0.999999530936754, -5.27135152077162e-05, 0.09003678890687702], [0.00014531446244663262, 5.257300072741481e-05, -0.9999999880598929, -0.0005149768296492321], [0.0, 0.0, 0.0, 1.0]]}, "mean_rme": {"type": "float", "data": 0.0017331903750432583}, "max_rme": {"type": "float", "data": 0.007017931165143432}, "simu": {"type": "float", "data": 0.002}}, {"type": "dict", "image_number": {"type": "int", "data": 27}, "Hcamera2end": {"type": "ndarray", "data": [[0.999998336035137, -0.001823898456027759, 3.635078324281727e-05, -0.014953904913081162], [-3.522170034302044e-05, 0.0006190775124259584, 0.999999807751214, 0.02527780631856345], [-0.00182392060933796, -0.9999981450670072, 0.0006190122414978516, 0.03386248399023847], [0.0, 0.0, 0.0, 1.0]]}, "Hobj2base": {"type": "ndarray", "data": [[0.999998377818011, -0.0017894569577580838, 0.00020543890290942453, -0.7346382624893446], [-0.0017894566566971073, -0.9999983989197947, -1.6492554117365798e-06, 0.09023684897681145], [0.00020544152525683542, 1.281628723988335e-06, -0.9999999788960678, -0.00047243705506796503], [0.0, 0.0, 0.0, 1.0]]}, "mean_rme": {"type": "float", "data": 0.0017107860850736263}, "max_rme": {"type": "float", "data": 0.00702406247427223}, "simu": {"type": "float", "data": 0.002}}, {"type": "dict", "image_number": {"type": "int", "data": 28}, "Hcamera2end": {"type": "ndarray", "data": [[0.9999974000000014, -0.002279001306000501, -7.839824364593581e-05, -0.015060498132903687], [7.998334512320762e-05, 0.0006954417820685954, 0.9999997549816663, 0.024812888890898707], [-0.0022789462261891256, -0.9999971612528583, 0.000695622256067896, 0.03382710753414737], [0.0, 0.0, 0.0, 1.0]]}, "Hobj2base": {"type": "ndarray", "data": [[0.9999973752486337, -0.0022810251958036826, 0.00021545277767096393, -0.7346068257993057], [-0.0022810274190988625, -0.9999973984028299, 1.0074012800399116e-05, 0.0903387417647716], [0.00021542923807260663, -1.0565440052008733e-05, -0.9999999767393073, 5.431591265542863e-05], [0.0, 0.0, 0.0, 1.0]]}, "mean_rme": {"type": "float", "data": 0.0017241111212996235}, "max_rme": {"type": "float", "data": 0.006970940389629698}, "simu": {"type": "float", "data": 0.002}}, {"type": "dict", "image_number": {"type": "int", "data": 29}, "Hcamera2end": {"type": "ndarray", "data": [[0.9999969160760886, -0.0024828324515764983, -5.814920055927726e-05, -0.0151356219191391], [5.991039950834897e-05, 0.0007092822232465101, 0.9999997466647039, 0.02436783130157953], [-0.0024827905783931514, -0.9999966662253157, 0.0007094287833581125, 0.03382413041756589], [0.0, 0.0, 0.0, 1.0]]}, "Hobj2base": {"type": "ndarray", "data": [[0.9999968678051069, -0.0024898780817953366, 0.00025472949045554324, -0.7345669209499953], [-0.002489859365264912, -0.999996897574583, -7.37668580667726e-05, 0.09034486327130742], [0.0002549123706593611, 7.313238640717658e-05, -0.9999999648356677, 0.0004982054028085744], [0.0, 0.0, 0.0, 1.0]]}, "mean_rme": {"type": "float", "data": 0.0016840241845777312}, "max_rme": {"type": "float", "data": 0.006956491397511977}, "simu": {"type": "float", "data": 0.002}}, {"type": "dict", "image_number": {"type": "int", "data": 30}, "Hcamera2end": {"type": "ndarray", "data": [[0.9999966322118289, -0.0025935248647520545, -9.588418067672821e-05, -0.01521517510857468], [9.781475770708078e-05, 0.0007442668673114383, 0.9999997182495121, 0.024268357461014193], [-0.0025934527706063812, -0.9999963598411777, 0.0007445180457844591, 0.03382335099703044], [0.0, 0.0, 0.0, 1.0]]}, "Hobj2base": {"type": "ndarray", "data": [[0.9999965272594027, -0.0026231710265427807, 0.0002538560619940101, -0.7345506766352429], [-0.0026231405306763296, -0.999996552314177, -0.0001203890238542568, 0.09029389773376907], [0.00025417098777735217, 0.00011972270564923181, -0.9999999605317913, 0.0006452781007471616], [0.0, 0.0, 0.0, 1.0]]}, "mean_rme": {"type": "float", "data": 0.0016531027443350956}, "max_rme": {"type": "float", "data": 0.006902193600928419}, "simu": {"type": "float", "data": 0.002}}]}