{"type": "list", "data": [{"type": "dict", "image_number": {"type": "int", "data": 5}, "Hcamera2end": {"type": "ndarray", "data": [[0.9999841326742205, 0.005437792432192624, -0.0014713304358585917, -0.01769013722310942], [0.0014671229988172541, 0.0007776479233576605, 0.9999986214059562, 0.017128576654293966], [0.005438929112742385, -0.9999849127247726, 0.0007696576738246419, 0.03194683952776414], [0.0, 0.0, 0.0, 1.0]]}, "Hobj2base": {"type": "ndarray", "data": [[0.9999846001061639, 0.005354618492392244, 0.0014586333728634155, -0.7355435683733985], [0.005355986780442359, -0.999985218755042, -0.0009357761691838568, 0.08656404998109912], [0.0014536010880659752, 0.0009435741793927655, -0.999998498354695, 0.00409122751469253], [0.0, 0.0, 0.0, 1.0]]}, "mean_rme": {"type": "float", "data": 0.0010330980399424832}, "max_rme": {"type": "float", "data": 0.0028881371816666945}, "simu": {"type": "float", "data": 0.002}}, {"type": "dict", "image_number": {"type": "int", "data": 6}, "Hcamera2end": {"type": "ndarray", "data": [[0.9999851967317827, 0.005067676881607667, -0.0019811532806838453, -0.017943703634298785], [0.001975403762614382, 0.0011393009866709214, 0.999997399883238, 0.01835053346370451], [0.005069920834943492, -0.9999865102311559, 0.0011292734133131477, 0.032117871270516324], [0.0, 0.0, 0.0, 1.0]]}, "Hobj2base": {"type": "ndarray", "data": [[0.9999867980730723, 0.005052702885717009, 0.000934811806202053, -0.7358483210054114], [0.0050539324075534724, -0.9999863607454895, -0.0013176077608052473, 0.08679705967499031], [0.0009281415755306452, 0.0013223148415261981, -0.9999986950174862, 0.002878106020553809], [0.0, 0.0, 0.0, 1.0]]}, "mean_rme": {"type": "float", "data": 0.0010736462465436181}, "max_rme": {"type": "float", "data": 0.003193183256435611}, "simu": {"type": "float", "data": 0.002}}, {"type": "dict", "image_number": {"type": "int", "data": 7}, "Hcamera2end": {"type": "ndarray", "data": [[0.9999884291804125, 0.0045156128319149376, -0.0016585373204298938, -0.017893438542893166], [0.0016513734411180113, 0.001589735457169672, 0.9999973728500164, 0.019509082600541187], [0.004518237604308086, -0.9999885409253093, 0.0015822600995264446, 0.03189644514424849], [0.0, 0.0, 0.0, 1.0]]}, "Hobj2base": {"type": "ndarray", "data": [[0.9999903303147082, 0.0043631077196248595, 0.0005500619126420142, -0.7360131603293002], [0.004363585614424612, -0.9999901005250666, -0.0008706161335874798, 0.08671397640969265], [0.0005462578753446128, 0.0008730079572525055, -0.9999994697295791, 0.0018590678868406643], [0.0, 0.0, 0.0, 1.0]]}, "mean_rme": {"type": "float", "data": 0.00122377787617643}, "max_rme": {"type": "float", "data": 0.0030313832201850355}, "simu": {"type": "float", "data": 0.002}}, {"type": "dict", "image_number": {"type": "int", "data": 8}, "Hcamera2end": {"type": "ndarray", "data": [[0.9999866045574556, 0.004682245627602612, -0.0022061916357731057, -0.01751834746188277], [0.002199313449785496, 0.0014736338433584129, 0.9999964957056824, 0.01953476811309049], [0.004685480338295276, -0.999987952417017, 0.0014633163775970015, 0.03198054295029142], [0.0, 0.0, 0.0, 1.0]]}, "Hobj2base": {"type": "ndarray", "data": [[0.999989644433151, 0.004534743609060988, 0.00038357119345864367, -0.7360096952845951], [0.004535125975577602, -0.9999892143222102, -0.0010019339470350214, 0.08652842729867156], [0.0003790235428203233, 0.0010036631151239923, -0.999999424500587, 0.002067906320369392], [0.0, 0.0, 0.0, 1.0]]}, "mean_rme": {"type": "float", "data": 0.0012315745634079805}, "max_rme": {"type": "float", "data": 0.0031572415293872613}, "simu": {"type": "float", "data": 0.002}}, {"type": "dict", "image_number": {"type": "int", "data": 9}, "Hcamera2end": {"type": "ndarray", "data": [[0.999988283928059, 0.004697811751388757, -0.0011672923215791087, -0.017694012439913268], [0.0011594311061418952, 0.001675753793253687, 0.999997923782212, 0.019570296434117992], [0.004699758092244157, -0.9999875611296237, 0.0016702873709263377, 0.03192039864825789], [0.0, 0.0, 0.0, 1.0]]}, "Hobj2base": {"type": "ndarray", "data": [[0.9999895177860478, 0.004578229969360838, -6.42524335459621e-05, -0.7362442548833914], [0.00457822949882224, -0.9999895198245219, -7.468452832496457e-06, 0.08691667957630307], [-6.428595246376615e-05, 7.174212159944735e-06, -0.9999999979079233, 0.0022643480129956504], [0.0, 0.0, 0.0, 1.0]]}, "mean_rme": {"type": "float", "data": 0.0011825798778949484}, "max_rme": {"type": "float", "data": 0.0032161387777631667}, "simu": {"type": "float", "data": 0.002}}, {"type": "dict", "image_number": {"type": "int", "data": 10}, "Hcamera2end": {"type": "ndarray", "data": [[0.9999914452522533, 0.003979678938760443, -0.0011276426091973454, -0.01750937357902778], [0.00112250782706903, 0.0012922481991700652, 0.9999985350343119, 0.019630977278434523], [0.003981130302798391, -0.9999912460867526, 0.0012877699235547269, 0.032283454936831074], [0.0, 0.0, 0.0, 1.0]]}, "Hobj2base": {"type": "ndarray", "data": [[0.9999927984983241, 0.0037835815165584478, -0.0002957404227318196, -0.7362013023567521], [0.0037834931371907546, -0.9999927979138077, -0.00029883138343516594, 0.08724833407602922], [-0.0002968689456827374, 0.00029771029954066156, -0.9999999116186995, 0.0023651343192478526], [0.0, 0.0, 0.0, 1.0]]}, "mean_rme": {"type": "float", "data": 0.0011593606787286036}, "max_rme": {"type": "float", "data": 0.0032548019358458746}, "simu": {"type": "float", "data": 0.002}}, {"type": "dict", "image_number": {"type": "int", "data": 11}, "Hcamera2end": {"type": "ndarray", "data": [[0.999992000485619, 0.003994467145113611, -0.00020783887125920574, -0.01752424376957238], [0.00020138591581370818, 0.001615807733377217, 0.9999986743036624, 0.019792394584977346], [0.003994797677318622, -0.9999907166557078, 0.0016149903782757269, 0.03144405742962957], [0.0, 0.0, 0.0, 1.0]]}, "Hobj2base": {"type": "ndarray", "data": [[0.9999925045181817, 0.003815531495101742, -0.0006577437678849489, -0.7355814823584134], [0.003815938978753549, -0.9999925274614054, 0.0006193795773062699, 0.0877805723215979], [-0.0006553755905846232, -0.000621884844839814, -0.9999995918709543, 0.0025273854946984923], [0.0, 0.0, 0.0, 1.0]]}, "mean_rme": {"type": "float", "data": 0.0011539817359787498}, "max_rme": {"type": "float", "data": 0.003170958049244721}, "simu": {"type": "float", "data": 0.002}}, {"type": "dict", "image_number": {"type": "int", "data": 12}, "Hcamera2end": {"type": "ndarray", "data": [[0.9999922685468515, 0.003923238822861675, -0.0002665401665424673, -0.01745176016428137], [0.00026006906333081014, 0.0016498465786183303, 0.9999986051842018, 0.019855751337661577], [0.00392367310104802, -0.9999909430606888, 0.0016488135098610135, 0.031044122742791277], [0.0, 0.0, 0.0, 1.0]]}, "Hobj2base": {"type": "ndarray", "data": [[0.9999926401656309, 0.003764698385981139, -0.0007393650205152407, -0.7352468166496527], [0.0037651006919450104, -0.9999927642928406, 0.0005434875742171292, 0.08792616069918822], [-0.0007373136038930122, -0.0005462673579889432, -0.999999578980223, 0.00254022712838059], [0.0, 0.0, 0.0, 1.0]]}, "mean_rme": {"type": "float", "data": 0.001137142101837248}, "max_rme": {"type": "float", "data": 0.0031161412046330494}, "simu": {"type": "float", "data": 0.002}}, {"type": "dict", "image_number": {"type": "int", "data": 13}, "Hcamera2end": {"type": "ndarray", "data": [[0.9999928662106554, 0.00377474684308836, -0.00013716438635580884, -0.017278819421916024], [0.00013167393710136104, 0.0014547312683718117, 0.9999989332088867, 0.019967834789408917], [0.0037749423535437107, -0.9999918174881272, 0.0014542238548470587, 0.031515535508168116], [0.0, 0.0, 0.0, 1.0]]}, "Hobj2base": {"type": "ndarray", "data": [[0.9999932360875639, 0.0036301137797674953, -0.0005916528270474556, -0.7356314909795881], [0.0036305227795170574, -0.9999931704171339, 0.0006916816003366189, 0.08820172659208464], [-0.0005891379033968518, -0.0006938249309290021, -0.9999995857616621, 0.00251543793968662], [0.0, 0.0, 0.0, 1.0]]}, "mean_rme": {"type": "float", "data": 0.0011023993183185722}, "max_rme": {"type": "float", "data": 0.0031819006934556138}, "simu": {"type": "float", "data": 0.002}}, {"type": "dict", "image_number": {"type": "int", "data": 14}, "Hcamera2end": {"type": "ndarray", "data": [[0.9999918064251425, 0.004000904082499453, -0.0006163189945256019, -0.01677351478768107], [0.0006112864119913527, 0.0012589623425681706, 0.9999990206708917, 0.02003722964681145], [0.004001676086702742, -0.9999912038514853, 0.0012565063288646483, 0.031660276697748575], [0.0, 0.0, 0.0, 1.0]]}, "Hobj2base": {"type": "ndarray", "data": [[0.9999923799166367, 0.003862884595288051, -0.0005641199024398654, -0.7355291546095594], [0.0038629715994273383, -0.9999925269588275, 0.00015322180430449281, 0.08835600357240096], [-0.0005635238086010981, -0.00015539981590336787, -0.9999998291458929, 0.0025560759753073814], [0.0, 0.0, 0.0, 1.0]]}, "mean_rme": {"type": "float", "data": 0.0010822788602404265}, "max_rme": {"type": "float", "data": 0.00301163651178471}, "simu": {"type": "float", "data": 0.002}}, {"type": "dict", "image_number": {"type": "int", "data": 15}, "Hcamera2end": {"type": "ndarray", "data": [[0.9999909177090571, 0.0041656140735625985, -0.0009011985285704645, -0.015908223524018657], [0.0008974202014843384, 0.0009088078228463026, 0.9999991843523292, 0.020139513246947627], [0.004166429692161883, -0.9999909108225592, 0.0009050612625680632, 0.031544395922267654], [0.0, 0.0, 0.0, 1.0]]}, "Hobj2base": {"type": "ndarray", "data": [[0.9999918911125917, 0.004017554817059339, -0.00027742089759973907, -0.734965392286911], [0.0040174877694136935, -0.99999190062528, -0.00024181783091573164, 0.08886783995358657], [-0.00027839016705538054, 0.00024070133497908073, -0.999999932280889, 0.002519118580226465], [0.0, 0.0, 0.0, 1.0]]}, "mean_rme": {"type": "float", "data": 0.0010722986523279783}, "max_rme": {"type": "float", "data": 0.0030028061644349346}, "simu": {"type": "float", "data": 0.002}}, {"type": "dict", "image_number": {"type": "int", "data": 16}, "Hcamera2end": {"type": "ndarray", "data": [[0.9999912654281434, 0.004081491869472265, -0.000900273036280589, -0.015807938011431544], [0.0008964947365703226, 0.0009274503934811884, 0.9999991680661313, 0.020103055016644278], [0.004082323432522683, -0.9999912405915798, 0.0009237832566206805, 0.031434872728100305], [0.0, 0.0, 0.0, 1.0]]}, "Hobj2base": {"type": "ndarray", "data": [[0.9999921994688915, 0.0039401970603718615, -0.0002754060531937869, -0.7348040198399307], [0.003940131349120617, -0.9999922091550661, -0.0002387344189981387, 0.08890144684224145], [-0.00027634456820387857, 0.0002376474207189502, -0.9999999335786898, 0.0025115963367899202], [0.0, 0.0, 0.0, 1.0]]}, "mean_rme": {"type": "float", "data": 0.001053159869643519}, "max_rme": {"type": "float", "data": 0.0030183808669456136}, "simu": {"type": "float", "data": 0.002}}, {"type": "dict", "image_number": {"type": "int", "data": 17}, "Hcamera2end": {"type": "ndarray", "data": [[0.9999938386631432, 0.0033767835220539126, -0.0009591500386556108, -0.015501963584683597], [0.0009561720998491586, 0.0008833901777942632, 0.9999991526779954, 0.019530149635495674], [0.0033776279645541096, -0.9999939084588658, 0.0008801559487388033, 0.03149966030966583], [0.0, 0.0, 0.0, 1.0]]}, "Hobj2base": {"type": "ndarray", "data": [[0.9999947405732066, 0.0032194669911604274, -0.00039224764892301415, -0.7346904847538038], [0.0032194280399211813, -0.9999948126387233, -9.989364383869997e-05, 0.08928459206195492], [-0.00039256721848171473, 9.863030537585715e-05, -0.9999999180815173, 0.003210683009536419], [0.0, 0.0, 0.0, 1.0]]}, "mean_rme": {"type": "float", "data": 0.001044347589383954}, "max_rme": {"type": "float", "data": 0.0034268819926176475}, "simu": {"type": "float", "data": 0.002}}, {"type": "dict", "image_number": {"type": "int", "data": 18}, "Hcamera2end": {"type": "ndarray", "data": [[0.9999943219158519, 0.003210916435024036, -0.0010228155761811467, -0.015202954629120047], [0.001020691137048946, 0.0006631991274651527, 0.9999992591779853, 0.019554384808537988], [0.003211592386704135, -0.9999946250768371, 0.000659918007817728, 0.031972144876150105], [0.0, 0.0, 0.0, 1.0]]}, "Hobj2base": {"type": "ndarray", "data": [[0.9999952749327395, 0.003067771058994422, -0.00019721289066378385, -0.7349129966550255], [0.003067725129971936, -0.9999952674284915, -0.00023277273609709453, 0.08965804412741958], [-0.000197926050802798, 0.00023216664128961637, -0.9999999534619635, 0.0031815360705739018], [0.0, 0.0, 0.0, 1.0]]}, "mean_rme": {"type": "float", "data": 0.0010420687446339484}, "max_rme": {"type": "float", "data": 0.0036423339955978795}, "simu": {"type": "float", "data": 0.002}}, {"type": "dict", "image_number": {"type": "int", "data": 19}, "Hcamera2end": {"type": "ndarray", "data": [[0.9999966704042366, 0.002403490855128389, -0.0009393679523616691, -0.01511095597435858], [0.0009378798614728253, 0.0006201895241634281, 0.9999993678729603, 0.019910894357282834], [0.002404071921980219, -0.9999969192935866, 0.0006179332735127829, 0.0320633985670957], [0.0, 0.0, 0.0, 1.0]]}, "Hobj2base": {"type": "ndarray", "data": [[0.9999973890856446, 0.0022745151870178235, -0.00022000581362205073, -0.734768902353129], [0.0022744970189190698, -0.9999974099007898, -8.279506519474241e-05, 0.09005833688286786], [-0.00022019356241836222, 8.22944464566899e-05, -0.9999999723712092, 0.0028889271175389555], [0.0, 0.0, 0.0, 1.0]]}, "mean_rme": {"type": "float", "data": 0.0010702059633181018}, "max_rme": {"type": "float", "data": 0.003836987596751773}, "simu": {"type": "float", "data": 0.002}}, {"type": "dict", "image_number": {"type": "int", "data": 20}, "Hcamera2end": {"type": "ndarray", "data": [[0.9999965816050579, 0.0024798163722490434, -0.0008290289251287042, -0.01545963667548255], [0.0008275756722003548, 0.0005870011998952984, 0.9999994852739165, 0.01994655739525243], [0.002480301736796673, -0.9999967529649039, 0.0005849469575922583, 0.03219430130149557], [0.0, 0.0, 0.0, 1.0]]}, "Hobj2base": {"type": "ndarray", "data": [[0.9999972042836017, 0.0023531385581069385, -0.00023273140486920036, -0.7346790483282863], [0.0023531389697826954, -0.9999972313635441, 1.4950786276296667e-06, 0.08973208395879122], [-0.00023272724239338234, -2.0427237861038204e-06, -0.9999999729169287, 0.0029252394539411334], [0.0, 0.0, 0.0, 1.0]]}, "mean_rme": {"type": "float", "data": 0.0011278850765426753}, "max_rme": {"type": "float", "data": 0.0037623038646004137}, "simu": {"type": "float", "data": 0.002}}, {"type": "dict", "image_number": {"type": "int", "data": 21}, "Hcamera2end": {"type": "ndarray", "data": [[0.999996139220117, 0.0026630892889424316, -0.000793410549119468, -0.015870588494238523], [0.0007918865644497855, 0.0005732676093326283, 0.9999995221398444, 0.02002962308071276], [0.0026635428529268824, -0.9999962896529603, 0.0005711565314446831, 0.03260755464228224], [0.0, 0.0, 0.0, 1.0]]}, "Hobj2base": {"type": "ndarray", "data": [[0.9999967233745016, 0.002550215896617555, -0.00022279843158432025, -0.7349778282342901], [0.002550221770067613, -0.9999967478390366, 2.608205509167686e-05, 0.08920572093103038], [-0.00022273119213644713, -2.6650155041113348e-05, -0.9999999748402923, 0.002905213055736095], [0.0, 0.0, 0.0, 1.0]]}, "mean_rme": {"type": "float", "data": 0.0012090349497104382}, "max_rme": {"type": "float", "data": 0.003605008631625939}, "simu": {"type": "float", "data": 0.002}}, {"type": "dict", "image_number": {"type": "int", "data": 22}, "Hcamera2end": {"type": "ndarray", "data": [[0.9999963496088253, 0.002598344996618159, -0.0007411965342875682, -0.016031457562728398], [0.0007400056769279671, 0.0004592452376802614, 0.9999996207426329, 0.020005614138962367], [0.0025986844021552336, -0.9999965188424857, 0.00045732077120741454, 0.03265276868418238], [0.0, 0.0, 0.0, 1.0]]}, "Hobj2base": {"type": "ndarray", "data": [[0.9999968739174112, 0.002497537760231517, -0.00012025199152703929, -0.7350584701339306], [0.0024975359938445565, -0.9999968810420481, -1.4836972470396666e-05, 0.08909698698434203], [-0.0001202886723651264, 1.4536592411625085e-05, -0.9999999926596614, 0.002880333319838191], [0.0, 0.0, 0.0, 1.0]]}, "mean_rme": {"type": "float", "data": 0.0012068465377662197}, "max_rme": {"type": "float", "data": 0.0035471526957825406}, "simu": {"type": "float", "data": 0.002}}, {"type": "dict", "image_number": {"type": "int", "data": 23}, "Hcamera2end": {"type": "ndarray", "data": [[0.9999963362072659, 0.0026012175611924773, -0.0007491590246226975, -0.01592745178727283], [0.0007483478400517618, 0.0003128073363397599, 0.9999996710634861, 0.02002723068184622], [0.0026014510479960284, -0.9999965679034951, 0.0003108595747350895, 0.0325573383621695], [0.0, 0.0, 0.0, 1.0]]}, "Hobj2base": {"type": "ndarray", "data": [[0.9999968519294548, 0.002509159696409111, 1.5773334519118314e-05, -0.7348556293383696], [0.002509160818541476, -0.9999968494928688, -7.152847828526236e-05, 0.0891299481163311], [1.5593808450256577e-05, 7.156783094151984e-05, -0.9999999973174394, 0.0027894043319229506], [0.0, 0.0, 0.0, 1.0]]}, "mean_rme": {"type": "float", "data": 0.0011874363001970383}, "max_rme": {"type": "float", "data": 0.0036687427046426524}, "simu": {"type": "float", "data": 0.002}}, {"type": "dict", "image_number": {"type": "int", "data": 24}, "Hcamera2end": {"type": "ndarray", "data": [[0.9999943163532783, 0.003285261615458143, -0.0007578372237342281, -0.015921355732950403], [0.0007568767082841855, 0.00029360448280046914, 0.9999996704669737, 0.019914375349234757], [0.003285483037262063, -0.9999945604114683, 0.00029111627605893364, 0.03249770874667887], [0.0, 0.0, 0.0, 1.0]]}, "Hobj2base": {"type": "ndarray", "data": [[0.9999949566668576, 0.0031742219682050076, 0.00010466970019554408, -0.7349357650561147], [0.003174217783490306, -0.9999949613531456, 4.0122107039553985e-05, 0.0890706488716766], [0.00010479652927546409, -3.978966026664852e-05, -0.999999993717235, 0.002903375718528158], [0.0, 0.0, 0.0, 1.0]]}, "mean_rme": {"type": "float", "data": 0.0011751560148922746}, "max_rme": {"type": "float", "data": 0.0037273731841407365}, "simu": {"type": "float", "data": 0.002}}, {"type": "dict", "image_number": {"type": "int", "data": 25}, "Hcamera2end": {"type": "ndarray", "data": [[0.9999926018428752, 0.0037720352333608966, -0.0007536641926243078, -0.01593220606958703], [0.0007524216442499013, 0.00033081884200347744, 0.9999996622102244, 0.019617228523687892], [0.003772283285521425, -0.9999928311288496, 0.0003279782336013115, 0.03247672436487005], [0.0, 0.0, 0.0, 1.0]]}, "Hobj2base": {"type": "ndarray", "data": [[0.9999932656112305, 0.00366619479397527, 0.0001665770686326694, -0.7349752455209341], [0.0036661842781727703, -0.999993277514658, 6.339030967149015e-05, 0.08893651298747035], [0.00016680835004407324, -6.277918054637539e-05, -0.9999999841168747, 0.003177827036360783], [0.0, 0.0, 0.0, 1.0]]}, "mean_rme": {"type": "float", "data": 0.0011543166490130645}, "max_rme": {"type": "float", "data": 0.0036445356439565035}, "simu": {"type": "float", "data": 0.002}}, {"type": "dict", "image_number": {"type": "int", "data": 26}, "Hcamera2end": {"type": "ndarray", "data": [[0.9999941469533621, 0.003325699560374755, -0.0008036052835359616, -0.01594192066675123], [0.0008023841249624167, 0.00036850644222596873, 0.9999996101912829, 0.01947529922089441], [0.003325994397712066, -0.9999944019470488, 0.0003658357968089332, 0.03249477225918357], [0.0, 0.0, 0.0, 1.0]]}, "Hobj2base": {"type": "ndarray", "data": [[0.999994667033199, 0.003265492759734714, 4.9620536840023305e-05, -0.734982622204375], [0.003265490882319208, -0.9999946675533826, 3.7869484463114915e-05, 0.0889584991025009], [4.9743934768488656e-05, -3.7707247095784626e-05, -0.9999999980518524, 0.003305033644155857], [0.0, 0.0, 0.0, 1.0]]}, "mean_rme": {"type": "float", "data": 0.0011400374320005705}, "max_rme": {"type": "float", "data": 0.0036165660915152}, "simu": {"type": "float", "data": 0.002}}, {"type": "dict", "image_number": {"type": "int", "data": 27}, "Hcamera2end": {"type": "ndarray", "data": [[0.9999937690372901, 0.003424537354251309, -0.0008569892090030404, -0.01599528525580391], [0.0008557020987570909, 0.00037729690398469184, 0.9999995627103865, 0.01964372978424411], [0.003424859196111998, -0.9999940650778659, 0.0003743641692603994, 0.03247020937636639], [0.0, 0.0, 0.0, 1.0]]}, "Hobj2base": {"type": "ndarray", "data": [[0.9999942904531322, 0.0033791925067988633, 1.0915072506472033e-05, -0.7350411797931996], [0.0033791922314338556, -0.9999942901974033, 2.5148644601179248e-05, 0.08891692790767368], [1.0999992294955147e-05, -2.511161688559483e-05, -0.9999999996242033, 0.0031123499856413584], [0.0, 0.0, 0.0, 1.0]]}, "mean_rme": {"type": "float", "data": 0.0011560538102025374}, "max_rme": {"type": "float", "data": 0.0036377113101095093}, "simu": {"type": "float", "data": 0.002}}, {"type": "dict", "image_number": {"type": "int", "data": 28}, "Hcamera2end": {"type": "ndarray", "data": [[0.9999942110052326, 0.0032996953123032163, -0.0008306424431608153, -0.015924352497569037], [0.0008292491183731355, 0.0004236043183620808, 0.9999995664525466, 0.018872182899395386], [0.0033000457454546548, -0.9999944662698027, 0.00042086559669030077, 0.032486783975665325], [0.0, 0.0, 0.0, 1.0]]}, "Hobj2base": {"type": "ndarray", "data": [[0.9999946063201297, 0.0032844037109990443, -4.786638934597352e-06, -0.7350259716034679], [0.0032844040189584558, -0.9999946041646945, 6.581592502051725e-05, 0.08888042928848258], [-4.570447038301773e-06, -6.583129128664141e-05, -0.9999999978226761, 0.0038894669782554886], [0.0, 0.0, 0.0, 1.0]]}, "mean_rme": {"type": "float", "data": 0.001208548668215425}, "max_rme": {"type": "float", "data": 0.005377180899253375}, "simu": {"type": "float", "data": 0.002}}, {"type": "dict", "image_number": {"type": "int", "data": 29}, "Hcamera2end": {"type": "ndarray", "data": [[0.9999936691696166, 0.0034201589089793974, -0.000981903113628293, -0.016070120273773646], [0.0009803178006803726, 0.00046516584999012345, 0.9999994112986975, 0.01855467056931764], [0.0034206136433238515, -0.999994043049142, 0.00046181006244438993, 0.03245467049882228], [0.0, 0.0, 0.0, 1.0]]}, "Hobj2base": {"type": "ndarray", "data": [[0.9999941364939493, 0.0034238165067771924, -6.677011718541419e-05, -0.7351075332318616], [0.0034238117256443685, -0.9999941361769344, -7.158920173631267e-05, 0.08859288629317764], [-6.701483394787273e-05, 7.136017366245305e-05, -0.9999999952083687, 0.0040765436004538665], [0.0, 0.0, 0.0, 1.0]]}, "mean_rme": {"type": "float", "data": 0.0012811273370042795}, "max_rme": {"type": "float", "data": 0.00517628972445161}, "simu": {"type": "float", "data": 0.002}}, {"type": "dict", "image_number": {"type": "int", "data": 30}, "Hcamera2end": {"type": "ndarray", "data": [[0.9999941059446502, 0.0032883353210171, -0.0009873838039633725, -0.016073250602351617], [0.0009857533139957467, 0.0004974243842267301, 0.999999390429507, 0.018619793905341513], [0.0032888244653255998, -0.999994469694607, 0.0004941799649396117, 0.032463226111220586], [0.0, 0.0, 0.0, 1.0]]}, "Hobj2base": {"type": "ndarray", "data": [[0.9999944696898667, 0.00332360004800937, -0.00011946716356904266, -0.7351187813424466], [0.0033235914125588476, -0.9999944742332585, -7.240904468306221e-05, 0.08861980295833789], [-0.00011970716212574853, 7.201158419966783e-05, -0.9999999902422627, 0.004018347922085113], [0.0, 0.0, 0.0, 1.0]]}, "mean_rme": {"type": "float", "data": 0.0012467804950155254}, "max_rme": {"type": "float", "data": 0.00520428741244211}, "simu": {"type": "float", "data": 0.002}}]}