{"type": "list", "data": [{"type": "dict", "image_number": {"type": "int", "data": 5}, "Hcamera2end": {"type": "ndarray", "data": [[0.9999695254011474, 0.0067620534283268415, 0.0039016538078786235, -0.015025747855253449], [-0.003893343204374246, -0.001241734137667816, 0.9999916499526504, 0.026109980001193238], [0.006766841781587141, -0.9999763660856009, -0.0012153693015553024, 0.029583369349207432], [0.0, 0.0, 0.0, 1.0]]}, "Hobj2base": {"type": "ndarray", "data": [[0.9999767115312955, 0.006495272265947775, 0.0020947155528801753, -0.7312465537659681], [0.006487375798315153, -0.9999719076030149, 0.003754725028436166, 0.08789684428336454], [0.0021190446686427536, -0.003741048379657738, -0.9999907570606408, -0.00483376190775533], [0.0, 0.0, 0.0, 1.0]]}, "mean_rme": {"type": "float", "data": 0.0021922426032622757}, "max_rme": {"type": "float", "data": 0.006123390172437168}, "simu": {"type": "float", "data": 0.002}}, {"type": "dict", "image_number": {"type": "int", "data": 6}, "Hcamera2end": {"type": "ndarray", "data": [[0.9999927540809247, 0.003133467526514729, 0.0021617508893446383, -0.017535077815908212], [-0.002164751534221128, 0.0009545365374528103, 0.9999972013514807, 0.024673536747710948], [0.0031313952868317245, -0.9999946351062384, 0.000961312799593772, 0.02956435676456004], [0.0, 0.0, 0.0, 1.0]]}, "Hobj2base": {"type": "ndarray", "data": [[0.9999947422502468, 0.002455042292771009, 0.0021185464836368535, -0.7317898585050693], [0.0024505215394301392, -0.9999947207836706, 0.0021338577677878423, 0.08670575521895381], [0.0021237740104383396, -0.002128655004707254, -0.9999954791956926, -0.0022577688947406824], [0.0, 0.0, 0.0, 1.0]]}, "mean_rme": {"type": "float", "data": 0.0020433853965100193}, "max_rme": {"type": "float", "data": 0.005390082452305489}, "simu": {"type": "float", "data": 0.002}}, {"type": "dict", "image_number": {"type": "int", "data": 7}, "Hcamera2end": {"type": "ndarray", "data": [[0.999991436766346, 0.003224977622388031, 0.0025934365837567562, -0.017183478052131343], [-0.0025943921941885095, 0.00029216723463587613, 0.9999965918779172, 0.024825390398334632], [0.0032242089140756994, -0.9999947570650769, 0.00030053158950948955, 0.030957441834568174], [0.0, 0.0, 0.0, 1.0]]}, "Hobj2base": {"type": "ndarray", "data": [[0.9999916599329474, 0.003090522413990858, 0.002669969242730184, -0.7327444204010037], [0.0030827760821800594, -0.9999910416354609, 0.002900541406878734, 0.08730783116078407], [0.0026789095124030667, -0.002892286298847267, -0.9999922290317009, -0.002146494124558632], [0.0, 0.0, 0.0, 1.0]]}, "mean_rme": {"type": "float", "data": 0.001964987760402211}, "max_rme": {"type": "float", "data": 0.005513473636016869}, "simu": {"type": "float", "data": 0.002}}, {"type": "dict", "image_number": {"type": "int", "data": 8}, "Hcamera2end": {"type": "ndarray", "data": [[0.999993281772903, 0.0034394463815022903, 0.0012675242199631895, -0.01560061102966563], [-0.0012660439156416535, -0.0004325334145607318, 0.9999991050234239, 0.024747790464188287], [0.0034399915498572434, -0.9999939915436663, -0.0004281760185385064, 0.03238980186387954], [0.0, 0.0, 0.0, 1.0]]}, "Hobj2base": {"type": "ndarray", "data": [[0.9999883319852472, 0.0037322044904117015, 0.003067008804185675, -0.7341156168251624], [0.0037268033454971026, -0.9999914980340163, 0.0017648786100666518, 0.08782168596174297], [0.003073569616454672, -0.0017534278787648843, -0.9999937393106455, -0.0027570252090013264], [0.0, 0.0, 0.0, 1.0]]}, "mean_rme": {"type": "float", "data": 0.002005216196133343}, "max_rme": {"type": "float", "data": 0.005254491002475686}, "simu": {"type": "float", "data": 0.002}}, {"type": "dict", "image_number": {"type": "int", "data": 9}, "Hcamera2end": {"type": "ndarray", "data": [[0.9999924443491102, 0.003333199344989215, 0.002000256688114085, -0.015732157589560414], [-0.0019974891205987483, -0.0008334259040694292, 0.9999976577164945, 0.02418917998009113], [0.0033348586034300316, -0.999994097574275, -0.0008267615775658932, 0.03252578043601339], [0.0, 0.0, 0.0, 1.0]]}, "Hobj2base": {"type": "ndarray", "data": [[0.9999872034762396, 0.003767633686146969, 0.0033760657838282043, -0.7341282209837945], [0.0037617279921746878, -0.9999913865312455, 0.0017539286844596219, 0.08821314987260558], [0.0033826448649857317, -0.0017412063991070876, -0.999992762930809, -0.0026774438765732786], [0.0, 0.0, 0.0, 1.0]]}, "mean_rme": {"type": "float", "data": 0.001883234281129877}, "max_rme": {"type": "float", "data": 0.005148404385725086}, "simu": {"type": "float", "data": 0.002}}, {"type": "dict", "image_number": {"type": "int", "data": 10}, "Hcamera2end": {"type": "ndarray", "data": [[0.9999966286815455, 0.002478129669913076, 0.0007755635900759237, -0.014543760709081175], [-0.0007774766960282178, 0.000771125839466591, 0.9999994004472834, 0.023655748694159345], [0.002477530127019244, -0.9999966321134679, 0.0007730499278238989, 0.03136920164314985], [0.0, 0.0, 0.0, 1.0]]}, "Hobj2base": {"type": "ndarray", "data": [[0.9999952200891321, 0.00252718138987065, 0.001781334643175332, -0.7337059085738067], [0.002525210922859777, -0.9999961983063732, 0.0011075570399874603, 0.08891373430702322], [0.0017841268686264475, -0.0011030535002653132, -0.9999978000797267, -0.0021863922295581985], [0.0, 0.0, 0.0, 1.0]]}, "mean_rme": {"type": "float", "data": 0.0017004362852132535}, "max_rme": {"type": "float", "data": 0.005068890722501329}, "simu": {"type": "float", "data": 0.002}}, {"type": "dict", "image_number": {"type": "int", "data": 11}, "Hcamera2end": {"type": "ndarray", "data": [[0.9999975376350941, 0.002186502093841995, 0.00037938416155787935, -0.014275845524305955], [-0.0003822304303008645, 0.001301474433348826, 0.9999990800316757, 0.023667862013686397], [0.0021860063235426422, -0.9999967626812064, 0.0013023069762799766, 0.03156980209494346], [0.0, 0.0, 0.0, 1.0]]}, "Hobj2base": {"type": "ndarray", "data": [[0.9999968590121399, 0.002153610666307455, 0.0012821571480761173, -0.7340573224765478], [0.0021522285994187095, -0.9999971025552745, 0.001078328851386868, 0.0892428853076195], [0.0012844757336127849, -0.0010755659690859982, -0.9999985966389833, -0.0022675459469121417], [0.0, 0.0, 0.0, 1.0]]}, "mean_rme": {"type": "float", "data": 0.0016928333941479026}, "max_rme": {"type": "float", "data": 0.005148746632595291}, "simu": {"type": "float", "data": 0.002}}, {"type": "dict", "image_number": {"type": "int", "data": 12}, "Hcamera2end": {"type": "ndarray", "data": [[0.9999974727963575, 0.0022459003909823167, -0.00010164807920481716, -0.013576728521879002], [9.855231267682802e-05, 0.0013784754359290607, 0.9999990450460012, 0.023491586434871044], [0.0022460383656310503, -0.9999965278624254, 0.0013782506135633366, 0.03197138783385848], [0.0, 0.0, 0.0, 1.0]]}, "Hobj2base": {"type": "ndarray", "data": [[0.9999966118238379, 0.0022757700946543858, 0.0012638082610266453, -0.734666752710679], [0.0022750018804483033, -0.999997226762088, 0.0006089618853184736, 0.08948152186029608], [0.001265190613433054, -0.0006060846558779685, -0.999999015976567, -0.002267656743637649], [0.0, 0.0, 0.0, 1.0]]}, "mean_rme": {"type": "float", "data": 0.0016588344521197371}, "max_rme": {"type": "float", "data": 0.005015519239097932}, "simu": {"type": "float", "data": 0.002}}, {"type": "dict", "image_number": {"type": "int", "data": 13}, "Hcamera2end": {"type": "ndarray", "data": [[0.9999972396185037, 0.0023388541570670833, -0.0002247589926415829, -0.0135451972096238], [0.00022137427155830003, 0.0014473289131134992, 0.9999989281156502, 0.023446144875062403], [0.002339176950274448, -0.999996217492971, 0.0014468071557982576, 0.03202093548420163], [0.0, 0.0, 0.0, 1.0]]}, "Hobj2base": {"type": "ndarray", "data": [[0.9999963138605704, 0.0024007848996682015, 0.0012682654048370699, -0.7346848646447034], [0.0024001625656449093, -0.9999969985775892, 0.0004919913333450099, 0.08940414211637579], [0.001269442763600723, -0.0004889454766483647, -0.9999990747232677, -0.002154554623474273], [0.0, 0.0, 0.0, 1.0]]}, "mean_rme": {"type": "float", "data": 0.001590474068736548}, "max_rme": {"type": "float", "data": 0.00511857620497716}, "simu": {"type": "float", "data": 0.002}}, {"type": "dict", "image_number": {"type": "int", "data": 14}, "Hcamera2end": {"type": "ndarray", "data": [[0.9999970280680471, 0.0023111926865838936, -0.0007760434516664823, -0.013595184038319916], [0.0007726475569836802, 0.0014698562360196954, 0.9999986212682483, 0.023162294604541823], [0.002312330172376007, -0.99999624894847, 0.0014680661303239084, 0.03192003745366983], [0.0, 0.0, 0.0, 1.0]]}, "Hobj2base": {"type": "ndarray", "data": [[0.9999965191997452, 0.0023918813843718987, 0.001113773691842595, -0.734721165477061], [0.0023916685102249456, -0.9999971214437267, 0.00019242140815280628, 0.08897914714114005], [0.0011142307349664624, -0.00018975696090602285, -0.9999993612408788, -0.002200746119428768], [0.0, 0.0, 0.0, 1.0]]}, "mean_rme": {"type": "float", "data": 0.0016916071602441525}, "max_rme": {"type": "float", "data": 0.005217390598302729}, "simu": {"type": "float", "data": 0.002}}, {"type": "dict", "image_number": {"type": "int", "data": 15}, "Hcamera2end": {"type": "ndarray", "data": [[0.9999971398312077, 0.002247842898201353, -0.0008170261372203506, -0.01364569782721738], [0.0008134410210379565, 0.0015953662555935333, 0.9999983965588221, 0.02341498866494516], [0.002249142749846748, -0.9999962009971911, 0.0015935332049544781, 0.03224685270430596], [0.0, 0.0, 0.0, 1.0]]}, "Hobj2base": {"type": "ndarray", "data": [[0.9999967919796722, 0.002320778131461425, 0.001014898629851808, -0.7351171666680435], [0.0023205446597298557, -0.999997280814731, 0.0002311614711084042, 0.08912800611191087], [0.0010154323446413894, -0.0002288056119420361, -0.9999994582724259, -0.0023240662716023023], [0.0, 0.0, 0.0, 1.0]]}, "mean_rme": {"type": "float", "data": 0.0017130762311986863}, "max_rme": {"type": "float", "data": 0.005230554991429104}, "simu": {"type": "float", "data": 0.002}}, {"type": "dict", "image_number": {"type": "int", "data": 16}, "Hcamera2end": {"type": "ndarray", "data": [[0.9999972062728077, 0.002276694077961554, -0.0006356969835820636, -0.013927896692121874], [0.0006319973360714977, 0.0016253595634138085, 0.9999984793916722, 0.02315324211853903], [0.002277723852173278, -0.9999960874275283, 0.0016239161580102746, 0.03178277744465424], [0.0, 0.0, 0.0, 1.0]]}, "Hobj2base": {"type": "ndarray", "data": [[0.9999967385918712, 0.002344267389167698, 0.0010135166643252314, -0.7347514142780973], [0.0023438596940447633, -0.9999971718480587, 0.0004032587484876389, 0.08882299252987677], [0.0010144591442795862, -0.00040088189243752396, -0.9999994050829992, -0.002128167357119723], [0.0, 0.0, 0.0, 1.0]]}, "mean_rme": {"type": "float", "data": 0.0017072831660563499}, "max_rme": {"type": "float", "data": 0.005118819738836211}, "simu": {"type": "float", "data": 0.002}}, {"type": "dict", "image_number": {"type": "int", "data": 17}, "Hcamera2end": {"type": "ndarray", "data": [[0.9999954607269845, 0.0028640724970306177, -0.0009357425702568175, -0.01385468615046372], [0.0009311641208018733, 0.0015994963794806472, 0.9999982872708894, 0.023497304635860996], [0.0028655643085035284, -0.9999946193355561, 0.0015968221973813312, 0.0317970517359127], [0.0, 0.0, 0.0, 1.0]]}, "Hobj2base": {"type": "ndarray", "data": [[0.9999957969051101, 0.002811105083792361, 0.0007098311923821493, -0.7348228999632647], [0.002810599167843554, -0.9999957962712662, 0.0007127216245523856, 0.08866068659096175], [0.0007118317438264777, -0.0007107235779571488, -0.9999994940836541, -0.002349677762897785], [0.0, 0.0, 0.0, 1.0]]}, "mean_rme": {"type": "float", "data": 0.0017077018518861628}, "max_rme": {"type": "float", "data": 0.0049552890814299755}, "simu": {"type": "float", "data": 0.002}}, {"type": "dict", "image_number": {"type": "int", "data": 18}, "Hcamera2end": {"type": "ndarray", "data": [[-0.9995284724080173, -0.010425468108566583, -0.028881524551414343, 40.337971400929334], [-0.030584970815730004, 0.42132410229672324, 0.9063942632122413, -2588.4989591254352], [0.0027188979196784997, 0.90685021389344, -0.4214442989951641, 569.8929650270726], [0.0, 0.0, 0.0, 1.0]]}, "Hobj2base": {"type": "ndarray", "data": [[-0.9424421184997298, 0.12450889814240829, 0.3103230374321324, -422.86594936684065], [-0.13014146028655393, 0.7183127491830842, -0.6834398252044747, 929.4186742101813], [-0.30800333373556943, -0.6844883699847668, -0.6607644192625481, 2261.9188316071577], [0.0, 0.0, 0.0, 1.0]]}, "mean_rme": {"type": "float", "data": 371.710724873754}, "max_rme": {"type": "float", "data": 1844.8473849046013}, "simu": {"type": "float", "data": 0.002}}, {"type": "dict", "image_number": {"type": "int", "data": 18}, "Hcamera2end": {"type": "ndarray", "data": [[0.9999963960654557, 0.00243794394353503, -0.001124404477236955, -0.013498992803494217], [0.0011203664182520634, 0.0016570714390157226, 0.9999979994446667, 0.023493991623889352], [0.002439802284838402, -0.9999956552623491, 0.0016543340765148296, 0.031906404237253244], [0.0, 0.0, 0.0, 1.0]]}, "Hobj2base": {"type": "ndarray", "data": [[0.9999968926265485, 0.002395953646526532, 0.000688580693202906, -0.7347374750004406], [0.0023955258120984388, -0.9999969376030948, 0.0006214825141000952, 0.08904094502269112], [0.0006900676277914328, -0.0006198310700975501, -0.9999995698079642, -0.0024098165771027943], [0.0, 0.0, 0.0, 1.0]]}, "mean_rme": {"type": "float", "data": 0.0017021450505891945}, "max_rme": {"type": "float", "data": 0.0050795645047363724}, "simu": {"type": "float", "data": 0.002}}, {"type": "dict", "image_number": {"type": "int", "data": 19}, "Hcamera2end": {"type": "ndarray", "data": [[0.9999967106732206, 0.002330900534702548, -0.0010703015633064515, -0.013604079775094306], [0.0010669075437476927, 0.0014568549530599162, 0.9999983696396406, 0.023579823509331292], [0.002332456008628485, -0.9999962222310359, 0.0014543633056237626, 0.03165142630968226], [0.0, 0.0, 0.0, 1.0]]}, "Hobj2base": {"type": "ndarray", "data": [[0.9999969373650046, 0.002355027819944207, 0.000760989210351128, -0.7344542816650982], [0.002354431401953994, -0.9999969212381321, 0.000783688094729722, 0.08910783839032074], [0.0007628324747118131, -0.0007818939976857388, -0.9999994033640176, -0.0026458822343403483], [0.0, 0.0, 0.0, 1.0]]}, "mean_rme": {"type": "float", "data": 0.0017394501425928531}, "max_rme": {"type": "float", "data": 0.0049717321389702585}, "simu": {"type": "float", "data": 0.002}}, {"type": "dict", "image_number": {"type": "int", "data": 20}, "Hcamera2end": {"type": "ndarray", "data": [[0.9999962709491319, 0.0024215022309198577, -0.0012627013803503256, -0.013990887250744245], [0.00125902417081503, 0.0015194890091928537, 0.9999980530037488, 0.023485389972326146], [0.002423416177133427, -0.9999959137316995, 0.0015164346131025797, 0.03170468474261085], [0.0, 0.0, 0.0, 1.0]]}, "Hobj2base": {"type": "ndarray", "data": [[0.9999968604304658, 0.002407722907267131, 0.0006942619199273536, -0.7344841853780799], [0.0024072999857985083, -0.9999969167884875, 0.0006093605643468357, 0.08876802815874961], [0.0006957269507605724, -0.000607687354506991, -0.9999995733399536, -0.0022459512693376064], [0.0, 0.0, 0.0, 1.0]]}, "mean_rme": {"type": "float", "data": 0.0017311605766408957}, "max_rme": {"type": "float", "data": 0.005047559000629559}, "simu": {"type": "float", "data": 0.002}}, {"type": "dict", "image_number": {"type": "int", "data": 21}, "Hcamera2end": {"type": "ndarray", "data": [[0.9999964444386527, 0.0025682625155650737, -0.0007177309411690412, -0.014690915607351779], [0.0007128131795278181, 0.0019152237640623904, 0.9999979119054724, 0.023273994460069794], [0.002569631768144899, -0.9999948679596237, 0.0019133862629971965, 0.03183249847907772], [0.0, 0.0, 0.0, 1.0]]}, "Hobj2base": {"type": "ndarray", "data": [[0.9999971809283725, 0.00236888684032682, 0.00016282028607079822, -0.7346842348810264], [0.0023687319033994557, -0.9999967477742617, 0.0009452777735967793, 0.08834869242031171], [0.00016505901262080003, -0.0009448894311848911, -0.9999995399696369, -0.00175340183239006], [0.0, 0.0, 0.0, 1.0]]}, "mean_rme": {"type": "float", "data": 0.0017599041212720446}, "max_rme": {"type": "float", "data": 0.00521501891150819}, "simu": {"type": "float", "data": 0.002}}, {"type": "dict", "image_number": {"type": "int", "data": 22}, "Hcamera2end": {"type": "ndarray", "data": [[0.9999965819358833, 0.002535965338720937, -0.0006363932361850836, -0.014754613757713229], [0.0006320782331960711, 0.0017019612090595215, 0.9999983519012167, 0.02314201333575857], [0.002537044275801243, -0.9999953360930457, 0.0017003524631562517, 0.031990251167617674], [0.0, 0.0, 0.0, 1.0]]}, "Hobj2base": {"type": "ndarray", "data": [[0.9999970004119174, 0.0024310172991409964, 0.000298867962231854, -0.7347279468798277], [0.0024306851374500836, -0.9999964333931703, 0.001106783944696437, 0.08833660835110946], [0.00030155750720330744, -0.0011060541708866494, -0.9999993428534042, -0.001680200383617537], [0.0, 0.0, 0.0, 1.0]]}, "mean_rme": {"type": "float", "data": 0.001700010106606911}, "max_rme": {"type": "float", "data": 0.0052095956381136566}, "simu": {"type": "float", "data": 0.002}}, {"type": "dict", "image_number": {"type": "int", "data": 23}, "Hcamera2end": {"type": "ndarray", "data": [[0.9999963429379782, 0.002589838476122172, -0.0007790040673305386, -0.01494408865810581], [0.0007741954606384659, 0.001857205027240516, 0.999997975703389, 0.023206154754182126], [0.002591280003791009, -0.9999949217501831, 0.001855193194134519, 0.03229207851355525], [0.0, 0.0, 0.0, 1.0]]}, "Hobj2base": {"type": "ndarray", "data": [[0.9999970531013899, 0.0024259129263165913, 9.346127519494576e-05, -0.7352029396700431], [0.0024258143501315163, -0.9999965160889697, 0.0010407855981705992, 0.0881880086806948], [9.598580482030442e-05, -0.001040555811378417, -0.9999994540150152, -0.0017444840490850068], [0.0, 0.0, 0.0, 1.0]]}, "mean_rme": {"type": "float", "data": 0.0017271892733082663}, "max_rme": {"type": "float", "data": 0.00513172160472436}, "simu": {"type": "float", "data": 0.002}}, {"type": "dict", "image_number": {"type": "int", "data": 24}, "Hcamera2end": {"type": "ndarray", "data": [[0.9999960811387496, 0.0026914319525013497, -0.0007706498481521672, -0.015004807903098284], [0.0007656528904217651, 0.0018571538957843359, 0.999997982375494, 0.02335077571166704], [0.0026928577375700674, -0.9999946535724341, 0.0018550859152021149, 0.03222526152325668], [0.0, 0.0, 0.0, 1.0]]}, "Hobj2base": {"type": "ndarray", "data": [[0.9999968900836798, 0.0024938838882459626, -1.9134287015480925e-05, -0.7353465204668419], [0.002493903472809942, -0.999996282174139, 0.0011027617001862437, 0.08820519356946373], [-1.6384056240864638e-05, -0.0011028059897544727, -0.9999993917750707, -0.0018360642201303335], [0.0, 0.0, 0.0, 1.0]]}, "mean_rme": {"type": "float", "data": 0.0017715821706963614}, "max_rme": {"type": "float", "data": 0.004940987897120358}, "simu": {"type": "float", "data": 0.002}}, {"type": "dict", "image_number": {"type": "int", "data": 25}, "Hcamera2end": {"type": "ndarray", "data": [[0.9999960748084441, 0.0027074634189196414, -0.0007211168698423704, -0.014922806766535183], [0.0007158473415459202, 0.0019467619980514383, 0.9999978488378393, 0.02324029534034755], [0.0027088614376451466, -0.9999944398643213, 0.0019448162261469504, 0.03242956506101984], [0.0, 0.0, 0.0, 1.0]]}, "Hobj2base": {"type": "ndarray", "data": [[0.9999969753200909, 0.0024540609447790567, -0.00016412053159776512, -0.7355944152978745], [0.0024542325156536285, -0.9999964334391289, 0.0010534950310376867, 0.08821626533419064], [-0.00016153460524071065, -0.0010538946344975655, -0.9999994316061735, -0.0015624366807621803], [0.0, 0.0, 0.0, 1.0]]}, "mean_rme": {"type": "float", "data": 0.0018145888678559716}, "max_rme": {"type": "float", "data": 0.004958842749691383}, "simu": {"type": "float", "data": 0.002}}, {"type": "dict", "image_number": {"type": "int", "data": 26}, "Hcamera2end": {"type": "ndarray", "data": [[0.9999962055720099, 0.0026037778836590095, -0.0008995456159098613, -0.01490442981395409], [0.0008944503774696392, 0.001957367159499457, 0.9999976843334815, 0.023261575588043457], [0.0026055325952247963, -0.9999946945131937, 0.0019550307822998603, 0.03249721692773709], [0.0, 0.0, 0.0, 1.0]]}, "Hobj2base": {"type": "ndarray", "data": [[0.9999972507735772, 0.0023342319252459137, -0.0002231739379680403, -0.735699023998573], [0.0023344287351934377, -0.9999968829730996, 0.0008857124620630669, 0.08819431668752453], [-0.00022110578402333638, -0.0008862310106927021, -0.999999582853327, -0.0015416891610968025], [0.0, 0.0, 0.0, 1.0]]}, "mean_rme": {"type": "float", "data": 0.0017866313979881055}, "max_rme": {"type": "float", "data": 0.00489742292481099}, "simu": {"type": "float", "data": 0.002}}, {"type": "dict", "image_number": {"type": "int", "data": 27}, "Hcamera2end": {"type": "ndarray", "data": [[0.9999975140480495, 0.002079257421613103, -0.0008053485553940348, -0.014698870149882018], [0.0008009672732997104, 0.0021071114313322425, 0.9999974592631936, 0.022900751875081556], [0.0020809490979145197, -0.9999956183753959, 0.0021054407760070504, 0.03252488099342635], [0.0, 0.0, 0.0, 1.0]]}, "Hobj2base": {"type": "ndarray", "data": [[0.9999984432615698, 0.0017641257836947322, -3.6532947537499426e-05, -0.7356596370040565], [0.0017641624936873387, -0.9999979129466974, 0.0010304527867706912, 0.08872746200012649], [-3.471502296126834e-05, -0.0010305156326810671, -0.9999994684160578, -0.0014318725070140241], [0.0, 0.0, 0.0, 1.0]]}, "mean_rme": {"type": "float", "data": 0.0017932814747220452}, "max_rme": {"type": "float", "data": 0.004978506577182074}, "simu": {"type": "float", "data": 0.002}}, {"type": "dict", "image_number": {"type": "int", "data": 28}, "Hcamera2end": {"type": "ndarray", "data": [[0.9999976707057067, 0.0019809885992418588, -0.0008568940020774082, -0.014730757339770136], [0.0008526184297150861, 0.002158140322105817, 0.9999973077324575, 0.022289719740634605], [0.0019828325633882054, -0.9999957090480538, 0.0021564462677731155, 0.032546001877159655], [0.0, 0.0, 0.0, 1.0]]}, "Hobj2base": {"type": "ndarray", "data": [[0.9999986508269091, 0.0016426553592608693, -5.266137338816914e-06, -0.7356458182597022], [0.0016426597825384612, -0.9999981567537437, 0.0009940613433992277, 0.08902368184218393], [-3.633227438860177e-06, -0.0009940686527104283, -0.9999995059070348, -0.0008732479312617855], [0.0, 0.0, 0.0, 1.0]]}, "mean_rme": {"type": "float", "data": 0.0017704344084442452}, "max_rme": {"type": "float", "data": 0.004958802461208667}, "simu": {"type": "float", "data": 0.002}}, {"type": "dict", "image_number": {"type": "int", "data": 29}, "Hcamera2end": {"type": "ndarray", "data": [[0.9999983636017115, 0.0016126755327628523, -0.0008197996861030955, -0.014685307167532712], [0.0008162470965001453, 0.0022023426231048138, 0.99999724171002, 0.022479225935620902], [0.001614476564327202, -0.9999962744753585, 0.0022010226774739072, 0.03255292271882279], [0.0, 0.0, 0.0, 1.0]]}, "Hobj2base": {"type": "ndarray", "data": [[0.9999991626064924, 0.0012848486226116457, 0.0001547589452558735, -0.735613667118424], [0.001284692629990901, -0.9999986708856232, 0.0010038883566928017, 0.08904550985879113], [0.0001560485841358871, -0.001003688698366814, -0.9999994841287847, -0.0011113558466681662], [0.0, 0.0, 0.0, 1.0]]}, "mean_rme": {"type": "float", "data": 0.001747077556567291}, "max_rme": {"type": "float", "data": 0.004980684010176928}, "simu": {"type": "float", "data": 0.002}}, {"type": "dict", "image_number": {"type": "int", "data": 30}, "Hcamera2end": {"type": "ndarray", "data": [[0.9999987082238145, 0.0013645468089952045, -0.00084944847296761, -0.014662636193335504], [0.0008462857642066047, 0.00231667998716667, 0.9999969583924956, 0.02221178446061691], [0.0013665105588568436, -0.9999963854963893, 0.0023155221979955787, 0.03258653530509857], [0.0, 0.0, 0.0, 1.0]]}, "Hobj2base": {"type": "ndarray", "data": [[0.9999994845778476, 0.000987223789371089, 0.00023713546540398596, -0.735582007961662], [0.0009869797035936033, -0.9999989853337534, 0.001027230514072719, 0.08927922093591788], [0.00023814933119129376, -0.0010269959367240002, -0.9999994442819671, -0.000904419023301443], [0.0, 0.0, 0.0, 1.0]]}, "mean_rme": {"type": "float", "data": 0.0017395877949774017}, "max_rme": {"type": "float", "data": 0.004984697009887795}, "simu": {"type": "float", "data": 0.002}}]}