{"type": "list", "data": [{"type": "dict", "image_number": {"type": "int", "data": 5}, "Hcamera2end": {"type": "ndarray", "data": [[0.999990702988393, 0.0043094932075531155, -0.00014901366956288336, -0.015252511047305083], [0.0001477519770741141, 0.00029308738942113166, 0.9999999461345661, 0.029654237592358135], [0.004309536649447795, -0.9999906711405242, 0.0002924479284427406, 0.03329467811355368], [0.0, 0.0, 0.0, 1.0]]}, "Hobj2base": {"type": "ndarray", "data": [[0.9999914668519523, 0.0037382282060111536, 0.001758372304321166, -0.7368935178051305], [0.003739610722805884, -0.9999927006002494, -0.0007836184415785045, 0.08926516285420082], [0.0017554301246977468, 0.000790187382770254, -0.9999981470327721, 0.0008121501374680484], [0.0, 0.0, 0.0, 1.0]]}, "mean_rme": {"type": "float", "data": 0.0008269021425593889}, "max_rme": {"type": "float", "data": 0.0025125890771531267}, "simu": {"type": "float", "data": 0.002}}, {"type": "dict", "image_number": {"type": "int", "data": 6}, "Hcamera2end": {"type": "ndarray", "data": [[0.9999994972519299, 0.000716165684538699, -0.0007018565377750541, -0.015801989366083246], [0.0007013351356931875, 0.00072803831647128, 0.9999994890444882, 0.03000166623540254], [0.0007166762970620612, -0.9999994785333252, 0.0007275356782938669, 0.033961924345676735], [0.0, 0.0, 0.0, 1.0]]}, "Hobj2base": {"type": "ndarray", "data": [[0.9999996559469341, 0.0004384563626374374, 0.0007041747166461612, -0.7365237266835267], [0.00043902970517266653, -0.9999995721192518, -0.0008142568586963549, 0.08970666062312183], [0.0007038173992428398, 0.0008145657321670253, -0.9999994205617007, 0.0004634453535528049], [0.0, 0.0, 0.0, 1.0]]}, "mean_rme": {"type": "float", "data": 0.001270960210585914}, "max_rme": {"type": "float", "data": 0.0037215966944695866}, "simu": {"type": "float", "data": 0.002}}, {"type": "dict", "image_number": {"type": "int", "data": 7}, "Hcamera2end": {"type": "ndarray", "data": [[0.9999995659206627, 0.0009314056784391516, 2.5336697587329524e-05, -0.015482016578616496], [-2.4904078856619494e-05, -0.0004644880421367237, 0.9999998918153167, 0.030205402053238017], [0.0009314173462683801, -0.9999994583670134, -0.0004644646447116152, 0.034707100080762526], [0.0, 0.0, 0.0, 1.0]]}, "Hobj2base": {"type": "ndarray", "data": [[0.999998014205919, 0.0005035008408209104, 0.0019282300489757206, -0.7367015574326307], [0.0005032725038337935, -0.9999998662896248, 0.00011890129993133166, 0.09044935943233176], [0.0019282896580558478, -0.00011793063865311847, -0.9999981338939381, 0.0006744919873993441], [0.0, 0.0, 0.0, 1.0]]}, "mean_rme": {"type": "float", "data": 0.0013159186148120991}, "max_rme": {"type": "float", "data": 0.0039058642884520767}, "simu": {"type": "float", "data": 0.002}}, {"type": "dict", "image_number": {"type": "int", "data": 8}, "Hcamera2end": {"type": "ndarray", "data": [[0.9999997894223105, 0.0006488904218763354, -9.826248640296988e-06, -0.01562505326947252], [1.0248086221370783e-05, -0.0006500905017599035, 0.9999997886386359, 0.02981011576911048], [0.0006488838967750616, -0.9999995781616912, -0.0006500970147504948, 0.032974406559365343], [0.0, 0.0, 0.0, 1.0]]}, "Hobj2base": {"type": "ndarray", "data": [[0.9999979497317977, 0.00032676380440845905, 0.001998438794978014, -0.734824270353232], [0.00032656172964328395, -0.999999941533499, 0.00010144178549700959, 0.09042631674260285], [0.001998471825640045, -0.00010078896388466812, -0.9999979979739697, 0.0005754316156864892], [0.0, 0.0, 0.0, 1.0]]}, "mean_rme": {"type": "float", "data": 0.0014100385567961215}, "max_rme": {"type": "float", "data": 0.003913044457003911}, "simu": {"type": "float", "data": 0.002}}, {"type": "dict", "image_number": {"type": "int", "data": 9}, "Hcamera2end": {"type": "ndarray", "data": [[0.9999999059380568, 0.0004334783859226162, 1.484474486013624e-05, -0.01576567919436224], [-1.4449619531225756e-05, -0.0009115114673508007, 0.9999995844689403, 0.029819720387868176], [0.00043349173695405305, -0.9999994906215371, -0.0009115051180146327, 0.03357134037631227], [0.0, 0.0, 0.0, 1.0]]}, "Hobj2base": {"type": "ndarray", "data": [[0.9999981010725922, 0.00013231218167148603, 0.0019443108538160733, -0.735187945940114], [0.00013224821761448105, -0.9999999907098265, 3.302659008505347e-05, 0.09090060222463868], [0.0019443152055732757, -3.276939572505071e-05, -0.9999981092804866, 0.0007641807409613202], [0.0, 0.0, 0.0, 1.0]]}, "mean_rme": {"type": "float", "data": 0.001558815782434915}, "max_rme": {"type": "float", "data": 0.0038935134272359284}, "simu": {"type": "float", "data": 0.002}}, {"type": "dict", "image_number": {"type": "int", "data": 10}, "Hcamera2end": {"type": "ndarray", "data": [[0.9999999669698231, 0.00020652947561227092, 0.00015298996220227678, -0.014840775562746274], [-0.00015286367789794648, -0.0006113363574509201, 0.9999998014502575, 0.029712310414077625], [0.0002066229629321159, -0.9999997918066953, -0.0006113047664031424, 0.03326586568905972], [0.0, 0.0, 0.0, 1.0]]}, "Hobj2base": {"type": "ndarray", "data": [[0.9999986773127234, -0.00017315180403031048, 0.0016172171333820044, -0.7351054839210832], [-0.00017345261155800174, -0.9999999676842379, 0.00018586477564256428, 0.09198390413551488], [0.0016171848982991918, -0.00018614504033683183, -0.9999986750306367, 0.0008833670580682962], [0.0, 0.0, 0.0, 1.0]]}, "mean_rme": {"type": "float", "data": 0.0015334140795606652}, "max_rme": {"type": "float", "data": 0.003953218312271134}, "simu": {"type": "float", "data": 0.002}}, {"type": "dict", "image_number": {"type": "int", "data": 11}, "Hcamera2end": {"type": "ndarray", "data": [[0.9999998892207614, 4.8042921696282975e-05, 0.0004682417564339204, -0.014829525162049224], [-0.00046822257080619725, -0.00039858059294006765, 0.9999998109505498, 0.029595726799993387], [4.822954469071376e-05, -0.9999999194126911, -0.00039855805400534905, 0.03300162364544844], [0.0, 0.0, 0.0, 1.0]]}, "Hobj2base": {"type": "ndarray", "data": [[0.9999990197830922, -0.0002623880085721118, 0.0013753491875042867, -0.7350205153734823], [-0.00026285330070462696, -0.9999999082852367, 0.00033813852390725296, 0.09222005568466565], [0.0013752603378705513, -0.00033849970753171163, -0.999998997037973, 0.0009166338023948677], [0.0, 0.0, 0.0, 1.0]]}, "mean_rme": {"type": "float", "data": 0.001474335191824239}, "max_rme": {"type": "float", "data": 0.003990242171773739}, "simu": {"type": "float", "data": 0.002}}, {"type": "dict", "image_number": {"type": "int", "data": 12}, "Hcamera2end": {"type": "ndarray", "data": [[0.9999999569509475, 0.00011251271989221941, 0.0002709962936212092, -0.014697022074569136], [-0.0002708784576208332, -0.0010460103150455868, 0.9999994162434707, 0.029645971255235905], [0.00011279611913065145, -0.9999994466015012, -0.0010459797927437897, 0.03340917427446531], [0.0, 0.0, 0.0, 1.0]]}, "Hobj2base": {"type": "ndarray", "data": [[0.9999983977445375, -0.00012916278083282588, 0.001785448216495117, -0.7350681296997155], [-0.00012881517742122987, -0.999999972729698, -0.00019480054414150805, 0.09219918300479607], [0.001785473328785395, 0.00019457023919248787, -0.9999983871124059, 0.000642097422433513], [0.0, 0.0, 0.0, 1.0]]}, "mean_rme": {"type": "float", "data": 0.001390119699064185}, "max_rme": {"type": "float", "data": 0.0040706604124712276}, "simu": {"type": "float", "data": 0.002}}, {"type": "dict", "image_number": {"type": "int", "data": 13}, "Hcamera2end": {"type": "ndarray", "data": [[0.9999999592551704, 0.00028054979850369524, 5.273962635106963e-05, -0.01542730427476811], [-5.257235044715538e-05, -0.0005962171427973395, 0.9999998208806169, 0.03001909012363419], [0.00028058119252112373, -0.9999997829084406, -0.0005962023693422136, 0.03309475459654623], [0.0, 0.0, 0.0, 1.0]]}, "Hobj2base": {"type": "ndarray", "data": [[0.9999992151284369, 6.130498401639546e-05, 0.0012513929075091677, -0.7354096397044013], [6.157295482548947e-05, -0.9999999751848467, -0.00021410062492569436, 0.09133249978396149], [0.0012513797510202715, 0.00021417750884316521, -0.9999991940880322, 0.0006042264503780622], [0.0, 0.0, 0.0, 1.0]]}, "mean_rme": {"type": "float", "data": 0.0014722339656918733}, "max_rme": {"type": "float", "data": 0.004373650689323438}, "simu": {"type": "float", "data": 0.002}}, {"type": "dict", "image_number": {"type": "int", "data": 14}, "Hcamera2end": {"type": "ndarray", "data": [[0.999999920635167, 0.0003948473353573837, 5.315300138036808e-05, -0.015372172659784005], [-5.3002465971507926e-05, -0.00038125033223956883, 0.9999999259194586, 0.030087018942126065], [0.00039486757070631513, -0.9999998493718717, -0.0003812293740992345, 0.03265813401906114], [0.0, 0.0, 0.0, 1.0]]}, "Hobj2base": {"type": "ndarray", "data": [[0.9999993584699803, 0.00018267609820628796, 0.001117894928399879, -0.735118339443117], [0.0001827607165834954, -0.9999999804421311, -7.559270672906037e-05, 0.09116037980270754], [0.0011178810975555186, 7.579696551224916e-05, -0.9999993722981386, 0.000488535277271908], [0.0, 0.0, 0.0, 1.0]]}, "mean_rme": {"type": "float", "data": 0.0014377482646606248}, "max_rme": {"type": "float", "data": 0.004347350219395807}, "simu": {"type": "float", "data": 0.002}}, {"type": "dict", "image_number": {"type": "int", "data": 15}, "Hcamera2end": {"type": "ndarray", "data": [[0.9999998999179837, 0.00042188976973291277, 0.00014890616102926542, -0.01542655122699596], [-0.0001487956250112183, -0.0002620214040489621, 0.9999999546023218, 0.030109257290844387], [0.00042192876718148123, -0.9999998766768953, -0.00026195860247324454, 0.03219333684635321], [0.0, 0.0, 0.0, 1.0]]}, "Hobj2base": {"type": "ndarray", "data": [[0.9999995159878612, 0.00023482321105030435, 0.0009554486396557852, -0.7348149977354652], [0.00023476660412358104, -0.9999999706806244, 5.9358158445961846e-05, 0.091024971548675], [0.0009554625503159964, -5.913382228334613e-05, -0.9999995417971477, 0.00019205264024425942], [0.0, 0.0, 0.0, 1.0]]}, "mean_rme": {"type": "float", "data": 0.0014464952524388234}, "max_rme": {"type": "float", "data": 0.004622572344050613}, "simu": {"type": "float", "data": 0.002}}, {"type": "dict", "image_number": {"type": "int", "data": 16}, "Hcamera2end": {"type": "ndarray", "data": [[0.999999945750259, 0.00026512368594874076, 0.0001954709958815917, -0.015513044964500613], [-0.0001953984647656597, -0.0002735729539078413, 0.999999943488638, 0.03000109281870832], [0.0002651771465439867, -0.9999999274336324, -0.00027352113430545444, 0.03199040548857259], [0.0, 0.0, 0.0, 1.0]]}, "Hobj2base": {"type": "ndarray", "data": [[0.99999955293473, 9.936028834722688e-05, 0.0009403498674817745, -0.7345881117628537], [9.927917546688067e-05, -0.999999991347591, 8.630447849065288e-05, 0.09115462921771231], [0.0009403584345833515, -8.621108274742392e-05, -0.9999995541467324, 0.00025929775933438565], [0.0, 0.0, 0.0, 1.0]]}, "mean_rme": {"type": "float", "data": 0.001423642597822515}, "max_rme": {"type": "float", "data": 0.004566677024099741}, "simu": {"type": "float", "data": 0.002}}, {"type": "dict", "image_number": {"type": "int", "data": 17}, "Hcamera2end": {"type": "ndarray", "data": [[-0.9957582803257956, -0.0031562258414107452, 0.09195371336195798, -79.22692522139215], [0.09200717944159888, -0.030300960689684464, 0.9952972072263059, -1726.5269152141964], [-0.00035509691148042505, 0.999535837286348, 0.03046282794592825, -26.297376905863338], [0.0, 0.0, 0.0, 1.0]]}, "Hobj2base": {"type": "ndarray", "data": [[-0.9990773944504421, -0.0009857636714984208, -0.04293469655302006, 34.835550559846354], [-0.0022807139346219855, 0.9995436156447747, 0.03012239644714988, -24.94399538476977], [0.04288540826510085, 0.030192527117728993, -0.9986236794028975, 1655.2023656704905], [0.0, 0.0, 0.0, 1.0]]}, "mean_rme": {"type": "float", "data": 167.59490384823687}, "max_rme": {"type": "float", "data": 1126.9586884465955}, "simu": {"type": "float", "data": 0.002}}, {"type": "dict", "image_number": {"type": "int", "data": 17}, "Hcamera2end": {"type": "ndarray", "data": [[0.9999999655271574, 0.00025943782808266315, -4.046847289410756e-05, -0.015513464900848956], [4.054154037351761e-05, -0.0002816386515862579, 0.9999999595180261, 0.028772971138477], [0.0002594264200939701, -0.9999999266858391, -0.00028164915988648787, 0.031992524236351835], [0.0, 0.0, 0.0, 1.0]]}, "Hobj2base": {"type": "ndarray", "data": [[0.9999995885711895, 8.55137994031329e-05, 0.0009030752137679753, -0.7345644939108096], [8.533926843144219e-05, -0.9999999776762161, 0.00019329970646019494, 0.0909931639729401], [0.0009030917234002422, -0.0001932225591530451, -0.9999995735450999, 0.0014181521996581552], [0.0, 0.0, 0.0, 1.0]]}, "mean_rme": {"type": "float", "data": 0.0013674127979315645}, "max_rme": {"type": "float", "data": 0.00447347648358587}, "simu": {"type": "float", "data": 0.002}}, {"type": "dict", "image_number": {"type": "int", "data": 18}, "Hcamera2end": {"type": "ndarray", "data": [[-0.9958172453218364, -0.0034743575710907207, 0.09130138421238598, -81.03212256142518], [0.09136500328825406, -0.03052866595201964, 0.995349404344689, -1776.3953999136927], [-0.0006708902792886828, 0.9995278532360458, 0.03071840672259807, -27.427381576985404], [0.0, 0.0, 0.0, 1.0]]}, "Hobj2base": {"type": "ndarray", "data": [[-0.9993144877453921, -0.0013489319092019278, -0.03699641827081191, 30.948674562897526], [-0.00260604742698781, 0.9994200587283083, 0.03395224187462605, -29.004717994721698], [0.03692916325849827, 0.034025381617392, -0.9987384594110802, 1707.0018907234864], [0.0, 0.0, 0.0, 1.0]]}, "mean_rme": {"type": "float", "data": 164.8670295242354}, "max_rme": {"type": "float", "data": 1155.389373460671}, "simu": {"type": "float", "data": 0.002}}, {"type": "dict", "image_number": {"type": "int", "data": 18}, "Hcamera2end": {"type": "ndarray", "data": [[0.9999999472750771, 0.00032350238563943866, 2.8214349609371222e-05, -0.015484749842457367], [-2.807697172538292e-05, -0.00042465470225883095, 0.9999999094400294, 0.028800928456582553], [0.000323514337699305, -0.9999998575072848, -0.000424645596901696, 0.03229246312445475], [0.0, 0.0, 0.0, 1.0]]}, "Hobj2base": {"type": "ndarray", "data": [[0.9999994888975282, 0.00015993296264215875, 0.000998311639635203, -0.7348187582688505], [0.0001596156536213266, -0.999999936725734, 0.0003179172400137189, 0.0909813014509386], [0.000998362421913837, -0.0003177577313605535, -0.9999994511510988, 0.0015010050175480554], [0.0, 0.0, 0.0, 1.0]]}, "mean_rme": {"type": "float", "data": 0.001380411196252858}, "max_rme": {"type": "float", "data": 0.004568910977672314}, "simu": {"type": "float", "data": 0.002}}, {"type": "dict", "image_number": {"type": "int", "data": 19}, "Hcamera2end": {"type": "ndarray", "data": [[0.9999999330209619, 0.0003575908591342834, -7.801826205953733e-05, -0.015223748051297658], [7.819285989998481e-05, -0.0004882735042537334, 0.9999998777374233, 0.028860924973916693], [0.00035755272116409195, -0.9999998168588644, -0.00048830143260159, 0.03257871263482875], [0.0, 0.0, 0.0, 1.0]]}, "Hobj2base": {"type": "ndarray", "data": [[0.9999994720914509, 0.00020751320170505757, 0.0010063573373940802, -0.7348373929874288], [0.0002073282252807149, -0.9999999615962916, 0.00018390873552723497, 0.09126452460553787], [0.0010063954622367567, -0.0001836999921594811, -0.9999994767111064, 0.0016184195276768404], [0.0, 0.0, 0.0, 1.0]]}, "mean_rme": {"type": "float", "data": 0.0014906446308763164}, "max_rme": {"type": "float", "data": 0.004772152247127126}, "simu": {"type": "float", "data": 0.002}}, {"type": "dict", "image_number": {"type": "int", "data": 20}, "Hcamera2end": {"type": "ndarray", "data": [[0.9999998483941368, -0.0005382291394528565, -0.0001162802516891509, -0.015144299727261477], [0.00011603777364609764, -0.00045052011092572286, 0.9999998917834265, 0.02880910086839823], [-0.0005382814677994327, -0.9999997536704812, -0.0004504575877131156, 0.03271245264691039], [0.0, 0.0, 0.0, 1.0]]}, "Hobj2base": {"type": "ndarray", "data": [[0.9999993165459832, -0.0006136904704877816, 0.0009951339473075655, -0.7346447236998037], [-0.0006138935654048858, -0.9999997908010383, 0.00020379541170191255, 0.09153391285513564], [0.0009950086718244864, -0.00020440617874408788, -0.9999994840877955, 0.0016589232264328595], [0.0, 0.0, 0.0, 1.0]]}, "mean_rme": {"type": "float", "data": 0.0014999748722778542}, "max_rme": {"type": "float", "data": 0.004761449419652841}, "simu": {"type": "float", "data": 0.002}}, {"type": "dict", "image_number": {"type": "int", "data": 21}, "Hcamera2end": {"type": "ndarray", "data": [[0.9999998688940975, -0.0004840771420565733, -0.0001669763705087353, -0.015070007367582235], [0.00016677416833913792, -0.00041771677976321087, 0.9999998988495293, 0.028855640048681137], [-0.0004841468419237279, -0.9999997955909854, -0.0004176359934353613, 0.03282138457370945], [0.0, 0.0, 0.0, 1.0]]}, "Hobj2base": {"type": "ndarray", "data": [[0.9999993904860086, -0.0005640051986801825, 0.0009491710841815855, -0.7348133268762148], [-0.0005641476424719875, -0.9999998296470762, 0.00014981073299437185, 0.09146441141791814], [0.0009490864284552893, -0.00015034611431207764, -0.9999995383153919, 0.0016671225869832368], [0.0, 0.0, 0.0, 1.0]]}, "mean_rme": {"type": "float", "data": 0.001497014785178543}, "max_rme": {"type": "float", "data": 0.004820895448436668}, "simu": {"type": "float", "data": 0.002}}, {"type": "dict", "image_number": {"type": "int", "data": 22}, "Hcamera2end": {"type": "ndarray", "data": [[-0.9902987110656929, 0.0013637539638488433, 0.13894820271149125, -139.04966232476687], [0.13885634212485426, 0.047366588886496364, 0.9891791154836231, -1993.7698897021855], [-0.005232505454655478, 0.9988766422498745, -0.04709643780885431, 47.50323906788419], [0.0, 0.0, 0.0, 1.0]]}, "Hobj2base": {"type": "ndarray", "data": [[-0.9993770201379442, -0.002510461295882389, 0.035203255592132075, -34.85428612830561], [-0.001197553749542982, 0.9993046390213123, 0.037266664668328314, -35.886690641104046], [-0.03527233314114701, 0.037201290495983474, -0.9986850987674809, 1922.944539619707], [0.0, 0.0, 0.0, 1.0]]}, "mean_rme": {"type": "float", "data": 188.69490666514085}, "max_rme": {"type": "float", "data": 1354.4081334335438}, "simu": {"type": "float", "data": 0.002}}, {"type": "dict", "image_number": {"type": "int", "data": 22}, "Hcamera2end": {"type": "ndarray", "data": [[-0.9896986837341408, 0.0021081866432521856, 0.14315051855995845, -143.20462750205837], [0.14303989523639796, 0.05652612959517078, 0.9881014042312406, -1991.8964308300122], [-0.00600864258115702, 0.9983988943413682, -0.05624539085351499, 56.668495573762065], [0.0, 0.0, 0.0, 1.0]]}, "Hobj2base": {"type": "ndarray", "data": [[-0.9990503455161635, -0.002747776691021651, 0.04348398380198415, -42.77863373185402], [-0.000994703826424101, 0.999187704004871, 0.04028576336340289, -38.75461264319681], [-0.04355935821763951, 0.04020425212251405, -0.9982415541455572, 1921.3833821926137], [0.0, 0.0, 0.0, 1.0]]}, "mean_rme": {"type": "float", "data": 188.97166397811023}, "max_rme": {"type": "float", "data": 1355.611865113128}, "simu": {"type": "float", "data": 0.002}}, {"type": "dict", "image_number": {"type": "int", "data": 22}, "Hcamera2end": {"type": "ndarray", "data": [[0.9999999218699832, -0.00038620852501905636, -8.427931410554343e-05, -0.015088148768637528], [8.412354186064069e-05, -0.0004033356435915181, 0.9999999151217904, 0.0289066581315113], [-0.0003862424850897645, -0.9999998440816547, -0.0004033031228498629, 0.03273678154501305], [0.0, 0.0, 0.0, 1.0]]}, "Hobj2base": {"type": "ndarray", "data": [[0.9999994606417274, -0.0004539597989896121, 0.0009341502850985868, -0.734913098615813], [-0.0004540208275922806, -0.9999998948122586, 6.511957953177862e-05, 0.09134833177206149], [0.0009341206251661936, -6.554366809453073e-05, -0.9999995615612463, 0.001640054737519406], [0.0, 0.0, 0.0, 1.0]]}, "mean_rme": {"type": "float", "data": 0.0015151769101150584}, "max_rme": {"type": "float", "data": 0.004855259121841593}, "simu": {"type": "float", "data": 0.002}}, {"type": "dict", "image_number": {"type": "int", "data": 23}, "Hcamera2end": {"type": "ndarray", "data": [[0.9999997808334301, -0.0006356929838279, -0.0001850068160152836, -0.01471241633996307], [0.00018479021291929344, -0.00034077723090453205, 0.9999999248617253, 0.029021562629279858], [-0.000635755982173486, -0.9999997398826208, -0.00034065968637575494, 0.03255922369471296], [0.0, 0.0, 0.0, 1.0]]}, "Hobj2base": {"type": "ndarray", "data": [[0.9999993891776462, -0.0006930149418167817, 0.0008610311405657757, -0.734629608596143], [-0.0006930204365043322, -0.9999997598428056, 6.083180332481804e-06, 0.09164135543255769], [0.0008610267180480887, -6.6798887936179915e-06, -0.999999629294116, 0.0015069950881865125], [0.0, 0.0, 0.0, 1.0]]}, "mean_rme": {"type": "float", "data": 0.0014924892891199912}, "max_rme": {"type": "float", "data": 0.004834998282253644}, "simu": {"type": "float", "data": 0.002}}, {"type": "dict", "image_number": {"type": "int", "data": 24}, "Hcamera2end": {"type": "ndarray", "data": [[0.9999997016780953, -0.0007435878142086648, -0.00020909539206796286, -0.014755305244169084], [0.0002087820671219776, -0.000421421787372811, 0.9999998894068566, 0.028975582452158862], [-0.0007436758493268077, -0.9999996347403531, -0.00042126641385253905, 0.032734364685645036], [0.0, 0.0, 0.0, 1.0]]}, "Hobj2base": {"type": "ndarray", "data": [[0.9999992854110886, -0.0007930663196633683, 0.0008945519128533589, -0.7347649320904973], [-0.0007930153485521891, -0.9999996839197562, -5.7332747067561926e-05, 0.09171549550659759], [0.0008945970987738857, 5.6623312701247176e-05, -0.9999995982448346, 0.0015127252768061723], [0.0, 0.0, 0.0, 1.0]]}, "mean_rme": {"type": "float", "data": 0.0014878888647366132}, "max_rme": {"type": "float", "data": 0.004809525181418417}, "simu": {"type": "float", "data": 0.002}}, {"type": "dict", "image_number": {"type": "int", "data": 25}, "Hcamera2end": {"type": "ndarray", "data": [[0.999999627987559, -0.0008371545466711121, -0.00020783890049575778, -0.014888608195409738], [0.00020752891188192306, -0.00037035824345688084, 0.9999999098832569, 0.02900030176004851], [-0.0008372314460795807, -0.9999995810034304, -0.0003701843719068343, 0.03291313070595044], [0.0, 0.0, 0.0, 1.0]]}, "Hobj2base": {"type": "ndarray", "data": [[0.99999927464472, -0.0008657847221206256, 0.0008373331766170514, -0.7350134012898241], [-0.0008657499178267852, -0.9999996243595239, -4.192721285790003e-05, 0.09167546837659052], [0.0008373691620211515, 4.120226131692496e-05, -0.9999996485575684, 0.0014542084880473905], [0.0, 0.0, 0.0, 1.0]]}, "mean_rme": {"type": "float", "data": 0.0014901069858694628}, "max_rme": {"type": "float", "data": 0.004766353644587773}, "simu": {"type": "float", "data": 0.002}}, {"type": "dict", "image_number": {"type": "int", "data": 26}, "Hcamera2end": {"type": "ndarray", "data": [[0.9999995988329498, -0.0008947127237118812, -4.269756061917577e-05, -0.014791736347834386], [4.240816578330464e-05, -0.0003234664812850063, 0.99999994678549, 0.029279924495897242], [-0.0008947264873298752, -0.9999995474291862, -0.00032342840839527653, 0.032928141457064755], [0.0, 0.0, 0.0, 1.0]]}, "Hobj2base": {"type": "ndarray", "data": [[0.9999992773874604, -0.0008872541963828253, 0.0008111747949283233, -0.7349998502747908], [-0.0008872430110114128, -0.9999996062997467, -1.4148852020847998e-05, 0.09182054564077946], [0.000811187029196931, 1.3429132629201338e-05, -0.9999996708975765, 0.001294659654699687], [0.0, 0.0, 0.0, 1.0]]}, "mean_rme": {"type": "float", "data": 0.0014926077027158178}, "max_rme": {"type": "float", "data": 0.004872954203959279}, "simu": {"type": "float", "data": 0.002}}, {"type": "dict", "image_number": {"type": "int", "data": 27}, "Hcamera2end": {"type": "ndarray", "data": [[0.999999173012071, -0.0012854810966684608, -3.89040395887679e-05, -0.014796247316283533], [3.857549250159832e-05, -0.00025560678383174107, 0.9999999665885513, 0.02932331401417939], [-0.0012854909978551122, -0.9999991411013924, -0.0002555569843816219, 0.03286662043391074], [0.0, 0.0, 0.0, 1.0]]}, "Hobj2base": {"type": "ndarray", "data": [[0.9999987997756197, -0.0012969324723672965, 0.0008475927572530832, -0.7349920125457616], [-0.0012966858000481168, -0.9999991168130447, -0.0002915116925369974, 0.09177120749606606], [0.0008479700796503425, 0.00029041228116500316, -0.9999995983036449, 0.0013055648659211802], [0.0, 0.0, 0.0, 1.0]]}, "mean_rme": {"type": "float", "data": 0.0015257289105499133}, "max_rme": {"type": "float", "data": 0.00500119751450101}, "simu": {"type": "float", "data": 0.002}}, {"type": "dict", "image_number": {"type": "int", "data": 28}, "Hcamera2end": {"type": "ndarray", "data": [[0.999999044979904, -0.0013580967723004168, -0.00025614924757027613, -0.014706717211167678], [0.00025575491032319537, -0.0002905259172936159, 0.9999999250920558, 0.029495779584769514], [-0.0013581710885632939, -0.9999990355834593, -0.0002901782999173985, 0.032872516340191546], [0.0, 0.0, 0.0, 1.0]]}, "Hobj2base": {"type": "ndarray", "data": [[0.9999986728491269, -0.001380563039970639, 0.0008650697529792227, -0.7349998423266306], [-0.0013803745665888461, -0.9999990234267342, -0.00021842993064598906, 0.09173417167688662], [0.0008653704644643018, 0.00021723552047117807, -0.9999996019712651, 0.001255751702649666], [0.0, 0.0, 0.0, 1.0]]}, "mean_rme": {"type": "float", "data": 0.00152827987874909}, "max_rme": {"type": "float", "data": 0.005117350155457778}, "simu": {"type": "float", "data": 0.002}}, {"type": "dict", "image_number": {"type": "int", "data": 29}, "Hcamera2end": {"type": "ndarray", "data": [[0.9999995130264131, -0.0009604111819818767, -0.0002270623224393717, -0.014795774814919872], [0.00022669352267256553, -0.0003840933801364521, 0.9999999005411563, 0.029410912040702755], [-0.0009604982995954181, -0.9999994650411755, -0.0003838754740990158, 0.03292108550026007], [0.0, 0.0, 0.0, 1.0]]}, "Hobj2base": {"type": "ndarray", "data": [[0.9999992643716633, -0.0009503966837129597, 0.0007536592571588081, -0.7350534035444698], [-0.0009501222985294134, -0.9999994822599967, -0.0003643451061498866, 0.09157958343948476], [0.0007540051393398736, 0.00036362876966158247, -0.9999996496251224, 0.0014090780598520203], [0.0, 0.0, 0.0, 1.0]]}, "mean_rme": {"type": "float", "data": 0.0015041315209909408}, "max_rme": {"type": "float", "data": 0.005170081766224688}, "simu": {"type": "float", "data": 0.002}}, {"type": "dict", "image_number": {"type": "int", "data": 30}, "Hcamera2end": {"type": "ndarray", "data": [[0.9999992562880796, -0.001213842607428434, -0.00011836136214023272, -0.014703771388100067], [0.00011789862470071549, -0.0003812814719601487, 0.9999999203621736, 0.029464112184688026], [-0.0012138876397550272, -0.9999991906049542, -0.00038113807802253596, 0.03287881051249265], [0.0, 0.0, 0.0, 1.0]]}, "Hobj2base": {"type": "ndarray", "data": [[0.9999989930350623, -0.0012131938725236297, 0.0007362672673709494, -0.7350785281114368], [-0.0012130181874285555, -0.9999992357289211, -0.00023901558668528193, 0.09167566115220808], [0.0007365566769083747, 0.0002381222404188373, -0.9999997003909855, 0.0012653614450321908], [0.0, 0.0, 0.0, 1.0]]}, "mean_rme": {"type": "float", "data": 0.0015346715342757107}, "max_rme": {"type": "float", "data": 0.005044961550883742}, "simu": {"type": "float", "data": 0.002}}]}