{"type": "list", "data": [{"type": "dict", "image_number": {"type": "int", "data": 5}, "Hcamera2end": {"type": "ndarray", "data": [[0.9999990081237334, 0.0011209706974549972, 0.0008527462957225878, -0.013261946842265879], [-0.0008540093736400228, 0.0011267762400589687, 0.9999990005211479, 0.021030252632655795], [0.0011200087228036726, -0.9999987368992025, 0.001127732441919549, 0.038944253102205714], [0.0, 0.0, 0.0, 1.0]]}, "Hobj2base": {"type": "ndarray", "data": [[0.9999977653666756, 0.0005797407276325065, 0.0020330180382655996, -0.7401038140854481], [0.0005807122384725783, -0.9999997174748678, -0.00047730857976316984, 0.0919173261379091], [0.0020327407486635724, 0.0004784881116093678, -0.9999978195047106, 0.0011186612087745295], [0.0, 0.0, 0.0, 1.0]]}, "mean_rme": {"type": "float", "data": 0.0012813408760443687}, "max_rme": {"type": "float", "data": 0.0034834392143087145}, "simu": {"type": "float", "data": 0.002}}, {"type": "dict", "image_number": {"type": "int", "data": 6}, "Hcamera2end": {"type": "ndarray", "data": [[0.9999936555049189, 0.0035393102595987595, 0.00040278132497932996, -0.014032867331376389], [-0.00040834335509226834, 0.0015709190613462098, 0.999998682733636, 0.02016993880703547], [0.003538672860523438, -0.9999925027199901, 0.0015723543484840175, 0.038314129980876355], [0.0, 0.0, 0.0, 1.0]]}, "Hobj2base": {"type": "ndarray", "data": [[0.9999929092643118, 0.0031129151014922967, 0.002119240587731208, -0.7406111986957388], [0.00311495982142604, -0.9999946855647404, -0.0009622201342077151, 0.09007232980965164], [0.0021162340155775703, 0.0009688146606417876, -0.9999972914722042, 0.0016397415045811454], [0.0, 0.0, 0.0, 1.0]]}, "mean_rme": {"type": "float", "data": 0.0014772823066551571}, "max_rme": {"type": "float", "data": 0.0037914998006578493}, "simu": {"type": "float", "data": 0.002}}, {"type": "dict", "image_number": {"type": "int", "data": 7}, "Hcamera2end": {"type": "ndarray", "data": [[0.9999961072502803, 0.0027541097402710643, 0.00044762017875712556, -0.013813657574192496], [-0.0004520829374305708, 0.001619990614534328, 0.9999985856247128, 0.020134081320032228], [0.002753380704437847, -0.9999948952419441, 0.001621229394337731, 0.03855461240998429], [0.0, 0.0, 0.0, 1.0]]}, "Hobj2base": {"type": "ndarray", "data": [[0.9999952599163798, 0.0024956639529859328, 0.0018032765194648782, -0.740387276540123], [0.0024971513107646176, -0.9999965434239377, -0.0008230282538019889, 0.09001837535907158], [0.001801216284357126, 0.000827527406903497, -0.9999980354072135, 0.0017194666563514443], [0.0, 0.0, 0.0, 1.0]]}, "mean_rme": {"type": "float", "data": 0.0014302229642803137}, "max_rme": {"type": "float", "data": 0.003925577450966361}, "simu": {"type": "float", "data": 0.002}}, {"type": "dict", "image_number": {"type": "int", "data": 8}, "Hcamera2end": {"type": "ndarray", "data": [[0.9999960709244554, 0.0024948083309270248, 0.0012783063183039842, -0.014748727355782835], [-0.0012809004338258719, 0.001038484878384649, 0.9999986404206938, 0.02004412611359413], [0.002493477437255743, -0.9999963487336088, 0.0010416763991725198, 0.03823033981521419], [0.0, 0.0, 0.0, 1.0]]}, "Hobj2base": {"type": "ndarray", "data": [[0.9999954866862167, 0.0022600120686179508, 0.0019796344729042788, -0.7397926468424997], [0.002259696556667436, -0.9999974338249877, 0.00016160108747896357, 0.08976747010574901], [0.0019799946132237644, -0.00015712698492066607, -0.9999980274642759, 0.0016178663096802631], [0.0, 0.0, 0.0, 1.0]]}, "mean_rme": {"type": "float", "data": 0.001411975467895348}, "max_rme": {"type": "float", "data": 0.004025495128249124}, "simu": {"type": "float", "data": 0.002}}, {"type": "dict", "image_number": {"type": "int", "data": 9}, "Hcamera2end": {"type": "ndarray", "data": [[0.9999951805653606, 0.002461045048212164, 0.0018926445314304684, -0.014341232374960806], [-0.0018951196078799489, 0.0010037586254185715, 0.9999977004925028, 0.020129280488399202], [0.0024591396307473514, -0.999996467856708, 0.001008417762596192, 0.035305741433734265], [0.0, 0.0, 0.0, 1.0]]}, "Hobj2base": {"type": "ndarray", "data": [[0.9999955878121408, 0.0022424327319396954, 0.0019482945603206893, -0.7368553274587567], [0.0022408443460421685, -0.9999971555020284, 0.0008170706631373608, 0.09073172960928061], [0.0019501212444000917, -0.0008127012332181814, -0.9999977682694283, 0.001667061364568228], [0.0, 0.0, 0.0, 1.0]]}, "mean_rme": {"type": "float", "data": 0.0015128313264940988}, "max_rme": {"type": "float", "data": 0.004024162654583163}, "simu": {"type": "float", "data": 0.002}}, {"type": "dict", "image_number": {"type": "int", "data": 10}, "Hcamera2end": {"type": "ndarray", "data": [[0.9999932869763465, 0.003060584297239307, 0.002014652824137907, -0.01459045788591749], [-0.0020177893532311838, 0.0010220719039095716, 0.999997441944303, 0.020039353554837592], [0.003058517348046525, -0.9999947940828406, 0.001028240657126367, 0.035028648675392654], [0.0, 0.0, 0.0, 1.0]]}, "Hobj2base": {"type": "ndarray", "data": [[0.9999937892130983, 0.0028325337713409012, 0.002097209494461956, -0.7369430018127975], [0.002830539365946181, -0.9999955395861511, 0.0009533387122066889, 0.090383885041211], [0.0020999005041375347, -0.0009473965571903917, -0.9999973464252974, 0.0017865950046706991], [0.0, 0.0, 0.0, 1.0]]}, "mean_rme": {"type": "float", "data": 0.0014842268614567043}, "max_rme": {"type": "float", "data": 0.004023448733028179}, "simu": {"type": "float", "data": 0.002}}, {"type": "dict", "image_number": {"type": "int", "data": 11}, "Hcamera2end": {"type": "ndarray", "data": [[0.9999918404441795, 0.0032707181392407332, 0.0023709592818344847, -0.015183965919615123], [-0.002373567292223735, 0.0007937305136881401, 0.999996868080186, 0.020105690090988237], [0.003268825992885083, -0.9999943361813232, 0.0008014873067970774, 0.03511114894377386], [0.0, 0.0, 0.0, 1.0]]}, "Hobj2base": {"type": "ndarray", "data": [[0.9999930314450719, 0.0030579916147737405, 0.002141436102122325, -0.7368306458376472], [0.0030550087913911957, -0.9999943607161579, 0.001394796460866103, 0.09002228898532567], [0.0021456893018379597, -0.0013882446350321658, -0.9999967343917946, 0.0018730600397166765], [0.0, 0.0, 0.0, 1.0]]}, "mean_rme": {"type": "float", "data": 0.0014447402808722208}, "max_rme": {"type": "float", "data": 0.003902989212577812}, "simu": {"type": "float", "data": 0.002}}, {"type": "dict", "image_number": {"type": "int", "data": 12}, "Hcamera2end": {"type": "ndarray", "data": [[0.9999927305764037, 0.0034075941490721564, 0.0017108759345354394, -0.014948153844940842], [-0.0017148282166154797, 0.0011572614810033688, 0.9999978600527364, 0.020049710128672595], [0.0034056069261825684, -0.9999935245030238, 0.0011630965069769905, 0.03455228361538429], [0.0, 0.0, 0.0, 1.0]]}, "Hobj2base": {"type": "ndarray", "data": [[0.999993769888867, 0.0031959331173045495, 0.0014987311171018379, -0.736633512063441], [0.003194507035934451, -0.9999944434841121, 0.0009529562938325875, 0.0897327720932895], [0.0015017683739573778, -0.0009481626497104164, -0.9999984228384264, 0.001862973113682979], [0.0, 0.0, 0.0, 1.0]]}, "mean_rme": {"type": "float", "data": 0.001409964335451855}, "max_rme": {"type": "float", "data": 0.003942388321217516}, "simu": {"type": "float", "data": 0.002}}, {"type": "dict", "image_number": {"type": "int", "data": 13}, "Hcamera2end": {"type": "ndarray", "data": [[0.9999924253886545, 0.003354056923320403, 0.0019747069330166866, -0.014998670571347876], [-0.0019789946933824534, 0.0012755429261001039, 0.9999972282812822, 0.019950399474731564], [0.0033515288033585185, -0.9999935616254728, 0.0012821709252107683, 0.03477101667429442], [0.0, 0.0, 0.0, 1.0]]}, "Hobj2base": {"type": "ndarray", "data": [[0.9999940208848317, 0.003144227124070915, 0.001439454889526631, -0.7368691510683585], [0.0031424948987658513, -0.9999943374496967, 0.001204074064658261, 0.08982047105321578], [0.0014432326208743988, -0.0011995433857134162, -0.9999982390860835, 0.0017131055731373422], [0.0, 0.0, 0.0, 1.0]]}, "mean_rme": {"type": "float", "data": 0.0014084021753866115}, "max_rme": {"type": "float", "data": 0.004252261412457492}, "simu": {"type": "float", "data": 0.002}}, {"type": "dict", "image_number": {"type": "int", "data": 14}, "Hcamera2end": {"type": "ndarray", "data": [[0.9999936312163007, 0.0033862051691299837, 0.0011274490630627557, -0.014053550273686002], [-0.0011318804753470755, 0.001307035047706795, 0.9999985052518694, 0.01986526825859024], [0.0033847264921662117, -0.9999934126152712, 0.001310859502999695, 0.034586800109886566], [0.0, 0.0, 0.0, 1.0]]}, "Hobj2base": {"type": "ndarray", "data": [[0.9999943267381258, 0.003186074203306828, 0.0010933538921162255, -0.7365614091819104], [0.003185628337229743, -0.9999948421110678, 0.0004092961732083007, 0.09017397072108767], [0.0010946523006972577, -0.00040581083202258017, -0.9999993185267224, 0.0017277204360461556], [0.0, 0.0, 0.0, 1.0]]}, "mean_rme": {"type": "float", "data": 0.001345022813515903}, "max_rme": {"type": "float", "data": 0.004238184203134154}, "simu": {"type": "float", "data": 0.002}}, {"type": "dict", "image_number": {"type": "int", "data": 15}, "Hcamera2end": {"type": "ndarray", "data": [[0.9999950917854585, 0.003033062551315734, 0.0007854530872412585, -0.014326363548945124], [-0.0007892688333468391, 0.0012570586240805426, 0.9999988984285555, 0.019927577303491872], [0.0030320718496035107, -0.9999946101530626, 0.0012594463559084668, 0.03440251690545273], [0.0, 0.0, 0.0, 1.0]]}, "Hobj2base": {"type": "ndarray", "data": [[0.9999954471744467, 0.0028642512304746437, 0.0009495763618966926, -0.7366520254389999], [0.00286415046503703, -0.9999958925388932, 0.00010745909292149275, 0.08972683804913495], [0.000949880251387844, -0.000104738874100474, -0.9999995433785343, 0.001759448203908409], [0.0, 0.0, 0.0, 1.0]]}, "mean_rme": {"type": "float", "data": 0.0014038141314419458}, "max_rme": {"type": "float", "data": 0.004111093993650949}, "simu": {"type": "float", "data": 0.002}}, {"type": "dict", "image_number": {"type": "int", "data": 16}, "Hcamera2end": {"type": "ndarray", "data": [[0.9999950612695618, 0.0031250109385869843, 0.0003342800008917736, -0.014366660237611692], [-0.0003381636434890776, 0.0012423155128181707, 0.9999991711484151, 0.02000311694318132], [0.0031245930671859818, -0.9999943454634135, 0.001243366142441693, 0.03430392425224041], [0.0, 0.0, 0.0, 1.0]]}, "Hobj2base": {"type": "ndarray", "data": [[0.9999953362613366, 0.0029420905175663, 0.0008194870118683281, -0.7366557879134016], [0.0029423608706459236, -0.9999956171606055, -0.00032889525250562644, 0.0893856294034832], [0.0008185157805846995, 0.0003313049451418451, -0.9999996101343993, 0.0018492254393470894], [0.0, 0.0, 0.0, 1.0]]}, "mean_rme": {"type": "float", "data": 0.0014131235132484946}, "max_rme": {"type": "float", "data": 0.0040163078095992455}, "simu": {"type": "float", "data": 0.002}}, {"type": "dict", "image_number": {"type": "int", "data": 17}, "Hcamera2end": {"type": "ndarray", "data": [[0.9999939557891409, 0.003438402411307164, 0.0005155327765723719, -0.014678268717735126], [-0.000519327692721478, 0.0011028843703041469, 0.9999992569721305, 0.01996151506044854], [0.003437831283436685, -0.9999934804962098, 0.00110466336182935, 0.03414856280553833], [0.0, 0.0, 0.0, 1.0]]}, "Hobj2base": {"type": "ndarray", "data": [[0.999994355748642, 0.003263606591602206, 0.0007983375687225593, -0.7363881118605787], [0.003263705189562694, -0.9999946666296009, -0.00012223251748579703, 0.08931740568723992], [0.0007979343920428273, 0.0001248373660408069, -0.9999996738581156, 0.0019465449459407352], [0.0, 0.0, 0.0, 1.0]]}, "mean_rme": {"type": "float", "data": 0.0014603273145073978}, "max_rme": {"type": "float", "data": 0.003913671800069879}, "simu": {"type": "float", "data": 0.002}}, {"type": "dict", "image_number": {"type": "int", "data": 18}, "Hcamera2end": {"type": "ndarray", "data": [[0.9999941953764282, 0.003331033380973141, 0.0007165403441828583, -0.015226126201144965], [-0.0007200350038478098, 0.0010480409528779155, 0.9999991915795503, 0.02002243934398256], [0.0033302797244725447, -0.9999939028948006, 0.0010504333300279667, 0.03367335471561402], [0.0, 0.0, 0.0, 1.0]]}, "Hobj2base": {"type": "ndarray", "data": [[0.9999946325010002, 0.0031772946197332484, 0.0007998550425166882, -0.7357471140230061], [0.0031772271794487483, -0.9999949489396693, 8.557218215394714e-05, 0.08908488924151708], [0.0008001228904345693, -8.303040166464185e-05, -0.999999676454604, 0.002044564095791975], [0.0, 0.0, 0.0, 1.0]]}, "mean_rme": {"type": "float", "data": 0.0015610535433103793}, "max_rme": {"type": "float", "data": 0.0038322996676598553}, "simu": {"type": "float", "data": 0.002}}, {"type": "dict", "image_number": {"type": "int", "data": 19}, "Hcamera2end": {"type": "ndarray", "data": [[0.9999946399976325, 0.0032218020538112937, 0.000583067347282458, -0.01550162521348167], [-0.0005863431390830524, 0.001015906643644704, 0.9999993120674708, 0.019946978001285417], [0.0032212074954370614, -0.9999942939463293, 0.001017790279912334, 0.0339731865861568], [0.0, 0.0, 0.0, 1.0]]}, "Hobj2base": {"type": "ndarray", "data": [[0.9999949828309537, 0.003090268525410639, 0.0006960986722256708, -0.7362077021537262], [0.00309029750223008, -0.9999952241968864, -4.055572814856421e-05, 0.08903761775928186], [0.0006959700197052417, 4.270667666170496e-05, -0.9999997569009063, 0.0021557641400596203], [0.0, 0.0, 0.0, 1.0]]}, "mean_rme": {"type": "float", "data": 0.0016446299391256179}, "max_rme": {"type": "float", "data": 0.0039369726027236734}, "simu": {"type": "float", "data": 0.002}}, {"type": "dict", "image_number": {"type": "int", "data": 20}, "Hcamera2end": {"type": "ndarray", "data": [[0.9999960084280912, 0.0027490328541881224, 0.0006526455788672737, -0.015297373346231893], [-0.000655560863867577, 0.001059709043949475, 0.9999992236280468, 0.019826840299849054], [0.002748339105493696, -0.9999956599081363, 0.0010615069723972637, 0.034016194494448176], [0.0, 0.0, 0.0, 1.0]]}, "Hobj2base": {"type": "ndarray", "data": [[0.9999963325923584, 0.0026414412731337036, 0.0005979881552434368, -0.736186389777856], [0.002641310069926384, -0.9999964875143155, 0.00022009122127457985, 0.08941764091557405], [0.0005985674128543312, -0.00021851094197421192, -0.9999997969849894, 0.002416445057346686], [0.0, 0.0, 0.0, 1.0]]}, "mean_rme": {"type": "float", "data": 0.0016306809862287218}, "max_rme": {"type": "float", "data": 0.0040591263484813095}, "simu": {"type": "float", "data": 0.002}}, {"type": "dict", "image_number": {"type": "int", "data": 21}, "Hcamera2end": {"type": "ndarray", "data": [[0.9999964333530028, 0.002623889319169715, 0.0004984838152960237, -0.014990326224879929], [-0.0005011129853398179, 0.0010014505128885798, 0.9999993729911264, 0.01983578750104044], [0.0026233884670953337, -0.9999960561430784, 0.0010027618060780563, 0.03413108530130529], [0.0, 0.0, 0.0, 1.0]]}, "Hobj2base": {"type": "ndarray", "data": [[0.9999966107658818, 0.002535076818031474, 0.0005931629424401321, -0.7361646958080894], [0.0025350417746318526, -0.9999967849870204, 5.982326656362092e-05, 0.08967816246726426], [0.0005933126919898177, -5.831937097031554e-05, -0.999999822289434, 0.0024490588438148947], [0.0, 0.0, 0.0, 1.0]]}, "mean_rme": {"type": "float", "data": 0.0016114085344492905}, "max_rme": {"type": "float", "data": 0.004249689547695737}, "simu": {"type": "float", "data": 0.002}}, {"type": "dict", "image_number": {"type": "int", "data": 22}, "Hcamera2end": {"type": "ndarray", "data": [[0.9999962956788991, 0.0026639174910325428, 0.0005587236174368153, -0.014966859886680114], [-0.0005613105219940909, 0.0009704416150208006, 0.9999993715865876, 0.019787332000503505], [0.0026633736083414056, -0.9999959808852599, 0.0009719333051108059, 0.0339697619377409], [0.0, 0.0, 0.0, 1.0]]}, "Hobj2base": {"type": "ndarray", "data": [[0.9999965013740099, 0.002581074177153363, 0.0005790473485942769, -0.7360827739291892], [0.002580989134855787, -0.9999966583542306, 0.0001475650960970575, 0.0898521934071527], [0.0005794262900821395, -0.0001460700649066882, -0.9999998214643391, 0.0024900987564134207], [0.0, 0.0, 0.0, 1.0]]}, "mean_rme": {"type": "float", "data": 0.0016153107734792043}, "max_rme": {"type": "float", "data": 0.0042132177997215026}, "simu": {"type": "float", "data": 0.002}}, {"type": "dict", "image_number": {"type": "int", "data": 23}, "Hcamera2end": {"type": "ndarray", "data": [[0.9999966307175054, 0.0025365850012078364, 0.000551625025466222, -0.014917652343340807], [-0.0005536089253683372, 0.0007814788818123475, 0.9999995414038523, 0.019926925253851237], [0.0025361527546316457, -0.9999964775074404, 0.0007828805248859538, 0.03411070440658884], [0.0, 0.0, 0.0, 1.0]]}, "Hobj2base": {"type": "ndarray", "data": [[0.9999968950616321, 0.0024322746545622225, 0.0005421319948754038, -0.7359277686330506], [0.0024321773812022124, -0.9999970260495488, 0.0001800145674744224, 0.0898350554073767], [0.0005425682274716331, -0.00017869544736472308, -0.9999998368438145, 0.002557250462530409], [0.0, 0.0, 0.0, 1.0]]}, "mean_rme": {"type": "float", "data": 0.0016739266972937428}, "max_rme": {"type": "float", "data": 0.005140780577634285}, "simu": {"type": "float", "data": 0.002}}, {"type": "dict", "image_number": {"type": "int", "data": 24}, "Hcamera2end": {"type": "ndarray", "data": [[0.9999975296529829, 0.002183072855330796, 0.000418187565257431, -0.015113878945772055], [-0.00041986355170687965, 0.0007673171356665787, 0.999999617469432, 0.01976238654285973], [0.0021827511377539533, -0.9999973227050764, 0.0007682318328496862, 0.03409425860558218], [0.0, 0.0, 0.0, 1.0]]}, "Hobj2base": {"type": "ndarray", "data": [[0.999997677663347, 0.0020939192255516187, 0.0005100688086136944, -0.7357341200516472], [0.002093874596951056, -0.9999978039689816, 8.801355808923311e-05, 0.08973651266506684], [0.0005102519817681614, -8.694533357106789e-05, -0.9999998660417029, 0.002464653229609181], [0.0, 0.0, 0.0, 1.0]]}, "mean_rme": {"type": "float", "data": 0.0017713047008583993}, "max_rme": {"type": "float", "data": 0.0061071090879273315}, "simu": {"type": "float", "data": 0.002}}, {"type": "dict", "image_number": {"type": "int", "data": 25}, "Hcamera2end": {"type": "ndarray", "data": [[0.9999972934626976, 0.0022780730234899247, 0.0004727055944849086, -0.014985279003467411], [-0.00047430943043934694, 0.0007035430217267047, 0.9999996400288256, 0.019870916283646012], [0.002277739634726972, -0.9999971577012188, 0.0007046216290795826, 0.03431161542991914], [0.0, 0.0, 0.0, 1.0]]}, "Hobj2base": {"type": "ndarray", "data": [[0.9999974577555878, 0.002190476039414147, 0.0005350673622970638, -0.735983366426226], [0.0021903814760637834, -0.9999975854021268, 0.00017725378770842653, 0.0897093767393739], [0.0005354543404994196, -0.00017608133544715337, -0.9999998411419935, 0.0023730130404565064], [0.0, 0.0, 0.0, 1.0]]}, "mean_rme": {"type": "float", "data": 0.001770516460397431}, "max_rme": {"type": "float", "data": 0.006109352415422098}, "simu": {"type": "float", "data": 0.002}}, {"type": "dict", "image_number": {"type": "int", "data": 26}, "Hcamera2end": {"type": "ndarray", "data": [[0.9999953222534483, 0.0030364140048791573, 0.0003683221592576608, -0.015071895926925715], [-0.00037069783181677076, 0.0007818684845678492, 0.9999996256323251, 0.019196727000299202], [0.0030361248886554147, -0.9999950844237506, 0.0007829904192734327, 0.034225751668086925], [0.0, 0.0, 0.0, 1.0]]}, "Hobj2base": {"type": "ndarray", "data": [[0.9999954481223604, 0.002971754361871299, 0.0005219296621026425, -0.7361037835200285], [0.002971630003827774, -0.99999555616586, 0.0002388799971647131, 0.08943773234666651], [0.0005226372354073294, -0.00023732792796840358, -0.9999998352628738, 0.0029815643784317993], [0.0, 0.0, 0.0, 1.0]]}, "mean_rme": {"type": "float", "data": 0.001788227624010293}, "max_rme": {"type": "float", "data": 0.006023573240677926}, "simu": {"type": "float", "data": 0.002}}, {"type": "dict", "image_number": {"type": "int", "data": 27}, "Hcamera2end": {"type": "ndarray", "data": [[0.9999938068517575, 0.0034853058261011373, 0.0004887754376785233, -0.014991740692889171], [-0.0004916981934740578, 0.0008377862370346767, 0.9999995281734423, 0.01949430280320333], [0.0034848946923065997, -0.9999935753581216, 0.0008394947670786745, 0.03422396375076877], [0.0, 0.0, 0.0, 1.0]]}, "Hobj2base": {"type": "ndarray", "data": [[0.9999938594809713, 0.003462570618547059, 0.0005400046880280183, -0.7361522949025117], [0.0034623855601851163, -0.9999939470121642, 0.00034325685060714294, 0.08952653624442745], [0.0005411899704717377, -0.0003413850383976596, -0.9999997952848148, 0.0027828128711779496], [0.0, 0.0, 0.0, 1.0]]}, "mean_rme": {"type": "float", "data": 0.0017752862139217547}, "max_rme": {"type": "float", "data": 0.006146032098292786}, "simu": {"type": "float", "data": 0.002}}, {"type": "dict", "image_number": {"type": "int", "data": 28}, "Hcamera2end": {"type": "ndarray", "data": [[0.9999923072628418, 0.0039060490483884946, 0.00035804464769621227, -0.015126746215141536], [-0.0003615079463471947, 0.0008859800642774252, 0.9999995421755602, 0.0193482886987409], [0.003905730039683798, -0.9999919788779091, 0.0008873853164353962, 0.03416683327844587], [0.0, 0.0, 0.0, 1.0]]}, "Hobj2base": {"type": "ndarray", "data": [[0.9999922756454455, 0.003899152727100531, 0.0004952347466089032, -0.7362590114460333], [0.0038989996232190096, -0.9999923509009541, 0.0003097442832216435, 0.08929094292330993], [0.0004964386987759029, -0.0003078109705565456, -0.9999998294004977, 0.002845366787013508], [0.0, 0.0, 0.0, 1.0]]}, "mean_rme": {"type": "float", "data": 0.0017908753277218583}, "max_rme": {"type": "float", "data": 0.006039378177657206}, "simu": {"type": "float", "data": 0.002}}, {"type": "dict", "image_number": {"type": "int", "data": 29}, "Hcamera2end": {"type": "ndarray", "data": [[0.9999915344835629, 0.004102746890248735, 0.00031373422480679663, -0.015113641637765352], [-0.0003175537143258614, 0.0009303408076044573, 0.9999995168126935, 0.01921766190753178], [0.004102453028101435, -0.9999911509278153, 0.0009316357743029968, 0.03414684967210817], [0.0, 0.0, 0.0, 1.0]]}, "Hobj2base": {"type": "ndarray", "data": [[0.9999914429753124, 0.0041104457812186496, 0.0004671312793212177, -0.7363065205851957], [0.004110256506966876, -0.999991470674815, 0.0004054245515913039, 0.08930636115592955], [0.0004687937706443233, -0.00040350105298296926, -0.9999998087096318, 0.0029856360001548], [0.0, 0.0, 0.0, 1.0]]}, "mean_rme": {"type": "float", "data": 0.0017627483783127173}, "max_rme": {"type": "float", "data": 0.006022385830850685}, "simu": {"type": "float", "data": 0.002}}, {"type": "dict", "image_number": {"type": "int", "data": 30}, "Hcamera2end": {"type": "ndarray", "data": [[0.999990477111019, 0.004351639326373666, 0.00033003401315701616, -0.01513132809633424], [-0.0003343592844131573, 0.0009932506145239328, 0.9999994508283917, 0.019475889099324906], [0.004351309130090518, -0.9999900382945769, 0.0009946961669198284, 0.03415452299964805], [0.0, 0.0, 0.0, 1.0]]}, "Hobj2base": {"type": "ndarray", "data": [[0.9999902436398039, 0.004393691460750202, 0.0004561803955670776, -0.7363407655707093], [0.00439350328200846, -0.9999902633583151, 0.0004126953825396459, 0.08928281748078752], [0.00045798921008017776, -0.00041068712606973074, -0.9999998107909662, 0.0027390940037486395], [0.0, 0.0, 0.0, 1.0]]}, "mean_rme": {"type": "float", "data": 0.0017341166889539587}, "max_rme": {"type": "float", "data": 0.006047468712897408}, "simu": {"type": "float", "data": 0.002}}]}