{"type": "list", "data": [{"type": "dict", "image_number": {"type": "int", "data": 5}, "Hcamera2end": {"type": "ndarray", "data": [[0.999984075589972, 0.005450247989294969, -0.0014640229930781568, -0.0195911906240755], [0.0014566000849843808, 0.0013656599267256597, 0.9999980066425915, 0.032968941613052756], [0.005452236482536215, -0.9999842147603228, 0.001357699347712571, 0.03866199922048889], [0.0, 0.0, 0.0, 1.0]]}, "Hobj2base": {"type": "ndarray", "data": [[0.9999875044801076, 0.004828480312242759, -0.0012948596529732304, -0.7416232007659697], [0.004832148877019061, -0.9999842775393681, 0.0028451733336890927, 0.08348298331876816], [-0.0012811014311666763, -0.002851394736387117, -0.9999951141516545, -0.0012398871790760603], [0.0, 0.0, 0.0, 1.0]]}, "mean_rme": {"type": "float", "data": 0.0016289580743340695}, "max_rme": {"type": "float", "data": 0.0036380434738708667}, "simu": {"type": "float", "data": 0.002}}, {"type": "dict", "image_number": {"type": "int", "data": 6}, "Hcamera2end": {"type": "ndarray", "data": [[0.9999886642890963, 0.004738009694789245, -0.00047175994011402524, -0.018771356104399426], [0.0004650355086788689, 0.0014202537704864904, 0.9999988833099779, 0.03265772169791267], [0.004738674422734806, -0.9999877669968563, 0.001418034328151796, 0.038671256664904466], [0.0, 0.0, 0.0, 1.0]]}, "Hobj2base": {"type": "ndarray", "data": [[0.9999910826374869, 0.004145477317228276, -0.0008060169471667692, -0.741127241761918], [0.004147962131148357, -0.999986573513924, 0.0031059945331737174, 0.08461742475761795], [-0.0007931302953067443, -0.003109310163668413, -0.9999948515540673, -0.0013914675256514464], [0.0, 0.0, 0.0, 1.0]]}, "mean_rme": {"type": "float", "data": 0.0016325389652217142}, "max_rme": {"type": "float", "data": 0.0030582227517934046}, "simu": {"type": "float", "data": 0.002}}, {"type": "dict", "image_number": {"type": "int", "data": 7}, "Hcamera2end": {"type": "ndarray", "data": [[0.9999872180275727, 0.005000021992325672, -0.0007507073677659641, -0.018733778397632087], [0.0007438966812598363, 0.001363851814360939, 0.9999987932622497, 0.03261553694675431], [0.005001039812215964, -0.9999865697539664, 0.0013601148818782605, 0.038617025298739664], [0.0, 0.0, 0.0, 1.0]]}, "Hobj2base": {"type": "ndarray", "data": [[0.9999898315543314, 0.004423464829429851, -0.0008773521771779399, -0.7410286708031247], [0.004426394110505667, -0.9999845403796792, 0.0033654177779067576, 0.08454165371493201], [-0.0008624518064694847, -0.0033692670633488305, -0.9999939520898797, -0.0012382036069678343], [0.0, 0.0, 0.0, 1.0]]}, "mean_rme": {"type": "float", "data": 0.0014800576958558633}, "max_rme": {"type": "float", "data": 0.0030558455670903206}, "simu": {"type": "float", "data": 0.002}}, {"type": "dict", "image_number": {"type": "int", "data": 8}, "Hcamera2end": {"type": "ndarray", "data": [[0.9999845185348585, 0.005506143268156674, -0.0008031668057766361, -0.01717069572350617], [0.0008082654956750772, -0.0009238375411295685, 0.9999992466152592, 0.032551573166042395], [0.00550539712426539, -0.9999844143337975, -0.0009282736643887457, 0.03897497688151906], [0.0, 0.0, 0.0, 1.0]]}, "Hobj2base": {"type": "ndarray", "data": [[0.9999866571462223, 0.005013251314512488, 0.0012461303227701034, -0.73987150168579], [0.005009736854385456, -0.999983509824774, 0.0028075995397813585, 0.08573250164659749], [0.00126018497594616, -0.0028013192933878843, -0.9999952822608928, -0.0018712343265676334], [0.0, 0.0, 0.0, 1.0]]}, "mean_rme": {"type": "float", "data": 0.0015026641573029223}, "max_rme": {"type": "float", "data": 0.003124719407854526}, "simu": {"type": "float", "data": 0.002}}, {"type": "dict", "image_number": {"type": "int", "data": 9}, "Hcamera2end": {"type": "ndarray", "data": [[0.9999826406161683, 0.005703871048487253, -0.0014779449845958217, -0.01497456730726641], [0.0014878498552700539, -0.0017326648497981711, 0.9999973920842626, 0.03266339562465299], [0.0057012953899474375, -0.9999822317059341, -0.001741121275517843, 0.03721618063735179], [0.0, 0.0, 0.0, 1.0]]}, "Hobj2base": {"type": "ndarray", "data": [[0.9999845763847156, 0.005158018654367556, 0.0020595718589158244, -0.7374827693225064], [0.0051537050557767, -0.9999845265837517, 0.0020942581666169822, 0.08739147880490075], [0.00207034221299363, -0.0020836114396826843, -0.9999956861139401, -0.002193326264804421], [0.0, 0.0, 0.0, 1.0]]}, "mean_rme": {"type": "float", "data": 0.0014217937624688758}, "max_rme": {"type": "float", "data": 0.003693041524235219}, "simu": {"type": "float", "data": 0.002}}, {"type": "dict", "image_number": {"type": "int", "data": 10}, "Hcamera2end": {"type": "ndarray", "data": [[0.9999848318986367, 0.00539723392549236, -0.0010981068293955927, -0.014639912903784524], [0.0010983863508328296, -4.8825884036540756e-05, 0.999999395581546, 0.032477898274589856], [0.005397177047267864, -0.9999854336349039, -5.475339151650438e-05, 0.036097677302009974], [0.0, 0.0, 0.0, 1.0]]}, "Hobj2base": {"type": "ndarray", "data": [[0.9999875911065803, 0.004972919339690787, 0.0002961521564233052, -0.737548572533827], [0.004972326532945175, -0.9999856976732717, 0.0019698775975962152, 0.08798538588430196], [0.00030594396316031266, -0.001968380588369884, -0.999998015936107, -0.001982597905849004], [0.0, 0.0, 0.0, 1.0]]}, "mean_rme": {"type": "float", "data": 0.0014549875614431}, "max_rme": {"type": "float", "data": 0.0036939314722967964}, "simu": {"type": "float", "data": 0.002}}, {"type": "dict", "image_number": {"type": "int", "data": 11}, "Hcamera2end": {"type": "ndarray", "data": [[0.9999858678571234, 0.005197159082745168, -0.0011196532965316746, -0.015127432917452041], [0.0011178168154769097, 0.00035625379348669384, 0.9999993117841641, 0.032222252621202284], [0.005197554386712265, -0.9999864312182958, 0.0003504392870417039, 0.035630807077769826], [0.0, 0.0, 0.0, 1.0]]}, "Hobj2base": {"type": "ndarray", "data": [[0.9999884867692983, 0.004794878462329868, -0.00018833316319886293, -0.7371369338103988], [0.004795205484602466, -0.9999869255982774, 0.0017761297433602644, 0.08772419719268897], [-0.00017981437460268802, -0.0017770123905858767, -0.9999984049456048, -0.0019819625741384073], [0.0, 0.0, 0.0, 1.0]]}, "mean_rme": {"type": "float", "data": 0.0015332525802790318}, "max_rme": {"type": "float", "data": 0.003770870075807675}, "simu": {"type": "float", "data": 0.002}}, {"type": "dict", "image_number": {"type": "int", "data": 12}, "Hcamera2end": {"type": "ndarray", "data": [[0.9999925351941791, 0.003764787463377016, -0.0008694430827784949, -0.014776178439166805], [0.0008677123030333491, 0.0004613373876997118, 0.9999995171214704, 0.03179026051830906], [0.003765186752042543, -0.9999928067457138, 0.00045806719150542907, 0.03571279656525596], [0.0, 0.0, 0.0, 1.0]]}, "Hobj2base": {"type": "ndarray", "data": [[0.9999939340652867, 0.0034637250064461045, -0.00036666293902748524, -0.7368425653052855], [0.003464373503610236, -0.9999924094158676, 0.0017830386633649342, 0.08828093317087508], [-0.00036048420023584104, -0.0017842981049395335, -0.9999983431643344, -0.0013884559897164122], [0.0, 0.0, 0.0, 1.0]]}, "mean_rme": {"type": "float", "data": 0.001582683919110194}, "max_rme": {"type": "float", "data": 0.004157895447886362}, "simu": {"type": "float", "data": 0.002}}, {"type": "dict", "image_number": {"type": "int", "data": 13}, "Hcamera2end": {"type": "ndarray", "data": [[0.999992202813451, 0.003806290794169745, -0.0010518853036096973, -0.014880065909952302], [0.001051677942342665, 5.647966047839237e-05, 0.999999445391623, 0.03180126964130917], [0.0038063480932937956, -0.9999927544539702, 5.247622802562191e-05, 0.03593570160661552], [0.0, 0.0, 0.0, 1.0]]}, "Hobj2base": {"type": "ndarray", "data": [[0.9999936714888219, 0.0035540151619477245, -0.0001611165252425955, -0.7369857009537694], [0.003554237374158283, -0.9999927028887545, 0.0014005591498007241, 0.08805431510770177], [-0.00015613774110379084, -0.001401122932722101, -0.9999990062372732, -0.0014754196891536221], [0.0, 0.0, 0.0, 1.0]]}, "mean_rme": {"type": "float", "data": 0.0015281394718552317}, "max_rme": {"type": "float", "data": 0.004027038359071061}, "simu": {"type": "float", "data": 0.002}}, {"type": "dict", "image_number": {"type": "int", "data": 14}, "Hcamera2end": {"type": "ndarray", "data": [[0.9999910662608157, 0.004076172331340504, -0.001119025326869745, -0.015443758392134323], [0.0011177722736184891, 0.0003096744481414504, 0.9999993273432137, 0.03179202160460884], [0.004076516123026079, -0.9999916444255226, 0.0003051154491763297, 0.035698599160185654], [0.0, 0.0, 0.0, 1.0]]}, "Hobj2base": {"type": "ndarray", "data": [[0.9999926071544395, 0.003828160596290365, -0.0003616945061437905, -0.7366395645982956], [0.003828586572700035, -0.9999919694514932, 0.001184465018148909, 0.08750957580850503], [-0.00035715727922835223, -0.0011858410403115995, -0.9999992331095584, -0.0012366188692526608], [0.0, 0.0, 0.0, 1.0]]}, "mean_rme": {"type": "float", "data": 0.001575452677221126}, "max_rme": {"type": "float", "data": 0.004285624200994265}, "simu": {"type": "float", "data": 0.002}}, {"type": "dict", "image_number": {"type": "int", "data": 15}, "Hcamera2end": {"type": "ndarray", "data": [[0.9999910830501818, 0.004137763171536511, -0.0008442369695378588, -0.015669299651236646], [0.0008441389962619622, 2.5424209761593097e-05, 0.9999996433914189, 0.031927934590427615], [0.0041377831600324586, -0.9999914390981286, 2.1931135804731383e-05, 0.03593119225631773], [0.0, 0.0, 0.0, 1.0]]}, "Hobj2base": {"type": "ndarray", "data": [[0.9999923695277999, 0.003906478140213424, -1.774024203351642e-05, -0.7367148048957424], [0.003906499005372863, -0.9999914058415249, 0.0013883474390283146, 0.08744123972350307], [-1.2316540649479601e-05, -0.001388406147519636, -0.9999990360878714, -0.0013154162525628843], [0.0, 0.0, 0.0, 1.0]]}, "mean_rme": {"type": "float", "data": 0.0014996674965387412}, "max_rme": {"type": "float", "data": 0.004208503416534948}, "simu": {"type": "float", "data": 0.002}}, {"type": "dict", "image_number": {"type": "int", "data": 16}, "Hcamera2end": {"type": "ndarray", "data": [[0.9999915952868464, 0.004011613648233533, -0.000846351939397257, -0.015761311877955944], [0.0008449992903733397, 0.0003388661941453597, 0.9999995855728648, 0.031860589788393075], [0.004011898785772593, -0.9999918960299826, 0.0003354735353862104, 0.03524547874156717], [0.0, 0.0, 0.0, 1.0]]}, "Hobj2base": {"type": "ndarray", "data": [[0.9999927538716101, 0.0037947214554484147, -0.0003037982043333831, -0.7361918766229841], [0.003795104967235102, -0.9999919896585645, 0.0012719264888347776, 0.08754071571413878], [-0.0002989691640691044, -0.0012730702183664396, -0.9999991449544634, -0.0011313413430472374], [0.0, 0.0, 0.0, 1.0]]}, "mean_rme": {"type": "float", "data": 0.0014794975913792893}, "max_rme": {"type": "float", "data": 0.004286023122103189}, "simu": {"type": "float", "data": 0.002}}, {"type": "dict", "image_number": {"type": "int", "data": 17}, "Hcamera2end": {"type": "ndarray", "data": [[0.9999919704186385, 0.003916528222528348, -0.0008484721156435228, -0.015511318745816767], [0.0008465731384831822, 0.00048649472921791226, 0.999999523318286, 0.03179026908471716], [0.003916939132803112, -0.9999922120344539, 0.00048317519527962816, 0.03494747993289017], [0.0, 0.0, 0.0, 1.0]]}, "Hobj2base": {"type": "ndarray", "data": [[0.9999930425211234, 0.0037049052870238588, -0.0004342650812157033, -0.7361961341420898], [0.003705408953150502, -0.9999924565600191, 0.0011648036525891618, 0.08788197539197092], [-0.0004299463181523049, -0.0011664046782123307, -0.9999992273228469, -0.0011223024591818134], [0.0, 0.0, 0.0, 1.0]]}, "mean_rme": {"type": "float", "data": 0.0015124087443322163}, "max_rme": {"type": "float", "data": 0.00410973397988304}, "simu": {"type": "float", "data": 0.002}}, {"type": "dict", "image_number": {"type": "int", "data": 18}, "Hcamera2end": {"type": "ndarray", "data": [[0.9999938414154752, 0.0034103631978527737, -0.0008285855298452579, -0.015059834647327637], [0.0008264305460472631, 0.0006332534755593144, 0.9999994580011473, 0.03172321118474772], [0.003410886054106406, -0.9999939841883523, 0.0006304311472944413, 0.034561041238698735], [0.0, 0.0, 0.0, 1.0]]}, "Hobj2base": {"type": "ndarray", "data": [[0.999994608765553, 0.0032327824159442, -0.0005758104546160126, -0.7360088447386087], [0.003233436060535719, -0.9999941250396596, 0.0011378828621077595, 0.0885157886535007], [-0.000572128544044402, -0.0011397385738024656, -0.9999991868321256, -0.0010942805013343907], [0.0, 0.0, 0.0, 1.0]]}, "mean_rme": {"type": "float", "data": 0.0015372626505734907}, "max_rme": {"type": "float", "data": 0.00412759833486126}, "simu": {"type": "float", "data": 0.002}}, {"type": "dict", "image_number": {"type": "int", "data": 19}, "Hcamera2end": {"type": "ndarray", "data": [[0.9999940742376683, 0.0033478236185076264, -0.0008022260080918634, -0.014878693412951048], [0.0008011514087781766, 0.00032231316451825087, 0.9999996271352525, 0.031731148875163886], [0.003348080938225545, -0.9999943440796268, 0.0003196291409587326, 0.0346605010921201], [0.0, 0.0, 0.0, 1.0]]}, "Hobj2base": {"type": "ndarray", "data": [[0.9999948914415018, 0.003184296379863484, -0.0002781141207867796, -0.7358461684711851], [0.0031845830650585327, -0.9999943920006593, 0.0010365316847328256, 0.0886750775824963], [-0.000274811937031665, -0.0010374120670692902, -0.9999994241271355, -0.0012273498234483917], [0.0, 0.0, 0.0, 1.0]]}, "mean_rme": {"type": "float", "data": 0.0014963139086863293}, "max_rme": {"type": "float", "data": 0.004149196404261618}, "simu": {"type": "float", "data": 0.002}}, {"type": "dict", "image_number": {"type": "int", "data": 20}, "Hcamera2end": {"type": "ndarray", "data": [[0.9999955781468506, 0.0028641552543463913, -0.000800188368484735, -0.014647970836411384], [0.0007997475653522379, 0.00015504535987453938, 0.9999996681823291, 0.031656138866808056], [0.002864278369462625, -0.9999958862793465, 0.00015275407309534028, 0.03488556286290884], [0.0, 0.0, 0.0, 1.0]]}, "Hobj2base": {"type": "ndarray", "data": [[0.9999962778996367, 0.0027253094957805607, -0.0001299039056372963, -0.7357241545163937], [0.002725429355625052, -0.999995852059008, 0.0009316112958824, 0.08905639706434851], [-0.0001273644376925163, -0.0009319618722494915, -0.9999995576125869, -0.0012323249534040403], [0.0, 0.0, 0.0, 1.0]]}, "mean_rme": {"type": "float", "data": 0.0015196990183719737}, "max_rme": {"type": "float", "data": 0.004441557898499621}, "simu": {"type": "float", "data": 0.002}}, {"type": "dict", "image_number": {"type": "int", "data": 21}, "Hcamera2end": {"type": "ndarray", "data": [[0.9999960693643033, 0.0027148412367731657, -0.0007006375686483106, -0.014746604255518613], [0.0007004012075848519, 8.801233587030222e-05, 0.9999997508459573, 0.0316903011103746], [0.0027149022251085116, -0.9999963109386392, 8.611051184514995e-05, 0.03486600971728458], [0.0, 0.0, 0.0, 1.0]]}, "Hobj2base": {"type": "ndarray", "data": [[0.9999966005959231, 0.0025949663782371467, -0.0002548452345612548, -0.735808082531635], [0.00259516313876848, -0.9999963323945809, 0.0007748068598206235, 0.08910270115280478], [-0.0002528337021386295, -0.0007754655908978496, -0.9999996673640628, -0.0011022946932096335], [0.0, 0.0, 0.0, 1.0]]}, "mean_rme": {"type": "float", "data": 0.0015628034461762834}, "max_rme": {"type": "float", "data": 0.004347645219373142}, "simu": {"type": "float", "data": 0.002}}, {"type": "dict", "image_number": {"type": "int", "data": 22}, "Hcamera2end": {"type": "ndarray", "data": [[0.999997863090446, 0.0019433646939236704, -0.0007050873760753957, -0.014450312929142721], [0.0007046536784432597, 0.00022384408809861256, 0.9999997266784715, 0.03169378858277248], [0.0019435219924009892, -0.9999980866119147, 0.00022247421068388729, 0.03466486545153953], [0.0, 0.0, 0.0, 1.0]]}, "Hobj2base": {"type": "ndarray", "data": [[0.9999982269588659, 0.0018477225716912891, -0.00036331862410505096, -0.735851915364152], [0.0018479760734434437, -0.9999980484370834, 0.0006986461595181294, 0.08956103075268572], [-0.0003620270107873302, -0.0006993163249141329, -0.9999996899465124, -0.0010858769027814463], [0.0, 0.0, 0.0, 1.0]]}, "mean_rme": {"type": "float", "data": 0.001574743248271248}, "max_rme": {"type": "float", "data": 0.004654054050311995}, "simu": {"type": "float", "data": 0.002}}, {"type": "dict", "image_number": {"type": "int", "data": 23}, "Hcamera2end": {"type": "ndarray", "data": [[0.9999992137375526, 0.0010946877262215783, -0.0006117050421711782, -0.014425365691696071], [0.0006113561232052672, 0.0003190445978504819, 0.9999997622270893, 0.031202553894745647], [0.0010948826271236739, -0.9999993499344519, 0.0003183751029531834, 0.03459365124429556], [0.0, 0.0, 0.0, 1.0]]}, "Hobj2base": {"type": "ndarray", "data": [[0.9999994711667963, 0.0009815669839656031, -0.00030690777717307403, -0.7357864365849044], [0.0009817767517040026, -0.9999992840702061, 0.0006840858750365106, 0.0898420818080833], [-0.00030623608133951936, -0.0006843868281897314, -0.9999997189170262, -0.0006374346918338457], [0.0, 0.0, 0.0, 1.0]]}, "mean_rme": {"type": "float", "data": 0.0015313357425009442}, "max_rme": {"type": "float", "data": 0.004781315443787848}, "simu": {"type": "float", "data": 0.002}}, {"type": "dict", "image_number": {"type": "int", "data": 24}, "Hcamera2end": {"type": "ndarray", "data": [[0.9999990881164508, 0.0012063275093963308, -0.000607075124628079, -0.014225031436888446], [0.0006068859561170485, 0.00015717342457610695, 0.999999803492956, 0.03116006796044137], [0.0012064226884207908, -0.9999992600349534, 0.00015644117802837698, 0.03464108367626241], [0.0, 0.0, 0.0, 1.0]]}, "Hobj2base": {"type": "ndarray", "data": [[0.9999993863962308, 0.001092244005159927, -0.00018495998282007237, -0.7356168362440124], [0.0010923571752007781, -0.99999921557235, 0.0006128706925704863, 0.08995891072255362], [-0.00018429043339244944, -0.0006130723588750776, -0.9999997950896382, -0.0007078451122419621], [0.0, 0.0, 0.0, 1.0]]}, "mean_rme": {"type": "float", "data": 0.0015426341054378672}, "max_rme": {"type": "float", "data": 0.004738520234507604}, "simu": {"type": "float", "data": 0.002}}, {"type": "dict", "image_number": {"type": "int", "data": 25}, "Hcamera2end": {"type": "ndarray", "data": [[0.99999856410968, 0.0016628825550982517, -0.00032649683939440664, -0.014047366265575525], [0.00032608718316127323, 0.00024661824118299425, 0.9999999164232926, 0.031209477276103056], [0.001662962936196286, -0.9999985869995273, 0.0002460756423779964, 0.03462007280368864], [0.0, 0.0, 0.0, 1.0]]}, "Hobj2base": {"type": "ndarray", "data": [[0.9999987597438735, 0.0015606916247724446, -0.00021154755259895986, -0.7357257095934977], [0.001560854919750393, -0.9999984823638537, 0.0007739521355002455, 0.09013160172361666], [-0.0002103393309308975, -0.0007742813706396032, -0.9999996781228102, -0.0005707611623387177], [0.0, 0.0, 0.0, 1.0]]}, "mean_rme": {"type": "float", "data": 0.0015435147844341049}, "max_rme": {"type": "float", "data": 0.004916133086780239}, "simu": {"type": "float", "data": 0.002}}, {"type": "dict", "image_number": {"type": "int", "data": 26}, "Hcamera2end": {"type": "ndarray", "data": [[0.9999996631955433, 0.0007109817406830854, -0.0004100167852876984, -0.014085593325791582], [0.00040980166467119536, 0.00030268770039798554, 0.9999998702213674, 0.030764363630317364], [0.0007111057554507105, -0.9999997014425156, 0.00030239623695049733, 0.034531976362958856], [0.0, 0.0, 0.0, 1.0]]}, "Hobj2base": {"type": "ndarray", "data": [[0.9999998113714971, 0.000609755078096256, -7.386281149483667e-05, -0.7355920012563174], [0.0006098104280979823, -0.9999995315601089, 0.0007516720062114531, 0.09036239447482732], [-7.340444107169905e-05, -0.0007517169067373861, -0.9999997147666995, -0.00012220776827693376], [0.0, 0.0, 0.0, 1.0]]}, "mean_rme": {"type": "float", "data": 0.0015270592096181383}, "max_rme": {"type": "float", "data": 0.004938624259692492}, "simu": {"type": "float", "data": 0.002}}, {"type": "dict", "image_number": {"type": "int", "data": 27}, "Hcamera2end": {"type": "ndarray", "data": [[0.9999996853612693, 0.000622049515673884, -0.0004922720412815317, -0.014278358458833719], [0.0004920780668393665, 0.0003119457743658849, 0.9999998302744904, 0.029802800290820025], [0.0006222029722793291, -0.9999997578720874, 0.00031163957929247754, 0.034524923429001854], [0.0, 0.0, 0.0, 1.0]]}, "Hobj2base": {"type": "ndarray", "data": [[0.9999998670121156, 0.0005129222361213048, -5.372644329063436e-05, -0.735572898948613], [0.0005129553047105198, -0.9999996779058795, 0.000617304619095801, 0.0903052259168094], [-5.3409796720068225e-05, -0.0006173320962658548, -0.9999998080242198, 0.0008971316067875663], [0.0, 0.0, 0.0, 1.0]]}, "mean_rme": {"type": "float", "data": 0.0015559577767921646}, "max_rme": {"type": "float", "data": 0.005033358225696144}, "simu": {"type": "float", "data": 0.002}}, {"type": "dict", "image_number": {"type": "int", "data": 28}, "Hcamera2end": {"type": "ndarray", "data": [[0.9999996029642672, 0.0007367534153961218, -0.0005012641149564953, -0.014365011107301576], [0.0005010246977016404, 0.00032511118146616447, 0.9999998216384699, 0.030353129498423337], [0.0007369162505562954, -0.9999996757485096, 0.00032474192072817765, 0.034564081999191476], [0.0, 0.0, 0.0, 1.0]]}, "Hobj2base": {"type": "ndarray", "data": [[0.9999998083002815, 0.0006170174776562572, -5.1853954532277364e-05, -0.7355538039967274], [0.0006170432961789958, -0.9999996849404198, 0.0004993762426304435, 0.09003035403305937], [-5.154581432556292e-05, -0.0004994081430351829, -0.99999987396726, 0.00041741771072072956], [0.0, 0.0, 0.0, 1.0]]}, "mean_rme": {"type": "float", "data": 0.0016196269691205964}, "max_rme": {"type": "float", "data": 0.005295108969080697}, "simu": {"type": "float", "data": 0.002}}, {"type": "dict", "image_number": {"type": "int", "data": 29}, "Hcamera2end": {"type": "ndarray", "data": [[0.9999997639473152, 0.0003357264214491196, -0.000599494023183967, -0.014393441954511232], [0.0005993667375048169, 0.0003791074859748056, 0.9999997485184823, 0.03077088600518297], [0.0003359536096921157, -0.9999998717826336, 0.0003789061732355492, 0.03449413348933518], [0.0, 0.0, 0.0, 1.0]]}, "Hobj2base": {"type": "ndarray", "data": [[0.9999999824355782, 0.00017463409107223727, -6.805716361633908e-05, -0.7355634545970896], [0.00017466879971280336, -0.9999998545318094, 0.0005103206550115944, 0.0900319273844635], [-6.796803433244327e-05, -0.0005103325335111879, -0.9999998674705173, 7.729715752096478e-05], [0.0, 0.0, 0.0, 1.0]]}, "mean_rme": {"type": "float", "data": 0.0016198762866730927}, "max_rme": {"type": "float", "data": 0.0050525859690934705}, "simu": {"type": "float", "data": 0.002}}, {"type": "dict", "image_number": {"type": "int", "data": 30}, "Hcamera2end": {"type": "ndarray", "data": [[0.999999759942796, 0.00027713857870714445, -0.000635065790820599, -0.014393609199700438], [0.0006349475924605223, 0.00042637528886013687, 0.9999997075227911, 0.03091051359794734], [0.0002774092740104328, -0.9999998706991522, 0.0004261992180323304, 0.03449035166872589], [0.0, 0.0, 0.0, 1.0]]}, "Hobj2base": {"type": "ndarray", "data": [[0.999999991972365, 8.626286430642296e-05, -9.281157355156042e-05, -0.735564164452462], [8.63129995277761e-05, -0.9999998503051273, 0.0005403145281715937, 0.09004655504116155], [-9.276495057931727e-05, -0.0005403225346794499, -0.9999998497231, -3.664176232781036e-05], [0.0, 0.0, 0.0, 1.0]]}, "mean_rme": {"type": "float", "data": 0.0015771556732146036}, "max_rme": {"type": "float", "data": 0.005003759236278105}, "simu": {"type": "float", "data": 0.002}}]}