{"type": "list", "data": [{"type": "dict", "image_number": {"type": "int", "data": 5}, "Hcamera2end": {"type": "ndarray", "data": [[0.9999873136870233, -0.004785047065966259, 0.0015734641995602257, -0.016614233796348767], [-0.0015766642355123414, -0.0006650587845651312, 0.9999985359122789, 0.020967567181432705], [-0.004783993614049489, -0.9999883304426054, -0.0006725947599954818, 0.03009338956058774], [0.0, 0.0, 0.0, 1.0]]}, "Hobj2base": {"type": "ndarray", "data": [[0.9999876467968338, -0.004463131226192748, 0.0021878558883987836, -0.7303264822456008], [-0.004465083752018516, -0.9999896368615526, 0.0008883673719724852, 0.09220468470644652], [0.002183868315187128, -0.0008981253575689004, -0.9999972120411256, 0.003900231117795627], [0.0, 0.0, 0.0, 1.0]]}, "mean_rme": {"type": "float", "data": 0.0018634976818743662}, "max_rme": {"type": "float", "data": 0.0036791430022229954}, "simu": {"type": "float", "data": 0.002}}, {"type": "dict", "image_number": {"type": "int", "data": 6}, "Hcamera2end": {"type": "ndarray", "data": [[0.9999945934871732, -0.0032368340759882292, 0.0005795701750165364, -0.01698278246231114], [-0.0005821268701832285, -0.0007889890005636779, 0.9999995193122163, 0.021074014539411094], [-0.0032363752455884885, -0.9999944501853605, -0.0007908689829743132, 0.029613771264333268], [0.0, 0.0, 0.0, 1.0]]}, "Hobj2base": {"type": "ndarray", "data": [[0.9999932234259705, -0.002786018667880109, 0.002406491661982652, -0.7304442756369354], [-0.002788023933557593, -0.999995768735755, 0.0008303211017280841, 0.09155403160639362], [0.002404168189390778, -0.0008370248313451844, -0.9999967596771244, 0.0035418147948197607], [0.0, 0.0, 0.0, 1.0]]}, "mean_rme": {"type": "float", "data": 0.0018074752672458505}, "max_rme": {"type": "float", "data": 0.004252236601393622}, "simu": {"type": "float", "data": 0.002}}, {"type": "dict", "image_number": {"type": "int", "data": 7}, "Hcamera2end": {"type": "ndarray", "data": [[0.9999937287761872, -0.0029846389907896226, 0.0019063940809891564, -0.019829025254439143], [-0.0019058581590104982, 0.00018239392989549685, 0.9999981672168865, 0.022000859117283722], [-0.0029849812353020416, -0.999995529321281, 0.0001767044874899648, 0.03484381240679062], [0.0, 0.0, 0.0, 1.0]]}, "Hobj2base": {"type": "ndarray", "data": [[0.9999951644038981, -0.0027815730248667418, 0.0013906905939585889, -0.7361220520147645], [-0.0027844301361617256, -0.9999940083309415, 0.0020567574073795526, 0.08874112469557163], [0.001384961240477726, -0.0020606197425313455, -0.9999969178595693, 0.00356924554960057], [0.0, 0.0, 0.0, 1.0]]}, "mean_rme": {"type": "float", "data": 0.0018701112109874326}, "max_rme": {"type": "float", "data": 0.004441029993067003}, "simu": {"type": "float", "data": 0.002}}, {"type": "dict", "image_number": {"type": "int", "data": 8}, "Hcamera2end": {"type": "ndarray", "data": [[0.9999942401413133, -0.002781720147283578, 0.0019446637805762095, -0.019057932179107194], [-0.001943597021474734, 0.00038614089646715755, 0.9999980366609859, 0.02184303980062417], [-0.0027824656000394452, -0.9999960564563394, 0.0003807321293572974, 0.034388152645016004], [0.0, 0.0, 0.0, 1.0]]}, "Hobj2base": {"type": "ndarray", "data": [[0.9999958902759991, -0.0026400386186666695, 0.0011178672568004013, -0.736105096692193], [-0.0026423090466063605, -0.9999944395863212, 0.0020344530817929347, 0.08956529484012822], [0.0011124900062922164, -0.002037398471517825, -0.9999973056830977, 0.0034952057124787578], [0.0, 0.0, 0.0, 1.0]]}, "mean_rme": {"type": "float", "data": 0.001856450838446298}, "max_rme": {"type": "float", "data": 0.0050157214139592565}, "simu": {"type": "float", "data": 0.002}}, {"type": "dict", "image_number": {"type": "int", "data": 9}, "Hcamera2end": {"type": "ndarray", "data": [[0.9999965710034614, -0.002460889639120598, 0.0008955464830695157, -0.017876317351464253], [-0.0008951806391566773, 0.00014976072598893442, 0.9999995881115895, 0.021561228111633347], [-0.002461022743200137, -0.9999969607923362, 0.00014755727169990518, 0.033798618877793445], [0.0, 0.0, 0.0, 1.0]]}, "Hobj2base": {"type": "ndarray", "data": [[0.9999969196426071, -0.0022978143308794324, 0.0009384852679133111, -0.7352380781549189], [-0.0022987014295547466, -0.9999969112201335, 0.000945262889407351, 0.08982130419849156], [0.000936310330525182, -0.0009474172750867898, -0.9999991128613421, 0.003660330491279439], [0.0, 0.0, 0.0, 1.0]]}, "mean_rme": {"type": "float", "data": 0.0017236552545538827}, "max_rme": {"type": "float", "data": 0.005716073626762214}, "simu": {"type": "float", "data": 0.002}}, {"type": "dict", "image_number": {"type": "int", "data": 10}, "Hcamera2end": {"type": "ndarray", "data": [[0.9999966360194208, -0.0024996886240819757, 0.000692464168488321, -0.017369925463562693], [-0.0006920634073977194, 0.00016118581757906814, 0.9999997475336542, 0.021655199496857784], [-0.0024997996083978655, -0.9999968627830362, 0.00015945533232641917, 0.03347956676404643], [0.0, 0.0, 0.0, 1.0]]}, "Hobj2base": {"type": "ndarray", "data": [[0.9999968255250231, -0.0023350190711050145, 0.0009469032759587416, -0.7350678166495295], [-0.002335709577849438, -0.9999970066677524, 0.0007287772660847165, 0.09027300876372094], [0.0009451987327477344, -0.0007309866436504756, -0.9999992861286866, 0.00364601497077901], [0.0, 0.0, 0.0, 1.0]]}, "mean_rme": {"type": "float", "data": 0.0016622127471547425}, "max_rme": {"type": "float", "data": 0.006234179927595257}, "simu": {"type": "float", "data": 0.002}}, {"type": "dict", "image_number": {"type": "int", "data": 11}, "Hcamera2end": {"type": "ndarray", "data": [[0.9999968018890737, -0.0024726963471795615, 0.0005310220328025826, -0.016793808569698185], [-0.000530777296908329, 9.963048746686187e-05, 0.9999998541746029, 0.02170002267132466], [-0.0024727488925816187, -0.9999969379185822, 9.831771775437037e-05, 0.03303811144843214], [0.0, 0.0, 0.0, 1.0]]}, "Hobj2base": {"type": "ndarray", "data": [[0.9999969428752044, -0.0023186884403199087, 0.000859025123087391, -0.734417460912276], [-0.0023191695196199146, -0.9999971542261525, 0.0005594571792709209, 0.09031749118084528], [0.000857725471601732, -0.000561447693822558, -0.999999474541613, 0.0034897706533632404], [0.0, 0.0, 0.0, 1.0]]}, "mean_rme": {"type": "float", "data": 0.0016649837676864585}, "max_rme": {"type": "float", "data": 0.006455658838284611}, "simu": {"type": "float", "data": 0.002}}, {"type": "dict", "image_number": {"type": "int", "data": 12}, "Hcamera2end": {"type": "ndarray", "data": [[0.9999990134705805, -0.0013537663127467974, 0.00037466603301345076, -0.016810538638504575], [-0.00037425910559031985, 0.00030082994665536766, 0.999999884715726, 0.021810191553950406], [-0.0013538788674415559, -0.9999990384085945, 0.00030032299050841704, 0.03294816974885843], [0.0, 0.0, 0.0, 1.0]]}, "Hobj2base": {"type": "ndarray", "data": [[0.9999990083030738, -0.0012099028941687788, 0.0007207828075160109, -0.7346218256210624], [-0.0012104907689306779, -0.9999989346487455, 0.00081572879841121, 0.09014405372965573], [0.000719795086995088, -0.0008166004903903701, -0.9999994075291605, 0.0034243112306278725], [0.0, 0.0, 0.0, 1.0]]}, "mean_rme": {"type": "float", "data": 0.001614378078494661}, "max_rme": {"type": "float", "data": 0.0065825297767999336}, "simu": {"type": "float", "data": 0.002}}, {"type": "dict", "image_number": {"type": "int", "data": 13}, "Hcamera2end": {"type": "ndarray", "data": [[0.999998283866971, -0.0016904404557625799, 0.0007580726736349424, -0.016423334519466218], [-0.0007575549389846859, 0.0003068913134584017, 0.9999996659640622, 0.022007822456610232], [-0.0016906725370132258, -0.9999985241133045, 0.0003056101852757509, 0.033194616950889516], [0.0, 0.0, 0.0, 1.0]]}, "Hobj2base": {"type": "ndarray", "data": [[0.9999985973057283, -0.0015461804787179649, 0.0006439817569254747, -0.7350852986687441], [-0.0015469188148010665, -0.999998145024902, 0.001147601383546129, 0.09048944020046198], [0.0006422061634987632, -0.0011485959613084186, -0.9999991341489058, 0.0030372548938263013], [0.0, 0.0, 0.0, 1.0]]}, "mean_rme": {"type": "float", "data": 0.0016958282691870025}, "max_rme": {"type": "float", "data": 0.006315275439323836}, "simu": {"type": "float", "data": 0.002}}, {"type": "dict", "image_number": {"type": "int", "data": 14}, "Hcamera2end": {"type": "ndarray", "data": [[0.9999982323221552, -0.0017613531785669136, 0.0006580178912787783, -0.01627323548672876], [-0.0006565591687704555, 0.0008286329947497784, 0.999999441148553, 0.023303778801129948], [-0.0017618974495679904, -0.9999981054993757, 0.0008274750974147649, 0.03313544939564775], [0.0, 0.0, 0.0, 1.0]]}, "Hobj2base": {"type": "ndarray", "data": [[0.9999982152885512, -0.0018627855759571427, 0.00031535632293822334, -0.7350585098406638], [-0.0018632172868893893, -0.9999973199272867, 0.0013742487348210482, 0.09044140678903394], [0.00031279554703934534, -0.0013748338595360261, -0.9999990059949078, 0.0019004463494196164], [0.0, 0.0, 0.0, 1.0]]}, "mean_rme": {"type": "float", "data": 0.0016394401513609516}, "max_rme": {"type": "float", "data": 0.0058990087635842625}, "simu": {"type": "float", "data": 0.002}}, {"type": "dict", "image_number": {"type": "int", "data": 15}, "Hcamera2end": {"type": "ndarray", "data": [[0.9999981947791898, -0.0016988580096610009, 0.0008510698117520274, -0.016372585141343633], [-0.0008502213050142356, 0.0005001168593891103, 0.9999995135033113, 0.022950310291163453], [-0.001699282817533579, -0.9999984318810653, 0.0004986715512936835, 0.03355050935329776], [0.0, 0.0, 0.0, 1.0]]}, "Hobj2base": {"type": "ndarray", "data": [[0.9999983569326968, -0.001743665402811691, 0.0004957447627321522, -0.7353750167498998], [-0.0017443216005506381, -0.9999975991008139, 0.0013263237767374126, 0.09057543788493808], [0.0004934309076165314, -0.0013271863357961753, -0.9999989975506818, 0.0018673719810307706], [0.0, 0.0, 0.0, 1.0]]}, "mean_rme": {"type": "float", "data": 0.0016930485903769758}, "max_rme": {"type": "float", "data": 0.00586897027140007}, "simu": {"type": "float", "data": 0.002}}, {"type": "dict", "image_number": {"type": "int", "data": 16}, "Hcamera2end": {"type": "ndarray", "data": [[0.999998666225426, -0.0015567252388337721, 0.0004941193173206728, -0.01618713137701811], [-0.0004938218934454682, 0.00019143597899651255, 0.9999998597460921, 0.022636181855488328], [-0.001556819612712226, -0.999998769978642, 0.00019066697865899318, 0.0342209029730321], [0.0, 0.0, 0.0, 1.0]]}, "Hobj2base": {"type": "ndarray", "data": [[0.9999985529745843, -0.0015994090099752216, 0.0005796029298431718, -0.7359108007456434], [-0.0015999135177522336, -0.9999983407980793, 0.0008710211387764912, 0.09070160756854977], [0.0005782088491076393, -0.0008719471929491507, -0.99999945269116, 0.0018858692909262814], [0.0, 0.0, 0.0, 1.0]]}, "mean_rme": {"type": "float", "data": 0.0017722168108090686}, "max_rme": {"type": "float", "data": 0.0056289787866933005}, "simu": {"type": "float", "data": 0.002}}, {"type": "dict", "image_number": {"type": "int", "data": 17}, "Hcamera2end": {"type": "ndarray", "data": [[0.9999985512005427, -0.0015876380620139104, 0.0006140050485654446, -0.016286459194569045], [-0.0006137461188783558, 0.00016357319157667138, 0.9999997982797361, 0.022567903274350445], [-0.0015877381765205794, -0.9999987263237865, 0.00016259854789313355, 0.034235494721879686], [0.0, 0.0, 0.0, 1.0]]}, "Hobj2base": {"type": "ndarray", "data": [[0.9999985804051352, -0.0015911084772584417, 0.0005545823003982602, -0.735927283947382], [-0.0015914864989951007, -0.9999985011178718, 0.0006818597607362888, 0.09066641243158058], [0.0005534965562991525, -0.0006827414030153394, -0.9999996137527947, 0.0019906548981351905], [0.0, 0.0, 0.0, 1.0]]}, "mean_rme": {"type": "float", "data": 0.0016963951490459835}, "max_rme": {"type": "float", "data": 0.005614126031602856}, "simu": {"type": "float", "data": 0.002}}, {"type": "dict", "image_number": {"type": "int", "data": 18}, "Hcamera2end": {"type": "ndarray", "data": [[0.9999993195170135, -0.0009650041393222779, 0.0006555398698673894, -0.017141614613238085], [-0.0006553773285473, 0.0001687424644843949, 0.9999997710032426, 0.022733594908862658], [-0.0009651145357526681, -0.9999995201463806, 0.00016810990782312185, 0.03441205719597598], [0.0, 0.0, 0.0, 1.0]]}, "Hobj2base": {"type": "ndarray", "data": [[0.9999993695100233, -0.0009975035485016708, 0.0005157191352831231, -0.7358746210406455], [-0.0009978752418504414, -0.9999992422204615, 0.0007209739968387694, 0.0896850697469222], [0.0005149995703614907, -0.0007214881656287384, -0.9999996071150574, 0.0020495972155786307], [0.0, 0.0, 0.0, 1.0]]}, "mean_rme": {"type": "float", "data": 0.001800565597514175}, "max_rme": {"type": "float", "data": 0.005037805642535281}, "simu": {"type": "float", "data": 0.002}}, {"type": "dict", "image_number": {"type": "int", "data": 19}, "Hcamera2end": {"type": "ndarray", "data": [[0.9999993359887545, -0.0009789142825986532, 0.000608069796630637, -0.017016528790380483], [-0.0006079681822425019, 0.0001040973801785805, 0.9999998097691942, 0.02264520485855018], [-0.0009789773948517956, -0.999999515445164, 0.0001035021623198018, 0.034302726122725294], [0.0, 0.0, 0.0, 1.0]]}, "Hobj2base": {"type": "ndarray", "data": [[0.9999993079221096, -0.001024219446437305, 0.000578903988169951, -0.7358267625124871], [-0.001024636057876581, -0.9999992159914428, 0.0007198176496282353, 0.08986210072202012], [0.0005781662830696324, -0.0007204103173586824, -0.999999573366271, 0.0018829271798652184], [0.0, 0.0, 0.0, 1.0]]}, "mean_rme": {"type": "float", "data": 0.0018381518466101274}, "max_rme": {"type": "float", "data": 0.005288515501433583}, "simu": {"type": "float", "data": 0.002}}, {"type": "dict", "image_number": {"type": "int", "data": 20}, "Hcamera2end": {"type": "ndarray", "data": [[0.9999994305399181, -0.0009476107708899315, 0.000490870315300904, -0.017101932412546185], [-0.0004907907956609569, 8.414664646616554e-05, 0.9999998760218606, 0.022608881417019836], [-0.0009476519584977937, -0.9999995474764819, 8.36815199037888e-05, 0.034331788444262004], [0.0, 0.0, 0.0, 1.0]]}, "Hobj2base": {"type": "ndarray", "data": [[0.9999993641464774, -0.000992487431160084, 0.0005354207129341408, -0.7359140749006229], [-0.0009928091887189692, -0.9999993265565827, 0.0006010127251692131, 0.08972458851978975], [0.0005348238547828884, -0.0006015439136167862, -0.9999996760541296, 0.0019457452570755846], [0.0, 0.0, 0.0, 1.0]]}, "mean_rme": {"type": "float", "data": 0.0017779659166970738}, "max_rme": {"type": "float", "data": 0.005222563636103822}, "simu": {"type": "float", "data": 0.002}}, {"type": "dict", "image_number": {"type": "int", "data": 21}, "Hcamera2end": {"type": "ndarray", "data": [[0.999999416775632, -0.0009643956591006126, 0.0004861989392771916, -0.017108256569949326], [-0.000486132014868781, 6.962837598534222e-05, 0.9999998794137692, 0.022640629505979195], [-0.0009644293960503229, -0.9999995325463416, 6.915951177155488e-05, 0.03428100819246891], [0.0, 0.0, 0.0, 1.0]]}, "Hobj2base": {"type": "ndarray", "data": [[0.9999993327786938, -0.0010109779071884525, 0.0005588969837498863, -0.7358642774975606], [-0.0010112959245951172, -0.9999993267484453, 0.0005690195155301422, 0.08966189398302193], [0.000558321341312663, -0.0005695843461101326, -0.9999996819254255, 0.001985989177227249], [0.0, 0.0, 0.0, 1.0]]}, "mean_rme": {"type": "float", "data": 0.0017333309040543905}, "max_rme": {"type": "float", "data": 0.005210946991026116}, "simu": {"type": "float", "data": 0.002}}, {"type": "dict", "image_number": {"type": "int", "data": 22}, "Hcamera2end": {"type": "ndarray", "data": [[0.9999992598952134, -0.0011132716003908613, 0.0004907498030107978, -0.017142075629060095], [-0.0004906512433647883, 8.880292380353261e-05, 0.9999998756876913, 0.022627070677081036], [-0.0011133150420148618, -0.9999993763699977, 8.82566299851284e-05, 0.03411313293205542], [0.0, 0.0, 0.0, 1.0]]}, "Hobj2base": {"type": "ndarray", "data": [[0.9999991837146343, -0.0011560051177584344, 0.0005442630181971092, -0.7357237321295792], [-0.0011563151055872826, -0.9999991692535546, 0.0005695854440363672, 0.08979475435521973], [0.0005436041223642346, -0.0005702143186414586, -0.9999996896750467, 0.002016673460517217], [0.0, 0.0, 0.0, 1.0]]}, "mean_rme": {"type": "float", "data": 0.0016989540932411465}, "max_rme": {"type": "float", "data": 0.005459256701640686}, "simu": {"type": "float", "data": 0.002}}, {"type": "dict", "image_number": {"type": "int", "data": 23}, "Hcamera2end": {"type": "ndarray", "data": [[0.999999203540279, -0.0012328401353355971, 0.0002702295474472672, -0.017186494848658498], [-0.0002700439493360094, 0.00015070913340053949, 0.9999999521815098, 0.023421967676148694], [-0.0012328808024439585, -0.9999992286956813, 0.00015037609234769267, 0.03407983210456709], [0.0, 0.0, 0.0, 1.0]]}, "Hobj2base": {"type": "ndarray", "data": [[0.9999990505096906, -0.001279601914881241, 0.0005114671609023243, -0.7357704536740914], [-0.0012799191955589731, -0.9999989883994871, 0.0006204892064875184, 0.08964627758357512], [0.0005106726643250973, -0.0006211432539761667, -0.9999996766971917, 0.0013467613032719324], [0.0, 0.0, 0.0, 1.0]]}, "mean_rme": {"type": "float", "data": 0.001637820099270949}, "max_rme": {"type": "float", "data": 0.005353800593952157}, "simu": {"type": "float", "data": 0.002}}, {"type": "dict", "image_number": {"type": "int", "data": 24}, "Hcamera2end": {"type": "ndarray", "data": [[0.9999992270057381, -0.001222216893562725, 0.00022841583017140735, -0.01710495834189698], [-0.00022826986762401259, 0.00011956258810408293, 0.9999999667988271, 0.023533679832100647], [-0.0012222441629715097, -0.9999992459450422, 0.00011928350039447366, 0.03397198248771495], [0.0, 0.0, 0.0, 1.0]]}, "Hobj2base": {"type": "ndarray", "data": [[0.9999990956589683, -0.001263996115894926, 0.0004593419909934637, -0.7356544843678797], [-0.0012642514033757123, -0.9999990463196387, 0.0005559030518606789, 0.08958734939909015], [0.00045863889362966157, -0.0005564832728914824, -0.9999997399883327, 0.0014588284314035055], [0.0, 0.0, 0.0, 1.0]]}, "mean_rme": {"type": "float", "data": 0.001671967586877983}, "max_rme": {"type": "float", "data": 0.005391370029173059}, "simu": {"type": "float", "data": 0.002}}, {"type": "dict", "image_number": {"type": "int", "data": 25}, "Hcamera2end": {"type": "ndarray", "data": [[0.9999992321627384, -0.0012210579846176368, 0.0002114032444012993, -0.017115423484356223], [-0.00021125586622086601, 0.00012082483547493084, 0.9999999703861587, 0.023606610165713457], [-0.0012210834912196428, -0.9999992472090954, 0.00012056678703886714, 0.03398642670114157], [0.0, 0.0, 0.0, 1.0]]}, "Hobj2base": {"type": "ndarray", "data": [[0.9999990943825174, -0.0012733992224611215, 0.00043553250764041167, -0.735665220030099], [-0.0012736028906434633, -0.9999990796083795, 0.0004676730386347213, 0.08954745705254696], [0.0004349365722961776, -0.00046822731056254144, -0.9999997957966613, 0.0015204104368601134], [0.0, 0.0, 0.0, 1.0]]}, "mean_rme": {"type": "float", "data": 0.0016605726674902793}, "max_rme": {"type": "float", "data": 0.005332449153978652}, "simu": {"type": "float", "data": 0.002}}, {"type": "dict", "image_number": {"type": "int", "data": 26}, "Hcamera2end": {"type": "ndarray", "data": [[0.9999992605199253, -0.0012125370411686359, 9.334627128680553e-05, -0.017097140429579466], [-9.322033734881195e-05, 0.00010391597015657617, 0.9999999902557196, 0.023635927733834446], [-0.0012125467295216767, -0.9999992594774231, 0.00010380286020073015, 0.03396362302867968], [0.0, 0.0, 0.0, 1.0]]}, "Hobj2base": {"type": "ndarray", "data": [[0.9999991208443914, -0.0012582269414639163, 0.00041853961351058267, -0.7356467441764388], [-0.0012583728537192834, -0.9999991475078001, 0.0003485418673859303, 0.08948871972010917], [0.0004181007119410538, -0.00034906823985124066, -0.999999851671568, 0.0015592234961034367], [0.0, 0.0, 0.0, 1.0]]}, "mean_rme": {"type": "float", "data": 0.0016317112982677812}, "max_rme": {"type": "float", "data": 0.00533215309335458}, "simu": {"type": "float", "data": 0.002}}, {"type": "dict", "image_number": {"type": "int", "data": 27}, "Hcamera2end": {"type": "ndarray", "data": [[0.999999678886909, -0.0008008427229166245, 2.9614388828481583e-05, -0.017108933681693243], [-2.94711342663058e-05, 0.00017889097936818477, 0.9999999835647347, 0.02397049179443662], [-0.0008008480075015827, -0.9999996633244187, 0.0001788673201804647, 0.03396226123695398], [0.0, 0.0, 0.0, 1.0]]}, "Hobj2base": {"type": "ndarray", "data": [[0.999999571007711, -0.0008049563684749885, 0.00045828990689589585, -0.7356382717568214], [-0.0008051505546222935, -0.9999995861086202, 0.0004236923080906587, 0.08949196959794338], [0.0004579486633919827, -0.0004240611187026407, -0.9999998052275754, 0.001225342497976384], [0.0, 0.0, 0.0, 1.0]]}, "mean_rme": {"type": "float", "data": 0.0016373165093529118}, "max_rme": {"type": "float", "data": 0.005431854561980892}, "simu": {"type": "float", "data": 0.002}}, {"type": "dict", "image_number": {"type": "int", "data": 28}, "Hcamera2end": {"type": "ndarray", "data": [[0.9999993551797832, -0.0011311851874688133, -0.00010029999712488742, -0.017120183727832267], [0.00010053934064351629, 0.00021153162399700776, 0.9999999725731062, 0.023671010594674077], [-0.0011311639398226387, -0.9999993378370028, 0.0002116452162099769, 0.03400591911774592], [0.0, 0.0, 0.0, 1.0]]}, "Hobj2base": {"type": "ndarray", "data": [[0.999999297934584, -0.0011058983151984963, 0.00042558107988045806, -0.7355893381133873], [-0.0011061094455567513, -0.9999992651614766, 0.0004961838383680267, 0.08954219026956922], [0.0004250320382762058, -0.0004966542292668198, -0.9999997863411489, 0.0014750509676144722], [0.0, 0.0, 0.0, 1.0]]}, "mean_rme": {"type": "float", "data": 0.0016505220889453378}, "max_rme": {"type": "float", "data": 0.005402841541561537}, "simu": {"type": "float", "data": 0.002}}, {"type": "dict", "image_number": {"type": "int", "data": 29}, "Hcamera2end": {"type": "ndarray", "data": [[0.9999997627465892, -0.0006833625738656433, -8.673152862056734e-05, -0.01705318915480672], [8.688637371239262e-05, 0.0002265664481833074, 0.999999970559201, 0.023506734054605714], [-0.000683342903292518, -0.9999997408415852, 0.00022662576932563905, 0.033988407917070466], [0.0, 0.0, 0.0, 1.0]]}, "Hobj2base": {"type": "ndarray", "data": [[0.9999996619016318, -0.000652274042246827, 0.0005007346561147196, -0.735594812762673], [-0.000652577644759787, -0.9999996032164706, 0.0006063904014068848, 0.08954525268120796], [0.00050033892471315, -0.0006067169646298165, -0.9999996907776949, 0.0016722504977780637], [0.0, 0.0, 0.0, 1.0]]}, "mean_rme": {"type": "float", "data": 0.0016342147970300766}, "max_rme": {"type": "float", "data": 0.005490518340363099}, "simu": {"type": "float", "data": 0.002}}, {"type": "dict", "image_number": {"type": "int", "data": 30}, "Hcamera2end": {"type": "ndarray", "data": [[0.999999924141411, -0.00038740848259807663, -4.0396036472913066e-05, -0.017010312077618717], [4.05050173397844e-05, 0.0002813036641057254, 0.9999999596137954, 0.02357995988325701], [-0.00038739710339904317, -0.9999998853914516, 0.00028131933475372684, 0.03397512693082064], [0.0, 0.0, 0.0, 1.0]]}, "Hobj2base": {"type": "ndarray", "data": [[0.9999998181080618, -0.0003207942360555322, 0.0005107591421472251, -0.7356132938429621], [-0.00032112400598147703, -0.9999997399782499, 0.0006456955976726688, 0.08954949690952904], [0.0005105518739127594, -0.000645859497247663, -0.9999996611010893, 0.0016455913750232384], [0.0, 0.0, 0.0, 1.0]]}, "mean_rme": {"type": "float", "data": 0.0016059954751369387}, "max_rme": {"type": "float", "data": 0.005524977028962125}, "simu": {"type": "float", "data": 0.002}}]}