{"type": "list", "data": [{"type": "dict", "image_number": {"type": "int", "data": 5}, "Hcamera2end": {"type": "ndarray", "data": [[0.999986177998845, -0.005186937103089526, -0.0008599388064222625, -0.01652863634955641], [0.000874940904820811, 0.002890709244483536, 0.9999954391288377, 0.025731867610460646], [-0.005184427613080257, -0.9999823695863606, 0.0028952075525392473, 0.03571044258846606], [0.0, 0.0, 0.0, 1.0]]}, "Hobj2base": {"type": "ndarray", "data": [[0.9999879967418686, -0.004870965447110383, -0.0005292143210825627, -0.7371576120736819], [-0.00487291504171773, -0.9999811059635975, -0.0037473210185698857, 0.0877472360929213], [-0.0005109512508872313, 0.003749854854933894, -0.999992838733051, 0.006727271336864215], [0.0, 0.0, 0.0, 1.0]]}, "mean_rme": {"type": "float", "data": 0.0017646166941363622}, "max_rme": {"type": "float", "data": 0.0028340532888787573}, "simu": {"type": "float", "data": 0.002}}, {"type": "dict", "image_number": {"type": "int", "data": 6}, "Hcamera2end": {"type": "ndarray", "data": [[0.9999882751742221, -0.004719542875099311, -0.0010841720962886231, -0.014395346192830547], [0.0010832038351518648, -0.00020771123494234267, 0.9999993917625624, 0.026478807368685964], [-0.004719765199221655, -0.9999888413232886, -0.00020259657262178266, 0.032261913946169264], [0.0, 0.0, 0.0, 1.0]]}, "Hobj2base": {"type": "ndarray", "data": [[0.9999854552983001, -0.004764663080816291, 0.0025272866038194798, -0.7322862676461654], [-0.004755302633937762, -0.9999818597709607, -0.003696921133966109, 0.09040894669134243], [0.0025448553419013357, 0.003684849350707149, -0.9999899727480028, 0.006025657394148028], [0.0, 0.0, 0.0, 1.0]]}, "mean_rme": {"type": "float", "data": 0.0018591705508875197}, "max_rme": {"type": "float", "data": 0.005040330344076138}, "simu": {"type": "float", "data": 0.002}}, {"type": "dict", "image_number": {"type": "int", "data": 7}, "Hcamera2end": {"type": "ndarray", "data": [[0.9999883213588429, -0.004794538283400967, -0.0006079050687801449, -0.013823549003688384], [0.0006040034091839689, -0.0008151776949578693, 0.9999994853324714, 0.026490654129281845], [-0.004795031366460518, -0.9999881738740588, -0.0008122722573213892, 0.03223374296378268], [0.0, 0.0, 0.0, 1.0]]}, "Hobj2base": {"type": "ndarray", "data": [[0.9999836804400147, -0.004952937159349908, 0.0028473263139243165, -0.7323868267541382], [-0.00494422944514229, -0.9999831040571185, -0.0030571548019359372, 0.09122041160195096], [0.002862420101281946, 0.00304302707591353, -0.9999912732306109, 0.005927813782540132], [0.0, 0.0, 0.0, 1.0]]}, "mean_rme": {"type": "float", "data": 0.0018815150624545062}, "max_rme": {"type": "float", "data": 0.004955683887957529}, "simu": {"type": "float", "data": 0.002}}, {"type": "dict", "image_number": {"type": "int", "data": 8}, "Hcamera2end": {"type": "ndarray", "data": [[0.9999864225126512, -0.005068155532724854, -0.0012118538878583072, -0.014715231633464963], [0.0012194923153019495, 0.0015043228391888874, 0.9999981249238861, 0.026045444065415747], [-0.005066323010066209, -0.9999860253084996, 0.0015104829909894368, 0.03164872539514389], [0.0, 0.0, 0.0, 1.0]]}, "Hobj2base": {"type": "ndarray", "data": [[0.9999875300037145, -0.0049768373450555575, 0.00041343332107161596, -0.7334498460849873], [-0.0049756715624905785, -0.9999837723170848, -0.0027744900424344445, 0.09030984951440638], [0.0004272347976634474, 0.0027723983361352795, -0.9999960656312075, 0.006781514032809882], [0.0, 0.0, 0.0, 1.0]]}, "mean_rme": {"type": "float", "data": 0.0018393843159796414}, "max_rme": {"type": "float", "data": 0.005253223362928772}, "simu": {"type": "float", "data": 0.002}}, {"type": "dict", "image_number": {"type": "int", "data": 9}, "Hcamera2end": {"type": "ndarray", "data": [[0.9999858526837834, -0.005221642260125245, -0.0010143393879443676, -0.015190455277677296], [0.0010218669848009836, 0.0014391488012800435, 0.9999984423180834, 0.025978592732138206], [-0.00522017434115327, -0.9999853315438358, 0.0014444642650188744, 0.03192662309626661], [0.0, 0.0, 0.0, 1.0]]}, "Hobj2base": {"type": "ndarray", "data": [[0.9999863995313947, -0.00517991908210277, 0.0006076105172863716, -0.7338009187977995], [-0.005178299708765166, -0.9999831152743726, -0.0026371155241072465, 0.09022242094805095], [0.0006212603029745314, 0.002633933268735646, -0.9999963382088819, 0.006750539214045929], [0.0, 0.0, 0.0, 1.0]]}, "mean_rme": {"type": "float", "data": 0.001754676592139859}, "max_rme": {"type": "float", "data": 0.0050134114966818855}, "simu": {"type": "float", "data": 0.002}}, {"type": "dict", "image_number": {"type": "int", "data": 10}, "Hcamera2end": {"type": "ndarray", "data": [[0.9999954483938397, -0.003014723665353993, -0.00012096621496065054, -0.014501486821064256], [0.00012559694369312664, 0.001535895561572076, 0.999998812624411, 0.02643500550239935], [-0.0030145342942720465, -0.999994276216642, 0.001536267210858866, 0.03188909572252311], [0.0, 0.0, 0.0, 1.0]]}, "Hobj2base": {"type": "ndarray", "data": [[0.9999948842456231, -0.0030161689600659413, 0.0010649917310588584, -0.7341082586967891], [-0.003014249418012303, -0.9999938381587852, -0.001799429050193748, 0.09094952853755342], [0.001070412550795952, 0.0017962096940511763, -0.9999978139214634, 0.00686173779018936], [0.0, 0.0, 0.0, 1.0]]}, "mean_rme": {"type": "float", "data": 0.0018557051805784177}, "max_rme": {"type": "float", "data": 0.0053487234839230124}, "simu": {"type": "float", "data": 0.002}}, {"type": "dict", "image_number": {"type": "int", "data": 11}, "Hcamera2end": {"type": "ndarray", "data": [[0.9999942165493847, -0.003267386262941883, 0.0009439569858103094, -0.015018327837320891], [-0.0009423259570984391, 0.0005006880269133873, 0.9999994306664831, 0.02664640408635929], [-0.003267857030670087, -0.9999945367343307, 0.0004976061883215088, 0.0334777673342216], [0.0, 0.0, 0.0, 1.0]]}, "Hobj2base": {"type": "ndarray", "data": [[0.9999930591238849, -0.0032924599550060007, 0.001743964305533472, -0.735074545337818], [-0.003291706506998872, -0.9999944878255727, -0.0004347260538699269, 0.09079401816764672], [0.0017453860106217897, 0.00042898241783774466, -0.999998384799575, 0.006771746399889503], [0.0, 0.0, 0.0, 1.0]]}, "mean_rme": {"type": "float", "data": 0.0018478948379319468}, "max_rme": {"type": "float", "data": 0.00457709441358245}, "simu": {"type": "float", "data": 0.002}}, {"type": "dict", "image_number": {"type": "int", "data": 12}, "Hcamera2end": {"type": "ndarray", "data": [[0.9999911724863848, -0.004076141960573786, 0.001019811758489025, -0.015471977887875703], [-0.0010184780297533252, 0.0003292660488946053, 0.9999994271430221, 0.02660325587229072], [-0.004076475414915754, -0.9999916382903342, 0.0003251116812610366, 0.03347697312587626], [0.0, 0.0, 0.0, 1.0]]}, "Hobj2base": {"type": "ndarray", "data": [[0.9999902569493553, -0.004082040066890648, 0.0016801652462442823, -0.7345711419259237], [-0.004081638466061167, -0.9999916407037344, -0.00024238416929041117, 0.09075595220570308], [0.0016811406231358374, 0.00023552398063076449, -0.9999985591462917, 0.006706815565522967], [0.0, 0.0, 0.0, 1.0]]}, "mean_rme": {"type": "float", "data": 0.001857482948411936}, "max_rme": {"type": "float", "data": 0.004485301521627322}, "simu": {"type": "float", "data": 0.002}}, {"type": "dict", "image_number": {"type": "int", "data": 13}, "Hcamera2end": {"type": "ndarray", "data": [[0.9999904747318096, -0.0042590192383687685, 0.0009545683723019953, -0.01468263697468569], [-0.0009529880287059826, 0.0003730720808869936, 0.9999994763153827, 0.02632553445736887], [-0.004259373130794912, -0.9999908607444118, 0.00036900973292719463, 0.033462755391952134], [0.0, 0.0, 0.0, 1.0]]}, "Hobj2base": {"type": "ndarray", "data": [[0.9999894556711094, -0.004292378721142865, 0.001632186114541639, -0.7342270633916154], [-0.004291901200705427, -0.9999907459545159, -0.0002959550893359198, 0.09149606358459669], [0.0016334413615449756, 0.000288946787143345, -0.9999986241885903, 0.006889502901556014], [0.0, 0.0, 0.0, 1.0]]}, "mean_rme": {"type": "float", "data": 0.0018800461872046912}, "max_rme": {"type": "float", "data": 0.004414304233693711}, "simu": {"type": "float", "data": 0.002}}, {"type": "dict", "image_number": {"type": "int", "data": 14}, "Hcamera2end": {"type": "ndarray", "data": [[0.9999939620901974, -0.0033015490312790097, 0.0010842311298070537, -0.014832379737065183], [-0.0010830089472453912, 0.0003719498963462575, 0.9999993443722325, 0.026287700250388773], [-0.0033019501463481364, -0.999994480698403, 0.00036837204340567364, 0.03327404919287048], [0.0, 0.0, 0.0, 1.0]]}, "Hobj2base": {"type": "ndarray", "data": [[0.9999928185667561, -0.0033550970604363933, 0.0017624240777289193, -0.7345135300237953], [-0.00335388051236094, -0.9999941357588047, -0.0006927723364046778, 0.09099976312581597], [0.0017647380608784618, 0.00068685640153758, -0.9999982069623228, 0.006755478774727168], [0.0, 0.0, 0.0, 1.0]]}, "mean_rme": {"type": "float", "data": 0.001961687842883225}, "max_rme": {"type": "float", "data": 0.004427262578283742}, "simu": {"type": "float", "data": 0.002}}, {"type": "dict", "image_number": {"type": "int", "data": 15}, "Hcamera2end": {"type": "ndarray", "data": [[0.9999938382287323, -0.003388491924713288, 0.000917402334870833, -0.014658602398762533], [-0.0009157727884227657, 0.0004824263494667136, 0.999999464312365, 0.026333215275433912], [-0.0033889326885994673, -0.9999941426764923, 0.00047932028816743966, 0.03300267189968439], [0.0, 0.0, 0.0, 1.0]]}, "Hobj2base": {"type": "ndarray", "data": [[0.9999928769777079, -0.0034481639996496558, 0.0015349784618341445, -0.7343214002447451], [-0.003447071850253188, -0.9999938042262477, -0.0007135858576075674, 0.09094676915175713], [0.0015374295125197418, 0.0007082895936730628, -0.9999985673171465, 0.006983885607586656], [0.0, 0.0, 0.0, 1.0]]}, "mean_rme": {"type": "float", "data": 0.001959660925622083}, "max_rme": {"type": "float", "data": 0.004815025901287462}, "simu": {"type": "float", "data": 0.002}}, {"type": "dict", "image_number": {"type": "int", "data": 16}, "Hcamera2end": {"type": "ndarray", "data": [[0.999994012175911, -0.0034276512063816373, 0.0004762557416239934, -0.014593782149027767], [-0.00047388213277619077, 0.000693267285271526, 0.9999996474080354, 0.02607523770975835], [-0.0034279801703444553, -0.9999938852751441, 0.0006916388314448518, 0.033286655487449274], [0.0, 0.0, 0.0, 1.0]]}, "Hobj2base": {"type": "ndarray", "data": [[0.9999931754487209, -0.003483717302119049, 0.0012299470486962702, -0.7347441887690693], [-0.003482441414785852, -0.9999933975845718, -0.0010379735336571514, 0.09094374343604297], [0.0012335549344332432, 0.001033683231413171, -0.9999987049197616, 0.007011570396278713], [0.0, 0.0, 0.0, 1.0]]}, "mean_rme": {"type": "float", "data": 0.0020018911486060346}, "max_rme": {"type": "float", "data": 0.004503437093974494}, "simu": {"type": "float", "data": 0.002}}, {"type": "dict", "image_number": {"type": "int", "data": 17}, "Hcamera2end": {"type": "ndarray", "data": [[0.9999962246117617, -0.002707528071156742, 0.0004690991013664295, -0.014612593785592725], [-0.00046698003429002685, 0.0007832365968476473, 0.999999584234954, 0.026834389218416257], [-0.002707894361044947, -0.9999960279081999, 0.0007819692782738974, 0.033221279294090786], [0.0, 0.0, 0.0, 1.0]]}, "Hobj2base": {"type": "ndarray", "data": [[0.9999953214292405, -0.0027561048056919156, 0.001327028986109124, -0.7348266585122216], [-0.002754744340246319, -0.9999956794109839, -0.0010259351755065433, 0.09089851806471916], [0.0013298508374298048, 0.001022274750007403, -0.9999985932245532, 0.0062764007808665465], [0.0, 0.0, 0.0, 1.0]]}, "mean_rme": {"type": "float", "data": 0.001906778012490434}, "max_rme": {"type": "float", "data": 0.004435628699771432}, "simu": {"type": "float", "data": 0.002}}, {"type": "dict", "image_number": {"type": "int", "data": 18}, "Hcamera2end": {"type": "ndarray", "data": [[0.9999962505284808, -0.0026817811469541653, 0.0005540567295589617, -0.014557470222189325], [-0.0005524318234393076, 0.000606608397527908, 0.9999996634226096, 0.026894243891237478], [-0.0026821163397921224, -0.9999962200309218, 0.0006051246218179429, 0.033077981505543363], [0.0, 0.0, 0.0, 1.0]]}, "Hobj2base": {"type": "ndarray", "data": [[0.9999953409591524, -0.0027203251203875337, 0.0013848794993993544, -0.7347380456436977], [-0.002719173559487154, -0.9999959563204888, -0.0008327291425794368, 0.09113924276684557], [0.0013871391933955345, 0.000828959535142504, -0.9999986943346213, 0.006224001626908258], [0.0, 0.0, 0.0, 1.0]]}, "mean_rme": {"type": "float", "data": 0.0018776334804957795}, "max_rme": {"type": "float", "data": 0.004503360222177233}, "simu": {"type": "float", "data": 0.002}}, {"type": "dict", "image_number": {"type": "int", "data": 19}, "Hcamera2end": {"type": "ndarray", "data": [[0.9999963140912163, -0.002606149997183232, 0.0007614369138914621, -0.01479294255540244], [-0.0007603583375129063, 0.00041482392308200833, 0.9999996248880855, 0.02698848648306324], [-0.0026064648818331167, -0.9999965179455902, 0.00041284078619974185, 0.033298091754953615], [0.0, 0.0, 0.0, 1.0]]}, "Hobj2base": {"type": "ndarray", "data": [[0.9999954185398624, -0.0026422274074822303, 0.0014770015614825407, -0.7348087103389271], [-0.0026413948172743416, -0.9999963516885846, -0.0005653697371189101, 0.0909697736746995], [0.0014784900083356603, 0.0005614658026303904, -0.9999987494109417, 0.006108975588424323], [0.0, 0.0, 0.0, 1.0]]}, "mean_rme": {"type": "float", "data": 0.0018158643179415498}, "max_rme": {"type": "float", "data": 0.004345741866508934}, "simu": {"type": "float", "data": 0.002}}, {"type": "dict", "image_number": {"type": "int", "data": 20}, "Hcamera2end": {"type": "ndarray", "data": [[0.9999959880284552, -0.00278720595976801, 0.000505380976476205, -0.0146665344940294], [-0.0005041517158953146, 0.0004417218212094953, 0.9999997753564147, 0.026896719496431465], [-0.002787428571445404, -0.9999960181744578, 0.0004403148743669094, 0.03329570006454778], [0.0, 0.0, 0.0, 1.0]]}, "Hobj2base": {"type": "ndarray", "data": [[0.9999951468112827, -0.0028133817957511774, 0.0013383709323248707, -0.7347841516503415], [-0.002812427454861504, -0.9999957899262146, -0.0007144100060947631, 0.09101992732625794], [0.001340375205790343, 0.0007106424677733229, -0.999998849190133, 0.006092546247531844], [0.0, 0.0, 0.0, 1.0]]}, "mean_rme": {"type": "float", "data": 0.0017717433678941872}, "max_rme": {"type": "float", "data": 0.004387020292630273}, "simu": {"type": "float", "data": 0.002}}, {"type": "dict", "image_number": {"type": "int", "data": 21}, "Hcamera2end": {"type": "ndarray", "data": [[0.9999954577049989, -0.0029724907350265877, 0.0004988669160224926, -0.014653336194250806], [-0.0004973545144043494, 0.0005095169099017527, 0.9999997465154705, 0.026937692019129867], [-0.002972744162675676, -0.9999954523353337, 0.0005080362138395467, 0.03336979668802076], [0.0, 0.0, 0.0, 1.0]]}, "Hobj2base": {"type": "ndarray", "data": [[0.999994658852598, -0.0029472078587144796, 0.0014128807853670913, -0.7346498161145656], [-0.0029461692801984424, -0.9999953887448936, -0.0007365972585406151, 0.09104624470541776], [0.0014150451754424338, 0.0007324307382996501, -0.9999987305953768, 0.0060348900754553314], [0.0, 0.0, 0.0, 1.0]]}, "mean_rme": {"type": "float", "data": 0.0017525149267198143}, "max_rme": {"type": "float", "data": 0.0043819232055936075}, "simu": {"type": "float", "data": 0.002}}, {"type": "dict", "image_number": {"type": "int", "data": 22}, "Hcamera2end": {"type": "ndarray", "data": [[0.9999963128010277, -0.0027131832264468605, 0.00011411016043018428, -0.014311930521112837], [-0.00011280609436577086, 0.0004807887928259813, 0.9999998780584535, 0.026954061088988145], [-0.002713237758483384, -0.9999962037322524, 0.00048048095645902844, 0.032890679363744534], [0.0, 0.0, 0.0, 1.0]]}, "Hobj2base": {"type": "ndarray", "data": [[0.9999955542049334, -0.002692985053758468, 0.0012803912950830334, -0.7341641808382721], [-0.0026915840647347426, -0.9999957785437426, -0.0010946551586673689, 0.09092852008804098], [0.0012833337799484999, 0.001091204011248394, -0.9999985811631009, 0.005972068229341005], [0.0, 0.0, 0.0, 1.0]]}, "mean_rme": {"type": "float", "data": 0.001782911670427605}, "max_rme": {"type": "float", "data": 0.0044696003174790055}, "simu": {"type": "float", "data": 0.002}}, {"type": "dict", "image_number": {"type": "int", "data": 23}, "Hcamera2end": {"type": "ndarray", "data": [[0.999996323150939, -0.002711522398020401, 3.6481334150635864e-05, -0.014301852607955476], [-3.521317136192387e-05, 0.00046774028118834465, 0.9999998899895252, 0.026819083022084723], [-0.0027115391635140276, -0.9999962144254922, 0.00046764308007507527, 0.03291767873019697], [0.0, 0.0, 0.0, 1.0]]}, "Hobj2base": {"type": "ndarray", "data": [[0.9999956356281743, -0.0026927431759296567, 0.001215672156505261, -0.734222520114827], [-0.002691397932575557, -0.9999957656022713, -0.0011068670633109425, 0.09096681411425102], [0.0012186475175972342, 0.0011035903750028085, -0.9999986484923429, 0.005925134228977787], [0.0, 0.0, 0.0, 1.0]]}, "mean_rme": {"type": "float", "data": 0.0017939268650958222}, "max_rme": {"type": "float", "data": 0.004582041627463673}, "simu": {"type": "float", "data": 0.002}}, {"type": "dict", "image_number": {"type": "int", "data": 24}, "Hcamera2end": {"type": "ndarray", "data": [[0.9999970083942332, -0.002437683697384028, 0.00020223940118998087, -0.014354302658627728], [-0.00020133480371142647, 0.00037132863137301353, 0.9999999107896682, 0.026926855953104855], [-0.00243775857719751, -0.9999969599019984, 0.00037083672993543093, 0.033334241447233], [0.0, 0.0, 0.0, 1.0]]}, "Hobj2base": {"type": "ndarray", "data": [[0.9999962928055958, -0.002430888236805508, 0.0012268485829217152, -0.7345964819594535], [-0.0024297594611684703, -0.999996624271241, -0.0009207144419524087, 0.09078647941787032], [0.00122908259532007, 0.0009177300817332064, -0.9999988235630437, 0.005781192354967056], [0.0, 0.0, 0.0, 1.0]]}, "mean_rme": {"type": "float", "data": 0.0017988288011452174}, "max_rme": {"type": "float", "data": 0.004627696993404817}, "simu": {"type": "float", "data": 0.002}}, {"type": "dict", "image_number": {"type": "int", "data": 25}, "Hcamera2end": {"type": "ndarray", "data": [[0.9999969012656145, -0.002458766151769617, 0.00038977965542216254, -0.01435142312890846], [-0.00038908408353428327, 0.00028336668085526817, 0.9999998841584431, 0.026895252070022607], [-0.0024588763175095404, -0.9999969370814766, 0.000282409136002415, 0.03329010709428126], [0.0, 0.0, 0.0, 1.0]]}, "Hobj2base": {"type": "ndarray", "data": [[0.9999963010504433, -0.0024453500482975576, 0.0011908604336264565, -0.7345835959766086], [-0.0024444767022119094, -0.9999967426793224, -0.000734278146871598, 0.09092809984416621], [0.0011926521217140583, 0.0007313644002281864, -0.9999990213430363, 0.005732356496293394], [0.0, 0.0, 0.0, 1.0]]}, "mean_rme": {"type": "float", "data": 0.0017937353742133871}, "max_rme": {"type": "float", "data": 0.004676246132104822}, "simu": {"type": "float", "data": 0.002}}, {"type": "dict", "image_number": {"type": "int", "data": 26}, "Hcamera2end": {"type": "ndarray", "data": [[0.999997682724882, -0.0021017493718627303, 0.0004660412472392916, -0.014179907410376134], [-0.00046545164954548367, 0.00028100752539783613, 0.9999998521947553, 0.028174935487749422], [-0.0021018800223107704, -0.999997751839647, 0.00028002861151410485, 0.033329027500025775], [0.0, 0.0, 0.0, 1.0]]}, "Hobj2base": {"type": "ndarray", "data": [[0.99999716110708, -0.0020982604303405577, 0.001129194822460661, -0.7346334097450333], [-0.0020975342331123956, -0.99999759286141, -0.0006439111171333589, 0.0908199377838086], [0.0011305431975499657, 0.0006415407643426829, -0.9999991551484062, 0.004429206839753062], [0.0, 0.0, 0.0, 1.0]]}, "mean_rme": {"type": "float", "data": 0.001796763210647448}, "max_rme": {"type": "float", "data": 0.004785424100853031}, "simu": {"type": "float", "data": 0.002}}, {"type": "dict", "image_number": {"type": "int", "data": 27}, "Hcamera2end": {"type": "ndarray", "data": [[0.9999991509930088, -0.0011436665592242275, 0.0006245318748462324, -0.013995783152026209], [-0.0006241762862809778, 0.0003112503233660968, 0.9999997567635706, 0.028525118538516595], [-0.0011438606667908554, -0.9999992975747722, 0.0003105362095666697, 0.03343217084691335], [0.0, 0.0, 0.0, 1.0]]}, "Hobj2base": {"type": "ndarray", "data": [[0.9999988277640609, -0.0011874645352784226, 0.0009666428924198201, -0.7347377512846355], [-0.0011869387474449918, -0.9999991474435896, -0.0005443238959418487, 0.09078386231947465], [0.0009672884336243612, 0.0005431759119618599, -0.9999993846563182, 0.0039813051577723265], [0.0, 0.0, 0.0, 1.0]]}, "mean_rme": {"type": "float", "data": 0.001833922386676739}, "max_rme": {"type": "float", "data": 0.004834570211428746}, "simu": {"type": "float", "data": 0.002}}, {"type": "dict", "image_number": {"type": "int", "data": 28}, "Hcamera2end": {"type": "ndarray", "data": [[0.9999992484947888, -0.001092356318207452, 0.0005565676344338182, -0.013981966993808421], [-0.0005562069142840669, 0.00033049806905760537, 0.9999997907024251, 0.029309061753068223], [-0.0010925400341084042, -0.9999993487641378, 0.00032989024454954663, 0.033450982259362404], [0.0, 0.0, 0.0, 1.0]]}, "Hobj2base": {"type": "ndarray", "data": [[0.999998882682148, -0.0011551593420207461, 0.0009488104922599554, -0.7347439845473376], [-0.0011546899802055712, -0.9999992107914353, -0.0004950833839725757, 0.09066859740730696], [0.0009493816436466634, 0.000493987248838546, -0.9999994273253829, 0.0032655547726516904], [0.0, 0.0, 0.0, 1.0]]}, "mean_rme": {"type": "float", "data": 0.0017948613610200817}, "max_rme": {"type": "float", "data": 0.004903535793726266}, "simu": {"type": "float", "data": 0.002}}, {"type": "dict", "image_number": {"type": "int", "data": 29}, "Hcamera2end": {"type": "ndarray", "data": [[0.9999995164751602, -0.0006988033313742788, 0.000691898366785099, -0.013895986674162999], [-0.0006916635573239711, 0.00033620230782083205, 0.9999997042847221, 0.029066295612100907], [-0.0006990357425551481, -0.9999996993209109, 0.00033571880846061664, 0.033481614490788694], [0.0, 0.0, 0.0, 1.0]]}, "Hobj2base": {"type": "ndarray", "data": [[0.9999993095552175, -0.000778676611472458, 0.0008800862587541875, -0.7347982837368894], [-0.000778249742984587, -0.9999995794207157, -0.00048526871865724126, 0.09071029586043962], [0.0008804637560096364, 0.00048458345670130673, -0.9999994949810964, 0.003418094222296838], [0.0, 0.0, 0.0, 1.0]]}, "mean_rme": {"type": "float", "data": 0.0017836998021619759}, "max_rme": {"type": "float", "data": 0.00488462236032261}, "simu": {"type": "float", "data": 0.002}}, {"type": "dict", "image_number": {"type": "int", "data": 30}, "Hcamera2end": {"type": "ndarray", "data": [[0.9999995674999216, -0.000744677840068781, 0.0005571847846414843, -0.013935776439363631], [-0.0005569261594004361, 0.00034746040974620307, 0.9999997845522353, 0.02908971478915679], [-0.0007448712792831807, -0.9999996623630323, 0.00034704552890008067, 0.03351971976324806], [0.0, 0.0, 0.0, 1.0]]}, "Hobj2base": {"type": "ndarray", "data": [[0.9999993522059417, -0.0007999861783266457, 0.0008096973579706506, -0.7349048789249768], [-0.000799529354244729, -0.9999995211264978, -0.0005643576771001607, 0.09067160279774808], [0.0008101484485693534, 0.0005637099347068588, -0.9999995129451822, 0.0034713404723102858], [0.0, 0.0, 0.0, 1.0]]}, "mean_rme": {"type": "float", "data": 0.0017842678368057818}, "max_rme": {"type": "float", "data": 0.004888495778761381}, "simu": {"type": "float", "data": 0.002}}]}