{"type": "list", "data": [{"type": "dict", "image_number": {"type": "int", "data": 5}, "Hcamera2end": {"type": "ndarray", "data": [[0.9999597176875058, 0.008494957591978929, 0.0028980506955669266, -0.011857754446297691], [-0.002878995640202318, -0.002254473008654445, 0.9999933143454296, 0.03056017902178534], [0.008501434374697745, -0.9999613757775667, -0.00222992524739718, 0.03572197351773378], [0.0, 0.0, 0.0, 1.0]]}, "Hobj2base": {"type": "ndarray", "data": [[0.9999644400797401, 0.008431311086910896, 0.0001776777074839339, -0.737652639995776], [0.008430218848448568, -0.9999496413010747, 0.005444839026100707, 0.09049642433966752], [0.0002235758915129649, -0.00544314754610053, -0.9999851609692081, -0.00787418778628073], [0.0, 0.0, 0.0, 1.0]]}, "mean_rme": {"type": "float", "data": 0.002317144222429872}, "max_rme": {"type": "float", "data": 0.005708993631068998}, "simu": {"type": "float", "data": 0.002}}, {"type": "dict", "image_number": {"type": "int", "data": 6}, "Hcamera2end": {"type": "ndarray", "data": [[0.9999622088375761, 0.008691299447306063, -0.00020545216703935984, -0.014742440024262692], [0.00019321996395993846, 0.0014082241222720393, 0.9999989897849233, 0.030044460828454522], [0.008691579989921924, -0.9999612383581369, 0.001406491571279589, 0.03621699762099389], [0.0, 0.0, 0.0, 1.0]]}, "Hobj2base": {"type": "ndarray", "data": [[0.9999675163900706, 0.007229114263842185, -0.0035645577052571637, -0.7404708567996234], [0.007238245491974027, -0.9999705382782591, 0.0025554603669761555, 0.08681758034953951], [-0.0035459789722603304, -0.0025811785001393635, -0.999990381729084, -0.005412794197523173], [0.0, 0.0, 0.0, 1.0]]}, "mean_rme": {"type": "float", "data": 0.002159506127812567}, "max_rme": {"type": "float", "data": 0.005093739495723282}, "simu": {"type": "float", "data": 0.002}}, {"type": "dict", "image_number": {"type": "int", "data": 7}, "Hcamera2end": {"type": "ndarray", "data": [[0.9999948446636022, 0.003210628023654953, 5.013892460772884e-05, -0.014486279862974825], [-5.65328720945064e-05, 0.001991434540121073, 0.9999980154942842, 0.02875981648458446], [0.0032105218037590207, -0.9999928630026147, 0.001991605779629424, 0.03599086299769841], [0.0, 0.0, 0.0, 1.0]]}, "Hobj2base": {"type": "ndarray", "data": [[0.999996982994348, 0.0022265126303546347, -0.001037614431546778, -0.7397477084185521], [0.002229175383068583, -0.9999942073325732, 0.00257217386850361, 0.08892430174788282], [-0.0010318814433857675, -0.0025744791327884315, -0.9999961536315434, -0.005134099844187953], [0.0, 0.0, 0.0, 1.0]]}, "mean_rme": {"type": "float", "data": 0.0017621760842847871}, "max_rme": {"type": "float", "data": 0.004593172741735152}, "simu": {"type": "float", "data": 0.002}}, {"type": "dict", "image_number": {"type": "int", "data": 8}, "Hcamera2end": {"type": "ndarray", "data": [[0.9999965050201887, 0.0026430069988648787, -6.679379943283232e-05, -0.014740618698495323], [6.101206038393032e-05, 0.0021875811685515556, 0.9999976053802128, 0.028398494184100294], [0.002643146786725836, -0.999994114483998, 0.00218741226769692, 0.035864467182172455], [0.0, 0.0, 0.0, 1.0]]}, "Hobj2base": {"type": "ndarray", "data": [[0.9999980608359291, 0.001745687346619866, -0.0009115372012919363, -0.7397046866266708], [0.0017475672422521736, -0.9999963395881926, 0.002065627979424434, 0.08909082183227084], [-0.0009079279240638968, -0.002067216946385944, -0.999997451137242, -0.004775839456521595], [0.0, 0.0, 0.0, 1.0]]}, "mean_rme": {"type": "float", "data": 0.0015922993817006333}, "max_rme": {"type": "float", "data": 0.004592398845855217}, "simu": {"type": "float", "data": 0.002}}, {"type": "dict", "image_number": {"type": "int", "data": 9}, "Hcamera2end": {"type": "ndarray", "data": [[0.9999960300101288, 0.002810412713102061, -0.00020382434472906736, -0.014567069118562903], [0.00019835070000051645, 0.0019477714100936128, 0.9999980834199306, 0.028525656005859917], [0.0028108043299524114, -0.9999941538663696, 0.0019472062301318926, 0.03615443597808905], [0.0, 0.0, 0.0, 1.0]]}, "Hobj2base": {"type": "ndarray", "data": [[0.9999975085766306, 0.0021394833850333383, -0.0006367506393604449, -0.7398007269179604], [0.002140837525848501, -0.9999954322437594, 0.002133613438486366, 0.08916729536125474], [-0.0006321829003370127, -0.002134971302415335, -0.9999975211180867, -0.004816781438440671], [0.0, 0.0, 0.0, 1.0]]}, "mean_rme": {"type": "float", "data": 0.0015359477305519314}, "max_rme": {"type": "float", "data": 0.004496562903826107}, "simu": {"type": "float", "data": 0.002}}, {"type": "dict", "image_number": {"type": "int", "data": 10}, "Hcamera2end": {"type": "ndarray", "data": [[0.9999965998452852, 0.002536922437278633, -0.0006035912654610494, -0.015724203724824387], [0.0006009119227716583, 0.0010567685606680532, 0.9999992610722623, 0.028154560768442582], [0.002537558418949108, -0.999996223625248, 0.001055240500551724, 0.03590466985009962], [0.0, 0.0, 0.0, 1.0]]}, "Hobj2base": {"type": "ndarray", "data": [[0.9999972618029381, 0.0023206776212017256, 0.00030140007389119157, -0.7387093407094799], [0.0023200644843160683, -0.9999952705432096, 0.0020189581476250454, 0.08792995466915314], [0.00030608399942390173, -0.002018253351712772, -0.9999979164808264, -0.0047755195340325575], [0.0, 0.0, 0.0, 1.0]]}, "mean_rme": {"type": "float", "data": 0.0016483400324998217}, "max_rme": {"type": "float", "data": 0.004408206206332421}, "simu": {"type": "float", "data": 0.002}}, {"type": "dict", "image_number": {"type": "int", "data": 11}, "Hcamera2end": {"type": "ndarray", "data": [[0.9999960449150999, 0.0026070142763557204, -0.001055287032212404, -0.015894371177948473], [0.0010519102962226593, 0.0012962820894217852, 0.9999986065677658, 0.028167177418607005], [0.002608378593337049, -0.9999957615556715, 0.0012935346173563733, 0.035391609405734936], [0.0, 0.0, 0.0, 1.0]]}, "Hobj2base": {"type": "ndarray", "data": [[0.9999970813144252, 0.0024086770710361207, 0.00018877870216959708, -0.7382499508569969], [0.0024083907531682043, -0.9999959710438693, 0.0015025145620450489, 0.08749094785897395], [0.00019239701396298338, -0.0015020555237967703, -0.999998853405639, -0.004908987200440932], [0.0, 0.0, 0.0, 1.0]]}, "mean_rme": {"type": "float", "data": 0.0016652067562315457}, "max_rme": {"type": "float", "data": 0.004482536539311299}, "simu": {"type": "float", "data": 0.002}}, {"type": "dict", "image_number": {"type": "int", "data": 12}, "Hcamera2end": {"type": "ndarray", "data": [[0.9999958904834602, 0.0025720003064090427, -0.0012664243425478, -0.015624154928818072], [0.0012621511238538002, 0.0016623819591272682, 0.9999978217280091, 0.028494975967954236], [0.002574099984872465, -0.9999953106393281, 0.0016591288744637334, 0.03518989696880788], [0.0, 0.0, 0.0, 1.0]]}, "Hobj2base": {"type": "ndarray", "data": [[0.9999972778816926, 0.0023315718230995253, 8.94541142556484e-05, -0.7383748074324026], [0.002331475039138042, -0.9999967126442662, 0.0010672041991978006, 0.08759309364185958], [9.194208342849608e-05, -0.001066992734107177, -0.9999994265364147, -0.005204458002448624], [0.0, 0.0, 0.0, 1.0]]}, "mean_rme": {"type": "float", "data": 0.0016123302001477219}, "max_rme": {"type": "float", "data": 0.00431212571905451}, "simu": {"type": "float", "data": 0.002}}, {"type": "dict", "image_number": {"type": "int", "data": 13}, "Hcamera2end": {"type": "ndarray", "data": [[0.9999960813146109, 0.002584284466956838, -0.0010764893013096165, -0.01578998269825167], [0.0010722296075963483, 0.0016491268157942107, 0.9999980653503359, 0.02841206841217753], [0.0025860547346454664, -0.9999953009162291, 0.0016463494070652063, 0.0348044637685597], [0.0, 0.0, 0.0, 1.0]]}, "Hobj2base": {"type": "ndarray", "data": [[0.9999971327074428, 0.0023894733689922834, 0.00015809462967075603, -0.7381541180711667], [0.002389277438717246, -0.9999963915344838, 0.0012281169866701352, 0.08741153648816266], [0.00016102861202539186, -0.0012277357333675854, -0.9999992333670842, -0.004942556576398267], [0.0, 0.0, 0.0, 1.0]]}, "mean_rme": {"type": "float", "data": 0.0015965590555995304}, "max_rme": {"type": "float", "data": 0.004292326633240751}, "simu": {"type": "float", "data": 0.002}}, {"type": "dict", "image_number": {"type": "int", "data": 14}, "Hcamera2end": {"type": "ndarray", "data": [[0.999996340003608, 0.002496417456413795, -0.0010430145116752786, -0.015790764248615058], [0.0010388584500700192, 0.0016655284687365768, 0.9999980733921642, 0.028010689551117938], [0.002498149817158863, -0.9999954969472628, 0.001662928948538922, 0.03483609854952122], [0.0, 0.0, 0.0, 1.0]]}, "Hobj2base": {"type": "ndarray", "data": [[0.9999973678627333, 0.002284488971834662, 0.00021302052195453465, -0.7381183556636058], [0.0022842112156970704, -0.9999965524820293, 0.0012951460063202194, 0.0877503719360107], [0.00021597853433081137, -0.0012946560134527282, -0.9999991386091687, -0.004689559197912173], [0.0, 0.0, 0.0, 1.0]]}, "mean_rme": {"type": "float", "data": 0.0015428744153525012}, "max_rme": {"type": "float", "data": 0.004190524901004022}, "simu": {"type": "float", "data": 0.002}}, {"type": "dict", "image_number": {"type": "int", "data": 15}, "Hcamera2end": {"type": "ndarray", "data": [[0.9999964678987755, 0.0023116057646686236, -0.0013117426431736214, -0.015606819178645967], [0.00130781201310191, 0.0017010814681788222, 0.9999976979721387, 0.02776886667814719], [0.0023138318243890715, -0.999995881391832, 0.0016980523139983328, 0.034369074220131336], [0.0, 0.0, 0.0, 1.0]]}, "Hobj2base": {"type": "ndarray", "data": [[0.9999977880135344, 0.0021005745352252352, 0.00010749260572993344, -0.7376942983348603], [0.002100461998233771, -0.9999972568132265, 0.0010365449412850227, 0.08770432723146791], [0.00010966965076591903, -0.001036316864328215, -0.9999994570098145, -0.00444348217049653], [0.0, 0.0, 0.0, 1.0]]}, "mean_rme": {"type": "float", "data": 0.001481288218205262}, "max_rme": {"type": "float", "data": 0.004134437394728907}, "simu": {"type": "float", "data": 0.002}}, {"type": "dict", "image_number": {"type": "int", "data": 16}, "Hcamera2end": {"type": "ndarray", "data": [[0.9999965300541326, 0.002359643220605485, -0.0011713084844250325, -0.01584625457824058], [0.0011679095991839268, 0.0014412867034264698, 0.9999982793384229, 0.027523144125682082], [0.002361327351802272, -0.9999961773809486, 0.001438525852271666, 0.034122195739028464], [0.0, 0.0, 0.0, 1.0]]}, "Hobj2base": {"type": "ndarray", "data": [[0.9999974750533664, 0.0022193902792951993, 0.00035241123700591165, -0.7373671311119168], [0.00221901607374562, -0.9999969775483974, 0.001058707577565224, 0.08736314598254458], [0.000354759857166268, -0.0010579228981856053, -0.999999377472099, -0.004387537499657947], [0.0, 0.0, 0.0, 1.0]]}, "mean_rme": {"type": "float", "data": 0.0015047960850063137}, "max_rme": {"type": "float", "data": 0.00411216049019647}, "simu": {"type": "float", "data": 0.002}}, {"type": "dict", "image_number": {"type": "int", "data": 17}, "Hcamera2end": {"type": "ndarray", "data": [[0.9999949587667593, 0.0029182874264793808, -0.0012514150246589763, -0.01587921423545044], [0.0012471789977630578, 0.0014529138126634367, 0.9999981667913197, 0.027643207688543236], [0.002920100274824241, -0.9999946863058568, 0.0014492668613983462, 0.033944705431877636], [0.0, 0.0, 0.0, 1.0]]}, "Hobj2base": {"type": "ndarray", "data": [[0.9999962921882558, 0.0027179755137065912, 0.00016798466388844653, -0.737575447576593], [0.0027177888575832037, -0.999995700079449, 0.0011015654035292993, 0.08723989127296043], [0.00017097796936127696, -0.0011011047722843984, -0.9999993791672146, -0.004492109570582907], [0.0, 0.0, 0.0, 1.0]]}, "mean_rme": {"type": "float", "data": 0.001578154480491977}, "max_rme": {"type": "float", "data": 0.00438758168472364}, "simu": {"type": "float", "data": 0.002}}, {"type": "dict", "image_number": {"type": "int", "data": 18}, "Hcamera2end": {"type": "ndarray", "data": [[0.9999956345610561, 0.002644382792481267, -0.001318369628557977, -0.015624034434515698], [0.001314320481570619, 0.0015323794995480977, 0.9999979621852941, 0.027426354325620593], [0.002646397646310754, -0.9999953295154513, 0.0015288972435736348, 0.03376016499014082], [0.0, 0.0, 0.0, 1.0]]}, "Hobj2base": {"type": "ndarray", "data": [[0.9999969617513385, 0.002461707809331969, 0.00012838517663848068, -0.7373075839840804], [0.002461564193458941, -0.9999963575703277, 0.0011070446238077881, 0.08742857687420443], [0.00013110992940021038, -0.0011067252319771573, -0.999999378984531, -0.004290631162810051], [0.0, 0.0, 0.0, 1.0]]}, "mean_rme": {"type": "float", "data": 0.001557468914187454}, "max_rme": {"type": "float", "data": 0.004293378839638123}, "simu": {"type": "float", "data": 0.002}}, {"type": "dict", "image_number": {"type": "int", "data": 19}, "Hcamera2end": {"type": "ndarray", "data": [[0.9999971706208005, 0.002081527863601317, -0.0011515173236205305, -0.016112680656026192], [0.001148625548468501, 0.0013899180426043545, 0.9999983743922707, 0.02738164076281413], [0.002083124994558005, -0.999996867679888, 0.0013875232139151095, 0.03386930605027713], [0.0, 0.0, 0.0, 1.0]]}, "Hobj2base": {"type": "ndarray", "data": [[0.9999979478882042, 0.0019978740566217413, 0.00033573595922929754, -0.7369619742888465], [0.0019974385134854562, -0.9999971696500938, 0.0012926450350068798, 0.08725784525850024], [0.0003383175509589179, -0.0012919717704194293, -0.999999108174692, -0.00419651820250033], [0.0, 0.0, 0.0, 1.0]]}, "mean_rme": {"type": "float", "data": 0.0015462300202891241}, "max_rme": {"type": "float", "data": 0.0048458746186606505}, "simu": {"type": "float", "data": 0.002}}, {"type": "dict", "image_number": {"type": "int", "data": 20}, "Hcamera2end": {"type": "ndarray", "data": [[0.9999978889590497, 0.0017241083003621657, -0.001117822889700508, -0.016002548276363854], [0.0011154041639433348, 0.0014032091651089429, 0.9999983934375042, 0.026981085218071483], [0.0017256740697982281, -0.9999975292242512, 0.001401283125299635, 0.03383165084781537], [0.0, 0.0, 0.0, 1.0]]}, "Hobj2base": {"type": "ndarray", "data": [[0.9999985023919282, 0.0016638765482155397, 0.0004761604067423537, -0.7369540089014895], [0.0016632356333405396, -0.9999977146585841, 0.001343251591408712, 0.08764010453329787], [0.0004783943233745536, -0.0013424576127886068, -0.9999989844726993, -0.003957904383731345], [0.0, 0.0, 0.0, 1.0]]}, "mean_rme": {"type": "float", "data": 0.0014933097527779317}, "max_rme": {"type": "float", "data": 0.004946488776321978}, "simu": {"type": "float", "data": 0.002}}, {"type": "dict", "image_number": {"type": "int", "data": 21}, "Hcamera2end": {"type": "ndarray", "data": [[0.9999982900180278, 0.0015837628865944847, -0.0009548068598163933, -0.016163237402959253], [0.0009525407420255317, 0.0014309818022246734, 0.9999985224775167, 0.027071555657542663], [0.0015851268577902482, -0.9999977219905059, 0.001429470756596385, 0.033753115127370635], [0.0, 0.0, 0.0, 1.0]]}, "Hobj2base": {"type": "ndarray", "data": [[0.999998713707609, 0.001538828838413514, 0.0004523150821833841, -0.7368265999656564], [0.0015381526056551587, -0.999997704586086, 0.0014916129260260595, 0.0876687788091268], [0.0004546093809193701, -0.001490915277753465, -0.999998785250235, -0.003922237506916872], [0.0, 0.0, 0.0, 1.0]]}, "mean_rme": {"type": "float", "data": 0.0014943576626594765}, "max_rme": {"type": "float", "data": 0.004846367711228927}, "simu": {"type": "float", "data": 0.002}}, {"type": "dict", "image_number": {"type": "int", "data": 22}, "Hcamera2end": {"type": "ndarray", "data": [[0.9999982982369465, 0.0014376795236500507, -0.0011561145264239179, -0.01604298791074068], [0.0011540749136397404, 0.0014187051655630833, 0.999998327691975, 0.026937458867878374], [0.0014393173050576663, -0.9999979601745397, 0.0014170435613909405, 0.033769878218371324], [0.0, 0.0, 0.0, 1.0]]}, "Hobj2base": {"type": "ndarray", "data": [[0.9999989459696303, 0.0013868321698805616, 0.0004298327127157479, -0.7367450514069986], [0.0013862436127720572, -0.9999981054238614, 0.0013665567437239669, 0.08768104893962016], [0.0004317270832191104, -0.0013659594504790943, -0.9999989738827262, -0.003962923829004367], [0.0, 0.0, 0.0, 1.0]]}, "mean_rme": {"type": "float", "data": 0.0014962143276373275}, "max_rme": {"type": "float", "data": 0.00477713879369554}, "simu": {"type": "float", "data": 0.002}}, {"type": "dict", "image_number": {"type": "int", "data": 23}, "Hcamera2end": {"type": "ndarray", "data": [[0.9999987093850553, 0.0013154917370078454, -0.0009223392616980853, -0.016166444571313165], [0.00092020292220577, 0.0016236672363342253, 0.9999982584641272, 0.027021145031658582], [0.001316987018071799, -0.999997816590714, 0.0016224546214644864, 0.033471166314809626], [0.0, 0.0, 0.0, 1.0]]}, "Hobj2base": {"type": "ndarray", "data": [[0.9999992795367797, 0.0011799738003114206, 0.00022042629649061897, -0.7365717678756021], [0.001179645562172769, -0.9999982040562041, 0.0014833478059211357, 0.08773340808974138], [0.0002221762121651158, -0.0014830867123211571, -0.9999988755451346, -0.00406137040655358], [0.0, 0.0, 0.0, 1.0]]}, "mean_rme": {"type": "float", "data": 0.0014647788891427162}, "max_rme": {"type": "float", "data": 0.004778980536154304}, "simu": {"type": "float", "data": 0.002}}, {"type": "dict", "image_number": {"type": "int", "data": 24}, "Hcamera2end": {"type": "ndarray", "data": [[0.9999989985403499, 0.0010442481429573866, -0.0009552298745864457, -0.016142078314451497], [0.0009535988709198722, 0.0015612765230017533, 0.999998326531006, 0.026985077587391926], [0.001045737773417759, -0.9999982359791615, 0.0015602791655962012, 0.03356790792900479], [0.0, 0.0, 0.0, 1.0]]}, "Hobj2base": {"type": "ndarray", "data": [[0.9999995076671124, 0.0009483327786044739, 0.00029211380294545463, -0.7364730019886442], [0.000947895420472416, -0.9999984351228846, 0.00149373560401582, 0.08781030116882621], [0.00029352990425910596, -0.001493457975264588, -0.9999988417110652, -0.00405432389129082], [0.0, 0.0, 0.0, 1.0]]}, "mean_rme": {"type": "float", "data": 0.0014396386353489905}, "max_rme": {"type": "float", "data": 0.004932235247918165}, "simu": {"type": "float", "data": 0.002}}, {"type": "dict", "image_number": {"type": "int", "data": 25}, "Hcamera2end": {"type": "ndarray", "data": [[0.9999990766904809, 0.0010175183963142384, -0.0009007077765730757, -0.016184605573011705], [0.0008990999234110265, 0.0015795249199701544, 0.9999983483588135, 0.027000819461541523], [0.001018939406117655, -0.9999982348771124, 0.00157860861086756, 0.03365819550420399], [0.0, 0.0, 0.0, 1.0]]}, "Hobj2base": {"type": "ndarray", "data": [[0.999999562813292, 0.0009032049090227056, 0.00024206221750509903, -0.7364968826820624], [0.0009028404142865115, -0.9999984648987386, 0.001501692163171942, 0.08782764441178159], [0.00024341818164870136, -0.0015014729630993533, -0.9999988431625959, -0.003909702417512571], [0.0, 0.0, 0.0, 1.0]]}, "mean_rme": {"type": "float", "data": 0.0014597723093337633}, "max_rme": {"type": "float", "data": 0.005010195925475497}, "simu": {"type": "float", "data": 0.002}}, {"type": "dict", "image_number": {"type": "int", "data": 26}, "Hcamera2end": {"type": "ndarray", "data": [[0.9999989719416307, 0.0009321017569851765, -0.0010896338818446735, -0.015850589034577322], [0.0010882726790442433, 0.0014596213556988813, 0.9999983425826635, 0.026871743780246093], [0.0009336906649873986, -0.9999985003447818, 0.0014586054742466992, 0.03347003330589337], [0.0, 0.0, 0.0, 1.0]]}, "Hobj2base": {"type": "ndarray", "data": [[0.9999995789992787, 0.0008630623095108002, 0.000311648383790237, -0.7361426346575042], [0.0008626584627072511, -0.9999987911329882, 0.0012936587410660085, 0.08797515212489083], [0.0003127645151495699, -0.00129338935031908, -0.999999114660781, -0.0038937684050093], [0.0, 0.0, 0.0, 1.0]]}, "mean_rme": {"type": "float", "data": 0.001452438801962862}, "max_rme": {"type": "float", "data": 0.005100783335163311}, "simu": {"type": "float", "data": 0.002}}, {"type": "dict", "image_number": {"type": "int", "data": 27}, "Hcamera2end": {"type": "ndarray", "data": [[0.999999301164555, 0.0006397406951388304, -0.0009941842105820856, -0.01566902098923015], [0.0009932063341266248, 0.0015270577854576972, 0.9999983408164722, 0.025786686808965786], [0.0006412578104305552, -0.9999986294122419, 0.0015264213237849988, 0.03349484608775981], [0.0, 0.0, 0.0, 1.0]]}, "Hobj2base": {"type": "ndarray", "data": [[0.9999997512113602, 0.0005585319411740003, 0.0004308355698922204, -0.7361082448424325], [0.0005579390743652863, -0.999998899065053, 0.001374980971122368, 0.08874678836994924], [0.00043160306636116344, -0.0013747402490436533, -0.9999989619034815, -0.0031178789537904435], [0.0, 0.0, 0.0, 1.0]]}, "mean_rme": {"type": "float", "data": 0.0014302699238304933}, "max_rme": {"type": "float", "data": 0.005194274579009589}, "simu": {"type": "float", "data": 0.002}}, {"type": "dict", "image_number": {"type": "int", "data": 28}, "Hcamera2end": {"type": "ndarray", "data": [[0.9999995782065596, 0.00021916456361379273, -0.0008919381126812045, -0.015470343556369857], [0.0008915798366628059, 0.001629430864670267, 0.9999982750187382, 0.025458960734200602], [0.00022061753704920566, -0.9999986484600623, 0.001629234774681132, 0.03348701997634012], [0.0, 0.0, 0.0, 1.0]]}, "Hobj2base": {"type": "ndarray", "data": [[0.9999998383602358, 0.00010125313068736851, 0.0005594884323508203, -0.7361157377433308], [0.00010041618039793034, -0.9999988763291858, 0.0014957462873394522, 0.08920839655591299], [0.0005596392526643052, -0.0014956898638760212, -0.9999987248570559, -0.003017200647471834], [0.0, 0.0, 0.0, 1.0]]}, "mean_rme": {"type": "float", "data": 0.001442803354794368}, "max_rme": {"type": "float", "data": 0.00523766997420641}, "simu": {"type": "float", "data": 0.002}}, {"type": "dict", "image_number": {"type": "int", "data": 29}, "Hcamera2end": {"type": "ndarray", "data": [[0.9999995448238201, 0.00032566505054274094, -0.0008968246357608949, -0.01543959538799948], [0.0008962782151002164, 0.0016741483582981553, 0.9999981969546923, 0.02464807655926715], [0.00032716588084554004, -0.999998545583717, 0.001673855709775518, 0.03352106134492986], [0.0, 0.0, 0.0, 1.0]]}, "Hobj2base": {"type": "ndarray", "data": [[0.9999998549953544, 0.00017100918039543477, 0.0005106516723349715, -0.7361001449643546], [0.00017024917916014145, -0.9999988784803098, 0.0014879695362158447, 0.08960964429713858], [0.0005109055560799075, -0.0014878823824252979, -0.9999987625899995, -0.0023182003801155387], [0.0, 0.0, 0.0, 1.0]]}, "mean_rme": {"type": "float", "data": 0.0014516839276934607}, "max_rme": {"type": "float", "data": 0.005312755537814878}, "simu": {"type": "float", "data": 0.002}}, {"type": "dict", "image_number": {"type": "int", "data": 30}, "Hcamera2end": {"type": "ndarray", "data": [[0.9999996199361915, 6.455630495271934e-05, -0.0008694595770840014, -0.015378148105221067], [0.0008693488497572569, 0.001695867059335554, 0.9999981841320986, 0.023987474458398293], [6.603067558319796e-05, -0.9999985599326635, 0.0016958102928483765, 0.033487066095701616], [0.0, 0.0, 0.0, 1.0]]}, "Hobj2base": {"type": "ndarray", "data": [[0.9999998217706165, -9.12662075592007e-05, 0.0005900247576419223, -0.7361226574059265], [-9.214664023903066e-05, -0.9999988822126993, 0.0014923412304220947, 0.09003573935976691], [0.0005898878977952564, -0.0014923953332421117, -0.9999987123933893, -0.0018062232862311456], [0.0, 0.0, 0.0, 1.0]]}, "mean_rme": {"type": "float", "data": 0.0014794088128889937}, "max_rme": {"type": "float", "data": 0.005263892606590964}, "simu": {"type": "float", "data": 0.002}}]}