{"type": "list", "data": [{"type": "dict", "image_number": {"type": "int", "data": 5}, "Hcamera2end": {"type": "ndarray", "data": [[0.9999939170501337, 0.0014514003732390215, 0.0031716399049832905, -0.017097753193559433], [-0.0031722911238131254, 0.00044660114548111807, 0.9999948685450555, 0.0231705820032186], [0.0014499764674287805, -0.999998846991522, 0.0004512026933498614, 0.03325236400528469], [0.0, 0.0, 0.0, 1.0]]}, "Hobj2base": {"type": "ndarray", "data": [[0.9999989448627791, 0.001452415997423431, 2.758802091550125e-05, -0.7358773696610706], [0.0014523548687346193, -0.9999967408840329, 0.002099734899457543, 0.0890493264847518], [3.063761956126219e-05, -0.002099692616352601, -0.9999977951736962, -0.00038169711507443085], [0.0, 0.0, 0.0, 1.0]]}, "mean_rme": {"type": "float", "data": 0.001463694787999704}, "max_rme": {"type": "float", "data": 0.004858682296872918}, "simu": {"type": "float", "data": 0.002}}, {"type": "dict", "image_number": {"type": "int", "data": 6}, "Hcamera2end": {"type": "ndarray", "data": [[0.9999971099122447, 0.0020428898340477545, 0.0012675836398569015, -0.017302880022272944], [-0.0012619907594381993, -0.002736697493108453, 0.9999954589227665, 0.022902664332585504], [0.00204634955009674, -0.9999941685269756, -0.0027341114757193363, 0.035014131188819624], [0.0, 0.0, 0.0, 1.0]]}, "Hobj2base": {"type": "ndarray", "data": [[0.9999896151413145, 0.003572740686949838, 0.0028293344640715435, -0.7359459689450482], [0.0035714420623108446, -0.9999935147756593, 0.00046390539963147046, 0.08732951653566283], [0.002830973528898967, -0.00045379577792612104, -0.9999958898206891, -0.0005200763727765308], [0.0, 0.0, 0.0, 1.0]]}, "mean_rme": {"type": "float", "data": 0.0013875110293509903}, "max_rme": {"type": "float", "data": 0.004370100457156356}, "simu": {"type": "float", "data": 0.002}}, {"type": "dict", "image_number": {"type": "int", "data": 7}, "Hcamera2end": {"type": "ndarray", "data": [[0.9999973146565547, 0.0020350482895650284, 0.0011087191432574577, -0.01751624628533213], [-0.0011022687659562856, -0.0031680328912211397, 0.9999943742697593, 0.02297831210210837], [0.0020385492996452905, -0.999992911047903, -0.003165781213797958, 0.035339290088404654], [0.0, 0.0, 0.0, 1.0]]}, "Hobj2base": {"type": "ndarray", "data": [[0.9999861104689894, 0.004039358537532103, 0.0033856242714163675, -0.7356849236128884], [0.004037563442511507, -0.9999917048872056, 0.0005368782247625548, 0.08718173237044329], [0.003387764830921965, -0.0005232010949874527, -0.9999941246377726, -0.00032675239519399025], [0.0, 0.0, 0.0, 1.0]]}, "mean_rme": {"type": "float", "data": 0.001439095096060005}, "max_rme": {"type": "float", "data": 0.004473408779067323}, "simu": {"type": "float", "data": 0.002}}, {"type": "dict", "image_number": {"type": "int", "data": 8}, "Hcamera2end": {"type": "ndarray", "data": [[0.9999989977656528, 0.0012017264536592451, 0.0007485460709731169, -0.015500120624455636], [-0.0007472441804383285, -0.0010834338609486682, 0.9999991338982268, 0.022576962493827762], [0.0012025364130016053, -0.9999986910114431, -0.00108253479199516, 0.0346472265002202], [0.0, 0.0, 0.0, 1.0]]}, "Hobj2base": {"type": "ndarray", "data": [[0.9999952984549467, 0.0024796283703397218, 0.001804026370931971, -0.7353313655730696], [0.0024776292486897037, -0.99999631513416, 0.0011095365732625108, 0.08934777941708746], [0.001806770961701814, -0.0011050616482242946, -0.9999977572062075, -0.000303678922898884], [0.0, 0.0, 0.0, 1.0]]}, "mean_rme": {"type": "float", "data": 0.001416061762421903}, "max_rme": {"type": "float", "data": 0.00510019171002718}, "simu": {"type": "float", "data": 0.002}}, {"type": "dict", "image_number": {"type": "int", "data": 9}, "Hcamera2end": {"type": "ndarray", "data": [[0.9999989031481388, 0.0013806053385726398, 0.0005363127991794144, -0.016523497777834274], [-0.000536248471456611, -4.696360572831182e-05, 0.9999998551159878, 0.022530255189680586], [0.001380630325727847, -0.9999990458612041, -4.6223206713769116e-05, 0.03394578078794629], [0.0, 0.0, 0.0, 1.0]]}, "Hobj2base": {"type": "ndarray", "data": [[0.9999973563427392, 0.0021681633796116475, 0.0007657513251758541, -0.7356111126489134], [0.0021672178692224596, -0.9999968909068122, 0.0012334275075960761, 0.08826901872870417], [0.0007684232167370009, -0.0012317646968811882, -0.9999989461401906, 0.00016592368482660892], [0.0, 0.0, 0.0, 1.0]]}, "mean_rme": {"type": "float", "data": 0.0014574494298737826}, "max_rme": {"type": "float", "data": 0.004680665682484264}, "simu": {"type": "float", "data": 0.002}}, {"type": "dict", "image_number": {"type": "int", "data": 10}, "Hcamera2end": {"type": "ndarray", "data": [[0.9999978470200601, 0.0020225181674495794, 0.00046408566752071333, -0.016401717123498825], [-0.000464188999285226, 5.062153199864028e-05, 0.9999998909830107, 0.02250762856800521], [0.0020224944542332696, -0.999997953426767, 5.1560253695681624e-05, 0.03378742535637804], [0.0, 0.0, 0.0, 1.0]]}, "Hobj2base": {"type": "ndarray", "data": [[0.9999961132497939, 0.0026936854722775854, 0.0007194052279089442, -0.7356519315674495], [0.0026926782932433684, -0.999995398459453, 0.0013973344371270523, 0.08806530981103149], [0.0007231658970098205, -0.0013953918791959044, -0.9999987649555317, 0.00021111142883922795], [0.0, 0.0, 0.0, 1.0]]}, "mean_rme": {"type": "float", "data": 0.0013976397307093832}, "max_rme": {"type": "float", "data": 0.004754331028416603}, "simu": {"type": "float", "data": 0.002}}, {"type": "dict", "image_number": {"type": "int", "data": 11}, "Hcamera2end": {"type": "ndarray", "data": [[0.9999977256680626, 0.0021235560682468513, -0.00019790989673419972, -0.01610196834859228], [0.0001978844817533338, 1.2178226263759306e-05, 0.9999999803467109, 0.022528060139528027], [0.002123558436703493, -0.9999977451781156, 1.1757979774373872e-05, 0.033671738631286544], [0.0, 0.0, 0.0, 1.0]]}, "Hobj2base": {"type": "ndarray", "data": [[0.9999954955432758, 0.002870641990582718, 0.0008765316423396536, -0.7354914250946163], [0.0028699580262562196, -0.9999955770151914, 0.0007805709335101938, 0.08807479188066475], [0.0008787685051518779, -0.0007780518084400034, -0.9999993112004117, 0.00031594118988611327], [0.0, 0.0, 0.0, 1.0]]}, "mean_rme": {"type": "float", "data": 0.0013722187511963154}, "max_rme": {"type": "float", "data": 0.005082388652473124}, "simu": {"type": "float", "data": 0.002}}, {"type": "dict", "image_number": {"type": "int", "data": 12}, "Hcamera2end": {"type": "ndarray", "data": [[0.9999972488881205, 0.0023079906807894654, -0.0004188021105558912, -0.015919149070439703], [0.00041855867583805466, 0.00010595674646707298, 0.999999906790897, 0.022552524815536504], [0.0023080348405727725, -0.9999973309725309, 0.00010499042544509507, 0.033977188403326065], [0.0, 0.0, 0.0, 1.0]]}, "Hobj2base": {"type": "ndarray", "data": [[0.9999951252828745, 0.003004906609385924, 0.0008484967630715176, -0.7358107410908014], [0.0030044129599990925, -0.9999953171051257, 0.0005824693857294569, 0.08801996451633297], [0.0008502430557573182, -0.0005799173116844779, -0.9999994703911887, 0.0006439208970746105], [0.0, 0.0, 0.0, 1.0]]}, "mean_rme": {"type": "float", "data": 0.001419601237825505}, "max_rme": {"type": "float", "data": 0.005538616776793459}, "simu": {"type": "float", "data": 0.002}}, {"type": "dict", "image_number": {"type": "int", "data": 13}, "Hcamera2end": {"type": "ndarray", "data": [[0.9999972080616499, 0.0023146558133695185, -0.00047564416419664825, -0.01594663827712367], [0.00047445528141538344, 0.0005141546398420571, 0.9999997552685664, 0.0224849161828725], [0.0023148998015544184, -0.9999971890027854, 0.0005130550036787085, 0.03372283271800667], [0.0, 0.0, 0.0, 1.0]]}, "Hobj2base": {"type": "ndarray", "data": [[0.9999958873594572, 0.002827604338680445, 0.0004794975240907059, -0.7358557491298436], [0.0028272220541117887, -0.9999956865321422, 0.0007960732164249319, 0.08797505447761397], [0.00048174643587421836, -0.0007947142964869457, -0.9999995681746856, 0.00069702482763212], [0.0, 0.0, 0.0, 1.0]]}, "mean_rme": {"type": "float", "data": 0.0013833821524540126}, "max_rme": {"type": "float", "data": 0.005439483960759439}, "simu": {"type": "float", "data": 0.002}}, {"type": "dict", "image_number": {"type": "int", "data": 14}, "Hcamera2end": {"type": "ndarray", "data": [[0.9999975963391063, 0.002146781414529001, -0.0004456967218579267, -0.015757935925739684], [0.0004454818288923601, 0.00010057720451106533, 0.9999998957150775, 0.022372460221601814], [0.002146826017582412, -0.9999976906042254, 9.962061064683336e-05, 0.0335842994282158], [0.0, 0.0, 0.0, 1.0]]}, "Hobj2base": {"type": "ndarray", "data": [[0.9999955811903171, 0.002836268771374477, 0.0008906061399206661, -0.7354107795312628], [0.002835676144307958, -0.9999957576973275, 0.0006659790928317892, 0.08794975656823008], [0.0008924912574032459, -0.0006634506794119778, -0.9999993816460844, 0.0004531737344643675], [0.0, 0.0, 0.0, 1.0]]}, "mean_rme": {"type": "float", "data": 0.0014341543555709232}, "max_rme": {"type": "float", "data": 0.005317029927644046}, "simu": {"type": "float", "data": 0.002}}, {"type": "dict", "image_number": {"type": "int", "data": 15}, "Hcamera2end": {"type": "ndarray", "data": [[0.9999978550527013, 0.0020553914190751046, -0.0002554527567374859, -0.015415213991345758], [0.0002542800752915493, 0.0005707803301243652, 0.9999998047757098, 0.023035692455059337], [0.002055536825221596, -0.9999977247853761, 0.0005702564607458216, 0.03368373748225084], [0.0, 0.0, 0.0, 1.0]]}, "Hobj2base": {"type": "ndarray", "data": [[0.9999968314844061, 0.0024227052024284137, 0.000683754817474931, -0.7355591580691598], [0.002422062078012635, -0.9999966251490928, 0.0009398434526059606, 0.08810033523715013], [0.0006860294735264616, -0.0009381843780832608, -0.999999324586589, -0.0003292162545982006], [0.0, 0.0, 0.0, 1.0]]}, "mean_rme": {"type": "float", "data": 0.0014942932798281525}, "max_rme": {"type": "float", "data": 0.00523592974737308}, "simu": {"type": "float", "data": 0.002}}, {"type": "dict", "image_number": {"type": "int", "data": 16}, "Hcamera2end": {"type": "ndarray", "data": [[0.999996972240024, 0.00245769329911887, -0.00012350883392580475, -0.015323479237857712], [0.00012195113968499916, 0.0006339431139029683, 0.9999997916220021, 0.022805999456953073], [0.0024577710845644345, -0.9999967789247001, 0.0006336414759766651, 0.033790452610965735], [0.0, 0.0, 0.0, 1.0]]}, "Hobj2base": {"type": "ndarray", "data": [[0.9999961611186704, 0.0027201940621494353, 0.0005275340619259598, -0.7355022826182495], [0.0027196426487643326, -0.9999957576491536, 0.0010431814599780145, 0.08823099500792841], [0.0005303694799545622, -0.0010417427511946948, -0.9999993167398942, -0.00025668274548269754], [0.0, 0.0, 0.0, 1.0]]}, "mean_rme": {"type": "float", "data": 0.0015046195143377436}, "max_rme": {"type": "float", "data": 0.005170150152548958}, "simu": {"type": "float", "data": 0.002}}, {"type": "dict", "image_number": {"type": "int", "data": 17}, "Hcamera2end": {"type": "ndarray", "data": [[0.9999970818371704, 0.0023852313396380245, -0.00038339092319950355, -0.015295146381964417], [0.00038172098852829817, 0.000700530201065197, 0.9999996817732113, 0.02271745698378527], [0.0023854991575140306, -0.9999969099596726, 0.0006996176639391116, 0.03368669538902605], [0.0, 0.0, 0.0, 1.0]]}, "Hobj2base": {"type": "ndarray", "data": [[0.9999965978501435, 0.0025858036871108997, 0.00034337651360759146, -0.7355326645268551], [0.0025854887681177868, -0.9999962395321329, 0.0009144229999303322, 0.08815445438070044], [0.0003457397407160446, -0.0009135320928070864, -0.9999995229614596, -0.00016504120572797688], [0.0, 0.0, 0.0, 1.0]]}, "mean_rme": {"type": "float", "data": 0.0014625156620058641}, "max_rme": {"type": "float", "data": 0.005148465273372094}, "simu": {"type": "float", "data": 0.002}}, {"type": "dict", "image_number": {"type": "int", "data": 18}, "Hcamera2end": {"type": "ndarray", "data": [[0.9999971491224597, 0.002374600050046319, -0.0002510409437723395, -0.015303630409686495], [0.0002501295236323857, 0.0003841096761092455, 0.9999998949474834, 0.02298489013634014], [0.0023746962278442104, -0.9999971068629944, 0.00038351462348029663, 0.033274991868304495], [0.0, 0.0, 0.0, 1.0]]}, "Hobj2base": {"type": "ndarray", "data": [[0.9999961433439403, 0.0027081148091311993, 0.000615963819006823, -0.7349480261918375], [0.002707384457920912, -0.9999956347316363, 0.001183464012928444, 0.08843809831894427], [0.0006191660865789358, -0.0011817917978445664, -0.9999991100003562, -0.0003407978256555508], [0.0, 0.0, 0.0, 1.0]]}, "mean_rme": {"type": "float", "data": 0.0015659059479903679}, "max_rme": {"type": "float", "data": 0.005867073045058596}, "simu": {"type": "float", "data": 0.002}}, {"type": "dict", "image_number": {"type": "int", "data": 19}, "Hcamera2end": {"type": "ndarray", "data": [[0.9999971154683901, 0.0023998529879470766, -9.879542230018467e-05, -0.015243169300279582], [9.804922095476925e-05, 0.0003110519356631647, 0.9999999468165205, 0.022966326570554963], [0.0023998835908218856, -0.9999970719718781, 0.0003108157347081475, 0.03343874339356703], [0.0, 0.0, 0.0, 1.0]]}, "Hobj2base": {"type": "ndarray", "data": [[0.9999960428637825, 0.002747413508927074, 0.0006049593268173712, -0.7350807216701742], [0.0027465634686843453, -0.9999952460883614, 0.0014014955549292805, 0.08859735030517252], [0.0006088069387145003, -0.001399828449833385, -0.9999988349165327, -0.00016131391341588306], [0.0, 0.0, 0.0, 1.0]]}, "mean_rme": {"type": "float", "data": 0.0015872992036943126}, "max_rme": {"type": "float", "data": 0.005869249932784482}, "simu": {"type": "float", "data": 0.002}}, {"type": "dict", "image_number": {"type": "int", "data": 20}, "Hcamera2end": {"type": "ndarray", "data": [[0.9999982459916561, 0.0018320235100479634, -0.0003894912963030308, -0.014670142432016635], [0.00038849801096119076, 0.0005425039888024008, 0.9999997773793342, 0.022797718164559957], [0.0018322344027835178, -0.9999981746879746, 0.000541791299756178, 0.03307661560537841], [0.0, 0.0, 0.0, 1.0]]}, "Hobj2base": {"type": "ndarray", "data": [[0.9999975915330108, 0.002131212374841379, 0.0005242728211335612, -0.7346490441887062], [0.002130555711523853, -0.9999969492264009, 0.001249908097012982, 0.08906790857198016], [0.0005269350412996482, -0.0012487880941971278, -0.999999081433457, -0.00012397765829943452], [0.0, 0.0, 0.0, 1.0]]}, "mean_rme": {"type": "float", "data": 0.0015779996572867357}, "max_rme": {"type": "float", "data": 0.005678371756927647}, "simu": {"type": "float", "data": 0.002}}, {"type": "dict", "image_number": {"type": "int", "data": 21}, "Hcamera2end": {"type": "ndarray", "data": [[0.9999985637405449, 0.0016617314610011572, -0.00033341475507436586, -0.01471254428143079], [0.00033256017296297313, 0.0005145218731351653, 0.9999998123354691, 0.022928942114305025], [0.001661902698337414, -0.9999984869567521, 0.0005139685084462053, 0.03310402141466652], [0.0, 0.0, 0.0, 1.0]]}, "Hobj2base": {"type": "ndarray", "data": [[0.999997920239298, 0.0019637902808281034, 0.0005504950603227669, -0.7346430438716595], [0.001963048979310472, -0.9999971701411476, 0.00134393020713013, 0.08922040731554044], [0.0005531326995783207, -0.001342846763310617, -0.9999989454028375, -0.00020628536752098108], [0.0, 0.0, 0.0, 1.0]]}, "mean_rme": {"type": "float", "data": 0.0015767033822836262}, "max_rme": {"type": "float", "data": 0.005673323633657357}, "simu": {"type": "float", "data": 0.002}}, {"type": "dict", "image_number": {"type": "int", "data": 22}, "Hcamera2end": {"type": "ndarray", "data": [[0.9999986491289814, 0.0016270773664386349, -0.00023315114401209025, -0.014702401878553577], [0.0002319924451715681, 0.0007122874653148203, 0.999999719412997, 0.022913248731417868], [0.0016272429805392762, -0.9999984226316614, 0.0007119090334496425, 0.03309581744276914], [0.0, 0.0, 0.0, 1.0]]}, "Hobj2base": {"type": "ndarray", "data": [[0.9999982167372929, 0.001855729850841461, 0.00035041254926328663, -0.7347682609296791], [0.001855250302742889, -0.9999973488728298, 0.0013639258138050778, 0.08928114013153238], [0.0003529426981220679, -0.0013632732785789333, -0.999999008458218, -0.00014814394472459358], [0.0, 0.0, 0.0, 1.0]]}, "mean_rme": {"type": "float", "data": 0.001539246771564714}, "max_rme": {"type": "float", "data": 0.005680112488755551}, "simu": {"type": "float", "data": 0.002}}, {"type": "dict", "image_number": {"type": "int", "data": 23}, "Hcamera2end": {"type": "ndarray", "data": [[0.9999986618260474, 0.0016326608025992017, -0.00010375364218726956, -0.01486668274821712], [0.00010269884088621388, 0.0006461333077738551, 0.9999997859823255, 0.022862436177084944], [0.0016327274918649533, -0.999998458464038, 0.0006459647707631744, 0.03311198099885392], [0.0, 0.0, 0.0, 1.0]]}, "Hobj2base": {"type": "ndarray", "data": [[0.9999982353139715, 0.0018498431756160552, 0.0003277943997192299, -0.734665334154795], [0.0018493591599458052, -0.9999972083273476, 0.0014707848954400218, 0.08922403104490091], [0.0003305142060261976, -0.0014701760903907662, -0.9999988646706668, -9.86524433921356e-05], [0.0, 0.0, 0.0, 1.0]]}, "mean_rme": {"type": "float", "data": 0.0015085494564289672}, "max_rme": {"type": "float", "data": 0.005581969398328335}, "simu": {"type": "float", "data": 0.002}}, {"type": "dict", "image_number": {"type": "int", "data": 24}, "Hcamera2end": {"type": "ndarray", "data": [[0.9999987513043471, 0.0015452611798225616, -0.00033099491316991114, -0.014705042039648678], [0.0003298423844803921, 0.0007460424550740363, 0.999999667312273, 0.022817947514491642], [0.0015455076019907704, -0.999998527793187, 0.0007455318308619008, 0.03297908694095917], [0.0, 0.0, 0.0, 1.0]]}, "Hobj2base": {"type": "ndarray", "data": [[0.9999985453233957, 0.0016956194115439415, 0.00018500244233617363, -0.7345759018351851], [0.0016953749474438043, -0.9999976999973481, 0.0013136604587336703, 0.0892891285126447], [0.00018722948500407224, -0.0013133448992765822, -0.9999991200347604, -1.2054471404829292e-05], [0.0, 0.0, 0.0, 1.0]]}, "mean_rme": {"type": "float", "data": 0.0014720232858396333}, "max_rme": {"type": "float", "data": 0.005697502231850726}, "simu": {"type": "float", "data": 0.002}}, {"type": "dict", "image_number": {"type": "int", "data": 25}, "Hcamera2end": {"type": "ndarray", "data": [[0.9999986729147179, 0.0015814501465874708, -0.0003913875790350769, -0.014643075202476303], [0.0003902084156230157, 0.000745861380028634, 0.9999996457140343, 0.02349548030907505], [0.0015817415071817035, -0.9999984713519494, 0.0007452432950508792, 0.032930237793592276], [0.0, 0.0, 0.0, 1.0]]}, "Hobj2base": {"type": "ndarray", "data": [[0.9999984938047399, 0.0017311090108445757, 0.00012509933654769118, -0.7346591493600552], [0.0017309494588003819, -0.9999977024865383, 0.0012644507171103707, 0.08887227738840081], [0.00012728795116044003, -0.0012642322719718004, -0.999999192756944, -0.0005755211819998407], [0.0, 0.0, 0.0, 1.0]]}, "mean_rme": {"type": "float", "data": 0.0015215228593491532}, "max_rme": {"type": "float", "data": 0.00568945112490804}, "simu": {"type": "float", "data": 0.002}}, {"type": "dict", "image_number": {"type": "int", "data": 26}, "Hcamera2end": {"type": "ndarray", "data": [[0.9999991019220064, 0.0012990721646877247, -0.00032949460050518524, -0.014539835340299269], [0.00032851220782902286, 0.0007563672768463592, 0.999999659994078, 0.023553600280613003], [0.0012993209419292153, -0.9999988701593884, 0.0007559398365045711, 0.03291351255440941], [0.0, 0.0, 0.0, 1.0]]}, "Hobj2base": {"type": "ndarray", "data": [[0.9999988880921057, 0.0014731882049582744, 0.0002313678135998794, -0.7346907617124884], [0.0014728885085669014, -0.9999980829940782, 0.0012901967329684678, 0.08898249909061483], [0.0002332680726754955, -0.0012898545193946317, -0.9999991409302935, -0.0007355381135176411], [0.0, 0.0, 0.0, 1.0]]}, "mean_rme": {"type": "float", "data": 0.0015189698596985764}, "max_rme": {"type": "float", "data": 0.005681480296718999}, "simu": {"type": "float", "data": 0.002}}, {"type": "dict", "image_number": {"type": "int", "data": 27}, "Hcamera2end": {"type": "ndarray", "data": [[0.9999988764090251, 0.0014517280634023257, -0.0003737195703635638, -0.014502777038932439], [0.0003727598115610824, 0.0006613290517799575, 0.9999997118469625, 0.023646870451252133], [0.001451974796691575, -0.999998727563948, 0.0006607871628372397, 0.03282480631218429], [0.0, 0.0, 0.0, 1.0]]}, "Hobj2base": {"type": "ndarray", "data": [[0.9999985814419609, 0.0016631412253284776, 0.0002665995697983595, -0.7346162089710063], [0.001662783000242188, -0.9999977220249967, 0.0013383189125681348, 0.08904874436992943], [0.0002688247758473324, -0.00133787371685255, -0.9999990689131455, -0.0008249578691994311], [0.0, 0.0, 0.0, 1.0]]}, "mean_rme": {"type": "float", "data": 0.0015196738128525522}, "max_rme": {"type": "float", "data": 0.005681612988317597}, "simu": {"type": "float", "data": 0.002}}, {"type": "dict", "image_number": {"type": "int", "data": 28}, "Hcamera2end": {"type": "ndarray", "data": [[0.9999987862576463, 0.0014635827679792051, -0.0005342365725752513, -0.014607363735769003], [0.0005333283714570348, 0.0006208528273616842, 0.9999996650512516, 0.023640891172255537], [0.001463913960040552, -0.9999987362328256, 0.0006200715035922233, 0.03273992059867892], [0.0, 0.0, 0.0, 1.0]]}, "Hobj2base": {"type": "ndarray", "data": [[0.9999984895314856, 0.0017099816259430727, 0.0003112837711858983, -0.7344659553272262], [0.0017095811318996873, -0.9999977164661273, 0.0012823396136976194, 0.08892858970097914], [0.0003134758375365046, -0.001281805511902122, -0.9999991293533859, -0.0009450137129889521], [0.0, 0.0, 0.0, 1.0]]}, "mean_rme": {"type": "float", "data": 0.0015535619957904392}, "max_rme": {"type": "float", "data": 0.005489864390553545}, "simu": {"type": "float", "data": 0.002}}, {"type": "dict", "image_number": {"type": "int", "data": 29}, "Hcamera2end": {"type": "ndarray", "data": [[0.9999984917636172, 0.0016442243222499647, -0.0005594612309643797, -0.014505309202036146], [0.0005585894798868471, 0.0005306012773297342, 0.9999997032199945, 0.023688875617177644], [0.0016445206851208277, -0.9999985074932174, 0.0005296820306486261, 0.032684906515081616], [0.0, 0.0, 0.0, 1.0]]}, "Hobj2base": {"type": "ndarray", "data": [[0.9999981200203446, 0.0019121008478458204, 0.00032222061410106255, -0.7344821885300864], [0.001911670035663332, -0.9999972855689114, 0.00133205573601988, 0.08901570753855505], [0.00032476676435763175, -0.0013314372522893465, -0.9999990609002551, -0.0010005172094882902], [0.0, 0.0, 0.0, 1.0]]}, "mean_rme": {"type": "float", "data": 0.001562453833349139}, "max_rme": {"type": "float", "data": 0.005526711568737297}, "simu": {"type": "float", "data": 0.002}}, {"type": "dict", "image_number": {"type": "int", "data": 30}, "Hcamera2end": {"type": "ndarray", "data": [[0.9999980207247233, 0.0018783316641882001, -0.0006560615788416198, -0.014436914339571427], [0.0006551821497035964, 0.00046877398941735926, 0.9999996754935961, 0.02374056923844254], [0.0018786385992611634, -0.9999981260587972, 0.00046754241220703374, 0.032534371956338196], [0.0, 0.0, 0.0, 1.0]]}, "Hobj2base": {"type": "ndarray", "data": [[0.9999976455310472, 0.002152859784512311, 0.0002722629432775809, -0.734463744963325], [0.002152500639124106, -0.9999968219105821, 0.0013125965617265714, 0.0890255270874877], [0.0002750879143526323, -0.0013120074250993045, -0.9999991014811742, -0.0011545487448003785], [0.0, 0.0, 0.0, 1.0]]}, "mean_rme": {"type": "float", "data": 0.001616265375492955}, "max_rme": {"type": "float", "data": 0.005445968112132604}, "simu": {"type": "float", "data": 0.002}}]}