{"type": "list", "data": [{"type": "dict", "image_number": {"type": "int", "data": 5}, "Hcamera2end": {"type": "ndarray", "data": [[0.999991531740756, 0.0034846606725445874, 0.002189426128910318, -0.01905759599263201], [-0.002192755429013646, 0.0009518822845343555, 0.9999971428677906, 0.02038259506416905], [0.003482566640462936, -0.9999934755087722, 0.0009595152323563783, 0.02826590150472387], [0.0, 0.0, 0.0, 1.0]]}, "Hobj2base": {"type": "ndarray", "data": [[0.999994706334261, 0.0032428014253804353, -0.0002674740560972327, -0.7319187476195459], [0.00324304035632166, -0.9999943383573804, 0.0008977429656593216, 0.08587877524846443], [-0.0002645613395860517, -0.0008986056424663343, -0.9999995612575023, 0.003983718260890346], [0.0, 0.0, 0.0, 1.0]]}, "mean_rme": {"type": "float", "data": 0.0019813266059327678}, "max_rme": {"type": "float", "data": 0.005762776629620769}, "simu": {"type": "float", "data": 0.002}}, {"type": "dict", "image_number": {"type": "int", "data": 6}, "Hcamera2end": {"type": "ndarray", "data": [[0.9999954789978999, 0.0028350481405605104, 0.001002240391132786, -0.017669304585401585], [-0.0010030461077458388, 0.0002827909977631826, 0.9999994569637313, 0.02041186085281994], [0.002834763176466339, -0.9999959412574094, 0.00028563340326714926, 0.03085000296840918], [0.0, 0.0, 0.0, 1.0]]}, "Hobj2base": {"type": "ndarray", "data": [[0.9999962252102448, 0.002690654548514688, 0.00055672557139384, -0.7342792138498498], [0.002690847922298336, -0.9999963194975989, -0.0003468842979901736, 0.08631504224559207], [0.0005557901765498419, 0.0003483810524219548, -0.9999997848639384, 0.003996206615459963], [0.0, 0.0, 0.0, 1.0]]}, "mean_rme": {"type": "float", "data": 0.0019374214622322628}, "max_rme": {"type": "float", "data": 0.006000318926504322}, "simu": {"type": "float", "data": 0.002}}, {"type": "dict", "image_number": {"type": "int", "data": 7}, "Hcamera2end": {"type": "ndarray", "data": [[0.9999953267533914, 0.0027020548246050923, 0.0014301647117648574, -0.017303328164338536], [-0.0014327008526115953, 0.0009368947441981135, 0.9999985347971792, 0.01982485896207571], [0.0027007109517449513, -0.9999959105556198, 0.0009407616021088749, 0.031034340000939194], [0.0, 0.0, 0.0, 1.0]]}, "Hobj2base": {"type": "ndarray", "data": [[0.9999972117220158, 0.002338730320005866, 0.00032693834900050637, -0.734194715001384], [0.002338737486977147, -0.9999972649177382, -2.1540883380048094e-05, 0.08710991621220532], [0.00032688707648014675, 2.2305446290815106e-05, -0.9999999463236515, 0.004465395571252552], [0.0, 0.0, 0.0, 1.0]]}, "mean_rme": {"type": "float", "data": 0.0019444301080958808}, "max_rme": {"type": "float", "data": 0.0059177901747721195}, "simu": {"type": "float", "data": 0.002}}, {"type": "dict", "image_number": {"type": "int", "data": 8}, "Hcamera2end": {"type": "ndarray", "data": [[0.9999952703110035, 0.002634577634986165, 0.0015869329879622343, -0.0173136957537282], [-0.0015880697648422773, 0.00042944767345731716, 0.9999986468036434, 0.019916887402865253], [0.002633892565205695, -0.999996437281344, 0.00043362953538861326, 0.030316369891069582], [0.0, 0.0, 0.0, 1.0]]}, "Hobj2base": {"type": "ndarray", "data": [[0.9999970402701333, 0.0022866497866854633, 0.0008310738394301772, -0.7332038992085854], [0.0022864807261949597, -0.9999973651266787, 0.00020431737256645097, 0.08729177461339213], [0.0008315388519322849, -0.00020241653352631912, -0.9999996337852755, 0.0042860970863220355], [0.0, 0.0, 0.0, 1.0]]}, "mean_rme": {"type": "float", "data": 0.0018466510373544164}, "max_rme": {"type": "float", "data": 0.005869216961356116}, "simu": {"type": "float", "data": 0.002}}, {"type": "dict", "image_number": {"type": "int", "data": 9}, "Hcamera2end": {"type": "ndarray", "data": [[0.9999938480464282, 0.003135891262180504, 0.001571640954189461, -0.01768576876491902], [-0.0015723525596308414, 0.00022447040317019606, 0.9999987386594378, 0.020074465000652457], [0.00313553451987503, -0.9999950578873029, 0.00022939974889146786, 0.030519971966834106], [0.0, 0.0, 0.0, 1.0]]}, "Hobj2base": {"type": "ndarray", "data": [[0.9999957127828437, 0.0027762120218936294, 0.0009311620384580628, -0.733095750038958], [0.0027759992013950035, -0.9999961205099546, 0.000229768304859201, 0.08687525202306778], [0.0009317963115544044, -0.00022718241471745347, -0.999999540071786, 0.004291825002042258], [0.0, 0.0, 0.0, 1.0]]}, "mean_rme": {"type": "float", "data": 0.0017840945970454955}, "max_rme": {"type": "float", "data": 0.006023798839076222}, "simu": {"type": "float", "data": 0.002}}, {"type": "dict", "image_number": {"type": "int", "data": 10}, "Hcamera2end": {"type": "ndarray", "data": [[0.9999936452038659, 0.0033454853331482117, 0.0012317791078227042, -0.017570271162892052], [-0.0012312412228140848, -0.00016283416301687836, 0.9999992287647456, 0.020144025482933085], [0.003345683328712025, -0.9999943905907275, -0.00015871402878642193, 0.03071994893898749], [0.0, 0.0, 0.0, 1.0]]}, "Hobj2base": {"type": "ndarray", "data": [[0.9999949524898286, 0.003059539628019091, 0.0008568617916110011, -0.7331678829233359], [0.0030598524848025155, -0.9999952523751219, -0.00036404668336511745, 0.08676663071280029], [0.0008557439082984377, 0.0003666667165179736, -0.9999995666288475, 0.004266945332413996], [0.0, 0.0, 0.0, 1.0]]}, "mean_rme": {"type": "float", "data": 0.0016480499078993115}, "max_rme": {"type": "float", "data": 0.006050490321193092}, "simu": {"type": "float", "data": 0.002}}, {"type": "dict", "image_number": {"type": "int", "data": 11}, "Hcamera2end": {"type": "ndarray", "data": [[0.9999934088168209, 0.0034312202286403922, 0.001187034395977099, -0.01765690448383653], [-0.0011861266351246061, -0.00026658202419493904, 0.9999992610185419, 0.020152329173408687], [0.003431534135064333, -0.9999940778133473, -0.0002625104053999294, 0.030796248734895792], [0.0, 0.0, 0.0, 1.0]]}, "Hobj2base": {"type": "ndarray", "data": [[0.9999946256208709, 0.003148348835960115, 0.0009146742486942857, -0.7331581103312], [0.003148649237539592, -0.9999949894711664, -0.00032717050663450166, 0.0866607574705156], [0.0009136396188088663, 0.00033004873667190755, -0.9999995281651277, 0.004356148450072836], [0.0, 0.0, 0.0, 1.0]]}, "mean_rme": {"type": "float", "data": 0.0015490511676857512}, "max_rme": {"type": "float", "data": 0.006134720373607405}, "simu": {"type": "float", "data": 0.002}}, {"type": "dict", "image_number": {"type": "int", "data": 12}, "Hcamera2end": {"type": "ndarray", "data": [[0.9999934280368481, 0.0035101548570130054, 0.0009070259052525614, -0.01788245603119988], [-0.0009064037803526456, -0.00017882249752521062, 0.9999995732272597, 0.020360470994704942], [0.0035103155556122944, -0.9999938233986221, -0.00017563970467815437, 0.03172435328999204], [0.0, 0.0, 0.0, 1.0]]}, "Hobj2base": {"type": "ndarray", "data": [[0.9999944222142472, 0.0032520065874583086, 0.0007615730752993766, -0.7341741782237547], [0.0032524027324515653, -0.9999945759796292, -0.0005195072547104436, 0.0868546330442504], [0.0007598795034969515, 0.000521981299361345, -0.9999995750592414, 0.0043016268307971796], [0.0, 0.0, 0.0, 1.0]]}, "mean_rme": {"type": "float", "data": 0.001550743413160344}, "max_rme": {"type": "float", "data": 0.006259866268236269}, "simu": {"type": "float", "data": 0.002}}, {"type": "dict", "image_number": {"type": "int", "data": 13}, "Hcamera2end": {"type": "ndarray", "data": [[0.9999927425732882, 0.0035396967355256796, 0.001409023695301705, -0.017443341202683954], [-0.0014105836665282145, 0.0004382497275997599, 0.9999989090948529, 0.020005145770583946], [0.003539075369801644, -0.9999936392218687, 0.00044323958543401876, 0.03080939962379996], [0.0, 0.0, 0.0, 1.0]]}, "Hobj2base": {"type": "ndarray", "data": [[0.9999943873474688, 0.003333042797249549, 0.0003407334328227063, -0.7333735248048391], [0.0033329819641992426, -0.9999944295889394, 0.00017894780971444983, 0.08723933099133484], [0.00034132797550567563, -0.0001778111469563749, -0.9999999259392021, 0.004528807579354148], [0.0, 0.0, 0.0, 1.0]]}, "mean_rme": {"type": "float", "data": 0.0016769554075809925}, "max_rme": {"type": "float", "data": 0.006040364750777627}, "simu": {"type": "float", "data": 0.002}}, {"type": "dict", "image_number": {"type": "int", "data": 14}, "Hcamera2end": {"type": "ndarray", "data": [[0.9999931395264654, 0.003497916995094267, 0.0012188013367385468, -0.017568958424491986], [-0.0012201082704486033, 0.0003715223945092161, 0.9999991866531286, 0.0198939999351186], [0.0034974613380833663, -0.999993813254765, 0.00037578768314472377, 0.030684929187497642], [0.0, 0.0, 0.0, 1.0]]}, "Hobj2base": {"type": "ndarray", "data": [[0.9999945066118978, 0.0032967598213498026, 0.00034368693236334663, -0.7331958699147598], [0.0032967225542620848, -0.9999945598610673, 0.00010894342842883842, 0.08718239160798434], [0.0003440442229763295, -0.00010780978949877748, -0.999999935005309, 0.004376357903679799], [0.0, 0.0, 0.0, 1.0]]}, "mean_rme": {"type": "float", "data": 0.0017124048070175253}, "max_rme": {"type": "float", "data": 0.0057543206639548705}, "simu": {"type": "float", "data": 0.002}}, {"type": "dict", "image_number": {"type": "int", "data": 15}, "Hcamera2end": {"type": "ndarray", "data": [[0.9999957317670684, 0.002664772257436091, 0.0011980970167238605, -0.017259564321880985], [-0.001199554988111494, 0.0005455969891996482, 0.9999991316955008, 0.020876850158208435], [0.0026641162654772576, -0.999996300649528, 0.0005487912013181218, 0.03056298956818719], [0.0, 0.0, 0.0, 1.0]]}, "Hobj2base": {"type": "ndarray", "data": [[0.99999691755869, 0.002457248793218778, 0.00035609196373765137, -0.7329758150783675], [0.0024571384154831095, -0.9999969331570049, 0.0003100764286196098, 0.08754820079658633], [0.0003568528065895379, -0.0003092005055836724, -0.9999998885255545, 0.003317547087169733], [0.0, 0.0, 0.0, 1.0]]}, "mean_rme": {"type": "float", "data": 0.001674522679921839}, "max_rme": {"type": "float", "data": 0.0056662641809790415}, "simu": {"type": "float", "data": 0.002}}, {"type": "dict", "image_number": {"type": "int", "data": 16}, "Hcamera2end": {"type": "ndarray", "data": [[0.999996743137927, 0.0024056883423482665, 0.0008522776181012669, -0.016621185949410908], [-0.0008539209829260933, 0.0006821718062276494, 0.9999994027301127, 0.020865708378369204], [0.002405105505740913, -0.9999968736477263, 0.000684223852242094, 0.0306252497680143], [0.0, 0.0, 0.0, 1.0]]}, "Hobj2base": {"type": "ndarray", "data": [[0.9999974976200012, 0.0022354839418813215, 8.582121658783351e-05, -0.7328986393992935], [0.0022354804376942265, -0.9999975004738533, 4.0905480089974633e-05, 0.08806334309165116], [8.59124456193348e-05, -4.071352607809819e-05, -0.9999999954807299, 0.0033849936880473268], [0.0, 0.0, 0.0, 1.0]]}, "mean_rme": {"type": "float", "data": 0.0016413502971257474}, "max_rme": {"type": "float", "data": 0.005665274170849499}, "simu": {"type": "float", "data": 0.002}}, {"type": "dict", "image_number": {"type": "int", "data": 17}, "Hcamera2end": {"type": "ndarray", "data": [[0.9999969448427385, 0.002365443324212217, 0.0007176232081536386, -0.0166173498517204], [-0.0007193108017956588, 0.0007126629945214402, 0.9999994873515817, 0.02084680892456179], [0.0023649306880669783, -0.9999969483900116, 0.0007143623061580673, 0.030810209940893556], [0.0, 0.0, 0.0, 1.0]]}, "Hobj2base": {"type": "ndarray", "data": [[0.999997380770263, 0.002288756841643684, -6.688303527499241e-06, -0.733080076955809], [0.0022887563225856703, -0.999997377859229, -7.66104592472395e-05, 0.08810618977691644], [-6.863628702569455e-06, 7.659495068986054e-05, -0.9999999970430522, 0.0032594795990743912], [0.0, 0.0, 0.0, 1.0]]}, "mean_rme": {"type": "float", "data": 0.0016294609610425182}, "max_rme": {"type": "float", "data": 0.005503531472531353}, "simu": {"type": "float", "data": 0.002}}, {"type": "dict", "image_number": {"type": "int", "data": 18}, "Hcamera2end": {"type": "ndarray", "data": [[0.999996962055961, 0.0023663822225700464, 0.0006900101633631457, -0.016530243323036986], [-0.0006913639831578507, 0.000571335003097917, 0.9999995977959978, 0.02078182354554069], [0.0023659870438428226, -0.9999970369013557, 0.0005729692988531987, 0.03091844977331741], [0.0, 0.0, 0.0, 1.0]]}, "Hobj2base": {"type": "ndarray", "data": [[0.9999973830783051, 0.0022841471087028976, 0.0001284855142179863, -0.7331362447191238], [0.00228415525087466, -0.9999973893131147, -6.325934313616136e-05, 0.08816226787591125], [0.00012834068513681648, 6.355265845337625e-05, -0.9999999897448637, 0.003250299116343888], [0.0, 0.0, 0.0, 1.0]]}, "mean_rme": {"type": "float", "data": 0.0015729189367551916}, "max_rme": {"type": "float", "data": 0.00543772939337972}, "simu": {"type": "float", "data": 0.002}}, {"type": "dict", "image_number": {"type": "int", "data": 19}, "Hcamera2end": {"type": "ndarray", "data": [[0.9999977551400748, 0.0020311902840950383, 0.0006033082468681737, -0.016321280558387233], [-0.0006045491345400682, 0.0006103579655927227, 0.9999996309916808, 0.02100738838952891], [0.0020308213005747417, -0.9999977508620626, 0.0006115845497528527, 0.031510285084620594], [0.0, 0.0, 0.0, 1.0]]}, "Hobj2base": {"type": "ndarray", "data": [[0.9999980584703672, 0.001970449762070832, 1.9576296215424893e-05, -0.7336097235980276], [0.0019704523431155487, -0.9999980498505396, -0.00013271277740927053, 0.08863142631682311], [1.9314754178051537e-05, 0.00013275109390222775, -0.9999999910020438, 0.003208507140684173], [0.0, 0.0, 0.0, 1.0]]}, "mean_rme": {"type": "float", "data": 0.0015982104197635302}, "max_rme": {"type": "float", "data": 0.005597385965458557}, "simu": {"type": "float", "data": 0.002}}, {"type": "dict", "image_number": {"type": "int", "data": 20}, "Hcamera2end": {"type": "ndarray", "data": [[0.9999978254573088, 0.002015995921082714, 0.0005337050683576168, -0.016337676964412268], [-0.0005349309749828333, 0.0006075995780728816, 0.9999996723357484, 0.021213372736032347], [0.0020156709815385703, -0.9999977832891424, 0.0006086766754852535, 0.031682737963639136], [0.0, 0.0, 0.0, 1.0]]}, "Hobj2base": {"type": "ndarray", "data": [[0.99999804490515, 0.0019771642333869773, -3.174069559719186e-05, -0.7337794954354306], [0.0019771584769010826, -0.9999980291520958, -0.00018037815990131436, 0.08873460797668256], [-3.209727028734951e-05, 0.00018031505085954014, -0.9999999832281234, 0.0032131531949599586], [0.0, 0.0, 0.0, 1.0]]}, "mean_rme": {"type": "float", "data": 0.0016253743461790327}, "max_rme": {"type": "float", "data": 0.005792707115784945}, "simu": {"type": "float", "data": 0.002}}, {"type": "dict", "image_number": {"type": "int", "data": 21}, "Hcamera2end": {"type": "ndarray", "data": [[0.9999921311534236, 0.003898828510952055, 0.0007326441676500063, -0.01622702708388151], [-0.0007350956183782512, 0.0006273701181161995, 0.9999995330204744, 0.021343975632261383], [0.003898367051220971, -0.99999220274109, 0.0006302311931922766, 0.0315545182157248], [0.0, 0.0, 0.0, 1.0]]}, "Hobj2base": {"type": "ndarray", "data": [[0.9999926765174378, 0.003819533633415516, 0.000240986128732475, -0.7340660483766983], [0.003819546558234929, -0.9999927040905423, -5.31956275909775e-05, 0.08857437058698944], [0.00024078118803076478, 5.4115695752308935e-05, -0.9999999695479551, 0.003225724448436477], [0.0, 0.0, 0.0, 1.0]]}, "mean_rme": {"type": "float", "data": 0.0016560696845273944}, "max_rme": {"type": "float", "data": 0.006016044204674387}, "simu": {"type": "float", "data": 0.002}}, {"type": "dict", "image_number": {"type": "int", "data": 22}, "Hcamera2end": {"type": "ndarray", "data": [[0.9999922724518666, 0.003888752924839146, 0.000576747120753297, -0.016232617120114527], [-0.0005791120944513572, 0.0006070587694154694, 0.9999996480543543, 0.02137634276403448], [0.0038884014368120983, -0.9999922545101736, 0.0006093061021906765, 0.031618520128580255], [0.0, 0.0, 0.0, 1.0]]}, "Hobj2base": {"type": "ndarray", "data": [[0.9999927139423376, 0.0038135190171821047, 0.0001706896122764428, -0.7341700409387056], [0.003813554983388243, -0.9999927061365592, -0.00021088401977660917, 0.08851001698483202], [0.00016988415706988222, 0.00021153341748499045, -0.9999999631964924, 0.003287111954954312], [0.0, 0.0, 0.0, 1.0]]}, "mean_rme": {"type": "float", "data": 0.0016321173969443595}, "max_rme": {"type": "float", "data": 0.006095154538055425}, "simu": {"type": "float", "data": 0.002}}, {"type": "dict", "image_number": {"type": "int", "data": 23}, "Hcamera2end": {"type": "ndarray", "data": [[0.9999933692745859, 0.003602336127621252, 0.0005334616061645763, -0.01614097129089612], [-0.000535651817451186, 0.0006070600511326463, 0.9999996722775587, 0.021400011572103056], [0.003602011103824946, -0.9999933273039966, 0.00060898562377798, 0.03178302676217401], [0.0, 0.0, 0.0, 1.0]]}, "Hobj2base": {"type": "ndarray", "data": [[0.9999937214375084, 0.0035414117124544834, 0.00012445338765253177, -0.7341953675576554], [0.003541439672038242, -0.999993703733866, -0.00022516144098263822, 0.08874318932316934], [0.00012365521469659277, 0.00022560077145681253, -0.9999999669068393, 0.0032833894732128203], [0.0, 0.0, 0.0, 1.0]]}, "mean_rme": {"type": "float", "data": 0.00163275284393197}, "max_rme": {"type": "float", "data": 0.00609835688161231}, "simu": {"type": "float", "data": 0.002}}, {"type": "dict", "image_number": {"type": "int", "data": 24}, "Hcamera2end": {"type": "ndarray", "data": [[0.9999936013592228, 0.0035394333044497647, 0.0005192807478811361, -0.016186631088659042], [-0.0005213097871347753, 0.000572368236893217, 0.9999997003153086, 0.02136318431907507], [0.0035391350239296704, -0.9999935723825851, 0.0005742097157369619, 0.031944805083677634], [0.0, 0.0, 0.0, 1.0]]}, "Hobj2base": {"type": "ndarray", "data": [[0.9999939456605368, 0.003477380924644397, 0.00012831280678141034, -0.7342624167249564], [0.0034774101602505743, -0.9999939277233081, -0.00022833109560576408, 0.08860784097142844], [0.00012751803343418177, 0.0002287759094697932, -0.9999999657003669, 0.0032435720950877156], [0.0, 0.0, 0.0, 1.0]]}, "mean_rme": {"type": "float", "data": 0.0016349131669253162}, "max_rme": {"type": "float", "data": 0.006016625116780028}, "simu": {"type": "float", "data": 0.002}}, {"type": "dict", "image_number": {"type": "int", "data": 25}, "Hcamera2end": {"type": "ndarray", "data": [[0.9999948609912264, 0.0031829424904115926, 0.00038323392408712623, -0.01617549365511184], [-0.0003852322912242922, 0.00062724703865491, 0.9999997290785806, 0.02100489188625297], [0.0031827012457402992, -0.9999947377052819, 0.0006284699874553601, 0.0319936557941522], [0.0, 0.0, 0.0, 1.0]]}, "Hobj2base": {"type": "ndarray", "data": [[0.9999949583385845, 0.0031741070712240083, 9.133297912632823e-05, -0.7342071052827195], [0.003174123205388773, -0.9999949467843277, -0.0001770527801094625, 0.0886342169503285], [9.077053311976139e-05, 0.0001773417895977547, -0.9999999801552999, 0.0035578866039416932], [0.0, 0.0, 0.0, 1.0]]}, "mean_rme": {"type": "float", "data": 0.0016205972806784634}, "max_rme": {"type": "float", "data": 0.005942343324553234}, "simu": {"type": "float", "data": 0.002}}, {"type": "dict", "image_number": {"type": "int", "data": 26}, "Hcamera2end": {"type": "ndarray", "data": [[0.9999956155502612, 0.0029357782972604285, 0.0003874094006006091, -0.016048505389826898], [-0.00038928980374965463, 0.0006399682898732273, 0.9999997194469789, 0.02091117151295438], [0.002935529543887375, -0.9999954858129997, 0.0006411083525216243, 0.03201663831870143], [0.0, 0.0, 0.0, 1.0]]}, "Hobj2base": {"type": "ndarray", "data": [[0.9999956091060693, 0.002963051787822854, 4.574586409778545e-05, -0.7341902065272671], [0.002963053097394062, -0.9999956097399567, -2.8585911377493003e-05, 0.08884182292716701], [4.566096172573252e-05, 2.872133328409614e-05, -0.9999999985450809, 0.0037516617020192356], [0.0, 0.0, 0.0, 1.0]]}, "mean_rme": {"type": "float", "data": 0.0016194956985876876}, "max_rme": {"type": "float", "data": 0.006001934191161129}, "simu": {"type": "float", "data": 0.002}}, {"type": "dict", "image_number": {"type": "int", "data": 27}, "Hcamera2end": {"type": "ndarray", "data": [[0.9999993192482679, 0.0011643813388722668, 7.562472187514955e-05, -0.016059026238178627], [-7.655732903060256e-05, 0.0008009227605925151, 0.9999996763308009, 0.022013283720353934], [0.0011643203924368783, -0.9999990013689158, 0.0008010113572882727, 0.03188413097915665], [0.0, 0.0, 0.0, 1.0]]}, "Hobj2base": {"type": "ndarray", "data": [[0.9999993457834858, 0.0011200245317182643, 0.00023233090339144687, -0.7339255404867941], [0.0011200134766393738, -0.9999993716466831, 4.770798422125098e-05, 0.08903588134879187], [0.00023238419151823967, -4.744773926706163e-05, -0.9999999718731496, 0.002804844645496989], [0.0, 0.0, 0.0, 1.0]]}, "mean_rme": {"type": "float", "data": 0.0015452675756155792}, "max_rme": {"type": "float", "data": 0.006240997994654607}, "simu": {"type": "float", "data": 0.002}}, {"type": "dict", "image_number": {"type": "int", "data": 28}, "Hcamera2end": {"type": "ndarray", "data": [[0.9999989813634224, 0.001426559804508188, -4.6896075332816204e-05, -0.015966171219391485], [4.579047316730382e-05, 0.00077503562902137, 0.9999996986114577, 0.0220521982033371], [0.001426595720688652, -0.9999986821225804, 0.0007749695166932025, 0.0320223555592789], [0.0, 0.0, 0.0, 1.0]]}, "Hobj2base": {"type": "ndarray", "data": [[0.999999036343034, 0.0013697461587224282, 0.0002260718117431317, -0.7339879243602921], [0.0013697603068499775, -0.999999059928564, -6.243948600684762e-05, 0.08908411038386996], [0.00022598607297336857, 6.274909003082538e-05, -0.9999999724964224, 0.002841802204363112], [0.0, 0.0, 0.0, 1.0]]}, "mean_rme": {"type": "float", "data": 0.0015674395158371518}, "max_rme": {"type": "float", "data": 0.006316768073893031}, "simu": {"type": "float", "data": 0.002}}, {"type": "dict", "image_number": {"type": "int", "data": 29}, "Hcamera2end": {"type": "ndarray", "data": [[0.999998954395615, 0.0014414733813255714, -0.00011559484195031871, -0.015968228764534576], [0.00011454687761326742, 0.0007270705164892366, 0.9999997291237017, 0.02206888041323352], [0.001441557036466038, -0.9999986967606282, 0.0007269046399861478, 0.03203760664747176], [0.0, 0.0, 0.0, 1.0]]}, "Hobj2base": {"type": "ndarray", "data": [[0.9999990097665061, 0.0013890456427576017, 0.0002258721088364146, -0.7340071827263007], [0.0013890781976204879, -0.9999990248571222, -0.00014403668191900952, 0.08904637854232292], [0.0002256718150534195, 0.00014435029331089796, -0.9999999641176116, 0.0028474123847682742], [0.0, 0.0, 0.0, 1.0]]}, "mean_rme": {"type": "float", "data": 0.001531561495039971}, "max_rme": {"type": "float", "data": 0.006334655476566864}, "simu": {"type": "float", "data": 0.002}}, {"type": "dict", "image_number": {"type": "int", "data": 30}, "Hcamera2end": {"type": "ndarray", "data": [[0.99999853333767, 0.001712310864148441, 3.624932495895116e-05, -0.01597057584994017], [-3.722420439340962e-05, 0.0005693071036574349, 0.9999998372518771, 0.021967191208071536], [0.0017122899484748597, -0.999998371939138, 0.0005693700080857678, 0.0322865111184609], [0.0, 0.0, 0.0, 1.0]]}, "Hobj2base": {"type": "ndarray", "data": [[0.9999984821859096, 0.001707189707644085, 0.0003480361751618221, -0.7341554349329951], [0.0017072535570594185, -0.9999985258527835, -0.00018324178730950107, 0.08911439480661833], [0.000347722833611958, 0.00018383569518056473, -0.9999999226466316, 0.002719569005314099], [0.0, 0.0, 0.0, 1.0]]}, "mean_rme": {"type": "float", "data": 0.0015965503211830382}, "max_rme": {"type": "float", "data": 0.006486290632049974}, "simu": {"type": "float", "data": 0.002}}]}