{"type": "list", "data": [{"type": "dict", "image_number": {"type": "int", "data": 5}, "Hcamera2end": {"type": "ndarray", "data": [[0.9999987587793991, -0.0012996327478091536, -0.0008907268840494585, -0.01735193378433684], [0.000892170643566157, 0.0011107415537056076, 0.9999989851418566, 0.015189857637630555], [-0.00129864206150316, -0.9999985386028928, 0.0011118996692153216, 0.027096771635037417], [0.0, 0.0, 0.0, 1.0]]}, "Hobj2base": {"type": "ndarray", "data": [[0.9999996516528054, -0.0007800096718970846, 0.0002971181242641814, -0.7314740595849933], [-0.0007802442674438571, -0.9999993833426979, 0.0007902740706646266, 0.08774277176166512], [0.00029650151962555267, -0.000790505620088082, -0.9999996435937932, 0.00807051619879815], [0.0, 0.0, 0.0, 1.0]]}, "mean_rme": {"type": "float", "data": 0.0017883808723896477}, "max_rme": {"type": "float", "data": 0.0044490856364695075}, "simu": {"type": "float", "data": 0.002}}, {"type": "dict", "image_number": {"type": "int", "data": 6}, "Hcamera2end": {"type": "ndarray", "data": [[0.9999956659864327, -0.0005625697113956732, -0.002889900287325086, -0.018863641335831266], [0.002890791861022991, 0.0015905145927436193, 0.9999945567780589, 0.016408630039722795], [-0.0005579702206253124, -0.9999985768883125, 0.0015921339713746985, 0.02725563797082604], [0.0, 0.0, 0.0, 1.0]]}, "Hobj2base": {"type": "ndarray", "data": [[0.9999999374645777, -0.0001332177781022446, 0.0003276032115045965, -0.7312147532840593], [-0.00013293642293168254, -0.9999996224802146, -0.0008587009576567844, 0.0860475457668538], [0.0003277174820615358, 0.000858657353558479, -0.9999995776543107, 0.0062992979845037005], [0.0, 0.0, 0.0, 1.0]]}, "mean_rme": {"type": "float", "data": 0.001994829270015064}, "max_rme": {"type": "float", "data": 0.004554109019230618}, "simu": {"type": "float", "data": 0.002}}, {"type": "dict", "image_number": {"type": "int", "data": 7}, "Hcamera2end": {"type": "ndarray", "data": [[0.9999986223851788, -0.00013159881249885023, -0.0016546629557900967, -0.019901766445308028], [0.001655003264076751, 0.002629309469726504, 0.9999951738363084, 0.016235252573187774], [-0.00012724755640257477, -0.9999965347007285, 0.0026295236440150305, 0.02677822488260248], [0.0, 0.0, 0.0, 1.0]]}, "Hobj2base": {"type": "ndarray", "data": [[0.9999993907734146, -8.979871060441575e-05, -0.0011001767999424706, -0.7312426860328085], [-8.951250207700965e-05, -0.9999999621432352, 0.00026019423544323896, 0.08576452065584672], [-0.0011002001234001856, -0.00026009559734790346, -0.9999993609547801, 0.006487602467202195], [0.0, 0.0, 0.0, 1.0]]}, "mean_rme": {"type": "float", "data": 0.0018434968997934737}, "max_rme": {"type": "float", "data": 0.004747817948674293}, "simu": {"type": "float", "data": 0.002}}, {"type": "dict", "image_number": {"type": "int", "data": 8}, "Hcamera2end": {"type": "ndarray", "data": [[0.9999988146144819, 0.0005077344172333541, -0.0014536077161861902, -0.015839394992727705], [0.0014522365772814641, 0.002690513478001866, 0.9999953260621512, 0.015817041407916947], [0.0005116429952663704, -0.999996251664468, 0.002689772938213819, 0.026787798707478085], [0.0, 0.0, 0.0, 1.0]]}, "Hobj2base": {"type": "ndarray", "data": [[0.9999989634192538, 0.0005133897036535265, -0.0013452105523257447, -0.7315851122397362], [0.000514126008468243, -0.9999997181975557, 0.000547064215929577, 0.08987930032885366], [-0.0013449293161064276, -0.0005477552565851605, -0.9999989455641007, 0.0064531766393949586], [0.0, 0.0, 0.0, 1.0]]}, "mean_rme": {"type": "float", "data": 0.002098583301932397}, "max_rme": {"type": "float", "data": 0.0046564869479797655}, "simu": {"type": "float", "data": 0.002}}, {"type": "dict", "image_number": {"type": "int", "data": 9}, "Hcamera2end": {"type": "ndarray", "data": [[0.9999937289079562, 0.003355150247824437, -0.0011336276176585097, -0.015803390025160968], [0.001127562393158026, 0.0018090754241480989, 0.9999977279219986, 0.015320885806719647], [0.003357193442524609, -0.9999927350800727, 0.0018052809380267876, 0.027705561829057136], [0.0, 0.0, 0.0, 1.0]]}, "Hobj2base": {"type": "ndarray", "data": [[0.9999937065384457, 0.003319764793767256, -0.0012514172825474556, -0.731553482126026], [0.003319464670002794, -0.999994461321454, -0.00024182787142551602, 0.08954013646511358], [-0.001252213163003111, 0.00023767231403425723, -0.9999991877367027, 0.006599931278338072], [0.0, 0.0, 0.0, 1.0]]}, "mean_rme": {"type": "float", "data": 0.0021635482850621566}, "max_rme": {"type": "float", "data": 0.005427768583595616}, "simu": {"type": "float", "data": 0.002}}, {"type": "dict", "image_number": {"type": "int", "data": 10}, "Hcamera2end": {"type": "ndarray", "data": [[0.9999997448812059, 0.0007085048829949657, -9.087548521290488e-05, -0.015019023994552117], [8.944733786221942e-05, 0.0020154910199575715, 0.9999979648954905, 0.016556793553851673], [0.0007086865998378641, -0.9999977179057858, 0.002015427131892289, 0.027167848436872827], [0.0, 0.0, 0.0, 1.0]]}, "Hobj2base": {"type": "ndarray", "data": [[0.9999994647144577, 0.0007439756512917618, -0.0007190765107758711, -0.7308811686790514], [0.0007445527649688983, -0.9999994007033408, 0.0008026419751994584, 0.0908563185898407], [-0.000718478933749467, -0.0008031769359611358, -0.9999994193472475, 0.005006856231775469], [0.0, 0.0, 0.0, 1.0]]}, "mean_rme": {"type": "float", "data": 0.002027676692103976}, "max_rme": {"type": "float", "data": 0.005103330995058747}, "simu": {"type": "float", "data": 0.002}}, {"type": "dict", "image_number": {"type": "int", "data": 11}, "Hcamera2end": {"type": "ndarray", "data": [[0.9999988308161416, 0.001386714798610141, 0.0006445063359844835, -0.015734191053461015], [-0.0006476253991330268, 0.002249974175752456, 0.9999972590950191, 0.016413290286373734], [0.0013852608751445683, -0.9999965073130385, 0.0022508696168439535, 0.0271997748750218], [0.0, 0.0, 0.0, 1.0]]}, "Hobj2base": {"type": "ndarray", "data": [[0.9999986039969421, 0.0013694914306581522, -0.0009573387009585987, -0.7309125590578947], [0.0013708849008620156, -0.9999979997426802, 0.0014564289297112425, 0.09042200712242954], [-0.0009553422190962523, -0.001457739297702158, -0.9999984811575389, 0.00499008993986512], [0.0, 0.0, 0.0, 1.0]]}, "mean_rme": {"type": "float", "data": 0.001992194271179897}, "max_rme": {"type": "float", "data": 0.005333483041097875}, "simu": {"type": "float", "data": 0.002}}, {"type": "dict", "image_number": {"type": "int", "data": 12}, "Hcamera2end": {"type": "ndarray", "data": [[0.999998253312077, 0.0017053746004955998, 0.0007648988606722828, -0.015097304006302891], [-0.0007674020628732676, 0.0014676604320548181, 0.9999986285325246, 0.01631934417986615], [0.0017042496498374693, -0.9999974688319608, 0.0014689665764965332, 0.027591651355599794], [0.0, 0.0, 0.0, 1.0]]}, "Hobj2base": {"type": "ndarray", "data": [[0.9999985646736049, 0.0016780579163332295, -0.00023403495352061106, -0.7305583386484268], [0.001678335439790808, -0.9999978826992482, 0.001190708684825897, 0.0909371961457117], [-0.0002320363798636092, -0.0011910997649269362, -0.9999992637199631, 0.00479131601738525], [0.0, 0.0, 0.0, 1.0]]}, "mean_rme": {"type": "float", "data": 0.0019335880911842025}, "max_rme": {"type": "float", "data": 0.005709366865094517}, "simu": {"type": "float", "data": 0.002}}, {"type": "dict", "image_number": {"type": "int", "data": 13}, "Hcamera2end": {"type": "ndarray", "data": [[0.9999985812618232, 0.001555228201315004, 0.0006471009061148114, -0.014792056389418698], [-0.0006495116217646632, 0.0015500670920881587, 0.9999985877123344, 0.016294679532979084], [0.0015542229550655688, -0.9999975892757201, 0.0015510750317400124, 0.0283845722908415], [0.0, 0.0, 0.0, 1.0]]}, "Hobj2base": {"type": "ndarray", "data": [[0.9999987397018136, 0.0015558257191389591, -0.0003162295304866644, -0.7314335138324565], [0.0015561613661549383, -0.9999982231919793, 0.001063942990176618, 0.09112139769350504], [-0.000314573658739684, -0.0010644337534693779, -0.9999993840119088, 0.00480643269241906], [0.0, 0.0, 0.0, 1.0]]}, "mean_rme": {"type": "float", "data": 0.0019065302239864345}, "max_rme": {"type": "float", "data": 0.005759907363253047}, "simu": {"type": "float", "data": 0.002}}, {"type": "dict", "image_number": {"type": "int", "data": 14}, "Hcamera2end": {"type": "ndarray", "data": [[0.9999989846138208, 0.0012992645207183231, -0.0005853913500176421, -0.015066580360575114], [0.0005848421088088331, 0.00042307208217340353, 0.9999997394848266, 0.01617868668216994], [0.0012995118449775395, -0.9999990664604235, 0.00042231178798968205, 0.029867618526573304], [0.0, 0.0, 0.0, 1.0]]}, "Hobj2base": {"type": "ndarray", "data": [[0.9999990547913717, 0.0013603584986806145, 0.0001996024000570639, -0.7326294665084035], [0.0013604690274714982, -0.999998920738743, -0.0005546578899465691, 0.09049633866152254], [0.0001988476510594776, 0.0005549289185622324, -0.9999998262567387, 0.004542288976708846], [0.0, 0.0, 0.0, 1.0]]}, "mean_rme": {"type": "float", "data": 0.0019942401127678983}, "max_rme": {"type": "float", "data": 0.006729933300117841}, "simu": {"type": "float", "data": 0.002}}, {"type": "dict", "image_number": {"type": "int", "data": 15}, "Hcamera2end": {"type": "ndarray", "data": [[0.9999994395614028, 0.0008153786161893491, -0.0006753033336724624, -0.01460241870700191], [0.0006749701098363775, 0.0004088797894703511, 0.9999996886162857, 0.01608200671944146], [0.0008156544801786278, -0.9999995839874284, 0.0004083292041242581, 0.030153073413411332], [0.0, 0.0, 0.0, 1.0]]}, "Hobj2base": {"type": "ndarray", "data": [[0.9999995747096525, 0.0008951573107311662, 0.00022197725799801428, -0.7325450251913674], [0.0008953033977767487, -0.9999993821454403, -0.0006588934381580146, 0.09107653518267146], [0.0002213873075701934, 0.0006590918949303102, -0.9999997582927376, 0.004479481504027017], [0.0, 0.0, 0.0, 1.0]]}, "mean_rme": {"type": "float", "data": 0.002016800848188531}, "max_rme": {"type": "float", "data": 0.006982914616064151}, "simu": {"type": "float", "data": 0.002}}, {"type": "dict", "image_number": {"type": "int", "data": 16}, "Hcamera2end": {"type": "ndarray", "data": [[0.9999995285999586, 0.0008638276714541956, -0.00044339780639164605, -0.014555028208156916], [0.00044287803234961464, 0.0006018087335690758, 0.9999997208426091, 0.016023067644981244], [0.0008640942709826486, -0.9999994458138474, 0.0006014258795770111, 0.030731858251012562], [0.0, 0.0, 0.0, 1.0]]}, "Hobj2base": {"type": "ndarray", "data": [[0.9999995573259924, 0.0009311643148567049, 0.00013520664868987413, -0.7331272321613526], [0.0009312139425379558, -0.9999994989094094, -0.0003674527488165317, 0.09147630474670572], [0.00013486442205200077, 0.0003675784924711347, -0.9999999233488164, 0.004533878655013569], [0.0, 0.0, 0.0, 1.0]]}, "mean_rme": {"type": "float", "data": 0.001981058408200126}, "max_rme": {"type": "float", "data": 0.00723142622339823}, "simu": {"type": "float", "data": 0.002}}, {"type": "dict", "image_number": {"type": "int", "data": 17}, "Hcamera2end": {"type": "ndarray", "data": [[0.9999990411234604, 0.0011650228510970647, -0.000748648058931171, -0.014813726062961108], [0.000747946147288561, 0.0006028065492248436, 0.9999995386003062, 0.0168582317048489], [0.0011654736035088663, -0.9999991396726404, 0.0006019345968548695, 0.03065592678815231], [0.0, 0.0, 0.0, 1.0]]}, "Hobj2base": {"type": "ndarray", "data": [[0.9999992286082379, 0.0012396787499881138, 7.732739465822515e-05, -0.7332427423211887], [0.0012397092939705374, -0.9999991530703547, -0.00039620630833182163, 0.09133700970220848], [7.683616062631208e-05, 0.0003963018661913756, -0.999999918520514, 0.0035373428417886476], [0.0, 0.0, 0.0, 1.0]]}, "mean_rme": {"type": "float", "data": 0.0020598029663723913}, "max_rme": {"type": "float", "data": 0.007443916316980603}, "simu": {"type": "float", "data": 0.002}}, {"type": "dict", "image_number": {"type": "int", "data": 18}, "Hcamera2end": {"type": "ndarray", "data": [[0.9999989279754145, 0.0012224943624197335, -0.0008059500950041215, -0.014595081866906449], [0.0008052922765274799, 0.0005384921273657861, 0.999999530765179, 0.01691847687059948], [0.0012229277865640196, -0.9999991077664834, 0.0005375070848208097, 0.03086420707541028], [0.0, 0.0, 0.0, 1.0]]}, "Hobj2base": {"type": "ndarray", "data": [[0.9999991713943918, 0.0012813419816197066, 0.0001239889352940456, -0.7335224005113594], [0.0012813904572120485, -0.9999991023119681, -0.00039168067916099057, 0.09136467151566456], [0.00012348694709306396, 0.00039183923285066887, -0.9999999156064914, 0.0034335073436865845], [0.0, 0.0, 0.0, 1.0]]}, "mean_rme": {"type": "float", "data": 0.0020187718085718015}, "max_rme": {"type": "float", "data": 0.007577452893518077}, "simu": {"type": "float", "data": 0.002}}, {"type": "dict", "image_number": {"type": "int", "data": 19}, "Hcamera2end": {"type": "ndarray", "data": [[0.9999990855168892, 0.0011363330315860172, -0.0007332889107352665, -0.014724423021552645], [0.000732715630005813, 0.0005048348379872447, 0.9999996041347177, 0.01701912577529203], [0.0011367027715396697, -0.9999992269442151, 0.0005040017673512143, 0.030937506376055503], [0.0, 0.0, 0.0, 1.0]]}, "Hobj2base": {"type": "ndarray", "data": [[0.9999992633273016, 0.001200289456023044, 0.00018069332015219862, -0.7335890789896116], [0.0012003521409765176, -0.9999992193011638, -0.0003472057038487643, 0.09129911499871914], [0.00018027643173973312, 0.00034742234368550644, -0.9999999233990589, 0.003540931338755011], [0.0, 0.0, 0.0, 1.0]]}, "mean_rme": {"type": "float", "data": 0.001994008828661428}, "max_rme": {"type": "float", "data": 0.0073990638141343545}, "simu": {"type": "float", "data": 0.002}}, {"type": "dict", "image_number": {"type": "int", "data": 20}, "Hcamera2end": {"type": "ndarray", "data": [[0.999998850794563, 0.0013830668912852848, -0.0006209150728108742, -0.015044554882746128], [0.0006201643131811042, 0.0005431850961195028, 0.9999996601730305, 0.017124215361469308], [0.0013834036930953611, -0.9999988960373538, 0.0005423267431594603, 0.03139449783590707], [0.0, 0.0, 0.0, 1.0]]}, "Hobj2base": {"type": "ndarray", "data": [[0.9999989692086116, 0.0014326928370989955, 9.472564915461088e-05, -0.7339764934135317], [0.0014327181484032373, -0.9999989378323035, -0.0002676807283932456, 0.09083392366071777], [9.434204427788786e-05, 0.00026781616762691906, -0.999999959687039, 0.003508987791405607], [0.0, 0.0, 0.0, 1.0]]}, "mean_rme": {"type": "float", "data": 0.0019719729316352106}, "max_rme": {"type": "float", "data": 0.007557099525055344}, "simu": {"type": "float", "data": 0.002}}, {"type": "dict", "image_number": {"type": "int", "data": 21}, "Hcamera2end": {"type": "ndarray", "data": [[0.9999987838836786, 0.0013998805547318326, -0.0006874340669684683, -0.014868348954138948], [0.0006867800517408188, 0.00046762071920491977, 0.9999996548319522, 0.01716694896231779], [0.0014002015299505962, -0.9999989108320545, 0.0004666587404839051, 0.031535859570976474], [0.0, 0.0, 0.0, 1.0]]}, "Hobj2base": {"type": "ndarray", "data": [[0.9999989217783981, 0.0014637055816540242, 0.00011835544556900198, -0.7339291880583791], [0.0014637487508809006, -0.999998861930619, -0.000365481956918704, 0.09099115758360159], [0.00011782035289195759, 0.00036565480548377455, -0.999999926207461, 0.0035546543643548752], [0.0, 0.0, 0.0, 1.0]]}, "mean_rme": {"type": "float", "data": 0.0019747989677246663}, "max_rme": {"type": "float", "data": 0.007538464092528896}, "simu": {"type": "float", "data": 0.002}}, {"type": "dict", "image_number": {"type": "int", "data": 22}, "Hcamera2end": {"type": "ndarray", "data": [[0.9999993698158148, 0.0006688166115557779, -0.0009016941350679461, -0.015050887337610883], [0.0009013181415658652, 0.0005622658038036965, 0.9999994357412276, 0.017440644461378836], [0.0006693232259477768, -0.9999996182706801, 0.00056166263292734, 0.03147093834030612], [0.0, 0.0, 0.0, 1.0]]}, "Hobj2base": {"type": "ndarray", "data": [[0.9999997022559376, 0.0007455891897806196, 0.00019895928300267505, -0.7338663198641145], [0.0007456693132658767, -0.9999996408069889, -0.0004029431342090886, 0.09087882159042583], [0.0001986587814929284, 0.0004030913720670874, -0.9999998990260126, 0.0034718472556419396], [0.0, 0.0, 0.0, 1.0]]}, "mean_rme": {"type": "float", "data": 0.0019624114120431625}, "max_rme": {"type": "float", "data": 0.0072680288174770125}, "simu": {"type": "float", "data": 0.002}}, {"type": "dict", "image_number": {"type": "int", "data": 23}, "Hcamera2end": {"type": "ndarray", "data": [[0.9999979054476867, 0.0017865406292116891, -0.0009986855458429444, -0.015234915484048824], [0.0009975440624758606, 0.0006397120314619587, 0.9999992978369335, 0.017703291403881116], [0.0017871782459281656, -0.9999981995189277, 0.0006379285385545996, 0.03137096646650788], [0.0, 0.0, 0.0, 1.0]]}, "Hobj2base": {"type": "ndarray", "data": [[0.9999981903475018, 0.0018829178053728706, 0.00027188648323472035, -0.7340255501373852], [0.0018830417924367196, -0.999998122882795, -0.0004564915051910932, 0.09053789567542606], [0.0002710264368887991, 0.0004570026527108301, -0.999999858846613, 0.0031087411683478256], [0.0, 0.0, 0.0, 1.0]]}, "mean_rme": {"type": "float", "data": 0.0019389661650559566}, "max_rme": {"type": "float", "data": 0.007345675057600198}, "simu": {"type": "float", "data": 0.002}}, {"type": "dict", "image_number": {"type": "int", "data": 24}, "Hcamera2end": {"type": "ndarray", "data": [[0.999998233108287, 0.0015577010852514297, -0.001052305864900124, -0.015121241303719266], [0.0010512475375277907, 0.0006800791307156606, 0.9999992161851881, 0.016971875239473747], [0.0015584155155600947, -0.9999985555288091, 0.0006784403996593635, 0.03144289947982573], [0.0, 0.0, 0.0, 1.0]]}, "Hobj2base": {"type": "ndarray", "data": [[0.999998571752479, 0.0016598298284420108, 0.0003185246346221567, -0.7339125195141333], [0.0016599268705918917, -0.99999857591785, -0.00030463922386699747, 0.09062645264716017], [0.0003180185317462223, 0.00030516751636673595, -0.9999999028684958, 0.003833435552860772], [0.0, 0.0, 0.0, 1.0]]}, "mean_rme": {"type": "float", "data": 0.0019703957036248747}, "max_rme": {"type": "float", "data": 0.007281208925143723}, "simu": {"type": "float", "data": 0.002}}, {"type": "dict", "image_number": {"type": "int", "data": 25}, "Hcamera2end": {"type": "ndarray", "data": [[0.9999976777347194, 0.001721877169783228, -0.001296018588052689, -0.015312789701117185], [0.0012947567982290382, 0.0007337117010671745, 0.9999988926353734, 0.01679895651264727], [0.0017228261670402135, -0.9999982484015418, 0.0007314805850227035, 0.031448716860452995], [0.0, 0.0, 0.0, 1.0]]}, "Hobj2base": {"type": "ndarray", "data": [[0.9999982879814339, 0.0018219648995063341, 0.00032323073217488895, -0.7339224177098898], [0.0018220968597133878, -0.9999982565723644, -0.0004084302456918806, 0.09034376735738156], [0.0003224860230739504, 0.0004090185041537758, -0.999999864353305, 0.003814370288007407], [0.0, 0.0, 0.0, 1.0]]}, "mean_rme": {"type": "float", "data": 0.0019873272117738525}, "max_rme": {"type": "float", "data": 0.007438150232549345}, "simu": {"type": "float", "data": 0.002}}, {"type": "dict", "image_number": {"type": "int", "data": 26}, "Hcamera2end": {"type": "ndarray", "data": [[0.9999957432503727, 0.002590845189062241, -0.0013420142849370658, -0.015385661104524329], [0.0013401516091071594, 0.0007205474932862055, 0.9999988424018172, 0.016395437573614464], [0.002591809174933524, -0.9999963841597209, 0.0007170723007469126, 0.03134575203800476], [0.0, 0.0, 0.0, 1.0]]}, "Hobj2base": {"type": "ndarray", "data": [[0.9999963733969912, 0.0026594907843129545, 0.0004246193982778516, -0.7340440368538886], [0.0026596659366735116, -0.9999963780194789, -0.00041246215457027357, 0.0900473068764665], [0.00042352092101570466, 0.00041359000448343324, -0.9999998247866535, 0.004146110204890882], [0.0, 0.0, 0.0, 1.0]]}, "mean_rme": {"type": "float", "data": 0.002008475562759595}, "max_rme": {"type": "float", "data": 0.007424955913059028}, "simu": {"type": "float", "data": 0.002}}, {"type": "dict", "image_number": {"type": "int", "data": 27}, "Hcamera2end": {"type": "ndarray", "data": [[0.9999961078945374, 0.00243048739438214, -0.001370009781907691, -0.015348230109638294], [0.0013682108804839435, 0.0007416485830027408, 0.9999987889774495, 0.01637981043671468], [0.0024315005168205487, -0.9999967713389903, 0.0007383202771303887, 0.0313735078866606], [0.0, 0.0, 0.0, 1.0]]}, "Hobj2base": {"type": "ndarray", "data": [[0.9999967490961261, 0.0025171247580165652, 0.00040728384702355024, -0.7340138154012458], [0.0025172627245814427, -0.999996774367168, -0.00033859065858746006, 0.09015501585588445], [0.0004064302583458379, 0.0003396147983082129, -0.9999998597381068, 0.004177984754442191], [0.0, 0.0, 0.0, 1.0]]}, "mean_rme": {"type": "float", "data": 0.0019762235680697}, "max_rme": {"type": "float", "data": 0.0074127325845188}, "simu": {"type": "float", "data": 0.002}}, {"type": "dict", "image_number": {"type": "int", "data": 28}, "Hcamera2end": {"type": "ndarray", "data": [[0.9999956693851338, 0.002569200734496855, -0.0014354158157186586, -0.015312722608366075], [0.0014335777532441646, 0.0007171205573506256, 0.9999987152956407, 0.01625414598133519], [0.0025702268000232695, -0.9999964424665182, 0.0007134343027610512, 0.031353246520620145], [0.0, 0.0, 0.0, 1.0]]}, "Hobj2base": {"type": "ndarray", "data": [[0.999996415816565, 0.0026408099560578037, 0.0004409952378584055, -0.7340277723131586], [0.0026408990060939976, -0.999996492525064, -0.00020146962331267986, 0.09022793990490105], [0.0004404616480915745, 0.00020263352509394578, -0.9999998824665886, 0.004307155338264772], [0.0, 0.0, 0.0, 1.0]]}, "mean_rme": {"type": "float", "data": 0.001955889063306202}, "max_rme": {"type": "float", "data": 0.007381295856119796}, "simu": {"type": "float", "data": 0.002}}, {"type": "dict", "image_number": {"type": "int", "data": 29}, "Hcamera2end": {"type": "ndarray", "data": [[0.9999956032652998, 0.0025753275841514083, -0.0014700809173480826, -0.015297038567537904], [0.001468213729966109, 0.0007267696751415142, 0.9999986580762407, 0.01620880738050367], [0.0025763925384888683, -0.9999964197404275, 0.0007229853484098658, 0.03135410866807644], [0.0, 0.0, 0.0, 1.0]]}, "Hobj2base": {"type": "ndarray", "data": [[0.9999963780880741, 0.0026556046597541864, 0.00043769238602523223, -0.7340298887853958], [0.002655666145315421, -0.9999964639186558, -0.0001399553851134198, 0.09027271831472769], [0.0004373191721364865, 0.00014111724305897088, -0.9999998944189274, 0.004354822853437466], [0.0, 0.0, 0.0, 1.0]]}, "mean_rme": {"type": "float", "data": 0.0019097968402166758}, "max_rme": {"type": "float", "data": 0.007371439298582971}, "simu": {"type": "float", "data": 0.002}}, {"type": "dict", "image_number": {"type": "int", "data": 30}, "Hcamera2end": {"type": "ndarray", "data": [[0.9999950085584486, 0.002874395250531025, -0.0013117584122281623, -0.015153875978053524], [0.00130977878715856, 0.0006904843291429819, 0.999998903854859, 0.016094998669122514], [0.002875297848403903, -0.9999956305321213, 0.0006867160607056944, 0.03128614436718208], [0.0, 0.0, 0.0, 1.0]]}, "Hobj2base": {"type": "ndarray", "data": [[0.9999955089478797, 0.0029630562915605755, 0.00044986829645609624, -0.7341150902237976], [0.002963059910700792, -0.9999956101011251, -7.378606646385985e-06, 0.0903932820253524], [0.00044984445835292134, 8.711560223003279e-06, -0.9999998987820307, 0.004607127635055756], [0.0, 0.0, 0.0, 1.0]]}, "mean_rme": {"type": "float", "data": 0.001950425273658935}, "max_rme": {"type": "float", "data": 0.00721465840470481}, "simu": {"type": "float", "data": 0.002}}]}