{"type": "list", "data": [{"type": "dict", "image_number": {"type": "int", "data": 5}, "Hcamera2end": {"type": "ndarray", "data": [[0.9999972465892407, 0.002346164357370361, -4.8236349491796726e-05, -0.00855908475371007], [4.6671117271672924e-05, 0.0006671953442781708, 0.9999997763360646, 0.038725318524035504], [0.0023461960156858142, -0.9999970251771655, 0.0006670840091034247, 0.03480569352754137], [0.0, 0.0, 0.0, 1.0]]}, "Hobj2base": {"type": "ndarray", "data": [[0.9999951586670041, 0.0030575674712796266, 0.0005778613258764014, -0.7378257039076571], [0.0030563551751202444, -0.9999931509785169, 0.002087268334514331, 0.09428208950296682], [0.0005842393318552094, -0.0020854920798994278, -0.9999976546908436, -0.001332824125080867], [0.0, 0.0, 0.0, 1.0]]}, "mean_rme": {"type": "float", "data": 0.0019398986670382669}, "max_rme": {"type": "float", "data": 0.006239264207591081}, "simu": {"type": "float", "data": 0.002}}, {"type": "dict", "image_number": {"type": "int", "data": 6}, "Hcamera2end": {"type": "ndarray", "data": [[0.999991339453464, 0.0033793373944677875, -0.002429217331022027, -0.011291083595932897], [0.0024252409664438476, 0.001180270548457707, 0.9999963625772282, 0.036298098689431534], [0.003382192236060604, -0.999993593499582, 0.00117206461918129, 0.03544944762070048], [0.0, 0.0, 0.0, 1.0]]}, "Hobj2base": {"type": "ndarray", "data": [[0.9999920261012258, 0.003983583998206139, -0.0002807000079472928, -0.7386829389119557], [0.003983267633489882, -0.9999914409596464, -0.0011187432279082964, 0.09107649340283193], [-0.00028515421304539445, 0.0011176162039066657, -0.9999993348103267, 0.0017443119722427662], [0.0, 0.0, 0.0, 1.0]]}, "mean_rme": {"type": "float", "data": 0.00208886587199979}, "max_rme": {"type": "float", "data": 0.005856449148008008}, "simu": {"type": "float", "data": 0.002}}, {"type": "dict", "image_number": {"type": "int", "data": 7}, "Hcamera2end": {"type": "ndarray", "data": [[0.9999938488498875, 0.002806818009695751, -0.0021033390237563815, -0.0113744981769009], [0.00210067772074611, 0.000950768113184064, 0.9999973415930206, 0.036354156208632006], [0.002808810335706167, -0.9999956088966866, 0.0009448660448074797, 0.03532329673362704], [0.0, 0.0, 0.0, 1.0]]}, "Hobj2base": {"type": "ndarray", "data": [[0.9999945326722709, 0.003306240625457587, -5.829659552637395e-05, -0.7387224814139114], [0.00330620284827986, -0.99999433185031, -0.0006366238907372296, 0.09094164010794255], [-6.0401096863236385e-05, 0.0006364276697356046, -0.9999997956557436, 0.001679639064138689], [0.0, 0.0, 0.0, 1.0]]}, "mean_rme": {"type": "float", "data": 0.0019324760474023288}, "max_rme": {"type": "float", "data": 0.006028180555818753}, "simu": {"type": "float", "data": 0.002}}, {"type": "dict", "image_number": {"type": "int", "data": 8}, "Hcamera2end": {"type": "ndarray", "data": [[0.9999955454322664, 0.0027813210508800842, -0.0010832215082796019, -0.011677450060562802], [0.0010847644201089925, -0.0005532920400967978, 0.9999992585767609, 0.03633315253264246], [0.0027807196509058284, -0.9999959790524812, -0.0005563066535367867, 0.036310756299356366], [0.0, 0.0, 0.0, 1.0]]}, "Hobj2base": {"type": "ndarray", "data": [[0.9999937303829262, 0.003164742701090255, 0.0015885837955480207, -0.7387889172208618], [0.0031646787722587125, -0.9999949914776081, 4.2754729787347636e-05, 0.09122597940448832], [0.001588711146809541, -3.7727104315838777e-05, -0.9999987372859815, 0.001317897416801203], [0.0, 0.0, 0.0, 1.0]]}, "mean_rme": {"type": "float", "data": 0.0017968917265499514}, "max_rme": {"type": "float", "data": 0.005863735760101518}, "simu": {"type": "float", "data": 0.002}}, {"type": "dict", "image_number": {"type": "int", "data": 9}, "Hcamera2end": {"type": "ndarray", "data": [[0.9999956712796427, 0.0025675851818778425, -0.0014369858421426063, -0.012404339428305666], [0.0014380857393500852, -0.00042658323472677395, 0.9999988749674423, 0.036289101767666976], [0.0025669692991921204, -0.9999966127608023, -0.00043027379580173886, 0.03355600621144202], [0.0, 0.0, 0.0, 1.0]]}, "Hobj2base": {"type": "ndarray", "data": [[0.9999946617808058, 0.0029305290177384924, 0.001445133062400884, -0.7360742094996838], [0.0029310138201555395, -0.9999956489687938, -0.00033346884003943776, 0.09022003572864297], [0.0014441495344695852, 0.0003377027648875359, -0.9999989001938776, 0.0014463162532815962], [0.0, 0.0, 0.0, 1.0]]}, "mean_rme": {"type": "float", "data": 0.0018195104485901922}, "max_rme": {"type": "float", "data": 0.006010725313721217}, "simu": {"type": "float", "data": 0.002}}, {"type": "dict", "image_number": {"type": "int", "data": 10}, "Hcamera2end": {"type": "ndarray", "data": [[0.9999949011796206, 0.0031037689709325703, -0.0007511544021832385, -0.013256863966473596], [0.0007514072360928329, -8.029498928263656e-05, 0.9999997144698991, 0.03605948371575512], [0.0031037077707784305, -0.9999951800738287, -8.262677433679144e-05, 0.03379309604764291], [0.0, 0.0, 0.0, 1.0]]}, "Hobj2base": {"type": "ndarray", "data": [[0.9999937658742336, 0.0034162839933195217, 0.0008928697247937946, -0.7363472921360562], [0.003416144309595663, -0.9999941524922737, 0.00015792186268565096, 0.0895109781211666], [0.0008934040096628686, -0.00015487070635133318, -0.9999995889220852, 0.0016013446711270918], [0.0, 0.0, 0.0, 1.0]]}, "mean_rme": {"type": "float", "data": 0.001826327495127414}, "max_rme": {"type": "float", "data": 0.006179481287183569}, "simu": {"type": "float", "data": 0.002}}, {"type": "dict", "image_number": {"type": "int", "data": 11}, "Hcamera2end": {"type": "ndarray", "data": [[0.9999951290103514, 0.0030997137274408493, -0.00036569164419750135, -0.013718851958409798], [0.0003660901448747347, -0.0001279940638534427, 0.9999999247977598, 0.035914097763343256], [0.0030996666879757754, -0.9999951876845845, -0.00012912821504329486, 0.03369875992319165], [0.0, 0.0, 0.0, 1.0]]}, "Hobj2base": {"type": "ndarray", "data": [[0.9999940677703705, 0.003371082633154466, 0.0007072665326625866, -0.7361606220485813], [0.0033706945089194405, -0.9999941683584546, 0.0005492427612311809, 0.08938250400314585], [0.0007091139508714631, -0.0005468555235790106, -0.9999995990531403, 0.001753770447174568], [0.0, 0.0, 0.0, 1.0]]}, "mean_rme": {"type": "float", "data": 0.0017401692900616747}, "max_rme": {"type": "float", "data": 0.006006548677075865}, "simu": {"type": "float", "data": 0.002}}, {"type": "dict", "image_number": {"type": "int", "data": 12}, "Hcamera2end": {"type": "ndarray", "data": [[0.9999986659424811, 0.0016069075017482884, 0.00029319198288033836, -0.013055465961433603], [-0.0002930266380953249, -0.00010313073566936559, 0.9999999517497193, 0.036760357913441115], [0.0016069376613194368, -0.999998703605326, -0.0001026597313842359, 0.03378124656749814], [0.0, 0.0, 0.0, 1.0]]}, "Hobj2base": {"type": "ndarray", "data": [[0.9999980416185795, 0.0019081178403447612, 0.0005252097800556052, -0.7359046288128533], [0.0019076134580385444, -0.9999977204936261, 0.0009591759204067607, 0.09081655664578447], [0.0005270388035223212, -0.0009581721447297318, -0.9999994020679415, 0.0013055187492663396], [0.0, 0.0, 0.0, 1.0]]}, "mean_rme": {"type": "float", "data": 0.001795937631880602}, "max_rme": {"type": "float", "data": 0.005397763112290007}, "simu": {"type": "float", "data": 0.002}}, {"type": "dict", "image_number": {"type": "int", "data": 13}, "Hcamera2end": {"type": "ndarray", "data": [[0.9999982811606873, 0.001827428031755208, 0.00031334080447847847, -0.013556921204148923], [-0.0003127572007228252, -0.00031963502439502633, 0.9999999000081873, 0.036753296079364804], [0.00182752800372305, -0.9999982791686394, -0.0003190629337179729, 0.03450192205120281], [0.0, 0.0, 0.0, 1.0]]}, "Hobj2base": {"type": "ndarray", "data": [[0.9999974812151617, 0.002095511375354953, 0.0008039871938774811, -0.7363560472142008], [0.0020946948204485986, -0.9999972908755568, 0.0010151330730593015, 0.09017562029941137], [0.000806112238678217, -0.0010134464083467862, -0.9999991615543664, 0.001488910189745678], [0.0, 0.0, 0.0, 1.0]]}, "mean_rme": {"type": "float", "data": 0.0018102121312932055}, "max_rme": {"type": "float", "data": 0.005574170954290747}, "simu": {"type": "float", "data": 0.002}}, {"type": "dict", "image_number": {"type": "int", "data": 14}, "Hcamera2end": {"type": "ndarray", "data": [[0.9999984659063312, 0.0017222903241329512, 0.00031921939705649525, -0.013453049555688198], [-0.00031831152252227084, -0.0005273804752317091, 0.9999998102737865, 0.03684660700955332], [0.0017224583474466522, -0.9999983777916212, -0.0005268314413253705, 0.0343850159456258], [0.0, 0.0, 0.0, 1.0]]}, "Hobj2base": {"type": "ndarray", "data": [[0.9999976047675959, 0.0019728331877046077, 0.0009478334688135451, -0.736116453681466], [0.001971979612646366, -0.9999976500638783, 0.0009006459508221186, 0.09016906638443278], [0.0009496080656875928, -0.0008987746852890683, -0.9999991452239281, 0.0014841898950239765], [0.0, 0.0, 0.0, 1.0]]}, "mean_rme": {"type": "float", "data": 0.0017469762720948964}, "max_rme": {"type": "float", "data": 0.005677897709305744}, "simu": {"type": "float", "data": 0.002}}, {"type": "dict", "image_number": {"type": "int", "data": 15}, "Hcamera2end": {"type": "ndarray", "data": [[0.9999987471357129, 0.0015708440119270508, 0.00019538703841997336, -0.013087836727633561], [-0.00019481064098076056, -0.0003670795028660745, 0.9999999136507226, 0.03668156402619972], [0.001570915598862735, -0.9999986988500179, -0.00036677302583632, 0.03426213929919883], [0.0, 0.0, 0.0, 1.0]]}, "Hobj2base": {"type": "ndarray", "data": [[0.9999980196544357, 0.00180549196421123, 0.0008371893298963438, -0.7361355426987485], [0.0018048758262965315, -0.999998100264327, 0.0007361324530021631, 0.09050388404906898], [0.0008385168206863992, -0.0007346199724219617, -0.9999993786113255, 0.0015521009919263677], [0.0, 0.0, 0.0, 1.0]]}, "mean_rme": {"type": "float", "data": 0.001698798330082117}, "max_rme": {"type": "float", "data": 0.005654207028042164}, "simu": {"type": "float", "data": 0.002}}, {"type": "dict", "image_number": {"type": "int", "data": 16}, "Hcamera2end": {"type": "ndarray", "data": [[0.9999989210297631, 0.0014555986551230537, -0.00019791883418231637, -0.013010239397668176], [0.00019828096669458452, -0.0002486458616177689, 0.9999999494299456, 0.03661682465624945], [0.0014555493698142948, -0.9999989097033011, -0.000248934210844709, 0.03389741317563148], [0.0, 0.0, 0.0, 1.0]]}, "Hobj2base": {"type": "ndarray", "data": [[0.9999983938246183, 0.0016922571309305415, 0.0005904354210485501, -0.7359168477994522], [0.001692024181370723, -0.9999984905863895, 0.00039481528910324587, 0.09030051579310519], [0.0005911026588256747, -0.0003938156239506963, -0.9999997477534188, 0.0014885393663729568], [0.0, 0.0, 0.0, 1.0]]}, "mean_rme": {"type": "float", "data": 0.0016656389110813268}, "max_rme": {"type": "float", "data": 0.005775608435584483}, "simu": {"type": "float", "data": 0.002}}, {"type": "dict", "image_number": {"type": "int", "data": 17}, "Hcamera2end": {"type": "ndarray", "data": [[0.9999990085754492, 0.001401141776612122, -0.00014017788847424959, -0.013173489994947588], [0.00014040218180933427, -0.00015998189203614288, 0.9999999773465107, 0.03665336504889865], [0.0014011193189475517, -0.9999990056032637, -0.00016017845678861775, 0.03371053944227896], [0.0, 0.0, 0.0, 1.0]]}, "Hobj2base": {"type": "ndarray", "data": [[0.9999985559162863, 0.0016258563300728297, 0.0004947287499026714, -0.7357247961775228], [0.0016256506155577024, -0.9999985921296879, 0.000415931145879238, 0.0903343041041705], [0.000495404297675154, -0.0004151262891430309, -0.999999791122351, 0.0016938099537450767], [0.0, 0.0, 0.0, 1.0]]}, "mean_rme": {"type": "float", "data": 0.001701894945222108}, "max_rme": {"type": "float", "data": 0.005602329027374873}, "simu": {"type": "float", "data": 0.002}}, {"type": "dict", "image_number": {"type": "int", "data": 18}, "Hcamera2end": {"type": "ndarray", "data": [[0.9999991076782637, 0.0013264910586516087, -0.00015831660559133395, -0.01324393225891837], [0.00015858971817276225, -0.00020578835397677686, 0.9999999662502266, 0.03664739560044648], [0.0013264584341691644, -0.9999990990359062, -0.00020599853819058822, 0.03371347825372987], [0.0, 0.0, 0.0, 1.0]]}, "Hobj2base": {"type": "ndarray", "data": [[0.9999987349352628, 0.001531248384153933, 0.00043058827210589053, -0.7357627864876667], [0.0015310447632240919, -0.9999987161694597, 0.0004728227644130351, 0.09045349138443698], [0.0004313117283975149, -0.0004721629163425155, -0.9999997955161664, 0.0017087365483420577], [0.0, 0.0, 0.0, 1.0]]}, "mean_rme": {"type": "float", "data": 0.0016940217858135197}, "max_rme": {"type": "float", "data": 0.005540051387447786}, "simu": {"type": "float", "data": 0.002}}, {"type": "dict", "image_number": {"type": "int", "data": 19}, "Hcamera2end": {"type": "ndarray", "data": [[0.9999990713578806, 0.0013583894161646615, -0.00010982518130918048, -0.013429092853757752], [0.0001099466398363371, -8.933927687859722e-05, 0.9999999899651152, 0.036526494697171605], [0.0013583795908310987, -0.9999990733979148, -8.94885442661586e-05, 0.03325100300884422], [0.0, 0.0, 0.0, 1.0]]}, "Hobj2base": {"type": "ndarray", "data": [[0.9999987489409452, 0.0015509657822002623, 0.0003108402914417555, -0.7353300482598883], [0.001550816072015338, -0.9999986816618014, 0.0004812942662087274, 0.09041710655977521], [0.0003115863525871844, -0.0004808116079613798, -0.9999998358670583, 0.0018482654137573073], [0.0, 0.0, 0.0, 1.0]]}, "mean_rme": {"type": "float", "data": 0.0016638485471832376}, "max_rme": {"type": "float", "data": 0.005594847861724372}, "simu": {"type": "float", "data": 0.002}}, {"type": "dict", "image_number": {"type": "int", "data": 20}, "Hcamera2end": {"type": "ndarray", "data": [[0.999999207043385, 0.0012574533432993256, -6.872911145369958e-05, -0.013492685409440132], [6.887292762954792e-05, -0.00011432803893218768, 0.9999999910928097, 0.03652182814727804], [0.001257445474434419, -0.9999992028697768, -0.00011441455276828272, 0.03327919545572506], [0.0, 0.0, 0.0, 1.0]]}, "Hobj2base": {"type": "ndarray", "data": [[0.9999989061823062, 0.0014400891274218403, 0.0003373091995835164, -0.735371182670215], [0.0014399195287772503, -0.9999988370605182, 0.0005025030973156856, 0.09043153934496773], [0.00033803245656027065, -0.0005020168495651901, -0.999999816856554, 0.0017834295931990207], [0.0, 0.0, 0.0, 1.0]]}, "mean_rme": {"type": "float", "data": 0.0016244466871676458}, "max_rme": {"type": "float", "data": 0.005543071528336441}, "simu": {"type": "float", "data": 0.002}}, {"type": "dict", "image_number": {"type": "int", "data": 21}, "Hcamera2end": {"type": "ndarray", "data": [[0.9999995031859262, 0.0009957185363334562, -4.6610053817985e-05, -0.013722323436867028], [4.6725393165922464e-05, -0.00011581234390667383, 0.9999999922021194, 0.03647565047417877], [0.0009957131305493795, -0.9999994975659225, -0.00011585881170961265, 0.03384984510121158], [0.0, 0.0, 0.0, 1.0]]}, "Hobj2base": {"type": "ndarray", "data": [[0.9999992573823306, 0.0011719257841046459, 0.00033440206911182377, -0.7359738412714385], [0.0011717538272594814, -0.9999991814211528, 0.0005139552427422104, 0.09049725758418461], [0.0003350041127782091, -0.0005135630241656407, -0.9999998120126143, 0.0018277418922773912], [0.0, 0.0, 0.0, 1.0]]}, "mean_rme": {"type": "float", "data": 0.001668306961704745}, "max_rme": {"type": "float", "data": 0.005590600099088572}, "simu": {"type": "float", "data": 0.002}}, {"type": "dict", "image_number": {"type": "int", "data": 22}, "Hcamera2end": {"type": "ndarray", "data": [[0.9999996654389646, 0.0008179411287107447, 9.709222432009224e-06, -0.013620058789286663], [-9.645571427342205e-06, -7.782247354026772e-05, 0.9999999969253129, 0.03638732789024167], [0.0008179418817915373, -0.9999996624579294, -7.781455799427128e-05, 0.03380228032659693], [0.0, 0.0, 0.0, 1.0]]}, "Hobj2base": {"type": "ndarray", "data": [[0.9999994436605764, 0.0009916023252278111, 0.0003597267939798627, -0.7359760915036548], [0.000991410834068649, -0.9999993669803817, 0.0005321122017356772, 0.0906498501422553], [0.00036025420996226785, -0.0005317552686598251, -0.9999997937265985, 0.0017422847745265898], [0.0, 0.0, 0.0, 1.0]]}, "mean_rme": {"type": "float", "data": 0.001663855352026826}, "max_rme": {"type": "float", "data": 0.0053767098952982595}, "simu": {"type": "float", "data": 0.002}}, {"type": "dict", "image_number": {"type": "int", "data": 23}, "Hcamera2end": {"type": "ndarray", "data": [[0.999999716252997, 0.0007435332940024702, 0.00012104613253184995, -0.013502773368041952], [-0.00012100020035388709, -6.18202229185627e-05, 0.9999999907686059, 0.03630334933168641], [0.0007435407702375176, -0.9999997216682117, -6.17302376995088e-05, 0.033821157281663294], [0.0, 0.0, 0.0, 1.0]]}, "Hobj2base": {"type": "ndarray", "data": [[0.9999995321644379, 0.0008937052262759042, 0.000370083603641002, -0.7359470731354775], [0.0008935083521097264, -0.9999994594176587, 0.0005317962156657151, 0.09079509122840031], [0.00037055867263759525, -0.0005314652940817015, -0.9999997901154336, 0.001729074973382367], [0.0, 0.0, 0.0, 1.0]]}, "mean_rme": {"type": "float", "data": 0.0016439636785811585}, "max_rme": {"type": "float", "data": 0.005247014796061267}, "simu": {"type": "float", "data": 0.002}}, {"type": "dict", "image_number": {"type": "int", "data": 24}, "Hcamera2end": {"type": "ndarray", "data": [[0.9999998494323629, 0.00044350433224736563, 0.00032317047961686116, -0.01352405894396077], [-0.00032316026600279245, -2.310081280287868e-05, 0.9999999475168959, 0.037156849264541755], [0.0004435117744716347, -0.9999999013851248, -2.295748634661976e-05, 0.033867795344344497], [0.0, 0.0, 0.0, 1.0]]}, "Hobj2base": {"type": "ndarray", "data": [[0.9999997214239614, 0.0006381630101109636, 0.0003871691776312715, -0.7358657387807375], [0.0006379866684288802, -0.9999996927842181, 0.0004554168211750367, 0.09095330699336607], [0.00038745968885624596, -0.0004551696855330674, -0.9999998213477579, 0.0009317555481455376], [0.0, 0.0, 0.0, 1.0]]}, "mean_rme": {"type": "float", "data": 0.0016164099448913352}, "max_rme": {"type": "float", "data": 0.005268936214990527}, "simu": {"type": "float", "data": 0.002}}, {"type": "dict", "image_number": {"type": "int", "data": 25}, "Hcamera2end": {"type": "ndarray", "data": [[0.9999998401183512, 0.000490717762561182, 0.00028099706331346835, -0.013652346643753172], [-0.00028099317115061115, -8.000497331961398e-06, 0.999999960489414, 0.03711591659531005], [0.0004907199912888911, -0.9999998795660273, -7.8626077126831e-06, 0.0339484977428796], [0.0, 0.0, 0.0, 1.0]]}, "Hobj2base": {"type": "ndarray", "data": [[0.9999997086431285, 0.0006761395164315573, 0.0003543289607621068, -0.7360386985901469], [0.0006759877934373012, -0.999999679866951, 0.00042814308210498543, 0.09089551510920016], [0.00035461833178619423, -0.00042790343531021993, -0.9999998455722325, 0.0008724250574735115], [0.0, 0.0, 0.0, 1.0]]}, "mean_rme": {"type": "float", "data": 0.0016452613206454463}, "max_rme": {"type": "float", "data": 0.005191613627357039}, "simu": {"type": "float", "data": 0.002}}, {"type": "dict", "image_number": {"type": "int", "data": 26}, "Hcamera2end": {"type": "ndarray", "data": [[0.9999999449016881, 0.00017951177216300515, 0.0002792349268934044, -0.01358744111234044], [-0.0002792208614029746, -7.837442678271245e-05, 0.9999999579465793, 0.03679016703863455], [0.00017953364949125394, -0.9999999808164866, -7.83242990327615e-05, 0.03394132514189056], [0.0, 0.0, 0.0, 1.0]]}, "Hobj2base": {"type": "ndarray", "data": [[0.9999998857734742, 0.00033250737628855474, 0.00034335387451755567, -0.7360081791226982], [0.0003323378668387866, -0.999999822942242, 0.0004936264045238783, 0.09099733926242912], [0.0003435179481447234, -0.0004935122386444212, -0.9999998192205286, 0.001218073300643317], [0.0, 0.0, 0.0, 1.0]]}, "mean_rme": {"type": "float", "data": 0.0016067166877826553}, "max_rme": {"type": "float", "data": 0.005204075529015195}, "simu": {"type": "float", "data": 0.002}}, {"type": "dict", "image_number": {"type": "int", "data": 27}, "Hcamera2end": {"type": "ndarray", "data": [[0.999999866550118, 0.0002971148527916676, 0.00042263756406443184, -0.013467363000673194], [-0.00042260275731060453, -0.00011720217607136263, 0.9999999038352749, 0.036533234403654885], [0.00029716435826189735, -0.9999999489932057, -0.00011707659887472133, 0.033920835849766455], [0.0, 0.0, 0.0, 1.0]]}, "Hobj2base": {"type": "ndarray", "data": [[0.999999830186287, 0.00043324244369561413, 0.0003897799148801449, -0.7360094267331944], [0.0004330356064756641, -0.9999997654828603, 0.0005305792952900897, 0.09105068924713171], [0.00039000969294053977, -0.0005304104166086174, -0.9999997832785914, 0.0015553840235911877], [0.0, 0.0, 0.0, 1.0]]}, "mean_rme": {"type": "float", "data": 0.0016208217899937897}, "max_rme": {"type": "float", "data": 0.0052886946665773316}, "simu": {"type": "float", "data": 0.002}}, {"type": "dict", "image_number": {"type": "int", "data": 28}, "Hcamera2end": {"type": "ndarray", "data": [[0.9999998648894713, 0.0003286572875256163, 0.0004027473480719099, -0.01355089233857284], [-0.0004026992774063828, -0.00014631687482058453, 0.9999999082123278, 0.03680658240595323], [0.0003287161860922412, -0.9999999352878776, -0.00014618450499948032, 0.033884493962152276], [0.0, 0.0, 0.0, 1.0]]}, "Hobj2base": {"type": "ndarray", "data": [[0.9999998290382969, 0.00045299348740769104, 0.000369757051973432, -0.736048594295714], [0.0004528332503348776, -0.9999998035850926, 0.00043332646241171123, 0.09095798440576883], [0.00036995327341302883, -0.0004331589500418018, -0.9999998377539363, 0.0012411902707258834], [0.0, 0.0, 0.0, 1.0]]}, "mean_rme": {"type": "float", "data": 0.0016046526151556805}, "max_rme": {"type": "float", "data": 0.005282661817291701}, "simu": {"type": "float", "data": 0.002}}, {"type": "dict", "image_number": {"type": "int", "data": 29}, "Hcamera2end": {"type": "ndarray", "data": [[0.9999998101445732, 0.00023072209307473655, 0.0005713826504805066, -0.013397564048417358], [-0.0005713419949588941, -0.00017623740005845434, 0.9999998212543356, 0.03727155567298089], [0.00023082275082692198, -0.9999999578538462, -0.00017610554537794698, 0.03390119815616641], [0.0, 0.0, 0.0, 1.0]]}, "Hobj2base": {"type": "ndarray", "data": [[0.9999998637929771, 0.00035016575641487105, 0.0003870374274494662, -0.7360120913975536], [0.000349971493934918, -0.999999812820447, 0.000501875505784449, 0.09122959951622085], [0.00038721309462008284, -0.0005017399853587874, -0.9999997991614826, 0.0009283784612143635], [0.0, 0.0, 0.0, 1.0]]}, "mean_rme": {"type": "float", "data": 0.001633028307164329}, "max_rme": {"type": "float", "data": 0.005405175355432723}, "simu": {"type": "float", "data": 0.002}}, {"type": "dict", "image_number": {"type": "int", "data": 30}, "Hcamera2end": {"type": "ndarray", "data": [[0.9999995774278152, 0.0007229071203239663, 0.0005679344032948517, -0.013505447427883888], [-0.0005677839682607395, -0.0002082855394722749, 0.999999817119233, 0.03716991177156853], [0.0007230252806417327, -0.9999997170111747, -0.0002078749963829729, 0.033950707290693535], [0.0, 0.0, 0.0, 1.0]]}, "Hobj2base": {"type": "ndarray", "data": [[0.9999996253907275, 0.0008213813330386567, 0.00027304049219254605, -0.7361059148538459], [0.0008212678077391107, -0.9999995763835543, 0.0004156343351473924, 0.09100392810536495], [0.0002733817708123631, -0.00041540994008046946, -0.9999998763484872, 0.0010995866493353768], [0.0, 0.0, 0.0, 1.0]]}, "mean_rme": {"type": "float", "data": 0.0016313629004320112}, "max_rme": {"type": "float", "data": 0.005559587808731725}, "simu": {"type": "float", "data": 0.002}}]}