{"type": "list", "data": [{"type": "dict", "image_number": {"type": "int", "data": 5}, "Hcamera2end": {"type": "ndarray", "data": [[0.999994984305368, -0.0028606836775248415, -0.001359357570253525, -0.014068274638886045], [0.0013625421361966763, 0.001111564171362045, 0.9999984539508149, 0.03049641788464514], [-0.0028591682415960093, -0.9999952904459051, 0.0011154563981445875, 0.03287626445911601], [0.0, 0.0, 0.0, 1.0]]}, "Hobj2base": {"type": "ndarray", "data": [[0.9999954306909841, -0.0030018760354593764, 0.0003568436927681046, -0.7365370708442527], [-0.003001473273677821, -0.9999948639835918, -0.0011239059677982826, 0.08862497898714157], [0.00036021568640388696, 0.001122829775517887, -0.9999993047487352, 0.0005500055131654191], [0.0, 0.0, 0.0, 1.0]]}, "mean_rme": {"type": "float", "data": 0.0014352070814722877}, "max_rme": {"type": "float", "data": 0.004724098374631364}, "simu": {"type": "float", "data": 0.002}}, {"type": "dict", "image_number": {"type": "int", "data": 6}, "Hcamera2end": {"type": "ndarray", "data": [[0.9999953650296467, -0.0025906928415944446, -0.0015994467243833285, -0.014525694250675493], [0.0016033870158101372, 0.00151957898801236, 0.9999975600119116, 0.030868216232268715], [-0.0025882560346999527, -0.999995489584978, 0.0015237258280730304, 0.032796206019002586], [0.0, 0.0, 0.0, 1.0]]}, "Hobj2base": {"type": "ndarray", "data": [[0.9999967150734387, -0.0025493527759822324, 0.0002657870491599242, -0.7365178240927773], [-0.002549064599789755, -0.9999961690113996, -0.0010789959178613662, 0.08843820981698303], [0.00026853677217124203, 0.0010783148650809198, -0.9999993825623366, -2.2126001092091323e-05], [0.0, 0.0, 0.0, 1.0]]}, "mean_rme": {"type": "float", "data": 0.0013508801648720833}, "max_rme": {"type": "float", "data": 0.004888341282480724}, "simu": {"type": "float", "data": 0.002}}, {"type": "dict", "image_number": {"type": "int", "data": 7}, "Hcamera2end": {"type": "ndarray", "data": [[0.9999959636677962, -0.0024709610933979966, -0.0014024975545354908, -0.015052674485176729], [0.0014078729560820203, 0.0021750347775667533, 0.9999966435530948, 0.03088943795244896], [-0.002467902318791716, -0.9999945817728167, 0.0021785047977027627, 0.032416347591912774], [0.0, 0.0, 0.0, 1.0]]}, "Hobj2base": {"type": "ndarray", "data": [[0.9999973842358988, -0.0022536419100523813, -0.00039066545974619977, -0.7368567382672495], [-0.0022538800840316278, -0.9999972737768321, -0.0006102978532469053, 0.08825318288112767], [-0.00038928900188528036, 0.0006111767699509307, -0.9999997374584797, -0.0002598325438084185], [0.0, 0.0, 0.0, 1.0]]}, "mean_rme": {"type": "float", "data": 0.0014261773941933256}, "max_rme": {"type": "float", "data": 0.004539100972219268}, "simu": {"type": "float", "data": 0.002}}, {"type": "dict", "image_number": {"type": "int", "data": 8}, "Hcamera2end": {"type": "ndarray", "data": [[0.9999950291019964, -0.0025756027460972697, -0.0018188022958793718, -0.015921415825916607], [0.0018243444481797105, 0.002151076406725183, 0.9999960223109025, 0.03158564763586057], [-0.002571680118443143, -0.9999943695545425, 0.0021557645005143566, 0.03243058140413035], [0.0, 0.0, 0.0, 1.0]]}, "Hobj2base": {"type": "ndarray", "data": [[0.9999972493013651, -0.0023356289003195795, -0.00021500544952335343, -0.7364958097654876], [-0.0023358311597399496, -0.9999968251236171, -0.0009453229500643437, 0.08782862038540659], [-0.0002127968433053238, 0.000945822566194306, -0.9999995300684783, -0.0014127131454850228], [0.0, 0.0, 0.0, 1.0]]}, "mean_rme": {"type": "float", "data": 0.0014857679669922558}, "max_rme": {"type": "float", "data": 0.004912458717600127}, "simu": {"type": "float", "data": 0.002}}, {"type": "dict", "image_number": {"type": "int", "data": 9}, "Hcamera2end": {"type": "ndarray", "data": [[0.9999965878959155, -0.0018332502767958046, -0.001861018524648902, -0.015412425066477775], [0.001864845799982, 0.002088206896489364, 0.99999608086337, 0.031990289375423614], [-0.0018293569003198266, -0.9999961392852373, 0.002091618500389081, 0.03234648172396274], [0.0, 0.0, 0.0, 1.0]]}, "Hobj2base": {"type": "ndarray", "data": [[0.9999984035210228, -0.0017415670501239493, 0.0003998744998840917, -0.736159903315679], [-0.0017411715849316234, -0.999997996876199, -0.0009872006388557755, 0.0883795581393241], [0.00040159297499045603, 0.0009865028126939724, -0.9999994327674806, -0.0015763615468068542], [0.0, 0.0, 0.0, 1.0]]}, "mean_rme": {"type": "float", "data": 0.0014795443804797085}, "max_rme": {"type": "float", "data": 0.005103560914166361}, "simu": {"type": "float", "data": 0.002}}, {"type": "dict", "image_number": {"type": "int", "data": 10}, "Hcamera2end": {"type": "ndarray", "data": [[0.999996129646613, -0.0014566891459227673, -0.0023703899524150844, -0.0159343833670153], [0.0023735360408552717, 0.002161832599088198, 0.9999948463899583, 0.031781161472255876], [-0.001451557252443275, -0.9999966022625005, 0.002165281736220215, 0.03227719679818052], [0.0, 0.0, 0.0, 1.0]]}, "Hobj2base": {"type": "ndarray", "data": [[0.9999988424173811, -0.0014084009023226287, 0.0005758218439761434, -0.736091071515572], [-0.0014076315985668726, -0.9999981191873089, -0.0013342395315049489, 0.087603322639776], [0.0005776999051231975, 0.0013334274419897318, -0.9999989441164807, -0.0018458408889193312], [0.0, 0.0, 0.0, 1.0]]}, "mean_rme": {"type": "float", "data": 0.0014473133594071824}, "max_rme": {"type": "float", "data": 0.005137006605166389}, "simu": {"type": "float", "data": 0.002}}, {"type": "dict", "image_number": {"type": "int", "data": 11}, "Hcamera2end": {"type": "ndarray", "data": [[0.9999956081662313, -0.0016701014672917758, -0.0024483482877208484, -0.015997965345407206], [0.0024515424899010044, 0.0019132213530635989, 0.9999951647500476, 0.031596126122686106], [-0.0016654091597099307, -0.999996775167372, 0.0019173072752229903, 0.03233810669873849], [0.0, 0.0, 0.0, 1.0]]}, "Hobj2base": {"type": "ndarray", "data": [[0.9999986136361905, -0.0016529202756816296, 0.00020144542484246638, -0.7360272648034065], [-0.0016526087404927397, -0.9999974532911988, -0.0015369760790916052, 0.08750998736455493], [0.0002039854107439981, 0.0015366410378137663, -0.9999987985614149, -0.001933786597224934], [0.0, 0.0, 0.0, 1.0]]}, "mean_rme": {"type": "float", "data": 0.0014195019046869077}, "max_rme": {"type": "float", "data": 0.005127680467162887}, "simu": {"type": "float", "data": 0.002}}, {"type": "dict", "image_number": {"type": "int", "data": 12}, "Hcamera2end": {"type": "ndarray", "data": [[0.9999939524458893, -0.0016017645475788164, -0.0030869761875740873, -0.015680597035767973], [0.00309036930594581, 0.002120229677357477, 0.9999929770971737, 0.03171136550496626], [-0.0015952082000158564, -0.9999964694819926, 0.0021251668991469908, 0.032544623985486715], [0.0, 0.0, 0.0, 1.0]]}, "Hobj2base": {"type": "ndarray", "data": [[0.9999985514379603, -0.0016188074406574347, 0.000525912969132011, -0.7358717973963969], [-0.0016178106211097029, -0.9999969046542958, -0.0018903361135357488, 0.0873836591712539], [0.0005289714314154961, 0.0018894825476793715, -0.9999980750206108, -0.001818228967058989], [0.0, 0.0, 0.0, 1.0]]}, "mean_rme": {"type": "float", "data": 0.0015399449702641675}, "max_rme": {"type": "float", "data": 0.005607469296084855}, "simu": {"type": "float", "data": 0.002}}, {"type": "dict", "image_number": {"type": "int", "data": 13}, "Hcamera2end": {"type": "ndarray", "data": [[0.9999954108592719, -0.0015319959056902448, -0.002613665805146057, -0.015081806585116542], [0.002617175889456755, 0.0022936746936036423, 0.9999939447050481, 0.03125645148573088], [-0.001525991729888371, -0.9999961960152368, 0.0022976736703548273, 0.03230949484230715], [0.0, 0.0, 0.0, 1.0]]}, "Hobj2base": {"type": "ndarray", "data": [[0.9999989053148294, -0.001466683355656728, 0.00019547142302085393, -0.7360295181529045], [-0.001466386774760779, -0.9999977865182765, -0.0015088632724184294, 0.08825703147046132], [0.00019768401499604938, 0.001508574983978619, -0.9999988425606046, -0.0014716139684771616], [0.0, 0.0, 0.0, 1.0]]}, "mean_rme": {"type": "float", "data": 0.0016115625422997114}, "max_rme": {"type": "float", "data": 0.005481464261502034}, "simu": {"type": "float", "data": 0.002}}, {"type": "dict", "image_number": {"type": "int", "data": 14}, "Hcamera2end": {"type": "ndarray", "data": [[0.9999947606660048, -0.0016554260846583417, -0.0027817629334901794, -0.014716108174334382], [0.002785345869534225, 0.0021660035824244694, 0.9999937751190594, 0.030895552674637], [-0.0016493904713486638, -0.9999962839895752, 0.0021706031682154903, 0.03230248764624068], [0.0, 0.0, 0.0, 1.0]]}, "Hobj2base": {"type": "ndarray", "data": [[0.9999986264974465, -0.0016444802335078626, 0.00020661070181327582, -0.7359693106951102], [-0.0016442141887275147, -0.999997827412378, -0.00128130020861451, 0.08855230636783115], [0.00020871732579967866, 0.001280958736497937, -0.9999991577905416, -0.0009797037759388394], [0.0, 0.0, 0.0, 1.0]]}, "mean_rme": {"type": "float", "data": 0.001580162149950736}, "max_rme": {"type": "float", "data": 0.005522061668645717}, "simu": {"type": "float", "data": 0.002}}, {"type": "dict", "image_number": {"type": "int", "data": 15}, "Hcamera2end": {"type": "ndarray", "data": [[0.9999940766170233, -0.0017638626338704589, -0.0029555912227193825, -0.014733399231691743], [0.0029592538000659725, 0.002077467853889514, 0.9999934634507684, 0.03081644905328019], [-0.0017577109585410755, -0.9999962864510675, 0.002082675265453915, 0.03232601663480174], [0.0, 0.0, 0.0, 1.0]]}, "Hobj2base": {"type": "ndarray", "data": [[0.9999984236242969, -0.0017727513503992293, 0.00010050657139445126, -0.7358955990889476], [-0.0017725777177435744, -0.9999969803796984, -0.0017021162473289107, 0.08852573765412851], [0.00010352369677875665, 0.0017019354084452738, -0.9999985463482983, -0.0010691738448690054], [0.0, 0.0, 0.0, 1.0]]}, "mean_rme": {"type": "float", "data": 0.001554658663386674}, "max_rme": {"type": "float", "data": 0.0054934649945234115}, "simu": {"type": "float", "data": 0.002}}, {"type": "dict", "image_number": {"type": "int", "data": 16}, "Hcamera2end": {"type": "ndarray", "data": [[0.999993334102837, -0.0016058116531160126, -0.0032791948442682725, -0.014684912567940953], [0.0032823974770796707, 0.001995843766138705, 0.9999926212100086, 0.030941653293258035], [-0.0015992550435811716, -0.9999967189829154, 0.0020011013741682016, 0.032505632996691756], [0.0, 0.0, 0.0, 1.0]]}, "Hobj2base": {"type": "ndarray", "data": [[0.9999986176033442, -0.0016596513972784246, 0.00010172826557494593, -0.7358787607638433], [-0.001659414877187258, -0.9999960180222482, -0.0022826041955079828, 0.08846516273067981], [0.00010551618773776407, 0.0022824322306462513, -0.9999973896813168, -0.0010234762342396057], [0.0, 0.0, 0.0, 1.0]]}, "mean_rme": {"type": "float", "data": 0.0015748516808965782}, "max_rme": {"type": "float", "data": 0.0054832901847283455}, "simu": {"type": "float", "data": 0.002}}, {"type": "dict", "image_number": {"type": "int", "data": 17}, "Hcamera2end": {"type": "ndarray", "data": [[0.9999933640624781, -0.001563321254147042, -0.0032905710240938688, -0.014717912176064045], [0.0032936202383970414, 0.0019519178060548592, 0.9999926710144448, 0.031025121614175394], [-0.0015568868724141357, -0.9999968730168783, 0.0019570538397720716, 0.03254647030206329], [0.0, 0.0, 0.0, 1.0]]}, "Hobj2base": {"type": "ndarray", "data": [[0.9999987109141149, -0.0015998296746355287, 0.00013680321930873454, -0.7358597458101697], [-0.001599509949668576, -0.9999960616553181, -0.002306131343656768, 0.08837010672551769], [0.0001404920978876925, 0.0023059095527449727, -0.9999973315179922, -0.0010917370533576004], [0.0, 0.0, 0.0, 1.0]]}, "mean_rme": {"type": "float", "data": 0.001514995451635679}, "max_rme": {"type": "float", "data": 0.005516743987461853}, "simu": {"type": "float", "data": 0.002}}, {"type": "dict", "image_number": {"type": "int", "data": 18}, "Hcamera2end": {"type": "ndarray", "data": [[0.9999942401835419, -0.0013304633502909, -0.0031224136520314567, -0.015214939412905108], [0.0031249557003682595, 0.001912873097621559, 0.9999932877616647, 0.03104942208562321], [-0.0013244816388291779, -0.9999972853882088, 0.0019170197188542737, 0.03248864191823559], [0.0, 0.0, 0.0, 1.0]]}, "Hobj2base": {"type": "ndarray", "data": [[0.9999989919530353, -0.0013984335964160528, 0.00024591947801359674, -0.7359085389695649], [-0.0013978652712055035, -0.9999963867026722, -0.002296204320930626, 0.0879093315852218], [0.00024912967870002907, 0.0022958582439510018, -0.9999973334811085, -0.0013319457698925336], [0.0, 0.0, 0.0, 1.0]]}, "mean_rme": {"type": "float", "data": 0.0015673648110136335}, "max_rme": {"type": "float", "data": 0.005382343581640969}, "simu": {"type": "float", "data": 0.002}}, {"type": "dict", "image_number": {"type": "int", "data": 19}, "Hcamera2end": {"type": "ndarray", "data": [[0.9999944614874458, -0.0010818352317790738, -0.003147479462165945, -0.015167103029999726], [0.0031495744787120574, 0.001940322063674782, 0.9999931576420372, 0.0308737106385399], [-0.0010757207056297572, -0.9999975323883658, 0.0019437186378128413, 0.032571385967677946], [0.0, 0.0, 0.0, 1.0]]}, "Hobj2base": {"type": "ndarray", "data": [[0.9999992883854648, -0.0011758439008612348, 0.00020154325766337647, -0.7358497501945159], [-0.0011753848236643561, -0.999996748666081, -0.0022629908930403312, 0.08800155265746241], [0.0002042035264182328, 0.0022627523917767497, -0.9999974191229357, -0.0011786123777615034], [0.0, 0.0, 0.0, 1.0]]}, "mean_rme": {"type": "float", "data": 0.0015746917683656298}, "max_rme": {"type": "float", "data": 0.00553032023326594}, "simu": {"type": "float", "data": 0.002}}, {"type": "dict", "image_number": {"type": "int", "data": 20}, "Hcamera2end": {"type": "ndarray", "data": [[0.9999935610905367, -0.0010616964108664177, -0.0034279116380386727, -0.015000022023639242], [0.003429821770074079, 0.0018025673754834548, 0.9999924935085676, 0.030714883299590424], [-0.001055509399566637, -0.9999978117733999, 0.0018061971983784897, 0.03259227997351373], [0.0, 0.0, 0.0, 1.0]]}, "Hobj2base": {"type": "ndarray", "data": [[0.9999992905692108, -0.0011679285284583144, 0.00023410260033709013, -0.7357550981687806], [-0.0011673447287911718, -0.9999962469403405, -0.0024785906314305963, 0.08778801605693093], [0.00023699653844488184, 0.0024783155946055888, -0.999996900887425, -0.001256622889435552], [0.0, 0.0, 0.0, 1.0]]}, "mean_rme": {"type": "float", "data": 0.0016450531453472107}, "max_rme": {"type": "float", "data": 0.005566324513062715}, "simu": {"type": "float", "data": 0.002}}, {"type": "dict", "image_number": {"type": "int", "data": 21}, "Hcamera2end": {"type": "ndarray", "data": [[0.9999931580249202, -0.0011124431073473618, -0.003527941847576999, -0.014931604173580616], [0.003529995419477338, 0.00184947366862942, 0.9999920592582162, 0.030725047089759386], [-0.0011059094381723473, -0.9999976709560289, 0.0018533879336499748, 0.032539052216385464], [0.0, 0.0, 0.0, 1.0]]}, "Hobj2base": {"type": "ndarray", "data": [[0.9999992361426121, -0.0012254951600313584, 0.00016085958157493623, -0.7358621757635103], [-0.001225075422949477, -0.9999959110472714, -0.0025840044400555462, 0.08775162905071252], [0.0001640256087624988, 0.002583805401124731, -0.9999966485170084, -0.0012404151191408189], [0.0, 0.0, 0.0, 1.0]]}, "mean_rme": {"type": "float", "data": 0.0016425176706700822}, "max_rme": {"type": "float", "data": 0.005434917553327451}, "simu": {"type": "float", "data": 0.002}}, {"type": "dict", "image_number": {"type": "int", "data": 22}, "Hcamera2end": {"type": "ndarray", "data": [[0.9999931919304554, -0.0011028071546407177, -0.0035213504680578957, -0.014924876276184898], [0.003523434061082335, 0.001893144831780158, 0.9999920006755367, 0.03079660527843045], [-0.0010961319064889776, -0.9999975999066324, 0.0018970176114099235, 0.032573397603955466], [0.0, 0.0, 0.0, 1.0]]}, "Hobj2base": {"type": "ndarray", "data": [[0.9999992481136293, -0.0012062376641740187, 0.00022082317273122568, -0.735837449426091], [-0.0012056325363832387, -0.999995573329874, -0.002720251981663451, 0.0877528463162412], [0.00022410346561621032, 0.0027199837047412285, -0.999996275726206, -0.001219128690918894], [0.0, 0.0, 0.0, 1.0]]}, "mean_rme": {"type": "float", "data": 0.0016242637960682557}, "max_rme": {"type": "float", "data": 0.005518645932175326}, "simu": {"type": "float", "data": 0.002}}, {"type": "dict", "image_number": {"type": "int", "data": 23}, "Hcamera2end": {"type": "ndarray", "data": [[0.9999929556962023, -0.001036926994691351, -0.0036074007790714725, -0.015145830925236053], [0.0036093366783597667, 0.0018711894958193254, 0.9999917356351565, 0.030718153847465467], [-0.0010301682947033422, -0.9999977117135209, 0.0018749189332267768, 0.032658569303856425], [0.0, 0.0, 0.0, 1.0]]}, "Hobj2base": {"type": "ndarray", "data": [[0.9999993159502568, -0.0011422165517340724, 0.00025187371298731833, -0.7358434924558739], [-0.001141515032073042, -0.9999955176131881, -0.0027679770525404507, 0.08753953081205364], [0.0002550342131961408, 0.0027676876414769, -0.9999961374238748, -0.0010601016231420687], [0.0, 0.0, 0.0, 1.0]]}, "mean_rme": {"type": "float", "data": 0.0016263912275054112}, "max_rme": {"type": "float", "data": 0.005583898229265638}, "simu": {"type": "float", "data": 0.002}}, {"type": "dict", "image_number": {"type": "int", "data": 24}, "Hcamera2end": {"type": "ndarray", "data": [[0.9999930149281717, -0.0010211098301245113, -0.0035954734848457452, -0.01520020160871351], [0.0035973926236864905, 0.001883887528308592, 0.9999917548330547, 0.030766324709772877], [-0.001014327943247027, -0.9999977041486124, 0.0018875477021896847, 0.032644742546724816], [0.0, 0.0, 0.0, 1.0]]}, "Hobj2base": {"type": "ndarray", "data": [[0.9999993670747354, -0.00109517308586383, 0.0002577712951804705, -0.7358494400178553], [-0.0010944323794927955, -0.9999953218341668, -0.0028563136291444584, 0.08756986245296827], [0.0002608982470950296, 0.0028560297080594496, -0.9999958875047497, -0.0010943119348280999], [0.0, 0.0, 0.0, 1.0]]}, "mean_rme": {"type": "float", "data": 0.001591406968196664}, "max_rme": {"type": "float", "data": 0.005570619703175517}, "simu": {"type": "float", "data": 0.002}}, {"type": "dict", "image_number": {"type": "int", "data": 25}, "Hcamera2end": {"type": "ndarray", "data": [[0.9999958155618527, -0.0008045339671214219, -0.0027787738088787236, -0.015082693463300215], [0.002780590518307961, 0.0022658456235459257, 0.999993567109299, 0.030402120526160682], [-0.0007982325191686734, -0.9999971093301752, 0.0022680732217756905, 0.031570629211893464], [0.0, 0.0, 0.0, 1.0]]}, "Hobj2base": {"type": "ndarray", "data": [[0.9999996509728704, -0.0008187889768410302, -0.00016624905680992616, -0.735066075384338], [-0.000819133939378555, -0.999997489604211, -0.0020856185810012853, 0.08814118865110732], [-0.00016454095795497535, 0.002085754033308641, -0.9999978112757975, -0.0007006480494099443], [0.0, 0.0, 0.0, 1.0]]}, "mean_rme": {"type": "float", "data": 0.0016228786053987592}, "max_rme": {"type": "float", "data": 0.005485245174228354}, "simu": {"type": "float", "data": 0.002}}, {"type": "dict", "image_number": {"type": "int", "data": 26}, "Hcamera2end": {"type": "ndarray", "data": [[0.9999959400686672, -0.0008973334637491329, -0.0027045588988346843, -0.015072250256582908], [0.002706517009922476, 0.0021881535044243616, 0.9999939433566168, 0.030417730099926623], [-0.0008914100388879389, -0.9999972033845378, 0.0021905732689545543, 0.03159985064694331], [0.0, 0.0, 0.0, 1.0]]}, "Hobj2base": {"type": "ndarray", "data": [[0.99999956765596, -0.0009016939496851027, -0.00022723537175632318, -0.7350680834766637], [-0.0009021777501690118, -0.999997307426548, -0.00213803998106083, 0.08814128955114733], [-0.0002253069021932865, 0.0021382440633884365, -0.9999976885718911, -0.000668554776230288], [0.0, 0.0, 0.0, 1.0]]}, "mean_rme": {"type": "float", "data": 0.0016029985527692338}, "max_rme": {"type": "float", "data": 0.005470748602374148}, "simu": {"type": "float", "data": 0.002}}, {"type": "dict", "image_number": {"type": "int", "data": 27}, "Hcamera2end": {"type": "ndarray", "data": [[0.9999980397144587, -0.000705203137986676, -0.0018502042520234642, -0.015496953486842508], [0.0018520170532165437, 0.002578683036306595, 0.9999949602006165, 0.03039029123083426], [-0.0007004284935859409, -0.9999964265347813, 0.002579984029589033, 0.03174854513756285], [0.0, 0.0, 0.0, 1.0]]}, "Hobj2base": {"type": "ndarray", "data": [[0.9999995910190099, -0.0006735704657713295, -0.0006035434040963817, -0.7353884343472863], [-0.0006743854814430106, -0.9999988597305958, -0.0013512001077272586, 0.08816082957132369], [-0.0006026325874083916, 0.001351606576021244, -0.9999989049962148, -0.000647353311113393], [0.0, 0.0, 0.0, 1.0]]}, "mean_rme": {"type": "float", "data": 0.0016103731443971063}, "max_rme": {"type": "float", "data": 0.005514868562841585}, "simu": {"type": "float", "data": 0.002}}, {"type": "dict", "image_number": {"type": "int", "data": 28}, "Hcamera2end": {"type": "ndarray", "data": [[0.9999978731441527, -0.0007185081259366932, -0.0019332494003941147, -0.015449652095563607], [0.001935030133402621, 0.00248599944553185, 0.9999950377202578, 0.03038245121465273], [-0.0007136985035609205, -0.9999966517708097, 0.002487384493044198, 0.03174199112041608], [0.0, 0.0, 0.0, 1.0]]}, "Hobj2base": {"type": "ndarray", "data": [[0.9999994952475169, -0.0007372499555333268, -0.0006826179126265438, -0.7354034016260732], [-0.0007381976969905569, -0.9999987626167919, -0.0013891828697784664, 0.08814599425387448], [-0.0006815928929576291, 0.0013896860755559888, -0.9999988021011526, -0.0006108815818325619], [0.0, 0.0, 0.0, 1.0]]}, "mean_rme": {"type": "float", "data": 0.0015922665686282022}, "max_rme": {"type": "float", "data": 0.005441543854748959}, "simu": {"type": "float", "data": 0.002}}, {"type": "dict", "image_number": {"type": "int", "data": 29}, "Hcamera2end": {"type": "ndarray", "data": [[0.9999979471628496, -0.0007062473442482709, -0.0018991800271335932, -0.015346471548430291], [0.0019009565301296067, 0.00252330612224394, 0.9999950096327902, 0.030317416150253244], [-0.0007014516072249724, -0.9999965670645586, 0.0025246434878083424, 0.031763184870767756], [0.0, 0.0, 0.0, 1.0]]}, "Hobj2base": {"type": "ndarray", "data": [[0.9999994877911046, -0.0007200204818350367, -0.0007113283589023176, -0.735429911179925], [-0.000720951322803297, -0.9999988831028321, -0.0013092067366102446, 0.08825053445297945], [-0.0007103849087563721, 0.0013097188991442064, -0.9999988899942276, -0.00048739097266875916], [0.0, 0.0, 0.0, 1.0]]}, "mean_rme": {"type": "float", "data": 0.001552233865433601}, "max_rme": {"type": "float", "data": 0.005456177724269318}, "simu": {"type": "float", "data": 0.002}}, {"type": "dict", "image_number": {"type": "int", "data": 30}, "Hcamera2end": {"type": "ndarray", "data": [[0.9999983365202137, -0.0005878000174622806, -0.0017266869851980692, -0.015673238077041955], [0.0017282380057611246, 0.0026484862103263174, 0.9999949993445914, 0.030194753449439952], [-0.0005832239714070969, -0.9999963199991955, 0.002649497662952971, 0.03134258798415355], [0.0, 0.0, 0.0, 1.0]]}, "Hobj2base": {"type": "ndarray", "data": [[0.9999994904512736, -0.0005884549922778274, -0.0008202547867529503, -0.7350014436053427], [-0.0005894472545193011, -0.9999990942453338, -0.0012099836553956555, 0.08802434847847508], [-0.0008195420228807574, 0.0012104665357820829, -0.9999989315602484, -0.0003243273602610545], [0.0, 0.0, 0.0, 1.0]]}, "mean_rme": {"type": "float", "data": 0.0015758677950987044}, "max_rme": {"type": "float", "data": 0.0055320724097650265}, "simu": {"type": "float", "data": 0.002}}]}