{"type": "list", "data": [{"type": "dict", "image_number": {"type": "int", "data": 5}, "Hcamera2end": {"type": "ndarray", "data": [[0.9999990081237334, 0.0011209706974549972, 0.0008527462957225878, -0.013261946842265879], [-0.0008540093736400228, 0.0011267762400589687, 0.9999990005211479, 0.021030252632655795], [0.0011200087228036726, -0.9999987368992025, 0.001127732441919549, 0.038944253102205714], [0.0, 0.0, 0.0, 1.0]]}, "Hobj2base": {"type": "ndarray", "data": [[0.9999977653666756, 0.0005797407276325065, 0.0020330180382655996, -0.7401038140854481], [0.0005807122384725783, -0.9999997174748678, -0.00047730857976316984, 0.0919173261379091], [0.0020327407486635724, 0.0004784881116093678, -0.9999978195047106, 0.0011186612087745295], [0.0, 0.0, 0.0, 1.0]]}, "mean_rme": {"type": "float", "data": 0.0012813408760443687}, "max_rme": {"type": "float", "data": 0.0034834392143087145}, "simu": {"type": "float", "data": 0.002}}, {"type": "dict", "image_number": {"type": "int", "data": 6}, "Hcamera2end": {"type": "ndarray", "data": [[0.9999988299571171, 0.0011780580677500073, -0.0009758399386155897, -0.015501024025389908], [0.0009740815110182734, 0.0014923014627815645, 0.9999984120995162, 0.02088025500302462], [0.0011795124444788686, -0.9999981926061332, 0.0014911521921421311, 0.0356767854861233], [0.0, 0.0, 0.0, 1.0]]}, "Hobj2base": {"type": "ndarray", "data": [[0.9999986345330348, 0.0008552921726763355, 0.001414004018817206, -0.7373110177426577], [0.0008585891428491511, -0.9999969106746396, -0.0023326949779554807, 0.08823383007567508], [0.0014120045147428444, 0.00233390584123605, -0.9999962795564663, 0.0005764595125861324], [0.0, 0.0, 0.0, 1.0]]}, "mean_rme": {"type": "float", "data": 0.0013860694420791376}, "max_rme": {"type": "float", "data": 0.0037984332813024713}, "simu": {"type": "float", "data": 0.002}}, {"type": "dict", "image_number": {"type": "int", "data": 7}, "Hcamera2end": {"type": "ndarray", "data": [[0.9999983633063787, 0.0012017686219284948, -0.0013524558193309991, -0.015215756991645332], [0.0013503485453099436, 0.0017525620218388216, 0.9999975525395879, 0.02084646293283844], [0.0012041359433525426, -0.9999977421367205, 0.0017509363469212502, 0.03464736516502098], [0.0, 0.0, 0.0, 1.0]]}, "Hobj2base": {"type": "ndarray", "data": [[0.9999991063229593, 0.0009566514054666699, 0.0009339011570216545, -0.7365745346484908], [0.0009590420409822453, -0.9999962562554678, -0.002562755043396315, 0.0877271855652578], [0.0009314459975201724, 0.0025636484035926775, -0.9999962800506894, 0.000894695193864362], [0.0, 0.0, 0.0, 1.0]]}, "mean_rme": {"type": "float", "data": 0.0015114964721090044}, "max_rme": {"type": "float", "data": 0.004232240457175074}, "simu": {"type": "float", "data": 0.002}}, {"type": "dict", "image_number": {"type": "int", "data": 8}, "Hcamera2end": {"type": "ndarray", "data": [[0.9999988507650973, 0.0010277674906949193, -0.0011145234271285448, -0.015396584603288029], [0.0011131529621144181, 0.001333048114009694, 0.9999984919354672, 0.020510336603869625], [0.001029251654107772, -0.9999985833373519, 0.001331902519597583, 0.0348902571355426], [0.0, 0.0, 0.0, 1.0]]}, "Hobj2base": {"type": "ndarray", "data": [[0.9999993896382203, 0.0007492486619815683, 0.0008120034662885562, -0.73659885204066], [0.000750994097670375, -0.9999974037971955, -0.00215137322033199, 0.08760138689256419], [0.0008103894446561233, 0.002151981717026473, -0.9999973561183233, 0.0008954450482349247], [0.0, 0.0, 0.0, 1.0]]}, "mean_rme": {"type": "float", "data": 0.0014788763440332453}, "max_rme": {"type": "float", "data": 0.004132689179335736}, "simu": {"type": "float", "data": 0.002}}, {"type": "dict", "image_number": {"type": "int", "data": 9}, "Hcamera2end": {"type": "ndarray", "data": [[0.999999521561058, 0.0008697192871683786, -0.00044773431490439713, -0.015185300305176102], [0.00044690558674446236, 0.000952829300225777, 0.999999446195707, 0.02028149223633187], [0.0008701454198880612, -0.9999991678519967, 0.0009524401619468437, 0.03496306736098198], [0.0, 0.0, 0.0, 1.0]]}, "Hobj2base": {"type": "ndarray", "data": [[0.999999451782219, 0.000616938097236378, 0.0008460630268702813, -0.736704834645369], [0.0006181008193300361, -0.9999988640730593, -0.0013747014104921911, 0.08820555306982987], [0.0008452139601320385, 0.0013752236091065476, -0.9999986971858446, 0.0009583408811962229], [0.0, 0.0, 0.0, 1.0]]}, "mean_rme": {"type": "float", "data": 0.0014863431592408486}, "max_rme": {"type": "float", "data": 0.004344455160756655}, "simu": {"type": "float", "data": 0.002}}, {"type": "dict", "image_number": {"type": "int", "data": 10}, "Hcamera2end": {"type": "ndarray", "data": [[0.9999998179565718, 0.0006031666481189923, 1.6637845904899197e-05, -0.015395093579613068], [-1.6866300231806143e-05, 0.0003787551135021605, 0.9999999281300433, 0.020112770052634114], [0.0006031603031002174, -0.9999997463672472, 0.00037876521774204974, 0.0347086617974834], [0.0, 0.0, 0.0, 1.0]]}, "Hobj2base": {"type": "ndarray", "data": [[0.9999992871010501, 0.0003679080332183461, 0.00113597582308825, -0.7361938310273539], [0.00036875232207516246, -0.9999996559061541, -0.0007431078649794374, 0.08847155239614035], [0.001135702036852886, 0.0007435262289412057, -0.9999990786743911, 0.000867426270034688], [0.0, 0.0, 0.0, 1.0]]}, "mean_rme": {"type": "float", "data": 0.0014719456788350614}, "max_rme": {"type": "float", "data": 0.004690376817515607}, "simu": {"type": "float", "data": 0.002}}, {"type": "dict", "image_number": {"type": "int", "data": 11}, "Hcamera2end": {"type": "ndarray", "data": [[0.9999997690145664, 0.0006531120543578808, -0.00018818995265790884, -0.015404809073366787], [0.0001879407135161647, 0.00038165812727242177, 0.9999999095076771, 0.0202258359398044], [0.0006531838194811566, -0.9999997138908184, 0.00038153529276951925, 0.034693674340063985], [0.0, 0.0, 0.0, 1.0]]}, "Hobj2base": {"type": "ndarray", "data": [[0.9999994196286466, 0.00040350139982059727, 0.0009989639585115653, -0.7362662669015233], [0.0004043841589499544, -0.9999995278352432, -0.0008836304333051451, 0.08838710036843372], [0.000998606940719228, 0.0008840338856715385, -0.999999110633738, 0.000866583297919418], [0.0, 0.0, 0.0, 1.0]]}, "mean_rme": {"type": "float", "data": 0.001396146885075884}, "max_rme": {"type": "float", "data": 0.004570495340447733}, "simu": {"type": "float", "data": 0.002}}, {"type": "dict", "image_number": {"type": "int", "data": 12}, "Hcamera2end": {"type": "ndarray", "data": [[0.9999997197113353, 0.0006961476470364934, -0.0002756006247090929, -0.015512955435941521], [0.00027530654920865106, 0.0004224931667591303, 0.999999872852906, 0.020439409706346286], [0.0006962639979040372, -0.9999996684389338, 0.0004223013943326359, 0.03487328666026133], [0.0, 0.0, 0.0, 1.0]]}, "Hobj2base": {"type": "ndarray", "data": [[0.9999995102428042, 0.00048245116160143417, 0.0008641498876524726, -0.7365627485922389], [0.00048324002912501454, -0.9999994665400738, -0.000912906699326022, 0.0884232622382773], [0.000863708993765614, 0.0009133238440402745, -0.9999992099228525, 0.0008947718900818996], [0.0, 0.0, 0.0, 1.0]]}, "mean_rme": {"type": "float", "data": 0.0014464491937826222}, "max_rme": {"type": "float", "data": 0.004345421799212684}, "simu": {"type": "float", "data": 0.002}}, {"type": "dict", "image_number": {"type": "int", "data": 13}, "Hcamera2end": {"type": "ndarray", "data": [[0.9999996738872107, 0.0003753385968002128, -0.0007150848970224347, -0.01544054180811083], [0.0007149568593645828, 0.00034114914142491237, 0.9999996862269267, 0.020144081764532085], [0.00037558242962773276, -0.9999998713690919, 0.00034088067926740795, 0.03498088546314424], [0.0, 0.0, 0.0, 1.0]]}, "Hobj2base": {"type": "ndarray", "data": [[0.9999996897921586, 0.00014796960148278398, 0.0007736411207385675, -0.7365496089727123], [0.00014865982600641758, -0.999999590943859, -0.0008921952537955517, 0.08838624864974501], [0.0007735087864997671, 0.0008923099863839883, -0.9999993027332799, 0.0008144944372772817], [0.0, 0.0, 0.0, 1.0]]}, "mean_rme": {"type": "float", "data": 0.0014794376223918038}, "max_rme": {"type": "float", "data": 0.004925814265474671}, "simu": {"type": "float", "data": 0.002}}, {"type": "dict", "image_number": {"type": "int", "data": 14}, "Hcamera2end": {"type": "ndarray", "data": [[0.9999995236045044, 0.0006331871034317851, -0.0007428760706161029, -0.015092019585671808], [0.0007426127968615351, 0.0004159251439288525, 0.9999996377661887, 0.020094563914858667], [0.0006334958549065996, -0.9999997130401422, 0.0004154547329381364, 0.03508001741597697], [0.0, 0.0, 0.0, 1.0]]}, "Hobj2base": {"type": "ndarray", "data": [[0.999999688406194, 0.00041797493824801004, 0.0006696898281126436, -0.7364913236792436], [0.0004185938651203594, -0.999999485200324, -0.0009243258423097334, 0.08866256654570255], [0.0006693031383196767, 0.0009246058823491076, -0.9999993485684233, 0.000807063627997385], [0.0, 0.0, 0.0, 1.0]]}, "mean_rme": {"type": "float", "data": 0.0014929116851418287}, "max_rme": {"type": "float", "data": 0.004845444284770406}, "simu": {"type": "float", "data": 0.002}}, {"type": "dict", "image_number": {"type": "int", "data": 15}, "Hcamera2end": {"type": "ndarray", "data": [[0.9999997568028723, 0.0005871028109856257, -0.00037643656237828913, -0.015074531466684644], [0.00037615093275910943, 0.00048654154979910214, 0.9999998108938803, 0.020153417901471817], [0.0005872858519893518, -0.9999997092937627, 0.00048632059220365953, 0.034542769949161826], [0.0, 0.0, 0.0, 1.0]]}, "Hobj2base": {"type": "ndarray", "data": [[0.9999998037554286, 0.00042711553138357586, 0.0004583245869452272, -0.7360988024150856], [0.0004273946245920943, -0.9999997232159088, -0.0006090171930079249, 0.08904527227929476], [0.00045806433938625944, 0.0006092129589563857, -0.999999709518274, 0.0009342312195662765], [0.0, 0.0, 0.0, 1.0]]}, "mean_rme": {"type": "float", "data": 0.0015008188078518702}, "max_rme": {"type": "float", "data": 0.0049836643925236235}, "simu": {"type": "float", "data": 0.002}}, {"type": "dict", "image_number": {"type": "int", "data": 16}, "Hcamera2end": {"type": "ndarray", "data": [[0.9999996564967947, 0.0006800048192804993, -0.00047391954847221074, -0.015077503574066103], [0.00047358071606054444, 0.0004983539571633555, 0.9999997636822914, 0.02026780884953649], [0.0006802408382656768, -0.9999996446183262, 0.0004980317488079145, 0.03428829201611658], [0.0, 0.0, 0.0, 1.0]]}, "Hobj2base": {"type": "ndarray", "data": [[0.9999997701068642, 0.00052895535442367, 0.00042425517283152867, -0.7358934133255306], [0.0005292514744239307, -0.9999996162271818, -0.0006981678636700754, 0.088895014536567], [0.0004238857103841506, 0.000698392240841829, -0.9999996662845356, 0.0009172220004558182], [0.0, 0.0, 0.0, 1.0]]}, "mean_rme": {"type": "float", "data": 0.0014772335718193537}, "max_rme": {"type": "float", "data": 0.0050728355308853335}, "simu": {"type": "float", "data": 0.002}}, {"type": "dict", "image_number": {"type": "int", "data": 17}, "Hcamera2end": {"type": "ndarray", "data": [[0.9999998646920368, 0.00016387323335379569, -0.0004937220587938619, -0.01531986806611758], [0.000493637661828164, 0.0005146552389370118, 0.9999997457258896, 0.020156255443300134], [0.0001641272883292121, -0.9999998541377635, 0.000514574275300328, 0.034337185621957506], [0.0, 0.0, 0.0, 1.0]]}, "Hobj2base": {"type": "ndarray", "data": [[0.9999999364400795, 3.9089221719176654e-05, 0.00035438943252690284, -0.7356899817803568], [3.933836081854708e-05, -0.9999997521008508, -0.000703029679625761, 0.08877960022902272], [0.0003543618637910419, 0.0007030435760406175, -0.9999996900786519, 0.0009243753199772703], [0.0, 0.0, 0.0, 1.0]]}, "mean_rme": {"type": "float", "data": 0.0015085425006087214}, "max_rme": {"type": "float", "data": 0.004949377138401934}, "simu": {"type": "float", "data": 0.002}}, {"type": "dict", "image_number": {"type": "int", "data": 18}, "Hcamera2end": {"type": "ndarray", "data": [[-0.9990752621555594, -0.00033532222629169967, 0.042994279942864595, -66.91256965000312], [0.042993514606220674, 0.002027848191400894, 0.9990732933741736, -3115.697530161302], [-0.00042219735378553475, 0.9999978876931278, -0.002011556282402127, 2.3177623466607584], [0.0, 0.0, 0.0, 1.0]]}, "Hobj2base": {"type": "ndarray", "data": [[-0.9998953917626943, 0.000396274076533386, -0.014458509556114494, 21.13077977616073], [-0.0009712373444795723, 0.995528923956207, 0.09445220095168487, -142.90434982879054], [0.014431293419117872, 0.09445636311786008, -0.9954243985541031, 3027.336003228623], [0.0, 0.0, 0.0, 1.0]]}, "mean_rme": {"type": "float", "data": 203.11803983247898}, "max_rme": {"type": "float", "data": 1843.7920663085545}, "simu": {"type": "float", "data": 0.002}}, {"type": "dict", "image_number": {"type": "int", "data": 18}, "Hcamera2end": {"type": "ndarray", "data": [[0.9999998127889961, 0.0002953500399991618, -0.0005359014151046322, -0.015344284017842873], [0.0005357428380792983, 0.0005367299898002553, 0.9999997124502233, 0.020116909358300662], [0.0002956375894323868, -0.9999998123446183, 0.0005365716576498647, 0.03424572288428175], [0.0, 0.0, 0.0, 1.0]]}, "Hobj2base": {"type": "ndarray", "data": [[0.9999999141398439, 0.00013204082776219165, 0.0003927919610728557, -0.7357717684274321], [0.0001323159205660946, -0.9999997459598999, -0.0007004089038661039, 0.08879198690087764], [0.0003926993787165082, 0.0007004608163588065, -0.9999996775708693, 0.0008690342680306965], [0.0, 0.0, 0.0, 1.0]]}, "mean_rme": {"type": "float", "data": 0.0015005678697759244}, "max_rme": {"type": "float", "data": 0.004859554744317873}, "simu": {"type": "float", "data": 0.002}}, {"type": "dict", "image_number": {"type": "int", "data": 19}, "Hcamera2end": {"type": "ndarray", "data": [[0.99999988844287, 0.0002372166183134072, -0.0004084636135057679, -0.015326352971839425], [0.00040836190018858723, 0.00042866847627165416, 0.9999998247419327, 0.02004255770979297], [0.0002373916722140951, -0.9999998799857995, 0.0004285715582216243, 0.03438120201650674], [0.0, 0.0, 0.0, 1.0]]}, "Hobj2base": {"type": "ndarray", "data": [[0.9999999054830074, 7.8712915876684e-05, 0.00042759589936663316, -0.7358761809393245], [7.894347492178806e-05, -0.9999998515111403, -0.0005392083318312125, 0.08884483223078042], [0.0004275533932133422, 0.0005392420367730209, -0.9999997632080329, 0.0009019913237233723], [0.0, 0.0, 0.0, 1.0]]}, "mean_rme": {"type": "float", "data": 0.0014634294965826578}, "max_rme": {"type": "float", "data": 0.004818578732988299}, "simu": {"type": "float", "data": 0.002}}, {"type": "dict", "image_number": {"type": "int", "data": 20}, "Hcamera2end": {"type": "ndarray", "data": [[0.9999999102756033, -0.00021633930008682775, -0.00036420611277247403, -0.014944887121800325], [0.0003642692616891873, 0.00029192992613924496, 0.9999998910424059, 0.01990475526038557], [-0.0002162329538514168, -0.9999999339871108, 0.0002920087057031173, 0.03460652373967215], [0.0, 0.0, 0.0, 1.0]]}, "Hobj2base": {"type": "ndarray", "data": [[0.9999997952904964, -0.0003637826798767847, 0.0005263849608622596, -0.7360986306735832], [-0.00036355575806245433, -0.999999840978659, -0.00043112627698916857, 0.08923517760830334], [0.0005265417134282258, 0.00043093481845004353, -0.9999997685244759, 0.000868639588944295], [0.0, 0.0, 0.0, 1.0]]}, "mean_rme": {"type": "float", "data": 0.001493321288169791}, "max_rme": {"type": "float", "data": 0.004989854793268855}, "simu": {"type": "float", "data": 0.002}}, {"type": "dict", "image_number": {"type": "int", "data": 21}, "Hcamera2end": {"type": "ndarray", "data": [[0.9999995557799118, -0.0008133977880557052, -0.0004762604511625362, -0.0145281444893493], [0.00047660288069064965, 0.00042084461406144413, 0.9999997978697318, 0.019934461076729693], [-0.0008131971919976303, -0.9999995806368364, 0.0004212320948427939, 0.0344609817034041], [0.0, 0.0, 0.0, 1.0]]}, "Hobj2base": {"type": "ndarray", "data": [[0.9999995336336196, -0.0009216491811541708, 0.00028860930369237577, -0.7357776714674803], [-0.0009215333865398347, -0.9999994949505495, -0.0004010920875828667, 0.08952320466801482], [0.0002889788241244938, 0.0004008259374179831, -0.9999998779148958, 0.0010571957985944236], [0.0, 0.0, 0.0, 1.0]]}, "mean_rme": {"type": "float", "data": 0.001589173386622971}, "max_rme": {"type": "float", "data": 0.004799485462943731}, "simu": {"type": "float", "data": 0.002}}, {"type": "dict", "image_number": {"type": "int", "data": 22}, "Hcamera2end": {"type": "ndarray", "data": [[0.9999998126715848, 0.0005241611347720106, -0.00031608843730990266, -0.014641511343652432], [0.0003157796198241158, 0.0005891433083989872, 0.999999776596672, 0.02149170787226429], [0.0005243472390603721, -0.9999996890825852, 0.0005889776786318635, 0.034480537813159184], [0.0, 0.0, 0.0, 1.0]]}, "Hobj2base": {"type": "ndarray", "data": [[0.999999830626204, 0.00048420707393826, 0.0003229412839112632, -0.7360180880027651], [0.0004843294865701836, -0.9999998108597548, -0.0003790849555129532, 0.08942721082320011], [0.0003227576672129866, 0.0003792413012921243, -0.9999998760017543, -0.0004157161112620075], [0.0, 0.0, 0.0, 1.0]]}, "mean_rme": {"type": "float", "data": 0.0015314085675906107}, "max_rme": {"type": "float", "data": 0.004906883399162343}, "simu": {"type": "float", "data": 0.002}}, {"type": "dict", "image_number": {"type": "int", "data": 23}, "Hcamera2end": {"type": "ndarray", "data": [[0.9999999507446781, 0.0002918017645435584, -0.00011559572549507799, -0.014808978897427848], [0.00011543367935076072, 0.0005552853274990444, 0.9999998391666223, 0.02155603239673544], [0.00029186590622238407, -0.9999998032549482, 0.0005552516163969123, 0.03431840073361243], [0.0, 0.0, 0.0, 1.0]]}, "Hobj2base": {"type": "ndarray", "data": [[0.9999999156623038, 0.00025852476599000736, 0.0003191243184659203, -0.7357680403039304], [0.0002585836254378932, -0.999999949563172, -0.00018441301806934439, 0.08947226187014723], [0.0003190766270379602, 0.00018449552283960962, -0.9999999320757513, -0.0003170265839868376], [0.0, 0.0, 0.0, 1.0]]}, "mean_rme": {"type": "float", "data": 0.0015605109952741125}, "max_rme": {"type": "float", "data": 0.005065231846181684}, "simu": {"type": "float", "data": 0.002}}, {"type": "dict", "image_number": {"type": "int", "data": 24}, "Hcamera2end": {"type": "ndarray", "data": [[0.9999999712726839, 0.00021824960956102509, -9.910468791313103e-05, -0.01485785469208693], [9.898448812096312e-05, 0.0005506865438495989, 0.9999998434731887, 0.02159304370005177], [0.0002183041510171758, -0.999999824555704, 0.0005506649247040141, 0.034216324116411526], [0.0, 0.0, 0.0, 1.0]]}, "Hobj2base": {"type": "ndarray", "data": [[0.9999999355512192, 0.00018422055160586197, 0.00030815636580662546, -0.735660703317773], [0.00018427034020436636, -0.999999969973232, -0.0001615486797521937, 0.08955509193363033], [0.00030812659596679077, 0.00016160545341894158, -0.999999939470837, -0.00022968410348185586], [0.0, 0.0, 0.0, 1.0]]}, "mean_rme": {"type": "float", "data": 0.0015780402760606502}, "max_rme": {"type": "float", "data": 0.005184585017883658}, "simu": {"type": "float", "data": 0.002}}, {"type": "dict", "image_number": {"type": "int", "data": 25}, "Hcamera2end": {"type": "ndarray", "data": [[0.9999999634945975, 0.0002459424366796104, -0.00011190675365028084, -0.01484270540273627], [0.00011177874684505142, 0.000520426786596917, 0.9999998583307259, 0.021623477242669664], [0.00024600064110932455, -0.9999998343341252, 0.000520399276461192, 0.03411952149528387], [0.0, 0.0, 0.0, 1.0]]}, "Hobj2base": {"type": "ndarray", "data": [[0.9999999258714256, 0.0002093410534884415, 0.0003231616724289845, -0.7355627609763613], [0.00020940211571781234, -0.9999999602280465, -0.00018893030270038166, 0.0895053468806916], [0.00032312210870761026, 0.0001889979594331732, -0.9999999299359346, -0.00027841738496573896], [0.0, 0.0, 0.0, 1.0]]}, "mean_rme": {"type": "float", "data": 0.0015353071168236873}, "max_rme": {"type": "float", "data": 0.0051707603046134976}, "simu": {"type": "float", "data": 0.002}}, {"type": "dict", "image_number": {"type": "int", "data": 26}, "Hcamera2end": {"type": "ndarray", "data": [[0.999999944415008, 0.000331846220708206, -3.237385987986551e-05, -0.014930816826886427], [3.218698736630538e-05, 0.0005631197262612186, 0.9999998409300732, 0.021620341096224974], [0.0003318643982805655, -0.9999997863871071, 0.0005631090138301653, 0.03409698527472139], [0.0, 0.0, 0.0, 1.0]]}, "Hobj2base": {"type": "ndarray", "data": [[0.9999998944731708, 0.0002802870127274493, 0.00036399565614734673, -0.7356017935161794], [0.00028036280262907777, -0.99999993902844, -0.00020818216945064222, 0.08954601705732544], [0.0003639372831955852, 0.00020828419832414025, -0.9999999120836698, -0.00025394731644552584], [0.0, 0.0, 0.0, 1.0]]}, "mean_rme": {"type": "float", "data": 0.0015262136773421385}, "max_rme": {"type": "float", "data": 0.005227026669172408}, "simu": {"type": "float", "data": 0.002}}, {"type": "dict", "image_number": {"type": "int", "data": 27}, "Hcamera2end": {"type": "ndarray", "data": [[0.9999992781593096, 0.0011906290870577773, -0.0001615030554864514, -0.015106838775531033], [0.00016072923101102658, 0.0006499961251517083, 0.9999997758355507, 0.022060763254199693], [0.00119073379652133, -0.999999079953284, 0.000649804287060407, 0.03408911347720774], [0.0, 0.0, 0.0, 1.0]]}, "Hobj2base": {"type": "ndarray", "data": [[0.9999992566747427, 0.0011689386724048558, 0.00034674535664800017, -0.7357679483882582], [0.001169015130517796, -0.9999992924175511, -0.0002203815378953545, 0.08928404838882278], [0.00034648749879474154, 0.00022078672464854941, -0.9999999155998143, -0.0007700431151434114], [0.0, 0.0, 0.0, 1.0]]}, "mean_rme": {"type": "float", "data": 0.001524703838110595}, "max_rme": {"type": "float", "data": 0.005134394489033189}, "simu": {"type": "float", "data": 0.002}}, {"type": "dict", "image_number": {"type": "int", "data": 28}, "Hcamera2end": {"type": "ndarray", "data": [[0.9999992217076795, 0.0012391527734352077, -0.00014520481822822792, -0.015129858458106164], [0.00014442154465313492, 0.0006321701932047175, 0.9999997897516102, 0.022082704993583176], [0.0012392443070633257, -0.9999990324301575, 0.0006319907408338654, 0.03407305597124963], [0.0, 0.0, 0.0, 1.0]]}, "Hobj2base": {"type": "ndarray", "data": [[0.999999198776735, 0.0012245472702192516, 0.0003208268551581474, -0.7358094583356112], [0.0012246142835136973, -0.9999992283684878, -0.00020876370907440148, 0.08928015804552489], [0.00032057096656796797, 0.00020915643095742234, -0.999999926743919, -0.0007142500956048391], [0.0, 0.0, 0.0, 1.0]]}, "mean_rme": {"type": "float", "data": 0.0015154030260424438}, "max_rme": {"type": "float", "data": 0.0052034920169337084}, "simu": {"type": "float", "data": 0.002}}, {"type": "dict", "image_number": {"type": "int", "data": 29}, "Hcamera2end": {"type": "ndarray", "data": [[0.9999993718967228, 0.0011078610412374864, -0.00016985309276303182, -0.014934882304167237], [0.00016913138797834524, 0.0006515009672372063, 0.999999773470506, 0.02222207574251068], [0.0011079714497285087, -0.9999991740948604, 0.0006513131839516184, 0.033965929271758497], [0.0, 0.0, 0.0, 1.0]]}, "Hobj2base": {"type": "ndarray", "data": [[0.9999993564481084, 0.001098778597344413, 0.0002824694018290775, -0.7356371372427177], [0.0010988431300603704, -0.9999993701871428, -0.00022840554712472185, 0.08942190197514024], [0.0002822182567995209, 0.00022871578969555208, -0.9999999340209698, -0.0006819873427384993], [0.0, 0.0, 0.0, 1.0]]}, "mean_rme": {"type": "float", "data": 0.0015502712493261962}, "max_rme": {"type": "float", "data": 0.005364657047431609}, "simu": {"type": "float", "data": 0.002}}, {"type": "dict", "image_number": {"type": "int", "data": 30}, "Hcamera2end": {"type": "ndarray", "data": [[0.9999993368793598, 0.001139756126204938, -0.0001649145639148031, -0.014870785435870946], [0.0001642032205342292, 0.0006241843334978681, 0.9999997917155887, 0.022188506260896884], [0.0011398588258986653, -0.9999991556745891, 0.0006239967679618763, 0.03398565273129994], [0.0, 0.0, 0.0, 1.0]]}, "Hobj2base": {"type": "ndarray", "data": [[0.9999992893390877, 0.0011552836322998787, 0.0002943485155886266, -0.7356012592910552], [0.0011553536656019724, -0.9999993042882083, -0.00023786762338200834, 0.0894649945915997], [0.0002940735062349462, 0.00023820753097523588, -0.9999999283889696, -0.0007222272025662521], [0.0, 0.0, 0.0, 1.0]]}, "mean_rme": {"type": "float", "data": 0.0015400195217433056}, "max_rme": {"type": "float", "data": 0.005293771693427152}, "simu": {"type": "float", "data": 0.002}}]}