{"type": "list", "data": [{"type": "dict", "image_number": {"type": "int", "data": 5}, "Hcamera2end": {"type": "ndarray", "data": [[0.9999636191401543, -0.008295833780700753, -0.001984826946457977, -0.013154481069428275], [0.001987218860002234, 0.00028009405873907767, 0.9999979862522327, 0.01573543213570921], [-0.008295261136748671, -0.9999655497511907, 0.0002965695060247464, 0.028858279984831793], [0.0, 0.0, 0.0, 1.0]]}, "Hobj2base": {"type": "ndarray", "data": [[0.999964715260803, -0.008189542599346037, 0.0018707285732508852, -0.7289821143049964], [-0.008195817917428789, -0.9999607289594834, 0.0033718107129261533, 0.09094759223234879], [0.0018430415203228485, -0.003387023890223821, -0.9999925656059261, 0.007077290500850886], [0.0, 0.0, 0.0, 1.0]]}, "mean_rme": {"type": "float", "data": 0.0015076571718018214}, "max_rme": {"type": "float", "data": 0.005312201156410623}, "simu": {"type": "float", "data": 0.002}}, {"type": "dict", "image_number": {"type": "int", "data": 6}, "Hcamera2end": {"type": "ndarray", "data": [[0.9999597413585273, -0.008902516450718816, -0.001122881575203695, -0.011627548831402856], [0.0011520475897676902, 0.0032717029742536097, 0.9999939843549056, 0.016215563818603337], [-0.008898789161350073, -0.999955019568627, 0.003281827382556446, 0.027784826609450357], [0.0, 0.0, 0.0, 1.0]]}, "Hobj2base": {"type": "ndarray", "data": [[0.999962131386153, -0.008620488038879272, -0.0011928871001504787, -0.7297709603117548], [-0.008615743543852339, -0.9999551732560019, 0.00392688702992406, 0.09305876428571476], [-0.001226685309577312, -0.003916460714823837, -0.9999915782538473, 0.0079067302295641], [0.0, 0.0, 0.0, 1.0]]}, "mean_rme": {"type": "float", "data": 0.0014282051059193027}, "max_rme": {"type": "float", "data": 0.005382164863318606}, "simu": {"type": "float", "data": 0.002}}, {"type": "dict", "image_number": {"type": "int", "data": 7}, "Hcamera2end": {"type": "ndarray", "data": [[0.9999655591725936, -0.008160133160626354, -0.0015141649326178759, -0.011645421695041687], [0.001512971299984183, -0.00015244726684238152, 0.99999884383817, 0.016926138441258558], [-0.008160354556497391, -0.9999666939386691, -0.00014009596915642852, 0.030360931387010924], [0.0, 0.0, 0.0, 1.0]]}, "Hobj2base": {"type": "ndarray", "data": [[0.9999650432313744, -0.008153491731332974, 0.001852805403380942, -0.7305415368496326], [-0.008157991793376953, -0.9999637599095412, 0.002434345388929626, 0.09306587564793549], [0.0018328898425456748, -0.0024493754633566167, -0.9999953205263836, 0.0068937045760875905], [0.0, 0.0, 0.0, 1.0]]}, "mean_rme": {"type": "float", "data": 0.0014842468746835097}, "max_rme": {"type": "float", "data": 0.004965321619837343}, "simu": {"type": "float", "data": 0.002}}, {"type": "dict", "image_number": {"type": "int", "data": 8}, "Hcamera2end": {"type": "ndarray", "data": [[0.9999868893619662, -0.0049814706947455475, -0.0011857714350259826, -0.011791204231589532], [0.0011880950139792092, 0.0004635110167275913, 0.9999991867935567, 0.018420151789333063], [-0.004980917025658027, -0.9999874849753143, 0.0004694234002970976, 0.0300671897086081], [0.0, 0.0, 0.0, 1.0]]}, "Hobj2base": {"type": "ndarray", "data": [[0.9999859640339714, -0.004937261882387019, 0.0019222851384688604, -0.7313241926933917], [-0.004942591740742641, -0.9999839270084658, 0.002777860977766991, 0.09298481085860273], [0.001908539214476004, -0.0027873230584534235, -0.999994294137839, 0.005580917592688771], [0.0, 0.0, 0.0, 1.0]]}, "mean_rme": {"type": "float", "data": 0.001289323562646347}, "max_rme": {"type": "float", "data": 0.004197395787918334}, "simu": {"type": "float", "data": 0.002}}, {"type": "dict", "image_number": {"type": "int", "data": 9}, "Hcamera2end": {"type": "ndarray", "data": [[0.9999879941955933, -0.004704057187794303, -0.0013723376582336839, -0.012359374146981274], [0.0013713419332500628, -0.00021489257564377695, 0.9999990366207777, 0.01834024249680253], [-0.004704347561177377, -0.9999889127721143, -0.0002084391248076134, 0.030725549517939783], [0.0, 0.0, 0.0, 1.0]]}, "Hobj2base": {"type": "ndarray", "data": [[0.9999866235231984, -0.004650610686794634, 0.0022637568139963218, -0.7320239865181825], [-0.004655592638940157, -0.9999867415993731, 0.0022004732785071432, 0.09259078897847106], [0.002253493255656528, -0.0022109829734869727, -0.9999950166488021, 0.005357715392058624], [0.0, 0.0, 0.0, 1.0]]}, "mean_rme": {"type": "float", "data": 0.0014029578488589723}, "max_rme": {"type": "float", "data": 0.004730386801795494}, "simu": {"type": "float", "data": 0.002}}, {"type": "dict", "image_number": {"type": "int", "data": 10}, "Hcamera2end": {"type": "ndarray", "data": [[0.9999877458418137, -0.004856523704445207, -0.000960387274132186, -0.012923844659251945], [0.0009637007066372414, 0.0006799701499212718, 0.9999993044605298, 0.018635523930727347], [-0.004855867291862508, -0.9999879758367614, 0.0006846420527852892, 0.03128235628441912], [0.0, 0.0, 0.0, 1.0]]}, "Hobj2base": {"type": "ndarray", "data": [[0.9999876177397825, -0.004814237004487633, 0.0012599560227698797, -0.7328986660340961], [-0.004817131258979739, -0.9999857427528753, 0.0023042433494317193, 0.09197864100318297], [0.0012488448856653187, -0.002310284191233187, -0.9999965514807572, 0.005671195947315538], [0.0, 0.0, 0.0, 1.0]]}, "mean_rme": {"type": "float", "data": 0.001543997554224709}, "max_rme": {"type": "float", "data": 0.004487751933717088}, "simu": {"type": "float", "data": 0.002}}, {"type": "dict", "image_number": {"type": "int", "data": 11}, "Hcamera2end": {"type": "ndarray", "data": [[0.9999916108478836, -0.00394399003380004, -0.0011059730866177248, -0.012342453364279336], [0.001105693618494584, -7.30389641150353e-05, 0.9999993860532774, 0.01858856864065401], [-0.00394406839152887, -0.9999922197736955, -6.867750676819995e-05, 0.03193267124391674], [0.0, 0.0, 0.0, 1.0]]}, "Hobj2base": {"type": "ndarray", "data": [[0.9999904546113576, -0.003954046515778826, 0.0018590864211493446, -0.7327220770886594], [-0.003957105364259348, -0.9999908183258739, 0.0016445610616747566, 0.0922741564506462], [0.0018525666806877524, -0.0016519019645500287, -0.9999969196035523, 0.0057203113883792815], [0.0, 0.0, 0.0, 1.0]]}, "mean_rme": {"type": "float", "data": 0.0015895548901266087}, "max_rme": {"type": "float", "data": 0.004445191583488106}, "simu": {"type": "float", "data": 0.002}}, {"type": "dict", "image_number": {"type": "int", "data": 12}, "Hcamera2end": {"type": "ndarray", "data": [[0.9999922736557072, -0.003733262902426826, -0.0012310064949208799, -0.012519699630066002], [0.0012302611049153334, -0.00020195168476244696, 0.9999992228362635, 0.018790282219924702], [-0.0037335086049058814, -0.999993010957386, -0.00019735723627101187, 0.03231117071325561], [0.0, 0.0, 0.0, 1.0]]}, "Hobj2base": {"type": "ndarray", "data": [[0.9999911457514427, -0.003758294407384758, 0.0018930509407529422, -0.7331469638966248], [-0.0037610629073797784, -0.9999918598751831, 0.0014610233328820694, 0.09208702127158008], [0.0018875445752609703, -0.0014681302802933784, -0.9999971408803912, 0.005816389353504203], [0.0, 0.0, 0.0, 1.0]]}, "mean_rme": {"type": "float", "data": 0.0016320079821958919}, "max_rme": {"type": "float", "data": 0.004664107467715284}, "simu": {"type": "float", "data": 0.002}}, {"type": "dict", "image_number": {"type": "int", "data": 13}, "Hcamera2end": {"type": "ndarray", "data": [[0.99999265037183, -0.003561621140274005, -0.0014191748222347257, -0.01275356251554769], [0.001418908525864282, -7.729400637690453e-05, 0.9999989903616063, 0.01825600520260306], [-0.003561727238032317, -0.9999936544201117, -7.223982369297666e-05, 0.0323927883947119], [0.0, 0.0, 0.0, 1.0]]}, "Hobj2base": {"type": "ndarray", "data": [[0.9999920717411817, -0.003497635859976948, 0.0019034174976397884, -0.7331575928195082], [-0.003499820698167307, -0.9999932192530694, 0.001145732500816267, 0.09153061725986987], [0.0018993972359666374, -0.0011523850371079575, -0.9999975321463879, 0.006104426985430118], [0.0, 0.0, 0.0, 1.0]]}, "mean_rme": {"type": "float", "data": 0.001701694810007795}, "max_rme": {"type": "float", "data": 0.004662290994536911}, "simu": {"type": "float", "data": 0.002}}, {"type": "dict", "image_number": {"type": "int", "data": 14}, "Hcamera2end": {"type": "ndarray", "data": [[0.99999293222332, -0.0033523471306682205, -0.0017021375156097331, -0.012671046760461435], [0.001701386175608139, -0.00022696264614197048, 0.9999985268854344, 0.018325046808457035], [-0.0033527285139114734, -0.9999943551124041, -0.00022125740495670954, 0.032709603196949565], [0.0, 0.0, 0.0, 1.0]]}, "Hobj2base": {"type": "ndarray", "data": [[0.9999926311908881, -0.0033148051072275433, 0.00193639640194136, -0.7334296231482896], [-0.003316415654266512, -0.9999941569683073, 0.0008291058146788072, 0.0914875891984466], [0.001933636763326885, -0.000835521600496589, -0.9999977814738001, 0.006127395846833611], [0.0, 0.0, 0.0, 1.0]]}, "mean_rme": {"type": "float", "data": 0.0016538513320931278}, "max_rme": {"type": "float", "data": 0.004706190412510636}, "simu": {"type": "float", "data": 0.002}}, {"type": "dict", "image_number": {"type": "int", "data": 15}, "Hcamera2end": {"type": "ndarray", "data": [[0.9999925450440047, -0.0034808313871054148, -0.0016714273148556646, -0.012728868153221422], [0.0016707037682929043, -0.00021076337590431038, 0.9999985821628539, 0.018272709758105497], [-0.003481178727516832, -0.9999939196773417, -0.0002049463665574347, 0.03279777069876834], [0.0, 0.0, 0.0, 1.0]]}, "Hobj2base": {"type": "ndarray", "data": [[0.999992166921439, -0.003447086285924809, 0.0019451714326169374, -0.7333062210946575], [-0.0034486753499837837, -0.9999937218666815, 0.0008141655561744636, 0.0914471519866295], [0.0019423527216481944, -0.0008208674435228591, -0.9999977767188011, 0.006192357640050272], [0.0, 0.0, 0.0, 1.0]]}, "mean_rme": {"type": "float", "data": 0.0016185921535525648}, "max_rme": {"type": "float", "data": 0.004556746671726841}, "simu": {"type": "float", "data": 0.002}}, {"type": "dict", "image_number": {"type": "int", "data": 16}, "Hcamera2end": {"type": "ndarray", "data": [[0.9999930453508353, -0.0033445909841199528, -0.0016501397247591907, -0.012674170561107407], [0.0016486930194806546, -0.0004352616980460855, 0.9999985461782339, 0.018251493390989408], [-0.0033453043642993944, -0.9999943121130255, -0.0004297444671452766, 0.03296292380202957], [0.0, 0.0, 0.0, 1.0]]}, "Hobj2base": {"type": "ndarray", "data": [[0.9999923281589053, -0.0033050487096370137, 0.002102445328480126, -0.7332800962852896], [-0.003306442861458556, -0.9999943159149642, 0.0006599798227506649, 0.09148838359768861], [0.002100252112540527, -0.000666926374838299, -0.9999975720721896, 0.006228039348000355], [0.0, 0.0, 0.0, 1.0]]}, "mean_rme": {"type": "float", "data": 0.0015650644549244173}, "max_rme": {"type": "float", "data": 0.0044222319872420646}, "simu": {"type": "float", "data": 0.002}}, {"type": "dict", "image_number": {"type": "int", "data": 17}, "Hcamera2end": {"type": "ndarray", "data": [[0.9999945012642769, -0.0029591928756654913, -0.001496869645157435, -0.012617341015918902], [0.0014960513475694858, -0.0002787215115154229, 0.9999988420716716, 0.018901263798198228], [-0.002959606658902272, -0.9999955827361654, -0.0002742928744101647, 0.03287933974753774], [0.0, 0.0, 0.0, 1.0]]}, "Hobj2base": {"type": "ndarray", "data": [[0.9999938421914218, -0.0028582924242195047, 0.002036109932059237, -0.7333456972857284], [-0.0028596898885736998, -0.9999956773136907, 0.0006837599536632618, 0.09161922639768857], [0.0020341467446991688, -0.000689578386185088, -0.9999976933616748, 0.005694489208251532], [0.0, 0.0, 0.0, 1.0]]}, "mean_rme": {"type": "float", "data": 0.00150690288435856}, "max_rme": {"type": "float", "data": 0.004302548082625091}, "simu": {"type": "float", "data": 0.002}}, {"type": "dict", "image_number": {"type": "int", "data": 18}, "Hcamera2end": {"type": "ndarray", "data": [[0.9999946917340451, -0.003018870179483959, -0.0012259390570120072, -0.012807301017039995], [0.0012251957851802898, -0.0002480456616176241, 0.9999992186840135, 0.018846502463743336], [-0.003019171909656927, -0.9999954124375717, -0.0002443456379053188, 0.032709892651022185], [0.0, 0.0, 0.0, 1.0]]}, "Hobj2base": {"type": "ndarray", "data": [[0.9999941730786912, -0.00289772574120612, 0.001804714435377142, -0.7333832009911467], [-0.0028989301349149443, -0.9999955769120719, 0.0006651017708203094, 0.09178586538654226], [0.0018027791704446812, -0.0006703296363862592, -0.99999815032101, 0.006080315162177126], [0.0, 0.0, 0.0, 1.0]]}, "mean_rme": {"type": "float", "data": 0.001624184341331466}, "max_rme": {"type": "float", "data": 0.0058202242508030855}, "simu": {"type": "float", "data": 0.002}}, {"type": "dict", "image_number": {"type": "int", "data": 19}, "Hcamera2end": {"type": "ndarray", "data": [[0.9999939446014979, -0.003250437311680376, -0.0012431482691479226, -0.012711804725041785], [0.0012427495206409772, -0.0001246922095330394, 0.9999992200124368, 0.018959292317136563], [-0.003250589787284155, -0.9999947095405735, -0.00012065197506094805, 0.03261132683163131], [0.0, 0.0, 0.0, 1.0]]}, "Hobj2base": {"type": "ndarray", "data": [[0.999993531144988, -0.0031345525871256945, 0.0017641565283156788, -0.7335288868778524], [-0.003135506068669298, -0.9999949395830163, 0.0005379684497214727, 0.09182552635010191], [0.0017624613105521546, -0.0005434964931821868, -0.999998299169399, 0.006078229458389866], [0.0, 0.0, 0.0, 1.0]]}, "mean_rme": {"type": "float", "data": 0.0016668245451002485}, "max_rme": {"type": "float", "data": 0.00570963526526308}, "simu": {"type": "float", "data": 0.002}}, {"type": "dict", "image_number": {"type": "int", "data": 20}, "Hcamera2end": {"type": "ndarray", "data": [[0.9999941908601533, -0.003285657800514698, -0.0009070274335923867, -0.012969522441432766], [0.0009068403103606423, -5.844086796646941e-05, 0.9999995871125731, 0.018923457029569286], [-0.003285709451378391, -0.9999946005041642, -5.546096153574709e-05, 0.0327173842989963], [0.0, 0.0, 0.0, 1.0]]}, "Hobj2base": {"type": "ndarray", "data": [[0.9999938257288161, -0.003172407626661166, 0.0015114013684084456, -0.7335844234618187], [-0.0031735848848694105, -0.9999946621781104, 0.0007771578125869079, 0.09167174620318433], [0.0015089278394453671, -0.0007819495747415723, -0.9999985558447761, 0.0061890778737821285], [0.0, 0.0, 0.0, 1.0]]}, "mean_rme": {"type": "float", "data": 0.0016271151042952562}, "max_rme": {"type": "float", "data": 0.005658442566882194}, "simu": {"type": "float", "data": 0.002}}, {"type": "dict", "image_number": {"type": "int", "data": 21}, "Hcamera2end": {"type": "ndarray", "data": [[0.999994303940794, -0.0032403657330463947, -0.0009445188631503503, -0.012991935041228116], [0.0009440334302755914, -0.00015133429139324583, 0.999999542949303, 0.01904585551047285], [-0.0032405071901278402, -0.9999947385500828, -0.0001482744158058935, 0.03247714738192115], [0.0, 0.0, 0.0, 1.0]]}, "Hobj2base": {"type": "ndarray", "data": [[0.9999939058002549, -0.003124886835412604, 0.001556741666671388, -0.7334046758158879], [-0.003125941241725992, -0.9999948861877794, 0.0006753440921277216, 0.09142348854883123], [0.0015546233319239653, -0.0006802062594244888, -0.9999985602318335, 0.006066614526234806], [0.0, 0.0, 0.0, 1.0]]}, "mean_rme": {"type": "float", "data": 0.0016712453538092}, "max_rme": {"type": "float", "data": 0.0056263108563517905}, "simu": {"type": "float", "data": 0.002}}, {"type": "dict", "image_number": {"type": "int", "data": 22}, "Hcamera2end": {"type": "ndarray", "data": [[0.9999945490824497, -0.0031533666274000966, -0.00097881780800769, -0.012972157715890161], [0.0009778266591836966, -0.0003158408859356143, 0.9999994720496405, 0.01895245642090873], [-0.0031536741132627017, -0.9999949782491152, -0.00031275571835864824, 0.032683240726604564], [0.0, 0.0, 0.0, 1.0]]}, "Hobj2base": {"type": "ndarray", "data": [[0.9999940045251318, -0.0030371562570861424, 0.0016633086486740488, -0.7334967847614163], [-0.003038034500765706, -0.9999952469615485, 0.0005257382273795714, 0.09146930900478392], [0.0016617039937572096, -0.0005307882643893358, -0.9999984785006701, 0.006114720732385662], [0.0, 0.0, 0.0, 1.0]]}, "mean_rme": {"type": "float", "data": 0.0016225971676784275}, "max_rme": {"type": "float", "data": 0.005617191284345513}, "simu": {"type": "float", "data": 0.002}}, {"type": "dict", "image_number": {"type": "int", "data": 23}, "Hcamera2end": {"type": "ndarray", "data": [[0.9999946102091705, -0.003182127069872153, -0.0008084676372458021, -0.012938171310128758], [0.0008076768282115085, -0.0002497930800688941, 0.9999996426307153, 0.018982446848696162], [-0.003182327882298922, -0.9999949058223888, -0.0002472216034377084, 0.03267724034553314], [0.0, 0.0, 0.0, 1.0]]}, "Hobj2base": {"type": "ndarray", "data": [[0.9999941315971809, -0.0030818108485185423, 0.0014964000447949331, -0.7335934449635022], [-0.003082750815545997, -0.9999950522153378, 0.0006262525476304527, 0.09155341164482837], [0.001494462649034543, -0.0006308619009867113, -0.999998684296461, 0.006156613798205489], [0.0, 0.0, 0.0, 1.0]]}, "mean_rme": {"type": "float", "data": 0.001591412677002564}, "max_rme": {"type": "float", "data": 0.005561130260275549}, "simu": {"type": "float", "data": 0.002}}, {"type": "dict", "image_number": {"type": "int", "data": 24}, "Hcamera2end": {"type": "ndarray", "data": [[0.9999957692709867, -0.0027898335139248057, -0.0008235709393235064, -0.012974214090788855], [0.0008232137464643655, -0.00012917965205283544, 0.9999996528158123, 0.019388115056966606], [-0.0027899389339461067, -0.9999961000631862, -0.00012688247622971716, 0.032695373811843335], [0.0, 0.0, 0.0, 1.0]]}, "Hobj2base": {"type": "ndarray", "data": [[0.9999953335207609, -0.0026472028727018765, 0.0015248782420048932, -0.7335751226669887], [-0.002648084427287903, -0.9999963277072086, 0.0005763861237178066, 0.09147504167423726], [0.0015233468312030255, -0.0005804214403500899, -0.9999986712618092, 0.0057575985645568345], [0.0, 0.0, 0.0, 1.0]]}, "mean_rme": {"type": "float", "data": 0.0015745019939867857}, "max_rme": {"type": "float", "data": 0.005565697228036182}, "simu": {"type": "float", "data": 0.002}}, {"type": "dict", "image_number": {"type": "int", "data": 25}, "Hcamera2end": {"type": "ndarray", "data": [[0.9999956579679063, -0.0028660693275746954, -0.000685340749999116, -0.013162812226036423], [0.0006852671382321929, -2.6665810025416903e-05, 0.9999997648489142, 0.01927503394003628], [-0.002866086928781623, -0.9999958924593361, -2.4701671115456847e-05, 0.032521969930673425], [0.0, 0.0, 0.0, 1.0]]}, "Hobj2base": {"type": "ndarray", "data": [[0.9999953097011814, -0.0027432001701240692, 0.0013621411324639618, -0.7334137163043917], [-0.0027441325706395957, -0.9999960015375449, 0.0006831144545039848, 0.09143687050911722], [0.0013602617663059753, -0.0006868491463404681, -0.9999988389624148, 0.0057819767692863944], [0.0, 0.0, 0.0, 1.0]]}, "mean_rme": {"type": "float", "data": 0.0015844461304100966}, "max_rme": {"type": "float", "data": 0.0056769236764299125}, "simu": {"type": "float", "data": 0.002}}, {"type": "dict", "image_number": {"type": "int", "data": 26}, "Hcamera2end": {"type": "ndarray", "data": [[0.9999957617777213, -0.0028600961315062468, -0.0005443130656297007, -0.01331268695326938], [0.0005447302470612063, 0.00014508576310656718, 0.9999998411095268, 0.019229460320151395], [-0.002860016704987724, -0.9999958993917122, 0.00014664312907319843, 0.0324910003395838], [0.0, 0.0, 0.0, 1.0]]}, "Hobj2base": {"type": "ndarray", "data": [[0.999995541316897, -0.002754606970957974, 0.001153033720893796, -0.7334338689940014], [-0.002755473822752145, -0.9999959217567866, 0.0007508886783563753, 0.09134457666663186], [0.0011509606153540346, -0.0007540624846163863, -0.9999990533392678, 0.005789496699677637], [0.0, 0.0, 0.0, 1.0]]}, "mean_rme": {"type": "float", "data": 0.0015710385650615395}, "max_rme": {"type": "float", "data": 0.005741398904637929}, "simu": {"type": "float", "data": 0.002}}, {"type": "dict", "image_number": {"type": "int", "data": 27}, "Hcamera2end": {"type": "ndarray", "data": [[0.99999569421469, -0.002873801492147407, -0.0005939840603027566, -0.01327541535957355], [0.000594423304154035, 0.00015199247173558472, 0.9999998117795942, 0.01917762390832725], [-0.0028737106701338276, -0.9999958590730623, 0.0001537000718669912, 0.03247585640162849], [0.0, 0.0, 0.0, 1.0]]}, "Hobj2base": {"type": "ndarray", "data": [[0.9999955505478632, -0.002751811340640128, 0.0011517025751728845, -0.7334429805540862], [-0.0027526633935576186, -0.9999959384345161, 0.000738890190728696, 0.0913469689500836], [0.0011496646110511221, -0.0007420571525911024, -0.9999990638107943, 0.005702531885476119], [0.0, 0.0, 0.0, 1.0]]}, "mean_rme": {"type": "float", "data": 0.0015724900952773242}, "max_rme": {"type": "float", "data": 0.00588363476133047}, "simu": {"type": "float", "data": 0.002}}, {"type": "dict", "image_number": {"type": "int", "data": 28}, "Hcamera2end": {"type": "ndarray", "data": [[0.9999957005042361, -0.002881548000130083, -0.0005437408988774079, -0.01327052011975867], [0.0005444950013156896, 0.0002609224264608079, 0.9999998177223238, 0.019117600093161137], [-0.0028814056006935085, -0.9999958142915452, 0.00026249029310809746, 0.03242982251369095], [0.0, 0.0, 0.0, 1.0]]}, "Hobj2base": {"type": "ndarray", "data": [[0.9999956588149146, -0.002767186772287352, 0.00101243700656861, -0.7334745572609187], [-0.0027679063744343595, -0.9999959172512218, 0.0007100529483672224, 0.09136750440092016], [0.001010468023916313, -0.0007128521967401476, -0.9999992353977667, 0.005720533273154875], [0.0, 0.0, 0.0, 1.0]]}, "mean_rme": {"type": "float", "data": 0.001549258661586692}, "max_rme": {"type": "float", "data": 0.0059328935952348005}, "simu": {"type": "float", "data": 0.002}}, {"type": "dict", "image_number": {"type": "int", "data": 29}, "Hcamera2end": {"type": "ndarray", "data": [[0.9999959950416301, -0.0027708408566442288, -0.0005764908042074452, -0.013377017419816135], [0.000577137335023879, 0.00023253988104443568, 0.9999998064188312, 0.01910892951978498], [-0.0027707062631585843, -0.9999961341756031, 0.00023413810543959634, 0.03242273377391147], [0.0, 0.0, 0.0, 1.0]]}, "Hobj2base": {"type": "ndarray", "data": [[0.9999959881538171, -0.0026512524923050806, 0.0009972645050556007, -0.733559181934647], [-0.0026519108607113893, -0.9999962662519233, 0.0006594323305438983, 0.09123370025290835], [0.0009955124599113124, -0.0006620743415747789, -0.9999992853059985, 0.005709687212063852], [0.0, 0.0, 0.0, 1.0]]}, "mean_rme": {"type": "float", "data": 0.001537940866913588}, "max_rme": {"type": "float", "data": 0.005937826133467994}, "simu": {"type": "float", "data": 0.002}}, {"type": "dict", "image_number": {"type": "int", "data": 30}, "Hcamera2end": {"type": "ndarray", "data": [[0.9999964178649771, -0.0026251559686090165, -0.0005223153784446434, -0.013489869116234593], [0.0005230483674884075, 0.00027853854461978855, 0.9999998244183268, 0.019153664770262882], [-0.0026250100227143947, -0.9999965154801389, 0.0002799106304008925, 0.03248524422690119], [0.0, 0.0, 0.0, 1.0]]}, "Hobj2base": {"type": "ndarray", "data": [[0.9999964286212231, -0.0025169366346399083, 0.0008987629144106778, -0.733606153654147], [-0.002517534720548188, -0.9999966099281417, 0.0006649444749891353, 0.09108279416767662], [0.0008970862444307129, -0.0006672047670631194, -0.999999375036839, 0.005766831462332378], [0.0, 0.0, 0.0, 1.0]]}, "mean_rme": {"type": "float", "data": 0.00153629116106725}, "max_rme": {"type": "float", "data": 0.005836854450366136}, "simu": {"type": "float", "data": 0.002}}]}