{"type": "list", "data": [{"type": "dict", "image_number": {"type": "int", "data": 5}, "Hcamera2end": {"type": "ndarray", "data": [[0.999986177998845, -0.005186937103089526, -0.0008599388064222625, -0.01652863634955641], [0.000874940904820811, 0.002890709244483536, 0.9999954391288377, 0.025731867610460646], [-0.005184427613080257, -0.9999823695863606, 0.0028952075525392473, 0.03571044258846606], [0.0, 0.0, 0.0, 1.0]]}, "Hobj2base": {"type": "ndarray", "data": [[0.9999879967418686, -0.004870965447110383, -0.0005292143210825627, -0.7371576120736819], [-0.00487291504171773, -0.9999811059635975, -0.0037473210185698857, 0.0877472360929213], [-0.0005109512508872313, 0.003749854854933894, -0.999992838733051, 0.006727271336864215], [0.0, 0.0, 0.0, 1.0]]}, "mean_rme": {"type": "float", "data": 0.0017646166941363622}, "max_rme": {"type": "float", "data": 0.0028340532888787573}, "simu": {"type": "float", "data": 0.002}}, {"type": "dict", "image_number": {"type": "int", "data": 6}, "Hcamera2end": {"type": "ndarray", "data": [[0.9999856659970348, -0.004915173829531588, 0.002123409214507107, -0.017183049979335986], [-0.0021235617922884856, -2.582352744240346e-05, 0.9999977449066871, 0.026120406906802247], [-0.004915107911439831, -0.9999879201267238, -3.626083263474911e-05, 0.03569676105383619], [0.0, 0.0, 0.0, 1.0]]}, "Hobj2base": {"type": "ndarray", "data": [[0.9999855632914543, -0.004971411019600701, 0.002039186393416789, -0.7357614528182549], [-0.004970531696227702, -0.9999875517581371, -0.0004360543825277912, 0.08883556881994446], [0.002041328814693803, 0.00042591224673476616, -0.9999978257853508, 0.006804868344494286], [0.0, 0.0, 0.0, 1.0]]}, "mean_rme": {"type": "float", "data": 0.0016025981338173658}, "max_rme": {"type": "float", "data": 0.0031558806101601444}, "simu": {"type": "float", "data": 0.002}}, {"type": "dict", "image_number": {"type": "int", "data": 7}, "Hcamera2end": {"type": "ndarray", "data": [[0.9999888200253592, -0.0046141943025372525, 0.0010339415981372613, -0.018086149061409856], [-0.0010308407158036263, 0.0006743588273087076, 0.9999992413035075, 0.026958137743536583], [-0.004614888049407845, -0.9999891271664458, 0.000669594788636374, 0.03581653501090876], [0.0, 0.0, 0.0, 1.0]]}, "Hobj2base": {"type": "ndarray", "data": [[0.9999894960956957, -0.004347153867185915, 0.0014525672210555216, -0.7363361959427538], [-0.0043455974218772455, -0.9999899822229379, -0.00107295704270733, 0.08789629102076695], [0.0014572169789184627, 0.0010666335000983085, -0.9999983694044972, 0.005536567623187573], [0.0, 0.0, 0.0, 1.0]]}, "mean_rme": {"type": "float", "data": 0.0017082936520140376}, "max_rme": {"type": "float", "data": 0.0032813227371104314}, "simu": {"type": "float", "data": 0.002}}, {"type": "dict", "image_number": {"type": "int", "data": 8}, "Hcamera2end": {"type": "ndarray", "data": [[0.9999894771724538, -0.004584679063382708, 0.00016205631185964861, -0.01826854999076867], [-0.00015635011229640306, 0.0012449545894680503, 0.9999992128210464, 0.027150952489848203], [-0.004584877207169042, -0.9999887153393061, 0.0012442246739391427, 0.035396239991898414], [0.0, 0.0, 0.0, 1.0]]}, "Hobj2base": {"type": "ndarray", "data": [[0.9999903288125932, -0.004371039845880655, 0.0004860987013170312, -0.7365768044433317], [-0.004370249040392043, -0.9999891443915252, -0.001616175247480097, 0.0872104215873355], [0.0004931577908245111, 0.00161403524476343, -0.9999985758417971, 0.005897042440662338], [0.0, 0.0, 0.0, 1.0]]}, "mean_rme": {"type": "float", "data": 0.0017806051793575982}, "max_rme": {"type": "float", "data": 0.0035898012404139146}, "simu": {"type": "float", "data": 0.002}}, {"type": "dict", "image_number": {"type": "int", "data": 9}, "Hcamera2end": {"type": "ndarray", "data": [[0.9999913229292648, -0.004145503478580853, 0.0004109344080715021, -0.01795383623535897], [-0.00040490270960161635, 0.0014557321607854279, 0.9999988584481844, 0.027487484244208493], [-0.004146096956707633, -0.99999034777581, 0.001454041003703388, 0.035449138694927766], [0.0, 0.0, 0.0, 1.0]]}, "Hobj2base": {"type": "ndarray", "data": [[0.9999922475372505, -0.0039003856104741523, 0.0005402383621772395, -0.7366108984228847], [-0.0038997225896260663, -0.9999916482577114, -0.0012229384897577136, 0.08768775254050624], [0.0005450037819336102, 0.0012208222292278616, -0.9999991062815818, 0.005733564094552637], [0.0, 0.0, 0.0, 1.0]]}, "mean_rme": {"type": "float", "data": 0.0016724349229557854}, "max_rme": {"type": "float", "data": 0.003488683462234299}, "simu": {"type": "float", "data": 0.002}}, {"type": "dict", "image_number": {"type": "int", "data": 10}, "Hcamera2end": {"type": "ndarray", "data": [[0.999992478336959, -0.003854602191274233, 0.0004304781686019605, -0.017895006377280462], [-0.0004250444018245455, 0.0014103911397871371, 0.9999989150664563, 0.027188973059234928], [-0.003855205151881885, -0.9999915763839116, 0.0014087421542176015, 0.035587318116437734], [0.0, 0.0, 0.0, 1.0]]}, "Hobj2base": {"type": "ndarray", "data": [[0.9999932405783978, -0.003660147669880373, 0.00034945178393945147, -0.7365614306212879], [-0.003659781661011082, -0.999992759739881, -0.001042336803086979, 0.08789619420231556], [0.00035326436043868595, 0.0010410508402628063, -0.9999993957085376, 0.00576013605881146], [0.0, 0.0, 0.0, 1.0]]}, "mean_rme": {"type": "float", "data": 0.0017290328220672107}, "max_rme": {"type": "float", "data": 0.0037538569513973497}, "simu": {"type": "float", "data": 0.002}}, {"type": "dict", "image_number": {"type": "int", "data": 11}, "Hcamera2end": {"type": "ndarray", "data": [[0.9999930093395633, -0.0036846119373331477, 0.0006363229332908102, -0.017734742632850083], [-0.0006325740527304885, 0.0010185184675614023, 0.9999992812348414, 0.02737741422770362], [-0.0036852573956213533, -0.999992693100806, 0.001016180557538715, 0.036172098450228785], [0.0, 0.0, 0.0, 1.0]]}, "Hobj2base": {"type": "ndarray", "data": [[0.999993721688452, -0.003502113433361582, 0.0005401714345074457, -0.73712747885954], [-0.003501752799699708, -0.9999936463087538, -0.0006671352582336486, 0.08795681648261983], [0.0005425043857746601, 0.0006652395229175484, -0.9999996315726165, 0.005657942956996065], [0.0, 0.0, 0.0, 1.0]]}, "mean_rme": {"type": "float", "data": 0.0016952237035105498}, "max_rme": {"type": "float", "data": 0.0036770523972719515}, "simu": {"type": "float", "data": 0.002}}, {"type": "dict", "image_number": {"type": "int", "data": 12}, "Hcamera2end": {"type": "ndarray", "data": [[0.9999927575627541, -0.003748291027038727, 0.0006596487062359711, -0.01677762616155082], [-0.0006578155636091732, 0.00049027271372859, 0.9999996634556186, 0.027363773352469294], [-0.003748613173333756, -0.9999928549479956, 0.00048780347878474295, 0.03518086078987764], [0.0, 0.0, 0.0, 1.0]]}, "Hobj2base": {"type": "ndarray", "data": [[0.9999930772516586, -0.003556705700995968, 0.0010932947062345078, -0.7355966084821316], [-0.0035558498905544104, -0.9999933708268625, -0.0007837307477225206, 0.08857504995168514], [0.0010960749582130803, 0.0007798377302902791, -0.999999095235991, 0.005645092733777298], [0.0, 0.0, 0.0, 1.0]]}, "mean_rme": {"type": "float", "data": 0.0017117631964540143}, "max_rme": {"type": "float", "data": 0.003732644657221673}, "simu": {"type": "float", "data": 0.002}}, {"type": "dict", "image_number": {"type": "int", "data": 13}, "Hcamera2end": {"type": "ndarray", "data": [[0.9999935123438919, -0.003593667531673011, 0.00024662481290094293, -0.01614093120929476], [-0.00024382337416325203, 0.0007799659282780036, 0.9999996661016006, 0.02711412916398698], [-0.0035938586907043055, -0.9999932385805528, 0.0007790846479841518, 0.034877832324300806], [0.0, 0.0, 0.0, 1.0]]}, "Hobj2base": {"type": "ndarray", "data": [[0.999993905407465, -0.0034245796686677376, 0.0006792657938882925, -0.735378965487044], [-0.0034238014634127936, -0.999993484940493, -0.00114352967048324, 0.08892198896735486], [0.0006831774768912795, 0.001141197029916686, -0.9999991154685459, 0.0057159257516770645], [0.0, 0.0, 0.0, 1.0]]}, "mean_rme": {"type": "float", "data": 0.001680111420945021}, "max_rme": {"type": "float", "data": 0.003788697970113053}, "simu": {"type": "float", "data": 0.002}}, {"type": "dict", "image_number": {"type": "int", "data": 14}, "Hcamera2end": {"type": "ndarray", "data": [[0.9999938365496724, -0.0034718858870757194, 0.0005223706100068279, -0.0163773058356479], [-0.0005207966845640639, 0.00045422305630948845, 0.9999997612260857, 0.02730890020291537], [-0.0034721223308549396, -0.9999938698261116, 0.0004524121100690781, 0.035847518497880246], [0.0, 0.0, 0.0, 1.0]]}, "Hobj2base": {"type": "ndarray", "data": [[0.999994109518314, -0.003311482602644808, 0.0009027799546889302, -0.7361160444099202], [-0.003310794155921498, -0.9999942282075325, -0.0007630161721362501, 0.08852024107159591], [0.0009053014588099534, 0.0007600227590053948, -0.9999993013970934, 0.005548233245224331], [0.0, 0.0, 0.0, 1.0]]}, "mean_rme": {"type": "float", "data": 0.0016805630640514043}, "max_rme": {"type": "float", "data": 0.0037912083573176103}, "simu": {"type": "float", "data": 0.002}}, {"type": "dict", "image_number": {"type": "int", "data": 15}, "Hcamera2end": {"type": "ndarray", "data": [[0.9999940047432715, -0.0034371865435729116, 0.0004197930188571187, -0.01634002687379161], [-0.00041800901697253644, 0.0005197316352510972, 0.9999997775737198, 0.027228012748407086], [-0.003437403958764452, -0.999993957795592, 0.0005182917443582458, 0.0357071771692848], [0.0, 0.0, 0.0, 1.0]]}, "Hobj2base": {"type": "ndarray", "data": [[0.9999942895872004, -0.0032952039614014762, 0.0007499492270132014, -0.7360765589600854], [-0.0032946187597446236, -0.9999942683524883, -0.0007802239422678285, 0.08845079175047112], [0.0007525159255939214, 0.0007777486900748683, -0.9999994144132072, 0.0055176995769617805], [0.0, 0.0, 0.0, 1.0]]}, "mean_rme": {"type": "float", "data": 0.0016492986906662156}, "max_rme": {"type": "float", "data": 0.0038826533917063477}, "simu": {"type": "float", "data": 0.002}}, {"type": "dict", "image_number": {"type": "int", "data": 16}, "Hcamera2end": {"type": "ndarray", "data": [[0.9999943445961342, -0.0033536993252860172, 0.0002519455962691228, -0.016227928071611476], [-0.0002507316520994106, 0.00036238719629322347, 0.9999999029045749, 0.02733007251046167], [-0.0033537903015154052, -0.9999943106719938, 0.0003615442682748382, 0.0357111194386463], [0.0, 0.0, 0.0, 1.0]]}, "Hobj2base": {"type": "ndarray", "data": [[0.9999947270424737, -0.003183628829168591, 0.0006406205792406002, -0.7361825448757137], [-0.0031832138717260787, -0.9999947237880495, -0.0006477233280144918, 0.0883694458887765], [0.0006426793098510362, 0.0006456806802825425, -0.999999585029796, 0.005483830249916593], [0.0, 0.0, 0.0, 1.0]]}, "mean_rme": {"type": "float", "data": 0.0016176095710372638}, "max_rme": {"type": "float", "data": 0.0037576303899464203}, "simu": {"type": "float", "data": 0.002}}, {"type": "dict", "image_number": {"type": "int", "data": 17}, "Hcamera2end": {"type": "ndarray", "data": [[0.9999947512492247, -0.0032311295089776323, 0.0002393242518753877, -0.015826760291086206], [-0.00023856226798341746, 0.00023620921322053956, 0.9999999436466244, 0.027298359617828276], [-0.0032311858574858173, -0.9999947519898812, 0.00023543714783336167, 0.035402672208266844], [0.0, 0.0, 0.0, 1.0]]}, "Hobj2base": {"type": "ndarray", "data": [[0.9999949867522006, -0.0030822760425926023, 0.0007252895032725827, -0.7360028373230866], [-0.0030818359242516585, -0.9999950668131072, -0.0006071546635505354, 0.08885438998342335], [0.0007271573435575218, 0.0006049163964870863, -0.9999995526590757, 0.00537532817675798], [0.0, 0.0, 0.0, 1.0]]}, "mean_rme": {"type": "float", "data": 0.0016423561826719457}, "max_rme": {"type": "float", "data": 0.003886656099269359}, "simu": {"type": "float", "data": 0.002}}, {"type": "dict", "image_number": {"type": "int", "data": 18}, "Hcamera2end": {"type": "ndarray", "data": [[0.9999945491357629, -0.0032906352366153246, 0.000270958487328356, -0.015578390244529415], [-0.0002705604208451714, 0.00012141405167975794, 0.9999999560278422, 0.02738208312543681], [-0.003290667990086777, -0.9999945784744871, 0.00012052307421372976, 0.035277195599688005], [0.0, 0.0, 0.0, 1.0]]}, "Hobj2base": {"type": "ndarray", "data": [[0.9999946754674597, -0.0031597128374410786, 0.0008156295205672246, -0.7359219924879618], [-0.0031592882606157084, -0.9999948735506892, -0.0005213156710192267, 0.0891809307598745], [0.0008172725471019092, 0.000518736086487633, -0.999999531489119, 0.005308872438853785], [0.0, 0.0, 0.0, 1.0]]}, "mean_rme": {"type": "float", "data": 0.0016115576824013286}, "max_rme": {"type": "float", "data": 0.004097687447378234}, "simu": {"type": "float", "data": 0.002}}, {"type": "dict", "image_number": {"type": "int", "data": 19}, "Hcamera2end": {"type": "ndarray", "data": [[0.9999947064613115, -0.0032300511450125595, 0.0003921975982432574, -0.015603393010811786], [-0.00039184291891397084, 0.00011043820918055225, 0.9999999171312612, 0.027399997551429845], [-0.003230094190942689, -0.999994777272863, 0.00010917195190263129, 0.03527192313649786], [0.0, 0.0, 0.0, 1.0]]}, "Hobj2base": {"type": "ndarray", "data": [[0.9999948682389191, -0.0031068316994383198, 0.000781724131738216, -0.7359332845947814], [-0.0031065185012396556, -0.9999950941396547, -0.00040154629264543655, 0.08920459898447966], [0.0007829678334595796, 0.00039911579152768955, -0.999999613833904, 0.005253798510727013], [0.0, 0.0, 0.0, 1.0]]}, "mean_rme": {"type": "float", "data": 0.0015534926623207304}, "max_rme": {"type": "float", "data": 0.004119559592826533}, "simu": {"type": "float", "data": 0.002}}, {"type": "dict", "image_number": {"type": "int", "data": 20}, "Hcamera2end": {"type": "ndarray", "data": [[0.9999948824230246, -0.003173955076074212, 0.0004014186545499394, -0.015492260192964503], [-0.00040126669283506813, 4.8514372372854275e-05, 0.9999999183156952, 0.02750441189616915], [-0.0031739742913859817, -0.9999949618150737, 4.724052164029047e-05, 0.035209605730531814], [0.0, 0.0, 0.0, 1.0]]}, "Hobj2base": {"type": "ndarray", "data": [[0.9999949845795975, -0.0030659839179477044, 0.0007940769896844734, -0.7360063380766022], [-0.0030657245953369227, -0.9999952469998437, -0.00032758270268972675, 0.08933829614170521], [0.0007950775787346619, 0.00032514663836688936, -0.9999996310655856, 0.005281945811713748], [0.0, 0.0, 0.0, 1.0]]}, "mean_rme": {"type": "float", "data": 0.001570355287910252}, "max_rme": {"type": "float", "data": 0.004283651062972654}, "simu": {"type": "float", "data": 0.002}}, {"type": "dict", "image_number": {"type": "int", "data": 21}, "Hcamera2end": {"type": "ndarray", "data": [[0.9999947289814128, -0.0031777390914706476, 0.0006663209866735733, -0.015370785573289383], [-0.0006664555344358463, -4.128199463004911e-05, 0.9999997770663837, 0.027409743889386086], [-0.0031777108759863874, -0.9999949501222808, -4.3399598836479925e-05, 0.0352591965427605], [0.0, 0.0, 0.0, 1.0]]}, "Hobj2base": {"type": "ndarray", "data": [[0.999994778510403, -0.0030731072543769685, 0.000999481732296215, -0.7358858474621883], [-0.0030729739771788904, -0.999995269311386, -0.000134854677058387, 0.08956646508753219], [0.000999891426945719, 0.0001317825915620817, -0.999999491425112, 0.005296382113758592], [0.0, 0.0, 0.0, 1.0]]}, "mean_rme": {"type": "float", "data": 0.0015551979393899026}, "max_rme": {"type": "float", "data": 0.004376822642321865}, "simu": {"type": "float", "data": 0.002}}, {"type": "dict", "image_number": {"type": "int", "data": 22}, "Hcamera2end": {"type": "ndarray", "data": [[0.9999949014233314, -0.003114696419473299, 0.0007041260940100988, -0.01564953336805949], [-0.0007042983921554424, -5.42213026066829e-05, 0.9999997505118814, 0.027406614954864024], [-0.0031146574637595324, -0.9999951478513607, -5.641470183537223e-05, 0.03496387266215705], [0.0, 0.0, 0.0, 1.0]]}, "Hobj2base": {"type": "ndarray", "data": [[0.9999949402333608, -0.0030199254404536893, 0.0009997789812103634, -0.7355105215147549], [-0.0030198322662697108, -0.9999954358129084, -9.469125437090867e-05, 0.08943217818985544], [0.0010000603785601068, 9.167161042866147e-05, -0.9999994957376499, 0.005333533079739073], [0.0, 0.0, 0.0, 1.0]]}, "mean_rme": {"type": "float", "data": 0.0015825078044834921}, "max_rme": {"type": "float", "data": 0.004644167811614197}, "simu": {"type": "float", "data": 0.002}}, {"type": "dict", "image_number": {"type": "int", "data": 23}, "Hcamera2end": {"type": "ndarray", "data": [[0.9999948906574937, -0.0031061274217274214, 0.0007554014476710853, -0.015671661157059518], [-0.0007556775623236295, -8.772087939168394e-05, 0.9999997106281927, 0.02743425765717679], [-0.003106060258422432, -0.9999951721270895, -9.006766199393113e-05, 0.03500204184577595], [0.0, 0.0, 0.0, 1.0]]}, "Hobj2base": {"type": "ndarray", "data": [[0.9999949338810445, -0.0030191345963319132, 0.0010084832842223777, -0.7355352428233775], [-0.0030191051213794952, -0.9999954420190225, -3.0748095212867475e-05, 0.08942789000724775], [0.0010085715202127808, 2.7703222391138076e-05, -0.9999994910078802, 0.005300540305419126], [0.0, 0.0, 0.0, 1.0]]}, "mean_rme": {"type": "float", "data": 0.0015226252294438507}, "max_rme": {"type": "float", "data": 0.004619014899398255}, "simu": {"type": "float", "data": 0.002}}, {"type": "dict", "image_number": {"type": "int", "data": 24}, "Hcamera2end": {"type": "ndarray", "data": [[0.9999949759335724, -0.0031018512503694397, 0.0006531664676172155, -0.01564175908500632], [-0.0006533745428693226, -6.606812572074183e-05, 0.9999997843683315, 0.02741180524111809], [-0.00310180742802778, -0.9999951870653294, -6.809446443289957e-05, 0.03498865134009172], [0.0, 0.0, 0.0, 1.0]]}, "Hobj2base": {"type": "ndarray", "data": [[0.9999950207194392, -0.0030138039921571136, 0.0009356932324062102, -0.7355446873873853], [-0.0030137079934472095, -0.9999954533648359, -0.00010398935992378302, 0.08940545554598571], [0.0009360023816985369, 0.00010116893595766757, -0.9999995568320961, 0.005390333116083844], [0.0, 0.0, 0.0, 1.0]]}, "mean_rme": {"type": "float", "data": 0.0014838153573753779}, "max_rme": {"type": "float", "data": 0.004612147225004276}, "simu": {"type": "float", "data": 0.002}}, {"type": "dict", "image_number": {"type": "int", "data": 25}, "Hcamera2end": {"type": "ndarray", "data": [[0.9999942765611001, -0.003328251539947278, 0.0006079364514257597, -0.015558437571414766], [-0.0006083872486413074, -0.00013443489645403872, 0.9999998058960882, 0.027401527158255508], [-0.003328169166046737, -0.9999944523190842, -0.0001364589928212201, 0.03512691106990218], [0.0, 0.0, 0.0, 1.0]]}, "Hobj2base": {"type": "ndarray", "data": [[0.9999943533786436, -0.0032333964684612693, 0.0009156189743331256, -0.735547564608871], [-0.0032332211458704014, -0.9999947545224426, -0.00019289536671917342, 0.08956285575486853], [0.0009162378786718766, 0.00018993387888270212, -0.9999995622165403, 0.0054942007952164355], [0.0, 0.0, 0.0, 1.0]]}, "mean_rme": {"type": "float", "data": 0.001491130843605943}, "max_rme": {"type": "float", "data": 0.00461192372750871}, "simu": {"type": "float", "data": 0.002}}, {"type": "dict", "image_number": {"type": "int", "data": 26}, "Hcamera2end": {"type": "ndarray", "data": [[0.9999942827379242, -0.003328026802145447, 0.0005989399540430997, -0.015610606445720708], [-0.0005994096486412568, -0.0001401374213994, 0.99999981053477, 0.02740185228853026], [-0.003327942237699351, -0.9999944522841651, -0.00014213147157327022, 0.03507063486839756], [0.0, 0.0, 0.0, 1.0]]}, "Hobj2base": {"type": "ndarray", "data": [[0.9999943568198127, -0.0032302226209442036, 0.0009230332323833918, -0.7354739461823976], [-0.00323004647185477, -0.9999947649034198, -0.0001922642544879274, 0.08958957816094254], [0.0009236494565593196, 0.00018928172927043112, -0.9999995555219552, 0.005518276519252074], [0.0, 0.0, 0.0, 1.0]]}, "mean_rme": {"type": "float", "data": 0.001478172204761824}, "max_rme": {"type": "float", "data": 0.0047198555716877755}, "simu": {"type": "float", "data": 0.002}}, {"type": "dict", "image_number": {"type": "int", "data": 27}, "Hcamera2end": {"type": "ndarray", "data": [[0.999994887520963, -0.0031535215756126633, 0.0005293709557251947, -0.01563145324074553], [-0.0005298826325436214, -0.00016142239923278012, 0.9999998465835906, 0.027365090146295186], [-0.003153435639480949, -0.9999950146098135, -0.00016309257027824486, 0.034872899244217034], [0.0, 0.0, 0.0, 1.0]]}, "Hobj2base": {"type": "ndarray", "data": [[0.9999948618595074, -0.003055236259345329, 0.0009704565855211032, -0.7353717322673909], [-0.0030550098340755946, -0.9999953059008646, -0.00023471504133425696, 0.08969916118233953], [0.000971169140006582, 0.00023174908092308844, -0.9999995015613086, 0.00555961457927638], [0.0, 0.0, 0.0, 1.0]]}, "mean_rme": {"type": "float", "data": 0.0015062788107483706}, "max_rme": {"type": "float", "data": 0.005332133918797853}, "simu": {"type": "float", "data": 0.002}}, {"type": "dict", "image_number": {"type": "int", "data": 28}, "Hcamera2end": {"type": "ndarray", "data": [[0.9999947986110231, -0.0031813024486779225, 0.0005310985118543239, -0.015696742353909478], [-0.000531751986039716, -0.00020456858362916108, 0.999999837695747, 0.027259820721872715], [-0.003181193286268667, -0.9999949187203029, -0.0002062591834834926, 0.03506382585972684], [0.0, 0.0, 0.0, 1.0]]}, "Hobj2base": {"type": "ndarray", "data": [[0.9999947671261619, -0.003081195293188422, 0.0009858782169211012, -0.7355323684034031], [-0.00308093565561117, -0.9999952188555132, -0.0002647670680541942, 0.08980151489916129], [0.0009866893023387797, 0.00026172825521092794, -0.9999994789711348, 0.005614456536231442], [0.0, 0.0, 0.0, 1.0]]}, "mean_rme": {"type": "float", "data": 0.0015288381553899}, "max_rme": {"type": "float", "data": 0.005261431506564988}, "simu": {"type": "float", "data": 0.002}}, {"type": "dict", "image_number": {"type": "int", "data": 29}, "Hcamera2end": {"type": "ndarray", "data": [[0.9999947142728495, -0.0031845520578959313, 0.0006557854471168482, -0.015757633421364804], [-0.0006565066432411197, -0.0002254269928596564, 0.99999975909082, 0.027209815234867412], [-0.003184403458966802, -0.9999949038924455, -0.00022751648089580634, 0.03491296161469583], [0.0, 0.0, 0.0, 1.0]]}, "Hobj2base": {"type": "ndarray", "data": [[0.9999947711522665, -0.003090122021569663, 0.0009533173752587285, -0.7353817126442792], [-0.003089983029927595, -0.9999952151517257, -0.00014723630498103416, 0.08986581541633405], [0.0009537677919281266, 0.00014428980059312996, -0.9999995347536184, 0.005566821811319871], [0.0, 0.0, 0.0, 1.0]]}, "mean_rme": {"type": "float", "data": 0.0015486448000301032}, "max_rme": {"type": "float", "data": 0.005258801476448527}, "simu": {"type": "float", "data": 0.002}}, {"type": "dict", "image_number": {"type": "int", "data": 30}, "Hcamera2end": {"type": "ndarray", "data": [[0.9999943394561729, -0.0033031827138638604, 0.0006403433229130806, -0.015773571372531336], [-0.0006411571446488919, -0.00024532197995696947, 0.9999997643672932, 0.02718665271042636], [-0.0033030248452341473, -0.9999945143854966, -0.00024743845049823854, 0.03488856529369912], [0.0, 0.0, 0.0, 1.0]]}, "Hobj2base": {"type": "ndarray", "data": [[0.999994445039643, -0.003200217932243563, 0.000931930814298479, -0.7354180403954623], [-0.0032000934190355794, -0.9999948705661788, -0.00013506828193348027, 0.08989577514887287], [0.0009323582819589619, 0.00013208526596869563, -0.9999995566306601, 0.005570333106873225], [0.0, 0.0, 0.0, 1.0]]}, "mean_rme": {"type": "float", "data": 0.0015363455217607834}, "max_rme": {"type": "float", "data": 0.005311394946637099}, "simu": {"type": "float", "data": 0.002}}]}