{"type": "list", "data": [{"type": "dict", "image_number": {"type": "int", "data": 5}, "Hcamera2end": {"type": "ndarray", "data": [[0.9999876870737813, -0.0028650600992826993, 0.004051805950047629, -0.015519976972224164], [-0.004047954718952162, 0.0013487296529327564, 0.9999908974540299, 0.012244998758708363], [-0.002870498810774196, -0.999994986166906, 0.001337115412575085, 0.035127892712120565], [0.0, 0.0, 0.0, 1.0]]}, "Hobj2base": {"type": "ndarray", "data": [[0.9999973367019196, -0.002300885562932442, 0.00018031831288051626, -0.7381115204163708], [-0.002300797794591452, -0.9999972353318543, -0.0004854463471811785, 0.09397834244115448], [0.00018143477085202805, 0.0004850301783162539, -0.9999998659135658, 0.012073943462863945], [0.0, 0.0, 0.0, 1.0]]}, "mean_rme": {"type": "float", "data": 0.002335273719488683}, "max_rme": {"type": "float", "data": 0.007690630969667852}, "simu": {"type": "float", "data": 0.002}}, {"type": "dict", "image_number": {"type": "int", "data": 6}, "Hcamera2end": {"type": "ndarray", "data": [[0.9999891145509852, -0.0029417628733476825, 0.0036217137840780277, -0.015127549451560291], [-0.003618185860670475, 0.0012036927922973728, 0.9999927299009429, 0.013576891643027516], [-0.0029461009172178495, -0.9999949485646712, 0.001193035844727075, 0.03527451129767627], [0.0, 0.0, 0.0, 1.0]]}, "Hobj2base": {"type": "ndarray", "data": [[0.9999971215526555, -0.002383759865809744, 0.0002730847955458739, -0.7381323499995213], [-0.002383765046014998, -0.9999971586542429, 1.8645304143373103e-05, 0.09523515572180923], [0.00027303957368984583, -1.9296220464067313e-05, -0.9999999625385232, 0.010718345734911825], [0.0, 0.0, 0.0, 1.0]]}, "mean_rme": {"type": "float", "data": 0.0024100416000216187}, "max_rme": {"type": "float", "data": 0.005897314296688147}, "simu": {"type": "float", "data": 0.002}}, {"type": "dict", "image_number": {"type": "int", "data": 7}, "Hcamera2end": {"type": "ndarray", "data": [[0.9999930463805556, -0.0024292210310903244, 0.0028295009662491514, -0.018330206883287466], [-0.0028314775762822474, -0.000810627399963737, 0.9999956627995711, 0.014249314188258274], [-0.002426916824060361, -0.999996720878824, -0.0008175000480465933, 0.03656652077188897], [0.0, 0.0, 0.0, 1.0]]}, "Hobj2base": {"type": "ndarray", "data": [[0.9999960364762366, -0.0017294049103669233, 0.002221753918277416, -0.7381761184469389], [-0.0017282194573163367, -0.9999983633140039, -0.0005353754017896839, 0.09151790198954202], [0.0022226761628126356, 0.0005315336014656207, -0.9999973885879432, 0.010511272256478854], [0.0, 0.0, 0.0, 1.0]]}, "mean_rme": {"type": "float", "data": 0.0020349600179847775}, "max_rme": {"type": "float", "data": 0.00611651508156634}, "simu": {"type": "float", "data": 0.002}}, {"type": "dict", "image_number": {"type": "int", "data": 8}, "Hcamera2end": {"type": "ndarray", "data": [[0.999993087590178, -0.002447798631461334, 0.0027987593184125945, -0.019321097639533106], [-0.0028013831168019502, -0.0010691302790042378, 0.9999955045964354, 0.014637194236946718], [-0.0024447953892876807, -0.99999643261479, -0.0010759801104971434, 0.03607252493953103], [0.0, 0.0, 0.0, 1.0]]}, "Hobj2base": {"type": "ndarray", "data": [[0.9999953210144742, -0.0018099641843946112, 0.002466166825223767, -0.7375279730346116], [-0.0018085959438561632, -0.999998209407817, -0.0005569217827939181, 0.0905962550377788], [0.0024671704178050933, 0.000552458877647985, -0.9999968039245517, 0.010763767122576338], [0.0, 0.0, 0.0, 1.0]]}, "mean_rme": {"type": "float", "data": 0.001918817335522262}, "max_rme": {"type": "float", "data": 0.006029679008115546}, "simu": {"type": "float", "data": 0.002}}, {"type": "dict", "image_number": {"type": "int", "data": 9}, "Hcamera2end": {"type": "ndarray", "data": [[0.9999963510536115, -0.001585141226792861, 0.0021875115435775433, -0.018358419447046043], [-0.0021880846240656562, -0.0003598887814824092, 0.9999975413798492, 0.014992611629576772], [-0.001584350068668802, -0.9999986789028055, -0.0003633558914128976, 0.03476398643499718], [0.0, 0.0, 0.0, 1.0]]}, "Hobj2base": {"type": "ndarray", "data": [[0.9999984126741661, -0.001116739503737391, 0.0013883594739848618, -0.7364958234328577], [-0.001115895864779368, -0.9999991923868947, -0.0006082778781168761, 0.09044454584722779], [0.0013890376406632985, 0.000606727647985839, -0.999998851227337, 0.010380294356178876], [0.0, 0.0, 0.0, 1.0]]}, "mean_rme": {"type": "float", "data": 0.0017967136792484348}, "max_rme": {"type": "float", "data": 0.0064054236771370066}, "simu": {"type": "float", "data": 0.002}}, {"type": "dict", "image_number": {"type": "int", "data": 10}, "Hcamera2end": {"type": "ndarray", "data": [[0.9999990244687313, -0.0007651622879299287, 0.0011685838689670669, -0.017863491876494626], [-0.0011685082325757791, 9.928971852934954e-05, 0.9999993123647947, 0.015289388781563168], [-0.0007652777901408294, -0.9999997023340682, 9.839552323642753e-05, 0.03434592584988442], [0.0, 0.0, 0.0, 1.0]]}, "Hobj2base": {"type": "ndarray", "data": [[0.9999997246624658, -0.0003988781182642081, 0.0006257565336698331, -0.7362297301184183], [-0.00039812220833264367, -0.9999991915355335, -0.0012076535043663485, 0.09009945271517561], [0.0006262377343252478, 0.0012074040442809474, -0.9999990750004593, 0.010613814170860108], [0.0, 0.0, 0.0, 1.0]]}, "mean_rme": {"type": "float", "data": 0.0017820782108969359}, "max_rme": {"type": "float", "data": 0.006438352183048349}, "simu": {"type": "float", "data": 0.002}}, {"type": "dict", "image_number": {"type": "int", "data": 11}, "Hcamera2end": {"type": "ndarray", "data": [[0.9999991849635815, -0.0007612011656206827, 0.0010250097356171357, -0.017592618655918872], [-0.0010249451598257624, 8.521931783567194e-05, 0.999999471112404, 0.015481803161864089], [-0.0007612881136612725, -0.9999997066551839, 8.443905892852044e-05, 0.03435083531968479], [0.0, 0.0, 0.0, 1.0]]}, "Hobj2base": {"type": "ndarray", "data": [[0.9999997248417114, -0.00042683080220878514, 0.0006067387970477583, -0.7360390659037258], [-0.0004261039595169948, -0.9999991921246454, -0.0011975748300193934, 0.08994831573077397], [0.0006072494687038393, 0.001197315966692938, -0.999999098840874, 0.010396488760252372], [0.0, 0.0, 0.0, 1.0]]}, "mean_rme": {"type": "float", "data": 0.0017291647957033}, "max_rme": {"type": "float", "data": 0.0066738650861255105}, "simu": {"type": "float", "data": 0.002}}, {"type": "dict", "image_number": {"type": "int", "data": 12}, "Hcamera2end": {"type": "ndarray", "data": [[0.9999991862165368, -0.0008541134049294954, 0.0009476584593140299, -0.01721294095850601], [-0.000947684841393241, -3.0484076660730608e-05, 0.9999995504819802, 0.015567237564843227], [-0.0008540841324970069, -0.9999996347804395, -3.129348218000594e-05, 0.03439073378177093], [0.0, 0.0, 0.0, 1.0]]}, "Hobj2base": {"type": "ndarray", "data": [[0.9999995854966166, -0.000531271816879505, 0.0007394300857072671, -0.7362058584375616], [-0.0005304040851253014, -0.9999991711174565, -0.0011732160529101918, 0.09026211342876173], [0.0007400527694305986, 0.0011728233698700447, -0.9999990384031585, 0.010239914738024306], [0.0, 0.0, 0.0, 1.0]]}, "mean_rme": {"type": "float", "data": 0.0016853904261694514}, "max_rme": {"type": "float", "data": 0.006638701625585122}, "simu": {"type": "float", "data": 0.002}}, {"type": "dict", "image_number": {"type": "int", "data": 13}, "Hcamera2end": {"type": "ndarray", "data": [[0.9999993065886668, -0.0005080018216883059, 0.0010624294493449698, -0.016791246783517046], [-0.0010626300113001702, -0.0003946988022165421, 0.9999993575149505, 0.01570553046779253], [-0.0005075821556736345, -0.9999997930734806, -0.0003952383465093412, 0.03435940239446604], [0.0, 0.0, 0.0, 1.0]]}, "Hobj2base": {"type": "ndarray", "data": [[0.9999994426732106, -0.0002075376012524487, 0.00103517216552902, -0.7363270539523347], [-0.00020653582052854202, -0.9999995103953832, -0.0009677561412914339, 0.09066853283168809], [0.0010353725044921094, 0.0009675418018024149, -0.9999989959328153, 0.010254061369783352], [0.0, 0.0, 0.0, 1.0]]}, "mean_rme": {"type": "float", "data": 0.0017826256648113593}, "max_rme": {"type": "float", "data": 0.006558891930831631}, "simu": {"type": "float", "data": 0.002}}, {"type": "dict", "image_number": {"type": "int", "data": 14}, "Hcamera2end": {"type": "ndarray", "data": [[0.9999988490857565, -0.0004291138436441738, 0.0014552279791960783, -0.016465798654415165], [-0.001455183075765047, 0.00010493589284865656, 0.9999989357147709, 0.015557801497382813], [-0.00042926609259194375, -0.9999999024248791, 0.00010431133287358563, 0.033949127680824774], [0.0, 0.0, 0.0, 1.0]]}, "Hobj2base": {"type": "ndarray", "data": [[0.9999997983922956, -0.0002357823793063769, 0.0005895948082327592, -0.7360624908491952], [-0.00023553460274625335, -0.9999998839428141, -0.00042028301134030015, 0.09105389882681844], [0.0005896938351344407, 0.00042014405662906863, -0.9999997378700423, 0.010055804553769929], [0.0, 0.0, 0.0, 1.0]]}, "mean_rme": {"type": "float", "data": 0.0018228193207682226}, "max_rme": {"type": "float", "data": 0.006687646753220464}, "simu": {"type": "float", "data": 0.002}}, {"type": "dict", "image_number": {"type": "int", "data": 15}, "Hcamera2end": {"type": "ndarray", "data": [[0.9999989027418605, -0.0006350183765358925, 0.0013383821339238422, -0.016087221726268586], [-0.0013384786978888345, -0.00015166423192147782, 0.9999990927359567, 0.01571199612654183], [-0.000634814815708194, -0.9999997868747886, -0.0001525140240763445, 0.03399677441290984], [0.0, 0.0, 0.0, 1.0]]}, "Hobj2base": {"type": "ndarray", "data": [[0.9999995534879973, -0.00042945693365524084, 0.0008417782060780766, -0.7360484455914649], [-0.00042904889552560237, -0.9999997904167035, -0.0004848541993285508, 0.09140576776163775], [0.0008419862536531386, 0.00048449281882573594, -0.9999995281628176, 0.009988741997492109], [0.0, 0.0, 0.0, 1.0]]}, "mean_rme": {"type": "float", "data": 0.0018053760729422772}, "max_rme": {"type": "float", "data": 0.0065826597445974855}, "simu": {"type": "float", "data": 0.002}}, {"type": "dict", "image_number": {"type": "int", "data": 16}, "Hcamera2end": {"type": "ndarray", "data": [[0.9999989434329356, -0.0007779759581139035, 0.0012279602685212993, -0.01662800294737184], [-0.0012277564091570771, 0.00026246154407039146, 0.9999992118637582, 0.015819753067640826], [-0.0007782976373109888, -0.9999996629336163, 0.0002615061017934295, 0.03356120572294271], [0.0, 0.0, 0.0, 1.0]]}, "Hobj2base": {"type": "ndarray", "data": [[0.9999997259921998, -0.0006197271857091097, 0.0004049120159963631, -0.7360904710942453], [-0.0006195513783727335, -0.9999997138271755, -0.00043416777537347106, 0.09079953226939795], [0.00040518096569510547, 0.0004339167926104837, -0.9999998237722856, 0.009890444920856778], [0.0, 0.0, 0.0, 1.0]]}, "mean_rme": {"type": "float", "data": 0.0018290452548901414}, "max_rme": {"type": "float", "data": 0.006623014942895938}, "simu": {"type": "float", "data": 0.002}}, {"type": "dict", "image_number": {"type": "int", "data": 17}, "Hcamera2end": {"type": "ndarray", "data": [[0.9999994094959412, -0.0004124261849867739, 0.0010054414009374446, -0.016546989620986694], [-0.0010053255564115079, 0.0002809966848417167, 0.9999994551805458, 0.015927314447331434], [-0.00041270848598943085, -0.9999998754727446, 0.0002805818963281803, 0.03357093295953604], [0.0, 0.0, 0.0, 1.0]]}, "Hobj2base": {"type": "ndarray", "data": [[0.999999919396547, -0.00029240598698623024, 0.0002751465759023236, -0.7361083583873829], [-0.0002923030056422823, -0.9999998872502105, -0.00037424392990667793, 0.09065859121998834], [0.0002752559760453031, 0.00037416347357019646, -0.9999998921179156, 0.009908882975417343], [0.0, 0.0, 0.0, 1.0]]}, "mean_rme": {"type": "float", "data": 0.0017639190639454074}, "max_rme": {"type": "float", "data": 0.006632284131768987}, "simu": {"type": "float", "data": 0.002}}, {"type": "dict", "image_number": {"type": "int", "data": 18}, "Hcamera2end": {"type": "ndarray", "data": [[0.9999994682162442, -0.00038025426386981896, 0.0009586312761892091, -0.016490783369454875], [-0.0009585207429423706, 0.0002907582753403082, 0.9999994983486796, 0.016011779521131232], [-0.00038053280309131756, -0.9999998854331537, 0.00029039363912031213, 0.033529965556433936], [0.0, 0.0, 0.0, 1.0]]}, "Hobj2base": {"type": "ndarray", "data": [[0.9999999368559043, -0.00025079468722950316, 0.0002517741293704054, -0.7361182832673602], [-0.00025071006439652643, -0.9999999120968524, -0.0003360814647884313, 0.09058727805847493], [0.00025185839468451216, 0.0003360183212586833, -0.9999999118295144, 0.009858349036269424], [0.0, 0.0, 0.0, 1.0]]}, "mean_rme": {"type": "float", "data": 0.0017027644572383273}, "max_rme": {"type": "float", "data": 0.006680757896326717}, "simu": {"type": "float", "data": 0.002}}, {"type": "dict", "image_number": {"type": "int", "data": 19}, "Hcamera2end": {"type": "ndarray", "data": [[0.9999992526024932, -0.0005278389678117885, 0.0011028057304285036, -0.016266046154250813], [-0.0011027475389642116, 0.00011052307274128648, 0.9999993858660694, 0.015965043738854663], [-0.0005279605291259321, -0.9999998545853268, 0.00010994091701388431, 0.03349259863619389], [0.0, 0.0, 0.0, 1.0]]}, "Hobj2base": {"type": "ndarray", "data": [[0.9999998281502771, -0.00039637053395853597, 0.0004319604335637086, -0.7360221998607455], [-0.0003963023777966969, -0.9999999090127107, -0.0001578575172959655, 0.09093830714929046], [0.00043202296432921956, 0.00015768630322125947, -0.9999998942455885, 0.00970033630377897], [0.0, 0.0, 0.0, 1.0]]}, "mean_rme": {"type": "float", "data": 0.0017238031395972679}, "max_rme": {"type": "float", "data": 0.006649008074718299}, "simu": {"type": "float", "data": 0.002}}, {"type": "dict", "image_number": {"type": "int", "data": 20}, "Hcamera2end": {"type": "ndarray", "data": [[0.9999994237163521, -0.0004346839292119776, 0.0009816398755698422, -0.016248481403890645], [-0.0009815640541856892, 0.00017460776644695475, 0.9999995030219437, 0.015995016516570468], [-0.0004348551151297317, -0.9999998902809983, 0.0001741809957035434, 0.033278131055939957], [0.0, 0.0, 0.0, 1.0]]}, "Hobj2base": {"type": "ndarray", "data": [[0.9999999014149706, -0.0003120976940388913, 0.0003158561040358321, -0.7359210605979623], [-0.0003120342066193009, -0.9999999311107117, -0.00020103040749440692, 0.09078020996333228], [0.0003159188234033408, 0.0002009318297669896, -0.9999999299108455, 0.009548607108293175], [0.0, 0.0, 0.0, 1.0]]}, "mean_rme": {"type": "float", "data": 0.001710592103709559}, "max_rme": {"type": "float", "data": 0.006736384539365689}, "simu": {"type": "float", "data": 0.002}}, {"type": "dict", "image_number": {"type": "int", "data": 21}, "Hcamera2end": {"type": "ndarray", "data": [[0.9999996006915931, 2.2679860010649884e-05, 0.00089336570245244, -0.016020404448019637], [-0.0008933659772092295, 1.21073328497312e-05, 0.999999600875242, 0.01600197168951035], [2.2669034682640124e-05, -0.9999999996695182, 1.2127589430477315e-05, 0.03326180343000795], [0.0, 0.0, 0.0, 1.0]]}, "Hobj2base": {"type": "ndarray", "data": [[0.9999998903018333, 0.00012812635463005365, 0.0004505329716755933, -0.7360286652526726], [0.00012821255358325104, -0.9999999734823612, -0.0001913029490453555, 0.09087778083384512], [0.0004505084487790315, 0.0001913606920425447, -0.9999998802116046, 0.009444005936135633], [0.0, 0.0, 0.0, 1.0]]}, "mean_rme": {"type": "float", "data": 0.0017157498541609695}, "max_rme": {"type": "float", "data": 0.006737776615989191}, "simu": {"type": "float", "data": 0.002}}, {"type": "dict", "image_number": {"type": "int", "data": 22}, "Hcamera2end": {"type": "ndarray", "data": [[0.9999996205779597, 0.0001303170276638903, 0.0008613137691579084, -0.015884964872573966], [-0.0008613317355588301, 0.00013787361888373262, 0.9999996195491806, 0.015905283820852732], [0.00013019822563832241, -0.9999999820041684, 0.00013798581276303068, 0.03324490723473097], [0.0, 0.0, 0.0, 1.0]]}, "Hobj2base": {"type": "ndarray", "data": [[0.9999999335546991, 0.00023024612535223784, 0.0002826257581448935, -0.7360343838021517], [0.00023028983524219876, -0.9999999615275152, -0.00015463362826812423, 0.09098403349877694], [0.0002825901434778205, 0.00015469870383272465, -0.9999999481055593, 0.00940958360665513], [0.0, 0.0, 0.0, 1.0]]}, "mean_rme": {"type": "float", "data": 0.0017139956835409713}, "max_rme": {"type": "float", "data": 0.0067580852425897925}, "simu": {"type": "float", "data": 0.002}}, {"type": "dict", "image_number": {"type": "int", "data": 23}, "Hcamera2end": {"type": "ndarray", "data": [[0.9999996275748837, 0.00030927353799753844, 0.0008057294661117542, -0.015784304164491864], [-0.0008057911236399527, 0.00019928963828108603, 0.9999996554920932, 0.01608983844801961], [0.00030911285791650537, -0.9999999323167571, 0.00019953877393230623, 0.03307051762806387], [0.0, 0.0, 0.0, 1.0]]}, "Hobj2base": {"type": "ndarray", "data": [[0.9999998779874514, 0.00040943579579427486, 0.0002763827264532019, -0.736110704073057], [0.0004094852225260176, -0.9999999001759357, -0.00017880148150430404, 0.09074264110471658], [0.0002763094911366861, 0.00017891463433052364, -0.9999999458213071, 0.009162112490072077], [0.0, 0.0, 0.0, 1.0]]}, "mean_rme": {"type": "float", "data": 0.001771563584619318}, "max_rme": {"type": "float", "data": 0.006937026532678678}, "simu": {"type": "float", "data": 0.002}}, {"type": "dict", "image_number": {"type": "int", "data": 24}, "Hcamera2end": {"type": "ndarray", "data": [[0.999999737516381, 0.0002873967255643926, 0.000665109232478213, -0.015620000043359578], [-0.0006651720763393594, 0.00021862566292729646, 0.9999997548744339, 0.016222705330187107], [0.0002872512451692382, -0.9999999348029684, 0.00021881677381829778, 0.0327686574842738], [0.0, 0.0, 0.0, 1.0]]}, "Hobj2base": {"type": "ndarray", "data": [[0.9999999034033717, 0.0003870758760246782, 0.00020824387950094358, -0.7358018534889758], [0.0003871388673299534, -0.9999998792986569, -0.00030253292291259644, 0.09072060688489907], [0.0002081267511694649, 0.0003026135129885745, -0.9999999325541566, 0.00907698764401492], [0.0, 0.0, 0.0, 1.0]]}, "mean_rme": {"type": "float", "data": 0.0017448319732129612}, "max_rme": {"type": "float", "data": 0.006974553794009214}, "simu": {"type": "float", "data": 0.002}}, {"type": "dict", "image_number": {"type": "int", "data": 25}, "Hcamera2end": {"type": "ndarray", "data": [[0.9999998183435117, 0.00024464759090361143, 0.0005508724897096984, -0.015771869084204564], [-0.0005509757311685725, 0.0004221340070881263, 0.9999997591142825, 0.016347669248237662], [0.0002444149899600254, -0.9999998809752108, 0.00042226872529005366, 0.03285207342783048], [0.0, 0.0, 0.0, 1.0]]}, "Hobj2base": {"type": "ndarray", "data": [[0.9999999428956269, 0.0003376201561294404, -1.48786112713079e-05, -0.736040163539981], [0.0003376149632701005, -0.9999998825790672, -0.00034764635374352775, 0.09058498926419986], [-1.4995981940476216e-05, 0.00034764131064960276, -0.9999999394603174, 0.00912897756348843], [0.0, 0.0, 0.0, 1.0]]}, "mean_rme": {"type": "float", "data": 0.001761204435176786}, "max_rme": {"type": "float", "data": 0.006858613918666004}, "simu": {"type": "float", "data": 0.002}}, {"type": "dict", "image_number": {"type": "int", "data": 26}, "Hcamera2end": {"type": "ndarray", "data": [[0.9999997730531397, 0.000441495888538124, 0.0005088959123418331, -0.015434288675258171], [-0.0005091293367176569, 0.0005287612715164647, 0.9999997305993819, 0.016334546794221], [0.0004412266851491794, -0.9999997627464209, 0.0005289859300245947, 0.03294988995687934], [0.0, 0.0, 0.0, 1.0]]}, "Hobj2base": {"type": "ndarray", "data": [[0.9999998572277995, 0.0005167352629880168, -0.00013612144804100887, -0.7360858930944812], [0.0005166879875257451, -0.9999998062740412, -0.00034711007411697653, 0.09090258794171588], [-0.00013630078568618544, 0.00034703969224226, -0.9999999304927714, 0.009124192266568779], [0.0, 0.0, 0.0, 1.0]]}, "mean_rme": {"type": "float", "data": 0.0017636614009991919}, "max_rme": {"type": "float", "data": 0.006787442432629617}, "simu": {"type": "float", "data": 0.002}}, {"type": "dict", "image_number": {"type": "int", "data": 27}, "Hcamera2end": {"type": "ndarray", "data": [[0.9999996257716073, 0.0007250245192659834, 0.0004720128090324354, -0.01521210003995405], [-0.0004723938887851503, 0.000525528179886936, 0.999999750332042, 0.01642473314790052], [0.0007247762822181778, -0.9999995990797091, 0.0005258704803715597, 0.03260521390379236], [0.0, 0.0, 0.0, 1.0]]}, "Hobj2base": {"type": "ndarray", "data": [[0.9999996738991831, 0.0007919576017247589, -0.0001581286961991991, -0.7357165218153813], [0.0007918991829113522, -0.9999996183082653, -0.0003691598685704512, 0.09091741998113986], [-0.00015842099480694878, 0.0003690345262018015, -0.9999999193581506, 0.008951431102235143], [0.0, 0.0, 0.0, 1.0]]}, "mean_rme": {"type": "float", "data": 0.0017781131588926761}, "max_rme": {"type": "float", "data": 0.006861656830285598}, "simu": {"type": "float", "data": 0.002}}, {"type": "dict", "image_number": {"type": "int", "data": 28}, "Hcamera2end": {"type": "ndarray", "data": [[0.9999996661634559, 0.0006455068794834667, 0.0005009928595005175, -0.015182077825388041], [-0.00050134932401354, 0.0005521807675060719, 0.9999997218725891, 0.01642713684914399], [0.0006452300613286355, -0.9999996392085693, 0.0005525042076055531, 0.03252006045597865], [0.0, 0.0, 0.0, 1.0]]}, "Hobj2base": {"type": "ndarray", "data": [[0.9999997288997734, 0.0007164026332675361, -0.00017019884495194827, -0.735645981226127], [0.0007163464328192127, -0.9999996889618188, -0.0003300364432402881, 0.0909060075009988], [-0.00017043523099062068, 0.0003299144324318823, -0.9999999310541472, 0.008906139217175691], [0.0, 0.0, 0.0, 1.0]]}, "mean_rme": {"type": "float", "data": 0.0017515437857983515}, "max_rme": {"type": "float", "data": 0.006920517018679517}, "simu": {"type": "float", "data": 0.002}}, {"type": "dict", "image_number": {"type": "int", "data": 29}, "Hcamera2end": {"type": "ndarray", "data": [[0.9999997444551469, 0.0005687580119223761, 0.0004331327332847734, -0.015463429185848936], [-0.00043346128420128263, 0.0005776676537034842, 0.9999997392056647, 0.016525952344286034], [0.0005685076568237294, -0.999999671407149, 0.0005779140406616534, 0.03244516386935213], [0.0, 0.0, 0.0, 1.0]]}, "Hobj2base": {"type": "ndarray", "data": [[0.9999997713603743, 0.0006417180956682652, -0.00021325356923341493, -0.7356884021960827], [0.0006416325668350688, -0.9999997137961649, -0.00040089304931059113, 0.09058964275284057], [-0.00021351076852359584, 0.00040075612721554045, -0.9999998969038337, 0.008839703401325078], [0.0, 0.0, 0.0, 1.0]]}, "mean_rme": {"type": "float", "data": 0.0017819048868863386}, "max_rme": {"type": "float", "data": 0.006923015096949869}, "simu": {"type": "float", "data": 0.002}}, {"type": "dict", "image_number": {"type": "int", "data": 30}, "Hcamera2end": {"type": "ndarray", "data": [[0.9999997107089003, 0.0006508297828264546, 0.00039370383493929893, -0.015316941877553726], [-0.0003941149086211363, 0.0006316071955653202, 0.9999997228728562, 0.01639221129752437], [0.0006505809362887865, -0.9999995887463876, 0.0006318635145673435, 0.03276637217005369], [0.0, 0.0, 0.0, 1.0]]}, "Hobj2base": {"type": "ndarray", "data": [[0.9999997048770735, 0.0007204458371882167, -0.00026683995501016714, -0.7359805517048529], [0.0007203305901462849, -0.9999996473619996, -0.00043174033446416525, 0.09081383069533913], [-0.00026715090643897007, 0.0004315479940654272, -0.9999998711983522, 0.008841544570945433], [0.0, 0.0, 0.0, 1.0]]}, "mean_rme": {"type": "float", "data": 0.0018356488635391003}, "max_rme": {"type": "float", "data": 0.0068587255297981875}, "simu": {"type": "float", "data": 0.002}}]}