{"type": "list", "data": [{"type": "dict", "image_number": {"type": "int", "data": 5}, "Hcamera2end": {"type": "ndarray", "data": [[0.9999978974249248, 0.0018423566305726747, 0.0009004819682712371, -0.012779183240224597], [-0.0009033806375342808, 0.001573121863393423, 0.9999983545941594, 0.028668284170660363], [0.0018409370312764356, -0.9999970655005185, 0.001574782905094052, 0.03404012242467663], [0.0, 0.0, 0.0, 1.0]]}, "Hobj2base": {"type": "ndarray", "data": [[0.9999990411124086, 0.0013098826534887983, -0.000449423739323519, -0.7366134509078623], [0.0013091485309434793, -0.9999978147766388, -0.0016298994052433367, 0.09295840463157994], [-0.0004515577341901247, 0.0016293094799249154, -0.9999985707220944, -0.002494122549377131], [0.0, 0.0, 0.0, 1.0]]}, "mean_rme": {"type": "float", "data": 0.0016205396039291036}, "max_rme": {"type": "float", "data": 0.005550001318289824}, "simu": {"type": "float", "data": 0.002}}, {"type": "dict", "image_number": {"type": "int", "data": 6}, "Hcamera2end": {"type": "ndarray", "data": [[0.9999975569603589, 0.00161010565527516, 0.0015144745269523926, -0.015685192855396855], [-0.0015132392617881348, -0.0007681367207388323, 0.9999985600354208, 0.029104226955711878], [0.001611266660276823, -0.9999984087616126, -0.000765698369057155, 0.036226869194701854], [0.0, 0.0, 0.0, 1.0]]}, "Hobj2base": {"type": "ndarray", "data": [[0.9999978106219488, 0.0011927142317256958, 0.0017193557137858602, -0.7372200006689805], [0.0011936701091801304, -0.9999991335451826, -0.0005550320301013194, 0.09013370371090813], [0.0017186922294404538, 0.0005570831584489693, -0.9999983678763555, -0.002775714378726035], [0.0, 0.0, 0.0, 1.0]]}, "mean_rme": {"type": "float", "data": 0.0017805608642496712}, "max_rme": {"type": "float", "data": 0.005943761692501007}, "simu": {"type": "float", "data": 0.002}}, {"type": "dict", "image_number": {"type": "int", "data": 7}, "Hcamera2end": {"type": "ndarray", "data": [[0.9999986370343075, 0.0016510131109251803, 9.23228247962267e-06, -0.014335451750100764], [-8.112786424919658e-06, -0.0006780715319740782, 0.9999997700765637, 0.029237538298797005], [0.001651018991466497, -0.9999984071860841, -0.000678057213469252, 0.035268975235398535], [0.0, 0.0, 0.0, 1.0]]}, "Hobj2base": {"type": "ndarray", "data": [[0.9999982863764113, 0.001484605953457047, 0.0011059789345938024, -0.7362257573794257], [0.0014868013191404446, -0.9999969209650366, -0.0019868271903666045, 0.09031129151507734], [0.001103025873770685, 0.0019884681566315603, -0.9999974146608142, -0.002394013271775646], [0.0, 0.0, 0.0, 1.0]]}, "mean_rme": {"type": "float", "data": 0.0017773791248877349}, "max_rme": {"type": "float", "data": 0.0061276539057033425}, "simu": {"type": "float", "data": 0.002}}, {"type": "dict", "image_number": {"type": "int", "data": 8}, "Hcamera2end": {"type": "ndarray", "data": [[0.9999995588265361, 0.0009312886171223599, -0.00012267128733960722, -0.016215178968246223], [0.00012255510897939316, 0.00012480615514154358, 0.9999999847018345, 0.0291113686392458], [0.0009313039130070715, -0.9999995585623703, 0.00012469196590247922, 0.03500055143100504], [0.0, 0.0, 0.0, 1.0]]}, "Hobj2base": {"type": "ndarray", "data": [[0.9999995809199176, 0.000880260942068867, 0.00025159623045509726, -0.7369047064636355], [0.0008807388655638028, -0.9999977960927615, -0.0019058091904394256, 0.08856425494826131], [0.0002499180665669641, 0.001906029982331344, -0.9999981522936261, -0.00225626415511454], [0.0, 0.0, 0.0, 1.0]]}, "mean_rme": {"type": "float", "data": 0.0018281226888683289}, "max_rme": {"type": "float", "data": 0.005538600695301529}, "simu": {"type": "float", "data": 0.002}}, {"type": "dict", "image_number": {"type": "int", "data": 9}, "Hcamera2end": {"type": "ndarray", "data": [[0.9999994829453089, 0.0008207479425330362, 0.0006004014737136742, -0.016198547413588893], [-0.0006003199316081013, -9.95937173293715e-05, 0.9999998148485183, 0.02921167965236002], [0.000820807586784996, -0.9999996582268946, -9.910095448506517e-05, 0.03447387018501251], [0.0, 0.0, 0.0, 1.0]]}, "Hobj2base": {"type": "ndarray", "data": [[0.9999996208444853, 0.0008117330430093551, 0.00031527821447248914, -0.7363303517865941], [0.0008120872867384265, -0.9999990373397669, -0.0011250927864207597, 0.08909831884778346], [0.0003143646359755005, 0.001125348393265384, -0.9999993173827018, -0.0023915177345682987], [0.0, 0.0, 0.0, 1.0]]}, "mean_rme": {"type": "float", "data": 0.001694975309342066}, "max_rme": {"type": "float", "data": 0.005607010570515422}, "simu": {"type": "float", "data": 0.002}}, {"type": "dict", "image_number": {"type": "int", "data": 10}, "Hcamera2end": {"type": "ndarray", "data": [[0.9999996779310072, 0.0007831153095362841, 0.00017569374992058975, -0.01590146071655913], [-0.00017499777040450525, -0.0008887117854647908, 0.9999995897834872, 0.029169412980344808], [0.0007832711293956397, -0.9999992984606412, -0.0008885744558051467, 0.034510491845410024], [0.0, 0.0, 0.0, 1.0]]}, "Hobj2base": {"type": "ndarray", "data": [[0.9999990611078947, 0.0007903693463229459, 0.0011194193251269538, -0.7360289317561168], [0.0007918717613380159, -0.9999987855423942, -0.0013423311258441916, 0.0892984230605502], [0.0011183570282651573, 0.001343216302092759, -0.9999984725225954, -0.002898189348501362], [0.0, 0.0, 0.0, 1.0]]}, "mean_rme": {"type": "float", "data": 0.0016775083999814966}, "max_rme": {"type": "float", "data": 0.005489468876035561}, "simu": {"type": "float", "data": 0.002}}, {"type": "dict", "image_number": {"type": "int", "data": 11}, "Hcamera2end": {"type": "ndarray", "data": [[0.9999997777321258, 0.0005827303046924481, 0.0003239769913866811, -0.015450565686669013], [-0.0003234709884383292, -0.0008682160259383398, 0.9999995707836338, 0.02935019887525489], [0.0005830113365910215, -0.9999994533130125, -0.0008680273366141744, 0.03345181620665411], [0.0, 0.0, 0.0, 1.0]]}, "Hobj2base": {"type": "ndarray", "data": [[0.9999992418163625, 0.0005948453530461873, 0.0010782048535440474, -0.7350659050269065], [0.0005961427647221267, -0.999999098238151, -0.001203385511417577, 0.09007049458174123], [0.001077488052980655, 0.001204027363052701, -0.9999986946679504, -0.0029065658070886054], [0.0, 0.0, 0.0, 1.0]]}, "mean_rme": {"type": "float", "data": 0.0016819667585887493}, "max_rme": {"type": "float", "data": 0.005574985477441882}, "simu": {"type": "float", "data": 0.002}}, {"type": "dict", "image_number": {"type": "int", "data": 12}, "Hcamera2end": {"type": "ndarray", "data": [[0.9999998024637555, 0.0004959951874478671, 0.0003860844777131367, -0.015567332076227859], [-0.00038565307793332306, -0.0008695674713854462, 0.9999995475619559, 0.02915620338258542], [0.0004963306895438005, -0.9999994989204679, -0.000869376017543555, 0.033387324515072515], [0.0, 0.0, 0.0, 1.0]]}, "Hobj2base": {"type": "ndarray", "data": [[0.9999992911263536, 0.0005030169246248986, 0.0010792222959212553, -0.734962330892635], [0.0005042377783833951, -0.9999992329960705, -0.0011312610369483278, 0.09002950726011531], [0.0010786524247057595, 0.0011318044196800686, -0.9999987777631043, -0.003195170402279448], [0.0, 0.0, 0.0, 1.0]]}, "mean_rme": {"type": "float", "data": 0.001735979377732495}, "max_rme": {"type": "float", "data": 0.005535689629430865}, "simu": {"type": "float", "data": 0.002}}, {"type": "dict", "image_number": {"type": "int", "data": 13}, "Hcamera2end": {"type": "ndarray", "data": [[0.9999997413378926, 0.0006412134377544265, 0.0003258365774844894, -0.015260450816150264], [-0.00032544122110306895, -0.000616583098590695, 0.9999997569566174, 0.02912774960836282], [0.0006414141872383232, -0.9999996043352265, -0.0006163742618199297, 0.033357013526251166], [0.0, 0.0, 0.0, 1.0]]}, "Hobj2base": {"type": "ndarray", "data": [[0.9999994325861322, 0.0006363515195634432, 0.0008543325799280741, -0.7348600430637352], [0.0006372043200820677, -0.999999298677755, -0.0009983058911373186, 0.09028234748649575], [0.0008536967072948168, 0.0009988497090954286, -0.9999991367502226, -0.0030688010845619316], [0.0, 0.0, 0.0, 1.0]]}, "mean_rme": {"type": "float", "data": 0.0016431295344682716}, "max_rme": {"type": "float", "data": 0.005732835609944628}, "simu": {"type": "float", "data": 0.002}}, {"type": "dict", "image_number": {"type": "int", "data": 14}, "Hcamera2end": {"type": "ndarray", "data": [[0.9999999359211456, -0.0001574610610477642, 0.0003215022846680744, -0.01520371261349249], [-0.00032159746844497657, -0.0006048390757411592, 0.9999997653723527, 0.029159008695864408], [-0.00015726656695833855, -0.9999998046878342, -0.0006048896760622036, 0.03366915976217889], [0.0, 0.0, 0.0, 1.0]]}, "Hobj2base": {"type": "ndarray", "data": [[0.9999996206535998, -0.00014196653158473165, 0.000859382429620436, -0.7349566057031086], [-0.00014117140912380945, -0.9999995620234767, -0.0009252153737089265, 0.09019975687888891], [0.0008595134028486817, 0.0009250937025032393, -0.999999202718858, -0.0031746134558990535], [0.0, 0.0, 0.0, 1.0]]}, "mean_rme": {"type": "float", "data": 0.0017020598181978063}, "max_rme": {"type": "float", "data": 0.0058916384686069495}, "simu": {"type": "float", "data": 0.002}}, {"type": "dict", "image_number": {"type": "int", "data": 15}, "Hcamera2end": {"type": "ndarray", "data": [[0.9999999343972977, -8.542798809577513e-05, 0.0003520049133123039, -0.015391202109948992], [-0.0003520547053438954, -0.0005835403994640664, 0.9999997677690161, 0.029197068727953347], [-8.52225591690218e-05, -0.9999998260913151, -0.0005835704365073635, 0.034160108855324736], [0.0, 0.0, 0.0, 1.0]]}, "Hobj2base": {"type": "ndarray", "data": [[0.9999996377348789, -8.250371743347007e-05, 0.0008471854860222845, -0.7354110157279136], [-8.174534909304482e-05, -0.9999995960051018, -0.0008951577138009501, 0.0899190682664442], [0.0008472589976027475, 0.000895088136043231, -0.999999240484422, -0.0033144593395696012], [0.0, 0.0, 0.0, 1.0]]}, "mean_rme": {"type": "float", "data": 0.0017411528756404665}, "max_rme": {"type": "float", "data": 0.0059144911527228144}, "simu": {"type": "float", "data": 0.002}}, {"type": "dict", "image_number": {"type": "int", "data": 16}, "Hcamera2end": {"type": "ndarray", "data": [[0.9999999467129006, -4.618890106664156e-05, 0.00032317299000167215, -0.015585731363169483], [-0.00032319299953319626, -0.00043386189703631395, 0.9999998536550588, 0.029078713473255607], [-4.604868186061653e-05, -0.9999999048152152, -0.00043387680184658883, 0.034395639622010796], [0.0, 0.0, 0.0, 1.0]]}, "Hobj2base": {"type": "ndarray", "data": [[0.9999997532917417, -4.086509384612406e-05, 0.000701246390181149, -0.7358021294189472], [-4.030892841180321e-05, -0.9999996846792378, -0.0007931056773214316, 0.09000615081430219], [0.0007012785794015362, 0.0007930772151651704, -0.9999994396182854, -0.003327398097010846], [0.0, 0.0, 0.0, 1.0]]}, "mean_rme": {"type": "float", "data": 0.0017920638012367453}, "max_rme": {"type": "float", "data": 0.0057664151547105885}, "simu": {"type": "float", "data": 0.002}}, {"type": "dict", "image_number": {"type": "int", "data": 17}, "Hcamera2end": {"type": "ndarray", "data": [[0.9999999620280763, 3.582174474048057e-05, 0.00027324100813623503, -0.015559804046735883], [-0.00027322551004917356, -0.00043193802260166336, 0.9999998693886742, 0.029084509828911243], [3.593976324250302e-05, -0.9999999060731692, -0.0004319282187856821, 0.03422217981512928], [0.0, 0.0, 0.0, 1.0]]}, "Hobj2base": {"type": "ndarray", "data": [[0.999999783215944, 3.584243817362076e-05, 0.0006574826116677975, -0.7358184687893499], [3.6386699526419185e-05, -0.9999996567094311, -0.000827802529609883, 0.0897842613388711], [0.0006574527154992303, 0.0008278262737777275, -0.9999994412296376, -0.0032375662782119915], [0.0, 0.0, 0.0, 1.0]]}, "mean_rme": {"type": "float", "data": 0.0018213290280933406}, "max_rme": {"type": "float", "data": 0.005597236038663231}, "simu": {"type": "float", "data": 0.002}}, {"type": "dict", "image_number": {"type": "int", "data": 18}, "Hcamera2end": {"type": "ndarray", "data": [[0.9999998782124888, -0.00041927962278299113, 0.00026034516590217876, -0.015328677968046028], [-0.0002605455500436605, -0.0004779411425297475, 0.9999998518441293, 0.029128653799663895], [-0.00041915513099821016, -0.9999997978884108, -0.0004780503257624247, 0.03423358939384392], [0.0, 0.0, 0.0, 1.0]]}, "Hobj2base": {"type": "ndarray", "data": [[0.9999996775102861, -0.00041499478002781287, 0.0006875744733860698, -0.7358245815330414], [-0.00041442945081995744, -0.9999995761615683, -0.0008221465284623398, 0.09007561831951023], [0.000687915368483313, 0.0008218613122171379, -0.9999994256580498, -0.0032414710413185433], [0.0, 0.0, 0.0, 1.0]]}, "mean_rme": {"type": "float", "data": 0.001786676078301135}, "max_rme": {"type": "float", "data": 0.005566696780288052}, "simu": {"type": "float", "data": 0.002}}, {"type": "dict", "image_number": {"type": "int", "data": 19}, "Hcamera2end": {"type": "ndarray", "data": [[0.9999998841721851, -0.00042035627932548216, 0.00023442741883828916, -0.015266716389386016], [-0.00023463705048109407, -0.0004987199724417746, 0.9999998481119103, 0.029113313564565035], [-0.00042023930184250725, -0.9999997872894713, -0.000498818545833668, 0.03427841229913533], [0.0, 0.0, 0.0, 1.0]]}, "Hobj2base": {"type": "ndarray", "data": [[0.9999996707686527, -0.00041468537544163593, 0.0006974945344816292, -0.7358987610435948], [-0.0004141173776139992, -0.9999995827211898, -0.0008142875686628903, 0.0900612267236393], [0.0006978319165780679, 0.0008139984559663773, -0.9999994252184001, -0.003255022773144267], [0.0, 0.0, 0.0, 1.0]]}, "mean_rme": {"type": "float", "data": 0.0017527558559829826}, "max_rme": {"type": "float", "data": 0.005514690369839495}, "simu": {"type": "float", "data": 0.002}}, {"type": "dict", "image_number": {"type": "int", "data": 20}, "Hcamera2end": {"type": "ndarray", "data": [[0.9999996126579647, -0.0008483788554613848, 0.00023438694147329353, -0.015284387169013456], [-0.00023482832596317162, -0.0005202059256110836, 0.9999998371207126, 0.029150688803715807], [-0.0008482567878022014, -0.9999995048194334, -0.0005204049474998307, 0.03435294221036191], [0.0, 0.0, 0.0, 1.0]]}, "Hobj2base": {"type": "ndarray", "data": [[0.9999993971536061, -0.0008363931263218557, 0.0007114344401368756, -0.73584773039747], [-0.0008358530887457992, -0.999999362602511, -0.0007590416231387027, 0.09007518798217846], [0.0007120688438665353, 0.0007584465108789689, -0.9999994588582795, -0.0032883597900908806], [0.0, 0.0, 0.0, 1.0]]}, "mean_rme": {"type": "float", "data": 0.001707425541104139}, "max_rme": {"type": "float", "data": 0.00561168726845894}, "simu": {"type": "float", "data": 0.002}}, {"type": "dict", "image_number": {"type": "int", "data": 21}, "Hcamera2end": {"type": "ndarray", "data": [[0.9999996134530835, -0.0008449196769425107, 0.00024331959054456857, -0.015207284265791552], [-0.00024359644638105381, -0.00032758374225383413, 0.9999999166748282, 0.02926715926126527], [-0.0008448398989973991, -0.9999995893997314, -0.0003277894350581789, 0.034229836387682344], [0.0, 0.0, 0.0, 1.0]]}, "Hobj2base": {"type": "ndarray", "data": [[0.9999994870936736, -0.0008534353323222039, 0.0005453994163381697, -0.7357911487251387], [-0.000853086095332273, -0.9999994311652645, -0.0006402446886889838, 0.09014790577120851], [0.0005459455135346958, 0.0006397790876449521, -0.9999996463130452, -0.003209001294497484], [0.0, 0.0, 0.0, 1.0]]}, "mean_rme": {"type": "float", "data": 0.0016774726868749883}, "max_rme": {"type": "float", "data": 0.005702029324644628}, "simu": {"type": "float", "data": 0.002}}, {"type": "dict", "image_number": {"type": "int", "data": 22}, "Hcamera2end": {"type": "ndarray", "data": [[0.9999999919324917, -4.642326543601134e-05, 0.00011823661423034222, -0.014583583705692372], [-0.00011824352558850826, -0.00014890252772792323, 0.999999981923253, 0.029302147257230442], [-4.640565886610084e-05, -0.9999999878364589, -0.00014890801577727153, 0.033833007422382794], [0.0, 0.0, 0.0, 1.0]]}, "Hobj2base": {"type": "ndarray", "data": [[0.9999999397175373, -5.659141765862133e-05, 0.00034258186360104057, -0.7352771285860712], [-5.636922314624776e-05, -0.9999997880942557, -0.0006485629918267794, 0.09030471905149197], [0.0003426184941051242, 0.0006485436416562899, -0.99999973100182, -0.0031314705432204885], [0.0, 0.0, 0.0, 1.0]]}, "mean_rme": {"type": "float", "data": 0.0017105901025662622}, "max_rme": {"type": "float", "data": 0.006006457864959305}, "simu": {"type": "float", "data": 0.002}}, {"type": "dict", "image_number": {"type": "int", "data": 23}, "Hcamera2end": {"type": "ndarray", "data": [[0.9999999883954204, -0.0001101344874746468, 0.00010525945983579274, -0.014597758958619521], [-0.00010528901356972012, -0.0002683708505697435, 0.9999999584456543, 0.02930970822894345], [-0.0001101062343273136, -0.9999999579237397, -0.0002683824434068782, 0.033855762090288476], [0.0, 0.0, 0.0, 1.0]]}, "Hobj2base": {"type": "ndarray", "data": [[0.9999998829052298, -0.0001346196327624091, 0.00046483016378753796, -0.7352220987847524], [-0.0001343363583598976, -0.999999805297366, -0.0006093922982350248, 0.0903214887321461], [0.0004649121094512773, 0.0006093297832869147, -0.9999997062869299, -0.0032374720262104296], [0.0, 0.0, 0.0, 1.0]]}, "mean_rme": {"type": "float", "data": 0.001679608085056923}, "max_rme": {"type": "float", "data": 0.006015779927053197}, "simu": {"type": "float", "data": 0.002}}, {"type": "dict", "image_number": {"type": "int", "data": 24}, "Hcamera2end": {"type": "ndarray", "data": [[0.9999999839576845, -0.00017753668785452182, 2.3777196988211143e-05, -0.014596426465883754], [-2.3815298160766342e-05, -0.00021461110528853133, 0.9999999766874522, 0.029303709312335523], [-0.00017753158086516302, -0.9999999612113982, -0.0002146153299349418, 0.03380253858410262], [0.0, 0.0, 0.0, 1.0]]}, "Hobj2base": {"type": "ndarray", "data": [[0.9999999009130577, -0.00017342929533562795, 0.0004099953101712905, -0.7352662704570254], [-0.0001732101214624428, -0.9999998421263987, -0.0005345516173037466, 0.09032867928370802], [0.0004100879523541638, 0.0005344805489991876, -0.9999997730791812, -0.0031928745096324387], [0.0, 0.0, 0.0, 1.0]]}, "mean_rme": {"type": "float", "data": 0.0016434024844285422}, "max_rme": {"type": "float", "data": 0.005944917239366618}, "simu": {"type": "float", "data": 0.002}}, {"type": "dict", "image_number": {"type": "int", "data": 25}, "Hcamera2end": {"type": "ndarray", "data": [[0.9999998149815217, 0.0006068219306866176, -4.2474308935279567e-05, -0.014547895503505806], [4.2528102099786426e-05, -8.863473542075617e-05, 0.9999999951676221, 0.028381221761160532], [0.0006068181630550901, -0.9999998119554964, -8.866052600686736e-05, 0.03375549280231807], [0.0, 0.0, 0.0, 1.0]]}, "Hobj2base": {"type": "ndarray", "data": [[0.9999997528345348, 0.000619992173580786, 0.0003315728788144909, -0.7354303354907242], [0.0006201197708750133, -0.9999997336670805, -0.0003848600247942546, 0.09021123707302618], [0.00033133418030242135, 0.0003850655445677864, -0.9999998709710858, -0.0021788217137197296], [0.0, 0.0, 0.0, 1.0]]}, "mean_rme": {"type": "float", "data": 0.0016213545323447787}, "max_rme": {"type": "float", "data": 0.005462470645927822}, "simu": {"type": "float", "data": 0.002}}, {"type": "dict", "image_number": {"type": "int", "data": 26}, "Hcamera2end": {"type": "ndarray", "data": [[0.9999999207241899, 0.00039261058089421115, -6.639688120489926e-05, -0.014338939587593792], [6.644228858717808e-05, -0.00011564310223088903, 0.9999999911060476, 0.028454394928535236], [0.0003926028990610303, -0.9999999162417988, -0.00011566917900873719, 0.03365753883349433], [0.0, 0.0, 0.0, 1.0]]}, "Hobj2base": {"type": "ndarray", "data": [[0.9999998510205748, 0.00041180228848973515, 0.0003582983442170914, -0.7353738177436312], [0.00041194279104696875, -0.999999838259545, -0.0003921530578934708, 0.09046775869977447], [0.00035813679673907543, 0.00039230059789067793, -0.9999998589191279, -0.0021286020691256313], [0.0, 0.0, 0.0, 1.0]]}, "mean_rme": {"type": "float", "data": 0.0016553663526799002}, "max_rme": {"type": "float", "data": 0.005463181576925602}, "simu": {"type": "float", "data": 0.002}}, {"type": "dict", "image_number": {"type": "int", "data": 27}, "Hcamera2end": {"type": "ndarray", "data": [[0.9999999364063078, 0.00034875421617525814, -7.455117003895534e-05, -0.014282938692706885], [7.459102300439287e-05, -0.00011426074329001779, 0.9999999906903309, 0.02848127495363681], [0.00034874569465637, -0.9999999326574874, -0.00011428674995750399, 0.033633092895567776], [0.0, 0.0, 0.0, 1.0]]}, "Hobj2base": {"type": "ndarray", "data": [[0.9999998702149259, 0.00036499725626186615, 0.0003554534208752111, -0.7354159208875909], [0.00036513771709108266, -0.9999998552556115, -0.0003951749029440647, 0.09051297452023917], [0.00035530913167000486, 0.00039530464110689123, -0.9999998587448211, -0.0021190110873095793], [0.0, 0.0, 0.0, 1.0]]}, "mean_rme": {"type": "float", "data": 0.0016340243249496678}, "max_rme": {"type": "float", "data": 0.0054998343148428}, "simu": {"type": "float", "data": 0.002}}, {"type": "dict", "image_number": {"type": "int", "data": 28}, "Hcamera2end": {"type": "ndarray", "data": [[0.9999998972635121, 0.00043882754545160384, -0.00011359291593362022, -0.01425288253588685], [0.00011364580033172017, -0.00012048988534374416, 0.9999999862834098, 0.02852467974421352], [0.0004388138526349695, -0.9999998964562812, -0.00012053974387260524, 0.0334699206268164], [0.0, 0.0, 0.0, 1.0]]}, "Hobj2base": {"type": "ndarray", "data": [[0.9999998401703905, 0.0004544479376235747, 0.00033635734786914903, -0.735296166589511], [0.00045459286847609445, -0.9999998038211875, -0.00043093260514150117, 0.0903743037546836], [0.0003361614454493027, 0.00043108544191731204, -0.9999998505804009, -0.0021108631904247677], [0.0, 0.0, 0.0, 1.0]]}, "mean_rme": {"type": "float", "data": 0.001624119158241351}, "max_rme": {"type": "float", "data": 0.005551368680370539}, "simu": {"type": "float", "data": 0.002}}, {"type": "dict", "image_number": {"type": "int", "data": 29}, "Hcamera2end": {"type": "ndarray", "data": [[0.9999997553079241, 0.000687915983677505, -0.00012710504073493124, -0.014169156229029783], [0.0001271415618168954, -5.3045980106691815e-05, 0.9999999905105735, 0.028527215010274727], [0.0006879092347381146, -0.9999997619788333, -5.313342983948033e-05, 0.03361176706033213], [0.0, 0.0, 0.0, 1.0]]}, "Hobj2base": {"type": "ndarray", "data": [[0.9999997190156696, 0.0006938127017003249, 0.0002838882115155296, -0.735413548545794], [0.0006939274274471013, -0.9999996775336943, -0.0004042242354798063, 0.09049007743566526], [0.0002836076640622359, 0.00040442111971542976, -0.9999998780051178, -0.002042777310212958], [0.0, 0.0, 0.0, 1.0]]}, "mean_rme": {"type": "float", "data": 0.001619555213834263}, "max_rme": {"type": "float", "data": 0.005605810634349728}, "simu": {"type": "float", "data": 0.002}}, {"type": "dict", "image_number": {"type": "int", "data": 30}, "Hcamera2end": {"type": "ndarray", "data": [[0.9999999033557369, 0.00042994684249728467, -9.183806171541629e-05, -0.014274793530958894], [9.183080777265835e-05, 1.689143082062028e-05, 0.999999995640891, 0.028546833537567613], [0.0004299483918993657, -0.9999999074301916, 1.6851946822216135e-05, 0.03337442261719766], [0.0, 0.0, 0.0, 1.0]]}, "Hobj2base": {"type": "ndarray", "data": [[0.9999998769234655, 0.00043748123972469233, 0.0002340154244417531, -0.7352814108549827], [0.0004375596305536154, -0.9999998481464754, -0.0003350352176811371, 0.09036383719010667], [0.00023386881728330338, 0.0003351375721488261, -0.9999999164940891, -0.0020623941655572168], [0.0, 0.0, 0.0, 1.0]]}, "mean_rme": {"type": "float", "data": 0.0016050833551530263}, "max_rme": {"type": "float", "data": 0.005589775182211931}, "simu": {"type": "float", "data": 0.002}}]}