{"type": "list", "data": [{"type": "dict", "image_number": {"type": "int", "data": 5}, "Hcamera2end": {"type": "ndarray", "data": [[0.9999935071890566, 0.0027709210309078964, -0.002303817781608028, -0.0160145268932341], [0.002304334277930186, -0.0001832206596019681, 0.9999973282332937, 0.025575251845455508], [0.0027704915206397916, -0.9999961442059817, -0.00018960459829786558, 0.027760655915679697], [0.0, 0.0, 0.0, 1.0]]}, "Hobj2base": {"type": "ndarray", "data": [[0.999996317518177, 0.0026918394522785984, -0.00034489193746774054, -0.7299690545388882], [0.002691460802283501, -0.9999957799421249, -0.0010936803425120353, 0.08778199521795263], [-0.0003478344938979592, 0.0010927480519233356, -0.9999993424562139, -0.0020973054940366387], [0.0, 0.0, 0.0, 1.0]]}, "mean_rme": {"type": "float", "data": 0.0016045690014628818}, "max_rme": {"type": "float", "data": 0.005051147751543056}, "simu": {"type": "float", "data": 0.002}}, {"type": "dict", "image_number": {"type": "int", "data": 6}, "Hcamera2end": {"type": "ndarray", "data": [[0.9999938035118421, 0.0031137056498964583, -0.0016424905007662305, -0.012291312891967464], [0.0016424191407148632, 2.5474920930079747e-05, 0.9999986509042872, 0.02537056553346854], [0.003113743291525151, -0.9999951520823259, 2.0360753317127944e-05, 0.030418062409403444], [0.0, 0.0, 0.0, 1.0]]}, "Hobj2base": {"type": "ndarray", "data": [[0.9999955751824164, 0.0029053643535857047, -0.0006391193637507511, -0.7332032859687424], [0.002905111836165506, -0.9999957018735044, -0.00039567630237778093, 0.09144336891391257], [-0.0006402662005593671, 0.0003938178383539659, -0.9999997174833111, -0.0015270815978606078], [0.0, 0.0, 0.0, 1.0]]}, "mean_rme": {"type": "float", "data": 0.0016535585773068948}, "max_rme": {"type": "float", "data": 0.004729325228240516}, "simu": {"type": "float", "data": 0.002}}, {"type": "dict", "image_number": {"type": "int", "data": 7}, "Hcamera2end": {"type": "ndarray", "data": [[0.9999935244197753, 0.0033538903308180288, -0.0013048134599124707, -0.012124958718347713], [0.0013040614180158936, 0.0002264067890628274, 0.9999991240815085, 0.025527688856676292], [0.003354182811709254, -0.9999943500638466, 0.00022203164396683572, 0.029926558814608605], [0.0, 0.0, 0.0, 1.0]]}, "Hobj2base": {"type": "ndarray", "data": [[0.9999947031917185, 0.0031501571024340454, -0.0008185955881401238, -0.7329540826278585], [0.0031499793088871474, -0.9999950149552235, -0.00021839197739350404, 0.09189450631648909], [-0.0008192794764431639, 0.00021581226144808184, -0.9999996411030392, -0.0013001985062531332], [0.0, 0.0, 0.0, 1.0]]}, "mean_rme": {"type": "float", "data": 0.0016463752282980778}, "max_rme": {"type": "float", "data": 0.0049353745029504514}, "simu": {"type": "float", "data": 0.002}}, {"type": "dict", "image_number": {"type": "int", "data": 8}, "Hcamera2end": {"type": "ndarray", "data": [[0.9999939048578257, 0.003187980453465504, -0.0014237372742573425, -0.013172251130042167], [0.001422331027115153, 0.00044333283400588286, 0.999998890214608, 0.02539061331945051], [0.0031886081049720427, -0.9999948201048976, 0.0004387957683164023, 0.03093987603115361], [0.0, 0.0, 0.0, 1.0]]}, "Hobj2base": {"type": "ndarray", "data": [[0.9999948231955487, 0.0030594057493172895, -0.0009968041755256157, -0.734041363362493], [0.0030590729402651087, -0.9999952648356452, -0.00033522982121238513, 0.09073470303061398], [-0.0009978250595363753, 0.00033217878911306084, -0.999999447001048, -0.0011599407221024177], [0.0, 0.0, 0.0, 1.0]]}, "mean_rme": {"type": "float", "data": 0.001613154062343493}, "max_rme": {"type": "float", "data": 0.004835954468238313}, "simu": {"type": "float", "data": 0.002}}, {"type": "dict", "image_number": {"type": "int", "data": 9}, "Hcamera2end": {"type": "ndarray", "data": [[0.9999947501220645, 0.0030441708299451665, -0.0011102937755066485, -0.012035673344894584], [0.001109182190432626, 0.0003668159643731572, 0.9999993175802255, 0.025490020248568473], [0.0030445760260247954, -0.9999952992239545, 0.00036343749856493357, 0.030933262467752187], [0.0, 0.0, 0.0, 1.0]]}, "Hobj2base": {"type": "ndarray", "data": [[0.9999954913437116, 0.0029106544909655893, -0.0007385002932605404, -0.7332326527133832], [0.0029105614618676373, -0.9999957562407353, -0.00012701376435942575, 0.09177358078418135], [-0.0007388668524267261, 0.00012486374120487627, -0.9999997192423709, -0.0012038901146443843], [0.0, 0.0, 0.0, 1.0]]}, "mean_rme": {"type": "float", "data": 0.0016819806417476047}, "max_rme": {"type": "float", "data": 0.004521801337236758}, "simu": {"type": "float", "data": 0.002}}, {"type": "dict", "image_number": {"type": "int", "data": 10}, "Hcamera2end": {"type": "ndarray", "data": [[0.9999953555054399, 0.002837890907349863, -0.001111459736883404, -0.01182161814937159], [0.0011107938744447203, 0.00023619823240350613, 0.9999993551734737, 0.02541424594319795], [0.002838151602227767, -0.999995945284576, 0.00023304482354591372, 0.030757415416454326], [0.0, 0.0, 0.0, 1.0]]}, "Hobj2base": {"type": "ndarray", "data": [[0.9999960391224333, 0.002712284842392397, -0.0007518313498943319, -0.7330127023288275], [0.0027120825556656084, -0.9999962858613245, -0.0002699477106670341, 0.09156689336029478], [-0.000752560732572319, 0.0002679076127483518, -0.999999680938876, -0.0012649295289599905], [0.0, 0.0, 0.0, 1.0]]}, "mean_rme": {"type": "float", "data": 0.0016779250704288561}, "max_rme": {"type": "float", "data": 0.004029094861475208}, "simu": {"type": "float", "data": 0.002}}, {"type": "dict", "image_number": {"type": "int", "data": 11}, "Hcamera2end": {"type": "ndarray", "data": [[0.9999934798300636, 0.0034149019793869133, -0.0011741983781917815, -0.01308525132180835], [0.0011733067758988493, 0.00026308327250446073, 0.9999992770689394, 0.025297029699752328], [0.003415208422600108, -0.9999941345986301, 0.0002590748295253631, 0.030864254973467044], [0.0, 0.0, 0.0, 1.0]]}, "Hobj2base": {"type": "ndarray", "data": [[0.9999943521374555, 0.003274917986354325, -0.0007553842555017399, -0.7330552622974355], [0.0032746558377595818, -0.9999945777422372, -0.00034801619097387586, 0.09016135631864244], [-0.0007565198840969594, 0.0003455406019642355, -0.999999654139619, -0.001151932128927386], [0.0, 0.0, 0.0, 1.0]]}, "mean_rme": {"type": "float", "data": 0.0017378149595111492}, "max_rme": {"type": "float", "data": 0.004130756317826445}, "simu": {"type": "float", "data": 0.002}}, {"type": "dict", "image_number": {"type": "int", "data": 12}, "Hcamera2end": {"type": "ndarray", "data": [[0.9999943183869965, 0.0032370347032664526, -0.0009406381111763912, -0.012829827331145703], [0.0009407007099553801, -1.7815819099320507e-05, 0.9999995573822873, 0.02539589010641769], [0.00323701651225913, -0.9999947606307376, -2.0860798720212514e-05, 0.031057304046537906], [0.0, 0.0, 0.0, 1.0]]}, "Hobj2base": {"type": "ndarray", "data": [[0.9999951034837223, 0.0031047471965344694, -0.0003918589350421988, -0.7328600271232742], [0.0031046193405961666, -0.9999951273667755, -0.0003264681538634546, 0.09052792168733505], [-0.00039287062674279815, 0.00032524998247830764, -0.999999869932551, -0.001275958791955259], [0.0, 0.0, 0.0, 1.0]]}, "mean_rme": {"type": "float", "data": 0.0016724403697606677}, "max_rme": {"type": "float", "data": 0.004176734355966966}, "simu": {"type": "float", "data": 0.002}}, {"type": "dict", "image_number": {"type": "int", "data": 13}, "Hcamera2end": {"type": "ndarray", "data": [[0.9999938259099242, 0.0034287028312065563, -0.0007695056383674448, -0.013559774350119428], [0.000769416027635809, 2.7454438610630127e-05, 0.9999997036225713, 0.025426441267811677], [0.0034287229413617355, -0.9999941216042968, 2.4816170192121234e-05, 0.03110259418347399], [0.0, 0.0, 0.0, 1.0]]}, "Hobj2base": {"type": "ndarray", "data": [[0.9999944886979113, 0.003302810807599134, -0.0003376604392514611, -0.7333319424153948], [0.0033027386257666793, -0.9999945230233, -0.00021410504904070726, 0.09000305016039446], [-0.00033836573836303605, 0.00021298866486799413, -0.9999999200722245, -0.001385590785347292], [0.0, 0.0, 0.0, 1.0]]}, "mean_rme": {"type": "float", "data": 0.0016310054845286438}, "max_rme": {"type": "float", "data": 0.004250390811883331}, "simu": {"type": "float", "data": 0.002}}, {"type": "dict", "image_number": {"type": "int", "data": 14}, "Hcamera2end": {"type": "ndarray", "data": [[0.9999937340527507, 0.003502065684870738, -0.0005170988061079229, -0.013751649133536839], [0.0005172539626665334, -4.339871051350919e-05, 0.999999865282436, 0.02558671584613651], [0.0035020427716595864, -0.9999938668074375, -4.520989593248537e-05, 0.03127808918919309], [0.0, 0.0, 0.0, 1.0]]}, "Hobj2base": {"type": "ndarray", "data": [[0.9999943723552411, 0.0033495590321223232, -0.00018897655305788209, -0.7335032224520672], [0.0033495573070546035, -0.9999943901725918, -9.444231306656176e-06, 0.08999654231080367], [-0.00018900712694230984, 8.811190363720341e-06, -0.9999999820993346, -0.0013688427803077322], [0.0, 0.0, 0.0, 1.0]]}, "mean_rme": {"type": "float", "data": 0.0015864910655683806}, "max_rme": {"type": "float", "data": 0.004325330137441741}, "simu": {"type": "float", "data": 0.002}}, {"type": "dict", "image_number": {"type": "int", "data": 15}, "Hcamera2end": {"type": "ndarray", "data": [[0.9999961760399428, 0.0026512242490626574, -0.0007867118105933118, -0.01409449420936397], [0.0007865399839854703, 6.585231401157188e-05, 0.9999996885091149, 0.025397257198609885], [0.0026512752300236566, -0.9999964833305437, 6.376676831654216e-05, 0.03137497048334559], [0.0, 0.0, 0.0, 1.0]]}, "Hobj2base": {"type": "ndarray", "data": [[0.9999967291345476, 0.0025363478951403143, -0.00032963549705093876, -0.7333090813876864], [0.00253625909052455, -0.9999967473632203, -0.00026954184348051497, 0.08970474128712375], [-0.0003303180767537612, 0.00026870492081945615, -0.9999999093438128, -0.0015623884411997432], [0.0, 0.0, 0.0, 1.0]]}, "mean_rme": {"type": "float", "data": 0.0017477472915831086}, "max_rme": {"type": "float", "data": 0.0052058276272104465}, "simu": {"type": "float", "data": 0.002}}, {"type": "dict", "image_number": {"type": "int", "data": 16}, "Hcamera2end": {"type": "ndarray", "data": [[0.999994751093596, 0.0031746466936636766, -0.0006476137948004859, -0.014175870370831537], [0.0006467082713525231, 0.00028625421576988774, 0.9999997499134365, 0.025404349505245404], [0.0031748312819061472, -0.9999949198255431, 0.00028419964297288214, 0.03119085296683985], [0.0, 0.0, 0.0, 1.0]]}, "Hobj2base": {"type": "ndarray", "data": [[0.9999954399841071, 0.0030197326103544556, -3.5013626039502294e-05, -0.7333592840340654], [0.0030197263232226725, -0.9999954247301734, -0.00017824604359877044, 0.08955824228306339], [-3.5551721233237445e-05, 0.00017813949922575585, -0.9999999835011963, -0.0015692192190599127], [0.0, 0.0, 0.0, 1.0]]}, "mean_rme": {"type": "float", "data": 0.0016785175001500156}, "max_rme": {"type": "float", "data": 0.005313814824801422}, "simu": {"type": "float", "data": 0.002}}, {"type": "dict", "image_number": {"type": "int", "data": 17}, "Hcamera2end": {"type": "ndarray", "data": [[0.9999960242394419, 0.002762565057581504, -0.0005654552256365989, -0.014423928505324791], [0.0005647651777849283, 0.00025055891175806977, 0.9999998091302447, 0.02547487824450393], [0.0027627062101373704, -0.9999961527198664, 0.00024899771504993673, 0.03127348088623425], [0.0, 0.0, 0.0, 1.0]]}, "Hobj2base": {"type": "ndarray", "data": [[0.9999964772618427, 0.002654133567605013, 3.2232129763136054e-05, -0.7335273205145627], [0.002654137660727766, -0.9999964696273433, -0.00012761711202030106, 0.08951012906090358], [3.189330311089259e-05, 0.0001277022109681208, -0.9999999913374811, -0.0016687194399201933], [0.0, 0.0, 0.0, 1.0]]}, "mean_rme": {"type": "float", "data": 0.0016269303889418164}, "max_rme": {"type": "float", "data": 0.0053043408566293415}, "simu": {"type": "float", "data": 0.002}}, {"type": "dict", "image_number": {"type": "int", "data": 18}, "Hcamera2end": {"type": "ndarray", "data": [[0.9999963654959819, 0.0026551926206895846, -0.00046791769950247633, -0.014551499345482059], [0.00046742418080650554, 0.00018648677091326338, 0.9999998733686517, 0.025382827304852886], [0.0026552795449197963, -0.9999964575811413, 0.00018524499189076504, 0.0314284252101701], [0.0, 0.0, 0.0, 1.0]]}, "Hobj2base": {"type": "ndarray", "data": [[0.9999967558270054, 0.002546692684437764, 5.1882902404979886e-05, -0.7336173572511353], [0.0025466931166873282, -0.999996757137656, -8.266891747869044e-06, 0.08942158962781477], [5.186168092313203e-05, 8.398994759070608e-06, -0.9999999986199115, -0.0016212770125155485], [0.0, 0.0, 0.0, 1.0]]}, "mean_rme": {"type": "float", "data": 0.001569781355800029}, "max_rme": {"type": "float", "data": 0.005262786684319676}, "simu": {"type": "float", "data": 0.002}}, {"type": "dict", "image_number": {"type": "int", "data": 19}, "Hcamera2end": {"type": "ndarray", "data": [[0.9999952426202944, 0.0030548706587632682, -0.0004272025710776485, -0.01507693049106552], [0.0004271095045108853, 3.1117296591332e-05, 0.9999999083045882, 0.025394574183753404], [0.003054883672034754, -0.9999953333875974, 2.9812384261140856e-05, 0.03149058603750945], [0.0, 0.0, 0.0, 1.0]]}, "Hobj2base": {"type": "ndarray", "data": [[0.9999956787409788, 0.0029313991237510484, 0.00022225783736182017, -0.7338331924305442], [0.0029314091365067545, -0.9999957024102673, -4.473780734107119e-05, 0.0888875854312861], [0.00022212573781958203, 4.53891426725203e-05, -0.9999999742999912, -0.0017332616004717052], [0.0, 0.0, 0.0, 1.0]]}, "mean_rme": {"type": "float", "data": 0.0015732183541253334}, "max_rme": {"type": "float", "data": 0.005200956234099774}, "simu": {"type": "float", "data": 0.002}}, {"type": "dict", "image_number": {"type": "int", "data": 20}, "Hcamera2end": {"type": "ndarray", "data": [[0.9999956609915691, 0.002911213217152881, -0.0004503727779624324, -0.015411702513056475], [0.0004504841922291635, -3.761511813094032e-05, 0.9999998978245426, 0.025498733287179498], [0.002911195978873093, -0.999995761702372, -3.892641045322165e-05, 0.031676280743174544], [0.0, 0.0, 0.0, 1.0]]}, "Hobj2base": {"type": "ndarray", "data": [[0.99999605286973, 0.00279598954653468, 0.00027692492817940937, -0.734106572527332], [0.002796015110174667, -0.9999960869129985, -9.19684429583517e-05, 0.08866440625132543], [0.0002766667017429499, 9.274236623050027e-05, -0.999999957427194, -0.001771536006355126], [0.0, 0.0, 0.0, 1.0]]}, "mean_rme": {"type": "float", "data": 0.0015719748857042188}, "max_rme": {"type": "float", "data": 0.005277471137010492}, "simu": {"type": "float", "data": 0.002}}, {"type": "dict", "image_number": {"type": "int", "data": 21}, "Hcamera2end": {"type": "ndarray", "data": [[0.9999945820496502, 0.0032642486729121223, -0.00042491404629879984, -0.015396411146312855], [0.00042477929000588706, 4.197566735897329e-05, 0.999999908900295, 0.025453655284368628], [0.0032642662115906947, -0.9999946714451257, 4.058885470326068e-05, 0.03152767352865178], [0.0, 0.0, 0.0, 1.0]]}, "Hobj2base": {"type": "ndarray", "data": [[0.9999949064415569, 0.0031666319061928747, 0.00039941621486564116, -0.73422208489326], [0.0031666867615604173, -0.9999949766802989, -0.00013678129695065324, 0.08852797100439647], [0.00039898107245120554, 0.0001380454262870909, -0.9999999108787783, -0.0018108048305485232], [0.0, 0.0, 0.0, 1.0]]}, "mean_rme": {"type": "float", "data": 0.0015856336562893657}, "max_rme": {"type": "float", "data": 0.005269377971634348}, "simu": {"type": "float", "data": 0.002}}, {"type": "dict", "image_number": {"type": "int", "data": 22}, "Hcamera2end": {"type": "ndarray", "data": [[0.9999947575012453, 0.0032006007541634804, -0.000491044639560086, -0.0153810477346546], [0.0004910511719426853, -1.2551552801554067e-06, 0.9999998794335783, 0.025524508319076544], [0.003200599751941228, -0.9999948780635013, -2.826807451450364e-06, 0.03134499621210713], [0.0, 0.0, 0.0, 1.0]]}, "Hobj2base": {"type": "ndarray", "data": [[0.9999950646075904, 0.0031122268158216646, 0.0004298891811655438, -0.734030016942135], [0.0031123176332095446, -0.9999951345197533, -0.00021075049366617855, 0.08843824477601986], [0.00042923118621038904, 0.00021208740520865931, -0.999999885389754, -0.001749625283471178], [0.0, 0.0, 0.0, 1.0]]}, "mean_rme": {"type": "float", "data": 0.0016091031930046444}, "max_rme": {"type": "float", "data": 0.005370870000510508}, "simu": {"type": "float", "data": 0.002}}, {"type": "dict", "image_number": {"type": "int", "data": 23}, "Hcamera2end": {"type": "ndarray", "data": [[0.9999979510486723, 0.001964324029721151, -0.0004892132086776012, -0.015157470341638873], [0.0004893399948668605, -6.406434447181475e-05, 0.9999998782210571, 0.023217761966966247], [0.001964292449384326, -0.9999980686615679, -6.502543551767381e-05, 0.031448745837388395], [0.0, 0.0, 0.0, 1.0]]}, "Hobj2base": {"type": "ndarray", "data": [[0.9999981596770822, 0.0018761645036803071, 0.0004008106835700231, -0.7339051453577055], [0.0018762444824560551, -0.9999982199995043, -0.00019925979283484777, 0.08858346876520447], [0.0004004361259764802, 0.0002000114449660421, -0.9999998998231603, 0.0005995814905763224], [0.0, 0.0, 0.0, 1.0]]}, "mean_rme": {"type": "float", "data": 0.0016432300403054084}, "max_rme": {"type": "float", "data": 0.005398192614344155}, "simu": {"type": "float", "data": 0.002}}, {"type": "dict", "image_number": {"type": "int", "data": 24}, "Hcamera2end": {"type": "ndarray", "data": [[0.9999981897230249, 0.0018400428669699638, -0.0004845543527964816, -0.015266591415789713], [0.0004847005245819212, -7.899423267532235e-05, 0.9999998794126491, 0.02323734403976006], [0.0018400043680847802, -0.9999983039996413, -7.988595941665899e-05, 0.031743257765296254], [0.0, 0.0, 0.0, 1.0]]}, "Hobj2base": {"type": "ndarray", "data": [[0.9999983699884539, 0.001760751463902685, 0.00039971829789990274, -0.7340040265793487], [0.0017608340573740146, -0.9999984284358985, -0.00020637140133600865, 0.08830719658394853], [0.0003993543009699651, 0.0002070749025405394, -0.9999998988180583, 0.000597699016503514], [0.0, 0.0, 0.0, 1.0]]}, "mean_rme": {"type": "float", "data": 0.0016934317711053844}, "max_rme": {"type": "float", "data": 0.005413654663782408}, "simu": {"type": "float", "data": 0.002}}, {"type": "dict", "image_number": {"type": "int", "data": 25}, "Hcamera2end": {"type": "ndarray", "data": [[0.999999245586578, 0.0011353195036546524, -0.00046890926570911817, -0.01489937222158412], [0.0004689332499164495, -2.08594108810356e-05, 0.99999988983324, 0.023194491515124746], [0.0011353095974091416, -0.9999993553070469, -2.13917842091238e-05, 0.03170215209636247], [0.0, 0.0, 0.0, 1.0]]}, "Hobj2base": {"type": "ndarray", "data": [[0.9999993675859474, 0.0010740832317416825, 0.00033342602863102653, -0.7340834295538096], [0.0010741537494294545, -0.9999994007543933, -0.0002113872686957346, 0.08877660553329472], [0.00033319878130623384, 0.00021174528583026674, -0.9999999220712501, 0.0006591709345331176], [0.0, 0.0, 0.0, 1.0]]}, "mean_rme": {"type": "float", "data": 0.0016728641324546202}, "max_rme": {"type": "float", "data": 0.0054160604211247465}, "simu": {"type": "float", "data": 0.002}}, {"type": "dict", "image_number": {"type": "int", "data": 26}, "Hcamera2end": {"type": "ndarray", "data": [[0.9999995014505948, 0.0009019969615239638, -0.00042836905021336683, -0.014794015519260599], [0.0004284875002883245, -0.0001311306638289711, 0.9999998996016005, 0.023157257688824262], [0.0009019406986469943, -0.9999995846030288, -0.0001315170928770648, 0.03165729355654679], [0.0, 0.0, 0.0, 1.0]]}, "Hobj2base": {"type": "ndarray", "data": [[0.9999995693151026, 0.0008491503621535252, 0.00037458413169404235, -0.7340902502258921], [0.0008491845366836663, -0.9999996352946297, -9.108364716160543e-05, 0.08897485760887128], [0.0003745066513692242, 9.140169898557586e-05, -0.9999999256952463, 0.0006589782658732937], [0.0, 0.0, 0.0, 1.0]]}, "mean_rme": {"type": "float", "data": 0.001665116867455697}, "max_rme": {"type": "float", "data": 0.005382569563911144}, "simu": {"type": "float", "data": 0.002}}, {"type": "dict", "image_number": {"type": "int", "data": 27}, "Hcamera2end": {"type": "ndarray", "data": [[0.9999996391491605, 0.0007221222637979527, -0.0004474829439285034, -0.014769252416064268], [0.00044755406461988634, -9.832984584834392e-05, 0.9999998950132947, 0.023125112539544697], [0.0007220781870558193, -0.9999997344353033, -9.865299912026337e-05, 0.031834327840637756], [0.0, 0.0, 0.0, 1.0]]}, "Hobj2base": {"type": "ndarray", "data": [[0.9999997147176922, 0.0006757311014347693, 0.0003375677899498942, -0.7342153638495028], [0.0006757742362418422, -0.9999997635130302, -0.00012768345654701844, 0.08886478072188374], [0.00033748143043678305, 0.00012791153973662053, -0.9999999348724589, 0.0005839644237207504], [0.0, 0.0, 0.0, 1.0]]}, "mean_rme": {"type": "float", "data": 0.0017041503415677868}, "max_rme": {"type": "float", "data": 0.005265921717344413}, "simu": {"type": "float", "data": 0.002}}, {"type": "dict", "image_number": {"type": "int", "data": 28}, "Hcamera2end": {"type": "ndarray", "data": [[0.9999995790337407, 0.0008167056466530356, -0.0004182394386149827, -0.01471493665679733], [0.0004182752106800622, -4.3630125391214136e-05, 0.9999999115711261, 0.023066552951201857], [0.0008166873265935247, -0.9999996655440934, -4.397171475067907e-05, 0.03160910637575528], [0.0, 0.0, 0.0, 1.0]]}, "Hobj2base": {"type": "ndarray", "data": [[0.9999996643113751, 0.0007718312864118661, 0.00027505199965105546, -0.7340685433509246], [0.000771865443606618, -0.9999996944114176, -0.0001240999926358848, 0.08898730315483086], [0.000274956131341345, 0.00012431225411065446, -0.9999999544727936, 0.0006656629878122996], [0.0, 0.0, 0.0, 1.0]]}, "mean_rme": {"type": "float", "data": 0.0016738213108465525}, "max_rme": {"type": "float", "data": 0.005276737368627882}, "simu": {"type": "float", "data": 0.002}}, {"type": "dict", "image_number": {"type": "int", "data": 29}, "Hcamera2end": {"type": "ndarray", "data": [[0.9999995059000291, 0.00092355146692552, -0.00036776675433495523, -0.014799277630051644], [0.0003678352136517932, -7.395738908777538e-05, 0.9999999296137774, 0.022969845197464193], [0.0009235242028512772, -0.999999570791404, -7.429706729666918e-05, 0.031566710035493356], [0.0, 0.0, 0.0, 1.0]]}, "Hobj2base": {"type": "ndarray", "data": [[0.9999995696676262, 0.0008782411879969535, 0.0002989263758077342, -0.7339723440533037], [0.0008782597443320125, -0.9999996124108721, -6.195100095876512e-05, 0.08898947504423377], [0.00029887185202644135, 6.221350930163482e-05, -0.9999999534025463, 0.0006178433382898857], [0.0, 0.0, 0.0, 1.0]]}, "mean_rme": {"type": "float", "data": 0.0017133669343402894}, "max_rme": {"type": "float", "data": 0.005144437463954321}, "simu": {"type": "float", "data": 0.002}}, {"type": "dict", "image_number": {"type": "int", "data": 30}, "Hcamera2end": {"type": "ndarray", "data": [[0.9999997192483383, 0.0006632857063329559, -0.00034864784005979516, -0.014691343771495113], [0.0003486639323980764, -2.4146071206487818e-05, 0.9999999389252129, 0.022685952254484016], [0.0006632772473473505, -0.9999997797344952, -2.437732823001859e-05, 0.03159391388633702], [0.0, 0.0, 0.0, 1.0]]}, "Hobj2base": {"type": "ndarray", "data": [[0.9999997627895958, 0.0006404980367494846, 0.000253343673776315, -0.7339501252773573], [0.0006404827007410262, -0.9999997930540925, 6.0610904319903836e-05, 0.08916562875862032], [0.0002533824425131011, -6.044862770197082e-05, -0.9999999660716496, 0.0009744710637062929], [0.0, 0.0, 0.0, 1.0]]}, "mean_rme": {"type": "float", "data": 0.0016909114264368774}, "max_rme": {"type": "float", "data": 0.005204240570183316}, "simu": {"type": "float", "data": 0.002}}]}