{"type": "list", "data": [{"type": "dict", "image_number": {"type": "int", "data": 5}, "Hcamera2end": {"type": "ndarray", "data": [[0.9999987382998946, -0.0004382298005956663, -0.0015268769632301553, -0.01622463504765905], [0.0015271512756145208, 0.0006263050292283356, 0.9999986377745682, 0.02513267237034288], [-0.0004372729129068026, -0.9999997078482836, 0.0006269734822181849, 0.02967317212533994], [0.0, 0.0, 0.0, 1.0]]}, "Hobj2base": {"type": "ndarray", "data": [[0.9999993784939797, -0.0007005897692825674, 0.0008672863596566779, -0.7328397702046197], [-0.0007011555165026508, -0.9999995415165992, 0.0006521867318571323, 0.08830880190353581], [0.0008668290466682774, -0.0006527944291346128, -0.9999994112332453, 0.0009860505502327533], [0.0, 0.0, 0.0, 1.0]]}, "mean_rme": {"type": "float", "data": 0.0017183191577637945}, "max_rme": {"type": "float", "data": 0.003929781913748737}, "simu": {"type": "float", "data": 0.002}}, {"type": "dict", "image_number": {"type": "int", "data": 6}, "Hcamera2end": {"type": "ndarray", "data": [[0.9999982523723612, -0.00025048442956307005, -0.0018527033691162998, -0.01145401680136262], [0.0018529044735770732, 0.000805028162861543, 0.9999979593352522, 0.024188975484076815], [-0.0002489924400187575, -0.9999996445935406, 0.0008054908796921723, 0.03107307787920381], [0.0, 0.0, 0.0, 1.0]]}, "Hobj2base": {"type": "ndarray", "data": [[0.9999996952333524, -0.0006102735167415288, 0.00048692857479077257, -0.7335681219680793], [-0.0006104310868940022, -0.9999997613552376, 0.0003235171648810394, 0.09282055786794308], [0.0004867310246298803, -0.0003238143026229469, -0.999999829118589, -0.0011202297193153299], [0.0, 0.0, 0.0, 1.0]]}, "mean_rme": {"type": "float", "data": 0.0020063112071005223}, "max_rme": {"type": "float", "data": 0.005207159792186167}, "simu": {"type": "float", "data": 0.002}}, {"type": "dict", "image_number": {"type": "int", "data": 7}, "Hcamera2end": {"type": "ndarray", "data": [[0.9999990780538238, 5.2975709198335936e-05, -0.001356865902240169, -0.01308462298819367], [0.0013567898916376647, 0.0014094175812002785, 0.999998086329805, 0.024312904472284198], [5.4887998478248966e-05, -0.9999990053673335, 0.0014093444048863812, 0.030195911738188846], [0.0, 0.0, 0.0, 1.0]]}, "Hobj2base": {"type": "ndarray", "data": [[0.999999693952193, -0.0006971826119495179, -0.0003550097546330674, -0.7328060857120715], [-0.0006969191483530753, -0.999999482081682, 0.0007417142766851647, 0.09189112331590395], [-0.00035552668106375205, -0.0007414666365892809, -0.9999996619139457, -0.00023170570801062107], [0.0, 0.0, 0.0, 1.0]]}, "mean_rme": {"type": "float", "data": 0.0018716632378720734}, "max_rme": {"type": "float", "data": 0.004758807917031926}, "simu": {"type": "float", "data": 0.002}}, {"type": "dict", "image_number": {"type": "int", "data": 8}, "Hcamera2end": {"type": "ndarray", "data": [[0.9999988650884482, -2.6530498435912964e-05, -0.0015063591697656402, -0.012904903090933489], [0.001506388201008115, 0.0011305243469549309, 0.9999982263530716, 0.024374630435555825], [-2.4827475663496924e-05, -0.9999993606052124, 0.0011305630291394975, 0.030388991772505994], [0.0, 0.0, 0.0, 1.0]]}, "Hobj2base": {"type": "ndarray", "data": [[0.9999998649496604, -0.0005133800915683571, -8.087980311411773e-05, -0.7328737899025096], [-0.0005133199958648667, -0.9999995934871364, 0.0007413016551770364, 0.09175277699303955], [-8.126033974705191e-05, -0.000741260037843796, -0.9999997219651182, -0.00046805347750195764], [0.0, 0.0, 0.0, 1.0]]}, "mean_rme": {"type": "float", "data": 0.0017257915543689728}, "max_rme": {"type": "float", "data": 0.004719628945626775}, "simu": {"type": "float", "data": 0.002}}, {"type": "dict", "image_number": {"type": "int", "data": 9}, "Hcamera2end": {"type": "ndarray", "data": [[0.9999982997866944, -0.0017571368264250003, -0.0005593691927242047, -0.014331594840241196], [0.0005603134965627954, 0.000536964236881321, 0.9999996988590517, 0.024227488986877474], [-0.001756835936027444, -0.9999983120683663, 0.0005379478714067076, 0.031032943772999266], [0.0, 0.0, 0.0, 1.0]]}, "Hobj2base": {"type": "ndarray", "data": [[0.9999977786053219, -0.001569943243405337, 0.0014064361464930892, -0.7336158063387924], [-0.0015717502182943594, -0.9999979396906924, 0.0012846071857823425, 0.0913365607730956], [0.0014044164884278569, -0.001286814898483044, -0.9999981858592266, -0.000714520304414786], [0.0, 0.0, 0.0, 1.0]]}, "mean_rme": {"type": "float", "data": 0.0018491488378077005}, "max_rme": {"type": "float", "data": 0.004750955048456074}, "simu": {"type": "float", "data": 0.002}}, {"type": "dict", "image_number": {"type": "int", "data": 10}, "Hcamera2end": {"type": "ndarray", "data": [[0.9999991131994649, -0.0012269629236568596, -0.0005178438643409511, -0.015431197348433071], [0.0005187767145318041, 0.000760095839859698, 0.9999995765624278, 0.0242838705769283], [-0.0012265687931476755, -0.9999989584076067, 0.0007607316856007573, 0.033301207063622024], [0.0, 0.0, 0.0, 1.0]]}, "Hobj2base": {"type": "ndarray", "data": [[0.9999987558656398, -0.0012185900555731735, 0.0010016513610395308, -0.7357916236133741], [-0.001219868151954467, -0.999998441399125, 0.0012763702488363564, 0.08978232091198954], [0.0010000944277723817, -0.0012775905434549673, -0.999998683785903, 5.421575538780421e-05], [0.0, 0.0, 0.0, 1.0]]}, "mean_rme": {"type": "float", "data": 0.0019808082694419194}, "max_rme": {"type": "float", "data": 0.006896871406688848}, "simu": {"type": "float", "data": 0.002}}, {"type": "dict", "image_number": {"type": "int", "data": 11}, "Hcamera2end": {"type": "ndarray", "data": [[0.9999990527374543, -0.001315027995038203, -0.0004064794785422651, -0.015542875649288145], [0.00040745737873587877, 0.000743452082583751, 0.9999996406286783, 0.024147466234828892], [-0.001314725324440004, -0.9999988589895358, 0.0007439871961992806, 0.033369832623449426], [0.0, 0.0, 0.0, 1.0]]}, "Hobj2base": {"type": "ndarray", "data": [[0.9999986839600439, -0.0012213763327684512, 0.0010678567478556843, -0.7358843097001376], [-0.0012228224166636098, -0.9999983348939172, 0.0013545902444919494, 0.08979640299198796], [0.0010662005052956966, -0.001355894260966127, -0.9999985123825113, 6.572758783521008e-05], [0.0, 0.0, 0.0, 1.0]]}, "mean_rme": {"type": "float", "data": 0.0018509428996723184}, "max_rme": {"type": "float", "data": 0.006817087511293368}, "simu": {"type": "float", "data": 0.002}}, {"type": "dict", "image_number": {"type": "int", "data": 12}, "Hcamera2end": {"type": "ndarray", "data": [[0.9999989386846001, -0.0013761212598662558, -0.00047845579900217266, -0.015729105268868736], [0.0004794809010075489, 0.0007446878556545133, 0.9999996077689545, 0.02410278894227747], [-0.0013757644198857913, -0.9999987758643883, 0.0007453468891673865, 0.03329981337589028], [0.0, 0.0, 0.0, 1.0]]}, "Hobj2base": {"type": "ndarray", "data": [[0.9999986873704254, -0.0012497847595215614, 0.0010311621991674958, -0.7359595623814386], [-0.001251130370667825, -0.9999983653857327, 0.0013053346918873905, 0.08959294487466418], [0.0010295291262110576, -0.0013066230968109321, -0.9999986164019732, 0.00012991077348639227], [0.0, 0.0, 0.0, 1.0]]}, "mean_rme": {"type": "float", "data": 0.0017587679520632371}, "max_rme": {"type": "float", "data": 0.00673256622028609}, "simu": {"type": "float", "data": 0.002}}, {"type": "dict", "image_number": {"type": "int", "data": 13}, "Hcamera2end": {"type": "ndarray", "data": [[0.9999999742672885, -0.00016207110425325662, -0.0001587399745773283, -0.015476040866445542], [0.00015882580463678586, 0.0005297072874554942, 0.9999998470922651, 0.023421257564757936], [-0.00016198699374998703, -0.9999998465715616, 0.000529733014898337, 0.033371518409656034], [0.0, 0.0, 0.0, 1.0]]}, "Hobj2base": {"type": "ndarray", "data": [[0.9999998860313527, -0.00015284428759303808, 0.0004523006802056793, -0.735948197474312], [-0.00015348606026583097, -0.9999989811380323, 0.0014192127837036445, 0.08999534108510795], [0.0004520833008068504, -0.0014192820438073436, -0.9999988906289687, 0.00048506746940126715], [0.0, 0.0, 0.0, 1.0]]}, "mean_rme": {"type": "float", "data": 0.0016777670254917213}, "max_rme": {"type": "float", "data": 0.006803009375286301}, "simu": {"type": "float", "data": 0.002}}, {"type": "dict", "image_number": {"type": "int", "data": 14}, "Hcamera2end": {"type": "ndarray", "data": [[0.9999999889108682, -0.00012345076144613037, -8.329569629765886e-05, -0.015504291227746866], [8.336706323486822e-05, 0.0005782080666028033, 0.9999998293626678, 0.023347457445854477], [-0.00012340257813730918, -0.9999998252176555, 0.0005782183519184025, 0.03338092666732466], [0.0, 0.0, 0.0, 1.0]]}, "Hobj2base": {"type": "ndarray", "data": [[0.999999862562142, -0.00012697945020945196, 0.0005086766323291066, -0.735867566987223], [-0.00012770879262148302, -0.9999989636267559, 0.0014340278513933246, 0.08998315425478451], [0.0005084940130821, -0.0014340926167821578, -0.9999988424054327, 0.0004140561931273395], [0.0, 0.0, 0.0, 1.0]]}, "mean_rme": {"type": "float", "data": 0.0016453839404861979}, "max_rme": {"type": "float", "data": 0.006727070127637208}, "simu": {"type": "float", "data": 0.002}}, {"type": "dict", "image_number": {"type": "int", "data": 15}, "Hcamera2end": {"type": "ndarray", "data": [[0.9999999716088397, -0.0002365971827272655, 2.8356533741452414e-05, -0.015506153689361486], [-2.8225706851906226e-05, 0.0005529370352106433, 0.9999998467319606, 0.022600614496655562], [-0.000236612825842175, -0.9999998191411879, 0.0005529303413893683, 0.033368297813715565], [0.0, 0.0, 0.0, 1.0]]}, "Hobj2base": {"type": "ndarray", "data": [[0.9999998258779293, -0.0002359727998322404, 0.0005408890354354792, -0.7359105221123275], [-0.00023671478572868975, -0.9999990306036979, 0.0013721362085714185, 0.09044534151798607], [0.0005405647242767605, -0.001372264006084347, -0.9999989123400468, 0.0009581784643586019], [0.0, 0.0, 0.0, 1.0]]}, "mean_rme": {"type": "float", "data": 0.0015879660853062325}, "max_rme": {"type": "float", "data": 0.006809984764324178}, "simu": {"type": "float", "data": 0.002}}, {"type": "dict", "image_number": {"type": "int", "data": 16}, "Hcamera2end": {"type": "ndarray", "data": [[0.9999999677058072, -0.00022723641386563883, -0.00011380683930322498, -0.015732233254094237], [0.00011388678751327528, 0.0003518464020215717, 0.9999999316169523, 0.022667191526358692], [-0.00022719635579958596, -0.9999999122838572, 0.0003518722698842014, 0.03268575894987723], [0.0, 0.0, 0.0, 1.0]]}, "Hobj2base": {"type": "ndarray", "data": [[0.9999997163782967, -0.00012274761976149238, 0.0007430856936624693, -0.7350700619969083], [-0.00012370168024758514, -0.9999991680111047, 0.0012840073956549884, 0.09025366990595929], [0.0007429274665718514, -0.0012840989524314976, -0.9999988995737241, 0.0008124946811074556], [0.0, 0.0, 0.0, 1.0]]}, "mean_rme": {"type": "float", "data": 0.001635595869999726}, "max_rme": {"type": "float", "data": 0.007382549322093673}, "simu": {"type": "float", "data": 0.002}}, {"type": "dict", "image_number": {"type": "int", "data": 17}, "Hcamera2end": {"type": "ndarray", "data": [[0.9999999697738097, -0.00023866505994614093, -5.9087807126524455e-05, -0.015681930715545092], [5.9181336514706307e-05, 0.0003918974998389224, 0.9999999214569562, 0.022531413269475317], [-0.00023864188483677687, -0.9999998947276636, 0.0003919116125105093, 0.03275580121366619], [0.0, 0.0, 0.0, 1.0]]}, "Hobj2base": {"type": "ndarray", "data": [[0.9999996922494062, -0.00014069550662255148, 0.00077181984121919, -0.7351686890787922], [-0.00014170558807267543, -0.999999133477365, 0.0013088025236440944, 0.09016045977370882], [0.0007716350297856942, -0.0013089114920438267, -0.9999988456643774, 0.0006982639387140735], [0.0, 0.0, 0.0, 1.0]]}, "mean_rme": {"type": "float", "data": 0.0016687669735025834}, "max_rme": {"type": "float", "data": 0.007117378638976907}, "simu": {"type": "float", "data": 0.002}}, {"type": "dict", "image_number": {"type": "int", "data": 18}, "Hcamera2end": {"type": "ndarray", "data": [[0.9999999718337922, -0.00022458965163261077, -7.675873382997033e-05, -0.015579978534461147], [7.681400162890697e-05, 0.00024608518515312205, 0.9999999667708445, 0.022653279874393386], [-0.00022457075498245974, -0.9999999445007831, 0.00024610242985168007, 0.0323271941281906], [0.0, 0.0, 0.0, 1.0]]}, "Hobj2base": {"type": "ndarray", "data": [[0.9999996072991268, -3.935381325874274e-05, 0.0008853546575068927, -0.7346970056378775], [-4.0536975474304705e-05, -0.9999991062052989, 0.0013363926657570596, 0.09028690655554654], [0.0008853012740341826, -0.0013364280305545302, -0.9999987151000613, 0.0005007874881761595], [0.0, 0.0, 0.0, 1.0]]}, "mean_rme": {"type": "float", "data": 0.0016665268210845862}, "max_rme": {"type": "float", "data": 0.007651399545482301}, "simu": {"type": "float", "data": 0.002}}, {"type": "dict", "image_number": {"type": "int", "data": 19}, "Hcamera2end": {"type": "ndarray", "data": [[0.9999998148062745, 0.0005899417764488439, 0.00014951962074365543, -0.015254406986533731], [-0.0001496879958446568, 0.00028537586240384716, 0.9999999480770594, 0.022910601451984657], [0.000589899076526616, -0.9999997852646358, 0.00028546411675622885, 0.03238374503421238], [0.0, 0.0, 0.0, 1.0]]}, "Hobj2base": {"type": "ndarray", "data": [[0.9999996676122004, 0.0006438935765335684, 0.0005001765197878711, -0.7346378683205774], [0.0006431363249293336, -0.9999986491212041, 0.0015126570776334317, 0.090258232683043], [0.0005011498342858025, -0.0015123348931559216, -0.9999987308452019, 7.591055047778976e-05], [0.0, 0.0, 0.0, 1.0]]}, "mean_rme": {"type": "float", "data": 0.0017221381051914695}, "max_rme": {"type": "float", "data": 0.00758956643631245}, "simu": {"type": "float", "data": 0.002}}, {"type": "dict", "image_number": {"type": "int", "data": 20}, "Hcamera2end": {"type": "ndarray", "data": [[0.9999998335212634, 0.0005646568531351504, -0.00011882795831724924, -0.015186877158033508], [0.00011861839339800422, 0.00037115576456669963, 0.9999999240865348, 0.022774738868790195], [0.0005647009139518131, -0.9999997717029924, 0.00037108872408841975, 0.03211252271407382], [0.0, 0.0, 0.0, 1.0]]}, "Hobj2base": {"type": "ndarray", "data": [[0.9999997936775046, 0.000548598849754434, 0.0003341919362605373, -0.734456770650359], [0.0005481638286269215, -0.9999990042191573, 0.0013004142071159142, 0.0901992906738764], [0.00033490500921683767, -0.001300230746879933, -0.9999990986189131, 0.0002903085220078705], [0.0, 0.0, 0.0, 1.0]]}, "mean_rme": {"type": "float", "data": 0.0016792308233712111}, "max_rme": {"type": "float", "data": 0.007647717173794727}, "simu": {"type": "float", "data": 0.002}}, {"type": "dict", "image_number": {"type": "int", "data": 21}, "Hcamera2end": {"type": "ndarray", "data": [[0.9999997351622901, 0.0007097937353216, -0.00016083595004297838, -0.014989615596330162], [0.00016060408296339078, 0.0003267131616628838, 0.999999933732417, 0.02268027179783244], [0.0007098462355070324, -0.9999996947256351, 0.00032659907936494204, 0.032175862189464575], [0.0, 0.0, 0.0, 1.0]]}, "Hobj2base": {"type": "ndarray", "data": [[0.9999997099150038, 0.0007197213460731533, 0.00024934131681173357, -0.7343959171828716], [0.0007194164481676364, -0.9999989961009839, 0.0012207526364865465, 0.09031784614101099], [0.00025021966822898526, -0.0012205729021200003, -0.9999992237956534, 0.0002755612973474095], [0.0, 0.0, 0.0, 1.0]]}, "mean_rme": {"type": "float", "data": 0.0016581026214128177}, "max_rme": {"type": "float", "data": 0.007628853867628432}, "simu": {"type": "float", "data": 0.002}}, {"type": "dict", "image_number": {"type": "int", "data": 22}, "Hcamera2end": {"type": "ndarray", "data": [[0.99999964146067, 0.0008061059570300213, -0.00025936791911588733, -0.015187157204947229], [0.0002590047462658828, 0.0004505991794157005, 0.9999998649384514, 0.022658229983334714], [0.0008062227191276228, -0.999999573576692, 0.0004503902325893039, 0.032290072715030364], [0.0, 0.0, 0.0, 1.0]]}, "Hobj2base": {"type": "ndarray", "data": [[0.9999997323664597, 0.0007275080113223395, 7.745387275262416e-05, -0.7346662374972474], [0.0007274162551793369, -0.9999990413961046, 0.0011781648707040405, 0.09016031013065566], [7.83109228871358e-05, -0.0011781082141815384, -0.9999993029639742, 0.0003555730033343257], [0.0, 0.0, 0.0, 1.0]]}, "mean_rme": {"type": "float", "data": 0.001630092220965563}, "max_rme": {"type": "float", "data": 0.00743508805147694}, "simu": {"type": "float", "data": 0.002}}, {"type": "dict", "image_number": {"type": "int", "data": 23}, "Hcamera2end": {"type": "ndarray", "data": [[0.9999996034505979, 0.0008127584759085697, -0.0003640361338143916, -0.015109883050051271], [0.00036363611861645203, 0.0004922633645809693, 0.9999998127227588, 0.02251032226000696], [0.0008129375253494653, -0.9999995485501177, 0.0004919676210367596, 0.032028516674569144], [0.0, 0.0, 0.0, 1.0]]}, "Hobj2base": {"type": "ndarray", "data": [[0.9999997487824053, 0.0007087981704879456, 6.346634631507251e-06, -0.7344278041836674], [0.0007087907557465609, -0.9999991430916295, 0.0011006505673681766, 0.09014285835998073], [7.126768301519994e-06, -0.0011006457924294315, -0.999999394263841, 0.0004768209940250975], [0.0, 0.0, 0.0, 1.0]]}, "mean_rme": {"type": "float", "data": 0.0016108043323167804}, "max_rme": {"type": "float", "data": 0.007508728929190106}, "simu": {"type": "float", "data": 0.002}}, {"type": "dict", "image_number": {"type": "int", "data": 24}, "Hcamera2end": {"type": "ndarray", "data": [[0.9999995876549332, 0.0008242699056401514, -0.0003811418189975411, -0.015009288616586418], [0.00038076779267119285, 0.0004538761435602945, 0.9999998245061517, 0.022571065795301198], [0.0008244427521648098, -0.9999995572876863, 0.0004535621009741364, 0.03201327644028505], [0.0, 0.0, 0.0, 1.0]]}, "Hobj2base": {"type": "ndarray", "data": [[0.9999997235187503, 0.0007428418502722302, 3.3888173184016164e-05, -0.7344384403012992], [0.0007428038791675372, -0.9999991113268945, 0.0011070626988301964, 0.09020361246686746], [3.4710515572074445e-05, -0.0011070372204816192, -0.9999993866316985, 0.0003778944183240503], [0.0, 0.0, 0.0, 1.0]]}, "mean_rme": {"type": "float", "data": 0.001565280890609909}, "max_rme": {"type": "float", "data": 0.0075884981262931694}, "simu": {"type": "float", "data": 0.002}}, {"type": "dict", "image_number": {"type": "int", "data": 25}, "Hcamera2end": {"type": "ndarray", "data": [[0.9999996112616258, 0.0007619033376399329, -0.0004438241782816442, -0.014975568292493465], [0.0004434976915906473, 0.00042863006496440814, 0.9999998097930144, 0.022475701797277762], [0.0007620934291069654, -0.9999996178897127, 0.00042829199596805534, 0.03209236532537946], [0.0, 0.0, 0.0, 1.0]]}, "Hobj2base": {"type": "ndarray", "data": [[0.9999997622329949, 0.000688368071788165, 4.1028665463776844e-05, -0.7344477806928247], [0.0006883244189123396, -0.999999206967386, 0.0010546440602057026, 0.0902190348921207], [4.175461622485366e-05, -0.0010546155684138289, -0.9999994430211225, 0.00027878442967117057], [0.0, 0.0, 0.0, 1.0]]}, "mean_rme": {"type": "float", "data": 0.001579286024298731}, "max_rme": {"type": "float", "data": 0.00749983440115673}, "simu": {"type": "float", "data": 0.002}}, {"type": "dict", "image_number": {"type": "int", "data": 26}, "Hcamera2end": {"type": "ndarray", "data": [[0.9999996302385598, 0.000582335185819418, -0.0006327783776378506, -0.01479289449795662], [0.0006325529372804574, 0.00038723439554255723, 0.9999997249631143, 0.02238579952829007], [0.0005825800592083392, -0.9999997554675972, 0.0003868658945259673, 0.032266076764542656], [0.0, 0.0, 0.0, 1.0]]}, "Hobj2base": {"type": "ndarray", "data": [[0.9999998588982099, 0.0005249174272867057, 8.164101206832126e-05, -0.7345220236821457], [0.0005248449166607782, -0.9999994700683323, 0.000885664083346547, 0.09035938040487708], [8.210586931623407e-05, -0.0008856211095075844, -0.9999996044668604, 0.00016008171586198502], [0.0, 0.0, 0.0, 1.0]]}, "mean_rme": {"type": "float", "data": 0.0015837722483018968}, "max_rme": {"type": "float", "data": 0.00742155184543794}, "simu": {"type": "float", "data": 0.002}}, {"type": "dict", "image_number": {"type": "int", "data": 27}, "Hcamera2end": {"type": "ndarray", "data": [[0.9999995708116436, 0.0006595086447664132, -0.0006507110541719789, -0.014964704602944063], [0.0006504792873569867, 0.0003515770618072178, 0.9999997266350957, 0.022585178470076607], [0.0006597372395604069, -0.9999997207209195, 0.00035114791420121083, 0.03234359286883402], [0.0, 0.0, 0.0, 1.0]]}, "Hobj2base": {"type": "ndarray", "data": [[0.9999998012129581, 0.0006231085846730586, 9.648697327134977e-05, -0.734706869923645], [0.0006230220850809532, -0.9999994063574609, 0.0008939397116080883, 0.09031998466704197], [9.704393750106109e-05, -0.0008938794203891868, -0.9999995957809467, 0.0001555324768240467], [0.0, 0.0, 0.0, 1.0]]}, "mean_rme": {"type": "float", "data": 0.0016713289252553692}, "max_rme": {"type": "float", "data": 0.007525944351814001}, "simu": {"type": "float", "data": 0.002}}, {"type": "dict", "image_number": {"type": "int", "data": 28}, "Hcamera2end": {"type": "ndarray", "data": [[0.9999995159492132, 0.0007375838003263871, -0.0006512077063270845, -0.014986084586706878], [0.0006509263625421958, 0.00038161560529215155, 0.9999997153321597, 0.022671663352971605], [0.0007378321013830206, -0.9999996551697742, 0.00038113530783057126, 0.03226308686011553], [0.0, 0.0, 0.0, 1.0]]}, "Hobj2base": {"type": "ndarray", "data": [[0.999999758558872, 0.0006911611500820395, 7.196153340619282e-05, -0.7347649874290173], [0.0006910960342136803, -0.9999993552950479, 0.0009009970921977979, 0.09031829861354387], [7.258422119869985e-05, -0.0009009471423296907, -0.9999995915128053, 6.0558787128307214e-05], [0.0, 0.0, 0.0, 1.0]]}, "mean_rme": {"type": "float", "data": 0.001670811689756023}, "max_rme": {"type": "float", "data": 0.007631237198536339}, "simu": {"type": "float", "data": 0.002}}, {"type": "dict", "image_number": {"type": "int", "data": 29}, "Hcamera2end": {"type": "ndarray", "data": [[0.9999995121253016, 0.0007258666465206219, -0.0006699752012775686, -0.014971925081333244], [0.0006696993235259241, 0.0003802431302913911, 0.9999997034589447, 0.02263793526319063], [0.000726121184739112, -0.99999966426633, 0.00037975683237823077, 0.032254729159987464], [0.0, 0.0, 0.0, 1.0]]}, "Hobj2base": {"type": "ndarray", "data": [[0.9999997669369705, 0.0006796805768525161, 6.450052890696064e-05, -0.7347523170073001], [0.0006796228797039863, -0.9999993726791552, 0.0008903673609590694, 0.0903273365257237], [6.510565384594166e-05, -0.0008903233174121567, -0.9999996015427426, 8.223680795911522e-05], [0.0, 0.0, 0.0, 1.0]]}, "mean_rme": {"type": "float", "data": 0.0016190434075611649}, "max_rme": {"type": "float", "data": 0.007626704597731321}, "simu": {"type": "float", "data": 0.002}}, {"type": "dict", "image_number": {"type": "int", "data": 30}, "Hcamera2end": {"type": "ndarray", "data": [[0.9999994748495701, 0.0007544455133727694, -0.000693622773110469, -0.014952350279972536], [0.000693437319477794, 0.000246048291477341, 0.9999997293024246, 0.0226894012121606], [0.0007546159738444518, -0.9999996851360534, 0.0002455250015904742, 0.03230715802428606], [0.0, 0.0, 0.0, 1.0]]}, "Hobj2base": {"type": "ndarray", "data": [[0.9999996880412766, 0.0007715310934552108, 0.0001692841440881542, -0.7347399710157042], [0.0007713727028592289, -0.9999992665677007, 0.000933728125888764, 0.0903256571938696], [0.0001700044202116521, -0.0009335972534363533, -0.9999995497472309, 5.184381699646264e-05], [0.0, 0.0, 0.0, 1.0]]}, "mean_rme": {"type": "float", "data": 0.0015875486798464114}, "max_rme": {"type": "float", "data": 0.0076795230336282605}, "simu": {"type": "float", "data": 0.002}}]}