{"type": "list", "data": [{"type": "dict", "image_number": {"type": "int", "data": 5}, "Hcamera2end": {"type": "ndarray", "data": [[0.9999970993791346, 0.0019689620246063555, -0.001387235330737094, -0.014346563435536142], [0.0013860350493748769, 0.0006108347455753282, 0.9999988528932199, 0.024441910005115614], [0.0019698071375369715, -0.999997875032472, 0.0006081039233983843, 0.036467763867069014], [0.0, 0.0, 0.0, 1.0]]}, "Hobj2base": {"type": "ndarray", "data": [[0.9999942039967601, 0.0027346048156182004, 0.002028277443674631, -0.7383966206697327], [0.0027360294727619503, -0.9999960120943863, -0.000699955747367853, 0.08753456324442326], [0.0020263552527381556, 0.0007055011172869054, -0.9999976980736323, -0.0009660902534571414], [0.0, 0.0, 0.0, 1.0]]}, "mean_rme": {"type": "float", "data": 0.0014643403757402718}, "max_rme": {"type": "float", "data": 0.0036023879326372854}, "simu": {"type": "float", "data": 0.002}}, {"type": "dict", "image_number": {"type": "int", "data": 6}, "Hcamera2end": {"type": "ndarray", "data": [[0.999997552502262, 0.0019537050345451263, -0.0010382803685484207, -0.01399913351476984], [0.001039852304522242, -0.0008037485820566737, 0.9999991363473277, 0.024517413099606394], [0.0019528688308485542, -0.9999977685099375, -0.0008057781795665075, 0.035392526278981], [0.0, 0.0, 0.0, 1.0]]}, "Hobj2base": {"type": "ndarray", "data": [[0.9999898239929795, 0.0034031549279842387, 0.00296149405298397, -0.7368735119702681], [0.003403447340112107, -0.9999942038660863, -9.370397528011885e-05, 0.0880888067991928], [0.002961157998622608, 0.00010378231080519468, -0.999995610376635, -0.0018722200999218102], [0.0, 0.0, 0.0, 1.0]]}, "mean_rme": {"type": "float", "data": 0.0014513391550856562}, "max_rme": {"type": "float", "data": 0.0037644635870720533}, "simu": {"type": "float", "data": 0.002}}, {"type": "dict", "image_number": {"type": "int", "data": 7}, "Hcamera2end": {"type": "ndarray", "data": [[0.9999978437527448, 0.0019697253062250135, -0.0006577781380835649, -0.015161096482167995], [0.0006603445787286213, -0.001302576665332067, 0.9999989336189657, 0.02483060929107534], [0.0019688663992936707, -0.9999972117342374, -0.0013038745540820962, 0.034376492489859196], [0.0, 0.0, 0.0, 1.0]]}, "Hobj2base": {"type": "ndarray", "data": [[0.9999874387027808, 0.0037829034746861704, 0.0032881724336316248, -0.7355744035677916], [0.0037818740518900124, -0.9999927977345657, 0.0003192297808027722, 0.08719115114554417], [0.0032893563667879843, -0.0003067903168577229, -0.999994542992308, -0.0016418608822453115], [0.0, 0.0, 0.0, 1.0]]}, "mean_rme": {"type": "float", "data": 0.0013705681414166425}, "max_rme": {"type": "float", "data": 0.0037116991608276972}, "simu": {"type": "float", "data": 0.002}}, {"type": "dict", "image_number": {"type": "int", "data": 8}, "Hcamera2end": {"type": "ndarray", "data": [[0.9999979397956656, 0.0019544065238134714, -0.0005483607972660085, -0.01510339265704386], [0.0005513639155573309, -0.001536380930956982, 0.9999986677648465, 0.024996999003788965], [0.0019535614290121925, -0.9999969099096131, -0.0015374553549318826, 0.034341816944398446], [0.0, 0.0, 0.0, 1.0]]}, "Hobj2base": {"type": "ndarray", "data": [[0.9999864695381177, 0.003936568470720929, 0.003400613086867715, -0.7354923353347669], [0.003934776301040943, -0.9999921164023702, 0.0005335434089469642, 0.08733324337244171], [0.003402686607963865, -0.0005201555380749902, -0.9999940755634826, -0.001732272394446864], [0.0, 0.0, 0.0, 1.0]]}, "mean_rme": {"type": "float", "data": 0.0012738345879833542}, "max_rme": {"type": "float", "data": 0.003798148779659921}, "simu": {"type": "float", "data": 0.002}}, {"type": "dict", "image_number": {"type": "int", "data": 9}, "Hcamera2end": {"type": "ndarray", "data": [[0.9999977314556165, 0.002076141789994197, -0.00047615006926175004, -0.014997084870206203], [0.00047996223510604207, -0.0018360665326451198, 0.9999981992463487, 0.024705182358967258], [0.0020752638081675996, -0.9999961592401019, -0.0018370588371006136, 0.03455537689409821], [0.0, 0.0, 0.0, 1.0]]}, "Hobj2base": {"type": "ndarray", "data": [[0.9999865320556497, 0.0040945777272654565, 0.0031890657802197426, -0.735543645189177], [0.0040927801018565465, -0.9999914620854791, 0.000570006300968204, 0.08749581783484028], [0.003191372487353056, -0.0005569464791862681, -0.9999947524623645, -0.0019406625179973244], [0.0, 0.0, 0.0, 1.0]]}, "mean_rme": {"type": "float", "data": 0.0013328887033763187}, "max_rme": {"type": "float", "data": 0.003843078736717409}, "simu": {"type": "float", "data": 0.002}}, {"type": "dict", "image_number": {"type": "int", "data": 10}, "Hcamera2end": {"type": "ndarray", "data": [[0.9999978485947603, 0.0018266758293867574, -0.0009828841565350725, -0.013874688684375382], [0.000983019328779229, -7.310267602300691e-05, 0.999999514164381, 0.024430603080421547], [0.001826603090460512, -0.9999983289543105, -7.489817639716456e-05, 0.03485202898679172], [0.0, 0.0, 0.0, 1.0]]}, "Hobj2base": {"type": "ndarray", "data": [[0.9999939613341485, 0.003032120520772391, 0.0016980990503748638, -0.7362146455283605], [0.003030617719360537, -0.9999950144005372, 0.000886865439806082, 0.08888083880197749], [0.0017007796672323505, -0.0008817137952507405, -0.9999981649629697, -0.002205187237517786], [0.0, 0.0, 0.0, 1.0]]}, "mean_rme": {"type": "float", "data": 0.0015143871222840373}, "max_rme": {"type": "float", "data": 0.00416614901052989}, "simu": {"type": "float", "data": 0.002}}, {"type": "dict", "image_number": {"type": "int", "data": 11}, "Hcamera2end": {"type": "ndarray", "data": [[0.9999974924450359, 0.0019928336167690354, -0.0010216250860129116, -0.01452055278171824], [0.0010200594356791852, 0.0007864985243093425, 0.9999991704490654, 0.024289525057464623], [0.0019936354702345927, -0.9999977050144901, 0.0007844637433865875, 0.034089287965374665], [0.0, 0.0, 0.0, 1.0]]}, "Hobj2base": {"type": "ndarray", "data": [[0.9999956606766802, 0.0027957979736042368, 0.0009285157513539063, -0.7362137421370231], [0.002794641601060835, -0.9999953207498471, 0.0012443700142841534, 0.08826879022450843], [0.0009319904137607842, -0.0012417697458143582, -0.9999987947001572, -0.0016565383809814135], [0.0, 0.0, 0.0, 1.0]]}, "mean_rme": {"type": "float", "data": 0.0015123438850165253}, "max_rme": {"type": "float", "data": 0.003734470941363338}, "simu": {"type": "float", "data": 0.002}}, {"type": "dict", "image_number": {"type": "int", "data": 12}, "Hcamera2end": {"type": "ndarray", "data": [[0.999987253507318, 0.004872070384470587, -0.001325048323543677, -0.01453243258649959], [0.0013203327905989524, 0.0009709594926605725, 0.9999986569785908, 0.024747940549022705], [0.004873350409423733, -0.9999876600077784, 0.0009645143620458096, 0.03435875358517021], [0.0, 0.0, 0.0, 1.0]]}, "Hobj2base": {"type": "ndarray", "data": [[0.9999869647362685, 0.005007011280864322, -0.0010000977843827522, -0.7364505510183834], [0.0050082936237709486, -0.9999866342659276, 0.0012838553186715375, 0.08763978635669478], [-0.0009936561392781343, -0.0012888473666355371, -0.9999986757590942, -0.0016302792236447632], [0.0, 0.0, 0.0, 1.0]]}, "mean_rme": {"type": "float", "data": 0.0015649767422013573}, "max_rme": {"type": "float", "data": 0.004034093739204908}, "simu": {"type": "float", "data": 0.002}}, {"type": "dict", "image_number": {"type": "int", "data": 13}, "Hcamera2end": {"type": "ndarray", "data": [[0.9999878690585329, 0.004777168907351449, -0.0012001637409684686, -0.01458587228368349], [0.0011958510150043519, 0.000905532676834353, 0.9999988749748276, 0.024771533907799095], [0.004778250320401175, -0.9999881792640359, 0.0008998089095837436, 0.03339366167791924], [0.0, 0.0, 0.0, 1.0]]}, "Hobj2base": {"type": "ndarray", "data": [[0.9999872644890384, 0.004956145802719528, -0.0009526166659005096, -0.7354827188985613], [0.004957484520533252, -0.9999867201847121, 0.0014081198283483552, 0.08759572979402692], [-0.0009456251681501515, -0.0014128244775980499, -0.9999985548589743, -0.002051603452547807], [0.0, 0.0, 0.0, 1.0]]}, "mean_rme": {"type": "float", "data": 0.0016263376539387882}, "max_rme": {"type": "float", "data": 0.005198827427289832}, "simu": {"type": "float", "data": 0.002}}, {"type": "dict", "image_number": {"type": "int", "data": 14}, "Hcamera2end": {"type": "ndarray", "data": [[0.9999873311364237, 0.004704835955019568, -0.001789437143012731, -0.01335508601863919], [0.0017870086371549387, 0.0005203254307196703, 0.9999982679292884, 0.024876455940804107], [0.0047057588955631904, -0.9999887968272857, 0.0005119112562997907, 0.03344562970475105], [0.0, 0.0, 0.0, 1.0]]}, "Hobj2base": {"type": "ndarray", "data": [[0.9999868497433029, 0.005103863213009018, -0.0005009199216292392, -0.735482829181158], [0.0051043011139784425, -0.9999865885378909, 0.0008768434806542345, 0.08824769572256767], [-0.0004964379143762124, -0.0008793887960513668, -0.9999994901122418, -0.0028686540881259176], [0.0, 0.0, 0.0, 1.0]]}, "mean_rme": {"type": "float", "data": 0.001723235761476176}, "max_rme": {"type": "float", "data": 0.004789788272175743}, "simu": {"type": "float", "data": 0.002}}, {"type": "dict", "image_number": {"type": "int", "data": 15}, "Hcamera2end": {"type": "ndarray", "data": [[0.9999875956616591, 0.004682603213134042, -0.0016975717842260026, -0.013637470834282663], [0.0016933082692317859, 0.0009143153681021587, 0.9999981483655422, 0.02473827116831794], [0.004684146658635356, -0.9999886185625095, 0.0009063749358826367, 0.03318397037699237], [0.0, 0.0, 0.0, 1.0]]}, "Hobj2base": {"type": "ndarray", "data": [[0.999987457392223, 0.004956761455390212, -0.0007180348957106844, -0.7355727213620941], [0.004957610029735649, -0.9999870089948686, 0.0011848815508914863, 0.08815616570166122], [-0.0007121523925150079, -0.0011884264263876067, -0.9999990402403389, -0.0025560866501749676], [0.0, 0.0, 0.0, 1.0]]}, "mean_rme": {"type": "float", "data": 0.0016441789071653912}, "max_rme": {"type": "float", "data": 0.004863571306886472}, "simu": {"type": "float", "data": 0.002}}, {"type": "dict", "image_number": {"type": "int", "data": 16}, "Hcamera2end": {"type": "ndarray", "data": [[0.9999881162721787, 0.004616966095163244, -0.001565547347053603, -0.014169826699114993], [0.001561808656769631, 0.0008132663761623027, 0.9999984496745585, 0.024846760327607395], [0.004618232144380894, -0.9999890110505599, 0.0008060458939106452, 0.03313894218488314], [0.0, 0.0, 0.0, 1.0]]}, "Hobj2base": {"type": "ndarray", "data": [[0.999987440080601, 0.004971079333074049, -0.0006387889405297675, -0.735383906636196], [0.004971916994384845, -0.9999867733480723, 0.0013164992641154782, 0.08772772438204235], [-0.000632236069206944, -0.0013196587345800774, -0.9999989293886156, -0.002410844592086299], [0.0, 0.0, 0.0, 1.0]]}, "mean_rme": {"type": "float", "data": 0.0016176397120904863}, "max_rme": {"type": "float", "data": 0.004913852827637066}, "simu": {"type": "float", "data": 0.002}}, {"type": "dict", "image_number": {"type": "int", "data": 17}, "Hcamera2end": {"type": "ndarray", "data": [[0.9999883241243422, 0.004669692346363718, -0.0012432169479793377, -0.014214927160342668], [0.0012406414717119451, 0.0005543864195430848, 0.9999990767317921, 0.022815403538389872], [0.004670377257577739, -0.9999889432534184, 0.0005485865326111394, 0.03331069979991441], [0.0, 0.0, 0.0, 1.0]]}, "Hobj2base": {"type": "ndarray", "data": [[0.9999865844395834, 0.005165749093681324, -0.00038206957077015994, -0.7353709075332205], [0.00516615151837393, -0.999986093651194, 0.0010598975016883154, 0.08875987722456204], [-0.0003765890930186993, -0.001061857111862505, -0.9999993653198627, -0.0008850661780041439], [0.0, 0.0, 0.0, 1.0]]}, "mean_rme": {"type": "float", "data": 0.001559841326570625}, "max_rme": {"type": "float", "data": 0.004781318537669166}, "simu": {"type": "float", "data": 0.002}}, {"type": "dict", "image_number": {"type": "int", "data": 18}, "Hcamera2end": {"type": "ndarray", "data": [[0.9999874998792528, 0.004811142606656774, -0.0013612465095674392, -0.013609944774434002], [0.0013577985193291265, 0.0007198613007987076, 0.9999988190907468, 0.02255628615157505], [0.004812116833817038, -0.9999881672832563, 0.0007133197401378855, 0.03304710421492849], [0.0, 0.0, 0.0, 1.0]]}, "Hobj2base": {"type": "ndarray", "data": [[0.9999862498523513, 0.005207371677259409, -0.0006191820780194203, -0.734896823149001], [0.005208030095396702, -0.9999858693437209, 0.0010665530499924143, 0.089171531095606], [-0.0006136193904254763, -0.0010697631036273572, -0.9999992395387838, -0.000718816518591807], [0.0, 0.0, 0.0, 1.0]]}, "mean_rme": {"type": "float", "data": 0.001614511634863841}, "max_rme": {"type": "float", "data": 0.004762979835074843}, "simu": {"type": "float", "data": 0.002}}, {"type": "dict", "image_number": {"type": "int", "data": 19}, "Hcamera2end": {"type": "ndarray", "data": [[0.9999869859568316, 0.004995044000066921, -0.0010380040505218921, -0.013437728779890901], [0.0010351647012648165, 0.0005709850769878289, 0.9999993012047971, 0.021818187811075133], [0.004995633194376837, -0.9999873616758758, 0.0005658069529331788, 0.033077023611464196], [0.0, 0.0, 0.0, 1.0]]}, "Hobj2base": {"type": "ndarray", "data": [[0.9999851248055235, 0.005418428554445784, -0.0006251397300134887, -0.7349043561855896], [0.005419081368306064, -0.9999847681977336, 0.00104734409275803, 0.08961598827720932], [-0.0006194552488702021, -0.0010507161963744702, -0.9999992561350581, -0.000366002444466291], [0.0, 0.0, 0.0, 1.0]]}, "mean_rme": {"type": "float", "data": 0.0016412687731735473}, "max_rme": {"type": "float", "data": 0.0045139666172312465}, "simu": {"type": "float", "data": 0.002}}, {"type": "dict", "image_number": {"type": "int", "data": 20}, "Hcamera2end": {"type": "ndarray", "data": [[0.9999867182560523, 0.0050723570805308055, -0.0009135125276582873, -0.013630572241308148], [0.0009102617253178981, 0.0006431575608999429, 0.9999993788857787, 0.021855227472880462], [0.005072941462506827, -0.9999869286855702, 0.0006385318461383793, 0.032984235460656625], [0.0, 0.0, 0.0, 1.0]]}, "Hobj2base": {"type": "ndarray", "data": [[0.9999849134066374, 0.005444078457620115, -0.00073141565962725, -0.7347785299419067], [0.0054448656796929045, -0.9999845948529791, 0.001078654000654245, 0.08947625647269022], [-0.0007255321150532925, -0.0010826201874626525, -0.9999991507679791, -0.00043900807514781203], [0.0, 0.0, 0.0, 1.0]]}, "mean_rme": {"type": "float", "data": 0.0016416937587873121}, "max_rme": {"type": "float", "data": 0.004401527775090175}, "simu": {"type": "float", "data": 0.002}}, {"type": "dict", "image_number": {"type": "int", "data": 21}, "Hcamera2end": {"type": "ndarray", "data": [[0.999987121795059, 0.004970622045831728, -0.0010242853661932595, -0.013456574407685917], [0.0010208589208099547, 0.0006918275672962437, 0.9999992396105516, 0.021991263103822493], [0.004971326895076282, -0.9999874070662566, 0.0006867443539415596, 0.032877732082119915], [0.0, 0.0, 0.0, 1.0]]}, "Hobj2base": {"type": "ndarray", "data": [[0.9999854462527713, 0.005352628008378306, -0.000675763309046835, -0.7347854614298432], [0.005353271837188392, -0.9999852155418447, 0.0009545566340992434, 0.08962015251964309], [-0.0006706439316772066, -0.000958160286414201, -0.9999993160825575, -0.0005659658075541548], [0.0, 0.0, 0.0, 1.0]]}, "mean_rme": {"type": "float", "data": 0.0016353672671626305}, "max_rme": {"type": "float", "data": 0.004432904182831765}, "simu": {"type": "float", "data": 0.002}}, {"type": "dict", "image_number": {"type": "int", "data": 22}, "Hcamera2end": {"type": "ndarray", "data": [[0.9999822744356248, 0.005844957228918122, -0.0011345878312846802, -0.013687188504367093], [0.0011313761268095242, 0.000552760123390561, 0.9999992072218387, 0.021151930225165597], [0.005845579750073295, -0.9999827653171021, 0.0005461374803343855, 0.032996425068980935], [0.0, 0.0, 0.0, 1.0]]}, "Hobj2base": {"type": "ndarray", "data": [[0.9999803923611528, 0.006180803289972497, -0.0010062623542883068, -0.7348281840890583], [0.00618157771207726, -0.9999805987024224, 0.0007683200728718534, 0.0897889279496957], [-0.0010014939962587719, -0.0007745252968711163, -0.9999991985598486, 0.000378875847635836], [0.0, 0.0, 0.0, 1.0]]}, "mean_rme": {"type": "float", "data": 0.0016885823190725747}, "max_rme": {"type": "float", "data": 0.004572212256693575}, "simu": {"type": "float", "data": 0.002}}, {"type": "dict", "image_number": {"type": "int", "data": 23}, "Hcamera2end": {"type": "ndarray", "data": [[0.9999877642371187, 0.0048219897878056615, -0.001104441277357505, -0.013742231655432407], [0.0011016534535635675, 0.0005807658315587494, 0.9999992245350575, 0.021014942569817913], [0.004822627470278482, -0.9999882054932121, 0.0005754465637429762, 0.03294517992520623], [0.0, 0.0, 0.0, 1.0]]}, "Hobj2base": {"type": "ndarray", "data": [[0.9999858018320162, 0.0053117565798172575, -0.0004258831018011232, -0.7347227186419475], [0.00531206391565724, -0.9999856289494773, 0.0007237896620885874, 0.08996057718995784], [-0.0004220323869135475, -0.000726041703858746, -0.9999996473759925, 0.00046076061724151604], [0.0, 0.0, 0.0, 1.0]]}, "mean_rme": {"type": "float", "data": 0.0016227378351050283}, "max_rme": {"type": "float", "data": 0.00461485625206054}, "simu": {"type": "float", "data": 0.002}}, {"type": "dict", "image_number": {"type": "int", "data": 24}, "Hcamera2end": {"type": "ndarray", "data": [[0.9999842370573332, 0.005464380347831262, -0.0012908076066543111, -0.013826391842651258], [0.0012879153241257906, 0.0005327832118215969, 0.9999990287076117, 0.021162574504612494], [0.005465062760942741, -0.9999849282311524, 0.0005257371544035161, 0.032958052415027486], [0.0, 0.0, 0.0, 1.0]]}, "Hobj2base": {"type": "ndarray", "data": [[0.9999823841230482, 0.005888283390580532, -0.0007480389673321264, -0.7347686494743089], [0.005888757250305482, -0.9999824608630707, 0.0006328540773498721, 0.08968862390355682], [-0.0007442994232219299, -0.0006372479489627051, -0.9999995199665943, 0.0005067520241590351], [0.0, 0.0, 0.0, 1.0]]}, "mean_rme": {"type": "float", "data": 0.0015893899269326854}, "max_rme": {"type": "float", "data": 0.004704611905657852}, "simu": {"type": "float", "data": 0.002}}, {"type": "dict", "image_number": {"type": "int", "data": 25}, "Hcamera2end": {"type": "ndarray", "data": [[0.9999847118981238, 0.005375981089680296, -0.0012941396176259028, -0.013899106501644724], [0.0012918055333706728, 0.0004376186865987508, 0.9999990698637422, 0.021238598301851184], [0.0053765424289651045, -0.999985453552805, 0.0004306672741207773, 0.03294501747869754], [0.0, 0.0, 0.0, 1.0]]}, "Hobj2base": {"type": "ndarray", "data": [[0.99998248687398, 0.00588497102019538, -0.0006269461076987931, -0.7346302536304247], [0.005885413637239206, -0.9999824312284473, 0.0007064989464368767, 0.08968348194858825], [-0.0006227773672002717, -0.0007101764106038593, -0.9999995538988085, 0.0004629962713926905], [0.0, 0.0, 0.0, 1.0]]}, "mean_rme": {"type": "float", "data": 0.0015859889387949682}, "max_rme": {"type": "float", "data": 0.004674174613031434}, "simu": {"type": "float", "data": 0.002}}, {"type": "dict", "image_number": {"type": "int", "data": 26}, "Hcamera2end": {"type": "ndarray", "data": [[0.9999843684314339, 0.005471048046199401, -0.0011534843139009692, -0.014129481913653508], [0.0011495127217964513, 0.0007290179399808139, 0.9999990735762436, 0.0210566293313324], [0.00547188388844884, -0.9999847679670522, 0.0007227175049562273, 0.032728300289146466], [0.0, 0.0, 0.0, 1.0]]}, "Hobj2base": {"type": "ndarray", "data": [[0.9999822771605049, 0.005894454637042658, -0.0008371197184358315, -0.734665948637937], [0.005895283751631653, -0.9999821311708199, 0.0009914477057822253, 0.08957776115318722], [-0.0008312607165598461, -0.0009963651927879333, -0.9999991581306575, 0.0006832168621481555], [0.0, 0.0, 0.0, 1.0]]}, "mean_rme": {"type": "float", "data": 0.0015788541265024665}, "max_rme": {"type": "float", "data": 0.004624318685756301}, "simu": {"type": "float", "data": 0.002}}, {"type": "dict", "image_number": {"type": "int", "data": 27}, "Hcamera2end": {"type": "ndarray", "data": [[0.9999894233252409, 0.004486547570635184, -0.0010119923659013277, -0.014131272217483577], [0.0010087921783877326, 0.0007154907339134153, 0.9999992352053828, 0.020493122544545772], [0.004487268210508346, -0.999989679428696, 0.0007109571723034058, 0.03271880285084731], [0.0, 0.0, 0.0, 1.0]]}, "Hobj2base": {"type": "ndarray", "data": [[0.9999873162378523, 0.005028621074508663, -0.0002834316612858476, -0.734601767135464], [0.005028875542581982, -0.9999869461820272, 0.0009043651477209653, 0.09000890540348681], [-0.0002788802517796527, -0.0009057790195179708, -0.9999995508949855, 0.0010335028839042163], [0.0, 0.0, 0.0, 1.0]]}, "mean_rme": {"type": "float", "data": 0.001548436838120675}, "max_rme": {"type": "float", "data": 0.004599808550308504}, "simu": {"type": "float", "data": 0.002}}, {"type": "dict", "image_number": {"type": "int", "data": 28}, "Hcamera2end": {"type": "ndarray", "data": [[0.9999896111549847, 0.004432923949446121, -0.0010614929866578175, -0.014637959701652725], [0.001058725896229307, 0.0006265133706379045, 0.9999992432899503, 0.02031613727460284], [0.0044335856345569975, -0.99998997828291, 0.0006218136105062833, 0.03291668090154761], [0.0, 0.0, 0.0, 1.0]]}, "Hobj2base": {"type": "ndarray", "data": [[0.9999873954094272, 0.005017542876023281, -0.00018244384701926429, -0.7346848161442481], [0.005017700619484858, -0.9999870287169301, 0.0008746875886278952, 0.08947677701699744], [-0.00017805269800941445, -0.0008755920121531712, -0.9999996008178524, 0.0012112828898220077], [0.0, 0.0, 0.0, 1.0]]}, "mean_rme": {"type": "float", "data": 0.0016307918515180194}, "max_rme": {"type": "float", "data": 0.005249652972856178}, "simu": {"type": "float", "data": 0.002}}, {"type": "dict", "image_number": {"type": "int", "data": 29}, "Hcamera2end": {"type": "ndarray", "data": [[0.999989608203977, 0.00442689977083242, -0.0010890557725040523, -0.014546095322476808], [0.0010861306668168626, 0.000663107565864629, 0.9999991903039372, 0.020384976204375835], [0.0044276183475115026, -0.9999899813732008, 0.0006582924833861137, 0.032908090323619806], [0.0, 0.0, 0.0, 1.0]]}, "Hobj2base": {"type": "ndarray", "data": [[0.9999875016321748, 0.004995825069973541, -0.0001957327551568093, -0.7347237252906091], [0.004995985992395793, -0.9999871751337679, 0.0008304769417954775, 0.08955661561290112], [-0.00019158132738455034, -0.000831444440292205, -0.9999996359983028, 0.0011911123169102546], [0.0, 0.0, 0.0, 1.0]]}, "mean_rme": {"type": "float", "data": 0.0016203828194467926}, "max_rme": {"type": "float", "data": 0.0053158203418851024}, "simu": {"type": "float", "data": 0.002}}, {"type": "dict", "image_number": {"type": "int", "data": 30}, "Hcamera2end": {"type": "ndarray", "data": [[0.9999895200552935, 0.004477381014084381, -0.0009554259984739285, -0.014641082062546598], [0.0009522494615766825, 0.0007115412708397217, 0.9999992934647418, 0.02026699800751128], [0.004478057675685978, -0.9999897233313323, 0.0007072702302666212, 0.032755813709032536], [0.0, 0.0, 0.0, 1.0]]}, "Hobj2base": {"type": "ndarray", "data": [[0.9999873552306682, 0.0050280103401115096, -9.214550037500707e-05, -0.7347223169689943], [0.005028092496630575, -0.9999869411984441, 0.0009141763643056692, 0.08945155686436776], [-8.754780885278894e-05, -0.0009146281208554478, -0.9999995778953017, 0.001280295340000287], [0.0, 0.0, 0.0, 1.0]]}, "mean_rme": {"type": "float", "data": 0.0016377891084899197}, "max_rme": {"type": "float", "data": 0.005274465580305476}, "simu": {"type": "float", "data": 0.002}}]}