{"type": "list", "data": [{"type": "dict", "image_number": {"type": "int", "data": 5}, "Hcamera2end": {"type": "ndarray", "data": [[0.9999455467007355, -0.005088013991336468, -0.009111297766566252, -0.010987085224732136], [0.009117561530593999, 0.0012092465288155996, 0.9999577030027659, 0.0317454089056119], [-0.005076780978425528, -0.9999863248247228, 0.0012555709619870292, 0.03913408443935937], [0.0, 0.0, 0.0, 1.0]]}, "Hobj2base": {"type": "ndarray", "data": [[0.9999878547171562, -0.004905923395578951, 0.0004715228692762178, -0.7405634109255695], [-0.004904009586069154, -0.9999800641821457, -0.003977678751710033, 0.093764206060579], [0.0004910276563302932, 0.00397531808900555, -0.9999919778367885, -0.0077938207021291065], [0.0, 0.0, 0.0, 1.0]]}, "mean_rme": {"type": "float", "data": 0.002214637627611948}, "max_rme": {"type": "float", "data": 0.006011060054249451}, "simu": {"type": "float", "data": 0.002}}, {"type": "dict", "image_number": {"type": "int", "data": 6}, "Hcamera2end": {"type": "ndarray", "data": [[0.9999419983985774, -0.005835952165211957, -0.009052154494075803, -0.01348666918682638], [0.009058642458071734, 0.0010862498129220466, 0.9999583796629542, 0.03170899547910722], [-0.005825876369790126, -0.9999823807066149, 0.0011390526127604828, 0.039238740530759306], [0.0, 0.0, 0.0, 1.0]]}, "Hobj2base": {"type": "ndarray", "data": [[0.9999845104905232, -0.005562359645434728, 0.0001973175198411442, -0.7403167387286121], [-0.005561248711922253, -0.9999707896961747, -0.005243306892890418, 0.09129123310856253], [0.000226476914806083, 0.0052421283448355555, -0.9999862343045647, -0.009506659086472044], [0.0, 0.0, 0.0, 1.0]]}, "mean_rme": {"type": "float", "data": 0.0022638873096987714}, "max_rme": {"type": "float", "data": 0.006392143300411629}, "simu": {"type": "float", "data": 0.002}}, {"type": "dict", "image_number": {"type": "int", "data": 7}, "Hcamera2end": {"type": "ndarray", "data": [[0.9999595220818825, -0.00537377275792895, -0.007216423222017624, -0.011298904475483859], [0.007229871550594844, 0.002487379221546293, 0.9999707705238038, 0.031058671786714773], [-0.005355665704189709, -0.9999824676017847, 0.0025261302243957395, 0.033655798155952855], [0.0, 0.0, 0.0, 1.0]]}, "Hobj2base": {"type": "ndarray", "data": [[0.9999893527714433, -0.004478519706524585, -0.0011122971672517818, -0.7357948189358352], [-0.004482387548073954, -0.9999838305699504, -0.003499542901294626, 0.09422087473486239], [-0.0010966064101932652, 0.0035044913878337592, -0.9999932579745197, -0.007127823143095251], [0.0, 0.0, 0.0, 1.0]]}, "mean_rme": {"type": "float", "data": 0.0023730648571925242}, "max_rme": {"type": "float", "data": 0.005488406973650495}, "simu": {"type": "float", "data": 0.002}}, {"type": "dict", "image_number": {"type": "int", "data": 8}, "Hcamera2end": {"type": "ndarray", "data": [[0.999966188026313, -0.0030138788357268733, -0.007651100475617259, -0.012370622438615074], [0.007658381907731565, 0.0024118808300050976, 0.9999677654891768, 0.027663678718547073], [-0.0029953281422513385, -0.999992549654859, 0.0024348807147015483, 0.03330599864778939], [0.0, 0.0, 0.0, 1.0]]}, "Hobj2base": {"type": "ndarray", "data": [[0.9999970173130582, -0.0024411329090332826, 7.89626968057038e-05, -0.7356588059969629], [-0.002440809843520102, -0.9999895673508339, -0.0038610408959372008, 0.09077977716911229], [8.838718700978646e-05, 0.0038608366467333044, -0.9999925430362433, -0.0051790558171940365], [0.0, 0.0, 0.0, 1.0]]}, "mean_rme": {"type": "float", "data": 0.0020612892398851634}, "max_rme": {"type": "float", "data": 0.005305986225996373}, "simu": {"type": "float", "data": 0.002}}, {"type": "dict", "image_number": {"type": "int", "data": 9}, "Hcamera2end": {"type": "ndarray", "data": [[0.9999646454196779, -0.002695711989008751, -0.007964988861897556, -0.012553790463693912], [0.007970978303266027, 0.0022184376198599587, 0.9999657704338762, 0.02702960866775994], [-0.0026779498850239723, -0.9999939058171301, 0.002239846649705224, 0.03287900520796683], [0.0, 0.0, 0.0, 1.0]]}, "Hobj2base": {"type": "ndarray", "data": [[0.9999973897789285, -0.0022725910373507952, 0.00023614679068217112, -0.7355467873302347], [-0.0022715572668502784, -0.9999882204391906, -0.004289406770738095, 0.08973930345132414], [0.00024589207635942144, 0.004288859153479739, -0.9999907725695516, -0.005248427278292358], [0.0, 0.0, 0.0, 1.0]]}, "mean_rme": {"type": "float", "data": 0.0021750245492608033}, "max_rme": {"type": "float", "data": 0.00520496499175796}, "simu": {"type": "float", "data": 0.002}}, {"type": "dict", "image_number": {"type": "int", "data": 10}, "Hcamera2end": {"type": "ndarray", "data": [[0.9999654940304598, -0.003072539236044961, -0.007718176666902178, -0.012731149196130827], [0.007723448658175201, 0.0017076901153959545, 0.9999687155782896, 0.02706780474991779], [-0.00305926285942883, -0.9999938216294703, 0.0017313617889327393, 0.033062373519875635], [0.0, 0.0, 0.0, 1.0]]}, "Hobj2base": {"type": "ndarray", "data": [[0.9999962291225051, -0.0027346955425431203, 0.0002513584291574834, -0.7353165467082208], [-0.002733553924378224, -0.9999864284762185, -0.004435148962448332, 0.08989166220886195], [0.0002634837999387066, 0.004434445136224474, -0.9999901330876324, -0.005469366422896254], [0.0, 0.0, 0.0, 1.0]]}, "mean_rme": {"type": "float", "data": 0.002070049684095715}, "max_rme": {"type": "float", "data": 0.005199326165645751}, "simu": {"type": "float", "data": 0.002}}, {"type": "dict", "image_number": {"type": "int", "data": 11}, "Hcamera2end": {"type": "ndarray", "data": [[0.9999703551753948, -0.0019742541760746505, -0.007442519119424254, -0.012229885212700534], [0.007446311152827256, 0.0019203963473710672, 0.9999704318269037, 0.025094580862775686], [-0.0019599032144532536, -0.999996207191966, 0.0019350403284480455, 0.033002178315923635], [0.0, 0.0, 0.0, 1.0]]}, "Hobj2base": {"type": "ndarray", "data": [[0.9999984555666381, -0.001703558264443591, 0.00043214994858946024, -0.7354269073318694], [-0.0017018061435159404, -0.9999904600081708, -0.004022902993706237, 0.08936876007459589], [0.0004389990755244648, 0.004022161345163212, -0.9999918147154632, -0.0033993814865292808], [0.0, 0.0, 0.0, 1.0]]}, "mean_rme": {"type": "float", "data": 0.002020995293499666}, "max_rme": {"type": "float", "data": 0.005121701997574363}, "simu": {"type": "float", "data": 0.002}}, {"type": "dict", "image_number": {"type": "int", "data": 12}, "Hcamera2end": {"type": "ndarray", "data": [[0.9999725126539192, -0.0010958241050468605, -0.007333014805538883, -0.01275549613037739], [0.007335191546213218, 0.0019957575413585005, 0.9999711055409635, 0.02482283470577493], [-0.0010811575222030977, -0.9999974080573244, 0.0020037407629918125, 0.03293826794284514], [0.0, 0.0, 0.0, 1.0]]}, "Hobj2base": {"type": "ndarray", "data": [[0.9999992610140137, -0.0008488136674242718, 0.0008703371671436585, -0.7353641230805626], [-0.0008452177211017964, -0.9999911401183805, -0.004123747294046086, 0.08856261109571373], [0.0008738297491235788, 0.0041230086222576205, -0.9999911185712951, -0.0034995185402704743], [0.0, 0.0, 0.0, 1.0]]}, "mean_rme": {"type": "float", "data": 0.001995031323247997}, "max_rme": {"type": "float", "data": 0.004837423378977301}, "simu": {"type": "float", "data": 0.002}}, {"type": "dict", "image_number": {"type": "int", "data": 13}, "Hcamera2end": {"type": "ndarray", "data": [[0.999969016841015, -0.0012059039318394406, -0.0077788915483518115, -0.012717805664279344], [0.007781369274692643, 0.002063771001115211, 0.9999675950456925, 0.024521330906556917], [-0.0011898110037793183, -0.999997143318401, 0.0020730906427736118, 0.03217948050276724], [0.0, 0.0, 0.0, 1.0]]}, "Hobj2base": {"type": "ndarray", "data": [[0.9999991785484669, -0.0009178835208402991, 0.0008946464293640221, -0.7345727841264953], [-0.0009137319406615816, -0.9999888645692094, -0.004629884612344085, 0.08850277475845256], [0.0008988861618796888, 0.004629063342100164, -0.9999888818263143, -0.0032417979544598994], [0.0, 0.0, 0.0, 1.0]]}, "mean_rme": {"type": "float", "data": 0.001959472213933551}, "max_rme": {"type": "float", "data": 0.0049156713561785415}, "simu": {"type": "float", "data": 0.002}}, {"type": "dict", "image_number": {"type": "int", "data": 14}, "Hcamera2end": {"type": "ndarray", "data": [[0.9999704140443276, -0.00119759301647257, -0.0075984739904123395, -0.012667624532001601], [0.007600979572020133, 0.0021017034428161274, 0.9999689034925959, 0.024644323719525137], [-0.0011815860365666656, -0.9999970743025229, 0.002110744141964993, 0.03216450026843434], [0.0, 0.0, 0.0, 1.0]]}, "Hobj2base": {"type": "ndarray", "data": [[0.9999992191055934, -0.000863436401309739, 0.0009034742852980557, -0.734699832450954], [-0.0008592736628223219, -0.9999890610331856, -0.0045977671471895175, 0.08848160208080412], [0.0009074342817424608, 0.0045969872251604765, -0.9999890220754806, -0.003107158467854496], [0.0, 0.0, 0.0, 1.0]]}, "mean_rme": {"type": "float", "data": 0.0019925137562656838}, "max_rme": {"type": "float", "data": 0.00472452501842191}, "simu": {"type": "float", "data": 0.002}}, {"type": "dict", "image_number": {"type": "int", "data": 15}, "Hcamera2end": {"type": "ndarray", "data": [[0.9999727255184657, -0.001315099677988988, -0.007267649689429706, -0.012846158187002962], [0.007270141002310621, 0.0018996317518462646, 0.9999717678259789, 0.024647332767509463], [-0.0013012566917546898, -0.99999733095246, 0.001909140900466233, 0.032187342707566756], [0.0, 0.0, 0.0, 1.0]]}, "Hobj2base": {"type": "ndarray", "data": [[0.9999990881373022, -0.0010129230552806449, 0.0008931469354366858, -0.7346745679915923], [-0.0010088778696544813, -0.9999892847922474, -0.004518015729754091, 0.08857003835225136], [0.0008977137674785072, 0.004517110533766567, -0.9999893948549743, -0.003280544537259511], [0.0, 0.0, 0.0, 1.0]]}, "mean_rme": {"type": "float", "data": 0.0019493967611337662}, "max_rme": {"type": "float", "data": 0.00485236650684151}, "simu": {"type": "float", "data": 0.002}}, {"type": "dict", "image_number": {"type": "int", "data": 16}, "Hcamera2end": {"type": "ndarray", "data": [[0.9999721970973603, -0.0013115418684114008, -0.007340632820499225, -0.012842660520224161], [0.007342996914074746, 0.0018069000944540559, 0.9999714073454142, 0.024656919547430628], [-0.0012982405778110698, -0.9999975074818817, 0.001816480505279161, 0.03231886218195606], [0.0, 0.0, 0.0, 1.0]]}, "Hobj2base": {"type": "ndarray", "data": [[0.9999991251021174, -0.0010187395849245464, 0.0008437799819152255, -0.7347073443755713], [-0.0010148410135997225, -0.9999888682602651, -0.004607977134436688, 0.08863340759520821], [0.000848464917889351, 0.004607116800395149, -0.9999890272308347, -0.00328153708746632], [0.0, 0.0, 0.0, 1.0]]}, "mean_rme": {"type": "float", "data": 0.0018776141517784822}, "max_rme": {"type": "float", "data": 0.004808207005274845}, "simu": {"type": "float", "data": 0.002}}, {"type": "dict", "image_number": {"type": "int", "data": 17}, "Hcamera2end": {"type": "ndarray", "data": [[0.9999766093626219, -0.00112032327986913, -0.0067472663637157025, -0.013577159648955867], [0.006749832898521537, 0.002303132368181915, 0.9999745673451583, 0.024852257022974666], [-0.001104754939514824, -0.999996720223143, 0.002310640491379301, 0.03159899281247616], [0.0, 0.0, 0.0, 1.0]]}, "Hobj2base": {"type": "ndarray", "data": [[0.999999620618811, -0.0007818183818700483, 0.00038408625587988993, -0.7342508778857018], [-0.0007802402596397194, -0.9999913238320195, -0.004091880475114989, 0.08815360475197696], [0.00038728203085487494, 0.004091579243172497, -0.9999915544602993, -0.0033242888831971676], [0.0, 0.0, 0.0, 1.0]]}, "mean_rme": {"type": "float", "data": 0.001850897711422965}, "max_rme": {"type": "float", "data": 0.004932220128799597}, "simu": {"type": "float", "data": 0.002}}, {"type": "dict", "image_number": {"type": "int", "data": 18}, "Hcamera2end": {"type": "ndarray", "data": [[0.9999778426722595, -0.0005378029282693164, -0.006635128675782814, -0.013408581470875125], [0.006636370279053817, 0.002340723929139865, 0.999975239493962, 0.024520931001701357], [-0.0005222586075323376, -0.9999971158855898, 0.0023442411243217443, 0.0315424811917428], [0.0, 0.0, 0.0, 1.0]]}, "Hobj2base": {"type": "ndarray", "data": [[0.9999998722913157, -0.0002737124446673914, 0.0004248515622792816, -0.7344400937018783], [-0.0002720453765656108, -0.9999922837082007, -0.003918994178373998, 0.08812612156793082], [0.00042592096147785576, 0.0039188780989811624, -0.9999922304627069, -0.002876196699059561], [0.0, 0.0, 0.0, 1.0]]}, "mean_rme": {"type": "float", "data": 0.001870119075761105}, "max_rme": {"type": "float", "data": 0.004820611156581528}, "simu": {"type": "float", "data": 0.002}}, {"type": "dict", "image_number": {"type": "int", "data": 19}, "Hcamera2end": {"type": "ndarray", "data": [[0.9999777798323558, -0.0005594493130481764, -0.006642804981230802, -0.013402778538572833], [0.006644125446701664, 0.002392471847864064, 0.9999750655268889, 0.024460866953295735], [-0.000543542639565877, -0.9999969815429062, 0.002396135738155558, 0.03161987964836089], [0.0, 0.0, 0.0, 1.0]]}, "Hobj2base": {"type": "ndarray", "data": [[0.999999843803807, -0.00030069643910159274, 0.0004711411815640274, -0.7343514115447743], [-0.00029885944666734775, -0.9999923726873137, -0.003894258623492698, 0.08820235612267098], [0.00047230857772394145, 0.0038941172102315022, -0.9999923063582834, -0.002888973057595124], [0.0, 0.0, 0.0, 1.0]]}, "mean_rme": {"type": "float", "data": 0.0018768194180625562}, "max_rme": {"type": "float", "data": 0.004761325604348388}, "simu": {"type": "float", "data": 0.002}}, {"type": "dict", "image_number": {"type": "int", "data": 20}, "Hcamera2end": {"type": "ndarray", "data": [[0.9999798751506921, -0.0005613071180815606, -0.006319353442035319, -0.012952054660627928], [0.0063207491303969784, 0.0025205357677490214, 0.999976847246912, 0.024195135739652943], [-0.0005453659658967514, -0.9999966659113232, 0.0025240329238250814, 0.03223178558169712], [0.0, 0.0, 0.0, 1.0]]}, "Hobj2base": {"type": "ndarray", "data": [[0.99999991122343, -0.0002634227813962223, 0.00032887926399717077, -0.7350560948157454], [-0.00026224677512538667, -0.999993590513681, -0.0035707363645203515, 0.08886374199542632], [0.0003298177693548023, 0.003570649799996236, -0.999993570819455, -0.0027003148866170694], [0.0, 0.0, 0.0, 1.0]]}, "mean_rme": {"type": "float", "data": 0.0019219797641345058}, "max_rme": {"type": "float", "data": 0.0049576732965470605}, "simu": {"type": "float", "data": 0.002}}, {"type": "dict", "image_number": {"type": "int", "data": 21}, "Hcamera2end": {"type": "ndarray", "data": [[0.9999806276063528, -0.000668043775074352, -0.006188548256216411, -0.013124212190644515], [0.006190056414113359, 0.002279619683288492, 0.9999782430311619, 0.02423119248164701], [-0.0006539217040509035, -0.9999971785218267, 0.002283710750253465, 0.03250346080562476], [0.0, 0.0, 0.0, 1.0]]}, "Hobj2base": {"type": "ndarray", "data": [[0.9999998209028337, -0.0004024008039064234, 0.0004430213239999312, -0.7351681422559683], [-0.00040070291195708517, -0.9999926006686641, -0.003825969824460729, 0.08895097702783004], [0.0004445576192714509, 0.003825791619305789, -0.999992582815997, -0.0027943038780534426], [0.0, 0.0, 0.0, 1.0]]}, "mean_rme": {"type": "float", "data": 0.0018849557050249933}, "max_rme": {"type": "float", "data": 0.004798585233817598}, "simu": {"type": "float", "data": 0.002}}, {"type": "dict", "image_number": {"type": "int", "data": 22}, "Hcamera2end": {"type": "ndarray", "data": [[0.9999805791649765, 6.803649664904442e-06, -0.006232274591870039, -0.012875524310454613], [0.006232243262500483, 0.002261797684904643, 0.9999780214660468, 0.024473195649034395], [2.0899644374241036e-05, -0.9999974421091999, 0.002261711356905227, 0.03246680486597108], [0.0, 0.0, 0.0, 1.0]]}, "Hobj2base": {"type": "ndarray", "data": [[0.999999756091564, 0.0002133859588706286, 0.0006650437918860425, -0.7352289495090782], [0.00021589745265082115, -0.9999928375605791, -0.0037786526476091264, 0.08913369677663018], [0.0006642327171317216, 0.0037787953072244383, -0.9999926397233749, -0.002913729107375655], [0.0, 0.0, 0.0, 1.0]]}, "mean_rme": {"type": "float", "data": 0.0019036239027188106}, "max_rme": {"type": "float", "data": 0.004817804432452943}, "simu": {"type": "float", "data": 0.002}}, {"type": "dict", "image_number": {"type": "int", "data": 23}, "Hcamera2end": {"type": "ndarray", "data": [[0.9999815288251017, 0.00010751380738829386, -0.0060770428164893635, -0.012860154468048706], [0.0060767964712698935, 0.00215981981634239, 0.9999792036452596, 0.024432481720088214], [0.00012063688899283066, -0.9999976618068375, 0.002159126582407467, 0.03249828981761235], [0.0, 0.0, 0.0, 1.0]]}, "Hobj2base": {"type": "ndarray", "data": [[0.9999996775016676, 0.0003293727649554826, 0.000732468526582396, -0.7351815148981781], [0.0003320083305734699, -0.9999934612975145, -0.0036009905144704655, 0.08925295469374778], [0.0007312776689862909, 0.0036012325388097375, -0.9999932481557927, -0.002931028971706309], [0.0, 0.0, 0.0, 1.0]]}, "mean_rme": {"type": "float", "data": 0.001856032223075045}, "max_rme": {"type": "float", "data": 0.004904539241723516}, "simu": {"type": "float", "data": 0.002}}, {"type": "dict", "image_number": {"type": "int", "data": 24}, "Hcamera2end": {"type": "ndarray", "data": [[0.9999810487073344, 0.00013550224381233362, -0.0061549870285513165, -0.012778464338187905], [0.00615467733363324, 0.0021782313511998774, 0.999978687400436, 0.024417156932180897], [0.00014890634161908878, -0.9999976184708251, 0.0021773560983114892, 0.03247034483039741], [0.0, 0.0, 0.0, 1.0]]}, "Hobj2base": {"type": "ndarray", "data": [[0.9999997157070043, 0.0003404548800168757, 0.0006728122956782207, -0.7351423516778429], [0.0003428541855839092, -0.9999935716369517, -0.0035691925950009787, 0.08925371751162853], [0.0006715928215598325, 0.003569422256816209, -0.9999934040721641, -0.002875527239239735], [0.0, 0.0, 0.0, 1.0]]}, "mean_rme": {"type": "float", "data": 0.0018002067914974092}, "max_rme": {"type": "float", "data": 0.00492860964979791}, "simu": {"type": "float", "data": 0.002}}, {"type": "dict", "image_number": {"type": "int", "data": 25}, "Hcamera2end": {"type": "ndarray", "data": [[0.99998139662585, 0.00010328367649250396, -0.006098830600759098, -0.012759496582773786], [0.006098629946301809, 0.001842833288560275, 0.9999797051331836, 0.024306291791178613], [0.0001145207084164144, -0.9999982966475258, 0.0018421691167207488, 0.03278187864671066], [0.0, 0.0, 0.0, 1.0]]}, "Hobj2base": {"type": "ndarray", "data": [[0.9999995820467257, 0.0003032001603575664, 0.0008625404551399678, -0.7349939330985055], [0.00030641619005438564, -0.9999929933356453, -0.0037308697021092067, 0.08941706891094486], [0.0008614032113165538, 0.00373113243914003, -0.9999926682907374, -0.002885979815022395], [0.0, 0.0, 0.0, 1.0]]}, "mean_rme": {"type": "float", "data": 0.0018512106683819234}, "max_rme": {"type": "float", "data": 0.006081866458302665}, "simu": {"type": "float", "data": 0.002}}, {"type": "dict", "image_number": {"type": "int", "data": 26}, "Hcamera2end": {"type": "ndarray", "data": [[0.9999830998716313, 5.143771438855102e-05, -0.00581354670443348, -0.012833094488989134], [0.005813451066772257, 0.001696772724653517, 0.9999816622063702, 0.024232360613807975], [6.130103861594132e-05, -0.9999985591572031, 0.0016964450183410973, 0.032727485274847985], [0.0, 0.0, 0.0, 1.0]]}, "Hobj2base": {"type": "ndarray", "data": [[0.9999995427483205, 0.00022722833752467683, 0.0009289081937990125, -0.7348487391782577], [0.00023057914596894187, -0.9999934618911193, -0.003608740538141993, 0.08946779066768668], [0.0009280821123830615, 0.0036089530748973303, -0.9999930570365454, -0.003006015855414471], [0.0, 0.0, 0.0, 1.0]]}, "mean_rme": {"type": "float", "data": 0.0018347728467021517}, "max_rme": {"type": "float", "data": 0.0060590009017421065}, "simu": {"type": "float", "data": 0.002}}, {"type": "dict", "image_number": {"type": "int", "data": 27}, "Hcamera2end": {"type": "ndarray", "data": [[0.9999835599495558, -0.00011650131252007902, -0.00573291008628135, -0.012846544535523394], [0.00573308315577915, 0.0015438975410443367, 0.9999823739136162, 0.0242652064318762], [-0.00010764823327264351, -0.9999988014031951, 0.001544540071003242, 0.03293496727382838], [0.0, 0.0, 0.0, 1.0]]}, "Hobj2base": {"type": "ndarray", "data": [[0.9999996108551722, 5.481299481246942e-05, 0.0008805027199475285, -0.7349452573499504], [5.808986781389541e-05, -0.9999930716508576, -0.003721998905142819, 0.08955996319588592], [0.0008802926056105842, 0.003722048605032807, -0.9999926856928054, -0.0029028517074586643], [0.0, 0.0, 0.0, 1.0]]}, "mean_rme": {"type": "float", "data": 0.001814962761743088}, "max_rme": {"type": "float", "data": 0.006025483001408816}, "simu": {"type": "float", "data": 0.002}}, {"type": "dict", "image_number": {"type": "int", "data": 28}, "Hcamera2end": {"type": "ndarray", "data": [[0.9999844617893038, 2.6130660331995757e-06, -0.0055746007147065135, -0.013048623569017873], [0.005574591637683288, 0.0013957422257315777, 0.9999834877795293, 0.02432541429147892], [1.0393728494785363e-05, -0.999999025947931, 0.0013957059716187548, 0.03319149382179545], [0.0, 0.0, 0.0, 1.0]]}, "Hobj2base": {"type": "ndarray", "data": [[0.9999993630910543, 0.00019054520159973043, 0.0011124342730936354, -0.7351669321636056], [0.00019488729804315432, -0.9999923586703414, -0.0039044359219369824, 0.08954360357055915], [0.0011116818010867525, 0.0039046502344765497, -0.999991758901102, -0.0029272625437147992], [0.0, 0.0, 0.0, 1.0]]}, "mean_rme": {"type": "float", "data": 0.0018124476428594356}, "max_rme": {"type": "float", "data": 0.006034542590787284}, "simu": {"type": "float", "data": 0.002}}, {"type": "dict", "image_number": {"type": "int", "data": 29}, "Hcamera2end": {"type": "ndarray", "data": [[0.9999843872500999, -0.00013350183195371453, -0.005586361365247385, -0.01293087442834147], [0.00558653485216616, 0.001336531678429842, 0.9999835020196174, 0.024306680164983715], [-0.00012603328051130017, -0.9999990979297598, 0.0013372566241320882, 0.03312258685640938], [0.0, 0.0, 0.0, 1.0]]}, "Hobj2base": {"type": "ndarray", "data": [[0.9999994824687154, 3.284348648252179e-05, 0.0010168498447632728, -0.7350475187907637], [3.679683210976274e-05, -0.9999924407828451, -0.0038880616200477626, 0.0895495065445642], [0.001016714460675221, 0.0038880970247072567, -0.9999919244640088, -0.002861281965737508], [0.0, 0.0, 0.0, 1.0]]}, "mean_rme": {"type": "float", "data": 0.0017996480134157148}, "max_rme": {"type": "float", "data": 0.006025069421914719}, "simu": {"type": "float", "data": 0.002}}, {"type": "dict", "image_number": {"type": "int", "data": 30}, "Hcamera2end": {"type": "ndarray", "data": [[0.9999837102044533, 4.0101428506521784e-05, -0.005707689340825899, -0.012821082477741273], [0.005707636028932733, 0.0012230988590095082, 0.9999829633149466, 0.024296109733624678], [4.708181363145781e-05, -0.9999992512102478, 0.0012228500506209494, 0.033208632633300754], [0.0, 0.0, 0.0, 1.0]]}, "Hobj2base": {"type": "ndarray", "data": [[0.9999994402320502, 0.00019461864365994435, 0.0010400284465646573, -0.7350234322776928], [0.00019889453367959108, -0.9999915226244271, -0.004112799562671493, 0.08947582847296899], [0.0010392192023803777, 0.004113004116431007, -0.9999910015698072, -0.0028602142884951295], [0.0, 0.0, 0.0, 1.0]]}, "mean_rme": {"type": "float", "data": 0.001784156448870691}, "max_rme": {"type": "float", "data": 0.0059465329879153095}, "simu": {"type": "float", "data": 0.002}}]}